{
"highlevel": {
    "danceability": {
        "all": {
            "danceable": 0.975740551949,
            "not_danceable": 0.0242594666779
        },
        "probability": 0.975740551949,
        "value": "danceable"
    },
    "gender": {
        "all": {
            "female": 0.220159783959,
            "male": 0.779840230942
        },
        "probability": 0.779840230942,
        "value": "male"
    },
    "genre_dortmund": {
        "all": {
            "alternative": 0.067633241415,
            "blues": 0.0113113252446,
            "electronic": 0.122768588364,
            "folkcountry": 0.0283381454647,
            "funksoulrnb": 0.0529913194478,
            "jazz": 0.367861151695,
            "pop": 0.0790311843157,
            "raphiphop": 0.241721078753,
            "rock": 0.0283439457417
        },
        "probability": 0.367861151695,
        "value": "jazz"
    },
    "genre_electronic": {
        "all": {
            "ambient": 0.594151854515,
            "dnb": 0.0557008646429,
            "house": 0.256423860788,
            "techno": 0.0215087756515,
            "trance": 0.0722146630287
        },
        "probability": 0.594151854515,
        "value": "ambient"
    },
    "genre_rosamerica": {
        "all": {
            "cla": 0.0112347798422,
            "dan": 0.192637756467,
            "hip": 0.283262938261,
            "jaz": 0.0459773018956,
            "pop": 0.0504226945341,
            "rhy": 0.387004971504,
            "roc": 0.0123236430809,
            "spe": 0.0171358920634
        },
        "probability": 0.387004971504,
        "value": "rhy"
    },
    "genre_tzanetakis": {
        "all": {
            "blu": 0.0626613423228,
            "cla": 0.0348169617355,
            "cou": 0.104475811124,
            "dis": 0.0784321576357,
            "hip": 0.15692435205,
            "jaz": 0.313974827528,
            "met": 0.0448166541755,
            "pop": 0.0627359300852,
            "reg": 0.0627360641956,
            "roc": 0.0784258767962
        },
        "probability": 0.313974827528,
        "value": "jaz"
    },
    "ismir04_rhythm": {
        "all": {
            "ChaChaCha": 0.0299310162663,
            "Jive": 0.011368622072,
            "Quickstep": 0.133538946509,
            "Rumba-American": 0.0327909700572,
            "Rumba-International": 0.0426713675261,
            "Rumba-Misc": 0.0328457914293,
            "Samba": 0.684131145477,
            "Tango": 0.0173354670405,
            "VienneseWaltz": 0.00730726215988,
            "Waltz": 0.0080794217065
        },
        "probability": 0.684131145477,
        "value": "Samba"
    },
    "mood_acoustic": {
        "all": {
            "acoustic": 0.617149651051,
            "not_acoustic": 0.382850348949
        },
        "probability": 0.617149651051,
        "value": "acoustic"
    },
    "mood_aggressive": {
        "all": {
            "aggressive": 0.00917622726411,
            "not_aggressive": 0.990823745728
        },
        "probability": 0.990823745728,
        "value": "not_aggressive"
    },
    "mood_electronic": {
        "all": {
            "electronic": 0.639042019844,
            "not_electronic": 0.360957980156
        },
        "probability": 0.639042019844,
        "value": "electronic"
    },
    "mood_happy": {
        "all": {
            "happy": 0.306186527014,
            "not_happy": 0.693813443184
        },
        "probability": 0.693813443184,
        "value": "not_happy"
    },
    "mood_party": {
        "all": {
            "not_party": 0.494413852692,
            "party": 0.505586147308
        },
        "probability": 0.505586147308,
        "value": "party"
    },
    "mood_relaxed": {
        "all": {
            "not_relaxed": 0.856387495995,
            "relaxed": 0.143612489104
        },
        "probability": 0.856387495995,
        "value": "not_relaxed"
    },
    "mood_sad": {
        "all": {
            "not_sad": 0.192652195692,
            "sad": 0.807347774506
        },
        "probability": 0.807347774506,
        "value": "sad"
    },
    "moods_mirex": {
        "all": {
            "Cluster1": 0.393556386232,
            "Cluster2": 0.203314468265,
            "Cluster3": 0.131162390113,
            "Cluster4": 0.201529592276,
            "Cluster5": 0.0704371482134
        },
        "probability": 0.393556386232,
        "value": "Cluster1"
    },
    "timbre": {
        "all": {
            "bright": 0.999999940395,
            "dark": 8.30360633586e-08
        },
        "probability": 0.999999940395,
        "value": "bright"
    },
    "tonal_atonal": {
        "all": {
            "atonal": 0.0109269246459,
            "tonal": 0.989073097706
        },
        "probability": 0.989073097706,
        "value": "tonal"
    },
    "voice_instrumental": {
        "all": {
            "instrumental": 0.194713279605,
            "voice": 0.805286705494
        },
        "probability": 0.805286705494,
        "value": "voice"
    }
},
"lowlevel": {
    "average_loudness": 0.983955860138,
    "barkbands_crest": {
        "dmean": 3.53208899498,
        "dmean2": 5.47878551483,
        "dvar": 9.07809734344,
        "dvar2": 21.6057682037,
        "max": 25.8070964813,
        "mean": 13.4981918335,
        "median": 12.70470047,
        "min": 2.77438855171,
        "var": 24.4245910645
    },
    "barkbands_flatness_db": {
        "dmean": 0.0379685014486,
        "dmean2": 0.0577159337699,
        "dvar": 0.00171050673816,
        "dvar2": 0.00395873561502,
        "max": 0.411344468594,
        "mean": 0.202044382691,
        "median": 0.197107359767,
        "min": 0.0557348281145,
        "var": 0.00400809198618
    },
    "barkbands_kurtosis": {
        "dmean": 10.2909736633,
        "dmean2": 15.9088993073,
        "dvar": 427.586334229,
        "dvar2": 1029.11315918,
        "max": 232.591049194,
        "mean": 12.5703487396,
        "median": 5.24702739716,
        "min": -1.92406380177,
        "var": 580.959899902
    },
    "barkbands_skewness": {
        "dmean": 1.10675394535,
        "dmean2": 1.67827677727,
        "dvar": 1.96051573753,
        "dvar2": 4.324696064,
        "max": 13.9793319702,
        "mean": 2.42016768456,
        "median": 2.02408003807,
        "min": -2.6382317543,
        "var": 4.51340913773
    },
    "barkbands_spread": {
        "dmean": 9.36671257019,
        "dmean2": 15.4601612091,
        "dvar": 196.080169678,
        "dvar2": 451.235626221,
        "max": 120.860359192,
        "mean": 18.3921260834,
        "median": 13.7400255203,
        "min": 0.761057078838,
        "var": 288.680877686
    },
    "dissonance": {
        "dmean": 0.034557107836,
        "dmean2": 0.0559112764895,
        "dvar": 0.00104017183185,
        "dvar2": 0.00252062943764,
        "max": 0.499999970198,
        "mean": 0.430104792118,
        "median": 0.442006766796,
        "min": 0.126250892878,
        "var": 0.00237303995527
    },
    "dynamic_complexity": 2.87917590141,
    "erbbands_crest": {
        "dmean": 3.33308577538,
        "dmean2": 5.3162021637,
        "dvar": 9.51373958588,
        "dvar2": 22.9491558075,
        "max": 30.7024555206,
        "mean": 10.8225412369,
        "median": 9.88772106171,
        "min": 2.66864490509,
        "var": 23.5608692169
    },
    "erbbands_flatness_db": {
        "dmean": 0.0284576620907,
        "dmean2": 0.0380860567093,
        "dvar": 0.000913123600185,
        "dvar2": 0.00155889696907,
        "max": 0.420041412115,
        "mean": 0.167872071266,
        "median": 0.162256985903,
        "min": 0.0631471350789,
        "var": 0.00303009152412
    },
    "erbbands_kurtosis": {
        "dmean": 2.09117841721,
        "dmean2": 3.07763266563,
        "dvar": 5.66882896423,
        "dvar2": 12.0524568558,
        "max": 24.6627902985,
        "mean": 2.70631527901,
        "median": 1.52610206604,
        "min": -1.83444130421,
        "var": 18.9160079956
    },
    "erbbands_skewness": {
        "dmean": 0.568904161453,
        "dmean2": 0.881279945374,
        "dvar": 0.320443689823,
        "dvar2": 0.751910030842,
        "max": 4.23012447357,
        "mean": 0.886785030365,
        "median": 0.909668385983,
        "min": -3.05554771423,
        "var": 0.730099022388
    },
    "erbbands_spread": {
        "dmean": 17.8586425781,
        "dmean2": 24.3022117615,
        "dvar": 432.013397217,
        "dvar2": 751.61505127,
        "max": 169.160751343,
        "mean": 44.1098632812,
        "median": 32.2491531372,
        "min": 3.90417480469,
        "var": 1109.4519043
    },
    "hfc": {
        "dmean": 9.61693382263,
        "dmean2": 14.3222818375,
        "dvar": 205.079696655,
        "dvar2": 507.661407471,
        "max": 99.7096557617,
        "mean": 16.8050937653,
        "median": 12.626868248,
        "min": 0.0780656561255,
        "var": 261.794769287
    },
    "melbands_crest": {
        "dmean": 4.13485765457,
        "dmean2": 6.35599994659,
        "dvar": 13.5020208359,
        "dvar2": 31.7800693512,
        "max": 33.5247001648,
        "mean": 17.5063972473,
        "median": 17.0451622009,
        "min": 3.56318974495,
        "var": 36.7933235168
    },
    "melbands_flatness_db": {
        "dmean": 0.045097719878,
        "dmean2": 0.0681998133659,
        "dvar": 0.00267375307158,
        "dvar2": 0.00627470575273,
        "max": 0.556992888451,
        "mean": 0.257065743208,
        "median": 0.249035105109,
        "min": 0.0304773058742,
        "var": 0.00700815860182
    },
    "melbands_kurtosis": {
        "dmean": 29.800491333,
        "dmean2": 47.2117614746,
        "dvar": 4473.09912109,
        "dvar2": 10048.40625,
        "max": 591.436279297,
        "mean": 37.1318969727,
        "median": 12.6437225342,
        "min": -1.78774344921,
        "var": 5775.44824219
    },
    "melbands_skewness": {
        "dmean": 1.61762964725,
        "dmean2": 2.35699486732,
        "dvar": 4.94469356537,
        "dvar2": 10.7509040833,
        "max": 18.9811038971,
        "mean": 3.67020201683,
        "median": 2.85346889496,
        "min": -0.588239014149,
        "var": 10.6694812775
    },
    "melbands_spread": {
        "dmean": 8.19341564178,
        "dmean2": 13.0443096161,
        "dvar": 308.68661499,
        "dvar2": 674.962524414,
        "max": 233.188751221,
        "mean": 17.1470165253,
        "median": 12.8437709808,
        "min": 0.63245922327,
        "var": 484.471618652
    },
    "pitch_salience": {
        "dmean": 0.0903081148863,
        "dmean2": 0.140551477671,
        "dvar": 0.00705377897248,
        "dvar2": 0.016071209684,
        "max": 0.811166405678,
        "mean": 0.482132971287,
        "median": 0.49073317647,
        "min": 0.067779712379,
        "var": 0.0220970921218
    },
    "silence_rate_20dB": {
        "dmean": 0,
        "dmean2": 0,
        "dvar": 0,
        "dvar2": 0,
        "max": 1,
        "mean": 1,
        "median": 1,
        "min": 1,
        "var": 0
    },
    "silence_rate_30dB": {
        "dmean": 0.071207433939,
        "dmean2": 0.142525181174,
        "dvar": 0.0661372169852,
        "dvar2": 0.143900126219,
        "max": 1,
        "mean": 0.937354981899,
        "median": 1,
        "min": 0,
        "var": 0.0587208420038
    },
    "silence_rate_60dB": {
        "dmean": 0.0534055717289,
        "dmean2": 0.106119289994,
        "dvar": 0.0505539923906,
        "dvar2": 0.108800582588,
        "max": 1,
        "mean": 0.0711523592472,
        "median": 0,
        "min": 0,
        "var": 0.0660901665688
    },
    "spectral_centroid": {
        "dmean": 334.913848877,
        "dmean2": 541.53717041,
        "dvar": 272292.5,
        "dvar2": 620167,
        "max": 5399.91455078,
        "mean": 910.379150391,
        "median": 735.689025879,
        "min": 197.995758057,
        "var": 453403.8125
    },
    "spectral_complexity": {
        "dmean": 3.77631568909,
        "dmean2": 5.52207612991,
        "dvar": 26.3655948639,
        "dvar2": 50.438457489,
        "max": 46,
        "mean": 11.2026290894,
        "median": 10,
        "min": 0,
        "var": 57.6557769775
    },
    "spectral_decrease": {
        "dmean": 5.00420282989e-09,
        "dmean2": 8.05988520369e-09,
        "dvar": 7.16137637193e-17,
        "dvar2": 1.67598306457e-16,
        "max": -2.14770111417e-11,
        "mean": -8.39504377126e-09,
        "median": -4.75147476919e-09,
        "min": -5.07488735479e-08,
        "var": 9.97102833311e-17
    },
    "spectral_energy": {
        "dmean": 0.0195145402104,
        "dmean2": 0.0312773138285,
        "dvar": 0.00105712830555,
        "dvar2": 0.00246889633127,
        "max": 0.195814073086,
        "mean": 0.033209066838,
        "median": 0.0191466640681,
        "min": 9.22031103983e-05,
        "var": 0.00148875953164
    },
    "spectral_energyband_high": {
        "dmean": 0.000762227398809,
        "dmean2": 0.00115916482173,
        "dvar": 1.65749986536e-06,
        "dvar2": 4.02695286539e-06,
        "max": 0.00872023124248,
        "mean": 0.000918327772524,
        "median": 0.000258303451119,
        "min": 1.37604132533e-07,
        "var": 1.91971730601e-06
    },
    "spectral_energyband_low": {
        "dmean": 0.0121110361069,
        "dmean2": 0.0201815068722,
        "dvar": 0.000918058969546,
        "dvar2": 0.00210414291359,
        "max": 0.181122645736,
        "mean": 0.0171535741538,
        "median": 0.00532588036731,
        "min": 4.34104263647e-09,
        "var": 0.00124858156778
    },
    "spectral_energyband_middle_high": {
        "dmean": 0.00133711635135,
        "dmean2": 0.00184199423529,
        "dvar": 2.81088932752e-06,
        "dvar2": 5.38661288374e-06,
        "max": 0.0296629406512,
        "mean": 0.00304174656048,
        "median": 0.00149397971109,
        "min": 9.82473557087e-06,
        "var": 1.65710025612e-05
    },
    "spectral_energyband_middle_low": {
        "dmean": 0.00901157502085,
        "dmean2": 0.0143061559647,
        "dvar": 0.000258508633124,
        "dvar2": 0.000658995355479,
        "max": 0.110744863749,
        "mean": 0.0130584798753,
        "median": 0.00773713411763,
        "min": 2.58991622104e-05,
        "var": 0.000283770554233
    },
    "spectral_entropy": {
        "dmean": 0.341641992331,
        "dmean2": 0.502318382263,
        "dvar": 0.157366469502,
        "dvar2": 0.333514332771,
        "max": 8.68103504181,
        "mean": 7.31280755997,
        "median": 7.28725385666,
        "min": 5.36262607574,
        "var": 0.376463204622
    },
    "spectral_flux": {
        "dmean": 0.0462808683515,
        "dmean2": 0.0711831972003,
        "dvar": 0.00355782895349,
        "dvar2": 0.00772252073511,
        "max": 0.408603191376,
        "mean": 0.0984207093716,
        "median": 0.0698747709394,
        "min": 0.00506595754996,
        "var": 0.00655856262892
    },
    "spectral_kurtosis": {
        "dmean": 2.46640086174,
        "dmean2": 3.4533495903,
        "dvar": 12.9571895599,
        "dvar2": 25.2899246216,
        "max": 50.4442634583,
        "mean": 4.82489013672,
        "median": 3.1540389061,
        "min": -1.21728599072,
        "var": 29.6112632751
    },
    "spectral_rms": {
        "dmean": 0.00144057511352,
        "dmean2": 0.00213167653419,
        "dvar": 3.78647041543e-06,
        "dvar2": 7.91282673163e-06,
        "max": 0.0138216540217,
        "mean": 0.00495500909165,
        "median": 0.00432199845091,
        "min": 0.000299923762213,
        "var": 7.84693838796e-06
    },
    "spectral_rolloff": {
        "dmean": 813.597717285,
        "dmean2": 1450.46411133,
        "dvar": 3591141.75,
        "dvar2": 8199382,
        "max": 12101.6601562,
        "mean": 1304.16882324,
        "median": 689.0625,
        "min": 64.599609375,
        "var": 4734606
    },
    "spectral_skewness": {
        "dmean": 0.433401346207,
        "dmean2": 0.572637319565,
        "dvar": 0.213185414672,
        "dvar2": 0.379116564989,
        "max": 5.12921619415,
        "mean": 1.81816399097,
        "median": 1.75777745247,
        "min": -0.122325047851,
        "var": 0.693078100681
    },
    "spectral_spread": {
        "dmean": 1253845.25,
        "dmean2": 1645752.875,
        "dvar": 1.9285386199e+12,
        "dvar2": 3.35431755366e+12,
        "max": 17583268,
        "mean": 6455508,
        "median": 6035364,
        "min": 1111713.625,
        "var": 6.06920559821e+12
    },
    "spectral_strongpeak": {
        "dmean": 0.440318137407,
        "dmean2": 0.714641749859,
        "dvar": 0.361929029226,
        "dvar2": 0.819276750088,
        "max": 5.81351995468,
        "mean": 0.859155118465,
        "median": 0.559522747993,
        "min": 0,
        "var": 0.747773706913
    },
    "zerocrossingrate": {
        "dmean": 0.018287871033,
        "dmean2": 0.0221194047481,
        "dvar": 0.000592763884924,
        "dvar2": 0.000679014774505,
        "max": 0.36865234375,
        "mean": 0.0591549128294,
        "median": 0.04833984375,
        "min": 0.00390625,
        "var": 0.00242462521419
    },
    "barkbands": {
        "dmean": [6.73622489558e-05, 0.00826405081898, 0.00702931918204, 0.002411008114, 0.00501668127254, 0.000540396664292, 0.00103178736754, 0.000688190746587, 0.000942535814829, 0.000629206886515, 0.000382093625376, 0.000210420272197, 0.000222447837587, 0.000212517945329, 0.000124927828438, 6.46042099106e-05, 6.47823399049e-05, 2.7231486456e-05, 0.000101234589238, 6.86924468027e-05, 0.00015276618069, 0.000155754663865, 0.000119184674986, 0.000130831336719, 0.000169522812939, 7.99625049694e-05, 1.03617168179e-07],
        "dmean2": [0.000112734647701, 0.0129273859784, 0.0113156260923, 0.00450340798125, 0.0078264111653, 0.000874375109561, 0.00166455376893, 0.00101614114828, 0.00134680210613, 0.000861257954966, 0.000551114149857, 0.000296884274576, 0.000342784856912, 0.000320596707752, 0.000198952751816, 0.000105637460365, 0.000115326685773, 4.25130056101e-05, 0.000172409971128, 0.000114431531983, 0.000240415814915, 0.000237995278439, 0.000176077344804, 0.000207625460462, 0.000262300338363, 0.000134082220029, 1.93519056779e-07],
        "dvar": [1.49609125089e-08, 0.000430801854236, 0.000460641575046, 4.93165534863e-05, 0.000123897378216, 9.59478597906e-07, 3.37571600539e-06, 4.06416393162e-06, 3.42874341186e-06, 1.93778328139e-06, 1.23352094761e-06, 1.34385217621e-07, 1.58186153953e-07, 1.2929535842e-07, 3.92804651028e-08, 1.64349742704e-08, 3.83623977029e-08, 2.42480591162e-09, 4.98375172242e-08, 1.68568199399e-08, 8.5729816135e-08, 7.29272713329e-08, 3.77790740913e-08, 7.49992423721e-08, 1.05568197739e-07, 3.50288225093e-08, 1.17418078841e-13],
        "dvar2": [4.2422637847e-08, 0.00115050619934, 0.00116283888929, 0.000143812751048, 0.000283904315438, 2.37391805058e-06, 8.26155246614e-06, 6.21451863481e-06, 6.71452789902e-06, 3.16411933454e-06, 1.93758341993e-06, 2.75192803656e-07, 3.60974439673e-07, 2.84688468355e-07, 9.21722502767e-08, 4.29241140409e-08, 1.115005972e-07, 5.58500712344e-09, 1.34417120989e-07, 4.39033627231e-08, 2.03565676316e-07, 1.59098817676e-07, 8.24424688517e-08, 1.97231344146e-07, 2.5121624958e-07, 9.66387077028e-08, 3.30941030873e-13],
        "max": [0.0010500617791, 0.143686294556, 0.130904167891, 0.0493921265006, 0.0820152089, 0.00851147249341, 0.0222796313465, 0.0540558099747, 0.0248629953712, 0.0252051055431, 0.0229834187776, 0.00506282970309, 0.00706894183531, 0.00634951004758, 0.00139336904977, 0.000995631096885, 0.0018896528054, 0.000384466780815, 0.00143328052945, 0.000939092540648, 0.00256892084144, 0.00187747285236, 0.00129951105919, 0.00227839150466, 0.00258718407713, 0.00163194863126, 4.61100353277e-06],
        "mean": [0.000107274936454, 0.0105025935918, 0.00568657414988, 0.00162343948614, 0.0062955794856, 0.000770095968619, 0.0015228696866, 0.000984031707048, 0.00163206260186, 0.0011169106001, 0.000625068554655, 0.000369289045921, 0.000320570223266, 0.000305322755594, 0.000150083578774, 6.68824868626e-05, 5.46684896108e-05, 2.8115717214e-05, 8.33076119306e-05, 7.8435827163e-05, 0.000163582488312, 0.000174304077518, 0.000143939672853, 0.000135248323204, 0.000193261148524, 7.54924039938e-05, 6.26986746965e-08],
        "median": [4.11058972531e-05, 0.00316399615258, 4.23121091444e-05, 0.00015017008991, 0.00229028216563, 0.00032090669265, 0.000657165131997, 0.000270156946499, 0.00040604910464, 0.000243056594627, 8.54071404319e-05, 0.000121964054415, 0.000126664279378, 9.45077481447e-05, 5.26963449374e-05, 1.78716654773e-05, 1.32723143906e-05, 5.7940210354e-06, 1.29046884467e-05, 2.27819164138e-05, 2.55168833974e-05, 2.62393114099e-05, 4.24428690167e-05, 3.56910277333e-05, 5.12333244842e-05, 2.32982929447e-05, 4.6101744644e-10],
        "min": [3.21749127341e-10, 4.07138378566e-10, 3.67759156461e-10, 1.95736422626e-08, 6.26248890967e-07, 3.32974195771e-07, 1.97874305741e-06, 4.31283496027e-07, 1.34703486765e-06, 1.20648633128e-06, 4.28730942303e-07, 3.57830799658e-07, 6.46130274617e-07, 3.98447753014e-07, 1.84582631846e-07, 1.0775757886e-07, 1.11019041071e-07, 1.91057800691e-08, 2.9684056102e-08, 4.59798634722e-08, 5.69410580908e-08, 3.60693768187e-08, 6.19143092351e-09, 2.20656132255e-11, 2.80284268017e-10, 7.43366739692e-12, 7.33024665273e-12],
        "var": [2.2308583425e-08, 0.000446139922133, 0.000385384890251, 2.80600415863e-05, 0.000144470890518, 1.46307547766e-06, 5.35343679076e-06, 9.31011891225e-06, 7.75365424488e-06, 5.5293812693e-06, 4.01135093853e-06, 3.1875825357e-07, 2.83252944655e-07, 2.54841154401e-07, 5.0547029673e-08, 1.50724126513e-08, 2.22218936585e-08, 2.83778400778e-09, 3.76102562427e-08, 1.91128464166e-08, 9.96150930632e-08, 1.02053377304e-07, 5.07616029211e-08, 6.40383532868e-08, 1.33043428718e-07, 2.60963890497e-08, 6.91023301948e-14]
    },
    "erbbands": {
        "dmean": [0.155418127775, 2.11854028702, 6.66277551651, 8.26754760742, 16.6328239441, 14.2117567062, 6.9239783287, 3.47671246529, 11.031208992, 15.4922628403, 17.5873413086, 23.9304656982, 12.8272743225, 23.2202091217, 12.4784431458, 8.0560464859, 10.0509996414, 12.3210945129, 5.74444389343, 6.0730381012, 3.03867912292, 3.29879117012, 1.49239695072, 3.06247711182, 5.31489562988, 3.24320340157, 4.92803525925, 7.13039207458, 5.52927350998, 4.18183469772, 3.51201629639, 3.18749022484, 1.80248868465, 1.91567516327, 1.22699511051, 0.457027554512, 0.132436305285, 0.0143745392561, 0.00026947967126, 3.18736274494e-05],
        "dmean2": [0.245533749461, 3.30065870285, 9.87375450134, 14.408370018, 26.9763393402, 21.9457702637, 11.8516979218, 5.54358291626, 17.6150188446, 24.9934635162, 24.6899299622, 33.645614624, 17.6105499268, 30.4798908234, 16.7577114105, 11.2433433533, 15.0781297684, 18.3948402405, 8.94348907471, 9.93197536469, 5.02659749985, 5.87256669998, 2.39134478569, 4.96523714066, 9.07390117645, 5.41266679764, 7.64244794846, 11.6129007339, 8.48683261871, 6.23096704483, 5.32376480103, 5.15563297272, 2.79460000992, 2.97271442413, 1.9294924736, 0.74263882637, 0.231989875436, 0.0253839138895, 0.000462526310002, 5.16586369486e-05],
        "dvar": [0.104526303709, 29.4102954865, 373.229888916, 609.149841309, 1379.11303711, 913.772644043, 263.599639893, 35.6073760986, 436.66394043, 976.828552246, 2988.74926758, 2548.62744141, 714.595336914, 2434.75830078, 778.563537598, 194.687744141, 350.124908447, 439.908416748, 79.2732315063, 116.357597351, 50.0983886719, 92.3385238647, 7.42823171616, 40.56300354, 132.811309814, 40.8018798828, 89.9243087769, 189.608474731, 90.664894104, 53.0224266052, 36.1475868225, 45.1682357788, 11.4737510681, 13.4471035004, 6.00020074844, 0.897636294365, 0.128221571445, 0.00175046094228, 5.23331380009e-07, 3.06694381003e-09],
        "dvar2": [0.295184761286, 75.8187866211, 894.977355957, 1665.11364746, 3385.36279297, 2064.13623047, 716.755493164, 89.1273117065, 1014.62268066, 2297.16625977, 4191.29248047, 5009.80419922, 1362.68884277, 3770.23461914, 1102.13415527, 397.336395264, 781.919677734, 925.597961426, 177.660202026, 294.999237061, 140.706542969, 267.336791992, 18.7507953644, 100.939308167, 358.507385254, 106.868499756, 204.946502686, 482.766204834, 198.021224976, 108.781173706, 82.3725204468, 120.828620911, 28.3561592102, 30.4956798553, 15.0485591888, 2.3768529892, 0.364337414503, 0.00494020711631, 1.46394779676e-06, 7.65018182136e-09],
        "max": [2.54970955849, 36.3938217163, 125.270591736, 169.536209106, 302.942993164, 271.324768066, 146.7421875, 85.2275238037, 337.530792236, 415.262908936, 1539.69238281, 728.641235352, 506.448944092, 967.504577637, 528.697265625, 164.605194092, 351.223419189, 349.166687012, 77.4946060181, 85.6854400635, 68.4714202881, 85.1783294678, 17.7226314545, 48.9550704956, 76.4044952393, 48.6648521423, 80.1450042725, 104.888877869, 62.1814346313, 52.9667205811, 41.4008827209, 53.5101928711, 26.2913131714, 34.7357139587, 19.1573371887, 7.26108789444, 3.07364225388, 0.393169403076, 0.006628990639, 0.000394550326746],
        "mean": [0.239414438605, 2.60380101204, 6.50734710693, 6.41309785843, 17.3701686859, 19.1832008362, 7.78673648834, 5.70573806763, 18.5654144287, 21.1044197083, 27.7014636993, 41.3718070984, 24.2899208069, 43.2865562439, 21.9769535065, 14.4216337204, 16.062122345, 18.8162250519, 8.32325839996, 6.45253753662, 3.29583573341, 2.81674027443, 1.58754372597, 2.73874282837, 4.80714559555, 3.6655163765, 5.39008331299, 7.12659645081, 6.2186255455, 5.1107134819, 4.10106182098, 3.09690761566, 2.09202575684, 2.16987466812, 1.32881605625, 0.487447798252, 0.108118459582, 0.0107242362574, 0.000227899538004, 5.09617129865e-05],
        "median": [0.106595762074, 0.665249526501, 0.39121055603, 0.530545592308, 4.39526844025, 7.56119632721, 2.28980016708, 2.73580145836, 9.13486385345, 8.02775764465, 10.760014534, 11.0531148911, 7.73581981659, 8.90536880493, 5.6357755661, 5.57866811752, 6.38356733322, 6.64937925339, 3.65234541893, 2.06023645401, 1.06204009056, 0.690343439579, 0.418805032969, 0.406753271818, 0.925445318222, 0.941106200218, 0.952351331711, 0.961968481541, 0.856930732727, 1.0680668354, 1.21648418903, 0.797536253929, 0.594194710255, 0.58478718996, 0.33884960413, 0.171940430999, 0.0283594038337, 0.00162107951473, 5.59099389648e-05, 2.93936263915e-05],
        "min": [1.41067573622e-07, 8.8888504024e-07, 1.2789799257e-05, 0.000146316757309, 0.00103011808824, 0.0035684350878, 0.00260701682419, 0.00687003368512, 0.0283707603812, 0.017339695245, 0.0246024616063, 0.0432831458747, 0.0522050783038, 0.0345978029072, 0.0366271547973, 0.0315387435257, 0.0395448543131, 0.0326285921037, 0.0213978216052, 0.0161833018064, 0.0117281777784, 0.00688434857875, 0.00243878830224, 0.000833841622807, 0.00377572583966, 0.00247251987457, 0.00234715035185, 0.00129249540623, 0.00147054728586, 0.00080109690316, 0.000235478626564, 3.8891161239e-05, 6.69650535201e-06, 3.89920569432e-06, 2.04897014555e-06, 1.13230862553e-06, 2.04522820013e-07, 4.3025785601e-08, 9.3500972298e-08, 1.71479641153e-07],
        "var": [0.122152715921, 31.9160442352, 384.792236328, 417.277252197, 1369.95446777, 1125.95495605, 250.749267578, 64.9909515381, 821.817199707, 1584.36633301, 7111.47949219, 5516.28369141, 1682.48083496, 9462.9921875, 2742.18164062, 478.737670898, 664.004699707, 927.929321289, 127.100852966, 115.076927185, 37.6536445618, 54.0808143616, 7.78330945969, 36.4909591675, 105.168029785, 45.677280426, 108.925086975, 194.023910522, 127.715003967, 78.9933700562, 43.4581184387, 35.8961791992, 12.6219339371, 18.4238510132, 6.51297044754, 0.831795990467, 0.0809820443392, 0.00107761099935, 3.43247535284e-07, 3.77708531119e-09]
    },
    "gfcc": {
        "mean": [-30.439868927, 80.6445159912, -89.6184234619, 8.15578174591, -80.1868972778, 29.3923473358, -41.2169685364, 6.27874946594, -29.484752655, 11.539899826, -21.1021690369, -3.32632446289, -9.54321575165],
        "cov": [[6122.34716797, -1002.45007324, 613.977966309, 1058.26867676, 206.406082153, 340.945526123, 105.123497009, 128.010147095, -186.080413818, 65.3468856812, -368.627716064, 116.651000977, -359.374237061], [-1002.45007324, 1826.45727539, 67.7370529175, -154.655090332, 501.107452393, 247.513549805, 512.447387695, 122.812171936, 301.354431152, 15.2461585999, 366.843475342, -0.379455626011, 141.385803223], [613.977966309, 67.7370529175, 1272.66479492, 651.784851074, 451.758758545, 521.219543457, 253.425354004, 293.302429199, 209.234115601, 192.404769897, 44.5740623474, 28.2445602417, -48.7913093567], [1058.26867676, -154.655090332, 651.784851074, 1030.89794922, 356.156311035, 170.003067017, 166.382904053, 109.737602234, 170.552062988, 104.499961853, -3.36842370033, 82.2958831787, 7.12377262115], [206.406082153, 501.107452393, 451.758758545, 356.156311035, 553.893737793, 318.944335938, 324.865875244, 242.910263062, 204.6534729, 109.688941956, 118.435203552, 48.9944114685, 18.3975543976], [340.945526123, 247.513549805, 521.219543457, 170.003067017, 318.944335938, 549.674499512, 393.507385254, 277.079925537, 156.975097656, 129.718658447, 118.253829956, 61.7741622925, 7.11909675598], [105.123497009, 512.447387695, 253.425354004, 166.382904053, 324.865875244, 393.507385254, 580.84979248, 221.312286377, 191.123794556, 121.2734375, 171.311218262, 89.7246704102, 30.8876075745], [128.010147095, 122.812171936, 293.302429199, 109.737602234, 242.910263062, 277.079925537, 221.312286377, 313.400054932, 156.770843506, 129.200439453, 79.0018539429, 30.3162612915, 36.6671028137], [-186.080413818, 301.354431152, 209.234115601, 170.552062988, 204.6534729, 156.975097656, 191.123794556, 156.770843506, 239.318161011, 104.138435364, 103.019714355, 28.0713615417, 62.0834388733], [65.3468856812, 15.2461585999, 192.404769897, 104.499961853, 109.688941956, 129.718658447, 121.2734375, 129.200439453, 104.138435364, 189.390136719, 74.748008728, 37.3459472656, 24.1966552734], [-368.627716064, 366.843475342, 44.5740623474, -3.36842370033, 118.435203552, 118.253829956, 171.311218262, 79.0018539429, 103.019714355, 74.748008728, 202.899551392, 54.3768692017, 77.7589263916], [116.651000977, -0.379455626011, 28.2445602417, 82.2958831787, 48.9944114685, 61.7741622925, 89.7246704102, 30.3162612915, 28.0713615417, 37.3459472656, 54.3768692017, 134.357421875, 48.0937042236], [-359.374237061, 141.385803223, -48.7913093567, 7.12377262115, 18.3975543976, 7.11909675598, 30.8876075745, 36.6671028137, 62.0834388733, 24.1966552734, 77.7589263916, 48.0937042236, 143.663848877]],
        "icov": [[0.000355136755388, -0.000222336311708, 0.000291308533633, -0.000614533666521, 0.000288869545329, -0.000515068531968, 0.000240082023083, -0.000445118435891, 0.000613398093265, -0.000343052408425, 0.000698869698681, -0.000555545615498, 0.000887523463462], [-0.000222336311708, 0.00250526308082, -0.000630832451861, 0.0017066799337, -0.00255280476995, 0.00125530478545, -0.00170974351931, 0.00215173442848, -0.00202399422415, 0.00192466529552, -0.00294567039236, 0.00200930098072, -0.0017652559327], [0.000291308533633, -0.000630832451861, 0.00278417021036, -0.00187242822722, 0.000254965270869, -0.00307181128301, 0.00178790651262, -0.000652384362184, 0.000430675048847, -0.00144563720096, 0.00107936235145, -0.000200512789888, 0.00182990648318], [-0.000614533666521, 0.0017066799337, -0.00187242822722, 0.00384540995583, -0.002715729177, 0.0024411699269, -0.00174443854485, 0.00252977060154, -0.00265557435341, 0.00135729217436, -0.00140929443296, 0.000735828070901, -0.00265183020383], [0.000288869545329, -0.00255280476995, 0.000254965270869, -0.002715729177, 0.0071119251661, -0.00145079859067, 0.000851484423038, -0.00400829268619, 0.00106591242366, -0.000859011430293, 0.00179215380922, -0.00196012388915, 0.00282750907354], [-0.000515068531968, 0.00125530478545, -0.00307181128301, 0.0024411699269, -0.00145079859067, 0.00859524030238, -0.00437580095604, -0.00148175947834, -0.000392673449824, 0.00187715527136, -0.00239008595236, 0.000552034936845, -0.00164692290127], [0.000240082023083, -0.00170974351931, 0.00178790651262, -0.00174443854485, 0.000851484423038, -0.00437580095604, 0.00632747495547, -0.00134009507019, -3.50724512828e-05, -0.00146301114, 0.000455944827991, -0.00256527820602, 0.00293988198973], [-0.000445118435891, 0.00215173442848, -0.000652384362184, 0.00252977060154, -0.00400829268619, -0.00148175947834, -0.00134009507019, 0.0106183839962, -0.0041718473658, -0.0011265311623, -0.00104285799898, 0.00255784671754, -0.0037125996314], [0.000613398093265, -0.00202399422415, 0.000430675048847, -0.00265557435341, 0.00106591242366, -0.000392673449824, -3.50724512828e-05, -0.0041718473658, 0.0119036082178, -0.00349468970671, 0.00136322074104, -0.000138523129863, -0.000487422628794], [-0.000343052408425, 0.00192466529552, -0.00144563720096, 0.00135729217436, -0.000859011430293, 0.00187715527136, -0.00146301114, -0.0011265311623, -0.00349468970671, 0.0106694698334, -0.00472079962492, 0.000322342937579, -0.000531059107743], [0.000698869698681, -0.00294567039236, 0.00107936235145, -0.00140929443296, 0.00179215380922, -0.00239008595236, 0.000455944827991, -0.00104285799898, 0.00136322074104, -0.00472079962492, 0.0141052277759, -0.00393662741408, -0.000969986082055], [-0.000555545615498, 0.00200930098072, -0.000200512789888, 0.000735828070901, -0.00196012388915, 0.000552034936845, -0.00256527820602, 0.00255784671754, -0.000138523129863, 0.000322342937579, -0.00393662741408, 0.0125952977687, -0.00542954169214], [0.000887523463462, -0.0017652559327, 0.00182990648318, -0.00265183020383, 0.00282750907354, -0.00164692290127, 0.00293988198973, -0.0037125996314, -0.000487422628794, -0.000531059107743, -0.000969986082055, -0.00542954169214, 0.0143487872556]]
    },
    "melbands": {
        "dmean": [0.00193149491679, 0.0028293710202, 0.00163201801479, 0.00131623179186, 0.000262211076915, 8.18555345177e-05, 0.000185610173503, 0.000159417977557, 0.000158729526447, 0.000136782953632, 6.51223454042e-05, 9.75782095338e-05, 5.26237272425e-05, 2.29066263273e-05, 2.52842637565e-05, 2.06468866963e-05, 2.42526366492e-05, 8.92523439688e-06, 9.10813378141e-06, 6.45821910439e-06, 3.37208302881e-06, 4.20668584411e-06, 1.59280023126e-06, 1.29607110466e-06, 2.45530759457e-06, 4.62535354018e-06, 3.0383387184e-06, 1.85565897937e-06, 2.77028607343e-06, 3.63578305951e-06, 4.49180606665e-06, 3.42409725818e-06, 2.68445000984e-06, 2.25350436267e-06, 2.18438708544e-06, 1.84695193184e-06, 2.0087413759e-06, 1.35196887641e-06, 1.34158062792e-06, 1.7684666318e-06],
        "dmean2": [0.0030290146824, 0.00457409257069, 0.00278195599094, 0.0020616997499, 0.000450824270956, 0.000129607898998, 0.000298361905152, 0.00025632395409, 0.000219680325245, 0.000195223561605, 9.09369628062e-05, 0.000127041625092, 7.10872554919e-05, 3.23511958413e-05, 3.7061774492e-05, 3.11791191052e-05, 3.62716127711e-05, 1.37727865877e-05, 1.48120025187e-05, 1.05128565338e-05, 5.81135600441e-06, 7.58916348786e-06, 2.71318549494e-06, 2.04372781809e-06, 3.98706333726e-06, 8.15937619336e-06, 5.10001291332e-06, 3.10108202939e-06, 4.28453449786e-06, 5.73635452383e-06, 7.50070375943e-06, 5.40476685273e-06, 3.98917336497e-06, 3.3823753256e-06, 3.33833008881e-06, 2.8895133255e-06, 3.30240845869e-06, 2.15450131691e-06, 2.05825676858e-06, 2.78119364339e-06],
        "dvar": [2.03789350053e-05, 6.14583332208e-05, 1.6572241293e-05, 8.44953774504e-06, 3.88063085666e-07, 1.85648776352e-08, 1.20740466514e-07, 9.94846729441e-08, 2.20087130742e-07, 7.97735850711e-08, 1.86887270104e-08, 4.44381811349e-08, 1.82199517695e-08, 1.91656646109e-09, 1.93143767646e-09, 1.18133924865e-09, 1.6323857821e-09, 2.05152519972e-10, 2.52438236981e-10, 1.46901033005e-10, 8.11827619018e-11, 1.77586181871e-10, 7.80564241715e-12, 6.17315009874e-12, 2.69168298761e-11, 1.15058469696e-10, 3.5595741632e-11, 1.30512293681e-11, 2.71926075407e-11, 4.60893233301e-11, 8.33032462455e-11, 3.52082876742e-11, 2.20420626196e-11, 1.56554647718e-11, 1.48888106705e-11, 1.13547383301e-11, 1.92562753937e-11, 7.45950436837e-12, 5.8154024131e-12, 1.20330499037e-11],
        "dvar2": [5.5975131545e-05, 0.000135779031552, 4.4538948714e-05, 1.90480714082e-05, 1.06771403807e-06, 4.52493935654e-08, 2.89224885819e-07, 2.36408723708e-07, 3.23370954902e-07, 1.6038012518e-07, 3.55310163513e-08, 6.50154703408e-08, 2.31994157218e-08, 4.06806766051e-09, 3.96879684672e-09, 2.57788257407e-09, 3.48794393368e-09, 4.53790116595e-10, 6.28559038152e-10, 3.79948933427e-10, 2.31974495168e-10, 5.16418074969e-10, 2.03740756904e-11, 1.44805669192e-11, 6.64442806331e-11, 3.18091553098e-10, 9.28137566802e-11, 3.37830145802e-11, 6.29159641052e-11, 1.07152717255e-10, 2.19228246667e-10, 8.2523751721e-11, 4.17050803614e-11, 3.5509088725e-11, 3.43880028619e-11, 2.8934599508e-11, 5.17191116323e-11, 1.94746822835e-11, 1.33069466904e-11, 2.75845093295e-11],
        "max": [0.0329959541559, 0.0496693961322, 0.0271294228733, 0.0219106189907, 0.00642456999049, 0.00189365632832, 0.00515763415024, 0.00420962600037, 0.0127987489104, 0.00413957936689, 0.00253464630805, 0.00405605556443, 0.0025278062094, 0.000775352295022, 0.000662889855448, 0.000482013914734, 0.000609342590906, 0.000128094063257, 0.00011651613022, 9.01391395018e-05, 9.59558456088e-05, 0.000121559947729, 2.02080263989e-05, 2.10056041396e-05, 4.36498521594e-05, 7.37097361707e-05, 4.58370159322e-05, 2.90610532829e-05, 4.1460745706e-05, 4.88034638693e-05, 7.28552113287e-05, 3.79854463972e-05, 4.09192616644e-05, 2.97480655718e-05, 2.89922354568e-05, 2.50322063948e-05, 3.94780290662e-05, 2.42502737819e-05, 3.00688243442e-05, 3.02952194033e-05],
        "mean": [0.00261941784993, 0.00353258475661, 0.00133917597122, 0.00161617889535, 0.000311786105158, 0.000132053581183, 0.000298767787172, 0.00021252289298, 0.000252899248153, 0.000238123509916, 0.000115160830319, 0.000178764603334, 8.82180320332e-05, 3.9105394535e-05, 3.86045867344e-05, 3.13280506816e-05, 3.52748938894e-05, 1.20146587506e-05, 9.79862306849e-06, 6.67032873025e-06, 3.41449504049e-06, 3.34059222951e-06, 1.68059966654e-06, 1.27797682126e-06, 2.17222282117e-06, 3.65162964044e-06, 3.25577411786e-06, 2.09087033909e-06, 2.95724316857e-06, 3.8700532059e-06, 4.2813253458e-06, 3.62621926797e-06, 3.12855877382e-06, 2.66909910351e-06, 2.51304891208e-06, 1.88893272934e-06, 1.89107026927e-06, 1.43568252042e-06, 1.60483807576e-06, 1.88707224424e-06],
        "median": [0.000949271139689, 0.000486695498694, 0.000163897377206, 0.000517194275744, 0.000128067636979, 6.53321912978e-05, 0.00014292729611, 8.10111087048e-05, 8.35421378724e-05, 6.28795896773e-05, 3.33517673425e-05, 3.29710856022e-05, 1.74528922798e-05, 1.33025851028e-05, 1.32111745188e-05, 1.327551945e-05, 1.09138027256e-05, 4.3901582103e-06, 3.09962615574e-06, 1.86407010005e-06, 1.09148822958e-06, 7.3771894904e-07, 4.97597909543e-07, 2.20049713562e-07, 2.79692216054e-07, 5.4761710544e-07, 7.58602936912e-07, 5.49356741431e-07, 5.76277841446e-07, 5.79270931667e-07, 5.45560908449e-07, 4.74542190432e-07, 5.00888916122e-07, 6.11265477346e-07, 7.24927360807e-07, 5.0719512501e-07, 4.7221379873e-07, 3.73198815851e-07, 4.76510194858e-07, 4.42478381046e-07],
        "min": [1.2551581996e-10, 1.66315697325e-10, 2.95073618872e-08, 1.28268908384e-07, 7.15077348445e-08, 1.34676241714e-07, 4.64565459879e-07, 2.08821475667e-07, 2.76607494243e-07, 2.03995796255e-07, 2.50742431263e-07, 8.64999236683e-08, 9.99571838634e-08, 5.31794448477e-08, 8.94157139442e-08, 6.38687964738e-08, 3.18623740725e-08, 3.11935259845e-08, 1.08407913757e-08, 6.75514666426e-09, 7.67034258331e-09, 4.6149448707e-09, 2.68263611325e-09, 7.17065018474e-10, 3.22070758951e-10, 5.10706477108e-10, 1.31814642534e-10, 7.34941885128e-10, 8.52956982822e-10, 1.05311670495e-09, 6.30416663316e-10, 7.17473636058e-10, 1.84338544429e-10, 3.2050287424e-10, 9.18644119108e-11, 1.88726013983e-11, 1.40680517366e-13, 2.2564416969e-13, 3.17196301777e-13, 4.67804126599e-13],
