{
"highlevel": {
    "danceability": {
        "all": {
            "danceable": 0.731250107288,
            "not_danceable": 0.268749892712
        },
        "probability": 0.731250107288,
        "value": "danceable"
    },
    "gender": {
        "all": {
            "female": 0.12880808115,
            "male": 0.87119191885
        },
        "probability": 0.87119191885,
        "value": "male"
    },
    "genre_dortmund": {
        "all": {
            "alternative": 0.0550659000874,
            "blues": 0.0490700118244,
            "electronic": 0.698308229446,
            "folkcountry": 0.035067923367,
            "funksoulrnb": 0.0100479070097,
            "jazz": 0.0419866554439,
            "pop": 0.00958253070712,
            "raphiphop": 0.0342642366886,
            "rock": 0.0666065812111
        },
        "probability": 0.698308229446,
        "value": "electronic"
    },
    "genre_electronic": {
        "all": {
            "ambient": 0.482316881418,
            "dnb": 0.12307870388,
            "house": 0.195521831512,
            "techno": 0.0327404215932,
            "trance": 0.166342154145
        },
        "probability": 0.482316881418,
        "value": "ambient"
    },
    "genre_rosamerica": {
        "all": {
            "cla": 0.0503200031817,
            "dan": 0.0964025333524,
            "hip": 0.0625245943666,
            "jaz": 0.0599286109209,
            "pop": 0.203903958201,
            "rhy": 0.0429501347244,
            "roc": 0.457793414593,
            "spe": 0.0261767413467
        },
        "probability": 0.457793414593,
        "value": "roc"
    },
    "genre_tzanetakis": {
        "all": {
            "blu": 1.97016652237e-05,
            "cla": 1.08012118289e-05,
            "cou": 2.95331210509e-05,
            "dis": 2.59215030383e-05,
            "hip": 8.96428755368e-05,
            "jaz": 0.998145878315,
            "met": 1.35344889713e-05,
            "pop": 2.01177790586e-05,
            "reg": 0.00162895245012,
            "roc": 1.59037790581e-05
        },
        "probability": 0.998145878315,
        "value": "jaz"
    },
    "ismir04_rhythm": {
        "all": {
            "ChaChaCha": 0.0730474665761,
            "Jive": 0.00738389743492,
            "Quickstep": 0.0085341045633,
            "Rumba-American": 0.0140654705465,
            "Rumba-International": 0.0443947687745,
            "Rumba-Misc": 0.00477459421381,
            "Samba": 0.0209615789354,
            "Tango": 0.775749623775,
            "VienneseWaltz": 0.0365873463452,
            "Waltz": 0.0145011218265
        },
        "probability": 0.775749623775,
        "value": "Tango"
    },
    "mood_acoustic": {
        "all": {
            "acoustic": 0.0539351478219,
            "not_acoustic": 0.946064829826
        },
        "probability": 0.946064829826,
        "value": "not_acoustic"
    },
    "mood_aggressive": {
        "all": {
            "aggressive": 0.328304022551,
            "not_aggressive": 0.671696007252
        },
        "probability": 0.671696007252,
        "value": "not_aggressive"
    },
    "mood_electronic": {
        "all": {
            "electronic": 0.948205709457,
            "not_electronic": 0.0517942607403
        },
        "probability": 0.948205709457,
        "value": "electronic"
    },
    "mood_happy": {
        "all": {
            "happy": 0.208680167794,
            "not_happy": 0.791319847107
        },
        "probability": 0.791319847107,
        "value": "not_happy"
    },
    "mood_party": {
        "all": {
            "not_party": 0.918636858463,
            "party": 0.081363119185
        },
        "probability": 0.918636858463,
        "value": "not_party"
    },
    "mood_relaxed": {
        "all": {
            "not_relaxed": 0.0229089669883,
            "relaxed": 0.977091014385
        },
        "probability": 0.977091014385,
        "value": "relaxed"
    },
    "mood_sad": {
        "all": {
            "not_sad": 0.912883281708,
            "sad": 0.0871167331934
        },
        "probability": 0.912883281708,
        "value": "not_sad"
    },
    "moods_mirex": {
        "all": {
            "Cluster1": 0.222567796707,
            "Cluster2": 0.0910607278347,
            "Cluster3": 0.31870803237,
            "Cluster4": 0.143922865391,
            "Cluster5": 0.223740577698
        },
        "probability": 0.31870803237,
        "value": "Cluster3"
    },
    "timbre": {
        "all": {
            "bright": 0.238316833973,
            "dark": 0.761683166027
        },
        "probability": 0.761683166027,
        "value": "dark"
    },
    "tonal_atonal": {
        "all": {
            "atonal": 0.0453582033515,
            "tonal": 0.954641819
        },
        "probability": 0.954641819,
        "value": "tonal"
    },
    "voice_instrumental": {
        "all": {
            "instrumental": 0.958761394024,
            "voice": 0.0412385985255
        },
        "probability": 0.958761394024,
        "value": "instrumental"
    }
},
"lowlevel": {
    "average_loudness": 0.896393895149,
    "barkbands_crest": {
        "dmean": 2.35213875771,
        "dmean2": 3.75545358658,
        "dvar": 5.55202293396,
        "dvar2": 13.8379545212,
        "max": 25.3549137115,
        "mean": 12.1796360016,
        "median": 10.7980184555,
        "min": 2.67481303215,
        "var": 30.8939876556
    },
    "barkbands_flatness_db": {
        "dmean": 0.0239347759634,
        "dmean2": 0.0343357287347,
        "dvar": 0.000582424167078,
        "dvar2": 0.00110174843576,
        "max": 0.410603374243,
        "mean": 0.215216398239,
        "median": 0.209860399365,
        "min": 0.0629271790385,
        "var": 0.00338153378107
    },
    "barkbands_kurtosis": {
        "dmean": 2.73820209503,
        "dmean2": 4.2583193779,
        "dvar": 20.8038158417,
        "dvar2": 45.3324775696,
        "max": 109.994743347,
        "mean": 6.0548992157,
        "median": 2.77089929581,
        "min": -1.74535632133,
        "var": 110.60357666
    },
    "barkbands_skewness": {
        "dmean": 0.456487357616,
        "dmean2": 0.687947630882,
        "dvar": 0.230075642467,
        "dvar2": 0.489045262337,
        "max": 9.74044513702,
        "mean": 1.98292267323,
        "median": 1.68001842499,
        "min": -0.791869163513,
        "var": 1.70122075081
    },
    "barkbands_spread": {
        "dmean": 3.6038107872,
        "dmean2": 5.35353374481,
        "dvar": 20.9702014923,
        "dvar2": 45.2365341187,
        "max": 68.6131439209,
        "mean": 14.2284946442,
        "median": 12.771739006,
        "min": 1.11159431934,
        "var": 62.9122505188
    },
    "dissonance": {
        "dmean": 0.0185081996024,
        "dmean2": 0.0307831764221,
        "dvar": 0.000240168839809,
        "dvar2": 0.000646644446533,
        "max": 0.500000178814,
        "mean": 0.458090513945,
        "median": 0.462173163891,
        "min": 0.29738265276,
        "var": 0.000652179995086
    },
    "dynamic_complexity": 1.66759371758,
    "erbbands_crest": {
        "dmean": 2.31992769241,
        "dmean2": 3.71443223953,
        "dvar": 4.98656845093,
        "dvar2": 12.252114296,
        "max": 22.8825702667,
        "mean": 8.46186256409,
        "median": 7.56276607513,
        "min": 2.93924474716,
        "var": 13.6086978912
    },
    "erbbands_flatness_db": {
        "dmean": 0.019224781543,
        "dmean2": 0.0254268608987,
        "dvar": 0.000462334923213,
        "dvar2": 0.000742907635868,
        "max": 0.318787276745,
        "mean": 0.216161102057,
        "median": 0.217664882541,
        "min": 0.103165492415,
        "var": 0.00188146112487
    },
    "erbbands_kurtosis": {
        "dmean": 0.595578014851,
        "dmean2": 0.922865271568,
        "dvar": 0.607800066471,
        "dvar2": 1.50048422813,
        "max": 10.7182970047,
        "mean": -0.272828251123,
        "median": -0.610903024673,
        "min": -1.84708821774,
        "var": 1.52647805214
    },
    "erbbands_skewness": {
        "dmean": 0.301240235567,
        "dmean2": 0.458362430334,
        "dvar": 0.0799905136228,
        "dvar2": 0.185333311558,
        "max": 3.05425715446,
        "mean": 0.239632159472,
        "median": 0.211304426193,
        "min": -2.07862830162,
        "var": 0.325599133968
    },
    "erbbands_spread": {
        "dmean": 5.58162069321,
        "dmean2": 8.11115455627,
        "dvar": 33.3292884827,
        "dvar2": 71.9600830078,
        "max": 82.7004089355,
        "mean": 33.7933387756,
        "median": 32.5919036865,
        "min": 9.13586425781,
        "var": 145.32699585
    },
    "hfc": {
        "dmean": 4.58975028992,
        "dmean2": 6.91290140152,
        "dvar": 30.2016639709,
        "dvar2": 70.2110824585,
        "max": 63.3896865845,
        "mean": 19.453130722,
        "median": 17.2329750061,
        "min": 0.153353273869,
        "var": 116.069244385
    },
    "melbands_crest": {
        "dmean": 2.62848114967,
        "dmean2": 4.17772483826,
        "dvar": 6.32415008545,
        "dvar2": 15.9253015518,
        "max": 34.0540733337,
        "mean": 16.0786247253,
        "median": 14.6151390076,
        "min": 3.39578080177,
        "var": 46.7002258301
    },
    "melbands_flatness_db": {
        "dmean": 0.0276698004454,
        "dmean2": 0.0388372540474,
        "dvar": 0.000884155917447,
        "dvar2": 0.00166540534701,
        "max": 0.517268359661,
        "mean": 0.284629255533,
        "median": 0.280983150005,
        "min": 0.0760344266891,
        "var": 0.0053190710023
    },
    "melbands_kurtosis": {
        "dmean": 5.86628198624,
        "dmean2": 9.18470954895,
        "dvar": 88.1180725098,
        "dvar2": 209.159622192,
        "max": 157.30809021,
        "mean": 15.5691947937,
        "median": 8.28911685944,
        "min": -1.11236667633,
        "var": 402.728118896
    },
    "melbands_skewness": {
        "dmean": 0.607007563114,
        "dmean2": 0.921214520931,
        "dvar": 0.4459387362,
        "dvar2": 1.01761341095,
        "max": 10.8559761047,
        "mean": 2.98433065414,
        "median": 2.55157089233,
        "min": -0.224676027894,
        "var": 2.90300941467
    },
    "melbands_spread": {
        "dmean": 4.02837181091,
        "dmean2": 5.97981452942,
        "dvar": 30.5176048279,
        "dvar2": 64.5185089111,
        "max": 93.1140518188,
        "mean": 14.4038543701,
        "median": 12.5028896332,
        "min": 0.928758323193,
        "var": 92.7123565674
    },
    "pitch_salience": {
        "dmean": 0.0695129930973,
        "dmean2": 0.112304419279,
        "dvar": 0.00411237636581,
        "dvar2": 0.0107723530382,
        "max": 0.850528001785,
        "mean": 0.528291344643,
        "median": 0.55716085434,
        "min": 0.110321067274,
        "var": 0.0223000571132
    },
    "silence_rate_20dB": {
        "dmean": 0,
        "dmean2": 0,
        "dvar": 0,
        "dvar2": 0,
        "max": 1,
        "mean": 1,
        "median": 1,
        "min": 1,
        "var": 0
    },
    "silence_rate_30dB": {
        "dmean": 0.0371517017484,
        "dmean2": 0.0743609592319,
        "dvar": 0.0357718169689,
        "dvar2": 0.0719306543469,
        "max": 1,
        "mean": 0.8337200284,
        "median": 1,
        "min": 0,
        "var": 0.138630658388
    },
    "silence_rate_60dB": {
        "dmean": 0.00154798757285,
        "dmean2": 0.00309837330133,
        "dvar": 0.00154558115173,
        "dvar2": 0.00308871991001,
        "max": 1,
        "mean": 0.00309358071536,
        "median": 0,
        "min": 0,
        "var": 0.00308398203924
    },
    "spectral_centroid": {
        "dmean": 210.301040649,
        "dmean2": 313.615539551,
        "dvar": 71168.2265625,
        "dvar2": 149902.234375,
        "max": 3714.34350586,
        "mean": 992.866271973,
        "median": 877.919799805,
        "min": 280.999572754,
        "var": 202027
    },
    "spectral_complexity": {
        "dmean": 3.80804944038,
        "dmean2": 5.9357085228,
        "dvar": 17.8098659515,
        "dvar2": 37.6789054871,
        "max": 49,
        "mean": 21.7563800812,
        "median": 21,
        "min": 1,
        "var": 55.6181259155
    },
    "spectral_decrease": {
        "dmean": 3.88651244521e-09,
        "dmean2": 5.80766013059e-09,
        "dvar": 3.49582110948e-17,
        "dvar2": 7.45056466978e-17,
        "max": -6.88651219383e-11,
        "mean": -1.54580810374e-08,
        "median": -9.93384219328e-09,
        "min": -7.2822359698e-08,
        "var": 1.92605643971e-16
    },
    "spectral_energy": {
        "dmean": 0.0149519499391,
        "dmean2": 0.0223310701549,
        "dvar": 0.00050803355407,
        "dvar2": 0.00108227343298,
        "max": 0.277530521154,
        "mean": 0.0601067654788,
        "median": 0.0392160452902,
        "min": 0.000273822515737,
        "var": 0.00280476803891
    },
    "spectral_energyband_high": {
        "dmean": 0.00016591300664,
        "dmean2": 0.000238647757214,
        "dvar": 2.21748891249e-07,
        "dvar2": 4.30355214576e-07,
        "max": 0.00867264252156,
        "mean": 0.000234841078054,
        "median": 5.59362706554e-05,
        "min": 4.43626731794e-07,
        "var": 3.97032152932e-07
    },
    "spectral_energyband_low": {
        "dmean": 0.0123471440747,
        "dmean2": 0.0190845336765,
        "dvar": 0.000481388735352,
        "dvar2": 0.0010876004817,
        "max": 0.258122175932,
        "mean": 0.0370241999626,
        "median": 0.0141071351245,
        "min": 6.21076324023e-05,
        "var": 0.00240028044209
    },
    "spectral_energyband_middle_high": {
        "dmean": 0.00177023641299,
        "dmean2": 0.00269680120982,
        "dvar": 4.60535011371e-06,
        "dvar2": 1.05885501398e-05,
        "max": 0.0371336340904,
        "mean": 0.0055393576622,
        "median": 0.00461115967482,
        "min": 6.64216422592e-05,
        "var": 1.62862233992e-05
    },
    "spectral_energyband_middle_low": {
        "dmean": 0.00563507387415,
        "dmean2": 0.0089409109205,
        "dvar": 6.14013988525e-05,
        "dvar2": 0.000151193700731,
        "max": 0.140851184726,
        "mean": 0.0189307015389,
        "median": 0.0169522445649,
        "min": 0.000113605688966,
        "var": 0.000153744607815
    },
    "spectral_entropy": {
        "dmean": 0.166367918253,
        "dmean2": 0.234923556447,
        "dvar": 0.0344802960753,
        "dvar2": 0.0606226474047,
        "max": 8.36336517334,
        "mean": 7.18624401093,
        "median": 7.15298271179,
        "min": 6.08403873444,
        "var": 0.127219304442
    },
    "spectral_flux": {
        "dmean": 0.0306361913681,
        "dmean2": 0.0484252981842,
        "dvar": 0.00143959606066,
        "dvar2": 0.00318521237932,
        "max": 0.378554493189,
        "mean": 0.0959183871746,
        "median": 0.0828095003963,
        "min": 0.0111921587959,
        "var": 0.00307229510508
    },
    "spectral_kurtosis": {
        "dmean": 4.02972126007,
        "dmean2": 6.96620893478,
        "dvar": 13.6898431778,
        "dvar2": 37.8542785645,
        "max": 32.9135437012,
        "mean": 7.00815010071,
        "median": 6.1926279068,
        "min": -0.947360515594,
        "var": 23.249250412
    },
    "spectral_rms": {
        "dmean": 0.000913169467822,
        "dmean2": 0.00133980298415,
        "dvar": 1.29633963297e-06,
        "dvar2": 2.65292828772e-06,
        "max": 0.0164548326284,
        "mean": 0.00704536307603,
        "median": 0.00618543103337,
        "min": 0.000516859698109,
        "var": 9.00370469026e-06
    },
    "spectral_rolloff": {
        "dmean": 255.181228638,
        "dmean2": 417.536804199,
        "dvar": 169182.6875,
        "dvar2": 372019.84375,
        "max": 5469.43359375,
        "mean": 752.796508789,
        "median": 581.396484375,
        "min": 64.599609375,
        "var": 408109.375
    },
    "spectral_skewness": {
        "dmean": 0.402876853943,
        "dmean2": 0.667641937733,
        "dvar": 0.113236136734,
        "dvar2": 0.290809720755,
        "max": 3.49295091629,
        "mean": 1.57619178295,
        "median": 1.52045321465,
        "min": -0.415874183178,
        "var": 0.345848232508
    },
    "spectral_spread": {
        "dmean": 348521.28125,
        "dmean2": 489003.125,
        "dvar": 538246217728,
        "dvar2": 646628638720,
        "max": 24646494,
        "mean": 2594587.5,
        "median": 2360206.25,
        "min": 1164018.75,
        "var": 878553464832
    },
    "spectral_strongpeak": {
        "dmean": 0.358686894178,
        "dmean2": 0.594247937202,
        "dvar": 0.270321786404,
        "dvar2": 0.674411058426,
        "max": 3.67619228363,
        "mean": 0.899170279503,
        "median": 0.666291952133,
        "min": 0,
        "var": 0.561020612717
    },
    "zerocrossingrate": {
        "dmean": 0.00537373917177,
        "dmean2": 0.00642783893272,
        "dvar": 3.63604813174e-05,
        "dvar2": 4.53085340268e-05,
        "max": 0.1298828125,
        "mean": 0.0307602081448,
        "median": 0.02880859375,
        "min": 0.0029296875,
        "var": 0.000252183759585
    },
    "barkbands": {
        "dmean": [0.00113337405492, 0.0100759090856, 0.00313434726559, 0.00166205083951, 0.00248123682104, 0.0018480704166, 0.00171630596742, 0.00112370785791, 0.000578763254452, 0.000670784618706, 0.000720861367881, 0.000430693442468, 0.00018483241729, 0.000276179256616, 0.000248081574682, 0.000194722568267, 0.000317359663313, 0.000194564316189, 0.000133388457471, 7.47385565774e-05, 7.5545074651e-05, 3.6745754187e-05, 1.49505558511e-05, 9.13302847039e-06, 3.99709688281e-06, 2.16424564314e-06, 8.29746760189e-09],
        "dmean2": [0.00186515890528, 0.0159432440996, 0.00541608082131, 0.00282774097286, 0.00395911047235, 0.00290063000284, 0.00266813207418, 0.00161439494696, 0.000896523764823, 0.00106849544682, 0.00115600344725, 0.00069722160697, 0.000301146676065, 0.000450370804174, 0.000385159859434, 0.000311676354613, 0.000500117021147, 0.000305683672195, 0.000219712994294, 0.000119406133308, 0.000109340806375, 5.22287773492e-05, 2.13569674088e-05, 1.35542823045e-05, 6.30021850156e-06, 3.85525390811e-06, 9.92886661777e-09],
        "dvar": [5.23831295141e-06, 0.000463289412437, 3.01153395412e-05, 5.80739606448e-06, 2.53873658949e-05, 1.30430325953e-05, 1.10313367259e-05, 4.3584609557e-06, 7.27984797777e-07, 1.52996892666e-06, 1.83474389814e-06, 1.11602946617e-06, 7.98932831003e-08, 2.1378434667e-07, 1.36542141149e-07, 7.5303354663e-08, 1.85426046073e-07, 1.10255300001e-07, 5.95145976945e-08, 1.95178913032e-08, 1.00231645206e-07, 1.00857855401e-08, 1.72229308593e-09, 1.44558109927e-09, 1.18528048487e-10, 5.52909211471e-11, 3.06606140216e-14],
        "dvar2": [1.25580963868e-05, 0.00105750362854, 8.60622603795e-05, 1.64772209246e-05, 6.15104436292e-05, 3.08955459332e-05, 2.53856942436e-05, 9.06328932615e-06, 1.64406731074e-06, 3.66466997548e-06, 4.45446448794e-06, 2.49454774348e-06, 2.18082035985e-07, 5.73210172661e-07, 3.00547782217e-07, 1.80877393063e-07, 4.68929840736e-07, 2.6828243449e-07, 1.54047299361e-07, 4.28815205566e-08, 2.18101348537e-07, 1.80867871791e-08, 2.51471932167e-09, 2.42997222344e-09, 2.64027161245e-10, 1.49611961708e-10, 3.06985577095e-14],
        "max": [0.0329267904162, 0.239132449031, 0.0572477281094, 0.0340630486608, 0.119932614267, 0.0486044660211, 0.0462050326169, 0.0394714958966, 0.0101818237454, 0.0182579625398, 0.0274872593582, 0.021311853081, 0.00302355922759, 0.00687722489238, 0.00471369409934, 0.00372680695727, 0.00489437859505, 0.00591717800125, 0.00344426347874, 0.00176464370452, 0.00636113388464, 0.00155842199456, 0.00135880953167, 0.00141320296098, 0.000116896706459, 9.3487004051e-05, 5.86780743106e-06],
        "mean": [0.00197107205167, 0.0289193447679, 0.00481458380818, 0.00259987823665, 0.00551953166723, 0.00338402506895, 0.00309563684277, 0.00256545306183, 0.00115798425395, 0.00108586077113, 0.001173604629, 0.000734727364033, 0.000315892713843, 0.000430706335464, 0.000420236057835, 0.00038165829028, 0.000636847573332, 0.000377624761313, 0.000225837691687, 0.000110309847514, 9.33254996198e-05, 5.50780459889e-05, 2.04480111279e-05, 1.14860558824e-05, 4.10774782722e-06, 1.56483849878e-06, 7.89845966409e-09],
        "median": [0.000462284195237, 0.0059924935922, 0.00281704007648, 0.00166895636357, 0.00353274447843, 0.00183868000749, 0.00109122099821, 0.00105078378692, 0.000658879231196, 0.000469423976028, 0.000596807978582, 0.000367727712728, 0.000210857513594, 0.000258047424722, 0.000256160245044, 0.000246822281042, 0.000415585382143, 0.000189070400666, 0.000136084752739, 4.81322895212e-05, 1.66981972143e-05, 8.85135250428e-06, 3.6065682707e-06, 1.77060826445e-06, 6.39693666926e-07, 5.71546081574e-08, 4.38148184401e-10],
        "min": [2.27846356893e-07, 1.49214724843e-06, 6.15110138824e-06, 8.76774447534e-06, 1.86728684639e-05, 1.2975442587e-05, 1.55986017489e-05, 3.09998267767e-06, 8.18410353531e-06, 5.30194074599e-06, 2.65725611825e-06, 4.71230123367e-06, 4.83576468469e-06, 3.19077685162e-06, 2.09129939321e-06, 9.2266664069e-06, 3.46694810105e-06, 9.94532001641e-07, 1.93760706679e-06, 4.59528394003e-07, 1.86050840512e-07, 4.74550816421e-08, 9.87882486925e-09, 1.04275854618e-09, 2.65302866481e-11, 1.05413022061e-11, 1.31350347266e-11],
        "var": [1.28058727569e-05, 0.00214141234756, 3.37827950716e-05, 8.76561716723e-06, 4.85161363031e-05, 2.2818794605e-05, 2.37923522945e-05, 1.50426803884e-05, 2.1784112505e-06, 2.68538133241e-06, 3.1624354051e-06, 1.92116294784e-06, 1.1394035937e-07, 2.97179241215e-07, 2.70832941851e-07, 1.75713580575e-07, 4.35676867028e-07, 2.43580842607e-07, 8.16075100829e-08, 3.2158947505e-08, 1.37795311161e-07, 2.17662137203e-08, 5.77201308971e-09, 3.93013532829e-09, 1.40492714684e-10, 3.83501320977e-11, 3.06593299197e-14]
    },
    "erbbands": {
        "dmean": [0.320752382278, 2.2044570446, 3.08228468895, 5.24854516983, 5.80253505707, 9.55762386322, 12.635966301, 16.026309967, 27.3388977051, 24.4285030365, 19.9809055328, 12.5990915298, 21.3228321075, 17.1589202881, 28.8741722107, 19.2542419434, 8.51942062378, 12.6047382355, 12.6282844543, 9.7166891098, 11.8291797638, 15.6280145645, 11.700630188, 6.40322637558, 5.94220638275, 3.2503015995, 3.13506031036, 2.70473647118, 1.52326118946, 0.778834998608, 0.39403834939, 0.224739566445, 0.144802927971, 0.0559285655618, 0.0223031882197, 0.008634833619, 0.00467724725604, 0.000460752518848, 1.4396460756e-05, 1.65661258507e-05],
        "dmean2": [0.478901982307, 3.54158592224, 5.31641626358, 8.87320709229, 9.93138980865, 14.9011878967, 20.4956226349, 24.8287944794, 43.2047538757, 34.6606941223, 29.6842346191, 19.7113838196, 33.9974937439, 27.6936702728, 45.5368232727, 30.5908241272, 13.7846755981, 20.4371528625, 19.2674026489, 15.1773700714, 19.1047077179, 24.6368999481, 18.3480262756, 10.0825748444, 9.75319099426, 5.12571573257, 4.89620447159, 3.98615908623, 2.18409323692, 1.10023272038, 0.565257012844, 0.313490867615, 0.231631398201, 0.0880653560162, 0.0364530682564, 0.0148031217977, 0.00855712685734, 0.000838233623654, 2.32490529015e-05, 2.47747993853e-05],
        "dvar": [0.499563127756, 22.3184661865, 29.6134662628, 58.172668457, 317.483612061, 333.117736816, 685.629333496, 1211.64221191, 2475.95800781, 2470.08227539, 972.835632324, 316.415374756, 1427.48620605, 952.245666504, 3208.21020508, 2204.90185547, 146.581802368, 393.031158447, 403.383270264, 217.403060913, 225.963363647, 439.343688965, 435.983978271, 104.689147949, 126.866127014, 38.461139679, 124.011497498, 142.058654785, 19.1696052551, 3.38735771179, 1.62951660156, 1.12957787514, 0.261225134134, 0.0233847107738, 0.00343751208857, 0.000618569785729, 0.000290627940558, 4.48969922218e-06, 1.99583327642e-09, 6.01606930939e-10],
        "dvar2": [1.14621436596, 50.2353057861, 80.2781906128, 163.056854248, 902.652587891, 710.084350586, 1922.96240234, 2792.50756836, 6043.80224609, 4949.14501953, 2045.11779785, 718.514465332, 3381.46386719, 2370.19921875, 7627.4296875, 4690.47900391, 387.085388184, 1011.10614014, 852.781066895, 472.493988037, 571.73260498, 1115.33654785, 1084.83825684, 256.779907227, 320.839355469, 82.2076797485, 270.90927124, 315.707275391, 37.9910774231, 5.88495254517, 2.83669066429, 1.70618474483, 0.569620668888, 0.050151001662, 0.00808100122958, 0.00158083997667, 0.000805767194834, 1.2515230992e-05, 4.28560742449e-09, 1.28361077323e-09],
        "max": [10.0863018036, 55.6303291321, 50.1813430786, 86.6552276611, 406.895294189, 505.592132568, 447.497497559, 504.484832764, 494.800872803, 1012.38946533, 419.61807251, 304.518585205, 422.939056396, 526.007385254, 1119.3807373, 1026.86181641, 110.207115173, 335.678314209, 292.418701172, 287.195251465, 224.013549805, 213.412185669, 406.909820557, 137.269073486, 160.205917358, 89.1261138916, 207.855636597, 264.713470459, 72.729598999, 46.8788948059, 42.1322059631, 40.9558982849, 14.590385437, 1.97456538677, 0.600570201874, 0.244678497314, 0.199777141213, 0.03632671386, 0.000918867532164, 0.000300798768876],
        "mean": [1.06513917446, 5.5679693222, 5.32446098328, 9.43086528778, 9.51511383057, 20.2009449005, 23.7040805817, 29.0038299561, 50.4270019531, 52.581703186, 43.8598480225, 27.5153675079, 35.2873306274, 29.9820632935, 47.0734138489, 33.4436225891, 16.6883220673, 21.9705162048, 22.5949344635, 18.8609676361, 25.8990688324, 34.0314292908, 24.6772499084, 12.6094608307, 10.0001325607, 5.0487818718, 3.92360234261, 3.43876957893, 2.17007899284, 1.10229361057, 0.533814847469, 0.30884334445, 0.156531095505, 0.0612648241222, 0.020507844165, 0.00712054688483, 0.00321765686385, 0.000305113760987, 3.5157896491e-05, 6.74304465065e-05],
        "median": [0.200467661023, 1.07896316051, 3.25624704361, 6.5095410347, 4.70519971848, 12.088139534, 14.4505443573, 14.8979263306, 20.451292038, 19.8901863098, 24.1040420532, 17.6919574738, 15.1233358383, 18.2688121796, 20.8349456787, 17.1475791931, 11.3155622482, 14.0296459198, 13.6602535248, 12.8880290985, 18.4953384399, 24.6292171478, 14.2990541458, 7.47755861282, 5.49154472351, 2.35985970497, 0.936848282814, 0.548226594925, 0.34920284152, 0.20823481679, 0.0907647758722, 0.0447542667389, 0.0260213892907, 0.0112685030326, 0.00204653153196, 0.000475449982332, 0.00010285541066, 1.00894440038e-05, 2.10993675864e-05, 4.46683188784e-05],
        "min": [0.000177278998308, 0.00360293430276, 0.0167836546898, 0.0254827439785, 0.032977104187, 0.0428794622421, 0.135458469391, 0.0799196511507, 0.243113204837, 0.125439628959, 0.141835555434, 0.178193330765, 0.181561842561, 0.145398795605, 0.106165476143, 0.217396050692, 0.211826816201, 0.15310074389, 0.157035782933, 0.160733178258, 0.461448907852, 0.30558821559, 0.120983831584, 0.0947010666132, 0.0520265437663, 0.0171773191541, 0.010225831531, 0.00590605800971, 0.00233584176749, 0.000968723907135, 0.000174517859705, 3.59983787348e-05, 1.78699101525e-05, 4.30723866884e-06, 1.3933649825e-06, 6.54635812225e-07, 1.64321235729e-07, 4.5139710636e-08, 1.42228103073e-07, 3.14530353762e-07],
        "var": [3.02294921875, 92.5959625244, 39.3524398804, 90.6127853394, 311.257568359, 781.162536621, 836.416442871, 2047.53112793, 4772.69775391, 6943.76806641, 3044.44042969, 1162.67016602, 2608.95361328, 1840.47912598, 5646.23583984, 3745.65649414, 265.162872314, 674.252929688, 877.468505859, 423.894683838, 622.026489258, 1074.5012207, 919.844665527, 229.909408569, 187.733123779, 64.2911148071, 177.926696777, 182.671630859, 36.1920127869, 8.73302268982, 4.62394380569, 3.39526152611, 0.520344018936, 0.0326132588089, 0.0034695500508, 0.000511765596457, 0.000188266742043, 2.75262073046e-06, 2.03077887839e-09, 3.31384830687e-09]
    },
    "gfcc": {
        "mean": [-23.9767894745, 172.745193481, -145.728851318, 37.5707054138, -38.4738616943, -7.61365413666, -21.2242450714, -1.86865985394, -5.04212665558, -11.4592628479, -2.00314450264, -5.21789264679, -3.55927038193],
        "cov": [[3028.53271484, -1243.64892578, 533.204589844, 21.7657337189, -538.388427734, 768.82421875, -226.534927368, 543.099243164, -332.240264893, 202.810195923, -88.9781188965, 199.927505493, 40.5312576294], [-1243.64892578, 1118.21496582, -161.279510498, -86.3787460327, 455.713195801, -407.111877441, 255.704788208, -210.364074707, 294.710632324, -97.5191421509, 180.955688477, -81.3261566162, 79.383354187], [533.204589844, -161.279510498, 574.552856445, -34.9718017578, 19.2122592926, 323.004547119, -48.1951789856, 215.193832397, -98.786605835, 99.4901580811, 4.07867622375, 99.3440170288, 83.1699066162], [21.7657337189, -86.3787460327, -34.9718017578, 356.230834961, 26.5221500397, 33.6622695923, 123.24193573, -86.2934875488, 115.629150391, -11.7270927429, 13.3222579956, 20.1851100922, 47.0209083557], [-538.388427734, 455.713195801, 19.2122592926, 26.5221500397, 460.613250732, -144.861053467, 145.292251587, -30.9813899994, 111.392127991, -6.05373811722, 59.7342720032, 15.1412944794, 44.3467750549], [768.82421875, -407.111877441, 323.004547119, 33.6622695923, -144.861053467, 549.53503418, 70.9553222656, 191.432647705, -72.8125152588, 76.173286438, -15.186047554, 71.7399215698, 87.8813323975], [-226.534927368, 255.704788208, -48.1951789856, 123.24193573, 145.292251587, 70.9553222656, 358.372406006, -51.1886177063, 190.810516357, 41.0668983459, 55.2054901123, -7.41987800598, 62.6725959778], [543.099243164, -210.364074707, 215.193832397, -86.2934875488, -30.9813899994, 191.432647705, -51.1886177063, 263.120391846, -85.2568511963, 55.9403190613, -1.58389651775, 51.1013450623, 18.3225917816], [-332.240264893, 294.710632324, -98.786605835, 115.629150391, 111.392127991, -72.8125152588, 190.810516357, -85.2568511963, 262.652130127, 20.2341308594, 74.2062683105, -38.6207084656, 31.3160247803], [202.810195923, -97.5191421509, 99.4901580811, -11.7270927429, -6.05373811722, 76.173286438, 41.0668983459, 55.9403190613, 20.2341308594, 146.306884766, -1.78198087215, 6.93500137329, -11.0081129074], [-88.9781188965, 180.955688477, 4.07867622375, 13.3222579956, 59.7342720032, -15.186047554, 55.2054901123, -1.58389651775, 74.2062683105, -1.78198087215, 119.757446289, 13.9271745682, 53.1358833313], [199.927505493, -81.3261566162, 99.3440170288, 20.1851100922, 15.1412944794, 71.7399215698, -7.41987800598, 51.1013450623, -38.6207084656, 6.93500137329, 13.9271745682, 108.403068542, 40.4853019714], [40.5312576294, 79.383354187, 83.1699066162, 47.0209083557, 44.3467750549, 87.8813323975, 62.6725959778, 18.3225917816, 31.3160247803, -11.0081129074, 53.1358833313, 40.4853019714, 116.294059753]],
        "icov": [[0.00101080373861, 3.09161259793e-05, 0.000265496200882, -0.000595180725213, 0.000691960041877, -0.00061791803455, 0.000394457601942, -0.00142589351162, 0.000338317622663, -0.000834032369312, 1.04645432657e-05, -0.000786326825619, -8.55016241985e-06], [3.09161259793e-05, 0.0116601279005, -0.00484587391838, 0.00814194791019, -0.00451670587063, 0.00701970560476, -0.00649152044207, 0.00479961093515, -0.00561565440148, 0.00789379328489, -0.00691644800827, 0.00514756049961, -0.00500900857151], [0.000265496200882, -0.00484587391838, 0.0063558369875, -0.00354951689951, 0.000754065578803, -0.00506529118866, 0.00458807870746, -0.00342361768708, 0.00260550295934, -0.00566608831286, 0.0031158302445, -0.00329779181629, 0.000198441950488], [-0.000595180725213, 0.00814194791019, -0.00354951689951, 0.0101383943111, -0.00338098313659, 0.00469767302275, -0.00507587054744, 0.00561549514532, -0.00606558006257, 0.00652936194092, -0.00358508969657, 0.00241762562655, -0.00427317898721], [0.000691960041877, -0.00451670587063, 0.000754065578803, -0.00338098313659, 0.00595329981297, -0.00089927285444, 0.000665303494316, -0.00338997063227, 0.00222761859186, -0.00296108284965, 0.00263394811191, -0.00314745493233, 0.00126674887724], [-0.00061791803455, 0.00701970560476, -0.00506529118866, 0.00469767302275, -0.00089927285444, 0.00990869104862, -0.00697452994063, 0.00171053374652, -0.00222579203546, 0.00515964068472, -0.00309852184728, 0.00371104851365, -0.00529734604061], [0.000394457601942, -0.00649152044207, 0.00458807870746, -0.00507587054744, 0.000665303494316, -0.00697452994063, 0.0108442287892, -0.00234872405417, -0.000443823868409, -0.00652175024152, 0.00424138875678, -0.00325851212256, 0.00130614533555], [-0.00142589351162, 0.00479961093515, -0.00342361768708, 0.00561549514532, -0.00338997063227, 0.00171053374652, -0.00234872405417, 0.0112860277295, -0.00240243179724, 0.00337657285854, -0.00390305090696, 0.00200953357853, -0.00106332404539], [0.000338317622663, -0.00561565440148, 0.00260550295934, -0.00606558006257, 0.00222761859186, -0.00222579203546, -0.000443823868409, -0.00240243179724, 0.0126464664936, -0.0058014197275, -0.000757690810133, 0.000392180401832, 0.00200975197367], [-0.000834032369312, 0.00789379328489, -0.00566608831286, 0.00652936194092, -0.00296108284965, 0.00515964068472, -0.00652175024152, 0.00337657285854, -0.0058014197275, 0.01596034877, -0.00469819735736, 0.00374858663417, 0.000441956333816], [1.04645432657e-05, -0.00691644800827, 0.0031158302445, -0.00358508969657, 0.00263394811191, -0.00309852184728, 0.00424138875678, -0.00390305090696, -0.000757690810133, -0.00469819735736, 0.0177062042058, -0.00466954661533, -0.00310015259311], [-0.000786326825619, 0.00514756049961, -0.00329779181629, 0.00241762562655, -0.00314745493233, 0.00371104851365, -0.00325851212256, 0.00200953357853, 0.000392180401832, 0.00374858663417, -0.00466954661533, 0.0164231397212, -0.00535802589729], [-8.55016241985e-06, -0.00500900857151, 0.000198441950488, -0.00427317898721, 0.00126674887724, -0.00529734604061, 0.00130614533555, -0.00106332404539, 0.00200975197367, 0.000441956333816, -0.00310015259311, -0.00535802589729, 0.019373010844]]
    },
    "melbands": {
        "dmean": [0.00290144560859, 0.00192979210988, 0.000866906833835, 0.000486705976073, 0.000449350831332, 0.000372080772649, 0.000393670081394, 0.000269262294751, 0.000165675199241, 7.62275158195e-05, 0.000107785126602, 6.9198285928e-05, 9.1738816991e-05, 5.86980786466e-05, 3.35698387062e-05, 1.72614290932e-05, 2.72012657661e-05, 2.13197727135e-05, 1.80345905392e-05, 1.4000347619e-05, 1.52366028487e-05, 1.87494933925e-05, 1.43931347338e-05, 8.51493587106e-06, 5.27264865013e-06, 5.52945448362e-06, 3.16263958666e-06, 2.13267458093e-06, 2.02100386559e-06, 2.08003189073e-06, 1.48532706135e-06, 9.36721392009e-07, 6.23779840225e-07, 3.7780415596e-07, 2.47803598086e-07, 1.78151722707e-07, 1.1985554238e-07, 1.16820444873e-07, 7.32735259135e-08, 3.87951040182e-08],
        "dmean2": [0.00447375280783, 0.00312438840047, 0.00146650220267, 0.000794643885456, 0.000722391239833, 0.000576033024117, 0.000614578311797, 0.000382888538297, 0.000248957716394, 0.000119457392429, 0.000171591847902, 0.000111893255962, 0.000147083686898, 9.25156273297e-05, 5.39872489753e-05, 2.79132218566e-05, 4.45570913143e-05, 3.27604648191e-05, 2.86084086838e-05, 2.22100916289e-05, 2.47457683145e-05, 2.97010410577e-05, 2.25486619456e-05, 1.34355259434e-05, 8.44229816721e-06, 9.26221127884e-06, 5.05309117216e-06, 3.34652372658e-06, 3.21567472383e-06, 3.22084315485e-06, 2.16367993744e-06, 1.35211269026e-06, 9.07899220692e-07, 5.40810503935e-07, 3.59840157671e-07, 2.62352529035e-07, 1.78804199891e-07, 1.89801838246e-07, 1.20016892424e-07, 6.09433357113e-08],
        "dvar": [3.97576113755e-05, 1.08896183519e-05, 1.72459874648e-06, 1.47615878632e-06, 6.86493820012e-07, 5.39473262506e-07, 5.17122202837e-07, 2.90707220074e-07, 6.40729140855e-08, 1.20852279295e-08, 3.75124820096e-08, 1.68109064447e-08, 3.68605626022e-08, 1.55721444628e-08, 4.33487512552e-09, 7.27627125219e-10, 1.89443061238e-09, 1.29185995235e-09, 7.64767582595e-10, 5.37538347167e-10, 4.0156011849e-10, 6.69315436408e-10, 4.0198394613e-10, 2.63111671339e-10, 7.09264730281e-11, 1.2479269007e-10, 3.05857769667e-11, 1.78910324056e-11, 4.55447277115e-11, 1.15023782166e-10, 3.60272610356e-11, 7.68066079487e-12, 2.47819972009e-12, 8.20039619976e-13, 6.83845937776e-13, 5.3655013375e-13, 3.84747138663e-13, 2.05391882972e-13, 5.74285763258e-14, 9.49916279533e-15],
        "dvar2": [9.08183210413e-05, 2.54694168689e-05, 4.93651850775e-06, 3.48809521711e-06, 1.84582575002e-06, 1.22303981698e-06, 1.23293079923e-06, 5.83461826409e-07, 1.37324448701e-07, 2.70939111147e-08, 8.92346960768e-08, 4.2437292791e-08, 8.76290755514e-08, 3.48443904841e-08, 9.60724388932e-09, 1.93660265602e-09, 4.9205017838e-09, 2.89286128385e-09, 1.87978010935e-09, 1.25936094886e-09, 1.0144909357e-09, 1.70904423946e-09, 9.49908263159e-10, 6.58657572927e-10, 1.76857778422e-10, 3.22392751384e-10, 7.40767169827e-11, 3.82021358991e-11, 1.00995774244e-10, 2.84358120384e-10, 7.78051234551e-11, 1.57365821762e-11, 4.65392698337e-12, 1.42787333606e-12, 1.29363750614e-12, 1.07091809379e-12, 5.6399828384e-13, 4.83366059852e-13, 1.37051530064e-13, 2.03022210046e-14],
        "max": [0.0687728896737, 0.0397109724581, 0.0142029272392, 0.0315302722156, 0.0126392943785, 0.0102660786361, 0.00894159730524, 0.0114960018545, 0.00309077184647, 0.0019966904074, 0.00229726894759, 0.00208674627356, 0.00432547461241, 0.00261848745868, 0.00109078933019, 0.000277069222648, 0.000723467383068, 0.000498919049278, 0.000413277972257, 0.000373499584384, 0.000233139071497, 0.000248114520218, 0.000273404672043, 0.000311659096042, 0.000119135918794, 0.00016527644766, 8.47893461469e-05, 7.55753571866e-05, 0.00015280189109, 0.000220846210141, 0.000120045428048, 4.56045272585e-05, 2.63148303929e-05, 2.6930392778e-05, 2.59680782619e-05, 2.53629095823e-05, 2.25826352107e-05, 1.27396870084e-05, 3.22896744365e-06, 1.05058074951e-06],
        "mean": [0.0089152129367, 0.00443243794143, 0.00158186408225, 0.00100145942997, 0.000937360920943, 0.000692113710102, 0.000747062324081, 0.000581520725973, 0.000340907718055, 0.000160639057867, 0.000171928637428, 0.000112158340926, 0.00014918166562, 0.000103223515907, 5.77860409976e-05, 2.97615952149e-05, 4.32760243712e-05, 3.57064709533e-05, 2.90544012387e-05, 2.52770860243e-05, 3.09176175506e-05, 3.62074970326e-05, 3.11364528898e-05, 1.53120618052e-05, 9.53866401687e-06, 8.39511722006e-06, 5.27011980012e-06, 2.8865299555e-06, 2.44654665948e-06, 2.3266302378e-06, 1.87011801245e-06, 1.29102943447e-06, 8.86402631295e-07, 4.95669951306e-07, 3.22199667835e-07, 2.18694424348e-07, 1.75556110094e-07, 1.19131648546e-07, 7.46639727822e-08, 4.21530153005e-08],
        "median": [0.00182506872807, 0.0021785327699, 0.0011989158811, 0.000574739649892, 0.000589156639762, 0.000369965040591, 0.000289199408144, 0.000219453155296, 0.000182148112799, 9.84032085398e-05, 7.01809767634e-05, 6.39622303424e-05, 6.98445655871e-05, 5.30902834726e-05, 3.33907773893e-05, 1.93080977624e-05, 2.61001678155e-05, 2.0556659365e-05, 1.70509301824e-05, 1.60190120368e-05, 2.06127442652e-05, 2.35945535678e-05, 1.91934723262e-05, 7.64196283853e-06, 5.50889672013e-06, 4.59758666693e-06, 2.55351415035e-06, 1.16540411454e-06, 5.75826618388e-07, 4.11724272453e-07, 2.73271751894e-07, 1.91500689084e-07, 1.59012159884e-07, 9.10129358545e-08, 4.95787375598e-08, 3.5011467503e-08, 2.24539338234e-08, 1.6267302172e-08, 1.31742741161e-08, 6.53015641561e-09],
