{
"highlevel": {
    "danceability": {
        "all": {
            "danceable": 0.74714577198,
            "not_danceable": 0.252854257822
        },
        "probability": 0.74714577198,
        "value": "danceable"
    },
    "gender": {
        "all": {
            "female": 0.0217346474528,
            "male": 0.978265345097
        },
        "probability": 0.978265345097,
        "value": "male"
    },
    "genre_dortmund": {
        "all": {
            "alternative": 0.185763254762,
            "blues": 0.0186380930245,
            "electronic": 0.0119805010036,
            "folkcountry": 0.342911094427,
            "funksoulrnb": 0.00425822846591,
            "jazz": 0.10656952858,
            "pop": 0.126790672541,
            "raphiphop": 0.00219005625695,
            "rock": 0.200898572803
        },
        "probability": 0.342911094427,
        "value": "folkcountry"
    },
    "genre_electronic": {
        "all": {
            "ambient": 0.725321173668,
            "dnb": 0.0912482365966,
            "house": 0.115235619247,
            "techno": 0.0175038017333,
            "trance": 0.050691191107
        },
        "probability": 0.725321173668,
        "value": "ambient"
    },
    "genre_rosamerica": {
        "all": {
            "cla": 0.016005596146,
            "dan": 0.0716352537274,
            "hip": 0.0206635314971,
            "jaz": 0.0244823414832,
            "pop": 0.510093927383,
            "rhy": 0.17438223958,
            "roc": 0.168948635459,
            "spe": 0.0137884579599
        },
        "probability": 0.510093927383,
        "value": "pop"
    },
    "genre_tzanetakis": {
        "all": {
            "blu": 0.0610442385077,
            "cla": 0.0339068844914,
            "cou": 0.0610288381577,
            "dis": 0.0508533753455,
            "hip": 0.152552962303,
            "jaz": 0.15253444016,
            "met": 0.0610075257719,
            "pop": 0.0610079243779,
            "reg": 0.0610093250871,
            "roc": 0.305054485798
        },
        "probability": 0.305054485798,
        "value": "roc"
    },
    "ismir04_rhythm": {
        "all": {
            "ChaChaCha": 0.165633261204,
            "Jive": 0.0415107831359,
            "Quickstep": 0.166668340564,
            "Rumba-American": 0.03234417364,
            "Rumba-International": 0.285001635551,
            "Rumba-Misc": 0.0161864683032,
            "Samba": 0.159470945597,
            "Tango": 0.0715983510017,
            "VienneseWaltz": 0.0362146534026,
            "Waltz": 0.0253713950515
        },
        "probability": 0.285001635551,
        "value": "Rumba-International"
    },
    "mood_acoustic": {
        "all": {
            "acoustic": 0.854187965393,
            "not_acoustic": 0.145812004805
        },
        "probability": 0.854187965393,
        "value": "acoustic"
    },
    "mood_aggressive": {
        "all": {
            "aggressive": 0.00917303655297,
            "not_aggressive": 0.990826964378
        },
        "probability": 0.990826964378,
        "value": "not_aggressive"
    },
    "mood_electronic": {
        "all": {
            "electronic": 0.170133411884,
            "not_electronic": 0.829866588116
        },
        "probability": 0.829866588116,
        "value": "not_electronic"
    },
    "mood_happy": {
        "all": {
            "happy": 0.487585216761,
            "not_happy": 0.512414753437
        },
        "probability": 0.512414753437,
        "value": "not_happy"
    },
    "mood_party": {
        "all": {
            "not_party": 0.88089543581,
            "party": 0.119104541838
        },
        "probability": 0.88089543581,
        "value": "not_party"
    },
    "mood_relaxed": {
        "all": {
            "not_relaxed": 0.147788852453,
            "relaxed": 0.852211117744
        },
        "probability": 0.852211117744,
        "value": "relaxed"
    },
    "mood_sad": {
        "all": {
            "not_sad": 0.0548179484904,
            "sad": 0.945182025433
        },
        "probability": 0.945182025433,
        "value": "sad"
    },
    "moods_mirex": {
        "all": {
            "Cluster1": 0.229938820004,
            "Cluster2": 0.137488305569,
            "Cluster3": 0.576194703579,
            "Cluster4": 0.0440254956484,
            "Cluster5": 0.0123526472598
        },
        "probability": 0.576194703579,
        "value": "Cluster3"
    },
    "timbre": {
        "all": {
            "bright": 0.999999642372,
            "dark": 3.53685237542e-07
        },
        "probability": 0.999999642372,
        "value": "bright"
    },
    "tonal_atonal": {
        "all": {
            "atonal": 0.00175771256909,
            "tonal": 0.998242259026
        },
        "probability": 0.998242259026,
        "value": "tonal"
    },
    "voice_instrumental": {
        "all": {
            "instrumental": 0.282751053572,
            "voice": 0.717248916626
        },
        "probability": 0.717248916626,
        "value": "voice"
    }
},
"lowlevel": {
    "average_loudness": 0.964924275875,
    "barkbands_crest": {
        "dmean": 2.40978097916,
        "dmean2": 3.98241496086,
        "dvar": 6.62609148026,
        "dvar2": 18.0029335022,
        "max": 23.2672920227,
        "mean": 10.6573619843,
        "median": 9.9701833725,
        "min": 3.3555328846,
        "var": 13.6047935486
    },
    "barkbands_flatness_db": {
        "dmean": 0.0215993206948,
        "dmean2": 0.0327202528715,
        "dvar": 0.000487151148263,
        "dvar2": 0.00113198033068,
        "max": 0.356612712145,
        "mean": 0.170605808496,
        "median": 0.166242927313,
        "min": 0.0642947480083,
        "var": 0.00201897928491
    },
    "barkbands_kurtosis": {
        "dmean": 4.02303981781,
        "dmean2": 6.45582485199,
        "dvar": 32.8838500977,
        "dvar2": 82.7182922363,
        "max": 78.0933914185,
        "mean": 8.35578632355,
        "median": 5.87770080566,
        "min": -1.93358445168,
        "var": 68.5675888062
    },
    "barkbands_skewness": {
        "dmean": 0.575312018394,
        "dmean2": 0.901683390141,
        "dvar": 0.438319355249,
        "dvar2": 1.07282292843,
        "max": 8.43097496033,
        "mean": 2.26503157616,
        "median": 2.05645751953,
        "min": -0.386252403259,
        "var": 1.08500337601
    },
    "barkbands_spread": {
        "dmean": 5.69945669174,
        "dmean2": 9.06365299225,
        "dvar": 84.6913223267,
        "dvar2": 207.726837158,
        "max": 109.394638062,
        "mean": 16.5284061432,
        "median": 12.6179924011,
        "min": 2.11058282852,
        "var": 157.664611816
    },
    "dissonance": {
        "dmean": 0.0214530713856,
        "dmean2": 0.0349131561816,
        "dvar": 0.000343455816619,
        "dvar2": 0.000927219109144,
        "max": 0.500000059605,
        "mean": 0.446158438921,
        "median": 0.44972974062,
        "min": 0.326678186655,
        "var": 0.000908500805963
    },
    "dynamic_complexity": 1.85728228092,
    "erbbands_crest": {
        "dmean": 2.31938171387,
        "dmean2": 3.66147136688,
        "dvar": 5.16903543472,
        "dvar2": 12.5251665115,
        "max": 30.2640647888,
        "mean": 9.48568248749,
        "median": 8.54205226898,
        "min": 2.80865192413,
        "var": 16.8942546844
    },
    "erbbands_flatness_db": {
        "dmean": 0.0188041701913,
        "dmean2": 0.0257418546826,
        "dvar": 0.000371434085537,
        "dvar2": 0.000678959710058,
        "max": 0.25328117609,
        "mean": 0.136210680008,
        "median": 0.137480676174,
        "min": 0.051619451493,
        "var": 0.00145261746366
    },
    "erbbands_kurtosis": {
        "dmean": 1.04236459732,
        "dmean2": 1.63230025768,
        "dvar": 2.10485696793,
        "dvar2": 4.69007253647,
        "max": 19.3935089111,
        "mean": 1.08787381649,
        "median": 0.681702136993,
        "min": -1.78523790836,
        "var": 5.34481239319
    },
    "erbbands_skewness": {
        "dmean": 0.349403440952,
        "dmean2": 0.53914552927,
        "dvar": 0.14852617681,
        "dvar2": 0.356942772865,
        "max": 4.11375284195,
        "mean": 0.91038775444,
        "median": 0.912268579006,
        "min": -2.74123358727,
        "var": 0.451257139444
    },
    "erbbands_spread": {
        "dmean": 10.7781972885,
        "dmean2": 15.9963521957,
        "dvar": 199.485595703,
        "dvar2": 425.527984619,
        "max": 148.948730469,
        "mean": 44.6776313782,
        "median": 37.9539756775,
        "min": 6.50755929947,
        "var": 565.522888184
    },
    "hfc": {
        "dmean": 8.92344379425,
        "dmean2": 12.3868637085,
        "dvar": 205.815979004,
        "dvar2": 397.85559082,
        "max": 161.88571167,
        "mean": 20.7623786926,
        "median": 15.0882492065,
        "min": 1.42297446728,
        "var": 394.140686035
    },
    "melbands_crest": {
        "dmean": 2.65237116814,
        "dmean2": 4.28818464279,
        "dvar": 7.64627361298,
        "dvar2": 19.5163974762,
        "max": 32.9783935547,
        "mean": 13.9113845825,
        "median": 12.9511795044,
        "min": 5.47820091248,
        "var": 21.1995639801
    },
    "melbands_flatness_db": {
        "dmean": 0.0263182520866,
        "dmean2": 0.03850017488,
        "dvar": 0.000804941984825,
        "dvar2": 0.00185417348985,
        "max": 0.462364733219,
        "mean": 0.23502714932,
        "median": 0.231514394283,
        "min": 0.0487636141479,
        "var": 0.0035343891941
    },
    "melbands_kurtosis": {
        "dmean": 11.5386266708,
        "dmean2": 18.8733272552,
        "dvar": 582.697570801,
        "dvar2": 1428.75793457,
        "max": 410.995178223,
        "mean": 22.2554950714,
        "median": 14.5537567139,
        "min": -0.762917995453,
        "var": 708.115844727
    },
    "melbands_skewness": {
        "dmean": 0.878263890743,
        "dmean2": 1.36409413815,
        "dvar": 1.38020563126,
        "dvar2": 3.14949297905,
        "max": 16.2824020386,
        "mean": 3.29125809669,
        "median": 2.94956326485,
        "min": -0.11383472383,
        "var": 3.04150176048
    },
    "melbands_spread": {
        "dmean": 3.91385126114,
        "dmean2": 6.30059289932,
        "dvar": 42.8305549622,
        "dvar2": 104.872940063,
        "max": 88.3589477539,
        "mean": 12.8539533615,
        "median": 10.7687501907,
        "min": 1.31882500648,
        "var": 90.0932922363
    },
    "pitch_salience": {
        "dmean": 0.0668324679136,
        "dmean2": 0.111901991069,
        "dvar": 0.00480992114171,
        "dvar2": 0.013027979061,
        "max": 0.793801188469,
        "mean": 0.540700376034,
        "median": 0.546043455601,
        "min": 0.174665436149,
        "var": 0.00868534389883
    },
    "silence_rate_20dB": {
        "dmean": 0,
        "dmean2": 0,
        "dvar": 0,
        "dvar2": 0,
        "max": 1,
        "mean": 1,
        "median": 1,
        "min": 1,
        "var": 0
    },
    "silence_rate_30dB": {
        "dmean": 0.0696594417095,
        "dmean2": 0.139426797628,
        "dvar": 0.0648068115115,
        "dvar2": 0.144773736596,
        "max": 1,
        "mean": 0.938901782036,
        "median": 1,
        "min": 0,
        "var": 0.0573653094471
    },
    "silence_rate_60dB": {
        "dmean": 0.0030959751457,
        "dmean2": 0.00619674660265,
        "dvar": 0.00308636645786,
        "dvar2": 0.00925671495497,
        "max": 1,
        "mean": 0.00154679035768,
        "median": 0,
        "min": 0,
        "var": 0.00154439371545
    },
    "spectral_centroid": {
        "dmean": 188.339874268,
        "dmean2": 301.911651611,
        "dvar": 81195.4453125,
        "dvar2": 203521.3125,
        "max": 3840.9597168,
        "mean": 848.981994629,
        "median": 735.549804688,
        "min": 207.796722412,
        "var": 194610.609375
    },
    "spectral_complexity": {
        "dmean": 3.29411768913,
        "dmean2": 4.96514320374,
        "dvar": 20.6023616791,
        "dvar2": 36.1824226379,
        "max": 49,
        "mean": 16.1245174408,
        "median": 15,
        "min": 3,
        "var": 52.5062484741
    },
    "spectral_decrease": {
        "dmean": 4.24037072122e-09,
        "dmean2": 6.7534453585e-09,
        "dvar": 6.49995018098e-17,
        "dvar2": 1.58382164475e-16,
        "max": -6.79836353878e-10,
        "mean": -1.00915782397e-08,
        "median": -8.18217937848e-09,
        "min": -7.0675241659e-08,
        "var": 6.78033330665e-17
    },
    "spectral_energy": {
        "dmean": 0.0165886431932,
        "dmean2": 0.0262010879815,
        "dvar": 0.000970613211393,
        "dvar2": 0.0023479051888,
        "max": 0.271022558212,
        "mean": 0.0399711765349,
        "median": 0.0323633663356,
        "min": 0.00284829502925,
        "var": 0.00103625433985
    },
    "spectral_energyband_high": {
        "dmean": 0.000691432447638,
        "dmean2": 0.000937114586122,
        "dvar": 1.83482598004e-06,
        "dvar2": 3.76882508135e-06,
        "max": 0.0173479858786,
        "mean": 0.00101477000862,
        "median": 0.000317908648867,
        "min": 1.93471987586e-06,
        "var": 3.20922367791e-06
    },
    "spectral_energyband_low": {
        "dmean": 0.00954113621265,
        "dmean2": 0.0156192528084,
        "dvar": 0.000644516083412,
        "dvar2": 0.0015965931816,
        "max": 0.260636717081,
        "mean": 0.0173884779215,
        "median": 0.0137032782659,
        "min": 4.67203135486e-05,
        "var": 0.000565206049941
    },
    "spectral_energyband_middle_high": {
        "dmean": 0.000899314531125,
        "dmean2": 0.00130713451654,
        "dvar": 2.02789215109e-06,
        "dvar2": 4.27992426921e-06,
        "max": 0.0246408116072,
        "mean": 0.00294583663344,
        "median": 0.00226198020391,
        "min": 6.21698200121e-05,
        "var": 6.751438832e-06
    },
    "spectral_energyband_middle_low": {
        "dmean": 0.00916051957756,
        "dmean2": 0.0149287097156,
        "dvar": 0.00038455586764,
        "dvar2": 0.00100141542498,
        "max": 0.194430410862,
        "mean": 0.0202315226197,
        "median": 0.0162797756493,
        "min": 0.00149929488543,
        "var": 0.000388706190279
    },
    "spectral_entropy": {
        "dmean": 0.206787139177,
        "dmean2": 0.296138167381,
        "dvar": 0.04937723279,
        "dvar2": 0.102305948734,
        "max": 8.58579921722,
        "mean": 7.32038497925,
        "median": 7.28664970398,
        "min": 5.82437181473,
        "var": 0.200091585517
    },
    "spectral_flux": {
        "dmean": 0.0373497642577,
        "dmean2": 0.0573967583477,
        "dvar": 0.00251708854921,
        "dvar2": 0.00499478867278,
        "max": 0.430412530899,
        "mean": 0.0904836133122,
        "median": 0.0703421533108,
        "min": 0.013020449318,
        "var": 0.00490531278774
    },
    "spectral_kurtosis": {
        "dmean": 1.7154815197,
        "dmean2": 2.74165415764,
        "dvar": 4.18154907227,
        "dvar2": 10.7059574127,
        "max": 29.4538383484,
        "mean": 4.68347549438,
        "median": 4.02105998993,
        "min": -0.937245130539,
        "var": 11.0967359543
    },
    "spectral_rms": {
        "dmean": 0.00109974713996,
        "dmean2": 0.00165151758119,
        "dvar": 2.61666150436e-06,
        "dvar2": 5.76580077905e-06,
        "max": 0.0162607580423,
        "mean": 0.00591667788103,
        "median": 0.00561907608062,
        "min": 0.00166698067915,
        "var": 3.98925203626e-06
    },
    "spectral_rolloff": {
        "dmean": 390.646789551,
        "dmean2": 671.867858887,
        "dvar": 1130204.375,
        "dvar2": 2867431.75,
        "max": 11412.5976562,
        "mean": 814.714904785,
        "median": 516.796875,
        "min": 64.599609375,
        "var": 1369488.75
    },
    "spectral_skewness": {
        "dmean": 0.237590610981,
        "dmean2": 0.366092145443,
        "dvar": 0.0595219433308,
        "dvar2": 0.129944801331,
        "max": 4.30572128296,
        "mean": 1.76636815071,
        "median": 1.73134374619,
        "min": 0.098035261035,
        "var": 0.257936775684
    },
    "spectral_spread": {
        "dmean": 920520.6875,
        "dmean2": 1294819.875,
        "dvar": 1.41545884877e+12,
        "dvar2": 3.09583229747e+12,
        "max": 13807608,
        "mean": 5270415,
        "median": 4913695,
        "min": 2003317.875,
        "var": 3.22203339981e+12
    },
    "spectral_strongpeak": {
        "dmean": 0.421093434095,
        "dmean2": 0.727181434631,
        "dvar": 0.365805804729,
        "dvar2": 0.873527884483,
        "max": 4.14391756058,
        "mean": 0.82164722681,
        "median": 0.463506966829,
        "min": 0.0502917915583,
        "var": 0.583801865578
    },
    "zerocrossingrate": {
        "dmean": 0.0112006124109,
        "dmean2": 0.0132755013183,
        "dvar": 0.000164300508914,
        "dvar2": 0.000203423289349,
        "max": 0.23193359375,
        "mean": 0.0480022393167,
        "median": 0.03955078125,
        "min": 0.0048828125,
        "var": 0.00091992970556
    },
    "barkbands": {
        "dmean": [0.000270418473519, 0.00651943264529, 0.00310496124439, 0.00261053885333, 0.00548319239169, 0.00113367207814, 0.00174782192335, 0.00125163106713, 0.000397673429688, 0.000333558069542, 0.000111731314973, 0.000207902383409, 0.000169020611793, 0.000132459943416, 0.000139133233461, 0.000134574249387, 8.89089351404e-05, 9.1320485808e-05, 7.44836070226e-05, 7.96087988419e-05, 0.000114816677524, 0.000115269845992, 9.01663297554e-05, 0.000109439926746, 0.000146220889292, 0.000147841725266, 1.14903784265e-08],
        "dmean2": [0.000401234225137, 0.0108034741133, 0.0052587701939, 0.00462099676952, 0.00913016404957, 0.00183913542423, 0.00278004352003, 0.00186595111154, 0.000614753342234, 0.000486025499413, 0.00016394679551, 0.000317714206176, 0.000278352556052, 0.000197678105906, 0.0002207425714, 0.000223087947234, 0.000137013907079, 0.000138739793329, 0.000115923263365, 0.000115590672067, 0.000164127908647, 0.000169034989085, 0.000126519036712, 0.000150809733896, 0.000216181491851, 0.00023356937163, 2.05098711348e-08],
        "dvar": [8.93339574759e-07, 0.000361473619705, 7.23185730749e-05, 4.39368195657e-05, 0.00020436142222, 4.12343388234e-06, 1.31542929012e-05, 6.99680595062e-06, 8.46587909109e-07, 5.31980163032e-07, 7.90989602706e-08, 1.23731865642e-07, 1.10838065837e-07, 9.9647145646e-08, 1.54432555632e-07, 9.30603079041e-08, 2.34001298338e-08, 3.04880316548e-08, 2.05676879972e-08, 3.80952336343e-08, 7.54384572588e-08, 1.31420918592e-07, 5.20430845086e-08, 5.6545683691e-08, 8.42272669388e-08, 9.92604611838e-08, 6.02809377528e-15],
        "dvar2": [1.67304506249e-06, 0.0009234076133, 0.000192761901417, 0.000125101694721, 0.000543054367881, 1.04490545709e-05, 3.15588367812e-05, 1.51628928506e-05, 2.050009698e-06, 1.0566183164e-06, 1.39739626093e-07, 2.68400924597e-07, 2.83336731854e-07, 1.94203522597e-07, 3.79378292337e-07, 2.48305354944e-07, 5.30376631502e-08, 6.89298502721e-08, 4.70159520205e-08, 8.15272258592e-08, 1.71397033455e-07, 3.24891487935e-07, 1.02243582489e-07, 1.09722073205e-07, 1.99227827125e-07, 2.4267890808e-07, 1.52302741138e-14],
        "max": [0.0171316992491, 0.195672288537, 0.10549159348, 0.0680295974016, 0.122329503298, 0.0314929410815, 0.0519386455417, 0.030476372689, 0.0178543087095, 0.0154487602413, 0.00832394510508, 0.00442129932344, 0.00448543205857, 0.00871829222888, 0.00570024363697, 0.00556380627677, 0.00231255567633, 0.0033126338385, 0.002334354911, 0.00295826373622, 0.00386588950641, 0.00528135895729, 0.00357202999294, 0.00430523324758, 0.00308708497323, 0.00318775302731, 1.33035894123e-06],
        "mean": [0.000321430969052, 0.0107964584604, 0.00469825649634, 0.00351619324647, 0.00728799263015, 0.00246875290759, 0.00365087622777, 0.00246452516876, 0.0007741812733, 0.000779843190685, 0.000229248864343, 0.000404645456001, 0.000308663409669, 0.000274571939372, 0.000209220757824, 0.000227151613217, 0.00016802790924, 0.000183355776244, 0.000125947874039, 0.000129483552882, 0.000188481339137, 0.00016313494416, 0.00013096681505, 0.000164910248714, 0.000165025921888, 0.000139829731779, 7.41371897206e-09],
        "median": [4.13725465478e-05, 0.00779502280056, 0.00215590884909, 0.0019007063238, 0.00357942841947, 0.00122948968783, 0.00168088474311, 0.000749396334868, 0.000419032556238, 0.000342121173162, 7.87476456026e-05, 0.000168316735653, 0.000156008725753, 7.89495024947e-05, 7.88795150584e-05, 0.000126104408992, 7.68000318203e-05, 8.48897834658e-05, 6.49740977678e-05, 5.31345067429e-05, 6.8694811489e-05, 5.00128226122e-05, 3.87929940189e-05, 5.94149787503e-05, 3.32563504344e-05, 1.28021774799e-05, 5.7717153279e-10],
        "min": [1.95279739046e-08, 2.1080136321e-06, 4.29372812505e-06, 1.62228616318e-06, 6.61818994558e-05, 4.07503357565e-05, 7.31562886358e-06, 7.65802724345e-06, 8.87567694008e-06, 4.11121664001e-06, 1.08318204184e-06, 1.66173731486e-06, 1.47681964791e-06, 2.26383758672e-06, 9.19297974633e-07, 1.14724707601e-06, 6.85248096488e-07, 1.01221939985e-06, 6.84925396399e-07, 6.12971234659e-07, 1.15488013819e-07, 9.77360770094e-08, 8.88316691317e-08, 1.99464309958e-07, 2.11191224508e-08, 4.06370909145e-10, 1.39980110836e-11],
        "var": [1.32128707264e-06, 0.000301170250168, 6.07425281487e-05, 3.23463718814e-05, 0.000175022447365, 1.21524690258e-05, 2.52709232882e-05, 1.79788185051e-05, 1.24722430428e-06, 1.42071712617e-06, 2.78759529238e-07, 3.91374840092e-07, 2.28631762411e-07, 4.66083179163e-07, 2.31375338444e-07, 1.25072702417e-07, 6.36720542957e-08, 8.18787739831e-08, 3.24577342781e-08, 5.47669536388e-08, 1.1233092323e-07, 1.44260795309e-07, 8.32251245697e-08, 1.03058283685e-07, 1.11431781136e-07, 1.05293104014e-07, 3.86147709335e-15]
    },
    "erbbands": {
        "dmean": [0.158800438046, 1.61415636539, 3.92422223091, 5.51580095291, 18.7993659973, 15.0333375931, 9.84568691254, 10.3949489594, 22.8045787811, 24.5231838226, 22.4558830261, 8.83368682861, 8.32132339478, 9.14830112457, 5.81070804596, 6.49600076675, 7.82605695724, 5.57471323013, 6.95060443878, 7.16322803497, 7.71518516541, 4.70673561096, 4.74243450165, 4.31960248947, 3.81730031967, 3.64563822746, 4.13261842728, 4.84618663788, 4.41635227203, 3.13078308105, 2.60952019691, 2.13986110687, 1.99704384804, 1.50186538696, 1.20249307156, 0.64815890789, 0.299660235643, 0.0270900111645, 0.000479269045172, 3.76040188712e-05],
        "dmean2": [0.254038393497, 2.69552230835, 6.70551967621, 9.4957857132, 32.505405426, 24.0215129852, 15.816037178, 16.8261451721, 36.9840927124, 37.0147018433, 33.5660133362, 13.6982946396, 12.6902399063, 12.9007883072, 8.54701900482, 9.80289459229, 12.9124212265, 8.68287754059, 10.2533607483, 11.3451833725, 12.8424987793, 7.32430553436, 7.1804728508, 6.70444059372, 5.92456054688, 5.21384334564, 5.8442902565, 6.92161035538, 6.53037118912, 4.28250598907, 3.70236825943, 3.11195087433, 2.83361124992, 2.14369821548, 1.87912881374, 1.03494429588, 0.475619375706, 0.0438107289374, 0.00076692836592, 5.76882339374e-05],
        "dvar": [0.255598187447, 22.433757782, 130.467895508, 141.987213135, 3424.05834961, 951.829223633, 253.083465576, 438.530181885, 1863.82373047, 4864.05859375, 1854.18115234, 323.060333252, 505.140869141, 398.245178223, 188.642242432, 124.482597351, 237.207824707, 180.073776245, 284.898040771, 412.93649292, 175.874908447, 81.2696990967, 89.9762496948, 57.4070281982, 117.221824646, 62.0734329224, 82.8516921997, 157.562850952, 258.580810547, 54.7649421692, 41.7077560425, 24.8816165924, 18.4895153046, 7.64250040054, 7.43609333038, 2.09256100655, 0.416860938072, 0.00384174892679, 1.13313262773e-06, 4.55934712207e-09],
        "dvar2": [0.596229076385, 59.0887107849, 351.858795166, 390.332061768, 9304.02050781, 2425.10620117, 649.140380859, 1092.2388916, 4349.04882812, 11819.7539062, 3915.4987793, 830.181274414, 1102.6340332, 657.961730957, 409.429473877, 245.472137451, 620.740478516, 439.517089844, 566.232788086, 977.242553711, 479.427032471, 179.597229004, 211.846237183, 134.484191895, 287.740386963, 128.731124878, 187.113998413, 365.07321167, 656.06427002, 114.783088684, 81.7948684692, 53.4241333008, 35.167224884, 16.2210121155, 18.6947422028, 5.30723333359, 1.01290857792, 0.00912009738386, 2.66652818937e-06, 1.01487191984e-08],
        "max": [8.97606468201, 42.0244789124, 143.497344971, 109.795051575, 532.00970459, 290.583862305, 205.536758423, 332.806396484, 644.635925293, 1645.6282959, 598.011108398, 290.275817871, 415.535858154, 474.960479736, 292.882904053, 209.834594727, 227.594619751, 279.471099854, 283.962371826, 373.399749756, 203.021255493, 152.916992188, 207.280044556, 82.1449737549, 257.755371094, 90.3259887695, 111.88520813, 177.872467041, 246.926559448, 93.6321334839, 112.223640442, 73.0184173584, 78.8822784424, 46.1725006104, 23.5989131927, 15.0832595825, 6.2697224617, 0.585209727287, 0.00997235160321, 0.00057176174596],
        "mean": [0.216497644782, 2.70468378067, 6.26151752472, 8.50710391998, 20.5655498505, 22.541513443, 19.0433483124, 23.5360908508, 49.5401992798, 50.8428421021, 46.3118591309, 18.1479110718, 18.3762588501, 22.5791816711, 13.6182918549, 14.5721187592, 14.9507761002, 11.3306407928, 12.8778562546, 11.7056455612, 13.1533632278, 9.33909416199, 9.87814235687, 8.29394245148, 6.43135976791, 6.21368551254, 6.9464802742, 7.24645614624, 5.86147403717, 4.71468877792, 3.81645107269, 2.98668265343, 3.03510355949, 1.92854094505, 1.16847765446, 0.602170467377, 0.279595315456, 0.024923266843, 0.000467199919512, 6.74264301779e-05],
        "median": [0.115864887834, 2.02144742012, 3.5300514698, 5.72921848297, 9.25163269043, 12.2674980164, 10.0132427216, 12.0055446625, 25.0948486328, 20.8765716553, 14.3193025589, 10.5418558121, 9.80513477325, 10.317741394, 7.1224822998, 7.01898145676, 8.36601924896, 4.27277565002, 4.17398309708, 5.52914237976, 7.48253536224, 4.73094892502, 4.83020544052, 4.62550640106, 3.43806600571, 2.62716007233, 2.89507365227, 2.15989208221, 1.38434863091, 1.67517542839, 1.20278561115, 0.9569465518, 1.14203107357, 0.523059666157, 0.135732099414, 0.0616413392127, 0.0224355049431, 0.00180854403879, 5.42055713595e-05, 4.36967166024e-05],
        "min": [0.000175323410076, 0.00193155405577, 0.0067090257071, 0.036423470825, 0.122239477932, 0.151910409331, 0.243419289589, 0.302784860134, 0.391651034355, 0.278944194317, 0.341232776642, 0.410563707352, 0.487121224403, 0.375011831522, 0.191520228982, 0.119735442102, 0.126656293869, 0.101222649217, 0.0930233597755, 0.0561439469457, 0.0801636055112, 0.0446007549763, 0.0572412870824, 0.0387071594596, 0.0373750589788, 0.0324194990098, 0.00613548140973, 0.0156297534704, 0.00355087756179, 0.00770537415519, 0.00204293848947, 0.00155902770348, 0.00236111762933, 0.0006261394592, 6.32461669738e-05, 2.15642030525e-05, 1.24602120195e-05, 1.93607115762e-06, 2.37377025769e-06, 3.71034025193e-06],
        "var": [0.280449539423, 16.6270446777, 98.0654754639, 116.351921082, 2527.20825195, 1071.32739258, 681.78503418, 1273.65478516, 4170.88916016, 7646.45019531, 5897.68359375, 524.532653809, 821.363220215, 1275.98815918, 422.303253174, 572.591918945, 458.49710083, 485.087493896, 823.061279297, 602.617797852, 277.052093506, 210.407241821, 237.361434937, 109.542678833, 128.769790649, 103.621398926, 132.224319458, 213.720123291, 252.585357666, 88.0336685181, 66.2682952881, 37.4659843445, 34.6815376282, 13.2082834244, 7.58121919632, 2.0820119381, 0.438481599092, 0.00392702082172, 1.19829473988e-06, 5.56480861391e-09]
    },
    "gfcc": {
        "mean": [19.2326278687, 101.097366333, -87.6642150879, 34.6673088074, -63.7992668152, 15.5910539627, -41.2109565735, 12.9712238312, -23.8186035156, 5.31036281586, -16.117805481, 0.564532160759, -12.4948577881],
        "cov": [[2527.88305664, -1220.20495605, 141.776855469, 18.9091930389, -106.791290283, 82.6741638184, -190.096817017, 136.661987305, -136.173202515, 187.874389648, -148.921661377, 159.546279907, -147.531478882], [-1220.20495605, 1279.78857422, -256.495117188, -60.6323699951, 99.9783554077, -21.9930171967, 194.614440918, -85.8086242676, 177.648620605, -145.978820801, 206.581680298, -156.989547729, 122.278312683], [141.776855469, -256.495117188, 636.28692627, 39.5735931396, 99.7955474854, 99.0783157349, 9.43101215363, 44.75415802, -109.158996582, 69.0607299805, -108.145278931, 64.7829666138, -69.3322982788], [18.9091930389, -60.6323699951, 39.5735931396, 272.695495605, 53.9895820618, 15.9173669815, 19.5762729645, -16.1574306488, 4.06024360657, -36.0727767944, 24.9232120514, 5.1143450737, 35.4944038391], [-106.791290283, 99.9783554077, 99.7955474854, 53.9895820618, 181.097381592, 35.6997375488, 39.9980697632, 20.9977741241, 11.4855070114, 1.09743881226, -13.1833686829, 5.19983005524, 13.7188138962], [82.6741638184, -21.9930171967, 99.0783157349, 15.9173669815, 35.6997375488, 162.102539062, 39.1888465881, 22.0735912323, 3.62511968613, 7.04215764999, -0.489183396101, -21.9741764069, -3.13113307953], [-190.096817017, 194.614440918, 9.43101215363, 19.5762729645, 39.9980697632, 39.1888465881, 148.436935425, 4.90660381317, 31.2138557434, 0.590407848358, 40.0984649658, -6.03879165649, 6.93028926849], [136.661987305, -85.8086242676, 44.75415802, -16.1574306488, 20.9977741241, 22.0735912323, 4.90660381317, 95.5472183228, 16.7044391632, 24.5926418304, -18.7539691925, 16.9460792542, -11.4992332458], [-136.173202515, 177.648620605, -109.158996582, 4.06024360657, 11.4855070114, 3.62511968613, 31.2138557434, 16.7044391632, 102.81665802, -1.2511960268, 40.2062072754, -40.8822631836, 27.742723465], [187.874389648, -145.978820801, 69.0607299805, -36.0727767944, 1.09743881226, 7.04215764999, 0.590407848358, 24.5926418304, -1.2511960268, 107.943244934, -23.5157489777, 19.4102878571, -31.3116874695], [-148.921661377, 206.581680298, -108.145278931, 24.9232120514, -13.1833686829, -0.489183396101, 40.0984649658, -18.7539691925, 40.2062072754, -23.5157489777, 116.252502441, 2.57461476326, 37.0105476379], [159.546279907, -156.989547729, 64.7829666138, 5.1143450737, 5.19983005524, -21.9741764069, -6.03879165649, 16.9460792542, -40.8822631836, 19.4102878571, 2.57461476326, 109.44556427, 0.679042160511], [-147.531478882, 122.278312683, -69.3322982788, 35.4944038391, 13.7188138962, -3.13113307953, 6.93028926849, -11.4992332458, 27.742723465, -31.3116874695, 37.0105476379, 0.679042160511, 73.6575317383]],
        "icov": [[0.000859240884893, 0.000517762033269, 0.000388218584703, -0.000226743795793, 8.79294530023e-05, -0.000696990813594, 0.000542433816008, -0.000558851286769, 0.000176943009137, -0.000612543255556, -0.000138442468597, -0.000584344204981, 0.000899785372894], [0.000517762033269, 0.00488801626489, -0.00117995601613, 0.00340557959862, -0.0029568518512, 0.00254565663636, -0.00347843626514, 0.00204445957206, -0.00288496166468, 0.00389671651646, -0.00609687389806, 0.00533089088276, -0.00276645785198], [0.000388218584703, -0.00117995601613, 0.00368057121523, -0.00176973128691, -0.000212911414565, -0.00275271572173, 0.00104480434675, -0.00140818627551, 0.00333065958694, -0.00265587377362, 0.00331145036034, -0.00300036836416, 0.00263843708672], [-0.000226743795793, 0.00340557959862, -0.00176973128691, 0.00720748212188, -0.00335503765382, 0.00242237863131, -0.00308493291959, 0.00268396059982, -0.00252253888175, 0.00460700830445, -0.0053446656093, 0.00437904335558, -0.00425590621307], [8.79294530023e-05, -0.0029568518512, -0.000212911414565, -0.00335503765382, 0.00939008314162, -0.00238526426256, 0.000849766540341, -0.00233714398928, 0.00031904320349, -0.00249569839798, 0.00568423513323, -0.00417619384825, 0.000207232980756], [-0.000696990813594, 0.00254565663636, -0.00275271572173, 0.00242237863131, -0.00238526426256, 0.0107641331851, -0.00449004303664, -0.000167408114066, -0.000964563107118, 0.00298848119564, -0.00518182571977, 0.00749231409281, -0.00391395017505], [0.000542433816008, -0.00347843626514, 0.00104480434675, -0.00308493291959, 0.000849766540341, -0.00449004303664, 0.0123936291784, -0.0018674879102, 0.000374651688617, -0.0039310134016, 0.0016335924156, -0.0054553761147, 0.0049415291287], [-0.000558851286769, 0.00204445957206, -0.00140818627551, 0.00268396059982, -0.00233714398928, -0.000167408114066, -0.0018674879102, 0.0160273816437, -0.00821633264422, 0.00209780875593, 4.40159383288e-05, -0.00149375956971, -4.8079957196e-05], [0.000176943009137, -0.00288496166468, 0.00333065958694, -0.00252253888175, 0.00031904320349, -0.000964563107118, 0.000374651688617, -0.00821633264422, 0.0226470194757, -0.00685511296615, -0.000790931051597, 0.00454689422622, -0.00301250535995], [-0.000612543255556, 0.00389671651646, -0.00265587377362, 0.00460700830445, -0.00249569839798, 0.00298848119564, -0.0039310134016, 0.00209780875593, -0.00685511296615, 0.0169791374356, -0.00424340507016, 0.00253912853077, 0.000781983602792], [-0.000138442468597, -0.00609687389806, 0.00331145036034, -0.0053446656093, 0.00568423513323, -0.00518182571977, 0.0016335924156, 4.40159383288e-05, -0.000790931051597, -0.00424340507016, 0.0228278338909, -0.0115686552599, 0.00124122179113], [-0.000584344204981, 0.00533089088276, -0.00300036836416, 0.00437904335558, -0.00417619384825, 0.00749231409281, -0.0054553761147, -0.00149375956971, 0.00454689422622, 0.00253912853077, -0.0115686552599, 0.0224134568125, -0.00860508903861], [0.000899785372894, -0.00276645785198, 0.00263843708672, -0.00425590621307, 0.000207232980756, -0.00391395017505, 0.0049415291287, -4.8079957196e-05, -0.00301250535995, 0.000781983602792, 0.00124122179113, -0.00860508903861, 0.0247507933527]]
    },
    "melbands": {
        "dmean": [0.00161719345488, 0.00209873169661, 0.00131585914642, 0.00138300051913, 0.000361207145033, 0.000227111944696, 0.000348104018485, 0.00028597319033, 0.00015366775915, 5.30768702447e-05, 4.43036333309e-05, 4.17466108047e-05, 1.73770640686e-05, 2.64086775132e-05, 1.71113188117e-05, 1.44641226143e-05, 1.08743752207e-05, 1.2318334484e-05, 1.01543419078e-05, 8.46134207677e-06, 9.32685179578e-06, 4.92743447467e-06, 5.67058259549e-06, 4.43416456619e-06, 3.58792522093e-06, 3.09159781864e-06, 2.9528464438e-06, 2.42655323746e-06, 2.62574531007e-06, 2.94962069347e-06, 2.80321046375e-06, 2.67751192951e-06, 2.1675195967e-06, 1.62224068845e-06, 1.50867663251e-06, 1.53679491177e-06, 1.25243514049e-06, 1.35714435601e-06, 1.50328969539e-06, 1.23037773392e-06],
        "dmean2": [0.00262485584244, 0.00354369194247, 0.00226533738896, 0.00232675508596, 0.000562164059374, 0.000368706008885, 0.000563482404687, 0.000423705001594, 0.000232079153648, 8.16106548882e-05, 6.73331305734e-05, 5.88958173466e-05, 2.50348475674e-05, 4.05338723795e-05, 2.71235421678e-05, 2.39564251387e-05, 1.68855785887e-05, 1.79541821126e-05, 1.63933382282e-05, 1.37012848427e-05, 1.56438818522e-05, 7.70925635152e-06, 8.79084018379e-06, 6.75803221384e-06, 5.7379215832e-06, 4.80718790641e-06, 4.66645997221e-06, 3.48061576005e-06, 3.80499886887e-06, 4.35177844338e-06, 4.10616257795e-06, 4.08251025874e-06, 3.17151307172e-06, 2.29322927225e-06, 2.18019431486e-06, 2.31287913266e-06, 1.86533759461e-06, 1.9597107439e-06, 2.19009189095e-06, 1.84047394214e-06],
        "dvar": [2.24657360377e-05, 3.6995344999e-05, 1.06799352579e-05, 1.43733741425e-05, 3.18432341828e-07, 1.94076662297e-07, 4.45399308546e-07, 5.08051130055e-07, 8.37370564e-08, 1.361421198e-08, 1.37122739829e-08, 8.14570988439e-09, 1.62087621103e-09, 2.21882689999e-09, 1.23321686196e-09, 9.77218639342e-10, 7.03315128359e-10, 9.09831099349e-10, 1.02946540181e-09, 6.13546990991e-10, 2.34111535713e-10, 1.05868570854e-10, 1.00784644519e-10, 7.31864985282e-11, 4.2306769199e-11, 3.84731170533e-11, 9.60611243328e-11, 2.68576827445e-11, 3.28658697479e-11, 5.10137002085e-11, 6.01015209822e-11, 9.57177739846e-11, 4.52222564951e-11, 1.46410869539e-11, 1.42227557856e-11, 1.65248214418e-11, 8.22159961639e-12, 9.59429063974e-12, 9.52799384529e-12, 5.44979729747e-12],
        "dvar2": [5.53924910491e-05, 9.83500794973e-05, 2.93845769193e-05, 3.86178180634e-05, 7.608742294e-07, 4.88423324896e-07, 1.0433435591e-06, 1.21291554933e-06, 1.7633766447e-07, 3.4056487408e-08, 3.01300246974e-08, 1.36338185186e-08, 2.90543478165e-09, 4.91784390988e-09, 3.02222336046e-09, 2.63825405966e-09, 1.60478830225e-09, 1.58317736698e-09, 2.74378386678e-09, 1.49861323351e-09, 6.35502817037e-10, 2.3327795251e-10, 2.54479243234e-10, 1.62299437778e-10, 1.02432312632e-10, 8.90676213339e-11, 2.49376574946e-10, 5.82564343987e-11, 7.5464849647e-11, 1.16831558317e-10, 1.43740644387e-10, 2.43009112832e-10, 1.13236177379e-10, 2.97537966487e-11, 2.71250313877e-11, 3.84478039683e-11, 1.76097504634e-11, 1.79726355326e-11, 2.07541501346e-11, 1.20480266388e-11],
        "max": [0.0649731308222, 0.0703389719129, 0.0316320806742, 0.0322871692479, 0.00801873300225, 0.00710895191878, 0.00932634621859, 0.0158109460026, 0.0040125050582, 0.0020998835098, 0.00225780718029, 0.0020027179271, 0.00103396573104, 0.000578362727538, 0.000560551183298, 0.000628841749858, 0.000669729954097, 0.000650017871521, 0.000518740620464, 0.000533635611646, 0.000193827509065, 0.000169222519617, 0.000163246048032, 0.000159759438247, 6.96114439052e-05, 0.000119750788144, 0.000220628178795, 6.51277368888e-05, 7.00096206856e-05, 0.00012638825865, 0.000126274753711, 0.000166173267644, 0.000122593672131, 5.11076978e-05, 7.2988026659e-05, 6.36367840343e-05, 4.67686695629e-05, 5.84032786719e-05, 5.26453695784e-05, 3.48099565599e-05],
        "mean": [0.00252601969987, 0.00353368907236, 0.00181958195753, 0.0017080194084, 0.000712999841198, 0.000517586246133, 0.00075394148007, 0.000584482157137, 0.000320576044032, 0.000102626741864, 9.54893985181e-05, 0.00010081774235, 4.05919890909e-05, 5.02125585626e-05, 3.34932592523e-05, 2.64316695393e-05, 2.12437626033e-05, 2.30031037063e-05, 1.51140411617e-05, 1.44954319694e-05, 1.47474274854e-05, 8.49070329423e-06, 1.06056495497e-05, 8.64813955559e-06, 6.4176201704e-06, 5.16704358233e-06, 4.3683144213e-06, 3.9113551793e-06, 4.32195747635e-06, 4.50375728178e-06, 3.94183780372e-06, 3.36240987053e-06, 3.07354571305e-06, 2.350306886e-06, 2.17318552131e-06, 2.05290712074e-06, 1.68026508618e-06, 2.02393198379e-06, 2.12804752664e-06, 1.47188188748e-06],
        "median": [0.00163749139756, 0.00257305521518, 0.00111001520418, 0.000856397789903, 0.000388102285797, 0.000268167845206, 0.000390640168916, 0.000242234425968, 0.000105031496787, 5.98617807555e-05, 4.91086939292e-05, 4.3709671445e-05, 1.79383932846e-05, 1.90730333998e-05, 1.67603484442e-05, 1.43516217577e-05, 6.68228540235e-06, 6.3116876845e-06, 5.76809134145e-06, 7.5472116805e-06, 8.12073631096e-06, 3.49020842805e-06, 4.50901643489e-06, 3.81793097404e-06, 3.49687365997e-06, 2.88811315841e-06, 1.94496806216e-06, 1.55984230332e-06, 1.74607691861e-06, 1.61003458743e-06, 1.07330117771e-06, 6.88183206421e-07, 9.80006234386e-07, 7.69086796026e-07, 5.99684369718e-07, 6.36275103716e-07, 5.00671148984e-07, 6.54208349715e-07, 8.08015158782e-07, 3.06927461224e-07],
        "min": [3.7940628772e-07, 3.00899887407e-06, 6.01435931458e-06, 1.29768086481e-05, 8.4006896941e-06, 7.14517500455e-06, 3.11032158606e-06, 2.78169977719e-06, 1.57353827035e-06, 1.31308490836e-06, 6.50682750347e-07, 1.21866992231e-06, 4.28472418434e-07, 3.35790957706e-07, 1.00703360317e-07, 1.08106235075e-07, 2.05869071124e-07, 1.55628413268e-07, 4.9811934133e-08, 8.77597230442e-08, 8.64043911974e-08, 3.71323594095e-08, 4.21724450916e-08, 4.71174637084e-08, 2.81489977993e-08, 2.74323195271e-08, 2.96063458194e-08, 1.81259256493e-08, 2.2941455402e-09, 2.6886428639e-09, 7.86841169997e-09, 1.87088100567e-09, 1.6645995693e-09, 5.0790793793e-09, 1.75794698243e-10, 2.37322522745e-10, 8.56312520892e-10, 9.50100886854e-10, 6.47794387576e-11, 4.54442837527e-11],
