{
"highlevel": {
    "danceability": {
        "all": {
            "danceable": 0.815079748631,
            "not_danceable": 0.184920251369
        },
        "probability": 0.815079748631,
        "value": "danceable"
    },
    "gender": {
        "all": {
            "female": 0.379307866096,
            "male": 0.620692133904
        },
        "probability": 0.620692133904,
        "value": "male"
    },
    "genre_dortmund": {
        "all": {
            "alternative": 0.0241261627525,
            "blues": 0.166806325316,
            "electronic": 0.0145649807528,
            "folkcountry": 0.154720500112,
            "funksoulrnb": 0.154109731317,
            "jazz": 0.222764447331,
            "pop": 0.0748874768615,
            "raphiphop": 0.0738103836775,
            "rock": 0.114210002124
        },
        "probability": 0.222764447331,
        "value": "jazz"
    },
    "genre_electronic": {
        "all": {
            "ambient": 0.421469688416,
            "dnb": 0.0719371661544,
            "house": 0.262918770313,
            "techno": 0.0132399415597,
            "trance": 0.230434432626
        },
        "probability": 0.421469688416,
        "value": "ambient"
    },
    "genre_rosamerica": {
        "all": {
            "cla": 0.10681335628,
            "dan": 0.0419263131917,
            "hip": 0.0586430467665,
            "jaz": 0.0746018886566,
            "pop": 0.236069217324,
            "rhy": 0.348009467125,
            "roc": 0.0893602743745,
            "spe": 0.0445764176548
        },
        "probability": 0.348009467125,
        "value": "rhy"
    },
    "genre_tzanetakis": {
        "all": {
            "blu": 0.0626613423228,
            "cla": 0.0348169617355,
            "cou": 0.104475811124,
            "dis": 0.0784321576357,
            "hip": 0.15692435205,
            "jaz": 0.313974827528,
            "met": 0.0448166541755,
            "pop": 0.0627359300852,
            "reg": 0.0627360641956,
            "roc": 0.0784258767962
        },
        "probability": 0.313974827528,
        "value": "jaz"
    },
    "ismir04_rhythm": {
        "all": {
            "ChaChaCha": 0.0664330497384,
            "Jive": 0.0699136406183,
            "Quickstep": 0.504806995392,
            "Rumba-American": 0.0132253943011,
            "Rumba-International": 0.0351113602519,
            "Rumba-Misc": 0.00901722814888,
            "Samba": 0.216166079044,
            "Tango": 0.00907524581999,
            "VienneseWaltz": 0.0656305626035,
            "Waltz": 0.0106204310432
        },
        "probability": 0.504806995392,
        "value": "Quickstep"
    },
    "mood_acoustic": {
        "all": {
            "acoustic": 0.557282328606,
            "not_acoustic": 0.442717671394
        },
        "probability": 0.557282328606,
        "value": "acoustic"
    },
    "mood_aggressive": {
        "all": {
            "aggressive": 0.0151919126511,
            "not_aggressive": 0.984808087349
        },
        "probability": 0.984808087349,
        "value": "not_aggressive"
    },
    "mood_electronic": {
        "all": {
            "electronic": 0.176697045565,
            "not_electronic": 0.823302984238
        },
        "probability": 0.823302984238,
        "value": "not_electronic"
    },
    "mood_happy": {
        "all": {
            "happy": 0.95726698637,
            "not_happy": 0.042733002454
        },
        "probability": 0.95726698637,
        "value": "happy"
    },
    "mood_party": {
        "all": {
            "not_party": 0.75599861145,
            "party": 0.244001403451
        },
        "probability": 0.75599861145,
        "value": "not_party"
    },
    "mood_relaxed": {
        "all": {
            "not_relaxed": 0.918887078762,
            "relaxed": 0.0811129063368
        },
        "probability": 0.918887078762,
        "value": "not_relaxed"
    },
    "mood_sad": {
        "all": {
            "not_sad": 0.543173253536,
            "sad": 0.456826746464
        },
        "probability": 0.543173253536,
        "value": "not_sad"
    },
    "moods_mirex": {
        "all": {
            "Cluster1": 0.101458102465,
            "Cluster2": 0.42994505167,
            "Cluster3": 0.150807157159,
            "Cluster4": 0.277912974358,
            "Cluster5": 0.0398766919971
        },
        "probability": 0.42994505167,
        "value": "Cluster2"
    },
    "timbre": {
        "all": {
            "bright": 0.999999940395,
            "dark": 8.28128321473e-08
        },
        "probability": 0.999999940395,
        "value": "bright"
    },
    "tonal_atonal": {
        "all": {
            "atonal": 0.0013468839461,
            "tonal": 0.998653113842
        },
        "probability": 0.998653113842,
        "value": "tonal"
    },
    "voice_instrumental": {
        "all": {
            "instrumental": 0.00314818671905,
            "voice": 0.996851801872
        },
        "probability": 0.996851801872,
        "value": "voice"
    }
},
"lowlevel": {
    "average_loudness": 0.96142488718,
    "barkbands_crest": {
        "dmean": 2.96824121475,
        "dmean2": 4.54540967941,
        "dvar": 7.31819248199,
        "dvar2": 17.9618911743,
        "max": 23.4862880707,
        "mean": 9.93180656433,
        "median": 9.33729171753,
        "min": 2.37318205833,
        "var": 19.4469642639
    },
    "barkbands_flatness_db": {
        "dmean": 0.0283510610461,
        "dmean2": 0.0411857664585,
        "dvar": 0.000624315813184,
        "dvar2": 0.00138125719968,
        "max": 0.320343703032,
        "mean": 0.153264075518,
        "median": 0.146719142795,
        "min": 0.0582579858601,
        "var": 0.00245057744905
    },
    "barkbands_kurtosis": {
        "dmean": 3.20951461792,
        "dmean2": 4.71740913391,
        "dvar": 21.1080589294,
        "dvar2": 39.7049407959,
        "max": 59.4636802673,
        "mean": 4.04472780228,
        "median": 1.44650554657,
        "min": -1.77600419521,
        "var": 56.3989334106
    },
    "barkbands_skewness": {
        "dmean": 0.659761488438,
        "dmean2": 0.951772511005,
        "dvar": 0.422335207462,
        "dvar2": 0.800430476665,
        "max": 7.1480755806,
        "mean": 1.37781465054,
        "median": 1.09024584293,
        "min": -1.29277086258,
        "var": 1.70855128765
    },
    "barkbands_spread": {
        "dmean": 7.40486431122,
        "dmean2": 11.3196144104,
        "dvar": 70.5077590942,
        "dvar2": 158.750427246,
        "max": 74.7916107178,
        "mean": 21.2811660767,
        "median": 18.3921451569,
        "min": 2.00829696655,
        "var": 173.378189087
    },
    "dissonance": {
        "dmean": 0.0249306503683,
        "dmean2": 0.0413397662342,
        "dvar": 0.00055523251649,
        "dvar2": 0.00139495520853,
        "max": 0.498855739832,
        "mean": 0.450835108757,
        "median": 0.458523958921,
        "min": 0.290352106094,
        "var": 0.00114245689474
    },
    "dynamic_complexity": 3.0150001049,
    "erbbands_crest": {
        "dmean": 3.30871582031,
        "dmean2": 5.14614439011,
        "dvar": 9.81289577484,
        "dvar2": 22.5966911316,
        "max": 30.759683609,
        "mean": 9.80316925049,
        "median": 8.68000602722,
        "min": 2.26147150993,
        "var": 24.2293949127
    },
    "erbbands_flatness_db": {
        "dmean": 0.0265687219799,
        "dmean2": 0.0378049463034,
        "dvar": 0.000579549639951,
        "dvar2": 0.00107843696605,
        "max": 0.31995549798,
        "mean": 0.183659285307,
        "median": 0.182267218828,
        "min": 0.091116219759,
        "var": 0.00176105624996
    },
    "erbbands_kurtosis": {
        "dmean": 1.23494756222,
        "dmean2": 1.92139518261,
        "dvar": 3.31568074226,
        "dvar2": 7.08598661423,
        "max": 20.0883827209,
        "mean": 0.736081182957,
        "median": -0.125313520432,
        "min": -1.72213244438,
        "var": 6.65429162979
    },
    "erbbands_skewness": {
        "dmean": 0.45581933856,
        "dmean2": 0.67060738802,
        "dvar": 0.169266626239,
        "dvar2": 0.358403295279,
        "max": 3.74395918846,
        "mean": 0.491803020239,
        "median": 0.371163249016,
        "min": -1.80436193943,
        "var": 0.683562994003
    },
    "erbbands_spread": {
        "dmean": 11.2580547333,
        "dmean2": 16.645236969,
        "dvar": 144.954391479,
        "dvar2": 290.526824951,
        "max": 126.466308594,
        "mean": 37.5111351013,
        "median": 33.384677887,
        "min": 5.3053188324,
        "var": 397.349395752
    },
    "hfc": {
        "dmean": 8.10762405396,
        "dmean2": 11.2971458435,
        "dvar": 79.3589782715,
        "dvar2": 157.184936523,
        "max": 106.271842957,
        "mean": 18.9682445526,
        "median": 15.4923086166,
        "min": 0.0315235778689,
        "var": 242.426376343
    },
    "melbands_crest": {
        "dmean": 3.86331152916,
        "dmean2": 5.88316249847,
        "dvar": 13.01567173,
        "dvar2": 26.5539398193,
        "max": 30.6007232666,
        "mean": 14.522190094,
        "median": 13.0712690353,
        "min": 3.7859826088,
        "var": 43.8587341309
    },
    "melbands_flatness_db": {
        "dmean": 0.0350812673569,
        "dmean2": 0.0495471395552,
        "dvar": 0.0010767596541,
        "dvar2": 0.00221432303078,
        "max": 0.424513727427,
        "mean": 0.176397442818,
        "median": 0.1675914675,
        "min": 0.0270810034126,
        "var": 0.00499437889084
    },
    "melbands_kurtosis": {
        "dmean": 8.20344257355,
        "dmean2": 12.0674285889,
        "dvar": 180.077209473,
        "dvar2": 354.663116455,
        "max": 217.301345825,
        "mean": 12.750246048,
        "median": 5.25850772858,
        "min": -1.42375314236,
        "var": 391.906555176
    },
    "melbands_skewness": {
        "dmean": 0.921108067036,
        "dmean2": 1.30850839615,
        "dvar": 1.02632677555,
        "dvar2": 1.91921031475,
        "max": 12.8453273773,
        "mean": 2.33937048912,
        "median": 1.83479809761,
        "min": -1.01728034019,
        "var": 3.52477288246
    },
    "melbands_spread": {
        "dmean": 10.1657400131,
        "dmean2": 15.60151577,
        "dvar": 146.316009521,
        "dvar2": 341.615936279,
        "max": 118.633338928,
        "mean": 26.5278701782,
        "median": 21.2607326508,
        "min": 1.32135629654,
        "var": 365.843048096
    },
    "pitch_salience": {
        "dmean": 0.0838470235467,
        "dmean2": 0.129051923752,
        "dvar": 0.00595062179491,
        "dvar2": 0.0135557325557,
        "max": 0.849838197231,
        "mean": 0.543212592602,
        "median": 0.555599451065,
        "min": 0.144692763686,
        "var": 0.016990814358
    },
    "silence_rate_20dB": {
        "dmean": 0,
        "dmean2": 0,
        "dvar": 0,
        "dvar2": 0,
        "max": 1,
        "mean": 1,
        "median": 1,
        "min": 1,
        "var": 0
    },
    "silence_rate_30dB": {
        "dmean": 0.00154798757285,
        "dmean2": 0.00309837330133,
        "dvar": 0.00154558825307,
        "dvar2": 0.00308875786141,
        "max": 1,
        "mean": 0.998453199863,
        "median": 1,
        "min": 0,
        "var": 0.00154439569451
    },
    "silence_rate_60dB": {
        "dmean": 0.0572755411267,
        "dmean2": 0.114639811218,
        "dvar": 0.0539951808751,
        "dvar2": 0.116989381611,
        "max": 1,
        "mean": 0.0827532857656,
        "median": 0,
        "min": 0,
        "var": 0.075905829668
    },
    "spectral_centroid": {
        "dmean": 338.764526367,
        "dmean2": 504.565490723,
        "dvar": 125542.140625,
        "dvar2": 270184.15625,
        "max": 3249.54980469,
        "mean": 1421.53430176,
        "median": 1345.08618164,
        "min": 267.810699463,
        "var": 453969.28125
    },
    "spectral_complexity": {
        "dmean": 3.82352948189,
        "dmean2": 5.75445413589,
        "dvar": 17.7026119232,
        "dvar2": 37.8320426941,
        "max": 47,
        "mean": 15.6202630997,
        "median": 15,
        "min": 0,
        "var": 50.633014679
    },
    "spectral_decrease": {
        "dmean": 2.80780465545e-09,
        "dmean2": 3.80305698044e-09,
        "dvar": 1.2844123062e-17,
        "dvar2": 2.57369620991e-17,
        "max": -5.17766489405e-11,
        "mean": -5.6720104169e-09,
        "median": -3.89032939196e-09,
        "min": -3.09451166913e-08,
        "var": 2.93050966612e-17
    },
    "spectral_energy": {
        "dmean": 0.0112026706338,
        "dmean2": 0.0151828499511,
        "dvar": 0.000196587046958,
        "dvar2": 0.000392507907236,
        "max": 0.119858160615,
        "mean": 0.0231279525906,
        "median": 0.016240241006,
        "min": 0.000217377863009,
        "var": 0.000457866233774
    },
    "spectral_energyband_high": {
        "dmean": 0.000539370346814,
        "dmean2": 0.000815086707007,
        "dvar": 4.91503669764e-07,
        "dvar2": 1.07830010165e-06,
        "max": 0.00750668300316,
        "mean": 0.000775604567025,
        "median": 0.000464488752186,
        "min": 4.30240554294e-08,
        "var": 7.75283467647e-07
    },
    "spectral_energyband_low": {
        "dmean": 0.00377136864699,
        "dmean2": 0.0051224748604,
        "dvar": 6.27483022981e-05,
        "dvar2": 0.000121019751532,
        "max": 0.0901331529021,
        "mean": 0.00552103761584,
        "median": 0.000874843681231,
        "min": 7.24885057934e-06,
        "var": 0.000128951680381
    },
    "spectral_energyband_middle_high": {
        "dmean": 0.00234071281739,
        "dmean2": 0.00323564046994,
        "dvar": 1.48073831951e-05,
        "dvar2": 2.38380107476e-05,
        "max": 0.0658653154969,
        "mean": 0.00557952746749,
        "median": 0.00311579904519,
        "min": 3.43274655279e-06,
        "var": 5.40528271813e-05
    },
    "spectral_energyband_middle_low": {
        "dmean": 0.00750643480569,
        "dmean2": 0.0106376651675,
        "dvar": 0.000126565530081,
        "dvar2": 0.000272917503025,
        "max": 0.104848720133,
        "mean": 0.0120485750958,
        "median": 0.00627556303516,
        "min": 6.99462134435e-06,
        "var": 0.000225774449063
    },
    "spectral_entropy": {
        "dmean": 0.282900780439,
        "dmean2": 0.395735055208,
        "dvar": 0.06461661309,
        "dvar2": 0.121974729002,
        "max": 8.48352241516,
        "mean": 7.47438430786,
        "median": 7.46676254272,
        "min": 6.38144397736,
        "var": 0.189047858119
    },
    "spectral_flux": {
        "dmean": 0.034167457372,
        "dmean2": 0.0534380115569,
        "dvar": 0.00139958853833,
        "dvar2": 0.00326713384129,
        "max": 0.30385813117,
        "mean": 0.082656852901,
        "median": 0.0725872442126,
        "min": 0.00199925596826,
        "var": 0.00238182931207
    },
    "spectral_kurtosis": {
        "dmean": 1.91499483585,
        "dmean2": 3.18994998932,
        "dvar": 3.89054560661,
        "dvar2": 10.2417612076,
        "max": 21.1269435883,
        "mean": 3.37424969673,
        "median": 2.80185651779,
        "min": -1.00562798977,
        "var": 7.095495224
    },
    "spectral_rms": {
        "dmean": 0.00112436187919,
        "dmean2": 0.00147159351036,
        "dvar": 1.35925643008e-06,
        "dvar2": 2.5892445592e-06,
        "max": 0.0108136385679,
        "mean": 0.00425570737571,
        "median": 0.00398046942428,
        "min": 0.000460517068859,
        "var": 4.45275236416e-06
    },
    "spectral_rolloff": {
        "dmean": 763.063659668,
        "dmean2": 1262.8704834,
        "dvar": 1359389.375,
        "dvar2": 3101554,
        "max": 8828.61328125,
        "mean": 1759.97680664,
        "median": 1378.125,
        "min": 107.666015625,
        "var": 2241729.75
    },
    "spectral_skewness": {
        "dmean": 0.275472462177,
        "dmean2": 0.443602234125,
        "dvar": 0.0638702362776,
        "dvar2": 0.145685270429,
        "max": 3.46107816696,
        "mean": 1.34897887707,
        "median": 1.29793202877,
        "min": 0.326535254717,
        "var": 0.178671613336
    },
    "spectral_spread": {
        "dmean": 743021.6875,
        "dmean2": 1030270.125,
        "dvar": 539086192640,
        "dvar2": 1.02342112051e+12,
        "max": 10511572,
        "mean": 4384403.5,
        "median": 4156239.75,
        "min": 1633226.625,
        "var": 1.44221549363e+12
    },
    "spectral_strongpeak": {
        "dmean": 0.730856537819,
        "dmean2": 1.13725662231,
        "dvar": 1.0517539978,
        "dvar2": 2.36317610741,
        "max": 9.45444393158,
        "mean": 1.32543301582,
        "median": 0.802805364132,
        "min": 0.0103387646377,
        "var": 2.10275268555
    },
    "zerocrossingrate": {
        "dmean": 0.0136726312339,
        "dmean2": 0.0158008728176,
        "dvar": 0.000191699655261,
        "dvar2": 0.000252624187851,
        "max": 0.2421875,
        "mean": 0.064073599875,
        "median": 0.060546875,
        "min": 0.00439453125,
        "var": 0.00101785303559
    },
    "barkbands": {
        "dmean": [1.51919530254e-05, 0.0011698869057, 0.00235821632668, 0.000844349910039, 0.00342153874226, 0.00124662765302, 0.000703422410879, 0.00133147800807, 0.00151400116738, 0.000844685011543, 0.000473178748507, 0.000539253349416, 0.000433876004536, 0.000471269740956, 0.00032464141259, 0.000192024002899, 0.000202716779313, 0.000226381831453, 0.00012015109678, 0.000140099422424, 8.71155134519e-05, 0.000125255450257, 0.000149644271005, 0.000117875497381, 3.26673689415e-05, 3.24217421621e-06, 1.07383808512e-08],
        "dmean2": [2.58983400272e-05, 0.00172390264925, 0.00313053373247, 0.00126819324214, 0.00486810924485, 0.00191884185188, 0.00109550147317, 0.00203151721507, 0.00239590462297, 0.00113670271821, 0.000648976070806, 0.000830890669022, 0.000691404973622, 0.000740824907552, 0.000523015449289, 0.000295563862892, 0.000303767534206, 0.000354687770596, 0.000189614962437, 0.000219415596803, 0.000134596804855, 0.000191955055925, 0.000236771651544, 0.000185904733371, 5.16224972671e-05, 5.41832741874e-06, 1.93989606601e-08],
        "dvar": [3.56481488772e-09, 8.47755200084e-06, 3.26304252667e-05, 7.95944561105e-06, 5.13878076163e-05, 4.99055886394e-06, 3.61019056072e-06, 1.4703461602e-05, 1.93037212739e-05, 7.47414924263e-06, 1.45631611304e-06, 3.74961291527e-06, 1.57747069807e-06, 2.897602144e-06, 1.04436901438e-06, 3.05395985833e-07, 1.75077559561e-07, 1.52196776071e-07, 2.78556466782e-08, 5.14054505629e-08, 1.30626274242e-08, 2.8956034015e-08, 4.4780520625e-08, 3.76520752354e-08, 2.53067966582e-09, 2.98579043434e-11, 2.34296153002e-15],
        "dvar2": [9.42099198653e-09, 1.77354886546e-05, 6.21754588792e-05, 1.72743730218e-05, 0.0001070940707, 1.10333558041e-05, 7.71660415921e-06, 3.54831172444e-05, 4.3206007831e-05, 1.15626162369e-05, 2.34657704823e-06, 6.99005931892e-06, 3.59657815352e-06, 6.9180596256e-06, 2.51093456427e-06, 5.6570416973e-07, 3.04735578993e-07, 3.60395887355e-07, 6.58831851297e-08, 1.16533549033e-07, 3.0350584268e-08, 6.57074110677e-08, 1.01387868767e-07, 8.43821297281e-08, 5.88122972545e-09, 7.66003649399e-11, 5.94161128785e-15],
        "max": [0.00131295295432, 0.038888387382, 0.0777105763555, 0.0372914895415, 0.0607703700662, 0.0278711039573, 0.0307981148362, 0.0540435798466, 0.0861074179411, 0.0626107305288, 0.0251369401813, 0.0355731919408, 0.0308578405529, 0.0309681203216, 0.0146428244188, 0.0120575586334, 0.00955467391759, 0.00553742842749, 0.00213450286537, 0.00336025399156, 0.00121408666018, 0.00163563527167, 0.00161470077001, 0.00264476798475, 0.000450212217402, 5.11709658895e-05, 6.41372537302e-07],
        "mean": [1.52437669385e-05, 0.0016330385115, 0.00333439838141, 0.00106151599903, 0.00415852991864, 0.00172177189961, 0.000939889345318, 0.00177499570418, 0.00188737583812, 0.00137764564715, 0.000722471566405, 0.000747464713641, 0.000574182078708, 0.000619816011749, 0.000439871073468, 0.000290879368549, 0.00035412775469, 0.000369574292563, 0.000223503535381, 0.000243055386818, 0.000122210374684, 0.000168749713339, 0.000174434113433, 0.000136627655593, 3.34197393386e-05, 3.15415218211e-06, 7.72942243543e-09],
        "median": [6.09946573604e-06, 0.000214924366446, 0.000241756002652, 0.000135954702273, 0.00108097575139, 0.000654694566038, 0.000282397901174, 0.000412674329709, 0.000450880994322, 0.000282075983705, 0.000162860640557, 0.000212447659578, 0.000181117546163, 0.000158624869073, 0.000138291085023, 9.79706601356e-05, 0.000161818315974, 0.00017013787874, 0.000138296934892, 0.000155879344675, 5.66772505408e-05, 9.97890601866e-05, 7.33246124582e-05, 4.71920684504e-05, 9.09624668566e-06, 5.84378028634e-07, 3.43557349236e-10],
        "min": [2.15798809933e-08, 9.17263150768e-07, 2.86919771497e-07, 2.41116122623e-08, 1.78125617367e-06, 3.01731319041e-07, 3.46496960901e-07, 2.41381226118e-08, 3.44621554405e-07, 3.8619202769e-07, 4.26537347664e-08, 1.81071357019e-07, 2.10436219561e-08, 6.61281518433e-08, 1.98574909405e-07, 7.47277937307e-08, 6.49462990054e-08, 5.12899624994e-08, 4.41843788224e-08, 1.45802010465e-08, 7.32566141082e-09, 6.24903684354e-09, 5.26710941529e-09, 5.01054131519e-09, 4.40606266749e-11, 5.43784938953e-12, 6.37185009617e-12],
        "var": [2.91517543438e-09, 1.40589891089e-05, 6.73908361932e-05, 1.37381721288e-05, 7.39685929148e-05, 8.09812263469e-06, 5.48426714886e-06, 1.91218314285e-05, 2.38623706537e-05, 1.83915362868e-05, 3.86818010156e-06, 6.33642639514e-06, 2.35829020312e-06, 3.63014737559e-06, 1.36035066589e-06, 6.89726505243e-07, 4.62947440383e-07, 3.1412096746e-07, 6.45995399395e-08, 9.12733923997e-08, 2.47693883182e-08, 4.10200016177e-08, 5.68664972889e-08, 5.43695009014e-08, 3.09999936832e-09, 3.39203665156e-11, 1.81693077636e-15]
    },
    "erbbands": {
        "dmean": [0.0159527789801, 0.35826793313, 2.56449079514, 2.43847155571, 3.18790245056, 12.0716466904, 21.4435653687, 9.18586921692, 8.60538387299, 14.6127519608, 35.9603347778, 32.534450531, 26.2271633148, 23.1784305573, 13.6280946732, 22.8316707611, 18.8239059448, 24.8447246552, 15.5862960815, 12.9715652466, 8.5348815918, 11.5958499908, 13.0306892395, 7.39973306656, 6.06331205368, 6.37272644043, 4.4092130661, 3.2424955368, 4.58515977859, 4.56918048859, 4.2780418396, 2.96145153046, 1.69845855236, 0.58060580492, 0.129485368729, 0.0258896593004, 0.00432060286403, 0.000293222808978, 1.46936308738e-05, 1.39425637826e-05],
        "dmean2": [0.0242172945291, 0.516621351242, 3.39753508568, 3.47067594528, 4.95738697052, 17.7706375122, 29.2948989868, 14.3281888962, 12.8849897385, 21.6914024353, 54.5922317505, 50.577709198, 35.2949752808, 30.5611801147, 18.843629837, 35.1425170898, 29.905254364, 37.9326477051, 24.6253585815, 20.2759246826, 12.8983268738, 17.1983528137, 20.4950351715, 11.4391460419, 9.29998683929, 9.98171424866, 6.81770944595, 4.92006111145, 7.1042175293, 7.0776925087, 6.8110499382, 4.66549682617, 2.69245004654, 0.900359988213, 0.208657994866, 0.0423932224512, 0.00726354541257, 0.000493664236274, 2.16712105612e-05, 1.8940807422e-05],
        "dvar": [0.0043384861201, 0.682906210423, 36.9737167358, 38.0513153076, 83.5627059937, 670.722351074, 2001.58227539, 298.817596436, 543.05645752, 2029.00024414, 9660.43066406, 8987.64648438, 9780.83789062, 2791.83251953, 1850.33508301, 6891.08300781, 1963.97131348, 8354.30078125, 1850.05688477, 1452.51428223, 587.761535645, 568.949035645, 530.460388184, 180.030349731, 69.5609054565, 121.86416626, 40.888835907, 18.1739940643, 42.49401474, 41.3229827881, 38.8136291504, 22.7522296906, 8.60740661621, 0.794603645802, 0.0381315015256, 0.00175270205364, 5.66967137274e-05, 3.25779183186e-07, 3.59896557001e-10, 2.74596068106e-10],
        "dvar2": [0.00909930933267, 1.38953399658, 68.8385696411, 80.9037094116, 208.05317688, 1514.41687012, 3790.5949707, 718.915405273, 992.19519043, 4553.70507812, 23459.9707031, 18750.9511719, 15796.3857422, 4215.05126953, 2547.07446289, 12022.0917969, 4201.38232422, 19585.5058594, 4112.21826172, 3629.94262695, 1136.81896973, 1105.55944824, 1265.50891113, 405.283996582, 160.376342773, 279.454864502, 99.5792617798, 40.5445747375, 95.5652542114, 96.7486724854, 88.4917449951, 52.7065849304, 19.1270675659, 1.80989027023, 0.0887699946761, 0.00448400853202, 0.000141198572237, 8.4505131781e-07, 8.25232049362e-10, 5.45917755446e-10],
        "max": [1.40469777584, 8.86845588684, 80.0426940918, 77.7543945312, 167.075302124, 213.443893433, 392.231170654, 358.381652832, 450.736602783, 633.234680176, 1190.3260498, 2119.44702148, 2406.97436523, 819.682495117, 1416.1730957, 1830.46362305, 888.787963867, 1548.4453125, 754.225952148, 754.890991211, 575.918334961, 545.591918945, 368.15625, 215.823165894, 99.9225234985, 196.8074646, 82.8613739014, 42.3543663025, 77.7475662231, 53.6449012756, 49.8629455566, 70.2592468262, 42.7468490601, 8.52597618103, 1.73189783096, 0.416172802448, 0.0778625011444, 0.00585211440921, 0.000196509194211, 0.000143982819282],
        "mean": [0.0194761194289, 0.5148229599, 3.67738986015, 3.40075421333, 4.15520191193, 13.6311779022, 26.7585582733, 13.0533628464, 13.0255384445, 20.0561485291, 46.8232574463, 42.9727401733, 40.3419799805, 42.1960411072, 23.1362800598, 32.9750022888, 28.1034145355, 34.1078567505, 25.1679325104, 19.9933891296, 14.9181051254, 21.3047409058, 22.7179832458, 13.4562416077, 10.9050111771, 10.7935562134, 6.57840204239, 4.6182384491, 6.44177770615, 5.46823787689, 4.86077308655, 3.50424170494, 1.84816467762, 0.602936565876, 0.132574468851, 0.0259275026619, 0.00420655542985, 0.000261399749434, 2.32730471907e-05, 2.9326936783e-05],
        "median": [0.00364523776807, 0.068752206862, 0.336079150438, 0.564475953579, 1.35391283035, 3.26590442657, 4.89063262939, 5.32518529892, 4.22291898727, 6.32636451721, 12.0818424225, 12.1086292267, 9.34548282623, 8.83143138885, 6.10387992859, 9.96450805664, 10.6262016296, 10.2851705551, 9.93591976166, 7.99790525436, 6.85812854767, 10.0710096359, 10.4292955399, 8.1823797226, 6.70335626602, 7.10360956192, 3.57377624512, 2.3789665699, 3.66977977753, 2.75960540771, 2.07532954216, 1.38411068916, 0.535537779331, 0.16681009531, 0.0385303273797, 0.00628663878888, 0.000821801251732, 4.74871194456e-05, 1.6076664906e-05, 2.23719671339e-05],
        "min": [1.77024230652e-05, 0.000380561075872, 0.00084031932056, 0.00534997321665, 0.00229853112251, 0.00536092277616, 0.00687402160838, 0.00494040874764, 0.00349624711089, 0.00752062536776, 0.00498368404806, 0.0130602186546, 0.00570744648576, 0.0241968519986, 0.00770133687183, 0.0115910694003, 0.00273743527941, 0.00399816548452, 0.00717794848606, 0.00937374960631, 0.00587132433429, 0.00420486135408, 0.00389713048935, 0.00237606931478, 0.00185380678158, 0.000771868391894, 0.000389311579056, 0.00026335628354, 0.000146177553688, 0.000186137476703, 0.000158347276738, 9.57732918323e-05, 5.25663417648e-05, 8.32117075333e-06, 1.77807339696e-06, 5.24184770256e-07, 2.6897208727e-07, 3.9088458692e-08, 1.23479068748e-07, 2.39313322936e-07],
        "var": [0.00565464096144, 1.27625739574, 80.19480896, 69.0135116577, 101.062438965, 841.086120605, 3287.80981445, 505.804626465, 1020.93829346, 2959.57666016, 11914.8359375, 12619.5410156, 21926.9296875, 11153.890625, 5933.72363281, 12757.7714844, 3578.86962891, 11138.0605469, 3292.59399414, 2195.49951172, 1411.40698242, 1444.37585449, 1247.48730469, 322.074035645, 164.038131714, 191.834365845, 69.7576522827, 31.8204269409, 67.1847000122, 49.8432693481, 47.7176971436, 31.0865020752, 12.0890321732, 1.06186759472, 0.0445772968233, 0.0019591585733, 6.76758645568e-05, 3.13468007107e-07, 5.72891734052e-10, 6.51249776329e-10]
    },
    "gfcc": {
        "mean": [-23.4540729523, 97.9435348511, -147.084365845, 41.1201972961, -80.0200271606, 15.8823366165, -42.213722229, 2.50408601761, -16.7455043793, -10.0974836349, -7.16386938095, -9.22351360321, -6.21821165085],
        "cov": [[4939.93115234, -1333.15539551, -0.295823901892, 43.0616493225, -400.295318604, 165.885757446, -331.478668213, 98.8098068237, -326.411987305, 161.610610962, -213.743011475, 60.3655319214, -264.461975098], [-1333.15539551, 1207.07849121, 177.981964111, -19.9274272919, 249.636032104, -147.26512146, 262.380249023, -122.043403625, 183.502655029, -176.699829102, 94.7451095581, -138.773956299, 82.6229934692], [-0.295823901892, 177.981964111, 799.327758789, 299.571289062, 50.7775840759, 65.8956069946, -76.8601074219, -19.7769680023, -36.694152832, -9.64492416382, -45.7187919617, -19.4583282471, -18.2759494781], [43.0616493225, -19.9274272919, 299.571289062, 419.399871826, 120.425621033, 39.6320228577, -44.06640625, 15.9886140823, 34.9930534363, 21.8959960938, 0.31646245718, -31.2634143829, 7.33221626282], [-400.295318604, 249.636032104, 50.7775840759, 120.425621033, 309.341522217, 50.7997550964, 102.42224884, 31.7564182281, 57.663356781, 8.47987365723, 10.1888151169, -18.4013023376, 6.68734645844], [165.885757446, -147.26512146, 65.8956069946, 39.6320228577, 50.7997550964, 275.164886475, 83.3131484985, 75.5612335205, -6.06699085236, 9.19497299194, 20.9047737122, 12.9171037674, -14.3747081757], [-331.478668213, 262.380249023, -76.8601074219, -44.06640625, 102.42224884, 83.3131484985, 307.804626465, 76.7952880859, 46.6716804504, -30.4616184235, 30.0094547272, -22.3417015076, -9.00953483582], [98.8098068237, -122.043403625, -19.7769680023, 15.9886140823, 31.7564182281, 75.5612335205, 76.7952880859, 170.55770874, 56.0019226074, 67.2905883789, -29.6022148132, -0.757938325405, -29.6012020111], [-326.411987305, 183.502655029, -36.694152832, 34.9930534363, 57.663356781, -6.06699085236, 46.6716804504, 56.0019226074, 197.179702759, 13.8557577133, 21.4847145081, -47.2564964294, 28.8131771088], [161.610610962, -176.699829102, -9.64492416382, 21.8959960938, 8.47987365723, 9.19497299194, -30.4616184235, 67.2905883789, 13.8557577133, 137.577392578, -12.8116779327, 22.8881816864, -36.4701499939], [-213.743011475, 94.7451095581, -45.7187919617, 0.31646245718, 10.1888151169, 20.9047737122, 30.0094547272, -29.6022148132, 21.4847145081, -12.8116779327, 112.212814331, 14.6380357742, 38.9061279297], [60.3655319214, -138.773956299, -19.4583282471, -31.2634143829, -18.4013023376, 12.9171037674, -22.3417015076, -0.757938325405, -47.2564964294, 22.8881816864, 14.6380357742, 104.675369263, 23.1164855957], [-264.461975098, 82.6229934692, -18.2759494781, 7.33221626282, 6.68734645844, -14.3747081757, -9.00953483582, -29.6012020111, 28.8131771088, -36.4701499939, 38.9061279297, 23.1164855957, 102.269805908]],
        "icov": [[0.00034464141936, 0.000128183499328, 9.31859249249e-05, -0.00017398140335, 0.000304215878714, -0.000215371284867, 0.000187485580682, -6.98302828823e-05, 0.000260968139628, 2.17773886106e-05, 0.000278145394986, -3.38689574164e-07, 0.000591429241467], [0.000128183499328, 0.00691652297974, -0.00377354538068, 0.00371559406631, -0.0045250938274, 0.00504492921755, -0.00540310377255, 0.004307562951, -0.0043497546576, 0.00326509354636, -0.00397770991549, 0.00521734496579, -0.00169750663918], [9.31859249249e-05, -0.00377354538068, 0.00403848988935, -0.00353411468677, 0.00277514685877, -0.00341569376178, 0.00326154241338, -0.00194162281696, 0.00272300303914, -0.00146057840902, 0.00320192286745, -0.00300036114641, 0.00150050164666], [-0.00017398140335, 0.00371559406631, -0.00353411468677, 0.00626504281536, -0.0041817096062, 0.00281021487899, -0.00204844493419, 0.00168200011831, -0.00261881644838, 0.0012332634069, -0.00325968675315, 0.00419881008565, -0.00208901241422], [0.000304215878714, -0.0045250938274, 0.00277514685877, -0.0041817096062, 0.00793747603893, -0.00407894980162, 0.00199021515436, -0.00195386982523, 0.00230296468362, -0.00300254765898, 0.00373179838061, -0.0037471477408, 0.00146339950152], [-0.000215371284867, 0.00504492921755, -0.00341569376178, 0.00281021487899, -0.00407894980162, 0.00897877383977, -0.00472783250734, 0.000357916433131, -0.00240670796484, 0.00338175916113, -0.00521459104493, 0.00333478185348, -0.00111471582204], [0.000187485580682, -0.00540310377255, 0.00326154241338, -0.00204844493419, 0.00199021515436, -0.00472783250734, 0.0100966189057, -0.00683692889288, 0.00369609543122, 0.000308037764626, 0.00115277105942, -0.00348553666845, 0.00311339530163], [-6.98302828823e-05, 0.004307562951, -0.00194162281696, 0.00168200011831, -0.00195386982523, 0.000357916433131, -0.00683692889288, 0.0157017596066, -0.00651266099885, -0.00350714963861, 0.00238167541102, 0.00181632582098, -0.000740092131309], [0.000260968139628, -0.0043497546576, 0.00272300303914, -0.00261881644838, 0.00230296468362, -0.00240670796484, 0.00369609543122, -0.00651266099885, 0.0115967132151, -0.0032177392859, 0.000811076082755, 0.00157604948618, -0.00226444168948], [2.17773886106e-05, 0.00326509354636, -0.00146057840902, 0.0012332634069, -0.00300254765898, 0.00338175916113, 0.000308037764626, -0.00350714963861, -0.0032177392859, 0.0143179874867, -0.00380836077966, -0.00155068212189, 0.00456448597834], [0.000278145394986, -0.00397770991549, 0.00320192286745, -0.00325968675315, 0.00373179838061, -0.00521459104493, 0.00115277105942, 0.00238167541102, 0.000811076082755, -0.00380836077966, 0.0157807450742, -0.00482755759731, -0.00194614846259], [-3.38689574164e-07, 0.00521734496579, -0.00300036114641, 0.00419881008565, -0.0037471477408, 0.00333478185348, -0.00348553666845, 0.00181632582098, 0.00157604948618, -0.00155068212189, -0.00482755759731, 0.0187521073967, -0.00751983234659], [0.000591429241467, -0.00169750663918, 0.00150050164666, -0.00208901241422, 0.00146339950152, -0.00111471582204, 0.00311339530163, -0.000740092131309, -0.00226444168948, 0.00456448597834, -0.00194614846259, -0.00751983234659, 0.01761027053]]
    },
    "melbands": {
        "dmean": [0.000225213429076, 0.00102478067856, 0.000452229607617, 0.000442764197942, 0.000818120781332, 0.000210110229091, 0.000129465814098, 0.000173799140612, 0.000317494152114, 0.000201283633942, 0.000131946799229, 9.64897335507e-05, 4.88554505864e-05, 4.31556181866e-05, 7.11539687472e-05, 4.07466541219e-05, 4.97421933687e-05, 2.64643967967e-05, 2.66687420662e-05, 1.56643236551e-05, 9.3657636171e-06, 1.29221643874e-05, 1.31217775561e-05, 9.52071877691e-06, 6.27673080089e-06, 4.64619552076e-06, 4.68273265142e-06, 4.74011631013e-06, 3.14665385304e-06, 2.17352567233e-06, 1.87565683518e-06, 2.61008722191e-06, 2.66567781182e-06, 2.64008895101e-06, 2.60201636593e-06, 2.18175728151e-06, 1.72578631918e-06, 1.33924027068e-06, 8.04719547887e-07, 4.00847682158e-07],
        "dmean2": [0.000337460805895, 0.00138780369889, 0.000646399101242, 0.000665055762511, 0.00113407091703, 0.000325138971675, 0.00019634210912, 0.000256864324911, 0.000484740419779, 0.00031536896131, 0.000178452872206, 0.000129499254399, 6.69393775752e-05, 6.55266703689e-05, 0.000112981484563, 6.32204755675e-05, 7.70975602791e-05, 4.22857337981e-05, 4.20693759224e-05, 2.32415386563e-05, 1.46390302689e-05, 1.95411739696e-05, 1.98023935809e-05, 1.51751446538e-05, 9.85282804322e-06, 7.28355189494e-06, 7.21882861399e-06, 7.46580371924e-06, 4.92875506097e-06, 3.43725992025e-06, 2.89438230539e-06, 4.08411870012e-06, 4.1580647121e-06, 4.19793741457e-06, 4.19273965235e-06, 3.43369174516e-06, 2.7647204206e-06, 2.13839120988e-06, 1.27833720853e-06, 6.39414281522e-07],
        "dvar": [4.31077410212e-07, 5.60205080546e-06, 1.27902785607e-06, 7.86421651355e-07, 3.05604999085e-06, 1.4262393222e-07, 1.12849406264e-07, 3.02651017137e-07, 7.73914109686e-07, 3.98291376769e-07, 2.48019915716e-07, 4.81605866298e-08, 1.64130220526e-08, 2.3778097713e-08, 5.51175176611e-08, 1.9088764347e-08, 3.6682124005e-08, 5.63794211317e-09, 6.85215928442e-09, 1.95402427572e-09, 6.5125899118e-10, 8.28582258361e-10, 6.01977856451e-10, 2.62432020559e-10, 1.48208098572e-10, 3.98437949301e-11, 5.14388011352e-11, 9.32224505923e-11, 2.49084503023e-11, 9.27006561791e-12, 6.34731807045e-12, 1.39597370122e-11, 1.40704123699e-11, 1.44192739346e-11, 1.50492673878e-11, 1.05236843545e-11, 9.49001120742e-12, 5.84840032306e-12, 1.76411294427e-12, 4.09828123044e-13],
        "dvar2": [8.99597353055e-07, 1.04998380266e-05, 2.85517830889e-06, 1.92589232029e-06, 5.95386654823e-06, 3.35868435286e-07, 2.18080458581e-07, 6.94232653586e-07, 1.88469459772e-06, 8.19724562007e-07, 4.06425129995e-07, 7.23816242498e-08, 2.46562308348e-08, 4.21142729579e-08, 1.11088354515e-07, 4.10591241007e-08, 8.70322551805e-08, 1.27308643627e-08, 1.68668350398e-08, 3.23398463564e-09, 1.3276139077e-09, 1.6287229343e-09, 1.14177500787e-09, 6.77693845486e-10, 3.39218125811e-10, 9.26020371494e-11, 1.17095347307e-10, 2.17960913207e-10, 5.89310614196e-11, 2.26529819208e-11, 1.42224322597e-11, 3.23207224873e-11, 3.22309991196e-11, 3.34937702573e-11, 3.48805290207e-11, 2.44748266792e-11, 2.28721087209e-11, 1.31109992654e-11, 4.09311386868e-12, 9.66060131197e-13],
        "max": [0.0117707047611, 0.0290860794485, 0.0148660521954, 0.009844975546, 0.0144348274916, 0.00691657839343, 0.00573413120583, 0.00929083302617, 0.010075815022, 0.0153847318143, 0.0116850305349, 0.0035551507026, 0.00357056059875, 0.0032563994173, 0.0038995842915, 0.00365095655434, 0.00333582074381, 0.00145796255674, 0.00116957281716, 0.00129194557667, 0.000602609128691, 0.000770573446061, 0.000488077261252, 0.000225375420996, 0.000187354788068, 7.53316271584e-05, 0.000101847050246, 0.000185066543054, 6.17976329522e-05, 4.02729237976e-05, 2.94602177746e-05, 4.25207726948e-05, 3.21808984154e-05, 2.88147712126e-05, 3.0055640309e-05, 2.9397147955e-05, 5.36951483809e-05, 3.39842918038e-05, 2.07079738175e-05, 5.53011250304e-06],
        "mean": [0.000299427774735, 0.001487371861, 0.000641200458631, 0.0005169340875, 0.000997875002213, 0.000299638311844, 0.000189122394659, 0.00023859324574, 0.000400294782594, 0.000262316782027, 0.000197166998987, 0.000171959123691, 7.77639434091e-05, 6.6727749072e-05, 8.99323131307e-05, 6.05977111263e-05, 6.39620775473e-05, 3.91306493839e-05, 3.42899984389e-05, 2.43627473537e-05, 1.47744895003e-05, 2.23193655984e-05, 2.250637408e-05, 1.53659402713e-05, 1.04842729343e-05, 8.04134378996e-06, 7.52228879719e-06, 7.46360547055e-06, 4.65883113066e-06, 2.80904328065e-06, 2.57903298007e-06, 3.62562695955e-06, 3.31520482177e-06, 3.03082219943e-06, 2.86934482574e-06, 2.49976756095e-06, 2.00377417059e-06, 1.41484201777e-06, 8.39340941639e-07, 3.92293515006e-07],
        "median": [4.28577623097e-05, 0.000178336747922, 0.000148953549797, 0.000178668182343, 0.000170775718288, 0.000124588739709, 5.98685037403e-05, 6.5441839979e-05, 9.51015317696e-05, 6.51818991173e-05, 4.07266052207e-05, 3.64145744243e-05, 1.95375523617e-05, 1.96618220798e-05, 2.25393559958e-05, 1.71875199158e-05, 1.63466556842e-05, 1.27497178255e-05, 1.0470844245e-05, 8.41273140395e-06, 6.25258007858e-06, 9.32897091843e-06, 9.66566130955e-06, 7.46671958041e-06, 5.24515553479e-06, 4.495264875e-06, 3.74467367692e-06, 3.77572496291e-06, 2.42492751568e-06, 1.13633200272e-06, 1.33505341182e-06, 2.12376835407e-06, 1.73696855654e-06, 1.32748391479e-06, 1.14078136448e-06, 9.84175358099e-07, 7.39414815598e-07, 3.8562356508e-07, 2.25272287935e-07, 1.02496088061e-07],
        "min": [1.87184326705e-07, 5.00011537952e-07, 8.56023632423e-07, 2.42823659846e-07, 2.19595960971e-07, 9.23559895227e-08, 5.53319523533e-08, 7.41807255622e-08, 1.44831009408e-08, 7.9119750751e-08, 2.49649918516e-08, 9.60799226846e-08, 1.19367893348e-08, 2.34015402611e-08, 1.73487446631e-08, 3.0590161515e-09, 5.98494231951e-09, 7.5604953409e-09, 1.78616375024e-08, 7.30125648829e-09, 6.85981715876e-09, 4.37552793997e-09, 3.09151482192e-09, 2.30118035738e-09, 1.94082883098e-09, 1.33086486276e-09, 7.36151278824e-11, 4.52073128931e-10, 2.7186369822e-10, 1.97104152444e-10, 1.34419142483e-10, 7.1171214755e-11, 1.19330975656e-10, 1.04641496856e-10, 9.3713183047e-11, 8.42336408957e-11, 4.55231408125e-11, 4.65592928794e-12, 3.24647795626e-12, 4.52896915934e-13],
