{
"highlevel": {
    "danceability": {
        "all": {
            "danceable": 0.847077488899,
            "not_danceable": 0.152922526002
        },
        "probability": 0.847077488899,
        "value": "danceable"
    },
    "gender": {
        "all": {
            "female": 0.641139149666,
            "male": 0.358860850334
        },
        "probability": 0.641139149666,
        "value": "female"
    },
    "genre_dortmund": {
        "all": {
            "alternative": 0.218312084675,
            "blues": 0.0138658424839,
            "electronic": 0.0178295951337,
            "folkcountry": 0.238931074739,
            "funksoulrnb": 0.002044205321,
            "jazz": 0.00758150452748,
            "pop": 0.170602723956,
            "raphiphop": 0.00131066935137,
            "rock": 0.329522311687
        },
        "probability": 0.329522311687,
        "value": "rock"
    },
    "genre_electronic": {
        "all": {
            "ambient": 0.399965822697,
            "dnb": 0.166508495808,
            "house": 0.0743179470301,
            "techno": 0.0282688364387,
            "trance": 0.330938905478
        },
        "probability": 0.399965822697,
        "value": "ambient"
    },
    "genre_rosamerica": {
        "all": {
            "cla": 0.000537848100066,
            "dan": 0.0027466872707,
            "hip": 0.000323305168422,
            "jaz": 0.000325168599375,
            "pop": 0.64358907938,
            "rhy": 0.00482989940792,
            "roc": 0.347504854202,
            "spe": 0.00014315880253
        },
        "probability": 0.64358907938,
        "value": "pop"
    },
    "genre_tzanetakis": {
        "all": {
            "blu": 0.0626541376114,
            "cla": 0.0348133966327,
            "cou": 0.0783501937985,
            "dis": 0.104547761381,
            "hip": 0.15693578124,
            "jaz": 0.313987255096,
            "met": 0.044816005975,
            "pop": 0.0627349764109,
            "reg": 0.0627352520823,
            "roc": 0.0784252434969
        },
        "probability": 0.313987255096,
        "value": "jaz"
    },
    "ismir04_rhythm": {
        "all": {
            "ChaChaCha": 0.157438322902,
            "Jive": 0.454772204161,
            "Quickstep": 0.0128315575421,
            "Rumba-American": 0.0110239125788,
            "Rumba-International": 0.0587539449334,
            "Rumba-Misc": 0.0133020523936,
            "Samba": 0.0439565964043,
            "Tango": 0.020159393549,
            "VienneseWaltz": 0.206764429808,
            "Waltz": 0.0209975857288
        },
        "probability": 0.454772204161,
        "value": "Jive"
    },
    "mood_acoustic": {
        "all": {
            "acoustic": 0.20518514514,
            "not_acoustic": 0.794814825058
        },
        "probability": 0.794814825058,
        "value": "not_acoustic"
    },
    "mood_aggressive": {
        "all": {
            "aggressive": 0.430386543274,
            "not_aggressive": 0.569613456726
        },
        "probability": 0.569613456726,
        "value": "not_aggressive"
    },
    "mood_electronic": {
        "all": {
            "electronic": 0.150376170874,
            "not_electronic": 0.849623799324
        },
        "probability": 0.849623799324,
        "value": "not_electronic"
    },
    "mood_happy": {
        "all": {
            "happy": 0.951258957386,
            "not_happy": 0.0487410202622
        },
        "probability": 0.951258957386,
        "value": "happy"
    },
    "mood_party": {
        "all": {
            "not_party": 0.639959692955,
            "party": 0.360040336847
        },
        "probability": 0.639959692955,
        "value": "not_party"
    },
    "mood_relaxed": {
        "all": {
            "not_relaxed": 0.353570073843,
            "relaxed": 0.646429955959
        },
        "probability": 0.646429955959,
        "value": "relaxed"
    },
    "mood_sad": {
        "all": {
            "not_sad": 0.356990963221,
            "sad": 0.643009006977
        },
        "probability": 0.643009006977,
        "value": "sad"
    },
    "moods_mirex": {
        "all": {
            "Cluster1": 0.30710157752,
            "Cluster2": 0.36919298768,
            "Cluster3": 0.14004483819,
            "Cluster4": 0.152838304639,
            "Cluster5": 0.0308222994208
        },
        "probability": 0.36919298768,
        "value": "Cluster2"
    },
    "timbre": {
        "all": {
            "bright": 0.999998569489,
            "dark": 1.43258228036e-06
        },
        "probability": 0.999998569489,
        "value": "bright"
    },
    "tonal_atonal": {
        "all": {
            "atonal": 0.000719036790542,
            "tonal": 0.99928098917
        },
        "probability": 0.99928098917,
        "value": "tonal"
    },
    "voice_instrumental": {
        "all": {
            "instrumental": 0.00446107797325,
            "voice": 0.995538949966
        },
        "probability": 0.995538949966,
        "value": "voice"
    }
},
"lowlevel": {
    "average_loudness": 0.981491744518,
    "barkbands_crest": {
        "dmean": 2.21767091751,
        "dmean2": 3.67435574532,
        "dvar": 4.41767930984,
        "dvar2": 12.0993709564,
        "max": 20.9488697052,
        "mean": 8.92680168152,
        "median": 8.59873580933,
        "min": 2.96870493889,
        "var": 8.32863616943
    },
    "barkbands_flatness_db": {
        "dmean": 0.0159146934748,
        "dmean2": 0.0242199543864,
        "dvar": 0.00020132723148,
        "dvar2": 0.000463266915176,
        "max": 0.198098927736,
        "mean": 0.116455338895,
        "median": 0.116560094059,
        "min": 0.0429273322225,
        "var": 0.000724685029127
    },
    "barkbands_kurtosis": {
        "dmean": 1.3328666687,
        "dmean2": 2.15892577171,
        "dvar": 3.78523373604,
        "dvar2": 10.280049324,
        "max": 19.8658294678,
        "mean": 1.74824607372,
        "median": 1.19664716721,
        "min": -1.83260452747,
        "var": 5.98307609558
    },
    "barkbands_skewness": {
        "dmean": 0.366048038006,
        "dmean2": 0.579790055752,
        "dvar": 0.172854855657,
        "dvar2": 0.423260241747,
        "max": 4.17027902603,
        "mean": 1.23673903942,
        "median": 1.16765260696,
        "min": -0.816374957561,
        "var": 0.419571250677
    },
    "barkbands_spread": {
        "dmean": 5.35167694092,
        "dmean2": 8.28703117371,
        "dvar": 55.1622657776,
        "dvar2": 109.3904953,
        "max": 99.9318466187,
        "mean": 27.7859745026,
        "median": 24.1056499481,
        "min": 9.24204826355,
        "var": 203.989990234
    },
    "dissonance": {
        "dmean": 0.0166543889791,
        "dmean2": 0.0281438045204,
        "dvar": 0.000208433979424,
        "dvar2": 0.000582230335567,
        "max": 0.499868124723,
        "mean": 0.462697416544,
        "median": 0.465990483761,
        "min": 0.370273470879,
        "var": 0.000449594605016
    },
    "dynamic_complexity": 1.16303682327,
    "erbbands_crest": {
        "dmean": 2.28879237175,
        "dmean2": 3.57370519638,
        "dvar": 4.65942811966,
        "dvar2": 11.3734035492,
        "max": 24.2977161407,
        "mean": 8.54166316986,
        "median": 7.49951934814,
        "min": 2.78543138504,
        "var": 14.4055185318
    },
    "erbbands_flatness_db": {
        "dmean": 0.0137866009027,
        "dmean2": 0.0207298565656,
        "dvar": 0.000164736004081,
        "dvar2": 0.000337636971381,
        "max": 0.23070178926,
        "mean": 0.129772186279,
        "median": 0.127145797014,
        "min": 0.0683248713613,
        "var": 0.000647751090582
    },
    "erbbands_kurtosis": {
        "dmean": 0.593697071075,
        "dmean2": 0.926444351673,
        "dvar": 0.451037675142,
        "dvar2": 1.02972924709,
        "max": 9.90084266663,
        "mean": 0.277757108212,
        "median": -0.0694153308868,
        "min": -1.61147737503,
        "var": 1.62266361713
    },
    "erbbands_skewness": {
        "dmean": 0.275985211134,
        "dmean2": 0.419624656439,
        "dvar": 0.0632509365678,
        "dvar2": 0.138256207108,
        "max": 2.62165856361,
        "mean": 0.424949705601,
        "median": 0.441839724779,
        "min": -1.81460523605,
        "var": 0.308725506067
    },
    "erbbands_spread": {
        "dmean": 6.73472881317,
        "dmean2": 10.367058754,
        "dvar": 55.0834465027,
        "dvar2": 121.249710083,
        "max": 102.275238037,
        "mean": 39.1156768799,
        "median": 37.5535583496,
        "min": 9.04857826233,
        "var": 214.940353394
    },
    "hfc": {
        "dmean": 8.07319068909,
        "dmean2": 11.5833463669,
        "dvar": 153.737319946,
        "dvar2": 307.478302002,
        "max": 142.677230835,
        "mean": 33.7183074951,
        "median": 28.905046463,
        "min": 6.01801681519,
        "var": 448.300415039
    },
    "melbands_crest": {
        "dmean": 2.73647999763,
        "dmean2": 4.49126434326,
        "dvar": 7.06414842606,
        "dvar2": 19.2465934753,
        "max": 25.2515773773,
        "mean": 12.1927251816,
        "median": 11.7593650818,
        "min": 3.85211062431,
        "var": 12.7469244003
    },
    "melbands_flatness_db": {
        "dmean": 0.0199401788414,
        "dmean2": 0.0311555154622,
        "dvar": 0.000395391602069,
        "dvar2": 0.000971348490566,
        "max": 0.290678888559,
        "mean": 0.166167244315,
        "median": 0.166592180729,
        "min": 0.0465734489262,
        "var": 0.00122225773521
    },
    "melbands_kurtosis": {
        "dmean": 3.62915349007,
        "dmean2": 5.93529510498,
        "dvar": 33.9873962402,
        "dvar2": 90.7707748413,
        "max": 67.1688919067,
        "mean": 7.5068230629,
        "median": 5.69070720673,
        "min": -0.891450405121,
        "var": 47.1868095398
    },
    "melbands_skewness": {
        "dmean": 0.528856515884,
        "dmean2": 0.836625397205,
        "dvar": 0.383482575417,
        "dvar2": 0.957010805607,
        "max": 7.26472425461,
        "mean": 2.15769433975,
        "median": 2.05433821678,
        "min": -0.303752660751,
        "var": 0.933566272259
    },
    "melbands_spread": {
        "dmean": 6.13058900833,
        "dmean2": 9.44898986816,
        "dvar": 72.217628479,
        "dvar2": 146.659317017,
        "max": 143.937210083,
        "mean": 26.5753154755,
        "median": 23.8996906281,
        "min": 5.42416763306,
        "var": 190.604751587
    },
    "pitch_salience": {
        "dmean": 0.0589786507189,
        "dmean2": 0.0969831496477,
        "dvar": 0.00333624868654,
        "dvar2": 0.00891961157322,
        "max": 0.828857839108,
        "mean": 0.519697904587,
        "median": 0.51752614975,
        "min": 0.171070113778,
        "var": 0.00676704710349
    },
    "silence_rate_20dB": {
        "dmean": 0,
        "dmean2": 0,
        "dvar": 0,
        "dvar2": 0,
        "max": 1,
        "mean": 1,
        "median": 1,
        "min": 1,
        "var": 0
    },
    "silence_rate_30dB": {
        "dmean": 0,
        "dmean2": 0,
        "dvar": 0,
        "dvar2": 0,
        "max": 1,
        "mean": 1,
        "median": 1,
        "min": 1,
        "var": 0
    },
    "silence_rate_60dB": {
        "dmean": 0,
        "dmean2": 0,
        "dvar": 0,
        "dvar2": 0,
        "max": 0,
        "mean": 0,
        "median": 0,
        "min": 0,
        "var": 0
    },
    "spectral_centroid": {
        "dmean": 221.716812134,
        "dmean2": 340.639282227,
        "dvar": 63994.4648438,
        "dvar2": 125908.546875,
        "max": 3825.87744141,
        "mean": 1415.15588379,
        "median": 1307.09326172,
        "min": 601.210449219,
        "var": 259475.453125
    },
    "spectral_complexity": {
        "dmean": 3.93421053886,
        "dmean2": 6.10921764374,
        "dvar": 15.3090724945,
        "dvar2": 30.1097011566,
        "max": 54,
        "mean": 25.7571544647,
        "median": 24,
        "min": 13,
        "var": 62.1806907654
    },
    "spectral_decrease": {
        "dmean": 2.66611532851e-09,
        "dmean2": 4.35018820966e-09,
        "dvar": 1.40603019013e-17,
        "dvar2": 3.54993096381e-17,
        "max": -2.2073665118e-09,
        "mean": -9.76741620917e-09,
        "median": -9.03157015841e-09,
        "min": -3.11581302981e-08,
        "var": 1.50813091293e-17
    },
    "spectral_energy": {
        "dmean": 0.010487113148,
        "dmean2": 0.0169961825013,
        "dvar": 0.000208912693779,
        "dvar2": 0.000525547016878,
        "max": 0.121369384229,
        "mean": 0.0399228259921,
        "median": 0.036902487278,
        "min": 0.00907571613789,
        "var": 0.000234298437135
    },
    "spectral_energyband_high": {
        "dmean": 0.000669285131153,
        "dmean2": 0.000926974113099,
        "dvar": 1.73247190105e-06,
        "dvar2": 3.10686641569e-06,
        "max": 0.015871964395,
        "mean": 0.00168552866671,
        "median": 0.000846629147418,
        "min": 9.30109745241e-05,
        "var": 6.03504486207e-06
    },
    "spectral_energyband_low": {
        "dmean": 0.00720261735842,
        "dmean2": 0.012200131081,
        "dvar": 0.000168223967194,
        "dvar2": 0.000437474402133,
        "max": 0.103135824203,
        "mean": 0.0144090987742,
        "median": 0.012049051933,
        "min": 0.00074215431232,
        "var": 0.000141385680763
    },
    "spectral_energyband_middle_high": {
        "dmean": 0.00215233070776,
        "dmean2": 0.00324050965719,
        "dvar": 5.97064490648e-06,
        "dvar2": 1.32639233925e-05,
        "max": 0.053190484643,
        "mean": 0.00866085290909,
        "median": 0.00703573646024,
        "min": 0.00149297970347,
        "var": 3.45837470377e-05
    },
    "spectral_energyband_middle_low": {
        "dmean": 0.00524262106046,
        "dmean2": 0.00820129085332,
        "dvar": 5.55344886379e-05,
        "dvar2": 0.000138230330776,
        "max": 0.0810339674354,
        "mean": 0.01613047719,
        "median": 0.0146341379732,
        "min": 0.00196052272804,
        "var": 9.49677705648e-05
    },
    "spectral_entropy": {
        "dmean": 0.111084870994,
        "dmean2": 0.161367550492,
        "dvar": 0.0119129214436,
        "dvar2": 0.0231789387763,
        "max": 8.65515995026,
        "mean": 7.73712778091,
        "median": 7.7071852684,
        "min": 7.09437608719,
        "var": 0.0630779489875
    },
    "spectral_flux": {
        "dmean": 0.0277370419353,
        "dmean2": 0.0410412922502,
        "dvar": 0.000900869315956,
        "dvar2": 0.00169092405122,
        "max": 0.298983454704,
        "mean": 0.0978226810694,
        "median": 0.0860823169351,
        "min": 0.0287857223302,
        "var": 0.00197063409723
    },
    "spectral_kurtosis": {
        "dmean": 0.858834862709,
        "dmean2": 1.44095289707,
        "dvar": 0.684652745724,
        "dvar2": 1.87180948257,
        "max": 9.31002521515,
        "mean": 3.45805573463,
        "median": 3.46547222137,
        "min": -0.88090467453,
        "var": 2.09293150902
    },
    "spectral_rms": {
        "dmean": 0.000773300882429,
        "dmean2": 0.00123798928689,
        "dvar": 8.87934277216e-07,
        "dvar2": 2.18274067265e-06,
        "max": 0.0108815971762,
        "mean": 0.00614608731121,
        "median": 0.00600020214915,
        "min": 0.0029756273143,
        "var": 1.17471529393e-06
    },
    "spectral_rolloff": {
        "dmean": 472.797607422,
        "dmean2": 762.70300293,
        "dvar": 792698.5,
        "dvar2": 1598972.375,
        "max": 10357.4707031,
        "mean": 1544.85986328,
        "median": 1162.79296875,
        "min": 107.666015625,
        "var": 2079546.625
    },
    "spectral_skewness": {
        "dmean": 0.145392715931,
        "dmean2": 0.225322321057,
        "dvar": 0.0177781861275,
        "dvar2": 0.0403447709978,
        "max": 2.23188972473,
        "mean": 1.49162054062,
        "median": 1.53274333477,
        "min": 0.269615471363,
        "var": 0.10166272521
    },
    "spectral_spread": {
        "dmean": 523789.125,
        "dmean2": 799034.375,
        "dvar": 367581462528,
        "dvar2": 795067219968,
        "max": 11517404,
        "mean": 5107305,
        "median": 4959213.5,
        "min": 3223314.25,
        "var": 964512448512
    },
    "spectral_strongpeak": {
        "dmean": 0.618960678577,
        "dmean2": 1.10260736942,
        "dvar": 0.920738756657,
        "dvar2": 2.16947674751,
        "max": 7.12343978882,
        "mean": 0.999695599079,
        "median": 0.398627609015,
        "min": 0.049416102469,
        "var": 1.37316012383
    },
    "zerocrossingrate": {
        "dmean": 0.0103805121034,
        "dmean2": 0.0123375169933,
        "dvar": 0.000153042681632,
        "dvar2": 0.000164217839483,
        "max": 0.2626953125,
        "mean": 0.0675912648439,
        "median": 0.06005859375,
        "min": 0.0234375,
        "var": 0.000980126904324
    },
    "barkbands": {
        "dmean": [0.000150455933181, 0.00513434503227, 0.00287913274951, 0.00107204169035, 0.00275531387888, 0.0010700810235, 0.00125753949396, 0.00151925720274, 0.0006694404874, 0.00111909746192, 0.000270876247669, 0.000585962086916, 0.000450339022791, 0.00044759263983, 0.000457426242065, 0.000233137019677, 0.000285950780381, 0.000231401078054, 0.000211948368815, 0.000175680295797, 0.00013111467706, 0.000131699081976, 0.000169751947396, 0.000147550774273, 0.000187706464203, 6.22595762252e-05, 9.73268470261e-08],
        "dmean2": [0.000261994660832, 0.00883580185473, 0.00516941491514, 0.00181273859926, 0.00442286767066, 0.00164902361576, 0.0020507464651, 0.00236316700466, 0.00100040785037, 0.00172471720725, 0.0004265178286, 0.000895676203072, 0.000688142201398, 0.000694928865414, 0.000745288270991, 0.000387745792978, 0.000468230398837, 0.000376296229661, 0.000340957660228, 0.000275677593891, 0.000200273178052, 0.000188963545952, 0.000248112541158, 0.000228735414566, 0.000299312261632, 9.9020631751e-05, 1.69366302316e-07],
        "dvar": [9.82932775173e-08, 8.22089932626e-05, 4.54870241811e-05, 3.36689663527e-06, 2.74291451205e-05, 2.50745529229e-06, 3.36098560183e-06, 4.65496623292e-06, 1.97696590476e-06, 3.98082693209e-06, 3.20790576325e-07, 1.08680171707e-06, 5.6879883914e-07, 4.59408255438e-07, 5.94857169745e-07, 9.74483427285e-08, 1.30089318873e-07, 1.77069864549e-07, 1.83127284004e-07, 6.99514970393e-08, 4.89806417647e-08, 7.95173917822e-08, 1.71248089487e-07, 1.46670785739e-07, 2.33426959539e-07, 1.83458546132e-08, 1.14722548952e-13],
        "dvar2": [2.68917858648e-07, 0.000223133611144, 0.000129501931951, 8.84105065779e-06, 7.06337887095e-05, 5.59363479624e-06, 8.07417109172e-06, 1.12859443107e-05, 4.2484180085e-06, 8.34172624309e-06, 6.32904459508e-07, 2.53720759247e-06, 1.26712870951e-06, 9.80058985078e-07, 1.50578341618e-06, 2.47806951847e-07, 3.23518008827e-07, 4.07381975265e-07, 4.49030636673e-07, 1.51097736989e-07, 9.90009851876e-08, 1.78642764581e-07, 3.31697123102e-07, 3.28088248125e-07, 5.84925942348e-07, 4.11752871798e-08, 3.04540491132e-13],
        "max": [0.00254796561785, 0.0812587216496, 0.0600509792566, 0.0280512031168, 0.0523338504136, 0.0164438653737, 0.0315446034074, 0.0234480705112, 0.0259143020958, 0.0458759069443, 0.0140225449577, 0.0168781410903, 0.0126248188317, 0.0123309809715, 0.0121483849362, 0.00527547951788, 0.00378321204334, 0.00768162775785, 0.00955556891859, 0.00344736687839, 0.00335145858116, 0.00452825054526, 0.00715559022501, 0.00463577872142, 0.0055574234575, 0.00167705246713, 4.54376595371e-06],
        "mean": [0.000135205278639, 0.0102487569675, 0.00315037486143, 0.00151463295333, 0.00441908277571, 0.00229016272351, 0.00262979767285, 0.00343250622973, 0.00169000460301, 0.00238166819327, 0.000456620124169, 0.00126202520914, 0.00088629469974, 0.000788442965131, 0.000786101445556, 0.000526917574462, 0.000565482361708, 0.000438138260506, 0.000427183986176, 0.000377566902898, 0.000280907261185, 0.000262733665295, 0.000336385244736, 0.00026004150277, 0.00028427131474, 9.1452311608e-05, 7.34415266379e-08],
        "median": [4.63006363134e-05, 0.00924009550363, 0.00147467188071, 0.000966118299402, 0.00253416784108, 0.00142013188452, 0.00174361618701, 0.00213083182462, 0.000558326079044, 0.00107100536115, 0.000180446135346, 0.000641992490273, 0.000478434056276, 0.000452558335382, 0.000450735795312, 0.000409824453527, 0.00037616371992, 0.000288459152216, 0.000263977533905, 0.000237273663515, 0.000162764248671, 9.67529340414e-05, 0.000132566303364, 0.000111230074253, 0.000139685114846, 4.2229436076e-05, 2.40182251865e-09],
        "min": [6.8574209422e-08, 0.00037096379674, 1.78774407686e-05, 7.55565270083e-06, 5.96583340666e-05, 4.2953681259e-05, 1.28723531816e-05, 4.35159454355e-05, 5.87878275837e-06, 3.09412862407e-05, 1.14064766876e-06, 1.50305804709e-05, 2.69603024208e-05, 1.74048127519e-05, 1.54659683176e-05, 4.01728029829e-05, 2.98731247312e-05, 4.08679406974e-05, 1.7897287762e-05, 3.0702118238e-05, 2.37548010773e-05, 1.21541152112e-05, 1.51542608364e-05, 6.6737106863e-06, 6.59279567117e-06, 7.13287207077e-10, 7.23533516087e-12],
        "var": [7.51744479999e-08, 6.48279092275e-05, 3.04220720864e-05, 3.59199771083e-06, 3.27583256876e-05, 6.20505852567e-06, 1.08989270302e-05, 1.31584656629e-05, 9.93896992441e-06, 1.53158252942e-05, 7.70351164192e-07, 2.82178166344e-06, 1.47415403262e-06, 1.30016951516e-06, 1.09145685201e-06, 1.99222000674e-07, 2.96810497957e-07, 2.68174233042e-07, 3.33959661702e-07, 1.70598752902e-07, 1.21926007068e-07, 2.00208177148e-07, 5.39006407507e-07, 3.01465632901e-07, 2.79720126173e-07, 2.55571581675e-08, 8.52107419997e-14]
    },
    "erbbands": {
        "dmean": [0.129134550691, 1.26280593872, 3.21320700645, 3.45015215874, 6.37261247635, 8.49459075928, 15.1686887741, 7.53517436981, 15.3953342438, 21.0801887512, 33.2546424866, 15.4605054855, 20.5528659821, 32.4545898438, 12.6078071594, 22.6856994629, 19.1651306152, 18.9684963226, 28.5754985809, 15.2905759811, 12.9172201157, 13.5659389496, 13.2815208435, 9.50942897797, 11.0480728149, 8.35277175903, 5.8493270874, 4.77587795258, 4.48149299622, 4.8791809082, 4.91227674484, 4.34786128998, 2.07741045952, 2.86248731613, 0.813946962357, 0.33251747489, 0.121594138443, 0.00982169155031, 0.000190522754565, 2.03052495635e-05],
        "dmean2": [0.224471345544, 2.14113736153, 5.74348020554, 5.90703678131, 10.4488544464, 13.8621826172, 23.5519809723, 11.9196624756, 26.283246994, 32.3502311707, 50.9245452881, 22.6929855347, 29.5889759064, 51.0632629395, 19.3012580872, 33.7746734619, 28.318567276, 30.2592868805, 45.1962280273, 24.0966320038, 21.1904201508, 22.1494541168, 21.8715839386, 14.669924736, 17.4391212463, 13.1377887726, 9.19368362427, 7.26937007904, 6.46254730225, 7.0836763382, 7.14781045914, 6.81119537354, 3.19596076012, 4.56706047058, 1.30011582375, 0.52916353941, 0.190624773502, 0.0164248477668, 0.000309405470034, 3.17350677506e-05],
        "dvar": [0.0677121505141, 4.63200807571, 49.3855400085, 45.7424621582, 345.017700195, 220.726394653, 421.263122559, 170.553619385, 388.013946533, 1880.79589844, 2489.67480469, 1288.37756348, 1438.3059082, 3246.3894043, 477.049102783, 1524.83276367, 1220.00024414, 972.714111328, 2180.94506836, 652.565917969, 305.074890137, 259.193115234, 471.541595459, 493.77142334, 324.511138916, 182.118179321, 90.0574951172, 76.9937286377, 80.295539856, 139.383422852, 149.09046936, 143.370788574, 30.7189941406, 56.1396713257, 5.42886161804, 0.720851778984, 0.0584253184497, 0.000354397518095, 1.24421035252e-07, 8.64533056255e-10],
        "dvar2": [0.188465222716, 12.7440252304, 140.385131836, 122.694061279, 892.284790039, 586.616149902, 956.959716797, 423.439239502, 1058.01306152, 4334.80859375, 5933.06005859, 2898.59741211, 2762.27783203, 7394.61816406, 950.758300781, 3524.24755859, 2651.23632812, 2464.14892578, 5226.02294922, 1181.27209473, 794.852294922, 645.768432617, 1161.83032227, 1121.41223145, 737.476928711, 408.07925415, 189.533782959, 161.731826782, 170.238876343, 291.954101562, 282.47366333, 342.067077637, 65.6341934204, 143.612045288, 12.7554588318, 1.69498836994, 0.128680080175, 0.000857489765622, 2.93950023433e-07, 2.03522909636e-09],
        "max": [2.63675355911, 18.4645252228, 63.3252754211, 76.6471786499, 199.469146729, 133.399993896, 264.881622314, 147.713531494, 235.775085449, 890.121337891, 625.9140625, 748.190185547, 693.27130127, 1044.41796875, 469.251464844, 614.971313477, 612.638916016, 573.284423828, 678.564147949, 730.639831543, 342.307800293, 182.110473633, 382.472503662, 457.008575439, 319.090026855, 162.623519897, 114.320228577, 117.577529907, 177.771255493, 251.420471191, 227.121795654, 169.181640625, 94.0193023682, 84.477180481, 37.7046585083, 13.0183477402, 2.71066093445, 0.145941123366, 0.00335456384346, 0.000301931722788],
        "mean": [0.214504420757, 2.54861068726, 4.11224746704, 4.90755367279, 7.23678970337, 13.3103160858, 28.9812660217, 16.5835018158, 31.2361965179, 48.4175109863, 77.4387664795, 38.5346374512, 47.6836929321, 73.1507492065, 30.3575782776, 49.6552619934, 42.3284797668, 35.2891540527, 53.8990478516, 32.0504150391, 29.0836715698, 28.9863090515, 26.2886753082, 19.0488586426, 24.9234733582, 18.0463695526, 12.4823703766, 10.0414934158, 8.85311412811, 9.65188121796, 9.6842880249, 7.18194580078, 3.82361268997, 4.08937740326, 1.26667582989, 0.501226603985, 0.164612546563, 0.0107196010649, 0.000254157261224, 6.3915264036e-05],
        "median": [0.178726926446, 2.27471923828, 2.38317799568, 3.22683596611, 2.94632363319, 7.11078357697, 16.6444854736, 10.5987968445, 21.2286281586, 30.1300373077, 47.0024299622, 17.4192943573, 22.7450523376, 32.1880722046, 18.9280395508, 25.0288944244, 23.3907852173, 22.9607620239, 32.8733863831, 22.0403404236, 21.6859779358, 21.2053546906, 18.9772491455, 11.5020895004, 17.0481395721, 11.0501623154, 7.36704540253, 5.20240688324, 3.29737043381, 4.01624584198, 3.67073822021, 2.9097237587, 1.70255672932, 1.87640690804, 0.594128012657, 0.248136430979, 0.065198995173, 0.00349375954829, 0.00010673559882, 5.32543272129e-05],
        "min": [0.00439641810954, 0.0725876092911, 0.122466847301, 0.188407734036, 0.122492976487, 0.256753325462, 0.298699140549, 0.509233772755, 0.579654276371, 0.505711972713, 1.01276993752, 1.56673252583, 1.05204677582, 0.810925841331, 0.872489631176, 0.846378266811, 1.83125305176, 1.37533342838, 1.31006038189, 2.15401744843, 2.40070796013, 2.84578108788, 2.74859070778, 1.5944519043, 2.33296084404, 1.74872899055, 1.17385995388, 0.734168708324, 0.46423175931, 0.569479286671, 0.329835087061, 0.113811485469, 0.13612498343, 0.0911329910159, 0.0253676157445, 0.00229283911176, 0.000128960979055, 1.37165261549e-05, 1.0230602129e-05, 1.17915305964e-05],
        "var": [0.050961099565, 3.78650474548, 33.1443061829, 39.3012390137, 292.473358154, 316.14440918, 1158.0736084, 324.855804443, 1007.29266357, 5277.92626953, 7357.34423828, 4136.5859375, 5661.10205078, 13478.1142578, 1614.10559082, 3809.17407227, 3340.67944336, 1783.28417969, 5608.80957031, 1842.59899902, 652.040771484, 616.445068359, 626.184509277, 802.827209473, 765.600891113, 415.193817139, 217.100585938, 189.882919312, 221.806838989, 353.82208252, 494.205047607, 247.048416138, 64.1132202148, 64.2543716431, 7.01039409637, 0.889291465282, 0.0867659747601, 0.000388725311495, 1.53021204596e-07, 1.28371102637e-09]
    },
    "gfcc": {
        "mean": [64.0706329346, 84.1881866455, -113.214179993, 34.0002670288, -61.7537956238, 25.5954589844, -40.9481048584, 22.3620357513, -22.1503639221, 11.7497682571, -13.1099081039, 2.29435110092, -10.4090919495],
        "cov": [[712.848876953, -392.549682617, 91.9020385742, -10.6169538498, -48.4067687988, -22.1490077972, -36.4815483093, 2.19343900681, -39.3650283813, 25.6481342316, -62.2610359192, 29.5313472748, -99.9025115967], [-392.549682617, 494.275024414, -137.642410278, -62.7065734863, 43.6281890869, -23.1888656616, 34.470916748, -15.8807563782, 18.4976196289, -50.5736274719, 46.1171302795, -51.1666564941, 67.9360809326], [91.9020385742, -137.642410278, 245.300918579, 37.7710838318, 22.2694282532, -18.7352790833, -44.5242958069, -11.6832199097, -24.9151153564, 27.7855091095, -24.4045619965, 46.3166618347, -37.6661834717], [-10.6169538498, -62.7065734863, 37.7710838318, 220.648513794, -32.9608688354, -14.851231575, -47.7412338257, -49.9902305603, 5.71558427811, -25.7483768463, 11.9508571625, -9.66281890869, 33.1076393127], [-48.4067687988, 43.6281890869, 22.2694282532, -32.9608688354, 117.779747009, 10.9161376953, 4.01406478882, 16.8809680939, -2.22112751007, 9.04391670227, -13.285987854, 15.8378152847, -8.87256145477], [-22.1490077972, -23.1888656616, -18.7352790833, -14.851231575, 10.9161376953, 106.709197998, 48.219127655, 15.604552269, 3.56139540672, -5.4742398262, 15.7508420944, -2.5916864872, 8.53952312469], [-36.4815483093, 34.470916748, -44.5242958069, -47.7412338257, 4.01406478882, 48.219127655, 95.6371078491, 36.916217804, 4.07368564606, -3.33480286598, 2.04966664314, -7.88726615906, -3.33861470222], [2.19343900681, -15.8807563782, -11.6832199097, -49.9902305603, 16.8809680939, 15.604552269, 36.916217804, 82.8041687012, 30.6380577087, 17.5667953491, -11.2165622711, -12.2321691513, -16.5431003571], [-39.3650283813, 18.4976196289, -24.9151153564, 5.71558427811, -2.22112751007, 3.56139540672, 4.07368564606, 30.6380577087, 69.0104827881, 23.2011203766, 6.56241369247, -11.0115404129, 3.4793202877], [25.6481342316, -50.5736274719, 27.7855091095, -25.7483768463, 9.04391670227, -5.4742398262, -3.33480286598, 17.5667953491, 23.2011203766, 71.8288116455, 13.7665185928, 15.6743087769, -21.3300457001], [-62.2610359192, 46.1171302795, -24.4045619965, 11.9508571625, -13.285987854, 15.7508420944, 2.04966664314, -11.2165622711, 6.56241369247, 13.7665185928, 80.3402252197, 17.1595840454, 11.744011879], [29.5313472748, -51.1666564941, 46.3166618347, -9.66281890869, 15.8378152847, -2.5916864872, -7.88726615906, -12.2321691513, -11.0115404129, 15.6743087769, 17.1595840454, 72.1205062866, 6.66308450699], [-99.9025115967, 67.9360809326, -37.6661834717, 33.1076393127, -8.87256145477, 8.53952312469, -3.33861470222, -16.5431003571, 3.4793202877, -21.3300457001, 11.744011879, 6.66308450699, 80.0667037964]],
        "icov": [[0.00309235835448, 0.00250994414091, 0.000475056585856, 0.000939400575589, 0.000434712477727, 0.00095633440651, 0.00024894400849, 0.00075375410961, 0.000307408627123, 0.00103433080949, 0.000475021573948, -3.4571326978e-05, 0.00187151704449], [0.00250994414091, 0.00847062282264, -0.000362935330486, 0.00488975038752, -0.00456071086228, 0.00639086170122, -0.00398678798229, 0.00553980190307, -0.00407027080655, 0.00611657463014, -0.00659961160272, 0.00762308482081, -0.00431681703776], [0.000475056585856, -0.000362935330486, 0.00733586959541, -0.00271565257572, 0.000389624241507, -0.00167830206919, 0.00330079137348, -0.00201350729913, 0.00357386912219, -0.00316603877582, 0.0040958574973, -0.00579155841842, 0.00430090818554], [0.000939400575589, 0.00488975038752, -0.00271565257572, 0.0100548705086, -0.00208913604729, 0.00394111592323, -0.00116614310537, 0.00684744911268, -0.00596102559939, 0.00641168979928, -0.00592813640833, 0.00742289144546, -0.00547877000645], [0.000434712477727, -0.00456071086228, 0.000389624241507, -0.00208913604729, 0.013581267558, -0.00572398817167, 0.00441918708384, -0.00553027587011, 0.00387067068368, -0.00423799734563, 0.00732306810096, -0.00827274937183, 0.00493351602927], [0.00095633440651, 0.00639086170122, -0.00167830206919, 0.00394111592323, -0.00572398817167, 0.0183896739036, -0.0105698201805, 0.00475258007646, -0.00436100224033, 0.00627118255943, -0.0091765569523, 0.00804054364562, -0.0061659226194], [0.00024894400849, -0.00398678798229, 0.00330079137348, -0.00116614310537, 0.00441918708384, -0.0105698201805, 0.0212400071323, -0.0101549802348, 0.00549895036966, -0.00236191507429, 0.00505891349167, -0.00627306941897, 0.00504473224282], [0.00075375410961, 0.00553980190307, -0.00201350729913, 0.00684744911268, -0.00553027587011, 0.00475258007646, -0.0101549802348, 0.0262678321451, -0.0130594773218, 0.00316729512997, -0.00314629590139, 0.00886106397957, -0.00251907971688], [0.000307408627123, -0.00407027080655, 0.00357386912219, -0.00596102559939, 0.00387067068368, -0.00436100224033, 0.00549895036966, -0.0130594773218, 0.0263676866889, -0.0120121510699, 0.00444227643311, -0.00330390338786, 0.00168583914638], [0.00103433080949, 0.00611657463014, -0.00316603877582, 0.00641168979928, -0.00423799734563, 0.00627118255943, -0.00236191507429, 0.00316729512997, -0.0120121510699, 0.0268072746694, -0.0103549240157, 0.00301819480956, 0.00030869958573], [0.000475021573948, -0.00659961160272, 0.0040958574973, -0.00592813640833, 0.00732306810096, -0.0091765569523, 0.00505891349167, -0.00314629590139, 0.00444227643311, -0.0103549240157, 0.024565231055, -0.0137371439487, 0.0065100453794], [-3.4571326978e-05, 0.00762308482081, -0.00579155841842, 0.00742289144546, -0.00827274937183, 0.00804054364562, -0.00627306941897, 0.00886106397957, -0.00330390338786, 0.00301819480956, -0.0137371439487, 0.030146509409, -0.0120564391837], [0.00187151704449, -0.00431681703776, 0.00430090818554, -0.00547877000645, 0.00493351602927, -0.0061659226194, 0.00504473224282, -0.00251907971688, 0.00168583914638, 0.00030869958573, 0.0065100453794, -0.0120564391837, 0.0237279515713]]
    },
    "melbands": {
        "dmean": [0.00129060877953, 0.00163172639441, 0.000664606457576, 0.00051295949379, 0.000506922719069, 0.000169652426848, 0.00023520339164, 0.000253162637819, 0.000246553885518, 9.23790430534e-05, 0.000115111455671, 0.000148615363287, 4.18033159804e-05, 6.99124575476e-05, 4.6325425501e-05, 4.52574713563e-05, 3.49616238964e-05, 5.03460942127e-05, 2.33885657508e-05, 2.01129332709e-05, 1.67213784152e-05, 1.47527071022e-05, 1.67380585481e-05, 1.15691418614e-05, 7.83767336543e-06, 9.48684555624e-06, 7.61522733228e-06, 5.63753110328e-06, 3.99120790462e-06, 3.30946159011e-06, 2.92735535368e-06, 2.73673617812e-06, 2.73579234999e-06, 2.86818590212e-06, 2.79282130577e-06, 4.12826830143e-06, 2.18578202293e-06, 1.40535814808e-06, 2.61904347099e-06, 2.21695654545e-06],
        "dmean2": [0.00224028341472, 0.0028208673466, 0.00111902249046, 0.000846960465424, 0.000796105596237, 0.000268175383098, 0.000395120354369, 0.000385175866541, 0.000376668293029, 0.00013510719873, 0.00016548858548, 0.000232948732446, 6.32681840216e-05, 0.000108174972411, 6.90222732374e-05, 7.04679114278e-05, 5.54977086722e-05, 7.85943557275e-05, 3.71492060367e-05, 3.29714494001e-05, 2.72330871667e-05, 2.38524680753e-05, 2.77109829767e-05, 1.9114531824e-05, 1.22469136841e-05, 1.51959466166e-05, 1.20986987895e-05, 8.89579951036e-06, 6.39336349195e-06, 5.16181444254e-06, 4.5621350182e-06, 4.11604742112e-06, 4.13706493418e-06, 4.25887765232e-06, 4.19601565227e-06, 6.56064094073e-06, 3.33453704116e-06, 2.15418322114e-06, 4.15154045186e-06, 3.5325783756e-06],
        "dvar": [5.95168376094e-06, 9.97834467853e-06, 1.4557757595e-06, 1.67666678408e-06, 4.39994181534e-07, 7.61167910923e-08, 9.01419241472e-08, 1.93876601884e-07, 1.33047535655e-07, 4.47826202787e-08, 4.42091518948e-08, 6.94362682907e-08, 6.0559632864e-09, 1.70091745133e-08, 5.64080915311e-09, 5.07078690148e-09, 3.11898440408e-09, 6.49914300155e-09, 1.75171377403e-09, 8.10314981781e-10, 5.19809195687e-10, 3.47942757939e-10, 4.81930717555e-10, 5.23715515399e-10, 3.73138492327e-10, 2.76196704396e-10, 1.29919103253e-10, 8.8698874634e-11, 4.16991788321e-11, 3.15768487746e-11, 2.99427496686e-11, 3.22792972907e-11, 4.50846061872e-11, 5.21761696348e-11, 5.34355650006e-11, 1.54252277618e-10, 2.96597746363e-11, 1.58078532903e-11, 4.56345169986e-11, 3.29380515918e-11],
        "dvar2": [1.62417254614e-05, 2.78513034573e-05, 3.84870554626e-06, 4.41268048235e-06, 1.04344348983e-06, 1.83921088137e-07, 2.38897257532e-07, 4.58548896631e-07, 3.11038746759e-07, 1.00053242136e-07, 8.3974249776e-08, 1.55122066303e-07, 1.12691616039e-08, 3.92464407639e-08, 1.15042082527e-08, 1.2217775236e-08, 7.68703056764e-09, 1.46815590796e-08, 4.09460731987e-09, 1.66762981202e-09, 1.30603039494e-09, 8.76191397214e-10, 1.2500258606e-09, 1.24588062089e-09, 8.86350604024e-10, 6.59769461286e-10, 2.9024402326e-10, 2.04445682606e-10, 9.30758942141e-11, 6.42192132805e-11, 6.77728706489e-11, 7.1489064668e-11, 1.11949019499e-10, 1.13072481933e-10, 1.04526678979e-10, 3.93119092834e-10, 6.25224941264e-11, 3.39181391307e-11, 1.18057438825e-10, 8.28352733628e-11],
        "max": [0.0235037524253, 0.0279262922704, 0.0111681967974, 0.013632632792, 0.00859539303929, 0.00309314252809, 0.0035548217129, 0.00861931126565, 0.00499122031033, 0.00409810151905, 0.00429343851283, 0.00531479762867, 0.00216670078225, 0.00225185253657, 0.00125552515965, 0.00109241274185, 0.000977615243755, 0.0014743830543, 0.000736940419301, 0.000728911254555, 0.000405620783567, 0.000234003600781, 0.000281429995084, 0.000354497111402, 0.000408952648286, 0.000317221594742, 0.000189505328308, 0.000117788971693, 8.84243127075e-05, 9.01262028492e-05, 7.01806420693e-05, 0.00010154354095, 0.000118775191368, 0.00013318672427, 0.000136107337312, 0.000140657124575, 8.5961080913e-05, 7.44353746995e-05, 7.80351474532e-05, 6.48616551189e-05],
        "mean": [0.00251425430179, 0.00273066665977, 0.000912909978069, 0.000657644297462, 0.000976304814685, 0.000373639457393, 0.000491002632771, 0.000586600159295, 0.000568674877286, 0.000228144286666, 0.000253340112977, 0.000327984365867, 8.37933112052e-05, 0.000147259634105, 0.000101893565443, 8.6491330876e-05, 5.86958012718e-05, 9.25583444769e-05, 4.30836844316e-05, 4.21475779149e-05, 3.24399843521e-05, 2.87431503239e-05, 2.98041286442e-05, 2.06907971005e-05, 1.40221054608e-05, 1.86474208022e-05, 1.64104567375e-05, 1.07649620986e-05, 7.79175570642e-06, 6.4411119638e-06, 5.74947125642e-06, 5.01087561133e-06, 5.02671218783e-06, 5.32562171429e-06, 5.42567750017e-06, 5.94125913267e-06, 3.6881917822e-06, 2.36810501519e-06, 3.72460135623e-06, 3.10709583573e-06],
        "median": [0.00223149498925, 0.00211749738082, 0.000593346310779, 0.000285137386527, 0.000577474129386, 0.000247560528805, 0.000333148636855, 0.000392485002521, 0.000355533236871, 8.03043221822e-05, 0.000115515031212, 0.000141761804116, 4.27456106991e-05, 7.26883299649e-05, 5.36866828043e-05, 5.03826413478e-05, 3.58757897629e-05, 5.42398993275e-05, 2.59235512203e-05, 3.13609853038e-05, 2.11325605051e-05, 1.85940807569e-05, 2.21002392209e-05, 1.37715069286e-05, 7.51497282181e-06, 1.15051252578e-05, 1.13374226203e-05, 5.7458273659e-06, 4.40892063125e-06, 3.69609142581e-06, 2.81248662759e-06, 1.7836933921e-06, 1.90106288755e-06, 2.23215147344e-06, 1.94932340492e-06, 2.2441861347e-06, 1.50775122165e-06, 1.02297371996e-06, 1.67453504218e-06, 1.40137649396e-06],
        "min": [6.58167773508e-05, 7.32824337319e-05, 2.83975386992e-05, 1.01015575638e-05, 1.41575555972e-05, 9.01634120964e-06, 6.14856617176e-06, 4.52758013125e-06, 5.7012389334e-06, 1.06144966594e-06, 4.84287875224e-06, 3.01185423268e-06, 1.65298035881e-06, 1.60892466283e-06, 1.28899102947e-06, 2.29206375479e-06, 1.89429124475e-06, 1.6131572238e-06, 1.30671116949e-06, 2.93882749247e-06, 2.04696834771e-06, 1.36769801884e-06, 2.05297897082e-06, 1.87502280369e-06, 8.8596260639e-07, 8.76886986134e-07, 1.67201073964e-06, 4.21681932039e-07, 5.69849817111e-07, 6.28998179764e-07, 2.47445115065e-07, 4.91177836182e-08, 1.47395951444e-07, 1.11164972338e-07, 5.26709520443e-08, 3.78150915026e-08, 3.23372262301e-08, 8.74216699032e-09, 1.77265739865e-08, 8.52708836874e-09],
