{
"highlevel": {
    "danceability": {
        "all": {
            "danceable": 0.773212969303,
            "not_danceable": 0.226787030697
        },
        "probability": 0.773212969303,
        "value": "danceable"
    },
    "gender": {
        "all": {
            "female": 0.801765322685,
            "male": 0.198234677315
        },
        "probability": 0.801765322685,
        "value": "female"
    },
    "genre_dortmund": {
        "all": {
            "alternative": 0.15739659965,
            "blues": 0.0413629226387,
            "electronic": 0.0415187478065,
            "folkcountry": 0.0762608498335,
            "funksoulrnb": 0.0162656661123,
            "jazz": 0.0342338569462,
            "pop": 0.0393980368972,
            "raphiphop": 0.0140040945262,
            "rock": 0.579559206963
        },
        "probability": 0.579559206963,
        "value": "rock"
    },
    "genre_electronic": {
        "all": {
            "ambient": 0.441538691521,
            "dnb": 0.16726090014,
            "house": 0.0579068735242,
            "techno": 0.0245346520096,
            "trance": 0.308758884668
        },
        "probability": 0.441538691521,
        "value": "ambient"
    },
    "genre_rosamerica": {
        "all": {
            "cla": 0.00437028333545,
            "dan": 0.0608675889671,
            "hip": 0.0279742795974,
            "jaz": 0.0060424390249,
            "pop": 0.0698374137282,
            "rhy": 0.0462074019015,
            "roc": 0.78273332119,
            "spe": 0.00196724338457
        },
        "probability": 0.78273332119,
        "value": "roc"
    },
    "genre_tzanetakis": {
        "all": {
            "blu": 0.0626541376114,
            "cla": 0.0348133966327,
            "cou": 0.0783501937985,
            "dis": 0.104547761381,
            "hip": 0.15693578124,
            "jaz": 0.313987255096,
            "met": 0.044816005975,
            "pop": 0.0627349764109,
            "reg": 0.0627352520823,
            "roc": 0.0784252434969
        },
        "probability": 0.313987255096,
        "value": "jaz"
    },
    "ismir04_rhythm": {
        "all": {
            "ChaChaCha": 0.282051742077,
            "Jive": 0.294629961252,
            "Quickstep": 0.0631895437837,
            "Rumba-American": 0.0241723656654,
            "Rumba-International": 0.00892203301191,
            "Rumba-Misc": 0.00333891948685,
            "Samba": 0.215941950679,
            "Tango": 0.0429817065597,
            "VienneseWaltz": 0.0619790181518,
            "Waltz": 0.00279276166111
        },
        "probability": 0.294629961252,
        "value": "Jive"
    },
    "mood_acoustic": {
        "all": {
            "acoustic": 0.0827806964517,
            "not_acoustic": 0.917219281197
        },
        "probability": 0.917219281197,
        "value": "not_acoustic"
    },
    "mood_aggressive": {
        "all": {
            "aggressive": 0.726448714733,
            "not_aggressive": 0.273551285267
        },
        "probability": 0.726448714733,
        "value": "aggressive"
    },
    "mood_electronic": {
        "all": {
            "electronic": 0.306876212358,
            "not_electronic": 0.693123757839
        },
        "probability": 0.693123757839,
        "value": "not_electronic"
    },
    "mood_happy": {
        "all": {
            "happy": 0.419463634491,
            "not_happy": 0.580536365509
        },
        "probability": 0.580536365509,
        "value": "not_happy"
    },
    "mood_party": {
        "all": {
            "not_party": 0.438537597656,
            "party": 0.561462402344
        },
        "probability": 0.561462402344,
        "value": "party"
    },
    "mood_relaxed": {
        "all": {
            "not_relaxed": 0.887645602226,
            "relaxed": 0.112354420125
        },
        "probability": 0.887645602226,
        "value": "not_relaxed"
    },
    "mood_sad": {
        "all": {
            "not_sad": 0.851873397827,
            "sad": 0.148126617074
        },
        "probability": 0.851873397827,
        "value": "not_sad"
    },
    "moods_mirex": {
        "all": {
            "Cluster1": 0.215595304966,
            "Cluster2": 0.126820072532,
            "Cluster3": 0.0445497706532,
            "Cluster4": 0.057107347995,
            "Cluster5": 0.55592751503
        },
        "probability": 0.55592751503,
        "value": "Cluster5"
    },
    "timbre": {
        "all": {
            "bright": 0.379617214203,
            "dark": 0.620382785797
        },
        "probability": 0.620382785797,
        "value": "dark"
    },
    "tonal_atonal": {
        "all": {
            "atonal": 0.0145954098552,
            "tonal": 0.985404610634
        },
        "probability": 0.985404610634,
        "value": "tonal"
    },
    "voice_instrumental": {
        "all": {
            "instrumental": 0.0670778676867,
            "voice": 0.932922124863
        },
        "probability": 0.932922124863,
        "value": "voice"
    }
},
"lowlevel": {
    "average_loudness": 0.933591425419,
    "barkbands_crest": {
        "dmean": 2.74882078171,
        "dmean2": 4.67352342606,
        "dvar": 6.0796918869,
        "dvar2": 17.14686203,
        "max": 21.9013690948,
        "mean": 8.67719936371,
        "median": 7.95167827606,
        "min": 3.05244755745,
        "var": 11.1029310226
    },
    "barkbands_flatness_db": {
        "dmean": 0.0177408177406,
        "dmean2": 0.0304007828236,
        "dvar": 0.000254032056546,
        "dvar2": 0.000735796056688,
        "max": 0.257338285446,
        "mean": 0.107186950743,
        "median": 0.102500237525,
        "min": 0.0524294637144,
        "var": 0.000723027973436
    },
    "barkbands_kurtosis": {
        "dmean": 1.53976857662,
        "dmean2": 2.51463484764,
        "dvar": 5.26145982742,
        "dvar2": 12.8557519913,
        "max": 29.2737579346,
        "mean": 1.39418768883,
        "median": 0.649823188782,
        "min": -1.74727618694,
        "var": 8.19456291199
    },
    "barkbands_skewness": {
        "dmean": 0.40495672822,
        "dmean2": 0.644162654877,
        "dvar": 0.166729331017,
        "dvar2": 0.415069192648,
        "max": 5.11430454254,
        "mean": 1.20875775814,
        "median": 1.14247441292,
        "min": -0.884200394154,
        "var": 0.472176283598
    },
    "barkbands_spread": {
        "dmean": 5.89093732834,
        "dmean2": 9.15820121765,
        "dvar": 30.0632228851,
        "dvar2": 65.143951416,
        "max": 83.9550552368,
        "mean": 31.9003143311,
        "median": 29.998916626,
        "min": 5.86849451065,
        "var": 197.186447144
    },
    "dissonance": {
        "dmean": 0.0155063932762,
        "dmean2": 0.0269150212407,
        "dvar": 0.000250201439485,
        "dvar2": 0.000752446940169,
        "max": 0.499976873398,
        "mean": 0.474950939417,
        "median": 0.479670017958,
        "min": 0.35241702199,
        "var": 0.000379424920538
    },
    "dynamic_complexity": 2.3029692173,
    "erbbands_crest": {
        "dmean": 2.22402906418,
        "dmean2": 3.71014428139,
        "dvar": 5.38402795792,
        "dvar2": 13.9489402771,
        "max": 26.7021274567,
        "mean": 7.23870134354,
        "median": 6.0539522171,
        "min": 2.35633969307,
        "var": 15.3035497665
    },
    "erbbands_flatness_db": {
        "dmean": 0.0121450340375,
        "dmean2": 0.0188923347741,
        "dvar": 0.000121936180221,
        "dvar2": 0.00029065986746,
        "max": 0.241262033582,
        "mean": 0.128558769822,
        "median": 0.122135445476,
        "min": 0.0825839191675,
        "var": 0.000793066865299
    },
    "erbbands_kurtosis": {
        "dmean": 0.623235464096,
        "dmean2": 1.01272201538,
        "dvar": 0.928219795227,
        "dvar2": 2.2654402256,
        "max": 13.7604045868,
        "mean": 0.0183440893888,
        "median": -0.505093336105,
        "min": -1.49528312683,
        "var": 3.07690024376
    },
    "erbbands_skewness": {
        "dmean": 0.300317019224,
        "dmean2": 0.470249921083,
        "dvar": 0.0719341561198,
        "dvar2": 0.180117309093,
        "max": 3.20486426353,
        "mean": 0.206702336669,
        "median": 0.180461958051,
        "min": -1.8080663681,
        "var": 0.425452560186
    },
    "erbbands_spread": {
        "dmean": 6.85469722748,
        "dmean2": 10.5925216675,
        "dvar": 36.0324821472,
        "dvar2": 83.0769424438,
        "max": 83.0631027222,
        "mean": 43.5804214478,
        "median": 44.764793396,
        "min": 7.23394107819,
        "var": 198.506973267
    },
    "hfc": {
        "dmean": 5.71167707443,
        "dmean2": 8.98782634735,
        "dvar": 49.1648864746,
        "dvar2": 116.036323547,
        "max": 88.4508590698,
        "mean": 23.8372039795,
        "median": 19.4385299683,
        "min": 1.97613799572,
        "var": 217.912826538
    },
    "melbands_crest": {
        "dmean": 3.10953092575,
        "dmean2": 5.27684211731,
        "dvar": 7.57897615433,
        "dvar2": 20.8812541962,
        "max": 27.8350524902,
        "mean": 13.1787405014,
        "median": 12.7168340683,
        "min": 3.98825526237,
        "var": 17.2145729065
    },
    "melbands_flatness_db": {
        "dmean": 0.0226418115199,
        "dmean2": 0.0374980941415,
        "dvar": 0.000444735022029,
        "dvar2": 0.00118803174701,
        "max": 0.347860962152,
        "mean": 0.152456060052,
        "median": 0.146765470505,
        "min": 0.0681113898754,
        "var": 0.00155566702597
    },
    "melbands_kurtosis": {
        "dmean": 4.52077817917,
        "dmean2": 7.30457305908,
        "dvar": 35.7017326355,
        "dvar2": 92.7812652588,
        "max": 93.2260131836,
        "mean": 8.59428787231,
        "median": 6.98691368103,
        "min": -1.34349894524,
        "var": 59.6511878967
    },
    "melbands_skewness": {
        "dmean": 0.61825889349,
        "dmean2": 1.00038099289,
        "dvar": 0.347168594599,
        "dvar2": 0.907267987728,
        "max": 8.20595359802,
        "mean": 2.40303707123,
        "median": 2.40458655357,
        "min": -0.784970879555,
        "var": 1.15019226074
    },
    "melbands_spread": {
        "dmean": 7.32987546921,
        "dmean2": 11.7001304626,
        "dvar": 44.3237075806,
        "dvar2": 109.046836853,
        "max": 116.413497925,
        "mean": 29.1177577972,
        "median": 27.5798473358,
        "min": 3.7253704071,
        "var": 162.228591919
    },
    "pitch_salience": {
        "dmean": 0.0789394527674,
        "dmean2": 0.133724138141,
        "dvar": 0.00461716577411,
        "dvar2": 0.0131014334038,
        "max": 0.810303866863,
        "mean": 0.573917090893,
        "median": 0.57787913084,
        "min": 0.230913758278,
        "var": 0.00921582244337
    },
    "silence_rate_20dB": {
        "dmean": 0,
        "dmean2": 0,
        "dvar": 0,
        "dvar2": 0,
        "max": 1,
        "mean": 1,
        "median": 1,
        "min": 1,
        "var": 0
    },
    "silence_rate_30dB": {
        "dmean": 0.0108359130099,
        "dmean2": 0.0216886140406,
        "dvar": 0.0107184043154,
        "dvar2": 0.0305129773915,
        "max": 1,
        "mean": 0.993812859058,
        "median": 1,
        "min": 0,
        "var": 0.00614878768101
    },
    "silence_rate_60dB": {
        "dmean": 0.00851393211633,
        "dmean2": 0.0162664595991,
        "dvar": 0.00844144355506,
        "dvar2": 0.0221985969692,
        "max": 1,
        "mean": 0.00618716143072,
        "median": 0,
        "min": 0,
        "var": 0.00614887895063
    },
    "spectral_centroid": {
        "dmean": 260.903869629,
        "dmean2": 408.91116333,
        "dvar": 60215.8320312,
        "dvar2": 129662.304688,
        "max": 3691.01782227,
        "mean": 1757.94006348,
        "median": 1687.96264648,
        "min": 431.412261963,
        "var": 367188.78125
    },
    "spectral_complexity": {
        "dmean": 4.12538719177,
        "dmean2": 6.57242441177,
        "dvar": 14.4935331345,
        "dvar2": 32.853515625,
        "max": 55,
        "mean": 25.5939674377,
        "median": 25,
        "min": 6,
        "var": 71.3162460327
    },
    "spectral_decrease": {
        "dmean": 3.07189229609e-09,
        "dmean2": 4.96504881653e-09,
        "dvar": 2.14309377628e-17,
        "dvar2": 5.04514065383e-17,
        "max": -5.92774107577e-10,
        "mean": -7.29956806111e-09,
        "median": -5.40031797058e-09,
        "min": -4.07913383071e-08,
        "var": 3.43002617094e-17
    },
    "spectral_energy": {
        "dmean": 0.0119734434411,
        "dmean2": 0.0193225648254,
        "dvar": 0.000319929415127,
        "dvar2": 0.000751693733037,
        "max": 0.158600047231,
        "mean": 0.029712382704,
        "median": 0.022181654349,
        "min": 0.00254504731856,
        "var": 0.000528356409632
    },
    "spectral_energyband_high": {
        "dmean": 0.000353547860868,
        "dmean2": 0.000544464215636,
        "dvar": 1.81070248573e-07,
        "dvar2": 4.32671527051e-07,
        "max": 0.00714605487883,
        "mean": 0.00138304010034,
        "median": 0.00109556503594,
        "min": 1.41330074257e-05,
        "var": 1.31561171202e-06
    },
    "spectral_energyband_low": {
        "dmean": 0.00703653832898,
        "dmean2": 0.0120126558468,
        "dvar": 0.000153480868903,
        "dvar2": 0.000397863041144,
        "max": 0.115771181881,
        "mean": 0.0115016046911,
        "median": 0.00827174633741,
        "min": 6.58372955513e-05,
        "var": 0.00016955495812
    },
    "spectral_energyband_middle_high": {
        "dmean": 0.00179592042696,
        "dmean2": 0.00279603037052,
        "dvar": 1.04738155642e-05,
        "dvar2": 2.42983569478e-05,
        "max": 0.0619953013957,
        "mean": 0.00560883246362,
        "median": 0.00384740112349,
        "min": 0.000267770403298,
        "var": 3.84952145396e-05
    },
    "spectral_energyband_middle_low": {
        "dmean": 0.00649975938722,
        "dmean2": 0.0105705922469,
        "dvar": 0.000141875018016,
        "dvar2": 0.000346858694684,
        "max": 0.127510458231,
        "mean": 0.0120990406722,
        "median": 0.00747510045767,
        "min": 0.000931551388931,
        "var": 0.000195001717657
    },
    "spectral_entropy": {
        "dmean": 0.0979254320264,
        "dmean2": 0.15701200068,
        "dvar": 0.00828153174371,
        "dvar2": 0.022501681,
        "max": 8.36010360718,
        "mean": 7.90777206421,
        "median": 7.95273017883,
        "min": 6.84958124161,
        "var": 0.0474698916078
    },
    "spectral_flux": {
        "dmean": 0.0256165508181,
        "dmean2": 0.0404816754162,
        "dvar": 0.00110115366988,
        "dvar2": 0.00210137618706,
        "max": 0.305328041315,
        "mean": 0.0968101099133,
        "median": 0.0831119865179,
        "min": 0.0248290952295,
        "var": 0.00254958635196
    },
    "spectral_kurtosis": {
        "dmean": 0.734899044037,
        "dmean2": 1.21093273163,
        "dvar": 0.51465857029,
        "dvar2": 1.40585386753,
        "max": 12.2895879745,
        "mean": 2.57488799095,
        "median": 2.30215740204,
        "min": 0.131411552429,
        "var": 1.80694103241
    },
    "spectral_rms": {
        "dmean": 0.00094906630693,
        "dmean2": 0.00150845502503,
        "dvar": 1.35003710966e-06,
        "dvar2": 3.07193317894e-06,
        "max": 0.0124391214922,
        "mean": 0.0050576031208,
        "median": 0.00465195020661,
        "min": 0.00157574529294,
        "var": 3.4083218452e-06
    },
    "spectral_rolloff": {
        "dmean": 534.246826172,
        "dmean2": 879.575500488,
        "dvar": 417247.15625,
        "dvar2": 969245.8125,
        "max": 7967.28515625,
        "mean": 1785.67248535,
        "median": 1421.19140625,
        "min": 86.1328125,
        "var": 1472018.5
    },
    "spectral_skewness": {
        "dmean": 0.134136810899,
        "dmean2": 0.211962118745,
        "dvar": 0.014492303133,
        "dvar2": 0.0336982421577,
        "max": 2.66723608971,
        "mean": 1.19594109058,
        "median": 1.17983186245,
        "min": 0.456807285547,
        "var": 0.100506693125
    },
    "spectral_spread": {
        "dmean": 362677.1875,
        "dmean2": 526881.1875,
        "dvar": 117198168064,
        "dvar2": 218166362112,
        "max": 8907149,
        "mean": 4850234,
        "median": 4766247,
        "min": 2577704.25,
        "var": 558352695296
    },
    "spectral_strongpeak": {
        "dmean": 0.469780832529,
        "dmean2": 0.787467300892,
        "dvar": 0.900249838829,
        "dvar2": 2.20079350471,
        "max": 14.0388698578,
        "mean": 0.693760097027,
        "median": 0.303996801376,
        "min": 0,
        "var": 1.5091047287
    },
    "zerocrossingrate": {
        "dmean": 0.0093706920743,
        "dmean2": 0.0111366705969,
        "dvar": 6.59736688249e-05,
        "dvar2": 9.08085276023e-05,
        "max": 0.18798828125,
        "mean": 0.0737874880433,
        "median": 0.06982421875,
        "min": 0.01513671875,
        "var": 0.000729310733732
    },
    "barkbands": {
        "dmean": [0.000485090567963, 0.00493130646646, 0.00256442162208, 0.00194257032126, 0.0029404819943, 0.00100197701249, 0.000817646912765, 0.000695023685694, 0.00168118532747, 0.000371707428712, 0.000715341244359, 0.000435118097812, 0.000526768621057, 0.000284094625385, 0.000339004705893, 0.00019834242994, 0.000151827611262, 0.000147820246639, 0.000164119526744, 0.000178522823262, 0.000134727626573, 0.000110457200208, 7.731232472e-05, 6.04632077739e-05, 3.2579038816e-05, 1.22250030472e-05, 1.66957541126e-08],
        "dmean2": [0.000827523355838, 0.00844480842352, 0.00456313136965, 0.00337642710656, 0.00485719367862, 0.00167409272399, 0.00135863828473, 0.00115506642032, 0.00272804545239, 0.000600629427936, 0.00113068008795, 0.000718204479199, 0.000845371221658, 0.000446870573796, 0.000550744589418, 0.000330534268869, 0.000253961072303, 0.000248076335993, 0.000275376107311, 0.000297529244563, 0.000219292021939, 0.000176103509148, 0.000123464822536, 9.4875729701e-05, 4.92124163429e-05, 1.82404837687e-05, 2.93250899119e-08],
        "dvar": [5.50355991891e-07, 7.44017452234e-05, 4.41870106442e-05, 1.69205850398e-05, 4.69157821499e-05, 3.42899670613e-06, 2.75325714938e-06, 2.53645521298e-06, 1.94967124116e-05, 2.96728273952e-07, 4.456728675e-06, 1.96723340196e-06, 1.26783174892e-06, 5.77958644499e-07, 1.74071738002e-06, 1.03099473847e-07, 4.70999879099e-08, 3.97720434364e-08, 4.29152819947e-08, 6.54418741419e-08, 2.31743833012e-08, 2.14728537173e-08, 9.04130548207e-09, 1.54575250377e-08, 2.98581159797e-09, 3.95502963713e-10, 3.67852602356e-15],
        "dvar2": [1.42806516124e-06, 0.000191084123799, 0.000126774553792, 4.22051998612e-05, 0.000118181458674, 9.2763793873e-06, 7.67654455558e-06, 5.94507810092e-06, 5.30140496267e-05, 7.52483970246e-07, 1.04394484879e-05, 5.38653148396e-06, 3.47240552401e-06, 1.31628485178e-06, 4.8325255193e-06, 2.62291734998e-07, 1.24196091633e-07, 1.09527171333e-07, 1.07624700263e-07, 1.68595946093e-07, 6.12368324937e-08, 5.53501031675e-08, 2.43379236764e-08, 3.82868989846e-08, 7.03017866144e-09, 8.87656947945e-10, 9.75869030224e-15],
        "max": [0.00701539032161, 0.0960820764303, 0.0660157501698, 0.038489934057, 0.0850570648909, 0.0270194169134, 0.0230351239443, 0.039439138025, 0.0698679238558, 0.00911795720458, 0.042172588408, 0.0279580224305, 0.0192053057253, 0.0134316133335, 0.0308122206479, 0.00319788348861, 0.002498711925, 0.00228140829131, 0.00269666989334, 0.00374975544401, 0.00211699539796, 0.00240024109371, 0.00132363243029, 0.00217915186659, 0.00126284710132, 0.000241655972786, 1.02806779978e-06],
        "mean": [0.000509469595272, 0.00719519006088, 0.00302593456581, 0.00192935927771, 0.00332763628103, 0.00136070803273, 0.0012388729956, 0.00106556050014, 0.00289189210162, 0.000659824640024, 0.001018748153, 0.00068337644916, 0.000890299503226, 0.000447443482699, 0.000541137065738, 0.000342027953593, 0.000285419926513, 0.000306258705677, 0.000401196273742, 0.000454551336588, 0.000372643698938, 0.000302188796923, 0.00020689991652, 0.000152721870109, 7.86756208981e-05, 2.4343473342e-05, 1.22602772379e-08],
        "median": [0.000245164730586, 0.0049863466993, 0.00167495768983, 0.000707172963303, 0.00148240267299, 0.000647764187306, 0.000613432319369, 0.000603464373853, 0.00110582855996, 0.000331387243932, 0.000441780401161, 0.000328675290802, 0.000334618787747, 0.000183804397238, 0.000231432321016, 0.00021221327188, 0.000200164315174, 0.000230429373914, 0.000310750794597, 0.000318130711094, 0.000304751651129, 0.000217104214244, 0.000149805011461, 8.89467919478e-05, 5.43096539332e-05, 1.56800397235e-05, 6.27166207856e-10],
        "min": [8.16739387233e-09, 1.61266734722e-06, 4.92634444527e-06, 4.88889781991e-06, 3.56997115887e-05, 1.25748756545e-05, 8.60928230395e-06, 1.34908495966e-05, 4.6832159569e-05, 5.84858526054e-06, 6.49625735605e-06, 1.44405021274e-05, 6.51057780487e-06, 1.34060255732e-05, 1.39778476296e-05, 5.31084197064e-06, 4.93407287649e-06, 7.5011212175e-06, 4.3257946345e-06, 2.71923181572e-06, 1.76425442078e-06, 2.67061932391e-06, 5.41701126622e-07, 1.15480145269e-06, 2.73735054179e-07, 9.83865522386e-09, 7.14928853965e-12],
        "var": [6.1687097741e-07, 8.17174295662e-05, 2.93288794637e-05, 1.51777585415e-05, 4.47957245342e-05, 4.33161903857e-06, 4.93245806865e-06, 3.42027033184e-06, 4.6460350859e-05, 9.60087277235e-07, 7.05296406522e-06, 2.62396906692e-06, 2.50467064689e-06, 1.07035714336e-06, 2.40778354055e-06, 1.68949625845e-07, 9.29034484898e-08, 7.19163892882e-08, 1.13472090391e-07, 1.92325003923e-07, 8.96277967399e-08, 8.99209169347e-08, 3.70581609843e-08, 3.89748109342e-08, 6.54256870902e-09, 7.17326142929e-10, 2.68094842828e-15]
    },
    "erbbands": {
        "dmean": [0.134949013591, 1.2010062933, 2.89662599564, 4.57930135727, 9.98971652985, 9.57921791077, 8.62917900085, 7.85361385345, 7.01608514786, 17.4937076569, 16.8453979492, 33.17760849, 26.8279457092, 11.6540184021, 32.766834259, 15.3037824631, 23.1067638397, 15.2561454773, 19.7749538422, 11.4443035126, 9.26118755341, 7.94342756271, 7.69601678848, 8.61955451965, 8.56158161163, 7.80874729156, 6.83135318756, 4.58101606369, 4.08487415314, 3.16126060486, 1.96497380733, 1.39381539822, 1.06142902374, 0.468839228153, 0.202360972762, 0.0801569372416, 0.0186417251825, 0.0015521501191, 3.28810856445e-05, 1.44304804053e-05],
        "dmean2": [0.225935980678, 2.0951333046, 5.17738628387, 7.93306970596, 16.305109024, 16.3758659363, 15.0312376022, 13.0476074219, 12.0092105865, 28.4904899597, 27.4552249908, 53.1532058716, 43.1895675659, 18.5243606567, 52.8707885742, 24.9154262543, 36.7431602478, 24.653963089, 32.6021385193, 18.7692928314, 15.2345666885, 13.2575025558, 12.9034557343, 14.8687047958, 13.87413311, 13.1094703674, 11.189827919, 7.35581302643, 6.57879304886, 5.11005783081, 3.11357712746, 2.18921756744, 1.68936634064, 0.726870954037, 0.302523672581, 0.119877777994, 0.028911197558, 0.0025143767707, 5.0742233725e-05, 2.30134173762e-05],
        "dvar": [0.0700528472662, 4.31657791138, 51.3250656128, 84.2404937744, 835.046936035, 335.435760498, 270.913116455, 214.00302124, 238.769729614, 835.430541992, 1858.10144043, 5759.62988281, 6770.5234375, 288.794921875, 15668.5429688, 940.670837402, 2652.41625977, 1075.80395508, 7266.87158203, 463.445007324, 202.724273682, 140.88609314, 113.153175354, 120.814399719, 114.020851135, 143.569000244, 66.5095291138, 28.0045986176, 28.8587017059, 21.5485191345, 6.38176345825, 3.75067186356, 7.19137382507, 0.544796347618, 0.118400253356, 0.0158866420388, 0.000934367300943, 8.48676245369e-06, 2.96155477919e-09, 4.12909484382e-10],
        "dvar2": [0.186100140214, 11.269408226, 148.018630981, 218.331207275, 2147.54663086, 893.724365234, 777.755493164, 533.199462891, 664.871582031, 2134.89135742, 4250.88574219, 15494.1113281, 16518.4101562, 711.18762207, 38417.96875, 2399.40844727, 7149.68310547, 2746.2019043, 20518.78125, 1133.63891602, 505.822906494, 358.309906006, 308.268371582, 330.639038086, 287.227539062, 355.786468506, 186.173950195, 74.0795898438, 73.6026535034, 59.4898681641, 16.7452335358, 9.2893037796, 18.2391929626, 1.37884390354, 0.259163975716, 0.0362123027444, 0.00203105900437, 2.02568498935e-05, 6.66167832009e-09, 9.4086727298e-10],
        "max": [2.80417943001, 23.2229957581, 70.0641098022, 82.6004638672, 358.686523438, 152.573348999, 216.896392822, 221.569854736, 197.111587524, 434.336334229, 1038.58569336, 1042.37817383, 1484.70666504, 248.704956055, 2280.60839844, 462.411376953, 903.399536133, 426.25213623, 1917.96557617, 468.77722168, 142.595840454, 144.558197021, 129.519699097, 132.62663269, 159.707839966, 190.035507202, 124.398460388, 62.6295509338, 88.3659057617, 96.7860794067, 35.8998680115, 29.8530426025, 51.9731445312, 11.9534492493, 8.36765384674, 1.3687608242, 0.413409590721, 0.0456026159227, 0.000814141938463, 0.000187068537343],
        "mean": [0.1579926759, 1.74564325809, 4.02690553665, 4.92149925232, 9.51833438873, 11.2612285614, 10.9120836258, 11.0137300491, 10.4636392593, 26.9387931824, 27.3769302368, 56.2736968994, 51.0388526917, 22.0781345367, 46.6892700195, 27.9596271515, 41.0617675781, 26.6173381805, 32.8938102722, 21.1351280212, 17.8959522247, 16.1569290161, 16.6098823547, 18.9667644501, 21.5277042389, 19.9413089752, 18.8776054382, 12.6892700195, 10.9690103531, 8.13579463959, 5.2445025444, 3.57497429848, 2.37883996964, 1.10714006424, 0.455536067486, 0.157109081745, 0.0375125333667, 0.00253855646588, 7.47373705963e-05, 4.03933699999e-05],
        "median": [0.0701112151146, 1.26984107494, 2.60293340683, 2.20745372772, 2.89233660698, 5.62977170944, 5.44662714005, 5.15579652786, 4.90223407745, 14.8321609497, 16.2073688507, 24.920255661, 17.425113678, 13.0985898972, 18.1444835663, 16.60546875, 17.265958786, 12.5983610153, 12.7255096436, 12.381860733, 12.0996780396, 11.0055751801, 12.5857839584, 14.7840127945, 16.1649532318, 13.5779323578, 15.2217760086, 9.84823417664, 8.02446269989, 5.72920656204, 3.66589403152, 2.46105456352, 1.31180512905, 0.735283017159, 0.308443903923, 0.10303914547, 0.0219602696598, 0.00130476220511, 5.09482160851e-05, 3.29229333147e-05],
        "min": [6.17752666585e-05, 0.000749891856685, 0.0187970828265, 0.0481825992465, 0.071562603116, 0.106460914016, 0.219524621964, 0.140967816114, 0.297362089157, 0.460950821638, 0.71392506361, 0.923203408718, 1.00471019745, 0.460897892714, 0.866186261177, 0.69552052021, 0.421539366245, 0.793862938881, 1.71410322189, 0.804275095463, 0.236915841699, 0.27120795846, 0.255705535412, 0.315032750368, 0.159872189164, 0.147437557578, 0.189999297261, 0.0667497292161, 0.092690885067, 0.0513736195862, 0.0197788570076, 0.0210923962295, 0.0139000210911, 0.0037785526365, 0.00155333813746, 0.000235382380197, 1.54452081915e-05, 1.82344706445e-06, 3.68986707144e-06, 4.00372118747e-06],
        "var": [0.0688460543752, 4.5342297554, 35.1595458984, 71.3000717163, 707.426635742, 323.598022461, 274.317047119, 334.374908447, 403.379119873, 1618.67224121, 2374.0012207, 11929.8837891, 21116.0898438, 724.221252441, 24028.6503906, 1567.19909668, 5338.82128906, 1922.28283691, 11044.6484375, 887.421875, 351.743438721, 312.365081787, 217.537902832, 248.948379517, 337.417510986, 415.16595459, 246.741470337, 112.269020081, 118.233528137, 66.4324645996, 26.5842514038, 13.9540014267, 12.8347349167, 1.39080989361, 0.239367187023, 0.0279216654599, 0.00194957864005, 1.22688334159e-05, 5.31019717087e-09, 7.63582530539e-10]
    },
    "gfcc": {
        "mean": [39.3143920898, 82.1811599731, -121.263023376, 45.1545448303, -68.037651062, 25.7292842865, -32.3113441467, 15.8635444641, -26.067905426, 6.3628282547, -18.3440952301, -2.70695590973, -12.2965097427],
        "cov": [[1336.84216309, -102.491447449, 126.866294861, 176.485488892, 52.3563652039, 60.6397171021, 92.0115585327, 36.8816299438, 8.57162570953, 53.956325531, 11.7411174774, 108.260627747, 44.0964050293], [-102.491447449, 469.419647217, -37.6051101685, -77.3199081421, 110.936218262, -16.3188934326, 42.1575889587, -62.8304367065, 42.7765007019, -44.9101142883, 17.9894561768, -37.4531173706, 24.8301315308], [126.866294861, -37.6051101685, 202.080169678, 89.6035995483, -2.55060076714, -13.1806249619, -0.970920622349, 27.9179649353, 4.24351119995, 12.4980487823, -13.8202190399, 26.926240921, 4.15560054779], [176.485488892, -77.3199081421, 89.6035995483, 304.618438721, 1.78578794003, 8.05147361755, 38.348690033, 19.1277942657, 47.4192962646, 7.11246490479, 32.5671806335, 43.0088844299, 38.6756286621], [52.3563652039, 110.936218262, -2.55060076714, 1.78578794003, 126.239562988, 35.4875984192, 40.1537437439, -5.65941619873, 13.4240913391, 7.52625226974, 3.23101520538, 4.94682645798, 13.8489694595], [60.6397171021, -16.3188934326, -13.1806249619, 8.05147361755, 35.4875984192, 109.480804443, 78.3660354614, 14.6390857697, 2.71066021919, -0.520206868649, 8.44030189514, -5.70605754852, 10.7618227005], [92.0115585327, 42.1575889587, -0.970920622349, 38.348690033, 40.1537437439, 78.3660354614, 150.879165649, 38.5341682434, 27.0988082886, 11.6328935623, 8.78940200806, 10.3125543594, 15.7236604691], [36.8816299438, -62.8304367065, 27.9179649353, 19.1277942657, -5.65941619873, 14.6390857697, 38.5341682434, 76.2016067505, 28.6818561554, 15.5858297348, -5.96471691132, 14.3253755569, 2.91953516006], [8.57162570953, 42.7765007019, 4.24351119995, 47.4192962646, 13.4240913391, 2.71066021919, 27.0988082886, 28.6818561554, 66.4163513184, 15.539437294, 10.0590734482, 0.998575150967, 11.9204816818], [53.956325531, -44.9101142883, 12.4980487823, 7.11246490479, 7.52625226974, -0.520206868649, 11.6328935623, 15.5858297348, 15.539437294, 57.1034507751, 17.1296710968, 16.4781990051, -0.689800560474], [11.7411174774, 17.9894561768, -13.8202190399, 32.5671806335, 3.23101520538, 8.44030189514, 8.78940200806, -5.96471691132, 10.0590734482, 17.1296710968, 51.6502037048, 17.9279975891, 13.0129156113], [108.260627747, -37.4531173706, 26.926240921, 43.0088844299, 4.94682645798, -5.70605754852, 10.3125543594, 14.3253755569, 0.998575150967, 16.4781990051, 17.9279975891, 65.4685592651, 22.762430191], [44.0964050293, 24.8301315308, 4.15560054779, 38.6756286621, 13.8489694595, 10.7618227005, 15.7236604691, 2.91953516006, 11.9204816818, -0.689800560474, 13.0129156113, 22.762430191, 46.6134223938]],
        "icov": [[0.000997112016194, -0.000191663260921, -0.000181068040547, -0.000510564888828, 1.77469410119e-05, -0.000726384285372, -5.10354184371e-05, 0.000104470716906, 0.000466770958155, -0.0010123080574, 0.000989467371255, -0.00148062547669, 8.41406654217e-05], [-0.000191663260921, 0.0107788937166, -0.00363450101577, 0.00660115201026, -0.00810627732426, 0.00994205009192, -0.00843979138881, 0.0106401490048, -0.0120926843956, 0.0132562005892, -0.0099662207067, 0.00543908169493, -0.00500506255776], [-0.000181068040547, -0.00363450101577, 0.0081790862605, -0.00461436854675, 0.00228880834766, -0.00279299519025, 0.00367784337141, -0.0058362968266, 0.00584049429744, -0.00610374240205, 0.00678038783371, -0.00304205575958, 0.00230522593483], [-0.000510564888828, 0.00660115201026, -0.00461436854675, 0.0095230480656, -0.00405116705224, 0.00614917557687, -0.00598016474396, 0.0077630286105, -0.0112855825573, 0.0103302486241, -0.0090150963515, 0.00199773698114, -0.00462826481089], [1.77469410119e-05, -0.00810627732426, 0.00228880834766, -0.00405116705224, 0.0161041803658, -0.0101078758016, 0.00471108127385, -0.00398238003254, 0.00585802225396, -0.0112778628245, 0.00933864992112, -0.00543623883277, 0.00205049454235], [-0.000726384285372, 0.00994205009192, -0.00279299519025, 0.00614917557687, -0.0101078758016, 0.0265619102865, -0.0159361828119, 0.00685813464224, -0.00600173929706, 0.0136846397072, -0.0134244272485, 0.0110340807587, -0.00754835642874], [-5.10354184371e-05, -0.00843979138881, 0.00367784337141, -0.00598016474396, 0.00471108127385, -0.0159361828119, 0.019760498777, -0.0122343413532, 0.00704304501414, -0.0108906254172, 0.00841031223536, -0.005554812029, 0.00396053399891], [0.000104470716906, 0.0106401490048, -0.0058362968266, 0.0077630286105, -0.00398238003254, 0.00685813464224, -0.0122343413532, 0.0331251323223, -0.0222399961203, 0.0100006125867, -0.00290034501813, -0.00170141947456, -0.00255945650861], [0.000466770958155, -0.0120926843956, 0.00584049429744, -0.0112855825573, 0.00585802225396, -0.00600173929706, 0.00704304501414, -0.0222399961203, 0.0397690795362, -0.0198755338788, 0.00768801290542, 0.00252082315274, -0.000336037948728], [-0.0010123080574, 0.0132562005892, -0.00610374240205, 0.0103302486241, -0.0112778628245, 0.0136846397072, -0.0108906254172, 0.0100006125867, -0.0198755338788, 0.0412001051009, -0.021632777527, 0.00255233328789, -0.0004068724229], [0.000989467371255, -0.0099662207067, 0.00678038783371, -0.0090150963515, 0.00933864992112, -0.0134244272485, 0.00841031223536, -0.00290034501813, 0.00768801290542, -0.021632777527, 0.0396474264562, -0.0129564711824, 0.0018902492011], [-0.00148062547669, 0.00543908169493, -0.00304205575958, 0.00199773698114, -0.00543623883277, 0.0110340807587, -0.005554812029, -0.00170141947456, 0.00252082315274, 0.00255233328789, -0.0129564711824, 0.0311383288354, -0.014030456543], [8.41406654217e-05, -0.00500506255776, 0.00230522593483, -0.00462826481089, 0.00205049454235, -0.00754835642874, 0.00396053399891, -0.00255945650861, -0.000336037948728, -0.0004068724229, 0.0018902492011, -0.014030456543, 0.0340356342494]]
    },
    "melbands": {
        "dmean": [0.00129734596703, 0.00151289987843, 0.000932751980145, 0.000708583509549, 0.000309869152261, 0.000175895198481, 0.000120547869301, 0.000175896551809, 0.000148499224451, 0.000233546772506, 0.000134815578349, 4.35865149484e-05, 0.000110516921268, 5.69381336391e-05, 4.18519193772e-05, 5.65938717045e-05, 2.60092929238e-05, 3.37653291353e-05, 1.83797947102e-05, 1.61129737535e-05, 1.12896295832e-05, 9.54148890742e-06, 6.78423566569e-06, 7.87929002399e-06, 7.81202652433e-06, 6.74527382216e-06, 7.40340556149e-06, 5.90592071603e-06, 5.29451926923e-06, 3.60614262718e-06, 3.0503506423e-06, 2.82506721305e-06, 1.95860820895e-06, 1.95120173885e-06, 1.29743830257e-06, 1.22692779314e-06, 8.57760994677e-07, 7.9634503436e-07, 6.2254906652e-07, 4.06552970844e-07],
        "dmean2": [0.00216852570884, 0.00267694611102, 0.00157336553093, 0.00118014379404, 0.000539459229913, 0.000292217882816, 0.00020541374397, 0.000285903341137, 0.000241199566517, 0.000376479089027, 0.000217880791752, 6.92197281751e-05, 0.000177524008905, 9.43816557992e-05, 6.59392171656e-05, 9.18010482565e-05, 4.19289026468e-05, 5.53232312086e-05, 2.9911443562e-05, 2.70150121651e-05, 1.8837985408e-05, 1.61519637913e-05, 1.1216281564e-05, 1.32699742608e-05, 1.35023046823e-05, 1.10161508928e-05, 1.23096833704e-05, 9.95984373731e-06, 8.83521443029e-06, 5.87766089666e-06, 4.98923145642e-06, 4.5658007366e-06, 3.1954066344e-06, 3.20054982694e-06, 2.0665147531e-06, 1.98849261324e-06, 1.36683024721e-06, 1.26796646782e-06, 1.00728243524e-06, 6.44624378765e-07],
        "dvar": [5.53861127628e-06, 9.79991727945e-06, 3.8285725168e-06, 3.16295381708e-06, 3.19581602071e-07, 1.02758846765e-07, 7.11681025223e-08, 7.90062131273e-08, 1.25738125689e-07, 3.4577735164e-07, 1.76045105604e-07, 4.22129486921e-09, 1.14626672598e-07, 4.9432021143e-08, 8.95970142523e-09, 1.29358106449e-08, 3.93510957153e-09, 1.97256060375e-08, 2.73555911257e-09, 7.23975934758e-10, 3.09255510089e-10, 2.03485381323e-10, 9.91396964523e-11, 1.14550036123e-10, 1.01897490445e-10, 8.72157415732e-11, 1.12853157375e-10, 8.33321051052e-11, 4.60469370966e-11, 1.75970592264e-11, 1.35593125269e-11, 1.31958896935e-11, 7.72537415983e-12, 7.5736647856e-12, 3.02056730322e-12, 2.32503231078e-12, 1.80148430895e-12, 2.98185694886e-12, 2.63731527936e-12, 3.598475142e-13],
        "dvar2": [1.42517301356e-05, 2.77300332527e-05, 9.47100033954e-06, 8.12760572444e-06, 9.10938069865e-07, 2.6244572382e-07, 2.01606297878e-07, 2.03113714292e-07, 2.96761072605e-07, 9.63714228419e-07, 4.33585483961e-07, 9.89319826061e-09, 2.9273275004e-07, 1.25276045537e-07, 2.22971809904e-08, 3.66630708015e-08, 1.02008179681e-08, 5.49710783559e-08, 7.21095227973e-09, 1.88154936076e-09, 7.69287578084e-10, 5.22178966733e-10, 2.50063775242e-10, 3.10693304417e-10, 2.79491291222e-10, 2.12277362355e-10, 2.80157064214e-10, 2.22849697029e-10, 1.33171279559e-10, 4.66497986074e-11, 3.73306524581e-11, 3.36767662368e-11, 2.15576133333e-11, 2.11562382196e-11, 8.22917775589e-12, 6.21113577237e-12, 4.52798996214e-12, 7.42752560845e-12, 6.6797374923e-12, 9.4893407368e-13],
        "max": [0.0240894947201, 0.028857037425, 0.0183597654104, 0.0218535289168, 0.00674130115658, 0.00449605239555, 0.00340875657275, 0.00395298236981, 0.00735430698842, 0.00851187668741, 0.007474437356, 0.00107499188744, 0.00591596681625, 0.00393370818347, 0.00195081112906, 0.00126640126109, 0.000751117186155, 0.002940146951, 0.00104683404788, 0.000278118968708, 0.000208222409128, 0.000185381795745, 0.00012389915355, 0.000137097653351, 0.000123363774037, 0.000138285249704, 0.00015605345834, 0.00012227318075, 8.22950896691e-05, 6.015316103e-05, 4.78638685308e-05, 5.7365399698e-05, 3.70132111129e-05, 4.91845567012e-05, 2.30431014643e-05, 1.69124614331e-05, 2.23490478675e-05, 3.02955068037e-05, 3.34778851538e-05, 8.93471678864e-06],
        "mean": [0.00173968647141, 0.00228376383893, 0.00101392203942, 0.000760694325436, 0.000411752931541, 0.000244760274654, 0.000185159486136, 0.000274035061011, 0.000231219353736, 0.000396187009756, 0.000250375655014, 7.79075635364e-05, 0.000156056528795, 8.68700735737e-05, 7.26141806808e-05, 9.37057338888e-05, 4.03755366278e-05, 5.40216460649e-05, 3.21788102156e-05, 2.59326825471e-05, 1.99819460249e-05, 1.76481335075e-05, 1.33480034492e-05, 1.55329580593e-05, 1.5247536794e-05, 1.53594846779e-05, 1.56091118697e-05, 1.28137153297e-05, 1.28388528537e-05, 8.7064681793e-06, 7.12734163244e-06, 6.79753338773e-06, 4.67701374873e-06, 4.47002184956e-06, 3.04203740598e-06, 2.69749261861e-06, 1.99671876544e-06, 1.72472618942e-06, 1.28630904328e-06, 8.44229759878e-07],
        "median": [0.00103666854557, 0.00173332006671, 0.000443476485088, 0.000318934675306, 0.00022345346224, 0.000115675364214, 9.0452907898e-05, 0.000159413830261, 0.000131603650516, 0.000157539718202, 7.91301426943e-05, 4.39595423813e-05, 6.60097866785e-05, 3.76937205147e-05, 3.71071073459e-05, 3.43590836565e-05, 1.85207427421e-05, 1.8285250917e-05, 1.59523733601e-05, 1.49351562868e-05, 1.37946408358e-05, 1.18848574857e-05, 8.85824283614e-06, 1.21486900753e-05, 1.12976176752e-05, 1.12617572086e-05, 1.03969132397e-05, 8.37769312056e-06, 1.003010766e-05, 7.03476325725e-06, 5.1125466598e-06, 4.90747606818e-06, 3.13849818667e-06, 3.059584742e-06, 1.97398026103e-06, 1.91136996364e-06, 1.23568315757e-06, 9.98733412416e-07, 6.46542957838e-07, 6.0094453147e-07],
        "min": [4.67944175853e-07, 5.76342199565e-06, 1.05743974927e-05, 5.30341412741e-06, 7.99922327133e-06, 2.73186151389e-06, 2.4386347377e-06, 4.60248065792e-06, 3.52967890649e-06, 6.24174890618e-06, 2.9861062103e-06, 1.99340979634e-06, 2.26098882194e-06, 1.51329925302e-06, 1.7458446564e-06, 4.54358342949e-07, 1.08037932023e-06, 1.67155292274e-06, 1.0659794043e-06, 2.96394773613e-07, 2.24180553232e-07, 2.40737222157e-07, 1.19298363188e-07, 3.61714825203e-07, 1.42100077483e-07, 1.12827343912e-07, 8.81608670511e-08, 9.06379682419e-08, 1.34713275202e-07, 4.08541716013e-08, 3.17399688754e-08, 4.38270966185e-08, 3.19518562719e-08, 1.12361258076e-08, 1.10685611787e-08, 1.32208188841e-09, 1.42773606271e-08, 6.95546509277e-09, 2.54868726124e-09, 3.41606720689e-09],
