{
"highlevel": {
    "danceability": {
        "all": {
            "danceable": 0.924930632114,
            "not_danceable": 0.075069360435
        },
        "probability": 0.924930632114,
        "value": "danceable"
    },
    "gender": {
        "all": {
            "female": 0.446404546499,
            "male": 0.553595483303
        },
        "probability": 0.553595483303,
        "value": "male"
    },
    "genre_dortmund": {
        "all": {
            "alternative": 0.221250340343,
            "blues": 0.080773845315,
            "electronic": 0.186880350113,
            "folkcountry": 0.0948069915175,
            "funksoulrnb": 0.00488453404978,
            "jazz": 0.00751468865201,
            "pop": 0.0243278592825,
            "raphiphop": 0.00353940017521,
            "rock": 0.376021981239
        },
        "probability": 0.376021981239,
        "value": "rock"
    },
    "genre_electronic": {
        "all": {
            "ambient": 0.298794388771,
            "dnb": 0.360943853855,
            "house": 0.0287229418755,
            "techno": 0.0148250767961,
            "trance": 0.296713739634
        },
        "probability": 0.360943853855,
        "value": "dnb"
    },
    "genre_rosamerica": {
        "all": {
            "cla": 0.00578073319048,
            "dan": 0.000926730805077,
            "hip": 0.000561080581974,
            "jaz": 0.00127590401098,
            "pop": 0.0157087035477,
            "rhy": 0.000754477281589,
            "roc": 0.974725782871,
            "spe": 0.000266578339506
        },
        "probability": 0.974725782871,
        "value": "roc"
    },
    "genre_tzanetakis": {
        "all": {
            "blu": 0.0626541376114,
            "cla": 0.0348133966327,
            "cou": 0.0783501937985,
            "dis": 0.104547761381,
            "hip": 0.15693578124,
            "jaz": 0.313987255096,
            "met": 0.044816005975,
            "pop": 0.0627349764109,
            "reg": 0.0627352520823,
            "roc": 0.0784252434969
        },
        "probability": 0.313987255096,
        "value": "jaz"
    },
    "ismir04_rhythm": {
        "all": {
            "ChaChaCha": 0.0180498808622,
            "Jive": 0.142458379269,
            "Quickstep": 0.00576568394899,
            "Rumba-American": 0.00510927010328,
            "Rumba-International": 0.0283822752535,
            "Rumba-Misc": 0.00345954718068,
            "Samba": 0.0242182426155,
            "Tango": 0.0312465261668,
            "VienneseWaltz": 0.725742816925,
            "Waltz": 0.0155673883855
        },
        "probability": 0.725742816925,
        "value": "VienneseWaltz"
    },
    "mood_acoustic": {
        "all": {
            "acoustic": 7.36978427085e-06,
            "not_acoustic": 0.999992609024
        },
        "probability": 0.999992609024,
        "value": "not_acoustic"
    },
    "mood_aggressive": {
        "all": {
            "aggressive": 0.918237328529,
            "not_aggressive": 0.0817626714706
        },
        "probability": 0.918237328529,
        "value": "aggressive"
    },
    "mood_electronic": {
        "all": {
            "electronic": 0.280020773411,
            "not_electronic": 0.719979226589
        },
        "probability": 0.719979226589,
        "value": "not_electronic"
    },
    "mood_happy": {
        "all": {
            "happy": 0.186862468719,
            "not_happy": 0.813137531281
        },
        "probability": 0.813137531281,
        "value": "not_happy"
    },
    "mood_party": {
        "all": {
            "not_party": 0.707138597965,
            "party": 0.292861372232
        },
        "probability": 0.707138597965,
        "value": "not_party"
    },
    "mood_relaxed": {
        "all": {
            "not_relaxed": 0.677421629429,
            "relaxed": 0.322578370571
        },
        "probability": 0.677421629429,
        "value": "not_relaxed"
    },
    "mood_sad": {
        "all": {
            "not_sad": 0.916560709476,
            "sad": 0.0834392830729
        },
        "probability": 0.916560709476,
        "value": "not_sad"
    },
    "moods_mirex": {
        "all": {
            "Cluster1": 0.185268044472,
            "Cluster2": 0.131438031793,
            "Cluster3": 0.470531076193,
            "Cluster4": 0.154129102826,
            "Cluster5": 0.0586337298155
        },
        "probability": 0.470531076193,
        "value": "Cluster3"
    },
    "timbre": {
        "all": {
            "bright": 0.994672060013,
            "dark": 0.00532793113962
        },
        "probability": 0.994672060013,
        "value": "bright"
    },
    "tonal_atonal": {
        "all": {
            "atonal": 0.0447452180088,
            "tonal": 0.955254793167
        },
        "probability": 0.955254793167,
        "value": "tonal"
    },
    "voice_instrumental": {
        "all": {
            "instrumental": 0.00188339501619,
            "voice": 0.998116612434
        },
        "probability": 0.998116612434,
        "value": "voice"
    }
},
"lowlevel": {
    "average_loudness": 0.985417485237,
    "barkbands_crest": {
        "dmean": 2.8354537487,
        "dmean2": 4.69726276398,
        "dvar": 7.1338300705,
        "dvar2": 18.7158908844,
        "max": 25.0502185822,
        "mean": 12.9549331665,
        "median": 12.6798143387,
        "min": 4.02878284454,
        "var": 16.3718128204
    },
    "barkbands_flatness_db": {
        "dmean": 0.019591068849,
        "dmean2": 0.0315012969077,
        "dvar": 0.000340843980666,
        "dvar2": 0.000888697337359,
        "max": 0.273790895939,
        "mean": 0.159297436476,
        "median": 0.162163972855,
        "min": 0.0550514087081,
        "var": 0.000864487432409
    },
    "barkbands_kurtosis": {
        "dmean": 1.45309257507,
        "dmean2": 2.39523482323,
        "dvar": 7.57005834579,
        "dvar2": 20.3092365265,
        "max": 49.5421142578,
        "mean": 1.18345654011,
        "median": 0.624330282211,
        "min": -1.6670178175,
        "var": 7.80950164795
    },
    "barkbands_skewness": {
        "dmean": 0.392604261637,
        "dmean2": 0.638319730759,
        "dvar": 0.215715229511,
        "dvar2": 0.545933544636,
        "max": 6.62452173233,
        "mean": 1.29143857956,
        "median": 1.19933867455,
        "min": -0.0126661248505,
        "var": 0.352958261967
    },
    "barkbands_spread": {
        "dmean": 4.53900766373,
        "dmean2": 7.13116025925,
        "dvar": 21.6730556488,
        "dvar2": 47.1908531189,
        "max": 65.5007400513,
        "mean": 25.5549144745,
        "median": 24.9964809418,
        "min": 4.03321218491,
        "var": 81.1992034912
    },
    "dissonance": {
        "dmean": 0.015294700861,
        "dmean2": 0.0260394010693,
        "dvar": 0.000209661142435,
        "dvar2": 0.000597628357355,
        "max": 0.499972432852,
        "mean": 0.471841305494,
        "median": 0.475912749767,
        "min": 0.376340359449,
        "var": 0.000379596400307
    },
    "dynamic_complexity": 0.784113526344,
    "erbbands_crest": {
        "dmean": 2.15230131149,
        "dmean2": 3.42766165733,
        "dvar": 3.8264374733,
        "dvar2": 9.52138996124,
        "max": 25.474943161,
        "mean": 8.00187492371,
        "median": 7.13363456726,
        "min": 3.06896805763,
        "var": 10.475022316
    },
    "erbbands_flatness_db": {
        "dmean": 0.0141868842766,
        "dmean2": 0.0202346872538,
        "dvar": 0.000168357699295,
        "dvar2": 0.000331109622493,
        "max": 0.258964419365,
        "mean": 0.171478271484,
        "median": 0.174549236894,
        "min": 0.0836591422558,
        "var": 0.000864015484694
    },
    "erbbands_kurtosis": {
        "dmean": 0.569805324078,
        "dmean2": 0.924847245216,
        "dvar": 0.421546190977,
        "dvar2": 1.10717701912,
        "max": 7.6226644516,
        "mean": 0.0254638567567,
        "median": -0.208228349686,
        "min": -1.44561159611,
        "var": 0.995115399361
    },
    "erbbands_skewness": {
        "dmean": 0.286083936691,
        "dmean2": 0.452436923981,
        "dvar": 0.0578318834305,
        "dvar2": 0.14531584084,
        "max": 2.4068505764,
        "mean": -0.155154556036,
        "median": -0.111301138997,
        "min": -2.29254889488,
        "var": 0.380193829536
    },
    "erbbands_spread": {
        "dmean": 4.53013324738,
        "dmean2": 6.98526477814,
        "dvar": 16.2168922424,
        "dvar2": 38.5031013489,
        "max": 69.3223419189,
        "mean": 30.6401634216,
        "median": 29.8416748047,
        "min": 10.4853620529,
        "var": 68.0986022949
    },
    "hfc": {
        "dmean": 5.40030956268,
        "dmean2": 8.39685249329,
        "dvar": 27.3421802521,
        "dvar2": 55.5288352966,
        "max": 90.4461517334,
        "mean": 33.0002098083,
        "median": 31.4634933472,
        "min": 6.83825874329,
        "var": 114.63886261
    },
    "melbands_crest": {
        "dmean": 3.09305334091,
        "dmean2": 5.04528284073,
        "dvar": 7.97869157791,
        "dvar2": 19.5618934631,
        "max": 30.5338420868,
        "mean": 16.7903862,
        "median": 16.6792182922,
        "min": 6.08910894394,
        "var": 22.014251709
    },
    "melbands_flatness_db": {
        "dmean": 0.0233010053635,
        "dmean2": 0.036505844444,
        "dvar": 0.000496860942803,
        "dvar2": 0.00123713421635,
        "max": 0.365722239017,
        "mean": 0.219274818897,
        "median": 0.223176985979,
        "min": 0.108952373266,
        "var": 0.00143576273695
    },
    "melbands_kurtosis": {
        "dmean": 4.10713529587,
        "dmean2": 6.76483440399,
        "dvar": 60.4444732666,
        "dvar2": 155.972320557,
        "max": 124.707939148,
        "mean": 7.49234294891,
        "median": 5.71749019623,
        "min": -0.558305025101,
        "var": 64.1440887451
    },
    "melbands_skewness": {
        "dmean": 0.583691298962,
        "dmean2": 0.943747341633,
        "dvar": 0.475256919861,
        "dvar2": 1.20797967911,
        "max": 9.59139251709,
        "mean": 2.43707108498,
        "median": 2.27496361732,
        "min": 0.229937270284,
        "var": 0.864300608635
    },
    "melbands_spread": {
        "dmean": 5.44384479523,
        "dmean2": 8.90667057037,
        "dvar": 29.9251499176,
        "dvar2": 73.3527603149,
        "max": 74.4441757202,
        "mean": 23.2178668976,
        "median": 21.9054317474,
        "min": 2.25881171227,
        "var": 74.9836349487
    },
    "pitch_salience": {
        "dmean": 0.0714835301042,
        "dmean2": 0.117926090956,
        "dvar": 0.00479745212942,
        "dvar2": 0.0119414776564,
        "max": 0.782112598419,
        "mean": 0.453387647867,
        "median": 0.452655315399,
        "min": 0.0813271254301,
        "var": 0.0114855505526
    },
    "silence_rate_20dB": {
        "dmean": 0,
        "dmean2": 0,
        "dvar": 0,
        "dvar2": 0,
        "max": 1,
        "mean": 1,
        "median": 1,
        "min": 1,
        "var": 0
    },
    "silence_rate_30dB": {
        "dmean": 0.0417956672609,
        "dmean2": 0.0836560800672,
        "dvar": 0.0400489829481,
        "dvar2": 0.0983452126384,
        "max": 1,
        "mean": 0.967517375946,
        "median": 1,
        "min": 0,
        "var": 0.0314279384911
    },
    "silence_rate_60dB": {
        "dmean": 0,
        "dmean2": 0,
        "dvar": 0,
        "dvar2": 0,
        "max": 0,
        "mean": 0,
        "median": 0,
        "min": 0,
        "var": 0
    },
    "spectral_centroid": {
        "dmean": 190.484832764,
        "dmean2": 294.274353027,
        "dvar": 31456.2949219,
        "dvar2": 62900.4492188,
        "max": 3157.04907227,
        "mean": 1570.13024902,
        "median": 1577.67578125,
        "min": 530.730224609,
        "var": 237984.171875
    },
    "spectral_complexity": {
        "dmean": 3.59055733681,
        "dmean2": 5.62896966934,
        "dvar": 9.88113498688,
        "dvar2": 20.6269035339,
        "max": 57,
        "mean": 30.2652740479,
        "median": 29,
        "min": 10,
        "var": 52.7393417358
    },
    "spectral_decrease": {
        "dmean": 3.66402264085e-09,
        "dmean2": 6.03746963534e-09,
        "dvar": 1.88491978832e-17,
        "dvar2": 4.6654429151e-17,
        "max": -3.70655661719e-09,
        "mean": -1.51415715521e-08,
        "median": -1.43413032561e-08,
        "min": -5.2364114822e-08,
        "var": 2.54297654175e-17
    },
    "spectral_energy": {
        "dmean": 0.013998074457,
        "dmean2": 0.0230459030718,
        "dvar": 0.000268758594757,
        "dvar2": 0.000666617590468,
        "max": 0.200053960085,
        "mean": 0.0601410195231,
        "median": 0.0569758340716,
        "min": 0.0146096693352,
        "var": 0.000368260807591
    },
    "spectral_energyband_high": {
        "dmean": 0.00022497989994,
        "dmean2": 0.00029396158061,
        "dvar": 2.04524212677e-07,
        "dvar2": 2.65568814939e-07,
        "max": 0.00768458936363,
        "mean": 0.000640013080556,
        "median": 0.000323257787386,
        "min": 8.46604452818e-05,
        "var": 9.31476904498e-07
    },
    "spectral_energyband_low": {
        "dmean": 0.0129429707304,
        "dmean2": 0.0213840156794,
        "dvar": 0.000310729839839,
        "dvar2": 0.000765441451222,
        "max": 0.191104382277,
        "mean": 0.0326991453767,
        "median": 0.02786526829,
        "min": 0.00208782008849,
        "var": 0.000424165831646
    },
    "spectral_energyband_middle_high": {
        "dmean": 0.00222702207975,
        "dmean2": 0.00352754304186,
        "dvar": 4.5161395974e-06,
        "dvar2": 1.02959002106e-05,
        "max": 0.0372609011829,
        "mean": 0.0105368262157,
        "median": 0.00988809112459,
        "min": 0.00208591902629,
        "var": 1.90988503164e-05
    },
    "spectral_energyband_middle_low": {
        "dmean": 0.00515051931143,
        "dmean2": 0.00841834209859,
        "dvar": 2.97366823361e-05,
        "dvar2": 7.6818796515e-05,
        "max": 0.060854639858,
        "mean": 0.017133468762,
        "median": 0.0147226005793,
        "min": 0.00203263014555,
        "var": 9.68545864453e-05
    },
    "spectral_entropy": {
        "dmean": 0.0948502346873,
        "dmean2": 0.136834859848,
        "dvar": 0.00806749053299,
        "dvar2": 0.0144960861653,
        "max": 8.42593002319,
        "mean": 7.53255033493,
        "median": 7.50289964676,
        "min": 6.91614675522,
        "var": 0.0525886677206
    },
    "spectral_flux": {
        "dmean": 0.0250179152936,
        "dmean2": 0.0401767790318,
        "dvar": 0.000760887633078,
        "dvar2": 0.00186839641538,
        "max": 0.29854658246,
        "mean": 0.106126576662,
        "median": 0.0975522994995,
        "min": 0.0434644520283,
        "var": 0.00145647965837
    },
    "spectral_kurtosis": {
        "dmean": 1.8003026247,
        "dmean2": 3.10326051712,
        "dvar": 2.27845931053,
        "dvar2": 6.82404851913,
        "max": 12.375120163,
        "mean": 5.30226135254,
        "median": 5.24598693848,
        "min": 0.497929334641,
        "var": 4.85487937927
    },
    "spectral_rms": {
        "dmean": 0.000862422632053,
        "dmean2": 0.00141409575008,
        "dvar": 7.93996491666e-07,
        "dvar2": 2.00198428502e-06,
        "max": 0.013970490545,
        "mean": 0.00757940439507,
        "median": 0.00745561392978,
        "min": 0.0037753591314,
        "var": 1.22683502468e-06
    },
    "spectral_rolloff": {
        "dmean": 384.730224609,
        "dmean2": 635.205383301,
        "dvar": 196096.921875,
        "dvar2": 438333.21875,
        "max": 4134.375,
        "mean": 1220.22851562,
        "median": 1162.79296875,
        "min": 64.599609375,
        "var": 408746.8125
    },
    "spectral_skewness": {
        "dmean": 0.226823076606,
        "dmean2": 0.369860470295,
        "dvar": 0.0351797752082,
        "dvar2": 0.0876698419452,
        "max": 2.55184650421,
        "mean": 1.42153573036,
        "median": 1.40763258934,
        "min": 0.398981302977,
        "var": 0.118282653391
    },
    "spectral_spread": {
        "dmean": 291574.75,
        "dmean2": 431743.59375,
        "dvar": 155255308288,
        "dvar2": 278726180864,
        "max": 13329332,
        "mean": 3157905.5,
        "median": 3001786,
        "min": 2044265.125,
        "var": 530751717376
    },
    "spectral_strongpeak": {
        "dmean": 0.245045289397,
        "dmean2": 0.439313292503,
        "dvar": 0.282294183969,
        "dvar2": 0.773835778236,
        "max": 7.58004140854,
        "mean": 0.572318971157,
        "median": 0.46481308341,
        "min": 0,
        "var": 0.262054383755
    },
    "zerocrossingrate": {
        "dmean": 0.00620026467368,
        "dmean2": 0.00786091201007,
        "dvar": 3.36494849762e-05,
        "dvar2": 5.04122835991e-05,
        "max": 0.11328125,
        "mean": 0.0435416214168,
        "median": 0.04150390625,
        "min": 0.01318359375,
        "var": 0.000184482938494
    },
    "barkbands": {
        "dmean": [0.000404871621868, 0.0125709092245, 0.00141300552059, 0.00118465942796, 0.00180226308294, 0.00189530791249, 0.00132711825427, 0.00134297867771, 0.00153402099386, 0.000454353837995, 0.000398536911234, 0.000800816982519, 0.000717561517376, 0.000550721597392, 0.00058480509324, 0.000368731736671, 0.000622080930043, 0.000610943010543, 0.00029057089705, 0.000116745191917, 0.000102480174974, 7.03904297552e-05, 3.38119243679e-05, 1.49834841068e-05, 1.24803045765e-05, 9.64225910138e-06, 4.08060563117e-09],
        "dmean2": [0.000643861538265, 0.0209000147879, 0.0025691408664, 0.00200132885948, 0.00297543476336, 0.00303200050257, 0.00213386444375, 0.00211223098449, 0.002474834444, 0.000748107791878, 0.000646415224764, 0.0012400978012, 0.00109465757851, 0.000863500928972, 0.000927444605622, 0.000588245398831, 0.00100649730302, 0.000988803338259, 0.000469554594019, 0.000184946635272, 0.000153427870828, 9.45939318626e-05, 4.536806955e-05, 2.16791868297e-05, 1.9039005565e-05, 1.52718221216e-05, 6.43750652785e-09],
        "dvar": [3.8455814888e-07, 0.000312349642627, 8.17247837404e-06, 3.95483402826e-06, 7.17991315469e-06, 5.283272003e-06, 5.31589466846e-06, 5.84950157645e-06, 3.38045401804e-06, 3.52180165919e-07, 3.07421913703e-07, 1.88777062249e-06, 9.46220211517e-07, 5.19768946106e-07, 5.92950925693e-07, 2.19384972411e-07, 5.33682452897e-07, 6.30917782019e-07, 1.48455285398e-07, 3.22659907681e-08, 3.6395061187e-08, 3.41983188434e-08, 5.29684918149e-09, 1.19958976086e-09, 6.68462230013e-10, 4.80454620533e-10, 1.13630846303e-15],
        "dvar2": [9.23204765968e-07, 0.000788819335867, 2.38475677179e-05, 1.02477115433e-05, 1.75570457941e-05, 1.22015999295e-05, 1.30339267344e-05, 1.51000167534e-05, 8.64696357894e-06, 9.16100191262e-07, 7.76042725192e-07, 4.57177975477e-06, 1.87838838883e-06, 1.35767231768e-06, 1.48824278767e-06, 5.21089702943e-07, 1.35513494115e-06, 1.47160983488e-06, 3.50319908193e-07, 6.65012507284e-08, 6.6575580604e-08, 5.64167450534e-08, 8.36545410721e-09, 2.40994846301e-09, 1.4610455068e-09, 1.19730358961e-09, 1.21009265603e-15],
        "max": [0.00577761325985, 0.185607433319, 0.0262214168906, 0.0233279429376, 0.0304921083152, 0.0308248326182, 0.0445941053331, 0.0547149181366, 0.0239488054067, 0.00734422309324, 0.0110723832622, 0.0206899326295, 0.0196437016129, 0.0114036407322, 0.00759553257376, 0.00858808029443, 0.0117384213954, 0.00868847500533, 0.00592665886506, 0.00351728498936, 0.0038140155375, 0.0042363582179, 0.00122837745585, 0.000758636102546, 0.000480113783851, 0.000235351282754, 9.89172690424e-07],
        "mean": [0.000534963735845, 0.0297566708177, 0.00173167337198, 0.00141161191277, 0.00326717505231, 0.00394789874554, 0.00248216930777, 0.00260664499365, 0.00302509707399, 0.000814192171674, 0.00063677423168, 0.00148497824557, 0.00148310232908, 0.00107248313725, 0.0011096203234, 0.000786623859312, 0.0013251415221, 0.00123328156769, 0.000646865984891, 0.000253705919022, 0.000236487350776, 0.000156341775437, 7.2494680353e-05, 2.84886755253e-05, 2.43637532549e-05, 1.21830407807e-05, 3.51075923888e-09],
        "median": [0.000189156358829, 0.0251994449645, 0.000968474603724, 0.000810928177088, 0.00188586988952, 0.00251336605288, 0.00134286447428, 0.0011738819303, 0.00199132738635, 0.000573213328607, 0.000398734468035, 0.000861940090545, 0.00096776621649, 0.000707315630279, 0.000723508477677, 0.000520308269188, 0.00103645201307, 0.000812383077573, 0.00049122312339, 0.00016990446602, 0.000131707303808, 5.3379451856e-05, 2.14647170651e-05, 9.01802377484e-06, 1.14658978418e-05, 3.24011739394e-06, 8.25380874758e-10],
        "min": [4.63248227334e-07, 0.00108141440433, 1.18063362606e-05, 5.1839324442e-06, 5.26278709003e-05, 9.13524636417e-05, 4.12510416936e-05, 1.77379224624e-05, 6.77660864312e-05, 2.27881027968e-05, 8.90438604984e-06, 2.86733666144e-05, 3.83514452551e-05, 4.51797313872e-05, 3.98042611778e-05, 2.65637918346e-05, 7.27640799596e-05, 5.96920144744e-05, 4.42358359578e-05, 2.88506271318e-05, 2.08045621548e-05, 9.11506776902e-06, 1.39874180149e-06, 6.6491123718e-10, 2.06375254663e-08, 4.46346813676e-11, 1.29595631101e-11],
        "var": [6.24038932528e-07, 0.00039267577813, 6.30063641438e-06, 4.00385852117e-06, 1.4097166968e-05, 1.63309141499e-05, 1.2485105799e-05, 1.5656438336e-05, 9.20777165447e-06, 6.71766088089e-07, 7.41847202335e-07, 3.89367096432e-06, 3.57518138117e-06, 1.28991177917e-06, 1.23128029372e-06, 6.92116259415e-07, 1.16643514048e-06, 1.48997014549e-06, 3.45898797605e-07, 7.69909931364e-08, 1.17056956128e-07, 1.04751023855e-07, 2.06058725638e-08, 3.66251939887e-09, 1.65818381248e-09, 6.29899410409e-10, 1.12975645142e-15]
    },
    "erbbands": {
        "dmean": [0.431421488523, 2.70294809341, 2.03959178925, 2.78648042679, 5.58054113388, 5.51278495789, 9.47521018982, 17.4228477478, 21.4171981812, 17.5968894958, 36.1361694336, 34.3748016357, 20.9561748505, 11.7318058014, 14.6186180115, 37.8600234985, 34.5517578125, 29.1420650482, 28.834154129, 18.900976181, 24.1591911316, 26.3757896423, 30.5962104797, 18.4882354736, 11.8713321686, 6.26736736298, 4.33213949203, 3.81290888786, 2.68029808998, 1.65226435661, 0.922273695469, 0.374157190323, 0.246033042669, 0.151008039713, 0.0986938923597, 0.04177640751, 0.0205127000809, 0.0017114499351, 3.42624261975e-05, 1.5642199287e-05],
        "dmean2": [0.711912572384, 4.51714658737, 3.5646853447, 4.85303068161, 9.21078872681, 9.26714801788, 16.0645313263, 27.9246616364, 33.8781394958, 29.5109043121, 57.1325531006, 55.6845283508, 33.8049621582, 19.1721458435, 23.3845348358, 58.6076927185, 52.4332275391, 45.926525116, 45.8864402771, 29.9478664398, 38.0981292725, 42.4719772339, 48.8905258179, 29.4046916962, 19.1585063934, 10.0584936142, 6.68695783615, 5.71622610092, 3.66915369034, 2.2343556881, 1.26913797855, 0.523963868618, 0.35759177804, 0.232342705131, 0.155874446034, 0.06520819664, 0.0325083062053, 0.0028617484495, 5.51836965315e-05, 2.55889171967e-05],
        "dvar": [0.409561783075, 14.2457637787, 11.801243782, 24.9793930054, 92.5269927979, 77.4346008301, 144.43397522, 506.240600586, 1136.24963379, 936.409729004, 3962.71972656, 2157.2409668, 653.16015625, 374.980926514, 308.116088867, 4670.46679688, 2280.60327148, 1499.02819824, 1820.74365234, 640.720947266, 1047.01281738, 1003.36291504, 1476.27355957, 494.707275391, 290.635375977, 92.3901901245, 55.3172721863, 68.7471542358, 50.2037696838, 16.3668994904, 3.72819471359, 0.722032010555, 0.359223812819, 0.13457146287, 0.0365159548819, 0.00772655196488, 0.0025542085059, 2.02427745535e-05, 5.85986814627e-09, 3.16305037718e-10],
        "dvar2": [0.948638737202, 38.4471435547, 33.08826828, 68.084487915, 217.909088135, 210.235595703, 393.351531982, 1181.36865234, 2761.99682617, 2274.67944336, 10263.9384766, 5421.47753906, 1738.36401367, 1002.28271484, 769.128173828, 11326.8818359, 4496.25488281, 4184.15917969, 4590.18505859, 1446.7487793, 2440.91821289, 2618.84887695, 3464.46875, 1204.87426758, 658.268615723, 196.037353516, 118.087867737, 127.365234375, 85.9750137329, 25.9500026703, 6.79898691177, 1.3202726841, 0.815565466881, 0.285719305277, 0.0894643217325, 0.0198538620025, 0.0063011161983, 5.37534760952e-05, 1.52059485004e-08, 7.74805108961e-10],
        "max": [7.45014715195, 33.496307373, 35.3045310974, 59.6637115479, 120.913085938, 140.825698853, 135.366821289, 285.590454102, 463.978759766, 651.825439453, 1116.71337891, 589.250427246, 316.545349121, 392.124053955, 204.713485718, 1054.08203125, 951.141540527, 526.194030762, 483.666503906, 353.735870361, 651.160888672, 431.30960083, 482.589355469, 310.556762695, 338.81237793, 174.569854736, 116.808990479, 188.103271484, 164.059570312, 64.6455764771, 28.7865695953, 12.466463089, 15.5250005722, 8.04154491425, 3.31856012344, 1.23534548283, 0.570624232292, 0.0452842451632, 0.000807638571132, 0.000219536144868],
        "mean": [0.833924055099, 6.59963798523, 4.227414608, 3.66568017006, 9.45012187958, 8.87923717499, 14.9007892609, 34.1189651489, 44.3850669861, 33.8283958435, 72.5405654907, 70.2463989258, 40.8013534546, 23.9814167023, 30.6414165497, 74.4998245239, 75.1442184448, 60.0174674988, 57.1788253784, 40.4766159058, 57.8761253357, 61.5110740662, 69.8698883057, 46.0646820068, 26.5859470367, 14.0030374527, 9.88813304901, 8.399766922, 5.92340946198, 3.67728352547, 1.83636653423, 0.731037020683, 0.425282716751, 0.275535076857, 0.179415762424, 0.0644340142608, 0.0226261802018, 0.00147695175838, 6.13192096353e-05, 7.12648179615e-05],
        "median": [0.632279574871, 5.88842773438, 3.08679819107, 2.24703931808, 4.19930505753, 5.49412631989, 10.0047054291, 20.2874755859, 21.4654216766, 21.1157913208, 37.9000434875, 45.911075592, 29.0801124573, 15.0572032928, 24.2496585846, 44.0697288513, 51.2980537415, 40.9589385986, 38.3513908386, 27.6859645844, 39.3122253418, 49.3258666992, 49.6061668396, 36.1379928589, 20.0915336609, 9.97797870636, 5.88093328476, 4.07878446579, 2.10213732719, 1.02843940258, 0.529470086098, 0.186392277479, 0.157763808966, 0.115205690265, 0.09210331738, 0.0273467544466, 0.00316145992838, 0.000129498177557, 3.58282159141e-05, 6.81285528117e-05],
        "min": [0.0527068264782, 0.0563434548676, 0.144546017051, 0.136466190219, 0.147796273232, 0.163888916373, 0.534866988659, 0.921027064323, 0.992540359497, 0.824956178665, 1.15633153915, 1.15239799023, 1.50688958168, 0.96032333374, 2.44679355621, 2.81510829926, 2.18004202843, 3.72867941856, 2.10184764862, 3.51707339287, 4.1601729393, 6.01020145416, 5.05336332321, 3.10886669159, 2.50525784492, 1.73111283779, 0.665928184986, 0.565440535545, 0.302169591188, 0.121083185077, 0.0301918201149, 0.00375592429191, 0.00136666814797, 0.000283049070276, 0.000181662588147, 4.8284578952e-05, 2.46692761721e-05, 4.53141774415e-06, 1.32658260554e-05, 2.61216700892e-05],
        "var": [0.551779806614, 17.9831829071, 14.4367008209, 22.3055553436, 176.725540161, 119.188140869, 239.44039917, 1378.46618652, 3201.39868164, 2716.3762207, 9781.56640625, 5901.12011719, 1451.89587402, 990.587219238, 630.165527344, 9279.06347656, 8503.73828125, 3345.16772461, 3262.14697266, 1444.86401367, 3523.17333984, 2191.54418945, 3940.30737305, 1497.1887207, 564.024902344, 199.571136475, 165.003662109, 195.505172729, 148.184448242, 59.3640327454, 12.9286813736, 2.34559416771, 0.878844320774, 0.325701802969, 0.0719091147184, 0.0106113096699, 0.00327208428644, 1.80153256224e-05, 6.14897111006e-09, 4.65208177536e-10]
    },
    "gfcc": {
        "mean": [45.025428772, 126.436073303, -140.67338562, 42.7317428589, -41.8401985168, 13.0001363754, -26.0638179779, 19.8140716553, -12.3971986771, 11.9634885788, -4.57107877731, 2.82662987709, -6.20168113708],
        "cov": [[551.729675293, -401.138641357, 205.602722168, 4.31551265717, -145.726348877, 76.7462768555, -100.245330811, -13.5131006241, -78.4760818481, 38.0258636475, -111.660812378, 88.7892990112, -85.388130188], [-401.138641357, 507.94329834, -189.615585327, -24.8350219727, 46.6288414001, -100.86239624, 54.9356842041, -77.5549621582, 76.6573181152, -66.7745742798, 103.983177185, -101.952087402, 74.1578063965], [205.602722168, -189.615585327, 318.465484619, -81.4226150513, -81.0597610474, 50.0479393005, -73.6812133789, 14.6637210846, -80.3299331665, 26.3055725098, -104.857681274, 60.2738380432, -69.3541641235], [4.31551265717, -24.8350219727, -81.4226150513, 155.021530151, 9.09645462036, -7.28797912598, 16.1484851837, -30.9779109955, 16.6562957764, -30.6460437775, 24.2742195129, -20.2739601135, 38.4775314331], [-145.726348877, 46.6288414001, -81.0597610474, 9.09645462036, 234.749176025, -19.8731021881, 42.9916534424, 78.4937973022, 12.159406662, 16.6809329987, 28.0832004547, -2.26937389374, 16.9144859314], [76.7462768555, -100.86239624, 50.0479393005, -7.28797912598, -19.8731021881, 88.9170303345, -0.367058098316, 1.65326964855, -27.2119808197, -5.35903358459, -29.134098053, 5.33262729645, -9.29241657257], [-100.245330811, 54.9356842041, -73.6812133789, 16.1484851837, 42.9916534424, -0.367058098316, 92.8222427368, 28.1191368103, 30.0303421021, -7.96862983704, 29.6368331909, -17.524307251, 8.76391410828], [-13.5131006241, -77.5549621582, 14.6637210846, -30.9779109955, 78.4937973022, 1.65326964855, 28.1191368103, 123.961578369, 2.79075598717, 28.1621551514, -8.58632946014, 18.6048641205, -9.73881149292], [-78.4760818481, 76.6573181152, -80.3299331665, 16.6562957764, 12.159406662, -27.2119808197, 30.0303421021, 2.79075598717, 78.9287872314, 11.3704099655, 36.8729705811, -19.0940093994, 16.8586902618], [38.0258636475, -66.7745742798, 26.3055725098, -30.6460437775, 16.6809329987, -5.35903358459, -7.96862983704, 28.1621551514, 11.3704099655, 66.1235275269, 2.58976006508, 22.9707756042, -22.9173202515], [-111.660812378, 103.983177185, -104.857681274, 24.2742195129, 28.0832004547, -29.134098053, 29.6368331909, -8.58632946014, 36.8729705811, 2.58976006508, 88.4135513306, -9.04486656189, 33.7231636047], [88.7892990112, -101.952087402, 60.2738380432, -20.2739601135, -2.26937389374, 5.33262729645, -17.524307251, 18.6048641205, -19.0940093994, 22.9707756042, -9.04486656189, 75.1068725586, -9.19284439087], [-85.388130188, 74.1578063965, -69.3541641235, 38.4775314331, 16.9144859314, -9.29241657257, 8.76391410828, -9.73881149292, 16.8586902618, -22.9173202515, 33.7231636047, -9.19284439087, 82.2821044922]],
        "icov": [[0.00698728300631, 0.00467567332089, 0.000634430907667, -2.60966244241e-05, 0.00196151249111, 0.000267567345873, 0.00268405862153, 0.0021812277846, -0.000274518097285, 0.000967647705693, 0.00175652990583, -0.00214542075992, 0.00254941964522], [0.00467567332089, 0.0190627835691, -0.00205749622546, 0.0137527324259, -0.00383656285703, 0.0133168688044, -0.00302988896146, 0.0127931470051, -0.00663818186149, 0.0151225868613, -0.00908795371652, 0.0126761477441, -0.00565136922523], [0.000634430907667, -0.00205749622546, 0.00900068785995, -0.000684735772666, 0.00281390640885, -0.00312824733555, 0.0031621819362, -0.00253139715642, 0.00433975597844, -0.0037440599408, 0.00731422519311, -0.00574828404933, 0.00327939377166], [-2.60966244241e-05, 0.0137527324259, -0.000684735772666, 0.0203502383083, -0.00488053215668, 0.0110911559314, -0.00457627093419, 0.0115598309785, -0.00606524711475, 0.0146003244445, -0.00822762772441, 0.0118495859206, -0.00839880295098], [0.00196151249111, -0.00383656285703, 0.00281390640885, -0.00488053215668, 0.00882783345878, -0.00322281615809, 0.00130679784343, -0.00713862525299, 0.0043509118259, -0.00605679489672, 0.00362969283015, -0.00484693748876, 0.00237706000917], [0.000267567345873, 0.0133168688044, -0.00312824733555, 0.0110911559314, -0.00322281615809, 0.0249227751046, -0.00727124512196, 0.00958881806582, -0.00142102350947, 0.0113312071189, -0.00522922771052, 0.0119842551649, -0.00723187206313], [0.00268405862153, -0.00302988896146, 0.0031621819362, -0.00457627093419, 0.00130679784343, -0.00727124512196, 0.0199428964406, -0.00736604770645, -0.00275187240914, 0.000858635234181, -7.5466792623e-05, -0.00418853247538, 0.00660163164139], [0.0021812277846, 0.0127931470051, -0.00253139715642, 0.0115598309785, -0.00713862525299, 0.00958881806582, -0.00736604770645, 0.0223643053323, -0.0052166688256, 0.00675735762343, -0.00353684322909, 0.00727846007794, -0.00561022153124], [-0.000274518097285, -0.00663818186149, 0.00433975597844, -0.00606524711475, 0.0043509118259, -0.00142102350947, -0.00275187240914, -0.0052166688256, 0.0248532705009, -0.0138590112329, 0.0024301323574, -0.00199555582367, 0.000641713966615], [0.000967647705693, 0.0151225868613, -0.0037440599408, 0.0146003244445, -0.00605679489672, 0.0113312071189, 0.000858635234181, 0.00675735762343, -0.0138590112329, 0.0384915545583, -0.0138669312, 0.00698237214237, 0.000648201501463], [0.00175652990583, -0.00908795371652, 0.00731422519311, -0.00822762772441, 0.00362969283015, -0.00522922771052, -7.5466792623e-05, -0.00353684322909, 0.0024301323574, -0.0138669312, 0.0299690756947, -0.0126690138131, 0.000220368849114], [-0.00214542075992, 0.0126761477441, -0.00574828404933, 0.0118495859206, -0.00484693748876, 0.0119842551649, -0.00418853247538, 0.00727846007794, -0.00199555582367, 0.00698237214237, -0.0126690138131, 0.0317869670689, -0.00928257405758], [0.00254941964522, -0.00565136922523, 0.00327939377166, -0.00839880295098, 0.00237706000917, -0.00723187206313, 0.00660163164139, -0.00561022153124, 0.000641713966615, 0.000648201501463, 0.000220368849114, -0.00928257405758, 0.0228331387043]]
    },
    "melbands": {
        "dmean": [0.00372832338326, 0.0018155593425, 0.000547955394723, 0.000396462506615, 0.000305265799398, 0.000392204063246, 0.00031275357469, 0.000196853477973, 0.000313398486469, 0.000204127311008, 0.000104538106825, 4.74510234199e-05, 5.48907046323e-05, 9.34124254854e-05, 8.35399987409e-05, 5.7987672335e-05, 5.89891569689e-05, 4.52372551081e-05, 3.55130359821e-05, 2.25703461183e-05, 3.49745023414e-05, 2.79371597571e-05, 3.42317471222e-05, 4.09656968259e-05, 1.37185070344e-05, 1.23632898976e-05, 5.19983177583e-06, 4.26255792263e-06, 3.09860570269e-06, 2.80017388832e-06, 2.15104705603e-06, 1.77998560957e-06, 1.31649176183e-06, 8.88768624918e-07, 6.65695722546e-07, 3.03516515032e-07, 2.20422236907e-07, 1.93899793999e-07, 1.46382888033e-07, 1.40389289527e-07],
        "dmean2": [0.00620622653514, 0.00304972496815, 0.000933117757086, 0.000662271457259, 0.000516849744599, 0.000625419197604, 0.000495045504067, 0.000327879068209, 0.000498543260619, 0.000329940317897, 0.000168720274814, 7.75200896896e-05, 8.84142136783e-05, 0.000144828431075, 0.000125864244183, 8.92061798368e-05, 9.31152462726e-05, 7.14191046427e-05, 5.67200295336e-05, 3.57099670509e-05, 5.52065866941e-05, 4.5178905566e-05, 5.43560781807e-05, 6.60757214064e-05, 2.20546844503e-05, 2.00261201826e-05, 8.38117739477e-06, 6.92143657943e-06, 4.92148956255e-06, 4.25212465416e-06, 3.29804470312e-06, 2.52493327935e-06, 1.86869010577e-06, 1.23654604067e-06, 9.64104174273e-07, 4.2940308731e-07, 3.24855903955e-07, 3.0241847071e-07, 2.2139209932e-07, 2.20206359813e-07],
        "dvar": [2.87249531539e-05, 6.11363157077e-06, 7.99204997293e-07, 4.00886563057e-07, 1.5921926888e-07, 2.56880809957e-07, 2.52844671422e-07, 1.0403799422e-07, 2.20235818915e-07, 6.95972275366e-08, 1.62991806718e-08, 6.2272378365e-09, 5.08243624964e-09, 2.45387408171e-08, 1.22042873585e-08, 4.23450696729e-09, 7.12494641064e-09, 4.59842297573e-09, 2.4180919489e-09, 8.04436961488e-10, 2.4399997578e-09, 1.03933206486e-09, 2.51914888949e-09, 3.00337776871e-09, 3.22787324647e-10, 2.82207895941e-10, 7.41626066114e-11, 3.93451070335e-11, 2.81164345278e-11, 3.09848535718e-11, 2.35573314328e-11, 2.20494768277e-11, 1.09819809496e-11, 4.74602865688e-12, 1.99486629472e-12, 4.78147903216e-13, 2.49320421079e-13, 2.45887837001e-13, 1.24223046671e-13, 1.11099084305e-13],
        "dvar2": [7.04083286109e-05, 1.62753531185e-05, 2.11205770029e-06, 9.7982956504e-07, 4.38607855813e-07, 5.98111455474e-07, 6.23090897989e-07, 2.59142495906e-07, 5.72731437387e-07, 1.78408470219e-07, 4.31488054176e-08, 1.63434545897e-08, 1.26469288375e-08, 5.96770277639e-08, 2.69332360858e-08, 8.86767637098e-09, 2.00069010248e-08, 1.13904077281e-08, 5.76264858054e-09, 1.92586369074e-09, 5.59569768299e-09, 2.82100498517e-09, 6.18381523765e-09, 6.99927316106e-09, 8.06880506854e-10, 6.56767584761e-10, 1.56658949702e-10, 8.71176325523e-11, 7.23313978157e-11, 6.11850362042e-11, 4.49055029272e-11, 4.18151485659e-11, 2.05611742909e-11, 8.381982608e-12, 4.1588919808e-12, 8.72191967087e-13, 5.12941414604e-13, 6.03737220807e-13, 2.54764688078e-13, 2.49708023356e-13],
        "max": [0.0592820197344, 0.0228528529406, 0.00961759965867, 0.0073080942966, 0.00438678590581, 0.0066306241788, 0.00841450598091, 0.00647409213707, 0.00903301127255, 0.00316290697083, 0.0015601774212, 0.00154707080219, 0.00109046511352, 0.00232834741473, 0.00196004286408, 0.0011523073772, 0.00114317506086, 0.000921079772525, 0.00068235542858, 0.000421082542744, 0.00107473379467, 0.000342183018802, 0.00074453826528, 0.00065976876067, 0.000275067519397, 0.000322219828377, 0.000199160276679, 0.000112195477413, 7.91697748355e-05, 0.000101389494375, 0.000101531397377, 0.000106323095679, 6.08472582826e-05, 4.34601824963e-05, 2.23604420171e-05, 8.9754430519e-06, 7.30114697944e-06, 1.2940682609e-05, 7.69394500821e-06, 6.89834450895e-06],
        "mean": [0.00820362940431, 0.00468305172399, 0.000789884710684, 0.000685549923219, 0.000479898328194, 0.000807835080195, 0.000655851501506, 0.000376318843337, 0.000622075807769, 0.000408939580666, 0.000192402570974, 9.12516261451e-05, 9.48768429225e-05, 0.000175720386324, 0.000182311414392, 0.000125740916701, 0.000111508546979, 8.61283115228e-05, 6.89560038154e-05, 4.3410109356e-05, 7.72646671976e-05, 6.22626757831e-05, 6.29757341812e-05, 7.54261418479e-05, 3.14088174491e-05, 2.44587608904e-05, 1.15274533528e-05, 8.33826834423e-06, 6.09484777669e-06, 5.69321127841e-06, 4.49431854577e-06, 3.59999239663e-06, 2.51846927313e-06, 1.83750626093e-06, 1.20313632124e-06, 5.59493230412e-07, 3.83815745408e-07, 3.00523680608e-07, 2.49316570944e-07, 2.26788102964e-07],
        "median": [0.0068051116541, 0.00405233725905, 0.000492059625685, 0.000375535455532, 0.000317693105899, 0.000472002691822, 0.000331663060933, 0.000237572967308, 0.000353989569703, 0.000267998140771, 0.000131810069433, 5.46519804629e-05, 6.57365453662e-05, 0.000102721482108, 0.000123262536363, 9.43733975873e-05, 7.06634309608e-05, 5.77204882575e-05, 4.38992938143e-05, 3.21368934237e-05, 4.8444224376e-05, 5.00832102261e-05, 4.08606720157e-05, 4.64536715299e-05, 2.3257030989e-05, 1.78960654011e-05, 8.56049427966e-06, 5.54939197173e-06, 3.56530063073e-06, 2.79803498415e-06, 2.04954608307e-06, 1.33928210744e-06, 6.9769100719e-07, 5.15508020271e-07, 3.50915144054e-07, 1.33857511742e-07, 1.00727547192e-07, 1.10941314801e-07, 9.47249532146e-08, 9.04431942672e-08],
        "min": [0.000503488699906, 0.000141233293107, 1.12367615657e-05, 7.80649861554e-06, 1.69217255461e-05, 1.80977622222e-05, 1.34726305987e-05, 7.42488964534e-06, 5.06482183482e-06, 8.77042020875e-06, 5.39826851309e-06, 2.00215595214e-06, 3.21809716297e-06, 3.09224992634e-06, 4.18713352701e-06, 4.56144334748e-06, 5.1819329201e-06, 2.35944412452e-06, 3.86827559851e-06, 1.68091310115e-06, 3.62343394045e-06, 3.29675935973e-06, 2.83836288872e-06, 3.33487741955e-06, 1.75527179636e-06, 1.73496346179e-06, 1.17134629818e-06, 7.12743258191e-07, 2.91252348461e-07, 3.26115667804e-07, 2.82589667222e-07, 1.82518590464e-07, 1.08471036597e-08, 1.26924541988e-08, 1.34348319136e-08, 1.45423409426e-10, 5.9298286767e-12, 4.70153560181e-12, 1.55797267448e-11, 2.21846911501e-12],
