{
"highlevel": {
    "danceability": {
        "all": {
            "danceable": 0.99999910593,
            "not_danceable": 9.22012588944e-07
        },
        "probability": 0.99999910593,
        "value": "danceable"
    },
    "gender": {
        "all": {
            "female": 0.561722517014,
            "male": 0.438277453184
        },
        "probability": 0.561722517014,
        "value": "female"
    },
    "genre_dortmund": {
        "all": {
            "alternative": 0.0052649336867,
            "blues": 0.00103566830512,
            "electronic": 0.531270384789,
            "folkcountry": 0.00582296168432,
            "funksoulrnb": 0.00196699425578,
            "jazz": 0.437440425158,
            "pop": 0.00330928643234,
            "raphiphop": 0.00354861421511,
            "rock": 0.0103407241404
        },
        "probability": 0.531270384789,
        "value": "electronic"
    },
    "genre_electronic": {
        "all": {
            "ambient": 0.35795712471,
            "dnb": 0.15651871264,
            "house": 0.165753155947,
            "techno": 0.300632983446,
            "trance": 0.0191380251199
        },
        "probability": 0.35795712471,
        "value": "ambient"
    },
    "genre_rosamerica": {
        "all": {
            "cla": 0.00206613680348,
            "dan": 0.0358284451067,
            "hip": 0.0412481054664,
            "jaz": 0.0175784565508,
            "pop": 0.0186426155269,
            "rhy": 0.865113019943,
            "roc": 0.00367273553275,
            "spe": 0.0158504843712
        },
        "probability": 0.865113019943,
        "value": "rhy"
    },
    "genre_tzanetakis": {
        "all": {
            "blu": 0.0626541376114,
            "cla": 0.0348133966327,
            "cou": 0.0783501937985,
            "dis": 0.104547761381,
            "hip": 0.15693578124,
            "jaz": 0.313987255096,
            "met": 0.044816005975,
            "pop": 0.0627349764109,
            "reg": 0.0627352520823,
            "roc": 0.0784252434969
        },
        "probability": 0.313987255096,
        "value": "jaz"
    },
    "ismir04_rhythm": {
        "all": {
            "ChaChaCha": 0.00623627984896,
            "Jive": 0.017682492733,
            "Quickstep": 0.00804960448295,
            "Rumba-American": 0.0130929695442,
            "Rumba-International": 0.928045451641,
            "Rumba-Misc": 0.0060302792117,
            "Samba": 0.0117514468729,
            "Tango": 0.000711891625542,
            "VienneseWaltz": 0.00542169669643,
            "Waltz": 0.00297786970623
        },
        "probability": 0.928045451641,
        "value": "Rumba-International"
    },
    "mood_acoustic": {
        "all": {
            "acoustic": 0.0070437672548,
            "not_acoustic": 0.992956221104
        },
        "probability": 0.992956221104,
        "value": "not_acoustic"
    },
    "mood_aggressive": {
        "all": {
            "aggressive": 0.00283302576281,
            "not_aggressive": 0.997166991234
        },
        "probability": 0.997166991234,
        "value": "not_aggressive"
    },
    "mood_electronic": {
        "all": {
            "electronic": 0.963994145393,
            "not_electronic": 0.0360058769584
        },
        "probability": 0.963994145393,
        "value": "electronic"
    },
    "mood_happy": {
        "all": {
            "happy": 0.0643594413996,
            "not_happy": 0.935640573502
        },
        "probability": 0.935640573502,
        "value": "not_happy"
    },
    "mood_party": {
        "all": {
            "not_party": 0.812736451626,
            "party": 0.187263563275
        },
        "probability": 0.812736451626,
        "value": "not_party"
    },
    "mood_relaxed": {
        "all": {
            "not_relaxed": 0.0739982053638,
            "relaxed": 0.926001787186
        },
        "probability": 0.926001787186,
        "value": "relaxed"
    },
    "mood_sad": {
        "all": {
            "not_sad": 0.646178364754,
            "sad": 0.353821665049
        },
        "probability": 0.646178364754,
        "value": "not_sad"
    },
    "moods_mirex": {
        "all": {
            "Cluster1": 0.107811577618,
            "Cluster2": 0.100639611483,
            "Cluster3": 0.466963410378,
            "Cluster4": 0.0330280810595,
            "Cluster5": 0.291557341814
        },
        "probability": 0.466963410378,
        "value": "Cluster3"
    },
    "timbre": {
        "all": {
            "bright": 0.026770286262,
            "dark": 0.973229706287
        },
        "probability": 0.973229706287,
        "value": "dark"
    },
    "tonal_atonal": {
        "all": {
            "atonal": 0.99289137125,
            "tonal": 0.00710860081017
        },
        "probability": 0.99289137125,
        "value": "atonal"
    },
    "voice_instrumental": {
        "all": {
            "instrumental": 0.966280341148,
            "voice": 0.0337196588516
        },
        "probability": 0.966280341148,
        "value": "instrumental"
    }
},
"lowlevel": {
    "average_loudness": 0.978664696217,
    "barkbands_crest": {
        "dmean": 2.7340900898,
        "dmean2": 4.51889514923,
        "dvar": 8.34226322174,
        "dvar2": 19.417427063,
        "max": 26.5411453247,
        "mean": 19.2576961517,
        "median": 20.1846218109,
        "min": 4.64270830154,
        "var": 25.741809845
    },
    "barkbands_flatness_db": {
        "dmean": 0.0476610511541,
        "dmean2": 0.0710295438766,
        "dvar": 0.00205259141512,
        "dvar2": 0.00421111751348,
        "max": 0.520016372204,
        "mean": 0.340066939592,
        "median": 0.350210934877,
        "min": 0.0807599052787,
        "var": 0.00725701730698
    },
    "barkbands_kurtosis": {
        "dmean": 67.9194717407,
        "dmean2": 103.21849823,
        "dvar": 8039.39550781,
        "dvar2": 19227.765625,
        "max": 1000.72094727,
        "mean": 108.038619995,
        "median": 74.0912475586,
        "min": -1.60616612434,
        "var": 12646.7158203
    },
    "barkbands_skewness": {
        "dmean": 2.59321379662,
        "dmean2": 3.90222263336,
        "dvar": 6.52971506119,
        "dvar2": 14.4493484497,
        "max": 25.5543422699,
        "mean": 7.35535097122,
        "median": 6.62858057022,
        "min": 0.344056874514,
        "var": 14.8759822845
    },
    "barkbands_spread": {
        "dmean": 2.886323452,
        "dmean2": 4.48746585846,
        "dvar": 22.4941444397,
        "dvar2": 49.5769004822,
        "max": 63.3582687378,
        "mean": 4.62510061264,
        "median": 2.16202783585,
        "min": 0.208128869534,
        "var": 48.179889679
    },
    "dissonance": {
        "dmean": 0.0270529463887,
        "dmean2": 0.0448473095894,
        "dvar": 0.000802373455372,
        "dvar2": 0.00210950570181,
        "max": 0.499979317188,
        "mean": 0.449520379305,
        "median": 0.460563004017,
        "min": 0.261394202709,
        "var": 0.00144071376417
    },
    "dynamic_complexity": 1.51299262047,
    "erbbands_crest": {
        "dmean": 3.41013550758,
        "dmean2": 5.57582521439,
        "dvar": 8.49757575989,
        "dvar2": 23.3450126648,
        "max": 26.5350227356,
        "mean": 11.4450550079,
        "median": 11.128911972,
        "min": 2.58798980713,
        "var": 17.1501274109
    },
    "erbbands_flatness_db": {
        "dmean": 0.0297667272389,
        "dmean2": 0.0446933843195,
        "dvar": 0.000708930660039,
        "dvar2": 0.00167777296156,
        "max": 0.315567940474,
        "mean": 0.178455233574,
        "median": 0.174495995045,
        "min": 0.0849586576223,
        "var": 0.00166608765721
    },
    "erbbands_kurtosis": {
        "dmean": 5.6110830307,
        "dmean2": 8.92681980133,
        "dvar": 49.9543380737,
        "dvar2": 113.349403381,
        "max": 95.8843002319,
        "mean": 7.65364599228,
        "median": 5.17952060699,
        "min": -1.91843533516,
        "var": 89.5721130371
    },
    "erbbands_skewness": {
        "dmean": 0.906642079353,
        "dmean2": 1.42617166042,
        "dvar": 0.76552438736,
        "dvar2": 1.74121582508,
        "max": 8.2332868576,
        "mean": 2.10442876816,
        "median": 2.21912932396,
        "min": -1.35282599926,
        "var": 1.77184712887
    },
    "erbbands_spread": {
        "dmean": 20.3332939148,
        "dmean2": 32.4945640564,
        "dvar": 415.797851562,
        "dvar2": 977.625488281,
        "max": 171.53515625,
        "mean": 48.7765808105,
        "median": 42.6452598572,
        "min": 3.19980144501,
        "var": 1075.39404297
    },
    "hfc": {
        "dmean": 5.46900844574,
        "dmean2": 8.18098068237,
        "dvar": 48.1711235046,
        "dvar2": 81.3164901733,
        "max": 68.1477737427,
        "mean": 16.3669147491,
        "median": 14.2402324677,
        "min": 0.902831912041,
        "var": 98.1588287354
    },
    "melbands_crest": {
        "dmean": 2.38888955116,
        "dmean2": 3.92990040779,
        "dvar": 7.38110351562,
        "dvar2": 21.1180400848,
        "max": 30.2039718628,
        "mean": 21.3969707489,
        "median": 22.0474510193,
        "min": 7.6549539566,
        "var": 15.277141571
    },
    "melbands_flatness_db": {
        "dmean": 0.0557117387652,
        "dmean2": 0.0813182592392,
        "dvar": 0.00299558020197,
        "dvar2": 0.00587072176859,
        "max": 0.700536191463,
        "mean": 0.444151699543,
        "median": 0.458886623383,
        "min": 0.103278905153,
        "var": 0.0117127932608
    },
    "melbands_kurtosis": {
        "dmean": 64.6634674072,
        "dmean2": 98.6366348267,
        "dvar": 5211.15527344,
        "dvar2": 11568.1484375,
        "max": 678.860961914,
        "mean": 130.916503906,
        "median": 92.8015975952,
        "min": 0.936299800873,
        "var": 12314.4404297
    },
    "melbands_skewness": {
        "dmean": 2.10455393791,
        "dmean2": 3.27000069618,
        "dvar": 4.01269197464,
        "dvar2": 9.6800661087,
        "max": 20.270526886,
        "mean": 6.7271695137,
        "median": 6.01793289185,
        "min": 0.31521832943,
        "var": 11.4640827179
    },
    "melbands_spread": {
        "dmean": 1.77579629421,
        "dmean2": 2.80966114998,
        "dvar": 15.7252340317,
        "dvar2": 35.8316802979,
        "max": 59.0977973938,
        "mean": 2.86777710915,
        "median": 1.31386137009,
        "min": 0.332465291023,
        "var": 27.5648555756
    },
    "pitch_salience": {
        "dmean": 0.0907054021955,
        "dmean2": 0.149060338736,
        "dvar": 0.00735841225833,
        "dvar2": 0.0198289100081,
        "max": 0.801795303822,
        "mean": 0.314402520657,
        "median": 0.277159899473,
        "min": 0.0722760781646,
        "var": 0.0203975979239
    },
    "silence_rate_20dB": {
        "dmean": 0,
        "dmean2": 0,
        "dvar": 0,
        "dvar2": 0,
        "max": 1,
        "mean": 1,
        "median": 1,
        "min": 1,
        "var": 0
    },
    "silence_rate_30dB": {
        "dmean": 0.116099074483,
        "dmean2": 0.23160341382,
        "dvar": 0.102620527148,
        "dvar2": 0.207396626472,
        "max": 1,
        "mean": 0.285382837057,
        "median": 0,
        "min": 0,
        "var": 0.203939139843
    },
    "silence_rate_60dB": {
        "dmean": 0.00154798757285,
        "dmean2": 0.00309837330133,
        "dvar": 0.00154558953363,
        "dvar2": 0.00308876414783,
        "max": 1,
        "mean": 0.00232018553652,
        "median": 0,
        "min": 0,
        "var": 0.00231481762603
    },
    "spectral_centroid": {
        "dmean": 207.415298462,
        "dmean2": 320.781799316,
        "dvar": 97869.171875,
        "dvar2": 178143.046875,
        "max": 2973.39892578,
        "mean": 478.398345947,
        "median": 298.782928467,
        "min": 114.815345764,
        "var": 229666.25
    },
    "spectral_complexity": {
        "dmean": 4.00232219696,
        "dmean2": 6.11773824692,
        "dvar": 44.1681671143,
        "dvar2": 79.2296981812,
        "max": 50,
        "mean": 8.75638008118,
        "median": 6,
        "min": 2,
        "var": 70.7518081665
    },
    "spectral_decrease": {
        "dmean": 7.59949436713e-09,
        "dmean2": 1.19350573868e-08,
        "dvar": 9.08255826937e-17,
        "dvar2": 2.09503554222e-16,
        "max": -5.10275599552e-10,
        "mean": -3.14104937615e-08,
        "median": -3.48897764013e-08,
        "min": -7.76478614739e-08,
        "var": 2.49612298045e-16
    },
    "spectral_energy": {
        "dmean": 0.0289671067148,
        "dmean2": 0.0454568192363,
        "dvar": 0.00131495844107,
        "dvar2": 0.00302935577929,
        "max": 0.296042323112,
        "mean": 0.120035037398,
        "median": 0.13352547586,
        "min": 0.00204399460927,
        "var": 0.00360865425318
    },
    "spectral_energyband_high": {
        "dmean": 0.000320936203934,
        "dmean2": 0.000460233859485,
        "dvar": 3.95987427737e-07,
        "dvar2": 6.11966243014e-07,
        "max": 0.00763752777129,
        "mean": 0.000469584017992,
        "median": 0.000169431557879,
        "min": 5.23415610587e-06,
        "var": 7.66061702961e-07
    },
    "spectral_energyband_low": {
        "dmean": 0.0282595288008,
        "dmean2": 0.0452445968986,
        "dvar": 0.00138665561099,
        "dvar2": 0.0034222912509,
        "max": 0.279740929604,
        "mean": 0.106556512415,
        "median": 0.117517471313,
        "min": 0.000133220295538,
        "var": 0.00360339949839
    },
    "spectral_energyband_middle_high": {
        "dmean": 0.000551686156541,
        "dmean2": 0.000879978237208,
        "dvar": 1.17345143735e-06,
        "dvar2": 2.41796237788e-06,
        "max": 0.00861312262714,
        "mean": 0.000532702775672,
        "median": 0.000110456792754,
        "min": 7.1782365012e-06,
        "var": 1.42832448091e-06
    },
    "spectral_energyband_middle_low": {
        "dmean": 0.00946082081646,
        "dmean2": 0.0162233673036,
        "dvar": 0.000196452994714,
        "dvar2": 0.00053805828793,
        "max": 0.105273872614,
        "mean": 0.0150394886732,
        "median": 0.0106173632666,
        "min": 0.00100226094946,
        "var": 0.000193134052097
    },
    "spectral_entropy": {
        "dmean": 0.416349440813,
        "dmean2": 0.637359201908,
        "dvar": 0.173562094569,
        "dvar2": 0.372364342213,
        "max": 8.08492088318,
        "mean": 6.64343690872,
        "median": 6.63968992233,
        "min": 5.0478014946,
        "var": 0.469318002462
    },
    "spectral_flux": {
        "dmean": 0.0601015053689,
        "dmean2": 0.0958412513137,
        "dvar": 0.0048841140233,
        "dvar2": 0.00950593780726,
        "max": 0.473218023777,
        "mean": 0.114648967981,
        "median": 0.0810728594661,
        "min": 0.0161830130965,
        "var": 0.00758419046178
    },
    "spectral_kurtosis": {
        "dmean": 3.31547999382,
        "dmean2": 4.84620523453,
        "dvar": 18.8396949768,
        "dvar2": 35.1038665771,
        "max": 49.5056533813,
        "mean": 6.50090837479,
        "median": 4.24185037613,
        "min": -1.20279192924,
        "var": 49.6952018738
    },
    "spectral_rms": {
        "dmean": 0.00137077097315,
        "dmean2": 0.00210398458876,
        "dvar": 2.74576791526e-06,
        "dvar2": 5.71396503801e-06,
        "max": 0.0169947575778,
        "mean": 0.0103040626273,
        "median": 0.0114135341719,
        "min": 0.00141214055475,
        "var": 1.09336488094e-05
    },
    "spectral_rolloff": {
        "dmean": 103.699295044,
        "dmean2": 184.25793457,
        "dvar": 197616.328125,
        "dvar2": 507062.34375,
        "max": 6546.09375,
        "mean": 218.962249756,
        "median": 107.666015625,
        "min": 86.1328125,
        "var": 211009.5625
    },
    "spectral_skewness": {
        "dmean": 0.518194973469,
        "dmean2": 0.747636914253,
        "dvar": 0.284577637911,
        "dvar2": 0.508032739162,
        "max": 5.96533346176,
        "mean": 1.9402282238,
        "median": 1.73639214039,
        "min": -0.126022472978,
        "var": 1.15430796146
    },
    "spectral_spread": {
        "dmean": 890125.75,
        "dmean2": 1306232.625,
        "dvar": 981311094784,
        "dvar2": 2.05739471667e+12,
        "max": 17694496,
        "mean": 4930265,
        "median": 4858857,
        "min": 1721592.375,
        "var": 1.66807037542e+12
    },
    "spectral_strongpeak": {
        "dmean": 0.216499447823,
        "dmean2": 0.348298370838,
        "dvar": 0.0578687861562,
        "dvar2": 0.15352897346,
        "max": 2.37169981003,
        "mean": 1.08116292953,
        "median": 1.12825417519,
        "min": 0.121306307614,
        "var": 0.124385744333
    },
    "zerocrossingrate": {
        "dmean": 0.00603700056672,
        "dmean2": 0.00728299282491,
        "dvar": 4.79222580907e-05,
        "dvar2": 6.10133174632e-05,
        "max": 0.125,
        "mean": 0.0176615826786,
        "median": 0.01171875,
        "min": 0.0029296875,
        "var": 0.000291592616122
    },
    "barkbands": {
        "dmean": [0.000117081479402, 0.0221344567835, 0.0139130670577, 0.00474290922284, 0.00289536034688, 0.0032812342979, 0.000472166371765, 0.000190264865523, 0.000253705395153, 5.919151954e-05, 3.243278843e-05, 2.56068269664e-05, 2.99891198665e-05, 2.42021014856e-05, 5.1098606491e-05, 3.33208954544e-05, 8.08218028396e-05, 9.68201129581e-05, 0.000118075200589, 0.00012287888967, 0.00011030855967, 6.89357329975e-05, 8.88180802576e-05, 2.27679502132e-05, 1.00390225271e-05, 1.7028169168e-05, 1.05431290365e-08],
        "dmean2": [0.00020471168682, 0.0348576121032, 0.0239473730326, 0.00864978507161, 0.00493585225195, 0.00519712781534, 0.000751348095946, 0.000293888355372, 0.000409514090279, 9.87150706351e-05, 5.35542239959e-05, 4.2095882236e-05, 4.91270220664e-05, 4.2212446715e-05, 8.88740687515e-05, 5.49237738596e-05, 0.000140288015245, 0.000159237679327, 0.000190955353901, 0.000170401443029, 0.000157503134687, 9.50368557824e-05, 0.000155736968736, 3.81347890652e-05, 1.71429674083e-05, 2.71938752121e-05, 1.36456161925e-08],
        "dvar": [3.57425378184e-08, 0.000626837252639, 0.000890805968083, 0.000115860770165, 1.89698075701e-05, 2.81584434561e-05, 1.31460956254e-06, 9.56286001497e-08, 4.6441351742e-07, 1.36851863175e-08, 3.74038844342e-09, 2.91268098529e-09, 4.321421887e-09, 4.88546447741e-09, 1.93124964909e-08, 4.23173895925e-09, 3.44921424755e-08, 3.89170864423e-08, 5.84872736908e-08, 1.18104999558e-07, 8.73675816138e-08, 2.46885285549e-08, 3.51530573539e-08, 1.89921123273e-09, 7.91925414134e-10, 1.01236941052e-09, 5.73598853419e-14],
        "dvar2": [8.50575148093e-08, 0.00135967007373, 0.00238350662403, 0.00033630800317, 5.38601489097e-05, 7.64643846196e-05, 2.96458597404e-06, 2.21552198809e-07, 1.15847626603e-06, 3.24680868857e-08, 9.44255607038e-09, 7.1138646085e-09, 1.06222799445e-08, 1.29065158561e-08, 5.02592563123e-08, 9.52532541731e-09, 8.79613253346e-08, 9.73206581989e-08, 1.33016840209e-07, 2.0294558567e-07, 1.59044006409e-07, 3.97890929094e-08, 9.73912150926e-08, 4.83204054547e-09, 2.25367147166e-09, 2.68641064949e-09, 5.74234331418e-14],
        "max": [0.00325569789857, 0.205009490252, 0.189063847065, 0.0737638026476, 0.0398474559188, 0.070221632719, 0.0140953827649, 0.00415231147781, 0.0111295450479, 0.0010193005437, 0.000701954006217, 0.000659475394059, 0.000743084703572, 0.00109402975067, 0.00133752985857, 0.000535889936145, 0.00157167762518, 0.0012602515053, 0.00193024403416, 0.00363007327542, 0.00380798452534, 0.00146676064469, 0.00229571410455, 0.000409787113313, 0.000488989346195, 0.000403360143537, 8.61484568304e-06],
        "mean": [0.000121097000374, 0.0864434540272, 0.0174445398152, 0.00487517891452, 0.00454995362088, 0.0046283765696, 0.000462733121822, 0.000215355059481, 0.000287357601337, 5.27970514668e-05, 2.91731685138e-05, 2.5530849598e-05, 2.56466846622e-05, 2.04734824365e-05, 3.86807187169e-05, 3.07220507239e-05, 6.07105648669e-05, 8.28545889817e-05, 0.000106439918454, 0.000140338554047, 0.000146920036059, 9.3957518402e-05, 9.29851448745e-05, 2.52067657129e-05, 1.03017591755e-05, 2.42466430791e-05, 1.00778958512e-08],
        "median": [4.47422389698e-05, 0.0940552949905, 0.0071719721891, 0.00281432364136, 0.00343621568754, 0.00175163079984, 0.000104707040009, 9.24976775423e-05, 0.000102979931398, 1.42458138725e-05, 7.45107854527e-06, 6.72459964335e-06, 3.48230082636e-06, 3.58226270691e-06, 5.21772108186e-06, 4.71418206871e-06, 6.2420544964e-06, 1.27791181512e-05, 1.40202837429e-05, 2.10184734897e-05, 3.55272859451e-05, 2.93554257951e-05, 2.74569392786e-05, 7.26735743228e-06, 5.7206443671e-06, 1.47235150507e-05, 1.70708280844e-09],
        "min": [1.22894867616e-08, 4.59440252598e-06, 1.18592897707e-05, 3.96285613533e-05, 0.000147819751874, 3.37745368597e-05, 1.11632448352e-06, 2.41781503973e-06, 4.3229874791e-06, 5.77590242301e-07, 2.65400842636e-07, 2.35269084214e-07, 1.29835086682e-07, 1.20582853924e-07, 1.16051346311e-07, 6.18323880985e-08, 1.24495102227e-07, 2.1855812804e-07, 4.90739409997e-07, 2.91625354976e-07, 2.72831471193e-07, 1.44529778368e-07, 2.7155883231e-07, 5.70718958204e-11, 2.26532924363e-11, 3.51351413241e-11, 2.64118570764e-11],
        "var": [3.71250656883e-08, 0.00288871186785, 0.000763928634115, 7.11123138899e-05, 1.81059567694e-05, 4.23796191171e-05, 1.39633209528e-06, 1.10455204094e-07, 4.28194994129e-07, 1.27047732335e-08, 3.27086091545e-09, 2.95232349679e-09, 4.04018773992e-09, 4.02077038331e-09, 1.46582674887e-08, 4.82696504989e-09, 2.80387517648e-08, 3.65675631997e-08, 6.50802647328e-08, 1.76183661438e-07, 1.37132346367e-07, 4.4384837139e-08, 2.99902467304e-08, 2.29546359698e-09, 5.0892440262e-10, 9.88154447157e-10, 5.73264715862e-14]
    },
    "erbbands": {
        "dmean": [0.453123390675, 5.69288635254, 15.3752717972, 15.3487844467, 14.2089300156, 6.90263843536, 19.0507926941, 27.3223285675, 9.99055290222, 3.79722833633, 4.26706695557, 5.34959745407, 3.31206321716, 1.66679131985, 1.14829194546, 1.07044160366, 1.31860041618, 1.39963555336, 2.48692989349, 1.93804764748, 2.05141234398, 4.46386098862, 4.73348140717, 6.57787322998, 5.68383693695, 6.30831384659, 5.13520383835, 3.29144048691, 2.61097788811, 4.12053346634, 1.28443777561, 0.654015541077, 0.26620683074, 0.0903767645359, 0.0905048921704, 0.0901887342334, 0.031873408705, 0.000877505226526, 2.88731480396e-05, 3.12878873956e-05],
        "dmean2": [0.653925538063, 9.09601974487, 25.8867702484, 27.0147800446, 25.0792236328, 11.671754837, 30.8107910156, 42.5970611572, 15.0938014984, 6.07032823563, 6.5798740387, 8.70398426056, 5.41650295258, 2.78618526459, 1.87101018429, 1.70538651943, 2.15851664543, 2.46299338341, 4.40963792801, 3.24434828758, 3.49988722801, 7.60874700546, 7.71581935883, 11.1545581818, 8.80702018738, 8.86249923706, 7.12363862991, 4.80005264282, 3.55090618134, 6.82816123962, 2.14010882378, 1.09423112869, 0.443516284227, 0.160849332809, 0.15216588974, 0.140839204192, 0.0526200756431, 0.00145907793194, 4.6435106924e-05, 4.91434075229e-05],
        "dvar": [0.394662082195, 39.8620185852, 849.127319336, 1325.00390625, 571.386047363, 139.300857544, 684.807495117, 2219.59643555, 408.319519043, 56.5360641479, 46.8513336182, 187.407424927, 78.2203216553, 14.1949586868, 3.99583983421, 4.77812957764, 9.28220748901, 14.5110263824, 52.8141555786, 16.9972934723, 17.1052970886, 103.187477112, 94.018737793, 184.07460022, 164.211090088, 305.40612793, 191.193511963, 73.170539856, 41.2228317261, 72.7487640381, 4.30271720886, 1.74633789062, 0.250196635723, 0.0752327367663, 0.0692423582077, 0.0186495967209, 0.00483627384529, 5.04935042045e-06, 3.70736219502e-09, 1.5192311853e-09],
        "dvar2": [0.625576913357, 93.2210083008, 2298.63305664, 3654.92089844, 1659.640625, 383.194763184, 1739.79101562, 6040.515625, 912.907348633, 136.480300903, 111.33014679, 467.358581543, 189.277999878, 36.4128074646, 9.28912448883, 10.8677635193, 22.7161197662, 38.7209091187, 144.625411987, 37.4400444031, 38.1755599976, 260.411102295, 221.988616943, 457.429260254, 335.907958984, 533.884033203, 342.754730225, 126.789299011, 67.0963973999, 193.252197266, 10.0302238464, 4.37017679214, 0.625545084476, 0.212368369102, 0.199504122138, 0.046809386462, 0.0132899750024, 1.42968619912e-05, 8.32449575938e-09, 3.48606543632e-09],
        "max": [4.78336334229, 52.5688171387, 197.60848999, 247.110183716, 233.5340271, 124.062934875, 254.074295044, 690.505126953, 234.942016602, 91.5990066528, 66.948425293, 214.438415527, 132.379852295, 36.6768913269, 21.0860977173, 23.8731060028, 35.6785621643, 47.1300849915, 66.0470199585, 33.5107803345, 28.7202281952, 83.1825561523, 74.7291488647, 85.8193130493, 129.019729614, 196.190856934, 191.246612549, 108.804588318, 61.4707107544, 108.138534546, 18.569726944, 13.1458406448, 4.33548069, 3.92388486862, 4.91789054871, 1.21492469311, 0.990800380707, 0.0304266307503, 0.00128533155657, 0.000321619038004],
        "mean": [1.42174124718, 22.5807228088, 30.3089809418, 16.3547821045, 18.5446357727, 10.151881218, 26.0803871155, 40.1948699951, 13.1002454758, 3.99895739555, 5.21493816376, 6.10551118851, 3.44849562645, 1.4506790638, 1.11177861691, 1.08975362778, 1.14665865898, 1.12116134167, 1.8631926775, 1.76587426662, 1.85856747627, 3.47176361084, 4.11865472794, 5.4366106987, 5.59406900406, 7.17993164062, 6.74152517319, 4.55676221848, 3.4634449482, 4.67819547653, 1.50479459763, 0.711132287979, 0.298632234335, 0.0751510858536, 0.0976051613688, 0.127931281924, 0.0424657277763, 0.00109790847637, 8.63404784468e-05, 0.000133266978082],
        "median": [0.982026100159, 25.4382476807, 19.9420852661, 8.55252838135, 12.2783346176, 7.20358514786, 14.9315319061, 12.7862358093, 3.58515405655, 1.57760238647, 2.64892888069, 2.17018294334, 1.21435070038, 0.370727062225, 0.317458719015, 0.246053665876, 0.170083537698, 0.183189406991, 0.254425704479, 0.282812327147, 0.278404414654, 0.369370043278, 0.543099761009, 0.83468323946, 0.734099626541, 1.06457221508, 1.41075754166, 1.12131464481, 0.944279849529, 1.2134912014, 0.555449903011, 0.215066626668, 0.0871324017644, 0.0222170632333, 0.0527154952288, 0.0743647441268, 0.0261256992817, 0.000688465370331, 8.00931302365e-05, 0.000148478953633],
        "min": [0.000195093467482, 0.00481865787879, 0.0583972781897, 0.355554431677, 0.732673943043, 0.328166395426, 0.227091416717, 0.307717323303, 0.228279933333, 0.068221129477, 0.167882695794, 0.136706262827, 0.0722171589732, 0.0251124184579, 0.0173928234726, 0.011612566188, 0.0102367019281, 0.00636848714203, 0.00333324726671, 0.00627479655668, 0.00396555336192, 0.0130449822173, 0.0082293888554, 0.0251354239881, 0.0263432152569, 0.0166744738817, 0.00966680329293, 0.00828396715224, 0.00648346915841, 0.0132856098935, 0.0059663602151, 0.000315500248689, 0.000136536851642, 8.62177694216e-05, 3.06476140395e-05, 7.19472791388e-06, 3.64116021956e-06, 5.32173601187e-07, 3.30983357344e-06, 4.19733760282e-06],
        "var": [1.78936898708, 175.620864868, 907.215942383, 897.127197266, 483.974609375, 117.255958557, 888.917236328, 3728.0078125, 580.848144531, 55.2617988586, 52.1126480103, 175.798187256, 73.2294235229, 11.441827774, 4.07494783401, 5.50961828232, 8.637383461, 11.2253189087, 36.5654296875, 18.4601745605, 18.0586700439, 88.6689605713, 98.3098144531, 162.604980469, 213.609313965, 450.750579834, 298.415710449, 127.103813171, 72.5645599365, 74.3176269531, 5.96066951752, 2.02039289474, 0.31304076314, 0.047183457762, 0.044339556247, 0.0236368458718, 0.00387023575604, 3.49876358996e-06, 3.50600948273e-09, 4.16309431372e-09]
    },
    "gfcc": {
        "mean": [-48.358417511, 115.474975586, -32.2019920349, 71.5508117676, -54.5630187988, 0.745687961578, -20.0125808716, 5.38298606873, -16.5380439758, 4.46361064911, -18.3883743286, 7.86218452454, -13.0247516632],
        "cov": [[2199.02368164, -87.8183364868, -1494.63342285, 381.072570801, -133.571273804, 49.8400993347, -43.60389328, -201.06111145, 231.315109253, -120.049690247, 239.103424072, -119.400238037, 9.89413070679], [-87.8183364868, 613.768676758, 119.009712219, 5.01278543472, 131.773147583, -35.8882331848, 236.977355957, -64.5726165771, 176.198760986, -61.1961784363, 148.301315308, -10.1844797134, 55.3695869446], [-1494.63342285, 119.009712219, 1921.21948242, -357.711334229, 294.904174805, 138.733795166, 95.7566452026, 432.442932129, -201.93409729, 217.487686157, -192.801742554, 181.888336182, -4.24245786667], [381.072570801, 5.01278543472, -357.711334229, 493.424865723, 23.3554553986, 126.543945312, 153.880752563, -136.132110596, 216.398178101, -79.8304595947, 196.892456055, -102.745674133, 81.5040969849], [-133.571273804, 131.773147583, 294.904174805, 23.3554553986, 313.946563721, 46.2533874512, 159.21887207, 73.1999435425, 18.1779346466, 67.9117279053, -46.4219818115, 87.6369018555, -38.7968330383], [49.8400993347, -35.8882331848, 138.733795166, 126.543945312, 46.2533874512, 241.737976074, 85.0278625488, 52.1148529053, 55.51171875, -33.0244789124, 84.9796524048, -46.0267715454, 53.3908538818], [-43.60389328, 236.977355957, 95.7566452026, 153.880752563, 159.21887207, 85.0278625488, 321.640533447, 2.2308754921, 138.832000732, 5.42361068726, 72.4156188965, 14.4424915314, 24.6980838776], [-201.06111145, -64.5726165771, 432.442932129, -136.132110596, 73.1999435425, 52.1148529053, 2.2308754921, 237.110336304, -84.3222961426, 67.979095459, -76.1432571411, 43.2129631042, -0.178193822503], [231.315109253, 176.198760986, -201.93409729, 216.398178101, 18.1779346466, 55.51171875, 138.832000732, -84.3222961426, 212.069519043, -54.5175971985, 155.157440186, -54.950302124, 56.0933647156], [-120.049690247, -61.1961784363, 217.487686157, -79.8304595947, 67.9117279053, -33.0244789124, 5.42361068726, 67.979095459, -54.5175971985, 134.029876709, -84.0344390869, 75.3137054443, -26.5130519867], [239.103424072, 148.301315308, -192.801742554, 196.892456055, -46.4219818115, 84.9796524048, 72.4156188965, -76.1432571411, 155.157440186, -84.0344390869, 215.610565186, -80.0716247559, 89.4675979614], [-119.400238037, -10.1844797134, 181.888336182, -102.745674133, 87.6369018555, -46.0267715454, 14.4424915314, 43.2129631042, -54.950302124, 75.3137054443, -80.0716247559, 115.521064758, -51.9020881653], [9.89413070679, 55.3695869446, -4.24245786667, 81.5040969849, -38.7968330383, 53.3908538818, 24.6980838776, -0.178193822503, 56.0933647156, -26.5130519867, 89.4675979614, -51.9020881653, 100.407142639]],
        "icov": [[0.00190174335148, -0.00205458234996, 0.00232867174782, -0.001707159332, 0.000810431956779, -0.00250161252916, 0.00210173381492, -0.00290291011333, 0.000163139615324, -0.00227899174206, -0.000159103175974, -0.00180773343891, 0.00206538848579], [-0.00205458234996, 0.0130244931206, -0.00436915736645, 0.0098170787096, -0.00698074325919, 0.00987975578755, -0.00843161158264, 0.00769794592634, -0.00525237526745, 0.00752128195018, -0.00789018906653, 0.0066519160755, -0.00560720497742], [0.00232867174782, -0.00436915736645, 0.00434157252312, -0.00289758411236, 0.00154004024807, -0.00492443190888, 0.00335288024507, -0.00543139362708, 0.00150541355833, -0.0042242500931, 0.00118837459013, -0.00362423527986, 0.00220586941577], [-0.001707159332, 0.0098170787096, -0.00289758411236, 0.0126956179738, -0.00652071041986, 0.00576412305236, -0.00692960480228, 0.00767732225358, -0.00603071041405, 0.0044781784527, -0.00667737564072, 0.00744429696351, -0.00519023323432], [0.000810431956779, -0.00698074325919, 0.00154004024807, -0.00652071041986, 0.0105879576877, -0.00588314654306, 0.00209966325201, -0.00474087940529, 0.00200656196102, -0.00386075326242, 0.0058661387302, -0.00720452703536, 0.00473082903773], [-0.00250161252916, 0.00987975578755, -0.00492443190888, 0.00576412305236, -0.00588314654306, 0.0154386339709, -0.00766497896984, 0.00464002229273, -0.00192828848958, 0.00760760670528, -0.007617729716, 0.00767158996314, -0.00483823753893], [0.00210173381492, -0.00843161158264, 0.00335288024507, -0.00692960480228, 0.00209966325201, -0.00766497896984, 0.0124455923215, -0.00591984437779, -0.00136905780528, -0.00516959978268, 0.00520769460127, -0.00602416880429, 0.00366990710609], [-0.00290291011333, 0.00769794592634, -0.00543139362708, 0.00767732225358, -0.00474087940529, 0.00464002229273, -0.00591984437779, 0.0153649356216, -0.00135303544812, 0.00383482524194, -0.00190907192882, 0.00604508211836, -0.00664179213345], [0.000163139615324, -0.00525237526745, 0.00150541355833, -0.00603071041405, 0.00200656196102, -0.00192828848958, -0.00136905780528, -0.00135303544812, 0.0190001428127, -0.00353608629666, -0.00479575246572, -0.00053384527564, 0.00242330972105], [-0.00227899174206, 0.00752128195018, -0.0042242500931, 0.0044781784527, -0.00386075326242, 0.00760760670528, -0.00516959978268, 0.00383482524194, -0.00353608629666, 0.0199493411928, 0.000852412602399, -0.00320422463119, -0.00716793769971], [-0.000159103175974, -0.00789018906653, 0.00118837459013, -0.00667737564072, 0.0058661387302, -0.007617729716, 0.00520769460127, -0.00190907192882, -0.00479575246572, 0.000852412602399, 0.0235185232013, -0.0052845729515, -0.00591338425875], [-0.00180773343891, 0.0066519160755, -0.00362423527986, 0.00744429696351, -0.00720452703536, 0.00767158996314, -0.00602416880429, 0.00604508211836, -0.00053384527564, -0.00320422463119, -0.0052845729515, 0.0260403826833, 0.00256508169696], [0.00206538848579, -0.00560720497742, 0.00220586941577, -0.00519023323432, 0.00473082903773, -0.00483823753893, 0.00366990710609, -0.00664179213345, 0.00242330972105, -0.00716793769971, -0.00591338425875, 0.00256508169696, 0.0239889957011]]
    },
    "melbands": {
        "dmean": [0.00541424378753, 0.00713489204645, 0.00257232226431, 0.000710876076482, 0.000579889398068, 0.000606548332144, 0.000133574008942, 3.94358721678e-05, 3.65232408512e-05, 3.36803932441e-05, 1.59938699653e-05, 6.6602951847e-06, 4.23208666689e-06, 2.93690413855e-06, 2.86909676106e-06, 2.8739859772e-06, 2.46787362812e-06, 3.72963199879e-06, 3.25534142576e-06, 2.22771200242e-06, 2.50163179771e-06, 4.55108056485e-06, 4.2506326281e-06, 4.99443740409e-06, 5.41431927559e-06, 4.6199161261e-06, 4.17597448177e-06, 4.05222363042e-06, 3.09023675982e-06, 3.08090238832e-06, 1.68792553268e-06, 1.52315067226e-06, 1.32012849008e-06, 3.09254710373e-06, 6.67202868954e-07, 4.35393360476e-07, 4.08051022305e-07, 2.1808527606e-07, 1.16971698105e-07, 6.31343866075e-08],
        "dmean2": [0.00813558697701, 0.0117159225047, 0.00443650828674, 0.00125818292145, 0.000922299572267, 0.000946809304878, 0.000200244714506, 6.34884490864e-05, 5.69935436943e-05, 5.48937714484e-05, 2.61312925431e-05, 1.12261132017e-05, 6.93222546033e-06, 4.72686724606e-06, 4.56244833913e-06, 4.72314923172e-06, 4.4258122216e-06, 6.6417992457e-06, 5.50961340195e-06, 3.73236571249e-06, 4.29508645539e-06, 7.90798003436e-06, 7.02231000105e-06, 8.20994500828e-06, 9.27666224015e-06, 7.87643057265e-06, 6.06144840276e-06, 5.74609703108e-06, 4.25454300057e-06, 4.45912064606e-06, 2.5274566724e-06, 2.12729401028e-06, 1.77600259121e-06, 5.43207852388e-06, 1.11154770366e-06, 7.11267659881e-07, 7.00777093243e-07, 3.69289409718e-07, 2.02885331646e-07, 1.14838833554e-07],
        "dvar": [4.28035200457e-05, 0.000121016310004, 3.13594719046e-05, 1.49621109813e-06, 5.72275268951e-07, 1.0262589285e-06, 7.61830065699e-08, 5.30168309254e-09, 3.93329235848e-09, 8.34012769957e-09, 1.82253090397e-09, 2.32278835055e-10, 5.85896123284e-11, 3.10823380922e-11, 4.95868138217e-11, 3.53698945132e-11, 5.34844980804e-11, 1.22055004992e-10, 6.27273649689e-11, 1.97120653134e-11, 2.60501099858e-11, 1.08411231381e-10, 8.96915874904e-11, 1.0455019489e-10, 1.26696070302e-10, 9.80223541225e-11, 1.51133994208e-10, 1.27687638241e-10, 6.4442590153e-11, 6.99392904702e-11, 1.88240083243e-11, 1.51363331591e-11, 7.6520994402e-12, 5.60920025705e-11, 1.1647096048e-12, 8.65010862418e-13, 6.90552595575e-13, 1.53569119769e-13, 8.14802462697e-14, 5.03701931781e-14],
        "dvar2": [7.7530501585e-05, 0.000333886069711, 8.53773017297e-05, 4.36781829194e-06, 1.42491944644e-06, 2.78389029518e-06, 1.68359903796e-07, 1.25710739596e-08, 9.63040580615e-09, 2.09146531205e-08, 4.41785052985e-09, 6.01303729031e-10, 1.42880735021e-10, 6.98048840952e-11, 1.18662066284e-10, 8.62667159929e-11, 1.46353013042e-10, 3.37196215394e-10, 1.53454512986e-10, 4.46257718278e-11, 6.00554120322e-11, 2.77268180637e-10, 2.12396780719e-10, 2.59085780607e-10, 3.2260738525e-10, 2.28850591255e-10, 3.13328640811e-10, 2.19282508818e-10, 1.15146822632e-10, 1.29376551139e-10, 3.47055231775e-11, 2.60072484382e-11, 1.34126867599e-11, 1.57239513077e-10, 2.53839917835e-12, 1.98177260193e-12, 1.81656621169e-12, 3.8211594262e-13, 2.1455130424e-13, 1.44465006364e-13],
        "max": [0.0519823133945, 0.086743414402, 0.0376340150833, 0.0107093360275, 0.00741326017305, 0.0144660556689, 0.00322059541941, 0.000937953882385, 0.000661640951876, 0.0014949577162, 0.000639837351628, 0.000156159105245, 8.55609687278e-05, 5.6985172705e-05, 7.01717435732e-05, 6.50737056276e-05, 9.70815090113e-05, 9.79477990768e-05, 7.60803959565e-05, 3.49586698576e-05, 3.81971003662e-05, 7.68246754888e-05, 9.01831372175e-05, 6.88615691615e-05, 7.24328056094e-05, 8.2153484982e-05, 0.000115018614451, 0.000127021354274, 0.000108512424049, 0.000103987498733, 5.10847276018e-05, 3.69392400899e-05, 3.35148397426e-05, 9.52429909375e-05, 1.10598875835e-05, 1.09857755888e-05, 6.906103863e-06, 3.41381178259e-06, 2.68234180112e-06, 3.45172793459e-06],
        "mean": [0.0196241866797, 0.0223484151065, 0.0030650140252, 0.000965166080277, 0.00083444500342, 0.000881252810359, 0.000174299115315, 4.14750757045e-05, 4.47273960162e-05, 3.76270036213e-05, 1.63418480952e-05, 5.65169830224e-06, 3.92930951421e-06, 2.99092175737e-06, 2.64678874373e-06, 2.45625551543e-06, 1.92451693692e-06, 2.80850963463e-06, 2.64338746092e-06, 2.06461413654e-06, 2.19753155761e-06, 3.42483099303e-06, 3.67477741747e-06, 4.151945177e-06, 4.33079958384e-06, 4.16802049585e-06, 4.14755641032e-06, 4.76589366372e-06, 3.99512873628e-06, 3.94598282583e-06, 2.25771486839e-06, 1.92103493646e-06, 1.81009261269e-06, 3.06515516968e-06, 7.84760004535e-07, 5.04521608491e-07, 4.02233894192e-07, 2.45118457087e-07, 9.68007256574e-08, 4.48377690532e-08],
        "median": [0.0180830433965, 0.022858357057, 0.0017634491669, 0.000683529069647, 0.000506212876644, 0.000286487396806, 4.17218871007e-05, 1.5739700757e-05, 2.28860935749e-05, 1.27412240545e-05, 5.58724332222e-06, 1.40320480568e-06, 1.04913829091e-06, 8.04414753475e-07, 4.72811308327e-07, 3.36929389277e-07, 3.16999148708e-07, 3.82011052125e-07, 3.8389575252e-07, 3.17220724355e-07, 3.11656151553e-07, 3.61398065252e-07, 3.71904093299e-07, 5.79241543619e-07, 6.62745890168e-07, 5.18967226526e-07, 5.63487844829e-07, 6.66635060043e-07, 8.41037945065e-07, 8.11985614746e-07, 5.01291935961e-07, 3.38456715099e-07, 5.6906685586e-07, 6.97193456745e-07, 2.96608732242e-07, 1.56059613232e-07, 1.03370688009e-07, 6.46313154107e-08, 1.67798539508e-08, 3.40230332796e-09],
        "min": [1.19561877909e-06, 1.044441251e-05, 0.000107862673758, 3.2167747122e-05, 6.38092024019e-06, 6.34202160654e-06, 1.29218267375e-06, 3.96427708438e-07, 1.19420235478e-06, 7.35805542718e-07, 2.99188315012e-07, 6.6095942941e-08, 5.923756774e-08, 2.92142026126e-08, 2.24000462623e-08, 1.11248086299e-08, 9.82601910948e-09, 3.23370996647e-09, 6.78485756467e-09, 6.00302918485e-09, 4.05711420015e-09, 7.38130312428e-09, 7.11121428409e-09, 1.06684643342e-08, 1.79872507999e-08, 1.60650088787e-08, 1.00868193798e-08, 1.01478372372e-08, 4.01752231483e-09, 5.19583709391e-09, 3.9892484871e-09, 1.47072506951e-10, 2.42321540611e-09, 7.20632664652e-09, 1.52315833557e-11, 4.56427647413e-12, 7.26634030723e-13, 5.56239028362e-13, 4.03291630776e-13, 1.5901581267e-13],
