{
"highlevel": {
    "danceability": {
        "all": {
            "danceable": 0.837792098522,
            "not_danceable": 0.162207916379
        },
        "probability": 0.837792098522,
        "value": "danceable"
    },
    "gender": {
        "all": {
            "female": 0.0970198586583,
            "male": 0.902980148792
        },
        "probability": 0.902980148792,
        "value": "male"
    },
    "genre_dortmund": {
        "all": {
            "alternative": 0.189360648394,
            "blues": 0.0846066847444,
            "electronic": 0.04411919415,
            "folkcountry": 0.29956227541,
            "funksoulrnb": 0.0225035212934,
            "jazz": 0.10522249341,
            "pop": 0.0634303465486,
            "raphiphop": 0.00811292231083,
            "rock": 0.183081924915
        },
        "probability": 0.29956227541,
        "value": "folkcountry"
    },
    "genre_electronic": {
        "all": {
            "ambient": 0.869053661823,
            "dnb": 0.0277175493538,
            "house": 0.047611836344,
            "techno": 0.00419683987275,
            "trance": 0.0514201186597
        },
        "probability": 0.869053661823,
        "value": "ambient"
    },
    "genre_rosamerica": {
        "all": {
            "cla": 0.089858725667,
            "dan": 0.0525331385434,
            "hip": 0.0165938138962,
            "jaz": 0.0468181073666,
            "pop": 0.501594007015,
            "rhy": 0.183769598603,
            "roc": 0.0961750224233,
            "spe": 0.0126575985923
        },
        "probability": 0.501594007015,
        "value": "pop"
    },
    "genre_tzanetakis": {
        "all": {
            "blu": 0.0626541376114,
            "cla": 0.0348133966327,
            "cou": 0.0783501937985,
            "dis": 0.104547761381,
            "hip": 0.15693578124,
            "jaz": 0.313987255096,
            "met": 0.044816005975,
            "pop": 0.0627349764109,
            "reg": 0.0627352520823,
            "roc": 0.0784252434969
        },
        "probability": 0.313987255096,
        "value": "jaz"
    },
    "ismir04_rhythm": {
        "all": {
            "ChaChaCha": 0.142926707864,
            "Jive": 0.0366051122546,
            "Quickstep": 0.0477116443217,
            "Rumba-American": 0.233567252755,
            "Rumba-International": 0.0997928082943,
            "Rumba-Misc": 0.0313048996031,
            "Samba": 0.0561570413411,
            "Tango": 0.171209946275,
            "VienneseWaltz": 0.131870552897,
            "Waltz": 0.0488540381193
        },
        "probability": 0.233567252755,
        "value": "Rumba-American"
    },
    "mood_acoustic": {
        "all": {
            "acoustic": 0.9679017663,
            "not_acoustic": 0.0320982225239
        },
        "probability": 0.9679017663,
        "value": "acoustic"
    },
    "mood_aggressive": {
        "all": {
            "aggressive": 9.34963281907e-06,
            "not_aggressive": 0.999990642071
        },
        "probability": 0.999990642071,
        "value": "not_aggressive"
    },
    "mood_electronic": {
        "all": {
            "electronic": 0.0996800512075,
            "not_electronic": 0.900319933891
        },
        "probability": 0.900319933891,
        "value": "not_electronic"
    },
    "mood_happy": {
        "all": {
            "happy": 0.61134147644,
            "not_happy": 0.388658553362
        },
        "probability": 0.61134147644,
        "value": "happy"
    },
    "mood_party": {
        "all": {
            "not_party": 0.903600752354,
            "party": 0.0963992327452
        },
        "probability": 0.903600752354,
        "value": "not_party"
    },
    "mood_relaxed": {
        "all": {
            "not_relaxed": 0.693933367729,
            "relaxed": 0.306066632271
        },
        "probability": 0.693933367729,
        "value": "not_relaxed"
    },
    "mood_sad": {
        "all": {
            "not_sad": 0.109867662191,
            "sad": 0.890132308006
        },
        "probability": 0.890132308006,
        "value": "sad"
    },
    "moods_mirex": {
        "all": {
            "Cluster1": 0.109291702509,
            "Cluster2": 0.0910722911358,
            "Cluster3": 0.496060937643,
            "Cluster4": 0.264243274927,
            "Cluster5": 0.0393317975104
        },
        "probability": 0.496060937643,
        "value": "Cluster3"
    },
    "timbre": {
        "all": {
            "bright": 0.994952023029,
            "dark": 0.00504795042798
        },
        "probability": 0.994952023029,
        "value": "bright"
    },
    "tonal_atonal": {
        "all": {
            "atonal": 6.43020102871e-05,
            "tonal": 0.999935686588
        },
        "probability": 0.999935686588,
        "value": "tonal"
    },
    "voice_instrumental": {
        "all": {
            "instrumental": 0.470487624407,
            "voice": 0.529512345791
        },
        "probability": 0.529512345791,
        "value": "voice"
    }
},
"lowlevel": {
    "average_loudness": 0.965701460838,
    "barkbands_crest": {
        "dmean": 2.45969247818,
        "dmean2": 3.85635352135,
        "dvar": 5.80997753143,
        "dvar2": 13.5383653641,
        "max": 24.5762119293,
        "mean": 10.5942087173,
        "median": 9.71767711639,
        "min": 3.11248064041,
        "var": 18.2978668213
    },
    "barkbands_flatness_db": {
        "dmean": 0.0254235044122,
        "dmean2": 0.0364237129688,
        "dvar": 0.000568274292164,
        "dvar2": 0.00122014933731,
        "max": 0.340572148561,
        "mean": 0.171153813601,
        "median": 0.16754719615,
        "min": 0.0597232803702,
        "var": 0.00212267646566
    },
    "barkbands_kurtosis": {
        "dmean": 2.66256189346,
        "dmean2": 4.13000154495,
        "dvar": 25.0710811615,
        "dvar2": 66.3811264038,
        "max": 75.7611694336,
        "mean": 3.70116424561,
        "median": 1.72188615799,
        "min": -1.90223860741,
        "var": 39.4493026733
    },
    "barkbands_skewness": {
        "dmean": 0.534199416637,
        "dmean2": 0.77394080162,
        "dvar": 0.346615850925,
        "dvar2": 0.807275176048,
        "max": 7.79765510559,
        "mean": 1.37249982357,
        "median": 1.20316684246,
        "min": -2.08681488037,
        "var": 1.11582052708
    },
    "barkbands_spread": {
        "dmean": 4.97210025787,
        "dmean2": 7.69187164307,
        "dvar": 51.0796432495,
        "dvar2": 119.490364075,
        "max": 86.1031188965,
        "mean": 16.1421432495,
        "median": 13.9702835083,
        "min": 1.61231648922,
        "var": 107.982940674
    },
    "dissonance": {
        "dmean": 0.0297706276178,
        "dmean2": 0.0475608482957,
        "dvar": 0.000696008384693,
        "dvar2": 0.00168819376267,
        "max": 0.499626249075,
        "mean": 0.430448532104,
        "median": 0.438178747892,
        "min": 0.170149922371,
        "var": 0.00180356635246
    },
    "dynamic_complexity": 1.73350930214,
    "erbbands_crest": {
        "dmean": 2.74721908569,
        "dmean2": 4.1015920639,
        "dvar": 5.35792016983,
        "dvar2": 11.950966835,
        "max": 31.6191291809,
        "mean": 11.382235527,
        "median": 10.6801528931,
        "min": 2.63671708107,
        "var": 23.5580749512
    },
    "erbbands_flatness_db": {
        "dmean": 0.0268986560404,
        "dmean2": 0.0382213033736,
        "dvar": 0.000557183637284,
        "dvar2": 0.00113121466711,
        "max": 0.362812995911,
        "mean": 0.193294718862,
        "median": 0.194037899375,
        "min": 0.0830822885036,
        "var": 0.00185140583199
    },
    "erbbands_kurtosis": {
        "dmean": 1.1413230896,
        "dmean2": 1.66634392738,
        "dvar": 2.40114164352,
        "dvar2": 4.98008203506,
        "max": 20.7355728149,
        "mean": 1.32712578773,
        "median": 0.633917808533,
        "min": -1.73201012611,
        "var": 6.17628479004
    },
    "erbbands_skewness": {
        "dmean": 0.388768494129,
        "dmean2": 0.538632512093,
        "dvar": 0.122091546655,
        "dvar2": 0.230924665928,
        "max": 3.97271847725,
        "mean": 0.415253132582,
        "median": 0.369501709938,
        "min": -3.03365278244,
        "var": 0.703319311142
    },
    "erbbands_spread": {
        "dmean": 6.63635206223,
        "dmean2": 9.94172286987,
        "dvar": 63.4198799133,
        "dvar2": 142.577926636,
        "max": 112.964050293,
        "mean": 26.903673172,
        "median": 22.9670886993,
        "min": 3.0314309597,
        "var": 232.366973877
    },
    "hfc": {
        "dmean": 6.46496391296,
        "dmean2": 8.98902797699,
        "dvar": 71.393409729,
        "dvar2": 158.989456177,
        "max": 116.451118469,
        "mean": 20.5231208801,
        "median": 18.2383918762,
        "min": 0.783723175526,
        "var": 210.702636719
    },
    "melbands_crest": {
        "dmean": 3.42661499977,
        "dmean2": 5.29702281952,
        "dvar": 11.1576967239,
        "dvar2": 25.5718669891,
        "max": 32.3716545105,
        "mean": 15.5919361115,
        "median": 14.5205926895,
        "min": 4.68125915527,
        "var": 35.1897163391
    },
    "melbands_flatness_db": {
        "dmean": 0.0300889536738,
        "dmean2": 0.0419623330235,
        "dvar": 0.000953283917625,
        "dvar2": 0.00200001290068,
        "max": 0.455377608538,
        "mean": 0.224894329906,
        "median": 0.222703352571,
        "min": 0.0666615217924,
        "var": 0.00398931419477
    },
    "melbands_kurtosis": {
        "dmean": 4.9378862381,
        "dmean2": 7.73347187042,
        "dvar": 173.164611816,
        "dvar2": 478.34362793,
        "max": 239.466674805,
        "mean": 8.31525993347,
        "median": 4.24509000778,
        "min": -1.6882969141,
        "var": 198.27973938
    },
    "melbands_skewness": {
        "dmean": 0.642194986343,
        "dmean2": 0.939668118954,
        "dvar": 0.59822422266,
        "dvar2": 1.41058266163,
        "max": 12.6123962402,
        "mean": 1.99024367332,
        "median": 1.72496318817,
        "min": -1.3487393856,
        "var": 1.90357708931
    },
    "melbands_spread": {
        "dmean": 5.70771932602,
        "dmean2": 8.48961257935,
        "dvar": 65.2372055054,
        "dvar2": 139.318893433,
        "max": 147.457977295,
        "mean": 19.4456481934,
        "median": 17.2227706909,
        "min": 1.25874388218,
        "var": 157.819259644
    },
    "pitch_salience": {
        "dmean": 0.0666056349874,
        "dmean2": 0.102596774697,
        "dvar": 0.00400757510215,
        "dvar2": 0.00912205409259,
        "max": 0.845661759377,
        "mean": 0.492080628872,
        "median": 0.494648724794,
        "min": 0.164960369468,
        "var": 0.011633859016
    },
    "silence_rate_20dB": {
        "dmean": 0,
        "dmean2": 0,
        "dvar": 0,
        "dvar2": 0,
        "max": 1,
        "mean": 1,
        "median": 1,
        "min": 1,
        "var": 0
    },
    "silence_rate_30dB": {
        "dmean": 0.00464396271855,
        "dmean2": 0.00929511990398,
        "dvar": 0.00462235650048,
        "dvar2": 0.0138562126085,
        "max": 1,
        "mean": 0.997679829597,
        "median": 1,
        "min": 0,
        "var": 0.00231480994262
    },
    "silence_rate_60dB": {
        "dmean": 0.0193498451263,
        "dmean2": 0.0379550717771,
        "dvar": 0.0189755316824,
        "dvar2": 0.0520069934428,
        "max": 1,
        "mean": 0.0116009283811,
        "median": 0,
        "min": 0,
        "var": 0.0114662442356
    },
    "spectral_centroid": {
        "dmean": 184.408462524,
        "dmean2": 269.235839844,
        "dvar": 52715.859375,
        "dvar2": 117216.609375,
        "max": 3061.95605469,
        "mean": 947.834777832,
        "median": 900.843688965,
        "min": 232.954559326,
        "var": 148920.1875
    },
    "spectral_complexity": {
        "dmean": 2.87925696373,
        "dmean2": 4.26568555832,
        "dvar": 7.86001443863,
        "dvar2": 15.2128887177,
        "max": 35,
        "mean": 16.3619480133,
        "median": 16,
        "min": 5,
        "var": 29.7359733582
    },
    "spectral_decrease": {
        "dmean": 2.47850495683e-09,
        "dmean2": 3.3565041857e-09,
        "dvar": 9.45100254674e-18,
        "dvar2": 1.71465111123e-17,
        "max": -3.23270105129e-10,
        "mean": -7.60291474222e-09,
        "median": -6.67053656755e-09,
        "min": -3.51457956071e-08,
        "var": 2.75510684441e-17
    },
    "spectral_energy": {
        "dmean": 0.00979129970074,
        "dmean2": 0.0132264429703,
        "dvar": 0.000145404483192,
        "dvar2": 0.000263233232545,
        "max": 0.141504496336,
        "mean": 0.0305566545576,
        "median": 0.0266832225025,
        "min": 0.00129118235782,
        "var": 0.000429137726314
    },
    "spectral_energyband_high": {
        "dmean": 0.000293691962725,
        "dmean2": 0.000461677758722,
        "dvar": 4.1215267288e-07,
        "dvar2": 1.02385558876e-06,
        "max": 0.00574015965685,
        "mean": 0.000413455854869,
        "median": 0.000155029993039,
        "min": 1.71638328084e-06,
        "var": 5.46012245195e-07
    },
    "spectral_energyband_low": {
        "dmean": 0.0033334759064,
        "dmean2": 0.00515330815688,
        "dvar": 5.85317684454e-05,
        "dvar2": 0.00013152086467,
        "max": 0.0800372511148,
        "mean": 0.00725174089894,
        "median": 0.00209620385431,
        "min": 1.29554973682e-05,
        "var": 0.000112027359137
    },
    "spectral_energyband_middle_high": {
        "dmean": 0.00254672020674,
        "dmean2": 0.00374395330437,
        "dvar": 2.00596186914e-05,
        "dvar2": 4.33203094872e-05,
        "max": 0.0683484524488,
        "mean": 0.00699296034873,
        "median": 0.00478463061154,
        "min": 0.000145294121467,
        "var": 5.21006440977e-05
    },
    "spectral_energyband_middle_low": {
        "dmean": 0.00672517111525,
        "dmean2": 0.00883978046477,
        "dvar": 6.55139301671e-05,
        "dvar2": 0.000101190831629,
        "max": 0.0842356383801,
        "mean": 0.0174735933542,
        "median": 0.0138010932133,
        "min": 0.000504873692989,
        "var": 0.000206863245694
    },
    "spectral_entropy": {
        "dmean": 0.277870804071,
        "dmean2": 0.378016471863,
        "dvar": 0.0789084434509,
        "dvar2": 0.15565982461,
        "max": 8.44941234589,
        "mean": 7.03595018387,
        "median": 7.0436258316,
        "min": 5.23716068268,
        "var": 0.26035785675
    },
    "spectral_flux": {
        "dmean": 0.0304460134357,
        "dmean2": 0.0472277030349,
        "dvar": 0.000967903295532,
        "dvar2": 0.00223239744082,
        "max": 0.301345944405,
        "mean": 0.0790393725038,
        "median": 0.0689706653357,
        "min": 0.0159226711839,
        "var": 0.00167373032309
    },
    "spectral_kurtosis": {
        "dmean": 3.14475417137,
        "dmean2": 4.83958959579,
        "dvar": 11.9115629196,
        "dvar2": 28.2714805603,
        "max": 48.9414100647,
        "mean": 8.57296943665,
        "median": 7.51669216156,
        "min": -1.34284126759,
        "var": 35.3108482361
    },
    "spectral_rms": {
        "dmean": 0.000890007708222,
        "dmean2": 0.00116472539958,
        "dvar": 9.38282994412e-07,
        "dvar2": 1.52246730067e-06,
        "max": 0.0117496028543,
        "mean": 0.00513466307893,
        "median": 0.00510219670832,
        "min": 0.00112235918641,
        "var": 3.44657200912e-06
    },
    "spectral_rolloff": {
        "dmean": 379.963562012,
        "dmean2": 643.745544434,
        "dvar": 830064.0625,
        "dvar2": 1882429.25,
        "max": 10292.8710938,
        "mean": 1273.02062988,
        "median": 1076.66015625,
        "min": 129.19921875,
        "var": 1344671.25
    },
    "spectral_skewness": {
        "dmean": 0.357886463404,
        "dmean2": 0.539636015892,
        "dvar": 0.127738371491,
        "dvar2": 0.275029927492,
        "max": 5.58910703659,
        "mean": 2.24899744987,
        "median": 2.21523666382,
        "min": 0.194076150656,
        "var": 0.512742400169
    },
    "spectral_spread": {
        "dmean": 977907.4375,
        "dmean2": 1422365.125,
        "dvar": 1.40926477926e+12,
        "dvar2": 2.60617404416e+12,
        "max": 19071974,
        "mean": 4244096.5,
        "median": 3755617.5,
        "min": 1618691.625,
        "var": 3.66713320243e+12
    },
    "spectral_strongpeak": {
        "dmean": 0.619820654392,
        "dmean2": 1.06876564026,
        "dvar": 0.898026883602,
        "dvar2": 2.14164233208,
        "max": 8.65871238708,
        "mean": 1.36255311966,
        "median": 0.818339645863,
        "min": 0.0261052306741,
        "var": 1.60036802292
    },
    "zerocrossingrate": {
        "dmean": 0.0109606292099,
        "dmean2": 0.0133545491844,
        "dvar": 0.000200952330488,
        "dvar2": 0.000236110048718,
        "max": 0.28857421875,
        "mean": 0.0509047359228,
        "median": 0.04541015625,
        "min": 0.0048828125,
        "var": 0.000879566359799
    },
    "barkbands": {
        "dmean": [1.65127621585e-05, 0.00091404246632, 0.00211852788925, 0.00106366467662, 0.00296490406618, 0.00129496434238, 0.00105220964178, 0.00136239139829, 0.00104673695751, 0.000917573459446, 0.000656257965602, 0.000283076748019, 0.00074381113518, 0.000298204802675, 0.000586776761338, 0.000175063367351, 0.000147672180901, 0.000131148088258, 6.1603866925e-05, 3.77222604584e-05, 4.31173830293e-05, 4.41071460955e-05, 4.55602603324e-05, 8.92137250048e-05, 5.58634965273e-05, 3.85074854421e-05, 1.35537592261e-09],
        "dmean2": [2.62603625742e-05, 0.00155426398851, 0.00342454621568, 0.00158978137188, 0.004130769521, 0.00185097160283, 0.00143965415191, 0.00185264565516, 0.00152657949366, 0.0014096184168, 0.000999580835924, 0.000439973926404, 0.0010792898247, 0.000452505570138, 0.000966159685049, 0.000275935482932, 0.000222615941311, 0.00018425595772, 9.49226377998e-05, 5.74580881221e-05, 6.99727024767e-05, 6.88609216013e-05, 7.09900195943e-05, 0.000138113420689, 9.13400144782e-05, 6.54673713143e-05, 2.45698461576e-09],
        "dvar": [3.25898863451e-10, 7.24440860722e-06, 2.94782221317e-05, 4.52887661595e-06, 3.57604549208e-05, 1.09125658128e-05, 4.11364180763e-06, 6.37703033135e-06, 4.23478513767e-06, 4.58097156297e-06, 7.72389967096e-07, 1.8897389964e-07, 2.2103572519e-06, 3.48867132516e-07, 4.21069489676e-06, 1.21617148352e-07, 6.18612716607e-08, 7.78172477567e-08, 9.82041648001e-09, 4.79720752011e-09, 1.08462163695e-08, 7.21634840772e-09, 1.24911947452e-08, 4.88976965585e-08, 2.19544453728e-08, 4.01624156154e-09, 1.06620512118e-17],
        "dvar2": [8.69134986203e-10, 1.72139352799e-05, 6.61356098135e-05, 9.34664603847e-06, 5.48270108993e-05, 1.98608522624e-05, 6.7751966526e-06, 1.25774977278e-05, 8.38744745124e-06, 1.01252144304e-05, 1.87717193967e-06, 4.35233886265e-07, 4.46853346148e-06, 7.71892302964e-07, 1.02211997728e-05, 3.05539828105e-07, 1.2522704651e-07, 1.20727477793e-07, 2.22046097065e-08, 1.18915268743e-08, 2.88806454307e-08, 1.82679098515e-08, 2.88195920461e-08, 1.12268423891e-07, 5.55947465841e-08, 1.0363359948e-08, 2.55691039917e-17],
        "max": [0.000253109028563, 0.0394291505218, 0.0620384067297, 0.0274045467377, 0.0667519047856, 0.0421695969999, 0.0233976338059, 0.032891266048, 0.0299688763916, 0.0252841226757, 0.0102884881198, 0.0069009354338, 0.0258494671434, 0.0102823674679, 0.0387492142618, 0.00554426852614, 0.00288717728108, 0.00360830477439, 0.00145445647649, 0.000931247370318, 0.00101031444501, 0.000738060451113, 0.00203149206936, 0.00257486850023, 0.0018656286411, 0.00040559261106, 6.45848885483e-08],
        "mean": [3.66941530956e-05, 0.00148854183499, 0.0042977547273, 0.00222091539763, 0.00567560456693, 0.00200135610066, 0.00174171209801, 0.00292225298472, 0.0025745711755, 0.00152580277063, 0.00119592610281, 0.000448979670182, 0.00144527724478, 0.000556864601094, 0.00103822990786, 0.000339479156537, 0.000249057513429, 0.000205923162866, 0.000141434982652, 6.17121113464e-05, 6.01128158451e-05, 7.42035408621e-05, 5.93946933805e-05, 0.00010500317876, 5.87620961596e-05, 3.11234070978e-05, 1.06341713213e-09],
        "median": [3.24639768223e-05, 0.000204509386094, 0.000595214427449, 0.000321291066939, 0.00193816295359, 0.000449779385235, 0.000599446881097, 0.000964756181929, 0.000550898024812, 0.000489598314743, 0.000766780227423, 0.000208074066904, 0.000450455787359, 0.000266465824097, 0.000255412101978, 0.000125227554236, 0.000114100905193, 6.79986987961e-05, 7.94311345089e-05, 3.33278185281e-05, 2.26507236221e-05, 2.00335907721e-05, 1.22100782391e-05, 1.78668342414e-05, 9.9887865872e-06, 8.19393972051e-06, 3.85456000451e-10],
        "min": [1.15941247714e-06, 4.32547835771e-07, 6.67712811264e-07, 4.274489811e-07, 3.48086869053e-05, 1.60934860105e-06, 9.7213569461e-06, 5.29631051904e-06, 2.15266436498e-06, 2.58093064076e-06, 5.09677875016e-06, 2.6523557608e-06, 1.35204345497e-06, 1.44997727602e-06, 2.58834825217e-06, 9.90945750345e-07, 5.43651822227e-07, 2.90500025812e-07, 2.43644052489e-07, 7.93128123178e-08, 1.15403238965e-07, 1.49020266349e-07, 4.34213082157e-10, 5.11202173925e-08, 4.95404739453e-09, 1.00612507214e-09, 1.27591227514e-11],
        "var": [4.56019416673e-10, 1.30105272547e-05, 6.16483084741e-05, 1.40358642966e-05, 0.000110109773232, 1.88603698916e-05, 8.598545719e-06, 2.29944198509e-05, 2.45119008468e-05, 8.36145409266e-06, 1.58881096013e-06, 4.15138970311e-07, 8.19619799586e-06, 8.83937104845e-07, 7.52139294491e-06, 3.17234281511e-07, 1.36590273314e-07, 1.75614005116e-07, 3.07578709169e-08, 7.26264071105e-09, 1.1334454264e-08, 1.3278767419e-08, 2.26957865834e-08, 7.64358745187e-08, 2.92828676862e-08, 3.45990702755e-09, 7.98683578706e-18]
    },
    "erbbands": {
        "dmean": [0.0106925768778, 0.279538422823, 2.07732868195, 3.22179985046, 6.29187774658, 11.6213445663, 9.10774993896, 10.2935676575, 13.8657407761, 25.5700321198, 23.5838394165, 27.7431583405, 11.9240999222, 35.2378044128, 27.1061916351, 15.097984314, 35.8748588562, 16.4185409546, 31.6191768646, 16.537147522, 6.04987287521, 5.71039152145, 5.18067264557, 3.16360640526, 3.06273460388, 1.75286638737, 1.32218575478, 1.94173467159, 1.58786225319, 1.53672242165, 1.35865962505, 1.70159196854, 1.52165126801, 0.72618830204, 0.336927860975, 0.205540820956, 0.0673775598407, 0.00393334636465, 8.14569502836e-05, 1.30317703224e-05],
        "dmean2": [0.0178320705891, 0.470692813396, 3.33097791672, 4.78629636765, 8.77368831635, 16.4779701233, 13.043050766, 14.9704341888, 18.9919204712, 36.0897293091, 32.3476409912, 39.2674942017, 17.3051624298, 54.6720199585, 42.1534347534, 22.8484706879, 51.4903373718, 24.736579895, 52.7264251709, 26.8729877472, 9.36335849762, 8.72721195221, 7.38936233521, 4.74912691116, 4.73260641098, 2.67184758186, 2.06415295601, 3.21108651161, 2.54026937485, 2.44150161743, 2.11693811417, 2.58598089218, 2.41402029991, 1.16158306599, 0.562668859959, 0.356395840645, 0.111124321818, 0.00665277289227, 0.000136069429573, 1.79481303348e-05],
        "dvar": [0.000961778161582, 0.671707332134, 32.4132423401, 33.4729042053, 143.186248779, 599.460388184, 450.466766357, 746.284118652, 866.390869141, 2087.05834961, 2075.45288086, 2913.29785156, 364.698272705, 8380.08496094, 1401.99243164, 432.284393311, 5629.52734375, 963.054870605, 11255.6650391, 1830.86242676, 147.016464233, 87.1297836304, 133.69732666, 31.151676178, 23.1889457703, 9.30338382721, 7.47778177261, 24.4143924713, 10.6464500427, 11.268453598, 11.6495656967, 18.0447978973, 14.811299324, 3.68858575821, 0.79300814867, 0.136108443141, 0.0101555231959, 3.73444599973e-05, 1.56083537206e-08, 2.16807752307e-10],
        "dvar2": [0.00222800578922, 1.5951474905, 73.8590621948, 68.8677978516, 231.744918823, 908.141174316, 854.661315918, 1386.31762695, 1380.62438965, 3906.60107422, 4099.296875, 5660.55322266, 825.749389648, 17324.7382812, 3653.33349609, 1027.29248047, 10963.8964844, 2290.42138672, 28352.9453125, 4739.42773438, 329.590637207, 192.919113159, 243.293548584, 67.2968902588, 54.8084335327, 22.3582515717, 18.7545661926, 65.6252746582, 27.27942276, 29.0376853943, 27.1842689514, 39.5316390991, 34.7502365112, 8.84366130829, 2.07172632217, 0.353646069765, 0.025538444519, 9.66467341641e-05, 4.03309989849e-08, 4.17371942563e-10],
        "max": [0.646268665791, 10.2873744965, 63.6113891602, 71.2834854126, 142.194244385, 268.83694458, 353.039276123, 397.556091309, 327.783905029, 519.642089844, 823.21685791, 904.462463379, 383.059997559, 1145.81286621, 508.748779297, 267.521484375, 1345.14538574, 514.102233887, 1700.11437988, 703.965454102, 249.998153687, 91.5451202393, 168.438064575, 82.5730133057, 64.5547409058, 34.7913360596, 28.164188385, 45.2118377686, 30.1453914642, 55.8040390015, 52.1272315979, 70.3946914673, 41.3914871216, 26.471200943, 12.2376470566, 3.28696274757, 0.609169363976, 0.0358296632767, 0.000708125880919, 0.000165670309798],
        "mean": [0.0161321964115, 0.501955330372, 4.3633184433, 6.99141788483, 12.1259832382, 21.939573288, 15.6080532074, 15.2879638672, 22.3233299255, 45.6948852539, 60.5563621521, 73.1729888916, 26.3217201233, 58.0829391479, 51.974773407, 30.1533412933, 69.7472381592, 32.0135955811, 53.6412124634, 33.0856552124, 13.2218770981, 13.2503185272, 12.5462779999, 6.80156469345, 6.64212560654, 3.09607553482, 2.07930207253, 2.65392875671, 2.61147809029, 2.28626966476, 1.72522187233, 2.03009653091, 1.74592876434, 0.819828629494, 0.327923983335, 0.164672598243, 0.0573335886002, 0.00311604235321, 8.26568284538e-05, 4.00371282012e-05],
        "median": [0.00401043100283, 0.0658437237144, 0.582690477371, 3.38686919212, 4.23717355728, 7.52377796173, 5.34025526047, 3.86729288101, 6.12734079361, 21.8186626434, 17.1903400421, 15.8190975189, 14.3168773651, 16.6243782043, 33.8264160156, 16.7047729492, 22.3133506775, 18.8378601074, 13.3386621475, 12.5930013657, 6.52820587158, 5.99786233902, 4.57525157928, 3.92773151398, 3.54754567146, 1.77637696266, 1.01954746246, 0.858860313892, 0.641551673412, 0.614248394966, 0.332572937012, 0.359883248806, 0.284245669842, 0.129685357213, 0.0577154643834, 0.0358184687793, 0.0174388997257, 0.000938073266298, 3.94578419218e-05, 3.58900033461e-05],
        "min": [7.31436884962e-05, 0.000190547536477, 0.000958152406383, 0.0092846294865, 0.0362119041383, 0.145292162895, 0.0732860937715, 0.166994422674, 0.188683539629, 0.210783809423, 0.469634234905, 0.16995818913, 0.172628551722, 0.314868330956, 0.673680722713, 0.318365812302, 0.218324407935, 0.317633569241, 0.330672204494, 0.0667956396937, 0.0495393425226, 0.028132032603, 0.0254807583988, 0.0159383378923, 0.00896600075066, 0.00453752838075, 0.0038290231023, 0.00441889697686, 0.00421100063249, 0.00527343805879, 0.00621765432879, 0.00127208256163, 0.000948824861553, 0.000340742059052, 0.000223075781832, 0.000148651684867, 2.45201335929e-05, 1.90297225799e-06, 1.982116828e-06, 1.61342677529e-06],
        "var": [0.00189961690921, 1.20500397682, 67.3466567993, 94.5574645996, 432.22366333, 1861.13684082, 950.928161621, 1165.79406738, 1705.56787109, 4453.45019531, 12491.7822266, 19966.9140625, 1505.03967285, 16508.7929688, 2907.40258789, 1223.76782227, 19652.359375, 1984.37719727, 17768.7597656, 3351.05566406, 473.173614502, 307.196716309, 470.748016357, 81.5068893433, 65.964630127, 16.0619525909, 10.0221233368, 24.6845149994, 19.0220870972, 15.707192421, 20.0361862183, 31.6534767151, 21.3896331787, 5.74796009064, 0.902570962906, 0.125404164195, 0.00911585427821, 2.95506270049e-05, 1.33125039881e-08, 6.23535945099e-10]
    },
    "gfcc": {
        "mean": [-5.67032527924, 102.473930359, -124.217720032, 2.04453325272, -61.6708831787, 14.627368927, -45.8466339111, 3.64498329163, -31.8964710236, -0.977252840996, -22.0288639069, -4.94369506836, -19.4633960724],
        "cov": [[2408.44970703, -540.655212402, -212.488586426, 437.421539307, -182.375732422, 123.451477051, -57.7528419495, 196.667755127, 91.3793640137, -66.8526000977, -89.2072296143, -47.8872642517, 43.8009796143], [-540.655212402, 875.49206543, -6.9076666832, 41.2883834839, 343.147949219, -101.285903931, 208.215774536, -81.0355377197, 35.0535469055, -69.0506515503, 26.2196235657, -115.043708801, -30.9239883423], [-212.488586426, -6.9076666832, 647.166931152, 45.7485847473, 122.191299438, 177.047927856, 3.97546434402, 45.0435256958, -42.4127197266, 53.3923187256, -13.9993047714, 27.9984645844, -89.0553207397], [437.421539307, 41.2883834839, 45.7485847473, 531.374389648, 65.364692688, 94.8301773071, 94.2450027466, 6.34401512146, 72.208770752, -59.8040351868, -1.12982296944, -14.0211868286, 72.0570144653], [-182.375732422, 343.147949219, 122.191299438, 65.364692688, 516.710388184, 67.6346359253, 113.891326904, 15.5244626999, -62.0415840149, -69.5930175781, -83.8852844238, -7.00471258163, -70.1529159546], [123.451477051, -101.285903931, 177.047927856, 94.8301773071, 67.6346359253, 286.564453125, 39.8995742798, 37.6881637573, -7.38101434708, -7.74678897858, 17.2646923065, -20.9002571106, -30.0006809235], [-57.7528419495, 208.215774536, 3.97546434402, 94.2450027466, 113.891326904, 39.8995742798, 196.535293579, 10.950056076, 20.8949584961, 12.9769220352, -4.81509590149, -40.84009552, -43.0969085693], [196.667755127, -81.0355377197, 45.0435256958, 6.34401512146, 15.5244626999, 37.6881637573, 10.950056076, 230.252929688, 116.577758789, 16.0942687988, -18.4134426117, -24.3011436462, 2.85701060295], [91.3793640137, 35.0535469055, -42.4127197266, 72.208770752, -62.0415840149, -7.38101434708, 20.8949584961, 116.577758789, 186.952957153, 27.8877429962, 21.3961696625, -23.1188297272, 40.0259361267], [-66.8526000977, -69.0506515503, 53.3923187256, -59.8040351868, -69.5930175781, -7.74678897858, 12.9769220352, 16.0942687988, 27.8877429962, 134.151901245, 44.04845047, 30.3178730011, -9.29919528961], [-89.2072296143, 26.2196235657, -13.9993047714, -1.12982296944, -83.8852844238, 17.2646923065, -4.81509590149, -18.4134426117, 21.3961696625, 44.04845047, 125.872169495, 31.7571659088, 36.4993972778], [-47.8872642517, -115.043708801, 27.9984645844, -14.0211868286, -7.00471258163, -20.9002571106, -40.84009552, -24.3011436462, -23.1188297272, 30.3178730011, 31.7571659088, 156.719039917, 49.7807159424], [43.8009796143, -30.9239883423, -89.0553207397, 72.0570144653, -70.1529159546, -30.0006809235, -43.0969085693, 2.85701060295, 40.0259361267, -9.29919528961, 36.4993972778, 49.7807159424, 141.854095459]],
        "icov": [[0.000780464557465, -4.66146266263e-05, 0.000627134635579, -0.0010117898928, 0.000465907272883, -0.000453134591226, 0.000710723805241, -0.00105560931843, 0.000662814825773, -0.000337629113346, 0.000725051912013, -0.000226377058425, 0.00071201112587], [-4.66146266263e-05, 0.00769841298461, -0.00269118929282, 0.00254280841909, -0.00586419785395, 0.00568712223321, -0.0066945864819, 0.00576647277921, -0.00592190027237, 0.00532571598887, -0.00754505209625, 0.00674068694934, -0.00353997736238], [0.000627134635579, -0.00269118929282, 0.00386902783066, -0.00227339169942, 0.00194511853624, -0.00351448613219, 0.00389034021646, -0.00337184499949, 0.00316429021768, -0.00361464126036, 0.00339439767413, -0.00316450442187, 0.00337927928194], [-0.0010117898928, 0.00254280841909, -0.00227339169942, 0.00520126195624, -0.00245856610127, 0.0016118924832, -0.00485946238041, 0.00422571552917, -0.00436195591465, 0.00378929637372, -0.00284558697604, 0.00248925806955, -0.0043011684902], [0.000465907272883, -0.00586419785395, 0.00194511853624, -0.00245856610127, 0.00782202091068, -0.00470107700676, 0.00344181503169, -0.00553776649758, 0.00571582559496, -0.00247011822648, 0.0073551624082, -0.0062877186574, 0.00361836818047], [-0.000453134591226, 0.00568712223321, -0.00351448613219, 0.0016118924832, -0.00470107700676, 0.00944468472153, -0.0057119037956, 0.00359118543565, -0.00364179327153, 0.00490040844306, -0.00785528775305, 0.00581090943888, -0.00244977278635], [0.000710723805241, -0.0066945864819, 0.00389034021646, -0.00485946238041, 0.00344181503169, -0.0057119037956, 0.0147131718695, -0.0056072389707, 0.00493787508458, -0.00771127827466, 0.00625939713791, -0.00455013010651, 0.00639641331509], [-0.00105560931843, 0.00576647277921, -0.00337184499949, 0.00422571552917, -0.00553776649758, 0.00359118543565, -0.0056072389707, 0.0133797572926, -0.0109291318804, 0.0041785039939, -0.00455242209136, 0.0055213267915, -0.004041031003], [0.000662814825773, -0.00592190027237, 0.00316429021768, -0.00436195591465, 0.00571582559496, -0.00364179327153, 0.00493787508458, -0.0109291318804, 0.0161852035671, -0.00638217525557, 0.00486436858773, -0.00357899069786, 0.00150255963672], [-0.000337629113346, 0.00532571598887, -0.00361464126036, 0.00378929637372, -0.00247011822648, 0.00490040844306, -0.00771127827466, 0.0041785039939, -0.00638217525557, 0.0159213468432, -0.00835487619042, 0.00204582279548, -0.0012646416435], [0.000725051912013, -0.00754505209625, 0.00339439767413, -0.00284558697604, 0.0073551624082, -0.00785528775305, 0.00625939713791, -0.00455242209136, 0.00486436858773, -0.00835487619042, 0.0196271259338, -0.00810809060931, 0.00155226700008], [-0.000226377058425, 0.00674068694934, -0.00316450442187, 0.00248925806955, -0.0062877186574, 0.00581090943888, -0.00455013010651, 0.0055213267915, -0.00357899069786, 0.00204582279548, -0.00810809060931, 0.0152172297239, -0.00719590624794], [0.00071201112587, -0.00353997736238, 0.00337927928194, -0.0043011684902, 0.00361836818047, -0.00244977278635, 0.00639641331509, -0.004041031003, 0.00150255963672, -0.0012646416435, 0.00155226700008, -0.00719590624794, 0.015279286541]]
    },
    "melbands": {
        "dmean": [0.000168884871528, 0.000829116383102, 0.000549249583855, 0.000759029353503, 0.000316949124681, 0.000233095983276, 0.000211318765651, 0.000289636285743, 0.000202407478355, 0.00015441555297, 5.71660748392e-05, 0.000147129758261, 8.92450552783e-05, 4.06645558542e-05, 7.54654174671e-05, 5.59443724342e-05, 3.09253155137e-05, 4.80665803479e-05, 3.42940147675e-05, 1.85115550266e-05, 6.01948613621e-06, 5.8233576965e-06, 8.77011007105e-06, 3.17711965181e-06, 2.68164762929e-06, 2.41094221565e-06, 1.96024188881e-06, 1.0783221569e-06, 8.35787318465e-07, 1.00456088603e-06, 1.16262094707e-06, 8.64942705903e-07, 9.72977886704e-07, 8.33648300613e-07, 7.29094040253e-07, 9.91048636934e-07, 1.09902964596e-06, 1.11358099275e-06, 9.62358626566e-07, 5.26328449268e-07],
        "dmean2": [0.000286584778223, 0.00132020667661, 0.000798801309429, 0.00104639912024, 0.000458558060927, 0.000337631121511, 0.000285785092274, 0.000412512104958, 0.00028089073021, 0.000219555367948, 8.39670537971e-05, 0.000228447999689, 0.000136883929372, 6.49413559586e-05, 0.000109855238406, 8.03526272648e-05, 4.73207219329e-05, 7.92404825916e-05, 5.37268861081e-05, 3.00037427223e-05, 9.35453226703e-06, 8.67682047101e-06, 1.36106218633e-05, 4.85559394292e-06, 4.08895948567e-06, 3.68897872249e-06, 2.99402381643e-06, 1.64353650689e-06, 1.31720707941e-06, 1.6273189658e-06, 1.95168399841e-06, 1.39275823585e-06, 1.50073685745e-06, 1.3496955944e-06, 1.15035402359e-06, 1.55240331878e-06, 1.70682301359e-06, 1.74893921212e-06, 1.5921158365e-06, 8.43199359224e-07],
        "dvar": [2.42673564799e-07, 5.135086667e-06, 8.01209182555e-07, 2.8629535791e-06, 3.80598976335e-07, 3.82385508146e-07, 1.92365618545e-07, 2.83389880451e-07, 1.38811458328e-07, 8.85308324428e-08, 8.96383500759e-09, 1.50439205981e-07, 1.40753044775e-08, 3.19270232474e-09, 1.94388736219e-08, 1.12093090365e-08, 4.19093248993e-09, 2.22889244839e-08, 1.66453855144e-08, 1.44815881509e-09, 1.93472404764e-10, 7.23872767283e-11, 5.44977007966e-10, 3.54987220175e-11, 2.48996552543e-11, 1.36107019752e-11, 1.14183176803e-11, 3.52760160492e-12, 3.12526241865e-12, 5.25277911445e-12, 8.86680919659e-12, 3.3168053807e-12, 3.04975380887e-12, 3.81015401521e-12, 3.40159823052e-12, 6.61704675428e-12, 7.65807122577e-12, 7.88344042824e-12, 6.40065648053e-12, 2.32142950696e-12],
        "dvar2": [5.60499415769e-07, 1.183528002e-05, 1.59449643888e-06, 4.2646838665e-06, 7.25148993297e-07, 6.99500276369e-07, 3.05298073044e-07, 5.35320737072e-07, 2.74544674994e-07, 1.73173376083e-07, 2.04635384193e-08, 3.16742529094e-07, 3.57625538072e-08, 7.77746578251e-09, 4.04808453425e-08, 2.2711271086e-08, 9.76049197021e-09, 5.68433726755e-08, 3.85881655518e-08, 3.93735666293e-09, 4.35838781732e-10, 1.52981363688e-10, 1.14942355633e-09, 7.88375129068e-11, 5.39937296262e-11, 3.21287094152e-11, 2.85724898602e-11, 8.22430578501e-12, 7.77408432767e-12, 1.36014663074e-11, 2.38691358345e-11, 8.52690053982e-12, 7.62357364736e-12, 9.6733541316e-12, 8.10024356618e-12, 1.58263523814e-11, 1.65525371187e-11, 1.81196186527e-11, 1.61230959139e-11, 5.80564806299e-12],
        "max": [0.00869238190353, 0.0236269198358, 0.0101976059377, 0.0191251337528, 0.00973828602582, 0.00892384909093, 0.00494404882193, 0.00588075723499, 0.00636434461921, 0.00501182395965, 0.0017803395167, 0.00480008870363, 0.00142423762009, 0.000603189342655, 0.00238747056574, 0.00189277261961, 0.00109523569699, 0.00213057966903, 0.00270867394283, 0.000580052903388, 0.000297773542115, 0.00011283672211, 0.000322093837894, 9.11664465093e-05, 7.39630486351e-05, 4.79966329294e-05, 4.48530045105e-05, 2.38334050664e-05, 2.14965548366e-05, 2.74337962765e-05, 2.4257298719e-05, 1.7295102225e-05, 2.0475974452e-05, 3.81274294341e-05, 2.92479380732e-05, 3.93576592614e-05, 4.47113889095e-05, 3.19998362102e-05, 2.28264761972e-05, 2.45360406552e-05],
        "mean": [0.000270212447504, 0.00171074748505, 0.00122086331248, 0.00145805091597, 0.000569747353438, 0.000346416258253, 0.000341649370966, 0.000525297888089, 0.000537025043741, 0.000394189206418, 0.000111033725261, 0.000232841804973, 0.000168362370459, 7.52391060814e-05, 0.000147269864101, 0.000104859434941, 5.52574929316e-05, 7.83896248322e-05, 6.38324636384e-05, 3.48830253643e-05, 1.12478137453e-05, 1.01127834569e-05, 2.3100317776e-05, 5.14531393492e-06, 5.31595196662e-06, 5.18603565069e-06, 3.52502820533e-06, 1.7178830376e-06, 1.24943323954e-06, 1.43408726672e-06, 1.49193442667e-06, 1.34520985284e-06, 1.61967921031e-06, 1.11433314487e-06, 9.17888087315e-07, 1.12926738893e-06, 1.30041291868e-06, 1.28373608277e-06, 1.00895090327e-06, 5.87272154462e-07],
        "median": [4.60920200567e-05, 0.000219344277866, 0.000703404424712, 0.000413081725128, 0.000246680981945, 8.14006634755e-05, 9.62702033576e-05, 0.000228237971896, 0.000127833263832, 8.3148937847e-05, 5.5432687077e-05, 5.42962734471e-05, 0.000111834655399, 4.33211316704e-05, 5.40198125236e-05, 4.21614968218e-05, 2.70274940704e-05, 1.88461162907e-05, 1.59433257068e-05, 1.2883783711e-05, 5.11443840878e-06, 5.14046905664e-06, 4.48634682471e-06, 2.87832153845e-06, 2.41592010752e-06, 2.76548576039e-06, 1.69442785136e-06, 9.2413671382e-07, 6.14497082552e-07, 5.3633209518e-07, 4.18054213469e-07, 2.98513384678e-07, 4.1909802917e-07, 2.86529029836e-07, 1.69757726098e-07, 2.03257457088e-07, 2.13164213392e-07, 2.10277264046e-07, 1.42381239243e-07, 9.20230363022e-08],
        "min": [6.25014081379e-07, 3.83685033967e-07, 1.84121086022e-06, 6.765728358e-06, 2.72838383353e-06, 1.32627008043e-06, 2.25224789574e-06, 2.48310607276e-06, 1.70325063209e-06, 4.68508460472e-07, 5.03247463257e-07, 7.60099624131e-07, 8.64760522745e-07, 5.63398486975e-07, 1.41242978202e-07, 2.46350822408e-07, 1.63716450174e-07, 4.8243356332e-07, 1.1400122446e-07, 6.62993855371e-08, 3.92549424078e-08, 2.90286727989e-08, 1.69889204926e-08, 1.72144343225e-08, 9.27626864211e-09, 4.62101068521e-09, 5.65004354414e-09, 2.05753236671e-09, 1.42124534364e-09, 2.50509701871e-09, 9.54446299772e-10, 1.37314082327e-09, 3.13903281146e-09, 1.77588321826e-09, 3.28982132335e-12, 1.72454628355e-09, 3.31973781798e-10, 4.52668597051e-10, 1.88513649135e-11, 2.13071765093e-11],
