{
"highlevel": {
    "danceability": {
        "all": {
            "danceable": 0.90336728096,
            "not_danceable": 0.0966327190399
        },
        "probability": 0.90336728096,
        "value": "danceable"
    },
    "gender": {
        "all": {
            "female": 0.98809492588,
            "male": 0.0119050582871
        },
        "probability": 0.98809492588,
        "value": "female"
    },
    "genre_dortmund": {
        "all": {
            "alternative": 0.253228724003,
            "blues": 0.0339556373656,
            "electronic": 0.166446432471,
            "folkcountry": 0.117438919842,
            "funksoulrnb": 0.0177980493754,
            "jazz": 0.0469492264092,
            "pop": 0.0794924423099,
            "raphiphop": 0.123472549021,
            "rock": 0.16121801734
        },
        "probability": 0.253228724003,
        "value": "alternative"
    },
    "genre_electronic": {
        "all": {
            "ambient": 0.324480235577,
            "dnb": 0.132190361619,
            "house": 0.226552471519,
            "techno": 0.0194217953831,
            "trance": 0.297355145216
        },
        "probability": 0.324480235577,
        "value": "ambient"
    },
    "genre_rosamerica": {
        "all": {
            "cla": 0.047514975071,
            "dan": 0.122356720269,
            "hip": 0.211988061666,
            "jaz": 0.027486262843,
            "pop": 0.289200901985,
            "rhy": 0.192293986678,
            "roc": 0.0948310792446,
            "spe": 0.0143280122429
        },
        "probability": 0.289200901985,
        "value": "pop"
    },
    "genre_tzanetakis": {
        "all": {
            "blu": 0.0627507790923,
            "cla": 0.0348575115204,
            "cou": 0.0627431645989,
            "dis": 0.0448173992336,
            "hip": 0.104576781392,
            "jaz": 0.313749134541,
            "met": 0.0627529844642,
            "pop": 0.078439347446,
            "reg": 0.0784381404519,
            "roc": 0.156874760985
        },
        "probability": 0.313749134541,
        "value": "jaz"
    },
    "ismir04_rhythm": {
        "all": {
            "ChaChaCha": 0.0127496095374,
            "Jive": 0.0730915591121,
            "Quickstep": 0.0151281561702,
            "Rumba-American": 0.0089996131137,
            "Rumba-International": 0.0396378561854,
            "Rumba-Misc": 0.00860545225441,
            "Samba": 0.0576171837747,
            "Tango": 0.0395944081247,
            "VienneseWaltz": 0.699495136738,
            "Waltz": 0.0450810268521
        },
        "probability": 0.699495136738,
        "value": "VienneseWaltz"
    },
    "mood_acoustic": {
        "all": {
            "acoustic": 0.0846301913261,
            "not_acoustic": 0.915369808674
        },
        "probability": 0.915369808674,
        "value": "not_acoustic"
    },
    "mood_aggressive": {
        "all": {
            "aggressive": 0.209369316697,
            "not_aggressive": 0.790630698204
        },
        "probability": 0.790630698204,
        "value": "not_aggressive"
    },
    "mood_electronic": {
        "all": {
            "electronic": 0.128110736609,
            "not_electronic": 0.871889233589
        },
        "probability": 0.871889233589,
        "value": "not_electronic"
    },
    "mood_happy": {
        "all": {
            "happy": 0.0957089662552,
            "not_happy": 0.904291033745
        },
        "probability": 0.904291033745,
        "value": "not_happy"
    },
    "mood_party": {
        "all": {
            "not_party": 0.556049287319,
            "party": 0.443950712681
        },
        "probability": 0.556049287319,
        "value": "not_party"
    },
    "mood_relaxed": {
        "all": {
            "not_relaxed": 0.928520262241,
            "relaxed": 0.0714797601104
        },
        "probability": 0.928520262241,
        "value": "not_relaxed"
    },
    "mood_sad": {
        "all": {
            "not_sad": 0.738234996796,
            "sad": 0.261765003204
        },
        "probability": 0.738234996796,
        "value": "not_sad"
    },
    "moods_mirex": {
        "all": {
            "Cluster1": 0.208713248372,
            "Cluster2": 0.15088211,
            "Cluster3": 0.365494579077,
            "Cluster4": 0.153874918818,
            "Cluster5": 0.121035151184
        },
        "probability": 0.365494579077,
        "value": "Cluster3"
    },
    "timbre": {
        "all": {
            "bright": 0.220351070166,
            "dark": 0.779648900032
        },
        "probability": 0.779648900032,
        "value": "dark"
    },
    "tonal_atonal": {
        "all": {
            "atonal": 0.0243594255298,
            "tonal": 0.975640594959
        },
        "probability": 0.975640594959,
        "value": "tonal"
    },
    "voice_instrumental": {
        "all": {
            "instrumental": 0.351711273193,
            "voice": 0.648288726807
        },
        "probability": 0.648288726807,
        "value": "voice"
    }
},
"lowlevel": {
    "average_loudness": 0.927072644234,
    "barkbands_crest": {
        "dmean": 2.76168990135,
        "dmean2": 4.30846309662,
        "dvar": 7.21999692917,
        "dvar2": 17.6647453308,
        "max": 23.9196281433,
        "mean": 10.7896089554,
        "median": 10.1095714569,
        "min": 2.83887648582,
        "var": 19.5208511353
    },
    "barkbands_flatness_db": {
        "dmean": 0.0225222557783,
        "dmean2": 0.0346458777785,
        "dvar": 0.000468539248686,
        "dvar2": 0.00101663928945,
        "max": 0.330107599497,
        "mean": 0.18533244729,
        "median": 0.185245379806,
        "min": 0.0460158549249,
        "var": 0.00217314017937
    },
    "barkbands_kurtosis": {
        "dmean": 2.26911425591,
        "dmean2": 3.5914440155,
        "dvar": 15.851732254,
        "dvar2": 39.9911155701,
        "max": 44.4532623291,
        "mean": 2.44330143929,
        "median": 0.689986228943,
        "min": -1.88570737839,
        "var": 29.5260906219
    },
    "barkbands_skewness": {
        "dmean": 0.541161119938,
        "dmean2": 0.82749658823,
        "dvar": 0.37435773015,
        "dvar2": 0.907404601574,
        "max": 6.39464616776,
        "mean": 1.22053384781,
        "median": 1.00720477104,
        "min": -1.32942795753,
        "var": 1.24611902237
    },
    "barkbands_spread": {
        "dmean": 6.12899827957,
        "dmean2": 9.18798828125,
        "dvar": 50.9061546326,
        "dvar2": 102.955314636,
        "max": 103.600616455,
        "mean": 23.587015152,
        "median": 20.3228130341,
        "min": 1.93818902969,
        "var": 225.348480225
    },
    "dissonance": {
        "dmean": 0.0216528717428,
        "dmean2": 0.0363296084106,
        "dvar": 0.000429258070653,
        "dvar2": 0.0012587759411,
        "max": 0.499905586243,
        "mean": 0.461745172739,
        "median": 0.470157623291,
        "min": 0.309308499098,
        "var": 0.000911102688406
    },
    "dynamic_complexity": 1.77851486206,
    "erbbands_crest": {
        "dmean": 2.5343644619,
        "dmean2": 3.98405265808,
        "dvar": 6.11383581161,
        "dvar2": 13.8151597977,
        "max": 27.790271759,
        "mean": 8.83739757538,
        "median": 7.60430812836,
        "min": 2.79980349541,
        "var": 17.4033126831
    },
    "erbbands_flatness_db": {
        "dmean": 0.0171944610775,
        "dmean2": 0.0243988018483,
        "dvar": 0.00033524792525,
        "dvar2": 0.000591123709455,
        "max": 0.37097671628,
        "mean": 0.208948761225,
        "median": 0.204463005066,
        "min": 0.0676727965474,
        "var": 0.00276579405181
    },
    "erbbands_kurtosis": {
        "dmean": 0.926688551903,
        "dmean2": 1.43582868576,
        "dvar": 1.55332744122,
        "dvar2": 3.5826292038,
        "max": 14.2785453796,
        "mean": 0.29314699769,
        "median": -0.403733491898,
        "min": -1.70451402664,
        "var": 4.10018444061
    },
    "erbbands_skewness": {
        "dmean": 0.365841925144,
        "dmean2": 0.55708450079,
        "dvar": 0.109607391059,
        "dvar2": 0.240470379591,
        "max": 3.80715465546,
        "mean": 0.104844711721,
        "median": 0.0286382697523,
        "min": -2.66588306427,
        "var": 0.585621595383
    },
    "erbbands_spread": {
        "dmean": 7.94452857971,
        "dmean2": 12.2503814697,
        "dvar": 80.149772644,
        "dvar2": 178.074111938,
        "max": 110.132644653,
        "mean": 35.8865356445,
        "median": 34.448802948,
        "min": 3.54019260406,
        "var": 323.992156982
    },
    "hfc": {
        "dmean": 7.37224435806,
        "dmean2": 9.6941318512,
        "dvar": 124.103233337,
        "dvar2": 209.841888428,
        "max": 137.538604736,
        "mean": 23.0603618622,
        "median": 17.2440834045,
        "min": 0.543656110764,
        "var": 398.24911499
    },
    "melbands_crest": {
        "dmean": 3.56059908867,
        "dmean2": 5.53657150269,
        "dvar": 13.4891853333,
        "dvar2": 33.1079101562,
        "max": 34.3746833801,
        "mean": 16.0901031494,
        "median": 14.589966774,
        "min": 4.27915525436,
        "var": 48.6093521118
    },
    "melbands_flatness_db": {
        "dmean": 0.027736062184,
        "dmean2": 0.0413437411189,
        "dvar": 0.000856859493069,
        "dvar2": 0.00181713909842,
        "max": 0.436276078224,
        "mean": 0.225341260433,
        "median": 0.227225989103,
        "min": 0.0356921739876,
        "var": 0.00442760949954
    },
    "melbands_kurtosis": {
        "dmean": 6.46993684769,
        "dmean2": 10.3205394745,
        "dvar": 140.155227661,
        "dvar2": 350.103149414,
        "max": 143.469070435,
        "mean": 10.6520299911,
        "median": 4.42945480347,
        "min": -1.37245833874,
        "var": 267.852661133
    },
    "melbands_skewness": {
        "dmean": 0.779504358768,
        "dmean2": 1.18837344646,
        "dvar": 0.877239584923,
        "dvar2": 2.05896711349,
        "max": 10.5936746597,
        "mean": 2.38152241707,
        "median": 1.91928529739,
        "min": -1.16155326366,
        "var": 3.17474341393
    },
    "melbands_spread": {
        "dmean": 8.25573730469,
        "dmean2": 12.693397522,
        "dvar": 138.588119507,
        "dvar2": 337.718292236,
        "max": 188.108078003,
        "mean": 25.9669551849,
        "median": 21.6799564362,
        "min": 1.77480387688,
        "var": 333.546417236
    },
    "pitch_salience": {
        "dmean": 0.0725286900997,
        "dmean2": 0.11298456043,
        "dvar": 0.00505125708878,
        "dvar2": 0.0126233743504,
        "max": 0.790237545967,
        "mean": 0.461811810732,
        "median": 0.467616200447,
        "min": 0.117319092155,
        "var": 0.0155300637707
    },
    "silence_rate_20dB": {
        "dmean": 0,
        "dmean2": 0,
        "dvar": 0,
        "dvar2": 0,
        "max": 1,
        "mean": 1,
        "median": 1,
        "min": 1,
        "var": 0
    },
    "silence_rate_30dB": {
        "dmean": 0.030959751457,
        "dmean2": 0.0619674660265,
        "dvar": 0.0300013218075,
        "dvar2": 0.0674222558737,
        "max": 1,
        "mean": 0.97138440609,
        "median": 1,
        "min": 0,
        "var": 0.0277968812734
    },
    "silence_rate_60dB": {
        "dmean": 0.00464396271855,
        "dmean2": 0.00929511990398,
        "dvar": 0.00462233833969,
        "dvar2": 0.0107580982149,
        "max": 1,
        "mean": 0.00773395225406,
        "median": 0,
        "min": 0,
        "var": 0.00767404679209
    },
    "spectral_centroid": {
        "dmean": 303.448425293,
        "dmean2": 471.178100586,
        "dvar": 121827.242188,
        "dvar2": 272734.25,
        "max": 4091.81689453,
        "mean": 1674.33178711,
        "median": 1578.27954102,
        "min": 321.775726318,
        "var": 534059.625
    },
    "spectral_complexity": {
        "dmean": 3.77476787567,
        "dmean2": 5.67854356766,
        "dvar": 21.0273838043,
        "dvar2": 32.4567184448,
        "max": 56,
        "mean": 20.7184848785,
        "median": 19,
        "min": 4,
        "var": 78.7635498047
    },
    "spectral_decrease": {
        "dmean": 3.06855674204e-09,
        "dmean2": 4.59313120871e-09,
        "dvar": 2.62010650166e-17,
        "dvar2": 5.96648949255e-17,
        "max": -1.76518161199e-10,
        "mean": -8.24280110834e-09,
        "median": -5.77892533826e-09,
        "min": -4.28682938036e-08,
        "var": 5.46511050786e-17
    },
    "spectral_energy": {
        "dmean": 0.011861057952,
        "dmean2": 0.0176240000874,
        "dvar": 0.0003806083987,
        "dvar2": 0.000855251098983,
        "max": 0.163538321853,
        "mean": 0.0332018844783,
        "median": 0.0240369159728,
        "min": 0.000715531001333,
        "var": 0.0008174815448
    },
    "spectral_energyband_high": {
        "dmean": 0.00072401703801,
        "dmean2": 0.00101936340798,
        "dvar": 2.29898500947e-06,
        "dvar2": 4.248075129e-06,
        "max": 0.0185289271176,
        "mean": 0.00139362062328,
        "median": 0.000659228593577,
        "min": 2.47170601142e-06,
        "var": 5.58795454708e-06
    },
    "spectral_energyband_low": {
        "dmean": 0.00834984891117,
        "dmean2": 0.0124050425366,
        "dvar": 0.000289737567073,
        "dvar2": 0.00066395936301,
        "max": 0.154257893562,
        "mean": 0.0172293130308,
        "median": 0.00772228371352,
        "min": 2.51848314292e-06,
        "var": 0.000628165202215
    },
    "spectral_energyband_middle_high": {
        "dmean": 0.00250296317972,
        "dmean2": 0.00363057432696,
        "dvar": 8.28127758723e-06,
        "dvar2": 1.61892821779e-05,
        "max": 0.0316369198263,
        "mean": 0.00682927714661,
        "median": 0.0050449972041,
        "min": 0.000128180574393,
        "var": 2.80124604615e-05
    },
    "spectral_energyband_middle_low": {
        "dmean": 0.00476520182565,
        "dmean2": 0.00786954164505,
        "dvar": 0.000124710873934,
        "dvar2": 0.00031779211713,
        "max": 0.102338194847,
        "mean": 0.00908265728503,
        "median": 0.00569168990478,
        "min": 0.000558984465897,
        "var": 0.000126478684251
    },
    "spectral_entropy": {
        "dmean": 0.160673990846,
        "dmean2": 0.224044814706,
        "dvar": 0.0305713620037,
        "dvar2": 0.0562731251121,
        "max": 8.69444179535,
        "mean": 7.33839607239,
        "median": 7.24817848206,
        "min": 5.9845161438,
        "var": 0.188953638077
    },
    "spectral_flux": {
        "dmean": 0.0309446528554,
        "dmean2": 0.0488690286875,
        "dvar": 0.00181464443449,
        "dvar2": 0.00399111025035,
        "max": 0.350500911474,
        "mean": 0.0873814374208,
        "median": 0.0661707520485,
        "min": 0.0138687826693,
        "var": 0.00330401165411
    },
    "spectral_kurtosis": {
        "dmean": 2.96802449226,
        "dmean2": 5.09171533585,
        "dvar": 11.9853525162,
        "dvar2": 34.0942687988,
        "max": 31.6999702454,
        "mean": 5.29266119003,
        "median": 3.56382989883,
        "min": -0.896036148071,
        "var": 30.5811977386
    },
    "spectral_rms": {
        "dmean": 0.000924393767491,
        "dmean2": 0.00133090815507,
        "dvar": 1.54709459821e-06,
        "dvar2": 3.26088502334e-06,
        "max": 0.0126312943175,
        "mean": 0.00525718508288,
        "median": 0.00484258728102,
        "min": 0.000835511251353,
        "var": 4.75403385281e-06
    },
    "spectral_rolloff": {
        "dmean": 630.897216797,
        "dmean2": 1036.86328125,
        "dvar": 1111769.625,
        "dvar2": 2434597.75,
        "max": 9926.80664062,
        "mean": 1736.63012695,
        "median": 1119.7265625,
        "min": 64.599609375,
        "var": 2400081.5
    },
    "spectral_skewness": {
        "dmean": 0.339703172445,
        "dmean2": 0.561266839504,
        "dvar": 0.105778954923,
        "dvar2": 0.284936547279,
        "max": 3.59590673447,
        "mean": 1.20336854458,
        "median": 0.986886262894,
        "min": -0.0307180117816,
        "var": 0.512009203434
    },
    "spectral_spread": {
        "dmean": 408360.0625,
        "dmean2": 566204.0625,
        "dvar": 389103648768,
        "dvar2": 658292670464,
        "max": 12182330,
        "mean": 3384170.75,
        "median": 2868368.5,
        "min": 1368797.625,
        "var": 2.5654263808e+12
    },
    "spectral_strongpeak": {
        "dmean": 0.548774838448,
        "dmean2": 0.910238325596,
        "dvar": 0.698594629765,
        "dvar2": 1.71796429157,
        "max": 6.68572044373,
        "mean": 1.08523011208,
        "median": 0.722541630268,
        "min": 0.0754455775023,
        "var": 1.12288212776
    },
    "zerocrossingrate": {
        "dmean": 0.0100373541936,
        "dmean2": 0.0116166304797,
        "dvar": 0.000148496168549,
        "dvar2": 0.000174731714651,
        "max": 0.2421875,
        "mean": 0.0570907667279,
        "median": 0.04833984375,
        "min": 0.00634765625,
        "var": 0.00108435621951
    },
    "barkbands": {
        "dmean": [0.000336102035362, 0.00573920225725, 0.00319392327219, 0.00265911221504, 0.00100201170426, 0.000841792032588, 0.000461489107693, 0.000513995648362, 0.000876668898854, 0.00126273266505, 0.000905835244339, 0.00056532304734, 0.00019682320999, 0.000218374276301, 0.000212958970224, 0.000175444278284, 0.000210432117456, 0.000174455650267, 0.000185055148904, 0.000234425038798, 0.000234221064602, 0.000166590165463, 0.000129726933665, 9.5910676464e-05, 4.88545701955e-05, 7.67327401263e-06, 2.32736301342e-08],
        "dmean2": [0.000458024063846, 0.0084669990465, 0.00496996520087, 0.00465119211003, 0.00171233410947, 0.00128041382413, 0.000698745192494, 0.000843635818455, 0.00138034007978, 0.00182692345697, 0.0014098881511, 0.000885844114237, 0.000324186345097, 0.000371273054043, 0.000351867260179, 0.000293395918561, 0.000327575195115, 0.000278832536424, 0.00027406445588, 0.00036336487392, 0.000352569448296, 0.000241517074755, 0.000188105128473, 0.000142459510243, 6.83562029735e-05, 1.23179879665e-05, 3.8690046722e-08],
        "dvar": [1.6458996015e-06, 0.000220739733777, 5.05480820721e-05, 7.82958377386e-05, 1.0839577044e-05, 3.31071305482e-06, 1.12246732442e-06, 1.28032468183e-06, 2.60354158854e-06, 5.72132648813e-06, 2.51075562119e-06, 1.25601843592e-06, 1.11957291438e-07, 1.47705023323e-07, 8.10738995938e-08, 5.00022174776e-08, 8.0623543397e-08, 7.3890824126e-08, 8.59760973526e-08, 1.202645592e-07, 1.93101712398e-07, 2.53339322853e-07, 1.45517716987e-07, 1.1827503954e-07, 4.50849739764e-08, 1.70544867117e-09, 4.8241375765e-14],
        "dvar2": [2.86801787297e-06, 0.000473715219414, 0.000141863565659, 0.000208753452171, 2.93536886602e-05, 7.04195372236e-06, 2.12309055314e-06, 3.06236279357e-06, 5.64416450288e-06, 1.13787555165e-05, 5.60225680601e-06, 2.52738095696e-06, 2.84484428903e-07, 4.09798673218e-07, 2.04407129445e-07, 1.35715438887e-07, 1.88994917494e-07, 1.63538018683e-07, 1.73713758045e-07, 2.56272784327e-07, 4.38807859382e-07, 5.09131496074e-07, 2.92889637876e-07, 2.71949375019e-07, 9.01478003357e-08, 4.03259114989e-09, 1.24700759701e-13],
        "max": [0.0173229109496, 0.14488081634, 0.0658517405391, 0.076989069581, 0.0445294007659, 0.0277721229941, 0.0188490692526, 0.022578176111, 0.0398518070579, 0.0278466138989, 0.0186385326087, 0.0224596150219, 0.00454148696736, 0.00440453970805, 0.00331357377581, 0.00299867405556, 0.00417099194601, 0.00344848656096, 0.00366630172357, 0.00419018277898, 0.00656432705, 0.00607657199726, 0.00565467681736, 0.00582186505198, 0.00532445916906, 0.000852696946822, 5.74992645852e-06],
        "mean": [0.000407759158406, 0.00951744709164, 0.00617474410683, 0.00241516763344, 0.00104185228702, 0.0019459304167, 0.000845370581374, 0.000812291633338, 0.00165607884992, 0.00214520841837, 0.00141352310311, 0.000834181264509, 0.000304641172988, 0.000329758942826, 0.000384077982744, 0.000325802131556, 0.000385173363611, 0.000348047411535, 0.000350359245203, 0.000517950800713, 0.000402343663154, 0.000227788434131, 0.000185668031918, 0.000141157754115, 7.77171298978e-05, 1.18366460811e-05, 1.74065970526e-08],
        "median": [3.88694479625e-06, 0.00295555731282, 0.000973664224148, 0.000321336498018, 0.000274056161288, 0.000800308887847, 0.000339721998898, 0.000379500270355, 0.00097688974347, 0.000324308057316, 0.000455617089756, 0.000332539348165, 0.000163621924003, 0.000151365093188, 0.000272808596492, 0.000215029256651, 0.000255776190897, 0.000198094930965, 0.000190825085156, 0.000321886851452, 0.000208531229873, 7.59909198678e-06, 3.59189562005e-06, 1.85198359759e-06, 5.57176235816e-07, 2.68362384759e-07, 4.7497056288e-10],
        "min": [2.96945823486e-09, 2.34455569625e-07, 1.80043940645e-07, 3.20862937997e-07, 1.05637654997e-05, 1.7662468963e-06, 1.42842009154e-06, 1.35237291943e-06, 1.3329324247e-05, 2.16033299694e-06, 2.15121781366e-06, 3.3500682548e-06, 7.44775263684e-07, 1.19050662306e-06, 2.27489954341e-06, 4.74679336548e-06, 1.22810865832e-06, 1.48580363657e-06, 4.21393770011e-06, 4.95307949677e-06, 1.01167358935e-06, 9.36763697723e-08, 8.60640341216e-08, 2.13473128063e-09, 1.67734437451e-11, 1.00278431392e-11, 6.6810658568e-12],
        "var": [2.97782685266e-06, 0.000380912591936, 9.7076248494e-05, 5.72585086047e-05, 8.44234727992e-06, 1.25353717522e-05, 2.51732672041e-06, 1.94465201275e-06, 6.51311756883e-06, 1.5000872736e-05, 5.50425602341e-06, 3.00468013847e-06, 1.76317769274e-07, 2.50046667816e-07, 1.65035245914e-07, 1.00947040949e-07, 1.88763536357e-07, 2.0695902947e-07, 2.07065184554e-07, 3.5481397731e-07, 3.57574862164e-07, 4.32372530668e-07, 3.14391542133e-07, 2.39277341052e-07, 1.2911246472e-07, 3.85279408377e-09, 3.53566798777e-14]
    },
    "erbbands": {
        "dmean": [0.17190335691, 1.3464897871, 3.81002950668, 5.72471952438, 7.36161088943, 2.12298250198, 4.58911561966, 8.30993270874, 6.29630470276, 8.46579647064, 13.8534078598, 19.9642715454, 32.8944091797, 31.1839389801, 31.3860454559, 18.6739902496, 9.31200408936, 8.9894952774, 9.48018264771, 9.86116504669, 9.20825004578, 10.8672800064, 10.010058403, 8.09712696075, 10.2048397064, 9.98773193359, 12.1546583176, 6.87987661362, 5.70555639267, 5.09413099289, 3.60568523407, 2.15762829781, 1.54416227341, 0.892394542694, 0.159070059657, 0.0469600148499, 0.0142747871578, 0.000828726624604, 2.46997242357e-05, 1.41873615576e-05],
        "dmean2": [0.238459527493, 2.11430907249, 5.82523679733, 9.75128078461, 12.4579362869, 3.57062339783, 7.31288051605, 12.292468071, 9.23763751984, 13.3617334366, 22.4574375153, 31.7566928864, 47.9205665588, 47.4110908508, 47.4972038269, 29.3457870483, 15.2639169693, 15.1891231537, 15.6274251938, 16.6012039185, 15.1986131668, 16.9194431305, 16.0804958344, 12.2478399277, 15.2411756516, 15.3846855164, 18.4317646027, 10.228676796, 8.23086357117, 7.24877929688, 5.2476401329, 3.10913109779, 2.23670005798, 1.34128284454, 0.223358303308, 0.0739724934101, 0.0226286873221, 0.00139923673123, 3.72325521312e-05, 2.03765284823e-05],
        "dvar": [0.331837296486, 10.87778759, 65.0110015869, 231.107192993, 647.65045166, 36.7952079773, 241.082015991, 305.679382324, 213.085449219, 299.95880127, 767.152832031, 1593.19921875, 3272.17675781, 2737.61303711, 3693.4296875, 1051.3770752, 224.7706604, 183.426040649, 246.307983398, 136.924072266, 159.498321533, 214.823074341, 267.110443115, 161.861846924, 265.947418213, 234.776748657, 432.285858154, 305.138244629, 288.245544434, 233.382492065, 118.944961548, 46.4420013428, 37.2861976624, 17.3683795929, 0.354755103588, 0.0539178289473, 0.00685695605353, 2.14069295907e-05, 8.90378526464e-09, 5.02431540816e-10],
        "dvar2": [0.532097995281, 28.2095069885, 184.534851074, 626.62701416, 1675.1940918, 93.4809265137, 569.988647461, 609.84362793, 403.471191406, 706.360473633, 1833.81396484, 3781.26733398, 7132.58251953, 5963.38427734, 7904.10839844, 2230.22875977, 557.499084473, 504.054260254, 613.79309082, 366.833587646, 407.575439453, 491.670898438, 571.615539551, 360.082763672, 538.716918945, 511.461303711, 1011.4296875, 704.107543945, 573.91204834, 462.573242188, 247.891220093, 96.8307495117, 82.0459213257, 38.5977363586, 0.680163085461, 0.142605766654, 0.0139066828415, 5.25720715814e-05, 2.01987973014e-08, 1.04702013726e-09],
        "max": [6.76883602142, 31.0121974945, 70.035949707, 125.956474304, 239.490997314, 90.4187545776, 265.577758789, 293.626647949, 346.933135986, 363.523834229, 484.013305664, 864.774597168, 718.363830566, 732.688171387, 841.974365234, 589.141906738, 194.027542114, 207.033477783, 264.619903564, 130.604324341, 219.840438843, 267.098052979, 248.886550903, 158.18711853, 216.462631226, 249.871887207, 308.106292725, 282.553344727, 184.248703003, 185.249557495, 163.293640137, 101.79624176, 162.237319946, 92.3375091553, 17.111076355, 6.06386804581, 1.45875716209, 0.0962390974164, 0.00175061926711, 0.000328800175339],
        "mean": [0.241636246443, 2.23796606064, 7.51196098328, 6.90974140167, 6.48788452148, 2.55466127396, 7.14279556274, 18.3695793152, 13.1063995361, 14.3485975266, 22.7071762085, 36.4677696228, 61.0654602051, 56.4530029297, 51.0301208496, 28.5604038239, 15.3317623138, 15.2426176071, 17.793428421, 20.1690540314, 20.126411438, 21.0335254669, 20.8579998016, 15.3079471588, 20.2462081909, 22.6076488495, 24.9146823883, 10.7001647949, 8.01382350922, 6.59829902649, 5.20514249802, 3.21017575264, 2.28063845634, 1.37659263611, 0.247254744172, 0.0672331899405, 0.0224985219538, 0.00115927669685, 4.99321067764e-05, 4.25894359068e-05],
        "median": [0.0324886702001, 0.853979468346, 1.95922613144, 2.61926651001, 1.07830810547, 0.92438107729, 2.38242936134, 6.97514724731, 6.26126432419, 6.8598074913, 12.8157939911, 21.805109024, 20.4626312256, 17.433631897, 17.5696601868, 13.5950269699, 9.38271713257, 9.0248708725, 11.2342853546, 16.5729808807, 14.4412956238, 14.9223794937, 11.4839506149, 9.10684680939, 11.9944915771, 14.6396360397, 14.8856172562, 3.56745123863, 0.491706877947, 0.234508946538, 0.0841186121106, 0.0513119362295, 0.0225686244667, 0.00790063571185, 0.0033463886939, 0.0014521991834, 0.000507543096319, 4.43440185336e-05, 1.54574972839e-05, 3.01209074678e-05],
        "min": [1.12595216706e-05, 8.96922283573e-05, 0.000767805497162, 0.0024445396848, 0.00733260763809, 0.0371454656124, 0.0262230616063, 0.0281655583531, 0.109169222414, 0.166103497148, 0.189383879304, 0.666304707527, 0.408668339252, 0.219892591238, 0.641787409782, 0.455304980278, 0.176563322544, 0.213982209563, 0.164043977857, 0.563935160637, 0.755184292793, 0.251301944256, 0.136474698782, 0.268854439259, 0.287556260824, 0.173050582409, 0.0594570077956, 0.0242989175022, 0.00497889379039, 0.00357035081834, 0.00269335997291, 0.000446963851573, 6.29983260296e-05, 2.3117308956e-05, 1.15079665193e-05, 4.10674510931e-06, 1.65136486885e-06, 4.53775072629e-07, 1.12188138246e-06, 8.8012075139e-07],
        "var": [0.637385845184, 14.6437473297, 127.25138855, 184.140396118, 509.346374512, 37.8029136658, 456.391052246, 1084.60400391, 519.958984375, 497.332305908, 1106.11035156, 3336.53442383, 8737.88769531, 7181.62744141, 8641.97167969, 2054.74853516, 352.568145752, 325.930053711, 513.051391602, 253.766113281, 351.900482178, 424.843933105, 859.924987793, 323.029724121, 670.616760254, 703.342041016, 969.237915039, 501.124023438, 503.5753479, 382.453979492, 261.659362793, 105.22580719, 87.6758041382, 42.0826416016, 1.06926870346, 0.108182474971, 0.0164666753262, 4.36717637058e-05, 2.36535449005e-08, 1.35332167694e-09]
    },
    "gfcc": {
        "mean": [-20.7995891571, 122.304840088, -155.781311035, 36.2562065125, -52.4314880371, 2.63138842583, -16.0925140381, 12.2077741623, -17.0978488922, -1.276881814, -11.0289783478, -9.12190818787, -0.502958714962],
        "cov": [[3105.37329102, -1344.91638184, 1129.8572998, 967.900634766, -458.310699463, 1154.6628418, -118.435554504, 112.932144165, -138.373504639, -118.238220215, -177.016906738, 64.1087112427, -146.76423645], [-1344.91638184, 1521.44763184, -358.717498779, -366.466827393, 611.733032227, -490.905151367, 317.954223633, -37.807056427, 204.370605469, -6.47430849075, 165.58581543, -120.195953369, 63.0584831238], [1129.8572998, -358.717498779, 1148.83886719, 421.653198242, -45.3325653076, 673.67199707, -45.6648292542, 174.822647095, -7.05220842361, -43.0458908081, -90.0718841553, 62.29870224, -89.6181182861], [967.900634766, -366.466827393, 421.653198242, 918.961669922, 85.1924362183, 286.877288818, 139.414871216, -12.8700094223, -58.9410133362, 49.0997772217, -68.5652618408, -140.509124756, -91.3751907349], [-458.310699463, 611.733032227, -45.3325653076, 85.1924362183, 516.337280273, -172.446884155, 254.015472412, 30.0820465088, 62.3645133972, 89.5357437134, 36.3129463196, -105.662490845, -34.5919075012], [1154.6628418, -490.905151367, 673.67199707, 286.877288818, -172.446884155, 721.90222168, -42.990196228, 107.159736633, 0.626628041267, -106.531555176, -44.478931427, 76.4691390991, -44.2205467224], [-118.435554504, 317.954223633, -45.6648292542, 139.414871216, 254.015472412, -42.990196228, 281.337921143, 28.0038757324, 32.4935684204, 54.7104072571, 28.1807918549, -60.8699760437, 0.761531114578], [112.932144165, -37.807056427, 174.822647095, -12.8700094223, 30.0820465088, 107.159736633, 28.0038757324, 136.48928833, 33.5913162231, 16.1837978363, -10.8277397156, 22.2914218903, -16.1689853668], [-138.373504639, 204.370605469, -7.05220842361, -58.9410133362, 62.3645133972, 0.626628041267, 32.4935684204, 33.5913162231, 151.511169434, 1.85710418224, 54.7319259644, 11.7650222778, 15.9862117767], [-118.238220215, -6.47430849075, -43.0458908081, 49.0997772217, 89.5357437134, -106.531555176, 54.7104072571, 16.1837978363, 1.85710418224, 172.501876831, 17.8847160339, -7.37827062607, -6.17487764359], [-177.016906738, 165.58581543, -90.0718841553, -68.5652618408, 36.3129463196, -44.478931427, 28.1807918549, -10.8277397156, 54.7319259644, 17.8847160339, 121.337760925, 40.4432296753, 42.7776641846], [64.1087112427, -120.195953369, 62.29870224, -140.509124756, -105.662490845, 76.4691390991, -60.8699760437, 22.2914218903, 11.7650222778, -7.37827062607, 40.4432296753, 142.362121582, 51.2340774536], [-146.76423645, 63.0584831238, -89.6181182861, -91.3751907349, -34.5919075012, -44.2205467224, 0.761531114578, -16.1689853668, 15.9862117767, -6.17487764359, 42.7776641846, 51.2340774536, 114.759628296]],
        "icov": [[0.00146011530887, -0.000153285072884, 0.000269698241027, -0.00124901381787, 0.000833118450828, -0.00177560013253, 0.000155612797244, -0.000320785678923, 0.000502531824168, -0.000226212738198, 0.000731835898478, -0.000988869345747, 0.000774859916419], [-0.000153285072884, 0.00591452280059, -0.0028831246309, 0.00361879146658, -0.00420469045639, 0.00335379643366, -0.00382940424606, 0.00380321522243, -0.00371425040066, 0.00415147282183, -0.00463656615466, 0.00535441515967, -0.00215124990791], [0.000269698241027, -0.0028831246309, 0.00432220194489, -0.00287511944771, 0.00087075214833, -0.0038664767053, 0.00339800911024, -0.00375488377176, 0.00193319527898, -0.00210202741437, 0.00345867546275, -0.00430743116885, 0.00148756499402], [-0.00124901381787, 0.00361879146658, -0.00287511944771, 0.00560747925192, -0.00257259118371, 0.00257773837075, -0.00375571660697, 0.00432790070772, -0.00213095592335, 0.00129730359185, -0.00359085970558, 0.00675250217319, -0.00182312703691], [0.000833118450828, -0.00420469045639, 0.00087075214833, -0.00257259118371, 0.00842589698732, -0.00164107233286, -0.00124463823158, -0.00270848046057, 0.0019191930769, -0.00360512826592, 0.00228945189156, -0.00192462070845, 0.00308608240448], [-0.00177560013253, 0.00335379643366, -0.0038664767053, 0.00257773837075, -0.00164107233286, 0.00842925067991, -0.0034889713861, 0.00141174381133, -0.00299474946223, 0.00473389495164, -0.00382498838007, 0.00237204437144, -0.00106642721221], [0.000155612797244, -0.00382940424606, 0.00339800911024, -0.00375571660697, -0.00124463823158, -0.0034889713861, 0.0108014186844, -0.00478834705427, 0.00272663217038, -0.00304075982422, 0.00245453557, -0.00304314121604, -0.00059933878947], [-0.000320785678923, 0.00380321522243, -0.00375488377176, 0.00432790070772, -0.00270848046057, 0.00141174381133, -0.00478834705427, 0.0149030443281, -0.00494900997728, 0.000410868698964, -0.000901374150999, 0.00294984946959, -0.000396644027205], [0.000502531824168, -0.00371425040066, 0.00193319527898, -0.00213095592335, 0.0019191930769, -0.00299474946223, 0.00272663217038, -0.00494900997728, 0.0116047048941, -0.00202023610473, -0.00119902205188, -0.00242405710742, 0.00100958370604], [-0.000226212738198, 0.00415147282183, -0.00210202741437, 0.00129730359185, -0.00360512826592, 0.00473389495164, -0.00304075982422, 0.000410868698964, -0.00202023610473, 0.0111297108233, -0.00427285581827, 0.00136113003828, -0.000498177600093], [0.000731835898478, -0.00463656615466, 0.00345867546275, -0.00359085970558, 0.00228945189156, -0.00382498838007, 0.00245453557, -0.000901374150999, -0.00119902205188, -0.00427285581827, 0.017797568813, -0.0095180477947, -4.9407237384e-05], [-0.000988869345747, 0.00535441515967, -0.00430743116885, 0.00675250217319, -0.00192462070845, 0.00237204437144, -0.00304314121604, 0.00294984946959, -0.00242405710742, 0.00136113003828, -0.0095180477947, 0.021608857438, -0.00711267627776], [0.000774859916419, -0.00215124990791, 0.00148756499402, -0.00182312703691, 0.00308608240448, -0.00106642721221, -0.00059933878947, -0.000396644027205, 0.00100958370604, -0.000498177600093, -4.9407237384e-05, -0.00711267627776, 0.0140907429159]]
    },
    "melbands": {
        "dmean": [0.00151365343481, 0.0018543942133, 0.00113562820479, 0.000303090346279, 0.000135738868266, 0.000172472646227, 9.50118192122e-05, 9.13102339837e-05, 0.000127430306748, 0.000128903877339, 0.000179924900294, 0.000143557204865, 0.000113664260425, 6.83032849338e-05, 3.83396509278e-05, 1.89409511222e-05, 1.86265497177e-05, 1.61824900715e-05, 1.98041943804e-05, 1.42486642289e-05, 1.16021892609e-05, 1.41376940519e-05, 8.64420326252e-06, 7.61080627854e-06, 6.90229035172e-06, 8.6625223048e-06, 7.09422874934e-06, 7.73786632635e-06, 9.40743484534e-06, 4.56603402199e-06, 4.01474289902e-06, 3.23420431414e-06, 3.41267946169e-06, 2.71863495982e-06, 2.28348699238e-06, 1.63994548075e-06, 1.3501551166e-06, 1.15921716315e-06, 1.00186093732e-06, 7.31833836198e-07],
        "dmean2": [0.00215863692574, 0.00284195807762, 0.00193903560285, 0.000509242527187, 0.000213570368942, 0.000258737971308, 0.00014144150191, 0.000146600723383, 0.000205629650736, 0.000203140298254, 0.000260320608504, 0.000214060390135, 0.000175171997398, 0.000101980338513, 6.19066340732e-05, 3.18741040246e-05, 3.17639423884e-05, 2.69333413598e-05, 3.28882342728e-05, 2.41576435656e-05, 1.89002221305e-05, 2.23411898332e-05, 1.38088189487e-05, 1.20523454825e-05, 1.07007945189e-05, 1.33371913762e-05, 1.1014237316e-05, 1.22020555864e-05, 1.44101632031e-05, 7.02210581949e-06, 5.99376789978e-06, 4.69962515126e-06, 5.07210506839e-06, 3.94458265873e-06, 3.38685049428e-06, 2.41340308094e-06, 2.00392400984e-06, 1.6948628172e-06, 1.45635158333e-06, 1.0968043398e-06],
        "dvar": [1.96166238311e-05, 1.45075364344e-05, 1.02879894257e-05, 1.05032540887e-06, 1.75457898877e-07, 1.17884759732e-07, 4.27809645487e-08, 3.39471810662e-08, 5.53160575123e-08, 7.29584712644e-08, 1.00099299516e-07, 5.92013513767e-08, 3.93606924831e-08, 2.25954952526e-08, 5.60630164514e-09, 1.00698138716e-09, 9.3206053986e-10, 1.06988373716e-09, 7.29488691675e-10, 3.12377512746e-10, 3.07575409586e-10, 3.72001318638e-10, 2.34443908731e-10, 1.20353921274e-10, 1.22295853999e-10, 2.1062888933e-10, 1.23283605546e-10, 1.57278592927e-10, 2.31477878532e-10, 1.08792572173e-10, 1.20279119997e-10, 9.56915380268e-11, 1.11872816566e-10, 7.02487096271e-11, 4.98644875391e-11, 2.93022203723e-11, 2.17752569448e-11, 2.12361309093e-11, 1.85721819868e-11, 1.27618861659e-11],
        "dvar2": [3.69493100152e-05, 4.07995794376e-05, 2.72574852715e-05, 2.73670411843e-06, 4.12588036625e-07, 2.39095527377e-07, 7.8417748739e-08, 7.65832268712e-08, 1.3233483287e-07, 1.70041289493e-07, 2.14168139223e-07, 1.25043911225e-07, 8.86576643211e-08, 4.58938167469e-08, 1.29570967289e-08, 2.75784883819e-09, 2.61615262787e-09, 2.8132947083e-09, 1.93167259965e-09, 8.72018179887e-10, 7.83438092178e-10, 8.62181326333e-10, 5.46743761376e-10, 2.5716437313e-10, 2.81697165594e-10, 4.47145959148e-10, 2.62535326812e-10, 3.53835738487e-10, 5.52646817198e-10, 2.55465898436e-10, 2.79961415162e-10, 2.00846866916e-10, 2.30813035351e-10, 1.44271011804e-10, 1.05441579079e-10, 6.55161064289e-11, 4.9450468026e-11, 4.76266213967e-11, 3.81172142461e-11, 2.99691174654e-11],
        "max": [0.0444480888546, 0.0342377834022, 0.0260665435344, 0.0123916463926, 0.00733533827588, 0.00565999466926, 0.00450723897666, 0.00336843985133, 0.0035491627641, 0.00657555554062, 0.00358966900967, 0.00333343632519, 0.00244116224349, 0.0025439329911, 0.0011291464325, 0.000331760180416, 0.000467996229418, 0.00049033848336, 0.00036836831714, 0.000178137022885, 0.000307919312036, 0.000379066739697, 0.000200972077437, 0.000157804024639, 0.000134559668368, 0.000153827655595, 0.000155574496603, 0.000230175966863, 0.000215072752326, 0.00016797130229, 0.000166603451362, 0.00011627683125, 0.000126142127556, 0.000125541657326, 0.000102239646367, 8.65841284394e-05, 6.52928792988e-05, 9.9630196928e-05, 0.000132779314299, 7.6017997344e-05],
        "mean": [0.00235009868629, 0.00367037230171, 0.00129721395206, 0.000291828007903, 0.000214623578358, 0.000401573139243, 0.000198106485186, 0.000155294925207, 0.000202971888939, 0.00023355911253, 0.000325505883666, 0.000251096498687, 0.000175493667484, 0.000106198465801, 5.51650482521e-05, 2.79475316347e-05, 2.90198131552e-05, 2.67219456873e-05, 3.33533935191e-05, 2.48993455898e-05, 2.31118901866e-05, 2.50162775046e-05, 1.64617085829e-05, 1.56415317178e-05, 1.16146375149e-05, 1.48971230374e-05, 1.30537182486e-05, 1.60953131854e-05, 1.94427084352e-05, 7.66575703892e-06, 5.62129253012e-06, 4.43725048171e-06, 4.39782752437e-06, 3.42864314007e-06, 3.21649258694e-06, 2.28245153266e-06, 1.85575345313e-06, 1.62751393873e-06, 1.47922980887e-06, 1.05542881101e-06],
        "median": [0.000578217732254, 0.00140085618477, 0.000473564345157, 6.28383713774e-05, 7.46410369175e-05, 0.000168306811247, 9.12235263968e-05, 7.2669768997e-05, 0.000109344699013, 0.000127050618175, 9.59590543061e-05, 5.99636878178e-05, 5.90793206356e-05, 2.78207207884e-05, 2.51890160143e-05, 1.3598141777e-05, 1.45471967699e-05, 1.37459082907e-05, 2.2810543669e-05, 1.78833124664e-05, 1.4724837456e-05, 1.75773930096e-05, 8.92012576514e-06, 8.91484523891e-06, 6.19658840151e-06, 7.85981592344e-06, 7.70419228502e-06, 9.47433545662e-06, 1.12954003271e-05, 3.72597537535e-06, 1.08693654965e-06, 1.81233687613e-07, 1.07150732731e-07, 1.12939005703e-07, 4.64682479162e-08, 3.71978607916e-08, 2.57095322809e-08, 1.77018026903e-08, 9.07416097817e-09, 5.74772807127e-09],
        "min": [1.58136586492e-07, 1.11063357622e-07, 5.32650915375e-07, 6.39125914859e-07, 5.13439147198e-07, 3.36411090984e-07, 4.35582336422e-07, 5.19364107276e-07, 8.35976834423e-07, 3.56718419425e-06, 3.86487670312e-07, 2.91149319764e-07, 1.27055716348e-06, 4.24029423129e-07, 3.13526896889e-07, 1.03611540681e-07, 1.54048905188e-07, 2.05191795999e-07, 1.75773223532e-07, 4.30127016671e-07, 3.21632256828e-07, 7.29219706841e-08, 1.76525858819e-07, 1.03740688928e-07, 1.70803701849e-07, 1.53329366981e-07, 1.20100466461e-07, 6.40201278657e-08, 3.31898348804e-08, 1.27901378377e-08, 4.68635974471e-09, 2.50819964798e-09, 1.17302645375e-09, 1.23592880374e-09, 1.39712041936e-09, 7.9392004082e-10, 1.5581024318e-11, 2.09839211979e-11, 8.65572099672e-13, 1.71887298232e-13],
