{
"highlevel": {
    "danceability": {
        "all": {
            "danceable": 0.00943656358868,
            "not_danceable": 0.990563452244
        },
        "probability": 0.990563452244,
        "value": "not_danceable"
    },
    "gender": {
        "all": {
            "female": 0.597891151905,
            "male": 0.402108877897
        },
        "probability": 0.597891151905,
        "value": "female"
    },
    "genre_dortmund": {
        "all": {
            "alternative": 0.219216749072,
            "blues": 0.0464289337397,
            "electronic": 0.0213251914829,
            "folkcountry": 0.521148085594,
            "funksoulrnb": 0.00910917017609,
            "jazz": 0.0338998585939,
            "pop": 0.0881537422538,
            "raphiphop": 0.00126939127222,
            "rock": 0.0594488568604
        },
        "probability": 0.521148085594,
        "value": "folkcountry"
    },
    "genre_electronic": {
        "all": {
            "ambient": 0.761952161789,
            "dnb": 0.0517980083823,
            "house": 0.16100230813,
            "techno": 0.0152131933719,
            "trance": 0.0100343013182
        },
        "probability": 0.761952161789,
        "value": "ambient"
    },
    "genre_rosamerica": {
        "all": {
            "cla": 0.48446983099,
            "dan": 0.019906334579,
            "hip": 0.0115720015019,
            "jaz": 0.0773488357663,
            "pop": 0.161757528782,
            "rhy": 0.0874960944057,
            "roc": 0.124970026314,
            "spe": 0.0324793569744
        },
        "probability": 0.48446983099,
        "value": "cla"
    },
    "genre_tzanetakis": {
        "all": {
            "blu": 0.074203774333,
            "cla": 0.0412293151021,
            "cou": 0.123696826398,
            "dis": 0.074232339859,
            "hip": 0.185588359833,
            "jaz": 0.185592979193,
            "met": 0.0742268338799,
            "pop": 0.0927806124091,
            "reg": 0.0742239430547,
            "roc": 0.0742250308394
        },
        "probability": 0.185592979193,
        "value": "jaz"
    },
    "ismir04_rhythm": {
        "all": {
            "ChaChaCha": 0.0368930958211,
            "Jive": 0.00771935936064,
            "Quickstep": 0.0405668653548,
            "Rumba-American": 0.0357798561454,
            "Rumba-International": 0.107556499541,
            "Rumba-Misc": 0.0170023869723,
            "Samba": 0.0118642691523,
            "Tango": 0.105254516006,
            "VienneseWaltz": 0.14697650075,
            "Waltz": 0.490386635065
        },
        "probability": 0.490386635065,
        "value": "Waltz"
    },
    "mood_acoustic": {
        "all": {
            "acoustic": 0.531143069267,
            "not_acoustic": 0.468856930733
        },
        "probability": 0.531143069267,
        "value": "acoustic"
    },
    "mood_aggressive": {
        "all": {
            "aggressive": 0.025137886405,
            "not_aggressive": 0.974862098694
        },
        "probability": 0.974862098694,
        "value": "not_aggressive"
    },
    "mood_electronic": {
        "all": {
            "electronic": 0.156778737903,
            "not_electronic": 0.843221247196
        },
        "probability": 0.843221247196,
        "value": "not_electronic"
    },
    "mood_happy": {
        "all": {
            "happy": 0.0660964101553,
            "not_happy": 0.933903574944
        },
        "probability": 0.933903574944,
        "value": "not_happy"
    },
    "mood_party": {
        "all": {
            "not_party": 0.987691998482,
            "party": 0.0123079773039
        },
        "probability": 0.987691998482,
        "value": "not_party"
    },
    "mood_relaxed": {
        "all": {
            "not_relaxed": 0.00671486137435,
            "relaxed": 0.993285119534
        },
        "probability": 0.993285119534,
        "value": "relaxed"
    },
    "mood_sad": {
        "all": {
            "not_sad": 0.310348689556,
            "sad": 0.689651310444
        },
        "probability": 0.689651310444,
        "value": "sad"
    },
    "moods_mirex": {
        "all": {
            "Cluster1": 0.0933762490749,
            "Cluster2": 0.0567399486899,
            "Cluster3": 0.769759774208,
            "Cluster4": 0.0633237138391,
            "Cluster5": 0.0168003290892
        },
        "probability": 0.769759774208,
        "value": "Cluster3"
    },
    "timbre": {
        "all": {
            "bright": 0.99999922514,
            "dark": 7.72406338001e-07
        },
        "probability": 0.99999922514,
        "value": "bright"
    },
    "tonal_atonal": {
        "all": {
            "atonal": 0.0204014442861,
            "tonal": 0.979598581791
        },
        "probability": 0.979598581791,
        "value": "tonal"
    },
    "voice_instrumental": {
        "all": {
            "instrumental": 0.309351980686,
            "voice": 0.690648019314
        },
        "probability": 0.690648019314,
        "value": "voice"
    }
},
"lowlevel": {
    "average_loudness": 0.968376517296,
    "barkbands_crest": {
        "dmean": 2.47249126434,
        "dmean2": 4.05063533783,
        "dvar": 4.37254238129,
        "dvar2": 12.4557342529,
        "max": 24.1713428497,
        "mean": 11.7093763351,
        "median": 11.2185058594,
        "min": 3.52652812004,
        "var": 13.4864168167
    },
    "barkbands_flatness_db": {
        "dmean": 0.0263811200857,
        "dmean2": 0.0383439064026,
        "dvar": 0.000657058903016,
        "dvar2": 0.00123709451873,
        "max": 0.415438294411,
        "mean": 0.237030550838,
        "median": 0.238374993205,
        "min": 0.0760676190257,
        "var": 0.00340541359037
    },
    "barkbands_kurtosis": {
        "dmean": 4.87167406082,
        "dmean2": 7.81405830383,
        "dvar": 45.2296485901,
        "dvar2": 109.054389954,
        "max": 106.729621887,
        "mean": 11.0226583481,
        "median": 7.45520496368,
        "min": -1.85063457489,
        "var": 135.592407227
    },
    "barkbands_skewness": {
        "dmean": 0.581275045872,
        "dmean2": 0.931027829647,
        "dvar": 0.327177762985,
        "dvar2": 0.78085309267,
        "max": 8.84535312653,
        "mean": 2.50107884407,
        "median": 2.37895202637,
        "min": -0.410463273525,
        "var": 1.37279856205
    },
    "barkbands_spread": {
        "dmean": 3.13779568672,
        "dmean2": 4.7938284874,
        "dvar": 27.9672374725,
        "dvar2": 45.0154876709,
        "max": 93.469871521,
        "mean": 10.0196962357,
        "median": 7.01060914993,
        "min": 0.795157253742,
        "var": 138.557052612
    },
    "dissonance": {
        "dmean": 0.0233401097357,
        "dmean2": 0.0380712151527,
        "dvar": 0.00046437306446,
        "dvar2": 0.00116787990555,
        "max": 0.499528169632,
        "mean": 0.439842283726,
        "median": 0.445872664452,
        "min": 0.241966992617,
        "var": 0.00136255158577
    },
    "dynamic_complexity": 2.07399559021,
    "erbbands_crest": {
        "dmean": 2.37932324409,
        "dmean2": 3.87958168983,
        "dvar": 4.56662273407,
        "dvar2": 12.7475976944,
        "max": 22.7726573944,
        "mean": 9.92315864563,
        "median": 9.39898967743,
        "min": 3.36334657669,
        "var": 11.0559301376
    },
    "erbbands_flatness_db": {
        "dmean": 0.0228623636067,
        "dmean2": 0.0293393749744,
        "dvar": 0.000569939787965,
        "dvar2": 0.000960213772487,
        "max": 0.367413580418,
        "mean": 0.226144865155,
        "median": 0.22592061758,
        "min": 0.0766807347536,
        "var": 0.00319839455187
    },
    "erbbands_kurtosis": {
        "dmean": 1.39277470112,
        "dmean2": 2.12558150291,
        "dvar": 3.2035241127,
        "dvar2": 6.64625740051,
        "max": 29.4204711914,
        "mean": 1.80222058296,
        "median": 0.846964120865,
        "min": -1.76462388039,
        "var": 12.7363080978
    },
    "erbbands_skewness": {
        "dmean": 0.382132411003,
        "dmean2": 0.594138860703,
        "dvar": 0.125693902373,
        "dvar2": 0.273378968239,
        "max": 4.55894613266,
        "mean": 1.08187901974,
        "median": 1.05125999451,
        "min": -2.1038711071,
        "var": 0.696613848209
    },
    "erbbands_spread": {
        "dmean": 7.19573450089,
        "dmean2": 10.3443193436,
        "dvar": 73.0265045166,
        "dvar2": 136.475982666,
        "max": 138.358291626,
        "mean": 30.9827041626,
        "median": 28.0860023499,
        "min": 3.99739456177,
        "var": 317.619049072
    },
    "hfc": {
        "dmean": 4.11415100098,
        "dmean2": 5.93636226654,
        "dvar": 52.6296310425,
        "dvar2": 88.4393615723,
        "max": 202.23197937,
        "mean": 14.2210597992,
        "median": 11.1585693359,
        "min": 0.441006422043,
        "var": 215.692047119
    },
    "melbands_crest": {
        "dmean": 2.88578724861,
        "dmean2": 4.82827043533,
        "dvar": 6.13582277298,
        "dvar2": 17.6460914612,
        "max": 29.84948349,
        "mean": 14.3619976044,
        "median": 13.6421966553,
        "min": 6.13393115997,
        "var": 18.6418418884
    },
    "melbands_flatness_db": {
        "dmean": 0.0306382421404,
        "dmean2": 0.0436003766954,
        "dvar": 0.000947586260736,
        "dvar2": 0.00170743162744,
        "max": 0.537957549095,
        "mean": 0.303355097771,
        "median": 0.303022891283,
        "min": 0.058875169605,
        "var": 0.00544189568609
    },
    "melbands_kurtosis": {
        "dmean": 7.78143358231,
        "dmean2": 12.3483600616,
        "dvar": 120.892448425,
        "dvar2": 305.408874512,
        "max": 169.705612183,
        "mean": 19.0913658142,
        "median": 13.7058086395,
        "min": -0.690247774124,
        "var": 321.213378906
    },
    "melbands_skewness": {
        "dmean": 0.686435163021,
        "dmean2": 1.07265102863,
        "dvar": 0.4350464046,
        "dvar2": 1.05706858635,
        "max": 10.2111282349,
        "mean": 3.07523751259,
        "median": 2.92320370674,
        "min": -0.303193628788,
        "var": 1.74251079559
    },
    "melbands_spread": {
        "dmean": 3.27526164055,
        "dmean2": 5.13359069824,
        "dvar": 37.5948448181,
        "dvar2": 70.7147827148,
        "max": 119.684448242,
        "mean": 10.0813245773,
        "median": 7.47292661667,
        "min": 1.09930706024,
        "var": 122.020095825
    },
    "pitch_salience": {
        "dmean": 0.0645739659667,
        "dmean2": 0.106195606291,
        "dvar": 0.00303403451107,
        "dvar2": 0.00859495811164,
        "max": 0.785128951073,
        "mean": 0.55450117588,
        "median": 0.559329152107,
        "min": 0.190636336803,
        "var": 0.00880220066756
    },
    "silence_rate_20dB": {
        "dmean": 0,
        "dmean2": 0,
        "dvar": 0,
        "dvar2": 0,
        "max": 1,
        "mean": 1,
        "median": 1,
        "min": 1,
        "var": 0
    },
    "silence_rate_30dB": {
        "dmean": 0.0030959751457,
        "dmean2": 0.00619674660265,
        "dvar": 0.00308636436239,
        "dvar2": 0.0092566749081,
        "max": 1,
        "mean": 0.998453199863,
        "median": 1,
        "min": 0,
        "var": 0.0015443933662
    },
    "silence_rate_60dB": {
        "dmean": 0.0108359130099,
        "dmean2": 0.0216886140406,
        "dvar": 0.0107184043154,
        "dvar2": 0.0274144951254,
        "max": 1,
        "mean": 0.0201082751155,
        "median": 0,
        "min": 0,
        "var": 0.0197039470077
    },
    "spectral_centroid": {
        "dmean": 142.083526611,
        "dmean2": 224.001083374,
        "dvar": 42791.5742188,
        "dvar2": 81642.296875,
        "max": 3721.23193359,
        "mean": 670.216308594,
        "median": 557.44354248,
        "min": 185.416854858,
        "var": 198403.171875
    },
    "spectral_complexity": {
        "dmean": 2.46981430054,
        "dmean2": 3.86289691925,
        "dvar": 10.2660713196,
        "dvar2": 20.7549705505,
        "max": 47,
        "mean": 13.1740140915,
        "median": 12,
        "min": 4,
        "var": 34.3525428772
    },
    "spectral_decrease": {
        "dmean": 2.39593123119e-09,
        "dmean2": 3.81441145336e-09,
        "dvar": 1.06353762914e-17,
        "dvar2": 2.75476852754e-17,
        "max": -1.88229931641e-10,
        "mean": -7.60518492626e-09,
        "median": -6.68118049774e-09,
        "min": -4.33398632538e-08,
        "var": 2.33400821971e-17
    },
    "spectral_energy": {
        "dmean": 0.00928638782352,
        "dmean2": 0.0147659527138,
        "dvar": 0.000158497612574,
        "dvar2": 0.000409219181165,
        "max": 0.166961476207,
        "mean": 0.0299936253577,
        "median": 0.0264405272901,
        "min": 0.000759830581956,
        "var": 0.000356006668881
    },
    "spectral_energyband_high": {
        "dmean": 0.000214408632019,
        "dmean2": 0.000290443305857,
        "dvar": 7.89411728874e-07,
        "dvar2": 1.18293269225e-06,
        "max": 0.0256450250745,
        "mean": 0.000370809721062,
        "median": 4.26815349783e-05,
        "min": 1.9432843601e-07,
        "var": 2.7305857202e-06
    },
    "spectral_energyband_low": {
        "dmean": 0.00258530396968,
        "dmean2": 0.0041095954366,
        "dvar": 2.3673477699e-05,
        "dvar2": 6.12419898971e-05,
        "max": 0.0665668621659,
        "mean": 0.0054853730835,
        "median": 0.00249609537423,
        "min": 3.79511902793e-06,
        "var": 6.38260607957e-05
    },
    "spectral_energyband_middle_high": {
        "dmean": 0.000735439360142,
        "dmean2": 0.00106626900379,
        "dvar": 1.35337700158e-06,
        "dvar2": 2.86347926703e-06,
        "max": 0.0251239389181,
        "mean": 0.00210940395482,
        "median": 0.00144886248745,
        "min": 1.14136000775e-05,
        "var": 5.44650129086e-06
    },
    "spectral_energyband_middle_low": {
        "dmean": 0.00826956517994,
        "dmean2": 0.0134234968573,
        "dvar": 0.000136387243401,
        "dvar2": 0.000362042686902,
        "max": 0.16119492054,
        "mean": 0.0235928948969,
        "median": 0.020078452304,
        "min": 0.000628135865554,
        "var": 0.000271524128038
    },
    "spectral_entropy": {
        "dmean": 0.23272152245,
        "dmean2": 0.3184261024,
        "dvar": 0.0673849955201,
        "dvar2": 0.114302866161,
        "max": 8.47835159302,
        "mean": 6.66942739487,
        "median": 6.6200928688,
        "min": 5.10137319565,
        "var": 0.339726775885
    },
    "spectral_flux": {
        "dmean": 0.0209546741098,
        "dmean2": 0.0315749570727,
        "dvar": 0.000539254397154,
        "dvar2": 0.00114019971807,
        "max": 0.315775752068,
        "mean": 0.0715957358479,
        "median": 0.0604875199497,
        "min": 0.010888104327,
        "var": 0.00166641897522
    },
    "spectral_kurtosis": {
        "dmean": 5.47442245483,
        "dmean2": 8.58500957489,
        "dvar": 49.313331604,
        "dvar2": 113.276176453,
        "max": 70.9329223633,
        "mean": 12.2321844101,
        "median": 8.95052814484,
        "min": -1.01471841335,
        "var": 111.246604919
    },
    "spectral_rms": {
        "dmean": 0.000783397990745,
        "dmean2": 0.00122589012608,
        "dvar": 7.31383636321e-07,
        "dvar2": 1.79109565579e-06,
        "max": 0.0127628073096,
        "mean": 0.00514922011644,
        "median": 0.00507894065231,
        "min": 0.000860986707266,
        "var": 2.74758804153e-06
    },
    "spectral_rolloff": {
        "dmean": 238.214126587,
        "dmean2": 401.29019165,
        "dvar": 549822.0625,
        "dvar2": 1125104.875,
        "max": 10249.8046875,
        "mean": 771.930419922,
        "median": 516.796875,
        "min": 129.19921875,
        "var": 1384807.5
    },
    "spectral_skewness": {
        "dmean": 0.479272037745,
        "dmean2": 0.722326397896,
        "dvar": 0.247245147824,
        "dvar2": 0.538348913193,
        "max": 6.45981311798,
        "mean": 2.40537047386,
        "median": 2.2813501358,
        "min": 0.337115049362,
        "var": 0.854717433453
    },
    "spectral_spread": {
        "dmean": 559470.8125,
        "dmean2": 746629.625,
        "dvar": 490687496192,
        "dvar2": 867650371584,
        "max": 14813834,
        "mean": 3200719.75,
        "median": 2952362,
        "min": 937385.25,
        "var": 2.59778674688e+12
    },
    "spectral_strongpeak": {
        "dmean": 0.355991333723,
        "dmean2": 0.606945931911,
        "dvar": 0.299918830395,
        "dvar2": 0.773267328739,
        "max": 9.33627033234,
        "mean": 0.861279129982,
        "median": 0.752092063427,
        "min": 0.0822335854173,
        "var": 0.377370685339
    },
    "zerocrossingrate": {
        "dmean": 0.00673314137384,
        "dmean2": 0.00764797441661,
        "dvar": 0.00011088829342,
        "dvar2": 8.44109308673e-05,
        "max": 0.279296875,
        "mean": 0.0339040160179,
        "median": 0.02734375,
        "min": 0.0048828125,
        "var": 0.000892303185537
    },
    "barkbands": {
        "dmean": [2.3081256586e-05, 0.000309174560243, 0.00156478025019, 0.00270882039331, 0.00464732339606, 0.00290121999569, 0.000731139793061, 0.000845875649247, 0.000621838844381, 0.000189600177691, 0.000241000190726, 5.36658844794e-05, 5.67478382436e-05, 7.60831972002e-05, 8.05603631306e-05, 0.000116932584206, 0.00025434239069, 7.62120762374e-05, 6.79761069478e-05, 6.11572686466e-05, 5.13116974616e-05, 3.27355155605e-05, 2.98152481264e-05, 5.39544234925e-05, 3.2189036574e-05, 1.25925807879e-05, 1.23506083138e-09],
        "dmean2": [3.56272867066e-05, 0.000465139542939, 0.00251261191443, 0.00441227341071, 0.00773662282154, 0.00475896615535, 0.00111513084266, 0.00129382277373, 0.000904051586986, 0.000281030923361, 0.000361912127119, 8.42267545522e-05, 9.22399558476e-05, 0.000119824217109, 0.000124170008348, 0.000174436558154, 0.000398629665142, 0.000114181042591, 0.000100571698567, 9.86982704489e-05, 7.26203943486e-05, 4.70794875582e-05, 4.13998859585e-05, 7.81482085586e-05, 4.33169989265e-05, 1.76276789716e-05, 2.038746727e-09],
        "dvar": [3.59841045849e-09, 6.3645256887e-07, 1.21875491459e-05, 2.81337997876e-05, 5.27928823431e-05, 2.23083643505e-05, 2.18322634282e-06, 1.93912478608e-06, 1.03134232177e-06, 4.31850423865e-07, 2.07606902336e-07, 1.74416960874e-08, 3.5766415607e-08, 3.1583432758e-08, 3.95682846488e-08, 5.49834275887e-08, 2.38365217342e-07, 2.99137639104e-08, 4.12115426229e-08, 1.01238640582e-07, 4.52569501874e-08, 1.35573126059e-08, 1.03320649814e-08, 1.48832484115e-07, 2.69051589896e-08, 4.83752504721e-09, 8.18528237171e-17],
        "dvar2": [7.86421328058e-09, 1.31946524107e-06, 3.17536942021e-05, 7.75104781496e-05, 0.000147143058712, 6.52738817735e-05, 4.07004472436e-06, 4.83506028104e-06, 2.12818235923e-06, 8.88311490144e-07, 5.19853074366e-07, 3.42143735566e-08, 8.26017014788e-08, 7.66072858482e-08, 8.32598132661e-08, 1.0226803937e-07, 5.42209875221e-07, 7.28224591739e-08, 8.24048171921e-08, 2.78114953289e-07, 8.30192732337e-08, 3.02048022149e-08, 1.52417065635e-08, 2.57950745208e-07, 4.37913385554e-08, 9.94392923559e-09, 8.65873143758e-17],
        "max": [0.00109623023309, 0.0126459412277, 0.0545720458031, 0.0874789357185, 0.0832090675831, 0.0640244036913, 0.0330577604473, 0.0237609222531, 0.0185405630618, 0.0232909917831, 0.00816223584116, 0.00396127207205, 0.00594963226467, 0.00335641368292, 0.00493973121047, 0.00559953134507, 0.00808957591653, 0.00268015195616, 0.00541053339839, 0.00772928167135, 0.00582566065714, 0.00273251812905, 0.00249934289604, 0.0109319314361, 0.00452940538526, 0.00193844514433, 3.2152837548e-07],
        "mean": [3.03846682073e-05, 0.00045159982983, 0.00349336327054, 0.00398471346125, 0.00903209857643, 0.00578933069482, 0.001591941691, 0.00177285051905, 0.0012984451605, 0.000314999604598, 0.000477978552226, 8.5110150394e-05, 7.97988686827e-05, 0.000108596686914, 0.000123489138787, 0.000198244524654, 0.000516388448887, 0.000136335685966, 0.000106282364868, 8.85648551048e-05, 8.09760094853e-05, 4.46436788479e-05, 4.38588613179e-05, 8.02089562058e-05, 4.90380261908e-05, 1.43717652463e-05, 1.06498898589e-09],
        "median": [4.40406620328e-06, 4.83731346321e-05, 0.00102471478749, 0.00201621116139, 0.00608880491927, 0.00385524472222, 0.0008463205304, 0.00109684024937, 0.000751442683395, 9.84348807833e-05, 0.000197879431653, 3.97430194425e-05, 2.7736166885e-05, 3.37037272402e-05, 5.0766437198e-05, 7.58064197726e-05, 0.000185394455912, 4.83239782625e-05, 2.0983745344e-05, 1.2030203834e-05, 1.00140205177e-05, 5.84417557548e-06, 4.05485525334e-06, 1.77504182375e-06, 3.10081145471e-06, 3.29704619162e-07, 3.14706621873e-10],
        "min": [1.07602016186e-08, 9.94990188019e-08, 6.62365664539e-07, 2.22594280785e-06, 0.000106742409116, 3.94508824684e-05, 8.54018617247e-06, 8.98964935914e-06, 3.05677440338e-06, 2.05920443364e-07, 1.96402334041e-06, 3.5277108168e-07, 1.48360783214e-07, 2.96092650842e-07, 1.00120878699e-07, 1.15034367809e-07, 1.00198356279e-07, 6.60133778752e-08, 1.85896496419e-07, 6.88544901095e-08, 3.86648721928e-08, 1.23488614889e-08, 1.2755975165e-09, 3.4631131296e-10, 1.59079652229e-10, 2.3589982398e-11, 2.76037265962e-11],
        "var": [6.71944233588e-09, 1.28493718421e-06, 3.94247072109e-05, 3.62123573723e-05, 9.20113670873e-05, 4.12471599702e-05, 6.31898046777e-06, 4.35536912846e-06, 2.73279715657e-06, 1.15416662538e-06, 5.5720556702e-07, 4.44170247249e-08, 8.32850872712e-08, 6.28874445852e-08, 7.11075287541e-08, 1.25289673747e-07, 6.72584008043e-07, 5.48206422479e-08, 1.18092550849e-07, 1.39023242696e-07, 1.36705835985e-07, 2.91258075436e-08, 3.56911407096e-08, 2.93765992865e-07, 6.74306477322e-08, 7.66226015969e-09, 8.16017710925e-17]
    },
    "erbbands": {
        "dmean": [0.00202391576022, 0.114987403154, 1.42526447773, 5.01661014557, 16.9639816284, 13.464099884, 13.5707931519, 28.6961193085, 9.54615211487, 23.0283222198, 9.06338882446, 16.2185573578, 7.0671620369, 5.62580823898, 8.91129493713, 2.11699962616, 2.4312441349, 3.36142063141, 3.90580964088, 5.31471586227, 5.23552179337, 12.3463058472, 6.09987449646, 3.62334322929, 3.01484203339, 3.14627599716, 2.64038038254, 1.70367729664, 1.21383190155, 1.01413440704, 0.819651246071, 1.07706773281, 0.863760650158, 0.470725893974, 0.207612007856, 0.084474593401, 0.0171641390771, 0.00125080638099, 2.84168399958e-05, 1.13801270345e-05],
        "dmean2": [0.00304874801077, 0.172338917851, 2.21009016037, 8.1118106842, 28.6701965332, 22.2628669739, 21.89128685, 47.429271698, 13.8981208801, 37.3804931641, 13.9013843536, 23.3666343689, 10.3151483536, 8.15147781372, 13.5025691986, 3.29404354095, 4.02374696732, 5.30661439896, 6.21775007248, 7.72280216217, 8.03017520905, 19.3973903656, 9.01355552673, 5.27431583405, 4.51209449768, 5.09389877319, 3.76873993874, 2.47809076309, 1.73559057713, 1.47689676285, 1.08711361885, 1.52209019661, 1.22581660748, 0.627887606621, 0.275289267302, 0.120073087513, 0.025591192767, 0.00187311880291, 4.01273973694e-05, 1.7582120563e-05],
        "dvar": [1.85388125828e-05, 0.0813979804516, 10.3772096634, 76.5841293335, 1060.26135254, 441.245605469, 672.845947266, 2165.6796875, 411.849945068, 1348.4822998, 378.604888916, 531.330993652, 726.501159668, 108.100402832, 237.172027588, 26.4273815155, 47.758644104, 65.5700836182, 74.5100784302, 163.385131836, 150.965957642, 540.475280762, 163.699127197, 70.1124649048, 132.358184814, 362.763671875, 114.243247986, 52.9379425049, 19.9408912659, 11.2569990158, 10.2922391891, 55.8766098022, 31.8842163086, 6.18125104904, 1.45862102509, 0.277309298515, 0.00688506802544, 3.75952404283e-05, 1.28331167915e-08, 2.49693044019e-10],
        "dvar2": [3.96006034862e-05, 0.170184850693, 25.290391922, 208.012496948, 2961.23828125, 1193.51147461, 1719.84143066, 6619.94189453, 763.262451172, 3452.8449707, 980.148925781, 1093.60375977, 1264.75305176, 225.856887817, 570.328430176, 53.6633300781, 108.9401474, 143.947952271, 155.075500488, 331.674835205, 253.297546387, 1264.77746582, 378.953857422, 138.375915527, 301.520568848, 1046.06225586, 234.290863037, 105.184585571, 40.57056427, 24.5453224182, 15.7705421448, 90.5794830322, 56.0023536682, 11.6095581055, 2.93594694138, 0.584172785282, 0.0140885207802, 6.76120544085e-05, 2.1767123215e-08, 6.03072813909e-10],
        "max": [0.0587637238204, 4.67882537842, 57.1551513672, 119.272880554, 464.131469727, 234.613128662, 371.711669922, 465.267211914, 381.957977295, 539.780212402, 334.166381836, 335.143676758, 1011.79034424, 263.548370361, 244.778625488, 132.138565063, 203.177703857, 184.187927246, 164.320205688, 252.578384399, 344.889801025, 293.703643799, 213.099151611, 174.906997681, 314.199432373, 446.431365967, 249.590332031, 183.783630371, 97.2744369507, 80.263999939, 103.036010742, 240.4765625, 136.630737305, 76.5197753906, 29.751996994, 15.6394386292, 2.01611924171, 0.213451102376, 0.00333080533892, 0.000262059998931],
        "mean": [0.00332745932974, 0.197734758258, 3.12536430359, 9.11518192291, 27.1029186249, 26.9717235565, 28.9291229248, 55.9767913818, 23.5806217194, 43.8308525085, 23.6197967529, 35.5056724548, 13.5822381973, 11.6017618179, 17.9802246094, 3.98305392265, 3.7432308197, 5.26254606247, 6.1314740181, 9.50158309937, 10.1255054474, 25.3151321411, 13.0525369644, 6.56299781799, 4.66620159149, 4.27466917038, 4.13148498535, 2.59770035744, 1.68272995949, 1.3345400095, 1.18410122395, 1.59733486176, 1.29120349884, 0.685453295708, 0.283298462629, 0.0948604643345, 0.0203623045236, 0.00154903240036, 4.79972986795e-05, 3.65642590623e-05],
        "median": [0.00104544276837, 0.0439201667905, 0.996893107891, 5.37483024597, 15.5008649826, 17.4413852692, 20.2956523895, 35.0851516724, 13.0166606903, 26.7905807495, 17.0266551971, 20.7471046448, 6.35070610046, 4.9950466156, 8.45906639099, 2.16847109795, 1.4678851366, 1.73422968388, 2.70951223373, 3.55179071426, 4.55322885513, 9.46275615692, 5.99404764175, 2.62705636024, 0.86017626524, 0.574139297009, 0.497979223728, 0.305433869362, 0.193602710962, 0.18500316143, 0.0873296260834, 0.0391844213009, 0.0346637517214, 0.0411598235369, 0.0151805290952, 0.00269826920703, 0.000390275905374, 2.92888180411e-05, 1.50822752403e-05, 3.09147435473e-05],
        "min": [1.63563890965e-05, 0.000446345453383, 0.00679143471643, 0.0148803200573, 0.0460965335369, 0.560440182686, 1.03008890152, 0.243152752519, 0.331772536039, 0.272700250149, 0.373183339834, 0.0841638073325, 0.0730742514133, 0.0723554641008, 0.0797105580568, 0.0371290668845, 0.0136603545398, 0.0132118538022, 0.00961665157229, 0.00715201999992, 0.00739790918306, 0.00471057742834, 0.0054560340941, 0.00556078273803, 0.00560730136931, 0.00415417226031, 0.00253160530701, 0.00122026563622, 0.000508810044266, 0.000130954562337, 4.31131848018e-05, 2.84474299406e-05, 1.83355659829e-05, 1.35272666739e-05, 1.032784985e-05, 6.22869811195e-06, 1.68903682152e-06, 2.0714792015e-07, 5.27370104919e-07, 1.031313559e-06],
        "var": [3.79200537282e-05, 0.203311949968, 34.9737167358, 119.20324707, 1315.80102539, 838.101623535, 1053.4005127, 3993.56176758, 1136.21484375, 2888.32080078, 795.656494141, 1686.58947754, 2355.82348633, 366.2315979, 634.348266602, 66.6217193604, 125.66166687, 173.738311768, 146.204315186, 358.059417725, 346.426452637, 1616.59448242, 414.949859619, 176.737762451, 317.885986328, 375.791473389, 313.534454346, 141.341110229, 46.6855049133, 21.2796382904, 33.0315933228, 123.345077515, 64.1613464355, 13.8208456039, 2.64630246162, 0.400476247072, 0.0123840132728, 9.28665540414e-05, 3.41609336374e-08, 6.81850853557e-10]
    },
    "gfcc": {
        "mean": [-55.5756416321, 143.684677124, -115.812454224, 18.7114181519, -68.6047973633, -21.6142063141, -54.3870162964, 0.872604966164, -27.8816375732, -19.3353214264, -21.3786888123, -8.88630867004, -6.70529699326],
        "cov": [[4100.40722656, -1876.89111328, -75.2632598877, 731.690368652, -342.713653564, 548.57598877, -269.989593506, 181.776916504, -120.181770325, 280.255340576, -283.969421387, 97.397644043, -187.263717651], [-1876.89111328, 1908.17700195, -391.103515625, -495.595306396, 550.947631836, -554.567016602, 233.374343872, -164.681518555, 329.656555176, -352.092010498, 142.474136353, -49.0033340454, 143.92930603], [-75.2632598877, -391.103515625, 793.065856934, 246.745193481, -112.378372192, 252.76499939, 43.7093200684, 81.9129867554, -140.390533447, 155.375946045, -11.6235723495, -5.26047754288, -78.4815292358], [731.690368652, -495.595306396, 246.745193481, 524.486755371, -74.4277801514, 242.457229614, 6.47682380676, 46.6385192871, -35.8872261047, 112.078170776, -2.94781351089, -23.6134471893, -22.3388442993], [-342.713653564, 550.947631836, -112.378372192, -74.4277801514, 371.103759766, -147.701751709, 73.460319519, -17.3659534454, 125.554496765, -78.9257049561, 1.59661352634, 6.3497877121, 1.39082312584], [548.57598877, -554.567016602, 252.76499939, 242.457229614, -147.701751709, 426.709503174, 15.5939979553, -17.1046867371, -97.3232650757, 133.854049683, -46.2958145142, -21.7405776978, -50.5953025818], [-269.989593506, 233.374343872, 43.7093200684, 6.47682380676, 73.460319519, 15.5939979553, 192.110397339, -8.30464172363, 6.8804602623, -9.21178436279, 32.4628486633, -39.9970054626, -16.9123420715], [181.776916504, -164.681518555, 81.9129867554, 46.6385192871, -17.3659534454, -17.1046867371, -8.30464172363, 172.892562866, -24.5256576538, 49.9179916382, 6.42762088776, -5.30173444748, -28.4253177643], [-120.181770325, 329.656555176, -140.390533447, -35.8872261047, 125.554496765, -97.3232650757, 6.8804602623, -24.5256576538, 195.090103149, -72.2789306641, -18.1090526581, 19.7707576752, 19.2461795807], [280.255340576, -352.092010498, 155.375946045, 112.078170776, -78.9257049561, 133.854049683, -9.21178436279, 49.9179916382, -72.2789306641, 188.877578735, 0.344950675964, -33.1651763916, -40.5992507935], [-283.969421387, 142.474136353, -11.6235723495, -2.94781351089, 1.59661352634, -46.2958145142, 32.4628486633, 6.42762088776, -18.1090526581, 0.344950675964, 121.628822327, -34.5526809692, 32.4653930664], [97.397644043, -49.0033340454, -5.26047754288, -23.6134471893, 6.3497877121, -21.7405776978, -39.9970054626, -5.30173444748, 19.7707576752, -33.1651763916, -34.5526809692, 143.292419434, -2.84752011299], [-187.263717651, 143.92930603, -78.4815292358, -22.3388442993, 1.39082312584, -50.5953025818, -16.9123420715, -28.4253177643, 19.2461795807, -40.5992507935, 32.4653930664, -2.84752011299, 89.7265548706]],
        "icov": [[0.00079492671648, 0.00033292567241, 0.000795861531515, -0.000920554040931, 1.41478549267e-05, -0.000312899035634, 0.000399306736654, -0.000514821964316, 7.9822166299e-05, -0.000115165290481, 0.00101887842175, -0.000279121450149, 0.000880707404576], [0.00033292567241, 0.00636281073093, -0.00133369292598, 0.00289755384438, -0.0044121099636, 0.00267724134028, -0.00434535928071, 0.00293436087668, -0.00511586479843, 0.00360470125452, -0.00361558631994, 0.00246136100031, -0.00415351754054], [0.000795861531515, -0.00133369292598, 0.00319059193134, -0.00226481910795, 0.00119062699378, -0.00157341780141, 0.00111833529081, -0.00188128894661, 0.00227757520042, -0.00157717999537, 0.00206219311804, -0.00142959854566, 0.0027426534798], [-0.000920554040931, 0.00289755384438, -0.00226481910795, 0.00575957074761, -0.00244670477696, 0.000185794575373, -0.00263493019156, 0.00144390156493, -0.00363461463712, 0.00160923716612, -0.00384032609873, 0.00180442514829, -0.0040581934154], [1.41478549267e-05, -0.0044121099636, 0.00119062699378, -0.00244670477696, 0.00732554728165, -0.000832073157653, 0.00162616162561, -0.00199099141173, 0.00164765247609, -0.00236126687378, 0.00316258589737, -0.00188021443319, 0.00400641560555], [-0.000312899035634, 0.00267724134028, -0.00157341780141, 0.000185794575373, -0.000832073157653, 0.00658906949684, -0.00315383123234, 0.00360781163909, -0.00149028911255, -0.000144441262819, -0.000210130019695, 0.00148010486737, -0.00162337045185], [0.000399306736654, -0.00434535928071, 0.00111833529081, -0.00263493019156, 0.00162616162561, -0.00315383123234, 0.0104719549417, -0.00218488229439, 0.00366840651259, -0.00146630441304, 0.00108629954048, -0.000328303285642, 0.00575014250353], [-0.000514821964316, 0.00293436087668, -0.00188128894661, 0.00144390156493, -0.00199099141173, 0.00360781163909, -0.00218488229439, 0.00932737346739, -0.0023238339927, 0.000188310514204, -0.00301352655515, 0.00151606777217, -0.000736986577976], [7.9822166299e-05, -0.00511586479843, 0.00227757520042, -0.00363461463712, 0.00164765247609, -0.00149028911255, 0.00366840651259, -0.0023238339927, 0.0122811198235, -0.00191859400366, 0.00515513215214, -0.00251409923658, 0.00310205924325], [-0.000115165290481, 0.00360470125452, -0.00157717999537, 0.00160923716612, -0.00236126687378, -0.000144441262819, -0.00146630441304, 0.000188310514204, -0.00191859400366, 0.0112806148827, -0.00355566595681, 0.0032098130323, -0.000358901772415], [0.00101887842175, -0.00361558631994, 0.00206219311804, -0.00384032609873, 0.00316258589737, -0.000210130019695, 0.00108629954048, -0.00301352655515, 0.00515513215214, -0.00355566595681, 0.0155174387619, -0.000268489093287, -0.000481391616631], [-0.000279121450149, 0.00246136100031, -0.00142959854566, 0.00180442514829, -0.00188021443319, 0.00148010486737, -0.000328303285642, 0.00151606777217, -0.00251409923658, 0.0032098130323, -0.000268489093287, 0.00951949693263, -0.00165892357472], [0.000880707404576, -0.00415351754054, 0.0027426534798, -0.0040581934154, 0.00400641560555, -0.00162337045185, 0.00575014250353, -0.000736986577976, 0.00310205924325, -0.000358901772415, -0.000481391616631, -0.00165892357472, 0.0202008504421]]
    },
    "melbands": {
        "dmean": [4.63594733446e-05, 0.000534482067451, 0.00124112283811, 0.00112934911158, 0.000503376475535, 0.000600623432547, 0.000139785071951, 0.000250234326813, 6.58329372527e-05, 0.000104181090137, 3.30609618686e-05, 2.27889431699e-05, 3.41595587088e-05, 1.02246376628e-05, 5.140965186e-06, 5.20014873473e-06, 6.9868783612e-06, 6.60857131152e-06, 5.85861425861e-06, 9.88693500403e-06, 5.9867006712e-06, 1.36535736601e-05, 1.17546715046e-05, 3.85879820897e-06, 3.03725778394e-06, 2.50450216299e-06, 1.62605999776e-06, 2.44943339567e-06, 1.93128403225e-06, 1.13880821573e-06, 1.019274805e-06, 7.22486959148e-07, 5.75465605834e-07, 6.09465985235e-07, 4.39683503828e-07, 6.11800430761e-07, 7.13737904334e-07, 6.75124056215e-07, 5.47301340248e-07, 3.76963100734e-07],
        "dmean2": [6.97901414242e-05, 0.000827746815048, 0.00204265397042, 0.00190977787133, 0.00079754384933, 0.00099286576733, 0.000203533403692, 0.000401181401685, 9.94204092422e-05, 0.000149866609718, 4.83502153656e-05, 3.33945681632e-05, 5.117773253e-05, 1.58125494636e-05, 8.57250961417e-06, 8.18692751636e-06, 1.11855870273e-05, 1.05578028524e-05, 8.57889153849e-06, 1.51956292029e-05, 9.32941566134e-06, 2.21877962758e-05, 1.76661105797e-05, 5.78996196055e-06, 4.47084812549e-06, 3.68927612726e-06, 2.52399968304e-06, 4.07675543102e-06, 2.88737942356e-06, 1.63665060882e-06, 1.55039401761e-06, 1.0578802403e-06, 8.14069153421e-07, 9.15401926704e-07, 6.41412555069e-07, 7.89155649272e-07, 1.01804516817e-06, 9.5303244052e-07, 7.73140925503e-07, 5.16681609497e-07],
        "dvar": [1.30651276464e-08, 1.4715267298e-06, 5.06852757098e-06, 3.35449226441e-06, 7.03943896951e-07, 9.2727162837e-07, 8.75459278404e-08, 1.55887136088e-07, 2.18828457577e-08, 2.40872921609e-08, 1.71457319453e-08, 1.89736515388e-09, 4.05634015266e-09, 4.85628093294e-10, 1.46444453786e-10, 3.60331042781e-10, 2.79468226339e-10, 2.23028123747e-10, 2.48234877098e-10, 3.69945241108e-10, 2.52908305409e-10, 7.78159148229e-10, 7.57306384269e-10, 6.54964554814e-11, 5.81497940078e-11, 9.59087809171e-11, 4.16303415351e-11, 2.67678490484e-10, 6.35069774546e-11, 1.80079406248e-11, 2.38941748332e-11, 7.5997862517e-12, 3.2147199399e-12, 4.2786182583e-12, 2.5473434126e-12, 1.28081538431e-11, 2.52174236354e-11, 2.13807149069e-11, 9.98857246914e-12, 3.77647305788e-12],
        "dvar2": [2.70632227739e-08, 3.54540497938e-06, 1.41277951116e-05, 9.49812601903e-06, 1.82339306321e-06, 2.79354344457e-06, 1.54911461436e-07, 3.97098375515e-07, 5.50326397786e-08, 4.85153961449e-08, 2.9221283171e-08, 4.22160617575e-09, 1.01342401138e-08, 1.02561770188e-09, 3.84410780985e-10, 7.76515018952e-10, 6.41316555416e-10, 4.49971615524e-10, 4.8868303848e-10, 7.60071727779e-10, 4.53736936912e-10, 1.9137653684e-09, 1.62509616874e-09, 1.5527412689e-10, 1.19944554289e-10, 2.12878492611e-10, 8.73352987152e-11, 7.9027323574e-10, 1.46277656654e-10, 3.2043569187e-11, 5.42220435218e-11, 1.65898683679e-11, 6.26903216838e-12, 9.76401771935e-12, 4.92911310726e-12, 1.94872867842e-11, 4.18902516841e-11, 3.87414718361e-11, 2.18790454504e-11, 7.24856286105e-12],
        "max": [0.00178603373934, 0.0213212948292, 0.0367657132447, 0.020583929494, 0.0115005150437, 0.00988752488047, 0.00541852321476, 0.00618154741824, 0.00270773051307, 0.00219283974729, 0.0048817070201, 0.00109081342816, 0.00109062029514, 0.000571151089389, 0.000203524352401, 0.00062417529989, 0.000388005806599, 0.000259018619545, 0.000407911196817, 0.000274029036518, 0.000448754610261, 0.000381568679586, 0.000559183536097, 0.000113829046313, 0.00016145396512, 0.00025347204064, 0.000132543573272, 0.000388704735087, 0.000150350431795, 0.000127276347484, 0.000125301507069, 6.08525915595e-05, 3.47910863638e-05, 4.79655100207e-05, 4.06553772336e-05, 0.000126333819935, 0.000157837435836, 0.000120042146591, 6.51013615425e-05, 6.13177180639e-05],
        "mean": [6.76798154018e-05, 0.00115291087423, 0.00216485396959, 0.00206017587334, 0.00111044198275, 0.00119721412193, 0.000337136298185, 0.000481220835354, 0.000169626262505, 0.000220189103857, 5.92606666032e-05, 4.36871378042e-05, 6.86492712703e-05, 1.68092865351e-05, 7.44288217902e-06, 7.72682506067e-06, 1.02886588138e-05, 9.65430263022e-06, 9.12041923584e-06, 1.64587981999e-05, 9.94043512037e-06, 2.62845715042e-05, 2.354731987e-05, 7.07428171154e-06, 5.00949272464e-06, 3.67510938304e-06, 2.55667600868e-06, 2.98772329188e-06, 2.86791305371e-06, 1.80712913789e-06, 1.41792884278e-06, 9.67262167251e-07, 7.65824722748e-07, 7.43021985272e-07, 5.84544579851e-07, 9.09935010895e-07, 1.0073164276e-06, 9.64645664681e-07, 7.25818210867e-07, 5.33472700681e-07],
        "median": [9.48014894675e-06, 0.00034403038444, 0.0014667607611, 0.0013888780959, 0.00083284341963, 0.000779831199907, 0.000175318215042, 0.000288145442028, 0.000115649003419, 0.000120514305308, 2.42174664891e-05, 1.58595976245e-05, 2.99097755487e-05, 7.61106684877e-06, 3.28751775669e-06, 2.3871675694e-06, 3.14851445182e-06, 4.07308561989e-06, 3.04838408738e-06, 5.64450738239e-06, 4.1032712943e-06, 8.63701006892e-06, 6.82121844875e-06, 2.35858465203e-06, 1.69203804035e-06, 6.16414922661e-07, 4.08980469047e-07, 3.54953499482e-07, 3.25206542584e-07, 2.32000999745e-07, 1.49211928147e-07, 9.25770535787e-08, 9.95516060698e-08, 9.82671721772e-08, 4.44029737423e-08, 2.20807123696e-08, 2.02523011694e-08, 1.876058775e-08, 2.97314386444e-08, 3.60954430789e-08],
