{
"highlevel": {
    "danceability": {
        "all": {
            "danceable": 0.971907675266,
            "not_danceable": 0.0280923545361
        },
        "probability": 0.971907675266,
        "value": "danceable"
    },
    "gender": {
        "all": {
            "female": 0.182814911008,
            "male": 0.817185103893
        },
        "probability": 0.817185103893,
        "value": "male"
    },
    "genre_dortmund": {
        "all": {
            "alternative": 0.0822368264198,
            "blues": 0.0408934168518,
            "electronic": 0.0029453181196,
            "folkcountry": 0.0608433112502,
            "funksoulrnb": 0.0238056667149,
            "jazz": 0.00882580317557,
            "pop": 0.0664499104023,
            "raphiphop": 0.00856623612344,
            "rock": 0.705433487892
        },
        "probability": 0.705433487892,
        "value": "rock"
    },
    "genre_electronic": {
        "all": {
            "ambient": 0.322820156813,
            "dnb": 0.184505701065,
            "house": 0.0569238178432,
            "techno": 0.0215082857758,
            "trance": 0.414242058992
        },
        "probability": 0.414242058992,
        "value": "trance"
    },
    "genre_rosamerica": {
        "all": {
            "cla": 0.000652254151646,
            "dan": 0.00959078874439,
            "hip": 0.00417427066714,
            "jaz": 0.00762321613729,
            "pop": 0.824390351772,
            "rhy": 0.0364944860339,
            "roc": 0.116678185761,
            "spe": 0.000396451097913
        },
        "probability": 0.824390351772,
        "value": "pop"
    },
    "genre_tzanetakis": {
        "all": {
            "blu": 0.0626613423228,
            "cla": 0.0348169617355,
            "cou": 0.104475811124,
            "dis": 0.0784321576357,
            "hip": 0.15692435205,
            "jaz": 0.313974827528,
            "met": 0.0448166541755,
            "pop": 0.0627359300852,
            "reg": 0.0627360641956,
            "roc": 0.0784258767962
        },
        "probability": 0.313974827528,
        "value": "jaz"
    },
    "ismir04_rhythm": {
        "all": {
            "ChaChaCha": 0.0388367921114,
            "Jive": 0.182678088546,
            "Quickstep": 0.391184538603,
            "Rumba-American": 0.0157589018345,
            "Rumba-International": 0.178226649761,
            "Rumba-Misc": 0.0103330919519,
            "Samba": 0.113010555506,
            "Tango": 0.00834974739701,
            "VienneseWaltz": 0.0521155707538,
            "Waltz": 0.00950606260449
        },
        "probability": 0.391184538603,
        "value": "Quickstep"
    },
    "mood_acoustic": {
        "all": {
            "acoustic": 0.0845944359899,
            "not_acoustic": 0.915405571461
        },
        "probability": 0.915405571461,
        "value": "not_acoustic"
    },
    "mood_aggressive": {
        "all": {
            "aggressive": 0.0758988335729,
            "not_aggressive": 0.924101173878
        },
        "probability": 0.924101173878,
        "value": "not_aggressive"
    },
    "mood_electronic": {
        "all": {
            "electronic": 0.21142488718,
            "not_electronic": 0.78857511282
        },
        "probability": 0.78857511282,
        "value": "not_electronic"
    },
    "mood_happy": {
        "all": {
            "happy": 0.402197778225,
            "not_happy": 0.597802221775
        },
        "probability": 0.597802221775,
        "value": "not_happy"
    },
    "mood_party": {
        "all": {
            "not_party": 0.84274071455,
            "party": 0.157259300351
        },
        "probability": 0.84274071455,
        "value": "not_party"
    },
    "mood_relaxed": {
        "all": {
            "not_relaxed": 0.291930913925,
            "relaxed": 0.708069086075
        },
        "probability": 0.708069086075,
        "value": "relaxed"
    },
    "mood_sad": {
        "all": {
            "not_sad": 0.814963102341,
            "sad": 0.18503691256
        },
        "probability": 0.814963102341,
        "value": "not_sad"
    },
    "moods_mirex": {
        "all": {
            "Cluster1": 0.261518865824,
            "Cluster2": 0.143618345261,
            "Cluster3": 0.327872157097,
            "Cluster4": 0.143169224262,
            "Cluster5": 0.123821415007
        },
        "probability": 0.327872157097,
        "value": "Cluster3"
    },
    "timbre": {
        "all": {
            "bright": 0.96933400631,
            "dark": 0.0306659825146
        },
        "probability": 0.96933400631,
        "value": "bright"
    },
    "tonal_atonal": {
        "all": {
            "atonal": 0.198381334543,
            "tonal": 0.801618635654
        },
        "probability": 0.801618635654,
        "value": "tonal"
    },
    "voice_instrumental": {
        "all": {
            "instrumental": 0.000277514627669,
            "voice": 0.999722480774
        },
        "probability": 0.999722480774,
        "value": "voice"
    }
},
"lowlevel": {
    "average_loudness": 0.978466331959,
    "barkbands_crest": {
        "dmean": 2.57960772514,
        "dmean2": 4.25096797943,
        "dvar": 7.26231718063,
        "dvar2": 19.468624115,
        "max": 23.1253871918,
        "mean": 9.56348419189,
        "median": 8.93871879578,
        "min": 2.60372781754,
        "var": 14.0080718994
    },
    "barkbands_flatness_db": {
        "dmean": 0.0180338863283,
        "dmean2": 0.0293400306255,
        "dvar": 0.000333078787662,
        "dvar2": 0.000891582632903,
        "max": 0.246022805572,
        "mean": 0.126938462257,
        "median": 0.125110715628,
        "min": 0.0366325452924,
        "var": 0.00101028301287
    },
    "barkbands_kurtosis": {
        "dmean": 1.7331353426,
        "dmean2": 2.84104299545,
        "dvar": 8.87923431396,
        "dvar2": 24.4704360962,
        "max": 45.2297401428,
        "mean": 1.99907910824,
        "median": 1.23763036728,
        "min": -1.87918794155,
        "var": 12.1257238388
    },
    "barkbands_skewness": {
        "dmean": 0.451605796814,
        "dmean2": 0.689956724644,
        "dvar": 0.270289063454,
        "dvar2": 0.645473837852,
        "max": 6.55440664291,
        "mean": 1.13921558857,
        "median": 1.04741024971,
        "min": -1.02749204636,
        "var": 0.760843038559
    },
    "barkbands_spread": {
        "dmean": 6.24363517761,
        "dmean2": 9.36810779572,
        "dvar": 73.3207168579,
        "dvar2": 128.693206787,
        "max": 104.705947876,
        "mean": 27.6397037506,
        "median": 22.5213279724,
        "min": 5.46257591248,
        "var": 300.974853516
    },
    "dissonance": {
        "dmean": 0.020475981757,
        "dmean2": 0.0338053964078,
        "dvar": 0.000422983895987,
        "dvar2": 0.0010858962778,
        "max": 0.499114006758,
        "mean": 0.456795990467,
        "median": 0.464876443148,
        "min": 0.292414456606,
        "var": 0.000956858100835
    },
    "dynamic_complexity": 1.70422542095,
    "erbbands_crest": {
        "dmean": 2.55444478989,
        "dmean2": 3.87081193924,
        "dvar": 6.14161872864,
        "dvar2": 13.7722101212,
        "max": 27.8460960388,
        "mean": 10.2858200073,
        "median": 9.33332443237,
        "min": 2.61921453476,
        "var": 25.1744251251
    },
    "erbbands_flatness_db": {
        "dmean": 0.0160772167146,
        "dmean2": 0.0226701870561,
        "dvar": 0.00023809997947,
        "dvar2": 0.000430318032159,
        "max": 0.240015372634,
        "mean": 0.143218770623,
        "median": 0.140107095242,
        "min": 0.0552226491272,
        "var": 0.00130812905263
    },
    "erbbands_kurtosis": {
        "dmean": 0.847985684872,
        "dmean2": 1.26774811745,
        "dvar": 1.17606902122,
        "dvar2": 2.34133267403,
        "max": 15.8936977386,
        "mean": 0.841802537441,
        "median": 0.0320634841919,
        "min": -1.71924459934,
        "var": 5.1329035759
    },
    "erbbands_skewness": {
        "dmean": 0.338367044926,
        "dmean2": 0.489720702171,
        "dvar": 0.100626952946,
        "dvar2": 0.187806814909,
        "max": 2.59544491768,
        "mean": 0.372851401567,
        "median": 0.368376970291,
        "min": -3.04429960251,
        "var": 0.595326125622
    },
    "erbbands_spread": {
        "dmean": 7.96972370148,
        "dmean2": 11.8689699173,
        "dvar": 92.0535736084,
        "dvar2": 187.619018555,
        "max": 120.527839661,
        "mean": 39.6222190857,
        "median": 38.4829483032,
        "min": 5.54325437546,
        "var": 414.367492676
    },
    "hfc": {
        "dmean": 8.39569568634,
        "dmean2": 12.1140499115,
        "dvar": 156.933227539,
        "dvar2": 302.829681396,
        "max": 167.257949829,
        "mean": 34.6929397583,
        "median": 31.481584549,
        "min": 1.75788128376,
        "var": 561.618591309
    },
    "melbands_crest": {
        "dmean": 3.00846004486,
        "dmean2": 4.75560331345,
        "dvar": 7.79920911789,
        "dvar2": 18.5075359344,
        "max": 32.2358627319,
        "mean": 12.6964921951,
        "median": 11.9774484634,
        "min": 4.87565565109,
        "var": 17.4615097046
    },
    "melbands_flatness_db": {
        "dmean": 0.0220392923802,
        "dmean2": 0.0348660349846,
        "dvar": 0.000592088850681,
        "dvar2": 0.00151620048564,
        "max": 0.329291969538,
        "mean": 0.172256484628,
        "median": 0.16889475286,
        "min": 0.0438743568957,
        "var": 0.00189458334353
    },
    "melbands_kurtosis": {
        "dmean": 5.10552453995,
        "dmean2": 8.33608055115,
        "dvar": 109.825248718,
        "dvar2": 293.555023193,
        "max": 198.11340332,
        "mean": 8.37370491028,
        "median": 5.08198070526,
        "min": -1.3935791254,
        "var": 130.610473633
    },
    "melbands_skewness": {
        "dmean": 0.659667491913,
        "dmean2": 1.00546145439,
        "dvar": 0.699376344681,
        "dvar2": 1.6901371479,
        "max": 12.2861061096,
        "mean": 2.12103414536,
        "median": 2.0058734417,
        "min": -0.579099833965,
        "var": 1.9297298193
    },
    "melbands_spread": {
        "dmean": 7.44215011597,
        "dmean2": 11.1882352829,
        "dvar": 99.4263458252,
        "dvar2": 187.800125122,
        "max": 180.809143066,
        "mean": 28.2808933258,
        "median": 24.8851490021,
        "min": 2.54596805573,
        "var": 340.069885254
    },
    "pitch_salience": {
        "dmean": 0.0620739012957,
        "dmean2": 0.100943095982,
        "dvar": 0.00374810234644,
        "dvar2": 0.00951820705086,
        "max": 0.803422808647,
        "mean": 0.528746247292,
        "median": 0.52624297142,
        "min": 0.189248755574,
        "var": 0.00955282524228
    },
    "silence_rate_20dB": {
        "dmean": 0,
        "dmean2": 0,
        "dvar": 0,
        "dvar2": 0,
        "max": 1,
        "mean": 1,
        "median": 1,
        "min": 1,
        "var": 0
    },
    "silence_rate_30dB": {
        "dmean": 0.0030959751457,
        "dmean2": 0.00619674660265,
        "dvar": 0.0030863462016,
        "dvar2": 0.00925650075078,
        "max": 1,
        "mean": 0.998453199863,
        "median": 1,
        "min": 0,
        "var": 0.00154439022299
    },
    "silence_rate_60dB": {
        "dmean": 0,
        "dmean2": 0,
        "dvar": 0,
        "dvar2": 0,
        "max": 0,
        "mean": 0,
        "median": 0,
        "min": 0,
        "var": 0
    },
    "spectral_centroid": {
        "dmean": 203.648925781,
        "dmean2": 312.795776367,
        "dvar": 58587.7265625,
        "dvar2": 118574.015625,
        "max": 4530.2265625,
        "mean": 1321.20080566,
        "median": 1249.05847168,
        "min": 402.322174072,
        "var": 226588.0625
    },
    "spectral_complexity": {
        "dmean": 3.53328180313,
        "dmean2": 5.67544555664,
        "dvar": 15.3759508133,
        "dvar2": 33.5111694336,
        "max": 54,
        "mean": 22.1198768616,
        "median": 22,
        "min": 4,
        "var": 48.3839492798
    },
    "spectral_decrease": {
        "dmean": 2.87217205575e-09,
        "dmean2": 4.64456384464e-09,
        "dvar": 2.11593793308e-17,
        "dvar2": 5.29997713345e-17,
        "max": -8.81056116953e-10,
        "mean": -8.7912308544e-09,
        "median": -8.12982658971e-09,
        "min": -3.54602853747e-08,
        "var": 2.55772996972e-17
    },
    "spectral_energy": {
        "dmean": 0.011179510504,
        "dmean2": 0.0180651657283,
        "dvar": 0.000314741278999,
        "dvar2": 0.000785700569395,
        "max": 0.136185124516,
        "mean": 0.0363269001245,
        "median": 0.033740028739,
        "min": 0.00382518023252,
        "var": 0.000390884408262
    },
    "spectral_energyband_high": {
        "dmean": 0.000694890273735,
        "dmean2": 0.000981675228104,
        "dvar": 1.85918167972e-06,
        "dvar2": 3.17591639032e-06,
        "max": 0.0172477085143,
        "mean": 0.00163267971948,
        "median": 0.000801767979283,
        "min": 2.10657381103e-05,
        "var": 6.43996327199e-06
    },
    "spectral_energyband_low": {
        "dmean": 0.00721809128299,
        "dmean2": 0.0121383424848,
        "dvar": 0.000264465343207,
        "dvar2": 0.000679089338519,
        "max": 0.120599299669,
        "mean": 0.0104366093874,
        "median": 0.00646286597475,
        "min": 8.13089864096e-05,
        "var": 0.000220560352318
    },
    "spectral_energyband_middle_high": {
        "dmean": 0.00231368583627,
        "dmean2": 0.00344400573522,
        "dvar": 1.0293341802e-05,
        "dvar2": 1.87608347915e-05,
        "max": 0.0565699450672,
        "mean": 0.00893260072917,
        "median": 0.0060901674442,
        "min": 0.000218360102735,
        "var": 7.27474398445e-05
    },
    "spectral_energyband_middle_low": {
        "dmean": 0.0058811805211,
        "dmean2": 0.00925347022712,
        "dvar": 9.6678682894e-05,
        "dvar2": 0.000248470285442,
        "max": 0.0991972982883,
        "mean": 0.0170216672122,
        "median": 0.0155227454379,
        "min": 0.00158901803661,
        "var": 0.000140482574352
    },
    "spectral_entropy": {
        "dmean": 0.147210076451,
        "dmean2": 0.210850134492,
        "dvar": 0.0240428373218,
        "dvar2": 0.0411558263004,
        "max": 8.69390583038,
        "mean": 7.67146015167,
        "median": 7.65761518478,
        "min": 6.70705032349,
        "var": 0.12849637866
    },
    "spectral_flux": {
        "dmean": 0.0336529575288,
        "dmean2": 0.0519628487527,
        "dvar": 0.00129798462149,
        "dvar2": 0.0024074499961,
        "max": 0.308885723352,
        "mean": 0.104696378112,
        "median": 0.092637732625,
        "min": 0.0194804351777,
        "var": 0.00287404074334
    },
    "spectral_kurtosis": {
        "dmean": 1.0113928318,
        "dmean2": 1.55542480946,
        "dvar": 1.08928501606,
        "dvar2": 2.27462792397,
        "max": 15.1172027588,
        "mean": 3.70823597908,
        "median": 3.50228071213,
        "min": -1.21639454365,
        "var": 4.57727193832
    },
    "spectral_rms": {
        "dmean": 0.000822326925118,
        "dmean2": 0.00128799770027,
        "dvar": 1.23353606796e-06,
        "dvar2": 2.92058166451e-06,
        "max": 0.0115266451612,
        "mean": 0.00576375285164,
        "median": 0.00573734287173,
        "min": 0.00193180830684,
        "var": 2.220059514e-06
    },
    "spectral_rolloff": {
        "dmean": 578.914001465,
        "dmean2": 956.352050781,
        "dvar": 1324019.875,
        "dvar2": 2312066.75,
        "max": 13135.2539062,
        "mean": 1911.57653809,
        "median": 1421.19140625,
        "min": 86.1328125,
        "var": 3980683.25
    },
    "spectral_skewness": {
        "dmean": 0.172612518072,
        "dmean2": 0.258649617434,
        "dvar": 0.0331233628094,
        "dvar2": 0.0604585371912,
        "max": 3.14277219772,
        "mean": 1.59725272655,
        "median": 1.60162627697,
        "min": -0.143734559417,
        "var": 0.183051913977
    },
    "spectral_spread": {
        "dmean": 622926.5,
        "dmean2": 832681.8125,
        "dvar": 534554607616,
        "dvar2": 794323320832,
        "max": 15207576,
        "mean": 5592318.5,
        "median": 5316815,
        "min": 2470634.75,
        "var": 3.11218955878e+12
    },
    "spectral_strongpeak": {
        "dmean": 0.815780699253,
        "dmean2": 1.35938644409,
        "dvar": 1.33844947815,
        "dvar2": 3.22901535034,
        "max": 10.4319429398,
        "mean": 1.76056599617,
        "median": 1.20941412449,
        "min": 0.0223740972579,
        "var": 2.90538883209
    },
    "zerocrossingrate": {
        "dmean": 0.0128166265786,
        "dmean2": 0.0139267947525,
        "dvar": 0.000285677990178,
        "dvar2": 0.000229452722124,
        "max": 0.3193359375,
        "mean": 0.0758746787906,
        "median": 0.0634765625,
        "min": 0.01708984375,
        "var": 0.00217784824781
    },
    "barkbands": {
        "dmean": [0.000198987414478, 0.00557245779783, 0.00222180807032, 0.00145540735684, 0.00248885061592, 0.00174162432086, 0.000891435367521, 0.000501468777657, 0.00148321781307, 0.00129477365408, 0.000436794653069, 0.000448247767054, 0.00034131121356, 0.00053315673722, 0.000407616782468, 0.000457680405816, 0.000409722269978, 0.000296040845569, 0.000122972589452, 9.41773905652e-05, 0.000111542147351, 0.000128134299302, 0.000162330354215, 0.000202980343602, 0.000154286273755, 7.12038236088e-05, 2.00419836283e-09],
        "dmean2": [0.000298553350149, 0.00968180783093, 0.00399098871276, 0.00257763918489, 0.00423933705315, 0.00259432592429, 0.00140683364589, 0.000753627566155, 0.00202305056155, 0.00186867755838, 0.00064282794483, 0.000682839541696, 0.000503670715261, 0.000799608242232, 0.000631078903098, 0.000730155967176, 0.000654618488625, 0.000445047393441, 0.00020420459623, 0.000161194126122, 0.000185174576472, 0.00021435409144, 0.000245865638135, 0.000285310234176, 0.000204237687285, 0.000103272548586, 3.08517411618e-09],
        "dvar": [1.20023941008e-07, 0.00020613752713, 2.55031100096e-05, 7.32775106371e-06, 4.37796516053e-05, 7.36158472137e-06, 3.54607163899e-06, 1.43869465319e-06, 7.44583121559e-06, 8.27735766507e-06, 2.38144093601e-06, 1.04666276002e-06, 6.76311856296e-07, 2.01855141313e-06, 1.08391873255e-06, 6.47624062822e-07, 4.94090727443e-07, 2.60150699205e-07, 3.86504588334e-08, 4.32333848721e-08, 6.31065191214e-08, 9.80346968049e-08, 1.21737372183e-07, 3.12025036919e-07, 1.51726041508e-07, 2.25514948937e-08, 6.32070914197e-16],
        "dvar2": [2.49806504371e-07, 0.000557108956855, 7.32329717721e-05, 2.05428623303e-05, 0.000116298971989, 1.59262108355e-05, 8.66613936523e-06, 2.78458355751e-06, 1.27941102619e-05, 1.67358248291e-05, 4.67836889584e-06, 2.47034654421e-06, 1.12464351787e-06, 4.12903682445e-06, 2.69667725661e-06, 1.48763058405e-06, 1.10105463591e-06, 5.08041011926e-07, 1.02989439199e-07, 1.19309262914e-07, 1.65031821098e-07, 2.6091692007e-07, 2.24587495268e-07, 4.64775183673e-07, 2.09324895195e-07, 4.30287343534e-08, 6.35881027212e-16],
        "max": [0.00303833768703, 0.0966644510627, 0.0427724681795, 0.0287253037095, 0.0587596930563, 0.0313362777233, 0.0306288059801, 0.0221795476973, 0.0364795736969, 0.0374986343086, 0.0347975157201, 0.0166427735239, 0.0338106378913, 0.0253439992666, 0.0221920143813, 0.0108453677967, 0.0124158728868, 0.00916479714215, 0.00240997131914, 0.00242987740785, 0.00298367720097, 0.00394223118201, 0.0066181300208, 0.0100292302668, 0.00930188503116, 0.00229936186224, 9.03742602532e-07],
        "mean": [0.000237774846028, 0.00575269199908, 0.00349546130747, 0.00199903943576, 0.00380557170138, 0.00351009052247, 0.00153621844947, 0.000940321129747, 0.00363193708472, 0.00316838757135, 0.000780898088124, 0.000869114708621, 0.000666168925818, 0.00110207160469, 0.000678965006955, 0.000740068673622, 0.000903488136828, 0.000578666629735, 0.000218732078793, 0.00014878193906, 0.000175683002453, 0.000211509570363, 0.000356365082553, 0.000405348924687, 0.000304901070194, 0.000108653963252, 1.78913150961e-09],
        "median": [8.10763740446e-05, 0.0025846073404, 0.00251647876576, 0.00133351411205, 0.0021206822712, 0.00153852440417, 0.000614444434177, 0.00028123363154, 0.000654585892335, 0.000634112744592, 0.000406370905694, 0.000352343602572, 0.000292828073725, 0.000267960916972, 0.000348131085047, 0.000348353380105, 0.00049935671268, 0.000311156909447, 0.000161931457114, 8.90782757779e-05, 8.86194684426e-05, 0.000107792700874, 0.000180090471986, 0.000120207747386, 0.000116390205221, 4.26080368925e-05, 5.06406139245e-10],
        "min": [3.28237597103e-08, 9.37653749133e-06, 3.68794053429e-06, 3.99180680688e-05, 9.36909054872e-05, 2.97985880024e-05, 1.14962776934e-05, 3.17605554301e-07, 1.23885934045e-06, 3.17211902257e-06, 1.22118408399e-05, 1.60848492214e-06, 1.52640996021e-06, 1.46616946495e-06, 1.30800117404e-05, 4.20258675149e-06, 7.5685320553e-06, 1.02522017187e-05, 7.45132456359e-06, 3.87966838389e-06, 3.83426595363e-06, 2.40074655267e-06, 2.0836589556e-06, 2.59562455085e-07, 3.82731979442e-09, 1.15252896116e-09, 2.25630313044e-11],
        "var": [1.69867092836e-07, 0.000146964230225, 1.9216842702e-05, 6.07020865573e-06, 3.81491663575e-05, 2.17033721128e-05, 6.62033426124e-06, 4.4787952902e-06, 4.06275430578e-05, 3.70900779672e-05, 3.18031993629e-06, 2.61890545517e-06, 4.26297583545e-06, 7.01824319549e-06, 1.66074187291e-06, 1.2158568552e-06, 1.45318858813e-06, 6.60774389871e-07, 4.57254429875e-08, 4.06825506616e-08, 7.48815622842e-08, 1.08817275191e-07, 3.96383939005e-07, 1.11790302526e-06, 5.32282683707e-07, 4.72344936497e-08, 6.32581304487e-16]
    },
    "erbbands": {
        "dmean": [0.148048773408, 1.31884670258, 2.54484248161, 3.60768151283, 8.71635437012, 7.66498756409, 8.52867698669, 16.0229187012, 15.3485002518, 7.55177497864, 14.8346796036, 34.0352783203, 48.8463020325, 22.8283042908, 12.5083007812, 19.1592140198, 14.9120092392, 22.1775188446, 21.3860759735, 25.0562801361, 19.068157196, 18.1506347656, 17.1964321136, 9.16641330719, 4.56789016724, 4.44294691086, 4.14586925507, 4.87086629868, 4.43596982956, 4.7735877037, 4.7423286438, 4.76032590866, 3.38563752174, 2.08222484589, 0.981831848621, 0.515458166599, 0.0849553570151, 0.00522285886109, 0.000113668364065, 1.84322761925e-05],
        "dmean2": [0.248848319054, 2.35839176178, 4.52509832382, 6.45269823074, 14.9630508423, 13.2607154846, 13.6812429428, 23.8490219116, 23.8023815155, 12.486954689, 21.6101856232, 45.4457244873, 66.8074569702, 30.324590683, 17.9603176117, 29.2183418274, 21.664773941, 34.0019226074, 31.4129486084, 39.532787323, 30.20911026, 28.11485672, 25.9866867065, 14.8806915283, 7.77447891235, 7.66025543213, 6.92610216141, 8.16694259644, 7.39168167114, 7.59648370743, 7.31361055374, 6.54322052002, 4.91177368164, 2.77506828308, 1.35775399208, 0.756855607033, 0.118128441274, 0.00772399501875, 0.000159386589075, 2.69950287475e-05],
        "dvar": [0.120511293411, 12.3263883591, 36.1901893616, 35.8150215149, 653.405578613, 337.427032471, 237.092910767, 817.165710449, 839.222412109, 665.504821777, 1172.23168945, 4636.8671875, 10266.2294922, 4397.98925781, 409.04586792, 2347.48266602, 1322.09057617, 2746.02099609, 2578.20947266, 3109.39111328, 897.000976562, 884.856323242, 914.995178223, 175.938400269, 91.302482605, 101.020378113, 92.8864135742, 138.458221436, 150.318756104, 85.5511550903, 116.059684753, 164.727401733, 104.316452026, 28.6245441437, 6.11205053329, 1.32732582092, 0.0324990078807, 8.62388405949e-05, 4.20837835691e-08, 6.86839418673e-10],
        "dvar2": [0.311395764351, 33.9679222107, 100.983192444, 101.502227783, 1762.3873291, 915.052307129, 560.928039551, 1707.83190918, 1844.10900879, 1929.15893555, 2237.80102539, 7545.03564453, 19674.1503906, 6015.53320312, 797.823181152, 5732.28515625, 2119.4206543, 6230.99511719, 5066.53515625, 7928.67480469, 2166.58935547, 1877.57861328, 1657.91882324, 412.002410889, 247.212402344, 279.808746338, 251.351593018, 369.860534668, 413.712005615, 203.96824646, 209.716522217, 267.385772705, 194.415390015, 42.6764411926, 8.93315315247, 2.72148275375, 0.0529741421342, 0.000165550591191, 7.29707920755e-08, 1.41937139819e-09],
        "max": [2.41027998924, 22.9755821228, 51.4672546387, 48.2518348694, 224.317764282, 199.761322021, 212.784896851, 337.485809326, 455.442596436, 603.169067383, 622.293762207, 1102.01782227, 1580.13586426, 1710.52209473, 352.996795654, 798.928955078, 1554.68786621, 826.852844238, 901.467041016, 931.691223145, 357.204864502, 455.060028076, 483.486633301, 241.418060303, 95.7731323242, 98.3949584961, 130.883224487, 136.336227417, 179.041488647, 169.385971069, 213.658935547, 254.342498779, 151.998825073, 135.874679565, 56.3790893555, 16.8855495453, 4.16495037079, 0.210907012224, 0.00415482325479, 0.000366668420611],
        "mean": [0.150488838553, 1.34402894974, 3.75175833702, 5.83408308029, 10.257973671, 12.7061653137, 16.7969474792, 32.1579284668, 29.0683937073, 14.589550972, 32.3633079529, 88.0841064453, 118.02583313, 49.8935203552, 27.2467288971, 40.5343513489, 34.0167808533, 49.7433929443, 40.7025718689, 46.9609031677, 42.9249038696, 43.6592979431, 34.2797393799, 18.3924751282, 8.21482753754, 7.03669261932, 6.49781179428, 7.3391866684, 7.27917432785, 8.83285617828, 10.260723114, 9.29813480377, 6.34763288498, 3.97734642029, 1.86107718945, 0.76558214426, 0.136749252677, 0.00750877195969, 0.000204959098483, 5.97484940954e-05],
        "median": [0.0573162138462, 0.61406570673, 2.40788340569, 4.67837953568, 5.13209724426, 7.24639320374, 8.2348651886, 12.4567995071, 10.1242637634, 9.26229286194, 7.81315374374, 18.607126236, 27.1435127258, 16.8872661591, 17.3187141418, 17.4238414764, 15.9135255814, 15.5134887695, 18.2784862518, 21.4752120972, 28.636510849, 24.5282077789, 17.3687171936, 13.9534912109, 5.54537200928, 4.15927124023, 3.52023696899, 3.66587924957, 3.60717630386, 4.64152908325, 4.9807677269, 3.32369637489, 1.7012014389, 1.41937685013, 0.700894117355, 0.282636493444, 0.0577909126878, 0.00324486778118, 0.000100186094642, 5.23297057953e-05],
        "min": [0.000233054932323, 0.00322929653339, 0.00793723016977, 0.0824133604765, 0.187357917428, 0.418559640646, 0.16693380475, 0.23487123847, 0.198815017939, 0.331981152296, 0.221053794026, 0.442201644182, 0.139946743846, 0.918163478374, 0.43617489934, 0.136040627956, 0.130661040545, 0.182830274105, 0.999824166298, 1.69028627872, 0.731325626373, 0.504331290722, 0.788759946823, 0.521003067493, 0.28145134449, 0.187252372503, 0.186162978411, 0.170379623771, 0.0920545011759, 0.0785709396005, 0.0396087318659, 0.00690368842334, 0.0043273512274, 0.000513551291078, 5.38807726116e-05, 1.62250689755e-05, 6.88458567311e-06, 1.08857659598e-06, 5.15971123605e-06, 5.51934772375e-06],
        "var": [0.0972275733948, 8.20845317841, 26.9090690613, 28.7814426422, 479.780273438, 362.599639893, 462.62600708, 2434.46533203, 2447.24853516, 507.459869385, 5070.22070312, 27583.5488281, 42388.8945312, 14029.375, 1081.73986816, 5751.49316406, 9245.99511719, 10631.53125, 5850.67431641, 5965.82275391, 2244.35522461, 3302.18212891, 2441.51757812, 343.377075195, 90.1356582642, 93.3201904297, 95.4046707153, 147.030578613, 143.765350342, 168.22769165, 376.812774658, 558.492370605, 294.579620361, 93.7227020264, 20.1823272705, 2.60902881622, 0.0802229270339, 0.000179907117854, 1.04179299854e-07, 1.5317758173e-09]
    },
    "gfcc": {
        "mean": [49.3899345398, 79.4398422241, -110.533790588, 31.5061817169, -59.2465629578, 27.5896053314, -50.4775352478, 18.2655906677, -24.0637702942, -0.924805343151, -21.782283783, 5.89096164703, -11.1132974625],
        "cov": [[1095.08764648, -500.612365723, 32.7184028625, -47.1178703308, -98.9479598999, 50.6012229919, -93.4595413208, 49.629196167, -69.3292922974, 18.1818313599, -90.3495941162, 40.997253418, -50.4188270569], [-500.612365723, 731.901184082, -194.702758789, -94.4317474365, 141.101531982, -19.6992549896, 166.948959351, -25.4423923492, 79.3273696899, -37.1970939636, 69.8061904907, -77.7835845947, 41.1295394897], [32.7184028625, -194.702758789, 368.703460693, 101.878540039, -45.6683731079, -11.9937267303, -88.1312637329, 26.5884628296, -28.7804374695, 60.6606445312, 11.4543962479, 47.6838226318, -9.51274681091], [-47.1178703308, -94.4317474365, 101.878540039, 301.246917725, 8.51312732697, -59.1815376282, -56.4051628113, -19.4536018372, 26.4940738678, 10.2182197571, 27.0241451263, 17.8821811676, 19.7552661896], [-98.9479598999, 141.101531982, -45.6683731079, 8.51312732697, 160.743728638, 44.0397377014, 57.4516143799, 2.91583514214, 12.8643035889, 2.84142112732, 10.4248428345, -15.4964761734, -2.1901986599], [50.6012229919, -19.6992549896, -11.9937267303, -59.1815376282, 44.0397377014, 204.847564697, 91.1649093628, -9.07795524597, -2.2764749527, -4.24169445038, 10.8284368515, -41.1192398071, -15.1770858765], [-93.4595413208, 166.948959351, -88.1312637329, -56.4051628113, 57.4516143799, 91.1649093628, 203.123718262, -1.96702063084, 4.11381959915, 0.489005178213, -12.3385190964, -44.5500869751, -17.0751571655], [49.629196167, -25.4423923492, 26.5884628296, -19.4536018372, 2.91583514214, -9.07795524597, -1.96702063084, 105.316329956, 31.5372886658, 4.83077096939, -23.3030757904, -0.631775677204, 10.2538871765], [-69.3292922974, 79.3273696899, -28.7804374695, 26.4940738678, 12.8643035889, -2.2764749527, 4.11381959915, 31.5372886658, 95.4000701904, -5.96596765518, 10.1595058441, -5.22472810745, 22.0245780945], [18.1818313599, -37.1970939636, 60.6606445312, 10.2182197571, 2.84142112732, -4.24169445038, 0.489005178213, 4.83077096939, -5.96596765518, 80.786277771, 20.4235172272, 20.5308532715, -10.0426025391], [-90.3495941162, 69.8061904907, 11.4543962479, 27.0241451263, 10.4248428345, 10.8284368515, -12.3385190964, -23.3030757904, 10.1595058441, 20.4235172272, 99.0324172974, 30.322265625, 10.6824645996], [40.997253418, -77.7835845947, 47.6838226318, 17.8821811676, -15.4964761734, -41.1192398071, -44.5500869751, -0.631775677204, -5.22472810745, 20.5308532715, 30.322265625, 94.9447021484, 8.90185165405], [-50.4188270569, 41.1295394897, -9.51274681091, 19.7552661896, -2.1901986599, -15.1770858765, -17.0751571655, 10.2538871765, 22.0245780945, -10.0426025391, 10.6824645996, 8.90185165405, 54.9964675903]],
        "icov": [[0.00155412778258, 0.000612932257354, 0.000678177922964, -4.64901058876e-05, 0.000449425046099, -0.000900735612959, 0.000717673043255, -0.000862904707901, 0.0006353239296, -0.000508875411469, 0.00103807856794, -0.000750473118387, 0.000825906172395], [0.000612932257354, 0.0062006060034, -0.000857467937749, 0.0035703163594, -0.00419340282679, 0.00589033961296, -0.00500352587551, 0.0026454301551, -0.00389270368032, 0.00264827278443, -0.0063827498816, 0.00571172079071, -0.00373647571541], [0.000678177922964, -0.000857467937749, 0.0051105231978, -0.00249136355706, 0.0020548067987, -0.00312228058465, 0.00299338973127, -0.0029818888288, 0.00289655127563, -0.00355506292544, 0.00215011159889, -0.00266642239876, 0.00195221498143], [-4.64901058876e-05, 0.0035703163594, -0.00249136355706, 0.00683145131916, -0.00369421462528, 0.00534396106377, -0.00299637811258, 0.00383815728128, -0.00447318144143, 0.00218445737846, -0.00475132185966, 0.00436862045899, -0.00350980134681], [0.000449425046099, -0.00419340282679, 0.0020548067987, -0.00369421462528, 0.0108485752717, -0.00603291671723, 0.00264022429474, -0.00337937753648, 0.00313278147951, -0.00292788213119, 0.00448254542425, -0.00454789912328, 0.00352368154563], [-0.000900735612959, 0.00589033961296, -0.00312228058465, 0.00534396106377, -0.00603291671723, 0.0145215746015, -0.00871332362294, 0.00447715353221, -0.00511446828023, 0.00458157621324, -0.00987203698605, 0.0092931156978, -0.00416526431218], [0.000717673043255, -0.00500352587551, 0.00299338973127, -0.00299637811258, 0.00264022429474, -0.00871332362294, 0.0128303393722, -0.00325171067379, 0.00386148015969, -0.00463263597339, 0.00749946245924, -0.00435487832874, 0.00514017697424], [-0.000862904707901, 0.0026454301551, -0.0029818888288, 0.00383815728128, -0.00337937753648, 0.00447715353221, -0.00325171067379, 0.0151623301208, -0.00779877137393, 0.000710695050657, -0.000144437071867, 0.00317473057657, -0.00463239848614], [0.0006353239296, -0.00389270368032, 0.00289655127563, -0.00447318144143, 0.00313278147951, -0.00511446828023, 0.00386148015969, -0.00779877137393, 0.0176541507244, -0.00206639245152, 0.00280744419433, -0.00345396390185, -0.00046582435607], [-0.000508875411469, 0.00264827278443, -0.00355506292544, 0.00218445737846, -0.00292788213119, 0.00458157621324, -0.00463263597339, 0.000710695050657, -0.00206639245152, 0.0178691446781, -0.00709536019713, 0.00129624200054, 0.000989172491245], [0.00103807856794, -0.0063827498816, 0.00215011159889, -0.00475132185966, 0.00448254542425, -0.00987203698605, 0.00749946245924, -0.000144437071867, 0.00280744419433, -0.00709536019713, 0.0225523374975, -0.0116549273953, 0.00269921054132], [-0.000750473118387, 0.00571172079071, -0.00266642239876, 0.00436862045899, -0.00454789912328, 0.0092931156978, -0.00435487832874, 0.00317473057657, -0.00345396390185, 0.00129624200054, -0.0116549273953, 0.0211349595338, -0.00608776928857], [0.000825906172395, -0.00373647571541, 0.00195221498143, -0.00350980134681, 0.00352368154563, -0.00416526431218, 0.00514017697424, -0.00463239848614, -0.00046582435607, 0.000989172491245, 0.00269921054132, -0.00608776928857, 0.0256116595119]]
    },
    "melbands": {
        "dmean": [0.00144740298856, 0.00146866787691, 0.00075674924301, 0.000596761528868, 0.000286897178739, 0.000352582981577, 0.000214115541894, 7.95221858425e-05, 0.000149280807818, 0.000228074801271, 0.000249051285209, 0.000100843317341, 4.34970970673e-05, 4.65650373371e-05, 4.93575935252e-05, 3.45383850799e-05, 4.92866638524e-05, 4.18486561102e-05, 3.34545766236e-05, 4.00600365538e-05, 2.44293551077e-05, 2.45066494244e-05, 1.45093035826e-05, 1.34337833515e-05, 7.91764978203e-06, 3.57660633199e-06, 3.39508528668e-06, 3.00169836009e-06, 2.71536964647e-06, 2.90763728117e-06, 2.89935019282e-06, 2.65982112069e-06, 2.67055338554e-06, 2.90767320621e-06, 2.84296083919e-06, 3.30598527398e-06, 3.01054797092e-06, 2.60765227722e-06, 2.09863719647e-06, 1.82015105565e-06],
        "dmean2": [0.00249028508551, 0.0025710593909, 0.00134105223697, 0.00103362603113, 0.000465680699563, 0.000524923903868, 0.000334548269166, 0.00012858620903, 0.00021457290859, 0.000305215478875, 0.000342411804013, 0.000134190151584, 6.30923750577e-05, 6.81898236508e-05, 7.33886990929e-05, 4.89917329105e-05, 7.59855174692e-05, 6.03628795943e-05, 5.18538145116e-05, 6.29433197901e-05, 3.90548921132e-05, 3.84067061532e-05, 2.2634591005e-05, 2.02725823328e-05, 1.30150347104e-05, 6.01525835009e-06, 5.86760688748e-06, 5.17317857884e-06, 4.63662445327e-06, 4.84152087665e-06, 4.94149753649e-06, 4.50131983598e-06, 4.39450695922e-06, 4.61387753603e-06, 4.55117242382e-06, 4.81754750581e-06, 4.31323223893e-06, 3.84223994843e-06, 2.99965836348e-06, 2.55433610619e-06],
        "dvar": [1.3199460227e-05, 1.20238237287e-05, 2.15670229409e-06, 2.93592665912e-06, 2.45111777986e-07, 3.51356931105e-07, 1.64491922305e-07, 6.44202700073e-08, 1.13571822169e-07, 2.00402965334e-07, 2.59163016381e-07, 7.5322823534e-08, 9.93993953813e-09, 1.36439313181e-08, 1.17155831703e-08, 1.04487325459e-08, 1.52598662595e-08, 1.28479360484e-08, 9.50796419374e-09, 5.97819393988e-09, 1.79980397252e-09, 1.67334446299e-09, 8.19642576033e-10, 4.98217578304e-10, 1.32481386972e-10, 4.79636434736e-11, 5.02651115175e-11, 4.73870907791e-11, 3.73136140042e-11, 4.49329011498e-11, 5.09795053394e-11, 5.99869875995e-11, 3.47857992411e-11, 2.98133809307e-11, 3.89949982027e-11, 7.40061414928e-11, 7.73057590164e-11, 6.72354880105e-11, 3.77003046836e-11, 2.28336811264e-11],
        "dvar2": [3.52570968971e-05, 3.24812717736e-05, 5.89326918998e-06, 7.92709488451e-06, 5.8899678379e-07, 7.40879329442e-07, 3.72159462358e-07, 1.83436952739e-07, 2.14011691924e-07, 3.33389039042e-07, 5.00491751154e-07, 1.02987016248e-07, 1.84480004606e-08, 3.0938693385e-08, 2.43069173678e-08, 1.31174315854e-08, 3.43357058341e-08, 2.29244694339e-08, 2.32956693935e-08, 1.37505029585e-08, 3.98475608065e-09, 3.53720386315e-09, 1.71825242923e-09, 9.54190504387e-10, 3.16788484334e-10, 1.28561161716e-10, 1.38035680108e-10, 1.3208034666e-10, 1.01080643855e-10, 1.18473258981e-10, 1.36339620149e-10, 1.68904307207e-10, 8.95657575883e-11, 6.96029692215e-11, 7.9487728899e-11, 1.29366614643e-10, 1.37154662627e-10, 1.36569172637e-10, 6.77902664559e-11, 3.83899648182e-11],
        "max": [0.0241931732744, 0.0275457687676, 0.0123017458245, 0.0153887942433, 0.00696504907683, 0.00698411930352, 0.00631833961233, 0.0056728431955, 0.00622399291024, 0.00723816128448, 0.00763768469915, 0.00642001023516, 0.00216978858225, 0.00214438559487, 0.0017962284619, 0.00459295371547, 0.00187940674368, 0.00216269679368, 0.00244389963336, 0.00100920908153, 0.000599024468102, 0.000701601500623, 0.000503891787957, 0.000368912500562, 0.000187853933312, 7.39021561458e-05, 6.43421444693e-05, 7.14832931408e-05, 8.24071685201e-05, 9.81935954769e-05, 7.09182131686e-05, 0.00011341964273, 9.58525779424e-05, 8.86374182301e-05, 0.000113731737656, 0.000173860855284, 0.000178775619133, 0.000137453447678, 0.000136865084642, 0.000119911281217],
        "mean": [0.00149081030395, 0.0019715083763, 0.00116968376096, 0.000826484465506, 0.000600409461185, 0.000728762301151, 0.000409477885114, 0.000145128215081, 0.000299889885355, 0.000579973915592, 0.000585517089348, 0.000211907899939, 8.47543851705e-05, 9.11557508516e-05, 9.68237218331e-05, 6.82714016875e-05, 0.000101835088572, 7.08084335201e-05, 5.3850657423e-05, 6.66223349981e-05, 5.06045435031e-05, 5.50761542399e-05, 2.81024094875e-05, 2.63743386313e-05, 1.41264272315e-05, 5.88840748605e-06, 5.49236301595e-06, 4.37870585301e-06, 3.91180719816e-06, 4.32728120359e-06, 4.13906991525e-06, 3.99138161811e-06, 4.26383667218e-06, 5.13768236488e-06, 5.54012785869e-06, 6.55089070278e-06, 5.3367430155e-06, 4.56729821963e-06, 3.74274486603e-06, 3.27356474372e-06],
        "median": [0.000618413207121, 0.00115589960478, 0.000857241684571, 0.000457985384855, 0.000323397020111, 0.000302713830024, 0.000145771264215, 8.24038652354e-05, 5.39170214324e-05, 0.000106330844574, 0.000123108591652, 5.47833442397e-05, 4.90568454552e-05, 4.27745835623e-05, 4.07550833188e-05, 2.71540357062e-05, 2.4592205591e-05, 2.45645351242e-05, 2.58820273302e-05, 2.7405543733e-05, 2.90253155981e-05, 2.94576238957e-05, 1.4719857063e-05, 1.4376107174e-05, 1.0108551578e-05, 3.93055097447e-06, 3.27319366988e-06, 2.45574756264e-06, 2.02955629902e-06, 2.00130853045e-06, 2.05635797101e-06, 1.89915658666e-06, 2.18047625822e-06, 2.6230018193e-06, 2.72834586212e-06, 2.78237143903e-06, 1.58474642831e-06, 1.13500868792e-06, 1.04692389868e-06, 1.18620960166e-06],
        "min": [2.17383512791e-06, 4.25976941187e-06, 2.46044637606e-05, 2.35230218095e-05, 8.37948664412e-06, 5.05122989125e-06, 3.18036745739e-06, 9.05872525436e-07, 1.77999723405e-07, 2.5246205837e-07, 5.0191323453e-07, 2.32101911024e-06, 1.30607463689e-06, 2.07306612765e-07, 2.26088118893e-07, 1.74819035692e-07, 1.93488531863e-07, 5.74296223022e-07, 1.80345443823e-06, 5.10788481733e-07, 4.4343096306e-07, 3.56632483545e-07, 5.26339363205e-07, 7.14555994819e-07, 3.85951125281e-07, 2.11073498235e-07, 9.82558248097e-08, 1.31698485006e-07, 7.23499553601e-08, 7.94679309024e-08, 6.75829525676e-08, 4.18874783747e-08, 2.87164727553e-08, 2.99917033431e-08, 2.09313260058e-08, 8.73013661362e-09, 1.98872740498e-09, 2.64801358618e-09, 7.48768824721e-11, 7.57260313483e-12],
