{
"highlevel": {
    "danceability": {
        "all": {
            "danceable": 0.0210069976747,
            "not_danceable": 0.9789929986
        },
        "probability": 0.9789929986,
        "value": "not_danceable"
    },
    "gender": {
        "all": {
            "female": 0.0623798184097,
            "male": 0.937620162964
        },
        "probability": 0.937620162964,
        "value": "male"
    },
    "genre_dortmund": {
        "all": {
            "alternative": 0.11478151381,
            "blues": 0.0146764218807,
            "electronic": 0.00610961345956,
            "folkcountry": 0.0101543627679,
            "funksoulrnb": 0.00545457284898,
            "jazz": 0.00201938021928,
            "pop": 0.00991773884743,
            "raphiphop": 0.0045971297659,
            "rock": 0.832289278507
        },
        "probability": 0.832289278507,
        "value": "rock"
    },
    "genre_electronic": {
        "all": {
            "ambient": 0.31976005435,
            "dnb": 0.420717686415,
            "house": 0.00563770066947,
            "techno": 0.00362266320735,
            "trance": 0.250261902809
        },
        "probability": 0.420717686415,
        "value": "dnb"
    },
    "genre_rosamerica": {
        "all": {
            "cla": 0.00216858717613,
            "dan": 0.00140953017399,
            "hip": 0.00121789064724,
            "jaz": 0.000676700670738,
            "pop": 0.00649669906124,
            "rhy": 0.000423958903411,
            "roc": 0.986772656441,
            "spe": 0.000834001461044
        },
        "probability": 0.986772656441,
        "value": "roc"
    },
    "genre_tzanetakis": {
        "all": {
            "blu": 0.0626541376114,
            "cla": 0.0348133966327,
            "cou": 0.0783501937985,
            "dis": 0.104547761381,
            "hip": 0.15693578124,
            "jaz": 0.313987255096,
            "met": 0.044816005975,
            "pop": 0.0627349764109,
            "reg": 0.0627352520823,
            "roc": 0.0784252434969
        },
        "probability": 0.313987255096,
        "value": "jaz"
    },
    "ismir04_rhythm": {
        "all": {
            "ChaChaCha": 0.00611683866009,
            "Jive": 0.801930785179,
            "Quickstep": 0.0340257138014,
            "Rumba-American": 0.00392115209252,
            "Rumba-International": 0.00241208728403,
            "Rumba-Misc": 0.00118328758981,
            "Samba": 0.0631592348218,
            "Tango": 0.0176150910556,
            "VienneseWaltz": 0.0672346800566,
            "Waltz": 0.00240112002939
        },
        "probability": 0.801930785179,
        "value": "Jive"
    },
    "mood_acoustic": {
        "all": {
            "acoustic": 0.00370844360441,
            "not_acoustic": 0.996291577816
        },
        "probability": 0.996291577816,
        "value": "not_acoustic"
    },
    "mood_aggressive": {
        "all": {
            "aggressive": 0.999916613102,
            "not_aggressive": 8.33580925246e-05
        },
        "probability": 0.999916613102,
        "value": "aggressive"
    },
    "mood_electronic": {
        "all": {
            "electronic": 0.101078279316,
            "not_electronic": 0.898921728134
        },
        "probability": 0.898921728134,
        "value": "not_electronic"
    },
    "mood_happy": {
        "all": {
            "happy": 0.115065358579,
            "not_happy": 0.884934663773
        },
        "probability": 0.884934663773,
        "value": "not_happy"
    },
    "mood_party": {
        "all": {
            "not_party": 0.557900309563,
            "party": 0.442099690437
        },
        "probability": 0.557900309563,
        "value": "not_party"
    },
    "mood_relaxed": {
        "all": {
            "not_relaxed": 0.981348633766,
            "relaxed": 0.0186513680965
        },
        "probability": 0.981348633766,
        "value": "not_relaxed"
    },
    "mood_sad": {
        "all": {
            "not_sad": 0.992532432079,
            "sad": 0.00746755674481
        },
        "probability": 0.992532432079,
        "value": "not_sad"
    },
    "moods_mirex": {
        "all": {
            "Cluster1": 0.138379558921,
            "Cluster2": 0.0057783620432,
            "Cluster3": 0.00738615076989,
            "Cluster4": 0.0141191184521,
            "Cluster5": 0.834336817265
        },
        "probability": 0.834336817265,
        "value": "Cluster5"
    },
    "timbre": {
        "all": {
            "bright": 0.0225174613297,
            "dark": 0.977482557297
        },
        "probability": 0.977482557297,
        "value": "dark"
    },
    "tonal_atonal": {
        "all": {
            "atonal": 0.129295215011,
            "tonal": 0.870704770088
        },
        "probability": 0.870704770088,
        "value": "tonal"
    },
    "voice_instrumental": {
        "all": {
            "instrumental": 0.000610260874964,
            "voice": 0.999389767647
        },
        "probability": 0.999389767647,
        "value": "voice"
    }
},
"lowlevel": {
    "average_loudness": 0.984321892262,
    "barkbands_crest": {
        "dmean": 2.59597325325,
        "dmean2": 4.26585102081,
        "dvar": 7.27892494202,
        "dvar2": 18.3692092896,
        "max": 21.7830085754,
        "mean": 7.28840398788,
        "median": 6.24878740311,
        "min": 2.16165661812,
        "var": 13.4659976959
    },
    "barkbands_flatness_db": {
        "dmean": 0.0167074911296,
        "dmean2": 0.0284145474434,
        "dvar": 0.00029827200342,
        "dvar2": 0.000788123114035,
        "max": 0.234935224056,
        "mean": 0.104872688651,
        "median": 0.101382151246,
        "min": 0.0467449054122,
        "var": 0.000583080225624
    },
    "barkbands_kurtosis": {
        "dmean": 0.923225343227,
        "dmean2": 1.57833373547,
        "dvar": 2.92283844948,
        "dvar2": 8.0411233902,
        "max": 20.0766944885,
        "mean": -0.36568748951,
        "median": -0.803192138672,
        "min": -1.75081455708,
        "var": 2.60372948647
    },
    "barkbands_skewness": {
        "dmean": 0.420302033424,
        "dmean2": 0.674903571606,
        "dvar": 0.198178842664,
        "dvar2": 0.510150313377,
        "max": 4.35301876068,
        "mean": 0.643544852734,
        "median": 0.564283430576,
        "min": -0.819503188133,
        "var": 0.39419144392
    },
    "barkbands_spread": {
        "dmean": 6.05079889297,
        "dmean2": 9.47695350647,
        "dvar": 32.6869544983,
        "dvar2": 74.6641693115,
        "max": 80.3452377319,
        "mean": 35.6806373596,
        "median": 35.0920066833,
        "min": 8.89023399353,
        "var": 107.180343628
    },
    "dissonance": {
        "dmean": 0.00880173034966,
        "dmean2": 0.0149119487032,
        "dvar": 6.8307374022e-05,
        "dvar2": 0.00017866626149,
        "max": 0.499977588654,
        "mean": 0.485325366259,
        "median": 0.487577408552,
        "min": 0.416328310966,
        "var": 0.000111201814434
    },
    "dynamic_complexity": 1.32837593555,
    "erbbands_crest": {
        "dmean": 1.73147439957,
        "dmean2": 2.85128307343,
        "dvar": 2.58045196533,
        "dvar2": 6.43407344818,
        "max": 19.3647651672,
        "mean": 6.15370559692,
        "median": 5.58800125122,
        "min": 2.40492320061,
        "var": 5.56857872009
    },
    "erbbands_flatness_db": {
        "dmean": 0.0126279275864,
        "dmean2": 0.0190734826028,
        "dvar": 0.000156656242325,
        "dvar2": 0.00030662905192,
        "max": 0.235091790557,
        "mean": 0.152492821217,
        "median": 0.153710126877,
        "min": 0.0836732909083,
        "var": 0.000701625074726
    },
    "erbbands_kurtosis": {
        "dmean": 0.541752517223,
        "dmean2": 0.877789199352,
        "dvar": 0.31470489502,
        "dvar2": 0.846359074116,
        "max": 6.25360774994,
        "mean": -0.075103238225,
        "median": -0.212391138077,
        "min": -1.53271818161,
        "var": 0.647334575653
    },
    "erbbands_skewness": {
        "dmean": 0.265881866217,
        "dmean2": 0.411274373531,
        "dvar": 0.0496073514223,
        "dvar2": 0.117646105587,
        "max": 1.52999830246,
        "mean": -0.375042080879,
        "median": -0.42802169919,
        "min": -1.91701424122,
        "var": 0.21546214819
    },
    "erbbands_spread": {
        "dmean": 6.22108507156,
        "dmean2": 9.52978420258,
        "dvar": 30.3932094574,
        "dvar2": 69.7067718506,
        "max": 82.8366012573,
        "mean": 35.1559524536,
        "median": 34.119594574,
        "min": 9.80826473236,
        "var": 118.609046936
    },
    "hfc": {
        "dmean": 6.60539102554,
        "dmean2": 10.0388832092,
        "dvar": 45.2940101624,
        "dvar2": 101.450798035,
        "max": 101.90687561,
        "mean": 33.8266410828,
        "median": 31.536447525,
        "min": 9.69526958466,
        "var": 159.043945312
    },
    "melbands_crest": {
        "dmean": 3.34763503075,
        "dmean2": 5.54262828827,
        "dvar": 10.4397230148,
        "dvar2": 21.9285869598,
        "max": 27.3623886108,
        "mean": 11.8996334076,
        "median": 10.8653936386,
        "min": 3.21869564056,
        "var": 24.2450771332
    },
    "melbands_flatness_db": {
        "dmean": 0.0230962075293,
        "dmean2": 0.0375723838806,
        "dvar": 0.00065552565502,
        "dvar2": 0.00162957247812,
        "max": 0.313587754965,
        "mean": 0.135684579611,
        "median": 0.128739878535,
        "min": 0.0398592241108,
        "var": 0.00144332298078
    },
    "melbands_kurtosis": {
        "dmean": 3.62334990501,
        "dmean2": 6.14622545242,
        "dvar": 44.5404243469,
        "dvar2": 120.340431213,
        "max": 87.9511260986,
        "mean": 4.28800821304,
        "median": 2.48504209518,
        "min": -1.55735170841,
        "var": 45.3583602905
    },
    "melbands_skewness": {
        "dmean": 0.634988546371,
        "dmean2": 1.01096689701,
        "dvar": 0.53660929203,
        "dvar2": 1.38594448566,
        "max": 8.4582233429,
        "mean": 1.84799671173,
        "median": 1.71835434437,
        "min": -0.078025020659,
        "var": 1.06299304962
    },
    "melbands_spread": {
        "dmean": 9.73792266846,
        "dmean2": 15.6697311401,
        "dvar": 74.8880004883,
        "dvar2": 181.760635376,
        "max": 110.303390503,
        "mean": 41.2476768494,
        "median": 40.8333892822,
        "min": 4.70568227768,
        "var": 208.009933472
    },
    "pitch_salience": {
        "dmean": 0.0768214464188,
        "dmean2": 0.130818635225,
        "dvar": 0.00589036708698,
        "dvar2": 0.0154429152608,
        "max": 0.797753632069,
        "mean": 0.603957533836,
        "median": 0.620119333267,
        "min": 0.20290261507,
        "var": 0.010496658273
    },
    "silence_rate_20dB": {
        "dmean": 0,
        "dmean2": 0,
        "dvar": 0,
        "dvar2": 0,
        "max": 1,
        "mean": 1,
        "median": 1,
        "min": 1,
        "var": 0
    },
    "silence_rate_30dB": {
        "dmean": 0,
        "dmean2": 0,
        "dvar": 0,
        "dvar2": 0,
        "max": 1,
        "mean": 1,
        "median": 1,
        "min": 1,
        "var": 0
    },
    "silence_rate_60dB": {
        "dmean": 0,
        "dmean2": 0,
        "dvar": 0,
        "dvar2": 0,
        "max": 0,
        "mean": 0,
        "median": 0,
        "min": 0,
        "var": 0
    },
    "spectral_centroid": {
        "dmean": 223.662536621,
        "dmean2": 362.40246582,
        "dvar": 38341.9140625,
        "dvar2": 97280.765625,
        "max": 3449.0949707,
        "mean": 2110.14257812,
        "median": 2116.25830078,
        "min": 1143.859375,
        "var": 118652.054688
    },
    "spectral_complexity": {
        "dmean": 4.41331291199,
        "dmean2": 7.18280410767,
        "dvar": 12.7687978745,
        "dvar2": 31.1098690033,
        "max": 54,
        "mean": 38.5638046265,
        "median": 39,
        "min": 14,
        "var": 29.5637454987
    },
    "spectral_decrease": {
        "dmean": 2.42529352157e-09,
        "dmean2": 3.86664789076e-09,
        "dvar": 8.96790921668e-18,
        "dvar2": 2.20858795195e-17,
        "max": -1.88049353866e-09,
        "mean": -7.74639019596e-09,
        "median": -6.81657708057e-09,
        "min": -2.60927546236e-08,
        "var": 1.38404778263e-17
    },
    "spectral_energy": {
        "dmean": 0.00945462286472,
        "dmean2": 0.0149811375886,
        "dvar": 0.000128770421725,
        "dvar2": 0.000313784490572,
        "max": 0.102904871106,
        "mean": 0.0323048196733,
        "median": 0.0288033001125,
        "min": 0.00826893839985,
        "var": 0.000209193589399
    },
    "spectral_energyband_high": {
        "dmean": 0.000462795636849,
        "dmean2": 0.00075039092917,
        "dvar": 4.50806766139e-07,
        "dvar2": 9.94492324935e-07,
        "max": 0.0130451759323,
        "mean": 0.00144237978384,
        "median": 0.0011183192255,
        "min": 0.000250058510574,
        "var": 1.30999342218e-06
    },
    "spectral_energyband_low": {
        "dmean": 0.00731104752049,
        "dmean2": 0.0123746534809,
        "dvar": 0.000155172339873,
        "dvar2": 0.000408714084188,
        "max": 0.0852683857083,
        "mean": 0.0114933233708,
        "median": 0.00720619549975,
        "min": 0.000301064486848,
        "var": 0.00016441027401
    },
    "spectral_energyband_middle_high": {
        "dmean": 0.00267434236594,
        "dmean2": 0.00385461235419,
        "dvar": 8.69607174536e-06,
        "dvar2": 1.69562244992e-05,
        "max": 0.0436572916806,
        "mean": 0.0106209693477,
        "median": 0.00863377563655,
        "min": 0.00163161184173,
        "var": 3.53304567398e-05
    },
    "spectral_energyband_middle_low": {
        "dmean": 0.00376548734494,
        "dmean2": 0.00614548521116,
        "dvar": 1.9824343326e-05,
        "dvar2": 4.98204353789e-05,
        "max": 0.0404545105994,
        "mean": 0.00994357746094,
        "median": 0.00831859745085,
        "min": 0.00193063938059,
        "var": 3.37525416398e-05
    },
    "spectral_entropy": {
        "dmean": 0.0738103240728,
        "dmean2": 0.111767448485,
        "dvar": 0.00467731291428,
        "dvar2": 0.00931924954057,
        "max": 8.49250507355,
        "mean": 7.89974880219,
        "median": 7.87548017502,
        "min": 7.51090812683,
        "var": 0.0221690870821
    },
    "spectral_flux": {
        "dmean": 0.0259917583317,
        "dmean2": 0.0396908037364,
        "dvar": 0.000752564985305,
        "dvar2": 0.00136068696156,
        "max": 0.274335205555,
        "mean": 0.106548160315,
        "median": 0.0974447950721,
        "min": 0.0442000329494,
        "var": 0.00159855769016
    },
    "spectral_kurtosis": {
        "dmean": 1.20961260796,
        "dmean2": 2.07749152184,
        "dvar": 1.14053869247,
        "dvar2": 3.30431270599,
        "max": 11.9848308563,
        "mean": 3.14259934425,
        "median": 2.99768686295,
        "min": 0.13040471077,
        "var": 2.12613558769
    },
    "spectral_rms": {
        "dmean": 0.000769293634221,
        "dmean2": 0.00119810807519,
        "dvar": 6.60495345528e-07,
        "dvar2": 1.53339487952e-06,
        "max": 0.0100197298452,
        "mean": 0.00549268396571,
        "median": 0.00530101684853,
        "min": 0.00284029170871,
        "var": 1.34738218094e-06
    },
    "spectral_rolloff": {
        "dmean": 560.829711914,
        "dmean2": 913.952453613,
        "dvar": 478842.09375,
        "dvar2": 1100541.375,
        "max": 7558.15429688,
        "mean": 2442.56201172,
        "median": 2454.78515625,
        "min": 107.666015625,
        "var": 1175011.5
    },
    "spectral_skewness": {
        "dmean": 0.175926119089,
        "dmean2": 0.290669441223,
        "dvar": 0.0230400338769,
        "dvar2": 0.0629146546125,
        "max": 2.29368257523,
        "mean": 1.06255364418,
        "median": 1.06092846394,
        "min": 0.212068453431,
        "var": 0.075358338654
    },
    "spectral_spread": {
        "dmean": 309983.34375,
        "dmean2": 449722.53125,
        "dvar": 134300819456,
        "dvar2": 201570304000,
        "max": 7931131,
        "mean": 3638874,
        "median": 3431095.5,
        "min": 2431155.75,
        "var": 697980682240
    },
    "spectral_strongpeak": {
        "dmean": 0.519955694675,
        "dmean2": 0.909834206104,
        "dvar": 0.843059122562,
        "dvar2": 2.26326584816,
        "max": 8.21851158142,
        "mean": 0.662471413612,
        "median": 0.308470129967,
        "min": 0.0410391911864,
        "var": 0.858521163464
    },
    "zerocrossingrate": {
        "dmean": 0.00923841726035,
        "dmean2": 0.0108961230144,
        "dvar": 8.85564222699e-05,
        "dvar2": 9.73956848611e-05,
        "max": 0.197265625,
        "mean": 0.0776639059186,
        "median": 0.0751953125,
        "min": 0.02783203125,
        "var": 0.000577477621846
    },
    "barkbands": {
        "dmean": [0.000174724729732, 0.00546441180632, 0.0026748268865, 0.000939807272516, 0.00134280440398, 0.00101361016277, 0.000809002784081, 0.000905303691979, 0.00117981946096, 0.000822094269097, 0.000501354748849, 0.000586641952395, 0.000591555552091, 0.000607028836384, 0.000492510152981, 0.000474880711408, 0.000663962040562, 0.000538200954907, 0.000321437168168, 0.00024841845152, 0.000198493551579, 0.000134513466037, 8.00282359705e-05, 5.26703988726e-05, 3.19699283864e-05, 1.08330932562e-05, 1.07632631696e-08],
        "dmean2": [0.000231667465414, 0.00933529995382, 0.0048695881851, 0.00160962017253, 0.00228538061492, 0.00169299717527, 0.00136635964736, 0.00144007930066, 0.00191317941062, 0.00127809296828, 0.000783573370427, 0.000948228174821, 0.000952681002673, 0.000956537842285, 0.000778926245403, 0.000790195830632, 0.00109854876064, 0.000872348726261, 0.000538032269105, 0.00042246573139, 0.000344272702932, 0.000218328495976, 0.000122335724882, 7.61526534916e-05, 4.62417883682e-05, 1.66471254488e-05, 1.94138287668e-08],
        "dvar": [8.72798580076e-08, 9.19416997931e-05, 3.33237585437e-05, 1.90193043181e-06, 6.15215185462e-06, 2.52096720033e-06, 1.44110924793e-06, 2.7358000807e-06, 4.58150998384e-06, 2.08393203138e-06, 9.07099547476e-07, 1.35571815463e-06, 1.19421054023e-06, 8.16340389065e-07, 4.56636968238e-07, 4.45756029421e-07, 6.99568772689e-07, 4.47598523579e-07, 1.2667187832e-07, 9.01074415083e-08, 5.44521405743e-08, 3.3065038707e-08, 3.13639603178e-08, 1.81085528794e-08, 8.10867284429e-09, 5.25419818764e-10, 8.82113610858e-16],
        "dvar2": [1.4783964275e-07, 0.000245533243287, 9.46416766965e-05, 5.40371911484e-06, 1.68438964465e-05, 6.71416501064e-06, 3.96409996029e-06, 6.45806721877e-06, 1.13127853183e-05, 4.56999441667e-06, 2.12216536966e-06, 3.4146123653e-06, 2.72036936622e-06, 1.99257647182e-06, 1.20858771879e-06, 1.07006439976e-06, 1.76947867203e-06, 1.12929467377e-06, 3.07536311084e-07, 2.43772376507e-07, 1.54803402097e-07, 8.01337165512e-08, 5.40809637073e-08, 3.28207718781e-08, 1.67204401436e-08, 1.03529018691e-09, 2.2515910272e-15],
        "max": [0.00290860119276, 0.0748291239142, 0.0405407957733, 0.0131995202973, 0.0310286544263, 0.018704937771, 0.0145549401641, 0.021567042917, 0.0302523355931, 0.0208221171051, 0.0122658731416, 0.0168443936855, 0.0143359871581, 0.0106083201244, 0.0102563379332, 0.0115282442421, 0.00983111653477, 0.0078251818195, 0.00734278326854, 0.00356377335265, 0.00267525855452, 0.00332260178402, 0.00420251721516, 0.00199423287995, 0.00165163143538, 0.000424124591518, 3.97052389189e-07],
        "mean": [0.000241125424509, 0.00751744443551, 0.00276708765887, 0.001592613291, 0.00189398461953, 0.00155356898904, 0.0012863308657, 0.00137395982165, 0.00180643529166, 0.00136378919706, 0.000757810601499, 0.000962268735748, 0.0010012879502, 0.0011483153794, 0.000952577451244, 0.000938182347454, 0.00141286570579, 0.00121951417532, 0.000806658354122, 0.000515520048793, 0.000483918876853, 0.0003400829155, 0.000184271295439, 0.000107516490971, 6.07848851359e-05, 1.69363647728e-05, 7.7901711748e-09],
        "median": [4.01494435209e-05, 0.00392657890916, 0.00147631694563, 0.00120639777742, 0.0012412185315, 0.000968452601228, 0.000826078525279, 0.000628525507636, 0.000966039951891, 0.000558539933991, 0.000368674547644, 0.000527968397364, 0.000517332693562, 0.000675112532917, 0.000636731274426, 0.000715221045539, 0.00109804805834, 0.00091326929396, 0.000706231105141, 0.000426425423939, 0.000422760931542, 0.00026697901194, 9.71498011495e-05, 4.63906944788e-05, 2.32411166508e-05, 5.69084158997e-06, 1.139087491e-09],
        "min": [6.32049221849e-08, 8.46471521072e-05, 2.53404905379e-05, 5.49373544345e-06, 5.08705015818e-05, 4.40103394794e-05, 2.6855726901e-05, 1.00549859781e-05, 6.25345710432e-05, 2.5245208235e-05, 1.00150682556e-05, 2.23803053814e-05, 1.61331845447e-05, 2.68046678684e-05, 5.43389178347e-05, 7.83705254435e-05, 0.000162120166351, 9.83640929917e-05, 0.000154265348101, 5.75509475311e-05, 7.96574386186e-05, 4.19300922658e-05, 1.22925048345e-05, 2.09628342418e-06, 1.76650055694e-10, 7.16194603623e-11, 7.00266710937e-12],
        "var": [1.82461221243e-07, 9.48150627664e-05, 2.12525064853e-05, 2.15710701923e-06, 5.73343459109e-06, 3.54990675078e-06, 1.98275006369e-06, 4.8580945986e-06, 6.85219538354e-06, 4.66636993224e-06, 1.49171250996e-06, 1.90187301996e-06, 2.33088962887e-06, 1.80769006874e-06, 9.78186790235e-07, 7.97474058345e-07, 1.35321124617e-06, 9.08446736503e-07, 2.37623993371e-07, 1.14919380678e-07, 7.08835514729e-08, 7.91176688608e-08, 1.07108320435e-07, 5.27567358688e-08, 1.81166903701e-08, 1.14046361244e-09, 6.21645315045e-16]
    },
    "erbbands": {
        "dmean": [0.143560528755, 1.35256063938, 3.22541594505, 2.86196756363, 3.71868872643, 4.70660734177, 6.83986091614, 8.41386699677, 10.6127357483, 13.1318569183, 21.8437538147, 26.0045566559, 25.919002533, 26.6011276245, 19.0392112732, 22.2580051422, 23.8246936798, 32.0111274719, 23.815290451, 23.8006458282, 26.9192695618, 34.3457489014, 31.1032924652, 18.1409816742, 14.9776649475, 11.5325279236, 8.73980903625, 7.65666055679, 5.4648733139, 3.07121086121, 2.32784938812, 1.22974336147, 0.929263949394, 0.466790497303, 0.184333443642, 0.0712096244097, 0.0170857012272, 0.00131136015989, 2.78529696516e-05, 1.11740837383e-05],
        "dmean2": [0.222915947437, 2.41972732544, 5.89446973801, 4.9310965538, 6.42625045776, 7.95797157288, 11.2996044159, 14.1799631119, 18.0570678711, 22.3173503876, 34.8434867859, 41.8188591003, 40.4509315491, 41.8920936584, 29.6036148071, 35.2180709839, 38.4962768555, 50.1201133728, 37.3748550415, 38.4656562805, 44.0136566162, 56.3763237, 50.2030448914, 29.7377243042, 25.5595436096, 19.9576892853, 14.9449748993, 13.2499895096, 8.9423532486, 4.7996430397, 3.47858548164, 1.83072960377, 1.34464037418, 0.665687382221, 0.2814219594, 0.106941722333, 0.0268341489136, 0.00219456525519, 4.46887279395e-05, 1.76842058863e-05],
        "dvar": [0.064511500299, 6.22265720367, 47.0212135315, 22.7434692383, 53.2487487793, 70.6310348511, 91.3780441284, 245.907608032, 232.811843872, 545.414123535, 1540.44628906, 2896.02416992, 2094.35058594, 2253.4855957, 1515.08752441, 1971.65930176, 2009.52441406, 2562.4934082, 1183.54321289, 966.545593262, 1476.09936523, 1845.40734863, 1604.72998047, 424.654907227, 250.015136719, 231.564697266, 100.511993408, 94.2224731445, 49.6163024902, 26.9706668854, 28.3563404083, 8.25559425354, 6.49184656143, 1.53150320053, 0.425811856985, 0.0318537093699, 0.00126440636814, 7.56746430852e-06, 2.60177013267e-09, 1.58189863986e-10],
        "dvar2": [0.138993382454, 17.3910312653, 134.060775757, 64.2013397217, 147.133972168, 186.985778809, 236.97328186, 663.014648438, 619.428710938, 1439.6072998, 3519.81518555, 7213.50830078, 4917.15625, 5156.92236328, 3633.31323242, 4798.51757812, 4643.21826172, 5950.78808594, 2941.67504883, 2294.33935547, 3714.94433594, 4538.94287109, 4067.0144043, 1047.80224609, 645.783813477, 633.974060059, 280.413848877, 265.03024292, 127.303443909, 53.8010139465, 48.307636261, 14.6249456406, 12.7658758163, 2.96211767197, 1.07651770115, 0.0689784809947, 0.0027656594757, 1.98021953111e-05, 6.35456132159e-09, 3.79073439305e-10],
        "max": [1.94529747963, 17.19348526, 44.4111213684, 47.0032310486, 100.981437683, 121.598983765, 106.24697113, 214.47479248, 220.823471069, 343.727478027, 528.445617676, 849.366760254, 550.818969727, 635.030517578, 621.42376709, 723.439880371, 651.88482666, 722.611083984, 511.211761475, 396.541015625, 751.492126465, 522.354248047, 480.779968262, 399.658111572, 217.507537842, 184.595321655, 107.242362976, 107.768371582, 112.63609314, 118.735824585, 131.108016968, 48.2653808594, 38.1377830505, 17.7826805115, 14.6130094528, 2.88515901566, 0.648619651794, 0.0267788339406, 0.000653115683235, 0.000123584177345],
        "mean": [0.196378916502, 1.71636843681, 3.57980823517, 4.60037469864, 5.27183389664, 6.19911527634, 10.7739744186, 11.9828290939, 17.6070957184, 19.5406856537, 35.4486885071, 40.0347824097, 44.5393753052, 42.83618927, 32.1727371216, 38.993522644, 44.0159263611, 62.1735534668, 49.5171661377, 50.5191078186, 58.8939971924, 77.9374084473, 72.7454376221, 45.6863594055, 37.1143341064, 24.1824913025, 21.2534313202, 17.3291454315, 13.404001236, 7.41328477859, 5.14204835892, 2.62859344482, 1.71640777588, 0.883922815323, 0.318179279566, 0.113311380148, 0.0243175849319, 0.0015877771657, 5.7607277995e-05, 4.34772846347e-05],
        "median": [0.0659621208906, 0.969953596592, 2.08553051949, 3.43384552002, 3.69722318649, 3.7156560421, 7.0070734024, 7.086789608, 10.8645334244, 11.3367395401, 17.8006515503, 21.615819931, 19.7422962189, 21.6064491272, 16.2893447876, 21.9557914734, 24.0837402344, 33.6244163513, 33.1859092712, 35.192237854, 45.6227760315, 59.4415626526, 54.6588363647, 40.2808456421, 32.2560081482, 20.2046661377, 17.756608963, 14.6851272583, 10.9122171402, 4.85934686661, 2.55820822716, 1.1634812355, 0.677886903286, 0.332548350096, 0.116095863283, 0.0398363173008, 0.0074579725042, 0.000486871809699, 3.54100302502e-05, 4.05299651902e-05],
        "min": [0.00170865072869, 0.0232498198748, 0.0538232401013, 0.0895424485207, 0.125582337379, 0.175642117858, 0.24135299027, 0.409774810076, 0.453356355429, 0.748730123043, 1.07843804359, 1.59844982624, 1.71069014072, 1.48943138123, 2.36313724518, 1.35024416447, 0.980953395367, 1.74691689014, 2.42784619331, 2.95353317261, 5.22580528259, 10.2921504974, 9.24595546722, 7.87586641312, 5.55769062042, 3.23903203011, 4.25757980347, 2.67226648331, 2.02935528755, 0.707541108131, 0.282539755106, 0.0757269412279, 0.0277311988175, 0.00188509107102, 0.00011426841229, 3.59407567885e-05, 1.75288223545e-05, 5.33332513442e-06, 1.04857244878e-05, 1.32802479129e-05],
        "var": [0.0908177569509, 5.20036745071, 30.1287460327, 19.5059204102, 42.0521011353, 77.9253921509, 131.757995605, 285.788726807, 405.131439209, 606.849060059, 2744.45214844, 3936.14160156, 4302.81152344, 4000.42260742, 2373.35913086, 2964.08129883, 3896.8828125, 6022.51757812, 2412.6418457, 2167.98706055, 2744.53979492, 3717.34179688, 3204.58862305, 746.511657715, 439.234436035, 252.039932251, 151.744659424, 121.077400208, 102.182983398, 87.2823944092, 98.3436889648, 28.0850162506, 15.7337779999, 3.77165102959, 0.628915786743, 0.065236531198, 0.00213896902278, 8.04968658485e-06, 3.99354993519e-09, 2.89293700106e-10]
    },
    "gfcc": {
        "mean": [50.597568512, 93.0186843872, -147.824890137, 54.2189903259, -56.4856872559, 16.5254020691, -31.6396923065, 13.6778249741, -17.7393016815, 2.51243519783, -16.2056903839, -0.620734572411, -9.53243255615],
        "cov": [[396.154327393, -250.400085449, 125.320373535, -133.469512939, -76.2851333618, 63.0523757935, -70.1839370728, 48.2544746399, -55.1382675171, 25.5971908569, -69.2739105225, 49.2627906799, -59.7341499329], [-250.400085449, 486.578948975, -235.747283936, 57.0212287903, 109.556838989, -91.9568710327, 144.525588989, -65.1729278564, 106.702903748, -48.5502433777, 94.6354827881, -38.8619918823, 62.6961708069], [125.320373535, -235.747283936, 325.035095215, 37.4754333496, -21.0175094604, 37.1494216919, -76.811340332, 49.8090286255, -58.6803092957, 59.151184082, -45.3984031677, 49.3630256653, -28.5812606812], [-133.469512939, 57.0212287903, 37.4754333496, 198.944763184, 36.7049751282, -24.0715961456, 11.5730714798, -28.7309093475, 38.4436340332, -9.49654769897, 40.392326355, -23.8307552338, 38.7544784546], [-76.2851333618, 109.556838989, -21.0175094604, 36.7049751282, 157.423751831, 18.0305862427, 67.5026092529, 5.90310621262, 32.4762611389, 10.4998893738, 8.62767219543, 3.22092652321, 13.1073980331], [63.0523757935, -91.9568710327, 37.1494216919, -24.0715961456, 18.0305862427, 140.454269409, 38.976940155, 38.1891555786, -23.3249416351, -2.57176923752, -4.51444387436, -3.4424636364, -5.59916162491], [-70.1839370728, 144.525588989, -76.811340332, 11.5730714798, 67.5026092529, 38.976940155, 154.346923828, 11.4219427109, 32.205581665, -25.0885429382, 26.9259204865, -14.2053422928, 7.15945100784], [48.2544746399, -65.1729278564, 49.8090286255, -28.7309093475, 5.90310621262, 38.1891555786, 11.4219427109, 89.9548110962, 17.0241127014, 15.6962394714, -15.8520307541, 8.27297973633, -1.06993114948], [-55.1382675171, 106.702903748, -58.6803092957, 38.4436340332, 32.4762611389, -23.3249416351, 32.205581665, 17.0241127014, 104.432289124, 10.433965683, 27.8110542297, -17.5342159271, 17.4075164795], [25.5971908569, -48.5502433777, 59.151184082, -9.49654769897, 10.4998893738, -2.57176923752, -25.0885429382, 15.6962394714, 10.433965683, 67.9367370605, 8.20313835144, 18.4137382507, -13.5701799393], [-69.2739105225, 94.6354827881, -45.3984031677, 40.392326355, 8.62767219543, -4.51444387436, 26.9259204865, -15.8520307541, 27.8110542297, 8.20313835144, 83.5451126099, 7.97983932495, 24.6507511139], [49.2627906799, -38.8619918823, 49.3630256653, -23.8307552338, 3.22092652321, -3.4424636364, -14.2053422928, 8.27297973633, -17.5342159271, 18.4137382507, 7.97983932495, 61.0741157532, 5.32491636276], [-59.7341499329, 62.6961708069, -28.5812606812, 38.7544784546, 13.1073980331, -5.59916162491, 7.15945100784, -1.06993114948, 17.4075164795, -13.5701799393, 24.6507511139, 5.32491636276, 59.7203598022]],
        "icov": [[0.00573467975482, 0.000834171310998, -0.000850877491757, 0.00228732265532, 0.00153109640814, -0.00226891436614, 0.000924635212868, 0.00045099115232, -0.00227925484069, 0.00119369511958, 0.00195073720533, -0.00408357521519, 0.00281170499511], [0.000834171310998, 0.0139271672815, -0.00244391383603, 0.00809291470796, -0.00723707908764, 0.0105401454493, -0.00860807485878, 0.00762683944777, -0.0067795724608, 0.00763452984393, -0.0115690901875, 0.00929383002222, -0.00880534667522], [-0.000850877491757, -0.00244391383603, 0.0104928389192, -0.00914671830833, 0.00281990994699, -0.00391444470733, 0.00305814296007, -0.00647251028568, 0.00610737223178, -0.00818266998976, 0.00754546001554, -0.00892257317901, 0.00524493865669], [0.00228732265532, 0.00809291470796, -0.00914671830833, 0.0182071793824, -0.00671368185431, 0.00755101675168, -0.00474143493921, 0.00970724970102, -0.00888205971569, 0.0099855447188, -0.012747795321, 0.0131870377809, -0.010533166118], [0.00153109640814, -0.00723707908764, 0.00281990994699, -0.00671368185431, 0.0143682546914, -0.00799165852368, 0.000391448294977, -0.00314153241925, 0.00175277958624, -0.00881255045533, 0.0115456059575, -0.0101673789322, 0.00445694010705], [-0.00226891436614, 0.0105401454493, -0.00391444470733, 0.00755101675168, -0.00799165852368, 0.0202875211835, -0.00996110029519, 0.00176215090323, -0.000365527608665, 0.0067390492186, -0.0132501870394, 0.0140682868659, -0.00937371980399], [0.000924635212868, -0.00860807485878, 0.00305814296007, -0.00474143493921, 0.000391448294977, -0.00996110029519, 0.0176479183137, -0.00712697254494, 0.00216687866487, 0.00101403251756, 0.00378666468896, -0.00709919398651, 0.00990788917989], [0.00045099115232, 0.00762683944777, -0.00647251028568, 0.00970724970102, -0.00314153241925, 0.00176215090323, -0.00712697254494, 0.0239143744111, -0.0120061645284, 0.00342926871963, -0.0032392879948, 0.00566477701068, -0.00970440264791], [-0.00227925484069, -0.0067795724608, 0.00610737223178, -0.00888205971569, 0.00175277958624, -0.000365527608665, 0.00216687866487, -0.0120061645284, 0.0225680246949, -0.0106861516833, 0.0030474558007, 0.000238300388446, 0.0023449647706], [0.00119369511958, 0.00763452984393, -0.00818266998976, 0.0099855447188, -0.00881255045533, 0.0067390492186, 0.00101403251756, 0.00342926871963, -0.0106861516833, 0.0322748497128, -0.0159123949707, 0.0041323537007, 0.00193715665955], [0.00195073720533, -0.0115690901875, 0.00754546001554, -0.012747795321, 0.0115456059575, -0.0132501870394, 0.00378666468896, -0.0032392879948, 0.0030474558007, -0.0159123949707, 0.0341846086085, -0.019255971536, 0.00479459064081], [-0.00408357521519, 0.00929383002222, -0.00892257317901, 0.0131870377809, -0.0101673789322, 0.0140682868659, -0.00709919398651, 0.00566477701068, 0.000238300388446, 0.0041323537007, -0.019255971536, 0.0396594926715, -0.0168844684958], [0.00281170499511, -0.00880534667522, 0.00524493865669, -0.010533166118, 0.00445694010705, -0.00937371980399, 0.00990788917989, -0.00970440264791, 0.0023449647706, 0.00193715665955, 0.00479459064081, -0.0168844684958, 0.0342110209167]]
    },
    "melbands": {
        "dmean": [0.00138629379217, 0.00171739968937, 0.000490284990519, 0.000312258140184, 0.000213655293919, 0.000189867874724, 0.000164452387253, 0.000153059911099, 0.000179636728717, 0.000171079125721, 0.000131058463012, 0.000111412686238, 6.38474011794e-05, 7.17457369319e-05, 4.57035712316e-05, 6.76635754644e-05, 6.214408495e-05, 4.12278641306e-05, 3.86943465855e-05, 3.30081165885e-05, 3.59042387572e-05, 3.79642588086e-05, 4.15653521486e-05, 2.34467752307e-05, 1.6051431885e-05, 1.35715299621e-05, 9.86094164546e-06, 8.06189746072e-06, 6.15905901213e-06, 5.34990431333e-06, 4.73099498777e-06, 3.59049067811e-06, 2.39239875555e-06, 1.629634653e-06, 1.45731939938e-06, 1.13514613531e-06, 7.09944629307e-07, 7.26843040866e-07, 5.72445628677e-07, 3.65926524637e-07],
        "dmean2": [0.00229802029207, 0.00306187546812, 0.00084787083324, 0.000535795581527, 0.000352641742211, 0.000318978331052, 0.000278202322079, 0.000253891746979, 0.000288110924885, 0.000279377418337, 0.000205015559914, 0.000176337285666, 9.88113315543e-05, 0.000117674542707, 7.36686197342e-05, 0.000108495965833, 9.79030737653e-05, 6.55253024888e-05, 6.27564804745e-05, 5.42835223314e-05, 5.92953438172e-05, 6.28201305517e-05, 6.831560313e-05, 3.82782491215e-05, 2.67663199338e-05, 2.28753015108e-05, 1.70037528733e-05, 1.39353960549e-05, 1.06202151073e-05, 9.2500304163e-06, 8.20511922939e-06, 5.88685361436e-06, 3.9279716475e-06, 2.60568754129e-06, 2.17631213673e-06, 1.73903333689e-06, 1.09469704057e-06, 1.0719555803e-06, 8.46918737807e-07, 5.42408201909e-07],
        "dvar": [5.81001813771e-06, 1.12806392281e-05, 5.88603086271e-07, 3.87428514159e-07, 8.90084095317e-08, 1.10272523557e-07, 5.52538068632e-08, 7.2606681556e-08, 9.99271136948e-08, 1.25319289168e-07, 5.32482182791e-08, 3.91640710973e-08, 1.46827687786e-08, 2.45157991685e-08, 5.5187916459e-09, 1.74250907037e-08, 9.82037473563e-09, 3.89145382584e-09, 2.93516144723e-09, 1.97961402826e-09, 2.62416510743e-09, 2.33085462042e-09, 3.05696135072e-09, 6.98867352877e-10, 3.40251299358e-10, 2.46744569221e-10, 1.14831776032e-10, 1.23012738884e-10, 4.87919531167e-11, 4.21944597317e-11, 3.80693844504e-11, 1.98987042122e-11, 1.46566196679e-11, 8.75233045761e-12, 9.93065091964e-12, 7.54614426501e-12, 2.6363759266e-12, 3.84284054231e-12, 2.5384106709e-12, 8.90973818161e-13],
        "dvar2": [1.45141957546e-05, 3.19480750477e-05, 1.64291634519e-06, 1.06500158381e-06, 2.31869151435e-07, 2.95703301845e-07, 1.48831134084e-07, 1.86448929185e-07, 2.32313198012e-07, 3.14721290806e-07, 1.2556655804e-07, 8.8475204052e-08, 3.38219443563e-08, 6.227392646e-08, 1.33178419404e-08, 4.08101570315e-08, 2.33929249305e-08, 9.39942967904e-09, 7.75893926885e-09, 4.44507008979e-09, 6.64931310013e-09, 5.82988368691e-09, 7.97495314231e-09, 1.65880420511e-09, 8.48644321483e-10, 6.19377715783e-10, 3.0121261041e-10, 3.41414729821e-10, 1.3321663217e-10, 1.21004886666e-10, 1.06018159529e-10, 5.23717839929e-11, 3.36141080248e-11, 1.88475051538e-11, 1.63652841279e-11, 1.41989345628e-11, 5.24668329616e-12, 7.80396580691e-12, 5.39550782525e-12, 1.7683298402e-12],
        "max": [0.0198682975024, 0.0224254988134, 0.00696753617376, 0.00811943970621, 0.00366069586016, 0.00422087311745, 0.00302895507775, 0.00355754140764, 0.00479659438133, 0.00580328656361, 0.00295692496002, 0.00277661834843, 0.00152900523972, 0.0024810153991, 0.000965780986007, 0.00175989361014, 0.00130281725433, 0.000810066354461, 0.000664092949592, 0.000844534893986, 0.000829072785564, 0.000727239006665, 0.000618599180598, 0.000291347329039, 0.000348086614395, 0.000300623592921, 0.000158957176609, 0.000142832359415, 7.93444924057e-05, 7.6824981079e-05, 7.48979655327e-05, 6.39389327262e-05, 8.80615698406e-05, 5.84607332712e-05, 8.57735649333e-05, 4.88333571411e-05, 2.69314132311e-05, 2.94207729894e-05, 2.26791071327e-05, 1.49493434947e-05],
        "mean": [0.00192845764104, 0.00208887876943, 0.000814103404991, 0.000403987563914, 0.000350613176124, 0.000281041051494, 0.000272660894552, 0.000227916840231, 0.000286503200186, 0.000258421117906, 0.000219439520151, 0.000174077984411, 0.000103872735053, 0.000113798138045, 8.04888331913e-05, 0.000113582646009, 0.000114702561405, 7.69286925788e-05, 7.44828357711e-05, 6.29756978014e-05, 7.06147620804e-05, 7.91907150415e-05, 8.15999374026e-05, 5.21176407347e-05, 3.49754554918e-05, 3.06721558445e-05, 2.08893616218e-05, 1.46876009239e-05, 1.33987041409e-05, 1.14932718134e-05, 9.6545818451e-06, 8.13780479803e-06, 5.3698222473e-06, 3.57161457032e-06, 3.08887319989e-06, 2.22955759455e-06, 1.37082270157e-06, 1.23194183743e-06, 1.02109027011e-06, 6.48419870686e-07],
        "median": [0.000854156678542, 0.00132272660267, 0.000618233229034, 0.000261505309027, 0.0002345276298, 0.000173835578607, 0.000169557941263, 0.000131938606501, 0.000148971535964, 0.000137640425237, 9.6007323009e-05, 8.54322715895e-05, 5.33740421815e-05, 5.66172166145e-05, 4.89099184051e-05, 5.77422870265e-05, 5.92999131186e-05, 4.7189911129e-05, 4.91268001497e-05, 4.71717794426e-05, 5.29254903086e-05, 6.04596680205e-05, 5.54676771571e-05, 4.11058390455e-05, 2.96259149764e-05, 2.60006363533e-05, 1.76668418135e-05, 1.1611269656e-05, 1.11267909233e-05, 9.75161492534e-06, 7.83429459261e-06, 6.66644336889e-06, 3.64451580026e-06, 2.21221762331e-06, 1.57128647515e-06, 8.74968407061e-07, 6.12250687482e-07, 4.78687866234e-07, 3.77247090455e-07, 2.3959469786e-07],
        "min": [2.01184411708e-05, 2.27745840675e-05, 1.60664694704e-05, 1.881035314e-05, 6.33872696199e-06, 8.35364426166e-06, 8.67449125508e-06, 7.26470534573e-06, 8.06816842669e-06, 8.92276602826e-06, 6.00532939643e-06, 3.5038929127e-06, 4.60860064777e-06, 1.88138039903e-06, 3.71506212105e-06, 1.69845100118e-06, 2.88946216642e-06, 2.97191672871e-06, 3.93858545067e-06, 2.00808790396e-06, 5.74880368731e-06, 9.89786803984e-06, 1.76891842329e-06, 6.00734892942e-06, 4.15123986386e-06, 3.71557848666e-06, 3.52803112946e-06, 1.06388506538e-06, 2.58477552961e-06, 1.9129854536e-06, 1.1094770116e-06, 1.1556909385e-06, 5.92932337895e-07, 2.44255403459e-07, 1.34504873017e-07, 5.63625803807e-08, 3.12804147029e-08, 1.47750043311e-08, 5.26715382421e-09, 1.62846656732e-12],
