{
"highlevel": {
    "danceability": {
        "all": {
            "danceable": 0.986186563969,
            "not_danceable": 0.013813440688
        },
        "probability": 0.986186563969,
        "value": "danceable"
    },
    "gender": {
        "all": {
            "female": 0.897686719894,
            "male": 0.102313287556
        },
        "probability": 0.897686719894,
        "value": "female"
    },
    "genre_dortmund": {
        "all": {
            "alternative": 0.0833345800638,
            "blues": 0.150932133198,
            "electronic": 0.165921136737,
            "folkcountry": 0.148995861411,
            "funksoulrnb": 0.0460088141263,
            "jazz": 0.131121531129,
            "pop": 0.116223312914,
            "raphiphop": 0.0785793960094,
            "rock": 0.078883215785
        },
        "probability": 0.165921136737,
        "value": "electronic"
    },
    "genre_electronic": {
        "all": {
            "ambient": 0.550919950008,
            "dnb": 0.131540134549,
            "house": 0.268926024437,
            "techno": 0.0213761255145,
            "trance": 0.0272377766669
        },
        "probability": 0.550919950008,
        "value": "ambient"
    },
    "genre_rosamerica": {
        "all": {
            "cla": 0.00762212788686,
            "dan": 0.021155256778,
            "hip": 0.0934415459633,
            "jaz": 0.0258874408901,
            "pop": 0.700136363506,
            "rhy": 0.0836238488555,
            "roc": 0.0516484826803,
            "spe": 0.0164849180728
        },
        "probability": 0.700136363506,
        "value": "pop"
    },
    "genre_tzanetakis": {
        "all": {
            "blu": 0.0626613423228,
            "cla": 0.0348169617355,
            "cou": 0.104475811124,
            "dis": 0.0784321576357,
            "hip": 0.15692435205,
            "jaz": 0.313974827528,
            "met": 0.0448166541755,
            "pop": 0.0627359300852,
            "reg": 0.0627360641956,
            "roc": 0.0784258767962
        },
        "probability": 0.313974827528,
        "value": "jaz"
    },
    "ismir04_rhythm": {
        "all": {
            "ChaChaCha": 0.0516300909221,
            "Jive": 0.0202216636389,
            "Quickstep": 0.0594618879259,
            "Rumba-American": 0.0237425100058,
            "Rumba-International": 0.634101748466,
            "Rumba-Misc": 0.0287499371916,
            "Samba": 0.13194026053,
            "Tango": 0.0142944501713,
            "VienneseWaltz": 0.0210254732519,
            "Waltz": 0.0148319704458
        },
        "probability": 0.634101748466,
        "value": "Rumba-International"
    },
    "mood_acoustic": {
        "all": {
            "acoustic": 0.104352831841,
            "not_acoustic": 0.895647168159
        },
        "probability": 0.895647168159,
        "value": "not_acoustic"
    },
    "mood_aggressive": {
        "all": {
            "aggressive": 0.0551239326596,
            "not_aggressive": 0.944876074791
        },
        "probability": 0.944876074791,
        "value": "not_aggressive"
    },
    "mood_electronic": {
        "all": {
            "electronic": 0.857592523098,
            "not_electronic": 0.142407491803
        },
        "probability": 0.857592523098,
        "value": "electronic"
    },
    "mood_happy": {
        "all": {
            "happy": 0.37417024374,
            "not_happy": 0.62582975626
        },
        "probability": 0.62582975626,
        "value": "not_happy"
    },
    "mood_party": {
        "all": {
            "not_party": 0.88257843256,
            "party": 0.117421545088
        },
        "probability": 0.88257843256,
        "value": "not_party"
    },
    "mood_relaxed": {
        "all": {
            "not_relaxed": 1.48865992742e-05,
            "relaxed": 0.999985098839
        },
        "probability": 0.999985098839,
        "value": "relaxed"
    },
    "mood_sad": {
        "all": {
            "not_sad": 0.410360425711,
            "sad": 0.589639604092
        },
        "probability": 0.589639604092,
        "value": "sad"
    },
    "moods_mirex": {
        "all": {
            "Cluster1": 0.152403175831,
            "Cluster2": 0.157841160893,
            "Cluster3": 0.505655825138,
            "Cluster4": 0.125296801329,
            "Cluster5": 0.0588030293584
        },
        "probability": 0.505655825138,
        "value": "Cluster3"
    },
    "timbre": {
        "all": {
            "bright": 0.370738595724,
            "dark": 0.629261434078
        },
        "probability": 0.629261434078,
        "value": "dark"
    },
    "tonal_atonal": {
        "all": {
            "atonal": 0.87512665987,
            "tonal": 0.12487334013
        },
        "probability": 0.87512665987,
        "value": "atonal"
    },
    "voice_instrumental": {
        "all": {
            "instrumental": 0.379150927067,
            "voice": 0.620849072933
        },
        "probability": 0.620849072933,
        "value": "voice"
    }
},
"lowlevel": {
    "average_loudness": 0.962741017342,
    "barkbands_crest": {
        "dmean": 2.27542304993,
        "dmean2": 3.45944738388,
        "dvar": 4.7968583107,
        "dvar2": 11.0282144547,
        "max": 25.0848693848,
        "mean": 13.8554792404,
        "median": 13.7953596115,
        "min": 5.24565410614,
        "var": 14.7322015762
    },
    "barkbands_flatness_db": {
        "dmean": 0.0314345285296,
        "dmean2": 0.0430410094559,
        "dvar": 0.0010438952595,
        "dvar2": 0.00199089664966,
        "max": 0.60712903738,
        "mean": 0.257202297449,
        "median": 0.251329153776,
        "min": 0.0776885077357,
        "var": 0.00599062256515
    },
    "barkbands_kurtosis": {
        "dmean": 6.4105219841,
        "dmean2": 9.88001918793,
        "dvar": 82.3398284912,
        "dvar2": 180.354827881,
        "max": 140.969451904,
        "mean": 11.1757602692,
        "median": 7.6789932251,
        "min": -1.34067106247,
        "var": 167.235137939
    },
    "barkbands_skewness": {
        "dmean": 0.766653239727,
        "dmean2": 1.15659964085,
        "dvar": 0.547198295593,
        "dvar2": 1.17289090157,
        "max": 10.4198827744,
        "mean": 2.61103439331,
        "median": 2.41853475571,
        "min": -0.181487068534,
        "var": 1.76565885544
    },
    "barkbands_spread": {
        "dmean": 4.26868581772,
        "dmean2": 6.31991672516,
        "dvar": 36.8109550476,
        "dvar2": 80.7522354126,
        "max": 59.5411376953,
        "mean": 10.0544509888,
        "median": 7.51220655441,
        "min": 0.945612430573,
        "var": 77.5567169189
    },
    "dissonance": {
        "dmean": 0.0279677063227,
        "dmean2": 0.0463014803827,
        "dvar": 0.000740124785807,
        "dvar2": 0.001961766975,
        "max": 0.49866604805,
        "mean": 0.435689628124,
        "median": 0.441538214684,
        "min": 0.200606286526,
        "var": 0.00201405235566
    },
    "dynamic_complexity": 2.20964431763,
    "erbbands_crest": {
        "dmean": 3.06269621849,
        "dmean2": 4.93709135056,
        "dvar": 7.80941820145,
        "dvar2": 18.5829811096,
        "max": 28.5590629578,
        "mean": 10.2225198746,
        "median": 9.19537448883,
        "min": 3.03797602654,
        "var": 21.4766597748
    },
    "erbbands_flatness_db": {
        "dmean": 0.0264806561172,
        "dmean2": 0.0383169054985,
        "dvar": 0.000832626712508,
        "dvar2": 0.0015528195072,
        "max": 0.465716660023,
        "mean": 0.19104115665,
        "median": 0.186900570989,
        "min": 0.0663119703531,
        "var": 0.00465459609404
    },
    "erbbands_kurtosis": {
        "dmean": 1.75513279438,
        "dmean2": 2.84233784676,
        "dvar": 3.52231764793,
        "dvar2": 9.07565307617,
        "max": 16.6678657532,
        "mean": 1.87770688534,
        "median": 1.42699956894,
        "min": -1.82200288773,
        "var": 7.02265501022
    },
    "erbbands_skewness": {
        "dmean": 0.502109706402,
        "dmean2": 0.765003204346,
        "dvar": 0.213942021132,
        "dvar2": 0.522339046001,
        "max": 3.09094309807,
        "mean": 0.749722838402,
        "median": 0.827943265438,
        "min": -2.26289606094,
        "var": 0.682226717472
    },
    "erbbands_spread": {
        "dmean": 13.3269729614,
        "dmean2": 20.8469562531,
        "dvar": 342.306549072,
        "dvar2": 737.552978516,
        "max": 154.936096191,
        "mean": 34.6482925415,
        "median": 24.8515930176,
        "min": 4.38418149948,
        "var": 687.575317383
    },
    "hfc": {
        "dmean": 7.93283176422,
        "dmean2": 11.9387559891,
        "dvar": 251.65914917,
        "dvar2": 614.871948242,
        "max": 214.058395386,
        "mean": 18.3210601807,
        "median": 14.5079975128,
        "min": 1.3341833353,
        "var": 329.363922119
    },
    "melbands_crest": {
        "dmean": 3.01093673706,
        "dmean2": 4.54394102097,
        "dvar": 8.31610679626,
        "dvar2": 19.4666576385,
        "max": 35.1373214722,
        "mean": 20.8170433044,
        "median": 20.2857437134,
        "min": 7.15631198883,
        "var": 30.9575996399
    },
    "melbands_flatness_db": {
        "dmean": 0.0395492985845,
        "dmean2": 0.0525462217629,
        "dvar": 0.00162562215701,
        "dvar2": 0.00304731470533,
        "max": 0.769833981991,
        "mean": 0.356017500162,
        "median": 0.352891266346,
        "min": 0.113501556218,
        "var": 0.0096235787496
    },
    "melbands_kurtosis": {
        "dmean": 15.0395765305,
        "dmean2": 23.1438331604,
        "dvar": 525.017333984,
        "dvar2": 1255.26062012,
        "max": 274.021575928,
        "mean": 26.0946331024,
        "median": 15.7578983307,
        "min": -0.918781280518,
        "var": 988.736450195
    },
    "melbands_skewness": {
        "dmean": 1.10247325897,
        "dmean2": 1.66903913021,
        "dvar": 1.38089561462,
        "dvar2": 3.01599025726,
        "max": 14.2208242416,
        "mean": 3.65172433853,
        "median": 3.18969035149,
        "min": 0.0403776355088,
        "var": 4.32877349854
    },
    "melbands_spread": {
        "dmean": 2.95503878593,
        "dmean2": 4.47925376892,
        "dvar": 16.0774517059,
        "dvar2": 34.0753517151,
        "max": 56.6008148193,
        "mean": 7.83589982986,
        "median": 6.49882459641,
        "min": 0.847672224045,
        "var": 31.5282325745
    },
    "pitch_salience": {
        "dmean": 0.0691250860691,
        "dmean2": 0.109375566244,
        "dvar": 0.00471797864884,
        "dvar2": 0.0114593580365,
        "max": 0.767010748386,
        "mean": 0.423408985138,
        "median": 0.418664872646,
        "min": 0.116198241711,
        "var": 0.0119994739071
    },
    "silence_rate_20dB": {
        "dmean": 0,
        "dmean2": 0,
        "dvar": 0,
        "dvar2": 0,
        "max": 1,
        "mean": 1,
        "median": 1,
        "min": 1,
        "var": 0
    },
    "silence_rate_30dB": {
        "dmean": 0.106811143458,
        "dmean2": 0.213787764311,
        "dvar": 0.0954008921981,
        "dvar2": 0.206812500954,
        "max": 1,
        "mean": 0.83836042881,
        "median": 1,
        "min": 0,
        "var": 0.135510802269
    },
    "silence_rate_60dB": {
        "dmean": 0,
        "dmean2": 0,
        "dvar": 0,
        "dvar2": 0,
        "max": 0,
        "mean": 0,
        "median": 0,
        "min": 0,
        "var": 0
    },
    "spectral_centroid": {
        "dmean": 227.955200195,
        "dmean2": 320.949951172,
        "dvar": 106519.09375,
        "dvar2": 193582.5,
        "max": 3724.48144531,
        "mean": 786.815917969,
        "median": 562.882751465,
        "min": 171.682662964,
        "var": 361401.6875
    },
    "spectral_complexity": {
        "dmean": 3.14009284973,
        "dmean2": 4.34237003326,
        "dvar": 14.8821172714,
        "dvar2": 22.7627391815,
        "max": 62,
        "mean": 14.7795820236,
        "median": 13,
        "min": 3,
        "var": 62.9529190063
    },
    "spectral_decrease": {
        "dmean": 4.38675362702e-09,
        "dmean2": 6.48690567928e-09,
        "dvar": 3.01437022924e-17,
        "dvar2": 6.70384490802e-17,
        "max": -3.42101413864e-09,
        "mean": -1.87248900829e-08,
        "median": -1.73755978494e-08,
        "min": -8.23327042099e-08,
        "var": 1.04306800264e-16
    },
    "spectral_energy": {
        "dmean": 0.0169493053108,
        "dmean2": 0.025104355067,
        "dvar": 0.000454315682873,
        "dvar2": 0.00101094250567,
        "max": 0.31476137042,
        "mean": 0.0723338276148,
        "median": 0.0669720321894,
        "min": 0.01350659132,
        "var": 0.00155471230391
    },
    "spectral_energyband_high": {
        "dmean": 0.000549610995222,
        "dmean2": 0.000865688140038,
        "dvar": 1.42702992889e-06,
        "dvar2": 3.55890051651e-06,
        "max": 0.00982460938394,
        "mean": 0.000589968229178,
        "median": 5.75881022087e-05,
        "min": 1.27530173089e-08,
        "var": 1.55841235028e-06
    },
    "spectral_energyband_low": {
        "dmean": 0.0143309449777,
        "dmean2": 0.0214663203806,
        "dvar": 0.000379730161512,
        "dvar2": 0.000850784417707,
        "max": 0.273575395346,
        "mean": 0.0521326549351,
        "median": 0.0457185506821,
        "min": 0.00281750061549,
        "var": 0.00109300052281
    },
    "spectral_energyband_middle_high": {
        "dmean": 0.00140569359064,
        "dmean2": 0.00208498188294,
        "dvar": 1.34744905154e-05,
        "dvar2": 3.189549534e-05,
        "max": 0.0519819743931,
        "mean": 0.00246564974077,
        "median": 0.00154467031825,
        "min": 3.28576652464e-06,
        "var": 1.63426193467e-05
    },
    "spectral_energyband_middle_low": {
        "dmean": 0.00699820742011,
        "dmean2": 0.0110325487331,
        "dvar": 0.000122974743135,
        "dvar2": 0.00032890230068,
        "max": 0.111415274441,
        "mean": 0.0177172794938,
        "median": 0.0145948212594,
        "min": 0.00106832245365,
        "var": 0.00021267842385
    },
    "spectral_entropy": {
        "dmean": 0.287216663361,
        "dmean2": 0.40172970295,
        "dvar": 0.107385136187,
        "dvar2": 0.216676935554,
        "max": 8.36313819885,
        "mean": 6.98273134232,
        "median": 6.94108581543,
        "min": 4.88072347641,
        "var": 0.482239186764
    },
    "spectral_flux": {
        "dmean": 0.0317449085414,
        "dmean2": 0.0500545427203,
        "dvar": 0.00138860335574,
        "dvar2": 0.00264135422185,
        "max": 0.488545268774,
        "mean": 0.102405287325,
        "median": 0.0936209633946,
        "min": 0.0174519885331,
        "var": 0.00354886893183
    },
    "spectral_kurtosis": {
        "dmean": 7.27781105042,
        "dmean2": 11.1261558533,
        "dvar": 203.47416687,
        "dvar2": 388.469207764,
        "max": 357.980194092,
        "mean": 14.8920688629,
        "median": 8.0563955307,
        "min": -0.917090892792,
        "var": 878.114074707
    },
    "spectral_rms": {
        "dmean": 0.000934907875489,
        "dmean2": 0.00137760350481,
        "dvar": 9.14880558867e-07,
        "dvar2": 2.07904395211e-06,
        "max": 0.0175238195807,
        "mean": 0.00811544433236,
        "median": 0.00808322709054,
        "min": 0.00363003602251,
        "var": 4.70909162686e-06
    },
    "spectral_rolloff": {
        "dmean": 165.015258789,
        "dmean2": 285.68536377,
        "dvar": 182511.265625,
        "dvar2": 483260.6875,
        "max": 6093.89648438,
        "mean": 390.111755371,
        "median": 322.998046875,
        "min": 64.599609375,
        "var": 183721.921875
    },
    "spectral_skewness": {
        "dmean": 0.649057090282,
        "dmean2": 0.965983986855,
        "dvar": 0.64361423254,
        "dvar2": 1.30343198776,
        "max": 14.92623806,
        "mean": 2.49600028992,
        "median": 2.2007894516,
        "min": 0.394886940718,
        "var": 2.9893682003
    },
    "spectral_spread": {
        "dmean": 938785.1875,
        "dmean2": 1323213,
        "dvar": 1.51837684531e+12,
        "dvar2": 3.1488933888e+12,
        "max": 12124527,
        "mean": 3753648.5,
        "median": 3250189,
        "min": 329218.03125,
        "var": 3.75756711526e+12
    },
    "spectral_strongpeak": {
        "dmean": 0.264583051205,
        "dmean2": 0.476555466652,
        "dvar": 0.307212769985,
        "dvar2": 0.759887874126,
        "max": 4.87995576859,
        "mean": 0.475807130337,
        "median": 0.304851412773,
        "min": 0,
        "var": 0.344727694988
    },
    "zerocrossingrate": {
        "dmean": 0.00740433903411,
        "dmean2": 0.00933483336121,
        "dvar": 7.6638374594e-05,
        "dvar2": 0.000106382045487,
        "max": 0.125,
        "mean": 0.0232709627599,
        "median": 0.017578125,
        "min": 0.00244140625,
        "var": 0.000288090319373
    },
    "barkbands": {
        "dmean": [0.00136666721664, 0.0112577602267, 0.00578010920435, 0.00142443052027, 0.00206235679798, 0.00202085450292, 0.0027200456243, 0.00159919995349, 0.000691499386448, 0.000224674498895, 0.000315728073474, 0.000267756462563, 0.000188316204003, 0.000173439475475, 0.000159408387844, 8.99117294466e-05, 0.000126273705973, 0.000141346143209, 0.000202490569791, 9.82434939942e-05, 7.80929549364e-05, 8.73463141033e-05, 0.000238369975705, 8.80727675394e-05, 3.03084834741e-05, 9.3072267191e-06, 1.11411786463e-08],
        "dmean2": [0.00207586074248, 0.0168776791543, 0.00965559016913, 0.00255344738252, 0.00323153170757, 0.00324711063877, 0.00415821559727, 0.00251771952026, 0.000994652975351, 0.000354984746082, 0.000498320499901, 0.000411869521486, 0.000304839457385, 0.000280968088191, 0.000237204803852, 0.000141756143421, 0.000201437491341, 0.000210819154745, 0.000306524831103, 0.000144769321196, 0.000118003772513, 0.000134455272928, 0.00040597456973, 0.000144294244819, 4.7460780479e-05, 1.43950628626e-05, 2.14542783539e-08],
        "dvar": [6.43669272904e-06, 0.000389544817153, 0.000148372564581, 2.53474554484e-05, 1.23768286358e-05, 2.23966271733e-05, 2.10733032873e-05, 8.42295594339e-06, 1.35619916364e-06, 1.31118156332e-07, 4.89240733259e-07, 3.56775444743e-07, 1.16222317104e-07, 2.85826331492e-07, 4.09887121577e-07, 2.0176045723e-07, 6.00696182573e-07, 2.45091626994e-07, 4.40419654524e-07, 1.62252035807e-07, 4.88088822692e-08, 2.95429867236e-08, 3.95356607896e-07, 4.08706561927e-08, 4.00128996603e-09, 6.53428477992e-10, 1.15941420893e-14],
        "dvar2": [1.33089070005e-05, 0.000953207549173, 0.000416312279413, 7.40348405088e-05, 2.69735828624e-05, 6.3631516241e-05, 4.9275229685e-05, 2.0014369511e-05, 2.65787275566e-06, 3.16998239214e-07, 1.16801800232e-06, 7.96489473487e-07, 2.76067225968e-07, 7.40280995615e-07, 9.98995119517e-07, 4.82992561501e-07, 1.59232627084e-06, 6.1583847355e-07, 1.07373182345e-06, 3.83082920052e-07, 1.15269926937e-07, 6.48590372521e-08, 1.04638377252e-06, 1.05281593221e-07, 9.01889585236e-09, 1.58613078227e-09, 3.45583614893e-14],
        "max": [0.0349059402943, 0.241412773728, 0.136959165335, 0.0634481161833, 0.0584774799645, 0.0627021417022, 0.0545215271413, 0.0315802581608, 0.016045993194, 0.0062402933836, 0.0128783760592, 0.0105648040771, 0.00346282264218, 0.00958062987775, 0.00815101526678, 0.00641041994095, 0.010573589243, 0.00808443408459, 0.00891148950905, 0.00583164673299, 0.00340545852669, 0.00179089081939, 0.00433430448174, 0.00154465762898, 0.000831801211461, 0.000316602847306, 2.45394130616e-06],
        "mean": [0.00584717839956, 0.0358146354556, 0.00997811742127, 0.00161655910779, 0.00466588325799, 0.00347724929452, 0.00433679809794, 0.00235996511765, 0.00109767529648, 0.00036710704444, 0.000453151995316, 0.000348368659616, 0.000258207932347, 0.000208230791031, 0.000177865993464, 9.13522089832e-05, 0.000125325706904, 0.000198236564756, 0.000254083919572, 0.000125062389998, 0.000109234111733, 9.71522022155e-05, 0.000192116465769, 8.25917813927e-05, 4.06527906307e-05, 1.10872333607e-05, 6.79255096614e-09],
        "median": [0.00351022742689, 0.0297993142158, 0.00603553280234, 0.000758476555347, 0.00263402238488, 0.0024136104621, 0.0016869045794, 0.000967784784734, 0.000495356332976, 0.000211685619433, 0.00019399310986, 8.9553926955e-05, 8.6669686425e-05, 5.65909322177e-05, 2.99814273603e-05, 1.85067710845e-05, 1.53134169523e-05, 6.84139449731e-05, 5.98425067437e-05, 1.68417009263e-05, 8.78823084349e-06, 5.37630057806e-06, 3.30316356667e-06, 7.70118094806e-06, 7.53293352318e-06, 1.49034417518e-06, 1.13304898797e-09],
        "min": [4.63999003841e-06, 0.00127861881629, 3.01473228319e-05, 9.17371835385e-06, 3.22298692481e-05, 9.04527187231e-05, 1.2814261936e-05, 5.33845650352e-06, 6.09378730587e-06, 1.43563670463e-06, 2.04837689921e-07, 9.50961833723e-08, 1.33705118088e-08, 1.17209273398e-08, 5.69432057063e-09, 7.80281617097e-10, 4.48473591597e-10, 3.07600589444e-09, 1.29573205498e-08, 7.76639819122e-09, 9.4322167854e-09, 8.46184844416e-10, 9.19879311612e-11, 1.36976624487e-10, 3.06166307584e-11, 2.58399864006e-11, 1.63766084027e-11],
        "var": [3.80191959266e-05, 0.000741961994208, 0.000154517751071, 1.56711230375e-05, 4.00812241423e-05, 2.01058537641e-05, 4.39117866335e-05, 1.33258772621e-05, 3.00246415463e-06, 2.4973797963e-07, 6.46575358587e-07, 5.47420142993e-07, 1.89232594039e-07, 2.72071645213e-07, 4.31711811189e-07, 1.86774045119e-07, 4.95897893416e-07, 2.74065541817e-07, 4.92083472636e-07, 1.87446246969e-07, 8.4247538723e-08, 4.28776587569e-08, 2.96338612316e-07, 3.74174646822e-08, 7.97946508868e-09, 8.00766564168e-10, 5.96102824762e-15]
    },
    "erbbands": {
        "dmean": [0.398814678192, 2.50397491455, 6.53660583496, 5.13301324844, 4.76149177551, 7.6886882782, 12.3506755829, 18.2997207642, 24.7833003998, 57.7305603027, 27.7143630981, 18.3802204132, 7.91804599762, 7.70267534256, 12.1894378662, 10.6760501862, 8.4974861145, 8.89506626129, 7.78075122833, 7.17438602448, 4.70036506653, 6.98005056381, 8.42915058136, 8.55096244812, 9.33992099762, 4.54723119736, 4.00159883499, 2.59967517853, 3.36268782616, 4.5440788269, 6.58366441727, 3.02417397499, 0.983797907829, 0.434433162212, 0.184799551964, 0.0611302219331, 0.014085390605, 0.000997180235572, 2.78654570138e-05, 1.97845893126e-05],
        "dmean2": [0.566144227982, 3.78888511658, 10.5184726715, 9.08124256134, 8.03027915955, 12.3237295151, 18.9823760986, 30.290348053, 40.8191947937, 87.7266464233, 42.5004882812, 26.1802616119, 12.6183786392, 12.4158744812, 19.0558395386, 16.5455570221, 13.6390018463, 14.328127861, 12.18126297, 11.0340423584, 7.07312202454, 11.1889858246, 12.6424045563, 12.6733875275, 14.3029565811, 6.72306537628, 6.09510612488, 3.93389868736, 5.21593999863, 7.47231197357, 11.2276153564, 5.00165128708, 1.58227705956, 0.691717684269, 0.290654718876, 0.0957552269101, 0.021694811061, 0.00160339020658, 4.33454988524e-05, 2.96422276733e-05],
        "dvar": [0.402858257294, 26.2105350494, 143.935028076, 289.851867676, 116.536605835, 208.552734375, 380.365844727, 2433.70678711, 2384.9387207, 11023.2324219, 2254.70947266, 1032.52124023, 143.410064697, 336.405792236, 720.168212891, 539.474121094, 210.678848267, 669.927307129, 790.041809082, 1021.56182861, 631.661071777, 1796.2097168, 1042.92675781, 935.409362793, 970.783081055, 394.590087891, 174.161819458, 35.1288566589, 47.7162895203, 112.866676331, 298.746276855, 56.9257926941, 4.1688914299, 0.792506456375, 0.180164381862, 0.0273461304605, 0.00138226838317, 9.3101971288e-06, 4.6339221349e-09, 6.5408267691e-10],
        "dvar2": [0.934731543064, 64.7266082764, 381.768676758, 834.082092285, 333.594268799, 446.144317627, 848.394348145, 6942.42626953, 6584.84667969, 23707.0761719, 5056.57373047, 2013.98388672, 371.945800781, 790.859680176, 1711.12939453, 1193.09667969, 494.830230713, 1795.16479492, 1835.09777832, 2519.41894531, 1440.90905762, 4821.77050781, 2649.08544922, 2331.33349609, 2346.39770508, 958.828735352, 435.545562744, 77.6161575317, 105.28125, 290.534118652, 791.815429688, 147.28137207, 10.4969711304, 1.81853103638, 0.414101749659, 0.0674380213022, 0.00323472218588, 2.46984436671e-05, 1.20978080886e-08, 1.48244239107e-09],
        "max": [7.24493741989, 62.4566078186, 130.470199585, 220.106185913, 134.411422729, 287.5753479, 266.85925293, 636.570678711, 592.578857422, 1244.61425781, 710.247741699, 481.441070557, 143.558609009, 429.472900391, 493.494384766, 355.896942139, 145.83039856, 507.99810791, 313.541564941, 463.808868408, 373.788879395, 583.345458984, 495.407775879, 484.533477783, 401.094543457, 284.788665771, 196.001785278, 78.0243148804, 81.2853088379, 79.948348999, 113.562919617, 46.1458930969, 22.5538883209, 11.6244373322, 5.51787185669, 1.87816798687, 0.42959946394, 0.0358912386, 0.000880377192516, 0.000344819331076],
        "mean": [1.58350813389, 5.87610816956, 12.1659431458, 7.63648462296, 7.57175350189, 17.0277042389, 25.1359653473, 28.6829376221, 40.5256118774, 87.9209365845, 44.2959976196, 29.6867713928, 13.7902421951, 12.2406511307, 18.2197341919, 14.4367113113, 12.161898613, 11.3611392975, 9.78321647644, 7.71507024765, 5.11245059967, 7.14497232437, 11.2711725235, 11.4279127121, 11.8549757004, 5.83740234375, 5.30939102173, 3.45502114296, 3.70159292221, 4.2338309288, 5.25274610519, 2.47467637062, 1.08972716331, 0.560991883278, 0.231915012002, 0.0732853040099, 0.0166591480374, 0.00105604610872, 5.95039600739e-05, 8.23884474812e-05],
        "median": [1.30589032173, 4.6749997139, 7.81067800522, 4.29168367386, 4.71418857574, 8.49701404572, 14.5997943878, 18.6337795258, 21.5695285797, 27.7881946564, 22.7089996338, 13.4191122055, 8.30880641937, 6.91305541992, 7.31747055054, 4.49062490463, 5.06871604919, 3.37935781479, 1.98634755611, 1.53269898891, 0.961057722569, 1.05670630932, 3.39674448967, 3.52173137665, 2.24633574486, 0.857953727245, 0.424857646227, 0.292026907206, 0.203635290265, 0.137633547187, 0.0933406278491, 0.0684092268348, 0.147252380848, 0.103751324117, 0.0334835909307, 0.00875757448375, 0.00269072386436, 0.000156802329002, 4.15313188569e-05, 7.59770045988e-05],
        "min": [0.0220093019307, 0.192035287619, 0.363317191601, 0.237248465419, 0.159008994699, 0.232308700681, 0.412593573332, 0.576113522053, 0.339090168476, 0.137527734041, 0.372067213058, 0.17651617527, 0.138487368822, 0.0304573047906, 0.0094274263829, 0.00583866098896, 0.00154554273468, 0.000850659096614, 0.000389304041164, 0.000117690782645, 6.3076702645e-05, 5.34858445462e-05, 0.000122885758174, 0.000288518465823, 0.00109943770804, 0.000382507801987, 0.0004544944386, 0.000186314457096, 4.97249966429e-05, 2.94422516163e-05, 1.2857688489e-05, 1.39779322126e-05, 1.27095599964e-05, 1.27393577714e-05, 1.08010472104e-05, 8.07146716397e-06, 4.08086816606e-06, 3.44964121268e-07, 6.5964895839e-06, 1.50745454448e-05],
        "var": [1.26247501373, 33.418674469, 180.502059937, 206.419250488, 101.994682312, 722.657897949, 983.942687988, 1921.6229248, 2705.97167969, 23195.7636719, 3735.18212891, 2254.99023438, 266.820068359, 454.805541992, 1015.12365723, 805.79699707, 349.780456543, 629.61529541, 921.442504883, 978.298522949, 668.964782715, 1439.00842285, 1077.53479004, 992.766418457, 1151.06079102, 430.501922607, 253.263793945, 60.9558868408, 67.0774459839, 99.0102920532, 222.85295105, 45.5098190308, 5.17755270004, 1.48150265217, 0.305011153221, 0.0337507165968, 0.00175980536733, 9.27149903873e-06, 5.28857890814e-09, 2.05116834628e-09]
    },
    "gfcc": {
        "mean": [-26.0087604523, 149.620300293, -75.4711761475, 32.7291946411, -52.5472183228, 9.9931268692, -22.5458431244, 21.5654277802, -17.0452384949, 8.45124435425, 5.68013858795, -3.93990182877, -6.62798929214],
        "cov": [[5509.22753906, -2668.71118164, -1154.64318848, 925.529052734, -536.437927246, 981.721252441, -729.964599609, 119.752403259, -115.39050293, 140.551849365, -237.748260498, 157.801330566, -335.024414062], [-2668.71118164, 2190.36987305, 359.903686523, -952.72467041, 536.034179688, -711.98034668, 325.543151855, 46.9387054443, -18.4917831421, -204.951919556, 328.363800049, -163.40838623, 170.650085449], [-1154.64318848, 359.903686523, 680.236022949, -135.840087891, -115.549255371, -96.9208679199, 118.548171997, -67.9411315918, 63.3500099182, -24.192949295, -25.2403640747, 9.59166812897, 36.6562271118], [925.529052734, -952.72467041, -135.840087891, 729.876647949, -272.380645752, 311.651428223, -123.232597351, -183.258087158, 149.402908325, 23.2730503082, -167.698196411, 37.1054496765, 0.960041463375], [-536.437927246, 536.034179688, -115.549255371, -272.380645752, 489.392913818, -310.00378418, -9.33648395538, 117.610671997, -110.332733154, 60.2060775757, 75.2922821045, -93.1679840088, 15.4057846069], [981.721252441, -711.98034668, -96.9208679199, 311.651428223, -310.00378418, 450.550415039, -82.9276809692, -105.544326782, 90.1037368774, -37.6527061462, -108.138267517, 69.3209075928, -43.8460960388], [-729.964599609, 325.543151855, 118.548171997, -123.232597351, -9.33648395538, -82.9276809692, 286.471038818, -16.1947135925, -8.43612480164, -19.7154159546, 19.3436355591, 0.220543444157, 41.5195617676], [119.752403259, 46.9387054443, -67.9411315918, -183.258087158, 117.610671997, -105.544326782, -16.1947135925, 232.929016113, -130.171691895, 58.8521385193, 58.0740737915, -35.172832489, -48.855052948], [-115.39050293, -18.4917831421, 63.3500099182, 149.402908325, -110.332733154, 90.1037368774, -8.43612480164, -130.171691895, 234.866226196, -65.2482833862, -29.6227169037, 21.7604389191, 35.8571281433], [140.551849365, -204.951919556, -24.192949295, 23.2730503082, 60.2060775757, -37.6527061462, -19.7154159546, 58.8521385193, -65.2482833862, 171.22026062, -23.7295475006, -14.1696271896, -39.5614356995], [-237.748260498, 328.363800049, -25.2403640747, -167.698196411, 75.2922821045, -108.138267517, 19.3436355591, 58.0740737915, -29.6227169037, -23.7295475006, 175.113616943, -27.5121021271, -9.06747436523], [157.801330566, -163.40838623, 9.59166812897, 37.1054496765, -93.1679840088, 69.3209075928, 0.220543444157, -35.172832489, 21.7604389191, -14.1696271896, -27.5121021271, 119.783256531, 7.06944465637], [-335.024414062, 170.650085449, 36.6562271118, 0.960041463375, 15.4057846069, -43.8460960388, 41.5195617676, -48.855052948, 35.8571281433, -39.5614356995, -9.06747436523, 7.06944465637, 139.810058594]],
        "icov": [[0.00136056891643, 0.000355131953256, 0.00164706003852, -7.93339665961e-07, 0.00105228158645, -0.001026444952, 0.00192532548681, -0.000674732844345, 0.0007613748312, -4.48227401648e-05, 0.000465753488243, -0.000323716696585, 0.000988229177892], [0.000355131953256, 0.0165464673191, -0.00195473292843, 0.0138828409836, -0.00535623263568, 0.0109233744442, -0.00536365341395, 0.0103303240612, -0.00549498805776, 0.0138115435839, -0.00886441208422, 0.0114397983998, -0.00554549368098], [0.00164706003852, -0.00195473292843, 0.00465412763879, -0.00102243060246, 0.00367847084999, -0.00151760177687, 0.0030092082452, -0.00150682055391, 0.00114959909115, -0.00245047477074, 0.00297083193436, -0.0015413655201, 0.00210042786784], [-7.93339665961e-07, 0.0138828409836, -0.00102243060246, 0.015072808601, -0.00326613849029, 0.00917785428464, -0.00404267571867, 0.0105250971392, -0.00569155672565, 0.0102081065997, -0.00587238697335, 0.0108012137935, -0.00524466624483], [0.00105228158645, -0.00535623263568, 0.00367847084999, -0.00326613849029, 0.00836139637977, -0.00131096073892, 0.00457667931914, -0.00346907158382, 0.00265217362903, -0.00581149896607, 0.00458147469908, -0.00199284683913, 0.00228667887859], [-0.001026444952, 0.0109233744442, -0.00151760177687, 0.00917785428464, -0.00131096073892, 0.0145287541673, -0.00451333029196, 0.00846719741821, -0.00471159815788, 0.0102193392813, -0.00441960757598, 0.00782837159932, -0.00304011581466], [0.00192532548681, -0.00536365341395, 0.0030092082452, -0.00404267571867, 0.00457667931914, -0.00451333029196, 0.00924444757402, -0.00381129141897, 0.00348171684891, -0.00512736057863, 0.00407825037837, -0.00425875326619, 0.00253833434545], [-0.000674732844345, 0.0103303240612, -0.00150682055391, 0.0105250971392, -0.00346907158382, 0.00846719741821, -0.00381129141897, 0.0153971491382, -0.00145959365182, 0.00724315317348, -0.00645170919597, 0.00857589300722, -0.00278138020076], [0.0007613748312, -0.00549498805776, 0.00114959909115, -0.00569155672565, 0.00265217362903, -0.00471159815788, 0.00348171684891, -0.00145959365182, 0.00938810314983, -0.00325009017251, 0.00271647120826, -0.00405831960961, 0.00200933031738], [-4.48227401648e-05, 0.0138115435839, -0.00245047477074, 0.0102081065997, -0.00581149896607, 0.0102193392813, -0.00512736057863, 0.00724315317348, -0.00325009017251, 0.0199084188789, -0.00609560403973, 0.00935307238251, -0.00289551308379], [0.000465753488243, -0.00886441208422, 0.00297083193436, -0.00587238697335, 0.00458147469908, -0.00441960757598, 0.00407825037837, -0.00645170919597, 0.00271647120826, -0.00609560403973, 0.0138101857156, -0.00521881040186, 0.004578798078], [-0.000323716696585, 0.0114397983998, -0.0015413655201, 0.0108012137935, -0.00199284683913, 0.00782837159932, -0.00425875326619, 0.00857589300722, -0.00405831960961, 0.00935307238251, -0.00521881040186, 0.0185478702188, -0.00506176892668], [0.000988229177892, -0.00554549368098, 0.00210042786784, -0.00524466624483, 0.00228667887859, -0.00304011581466, 0.00253833434545, -0.00278138020076, 0.00200933031738, -0.00289551308379, 0.004578798078, -0.00506176892668, 0.0120618175715]]
    },
    "melbands": {
        "dmean": [0.00311237480491, 0.00308817322366, 0.000864451634698, 0.000404530437663, 0.000426721468102, 0.000419218238676, 0.00041953966138, 0.000572153483517, 0.00020312932611, 0.000101929799712, 3.84256745747e-05, 3.04307886836e-05, 4.46639824077e-05, 3.158684558e-05, 2.46808722295e-05, 1.68464684975e-05, 1.74826382136e-05, 1.30219987113e-05, 1.22079882203e-05, 7.5653906606e-06, 5.06619744556e-06, 7.04463127477e-06, 8.02055819804e-06, 7.13183317202e-06, 6.95675180395e-06, 8.61051739776e-06, 4.43761655333e-06, 3.07659820464e-06, 2.74601347883e-06, 1.89825527741e-06, 1.5370295614e-06, 1.83623399153e-06, 1.86487898191e-06, 3.32675585923e-06, 4.40817939307e-06, 3.00656165564e-06, 1.39469523219e-06, 7.73600902448e-07, 4.39878050429e-07, 3.56359151965e-07],
        "dmean2": [0.00457719899714, 0.00488223787397, 0.00151268893387, 0.000652258866467, 0.000657772878185, 0.000683558231685, 0.000677693926264, 0.000869196781423, 0.00031037494773, 0.000147066413774, 6.19686179562e-05, 4.96325083077e-05, 6.9823981903e-05, 4.82427458337e-05, 3.94283815695e-05, 2.63475449174e-05, 2.86675167445e-05, 2.09835379792e-05, 1.91502913367e-05, 1.19769956655e-05, 7.85920201452e-06, 1.11560475489e-05, 1.27631219584e-05, 1.08531185106e-05, 1.03853190012e-05, 1.34958872877e-05, 6.9615684879e-06, 4.87629358759e-06, 4.32978413301e-06, 3.01144245896e-06, 2.40123745243e-06, 2.81850975625e-06, 2.9087650546e-06, 5.60942817174e-06, 7.58669148127e-06, 5.06182459503e-06, 2.26843189921e-06, 1.27364501168e-06, 7.05000616108e-07, 5.71469172428e-07],
        "dvar": [2.73024252238e-05, 2.77537092188e-05, 7.50310300646e-06, 4.76511871739e-07, 5.0770904636e-07, 1.16815283491e-06, 5.65029267818e-07, 1.02829756088e-06, 1.10538849185e-07, 3.16049550975e-08, 3.49479045703e-09, 5.10085618188e-09, 1.04626272091e-08, 5.61042501346e-09, 2.15061435327e-09, 1.02308328476e-09, 2.99295632722e-09, 2.05084949023e-09, 2.66996069698e-09, 1.26841315229e-09, 8.01398059025e-10, 1.98076954838e-09, 1.32219479809e-09, 6.57128351733e-10, 5.77077607922e-10, 8.75269523526e-10, 2.14770715101e-10, 2.33376484804e-10, 9.46660805301e-11, 2.8163018792e-11, 1.09847833954e-11, 1.36801733136e-11, 1.46889098107e-11, 7.20875789617e-11, 1.39197250948e-10, 6.30128241252e-11, 1.11704187566e-11, 2.75678958828e-12, 8.41188826494e-13, 5.66017610386e-13],
        "dvar2": [6.45973850624e-05, 6.57065902487e-05, 2.16770076804e-05, 1.19887022265e-06, 1.06197126115e-06, 3.33164643962e-06, 1.52110771978e-06, 2.24871155297e-06, 2.42691953645e-07, 6.20201205948e-08, 9.14051767609e-09, 1.20373604418e-08, 2.50436489324e-08, 1.1949414791e-08, 5.07569763997e-09, 2.39713204842e-09, 8.17151324384e-09, 4.77863970616e-09, 6.81464218388e-09, 3.01126479307e-09, 1.79766435071e-09, 5.21384446728e-09, 3.5646161578e-09, 1.67308900068e-09, 1.42411937798e-09, 2.22170171149e-09, 4.98416197203e-10, 6.12676798184e-10, 2.44779946312e-10, 6.81574310879e-11, 2.49119336271e-11, 2.9135107521e-11, 3.50485439282e-11, 1.90424773172e-10, 3.74971109718e-10, 1.64548805137e-10, 2.85187741478e-11, 7.12201304875e-12, 1.98369467554e-12, 1.27010229591e-12],
        "max": [0.0623283088207, 0.0589410960674, 0.0358730964363, 0.00905187986791, 0.0112683679909, 0.013980621472, 0.00823075417429, 0.0119686564431, 0.00473688403144, 0.00269710412249, 0.000713555433322, 0.00167533406056, 0.00202694744803, 0.0015729238512, 0.000502269773278, 0.000366579100955, 0.00109596713446, 0.000509755220264, 0.000653874769341, 0.000584352121223, 0.000449449144071, 0.000622380583081, 0.00050840980839, 0.000408233056078, 0.000403344049118, 0.000430051033618, 0.000198051726329, 0.000212566927075, 0.000145427300595, 8.43425586936e-05, 4.11826440541e-05, 4.55946283182e-05, 3.94922171836e-05, 6.72666647006e-05, 8.2518425188e-05, 5.02983384649e-05, 2.58470154222e-05, 1.72740310518e-05, 1.38122422868e-05, 1.05751823867e-05],
        "mean": [0.0118395332247, 0.00676491810009, 0.00137067143805, 0.000830134318676, 0.00092342577409, 0.000665208091959, 0.000699614116456, 0.000879943021573, 0.000319311104249, 0.000161193253007, 6.27887129667e-05, 4.6216420742e-05, 6.4303574618e-05, 4.23398741987e-05, 3.20186227327e-05, 2.38886714214e-05, 2.08301898965e-05, 1.5756513676e-05, 1.28059837152e-05, 7.74458476371e-06, 5.63404455534e-06, 6.78331480231e-06, 9.77332547336e-06, 9.51039328356e-06, 9.07542289497e-06, 1.01278328657e-05, 5.92378364672e-06, 3.37904180014e-06, 3.39259054272e-06, 2.6112870728e-06, 1.83253450814e-06, 2.04450020647e-06, 1.89891113678e-06, 2.89625086225e-06, 3.48132994077e-06, 2.25732514991e-06, 1.210441269e-06, 8.17452814772e-07, 5.39450468295e-07, 4.46568492407e-07],
        "median": [0.00957392435521, 0.00503883650526, 0.000858422601596, 0.000491879938636, 0.00050917401677, 0.000447587284725, 0.000354662741302, 0.000277781829936, 0.000170575047377, 7.32423504815e-05, 3.84865161323e-05, 2.56504117715e-05, 2.63958172582e-05, 1.08361891762e-05, 1.13927280836e-05, 7.64415199228e-06, 5.58502279091e-06, 3.13581699629e-06, 2.16161947719e-06, 1.60404670169e-06, 9.30165867885e-07, 7.76169315486e-07, 1.95213829102e-06, 3.30925240632e-06, 2.56639214058e-06, 1.96913470063e-06, 8.42059762363e-07, 4.18837771576e-07, 2.42774092385e-07, 2.03462406034e-07, 1.47208098156e-07, 1.18931666293e-07, 8.20781949074e-08, 7.58442908477e-08, 5.85704498235e-08, 2.9077826369e-08, 4.01970225994e-08, 9.70219247165e-08, 1.06122548971e-07, 7.80663285127e-08],
        "min": [0.00029509383603, 0.000199407440959, 4.59553739347e-05, 9.48818706092e-06, 1.2851003703e-05, 1.46339461935e-05, 3.91693492929e-06, 1.08269455268e-06, 2.0531467726e-06, 9.16667659112e-07, 4.24405072863e-07, 7.8541134485e-08, 2.63962895986e-08, 1.3155088574e-08, 4.33285407553e-09, 9.62284696371e-10, 1.34966571252e-09, 4.87853757392e-10, 3.1711766546e-10, 5.28417136436e-11, 4.78507754254e-11, 2.98547436772e-11, 5.33471669617e-11, 1.61971339119e-10, 1.73514008717e-10, 5.59377044684e-10, 6.10512640442e-10, 7.50905101987e-11, 2.10643336107e-10, 1.63385596719e-10, 6.45832276547e-11, 2.36441543428e-11, 1.16186175264e-11, 2.01912553517e-12, 1.71702907968e-12, 1.30328137605e-12, 2.04265293915e-12, 1.35842541642e-12, 4.67753656988e-13, 2.77183685076e-13],
