{
"highlevel": {
    "danceability": {
        "all": {
            "danceable": 0.999999880791,
            "not_danceable": 1.00000008274e-07
        },
        "probability": 0.999999880791,
        "value": "danceable"
    },
    "gender": {
        "all": {
            "female": 0.622126698494,
            "male": 0.377873301506
        },
        "probability": 0.622126698494,
        "value": "female"
    },
    "genre_dortmund": {
        "all": {
            "alternative": 0.0837183222175,
            "blues": 0.00393923697993,
            "electronic": 0.163068756461,
            "folkcountry": 0.0355925709009,
            "funksoulrnb": 0.0170117225498,
            "jazz": 0.0444172285497,
            "pop": 0.0777057483792,
            "raphiphop": 0.0117442132905,
            "rock": 0.562802195549
        },
        "probability": 0.562802195549,
        "value": "rock"
    },
    "genre_electronic": {
        "all": {
            "ambient": 0.0254570934922,
            "dnb": 0.00596727803349,
            "house": 0.0144506143406,
            "techno": 0.00310765905306,
            "trance": 0.951017379761
        },
        "probability": 0.951017379761,
        "value": "trance"
    },
    "genre_rosamerica": {
        "all": {
            "cla": 0.00014494334755,
            "dan": 0.903782188892,
            "hip": 0.000400336051825,
            "jaz": 0.000172200685483,
            "pop": 0.0139408465475,
            "rhy": 0.000281876797089,
            "roc": 0.0811631157994,
            "spe": 0.00011446474673
        },
        "probability": 0.903782188892,
        "value": "dan"
    },
    "genre_tzanetakis": {
        "all": {
            "blu": 0.0626613423228,
            "cla": 0.0348169617355,
            "cou": 0.104475811124,
            "dis": 0.0784321576357,
            "hip": 0.15692435205,
            "jaz": 0.313974827528,
            "met": 0.0448166541755,
            "pop": 0.0627359300852,
            "reg": 0.0627360641956,
            "roc": 0.0784258767962
        },
        "probability": 0.313974827528,
        "value": "jaz"
    },
    "ismir04_rhythm": {
        "all": {
            "ChaChaCha": 0.836502194405,
            "Jive": 0.0558081567287,
            "Quickstep": 0.00785682722926,
            "Rumba-American": 0.0117855090648,
            "Rumba-International": 0.0552549660206,
            "Rumba-Misc": 0.0022469193209,
            "Samba": 0.0215481501073,
            "Tango": 0.00141671008896,
            "VienneseWaltz": 0.00584913883358,
            "Waltz": 0.0017314129509
        },
        "probability": 0.836502194405,
        "value": "ChaChaCha"
    },
    "mood_acoustic": {
        "all": {
            "acoustic": 3.00000096379e-14,
            "not_acoustic": 1
        },
        "probability": 1,
        "value": "not_acoustic"
    },
    "mood_aggressive": {
        "all": {
            "aggressive": 0.6802521348,
            "not_aggressive": 0.319747895002
        },
        "probability": 0.6802521348,
        "value": "aggressive"
    },
    "mood_electronic": {
        "all": {
            "electronic": 0.998563408852,
            "not_electronic": 0.00143656460568
        },
        "probability": 0.998563408852,
        "value": "electronic"
    },
    "mood_happy": {
        "all": {
            "happy": 0.534115731716,
            "not_happy": 0.465884268284
        },
        "probability": 0.534115731716,
        "value": "happy"
    },
    "mood_party": {
        "all": {
            "not_party": 0.0226241517812,
            "party": 0.977375864983
        },
        "probability": 0.977375864983,
        "value": "party"
    },
    "mood_relaxed": {
        "all": {
            "not_relaxed": 0.198802500963,
            "relaxed": 0.801197528839
        },
        "probability": 0.801197528839,
        "value": "relaxed"
    },
    "mood_sad": {
        "all": {
            "not_sad": 0.900381326675,
            "sad": 0.0996186956763
        },
        "probability": 0.900381326675,
        "value": "not_sad"
    },
    "moods_mirex": {
        "all": {
            "Cluster1": 0.129382133484,
            "Cluster2": 0.042660843581,
            "Cluster3": 0.223588228226,
            "Cluster4": 0.0283023845404,
            "Cluster5": 0.576066434383
        },
        "probability": 0.576066434383,
        "value": "Cluster5"
    },
    "timbre": {
        "all": {
            "bright": 0.797890603542,
            "dark": 0.202109396458
        },
        "probability": 0.797890603542,
        "value": "bright"
    },
    "tonal_atonal": {
        "all": {
            "atonal": 0.247430548072,
            "tonal": 0.752569437027
        },
        "probability": 0.752569437027,
        "value": "tonal"
    },
    "voice_instrumental": {
        "all": {
            "instrumental": 0.215568169951,
            "voice": 0.784431815147
        },
        "probability": 0.784431815147,
        "value": "voice"
    }
},
"lowlevel": {
    "average_loudness": 0.954751014709,
    "barkbands_crest": {
        "dmean": 2.2896873951,
        "dmean2": 3.58380460739,
        "dvar": 6.92522573471,
        "dvar2": 13.3404636383,
        "max": 25.14153862,
        "mean": 10.4263534546,
        "median": 8.39435768127,
        "min": 2.26632261276,
        "var": 36.3444786072
    },
    "barkbands_flatness_db": {
        "dmean": 0.0251906979829,
        "dmean2": 0.0394451208413,
        "dvar": 0.00109277444426,
        "dvar2": 0.00228419480845,
        "max": 0.403016388416,
        "mean": 0.133933156729,
        "median": 0.0863002613187,
        "min": 0.032867256552,
        "var": 0.0089579988271
    },
    "barkbands_kurtosis": {
        "dmean": 8.87851142883,
        "dmean2": 13.6779327393,
        "dvar": 432.457000732,
        "dvar2": 1004.39337158,
        "max": 238.351974487,
        "mean": 13.8475818634,
        "median": 0.11085152626,
        "min": -1.68399846554,
        "var": 961.747070312
    },
    "barkbands_skewness": {
        "dmean": 0.717001795769,
        "dmean2": 1.1020578146,
        "dvar": 1.1499068737,
        "dvar2": 2.66239786148,
        "max": 10.9174184799,
        "mean": 2.05276060104,
        "median": 1.17049598694,
        "min": -0.323769271374,
        "var": 4.01085615158
    },
    "barkbands_spread": {
        "dmean": 6.56462621689,
        "dmean2": 9.9124584198,
        "dvar": 64.5959701538,
        "dvar2": 118.878738403,
        "max": 89.7213897705,
        "mean": 39.7990455627,
        "median": 46.1908302307,
        "min": 0.494186490774,
        "var": 595.95703125
    },
    "dissonance": {
        "dmean": 0.0151808727533,
        "dmean2": 0.0252876468003,
        "dvar": 0.000326912879245,
        "dvar2": 0.00084156403318,
        "max": 0.499743461609,
        "mean": 0.467909991741,
        "median": 0.480030953884,
        "min": 0.243452638388,
        "var": 0.00116079975851
    },
    "dynamic_complexity": 1.46898210049,
    "erbbands_crest": {
        "dmean": 2.04041004181,
        "dmean2": 3.3380010128,
        "dvar": 4.62834978104,
        "dvar2": 12.2832012177,
        "max": 20.9918708801,
        "mean": 7.04905986786,
        "median": 5.52602148056,
        "min": 2.21381688118,
        "var": 16.4838047028
    },
    "erbbands_flatness_db": {
        "dmean": 0.0150390509516,
        "dmean2": 0.0246474556625,
        "dvar": 0.000574897392653,
        "dvar2": 0.00139586883597,
        "max": 0.326825201511,
        "mean": 0.106785558164,
        "median": 0.0785703659058,
        "min": 0.0491237975657,
        "var": 0.00403769500554
    },
    "erbbands_kurtosis": {
        "dmean": 2.58006215096,
        "dmean2": 3.81840658188,
        "dvar": 49.8997268677,
        "dvar2": 96.3696060181,
        "max": 79.0064926147,
        "mean": 2.69892430305,
        "median": -0.589003801346,
        "min": -1.29744839668,
        "var": 99.658416748
    },
    "erbbands_skewness": {
        "dmean": 0.406131505966,
        "dmean2": 0.622511029243,
        "dvar": 0.511295437813,
        "dvar2": 1.03766810894,
        "max": 7.1282377243,
        "mean": 0.697502613068,
        "median": 0.208163172007,
        "min": -0.691347837448,
        "var": 1.7736030817
    },
    "erbbands_spread": {
        "dmean": 9.27813053131,
        "dmean2": 15.5064144135,
        "dvar": 93.1676101685,
        "dvar2": 227.870925903,
        "max": 102.090042114,
        "mean": 53.4464607239,
        "median": 58.4557800293,
        "min": 3.04434370995,
        "var": 429.214904785
    },
    "hfc": {
        "dmean": 14.8143215179,
        "dmean2": 21.7924098969,
        "dvar": 461.367248535,
        "dvar2": 936.079956055,
        "max": 278.884033203,
        "mean": 77.0174026489,
        "median": 80.522315979,
        "min": 3.6928730011,
        "var": 3006.7644043
    },
    "melbands_crest": {
        "dmean": 2.94452691078,
        "dmean2": 4.70515823364,
        "dvar": 11.717001915,
        "dvar2": 25.1703491211,
        "max": 33.3514099121,
        "mean": 16.3388538361,
        "median": 14.1980457306,
        "min": 3.85211491585,
        "var": 58.9469184875
    },
    "melbands_flatness_db": {
        "dmean": 0.0315792113543,
        "dmean2": 0.0482739582658,
        "dvar": 0.00172573362943,
        "dvar2": 0.00357713294216,
        "max": 0.501849234104,
        "mean": 0.183900535107,
        "median": 0.130220487714,
        "min": 0.038334865123,
        "var": 0.0139185488224
    },
    "melbands_kurtosis": {
        "dmean": 16.8897342682,
        "dmean2": 26.8575649261,
        "dvar": 1115.47705078,
        "dvar2": 2613.85375977,
        "max": 321.053100586,
        "mean": 30.0817050934,
        "median": 10.5606870651,
        "min": 0.42339015007,
        "var": 1966.95556641
    },
    "melbands_skewness": {
        "dmean": 1.02722406387,
        "dmean2": 1.62236177921,
        "dvar": 1.94109809399,
        "dvar2": 4.23890018463,
        "max": 13.4143762589,
        "mean": 3.67550182343,
        "median": 2.80714893341,
        "min": 0.845970153809,
        "var": 5.15065765381
    },
    "melbands_spread": {
        "dmean": 6.90123701096,
        "dmean2": 10.8856372833,
        "dvar": 74.3073272705,
        "dvar2": 153.543731689,
        "max": 92.9393081665,
        "mean": 28.4107818604,
        "median": 30.7065486908,
        "min": 0.642585873604,
        "var": 413.478057861
    },
    "pitch_salience": {
        "dmean": 0.0608354210854,
        "dmean2": 0.0989552289248,
        "dvar": 0.00588760338724,
        "dvar2": 0.0125282369554,
        "max": 0.822465002537,
        "mean": 0.541068911552,
        "median": 0.582640349865,
        "min": 0.0951864048839,
        "var": 0.0230741780251
    },
    "silence_rate_20dB": {
        "dmean": 0,
        "dmean2": 0,
        "dvar": 0,
        "dvar2": 0,
        "max": 1,
        "mean": 1,
        "median": 1,
        "min": 1,
        "var": 0
    },
    "silence_rate_30dB": {
        "dmean": 0.0386996902525,
        "dmean2": 0.0774593353271,
        "dvar": 0.0372030213475,
        "dvar2": 0.0792031139135,
        "max": 1,
        "mean": 0.928847670555,
        "median": 1,
        "min": 0,
        "var": 0.0660917535424
    },
    "silence_rate_60dB": {
        "dmean": 0,
        "dmean2": 0,
        "dvar": 0,
        "dvar2": 0,
        "max": 0,
        "mean": 0,
        "median": 0,
        "min": 0,
        "var": 0
    },
    "spectral_centroid": {
        "dmean": 208.439483643,
        "dmean2": 336.255859375,
        "dvar": 48456.6289062,
        "dvar2": 114494.8125,
        "max": 2858.80859375,
        "mean": 1581.41918945,
        "median": 1854.40490723,
        "min": 188.960342407,
        "var": 576070.875
    },
    "spectral_complexity": {
        "dmean": 4.1068110466,
        "dmean2": 6.41595649719,
        "dvar": 13.7888793945,
        "dvar2": 29.9065952301,
        "max": 56,
        "mean": 29.1152362823,
        "median": 33,
        "min": 3,
        "var": 200.360046387
    },
    "spectral_decrease": {
        "dmean": 2.73749023449e-09,
        "dmean2": 4.06305478151e-09,
        "dvar": 1.18128712021e-17,
        "dvar2": 1.86523090451e-17,
        "max": -1.37130096167e-09,
        "mean": -1.26415473645e-08,
        "median": -1.0774664716e-08,
        "min": -4.50303225819e-08,
        "var": 5.90632434526e-17
    },
    "spectral_energy": {
        "dmean": 0.0102654471993,
        "dmean2": 0.0153672862798,
        "dvar": 0.000148751874804,
        "dvar2": 0.000242831025389,
        "max": 0.172295704484,
        "mean": 0.0546977333724,
        "median": 0.0497196130455,
        "min": 0.00605237018317,
        "var": 0.00082868814934
    },
    "spectral_energyband_high": {
        "dmean": 0.00131954206154,
        "dmean2": 0.00190708623268,
        "dvar": 4.25008011007e-06,
        "dvar2": 8.33564809e-06,
        "max": 0.0253404825926,
        "mean": 0.00624053645879,
        "median": 0.00646945927292,
        "min": 1.89536581274e-06,
        "var": 2.54046899499e-05
    },
    "spectral_energyband_low": {
        "dmean": 0.00831484328955,
        "dmean2": 0.0124370325357,
        "dvar": 0.000256632338278,
        "dvar2": 0.000405049882829,
        "max": 0.165153518319,
        "mean": 0.0238063950092,
        "median": 0.0115599026904,
        "min": 3.86452757084e-06,
        "var": 0.00109098246321
    },
    "spectral_energyband_middle_high": {
        "dmean": 0.00220300466754,
        "dmean2": 0.00365585437976,
        "dvar": 6.05141030974e-06,
        "dvar2": 1.43901615957e-05,
        "max": 0.0299117732793,
        "mean": 0.00824949145317,
        "median": 0.00766776083037,
        "min": 3.60666890629e-05,
        "var": 4.02259538532e-05
    },
    "spectral_energyband_middle_low": {
        "dmean": 0.00530855124816,
        "dmean2": 0.0090127941221,
        "dvar": 5.08152734255e-05,
        "dvar2": 0.000144622827065,
        "max": 0.074649810791,
        "mean": 0.0186841487885,
        "median": 0.0145750660449,
        "min": 0.00155598018318,
        "var": 0.000182862597285
    },
    "spectral_entropy": {
        "dmean": 0.188093215227,
        "dmean2": 0.298550784588,
        "dvar": 0.106891408563,
        "dvar2": 0.257138073444,
        "max": 8.63289165497,
        "mean": 7.85113430023,
        "median": 8.27505970001,
        "min": 4.91995477676,
        "var": 0.90168184042
    },
    "spectral_flux": {
        "dmean": 0.0283325538039,
        "dmean2": 0.0433044396341,
        "dvar": 0.00147911440581,
        "dvar2": 0.00270655704662,
        "max": 0.373634815216,
        "mean": 0.106204710901,
        "median": 0.099159963429,
        "min": 0.0197594966739,
        "var": 0.00280391913839
    },
    "spectral_kurtosis": {
        "dmean": 2.08854961395,
        "dmean2": 3.36533641815,
        "dvar": 35.3733139038,
        "dvar2": 77.286781311,
        "max": 73.9697418213,
        "mean": 4.38889408112,
        "median": 1.59578323364,
        "min": 0.0397412776947,
        "var": 76.3561401367
    },
    "spectral_rms": {
        "dmean": 0.00068070407724,
        "dmean2": 0.00103778229095,
        "dvar": 4.87512352265e-07,
        "dvar2": 9.25748508962e-07,
        "max": 0.0129650821909,
        "mean": 0.0070742322132,
        "median": 0.00696469238028,
        "min": 0.00242996937595,
        "var": 3.31896103489e-06
    },
    "spectral_rolloff": {
        "dmean": 1123.97692871,
        "dmean2": 1687.85974121,
        "dvar": 2533668.25,
        "dvar2": 5090868,
        "max": 11864.7949219,
        "mean": 3504.31640625,
        "median": 2799.31640625,
        "min": 64.599609375,
        "var": 10517699
    },
    "spectral_skewness": {
        "dmean": 0.250422716141,
        "dmean2": 0.400387078524,
        "dvar": 0.28847938776,
        "dvar2": 0.652182221413,
        "max": 7.00492143631,
        "mean": 1.60312378407,
        "median": 1.2340760231,
        "min": 0.861513972282,
        "var": 0.997940778732
    },
    "spectral_spread": {
        "dmean": 686565.5,
        "dmean2": 1090349.625,
        "dvar": 546416689152,
        "dvar2": 1.42660350771e+12,
        "max": 11219318,
        "mean": 7349575,
        "median": 7912996,
        "min": 1101293.75,
        "var": 3.92246932275e+12
    },
    "spectral_strongpeak": {
        "dmean": 0.417073339224,
        "dmean2": 0.746916174889,
        "dvar": 0.611974775791,
        "dvar2": 1.69622027874,
        "max": 6.78198719025,
        "mean": 0.82101225853,
        "median": 0.590711236,
        "min": 0,
        "var": 0.790972828865
    },
    "zerocrossingrate": {
        "dmean": 0.0158237889409,
        "dmean2": 0.0183667130768,
        "dvar": 0.000334292039042,
        "dvar2": 0.000351326249074,
        "max": 0.27197265625,
        "mean": 0.11545226723,
        "median": 0.1328125,
        "min": 0.0078125,
        "var": 0.00484275864437
    },
    "barkbands": {
        "dmean": [0.000497181608807, 0.00688792159781, 0.00250716973096, 0.00267238263041, 0.00235310243443, 0.0011556178797, 0.000556332815904, 0.000485915807076, 0.00062901142519, 0.000597467413172, 0.00053455599118, 0.000481929484522, 0.000461843592348, 0.000491527374834, 0.000769988400862, 0.000204768497497, 0.000293581251753, 0.000206211087061, 0.00018952768005, 0.000164893019246, 0.000199882371817, 0.000230534045841, 0.00027271072031, 0.000336611497914, 0.000447447586339, 0.000382080062991, 9.62131849747e-08],
        "dmean2": [0.000806586758699, 0.0100178504363, 0.00429193722084, 0.00483879772946, 0.00377135979943, 0.00193378375843, 0.00093012524303, 0.000818810949568, 0.00103195931297, 0.000928574067075, 0.000821945723146, 0.000754650100134, 0.000776175933424, 0.000874193094205, 0.00125324900728, 0.000350709538907, 0.000510034617037, 0.000351546914317, 0.000316646619467, 0.000270738557447, 0.000329860835336, 0.000379255303415, 0.000437627837528, 0.000541065703146, 0.000688245811034, 0.000567866838537, 1.7576753919e-07],
        "dvar": [1.46571653659e-06, 0.000244919327088, 6.07615911576e-05, 2.09511053981e-05, 1.35026029966e-05, 3.31810201715e-06, 1.32467539515e-06, 1.31049762331e-06, 1.81959399015e-06, 1.1175019381e-06, 5.51430559881e-07, 5.00844407725e-07, 5.85763132221e-07, 8.82726737927e-07, 1.52263942255e-06, 6.96951829582e-08, 1.7289150378e-07, 1.07443185016e-07, 1.02232135646e-07, 3.58896983244e-08, 5.63442732471e-08, 7.46836832377e-08, 1.16869777855e-07, 2.20184617206e-07, 5.530848739e-07, 3.0449743349e-07, 6.14396635781e-14],
        "dvar2": [2.91576998279e-06, 0.000391344743548, 0.000167274323758, 6.43315797788e-05, 3.58983197657e-05, 9.19958165468e-06, 3.56568762072e-06, 3.49627703145e-06, 4.72408555652e-06, 2.90736352326e-06, 1.22175140405e-06, 1.17659544685e-06, 1.42731698816e-06, 2.53996267929e-06, 3.62603373105e-06, 1.7743566616e-07, 5.02211321418e-07, 2.861097812e-07, 2.51556315334e-07, 9.15579221328e-08, 1.41762441785e-07, 1.86488279041e-07, 2.77351091427e-07, 5.14909686444e-07, 1.27581256493e-06, 6.55225846913e-07, 1.67090191509e-13],
        "max": [0.0111605972052, 0.156680092216, 0.0810015052557, 0.0461763292551, 0.0588325597346, 0.0208225715905, 0.0185200944543, 0.0147265056148, 0.0166895445436, 0.0160316936672, 0.0140570085496, 0.00978337507695, 0.0101395631209, 0.0107203060761, 0.0138725694269, 0.00311317434534, 0.00526227569208, 0.00566198211163, 0.00748407002538, 0.00233189645223, 0.00298405694775, 0.00353137683123, 0.00433640321717, 0.00470860674977, 0.00856358371675, 0.00664059119299, 2.87836473944e-06],
        "mean": [0.00108715088572, 0.0174042470753, 0.00334966601804, 0.00467131752521, 0.00752267427742, 0.00281921913847, 0.000923357438296, 0.000825894472655, 0.00123650592286, 0.00126293988433, 0.00140483188443, 0.000890648458153, 0.000942540005781, 0.000756166293286, 0.00141909555532, 0.000409974716604, 0.000501156609971, 0.000385978579288, 0.000434951973148, 0.000467778998427, 0.000638968544081, 0.000748025602661, 0.000869781768415, 0.00102587905712, 0.00125465379097, 0.00144432426896, 6.31175325339e-08],
        "median": [6.03757580393e-05, 0.00410665897653, 0.00176763744093, 0.00197415659204, 0.00419186195359, 0.00183229183313, 0.000548376410734, 0.000525061273947, 0.000660908699501, 0.000852888450027, 0.000925853848457, 0.000545984774362, 0.000609331182204, 0.000422235520091, 0.000705350132193, 0.000310493953293, 0.00036256207386, 0.000304792454699, 0.000381208927138, 0.000439680792624, 0.000631918432191, 0.000766985933296, 0.000839955348056, 0.000958739954513, 0.00109584175516, 0.00142848456744, 2.790374376e-09],
        "min": [3.69153489999e-08, 1.80915367309e-06, 5.79453910632e-07, 6.05918376095e-06, 7.18577066436e-05, 1.17395929919e-05, 2.07113043871e-05, 4.02255045628e-06, 9.79742799245e-06, 1.63077277193e-06, 2.12608392758e-06, 1.12951954634e-06, 7.70304836806e-07, 9.25820586417e-07, 4.22539585543e-07, 2.65799997123e-07, 2.65857408976e-07, 3.40516976394e-07, 3.119977805e-07, 2.38223137217e-07, 2.70967149163e-07, 3.42330167769e-07, 2.83390932054e-07, 1.11354303556e-07, 3.42446249135e-09, 1.79668901978e-08, 1.07660070095e-11],
        "var": [5.2804571169e-06, 0.000916793185752, 4.38762726844e-05, 4.26703918492e-05, 8.15326347947e-05, 9.13427265914e-06, 1.34901893034e-06, 1.25181975363e-06, 2.56681641986e-06, 2.05901505979e-06, 2.5029421522e-06, 1.26869281303e-06, 1.40616486988e-06, 1.18286459383e-06, 3.25693622472e-06, 1.63807470699e-07, 2.82411207309e-07, 1.63767225558e-07, 1.8303195759e-07, 1.52997586156e-07, 2.64942400463e-07, 3.43796017432e-07, 5.32960996225e-07, 8.10690892195e-07, 1.49595462062e-06, 1.47303239828e-06, 4.16914936005e-14]
    },
    "erbbands": {
        "dmean": [0.274155050516, 1.50455498695, 3.00848340988, 5.73102140427, 8.86529827118, 8.44033527374, 9.48386669159, 9.05821704865, 7.16738653183, 9.21989917755, 10.5637273788, 16.1468601227, 20.3228740692, 19.8055438995, 17.7166309357, 22.5576553345, 21.2978229523, 28.5822963715, 28.0882263184, 24.1728286743, 13.781996727, 10.7753353119, 9.0719127655, 13.9884309769, 8.80194187164, 7.32084560394, 7.79493093491, 8.3048248291, 8.67161083221, 7.94446372986, 8.12231063843, 7.11715936661, 5.98399162292, 4.50088644028, 4.08636808395, 2.24888300896, 0.738920152187, 0.07923758775, 0.00126979616471, 5.36161605851e-05],
        "dmean2": [0.385569304228, 2.21291303635, 5.11011457443, 10.2777738571, 15.3008384705, 13.5705833435, 16.062538147, 14.9095191956, 11.5063581467, 15.7279014587, 17.1857471466, 26.4233779907, 32.7152404785, 30.0513343811, 28.9511165619, 35.2905502319, 36.140296936, 50.1447105408, 45.8919219971, 39.284992218, 23.9999065399, 18.3154144287, 15.0173301697, 23.9573230743, 14.5226097107, 12.127790451, 12.8262901306, 13.8155260086, 14.1084403992, 12.6578607559, 12.9389476776, 11.5697040558, 9.61235904694, 7.13334369659, 6.23858880997, 3.41267299652, 1.15440618992, 0.127757295966, 0.00200508907437, 8.26647592476e-05],
        "dvar": [0.467886805534, 12.9909706116, 83.6057434082, 127.453666687, 159.775192261, 194.290176392, 246.087677002, 249.597915649, 163.450546265, 497.922546387, 586.447998047, 1433.64587402, 2193.59790039, 808.928833008, 674.758972168, 1159.96166992, 1245.92224121, 2806.84033203, 1940.51550293, 1475.61560059, 359.773223877, 201.687179565, 121.197235107, 1065.57885742, 124.428535461, 71.9128189087, 86.8365020752, 96.5134353638, 102.942443848, 91.2702713013, 103.704391479, 90.6448974609, 76.7947845459, 41.5609855652, 49.555103302, 12.9125843048, 0.873960912228, 0.0089363893494, 2.37029234995e-06, 4.3592489618e-09],
        "dvar2": [0.6923802495, 27.743391037, 225.566833496, 379.70098877, 475.845123291, 532.971984863, 726.748168945, 604.188598633, 430.80770874, 1338.55224609, 1550.02563477, 3741.76025391, 5856.54589844, 1820.8861084, 1675.85131836, 2673.06738281, 3103.86938477, 8000.63525391, 4781.39599609, 3383.07250977, 977.777404785, 557.587585449, 308.062316895, 2557.79174805, 320.847686768, 193.741317749, 216.817977905, 247.048171997, 267.534210205, 217.379653931, 238.432510376, 219.970443726, 185.22946167, 97.9915390015, 117.502784729, 29.7057781219, 1.96042633057, 0.0238054282963, 5.93674349147e-06, 9.81764269881e-09],
        "max": [7.38169670105, 36.9951019287, 82.9894714355, 93.4214096069, 176.416183472, 195.341964722, 181.927368164, 220.367935181, 170.075042725, 276.530975342, 392.540740967, 500.479187012, 756.307189941, 487.17755127, 338.195953369, 484.560333252, 437.467498779, 615.699829102, 634.145141602, 483.037719727, 256.545440674, 143.017944336, 119.277732849, 841.126525879, 117.200653076, 102.07938385, 123.139511108, 108.424766541, 153.00831604, 113.84752655, 121.883247375, 94.6352844238, 90.0397491455, 76.961227417, 73.2427062988, 42.1510620117, 11.3222026825, 1.12899470329, 0.0188328903168, 0.000889694609214],
        "mean": [0.698639333248, 3.07032585144, 4.4380698204, 9.85189342499, 23.321472168, 24.7258586884, 22.9057712555, 21.4900379181, 13.3976411819, 15.3862085342, 20.8830776215, 32.0250854492, 38.6170501709, 49.7929916382, 43.7094039917, 43.7169036865, 43.7643470764, 50.6311950684, 54.3187484741, 50.2697257996, 26.7954044342, 22.4580879211, 20.8815326691, 24.6902198792, 21.3315010071, 21.4479141235, 23.8882064819, 25.8598937988, 27.1396331787, 25.8379192352, 24.8211021423, 21.2702217102, 17.3190670013, 12.9285774231, 9.7179813385, 6.18135738373, 2.8383409977, 0.242335185409, 0.00439369119704, 0.000278808962321],
        "median": [0.0523657724261, 0.990382909775, 2.37461900711, 4.86255264282, 11.7768507004, 12.3530893326, 14.605181694, 11.0063762665, 8.71149730682, 9.19983291626, 13.1066513062, 16.9603404999, 23.522567749, 32.495880127, 28.7542972565, 28.563041687, 28.9378795624, 32.694278717, 36.3619308472, 27.4587078094, 20.1978874207, 17.6076602936, 17.2059173584, 19.4993877411, 18.9407215118, 20.9267444611, 22.5809764862, 25.6986923218, 27.4720802307, 25.9268226624, 23.0258865356, 19.9254608154, 15.6689014435, 11.3797283173, 7.96188640594, 5.63087654114, 2.8587937355, 0.237906351686, 0.00433951430023, 0.00029150370392],
        "min": [6.10082279309e-05, 0.000419500167482, 0.00194058020134, 0.0224233549088, 0.089526206255, 0.278447270393, 0.402286112309, 0.11880505085, 0.449384301901, 0.360942572355, 0.218112170696, 0.304401099682, 0.159369766712, 0.163637399673, 0.119113773108, 0.0620569996536, 0.0704299584031, 0.0607205294073, 0.0288773961365, 0.036147531122, 0.0191305782646, 0.0208395700902, 0.0215083938092, 0.0232460815459, 0.0180182326585, 0.011639142409, 0.0133612025529, 0.0120287742466, 0.0128381270915, 0.00931413844228, 0.00888095516711, 0.00215284433216, 0.00306561868638, 0.000226596617722, 9.51020774664e-05, 0.000112708876259, 5.92824726482e-05, 2.83824692815e-06, 1.37853985507e-05, 1.67191974469e-05],
        "var": [1.97882175446, 27.7568454742, 66.2436294556, 169.002487183, 875.717041016, 957.94732666, 606.546264648, 894.843261719, 214.05015564, 451.689422607, 661.051696777, 1938.90039062, 2679.58032227, 3042.08569336, 2230.82617188, 2984.61572266, 2763.6652832, 3969.69384766, 4291.42626953, 3757.54052734, 700.317016602, 461.923156738, 349.706451416, 1262.09313965, 339.629577637, 306.797485352, 388.545471191, 432.317077637, 463.854492188, 434.15246582, 446.566162109, 342.128662109, 244.731918335, 140.512313843, 105.509185791, 35.392162323, 5.19097423553, 0.0406656078994, 1.27638741105e-05, 3.22526574337e-08]
    },
    "gfcc": {
        "mean": [76.0959777832, 45.4362411499, -80.3702087402, 23.2944755554, -58.9232025146, 26.3891143799, -43.1301498413, 8.38416385651, -34.4098701477, 7.37551355362, -26.0569114685, 6.45823526382, -15.5171070099],
        "cov": [[5960.06933594, -3204.33959961, -1364.00048828, -144.993774414, 87.6968231201, 766.866516113, 184.914550781, 677.301879883, 88.4276885986, 701.533508301, -10.1934089661, 518.375549316, 93.7820129395], [-3204.33959961, 2160.78320312, 903.609008789, 193.772735596, 43.536857605, -393.169494629, -76.5445709229, -375.236633301, 1.29256176949, -396.713439941, 45.2551727295, -302.191131592, -28.069644928], [-1364.00048828, 903.609008789, 626.106506348, 233.506912231, 126.171829224, -45.6175308228, 52.4671897888, -97.7917785645, 11.4770126343, -120.652427673, 29.0300521851, -92.4700164795, -6.13453245163], [-144.993774414, 193.772735596, 233.506912231, 252.624221802, 175.794342041, 123.070083618, 88.3174209595, 57.707485199, 38.6027297974, 25.1630897522, 22.6299743652, -0.551482319832, -0.87257361412], [87.6968231201, 43.536857605, 126.171829224, 175.794342041, 186.531845093, 156.233825684, 100.807701111, 80.5149383545, 56.7098655701, 62.8673706055, 22.2448863983, 29.9804058075, 12.8569364548], [766.866516113, -393.169494629, -45.6175308228, 123.070083618, 156.233825684, 268.569824219, 132.646209717, 170.784545898, 62.9040260315, 152.166397095, 21.2350635529, 96.4504013062, 27.9386978149], [184.914550781, -76.5445709229, 52.4671897888, 88.3174209595, 100.807701111, 132.646209717, 136.015838623, 108.13924408, 55.8076515198, 68.749168396, 27.3386135101, 48.8214988708, 14.8652105331], [677.301879883, -375.236633301, -97.7917785645, 57.707485199, 80.5149383545, 170.784545898, 108.13924408, 179.980789185, 63.5405426025, 124.599563599, 10.7045974731, 80.5098114014, 15.6484165192], [88.4276885986, 1.29256176949, 11.4770126343, 38.6027297974, 56.7098655701, 62.9040260315, 55.8076515198, 63.5405426025, 86.8534851074, 64.0095062256, 30.3145961761, 27.3464984894, 29.6218547821], [701.533508301, -396.713439941, -120.652427673, 25.1630897522, 62.8673706055, 152.166397095, 68.749168396, 124.599563599, 64.0095062256, 164.537078857, 43.7468910217, 93.2305221558, 32.59815979], [-10.1934089661, 45.2551727295, 29.0300521851, 22.6299743652, 22.2448863983, 21.2350635529, 27.3386135101, 10.7045974731, 30.3145961761, 43.7468910217, 77.0936889648, 36.7412376404, 27.2380847931], [518.375549316, -302.191131592, -92.4700164795, -0.551482319832, 29.9804058075, 96.4504013062, 48.8214988708, 80.5098114014, 27.3464984894, 93.2305221558, 36.7412376404, 97.5574035645, 35.0185089111], [93.7820129395, -28.069644928, -6.13453245163, -0.87257361412, 12.8569364548, 27.9386978149, 14.8652105331, 15.6484165192, 29.6218547821, 32.59815979, 27.2380847931, 35.0185089111, 57.6240997314]],
        "icov": [[0.00124350108672, 0.000551007280592, 0.00126357912086, -0.000761137576774, 0.000493113184348, -0.00145205657464, 0.00112864770927, -0.000949838839006, 0.000679713382851, -0.00103727984242, 0.000738168193493, -0.00160734029487, -0.000206340570003], [0.000551007280592, 0.00717636942863, -0.00457765581086, 0.00132321112324, -0.00504444958642, 0.00343299284577, 0.000325601082295, 0.00185160327237, -0.00743449665606, 0.00932958442718, -0.00847822334617, 0.00833840947598, -0.00150991347618], [0.00126357912086, -0.00457765581086, 0.0102106910199, -0.00696696387604, 0.0046563479118, -0.00319589837454, -0.00295274751261, 0.00144921115134, 0.00541743310168, -0.00633345032111, 0.00636107940227, -0.0069609102793, -0.000404619408073], [-0.000761137576774, 0.00132321112324, -0.00696696387604, 0.0202447641641, -0.0163892041892, 0.000275547266938, 0.0043382323347, -0.00709411548451, 0.00224508531392, 0.00426475889981, -0.00749356253073, 0.00787000451237, 0.000971400877461], [0.000493113184348, -0.00504444958642, 0.0046563479118, -0.0163892041892, 0.0351650640368, -0.0164571683854, -0.0043696234934, 0.00738275889307, -0.00422303471714, -0.00619845557958, 0.0098031219095, -0.0102035002783, 0.00348763656802], [-0.00145205657464, 0.00343299284577, -0.00319589837454, 0.000275547266938, -0.0164571683854, 0.0297703705728, -0.00859353970736, -0.00392199540511, 0.00381675502285, -0.00584441749379, 0.000569389667362, 0.00480395555496, -0.00562512176111], [0.00112864770927, 0.000325601082295, -0.00295274751261, 0.0043382323347, -0.0043696234934, -0.00859353970736, 0.0283201541752, -0.0152720175683, -0.00366900581867, 0.00742398900911, -0.00638958765194, -0.00438279565424, 0.00342613481916], [-0.000949838839006, 0.00185160327237, 0.00144921115134, -0.00709411548451, 0.00738275889307, -0.00392199540511, -0.0152720175683, 0.0333719477057, -0.0138415629044, -0.00236086733639, 0.0071160979569, -0.004720561672, 0.00558207463473], [0.000679713382851, -0.00743449665606, 0.00541743310168, 0.00224508531392, -0.00422303471714, 0.00381675502285, -0.00366900581867, -0.0138415629044, 0.0401448272169, -0.0231732781976, 0.0056007951498, 0.00235403655097, -0.0119253024459], [-0.00103727984242, 0.00932958442718, -0.00633345032111, 0.00426475889981, -0.00619845557958, -0.00584441749379, 0.00742398900911, -0.00236086733639, -0.0231732781976, 0.0464274436235, -0.0236892588437, 0.00441808300093, 0.00272645917721], [0.000738168193493, -0.00847822334617, 0.00636107940227, -0.00749356253073, 0.0098031219095, 0.000569389667362, -0.00638958765194, 0.0071160979569, 0.0056007951498, -0.0236892588437, 0.0390514023602, -0.0237123277038, -0.00104189082049], [-0.00160734029487, 0.00833840947598, -0.0069609102793, 0.00787000451237, -0.0102035002783, 0.00480395555496, -0.00438279565424, -0.004720561672, 0.00235403655097, 0.00441808300093, -0.0237123277038, 0.0522819831967, -0.0158572550863], [-0.000206340570003, -0.00150991347618, -0.000404619408073, 0.000971400877461, 0.00348763656802, -0.00562512176111, 0.00342613481916, 0.00558207463473, -0.0119253024459, 0.00272645917721, -0.00104189082049, -0.0158572550863, 0.0311921536922]]
    },
    "melbands": {
        "dmean": [0.00212375004776, 0.00161046988796, 0.0010925498791, 0.000595587014686, 0.000315236684401, 0.000201409609872, 0.000115055801871, 9.92005807348e-05, 8.49211937748e-05, 0.000107524967461, 9.89683830994e-05, 7.86642631283e-05, 5.99345912633e-05, 5.76583261136e-05, 3.82825528504e-05, 5.63717112527e-05, 5.97883263254e-05, 3.53529612767e-05, 6.78839205648e-05, 1.76108624146e-05, 1.97926347028e-05, 1.45763760884e-05, 8.94301956578e-06, 8.93429842108e-06, 1.26370096041e-05, 7.39648839954e-06, 6.22663810645e-06, 5.57265548196e-06, 5.34823720955e-06, 5.5720988712e-06, 5.57075827601e-06, 5.71866485188e-06, 5.10146810484e-06, 5.08597076987e-06, 5.28250711795e-06, 4.74070702694e-06, 4.88363411932e-06, 4.56729094367e-06, 4.51061896456e-06, 4.28858993473e-06],
        "dmean2": [0.00294428761117, 0.00257159210742, 0.00196962803602, 0.000933630741201, 0.000539105851203, 0.000333291507559, 0.000186271587154, 0.000169999490026, 0.000137104623718, 0.000176234505489, 0.000158772847499, 0.000119168718811, 9.66758088907e-05, 9.24894993659e-05, 6.1845217715e-05, 9.3569055025e-05, 0.000105828621599, 5.77005557716e-05, 0.000109943153802, 2.97807673633e-05, 3.49295369233e-05, 2.51212059084e-05, 1.5099743905e-05, 1.51419253598e-05, 2.17264496314e-05, 1.26404611365e-05, 1.0317815395e-05, 9.37630647968e-06, 8.87670830707e-06, 9.523879271e-06, 9.36657124839e-06, 9.36012474995e-06, 8.55304369907e-06, 8.30779663374e-06, 8.54965310282e-06, 7.91541242506e-06, 8.10508572613e-06, 7.45664237911e-06, 7.51406469135e-06, 6.85776740283e-06],
        "dvar": [2.36167506955e-05, 1.84408982022e-05, 3.64623019777e-06, 8.54324127886e-07, 2.50083729725e-07, 1.11106373879e-07, 4.68728096337e-08, 5.88795110446e-08, 3.1943020673e-08, 6.1385478034e-08, 5.19825320566e-08, 1.2677949357e-08, 7.41043759689e-09, 7.41852534958e-09, 2.20662021988e-09, 9.51026635221e-09, 1.35692443948e-08, 3.7515754947e-09, 1.48794505606e-08, 5.15745002261e-10, 8.66931137988e-10, 3.93942017896e-10, 1.32546626452e-10, 1.87100043791e-10, 8.91821505533e-10, 9.39188379845e-11, 7.15603201695e-11, 4.55158237489e-11, 3.92454298226e-11, 4.80716751128e-11, 4.38589789487e-11, 4.87752789546e-11, 3.67214383901e-11, 3.88544821317e-11, 4.6977682161e-11, 3.6423437183e-11, 4.33057131821e-11, 4.22142598655e-11, 3.85707056572e-11, 3.45686396175e-11],
        "dvar2": [3.40670667356e-05, 4.68907383038e-05, 1.09274942588e-05, 2.18566469812e-06, 7.30431452212e-07, 2.77775313862e-07, 1.24169829974e-07, 1.57558304181e-07, 8.33326438965e-08, 1.59490738838e-07, 1.38774595371e-07, 2.88324439879e-08, 1.79451724591e-08, 1.79432682046e-08, 5.51548806627e-09, 2.28181171735e-08, 3.90474603762e-08, 9.34368316052e-09, 3.53263907016e-08, 1.35533262391e-09, 2.47916287499e-09, 1.11169951023e-09, 3.53654217022e-10, 4.79363049255e-10, 2.13660267256e-09, 2.50726578388e-10, 1.88165427684e-10, 1.26471097484e-10, 1.02463898477e-10, 1.26278418278e-10, 1.16714124476e-10, 1.28948435263e-10, 9.48279649249e-11, 9.6005189909e-11, 1.07318154363e-10, 9.43289543698e-11, 1.07787695436e-10, 1.05868862288e-10, 9.89628309855e-11, 8.2115710065e-11],
        "max": [0.0529991276562, 0.0395376570523, 0.0161202251911, 0.0146202193573, 0.00487855216488, 0.00428721308708, 0.00323056406341, 0.00314323301427, 0.00284120696597, 0.00319774355739, 0.00367817422375, 0.0017767122481, 0.00109525478911, 0.00115741521586, 0.000581168802455, 0.00130735128187, 0.00135208922438, 0.000998175819404, 0.00147365103476, 0.00025833529071, 0.00042453414062, 0.000216849017306, 0.000118527008453, 0.00028171777376, 0.0007718426059, 0.000101645018731, 9.89539403236e-05, 8.46731563797e-05, 7.66244484112e-05, 7.77269597165e-05, 6.69016153552e-05, 0.000106579856947, 5.56307350053e-05, 6.82848549332e-05, 8.2420418039e-05, 5.97845973971e-05, 6.38901256025e-05, 6.92131143296e-05, 6.54074683553e-05, 6.92584144417e-05],
        "mean": [0.00536934379488, 0.00288957334124, 0.00214131968096, 0.00182421063073, 0.000826106814202, 0.000481846334878, 0.000209741250728, 0.00016567032435, 0.000170125000295, 0.000206697892281, 0.000183090538485, 0.000187178709893, 0.000149389816215, 0.000115639049909, 8.2185237261e-05, 0.000108368134534, 9.24953637877e-05, 6.54606556054e-05, 0.000119300319056, 3.49160181941e-05, 3.1348245102e-05, 2.59935768554e-05, 1.90412920347e-05, 1.77027213795e-05, 2.02483806788e-05, 1.55919988174e-05, 1.43545385072e-05, 1.43262850543e-05, 1.47186510731e-05, 1.47091132021e-05, 1.49381594383e-05, 1.55698580784e-05, 1.43824927363e-05, 1.43865081554e-05, 1.4671446479e-05, 1.31352780954e-05, 1.28808378577e-05, 1.21025632325e-05, 1.11300050776e-05, 1.08527956399e-05],
        "median": [0.000832340912893, 0.00158141297288, 0.00116121990141, 0.000909615075216, 0.00055549555691, 0.00027748363209, 0.000134460759, 0.00010442018538, 9.84741636785e-05, 9.93532958091e-05, 0.000108521642687, 0.00011833046301, 9.99871117529e-05, 8.39689819259e-05, 5.63477769902e-05, 6.42553495709e-05, 5.14344101248e-05, 4.15209615312e-05, 4.60273731733e-05, 2.57996289292e-05, 2.23728693527e-05, 1.91453054867e-05, 1.50198093252e-05, 1.44654668475e-05, 1.5053743482e-05, 1.2855978639e-05, 1.26730374177e-05, 1.28973970277e-05, 1.34623951453e-05, 1.41508107845e-05, 1.39472767842e-05, 1.50884588948e-05, 1.38351470014e-05, 1.35822192533e-05, 1.29495192596e-05, 1.20350678117e-05, 1.17498493637e-05, 1.07403720904e-05, 9.60961006058e-06, 9.17478428164e-06],
        "min": [4.94705318488e-07, 4.66285342782e-07, 3.66250674233e-06, 1.33587363962e-05, 1.48693070514e-05, 1.34756805892e-06, 4.9871059673e-06, 2.89423110189e-06, 1.0550238585e-06, 1.69398413163e-06, 6.74505031384e-07, 4.02988405312e-07, 3.38434233527e-07, 1.11084915488e-07, 1.73077737031e-07, 1.00477883791e-07, 9.56445163069e-08, 2.00098000391e-08, 3.41719896824e-08, 2.11410196016e-08, 1.96037888145e-08, 1.57959512137e-08, 2.02199483823e-08, 1.86000157498e-08, 1.64697304683e-08, 1.10630100636e-08, 8.76962502616e-09, 5.699021699e-09, 6.56914789232e-09, 5.52581536084e-09, 5.70337421735e-09, 5.9050160317e-09, 4.73270844736e-09, 4.16156620275e-09, 4.64580907078e-09, 1.81710180236e-09, 2.96978441838e-10, 7.90835785747e-10, 3.16256326682e-11, 2.40248402769e-12],
