{
"highlevel": {
    "danceability": {
        "all": {
            "danceable": 0.94790494442,
            "not_danceable": 0.0520950369537
        },
        "probability": 0.94790494442,
        "value": "danceable"
    },
    "gender": {
        "all": {
            "female": 0.00352011504583,
            "male": 0.996479868889
        },
        "probability": 0.996479868889,
        "value": "male"
    },
    "genre_dortmund": {
        "all": {
            "alternative": 0.0277685131878,
            "blues": 0.347846388817,
            "electronic": 0.005665528588,
            "folkcountry": 0.0523310527205,
            "funksoulrnb": 0.050664331764,
            "jazz": 0.379612058401,
            "pop": 0.0316984988749,
            "raphiphop": 0.0125616816804,
            "rock": 0.0918519347906
        },
        "probability": 0.379612058401,
        "value": "jazz"
    },
    "genre_electronic": {
        "all": {
            "ambient": 0.477570414543,
            "dnb": 0.400960594416,
            "house": 0.0938819646835,
            "techno": 0.00818178988993,
            "trance": 0.0194052495062
        },
        "probability": 0.477570414543,
        "value": "ambient"
    },
    "genre_rosamerica": {
        "all": {
            "cla": 0.0353526510298,
            "dan": 0.0090607367456,
            "hip": 0.0322515778244,
            "jaz": 0.077089458704,
            "pop": 0.549618005753,
            "rhy": 0.0372985005379,
            "roc": 0.244214132428,
            "spe": 0.0151149220765
        },
        "probability": 0.549618005753,
        "value": "pop"
    },
    "genre_tzanetakis": {
        "all": {
            "blu": 0.0626613423228,
            "cla": 0.0348169617355,
            "cou": 0.104475811124,
            "dis": 0.0784321576357,
            "hip": 0.15692435205,
            "jaz": 0.313974827528,
            "met": 0.0448166541755,
            "pop": 0.0627359300852,
            "reg": 0.0627360641956,
            "roc": 0.0784258767962
        },
        "probability": 0.313974827528,
        "value": "jaz"
    },
    "ismir04_rhythm": {
        "all": {
            "ChaChaCha": 0.0875370949507,
            "Jive": 0.0451548434794,
            "Quickstep": 0.502967596054,
            "Rumba-American": 0.0337279550731,
            "Rumba-International": 0.0229048598558,
            "Rumba-Misc": 0.0102162379771,
            "Samba": 0.174733564258,
            "Tango": 0.0416155979037,
            "VienneseWaltz": 0.0596414990723,
            "Waltz": 0.0215007346123
        },
        "probability": 0.502967596054,
        "value": "Quickstep"
    },
    "mood_acoustic": {
        "all": {
            "acoustic": 0.127076670527,
            "not_acoustic": 0.872923314571
        },
        "probability": 0.872923314571,
        "value": "not_acoustic"
    },
    "mood_aggressive": {
        "all": {
            "aggressive": 0.584161639214,
            "not_aggressive": 0.415838330984
        },
        "probability": 0.584161639214,
        "value": "aggressive"
    },
    "mood_electronic": {
        "all": {
            "electronic": 0.149610742927,
            "not_electronic": 0.850389242172
        },
        "probability": 0.850389242172,
        "value": "not_electronic"
    },
    "mood_happy": {
        "all": {
            "happy": 0.372179746628,
            "not_happy": 0.627820253372
        },
        "probability": 0.627820253372,
        "value": "not_happy"
    },
    "mood_party": {
        "all": {
            "not_party": 0.64824026823,
            "party": 0.35175973177
        },
        "probability": 0.64824026823,
        "value": "not_party"
    },
    "mood_relaxed": {
        "all": {
            "not_relaxed": 0.906431615353,
            "relaxed": 0.093568354845
        },
        "probability": 0.906431615353,
        "value": "not_relaxed"
    },
    "mood_sad": {
        "all": {
            "not_sad": 0.752960681915,
            "sad": 0.247039332986
        },
        "probability": 0.752960681915,
        "value": "not_sad"
    },
    "moods_mirex": {
        "all": {
            "Cluster1": 0.322859823704,
            "Cluster2": 0.256821870804,
            "Cluster3": 0.123739033937,
            "Cluster4": 0.179114192724,
            "Cluster5": 0.117465093732
        },
        "probability": 0.322859823704,
        "value": "Cluster1"
    },
    "timbre": {
        "all": {
            "bright": 0.967205584049,
            "dark": 0.0327943973243
        },
        "probability": 0.967205584049,
        "value": "bright"
    },
    "tonal_atonal": {
        "all": {
            "atonal": 0.0457337498665,
            "tonal": 0.954266250134
        },
        "probability": 0.954266250134,
        "value": "tonal"
    },
    "voice_instrumental": {
        "all": {
            "instrumental": 0.0967572554946,
            "voice": 0.903242766857
        },
        "probability": 0.903242766857,
        "value": "voice"
    }
},
"lowlevel": {
    "average_loudness": 0.965873718262,
    "barkbands_crest": {
        "dmean": 2.469820261,
        "dmean2": 3.91139531136,
        "dvar": 5.95717716217,
        "dvar2": 13.4975547791,
        "max": 23.9186973572,
        "mean": 9.62075805664,
        "median": 8.93231582642,
        "min": 2.66469812393,
        "var": 17.8786659241
    },
    "barkbands_flatness_db": {
        "dmean": 0.0270595699549,
        "dmean2": 0.0398149229586,
        "dvar": 0.0007822108455,
        "dvar2": 0.00160044024233,
        "max": 0.394794762135,
        "mean": 0.153155773878,
        "median": 0.142686992884,
        "min": 0.0496374741197,
        "var": 0.00266701099463
    },
    "barkbands_kurtosis": {
        "dmean": 2.1397163868,
        "dmean2": 3.36328887939,
        "dvar": 17.5227413177,
        "dvar2": 39.2997398376,
        "max": 49.6826972961,
        "mean": 2.17167758942,
        "median": -0.00994658470154,
        "min": -1.80681037903,
        "var": 35.2262878418
    },
    "barkbands_skewness": {
        "dmean": 0.496718943119,
        "dmean2": 0.7533634305,
        "dvar": 0.315518677235,
        "dvar2": 0.651493966579,
        "max": 6.25629472733,
        "mean": 0.979631841183,
        "median": 0.765492558479,
        "min": -2.22003293037,
        "var": 1.28289890289
    },
    "barkbands_spread": {
        "dmean": 6.73155736923,
        "dmean2": 10.3719787598,
        "dvar": 65.7573394775,
        "dvar2": 137.113204956,
        "max": 95.9338912964,
        "mean": 26.6777591705,
        "median": 25.205904007,
        "min": 1.56162166595,
        "var": 216.976104736
    },
    "dissonance": {
        "dmean": 0.0204072389752,
        "dmean2": 0.0331464894116,
        "dvar": 0.00040004440234,
        "dvar2": 0.000985376071185,
        "max": 0.499794453382,
        "mean": 0.457328349352,
        "median": 0.465890347958,
        "min": 0.281524688005,
        "var": 0.00102532596793
    },
    "dynamic_complexity": 2.27841162682,
    "erbbands_crest": {
        "dmean": 2.61408567429,
        "dmean2": 4.24888086319,
        "dvar": 6.82883930206,
        "dvar2": 16.7181930542,
        "max": 26.4679870605,
        "mean": 9.07602787018,
        "median": 8.01707553864,
        "min": 2.80659174919,
        "var": 17.7280521393
    },
    "erbbands_flatness_db": {
        "dmean": 0.0244783125818,
        "dmean2": 0.0353499650955,
        "dvar": 0.000617131940089,
        "dvar2": 0.00126000540331,
        "max": 0.317019790411,
        "mean": 0.175467193127,
        "median": 0.17270436883,
        "min": 0.0793704614043,
        "var": 0.00178174756002
    },
    "erbbands_kurtosis": {
        "dmean": 1.08350777626,
        "dmean2": 1.67952299118,
        "dvar": 2.54556131363,
        "dvar2": 5.83478546143,
        "max": 25.6602802277,
        "mean": 0.575543284416,
        "median": -0.12989783287,
        "min": -1.80609726906,
        "var": 5.52983140945
    },
    "erbbands_skewness": {
        "dmean": 0.418605089188,
        "dmean2": 0.612812459469,
        "dvar": 0.161537766457,
        "dvar2": 0.341479897499,
        "max": 3.03881144524,
        "mean": 0.0656495392323,
        "median": -0.0258041359484,
        "min": -4.37487840652,
        "var": 0.831887483597
    },
    "erbbands_spread": {
        "dmean": 8.82325458527,
        "dmean2": 13.3236207962,
        "dvar": 103.425041199,
        "dvar2": 213.283355713,
        "max": 124.756378174,
        "mean": 34.9077339172,
        "median": 31.1989536285,
        "min": 4.89778709412,
        "var": 308.808990479
    },
    "hfc": {
        "dmean": 8.58757781982,
        "dmean2": 13.2447061539,
        "dvar": 99.4922409058,
        "dvar2": 230.635681152,
        "max": 86.9630126953,
        "mean": 24.6778736115,
        "median": 22.9674949646,
        "min": 0.503620147705,
        "var": 300.617797852
    },
    "melbands_crest": {
        "dmean": 2.92312431335,
        "dmean2": 4.74086141586,
        "dvar": 8.04708957672,
        "dvar2": 19.460483551,
        "max": 28.6905574799,
        "mean": 13.1547451019,
        "median": 12.5910024643,
        "min": 3.14232397079,
        "var": 22.4307117462
    },
    "melbands_flatness_db": {
        "dmean": 0.032466839999,
        "dmean2": 0.047112300992,
        "dvar": 0.00132812082302,
        "dvar2": 0.00263339211233,
        "max": 0.509444475174,
        "mean": 0.185732036829,
        "median": 0.17444139719,
        "min": 0.0461681298912,
        "var": 0.00532063283026
    },
    "melbands_kurtosis": {
        "dmean": 4.66240644455,
        "dmean2": 7.29273366928,
        "dvar": 66.3158340454,
        "dvar2": 142.320251465,
        "max": 103.642166138,
        "mean": 7.7160153389,
        "median": 3.27945804596,
        "min": -1.8204883337,
        "var": 153.138626099
    },
    "melbands_skewness": {
        "dmean": 0.608383774757,
        "dmean2": 0.925044596195,
        "dvar": 0.495463043451,
        "dvar2": 1.0075865984,
        "max": 8.35542392731,
        "mean": 1.9668340683,
        "median": 1.71100485325,
        "min": -1.01414489746,
        "var": 1.8750026226
    },
    "melbands_spread": {
        "dmean": 8.96240615845,
        "dmean2": 13.3561325073,
        "dvar": 116.050186157,
        "dvar2": 219.831863403,
        "max": 211.119354248,
        "mean": 33.1618461609,
        "median": 29.1209106445,
        "min": 1.53240609169,
        "var": 473.213317871
    },
    "pitch_salience": {
        "dmean": 0.0708228871226,
        "dmean2": 0.1116899997,
        "dvar": 0.00459594232962,
        "dvar2": 0.0112028541043,
        "max": 0.818329036236,
        "mean": 0.516529560089,
        "median": 0.513104617596,
        "min": 0.173852965236,
        "var": 0.0109151508659
    },
    "silence_rate_20dB": {
        "dmean": 0,
        "dmean2": 0,
        "dvar": 0,
        "dvar2": 0,
        "max": 1,
        "mean": 1,
        "median": 1,
        "min": 1,
        "var": 0
    },
    "silence_rate_30dB": {
        "dmean": 0,
        "dmean2": 0,
        "dvar": 0,
        "dvar2": 0,
        "max": 1,
        "mean": 1,
        "median": 1,
        "min": 1,
        "var": 0
    },
    "silence_rate_60dB": {
        "dmean": 0.0232198145241,
        "dmean2": 0.0464756004512,
        "dvar": 0.0226808134466,
        "dvar2": 0.0505119413137,
        "max": 1,
        "mean": 0.0278422273695,
        "median": 0,
        "min": 0,
        "var": 0.0270668398589
    },
    "spectral_centroid": {
        "dmean": 305.493469238,
        "dmean2": 459.916870117,
        "dvar": 102185.367188,
        "dvar2": 219607.40625,
        "max": 4307.15722656,
        "mean": 1617.49853516,
        "median": 1609.40881348,
        "min": 252.34387207,
        "var": 475187.6875
    },
    "spectral_complexity": {
        "dmean": 5.29024744034,
        "dmean2": 8.1363286972,
        "dvar": 39.6224517822,
        "dvar2": 92.2418823242,
        "max": 50,
        "mean": 18.8507347107,
        "median": 19,
        "min": 2,
        "var": 82.9004058838
    },
    "spectral_decrease": {
        "dmean": 2.06331751684e-09,
        "dmean2": 3.08693914874e-09,
        "dvar": 6.75125501298e-18,
        "dvar2": 1.54264849815e-17,
        "max": -1.53108581369e-10,
        "mean": -5.92445692504e-09,
        "median": -5.11148012805e-09,
        "min": -2.40291502251e-08,
        "var": 1.43788822424e-17
    },
    "spectral_energy": {
        "dmean": 0.00838921125978,
        "dmean2": 0.0125857340172,
        "dvar": 0.000107278268842,
        "dvar2": 0.000243134854827,
        "max": 0.0954555124044,
        "mean": 0.0245986431837,
        "median": 0.0214503929019,
        "min": 0.00062354770489,
        "var": 0.000236024803598
    },
    "spectral_energyband_high": {
        "dmean": 0.000547752773855,
        "dmean2": 0.000876786012668,
        "dvar": 6.44598571853e-07,
        "dvar2": 1.52482118665e-06,
        "max": 0.00768457911909,
        "mean": 0.0009095731657,
        "median": 0.000502394745126,
        "min": 2.52053450822e-06,
        "var": 1.2307691577e-06
    },
    "spectral_energyband_low": {
        "dmean": 0.0019705046434,
        "dmean2": 0.0030542567838,
        "dvar": 1.93764135474e-05,
        "dvar2": 4.75783417642e-05,
        "max": 0.0539089031518,
        "mean": 0.00589028466493,
        "median": 0.00472658034414,
        "min": 6.55263738736e-06,
        "var": 2.99937692034e-05
    },
    "spectral_energyband_middle_high": {
        "dmean": 0.00259494688362,
        "dmean2": 0.00378082739189,
        "dvar": 1.11042027129e-05,
        "dvar2": 2.24707036978e-05,
        "max": 0.0458800122142,
        "mean": 0.00740519538522,
        "median": 0.00603905040771,
        "min": 2.48943579209e-05,
        "var": 4.49311883131e-05
    },
    "spectral_energyband_middle_low": {
        "dmean": 0.00564626790583,
        "dmean2": 0.00884314160794,
        "dvar": 5.9794390836e-05,
        "dvar2": 0.000141018172144,
        "max": 0.0753653421998,
        "mean": 0.0109236082062,
        "median": 0.00731708714738,
        "min": 0.000407388550229,
        "var": 0.000105352133687
    },
    "spectral_entropy": {
        "dmean": 0.290671229362,
        "dmean2": 0.406481385231,
        "dvar": 0.0788459554315,
        "dvar2": 0.164013341069,
        "max": 8.67008399963,
        "mean": 7.36209154129,
        "median": 7.33680438995,
        "min": 5.99915504456,
        "var": 0.208434179425
    },
    "spectral_flux": {
        "dmean": 0.0320863574743,
        "dmean2": 0.0488951727748,
        "dvar": 0.00100174651016,
        "dvar2": 0.00225319084711,
        "max": 0.267152667046,
        "mean": 0.0844974890351,
        "median": 0.0782945528626,
        "min": 0.00953053124249,
        "var": 0.0021742566023
    },
    "spectral_kurtosis": {
        "dmean": 2.36493754387,
        "dmean2": 3.90587067604,
        "dvar": 7.32659912109,
        "dvar2": 18.7876548767,
        "max": 30.8335876465,
        "mean": 5.08242845535,
        "median": 4.12063455582,
        "min": -1.2653247118,
        "var": 13.1057462692
    },
    "spectral_rms": {
        "dmean": 0.00082982488675,
        "dmean2": 0.00120180787053,
        "dvar": 8.79855576841e-07,
        "dvar2": 1.85600686109e-06,
        "max": 0.00965024996549,
        "mean": 0.0046457387507,
        "median": 0.00457462714985,
        "min": 0.000779961061198,
        "var": 2.41574161919e-06
    },
    "spectral_rolloff": {
        "dmean": 592.013183594,
        "dmean2": 950.847290039,
        "dvar": 930792.4375,
        "dvar2": 1811100.25,
        "max": 11778.6621094,
        "mean": 1979.0222168,
        "median": 1873.38867188,
        "min": 86.1328125,
        "var": 2476664.5
    },
    "spectral_skewness": {
        "dmean": 0.294210582972,
        "dmean2": 0.469864428043,
        "dvar": 0.0851459801197,
        "dvar2": 0.20653642714,
        "max": 4.11740398407,
        "mean": 1.50288724899,
        "median": 1.41820275784,
        "min": 0.170576810837,
        "var": 0.238968968391
    },
    "spectral_spread": {
        "dmean": 740042.375,
        "dmean2": 1058212.25,
        "dvar": 781898612736,
        "dvar2": 1.34366573363e+12,
        "max": 16733823,
        "mean": 3969395.75,
        "median": 3660230,
        "min": 1559688.5,
        "var": 2.40413232333e+12
    },
    "spectral_strongpeak": {
        "dmean": 0.675075471401,
        "dmean2": 1.11816704273,
        "dvar": 1.15646207333,
        "dvar2": 2.96853017807,
        "max": 9.13479995728,
        "mean": 1.12378311157,
        "median": 0.442605525255,
        "min": 0,
        "var": 1.86559557915
    },
    "zerocrossingrate": {
        "dmean": 0.0115925222635,
        "dmean2": 0.0130145298317,
        "dvar": 0.000206047538086,
        "dvar2": 0.000187186858966,
        "max": 0.357421875,
        "mean": 0.0674496516585,
        "median": 0.06201171875,
        "min": 0.00341796875,
        "var": 0.00144666945562
    },
    "barkbands": {
        "dmean": [0.000190293270862, 0.00134708429687, 0.000473609135952, 0.000516059051733, 0.00241232756525, 0.00106584536843, 0.000842803099658, 0.00133573636413, 0.00125601200853, 0.000562940258533, 0.000383749284083, 0.000344714731909, 0.000480835558847, 0.000393304799218, 0.00040431614616, 0.00056300329743, 0.000714242632966, 0.000332307798089, 0.000242470705416, 0.000197092289454, 0.000147209371789, 0.00010636846855, 9.9772340036e-05, 8.44280148158e-05, 6.92484609317e-05, 2.16119442484e-05, 1.11984954643e-09],
        "dmean2": [0.000291132251732, 0.002147577703, 0.000757022411563, 0.000857662991621, 0.00393012631685, 0.00172385771293, 0.00136531493627, 0.00209751771763, 0.0018200117629, 0.000776646425948, 0.000585472735111, 0.000542541674804, 0.000744000484701, 0.000628270208836, 0.000650248723105, 0.000920206133742, 0.00114005780779, 0.000532462086994, 0.000397274416173, 0.000320629798807, 0.000239916844293, 0.000175961540663, 0.000161109390319, 0.000125228179968, 0.000115777489555, 3.67104039469e-05, 1.95532190439e-09],
        "dvar": [3.37484266311e-07, 1.33398707476e-05, 1.29184206799e-06, 1.79486039542e-06, 2.11176866287e-05, 3.48715275322e-06, 3.21881043419e-06, 1.13965770652e-05, 1.15564462249e-05, 2.73402406492e-06, 1.21433117783e-06, 1.01316948076e-06, 1.45129706652e-06, 9.95814502858e-07, 5.55466044716e-07, 1.57220188157e-06, 1.51905146595e-06, 3.82251869269e-07, 1.3622674544e-07, 7.88330893897e-08, 4.68569005818e-08, 3.11943963993e-08, 2.93356894332e-08, 3.76379283296e-08, 3.40946222366e-08, 2.3642481306e-09, 1.61671540825e-17],
        "dvar2": [8.38044343254e-07, 3.35813892889e-05, 2.98122586173e-06, 4.81470124214e-06, 5.49036521988e-05, 8.34771890368e-06, 7.42180691304e-06, 2.56172170339e-05, 2.21012760449e-05, 3.4988988773e-06, 2.70445752903e-06, 2.34324511439e-06, 2.9599316349e-06, 2.28227690968e-06, 1.32866921376e-06, 4.3737300075e-06, 3.56500140697e-06, 9.98983978207e-07, 3.65357607279e-07, 2.0347314944e-07, 1.18369626989e-07, 7.65835039829e-08, 6.10938570844e-08, 5.52414327615e-08, 7.02500457805e-08, 5.62966873119e-09, 2.03021737164e-17],
        "max": [0.00772643135861, 0.0495716482401, 0.0178774520755, 0.0178622119129, 0.0462407395244, 0.0197503939271, 0.0238485746086, 0.0413600541651, 0.050905842334, 0.0408333539963, 0.0245093945414, 0.0237384811044, 0.0221203789115, 0.0159996189177, 0.0129277482629, 0.0173343289644, 0.0143960462883, 0.00943452958018, 0.00479992199689, 0.00324642308988, 0.00182366778608, 0.00165035249665, 0.00253917416558, 0.00380653142929, 0.00477503333241, 0.000670627399813, 1.30477943117e-07],
        "mean": [0.000211168910027, 0.00397000135854, 0.00137329113204, 0.000758326495998, 0.00341291096993, 0.00136862252839, 0.00105571688619, 0.00205632578582, 0.00190762721468, 0.000950343732256, 0.000591449439526, 0.000573289697058, 0.000774143263698, 0.000629730639048, 0.000702394754626, 0.00085767469136, 0.00137184758205, 0.000571692828089, 0.000404302118113, 0.000353267154424, 0.000227779935813, 0.000125000020489, 0.000134907168103, 0.000119996067951, 7.51012630644e-05, 2.17398755922e-05, 9.17652009935e-10],
        "median": [9.43161376199e-06, 0.00211992440745, 0.000704026431777, 0.000199670786969, 0.00143552920781, 0.000563142530154, 0.000382943428122, 0.000612631207332, 0.000370500551071, 0.000220092508243, 0.000118446929264, 0.000140169941005, 0.000245206494583, 0.000149801213411, 0.000363516766811, 0.000340541824698, 0.000607139081694, 0.000310507923132, 0.000216865038965, 0.000159676157637, 0.000119727243145, 6.347685121e-05, 6.21773360763e-05, 3.2728214137e-05, 1.82118110388e-05, 5.05082562086e-06, 3.13164355559e-10],
        "min": [1.20051808494e-08, 6.58228259454e-07, 9.72569509372e-08, 4.03856176945e-07, 9.80352160695e-06, 2.64973164121e-06, 2.7413711905e-06, 8.63388152084e-07, 2.75391130344e-06, 1.41646444263e-06, 2.59329226537e-07, 1.56940257057e-06, 2.67291426326e-07, 3.64534855635e-07, 7.63651314628e-07, 1.47175660459e-06, 1.30997750603e-06, 3.48704958242e-07, 7.11554093868e-07, 5.98779649863e-07, 4.68134373932e-07, 1.28596326476e-07, 3.10695433825e-08, 2.1288007801e-08, 7.84803472209e-11, 1.60719545311e-11, 1.19848592856e-11],
        "var": [3.72246489633e-07, 2.49854565482e-05, 3.24384882333e-06, 2.34076082961e-06, 2.62920730165e-05, 5.58529291084e-06, 5.18564684171e-06, 1.66724494193e-05, 2.4470509743e-05, 8.40121902002e-06, 2.81846382677e-06, 1.54450810896e-06, 2.93936682283e-06, 1.71125032011e-06, 1.11155623017e-06, 2.40069630308e-06, 4.01877787226e-06, 6.65976870096e-07, 2.64589232302e-07, 1.98623936853e-07, 7.52076729782e-08, 3.36253052069e-08, 5.12892839311e-08, 1.01826557852e-07, 4.83843010102e-08, 2.60937094154e-09, 1.58335686851e-17]
    },
    "erbbands": {
        "dmean": [0.0433124303818, 0.287741303444, 0.551168084145, 1.05911982059, 4.03806734085, 9.89361858368, 9.897605896, 7.72484540939, 9.09319877625, 23.4597911835, 24.8437900543, 32.3967933655, 19.7693595886, 13.9948406219, 15.3897342682, 14.3243789673, 22.6678771973, 17.704044342, 21.9233436584, 20.4965686798, 33.2855415344, 31.8176040649, 20.8125572205, 9.93456554413, 12.5034132004, 9.66034412384, 6.79630041122, 4.92953920364, 3.80812430382, 3.37859487534, 2.93662428856, 1.96105158329, 1.29265773296, 0.818355023861, 0.494470179081, 0.147328540683, 0.0343691632152, 0.00204688450322, 4.68747130071e-05, 1.21605571621e-05],
        "dmean2": [0.0717043653131, 0.455333530903, 0.866455733776, 1.74945139885, 6.86710071564, 16.1007213593, 15.889175415, 12.7094697952, 14.6140890121, 37.6310501099, 38.4970932007, 47.4836807251, 26.8342971802, 20.8877983093, 23.9761199951, 22.9851207733, 34.6413154602, 27.5980625153, 34.8367042542, 33.0013961792, 52.3660202026, 49.5149993896, 32.6023368835, 15.6535358429, 20.4642047882, 15.6751060486, 10.8414287567, 8.13732051849, 6.26224470139, 5.53059625626, 4.76167535782, 3.0023560524, 2.02534604073, 1.33827638626, 0.820326387882, 0.244671791792, 0.0599058829248, 0.003592915833, 7.97232642071e-05, 1.86351426237e-05],
        "dvar": [0.0203418079764, 0.544037222862, 1.50046098232, 6.57116222382, 141.633407593, 383.004455566, 349.590667725, 202.670547485, 342.124450684, 3953.54248047, 3431.48828125, 8343.11035156, 3189.69433594, 999.586120605, 1958.82543945, 1980.62145996, 3352.70629883, 2744.80908203, 1628.08532715, 1802.75268555, 4793.92480469, 3152.43432617, 1235.57434082, 171.155105591, 459.911621094, 195.038513184, 91.3777618408, 62.0395469666, 37.4115409851, 37.4304962158, 25.4524421692, 19.3995704651, 10.8245582581, 3.62916469574, 2.63467741013, 0.127223894, 0.00592636270449, 2.22106409637e-05, 9.57482093611e-09, 2.24344737232e-10],
        "dvar2": [0.054329007864, 1.32252824306, 3.33864545822, 16.9381866455, 371.935119629, 1005.07080078, 861.985351562, 479.042266846, 774.21282959, 9894.86621094, 7518.453125, 16838.671875, 5081.84912109, 1683.25756836, 4413.75390625, 4735.93017578, 6669.91650391, 6174.08691406, 3927.14941406, 4758.35742188, 12115.3759766, 7722.19775391, 3073.55957031, 386.210906982, 1266.14916992, 500.055419922, 229.186019897, 158.928131104, 91.5943069458, 85.8180847168, 53.6195068359, 32.897769928, 16.9439220428, 7.492374897, 6.17765569687, 0.283590763807, 0.0151708386838, 5.50523909624e-05, 2.37351294174e-08, 5.23695864452e-10],
        "max": [1.82065570354, 10.2437114716, 17.2483863831, 34.7465858459, 200.733718872, 214.028045654, 257.22265625, 174.013366699, 248.559448242, 875.941955566, 876.095581055, 1450.2980957, 1335.50012207, 605.827941895, 761.563232422, 1119.99462891, 1068.68469238, 942.322387695, 581.964477539, 888.020812988, 1144.59692383, 792.815795898, 565.861083984, 172.945327759, 298.145782471, 153.26512146, 91.6277313232, 73.2343063354, 56.25623703, 110.547210693, 62.6975212097, 85.4666748047, 65.4969024658, 36.5582618713, 47.4918289185, 7.24544286728, 1.0154633522, 0.0867339074612, 0.00144484231714, 0.000169493447174],
        "mean": [0.100246429443, 0.928291320801, 1.81479001045, 2.10019564629, 5.94096946716, 12.6820106506, 13.1666307449, 10.3517694473, 13.5807943344, 30.4485263824, 39.2766227722, 50.0889205933, 32.314250946, 23.6418552399, 26.378736496, 26.5339870453, 37.8009185791, 31.2835521698, 39.4219856262, 35.5406532288, 60.8260993958, 65.5148162842, 41.2992134094, 19.0575351715, 19.9351730347, 17.9329948425, 11.7913179398, 6.8590054512, 4.55809879303, 4.10605144501, 4.00568628311, 2.91439604759, 1.68768048286, 0.898703336716, 0.509530246258, 0.152712613344, 0.0330940075219, 0.00195784214884, 6.06068788329e-05, 3.40677725035e-05],
        "median": [0.0251463595778, 0.586299180984, 1.38298428059, 0.982356786728, 1.81040692329, 5.20976781845, 4.48697185516, 4.47935056686, 5.55500507355, 9.13951206207, 16.8294010162, 11.5420150757, 8.20670986176, 8.61066055298, 7.80136013031, 8.97937488556, 12.7538557053, 13.3828077316, 17.404384613, 20.9412231445, 29.0249462128, 29.7300758362, 24.8163585663, 12.1692218781, 10.3007192612, 7.76872730255, 5.93918085098, 3.806245327, 2.44791936874, 1.86632549763, 1.77579438686, 0.9993095994, 0.354263365269, 0.208769246936, 0.116248056293, 0.0345748029649, 0.00722310086712, 0.000380255369237, 2.96104462905e-05, 3.1552172004e-05],
        "min": [7.63790376368e-05, 0.000312944612233, 0.000399132608436, 0.00161098258104, 0.00922916363925, 0.0389117896557, 0.0455754697323, 0.068197183311, 0.0555764362216, 0.0893934071064, 0.105897903442, 0.100582696497, 0.033315077424, 0.0551973879337, 0.0638288855553, 0.0863387584686, 0.0271297283471, 0.0380538664758, 0.0598826631904, 0.0642956197262, 0.0944557413459, 0.0878125876188, 0.02338758111, 0.0438397713006, 0.0190927274525, 0.0294519215822, 0.0212683994323, 0.0159283969551, 0.0057387095876, 0.00274419225752, 0.000833448488265, 0.000801219954155, 0.000129230553284, 8.26272007544e-05, 2.10480375245e-05, 3.69435610992e-06, 1.23700306176e-06, 3.09368232365e-07, 4.72601016099e-07, 7.80804725764e-07],
        "var": [0.0335744768381, 1.13676810265, 3.4636054039, 10.5659799576, 214.477493286, 409.390625, 483.313995361, 339.231933594, 784.966674805, 4394.25878906, 5297.38525391, 16855.9199219, 8801.48242188, 2603.7421875, 4594.65185547, 2985.28149414, 6926.17724609, 4407.26806641, 3535.13574219, 2479.36767578, 9959.09667969, 9193.55957031, 2886.80541992, 470.40512085, 831.328979492, 527.601074219, 214.19694519, 75.2847366333, 42.5402450562, 47.3979492188, 43.9052696228, 44.9900741577, 26.9119625092, 5.82174539566, 3.05472803116, 0.149889230728, 0.00613418174908, 2.3843433155e-05, 1.09306288465e-08, 4.39197622715e-10]
    },
    "gfcc": {
        "mean": [0.179189234972, 94.3403930664, -136.503768921, 40.1480712891, -59.5923042297, 10.9565219879, -42.4432907104, 13.5859088898, -17.9133930206, 0.293928474188, -15.6642255783, -2.27481555939, -8.96790981293],
        "cov": [[4037.51904297, -1465.05688477, -353.078552246, -5.39108991623, 25.7391452789, 335.104156494, -260.408538818, 198.408157349, -260.781890869, 278.096466064, -271.318450928, 144.281265259, -219.671203613], [-1465.05688477, 1493.14379883, 47.5239448547, 4.70625257492, 225.690139771, -183.319549561, 286.338226318, -154.198120117, 240.983230591, -226.154067993, 180.490539551, -62.8823776245, 167.361740112], [-353.078552246, 47.5239448547, 765.721679688, 168.664993286, -8.19530200958, 77.0637283325, -22.739315033, 59.8650398254, 10.0594348907, 94.0961456299, 35.6844291687, 73.1815414429, 12.5205421448], [-5.39108991623, 4.70625257492, 168.664993286, 408.078125, 54.8402900696, 13.3554487228, 3.12708306313, -64.5080718994, -2.6947054863, 28.8560466766, 55.5037536621, -31.9321403503, 40.0840110779], [25.7391452789, 225.690139771, -8.19530200958, 54.8402900696, 356.19720459, 36.8565406799, 25.2028121948, 18.9461860657, 64.4610137939, 26.9608383179, 19.1815052032, 50.6757316589, 26.8016090393], [335.104156494, -183.319549561, 77.0637283325, 13.3554487228, 36.8565406799, 211.735687256, 47.7143707275, 93.6544265747, 10.7111949921, 64.7242736816, 13.0242385864, 26.7308444977, -13.7117195129], [-260.408538818, 286.338226318, -22.739315033, 3.12708306313, 25.2028121948, 47.7143707275, 255.522323608, 56.3541488647, 75.4313735962, -13.3448562622, 71.3374099731, -0.0369202047586, 28.8046550751], [198.408157349, -154.198120117, 59.8650398254, -64.5080718994, 18.9461860657, 93.6544265747, 56.3541488647, 204.732147217, 56.0834884644, 94.6590957642, -3.38101196289, 32.3671455383, -25.6485614777], [-260.781890869, 240.983230591, 10.0594348907, -2.6947054863, 64.4610137939, 10.7111949921, 75.4313735962, 56.0834884644, 208.20022583, 5.60613918304, 56.6648788452, -1.16433954239, 14.0767822266], [278.096466064, -226.154067993, 94.0961456299, 28.8560466766, 26.9608383179, 64.7242736816, -13.3448562622, 94.6590957642, 5.60613918304, 198.695114136, 34.0427322388, 57.6387443542, -18.5669078827], [-271.318450928, 180.490539551, 35.6844291687, 55.5037536621, 19.1815052032, 13.0242385864, 71.3374099731, -3.38101196289, 56.6648788452, 34.0427322388, 143.209747314, 28.4081249237, 53.7712364197], [144.281265259, -62.8823776245, 73.1815414429, -31.9321403503, 50.6757316589, 26.7308444977, -0.0369202047586, 32.3671455383, -1.16433954239, 57.6387443542, 28.4081249237, 170.414779663, 48.2622528076], [-219.671203613, 167.361740112, 12.5205421448, 40.0840110779, 26.8016090393, -13.7117195129, 28.8046550751, -25.6485614777, 14.0767822266, -18.5669078827, 53.7712364197, 48.2622528076, 146.216705322]],
        "icov": [[0.000595210934989, -9.21814207686e-05, 0.00062886509113, -0.000529695418663, 0.000189725149539, -0.000982998986728, 0.000511276884936, -0.00033028938924, 0.000403732003178, -0.000533803831786, 0.00100515165832, -0.000909102673177, 0.000629254675005], [-9.21814207686e-05, 0.00397381465882, -0.00182109395973, 0.00212231744081, -0.00292793591507, 0.00326030584984, -0.00380159099586, 0.00283941184171, -0.00237395009026, 0.00242856517434, -0.00279831886292, 0.00285137421452, -0.00239857728593], [0.00062886509113, -0.00182109395973, 0.00309664476663, -0.00233706994914, 0.00182078476064, -0.00270325946622, 0.00251762568951, -0.00210398039781, 0.00127498654183, -0.00162948481739, 0.00210681091994, -0.00300147128291, 0.00183872622438], [-0.000529695418663, 0.00212231744081, -0.00233706994914, 0.00516500463709, -0.0023719437886, 0.00205611484125, -0.00257686781697, 0.00355716235936, -0.00134038261604, 0.00041249464266, -0.00293337902986, 0.00402918783948, -0.00275138788857], [0.000189725149539, -0.00292793591507, 0.00182078476064, -0.0023719437886, 0.00555391795933, -0.00312871206552, 0.00283479318023, -0.00189788325224, 0.000555336766411, -0.00209554727189, 0.00294191786088, -0.00352340447716, 0.0016894506989], [-0.000982998986728, 0.00326030584984, -0.00270325946622, 0.00205611484125, -0.00312871206552, 0.010583830066, -0.00463949795812, 7.05705460859e-05, -0.00154097808991, 0.00225668493658, -0.00408624857664, 0.0033746662084, -0.00222468841821], [0.000511276884936, -0.00380159099586, 0.00251762568951, -0.00257686781697, 0.00283479318023, -0.00463949795812, 0.00973240099847, -0.00515599315986, 0.00186275690794, -0.000603016116656, 0.000285343819996, -0.00306837144308, 0.00248585501686], [-0.00033028938924, 0.00283941184171, -0.00210398039781, 0.00355716235936, -0.00189788325224, 7.05705460859e-05, -0.00515599315986, 0.0125406756997, -0.00445876363665, -0.00279900990427, 0.000742619973607, 0.00241765310057, -0.00196846434847], [0.000403732003178, -0.00237395009026, 0.00127498654183, -0.00134038261604, 0.000555336766411, -0.00154097808991, 0.00186275690794, -0.00445876363665, 0.00848138518631, -0.000554996833671, -0.000724760640878, -0.00129033531994, 0.00199212087318], [-0.000533803831786, 0.00242856517434, -0.00162948481739, 0.00041249464266, -0.00209554727189, 0.00225668493658, -0.000603016116656, -0.00279900990427, -0.000554996833671, 0.0111777512357, -0.00610239291564, 5.46598894289e-05, 0.000367178028682], [0.00100515165832, -0.00279831886292, 0.00210681091994, -0.00293337902986, 0.00294191786088, -0.00408624857664, 0.000285343819996, 0.000742619973607, -0.000724760640878, -0.00610239291564, 0.0156624987721, -0.00408699596301, -0.000627539178822], [-0.000909102673177, 0.00285137421452, -0.00300147128291, 0.00402918783948, -0.00352340447716, 0.0033746662084, -0.00306837144308, 0.00241765310057, -0.00129033531994, 5.46598894289e-05, -0.00408699596301, 0.0121021270752, -0.00584664335474], [0.000629254675005, -0.00239857728593, 0.00183872622438, -0.00275138788857, 0.0016894506989, -0.00222468841821, 0.00248585501686, -0.00196846434847, 0.00199212087318, 0.000367178028682, -0.000627539178822, -0.00584664335474, 0.0117889242247]]
    },
    "melbands": {
        "dmean": [0.00038252241211, 0.000319131562719, 0.000250100682024, 0.000489257508889, 0.00038939746446, 0.000182934192708, 0.000145140176755, 0.000282841938315, 0.000207040982787, 0.000197545799892, 9.91968918242e-05, 6.03221669735e-05, 5.39089523954e-05, 4.07412553614e-05, 4.53630054835e-05, 4.67598038085e-05, 3.51863636752e-05, 3.77484393539e-05, 2.77381604974e-05, 3.2042444218e-05, 4.67764621135e-05, 3.74372102669e-05, 3.17560334224e-05, 1.26686727526e-05, 8.07496780908e-06, 1.15073535198e-05, 6.46428134132e-06, 6.8867666414e-06, 4.50709148936e-06, 4.2085498535e-06, 2.46172999141e-06, 2.16094804273e-06, 2.28783073908e-06, 1.81721179615e-06, 1.89803779449e-06, 1.42674525705e-06, 1.16740363865e-06, 9.25920630834e-07, 8.67508163083e-07, 6.76760862461e-07],
        "dmean2": [0.000614683202002, 0.000497854955029, 0.00041285486077, 0.000816923042294, 0.000626803026535, 0.00029978773091, 0.000231134341448, 0.000449103419669, 0.000316696619848, 0.000285834365059, 0.000137050141348, 8.94192489795e-05, 8.19391789264e-05, 6.38075944153e-05, 7.33141278033e-05, 7.24559649825e-05, 5.49422911718e-05, 5.9633894125e-05, 4.48815299023e-05, 5.21967995155e-05, 7.3586772487e-05, 5.96895224589e-05, 4.87796969537e-05, 2.01292605198e-05, 1.27508392325e-05, 1.90029859368e-05, 1.05713234007e-05, 1.11861518235e-05, 7.26078542357e-06, 6.9017187343e-06, 4.12066128774e-06, 3.56653481504e-06, 3.85180328522e-06, 2.96375515063e-06, 3.11192752633e-06, 2.25403300647e-06, 1.77454171535e-06, 1.49963238982e-06, 1.41545740462e-06, 1.1410610341e-06],
        "dvar": [1.2744956166e-06, 4.67231586754e-07, 4.25502065582e-07, 9.97488541543e-07, 5.60904823033e-07, 1.10422632815e-07, 8.44395131594e-08, 5.61695571832e-07, 2.41260920575e-07, 3.00764554595e-07, 8.94185987477e-08, 2.13857660469e-08, 2.56723300396e-08, 1.0170127851e-08, 1.92440410274e-08, 1.19141345678e-08, 1.1791009058e-08, 5.15328357764e-09, 3.29162563872e-09, 5.29660093562e-09, 9.91211912549e-09, 4.77210093663e-09, 3.93801258269e-09, 4.10629252823e-10, 1.24538712676e-10, 4.71093219989e-10, 8.93124255108e-11, 1.13405757007e-10, 4.39774189287e-11, 4.33115626697e-11, 1.70766456531e-11, 1.2781401805e-11, 1.75491270821e-11, 1.33177366704e-11, 1.05967552441e-11, 9.58989398309e-12, 7.32600438647e-12, 6.41278566707e-12, 4.9933516523e-12, 2.59166906685e-12],
        "dvar2": [3.27235943587e-06, 1.0854220136e-06, 1.10485996174e-06, 2.68586450147e-06, 1.38621442147e-06, 2.57975869999e-07, 1.83845600077e-07, 1.37415315749e-06, 5.46083469999e-07, 5.68646669308e-07, 1.45636406046e-07, 3.32494032307e-08, 5.98572995614e-08, 2.20536797713e-08, 4.17343493098e-08, 2.53589433896e-08, 2.64371742276e-08, 1.25431354192e-08, 7.69490515751e-09, 1.39360460949e-08, 2.47564688749e-08, 1.18564926765e-08, 9.85782477869e-09, 9.38726429922e-10, 2.81361767218e-10, 1.30788702091e-09, 2.3555918327e-10, 2.7664001645e-10, 1.10391133734e-10, 1.07331768473e-10, 4.4979912156e-11, 3.15415575602e-11, 4.45133131743e-11, 2.95508270631e-11, 2.24163222706e-11, 2.07730881108e-11, 1.24430674098e-11, 1.0839828167e-11, 1.02641090072e-11, 5.66107057065e-12],
        "max": [0.0145003562793, 0.0070240306668, 0.0103810746223, 0.0116310343146, 0.00850402470678, 0.00437930412591, 0.00405166950077, 0.010548367165, 0.00618355395272, 0.0085898693651, 0.00670993886888, 0.00343260145746, 0.0033391083125, 0.00203742343001, 0.0021471423097, 0.0017810317222, 0.0018896026304, 0.000902766652871, 0.00118659483269, 0.00176858517807, 0.00154840655159, 0.000773805251811, 0.00102516321931, 0.000353121635271, 0.000159551767865, 0.000304024113575, 9.17823635973e-05, 0.000142776843859, 9.52370028244e-05, 6.57320269966e-05, 3.9601665776e-05, 3.35815093422e-05, 4.44868092018e-05, 7.66606244724e-05, 3.97377043555e-05, 5.211019743e-05, 6.14965902059e-05, 4.89143712912e-05, 3.67585889762e-05, 3.02481857943e-05],
        "mean": [0.00103108223993, 0.00108314969111, 0.00045693712309, 0.000676687224768, 0.000523072318174, 0.000242323629209, 0.000210262369365, 0.000387341075111, 0.00031461220351, 0.000303169421386, 0.000154762776219, 9.62444100878e-05, 8.59764477354e-05, 7.00338932802e-05, 7.39670940675e-05, 7.39658353268e-05, 5.75323065277e-05, 6.34441166767e-05, 4.49707949883e-05, 5.23902053828e-05, 7.99799745437e-05, 7.17792208889e-05, 5.65794907743e-05, 2.26953852689e-05, 1.36339685923e-05, 1.74068973138e-05, 9.94275796984e-06, 1.27431048895e-05, 8.02978047432e-06, 5.99044597038e-06, 3.15813031193e-06, 2.52368567999e-06, 2.47251819019e-06, 2.19199000639e-06, 2.47743082582e-06, 2.00443605536e-06, 1.61279626809e-06, 1.22556070892e-06, 9.38220239277e-07, 6.96091660757e-07],
        "median": [0.000405369035434, 0.00105662934948, 0.000199744667043, 0.000283204455627, 0.000175316410605, 9.85589213087e-05, 8.14200320747e-05, 0.000104203958472, 0.000131042485009, 5.81904278079e-05, 3.32099480147e-05, 3.01837317238e-05, 2.05645173992e-05, 2.2014733986e-05, 2.10016896744e-05, 2.74301819445e-05, 1.43115803439e-05, 2.63465899479e-05, 2.50981720455e-05, 2.69495048997e-05, 3.1185511034e-05, 2.8598078643e-05, 2.43671256612e-05, 1.28156571009e-05, 6.35014384898e-06, 7.62983563618e-06, 5.56105396754e-06, 4.73155932923e-06, 3.7199918097e-06, 2.97586848319e-06, 1.68684539403e-06, 1.27503938074e-06, 1.11716087758e-06, 9.28527867927e-07, 1.00404793102e-06, 8.13145447864e-07, 4.97197106597e-07, 2.36490478756e-07, 1.71841151086e-07, 1.61596560133e-07],
        "min": [1.83795364705e-07, 2.97862271736e-07, 6.87250349074e-07, 1.22889605336e-06, 2.47243838203e-06, 8.96983976872e-07, 6.74311138482e-07, 8.70564008437e-07, 7.02195848135e-07, 4.78087827105e-07, 1.10076335602e-07, 1.72428570977e-07, 7.35479730452e-08, 1.90169799907e-07, 7.43658503666e-08, 2.57394994208e-08, 7.49073478801e-08, 1.15386747268e-07, 6.67439721269e-08, 6.99227200585e-08, 1.02414418279e-07, 9.86867760844e-08, 3.39962049622e-08, 1.62348570143e-08, 4.09314502292e-08, 1.7567259647e-08, 1.16576588383e-08, 1.65807989561e-08, 6.51285692044e-09, 4.84721462968e-09, 1.86835258376e-09, 2.89586399305e-09, 2.67699440393e-09, 1.06763364816e-09, 7.59165993958e-11, 3.62308572033e-10, 1.92032972857e-10, 6.90674817685e-12, 1.15990279447e-12, 2.6424278347e-13],
