{
"highlevel": {
    "danceability": {
        "all": {
            "danceable": 0.0334939397871,
            "not_danceable": 0.966506063938
        },
        "probability": 0.966506063938,
        "value": "not_danceable"
    },
    "gender": {
        "all": {
            "female": 0.12049254775,
            "male": 0.879507482052
        },
        "probability": 0.879507482052,
        "value": "male"
    },
    "genre_dortmund": {
        "all": {
            "alternative": 0.12395183742,
            "blues": 0.0747354179621,
            "electronic": 0.00726398825645,
            "folkcountry": 0.0452491305768,
            "funksoulrnb": 0.00312349689193,
            "jazz": 0.00378451193683,
            "pop": 0.0261060260236,
            "raphiphop": 0.000415899470681,
            "rock": 0.715369701385
        },
        "probability": 0.715369701385,
        "value": "rock"
    },
    "genre_electronic": {
        "all": {
            "ambient": 0.337705880404,
            "dnb": 0.229414910078,
            "house": 0.0569584742188,
            "techno": 0.0305582918227,
            "trance": 0.345362454653
        },
        "probability": 0.345362454653,
        "value": "trance"
    },
    "genre_rosamerica": {
        "all": {
            "cla": 0.00160175899509,
            "dan": 0.000190856502741,
            "hip": 0.000167339050677,
            "jaz": 0.000165915029356,
            "pop": 0.000576556194574,
            "rhy": 6.18162230239e-05,
            "roc": 0.997171103954,
            "spe": 6.46635016892e-05
        },
        "probability": 0.997171103954,
        "value": "roc"
    },
    "genre_tzanetakis": {
        "all": {
            "blu": 0.0626541376114,
            "cla": 0.0348133966327,
            "cou": 0.0783501937985,
            "dis": 0.104547761381,
            "hip": 0.15693578124,
            "jaz": 0.313987255096,
            "met": 0.044816005975,
            "pop": 0.0627349764109,
            "reg": 0.0627352520823,
            "roc": 0.0784252434969
        },
        "probability": 0.313987255096,
        "value": "jaz"
    },
    "ismir04_rhythm": {
        "all": {
            "ChaChaCha": 0.847488939762,
            "Jive": 0.0736278370023,
            "Quickstep": 0.00635738996789,
            "Rumba-American": 0.00471413414925,
            "Rumba-International": 0.00239085452631,
            "Rumba-Misc": 0.000888398266397,
            "Samba": 0.0155489770696,
            "Tango": 0.0167227610946,
            "VienneseWaltz": 0.0293152388185,
            "Waltz": 0.00294545548968
        },
        "probability": 0.847488939762,
        "value": "ChaChaCha"
    },
    "mood_acoustic": {
        "all": {
            "acoustic": 0.015251358971,
            "not_acoustic": 0.984748661518
        },
        "probability": 0.984748661518,
        "value": "not_acoustic"
    },
    "mood_aggressive": {
        "all": {
            "aggressive": 0.972345530987,
            "not_aggressive": 0.0276544559747
        },
        "probability": 0.972345530987,
        "value": "aggressive"
    },
    "mood_electronic": {
        "all": {
            "electronic": 0.0932914838195,
            "not_electronic": 0.906708538532
        },
        "probability": 0.906708538532,
        "value": "not_electronic"
    },
    "mood_happy": {
        "all": {
            "happy": 0.189556404948,
            "not_happy": 0.810443580151
        },
        "probability": 0.810443580151,
        "value": "not_happy"
    },
    "mood_party": {
        "all": {
            "not_party": 0.751686573029,
            "party": 0.24831341207
        },
        "probability": 0.751686573029,
        "value": "not_party"
    },
    "mood_relaxed": {
        "all": {
            "not_relaxed": 0.907938122749,
            "relaxed": 0.0920618996024
        },
        "probability": 0.907938122749,
        "value": "not_relaxed"
    },
    "mood_sad": {
        "all": {
            "not_sad": 0.892094671726,
            "sad": 0.107905343175
        },
        "probability": 0.892094671726,
        "value": "not_sad"
    },
    "moods_mirex": {
        "all": {
            "Cluster1": 0.457217901945,
            "Cluster2": 0.103178821504,
            "Cluster3": 0.246704339981,
            "Cluster4": 0.0727519765496,
            "Cluster5": 0.120146974921
        },
        "probability": 0.457217901945,
        "value": "Cluster1"
    },
    "timbre": {
        "all": {
            "bright": 0.999997496605,
            "dark": 2.48988294516e-06
        },
        "probability": 0.999997496605,
        "value": "bright"
    },
    "tonal_atonal": {
        "all": {
            "atonal": 0.0435776077211,
            "tonal": 0.956422388554
        },
        "probability": 0.956422388554,
        "value": "tonal"
    },
    "voice_instrumental": {
        "all": {
            "instrumental": 0.00504869082943,
            "voice": 0.994951307774
        },
        "probability": 0.994951307774,
        "value": "voice"
    }
},
"lowlevel": {
    "average_loudness": 0.980832517147,
    "barkbands_crest": {
        "dmean": 2.80536389351,
        "dmean2": 4.55883216858,
        "dvar": 7.8047118187,
        "dvar2": 18.3038692474,
        "max": 24.4673461914,
        "mean": 8.49813365936,
        "median": 7.62750005722,
        "min": 2.26966142654,
        "var": 14.7937994003
    },
    "barkbands_flatness_db": {
        "dmean": 0.0166807882488,
        "dmean2": 0.0267864968628,
        "dvar": 0.000230946738156,
        "dvar2": 0.000509441306349,
        "max": 0.362714648247,
        "mean": 0.114063754678,
        "median": 0.108521528542,
        "min": 0.0564204193652,
        "var": 0.000897152815014
    },
    "barkbands_kurtosis": {
        "dmean": 1.49430835247,
        "dmean2": 2.36967635155,
        "dvar": 18.2860565186,
        "dvar2": 32.3559532166,
        "max": 133.259719849,
        "mean": 0.486539930105,
        "median": -0.503666162491,
        "min": -1.77375006676,
        "var": 28.0103321075
    },
    "barkbands_skewness": {
        "dmean": 0.451891392469,
        "dmean2": 0.715509295464,
        "dvar": 0.308302879333,
        "dvar2": 0.611427247524,
        "max": 9.62048530579,
        "mean": 0.823327183723,
        "median": 0.645789682865,
        "min": -3.13892817497,
        "var": 0.656623721123
    },
    "barkbands_spread": {
        "dmean": 5.62199497223,
        "dmean2": 8.92619228363,
        "dvar": 33.8749809265,
        "dvar2": 78.3279495239,
        "max": 95.0512542725,
        "mean": 29.9419803619,
        "median": 30.6933403015,
        "min": 1.27292370796,
        "var": 83.6915893555
    },
    "dissonance": {
        "dmean": 0.0122040221468,
        "dmean2": 0.0204216632992,
        "dvar": 0.000169729915797,
        "dvar2": 0.000424770783866,
        "max": 0.499999970198,
        "mean": 0.480974912643,
        "median": 0.485716342926,
        "min": 0.3086835742,
        "var": 0.000298231927445
    },
    "dynamic_complexity": 1.38285398483,
    "erbbands_crest": {
        "dmean": 2.80946183205,
        "dmean2": 4.40915679932,
        "dvar": 9.28421401978,
        "dvar2": 19.5452461243,
        "max": 28.4211540222,
        "mean": 8.89582538605,
        "median": 7.13368082047,
        "min": 2.73208427429,
        "var": 26.1982135773
    },
    "erbbands_flatness_db": {
        "dmean": 0.0148658677936,
        "dmean2": 0.0223232954741,
        "dvar": 0.000189684840734,
        "dvar2": 0.000380476121791,
        "max": 0.281872808933,
        "mean": 0.162471458316,
        "median": 0.160360202193,
        "min": 0.0929814875126,
        "var": 0.000789360201452
    },
    "erbbands_kurtosis": {
        "dmean": 0.768144726753,
        "dmean2": 1.22800552845,
        "dvar": 2.60419297218,
        "dvar2": 5.12699222565,
        "max": 38.331237793,
        "mean": 0.305931925774,
        "median": -0.0225486755371,
        "min": -1.82436549664,
        "var": 4.02421712875
    },
    "erbbands_skewness": {
        "dmean": 0.356326252222,
        "dmean2": 0.543300271034,
        "dvar": 0.142113655806,
        "dvar2": 0.258443117142,
        "max": 4.28959226608,
        "mean": -0.185074567795,
        "median": -0.308846443892,
        "min": -5.71487760544,
        "var": 0.454743057489
    },
    "erbbands_spread": {
        "dmean": 6.24424314499,
        "dmean2": 9.93943309784,
        "dvar": 40.0547103882,
        "dvar2": 97.2311477661,
        "max": 87.7106399536,
        "mean": 32.1673583984,
        "median": 30.4858474731,
        "min": 9.7072095871,
        "var": 113.893974304
    },
    "hfc": {
        "dmean": 5.12080860138,
        "dmean2": 7.80101585388,
        "dvar": 22.9619503021,
        "dvar2": 51.8354110718,
        "max": 68.7437438965,
        "mean": 30.5650520325,
        "median": 30.1278343201,
        "min": 0.0424119569361,
        "var": 94.7612838745
    },
    "melbands_crest": {
        "dmean": 3.26866388321,
        "dmean2": 5.2581076622,
        "dvar": 7.97015380859,
        "dvar2": 20.2258777618,
        "max": 29.5038204193,
        "mean": 13.3712882996,
        "median": 12.8632764816,
        "min": 4.44460248947,
        "var": 19.2095928192
    },
    "melbands_flatness_db": {
        "dmean": 0.0243748836219,
        "dmean2": 0.0385731235147,
        "dvar": 0.000596006575506,
        "dvar2": 0.00126120238565,
        "max": 0.476588666439,
        "mean": 0.161700204015,
        "median": 0.153907567263,
        "min": 0.0814978331327,
        "var": 0.00173245777842
    },
    "melbands_kurtosis": {
        "dmean": 4.28045463562,
        "dmean2": 7.0119972229,
        "dvar": 158.226089478,
        "dvar2": 386.529571533,
        "max": 340.805633545,
        "mean": 5.50765657425,
        "median": 2.46944570541,
        "min": -1.77093660831,
        "var": 190.779632568
    },
    "melbands_skewness": {
        "dmean": 0.648127019405,
        "dmean2": 1.03054082394,
        "dvar": 0.717422485352,
        "dvar2": 1.63875305653,
        "max": 16.4413852692,
        "mean": 1.90266191959,
        "median": 1.65859282017,
        "min": -0.409870415926,
        "var": 1.47996139526
    },
    "melbands_spread": {
        "dmean": 8.99579524994,
        "dmean2": 14.2890720367,
        "dvar": 125.562255859,
        "dvar2": 216.275772095,
        "max": 295.118804932,
        "mean": 34.9754447937,
        "median": 34.9072380066,
        "min": 1.14082145691,
        "var": 294.721130371
    },
    "pitch_salience": {
        "dmean": 0.068207256496,
        "dmean2": 0.108925282955,
        "dvar": 0.00339346984401,
        "dvar2": 0.00873144902289,
        "max": 0.809329986572,
        "mean": 0.552415072918,
        "median": 0.554311752319,
        "min": 0.234455361962,
        "var": 0.00765446294099
    },
    "silence_rate_20dB": {
        "dmean": 0,
        "dmean2": 0,
        "dvar": 0,
        "dvar2": 0,
        "max": 1,
        "mean": 1,
        "median": 1,
        "min": 1,
        "var": 0
    },
    "silence_rate_30dB": {
        "dmean": 0,
        "dmean2": 0,
        "dvar": 0,
        "dvar2": 0,
        "max": 1,
        "mean": 1,
        "median": 1,
        "min": 1,
        "var": 0
    },
    "silence_rate_60dB": {
        "dmean": 0.00386996893212,
        "dmean2": 0.00697134016082,
        "dvar": 0.00385499303229,
        "dvar2": 0.00692274095491,
        "max": 1,
        "mean": 0.00850734766573,
        "median": 0,
        "min": 0,
        "var": 0.00843497272581
    },
    "spectral_centroid": {
        "dmean": 257.699462891,
        "dmean2": 415.7684021,
        "dvar": 70636.3984375,
        "dvar2": 149145.015625,
        "max": 5930.04492188,
        "mean": 1849.37854004,
        "median": 1885.88769531,
        "min": 262.218017578,
        "var": 183428.140625
    },
    "spectral_complexity": {
        "dmean": 3.89009284973,
        "dmean2": 6.42680072784,
        "dvar": 9.30522632599,
        "dvar2": 25.2452144623,
        "max": 56,
        "mean": 37.3379745483,
        "median": 38,
        "min": 1,
        "var": 45.6947250366
    },
    "spectral_decrease": {
        "dmean": 2.84147416707e-09,
        "dmean2": 4.51036719085e-09,
        "dvar": 1.32006089547e-17,
        "dvar2": 3.11195835093e-17,
        "max": -3.6941619902e-11,
        "mean": -8.5696090224e-09,
        "median": -7.33602911751e-09,
        "min": -2.8364445015e-08,
        "var": 1.83366635408e-17
    },
    "spectral_energy": {
        "dmean": 0.0110048558563,
        "dmean2": 0.0174108985811,
        "dvar": 0.000191215556697,
        "dvar2": 0.000452407053672,
        "max": 0.109493464231,
        "mean": 0.0351159721613,
        "median": 0.0306304786354,
        "min": 0.000151262880536,
        "var": 0.000274513906334
    },
    "spectral_energyband_high": {
        "dmean": 0.000191625847947,
        "dmean2": 0.00031065652729,
        "dvar": 3.16134709522e-08,
        "dvar2": 7.66070442637e-08,
        "max": 0.00318356580101,
        "mean": 0.000824136775918,
        "median": 0.000800760695711,
        "min": 6.2493046471e-07,
        "var": 1.02313805428e-07
    },
    "spectral_energyband_low": {
        "dmean": 0.00722387619317,
        "dmean2": 0.0115777971223,
        "dvar": 0.000169688661117,
        "dvar2": 0.000386893050745,
        "max": 0.0889505147934,
        "mean": 0.0128913959488,
        "median": 0.00896003656089,
        "min": 5.17565349583e-05,
        "var": 0.000191663915757
    },
    "spectral_energyband_middle_high": {
        "dmean": 0.00259391358122,
        "dmean2": 0.00397255644202,
        "dvar": 1.01813775473e-05,
        "dvar2": 2.47567786573e-05,
        "max": 0.0427925027907,
        "mean": 0.0106265693903,
        "median": 0.0100417537615,
        "min": 3.56448231287e-06,
        "var": 2.90331299766e-05
    },
    "spectral_energyband_middle_low": {
        "dmean": 0.00610204832628,
        "dmean2": 0.00989105273038,
        "dvar": 6.62298480165e-05,
        "dvar2": 0.000163781238371,
        "max": 0.0634828433394,
        "mean": 0.0130799245089,
        "median": 0.00925329886377,
        "min": 8.54348327266e-05,
        "var": 0.000115616254334
    },
    "spectral_entropy": {
        "dmean": 0.0859492272139,
        "dmean2": 0.137737259269,
        "dvar": 0.0101054329425,
        "dvar2": 0.0183698348701,
        "max": 8.46426486969,
        "mean": 7.71779298782,
        "median": 7.73626995087,
        "min": 5.32649517059,
        "var": 0.0298493336886
    },
    "spectral_flux": {
        "dmean": 0.0293055530638,
        "dmean2": 0.0462477654219,
        "dvar": 0.000980180571787,
        "dvar2": 0.00215409812517,
        "max": 0.280830413103,
        "mean": 0.103537045419,
        "median": 0.0915743559599,
        "min": 0.00439401064068,
        "var": 0.00190580089111
    },
    "spectral_kurtosis": {
        "dmean": 1.3434804678,
        "dmean2": 2.29727077484,
        "dvar": 1.38596069813,
        "dvar2": 3.64235424995,
        "max": 22.1494636536,
        "mean": 4.59911775589,
        "median": 4.46771669388,
        "min": -1.58455717564,
        "var": 2.47444844246
    },
    "spectral_rms": {
        "dmean": 0.000848611874972,
        "dmean2": 0.00132103648502,
        "dvar": 8.99007886801e-07,
        "dvar2": 2.05633682526e-06,
        "max": 0.0103355161846,
        "mean": 0.00570140173659,
        "median": 0.00546657061204,
        "min": 0.000384153012419,
        "var": 1.75356842647e-06
    },
    "spectral_rolloff": {
        "dmean": 491.830047607,
        "dmean2": 835.491943359,
        "dvar": 412274.53125,
        "dvar2": 788443.6875,
        "max": 11347.9980469,
        "mean": 1921.74963379,
        "median": 2153.3203125,
        "min": 107.666015625,
        "var": 773964.5625
    },
    "spectral_skewness": {
        "dmean": 0.192801073194,
        "dmean2": 0.315330117941,
        "dvar": 0.0293387696147,
        "dvar2": 0.0646408423781,
        "max": 3.30233979225,
        "mean": 1.38690149784,
        "median": 1.38928294182,
        "min": -0.506666183472,
        "var": 0.0814926251769
    },
    "spectral_spread": {
        "dmean": 323192.78125,
        "dmean2": 505050.8125,
        "dvar": 227577200640,
        "dvar2": 366180302848,
        "max": 17846198,
        "mean": 3554141.75,
        "median": 3450908.25,
        "min": 1906433.25,
        "var": 854820061184
    },
    "spectral_strongpeak": {
        "dmean": 0.724037349224,
        "dmean2": 1.19842076302,
        "dvar": 1.42130148411,
        "dvar2": 3.25791692734,
        "max": 10.4351758957,
        "mean": 1.16035938263,
        "median": 0.409761935472,
        "min": 0.0302609819919,
        "var": 2.43642354012
    },
    "zerocrossingrate": {
        "dmean": 0.00843570102006,
        "dmean2": 0.0101302284747,
        "dvar": 0.000112547677418,
        "dvar2": 0.000113792055345,
        "max": 0.3994140625,
        "mean": 0.066790305078,
        "median": 0.06591796875,
        "min": 0.01611328125,
        "var": 0.00047822156921
    },
    "barkbands": {
        "dmean": [7.32639600756e-05, 0.00467256130651, 0.0031922343187, 0.00202088197693, 0.00207027117722, 0.00108661677223, 0.00088605255587, 0.000434747315012, 0.00138219771907, 0.00187814421952, 0.000409592699725, 0.000602962798439, 0.000496504362673, 0.000504667172208, 0.000494216685183, 0.000551437376998, 0.000624673033599, 0.000351368187694, 0.000324407330481, 0.000171527732164, 9.10836388357e-05, 4.33327149949e-05, 3.43468345818e-05, 4.02857040172e-05, 2.72568104265e-05, 8.30403041618e-06, 8.09172249205e-08],
        "dmean2": [0.000120098542538, 0.00744310673326, 0.00566216884181, 0.00363233196549, 0.00367155228741, 0.00184334756341, 0.0014475279022, 0.000732997257728, 0.00207113241777, 0.00285685900599, 0.000645066553261, 0.000935217831284, 0.000760976399761, 0.000831026700325, 0.000755641493015, 0.000912737625185, 0.00104897853453, 0.000578516745009, 0.000546352064703, 0.000284877896775, 0.000154155204655, 7.26829021005e-05, 5.61549386475e-05, 6.49048524792e-05, 4.2151670641e-05, 1.3248563846e-05, 1.40823260608e-07],
        "dvar": [2.46821088012e-08, 9.01824387256e-05, 3.56672971975e-05, 1.06665029307e-05, 1.99853457161e-05, 3.61251773029e-06, 2.48886453846e-06, 4.22177549808e-07, 1.11765939437e-05, 1.86189754459e-05, 4.55860629245e-07, 1.12758891646e-06, 7.46898081161e-07, 4.63263319261e-07, 8.84401799794e-07, 5.82176426178e-07, 4.68568657652e-07, 1.70831967239e-07, 9.2540147989e-08, 2.33948131978e-08, 6.77276545957e-09, 1.99367988785e-09, 1.42734302155e-09, 2.84510193183e-09, 3.3542386646e-09, 2.73195466249e-10, 1.4687285337e-14],
        "dvar2": [5.48408998213e-08, 0.000202143928618, 0.000105108083517, 3.06864349113e-05, 5.72971002839e-05, 9.09669415705e-06, 5.97112648393e-06, 1.0627542224e-06, 2.21538448386e-05, 4.28511521022e-05, 9.49982052134e-07, 2.40272584051e-06, 1.51077756527e-06, 1.16224123303e-06, 1.73563284989e-06, 1.61078969541e-06, 1.23086556414e-06, 4.12814358697e-07, 2.51519963967e-07, 6.18987741063e-08, 1.96402218933e-08, 5.56472379287e-09, 3.80086850882e-09, 6.02381655668e-09, 7.1231784915e-09, 6.18748552395e-10, 3.65750283521e-14],
        "max": [0.00118219479918, 0.0617124997079, 0.0534089356661, 0.0275135934353, 0.0304098520428, 0.0176408216357, 0.0216711387038, 0.00782932061702, 0.0537050664425, 0.045615863055, 0.0108646042645, 0.0149736357853, 0.015385328792, 0.00735409045592, 0.0219871085137, 0.0155000761151, 0.00706971623003, 0.00702429469675, 0.00369420461357, 0.00170419784263, 0.00124945794232, 0.000498518929817, 0.00055212987354, 0.000847386661917, 0.00123643572442, 0.000292883865768, 1.69584586729e-06],
        "mean": [6.78159922245e-05, 0.00609368970618, 0.0052104042843, 0.0024508186616, 0.0023780381307, 0.00159703788813, 0.00145593774505, 0.000745659519453, 0.00243563088588, 0.00300135184079, 0.000734551984351, 0.00110144424252, 0.000983929960057, 0.000940405298024, 0.000867416034453, 0.0010784168262, 0.00127051596064, 0.000807253876701, 0.000839649466798, 0.000482579867821, 0.000257061386947, 7.51355764805e-05, 6.00863204454e-05, 0.000106971267087, 6.15142344031e-05, 1.26648074001e-05, 7.41326431353e-08],
        "median": [1.19141659525e-05, 0.00237345951609, 0.00395581265911, 0.00158710591495, 0.00138425722253, 0.000899761915207, 0.000819646986201, 0.000532519305125, 0.000908874324523, 0.00070829608012, 0.000414465786889, 0.000525583163835, 0.000457616406493, 0.000607891241089, 0.000521203619428, 0.000882258347701, 0.00104781414848, 0.00069093669299, 0.000766234647017, 0.000443457014626, 0.000241793095483, 6.31891380181e-05, 4.52291496913e-05, 8.92753523658e-05, 4.39595169155e-05, 4.94544428875e-06, 2.61289745396e-08],
        "min": [6.06482153387e-09, 6.64305105147e-07, 1.14137435503e-06, 1.31703864099e-05, 9.62506783253e-06, 4.38729387042e-07, 2.10627760566e-07, 6.65494965801e-08, 1.01257626284e-07, 8.74236434356e-08, 1.62592456832e-07, 8.26857089464e-08, 5.78874015389e-08, 5.38095292768e-08, 2.54618157669e-07, 7.02824650034e-07, 2.09636951354e-07, 2.01509635644e-07, 8.43567633524e-08, 2.70973710137e-09, 8.70881144976e-11, 4.79152394844e-12, 4.40517067268e-12, 4.49964367988e-08, 7.17589117016e-08, 5.4696851215e-11, 6.36008433419e-12],
        "var": [2.50102125676e-08, 9.92328714347e-05, 2.87044131255e-05, 8.18615353637e-06, 1.40734073284e-05, 5.18841761732e-06, 4.57860460301e-06, 5.94263269704e-07, 2.74543144769e-05, 3.80230158044e-05, 9.91988827082e-07, 3.00058036373e-06, 2.94675965051e-06, 8.82275799086e-07, 1.69528027527e-06, 7.31534157694e-07, 7.30327656129e-07, 3.43520667911e-07, 1.97808788016e-07, 5.03836048438e-08, 1.51890819922e-08, 3.56595930562e-09, 2.95188495869e-09, 7.23764115307e-09, 6.74440592263e-09, 4.23758500512e-10, 1.54119440463e-14]
    },
    "erbbands": {
        "dmean": [0.121157363057, 1.13643705845, 3.22647976875, 5.57867956161, 8.81840705872, 5.04132175446, 5.07316303253, 10.3033370972, 13.8093357086, 10.7334060669, 9.65969181061, 25.9720306396, 72.7642593384, 27.8452587128, 14.1648626328, 27.6707382202, 20.6895236969, 24.2160434723, 26.3283119202, 19.3617668152, 37.0911483765, 30.0466175079, 19.2123985291, 16.7628211975, 13.4378099442, 8.5392332077, 4.98795366287, 2.63068318367, 1.66123223305, 0.923141896725, 1.03372085094, 0.985370099545, 0.702105522156, 0.374798834324, 0.171995297074, 0.0570959188044, 0.0115757640451, 0.000615831231698, 2.55563081737e-05, 1.30531925606e-05],
        "dmean2": [0.192056342959, 1.84112691879, 5.65429496765, 10.0320940018, 15.9869346619, 8.88599681854, 8.25171375275, 17.7506275177, 22.4575328827, 17.625585556, 16.1463546753, 39.2861976624, 105.213508606, 44.4529495239, 23.4457111359, 42.2093734741, 31.4566173553, 39.6501350403, 40.5604629517, 31.9021472931, 60.6251220703, 49.7947311401, 31.7680454254, 28.4603404999, 22.1730461121, 14.2166061401, 8.51526260376, 4.42495536804, 2.78481650352, 1.54949605465, 1.71146261692, 1.57891225815, 1.11753797531, 0.582490384579, 0.274997889996, 0.0887877866626, 0.0190454088151, 0.00104225496762, 4.19911084464e-05, 2.05798951356e-05],
        "dvar": [0.0691781044006, 5.17734384537, 35.810131073, 101.665466309, 328.854309082, 91.4188537598, 106.57119751, 352.128173828, 549.82989502, 332.04083252, 234.071792603, 3597.12841797, 26576.1425781, 7529.39941406, 369.619171143, 2398.01831055, 1323.05761719, 1249.13342285, 3241.85693359, 584.063293457, 2486.00683594, 1008.28930664, 515.285400391, 269.845031738, 158.410949707, 60.5346260071, 20.7724723816, 6.24561357498, 2.85130000114, 1.11424636841, 1.35935783386, 1.62271499634, 0.918374657631, 0.625373721123, 0.111470982432, 0.0134705062956, 0.000481349619804, 1.82377266356e-06, 1.39559719337e-09, 2.51937165574e-10],
        "dvar2": [0.151934012771, 12.1736917496, 102.987991333, 297.800262451, 941.125610352, 257.424530029, 269.334564209, 921.6484375, 1300.25695801, 813.477233887, 610.897888184, 7580.88916016, 55452.0234375, 19568.6328125, 975.780517578, 4930.90673828, 2649.74926758, 3162.57763672, 6271.87353516, 1443.54284668, 6875.68847656, 2648.2902832, 1279.75598145, 704.180419922, 422.838348389, 158.742996216, 57.8709335327, 17.2371692657, 7.71552658081, 3.03676605225, 3.59500837326, 3.88220500946, 2.06796383858, 1.3028293848, 0.240375518799, 0.0297102797776, 0.0011245404603, 4.31126409239e-06, 3.33763838789e-09, 6.04527372605e-10],
        "max": [1.63934361935, 15.7345371246, 48.7082443237, 75.1420516968, 127.204971313, 83.0786514282, 146.596282959, 210.265090942, 328.994934082, 276.133148193, 204.048416138, 1144.21289062, 1928.49450684, 1279.04174805, 254.990753174, 733.381530762, 651.437072754, 539.622070312, 1393.55029297, 367.366760254, 1048.70239258, 327.930145264, 327.616394043, 228.557815552, 145.540466309, 79.2348632812, 76.9731826782, 32.7554359436, 18.6976127625, 12.2214603424, 15.0968322754, 20.3412857056, 15.81295681, 17.387512207, 5.34174919128, 2.40837621689, 0.249253347516, 0.0186451859772, 0.000393867172534, 0.000128896237584],
        "mean": [0.12847456336, 1.56228494644, 5.21113204956, 8.47064304352, 8.78581619263, 6.42541503906, 7.74874305725, 14.1442213058, 22.3725357056, 18.6863555908, 18.2891082764, 47.1940002441, 122.904884338, 45.6757240295, 30.1235866547, 54.4174804688, 44.4465522766, 48.2866439819, 49.7752380371, 39.5601997375, 76.1135787964, 67.0135803223, 45.4779510498, 44.6419944763, 35.5198707581, 24.0381641388, 14.9200468063, 6.76589822769, 3.0353345871, 1.49641251564, 1.7748426199, 2.24922323227, 1.73775100708, 0.851003527641, 0.348905682564, 0.097107745707, 0.0154758477584, 0.000730039784685, 5.17269218108e-05, 4.5532000513e-05],
        "median": [0.0322591289878, 0.704571664333, 3.96636819839, 6.1218328476, 4.71394777298, 3.83806967735, 4.21232271194, 7.66891717911, 11.5516014099, 12.5844659805, 13.5935201645, 20.6621208191, 26.5992469788, 20.6626014709, 22.5682659149, 26.3209190369, 23.9798107147, 30.3897686005, 31.4463043213, 31.0222663879, 64.5110092163, 57.6749076843, 38.4268112183, 41.0312728882, 32.3146820068, 22.1271018982, 13.8899126053, 6.24463844299, 2.56028795242, 1.12114715576, 1.34761917591, 1.8879929781, 1.37645483017, 0.629427731037, 0.221771985292, 0.0458147525787, 0.00477598188445, 0.000239333632635, 3.75200870621e-05, 4.04889433412e-05],
        "min": [1.5992898625e-05, 0.000292901415378, 0.00593726756051, 0.0743881464005, 0.0745037421584, 0.0340100079775, 0.0100179547444, 0.00482080737129, 0.00260536931455, 0.00132437574212, 0.0020303002093, 0.00216166768223, 0.00326833990403, 0.00545921269804, 0.00677032908425, 0.0044101360254, 0.0030615280848, 0.00228831544518, 0.0104004079476, 0.0300441551954, 0.040380217135, 0.0174218993634, 0.0134970564395, 0.00948538724333, 0.00213173241355, 0.000178827220225, 7.59128379286e-05, 3.18767633871e-05, 1.07526475404e-05, 1.9048464992e-06, 2.43676640821e-06, 5.05069729115e-05, 0.00155826332048, 0.00308402418159, 0.000533281243406, 0.000115767623356, 1.33593657665e-05, 1.6602479036e-06, 1.89390718219e-07, 2.0246125132e-07],
        "var": [0.0712886229157, 5.5163731575, 28.9242916107, 77.1874008179, 220.629257202, 73.457321167, 151.845230103, 441.412902832, 1092.53137207, 467.660369873, 328.251281738, 8287.88867188, 62641.5820312, 11194.2636719, 730.949462891, 6625.53369141, 5144.26464844, 2661.00537109, 5949.67919922, 993.397033691, 3130.59570312, 1724.81945801, 944.64855957, 532.855712891, 353.951507568, 130.179107666, 45.830997467, 13.0204315186, 5.29753017426, 2.02046847343, 2.59118795395, 3.2843234539, 2.44653558731, 1.26030039787, 0.212850645185, 0.0226548593491, 0.000655257666949, 1.9961594262e-06, 1.85780768547e-09, 3.75314362921e-10]
    },
    "gfcc": {
        "mean": [42.3632774353, 98.7880630493, -144.278427124, 45.0480613708, -50.6867103577, 17.6076583862, -40.3934364319, 22.9183998108, -28.6892318726, -1.97676885128, -12.7589225769, -13.4990653992, -5.39411973953],
        "cov": [[1273.20690918, -65.8297195435, -112.186782837, -1.90410220623, -106.027763367, 67.4934997559, 158.076293945, -8.19660568237, 66.0805587769, 118.19278717, -28.6885070801, 117.533317566, -44.0973777771], [-65.8297195435, 344.513214111, -134.425598145, 49.9977378845, -5.06479787827, -104.401496887, 62.1783866882, -107.100593567, 70.2894592285, -56.6590080261, 16.4290428162, -37.279510498, 64.5019378662], [-112.186782837, -134.425598145, 335.455108643, -14.4411687851, 68.6349411011, 26.9480056763, -73.5893936157, 101.074119568, -53.6960639954, 57.7058753967, -12.2861843109, 30.3624019623, -27.4399967194], [-1.90410220623, 49.9977378845, -14.4411687851, 175.297668457, 38.2448654175, 20.1029205322, 40.67993927, -34.7671852112, 60.5740127563, 18.0367412567, 45.7705154419, 13.6363782883, 1.8525301218], [-106.027763367, -5.06479787827, 68.6349411011, 38.2448654175, 151.989654541, 36.7962036133, 20.2585372925, 29.4508152008, -23.0404453278, 36.9389610291, 8.88519477844, 4.599152565, -3.33905243874], [67.4934997559, -104.401496887, 26.9480056763, 20.1029205322, 36.7962036133, 137.402191162, 40.403503418, 22.6064891815, 5.45099401474, 15.4021863937, 24.1996498108, 21.5943717957, -25.9518756866], [158.076293945, 62.1783866882, -73.5893936157, 40.67993927, 20.2585372925, 40.403503418, 167.648498535, 6.63776397705, 59.2411727905, 8.38093662262, -18.0437793732, 20.2931976318, 8.97102451324], [-8.19660568237, -107.100593567, 101.074119568, -34.7671852112, 29.4508152008, 22.6064891815, 6.63776397705, 131.554672241, -17.1701316833, 39.3300056458, -17.7706813812, 4.5567574501, -2.33579921722], [66.0805587769, 70.2894592285, -53.6960639954, 60.5740127563, -23.0404453278, 5.45099401474, 59.2411727905, -17.1701316833, 113.942153931, 0.956334650517, 10.5360088348, 8.77658462524, 3.36503744125], [118.19278717, -56.6590080261, 57.7058753967, 18.0367412567, 36.9389610291, 15.4021863937, 8.38093662262, 39.3300056458, 0.956334650517, 113.524101257, 20.2932662964, 29.4223155975, -18.0171146393], [-28.6885070801, 16.4290428162, -12.2861843109, 45.7705154419, 8.88519477844, 24.1996498108, -18.0437793732, -17.7706813812, 10.5360088348, 20.2932662964, 87.1527404785, 16.0820980072, -1.3144698143], [117.533317566, -37.279510498, 30.3624019623, 13.6363782883, 4.599152565, 21.5943717957, 20.2931976318, 4.5567574501, 8.77658462524, 29.4223155975, 16.0820980072, 82.4029693604, -4.70524740219], [-44.0973777771, 64.5019378662, -27.4399967194, 1.8525301218, -3.33905243874, -25.9518756866, 8.97102451324, -2.33579921722, 3.36503744125, -18.0171146393, -1.3144698143, -4.70524740219, 61.6530990601]],
        "icov": [[0.00149368529674, -0.000666876498144, 0.000676732626744, -0.000154702487634, 0.00174587243237, -0.0012610827107, -0.00046756939264, -0.000127854364109, 0.000565002264921, -0.0022000875324, 0.0016412967816, -0.00184312835336, 0.000919356418308], [-0.000666876498144, 0.0149750458077, -0.00279800547287, 0.00337787275203, -0.00551732396707, 0.0128419836983, -0.00910978857428, 0.0107111884281, -0.00679845549166, 0.00460303993896, -0.00963578931987, 0.00726242968813, -0.00858758855611], [0.000676732626744, -0.00279800547287, 0.00673931324854, -0.00191798689775, -0.000164863144164, -0.0034162485972, 0.00524810515344, -0.0057684276253, 0.00190453615505, -0.00229094363749, 0.00478302128613, -0.00461198063567, 0.00301585905254], [-0.000154702487634, 0.00337787275203, -0.00191798689775, 0.010738376528, -0.00403844937682, 0.00323681463487, -0.00372028560378, 0.00558306090534, -0.00630667712539, 0.000590163748711, -0.00654541933909, 0.00226596742868, -0.00237422133796], [0.00174587243237, -0.00551732396707, -0.000164863144164, -0.00403844937682, 0.0133836353198, -0.00698673864827, 0.000125040183775, -0.00378375104629, 0.00659893639386, -0.00580446375534, 0.00457227416337, -0.00237179826945, 0.00255135144107], [-0.0012610827107, 0.0128419836983, -0.0034162485972, 0.00323681463487, -0.00698673864827, 0.0221640281379, -0.0111214946955, 0.00733285024762, -0.00529725011438, 0.00701608741656, -0.0133631946519, 0.00576453376561, -0.00261333119124], [-0.00046756939264, -0.00910978857428, 0.00524810515344, -0.00372028560378, 0.000125040183775, -0.0111214946955, 0.0182063300163, -0.00894802622497, -0.000492056366056, -0.0026735488791, 0.0112729324028, -0.00687888497487, 0.00294196465984], [-0.000127854364109, 0.0107111884281, -0.0057684276253, 0.00558306090534, -0.00378375104629, 0.00733285024762, -0.00894802622497, 0.0206602625549, -0.00532812858, -0.000877125828993, -0.00568450754508, 0.00707866949961, -0.00861270166934], [0.000565002264921, -0.00679845549166, 0.00190453615505, -0.00630667712539, 0.00659893639386, -0.00529725011438, -0.000492056366056, -0.00532812858, 0.0177344623953, -0.00268810451962, 0.00385959027335, -0.00352295162156, 0.00461111916229], [-0.0022000875324, 0.00460303993896, -0.00229094363749, 0.000590163748711, -0.00580446375534, 0.00701608741656, -0.0026735488791, -0.000877125828993, -0.00268810451962, 0.0172538999468, -0.00816527940333, 0.000915762153454, 0.000652716204058], [0.0016412967816, -0.00963578931987, 0.00478302128613, -0.00654541933909, 0.00457227416337, -0.0133631946519, 0.0112729324028, -0.00568450754508, 0.00385959027335, -0.00816527940333, 0.0254855006933, -0.00885747373104, 0.00361791998148], [-0.00184312835336, 0.00726242968813, -0.00461198063567, 0.00226596742868, -0.00237179826945, 0.00576453376561, -0.00687888497487, 0.00707866949961, -0.00352295162156, 0.000915762153454, -0.00885747373104, 0.0207549389452, -0.00561486836523], [0.000919356418308, -0.00858758855611, 0.00301585905254, -0.00237422133796, 0.00255135144107, -0.00261333119124, 0.00294196465984, -0.00861270166934, 0.00461111916229, 0.000652716204058, 0.00361791998148, -0.00561486836523, 0.0251468103379]]
    },
    "melbands": {
        "dmean": [0.001219707774, 0.00155835528858, 0.0010259472765, 0.000527273921762, 0.000170263811015, 0.000227749944315, 0.00020217699057, 0.000109465152491, 8.48041381687e-05, 0.000195635060663, 0.000365441548638, 0.000114919879707, 5.29452263436e-05, 7.46784644434e-05, 6.03329608566e-05, 3.76584393962e-05, 5.16551590408e-05, 4.66756864625e-05, 2.89525723929e-05, 2.91973719868e-05, 5.13764352945e-05, 3.70093257516e-05, 2.5593331884e-05, 1.45270114444e-05, 1.56081805471e-05, 1.38888945003e-05, 7.57677844376e-06, 6.24543054073e-06, 3.80481969842e-06, 2.71471913038e-06, 1.56263570261e-06, 1.17871525163e-06, 7.21972526208e-07, 5.41358303963e-07, 6.11874781953e-07, 7.38563016967e-07, 6.62730485601e-07, 6.01707029091e-07, 4.37524647623e-07, 3.28725775489e-07],
        "dmean2": [0.00191157881636, 0.00263883336447, 0.00185487663839, 0.000944599101786, 0.000278823630651, 0.000389091001125, 0.000328202149831, 0.000181788593181, 0.000140101910802, 0.000290615105769, 0.000529326323885, 0.000187286292203, 8.62833257997e-05, 0.00011435514898, 9.05211709323e-05, 5.95665187575e-05, 8.40410793899e-05, 7.25812424207e-05, 4.67534773634e-05, 4.91438913741e-05, 8.38617052068e-05, 6.13954034634e-05, 4.25730249844e-05, 2.37676340475e-05, 2.66542883764e-05, 2.34721883317e-05, 1.27244748001e-05, 1.05165845525e-05, 6.53003871776e-06, 4.58319982499e-06, 2.62513640337e-06, 1.98140583052e-06, 1.21793038943e-06, 9.04559612991e-07, 1.03440788735e-06, 1.20303798212e-06, 1.09393135972e-06, 9.7626752904e-07, 6.98096187079e-07, 5.31266039161e-07],
        "dvar": [6.47052002023e-06, 7.85954580351e-06, 2.81432426164e-06, 1.35585128191e-06, 1.05514487814e-07, 1.6384041146e-07, 1.24506868815e-07, 3.19672714966e-08, 2.00135197304e-08, 2.15282952354e-07, 6.60107559725e-07, 1.40798931625e-07, 5.43210321169e-09, 1.92323579284e-08, 8.55653325971e-09, 3.64372021444e-09, 5.78561820674e-09, 8.80862049968e-09, 1.74956649168e-09, 1.38755651413e-09, 3.93558741152e-09, 1.64904689903e-09, 8.90532592113e-10, 3.94302257511e-10, 2.28233501542e-10, 1.83945331189e-10, 5.19352859329e-11, 3.39011527184e-11, 1.25883661134e-11, 6.45249608952e-12, 2.55214425982e-12, 1.46241580044e-12, 6.09284703853e-13, 4.18013524186e-13, 5.00409284322e-13, 8.90243770629e-13, 7.49325189571e-13, 5.45488838561e-13, 6.31442164181e-13, 4.58984738237e-13],
        "dvar2": [1.43179413499e-05, 2.07800367207e-05, 8.08550794318e-06, 3.89257684219e-06, 2.72829936421e-07, 4.21590300448e-07, 2.94678642376e-07, 7.7601143289e-08, 5.23692484933e-08, 4.29955633763e-07, 1.38576365316e-06, 3.69416056856e-07, 1.30146435851e-08, 4.09903897491e-08, 1.65821187892e-08, 8.60220694676e-09, 1.47358463209e-08, 1.72694072376e-08, 4.0749905672e-09, 3.72632324996e-09, 1.07628697066e-08, 4.37249214613e-09, 2.16404338893e-09, 1.0193763611e-09, 6.0963062376e-10, 5.12432707378e-10, 1.34441735522e-10, 8.92078633186e-11, 3.55297666288e-11, 1.80329657457e-11, 7.23941566416e-12, 3.96369308903e-12, 1.70829789117e-12, 1.09234702447e-12, 1.34582124091e-12, 2.19954284821e-12, 1.83055176919e-12, 1.3094439812e-12, 1.43424432487e-12, 9.31038557882e-13],
        "max": [0.0170294437557, 0.0209316741675, 0.0120826177299, 0.00802948325872, 0.00495675299317, 0.00424300692976, 0.00497351353988, 0.00270177633502, 0.00199426757172, 0.00729182409123, 0.00943010300398, 0.00510495528579, 0.00100695725996, 0.00198292522691, 0.00177911214996, 0.00101839052513, 0.000890990719199, 0.00223848246969, 0.000628896174021, 0.000606503046583, 0.00117413327098, 0.000451354455436, 0.000557253952138, 0.000526705407538, 0.000160766168847, 0.000157461719937, 9.30399401113e-05, 5.79855550313e-05, 5.07210461365e-05, 3.34257347276e-05, 2.53057733062e-05, 1.20874628919e-05, 7.23486346033e-06, 6.95933113093e-06, 9.23675088416e-06, 1.48733761307e-05, 1.24511298054e-05, 9.14832799026e-06, 1.48272501974e-05, 1.45655058077e-05],
        "mean": [0.00146190554369, 0.00261165271513, 0.00148871738929, 0.000560355838388, 0.00026569867623, 0.000324560882291, 0.000336619385052, 0.000191970582819, 0.000154518420459, 0.000352132454282, 0.000610040617175, 0.000175478882738, 9.93106586975e-05, 0.000134445625008, 0.000125189879327, 7.48447855585e-05, 9.49480236159e-05, 8.26586547191e-05, 5.25360483152e-05, 5.62502718822e-05, 9.87194871414e-05, 7.40977920941e-05, 5.18782362633e-05, 3.29438480549e-05, 3.66555577784e-05, 3.11653420795e-05, 1.84920718311e-05, 1.54366571223e-05, 9.9573035186e-06, 6.41649330646e-06, 3.07147456624e-06, 1.89574348042e-06, 9.8583586805e-07, 7.36386709832e-07, 8.62194667661e-07, 1.39026326451e-06, 1.3798545524e-06, 1.2804441667e-06, 1.00945874237e-06, 6.21286801561e-07],
        "median": [0.000507660966832, 0.00194142037071, 0.00108354829717, 0.000307726295432, 0.000157487869728, 0.000179241280421, 0.000178548114491, 0.000135524198413, 0.000110907523776, 0.000130400381749, 0.000131794833578, 7.26929138182e-05, 6.2002458435e-05, 6.16672405158e-05, 6.56704069115e-05, 4.09294880228e-05, 5.45922230231e-05, 5.07641598233e-05, 3.4712273191e-05, 4.55713998235e-05, 8.09444609331e-05, 6.25589673291e-05, 4.17883893533e-05, 2.77424242086e-05, 3.33931893692e-05, 2.67002978944e-05, 1.68421556737e-05, 1.40100919452e-05, 9.22960771277e-06, 5.85413181398e-06, 2.67773339147e-06, 1.58106104209e-06, 7.47774379306e-07, 5.06323488025e-07, 6.17094997324e-07, 1.05839046682e-06, 1.1226514971e-06, 9.94086121864e-07, 7.34157993065e-07, 4.36212900468e-07],
        "min": [1.42427268202e-07, 4.41390824335e-07, 1.49199167936e-05, 3.4946372125e-06, 6.03816715739e-07, 9.23417218246e-08, 4.34220623902e-08, 1.15884501994e-08, 1.74219945137e-08, 1.33310429362e-08, 1.44495366783e-08, 1.61152922118e-08, 2.18836717636e-08, 1.40223646028e-08, 7.4584427523e-09, 7.16095271969e-09, 3.063065801e-09, 1.39887834649e-08, 1.93301481488e-08, 5.71454172871e-08, 4.32541220619e-08, 1.24853256622e-08, 1.79603514283e-08, 9.58043067101e-09, 5.58541168871e-09, 2.37933694969e-09, 8.66983082548e-11, 7.10845618479e-11, 5.49570892266e-12, 1.58890763502e-13, 3.0122800955e-13, 1.06241594298e-13, 7.19831908923e-14, 3.29517432763e-14, 7.47972173022e-14, 3.41706480819e-13, 3.26127823748e-13, 5.34820465692e-10, 1.94059879277e-09, 9.07576458431e-10],
