{
"highlevel": {
    "danceability": {
        "all": {
            "danceable": 0.982503056526,
            "not_danceable": 0.0174969658256
        },
        "probability": 0.982503056526,
        "value": "danceable"
    },
    "gender": {
        "all": {
            "female": 6.35148467154e-07,
            "male": 0.999999344349
        },
        "probability": 0.999999344349,
        "value": "male"
    },
    "genre_dortmund": {
        "all": {
            "alternative": 0.0901510193944,
            "blues": 0.0866969078779,
            "electronic": 0.0053980704397,
            "folkcountry": 0.037761926651,
            "funksoulrnb": 0.00403101928532,
            "jazz": 0.0350794307888,
            "pop": 0.0200048685074,
            "raphiphop": 0.0194798540324,
            "rock": 0.701396882534
        },
        "probability": 0.701396882534,
        "value": "rock"
    },
    "genre_electronic": {
        "all": {
            "ambient": 0.295267015696,
            "dnb": 0.250605136156,
            "house": 0.0897288098931,
            "techno": 0.0348681099713,
            "trance": 0.329530924559
        },
        "probability": 0.329530924559,
        "value": "trance"
    },
    "genre_rosamerica": {
        "all": {
            "cla": 0.00857904367149,
            "dan": 0.155148014426,
            "hip": 0.194137945771,
            "jaz": 0.018926506862,
            "pop": 0.0542385987937,
            "rhy": 0.0705465078354,
            "roc": 0.488340198994,
            "spe": 0.0100831817836
        },
        "probability": 0.488340198994,
        "value": "roc"
    },
    "genre_tzanetakis": {
        "all": {
            "blu": 0.0626541376114,
            "cla": 0.0348133966327,
            "cou": 0.0783501937985,
            "dis": 0.104547761381,
            "hip": 0.15693578124,
            "jaz": 0.313987255096,
            "met": 0.044816005975,
            "pop": 0.0627349764109,
            "reg": 0.0627352520823,
            "roc": 0.0784252434969
        },
        "probability": 0.313987255096,
        "value": "jaz"
    },
    "ismir04_rhythm": {
        "all": {
            "ChaChaCha": 0.532506287098,
            "Jive": 0.090048648417,
            "Quickstep": 0.0795206427574,
            "Rumba-American": 0.0309002976865,
            "Rumba-International": 0.0133699541911,
            "Rumba-Misc": 0.00392516609281,
            "Samba": 0.199083000422,
            "Tango": 0.026984076947,
            "VienneseWaltz": 0.0180657189339,
            "Waltz": 0.0055962158367
        },
        "probability": 0.532506287098,
        "value": "ChaChaCha"
    },
    "mood_acoustic": {
        "all": {
            "acoustic": 0.215806052089,
            "not_acoustic": 0.78419393301
        },
        "probability": 0.78419393301,
        "value": "not_acoustic"
    },
    "mood_aggressive": {
        "all": {
            "aggressive": 0.36373052001,
            "not_aggressive": 0.636269509792
        },
        "probability": 0.636269509792,
        "value": "not_aggressive"
    },
    "mood_electronic": {
        "all": {
            "electronic": 0.327345132828,
            "not_electronic": 0.672654867172
        },
        "probability": 0.672654867172,
        "value": "not_electronic"
    },
    "mood_happy": {
        "all": {
            "happy": 0.485422998667,
            "not_happy": 0.514577031136
        },
        "probability": 0.514577031136,
        "value": "not_happy"
    },
    "mood_party": {
        "all": {
            "not_party": 0.506375253201,
            "party": 0.493624716997
        },
        "probability": 0.506375253201,
        "value": "not_party"
    },
    "mood_relaxed": {
        "all": {
            "not_relaxed": 0.692595124245,
            "relaxed": 0.307404875755
        },
        "probability": 0.692595124245,
        "value": "not_relaxed"
    },
    "mood_sad": {
        "all": {
            "not_sad": 0.613241910934,
            "sad": 0.386758089066
        },
        "probability": 0.613241910934,
        "value": "not_sad"
    },
    "moods_mirex": {
        "all": {
            "Cluster1": 0.526277780533,
            "Cluster2": 0.110892854631,
            "Cluster3": 0.143899932504,
            "Cluster4": 0.0805709585547,
            "Cluster5": 0.13835850358
        },
        "probability": 0.526277780533,
        "value": "Cluster1"
    },
    "timbre": {
        "all": {
            "bright": 0.964752316475,
            "dark": 0.0352476760745
        },
        "probability": 0.964752316475,
        "value": "bright"
    },
    "tonal_atonal": {
        "all": {
            "atonal": 0.00294170109555,
            "tonal": 0.997058272362
        },
        "probability": 0.997058272362,
        "value": "tonal"
    },
    "voice_instrumental": {
        "all": {
            "instrumental": 0.00600156607106,
            "voice": 0.993998408318
        },
        "probability": 0.993998408318,
        "value": "voice"
    }
},
"lowlevel": {
    "average_loudness": 0.967185258865,
    "barkbands_crest": {
        "dmean": 2.70492076874,
        "dmean2": 4.47616291046,
        "dvar": 7.86727285385,
        "dvar2": 20.7742519379,
        "max": 23.7940120697,
        "mean": 12.0279579163,
        "median": 11.9203386307,
        "min": 3.45432400703,
        "var": 18.4253883362
    },
    "barkbands_flatness_db": {
        "dmean": 0.0221258979291,
        "dmean2": 0.0354899503291,
        "dvar": 0.000559848791454,
        "dvar2": 0.00139303226024,
        "max": 0.461520940065,
        "mean": 0.156444132328,
        "median": 0.141936287284,
        "min": 0.0634312853217,
        "var": 0.00348141021095
    },
    "barkbands_kurtosis": {
        "dmean": 4.68217468262,
        "dmean2": 7.5619301796,
        "dvar": 230.777481079,
        "dvar2": 447.720123291,
        "max": 471.29083252,
        "mean": 7.49531888962,
        "median": 2.23509597778,
        "min": -1.88049685955,
        "var": 666.217834473
    },
    "barkbands_skewness": {
        "dmean": 0.680694937706,
        "dmean2": 1.0824174881,
        "dvar": 0.759663283825,
        "dvar2": 1.82369077206,
        "max": 17.8888225555,
        "mean": 2.08662438393,
        "median": 1.72967195511,
        "min": -0.693160176277,
        "var": 2.7148976326
    },
    "barkbands_spread": {
        "dmean": 7.03430366516,
        "dmean2": 10.9160451889,
        "dvar": 76.5979309082,
        "dvar2": 171.287216187,
        "max": 107.963050842,
        "mean": 25.6540412903,
        "median": 24.0777244568,
        "min": 0.335656404495,
        "var": 213.62802124
    },
    "dissonance": {
        "dmean": 0.0154327265918,
        "dmean2": 0.025995509699,
        "dvar": 0.00023734041315,
        "dvar2": 0.000618736434262,
        "max": 0.499979317188,
        "mean": 0.469578683376,
        "median": 0.476755142212,
        "min": 0.345186918974,
        "var": 0.000555967155378
    },
    "dynamic_complexity": 2.66472554207,
    "erbbands_crest": {
        "dmean": 2.49006271362,
        "dmean2": 4.16565084457,
        "dvar": 7.3068113327,
        "dvar2": 18.7142238617,
        "max": 28.3804454803,
        "mean": 7.82122468948,
        "median": 6.85552215576,
        "min": 2.57734775543,
        "var": 14.6257572174
    },
    "erbbands_flatness_db": {
        "dmean": 0.0164232067764,
        "dmean2": 0.0244826488197,
        "dvar": 0.00028018001467,
        "dvar2": 0.00061360525433,
        "max": 0.258713662624,
        "mean": 0.138939931989,
        "median": 0.132867351174,
        "min": 0.0610281601548,
        "var": 0.00150841195136
    },
    "erbbands_kurtosis": {
        "dmean": 0.728134274483,
        "dmean2": 1.16582512856,
        "dvar": 1.31412231922,
        "dvar2": 2.98034453392,
        "max": 20.3315353394,
        "mean": 0.0151680922136,
        "median": -0.330248355865,
        "min": -1.71468305588,
        "var": 2.4614906311
    },
    "erbbands_skewness": {
        "dmean": 0.355262696743,
        "dmean2": 0.526187598705,
        "dvar": 0.137261018157,
        "dvar2": 0.290758728981,
        "max": 4.41489887238,
        "mean": -0.0107354670763,
        "median": -0.0601778998971,
        "min": -3.91480112076,
        "var": 0.511178851128
    },
    "erbbands_spread": {
        "dmean": 10.0053329468,
        "dmean2": 15.9717197418,
        "dvar": 135.626953125,
        "dvar2": 347.240325928,
        "max": 159.973815918,
        "mean": 47.1811332703,
        "median": 45.5898628235,
        "min": 7.81893014908,
        "var": 283.59085083
    },
    "hfc": {
        "dmean": 7.08830785751,
        "dmean2": 10.1203126907,
        "dvar": 77.1679992676,
        "dvar2": 163.660018921,
        "max": 82.9488830566,
        "mean": 23.443239212,
        "median": 20.272977829,
        "min": 0.275015890598,
        "var": 280.808044434
    },
    "melbands_crest": {
        "dmean": 3.02595233917,
        "dmean2": 4.95306587219,
        "dvar": 8.9512052536,
        "dvar2": 23.0507698059,
        "max": 29.5700283051,
        "mean": 17.601398468,
        "median": 17.580991745,
        "min": 5.25081825256,
        "var": 27.9331283569
    },
    "melbands_flatness_db": {
        "dmean": 0.0275569334626,
        "dmean2": 0.0431471467018,
        "dvar": 0.00091932102805,
        "dvar2": 0.00211262563244,
        "max": 0.547583639622,
        "mean": 0.212562054396,
        "median": 0.197980985045,
        "min": 0.0775335580111,
        "var": 0.00517317233607
    },
    "melbands_kurtosis": {
        "dmean": 14.0998659134,
        "dmean2": 23.2036705017,
        "dvar": 893.79083252,
        "dvar2": 2360.48046875,
        "max": 715.591491699,
        "mean": 26.2683315277,
        "median": 14.264541626,
        "min": -1.10060334206,
        "var": 1920.81396484
    },
    "melbands_skewness": {
        "dmean": 1.07607471943,
        "dmean2": 1.73407804966,
        "dvar": 1.86247837543,
        "dvar2": 4.72141742706,
        "max": 16.2343940735,
        "mean": 3.84938049316,
        "median": 3.5221452713,
        "min": -0.147633180022,
        "var": 5.20225667953
    },
    "melbands_spread": {
        "dmean": 7.10825109482,
        "dmean2": 11.1705818176,
        "dvar": 80.5889968872,
        "dvar2": 193.556228638,
        "max": 93.2787017822,
        "mean": 20.8981361389,
        "median": 18.4322910309,
        "min": 0.328314334154,
        "var": 197.205657959
    },
    "pitch_salience": {
        "dmean": 0.0723225027323,
        "dmean2": 0.120361976326,
        "dvar": 0.00536236586049,
        "dvar2": 0.014406058006,
        "max": 0.801414966583,
        "mean": 0.447380751371,
        "median": 0.460270762444,
        "min": 0.0344861261547,
        "var": 0.0146625544876
    },
    "silence_rate_20dB": {
        "dmean": 0,
        "dmean2": 0,
        "dvar": 0,
        "dvar2": 0,
        "max": 1,
        "mean": 1,
        "median": 1,
        "min": 1,
        "var": 0
    },
    "silence_rate_30dB": {
        "dmean": 0.0216718260199,
        "dmean2": 0.0433772280812,
        "dvar": 0.0212017949671,
        "dvar2": 0.0600867606699,
        "max": 1,
        "mean": 0.987625658512,
        "median": 1,
        "min": 0,
        "var": 0.0122215086594
    },
    "silence_rate_60dB": {
        "dmean": 0.00464396271855,
        "dmean2": 0.00929511990398,
        "dvar": 0.00462231179699,
        "dvar2": 0.0107582043856,
        "max": 1,
        "mean": 0.00386697612703,
        "median": 0,
        "min": 0,
        "var": 0.00385202490725
    },
    "spectral_centroid": {
        "dmean": 292.553436279,
        "dmean2": 449.286590576,
        "dvar": 92853.8046875,
        "dvar2": 199141.078125,
        "max": 4106.74462891,
        "mean": 1507.46850586,
        "median": 1478.50427246,
        "min": 119.310623169,
        "var": 353017.21875
    },
    "spectral_complexity": {
        "dmean": 4.478328228,
        "dmean2": 6.35863685608,
        "dvar": 18.1768474579,
        "dvar2": 33.198261261,
        "max": 54,
        "mean": 21.3178653717,
        "median": 21,
        "min": 1,
        "var": 90.9438476562
    },
    "spectral_decrease": {
        "dmean": 4.01677580086e-09,
        "dmean2": 6.59598864416e-09,
        "dvar": 4.00331229715e-17,
        "dvar2": 1.01034142888e-16,
        "max": -1.16017348506e-10,
        "mean": -9.16137476992e-09,
        "median": -7.00758162608e-09,
        "min": -4.79495447792e-08,
        "var": 4.36841162155e-17
    },
    "spectral_energy": {
        "dmean": 0.0156184453517,
        "dmean2": 0.0255111623555,
        "dvar": 0.000592424476054,
        "dvar2": 0.00149199028965,
        "max": 0.187645286322,
        "mean": 0.0367035083473,
        "median": 0.028166372329,
        "min": 0.000462821481051,
        "var": 0.000667891697958
    },
    "spectral_energyband_high": {
        "dmean": 0.000418912648456,
        "dmean2": 0.000609261682257,
        "dvar": 3.39342165034e-07,
        "dvar2": 7.0334482416e-07,
        "max": 0.00813662819564,
        "mean": 0.00113292608876,
        "median": 0.000864384812303,
        "min": 2.72502302323e-06,
        "var": 1.24344364849e-06
    },
    "spectral_energyband_low": {
        "dmean": 0.00978237017989,
        "dmean2": 0.0165952723473,
        "dvar": 0.000366230000509,
        "dvar2": 0.000972507928964,
        "max": 0.151077345014,
        "mean": 0.0195399839431,
        "median": 0.0149528421462,
        "min": 3.2135991205e-05,
        "var": 0.000339520629495
    },
    "spectral_energyband_middle_high": {
        "dmean": 0.00199920032173,
        "dmean2": 0.0028897698503,
        "dvar": 6.93984520694e-06,
        "dvar2": 1.45751364471e-05,
        "max": 0.032300196588,
        "mean": 0.00548652093858,
        "median": 0.00398670742288,
        "min": 6.71465386404e-06,
        "var": 2.56441617239e-05
    },
    "spectral_energyband_middle_low": {
        "dmean": 0.00747690256685,
        "dmean2": 0.0122369993478,
        "dvar": 0.00026833920856,
        "dvar2": 0.000676269526593,
        "max": 0.144471034408,
        "mean": 0.0116526959464,
        "median": 0.00638975854963,
        "min": 2.64439422608e-05,
        "var": 0.000262002431555
    },
    "spectral_entropy": {
        "dmean": 0.141456514597,
        "dmean2": 0.212805494666,
        "dvar": 0.0236696731299,
        "dvar2": 0.0507418401539,
        "max": 8.59352874756,
        "mean": 7.6650724411,
        "median": 7.78167963028,
        "min": 5.97839021683,
        "var": 0.191771566868
    },
    "spectral_flux": {
        "dmean": 0.0354070812464,
        "dmean2": 0.0570050813258,
        "dvar": 0.00219531240873,
        "dvar2": 0.00485713919625,
        "max": 0.384597361088,
        "mean": 0.097656391561,
        "median": 0.084586083889,
        "min": 0.00520744314417,
        "var": 0.00419062469155
    },
    "spectral_kurtosis": {
        "dmean": 1.26796901226,
        "dmean2": 2.15799307823,
        "dvar": 2.35089015961,
        "dvar2": 6.79688692093,
        "max": 17.7487297058,
        "mean": 3.20142745972,
        "median": 2.90129041672,
        "min": -0.942823410034,
        "var": 4.06939220428
    },
    "spectral_rms": {
        "dmean": 0.00114677730016,
        "dmean2": 0.00182250223588,
        "dvar": 2.45807427746e-06,
        "dvar2": 5.89877481616e-06,
        "max": 0.013530283235,
        "mean": 0.00568707520142,
        "median": 0.00524207856506,
        "min": 0.000671962159686,
        "var": 3.4654196952e-06
    },
    "spectral_rolloff": {
        "dmean": 527.948120117,
        "dmean2": 886.032043457,
        "dvar": 900432.4375,
        "dvar2": 2102207,
        "max": 11627.9296875,
        "mean": 1204.76037598,
        "median": 882.861328125,
        "min": 86.1328125,
        "var": 1527750.625
    },
    "spectral_skewness": {
        "dmean": 0.202183708549,
        "dmean2": 0.329512059689,
        "dvar": 0.0398563034832,
        "dvar2": 0.103487975895,
        "max": 2.74424743652,
        "mean": 1.29077291489,
        "median": 1.30374121666,
        "min": -0.0853749662638,
        "var": 0.108212277293
    },
    "spectral_spread": {
        "dmean": 524525.4375,
        "dmean2": 787717.875,
        "dvar": 348919791616,
        "dvar2": 703851855872,
        "max": 11248034,
        "mean": 4734135.5,
        "median": 4647099,
        "min": 2131690,
        "var": 1.51572565197e+12
    },
    "spectral_strongpeak": {
        "dmean": 0.393296152353,
        "dmean2": 0.674402594566,
        "dvar": 0.545920431614,
        "dvar2": 1.37916660309,
        "max": 7.02372312546,
        "mean": 0.677117645741,
        "median": 0.463673055172,
        "min": 0.0435840077698,
        "var": 0.601632475853
    },
    "zerocrossingrate": {
        "dmean": 0.0105834584683,
        "dmean2": 0.0130300363526,
        "dvar": 0.000142347227666,
        "dvar2": 0.000193991712877,
        "max": 0.2109375,
        "mean": 0.0558645874262,
        "median": 0.0546875,
        "min": 0.00390625,
        "var": 0.000837034429424
    },
    "barkbands": {
        "dmean": [0.000219229739741, 0.00746900076047, 0.00301246973686, 0.00128668698017, 0.00375266419724, 0.000576771388296, 0.00129703665152, 0.0013577491045, 0.00113552424591, 0.000649373279884, 0.000345060310792, 0.000276464561466, 0.000386494619306, 0.000611413677689, 0.000401083758334, 0.000239237037022, 0.00029283031472, 0.000159385162988, 0.000184852135135, 0.000119790929602, 0.000126264902065, 0.000125457096146, 8.87832429726e-05, 8.1464604591e-05, 5.46690171177e-05, 3.34881406161e-05, 1.68470180029e-08],
        "dmean2": [0.000335936347255, 0.0128815472126, 0.00527915311977, 0.00216514687054, 0.00653591332957, 0.000979101518169, 0.00207247771323, 0.00212386343628, 0.00178493221756, 0.00101903290488, 0.000563568086363, 0.000425409205491, 0.000603570602834, 0.000967317901086, 0.000650371424854, 0.000379812234314, 0.000462066556793, 0.000252339610597, 0.000294341065455, 0.000188289937796, 0.000200067093829, 0.000200609239982, 0.000133692505187, 0.000115854105388, 7.88833785919e-05, 5.19788300153e-05, 3.07511385245e-08],
        "dvar": [2.10647357335e-07, 0.000267065130174, 2.83511435555e-05, 6.66871301291e-06, 0.000148432794958, 2.62690355157e-06, 1.14281901915e-05, 9.31646718527e-06, 7.55888368076e-06, 2.89021500066e-06, 1.12531688501e-06, 4.57222967043e-07, 8.76651370163e-07, 1.64521918578e-06, 7.61198521104e-07, 1.53630466571e-07, 1.75289883941e-07, 3.14776151811e-08, 6.74039668525e-08, 3.10956416172e-08, 2.95227913227e-08, 3.4347891642e-08, 2.15710418416e-08, 4.34792859494e-08, 8.58868620668e-09, 4.25708890361e-09, 4.71677115294e-15],
        "dvar2": [4.29452825301e-07, 0.000716335081961, 8.0463825725e-05, 1.64044358826e-05, 0.000393081427319, 7.38487779017e-06, 2.65149974439e-05, 2.07914472412e-05, 1.76754037966e-05, 7.51454672354e-06, 3.12940323965e-06, 1.02740330021e-06, 1.96549081011e-06, 3.86881856684e-06, 1.86613328879e-06, 3.84137706533e-07, 4.2236163722e-07, 8.04938764531e-08, 1.65448824418e-07, 6.8427532085e-08, 7.10071716981e-08, 8.78900863199e-08, 4.5273420568e-08, 8.2486401709e-08, 1.70968483815e-08, 1.04082511498e-08, 1.35114333526e-14],
        "max": [0.00359697616659, 0.138125762343, 0.0511472970247, 0.0272300485522, 0.101271510124, 0.0233721658587, 0.0600143484771, 0.0356247425079, 0.0366077721119, 0.0330827794969, 0.0197503361851, 0.00927145034075, 0.0207316819578, 0.0143220415339, 0.0106391245499, 0.00652536517009, 0.00749792251736, 0.00158114545047, 0.00346422242001, 0.00269141141325, 0.00296137621626, 0.00228090258315, 0.00241368450224, 0.00432962924242, 0.00170133332722, 0.000849822885357, 1.23336133129e-06],
        "mean": [0.000294289784506, 0.0122760143131, 0.00609216094017, 0.00178805494215, 0.003658805741, 0.000707151193637, 0.00156242982484, 0.00190022774041, 0.00155007315334, 0.000956256815698, 0.00044159652316, 0.000391305686207, 0.00059648277238, 0.000909444177523, 0.000611573632341, 0.000434007321019, 0.000550217111595, 0.000325232831528, 0.000382766185794, 0.000246522831731, 0.000280363805359, 0.000274868449196, 0.000182185613085, 0.000145660349517, 9.87163875834e-05, 4.7124667617e-05, 1.08164535106e-08],
        "median": [2.81495376839e-05, 0.00763551797718, 0.00495156412944, 0.000909408205189, 0.00106524606235, 0.000220263027586, 0.000321828032611, 0.000279378087725, 0.000363597180694, 0.00026341114426, 0.000117424649943, 0.000124429527204, 0.000198971421923, 0.000330296868924, 0.000217331646127, 0.000271530152531, 0.000374733266653, 0.000238621709286, 0.000281696644379, 0.000163543387316, 0.000193211206351, 0.000175102191861, 0.000100215394923, 8.35623795865e-05, 5.3518324421e-05, 1.76881148946e-05, 5.73312342045e-10],
        "min": [1.08399884624e-08, 2.05950091186e-05, 1.75478658093e-06, 1.04633704723e-06, 4.61772242488e-06, 4.31238959209e-07, 1.77363881448e-06, 1.68487261476e-07, 5.03581247813e-07, 2.81871649577e-07, 2.80201618352e-07, 1.64593743079e-07, 1.2590007259e-07, 1.6172718631e-07, 7.18647186204e-07, 3.81772423452e-07, 1.27944261408e-07, 4.41386390548e-07, 6.80862058289e-07, 2.75825414064e-07, 7.26694395325e-07, 4.52634822068e-07, 3.27810951717e-08, 3.43482708942e-09, 1.35699829151e-09, 6.10288208858e-12, 7.0784671527e-12],
        "var": [3.50598526211e-07, 0.000251950259553, 3.01435629808e-05, 9.33451156016e-06, 0.00010923120135, 2.22584230869e-06, 1.40797883432e-05, 1.78381415026e-05, 1.12680427264e-05, 5.60369790037e-06, 1.42578744544e-06, 8.03135549177e-07, 1.67124142081e-06, 2.94205142382e-06, 1.33833702876e-06, 2.80399035546e-07, 3.99881486146e-07, 8.70336762659e-08, 1.43379153883e-07, 8.17253251739e-08, 9.16888964753e-08, 1.00774457223e-07, 6.01894925012e-08, 9.10953943389e-08, 1.83233321849e-08, 5.78836623077e-09, 2.76877600403e-15]
    },
    "erbbands": {
        "dmean": [0.197711452842, 1.78151381016, 3.66276478767, 3.36081194878, 12.6492595673, 10.5581941605, 3.75351881981, 5.42071771622, 14.1856298447, 26.4797401428, 28.3319034576, 26.5220775604, 25.6150894165, 13.8866176605, 11.486743927, 11.8809232712, 16.1874389648, 31.2916927338, 24.0543994904, 15.2212686539, 13.0358905792, 14.0215959549, 9.23818588257, 7.60512781143, 9.44494915009, 5.40109729767, 4.52742052078, 5.4671587944, 4.92864370346, 3.15691161156, 2.5949113369, 1.87102973461, 1.25075376034, 0.700005948544, 0.386949181557, 0.19633859396, 0.0523397549987, 0.00471407175064, 8.86684865691e-05, 1.98806756089e-05],
        "dmean2": [0.334755420685, 3.09252071381, 6.4228219986, 5.60897636414, 21.66065979, 18.6040534973, 6.38651752472, 9.18840885162, 22.0738067627, 43.3995132446, 42.6503334045, 41.0211257935, 41.0072059631, 21.115026474, 18.334104538, 18.2623653412, 24.462972641, 49.3099975586, 38.840801239, 24.096704483, 19.8940601349, 21.8172111511, 14.2699213028, 11.9897594452, 14.8651742935, 8.29870605469, 7.07129001617, 8.81712532043, 7.88202571869, 5.03854513168, 3.87780022621, 2.77596354485, 1.77781307697, 1.007350564, 0.582906723022, 0.300588577986, 0.0829047113657, 0.00774811394513, 0.000142332297401, 3.14641656587e-05],
        "dvar": [0.207421123981, 15.1925945282, 47.9622421265, 29.5358276367, 1548.3059082, 1203.50952148, 91.3676223755, 247.142166138, 2013.2467041, 3602.11987305, 4690.33349609, 4985.90087891, 4823.93652344, 1224.18591309, 902.659240723, 900.922119141, 1839.66564941, 4410.51806641, 2681.11791992, 832.105773926, 327.497741699, 358.569763184, 98.6597900391, 87.6370239258, 215.836090088, 58.915725708, 46.7467422485, 56.6956138611, 54.0500259399, 28.9441204071, 18.9180374146, 21.6814441681, 10.1029558182, 2.11154484749, 0.398929476738, 0.145097255707, 0.0101000322029, 8.41264409246e-05, 2.63354955621e-08, 7.82692799461e-10],
        "dvar2": [0.538730144501, 41.9436950684, 138.441101074, 77.1841506958, 4051.48144531, 3305.29931641, 244.32862854, 692.879394531, 4526.12597656, 8641.34667969, 9857.75097656, 11779.9492188, 12989.5644531, 2900.34472656, 2411.2578125, 2050.84790039, 4034.08105469, 10376.0292969, 6708.25244141, 2007.97851562, 747.684875488, 834.149291992, 241.288223267, 217.385894775, 502.244232178, 130.481399536, 99.7146987915, 141.556091309, 139.158035278, 73.5763473511, 38.9908256531, 43.2943840027, 19.0835323334, 4.18642759323, 0.922086894512, 0.35363650322, 0.0255415253341, 0.000210827522096, 6.51677680708e-08, 1.94797555864e-09],
        "max": [3.47838640213, 31.8298492432, 71.7230529785, 60.2032928467, 355.384094238, 338.89074707, 89.0032272339, 240.231704712, 914.191589355, 733.747070312, 969.823608398, 1101.26293945, 1288.05004883, 623.653686523, 530.152160645, 464.977050781, 1154.00500488, 857.882263184, 573.722290039, 485.727630615, 301.611022949, 257.057250977, 113.703140259, 137.977310181, 219.919906616, 125.053672791, 180.134292603, 77.2779693604, 87.4881439209, 70.6939315796, 69.9640655518, 93.5363006592, 70.408821106, 34.1549072266, 8.24132537842, 6.31345748901, 1.16093361378, 0.0863914489746, 0.00157893146388, 0.000225580632105],
        "mean": [0.258023023605, 3.05284976959, 7.50855398178, 6.50371742249, 12.1076164246, 10.6653823853, 4.44210624695, 6.46881961823, 17.0292472839, 33.3996124268, 43.2685928345, 36.8436698914, 36.6591415405, 22.1504459381, 16.2409629822, 18.627872467, 28.1630382538, 47.4823799133, 36.2798347473, 27.3081645966, 26.0699806213, 28.4675750732, 20.2568778992, 17.3421630859, 18.8826751709, 11.8184309006, 10.2796401978, 12.072385788, 10.593255043, 6.42897462845, 5.11355876923, 3.39295268059, 2.22074532509, 1.21853458881, 0.633184731007, 0.283436894417, 0.0672873407602, 0.00512894848362, 0.000125345453853, 5.01099420944e-05],
        "median": [0.130337208509, 1.96079802513, 6.70009565353, 4.48156785965, 3.09682846069, 3.18696379662, 1.75222480297, 2.05070543289, 3.82902288437, 6.43544197083, 7.07434463501, 8.35976409912, 9.98452377319, 8.15182590485, 5.63563537598, 6.17570257187, 10.7491044998, 17.6785755157, 13.2675409317, 13.9755439758, 16.3030509949, 20.4247608185, 15.0608549118, 14.1516637802, 12.877954483, 7.91157197952, 7.20015478134, 7.74876499176, 6.71100711823, 3.69163322449, 2.64544296265, 1.95205664635, 1.22763133049, 0.673801183701, 0.282261908054, 0.119494356215, 0.0215557534248, 0.00114030262921, 5.38114363735e-05, 4.1667084588e-05],
        "min": [0.000184893258847, 0.00451480131596, 0.00749773485586, 0.0230065602809, 0.0459646768868, 0.0175940115005, 0.0046758162789, 0.010966216214, 0.0360173285007, 0.0333542972803, 0.0346758924425, 0.0238476935774, 0.0117782838643, 0.0134327746928, 0.0250242706388, 0.00767311174423, 0.00537043763325, 0.00724825169891, 0.0249134860933, 0.0436077862978, 0.0403986759484, 0.0110867638141, 0.0225180331618, 0.0262374188751, 0.0273796841502, 0.0142942918465, 0.0225733015686, 0.020801436156, 0.0166994407773, 0.00587238650769, 0.000629738264252, 0.000137531358632, 4.65355515189e-05, 2.69476531685e-05, 1.05274193629e-05, 7.20584876035e-06, 3.84036820833e-06, 4.50484606063e-07, 4.32978481513e-07, 5.57587611638e-07],
        "var": [0.200246274471, 13.5913543701, 41.6937141418, 46.6527252197, 1202.0111084, 810.676940918, 81.6500854492, 201.163131714, 2544.01977539, 4985.49316406, 10556.1572266, 7075.49365234, 8346.30566406, 2454.92529297, 1278.9621582, 1761.0802002, 3749.28125, 8223.06054688, 4160.64990234, 1815.53967285, 842.389221191, 883.827270508, 311.838195801, 225.692047119, 453.10043335, 170.590011597, 165.575836182, 160.35168457, 151.270477295, 66.2039031982, 51.4380493164, 42.509677887, 21.3411769867, 3.91846847534, 0.725402057171, 0.202422499657, 0.0125252204016, 9.29277230171e-05, 3.26256852645e-08, 1.08211561933e-09]
    },
    "gfcc": {
        "mean": [19.3103370667, 88.8329315186, -116.472946167, 54.5070266724, -47.5647468567, 26.2316188812, -30.8918838501, 17.5323352814, -16.5423774719, 4.68680620193, -22.3039054871, -5.90361881256, -14.2053833008],
        "cov": [[3770.23413086, -1502.66723633, 48.9583015442, -433.968658447, -666.203186035, 464.123779297, -260.505187988, 399.197113037, -255.803192139, 397.55770874, -94.1530303955, 82.7057647705, -428.870147705], [-1502.66723633, 1437.1505127, -328.237823486, 119.735961914, 293.58416748, -468.827606201, 211.505371094, -315.804321289, 230.954956055, -283.574798584, 87.6708450317, -79.6911468506, 263.09286499], [48.9583015442, -328.237823486, 478.551483154, 15.4473590851, -2.02693510056, 147.328781128, -105.155754089, 100.112045288, -118.400169373, 66.5388183594, 17.242767334, 50.6132011414, -43.0330276489], [-433.968658447, 119.735961914, 15.4473590851, 303.630859375, 140.231155396, -46.287109375, 14.0453891754, -86.4825363159, 33.4524993896, -64.27734375, 19.5199165344, -18.5435562134, 93.7122879028], [-666.203186035, 293.58416748, -2.02693510056, 140.231155396, 367.505523682, -80.2718429565, 97.5627212524, -53.2300987244, 17.4029769897, -55.2436027527, -3.20966458321, -6.40864658356, 77.0023040771], [464.123779297, -468.827606201, 147.328781128, -46.287109375, -80.2718429565, 342.138641357, 23.795955658, 167.523849487, -90.4842529297, 64.9583969116, 15.9063434601, -0.709889411926, -96.4682846069], [-260.505187988, 211.505371094, -105.155754089, 14.0453891754, 97.5627212524, 23.795955658, 252.345809937, 21.4879989624, 57.5204277039, -54.4177322388, 17.2058677673, -12.8594055176, 10.9362697601], [399.197113037, -315.804321289, 100.112045288, -86.4825363159, -53.2300987244, 167.523849487, 21.4879989624, 208.357345581, -12.9471616745, 88.0275802612, 3.65815401077, 9.07639980316, -73.8284835815], [-255.803192139, 230.954956055, -118.400169373, 33.4524993896, 17.4029769897, -90.4842529297, 57.5204277039, -12.9471616745, 208.575485229, 1.80992841721, 8.76420211792, -41.4780311584, 51.1791191101], [397.55770874, -283.574798584, 66.5388183594, -64.27734375, -55.2436027527, 64.9583969116, -54.4177322388, 88.0275802612, 1.80992841721, 145.623077393, -9.07420539856, 18.3617916107, -74.4585037231], [-94.1530303955, 87.6708450317, 17.242767334, 19.5199165344, -3.20966458321, 15.9063434601, 17.2058677673, 3.65815401077, 8.76420211792, -9.07420539856, 90.9180450439, 1.06878435612, 13.8723163605], [82.7057647705, -79.6911468506, 50.6132011414, -18.5435562134, -6.40864658356, -0.709889411926, -12.8594055176, 9.07639980316, -41.4780311584, 18.3617916107, 1.06878435612, 83.1702423096, 2.63470602036], [-428.870147705, 263.09286499, -43.0330276489, 93.7122879028, 77.0023040771, -96.4682846069, 10.9362697601, -73.8284835815, 51.1791191101, -74.4585037231, 13.8723163605, 2.63470602036, 134.071258545]],
        "icov": [[0.000825554307085, -9.65265644481e-05, 0.000717150687706, -0.000273911253316, 0.000950403744355, -0.000310914736474, 0.000453581364127, -0.00085645832587, 0.000798073422629, -0.00108402804472, 0.000573575380258, -0.000579067796934, 0.00101902463939], [-9.65265644481e-05, 0.00583823863417, -0.000668580178171, 0.00337364966981, -0.00224586436525, 0.00469544436783, -0.0029853801243, 0.00320050539449, -0.00243229232728, 0.00481109833345, -0.00557861989364, 0.00381454126909, -0.00356106343679], [0.000717150687706, -0.000668580178171, 0.00414021173492, -0.00124812673312, 0.000362409162335, -0.00157341721933, 0.00236790091731, -0.002439487027, 0.00185178476386, -0.00149994587991, 0.000292596989311, -0.00229836022481, 0.00140554422978], [-0.000273911253316, 0.00337364966981, -0.00124812673312, 0.00744946906343, -0.00311093195342, 0.00137651781552, -0.00145232537761, 0.00432034442201, -0.00248888647184, 0.00315569830127, -0.00390221807174, 0.00326524558477, -0.00478707253933], [0.000950403744355, -0.00224586436525, 0.000362409162335, -0.00311093195342, 0.00633196299896, -0.0005978725967, -0.000971912755631, -0.00234305625781, 0.00326904561371, -0.00422327546403, 0.00355061586015, -0.000922262785025, 0.000517643347848], [-0.000310914736474, 0.00469544436783, -0.00157341721933, 0.00137651781552, -0.0005978725967, 0.0109428716823, -0.00434968667105, -0.00177612749394, 0.000963324739132, 0.00360038294457, -0.00538024865091, 0.00545932119712, -0.00200070883147], [0.000453581364127, -0.0029853801243, 0.00236790091731, -0.00145232537761, -0.000971912755631, -0.00434968667105, 0.00924576260149, -0.00371001940221, -0.00145543029066, 0.00188915466424, 0.00192593585234, -0.0046867588535, 0.00521330349147], [-0.00085645832587, 0.00320050539449, -0.002439487027, 0.00432034442201, -0.00234305625781, -0.00177612749394, -0.00371001940221, 0.014336082153, -0.00397960701957, -0.000568764167838, -0.00331863574684, 0.0023126527667, -0.00305698788725], [0.000798073422629, -0.00243229232728, 0.00185178476386, -0.00248888647184, 0.00326904561371, 0.000963324739132, -0.00145543029066, -0.00397960701957, 0.0114988889545, -0.00798658188432, 0.00220816233195, 0.00321885594167, -0.0027138881851], [-0.00108402804472, 0.00481109833345, -0.00149994587991, 0.00315569830127, -0.00422327546403, 0.00360038294457, 0.00188915466424, -0.000568764167838, -0.00798658188432, 0.0213234368712, -0.00502402149141, -0.00140154059045, 0.00439147371799], [0.000573575380258, -0.00557861989364, 0.000292596989311, -0.00390221807174, 0.00355061586015, -0.00538024865091, 0.00192593585234, -0.00331863574684, 0.00220816233195, -0.00502402149141, 0.0175680164248, -0.00416557025164, 0.00233930279501], [-0.000579067796934, 0.00381454126909, -0.00229836022481, 0.00326524558477, -0.000922262785025, 0.00545932119712, -0.0046867588535, 0.0023126527667, 0.00321885594167, -0.00140154059045, -0.00416557025164, 0.0196077041328, -0.00820555258542], [0.00101902463939, -0.00356106343679, 0.00140554422978, -0.00478707253933, 0.000517643347848, -0.00200070883147, 0.00521330349147, -0.00305698788725, -0.0027138881851, 0.00439147371799, 0.00233930279501, -0.00820555258542, 0.0210521258414]]
    },
    "melbands": {
        "dmean": [0.00191772542894, 0.00205633533187, 0.000807661854196, 0.000957728014328, 0.000169399761944, 0.000122837198433, 0.000230804274906, 0.000288914656267, 0.00023510788742, 0.000160606345162, 0.00012656848412, 5.68581272091e-05, 4.6270495659e-05, 2.84545221803e-05, 3.56974087481e-05, 4.26755032095e-05, 6.21921572019e-05, 4.14479618485e-05, 2.63981364697e-05, 1.79581729753e-05, 1.64636658155e-05, 1.71400661202e-05, 1.25438627947e-05, 7.30961210138e-06, 6.67263520882e-06, 8.10711298982e-06, 5.70699421587e-06, 3.53422365151e-06, 3.28251803694e-06, 3.09284655486e-06, 3.5278192172e-06, 3.22658729601e-06, 2.14075043914e-06, 1.8262408048e-06, 1.71117380887e-06, 1.29682200622e-06, 1.15681962143e-06, 9.83876816463e-07, 7.80921197929e-07, 5.7556229649e-07],
        "dmean2": [0.00332365068607, 0.00356846489012, 0.00134269753471, 0.00167703884654, 0.000292918819468, 0.000207293822314, 0.000358717050403, 0.000468594371341, 0.000348138186382, 0.000252984696999, 0.000203877090826, 8.55407124618e-05, 7.39805327612e-05, 4.44959223387e-05, 5.72864009882e-05, 6.72886453685e-05, 9.83371355687e-05, 6.71015586704e-05, 4.22144767072e-05, 2.86376744043e-05, 2.56820221693e-05, 2.70961172646e-05, 1.97685949388e-05, 1.18245870908e-05, 1.05431718112e-05, 1.30372927742e-05, 8.90473802428e-06, 5.62400418858e-06, 5.20192179465e-06, 4.94724054079e-06, 5.68129871681e-06, 5.18601427757e-06, 3.47002037415e-06, 2.94058531836e-06, 2.61790023615e-06, 1.9747017177e-06, 1.73431976691e-06, 1.45717308442e-06, 1.08638312213e-06, 8.75682474089e-07],
        "dvar": [1.89884194697e-05, 1.60597664944e-05, 2.59373632616e-06, 1.00707184174e-05, 2.03462946047e-07, 1.2194780652e-07, 4.75021948887e-07, 3.98889341113e-07, 3.02148322362e-07, 1.77907665488e-07, 1.18915785663e-07, 1.97023091175e-08, 1.96445704148e-08, 4.42359970876e-09, 8.52945181151e-09, 1.03611146329e-08, 1.67480322943e-08, 9.03113761552e-09, 3.86533960395e-09, 1.0612823953e-09, 5.93956994699e-10, 6.76447509118e-10, 2.10572642656e-10, 7.94666624171e-11, 7.29445462366e-11, 1.37445124726e-10, 8.20533571644e-11, 2.54300486918e-11, 2.70404098418e-11, 1.73438936824e-11, 2.52256097955e-11, 2.31573770576e-11, 1.12506219618e-11, 9.60203097589e-12, 7.96575479189e-12, 6.49677707465e-12, 1.01353769127e-11, 6.84746703783e-12, 2.44428110564e-12, 1.34741382548e-12],
        "dvar2": [5.0240818382e-05, 4.5140972361e-05, 6.51817526887e-06, 2.68941894319e-05, 5.68715051941e-07, 3.43215987186e-07, 1.0922464071e-06, 9.55294808591e-07, 6.12037922565e-07, 4.21461066935e-07, 3.20251160701e-07, 4.46499193174e-08, 5.40343485511e-08, 1.07486926026e-08, 1.97329690366e-08, 2.31778045645e-08, 3.93386834219e-08, 2.28522498702e-08, 9.31700050444e-09, 2.73104716619e-09, 1.3933268983e-09, 1.61717583769e-09, 5.17584364257e-10, 2.18822418518e-10, 1.83569409673e-10, 3.47011641644e-10, 1.69056504906e-10, 6.03296301804e-11, 5.81337339378e-11, 4.50778615824e-11, 6.29921115269e-11, 6.02819252848e-11, 2.9334222551e-11, 2.39142351754e-11, 1.74588156432e-11, 1.31187404689e-11, 2.13310393654e-11, 1.37331344213e-11, 4.28595006707e-12, 2.90632925712e-12],
        "max": [0.0362371988595, 0.0356162637472, 0.0154849551618, 0.0263770408928, 0.00431804126129, 0.00536571536213, 0.0138263674453, 0.00693043554202, 0.00897093582898, 0.00638937717304, 0.00641483161598, 0.00254844548181, 0.00265244022012, 0.00101122877095, 0.00149986101314, 0.00194022792857, 0.00158504676074, 0.0012492290698, 0.000916485849302, 0.000590721901972, 0.000452836888144, 0.000389352382626, 0.000161408112035, 9.86739833024e-05, 0.000131145061459, 0.000154453577125, 0.000147346203448, 8.34855891299e-05, 0.000142569522723, 4.96136126458e-05, 5.58630927117e-05, 5.42167435924e-05, 4.84551928821e-05, 3.90845780203e-05, 4.70959457743e-05, 3.93104382965e-05, 6.87919819029e-05, 5.38947315363e-05, 3.51290800609e-05, 2.44944149017e-05],
        "mean": [0.00291575421579, 0.00416330620646, 0.00131149601657, 0.000925593660213, 0.000191008701222, 0.000147749902681, 0.000275635102298, 0.0003649557475, 0.000352207454853, 0.000218619388761, 0.000176942150574, 8.75359692145e-05, 6.06387256994e-05, 4.08811065427e-05, 5.67360548303e-05, 6.48181521683e-05, 9.0901106887e-05, 5.83980181545e-05, 4.10748361901e-05, 3.23261156154e-05, 3.02313419525e-05, 3.10853720293e-05, 2.42019814323e-05, 1.45293397509e-05, 1.35234549816e-05, 1.52452912516e-05, 1.0798281437e-05, 6.93453421263e-06, 6.49234198136e-06, 6.17512614554e-06, 7.29737530492e-06, 6.60907699057e-06, 4.0424083636e-06, 3.4457430047e-06, 3.11533199238e-06, 2.341381105e-06, 1.95875168174e-06, 1.65434460087e-06, 1.27639714265e-06, 9.22785829971e-07],
        "median": [0.00158627342898, 0.00352819613181, 0.000819199252874, 0.000258170475718, 7.79381807661e-05, 4.45287514594e-05, 6.21836370556e-05, 6.80841985741e-05, 5.35655635758e-05, 5.03141927766e-05, 4.71312705486e-05, 3.10210889438e-05, 1.81036139111e-05, 1.48779272422e-05, 1.87504319911e-05, 2.14330611925e-05, 3.13673808705e-05, 2.05947399081e-05, 1.52502361743e-05, 1.92148145288e-05, 1.77703295776e-05, 2.00048543775e-05, 1.65155597642e-05, 1.08621607069e-05, 1.02316216726e-05, 1.10695909825e-05, 6.46374155622e-06, 4.51311370853e-06, 4.18149193138e-06, 4.32382512372e-06, 4.49848766948e-06, 3.97832945964e-06, 2.48835840466e-06, 1.87700788956e-06, 1.43828413002e-06, 1.36501068937e-06, 1.03076911273e-06, 8.66605773808e-07, 6.77561843077e-07, 4.74222446201e-07],
        "min": [3.96222503696e-06, 5.26335361428e-06, 1.21147259051e-05, 1.04933815237e-06, 1.75200810304e-07, 3.34326045959e-07, 5.42175769169e-07, 1.09413100802e-07, 2.7268012559e-07, 7.588431572e-08, 5.78699825837e-08, 4.77746695537e-08, 9.50297405211e-08, 2.68324580333e-08, 1.45103431493e-08, 1.38943914152e-08, 1.0305410747e-08, 3.59354856982e-08, 5.22755243537e-08, 3.79837672426e-08, 4.69312588791e-08, 7.23413906556e-09, 1.50933967547e-08, 1.98718996813e-08, 1.69348712831e-08, 2.23710543423e-08, 6.39123776125e-09, 9.55661594304e-09, 1.23329906287e-08, 1.98133403018e-08, 8.29043411699e-09, 6.33915009374e-09, 2.60220378578e-09, 1.6405348191e-09, 8.48433129308e-11, 5.03694447263e-11, 4.78786593705e-11, 2.19505854465e-11, 1.3133338167e-11, 8.96106051775e-13],
