{
"highlevel": {
    "danceability": {
        "all": {
            "danceable": 0.997629165649,
            "not_danceable": 0.00237084343098
        },
        "probability": 0.997629165649,
        "value": "danceable"
    },
    "gender": {
        "all": {
            "female": 0.298544228077,
            "male": 0.701455771923
        },
        "probability": 0.701455771923,
        "value": "male"
    },
    "genre_dortmund": {
        "all": {
            "alternative": 0.0319885052741,
            "blues": 0.0288661066443,
            "electronic": 0.0900405570865,
            "folkcountry": 0.014557864517,
            "funksoulrnb": 0.0133201507851,
            "jazz": 0.152633428574,
            "pop": 0.0312337595969,
            "raphiphop": 0.527928829193,
            "rock": 0.109430812299
        },
        "probability": 0.527928829193,
        "value": "raphiphop"
    },
    "genre_electronic": {
        "all": {
            "ambient": 0.338173538446,
            "dnb": 0.0974007174373,
            "house": 0.464353740215,
            "techno": 0.0562805980444,
            "trance": 0.043791398406
        },
        "probability": 0.464353740215,
        "value": "house"
    },
    "genre_rosamerica": {
        "all": {
            "cla": 0.0049525606446,
            "dan": 0.0926938205957,
            "hip": 0.730241417885,
            "jaz": 0.0133082643151,
            "pop": 0.020869223401,
            "rhy": 0.117829076946,
            "roc": 0.00582140311599,
            "spe": 0.0142842391506
        },
        "probability": 0.730241417885,
        "value": "hip"
    },
    "genre_tzanetakis": {
        "all": {
            "blu": 0.0610374100506,
            "cla": 0.0338855311275,
            "cou": 0.0609888806939,
            "dis": 0.0609990991652,
            "hip": 0.152535051107,
            "jaz": 0.305239975452,
            "met": 0.0610094219446,
            "pop": 0.0609939731658,
            "reg": 0.0508251339197,
            "roc": 0.15248554945
        },
        "probability": 0.305239975452,
        "value": "jaz"
    },
    "ismir04_rhythm": {
        "all": {
            "ChaChaCha": 0.288414090872,
            "Jive": 0.00580373872072,
            "Quickstep": 0.0150498580188,
            "Rumba-American": 0.00769586535171,
            "Rumba-International": 0.0214393492788,
            "Rumba-Misc": 0.0191468056291,
            "Samba": 0.619433045387,
            "Tango": 0.0131431622431,
            "VienneseWaltz": 0.00596883380786,
            "Waltz": 0.00390522205271
        },
        "probability": 0.619433045387,
        "value": "Samba"
    },
    "mood_acoustic": {
        "all": {
            "acoustic": 0.0755035430193,
            "not_acoustic": 0.924496471882
        },
        "probability": 0.924496471882,
        "value": "not_acoustic"
    },
    "mood_aggressive": {
        "all": {
            "aggressive": 0.266272097826,
            "not_aggressive": 0.733727931976
        },
        "probability": 0.733727931976,
        "value": "not_aggressive"
    },
    "mood_electronic": {
        "all": {
            "electronic": 0.739568710327,
            "not_electronic": 0.260431289673
        },
        "probability": 0.739568710327,
        "value": "electronic"
    },
    "mood_happy": {
        "all": {
            "happy": 0.0419614389539,
            "not_happy": 0.958038568497
        },
        "probability": 0.958038568497,
        "value": "not_happy"
    },
    "mood_party": {
        "all": {
            "not_party": 0.337885469198,
            "party": 0.662114500999
        },
        "probability": 0.662114500999,
        "value": "party"
    },
    "mood_relaxed": {
        "all": {
            "not_relaxed": 0.175563707948,
            "relaxed": 0.824436306953
        },
        "probability": 0.824436306953,
        "value": "relaxed"
    },
    "mood_sad": {
        "all": {
            "not_sad": 0.661915719509,
            "sad": 0.338084280491
        },
        "probability": 0.661915719509,
        "value": "not_sad"
    },
    "moods_mirex": {
        "all": {
            "Cluster1": 0.340104788542,
            "Cluster2": 0.180151596665,
            "Cluster3": 0.29046741128,
            "Cluster4": 0.100398413837,
            "Cluster5": 0.0888777822256
        },
        "probability": 0.340104788542,
        "value": "Cluster1"
    },
    "timbre": {
        "all": {
            "bright": 0.061520781368,
            "dark": 0.938479244709
        },
        "probability": 0.938479244709,
        "value": "dark"
    },
    "tonal_atonal": {
        "all": {
            "atonal": 0.972425818443,
            "tonal": 0.027574185282
        },
        "probability": 0.972425818443,
        "value": "atonal"
    },
    "voice_instrumental": {
        "all": {
            "instrumental": 0.151545897126,
            "voice": 0.848454117775
        },
        "probability": 0.848454117775,
        "value": "voice"
    }
},
"lowlevel": {
    "average_loudness": 0.857239305973,
    "barkbands_crest": {
        "dmean": 2.99133348465,
        "dmean2": 4.87972211838,
        "dvar": 12.1082439423,
        "dvar2": 26.7863121033,
        "max": 25.9211597443,
        "mean": 14.7614994049,
        "median": 14.6440124512,
        "min": 2.52651429176,
        "var": 33.2199478149
    },
    "barkbands_flatness_db": {
        "dmean": 0.0434573926032,
        "dmean2": 0.0655093938112,
        "dvar": 0.00221256283112,
        "dvar2": 0.00475421734154,
        "max": 0.682256519794,
        "mean": 0.277932703495,
        "median": 0.261097073555,
        "min": 0.0415109843016,
        "var": 0.0206999965012
    },
    "barkbands_kurtosis": {
        "dmean": 26.1841678619,
        "dmean2": 37.9910087585,
        "dvar": 9112.41113281,
        "dvar2": 16663.0957031,
        "max": 1590.03161621,
        "mean": 45.1048927307,
        "median": 7.92534828186,
        "min": -1.82650196552,
        "var": 22281.6015625
    },
    "barkbands_skewness": {
        "dmean": 1.2950977087,
        "dmean2": 1.92847192287,
        "dvar": 5.05523967743,
        "dvar2": 9.12819290161,
        "max": 30.708486557,
        "mean": 3.33621811867,
        "median": 2.37873148918,
        "min": -2.59155058861,
        "var": 19.3555908203
    },
    "barkbands_spread": {
        "dmean": 6.91738462448,
        "dmean2": 10.9290456772,
        "dvar": 129.131958008,
        "dvar2": 295.109191895,
        "max": 86.2204055786,
        "mean": 13.9525194168,
        "median": 6.42579126358,
        "min": 0.0838352143764,
        "var": 273.656829834
    },
    "dissonance": {
        "dmean": 0.0280220638961,
        "dmean2": 0.0452748350799,
        "dvar": 0.00103662710171,
        "dvar2": 0.00281448452733,
        "max": 0.500000059605,
        "mean": 0.449418753386,
        "median": 0.463874518871,
        "min": 0.121332734823,
        "var": 0.00244734389707
    },
    "dynamic_complexity": 4.03355121613,
    "erbbands_crest": {
        "dmean": 2.587870121,
        "dmean2": 4.06688547134,
        "dvar": 8.41215324402,
        "dvar2": 18.4122943878,
        "max": 30.7965946198,
        "mean": 9.83563804626,
        "median": 8.4797077179,
        "min": 2.39108943939,
        "var": 29.7109622955
    },
    "erbbands_flatness_db": {
        "dmean": 0.02362373285,
        "dmean2": 0.0377669110894,
        "dvar": 0.000804814742878,
        "dvar2": 0.0018556646537,
        "max": 0.550463140011,
        "mean": 0.212065726519,
        "median": 0.1584533602,
        "min": 0.0634286552668,
        "var": 0.0159428603947
    },
    "erbbands_kurtosis": {
        "dmean": 1.80498290062,
        "dmean2": 2.95611548424,
        "dvar": 12.1286888123,
        "dvar2": 30.3902797699,
        "max": 42.4532394409,
        "mean": 2.39016914368,
        "median": 0.175620079041,
        "min": -1.7288056612,
        "var": 25.7055511475
    },
    "erbbands_skewness": {
        "dmean": 0.496932566166,
        "dmean2": 0.747525632381,
        "dvar": 0.264045327902,
        "dvar2": 0.539610981941,
        "max": 4.65625953674,
        "mean": 0.673841536045,
        "median": 0.453208863735,
        "min": -2.50005269051,
        "var": 1.31975638866
    },
    "erbbands_spread": {
        "dmean": 9.86029148102,
        "dmean2": 15.3521499634,
        "dvar": 158.762191772,
        "dvar2": 346.55480957,
        "max": 141.245361328,
        "mean": 40.314125061,
        "median": 36.7624702454,
        "min": 1.14264929295,
        "var": 915.83807373
    },
    "hfc": {
        "dmean": 12.2350940704,
        "dmean2": 19.2045249939,
        "dvar": 488.700378418,
        "dvar2": 1263.5489502,
        "max": 196.017059326,
        "mean": 19.5668754578,
        "median": 10.5264635086,
        "min": 0.269639760256,
        "var": 645.801879883
    },
    "melbands_crest": {
        "dmean": 3.5094935894,
        "dmean2": 5.54397535324,
        "dvar": 15.0482387543,
        "dvar2": 31.6821136475,
        "max": 35.9305458069,
        "mean": 20.2564277649,
        "median": 19.4883747101,
        "min": 3.64630627632,
        "var": 53.8130378723
    },
    "melbands_flatness_db": {
        "dmean": 0.0527694225311,
        "dmean2": 0.079281181097,
        "dvar": 0.00349788507447,
        "dvar2": 0.00730192288756,
        "max": 0.822786688805,
        "mean": 0.350868374109,
        "median": 0.339710623026,
        "min": 0.0269781537354,
        "var": 0.0330322347581
    },
    "melbands_kurtosis": {
        "dmean": 32.047164917,
        "dmean2": 46.590965271,
        "dvar": 5072.43212891,
        "dvar2": 9173.38378906,
        "max": 1150.63720703,
        "mean": 65.8652648926,
        "median": 21.4677124023,
        "min": -1.62450695038,
        "var": 15906.0976562
    },
    "melbands_skewness": {
        "dmean": 1.39290952682,
        "dmean2": 2.09472465515,
        "dvar": 4.27587556839,
        "dvar2": 7.71077108383,
        "max": 25.7243366241,
        "mean": 4.61337471008,
        "median": 3.65957570076,
        "min": -1.3179115057,
        "var": 18.9011363983
    },
    "melbands_spread": {
        "dmean": 8.12730121613,
        "dmean2": 13.1914663315,
        "dvar": 273.76574707,
        "dvar2": 608.391601562,
        "max": 180.67805481,
        "mean": 14.9971542358,
        "median": 5.77417850494,
        "min": 0.169147089124,
        "var": 614.414611816
    },
    "pitch_salience": {
        "dmean": 0.0959933549166,
        "dmean2": 0.155193537474,
        "dvar": 0.0125208478421,
        "dvar2": 0.0273323729634,
        "max": 0.838030874729,
        "mean": 0.418212026358,
        "median": 0.425106465816,
        "min": 0.0324024483562,
        "var": 0.0360372029245
    },
    "silence_rate_20dB": {
        "dmean": 0,
        "dmean2": 0,
        "dvar": 0,
        "dvar2": 0,
        "max": 1,
        "mean": 1,
        "median": 1,
        "min": 1,
        "var": 0
    },
    "silence_rate_30dB": {
        "dmean": 0.0820433422923,
        "dmean2": 0.16421379149,
        "dvar": 0.075311280787,
        "dvar2": 0.151188448071,
        "max": 1,
        "mean": 0.869296193123,
        "median": 1,
        "min": 0,
        "var": 0.113623082638
    },
    "silence_rate_60dB": {
        "dmean": 0.0340557284653,
        "dmean2": 0.0681642144918,
        "dvar": 0.0328958258033,
        "dvar2": 0.0821079909801,
        "max": 1,
        "mean": 0.0796597078443,
        "median": 0,
        "min": 0,
        "var": 0.0733142495155
    },
    "spectral_centroid": {
        "dmean": 345.174835205,
        "dmean2": 525.083129883,
        "dvar": 241295.109375,
        "dvar2": 551963.1875,
        "max": 4615.70751953,
        "mean": 1015.9720459,
        "median": 721.52746582,
        "min": 86.7276611328,
        "var": 798284.625
    },
    "spectral_complexity": {
        "dmean": 5.44272422791,
        "dmean2": 8.03408241272,
        "dvar": 62.9244918823,
        "dvar2": 135.427734375,
        "max": 55,
        "mean": 12.7115240097,
        "median": 9,
        "min": 0,
        "var": 129.575714111
    },
    "spectral_decrease": {
        "dmean": 4.60133131597e-09,
        "dmean2": 6.0516214262e-09,
        "dvar": 4.69049556887e-17,
        "dvar2": 7.98615485198e-17,
        "max": -2.43632961028e-11,
        "mean": -1.19492717943e-08,
        "median": -7.31190308301e-09,
        "min": -6.37669828052e-08,
        "var": 1.66736146031e-16
    },
    "spectral_energy": {
        "dmean": 0.0177819654346,
        "dmean2": 0.0233566313982,
        "dvar": 0.000674241164234,
        "dvar2": 0.00114818429574,
        "max": 0.242495834827,
        "mean": 0.0468740426004,
        "median": 0.029057815671,
        "min": 0.000127664141473,
        "var": 0.00245246430859
    },
    "spectral_energyband_high": {
        "dmean": 0.000863350054715,
        "dmean2": 0.00139772170223,
        "dvar": 4.13420229961e-06,
        "dvar2": 1.02846724985e-05,
        "max": 0.017242314294,
        "mean": 0.00102605228312,
        "median": 9.15160926525e-05,
        "min": 3.04320590949e-09,
        "var": 4.73685850011e-06
    },
    "spectral_energyband_low": {
        "dmean": 0.0154238557443,
        "dmean2": 0.0203113202006,
        "dvar": 0.0007527883281,
        "dvar2": 0.00144710624591,
        "max": 0.239227637649,
        "mean": 0.0333142839372,
        "median": 0.00601834105328,
        "min": 1.83688811717e-07,
        "var": 0.00221171439625
    },
    "spectral_energyband_middle_high": {
        "dmean": 0.00260333507322,
        "dmean2": 0.00413403240964,
        "dvar": 2.62890989688e-05,
        "dvar2": 6.07470137766e-05,
        "max": 0.0789619609714,
        "mean": 0.00372677878477,
        "median": 0.00092638481874,
        "min": 1.46714413063e-07,
        "var": 5.06941069034e-05
    },
    "spectral_energyband_middle_low": {
        "dmean": 0.00562606286258,
        "dmean2": 0.00965166091919,
        "dvar": 0.000150791209307,
        "dvar2": 0.000424851750722,
        "max": 0.105265669525,
        "mean": 0.00989040546119,
        "median": 0.00551024032757,
        "min": 1.13465002869e-05,
        "var": 0.000185508673894
    },
    "spectral_entropy": {
        "dmean": 0.265050172806,
        "dmean2": 0.408896833658,
        "dvar": 0.095912784338,
        "dvar2": 0.216066792607,
        "max": 8.59597682953,
        "mean": 6.9293255806,
        "median": 7.43737411499,
        "min": 3.78934812546,
        "var": 1.52898788452
    },
    "spectral_flux": {
        "dmean": 0.0441484451294,
        "dmean2": 0.0664140954614,
        "dvar": 0.00386210228316,
        "dvar2": 0.00732231605798,
        "max": 0.52245759964,
        "mean": 0.0889268442988,
        "median": 0.0652256980538,
        "min": 0.00411215005443,
        "var": 0.00681884493679
    },
    "spectral_kurtosis": {
        "dmean": 22.5623073578,
        "dmean2": 39.5913772583,
        "dvar": 4061.8894043,
        "dvar2": 12150.7236328,
        "max": 734.000793457,
        "mean": 42.1247596741,
        "median": 4.09989118576,
        "min": -0.250645637512,
        "var": 10199.5634766
    },
    "spectral_rms": {
        "dmean": 0.00118313496932,
        "dmean2": 0.00151510012802,
        "dvar": 2.05028959499e-06,
        "dvar2": 3.29765839524e-06,
        "max": 0.0153811993077,
        "mean": 0.00580062717199,
        "median": 0.00532438606024,
        "min": 0.000352916948032,
        "var": 1.20835002235e-05
    },
    "spectral_rolloff": {
        "dmean": 599.233093262,
        "dmean2": 1022.90484619,
        "dvar": 1707091,
        "dvar2": 3916041,
        "max": 11520.2636719,
        "mean": 1048.89904785,
        "median": 301.46484375,
        "min": 64.599609375,
        "var": 3460220.25
    },
    "spectral_skewness": {
        "dmean": 0.883554577827,
        "dmean2": 1.46037471294,
        "dvar": 2.39553117752,
        "dvar2": 6.56015443802,
        "max": 23.2892913818,
        "mean": 3.36877584457,
        "median": 1.58895218372,
        "min": 0.161313325167,
        "var": 17.8088760376
    },
    "spectral_spread": {
        "dmean": 713303.25,
        "dmean2": 1147545.125,
        "dvar": 644462542848,
        "dvar2": 1.42975814861e+12,
        "max": 10786825,
        "mean": 3954362,
        "median": 4144499.25,
        "min": 120949.695312,
        "var": 5.47929928499e+12
    },
    "spectral_strongpeak": {
        "dmean": 0.381949454546,
        "dmean2": 0.584572315216,
        "dvar": 0.441525965929,
        "dvar2": 1.05414903164,
        "max": 9.43738937378,
        "mean": 0.89812451601,
        "median": 0.561260998249,
        "min": 0.0261999536306,
        "var": 1.25313138962
    },
    "zerocrossingrate": {
        "dmean": 0.0122871519998,
        "dmean2": 0.0148462466896,
        "dvar": 0.000370351510355,
        "dvar2": 0.000448066624813,
        "max": 0.34814453125,
        "mean": 0.0412837453187,
        "median": 0.02294921875,
        "min": 0.001953125,
        "var": 0.00250054430217
    },
    "barkbands": {
        "dmean": [0.000385062827263, 0.0116286342964, 0.00538315065205, 0.00187719787937, 0.00159653346054, 0.000921173545066, 0.000710201915354, 0.000960828270763, 0.00119326764252, 0.000625118263997, 0.000456872337963, 0.00029530908796, 0.000473741674796, 0.00020263242186, 0.000199689791771, 0.000213228020584, 0.000242063208134, 0.000210137470276, 0.000209240795812, 0.000193016749108, 0.000205670992727, 0.000173973065102, 0.000134892470669, 9.89299514913e-05, 0.000140671414556, 8.20661516627e-05, 1.22442678219e-08],
        "dmean2": [0.000589755480178, 0.0157736130059, 0.00761728500947, 0.00339208985679, 0.00268264161423, 0.00154270592611, 0.00115321343765, 0.00157632119954, 0.0019189810846, 0.00100559473503, 0.000755003129598, 0.000459924893221, 0.000813886581454, 0.000347691151546, 0.000319694489008, 0.00034257787047, 0.0003969395475, 0.00036307782284, 0.000368861772586, 0.000342547689797, 0.000343966734363, 0.000300891260849, 0.000219504421693, 0.000157562986715, 0.000233360886341, 0.000131245877128, 2.32168702041e-08],
        "dvar": [1.48627634644e-06, 0.000702430319507, 0.000154922134243, 2.6208048439e-05, 1.74561755557e-05, 3.40994574799e-06, 3.69311965187e-06, 1.03266893348e-05, 2.52052741416e-05, 8.71083830134e-06, 3.50528057425e-06, 3.52693717787e-07, 9.99511030386e-07, 2.09443058452e-07, 1.96893950033e-07, 2.06673036018e-07, 3.71311557501e-07, 2.67656560027e-07, 2.9500691312e-07, 2.26202544695e-07, 1.94656550434e-07, 1.66481882502e-07, 1.08523792619e-07, 5.93880962185e-08, 1.8436905691e-07, 6.77642688629e-08, 8.91038934666e-15],
        "dvar2": [3.80188089366e-06, 0.00150121259503, 0.000302600878058, 7.48906531953e-05, 4.83723852085e-05, 9.17552461033e-06, 9.62183730735e-06, 2.52716272371e-05, 6.16146935499e-05, 1.69218619703e-05, 6.99988231645e-06, 7.46771718241e-07, 2.72774354926e-06, 5.44904708022e-07, 4.58113532886e-07, 4.88948501243e-07, 9.17558224955e-07, 7.22998095171e-07, 8.21471132895e-07, 6.16710678969e-07, 4.92689594012e-07, 4.46757269401e-07, 2.68180059493e-07, 1.43747342918e-07, 4.47534546311e-07, 1.73563492467e-07, 2.61535567915e-14],
        "max": [0.0125229386613, 0.226952567697, 0.1348990798, 0.0380137562752, 0.0359191782773, 0.023462979123, 0.0381414592266, 0.0517037250102, 0.0878752246499, 0.0736968666315, 0.0536842532456, 0.00746000185609, 0.0106170848012, 0.0098474835977, 0.00423618266359, 0.00586482044309, 0.00816350709647, 0.00579584529623, 0.00513100111857, 0.00395900988951, 0.00330296717584, 0.00319196353666, 0.0032036434859, 0.00223683309741, 0.00393275171518, 0.00287059135735, 1.90684738754e-06],
        "mean": [0.000651804846711, 0.0220845099539, 0.0096251508221, 0.00185839552432, 0.00225507747382, 0.00156676559709, 0.000998308998533, 0.00112268677913, 0.0018923196476, 0.000935708929319, 0.000579327752348, 0.000380680314265, 0.000552340119611, 0.000224887684453, 0.000226893374929, 0.000216170563363, 0.000225833879085, 0.000184609030839, 0.000172163912794, 0.000179928276339, 0.000225328301894, 0.000193606378161, 0.000185621815035, 0.000115024093247, 0.000140559612191, 8.03764996817e-05, 7.59390861305e-09],
        "median": [4.42048667537e-06, 0.00136245007161, 0.00180446030572, 0.000431281921919, 0.000943654507864, 0.000827066309284, 0.000167420541402, 6.72882670187e-05, 7.33271517674e-05, 6.86415078235e-05, 6.15753087914e-05, 6.62486781948e-05, 6.67304120725e-05, 3.17925478157e-05, 3.09052884404e-05, 3.80630299333e-05, 3.30761322402e-05, 2.74990361504e-05, 2.55695867963e-05, 2.74857902696e-05, 2.29175784625e-05, 1.48841827468e-05, 1.33017865664e-05, 6.21525259703e-06, 4.85491136715e-06, 4.63224841951e-06, 4.89979001816e-10],
        "min": [4.74374949044e-11, 4.37932925479e-08, 1.96488727511e-08, 1.01050918744e-08, 4.01962779506e-07, 1.29066052068e-06, 1.60279071793e-07, 2.05407758358e-07, 1.67478901858e-07, 3.09571603907e-08, 1.74318532942e-08, 8.68516636388e-09, 9.50706002811e-09, 1.51901691225e-09, 3.4977691854e-09, 1.76214776104e-09, 5.55182178008e-10, 4.64638771902e-10, 5.23381504802e-10, 3.73774122764e-10, 4.38112990331e-10, 1.01680858178e-10, 2.44866071863e-10, 4.01398428385e-11, 5.52798388662e-12, 7.35466115093e-12, 9.71999303961e-12],
        "var": [3.04671993945e-06, 0.00160150032025, 0.000386590341805, 1.78525970114e-05, 1.50734667841e-05, 4.94664436701e-06, 4.53077427665e-06, 1.23340660139e-05, 4.62404605059e-05, 2.15616855712e-05, 6.75357978253e-06, 6.55813778394e-07, 1.19326011827e-06, 2.9222513831e-07, 2.63892303565e-07, 2.17577067474e-07, 3.85149149906e-07, 2.23585033154e-07, 2.07219457593e-07, 1.72697326661e-07, 2.10777329812e-07, 1.64017848192e-07, 1.51059964537e-07, 6.66909230063e-08, 1.7682580733e-07, 6.07936243568e-08, 4.76047847653e-15]
    },
    "erbbands": {
        "dmean": [0.361097723246, 2.65316700935, 6.49190950394, 5.30650186539, 5.75527334213, 4.78236198425, 6.77488183975, 8.96689796448, 9.50848484039, 11.4923620224, 21.9538497925, 26.3227672577, 18.1413345337, 20.8874893188, 12.5319643021, 12.346373558, 21.0590629578, 12.5675172806, 10.3784141541, 9.81430435181, 12.555724144, 13.915845871, 11.2517995834, 10.2844619751, 11.692533493, 9.25555324554, 6.98287820816, 9.10724163055, 6.42226219177, 4.40868139267, 3.87607860565, 2.27013206482, 1.56026721001, 1.43738222122, 1.07056093216, 0.450289458036, 0.160813778639, 0.0136103928089, 0.000254983402556, 3.04098593915e-05],
        "dmean2": [0.476929455996, 3.75214910507, 9.18002605438, 8.98323726654, 10.4214687347, 8.18331718445, 10.579867363, 14.9295921326, 15.1426868439, 19.4135684967, 34.6678695679, 41.9546546936, 30.3474445343, 29.3472423553, 20.4353809357, 19.4924449921, 35.846157074, 21.6314907074, 16.753950119, 15.7755317688, 20.281627655, 22.6098022461, 19.1734237671, 17.6991901398, 20.8916320801, 16.4612045288, 12.0513353348, 15.0330276489, 10.9422826767, 7.28535366058, 6.44858121872, 3.63104701042, 2.57281827927, 2.46831059456, 1.7658213377, 0.740134894848, 0.261545568705, 0.022657930851, 0.000418666895712, 4.25900325354e-05],
        "dvar": [1.11558926105, 32.1766242981, 195.8515625, 189.57951355, 271.285675049, 189.397781372, 201.207107544, 367.693603516, 459.720397949, 1723.1114502, 6414.92089844, 11211.4482422, 8617.18066406, 5673.76367188, 1060.35632324, 606.151733398, 1806.58666992, 712.603393555, 453.589630127, 469.249908447, 813.118225098, 1299.09216309, 672.277160645, 667.946777344, 905.571289062, 528.856384277, 255.346755981, 400.874359131, 222.884674072, 116.1145401, 93.0462646484, 30.0548000336, 16.2641830444, 18.7275352478, 10.9583396912, 2.20157957077, 0.25299090147, 0.00186242721975, 6.19233276211e-07, 2.4181576741e-09],
        "dvar2": [2.26165151596, 74.7644500732, 386.518310547, 517.207458496, 773.884155273, 539.790039062, 396.697509766, 942.637084961, 1180.21191406, 4185.20068359, 15141.8222656, 24969.9316406, 20458.6757812, 8515.50683594, 2615.41992188, 1376.56848145, 4878.49462891, 1924.64770508, 1041.54296875, 1164.15197754, 1897.74572754, 3185.06298828, 1776.24169922, 1813.47497559, 2536.07299805, 1450.8684082, 689.192932129, 990.614135742, 586.299438477, 302.387451172, 235.35244751, 72.2283554077, 39.8107070923, 47.4434051514, 25.7347412109, 5.60256195068, 0.647036314011, 0.00476023880765, 1.56474379764e-06, 5.65109647965e-09],
        "max": [10.5282268524, 43.3870429993, 131.545547485, 108.875732422, 133.441665649, 115.946937561, 215.72618103, 303.929290771, 295.791015625, 1062.81018066, 1449.70507812, 1991.57116699, 2034.22412109, 1890.88903809, 802.969482422, 280.39956665, 422.641296387, 436.509765625, 203.451004028, 190.510467529, 404.065643311, 511.247650146, 227.585220337, 242.819107056, 252.157394409, 180.900924683, 128.983581543, 167.615219116, 123.48236084, 100.503295898, 99.8425140381, 57.9407081604, 38.9842262268, 47.3435821533, 29.1757259369, 14.0448856354, 5.28130149841, 0.467296689749, 0.00836922880262, 0.000453177490272],
        "mean": [0.669812321663, 4.77589130402, 11.8559989929, 7.66699886322, 6.55080461502, 7.27262926102, 11.6752128601, 13.7465028763, 13.4200716019, 17.1160297394, 31.7236442566, 43.0632629395, 29.5286521912, 31.4318504333, 17.5470275879, 16.3705768585, 25.5359897614, 14.846704483, 12.4843177795, 10.1480350494, 12.8564291, 13.1165361404, 10.1287193298, 8.77095985413, 9.54112052917, 8.6971988678, 6.73164176941, 10.9315481186, 6.87758302689, 5.86433935165, 5.23879766464, 2.80998373032, 1.65164661407, 1.40631747246, 1.10229122639, 0.436188101768, 0.152726337314, 0.012064945884, 0.000254235841567, 6.59155339235e-05],
        "median": [0.0168736279011, 0.400294423103, 2.61674833298, 3.01973676682, 2.20384073257, 2.62414002419, 4.94834661484, 6.35939502716, 3.54289650917, 3.13976955414, 1.98045670986, 1.65522670746, 2.30035185814, 2.7846364975, 3.02755045891, 3.13272380829, 3.47805690765, 2.00774264336, 1.73833107948, 2.04103803635, 2.16570210457, 1.92164409161, 1.63814282417, 1.29164886475, 1.35896766186, 1.30468010902, 0.898883104324, 0.889453887939, 0.530105650425, 0.479995548725, 0.338388085365, 0.195779696107, 0.0731604173779, 0.0521546527743, 0.0346508808434, 0.0172429941595, 0.00942816585302, 0.000519036198966, 3.99649907195e-05, 4.26216429332e-05],
        "min": [8.24461892535e-07, 1.15702059702e-05, 4.91561368108e-05, 8.90168084879e-05, 0.000236071558902, 0.00078825611854, 0.00481629371643, 0.00776639254764, 0.00405267206952, 0.00663488730788, 0.00701148202643, 0.00395818753168, 0.0043116430752, 0.00161034264602, 0.000684205093421, 0.00047538880608, 0.000429584877566, 0.000157209942699, 0.000152074659127, 0.00014147539332, 0.000104161495983, 3.88832486351e-05, 3.62635801139e-05, 3.05051762552e-05, 2.47326534009e-05, 2.20737401833e-05, 1.88480589713e-05, 1.85237731785e-05, 1.73264652403e-05, 1.23972877191e-05, 6.51555274089e-06, 3.16056753036e-06, 2.11846895581e-06, 8.61735486524e-07, 8.00956456715e-07, 6.77470893606e-07, 4.228597561e-07, 4.44978063285e-08, 6.96019924362e-07, 4.76650939163e-07],
        "var": [2.61051344872, 64.5830535889, 478.761322021, 196.133926392, 188.416091919, 147.758880615, 429.996582031, 579.519775391, 717.864013672, 1837.72412109, 12073.8945312, 26183.6464844, 16059.0537109, 15479.71875, 1809.44238281, 894.235290527, 2283.40112305, 933.590881348, 646.0234375, 468.957550049, 875.596862793, 1377.54528809, 598.279846191, 520.058410645, 621.340026855, 399.998321533, 214.760437012, 492.7371521, 218.44039917, 141.071853638, 124.168022156, 36.4289321899, 16.5017757416, 16.7029075623, 11.1954088211, 1.95440089703, 0.222808197141, 0.00155268097296, 5.42043494534e-07, 5.08535036303e-09]
    },
    "gfcc": {
        "mean": [-84.7624816895, 127.276039124, -89.8674468994, 30.6314735413, -44.2505607605, 7.42736959457, -27.0950126648, -3.3631966114, -19.6992740631, 1.51560878754, -12.5513210297, -1.39522778988, -10.6236801147],
        "cov": [[21209.3144531, -8879.20800781, -3299.17871094, 1512.5456543, -1902.83862305, 3103.11230469, 15.2165880203, 2811.18994141, -13.8293190002, 1880.58032227, -203.851486206, 1513.64477539, -539.727233887], [-8879.20800781, 6888.47460938, 932.024597168, -1427.99865723, 1175.8215332, -2046.35473633, 388.466400146, -1399.42407227, 228.743515015, -1305.17480469, 106.315284729, -1094.6072998, 262.706848145], [-3299.17871094, 932.024597168, 2404.59863281, -16.615442276, 263.204925537, -139.073913574, -152.927734375, -201.916305542, 9.87050914764, -49.5537605286, -3.26758384705, -88.0144424438, 62.7892150879], [1512.5456543, -1427.99865723, -16.615442276, 852.032531738, 22.8035564423, 538.555053711, 16.6640949249, 249.781005859, 8.63161659241, 352.848937988, 76.0804977417, 232.110748291, -27.8839893341], [-1902.83862305, 1175.8215332, 263.204925537, 22.8035564423, 706.870483398, -194.016586304, 230.004333496, -182.370254517, 97.0804748535, -152.631256104, 48.8731269836, -147.470626831, 62.6461830139], [3103.11230469, -2046.35473633, -139.073913574, 538.555053711, -194.016586304, 912.922302246, 36.8015174866, 592.633544922, 36.8275489807, 457.994476318, 21.4470272064, 372.060028076, -55.6190986633], [15.2165880203, 388.466400146, -152.927734375, 16.6640949249, 230.004333496, 36.8015174866, 361.296630859, 128.342910767, 155.219100952, -15.8978672028, 37.5902061462, -1.2072455883, 45.3988685608], [2811.18994141, -1399.42407227, -201.916305542, 249.781005859, -182.370254517, 592.633544922, 128.342910767, 646.590209961, 113.285758972, 328.969390869, -12.6563272476, 298.116119385, -22.5656661987], [-13.8293190002, 228.743515015, 9.87050914764, 8.63161659241, 97.0804748535, 36.8275489807, 155.219100952, 113.285758972, 179.323959351, 3.88603138924, 41.3131027222, 4.25409555435, 49.575881958], [1880.58032227, -1305.17480469, -49.5537605286, 352.848937988, -152.631256104, 457.994476318, -15.8978672028, 328.969390869, 3.88603138924, 392.063171387, 18.0382118225, 243.258895874, -54.2467651367], [-203.851486206, 106.315284729, -3.26758384705, 76.0804977417, 48.8731269836, 21.4470272064, 37.5902061462, -12.6563272476, 41.3131027222, 18.0382118225, 110.75692749, 13.2045068741, 31.0451850891], [1513.64477539, -1094.6072998, -88.0144424438, 232.110748291, -147.470626831, 372.060028076, -1.2072455883, 298.116119385, 4.25409555435, 243.258895874, 13.2045068741, 268.707061768, -11.2925443649], [-539.727233887, 262.706848145, 62.7892150879, -27.8839893341, 62.6461830139, -55.6190986633, 45.3988685608, -22.5656661987, 49.575881958, -54.2467651367, 31.0451850891, -11.2925443649, 86.4780273438]],
        "icov": [[0.000338663288858, -0.000329090136802, 0.000392440822907, -0.000292531913146, 0.000486893492052, -0.000491608574521, 0.000305999914417, -0.00104995036963, 0.000304674176732, -0.000420666212449, 0.000539948057849, -0.00036348743015, 0.000950768007897], [-0.000329090136802, 0.00256236083806, -0.000902750529349, 0.00168176903389, -0.00169181602541, 0.00224727182649, -0.00175444455817, 0.00167630752549, -0.00152358249761, 0.00172010192182, -0.00290571642108, 0.00319499569014, -0.00119806546718], [0.000392440822907, -0.000902750529349, 0.00107835396193, -0.000612504722085, 0.000535740982741, -0.00103181006853, 0.00121819507331, -0.00124939333182, 0.000332157127559, -0.00104218127672, 0.00141292402986, -0.000992740038782, 0.0007129687001], [-0.000292531913146, 0.00168176903389, -0.000612504722085, 0.0036733825691, -0.00174642831553, 0.000158591836225, -0.00110863661394, 0.00230946717784, -0.000955004477873, -0.000412196328398, -0.00276680639945, 0.00185229955241, -0.00122968875803], [0.000486893492052, -0.00169181602541, 0.000535740982741, -0.00174642831553, 0.004020341672, -0.00177769514266, -0.00074907526141, -0.000959375291131, 0.000924340682104, -0.00097245129291, 0.00208349153399, -0.00140603038017, 0.00124185497407], [-0.000491608574521, 0.00224727182649, -0.00103181006853, 0.000158591836225, -0.00177769514266, 0.00710577238351, -0.00131857011002, -0.00107828574255, -0.000614675635006, 0.00059811520623, -0.00330288545229, 0.00142471736763, -0.0007266747416], [0.000305999914417, -0.00175444455817, 0.00121819507331, -0.00110863661394, -0.00074907526141, -0.00131857011002, 0.00754952197894, -0.00307371560484, -0.00224181893282, -0.000675895425957, 0.00164744525682, -0.00204984704033, 0.000928894383833], [-0.00104995036963, 0.00167630752549, -0.00124939333182, 0.00230946717784, -0.000959375291131, -0.00107828574255, -0.00307371560484, 0.0110660484061, -0.00522606400773, 0.000370605615899, 0.000570240430534, -0.00137762981467, -0.00264696264639], [0.000304674176732, -0.00152358249761, 0.000332157127559, -0.000955004477873, 0.000924340682104, -0.000614675635006, -0.00224181893282, -0.00522606400773, 0.0137459319085, -0.00165788538288, -0.00148070778232, 0.0013670893386, -0.00348101416603], [-0.000420666212449, 0.00172010192182, -0.00104218127672, -0.000412196328398, -0.00097245129291, 0.00059811520623, -0.000675895425957, 0.000370605615899, -0.00165788538288, 0.0109319891781, -0.00337931024842, -0.00195968011394, 0.00307880574837], [0.000539948057849, -0.00290571642108, 0.00141292402986, -0.00276680639945, 0.00208349153399, -0.00330288545229, 0.00164744525682, 0.000570240430534, -0.00148070778232, -0.00337931024842, 0.0161360166967, -0.00471783895046, -0.00175040494651], [-0.00036348743015, 0.00319499569014, -0.000992740038782, 0.00185229955241, -0.00140603038017, 0.00142471736763, -0.00204984704033, -0.00137762981467, 0.0013670893386, -0.00195968011394, -0.00471783895046, 0.017363615334, -0.00605687173083], [0.000950768007897, -0.00119806546718, 0.0007129687001, -0.00122968875803, 0.00124185497407, -0.0007266747416, 0.000928894383833, -0.00264696264639, -0.00348101416603, 0.00307880574837, -0.00175040494651, -0.00605687173083, 0.021441956982]]
    },
    "melbands": {
        "dmean": [0.00317862606607, 0.00331593398005, 0.000979021540843, 0.000358921592124, 0.000233391081565, 0.000189178826986, 0.00014439120423, 0.000137131355586, 0.000193163607037, 0.000160649578902, 9.21044120332e-05, 8.88567665243e-05, 5.28962664248e-05, 3.3306376281e-05, 3.82830658054e-05, 4.78035472042e-05, 2.10742491618e-05, 1.71051869984e-05, 1.51158264998e-05, 1.23807803902e-05, 1.51492349687e-05, 1.49586649059e-05, 1.2694018551e-05, 9.21577793633e-06, 8.24960170576e-06, 7.77600325819e-06, 8.46980856295e-06, 5.6323683566e-06, 4.20592641603e-06, 4.79212349092e-06, 5.4912388805e-06, 3.66071185454e-06, 3.17167678077e-06, 2.35549691752e-06, 2.27459054258e-06, 2.06692834581e-06, 1.28234194108e-06, 1.0770083918e-06, 1.19806634302e-06, 1.26476720652e-06],
        "dmean2": [0.00432385131717, 0.00458430871367, 0.00164963980205, 0.000645545718726, 0.000366328080418, 0.000317209167406, 0.000233688915614, 0.000234623323195, 0.000301868247334, 0.000258702813881, 0.000151538930368, 0.000123779856949, 8.86130292201e-05, 5.05819625687e-05, 6.40149737592e-05, 8.19559863885e-05, 3.63937760994e-05, 2.76945811493e-05, 2.4674778615e-05, 1.9789851649e-05, 2.4791168471e-05, 2.4240478524e-05, 2.15624368138e-05, 1.59591618285e-05, 1.41707059811e-05, 1.39299236253e-05, 1.50728301378e-05, 1.00389970612e-05, 7.39243751013e-06, 8.08425556897e-06, 8.95942230272e-06, 6.32194678474e-06, 5.45069360669e-06, 3.77303308596e-06, 3.80105211661e-06, 3.40783344654e-06, 2.09286099562e-06, 1.77822721525e-06, 2.03280728783e-06, 2.17946944758e-06],
        "dvar": [6.69240107527e-05, 3.95920797018e-05, 6.09649896433e-06, 1.17477634376e-06, 2.59145821246e-07, 1.5643600193e-07, 1.0652082949e-07, 2.01934625466e-07, 5.64857430163e-07, 4.02105769126e-07, 2.2877921424e-07, 1.100074698e-07, 3.42607151538e-08, 4.20220569453e-09, 7.45307282557e-09, 9.65544888487e-09, 2.44951126049e-09, 1.22951315795e-09, 1.31469946041e-09, 6.84894696512e-10, 1.30817756627e-09, 2.00451477639e-09, 8.82602158025e-10, 5.85889614602e-10, 4.34460467602e-10, 4.29267343893e-10, 4.29621421771e-10, 1.96641578021e-10, 1.02777661382e-10, 1.05634410941e-10, 1.62434787843e-10, 6.97111465775e-11, 6.5772408353e-11, 3.01064659314e-11, 2.86948936834e-11, 3.21630291844e-11, 9.4604922854e-12, 7.31359764417e-12, 1.3141866935e-11, 1.49971961932e-11],
        "dvar2": [0.000139991097967, 8.34972088342e-05, 1.68228434632e-05, 3.38400923283e-06, 5.33935406111e-07, 4.09539410384e-07, 2.74694883728e-07, 4.90477646053e-07, 1.38657912885e-06, 8.88356737505e-07, 5.21114145613e-07, 1.66100761589e-07, 8.27213852972e-08, 8.44821634871e-09, 1.93705851359e-08, 2.5885769972e-08, 6.52264819934e-09, 2.8750735126e-09, 3.25821614133e-09, 1.66071900676e-09, 3.05842839943e-09, 4.86699258673e-09, 2.30631447273e-09, 1.62307167706e-09, 1.17492571228e-09, 1.19839838053e-09, 1.17360221541e-09, 5.43529776742e-10, 2.80882428427e-10, 2.76868167282e-10, 4.01937122474e-10, 1.86790999335e-10, 1.7867743396e-10, 7.51477560734e-11, 7.13508141459e-11, 8.09319208872e-11, 2.32176881887e-11, 1.80535343619e-11, 3.38898839547e-11, 3.86170088962e-11],
        "max": [0.0765363499522, 0.0524096265435, 0.019304195419, 0.00930926483124, 0.00718692690134, 0.00583238806576, 0.00400581397116, 0.010351951234, 0.0128021435812, 0.0107612488791, 0.0102405240759, 0.0093387933448, 0.00518192350864, 0.00101428700145, 0.000963198253885, 0.000761171279009, 0.00101050664671, 0.000367665808881, 0.000440661155153, 0.0002312255383, 0.000500481226481, 0.000731438281946, 0.000280111737084, 0.000252709287452, 0.000209858146263, 0.000169879436726, 0.000166055979207, 0.00010677537648, 8.71381344041e-05, 7.72805797169e-05, 0.000127507155412, 7.46811492718e-05, 6.75001283525e-05, 5.07787262904e-05, 5.24532042618e-05, 5.44971117051e-05, 3.37745150318e-05, 2.4285118343e-05, 4.39160903625e-05, 4.12170775235e-05],
        "mean": [0.00595801090822, 0.0063525987789, 0.00139995291829, 0.000463722186396, 0.000400368735427, 0.000302505999571, 0.000206248136237, 0.00019243794668, 0.000288754730718, 0.000262358749751, 0.000145221580169, 0.000131475055241, 6.66806590743e-05, 4.5329798013e-05, 4.58783870272e-05, 5.50412769371e-05, 2.37618569372e-05, 1.99126170628e-05, 1.53633300215e-05, 1.31470224005e-05, 1.49651814354e-05, 1.40273141369e-05, 1.13609685286e-05, 7.72046587372e-06, 6.98842404745e-06, 6.29748137726e-06, 7.09353753336e-06, 5.43605301573e-06, 3.76197954211e-06, 5.08465973326e-06, 6.69807559461e-06, 3.90476770917e-06, 3.22987375512e-06, 3.34205856234e-06, 3.15051124744e-06, 2.36836899603e-06, 1.53038934059e-06, 1.0965883348e-06, 1.14824979391e-06, 1.17287891044e-06],
        "median": [0.000266429560725, 0.00138795864768, 0.000574621313717, 0.000206465294468, 0.000195461179828, 0.000140385367558, 5.28952368768e-05, 3.23495041812e-05, 1.64112607308e-05, 9.4172610261e-06, 1.12889965749e-05, 9.66351854004e-06, 9.57722295425e-06, 7.27211954654e-06, 8.21530375106e-06, 6.49110279483e-06, 3.01726936414e-06, 2.65969288193e-06, 2.3620311822e-06, 2.64650043391e-06, 2.40083750214e-06, 1.94258973352e-06, 1.60585079811e-06, 1.1143708889e-06, 9.58436089604e-07, 9.04289549908e-07, 9.41619759942e-07, 8.05146157745e-07, 4.80870028241e-07, 5.43059513802e-07, 4.94054859246e-07, 2.76039372693e-07, 2.51087897141e-07, 2.69203894732e-07, 1.93712878627e-07, 1.43353190651e-07, 9.64935438219e-08, 4.849744073e-08, 3.32894991573e-08, 3.92519226011e-08],
        "min": [1.09224149725e-08, 2.64341082357e-08, 1.54206798442e-08, 5.55769901212e-08, 1.26209030782e-07, 1.75018769255e-07, 3.64052397117e-08, 3.80168572178e-08, 4.37097398276e-08, 1.8861447515e-08, 1.60279807204e-08, 5.32796784469e-09, 2.27952967613e-09, 1.23013499387e-09, 7.39782290982e-10, 9.71717595277e-10, 1.58006288609e-10, 1.98336902457e-10, 2.27180094181e-10, 1.45548684216e-10, 9.7845669067e-11, 3.36730331119e-11, 3.20334245241e-11, 2.48541534575e-11, 2.29642971306e-11, 1.93957089972e-11, 1.57789493277e-11, 1.32954567494e-11, 1.25992567074e-11, 9.54285869076e-12, 8.329481202e-12, 2.17271274756e-12, 1.40792412451e-12, 5.20936158793e-12, 3.33552217964e-12, 7.96548807816e-13, 6.1057582601e-13, 6.65299250153e-14, 4.60803677117e-14, 4.33022080649e-14],
