{
"highlevel": {
    "danceability": {
        "all": {
            "danceable": 5.68106133869e-06,
            "not_danceable": 0.999994337559
        },
        "probability": 0.999994337559,
        "value": "not_danceable"
    },
    "gender": {
        "all": {
            "female": 0.299685299397,
            "male": 0.700314700603
        },
        "probability": 0.700314700603,
        "value": "male"
    },
    "genre_dortmund": {
        "all": {
            "alternative": 0.246814459562,
            "blues": 0.0204132143408,
            "electronic": 0.0102729778737,
            "folkcountry": 0.035762514919,
            "funksoulrnb": 0.00756208365783,
            "jazz": 0.00731313228607,
            "pop": 0.036331564188,
            "raphiphop": 0.000996054732241,
            "rock": 0.63453400135
        },
        "probability": 0.63453400135,
        "value": "rock"
    },
    "genre_electronic": {
        "all": {
            "ambient": 0.175719052553,
            "dnb": 0.0596637688577,
            "house": 0.0319107696414,
            "techno": 0.0115263340995,
            "trance": 0.721180081367
        },
        "probability": 0.721180081367,
        "value": "trance"
    },
    "genre_rosamerica": {
        "all": {
            "cla": 0.000252639991231,
            "dan": 0.000335614953656,
            "hip": 0.000209932404687,
            "jaz": 2.79931773548e-05,
            "pop": 0.000617108249571,
            "rhy": 0.000713477435056,
            "roc": 0.997828304768,
            "spe": 1.49166826304e-05
        },
        "probability": 0.997828304768,
        "value": "roc"
    },
    "genre_tzanetakis": {
        "all": {
            "blu": 0.0626541376114,
            "cla": 0.0348133966327,
            "cou": 0.0783501937985,
            "dis": 0.104547761381,
            "hip": 0.15693578124,
            "jaz": 0.313987255096,
            "met": 0.044816005975,
            "pop": 0.0627349764109,
            "reg": 0.0627352520823,
            "roc": 0.0784252434969
        },
        "probability": 0.313987255096,
        "value": "jaz"
    },
    "ismir04_rhythm": {
        "all": {
            "ChaChaCha": 0.164229989052,
            "Jive": 0.787773370743,
            "Quickstep": 0.00191672984511,
            "Rumba-American": 0.00203035748564,
            "Rumba-International": 0.00149877532385,
            "Rumba-Misc": 0.000566272065043,
            "Samba": 0.011947568506,
            "Tango": 0.00218821223825,
            "VienneseWaltz": 0.0271217413247,
            "Waltz": 0.000727008387912
        },
        "probability": 0.787773370743,
        "value": "Jive"
    },
    "mood_acoustic": {
        "all": {
            "acoustic": 7.49481387174e-06,
            "not_acoustic": 0.999992489815
        },
        "probability": 0.999992489815,
        "value": "not_acoustic"
    },
    "mood_aggressive": {
        "all": {
            "aggressive": 0.960958838463,
            "not_aggressive": 0.0390411615372
        },
        "probability": 0.960958838463,
        "value": "aggressive"
    },
    "mood_electronic": {
        "all": {
            "electronic": 0.327661961317,
            "not_electronic": 0.672338008881
        },
        "probability": 0.672338008881,
        "value": "not_electronic"
    },
    "mood_happy": {
        "all": {
            "happy": 0.891092717648,
            "not_happy": 0.108907312155
        },
        "probability": 0.891092717648,
        "value": "happy"
    },
    "mood_party": {
        "all": {
            "not_party": 0.319584965706,
            "party": 0.680415034294
        },
        "probability": 0.680415034294,
        "value": "party"
    },
    "mood_relaxed": {
        "all": {
            "not_relaxed": 0.978280723095,
            "relaxed": 0.0217192731798
        },
        "probability": 0.978280723095,
        "value": "not_relaxed"
    },
    "mood_sad": {
        "all": {
            "not_sad": 0.940256178379,
            "sad": 0.0597438327968
        },
        "probability": 0.940256178379,
        "value": "not_sad"
    },
    "moods_mirex": {
        "all": {
            "Cluster1": 0.613503158092,
            "Cluster2": 0.0218546129763,
            "Cluster3": 0.00978600233793,
            "Cluster4": 0.00625210814178,
            "Cluster5": 0.348604083061
        },
        "probability": 0.613503158092,
        "value": "Cluster1"
    },
    "timbre": {
        "all": {
            "bright": 0.934151947498,
            "dark": 0.065848082304
        },
        "probability": 0.934151947498,
        "value": "bright"
    },
    "tonal_atonal": {
        "all": {
            "atonal": 0.00214981427416,
            "tonal": 0.997850179672
        },
        "probability": 0.997850179672,
        "value": "tonal"
    },
    "voice_instrumental": {
        "all": {
            "instrumental": 0.00787038262933,
            "voice": 0.99212962389
        },
        "probability": 0.99212962389,
        "value": "voice"
    }
},
"lowlevel": {
    "average_loudness": 0.978377342224,
    "barkbands_crest": {
        "dmean": 2.24574446678,
        "dmean2": 3.74265694618,
        "dvar": 4.20498371124,
        "dvar2": 10.5669822693,
        "max": 20.0601902008,
        "mean": 7.14896917343,
        "median": 6.51529550552,
        "min": 2.20429944992,
        "var": 9.24617576599
    },
    "barkbands_flatness_db": {
        "dmean": 0.0157139413059,
        "dmean2": 0.0259070750326,
        "dvar": 0.000189290643902,
        "dvar2": 0.000492223422043,
        "max": 0.236194714904,
        "mean": 0.0988038033247,
        "median": 0.0926576778293,
        "min": 0.0458587259054,
        "var": 0.000894705648534
    },
    "barkbands_kurtosis": {
        "dmean": 0.880945801735,
        "dmean2": 1.45256245136,
        "dvar": 1.68605899811,
        "dvar2": 4.18874692917,
        "max": 16.3150272369,
        "mean": -0.155460998416,
        "median": -0.765811681747,
        "min": -1.79061472416,
        "var": 3.45735764503
    },
    "barkbands_skewness": {
        "dmean": 0.40703690052,
        "dmean2": 0.655627846718,
        "dvar": 0.15319147706,
        "dvar2": 0.398145854473,
        "max": 3.87582468987,
        "mean": 0.708506345749,
        "median": 0.626427352428,
        "min": -0.949169158936,
        "var": 0.459056973457
    },
    "barkbands_spread": {
        "dmean": 6.50030899048,
        "dmean2": 10.1733760834,
        "dvar": 35.8132972717,
        "dvar2": 82.0991210938,
        "max": 92.5406036377,
        "mean": 39.7614059448,
        "median": 39.1230392456,
        "min": 4.96237277985,
        "var": 179.948181152
    },
    "dissonance": {
        "dmean": 0.0103244679049,
        "dmean2": 0.0172266755253,
        "dvar": 0.000114383801701,
        "dvar2": 0.000266110902885,
        "max": 0.499962002039,
        "mean": 0.479889184237,
        "median": 0.485129594803,
        "min": 0.319097071886,
        "var": 0.000298531056615
    },
    "dynamic_complexity": 1.47116780281,
    "erbbands_crest": {
        "dmean": 1.88403999805,
        "dmean2": 3.05377483368,
        "dvar": 3.81965970993,
        "dvar2": 9.30427837372,
        "max": 27.6056880951,
        "mean": 6.59162759781,
        "median": 5.51673698425,
        "min": 2.36799836159,
        "var": 11.3404874802
    },
    "erbbands_flatness_db": {
        "dmean": 0.0115879308432,
        "dmean2": 0.017164375633,
        "dvar": 0.000116112845717,
        "dvar2": 0.000217160471948,
        "max": 0.285302996635,
        "mean": 0.138560935855,
        "median": 0.135466739535,
        "min": 0.0782860666513,
        "var": 0.000706715101842
    },
    "erbbands_kurtosis": {
        "dmean": 0.584959685802,
        "dmean2": 0.947945833206,
        "dvar": 0.432920843363,
        "dvar2": 1.00261723995,
        "max": 6.91704845428,
        "mean": -0.169182896614,
        "median": -0.4084649086,
        "min": -1.64855635166,
        "var": 1.07391488552
    },
    "erbbands_skewness": {
        "dmean": 0.275002270937,
        "dmean2": 0.424228787422,
        "dvar": 0.0627047643065,
        "dvar2": 0.146816551685,
        "max": 2.69641804695,
        "mean": -0.310467332602,
        "median": -0.386684983969,
        "min": -1.92201495171,
        "var": 0.35192194581
    },
    "erbbands_spread": {
        "dmean": 7.13999557495,
        "dmean2": 11.3437957764,
        "dvar": 43.8031082153,
        "dvar2": 109.494979858,
        "max": 84.1074752808,
        "mean": 42.8285636902,
        "median": 42.947681427,
        "min": 11.9849243164,
        "var": 148.919296265
    },
    "hfc": {
        "dmean": 7.19651031494,
        "dmean2": 10.7953767776,
        "dvar": 60.4129371643,
        "dvar2": 128.968948364,
        "max": 122.840232849,
        "mean": 38.0167961121,
        "median": 37.2480735779,
        "min": 1.74844157696,
        "var": 396.719116211
    },
    "melbands_crest": {
        "dmean": 3.32565307617,
        "dmean2": 5.550801754,
        "dvar": 8.24513149261,
        "dvar2": 21.2598133087,
        "max": 26.481672287,
        "mean": 12.6404123306,
        "median": 12.0611858368,
        "min": 3.82208752632,
        "var": 19.8814945221
    },
    "melbands_flatness_db": {
        "dmean": 0.0230336654931,
        "dmean2": 0.0368302874267,
        "dvar": 0.000469046470243,
        "dvar2": 0.00121876574121,
        "max": 0.306399852037,
        "mean": 0.122679516673,
        "median": 0.114642761648,
        "min": 0.0347190573812,
        "var": 0.00209411070682
    },
    "melbands_kurtosis": {
        "dmean": 3.43894076347,
        "dmean2": 5.71413564682,
        "dvar": 20.6834850311,
        "dvar2": 53.4817848206,
        "max": 54.9757194519,
        "mean": 5.30294704437,
        "median": 3.50767564774,
        "min": -1.40129995346,
        "var": 34.8110618591
    },
    "melbands_skewness": {
        "dmean": 0.586660563946,
        "dmean2": 0.956374824047,
        "dvar": 0.359225422144,
        "dvar2": 0.904989659786,
        "max": 6.65549993515,
        "mean": 2.03882527351,
        "median": 1.89601898193,
        "min": 0.218657910824,
        "var": 0.904625415802
    },
    "melbands_spread": {
        "dmean": 11.8613786697,
        "dmean2": 19.0008430481,
        "dvar": 134.729949951,
        "dvar2": 350.945495605,
        "max": 138.775085449,
        "mean": 45.2445793152,
        "median": 43.6037597656,
        "min": 5.09676265717,
        "var": 436.735778809
    },
    "pitch_salience": {
        "dmean": 0.062322344631,
        "dmean2": 0.104863278568,
        "dvar": 0.00322434445843,
        "dvar2": 0.009278036654,
        "max": 0.792305886745,
        "mean": 0.584510862827,
        "median": 0.591835319996,
        "min": 0.268057912588,
        "var": 0.00773739116266
    },
    "silence_rate_20dB": {
        "dmean": 0,
        "dmean2": 0,
        "dvar": 0,
        "dvar2": 0,
        "max": 1,
        "mean": 1,
        "median": 1,
        "min": 1,
        "var": 0
    },
    "silence_rate_30dB": {
        "dmean": 0,
        "dmean2": 0,
        "dvar": 0,
        "dvar2": 0,
        "max": 1,
        "mean": 1,
        "median": 1,
        "min": 1,
        "var": 0
    },
    "silence_rate_60dB": {
        "dmean": 0.00232198135927,
        "dmean2": 0.00387296662666,
        "dvar": 0.0023165885359,
        "dvar2": 0.0054071447812,
        "max": 1,
        "mean": 0.00154679035768,
        "median": 0,
        "min": 0,
        "var": 0.00154439744074
    },
    "spectral_centroid": {
        "dmean": 277.650604248,
        "dmean2": 444.417358398,
        "dvar": 74010.1640625,
        "dvar2": 191831.21875,
        "max": 3622.89233398,
        "mean": 2249.94189453,
        "median": 2287.73779297,
        "min": 643.079223633,
        "var": 279834.0625
    },
    "spectral_complexity": {
        "dmean": 4.6857585907,
        "dmean2": 7.35631275177,
        "dvar": 18.5173358917,
        "dvar2": 40.1891288757,
        "max": 60,
        "mean": 35.6287689209,
        "median": 38,
        "min": 4,
        "var": 136.200942993
    },
    "spectral_decrease": {
        "dmean": 1.94352622884e-09,
        "dmean2": 3.15885695379e-09,
        "dvar": 5.69670312956e-18,
        "dvar2": 1.5309609324e-17,
        "max": -4.2123080024e-10,
        "mean": -6.42050945743e-09,
        "median": -6.0497074017e-09,
        "min": -2.22381331128e-08,
        "var": 8.59033931735e-18
    },
    "spectral_energy": {
        "dmean": 0.00761785358191,
        "dmean2": 0.0122923422605,
        "dvar": 8.37192492327e-05,
        "dvar2": 0.000224586285185,
        "max": 0.0872943103313,
        "mean": 0.0276807229966,
        "median": 0.0267843194306,
        "min": 0.00174840271939,
        "var": 0.000141833908856
    },
    "spectral_energyband_high": {
        "dmean": 0.000771620078012,
        "dmean2": 0.00114334851969,
        "dvar": 9.04376406652e-07,
        "dvar2": 1.8328034912e-06,
        "max": 0.01344311703,
        "mean": 0.00275948899798,
        "median": 0.00220229988918,
        "min": 1.08101157821e-05,
        "var": 4.84870179207e-06
    },
    "spectral_energyband_low": {
        "dmean": 0.00510978745297,
        "dmean2": 0.00845128949732,
        "dvar": 5.9819107264e-05,
        "dvar2": 0.000153774235514,
        "max": 0.070846542716,
        "mean": 0.00855329167098,
        "median": 0.00626994064078,
        "min": 0.00010632903286,
        "var": 6.85913328198e-05
    },
    "spectral_energyband_middle_high": {
        "dmean": 0.00196205661632,
        "dmean2": 0.00311365607195,
        "dvar": 4.76649074699e-06,
        "dvar2": 1.14824815682e-05,
        "max": 0.0358611755073,
        "mean": 0.00785718299448,
        "median": 0.00699844490737,
        "min": 0.000629295129329,
        "var": 2.29766792472e-05
    },
    "spectral_energyband_middle_low": {
        "dmean": 0.0041080256924,
        "dmean2": 0.00695704529062,
        "dvar": 3.7507925299e-05,
        "dvar2": 0.000104394115624,
        "max": 0.04831918329,
        "mean": 0.00964981596917,
        "median": 0.00797721277922,
        "min": 0.000367758446373,
        "var": 4.58289068774e-05
    },
    "spectral_entropy": {
        "dmean": 0.0935401543975,
        "dmean2": 0.136633247137,
        "dvar": 0.00842030160129,
        "dvar2": 0.0159824229777,
        "max": 8.54113769531,
        "mean": 7.95893001556,
        "median": 7.98611164093,
        "min": 6.86308956146,
        "var": 0.0597812980413
    },
    "spectral_flux": {
        "dmean": 0.0210474748164,
        "dmean2": 0.0326735340059,
        "dvar": 0.000487489771331,
        "dvar2": 0.000954099930823,
        "max": 0.245025619864,
        "mean": 0.0954424068332,
        "median": 0.093733176589,
        "min": 0.0156860239804,
        "var": 0.00127242470626
    },
    "spectral_kurtosis": {
        "dmean": 0.753044784069,
        "dmean2": 1.2505979538,
        "dvar": 0.477318197489,
        "dvar2": 1.35446286201,
        "max": 11.6506681442,
        "mean": 2.30463647842,
        "median": 2.17805814743,
        "min": 0.202592849731,
        "var": 1.10275053978
    },
    "spectral_rms": {
        "dmean": 0.00066903262632,
        "dmean2": 0.0010549002327,
        "dvar": 4.91662149216e-07,
        "dvar2": 1.29792556436e-06,
        "max": 0.00922849774361,
        "mean": 0.00507404981181,
        "median": 0.00511185312644,
        "min": 0.0013060469646,
        "var": 1.25963629216e-06
    },
    "spectral_rolloff": {
        "dmean": 706.062561035,
        "dmean2": 1143.31274414,
        "dvar": 577489.5,
        "dvar2": 1304994.375,
        "max": 8957.8125,
        "mean": 2973.68774414,
        "median": 2950.04882812,
        "min": 107.666015625,
        "var": 2221193.5
    },
    "spectral_skewness": {
        "dmean": 0.12426327914,
        "dmean2": 0.202328562737,
        "dvar": 0.0124196000397,
        "dvar2": 0.0333527103066,
        "max": 2.27858877182,
        "mean": 0.999247848988,
        "median": 0.98248142004,
        "min": 0.45301347971,
        "var": 0.0395074598491
    },
    "spectral_spread": {
        "dmean": 355156.34375,
        "dmean2": 511873.75,
        "dvar": 111074107392,
        "dvar2": 209904173056,
        "max": 7647695.5,
        "mean": 4449213.5,
        "median": 4357559,
        "min": 2531553.5,
        "var": 577790214144
    },
    "spectral_strongpeak": {
        "dmean": 0.530783712864,
        "dmean2": 0.947058439255,
        "dvar": 0.914165556431,
        "dvar2": 2.40837574005,
        "max": 7.80107021332,
        "mean": 0.738466799259,
        "median": 0.350718200207,
        "min": 0.0194249842316,
        "var": 0.947158277035
    },
    "zerocrossingrate": {
        "dmean": 0.0108759738505,
        "dmean2": 0.012632150203,
        "dvar": 9.91487613646e-05,
        "dvar2": 0.00011623618775,
        "max": 0.22607421875,
        "mean": 0.0966226682067,
        "median": 0.09375,
        "min": 0.01953125,
        "var": 0.0011786208488
    },
    "barkbands": {
        "dmean": [8.00826965133e-05, 0.00308332289569, 0.00204692105763, 0.00176471052691, 0.0015302572865, 0.000704136618879, 0.000692687754054, 0.000791093683802, 0.000882825814188, 0.000476097688079, 0.000247466319706, 0.000320385588566, 0.000344882777426, 0.000618239399046, 0.000413183734054, 0.000342126353644, 0.000450507213827, 0.000409812782891, 0.000355486612534, 0.000419234769652, 0.000258298881818, 0.000232558595599, 0.000191582599655, 0.000108540458314, 7.5977659435e-05, 1.58689817908e-05, 2.99324085518e-08],
        "dmean2": [0.000123199250083, 0.00500509655103, 0.00356265576556, 0.00311921793036, 0.0026326966472, 0.00115583778825, 0.00111742527224, 0.00129672302864, 0.00139304995537, 0.000770892482251, 0.000396019313484, 0.000518839107826, 0.000571345328353, 0.00101175450254, 0.000661983038299, 0.000565803842619, 0.000744085584302, 0.000661894737277, 0.000598749378696, 0.000677073723637, 0.000414638401708, 0.000372795911971, 0.000292970944429, 0.000154045308591, 0.00010869288235, 2.4415750886e-05, 5.41311528934e-08],
        "dvar": [2.14051372183e-08, 2.90345669782e-05, 1.02055719253e-05, 1.15041148092e-05, 8.28458996693e-06, 7.42047006952e-07, 1.40317752084e-06, 1.79025482794e-06, 2.50130960922e-06, 1.15448540328e-06, 3.40778541386e-07, 4.0382749944e-07, 4.23156990337e-07, 1.22328845009e-06, 4.36170012108e-07, 3.21780220247e-07, 3.13563845111e-07, 2.31959944585e-07, 1.54548757791e-07, 2.35619381783e-07, 9.17726836747e-08, 8.19396177576e-08, 6.18963440502e-08, 3.41945280979e-08, 1.50307908342e-08, 1.14772436e-09, 7.85742320817e-15],
        "dvar2": [4.66860434756e-08, 7.31745094527e-05, 2.86143967969e-05, 3.24762622768e-05, 2.30539044423e-05, 2.013038511e-06, 3.86380270356e-06, 4.36803611592e-06, 5.94093717154e-06, 2.99988528241e-06, 8.31486374864e-07, 1.04934611045e-06, 1.04812647805e-06, 3.17946864925e-06, 1.02462638552e-06, 8.0221383314e-07, 8.07695698768e-07, 5.88486443576e-07, 4.13017801293e-07, 5.80740447731e-07, 2.23675854727e-07, 2.06988943319e-07, 1.3446468472e-07, 6.03700129886e-08, 2.84007306561e-08, 2.26812679749e-09, 1.77770277475e-14],
        "max": [0.00113997270819, 0.0453174002469, 0.0313435345888, 0.0223330110312, 0.0227547567338, 0.0100793624297, 0.014698266983, 0.0181016176939, 0.0214653089643, 0.0171966329217, 0.00898324977607, 0.0131294000894, 0.00877794995904, 0.0126373171806, 0.0145666683093, 0.00789261050522, 0.00685845315456, 0.00649975892156, 0.00401789415628, 0.00728543382138, 0.00412434292957, 0.00355222495273, 0.0027042964939, 0.00356443505734, 0.00200397800654, 0.000683306949213, 1.76548951458e-06],
        "mean": [8.82261592778e-05, 0.00403608614579, 0.00339054898359, 0.00186422490515, 0.00210461788811, 0.0012829664629, 0.00135808857158, 0.00129805656616, 0.00158793746959, 0.000725161924493, 0.000400682532927, 0.000548385141883, 0.000574330508243, 0.0010777679272, 0.000782009505201, 0.000618836143985, 0.000907115230802, 0.000895651581232, 0.000855679973029, 0.00101243588142, 0.000695453200024, 0.000623273896053, 0.000472928659292, 0.000268838950433, 0.00018285070837, 2.85874521069e-05, 2.02989287601e-08],
        "median": [2.13332568819e-05, 0.00198875973001, 0.00241083581932, 0.000841109547764, 0.00122192362323, 0.000954891671427, 0.000870099407621, 0.00064551649848, 0.000667432206683, 0.00041416962631, 0.000217291817535, 0.000303660461213, 0.000290168536594, 0.000528465490788, 0.000565106398426, 0.000412764784414, 0.000717299757525, 0.000745630415622, 0.000771888240706, 0.000855753780343, 0.000589252449572, 0.000486429809825, 0.000318802340189, 0.000149208877701, 0.000109631953819, 1.37625656862e-05, 6.54631737707e-10],
        "min": [7.82769546959e-08, 1.80403058039e-05, 2.03431991395e-05, 1.9412610186e-07, 1.10635564852e-05, 2.19109533646e-05, 3.81024801754e-05, 2.76454957202e-05, 3.93608115701e-06, 7.15676969776e-06, 5.8500677369e-06, 2.90632624456e-06, 1.04935152194e-05, 1.21322455016e-05, 8.08711229183e-06, 5.52567644263e-06, 5.87655085837e-06, 1.4544762962e-05, 8.9501736511e-06, 3.07240225084e-06, 4.29567990068e-06, 1.39451867653e-06, 9.05789761418e-07, 3.56486339115e-07, 1.39035336133e-07, 4.1283886032e-11, 6.45912707001e-12],
        "var": [2.84061716371e-08, 3.34028009092e-05, 1.17718218462e-05, 9.32487819227e-06, 8.5674582806e-06, 1.31044384943e-06, 2.34466210713e-06, 3.55451152245e-06, 7.63063235354e-06, 1.4641522057e-06, 6.12526605437e-07, 9.70896167019e-07, 8.57365876072e-07, 2.33609875977e-06, 9.56064809543e-07, 5.87942736274e-07, 6.50384322398e-07, 4.82131440549e-07, 3.43402376757e-07, 6.07631591265e-07, 2.9215448194e-07, 2.84764837488e-07, 2.06077444886e-07, 1.42265392356e-07, 6.25162783763e-08, 2.87974799562e-09, 6.17138125677e-15]
    },
    "erbbands": {
        "dmean": [0.0731603130698, 0.780821144581, 2.33003854752, 4.04837417603, 5.21774053574, 5.53891515732, 5.67087745667, 5.62925720215, 6.08703422546, 15.6460428238, 20.2103443146, 18.2900123596, 13.1935348511, 13.0029602051, 8.70055580139, 12.149274826, 14.2222633362, 25.6115188599, 22.3116664886, 23.5065574646, 17.3550338745, 25.99933815, 18.7633132935, 20.2744808197, 18.7821311951, 19.843126297, 11.4846544266, 11.2177619934, 8.433634758, 7.82453536987, 4.68299531937, 2.56203961372, 1.81316566467, 1.0261156559, 0.543973386288, 0.121342085302, 0.023318849504, 0.00143538077828, 3.3205949876e-05, 1.02239364423e-05],
        "dmean2": [0.11123175174, 1.32628500462, 4.08601427078, 6.92631816864, 9.46614170074, 9.45029067993, 9.36591243744, 9.0899105072, 10.2121543884, 24.7818183899, 32.7347488403, 29.0820941925, 21.55311203, 21.2545185089, 13.6325416565, 20.0911369324, 23.4163475037, 41.608089447, 35.9060516357, 38.1815948486, 28.8781070709, 42.9892501831, 30.0487003326, 33.5562133789, 31.1283893585, 31.9077377319, 18.8357467651, 18.2899360657, 13.8894796371, 12.2480897903, 7.03400564194, 3.74786305428, 2.62785458565, 1.48841547966, 0.813198387623, 0.176857769489, 0.0367117337883, 0.00227120891213, 4.94794039696e-05, 1.57712147484e-05],
        "dvar": [0.0205533299595, 1.94213521481, 14.7411909103, 42.559299469, 156.246765137, 87.6513595581, 74.7016067505, 64.2299957275, 114.109268188, 642.555480957, 1248.02404785, 1177.71362305, 607.674804688, 927.995239258, 355.707244873, 738.796508789, 759.72644043, 2578.4152832, 1295.50341797, 1427.69616699, 801.604614258, 1051.92468262, 524.551635742, 561.454650879, 415.088806152, 643.195922852, 168.650039673, 215.01210022, 117.642196655, 91.9170379639, 38.6852531433, 16.5431518555, 11.793050766, 2.78446555138, 0.90052574873, 0.0543969273567, 0.00343100656755, 1.40173333421e-05, 4.82485518205e-09, 1.28366969832e-10],
        "dvar2": [0.0397979132831, 5.29761743546, 42.6528053284, 116.69984436, 446.081634521, 235.64276123, 171.688705444, 174.466567993, 314.056793213, 1776.10473633, 3029.34838867, 2921.29931641, 1633.23742676, 2183.38232422, 759.145507812, 2052.16845703, 1951.73010254, 7095.38964844, 3027.69433594, 3428.58984375, 2011.1673584, 2677.95141602, 1299.87524414, 1475.28430176, 1100.23535156, 1552.06103516, 439.248199463, 541.349853516, 302.609130859, 221.479034424, 80.0979537964, 32.7256660461, 24.3320274353, 5.382168293, 1.95611178875, 0.103649571538, 0.00658142240718, 2.12373251998e-05, 7.37317717991e-09, 3.14463816098e-10],
        "max": [1.22294211388, 10.8798875809, 36.649017334, 48.5315055847, 89.1195220947, 130.069229126, 138.674453735, 126.007240295, 162.192153931, 359.45489502, 478.600738525, 533.133361816, 376.100341797, 752.825622559, 336.360290527, 661.659606934, 442.464355469, 713.828857422, 530.830322266, 513.824462891, 417.84475708, 365.927764893, 308.609313965, 280.112213135, 213.622314453, 429.772857666, 177.673233032, 200.983139038, 129.174209595, 108.511993408, 72.217010498, 75.3784103394, 75.7794342041, 33.7928733826, 13.6829566956, 4.5931186676, 1.72949397564, 0.132534056902, 0.00233222381212, 0.000149214378325],
        "mean": [0.0892947539687, 1.0195581913, 3.80857419968, 5.29980278015, 5.3604183197, 7.98850536346, 9.74699497223, 10.9396162033, 11.0103225708, 31.4973258972, 36.3195762634, 32.2841300964, 21.9823703766, 21.53956604, 16.3737983704, 21.7187328339, 26.0454483032, 47.5686798096, 43.236076355, 44.8342628479, 34.3895797729, 52.5211486816, 46.5048942566, 48.0372238159, 47.8584823608, 46.8448295593, 30.6750297546, 27.036365509, 22.1283550262, 20.1208362579, 11.8584680557, 6.38276195526, 4.09209918976, 2.26928973198, 1.18364322186, 0.262889146805, 0.0367557220161, 0.00213922886178, 8.40157154016e-05, 4.38594433945e-05],
        "median": [0.0263719055802, 0.579316973686, 2.74027633667, 3.32918643951, 2.77139687538, 4.55658340454, 5.9123916626, 7.96510601044, 7.42084598541, 20.1457309723, 16.6309509277, 13.7752819061, 14.2180643082, 12.2719707489, 9.23339653015, 11.7109279633, 14.1712217331, 25.821472168, 27.4376678467, 32.5296325684, 24.4782276154, 43.1782188416, 38.8785057068, 42.8790626526, 43.1703605652, 38.0050888062, 26.9258728027, 21.8278026581, 17.273317337, 14.9097471237, 7.92891168594, 3.84652900696, 2.07920622826, 1.36121022701, 0.672368109226, 0.13584369421, 0.0174420922995, 0.000913556141313, 5.68901959923e-05, 4.20245123678e-05],
        "min": [0.000275741680525, 0.00457232398912, 0.0201494190842, 0.025245225057, 0.0198020637035, 0.0461862273514, 0.0661865770817, 0.211102560163, 0.50772768259, 0.721950471401, 0.653722882271, 0.337803512812, 0.443454474211, 0.248570308089, 0.515334367752, 0.344270497561, 0.712832868099, 0.888592898846, 0.631317317486, 0.36381611228, 0.457218855619, 0.497829437256, 0.712354362011, 0.462356775999, 0.442834228277, 0.163168415427, 0.14230209589, 0.109123416245, 0.0547901764512, 0.0287441499531, 0.0206897892058, 0.0131681542844, 0.00340890046209, 0.00062676431844, 0.000545959570445, 9.06527639017e-05, 4.03866806664e-06, 7.64297908518e-07, 1.42329656683e-06, 2.27838290812e-06],
        "var": [0.0286563504487, 1.8653049469, 14.649107933, 41.2537307739, 101.123474121, 130.047821045, 153.310379028, 122.382881165, 162.585830688, 1192.86291504, 3109.23022461, 2896.84619141, 773.163024902, 1562.47363281, 735.358764648, 1761.56811523, 1516.75610352, 4746.99365234, 2785.37573242, 2509.76464844, 1449.8326416, 2023.34924316, 1360.81262207, 1106.74560547, 937.698547363, 1540.55090332, 493.307922363, 539.928771973, 346.972198486, 313.626617432, 138.616760254, 60.8323974609, 42.1555137634, 10.1536455154, 2.92456841469, 0.176277250051, 0.00697362376377, 3.9183505578e-05, 1.5932052122e-08, 4.21622237123e-10]
    },
    "gfcc": {
        "mean": [51.6249580383, 72.2242050171, -135.621398926, 58.6218223572, -69.0719528198, 18.5653800964, -40.1371879578, 15.9963340759, -20.7178421021, 6.41565895081, -17.142742157, -6.15280580521, -13.5163393021],
        "cov": [[1725.91491699, -802.447021484, 134.678588867, 93.8521728516, -76.0943222046, 189.678482056, -219.234863281, -19.2329425812, -224.718292236, -36.4140930176, -266.32522583, 3.00246477127, -87.3491744995], [-802.447021484, 685.304931641, -91.5747451782, -42.6357421875, 113.462173462, -111.556259155, 140.631866455, -18.8934326172, 126.015991211, -16.6164150238, 156.037338257, -16.7342720032, 52.8764953613], [134.678588867, -91.5747451782, 230.382904053, 91.2567367554, -0.554378092289, 20.6874713898, -41.3334655762, 15.3223686218, -10.0059528351, 17.5136413574, -28.056476593, 24.7786865234, -9.0065164566], [93.8521728516, -42.6357421875, 91.2567367554, 190.8853302, 9.85169124603, -0.678759932518, -48.953742981, -16.0643959045, -0.222435802221, -27.1529159546, 8.34964752197, 5.93009662628, 27.1580162048], [-76.0943222046, 113.462173462, -0.554378092289, 9.85169124603, 146.238601685, 28.0948410034, 35.6227989197, 8.25011444092, 14.0358076096, -5.27022027969, 2.17831611633, 7.50190258026, -6.63679790497], [189.678482056, -111.556259155, 20.6874713898, -0.678759932518, 28.0948410034, 131.200561523, 24.6335659027, 8.73933982849, -30.9701824188, -2.69817042351, -26.9055328369, 0.461492687464, -8.19800567627], [-219.234863281, 140.631866455, -41.3334655762, -48.953742981, 35.6227989197, 24.6335659027, 114.421478271, 33.0938186646, 37.9116172791, 13.8294734955, 44.9287338257, 4.98469924927, 8.90515613556], [-19.2329425812, -18.8934326172, 15.3223686218, -16.0643959045, 8.25011444092, 8.73933982849, 33.0938186646, 72.7453308105, 42.5647392273, 27.4286174774, -4.09071111679, 7.72181558609, 2.7102458477], [-224.718292236, 126.015991211, -10.0059528351, -0.222435802221, 14.0358076096, -30.9701824188, 37.9116172791, 42.5647392273, 100.975883484, 33.9556732178, 41.587474823, -2.40667510033, 15.9397783279], [-36.4140930176, -16.6164150238, 17.5136413574, -27.1529159546, -5.27022027969, -2.69817042351, 13.8294734955, 27.4286174774, 33.9556732178, 63.428943634, 20.8487091064, 11.8469486237, -5.33848285675], [-266.32522583, 156.037338257, -28.056476593, 8.34964752197, 2.17831611633, -26.9055328369, 44.9287338257, -4.09071111679, 41.587474823, 20.8487091064, 109.751472473, 25.7843799591, 30.3032398224], [3.00246477127, -16.7342720032, 24.7786865234, 5.93009662628, 7.50190258026, 0.461492687464, 4.98469924927, 7.72181558609, -2.40667510033, 11.8469486237, 25.7843799591, 64.4426422119, 23.4617290497], [-87.3491744995, 52.8764953613, -9.0065164566, 27.1580162048, -6.63679790497, -8.19800567627, 8.90515613556, 2.7102458477, 15.9397783279, -5.33848285675, 30.3032398224, 23.4617290497, 62.7076835632]],
        "icov": [[0.00198063021526, -6.97480572853e-05, 0.00105363805778, -0.00160891131964, 0.00100948917679, -0.00237649912015, 0.00234456616454, -0.00149823783431, 0.0024304096587, -0.00153585604858, 0.00303328107111, -0.00192980689462, 0.00170149817131], [-6.97480572853e-05, 0.0106786852702, -0.00458333222196, 0.00622786069289, -0.00818499177694, 0.00828564539552, -0.00841522030532, 0.00919816922396, -0.0091201113537, 0.0100871641189, -0.00959795247763, 0.00853651016951, -0.00682143587619], [0.00105363805778, -0.00458333222196, 0.00992722716182, -0.00803024880588, 0.00452917255461, -0.00524641154334, 0.00499761523679, -0.00584114249796, 0.00574192916974, -0.00887583103031, 0.00825640745461, -0.00830881018192, 0.0064759273082], [-0.00160891131964, 0.00622786069289, -0.00803024880588, 0.0154068125412, -0.00716502591968, 0.00515275495127, -0.000929407717194, 0.00601710844785, -0.00937447231263, 0.0133864022791, -0.012519268319, 0.00912006758153, -0.00937105994672], [0.00100948917679, -0.00818499177694, 0.00452917255461, -0.00716502591968, 0.0153316752985, -0.00893088430166, 0.00409450475127, -0.00598123203963, 0.0051852716133, -0.00682281563058, 0.0107317203656, -0.0107450596988, 0.00912893097848], [-0.00237649912015, 0.00828564539552, -0.00524641154334, 0.00515275495127, -0.00893088430166, 0.020105920732, -0.014391887933, 0.00765778543428, -0.00411011651158, 0.00666449265555, -0.00770780490711, 0.00956056732684, -0.00812614057213], [0.00234456616454, -0.00841522030532, 0.00499761523679, -0.000929407717194, 0.00409450475127, -0.014391887933, 0.0295017845929, -0.0174572933465, 0.00772586511448, -0.00432661129162, 0.000201666145585, -0.00603043939918, 0.00642549153417], [-0.00149823783431, 0.00919816922396, -0.00584114249796, 0.00601710844785, -0.00598123203963, 0.00765778543428, -0.0174572933465, 0.0375019945204, -0.0216766875237, 0.00329110468738, 0.000976534211077, 0.00266095763072, -0.00773887475953], [0.0024304096587, -0.0091201113537, 0.00574192916974, -0.00937447231263, 0.0051852716133, -0.00411011651158, 0.00772586511448, -0.0216766875237, 0.0349949300289, -0.0188265517354, 0.00570255983621, -0.000979397795163, 0.00292411190458], [-0.00153585604858, 0.0100871641189, -0.00887583103031, 0.0133864022791, -0.00682281563058, 0.00666449265555, -0.00432661129162, 0.00329110468738, -0.0188265517354, 0.0400293916464, -0.0190016459674, 0.00578590063378, -0.00188498862553], [0.00303328107111, -0.00959795247763, 0.00825640745461, -0.012519268319, 0.0107317203656, -0.00770780490711, 0.000201666145585, 0.000976534211077, 0.00570255983621, -0.0190016459674, 0.0352186374366, -0.0184846464545, 0.00581299141049], [-0.00192980689462, 0.00853651016951, -0.00830881018192, 0.00912006758153, -0.0107450596988, 0.00956056732684, -0.00603043939918, 0.00266095763072, -0.000979397795163, 0.00578590063378, -0.0184846464545, 0.0340876542032, -0.0172549914569], [0.00170149817131, -0.00682143587619, 0.0064759273082, -0.00937105994672, 0.00912893097848, -0.00812614057213, 0.00642549153417, -0.00773887475953, 0.00292411190458, -0.00188498862553, 0.00581299141049, -0.0172549914569, 0.0311265327036]]
    },
    "melbands": {
        "dmean": [0.00074361852603, 0.00113129103556, 0.00073426036397, 0.000356888427632, 0.000203163741389, 0.000125599777675, 0.000102493228042, 0.000167835081811, 0.000186146819033, 0.000105853338027, 6.882337766e-05, 5.82095599384e-05, 3.17480953527e-05, 3.46248198184e-05, 3.28154783347e-05, 3.9480648411e-05, 5.2625007811e-05, 4.35112087871e-05, 3.3627547964e-05, 2.71556618827e-05, 2.24670839089e-05, 3.08541748382e-05, 2.15278287214e-05, 2.23017177632e-05, 1.77757738129e-05, 1.48606750372e-05, 1.61942734849e-05, 1.42921453516e-05, 8.42308782012e-06, 6.74169541526e-06, 7.39448796594e-06, 5.37387450095e-06, 4.80898597743e-06, 4.91353557663e-06, 3.38097129315e-06, 1.97171129912e-06, 1.65772314631e-06, 1.48679248468e-06, 1.12128407181e-06, 8.42269287205e-07],
        "dmean2": [0.00117977813352, 0.00197136518545, 0.00127012992743, 0.000631177332252, 0.000335435528541, 0.000203395771678, 0.000170761486515, 0.000267498224275, 0.000301429332467, 0.000168413462234, 0.000112090201583, 9.4953837106e-05, 5.06779069838e-05, 5.44769136468e-05, 5.51605262444e-05, 6.60739970044e-05, 8.56165279401e-05, 7.02277902747e-05, 5.32253252459e-05, 4.46199119324e-05, 3.7352740037e-05, 5.18788874615e-05, 3.51853996108e-05, 3.63161452697e-05, 2.97393762594e-05, 2.49698223342e-05, 2.64814734692e-05, 2.32029524341e-05, 1.43117285916e-05, 1.10895343823e-05, 1.22495102914e-05, 9.03189356904e-06, 7.63215848565e-06, 7.86395321484e-06, 5.33695720151e-06, 2.95125414596e-06, 2.51956885222e-06, 2.2630786134e-06, 1.60169054197e-06, 1.26010718304e-06],
        "dvar": [1.85763519767e-06, 3.73354578187e-06, 1.7508162955e-06, 5.48907678422e-07, 9.98401361585e-08, 2.79819989402e-08, 3.02863796264e-08, 6.66494202051e-08, 1.08349368588e-07, 3.72123132308e-08, 1.77418097991e-08, 1.85342639014e-08, 5.71121061554e-09, 6.1931761941e-09, 3.22385718121e-09, 5.64521229762e-09, 1.16084919455e-08, 5.40050715259e-09, 3.38006289624e-09, 2.08808614843e-09, 1.60682622763e-09, 1.51723267283e-09, 1.0350178492e-09, 6.82561895893e-10, 4.66182092929e-10, 2.7363936117e-10, 3.4377187208e-10, 3.75810993436e-10, 1.06765131458e-10, 6.26667884251e-11, 9.51939499449e-11, 5.16545972662e-11, 3.35050528988e-11, 3.79080065949e-11, 1.95548351817e-11, 8.2771723503e-12, 7.84031433526e-12, 8.47682774668e-12, 4.05897060754e-12, 1.95128375263e-12],
        "dvar2": [4.2203951125e-06, 1.06715779111e-05, 4.92383605888e-06, 1.54915517214e-06, 2.31797017136e-07, 7.58186260441e-08, 8.3597328171e-08, 1.82686704875e-07, 2.64992110033e-07, 9.12522395424e-08, 4.75167922787e-08, 4.47050503283e-08, 1.35509568011e-08, 1.47622012392e-08, 8.7728295739e-09, 1.46114471633e-08, 3.15867758616e-08, 1.25199282053e-08, 8.11030975711e-09, 5.12298603539e-09, 4.069578452e-09, 3.96653199175e-09, 2.68571698214e-09, 1.73862946262e-09, 1.24928345446e-09, 7.48721584731e-10, 8.91985096896e-10, 9.1951252168e-10, 2.82246864769e-10, 1.60152627271e-10, 2.52937060186e-10, 1.36739466972e-10, 8.63734916923e-11, 9.46480810393e-11, 4.4209448602e-11, 1.67754473507e-11, 1.66892073078e-11, 1.97050362138e-11, 7.9894936153e-12, 4.05040671142e-12],
        "max": [0.0126419616863, 0.0175914149731, 0.00973580591381, 0.00615657540038, 0.00511970650405, 0.00246649794281, 0.00233067316003, 0.00339632667601, 0.00454619387165, 0.00285405991599, 0.00214413576759, 0.00303062819876, 0.0011675322894, 0.00151458219625, 0.000789441342931, 0.00105358415749, 0.00132688484155, 0.000888462469447, 0.00133638316765, 0.00068606750574, 0.000606670393609, 0.000364985724445, 0.00051934790099, 0.000370012770873, 0.0002436194045, 0.000163190066814, 0.0001970466692, 0.000344682252035, 0.000142631019116, 9.18767982512e-05, 0.000121721539472, 9.5007220807e-05, 6.91089589964e-05, 6.82710960973e-05, 4.33187597082e-05, 4.47061320301e-05, 5.86448077229e-05, 6.23225569143e-05, 5.06483956997e-05, 2.58792097156e-05],
        "mean": [0.000958876858931, 0.00180228962563, 0.00094462861307, 0.000450176215963, 0.000366001098882, 0.000244201131864, 0.000193623753148, 0.000329522852553, 0.000324950757204, 0.000186681339983, 0.000109348780825, 9.16294302442e-05, 5.52175151824e-05, 5.84451154282e-05, 5.19743043697e-05, 6.69327419018e-05, 9.2992791906e-05, 7.46104342397e-05, 6.19551938144e-05, 4.79725640616e-05, 3.81681529689e-05, 5.57038874831e-05, 4.35510592069e-05, 4.62477837573e-05, 3.72822323698e-05, 3.35520817316e-05, 3.6075594835e-05, 3.01166346617e-05, 1.97079298232e-05, 1.59982409969e-05, 1.56116711878e-05, 1.23055342556e-05, 1.19772876133e-05, 1.11355366244e-05, 7.66242828831e-06, 4.48202354164e-06, 3.59340015166e-06, 2.94786400445e-06, 2.44741772804e-06, 1.66398103829e-06],
        "median": [0.000399846787332, 0.00138362322468, 0.00061897514388, 0.000264114874881, 0.000231022160733, 0.000178488349775, 0.000129146676045, 0.000219316381845, 0.000133366163936, 8.13164006104e-05, 6.70779918437e-05, 5.11515645485e-05, 3.06614201691e-05, 2.66065162577e-05, 3.12948941428e-05, 3.63481631211e-05, 4.70794548164e-05, 3.98305201088e-05, 4.24288155045e-05, 3.25957335008e-05, 2.52226582234e-05, 4.41059091827e-05, 3.09904098685e-05, 3.88535954698e-05, 3.22543746734e-05, 2.95762893074e-05, 2.91181859211e-05, 2.32836318901e-05, 1.64413831953e-05, 1.3330532056e-05, 1.22026476674e-05, 9.42494625633e-06, 9.31842350838e-06, 7.95542382548e-06, 5.17841590408e-06, 2.682254717e-06, 2.05941523745e-06, 1.40159977491e-06, 1.4096697214e-06, 9.28722556637e-07],
        "min": [4.14665009885e-06, 9.22675644688e-06, 4.39596124124e-06, 3.62947002941e-06, 1.47897321767e-06, 5.05186653754e-06, 6.81444907968e-06, 4.21296226705e-06, 2.04179605134e-06, 5.57698797365e-07, 1.62133585491e-06, 4.33298851021e-07, 1.62770493262e-06, 2.18346571046e-07, 3.74784832502e-07, 1.20017091376e-06, 1.30369619455e-06, 2.33654503745e-07, 6.01631768404e-07, 3.17223822321e-07, 2.56081534644e-07, 4.46146515287e-07, 1.81476735861e-07, 8.49113575896e-07, 2.30248346611e-07, 5.22690527305e-07, 7.45314494566e-08, 1.16832822528e-07, 8.62248299427e-08, 1.2763005941e-07, 3.80095031005e-08, 2.70612154907e-08, 1.7031723587e-08, 1.51610954902e-08, 1.07701927377e-08, 5.57053203565e-09, 6.78916345365e-09, 1.66691571657e-09, 6.75846600906e-10, 3.42561656125e-12],
