{
"highlevel": {
    "danceability": {
        "all": {
            "danceable": 0.626658678055,
            "not_danceable": 0.373341351748
        },
        "probability": 0.626658678055,
        "value": "danceable"
    },
    "gender": {
        "all": {
            "female": 0.0522508993745,
            "male": 0.947749078274
        },
        "probability": 0.947749078274,
        "value": "male"
    },
    "genre_dortmund": {
        "all": {
            "alternative": 0.062106769532,
            "blues": 0.0478926673532,
            "electronic": 0.031218200922,
            "folkcountry": 0.0164121650159,
            "funksoulrnb": 0.0314298868179,
            "jazz": 0.0365437082946,
            "pop": 0.0480988398194,
            "raphiphop": 0.0544330365956,
            "rock": 0.671864748001
        },
        "probability": 0.671864748001,
        "value": "rock"
    },
    "genre_electronic": {
        "all": {
            "ambient": 0.169260635972,
            "dnb": 0.319128990173,
            "house": 0.0613311603665,
            "techno": 0.0168429762125,
            "trance": 0.433436244726
        },
        "probability": 0.433436244726,
        "value": "trance"
    },
    "genre_rosamerica": {
        "all": {
            "cla": 0.00626047374681,
            "dan": 0.30818092823,
            "hip": 0.0494576133788,
            "jaz": 0.010817819275,
            "pop": 0.109572485089,
            "rhy": 0.0234159212559,
            "roc": 0.487330913544,
            "spe": 0.00496385851875
        },
        "probability": 0.487330913544,
        "value": "roc"
    },
    "genre_tzanetakis": {
        "all": {
            "blu": 0.0626541376114,
            "cla": 0.0348133966327,
            "cou": 0.0783501937985,
            "dis": 0.104547761381,
            "hip": 0.15693578124,
            "jaz": 0.313987255096,
            "met": 0.044816005975,
            "pop": 0.0627349764109,
            "reg": 0.0627352520823,
            "roc": 0.0784252434969
        },
        "probability": 0.313987255096,
        "value": "jaz"
    },
    "ismir04_rhythm": {
        "all": {
            "ChaChaCha": 0.0728178843856,
            "Jive": 0.585845947266,
            "Quickstep": 0.00559089891613,
            "Rumba-American": 0.00769036868587,
            "Rumba-International": 0.0108436755836,
            "Rumba-Misc": 0.00173609016929,
            "Samba": 0.293587565422,
            "Tango": 0.00266767991707,
            "VienneseWaltz": 0.0161153618246,
            "Waltz": 0.00310453330167
        },
        "probability": 0.585845947266,
        "value": "Jive"
    },
    "mood_acoustic": {
        "all": {
            "acoustic": 0.00462636630982,
            "not_acoustic": 0.995373606682
        },
        "probability": 0.995373606682,
        "value": "not_acoustic"
    },
    "mood_aggressive": {
        "all": {
            "aggressive": 0.903643906116,
            "not_aggressive": 0.0963561013341
        },
        "probability": 0.903643906116,
        "value": "aggressive"
    },
    "mood_electronic": {
        "all": {
            "electronic": 0.902839660645,
            "not_electronic": 0.0971603542566
        },
        "probability": 0.902839660645,
        "value": "electronic"
    },
    "mood_happy": {
        "all": {
            "happy": 0.31067892909,
            "not_happy": 0.689321100712
        },
        "probability": 0.689321100712,
        "value": "not_happy"
    },
    "mood_party": {
        "all": {
            "not_party": 0.232558146119,
            "party": 0.767441868782
        },
        "probability": 0.767441868782,
        "value": "party"
    },
    "mood_relaxed": {
        "all": {
            "not_relaxed": 0.636504352093,
            "relaxed": 0.36349567771
        },
        "probability": 0.636504352093,
        "value": "not_relaxed"
    },
    "mood_sad": {
        "all": {
            "not_sad": 0.847192168236,
            "sad": 0.152807861567
        },
        "probability": 0.847192168236,
        "value": "not_sad"
    },
    "moods_mirex": {
        "all": {
            "Cluster1": 0.420415967703,
            "Cluster2": 0.0986273735762,
            "Cluster3": 0.0221001710743,
            "Cluster4": 0.0450417734683,
            "Cluster5": 0.413814693689
        },
        "probability": 0.420415967703,
        "value": "Cluster1"
    },
    "timbre": {
        "all": {
            "bright": 0.106687247753,
            "dark": 0.893312752247
        },
        "probability": 0.893312752247,
        "value": "dark"
    },
    "tonal_atonal": {
        "all": {
            "atonal": 0.530010402203,
            "tonal": 0.4699896276
        },
        "probability": 0.530010402203,
        "value": "atonal"
    },
    "voice_instrumental": {
        "all": {
            "instrumental": 0.000985549762845,
            "voice": 0.999014437199
        },
        "probability": 0.999014437199,
        "value": "voice"
    }
},
"lowlevel": {
    "average_loudness": 0.971408724785,
    "barkbands_crest": {
        "dmean": 2.71825695038,
        "dmean2": 4.23318338394,
        "dvar": 7.05835056305,
        "dvar2": 15.8337631226,
        "max": 26.6135082245,
        "mean": 10.2743244171,
        "median": 8.88922214508,
        "min": 2.17041897774,
        "var": 26.356880188
    },
    "barkbands_flatness_db": {
        "dmean": 0.0234895329922,
        "dmean2": 0.0355333052576,
        "dvar": 0.000793631072156,
        "dvar2": 0.00158993888181,
        "max": 0.496766060591,
        "mean": 0.14079451561,
        "median": 0.116126067936,
        "min": 0.0358915068209,
        "var": 0.00541244400665
    },
    "barkbands_kurtosis": {
        "dmean": 7.65591669083,
        "dmean2": 10.9657478333,
        "dvar": 4942.39746094,
        "dvar2": 10624.8505859,
        "max": 2275.04248047,
        "mean": 8.88469696045,
        "median": 0.490355014801,
        "min": -1.64616692066,
        "var": 5545.91601562
    },
    "barkbands_skewness": {
        "dmean": 0.676896512508,
        "dmean2": 0.993867278099,
        "dvar": 1.64942216873,
        "dvar2": 2.8349635601,
        "max": 41.9517021179,
        "mean": 1.64939427376,
        "median": 1.07711851597,
        "min": -3.59260392189,
        "var": 5.36851596832
    },
    "barkbands_spread": {
        "dmean": 6.35459041595,
        "dmean2": 9.41073799133,
        "dvar": 47.4147529602,
        "dvar2": 105.54057312,
        "max": 89.1440429688,
        "mean": 27.5864124298,
        "median": 27.9287586212,
        "min": 0.100307829678,
        "var": 211.738067627
    },
    "dissonance": {
        "dmean": 0.0135200014338,
        "dmean2": 0.0224894750863,
        "dvar": 0.000203477989999,
        "dvar2": 0.000542425143067,
        "max": 0.499997586012,
        "mean": 0.476407110691,
        "median": 0.481646090746,
        "min": 0.32771679759,
        "var": 0.000360626523616
    },
    "dynamic_complexity": 2.74556398392,
    "erbbands_crest": {
        "dmean": 2.70955467224,
        "dmean2": 4.41014575958,
        "dvar": 7.26714801788,
        "dvar2": 17.5377559662,
        "max": 24.9173641205,
        "mean": 7.86572313309,
        "median": 6.92817592621,
        "min": 2.37106442451,
        "var": 14.8322200775
    },
    "erbbands_flatness_db": {
        "dmean": 0.0179627668113,
        "dmean2": 0.024937260896,
        "dvar": 0.000350650690962,
        "dvar2": 0.000619320722762,
        "max": 0.312437951565,
        "mean": 0.143512412906,
        "median": 0.132462114096,
        "min": 0.057990912348,
        "var": 0.00188451819122
    },
    "erbbands_kurtosis": {
        "dmean": 0.81062322855,
        "dmean2": 1.3025072813,
        "dvar": 1.28232371807,
        "dvar2": 2.96372675896,
        "max": 15.6539154053,
        "mean": 0.189924508333,
        "median": -0.129793643951,
        "min": -1.64821600914,
        "var": 2.10928845406
    },
    "erbbands_skewness": {
        "dmean": 0.318041622639,
        "dmean2": 0.477634996176,
        "dvar": 0.104966536164,
        "dvar2": 0.224681735039,
        "max": 3.97388076782,
        "mean": -0.00055577524472,
        "median": -0.0285002738237,
        "min": -3.07018375397,
        "var": 0.355329245329
    },
    "erbbands_spread": {
        "dmean": 9.21768283844,
        "dmean2": 13.6812124252,
        "dvar": 73.3518447876,
        "dvar2": 157.935256958,
        "max": 110.174354553,
        "mean": 40.6646728516,
        "median": 38.9852523804,
        "min": 6.97604417801,
        "var": 274.289733887
    },
    "hfc": {
        "dmean": 7.74439907074,
        "dmean2": 11.8841409683,
        "dvar": 111.060455322,
        "dvar2": 266.261749268,
        "max": 143.455062866,
        "mean": 32.1922340393,
        "median": 33.1930961609,
        "min": 0.0417046099901,
        "var": 465.004455566
    },
    "melbands_crest": {
        "dmean": 3.3559653759,
        "dmean2": 5.456615448,
        "dvar": 9.97571754456,
        "dvar2": 25.2699184418,
        "max": 32.9942779541,
        "mean": 15.0501270294,
        "median": 14.5947465897,
        "min": 3.07954263687,
        "var": 29.7057647705
    },
    "melbands_flatness_db": {
        "dmean": 0.0283298939466,
        "dmean2": 0.0416883789003,
        "dvar": 0.00128672725987,
        "dvar2": 0.0024402430281,
        "max": 0.609910964966,
        "mean": 0.18247307837,
        "median": 0.150862216949,
        "min": 0.0275136753917,
        "var": 0.010392348282
    },
    "melbands_kurtosis": {
        "dmean": 10.9167394638,
        "dmean2": 17.0590610504,
        "dvar": 704.959350586,
        "dvar2": 1671.19128418,
        "max": 416.084014893,
        "mean": 18.6798343658,
        "median": 5.79367256165,
        "min": -1.77541768551,
        "var": 1481.77722168
    },
    "melbands_skewness": {
        "dmean": 0.936375379562,
        "dmean2": 1.40230548382,
        "dvar": 1.29686665535,
        "dvar2": 2.85634040833,
        "max": 15.3567276001,
        "mean": 2.93255281448,
        "median": 2.30364131927,
        "min": -2.04699373245,
        "var": 5.48776960373
    },
    "melbands_spread": {
        "dmean": 8.16000461578,
        "dmean2": 12.5243501663,
        "dvar": 94.492477417,
        "dvar2": 202.281219482,
        "max": 178.488937378,
        "mean": 29.2981777191,
        "median": 28.0040111542,
        "min": 0.256948143244,
        "var": 361.215209961
    },
    "pitch_salience": {
        "dmean": 0.0760225281119,
        "dmean2": 0.118715904653,
        "dvar": 0.00578750995919,
        "dvar2": 0.0125410007313,
        "max": 0.833248972893,
        "mean": 0.508308410645,
        "median": 0.514360070229,
        "min": 0.0458846725523,
        "var": 0.0185650289059
    },
    "silence_rate_20dB": {
        "dmean": 0,
        "dmean2": 0,
        "dvar": 0,
        "dvar2": 0,
        "max": 1,
        "mean": 1,
        "median": 1,
        "min": 1,
        "var": 0
    },
    "silence_rate_30dB": {
        "dmean": 0.0139318881556,
        "dmean2": 0.0278853606433,
        "dvar": 0.0137380743399,
        "dvar2": 0.0410508513451,
        "max": 1,
        "mean": 0.993039429188,
        "median": 1,
        "min": 0,
        "var": 0.00691222166643
    },
    "silence_rate_60dB": {
        "dmean": 0.0201238393784,
        "dmean2": 0.0402788519859,
        "dvar": 0.019718343392,
        "dvar2": 0.0417538695037,
        "max": 1,
        "mean": 0.0556844547391,
        "median": 0,
        "min": 0,
        "var": 0.0525840520859
    },
    "spectral_centroid": {
        "dmean": 255.800308228,
        "dmean2": 390.507751465,
        "dvar": 68968.0234375,
        "dvar2": 147761.25,
        "max": 4784.00195312,
        "mean": 1706.14404297,
        "median": 1757.70336914,
        "min": 113.530700684,
        "var": 440708.75
    },
    "spectral_complexity": {
        "dmean": 4.97755432129,
        "dmean2": 7.73818731308,
        "dvar": 25.1408805847,
        "dvar2": 50.1341590881,
        "max": 56,
        "mean": 27.1546783447,
        "median": 30,
        "min": 0,
        "var": 187.973129272
    },
    "spectral_decrease": {
        "dmean": 2.75478906353e-09,
        "dmean2": 4.23769286328e-09,
        "dvar": 1.46044941001e-17,
        "dvar2": 3.14618013636e-17,
        "max": -2.44745126943e-11,
        "mean": -8.97710616954e-09,
        "median": -8.09521161216e-09,
        "min": -3.60383687337e-08,
        "var": 3.43712668932e-17
    },
    "spectral_energy": {
        "dmean": 0.0107890209183,
        "dmean2": 0.0165382381529,
        "dvar": 0.000212680446566,
        "dvar2": 0.000461637129774,
        "max": 0.139754399657,
        "mean": 0.0368015766144,
        "median": 0.0343804806471,
        "min": 9.71092595137e-05,
        "var": 0.000520325149409
    },
    "spectral_energyband_high": {
        "dmean": 0.000628616719041,
        "dmean2": 0.000932633352932,
        "dvar": 1.05120079752e-06,
        "dvar2": 2.348354883e-06,
        "max": 0.0124954003841,
        "mean": 0.0017190213548,
        "median": 0.00138781499118,
        "min": 1.62711387475e-07,
        "var": 2.74452759186e-06
    },
    "spectral_energyband_low": {
        "dmean": 0.00771373929456,
        "dmean2": 0.0117249432951,
        "dvar": 0.000214271174627,
        "dvar2": 0.000441851821961,
        "max": 0.122176393867,
        "mean": 0.0175364594907,
        "median": 0.013400520198,
        "min": 4.56338284494e-07,
        "var": 0.000429080799222
    },
    "spectral_energyband_middle_high": {
        "dmean": 0.00299569871277,
        "dmean2": 0.00462240958586,
        "dvar": 1.28100764414e-05,
        "dvar2": 3.06443143927e-05,
        "max": 0.0388887263834,
        "mean": 0.00936276093125,
        "median": 0.00824837293476,
        "min": 1.14982449304e-05,
        "var": 6.32132941973e-05
    },
    "spectral_energyband_middle_low": {
        "dmean": 0.00481567438692,
        "dmean2": 0.00798046495765,
        "dvar": 7.20400930732e-05,
        "dvar2": 0.000185000157217,
        "max": 0.0699433609843,
        "mean": 0.00966716464609,
        "median": 0.007705073338,
        "min": 1.67379239429e-05,
        "var": 8.93273972906e-05
    },
    "spectral_entropy": {
        "dmean": 0.135591238737,
        "dmean2": 0.192666143179,
        "dvar": 0.0279179178178,
        "dvar2": 0.0578762441874,
        "max": 8.61299610138,
        "mean": 7.79614305496,
        "median": 7.89002323151,
        "min": 6.06805181503,
        "var": 0.154462665319
    },
    "spectral_flux": {
        "dmean": 0.0290305428207,
        "dmean2": 0.0440755188465,
        "dvar": 0.00114034954458,
        "dvar2": 0.00252416031435,
        "max": 0.306473642588,
        "mean": 0.0992855802178,
        "median": 0.0926488563418,
        "min": 0.00492558907717,
        "var": 0.00253856368363
    },
    "spectral_kurtosis": {
        "dmean": 1.51020729542,
        "dmean2": 2.49524450302,
        "dvar": 11.0399513245,
        "dvar2": 30.6415328979,
        "max": 55.4145698547,
        "mean": 3.82820343971,
        "median": 2.9287776947,
        "min": -0.388123512268,
        "var": 17.5330047607
    },
    "spectral_rms": {
        "dmean": 0.000838486943394,
        "dmean2": 0.00123095454182,
        "dvar": 9.54014922172e-07,
        "dvar2": 1.91816275219e-06,
        "max": 0.0116767184809,
        "mean": 0.00565593456849,
        "median": 0.00579153979197,
        "min": 0.000307799840812,
        "var": 3.91436515201e-06
    },
    "spectral_rolloff": {
        "dmean": 575.798278809,
        "dmean2": 915.720947266,
        "dvar": 734992.4375,
        "dvar2": 1495372.375,
        "max": 10572.8027344,
        "mean": 1815.9543457,
        "median": 1636.5234375,
        "min": 64.599609375,
        "var": 2138734
    },
    "spectral_skewness": {
        "dmean": 0.207379862666,
        "dmean2": 0.325715124607,
        "dvar": 0.0800311267376,
        "dvar2": 0.217940613627,
        "max": 5.19087743759,
        "mean": 1.35718250275,
        "median": 1.29676103592,
        "min": 0.27212035656,
        "var": 0.202870950103
    },
    "spectral_spread": {
        "dmean": 469904.84375,
        "dmean2": 636217.4375,
        "dvar": 341744123904,
        "dvar2": 532727955456,
        "max": 10402293,
        "mean": 4608777,
        "median": 4666286,
        "min": 1197660,
        "var": 1.39583894323e+12
    },
    "spectral_strongpeak": {
        "dmean": 0.690737485886,
        "dmean2": 1.21635448933,
        "dvar": 1.67347037792,
        "dvar2": 4.28765821457,
        "max": 9.92203807831,
        "mean": 1.03790962696,
        "median": 0.466249734163,
        "min": 0.00826771650463,
        "var": 2.40774154663
    },
    "zerocrossingrate": {
        "dmean": 0.0116556361318,
        "dmean2": 0.0125402426347,
        "dvar": 0.000156322625116,
        "dvar2": 0.000163203832926,
        "max": 0.2939453125,
        "mean": 0.0727557912469,
        "median": 0.07177734375,
        "min": 0.0029296875,
        "var": 0.00152436411008
    },
    "barkbands": {
        "dmean": [0.000118673357065, 0.00603810418397, 0.0029644058086, 0.00169212475885, 0.00210009492002, 0.000987658859231, 0.000599586346652, 0.00056382996263, 0.000632231414784, 0.000643209728878, 0.000539248692803, 0.000816355925053, 0.000828562420793, 0.0012388516916, 0.000539779546671, 0.00024636083981, 0.0003058539005, 0.000268054165645, 0.000220449874178, 0.000304678309476, 0.000165458332049, 0.000143977769767, 0.000120935008454, 0.000111534951429, 8.75693804119e-05, 4.55988993053e-05, 2.41347475338e-09],
        "dmean2": [0.000208364450373, 0.00911592785269, 0.00505394488573, 0.00281375902705, 0.00358781334944, 0.0016206469154, 0.000949352688622, 0.000874597579241, 0.000990975531749, 0.000982228550129, 0.000858246407006, 0.00128835078795, 0.0013180244714, 0.00195898395032, 0.000892362906598, 0.000407614221331, 0.000518845510669, 0.000431607099017, 0.000371372967493, 0.000500445312355, 0.00026547210291, 0.000217904351302, 0.000180385177373, 0.000167176360264, 0.000132760847919, 7.22698750906e-05, 3.83044840291e-09],
        "dvar": [5.04580519589e-08, 0.000157708695042, 6.02755826549e-05, 1.24473008327e-05, 2.40385452344e-05, 3.05471212414e-06, 1.58741352152e-06, 2.08048322747e-06, 1.39411486089e-06, 2.54498331742e-06, 1.12076133973e-06, 3.5422719975e-06, 2.24088057621e-06, 5.50256436327e-06, 1.64371624578e-06, 1.73249432578e-07, 1.56735495693e-07, 1.25380680061e-07, 8.12679630258e-08, 1.96242112338e-07, 6.67546800059e-08, 4.37818101773e-08, 4.21531716199e-08, 7.61656195891e-08, 4.89119003078e-08, 9.76117053852e-09, 4.34658530304e-16],
        "dvar2": [1.51717799213e-07, 0.000326587585732, 0.000171637439053, 2.90217940346e-05, 6.55737821944e-05, 7.66943594499e-06, 4.0643290049e-06, 5.53327208763e-06, 3.06931019622e-06, 4.60515366285e-06, 2.64234154201e-06, 8.54202426126e-06, 5.55485030418e-06, 1.2388457435e-05, 4.64305276182e-06, 4.65198155553e-07, 4.25546602401e-07, 3.0013882224e-07, 2.15214171817e-07, 5.03055559875e-07, 1.68608636386e-07, 9.73842588792e-08, 9.25637309024e-08, 1.72478650029e-07, 1.09239628898e-07, 2.22271552275e-08, 4.43198422357e-16],
        "max": [0.00230963644572, 0.115677155554, 0.0694912746549, 0.0333660878241, 0.0431034304202, 0.0232306737453, 0.0165853388608, 0.0237037893385, 0.0146408509463, 0.0320852771401, 0.0184593517333, 0.0259234234691, 0.0186919569969, 0.0281842052937, 0.0191064979881, 0.00767743494362, 0.00446587288752, 0.00492708245292, 0.0038231248036, 0.00580422161147, 0.0032381338533, 0.00311751756817, 0.00303184730001, 0.00413729576394, 0.00283404346555, 0.00124847423285, 6.57274597415e-07],
        "mean": [0.000151082189404, 0.0107193114236, 0.00528923980892, 0.00234597339295, 0.0024778037332, 0.00168270629365, 0.00111928407568, 0.000880410545506, 0.00100544595625, 0.00104716478381, 0.000844363996293, 0.00118371995632, 0.00122943765018, 0.00185175065417, 0.000821127032395, 0.000469848659122, 0.000579264655244, 0.000549480202608, 0.000482971314341, 0.000666385982186, 0.000337475008564, 0.000334339187248, 0.000270507734967, 0.000225472220336, 0.000163147225976, 7.39075549063e-05, 2.06845096606e-09],
        "median": [6.84750266373e-05, 0.00522382790223, 0.00364952208474, 0.000936470692977, 0.000848627940286, 0.000700994860381, 0.000439080642536, 0.000268625735771, 0.000439445924712, 0.000246576993959, 0.000282056513242, 0.000390982721001, 0.000502834038343, 0.000551946053747, 0.000395146838855, 0.000348322617356, 0.000432809640188, 0.000403258949518, 0.000410262087826, 0.000464224984171, 0.000248954049312, 0.000228735938435, 0.000198666675715, 0.000149819708895, 9.81621415121e-05, 3.61586353392e-05, 5.75733405395e-10],
        "min": [4.57235094231e-09, 1.38476750067e-07, 2.05052437252e-08, 1.3612017824e-07, 7.01028227468e-07, 4.76537820759e-07, 5.11713665219e-07, 1.55134443958e-06, 2.73361933978e-07, 9.45389828644e-08, 1.65032091104e-07, 1.33761250254e-06, 5.78422827857e-07, 1.70679101075e-07, 3.90485922708e-07, 5.00448209095e-07, 2.91289808274e-07, 1.66267469126e-07, 1.86324797369e-07, 2.08640656751e-07, 3.46029693787e-08, 1.79363528474e-08, 6.41851949368e-09, 2.44735565147e-09, 5.24176757555e-10, 2.47294285743e-11, 2.08989509726e-11],
        "var": [5.31763575395e-08, 0.000289681658614, 5.12966144015e-05, 1.48667904796e-05, 2.2374699256e-05, 8.29895361676e-06, 3.9614456e-06, 3.75240097128e-06, 2.39152882386e-06, 7.48521688365e-06, 2.57817828242e-06, 5.74503656026e-06, 3.80231927011e-06, 1.13255209726e-05, 2.18790228246e-06, 2.53695816355e-07, 3.16735366823e-07, 3.35158318876e-07, 1.72127116116e-07, 5.25951861619e-07, 1.22996681284e-07, 1.3220848416e-07, 9.40622513212e-08, 1.13505926436e-07, 7.26897226855e-08, 1.60858739662e-08, 4.34469403729e-16]
    },
    "erbbands": {
        "dmean": [0.149110749364, 1.49486649036, 3.36721897125, 4.33052349091, 6.45568799973, 7.45019245148, 7.64280509949, 7.72988986969, 7.75496387482, 10.2109031677, 12.0129976273, 12.6589641571, 18.79737854, 19.1072750092, 20.5199298859, 29.7509860992, 34.4354934692, 48.841003418, 41.4585494995, 20.9259052277, 13.3691129684, 16.2407302856, 14.5519227982, 11.3999767303, 12.3044424057, 14.4917888641, 8.34442043304, 5.60832214355, 5.09124040604, 4.47382688522, 3.48675632477, 2.47551083565, 1.91945207119, 1.1254786253, 0.592737019062, 0.276073843241, 0.0771414339542, 0.00593550084159, 0.000112084737339, 1.59069677466e-05],
        "dmean2": [0.219315558672, 2.24138879776, 5.46244096756, 6.98873281479, 11.2544403076, 12.7337713242, 12.3062038422, 12.8553571701, 12.3917598724, 16.3830089569, 18.5639667511, 20.3656463623, 28.8340606689, 29.9743938446, 32.8144645691, 47.2298355103, 55.1136779785, 75.8015975952, 67.2613983154, 34.4356422424, 21.9545040131, 27.5630569458, 23.4022064209, 18.9486961365, 20.9115562439, 23.7959327698, 13.6495475769, 8.75605678558, 7.8670129776, 6.78951883316, 5.18061828613, 3.72495698929, 2.90301179886, 1.74048912525, 0.886009514332, 0.443008542061, 0.121022701263, 0.0096425935626, 0.000176672023372, 2.3895956474e-05],
        "dvar": [0.0746117308736, 10.5264606476, 71.0017318726, 60.3541374207, 246.911712646, 312.449554443, 184.193267822, 216.298233032, 302.281036377, 640.968566895, 759.867614746, 556.541625977, 1566.54675293, 1179.52319336, 1786.58166504, 4676.92822266, 3923.59008789, 9341.04492188, 6540.75, 1674.43591309, 472.589050293, 455.693145752, 378.139648438, 215.339645386, 265.101989746, 596.494506836, 201.697280884, 56.147228241, 54.4049682617, 52.1378860474, 42.587928772, 31.2925338745, 25.2787971497, 9.04589366913, 1.9000954628, 0.374749779701, 0.0256622042507, 0.000163103730301, 5.57149597569e-08, 4.04684619149e-10],
        "dvar2": [0.157122641802, 21.3665103912, 192.553237915, 143.322937012, 658.83203125, 850.368530273, 433.897949219, 560.281982422, 769.306396484, 1671.44909668, 2058.63354492, 1258.88452148, 2896.63183594, 2549.09130859, 4605.71484375, 11466.3076172, 10346.46875, 21704.7617188, 16092.9248047, 4563.31933594, 1286.57421875, 1232.51672363, 917.495239258, 575.069335938, 664.323425293, 1529.88684082, 529.244689941, 133.890274048, 127.313575745, 123.36290741, 92.1491317749, 64.6870117188, 61.5507774353, 21.414899826, 4.08678245544, 0.850364327431, 0.0576774850488, 0.000381436489988, 1.26955740143e-07, 8.88559781309e-10],
        "max": [2.98583507538, 28.2947864532, 76.3411483765, 61.1455459595, 127.012008667, 130.407516479, 199.107788086, 166.2472229, 276.800384521, 435.917572021, 436.079345703, 309.683776855, 727.076416016, 610.443237305, 554.736450195, 1071.83618164, 965.875183105, 1025.66455078, 1087.39953613, 702.249023438, 388.389709473, 273.055633545, 280.869567871, 203.212203979, 293.242462158, 392.02142334, 171.703643799, 111.307434082, 87.8364257812, 137.83026123, 98.12840271, 77.1548156738, 90.862121582, 38.9122047424, 17.0566234589, 7.40945959091, 2.08092498779, 0.194800689816, 0.00343308178708, 0.00022171055025],
        "mean": [0.289977073669, 2.50044751167, 5.83674812317, 7.68339729309, 7.25176000595, 8.18989658356, 13.9855642319, 11.9801073074, 15.1461639404, 18.1489543915, 19.9379272461, 21.064245224, 29.9823627472, 32.3086509705, 33.0340919495, 48.1353378296, 57.2551422119, 77.8130645752, 67.2475204468, 36.7641067505, 27.9556121826, 33.0598945618, 30.394317627, 26.6497268677, 28.1797294617, 30.9549655914, 17.1125564575, 11.873878479, 11.3107976913, 10.2142972946, 7.66257619858, 4.78768157959, 3.79517745972, 2.13273119926, 0.994965076447, 0.425271689892, 0.125009030104, 0.00799061916769, 0.000188636040548, 5.59379332117e-05],
        "median": [0.117897704244, 1.24217295647, 4.11167669296, 5.19695520401, 2.89011597633, 2.79066491127, 4.46437501907, 5.85077381134, 6.56648683548, 6.8546962738, 8.95761585236, 9.65023231506, 9.83048152924, 14.9392156601, 13.8355531693, 21.5482711792, 27.8442783356, 29.1474990845, 29.1260032654, 22.927980423, 22.0707874298, 26.470659256, 22.5977649689, 23.2536506653, 23.4803581238, 21.2309112549, 12.5560121536, 8.74766921997, 7.47158479691, 7.30047750473, 5.59052181244, 3.04552483559, 2.54073691368, 1.36233282089, 0.540303111076, 0.198259696364, 0.0645142346621, 0.00382463959977, 0.00011400639778, 5.39477041457e-05],
        "min": [3.51921835318e-06, 3.55735173798e-05, 9.34344061534e-05, 0.000244829891017, 0.00139567558654, 0.00221117399633, 0.00160010845866, 0.00318719143979, 0.00948605593294, 0.0197568424046, 0.064808472991, 0.0113109052181, 0.0127830915153, 0.00514434557408, 0.0179588571191, 0.0807276293635, 0.0774093568325, 0.0208689644933, 0.0163271073252, 0.0357555262744, 0.0214056093246, 0.0195802692324, 0.0112923914567, 0.0105631519109, 0.00845276843756, 0.00874066352844, 0.00307965185493, 0.000923789630178, 0.000673944654409, 0.000348039233359, 0.000183750365977, 8.83808315848e-05, 3.83097321901e-05, 2.15072395804e-05, 5.80621826884e-06, 5.11564280714e-07, 1.71227100054e-07, 2.91406436759e-08, 5.32469854875e-08, 1.11429393712e-07],
        "var": [0.181801185012, 17.4481716156, 65.180519104, 85.5030670166, 226.700485229, 260.863769531, 633.694030762, 362.734222412, 886.85546875, 1525.41137695, 1235.3503418, 992.603759766, 4344.56787109, 2601.15991211, 3401.67749023, 7565.32177734, 7098.30371094, 17963.8964844, 12573.0146484, 2550.14746094, 773.915527344, 956.68182373, 957.547668457, 513.350280762, 744.284118652, 1319.31176758, 334.6355896, 142.511932373, 157.948104858, 127.945701599, 86.2062911987, 54.8087005615, 32.1993560791, 12.1119327545, 2.98158454895, 0.572865128517, 0.04516749084, 0.000221944239456, 8.54733954725e-08, 1.0801735062e-09]
    },
    "gfcc": {
        "mean": [26.4260864258, 76.6645736694, -124.989761353, 42.3265838623, -51.4017486572, 25.9231014252, -35.0706481934, 12.8718824387, -25.5020236969, 7.22273921967, -13.9175882339, -1.807112813, -13.9013652802],
        "cov": [[7673.25244141, -2382.82324219, 168.879486084, 155.69732666, -833.76159668, 331.661651611, -957.057006836, 72.9214477539, -570.683776855, 392.905303955, -356.893951416, 529.495056152, -220.745132446], [-2382.82324219, 2041.0501709, 214.806015015, 155.017929077, 730.942932129, -54.3557891846, 683.196899414, -40.9162597656, 322.750732422, -255.722045898, 187.202102661, -311.948699951, 96.4776535034], [168.879486084, 214.806015015, 686.302856445, 254.781494141, 235.846939087, 163.252502441, 108.598571777, 92.6835021973, 39.9272460938, 36.0134849548, -23.9872398376, 30.0310897827, -36.7552261353], [155.69732666, 155.017929077, 254.781494141, 498.967681885, 140.305755615, 80.8941116333, 58.8843078613, 11.9937562943, 84.5727157593, -34.3334236145, 9.24107837677, -34.6389846802, 32.654914856], [-833.76159668, 730.942932129, 235.846939087, 140.305755615, 522.322143555, 84.1803588867, 343.522705078, 59.4119148254, 155.32711792, -50.3002471924, 63.5926361084, -126.937255859, 13.1154260635], [331.661651611, -54.3557891846, 163.252502441, 80.8941116333, 84.1803588867, 192.357498169, 73.3457336426, 83.4071502686, 30.1381912231, 49.3487892151, 0.966013431549, 4.89918041229, -34.5985984802], [-957.057006836, 683.196899414, 108.598571777, 58.8843078613, 343.522705078, 73.3457336426, 404.680450439, 71.4110031128, 152.103134155, -75.6798400879, 81.6581039429, -120.428878784, 18.5831604004], [72.9214477539, -40.9162597656, 92.6835021973, 11.9937562943, 59.4119148254, 83.4071502686, 71.4110031128, 135.074539185, 46.9274940491, 52.3179588318, 11.9172086716, 14.3836727142, -11.912569046], [-570.683776855, 322.750732422, 39.9272460938, 84.5727157593, 155.32711792, 30.1381912231, 152.103134155, 46.9274940491, 160.39151001, -1.25097286701, 60.4138259888, -66.5825958252, 20.2133178711], [392.905303955, -255.722045898, 36.0134849548, -34.3334236145, -50.3002471924, 49.3487892151, -75.6798400879, 52.3179588318, -1.25097286701, 131.118041992, 14.1552934647, 65.8594665527, -27.43384552], [-356.893951416, 187.202102661, -23.9872398376, 9.24107837677, 63.5926361084, 0.966013431549, 81.6581039429, 11.9172086716, 60.4138259888, 14.1552934647, 105.3072052, -6.88837480545, 17.2933540344], [529.495056152, -311.948699951, 30.0310897827, -34.6389846802, -126.937255859, 4.89918041229, -120.428878784, 14.3836727142, -66.5825958252, 65.8594665527, -6.88837480545, 134.435012817, 6.01506090164], [-220.745132446, 96.4776535034, -36.7552261353, 32.654914856, 13.1154260635, -34.5985984802, 18.5831604004, -11.912569046, 20.2133178711, -27.43384552, 17.2933540344, 6.01506090164, 83.6095046997]],
        "icov": [[0.00039059080882, -0.000259739288595, 0.000392295740312, -0.000524846371263, 9.56412186497e-05, -0.000783030700404, 0.000452459382359, -0.000304815592244, 0.000962542835623, -0.000665285799187, 0.000919030222576, -0.00098679063376, 0.000655276526231], [-0.000259739288595, 0.00315142143518, -0.00159720797092, 0.00115949695464, -0.00143185188062, 0.00206179171801, -0.00234439689666, 0.00235747126862, -0.00253262347542, 0.00275531806983, -0.00304450816475, 0.00252218684182, -0.00157783855684], [0.000392295740312, -0.00159720797092, 0.00394873088226, -0.00214468687773, -0.000804230454378, -0.00216855481267, 0.00106453546323, -0.00168520666193, 0.00192601745948, -0.00172852142714, 0.00351539370604, -0.00437508989125, 0.0027592186816], [-0.000524846371263, 0.00115949695464, -0.00214468687773, 0.00433897366747, -0.000755236367695, -0.000200025882805, 0.000627548492048, 0.00156167754903, -0.00393646443263, 0.00356347486377, -0.00252767419443, 0.0023430022411, -0.00276722363196], [9.56412186497e-05, -0.00143185188062, -0.000804230454378, -0.000755236367695, 0.00644776737317, -0.000652543734759, -0.0029643937014, -0.000162446682225, 0.000827109150123, -0.00309056835249, 0.001306077349, 0.00176862673834, -0.000410991167882], [-0.000783030700404, 0.00206179171801, -0.00216855481267, -0.000200025882805, -0.000652543734759, 0.0123731680214, -0.00468659680337, -0.00147221807856, -0.00127684278414, -0.00134348124266, -0.00171871855855, 0.00309829460457, 0.000733217457309], [0.000452459382359, -0.00234439689666, 0.00106453546323, 0.000627548492048, -0.0029643937014, -0.00468659680337, 0.0128534492105, -0.00570362154394, -0.00072604988236, 0.00523466058075, -0.0021735127084, -0.000899383041542, 0.00138622813392], [-0.000304815592244, 0.00235747126862, -0.00168520666193, 0.00156167754903, -0.000162446682225, -0.00147221807856, -0.00570362154394, 0.0162437073886, -0.00547804450616, -0.00309018488042, 0.000747114361729, -0.000583149434533, -0.001679660636], [0.000962542835623, -0.00253262347542, 0.00192601745948, -0.00393646443263, 0.000827109150123, -0.00127684278414, -0.00072604988236, -0.00547804450616, 0.0200252123177, -0.00880490988493, -0.000588606577367, 0.00391115760431, -0.00131936208345], [-0.000665285799187, 0.00275531806983, -0.00172852142714, 0.00356347486377, -0.00309056835249, -0.00134348124266, 0.00523466058075, -0.00309018488042, -0.00880490988493, 0.0234608631581, -0.00856400094926, -0.00396387046203, 0.00312072131783], [0.000919030222576, -0.00304450816475, 0.00351539370604, -0.00252767419443, 0.001306077349, -0.00171871855855, -0.0021735127084, 0.000747114361729, -0.000588606577367, -0.00856400094926, 0.0205444414169, -0.00797607004642, 0.00180234014988], [-0.00098679063376, 0.00252218684182, -0.00437508989125, 0.0023430022411, 0.00176862673834, 0.00309829460457, -0.000899383041542, -0.000583149434533, 0.00391115760431, -0.00396387046203, -0.00797607004642, 0.0234687551856, -0.0095174536109], [0.000655276526231, -0.00157783855684, 0.0027592186816, -0.00276722363196, -0.000410991167882, 0.000733217457309, 0.00138622813392, -0.001679660636, -0.00131936208345, 0.00312072131783, 0.00180234014988, -0.0095174536109, 0.0192801654339]]
    },
    "melbands": {
        "dmean": [0.00152888742741, 0.00174060766585, 0.00077350041829, 0.000533066922799, 0.000255429215031, 0.000176878922503, 0.000117111711006, 0.000116962117318, 0.000102409743704, 8.2410108007e-05, 0.000100760902569, 8.39946151245e-05, 6.86012790538e-05, 7.69824764575e-05, 9.23560801311e-05, 8.62882952788e-05, 0.000101233854366, 8.23763766675e-05, 4.86060307594e-05, 1.85839598998e-05, 1.6826639694e-05, 1.86614815902e-05, 1.43751040014e-05, 1.45302974488e-05, 9.84880080068e-06, 8.8416500148e-06, 1.22428882605e-05, 1.07438236228e-05, 5.85517864238e-06, 4.27447275797e-06, 3.36747643814e-06, 3.13015561915e-06, 2.81722827822e-06, 2.54670226241e-06, 2.2278313736e-06, 1.89980869436e-06, 1.50927746745e-06, 1.46189745465e-06, 1.28558576762e-06, 9.46520628986e-07],
        "dmean2": [0.00226804544218, 0.00265040877275, 0.00127429550048, 0.000917879282497, 0.000413972593378, 0.000291631993605, 0.000187102748896, 0.00018661962531, 0.00015768398589, 0.000133239678689, 0.000154558409122, 0.000131446882733, 0.00011027729488, 0.00012165109365, 0.000146678969031, 0.000140342410305, 0.00015729459119, 0.000135154841701, 8.14356899355e-05, 3.07870177494e-05, 2.78539373539e-05, 3.18343081744e-05, 2.34811268456e-05, 2.37954882323e-05, 1.65982619365e-05, 1.47408427438e-05, 2.07325065276e-05, 1.75302484422e-05, 9.6416561064e-06, 6.91941431796e-06, 5.36354855285e-06, 4.96380698678e-06, 4.31834496339e-06, 3.92289803131e-06, 3.44222985404e-06, 2.93898324344e-06, 2.32806974054e-06, 2.25607050197e-06, 1.99174110094e-06, 1.50595008108e-06],
        "dvar": [9.15118107514e-06, 1.44160849231e-05, 2.08529945667e-06, 1.86146780834e-06, 1.90130165834e-07, 1.01303349709e-07, 6.15204456267e-08, 8.20839858306e-08, 4.3652011783e-08, 2.59232653121e-08, 4.81772630678e-08, 2.48135645364e-08, 1.81549157929e-08, 4.17234637951e-08, 4.51627428788e-08, 3.37621948177e-08, 3.99269417528e-08, 3.19204360721e-08, 1.5916963747e-08, 8.94494034398e-10, 6.23698315216e-10, 5.56573120924e-10, 4.16738671349e-10, 4.40686709346e-10, 1.61107960306e-10, 1.15412755741e-10, 3.43668038472e-10, 3.76066816576e-10, 9.17612930085e-11, 3.96290708582e-11, 2.2598603544e-11, 1.99090986752e-11, 2.00653781784e-11, 1.657458025e-11, 1.5764362038e-11, 1.76490575626e-11, 1.04528417172e-11, 1.34401456978e-11, 1.09950703056e-11, 6.43538954764e-12],
        "dvar2": [1.88807753148e-05, 3.34206779371e-05, 4.96289158036e-06, 5.05058505951e-06, 4.71172882044e-07, 2.61859440798e-07, 1.58515021553e-07, 2.13544652183e-07, 1.12067930047e-07, 5.79222714236e-08, 8.89476154953e-08, 5.07841342312e-08, 4.45576624486e-08, 1.04636647791e-07, 1.12512289263e-07, 8.75841195125e-08, 8.83035227162e-08, 7.55246389872e-08, 4.49322357099e-08, 2.38448283341e-09, 1.72246938934e-09, 1.52563861544e-09, 1.04198438766e-09, 1.0676936002e-09, 4.31636559828e-10, 3.09002934351e-10, 8.99194274595e-10, 9.92229742813e-10, 2.39432057514e-10, 1.03412368946e-10, 5.60992537146e-11, 4.86987949966e-11, 4.63719167232e-11, 4.04694264211e-11, 3.65003617608e-11, 3.6498321726e-11, 2.2145814696e-11, 3.34734392982e-11, 2.7378590714e-11, 1.53600049346e-11],
        "max": [0.0295952372253, 0.0315547212958, 0.0126719400287, 0.0105737447739, 0.00521784508601, 0.00340821081772, 0.00386657123454, 0.00412603607401, 0.00287035689689, 0.00188594311476, 0.00412194244564, 0.00249289767817, 0.00176607863978, 0.00354197062552, 0.00301377754658, 0.00241969618946, 0.00223323423415, 0.00254633813165, 0.00203862483613, 0.000498380511999, 0.000360708800144, 0.000254808634054, 0.0003711876343, 0.000372119277017, 0.00018095113046, 0.000164272001712, 0.000299524777802, 0.000333178497385, 0.000123352132505, 6.68095162837e-05, 7.4879542808e-05, 5.3330011724e-05, 7.08104053047e-05, 7.12150576874e-05, 6.08166701568e-05, 6.51125446893e-05, 5.01825888932e-05, 7.09671003278e-05, 4.19685966335e-05, 3.78212935175e-05],
        "mean": [0.0028618122451, 0.00320826191455, 0.00133828795515, 0.00055050291121, 0.00045841812971, 0.000289835646981, 0.00022448215168, 0.000201947710593, 0.000167029211298, 0.000130652901134, 0.000156538037118, 0.000138109680847, 0.000110358574602, 0.000114155838673, 0.000146336242324, 0.000124326965306, 0.000151360043674, 0.000123292586068, 6.93535912433e-05, 3.41038430633e-05, 3.11016738124e-05, 3.48790708813e-05, 2.7883117582e-05, 2.7063773814e-05, 2.07587945624e-05, 1.85322060133e-05, 2.40381123149e-05, 1.99266432901e-05, 1.10987039079e-05, 8.00963425718e-06, 6.47568322165e-06, 6.43146813673e-06, 6.0687966652e-06, 5.48359867025e-06, 4.68792677566e-06, 3.49056494997e-06, 2.67752170657e-06, 2.72165493698e-06, 2.32408683587e-06, 1.60984370723e-06],
        "median": [0.00132398400456, 0.00228380598128, 0.00089964363724, 0.000181711977348, 0.000163007091032, 0.00013981682423, 9.98919131234e-05, 6.65824481985e-05, 7.6458651165e-05, 5.24175738974e-05, 4.38016322732e-05, 5.71246928303e-05, 3.95262104576e-05, 4.09679996665e-05, 4.50123807241e-05, 4.95682761539e-05, 4.70259474241e-05, 3.94706148654e-05, 3.01739819406e-05, 2.29573561228e-05, 2.32475558732e-05, 2.73280838883e-05, 1.87350178749e-05, 1.93182131625e-05, 1.70829571289e-05, 1.58392231242e-05, 1.59771989274e-05, 1.20789354696e-05, 7.66754146753e-06, 5.95830579186e-06, 4.46225158157e-06, 4.20805645263e-06, 3.95203142034e-06, 3.94786275137e-06, 3.39143116435e-06, 2.11705037145e-06, 1.63874938153e-06, 1.75888021658e-06, 1.52316204094e-06, 9.62731746768e-07],
        "min": [3.51277158472e-08, 5.8221178989e-08, 9.05522981043e-08, 1.82582283514e-07, 5.80084815738e-08, 7.56456444151e-08, 1.25722948496e-07, 2.38180604129e-07, 3.79252298899e-07, 4.76440753516e-08, 3.71373189978e-08, 3.39140027172e-09, 5.54723804669e-08, 9.91560256125e-08, 2.96610966899e-08, 3.41386723335e-08, 1.89092510539e-08, 1.85256716634e-08, 3.88010690244e-08, 4.04733881965e-08, 2.11173283304e-08, 1.70025220569e-08, 1.54914037154e-08, 7.6975270602e-09, 8.45844727593e-09, 4.23172741293e-09, 9.65465130065e-09, 4.33899138841e-09, 1.1703759073e-09, 5.75775871425e-10, 3.89335064188e-10, 4.11044642767e-10, 2.25136895238e-10, 1.26879132201e-10, 1.01293667898e-10, 2.80567999389e-11, 3.58591975558e-11, 1.82256067877e-11, 7.55189140389e-12, 9.03676352498e-12],
