{
"highlevel": {
    "danceability": {
        "all": {
            "danceable": 0.999807834625,
            "not_danceable": 0.000192155581317
        },
        "probability": 0.999807834625,
        "value": "danceable"
    },
    "gender": {
        "all": {
            "female": 0.621521532536,
            "male": 0.378478437662
        },
        "probability": 0.621521532536,
        "value": "female"
    },
    "genre_dortmund": {
        "all": {
            "alternative": 0.174244821072,
            "blues": 0.474953263998,
            "electronic": 0.0283833481371,
            "folkcountry": 0.0985465347767,
            "funksoulrnb": 0.0195955391973,
            "jazz": 0.0256862100214,
            "pop": 0.0272510480136,
            "raphiphop": 0.00144316162914,
            "rock": 0.149896070361
        },
        "probability": 0.474953263998,
        "value": "blues"
    },
    "genre_electronic": {
        "all": {
            "ambient": 0.620653152466,
            "dnb": 0.258690714836,
            "house": 0.0375386886299,
            "techno": 0.011678321287,
            "trance": 0.071439139545
        },
        "probability": 0.620653152466,
        "value": "ambient"
    },
    "genre_rosamerica": {
        "all": {
            "cla": 0.192692518234,
            "dan": 0.0218747463077,
            "hip": 0.0311908666044,
            "jaz": 0.0577831752598,
            "pop": 0.171944394708,
            "rhy": 0.0501917414367,
            "roc": 0.462753713131,
            "spe": 0.0115688312799
        },
        "probability": 0.462753713131,
        "value": "roc"
    },
    "genre_tzanetakis": {
        "all": {
            "blu": 0.0626613423228,
            "cla": 0.0348169617355,
            "cou": 0.104475811124,
            "dis": 0.0784321576357,
            "hip": 0.15692435205,
            "jaz": 0.313974827528,
            "met": 0.0448166541755,
            "pop": 0.0627359300852,
            "reg": 0.0627360641956,
            "roc": 0.0784258767962
        },
        "probability": 0.313974827528,
        "value": "jaz"
    },
    "ismir04_rhythm": {
        "all": {
            "ChaChaCha": 0.106107637286,
            "Jive": 0.0811225399375,
            "Quickstep": 0.0102715939283,
            "Rumba-American": 0.0238510705531,
            "Rumba-International": 0.00571035407484,
            "Rumba-Misc": 0.00215167133138,
            "Samba": 0.0541239418089,
            "Tango": 0.678405463696,
            "VienneseWaltz": 0.030770637095,
            "Waltz": 0.00748509122059
        },
        "probability": 0.678405463696,
        "value": "Tango"
    },
    "mood_acoustic": {
        "all": {
            "acoustic": 0.159642055631,
            "not_acoustic": 0.84035795927
        },
        "probability": 0.84035795927,
        "value": "not_acoustic"
    },
    "mood_aggressive": {
        "all": {
            "aggressive": 0.700619876385,
            "not_aggressive": 0.299380153418
        },
        "probability": 0.700619876385,
        "value": "aggressive"
    },
    "mood_electronic": {
        "all": {
            "electronic": 0.0925905704498,
            "not_electronic": 0.90740942955
        },
        "probability": 0.90740942955,
        "value": "not_electronic"
    },
    "mood_happy": {
        "all": {
            "happy": 0.313120216131,
            "not_happy": 0.686879754066
        },
        "probability": 0.686879754066,
        "value": "not_happy"
    },
    "mood_party": {
        "all": {
            "not_party": 0.729469776154,
            "party": 0.270530223846
        },
        "probability": 0.729469776154,
        "value": "not_party"
    },
    "mood_relaxed": {
        "all": {
            "not_relaxed": 0.366457015276,
            "relaxed": 0.633543014526
        },
        "probability": 0.633543014526,
        "value": "relaxed"
    },
    "mood_sad": {
        "all": {
            "not_sad": 0.69395083189,
            "sad": 0.306049197912
        },
        "probability": 0.69395083189,
        "value": "not_sad"
    },
    "moods_mirex": {
        "all": {
            "Cluster1": 0.15557281673,
            "Cluster2": 0.15913425386,
            "Cluster3": 0.267035275698,
            "Cluster4": 0.181917116046,
            "Cluster5": 0.236340522766
        },
        "probability": 0.267035275698,
        "value": "Cluster3"
    },
    "timbre": {
        "all": {
            "bright": 0.877686142921,
            "dark": 0.122313857079
        },
        "probability": 0.877686142921,
        "value": "bright"
    },
    "tonal_atonal": {
        "all": {
            "atonal": 0.542475938797,
            "tonal": 0.457524061203
        },
        "probability": 0.542475938797,
        "value": "atonal"
    },
    "voice_instrumental": {
        "all": {
            "instrumental": 0.757129132748,
            "voice": 0.242870867252
        },
        "probability": 0.757129132748,
        "value": "instrumental"
    }
},
"lowlevel": {
    "average_loudness": 0.984015762806,
    "barkbands_crest": {
        "dmean": 1.74125552177,
        "dmean2": 2.66200304031,
        "dvar": 2.40882611275,
        "dvar2": 5.78434324265,
        "max": 20.7755393982,
        "mean": 9.08436870575,
        "median": 8.30170440674,
        "min": 2.44710993767,
        "var": 12.7231369019
    },
    "barkbands_flatness_db": {
        "dmean": 0.0144507214427,
        "dmean2": 0.0201174821705,
        "dvar": 0.000169190592715,
        "dvar2": 0.000318457256071,
        "max": 0.26713052392,
        "mean": 0.135459855199,
        "median": 0.132383674383,
        "min": 0.0530837289989,
        "var": 0.00147696700878
    },
    "barkbands_kurtosis": {
        "dmean": 0.911282122135,
        "dmean2": 1.3820772171,
        "dvar": 2.8737449646,
        "dvar2": 6.0474281311,
        "max": 45.1996307373,
        "mean": 0.786344647408,
        "median": -0.675459623337,
        "min": -1.82086837292,
        "var": 24.7541484833
    },
    "barkbands_skewness": {
        "dmean": 0.343198776245,
        "dmean2": 0.511624872684,
        "dvar": 0.123962849379,
        "dvar2": 0.266996920109,
        "max": 6.08591032028,
        "mean": 0.577813506126,
        "median": 0.440828531981,
        "min": -2.02000331879,
        "var": 1.33988273144
    },
    "barkbands_spread": {
        "dmean": 4.91022205353,
        "dmean2": 6.98411607742,
        "dvar": 22.6754074097,
        "dvar2": 44.4144973755,
        "max": 82.6829986572,
        "mean": 31.1721019745,
        "median": 32.0122947693,
        "min": 3.36032795906,
        "var": 136.793502808
    },
    "dissonance": {
        "dmean": 0.0129857892171,
        "dmean2": 0.021667284891,
        "dvar": 0.000145847385284,
        "dvar2": 0.000409804633819,
        "max": 0.499223411083,
        "mean": 0.472725182772,
        "median": 0.475343257189,
        "min": 0.394594490528,
        "var": 0.000269704469247
    },
    "dynamic_complexity": 1.38736963272,
    "erbbands_crest": {
        "dmean": 2.66006445885,
        "dmean2": 4.25353240967,
        "dvar": 6.42703962326,
        "dvar2": 16.3435592651,
        "max": 29.9811325073,
        "mean": 10.5697536469,
        "median": 9.07015132904,
        "min": 2.44694662094,
        "var": 30.8224754333
    },
    "erbbands_flatness_db": {
        "dmean": 0.0166343078017,
        "dmean2": 0.0213987138122,
        "dvar": 0.000267112191068,
        "dvar2": 0.000378674390959,
        "max": 0.336264520884,
        "mean": 0.177790284157,
        "median": 0.175592198968,
        "min": 0.0591150410473,
        "var": 0.00276567484252
    },
    "erbbands_kurtosis": {
        "dmean": 0.963290631771,
        "dmean2": 1.52105259895,
        "dvar": 1.82536935806,
        "dvar2": 4.4847946167,
        "max": 16.1339550018,
        "mean": 0.734326481819,
        "median": -0.0242786407471,
        "min": -1.50237488747,
        "var": 4.88934230804
    },
    "erbbands_skewness": {
        "dmean": 0.346760183573,
        "dmean2": 0.519849479198,
        "dvar": 0.0932956710458,
        "dvar2": 0.221053928137,
        "max": 1.50162827969,
        "mean": -0.544369339943,
        "median": -0.445788800716,
        "min": -3.71875405312,
        "var": 0.752666175365
    },
    "erbbands_spread": {
        "dmean": 5.44228172302,
        "dmean2": 8.13802909851,
        "dvar": 31.0804080963,
        "dvar2": 63.6229858398,
        "max": 102.574668884,
        "mean": 30.6233959198,
        "median": 27.8535499573,
        "min": 5.3590836525,
        "var": 219.968383789
    },
    "hfc": {
        "dmean": 5.32119703293,
        "dmean2": 8.14015579224,
        "dvar": 35.1946678162,
        "dvar2": 80.907081604,
        "max": 78.7480926514,
        "mean": 25.9402923584,
        "median": 24.4928722382,
        "min": 1.58458566666,
        "var": 218.072219849
    },
    "melbands_crest": {
        "dmean": 2.1571187973,
        "dmean2": 3.46147608757,
        "dvar": 5.30720806122,
        "dvar2": 14.102350235,
        "max": 24.2591590881,
        "mean": 11.8218154907,
        "median": 11.3981561661,
        "min": 4.1722278595,
        "var": 13.6500406265
    },
    "melbands_flatness_db": {
        "dmean": 0.0167715474963,
        "dmean2": 0.0224951524287,
        "dvar": 0.00026619588607,
        "dvar2": 0.000560860615224,
        "max": 0.370239883661,
        "mean": 0.172926068306,
        "median": 0.167303085327,
        "min": 0.041879311204,
        "var": 0.00264994520694
    },
    "melbands_kurtosis": {
        "dmean": 2.48996806145,
        "dmean2": 3.93789362907,
        "dvar": 25.9452400208,
        "dvar2": 64.1473999023,
        "max": 117.073120117,
        "mean": 5.42868804932,
        "median": 1.59295988083,
        "min": -1.8210003376,
        "var": 166.885559082
    },
    "melbands_skewness": {
        "dmean": 0.439502626657,
        "dmean2": 0.668057084084,
        "dvar": 0.252203881741,
        "dvar2": 0.589279353619,
        "max": 8.98412895203,
        "mean": 1.70981729031,
        "median": 1.47798752785,
        "min": -0.84603112936,
        "var": 1.93791234493
    },
    "melbands_spread": {
        "dmean": 7.77726268768,
        "dmean2": 11.5603599548,
        "dvar": 65.3276138306,
        "dvar2": 142.23336792,
        "max": 138.489105225,
        "mean": 42.7856063843,
        "median": 42.7788085938,
        "min": 2.10421872139,
        "var": 465.857177734
    },
    "pitch_salience": {
        "dmean": 0.0506328195333,
        "dmean2": 0.081067122519,
        "dvar": 0.00234965328127,
        "dvar2": 0.00548861827701,
        "max": 0.803422987461,
        "mean": 0.496733665466,
        "median": 0.48505204916,
        "min": 0.249780654907,
        "var": 0.0109549555928
    },
    "silence_rate_20dB": {
        "dmean": 0,
        "dmean2": 0,
        "dvar": 0,
        "dvar2": 0,
        "max": 1,
        "mean": 1,
        "median": 1,
        "min": 1,
        "var": 0
    },
    "silence_rate_30dB": {
        "dmean": 0,
        "dmean2": 0,
        "dvar": 0,
        "dvar2": 0,
        "max": 1,
        "mean": 1,
        "median": 1,
        "min": 1,
        "var": 0
    },
    "silence_rate_60dB": {
        "dmean": 0.00154798757285,
        "dmean2": 0.00309837330133,
        "dvar": 0.00154559069779,
        "dvar2": 0.00463795661926,
        "max": 1,
        "mean": 0.00077339517884,
        "median": 0,
        "min": 0,
        "var": 0.000772796978708
    },
    "spectral_centroid": {
        "dmean": 185.759765625,
        "dmean2": 278.325866699,
        "dvar": 36590.5390625,
        "dvar2": 72596.859375,
        "max": 3233.40649414,
        "mean": 1894.36132812,
        "median": 2012.10900879,
        "min": 463.472625732,
        "var": 316302.71875
    },
    "spectral_complexity": {
        "dmean": 3.02476787567,
        "dmean2": 4.75290489197,
        "dvar": 8.74396800995,
        "dvar2": 17.0813140869,
        "max": 52,
        "mean": 21.8692970276,
        "median": 21,
        "min": 4,
        "var": 57.3402404785
    },
    "spectral_decrease": {
        "dmean": 9.22086240696e-10,
        "dmean2": 1.47862599942e-09,
        "dvar": 1.21944103276e-18,
        "dvar2": 3.17186272953e-18,
        "max": -7.24085236214e-10,
        "mean": -5.30643751162e-09,
        "median": -5.36142774621e-09,
        "min": -1.33256135015e-08,
        "var": 2.20877427438e-18
    },
    "spectral_energy": {
        "dmean": 0.00376445520669,
        "dmean2": 0.00607525836676,
        "dvar": 1.89814581972e-05,
        "dvar2": 4.88521254738e-05,
        "max": 0.0538942143321,
        "mean": 0.0223805941641,
        "median": 0.0226220674813,
        "min": 0.00287659280002,
        "var": 3.90356290154e-05
    },
    "spectral_energyband_high": {
        "dmean": 0.000256268365774,
        "dmean2": 0.000310376402922,
        "dvar": 2.02753810186e-07,
        "dvar2": 3.47348816376e-07,
        "max": 0.00906723644584,
        "mean": 0.00065057905158,
        "median": 0.000303319829982,
        "min": 9.86332906905e-06,
        "var": 8.39929896301e-07
    },
    "spectral_energyband_low": {
        "dmean": 0.0020171427168,
        "dmean2": 0.00313590234146,
        "dvar": 1.18988746181e-05,
        "dvar2": 3.16085097438e-05,
        "max": 0.0388198979199,
        "mean": 0.00710554700345,
        "median": 0.00638541579247,
        "min": 3.77403994207e-05,
        "var": 2.83260724245e-05
    },
    "spectral_energyband_middle_high": {
        "dmean": 0.00194136111531,
        "dmean2": 0.00308554200456,
        "dvar": 5.09713618158e-06,
        "dvar2": 1.1876906683e-05,
        "max": 0.0328015834093,
        "mean": 0.00858572125435,
        "median": 0.0077700316906,
        "min": 0.00027805074933,
        "var": 3.34530195687e-05
    },
    "spectral_energyband_middle_low": {
        "dmean": 0.00217514834367,
        "dmean2": 0.00337362173013,
        "dvar": 7.61887395129e-06,
        "dvar2": 1.84890450328e-05,
        "max": 0.0304945055395,
        "mean": 0.00651594996452,
        "median": 0.00569742545485,
        "min": 0.000836004968733,
        "var": 1.44760533658e-05
    },
    "spectral_entropy": {
        "dmean": 0.129823684692,
        "dmean2": 0.166116297245,
        "dvar": 0.0159284155816,
        "dvar2": 0.0233709979802,
        "max": 8.44608306885,
        "mean": 7.47637224197,
        "median": 7.48320913315,
        "min": 6.00569057465,
        "var": 0.175731688738
    },
    "spectral_flux": {
        "dmean": 0.0190258938819,
        "dmean2": 0.0305927433074,
        "dvar": 0.000401029770728,
        "dvar2": 0.000993995810859,
        "max": 0.192166179419,
        "mean": 0.0757388547063,
        "median": 0.0715098753572,
        "min": 0.014720402658,
        "var": 0.000976577866822
    },
    "spectral_kurtosis": {
        "dmean": 1.99145030975,
        "dmean2": 3.36721134186,
        "dvar": 4.84298372269,
        "dvar2": 14.2440471649,
        "max": 22.7414093018,
        "mean": 5.11712551117,
        "median": 4.4082775116,
        "min": -0.543358564377,
        "var": 11.159072876
    },
    "spectral_rms": {
        "dmean": 0.000390740286093,
        "dmean2": 0.000620023463853,
        "dvar": 1.79924541044e-07,
        "dvar2": 4.40453050032e-07,
        "max": 0.00725118769333,
        "mean": 0.00462088314816,
        "median": 0.00469790492207,
        "min": 0.00167524081189,
        "var": 4.82119560274e-07
    },
    "spectral_rolloff": {
        "dmean": 289.363952637,
        "dmean2": 455.932769775,
        "dvar": 242432.765625,
        "dvar2": 473197,
        "max": 8118.01757812,
        "mean": 2089.68798828,
        "median": 2368.65234375,
        "min": 107.666015625,
        "var": 978039.5625
    },
    "spectral_skewness": {
        "dmean": 0.234634324908,
        "dmean2": 0.385461330414,
        "dvar": 0.0467944145203,
        "dvar2": 0.130219429731,
        "max": 3.13887929916,
        "mean": 1.41672801971,
        "median": 1.39907252789,
        "min": 0.129710882902,
        "var": 0.138042405248
    },
    "spectral_spread": {
        "dmean": 414613.8125,
        "dmean2": 523090.59375,
        "dvar": 219473248256,
        "dvar2": 277894594560,
        "max": 8432519,
        "mean": 3623188.5,
        "median": 3398114.25,
        "min": 1574654.125,
        "var": 1.35621037261e+12
    },
    "spectral_strongpeak": {
        "dmean": 1.23821902275,
        "dmean2": 2.1376054287,
        "dvar": 4.22813034058,
        "dvar2": 10.0679597855,
        "max": 15.4879045486,
        "mean": 2.61303400993,
        "median": 0.458643883467,
        "min": 0,
        "var": 13.0268363953
    },
    "zerocrossingrate": {
        "dmean": 0.00766473077238,
        "dmean2": 0.00882083270699,
        "dvar": 6.44520987407e-05,
        "dvar2": 7.43044656701e-05,
        "max": 0.22607421875,
        "mean": 0.0752002224326,
        "median": 0.0771484375,
        "min": 0.0078125,
        "var": 0.000732130662072
    },
    "barkbands": {
        "dmean": [7.39697206882e-05, 0.00131935020909, 0.000824676128104, 0.000498234643601, 0.000600635015871, 0.000720735522918, 0.000395308074076, 0.000366408115951, 0.000603310181759, 0.000597661244683, 0.000235043218709, 0.000325200671796, 0.000265944603598, 0.000300725834677, 0.000265712355031, 0.00043839609134, 0.00140535284299, 0.000403379730415, 0.0002140335273, 0.000124491052702, 5.81992935622e-05, 7.23854100215e-05, 5.60380722163e-05, 3.69149784092e-05, 1.79926646524e-05, 1.16362552944e-05, 1.22744858722e-09],
        "dmean2": [0.000114594811748, 0.00192523538135, 0.00136745849159, 0.000850362994242, 0.000993664609268, 0.00110565137584, 0.000613472482655, 0.000545996415894, 0.000959862198215, 0.000941775622778, 0.000388860469684, 0.000538673659321, 0.000455315544968, 0.00050962693058, 0.000426332087955, 0.00067441095598, 0.00218507274985, 0.000623174419161, 0.000321585888742, 0.000193939966266, 8.67593334988e-05, 9.89058171399e-05, 7.32277912903e-05, 4.65610864921e-05, 2.31270933e-05, 1.54576428031e-05, 1.97058280804e-09],
        "dvar": [7.38193817185e-09, 2.66679808192e-06, 4.25296548201e-06, 1.43575232414e-06, 1.0116489193e-06, 1.45863771195e-06, 5.4232225466e-07, 4.63034155018e-07, 7.70490771629e-07, 8.42898714382e-07, 9.98655380613e-08, 2.6976019285e-07, 1.64436698924e-07, 1.69343337575e-07, 2.07755263659e-07, 1.4291442767e-06, 5.01762451677e-06, 6.13666600202e-07, 1.31897934352e-07, 5.93665383519e-08, 1.34593589607e-08, 2.30342376284e-08, 1.36632625214e-08, 5.72305891566e-09, 1.04722785998e-09, 4.78441952723e-10, 1.65097719613e-16],
        "dvar2": [1.73851510965e-08, 6.39218978904e-06, 1.20357963169e-05, 4.00460703531e-06, 2.82697783405e-06, 3.58486067853e-06, 1.28422936996e-06, 9.66942366176e-07, 2.00855993171e-06, 2.13531848203e-06, 2.60268734564e-07, 6.27129907116e-07, 4.75835150837e-07, 4.73966849768e-07, 5.00962698879e-07, 3.16718637805e-06, 1.09594029709e-05, 1.3959881926e-06, 2.47008529186e-07, 1.45468575852e-07, 2.96175048931e-08, 4.44558416746e-08, 2.45016522626e-08, 9.97896432153e-09, 1.78843873044e-09, 9.32228516604e-10, 1.67427483735e-16],
        "max": [0.00108010193799, 0.0250910110772, 0.0243537500501, 0.0155742429197, 0.0100715663284, 0.0138991493732, 0.0123510574922, 0.0139174629003, 0.0108978757635, 0.010635651648, 0.00329896411858, 0.0111796725541, 0.00385117228143, 0.00523709692061, 0.00817477796227, 0.0195480287075, 0.0288518480957, 0.0112593350932, 0.00733693130314, 0.00428727455437, 0.00221619056538, 0.00319735798985, 0.00286384555511, 0.00155154627282, 0.000356381875463, 0.00024610752007, 4.61255865503e-07],
        "mean": [0.000225443087402, 0.00470199296251, 0.00192084442824, 0.000555229547899, 0.00107300747186, 0.00145155307837, 0.000868497008923, 0.000772483821493, 0.00118609087076, 0.000891614938155, 0.000394141301513, 0.000682912068442, 0.000451481580967, 0.00049312307965, 0.000536411127541, 0.000636990997009, 0.00354491174221, 0.000695229391567, 0.00047848673421, 0.000302889267914, 0.000132227796712, 0.000159852264915, 0.000112442699901, 6.57401760691e-05, 3.07229056489e-05, 1.62751384778e-05, 1.05365050018e-09],
        "median": [0.000199451096705, 0.00430549122393, 0.00143287796527, 0.000222980466788, 0.000756092311349, 0.000810778990854, 0.000427314254921, 0.000277270999504, 0.000667015556246, 0.000417174567701, 0.000239169312408, 0.000394725910155, 0.000238740671193, 0.000320131483022, 0.000303250970319, 0.000193496496649, 0.00124018115457, 0.000354323594365, 0.000258958723862, 0.000120530377899, 5.57763887628e-05, 5.56719933229e-05, 4.31900662079e-05, 1.80552960956e-05, 7.07503386366e-06, 2.14257397602e-06, 3.06264708039e-10],
        "min": [1.91811206918e-08, 1.44782743519e-05, 3.50626805812e-06, 1.51990934683e-06, 1.56775840878e-05, 4.16984621552e-05, 7.58104351917e-06, 8.89555758476e-06, 3.22879495798e-05, 6.20480977886e-06, 4.66617166239e-06, 9.59772660281e-06, 1.49556208271e-05, 7.27495626052e-06, 6.65381958243e-06, 6.97378573022e-06, 5.6705202951e-06, 3.77825881515e-06, 6.05366403761e-06, 5.52935807718e-06, 1.76143407771e-06, 1.22672486214e-06, 9.13084647891e-07, 3.82585596981e-07, 6.61679564473e-08, 2.49603171465e-10, 1.21017380145e-11],
        "var": [3.37013830176e-08, 1.40056781675e-05, 4.14225360146e-06, 1.16151784368e-06, 1.21568166378e-06, 3.01663908431e-06, 2.03690296985e-06, 1.49907862124e-06, 2.17614638132e-06, 1.56338842316e-06, 1.90520609067e-07, 1.04266757717e-06, 2.88370529233e-07, 2.82467709667e-07, 6.11828227193e-07, 1.83350687166e-06, 2.23598672164e-05, 1.09313191388e-06, 4.77978289837e-07, 2.59377117118e-07, 4.22039434511e-08, 8.25351946787e-08, 3.78572053705e-08, 1.52431169909e-08, 2.72024136549e-09, 9.16374531812e-10, 1.65004903331e-16]
    },
    "erbbands": {
        "dmean": [0.0318831577897, 0.33676213026, 0.946409225464, 1.26601362228, 1.69605720043, 1.96322703362, 4.65075588226, 5.73537921906, 6.90564012527, 5.57116031647, 8.21225833893, 13.6100034714, 23.9436607361, 7.16047954559, 10.252322197, 14.6261959076, 12.0513286591, 14.9457960129, 10.9384183884, 13.7741374969, 29.6238117218, 67.3406677246, 30.6871757507, 13.7879199982, 6.43030261993, 5.65305519104, 3.07692670822, 2.39150452614, 2.68313598633, 1.96741497517, 1.60640335083, 1.00231611729, 0.487603396177, 0.214061915874, 0.122186027467, 0.0649820044637, 0.0215128306299, 0.00191965990234, 3.54132171196e-05, 5.59066984351e-06],
        "dmean2": [0.0471064522862, 0.499958068132, 1.54916262627, 2.18431353569, 2.75732016563, 3.22175121307, 7.4983086586, 8.81235408783, 10.5792751312, 8.40760707855, 12.8408708572, 21.618806839, 37.5846138, 11.3108901978, 16.8499546051, 24.081287384, 20.5771064758, 25.4077014923, 17.5766544342, 22.0270366669, 42.9363822937, 100.754211426, 43.4169616699, 20.6540279388, 10.1077423096, 8.82064533234, 4.78874492645, 3.34482192993, 3.75009918213, 2.71368765831, 2.10253024101, 1.24215090275, 0.642557382584, 0.273432791233, 0.167327031493, 0.0896875187755, 0.0290391650051, 0.00274010119028, 4.79482405353e-05, 8.46523562359e-06],
        "dvar": [0.00147393986117, 0.184529051185, 4.44208288193, 9.80686855316, 9.63139915466, 9.92025184631, 84.360824585, 94.247467041, 183.437988281, 116.061470032, 166.20135498, 432.126678467, 1471.44470215, 147.938980103, 189.117858887, 580.350646973, 319.779876709, 479.649230957, 466.478942871, 540.622070312, 4639.890625, 12296.2988281, 2369.60205078, 577.721679688, 86.2251968384, 109.407775879, 56.6259727478, 19.3318157196, 34.6698455811, 14.1271696091, 12.1372804642, 4.36533260345, 0.996612429619, 0.166412681341, 0.0519590526819, 0.0148296337575, 0.0018562618643, 1.58363800438e-05, 4.77923567388e-09, 4.02718622339e-11],
        "dvar2": [0.00341768981889, 0.453840911388, 12.433719635, 27.634727478, 26.2993373871, 28.5901222229, 216.265533447, 234.248443604, 451.99206543, 262.333862305, 342.903045654, 1135.3236084, 3766.2121582, 331.853820801, 488.044006348, 1395.43383789, 940.738647461, 1368.06628418, 1132.2857666, 1365.98217773, 8704.45507812, 26884.2734375, 4037.62695312, 1025.97021484, 207.509506226, 273.622955322, 142.768035889, 35.3980636597, 70.053062439, 25.130197525, 23.4031162262, 7.66065454483, 1.80783820152, 0.30620315671, 0.0978501960635, 0.0317797772586, 0.0036581067834, 3.53715440724e-05, 1.01064498992e-08, 8.82496575816e-11],
        "max": [0.426302462816, 6.58046293259, 23.8946552277, 35.7828178406, 35.245223999, 47.520565033, 86.5707855225, 122.106521606, 197.661865234, 244.092056274, 259.450256348, 303.302581787, 420.36831665, 340.838256836, 211.272628784, 533.922058105, 183.640594482, 309.67755127, 483.10559082, 528.330200195, 1216.80749512, 1709.13720703, 745.687988281, 588.679870605, 206.769897461, 177.822647095, 152.044189453, 78.1803359985, 121.115394592, 55.1427116394, 90.2933349609, 41.9343833923, 19.1072654724, 4.88978052139, 2.75507545471, 1.27502703667, 0.603131949902, 0.0433385148644, 0.0008158563287, 7.88307224866e-05],
        "mean": [0.130544051528, 1.03402936459, 2.6175224781, 1.72083437443, 2.52125549316, 3.63184833527, 7.82912254333, 11.7347230911, 15.1975860596, 11.9587173462, 19.2757720947, 27.3461055756, 35.2012901306, 14.4976644516, 19.6861896515, 31.023273468, 22.1122093201, 25.7718009949, 22.965713501, 29.6180114746, 62.6616897583, 169.204437256, 74.9526748657, 34.5097122192, 15.535531044, 14.180270195, 7.00545167923, 5.73742008209, 5.94858837128, 4.2264456749, 3.06332874298, 1.80422222614, 0.865625679493, 0.359909296036, 0.198431357741, 0.0896176844835, 0.0297998655587, 0.00232875510119, 5.95500932832e-05, 3.09343849949e-05],
        "median": [0.113865315914, 0.874377787113, 2.11096167564, 1.03848862648, 1.42850625515, 2.55342841148, 4.35258293152, 6.5820069313, 7.13838720322, 6.4434056282, 9.35604763031, 15.391087532, 17.0334758759, 8.73128890991, 13.9114437103, 19.8252010345, 13.9216222763, 17.2622699738, 14.4555559158, 17.4691905975, 22.9497108459, 68.7888641357, 37.1975364685, 20.7048988342, 10.5851726532, 6.32986736298, 2.6420519352, 2.2487885952, 1.92107737064, 1.70782351494, 1.17081451416, 0.513226151466, 0.231580510736, 0.0780599266291, 0.0479191504419, 0.0178599040955, 0.00267733260989, 0.000164418757777, 2.02690098376e-05, 3.00047322526e-05],
        "min": [9.67190717347e-05, 0.00228393822908, 0.0057724500075, 0.0322276502848, 0.0536783188581, 0.104238949716, 0.164686560631, 0.353392750025, 0.325536429882, 0.208226144314, 0.609676599503, 0.77799397707, 0.65819978714, 0.852429330349, 0.842117726803, 0.894427478313, 1.45440971851, 0.765551030636, 0.524066507816, 0.400385767221, 0.406758695841, 0.53130865097, 0.595116138458, 0.509007036686, 0.304015398026, 0.234138354659, 0.118677474558, 0.0632184967399, 0.0570812784135, 0.049416847527, 0.0226833298802, 0.0109024569392, 0.00545545760542, 0.00134059006814, 0.000621308106929, 0.000125087433844, 1.24895141198e-05, 1.36914127324e-06, 2.06161507776e-06, 3.36537345902e-06],
        "var": [0.00991226080805, 0.833561122417, 5.83797645569, 7.07759618759, 10.9349365234, 15.2132921219, 106.486595154, 206.868713379, 632.35144043, 280.833221436, 740.831420898, 1098.01599121, 2344.23657227, 439.635620117, 392.430938721, 2060.57397461, 532.932495117, 790.427612305, 1277.33764648, 1510.74987793, 13711.7880859, 51363.4570312, 9378.6171875, 2339.27026367, 303.991241455, 501.722167969, 134.141113281, 80.1493225098, 124.170814514, 46.9161224365, 30.0392684937, 11.7827615738, 2.4986114502, 0.414784312248, 0.114930272102, 0.025482904166, 0.00338965584524, 2.38914726651e-05, 8.23467516398e-09, 1.1071756012e-10]
    },
    "gfcc": {
        "mean": [11.5009899139, 100.93888855, -142.000167847, 42.7577171326, -49.1183319092, 14.5214738846, -34.8453979492, 18.8513050079, -14.5679531097, -1.1255068779, -9.84160614014, 7.58649206161, -11.1051397324],
        "cov": [[1257.19799805, -771.709655762, 204.467300415, 74.6320648193, -219.566802979, 144.074874878, -108.429504395, 57.2240219116, -107.641990662, 94.3164291382, -149.364364624, 73.1240158081, -60.5588226318], [-771.709655762, 789.727966309, -197.749420166, -21.8220806122, 208.997512817, -91.0565948486, 139.18927002, -36.3247375488, 128.671005249, -63.1999206543, 143.002761841, -76.1571044922, 70.7098312378], [204.467300415, -197.749420166, 691.741577148, 52.6212501526, -103.079856873, 220.8097229, -18.3005924225, -27.9487915039, -123.344352722, 163.002700806, -49.7403678894, 33.2441253662, -39.0730247498], [74.6320648193, -21.8220806122, 52.6212501526, 221.635925293, -14.0299224854, 24.003868103, 39.8830986023, -22.1205196381, 21.7172718048, 21.4256343842, 13.9995040894, -8.54803562164, 41.7822113037], [-219.566802979, 208.997512817, -103.079856873, -14.0299224854, 286.01361084, -9.04264640808, 34.8623504639, 91.2092285156, 85.9242477417, -64.9450378418, 23.0415840149, 1.5543037653, -4.83358955383], [144.074874878, -91.0565948486, 220.8097229, 24.003868103, -9.04264640808, 244.933120728, 60.5870857239, 8.55106163025, -21.4034805298, 47.1246490479, -11.3290252686, -7.77002716064, -22.6543159485], [-108.429504395, 139.18927002, -18.3005924225, 39.8830986023, 34.8623504639, 60.5870857239, 135.341430664, 23.199092865, 43.3402290344, 2.76110434532, 34.3777999878, -33.9236450195, 15.3642778397], [57.2240219116, -36.3247375488, -27.9487915039, -22.1205196381, 91.2092285156, 8.55106163025, 23.199092865, 134.103286743, 47.7945480347, -17.8983306885, -7.82151222229, 0.294678390026, -13.9878606796], [-107.641990662, 128.671005249, -123.344352722, 21.7172718048, 85.9242477417, -21.4034805298, 43.3402290344, 47.7945480347, 120.500656128, -19.8828430176, 26.650478363, -15.3805570602, 14.1982679367], [94.3164291382, -63.1999206543, 163.002700806, 21.4256343842, -64.9450378418, 47.1246490479, 2.76110434532, -17.8983306885, -19.8828430176, 111.104255676, -0.184185296297, -0.315403729677, -7.65547227859], [-149.364364624, 143.002761841, -49.7403678894, 13.9995040894, 23.0415840149, -11.3290252686, 34.3777999878, -7.82151222229, 26.650478363, -0.184185296297, 87.1010513306, 4.20511388779, 19.6348438263], [73.1240158081, -76.1571044922, 33.2441253662, -8.54803562164, 1.5543037653, -7.77002716064, -33.9236450195, 0.294678390026, -15.3805570602, -0.315403729677, 4.20511388779, 81.799659729, 5.90427970886], [-60.5588226318, 70.7098312378, -39.0730247498, 41.7822113037, -4.83358955383, -22.6543159485, 15.3642778397, -13.9878606796, 14.1982679367, -7.65547227859, 19.6348438263, 5.90427970886, 64.1694335938]],
        "icov": [[0.00240501621738, 0.00115389109123, 0.000967040716205, -0.00124109454919, 0.00104563473724, -0.00140427949373, 0.000844800029881, -0.00172959337942, 0.000619254191406, -0.0015011804644, 0.00175714562647, -0.00142350827809, 0.000676045252476], [0.00115389109123, 0.0073760044761, -0.00207222532481, 0.00333695765585, -0.00445597991347, 0.00317147606984, -0.00464971456677, 0.00590243749321, -0.00361536233686, 0.00174565811176, -0.00592760555446, 0.00545327458531, -0.00496925739571], [0.000967040716205, -0.00207222532481, 0.00527875358239, -0.00288828602061, 0.00164429203141, -0.00447881733999, 0.00291707599536, -0.00361625594087, 0.00467568729073, -0.00596389127895, 0.00419066753238, -0.00402818759903, 0.00268918718211], [-0.00124109454919, 0.00333695765585, -0.00288828602061, 0.00881754048169, -0.00323986937292, 0.00299761421047, -0.00448269071057, 0.00590279744938, -0.00434184074402, 0.00213010073639, -0.00443553226069, 0.00470511848107, -0.00703499512747], [0.00104563473724, -0.00445597991347, 0.00164429203141, -0.00323986937292, 0.0100349495187, -0.00344246276654, 0.00386493862607, -0.00814826972783, -7.56537920097e-05, 0.00104164681397, 0.00433761812747, -0.00558228651062, 0.00517409993336], [-0.00140427949373, 0.00317147606984, -0.00447881733999, 0.00299761421047, -0.00344246276654, 0.0103865619749, -0.00747789628804, 0.00494482833892, -0.00265851360746, 0.00298542296514, -0.00405666185543, 0.00409679720178, -0.00141435698606], [0.000844800029881, -0.00464971456677, 0.00291707599536, -0.00448269071057, 0.00386493862607, -0.00747789628804, 0.0172822400928, -0.00744863273576, 0.00123184476979, -0.00264679873362, 0.00126425421331, -0.000283753441181, 0.00155636470299], [-0.00172959337942, 0.00590243749321, -0.00361625594087, 0.00590279744938, -0.00814826972783, 0.00494482833892, -0.00744863273576, 0.0191219877452, -0.00788817368448, 0.00372953433543, -0.0052019385621, 0.00567015074193, -0.00383775797673], [0.000619254191406, -0.00361536233686, 0.00467568729073, -0.00434184074402, -7.56537920097e-05, -0.00265851360746, 0.00123184476979, -0.00788817368448, 0.0184284504503, -0.00539455283433, 0.00289525091648, -0.00282972631976, 0.00193706119899], [-0.0015011804644, 0.00174565811176, -0.00596389127895, 0.00213010073639, 0.00104164681397, 0.00298542296514, -0.00264679873362, 0.00372953433543, -0.00539455283433, 0.0185893718153, -0.0060019902885, 0.00419842731208, -0.000917997036595], [0.00175714562647, -0.00592760555446, 0.00419066753238, -0.00443553226069, 0.00433761812747, -0.00405666185543, 0.00126425421331, -0.0052019385621, 0.00289525091648, -0.0060019902885, 0.0234981868416, -0.0101181976497, 0.0034720255062], [-0.00142350827809, 0.00545327458531, -0.00402818759903, 0.00470511848107, -0.00558228651062, 0.00409679720178, -0.000283753441181, 0.00567015074193, -0.00282972631976, 0.00419842731208, -0.0101181976497, 0.021664571017, -0.00830949377269], [0.000676045252476, -0.00496925739571, 0.00268918718211, -0.00703499512747, 0.00517409993336, -0.00141435698606, 0.00155636470299, -0.00383775797673, 0.00193706119899, -0.000917997036595, 0.0034720255062, -0.00830949377269, 0.0257608667016]]
    },
    "melbands": {
        "dmean": [0.00031416217098, 0.000468059908599, 0.000226881995331, 0.000121851408039, 0.000144526726217, 0.00013237852545, 9.79221367743e-05, 6.66313280817e-05, 7.86734235589e-05, 8.44221576699e-05, 0.000117708099424, 2.89424897346e-05, 3.48508765455e-05, 4.08409614465e-05, 3.61166275979e-05, 1.91532853933e-05, 3.21848929161e-05, 1.84981581697e-05, 1.8033928427e-05, 1.72555028257e-05, 4.51294945378e-05, 7.72565035732e-05, 6.33094314253e-05, 1.33772655317e-05, 1.28897636387e-05, 6.28782572676e-06, 4.87653778691e-06, 3.80188589588e-06, 2.58482896243e-06, 1.464443244e-06, 1.55350335262e-06, 1.67759367287e-06, 1.41662133046e-06, 1.09202539988e-06, 1.06943571154e-06, 7.07545041223e-07, 6.28596012575e-07, 3.91045006154e-07, 2.82711312138e-07, 1.59485495033e-07],
        "dmean2": [0.000458259019069, 0.000748844118789, 0.000382845028071, 0.00019684068684, 0.000235826766584, 0.000202651688596, 0.000149280967889, 9.99615513138e-05, 0.000123563339002, 0.000134401634568, 0.00018491758965, 4.577044092e-05, 5.74002988287e-05, 6.56051415717e-05, 6.18606209173e-05, 3.23281492456e-05, 5.4965592426e-05, 2.98744307656e-05, 2.86949361907e-05, 2.71457465715e-05, 6.55918120174e-05, 0.000111167231807, 9.26776701817e-05, 2.03296986001e-05, 1.92340721696e-05, 9.69454231381e-06, 7.78901903686e-06, 5.92848982706e-06, 4.13633188145e-06, 2.20252195504e-06, 2.2776212063e-06, 2.43625231633e-06, 2.06547838388e-06, 1.5438073433e-06, 1.49086338297e-06, 9.72942416411e-07, 8.19867409518e-07, 5.40690734852e-07, 3.8086125187e-07, 2.24330435117e-07],
        "dvar": [1.447853748e-07, 7.91761692653e-07, 2.67228614348e-07, 3.69685118073e-08, 7.65232286426e-08, 4.92543072994e-08, 3.58101459597e-08, 1.75143064496e-08, 1.26705028691e-08, 1.53943577885e-08, 3.53991822521e-08, 2.70479816322e-09, 2.08941197677e-09, 4.79699169276e-09, 2.41438358195e-09, 6.33426033847e-10, 2.28175944805e-09, 1.21286358734e-09, 9.22912635204e-10, 8.59944393472e-10, 1.30636061968e-08, 1.82316668429e-08, 1.23166827848e-08, 4.68138527943e-10, 5.7981974777e-10, 1.01945549225e-10, 7.82602871396e-11, 5.06862919691e-11, 4.90162146982e-11, 7.79243943677e-12, 8.73143484598e-12, 1.34398906934e-11, 9.05346717733e-12, 4.51071515209e-12, 5.91126670182e-12, 2.21144175021e-12, 1.78141312465e-12, 7.35186596931e-13, 2.97259368813e-13, 9.86972344672e-14],
        "dvar2": [3.51186372427e-07, 2.13635667023e-06, 7.4537524597e-07, 1.03734372203e-07, 1.9912216942e-07, 1.21990183288e-07, 8.58030375639e-08, 3.92423622486e-08, 2.97486284495e-08, 3.98446253769e-08, 9.06300527959e-08, 5.96450222545e-09, 5.3894684271e-09, 9.9399324327e-09, 6.40547037634e-09, 1.75928294155e-09, 6.5441088104e-09, 3.00993496793e-09, 2.1282895446e-09, 1.98314342725e-09, 2.44702746954e-08, 3.41361214851e-08, 2.31957422159e-08, 9.04714747563e-10, 1.02792541146e-09, 2.19190054995e-10, 1.72728761849e-10, 1.29364990942e-10, 1.28764041096e-10, 1.70656908743e-11, 1.69248313281e-11, 2.74855676413e-11, 2.07237681876e-11, 8.52099640847e-12, 1.229719538e-11, 4.19062440998e-12, 3.30410481961e-12, 1.49578776015e-12, 5.8123108106e-13, 2.05237451925e-13],
        "max": [0.00532069336623, 0.00981450360268, 0.00558574777097, 0.00245077954605, 0.00265599112026, 0.00261290348135, 0.00292094494216, 0.00313047831878, 0.00194057193585, 0.00166596623603, 0.00204361905344, 0.00146493315697, 0.000554050144274, 0.00140624982305, 0.000613864685874, 0.000314886769047, 0.000662550213747, 0.000701171113178, 0.000608458940405, 0.000569566269405, 0.00195906544104, 0.00239541404881, 0.00172028306406, 0.000397392024752, 0.00055409054039, 0.000193132320419, 0.000188770529348, 0.000124948230223, 0.00014009741426, 4.65523771709e-05, 5.7532946812e-05, 7.45019788155e-05, 5.33718484803e-05, 3.53402720066e-05, 6.2618550146e-05, 2.57525880443e-05, 2.79062951449e-05, 1.86655124708e-05, 8.75599653227e-06, 3.47345030605e-06],
        "mean": [0.0011982062133, 0.00141618389171, 0.000337774428772, 0.000217828332097, 0.000256492494373, 0.000275557948044, 0.000217188004171, 0.000136752409162, 0.000174667264218, 0.000168062470038, 0.000169869221281, 5.39037355338e-05, 5.98697370151e-05, 8.24922462925e-05, 6.7385561124e-05, 3.54540643457e-05, 5.12842598255e-05, 3.47728491761e-05, 3.72009635612e-05, 3.33207644871e-05, 8.93467004062e-05, 0.000164324621437, 0.000161563657457, 2.899357969e-05, 2.79026498902e-05, 1.26745089801e-05, 1.01176319731e-05, 9.0626635938e-06, 5.0867470236e-06, 3.05136450152e-06, 3.41686040883e-06, 3.54992334906e-06, 2.76710989056e-06, 2.19492267206e-06, 1.92154584511e-06, 1.3039549458e-06, 1.03068271073e-06, 6.43753139684e-07, 4.51286155112e-07, 2.4209415983e-07],
        "median": [0.00112345675007, 0.00120213732589, 0.000215602194658, 0.000145097350469, 0.000154049717821, 0.00015372109192, 0.000103370337456, 6.54477698845e-05, 9.17020588531e-05, 9.84262806014e-05, 8.07534597698e-05, 2.95996342174e-05, 3.95979841414e-05, 4.60670053144e-05, 4.34590583609e-05, 2.23630686378e-05, 3.23034255416e-05, 2.02917417482e-05, 2.02094488486e-05, 1.68570113601e-05, 1.71758347278e-05, 6.38551282464e-05, 3.73447910533e-05, 1.48713779708e-05, 1.26693530547e-05, 7.65099503042e-06, 5.31681826033e-06, 3.57545263796e-06, 1.49977029196e-06, 1.33833009386e-06, 1.22850929074e-06, 1.05206413537e-06, 1.00693171134e-06, 9.17592160476e-07, 7.27512315279e-07, 4.05785641533e-07, 2.54937816635e-07, 1.72835726175e-07, 1.01328431867e-07, 4.72270542673e-08],
        "min": [2.26229758482e-06, 3.51585799763e-06, 8.64824505697e-06, 5.19356626683e-06, 6.28279394732e-06, 5.51480343347e-06, 2.70152986559e-06, 1.73986268237e-06, 4.16561306338e-06, 4.30632735515e-06, 2.68501162282e-06, 1.0736960121e-06, 1.85968394817e-06, 7.59711610954e-07, 2.20069182433e-06, 1.40700637985e-06, 4.99668317389e-07, 7.24461983737e-07, 3.86445549339e-07, 4.86180283588e-07, 2.8975546229e-07, 2.01686617629e-07, 5.30679983513e-07, 1.84304440154e-07, 3.99619096925e-07, 1.14079384161e-07, 2.13079900391e-07, 8.60465050323e-08, 7.82632483265e-08, 3.6236212253e-08, 2.14590638592e-08, 3.05008889256e-08, 1.95020071203e-08, 2.92260455836e-08, 1.27323973587e-08, 9.26849796912e-09, 2.53816589968e-09, 4.16674827974e-09, 2.20549446761e-11, 2.2372993215e-12],
