{
"highlevel": {
    "danceability": {
        "all": {
            "danceable": 0.999699890614,
            "not_danceable": 0.000300132203847
        },
        "probability": 0.999699890614,
        "value": "danceable"
    },
    "gender": {
        "all": {
            "female": 0.751530706882,
            "male": 0.248469278216
        },
        "probability": 0.751530706882,
        "value": "female"
    },
    "genre_dortmund": {
        "all": {
            "alternative": 0.00709510361776,
            "blues": 0.033044449985,
            "electronic": 0.180852785707,
            "folkcountry": 0.0246445927769,
            "funksoulrnb": 0.0449826531112,
            "jazz": 0.0920256972313,
            "pop": 0.0698236897588,
            "raphiphop": 0.519943058491,
            "rock": 0.0275879595429
        },
        "probability": 0.519943058491,
        "value": "raphiphop"
    },
    "genre_electronic": {
        "all": {
            "ambient": 0.182468801737,
            "dnb": 0.357993006706,
            "house": 0.133784815669,
            "techno": 0.0308019835502,
            "trance": 0.294951409101
        },
        "probability": 0.357993006706,
        "value": "dnb"
    },
    "genre_rosamerica": {
        "all": {
            "cla": 0.00108598766383,
            "dan": 0.235081017017,
            "hip": 0.677040994167,
            "jaz": 0.00280395196751,
            "pop": 0.0454815402627,
            "rhy": 0.0201018471271,
            "roc": 0.0172883514315,
            "spe": 0.00111633515917
        },
        "probability": 0.677040994167,
        "value": "hip"
    },
    "genre_tzanetakis": {
        "all": {
            "blu": 2.14496795976e-14,
            "cla": 1.17827458334e-14,
            "cou": 1.89000731569e-14,
            "dis": 1.53026276682e-14,
            "hip": 4.30095209122e-14,
            "jaz": 0.999999880791,
            "met": 2.0000017642e-08,
            "pop": 2.0000017642e-08,
            "reg": 1.66666822565e-08,
            "roc": 5.00000432169e-08
        },
        "probability": 0.999999880791,
        "value": "jaz"
    },
    "ismir04_rhythm": {
        "all": {
            "ChaChaCha": 0.0356053523719,
            "Jive": 0.015607659705,
            "Quickstep": 0.00412531243637,
            "Rumba-American": 0.00486467778683,
            "Rumba-International": 0.0020510093309,
            "Rumba-Misc": 0.00378868309781,
            "Samba": 0.930993020535,
            "Tango": 0.000726634461898,
            "VienneseWaltz": 0.000983262434602,
            "Waltz": 0.00125439884141
        },
        "probability": 0.930993020535,
        "value": "Samba"
    },
    "mood_acoustic": {
        "all": {
            "acoustic": 0.00427576526999,
            "not_acoustic": 0.995724260807
        },
        "probability": 0.995724260807,
        "value": "not_acoustic"
    },
    "mood_aggressive": {
        "all": {
            "aggressive": 0.615906774998,
            "not_aggressive": 0.384093225002
        },
        "probability": 0.615906774998,
        "value": "aggressive"
    },
    "mood_electronic": {
        "all": {
            "electronic": 0.93192845583,
            "not_electronic": 0.0680715218186
        },
        "probability": 0.93192845583,
        "value": "electronic"
    },
    "mood_happy": {
        "all": {
            "happy": 0.446551173925,
            "not_happy": 0.553448855877
        },
        "probability": 0.553448855877,
        "value": "not_happy"
    },
    "mood_party": {
        "all": {
            "not_party": 0.0266445372254,
            "party": 0.973355472088
        },
        "probability": 0.973355472088,
        "value": "party"
    },
    "mood_relaxed": {
        "all": {
            "not_relaxed": 0.64242964983,
            "relaxed": 0.35757035017
        },
        "probability": 0.64242964983,
        "value": "not_relaxed"
    },
    "mood_sad": {
        "all": {
            "not_sad": 0.603859424591,
            "sad": 0.396140545607
        },
        "probability": 0.603859424591,
        "value": "not_sad"
    },
    "moods_mirex": {
        "all": {
            "Cluster1": 0.181084051728,
            "Cluster2": 0.282799273729,
            "Cluster3": 0.0615445226431,
            "Cluster4": 0.185786515474,
            "Cluster5": 0.288785636425
        },
        "probability": 0.288785636425,
        "value": "Cluster5"
    },
    "timbre": {
        "all": {
            "bright": 0.732838690281,
            "dark": 0.267161309719
        },
        "probability": 0.732838690281,
        "value": "bright"
    },
    "tonal_atonal": {
        "all": {
            "atonal": 0.457469582558,
            "tonal": 0.542530417442
        },
        "probability": 0.542530417442,
        "value": "tonal"
    },
    "voice_instrumental": {
        "all": {
            "instrumental": 0.000794939289335,
            "voice": 0.999205052853
        },
        "probability": 0.999205052853,
        "value": "voice"
    }
},
"lowlevel": {
    "average_loudness": 0.937946736813,
    "barkbands_crest": {
        "dmean": 4.1802687645,
        "dmean2": 6.66471290588,
        "dvar": 11.3312997818,
        "dvar2": 25.6911334991,
        "max": 24.6338615417,
        "mean": 13.0228004456,
        "median": 12.666223526,
        "min": 2.82064533234,
        "var": 23.7862606049
    },
    "barkbands_flatness_db": {
        "dmean": 0.0480852909386,
        "dmean2": 0.0714379921556,
        "dvar": 0.0020055945497,
        "dvar2": 0.00509013282135,
        "max": 0.379563391209,
        "mean": 0.161018535495,
        "median": 0.155028954148,
        "min": 0.0455432645977,
        "var": 0.00352624803782
    },
    "barkbands_kurtosis": {
        "dmean": 11.1025838852,
        "dmean2": 19.3020648956,
        "dvar": 542.814697266,
        "dvar2": 1465.81420898,
        "max": 210.344039917,
        "mean": 8.88239574432,
        "median": 1.52481985092,
        "min": -1.93448376656,
        "var": 423.385772705
    },
    "barkbands_skewness": {
        "dmean": 1.38439285755,
        "dmean2": 2.17358016968,
        "dvar": 2.79643559456,
        "dvar2": 6.8979473114,
        "max": 12.7870082855,
        "mean": 2.14850783348,
        "median": 1.46206855774,
        "min": -2.39810991287,
        "var": 4.10456752777
    },
    "barkbands_spread": {
        "dmean": 12.8961257935,
        "dmean2": 20.3811759949,
        "dvar": 185.798614502,
        "dvar2": 466.340667725,
        "max": 130.785751343,
        "mean": 27.8293056488,
        "median": 25.7799949646,
        "min": 1.0029643774,
        "var": 288.125244141
    },
    "dissonance": {
        "dmean": 0.0216932818294,
        "dmean2": 0.0359179414809,
        "dvar": 0.000572790449951,
        "dvar2": 0.00149358680937,
        "max": 0.499984771013,
        "mean": 0.471618503332,
        "median": 0.480761855841,
        "min": 0.24279050529,
        "var": 0.000818308093585
    },
    "dynamic_complexity": 1.96771728992,
    "erbbands_crest": {
        "dmean": 3.44514584541,
        "dmean2": 5.72038602829,
        "dvar": 10.2106800079,
        "dvar2": 24.5303382874,
        "max": 31.0149993896,
        "mean": 9.12256240845,
        "median": 7.75994205475,
        "min": 2.55990457535,
        "var": 21.0379257202
    },
    "erbbands_flatness_db": {
        "dmean": 0.0262008029968,
        "dmean2": 0.0362521521747,
        "dvar": 0.00054235587595,
        "dvar2": 0.0010680424748,
        "max": 0.347243964672,
        "mean": 0.147352442145,
        "median": 0.143418565392,
        "min": 0.0555779188871,
        "var": 0.00214254995808
    },
    "erbbands_kurtosis": {
        "dmean": 1.7275633812,
        "dmean2": 2.81380963326,
        "dvar": 27.5938167572,
        "dvar2": 66.2693023682,
        "max": 112.858642578,
        "mean": 0.666477799416,
        "median": -0.235450267792,
        "min": -1.76329028606,
        "var": 26.3894805908
    },
    "erbbands_skewness": {
        "dmean": 0.60949999094,
        "dmean2": 0.931339740753,
        "dvar": 0.286000102758,
        "dvar2": 0.719844341278,
        "max": 6.44782400131,
        "mean": 0.0500033348799,
        "median": 0.00899261981249,
        "min": -3.89081740379,
        "var": 0.75716984272
    },
    "erbbands_spread": {
        "dmean": 16.2996292114,
        "dmean2": 23.6386966705,
        "dvar": 234.462142944,
        "dvar2": 470.843566895,
        "max": 151.611526489,
        "mean": 49.0801124573,
        "median": 38.8129768372,
        "min": 1.82979083061,
        "var": 874.612915039
    },
    "hfc": {
        "dmean": 13.9791946411,
        "dmean2": 21.131362915,
        "dvar": 310.302185059,
        "dvar2": 741.741455078,
        "max": 315.956451416,
        "mean": 28.1261730194,
        "median": 25.0073490143,
        "min": 0.562424600124,
        "var": 495.639587402
    },
    "melbands_crest": {
        "dmean": 6.01434326172,
        "dmean2": 9.48999118805,
        "dvar": 25.1976203918,
        "dvar2": 57.7019462585,
        "max": 36.2941856384,
        "mean": 22.2380523682,
        "median": 23.1419448853,
        "min": 2.94134044647,
        "var": 60.3452949524
    },
    "melbands_flatness_db": {
        "dmean": 0.0574897378683,
        "dmean2": 0.0860638767481,
        "dvar": 0.00289693451487,
        "dvar2": 0.00734574347734,
        "max": 0.483998715878,
        "mean": 0.221299052238,
        "median": 0.218550994992,
        "min": 0.0328972637653,
        "var": 0.00614524446428
    },
    "melbands_kurtosis": {
        "dmean": 35.9963035583,
        "dmean2": 58.576587677,
        "dvar": 3490.3503418,
        "dvar2": 8846.40625,
        "max": 424.99319458,
        "mean": 38.2596855164,
        "median": 9.78902721405,
        "min": -1.69327604771,
        "var": 3861.28417969
    },
    "melbands_skewness": {
        "dmean": 2.2792236805,
        "dmean2": 3.40573263168,
        "dvar": 6.19112825394,
        "dvar2": 14.2860469818,
        "max": 18.5835914612,
        "mean": 4.31383085251,
        "median": 2.9014673233,
        "min": -0.958396077156,
        "var": 12.3618621826
    },
    "melbands_spread": {
        "dmean": 13.0497789383,
        "dmean2": 20.1112995148,
        "dvar": 189.78793335,
        "dvar2": 448.648101807,
        "max": 135.243347168,
        "mean": 24.6761798859,
        "median": 22.8619689941,
        "min": 0.668117582798,
        "var": 364.530029297
    },
    "pitch_salience": {
        "dmean": 0.140144005418,
        "dmean2": 0.22604252398,
        "dvar": 0.0162774566561,
        "dvar2": 0.0369162671268,
        "max": 0.831744968891,
        "mean": 0.436542510986,
        "median": 0.435870140791,
        "min": 0.0591323189437,
        "var": 0.0271557997912
    },
    "silence_rate_20dB": {
        "dmean": 0,
        "dmean2": 0,
        "dvar": 0,
        "dvar2": 0,
        "max": 1,
        "mean": 1,
        "median": 1,
        "min": 1,
        "var": 0
    },
    "silence_rate_30dB": {
        "dmean": 0.0665634647012,
        "dmean2": 0.133230060339,
        "dvar": 0.0621322020888,
        "dvar2": 0.168150871992,
        "max": 1,
        "mean": 0.959783434868,
        "median": 1,
        "min": 0,
        "var": 0.0385992415249
    },
    "silence_rate_60dB": {
        "dmean": 0.0108359130099,
        "dmean2": 0.0216886140406,
        "dvar": 0.0107183940709,
        "dvar2": 0.0305123832077,
        "max": 1,
        "mean": 0.00618716143072,
        "median": 0,
        "min": 0,
        "var": 0.00614876486361
    },
    "spectral_centroid": {
        "dmean": 529.095947266,
        "dmean2": 856.5234375,
        "dvar": 235064,
        "dvar2": 611064.8125,
        "max": 4494.22558594,
        "mean": 1861.7767334,
        "median": 1781.95178223,
        "min": 396.375305176,
        "var": 520765.09375
    },
    "spectral_complexity": {
        "dmean": 7.98142433167,
        "dmean2": 10.9333848953,
        "dvar": 46.5416717529,
        "dvar2": 84.7142105103,
        "max": 58,
        "mean": 19.8948173523,
        "median": 19,
        "min": 0,
        "var": 139.408828735
    },
    "spectral_decrease": {
        "dmean": 4.04485778205e-09,
        "dmean2": 6.02421756923e-09,
        "dvar": 2.45310684236e-17,
        "dvar2": 4.05174934684e-17,
        "max": -1.62386271096e-10,
        "mean": -1.01622283921e-08,
        "median": -7.38849292858e-09,
        "min": -3.94408559146e-08,
        "var": 5.98133837716e-17
    },
    "spectral_energy": {
        "dmean": 0.0159612335265,
        "dmean2": 0.0237340889871,
        "dvar": 0.000367500324501,
        "dvar2": 0.000599452934694,
        "max": 0.152198076248,
        "mean": 0.0409056432545,
        "median": 0.0302259828895,
        "min": 0.000744476739783,
        "var": 0.000904079002794
    },
    "spectral_energyband_high": {
        "dmean": 0.000988583778962,
        "dmean2": 0.00152983271983,
        "dvar": 2.39785208578e-06,
        "dvar2": 5.99189661443e-06,
        "max": 0.0268829651177,
        "mean": 0.00150938925799,
        "median": 0.000897101766896,
        "min": 1.56969974796e-06,
        "var": 3.30332045451e-06
    },
    "spectral_energyband_low": {
        "dmean": 0.013115872629,
        "dmean2": 0.0188075304031,
        "dvar": 0.000374488678062,
        "dvar2": 0.000767591991462,
        "max": 0.140955001116,
        "mean": 0.0251806695014,
        "median": 0.0170246176422,
        "min": 5.0327680583e-06,
        "var": 0.000683660095092
    },
    "spectral_energyband_middle_high": {
        "dmean": 0.00364439398982,
        "dmean2": 0.00534431310371,
        "dvar": 1.19275982797e-05,
        "dvar2": 2.6292340408e-05,
        "max": 0.0340541563928,
        "mean": 0.00638641463593,
        "median": 0.00507687730715,
        "min": 3.88287262467e-05,
        "var": 3.02934786305e-05
    },
    "spectral_energyband_middle_low": {
        "dmean": 0.00999183766544,
        "dmean2": 0.0169454701245,
        "dvar": 0.000254610757111,
        "dvar2": 0.000668925000355,
        "max": 0.0956019312143,
        "mean": 0.00945101119578,
        "median": 0.00449317647144,
        "min": 1.85999524547e-05,
        "var": 0.000214744606637
    },
    "spectral_entropy": {
        "dmean": 0.234310001135,
        "dmean2": 0.357461571693,
        "dvar": 0.0479341447353,
        "dvar2": 0.108507975936,
        "max": 8.80093574524,
        "mean": 7.69941806793,
        "median": 7.74439668655,
        "min": 5.99663066864,
        "var": 0.105369269848
    },
    "spectral_flux": {
        "dmean": 0.0475745201111,
        "dmean2": 0.0761589184403,
        "dvar": 0.00205098837614,
        "dvar2": 0.00521841738373,
        "max": 0.362163543701,
        "mean": 0.129002571106,
        "median": 0.111954085529,
        "min": 0.0181808695197,
        "var": 0.00407040119171
    },
    "spectral_kurtosis": {
        "dmean": 1.55687129498,
        "dmean2": 2.45970082283,
        "dvar": 3.43007230759,
        "dvar2": 8.07065486908,
        "max": 31.0806388855,
        "mean": 3.44014143944,
        "median": 3.10787057877,
        "min": -1.15084958076,
        "var": 6.1851348877
    },
    "spectral_rms": {
        "dmean": 0.00123240007088,
        "dmean2": 0.0017893447075,
        "dvar": 1.64668460911e-06,
        "dvar2": 2.53893631452e-06,
        "max": 0.0121854804456,
        "mean": 0.0059355632402,
        "median": 0.00543035566807,
        "min": 0.000852243392728,
        "var": 4.67702648166e-06
    },
    "spectral_rolloff": {
        "dmean": 1013.41070557,
        "dmean2": 1719.03796387,
        "dvar": 2556208.25,
        "dvar2": 6191113.5,
        "max": 13652.0507812,
        "mean": 1531.09204102,
        "median": 1162.79296875,
        "min": 64.599609375,
        "var": 3441097
    },
    "spectral_skewness": {
        "dmean": 0.260037392378,
        "dmean2": 0.40506953001,
        "dvar": 0.0658082738519,
        "dvar2": 0.155364409089,
        "max": 3.68422579765,
        "mean": 1.36711239815,
        "median": 1.34378659725,
        "min": 0.091160543263,
        "var": 0.175972670317
    },
    "spectral_spread": {
        "dmean": 944034.1875,
        "dmean2": 1406985,
        "dvar": 1.12458832282e+12,
        "dvar2": 2.3323237417e+12,
        "max": 17768042,
        "mean": 5207231,
        "median": 5003363,
        "min": 1063002,
        "var": 2.8743523369e+12
    },
    "spectral_strongpeak": {
        "dmean": 0.449890851974,
        "dmean2": 0.734806656837,
        "dvar": 0.789618313313,
        "dvar2": 2.06294941902,
        "max": 8.83486175537,
        "mean": 0.680133402348,
        "median": 0.353997468948,
        "min": 0,
        "var": 0.92771589756
    },
    "zerocrossingrate": {
        "dmean": 0.0173834934831,
        "dmean2": 0.0205066781491,
        "dvar": 0.000302751519484,
        "dvar2": 0.000434813380707,
        "max": 0.39453125,
        "mean": 0.0609917268157,
        "median": 0.05322265625,
        "min": 0.0029296875,
        "var": 0.00150161772035
    },
    "barkbands": {
        "dmean": [0.000499926973134, 0.00782099552453, 0.00711517268792, 0.00390089442953, 0.00254667922854, 0.00140763958916, 0.000897311314475, 0.00146983435843, 0.00157453306019, 0.000551722827367, 0.000627240922768, 0.00105958746281, 0.000622608175036, 0.000519675435498, 0.000565610651392, 0.000157834685524, 0.000251256657066, 0.000252881640336, 0.000583488494158, 0.000506747688632, 0.000105899649498, 0.000172572486917, 0.000189265236259, 0.000189771191799, 0.000189232363482, 0.000128227024106, 2.93008525887e-07],
        "dmean2": [0.000747407437302, 0.0128426970914, 0.0108348848298, 0.00696195568889, 0.00462682684883, 0.00239536771551, 0.00162943883333, 0.00258733145893, 0.00260295299813, 0.000865163106937, 0.000995497452095, 0.00168619595934, 0.00100391975138, 0.000836683902889, 0.000974413764197, 0.000260411616182, 0.000405623373808, 0.000390563654946, 0.000919661717489, 0.000790011428762, 0.000168867583852, 0.000274045713013, 0.000293731427519, 0.000300399988191, 0.000311537092784, 0.000218852816033, 4.81377639971e-07],
        "dvar": [3.78088856223e-07, 0.000140827221912, 0.000190065780771, 9.40464160522e-05, 3.25442124449e-05, 4.8788924687e-06, 4.39117820861e-06, 5.95282472204e-06, 5.71211785427e-06, 1.26770476072e-06, 1.81578673164e-06, 2.96480925499e-06, 1.34890660775e-06, 1.30244620777e-06, 1.98086195269e-06, 7.25243864963e-08, 2.4934061571e-07, 1.05795507466e-07, 6.28088571375e-07, 6.48822151561e-07, 2.9996432005e-08, 5.81915315934e-08, 4.88586344716e-08, 7.26314439703e-08, 2.86131154326e-07, 2.80221428284e-07, 6.53692269585e-13],
        "dvar2": [7.64508797602e-07, 0.000406213075621, 0.000370760855731, 0.000259224674664, 9.03266336536e-05, 1.22073779494e-05, 1.19312735478e-05, 1.47140972331e-05, 1.3867659618e-05, 2.52845711657e-06, 3.46792353412e-06, 5.9530721046e-06, 3.27660859512e-06, 3.61357592737e-06, 5.62434797757e-06, 1.88373064702e-07, 6.38948790765e-07, 2.35941413962e-07, 1.51927997649e-06, 1.48914136844e-06, 6.74777069776e-08, 1.32986500034e-07, 1.1079414719e-07, 1.79967813096e-07, 7.82257018273e-07, 7.67143319536e-07, 1.75425884756e-12],
        "max": [0.00512343551964, 0.0962508916855, 0.0739752426744, 0.0571105629206, 0.0355169959366, 0.0203877389431, 0.0196257010102, 0.0245643183589, 0.019895080477, 0.0190992485732, 0.0293435640633, 0.0227166749537, 0.0159016139805, 0.0188647191972, 0.0167212914675, 0.00516609149054, 0.00956959091127, 0.00316798058338, 0.00924675259739, 0.0140034928918, 0.00270748091862, 0.00181286095176, 0.00243398197927, 0.00387580436654, 0.00811444036663, 0.0109494840726, 1.55222332978e-05],
        "mean": [0.00133201223798, 0.0143997343257, 0.00788311939687, 0.00284522492439, 0.0018344206037, 0.00136011792347, 0.000610759190749, 0.00130477594212, 0.00143066234887, 0.000594082695898, 0.000731657491997, 0.0012901017908, 0.000644229818135, 0.00058817898389, 0.000502594106365, 0.000180836155778, 0.000295987294521, 0.00033584664925, 0.000829744501971, 0.000671083340421, 0.000147436730913, 0.000239102126216, 0.000278454448562, 0.000259186635958, 0.000207884193514, 0.000108177948277, 2.4412773314e-07],
        "median": [0.00115931290202, 0.012866910547, 0.000144340971019, 8.41252258397e-05, 0.000240139110247, 0.000418642535806, 8.55916005094e-05, 0.000310507079121, 0.000408619496739, 0.000170709288795, 0.000170807616087, 0.000394717790186, 0.000239038723521, 0.000237673928495, 0.000189924059669, 0.000109876622446, 0.0001614663488, 0.00018441148859, 0.000557486200705, 0.000358708406566, 7.06834398443e-05, 8.23679001769e-05, 0.000180181115866, 0.000147217317135, 9.14097618079e-05, 2.47919797403e-05, 2.557243306e-09],
        "min": [1.30095855866e-07, 6.0859616724e-07, 7.73997896886e-08, 1.44035574579e-08, 1.73750697741e-06, 2.23242568609e-06, 6.8021813604e-07, 1.0130032706e-06, 2.10761118069e-06, 7.54969505579e-07, 2.7167820349e-07, 1.3906261529e-06, 1.46411434798e-06, 1.29603313326e-06, 6.14194902937e-07, 3.86848626022e-07, 4.66739003002e-08, 1.17334719718e-08, 7.64557796629e-07, 7.1379270139e-07, 5.33727408936e-08, 1.81251214038e-09, 1.03788650563e-07, 1.23937873853e-10, 7.9637002548e-10, 1.29176174965e-11, 6.21838648282e-12],
        "var": [1.35217896968e-06, 0.000153454282554, 0.000267274939688, 6.56335323583e-05, 2.21396621782e-05, 4.88322075398e-06, 3.02986245515e-06, 5.86326177654e-06, 6.02151021667e-06, 2.05420315069e-06, 4.1364955905e-06, 5.29997669219e-06, 1.5899194068e-06, 1.66895290477e-06, 1.29886279865e-06, 6.93700812349e-08, 2.35383524227e-07, 1.85807877529e-07, 9.49686125296e-07, 1.16429055197e-06, 4.58454927355e-08, 1.07696024543e-07, 8.84172237647e-08, 9.99072042873e-08, 2.24914316505e-07, 1.92695836176e-07, 4.90717004791e-13]
    },
    "erbbands": {
        "dmean": [0.189967349172, 2.04150938988, 8.25625133514, 9.72156238556, 11.5140304565, 7.16577291489, 8.72915172577, 12.0403871536, 9.40648555756, 20.9658851624, 43.3284378052, 33.0200424194, 9.72170257568, 26.0915489197, 21.2173404694, 44.2856483459, 30.165353775, 26.8826637268, 22.9461517334, 23.3741588593, 7.04538536072, 14.1373033524, 14.205414772, 18.9149589539, 34.0047225952, 23.0496349335, 8.09206485748, 2.97045731544, 6.18913984299, 6.27144193649, 5.22829961777, 4.21776866913, 3.06772851944, 1.90783572197, 1.56152737141, 0.750450730324, 0.215488687158, 0.0141267497092, 0.000310671690386, 3.46029082721e-05],
        "dmean2": [0.272759646177, 3.35656189919, 12.1837043762, 16.7609081268, 20.7542552948, 12.9758291245, 14.6563243866, 21.1900348663, 16.8766136169, 38.4030227661, 73.1781158447, 53.7846031189, 16.0134124756, 39.0071182251, 35.2869567871, 71.0244598389, 47.6709022522, 42.6311378479, 38.3309364319, 39.3233757019, 11.2798910141, 22.4574565887, 21.6639842987, 28.8565635681, 54.1502037048, 35.3772125244, 12.6666374207, 4.68460941315, 9.68528461456, 9.77012443542, 8.19421958923, 6.63728284836, 4.85185050964, 3.1084792614, 2.65285992622, 1.28064489365, 0.369690209627, 0.0248607713729, 0.00052879715804, 5.4109863413e-05],
        "dvar": [0.0602744780481, 12.2676706314, 229.290878296, 441.101959229, 805.607055664, 254.823898315, 201.129486084, 389.045654297, 255.083465576, 3427.4519043, 4617.75292969, 2505.61157227, 230.651611328, 2140.61816406, 2026.1126709, 4991.41552734, 2368.05517578, 3515.93383789, 1878.50830078, 2822.52368164, 81.2548980713, 691.60357666, 374.487945557, 486.447753906, 2358.51269531, 1417.30566406, 206.088256836, 18.5620975494, 80.0618133545, 58.1620140076, 40.2614364624, 33.8652496338, 22.9191970825, 17.6461677551, 23.9595661163, 8.47847747803, 1.02884984016, 0.00602330733091, 2.13981138586e-06, 6.55710552522e-09],
        "dvar2": [0.124085538089, 34.1574630737, 447.876251221, 1153.77087402, 2250.85644531, 703.557495117, 527.521606445, 976.18762207, 657.751159668, 9629.86132812, 11275.0380859, 5932.49902344, 536.317565918, 3947.65307617, 3895.1003418, 10197.4667969, 5546.42089844, 9481.96679688, 5186.17578125, 7827.13867188, 200.542999268, 1760.73913574, 865.176818848, 1056.38244629, 5594.05712891, 3121.60595703, 483.797119141, 41.1909828186, 189.221710205, 126.346183777, 92.4152069092, 84.3674926758, 56.9004058838, 46.3291358948, 65.499458313, 23.133310318, 2.87132573128, 0.0170797929168, 6.030079021e-06, 1.75178449524e-08],
        "max": [2.56581664085, 21.9820957184, 99.0094070435, 144.147827148, 171.046844482, 127.276473999, 139.533691406, 212.303253174, 151.755004883, 562.732971191, 708.958679199, 456.005004883, 154.329284668, 620.793395996, 1060.86706543, 829.454589844, 543.638122559, 925.847412109, 502.616882324, 600.18170166, 95.4874191284, 476.686279297, 182.752166748, 276.832183838, 703.364807129, 729.826049805, 231.26574707, 48.3514900208, 83.1397247314, 68.4095306396, 72.1124038696, 74.6024169922, 73.3936004639, 67.3580627441, 67.5044403076, 50.480255127, 21.5313739777, 1.89379370213, 0.0348678603768, 0.00178455689456],
        "mean": [0.541299283504, 2.71792840958, 9.18893241882, 9.10812187195, 7.93416786194, 5.23920631409, 9.00176811218, 10.4580717087, 6.92640066147, 14.627820015, 41.1772270203, 30.4118289948, 10.4086399078, 31.6115894318, 24.5928554535, 57.4054832458, 35.906627655, 32.0060386658, 23.652765274, 22.0902271271, 9.10511016846, 17.6335525513, 19.5115089417, 28.7409877777, 47.4528427124, 31.0098514557, 11.6037969589, 3.90894031525, 8.18312644958, 9.30562019348, 7.51196098328, 5.90489339828, 4.01260900497, 2.27750945091, 1.50315546989, 0.651460886002, 0.174617007375, 0.0109577029943, 0.000285611109575, 6.68349603075e-05],
        "median": [0.461705297232, 1.51788806915, 0.311263114214, 0.298793941736, 0.34533059597, 0.835294544697, 3.07547593117, 2.68017196655, 1.43783807755, 2.85980415344, 13.7495288849, 10.1975269318, 4.53078699112, 9.49544715881, 7.31366109848, 18.8251953125, 15.9706087112, 14.0097141266, 11.5431537628, 9.22378063202, 5.96947002411, 10.3119106293, 10.9773616791, 19.3938903809, 30.129940033, 17.1681156158, 6.182908535, 1.51201033592, 3.00795125961, 4.84056138992, 4.59871339798, 3.34780502319, 2.15176653862, 1.11161100864, 0.531786739826, 0.16083060205, 0.0329981073737, 0.00183194188867, 8.51974036777e-05, 4.47954007541e-05],
        "min": [5.39764041605e-05, 4.77026987937e-05, 7.96350213932e-05, 0.000189139667782, 0.00184688030276, 0.0073050558567, 0.0104255452752, 0.0213401429355, 0.0161012988538, 0.0188196469098, 0.0244631823152, 0.0603297166526, 0.0293568074703, 0.0314170978963, 0.0275051537901, 0.0554625466466, 0.0611322037876, 0.076166652143, 0.0445122383535, 0.0388458892703, 0.0295934975147, 0.0256281811744, 0.0254003126174, 0.0978713482618, 0.0761525705457, 0.0594123899937, 0.00851491838694, 0.00127072737087, 0.00431376602501, 0.0019727582112, 0.00184201134834, 0.000109698041342, 1.83165884664e-05, 1.89516922546e-05, 2.31467456615e-05, 1.42057460835e-05, 8.24258040666e-06, 8.26699647405e-07, 1.26139980239e-06, 1.08606764115e-06],
        "var": [0.196658447385, 13.269235611, 344.316375732, 418.651580811, 529.446655273, 176.839126587, 203.039108276, 344.161193848, 205.806655884, 2110.25878906, 4791.37890625, 2684.33007812, 285.526824951, 3881.59667969, 4805.20996094, 9294.19140625, 3476.42895508, 4694.21484375, 1549.08544922, 2053.70458984, 108.048835754, 704.401977539, 598.753723145, 967.846740723, 3709.0390625, 2561.88427734, 282.278839111, 34.4776229858, 132.949859619, 116.33139801, 68.1072998047, 48.5500183105, 29.0794277191, 16.6573505402, 18.2226161957, 6.03031587601, 0.660516083241, 0.00364110572264, 1.33643527533e-06, 5.71840441665e-09]
    },
    "gfcc": {
        "mean": [13.7589712143, 62.3934631348, -115.217712402, 43.2247238159, -54.0869941711, 33.0760574341, -28.6752185822, 27.630405426, -22.1477336884, 11.5289669037, 1.05491447449, 0.519879519939, -12.3762531281],
        "cov": [[3879.47753906, -527.827392578, 121.693992615, 73.4825515747, -469.788787842, -131.525619507, -422.018280029, -170.207092285, -393.941864014, -130.469543457, -348.643829346, -19.2962417603, -283.890991211], [-527.827392578, 1007.33966064, 142.964584351, 215.672424316, 253.496856689, 31.0087070465, 137.281738281, -121.460357666, 248.10395813, -80.9681243896, 59.0913619995, -96.3584365845, 64.8285217285], [121.693992615, 142.964584351, 1144.88439941, 491.023406982, 246.417419434, 92.4468765259, -52.8500938416, -68.7790222168, -75.5778274536, -61.3628768921, -204.073577881, -26.8210411072, -129.275421143], [73.4825515747, 215.672424316, 491.023406982, 805.352966309, 196.52822876, 22.8302402496, 28.364402771, -161.997421265, 79.9502410889, -145.939544678, -99.8152160645, -81.8706130981, -32.2291641235], [-469.788787842, 253.496856689, 246.417419434, 196.52822876, 380.190032959, 85.5491409302, 71.7286987305, 33.7631454468, 109.158279419, 44.6580352783, 35.7697906494, 12.272769928, 51.1972579956], [-131.525619507, 31.0087070465, 92.4468765259, 22.8302402496, 85.5491409302, 306.542327881, 184.340438843, 50.1928863525, -8.31159305573, -8.62792396545, 22.7042160034, -7.23483896255, 6.30024909973], [-422.018280029, 137.281738281, -52.8500938416, 28.364402771, 71.7286987305, 184.340438843, 388.835296631, 59.1226119995, 36.6554260254, 10.7654132843, 53.9068069458, 22.4103031158, 19.3106498718], [-170.207092285, -121.460357666, -68.7790222168, -161.997421265, 33.7631454468, 50.1928863525, 59.1226119995, 254.312988281, 69.2328262329, 117.961914062, 87.0582885742, 41.3841896057, 41.9996147156], [-393.941864014, 248.10395813, -75.5778274536, 79.9502410889, 109.158279419, -8.31159305573, 36.6554260254, 69.2328262329, 287.125518799, 59.7168769836, 71.7145614624, -31.0420341492, 64.0909423828], [-130.469543457, -80.9681243896, -61.3628768921, -145.939544678, 44.6580352783, -8.62792396545, 10.7654132843, 117.961914062, 59.7168769836, 174.734527588, 75.7747192383, 40.2328186035, 38.1391868591], [-348.643829346, 59.0913619995, -204.073577881, -99.8152160645, 35.7697906494, 22.7042160034, 53.9068069458, 87.0582885742, 71.7145614624, 75.7747192383, 198.988250732, 45.9718780518, 84.3725509644], [-19.2962417603, -96.3584365845, -26.8210411072, -81.8706130981, 12.272769928, -7.23483896255, 22.4103031158, 41.3841896057, -31.0420341492, 40.2328186035, 45.9718780518, 129.273040771, 41.0890388489], [-283.890991211, 64.8285217285, -129.275421143, -32.2291641235, 51.1972579956, 6.30024909973, 19.3106498718, 41.9996147156, 64.0909423828, 38.1391868591, 84.3725509644, 41.0890388489, 139.92048645]],
        "icov": [[0.000524646544363, -0.000398962874897, 0.000411865796195, -0.000600730942097, 0.000663287995849, -0.000531205325387, 0.000839673622977, -0.000475734035717, 0.000726958794985, -0.000725407386199, 0.000921688450035, -0.000795131199993, 0.000842084118631], [-0.000398962874897, 0.00310627697036, -0.00137861073017, 0.00177818012889, -0.00184570322745, 0.00143554655369, -0.00210380903445, 0.00257977866568, -0.00302885705605, 0.00292960205115, -0.00245238631032, 0.00266399607062, -0.0017008157447], [0.000411865796195, -0.00137861073017, 0.0027813334018, -0.00209537590854, -5.13747691002e-05, -0.00154475530144, 0.00193295616191, -0.00173114065547, 0.00217356812209, -0.00212519872002, 0.00286304182373, -0.00217586080544, 0.0023989090696], [-0.000600730942097, 0.00177818012889, -0.00209537590854, 0.00408718502149, -0.00204658159055, 0.00166543747764, -0.00224641198292, 0.00265571987256, -0.00310433935374, 0.00382040906698, -0.00218787719496, 0.0026753002312, -0.00193625502288], [0.000663287995849, -0.00184570322745, -5.13747691002e-05, -0.00204658159055, 0.00613009976223, -0.00196921685711, 0.00146674993448, -0.00132191798184, 0.000868249102496, -0.00332272099331, 0.00140280730557, -0.00239046127535, 8.61582739162e-05], [-0.000531205325387, 0.00143554655369, -0.00154475530144, 0.00166543747764, -0.00196921685711, 0.00644285045564, -0.00393263669685, 0.000321843719576, -0.000728387909476, 0.00290354364552, -0.00234228745103, 0.00320879928768, -0.00189763528761], [0.000839673622977, -0.00210380903445, 0.00193295616191, -0.00224641198292, 0.00146674993448, -0.00393263669685, 0.00622021686286, -0.00232481653802, 0.00212296354584, -0.00242150621489, 0.00226727919653, -0.00359124829993, 0.00280166766606], [-0.000475734035717, 0.00257977866568, -0.00173114065547, 0.00265571987256, -0.00132191798184, 0.000321843719576, -0.00232481653802, 0.00915235001594, -0.00401176698506, -0.000460648385342, -0.00327795790508, 0.00166266609449, -0.00165389431641], [0.000726958794985, -0.00302885705605, 0.00217356812209, -0.00310433935374, 0.000868249102496, -0.000728387909476, 0.00212296354584, -0.00401176698506, 0.0091064190492, -0.00450539076701, 0.00218526949175, -0.000253724603681, 0.000611400813796], [-0.000725407386199, 0.00292960205115, -0.00212519872002, 0.00382040906698, -0.00332272099331, 0.00290354364552, -0.00242150621489, -0.000460648385342, -0.00450539076701, 0.013945415616, -0.00461591826752, 0.00191343796905, -0.00187115778681], [0.000921688450035, -0.00245238631032, 0.00286304182373, -0.00218787719496, 0.00140280730557, -0.00234228745103, 0.00226727919653, -0.00327795790508, 0.00218526949175, -0.00461591826752, 0.0121864918619, -0.00433262018487, -0.000408176740166], [-0.000795131199993, 0.00266399607062, -0.00217586080544, 0.0026753002312, -0.00239046127535, 0.00320879928768, -0.00359124829993, 0.00166266609449, -0.000253724603681, 0.00191343796905, -0.00433262018487, 0.0139437373728, -0.0054023922421], [0.000842084118631, -0.0017008157447, 0.0023989090696, -0.00193625502288, 8.61582739162e-05, -0.00189763528761, 0.00280166766606, -0.00165389431641, 0.000611400813796, -0.00187115778681, -0.000408176740166, -0.0054023922421, 0.0136401765049]]
    },
    "melbands": {
        "dmean": [0.00173131143674, 0.00372241414152, 0.00172926124651, 0.000677700503729, 0.000283876957837, 0.000263460533461, 0.000155754678417, 0.000233044906054, 0.000410072563682, 0.000175185894477, 4.89111589559e-05, 0.000105870320112, 7.50638937461e-05, 8.75931000337e-05, 0.000138345378218, 4.38749593741e-05, 5.4042746342e-05, 3.50725458702e-05, 4.58010399598e-05, 1.63320273714e-05, 7.02571151123e-06, 1.33455841933e-05, 1.79164653673e-05, 1.12171182991e-05, 1.58978400577e-05, 2.67385912593e-05, 2.40098597715e-05, 1.49191364471e-05, 6.21651270194e-06, 2.47629168371e-06, 1.60689455697e-06, 3.76360617338e-06, 3.64112815987e-06, 3.70866064259e-06, 3.1121480788e-06, 2.96001940114e-06, 2.68121948466e-06, 2.45836486101e-06, 1.78507377768e-06, 1.61473155913e-06],
        "dmean2": [0.00273485085927, 0.0055325711146, 0.00298014911823, 0.00124014122412, 0.000475468084915, 0.000459609989775, 0.000279832776869, 0.000426603830419, 0.000686979619786, 0.000286318041617, 8.21079447633e-05, 0.000157992399181, 0.000120458214951, 0.00014983600704, 0.00021167176601, 7.16953873052e-05, 8.620259905e-05, 5.80127598369e-05, 7.99241170171e-05, 2.71121298283e-05, 1.15137991088e-05, 2.15476811718e-05, 2.83260433207e-05, 1.72729123733e-05, 2.45030696533e-05, 4.34270550613e-05, 3.78435579478e-05, 2.32835627685e-05, 9.8615182651e-06, 3.94247854274e-06, 2.63306037596e-06, 6.04046226726e-06, 5.77408491154e-06, 5.84034569329e-06, 4.89694366479e-06, 4.59893635707e-06, 4.3136833483e-06, 3.90970308217e-06, 2.96384587273e-06, 2.64332129518e-06],
        "dvar": [5.16976706422e-06, 4.2983891035e-05, 1.41662794704e-05, 2.51787878369e-06, 2.16961552724e-07, 1.7854448231e-07, 8.37443039359e-08, 3.70244009673e-07, 4.015437014e-07, 7.29741742589e-08, 7.6813648775e-09, 3.69279078427e-08, 3.47648594357e-08, 1.38636568892e-08, 7.21980910612e-08, 4.31122781919e-09, 1.78310877175e-08, 3.8552170345e-09, 1.56992552292e-08, 8.58469628717e-10, 8.41773387106e-11, 6.29806318209e-10, 1.01611008496e-09, 2.28496291332e-10, 3.77646636185e-10, 1.47380430082e-09, 1.32099131633e-09, 6.7424060779e-10, 1.49701542829e-10, 1.39236443555e-11, 5.76640428115e-12, 3.14993343908e-11, 2.87115105996e-11, 2.04633619078e-11, 1.3388260986e-11, 1.73151753352e-11, 1.23623108278e-11, 1.20849580343e-11, 1.17944898639e-11, 1.39511137018e-11],
        "dvar2": [1.36253593155e-05, 9.06688073883e-05, 3.73973853129e-05, 6.98147323419e-06, 5.75853221108e-07, 4.44695757551e-07, 2.19651028033e-07, 1.0370936252e-06, 9.96121002572e-07, 1.71296619556e-07, 1.73441883078e-08, 6.83691823156e-08, 6.19200051233e-08, 3.43580595086e-08, 1.40275744798e-07, 1.07677307071e-08, 4.84664290923e-08, 1.0318060184e-08, 4.47505392742e-08, 2.19979590099e-09, 2.13101619684e-10, 1.61916391406e-09, 2.48615794618e-09, 5.11473696729e-10, 8.19800283214e-10, 3.89013310453e-09, 3.08296610463e-09, 1.52727164249e-09, 3.65572738747e-10, 3.06936281946e-11, 1.37880817874e-11, 7.98449015238e-11, 6.19077913933e-11, 4.74699550501e-11, 3.08362987922e-11, 4.41394525097e-11, 3.07474011529e-11, 2.98520375086e-11, 2.96939868527e-11, 3.71915970243e-11],
        "max": [0.026318103075, 0.044253796339, 0.0228314697742, 0.00975214503706, 0.00539999268949, 0.0043690497987, 0.00299852108583, 0.00573817128316, 0.00671882089227, 0.00246602180414, 0.000987836276181, 0.00286645861343, 0.00473438668996, 0.000931251444854, 0.00360969244502, 0.000710648484528, 0.00213555013761, 0.000639765406959, 0.00141969346441, 0.000531624595169, 0.000104567945527, 0.000402810284868, 0.000529813754838, 0.000183163501788, 0.000265706854407, 0.000508273311425, 0.000613060896285, 0.000464938435471, 0.000199995614821, 4.23826386395e-05, 3.11360854539e-05, 5.74305595364e-05, 4.89585727337e-05, 4.50636143796e-05, 3.84429185942e-05, 5.85070483794e-05, 4.36315349361e-05, 4.95237800351e-05, 4.71790299343e-05, 6.40080106677e-05],
        "mean": [0.00419952394441, 0.00440632598475, 0.00161425769329, 0.000464479031507, 0.000288620358333, 0.00023771567794, 0.000110674511234, 0.000164620636497, 0.000387152045732, 0.000160444542416, 4.73507898278e-05, 0.000125716993352, 8.98180587683e-05, 9.6693787782e-05, 0.000170433297171, 4.81809838675e-05, 6.17186815361e-05, 3.54736621375e-05, 3.91738722101e-05, 1.82532221515e-05, 8.29842156236e-06, 1.5857629478e-05, 2.19288122025e-05, 1.48449689732e-05, 2.29603319895e-05, 3.52781935362e-05, 3.13607015414e-05, 1.8228078261e-05, 8.1967236838e-06, 3.29169597535e-06, 1.88207980045e-06, 4.55803910882e-06, 5.05805564899e-06, 5.30796296516e-06, 4.28181192547e-06, 3.9479705265e-06, 3.56319810635e-06, 3.10838663609e-06, 2.03275385502e-06, 1.85916292139e-06],
        "median": [0.00446935929358, 0.00069064355921, 5.30830293428e-05, 3.40951773978e-05, 9.68502281466e-05, 6.68416396366e-05, 1.91974377231e-05, 3.01018644677e-05, 0.000130771368276, 5.05426905875e-05, 1.51375952555e-05, 3.6885820009e-05, 2.13544881262e-05, 3.35756376444e-05, 4.35419860878e-05, 2.41259331233e-05, 2.29266988754e-05, 1.58770471899e-05, 1.42170792969e-05, 9.92002060229e-06, 5.06513242726e-06, 8.83284519659e-06, 1.11368417492e-05, 7.73869214754e-06, 1.48978606376e-05, 2.28241478908e-05, 1.66949630511e-05, 8.90310911927e-06, 4.25517373515e-06, 1.45086642078e-06, 5.50357754037e-07, 1.66819245351e-06, 1.52709390022e-06, 3.20964227285e-06, 2.57426063399e-06, 2.20646916205e-06, 1.96141377273e-06, 1.65363996985e-06, 7.80662333e-07, 8.61149146658e-07],
        "min": [6.85309771598e-07, 4.71851819839e-08, 3.38404575473e-08, 1.63512666518e-07, 2.87576455094e-07, 4.49166634553e-07, 1.62994226116e-07, 2.28348156384e-07, 1.67005637763e-07, 3.41049371855e-07, 9.59947570323e-08, 1.11814571824e-07, 5.12588265167e-08, 1.71992070364e-07, 1.02081173736e-07, 1.07780692815e-07, 1.26767901065e-07, 4.74590642341e-08, 5.50137571054e-08, 3.26651026228e-08, 7.78681652491e-09, 1.50089074502e-09, 4.88988960434e-10, 1.25972532405e-09, 3.55601166291e-08, 3.82431615265e-08, 3.1277597401e-08, 2.35824622052e-08, 3.44023942667e-09, 4.14502633606e-11, 2.6265942546e-11, 2.53133104755e-11, 3.69735735084e-11, 2.21994561622e-10, 1.2225053192e-09, 8.26289245359e-11, 2.7323553576e-12, 1.6499829118e-13, 2.08322982888e-13, 5.39862154546e-13],
