{
"highlevel": {
    "danceability": {
        "all": {
            "danceable": 0.929146647453,
            "not_danceable": 0.0708533674479
        },
        "probability": 0.929146647453,
        "value": "danceable"
    },
    "gender": {
        "all": {
            "female": 0.546361088753,
            "male": 0.453638911247
        },
        "probability": 0.546361088753,
        "value": "female"
    },
    "genre_dortmund": {
        "all": {
            "alternative": 0.128468319774,
            "blues": 0.111296057701,
            "electronic": 0.0739395916462,
            "folkcountry": 0.116852544248,
            "funksoulrnb": 0.0211069583893,
            "jazz": 0.105002097785,
            "pop": 0.102350622416,
            "raphiphop": 0.0341847315431,
            "rock": 0.306799054146
        },
        "probability": 0.306799054146,
        "value": "rock"
    },
    "genre_electronic": {
        "all": {
            "ambient": 0.472771853209,
            "dnb": 0.0927561745048,
            "house": 0.0664912685752,
            "techno": 0.02304421179,
            "trance": 0.344936490059
        },
        "probability": 0.472771853209,
        "value": "ambient"
    },
    "genre_rosamerica": {
        "all": {
            "cla": 0.00749298604205,
            "dan": 0.128017067909,
            "hip": 0.0118321124464,
            "jaz": 0.0129371760413,
            "pop": 0.526733338833,
            "rhy": 0.0204711891711,
            "roc": 0.290206998587,
            "spe": 0.00230910396203
        },
        "probability": 0.526733338833,
        "value": "pop"
    },
    "genre_tzanetakis": {
        "all": {
            "blu": 0.0626613423228,
            "cla": 0.0348169617355,
            "cou": 0.104475811124,
            "dis": 0.0784321576357,
            "hip": 0.15692435205,
            "jaz": 0.313974827528,
            "met": 0.0448166541755,
            "pop": 0.0627359300852,
            "reg": 0.0627360641956,
            "roc": 0.0784258767962
        },
        "probability": 0.313974827528,
        "value": "jaz"
    },
    "ismir04_rhythm": {
        "all": {
            "ChaChaCha": 0.897030353546,
            "Jive": 0.0437085106969,
            "Quickstep": 0.00815542601049,
            "Rumba-American": 0.00673684198409,
            "Rumba-International": 0.00377407320775,
            "Rumba-Misc": 0.00217219442129,
            "Samba": 0.0157075282186,
            "Tango": 0.00449105072767,
            "VienneseWaltz": 0.0175739973783,
            "Waltz": 0.000650011643302
        },
        "probability": 0.897030353546,
        "value": "ChaChaCha"
    },
    "mood_acoustic": {
        "all": {
            "acoustic": 0.0631756484509,
            "not_acoustic": 0.936824381351
        },
        "probability": 0.936824381351,
        "value": "not_acoustic"
    },
    "mood_aggressive": {
        "all": {
            "aggressive": 0.155986711383,
            "not_aggressive": 0.844013273716
        },
        "probability": 0.844013273716,
        "value": "not_aggressive"
    },
    "mood_electronic": {
        "all": {
            "electronic": 0.69044148922,
            "not_electronic": 0.309558480978
        },
        "probability": 0.69044148922,
        "value": "electronic"
    },
    "mood_happy": {
        "all": {
            "happy": 0.8059014678,
            "not_happy": 0.194098562002
        },
        "probability": 0.8059014678,
        "value": "happy"
    },
    "mood_party": {
        "all": {
            "not_party": 0.459570139647,
            "party": 0.540429830551
        },
        "probability": 0.540429830551,
        "value": "party"
    },
    "mood_relaxed": {
        "all": {
            "not_relaxed": 0.878034353256,
            "relaxed": 0.121965639293
        },
        "probability": 0.878034353256,
        "value": "not_relaxed"
    },
    "mood_sad": {
        "all": {
            "not_sad": 0.566736280918,
            "sad": 0.433263748884
        },
        "probability": 0.566736280918,
        "value": "not_sad"
    },
    "moods_mirex": {
        "all": {
            "Cluster1": 0.283646136522,
            "Cluster2": 0.258947253227,
            "Cluster3": 0.111092068255,
            "Cluster4": 0.26624122262,
            "Cluster5": 0.0800732970238
        },
        "probability": 0.283646136522,
        "value": "Cluster1"
    },
    "timbre": {
        "all": {
            "bright": 0.997193574905,
            "dark": 0.0028064281214
        },
        "probability": 0.997193574905,
        "value": "bright"
    },
    "tonal_atonal": {
        "all": {
            "atonal": 0.00125986221246,
            "tonal": 0.998740136623
        },
        "probability": 0.998740136623,
        "value": "tonal"
    },
    "voice_instrumental": {
        "all": {
            "instrumental": 0.756649851799,
            "voice": 0.243350118399
        },
        "probability": 0.756649851799,
        "value": "instrumental"
    }
},
"lowlevel": {
    "average_loudness": 0.95998108387,
    "barkbands_crest": {
        "dmean": 2.49247431755,
        "dmean2": 3.79531264305,
        "dvar": 7.02211093903,
        "dvar2": 14.7815856934,
        "max": 25.6099529266,
        "mean": 9.55061912537,
        "median": 8.02742290497,
        "min": 2.48064947128,
        "var": 25.2637767792
    },
    "barkbands_flatness_db": {
        "dmean": 0.0229242742062,
        "dmean2": 0.0332645066082,
        "dvar": 0.000610700866673,
        "dvar2": 0.00128800503444,
        "max": 0.340863108635,
        "mean": 0.126972615719,
        "median": 0.120638489723,
        "min": 0.038399297744,
        "var": 0.00207033357583
    },
    "barkbands_kurtosis": {
        "dmean": 2.45852971077,
        "dmean2": 3.72544908524,
        "dvar": 39.0159263611,
        "dvar2": 76.574760437,
        "max": 157.350540161,
        "mean": 3.02247452736,
        "median": 0.652410507202,
        "min": -1.4394711256,
        "var": 73.0634384155
    },
    "barkbands_skewness": {
        "dmean": 0.482903391123,
        "dmean2": 0.718912005424,
        "dvar": 0.360785484314,
        "dvar2": 0.730624616146,
        "max": 11.5670042038,
        "mean": 1.22640120983,
        "median": 0.884831130505,
        "min": -0.871405720711,
        "var": 1.47186243534
    },
    "barkbands_spread": {
        "dmean": 6.19985723495,
        "dmean2": 9.20356178284,
        "dvar": 49.9240684509,
        "dvar2": 100.468322754,
        "max": 88.8765335083,
        "mean": 23.2227325439,
        "median": 21.7425956726,
        "min": 1.17395555973,
        "var": 117.60684967
    },
    "dissonance": {
        "dmean": 0.0213628727943,
        "dmean2": 0.0354704037309,
        "dvar": 0.000354066782165,
        "dvar2": 0.000910371774808,
        "max": 0.499859184027,
        "mean": 0.462981551886,
        "median": 0.469213932753,
        "min": 0.317605555058,
        "var": 0.000719719566405
    },
    "dynamic_complexity": 1.77749466896,
    "erbbands_crest": {
        "dmean": 3.04124689102,
        "dmean2": 4.85780239105,
        "dvar": 6.97370624542,
        "dvar2": 17.7749919891,
        "max": 24.8879985809,
        "mean": 9.13871574402,
        "median": 8.13432312012,
        "min": 2.31640219688,
        "var": 18.3670310974
    },
    "erbbands_flatness_db": {
        "dmean": 0.0175106022507,
        "dmean2": 0.024769756943,
        "dvar": 0.000252293830272,
        "dvar2": 0.00044695273391,
        "max": 0.272967964411,
        "mean": 0.154049381614,
        "median": 0.158269539475,
        "min": 0.0658428072929,
        "var": 0.00150672357995
    },
    "erbbands_kurtosis": {
        "dmean": 0.828591167927,
        "dmean2": 1.31739854813,
        "dvar": 0.790743589401,
        "dvar2": 1.74565637112,
        "max": 10.4419679642,
        "mean": 0.531159520149,
        "median": 0.0950605869293,
        "min": -1.36416053772,
        "var": 2.28186392784
    },
    "erbbands_skewness": {
        "dmean": 0.354598850012,
        "dmean2": 0.532962739468,
        "dvar": 0.0897951349616,
        "dvar2": 0.200711801648,
        "max": 2.18782615662,
        "mean": 0.353667348623,
        "median": 0.298340380192,
        "min": -1.659684062,
        "var": 0.320281803608
    },
    "erbbands_spread": {
        "dmean": 7.6749997139,
        "dmean2": 11.1625423431,
        "dvar": 68.543586731,
        "dvar2": 142.227035522,
        "max": 88.5728988647,
        "mean": 33.0318069458,
        "median": 28.8256702423,
        "min": 7.02325630188,
        "var": 255.821273804
    },
    "hfc": {
        "dmean": 10.8791484833,
        "dmean2": 15.6445951462,
        "dvar": 187.953994751,
        "dvar2": 368.466247559,
        "max": 130.588272095,
        "mean": 25.4805164337,
        "median": 20.6048812866,
        "min": 1.6894506216,
        "var": 369.293731689
    },
    "melbands_crest": {
        "dmean": 3.05038714409,
        "dmean2": 4.66361856461,
        "dvar": 10.626789093,
        "dvar2": 23.5599803925,
        "max": 36.1779174805,
        "mean": 13.6004400253,
        "median": 11.5442056656,
        "min": 3.86977219582,
        "var": 41.9071235657
    },
    "melbands_flatness_db": {
        "dmean": 0.0268833078444,
        "dmean2": 0.0379896424711,
        "dvar": 0.000914971868042,
        "dvar2": 0.0018950701924,
        "max": 0.438111305237,
        "mean": 0.179466992617,
        "median": 0.169036239386,
        "min": 0.0507959239185,
        "var": 0.00383841781877
    },
    "melbands_kurtosis": {
        "dmean": 6.2353310585,
        "dmean2": 9.29731750488,
        "dvar": 196.325393677,
        "dvar2": 419.19140625,
        "max": 271.432067871,
        "mean": 10.5379972458,
        "median": 3.3535733223,
        "min": -1.48205888271,
        "var": 436.82989502
    },
    "melbands_skewness": {
        "dmean": 0.643450975418,
        "dmean2": 0.931254386902,
        "dvar": 0.737595915794,
        "dvar2": 1.50990462303,
        "max": 13.2658586502,
        "mean": 2.16444659233,
        "median": 1.63193929195,
        "min": -0.469333946705,
        "var": 3.28894138336
    },
    "melbands_spread": {
        "dmean": 7.22278547287,
        "dmean2": 10.7446184158,
        "dvar": 51.4349784851,
        "dvar2": 115.62020874,
        "max": 80.1057510376,
        "mean": 25.5107269287,
        "median": 24.9945716858,
        "min": 0.827583312988,
        "var": 154.075485229
    },
    "pitch_salience": {
        "dmean": 0.0704973042011,
        "dmean2": 0.111402489245,
        "dvar": 0.00740172108635,
        "dvar2": 0.0186416655779,
        "max": 0.856972515583,
        "mean": 0.527419626713,
        "median": 0.545176446438,
        "min": 0.0838678851724,
        "var": 0.0159729346633
    },
    "silence_rate_20dB": {
        "dmean": 0,
        "dmean2": 0,
        "dvar": 0,
        "dvar2": 0,
        "max": 1,
        "mean": 1,
        "median": 1,
        "min": 1,
        "var": 0
    },
    "silence_rate_30dB": {
        "dmean": 0.0340557284653,
        "dmean2": 0.0681642144918,
        "dvar": 0.032895822078,
        "dvar2": 0.0805587992072,
        "max": 1,
        "mean": 0.97138440609,
        "median": 1,
        "min": 0,
        "var": 0.027796426788
    },
    "silence_rate_60dB": {
        "dmean": 0,
        "dmean2": 0,
        "dvar": 0,
        "dvar2": 0,
        "max": 0,
        "mean": 0,
        "median": 0,
        "min": 0,
        "var": 0
    },
    "spectral_centroid": {
        "dmean": 277.572357178,
        "dmean2": 410.672973633,
        "dvar": 77065.9453125,
        "dvar2": 154898.546875,
        "max": 3744.03735352,
        "mean": 1365.08361816,
        "median": 1308.72314453,
        "min": 211.164855957,
        "var": 217208.25
    },
    "spectral_complexity": {
        "dmean": 5.36377716064,
        "dmean2": 7.72656869888,
        "dvar": 34.3119544983,
        "dvar2": 61.7029571533,
        "max": 55,
        "mean": 22.7293109894,
        "median": 21,
        "min": 5,
        "var": 85.2895126343
    },
    "spectral_decrease": {
        "dmean": 2.62410759788e-09,
        "dmean2": 3.85493326149e-09,
        "dvar": 2.19701817672e-17,
        "dvar2": 4.92560147479e-17,
        "max": -1.05077291312e-09,
        "mean": -8.29938073821e-09,
        "median": -6.72452493689e-09,
        "min": -4.7247741719e-08,
        "var": 4.15619049447e-17
    },
    "spectral_energy": {
        "dmean": 0.0106848729774,
        "dmean2": 0.0155730685219,
        "dvar": 0.000334337353706,
        "dvar2": 0.000744647579268,
        "max": 0.182587504387,
        "mean": 0.0336349532008,
        "median": 0.0274147149175,
        "min": 0.00421491358429,
        "var": 0.000637584540527
    },
    "spectral_energyband_high": {
        "dmean": 0.000662591657601,
        "dmean2": 0.000962003192399,
        "dvar": 1.33742378239e-06,
        "dvar2": 2.46062609222e-06,
        "max": 0.0128905083984,
        "mean": 0.00101201597136,
        "median": 0.000445879297331,
        "min": 1.46316669998e-05,
        "var": 2.22193261834e-06
    },
    "spectral_energyband_low": {
        "dmean": 0.00571016548201,
        "dmean2": 0.00838903989643,
        "dvar": 0.000243470931309,
        "dvar2": 0.000551851931959,
        "max": 0.158962816,
        "mean": 0.013714778237,
        "median": 0.0070854392834,
        "min": 4.15294562117e-06,
        "var": 0.000425596517744
    },
    "spectral_energyband_middle_high": {
        "dmean": 0.00319644552656,
        "dmean2": 0.00483942357823,
        "dvar": 1.36537746585e-05,
        "dvar2": 2.8167205528e-05,
        "max": 0.0357303097844,
        "mean": 0.00764451920986,
        "median": 0.00629025837407,
        "min": 0.000363759405445,
        "var": 3.34341566486e-05
    },
    "spectral_energyband_middle_low": {
        "dmean": 0.00605126051232,
        "dmean2": 0.0100503517315,
        "dvar": 0.000140457210364,
        "dvar2": 0.000397822732339,
        "max": 0.106474205852,
        "mean": 0.0128691233695,
        "median": 0.0105077847838,
        "min": 0.000734509027097,
        "var": 0.000127409337438
    },
    "spectral_entropy": {
        "dmean": 0.169219434261,
        "dmean2": 0.242548987269,
        "dvar": 0.0353871881962,
        "dvar2": 0.0645572915673,
        "max": 8.52603816986,
        "mean": 7.6554017067,
        "median": 7.63859415054,
        "min": 6.58670520782,
        "var": 0.112918458879
    },
    "spectral_flux": {
        "dmean": 0.0293665789068,
        "dmean2": 0.0427574403584,
        "dvar": 0.00166102021467,
        "dvar2": 0.00251264846884,
        "max": 0.411903977394,
        "mean": 0.093958504498,
        "median": 0.0775247067213,
        "min": 0.0203087385744,
        "var": 0.00395312486216
    },
    "spectral_kurtosis": {
        "dmean": 1.45486807823,
        "dmean2": 2.32474398613,
        "dvar": 2.39128613472,
        "dvar2": 5.88746118546,
        "max": 17.2244205475,
        "mean": 4.24792671204,
        "median": 3.94285535812,
        "min": -0.0506570339203,
        "var": 5.69580364227
    },
    "spectral_rms": {
        "dmean": 0.000817324442323,
        "dmean2": 0.00116488302592,
        "dvar": 1.16623891699e-06,
        "dvar2": 2.4159107852e-06,
        "max": 0.0133466906846,
        "mean": 0.00544425984845,
        "median": 0.00517165986821,
        "min": 0.00202783406712,
        "var": 3.17461103805e-06
    },
    "spectral_rolloff": {
        "dmean": 483.147247314,
        "dmean2": 777.647033691,
        "dvar": 492027.78125,
        "dvar2": 1107021.875,
        "max": 7558.15429688,
        "mean": 1407.90209961,
        "median": 1335.05859375,
        "min": 64.599609375,
        "var": 821879.625
    },
    "spectral_skewness": {
        "dmean": 0.219685301185,
        "dmean2": 0.326723366976,
        "dvar": 0.0409866645932,
        "dvar2": 0.085804335773,
        "max": 3.12861132622,
        "mean": 1.61489975452,
        "median": 1.58353018761,
        "min": 0.582690238953,
        "var": 0.144771561027
    },
    "spectral_spread": {
        "dmean": 580423.6875,
        "dmean2": 829444.5625,
        "dvar": 470005252096,
        "dvar2": 877891354624,
        "max": 12196462,
        "mean": 4599301,
        "median": 4289910.5,
        "min": 2364647.75,
        "var": 1.93687637197e+12
    },
    "spectral_strongpeak": {
        "dmean": 0.549202919006,
        "dmean2": 0.940535783768,
        "dvar": 0.665414690971,
        "dvar2": 1.7425287962,
        "max": 7.90364408493,
        "mean": 1.02264535427,
        "median": 0.517979383469,
        "min": 0,
        "var": 1.2833584547
    },
    "zerocrossingrate": {
        "dmean": 0.0106091573834,
        "dmean2": 0.0122826751322,
        "dvar": 0.000122767218272,
        "dvar2": 0.000171130435774,
        "max": 0.18896484375,
        "mean": 0.057233132422,
        "median": 0.05517578125,
        "min": 0.00341796875,
        "var": 0.000606179295573
    },
    "barkbands": {
        "dmean": [0.000494082982186, 0.00420824624598, 0.00279681826942, 0.001567848376, 0.00174037832767, 0.00117361661978, 0.000867486349307, 0.00129982060753, 0.000878077349626, 0.00155171635561, 0.000577045371756, 0.000646965461783, 0.000670880253892, 0.000742189120501, 0.000574741803575, 0.000450119376183, 0.000274918973446, 0.000279940461041, 0.000186345670954, 0.000156008012709, 0.000123282137793, 0.000119880198326, 0.000129319087137, 0.000122058605484, 0.000127555627842, 4.30215732194e-05, 2.41665730982e-07],
        "dmean2": [0.000679784861859, 0.00591612234712, 0.00510711874813, 0.0028913684655, 0.0030108189676, 0.00183511653449, 0.00133843021467, 0.0020020226948, 0.0013817549916, 0.00240472657606, 0.000931345915888, 0.00105367635842, 0.00111550581641, 0.00122718513012, 0.000930213893298, 0.000707396538928, 0.000458164751763, 0.000437026115833, 0.000296826445265, 0.000236857566051, 0.000187954399735, 0.00018007401377, 0.000187396188267, 0.000186526798643, 0.000193062034668, 6.95997659932e-05, 3.82596709869e-07],
        "dvar": [1.42624378441e-06, 0.000138005299959, 0.000122253317386, 3.25812507072e-05, 2.48134947469e-05, 2.77375966107e-06, 2.22826270146e-06, 7.8994080468e-06, 1.60890226653e-06, 5.5739265008e-06, 2.02839851227e-06, 1.15193643069e-06, 1.13574719762e-06, 1.53873452291e-06, 8.1096482063e-07, 6.81237736444e-07, 1.39791595188e-07, 1.88396214185e-07, 1.05173121767e-07, 4.68164458312e-08, 3.96037016515e-08, 4.93862870599e-08, 6.59476242504e-08, 5.2238817716e-08, 6.3123437144e-08, 9.93685311812e-09, 7.71115701674e-13],
        "dvar2": [2.58717795987e-06, 0.000270154327154, 0.000352445495082, 9.5744668215e-05, 6.87849606038e-05, 7.7022377809e-06, 5.08274979438e-06, 2.04008138098e-05, 3.60569470104e-06, 1.33390685733e-05, 5.2044192671e-06, 2.72890383712e-06, 2.87964280687e-06, 4.10598613598e-06, 2.00836279873e-06, 1.61433501944e-06, 3.5420245581e-07, 4.31959279013e-07, 2.56682312738e-07, 9.86441648365e-08, 7.44758423821e-08, 1.04084790564e-07, 1.35048466632e-07, 1.00230991507e-07, 1.35212971486e-07, 2.24634408852e-08, 1.7830736887e-12],
        "max": [0.0165340807289, 0.117244258523, 0.0959311202168, 0.0485195070505, 0.0425612479448, 0.0166228879243, 0.0214760154486, 0.036201223731, 0.0180358570069, 0.0211097169667, 0.0180950909853, 0.0140559095889, 0.0109950611368, 0.0164029356092, 0.0097758024931, 0.00999611523002, 0.0038752539549, 0.00383715936914, 0.00334508926608, 0.00166556762997, 0.00279894960113, 0.00235853623599, 0.00241262465715, 0.00277965492569, 0.00247100158595, 0.0012050505029, 9.85844235402e-06],
        "mean": [0.000775653752498, 0.00943161360919, 0.00280656572431, 0.00161564943846, 0.00208189734258, 0.00218539359048, 0.00147113774437, 0.00216857087798, 0.00147326337174, 0.00246465834789, 0.00069325172808, 0.000925728003494, 0.000882003514562, 0.00101100443862, 0.000833950936794, 0.000637401652057, 0.000413020257838, 0.000409420928918, 0.000233721089899, 0.000223385170102, 0.000203134288313, 0.000164388722624, 0.000157905247761, 0.000171373627381, 0.000156119160238, 4.45024816145e-05, 2.07617972592e-07],
        "median": [0.000254500540905, 0.00361637398601, 0.000899246428162, 0.0006518822629, 0.000937904580496, 0.0013891273411, 0.000824923801702, 0.000568950548768, 0.000942041631788, 0.0011557736434, 0.000280558422673, 0.000506013864651, 0.000391245557694, 0.000537884305231, 0.000489543774165, 0.000315659097396, 0.000290402938845, 0.000166297963005, 0.000109293534479, 0.00011432680185, 9.82154451776e-05, 6.31140283076e-05, 4.30858890468e-05, 6.75011178828e-05, 4.78690344607e-05, 7.21334617992e-06, 1.90280835533e-09],
        "min": [3.25763011233e-07, 1.64769843991e-07, 3.72496167245e-08, 1.48721596815e-07, 3.07006325784e-06, 2.89652944048e-05, 4.68597318104e-06, 5.33507409273e-06, 3.53471796188e-06, 6.29716396361e-06, 7.95191681391e-06, 4.34433968621e-06, 7.27963197278e-06, 2.60112801698e-06, 4.85652753923e-06, 5.42262796444e-06, 2.41296515924e-06, 3.67923735212e-06, 1.95381039703e-06, 2.43989074988e-06, 2.16330420244e-07, 1.03241518445e-06, 3.02504332694e-07, 7.4227392588e-07, 3.53549550747e-10, 4.78544764579e-12, 5.76758042367e-12],
        "var": [2.57764168055e-06, 0.000240139386733, 7.06712526153e-05, 1.82953353942e-05, 1.89928287e-05, 5.31856312591e-06, 4.13295265389e-06, 1.69403465407e-05, 3.48933440364e-06, 1.18503521662e-05, 1.97989243134e-06, 1.78779248472e-06, 1.63870595316e-06, 2.20742299462e-06, 1.19358674056e-06, 9.25979179556e-07, 1.78562686415e-07, 3.14546355185e-07, 1.11208336762e-07, 7.28101099412e-08, 7.68073462609e-08, 6.95995296951e-08, 9.38627024993e-08, 8.34483202539e-08, 8.37837745848e-08, 1.20354215483e-08, 7.52486831526e-13]
    },
    "erbbands": {
        "dmean": [0.160759851336, 0.984727680683, 2.92709255219, 4.5107831955, 5.96716165543, 5.33117437363, 5.35194396973, 11.2316274643, 11.5413885117, 18.056684494, 28.4288749695, 18.4412670135, 59.3735771179, 17.8262882233, 26.4305400848, 28.0850582123, 33.5856170654, 37.9024581909, 21.0682659149, 33.4578590393, 25.4292068481, 13.3991498947, 14.9530143738, 12.3386793137, 8.40065288544, 7.80152511597, 4.26175689697, 5.85066175461, 4.4759221077, 3.52891898155, 3.64799308777, 2.76092338562, 2.10056996346, 1.68857431412, 0.755595266819, 0.245608910918, 0.0806535184383, 0.00625106412917, 0.000144444988109, 2.13912389881e-05],
        "dmean2": [0.214261770248, 1.46211469173, 5.16317272186, 8.29397773743, 10.5220117569, 9.26703071594, 8.52136993408, 17.8033676147, 18.0120410919, 28.1166496277, 43.4882583618, 28.6148643494, 91.5471572876, 27.9129619598, 41.9578742981, 45.3479270935, 55.5404434204, 63.0637397766, 33.5579490662, 53.6718139648, 39.5965881348, 21.9749126434, 23.5670528412, 19.2244148254, 13.5143327713, 11.9273405075, 6.39517641068, 8.88016986847, 6.81901216507, 5.16469717026, 5.24790334702, 4.05168628693, 3.31238698959, 2.59201049805, 1.19647991657, 0.391835659742, 0.13241623342, 0.0107057187706, 0.000226860196562, 3.0153829357e-05],
        "dvar": [0.203543439507, 8.79853248596, 119.775253296, 302.165802002, 322.15826416, 239.566925049, 154.876419067, 259.414520264, 374.104431152, 1227.10986328, 5231.46191406, 849.227844238, 8142.88720703, 875.726989746, 3536.22998047, 2448.07983398, 2920.65454102, 3876.59570312, 1210.31872559, 2858.75268555, 2423.04907227, 362.596282959, 479.950653076, 450.701293945, 191.106842041, 119.14781189, 45.0481376648, 88.998588562, 68.3058395386, 45.0907173157, 51.3587684631, 26.6550807953, 16.6853618622, 11.414560318, 2.3481388092, 0.299315035343, 0.0372542701662, 0.000257077655988, 1.20317906749e-07, 1.3315873959e-09],
        "dvar2": [0.379697948694, 20.2996921539, 336.714935303, 879.825500488, 907.609924316, 672.223937988, 408.589324951, 719.474060059, 994.960693359, 2663.28149414, 13666.953125, 1834.1697998, 19395.9726562, 2096.91894531, 8971.47363281, 5867.45703125, 7433.68261719, 10337.0224609, 2946.62182617, 7285.25488281, 5905.29052734, 908.067993164, 1105.27172852, 1032.20825195, 465.635803223, 245.983932495, 83.9370422363, 181.375991821, 145.454788208, 87.6175308228, 106.597343445, 50.8786430359, 34.2004585266, 24.1223564148, 5.45174074173, 0.660116970539, 0.0820607841015, 0.00063584826421, 2.63651600108e-07, 2.76064526794e-09],
        "max": [4.41007709503, 31.975938797, 92.8896789551, 140.926025391, 156.578964233, 143.702301025, 118.213790894, 141.908172607, 313.108276367, 696.683166504, 975.771789551, 570.934448242, 823.260925293, 400.999389648, 810.124938965, 717.893432617, 534.730834961, 763.17565918, 449.350219727, 608.648742676, 659.891418457, 226.872390747, 221.653793335, 199.253707886, 152.963577271, 102.320640564, 111.459609985, 100.644317627, 74.3901290894, 64.7427215576, 63.0844993591, 65.7975463867, 45.6940689087, 33.8513336182, 14.0578994751, 7.32395362854, 2.18187451363, 0.219516769052, 0.00366397690959, 0.000348149740603],
        "mean": [0.302489936352, 1.96597647667, 3.51139855385, 4.66985464096, 6.57954645157, 6.44969892502, 8.12289237976, 20.3695926666, 20.7216835022, 32.6872024536, 47.4246864319, 35.4195747375, 97.8460235596, 27.8779430389, 35.8581161499, 41.9280128479, 46.0661010742, 52.9378547668, 33.3913726807, 47.7987251282, 37.51745224, 21.699552536, 23.0106105804, 15.5365552902, 11.4096813202, 11.4690637589, 7.21226739883, 8.99051570892, 6.10507297516, 4.75316858292, 4.32996034622, 3.74412631989, 2.81001400948, 2.07963657379, 0.866174995899, 0.270449995995, 0.0795495584607, 0.00550008704886, 0.000161136093084, 5.05714015162e-05],
        "median": [0.0836984664202, 0.787351131439, 1.42439782619, 1.82158923149, 2.92653131485, 2.48788666725, 4.15130853653, 11.8439493179, 13.2385196686, 13.6398611069, 13.508603096, 23.873008728, 45.5546913147, 16.2848625183, 19.2401924133, 24.2820358276, 22.6138095856, 28.7392845154, 21.3704051971, 26.2013225555, 20.0100383759, 15.261133194, 11.1759901047, 6.20823574066, 5.80046606064, 5.90745353699, 3.88384389877, 3.69564414024, 2.40674614906, 1.54493904114, 1.13493740559, 1.38003885746, 1.0913310051, 0.697844445705, 0.223184227943, 0.0561084114015, 0.00774134323001, 0.000451091182185, 3.26917579514e-05, 3.57494500349e-05],
        "min": [4.09827916883e-05, 1.75687746378e-05, 8.12056678114e-05, 0.000503104354721, 0.00510493759066, 0.0195982977748, 0.113747492433, 0.280846387148, 0.162536367774, 0.135222107172, 0.14118885994, 0.491689175367, 0.324244707823, 0.242732346058, 0.768725275993, 0.469879001379, 0.852105498314, 0.594589591026, 0.495357960463, 0.524231076241, 0.351778775454, 0.216543361545, 0.157323002815, 0.242715165019, 0.105880223215, 0.141503095627, 0.0202284008265, 0.0200960561633, 0.0509768240154, 0.0230230726302, 0.0128912003711, 0.0152324847877, 0.0121425790712, 0.00353339710273, 0.000162991113029, 2.11178448808e-05, 2.53219650403e-06, 4.25354812705e-07, 2.51107439908e-06, 4.94096002512e-06],
        "var": [0.350630789995, 11.2607221603, 76.2107849121, 170.253967285, 217.686264038, 191.314559937, 165.830749512, 499.363922119, 551.48425293, 2994.91113281, 10575.5800781, 2139.91967773, 18352.6660156, 1355.40771484, 3779.82373047, 3674.43383789, 4305.73779297, 5497.94726562, 1777.91186523, 4169.41601562, 3109.68359375, 474.151641846, 885.428344727, 541.449462891, 211.383865356, 193.513259888, 88.3516387939, 155.402114868, 93.8498840332, 70.293182373, 72.0501022339, 44.4555168152, 23.5271816254, 14.9708528519, 2.81348800659, 0.369216829538, 0.0455963611603, 0.000249652803177, 1.43492613347e-07, 2.26900853662e-09]
    },
    "gfcc": {
        "mean": [28.3866424561, 96.8879394531, -126.917762756, 31.3342418671, -60.1967849731, 29.3082466125, -38.8871421814, 18.4422302246, -18.5177688599, 7.81099033356, -12.2390108109, -3.65277385712, -3.01709222794],
        "cov": [[2079.00878906, -932.298095703, 131.215057373, -43.017906189, -134.109573364, 22.4626712799, -146.658676147, 63.3939743042, -166.250640869, 86.2935943604, -213.450698853, 126.042892456, -232.058944702], [-932.298095703, 1081.55773926, -152.424880981, -10.9952039719, 153.925537109, -106.051979065, 113.019760132, -53.2912826538, 130.544723511, -146.721633911, 141.467269897, -148.960449219, 135.818511963], [131.215057373, -152.424880981, 756.98046875, 135.349349976, 106.836471558, 101.196739197, 19.4605255127, 30.2271194458, -51.3658866882, 108.994186401, -46.3316383362, 132.404281616, -69.3892211914], [-43.017906189, -10.9952039719, 135.349349976, 255.323043823, 81.3292617798, 29.541135788, -18.1063327789, -32.8430519104, 19.8536777496, -1.22745239735, 18.7290821075, -6.34420251846, 31.2206401825], [-134.109573364, 153.925537109, 106.836471558, 81.3292617798, 197.346282959, 15.2773828506, 33.7885665894, -1.47436845303, 12.2808265686, -1.0525393486, 27.2648849487, 22.0625896454, -3.97713541985], [22.4626712799, -106.051979065, 101.196739197, 29.541135788, 15.2773828506, 134.885986328, 48.2502861023, 19.9817619324, -10.1578330994, 19.2558288574, 7.55449867249, 17.2079124451, -9.43882846832], [-146.658676147, 113.019760132, 19.4605255127, -18.1063327789, 33.7885665894, 48.2502861023, 116.845527649, 20.2476787567, 16.1420135498, -10.2475290298, 24.2729969025, 1.72905099392, 10.2678165436], [63.3939743042, -53.2912826538, 30.2271194458, -32.8430519104, -1.47436845303, 19.9817619324, 20.2476787567, 82.7017822266, 14.8129053116, 22.3846321106, -13.6728878021, 8.33517074585, -22.1988239288], [-166.250640869, 130.544723511, -51.3658866882, 19.8536777496, 12.2808265686, -10.1578330994, 16.1420135498, 14.8129053116, 94.012550354, 7.69770383835, 33.1070213318, -31.8871994019, 30.0664482117], [86.2935943604, -146.721633911, 108.994186401, -1.22745239735, -1.0525393486, 19.2558288574, -10.2475290298, 22.3846321106, 7.69770383835, 107.500541687, -4.88469076157, 46.1513175964, -15.8392677307], [-213.450698853, 141.467269897, -46.3316383362, 18.7290821075, 27.2648849487, 7.55449867249, 24.2729969025, -13.6728878021, 33.1070213318, -4.88469076157, 120.881072998, 6.53826713562, 26.8698787689], [126.042892456, -148.960449219, 132.404281616, -6.34420251846, 22.0625896454, 17.2079124451, 1.72905099392, 8.33517074585, -31.8871994019, 46.1513175964, 6.53826713562, 110.752006531, -12.0049028397], [-232.058944702, 135.818511963, -69.3892211914, 31.2206401825, -3.97713541985, -9.43882846832, 10.2678165436, -22.1988239288, 30.0664482117, -15.8392677307, 26.8698787689, -12.0049028397, 113.099189758]],
        "icov": [[0.00101350876503, 0.000289508345304, 0.000307710142806, -0.000419098854763, 0.000365251500625, -4.21956574428e-05, 0.000478413829114, -0.000386546627851, 0.00037893166882, 8.08017503005e-05, 0.00103994982783, -0.00102594366763, 0.00148098100908], [0.000289508345304, 0.0051002195105, -0.00222443998791, 0.00338630727492, -0.00390499061905, 0.00439533218741, -0.00283947633579, 0.00171371968463, -0.00262621534057, 0.00408451911062, -0.00404188223183, 0.00673411181197, -0.00406137481332], [0.000307710142806, -0.00222443998791, 0.0037331006024, -0.00323441694491, 0.00140840327367, -0.00280056637712, 0.000861127336975, -0.00115532334894, 0.00185921846423, -0.00327112944797, 0.00349541194737, -0.0056786974892, 0.00361114228144], [-0.000419098854763, 0.00338630727492, -0.00323441694491, 0.0092450203374, -0.00526515906677, 0.00107335019857, 0.000666310836095, 0.00363563909195, -0.00374420057051, 0.00362729118206, -0.00391395948827, 0.00704697519541, -0.00572415580973], [0.000365251500625, -0.00390499061905, 0.00140840327367, -0.00526515906677, 0.0103654544801, -0.00240770308301, 0.000107292362372, -0.00165220350027, 0.00148244819138, -0.00219886610284, 0.0028814827092, -0.0074622114189, 0.00540721137077], [-4.21956574428e-05, 0.00439533218741, -0.00280056637712, 0.00107335019857, -0.00240770308301, 0.014736328274, -0.0076369792223, -0.000492527033202, 0.000506948970724, 0.00178854109254, -0.00500734103844, 0.00702305231243, -0.00358671811409], [0.000478413829114, -0.00283947633579, 0.000861127336975, 0.000666310836095, 0.000107292362372, -0.0076369792223, 0.0152691891417, -0.0031351421494, -0.000406127102906, 0.000589045695961, 0.00147915189154, -0.00448310282081, 0.00146389950532], [-0.000386546627851, 0.00171371968463, -0.00115532334894, 0.00363563909195, -0.00165220350027, -0.000492527033202, -0.0031351421494, 0.0175867024809, -0.00648709619418, -0.000136605041916, 0.000839188345708, 0.00168724439573, 0.000758903333917], [0.00037893166882, -0.00262621534057, 0.00185921846423, -0.00374420057051, 0.00148244819138, 0.000506948970724, -0.000406127102906, -0.00648709619418, 0.0200071576983, -0.00728657189757, -0.00174077285919, 0.00254431599751, -0.000692005793098], [8.08017503005e-05, 0.00408451911062, -0.00327112944797, 0.00362729118206, -0.00219886610284, 0.00178854109254, 0.000589045695961, -0.000136605041916, -0.00728657189757, 0.0179143343121, -0.00290112453513, 5.63070534554e-06, -0.00262002251111], [0.00103994982783, -0.00404188223183, 0.00349541194737, -0.00391395948827, 0.0028814827092, -0.00500734103844, 0.00147915189154, 0.000839188345708, -0.00174077285919, -0.00290112453513, 0.0160580761731, -0.0105987014249, 0.00504285236821], [-0.00102594366763, 0.00673411181197, -0.0056786974892, 0.00704697519541, -0.0074622114189, 0.00702305231243, -0.00448310282081, 0.00168724439573, 0.00254431599751, 5.63070534554e-06, -0.0105987014249, 0.0270739514381, -0.00984316226095], [0.00148098100908, -0.00406137481332, 0.00361114228144, -0.00572415580973, 0.00540721137077, -0.00358671811409, 0.00146389950532, 0.000758903333917, -0.000692005793098, -0.00262002251111, 0.00504285236821, -0.00984316226095, 0.0180344115943]]
    },
    "melbands": {
        "dmean": [0.00122595508583, 0.00135304837022, 0.000809246092103, 0.000421479955548, 0.000193804648006, 0.000246739306021, 0.000177899521077, 0.000208988669328, 0.000214588144445, 0.000125024860608, 0.000296533718938, 7.09587911842e-05, 8.42734443722e-05, 8.42704685056e-05, 6.81345190969e-05, 5.75491794734e-05, 8.03506045486e-05, 3.64840780094e-05, 4.0819595597e-05, 3.87304316973e-05, 2.91449650831e-05, 1.37522592922e-05, 1.80099887075e-05, 1.306986087e-05, 1.03537731775e-05, 6.24593940302e-06, 6.2530748437e-06, 5.08137736688e-06, 2.45227352025e-06, 3.23109316014e-06, 3.58600755135e-06, 2.85165219793e-06, 1.98261795958e-06, 2.07328776014e-06, 2.13214957512e-06, 2.08420465242e-06, 1.64613243214e-06, 1.46987213157e-06, 1.60392323778e-06, 1.46304932969e-06],
        "dmean2": [0.00167019118089, 0.00221770512871, 0.00146152439993, 0.000736224232242, 0.000313052878482, 0.000388972286601, 0.000276327191386, 0.00032433544402, 0.000327884947183, 0.000195131433429, 0.000458042166429, 0.000112130845082, 0.000135330265039, 0.000135007197969, 0.000113948473881, 9.41435355344e-05, 0.000134980320581, 5.87599170103e-05, 6.64897452225e-05, 6.2187340518e-05, 4.61976305814e-05, 2.27813125093e-05, 2.97501137538e-05, 2.05270443985e-05, 1.65493966051e-05, 1.00654988273e-05, 1.00578190541e-05, 7.70843689679e-06, 3.71223222828e-06, 5.00934584124e-06, 5.50622053197e-06, 4.41913425675e-06, 2.89916829388e-06, 3.06590482069e-06, 3.13304985866e-06, 3.11739449899e-06, 2.51351161751e-06, 2.34757953876e-06, 2.45745150096e-06, 2.25153257816e-06],
        "dvar": [1.09831480586e-05, 2.07228276849e-05, 8.58572911966e-06, 1.48681442624e-06, 2.37200751485e-07, 1.24684106595e-07, 7.80915101473e-08, 1.4215622457e-07, 2.71967110166e-07, 3.46582531563e-08, 2.00683970775e-07, 1.59058117788e-08, 4.35933777965e-08, 1.89531537131e-08, 9.35207822295e-09, 7.62950413957e-09, 1.93834015505e-08, 3.7168617073e-09, 3.95549681897e-09, 3.43973716177e-09, 3.07517766807e-09, 4.59639132311e-10, 7.13933745455e-10, 4.70084360327e-10, 3.53062051817e-10, 1.0974212511e-10, 9.65962726474e-11, 5.47922610061e-11, 1.42739596184e-11, 2.81892651582e-11, 3.48955968288e-11, 2.92673524305e-11, 1.27862746432e-11, 1.68826636698e-11, 1.89271948808e-11, 1.77207536839e-11, 9.44617734727e-12, 7.27145210364e-12, 1.14602372731e-11, 8.62835237286e-12],
        "dvar2": [1.95369266294e-05, 5.45490693185e-05, 2.48370997724e-05, 4.16298189521e-06, 6.46931255233e-07, 3.47313829252e-07, 2.01922418341e-07, 3.24380550865e-07, 6.97375128311e-07, 7.51059374693e-08, 4.76619021583e-07, 3.8894619081e-08, 1.13466988694e-07, 4.33912816789e-08, 2.38361046456e-08, 1.88274338342e-08, 5.19861700354e-08, 9.39435018665e-09, 9.98406335384e-09, 8.44230552133e-09, 7.47862394235e-09, 1.15688258973e-09, 1.77416192848e-09, 1.08100295382e-09, 8.35233937568e-10, 2.69948285947e-10, 2.37593666963e-10, 1.11366867117e-10, 2.86215339623e-11, 5.51777269708e-11, 7.36733035689e-11, 6.69480929028e-11, 2.56385745967e-11, 3.34247664269e-11, 3.99855808186e-11, 3.88452742195e-11, 1.87184625439e-11, 1.5688561561e-11, 2.46580724589e-11, 1.940259238e-11],
        "max": [0.0352455973625, 0.0447214767337, 0.0238394476473, 0.0103487940505, 0.00452861608937, 0.00337498867884, 0.00406843423843, 0.0068340417929, 0.00721173034981, 0.00350239360705, 0.0040685730055, 0.00178993749432, 0.00283692823723, 0.00156536733266, 0.00085699983174, 0.000864074507263, 0.00176666432526, 0.000704315956682, 0.000721673539374, 0.000522984715644, 0.000746666220948, 0.000323274900438, 0.00021974145784, 0.000221317372052, 0.000160638752277, 0.000114587055577, 7.22107797628e-05, 9.14123011171e-05, 5.56765517103e-05, 8.0174584582e-05, 5.77925384277e-05, 5.11490252393e-05, 3.15295401379e-05, 4.13217312598e-05, 3.51439521182e-05, 4.97119217471e-05, 3.5680597648e-05, 3.21247098327e-05, 3.87909421988e-05, 2.84662582999e-05],
        "mean": [0.00268140481785, 0.00215207925066, 0.000866146758199, 0.000490608334076, 0.000277290324448, 0.000453321961686, 0.000321298080962, 0.000373504502932, 0.000358056859113, 0.000227547046961, 0.00048450025497, 0.000101172670838, 0.00010692946671, 0.000123450678075, 9.60240067798e-05, 8.00774432719e-05, 0.000106442719698, 5.23298404005e-05, 5.97254038439e-05, 5.37627893209e-05, 4.19021343987e-05, 2.07576049434e-05, 2.55630893662e-05, 1.7698504962e-05, 1.20703261928e-05, 8.20176410343e-06, 7.96554013505e-06, 7.33982369638e-06, 3.93290338252e-06, 4.9369214139e-06, 5.34740911462e-06, 3.66489371117e-06, 2.61797890744e-06, 2.68182475338e-06, 2.44154352913e-06, 2.50961056736e-06, 2.19617413677e-06, 1.90521006971e-06, 1.95643883671e-06, 1.7044200149e-06],
        "median": [0.000936436117627, 0.00102342804894, 0.00037153964513, 0.00022007485677, 0.000139039824717, 0.000274892721791, 0.000204851123272, 0.000146175734699, 0.000105692437501, 0.000152605018229, 0.000227714946959, 5.28854943695e-05, 5.06840733578e-05, 7.07032813807e-05, 5.64444562769e-05, 3.89257947973e-05, 5.31987643626e-05, 2.96862526739e-05, 3.57246753993e-05, 2.993977796e-05, 2.20353849727e-05, 1.28014116854e-05, 1.34868305395e-05, 6.61391777612e-06, 4.10783150073e-06, 4.29424198956e-06, 4.01337729272e-06, 3.79060566047e-06, 2.16312628254e-06, 2.2826136501e-06, 2.1602409106e-06, 1.37106997045e-06, 9.06892921648e-07, 8.15303849322e-07, 5.68483528696e-07, 7.31195143544e-07, 8.05447314178e-07, 7.57746704494e-07, 6.76766717334e-07, 5.28202576788e-07],
        "min": [6.45291720502e-07, 1.96355252058e-08, 1.31487965405e-07, 7.32402838821e-07, 3.36811558554e-06, 6.20869377599e-06, 2.52195172834e-06, 1.34352455916e-06, 9.46391310208e-07, 5.22318259755e-07, 1.47132800521e-06, 4.87618819989e-07, 1.3033701407e-06, 7.95444691448e-07, 1.29139061755e-06, 1.07235769065e-06, 2.5390190217e-07, 8.96247115634e-07, 3.24979339439e-07, 4.89350043154e-07, 2.71964125886e-07, 1.28814335199e-07, 5.74791698682e-08, 1.21482784721e-07, 1.31375955448e-07, 5.79631489472e-08, 8.53252402067e-08, 8.01020476615e-08, 7.40776062713e-09, 4.28438928779e-09, 8.20987633432e-09, 3.04556002639e-09, 1.55212926956e-08, 5.87481485681e-09, 4.26996216163e-09, 2.10592854266e-09, 7.08240666114e-09, 1.0948579543e-10, 3.65419916548e-09, 2.88877342186e-12],
