{
"highlevel": {
    "danceability": {
        "all": {
            "danceable": 0.999999880791,
            "not_danceable": 1.26223454799e-07
        },
        "probability": 0.999999880791,
        "value": "danceable"
    },
    "gender": {
        "all": {
            "female": 0.886807918549,
            "male": 0.11319206655
        },
        "probability": 0.886807918549,
        "value": "female"
    },
    "genre_dortmund": {
        "all": {
            "alternative": 0.0118024488911,
            "blues": 0.0119792958722,
            "electronic": 0.129565507174,
            "folkcountry": 0.0152187002823,
            "funksoulrnb": 0.0111418385059,
            "jazz": 0.0348524414003,
            "pop": 0.0816877409816,
            "raphiphop": 0.676985383034,
            "rock": 0.0267666168511
        },
        "probability": 0.676985383034,
        "value": "raphiphop"
    },
    "genre_electronic": {
        "all": {
            "ambient": 0.0326870009303,
            "dnb": 0.127832561731,
            "house": 0.685185730457,
            "techno": 0.0232394840568,
            "trance": 0.131055220962
        },
        "probability": 0.685185730457,
        "value": "house"
    },
    "genre_rosamerica": {
        "all": {
            "cla": 0.00048130765208,
            "dan": 0.269605845213,
            "hip": 0.612094700336,
            "jaz": 0.000681774923578,
            "pop": 0.0150535423309,
            "rhy": 0.0986939966679,
            "roc": 0.00197661505081,
            "spe": 0.00141220050864
        },
        "probability": 0.612094700336,
        "value": "hip"
    },
    "genre_tzanetakis": {
        "all": {
            "blu": 0.0666490495205,
            "cla": 0.0666540488601,
            "cou": 0.0799920335412,
            "dis": 0.0799999684095,
            "hip": 0.1333424896,
            "jaz": 0.200024530292,
            "met": 0.0800049975514,
            "pop": 0.133335858583,
            "reg": 0.0799984484911,
            "roc": 0.0799985677004
        },
        "probability": 0.200024530292,
        "value": "jaz"
    },
    "ismir04_rhythm": {
        "all": {
            "ChaChaCha": 0.399043381214,
            "Jive": 0.031707148999,
            "Quickstep": 0.0440147928894,
            "Rumba-American": 0.0196141302586,
            "Rumba-International": 0.184748679399,
            "Rumba-Misc": 0.0600556135178,
            "Samba": 0.22707259655,
            "Tango": 0.0162506084889,
            "VienneseWaltz": 0.0115001890808,
            "Waltz": 0.00599286332726
        },
        "probability": 0.399043381214,
        "value": "ChaChaCha"
    },
    "mood_acoustic": {
        "all": {
            "acoustic": 6.5919412009e-06,
            "not_acoustic": 0.999993383884
        },
        "probability": 0.999993383884,
        "value": "not_acoustic"
    },
    "mood_aggressive": {
        "all": {
            "aggressive": 6.2497356339e-06,
            "not_aggressive": 0.999993741512
        },
        "probability": 0.999993741512,
        "value": "not_aggressive"
    },
    "mood_electronic": {
        "all": {
            "electronic": 0.886271297932,
            "not_electronic": 0.113728731871
        },
        "probability": 0.886271297932,
        "value": "electronic"
    },
    "mood_happy": {
        "all": {
            "happy": 0.790757775307,
            "not_happy": 0.209242239594
        },
        "probability": 0.790757775307,
        "value": "happy"
    },
    "mood_party": {
        "all": {
            "not_party": 0.197543740273,
            "party": 0.802456259727
        },
        "probability": 0.802456259727,
        "value": "party"
    },
    "mood_relaxed": {
        "all": {
            "not_relaxed": 0.698481440544,
            "relaxed": 0.301518529654
        },
        "probability": 0.698481440544,
        "value": "not_relaxed"
    },
    "mood_sad": {
        "all": {
            "not_sad": 0.711276173592,
            "sad": 0.288723856211
        },
        "probability": 0.711276173592,
        "value": "not_sad"
    },
    "moods_mirex": {
        "all": {
            "Cluster1": 0.308994799852,
            "Cluster2": 0.234099566936,
            "Cluster3": 0.191607683897,
            "Cluster4": 0.11658526212,
            "Cluster5": 0.148712679744
        },
        "probability": 0.308994799852,
        "value": "Cluster1"
    },
    "timbre": {
        "all": {
            "bright": 0.807750105858,
            "dark": 0.192249894142
        },
        "probability": 0.807750105858,
        "value": "bright"
    },
    "tonal_atonal": {
        "all": {
            "atonal": 0.786739110947,
            "tonal": 0.213260874152
        },
        "probability": 0.786739110947,
        "value": "atonal"
    },
    "voice_instrumental": {
        "all": {
            "instrumental": 0.146173775196,
            "voice": 0.853826224804
        },
        "probability": 0.853826224804,
        "value": "voice"
    }
},
"lowlevel": {
    "average_loudness": 0.982373178005,
    "barkbands_crest": {
        "dmean": 3.46661329269,
        "dmean2": 5.18222618103,
        "dvar": 10.318810463,
        "dvar2": 24.3134918213,
        "max": 26.4514312744,
        "mean": 16.5928192139,
        "median": 17.1210689545,
        "min": 2.81161022186,
        "var": 38.1915588379
    },
    "barkbands_flatness_db": {
        "dmean": 0.0521046705544,
        "dmean2": 0.0752816945314,
        "dvar": 0.00223110592924,
        "dvar2": 0.00435501383618,
        "max": 0.515470564365,
        "mean": 0.246026054025,
        "median": 0.238659143448,
        "min": 0.0635930076241,
        "var": 0.00937143526971
    },
    "barkbands_kurtosis": {
        "dmean": 30.0482330322,
        "dmean2": 46.0354003906,
        "dvar": 3661.58666992,
        "dvar2": 7479.06738281,
        "max": 946.827819824,
        "mean": 42.3130912781,
        "median": 11.1301031113,
        "min": -1.85672140121,
        "var": 7557.04003906
    },
    "barkbands_skewness": {
        "dmean": 1.74017977715,
        "dmean2": 2.63445186615,
        "dvar": 4.08425140381,
        "dvar2": 8.71613502502,
        "max": 21.2059593201,
        "mean": 4.16437578201,
        "median": 3.07956647873,
        "min": -1.18589174747,
        "var": 13.55930233
    },
    "barkbands_spread": {
        "dmean": 11.3463859558,
        "dmean2": 17.8323612213,
        "dvar": 303.515319824,
        "dvar2": 674.09387207,
        "max": 109.2186203,
        "mean": 16.8668842316,
        "median": 9.17538356781,
        "min": 0.127020940185,
        "var": 410.570800781
    },
    "dissonance": {
        "dmean": 0.0305423792452,
        "dmean2": 0.0503854192793,
        "dvar": 0.00099520443473,
        "dvar2": 0.00277840625495,
        "max": 0.499749541283,
        "mean": 0.445867151022,
        "median": 0.454940319061,
        "min": 0.242188185453,
        "var": 0.00163869129028
    },
    "dynamic_complexity": 2.13702750206,
    "erbbands_crest": {
        "dmean": 3.58818721771,
        "dmean2": 5.62066411972,
        "dvar": 11.2712163925,
        "dvar2": 23.2912559509,
        "max": 33.2940940857,
        "mean": 10.9370698929,
        "median": 9.57431411743,
        "min": 2.48436260223,
        "var": 30.8744621277
    },
    "erbbands_flatness_db": {
        "dmean": 0.0297486744821,
        "dmean2": 0.0426055602729,
        "dvar": 0.000815002422314,
        "dvar2": 0.00156268314458,
        "max": 0.306785702705,
        "mean": 0.153719067574,
        "median": 0.149211406708,
        "min": 0.0651025846601,
        "var": 0.00222141644917
    },
    "erbbands_kurtosis": {
        "dmean": 2.23399305344,
        "dmean2": 3.47482228279,
        "dvar": 15.5958242416,
        "dvar2": 38.1782646179,
        "max": 59.5789871216,
        "mean": 1.79992592335,
        "median": 0.470589876175,
        "min": -1.72767424583,
        "var": 21.5102424622
    },
    "erbbands_skewness": {
        "dmean": 0.644119143486,
        "dmean2": 0.968150138855,
        "dvar": 0.408581137657,
        "dvar2": 0.885679900646,
        "max": 4.2936668396,
        "mean": 0.417002230883,
        "median": 0.460941553116,
        "min": -3.29987215996,
        "var": 1.03352117538
    },
    "erbbands_spread": {
        "dmean": 18.5828227997,
        "dmean2": 28.7338943481,
        "dvar": 370.43560791,
        "dvar2": 869.609802246,
        "max": 159.410812378,
        "mean": 47.8069610596,
        "median": 43.4809112549,
        "min": 2.17370653152,
        "var": 754.349731445
    },
    "hfc": {
        "dmean": 26.7207336426,
        "dmean2": 43.3354606628,
        "dvar": 2560.49291992,
        "dvar2": 6550.42529297,
        "max": 321.850463867,
        "mean": 32.0398597717,
        "median": 16.5208778381,
        "min": 0.604036033154,
        "var": 2132.1171875
    },
    "melbands_crest": {
        "dmean": 4.01459407806,
        "dmean2": 5.93984651566,
        "dvar": 14.2816057205,
        "dvar2": 30.6649246216,
        "max": 36.6618499756,
        "mean": 22.9133415222,
        "median": 22.3353424072,
        "min": 5.04994821548,
        "var": 66.177696228
    },
    "melbands_flatness_db": {
        "dmean": 0.0623558759689,
        "dmean2": 0.087936155498,
        "dvar": 0.00322386063635,
        "dvar2": 0.00662856688723,
        "max": 0.630486190319,
        "mean": 0.31982037425,
        "median": 0.319457173347,
        "min": 0.0488067083061,
        "var": 0.0147487064824
    },
    "melbands_kurtosis": {
        "dmean": 49.3313407898,
        "dmean2": 78.0961074829,
        "dvar": 6577.10351562,
        "dvar2": 15556.1738281,
        "max": 763.92376709,
        "mean": 75.2576522827,
        "median": 30.6674728394,
        "min": -1.78865194321,
        "var": 12672.1621094
    },
    "melbands_skewness": {
        "dmean": 2.01206183434,
        "dmean2": 3.08010315895,
        "dvar": 4.75136089325,
        "dvar2": 12.0028858185,
        "max": 22.2506523132,
        "mean": 5.71545982361,
        "median": 4.64171886444,
        "min": -0.3943759799,
        "var": 15.3053293228
    },
    "melbands_spread": {
        "dmean": 7.84692287445,
        "dmean2": 12.8826236725,
        "dvar": 156.140014648,
        "dvar2": 396.260223389,
        "max": 117.644577026,
        "mean": 12.6696252823,
        "median": 6.67100667953,
        "min": 0.204719290137,
        "var": 246.868179321
    },
    "pitch_salience": {
        "dmean": 0.100743189454,
        "dmean2": 0.158206164837,
        "dvar": 0.0128754489124,
        "dvar2": 0.0313830710948,
        "max": 0.84132540226,
        "mean": 0.355268508196,
        "median": 0.364158451557,
        "min": 0.0401945784688,
        "var": 0.032705206424
    },
    "silence_rate_20dB": {
        "dmean": 0.0232198145241,
        "dmean2": 0.0464756004512,
        "dvar": 0.0226807314903,
        "dvar2": 0.0629053413868,
        "max": 1,
        "mean": 0.986078858376,
        "median": 1,
        "min": 0,
        "var": 0.0137272179127
    },
    "silence_rate_30dB": {
        "dmean": 0.116099074483,
        "dmean2": 0.232378005981,
        "dvar": 0.102620482445,
        "dvar2": 0.190773263574,
        "max": 1,
        "mean": 0.650425374508,
        "median": 1,
        "min": 0,
        "var": 0.227372661233
    },
    "silence_rate_60dB": {
        "dmean": 0.0030959751457,
        "dmean2": 0.00619674660265,
        "dvar": 0.00308635970578,
        "dvar2": 0.00925668608397,
        "max": 1,
        "mean": 0.00154679035768,
        "median": 0,
        "min": 0,
        "var": 0.0015443925513
    },
    "spectral_centroid": {
        "dmean": 432.123748779,
        "dmean2": 651.816833496,
        "dvar": 321444.625,
        "dvar2": 664365.4375,
        "max": 4415.28271484,
        "mean": 1064.69909668,
        "median": 817.326049805,
        "min": 124.424751282,
        "var": 589605.5
    },
    "spectral_complexity": {
        "dmean": 5.7863779068,
        "dmean2": 8.72346973419,
        "dvar": 60.5502853394,
        "dvar2": 107.922477722,
        "max": 62,
        "mean": 13.9071922302,
        "median": 10,
        "min": 1,
        "var": 112.51587677
    },
    "spectral_decrease": {
        "dmean": 1.13622373732e-08,
        "dmean2": 1.68025593439e-08,
        "dvar": 1.97433943529e-16,
        "dvar2": 5.1578880183e-16,
        "max": -3.72470693177e-10,
        "mean": -2.60739430047e-08,
        "median": -1.62427937767e-08,
        "min": -1.1039743697e-07,
        "var": 6.11691460305e-16
    },
    "spectral_energy": {
        "dmean": 0.0442795529962,
        "dmean2": 0.0654291585088,
        "dvar": 0.00283263716847,
        "dvar2": 0.00742033822462,
        "max": 0.419181525707,
        "mean": 0.101315222681,
        "median": 0.0653628334403,
        "min": 0.00151158776134,
        "var": 0.00878769811243
    },
    "spectral_energyband_high": {
        "dmean": 0.0027412478812,
        "dmean2": 0.00456890230998,
        "dvar": 3.33352436428e-05,
        "dvar2": 8.52784942253e-05,
        "max": 0.0361997373402,
        "mean": 0.00232835253701,
        "median": 0.000240793218836,
        "min": 3.60099693353e-06,
        "var": 2.63297188212e-05
    },
    "spectral_energyband_low": {
        "dmean": 0.0414296127856,
        "dmean2": 0.063094265759,
        "dvar": 0.00314345420338,
        "dvar2": 0.00803646538407,
        "max": 0.416654616594,
        "mean": 0.0860714614391,
        "median": 0.0444620139897,
        "min": 4.6456058044e-05,
        "var": 0.00907439552248
    },
    "spectral_energyband_middle_high": {
        "dmean": 0.00204940396361,
        "dmean2": 0.00317064719275,
        "dvar": 1.17384588521e-05,
        "dvar2": 2.91576616291e-05,
        "max": 0.0362759232521,
        "mean": 0.00341684091836,
        "median": 0.0018393084174,
        "min": 1.88928261196e-05,
        "var": 1.96157052414e-05
    },
    "spectral_energyband_middle_low": {
        "dmean": 0.00673032412305,
        "dmean2": 0.0111935921013,
        "dvar": 0.000151603744598,
        "dvar2": 0.00040261427057,
        "max": 0.0970196574926,
        "mean": 0.0111124515533,
        "median": 0.00727569358423,
        "min": 0.000210193888051,
        "var": 0.00016422738554
    },
    "spectral_entropy": {
        "dmean": 0.393372327089,
        "dmean2": 0.555280685425,
        "dvar": 0.16121006012,
        "dvar2": 0.299746870995,
        "max": 8.72535324097,
        "mean": 7.38739490509,
        "median": 7.38385486603,
        "min": 5.70325946808,
        "var": 0.421613872051
    },
    "spectral_flux": {
        "dmean": 0.0651889145374,
        "dmean2": 0.0984528511763,
        "dvar": 0.0039224345237,
        "dvar2": 0.00954255647957,
        "max": 0.52185857296,
        "mean": 0.137535318732,
        "median": 0.110375270247,
        "min": 0.0115302149206,
        "var": 0.00835156720132
    },
    "spectral_kurtosis": {
        "dmean": 2.6784954071,
        "dmean2": 4.19283819199,
        "dvar": 11.4818258286,
        "dvar2": 27.6310329437,
        "max": 36.1208877563,
        "mean": 4.26563549042,
        "median": 2.82114171982,
        "min": -1.09607446194,
        "var": 22.626209259
    },
    "spectral_rms": {
        "dmean": 0.00210673175752,
        "dmean2": 0.00297734839842,
        "dvar": 4.21147933594e-06,
        "dvar2": 9.65666276898e-06,
        "max": 0.0202226992697,
        "mean": 0.00892573688179,
        "median": 0.00798552576452,
        "min": 0.00121438037604,
        "var": 1.9175298803e-05
    },
    "spectral_rolloff": {
        "dmean": 879.847045898,
        "dmean2": 1601.38085938,
        "dvar": 3611586.5,
        "dvar2": 9187784,
        "max": 9711.47460938,
        "mean": 947.879455566,
        "median": 193.798828125,
        "min": 64.599609375,
        "var": 3204819
    },
    "spectral_skewness": {
        "dmean": 0.446439236403,
        "dmean2": 0.645708024502,
        "dvar": 0.211570546031,
        "dvar2": 0.424319952726,
        "max": 4.75596904755,
        "mean": 1.58976125717,
        "median": 1.47439038754,
        "min": -0.0571846999228,
        "var": 0.614955365658
    },
    "spectral_spread": {
        "dmean": 1186398,
        "dmean2": 1751846.875,
        "dvar": 1.83815477658e+12,
        "dvar2": 3.28515452928e+12,
        "max": 11154277,
        "mean": 5480614.5,
        "median": 5077480.5,
        "min": 1987055.875,
        "var": 3.97706421862e+12
    },
    "spectral_strongpeak": {
        "dmean": 0.384616047144,
        "dmean2": 0.638489365578,
        "dvar": 0.40657132864,
        "dvar2": 1.03126513958,
        "max": 8.01457500458,
        "mean": 0.765440642834,
        "median": 0.557232797146,
        "min": 0,
        "var": 0.5632776618
    },
    "zerocrossingrate": {
        "dmean": 0.0161896217614,
        "dmean2": 0.0196333695203,
        "dvar": 0.000425421196269,
        "dvar2": 0.000607132562436,
        "max": 0.19677734375,
        "mean": 0.0382226407528,
        "median": 0.025390625,
        "min": 0.001953125,
        "var": 0.00143003126141
    },
    "barkbands": {
        "dmean": [0.00191071967129, 0.0381479933858, 0.00541327893734, 0.0027163696941, 0.00235460628755, 0.00108058063779, 0.000779436843004, 0.000838396430481, 0.000771316350438, 0.000376653741114, 0.000293024175335, 0.000498769106343, 0.000202234339667, 0.000135909300297, 0.00017027312424, 0.000155781206558, 0.000411148997955, 0.000159304836416, 0.00015612388961, 0.000273473357083, 0.000314944889396, 0.000465274730232, 0.000717093120329, 0.000561370456126, 0.00046639223001, 0.000179436523467, 3.64358605509e-08],
        "dmean2": [0.00210666214116, 0.0565949417651, 0.00903797894716, 0.00470148120075, 0.00399962393567, 0.00175061472692, 0.00119313900359, 0.00125760317314, 0.00119840039406, 0.000585022324231, 0.000437080307165, 0.000685622042511, 0.000324608961819, 0.000209553429158, 0.000285336573143, 0.000249151606113, 0.000745486177038, 0.000265898706857, 0.000248305907007, 0.000438766175648, 0.000520193134435, 0.000767131277826, 0.00121027347632, 0.000932036025915, 0.000806676340289, 0.000313780619763, 6.61639560917e-08],
        "dvar": [5.38133963346e-06, 0.00284004816785, 0.000149002793478, 3.68221153622e-05, 2.40970930463e-05, 5.98215910941e-06, 1.63415381849e-06, 2.88516230285e-06, 2.32301636061e-06, 4.79946095311e-07, 5.4991272691e-07, 1.73528803771e-06, 3.17878800615e-07, 1.30048846358e-07, 2.00775971848e-07, 1.20854593888e-07, 2.87263628707e-06, 1.89414393503e-07, 1.03528691398e-07, 5.75870842567e-07, 3.47906791376e-07, 7.70020108121e-07, 2.57254873759e-06, 1.42452915952e-06, 1.36948142426e-06, 2.46355625677e-07, 3.0598485849e-14],
        "dvar2": [7.28375107428e-06, 0.00683966139331, 0.000394735572627, 9.92155764834e-05, 6.4232677687e-05, 1.53608816618e-05, 3.6873375393e-06, 6.61093736198e-06, 4.8335127758e-06, 1.08383505903e-06, 1.17826698443e-06, 2.85646365228e-06, 7.0820954079e-07, 2.49745824021e-07, 4.83894325498e-07, 2.72988131655e-07, 8.16909323476e-06, 5.07785046011e-07, 2.29954522979e-07, 1.54608221692e-06, 8.50936942243e-07, 1.93698929252e-06, 6.70098143019e-06, 3.56666419066e-06, 3.59758405466e-06, 6.65067091177e-07, 7.39090727639e-14],
        "max": [0.025630492717, 0.410665333271, 0.100629627705, 0.0422559380531, 0.041423086077, 0.0298786219209, 0.0114933121949, 0.0280214324594, 0.0230621770024, 0.0111671779305, 0.0152292745188, 0.0252096168697, 0.00893051922321, 0.0116594387218, 0.00728955026716, 0.00389814912342, 0.0176594946533, 0.00763499876484, 0.00392430927604, 0.0169308837503, 0.00492106890306, 0.006614505779, 0.0100438287482, 0.00839222688228, 0.00696115428582, 0.00322626531124, 3.07401273858e-06],
        "mean": [0.00441633630544, 0.0739783644676, 0.00610953848809, 0.00317796692252, 0.00292232260108, 0.00131415680517, 0.00111404259223, 0.00116758386139, 0.00133160548285, 0.000563568493817, 0.00043580296915, 0.000892719719559, 0.000264439499006, 0.000210809550481, 0.000175072549609, 0.000166034675203, 0.000292657670798, 0.000148441424244, 0.000165201927302, 0.000272093311651, 0.000291106727673, 0.000422662560595, 0.000549586024135, 0.000463112053694, 0.00034518938628, 0.000124905753182, 2.31382362159e-08],
        "median": [0.00209436984733, 0.0341804921627, 0.00171345262788, 0.000661974656396, 0.00100355432369, 0.000475375592941, 0.000327964313328, 0.000380349287298, 0.000351022608811, 0.00015297398204, 5.48853240616e-05, 7.7424934716e-05, 3.28559690388e-05, 3.19452447002e-05, 2.97786828014e-05, 3.69365770894e-05, 3.24198917951e-05, 3.2494066545e-05, 3.44519285136e-05, 4.25887919846e-05, 4.01885154133e-05, 4.77942521684e-05, 3.48700668837e-05, 3.65622399841e-05, 1.95137763512e-05, 3.50536265614e-06, 1.38650158021e-09],
        "min": [9.00030938666e-10, 5.94152481881e-07, 6.01155988988e-06, 4.00318015181e-07, 7.80701520853e-06, 2.51655728789e-06, 2.51029177889e-06, 3.87157598425e-07, 2.03731792681e-06, 1.56084172431e-06, 2.71773956229e-07, 6.66697644647e-07, 5.95244102897e-07, 8.10112283034e-07, 3.87593047435e-07, 4.65930895643e-07, 6.53883091672e-07, 4.00436903192e-07, 2.57377735124e-07, 2.35396626636e-07, 3.65849530226e-07, 3.42650167795e-07, 3.79446703391e-07, 5.89023372299e-08, 4.382094132e-10, 1.63621234617e-11, 1.7226992402e-11],
        "var": [2.90235202556e-05, 0.00814104359597, 0.000129310312332, 3.67077409464e-05, 2.5804642064e-05, 6.18228568783e-06, 3.02380067296e-06, 5.17697617397e-06, 8.85250938154e-06, 1.10517237317e-06, 1.42408634929e-06, 6.10738061368e-06, 4.99271038734e-07, 4.42895071728e-07, 2.35914384916e-07, 1.37308191483e-07, 1.71700332885e-06, 1.47249011206e-07, 1.28961914925e-07, 4.59981549739e-07, 3.24176681943e-07, 6.71249381412e-07, 1.91809522221e-06, 1.1983955801e-06, 9.76613137027e-07, 1.68866648664e-07, 2.07401726137e-14]
    },
    "erbbands": {
        "dmean": [1.48714232445, 7.73413562775, 7.89890003204, 6.82516670227, 8.09779453278, 7.86356830597, 8.52356529236, 8.98890590668, 10.589176178, 13.3727445602, 16.3827152252, 17.4348964691, 11.8804111481, 11.8657255173, 15.6693973541, 15.9733076096, 9.77786540985, 7.31720495224, 6.18962907791, 10.0425710678, 11.1195631027, 23.1542053223, 8.92724990845, 9.01985359192, 8.44569301605, 13.1607322693, 12.7231931686, 12.4726572037, 15.5873994827, 16.9281177521, 22.5490951538, 13.4858598709, 8.8069190979, 5.17613601685, 3.41305494308, 1.12394917011, 0.353599250317, 0.0181912668049, 0.00042037665844, 7.74627478677e-05],
        "dmean2": [1.98135399818, 12.1499423981, 12.6839876175, 11.5846624374, 13.605550766, 13.5251398087, 14.1178627014, 14.4154119492, 16.4742603302, 20.6887111664, 24.7787075043, 26.2777061462, 18.5007629395, 18.391752243, 22.0217533112, 22.4625339508, 15.2397289276, 11.3378190994, 9.97274017334, 16.1736049652, 18.7405986786, 41.7972564697, 14.7180814743, 14.5720100403, 13.6248703003, 21.2583942413, 20.8208847046, 20.7496032715, 25.789812088, 28.448474884, 38.119052887, 22.2378978729, 14.7053947449, 8.96628189087, 5.85766601562, 1.97348809242, 0.623096346855, 0.030511373654, 0.000712045002729, 0.000120167409477],
        "dvar": [4.43556022644, 134.127243042, 298.872314453, 208.451980591, 312.375549316, 285.918151855, 388.043579102, 459.129882812, 368.573974609, 496.151397705, 1103.61071777, 1460.34143066, 538.349304199, 609.138977051, 999.15032959, 2130.89868164, 785.972412109, 395.872619629, 382.158325195, 563.617736816, 1019.30023193, 9190.765625, 680.223510742, 373.44644165, 311.158599854, 1361.02148438, 633.102783203, 584.935058594, 881.169189453, 1205.50439453, 2667.22167969, 796.635498047, 379.208343506, 159.143280029, 79.4261016846, 9.71856212616, 1.02164208889, 0.00225565559231, 1.15997295325e-06, 1.02729034168e-08],
        "dvar2": [7.54373025894, 365.701934814, 783.83581543, 549.231872559, 796.444152832, 785.648071289, 1002.65368652, 1144.39770508, 892.19519043, 1176.40209961, 2593.74633789, 2651.38818359, 1092.20788574, 1485.70336914, 1761.30773926, 3741.18945312, 1797.95178223, 750.638122559, 770.681884766, 1370.86779785, 2707.32006836, 26081.0507812, 1836.7701416, 933.068054199, 712.483093262, 3694.97216797, 1544.96777344, 1440.46240234, 2214.63037109, 3126.69262695, 6947.52587891, 1990.4934082, 955.314086914, 421.649414062, 207.273727417, 26.2124080658, 2.78916192055, 0.00585656799376, 3.04148602481e-06, 2.71622564441e-08],
        "max": [16.9440288544, 84.9167480469, 131.281814575, 137.872344971, 229.738220215, 156.28086853, 235.780792236, 244.105682373, 195.509185791, 256.178283691, 524.147705078, 644.660949707, 620.147155762, 426.5418396, 578.29083252, 1300.22436523, 487.705200195, 658.841369629, 465.440979004, 212.619369507, 375.562011719, 1029.88586426, 437.926391602, 295.369567871, 248.396362305, 815.748779297, 370.790863037, 178.043609619, 201.591384888, 230.824401855, 316.72769165, 192.786590576, 133.721282959, 74.5638198853, 54.4319534302, 19.2304344177, 6.71279001236, 0.327043503523, 0.007259324193, 0.000654900271911],
        "mean": [3.10379195213, 12.4739685059, 9.87527561188, 8.90997123718, 10.3683109283, 9.27265548706, 9.81069278717, 11.4699611664, 14.9881887436, 20.0991706848, 24.1523265839, 29.4524383545, 20.4565944672, 20.2567310333, 28.4862480164, 28.1753425598, 13.605553627, 11.7985172272, 7.82576274872, 10.3079690933, 10.5877723694, 16.6405315399, 8.56066894531, 8.56277656555, 9.32479572296, 12.9818172455, 11.7853689194, 11.818063736, 14.3594942093, 14.0467786789, 17.0945968628, 10.9584417343, 7.25852108002, 4.0283780098, 2.40293550491, 0.76545894146, 0.242525085807, 0.0136317396536, 0.000350043090293, 0.000135571390274],
        "median": [1.31109035015, 5.22568321228, 4.10935401917, 2.87352705002, 2.4282617569, 3.05721330643, 3.46643257141, 4.40822935104, 5.39013051987, 7.68208456039, 9.18508529663, 7.93023777008, 7.43233299255, 6.61803102493, 6.06106996536, 3.90751719475, 2.5708053112, 1.88794100285, 1.73563146591, 1.75054645538, 2.18791437149, 1.95886075497, 1.94675183296, 1.81623661518, 1.89735126495, 2.2615609169, 1.6358050108, 1.49632072449, 1.57430434227, 1.26498472691, 1.02730488777, 0.762174665928, 0.594715356827, 0.289466589689, 0.0705926269293, 0.0212037917227, 0.00519797950983, 0.000336899684044, 7.9726887634e-05, 8.65891561261e-05],
        "min": [2.32095680985e-05, 0.000940432713833, 0.0290651731193, 0.0113668749109, 0.0288315527141, 0.0166242308915, 0.0196536146104, 0.0255618020892, 0.0872569009662, 0.0337540507317, 0.0602617934346, 0.0493402481079, 0.0800300389528, 0.0945087149739, 0.0282741431147, 0.0269302930683, 0.0344526842237, 0.0562387108803, 0.0324383564293, 0.0582707747817, 0.055734898895, 0.0585160106421, 0.0257290415466, 0.0148705272004, 0.0290242098272, 0.0223509967327, 0.0185203887522, 0.00671134144068, 0.00742381019518, 0.0162487830967, 0.0114275841042, 0.00282478681765, 0.00113836524542, 0.000199292277102, 2.40544395638e-05, 5.24396500623e-06, 2.27488817472e-06, 4.01627289648e-07, 1.12295799681e-06, 1.85226178928e-06],
        "var": [16.1856479645, 263.280059814, 276.81842041, 208.232894897, 466.008270264, 257.984436035, 372.566162109, 503.185760498, 593.224731445, 939.143859863, 1807.35327148, 4873.984375, 2437.92944336, 1418.87182617, 3360.67333984, 6822.06787109, 1244.99938965, 1352.66894531, 551.227966309, 610.25201416, 813.32434082, 5531.40771484, 530.184692383, 346.267730713, 378.701904297, 1051.22192383, 612.867248535, 528.407348633, 773.798217773, 944.921142578, 1970.46655273, 675.993041992, 311.150726318, 114.907661438, 56.9336585999, 6.54950714111, 0.686372697353, 0.00173865444958, 8.57923282638e-07, 1.50932262244e-08]
    },
    "gfcc": {
        "mean": [-7.46220254898, 102.717430115, -80.8625564575, 49.662437439, -60.4119300842, 31.5623188019, -19.6505870819, 19.6726436615, -9.12214851379, 2.33853793144, -4.71629619598, -1.21674013138, -1.85377621651],
        "cov": [[5226.70263672, -2313.875, -222.342636108, 440.147644043, -586.542602539, 238.475479126, -732.393798828, 50.7075309753, -486.836303711, 241.264541626, -550.467834473, 168.031219482, -398.758422852], [-2313.875, 1999.84655762, 6.26909589767, -172.350128174, 385.770019531, -277.615264893, 438.342987061, -123.967658997, 333.983215332, -292.367492676, 332.215637207, -225.106613159, 258.207214355], [-222.342636108, 6.26909589767, 902.105651855, -34.4284248352, 210.902206421, 9.89012432098, 117.45917511, 185.020980835, 46.6883468628, 145.897628784, -24.1195335388, 111.570045471, -101.200637817], [440.147644043, -172.350128174, -34.4284248352, 482.147247314, -27.8743839264, -65.4582977295, -53.91796875, -24.7582263947, 151.670120239, -2.22454571724, 26.5949630737, -71.7002792358, 95.7869186401], [-586.542602539, 385.770019531, 210.902206421, -27.8743839264, 413.507995605, 88.6604690552, 228.839126587, 53.1861228943, 76.3893890381, 14.6592988968, 114.193595886, 14.5109586716, 4.06772994995], [238.475479126, -277.615264893, 9.89012432098, -65.4582977295, 88.6604690552, 321.509063721, 73.6821746826, 40.605884552, -107.214637756, 40.2478523254, 13.4385251999, 55.7789840698, -50.3288383484], [-732.393798828, 438.342987061, 117.45917511, -53.91796875, 228.839126587, 73.6821746826, 358.257141113, 57.001991272, 99.6240921021, -50.5768127441, 122.116569519, -10.047203064, 79.416557312], [50.7075309753, -123.967658997, 185.020980835, -24.7582263947, 53.1861228943, 40.605884552, 57.001991272, 185.504165649, 40.0801124573, 75.507270813, -27.1910305023, 39.87474823, -24.290851593], [-486.836303711, 333.983215332, 46.6883468628, 151.670120239, 76.3893890381, -107.214637756, 99.6240921021, 40.0801124573, 340.886749268, 39.947467804, 127.661949158, -96.2965545654, 120.662139893], [241.264541626, -292.367492676, 145.897628784, -2.22454571724, 14.6592988968, 40.2478523254, -50.5768127441, 75.507270813, 39.947467804, 214.469863892, 7.30144739151, 52.7632255554, -74.0166625977], [-550.467834473, 332.215637207, -24.1195335388, 26.5949630737, 114.193595886, 13.4385251999, 122.116569519, -27.1910305023, 127.661949158, 7.30144739151, 229.889251709, -10.2752399445, 101.027053833], [168.031219482, -225.106613159, 111.570045471, -71.7002792358, 14.5109586716, 55.7789840698, -10.047203064, 39.87474823, -96.2965545654, 52.7632255554, -10.2752399445, 151.783676147, -42.8388023376], [-398.758422852, 258.207214355, -101.200637817, 95.7869186401, 4.06772994995, -50.3288383484, 79.416557312, -24.290851593, 120.662139893, -74.0166625977, 101.027053833, -42.8388023376, 192.048080444]],
        "icov": [[0.00055014929967, 0.00013527093688, 0.000182324511115, -0.000717319839168, 0.000259551248746, -0.00033707980765, 0.000324926862959, -0.000212928774999, 0.000237331245444, -0.000141651195008, 0.000501382281072, -0.000294344092254, 0.000626033637673], [0.00013527093688, 0.00337071949616, -0.000537996180356, 0.00225170655176, -0.00204728916287, 0.00272558722645, -0.00099932635203, 0.00114590767771, -0.00088208244415, 0.00311200809665, -0.00257642287761, 0.00317117315717, -0.000525491195731], [0.000182324511115, -0.000537996180356, 0.00203822925687, -0.000878792197909, -0.000248680473305, 3.29078975483e-05, -0.000253336271271, -0.00125835195649, -8.58080966282e-06, -0.00112774444278, 0.00108066014946, -0.00179611181375, 0.00117538054474], [-0.000717319839168, 0.00225170655176, -0.000878792197909, 0.0055853179656, -0.0021145157516, 0.00203852285631, -5.61560264032e-05, 0.00166584434919, -0.00231124018319, 0.00243527535349, -0.00196531787515, 0.00318865501322, -0.00281688896939], [0.000259551248746, -0.00204728916287, -0.000248680473305, -0.0021145157516, 0.00612980592996, -0.00259931688197, -0.00147894606926, -0.000749526836444, 0.000226603428018, -0.00159368489403, 0.00033399509266, -0.0022492359858, 0.00248683406971], [-0.00033707980765, 0.00272558722645, 3.29078975483e-05, 0.00203852285631, -0.00259931688197, 0.0074317054823, -0.00256544491276, -3.06019792333e-05, 0.00183026352897, 0.00111665413715, -0.00344805722125, 0.00310331583023, -0.000517674721777], [0.000324926862959, -0.00099932635203, -0.000253336271271, -5.61560264032e-05, -0.00147894606926, -0.00256544491276, 0.0073106624186, -0.00219331379049, -0.000876470992807, 0.00159992754925, -0.000249670672929, -0.000931661110371, -0.000937956676353], [-0.000212928774999, 0.00114590767771, -0.00125835195649, 0.00166584434919, -0.000749526836444, -3.06019792333e-05, -0.00219331379049, 0.00999385118484, -0.00283447722904, -0.00117714749649, 0.00242494279519, -0.000658819451928, -0.00139324425254], [0.000237331245444, -0.00088208244415, -8.58080966282e-06, -0.00231124018319, 0.000226603428018, 0.00183026352897, -0.000876470992807, -0.00283447722904, 0.00968587026, -0.00478032324463, -0.00182390550617, 0.00425326637924, -0.00271395035088], [-0.000141651195008, 0.00311200809665, -0.00112774444278, 0.00243527535349, -0.00159368489403, 0.00111665413715, 0.00159992754925, -0.00117714749649, -0.00478032324463, 0.0128914667293, -0.00492852320895, 0.000140324147651, 0.00382465310395], [0.000501382281072, -0.00257642287761, 0.00108066014946, -0.00196531787515, 0.00033399509266, -0.00344805722125, -0.000249670672929, 0.00242494279519, -0.00182390550617, -0.00492852320895, 0.0122144157067, -0.00490140682086, -0.00271827820688], [-0.000294344092254, 0.00317117315717, -0.00179611181375, 0.00318865501322, -0.0022492359858, 0.00310331583023, -0.000931661110371, -0.000658819451928, 0.00425326637924, 0.000140324147651, -0.00490140682086, 0.0151249496266, -0.00291480100714], [0.000626033637673, -0.000525491195731, 0.00117538054474, -0.00281688896939, 0.00248683406971, -0.000517674721777, -0.000937956676353, -0.00139324425254, -0.00271395035088, 0.00382465310395, -0.00271827820688, -0.00291480100714, 0.0132200270891]]
    },
    "melbands": {
        "dmean": [0.0117289898917, 0.00570682343096, 0.00120388122741, 0.000559064501431, 0.000309694180032, 0.000202647424885, 0.000159879826242, 0.000164416414918, 0.000128956293338, 0.000108053958684, 6.03379448876e-05, 5.07021541125e-05, 4.94124069519e-05, 6.45059772069e-05, 2.29292345466e-05, 2.02817991521e-05, 1.32563118314e-05, 9.73237547441e-06, 1.32956447487e-05, 1.12141751742e-05, 1.41972859637e-05, 3.00415085803e-05, 9.33921728574e-06, 7.28948862161e-06, 7.57168572818e-06, 5.68432278669e-06, 8.46899456519e-06, 8.5127658167e-06, 8.43549514684e-06, 7.03190698914e-06, 7.5488856055e-06, 8.04078899819e-06, 1.03496995507e-05, 9.09889149625e-06, 1.42858725667e-05, 1.03611082523e-05, 7.42804786569e-06, 6.1398213802e-06, 5.51887615075e-06, 4.25239522883e-06],
        "dmean2": [0.0169302579015, 0.00932972040027, 0.00199039187282, 0.000955277704634, 0.000516450672876, 0.000324232591083, 0.000247498130193, 0.000249144359259, 0.00019691347552, 0.000165144549101, 9.39380770433e-05, 7.86936070654e-05, 7.01862009009e-05, 8.81377854967e-05, 3.49466354237e-05, 3.18189668178e-05, 2.04733332794e-05, 1.53964610945e-05, 2.26087977353e-05, 1.79167655006e-05, 2.44715101871e-05, 5.53346144443e-05, 1.53525834321e-05, 1.22423525681e-05, 1.23249137687e-05, 9.10759536055e-06, 1.36960106829e-05, 1.38741888804e-05, 1.39268204293e-05, 1.14080776257e-05, 1.26760451167e-05, 1.3354649127e-05, 1.71397296072e-05, 1.55136985995e-05, 2.43264548772e-05, 1.7349697373e-05, 1.23901090774e-05, 1.02512713056e-05, 9.35297794058e-06, 7.4622057582e-06],
        "dvar": [0.000279974570731, 0.000102385623904, 6.21082654106e-06, 1.36498294978e-06, 4.92170613597e-07, 2.20739437395e-07, 7.66480710013e-08, 7.39101793101e-08, 5.8810552872e-08, 4.93496550291e-08, 1.37375559817e-08, 1.1240702591e-08, 1.19633423168e-08, 3.05126626188e-08, 3.87135123958e-09, 2.89348878191e-09, 1.30743060822e-09, 1.02261665802e-09, 1.07945641314e-09, 6.75315969811e-10, 1.84043014162e-09, 1.75906240685e-08, 7.41636974055e-10, 3.97753191494e-10, 2.58953164467e-10, 1.57761775865e-10, 3.5285896427e-10, 6.94131863099e-10, 3.38575972814e-10, 1.74920161689e-10, 2.19780901811e-10, 2.28426069726e-10, 3.75528996788e-10, 3.91026461211e-10, 1.12071818492e-09, 5.00268826364e-10, 2.44385400805e-10, 1.76456668721e-10, 1.60727139931e-10, 1.21533727526e-10],
        "dvar2": [0.000605892739259, 0.00027500896249, 1.58894690685e-05, 3.64509082829e-06, 1.28651947762e-06, 5.56308123123e-07, 1.82544908967e-07, 1.77011656888e-07, 1.38307200359e-07, 9.39886035667e-08, 2.77650364922e-08, 2.68236526324e-08, 2.4372708296e-08, 4.9229011978e-08, 7.44813899445e-09, 6.63391830358e-09, 2.5369508716e-09, 2.0137500556e-09, 2.8015405551e-09, 1.48349466045e-09, 5.05178343602e-09, 5.04844273053e-08, 1.92774929353e-09, 1.09199604914e-09, 6.45465236815e-10, 3.47432138614e-10, 8.76347439061e-10, 1.91473992217e-09, 8.50536752139e-10, 4.17500201078e-10, 5.53699419648e-10, 5.74686243038e-10, 9.43734868031e-10, 1.03964414855e-09, 2.94497226605e-09, 1.26119081845e-09, 6.16705075895e-10, 4.44841330438e-10, 4.17946011133e-10, 3.29229421503e-10],
        "max": [0.127670124173, 0.0776048973203, 0.0208958815783, 0.0104627041146, 0.00758214574307, 0.00544029753655, 0.00260589411482, 0.00389290088788, 0.0034371833317, 0.00352036766708, 0.00306983734481, 0.00186626357026, 0.00233481987379, 0.00276326620951, 0.00172497518361, 0.00087067624554, 0.00113016029354, 0.000753448286559, 0.000388212210964, 0.000272794481134, 0.000529484765138, 0.00139615056105, 0.00034666233114, 0.000389019725844, 0.000223742041271, 0.000207152799703, 0.000305470341118, 0.000611300521996, 0.000321690051351, 0.000154608525918, 0.000116483170132, 9.88907413557e-05, 0.000156630165293, 0.000124722413602, 0.000222427101107, 0.000145397469169, 0.000122299490613, 9.87100211205e-05, 9.23568222788e-05, 7.62636627769e-05],
        "mean": [0.0234696082771, 0.00900099426508, 0.00163570337463, 0.000699363241438, 0.000360739650205, 0.000254070881056, 0.000229956582189, 0.000247245363425, 0.000192037041415, 0.000185112658073, 0.000100049343018, 8.27316471259e-05, 8.22215151857e-05, 0.000119486583571, 3.14612261718e-05, 2.8001042665e-05, 2.03126655833e-05, 1.187210637e-05, 1.33038483909e-05, 1.18851421576e-05, 1.27236426124e-05, 2.01114926313e-05, 8.88754402695e-06, 6.85263603373e-06, 6.91558216204e-06, 6.20145237917e-06, 8.66151276568e-06, 8.17388172436e-06, 7.72571911511e-06, 6.3683874032e-06, 6.98403346178e-06, 7.47044077798e-06, 9.01483963389e-06, 7.21175774743e-06, 1.05068638732e-05, 8.31937541079e-06, 5.94311404711e-06, 4.97313931191e-06, 4.49664548796e-06, 3.10550558424e-06],
        "median": [0.0106945279986, 0.00434886245057, 0.000467017845949, 0.000224168092245, 0.000129920081235, 9.46169311646e-05, 7.86230812082e-05, 9.26582506509e-05, 6.41594087938e-05, 4.64098484372e-05, 3.51543021679e-05, 2.42133392021e-05, 1.45484591485e-05, 1.03311658677e-05, 4.58365911982e-06, 3.49973288394e-06, 3.10155519401e-06, 2.22870630751e-06, 2.23665551857e-06, 2.2269857709e-06, 2.49997447099e-06, 1.7602923208e-06, 1.8029425064e-06, 1.5243388134e-06, 1.35014317948e-06, 1.3626645341e-06, 1.28004546696e-06, 1.34966921905e-06, 9.33433909722e-07, 8.64858122895e-07, 7.83741654686e-07, 8.2454295125e-07, 9.90491002995e-07, 5.79181630656e-07, 5.64668937386e-07, 5.25506038684e-07, 4.38572129724e-07, 4.20733499595e-07, 3.50020087581e-07, 1.95202176201e-07],
        "min": [9.16796523143e-08, 1.12173574962e-05, 1.88894807707e-06, 1.44248724609e-06, 6.16260649622e-07, 5.08224104578e-07, 7.69737255268e-07, 3.19300482943e-07, 2.92654419809e-07, 2.50328611173e-07, 3.32392801283e-07, 1.50386696873e-07, 6.61535111135e-08, 8.1875263902e-08, 2.13045172615e-08, 7.43295771599e-08, 8.3067327239e-08, 4.243208096e-08, 2.84528809402e-08, 5.25799990214e-08, 4.5333091947e-08, 2.83480634522e-08, 2.43625120078e-08, 1.24961134773e-08, 7.23170856531e-09, 1.38725138044e-08, 1.10452722524e-08, 7.42288541744e-09, 3.73241215712e-09, 9.27602528122e-09, 2.16873763392e-09, 3.01598440666e-10, 2.78502687578e-09, 1.06142084011e-09, 3.85024589988e-09, 2.049449499e-09, 6.70169197914e-10, 6.91970036826e-10, 1.5911754336e-12, 1.52466754499e-12],
