{
"highlevel": {
    "danceability": {
        "all": {
            "danceable": 0.132990449667,
            "not_danceable": 0.867009580135
        },
        "probability": 0.867009580135,
        "value": "not_danceable"
    },
    "gender": {
        "all": {
            "female": 0.460518062115,
            "male": 0.539481937885
        },
        "probability": 0.539481937885,
        "value": "male"
    },
    "genre_dortmund": {
        "all": {
            "alternative": 0.156219407916,
            "blues": 0.118148952723,
            "electronic": 0.00656974408776,
            "folkcountry": 0.093119122088,
            "funksoulrnb": 0.00378954107873,
            "jazz": 0.017999984324,
            "pop": 0.0235906988382,
            "raphiphop": 0.00113386602607,
            "rock": 0.579428672791
        },
        "probability": 0.579428672791,
        "value": "rock"
    },
    "genre_electronic": {
        "all": {
            "ambient": 0.425552070141,
            "dnb": 0.48014986515,
            "house": 0.0187980812043,
            "techno": 0.00768109690398,
            "trance": 0.0678188949823
        },
        "probability": 0.48014986515,
        "value": "dnb"
    },
    "genre_rosamerica": {
        "all": {
            "cla": 0.0202533174306,
            "dan": 0.00462047941983,
            "hip": 0.00172230415046,
            "jaz": 0.00259852735326,
            "pop": 0.0031038930174,
            "rhy": 0.0012010432547,
            "roc": 0.966038644314,
            "spe": 0.000461770163383
        },
        "probability": 0.966038644314,
        "value": "roc"
    },
    "genre_tzanetakis": {
        "all": {
            "blu": 0.0626613423228,
            "cla": 0.0348169617355,
            "cou": 0.104475811124,
            "dis": 0.0784321576357,
            "hip": 0.15692435205,
            "jaz": 0.313974827528,
            "met": 0.0448166541755,
            "pop": 0.0627359300852,
            "reg": 0.0627360641956,
            "roc": 0.0784258767962
        },
        "probability": 0.313974827528,
        "value": "jaz"
    },
    "ismir04_rhythm": {
        "all": {
            "ChaChaCha": 0.0949820652604,
            "Jive": 0.166192784905,
            "Quickstep": 0.159729972482,
            "Rumba-American": 0.0181807875633,
            "Rumba-International": 0.0288309622556,
            "Rumba-Misc": 0.0121504599229,
            "Samba": 0.0819989144802,
            "Tango": 0.10692282021,
            "VienneseWaltz": 0.231702178717,
            "Waltz": 0.0993090420961
        },
        "probability": 0.231702178717,
        "value": "VienneseWaltz"
    },
    "mood_acoustic": {
        "all": {
            "acoustic": 0.0398379899561,
            "not_acoustic": 0.960161983967
        },
        "probability": 0.960161983967,
        "value": "not_acoustic"
    },
    "mood_aggressive": {
        "all": {
            "aggressive": 0.985102117062,
            "not_aggressive": 0.0148979043588
        },
        "probability": 0.985102117062,
        "value": "aggressive"
    },
    "mood_electronic": {
        "all": {
            "electronic": 0.0364560447633,
            "not_electronic": 0.963543951511
        },
        "probability": 0.963543951511,
        "value": "not_electronic"
    },
    "mood_happy": {
        "all": {
            "happy": 0.903299987316,
            "not_happy": 0.0967000350356
        },
        "probability": 0.903299987316,
        "value": "happy"
    },
    "mood_party": {
        "all": {
            "not_party": 0.90275645256,
            "party": 0.0972435772419
        },
        "probability": 0.90275645256,
        "value": "not_party"
    },
    "mood_relaxed": {
        "all": {
            "not_relaxed": 0.947750747204,
            "relaxed": 0.0522492416203
        },
        "probability": 0.947750747204,
        "value": "not_relaxed"
    },
    "mood_sad": {
        "all": {
            "not_sad": 0.965761959553,
            "sad": 0.0342380441725
        },
        "probability": 0.965761959553,
        "value": "not_sad"
    },
    "moods_mirex": {
        "all": {
            "Cluster1": 0.47553935647,
            "Cluster2": 0.0816984698176,
            "Cluster3": 0.152583092451,
            "Cluster4": 0.0858598053455,
            "Cluster5": 0.204319283366
        },
        "probability": 0.47553935647,
        "value": "Cluster1"
    },
    "timbre": {
        "all": {
            "bright": 0.992398560047,
            "dark": 0.00760143110529
        },
        "probability": 0.992398560047,
        "value": "bright"
    },
    "tonal_atonal": {
        "all": {
            "atonal": 0.00820757262409,
            "tonal": 0.991792440414
        },
        "probability": 0.991792440414,
        "value": "tonal"
    },
    "voice_instrumental": {
        "all": {
            "instrumental": 0.101737126708,
            "voice": 0.898262858391
        },
        "probability": 0.898262858391,
        "value": "voice"
    }
},
"lowlevel": {
    "average_loudness": 0.968995690346,
    "barkbands_crest": {
        "dmean": 1.70223462582,
        "dmean2": 2.79647374153,
        "dvar": 2.60198879242,
        "dvar2": 7.14600229263,
        "max": 18.5215148926,
        "mean": 7.98136615753,
        "median": 7.42052793503,
        "min": 2.58385515213,
        "var": 8.72242069244
    },
    "barkbands_flatness_db": {
        "dmean": 0.0149816386402,
        "dmean2": 0.0232800990343,
        "dvar": 0.000165914520039,
        "dvar2": 0.000345237407601,
        "max": 0.278234988451,
        "mean": 0.147773370147,
        "median": 0.142996162176,
        "min": 0.063696295023,
        "var": 0.00152913143393
    },
    "barkbands_kurtosis": {
        "dmean": 0.662965476513,
        "dmean2": 1.11230576038,
        "dvar": 0.623248934746,
        "dvar2": 1.58593869209,
        "max": 7.45699596405,
        "mean": -0.276064008474,
        "median": -0.589415311813,
        "min": -1.86028194427,
        "var": 1.41008245945
    },
    "barkbands_skewness": {
        "dmean": 0.314091295004,
        "dmean2": 0.503494560719,
        "dvar": 0.0780602768064,
        "dvar2": 0.196207806468,
        "max": 2.71502399445,
        "mean": 0.704584300518,
        "median": 0.742374420166,
        "min": -2.23499250412,
        "var": 0.451280206442
    },
    "barkbands_spread": {
        "dmean": 4.28305435181,
        "dmean2": 7.01249504089,
        "dvar": 14.4749193192,
        "dvar2": 34.2151451111,
        "max": 52.9271583557,
        "mean": 30.9126758575,
        "median": 30.7762012482,
        "min": 7.15761995316,
        "var": 50.3277664185
    },
    "dissonance": {
        "dmean": 0.0105839502066,
        "dmean2": 0.0178407728672,
        "dvar": 8.58636121848e-05,
        "dvar2": 0.000231026511756,
        "max": 0.49993032217,
        "mean": 0.479645609856,
        "median": 0.482318848372,
        "min": 0.388416588306,
        "var": 0.000175359629793
    },
    "dynamic_complexity": 0.875990688801,
    "erbbands_crest": {
        "dmean": 2.21764302254,
        "dmean2": 3.61928963661,
        "dvar": 4.61593532562,
        "dvar2": 11.8420801163,
        "max": 25.1532363892,
        "mean": 8.05382728577,
        "median": 7.0355553627,
        "min": 3.01744198799,
        "var": 13.2913227081
    },
    "erbbands_flatness_db": {
        "dmean": 0.0141408070922,
        "dmean2": 0.0202593579888,
        "dvar": 0.000200047332328,
        "dvar2": 0.000324784312397,
        "max": 0.372691571712,
        "mean": 0.191847935319,
        "median": 0.180692464113,
        "min": 0.105354234576,
        "var": 0.00259267003275
    },
    "erbbands_kurtosis": {
        "dmean": 0.714344859123,
        "dmean2": 1.11993646622,
        "dvar": 0.846325099468,
        "dvar2": 1.90582132339,
        "max": 22.4441337585,
        "mean": 0.200274661183,
        "median": -0.309984207153,
        "min": -1.63536202908,
        "var": 4.04542779922
    },
    "erbbands_skewness": {
        "dmean": 0.286335527897,
        "dmean2": 0.441910505295,
        "dvar": 0.0604109093547,
        "dvar2": 0.147199302912,
        "max": 1.02759754658,
        "mean": -0.573638260365,
        "median": -0.512043178082,
        "min": -3.29607701302,
        "var": 0.325265616179
    },
    "erbbands_spread": {
        "dmean": 5.24924468994,
        "dmean2": 8.31106567383,
        "dvar": 19.8487548828,
        "dvar2": 50.903503418,
        "max": 64.0324630737,
        "mean": 32.9306716919,
        "median": 33.6164245605,
        "min": 4.02452373505,
        "var": 85.6755828857
    },
    "hfc": {
        "dmean": 5.51620531082,
        "dmean2": 9.00988674164,
        "dvar": 24.4525108337,
        "dvar2": 63.1474647522,
        "max": 73.5881958008,
        "mean": 31.8871135712,
        "median": 31.1179924011,
        "min": 4.57838964462,
        "var": 96.9477767944
    },
    "melbands_crest": {
        "dmean": 2.29764294624,
        "dmean2": 3.74767160416,
        "dvar": 5.26369857788,
        "dvar2": 13.3495531082,
        "max": 28.3263320923,
        "mean": 13.5037765503,
        "median": 12.6556329727,
        "min": 3.55416202545,
        "var": 22.611787796
    },
    "melbands_flatness_db": {
        "dmean": 0.0169147923589,
        "dmean2": 0.025469655171,
        "dvar": 0.000228319258895,
        "dvar2": 0.000496779510286,
        "max": 0.332503706217,
        "mean": 0.183059304953,
        "median": 0.1827365309,
        "min": 0.0439716055989,
        "var": 0.00209193769842
    },
    "melbands_kurtosis": {
        "dmean": 2.12427401543,
        "dmean2": 3.49011874199,
        "dvar": 6.16206407547,
        "dvar2": 17.1211700439,
        "max": 29.9945716858,
        "mean": 4.18037414551,
        "median": 3.15782117844,
        "min": -1.84100496769,
        "var": 19.4548282623
    },
    "melbands_skewness": {
        "dmean": 0.413781136274,
        "dmean2": 0.664250791073,
        "dvar": 0.147652104497,
        "dvar2": 0.380494058132,
        "max": 5.30467700958,
        "mean": 1.90002334118,
        "median": 1.87625932693,
        "min": -1.51246857643,
        "var": 0.855094611645
    },
    "melbands_spread": {
        "dmean": 7.24026060104,
        "dmean2": 11.834982872,
        "dvar": 46.695110321,
        "dvar2": 112.105407715,
        "max": 93.9384002686,
        "mean": 36.4554977417,
        "median": 33.9896240234,
        "min": 10.0872087479,
        "var": 213.081329346
    },
    "pitch_salience": {
        "dmean": 0.0506722293794,
        "dmean2": 0.0814651474357,
        "dvar": 0.00195111648645,
        "dvar2": 0.00491497386247,
        "max": 0.764437019825,
        "mean": 0.528587698936,
        "median": 0.531333386898,
        "min": 0.257618993521,
        "var": 0.00799683853984
    },
    "silence_rate_20dB": {
        "dmean": 0,
        "dmean2": 0,
        "dvar": 0,
        "dvar2": 0,
        "max": 1,
        "mean": 1,
        "median": 1,
        "min": 1,
        "var": 0
    },
    "silence_rate_30dB": {
        "dmean": 0,
        "dmean2": 0,
        "dvar": 0,
        "dvar2": 0,
        "max": 1,
        "mean": 1,
        "median": 1,
        "min": 1,
        "var": 0
    },
    "silence_rate_60dB": {
        "dmean": 0,
        "dmean2": 0,
        "dvar": 0,
        "dvar2": 0,
        "max": 0,
        "mean": 0,
        "median": 0,
        "min": 0,
        "var": 0
    },
    "spectral_centroid": {
        "dmean": 196.998168945,
        "dmean2": 317.900634766,
        "dvar": 29118.1074219,
        "dvar2": 66591.59375,
        "max": 3224.12768555,
        "mean": 1948.32849121,
        "median": 1932.69909668,
        "min": 840.320068359,
        "var": 128900
    },
    "spectral_complexity": {
        "dmean": 3.98684215546,
        "dmean2": 6.22927951813,
        "dvar": 11.2342634201,
        "dvar2": 24.9373760223,
        "max": 50,
        "mean": 32.3294677734,
        "median": 33,
        "min": 8,
        "var": 57.6346664429
    },
    "spectral_decrease": {
        "dmean": 1.5182898272e-09,
        "dmean2": 2.4612549776e-09,
        "dvar": 2.42705545071e-18,
        "dvar2": 6.42485657431e-18,
        "max": -1.17869058958e-09,
        "mean": -8.63778915061e-09,
        "median": -8.34830249374e-09,
        "min": -2.00369907333e-08,
        "var": 1.20630238542e-17
    },
    "spectral_energy": {
        "dmean": 0.00601313589141,
        "dmean2": 0.00975170638412,
        "dvar": 3.65088963008e-05,
        "dvar2": 9.65650106082e-05,
        "max": 0.0784297063947,
        "mean": 0.0354932546616,
        "median": 0.0346184261143,
        "min": 0.00499377585948,
        "var": 0.000181455892744
    },
    "spectral_energyband_high": {
        "dmean": 0.000247054704232,
        "dmean2": 0.000373694580048,
        "dvar": 6.37782591184e-08,
        "dvar2": 1.32107018658e-07,
        "max": 0.00367724732496,
        "mean": 0.000856245285831,
        "median": 0.000712408567779,
        "min": 1.36489406941e-05,
        "var": 3.04099302184e-07
    },
    "spectral_energyband_low": {
        "dmean": 0.00401123333722,
        "dmean2": 0.00642746360973,
        "dvar": 2.52621794061e-05,
        "dvar2": 6.97372524883e-05,
        "max": 0.0590706542134,
        "mean": 0.0141290323809,
        "median": 0.0111057739705,
        "min": 2.10713660636e-05,
        "var": 0.000123541729408
    },
    "spectral_energyband_middle_high": {
        "dmean": 0.00237296614796,
        "dmean2": 0.00381970824674,
        "dvar": 4.50258085039e-06,
        "dvar2": 1.2135864381e-05,
        "max": 0.0326826050878,
        "mean": 0.0106625100598,
        "median": 0.0100682107732,
        "min": 0.00219552661292,
        "var": 1.69758386619e-05
    },
    "spectral_energyband_middle_low": {
        "dmean": 0.00356830982491,
        "dmean2": 0.00579351466149,
        "dvar": 1.80109764187e-05,
        "dvar2": 4.43344251835e-05,
        "max": 0.047266036272,
        "mean": 0.0113992448896,
        "median": 0.0102815413848,
        "min": 0.000364494044334,
        "var": 4.09658678109e-05
    },
    "spectral_entropy": {
        "dmean": 0.0974604785442,
        "dmean2": 0.137842103839,
        "dvar": 0.00813607033342,
        "dvar2": 0.0137287275866,
        "max": 8.13854598999,
        "mean": 7.55648040771,
        "median": 7.58981800079,
        "min": 6.26839828491,
        "var": 0.0793609321117
    },
    "spectral_flux": {
        "dmean": 0.015074044466,
        "dmean2": 0.0241698399186,
        "dvar": 0.000203729621717,
        "dvar2": 0.000479692593217,
        "max": 0.16728644073,
        "mean": 0.0838206484914,
        "median": 0.0811825916171,
        "min": 0.019793946296,
        "var": 0.000642880564556
    },
    "spectral_kurtosis": {
        "dmean": 2.00580692291,
        "dmean2": 3.52447533607,
        "dvar": 4.99311542511,
        "dvar2": 14.6152248383,
        "max": 25.861825943,
        "mean": 4.00458812714,
        "median": 3.4265165329,
        "min": -0.770607471466,
        "var": 7.03139734268
    },
    "spectral_rms": {
        "dmean": 0.000496873108204,
        "dmean2": 0.000798883382231,
        "dvar": 2.25741928261e-07,
        "dvar2": 5.73597787934e-07,
        "max": 0.00874738767743,
        "mean": 0.00576869351789,
        "median": 0.00581154646352,
        "min": 0.0022072554566,
        "var": 1.34974777666e-06
    },
    "spectral_rolloff": {
        "dmean": 366.414031982,
        "dmean2": 625.463623047,
        "dvar": 147995.546875,
        "dvar2": 331013.59375,
        "max": 4974.16992188,
        "mean": 2119.44384766,
        "median": 2110.25390625,
        "min": 172.265625,
        "var": 506803.125
    },
    "spectral_skewness": {
        "dmean": 0.222189456224,
        "dmean2": 0.384137362242,
        "dvar": 0.0486236773431,
        "dvar2": 0.133884683251,
        "max": 3.49015164375,
        "mean": 0.966908872128,
        "median": 1.02389383316,
        "min": -0.0795415565372,
        "var": 0.10803655535
    },
    "spectral_spread": {
        "dmean": 237579.96875,
        "dmean2": 338181.15625,
        "dvar": 66526343168,
        "dvar2": 97034059776,
        "max": 6712181,
        "mean": 2984901,
        "median": 2942783.75,
        "min": 1265959.125,
        "var": 553312583680
    },
    "spectral_strongpeak": {
        "dmean": 0.796962499619,
        "dmean2": 1.40552270412,
        "dvar": 2.35302901268,
        "dvar2": 6.47102689743,
        "max": 12.8596906662,
        "mean": 1.19793558121,
        "median": 0.523538887501,
        "min": 0.0738701447845,
        "var": 3.0166246891
    },
    "zerocrossingrate": {
        "dmean": 0.00630457280204,
        "dmean2": 0.00786129012704,
        "dvar": 3.23721360473e-05,
        "dvar2": 3.79257362511e-05,
        "max": 0.15576171875,
        "mean": 0.0663851052523,
        "median": 0.06396484375,
        "min": 0.01611328125,
        "var": 0.000339397985954
    },
    "barkbands": {
        "dmean": [3.6800174712e-05, 0.00183187657967, 0.00261041754857, 0.00124744419008, 0.0011320495978, 0.000508128840011, 0.000873926153872, 0.00124490237795, 0.000579933577683, 0.000694186717737, 0.000269012496574, 0.000227751792409, 0.000498749373946, 0.000712878711056, 0.000548461277504, 0.000660781341139, 0.000787794124335, 0.000767764286138, 0.000336100667482, 0.000180246366654, 0.000148600229295, 4.00771386921e-05, 1.76936355274e-05, 1.19452561194e-05, 7.6579681263e-06, 4.12210374634e-06, 2.46111175883e-09],
        "dmean2": [6.54591422062e-05, 0.00288480543531, 0.00436177942902, 0.00207783887163, 0.00190438900609, 0.00078166462481, 0.00136005121749, 0.00192451232579, 0.00088530901121, 0.00101191026624, 0.000429504056228, 0.000357199256541, 0.00078885856783, 0.00117377960123, 0.000891577568837, 0.00111277366523, 0.00131075188983, 0.00126955192536, 0.00055942585459, 0.000295309320791, 0.000237061874941, 6.28329653409e-05, 2.41305897362e-05, 1.60231738846e-05, 9.51072706812e-06, 5.58937472306e-06, 4.31984004123e-09],
        "dvar": [6.59661569813e-09, 5.89581804888e-06, 1.48358349179e-05, 3.77509650207e-06, 3.25550195157e-06, 6.86043620135e-07, 2.48003220804e-06, 5.042003977e-06, 9.44362341215e-07, 2.00996146305e-06, 1.89156111219e-07, 1.07061673305e-07, 3.1252167787e-07, 1.41345390148e-06, 8.63044817834e-07, 9.76714659373e-07, 7.99014060249e-07, 1.42901546951e-06, 1.0350213131e-07, 3.32174430184e-08, 2.41784849919e-08, 2.57581711516e-09, 7.83768383528e-10, 4.26571084011e-10, 1.94764648853e-10, 7.54477591514e-11, 2.727861401e-16],
        "dvar2": [1.94657641117e-08, 1.33033654492e-05, 4.42968339485e-05, 9.93109460978e-06, 9.18086243473e-06, 1.57689680691e-06, 6.09972858001e-06, 1.24365769807e-05, 2.12525492316e-06, 4.74021771879e-06, 4.54263528127e-07, 2.28538112879e-07, 7.30183103315e-07, 3.83531460102e-06, 2.3253130621e-06, 2.76887158179e-06, 1.86265845059e-06, 4.06168510381e-06, 2.69539185638e-07, 8.13432095015e-08, 5.93911160252e-08, 6.07452443901e-09, 1.39843003844e-09, 7.40787042819e-10, 3.00525632158e-10, 1.48402928835e-10, 5.26866298714e-16],
        "max": [0.000955486844759, 0.0352987684309, 0.0450936220586, 0.0186675302684, 0.0181537531316, 0.0142456972972, 0.0258096102625, 0.0239614509046, 0.00959073659033, 0.0226479936391, 0.00635969871655, 0.0071197100915, 0.0108315022662, 0.0152826029807, 0.0245571322739, 0.0140660759062, 0.0164666119963, 0.0198405049741, 0.00488874455914, 0.00238609616645, 0.00194240163546, 0.000651722832117, 0.000416832830524, 0.00028973913868, 0.000241150555667, 0.000163377015269, 4.2454053073e-07],
        "mean": [4.46847952844e-05, 0.00543554360047, 0.00735304225236, 0.00230598868802, 0.00237691705115, 0.00108650233597, 0.00181676098146, 0.00222371541895, 0.00102970632724, 0.00131133082323, 0.000477229536045, 0.000452019827208, 0.000920735008549, 0.00121554813813, 0.0011423653923, 0.00119798304513, 0.0016191387549, 0.00159030302893, 0.000803854723927, 0.000490009202622, 0.000399907759856, 0.000106742802018, 4.06823528465e-05, 2.83993740595e-05, 1.67974922078e-05, 7.39349388823e-06, 1.81290993329e-09],
        "median": [2.79651794699e-05, 0.00357602909207, 0.0048263235949, 0.00145440443885, 0.00174862705171, 0.000595488003455, 0.000912651186809, 0.000788481207564, 0.000453385378933, 0.000579589512199, 0.000298255617963, 0.000289950752631, 0.00066321954364, 0.000750289531425, 0.000770828337409, 0.000812001468148, 0.00118811998982, 0.00103296537418, 0.000675162824336, 0.000430747488281, 0.000327463727444, 7.87837780081e-05, 1.88228623301e-05, 1.11318668132e-05, 4.95984477311e-06, 1.05825597529e-06, 4.20813911495e-10],
        "min": [2.24056719844e-08, 4.13746283812e-06, 8.2724773165e-07, 1.07376627057e-06, 1.01475634438e-05, 1.43014460718e-06, 6.83780763211e-06, 4.90745696879e-06, 8.60925138113e-06, 9.09758364287e-06, 7.93226718088e-07, 5.32297417521e-06, 3.18369757224e-06, 1.08997601274e-05, 4.6377608669e-05, 3.89176966564e-05, 5.26575604454e-05, 4.77063622384e-05, 5.8774217905e-05, 9.84141115623e-06, 5.16821864949e-06, 1.15978458837e-07, 4.33662883381e-09, 2.30868671403e-10, 1.26367638575e-10, 5.94067763732e-12, 8.7425171269e-12],
        "var": [4.94081930924e-09, 2.88312548946e-05, 5.488835086e-05, 6.64412300466e-06, 5.3089515859e-06, 2.11698443309e-06, 6.20697255727e-06, 1.16263590826e-05, 2.03463469006e-06, 4.76591549159e-06, 3.64420543519e-07, 3.07312603809e-07, 7.68021493514e-07, 2.41821680902e-06, 2.69505198958e-06, 1.6712259594e-06, 2.42694386543e-06, 3.11960320687e-06, 2.79626533484e-07, 8.36062525877e-08, 8.00824508929e-08, 1.0301378417e-08, 3.04917979754e-09, 1.72236858109e-09, 8.05065569764e-10, 2.12311529468e-10, 2.12005385146e-16]
    },
    "erbbands": {
        "dmean": [0.0347208678722, 0.487172275782, 2.35716152191, 3.64034938812, 4.50319290161, 3.52023983002, 3.17951822281, 5.1250500679, 9.41625499725, 24.0560245514, 17.7134208679, 15.0573101044, 18.1581802368, 15.0386981964, 12.4055480957, 10.5199546814, 22.8661994934, 37.3842163086, 22.4995365143, 34.6993598938, 27.3815193176, 32.8008575439, 48.1577758789, 21.9310455322, 11.6269865036, 8.44024372101, 6.93886947632, 5.03774309158, 1.74794900417, 0.859813034534, 0.412766873837, 0.280693531036, 0.188465431333, 0.106453321874, 0.0497642420232, 0.01799322851, 0.00908090546727, 0.00107529689558, 1.97601111722e-05, 7.09533287591e-06],
        "dmean2": [0.0535394027829, 0.771029353142, 3.93105697632, 6.04806900024, 7.58527946472, 5.85139465332, 5.12313890457, 7.94661140442, 14.4024391174, 37.2529144287, 27.6517543793, 23.2021617889, 28.0290966034, 21.8690662384, 19.5235137939, 16.4774627686, 36.158416748, 61.8302497864, 37.509475708, 56.6562919617, 44.6863059998, 55.0980567932, 81.093421936, 36.6878814697, 19.3469142914, 13.8136119843, 11.3809919357, 7.86645841599, 2.74577832222, 1.21762907505, 0.56467628479, 0.374744743109, 0.253608345985, 0.137116864324, 0.0654990822077, 0.0246125888079, 0.0129044083878, 0.00160514132585, 2.92324057227e-05, 1.15024149636e-05],
        "dvar": [0.00270318915136, 0.406302720308, 11.7078104019, 25.4374485016, 91.0626296997, 24.7510299683, 18.9836750031, 75.2701034546, 310.097473145, 1783.10656738, 1938.52783203, 689.966064453, 2941.55639648, 737.377868652, 463.764129639, 218.113754272, 652.850158691, 4254.81347656, 728.160522461, 3533.06762695, 1075.95336914, 1352.99108887, 5646.28759766, 500.361938477, 117.006866455, 80.0963668823, 53.7437095642, 40.6273078918, 4.75139379501, 1.6621029377, 0.428466141224, 0.239836603403, 0.109110817313, 0.0371424481273, 0.00997080933303, 0.00129172275774, 0.000397424853873, 5.48192429051e-06, 1.43907430417e-09, 4.71135352953e-11],
        "dvar2": [0.00583761138842, 0.936392843723, 32.8714447021, 74.5794372559, 240.84992981, 67.635559082, 47.2052345276, 177.698867798, 748.362915039, 4103.27392578, 4797.57910156, 1534.82067871, 6924.79296875, 1488.87695312, 1096.21020508, 464.651489258, 1490.74914551, 11486.3486328, 1970.93994141, 9221.74414062, 2823.30957031, 3266.77661133, 16428.609375, 1252.8527832, 300.964141846, 201.979202271, 144.16078186, 100.445236206, 11.144906044, 3.3959543705, 0.785519182682, 0.43710938096, 0.214296802878, 0.0657303407788, 0.0173730421811, 0.00252665672451, 0.000857218226884, 1.14713884614e-05, 2.91396773378e-09, 1.23358767645e-10],
        "max": [0.820113658905, 8.72068309784, 40.628578186, 49.2755813599, 90.7176437378, 69.3253631592, 61.8623008728, 113.512405396, 325.118225098, 607.652038574, 656.774536133, 295.388580322, 973.159606934, 502.104431152, 347.932037354, 319.078552246, 479.551269531, 896.072570801, 311.582794189, 1481.4654541, 432.246368408, 697.322570801, 1192.00952148, 388.632110596, 133.723937988, 119.377700806, 91.1856842041, 81.043838501, 28.1727809906, 16.8053684235, 9.63572311401, 6.73498344421, 4.76721954346, 3.38049578667, 1.98738026619, 0.61858612299, 0.432244211435, 0.0408386662602, 0.000720552168787, 9.00217128219e-05],
        "mean": [0.108324401081, 1.47897148132, 7.20223474503, 8.93810653687, 7.43932342529, 7.92781829834, 7.3336930275, 10.9611787796, 21.7377758026, 47.6044464111, 31.7624187469, 27.4157810211, 35.1260185242, 30.1524944305, 24.2177219391, 23.3084182739, 44.3185462952, 64.8416061401, 47.9820671082, 76.2204742432, 57.8909263611, 77.8049316406, 103.99306488, 54.3252677917, 31.7545261383, 23.7155303955, 18.8442935944, 12.6879806519, 4.77332639694, 2.06729340553, 0.987522482872, 0.65631633997, 0.415889680386, 0.231165751815, 0.0996839106083, 0.0320603922009, 0.0147229395807, 0.00164436723571, 4.97832807014e-05, 4.45464029326e-05],
        "median": [0.0633741766214, 1.02608191967, 4.87882614136, 6.89706277847, 4.49915409088, 6.02203845978, 5.29516506195, 6.03746414185, 10.4921550751, 24.9971389771, 14.5087680817, 12.8599624634, 15.5795278549, 14.4935817719, 14.9704532623, 16.6211357117, 32.893699646, 40.7785453796, 38.0604743958, 48.7778091431, 43.7297554016, 60.8375663757, 71.5301971436, 43.8930778503, 27.1851081848, 21.0339279175, 16.1827201843, 8.57155799866, 3.46917057037, 1.12275648117, 0.46220061183, 0.261451601982, 0.168388992548, 0.0776221305132, 0.022498395294, 0.00607432797551, 0.00167144916486, 0.000126730883494, 2.75183210761e-05, 4.41557822342e-05],
        "min": [6.56060292386e-05, 0.00138792721555, 0.00699981395155, 0.00654987758026, 0.0178791824728, 0.0225440599024, 0.040808942169, 0.0571997091174, 0.151288658381, 0.135888665915, 0.404947072268, 0.292914479971, 0.319153904915, 0.582386791706, 0.277720808983, 0.697538673878, 1.80856001377, 1.24387764931, 2.06907057762, 2.26889300346, 4.23171186447, 6.49103689194, 6.81287336349, 3.48430609703, 2.39027023315, 1.18938076496, 0.402540653944, 0.0868930965662, 0.0115683078766, 0.0011896683136, 0.000190109785763, 4.02481018682e-05, 1.64558914548e-05, 1.42541239256e-05, 7.40079212846e-06, 4.67743075205e-06, 2.7473568025e-06, 8.91329648312e-07, 3.21594734487e-06, 6.99560450812e-06],
        "var": [0.01601344347, 1.9141317606, 53.0068817139, 66.8492736816, 97.4044036865, 55.9242744446, 53.0755195618, 208.83782959, 966.613891602, 3835.07885742, 3956.7409668, 1411.13500977, 6474.69775391, 2229.72631836, 952.08972168, 595.076538086, 1629.79272461, 6870.51367188, 1366.30871582, 10883.7900391, 2430.01879883, 4399.19287109, 11529.6640625, 1588.6809082, 336.560852051, 178.102264404, 140.903549194, 135.974899292, 19.7713088989, 6.21861934662, 1.7122977972, 0.924772679806, 0.368392139673, 0.140162557364, 0.0334773808718, 0.00345922936685, 0.000960463134106, 1.31433762363e-05, 3.87972765026e-09, 2.32596011895e-10]
    },
    "gfcc": {
        "mean": [23.1788425446, 121.771560669, -160.471191406, 53.3206329346, -37.9621772766, -0.401497036219, -24.2386226654, 8.31768512726, -16.3438129425, 2.05117702484, -12.9802932739, -10.8070020676, -8.96288871765],
        "cov": [[1702.18676758, -971.150817871, 859.794677734, -9.86708927155, -441.832733154, 517.759460449, -459.062744141, 99.4539718628, -242.472671509, 98.9685287476, -274.950531006, 263.105133057, -141.196121216], [-971.150817871, 1381.59899902, -515.731140137, 110.776657104, 442.648742676, -425.664337158, 420.14440918, -117.458091736, 174.210968018, -168.494476318, 260.922271729, -292.869232178, 162.902633667], [859.794677734, -515.731140137, 633.875305176, 38.6274147034, -202.606079102, 295.791625977, -268.499176025, 42.1339874268, -160.087417603, 56.3403625488, -174.4584198, 177.695480347, -99.8009796143], [-9.86708927155, 110.776657104, 38.6274147034, 131.282821655, 74.8275222778, 3.3490152359, 0.640425443649, -22.2582378387, 15.8533163071, -24.107585907, 12.6502656937, -32.7718009949, 23.1230697632], [-441.832733154, 442.648742676, -202.606079102, 74.8275222778, 290.499572754, -146.485839844, 157.455108643, -43.8800506592, 76.5886306763, -53.289642334, 68.8803939819, -97.9233856201, 49.0582809448], [517.759460449, -425.664337158, 295.791625977, 3.3490152359, -146.485839844, 263.949188232, -147.733184814, 29.4186058044, -88.2777099609, 30.5306091309, -110.997688293, 113.57333374, -47.3967704773], [-459.062744141, 420.14440918, -268.499176025, 0.640425443649, 157.455108643, -147.733184814, 249.446105957, -12.347867012, 75.1330490112, -53.2791938782, 91.7734298706, -111.552703857, 51.3794937134], [99.4539718628, -117.458091736, 42.1339874268, -22.2582378387, -43.8800506592, 29.4186058044, -12.347867012, 91.7378158569, -2.47597455978, 8.67087364197, -10.0455818176, -3.2381772995, -17.5012073517], [-242.472671509, 174.210968018, -160.087417603, 15.8533163071, 76.5886306763, -88.2777099609, 75.1330490112, -2.47597455978, 97.0205535889, -3.54716897011, 49.2461967468, -57.3760223389, 22.3420124054], [98.9685287476, -168.494476318, 56.3403625488, -24.107585907, -53.289642334, 30.5306091309, -53.2791938782, 8.67087364197, -3.54716897011, 81.280128479, -15.4317960739, 28.7340278625, -30.9718399048], [-274.950531006, 260.922271729, -174.4584198, 12.6502656937, 68.8803939819, -110.997688293, 91.7734298706, -10.0455818176, 49.2461967468, -15.4317960739, 126.598197937, -49.5234680176, 39.5386657715], [263.105133057, -292.869232178, 177.695480347, -32.7718009949, -97.9233856201, 113.57333374, -111.552703857, -3.2381772995, -57.3760223389, 28.7340278625, -49.5234680176, 165.608596802, -30.872423172], [-141.196121216, 162.902633667, -99.8009796143, 23.1230697632, 49.0582809448, -47.3967704773, 51.3794937134, -17.5012073517, 22.3420124054, -30.9718399048, 39.5386657715, -30.872423172, 74.4167022705]],
        "icov": [[0.00317391636781, -0.00103789847344, -0.00166002137121, -3.78225013264e-05, 0.00183206831571, -0.00281406985596, 0.00201970641501, -0.00171731319278, 0.000783644267358, -0.000835699378513, 0.00128338509239, 4.23992569267e-05, 3.38054305757e-05], [-0.00103789847344, 0.00806133076549, -0.00616883253679, 0.00447296397761, -0.004449817352, 0.0051653557457, -0.00485653243959, 0.00832171738148, -0.00547207891941, 0.00831642188132, -0.0092681189999, 0.00712947640568, -0.00475928420201], [-0.00166002137121, -0.00616883253679, 0.0141879320145, -0.00951298791915, 0.00296056270599, -0.00367169990204, 0.00384965934791, -0.00850686617196, 0.0102688232437, -0.00810285378247, 0.0103550665081, -0.00920297950506, 0.00761386007071], [-3.78225013264e-05, 0.00447296397761, -0.00951298791915, 0.0196086335927, -0.00704575749114, -0.000739206152502, 0.000982900732197, 0.0087000913918, -0.00955690536648, 0.00845803972334, -0.0102983834222, 0.0100405076519, -0.00714620063081], [0.00183206831571, -0.004449817352, 0.00296056270599, -0.00704575749114, 0.0111310156062, -0.00124408362899, -0.000292947603157, -0.00347534590401, 0.0019719991833, -0.0035664611496, 0.00688425963745, -0.0042351000011, 0.00314027257264], [-0.00281406985596, 0.0051653557457, -0.00367169990204, -0.000739206152502, -0.00124408362899, 0.0156401079148, -0.00490280101076, 0.00371905998327, -0.00130563182756, 0.00447702500969, -0.00126378424466, 0.000511181075126, -0.00316106108949], [0.00201970641501, -0.00485653243959, 0.00384965934791, 0.000982900732197, -0.000292947603157, -0.00490280101076, 0.01427736599, -0.00570802437142, 0.00214461074211, -0.00158132973593, 0.00263885990717, -0.000832999357954, 0.00214168033563], [-0.00171731319278, 0.00832171738148, -0.00850686617196, 0.0087000913918, -0.00347534590401, 0.00371905998327, -0.00570802437142, 0.022993132472, -0.00987287145108, 0.0100363725796, -0.0119107076898, 0.0109011158347, -0.0035868701525], [0.000783644267358, -0.00547207891941, 0.0102688232437, -0.00955690536648, 0.0019719991833, -0.00130563182756, 0.00214461074211, -0.00987287145108, 0.0269015412778, -0.0114002618939, 0.00783481355757, -0.00598130328581, 0.00480709737167], [-0.000835699378513, 0.00831642188132, -0.00810285378247, 0.00845803972334, -0.0035664611496, 0.00447702500969, -0.00158132973593, 0.0100363725796, -0.0114002618939, 0.0268120598048, -0.0122406473383, 0.00805448647588, -0.000204143230803], [0.00128338509239, -0.0092681189999, 0.0103550665081, -0.0102983834222, 0.00688425963745, -0.00126378424466, 0.00263885990717, -0.0119107076898, 0.00783481355757, -0.0122406473383, 0.0273751299828, -0.0114965941757, 0.00308340718038], [4.23992569267e-05, 0.00712947640568, -0.00920297950506, 0.0100405076519, -0.0042351000011, 0.000511181075126, -0.000832999357954, 0.0109011158347, -0.00598130328581, 0.00805448647588, -0.0114965941757, 0.0193115603179, -0.00546422321349], [3.38054305757e-05, -0.00475928420201, 0.00761386007071, -0.00714620063081, 0.00314027257264, -0.00316106108949, 0.00214168033563, -0.0035868701525, 0.00480709737167, -0.000204143230803, 0.00308340718038, -0.00546422321349, 0.0245128013194]]
    },
    "melbands": {
        "dmean": [0.000418480252847, 0.000997288501821, 0.000617022276856, 0.000271319237072, 0.000125450125779, 0.000109381617222, 0.000152970344061, 0.000280497974018, 0.000129700099933, 9.19181256904e-05, 9.11502429517e-05, 6.52721937513e-05, 3.79919074476e-05, 3.05859575747e-05, 4.40829244326e-05, 4.21344702772e-05, 8.13539518276e-05, 3.61498096026e-05, 4.11664805142e-05, 6.29306887276e-05, 2.9891196391e-05, 2.99426264974e-05, 6.47590495646e-05, 3.35089935106e-05, 1.91376275325e-05, 1.13618170872e-05, 7.62227500672e-06, 6.01430429015e-06, 5.02136435898e-06, 4.12668123317e-06, 2.83146414404e-06, 1.2065294186e-06, 6.55042299513e-07, 4.81730637603e-07, 2.58580996615e-07, 1.93225034195e-07, 1.82000334803e-07, 1.49910178493e-07, 1.15097840592e-07, 8.72100756055e-08],
        "dmean2": [0.000652322254609, 0.00162983359769, 0.00102461350616, 0.000459484726889, 0.00020220989245, 0.000169577557244, 0.000233988379478, 0.000433086097473, 0.000202570998226, 0.00014026449935, 0.000140294519952, 9.4160255685e-05, 6.0476915678e-05, 4.72225692647e-05, 6.98422736605e-05, 6.6802946094e-05, 0.000134778238134, 5.96417194174e-05, 6.69373912388e-05, 0.00010489813576, 4.76618661196e-05, 4.91417631565e-05, 0.000110891916847, 5.45440743736e-05, 3.20444160025e-05, 1.88341600733e-05, 1.25585293063e-05, 9.90710941551e-06, 8.38535470393e-06, 6.65228435537e-06, 4.53610982731e-06, 1.93414803107e-06, 1.02411672742e-06, 6.76595107052e-07, 3.7025725419e-07, 2.81834672933e-07, 2.50749423003e-07, 2.11630833746e-07, 1.62883353028e-07, 1.18259976034e-07],
        "dvar": [3.45349945974e-07, 1.74452679857e-06, 7.92998093857e-07, 2.12743486827e-07, 2.93111099836e-08, 3.27473692607e-08, 8.07637903222e-08, 2.22508987235e-07, 1.01273826658e-07, 2.50212970343e-08, 7.06695146846e-08, 1.49099950164e-08, 3.91572818614e-09, 1.91720506137e-09, 2.98383029396e-09, 2.30234054044e-09, 2.10538715351e-08, 2.06248085277e-09, 6.80149359056e-09, 9.65011004439e-09, 1.58163182551e-09, 1.20733156805e-09, 8.32390423255e-09, 2.82416556807e-09, 3.87452736561e-10, 1.54440918387e-10, 5.91147894524e-11, 4.0690228964e-11, 2.94636676168e-11, 1.97717051065e-11, 1.39788024905e-11, 2.48205167357e-12, 7.66948353784e-13, 5.8949064163e-13, 1.70974982761e-13, 1.03413608785e-13, 1.031968971e-13, 6.81411578638e-14, 4.34267320726e-14, 2.64681804035e-14],
        "dvar2": [7.45580052808e-07, 4.85056534671e-06, 2.19754679165e-06, 6.05410605203e-07, 7.24580999645e-08, 7.59266995942e-08, 1.95691299609e-07, 5.16637612691e-07, 2.47852369739e-07, 5.48622658414e-08, 1.67175315369e-07, 2.98241644714e-08, 9.39979294401e-09, 4.19727896883e-09, 7.03798619384e-09, 5.37249711385e-09, 5.71153897511e-08, 5.44353406795e-09, 1.91607529842e-08, 2.71878075608e-08, 3.70613251199e-09, 2.7386670709e-09, 2.48155149762e-08, 7.0835195487e-09, 1.00144070814e-09, 3.98422128622e-10, 1.57233795428e-10, 1.0589086552e-10, 8.00985944238e-11, 5.04112064592e-11, 3.54008038161e-11, 6.15555132907e-12, 1.91064481944e-12, 1.21288840516e-12, 3.3380156278e-13, 2.03921162725e-13, 2.05585399507e-13, 1.4100562894e-13, 8.96329045057e-14, 5.10308721007e-14],
        "max": [0.00928477104753, 0.0149456039071, 0.00768241891637, 0.00417437264696, 0.00253164465539, 0.00259370775893, 0.00506235938519, 0.00651356065646, 0.00522488448769, 0.00166668707971, 0.00471433019266, 0.00232975371182, 0.000963829807006, 0.000992507091723, 0.0011686803773, 0.000601309409831, 0.00190581008792, 0.000667755899485, 0.00228226371109, 0.00134422199335, 0.000520129455253, 0.000503316288814, 0.00126732757781, 0.000729200372007, 0.000355754047632, 0.000155464324052, 0.000126662911498, 8.13965161797e-05, 6.54446412227e-05, 4.81667593704e-05, 4.84892661916e-05, 2.04639945878e-05, 1.26055774672e-05, 9.38041102927e-06, 5.90656145505e-06, 4.19052912548e-06, 4.47723050456e-06, 3.69326130567e-06, 3.35236950377e-06, 2.49855474976e-06],
        "mean": [0.00126299774274, 0.00323006138206, 0.00157249439508, 0.000531495141331, 0.000303238019114, 0.000231191224884, 0.000343407562468, 0.000543078640476, 0.000227334399824, 0.000164426237461, 0.000173041509697, 0.000125017380924, 6.94762420608e-05, 6.21534200036e-05, 8.33050944493e-05, 8.22377551231e-05, 0.000131765904371, 6.95999115123e-05, 8.85876725079e-05, 0.000112139845442, 5.97428006586e-05, 6.66933992761e-05, 0.000123613717733, 7.15838032193e-05, 4.12594781665e-05, 2.59143780568e-05, 1.83569318324e-05, 1.49669340317e-05, 1.21879311337e-05, 9.95731898001e-06, 6.33213358014e-06, 2.82849919131e-06, 1.49604102262e-06, 1.00103352452e-06, 5.79762286179e-07, 4.21214366497e-07, 3.91105970721e-07, 3.10255046543e-07, 2.3689557338e-07, 1.74176619794e-07],
        "median": [0.000804399256594, 0.00239850720391, 0.0012476365082, 0.00040618822095, 0.000219683730393, 0.000124842103105, 0.000159384639119, 0.000269678654149, 0.000108151325549, 7.16525973985e-05, 7.25596837583e-05, 5.13739942107e-05, 4.26096921728e-05, 4.09207386838e-05, 5.82645443501e-05, 5.95045748923e-05, 7.7700271504e-05, 5.24684801348e-05, 5.73845500185e-05, 6.9449415605e-05, 4.14845562773e-05, 5.01805552631e-05, 8.25454480946e-05, 4.45469268016e-05, 3.2771811675e-05, 2.10159341805e-05, 1.52546972458e-05, 1.30966318466e-05, 1.02208659882e-05, 7.97940901975e-06, 3.9270353227e-06, 2.02798560167e-06, 1.04619698504e-06, 4.53879096085e-07, 2.66565280072e-07, 1.79276824497e-07, 1.48811935219e-07, 1.23548900888e-07, 9.78141869723e-08, 5.28091383956e-08],
        "min": [8.50327069202e-07, 3.14314706884e-06, 1.12972770694e-06, 2.21014897761e-06, 1.1878148598e-06, 5.62149864436e-07, 1.13935834634e-06, 1.7545908122e-06, 1.45191847878e-06, 1.64735104136e-06, 1.40518022818e-06, 1.7909608232e-06, 1.14985574839e-07, 6.24579115538e-07, 1.75577508799e-06, 3.08516717951e-07, 7.43857526686e-07, 1.44655200529e-06, 3.07249342768e-06, 3.23364861288e-06, 2.62203661805e-06, 1.87558407561e-06, 6.85980057824e-06, 1.88132025869e-06, 1.6094043076e-06, 1.75700790805e-06, 1.14240629046e-06, 3.2669120742e-07, 1.88015647495e-07, 1.15191788552e-07, 1.01343671233e-08, 4.60182070228e-09, 1.96069882552e-10, 1.35883929109e-10, 6.70526273394e-11, 1.72141970817e-11, 2.89472504127e-12, 4.3120850857e-13, 2.3231275844e-12, 7.55080731014e-13],
