{
"highlevel": {
    "danceability": {
        "all": {
            "danceable": 0.442778378725,
            "not_danceable": 0.557221651077
        },
        "probability": 0.557221651077,
        "value": "not_danceable"
    },
    "gender": {
        "all": {
            "female": 0.0107244532555,
            "male": 0.989275574684
        },
        "probability": 0.989275574684,
        "value": "male"
    },
    "genre_dortmund": {
        "all": {
            "alternative": 0.0885651484132,
            "blues": 0.0992966964841,
            "electronic": 0.0118219973519,
            "folkcountry": 0.184340015054,
            "funksoulrnb": 0.012822248973,
            "jazz": 0.131825119257,
            "pop": 0.0569547489285,
            "raphiphop": 0.00750202266499,
            "rock": 0.406872004271
        },
        "probability": 0.406872004271,
        "value": "rock"
    },
    "genre_electronic": {
        "all": {
            "ambient": 0.353225708008,
            "dnb": 0.151327654719,
            "house": 0.113659411669,
            "techno": 0.0316071622074,
            "trance": 0.350180089474
        },
        "probability": 0.353225708008,
        "value": "ambient"
    },
    "genre_rosamerica": {
        "all": {
            "cla": 0.0122757162899,
            "dan": 0.0969264358282,
            "hip": 0.029559450224,
            "jaz": 0.0608077831566,
            "pop": 0.215608149767,
            "rhy": 0.113922186196,
            "roc": 0.459708452225,
            "spe": 0.0111918281764
        },
        "probability": 0.459708452225,
        "value": "roc"
    },
    "genre_tzanetakis": {
        "all": {
            "blu": 0.0626541376114,
            "cla": 0.0348133966327,
            "cou": 0.0783501937985,
            "dis": 0.104547761381,
            "hip": 0.15693578124,
            "jaz": 0.313987255096,
            "met": 0.044816005975,
            "pop": 0.0627349764109,
            "reg": 0.0627352520823,
            "roc": 0.0784252434969
        },
        "probability": 0.313987255096,
        "value": "jaz"
    },
    "ismir04_rhythm": {
        "all": {
            "ChaChaCha": 0.0344810970128,
            "Jive": 0.624106287956,
            "Quickstep": 0.00903113186359,
            "Rumba-American": 0.00585099775344,
            "Rumba-International": 0.0587144233286,
            "Rumba-Misc": 0.00675349868834,
            "Samba": 0.0329969786108,
            "Tango": 0.00613429071382,
            "VienneseWaltz": 0.216268673539,
            "Waltz": 0.00566260190681
        },
        "probability": 0.624106287956,
        "value": "Jive"
    },
    "mood_acoustic": {
        "all": {
            "acoustic": 0.350101083517,
            "not_acoustic": 0.649898886681
        },
        "probability": 0.649898886681,
        "value": "not_acoustic"
    },
    "mood_aggressive": {
        "all": {
            "aggressive": 0.176527932286,
            "not_aggressive": 0.823472082615
        },
        "probability": 0.823472082615,
        "value": "not_aggressive"
    },
    "mood_electronic": {
        "all": {
            "electronic": 0.155204623938,
            "not_electronic": 0.84479534626
        },
        "probability": 0.84479534626,
        "value": "not_electronic"
    },
    "mood_happy": {
        "all": {
            "happy": 0.690927147865,
            "not_happy": 0.309072881937
        },
        "probability": 0.690927147865,
        "value": "happy"
    },
    "mood_party": {
        "all": {
            "not_party": 0.546040594578,
            "party": 0.453959435225
        },
        "probability": 0.546040594578,
        "value": "not_party"
    },
    "mood_relaxed": {
        "all": {
            "not_relaxed": 0.972634792328,
            "relaxed": 0.0273652225733
        },
        "probability": 0.972634792328,
        "value": "not_relaxed"
    },
    "mood_sad": {
        "all": {
            "not_sad": 0.591628432274,
            "sad": 0.408371537924
        },
        "probability": 0.591628432274,
        "value": "not_sad"
    },
    "moods_mirex": {
        "all": {
            "Cluster1": 0.40527510643,
            "Cluster2": 0.255609244108,
            "Cluster3": 0.04594258219,
            "Cluster4": 0.0552499294281,
            "Cluster5": 0.237923130393
        },
        "probability": 0.40527510643,
        "value": "Cluster1"
    },
    "timbre": {
        "all": {
            "bright": 0.390937209129,
            "dark": 0.609062790871
        },
        "probability": 0.609062790871,
        "value": "dark"
    },
    "tonal_atonal": {
        "all": {
            "atonal": 0.00117600325029,
            "tonal": 0.998824000359
        },
        "probability": 0.998824000359,
        "value": "tonal"
    },
    "voice_instrumental": {
        "all": {
            "instrumental": 0.0368172712624,
            "voice": 0.963182747364
        },
        "probability": 0.963182747364,
        "value": "voice"
    }
},
"lowlevel": {
    "average_loudness": 0.971836924553,
    "barkbands_crest": {
        "dmean": 2.98686647415,
        "dmean2": 5.00468635559,
        "dvar": 7.78664302826,
        "dvar2": 20.816778183,
        "max": 24.8542766571,
        "mean": 9.90034008026,
        "median": 9.1940870285,
        "min": 3.06279754639,
        "var": 14.0472755432
    },
    "barkbands_flatness_db": {
        "dmean": 0.0227728821337,
        "dmean2": 0.0363873504102,
        "dvar": 0.000431118009146,
        "dvar2": 0.00114051613491,
        "max": 0.35281381011,
        "mean": 0.138263627887,
        "median": 0.133850976825,
        "min": 0.0632108673453,
        "var": 0.00107535358984
    },
    "barkbands_kurtosis": {
        "dmean": 3.64038920403,
        "dmean2": 5.92162179947,
        "dvar": 75.0142211914,
        "dvar2": 194.641326904,
        "max": 232.413085938,
        "mean": 3.74101352692,
        "median": 1.66762876511,
        "min": -1.82293713093,
        "var": 75.4295501709
    },
    "barkbands_skewness": {
        "dmean": 0.703893959522,
        "dmean2": 1.09570753574,
        "dvar": 0.561450600624,
        "dvar2": 1.35441827774,
        "max": 13.3691577911,
        "mean": 1.69106960297,
        "median": 1.54778635502,
        "min": -1.78117704391,
        "var": 1.35560047626
    },
    "barkbands_spread": {
        "dmean": 7.68728399277,
        "dmean2": 12.0380239487,
        "dvar": 60.5546798706,
        "dvar2": 138.8777771,
        "max": 90.4892959595,
        "mean": 27.3936061859,
        "median": 25.8962478638,
        "min": 1.07799422741,
        "var": 157.8984375
    },
    "dissonance": {
        "dmean": 0.0150473508984,
        "dmean2": 0.0251775514334,
        "dvar": 0.000230617777561,
        "dvar2": 0.000622666324489,
        "max": 0.499544024467,
        "mean": 0.468938350677,
        "median": 0.475064635277,
        "min": 0.361231207848,
        "var": 0.000491061771754
    },
    "dynamic_complexity": 1.72628819942,
    "erbbands_crest": {
        "dmean": 2.60852408409,
        "dmean2": 4.31335353851,
        "dvar": 7.06659317017,
        "dvar2": 18.8144226074,
        "max": 26.3853149414,
        "mean": 8.04405975342,
        "median": 7.1258559227,
        "min": 2.49725365639,
        "var": 13.9170789719
    },
    "erbbands_flatness_db": {
        "dmean": 0.0164590626955,
        "dmean2": 0.0240331944078,
        "dvar": 0.000227963217185,
        "dvar2": 0.000501702830661,
        "max": 0.254681587219,
        "mean": 0.132479548454,
        "median": 0.128614202142,
        "min": 0.0641627982259,
        "var": 0.000843627087306
    },
    "erbbands_kurtosis": {
        "dmean": 0.741654038429,
        "dmean2": 1.22173345089,
        "dvar": 1.28106379509,
        "dvar2": 3.29198980331,
        "max": 15.7803955078,
        "mean": -0.28802549839,
        "median": -0.766793966293,
        "min": -1.75710046291,
        "var": 2.02154517174
    },
    "erbbands_skewness": {
        "dmean": 0.402912139893,
        "dmean2": 0.630099415779,
        "dvar": 0.149793401361,
        "dvar2": 0.344106942415,
        "max": 2.59613919258,
        "mean": 0.0242514852434,
        "median": 0.0524547919631,
        "min": -3.23382520676,
        "var": 0.545041739941
    },
    "erbbands_spread": {
        "dmean": 10.8184328079,
        "dmean2": 16.8384094238,
        "dvar": 132.091491699,
        "dvar2": 294.903808594,
        "max": 143.483474731,
        "mean": 55.3466262817,
        "median": 55.1305656433,
        "min": 8.64225959778,
        "var": 429.986694336
    },
    "hfc": {
        "dmean": 6.32589864731,
        "dmean2": 9.39700222015,
        "dvar": 53.0631828308,
        "dvar2": 118.922409058,
        "max": 76.6085968018,
        "mean": 24.4058837891,
        "median": 22.9852428436,
        "min": 1.23346340656,
        "var": 152.084869385
    },
    "melbands_crest": {
        "dmean": 3.52115488052,
        "dmean2": 5.78098297119,
        "dvar": 9.68976211548,
        "dvar2": 24.3369903564,
        "max": 31.518901825,
        "mean": 14.47407341,
        "median": 13.5863275528,
        "min": 3.66120505333,
        "var": 25.0368766785
    },
    "melbands_flatness_db": {
        "dmean": 0.0302080586553,
        "dmean2": 0.0474344417453,
        "dvar": 0.000830487464555,
        "dvar2": 0.00204903050326,
        "max": 0.445652604103,
        "mean": 0.179068729281,
        "median": 0.174550160766,
        "min": 0.0385144092143,
        "var": 0.00217791367322
    },
    "melbands_kurtosis": {
        "dmean": 11.7812299728,
        "dmean2": 18.8189563751,
        "dvar": 413.16293335,
        "dvar2": 1017.61889648,
        "max": 404.199066162,
        "mean": 18.2087116241,
        "median": 11.3246326447,
        "min": -1.65032732487,
        "var": 619.514221191
    },
    "melbands_skewness": {
        "dmean": 1.04041695595,
        "dmean2": 1.62704885006,
        "dvar": 1.33580076694,
        "dvar2": 3.1674311161,
        "max": 14.9833364487,
        "mean": 3.32539653778,
        "median": 3.07669305801,
        "min": -0.340962946415,
        "var": 3.37680959702
    },
    "melbands_spread": {
        "dmean": 9.35218715668,
        "dmean2": 14.7500257492,
        "dvar": 122.104003906,
        "dvar2": 293.740966797,
        "max": 166.302062988,
        "mean": 25.7292518616,
        "median": 22.0483779907,
        "min": 0.679580450058,
        "var": 327.242431641
    },
    "pitch_salience": {
        "dmean": 0.0858649760485,
        "dmean2": 0.141086906195,
        "dvar": 0.00631267717108,
        "dvar2": 0.0169566757977,
        "max": 0.858214795589,
        "mean": 0.556508243084,
        "median": 0.563752830029,
        "min": 0.181917443871,
        "var": 0.0123049113899
    },
    "silence_rate_20dB": {
        "dmean": 0,
        "dmean2": 0,
        "dvar": 0,
        "dvar2": 0,
        "max": 1,
        "mean": 1,
        "median": 1,
        "min": 1,
        "var": 0
    },
    "silence_rate_30dB": {
        "dmean": 0.00464396271855,
        "dmean2": 0.00929511990398,
        "dvar": 0.00462235417217,
        "dvar2": 0.0138562405482,
        "max": 1,
        "mean": 0.997679829597,
        "median": 1,
        "min": 0,
        "var": 0.00231481855735
    },
    "silence_rate_60dB": {
        "dmean": 0.0108359130099,
        "dmean2": 0.0216886140406,
        "dvar": 0.0107183903456,
        "dvar2": 0.0243171453476,
        "max": 1,
        "mean": 0.0146945090964,
        "median": 0,
        "min": 0,
        "var": 0.0144782643765
    },
    "spectral_centroid": {
        "dmean": 347.065490723,
        "dmean2": 545.673278809,
        "dvar": 125023.320312,
        "dvar2": 295227.46875,
        "max": 4249.34667969,
        "mean": 1571.54199219,
        "median": 1458.91833496,
        "min": 332.574310303,
        "var": 435111.0625
    },
    "spectral_complexity": {
        "dmean": 4.74225997925,
        "dmean2": 7.19209909439,
        "dvar": 23.4559268951,
        "dvar2": 53.1002502441,
        "max": 49,
        "mean": 21.4230480194,
        "median": 21,
        "min": 1,
        "var": 84.210144043
    },
    "spectral_decrease": {
        "dmean": 3.60081453543e-09,
        "dmean2": 5.71211922207e-09,
        "dvar": 2.76601024293e-17,
        "dvar2": 6.43737628375e-17,
        "max": -1.83181969593e-10,
        "mean": -7.96887622556e-09,
        "median": -6.52405107715e-09,
        "min": -3.86746528136e-08,
        "var": 3.61377507959e-17
    },
    "spectral_energy": {
        "dmean": 0.0139337852597,
        "dmean2": 0.022057922557,
        "dvar": 0.00040823710151,
        "dvar2": 0.000946779036894,
        "max": 0.148091599345,
        "mean": 0.0322900600731,
        "median": 0.0265597756952,
        "min": 0.000925509957597,
        "var": 0.000542607449461
    },
    "spectral_energyband_high": {
        "dmean": 0.000488240737468,
        "dmean2": 0.000727802573238,
        "dvar": 4.00823722657e-07,
        "dvar2": 8.90907585926e-07,
        "max": 0.00981356948614,
        "mean": 0.00144383287989,
        "median": 0.00116495892871,
        "min": 7.52189589548e-05,
        "var": 1.16817375329e-06
    },
    "spectral_energyband_low": {
        "dmean": 0.00786188524216,
        "dmean2": 0.0128683298826,
        "dvar": 0.000231254423852,
        "dvar2": 0.000537937390618,
        "max": 0.130605176091,
        "mean": 0.0103742275387,
        "median": 0.00560351694003,
        "min": 1.45883605001e-05,
        "var": 0.000241759204073
    },
    "spectral_energyband_middle_high": {
        "dmean": 0.00162204273511,
        "dmean2": 0.0024750593584,
        "dvar": 3.70852285414e-06,
        "dvar2": 8.58836301632e-06,
        "max": 0.0262642987072,
        "mean": 0.00487959897146,
        "median": 0.00376633065753,
        "min": 4.6334171202e-05,
        "var": 1.49897659867e-05
    },
    "spectral_energyband_middle_low": {
        "dmean": 0.0089990645647,
        "dmean2": 0.0150037184358,
        "dvar": 0.000231023790548,
        "dvar2": 0.000631172035355,
        "max": 0.120602309704,
        "mean": 0.0176125112921,
        "median": 0.0137972924858,
        "min": 0.000194901731447,
        "var": 0.000238687076489
    },
    "spectral_entropy": {
        "dmean": 0.142522946,
        "dmean2": 0.221325129271,
        "dvar": 0.0180429629982,
        "dvar2": 0.0391497164965,
        "max": 8.47877120972,
        "mean": 7.68982315063,
        "median": 7.71527767181,
        "min": 6.72991323471,
        "var": 0.0673761069775
    },
    "spectral_flux": {
        "dmean": 0.035068873316,
        "dmean2": 0.0557011291385,
        "dvar": 0.00153611286078,
        "dvar2": 0.00333373108879,
        "max": 0.320597738028,
        "mean": 0.102617070079,
        "median": 0.0874925926328,
        "min": 0.0173415876925,
        "var": 0.00294835283421
    },
    "spectral_kurtosis": {
        "dmean": 0.840402305126,
        "dmean2": 1.42916095257,
        "dvar": 0.738208055496,
        "dvar2": 1.87936413288,
        "max": 13.457529068,
        "mean": 2.83843755722,
        "median": 2.82503461838,
        "min": -0.379742860794,
        "var": 1.68399465084
    },
    "spectral_rms": {
        "dmean": 0.00109351624269,
        "dmean2": 0.00167376105674,
        "dvar": 1.7069239675e-06,
        "dvar2": 3.69756094187e-06,
        "max": 0.012019966729,
        "mean": 0.00531289353967,
        "median": 0.00509038101882,
        "min": 0.000950229761656,
        "var": 3.27563111568e-06
    },
    "spectral_rolloff": {
        "dmean": 766.796386719,
        "dmean2": 1305.51940918,
        "dvar": 1065892,
        "dvar2": 2356211.5,
        "max": 12080.1269531,
        "mean": 1732.88537598,
        "median": 1335.05859375,
        "min": 86.1328125,
        "var": 2308313.5
    },
    "spectral_skewness": {
        "dmean": 0.155892565846,
        "dmean2": 0.244880631566,
        "dvar": 0.0198433175683,
        "dvar2": 0.0437025465071,
        "max": 3.1834461689,
        "mean": 1.21373260021,
        "median": 1.2033778429,
        "min": 0.153035774827,
        "var": 0.0830843299627
    },
    "spectral_spread": {
        "dmean": 508099.3125,
        "dmean2": 760750.25,
        "dvar": 272709730304,
        "dvar2": 550356647936,
        "max": 9352479,
        "mean": 5264468.5,
        "median": 5247501.5,
        "min": 1917600.625,
        "var": 1.23429702861e+12
    },
    "spectral_strongpeak": {
        "dmean": 0.521169602871,
        "dmean2": 0.912419319153,
        "dvar": 0.693832814693,
        "dvar2": 1.72830235958,
        "max": 10.7708015442,
        "mean": 0.889477074146,
        "median": 0.620707273483,
        "min": 0.0375558882952,
        "var": 0.889516472816
    },
    "zerocrossingrate": {
        "dmean": 0.0120135331526,
        "dmean2": 0.0145145477727,
        "dvar": 0.000139895026223,
        "dvar2": 0.000168531449162,
        "max": 0.30615234375,
        "mean": 0.0732946768403,
        "median": 0.068359375,
        "min": 0.0146484375,
        "var": 0.000981938792393
    },
    "barkbands": {
        "dmean": [4.67658901471e-05, 0.00488799344748, 0.00278095644899, 0.00293593620881, 0.00463853869587, 0.00186257506721, 0.00120428425726, 0.000771728693508, 0.000837767089251, 0.000320496066706, 0.000428256520536, 0.000322045380017, 0.000239856541157, 0.000236206979025, 0.000279392697848, 0.000212775412365, 0.000308184768073, 0.000181170835276, 0.000219489287701, 0.000321482802974, 0.000183654177818, 0.000106064675492, 7.21080505173e-05, 4.85934469907e-05, 3.73206057702e-05, 3.63748404197e-05, 2.89198300862e-08],
        "dmean2": [7.80978152761e-05, 0.00828124489635, 0.00452766753733, 0.00506427558139, 0.00792220886797, 0.00314718880691, 0.00194580294192, 0.00128078006674, 0.00134269776754, 0.00052826188039, 0.000692683155648, 0.000502573093399, 0.000389618304325, 0.000371231551981, 0.000442674732767, 0.000351873663021, 0.000490078586154, 0.00030360915116, 0.000357845594408, 0.000521043781191, 0.000301770225633, 0.000160587776918, 0.000106102939753, 6.96964270901e-05, 5.1927556342e-05, 5.47676245333e-05, 5.18817095951e-08],
        "dvar": [1.29793296111e-08, 0.000170571511262, 1.75807617779e-05, 2.33905375353e-05, 7.59169852245e-05, 1.70670173247e-05, 7.72818202677e-06, 3.682347824e-06, 2.99589396491e-06, 4.74601762335e-07, 1.26762188302e-06, 3.65195148788e-07, 3.68528901618e-07, 2.56237228768e-07, 2.19045674044e-07, 1.62602162845e-07, 2.91748875725e-07, 1.66248383948e-07, 1.11988569529e-07, 2.7696773941e-07, 5.77328300722e-08, 2.66891948542e-08, 1.92236271346e-08, 6.26344576204e-09, 2.27335239522e-09, 2.97720981202e-09, 6.60205219419e-15],
        "dvar2": [3.18361479401e-08, 0.000424336903961, 4.67411628051e-05, 6.50067231618e-05, 0.000213819963392, 4.67369063699e-05, 1.86436172953e-05, 9.17957095226e-06, 7.04763169779e-06, 1.24468351714e-06, 3.30956072503e-06, 8.69751033861e-07, 9.87673956843e-07, 6.22260699856e-07, 5.47759896108e-07, 4.32291130892e-07, 6.70497968258e-07, 4.70855383128e-07, 2.77477710142e-07, 6.73430008646e-07, 1.50326272319e-07, 5.52681811428e-08, 3.42360166883e-08, 1.07993454179e-08, 4.23078105882e-09, 6.58938636988e-09, 1.81125002285e-14],
        "max": [0.00106578948908, 0.0905091613531, 0.0420230031013, 0.0460872128606, 0.0747376382351, 0.0559887811542, 0.0300512034446, 0.0373836345971, 0.0228908881545, 0.0102457273751, 0.0167646072805, 0.0102350236848, 0.0124200871214, 0.00774489669129, 0.00660210475326, 0.00506280455738, 0.00803138036281, 0.00828418694437, 0.00398788228631, 0.00952166412026, 0.00317740347236, 0.00302900420502, 0.00320642208681, 0.00207097851671, 0.000895137724001, 0.000571843236685, 1.14638373816e-06],
        "mean": [4.21349104727e-05, 0.00418579392135, 0.00421277200803, 0.00408106995746, 0.00694794673473, 0.00245373207144, 0.00153525045607, 0.00111089076381, 0.00135204102844, 0.000414508074755, 0.000629347516224, 0.000644041923806, 0.000418799114414, 0.00039876732626, 0.000478234491311, 0.000325205211993, 0.000569914642256, 0.000321207277011, 0.000417503673816, 0.000665739411488, 0.000390369386878, 0.000245905190241, 0.000154319772264, 0.000121837118058, 0.000101479017758, 7.12605760782e-05, 2.16305195977e-08],
        "median": [2.67409473054e-06, 0.000705178943463, 0.00271682045422, 0.0018921229057, 0.00430261995643, 0.00120166211855, 0.000480233196868, 0.00031875714194, 0.000471993145766, 0.000155109955813, 0.000137203533086, 0.000133614928927, 0.000105924351374, 0.000118786789244, 0.000236679421505, 0.00019673492352, 0.000338813522831, 0.000202917886782, 0.000299385224935, 0.000433559034718, 0.000298266269965, 0.000159195857123, 7.64181822888e-05, 8.26228570077e-05, 7.75521621108e-05, 3.83501246688e-05, 7.92542698136e-10],
        "min": [4.407910148e-10, 1.43225395277e-06, 4.6967770686e-06, 6.6405718826e-06, 4.9324758038e-06, 1.29853594899e-06, 3.58733245776e-06, 1.33049286433e-06, 2.18739455704e-06, 4.82696236759e-07, 9.35981631756e-07, 4.9686912007e-07, 6.24634594715e-07, 6.28498810329e-07, 1.73868306774e-06, 1.23030179111e-06, 1.91453978005e-06, 2.16793569052e-06, 3.11923622576e-06, 5.6032640714e-06, 1.31359111037e-05, 1.90269747691e-05, 5.43823034604e-06, 6.94190839567e-06, 5.10079598826e-06, 3.11339896086e-08, 7.33613603893e-12],
        "var": [1.33198927443e-08, 0.000139035022585, 2.41427424044e-05, 3.68331711798e-05, 7.43631171645e-05, 1.52851243911e-05, 9.30472742766e-06, 6.85382383381e-06, 4.77379762742e-06, 6.24932511073e-07, 2.52380891652e-06, 2.07984203371e-06, 1.05407923456e-06, 5.85210955251e-07, 4.24724021286e-07, 1.88965685766e-07, 7.04921944816e-07, 1.82378855129e-07, 2.06553821158e-07, 6.45363627427e-07, 1.15844635218e-07, 6.31003373996e-08, 5.83430050938e-08, 2.16505213757e-08, 8.01933541794e-09, 6.77608236188e-09, 5.398761848e-15]
    },
    "erbbands": {
        "dmean": [0.117085874081, 1.20387327671, 2.9085123539, 6.46605014801, 15.3522415161, 15.0645971298, 12.1905021667, 14.6673908234, 15.8622665405, 17.7519855499, 17.4265727997, 19.1141815186, 10.4679536819, 15.4954767227, 11.0914011002, 11.853053093, 10.9563426971, 8.74512672424, 12.7393941879, 13.3931560516, 10.9801874161, 17.2701911926, 9.42255592346, 10.5456933975, 12.8035039902, 13.5557775497, 11.7553329468, 4.12881231308, 3.76748323441, 3.24212861061, 1.9592795372, 1.1454385519, 0.802845001221, 0.467480868101, 0.27055478096, 0.166627034545, 0.0743700489402, 0.00802776962519, 0.000136802525958, 1.85349799722e-05],
        "dmean2": [0.199142426252, 2.04760098457, 4.76927089691, 10.9989299774, 26.4159412384, 25.4984092712, 20.1045780182, 24.7975196838, 25.2408676147, 29.7129096985, 28.0395126343, 30.1830253601, 17.0638599396, 25.2896728516, 17.0902938843, 18.6022548676, 17.4784431458, 13.7037858963, 19.9201183319, 21.5513782501, 17.5248088837, 27.2543926239, 15.6087408066, 17.4108772278, 20.657995224, 21.8888721466, 19.4772758484, 6.5439414978, 5.73025178909, 4.81055498123, 2.90363097191, 1.64593970776, 1.21976268291, 0.67496830225, 0.39020678401, 0.248624607921, 0.114753067493, 0.0130899902433, 0.000218733417569, 2.83775152639e-05],
        "dvar": [0.10411477834, 10.0158510208, 23.3546047211, 100.609992981, 889.862609863, 739.926452637, 430.967285156, 1305.03100586, 1342.20874023, 1931.47717285, 1400.82299805, 1751.39782715, 463.641601562, 1565.45129395, 572.619262695, 497.747772217, 801.103149414, 357.019195557, 515.914611816, 547.991271973, 350.846435547, 998.526306152, 227.015716553, 833.860595703, 450.814422607, 587.108093262, 283.171203613, 28.8065376282, 36.3131484985, 30.5820465088, 15.9114198685, 4.08562803268, 1.55473875999, 0.345619946718, 0.126154124737, 0.0554250515997, 0.0136319315061, 0.000193427767954, 5.17564942015e-08, 5.76142022979e-10],
        "dvar2": [0.270059645176, 24.975271225, 60.001499176, 279.161590576, 2479.18261719, 2135.77954102, 1126.09655762, 3605.37841797, 3173.06958008, 4753.85839844, 3295.05859375, 4226.95654297, 1139.40710449, 4302.93603516, 1404.49511719, 1205.99926758, 2185.25390625, 953.875305176, 1168.24133301, 1385.24560547, 874.026306152, 2173.30493164, 610.348449707, 2420.09741211, 1112.83911133, 1406.55102539, 743.053466797, 69.4634780884, 79.4529037476, 59.8939552307, 30.2989196777, 6.46270990372, 3.47359037399, 0.696087956429, 0.261041820049, 0.124932594597, 0.0301187131554, 0.000479278329294, 1.23964255749e-07, 1.28536137289e-09],
        "max": [2.13218593597, 22.7944583893, 50.8461074829, 111.508224487, 291.477752686, 258.611785889, 214.616073608, 519.444763184, 390.995941162, 477.781951904, 823.750305176, 610.661315918, 347.205596924, 634.948425293, 341.171722412, 477.761627197, 665.332519531, 292.761199951, 373.877349854, 370.626434326, 274.909210205, 552.62121582, 200.350799561, 610.691955566, 407.911010742, 571.792419434, 201.067871094, 73.384727478, 92.3644638062, 128.209625244, 91.0593109131, 46.2771911621, 27.9619255066, 9.44630432129, 5.88337659836, 3.06510877609, 1.20541298389, 0.152584254742, 0.00247751339339, 0.000171633728314],
        "mean": [0.0911359190941, 1.09313845634, 4.33891868591, 9.931391716, 20.3961277008, 23.9184589386, 19.3685417175, 19.2517967224, 20.0574836731, 22.3364696503, 28.8151493073, 30.4692192078, 15.7364578247, 23.2249279022, 19.3179626465, 24.600812912, 20.6640338898, 16.7627773285, 23.0745849609, 24.6062927246, 21.1246929169, 32.181640625, 17.623670578, 19.6113834381, 25.6235141754, 28.7622680664, 25.2094268799, 9.90416240692, 8.32317829132, 7.05433797836, 4.19248962402, 2.65654802322, 1.95887506008, 1.2402176857, 0.642690598965, 0.332750916481, 0.136599972844, 0.0119376638904, 0.000238982131123, 5.00087044202e-05],
        "median": [0.00725355558097, 0.25704267621, 2.82618427277, 5.6655330658, 9.9133234024, 14.4858751297, 10.3221797943, 9.1461725235, 6.74875116348, 7.4514913559, 8.97976207733, 11.089173317, 5.85247182846, 5.82655620575, 5.6066198349, 5.9927277565, 5.59873247147, 5.53404998779, 11.8689107895, 14.4705848694, 13.8906211853, 19.8963851929, 11.9735355377, 13.6188840866, 18.7716274261, 18.847864151, 18.783241272, 7.66635799408, 5.40421819687, 4.26674032211, 2.03733921051, 1.59375536442, 1.41530120373, 0.942217171192, 0.475215554237, 0.199579507113, 0.0681549832225, 0.00536932563409, 0.000127619423438, 4.22540688305e-05],
        "min": [6.04954657319e-05, 0.000576471560635, 0.00605003442615, 0.0183160193264, 0.0217680446804, 0.0204093325883, 0.0193845052272, 0.0179312452674, 0.0428371317685, 0.0930774062872, 0.0609787963331, 0.061353456229, 0.0373189710081, 0.0662477910519, 0.0229827947915, 0.0309451073408, 0.0559561997652, 0.0427710674703, 0.0637622699142, 0.135398328304, 0.0813363417983, 0.121273621917, 0.139072373509, 0.0877243354917, 0.149255499244, 0.262899070978, 0.443964213133, 0.602167248726, 0.573253750801, 0.420137405396, 0.162209331989, 0.13543215394, 0.0923756211996, 0.0696390718222, 0.0228822082281, 0.00122037297115, 0.000111031426059, 1.12849238576e-05, 5.02117973156e-06, 2.52248469224e-06],
        "var": [0.0807680487633, 8.11097240448, 28.3490428925, 148.117507935, 917.180969238, 848.353820801, 648.72668457, 1077.27722168, 1553.35693359, 2201.48217773, 2940.09204102, 2686.45776367, 763.323303223, 2990.81738281, 1444.99475098, 2511.14892578, 2452.92700195, 903.248962402, 1083.39245605, 977.640563965, 639.014282227, 2504.3425293, 370.213012695, 791.758117676, 772.603271484, 1292.89904785, 564.899902344, 61.9943504333, 76.4457015991, 72.2093963623, 48.3109664917, 14.421459198, 4.14807367325, 1.17214524746, 0.366484314203, 0.130792111158, 0.0284613911062, 0.000277782644844, 8.34928783888e-08, 9.69808122697e-10]
    },
    "gfcc": {
        "mean": [35.0791969299, 67.171081543, -106.18334198, 47.3127555847, -64.367225647, 5.68607187271, -46.6693572998, 7.78178167343, -36.0750045776, 3.42902851105, -30.0947284698, -3.90326452255, -14.7412176132],
        "cov": [[1435.68212891, 127.963066101, -62.3098678589, -229.6668396, 17.1518383026, 54.3750076294, 16.4535923004, -25.8260631561, -45.8265991211, -10.4414043427, 42.3426971436, 101.244941711, -18.2344512939], [127.963066101, 541.624389648, 4.8625497818, -1.49981820583, 44.7977561951, 43.8774719238, 50.1193962097, -20.7159976959, 30.9558982849, -47.8899612427, 82.8879089355, -4.70998859406, 34.5577278137], [-62.3098678589, 4.8625497818, 558.115722656, 136.653594971, -10.9875459671, 83.1288986206, 43.9207458496, 37.120388031, 38.5920066833, 33.9381637573, -23.7756958008, 70.4048614502, 4.80091047287], [-229.6668396, -1.49981820583, 136.653594971, 359.965087891, 109.936424255, -90.0753097534, 12.1179637909, 49.181842804, 26.3373432159, -10.0285139084, -7.40974807739, -35.3821907043, 42.0870628357], [17.1518383026, 44.7977561951, -10.9875459671, 109.936424255, 298.070007324, 8.2635717392, 34.9435920715, 19.1991939545, -40.6591720581, 21.2459793091, 6.33833789825, 1.53553676605, 6.67981529236], [54.3750076294, 43.8774719238, 83.1288986206, -90.0753097534, 8.2635717392, 267.036102295, 95.4717483521, -32.9407424927, -17.6573829651, -14.4374427795, 25.6140556335, 40.0385055542, -11.8826789856], [16.4535923004, 50.1193962097, 43.9207458496, 12.1179637909, 34.9435920715, 95.4717483521, 140.454040527, 57.2178421021, 4.34971237183, -0.201431930065, 5.42345523834, 3.21347856522, 8.60228538513], [-25.8260631561, -20.7159976959, 37.120388031, 49.181842804, 19.1991939545, -32.9407424927, 57.2178421021, 149.049987793, 90.5011672974, 30.2891292572, -37.9600944519, -29.6924591064, 4.0605840683], [-45.8265991211, 30.9558982849, 38.5920066833, 26.3373432159, -40.6591720581, -17.6573829651, 4.34971237183, 90.5011672974, 149.705657959, 53.1719169617, -14.7077884674, -38.6760063171, -10.459649086], [-10.4414043427, -47.8899612427, 33.9381637573, -10.0285139084, 21.2459793091, -14.4374427795, -0.201431930065, 30.2891292572, 53.1719169617, 105.321960449, 27.4404697418, 4.30655050278, -21.2622776031], [42.3426971436, 82.8879089355, -23.7756958008, -7.40974807739, 6.33833789825, 25.6140556335, 5.42345523834, -37.9600944519, -14.7077884674, 27.4404697418, 101.074874878, 45.1107978821, 2.58272814751], [101.244941711, -4.70998859406, 70.4048614502, -35.3821907043, 1.53553676605, 40.0385055542, 3.21347856522, -29.6924591064, -38.6760063171, 4.30655050278, 45.1107978821, 109.225204468, 37.1902198792], [-18.2344512939, 34.5577278137, 4.80091047287, 42.0870628357, 6.67981529236, -11.8826789856, 8.60228538513, 4.0605840683, -10.459649086, -21.2622776031, 2.58272814751, 37.1902198792, 86.432434082]],
        "icov": [[0.000885482179001, -0.000312402582495, 0.000155748261022, 0.000425439182436, -0.000163840581081, 0.000206273849471, -0.000141227108543, -0.000163535718457, -4.95143831358e-06, 0.000152334716404, 0.000393603084376, -0.00133960146923, 0.000760178954806], [-0.000312402582495, 0.00529300933704, -0.0027469957713, 0.00386334466748, -0.00339749665, 0.00272367708385, -0.00301151303574, 0.00336185679771, -0.00616457592696, 0.00815825629979, -0.00953578483313, 0.00652113230899, -0.00439205253497], [0.000155748261022, -0.0027469957713, 0.00526922335848, -0.00510769942775, 0.00309574441053, -0.00312979961745, 0.00116954627447, -0.00145842251368, 0.00270004943013, -0.00640712771565, 0.00897636543959, -0.00880020298064, 0.00487712956965], [0.000425439182436, 0.00386334466748, -0.00510769942775, 0.01004649885, -0.00561106484383, 0.0053081009537, -0.00312115089037, 0.00257718982175, -0.00600578077137, 0.00971121061593, -0.0113711478189, 0.00978749617934, -0.00691966852173], [-0.000163840581081, -0.00339749665, 0.00309574441053, -0.00561106484383, 0.00765729788691, -0.00372057314962, 0.00247492687777, -0.00429168529809, 0.00791259389371, -0.00900054443628, 0.00759325735271, -0.00491737714037, 0.00336850387976], [0.000206273849471, 0.00272367708385, -0.00312979961745, 0.0053081009537, -0.00372057314962, 0.0108113391325, -0.00979332718998, 0.00828431546688, -0.00807048380375, 0.00793148949742, -0.00558698782697, 0.00165724556427, -0.000668609980494], [-0.000141227108543, -0.00301151303574, 0.00116954627447, -0.00312115089037, 0.00247492687777, -0.00979332718998, 0.019894996658, -0.0149887818843, 0.0111616421491, -0.00560431182384, 0.000823630718514, 0.00122442701831, -0.000763818679843], [-0.000163535718457, 0.00336185679771, -0.00145842251368, 0.00257718982175, -0.00429168529809, 0.00828431546688, -0.0149887818843, 0.02469118312, -0.0173313207924, 0.00512298895046, 0.00164146639872, -0.000247751915595, -0.00152973446529], [-4.95143831358e-06, -0.00616457592696, 0.00270004943013, -0.00600578077137, 0.00791259389371, -0.00807048380375, 0.0111616421491, -0.0173313207924, 0.0266712270677, -0.0171345435083, 0.00822274480015, -0.000108780099254, 0.00203411094844], [0.000152334716404, 0.00815825629979, -0.00640712771565, 0.00971121061593, -0.00900054443628, 0.00793148949742, -0.00560431182384, 0.00512298895046, -0.0171345435083, 0.0308871082962, -0.021572701633, 0.00897436775267, -0.00319169275463], [0.000393603084376, -0.00953578483313, 0.00897636543959, -0.0113711478189, 0.00759325735271, -0.00558698782697, 0.000823630718514, 0.00164146639872, 0.00822274480015, -0.021572701633, 0.037735607475, -0.0238779298961, 0.0122549161315], [-0.00133960146923, 0.00652113230899, -0.00880020298064, 0.00978749617934, -0.00491737714037, 0.00165724556427, 0.00122442701831, -0.000247751915595, -0.000108780099254, 0.00897436775267, -0.0238779298961, 0.0347157977521, -0.0186988580972], [0.000760178954806, -0.00439205253497, 0.00487712956965, -0.00691966852173, 0.00336850387976, -0.000668609980494, -0.000763818679843, -0.00152973446529, 0.00203411094844, -0.00319169275463, 0.0122549161315, -0.0186988580972, 0.023520892486]]
    },
    "melbands": {
        "dmean": [0.00124954828061, 0.00152280507609, 0.00129435071722, 0.00119044084568, 0.000414886249928, 0.000340607337421, 0.000245605624514, 0.000192528706975, 0.000145710553625, 0.000118865893455, 5.31008372491e-05, 6.1803671997e-05, 4.59189177491e-05, 3.28256101056e-05, 2.98411177937e-05, 2.48335836659e-05, 1.78346781468e-05, 2.26328720601e-05, 2.38618686126e-05, 1.61185635079e-05, 1.41464424814e-05, 2.20765123231e-05, 1.11147837742e-05, 7.44834960642e-06, 9.36911419558e-06, 1.00302186183e-05, 1.12247935249e-05, 9.78151729214e-06, 1.00710421975e-05, 4.25689131589e-06, 2.167166258e-06, 2.3416082513e-06, 2.28189287554e-06, 1.75830041371e-06, 1.28462863813e-06, 8.65704237185e-07, 7.2252356631e-07, 6.16513148088e-07, 5.35523668077e-07, 4.06505904493e-07],
        "dmean2": [0.00212489347905, 0.00248918146826, 0.00218782341108, 0.00204814923927, 0.000678236945532, 0.000572213379201, 0.000393848924432, 0.000323066080455, 0.000234434512095, 0.00018821960839, 8.73812969076e-05, 0.000101083474874, 7.21877804608e-05, 5.09034107381e-05, 4.72087558592e-05, 4.03979101975e-05, 2.82786822936e-05, 3.53279392584e-05, 3.80406745535e-05, 2.64844802587e-05, 2.27548971452e-05, 3.46899360011e-05, 1.85053304449e-05, 1.23120544231e-05, 1.55612633534e-05, 1.63891600096e-05, 1.83308948181e-05, 1.57118265633e-05, 1.67061734828e-05, 6.98950452716e-06, 3.42616544913e-06, 3.61551110473e-06, 3.56631971954e-06, 2.65416929324e-06, 1.93725418285e-06, 1.28556303025e-06, 1.07417599793e-06, 9.60376951298e-07, 8.15356429484e-07, 6.02225213697e-07],
        "dvar": [1.16797091323e-05, 8.78316132003e-06, 4.03117155656e-06, 5.32407830178e-06, 4.39156792709e-07, 6.73588488098e-07, 3.06938829908e-07, 2.11494068481e-07, 8.95417784363e-08, 6.46534275006e-08, 1.21775665107e-08, 2.26741541098e-08, 1.10755635774e-08, 4.18557677406e-09, 3.95174470924e-09, 4.70557992571e-09, 1.66016322911e-09, 2.07200723246e-09, 1.78116621452e-09, 1.05548525475e-09, 6.29025553867e-10, 1.73797132241e-09, 2.76013462086e-10, 2.52329129813e-10, 6.83296363935e-10, 2.5240443069e-10, 4.54498161329e-10, 3.05630382114e-10, 2.68686378702e-10, 2.42000551542e-11, 8.98822596213e-12, 1.2054007098e-11, 1.43284143231e-11, 1.00304296119e-11, 7.07994166765e-12, 2.94228118432e-12, 1.44477940896e-12, 9.54757648809e-13, 5.32346844558e-13, 2.54382994704e-13],
        "dvar2": [2.95312074741e-05, 2.1665064196e-05, 1.12473289846e-05, 1.51425447257e-05, 1.15257614652e-06, 1.83799056686e-06, 7.3841044923e-07, 5.23854282619e-07, 2.10289556435e-07, 1.55296106641e-07, 3.01317371054e-08, 6.20515905325e-08, 2.66287116801e-08, 9.41851752145e-09, 9.73835057039e-09, 1.3167229973e-08, 4.50760717641e-09, 4.57245263874e-09, 4.4052215209e-09, 2.85329404548e-09, 1.4562785422e-09, 3.74034136996e-09, 7.42691186328e-10, 6.9753613996e-10, 1.98241267846e-09, 6.33020524887e-10, 1.10461162439e-09, 7.49194650762e-10, 7.13066716784e-10, 6.11347916735e-11, 2.1221026672e-11, 2.62736256362e-11, 3.22063105351e-11, 1.97424646076e-11, 1.4683807989e-11, 5.24537444729e-12, 2.55998586045e-12, 2.29295965895e-12, 1.17278279102e-12, 5.55237821866e-13],
        "max": [0.0228728614748, 0.0292971767485, 0.0190380290151, 0.0194246284664, 0.00651964684948, 0.0113687179983, 0.00547551596537, 0.00520159723237, 0.0054468056187, 0.00334890629165, 0.00169767148327, 0.00235969037749, 0.00148827582598, 0.00152080284897, 0.00123351661023, 0.00106531498022, 0.000591169286054, 0.000715207715984, 0.000613506184891, 0.000476643210277, 0.000463477248559, 0.00072438508505, 0.000197392859263, 0.000295199191896, 0.000543598958757, 0.000258261803538, 0.000408319378039, 0.000332519790391, 0.00021465633472, 7.24710116629e-05, 5.13420964126e-05, 6.09618000453e-05, 6.12539079157e-05, 7.58269015932e-05, 6.19621059741e-05, 4.29575993621e-05, 2.64628688456e-05, 1.90374848899e-05, 1.50068444782e-05, 6.88196132614e-06],
        "mean": [0.00102052441798, 0.00200339965522, 0.00202761800028, 0.00172299984843, 0.000716683396604, 0.000443168100901, 0.00030902720755, 0.000248635187745, 0.000244811177254, 0.000184472854016, 7.33272172511e-05, 8.96991768968e-05, 7.14008419891e-05, 6.98161893524e-05, 5.53536883672e-05, 3.95091738028e-05, 3.12527845381e-05, 3.701645619e-05, 4.13360212406e-05, 2.489192957e-05, 2.48247670243e-05, 3.82074977097e-05, 1.85799708561e-05, 1.29381596707e-05, 1.58156381076e-05, 1.76341636688e-05, 2.04107091122e-05, 1.86658053281e-05, 1.91872968571e-05, 8.5749925347e-06, 4.6722730076e-06, 4.85232067149e-06, 4.36224263467e-06, 3.65752407561e-06, 2.61149511971e-06, 1.71083286205e-06, 1.60453657827e-06, 1.36896983349e-06, 1.25319297695e-06, 9.84637836154e-07],
        "median": [0.000126948900288, 0.00111803866457, 0.00118939997628, 0.000964638311416, 0.000460853218101, 0.000212990824366, 0.000101808691397, 7.70068727434e-05, 7.42272532079e-05, 6.62513266434e-05, 2.5843102776e-05, 2.3012933525e-05, 1.83616084541e-05, 1.45968160723e-05, 1.25365759231e-05, 9.28631561692e-06, 9.21883292904e-06, 1.57146514539e-05, 1.83634820132e-05, 1.45621152114e-05, 1.41353712024e-05, 2.17597189476e-05, 1.23092922877e-05, 8.53019264468e-06, 9.90139142232e-06, 1.20341073853e-05, 1.31582937684e-05, 1.15527536764e-05, 1.2047623386e-05, 6.73954446029e-06, 3.35669551532e-06, 3.20204799209e-06, 2.60460683421e-06, 2.16975308831e-06, 1.20353320199e-06, 8.75865737271e-07, 1.00783586277e-06, 9.76097226157e-07, 9.11374058887e-07, 7.42996860481e-07],
        "min": [2.27445497103e-07, 1.94178869606e-06, 3.7746453927e-06, 1.47611024204e-06, 7.27564952285e-07, 4.15113987629e-07, 6.30878389529e-07, 7.67239725974e-07, 2.8379920991e-07, 3.39286970075e-07, 9.21499960782e-08, 1.18811435357e-07, 1.02030142557e-07, 3.88280092523e-08, 9.94327820081e-08, 6.93659458761e-08, 7.3593227512e-08, 6.44573958652e-08, 1.19440230151e-07, 1.28721296733e-07, 6.00508798243e-08, 1.34523261863e-07, 9.5786639065e-08, 1.20877288623e-07, 3.75103255124e-08, 1.01548089049e-07, 1.64432492511e-07, 1.63312506629e-07, 2.10161019254e-07, 4.03211714683e-07, 2.77832441498e-07, 3.01099845501e-07, 2.05793838859e-07, 1.74360792471e-07, 8.9474518461e-08, 6.0091061016e-08, 6.85998529093e-08, 6.01588112659e-08, 3.41072059484e-08, 4.3299149155e-08],
