{
"highlevel": {
    "danceability": {
        "all": {
            "danceable": 0.987233757973,
            "not_danceable": 0.0127662438899
        },
        "probability": 0.987233757973,
        "value": "danceable"
    },
    "gender": {
        "all": {
            "female": 0.846046090126,
            "male": 0.153953909874
        },
        "probability": 0.846046090126,
        "value": "female"
    },
    "genre_dortmund": {
        "all": {
            "alternative": 0.386429339647,
            "blues": 0.00466585624963,
            "electronic": 0.153070241213,
            "folkcountry": 0.152852281928,
            "funksoulrnb": 0.00718584377319,
            "jazz": 0.139249786735,
            "pop": 0.0985567942262,
            "raphiphop": 0.00365380081348,
            "rock": 0.0543360449374
        },
        "probability": 0.386429339647,
        "value": "alternative"
    },
    "genre_electronic": {
        "all": {
            "ambient": 0.879081606865,
            "dnb": 0.0088170170784,
            "house": 0.0244572535157,
            "techno": 0.00545114604756,
            "trance": 0.0821929723024
        },
        "probability": 0.879081606865,
        "value": "ambient"
    },
    "genre_rosamerica": {
        "all": {
            "cla": 0.170981764793,
            "dan": 0.0299317967147,
            "hip": 0.0316693820059,
            "jaz": 0.104577191174,
            "pop": 0.208362296224,
            "rhy": 0.33907365799,
            "roc": 0.0810381546617,
            "spe": 0.0343657582998
        },
        "probability": 0.33907365799,
        "value": "rhy"
    },
    "genre_tzanetakis": {
        "all": {
            "blu": 0.0626541376114,
            "cla": 0.0348133966327,
            "cou": 0.0783501937985,
            "dis": 0.104547761381,
            "hip": 0.15693578124,
            "jaz": 0.313987255096,
            "met": 0.044816005975,
            "pop": 0.0627349764109,
            "reg": 0.0627352520823,
            "roc": 0.0784252434969
        },
        "probability": 0.313987255096,
        "value": "jaz"
    },
    "ismir04_rhythm": {
        "all": {
            "ChaChaCha": 0.0532830618322,
            "Jive": 0.0233794841915,
            "Quickstep": 0.0183272510767,
            "Rumba-American": 0.026990102604,
            "Rumba-International": 0.548852205276,
            "Rumba-Misc": 0.0260606314987,
            "Samba": 0.0282052960247,
            "Tango": 0.0780841633677,
            "VienneseWaltz": 0.151945337653,
            "Waltz": 0.0448724776506
        },
        "probability": 0.548852205276,
        "value": "Rumba-International"
    },
    "mood_acoustic": {
        "all": {
            "acoustic": 0.0745188295841,
            "not_acoustic": 0.925481200218
        },
        "probability": 0.925481200218,
        "value": "not_acoustic"
    },
    "mood_aggressive": {
        "all": {
            "aggressive": 0.00668286951259,
            "not_aggressive": 0.993317127228
        },
        "probability": 0.993317127228,
        "value": "not_aggressive"
    },
    "mood_electronic": {
        "all": {
            "electronic": 0.580158174038,
            "not_electronic": 0.41984179616
        },
        "probability": 0.580158174038,
        "value": "electronic"
    },
    "mood_happy": {
        "all": {
            "happy": 0.352343350649,
            "not_happy": 0.647656679153
        },
        "probability": 0.647656679153,
        "value": "not_happy"
    },
    "mood_party": {
        "all": {
            "not_party": 0.987778484821,
            "party": 0.0122215086594
        },
        "probability": 0.987778484821,
        "value": "not_party"
    },
    "mood_relaxed": {
        "all": {
            "not_relaxed": 0.0120008243248,
            "relaxed": 0.987999200821
        },
        "probability": 0.987999200821,
        "value": "relaxed"
    },
    "mood_sad": {
        "all": {
            "not_sad": 0.179359614849,
            "sad": 0.820640385151
        },
        "probability": 0.820640385151,
        "value": "sad"
    },
    "moods_mirex": {
        "all": {
            "Cluster1": 0.103435702622,
            "Cluster2": 0.121897801757,
            "Cluster3": 0.535265803337,
            "Cluster4": 0.0999752208591,
            "Cluster5": 0.139425501227
        },
        "probability": 0.535265803337,
        "value": "Cluster3"
    },
    "timbre": {
        "all": {
            "bright": 0.952909529209,
            "dark": 0.0470904819667
        },
        "probability": 0.952909529209,
        "value": "bright"
    },
    "tonal_atonal": {
        "all": {
            "atonal": 0.00143871933687,
            "tonal": 0.998561263084
        },
        "probability": 0.998561263084,
        "value": "tonal"
    },
    "voice_instrumental": {
        "all": {
            "instrumental": 0.385906338692,
            "voice": 0.614093661308
        },
        "probability": 0.614093661308,
        "value": "voice"
    }
},
"lowlevel": {
    "average_loudness": 0.97221571207,
    "barkbands_crest": {
        "dmean": 2.57558965683,
        "dmean2": 3.8767182827,
        "dvar": 5.99031448364,
        "dvar2": 12.9310159683,
        "max": 24.0337467194,
        "mean": 13.0582418442,
        "median": 12.9644708633,
        "min": 4.05308771133,
        "var": 18.0859622955
    },
    "barkbands_flatness_db": {
        "dmean": 0.0214119274169,
        "dmean2": 0.0330473929644,
        "dvar": 0.000428764586104,
        "dvar2": 0.000976939336397,
        "max": 0.36276242137,
        "mean": 0.236422508955,
        "median": 0.235740080476,
        "min": 0.117057062685,
        "var": 0.0013121527154
    },
    "barkbands_kurtosis": {
        "dmean": 3.14589357376,
        "dmean2": 4.99393844604,
        "dvar": 22.6976852417,
        "dvar2": 53.7165718079,
        "max": 82.0426635742,
        "mean": 5.75287723541,
        "median": 3.97296142578,
        "min": -1.49206733704,
        "var": 50.7818832397
    },
    "barkbands_skewness": {
        "dmean": 0.518808245659,
        "dmean2": 0.801848769188,
        "dvar": 0.240795001388,
        "dvar2": 0.574500918388,
        "max": 7.28218269348,
        "mean": 1.56376600266,
        "median": 1.44132208824,
        "min": -1.07833576202,
        "var": 1.07718980312
    },
    "barkbands_spread": {
        "dmean": 1.61978363991,
        "dmean2": 2.61933636665,
        "dvar": 2.80096077919,
        "dvar2": 6.94856071472,
        "max": 20.2708530426,
        "mean": 7.74279165268,
        "median": 7.56933641434,
        "min": 1.19796001911,
        "var": 6.45708465576
    },
    "dissonance": {
        "dmean": 0.0365819707513,
        "dmean2": 0.062216360122,
        "dvar": 0.00102413352579,
        "dvar2": 0.00278732343577,
        "max": 0.499719619751,
        "mean": 0.424398720264,
        "median": 0.432632148266,
        "min": 0.210879191756,
        "var": 0.00211161538027
    },
    "dynamic_complexity": 1.87349307537,
    "erbbands_crest": {
        "dmean": 2.5941286087,
        "dmean2": 4.0090303421,
        "dvar": 5.25308561325,
        "dvar2": 11.9697198868,
        "max": 26.3665351868,
        "mean": 12.5588998795,
        "median": 11.9980297089,
        "min": 4.10157442093,
        "var": 16.9238033295
    },
    "erbbands_flatness_db": {
        "dmean": 0.015547038056,
        "dmean2": 0.0234059225768,
        "dvar": 0.00018304977857,
        "dvar2": 0.000436938891653,
        "max": 0.313257366419,
        "mean": 0.20137527585,
        "median": 0.200130134821,
        "min": 0.111955404282,
        "var": 0.00115603860468
    },
    "erbbands_kurtosis": {
        "dmean": 2.23691987991,
        "dmean2": 3.50619339943,
        "dvar": 6.01168012619,
        "dvar2": 14.5832128525,
        "max": 31.0563697815,
        "mean": 6.28673458099,
        "median": 5.33668899536,
        "min": -0.734709501266,
        "var": 17.6622390747
    },
    "erbbands_skewness": {
        "dmean": 0.342371344566,
        "dmean2": 0.528289318085,
        "dvar": 0.103074073792,
        "dvar2": 0.247993096709,
        "max": 3.9909427166,
        "mean": 1.17724907398,
        "median": 1.13558208942,
        "min": -1.36173725128,
        "var": 0.481217116117
    },
    "erbbands_spread": {
        "dmean": 3.57747721672,
        "dmean2": 5.56706857681,
        "dvar": 20.9929046631,
        "dvar2": 51.4695472717,
        "max": 65.502494812,
        "mean": 14.8217735291,
        "median": 13.1977624893,
        "min": 3.83756232262,
        "var": 54.5484695435
    },
    "hfc": {
        "dmean": 3.57759618759,
        "dmean2": 5.26030778885,
        "dvar": 25.1845970154,
        "dvar2": 59.9733009338,
        "max": 72.6698989868,
        "mean": 15.5790538788,
        "median": 13.5529766083,
        "min": 1.65480172634,
        "var": 83.0470046997
    },
    "melbands_crest": {
        "dmean": 3.30638432503,
        "dmean2": 4.96621799469,
        "dvar": 9.33291530609,
        "dvar2": 19.0319042206,
        "max": 36.6221504211,
        "mean": 17.8507595062,
        "median": 17.4732265472,
        "min": 5.36106395721,
        "var": 36.5487136841
    },
    "melbands_flatness_db": {
        "dmean": 0.0236083623022,
        "dmean2": 0.0352536439896,
        "dvar": 0.000575090176426,
        "dvar2": 0.00124227441847,
        "max": 0.441974252462,
        "mean": 0.321871757507,
        "median": 0.325026392937,
        "min": 0.181903123856,
        "var": 0.00188559817616
    },
    "melbands_kurtosis": {
        "dmean": 3.95278716087,
        "dmean2": 6.16893339157,
        "dvar": 33.3476600647,
        "dvar2": 84.6989440918,
        "max": 81.5688247681,
        "mean": 6.99162578583,
        "median": 4.60770368576,
        "min": -1.32761025429,
        "var": 72.7147140503
    },
    "melbands_skewness": {
        "dmean": 0.56113409996,
        "dmean2": 0.849736809731,
        "dvar": 0.273468673229,
        "dvar2": 0.657410979271,
        "max": 7.11833524704,
        "mean": 1.84652876854,
        "median": 1.7246645689,
        "min": -0.719000816345,
        "var": 1.22552108765
    },
    "melbands_spread": {
        "dmean": 2.01006031036,
        "dmean2": 3.17063355446,
        "dvar": 3.81857180595,
        "dvar2": 9.38164234161,
        "max": 20.9312400818,
        "mean": 9.07472229004,
        "median": 8.72141933441,
        "min": 1.59269785881,
        "var": 11.9564590454
    },
    "pitch_salience": {
        "dmean": 0.0688921809196,
        "dmean2": 0.105037488043,
        "dvar": 0.00381679809652,
        "dvar2": 0.00843853317201,
        "max": 0.834673583508,
        "mean": 0.462517857552,
        "median": 0.454281955957,
        "min": 0.129161074758,
        "var": 0.013190609403
    },
    "silence_rate_20dB": {
        "dmean": 0.00154798757285,
        "dmean2": 0.00309837330133,
        "dvar": 0.00154558371287,
        "dvar2": 0.00463792029768,
        "max": 1,
        "mean": 0.999226629734,
        "median": 1,
        "min": 0,
        "var": 0.000772795756347
    },
    "silence_rate_30dB": {
        "dmean": 0.0681114569306,
        "dmean2": 0.136328428984,
        "dvar": 0.0634719133377,
        "dvar2": 0.130136117339,
        "max": 1,
        "mean": 0.872389793396,
        "median": 1,
        "min": 0,
        "var": 0.111324340105
    },
    "silence_rate_60dB": {
        "dmean": 0,
        "dmean2": 0,
        "dvar": 0,
        "dvar2": 0,
        "max": 0,
        "mean": 0,
        "median": 0,
        "min": 0,
        "var": 0
    },
    "spectral_centroid": {
        "dmean": 60.8138923645,
        "dmean2": 94.4122848511,
        "dvar": 5157.72802734,
        "dvar2": 12584.5253906,
        "max": 1145.25463867,
        "mean": 530.871459961,
        "median": 517.262207031,
        "min": 223.294631958,
        "var": 12356.75
    },
    "spectral_complexity": {
        "dmean": 2.09055733681,
        "dmean2": 3.42757558823,
        "dvar": 6.78055095673,
        "dvar2": 16.6025619507,
        "max": 39,
        "mean": 12.2026290894,
        "median": 12,
        "min": 6,
        "var": 9.76864624023
    },
    "spectral_decrease": {
        "dmean": 5.3975104386e-09,
        "dmean2": 8.2210469543e-09,
        "dvar": 6.89702334479e-17,
        "dvar2": 1.7648651434e-16,
        "max": -1.01419228571e-09,
        "mean": -1.73115530799e-08,
        "median": -1.39922020637e-08,
        "min": -1.31696140215e-07,
        "var": 1.89510704696e-16
    },
    "spectral_energy": {
        "dmean": 0.0205918326974,
        "dmean2": 0.0313305743039,
        "dvar": 0.000996643328108,
        "dvar2": 0.00255103199743,
        "max": 0.503642976284,
        "mean": 0.0667508095503,
        "median": 0.0542007014155,
        "min": 0.00398999406025,
        "var": 0.00275403168052
    },
    "spectral_energyband_high": {
        "dmean": 4.27429804404e-05,
        "dmean2": 6.9287721999e-05,
        "dvar": 1.4807490345e-08,
        "dvar2": 3.17715667109e-08,
        "max": 0.00205119466409,
        "mean": 0.000101553756394,
        "median": 7.04753401806e-05,
        "min": 1.35536574817e-05,
        "var": 1.92398719179e-08
    },
    "spectral_energyband_low": {
        "dmean": 0.0158044658601,
        "dmean2": 0.0237219613045,
        "dvar": 0.000633113493677,
        "dvar2": 0.00156672811136,
        "max": 0.404551267624,
        "mean": 0.0386717356741,
        "median": 0.0308665055782,
        "min": 0.00070184917422,
        "var": 0.001403967035
    },
    "spectral_energyband_middle_high": {
        "dmean": 0.000781220616773,
        "dmean2": 0.00124565639999,
        "dvar": 2.8362262583e-06,
        "dvar2": 6.99633528711e-06,
        "max": 0.0311369858682,
        "mean": 0.00169156340417,
        "median": 0.001103292685,
        "min": 0.000181552633876,
        "var": 6.08843674854e-06
    },
    "spectral_energyband_middle_low": {
        "dmean": 0.00625752517954,
        "dmean2": 0.00960329174995,
        "dvar": 6.51463560644e-05,
        "dvar2": 0.000158419803483,
        "max": 0.109070144594,
        "mean": 0.0239269807935,
        "median": 0.0205213353038,
        "min": 0.00191578641534,
        "var": 0.0002316506434
    },
    "spectral_entropy": {
        "dmean": 0.167211979628,
        "dmean2": 0.255388796329,
        "dvar": 0.0289171412587,
        "dvar2": 0.0667155534029,
        "max": 7.78829956055,
        "mean": 6.82874059677,
        "median": 6.8020195961,
        "min": 5.9055056572,
        "var": 0.115251354873
    },
    "spectral_flux": {
        "dmean": 0.0340324193239,
        "dmean2": 0.0555387660861,
        "dvar": 0.00170506688301,
        "dvar2": 0.00411322386935,
        "max": 0.565345346928,
        "mean": 0.0988881289959,
        "median": 0.076637044549,
        "min": 0.029817737639,
        "var": 0.00404921127483
    },
    "spectral_kurtosis": {
        "dmean": 2.69832444191,
        "dmean2": 4.44713449478,
        "dvar": 6.10702610016,
        "dvar2": 16.3571968079,
        "max": 32.4455451965,
        "mean": 9.51204776764,
        "median": 8.78309345245,
        "min": 0.524830818176,
        "var": 19.767665863
    },
    "spectral_rms": {
        "dmean": 0.00113506882917,
        "dmean2": 0.00169937708415,
        "dvar": 1.63926631558e-06,
        "dvar2": 3.84965233025e-06,
        "max": 0.0221666190773,
        "mean": 0.00763274729252,
        "median": 0.00727177644148,
        "min": 0.00197298685089,
        "var": 6.86394014338e-06
    },
    "spectral_rolloff": {
        "dmean": 89.8326263428,
        "dmean2": 149.030807495,
        "dvar": 12459.0361328,
        "dvar2": 26860.3105469,
        "max": 882.861328125,
        "mean": 504.856018066,
        "median": 559.86328125,
        "min": 21.533203125,
        "var": 37493.4492188
    },
    "spectral_skewness": {
        "dmean": 0.301750689745,
        "dmean2": 0.47640389204,
        "dvar": 0.071550808847,
        "dvar2": 0.17132152617,
        "max": 4.65584135056,
        "mean": 2.58402204514,
        "median": 2.56643128395,
        "min": 1.07141470909,
        "var": 0.308372527361
    },
    "spectral_spread": {
        "dmean": 397909.53125,
        "dmean2": 640685.375,
        "dvar": 219886190592,
        "dvar2": 410669449216,
        "max": 14822052,
        "mean": 3665856.75,
        "median": 3608656.25,
        "min": 1787681,
        "var": 605309698048
    },
    "spectral_strongpeak": {
        "dmean": 0.354759454727,
        "dmean2": 0.62024641037,
        "dvar": 0.495441496372,
        "dvar2": 1.19573187828,
        "max": 6.54907464981,
        "mean": 0.693004965782,
        "median": 0.413515210152,
        "min": 0,
        "var": 0.815734982491
    },
    "zerocrossingrate": {
        "dmean": 0.00380987860262,
        "dmean2": 0.00495656533167,
        "dvar": 1.22075180116e-05,
        "dvar2": 1.8111699319e-05,
        "max": 0.052734375,
        "mean": 0.0208529699594,
        "median": 0.0205078125,
        "min": 0.00244140625,
        "var": 5.34798018634e-05
    },
    "barkbands": {
        "dmean": [0.00660776440054, 0.0130951693282, 0.00260854163207, 0.00176725315396, 0.00194573029876, 0.00173838704359, 0.00127512565814, 0.00173277442809, 0.0020513786003, 0.000481672090245, 0.000117735908134, 0.00013294359087, 0.000115683760669, 9.00216473383e-05, 4.480879943e-05, 3.09826355078e-05, 2.52639638347e-05, 1.81072937266e-05, 1.38151335705e-05, 1.08602944238e-05, 1.09730463009e-05, 1.49878187585e-05, 9.27872042666e-06, 5.79787865718e-06, 4.28195289714e-06, 3.91867752114e-06, 3.24336890678e-09],
        "dmean2": [0.0105689289048, 0.0188498105854, 0.00474433088675, 0.00324882124551, 0.00297982944176, 0.00260357698426, 0.00189387786668, 0.00266695651226, 0.0029046558775, 0.000765272998251, 0.000200052236323, 0.000223610535613, 0.00019102137594, 0.000141834781971, 7.55338332965e-05, 5.4123607697e-05, 4.52622552984e-05, 3.14855133183e-05, 2.38373177126e-05, 1.7850434233e-05, 1.77904057637e-05, 2.54448004853e-05, 1.55100769916e-05, 9.60071611189e-06, 6.69122664476e-06, 6.31158263786e-06, 5.98389959805e-09],
        "dvar": [0.00046104422654, 0.000442192598712, 3.35678341798e-05, 1.50705936903e-05, 1.98048837774e-05, 6.29699070487e-06, 3.79201173928e-06, 5.87694330534e-06, 1.15281554827e-05, 1.08261428977e-06, 5.54630013028e-08, 8.85064252998e-08, 6.74729463412e-08, 2.61545132219e-08, 8.79676420595e-09, 6.86259937765e-09, 8.77613359762e-09, 2.56369636631e-09, 1.72949343735e-09, 8.59485593807e-10, 6.09938544116e-10, 3.1543045953e-09, 9.656923039e-10, 1.23596341495e-10, 5.1324069994e-11, 6.96166874148e-11, 2.36040620003e-17],
        "dvar2": [0.00112261401955, 0.00104774907231, 9.89573309198e-05, 4.56476227555e-05, 4.99999405292e-05, 1.42059661812e-05, 7.83223276812e-06, 1.41636692206e-05, 2.23563638428e-05, 2.3710701953e-06, 1.41268870379e-07, 2.36949901478e-07, 1.81823594403e-07, 6.06540098147e-08, 2.30094769904e-08, 1.87084658876e-08, 2.45164173407e-08, 6.99348534638e-09, 4.84244466747e-09, 2.14543205423e-09, 1.43042411249e-09, 6.50236220423e-09, 2.10877604268e-09, 3.18327197935e-10, 1.14979928356e-10, 1.68723479632e-10, 6.72620790132e-17],
        "max": [0.281189531088, 0.302443563938, 0.0588128119707, 0.0308798104525, 0.0880918875337, 0.0443357974291, 0.0474049523473, 0.0392946563661, 0.0501119159162, 0.0310194063932, 0.00269005005248, 0.00320576690137, 0.00304694613442, 0.00326739693992, 0.00124999030959, 0.000860882981215, 0.00105900480412, 0.00054448726587, 0.000471175240818, 0.00052944093477, 0.000409231404774, 0.000907419307623, 0.000579224200919, 0.000141430587973, 8.1390455307e-05, 0.00011496184743, 7.16410113455e-08],
        "mean": [0.00848890841007, 0.0290891546756, 0.00349631323479, 0.00199099676684, 0.00474222097546, 0.00453849462792, 0.00305496249348, 0.00409401673824, 0.0053547564894, 0.000949014269281, 0.000153475062689, 0.000185435565072, 0.000172266692971, 0.000165607372764, 6.12507283222e-05, 3.2656978874e-05, 2.87482616841e-05, 2.28579629038e-05, 1.89278161997e-05, 1.78229856829e-05, 2.06030472327e-05, 2.52577847277e-05, 1.88954727491e-05, 1.32042960104e-05, 9.24234882405e-06, 5.78664048589e-06, 2.62967092546e-09],
        "median": [0.00111610908061, 0.0235520489514, 0.0022553615272, 0.000836353749037, 0.00323044927791, 0.00293376692571, 0.00211086915806, 0.00258937105536, 0.00270541547798, 0.000459068280179, 6.67499552947e-05, 8.92318639671e-05, 7.97614484327e-05, 8.69481737027e-05, 3.5730212403e-05, 1.45561580212e-05, 1.5143692508e-05, 1.31603173941e-05, 1.04890486909e-05, 9.67527284956e-06, 1.31874467115e-05, 1.46070342453e-05, 1.21092725749e-05, 1.0015944099e-05, 6.43315206617e-06, 2.25803546527e-06, 1.03141495345e-09],
        "min": [2.21463551497e-06, 9.71418776317e-05, 6.10218057773e-06, 5.92475635131e-06, 4.44047909696e-05, 6.7715824116e-05, 7.0291760494e-05, 5.09740239067e-05, 4.55369336123e-05, 1.68050719367e-05, 2.7303576644e-06, 4.12653253079e-06, 2.91685637421e-06, 4.60309684058e-06, 2.53149437413e-06, 1.24683333524e-06, 2.77122876469e-06, 1.55474867825e-06, 1.80162510333e-06, 2.0253544335e-06, 2.45889714279e-06, 2.63300353254e-06, 1.44154159898e-06, 7.57880172841e-07, 6.87079406703e-08, 2.69275657327e-10, 2.44857537024e-11],
        "var": [0.000831874436699, 0.000758587324526, 2.55497816397e-05, 1.20535078167e-05, 3.17818848998e-05, 2.02729152079e-05, 1.22480469145e-05, 1.99152182176e-05, 4.86116332468e-05, 4.6105446927e-06, 6.67841177915e-08, 9.52102894303e-08, 7.5523871601e-08, 6.13860535736e-08, 8.25308887897e-09, 4.87912243941e-09, 5.54309709244e-09, 1.84803938819e-09, 1.24485888264e-09, 1.41731837378e-09, 8.79153860822e-10, 3.53012596932e-09, 1.16987297627e-09, 1.39596417759e-10, 8.77444922276e-11, 1.08131226195e-10, 2.0970282534e-17]
    },
    "erbbands": {
        "dmean": [0.609302639961, 2.26730513573, 2.8673491478, 4.87256765366, 5.15115118027, 7.20627403259, 17.5086479187, 10.4462947845, 16.706829071, 17.194984436, 47.0106925964, 39.5538635254, 30.5980319977, 15.4327249527, 3.97647833824, 6.44932365417, 4.67234134674, 5.19726419449, 3.12602090836, 1.59634065628, 1.72059226036, 1.41576480865, 1.01859176159, 0.864203393459, 0.618586957455, 0.502107083797, 0.390620321035, 0.508549332619, 0.576184928417, 0.420310288668, 0.254285544157, 0.153067469597, 0.0829308629036, 0.045208979398, 0.0337208919227, 0.0221947114915, 0.00871935673058, 0.000531667436007, 1.52932589117e-05, 2.23981260206e-05],
        "dmean2": [0.881901919842, 3.22071361542, 4.9962272644, 8.95756530762, 9.02951526642, 11.3712720871, 24.9027347565, 16.4671611786, 25.2610931396, 25.9561862946, 72.5349197388, 56.8618431091, 44.1662788391, 24.1062068939, 6.58515310287, 10.7730112076, 7.87795686722, 8.42764759064, 5.20558214188, 2.67625260353, 3.00923657417, 2.54114985466, 1.77804780006, 1.48704457283, 1.08505761623, 0.819557368755, 0.643306195736, 0.849895894527, 0.977525830269, 0.679962933064, 0.426948338747, 0.250967890024, 0.136201694608, 0.0735899582505, 0.0519294962287, 0.0352167673409, 0.0138144753873, 0.000864738016389, 2.39837299887e-05, 3.40004371537e-05],
        "dvar": [1.172301054, 11.2004814148, 33.6313171387, 123.251716614, 146.388900757, 312.993865967, 506.349121094, 402.245483398, 830.432495117, 678.742614746, 4307.90234375, 3874.58276367, 3884.21508789, 1157.4777832, 57.984828949, 208.476974487, 155.768920898, 82.4224472046, 33.7377243042, 16.549074173, 22.4073581696, 29.382610321, 8.84268474579, 5.982213974, 4.40250873566, 1.72001624107, 0.683435857296, 1.7542424202, 4.55958414078, 2.90636920929, 0.639699876308, 0.098481208086, 0.0233454443514, 0.00432608230039, 0.00303890230134, 0.00343672698364, 0.000492441526148, 1.15620946417e-06, 5.43625477967e-10, 1.16306608788e-09],
        "dvar2": [2.83937144279, 26.2349796295, 97.7294158936, 365.3956604, 408.026000977, 832.940063477, 1031.95532227, 908.826965332, 1677.8458252, 1540.71606445, 10250.8242188, 8101.25927734, 7339.63671875, 2416.3034668, 148.625839233, 554.450561523, 424.707061768, 206.169082642, 87.2558135986, 42.476184845, 60.6237487793, 82.4253005981, 24.1000957489, 16.4506950378, 12.4341249466, 3.97384166718, 1.70347619057, 3.99884152412, 9.36394500732, 6.60455656052, 1.40934920311, 0.262577772141, 0.0574562624097, 0.0101891523227, 0.00667639821768, 0.00828463491052, 0.00115204975009, 2.83474037133e-06, 1.3396378451e-09, 2.97963631546e-09],
        "max": [17.0580024719, 45.1495170593, 66.2717819214, 97.6548233032, 161.435821533, 353.629882812, 331.2215271, 288.984710693, 702.603881836, 525.27331543, 1075.30627441, 1071.1282959, 1017.69909668, 1102.74414062, 87.1194381714, 154.300827026, 151.928207397, 178.148483276, 65.7161865234, 48.7346191406, 49.3814353943, 63.8446769714, 32.3962631226, 27.1001319885, 25.965719223, 29.5995998383, 15.2303514481, 22.4548091888, 35.7148246765, 33.9628410339, 15.4306468964, 5.63610696793, 2.29698824883, 0.735204875469, 0.708086848259, 1.02140188217, 0.281369358301, 0.0110483560711, 0.000254659273196, 0.000548904878087],
        "mean": [1.17769992352, 5.19847536087, 5.07184791565, 6.01627016068, 6.95056915283, 16.1290969849, 48.8655700684, 24.5606536865, 37.3554611206, 43.3938446045, 116.971031189, 103.686408997, 81.4106140137, 32.0041923523, 6.51951932907, 9.48255062103, 7.31749677658, 9.64793586731, 5.26707983017, 2.11533284187, 1.81732273102, 1.57877063751, 1.31813561916, 1.12345457077, 0.909263730049, 0.849488914013, 0.743434786797, 0.885316848755, 0.931902348995, 0.708540022373, 0.521885991096, 0.323667794466, 0.188458681107, 0.0997860729694, 0.0641613379121, 0.0351882986724, 0.01210881304, 0.000633233226836, 4.41239499196e-05, 7.42168558645e-05],
        "median": [0.887673676014, 3.77666044235, 3.88450551033, 3.05335617065, 2.98353719711, 8.68123626709, 31.5262241364, 12.536860466, 23.3799152374, 26.3810863495, 76.4863204956, 58.3230895996, 31.7904834747, 15.421295166, 3.69294834137, 4.87793016434, 3.76526331902, 5.55078697205, 2.97096467018, 1.15252494812, 0.797174811363, 0.785534143448, 0.751990437508, 0.58788561821, 0.527409553528, 0.447629004717, 0.486724972725, 0.553272306919, 0.533164143562, 0.418883144855, 0.338112741709, 0.241914361715, 0.147544801235, 0.0777538642287, 0.0424890965223, 0.0144465053454, 0.00391339464113, 0.000214114843402, 3.27569250658e-05, 6.04594642937e-05],
        "min": [0.0050023351796, 0.0211208518595, 0.0579463243484, 0.06683024019, 0.0877998173237, 0.160153791308, 0.53700196743, 0.477822393179, 1.34489941597, 2.0693655014, 2.22008061409, 2.59803128242, 1.72046077251, 0.749428331852, 0.369660437107, 0.237400814891, 0.27112364769, 0.324558228254, 0.261841446161, 0.078064031899, 0.135271176696, 0.143636479974, 0.114479728043, 0.109161160886, 0.085838444531, 0.0835344493389, 0.0712869912386, 0.128624603152, 0.106860563159, 0.071796618402, 0.0335203297436, 0.0267813261598, 0.0117608299479, 0.00451378850266, 0.000550768279936, 6.60314108245e-05, 2.34897561313e-05, 2.69853103418e-06, 2.84907764581e-06, 4.64414779344e-06],
        "var": [1.72170126438, 24.9427337646, 33.5830802917, 93.1910247803, 159.774459839, 514.524536133, 2188.7109375, 1090.625, 2212, 2067.78955078, 15143.4521484, 15078.7714844, 16396.6992188, 5672.20703125, 77.3118667603, 230.164733887, 146.343078613, 158.057983398, 50.8985328674, 14.0209121704, 15.9350948334, 18.311378479, 6.30856132507, 4.43603563309, 3.15409684181, 3.26777100563, 1.18146383762, 2.15885710716, 5.12744283676, 2.92692875862, 0.792907357216, 0.115202404559, 0.0275116022676, 0.00673892581835, 0.00506907328963, 0.00533528579399, 0.000743615208194, 1.51087169797e-06, 1.19398724241e-09, 3.25361315667e-09]
    },
    "gfcc": {
        "mean": [-16.0164737701, 145.22946167, -77.4115982056, 17.408159256, -73.4511032104, 20.7854061127, -23.7280044556, 16.5991611481, -5.85985136032, 9.48199367523, -9.80800628662, -2.90427184105, -4.054002285],
        "cov": [[656.723022461, 4.11449098587, 29.1929149628, 2.32532310486, 70.5031509399, 5.45195674896, -18.1690235138, 8.08359909058, -28.8832626343, -12.9042453766, -57.557384491, 9.7729434967, -48.6909179688], [4.11449098587, 248.177200317, 14.2515907288, -17.611032486, 14.0207529068, 3.15091085434, 26.0773143768, -37.6760253906, 8.58320331573, -72.6497955322, 33.5108261108, -64.3214263916, 53.8173980713], [29.1929149628, 14.2515907288, 353.943878174, -21.7266769409, 82.9057846069, 6.74999237061, 12.1764125824, 23.3917865753, -43.4778518677, 34.8526115417, -65.9813156128, 21.8665885925, -63.4616317749], [2.32532310486, -17.611032486, -21.7266769409, 180.43838501, 19.4683094025, 26.9765663147, 12.2534360886, 5.29434776306, 33.2159500122, -9.91781997681, 38.6613388062, -22.7876625061, 14.8330726624], [70.5031509399, 14.0207529068, 82.9057846069, 19.4683094025, 138.776229858, 39.2868919373, 12.7745361328, 4.75497436523, -0.284652352333, 29.3692760468, -7.74062728882, 15.5919847488, -24.7982063293], [5.45195674896, 3.15091085434, 6.74999237061, 26.9765663147, 39.2868919373, 92.5023193359, 36.5933494568, 13.7233276367, 15.9697885513, 3.9919025898, 18.445432663, -10.9430389404, 8.40835094452], [-18.1690235138, 26.0773143768, 12.1764125824, 12.2534360886, 12.7745361328, 36.5933494568, 92.7410354614, 31.1797637939, 21.5375099182, -13.7508087158, 14.4021186829, -6.72476291656, 12.7117385864], [8.08359909058, -37.6760253906, 23.3917865753, 5.29434776306, 4.75497436523, 13.7233276367, 31.1797637939, 83.102142334, 31.3644580841, 14.1928253174, -13.7011556625, -1.38000464439, 3.15700411797], [-28.8832626343, 8.58320331573, -43.4778518677, 33.2159500122, -0.284652352333, 15.9697885513, 21.5375099182, 31.3644580841, 84.4876480103, 16.4728393555, 29.777507782, -18.9699993134, 24.7047424316], [-12.9042453766, -72.6497955322, 34.8526115417, -9.91781997681, 29.3692760468, 3.9919025898, -13.7508087158, 14.1928253174, 16.4728393555, 89.4994125366, 10.6577482224, 33.1184692383, -29.1912097931], [-57.557384491, 33.5108261108, -65.9813156128, 38.6613388062, -7.74062728882, 18.445432663, 14.4021186829, -13.7011556625, 29.777507782, 10.6577482224, 95.4919128418, 5.22864627838, 35.7113113403], [9.7729434967, -64.3214263916, 21.8665885925, -22.7876625061, 15.5919847488, -10.9430389404, -6.72476291656, -1.38000464439, -18.9699993134, 33.1184692383, 5.22864627838, 83.9778747559, -5.92813444138], [-48.6909179688, 53.8173980713, -63.4616317749, 14.8330726624, -24.7982063293, 8.40835094452, 12.7117385864, 3.15700411797, 24.7047424316, -29.1912097931, 35.7113113403, -5.92813444138, 83.0966339111]],
        "icov": [[0.00187533954158, -0.00100640812889, 0.000644577899948, -0.00051363685634, -0.00067581073381, -0.000437007925939, 0.00073234224692, -0.000996853457764, 0.000279700499959, 0.000418224721216, 0.00127647107001, -0.00125884427689, 0.00152838800568], [-0.00100640812889, 0.0152301155031, -0.00443452456966, 0.00607827631757, -0.0058265584521, 0.00461550382897, -0.0025214003399, 0.00683481013402, -0.00298799015582, 0.00958180334419, -0.00929964520037, 0.0117465229705, -0.00791600625962], [0.000644577899948, -0.00443452456966, 0.0056850691326, -0.00200016656891, -0.000451723550214, -0.000921878265217, -0.000468299200293, -0.0030650801491, 0.00319404900074, -0.00418535387143, 0.00485351402313, -0.00331214419566, 0.00335304881446], [-0.00051363685634, 0.00607827631757, -0.00200016656891, 0.00942276138812, -0.00355707202107, 0.000967410451267, 0.000124018217321, 0.00198103534058, -0.00329280341975, 0.00612877774984, -0.0070202127099, 0.00574708171189, -0.00214181933552], [-0.00067581073381, -0.0058265584521, -0.000451723550214, -0.00355707202107, 0.0135773858055, -0.00617174059153, 0.000177706533577, -0.000472608604468, -2.85862388409e-05, -0.00616013398394, 0.00458686938509, -0.00614693481475, 0.00376938376576], [-0.000437007925939, 0.00461550382897, -0.000921878265217, 0.000967410451267, -0.00617174059153, 0.0172599758953, -0.00594365270808, 0.00118058628868, 0.000578460865654, 0.000886526831891, -0.00477329688147, 0.00681097060442, -0.0041692443192], [0.00073234224692, -0.0025214003399, -0.000468299200293, 0.000124018217321, 0.000177706533577, -0.00594365270808, 0.0175035335124, -0.00732041662559, -0.00244407495484, 0.00556173827499, -0.00251255836338, -0.00373385823332, 0.00343111902475], [-0.000996853457764, 0.00683481013402, -0.0030650801491, 0.00198103534058, -0.000472608604468, 0.00118058628868, -0.00732041662559, 0.0224748682231, -0.00826101843268, -0.000214540719753, 0.00283695640974, 0.00431344145909, -0.00623046932742], [0.000279700499959, -0.00298799015582, 0.00319404900074, -0.00329280341975, -2.85862388409e-05, 0.000578460865654, -0.00244407495484, -0.00826101843268, 0.0234409980476, -0.0103933690116, -0.00106967869215, 0.00487646553665, -0.00406573014334], [0.000418224721216, 0.00958180334419, -0.00418535387143, 0.00612877774984, -0.00616013398394, 0.000886526831891, 0.00556173827499, -0.000214540719753, -0.0103933690116, 0.0298694912344, -0.0121854115278, -0.0012213102309, 0.00571082672104], [0.00127647107001, -0.00929964520037, 0.00485351402313, -0.0070202127099, 0.00458686938509, -0.00477329688147, -0.00251255836338, 0.00283695640974, -0.00106967869215, -0.0121854115278, 0.0256464332342, -0.00922717154026, -0.00178353302181], [-0.00125884427689, 0.0117465229705, -0.00331214419566, 0.00574708171189, -0.00614693481475, 0.00681097060442, -0.00373385823332, 0.00431344145909, 0.00487646553665, -0.0012213102309, -0.00922717154026, 0.0267241839319, -0.0100237838924], [0.00152838800568, -0.00791600625962, 0.00335304881446, -0.00214181933552, 0.00376938376576, -0.0041692443192, 0.00343111902475, -0.00623046932742, -0.00406573014334, 0.00571082672104, -0.00178353302181, -0.0100237838924, 0.0255245044827]]
    },
    "melbands": {
        "dmean": [0.00440953299403, 0.00178853201214, 0.00081731704995, 0.000410952343373, 0.000515050080139, 0.000249744742177, 0.000256507191807, 0.000185312848771, 0.00036929329508, 0.000269891956123, 0.000155143919983, 6.79793593008e-05, 1.56540554599e-05, 1.43527113323e-05, 1.26708600874e-05, 1.10052624223e-05, 9.68952372205e-06, 5.58211104362e-06, 2.5583765364e-06, 1.94919516616e-06, 2.13091698242e-06, 1.54416943587e-06, 1.0846791838e-06, 9.285078022e-07, 7.15800069884e-07, 4.81035385747e-07, 4.73774264265e-07, 3.2289523233e-07, 2.48667618052e-07, 2.95340072398e-07, 3.02388116324e-07, 3.44296523735e-07, 3.22085128346e-07, 2.22687276619e-07, 1.63714446444e-07, 1.36340631229e-07, 9.09874344757e-08, 6.7589077446e-08, 5.73281333516e-08, 3.89577792248e-08],
        "dmean2": [0.0063961725682, 0.00279036024585, 0.00150305079296, 0.000672530266456, 0.000734396511689, 0.000386696803616, 0.000384792714613, 0.000284707261017, 0.000571281590965, 0.000381867372198, 0.000224246061407, 0.00010682559514, 2.62859921349e-05, 2.40670306084e-05, 2.11307542486e-05, 1.84134423762e-05, 1.55582001753e-05, 9.26612847252e-06, 4.2617816689e-06, 3.33222919835e-06, 3.73611374016e-06, 2.77594085674e-06, 1.895139917e-06, 1.61981165547e-06, 1.22938638469e-06, 8.45617535106e-07, 8.11913082543e-07, 5.1852003935e-07, 4.17975769551e-07, 4.98491715462e-07, 5.12137091846e-07, 5.80071628065e-07, 5.42891939403e-07, 3.61883621736e-07, 2.73852521104e-07, 2.23355627327e-07, 1.51993333475e-07, 1.1251148635e-07, 9.44044842299e-08, 6.36650625552e-08],
        "dvar": [5.57999592274e-05, 7.76336764829e-06, 3.33802086061e-06, 1.41155999245e-06, 4.25564365969e-07, 1.94951226717e-07, 1.82526520121e-07, 6.74600357797e-08, 2.51563818665e-07, 1.88171242144e-07, 1.01755752269e-07, 2.31297843101e-08, 9.38814248563e-10, 9.61365209662e-10, 1.1122683885e-09, 6.04267302862e-10, 3.15065445955e-10, 1.12852095724e-10, 3.66527953821e-11, 2.21380830334e-11, 3.71220207351e-11, 3.88797639916e-11, 8.21488623653e-12, 7.12378333406e-12, 3.65719954321e-12, 2.90096505845e-12, 2.32861364739e-12, 7.53706775811e-13, 3.86060812225e-13, 4.68683468771e-13, 5.19010615735e-13, 1.67966931596e-12, 1.34408814374e-12, 8.53187908777e-13, 2.54776234831e-13, 1.52081811229e-13, 2.7188012719e-14, 1.90538773995e-14, 7.43469108706e-15, 2.92517386148e-15],
        "dvar2": [0.000134908885229, 2.08330402529e-05, 1.00371589724e-05, 3.67060511053e-06, 8.81681216924e-07, 4.45223037104e-07, 3.68060511846e-07, 1.57378664767e-07, 5.9907870309e-07, 3.77520620987e-07, 1.92344359107e-07, 4.77192010351e-08, 2.37765962474e-09, 2.58833088296e-09, 2.93305890686e-09, 1.68409441947e-09, 7.53067441739e-10, 2.87801671384e-10, 9.51685397155e-11, 5.78953239516e-11, 1.01675695641e-10, 1.09420181249e-10, 2.25597162479e-11, 1.94252895019e-11, 1.00121152688e-11, 8.26702335061e-12, 6.41076601526e-12, 1.64672507401e-12, 1.01886901693e-12, 1.16760203936e-12, 1.20452953167e-12, 3.47349080922e-12, 2.92528913419e-12, 2.05038568589e-12, 5.55275335261e-13, 4.23881253448e-13, 7.26299852509e-14, 4.81842552511e-14, 1.84028851457e-14, 6.99417593273e-15],
        "max": [0.11720521003, 0.0363352224231, 0.0146299358457, 0.0229955706745, 0.00929470360279, 0.00695730140433, 0.0106368437409, 0.00480647431687, 0.00785638112575, 0.00612432556227, 0.0051948800683, 0.00494093960151, 0.000392408197513, 0.000340905156918, 0.000397703930503, 0.000320885941619, 0.000406070525059, 0.000162328869919, 7.53647400416e-05, 5.3650685004e-05, 6.70991285006e-05, 7.50445324229e-05, 2.98050745187e-05, 2.77978724625e-05, 2.15755644604e-05, 1.93618361664e-05, 1.82688290806e-05, 2.60252672888e-05, 1.52551656356e-05, 1.01981422631e-05, 1.13340793177e-05, 2.39246364799e-05, 1.9786579287e-05, 1.90361806744e-05, 9.25814492803e-06, 7.90229023551e-06, 1.97782696887e-06, 2.25747407967e-06, 8.74480804214e-07, 6.1456455569e-07],
        "mean": [0.00962582975626, 0.00410670554265, 0.00102291803341, 0.000741545227356, 0.00148448802065, 0.00060429784935, 0.000591795542277, 0.000487397861434, 0.000931820948608, 0.000694606045727, 0.000406500039389, 0.000131166932988, 2.16844491661e-05, 2.06046606763e-05, 1.89506117749e-05, 1.71676929313e-05, 1.80178612936e-05, 9.28181543713e-06, 3.42280304721e-06, 2.29260490414e-06, 2.1073312837e-06, 1.6455480818e-06, 1.31917443014e-06, 1.15014631774e-06, 8.87189912646e-07, 6.45408590572e-07, 6.58690737509e-07, 5.3154252555e-07, 4.33353648077e-07, 5.06833544023e-07, 5.00281487348e-07, 5.31579303242e-07, 4.86345470563e-07, 3.59573050446e-07, 3.07406025968e-07, 2.56361772699e-07, 1.76587164447e-07, 1.34783022077e-07, 1.12889203763e-07, 7.36526359901e-08],
        "median": [0.00756228994578, 0.00318184751086, 0.000535241619218, 0.000266075920081, 0.00105745892506, 0.000334896758432, 0.000381160527468, 0.000324870896293, 0.000618353427853, 0.000361687358236, 0.000144571182318, 5.73015568079e-05, 9.74748945737e-06, 1.02850372059e-05, 9.72213638306e-06, 8.6217542048e-06, 9.91119031823e-06, 4.53877055406e-06, 1.92157108359e-06, 1.13645455713e-06, 8.48874947224e-07, 7.81767425906e-07, 7.34996149276e-07, 6.44872898192e-07, 4.40477862185e-07, 3.82737908922e-07, 3.45800657442e-07, 2.84115117211e-07, 2.7756362897e-07, 3.24303783827e-07, 3.10541679482e-07, 3.0586230082e-07, 2.70936283187e-07, 2.17067039898e-07, 1.92098625007e-07, 1.83939690146e-07, 1.32820517251e-07, 1.04782415633e-07, 8.27783992463e-08, 5.42310445439e-08],
        "min": [7.45428405935e-05, 3.59265213774e-05, 1.50747991938e-05, 7.02527813701e-06, 1.58212751558e-05, 9.24424602999e-06, 1.89544280147e-05, 1.9722381694e-05, 1.32591831061e-05, 8.09578341432e-06, 6.98402845956e-06, 1.61692514666e-06, 5.77328250984e-07, 5.39202687833e-07, 4.83435712795e-07, 3.91615998296e-07, 3.37997136057e-07, 3.43174860973e-07, 1.10641536821e-07, 8.35364204477e-08, 1.05418209273e-07, 1.2651193515e-07, 9.70190114913e-08, 7.87450957773e-08, 9.022294023e-08, 5.70328673177e-08, 4.4451009984e-08, 2.85714474302e-08, 3.4265315918e-08, 7.05558846903e-08, 6.08612822361e-08, 6.06650516488e-08, 3.4870783594e-08, 2.63302553094e-08, 1.57010635604e-08, 1.49788998982e-08, 9.62878488053e-09, 1.54107948624e-09, 2.21183804605e-09, 9.91274493045e-11],
