{
"highlevel": {
    "danceability": {
        "all": {
            "danceable": 0.491282343864,
            "not_danceable": 0.508717656136
        },
        "probability": 0.508717656136,
        "value": "not_danceable"
    },
    "gender": {
        "all": {
            "female": 0.861181259155,
            "male": 0.138818711042
        },
        "probability": 0.861181259155,
        "value": "female"
    },
    "genre_dortmund": {
        "all": {
            "alternative": 0.0283868201077,
            "blues": 0.0108606219292,
            "electronic": 0.0993995591998,
            "folkcountry": 0.0364592932165,
            "funksoulrnb": 0.0619381926954,
            "jazz": 0.32329377532,
            "pop": 0.0724729299545,
            "raphiphop": 0.345538586378,
            "rock": 0.0216502193362
        },
        "probability": 0.345538586378,
        "value": "raphiphop"
    },
    "genre_electronic": {
        "all": {
            "ambient": 0.902699232101,
            "dnb": 0.0123274298385,
            "house": 0.069261841476,
            "techno": 0.00760983116925,
            "trance": 0.00810164213181
        },
        "probability": 0.902699232101,
        "value": "ambient"
    },
    "genre_rosamerica": {
        "all": {
            "cla": 0.018386118114,
            "dan": 0.0447311736643,
            "hip": 0.057564355433,
            "jaz": 0.0275094695389,
            "pop": 0.264627039433,
            "rhy": 0.547456383705,
            "roc": 0.00959367025644,
            "spe": 0.0301317721605
        },
        "probability": 0.547456383705,
        "value": "rhy"
    },
    "genre_tzanetakis": {
        "all": {
            "blu": 0.0457140915096,
            "cla": 0.0639867335558,
            "cou": 0.0639747679234,
            "dis": 0.0533076897264,
            "hip": 0.0533068925142,
            "jaz": 0.159922450781,
            "met": 0.0533106848598,
            "pop": 0.106623336673,
            "reg": 0.0799703970551,
            "roc": 0.319882959127
        },
        "probability": 0.319882959127,
        "value": "roc"
    },
    "ismir04_rhythm": {
        "all": {
            "ChaChaCha": 0.100820496678,
            "Jive": 0.00603594677523,
            "Quickstep": 0.0101850405335,
            "Rumba-American": 0.0297251734883,
            "Rumba-International": 0.668134510517,
            "Rumba-Misc": 0.0505012646317,
            "Samba": 0.0368611067533,
            "Tango": 0.0138418516144,
            "VienneseWaltz": 0.0717077329755,
            "Waltz": 0.0121868569404
        },
        "probability": 0.668134510517,
        "value": "Rumba-International"
    },
    "mood_acoustic": {
        "all": {
            "acoustic": 0.248463585973,
            "not_acoustic": 0.751536428928
        },
        "probability": 0.751536428928,
        "value": "not_acoustic"
    },
    "mood_aggressive": {
        "all": {
            "aggressive": 0.130033716559,
            "not_aggressive": 0.869966268539
        },
        "probability": 0.869966268539,
        "value": "not_aggressive"
    },
    "mood_electronic": {
        "all": {
            "electronic": 0.897405385971,
            "not_electronic": 0.102594584227
        },
        "probability": 0.897405385971,
        "value": "electronic"
    },
    "mood_happy": {
        "all": {
            "happy": 0.0571966096759,
            "not_happy": 0.942803382874
        },
        "probability": 0.942803382874,
        "value": "not_happy"
    },
    "mood_party": {
        "all": {
            "not_party": 0.956456243992,
            "party": 0.0435437522829
        },
        "probability": 0.956456243992,
        "value": "not_party"
    },
    "mood_relaxed": {
        "all": {
            "not_relaxed": 0.00872360542417,
            "relaxed": 0.9912763834
        },
        "probability": 0.9912763834,
        "value": "relaxed"
    },
    "mood_sad": {
        "all": {
            "not_sad": 0.0861035734415,
            "sad": 0.91389644146
        },
        "probability": 0.91389644146,
        "value": "sad"
    },
    "moods_mirex": {
        "all": {
            "Cluster1": 0.22624361515,
            "Cluster2": 0.294234901667,
            "Cluster3": 0.264974176884,
            "Cluster4": 0.149224281311,
            "Cluster5": 0.065323010087
        },
        "probability": 0.294234901667,
        "value": "Cluster2"
    },
    "timbre": {
        "all": {
            "bright": 0.0108649116009,
            "dark": 0.989135086536
        },
        "probability": 0.989135086536,
        "value": "dark"
    },
    "tonal_atonal": {
        "all": {
            "atonal": 0.32361677289,
            "tonal": 0.676383256912
        },
        "probability": 0.676383256912,
        "value": "tonal"
    },
    "voice_instrumental": {
        "all": {
            "instrumental": 0.602551162243,
            "voice": 0.397448807955
        },
        "probability": 0.602551162243,
        "value": "instrumental"
    }
},
"lowlevel": {
    "average_loudness": 0.912112474442,
    "barkbands_crest": {
        "dmean": 3.21211361885,
        "dmean2": 5.19967031479,
        "dvar": 7.78696632385,
        "dvar2": 18.878786087,
        "max": 25.5606975555,
        "mean": 13.8611211777,
        "median": 13.7550554276,
        "min": 3.00800442696,
        "var": 19.174665451
    },
    "barkbands_flatness_db": {
        "dmean": 0.0373014993966,
        "dmean2": 0.0558212585747,
        "dvar": 0.00124064111151,
        "dvar2": 0.00265072984621,
        "max": 0.562761843204,
        "mean": 0.28672349453,
        "median": 0.259675949812,
        "min": 0.044892705977,
        "var": 0.0109508708119
    },
    "barkbands_kurtosis": {
        "dmean": 8.05802345276,
        "dmean2": 12.6403274536,
        "dvar": 90.0300216675,
        "dvar2": 214.322601318,
        "max": 106.34450531,
        "mean": 13.2050647736,
        "median": 9.86888504028,
        "min": -1.86418139935,
        "var": 166.440032959
    },
    "barkbands_skewness": {
        "dmean": 0.95150244236,
        "dmean2": 1.48706114292,
        "dvar": 0.739959657192,
        "dvar2": 1.72102427483,
        "max": 8.45834827423,
        "mean": 2.67463231087,
        "median": 2.57625842094,
        "min": -1.45390403271,
        "var": 1.82706332207
    },
    "barkbands_spread": {
        "dmean": 4.67000818253,
        "dmean2": 7.16278171539,
        "dvar": 79.3571548462,
        "dvar2": 184.171081543,
        "max": 95.6026687622,
        "mean": 8.78921699524,
        "median": 5.69411468506,
        "min": 0.656111955643,
        "var": 106.433631897
    },
    "dissonance": {
        "dmean": 0.0477825962007,
        "dmean2": 0.0772509351373,
        "dvar": 0.00164671521634,
        "dvar2": 0.00436749123037,
        "max": 0.49784976244,
        "mean": 0.384215116501,
        "median": 0.395110011101,
        "min": 0.113297767937,
        "var": 0.00469300104305
    },
    "dynamic_complexity": 3.67401170731,
    "erbbands_crest": {
        "dmean": 3.32666134834,
        "dmean2": 5.3625998497,
        "dvar": 9.21349048615,
        "dvar2": 19.8538627625,
        "max": 31.072511673,
        "mean": 12.6007070541,
        "median": 11.6362094879,
        "min": 3.4995777607,
        "var": 29.9087028503
    },
    "erbbands_flatness_db": {
        "dmean": 0.0321927033365,
        "dmean2": 0.0460828430951,
        "dvar": 0.000956876727287,
        "dvar2": 0.00189715775196,
        "max": 0.55751055479,
        "mean": 0.252182364464,
        "median": 0.208775237203,
        "min": 0.058029640466,
        "var": 0.0174041837454
    },
    "erbbands_kurtosis": {
        "dmean": 3.39926338196,
        "dmean2": 5.29946613312,
        "dvar": 13.2430019379,
        "dvar2": 30.3871688843,
        "max": 33.7966194153,
        "mean": 4.88065719604,
        "median": 3.64118289948,
        "min": -1.84765923023,
        "var": 29.9633655548
    },
    "erbbands_skewness": {
        "dmean": 0.643981277943,
        "dmean2": 0.982032477856,
        "dvar": 0.292704969645,
        "dvar2": 0.6889564991,
        "max": 4.70363950729,
        "mean": 1.53733706474,
        "median": 1.53041946888,
        "min": -1.25560152531,
        "var": 0.794088721275
    },
    "erbbands_spread": {
        "dmean": 11.5178489685,
        "dmean2": 17.1550922394,
        "dvar": 329.077575684,
        "dvar2": 692.934631348,
        "max": 166.227020264,
        "mean": 25.2844467163,
        "median": 16.1184501648,
        "min": 1.480235219,
        "var": 639.407653809
    },
    "hfc": {
        "dmean": 10.4603881836,
        "dmean2": 17.0525341034,
        "dvar": 459.045196533,
        "dvar2": 1159.85131836,
        "max": 172.141647339,
        "mean": 16.5252685547,
        "median": 10.3936195374,
        "min": 0.254901409149,
        "var": 484.722045898
    },
    "melbands_crest": {
        "dmean": 3.58414959908,
        "dmean2": 5.59676074982,
        "dvar": 9.61476039886,
        "dvar2": 23.4543628693,
        "max": 33.3693084717,
        "mean": 17.6384468079,
        "median": 17.4538345337,
        "min": 5.21927976608,
        "var": 25.7484207153
    },
    "melbands_flatness_db": {
        "dmean": 0.0418464615941,
        "dmean2": 0.0613823495805,
        "dvar": 0.00165691040456,
        "dvar2": 0.00349197606556,
        "max": 0.639860510826,
        "mean": 0.364329457283,
        "median": 0.342783004045,
        "min": 0.0857316553593,
        "var": 0.0120961405337
    },
    "melbands_kurtosis": {
        "dmean": 13.9035577774,
        "dmean2": 21.9047679901,
        "dvar": 462.163299561,
        "dvar2": 1027.0657959,
        "max": 286.390136719,
        "mean": 21.7207813263,
        "median": 13.4275665283,
        "min": -0.90255522728,
        "var": 850.90045166
    },
    "melbands_skewness": {
        "dmean": 1.12277972698,
        "dmean2": 1.74075937271,
        "dvar": 1.4605127573,
        "dvar2": 3.30552816391,
        "max": 13.4921121597,
        "mean": 3.02578854561,
        "median": 2.7602622509,
        "min": -0.779989898205,
        "var": 3.51476144791
    },
    "melbands_spread": {
        "dmean": 3.45398712158,
        "dmean2": 5.49843931198,
        "dvar": 63.5623168945,
        "dvar2": 163.423309326,
        "max": 125.451751709,
        "mean": 7.43677043915,
        "median": 5.90658521652,
        "min": 0.766040921211,
        "var": 63.8103141785
    },
    "pitch_salience": {
        "dmean": 0.09001878649,
        "dmean2": 0.143532365561,
        "dvar": 0.00687245232984,
        "dvar2": 0.0161999352276,
        "max": 0.832728505135,
        "mean": 0.478619486094,
        "median": 0.473607629538,
        "min": 0.133976534009,
        "var": 0.0162887517363
    },
    "silence_rate_20dB": {
        "dmean": 0,
        "dmean2": 0,
        "dvar": 0,
        "dvar2": 0,
        "max": 1,
        "mean": 1,
        "median": 1,
        "min": 1,
        "var": 0
    },
    "silence_rate_30dB": {
        "dmean": 0.0588235296309,
        "dmean2": 0.117738187313,
        "dvar": 0.0553645454347,
        "dvar2": 0.128659963608,
        "max": 1,
        "mean": 0.93348801136,
        "median": 1,
        "min": 0,
        "var": 0.0620887316763
    },
    "silence_rate_60dB": {
        "dmean": 0.0565015487373,
        "dmean2": 0.113090626895,
        "dvar": 0.0533091723919,
        "dvar2": 0.118890941143,
        "max": 1,
        "mean": 0.131477192044,
        "median": 0,
        "min": 0,
        "var": 0.114191204309
    },
    "spectral_centroid": {
        "dmean": 126.694900513,
        "dmean2": 191.840515137,
        "dvar": 44320.6523438,
        "dvar2": 92963.3359375,
        "max": 2999.15673828,
        "mean": 552.834411621,
        "median": 485.852020264,
        "min": 156.709716797,
        "var": 73636.9921875
    },
    "spectral_complexity": {
        "dmean": 2.58978319168,
        "dmean2": 3.96049571037,
        "dvar": 24.5561103821,
        "dvar2": 46.5165863037,
        "max": 52,
        "mean": 10.1817474365,
        "median": 9,
        "min": 1,
        "var": 50.9593963623
    },
    "spectral_decrease": {
        "dmean": 4.65588145815e-09,
        "dmean2": 7.4587882537e-09,
        "dvar": 5.20811277073e-17,
        "dvar2": 1.25439173802e-16,
        "max": -1.1910417097e-10,
        "mean": -1.16629834679e-08,
        "median": -8.50079651116e-09,
        "min": -6.83364049792e-08,
        "var": 1.23527791017e-16
    },
    "spectral_energy": {
        "dmean": 0.0182297434658,
        "dmean2": 0.0292663667351,
        "dvar": 0.000793098821305,
        "dvar2": 0.00191440235358,
        "max": 0.262498617172,
        "mean": 0.045517668128,
        "median": 0.0334328487515,
        "min": 0.000472647108836,
        "var": 0.00185837200843
    },
    "spectral_energyband_high": {
        "dmean": 0.000616791890934,
        "dmean2": 0.000984009937383,
        "dvar": 2.05344485948e-06,
        "dvar2": 5.07761978952e-06,
        "max": 0.0132679315284,
        "mean": 0.000568552874029,
        "median": 7.72942512413e-05,
        "min": 3.845487484e-09,
        "var": 2.00791760108e-06
    },
    "spectral_energyband_low": {
        "dmean": 0.0128543842584,
        "dmean2": 0.0204077828676,
        "dvar": 0.000554439378902,
        "dvar2": 0.00128961261362,
        "max": 0.243705362082,
        "mean": 0.0261708050966,
        "median": 0.00939416885376,
        "min": 5.77256642487e-09,
        "var": 0.00112830335274
    },
    "spectral_energyband_middle_high": {
        "dmean": 0.00136218033731,
        "dmean2": 0.00219412194565,
        "dvar": 2.39782439166e-05,
        "dvar2": 5.9684869484e-05,
        "max": 0.0452049188316,
        "mean": 0.00170093029737,
        "median": 0.000646638218313,
        "min": 2.13866151171e-05,
        "var": 2.04677689908e-05
    },
    "spectral_energyband_middle_low": {
        "dmean": 0.00841837562621,
        "dmean2": 0.0141721554101,
        "dvar": 0.000289071904263,
        "dvar2": 0.00079676421592,
        "max": 0.193958893418,
        "mean": 0.0181818623096,
        "median": 0.0138016538695,
        "min": 0.000335564574925,
        "var": 0.000335145392455
    },
    "spectral_entropy": {
        "dmean": 0.365466237068,
        "dmean2": 0.531241595745,
        "dvar": 0.140715703368,
        "dvar2": 0.302919983864,
        "max": 8.6724653244,
        "mean": 6.46207475662,
        "median": 6.52557182312,
        "min": 4.28798484802,
        "var": 0.78624778986
    },
    "spectral_flux": {
        "dmean": 0.0420181713998,
        "dmean2": 0.0668806657195,
        "dvar": 0.0028201516252,
        "dvar2": 0.00637212768197,
        "max": 0.456151455641,
        "mean": 0.0928486958146,
        "median": 0.0685725286603,
        "min": 0.00691012153402,
        "var": 0.00571548985317
    },
    "spectral_kurtosis": {
        "dmean": 11.4174203873,
        "dmean2": 18.6706199646,
        "dvar": 403.634552002,
        "dvar2": 1151.65905762,
        "max": 247.81867981,
        "mean": 37.1110343933,
        "median": 10.4176845551,
        "min": -1.37187385559,
        "var": 3320.37475586
    },
    "spectral_rms": {
        "dmean": 0.00121688237414,
        "dmean2": 0.00192086503375,
        "dvar": 2.52323502536e-06,
        "dvar2": 5.88772900301e-06,
        "max": 0.0160030070692,
        "mean": 0.00580650195479,
        "median": 0.00571116572246,
        "min": 0.000679057557136,
        "var": 1.06920333565e-05
    },
    "spectral_rolloff": {
        "dmean": 329.663635254,
        "dmean2": 596.526306152,
        "dvar": 1584204.125,
        "dvar2": 4228536.5,
        "max": 13975.0488281,
        "mean": 637.65234375,
        "median": 495.263671875,
        "min": 64.599609375,
        "var": 1149670.5
    },
    "spectral_skewness": {
        "dmean": 0.833185255527,
        "dmean2": 1.3027433157,
        "dvar": 0.959132254124,
        "dvar2": 2.74490070343,
        "max": 12.7856311798,
        "mean": 3.85882091522,
        "median": 2.87409305573,
        "min": 0.0612221769989,
        "var": 7.6530122757
    },
    "spectral_spread": {
        "dmean": 1263653.5,
        "dmean2": 1794721.25,
        "dvar": 3.23978867507e+12,
        "dvar2": 6.52200116224e+12,
        "max": 22891428,
        "mean": 4290209.5,
        "median": 3895796.25,
        "min": 299460.3125,
        "var": 9.28286192435e+12
    },
    "spectral_strongpeak": {
        "dmean": 0.331526905298,
        "dmean2": 0.569218635559,
        "dvar": 0.265067964792,
        "dvar2": 0.702739715576,
        "max": 5.77474927902,
        "mean": 0.695493161678,
        "median": 0.528486549854,
        "min": 0.0549962855875,
        "var": 0.353600770235
    },
    "zerocrossingrate": {
        "dmean": 0.0104039432481,
        "dmean2": 0.0126790488139,
        "dvar": 0.00028507510433,
        "dvar2": 0.000385440391256,
        "max": 0.28271484375,
        "mean": 0.0330875702202,
        "median": 0.02490234375,
        "min": 0.00439453125,
        "var": 0.000753720581997
    },
    "barkbands": {
        "dmean": [0.000478124042274, 0.0102125527337, 0.00341581553221, 0.00235079065897, 0.00262123392895, 0.00258834194392, 0.00213412940502, 0.000981820747256, 0.0008196644485, 0.000383075297577, 0.00019269825134, 0.000321608211379, 0.000106600055005, 0.000103825594124, 0.000163669203175, 9.03902910068e-05, 0.0001128714066, 8.42096414999e-05, 7.51737607061e-05, 5.62523746339e-05, 3.44111285813e-05, 3.52898896381e-05, 9.00087397895e-05, 0.000141176846228, 0.000113571797556, 0.000206548196729, 1.15130101008e-08],
        "dmean2": [0.000719289120752, 0.0160788614303, 0.0060056145303, 0.00430700648576, 0.0044723120518, 0.00416016345844, 0.00332499668002, 0.00151122733951, 0.00127711566165, 0.000631138973404, 0.000308610964566, 0.000542857102118, 0.000181338531547, 0.000160484749358, 0.000264516565949, 0.000141031719977, 0.000197180823307, 0.000135436624987, 0.000129671461764, 9.44839921431e-05, 5.29031858605e-05, 5.51054217794e-05, 0.000144998251926, 0.000228954551858, 0.000186384320841, 0.000342142273439, 2.05647623375e-08],
        "dvar": [8.27171390938e-07, 0.000346401706338, 8.80161824171e-05, 5.0277383707e-05, 7.50182734919e-05, 2.20959736907e-05, 2.43335780397e-05, 7.43302553019e-06, 1.78919856353e-06, 9.51045137754e-07, 4.18735766061e-07, 1.94986000679e-06, 1.39566679991e-07, 5.87343791381e-08, 2.39350214315e-07, 7.99412021024e-08, 2.2201326999e-07, 1.1903819086e-07, 8.07427795735e-08, 4.67902765422e-08, 8.56987281139e-09, 6.1925464756e-09, 5.294982941e-08, 1.45464127854e-07, 7.93711336655e-08, 3.07613532868e-07, 7.94421020395e-15],
        "dvar2": [1.71531041815e-06, 0.000818911241367, 0.000246469513513, 0.00014574607485, 0.000214461004362, 5.63274516026e-05, 5.14954008395e-05, 1.82639723789e-05, 4.29072088082e-06, 2.45694491241e-06, 9.5451184734e-07, 5.04733043272e-06, 3.76885111564e-07, 1.37668152433e-07, 5.81426490953e-07, 1.77517108568e-07, 6.11466475675e-07, 2.87350957251e-07, 2.15153733052e-07, 1.1907169295e-07, 1.88998257045e-08, 1.36775621939e-08, 1.04802602152e-07, 3.36754084174e-07, 2.01092817065e-07, 8.18660055302e-07, 1.84193853475e-14],
        "max": [0.011661188677, 0.188733309507, 0.137743130326, 0.0746948048472, 0.1098119542, 0.0739918649197, 0.0831052735448, 0.0414326153696, 0.0177892223001, 0.0102873984724, 0.00697997864336, 0.0142115410417, 0.00398384639993, 0.0030962638557, 0.00457722321153, 0.0031378637068, 0.00482760556042, 0.00397618534043, 0.00299998465925, 0.00206621969119, 0.000833402853459, 0.000758081441745, 0.00384261086583, 0.00739016477019, 0.00247827894054, 0.00544940633699, 1.78021787178e-06],
        "mean": [0.00090407137759, 0.0198866631836, 0.00437069591135, 0.00212121941149, 0.0042724236846, 0.00496537005529, 0.00353451282717, 0.00154297996778, 0.00152556889225, 0.000549516698811, 0.000205500953598, 0.000259133405052, 0.000107375970401, 0.000147701604874, 0.000182562478585, 0.000104902857856, 0.000103603946627, 7.352137618e-05, 6.11344585195e-05, 4.78620640934e-05, 3.34813412337e-05, 3.90480854549e-05, 9.81524062809e-05, 0.000123337667901, 0.000101655685285, 0.000155674715643, 7.74138264603e-09],
        "median": [8.63240129547e-05, 0.00472818640992, 0.000257818639511, 0.000464693934191, 0.00241891108453, 0.00343550927937, 0.00128025771119, 0.00055197335314, 0.000815112609416, 0.000283494067844, 3.6550576624e-05, 3.2574414945e-05, 1.81028881343e-05, 2.71314238489e-05, 1.36903090606e-05, 8.98485086509e-06, 1.23595018522e-05, 3.98032898374e-06, 6.3100656007e-06, 5.19642526342e-06, 4.30841464549e-06, 7.43938790038e-06, 1.39936773849e-05, 1.09603824967e-05, 1.58833081514e-05, 2.10133862311e-06, 4.05809774673e-10],
        "min": [2.28412948278e-11, 5.69882918633e-10, 8.77599881655e-10, 4.4681049971e-09, 1.16758428703e-07, 6.7265218604e-06, 1.85610660992e-05, 2.81822622128e-06, 1.59432454439e-06, 1.9974334009e-06, 1.94471027726e-07, 5.20935685699e-08, 8.93607392527e-08, 1.20192979125e-07, 1.28944094513e-07, 1.75882561848e-08, 8.28458812663e-09, 2.43161446534e-09, 1.00364672129e-09, 8.44425196433e-10, 8.77596828541e-10, 5.8918242507e-10, 4.72379579897e-10, 1.94968971523e-10, 8.71242054196e-12, 1.04247383295e-11, 1.49766015561e-11],
        "var": [2.93502102977e-06, 0.000684699974954, 7.05873753759e-05, 3.20420331263e-05, 5.80415617151e-05, 3.47498062183e-05, 4.47927668574e-05, 1.34366882776e-05, 4.58427348349e-06, 9.52073492044e-07, 3.96484921339e-07, 1.41420150612e-06, 1.07274246375e-07, 1.07321490361e-07, 2.44714868813e-07, 8.74318359934e-08, 1.57856362648e-07, 1.05244232884e-07, 5.97659735035e-08, 3.70696717766e-08, 9.08943764699e-09, 7.58962581671e-09, 9.63507602592e-08, 1.54053310553e-07, 7.10276921723e-08, 2.35817864791e-07, 5.48037601357e-15]
    },
    "erbbands": {
        "dmean": [0.312034159899, 2.3054869175, 4.17570304871, 5.8602848053, 8.74479866028, 9.05319881439, 10.1204547882, 25.7046909332, 30.6442832947, 31.3787059784, 17.9824810028, 16.6125049591, 16.7727336884, 8.19488048553, 13.4795131683, 9.36055755615, 5.78671312332, 5.3784828186, 7.06926631927, 7.02946996689, 5.19643831253, 6.84636592865, 5.31187534332, 3.77198672295, 3.43667054176, 2.588347435, 1.49976944923, 1.4641225338, 1.06077563763, 1.93910622597, 2.67484068871, 3.14869070053, 2.24283027649, 1.22702813148, 0.867813646793, 0.74833959341, 0.50371992588, 0.031998116523, 0.00059977703495, 4.65302437078e-05],
        "dmean2": [0.475928992033, 3.70009922981, 7.25036621094, 10.5317640305, 15.6046457291, 15.1293115616, 15.6262235641, 41.5495300293, 49.4944343567, 47.0715713501, 27.1638507843, 26.1754970551, 25.7233734131, 13.2366247177, 21.5860023499, 15.8501253128, 9.94363975525, 8.51995944977, 10.8816957474, 11.4596347809, 8.22864532471, 11.9533462524, 8.54557800293, 6.54715776443, 5.82511425018, 4.3309545517, 2.35117459297, 2.30986833572, 1.62522017956, 3.03330111504, 4.25304174423, 4.97286605835, 3.76554894447, 2.03069329262, 1.43163847923, 1.21152031422, 0.875599265099, 0.0544248558581, 0.00101619854104, 7.63596835895e-05],
        "dvar": [0.292672306299, 20.866186142, 118.77091217, 238.829376221, 1035.6262207, 712.501037598, 281.88079834, 2604.62890625, 6470.72998047, 6455.4609375, 2401.22583008, 914.724487305, 951.787902832, 336.344787598, 3056.27587891, 1469.68798828, 536.171325684, 168.237609863, 332.915100098, 568.410888672, 310.455749512, 917.542114258, 486.691894531, 235.973129272, 157.258895874, 99.7902374268, 22.9852333069, 15.5521068573, 5.92726230621, 18.7574291229, 48.9194946289, 82.7712020874, 34.2263793945, 9.34436988831, 4.81876134872, 3.81477427483, 2.02956986427, 0.0077050505206, 2.64806544692e-06, 8.9195744124e-09],
        "dvar2": [0.6126075387, 50.931842804, 320.825073242, 677.303039551, 3002.13037109, 1988.47692871, 630.836730957, 6563.44287109, 15342.5732422, 14144.9941406, 5021.55810547, 2297.18334961, 2145.16210938, 870.091491699, 7365.75927734, 3821.54296875, 1454.8359375, 406.926025391, 742.036254883, 1443.015625, 712.815368652, 2508.3605957, 1185.08776855, 648.522155762, 401.670227051, 257.689605713, 52.7812919617, 37.3566589355, 12.9792528152, 39.9456138611, 100.388038635, 176.6824646, 87.7328567505, 23.4994525909, 12.2300233841, 9.87941169739, 5.50580024719, 0.0205331090838, 7.06901482772e-06, 2.35349713051e-08],
        "max": [4.89572715759, 50.5391578674, 138.264160156, 135.65574646, 432.500701904, 296.941711426, 285.571960449, 819.325195312, 1331.14660645, 1889.57543945, 661.508666992, 379.841033936, 390.99206543, 203.144989014, 611.007202148, 372.902923584, 245.831436157, 150.669021606, 217.928771973, 263.215332031, 210.983078003, 308.281158447, 242.616394043, 154.756164551, 142.941055298, 107.721611023, 46.1602706909, 39.1834220886, 24.517457962, 72.0011978149, 112.232574463, 217.382156372, 73.6931533813, 33.6861801147, 16.3517932892, 19.8076667786, 13.8062400818, 0.7128662467, 0.0139298886061, 0.000933531846385],
        "mean": [0.656952679157, 4.04423141479, 5.85930538177, 6.15835237503, 9.44394207001, 15.2745656967, 23.5760860443, 46.444984436, 50.2236061096, 54.7772789001, 29.7284317017, 29.6313858032, 30.4845466614, 12.6991157532, 12.6045913696, 8.12620258331, 5.43574571609, 7.68200016022, 9.01588439941, 7.70319652557, 6.11379241943, 6.15353775024, 4.69102716446, 2.89785885811, 3.06161856651, 2.19163274765, 1.34155702591, 1.41988837719, 1.22942185402, 1.98774385452, 3.00234007835, 2.94360589981, 1.81665563583, 1.13951802254, 0.737051129341, 0.631650328636, 0.346213936806, 0.0233269035816, 0.000454669381725, 7.25119534764e-05],
        "median": [0.173661097884, 0.655805289745, 0.577929496765, 1.71125078201, 3.10416865349, 8.47707462311, 17.9139842987, 27.0888595581, 20.8951835632, 24.0089187622, 10.3557834625, 15.7635536194, 16.3656654358, 6.29994726181, 2.00450778008, 1.45211684704, 1.09584736824, 1.81872618198, 0.949702382088, 0.625853717327, 0.689212799072, 0.657729506493, 0.265877246857, 0.246763452888, 0.362506061792, 0.257293015718, 0.140081346035, 0.198203742504, 0.249411657453, 0.31036773324, 0.408588856459, 0.284885674715, 0.143054917455, 0.182563394308, 0.0884600505233, 0.0158472321928, 0.00315868854523, 0.000140242773341, 3.05362227664e-05, 4.24906502303e-05],
        "min": [1.1293688118e-07, 9.08530807919e-07, 5.07126378579e-06, 5.57061066502e-05, 0.000277084414847, 0.00136055599432, 0.01645122841, 0.125575244427, 0.254878520966, 0.296456068754, 0.0632532089949, 0.0803125053644, 0.0991789400578, 0.063702121377, 0.0316453352571, 0.00777654116973, 0.00491954851896, 0.013865574263, 0.0190648883581, 0.00834597274661, 0.00206873519346, 0.000616124190856, 0.000234492399613, 8.51329459692e-05, 4.60442206531e-05, 3.73923794541e-05, 3.63810177078e-05, 3.12987722282e-05, 2.11873903027e-05, 1.8057102352e-05, 1.52815973706e-05, 7.68153040553e-06, 2.37201152231e-06, 8.23686548301e-07, 6.14492876139e-07, 4.14837245444e-07, 2.33111720149e-07, 6.0152046899e-08, 2.3504522062e-07, 5.35373771982e-07],
        "var": [0.755058467388, 35.1074142456, 110.740539551, 168.173019409, 643.471679688, 695.896606445, 929.683288574, 3844.59082031, 9607.07226562, 14544.2119141, 4407.41308594, 1946.61230469, 1820.44177246, 389.671539307, 2536.83740234, 1063.89929199, 376.307006836, 264.349273682, 444.768890381, 510.900146484, 315.608551025, 647.220581055, 429.375976562, 162.03137207, 125.97492218, 77.4092559814, 22.1824436188, 14.8025979996, 7.67434453964, 26.2254810333, 90.8437652588, 101.993309021, 29.5611610413, 8.67626953125, 4.14125442505, 3.28549051285, 1.3979126215, 0.00570819946006, 1.96743371816e-06, 9.43570999112e-09]
    },
    "gfcc": {
        "mean": [-90.0322113037, 132.176177979, -87.051651001, -14.2451152802, -78.0785140991, 2.88881611824, -46.7640457153, 6.62230157852, -8.09366989136, 3.99619078636, -8.7552986145, 0.818156003952, -2.8349032402],
        "cov": [[21213.8632812, -5268.67724609, 5813.77685547, 7456.1015625, 377.008972168, 3048.96606445, 156.749786377, 3175.97705078, -1265.50415039, 255.454147339, -1650.78015137, 325.347595215, -372.824462891], [-5268.67724609, 2357.25268555, -1389.8359375, -1633.91955566, 277.292358398, -581.26751709, 171.661270142, -793.25177002, 557.749755859, -38.2220954895, 551.596435547, -191.882507324, 225.042297363], [5813.77685547, -1389.8359375, 3101.83203125, 2476.32666016, -66.3396530151, 1173.82348633, 282.736785889, 1099.15307617, -425.951873779, 19.712305069, -515.511108398, 152.247055054, -100.309822083], [7456.1015625, -1633.91955566, 2476.32666016, 3364.89672852, 105.429412842, 1243.11193848, 218.940139771, 1255.63427734, -353.594421387, -35.1584091187, -548.630737305, 83.1516571045, 21.9231281281], [377.008972168, 277.292358398, -66.3396530151, 105.429412842, 509.106140137, 100.77129364, 151.716461182, 94.4111709595, 139.907058716, 92.2341537476, 64.0308761597, 29.8824710846, -7.20514154434], [3048.96606445, -581.26751709, 1173.82348633, 1243.11193848, 100.77129364, 757.417297363, 207.874664307, 504.954772949, -125.480484009, 55.7391166687, -195.490631104, 42.2018013, -30.3310604095], [156.749786377, 171.661270142, 282.736785889, 218.940139771, 151.716461182, 207.874664307, 327.481689453, 124.360908508, 46.3553581238, 10.3370933533, 62.896156311, 42.0483932495, 4.37513780594], [3175.97705078, -793.25177002, 1099.15307617, 1255.63427734, 94.4111709595, 504.954772949, 124.360908508, 663.276000977, -150.940246582, 22.1923656464, -266.268157959, 68.9636611938, -42.9954185486], [-1265.50415039, 557.749755859, -425.951873779, -353.594421387, 139.907058716, -125.480484009, 46.3553581238, -150.940246582, 308.76272583, 41.4140853882, 172.387023926, -26.5284957886, 85.0208053589], [255.454147339, -38.2220954895, 19.712305069, -35.1584091187, 92.2341537476, 55.7391166687, 10.3370933533, 22.1923656464, 41.4140853882, 143.31060791, 25.0022602081, 23.7119216919, -28.2411384583], [-1650.78015137, 551.596435547, -515.511108398, -548.630737305, 64.0308761597, -195.490631104, 62.896156311, -266.268157959, 172.387023926, 25.0022602081, 265.175537109, 18.1207580566, 64.0743408203], [325.347595215, -191.882507324, 152.247055054, 83.1516571045, 29.8824710846, 42.2018013, 42.0483932495, 68.9636611938, -26.5284957886, 23.7119216919, 18.1207580566, 147.582626343, 4.20894384384], [-372.824462891, 225.042297363, -100.309822083, 21.9231281281, -7.20514154434, -30.3310604095, 4.37513780594, -42.9954185486, 85.0208053589, -28.2411384583, 64.0743408203, 4.20894384384, 142.547134399]],
        "icov": [[0.000720463285688, 0.000197956731427, 0.000250035634963, -0.000972601468675, -0.00045580038568, -0.000815691484604, 0.000829709519166, -0.000723103352357, 0.000881847459823, -0.00103900523391, 0.000566663860809, -0.000371662608813, 0.000481621100334], [0.000197956731427, 0.00301310606301, -0.000882939901203, 0.000610917049926, -0.00194424029905, 0.000333575473633, -0.00122172397096, 0.00160967139527, -0.00123359984718, 0.00115582556464, -0.00175406993367, 0.00383028574288, -0.00281856372021], [0.000250035634963, -0.000882939901203, 0.001708378084, -0.000873215438332, 0.00102768733632, -0.00136617990211, 0.000285996036837, -0.00149765249807, 0.00103358970955, -0.00097721198108, 0.00131460279226, -0.0020255704876, 0.00134391640313], [-0.000972601468675, 0.000610917049926, -0.000873215438332, 0.00338287628256, -0.000237076601479, -0.000167519392562, -0.000788010424003, -0.000634267984424, -0.00108539278153, 0.00284210476093, -0.00151925254613, 0.00217120349407, -0.0030285238754], [-0.00045580038568, -0.00194424029905, 0.00102768733632, -0.000237076601479, 0.00468878913671, 7.81680864748e-05, -0.000874071381986, -0.00134084024467, -0.00102194468491, -0.0016184176784, 0.000900504470337, -0.0026505922433, 0.00247534574009], [-0.000815691484604, 0.000333575473633, -0.00136617990211, -0.000167519392562, 7.81680864748e-05, 0.00657434528694, -0.00341913569719, 0.00192704307847, -0.00126171170268, -0.00107432366349, -0.00018187367823, 0.00190853478853, -0.000941524514928], [0.000829709519166, -0.00122172397096, 0.000285996036837, -0.000788010424003, -0.000874071381986, -0.00341913569719, 0.00805407762527, -0.00357104442082, 0.00166111870203, 0.000785715295933, -0.0028572648298, -0.0022978046909, 0.00284234317951], [-0.000723103352357, 0.00160967139527, -0.00149765249807, -0.000634267984424, -0.00134084024467, 0.00192704307847, -0.00357104442082, 0.0104083651677, -0.00313432747498, 0.000540097069461, 0.00323635246605, 0.000452676729765, -0.00128919573035], [0.000881847459823, -0.00123359984718, 0.00103358970955, -0.00108539278153, -0.00102194468491, -0.00126171170268, 0.00166111870203, -0.00313432747498, 0.00934654846787, -0.00352769903839, -0.00175299972761, 6.57490672893e-05, -0.00165582098998], [-0.00103900523391, 0.00115582556464, -0.00097721198108, 0.00284210476093, -0.0016184176784, -0.00107432366349, 0.000785715295933, 0.000540097069461, -0.00352769903839, 0.0129637084901, -0.00409845961258, 0.0011266276706, 0.000642816885374], [0.000566663860809, -0.00175406993367, 0.00131460279226, -0.00151925254613, 0.000900504470337, -0.00018187367823, -0.0028572648298, 0.00323635246605, -0.00175299972761, -0.00409845961258, 0.0159696601331, -0.00646817637607, -0.000273056561127], [-0.000371662608813, 0.00383028574288, -0.0020255704876, 0.00217120349407, -0.0026505922433, 0.00190853478853, -0.0022978046909, 0.000452676729765, 6.57490672893e-05, 0.0011266276706, -0.00646817637607, 0.014661447145, -0.00564063945785], [0.000481621100334, -0.00281856372021, 0.00134391640313, -0.0030285238754, 0.00247534574009, -0.000941524514928, 0.00284234317951, -0.00128919573035, -0.00165582098998, 0.000642816885374, -0.000273056561127, -0.00564063945785, 0.0149890193716]]
    },
    "melbands": {
        "dmean": [0.00279499497265, 0.00244725146331, 0.00110667594709, 0.000642914732452, 0.000341986276908, 0.000563184730709, 0.00045821320964, 0.000309892755467, 0.000137442533742, 0.000111176006612, 8.61872758833e-05, 3.56669552275e-05, 3.64200022887e-05, 3.81681165891e-05, 1.65807869053e-05, 1.21737457448e-05, 9.70554629021e-06, 1.09410648292e-05, 1.1615983567e-05, 6.95035168974e-06, 6.26210839982e-06, 7.36243964639e-06, 6.24844187769e-06, 3.16716364068e-06, 3.16836371894e-06, 2.38682446252e-06, 2.47920274887e-06, 1.51536096382e-06, 1.01085640836e-06, 7.85465147146e-07, 8.49826449212e-07, 5.30812485522e-07, 8.76290016549e-07, 1.20048230201e-06, 1.45119372519e-06, 2.03860940928e-06, 1.8410711391e-06, 1.76968899268e-06, 1.05959611574e-06, 1.06816355583e-06],
        "dmean2": [0.004342073109, 0.00405597966164, 0.00198907358572, 0.00112165836617, 0.000534577586222, 0.000912253221031, 0.000735931156669, 0.000468859798275, 0.000209107340197, 0.00017438652867, 0.000132541696075, 5.82846842008e-05, 5.79508196097e-05, 6.3697945734e-05, 2.92658551189e-05, 2.04448042496e-05, 1.54044955707e-05, 1.68890455825e-05, 1.87486693903e-05, 1.11666831799e-05, 9.99779695121e-06, 1.3080593817e-05, 1.01476480268e-05, 5.12642054673e-06, 5.62500963497e-06, 4.07607740271e-06, 4.18122499468e-06, 2.5367555736e-06, 1.62017920502e-06, 1.23231529869e-06, 1.35698496706e-06, 8.17369993911e-07, 1.37391600674e-06, 1.88634010101e-06, 2.32324646277e-06, 3.33428170052e-06, 2.91250194095e-06, 2.97746260003e-06, 1.81900134066e-06, 1.75634920652e-06],
        "dvar": [2.37780568568e-05, 2.99895636999e-05, 9.3704493338e-06, 5.23919061379e-06, 3.60250396625e-07, 1.23747645375e-06, 1.26971951886e-06, 6.38138033082e-07, 1.37757467655e-07, 3.41267032411e-08, 2.5355898714e-08, 6.61653576373e-09, 1.82420496486e-08, 2.76084577422e-08, 4.89874096843e-09, 1.63125091213e-09, 5.36929167794e-10, 7.30326077392e-10, 1.28770516472e-09, 5.23372956085e-10, 4.67376581881e-10, 1.12698983479e-09, 6.74726385874e-10, 1.59885910067e-10, 1.76566303245e-10, 6.83236661692e-11, 8.59705501233e-11, 3.59140980843e-11, 1.19034495802e-11, 4.8470095125e-12, 5.04249723574e-12, 1.52838007007e-12, 3.89911410451e-12, 8.88306442293e-12, 1.77565323556e-11, 3.21817433813e-11, 2.81202543889e-11, 2.22196375882e-11, 7.36581802496e-12, 7.4447097792e-12],
        "dvar2": [5.40791661479e-05, 7.56954177632e-05, 2.66390397883e-05, 1.50550367835e-05, 8.56267718063e-07, 3.16096156894e-06, 2.92065465146e-06, 1.49443246755e-06, 2.8835583521e-07, 8.19520380446e-08, 5.78103929172e-08, 1.75835292993e-08, 4.33830997792e-08, 7.05143037294e-08, 1.31559003691e-08, 4.40917879985e-09, 1.28558674817e-09, 1.58981527942e-09, 3.14525960832e-09, 1.30980548629e-09, 1.0825450536e-09, 3.15681525365e-09, 1.690015905e-09, 3.97336996638e-10, 4.93202978458e-10, 1.71631500678e-10, 2.20242754589e-10, 9.44181746676e-11, 2.81646459627e-11, 1.06158727642e-11, 1.24140151284e-11, 3.31033659685e-12, 9.2030176882e-12, 1.76900525478e-11, 3.61454303988e-11, 6.76509889774e-11, 6.09957223618e-11, 5.70874840455e-11, 1.93992218123e-11, 1.91679797035e-11],
        "max": [0.047577355057, 0.0682020932436, 0.0334374085069, 0.0289705712348, 0.00804123375565, 0.0167431216687, 0.0198514163494, 0.0186641067266, 0.00559755275026, 0.00232525984757, 0.00198754738085, 0.000921500381082, 0.00147989031393, 0.00178568391129, 0.000797699904069, 0.000419829040766, 0.00031120312633, 0.000334561773343, 0.000340094295098, 0.00027651101118, 0.00026045012055, 0.000344371015672, 0.000276003440376, 0.000147229977301, 0.000134908419568, 8.80695297383e-05, 9.70465043793e-05, 6.73609974911e-05, 3.33101706929e-05, 1.97612607735e-05, 2.20653582801e-05, 1.43316310641e-05, 1.90444552572e-05, 6.41483056825e-05, 8.10005367384e-05, 0.000123331177747, 0.000125921025756, 7.12266919436e-05, 2.67061968771e-05, 3.3168704249e-05],
        "mean": [0.00569076044485, 0.0039571528323, 0.0011830534786, 0.000872891978361, 0.000795821193606, 0.00101836980321, 0.000774433719926, 0.000533916230779, 0.000216939632082, 0.000202630602871, 0.000152438238729, 5.13753439009e-05, 3.62442369806e-05, 3.12420161208e-05, 1.37766583066e-05, 1.28674464577e-05, 1.37194329e-05, 1.39171988849e-05, 1.2735124983e-05, 7.49314040149e-06, 7.24949131836e-06, 6.51957225273e-06, 5.46283899894e-06, 2.74367857855e-06, 2.32502497965e-06, 2.14600231629e-06, 2.18888544623e-06, 1.22681217363e-06, 8.44162855174e-07, 7.62586807923e-07, 8.23199400202e-07, 6.34186676507e-07, 8.59607155235e-07, 1.18902437407e-06, 1.67876589785e-06, 2.00117960958e-06, 1.67549615071e-06, 1.3984256384e-06, 8.73155499903e-07, 9.95096343104e-07],
        "median": [0.00156911474187, 0.000731981534045, 0.000464256096166, 0.000381626479793, 0.000608107773587, 0.000618811172899, 0.000341537990607, 0.000233199403738, 6.90423476044e-05, 0.000108017178718, 8.26264367788e-05, 2.35148127103e-05, 5.72626095163e-06, 4.04279353461e-06, 2.42236569648e-06, 2.47530829256e-06, 3.05156254399e-06, 1.40206361721e-06, 8.35198704863e-07, 6.13343786426e-07, 8.29787495604e-07, 7.80695529556e-07, 2.53424019547e-07, 1.7129703167e-07, 1.70964810309e-07, 2.46105827273e-07, 2.54842859704e-07, 1.13559963211e-07, 6.60885248749e-08, 8.98589362919e-08, 1.14327349365e-07, 1.22556727433e-07, 1.22912680922e-07, 1.78337856482e-07, 2.34837614244e-07, 1.97094109922e-07, 1.49374244529e-07, 1.02932368407e-07, 7.22407946796e-08, 1.77638867171e-07],
        "min": [1.87191234735e-10, 4.87123896775e-10, 6.99707491947e-09, 1.81580652736e-08, 1.24128888501e-07, 1.9013156134e-06, 3.82171674573e-06, 2.62155845121e-06, 2.13314891084e-07, 2.54830894164e-07, 3.50662219262e-07, 1.81263430932e-07, 3.04890086511e-08, 5.47005640783e-09, 2.26026153349e-09, 1.1444881487e-08, 1.8197692242e-08, 1.54162123067e-08, 1.07520010673e-08, 4.99568875156e-09, 4.30212782065e-10, 6.25129448206e-10, 1.87479864966e-10, 8.91233961631e-11, 4.72321071143e-11, 3.35588223876e-11, 3.02594824197e-11, 1.7853395845e-11, 1.90205576983e-11, 1.45646134042e-11, 1.53152334564e-11, 1.08717219255e-11, 8.78377232061e-12, 8.36580110741e-12, 5.35563910928e-12, 5.58995601543e-12, 3.19625684427e-12, 2.9951364197e-13, 1.84166714539e-13, 8.93695043642e-14],
