{
"highlevel": {
    "danceability": {
        "all": {
            "danceable": 0.930244326591,
            "not_danceable": 0.0697557032108
        },
        "probability": 0.930244326591,
        "value": "danceable"
    },
    "gender": {
        "all": {
            "female": 0.213350862265,
            "male": 0.786649167538
        },
        "probability": 0.786649167538,
        "value": "male"
    },
    "genre_dortmund": {
        "all": {
            "alternative": 0.0405868701637,
            "blues": 0.176139816642,
            "electronic": 0.0122096175328,
            "folkcountry": 0.262049287558,
            "funksoulrnb": 0.0438397228718,
            "jazz": 0.0484629459679,
            "pop": 0.112888835371,
            "raphiphop": 0.0676086992025,
            "rock": 0.236214205623
        },
        "probability": 0.262049287558,
        "value": "folkcountry"
    },
    "genre_electronic": {
        "all": {
            "ambient": 0.376669585705,
            "dnb": 0.145106583834,
            "house": 0.368752658367,
            "techno": 0.031305462122,
            "trance": 0.0781656950712
        },
        "probability": 0.376669585705,
        "value": "ambient"
    },
    "genre_rosamerica": {
        "all": {
            "cla": 0.00320717249997,
            "dan": 0.00391067191958,
            "hip": 0.0500544942915,
            "jaz": 0.00643024872988,
            "pop": 0.102492965758,
            "rhy": 0.802991092205,
            "roc": 0.00790671817958,
            "spe": 0.0230066142976
        },
        "probability": 0.802991092205,
        "value": "rhy"
    },
    "genre_tzanetakis": {
        "all": {
            "blu": 0.0626613423228,
            "cla": 0.0348169617355,
            "cou": 0.104475811124,
            "dis": 0.0784321576357,
            "hip": 0.15692435205,
            "jaz": 0.313974827528,
            "met": 0.0448166541755,
            "pop": 0.0627359300852,
            "reg": 0.0627360641956,
            "roc": 0.0784258767962
        },
        "probability": 0.313974827528,
        "value": "jaz"
    },
    "ismir04_rhythm": {
        "all": {
            "ChaChaCha": 0.166476160288,
            "Jive": 0.136644870043,
            "Quickstep": 0.0833702236414,
            "Rumba-American": 0.0225713308901,
            "Rumba-International": 0.117835059762,
            "Rumba-Misc": 0.0378464534879,
            "Samba": 0.184380829334,
            "Tango": 0.0176717787981,
            "VienneseWaltz": 0.198723897338,
            "Waltz": 0.0344793871045
        },
        "probability": 0.198723897338,
        "value": "VienneseWaltz"
    },
    "mood_acoustic": {
        "all": {
            "acoustic": 0.922603964806,
            "not_acoustic": 0.0773960128427
        },
        "probability": 0.922603964806,
        "value": "acoustic"
    },
    "mood_aggressive": {
        "all": {
            "aggressive": 0.0120616657659,
            "not_aggressive": 0.987938344479
        },
        "probability": 0.987938344479,
        "value": "not_aggressive"
    },
    "mood_electronic": {
        "all": {
            "electronic": 0.413296639919,
            "not_electronic": 0.586703360081
        },
        "probability": 0.586703360081,
        "value": "not_electronic"
    },
    "mood_happy": {
        "all": {
            "happy": 0.702493131161,
            "not_happy": 0.297506898642
        },
        "probability": 0.702493131161,
        "value": "happy"
    },
    "mood_party": {
        "all": {
            "not_party": 0.880887150764,
            "party": 0.119112841785
        },
        "probability": 0.880887150764,
        "value": "not_party"
    },
    "mood_relaxed": {
        "all": {
            "not_relaxed": 0.210389375687,
            "relaxed": 0.789610624313
        },
        "probability": 0.789610624313,
        "value": "relaxed"
    },
    "mood_sad": {
        "all": {
            "not_sad": 0.29448568821,
            "sad": 0.70551431179
        },
        "probability": 0.70551431179,
        "value": "sad"
    },
    "moods_mirex": {
        "all": {
            "Cluster1": 0.0685243681073,
            "Cluster2": 0.416968584061,
            "Cluster3": 0.297198086977,
            "Cluster4": 0.207789033651,
            "Cluster5": 0.00951992813498
        },
        "probability": 0.416968584061,
        "value": "Cluster2"
    },
    "timbre": {
        "all": {
            "bright": 0.997151196003,
            "dark": 0.00284878024831
        },
        "probability": 0.997151196003,
        "value": "bright"
    },
    "tonal_atonal": {
        "all": {
            "atonal": 0.5,
            "tonal": 0.5
        },
        "probability": 0.5,
        "value": "tonal"
    },
    "voice_instrumental": {
        "all": {
            "instrumental": 0.00269221584313,
            "voice": 0.997307777405
        },
        "probability": 0.997307777405,
        "value": "voice"
    }
},
"lowlevel": {
    "average_loudness": 0.973700404167,
    "barkbands_crest": {
        "dmean": 2.80201768875,
        "dmean2": 4.44233322144,
        "dvar": 6.48449373245,
        "dvar2": 14.9969892502,
        "max": 25.532875061,
        "mean": 10.4302663803,
        "median": 9.77237129211,
        "min": 2.78322768211,
        "var": 16.7072505951
    },
    "barkbands_flatness_db": {
        "dmean": 0.0361221581697,
        "dmean2": 0.0505968034267,
        "dvar": 0.00126387237106,
        "dvar2": 0.00237725954503,
        "max": 0.406226366758,
        "mean": 0.176673382521,
        "median": 0.171323925257,
        "min": 0.0495542697608,
        "var": 0.0037656056229
    },
    "barkbands_kurtosis": {
        "dmean": 4.6574344635,
        "dmean2": 7.03549432755,
        "dvar": 54.4904441833,
        "dvar2": 117.007743835,
        "max": 91.2733917236,
        "mean": 6.72386264801,
        "median": 2.87634992599,
        "min": -1.84788048267,
        "var": 114.608894348
    },
    "barkbands_skewness": {
        "dmean": 0.74167650938,
        "dmean2": 1.13260793686,
        "dvar": 0.675368905067,
        "dvar2": 1.63030636311,
        "max": 8.47550296783,
        "mean": 1.71532428265,
        "median": 1.47236478329,
        "min": -1.61346077919,
        "var": 1.63485646248
    },
    "barkbands_spread": {
        "dmean": 10.3011722565,
        "dmean2": 16.1265487671,
        "dvar": 208.368255615,
        "dvar2": 481.18081665,
        "max": 92.2863922119,
        "mean": 20.2135791779,
        "median": 14.9372558594,
        "min": 0.683847129345,
        "var": 287.500427246
    },
    "dissonance": {
        "dmean": 0.0304559376091,
        "dmean2": 0.0505552925169,
        "dvar": 0.000813355669379,
        "dvar2": 0.00214936840348,
        "max": 0.499882638454,
        "mean": 0.439094811678,
        "median": 0.448470979929,
        "min": 0.262409836054,
        "var": 0.00171492656227
    },
    "dynamic_complexity": 2.11568784714,
    "erbbands_crest": {
        "dmean": 3.80447649956,
        "dmean2": 6.09981489182,
        "dvar": 13.3613443375,
        "dvar2": 30.1342926025,
        "max": 31.1467552185,
        "mean": 12.3024606705,
        "median": 10.9545431137,
        "min": 2.47511649132,
        "var": 36.3175468445
    },
    "erbbands_flatness_db": {
        "dmean": 0.0327513962984,
        "dmean2": 0.0476193726063,
        "dvar": 0.000985389575362,
        "dvar2": 0.00201293453574,
        "max": 0.360631942749,
        "mean": 0.183255881071,
        "median": 0.182921037078,
        "min": 0.0691672563553,
        "var": 0.00262418738566
    },
    "erbbands_kurtosis": {
        "dmean": 2.52450966835,
        "dmean2": 3.78814268112,
        "dvar": 26.7642650604,
        "dvar2": 57.0219192505,
        "max": 103.496910095,
        "mean": 2.52051901817,
        "median": 0.340850114822,
        "min": -1.82520961761,
        "var": 61.0463981628
    },
    "erbbands_skewness": {
        "dmean": 0.635260820389,
        "dmean2": 0.957591176033,
        "dvar": 0.495584130287,
        "dvar2": 1.03030836582,
        "max": 8.38740253448,
        "mean": 0.973439157009,
        "median": 0.826957404613,
        "min": -2.5679101944,
        "var": 1.45516228676
    },
    "erbbands_spread": {
        "dmean": 14.9747200012,
        "dmean2": 23.2337856293,
        "dvar": 296.261505127,
        "dvar2": 615.1875,
        "max": 132.844909668,
        "mean": 37.9456291199,
        "median": 32.1727561951,
        "min": 1.58894526958,
        "var": 531.53125
    },
    "hfc": {
        "dmean": 19.5990791321,
        "dmean2": 32.4561767578,
        "dvar": 902.098388672,
        "dvar2": 2352.69873047,
        "max": 177.701522827,
        "mean": 25.6742019653,
        "median": 17.6342735291,
        "min": 0.39225551486,
        "var": 793.755187988
    },
    "melbands_crest": {
        "dmean": 3.40000963211,
        "dmean2": 5.31831550598,
        "dvar": 10.1154851913,
        "dvar2": 23.1522274017,
        "max": 32.8784408569,
        "mean": 14.9460134506,
        "median": 14.0817728043,
        "min": 3.4057970047,
        "var": 26.6118125916
    },
    "melbands_flatness_db": {
        "dmean": 0.0461290255189,
        "dmean2": 0.0630054846406,
        "dvar": 0.00221584923565,
        "dvar2": 0.00431621540338,
        "max": 0.491391718388,
        "mean": 0.22602416575,
        "median": 0.218728840351,
        "min": 0.0277461111546,
        "var": 0.00651760632172
    },
    "melbands_kurtosis": {
        "dmean": 9.72750473022,
        "dmean2": 15.3702611923,
        "dvar": 263.337646484,
        "dvar2": 648.775878906,
        "max": 219.352172852,
        "mean": 15.9581727982,
        "median": 8.61973381042,
        "min": -1.77380919456,
        "var": 419.254241943
    },
    "melbands_skewness": {
        "dmean": 0.93577337265,
        "dmean2": 1.42713570595,
        "dvar": 1.05876600742,
        "dvar2": 2.48376345634,
        "max": 12.0490465164,
        "mean": 2.56339716911,
        "median": 2.26199960709,
        "min": -1.64803302288,
        "var": 2.50110578537
    },
    "melbands_spread": {
        "dmean": 10.9008808136,
        "dmean2": 17.2698898315,
        "dvar": 330.676391602,
        "dvar2": 823.23651123,
        "max": 177.407516479,
        "mean": 20.9248332977,
        "median": 15.8758630753,
        "min": 1.08730363846,
        "var": 391.534057617
    },
    "pitch_salience": {
        "dmean": 0.0789434984326,
        "dmean2": 0.126074284315,
        "dvar": 0.00558002572507,
        "dvar2": 0.0128763262182,
        "max": 0.830906629562,
        "mean": 0.519084095955,
        "median": 0.51253503561,
        "min": 0.178045883775,
        "var": 0.0126800136641
    },
    "silence_rate_20dB": {
        "dmean": 0,
        "dmean2": 0,
        "dvar": 0,
        "dvar2": 0,
        "max": 1,
        "mean": 1,
        "median": 1,
        "min": 1,
        "var": 0
    },
    "silence_rate_30dB": {
        "dmean": 0,
        "dmean2": 0,
        "dvar": 0,
        "dvar2": 0,
        "max": 1,
        "mean": 1,
        "median": 1,
        "min": 1,
        "var": 0
    },
    "silence_rate_60dB": {
        "dmean": 0.0263157896698,
        "dmean2": 0.0526723451912,
        "dvar": 0.0256232619286,
        "dvar2": 0.0607422180474,
        "max": 1,
        "mean": 0.0309358090162,
        "median": 0,
        "min": 0,
        "var": 0.0299791339785
    },
    "spectral_centroid": {
        "dmean": 368.769805908,
        "dmean2": 569.245910645,
        "dvar": 243052.53125,
        "dvar2": 546420.625,
        "max": 4185.75244141,
        "mean": 1107.64428711,
        "median": 947.885192871,
        "min": 217.626693726,
        "var": 439592.28125
    },
    "spectral_complexity": {
        "dmean": 4.98374605179,
        "dmean2": 7.67621994019,
        "dvar": 37.5438079834,
        "dvar2": 82.2886276245,
        "max": 50,
        "mean": 14.4369678497,
        "median": 14,
        "min": 1,
        "var": 62.2831115723
    },
    "spectral_decrease": {
        "dmean": 2.80625744864e-09,
        "dmean2": 4.35669367249e-09,
        "dvar": 1.19963076019e-17,
        "dvar2": 2.97784689647e-17,
        "max": -1.06242639686e-10,
        "mean": -7.16969283943e-09,
        "median": -6.61986421235e-09,
        "min": -2.79393432834e-08,
        "var": 1.93500458179e-17
    },
    "spectral_energy": {
        "dmean": 0.0120352124795,
        "dmean2": 0.0187035556883,
        "dvar": 0.000212504310184,
        "dvar2": 0.000527687196154,
        "max": 0.108744621277,
        "mean": 0.029388802126,
        "median": 0.0270166359842,
        "min": 0.000436563364929,
        "var": 0.00032903306419
    },
    "spectral_energyband_high": {
        "dmean": 0.00190461217426,
        "dmean2": 0.00335198431276,
        "dvar": 1.35940799737e-05,
        "dvar2": 3.58261604561e-05,
        "max": 0.0238131321967,
        "mean": 0.00141174637247,
        "median": 0.000244739028858,
        "min": 7.37962636777e-07,
        "var": 9.682406926e-06
    },
    "spectral_energyband_low": {
        "dmean": 0.00212070764974,
        "dmean2": 0.00332735897973,
        "dvar": 8.28001429909e-06,
        "dvar2": 1.83517295227e-05,
        "max": 0.0280011612922,
        "mean": 0.00606331974268,
        "median": 0.00568779464811,
        "min": 2.21125276312e-07,
        "var": 2.37152289628e-05
    },
    "spectral_energyband_middle_high": {
        "dmean": 0.00244232430123,
        "dmean2": 0.00364480167627,
        "dvar": 1.51310086949e-05,
        "dvar2": 3.65634732589e-05,
        "max": 0.0419811680913,
        "mean": 0.00448745395988,
        "median": 0.00244334852323,
        "min": 3.94869421143e-05,
        "var": 2.97190781566e-05
    },
    "spectral_energyband_middle_low": {
        "dmean": 0.00882224366069,
        "dmean2": 0.0138653889298,
        "dvar": 0.000159879971761,
        "dvar2": 0.000403982354328,
        "max": 0.106104232371,
        "mean": 0.018261294812,
        "median": 0.0144322831184,
        "min": 0.000182277100976,
        "var": 0.000235123909079
    },
    "spectral_entropy": {
        "dmean": 0.411931008101,
        "dmean2": 0.585669875145,
        "dvar": 0.173166915774,
        "dvar2": 0.353269457817,
        "max": 8.67400074005,
        "mean": 7.21614599228,
        "median": 7.18228054047,
        "min": 5.00711774826,
        "var": 0.407471746206
    },
    "spectral_flux": {
        "dmean": 0.0408788882196,
        "dmean2": 0.0603368207812,
        "dvar": 0.0016998895444,
        "dvar2": 0.00347023364156,
        "max": 0.28694164753,
        "mean": 0.0922034606338,
        "median": 0.0800607055426,
        "min": 0.00895509216934,
        "var": 0.00288180704229
    },
    "spectral_kurtosis": {
        "dmean": 3.11630654335,
        "dmean2": 5.07181739807,
        "dvar": 14.5517444611,
        "dvar2": 37.7147789001,
        "max": 43.1057510376,
        "mean": 4.91621780396,
        "median": 3.90411806107,
        "min": -0.730552911758,
        "var": 20.1300067902
    },
    "spectral_rms": {
        "dmean": 0.00106574920937,
        "dmean2": 0.00158210343216,
        "dvar": 1.32471018333e-06,
        "dvar2": 3.05483217744e-06,
        "max": 0.0103001128882,
        "mean": 0.00507811643183,
        "median": 0.00513397436589,
        "min": 0.000652622024063,
        "var": 2.88472483589e-06
    },
    "spectral_rolloff": {
        "dmean": 1038.34521484,
        "dmean2": 1839.71337891,
        "dvar": 3659323.75,
        "dvar2": 8925912,
        "max": 8699.4140625,
        "mean": 1506.85742188,
        "median": 710.595703125,
        "min": 107.666015625,
        "var": 3421114.25
    },
    "spectral_skewness": {
        "dmean": 0.433440864086,
        "dmean2": 0.675610840321,
        "dvar": 0.213048294187,
        "dvar2": 0.49826464057,
        "max": 5.20523548126,
        "mean": 1.65892481804,
        "median": 1.60584914684,
        "min": 0.292819738388,
        "var": 0.386678189039
    },
    "spectral_spread": {
        "dmean": 1256691.375,
        "dmean2": 1848268.625,
        "dvar": 1.75548950118e+12,
        "dvar2": 3.7734556631e+12,
        "max": 13285218,
        "mean": 4806561,
        "median": 4359394.5,
        "min": 1153858.625,
        "var": 3.40166862438e+12
    },
    "spectral_strongpeak": {
        "dmean": 0.643670201302,
        "dmean2": 1.01339626312,
        "dvar": 0.851988971233,
        "dvar2": 1.89328920841,
        "max": 9.69997024536,
        "mean": 1.29586160183,
        "median": 0.778865695,
        "min": 0.0333198793232,
        "var": 1.72089850903
    },
    "zerocrossingrate": {
        "dmean": 0.0178177300841,
        "dmean2": 0.0230812169611,
        "dvar": 0.000392026209738,
        "dvar2": 0.000562968663871,
        "max": 0.22705078125,
        "mean": 0.0550745762885,
        "median": 0.046875,
        "min": 0.005859375,
        "var": 0.00114449008834
    },
    "barkbands": {
        "dmean": [5.94884113525e-05, 0.00131677114405, 0.000818487955257, 0.000696923874784, 0.00254946807399, 0.00210914271884, 0.00265800394118, 0.0022992757149, 0.00145770260133, 0.000626372173429, 0.000414774753153, 0.000376569514628, 0.00025911803823, 0.000593861972447, 0.000469776627142, 0.0001849776163, 0.000132218396175, 0.000278182676993, 0.000215664826101, 0.000239133674768, 0.000276585516986, 0.000316577090416, 0.000386460247682, 0.000602223852184, 0.000197309811483, 4.78257861687e-05, 3.77489293157e-08],
        "dmean2": [9.33264163905e-05, 0.00207549938932, 0.00128544564359, 0.0011396574555, 0.00410729413852, 0.00324868480675, 0.00488030537963, 0.0034940962214, 0.00211180793121, 0.00091867352603, 0.000649484223686, 0.000618247897364, 0.000430439627962, 0.000927566667087, 0.000719991861843, 0.000272546574706, 0.000210443497053, 0.000429625157267, 0.000336380442604, 0.000424849393312, 0.000480591377709, 0.000552553799935, 0.000687635503709, 0.00107245275285, 0.000352505827323, 8.74012839631e-05, 5.95939475545e-08],
        "dvar": [9.80947767459e-09, 3.62101718565e-06, 1.50995538206e-06, 1.46403772305e-06, 2.56151943177e-05, 1.68025908351e-05, 6.09555572737e-05, 1.76323301275e-05, 1.51700642164e-05, 4.1829989641e-06, 1.15241289222e-06, 1.22593075957e-06, 3.48715417431e-07, 1.82423730166e-06, 1.17825436519e-06, 2.07935329399e-07, 7.03258393742e-08, 2.54971212144e-07, 1.25039846921e-07, 2.7232016464e-07, 4.70116248152e-07, 4.03452986575e-07, 7.09204357463e-07, 1.78569803211e-06, 1.53057783336e-07, 8.06732458614e-09, 1.75171224639e-13],
        "dvar2": [2.19175468885e-08, 8.47747651278e-06, 3.40880751537e-06, 3.72083809452e-06, 5.9912330471e-05, 3.78573240596e-05, 0.000175296503585, 3.95533243136e-05, 2.89469680865e-05, 9.01545809029e-06, 2.6413060823e-06, 3.00573265122e-06, 8.81336688963e-07, 4.35064384874e-06, 2.58186082647e-06, 3.94828504113e-07, 1.55888471909e-07, 5.9578252376e-07, 2.90795185265e-07, 7.48083891722e-07, 1.28168517222e-06, 1.06693801172e-06, 1.93572509488e-06, 4.82164023197e-06, 4.07581126183e-07, 2.13765503077e-08, 2.22211870215e-13],
        "max": [0.00104348291643, 0.0203247144818, 0.012505562976, 0.0147151621059, 0.0822276994586, 0.0388628169894, 0.0629057064652, 0.0392593219876, 0.0650188177824, 0.0407808274031, 0.0158401913941, 0.0177236050367, 0.00701303640381, 0.0239291526377, 0.0119303138927, 0.00640460150316, 0.00301354355179, 0.00677812751383, 0.00454006297514, 0.00514767644927, 0.00689571117982, 0.00491195823997, 0.00609753420576, 0.00946369580925, 0.00241696927696, 0.000517139676958, 1.33542762342e-05],
        "mean": [0.000111976951302, 0.00337243918329, 0.00197634310462, 0.00114225037396, 0.00486164726317, 0.00322534167208, 0.00242417585105, 0.00379691203125, 0.00233000493608, 0.000880476494785, 0.000565887952689, 0.000448072125437, 0.000290162861347, 0.000722044263966, 0.000599992054049, 0.000234306455241, 0.000183618016308, 0.000402330391807, 0.000320159306284, 0.000188038466149, 0.000207006291021, 0.000251077784924, 0.000272155040875, 0.00041356345173, 0.000137112583616, 3.16837576975e-05, 2.72134705881e-08],
        "median": [4.76890236314e-05, 0.00303540704772, 0.00129284802824, 0.000589522300288, 0.0020532917697, 0.00135272089392, 0.000650199363008, 0.00110980193131, 0.00029804330552, 0.000118858457427, 0.00012385424634, 0.000115101698611, 8.36545950733e-05, 0.000118546289741, 9.13213079912e-05, 6.513268454e-05, 5.79870174988e-05, 0.00013951609435, 0.000120385091577, 3.9439109969e-05, 2.95987847494e-05, 5.88049078942e-05, 3.91377943743e-05, 3.88721564377e-05, 1.8655351596e-05, 2.87463785753e-06, 4.83044992894e-10],
        "min": [2.72702727067e-09, 1.59248259024e-08, 1.77139547475e-08, 2.63926782651e-08, 5.17340140505e-06, 9.15190139494e-06, 2.74160970548e-06, 3.22967753164e-06, 1.10614280402e-06, 6.08706614003e-07, 4.08696934073e-07, 5.60090370527e-07, 6.15143903815e-07, 8.28389659091e-07, 1.00600777841e-06, 6.55297014873e-07, 4.13454444015e-07, 9.45010867781e-07, 3.769379191e-07, 2.34189357684e-07, 1.83308884516e-07, 2.57171791418e-07, 1.94859293146e-08, 2.13630997337e-08, 7.07253223001e-12, 7.70281841783e-12, 1.08344392485e-11],
        "var": [2.37487114418e-08, 9.25863514567e-06, 4.51181949757e-06, 2.33065838984e-06, 5.77363534831e-05, 2.75358252111e-05, 3.9966620534e-05, 3.18464772135e-05, 3.60564954462e-05, 7.54077700549e-06, 1.99296528081e-06, 1.51529513914e-06, 4.09322808537e-07, 2.90723733087e-06, 1.95140933101e-06, 3.42128799957e-07, 1.29117495362e-07, 5.06233845954e-07, 2.5745248422e-07, 1.87754139347e-07, 3.24361167259e-07, 2.89442738222e-07, 4.65095467916e-07, 1.19033575174e-06, 1.05163145747e-07, 5.44736078467e-09, 1.64059060391e-13]
    },
    "erbbands": {
        "dmean": [0.0306927524507, 0.331481635571, 0.935035347939, 1.6638739109, 4.91146707535, 9.00390434265, 15.313747406, 16.8867263794, 17.991191864, 69.1187744141, 42.5064926147, 31.6282138824, 23.7338867188, 15.0162572861, 13.6502141953, 15.4185533524, 11.3566102982, 30.7969322205, 24.0866127014, 15.6196136475, 7.89169311523, 7.60976600647, 14.0325746536, 12.833899498, 9.81420230865, 11.2261819839, 13.085600853, 7.57755422592, 11.4475679398, 10.2702255249, 12.6390123367, 16.8319911957, 5.97745609283, 2.91170907021, 1.06069409847, 0.307493567467, 0.0747851058841, 0.00632869405672, 0.000142802920891, 2.53430698649e-05],
        "dmean2": [0.0477782487869, 0.530864536762, 1.47162365913, 2.65710139275, 7.87343788147, 14.5394115448, 24.1875, 26.0874195099, 31.7955589294, 117.134414673, 65.6449508667, 44.9437789917, 34.1144638062, 22.0604324341, 22.7199935913, 25.2611618042, 18.5814266205, 48.0445861816, 37.7884864807, 22.7697734833, 11.4601955414, 11.7803583145, 21.5574226379, 20.4788341522, 15.8662672043, 19.9377326965, 22.8884601593, 13.1713027954, 20.070766449, 18.0158367157, 22.5270252228, 29.9055633545, 10.7770738602, 5.21446084976, 1.89529681206, 0.550543010235, 0.137555897236, 0.01174905058, 0.000258321961155, 4.13562702306e-05],
        "dvar": [0.00248085614294, 0.230213552713, 2.01483273506, 7.49629259109, 114.479164124, 389.478820801, 896.858093262, 1115.40039062, 1864.94116211, 36947.125, 8251.60839844, 8739.82421875, 5608.27539062, 1110.59118652, 1828.80847168, 2051.0871582, 663.878845215, 5009.42431641, 3159.89038086, 1222.20983887, 356.973114014, 243.447006226, 713.242431641, 742.250793457, 330.209259033, 622.775939941, 1165.70410156, 254.55229187, 628.593688965, 435.276123047, 764.942321777, 1520.19848633, 156.195266724, 35.6495819092, 4.31939983368, 0.324455648661, 0.0224076565355, 0.000185642071301, 7.93113130726e-08, 1.22078136489e-09],
        "dvar2": [0.00592527957633, 0.53498083353, 4.31203222275, 18.700712204, 269.221679688, 925.04675293, 2118.75170898, 2475.12329102, 5046.15869141, 100191.289062, 19136.171875, 16443.9355469, 11687.4541016, 2028.11462402, 5125.85107422, 4735.55517578, 1695.64208984, 11780.0996094, 7167.75390625, 2415.00073242, 695.181518555, 560.745361328, 1662.65124512, 1678.77832031, 832.084228516, 1708.10974121, 3204.44946289, 683.179443359, 1694.21801758, 1160.21887207, 2077.43676758, 4121.44580078, 423.621368408, 95.6722869873, 11.5212888718, 0.852336227894, 0.0610665120184, 0.000510679848958, 2.07561129173e-07, 3.06599923228e-09],
        "max": [0.574509620667, 4.98993349075, 15.4345712662, 37.8583984375, 152.905395508, 361.865936279, 281.573913574, 398.121765137, 477.787567139, 1684.29443359, 1147.96508789, 1904.4732666, 1387.34985352, 552.596008301, 531.858337402, 892.496337891, 318.553009033, 1299.54187012, 680.608215332, 451.6328125, 295.515136719, 205.508575439, 347.657714844, 580.367675781, 317.323730469, 257.624481201, 382.989532471, 138.542282104, 242.004943848, 198.31098938, 214.306777954, 301.527893066, 100.336006165, 33.463104248, 14.2676124573, 3.35054373741, 0.984972059727, 0.093146532774, 0.00206115515903, 0.000244815921178],
        "mean": [0.0756843015552, 0.817849755287, 2.53097748756, 3.10369586945, 9.79796028137, 16.0482673645, 24.94348526, 24.2837257385, 18.685760498, 85.9923171997, 72.4365234375, 50.3032836914, 33.488899231, 25.4823989868, 15.9964141846, 19.9206886292, 14.6105308533, 39.3058395386, 30.5086956024, 23.1401367188, 11.1554193497, 11.1180067062, 20.8766746521, 19.9694442749, 13.8057279587, 9.0937795639, 9.66206550598, 5.90881633759, 8.89863586426, 8.00184249878, 8.82385349274, 11.4864835739, 4.08103704453, 1.99704742432, 0.734372019768, 0.210378885269, 0.0478082709014, 0.00388948922046, 0.000105325649201, 4.30265390605e-05],
        "median": [0.0575385428965, 0.727622509003, 1.76056003571, 2.13360023499, 4.25750207901, 5.35112667084, 9.4740152359, 9.70609951019, 6.31574964523, 17.146730423, 21.3089103699, 8.79587078094, 4.88054132462, 4.88400554657, 5.0109539032, 5.50756597519, 5.2246837616, 8.04875183105, 5.62288665771, 5.14277362823, 3.40499162674, 3.7757153511, 8.3807477951, 7.21487998962, 5.0606918335, 1.96593165398, 1.30299520493, 1.14390552044, 1.88784432411, 1.87821650505, 1.05816280842, 0.907021701336, 0.478373885155, 0.231819689274, 0.102561555803, 0.0245266575366, 0.00366746657528, 0.000191829691175, 2.46303316089e-05, 3.46169654222e-05],
        "min": [9.34263880481e-06, 3.84969534934e-05, 0.000270712393103, 0.000547764939256, 0.00269034435041, 0.036736741662, 0.107408814132, 0.112691998482, 0.103685669601, 0.161371514201, 0.152790620923, 0.0670161321759, 0.0609425865114, 0.0326835997403, 0.0925349295139, 0.0854596570134, 0.0959758237004, 0.0689719989896, 0.0558692738414, 0.0478290840983, 0.0453408099711, 0.0359052158892, 0.0715064704418, 0.0315152034163, 0.0291104279459, 0.0193029809743, 0.00700228428468, 0.00800193566829, 0.00692750979215, 0.00748973758891, 0.00191186869051, 0.00110283796676, 0.000157094953465, 3.47272289218e-05, 9.12751784199e-06, 2.18330387725e-06, 4.54181247278e-07, 1.4228841394e-07, 2.62750290858e-07, 5.3011098089e-07],
        "var": [0.00617098854855, 0.585835039616, 6.53966522217, 12.9592876434, 262.270843506, 842.507446289, 1478.38269043, 1822.40527344, 1687.13549805, 33922.1757812, 15151.5703125, 18929.046875, 10858.4160156, 3272.62402344, 1404.11169434, 3003.5703125, 764.908813477, 8195.37695312, 5011.68457031, 2396.70581055, 585.82434082, 404.387145996, 1305.06115723, 1662.10095215, 651.710876465, 428.455688477, 789.666015625, 179.024490356, 429.835449219, 305.236450195, 504.959991455, 1004.68017578, 102.973365784, 24.1325111389, 2.95953226089, 0.228007242084, 0.0142530910671, 0.000114521419164, 5.32829247391e-08, 1.19819798527e-09]
    },
    "gfcc": {
        "mean": [-10.407538414, 102.508201599, -113.452812195, 36.5714378357, -72.9151229858, 12.518163681, -45.3306694031, 8.64636707306, -17.0407352448, 0.90391176939, -6.72799015045, -5.11258983612, -13.1622409821],
        "cov": [[4665.45947266, -1901.0300293, -190.75163269, 43.8706932068, -316.497039795, 512.85760498, -184.826461792, 493.978942871, -227.443588257, 222.029754639, -335.569244385, 91.4031143188, -164.403717041], [-1901.0300293, 2018.80786133, 28.9954204559, 170.848571777, 602.740722656, -275.11428833, 353.59588623, -211.223999023, 251.140289307, -288.197418213, 223.717514038, -224.042541504, 47.4160270691], [-190.75163269, 28.9954204559, 937.678100586, 375.790649414, -17.9084625244, 46.4880943298, -32.7250137329, -63.1698608398, -37.3386116028, 129.050170898, 31.0569190979, 17.8664989471, -13.5045137405], [43.8706932068, 170.848571777, 375.790649414, 543.520263672, 102.598503113, 57.2190208435, 26.9696445465, -41.1335906982, 55.9533538818, 5.3332324028, 66.870475769, -51.038028717, 93.4321212769], [-316.497039795, 602.740722656, -17.9084625244, 102.598503113, 473.563995361, -14.6800336838, 147.217941284, 30.0879306793, 72.9543685913, -89.1388320923, 0.0234769526869, -41.4990310669, -17.1352729797], [512.85760498, -275.11428833, 46.4880943298, 57.2190208435, -14.6800336838, 286.090606689, 69.5799255371, 91.9387664795, -36.5087051392, 49.1852340698, 5.3576130867, 33.243347168, 5.21954154968], [-184.826461792, 353.59588623, -32.7250137329, 26.9696445465, 147.217941284, 69.5799255371, 294.843078613, 35.9168815613, 36.4560928345, -29.1944141388, 69.6176834106, -27.2656555176, -25.9094009399], [493.978942871, -211.223999023, -63.1698608398, -41.1335906982, 30.0879306793, 91.9387664795, 35.9168815613, 262.813262939, 56.0062942505, 63.6862373352, -29.8887958527, 12.9824581146, -39.2393798828], [-227.443588257, 251.140289307, -37.3386116028, 55.9533538818, 72.9543685913, -36.5087051392, 36.4560928345, 56.0062942505, 221.431808472, 13.2603158951, 37.5368461609, -67.096786499, 8.22877502441], [222.029754639, -288.197418213, 129.050170898, 5.3332324028, -89.1388320923, 49.1852340698, -29.1944141388, 63.6862373352, 13.2603158951, 189.907562256, -1.62285411358, 39.8671951294, -23.6420211792], [-335.569244385, 223.717514038, 31.0569190979, 66.870475769, 0.0234769526869, 5.3576130867, 69.6176834106, -29.8887958527, 37.5368461609, -1.62285411358, 163.813293457, -6.12987756729, 34.6223716736], [91.4031143188, -224.042541504, 17.8664989471, -51.038028717, -41.4990310669, 33.243347168, -27.2656555176, 12.9824581146, -67.096786499, 39.8671951294, -6.12987756729, 142.779174805, 31.7394218445], [-164.403717041, 47.4160270691, -13.5045137405, 93.4321212769, -17.1352729797, 5.21954154968, -25.9094009399, -39.2393798828, 8.22877502441, -23.6420211792, 34.6223716736, 31.7394218445, 156.339050293]],
        "icov": [[0.000556879094802, 0.000215187974391, 0.000354363757651, -0.000618340447545, 0.00017650211521, -0.000505132542457, 0.000154090696014, -0.000672163441777, 0.000447016966064, -5.16106410942e-05, 0.000628692971077, 8.77450074768e-05, 0.000625152140856], [0.000215187974391, 0.00360960862599, -0.00110406544991, 0.00128617906012, -0.0031904943753, 0.00204612966627, -0.00229328870773, 0.00148285739124, -0.00170775910374, 0.00232474156655, -0.00273909769021, 0.00295880320482, -0.00171102082822], [0.000354363757651, -0.00110406544991, 0.0026507677976, -0.00259040249512, 0.00130991905462, -0.00100125919562, 0.00107241084334, -0.000472700980026, 0.00138613046147, -0.00208057509735, 0.00138529832475, -0.0015855251113, 0.00234815548174], [-0.000618340447545, 0.00128617906012, -0.00259040249512, 0.00538193900138, -0.00249823043123, 0.000617959653027, -0.000944168365095, 0.00159637955949, -0.00171231082641, 0.00115902675316, -0.00261736498214, 0.00318916048855, -0.00433312775567], [0.00017650211521, -0.0031904943753, 0.00130991905462, -0.00249823043123, 0.00630100397393, -0.00172029354144, 0.000660118996166, -0.00221986696124, 0.000971783476416, -0.000589525443502, 0.00392190180719, -0.00343785528094, 0.00274879788049], [-0.000505132542457, 0.00204612966627, -0.00100125919562, 0.000617959653027, -0.00172029354144, 0.00693189539015, -0.0031497750897, -0.00017656115233, -6.22081861366e-05, 0.000754064763896, -0.00226456578821, 0.00134351965971, -0.00224779522978], [0.000154090696014, -0.00229328870773, 0.00107241084334, -0.000944168365095, 0.000660118996166, -0.0031497750897, 0.00697138346732, -0.00153882487211, 0.00128205236979, -0.0011103162542, -0.000423119403422, -0.00145956187043, 0.00261571560986], [-0.000672163441777, 0.00148285739124, -0.000472700980026, 0.00159637955949, -0.00221986696124, -0.00017656115233, -0.00153882487211, 0.00755387824029, -0.00350867607631, -0.000336969853379, -0.00101856433321, 0.000303732871544, -0.000450308609288], [0.000447016966064, -0.00170775910374, 0.00138613046147, -0.00171231082641, 0.000971783476416, -6.22081861366e-05, 0.00128205236979, -0.00350867607631, 0.00864371005446, -0.00318192830309, 0.000545738614164, 0.00206190301105, 9.59001190495e-05], [-5.16106410942e-05, 0.00232474156655, -0.00208057509735, 0.00115902675316, -0.000589525443502, 0.000754064763896, -0.0011103162542, -0.000336969853379, -0.00318192830309, 0.0100873094052, -0.0022389665246, -0.000654452072922, 0.000331509392709], [0.000628692971077, -0.00273909769021, 0.00138529832475, -0.00261736498214, 0.00392190180719, -0.00226456578821, -0.000423119403422, -0.00101856433321, 0.000545738614164, -0.0022389665246, 0.011527354829, -0.00298547907732, 0.00104139791802], [8.77450074768e-05, 0.00295880320482, -0.0015855251113, 0.00318916048855, -0.00343785528094, 0.00134351965971, -0.00145956187043, 0.000303732871544, 0.00206190301105, -0.000654452072922, -0.00298547907732, 0.0136111006141, -0.00574490940198], [0.000625152140856, -0.00171102082822, 0.00234815548174, -0.00433312775567, 0.00274879788049, -0.00224779522978, 0.00261571560986, -0.000450308609288, 9.59001190495e-05, 0.000331509392709, 0.00104139791802, -0.00574490940198, 0.0120426705107]]
    },
    "melbands": {
        "dmean": [0.00030965890619, 0.000466950412374, 0.000326447770931, 0.000558415194973, 0.000486857286887, 0.0003776208614, 0.000344840023899, 0.000703244877513, 0.000351776339812, 0.000188035221072, 0.00011781205103, 6.02442705713e-05, 5.10446443514e-05, 3.84841987398e-05, 3.71571331925e-05, 2.57117317233e-05, 6.54526884318e-05, 3.8056030462e-05, 3.21751576848e-05, 1.72495656443e-05, 7.76326760388e-06, 7.46448358768e-06, 1.26420345623e-05, 1.17907929962e-05, 1.11940125862e-05, 7.50224171497e-06, 7.4463700912e-06, 7.67034907767e-06, 7.89005935076e-06, 8.43620455271e-06, 3.09411893795e-06, 6.19455204287e-06, 6.89288981448e-06, 5.26504527443e-06, 6.01720967097e-06, 1.21382772704e-05, 8.89066359377e-06, 4.75288015878e-06, 2.64275422523e-06, 2.33763694268e-06],
        "dmean2": [0.000482182513224, 0.000739938637707, 0.000526806747075, 0.00089305365691, 0.000770673970692, 0.000583192100748, 0.000625055108685, 0.00116074259859, 0.000543998845387, 0.00026428187266, 0.000171753767063, 8.93401520443e-05, 8.24891903903e-05, 6.37660414213e-05, 6.05059067311e-05, 4.28519706475e-05, 0.00010145289707, 6.1576392909e-05, 4.86636999995e-05, 2.49033691944e-05, 1.18285679491e-05, 1.17452418635e-05, 1.89637503354e-05, 1.84039345186e-05, 1.79639937414e-05, 1.17779773063e-05, 1.30557518787e-05, 1.36279895742e-05, 1.40361489684e-05, 1.45526491906e-05, 5.46017145098e-06, 1.09255706775e-05, 1.20810200315e-05, 9.24205414776e-06, 1.06629549919e-05, 2.17130254896e-05, 1.57628819579e-05, 8.61673652253e-06, 4.74380249216e-06, 4.17259752794e-06],
        "dvar": [2.18925251261e-07, 4.62839039983e-07, 2.63327052608e-07, 1.85506189609e-06, 8.09518610367e-07, 5.42096756817e-07, 8.20970115001e-07, 3.4716688333e-06, 6.97068401223e-07, 3.36469497597e-07, 1.45970844301e-07, 1.96375165018e-08, 2.09106918447e-08, 1.38327340693e-08, 1.62357185474e-08, 3.50322548748e-09, 2.45337687943e-08, 7.88491583137e-09, 5.3331987715e-09, 1.73412340043e-09, 3.66386643247e-10, 2.55456378273e-10, 6.60194843238e-10, 3.80025982905e-10, 6.04447381036e-10, 2.29255420203e-10, 2.34402969257e-10, 3.13207237923e-10, 5.06476638407e-10, 5.04976838123e-10, 3.62650881547e-11, 2.09051248534e-10, 2.0502004261e-10, 1.29022556528e-10, 1.68730529548e-10, 8.54382120608e-10, 3.91317700466e-10, 1.08563297241e-10, 3.11431228028e-11, 2.40199769797e-11],
        "dvar2": [5.27498912106e-07, 1.01263810848e-06, 6.60266834984e-07, 4.29957026427e-06, 1.92315474123e-06, 1.20120489555e-06, 2.30791192735e-06, 9.20421643968e-06, 1.63279310073e-06, 5.90211129747e-07, 3.09445653102e-07, 3.56097409338e-08, 5.46796457002e-08, 3.74098156897e-08, 4.05442435181e-08, 9.06154973279e-09, 5.76316416812e-08, 1.78965606779e-08, 1.1076806139e-08, 3.11562264876e-09, 7.5944928124e-10, 5.80395786987e-10, 1.51077939048e-09, 8.99999852422e-10, 1.37294009495e-09, 5.56450108213e-10, 6.45466791127e-10, 8.61190563306e-10, 1.41927314345e-09, 1.37108047138e-09, 9.75225872279e-11, 5.70515190645e-10, 5.43651734741e-10, 3.50337231447e-10, 4.56318371977e-10, 2.34414154754e-09, 1.05128916683e-09, 2.97818797401e-10, 8.40832473092e-11, 6.45788214571e-11],
        "max": [0.00506788864732, 0.00694767897949, 0.00588140357286, 0.0229199696332, 0.00847144145519, 0.00808822363615, 0.00672690477222, 0.0163809340447, 0.00967503711581, 0.0124601200223, 0.00712700467557, 0.00246322294697, 0.00153470179066, 0.00154159264639, 0.00244948733598, 0.000814414233901, 0.00298745022155, 0.00101507385261, 0.000866367598064, 0.000640129903331, 0.000324508844642, 0.000277787941741, 0.000317800906487, 0.000216703134356, 0.000519391614944, 0.000246238254476, 0.000165378674865, 0.000178188711288, 0.000304339278955, 0.000232762264204, 5.76158381591e-05, 0.00018491478113, 0.000114697861136, 0.000134451402118, 9.43187915254e-05, 0.000205699310754, 0.000141868033097, 8.35838291096e-05, 4.25795624324e-05, 2.92318145512e-05],
        "mean": [0.000789787096437, 0.00127573870122, 0.000656790740322, 0.00105273711961, 0.000821929425001, 0.000554252066649, 0.000325363740558, 0.000919200072531, 0.000594033044763, 0.000293086894089, 0.00015874451492, 9.86703817034e-05, 6.14976888755e-05, 4.47865277238e-05, 4.62046009488e-05, 3.12796801154e-05, 8.05706149549e-05, 4.50986190117e-05, 4.20572760049e-05, 2.33529335674e-05, 1.03879920061e-05, 1.0073534213e-05, 1.81394716492e-05, 1.6911792045e-05, 1.62894466484e-05, 1.12302232083e-05, 7.14515499567e-06, 5.78337221668e-06, 5.65489608562e-06, 6.28209909337e-06, 2.42167288889e-06, 4.74295893582e-06, 5.41260533282e-06, 4.03215608458e-06, 4.26892029282e-06, 8.06600746728e-06, 6.1391874624e-06, 3.17086823998e-06, 1.83193128578e-06, 1.59357375651e-06],
        "median": [0.000711698026862, 0.00101931451354, 0.000493286701385, 0.000337999663316, 0.000352519826265, 0.000225602678256, 0.000101511948742, 0.000185618395335, 0.000125608639792, 4.40693984274e-05, 1.47935315908e-05, 1.68496280821e-05, 1.50898849824e-05, 1.26990025819e-05, 1.17549698189e-05, 8.42477220431e-06, 1.31364195113e-05, 7.62893296269e-06, 7.52655660108e-06, 5.6556364143e-06, 3.24686652675e-06, 3.11252620122e-06, 5.18685510542e-06, 6.13335623711e-06, 4.61425588583e-06, 3.27999691763e-06, 2.01347484108e-06, 8.84192274953e-07, 6.99506131241e-07, 8.30209614833e-07, 5.25156963249e-07, 9.19551155221e-07, 1.27617545331e-06, 8.42456529426e-07, 5.62222282952e-07, 5.39038524039e-07, 5.46645082977e-07, 3.42922902519e-07, 2.11394365124e-07, 1.62980583696e-07],
        "min": [6.31388408223e-09, 2.43698696778e-08, 1.24120248302e-07, 8.5897261215e-07, 4.45125351689e-06, 1.78278037311e-06, 9.45090391724e-07, 1.21246341678e-06, 9.63838374446e-07, 2.02019123208e-07, 1.62076759125e-07, 6.04687713235e-08, 1.9332337331e-07, 1.42919304835e-07, 3.21142366033e-08, 8.82565061033e-08, 8.34638740344e-08, 3.0825493269e-08, 7.35838483479e-08, 4.11273859413e-08, 3.35233529825e-08, 2.92527619905e-08, 3.50923130554e-08, 2.64406683215e-08, 9.82143788519e-09, 1.54230423988e-08, 1.75703522842e-08, 5.83803849707e-09, 3.42139183651e-09, 3.85345044762e-09, 5.36008037955e-09, 2.79290080646e-11, 2.74439226899e-09, 1.38602085364e-09, 1.65258279283e-10, 5.28395049937e-10, 1.45674708407e-10, 1.25889134187e-11, 1.13692068997e-13, 4.80201443117e-14],
