{
"highlevel": {
    "danceability": {
        "all": {
            "danceable": 0.143671646714,
            "not_danceable": 0.856328368187
        },
        "probability": 0.856328368187,
        "value": "not_danceable"
    },
    "gender": {
        "all": {
            "female": 0.22957919538,
            "male": 0.770420789719
        },
        "probability": 0.770420789719,
        "value": "male"
    },
    "genre_dortmund": {
        "all": {
            "alternative": 0.125055581331,
            "blues": 0.109689727426,
            "electronic": 0.0116182463244,
            "folkcountry": 0.378340691328,
            "funksoulrnb": 0.011332928203,
            "jazz": 0.0270720310509,
            "pop": 0.054671920836,
            "raphiphop": 0.0022410727106,
            "rock": 0.279977828264
        },
        "probability": 0.378340691328,
        "value": "folkcountry"
    },
    "genre_electronic": {
        "all": {
            "ambient": 0.688600599766,
            "dnb": 0.090734668076,
            "house": 0.0800031498075,
            "techno": 0.00735622737557,
            "trance": 0.133305326104
        },
        "probability": 0.688600599766,
        "value": "ambient"
    },
    "genre_rosamerica": {
        "all": {
            "cla": 0.200603783131,
            "dan": 0.0222672000527,
            "hip": 0.0461230501533,
            "jaz": 0.0309664513916,
            "pop": 0.106342680752,
            "rhy": 0.403528064489,
            "roc": 0.179006054997,
            "spe": 0.0111627327278
        },
        "probability": 0.403528064489,
        "value": "rhy"
    },
    "genre_tzanetakis": {
        "all": {
            "blu": 0.0626613423228,
            "cla": 0.0348169617355,
            "cou": 0.104475811124,
            "dis": 0.0784321576357,
            "hip": 0.15692435205,
            "jaz": 0.313974827528,
            "met": 0.0448166541755,
            "pop": 0.0627359300852,
            "reg": 0.0627360641956,
            "roc": 0.0784258767962
        },
        "probability": 0.313974827528,
        "value": "jaz"
    },
    "ismir04_rhythm": {
        "all": {
            "ChaChaCha": 0.0330900512636,
            "Jive": 0.18586114049,
            "Quickstep": 0.0126975448802,
            "Rumba-American": 0.0015017951373,
            "Rumba-International": 0.0042627681978,
            "Rumba-Misc": 0.00145789247472,
            "Samba": 0.0131269413978,
            "Tango": 0.0260901153088,
            "VienneseWaltz": 0.715070307255,
            "Waltz": 0.00684144860134
        },
        "probability": 0.715070307255,
        "value": "VienneseWaltz"
    },
    "mood_acoustic": {
        "all": {
            "acoustic": 0.0588299706578,
            "not_acoustic": 0.941170036793
        },
        "probability": 0.941170036793,
        "value": "not_acoustic"
    },
    "mood_aggressive": {
        "all": {
            "aggressive": 0.156525462866,
            "not_aggressive": 0.843474507332
        },
        "probability": 0.843474507332,
        "value": "not_aggressive"
    },
    "mood_electronic": {
        "all": {
            "electronic": 0.119031406939,
            "not_electronic": 0.880968570709
        },
        "probability": 0.880968570709,
        "value": "not_electronic"
    },
    "mood_happy": {
        "all": {
            "happy": 0.875351011753,
            "not_happy": 0.124648958445
        },
        "probability": 0.875351011753,
        "value": "happy"
    },
    "mood_party": {
        "all": {
            "not_party": 0.260945379734,
            "party": 0.739054620266
        },
        "probability": 0.739054620266,
        "value": "party"
    },
    "mood_relaxed": {
        "all": {
            "not_relaxed": 0.826333880424,
            "relaxed": 0.173666089773
        },
        "probability": 0.826333880424,
        "value": "not_relaxed"
    },
    "mood_sad": {
        "all": {
            "not_sad": 0.752095162868,
            "sad": 0.247904837132
        },
        "probability": 0.752095162868,
        "value": "not_sad"
    },
    "moods_mirex": {
        "all": {
            "Cluster1": 0.252512693405,
            "Cluster2": 0.363360226154,
            "Cluster3": 0.131177991629,
            "Cluster4": 0.178652599454,
            "Cluster5": 0.0742965042591
        },
        "probability": 0.363360226154,
        "value": "Cluster2"
    },
    "timbre": {
        "all": {
            "bright": 0.981543898582,
            "dark": 0.0184560827911
        },
        "probability": 0.981543898582,
        "value": "bright"
    },
    "tonal_atonal": {
        "all": {
            "atonal": 0.00600249459967,
            "tonal": 0.993997514248
        },
        "probability": 0.993997514248,
        "value": "tonal"
    },
    "voice_instrumental": {
        "all": {
            "instrumental": 0.0011475821957,
            "voice": 0.998852431774
        },
        "probability": 0.998852431774,
        "value": "voice"
    }
},
"lowlevel": {
    "average_loudness": 0.94960218668,
    "barkbands_crest": {
        "dmean": 2.2071120739,
        "dmean2": 3.57519769669,
        "dvar": 3.98502540588,
        "dvar2": 9.59653568268,
        "max": 19.9550476074,
        "mean": 8.14502716064,
        "median": 7.44708204269,
        "min": 2.49821019173,
        "var": 11.4526538849
    },
    "barkbands_flatness_db": {
        "dmean": 0.0163222178817,
        "dmean2": 0.0251666903496,
        "dvar": 0.000222616130486,
        "dvar2": 0.000462630239781,
        "max": 0.271284550428,
        "mean": 0.13044834137,
        "median": 0.126807779074,
        "min": 0.0493173711002,
        "var": 0.000938522745855
    },
    "barkbands_kurtosis": {
        "dmean": 1.21443092823,
        "dmean2": 1.87123298645,
        "dvar": 4.07570934296,
        "dvar2": 8.2097196579,
        "max": 30.0777816772,
        "mean": 1.00711619854,
        "median": -0.0699038505554,
        "min": -1.75983583927,
        "var": 14.2804012299
    },
    "barkbands_skewness": {
        "dmean": 0.403503984213,
        "dmean2": 0.60849660635,
        "dvar": 0.151946038008,
        "dvar2": 0.298275738955,
        "max": 5.00725412369,
        "mean": 0.712810277939,
        "median": 0.535727202892,
        "min": -1.39935779572,
        "var": 1.00808048248
    },
    "barkbands_spread": {
        "dmean": 5.38403749466,
        "dmean2": 8.24933052063,
        "dvar": 24.0929203033,
        "dvar2": 57.1013145447,
        "max": 67.7177810669,
        "mean": 26.4443721771,
        "median": 25.6564216614,
        "min": 4.95551681519,
        "var": 97.2557373047
    },
    "dissonance": {
        "dmean": 0.0149611011147,
        "dmean2": 0.0256058517843,
        "dvar": 0.000212239086977,
        "dvar2": 0.000582513224799,
        "max": 0.499896764755,
        "mean": 0.473021745682,
        "median": 0.477331876755,
        "min": 0.383360266685,
        "var": 0.000401145487558
    },
    "dynamic_complexity": 2.46773433685,
    "erbbands_crest": {
        "dmean": 2.69488525391,
        "dmean2": 4.32925701141,
        "dvar": 7.45677137375,
        "dvar2": 18.0548267365,
        "max": 28.8028240204,
        "mean": 9.21518611908,
        "median": 8.07776069641,
        "min": 2.62729787827,
        "var": 18.2884788513
    },
    "erbbands_flatness_db": {
        "dmean": 0.0175459459424,
        "dmean2": 0.025642324239,
        "dvar": 0.000256032915786,
        "dvar2": 0.000489781145006,
        "max": 0.291186898947,
        "mean": 0.18109574914,
        "median": 0.183338806033,
        "min": 0.0722186639905,
        "var": 0.00133010675199
    },
    "erbbands_kurtosis": {
        "dmean": 0.739415585995,
        "dmean2": 1.17278218269,
        "dvar": 0.86670422554,
        "dvar2": 2.08879327774,
        "max": 12.9603967667,
        "mean": 0.207281053066,
        "median": -0.0776877403259,
        "min": -1.58838546276,
        "var": 1.69326496124
    },
    "erbbands_skewness": {
        "dmean": 0.31664711237,
        "dmean2": 0.481556594372,
        "dvar": 0.0759359449148,
        "dvar2": 0.16878837347,
        "max": 2.15965652466,
        "mean": 0.0260725524276,
        "median": 0.087769664824,
        "min": -2.24558877945,
        "var": 0.386600226164
    },
    "erbbands_spread": {
        "dmean": 6.05240440369,
        "dmean2": 9.2364025116,
        "dvar": 35.7842559814,
        "dvar2": 71.3723831177,
        "max": 128.325683594,
        "mean": 32.0196762085,
        "median": 28.3450012207,
        "min": 5.74427127838,
        "var": 228.113128662
    },
    "hfc": {
        "dmean": 6.23684644699,
        "dmean2": 8.21790313721,
        "dvar": 61.8329811096,
        "dvar2": 94.8843460083,
        "max": 124.985137939,
        "mean": 21.7820320129,
        "median": 16.9975032806,
        "min": 1.06098282337,
        "var": 347.059387207
    },
    "melbands_crest": {
        "dmean": 3.05728340149,
        "dmean2": 4.92436647415,
        "dvar": 7.65041637421,
        "dvar2": 19.0702896118,
        "max": 28.9198246002,
        "mean": 12.1903800964,
        "median": 11.3492136002,
        "min": 3.16348052025,
        "var": 23.4425354004
    },
    "melbands_flatness_db": {
        "dmean": 0.021410966292,
        "dmean2": 0.0325989052653,
        "dvar": 0.000411599961808,
        "dvar2": 0.000872541277204,
        "max": 0.325306624174,
        "mean": 0.162789002061,
        "median": 0.157494962215,
        "min": 0.0533594340086,
        "var": 0.00221333722584
    },
    "melbands_kurtosis": {
        "dmean": 3.20201587677,
        "dmean2": 4.94227457047,
        "dvar": 31.7072238922,
        "dvar2": 60.3771591187,
        "max": 88.6882781982,
        "mean": 5.75960063934,
        "median": 1.77191400528,
        "min": -1.65417051315,
        "var": 131.838531494
    },
    "melbands_skewness": {
        "dmean": 0.575183153152,
        "dmean2": 0.885889589787,
        "dvar": 0.333338439465,
        "dvar2": 0.694150924683,
        "max": 7.61176967621,
        "mean": 1.67111873627,
        "median": 1.29813981056,
        "min": -0.905572831631,
        "var": 1.99338853359
    },
    "melbands_spread": {
        "dmean": 8.04413890839,
        "dmean2": 12.1264019012,
        "dvar": 65.1547927856,
        "dvar2": 140.722381592,
        "max": 102.893363953,
        "mean": 35.5937995911,
        "median": 33.936706543,
        "min": 3.22407650948,
        "var": 316.845794678
    },
    "pitch_salience": {
        "dmean": 0.0632091015577,
        "dmean2": 0.100358791649,
        "dvar": 0.00269534112886,
        "dvar2": 0.00671824021265,
        "max": 0.801598191261,
        "mean": 0.554835021496,
        "median": 0.558689892292,
        "min": 0.253717213869,
        "var": 0.00858800020069
    },
    "silence_rate_20dB": {
        "dmean": 0,
        "dmean2": 0,
        "dvar": 0,
        "dvar2": 0,
        "max": 1,
        "mean": 1,
        "median": 1,
        "min": 1,
        "var": 0
    },
    "silence_rate_30dB": {
        "dmean": 0,
        "dmean2": 0,
        "dvar": 0,
        "dvar2": 0,
        "max": 1,
        "mean": 1,
        "median": 1,
        "min": 1,
        "var": 0
    },
    "silence_rate_60dB": {
        "dmean": 0.00773993786424,
        "dmean2": 0.0154918665066,
        "dvar": 0.00768011948094,
        "dvar2": 0.0183503963053,
        "max": 1,
        "mean": 0.00618716143072,
        "median": 0,
        "min": 0,
        "var": 0.00614882586524
    },
    "spectral_centroid": {
        "dmean": 245.305465698,
        "dmean2": 365.858276367,
        "dvar": 51901.34375,
        "dvar2": 92184.9375,
        "max": 3236.65185547,
        "mean": 1847.0748291,
        "median": 1882.17321777,
        "min": 436.595794678,
        "var": 333032.625
    },
    "spectral_complexity": {
        "dmean": 4.26083612442,
        "dmean2": 5.9496512413,
        "dvar": 16.346031189,
        "dvar2": 27.2717285156,
        "max": 56,
        "mean": 22.5119876862,
        "median": 22,
        "min": 3,
        "var": 103.13924408
    },
    "spectral_decrease": {
        "dmean": 1.36667366313e-09,
        "dmean2": 2.06100692068e-09,
        "dvar": 2.37082081754e-18,
        "dvar2": 5.30888032654e-18,
        "max": -3.25197008211e-10,
        "mean": -4.60806237612e-09,
        "median": -4.14745482402e-09,
        "min": -2.42127917716e-08,
        "var": 7.46171010135e-18
    },
    "spectral_energy": {
        "dmean": 0.00560764968395,
        "dmean2": 0.008326231502,
        "dvar": 3.96808718506e-05,
        "dvar2": 8.52571320138e-05,
        "max": 0.102721065283,
        "mean": 0.0193676073104,
        "median": 0.017169944942,
        "min": 0.00160019949544,
        "var": 0.000138117989991
    },
    "spectral_energyband_high": {
        "dmean": 0.000215282474528,
        "dmean2": 0.000297266524285,
        "dvar": 1.19843136304e-07,
        "dvar2": 2.11003381878e-07,
        "max": 0.00494420016184,
        "mean": 0.000572612334508,
        "median": 0.0003605777747,
        "min": 6.95021026331e-06,
        "var": 3.9055080947e-07
    },
    "spectral_energyband_low": {
        "dmean": 0.0027840079274,
        "dmean2": 0.00472514983267,
        "dvar": 1.46583497553e-05,
        "dvar2": 3.9729209675e-05,
        "max": 0.0326753668487,
        "mean": 0.00503090163693,
        "median": 0.00366453151219,
        "min": 6.42341037747e-05,
        "var": 1.89085112652e-05
    },
    "spectral_energyband_middle_high": {
        "dmean": 0.00312280398794,
        "dmean2": 0.00435249926522,
        "dvar": 2.28522167163e-05,
        "dvar2": 4.09299500461e-05,
        "max": 0.0961261466146,
        "mean": 0.00876715220511,
        "median": 0.00606054905802,
        "min": 0.000119128162623,
        "var": 9.06984787434e-05
    },
    "spectral_energyband_middle_low": {
        "dmean": 0.0018259548815,
        "dmean2": 0.00294825807214,
        "dvar": 4.23118808612e-06,
        "dvar2": 1.08688891487e-05,
        "max": 0.0227108299732,
        "mean": 0.00550808478147,
        "median": 0.00459433021024,
        "min": 0.000390264787711,
        "var": 1.28968913486e-05
    },
    "spectral_entropy": {
        "dmean": 0.11080159992,
        "dmean2": 0.159231394529,
        "dvar": 0.0112067591399,
        "dvar2": 0.020263645798,
        "max": 8.40441989899,
        "mean": 7.62815761566,
        "median": 7.62027311325,
        "min": 6.8728890419,
        "var": 0.0509370006621
    },
    "spectral_flux": {
        "dmean": 0.0190124996006,
        "dmean2": 0.0288939885795,
        "dvar": 0.000322642648825,
        "dvar2": 0.000713471032213,
        "max": 0.24114857614,
        "mean": 0.0773002430797,
        "median": 0.0727105587721,
        "min": 0.0179129876196,
        "var": 0.00112611160148
    },
    "spectral_kurtosis": {
        "dmean": 1.59798574448,
        "dmean2": 2.80317282677,
        "dvar": 2.2718501091,
        "dvar2": 6.90303421021,
        "max": 14.6535720825,
        "mean": 3.64854741096,
        "median": 3.26957178116,
        "min": -0.505951166153,
        "var": 3.83505678177
    },
    "spectral_rms": {
        "dmean": 0.000614186399616,
        "dmean2": 0.000899003702216,
        "dvar": 3.39329972121e-07,
        "dvar2": 7.16490148989e-07,
        "max": 0.0100107779726,
        "mean": 0.00416698912159,
        "median": 0.0040928190574,
        "min": 0.00124946795404,
        "var": 1.53140706516e-06
    },
    "spectral_rolloff": {
        "dmean": 459.446746826,
        "dmean2": 768.141052246,
        "dvar": 360503.65625,
        "dvar2": 842940.875,
        "max": 6847.55859375,
        "mean": 1903.19836426,
        "median": 1722.65625,
        "min": 129.19921875,
        "var": 1010018.5
    },
    "spectral_skewness": {
        "dmean": 0.208288773894,
        "dmean2": 0.348561018705,
        "dvar": 0.0339955464005,
        "dvar2": 0.0916725471616,
        "max": 3.32619929314,
        "mean": 1.1510361433,
        "median": 1.13705348969,
        "min": 0.192031413317,
        "var": 0.079307988286
    },
    "spectral_spread": {
        "dmean": 350789.78125,
        "dmean2": 491413.96875,
        "dvar": 173511737344,
        "dvar2": 270159003648,
        "max": 9927844,
        "mean": 3544509,
        "median": 3372666,
        "min": 1914668.625,
        "var": 801722859520
    },
    "spectral_strongpeak": {
        "dmean": 0.905144274235,
        "dmean2": 1.50774312019,
        "dvar": 1.79488062859,
        "dvar2": 4.2725892067,
        "max": 11.1198139191,
        "mean": 1.35306978226,
        "median": 0.438768833876,
        "min": 0,
        "var": 2.945571661
    },
    "zerocrossingrate": {
        "dmean": 0.00808800850064,
        "dmean2": 0.00957462377846,
        "dvar": 5.65004302189e-05,
        "dvar2": 7.52860942157e-05,
        "max": 0.1572265625,
        "mean": 0.0673688426614,
        "median": 0.068359375,
        "min": 0.01171875,
        "var": 0.000485273369122
    },
    "barkbands": {
        "dmean": [6.31654329482e-05, 0.00142591446638, 0.00153557187878, 0.000603342312388, 0.000534606049769, 0.00037706803414, 0.000324615160935, 0.000492695777211, 0.000733203894924, 0.000503735500388, 0.000768266443629, 0.000722393335309, 0.000856253085658, 0.000517979788128, 0.000372031790903, 0.000332710216753, 0.000294571887935, 0.000301763240714, 0.000424904399551, 0.000183423733688, 9.09398513613e-05, 5.26991389052e-05, 2.94330911856e-05, 2.31768208323e-05, 1.01779824035e-05, 2.4861417387e-06, 2.54635401653e-09],
        "dmean2": [0.000103710721305, 0.00249320990406, 0.00254891323857, 0.00102441082709, 0.000916957855225, 0.000636910786852, 0.000534299470019, 0.000740564020816, 0.00116747512948, 0.000744719989598, 0.00113988970406, 0.00114687951282, 0.00136296916753, 0.000747646845412, 0.000572094286326, 0.000500980881043, 0.000456494482933, 0.000450709689176, 0.000640100799501, 0.000274492951576, 0.000135627764394, 7.51336192479e-05, 4.28558414569e-05, 3.31079390889e-05, 1.37554025059e-05, 3.55998622581e-06, 3.37727579236e-09],
        "dvar": [5.22497778377e-09, 5.5416721807e-06, 4.22140510636e-06, 7.84611245308e-07, 6.30690294656e-07, 2.51917100513e-07, 2.71799507345e-07, 7.84147459854e-07, 1.32815341658e-06, 3.92976335206e-06, 7.69303551351e-06, 2.23361075768e-06, 4.60006822323e-06, 1.7666726535e-06, 1.19003482268e-06, 6.37427433503e-07, 3.51832568413e-07, 2.4776642249e-07, 5.19092054674e-07, 7.46486250591e-08, 2.66544830652e-08, 8.95924401334e-09, 2.4422777134e-09, 2.03482741767e-09, 3.92762100621e-10, 2.9510872912e-11, 2.64878806958e-15],
        "dvar2": [1.34179396483e-08, 1.57018348546e-05, 1.0980668776e-05, 2.10779694498e-06, 1.70994155724e-06, 6.92823562076e-07, 6.54794916954e-07, 1.72359534645e-06, 3.47253148902e-06, 7.2930429269e-06, 1.40650899993e-05, 5.19108652952e-06, 1.09341972347e-05, 3.23331528307e-06, 2.62793855654e-06, 1.41109535434e-06, 7.56694817028e-07, 5.50378672415e-07, 1.12215661829e-06, 1.55576671546e-07, 5.27835730679e-08, 1.78658741135e-08, 4.84350204388e-09, 3.83211595789e-09, 7.54491358279e-10, 6.36392535891e-11, 2.67760328341e-15],
        "max": [0.00100011110771, 0.0172226168215, 0.021877553314, 0.0119923036546, 0.0064381561242, 0.00576523086056, 0.00859695393592, 0.00978163909167, 0.0170328728855, 0.0626577585936, 0.0759187489748, 0.0259292162955, 0.041898496449, 0.0334542430937, 0.0223212111741, 0.0113821821287, 0.0180213525891, 0.00725822430104, 0.0110179586336, 0.0033558930736, 0.00343205500394, 0.00163622328546, 0.000510420708451, 0.000982676749118, 0.000361594400601, 7.1580929216e-05, 1.83052202374e-06],
        "mean": [0.000176626199391, 0.00176582590211, 0.0026618221309, 0.000929045549128, 0.000775076856371, 0.000781440467108, 0.000487062003231, 0.000876907492056, 0.0015044597676, 0.000840926193632, 0.00120310403872, 0.0012507555075, 0.00132988905534, 0.000783563242294, 0.000516645202879, 0.000568190531339, 0.000626835098956, 0.000566547445487, 0.000899911217857, 0.000382584752515, 0.000208978861338, 0.000110377652163, 6.11386567471e-05, 4.08391751989e-05, 1.59154551511e-05, 3.14545263791e-06, 2.32957009239e-09],
        "median": [0.000156875568791, 0.000993389170617, 0.00169149041176, 0.000570774078369, 0.000503239163663, 0.000599999330007, 0.000287724717055, 0.00031712569762, 0.000886405119672, 0.00021664306405, 0.000197219706024, 0.000504666590132, 0.000359979982022, 0.000258667045273, 0.000160554307513, 0.000136308415676, 0.00021951040253, 0.000286216847599, 0.00041594466893, 0.000223560578888, 9.8553202406e-05, 5.03447226947e-05, 3.63722538168e-05, 1.82512449101e-05, 5.55317319595e-06, 6.59838065076e-07, 2.49776810346e-10],
        "min": [2.15920408664e-05, 6.18085505266e-06, 7.01143562765e-06, 4.51017058367e-06, 1.90698319784e-05, 1.39383464557e-05, 2.52740346696e-06, 3.24835446008e-06, 7.18047476767e-06, 2.19195089812e-06, 9.68837412074e-07, 1.93147138816e-06, 9.35852483508e-07, 2.96231860375e-06, 4.647055448e-06, 5.45836883248e-06, 2.20063543566e-06, 9.67916821537e-06, 3.47112518284e-06, 2.7076700917e-06, 2.82358655568e-06, 7.78541334512e-07, 2.89819809041e-07, 1.68662126043e-07, 4.96458056887e-08, 9.81667525046e-12, 1.14522566777e-11],
        "var": [8.39229397087e-09, 4.96420625495e-06, 8.36663730297e-06, 1.0743490293e-06, 6.88100442403e-07, 4.91393734592e-07, 4.37491564753e-07, 2.15691738958e-06, 3.65269147551e-06, 8.89620787348e-06, 1.5365994841e-05, 5.81785934628e-06, 8.01758142188e-06, 3.15351326208e-06, 1.88016667835e-06, 1.55174291194e-06, 1.52538052589e-06, 5.71698762997e-07, 1.52900076955e-06, 1.98974248633e-07, 8.5467966926e-08, 2.25221725714e-08, 5.05843988918e-09, 4.29153645953e-09, 7.54468598707e-10, 4.05704393691e-11, 2.64316610015e-15]
    },
    "erbbands": {
        "dmean": [0.0229804869741, 0.394083708525, 1.63475167751, 1.75675463676, 2.0623254776, 1.77189314365, 2.57588410378, 2.9400434494, 3.31666636467, 7.08301591873, 11.7134847641, 14.26902771, 13.3208293915, 24.0308170319, 30.7506713867, 26.6913909912, 39.6083183289, 24.4376068115, 21.8381214142, 16.1995735168, 15.3654489517, 16.9294147491, 14.960103035, 19.3421955109, 18.906457901, 7.99906826019, 3.7587082386, 3.61743688583, 2.11551260948, 1.10055196285, 0.80291813612, 0.616918027401, 0.311030864716, 0.13504293561, 0.0648163333535, 0.0169744696468, 0.00367539213039, 0.000293857010547, 8.79132767295e-06, 7.00197006154e-06],
        "dmean2": [0.0393186323345, 0.691476881504, 2.74771094322, 2.89475440979, 3.52571940422, 3.05399751663, 4.41343402863, 4.87587404251, 5.40877199173, 11.6112890244, 17.7617435455, 22.6243896484, 20.3325939178, 35.1798286438, 46.7547264099, 41.509311676, 62.0377616882, 35.1308135986, 31.5615139008, 24.7155056, 22.9384479523, 26.1992912292, 22.5023193359, 28.6654663086, 27.9634456635, 11.4584560394, 5.64985370636, 5.30554294586, 3.04135107994, 1.56479179859, 1.1723678112, 0.897872805595, 0.441060125828, 0.185164257884, 0.0901452228427, 0.0239945184439, 0.00530735403299, 0.000442856311565, 1.20677377708e-05, 1.01135165096e-05],
        "dvar": [0.00143217958976, 0.417601585388, 5.26801109314, 5.15822029114, 11.8822937012, 7.18317556381, 15.9677066803, 14.6714048386, 27.0556488037, 134.865066528, 421.021179199, 571.13104248, 547.506408691, 10900.8222656, 8733.77050781, 3164.58789062, 10105.6826172, 5021.31982422, 3441.8215332, 1416.12280273, 1526.78259277, 1143.64343262, 740.652832031, 1000.7489624, 1142.42407227, 168.427825928, 33.8929138184, 50.3983154297, 13.8883800507, 3.90112614632, 2.05085587502, 1.11020553112, 0.495730429888, 0.0840180441737, 0.0157437287271, 0.00115550972987, 9.29045854718e-05, 6.06336072906e-07, 2.95458296717e-10, 6.14048534242e-11],
        "dvar2": [0.00383117725141, 1.18642437458, 14.0876379013, 13.5572900772, 32.1275253296, 19.8724555969, 45.1519699097, 39.9943847656, 65.5332870483, 323.68963623, 897.99621582, 1478.9798584, 1279.53894043, 22728.1777344, 17444.2480469, 6774.33300781, 24341.8476562, 8772.95703125, 6783.81884766, 3493.66308594, 3308.25805664, 2513.34375, 1672.23486328, 2262.41625977, 2261.89111328, 331.326416016, 71.7454376221, 104.520637512, 28.0722370148, 7.46639204025, 4.22385501862, 2.14188909531, 0.912319362164, 0.168673872948, 0.0307298004627, 0.00235267844982, 0.000216346903471, 1.39143867273e-06, 6.03439409552e-10, 1.24222063191e-10],
        "max": [0.308279722929, 4.479804039, 23.2347335815, 26.598991394, 33.8017616272, 27.1455402374, 58.4652481079, 45.8966140747, 94.486869812, 152.741516113, 248.289230347, 333.992828369, 438.242675781, 2998.50756836, 2134.56030273, 1185.75317383, 1662.82409668, 1838.44836426, 1337.55822754, 629.17199707, 632.64654541, 917.650024414, 364.285797119, 441.890533447, 679.092407227, 207.643295288, 93.7542953491, 161.139755249, 62.5042724609, 25.0047168732, 17.9339542389, 15.7828874588, 18.205745697, 6.90405130386, 1.39541268349, 0.281286537647, 0.186436653137, 0.0140140857548, 0.00029371472192, 0.000129109204863],
        "mean": [0.0301747899503, 0.495470702648, 2.61921811104, 3.45996332169, 2.63230705261, 2.72078347206, 4.71694898605, 5.92667627335, 5.70348453522, 12.3093080521, 23.9924106598, 29.3807315826, 28.2367973328, 37.7771759033, 50.921749115, 52.5429763794, 65.8626327515, 41.0469512939, 34.1737518311, 28.7252292633, 28.5995807648, 36.5926322937, 30.7431354523, 39.6656150818, 42.464881897, 17.8737773895, 8.63251209259, 8.21325492859, 4.53561592102, 2.22346663475, 1.62249946594, 1.17231047153, 0.522588789463, 0.217939451337, 0.0933038890362, 0.0227436181158, 0.00446159066632, 0.000331966206431, 2.01510956686e-05, 2.50057855737e-05],
        "median": [0.0174742825329, 0.284708023071, 1.66414284706, 2.47160315514, 1.62448394299, 1.68548226357, 3.18573355675, 4.38531255722, 3.76790475845, 6.2534532547, 9.64011955261, 15.5458650589, 15.4309921265, 9.83983039856, 13.2142133713, 26.2544269562, 19.0721702576, 15.1790342331, 11.3985261917, 9.16132926941, 8.82159519196, 12.8839616776, 15.9188013077, 20.4568748474, 22.9602584839, 11.1363582611, 5.28585481644, 3.3290784359, 2.16274261475, 1.20608925819, 0.947076559067, 0.593362510204, 0.206414625049, 0.0862778946757, 0.0278533417732, 0.00545804994181, 0.000922775303479, 6.69440123602e-05, 1.42661128848e-05, 2.205954479e-05],
        "min": [0.000468577054562, 0.00123724353034, 0.00601296871901, 0.0376208424568, 0.0579191930592, 0.0501631498337, 0.0682218819857, 0.11215865612, 0.0913188233972, 0.175621494651, 0.127910777926, 0.253592580557, 0.17424082756, 0.126628100872, 0.152296334505, 0.101435951889, 0.0823608711362, 0.191406682134, 0.287313699722, 0.311855316162, 0.229862213135, 0.191891208291, 0.510041773319, 0.316941052675, 0.149654388428, 0.171774819493, 0.101961486042, 0.0914520695806, 0.0329078659415, 0.0190941635519, 0.00652234768495, 0.00468469550833, 0.00155529205222, 0.000555587408599, 0.000103960206616, 1.68330170709e-05, 4.29291958426e-06, 6.14984628555e-07, 1.51899121192e-06, 3.05699768433e-06],
        "var": [0.00145910691936, 0.371030390263, 7.60363864899, 10.511713028, 10.7262926102, 9.53276062012, 24.3840522766, 28.2238731384, 42.6133499146, 283.494995117, 1347.52453613, 1640.51196289, 1807.17419434, 19186.7636719, 15386.34375, 8622.25097656, 18337.1210938, 9002.58398438, 6305.12011719, 3493.17871094, 3811.04125977, 4956.49169922, 1874.52490234, 2464.50952148, 3520.11108398, 460.61315918, 99.8095550537, 155.462020874, 37.2851409912, 8.0783624649, 3.90566921234, 2.48770451546, 0.982367575169, 0.158410772681, 0.0265601053834, 0.00175979698543, 0.000106151870568, 6.80187270063e-07, 4.64730337546e-10, 2.43745107431e-10]
    },
    "gfcc": {
        "mean": [-5.68618583679, 105.776306152, -152.225143433, 48.8709716797, -61.4706230164, 17.114315033, -26.5716724396, 9.53690624237, -23.7996768951, -4.99924039841, -7.05751991272, -10.9050254822, -12.2075099945],
        "cov": [[1823.85253906, -614.486877441, -361.601623535, -177.652008057, 35.8630981445, 136.466278076, -8.16917514801, 145.166793823, -93.4182281494, 120.302078247, -120.380828857, 89.3075180054, -98.6892166138], [-614.486877441, 608.59387207, 29.531332016, -1.35816335678, 16.1014595032, -109.072975159, 111.158851624, -92.5397796631, 83.9785461426, -109.372009277, 80.3162765503, -80.3196258545, 61.6314353943], [-361.601623535, 29.531332016, 626.28314209, 108.983345032, -49.8324890137, 64.4678649902, -78.9694213867, 41.9679069519, -47.1427879333, 15.8228797913, -52.065071106, 36.1885414124, -6.79567098618], [-177.652008057, -1.35816335678, 108.983345032, 227.759414673, 50.5182762146, -15.2048511505, -26.0802345276, -6.16022634506, 36.7455825806, -23.4827384949, -2.71608638763, -34.6317558289, 30.1782779694], [35.8630981445, 16.1014595032, -49.8324890137, 50.5182762146, 217.499038696, 14.0751829147, 23.7801589966, 17.4786186218, -7.51857662201, 15.609369278, 20.3521633148, -11.9166879654, -9.69300365448], [136.466278076, -109.072975159, 64.4678649902, -15.2048511505, 14.0751829147, 141.165237427, 18.140625, 12.9169359207, -32.8614578247, 25.6719169617, -6.41240501404, 11.8010168076, -26.1432437897], [-8.16917514801, 111.158851624, -78.9694213867, -26.0802345276, 23.7801589966, 18.140625, 145.514541626, -15.8590965271, -9.89710140228, -18.3693904877, 61.2380142212, -17.5663909912, -23.3218669891], [145.166793823, -92.5397796631, 41.9679069519, -6.16022634506, 17.4786186218, 12.9169359207, -15.8590965271, 108.63117981, 22.9024276733, 24.8759021759, -38.912021637, 22.8697853088, 1.62577223778], [-93.4182281494, 83.9785461426, -47.1427879333, 36.7455825806, -7.51857662201, -32.8614578247, -9.89710140228, 22.9024276733, 146.369308472, -5.61853933334, -35.7919540405, -24.1518306732, 36.0579109192], [120.302078247, -109.372009277, 15.8228797913, -23.4827384949, 15.609369278, 25.6719169617, -18.3693904877, 24.8759021759, -5.61853933334, 89.2448577881, 8.22293281555, 23.076385498, -35.9493293762], [-120.380828857, 80.3162765503, -52.065071106, -2.71608638763, 20.3521633148, -6.41240501404, 61.2380142212, -38.912021637, -35.7919540405, 8.22293281555, 129.288040161, -8.70911026001, -18.8130817413], [89.3075180054, -80.3196258545, 36.1885414124, -34.6317558289, -11.9166879654, 11.8010168076, -17.5663909912, 22.8697853088, -24.1518306732, 23.076385498, -8.70911026001, 88.5749206543, 17.8202800751], [-98.6892166138, 61.6314353943, -6.79567098618, 30.1782779694, -9.69300365448, -26.1432437897, -23.3218669891, 1.62577223778, 36.0579109192, -35.9493293762, -18.8130817413, 17.8202800751, 117.07169342]],
        "icov": [[0.00133170688059, 0.000280077336356, 0.00124360248446, -0.000175802226295, 0.000224095783778, -0.000825898023322, -0.000282128836261, -0.00136514625046, 0.0012849192135, -0.00087960640667, 0.00166550197173, -0.000602894870099, 0.000583099434152], [0.000280077336356, 0.00955297984183, -0.0051362705417, 0.00680227577686, -0.00399307953194, 0.00626738416031, -0.00597816240042, 0.00651297904551, -0.0078815035522, 0.00677504111081, -0.00472021009773, 0.0053498884663, -0.00412195082754], [0.00124360248446, -0.0051362705417, 0.00661867577583, -0.00575824920088, 0.0034743307624, -0.00540759973228, 0.00384634966031, -0.00602525332943, 0.0069091594778, -0.00471608852968, 0.00485449517146, -0.00446152314544, 0.00343384500593], [-0.000175802226295, 0.00680227577686, -0.00575824920088, 0.0117914509028, -0.00511399609968, 0.00507609872147, -0.00289760553278, 0.00579671468586, -0.00789996702224, 0.00644024601206, -0.00509573193267, 0.00643264409155, -0.00443784287199], [0.000224095783778, -0.00399307953194, 0.0034743307624, -0.00511399609968, 0.00753144081682, -0.00339778116904, 0.00159073923714, -0.0047414964065, 0.00493258284405, -0.00453808018938, 0.00223476113752, -0.00187331903726, 0.00179004995152], [-0.000825898023322, 0.00626738416031, -0.00540759973228, 0.00507609872147, -0.00339778116904, 0.0138722686097, -0.00639512343332, 0.00546928821132, -0.00454266602173, 0.00248372624628, -0.00240641599521, 0.00420885905623, -0.00301700411364], [-0.000282128836261, -0.00597816240042, 0.00384634966031, -0.00289760553278, 0.00159073923714, -0.00639512343332, 0.0149304829538, -0.00501393852755, 0.00326323136687, 0.000901486491784, -0.0028591027949, -0.0031345973257, 0.0049165119417], [-0.00136514625046, 0.00651297904551, -0.00602525332943, 0.00579671468586, -0.0047414964065, 0.00546928821132, -0.00501393852755, 0.0189453531057, -0.00940595939755, 0.0029473095201, -0.00171322771348, 0.00198770524003, -0.00363246747293], [0.0012849192135, -0.0078815035522, 0.0069091594778, -0.00789996702224, 0.00493258284405, -0.00454266602173, 0.00326323136687, -0.00940595939755, 0.0187225826085, -0.00991632137448, 0.00914655160159, -0.0015708161518, 0.000741843017749], [-0.00087960640667, 0.00677504111081, -0.00471608852968, 0.00644024601206, -0.00453808018938, 0.00248372624628, 0.000901486491784, 0.0029473095201, -0.00991632137448, 0.0243729054928, -0.00936735607684, -0.00066900200909, 0.00321046379395], [0.00166550197173, -0.00472021009773, 0.00485449517146, -0.00509573193267, 0.00223476113752, -0.00240641599521, -0.0028591027949, -0.00171322771348, 0.00914655160159, -0.00936735607684, 0.0176676269621, -0.00321388500743, 0.00222090631723], [-0.000602894870099, 0.0053498884663, -0.00446152314544, 0.00643264409155, -0.00187331903726, 0.00420885905623, -0.0031345973257, 0.00198770524003, -0.0015708161518, -0.00066900200909, -0.00321388500743, 0.0202656518668, -0.00843192078173], [0.000583099434152, -0.00412195082754, 0.00343384500593, -0.00443784287199, 0.00179004995152, -0.00301700411364, 0.0049165119417, -0.00363246747293, 0.000741843017749, 0.00321046379395, 0.00222090631723, -0.00843192078173, 0.0154486494139]]
    },
    "melbands": {
        "dmean": [0.000303167646052, 0.000725662393961, 0.000304929184495, 0.000130189189804, 8.17343825474e-05, 6.70977024129e-05, 5.3595053032e-05, 8.35172395455e-05, 0.000102323509054, 9.23635088839e-05, 6.81269375491e-05, 9.65130529949e-05, 0.000116387898743, 7.56660811021e-05, 8.73992321431e-05, 8.04765440989e-05, 4.33660934505e-05, 3.79420853278e-05, 2.53499601968e-05, 2.39329274336e-05, 1.85407952813e-05, 1.83951542567e-05, 1.63933182193e-05, 1.51597541844e-05, 1.74532324309e-05, 1.83493648365e-05, 1.02646499727e-05, 4.76557352158e-06, 2.55907070823e-06, 2.51128858508e-06, 2.09283530239e-06, 1.37142080803e-06, 8.57608426941e-07, 5.79366144393e-07, 4.60288106297e-07, 5.3293547353e-07, 3.51392344555e-07, 2.47377840878e-07, 1.57664402423e-07, 1.04182333871e-07],
        "dmean2": [0.000525752839167, 0.00123463128693, 0.000505374744534, 0.000225649215281, 0.00013850601681, 0.000111718749395, 8.78439968801e-05, 0.000133395151352, 0.000157206130098, 0.000147241458762, 0.000104078368167, 0.000142730641528, 0.000175318491529, 0.000117094547022, 0.000138833696838, 0.000125156962895, 6.19557831669e-05, 5.68971918256e-05, 3.86318279197e-05, 3.61786114809e-05, 2.81914217339e-05, 2.87336006295e-05, 2.50657121796e-05, 2.28429435083e-05, 2.64097834588e-05, 2.7268744816e-05, 1.53758610395e-05, 7.03970090399e-06, 3.95800043407e-06, 3.91078810935e-06, 3.04154127662e-06, 2.0409586341e-06, 1.27113469262e-06, 8.49219759402e-07, 6.87222723172e-07, 7.88956810993e-07, 5.13680618042e-07, 3.6628503608e-07, 2.21051436711e-07, 1.46888879726e-07],
        "dvar": [2.42049566168e-07, 1.11162194116e-06, 1.68263738942e-07, 4.04145268362e-08, 1.4058441522e-08, 7.35114591421e-09, 6.88231338586e-09, 1.77160863757e-08, 2.90784551993e-08, 2.22796892047e-08, 1.4869875109e-08, 1.76670795327e-07, 1.78601766265e-07, 3.05540233114e-08, 2.81869496632e-08, 5.87675330621e-08, 1.58712420983e-08, 9.5580414694e-09, 5.4115858461e-09, 3.32541816306e-09, 2.77696021733e-09, 1.40053824094e-09, 9.85355685934e-10, 7.220670728e-10, 8.97473928507e-10, 1.21147647469e-09, 2.23869839333e-10, 6.27466342773e-11, 1.37931636598e-11, 2.17234286115e-11, 1.6974735853e-11, 6.2684310867e-12, 2.56408284362e-12, 9.69667488665e-13, 7.10416480417e-13, 7.16961483672e-13, 4.12482819168e-13, 3.35848129905e-13, 1.34339127279e-13, 4.42051553511e-14],
        "dvar2": [6.83966504766e-07, 3.03291767523e-06, 4.44718125436e-07, 1.0831048769e-07, 4.00425257396e-08, 2.00116119231e-08, 1.61824065259e-08, 4.1503803061e-08, 6.22508338211e-08, 5.93642717206e-08, 3.47662556521e-08, 3.60429396551e-07, 3.42863017977e-07, 6.58802008502e-08, 6.89687809086e-08, 1.31947913928e-07, 2.733129989e-08, 1.9001832996e-08, 1.23396306506e-08, 7.21817494664e-09, 6.35501695712e-09, 3.06034264597e-09, 2.20038565146e-09, 1.57343971185e-09, 2.10649830912e-09, 2.51661624873e-09, 4.47673703663e-10, 1.29583010988e-10, 3.24706372901e-11, 4.73961668523e-11, 3.4338649979e-11, 1.34062197107e-11, 5.37062842115e-12, 1.88403220976e-12, 1.52430899934e-12, 1.51262541988e-12, 8.12707865415e-13, 6.25967756362e-13, 2.68752115831e-13, 9.28928835979e-14],
        "max": [0.00388425448909, 0.00961752794683, 0.00514604710042, 0.00169082987122, 0.00167075439822, 0.00105834216811, 0.0014715566067, 0.00158012122847, 0.00272461608984, 0.00203893426806, 0.00235984637402, 0.012436744757, 0.0106349205598, 0.00351982959546, 0.0018742706161, 0.00571477925405, 0.00326835387386, 0.00197609839961, 0.00132133893203, 0.000961784098763, 0.00102885032538, 0.000935329531785, 0.000624831882305, 0.00048807109124, 0.000422643206548, 0.000612721196376, 0.000189691185369, 0.000131175300339, 5.50486402062e-05, 8.52607190609e-05, 8.73042663443e-05, 4.04075799452e-05, 2.38493012148e-05, 1.24024718389e-05, 1.09493603304e-05, 1.01182367871e-05, 1.20384083857e-05, 1.47598193507e-05, 9.18103523873e-06, 4.44179840997e-06],
        "mean": [0.000385343068046, 0.00116420164704, 0.000598586979322, 0.000178886693902, 0.000155349451234, 0.000137522962177, 9.15545242606e-05, 0.000147084516357, 0.000211858074181, 0.000187685916899, 0.00013766468328, 0.000146170292282, 0.000184280506801, 0.000131800465169, 0.000160423573107, 0.000118434079923, 6.92330868333e-05, 5.68107134313e-05, 3.75460149371e-05, 4.06544168072e-05, 3.06601723423e-05, 3.75138188247e-05, 3.11167459586e-05, 2.74607336905e-05, 3.18902966683e-05, 3.72055983462e-05, 2.12696086237e-05, 9.44152270677e-06, 5.17682155987e-06, 5.23484959558e-06, 4.45037767349e-06, 2.78378070107e-06, 1.56815269747e-06, 1.1010538401e-06, 8.5626783175e-07, 1.01996772628e-06, 6.02372494996e-07, 3.98964004944e-07, 2.44509237746e-07, 1.60028918117e-07],
        "median": [0.000231274723774, 0.000782881863415, 0.000456370529719, 0.00012091397366, 0.000110357883386, 0.000103741323983, 6.21859362582e-05, 7.65187942307e-05, 8.63672539708e-05, 0.00010960749205, 7.38509770599e-05, 3.23283675243e-05, 3.68177315977e-05, 4.57110691059e-05, 6.18422927801e-05, 3.16626428685e-05, 2.32554084505e-05, 1.65373803611e-05, 1.2459523532e-05, 9.36646574701e-06, 9.15914552024e-06, 1.25428823594e-05, 1.20657668958e-05, 1.32591685542e-05, 1.5371662812e-05, 1.71441060957e-05, 1.25572742036e-05, 5.3604335335e-06, 3.24663187712e-06, 2.35420020545e-06, 1.65743540492e-06, 1.26048473703e-06, 7.53755784899e-07, 6.07512106399e-07, 4.8109728823e-07, 5.72072110572e-07, 2.80316072576e-07, 1.62715522833e-07, 8.76791048654e-08, 6.4644488873e-08],
        "min": [8.13069618744e-06, 2.65582730208e-06, 5.07320646648e-06, 5.58939609618e-06, 2.66667871074e-06, 2.37926565205e-06, 1.63747756687e-06, 5.62175443974e-07, 9.57116981226e-07, 1.09588199848e-06, 6.48891614219e-07, 3.57170080179e-07, 5.04953334257e-07, 2.78821545407e-07, 1.88550046687e-07, 1.80977124842e-07, 2.90464726049e-07, 3.41539021065e-07, 3.85180527473e-07, 2.8338553193e-07, 2.02065663757e-07, 1.31261288061e-07, 1.68423397895e-07, 3.16849281035e-07, 1.91414471828e-07, 5.33276676151e-08, 1.88423939562e-07, 6.42456612354e-08, 5.14153839504e-08, 4.14450482822e-08, 4.03957720607e-08, 1.88326492179e-08, 1.4061159348e-08, 8.58823501204e-09, 3.32622862587e-09, 2.84989121191e-09, 2.47041742618e-09, 1.24361210219e-09, 4.57690302325e-10, 2.55364979163e-10],
