{
"highlevel": {
    "danceability": {
        "all": {
            "danceable": 0.971821904182,
            "not_danceable": 0.0281781069934
        },
        "probability": 0.971821904182,
        "value": "danceable"
    },
    "gender": {
        "all": {
            "female": 0.932650506496,
            "male": 0.0673495009542
        },
        "probability": 0.932650506496,
        "value": "female"
    },
    "genre_dortmund": {
        "all": {
            "alternative": 0.0421978086233,
            "blues": 0.0265087988228,
            "electronic": 0.574235498905,
            "folkcountry": 0.0430864877999,
            "funksoulrnb": 0.0271484293044,
            "jazz": 0.017671091482,
            "pop": 0.19121158123,
            "raphiphop": 0.0396507494152,
            "rock": 0.0382895730436
        },
        "probability": 0.574235498905,
        "value": "electronic"
    },
    "genre_electronic": {
        "all": {
            "ambient": 0.458641171455,
            "dnb": 0.276093482971,
            "house": 0.180898085237,
            "techno": 0.0212961696088,
            "trance": 0.0630710944533
        },
        "probability": 0.458641171455,
        "value": "ambient"
    },
    "genre_rosamerica": {
        "all": {
            "cla": 0.0111430669203,
            "dan": 0.0340592525899,
            "hip": 0.0170951709151,
            "jaz": 0.00857181847095,
            "pop": 0.695175468922,
            "rhy": 0.137538850307,
            "roc": 0.0915314406157,
            "spe": 0.00488491682336
        },
        "probability": 0.695175468922,
        "value": "pop"
    },
    "genre_tzanetakis": {
        "all": {
            "blu": 1.69366931368e-14,
            "cla": 1.09051070447e-14,
            "cou": 2.16908451243e-14,
            "dis": 2.15938835687e-14,
            "hip": 4.29717195258e-14,
            "jaz": 0.999999940395,
            "met": 2.0000017642e-08,
            "pop": 2.0000017642e-08,
            "reg": 1.66666822565e-08,
            "roc": 2.50000233848e-08
        },
        "probability": 0.999999940395,
        "value": "jaz"
    },
    "ismir04_rhythm": {
        "all": {
            "ChaChaCha": 0.0658136829734,
            "Jive": 0.0307276062667,
            "Quickstep": 0.047878369689,
            "Rumba-American": 0.0205376036465,
            "Rumba-International": 0.394152283669,
            "Rumba-Misc": 0.0483748614788,
            "Samba": 0.140631824732,
            "Tango": 0.0366171710193,
            "VienneseWaltz": 0.15918931365,
            "Waltz": 0.0560772977769
        },
        "probability": 0.394152283669,
        "value": "Rumba-International"
    },
    "mood_acoustic": {
        "all": {
            "acoustic": 3.93108894059e-06,
            "not_acoustic": 0.999996066093
        },
        "probability": 0.999996066093,
        "value": "not_acoustic"
    },
    "mood_aggressive": {
        "all": {
            "aggressive": 4.32626711699e-06,
            "not_aggressive": 0.999995648861
        },
        "probability": 0.999995648861,
        "value": "not_aggressive"
    },
    "mood_electronic": {
        "all": {
            "electronic": 0.963308274746,
            "not_electronic": 0.0366917327046
        },
        "probability": 0.963308274746,
        "value": "electronic"
    },
    "mood_happy": {
        "all": {
            "happy": 0.109979711473,
            "not_happy": 0.890020310879
        },
        "probability": 0.890020310879,
        "value": "not_happy"
    },
    "mood_party": {
        "all": {
            "not_party": 0.806116104126,
            "party": 0.193883910775
        },
        "probability": 0.806116104126,
        "value": "not_party"
    },
    "mood_relaxed": {
        "all": {
            "not_relaxed": 0.284228086472,
            "relaxed": 0.715771913528
        },
        "probability": 0.715771913528,
        "value": "relaxed"
    },
    "mood_sad": {
        "all": {
            "not_sad": 0.667774021626,
            "sad": 0.332225948572
        },
        "probability": 0.667774021626,
        "value": "not_sad"
    },
    "moods_mirex": {
        "all": {
            "Cluster1": 0.210085764527,
            "Cluster2": 0.143481567502,
            "Cluster3": 0.161968901753,
            "Cluster4": 0.208755224943,
            "Cluster5": 0.275708526373
        },
        "probability": 0.275708526373,
        "value": "Cluster5"
    },
    "timbre": {
        "all": {
            "bright": 0.0283497218043,
            "dark": 0.97165030241
        },
        "probability": 0.97165030241,
        "value": "dark"
    },
    "tonal_atonal": {
        "all": {
            "atonal": 0.647564649582,
            "tonal": 0.352435350418
        },
        "probability": 0.647564649582,
        "value": "atonal"
    },
    "voice_instrumental": {
        "all": {
            "instrumental": 0.000109137581603,
            "voice": 0.999890863895
        },
        "probability": 0.999890863895,
        "value": "voice"
    }
},
"lowlevel": {
    "average_loudness": 0.891096770763,
    "barkbands_crest": {
        "dmean": 2.0643517971,
        "dmean2": 3.12243556976,
        "dvar": 4.13354110718,
        "dvar2": 10.4211378098,
        "max": 22.1647624969,
        "mean": 12.0119180679,
        "median": 11.6310214996,
        "min": 3.90188097954,
        "var": 17.9536514282
    },
    "barkbands_flatness_db": {
        "dmean": 0.0266714692116,
        "dmean2": 0.0379972904921,
        "dvar": 0.000627403729595,
        "dvar2": 0.00131200312171,
        "max": 0.415139108896,
        "mean": 0.219733968377,
        "median": 0.221788689494,
        "min": 0.0770547017455,
        "var": 0.00296748313121
    },
    "barkbands_kurtosis": {
        "dmean": 4.10971450806,
        "dmean2": 6.11140966415,
        "dvar": 49.1962394714,
        "dvar2": 116.279510498,
        "max": 87.0931472778,
        "mean": 7.26448154449,
        "median": 2.68853187561,
        "min": -1.72023689747,
        "var": 108.916145325
    },
    "barkbands_skewness": {
        "dmean": 0.602397978306,
        "dmean2": 0.859596729279,
        "dvar": 0.430096000433,
        "dvar2": 0.942302465439,
        "max": 8.17037010193,
        "mean": 2.04317212105,
        "median": 1.58411586285,
        "min": -0.540692090988,
        "var": 2.1256377697
    },
    "barkbands_spread": {
        "dmean": 3.528642416,
        "dmean2": 5.17153167725,
        "dvar": 27.706495285,
        "dvar2": 55.352016449,
        "max": 82.8196640015,
        "mean": 12.7810735703,
        "median": 9.36793231964,
        "min": 1.43284165859,
        "var": 91.4288330078
    },
    "dissonance": {
        "dmean": 0.0266729593277,
        "dmean2": 0.0444797463715,
        "dvar": 0.000527755822986,
        "dvar2": 0.00150222738739,
        "max": 0.499999582767,
        "mean": 0.448870301247,
        "median": 0.454403370619,
        "min": 0.299371153116,
        "var": 0.0010349326767
    },
    "dynamic_complexity": 2.400639534,
    "erbbands_crest": {
        "dmean": 3.24674153328,
        "dmean2": 5.28893041611,
        "dvar": 8.85924053192,
        "dvar2": 20.8420505524,
        "max": 25.9346694946,
        "mean": 9.93367195129,
        "median": 8.78742218018,
        "min": 2.56353116035,
        "var": 18.3575000763
    },
    "erbbands_flatness_db": {
        "dmean": 0.0229882542044,
        "dmean2": 0.0343464575708,
        "dvar": 0.00043776750681,
        "dvar2": 0.000979438656941,
        "max": 0.366591513157,
        "mean": 0.213152706623,
        "median": 0.189918071032,
        "min": 0.0587186031044,
        "var": 0.00609119515866
    },
    "erbbands_kurtosis": {
        "dmean": 1.07287228107,
        "dmean2": 1.65481030941,
        "dvar": 1.63707649708,
        "dvar2": 3.56953835487,
        "max": 13.7756385803,
        "mean": 0.90427082777,
        "median": 0.233728885651,
        "min": -1.71630573273,
        "var": 4.3619389534
    },
    "erbbands_skewness": {
        "dmean": 0.356000989676,
        "dmean2": 0.54678696394,
        "dvar": 0.108755044639,
        "dvar2": 0.254738390446,
        "max": 2.33907032013,
        "mean": 0.445777654648,
        "median": 0.450261503458,
        "min": -1.84948551655,
        "var": 0.283830970526
    },
    "erbbands_spread": {
        "dmean": 7.64622116089,
        "dmean2": 11.1432352066,
        "dvar": 116.421485901,
        "dvar2": 238.442443848,
        "max": 153.435699463,
        "mean": 27.0490951538,
        "median": 20.909444809,
        "min": 4.78845882416,
        "var": 385.631408691
    },
    "hfc": {
        "dmean": 6.9453754425,
        "dmean2": 9.70905590057,
        "dvar": 134.98840332,
        "dvar2": 280.882843018,
        "max": 152.625778198,
        "mean": 22.2822971344,
        "median": 14.3436613083,
        "min": 0.312286198139,
        "var": 447.461090088
    },
    "melbands_crest": {
        "dmean": 2.58175396919,
        "dmean2": 3.97012710571,
        "dvar": 7.76373672485,
        "dvar2": 18.3391933441,
        "max": 36.5802154541,
        "mean": 21.3802185059,
        "median": 22.3825359344,
        "min": 5.12270069122,
        "var": 83.981338501
    },
    "melbands_flatness_db": {
        "dmean": 0.0325646437705,
        "dmean2": 0.0457428842783,
        "dvar": 0.000961320474744,
        "dvar2": 0.00195995066315,
        "max": 0.531584560871,
        "mean": 0.289638638496,
        "median": 0.290467113256,
        "min": 0.11282158643,
        "var": 0.00429358612746
    },
    "melbands_kurtosis": {
        "dmean": 9.90122127533,
        "dmean2": 14.5471277237,
        "dvar": 425.314086914,
        "dvar2": 1022.28283691,
        "max": 338.427825928,
        "mean": 18.3730583191,
        "median": 6.08717346191,
        "min": -1.56639158726,
        "var": 879.845825195
    },
    "melbands_skewness": {
        "dmean": 0.841691613197,
        "dmean2": 1.1957141161,
        "dvar": 1.07153069973,
        "dvar2": 2.24618601799,
        "max": 16.5081729889,
        "mean": 2.95579147339,
        "median": 2.19225072861,
        "min": -0.846513867378,
        "var": 5.0703830719
    },
    "melbands_spread": {
        "dmean": 3.79392790794,
        "dmean2": 5.33395290375,
        "dvar": 24.0111255646,
        "dvar2": 46.0295562744,
        "max": 73.3032455444,
        "mean": 13.2461500168,
        "median": 11.2201776505,
        "min": 1.25035142899,
        "var": 83.0379714966
    },
    "pitch_salience": {
        "dmean": 0.0597676150501,
        "dmean2": 0.0967614725232,
        "dvar": 0.00342259602621,
        "dvar2": 0.00893305242062,
        "max": 0.782897830009,
        "mean": 0.454816758633,
        "median": 0.440602302551,
        "min": 0.106525093317,
        "var": 0.0260562114418
    },
    "silence_rate_20dB": {
        "dmean": 0,
        "dmean2": 0,
        "dvar": 0,
        "dvar2": 0,
        "max": 1,
        "mean": 1,
        "median": 1,
        "min": 1,
        "var": 0
    },
    "silence_rate_30dB": {
        "dmean": 0.0758513957262,
        "dmean2": 0.151820287108,
        "dvar": 0.0700972229242,
        "dvar2": 0.172151565552,
        "max": 1,
        "mean": 0.731631875038,
        "median": 1,
        "min": 0,
        "var": 0.19634604454
    },
    "silence_rate_60dB": {
        "dmean": 0.0030959751457,
        "dmean2": 0.00619674660265,
        "dvar": 0.00308637367561,
        "dvar2": 0.00615841941908,
        "max": 1,
        "mean": 0.00773395225406,
        "median": 0,
        "min": 0,
        "var": 0.00767422374338
    },
    "spectral_centroid": {
        "dmean": 186.942703247,
        "dmean2": 271.759521484,
        "dvar": 68419.125,
        "dvar2": 147033.625,
        "max": 3288.26977539,
        "mean": 970.424133301,
        "median": 846.349731445,
        "min": 373.154418945,
        "var": 190957
    },
    "spectral_complexity": {
        "dmean": 3.01625394821,
        "dmean2": 4.58481788635,
        "dvar": 11.4216032028,
        "dvar2": 21.6402835846,
        "max": 56,
        "mean": 18.3689098358,
        "median": 17,
        "min": 1,
        "var": 47.9356689453
    },
    "spectral_decrease": {
        "dmean": 2.25391549868e-09,
        "dmean2": 3.34004002234e-09,
        "dvar": 1.09213533087e-17,
        "dvar2": 2.8494327312e-17,
        "max": -1.03549391284e-10,
        "mean": -1.77053891548e-08,
        "median": -2.09038155674e-08,
        "min": -5.49693375262e-08,
        "var": 1.50087713453e-16
    },
    "spectral_energy": {
        "dmean": 0.00867269095033,
        "dmean2": 0.0128349969164,
        "dvar": 0.000155175424879,
        "dvar2": 0.000400047458243,
        "max": 0.210274994373,
        "mean": 0.0688453391194,
        "median": 0.0815884023905,
        "min": 0.000419144053012,
        "var": 0.00222206837498
    },
    "spectral_energyband_high": {
        "dmean": 0.000335215823725,
        "dmean2": 0.000492285820656,
        "dvar": 7.07469439476e-07,
        "dvar2": 1.54199619828e-06,
        "max": 0.0149747943506,
        "mean": 0.000571275828406,
        "median": 0.000149468047312,
        "min": 2.33173508946e-07,
        "var": 1.5624639218e-06
    },
    "spectral_energyband_low": {
        "dmean": 0.00783143285662,
        "dmean2": 0.0112820463255,
        "dvar": 0.000193241634406,
        "dvar2": 0.000505694828462,
        "max": 0.198290422559,
        "mean": 0.0488867498934,
        "median": 0.0508258342743,
        "min": 2.95303586029e-08,
        "var": 0.00182108918671
    },
    "spectral_energyband_middle_high": {
        "dmean": 0.00344268558547,
        "dmean2": 0.00473261671141,
        "dvar": 2.81153315882e-05,
        "dvar2": 5.0654529332e-05,
        "max": 0.0673006698489,
        "mean": 0.00820071808994,
        "median": 0.00319598359056,
        "min": 0.000115621376608,
        "var": 0.00011097904644
    },
    "spectral_energyband_middle_low": {
        "dmean": 0.00389723177068,
        "dmean2": 0.0059696235694,
        "dvar": 1.90993905562e-05,
        "dvar2": 4.51854175481e-05,
        "max": 0.0494233779609,
        "mean": 0.0113344183192,
        "median": 0.00916843954474,
        "min": 0.000309527618811,
        "var": 4.8843161494e-05
    },
    "spectral_entropy": {
        "dmean": 0.196764409542,
        "dmean2": 0.294695734978,
        "dvar": 0.0358559526503,
        "dvar2": 0.0813984721899,
        "max": 8.50502109528,
        "mean": 7.22554969788,
        "median": 7.2974653244,
        "min": 5.73601102829,
        "var": 0.231927484274
    },
    "spectral_flux": {
        "dmean": 0.0219104047865,
        "dmean2": 0.0354668423533,
        "dvar": 0.000613802927546,
        "dvar2": 0.00130450259894,
        "max": 0.344699621201,
        "mean": 0.0879154577851,
        "median": 0.0792567059398,
        "min": 0.00738563667983,
        "var": 0.00226397044025
    },
    "spectral_kurtosis": {
        "dmean": 6.8738732338,
        "dmean2": 11.6468448639,
        "dvar": 95.3739624023,
        "dvar2": 271.251556396,
        "max": 80.231552124,
        "mean": 12.7330532074,
        "median": 6.37399768829,
        "min": -1.57648313046,
        "var": 210.251617432
    },
    "spectral_rms": {
        "dmean": 0.000522318179719,
        "dmean2": 0.00076368910959,
        "dvar": 3.58807483281e-07,
        "dvar2": 8.54573215747e-07,
        "max": 0.0143229309469,
        "mean": 0.0074752937071,
        "median": 0.00892179552466,
        "min": 0.000639469362795,
        "var": 1.12861007437e-05
    },
    "spectral_rolloff": {
        "dmean": 203.348464966,
        "dmean2": 333.155487061,
        "dvar": 197711.859375,
        "dvar2": 407706.40625,
        "max": 8936.27929688,
        "mean": 719.452697754,
        "median": 796.728515625,
        "min": 43.06640625,
        "var": 398296.4375
    },
    "spectral_skewness": {
        "dmean": 0.553968310356,
        "dmean2": 0.905127167702,
        "dvar": 0.364278882742,
        "dvar2": 1.03636348248,
        "max": 6.69948863983,
        "mean": 2.28966212273,
        "median": 1.99219965935,
        "min": 0.260484516621,
        "var": 1.03925657272
    },
    "spectral_spread": {
        "dmean": 639274.4375,
        "dmean2": 880700.75,
        "dvar": 886099738624,
        "dvar2": 1.22179341517e+12,
        "max": 17848758,
        "mean": 3494995.5,
        "median": 3365917.25,
        "min": 800999.375,
        "var": 5.3001804841e+12
    },
    "spectral_strongpeak": {
        "dmean": 0.247926011682,
        "dmean2": 0.422828525305,
        "dvar": 0.324755698442,
        "dvar2": 0.735504627228,
        "max": 6.9222946167,
        "mean": 0.618486821651,
        "median": 0.399836540222,
        "min": 0,
        "var": 0.593653678894
    },
    "zerocrossingrate": {
        "dmean": 0.00523012690246,
        "dmean2": 0.00640665832907,
        "dvar": 3.52819552063e-05,
        "dvar2": 4.60843366454e-05,
        "max": 0.1240234375,
        "mean": 0.029296496883,
        "median": 0.029296875,
        "min": 0.001953125,
        "var": 0.000209370031371
    },
    "barkbands": {
        "dmean": [0.00224912120029, 0.00701931631193, 0.0017551650526, 0.000527414027601, 0.00100785517134, 0.00148309487849, 0.00061620894121, 0.00117334839888, 0.00109257909935, 0.00238136900589, 0.000786826130934, 0.000477841531392, 0.000463716947706, 0.000607636466157, 0.000332948518917, 0.000195039610844, 0.000136985792778, 0.000157108384883, 0.000138714996865, 0.000230538455071, 5.2421426517e-05, 4.47266211268e-05, 6.66172782076e-05, 7.93111175881e-05, 9.16859935387e-05, 1.11068811748e-05, 1.20155290162e-08],
        "dmean2": [0.00339301885106, 0.00999274011701, 0.00287468358874, 0.000912952586077, 0.00156176334713, 0.00228957645595, 0.000953897659201, 0.00183805520646, 0.00173860380892, 0.00360556365922, 0.00119754055049, 0.000755184679292, 0.000700495555066, 0.000923375424463, 0.000514828949235, 0.000308901246171, 0.000210390688153, 0.000248382712016, 0.000211749560549, 0.000395772774937, 8.15316598164e-05, 7.40143514122e-05, 0.000110455323011, 0.000116958697618, 0.000125323917018, 1.64527409652e-05, 2.00223198021e-08],
        "dvar": [9.48027081904e-06, 0.000168162790942, 3.30250659317e-05, 2.84719271804e-06, 2.80062386082e-06, 3.91983076042e-06, 9.40555878515e-07, 3.97688245357e-06, 5.54897542315e-06, 1.84137825272e-05, 3.38516178999e-06, 1.2030848211e-06, 1.60341130595e-06, 1.81701227575e-06, 3.98653412503e-07, 2.41100252651e-07, 1.55174163297e-07, 2.36447036173e-07, 2.41835266479e-07, 1.68987764937e-06, 1.02836184013e-08, 1.42408005388e-08, 2.76195546434e-08, 9.62639248314e-08, 1.86383161349e-07, 2.00273131412e-09, 5.23358618812e-15],
        "dvar2": [1.92292227439e-05, 0.000481808441691, 9.28972003749e-05, 8.29241798783e-06, 7.20017897038e-06, 9.74660088104e-06, 2.21223695007e-06, 9.33027240535e-06, 1.26544118757e-05, 4.14343448938e-05, 7.57816405894e-06, 3.17172793984e-06, 3.62038372259e-06, 3.70089196622e-06, 8.86714019543e-07, 5.23889525539e-07, 3.18324595128e-07, 5.29405326688e-07, 5.31437194695e-07, 4.74235912407e-06, 2.24033929186e-08, 3.66300554333e-08, 7.56122204848e-08, 2.02038549446e-07, 3.84302495604e-07, 4.3734731392e-09, 1.27443238932e-14],
        "max": [0.0429539866745, 0.150614321232, 0.0652054846287, 0.0178146474063, 0.0294595658779, 0.021631333977, 0.0133267715573, 0.0226852353662, 0.0351952686906, 0.0464972741902, 0.0336577445269, 0.0198751538992, 0.0255415663123, 0.034473143518, 0.00979410856962, 0.0104746622965, 0.00590811995789, 0.00639213435352, 0.00717574823648, 0.0165884289891, 0.00125435518567, 0.000986136612482, 0.00163040298503, 0.00614448590204, 0.00830313190818, 0.000907964131329, 1.68576616488e-06],
        "mean": [0.0131437033415, 0.0334849469364, 0.00272427289747, 0.000758592621423, 0.0020303837955, 0.00310939573683, 0.00113758444786, 0.00155993620865, 0.0015672093723, 0.00331221707165, 0.00133533182088, 0.000780369155109, 0.000705380458385, 0.00102542690001, 0.000522476038896, 0.000311276497087, 0.000211775972275, 0.000222733826376, 0.000187767480384, 0.000225209136261, 8.19288688945e-05, 4.86484059365e-05, 8.76888880157e-05, 0.000117946874525, 0.000138257993967, 1.48451899804e-05, 9.54928403019e-09],
        "median": [0.0154491569847, 0.0273258313537, 0.00142589095049, 0.000410353648476, 0.00115072762128, 0.00227782246657, 0.000686312094331, 0.000713894783985, 0.000686421233695, 0.000935115618631, 0.000458944559796, 0.000333465373842, 0.000195240994799, 0.000376396201318, 0.000208318029763, 0.000117999887152, 7.25400095689e-05, 6.03515909461e-05, 3.96944051317e-05, 3.17880621878e-05, 1.90505943465e-05, 7.58370515541e-06, 1.58966013259e-05, 1.47339014802e-05, 1.16701939987e-05, 1.00860381735e-06, 7.90441823106e-10],
        "min": [8.24421975132e-10, 1.35707578508e-09, 4.70991246004e-09, 3.02578513356e-08, 3.64856123269e-06, 5.68992163608e-06, 8.8340414095e-07, 9.84302823781e-06, 3.25237101606e-06, 2.6781903216e-05, 6.50207630315e-06, 6.66874211674e-06, 1.05242143036e-05, 1.13161377158e-05, 1.08120025288e-06, 4.69208345066e-07, 2.11378392123e-07, 1.39252080089e-07, 6.4182074766e-08, 1.74149931809e-07, 1.86556103898e-08, 2.3992172693e-09, 7.13914927175e-10, 6.35022806908e-12, 4.43521651697e-12, 7.42042104845e-12, 8.75001980594e-12],
        "var": [0.0001171992335, 0.00105169962626, 2.65958406089e-05, 1.96905352823e-06, 6.44608326184e-06, 7.80061873229e-06, 2.049816203e-06, 5.5714631344e-06, 8.53478741192e-06, 3.51772396243e-05, 8.61130865815e-06, 2.22856306209e-06, 3.05472326545e-06, 4.14709165852e-06, 7.67678557168e-07, 4.64491961338e-07, 2.56017216316e-07, 2.97654679571e-07, 2.75970478469e-07, 1.07913831471e-06, 1.87373707661e-08, 1.33788242707e-08, 2.93404767149e-08, 1.79930282229e-07, 3.7604425529e-07, 4.50873249846e-09, 4.49976215888e-15]
    },
    "erbbands": {
        "dmean": [0.350911319256, 1.09542810917, 1.78944253922, 1.9832328558, 0.970764517784, 4.171646595, 11.9821472168, 9.86646461487, 5.48769760132, 18.0034980774, 25.6524562836, 21.5876712799, 55.7942886353, 63.4083900452, 26.2248363495, 21.5296993256, 18.8795757294, 33.1380729675, 19.6891078949, 12.5394430161, 9.01122283936, 6.85260248184, 8.2098274231, 8.10773086548, 5.92321395874, 12.9132375717, 3.38780879974, 1.485637784, 1.47992420197, 1.37984442711, 2.27448987961, 1.45177924633, 1.59470617771, 1.445982337, 0.39050924778, 0.101999476552, 0.0100741898641, 0.00050488760462, 1.96369564947e-05, 1.07222322185e-05],
        "dmean2": [0.497686088085, 1.5514806509, 2.76854538918, 3.32672476768, 1.64691066742, 6.69981098175, 18.2498207092, 15.3859863281, 8.44206237793, 29.3037910461, 39.9201278687, 34.2360343933, 86.9248275757, 92.989364624, 39.6795806885, 34.1361579895, 28.7276268005, 49.3898696899, 29.716211319, 19.6068229675, 13.9903144836, 10.327088356, 12.539888382, 12.6630516052, 8.87535381317, 22.2912464142, 5.38949918747, 2.37012982368, 2.44295573235, 2.23893594742, 3.80554294586, 2.20061731339, 2.32642126083, 2.03104758263, 0.541585624218, 0.143665269017, 0.0151507006958, 0.000789303914644, 2.79365267488e-05, 1.54292774823e-05],
        "dvar": [0.440277040005, 5.50971841812, 28.9798431396, 44.5009651184, 6.50993585587, 56.045211792, 272.125305176, 172.53678894, 64.6570205688, 1002.68536377, 2643.37182617, 1365.49072266, 12914.6005859, 20234.8183594, 4433.75927734, 2712.43701172, 2583.60253906, 6111.63964844, 1286.5871582, 622.597106934, 708.965148926, 445.99710083, 685.703979492, 708.609924316, 554.109191895, 5964.8125, 51.9738426208, 13.679857254, 15.1741867065, 11.1848773956, 34.3177261353, 35.5391845703, 35.6231307983, 44.8471603394, 3.30215501785, 0.179578378797, 0.00188879109919, 6.94346090313e-06, 4.61436000521e-09, 2.32272812095e-10],
        "dvar2": [1.07977187634, 15.7553386688, 77.595664978, 126.753158569, 18.7067546844, 148.290298462, 632.805358887, 419.384155273, 148.49230957, 2434.6652832, 5861.83154297, 3222.77026367, 27328.3222656, 44364.2421875, 9265.30664062, 7166.99511719, 5899.72119141, 13116.8935547, 2768.90307617, 1459.41833496, 1593.22912598, 852.138671875, 1471.20214844, 1752.8873291, 1037.72595215, 16814.2851562, 119.043838501, 31.3035202026, 38.3982887268, 29.584405899, 94.6967544556, 84.2353134155, 72.1489486694, 97.1715621948, 6.26760864258, 0.322739094496, 0.00351890944876, 1.55123561854e-05, 8.74549144214e-09, 5.1350373953e-10],
        "max": [9.2863702774, 30.5365409851, 63.4671974182, 70.7129898071, 34.6937561035, 95.1495285034, 226.075942993, 162.310699463, 128.482894897, 362.928283691, 486.361114502, 442.77041626, 1512.22509766, 1842.16943359, 1232.23193359, 989.814025879, 950.065307617, 1867.49206543, 551.202270508, 407.996734619, 616.374084473, 330.984771729, 394.459350586, 346.582397461, 325.863494873, 987.64050293, 95.8560333252, 39.2237358093, 35.2175750732, 32.0512771606, 54.1744766235, 147.374053955, 117.879341125, 118.451942444, 38.9578132629, 11.5319890976, 0.844405531883, 0.0559342131019, 0.0013033010764, 0.000303327135043],
        "mean": [2.08482956886, 3.05962920189, 3.52590417862, 2.93220853806, 1.79110646248, 8.03699970245, 24.1569957733, 21.7787837982, 12.1117916107, 29.1311092377, 34.9934501648, 34.2375297546, 82.7648010254, 92.9526596069, 49.4779319763, 36.2467803955, 32.4097557068, 54.9368362427, 36.0458335876, 22.4093017578, 14.5963039398, 11.3473653793, 12.0651426315, 11.6761608124, 8.49938488007, 11.8974075317, 5.18952655792, 2.08635544777, 1.68093121052, 1.73437619209, 2.83343839645, 2.03641152382, 2.34872555733, 2.09234666824, 0.606389045715, 0.142274603248, 0.0141640333459, 0.000641051097773, 5.90069430473e-05, 8.04357550805e-05],
        "median": [1.82888007164, 2.18035459518, 2.15199184418, 1.68705761433, 1.12787473202, 4.48652744293, 16.2985210419, 15.9053316116, 7.88292980194, 17.7820072174, 12.6370306015, 17.8181476593, 31.6479969025, 20.3881587982, 21.3068962097, 14.8850402832, 10.3328447342, 17.676618576, 13.8410320282, 9.60444831848, 5.76062870026, 3.72101616859, 3.49913573265, 2.92928171158, 1.8031566143, 1.48598229885, 1.12381780148, 0.491727828979, 0.289485812187, 0.302094906569, 0.508465886116, 0.333270102739, 0.266420125961, 0.174854055047, 0.047096695751, 0.00950030330569, 0.00117343547754, 5.49285323359e-05, 4.74168264191e-05, 9.43990453379e-05],
        "min": [1.2599635113e-07, 4.20662843226e-07, 6.77812340655e-06, 7.48561797081e-05, 0.000516718719155, 0.0142601039261, 0.0442933142185, 0.0513304881752, 0.0447393618524, 0.190675139427, 0.492221236229, 0.233473137021, 0.459994763136, 0.795767664909, 0.405982524157, 0.609608590603, 0.494897484779, 0.716973543167, 0.170841351151, 0.058720279485, 0.0155455218628, 0.0133349495009, 0.0265038628131, 0.00344365928322, 0.00960014946759, 0.0121097061783, 0.00182405789383, 0.00147074321285, 0.000543124449905, 0.000158714843565, 4.49987091997e-05, 1.49772540681e-05, 8.7026055553e-06, 5.75622243559e-06, 4.79905111206e-06, 3.54787403012e-06, 6.45294733204e-07, 1.50391386455e-07, 2.3297040741e-07, 4.88892908379e-07],
        "var": [3.96498656273, 12.1501960754, 30.7208003998, 31.3903045654, 6.08327913284, 110.920669556, 632.945983887, 378.816711426, 200.329711914, 1447.06762695, 3902.79541016, 2447.86669922, 25644.5683594, 39242.6523438, 11193.1435547, 4945.4375, 5926.56884766, 12024.4648438, 3219.51782227, 1305.30273438, 1257.50744629, 780.761474609, 898.601501465, 766.800048828, 723.297363281, 3722.47216797, 85.7257995605, 16.8788661957, 14.8891706467, 12.3311033249, 33.9352149963, 49.3889007568, 70.7153625488, 80.6068496704, 7.93778562546, 0.479340285063, 0.00400841934606, 9.59908084042e-06, 1.2323060794e-08, 3.22594262414e-09]
    },
    "gfcc": {
        "mean": [-26.226392746, 146.613891602, -133.514144897, 12.7050914764, -51.8935317993, 16.4657077789, -29.6533050537, 6.66632890701, -11.9834623337, -1.33003342152, 0.833047270775, -7.12613725662, 6.78037309647],
        "cov": [[7696.60449219, -3506.54614258, 2221.42114258, 2382.30566406, 0.669222950935, 2371.44897461, 6.98596477509, 1724.12304688, -339.97567749, 754.674804688, 197.771011353, 378.326385498, 163.749053955], [-3506.54614258, 2122.24511719, -1060.99279785, -1052.94592285, 197.156234741, -1162.69384766, 143.15447998, -860.50177002, 286.035247803, -373.638244629, -50.0521888733, -173.503768921, -0.114050328732], [2221.42114258, -1060.99279785, 1427.89733887, 797.234741211, 146.02973938, 900.748657227, -105.196365356, 652.327331543, -54.6253852844, 361.851013184, 128.213287354, 183.882049561, 111.16608429], [2382.30566406, -1052.94592285, 797.234741211, 1046.10754395, 56.9737815857, 734.019958496, 50.275932312, 506.621520996, -0.160881251097, 236.479217529, 110.434028625, 145.54019165, 104.049995422], [0.669222950935, 197.156234741, 146.02973938, 56.9737815857, 263.830078125, 35.1981506348, 53.2663078308, 15.8740339279, 51.9769477844, 50.430847168, 48.1860046387, 37.4020347595, 59.8497314453], [2371.44897461, -1162.69384766, 900.748657227, 734.019958496, 35.1981506348, 935.364379883, -1.64631474018, 566.496337891, -116.814002991, 265.103881836, 104.665672302, 123.110244751, 62.5087089539], [6.98596477509, 143.15447998, -105.196365356, 50.275932312, 53.2663078308, -1.64631474018, 187.123168945, -41.0971183777, 42.1439704895, -8.00587368011, 3.60387730598, -3.7079334259, 6.98949432373], [1724.12304688, -860.50177002, 652.327331543, 506.621520996, 15.8740339279, 566.496337891, -41.0971183777, 539.809265137, -80.1038131714, 207.171340942, 54.296913147, 75.0853271484, 46.1858177185], [-339.97567749, 286.035247803, -54.6253852844, -0.160881251097, 51.9769477844, -116.814002991, 42.1439704895, -80.1038131714, 191.247177124, -26.1715431213, 15.6050367355, -1.92759263515, 27.160692215], [754.674804688, -373.638244629, 361.851013184, 236.479217529, 50.430847168, 265.103881836, -8.00587368011, 207.171340942, -26.1715431213, 186.162704468, 35.5255661011, 55.4223594666, 33.0310173035], [197.771011353, -50.0521888733, 128.213287354, 110.434028625, 48.1860046387, 104.665672302, 3.60387730598, 54.296913147, 15.6050367355, 35.5255661011, 116.001838684, 23.2112770081, 39.1414794922], [378.326385498, -173.503768921, 183.882049561, 145.54019165, 37.4020347595, 123.110244751, -3.7079334259, 75.0853271484, -1.92759263515, 55.4223594666, 23.2112770081, 96.4972763062, 26.7331085205], [163.749053955, -0.114050328732, 111.16608429, 104.049995422, 59.8497314453, 62.5087089539, 6.98949432373, 46.1858177185, 27.160692215, 33.0310173035, 39.1414794922, 26.7331085205, 99.9066467285]],
        "icov": [[0.00185918819625, -0.000513934879564, 0.00136627198663, -0.00233147339895, 0.000431146472692, -0.00274314521812, 0.000625810120255, -0.00261995731853, 0.00107290467713, -0.00122295913752, 0.00118403229862, -0.00162361375988, 0.000568723131437], [-0.000513934879564, 0.00903577543795, -0.00345288752578, 0.0049039227888, -0.00527854450047, 0.00671850470826, -0.00578738190234, 0.00548003427684, -0.00466578127816, 0.00534457853064, -0.00291704386473, 0.0051689920947, -0.00432137120515], [0.00136627198663, -0.00345288752578, 0.00525329308584, -0.00340908858925, 0.00097259163158, -0.0058345948346, 0.00447538448498, -0.00445050373673, 0.00137295864988, -0.00440244842321, 0.00182082981337, -0.00409586774185, 0.001738957013], [-0.00233147339895, 0.0049039227888, -0.00340908858925, 0.00783095415682, -0.00238136108965, 0.00498468568549, -0.00452688755468, 0.00454011652619, -0.00450371112674, 0.00402480829507, -0.00304232561029, 0.00285215652548, -0.0036874031648], [0.000431146472692, -0.00527854450047, 0.00097259163158, -0.00238136108965, 0.0088077923283, -0.00333569315262, 0.00121673871763, -0.0030194662977, 0.00227223406546, -0.00407643290237, 0.00051952485228, -0.00405945582315, 0.000419368821895], [-0.00274314521812, 0.00671850470826, -0.0058345948346, 0.00498468568549, -0.00333569315262, 0.0134596815333, -0.00641496106982, 0.00507448334247, -0.00235378975049, 0.00493749789894, -0.00492299208418, 0.00550831435248, -0.00305338809267], [0.000625810120255, -0.00578738190234, 0.00447538448498, -0.00452688755468, 0.00121673871763, -0.00641496106982, 0.0116226179525, -0.00298888306133, 0.00164654257242, -0.00443651108071, 0.00275202584453, -0.0030758373905, 0.00331992516294], [-0.00261995731853, 0.00548003427684, -0.00445050373673, 0.00454011652619, -0.0030194662977, 0.00507448334247, -0.00298888306133, 0.0128861078992, -0.00310535682365, 0.00231150281616, -0.00228195008822, 0.00639383401722, -0.00332689634524], [0.00107290467713, -0.00466578127816, 0.00137295864988, -0.00450371112674, 0.00227223406546, -0.00235378975049, 0.00164654257242, -0.00310535682365, 0.0101396571845, -0.00258353026584, 0.00106448843144, -0.00273121171631, 0.00124220759608], [-0.00122295913752, 0.00534457853064, -0.00440244842321, 0.00402480829507, -0.00407643290237, 0.00493749789894, -0.00443651108071, 0.00231150281616, -0.00258353026584, 0.0157023333013, -0.00221617659554, 0.00230866717175, -0.00292663485743], [0.00118403229862, -0.00291704386473, 0.00182082981337, -0.00304232561029, 0.00051952485228, -0.00492299208418, 0.00275202584453, -0.00228195008822, 0.00106448843144, -0.00221617659554, 0.0128107424825, -0.00228023016825, -0.00113571970724], [-0.00162361375988, 0.0051689920947, -0.00409586774185, 0.00285215652548, -0.00405945582315, 0.00550831435248, -0.0030758373905, 0.00639383401722, -0.00273121171631, 0.00230866717175, -0.00228023016825, 0.0191888585687, -0.00376310339198], [0.000568723131437, -0.00432137120515, 0.001738957013, -0.0036874031648, 0.000419368821895, -0.00305338809267, 0.00331992516294, -0.00332689634524, 0.00124220759608, -0.00292663485743, -0.00113571970724, -0.00376310339198, 0.0160243529826]]
    },
    "melbands": {
        "dmean": [0.00240191770718, 0.000930198002607, 0.000313440075843, 0.00014378495689, 0.000372111157048, 0.000231308789807, 8.97356949281e-05, 0.000196299850359, 0.000220131929382, 0.000138359202538, 0.000284783134703, 0.000270283664577, 0.000106022671389, 5.6082077208e-05, 4.40098847321e-05, 5.02862058056e-05, 6.44830142846e-05, 3.46813976648e-05, 2.20478359552e-05, 1.57832837431e-05, 1.06217985376e-05, 7.51244806452e-06, 8.46330385684e-06, 7.93838898971e-06, 6.93385891282e-06, 4.49797835245e-06, 7.25154859538e-06, 8.20732475404e-06, 2.27738132708e-06, 1.33424566684e-06, 8.08839160982e-07, 8.03459784038e-07, 9.7594181625e-07, 6.71905468153e-07, 1.59236697073e-06, 9.41195537507e-07, 9.49492118707e-07, 1.00463137187e-06, 1.52390327912e-06, 1.21662435504e-06],
        "dmean2": [0.00348835974, 0.00133559957612, 0.000523678958416, 0.000233699029195, 0.000566675735172, 0.000362191756722, 0.000139194264193, 0.000319266167935, 0.000344545493135, 0.000218142216909, 0.000443991157226, 0.000398353819037, 0.000160074632731, 8.83629254531e-05, 6.87725478201e-05, 7.70102851675e-05, 9.66965817497e-05, 5.22005175299e-05, 3.32601812261e-05, 2.52886002272e-05, 1.67734724528e-05, 1.14636986837e-05, 1.29730851768e-05, 1.24532643895e-05, 1.09573211375e-05, 6.84133783579e-06, 1.16970595627e-05, 1.42901662912e-05, 3.59597174793e-06, 2.08983988159e-06, 1.29763111545e-06, 1.33550167902e-06, 1.63374670592e-06, 1.08489075501e-06, 2.70835448646e-06, 1.56067153512e-06, 1.41014072597e-06, 1.51937103965e-06, 2.30349064623e-06, 1.64103641964e-06],
        "dvar": [1.92863462871e-05, 5.06497281094e-06, 1.09787924885e-06, 6.81351366438e-08, 2.50887808306e-07, 9.43352773675e-08, 1.80007972972e-08, 1.22821447235e-07, 2.0232259601e-07, 7.50944906258e-08, 3.36121360078e-07, 3.77641669047e-07, 7.03850133732e-08, 1.56639927695e-08, 9.24040044481e-09, 1.55904480437e-08, 2.61652193245e-08, 4.29231006294e-09, 1.92442417557e-09, 1.16810106032e-09, 1.0264431527e-09, 5.42694333916e-10, 8.01839872278e-10, 5.30218535744e-10, 5.18839249342e-10, 2.95852287113e-10, 1.52485746252e-09, 2.2005735012e-09, 1.85824064469e-11, 7.1821528759e-12, 5.26899487582e-12, 4.32601784256e-12, 8.11103614828e-12, 2.02094244117e-12, 1.82702724477e-11, 6.10822590424e-12, 2.15527699854e-11, 1.33848964898e-11, 4.52713942722e-11, 3.22041629475e-11],
        "dvar2": [5.15859610459e-05, 1.21760085676e-05, 3.11226835947e-06, 1.84884939358e-07, 5.99382190103e-07, 2.29934514095e-07, 4.1901905945e-08, 3.02902606109e-07, 4.47729945563e-07, 1.7368026306e-07, 7.18814419542e-07, 8.40849907036e-07, 1.55123117906e-07, 3.8530824753e-08, 2.28732801588e-08, 3.45122117551e-08, 5.49528742511e-08, 9.46262623813e-09, 4.52386883509e-09, 2.61469890184e-09, 2.42412601104e-09, 1.10180131685e-09, 1.73658620817e-09, 1.19913834418e-09, 1.31917510249e-09, 5.9895832738e-10, 3.93941057553e-09, 6.25978380242e-09, 4.13905160146e-11, 1.6507373593e-11, 1.26081003277e-11, 1.06293715149e-11, 2.15763778372e-11, 5.18114023906e-12, 5.03908338667e-11, 1.65003045949e-11, 4.97525770582e-11, 2.82957181991e-11, 1.02985148187e-10, 6.80001263631e-11],
        "max": [0.0585293471813, 0.0279781743884, 0.0109653063118, 0.00299445074052, 0.00687000062317, 0.00368227739818, 0.00195960281417, 0.00461809756234, 0.00527446949854, 0.00374318216927, 0.00767493061721, 0.00801988970488, 0.0051886299625, 0.00242510717362, 0.00137896183878, 0.0027198146563, 0.0042490712367, 0.000907369772904, 0.00061574607389, 0.000607806723565, 0.000661365222186, 0.000477623892948, 0.000410514359828, 0.000365075538866, 0.000298845290672, 0.000281021755654, 0.000543311994988, 0.000583141110837, 6.38983692625e-05, 2.8695756555e-05, 2.98361392197e-05, 1.83701904461e-05, 2.55599643424e-05, 1.28198826133e-05, 3.58834622602e-05, 3.68123037333e-05, 0.000116442839499, 7.1252194175e-05, 0.000108262080175, 0.000105986633571],
        "mean": [0.013684425503, 0.00241565774195, 0.000475492124679, 0.0002800883085, 0.00078640866559, 0.000510813086294, 0.000190790800843, 0.000311010458972, 0.000292529352009, 0.000213989085751, 0.000411636050558, 0.000381913851015, 0.000188128193258, 9.41849939409e-05, 7.07260478521e-05, 8.14927188912e-05, 0.000103062571725, 5.99121303821e-05, 3.4950531699e-05, 2.51962555922e-05, 1.56441383297e-05, 1.1596927834e-05, 1.14533058877e-05, 1.09048542072e-05, 9.48944125412e-06, 6.08617074249e-06, 7.44285489418e-06, 7.54591746954e-06, 3.48586263499e-06, 1.93376445168e-06, 9.64788341662e-07, 8.9316966978e-07, 1.00974068573e-06, 9.35421155646e-07, 1.83391045994e-06, 1.27108762626e-06, 1.23615916436e-06, 1.45820047237e-06, 2.05429887501e-06, 1.69370321146e-06],
        "median": [0.0124788871035, 0.00211608619429, 0.000282692548353, 0.00016251798661, 0.000576546764933, 0.000383029459044, 0.000123412188259, 0.000200159993256, 9.67068190221e-05, 9.90538392216e-05, 0.000149415063788, 7.60304537835e-05, 7.34841669328e-05, 3.87537693314e-05, 2.95394074783e-05, 2.07226603379e-05, 3.39509097103e-05, 2.36539599427e-05, 1.37294491651e-05, 9.6465655588e-06, 5.94367838858e-06, 3.9816845856e-06, 3.09279948851e-06, 2.7778137337e-06, 2.17673346015e-06, 1.26165639358e-06, 1.06211871298e-06, 9.05385775241e-07, 7.08417928763e-07, 4.31323343264e-07, 1.71041023123e-07, 1.28956813228e-07, 1.22853506923e-07, 1.630099149e-07, 2.82062785573e-07, 2.15476973153e-07, 1.34173490096e-07, 1.45945776353e-07, 1.57204368634e-07, 1.25727538602e-07],
        "min": [7.90370657811e-10, 1.47823897567e-09, 1.38459537169e-08, 3.75412724907e-07, 1.48997537508e-06, 1.13670114388e-06, 1.48594992311e-07, 3.56156419912e-06, 1.78699485787e-06, 4.52211793345e-07, 2.36903224504e-06, 3.31092337547e-06, 9.20839340779e-07, 1.13344651709e-06, 6.6057867798e-07, 1.30728267322e-06, 1.37655115395e-06, 2.8025345955e-07, 5.88129402956e-08, 4.69357175348e-08, 1.00247570245e-08, 1.07062581023e-08, 1.97406642144e-08, 4.33094182739e-09, 1.26071209028e-09, 2.25142196553e-10, 8.0542177372e-09, 5.29093391322e-09, 1.55489732201e-10, 3.43855166562e-10, 1.24736915241e-10, 3.09100800511e-11, 8.07484079601e-11, 2.51879073154e-11, 1.28311315566e-12, 3.23892562076e-12, 9.13735572123e-14, 6.21490706121e-14, 1.72627008716e-13, 3.52492998169e-14],
