{
"highlevel": {
    "danceability": {
        "all": {
            "danceable": 2.28810267799e-06,
            "not_danceable": 0.999997735023
        },
        "probability": 0.999997735023,
        "value": "not_danceable"
    },
    "gender": {
        "all": {
            "female": 0.0445091165602,
            "male": 0.955490887165
        },
        "probability": 0.955490887165,
        "value": "male"
    },
    "genre_dortmund": {
        "all": {
            "alternative": 0.0987919569016,
            "blues": 0.0329715386033,
            "electronic": 0.00732176704332,
            "folkcountry": 0.0519970729947,
            "funksoulrnb": 0.00754171982408,
            "jazz": 0.0042942436412,
            "pop": 0.0655051246285,
            "raphiphop": 0.00112698471639,
            "rock": 0.730449616909
        },
        "probability": 0.730449616909,
        "value": "rock"
    },
    "genre_electronic": {
        "all": {
            "ambient": 0.222627595067,
            "dnb": 0.31793910265,
            "house": 0.0324317477643,
            "techno": 0.0151935182512,
            "trance": 0.411808043718
        },
        "probability": 0.411808043718,
        "value": "trance"
    },
    "genre_rosamerica": {
        "all": {
            "cla": 0.000766742450651,
            "dan": 0.000391589710489,
            "hip": 7.91162456153e-05,
            "jaz": 0.00098383158911,
            "pop": 0.00142146041617,
            "rhy": 0.000374875846319,
            "roc": 0.995890855789,
            "spe": 9.15120835998e-05
        },
        "probability": 0.995890855789,
        "value": "roc"
    },
    "genre_tzanetakis": {
        "all": {
            "blu": 0.0626541376114,
            "cla": 0.0348133966327,
            "cou": 0.0783501937985,
            "dis": 0.104547761381,
            "hip": 0.15693578124,
            "jaz": 0.313987255096,
            "met": 0.044816005975,
            "pop": 0.0627349764109,
            "reg": 0.0627352520823,
            "roc": 0.0784252434969
        },
        "probability": 0.313987255096,
        "value": "jaz"
    },
    "ismir04_rhythm": {
        "all": {
            "ChaChaCha": 0.0420955494046,
            "Jive": 0.499491125345,
            "Quickstep": 0.0341389961541,
            "Rumba-American": 0.00467650173232,
            "Rumba-International": 0.0158247537911,
            "Rumba-Misc": 0.00276018166915,
            "Samba": 0.0395483188331,
            "Tango": 0.00358500494622,
            "VienneseWaltz": 0.350778073072,
            "Waltz": 0.00710148178041
        },
        "probability": 0.499491125345,
        "value": "Jive"
    },
    "mood_acoustic": {
        "all": {
            "acoustic": 0.00830501783639,
            "not_acoustic": 0.99169498682
        },
        "probability": 0.99169498682,
        "value": "not_acoustic"
    },
    "mood_aggressive": {
        "all": {
            "aggressive": 0.836931228638,
            "not_aggressive": 0.163068756461
        },
        "probability": 0.836931228638,
        "value": "aggressive"
    },
    "mood_electronic": {
        "all": {
            "electronic": 0.191177651286,
            "not_electronic": 0.808822333813
        },
        "probability": 0.808822333813,
        "value": "not_electronic"
    },
    "mood_happy": {
        "all": {
            "happy": 0.635285913944,
            "not_happy": 0.364714086056
        },
        "probability": 0.635285913944,
        "value": "happy"
    },
    "mood_party": {
        "all": {
            "not_party": 0.627741754055,
            "party": 0.372258216143
        },
        "probability": 0.627741754055,
        "value": "not_party"
    },
    "mood_relaxed": {
        "all": {
            "not_relaxed": 0.564233720303,
            "relaxed": 0.435766249895
        },
        "probability": 0.564233720303,
        "value": "not_relaxed"
    },
    "mood_sad": {
        "all": {
            "not_sad": 0.980338335037,
            "sad": 0.0196616817266
        },
        "probability": 0.980338335037,
        "value": "not_sad"
    },
    "moods_mirex": {
        "all": {
            "Cluster1": 0.56968408823,
            "Cluster2": 0.134599149227,
            "Cluster3": 0.0429259873927,
            "Cluster4": 0.0769079551101,
            "Cluster5": 0.175882816315
        },
        "probability": 0.56968408823,
        "value": "Cluster1"
    },
    "timbre": {
        "all": {
            "bright": 0.767705380917,
            "dark": 0.232294648886
        },
        "probability": 0.767705380917,
        "value": "bright"
    },
    "tonal_atonal": {
        "all": {
            "atonal": 0.0617796629667,
            "tonal": 0.938220322132
        },
        "probability": 0.938220322132,
        "value": "tonal"
    },
    "voice_instrumental": {
        "all": {
            "instrumental": 3.73917009711e-06,
            "voice": 0.999996244907
        },
        "probability": 0.999996244907,
        "value": "voice"
    }
},
"lowlevel": {
    "average_loudness": 0.978130817413,
    "barkbands_crest": {
        "dmean": 2.55870223045,
        "dmean2": 4.30093955994,
        "dvar": 5.75615930557,
        "dvar2": 15.376958847,
        "max": 25.9320850372,
        "mean": 8.32210254669,
        "median": 7.59600973129,
        "min": 2.52502632141,
        "var": 11.4575052261
    },
    "barkbands_flatness_db": {
        "dmean": 0.0193029455841,
        "dmean2": 0.0300964247435,
        "dvar": 0.000657721830066,
        "dvar2": 0.00138971453998,
        "max": 0.384751409292,
        "mean": 0.120123416185,
        "median": 0.105168774724,
        "min": 0.0538333468139,
        "var": 0.00287494435906
    },
    "barkbands_kurtosis": {
        "dmean": 2.44976902008,
        "dmean2": 3.87530708313,
        "dvar": 53.8542938232,
        "dvar2": 111.954338074,
        "max": 181.382995605,
        "mean": 3.13990449905,
        "median": 0.307844161987,
        "min": -1.60252869129,
        "var": 102.437400818
    },
    "barkbands_skewness": {
        "dmean": 0.450173974037,
        "dmean2": 0.722171425819,
        "dvar": 0.287391483784,
        "dvar2": 0.723499417305,
        "max": 9.30672073364,
        "mean": 1.37910032272,
        "median": 1.13682031631,
        "min": -0.47424185276,
        "var": 1.08683264256
    },
    "barkbands_spread": {
        "dmean": 5.2441034317,
        "dmean2": 8.32310676575,
        "dvar": 37.0908508301,
        "dvar2": 83.1147003174,
        "max": 80.5128555298,
        "mean": 27.4482269287,
        "median": 28.1862869263,
        "min": 0.52130228281,
        "var": 122.137420654
    },
    "dissonance": {
        "dmean": 0.0109373843297,
        "dmean2": 0.0183699913323,
        "dvar": 0.000111897730676,
        "dvar2": 0.000302680156892,
        "max": 0.499984771013,
        "mean": 0.47766533494,
        "median": 0.4812322855,
        "min": 0.394762426615,
        "var": 0.000236356456298
    },
    "dynamic_complexity": 1.80105209351,
    "erbbands_crest": {
        "dmean": 2.0008149147,
        "dmean2": 3.30362319946,
        "dvar": 4.3989071846,
        "dvar2": 11.3246631622,
        "max": 23.6808948517,
        "mean": 6.62686634064,
        "median": 5.83933639526,
        "min": 2.75571966171,
        "var": 8.30263137817
    },
    "erbbands_flatness_db": {
        "dmean": 0.0143379410729,
        "dmean2": 0.0203399844468,
        "dvar": 0.000281296292087,
        "dvar2": 0.000477320863865,
        "max": 0.308204203844,
        "mean": 0.135486781597,
        "median": 0.132878631353,
        "min": 0.0582113862038,
        "var": 0.000812734186184
    },
    "erbbands_kurtosis": {
        "dmean": 0.628862977028,
        "dmean2": 1.01130723953,
        "dvar": 3.48628044128,
        "dvar2": 7.19955444336,
        "max": 51.2895736694,
        "mean": -0.150535017252,
        "median": -0.391693115234,
        "min": -1.73697817326,
        "var": 4.20682477951
    },
    "erbbands_skewness": {
        "dmean": 0.2916046381,
        "dmean2": 0.447703838348,
        "dvar": 0.128626391292,
        "dvar2": 0.261662334204,
        "max": 6.60566425323,
        "mean": -0.0377073511481,
        "median": -0.193652644753,
        "min": -1.35000371933,
        "var": 0.44075897336
    },
    "erbbands_spread": {
        "dmean": 7.46848249435,
        "dmean2": 11.7618341446,
        "dvar": 66.0015563965,
        "dvar2": 147.871261597,
        "max": 123.177352905,
        "mean": 43.3602638245,
        "median": 41.4290313721,
        "min": 4.48240804672,
        "var": 230.692337036
    },
    "hfc": {
        "dmean": 5.49311876297,
        "dmean2": 8.11454868317,
        "dvar": 29.8722457886,
        "dvar2": 59.1912460327,
        "max": 87.6694717407,
        "mean": 31.1045627594,
        "median": 31.7834720612,
        "min": 0.284438610077,
        "var": 214.646194458
    },
    "melbands_crest": {
        "dmean": 3.52758455276,
        "dmean2": 6.06099033356,
        "dvar": 8.95804977417,
        "dvar2": 25.0846710205,
        "max": 32.4745559692,
        "mean": 12.7883462906,
        "median": 12.0834560394,
        "min": 4.66457223892,
        "var": 19.5448188782
    },
    "melbands_flatness_db": {
        "dmean": 0.025348931551,
        "dmean2": 0.0398744419217,
        "dvar": 0.00105852843262,
        "dvar2": 0.00229984591715,
        "max": 0.509660601616,
        "mean": 0.169833913445,
        "median": 0.152247652411,
        "min": 0.0570860430598,
        "var": 0.00512090465054
    },
    "melbands_kurtosis": {
        "dmean": 6.16681623459,
        "dmean2": 9.80806827545,
        "dvar": 161.879394531,
        "dvar2": 371.985015869,
        "max": 248.184173584,
        "mean": 12.5286245346,
        "median": 5.93870449066,
        "min": -0.876107931137,
        "var": 437.018280029
    },
    "melbands_skewness": {
        "dmean": 0.622699975967,
        "dmean2": 1.0139580965,
        "dvar": 0.486076951027,
        "dvar2": 1.25672781467,
        "max": 10.8218698502,
        "mean": 2.66952300072,
        "median": 2.40079879761,
        "min": -0.182838276029,
        "var": 2.0824379921
    },
    "melbands_spread": {
        "dmean": 6.89380693436,
        "dmean2": 11.4466247559,
        "dvar": 52.0706825256,
        "dvar2": 131.832473755,
        "max": 88.4597854614,
        "mean": 27.1477584839,
        "median": 27.5959529877,
        "min": 0.564587771893,
        "var": 160.76953125
    },
    "pitch_salience": {
        "dmean": 0.0665024369955,
        "dmean2": 0.112384364009,
        "dvar": 0.00357628706843,
        "dvar2": 0.00976413395256,
        "max": 0.8318618536,
        "mean": 0.609181344509,
        "median": 0.613766610622,
        "min": 0.180660367012,
        "var": 0.006235295441
    },
    "silence_rate_20dB": {
        "dmean": 0,
        "dmean2": 0,
        "dvar": 0,
        "dvar2": 0,
        "max": 1,
        "mean": 1,
        "median": 1,
        "min": 1,
        "var": 0
    },
    "silence_rate_30dB": {
        "dmean": 0,
        "dmean2": 0,
        "dvar": 0,
        "dvar2": 0,
        "max": 1,
        "mean": 1,
        "median": 1,
        "min": 1,
        "var": 0
    },
    "silence_rate_60dB": {
        "dmean": 0.00464396271855,
        "dmean2": 0.00929511990398,
        "dvar": 0.00462238537148,
        "dvar2": 0.00920872204006,
        "max": 1,
        "mean": 0.00850734766573,
        "median": 0,
        "min": 0,
        "var": 0.00843498203903
    },
    "spectral_centroid": {
        "dmean": 240.262069702,
        "dmean2": 387.742706299,
        "dvar": 66184.34375,
        "dvar2": 155546.90625,
        "max": 2804.89257812,
        "mean": 1516.45031738,
        "median": 1586.40722656,
        "min": 186.021575928,
        "var": 231798.03125
    },
    "spectral_complexity": {
        "dmean": 4.37616109848,
        "dmean2": 7.11928749084,
        "dvar": 16.6185817719,
        "dvar2": 41.0423126221,
        "max": 54,
        "mean": 32.6991500854,
        "median": 36,
        "min": 1,
        "var": 126.35093689
    },
    "spectral_decrease": {
        "dmean": 2.20721774191e-09,
        "dmean2": 3.51442142055e-09,
        "dvar": 4.60849698932e-18,
        "dvar2": 1.09684959862e-17,
        "max": -2.30677574264e-10,
        "mean": -9.04500474519e-09,
        "median": -9.0171532463e-09,
        "min": -1.98393674822e-08,
        "var": 1.18094168959e-17
    },
    "spectral_energy": {
        "dmean": 0.00857761222869,
        "dmean2": 0.013568835333,
        "dvar": 6.79660442984e-05,
        "dvar2": 0.00016122769739,
        "max": 0.0755359083414,
        "mean": 0.0369592048228,
        "median": 0.0371528416872,
        "min": 0.00092229101574,
        "var": 0.000189532540389
    },
    "spectral_energyband_high": {
        "dmean": 0.000396376097342,
        "dmean2": 0.000559986918233,
        "dvar": 3.08032696239e-07,
        "dvar2": 4.86032377012e-07,
        "max": 0.0100668082014,
        "mean": 0.00124448852148,
        "median": 0.000994228408672,
        "min": 3.41462737197e-07,
        "var": 1.33635069233e-06
    },
    "spectral_energyband_low": {
        "dmean": 0.00536032766104,
        "dmean2": 0.00871695298702,
        "dvar": 4.73308500659e-05,
        "dvar2": 0.000105060898932,
        "max": 0.0712668895721,
        "mean": 0.0106570273638,
        "median": 0.00822379626334,
        "min": 0.000208199810004,
        "var": 7.42894117138e-05
    },
    "spectral_energyband_middle_high": {
        "dmean": 0.0020777862519,
        "dmean2": 0.00328786764294,
        "dvar": 5.7479469433e-06,
        "dvar2": 1.36572643896e-05,
        "max": 0.0372819304466,
        "mean": 0.00924291741103,
        "median": 0.00876847654581,
        "min": 1.36221697176e-05,
        "var": 3.27723755618e-05
    },
    "spectral_energyband_middle_low": {
        "dmean": 0.00583298783749,
        "dmean2": 0.00960289873183,
        "dvar": 4.22617922595e-05,
        "dvar2": 0.000111291876237,
        "max": 0.0568279288709,
        "mean": 0.018201963976,
        "median": 0.0166064742953,
        "min": 0.000429309875472,
        "var": 0.000100785080576
    },
    "spectral_entropy": {
        "dmean": 0.132893323898,
        "dmean2": 0.187313631177,
        "dvar": 0.0419752448797,
        "dvar2": 0.0768718644977,
        "max": 8.43890094757,
        "mean": 7.7615981102,
        "median": 7.82440948486,
        "min": 5.15373563766,
        "var": 0.141396924853
    },
    "spectral_flux": {
        "dmean": 0.0237965211272,
        "dmean2": 0.0375503823161,
        "dvar": 0.00052116002189,
        "dvar2": 0.00122416578233,
        "max": 0.207414284348,
        "mean": 0.101590938866,
        "median": 0.0985554307699,
        "min": 0.0116613451391,
        "var": 0.00123951223213
    },
    "spectral_kurtosis": {
        "dmean": 1.37314617634,
        "dmean2": 2.34265828133,
        "dvar": 7.90990924835,
        "dvar2": 21.8400592804,
        "max": 57.3078384399,
        "mean": 4.05340862274,
        "median": 3.55872821808,
        "min": 0.145749330521,
        "var": 11.3969650269
    },
    "spectral_rms": {
        "dmean": 0.000701822980773,
        "dmean2": 0.00109913456254,
        "dvar": 4.53647317045e-07,
        "dvar2": 1.03616707747e-06,
        "max": 0.00858449563384,
        "mean": 0.00587621238083,
        "median": 0.00602052127942,
        "min": 0.000948575849179,
        "var": 1.52787788466e-06
    },
    "spectral_rolloff": {
        "dmean": 476.764282227,
        "dmean2": 799.982543945,
        "dvar": 421666.1875,
        "dvar2": 940019.625,
        "max": 8419.48242188,
        "mean": 1673.15856934,
        "median": 1636.5234375,
        "min": 107.666015625,
        "var": 999461.3125
    },
    "spectral_skewness": {
        "dmean": 0.182633623481,
        "dmean2": 0.303182184696,
        "dvar": 0.0753854513168,
        "dvar2": 0.198727294803,
        "max": 5.63890981674,
        "mean": 1.40014493465,
        "median": 1.3572371006,
        "min": 0.523853957653,
        "var": 0.15861479938
    },
    "spectral_spread": {
        "dmean": 429506.8125,
        "dmean2": 582336.0625,
        "dvar": 415058132992,
        "dvar2": 589313081344,
        "max": 17052628,
        "mean": 4342914.5,
        "median": 4088547,
        "min": 1389495.25,
        "var": 1.16990358323e+12
    },
    "spectral_strongpeak": {
        "dmean": 0.535765349865,
        "dmean2": 0.943623483181,
        "dvar": 0.671042025089,
        "dvar2": 1.82139348984,
        "max": 7.54039764404,
        "mean": 0.840339004993,
        "median": 0.560870587826,
        "min": 0,
        "var": 0.78451025486
    },
    "zerocrossingrate": {
        "dmean": 0.00873501878232,
        "dmean2": 0.0108095109463,
        "dvar": 8.09517368907e-05,
        "dvar2": 0.000107994739665,
        "max": 0.197265625,
        "mean": 0.0643405914307,
        "median": 0.064453125,
        "min": 0.00439453125,
        "var": 0.000589504314121
    },
    "barkbands": {
        "dmean": [0.000402042962378, 0.00428394973278, 0.00136566965375, 0.0029614912346, 0.00289270398207, 0.00162016344257, 0.000846818787977, 0.000692918663844, 0.000960517965723, 0.000505570787936, 0.000733507331461, 0.000706883845851, 0.000416492752265, 0.000573280791286, 0.000451456435258, 0.000342015788192, 0.000490023405291, 0.00036879023537, 0.00025439861929, 0.000167728052475, 0.000123709032778, 0.000111883338832, 8.53492019814e-05, 5.5686061387e-05, 4.82008399558e-05, 2.07149878406e-05, 7.05635105902e-09],
        "dmean2": [0.000653304276057, 0.00685912929475, 0.00231818086468, 0.00506096798927, 0.0048186480999, 0.00257966830395, 0.00137755437754, 0.00111038761679, 0.00147682754323, 0.000797744025476, 0.00109783886001, 0.00116502097808, 0.00068559095962, 0.000979675678536, 0.000726673053578, 0.000568870047573, 0.000832470075693, 0.000614532502368, 0.000436149683082, 0.000282995199086, 0.000203187082661, 0.000163663862622, 0.000124023950775, 8.15057283035e-05, 6.55786425341e-05, 3.08350136038e-05, 1.28596733262e-08],
        "dvar": [3.41612121701e-07, 4.2042149289e-05, 2.8216265946e-06, 1.25904489323e-05, 1.54115859914e-05, 6.91898412697e-06, 3.58879492524e-06, 3.56032160198e-06, 6.37807852399e-06, 1.24055509332e-06, 2.01739112526e-06, 2.09832523979e-06, 4.12215939605e-07, 6.58506110085e-07, 3.86329475077e-07, 3.35566795684e-07, 2.77044506447e-07, 1.61218139283e-07, 6.66212471856e-08, 2.46891573852e-08, 1.70477978401e-08, 5.01533996555e-08, 3.84512368612e-08, 5.74991432245e-09, 5.34142330366e-09, 1.02679498237e-09, 5.21117909617e-16],
        "dvar2": [7.96522897417e-07, 9.93664725684e-05, 7.52809410187e-06, 3.73306174879e-05, 4.15098984377e-05, 1.70250459632e-05, 8.83514076122e-06, 8.60157797433e-06, 1.5106616047e-05, 3.05519256472e-06, 4.5078745643e-06, 5.52676146981e-06, 1.01408875253e-06, 1.7443106799e-06, 9.51441506913e-07, 7.98486496478e-07, 7.40271843824e-07, 4.40769952093e-07, 1.8271954616e-07, 6.80202987269e-08, 4.20501145015e-08, 8.46289793799e-08, 6.72735183116e-08, 1.03098720672e-08, 1.01517780848e-08, 2.16124718122e-09, 1.42623968818e-15],
        "max": [0.00548860942945, 0.0602829270065, 0.0190317314118, 0.0330499187112, 0.0489756166935, 0.0377923920751, 0.0280121061951, 0.0302941538393, 0.0488164052367, 0.0216680206358, 0.0205829888582, 0.0208202786744, 0.0107050398365, 0.00975537579507, 0.00974954105914, 0.0113036558032, 0.00651777349412, 0.00429091369733, 0.00248545943759, 0.00143089727499, 0.00148593320046, 0.00374902971089, 0.00395806878805, 0.00112697179429, 0.00102288660128, 0.000565367634408, 2.76687472933e-07],
        "mean": [0.000459864735603, 0.00562254013494, 0.00238428055309, 0.00485899765044, 0.00543956412002, 0.0036959736608, 0.00122734776232, 0.000980691751465, 0.00157230836339, 0.000955475436058, 0.00135030271485, 0.00114737206604, 0.000736017420422, 0.00103536073584, 0.000868699047714, 0.000619189231656, 0.00106023938861, 0.000862943241373, 0.000595317804255, 0.000444170815172, 0.000330447190208, 0.000251638091868, 0.000176018860657, 0.000141208380228, 0.000105440718471, 3.77969481633e-05, 4.94319252198e-09],
        "median": [0.000185758137377, 0.00308507867157, 0.00162035599351, 0.00342218950391, 0.00407446688041, 0.00259337946773, 0.000491093087476, 0.000398914155085, 0.000307393725961, 0.000428531697253, 0.000648710876703, 0.000643491162919, 0.000529576675035, 0.000774919404648, 0.000661921105348, 0.000453744141851, 0.000934967480134, 0.000802798604127, 0.000583583547268, 0.000446452962933, 0.000295180041576, 0.000144320729305, 9.44555795286e-05, 9.76379596977e-05, 5.86674250371e-05, 2.36694977502e-05, 9.35289512505e-10],
        "min": [2.24856151476e-07, 7.19124800526e-05, 8.9687819127e-06, 4.86760382046e-06, 0.000147957427544, 4.44143097411e-06, 2.00970816877e-06, 9.15140958568e-07, 8.37675202092e-07, 1.12312932288e-06, 8.84684141056e-07, 5.15002113843e-07, 5.33887771326e-07, 1.6196960928e-07, 3.42395111375e-07, 5.41785254882e-07, 1.29059390019e-06, 5.98533745233e-07, 6.48417426419e-07, 1.78805166229e-07, 8.94173766142e-08, 3.64931267427e-08, 2.13401438742e-08, 1.65161273546e-09, 8.64113558485e-10, 4.72973786872e-12, 5.65671641473e-12],
        "var": [4.45238242719e-07, 4.88240002596e-05, 5.92679816691e-06, 2.28551725741e-05, 2.31027006521e-05, 1.6555244656e-05, 5.79867446504e-06, 5.19220702699e-06, 1.16661822176e-05, 2.35838047047e-06, 4.74341049994e-06, 3.20986782754e-06, 7.01151122939e-07, 1.06186121229e-06, 9.5033362868e-07, 6.05927766628e-07, 6.01338967954e-07, 3.47921314869e-07, 1.2475635458e-07, 6.14523472109e-08, 5.16081826163e-08, 1.89325007227e-07, 1.02335484087e-07, 1.90593052452e-08, 1.60020174889e-08, 1.94290183941e-09, 3.42078199746e-16]
    },
    "erbbands": {
        "dmean": [0.158051088452, 0.872204303741, 1.44046723843, 5.43489217758, 11.5920028687, 9.18790721893, 13.8242731094, 10.0164804459, 11.0604019165, 10.9786233902, 20.4141311646, 20.0553627014, 14.8672981262, 28.8739814758, 14.8127889633, 30.5484714508, 18.7189884186, 27.9855995178, 20.5239143372, 20.8171482086, 15.9229478836, 28.1526470184, 22.261341095, 14.8109111786, 10.8509302139, 8.02145671844, 5.51179838181, 5.00297260284, 3.99101257324, 3.14433836937, 2.52426600456, 1.34149241447, 0.890095710754, 0.614952206612, 0.330212205648, 0.111696377397, 0.038017295301, 0.00420413166285, 7.33445267542e-05, 1.11551980808e-05],
        "dmean2": [0.259078204632, 1.40756571293, 2.42307758331, 9.25127792358, 19.8883895874, 15.0944671631, 21.7106590271, 16.464881897, 18.1108856201, 18.2719554901, 32.1555938721, 31.0188045502, 22.734172821, 43.8620834351, 23.2626800537, 50.4647941589, 30.5014343262, 47.1401138306, 32.6358642578, 34.1442756653, 25.5780696869, 47.8109130859, 37.2607345581, 24.9726715088, 18.5442752838, 13.5188474655, 9.31484794617, 8.01927661896, 5.99040460587, 4.54604482651, 3.77880620956, 1.99636042118, 1.29070878029, 0.866674900055, 0.464037954807, 0.166088357568, 0.0579172447324, 0.00652344711125, 0.000110664346721, 1.67975667864e-05],
        "dvar": [0.0619490891695, 1.73046398163, 2.84857606888, 36.2190628052, 263.313201904, 197.72416687, 438.866729736, 287.843444824, 416.203308105, 790.217224121, 3294.58935547, 3058.3828125, 1073.39245605, 3638.14331055, 580.66204834, 4186.17578125, 814.90423584, 1584.86279297, 1043.16101074, 865.358825684, 653.589477539, 1004.68103027, 618.925720215, 214.740112305, 106.615531921, 59.0561447144, 30.1951828003, 34.8123016357, 64.7816085815, 47.7813835144, 36.0491294861, 4.45035123825, 1.46065497398, 0.855603396893, 0.280299603939, 0.0331670902669, 0.00351094873622, 5.16483305546e-05, 1.43896432547e-08, 1.14787297723e-10],
        "dvar2": [0.156176000834, 4.01862096786, 7.69036626816, 105.898284912, 746.359069824, 495.119812012, 1055.41894531, 760.710327148, 1078.91845703, 2021.58886719, 7947.06103516, 7538.52539062, 2540.88354492, 9136.72460938, 1226.0826416, 11037.7412109, 2042.30639648, 4152.85107422, 2572.96337891, 2252.92749023, 1442.66052246, 2679.1418457, 1719.64404297, 576.960083008, 296.839508057, 160.432113647, 77.7956161499, 77.9543380737, 121.870315552, 75.6480178833, 67.8380203247, 8.38821792603, 2.56497716904, 1.65400505066, 0.562105000019, 0.0681332498789, 0.00794869102538, 0.000125718521303, 3.38943628719e-08, 2.4770890894e-10],
        "max": [1.98336589336, 12.4119653702, 20.4152183533, 70.498916626, 144.924743652, 191.707473755, 292.836547852, 238.270187378, 272.30178833, 372.728118896, 959.590393066, 1080.12548828, 510.979095459, 811.58404541, 525.102478027, 1015.20593262, 417.503845215, 432.524688721, 550.040405273, 454.718322754, 536.857849121, 440.856536865, 235.053024292, 124.358283997, 99.8933486938, 71.3437042236, 61.804107666, 86.5049285889, 163.280029297, 108.245742798, 114.65234375, 39.0517234802, 17.276512146, 15.8291378021, 8.39866065979, 2.98030495644, 1.01716160774, 0.0977454707026, 0.00166076701134, 0.000137032198836],
        "mean": [0.171381577849, 1.21362996101, 2.84474897385, 9.99388313293, 18.8763980865, 17.497592926, 31.1421756744, 21.0277004242, 17.7055091858, 15.2685165405, 32.1776847839, 32.7089538574, 31.0170001984, 54.5898284912, 30.9113616943, 50.1013832092, 37.7212104797, 53.154499054, 44.7559890747, 43.3981971741, 35.4560012817, 61.3946990967, 53.7220077515, 34.6024665833, 27.582862854, 20.4901008606, 14.0994129181, 12.778470993, 9.19089317322, 6.586414814, 5.03497838974, 3.24215626717, 2.218116045, 1.30764555931, 0.672598958015, 0.219066902995, 0.0630590617657, 0.00550915487111, 0.000129067178932, 5.13035920449e-05],
        "median": [0.0687486827374, 0.702624559402, 2.14688205719, 7.47417974472, 13.697426796, 12.1334018707, 17.2460803986, 14.8625984192, 7.79300546646, 6.81832313538, 10.5475149155, 7.29914855957, 11.8624639511, 24.4304389954, 18.8768672943, 28.616607666, 29.2394924164, 40.9213066101, 36.9484596252, 36.2357139587, 28.7657794952, 54.5790061951, 50.1972160339, 33.4909820557, 27.4360160828, 19.9629421234, 13.1786155701, 10.7602138519, 5.57491016388, 3.12166333199, 2.76242208481, 2.16610646248, 1.52911436558, 0.742393612862, 0.362413883209, 0.130646184087, 0.0380328074098, 0.00278718629852, 8.53960445966e-05, 5.18001543242e-05],
        "min": [0.00168402248528, 0.0137239219621, 0.035492811352, 0.0909224227071, 0.166289821267, 0.515089213848, 0.233219474554, 0.0271255485713, 0.0254434105009, 0.0208040289581, 0.0346964150667, 0.0220002513379, 0.0238470323384, 0.0609398148954, 0.0678401142359, 0.0330022461712, 0.0316471904516, 0.0130618233234, 0.0182636082172, 0.0185853820294, 0.0494064576924, 0.06393956393, 0.0376710519195, 0.0331706628203, 0.026234632358, 0.0106289582327, 0.00470516085625, 0.0032918388024, 0.00124424532987, 0.00105509068817, 0.000367352273315, 7.0033580414e-05, 3.81552090403e-05, 2.45896826527e-05, 1.04384707811e-05, 5.28314922121e-06, 2.52757445196e-06, 3.57735871148e-07, 5.99203531237e-07, 1.13007172331e-06],
        "var": [0.0641045197845, 2.03553199768, 5.6673617363, 81.1214675903, 306.113220215, 372.45111084, 1287.89868164, 506.101501465, 733.828430176, 1100.59960938, 5527.35791016, 5193.93603516, 2314.09350586, 8118.87451172, 1696.92211914, 5892.00927734, 1492.6875, 2732.1081543, 2162.83666992, 1690.03942871, 1431.40441895, 2109.5715332, 1284.6986084, 444.502166748, 236.605957031, 136.278259277, 79.171585083, 100.094535828, 240.421386719, 164.707672119, 86.629234314, 13.22498703, 4.6643781662, 2.48890924454, 0.707868635654, 0.0695943683386, 0.00560827506706, 6.18188350927e-05, 1.98206446811e-08, 3.72446490315e-10]
    },
    "gfcc": {
        "mean": [49.3276863098, 89.1921615601, -121.766654968, 46.3530082703, -51.3032913208, 16.858877182, -43.833694458, 8.61147022247, -33.9533805847, -0.75792080164, -17.6520652771, 1.77847206593, -9.93904876709],
        "cov": [[3621.62036133, -1347.48571777, -674.213378906, -276.228393555, -278.152618408, 217.420272827, -371.321899414, 103.115180969, -225.784439087, 344.911102295, -137.977478027, 203.227111816, -174.695053101], [-1347.48571777, 944.460327148, 116.081512451, 22.2635879517, 210.407791138, -159.192352295, 268.449432373, -26.1216583252, 151.882385254, -161.589157104, 96.6385879517, -108.796157837, 114.543838501], [-674.213378906, 116.081512451, 399.797576904, 80.3571624756, 23.0175609589, 10.8511238098, 18.0026416779, 10.4408140182, 38.6543502808, -22.7180671692, 10.7108020782, -12.089641571, -3.65628695488], [-276.228393555, 22.2635879517, 80.3571624756, 200.9190979, 44.5883636475, 11.6778049469, -17.5415916443, -44.8730392456, 25.7241821289, -17.7118644714, 40.0147857666, 2.4815530777, 22.8640708923], [-278.152618408, 210.407791138, 23.0175609589, 44.5883636475, 178.473144531, -23.1075649261, 65.2380828857, -10.6152763367, 24.485408783, -13.429353714, 38.7550239563, 3.14055085182, 34.8976097107], [217.420272827, -159.192352295, 10.8511238098, 11.6778049469, -23.1075649261, 115.208183289, 4.99515342712, 29.0911979675, -22.3686466217, 17.8759365082, -20.2500247955, 17.0848407745, -9.57514381409], [-371.321899414, 268.449432373, 18.0026416779, -17.5415916443, 65.2380828857, 4.99515342712, 202.207519531, 45.5095939636, 55.1716804504, -55.7693138123, 2.15607714653, -37.8162689209, 27.3888072968], [103.115180969, -26.1216583252, 10.4408140182, -44.8730392456, -10.6152763367, 29.0911979675, 45.5095939636, 95.6627731323, 24.1564750671, 20.7447090149, -16.6467208862, -0.0371249243617, -7.23687839508], [-225.784439087, 151.882385254, 38.6543502808, 25.7241821289, 24.485408783, -22.3686466217, 55.1716804504, 24.1564750671, 93.2836532593, -0.511930644512, 21.072977066, -18.5474262238, 14.0233774185], [344.911102295, -161.589157104, -22.7180671692, -17.7118644714, -13.429353714, 17.8759365082, -55.7693138123, 20.7447090149, -0.511930644512, 100.585769653, 11.3806114197, 38.9860877991, -22.8717803955], [-137.977478027, 96.6385879517, 10.7108020782, 40.0147857666, 38.7550239563, -20.2500247955, 2.15607714653, -16.6467208862, 21.072977066, 11.3806114197, 68.7538833618, 17.9463443756, 23.4198303223], [203.227111816, -108.796157837, -12.089641571, 2.4815530777, 3.14055085182, 17.0848407745, -37.8162689209, -0.0371249243617, -18.5474262238, 38.9860877991, 17.9463443756, 69.1470794678, 11.3570890427], [-174.695053101, 114.543838501, -3.65628695488, 22.8640708923, 34.8976097107, -9.57514381409, 27.3888072968, -7.23687839508, 14.0233774185, -22.8717803955, 23.4198303223, 11.3570890427, 63.2420959473]],
        "icov": [[0.00160185818095, -4.424747749e-05, 0.00234754360281, 0.000284814945189, 0.000336381868692, -0.00166604772676, 0.00139626848977, -0.00113054574467, 0.000605447217822, -0.00236839218996, 0.00189639814198, -0.00256275804713, 0.00213296711445], [-4.424747749e-05, 0.0117486799136, -0.00257670343854, 0.00581919960678, -0.00571371801198, 0.00689152814448, -0.00647959625348, 0.00401133811101, -0.00750333163887, 0.00799325387925, -0.0119387153536, 0.011062188074, -0.00920351408422], [0.00234754360281, -0.00257670343854, 0.00692188227549, -0.00193672103342, 0.00143088633195, -0.00421283906326, 0.00379847129807, -0.0034087318927, 0.00137335609179, -0.00383970607072, 0.00512577639893, -0.00646407110617, 0.00635890429839], [0.000284814945189, 0.00581919960678, -0.00193672103342, 0.0114881265908, -0.00444632768631, -0.000928968016524, -0.000347254099324, 0.00556565169245, -0.00758492900059, 0.00591402919963, -0.00886116176844, 0.00553334318101, -0.00480960216373], [0.000336381868692, -0.00571371801198, 0.00143088633195, -0.00444632768631, 0.0110851135105, -0.00173924700357, -0.000339310528943, -0.00129733141512, 0.00529702473432, -0.00625077215955, 0.00415016477928, -0.00641526142135, 0.00276634679176], [-0.00166604772676, 0.00689152814448, -0.00421283906326, -0.000928968016524, -0.00173924700357, 0.0190916936845, -0.00849867146462, -0.000661768368445, 0.000484269432491, 0.00393638666719, -0.00498845521361, 0.00618445966393, -0.00748366676271], [0.00139626848977, -0.00647959625348, 0.00379847129807, -0.000347254099324, -0.000339310528943, -0.00849867146462, 0.015962338075, -0.00720493448898, -0.000590922136325, 0.00021937515703, 0.00659773917869, -0.00574456108734, 0.00589969800785], [-0.00113054574467, 0.00401133811101, -0.0034087318927, 0.00556565169245, -0.00129733141512, -0.000661768368445, -0.00720493448898, 0.020791111514, -0.00832700543106, -0.00053038157057, -0.00162814557552, 0.00444474630058, -0.00502297608182], [0.000605447217822, -0.00750333163887, 0.00137335609179, -0.00758492900059, 0.00529702473432, 0.000484269432491, -0.000590922136325, -0.00832700543106, 0.0251193121076, -0.0120762437582, 0.00486697209999, -0.00199575279839, 0.00315610738471], [-0.00236839218996, 0.00799325387925, -0.00383970607072, 0.00591402919963, -0.00625077215955, 0.00393638666719, 0.00021937515703, -0.00053038157057, -0.0120762437582, 0.0309465751052, -0.0161418970674, 0.00157473213039, 7.44535354897e-05], [0.00189639814198, -0.0119387153536, 0.00512577639893, -0.00886116176844, 0.00415016477928, -0.00498845521361, 0.00659773917869, -0.00162814557552, 0.00486697209999, -0.0161418970674, 0.0391391962767, -0.0192827731371, 0.00632451893762], [-0.00256275804713, 0.011062188074, -0.00646407110617, 0.00553334318101, -0.00641526142135, 0.00618445966393, -0.00574456108734, 0.00444474630058, -0.00199575279839, 0.00157473213039, -0.0192827731371, 0.0407551005483, -0.0211823247373], [0.00213296711445, -0.00920351408422, 0.00635890429839, -0.00480960216373, 0.00276634679176, -0.00748366676271, 0.00589969800785, -0.00502297608182, 0.00315610738471, 7.44535354897e-05, 0.00632451893762, -0.0211823247373, 0.0354795828462]]
    },
    "melbands": {
        "dmean": [0.00129175523762, 0.000800497480668, 0.00112759950571, 0.000732309010345, 0.000417049974203, 0.000244301569182, 0.000169813181856, 0.000115582290164, 0.000190000559087, 0.000123313759104, 7.53471904318e-05, 0.000112126501335, 6.62966194795e-05, 6.21177750872e-05, 7.69744510762e-05, 4.26387450716e-05, 6.15579774603e-05, 3.56698546966e-05, 3.70846937585e-05, 2.97189417324e-05, 1.82208150363e-05, 3.24280736095e-05, 2.58479667536e-05, 1.69964350789e-05, 1.32782051878e-05, 1.03942938949e-05, 7.17863304089e-06, 5.68731138628e-06, 3.91703224523e-06, 3.22361051985e-06, 3.16121872856e-06, 2.44413968176e-06, 2.30354430641e-06, 1.69430893493e-06, 1.68102656062e-06, 1.19106744023e-06, 8.10298956821e-07, 6.82757729464e-07, 6.07968729582e-07, 5.50015101908e-07],
        "dmean2": [0.00208275369368, 0.00132279435638, 0.0019249226898, 0.00121709576342, 0.000658759789076, 0.000398185628001, 0.000275580823654, 0.00019405434432, 0.000297394988593, 0.000191874889424, 0.000114420392492, 0.000170719606103, 0.000100650519016, 0.000100790151919, 0.000128334359033, 7.01602839399e-05, 0.000104159844341, 5.72324097448e-05, 5.99712584517e-05, 5.02576585859e-05, 2.94048477372e-05, 5.52360579604e-05, 4.32455854025e-05, 2.81747234112e-05, 2.25026960834e-05, 1.78845421033e-05, 1.21085449791e-05, 9.65124218055e-06, 6.71555153531e-06, 5.32854528501e-06, 5.13877103003e-06, 3.76551861336e-06, 3.36411676471e-06, 2.53921484727e-06, 2.55069198829e-06, 1.7817750404e-06, 1.2407945178e-06, 1.02276328562e-06, 8.70458734425e-07, 8.02477245543e-07],
        "dvar": [3.96924224333e-06, 9.93070671029e-07, 1.73780597379e-06, 1.06019945179e-06, 3.24176880895e-07, 1.56786029493e-07, 1.1494119434e-07, 9.33457258157e-08, 2.94191636385e-07, 1.37861206895e-07, 2.82125878215e-08, 5.53951871041e-08, 1.40745193278e-08, 1.85000210706e-08, 2.20658140648e-08, 5.69173108644e-09, 8.11806977197e-09, 3.14627346398e-09, 2.8222013615e-09, 2.44379427805e-09, 7.77003794639e-10, 1.45341139124e-09, 7.84830145317e-10, 3.03522790235e-10, 1.82599907417e-10, 1.22558990734e-10, 4.87781932901e-11, 3.16329566707e-11, 1.5253180663e-11, 1.12750087045e-11, 1.71096071339e-11, 2.13519982944e-11, 2.68262217995e-11, 1.27729484975e-11, 1.50398860033e-11, 6.52989337949e-12, 1.24667322906e-12, 8.30720420838e-13, 7.89836295326e-13, 7.5652608093e-13],
        "dvar2": [9.61938985711e-06, 2.43649014919e-06, 5.06795367983e-06, 2.86754152512e-06, 7.71730697124e-07, 4.05296390227e-07, 2.87644212449e-07, 2.40730713585e-07, 7.01296926309e-07, 3.43270556868e-07, 6.62588632849e-08, 1.39455551107e-07, 3.03561620285e-08, 4.7378698298e-08, 5.62837776386e-08, 1.44368339505e-08, 2.14710684787e-08, 8.00842681059e-09, 6.85453027671e-09, 6.15527406822e-09, 1.75030356875e-09, 3.89312804217e-09, 2.27567742428e-09, 8.0981205075e-10, 4.9597231877e-10, 3.43382683399e-10, 1.37242509024e-10, 8.44440697922e-11, 4.0117343475e-11, 2.85939345118e-11, 3.97199460822e-11, 4.40308241256e-11, 4.77827777345e-11, 2.19079910463e-11, 2.95513821746e-11, 1.39900912036e-11, 2.66186183338e-12, 1.59645940131e-12, 1.70787613652e-12, 1.536546064e-12],
        "max": [0.0174923166633, 0.0102926520631, 0.0119509082288, 0.0133719183505, 0.00773410545662, 0.00560587691143, 0.00511101726443, 0.00515888025984, 0.00861316919327, 0.00816037785262, 0.0025942302309, 0.00331469997764, 0.0022634502966, 0.00210050540045, 0.00262479810044, 0.00145200430416, 0.000995230278932, 0.000910225615371, 0.000929295434617, 0.0010148298461, 0.000528514734469, 0.000524747476447, 0.000306650646962, 0.000194797088625, 0.000115423026728, 0.000116310366138, 6.63839455228e-05, 4.90074125992e-05, 3.9212682168e-05, 3.84663253499e-05, 6.47452761768e-05, 8.44363676151e-05, 8.55493417475e-05, 5.44339236512e-05, 6.5877182351e-05, 6.18255362497e-05, 1.65511064552e-05, 1.21349603432e-05, 1.50923124238e-05, 1.24675652842e-05],
        "mean": [0.00156623823568, 0.00153347267769, 0.00205269851722, 0.00131639477331, 0.000971301051322, 0.000537272193469, 0.000264769099886, 0.000155411180458, 0.000295908248518, 0.000202253082534, 0.000146119884448, 0.000207126300666, 0.000126798273413, 0.000100941353594, 0.000129083782667, 7.21355900168e-05, 0.00010642932466, 6.95809430908e-05, 6.64819162921e-05, 5.38526765013e-05, 3.5943074181e-05, 6.42929080641e-05, 5.79303159611e-05, 3.8085559936e-05, 2.67610339506e-05, 2.22863836825e-05, 1.69931172422e-05, 1.26221912069e-05, 8.7981679826e-06, 7.91775346443e-06, 7.16243175702e-06, 5.22468599229e-06, 4.53539632872e-06, 3.25686028191e-06, 3.09092638417e-06, 2.31392164096e-06, 1.86219494935e-06, 1.60701279128e-06, 1.31293109007e-06, 1.04367597942e-06],
        "median": [0.000783975759987, 0.00116904394235, 0.00165737862699, 0.000973048154265, 0.000646102882456, 0.000406170554925, 0.000110741901153, 6.67544591124e-05, 8.4961837274e-05, 4.22768571298e-05, 5.46114351891e-05, 9.21594109968e-05, 6.91576133249e-05, 5.96690624661e-05, 7.46674850234e-05, 4.69958249596e-05, 7.57167581469e-05, 5.54619764443e-05, 5.01348040416e-05, 4.08868399973e-05, 2.80194290099e-05, 5.40009314136e-05, 5.41820445505e-05, 3.5673561797e-05, 2.45963983616e-05, 2.08911187656e-05, 1.64657267305e-05, 1.19241494758e-05, 8.21569483378e-06, 6.92282264936e-06, 5.77469563723e-06, 3.22195478475e-06, 2.11712199416e-06, 1.5263020714e-06, 1.67744974533e-06, 1.39473081617e-06, 1.32860884605e-06, 1.14276156182e-06, 8.11466748019e-07, 5.30280601652e-07],
        "min": [2.12708073377e-05, 1.53190503625e-05, 1.39980802487e-05, 2.50059729296e-05, 9.54898041527e-06, 5.16608395174e-07, 3.99179896249e-07, 2.12518358467e-07, 2.21422780555e-07, 1.41637727324e-07, 1.0474795431e-07, 1.98422512199e-07, 1.42904340805e-07, 6.78774014773e-08, 9.05841943677e-08, 5.96724945012e-08, 1.51158658923e-08, 2.74016365154e-08, 2.5132464998e-08, 3.00214040294e-08, 7.22384640994e-08, 8.24709402991e-08, 2.5059890163e-08, 3.34669181257e-08, 2.51209932856e-08, 2.30584102923e-08, 1.18132668092e-08, 3.65262708968e-09, 2.62785970762e-09, 2.69322875113e-09, 1.48702228309e-09, 7.28761440083e-10, 5.1299164916e-10, 5.50364975815e-10, 2.14748205329e-10, 6.15288792138e-11, 4.27651317136e-12, 4.01156104862e-12, 1.86813377268e-11, 7.64342582282e-12],
