{
"highlevel": {
    "danceability": {
        "all": {
            "danceable": 0.509310603142,
            "not_danceable": 0.490689367056
        },
        "probability": 0.509310603142,
        "value": "danceable"
    },
    "gender": {
        "all": {
            "female": 0.0592013858259,
            "male": 0.940798640251
        },
        "probability": 0.940798640251,
        "value": "male"
    },
    "genre_dortmund": {
        "all": {
            "alternative": 0.234949618578,
            "blues": 0.0167945474386,
            "electronic": 0.133115261793,
            "folkcountry": 0.191502347589,
            "funksoulrnb": 0.00721923261881,
            "jazz": 0.0335887745023,
            "pop": 0.0978278517723,
            "raphiphop": 0.017450414598,
            "rock": 0.267551958561
        },
        "probability": 0.267551958561,
        "value": "rock"
    },
    "genre_electronic": {
        "all": {
            "ambient": 0.668470978737,
            "dnb": 0.161690071225,
            "house": 0.0636349618435,
            "techno": 0.0156991332769,
            "trance": 0.0905048474669
        },
        "probability": 0.668470978737,
        "value": "ambient"
    },
    "genre_rosamerica": {
        "all": {
            "cla": 0.0708739906549,
            "dan": 0.0475241690874,
            "hip": 0.0242555886507,
            "jaz": 0.0796042382717,
            "pop": 0.28650906682,
            "rhy": 0.107806377113,
            "roc": 0.346728801727,
            "spe": 0.0366977639496
        },
        "probability": 0.346728801727,
        "value": "roc"
    },
    "genre_tzanetakis": {
        "all": {
            "blu": 0.0626541376114,
            "cla": 0.0348133966327,
            "cou": 0.0783501937985,
            "dis": 0.104547761381,
            "hip": 0.15693578124,
            "jaz": 0.313987255096,
            "met": 0.044816005975,
            "pop": 0.0627349764109,
            "reg": 0.0627352520823,
            "roc": 0.0784252434969
        },
        "probability": 0.313987255096,
        "value": "jaz"
    },
    "ismir04_rhythm": {
        "all": {
            "ChaChaCha": 0.0205452777445,
            "Jive": 0.165519177914,
            "Quickstep": 0.058027677238,
            "Rumba-American": 0.0283726081252,
            "Rumba-International": 0.325682789087,
            "Rumba-Misc": 0.0158038213849,
            "Samba": 0.0880769714713,
            "Tango": 0.0188012160361,
            "VienneseWaltz": 0.24004688859,
            "Waltz": 0.0391235798597
        },
        "probability": 0.325682789087,
        "value": "Rumba-International"
    },
    "mood_acoustic": {
        "all": {
            "acoustic": 0.416815459728,
            "not_acoustic": 0.583184540272
        },
        "probability": 0.583184540272,
        "value": "not_acoustic"
    },
    "mood_aggressive": {
        "all": {
            "aggressive": 0.485641181469,
            "not_aggressive": 0.514358818531
        },
        "probability": 0.514358818531,
        "value": "not_aggressive"
    },
    "mood_electronic": {
        "all": {
            "electronic": 0.58634531498,
            "not_electronic": 0.41365468502
        },
        "probability": 0.58634531498,
        "value": "electronic"
    },
    "mood_happy": {
        "all": {
            "happy": 0.150744572282,
            "not_happy": 0.849255442619
        },
        "probability": 0.849255442619,
        "value": "not_happy"
    },
    "mood_party": {
        "all": {
            "not_party": 0.833066046238,
            "party": 0.16693392396
        },
        "probability": 0.833066046238,
        "value": "not_party"
    },
    "mood_relaxed": {
        "all": {
            "not_relaxed": 0.086841352284,
            "relaxed": 0.913158655167
        },
        "probability": 0.913158655167,
        "value": "relaxed"
    },
    "mood_sad": {
        "all": {
            "not_sad": 0.231616467237,
            "sad": 0.768383562565
        },
        "probability": 0.768383562565,
        "value": "sad"
    },
    "moods_mirex": {
        "all": {
            "Cluster1": 0.25928914547,
            "Cluster2": 0.195995077491,
            "Cluster3": 0.421141862869,
            "Cluster4": 0.0953610017896,
            "Cluster5": 0.0282129086554
        },
        "probability": 0.421141862869,
        "value": "Cluster3"
    },
    "timbre": {
        "all": {
            "bright": 0.482605040073,
            "dark": 0.517394959927
        },
        "probability": 0.517394959927,
        "value": "dark"
    },
    "tonal_atonal": {
        "all": {
            "atonal": 0.104240506887,
            "tonal": 0.895759522915
        },
        "probability": 0.895759522915,
        "value": "tonal"
    },
    "voice_instrumental": {
        "all": {
            "instrumental": 0.0360921919346,
            "voice": 0.963907837868
        },
        "probability": 0.963907837868,
        "value": "voice"
    }
},
"lowlevel": {
    "average_loudness": 0.963459253311,
    "barkbands_crest": {
        "dmean": 2.36243724823,
        "dmean2": 3.76838302612,
        "dvar": 5.36279582977,
        "dvar2": 13.6573600769,
        "max": 23.1999740601,
        "mean": 10.0491437912,
        "median": 9.12581062317,
        "min": 3.27426719666,
        "var": 14.7139148712
    },
    "barkbands_flatness_db": {
        "dmean": 0.0236829463392,
        "dmean2": 0.0346810929477,
        "dvar": 0.000453677115729,
        "dvar2": 0.000933057570364,
        "max": 0.294276833534,
        "mean": 0.173526778817,
        "median": 0.169400110841,
        "min": 0.070902235806,
        "var": 0.0015886410838
    },
    "barkbands_kurtosis": {
        "dmean": 2.63845157623,
        "dmean2": 4.24237251282,
        "dvar": 8.7783613205,
        "dvar2": 20.9482002258,
        "max": 32.1366271973,
        "mean": 4.59884262085,
        "median": 3.61957216263,
        "min": -1.5281791687,
        "var": 19.3905792236
    },
    "barkbands_skewness": {
        "dmean": 0.484643787146,
        "dmean2": 0.770793259144,
        "dvar": 0.189784184098,
        "dvar2": 0.46862334013,
        "max": 5.25994539261,
        "mean": 1.85778200626,
        "median": 1.80173170567,
        "min": -0.639600276947,
        "var": 0.588992893696
    },
    "barkbands_spread": {
        "dmean": 3.99641036987,
        "dmean2": 6.19400262833,
        "dvar": 16.3199386597,
        "dvar2": 42.8979110718,
        "max": 50.5780448914,
        "mean": 15.0704336166,
        "median": 13.995677948,
        "min": 3.54210758209,
        "var": 43.8051300049
    },
    "dissonance": {
        "dmean": 0.0195160917938,
        "dmean2": 0.0325033925474,
        "dvar": 0.000313780736178,
        "dvar2": 0.00083335628733,
        "max": 0.499791264534,
        "mean": 0.456477731466,
        "median": 0.460952907801,
        "min": 0.312099039555,
        "var": 0.000610243470874
    },
    "dynamic_complexity": 1.62270653248,
    "erbbands_crest": {
        "dmean": 2.74671983719,
        "dmean2": 4.5773601532,
        "dvar": 7.10504674911,
        "dvar2": 19.593132019,
        "max": 26.4920654297,
        "mean": 8.88285255432,
        "median": 8.04830646515,
        "min": 2.71216344833,
        "var": 14.2333898544
    },
    "erbbands_flatness_db": {
        "dmean": 0.0195161812007,
        "dmean2": 0.026009330526,
        "dvar": 0.000307768641505,
        "dvar2": 0.000528401345946,
        "max": 0.277672827244,
        "mean": 0.160842224956,
        "median": 0.159258365631,
        "min": 0.0757804140449,
        "var": 0.00119336228818
    },
    "erbbands_kurtosis": {
        "dmean": 0.685761034489,
        "dmean2": 1.12600851059,
        "dvar": 0.574923038483,
        "dvar2": 1.5418612957,
        "max": 7.25492572784,
        "mean": 0.0611998066306,
        "median": -0.147965669632,
        "min": -1.5467236042,
        "var": 1.00052785873
    },
    "erbbands_skewness": {
        "dmean": 0.354068428278,
        "dmean2": 0.569773435593,
        "dvar": 0.0777638107538,
        "dvar2": 0.204894304276,
        "max": 2.08433151245,
        "mean": 0.317798942327,
        "median": 0.336444348097,
        "min": -1.42992115021,
        "var": 0.26679199934
    },
    "erbbands_spread": {
        "dmean": 7.40652751923,
        "dmean2": 11.1620969772,
        "dvar": 56.8042869568,
        "dvar2": 115.580825806,
        "max": 98.5760650635,
        "mean": 35.3938789368,
        "median": 31.9814414978,
        "min": 7.31494092941,
        "var": 193.320220947
    },
    "hfc": {
        "dmean": 5.72671842575,
        "dmean2": 8.26009750366,
        "dvar": 42.9153289795,
        "dvar2": 86.1556396484,
        "max": 86.9226531982,
        "mean": 19.8691806793,
        "median": 16.7957344055,
        "min": 2.41304945946,
        "var": 147.322570801
    },
    "melbands_crest": {
        "dmean": 3.1085255146,
        "dmean2": 5.02104520798,
        "dvar": 7.47513628006,
        "dvar2": 18.2032318115,
        "max": 29.1189079285,
        "mean": 15.4496383667,
        "median": 15.1970787048,
        "min": 5.2043671608,
        "var": 21.3761577606
    },
    "melbands_flatness_db": {
        "dmean": 0.0288996621966,
        "dmean2": 0.040323458612,
        "dvar": 0.000727442558855,
        "dvar2": 0.00147993001156,
        "max": 0.374585419893,
        "mean": 0.243481293321,
        "median": 0.239607647061,
        "min": 0.0881340354681,
        "var": 0.00276817311533
    },
    "melbands_kurtosis": {
        "dmean": 5.99798440933,
        "dmean2": 9.61738491058,
        "dvar": 53.4282913208,
        "dvar2": 129.565093994,
        "max": 84.4720230103,
        "mean": 12.7971515656,
        "median": 9.90450954437,
        "min": -1.24965023994,
        "var": 120.099250793
    },
    "melbands_skewness": {
        "dmean": 0.656210482121,
        "dmean2": 1.03373789787,
        "dvar": 0.390056371689,
        "dvar2": 0.927512168884,
        "max": 8.21040153503,
        "mean": 2.82396769524,
        "median": 2.67665982246,
        "min": -0.266013890505,
        "var": 1.29189348221
    },
    "melbands_spread": {
        "dmean": 4.08767366409,
        "dmean2": 6.55094480515,
        "dvar": 17.5920314789,
        "dvar2": 46.7311859131,
        "max": 47.3560142517,
        "mean": 13.9140024185,
        "median": 12.6649799347,
        "min": 2.63336896896,
        "var": 46.2944030762
    },
    "pitch_salience": {
        "dmean": 0.0755831226707,
        "dmean2": 0.120605066419,
        "dvar": 0.00445682834834,
        "dvar2": 0.0107787959278,
        "max": 0.797327399254,
        "mean": 0.535775482655,
        "median": 0.541901111603,
        "min": 0.216340616345,
        "var": 0.011244982481
    },
    "silence_rate_20dB": {
        "dmean": 0,
        "dmean2": 0,
        "dvar": 0,
        "dvar2": 0,
        "max": 1,
        "mean": 1,
        "median": 1,
        "min": 1,
        "var": 0
    },
    "silence_rate_30dB": {
        "dmean": 0.0263157896698,
        "dmean2": 0.0526723451912,
        "dvar": 0.0256233774126,
        "dvar2": 0.0669398382306,
        "max": 1,
        "mean": 0.979118347168,
        "median": 1,
        "min": 0,
        "var": 0.0204458031803
    },
    "silence_rate_60dB": {
        "dmean": 0,
        "dmean2": 0,
        "dvar": 0,
        "dvar2": 0,
        "max": 0,
        "mean": 0,
        "median": 0,
        "min": 0,
        "var": 0
    },
    "spectral_centroid": {
        "dmean": 179.305130005,
        "dmean2": 277.286468506,
        "dvar": 34237.5429688,
        "dvar2": 87341.828125,
        "max": 2026.10681152,
        "mean": 831.592407227,
        "median": 776.342102051,
        "min": 316.779388428,
        "var": 97391.0625
    },
    "spectral_complexity": {
        "dmean": 3.54953551292,
        "dmean2": 5.32145643234,
        "dvar": 12.4007921219,
        "dvar2": 23.6929550171,
        "max": 44,
        "mean": 19.4539833069,
        "median": 18,
        "min": 8,
        "var": 38.0654220581
    },
    "spectral_decrease": {
        "dmean": 3.6785716695e-09,
        "dmean2": 5.67002622631e-09,
        "dvar": 1.91342393592e-17,
        "dvar2": 4.44575896453e-17,
        "max": -1.27658794646e-09,
        "mean": -1.20433680806e-08,
        "median": -1.04284367808e-08,
        "min": -4.58187798813e-08,
        "var": 4.8297418297e-17
    },
    "spectral_energy": {
        "dmean": 0.0142669677734,
        "dmean2": 0.0219199471176,
        "dvar": 0.000283191475319,
        "dvar2": 0.000654147937894,
        "max": 0.175007730722,
        "mean": 0.0472566187382,
        "median": 0.041025929153,
        "min": 0.00511577026919,
        "var": 0.000727933074813
    },
    "spectral_energyband_high": {
        "dmean": 0.000268858129857,
        "dmean2": 0.000378089607693,
        "dvar": 2.06809090741e-07,
        "dvar2": 4.46182411906e-07,
        "max": 0.00427889311686,
        "mean": 0.000478087982628,
        "median": 0.000218049463001,
        "min": 3.63868730346e-06,
        "var": 4.34755889955e-07
    },
    "spectral_energyband_low": {
        "dmean": 0.0100981369615,
        "dmean2": 0.0159938782454,
        "dvar": 0.000193583677174,
        "dvar2": 0.000456030102214,
        "max": 0.162193059921,
        "mean": 0.0237582083791,
        "median": 0.0173086225986,
        "min": 0.000627571134828,
        "var": 0.000393254857045
    },
    "spectral_energyband_middle_high": {
        "dmean": 0.00196447479539,
        "dmean2": 0.00313381850719,
        "dvar": 4.72377223559e-06,
        "dvar2": 1.21808725453e-05,
        "max": 0.0327489972115,
        "mean": 0.0051808138378,
        "median": 0.00407774886116,
        "min": 0.000368687760783,
        "var": 1.49845209307e-05
    },
    "spectral_energyband_middle_low": {
        "dmean": 0.00753909721971,
        "dmean2": 0.0121815633029,
        "dvar": 0.000121694298286,
        "dvar2": 0.00032200262649,
        "max": 0.114120468497,
        "mean": 0.0190424583852,
        "median": 0.0157585013658,
        "min": 0.00210971035995,
        "var": 0.00017912844487
    },
    "spectral_entropy": {
        "dmean": 0.205100357533,
        "dmean2": 0.270185649395,
        "dvar": 0.0374202132225,
        "dvar2": 0.0709071904421,
        "max": 8.31870269775,
        "mean": 7.28179740906,
        "median": 7.27179098129,
        "min": 6.27791213989,
        "var": 0.155790641904
    },
    "spectral_flux": {
        "dmean": 0.029943946749,
        "dmean2": 0.0452279746532,
        "dvar": 0.000929076515604,
        "dvar2": 0.00181043392513,
        "max": 0.30655425787,
        "mean": 0.0983524993062,
        "median": 0.0859358385205,
        "min": 0.0214295294136,
        "var": 0.00233832723461
    },
    "spectral_kurtosis": {
        "dmean": 2.48626160622,
        "dmean2": 3.74296236038,
        "dvar": 8.45514011383,
        "dvar2": 18.8335571289,
        "max": 31.6692733765,
        "mean": 6.7205529213,
        "median": 5.78071308136,
        "min": -0.27600646019,
        "var": 19.9435062408
    },
    "spectral_rms": {
        "dmean": 0.000997847761028,
        "dmean2": 0.00149306224193,
        "dvar": 1.02309047634e-06,
        "dvar2": 2.20130550588e-06,
        "max": 0.0130667230114,
        "mean": 0.00652554864064,
        "median": 0.00632655480877,
        "min": 0.00223405356519,
        "var": 3.52134179593e-06
    },
    "spectral_rolloff": {
        "dmean": 247.681213379,
        "dmean2": 433.148773193,
        "dvar": 101324.9375,
        "dvar2": 256343.921875,
        "max": 3229.98046875,
        "mean": 729.631164551,
        "median": 581.396484375,
        "min": 86.1328125,
        "var": 191861.796875
    },
    "spectral_skewness": {
        "dmean": 0.302359700203,
        "dmean2": 0.431643515825,
        "dvar": 0.0933378562331,
        "dvar2": 0.202233627439,
        "max": 4.29952335358,
        "mean": 1.99469816685,
        "median": 1.97250306606,
        "min": 0.65893226862,
        "var": 0.32460641861
    },
    "spectral_spread": {
        "dmean": 597602.75,
        "dmean2": 832723,
        "dvar": 429128482816,
        "dvar2": 872413593600,
        "max": 8337395.5,
        "mean": 3988000,
        "median": 3853710.25,
        "min": 1855862.75,
        "var": 1.29599720653e+12
    },
    "spectral_strongpeak": {
        "dmean": 0.341350108385,
        "dmean2": 0.593996882439,
        "dvar": 0.408786922693,
        "dvar2": 1.0898989439,
        "max": 7.10719442368,
        "mean": 0.673726320267,
        "median": 0.520809054375,
        "min": 0,
        "var": 0.388352066278
    },
    "zerocrossingrate": {
        "dmean": 0.00701205153018,
        "dmean2": 0.00861243437976,
        "dvar": 3.95360257244e-05,
        "dvar2": 5.79917686991e-05,
        "max": 0.111328125,
        "mean": 0.0356535948813,
        "median": 0.0341796875,
        "min": 0.00927734375,
        "var": 0.000215410109377
    },
    "barkbands": {
        "dmean": [0.00041334843263, 0.00749884312972, 0.00376453786157, 0.00248124427162, 0.003419872839, 0.00234050652944, 0.00157341384329, 0.00112074823119, 0.00047152172192, 0.000297040183796, 0.00011366437684, 0.00098764768336, 0.000327304034727, 0.000515550607815, 0.000413789151935, 0.000118708820082, 0.000225677606068, 0.000113948830403, 9.38157754717e-05, 6.43303137622e-05, 6.75955379847e-05, 6.50083820801e-05, 7.9752120655e-05, 4.42940981884e-05, 2.60305987467e-05, 1.00823981484e-05, 6.20263573836e-09],
        "dmean2": [0.000623263360467, 0.0120983654633, 0.0061884811148, 0.00427985936403, 0.00582228554413, 0.00361688109115, 0.00250422512181, 0.00169034430292, 0.00074453803245, 0.000492198916618, 0.000180918679689, 0.00168926327024, 0.000521444017068, 0.000854126177728, 0.000670026231091, 0.000184620454093, 0.000358058256097, 0.000173264736077, 0.00014552664652, 9.33838964556e-05, 9.91742926999e-05, 0.000104019491118, 0.000124284400954, 6.58627104713e-05, 3.89453489333e-05, 1.4586994439e-05, 8.02098920616e-09],
        "dvar": [7.85562690453e-07, 0.000168147802469, 2.89143081318e-05, 2.41452780756e-05, 3.56470482075e-05, 1.02473959487e-05, 5.01275053466e-06, 3.82625967177e-06, 1.14654699246e-06, 1.8429356885e-07, 2.32755947849e-08, 1.64110099377e-06, 3.69249448795e-07, 1.33411094794e-06, 8.44525516186e-07, 7.14994925488e-08, 9.82378480785e-08, 2.81405458935e-08, 2.63923762844e-08, 8.56321413778e-09, 1.07380087044e-08, 1.82533721471e-08, 2.84351511226e-08, 6.26149576632e-09, 2.74655787003e-09, 3.29061305981e-10, 2.17112349014e-14],
        "dvar2": [1.66884694863e-06, 0.000420593307354, 7.86808523117e-05, 6.57477139612e-05, 9.75736547844e-05, 2.25043422688e-05, 1.38526784212e-05, 8.34558522911e-06, 3.02605894831e-06, 4.65507497438e-07, 5.90276698631e-08, 4.78142737848e-06, 8.46702675972e-07, 3.61617162525e-06, 2.062411113e-06, 1.4276342597e-07, 2.31738610523e-07, 6.18982625156e-08, 6.17893647359e-08, 1.94921057073e-08, 2.53362113511e-08, 4.81761155413e-08, 7.11866121605e-08, 1.316136089e-08, 6.41648378874e-09, 7.86596565661e-10, 2.17529444978e-14],
        "max": [0.0115702180192, 0.150377109647, 0.0461967214942, 0.0439914576709, 0.0591152906418, 0.0433003902435, 0.0307959411293, 0.0240273792297, 0.022151986137, 0.00724053196609, 0.0019065849483, 0.0132728302851, 0.0113623868674, 0.0162910241634, 0.0264435000718, 0.00570584647357, 0.0056895497255, 0.00270943972282, 0.00155873433687, 0.00109387526754, 0.000956838892307, 0.00137285143137, 0.00139484205283, 0.000692375993822, 0.000464570708573, 0.000146350692376, 5.30213628736e-06],
        "mean": [0.000582637847401, 0.0141387023032, 0.00786477979273, 0.00266364775598, 0.00551643967628, 0.00507519859821, 0.00279698823579, 0.00209543248639, 0.000821279885713, 0.000465921126306, 0.000171878782567, 0.00154459802434, 0.000529359618668, 0.000830355565995, 0.000646232045256, 0.000212372659007, 0.000457903312054, 0.000190555670997, 0.000123180143419, 0.000106874445919, 9.95015216176e-05, 9.97778843157e-05, 0.000105526727566, 6.8320594437e-05, 3.73417096853e-05, 1.18565139928e-05, 5.8187676899e-09],
        "median": [0.000136537186336, 0.00631831912324, 0.00641084322706, 0.00107124878559, 0.00389312510379, 0.00303766899742, 0.00190775573719, 0.00106421485543, 0.000362609920558, 0.000286763999611, 9.65477956925e-05, 0.000985503196716, 0.000263312016614, 0.000228475051699, 0.000398332602344, 7.91465499788e-05, 0.000285424088361, 0.000113089117804, 5.55241495022e-05, 3.80786768801e-05, 3.93107147829e-05, 3.75588606403e-05, 3.74013361579e-05, 2.68935782515e-05, 1.28533310999e-05, 4.29669898949e-06, 7.34226346388e-10],
        "min": [3.01004035919e-07, 6.33356103208e-05, 6.49018838885e-05, 5.56528539164e-06, 4.36796835857e-05, 0.000103439335362, 2.57014053204e-05, 3.32721792802e-05, 1.40183565236e-05, 1.3408198356e-05, 4.13340058003e-06, 3.48348476109e-05, 7.29490830054e-06, 2.14646843233e-06, 8.31800298329e-06, 1.70120893017e-06, 9.36585365707e-06, 3.02108469441e-06, 1.4250614413e-06, 1.64993338103e-07, 4.84630618303e-07, 7.54293637328e-07, 6.73043359711e-07, 4.32098318015e-07, 2.19373035293e-07, 1.79210939422e-08, 1.14017632141e-11],
        "var": [1.61827790635e-06, 0.000318771781167, 4.40197691205e-05, 1.96886066988e-05, 3.62138307537e-05, 3.04535278701e-05, 9.03533691599e-06, 9.16492444958e-06, 1.80969050234e-06, 4.30959886444e-07, 4.22125943089e-08, 2.5266758712e-06, 7.31841282686e-07, 2.79857749774e-06, 1.36876894885e-06, 2.21696510039e-07, 3.1183850524e-07, 5.97067923991e-08, 3.30616600763e-08, 2.22772769121e-08, 2.04186569874e-08, 2.78639067375e-08, 3.47975621651e-08, 1.21403278541e-08, 4.14861567322e-09, 4.34439123564e-10, 2.17175910366e-14]
    },
    "erbbands": {
        "dmean": [0.202187642455, 1.76707494259, 4.16176557541, 6.27865314484, 12.1539697647, 9.45193862915, 12.1893892288, 22.8470745087, 26.1160392761, 13.6099481583, 28.0734062195, 10.6155834198, 6.47159433365, 10.4729986191, 7.75395774841, 48.2694740295, 13.4124221802, 30.5244255066, 21.5113182068, 9.86107444763, 8.40396213531, 9.78175640106, 6.95669031143, 4.85382270813, 4.55661249161, 3.05912995338, 3.17465949059, 1.98641371727, 1.87316513062, 2.34367036819, 2.92410755157, 0.952526450157, 0.807668745518, 0.262320786715, 0.224206745625, 0.0729332864285, 0.0140856606886, 0.000978686264716, 2.48094493145e-05, 1.64956363733e-05],
        "dmean2": [0.326992630959, 2.86695957184, 6.85961198807, 10.5737028122, 20.7042236328, 16.1116313934, 18.8501739502, 34.5341835022, 41.5520172119, 20.5331707001, 42.2385215759, 16.5220241547, 10.2571573257, 17.4400482178, 13.0845317841, 82.5299301147, 21.8021812439, 51.214466095, 34.7524108887, 15.6567277908, 13.1847810745, 15.1642427444, 10.6170215607, 7.59647989273, 6.82346820831, 4.41252613068, 4.84877681732, 2.89777970314, 2.91193556786, 3.76754760742, 4.68612527847, 1.41401314735, 1.2264816761, 0.377871900797, 0.348078966141, 0.10795532167, 0.0201375912875, 0.00143741292413, 3.33168864017e-05, 2.46411455009e-05],
        "dvar": [0.158989623189, 8.56994915009, 28.2672729492, 137.8019104, 550.702758789, 288.273651123, 331.521240234, 1196.05737305, 1260.94360352, 371.027587891, 2639.78613281, 447.525360107, 77.3864135742, 260.146270752, 72.1262893677, 4233.27050781, 336.135192871, 4620.61865234, 959.238464355, 1661.2010498, 226.551971436, 180.029678345, 96.0624771118, 69.6504669189, 54.7419624329, 20.2157077789, 28.9108600616, 9.33375549316, 12.8975696564, 28.4746417999, 39.7716674805, 3.61278700829, 1.95255208015, 0.29065322876, 0.215722635388, 0.0192014276981, 0.00073031289503, 2.32177444559e-06, 1.50740420146e-09, 3.66423558162e-10],
        "dvar2": [0.377799898386, 21.929605484, 74.2868423462, 374.129119873, 1490.75598145, 785.233093262, 804.420837402, 2530.04736328, 3607.16333008, 880.712036133, 5842.80810547, 1049.12390137, 204.21661377, 651.152038574, 191.193161011, 12356.8056641, 816.813598633, 12429.5273438, 2314.99462891, 4173.55419922, 473.436004639, 406.680236816, 214.294158936, 169.793807983, 122.360595703, 45.2537956238, 72.3279342651, 21.3425254822, 32.9835624695, 74.7014389038, 102.464599609, 7.85239601135, 4.46381950378, 0.623016357422, 0.552396953106, 0.0464590974152, 0.00158915529028, 4.64350250695e-06, 2.30437291471e-09, 8.12112266324e-10],
        "max": [3.3170440197, 37.2194862366, 45.120891571, 106.937789917, 242.912948608, 194.641860962, 191.229553223, 498.1875, 514.038635254, 257.983825684, 541.225280762, 379.114593506, 105.056190491, 291.219360352, 120.165878296, 671.604980469, 230.330764771, 993.828979492, 410.254089355, 1182.72717285, 329.946777344, 230.704467773, 155.414779663, 82.9799804688, 92.2425765991, 55.4729537964, 42.2116737366, 40.7858200073, 43.6807022095, 48.8246688843, 50.4630317688, 25.6812267303, 10.7158670425, 4.70327234268, 4.5924243927, 1.23322820663, 0.219994544983, 0.0144038023427, 0.000839909072965, 0.000191512182937],
        "mean": [0.267622351646, 3.6817252636, 9.99063396454, 8.66211414337, 16.328338623, 15.4189214706, 22.2571334839, 48.1827354431, 48.8363113403, 28.9653186798, 52.741733551, 20.8548870087, 12.8696241379, 16.576259613, 15.6219854355, 72.3877258301, 26.1304416656, 52.0460586548, 36.203742981, 15.7931003571, 17.9006633759, 20.2781887054, 12.8904953003, 6.83277368546, 6.56440877914, 5.09586000443, 4.47199440002, 3.36112046242, 3.24563121796, 3.27508711815, 3.58836293221, 1.50236308575, 1.14078998566, 0.37381324172, 0.297842085361, 0.097210213542, 0.014790635556, 0.00108185515273, 4.8973794037e-05, 5.55993538001e-05],
        "median": [0.044644843787, 1.86194372177, 8.38471889496, 5.25014925003, 10.2016735077, 8.59438323975, 13.3286352158, 24.0001068115, 33.6766166687, 21.6968841553, 26.3237838745, 10.866900444, 8.38023853302, 9.52020740509, 12.6642208099, 43.0881271362, 16.1975822449, 16.7875747681, 25.5484199524, 6.98073005676, 10.4204463959, 11.8740634918, 7.41671514511, 3.79385972023, 3.00677251816, 1.81206309795, 1.82414376736, 1.15560221672, 1.16617894173, 1.15619683266, 1.18989777565, 0.597108602524, 0.431877881289, 0.117798522115, 0.103382617235, 0.0382153280079, 0.00429718010128, 0.000300157495076, 3.3598698792e-05, 4.78293768538e-05],
        "min": [0.00102039042395, 0.0139908771962, 0.230063199997, 0.286162406206, 0.116960711777, 0.170552745461, 0.172925487161, 1.23833584785, 1.31962025166, 0.991854548454, 0.763732075691, 0.649248719215, 0.626876294613, 0.628778994083, 1.15467703342, 1.44517683983, 0.821471214294, 0.492352604866, 0.382151812315, 0.327033013105, 0.494951456785, 0.358259648085, 0.224712282419, 0.0981103330851, 0.0809545814991, 0.0143949538469, 0.0113735860214, 0.0272930115461, 0.0235305950046, 0.0165646430105, 0.0244075059891, 0.00878546200693, 0.00734434556216, 0.00104482809547, 0.00159623031504, 0.000337975478033, 4.17252449552e-05, 2.24256586989e-06, 3.28357327817e-06, 6.01490182817e-06],
        "var": [0.199224174023, 18.3876819611, 47.7469139099, 121.255386353, 452.064910889, 379.745849609, 698.617431641, 3496.50195312, 2351.2800293, 757.740600586, 6068.02880859, 927.887878418, 167.197860718, 649.987426758, 122.665855408, 6400.09667969, 862.961730957, 10058.8808594, 1625.17028809, 2587.76757812, 770.997497559, 675.460876465, 252.711791992, 80.3235473633, 86.3833236694, 52.2406044006, 43.7535362244, 25.7142181396, 29.0542984009, 32.7176246643, 43.1244316101, 6.60274505615, 3.33892464638, 0.477937847376, 0.268094629049, 0.0262579359114, 0.00090087170247, 3.24985740008e-06, 2.58023469257e-09, 9.92451121284e-10]
    },
    "gfcc": {
        "mean": [18.1954689026, 127.315605164, -109.7866745, 31.9330863953, -55.3135681152, 21.2987670898, -45.641910553, 5.21408414841, -17.6685733795, 4.00623083115, -7.47338724136, -0.512650609016, -15.6080217361],
        "cov": [[1858.1126709, -833.747070312, 7.13396978378, 341.164306641, -227.376571655, 101.3646698, -18.3699092865, 82.6655883789, -70.0884857178, 208.170761108, -106.605628967, -2.03388500214, -54.266494751], [-833.747070312, 725.035888672, -65.8598251343, -218.490325928, 208.204193115, -114.251983643, 76.9354476929, -72.7085342407, 92.5091934204, -92.5358963013, 111.498497009, -24.7418613434, 63.2541160583], [7.13396978378, -65.8598251343, 327.514984131, 17.7440929413, 20.5325183868, 51.883682251, -13.7200746536, 48.2436218262, -4.07726621628, 15.5273418427, -15.4653120041, 69.4814834595, -16.2077484131], [341.164306641, -218.490325928, 17.7440929413, 249.55291748, -41.8053321838, 29.4785709381, 2.85544323921, 23.2137069702, 4.97767925262, 19.5622787476, -30.3124275208, 0.328189402819, 43.5871353149], [-227.376571655, 208.204193115, 20.5325183868, -41.8053321838, 202.855499268, -17.0612201691, 28.0483283997, 4.42094087601, 50.1515769958, -4.87668371201, 25.8382148743, 32.2378501892, 13.1110515594], [101.3646698, -114.251983643, 51.883682251, 29.4785709381, -17.0612201691, 121.892982483, 9.53212165833, 15.8018016815, -5.18381500244, 12.8922224045, -0.0976555645466, 8.71178340912, -14.175825119], [-18.3699092865, 76.9354476929, -13.7200746536, 2.85544323921, 28.0483283997, 9.53212165833, 97.0946121216, 21.6958560944, 19.2937889099, 14.8135595322, 27.5137176514, -4.61031675339, 13.8064308167], [82.6655883789, -72.7085342407, 48.2436218262, 23.2137069702, 4.42094087601, 15.8018016815, 21.6958560944, 86.7108917236, 20.4904956818, 21.6256427765, -2.56738305092, 24.2536258698, -1.31157743931], [-70.0884857178, 92.5091934204, -4.07726621628, 4.97767925262, 50.1515769958, -5.18381500244, 19.2937889099, 20.4904956818, 93.7385177612, 23.2074298859, 17.6378383636, 23.4942436218, 32.9811706543], [208.170761108, -92.5358963013, 15.5273418427, 19.5622787476, -4.87668371201, 12.8922224045, 14.8135595322, 21.6256427765, 23.2074298859, 89.9346847534, 7.66058158875, 16.9612407684, 0.168183535337], [-106.605628967, 111.498497009, -15.4653120041, -30.3124275208, 25.8382148743, -0.0976555645466, 27.5137176514, -2.56738305092, 17.6378383636, 7.66058158875, 78.9613876343, 8.98430538177, 11.7774953842], [-2.03388500214, -24.7418613434, 69.4814834595, 0.328189402819, 32.2378501892, 8.71178340912, -4.61031675339, 24.2536258698, 23.4942436218, 16.9612407684, 8.98430538177, 86.5500335693, 19.4263935089], [-54.266494751, 63.2541160583, -16.2077484131, 43.5871353149, 13.1110515594, -14.175825119, 13.8064308167, -1.31157743931, 32.9811706543, 0.168183535337, 11.7774953842, 19.4263935089, 82.9748001099]],
        "icov": [[0.00153522449546, 0.000761069881264, 0.00037291937042, -0.00128651841078, 0.000349601410562, 9.20682650758e-05, -0.000324854598148, -7.45683864807e-05, 0.000654195842799, -0.00268090912141, 0.000567294191569, -8.3169543359e-05, 0.000870242365636], [0.000761069881264, 0.0207201614976, -0.00516298180446, 0.0128232948482, -0.0103552294895, 0.0107640726492, -0.0111422874033, 0.0123492935672, -0.0156418886036, 0.0170811340213, -0.0145154679194, 0.0139785232022, -0.0125476354733], [0.00037291937042, -0.00516298180446, 0.00583231728524, -0.004056122154, 0.00235157134011, -0.00412462605163, 0.00335093797185, -0.00478424830362, 0.00529777817428, -0.00544701842591, 0.00473264139146, -0.00697120092809, 0.0046059191227], [-0.00128651841078, 0.0128232948482, -0.004056122154, 0.0154787991196, -0.00658373953775, 0.00561579689384, -0.00686277961358, 0.00692276796326, -0.0105638448149, 0.013258093968, -0.00803909637034, 0.0105357263237, -0.0134427817538], [0.000349601410562, -0.0103552294895, 0.00235157134011, -0.00658373953775, 0.0122348545119, -0.00457920320332, 0.00362216262147, -0.00531844608486, 0.00489174900576, -0.00855475664139, 0.0072132544592, -0.00939839985222, 0.00788767356426], [9.20682650758e-05, 0.0107640726492, -0.00412462605163, 0.00561579689384, -0.00457920320332, 0.0153892096132, -0.00726876314729, 0.00651130871847, -0.00850837118924, 0.00920978281647, -0.00858728587627, 0.0066555859521, -0.00421217782423], [-0.000324854598148, -0.0111422874033, 0.00335093797185, -0.00686277961358, 0.00362216262147, -0.00726876314729, 0.0199764613062, -0.0109734833241, 0.00875647738576, -0.0110697029158, 0.00374429812655, -0.00386178423651, 0.0041442043148], [-7.45683864807e-05, 0.0123492935672, -0.00478424830362, 0.00692276796326, -0.00531844608486, 0.00651130871847, -0.0109734833241, 0.0234957318753, -0.0131952576339, 0.0102520193905, -0.00737742474303, 0.00490730442107, -0.00476161250845], [0.000654195842799, -0.0156418886036, 0.00529777817428, -0.0105638448149, 0.00489174900576, -0.00850837118924, 0.00875647738576, -0.0131952576339, 0.0294742044061, -0.019311638549, 0.0108117768541, -0.0118430610746, 0.00460576592013], [-0.00268090912141, 0.0170811340213, -0.00544701842591, 0.013258093968, -0.00855475664139, 0.00920978281647, -0.0110697029158, 0.0102520193905, -0.019311638549, 0.0349030345678, -0.015393695794, 0.0102949757129, -0.0104941390455], [0.000567294191569, -0.0145154679194, 0.00473264139146, -0.00803909637034, 0.0072132544592, -0.00858728587627, 0.00374429812655, -0.00737742474303, 0.0108117768541, -0.015393695794, 0.0271107256413, -0.0119720250368, 0.00792600680143], [-8.3169543359e-05, 0.0139785232022, -0.00697120092809, 0.0105357263237, -0.00939839985222, 0.0066555859521, -0.00386178423651, 0.00490730442107, -0.0118430610746, 0.0102949757129, -0.0119720250368, 0.0280361697078, -0.0144425975159], [0.000870242365636, -0.0125476354733, 0.0046059191227, -0.0134427817538, 0.00788767356426, -0.00421217782423, 0.0041442043148, -0.00476161250845, 0.00460576592013, -0.0104941390455, 0.00792600680143, -0.0144425975159, 0.0278637651354]]
    },
    "melbands": {
        "dmean": [0.00197648373432, 0.00211998820305, 0.00121040956583, 0.000865229405463, 0.000370917783584, 0.000482671690406, 0.000389918772271, 0.000152430642629, 0.000212054641452, 6.13538140897e-05, 3.32561503456e-05, 4.5741784561e-05, 1.86486322491e-05, 0.000105482678919, 6.47419074085e-05, 4.73309191875e-05, 5.34686987521e-05, 3.28767528117e-05, 2.38355241891e-05, 8.32583828014e-06, 1.19606411317e-05, 1.08578879008e-05, 1.0259955161e-05, 5.90425088376e-06, 3.93258005715e-06, 3.69142026102e-06, 2.71319663625e-06, 2.04281400329e-06, 2.08844289773e-06, 1.8402937485e-06, 9.96432618194e-07, 9.71317490439e-07, 1.727406584e-06, 1.03982722521e-06, 2.0805607619e-06, 7.9516041751e-07, 5.57028215553e-07, 6.3037794007e-07, 3.66744814073e-07, 1.77700172799e-07],
        "dmean2": [0.00318156275898, 0.00344998342916, 0.00203563971445, 0.0014624557225, 0.000579448009375, 0.000735568464734, 0.000615137454588, 0.000228611766943, 0.00032028867281, 9.64510472841e-05, 5.29951321369e-05, 7.62513154768e-05, 2.99051062029e-05, 0.000181157563929, 0.000108838474262, 7.85304728197e-05, 8.9210770966e-05, 5.29489407199e-05, 3.82902144338e-05, 1.32363484227e-05, 1.90759783436e-05, 1.71762021637e-05, 1.55739489855e-05, 9.16215049074e-06, 6.4107016442e-06, 5.61990464121e-06, 4.14228725276e-06, 3.0476203392e-06, 3.27769066644e-06, 2.76761716123e-06, 1.49835125285e-06, 1.50946573285e-06, 2.85157398139e-06, 1.62906769674e-06, 3.35578602062e-06, 1.26210841245e-06, 8.13817678136e-07, 9.61920363807e-07, 5.6219215594e-07, 2.57190720276e-07],
        "dvar": [1.33957228172e-05, 6.98799021848e-06, 4.93511242894e-06, 2.41570000981e-06, 3.01667569147e-07, 4.97353369155e-07, 2.69228195293e-07, 4.71773198285e-08, 1.62897748623e-07, 1.39623361761e-08, 2.04368388879e-09, 4.95691310221e-09, 5.14160269915e-10, 1.79432770864e-08, 7.21622006594e-09, 8.5877838174e-09, 1.38395144234e-08, 2.43705411407e-09, 7.33940686004e-09, 6.26459273345e-10, 3.82275072708e-10, 2.09155734399e-10, 2.78745193594e-10, 6.52174148019e-11, 5.56827743636e-11, 3.93194296566e-11, 2.08962135789e-11, 1.02744601022e-11, 1.4715952415e-11, 8.20380395561e-12, 2.7085141855e-12, 3.70771469083e-12, 1.40410695224e-11, 5.63179624463e-12, 1.94976795126e-11, 3.19684795129e-12, 1.11546839474e-12, 1.17723029675e-12, 5.62013380712e-13, 1.40752332207e-13],
        "dvar2": [3.2812848076e-05, 1.79041744559e-05, 1.3314219359e-05, 6.56651081954e-06, 7.64091907968e-07, 1.06407640033e-06, 7.62027354995e-07, 1.04539040535e-07, 3.64892457583e-07, 3.35706040744e-08, 5.32487698379e-09, 1.24150032477e-08, 1.31406796555e-09, 5.22730658759e-08, 2.09662296413e-08, 2.19502602761e-08, 3.73023354427e-08, 5.71461722387e-09, 1.79592802851e-08, 1.48502854458e-09, 8.2833534476e-10, 4.83101447735e-10, 6.30863250528e-10, 1.54968371469e-10, 1.39469949478e-10, 9.19191736615e-11, 4.90321394597e-11, 2.38615394804e-11, 3.7936417896e-11, 1.97367608368e-11, 6.24111222772e-12, 9.70655326948e-12, 3.82521965492e-11, 1.41789878449e-11, 4.99508143181e-11, 8.20634445814e-12, 2.32547097898e-12, 2.73152334085e-12, 1.31931694302e-12, 3.01795074391e-13],
        "max": [0.0380738265812, 0.0270729307085, 0.0207353457808, 0.0149243669584, 0.00537995621562, 0.00997502636164, 0.00730061950162, 0.00327115808614, 0.00521286576986, 0.00198720768094, 0.00053781515453, 0.0012562678894, 0.000266866554739, 0.00136281526648, 0.00104595534503, 0.00133181316778, 0.00169168459252, 0.000785144336987, 0.00282002380118, 0.000489446625579, 0.000363977451343, 0.000217350767343, 0.000305836118059, 0.000111148969154, 7.07090293872e-05, 6.26624387223e-05, 7.24920682842e-05, 3.97614130634e-05, 3.16856239806e-05, 2.47488223977e-05, 2.492866588e-05, 2.75151996902e-05, 4.21918994107e-05, 2.05556953006e-05, 3.67965076293e-05, 2.45107257797e-05, 1.35949112519e-05, 9.88136071101e-06, 6.37322318653e-06, 3.50304162566e-06],
        "mean": [0.00327891972847, 0.00525694526732, 0.00170753395651, 0.00129068410024, 0.000677040836308, 0.00102359068114, 0.000744876335375, 0.000319808459608, 0.000397911760956, 0.000113762733235, 6.33055169601e-05, 6.91655513947e-05, 3.25272558257e-05, 0.000168470622157, 0.000100202320027, 7.98495893832e-05, 8.83912580321e-05, 5.241643521e-05, 3.75717681891e-05, 1.24630023493e-05, 2.43672511715e-05, 2.17785000132e-05, 1.75705736183e-05, 9.47109856497e-06, 4.80705057271e-06, 4.83790699946e-06, 4.02974274039e-06, 3.25815062752e-06, 2.80815720544e-06, 2.52019754043e-06, 1.70503324171e-06, 1.67827784026e-06, 2.2249396352e-06, 1.50092137119e-06, 2.45657838605e-06, 1.055034204e-06, 8.5571582531e-07, 8.78244861724e-07, 4.94419737151e-07, 2.42787223215e-07],
        "median": [0.00103156606201, 0.00466748606414, 0.00113736686762, 0.000796223874204, 0.000417871575337, 0.000541914778296, 0.000519226188771, 0.000228287288337, 0.000193623578525, 5.60641201446e-05, 3.98925330956e-05, 3.81790232495e-05, 2.21318987315e-05, 0.000111718858534, 6.15266617388e-05, 2.99801668007e-05, 2.61219793174e-05, 3.37460078299e-05, 1.97138942895e-05, 4.27440863859e-06, 1.42078961289e-05, 1.37835741043e-05, 7.94137213234e-06, 5.89319370192e-06, 2.2189747142e-06, 2.11451424548e-06, 1.635246349e-06, 1.07430798835e-06, 1.00135002867e-06, 7.82397535204e-07, 5.82426650908e-07, 5.68127063616e-07, 8.02298700364e-07, 5.06755213792e-07, 7.49723994886e-07, 3.68111528815e-07, 3.28958606133e-07, 3.34148950287e-07, 1.64517885537e-07, 6.54272156453e-08],
        "min": [1.43486140587e-05, 0.000100887707958, 7.27664810256e-05, 9.71347162704e-06, 3.44927320839e-06, 2.46592917392e-05, 1.84577820619e-05, 1.75051063707e-05, 3.64024299415e-06, 3.78687741431e-06, 2.59217063103e-06, 1.24437440263e-06, 1.50869675508e-06, 3.62797686648e-06, 3.0576672998e-06, 9.36974231536e-07, 1.93978479501e-07, 5.12271753905e-07, 6.33059414668e-07, 8.96416523233e-08, 6.45088050533e-07, 4.41460713319e-07, 1.20262740211e-07, 1.45300205645e-07, 6.1398928608e-08, 5.86655097834e-08, 2.04053698383e-08, 3.6155727301e-09, 3.09057557324e-09, 1.17558132118e-08, 1.47613183898e-08, 8.14959655315e-09, 1.21751737581e-08, 6.29022789411e-09, 1.55313095718e-08, 3.68558228381e-09, 4.98791807857e-09, 5.87519277673e-09, 1.75753234188e-09, 3.11351708304e-11],
