{
"highlevel": {
    "danceability": {
        "all": {
            "danceable": 0.911427080631,
            "not_danceable": 0.0885729044676
        },
        "probability": 0.911427080631,
        "value": "danceable"
    },
    "gender": {
        "all": {
            "female": 0.217525854707,
            "male": 0.782474160194
        },
        "probability": 0.782474160194,
        "value": "male"
    },
    "genre_dortmund": {
        "all": {
            "alternative": 0.206551164389,
            "blues": 0.0308165438473,
            "electronic": 0.0903229415417,
            "folkcountry": 0.218959033489,
            "funksoulrnb": 0.00754218082875,
            "jazz": 0.00706677185372,
            "pop": 0.0734312832355,
            "raphiphop": 0.0187156815082,
            "rock": 0.346594393253
        },
        "probability": 0.346594393253,
        "value": "rock"
    },
    "genre_electronic": {
        "all": {
            "ambient": 0.330779582262,
            "dnb": 0.125283464789,
            "house": 0.0362192317843,
            "techno": 0.0247668065131,
            "trance": 0.482950896025
        },
        "probability": 0.482950896025,
        "value": "trance"
    },
    "genre_rosamerica": {
        "all": {
            "cla": 0.0063899923116,
            "dan": 0.0284741818905,
            "hip": 0.00632246397436,
            "jaz": 0.00509886071086,
            "pop": 0.375409185886,
            "rhy": 0.0243876725435,
            "roc": 0.552908301353,
            "spe": 0.00100934505463
        },
        "probability": 0.552908301353,
        "value": "roc"
    },
    "genre_tzanetakis": {
        "all": {
            "blu": 0.0626541376114,
            "cla": 0.0348133966327,
            "cou": 0.0783501937985,
            "dis": 0.104547761381,
            "hip": 0.15693578124,
            "jaz": 0.313987255096,
            "met": 0.044816005975,
            "pop": 0.0627349764109,
            "reg": 0.0627352520823,
            "roc": 0.0784252434969
        },
        "probability": 0.313987255096,
        "value": "jaz"
    },
    "ismir04_rhythm": {
        "all": {
            "ChaChaCha": 0.354366332293,
            "Jive": 0.0527317672968,
            "Quickstep": 0.0710253715515,
            "Rumba-American": 0.0114129930735,
            "Rumba-International": 0.0408616065979,
            "Rumba-Misc": 0.0113452607766,
            "Samba": 0.281781703234,
            "Tango": 0.028935007751,
            "VienneseWaltz": 0.12714676559,
            "Waltz": 0.0203931815922
        },
        "probability": 0.354366332293,
        "value": "ChaChaCha"
    },
    "mood_acoustic": {
        "all": {
            "acoustic": 0.199333921075,
            "not_acoustic": 0.800666093826
        },
        "probability": 0.800666093826,
        "value": "not_acoustic"
    },
    "mood_aggressive": {
        "all": {
            "aggressive": 0.406679570675,
            "not_aggressive": 0.593320429325
        },
        "probability": 0.593320429325,
        "value": "not_aggressive"
    },
    "mood_electronic": {
        "all": {
            "electronic": 0.446350693703,
            "not_electronic": 0.553649306297
        },
        "probability": 0.553649306297,
        "value": "not_electronic"
    },
    "mood_happy": {
        "all": {
            "happy": 0.739162802696,
            "not_happy": 0.260837227106
        },
        "probability": 0.739162802696,
        "value": "happy"
    },
    "mood_party": {
        "all": {
            "not_party": 0.720861375332,
            "party": 0.27913865447
        },
        "probability": 0.720861375332,
        "value": "not_party"
    },
    "mood_relaxed": {
        "all": {
            "not_relaxed": 0.748055458069,
            "relaxed": 0.251944512129
        },
        "probability": 0.748055458069,
        "value": "not_relaxed"
    },
    "mood_sad": {
        "all": {
            "not_sad": 0.809807777405,
            "sad": 0.190192192793
        },
        "probability": 0.809807777405,
        "value": "not_sad"
    },
    "moods_mirex": {
        "all": {
            "Cluster1": 0.160095378757,
            "Cluster2": 0.291550397873,
            "Cluster3": 0.100551135838,
            "Cluster4": 0.158986285329,
            "Cluster5": 0.288816809654
        },
        "probability": 0.291550397873,
        "value": "Cluster2"
    },
    "timbre": {
        "all": {
            "bright": 0.986784517765,
            "dark": 0.0132154580206
        },
        "probability": 0.986784517765,
        "value": "bright"
    },
    "tonal_atonal": {
        "all": {
            "atonal": 0.0168350543827,
            "tonal": 0.983164966106
        },
        "probability": 0.983164966106,
        "value": "tonal"
    },
    "voice_instrumental": {
        "all": {
            "instrumental": 7.69813414081e-06,
            "voice": 0.999992311001
        },
        "probability": 0.999992311001,
        "value": "voice"
    }
},
"lowlevel": {
    "average_loudness": 0.983713805676,
    "barkbands_crest": {
        "dmean": 2.5144367218,
        "dmean2": 4.17057132721,
        "dvar": 4.96737337112,
        "dvar2": 12.6378364563,
        "max": 21.5366210938,
        "mean": 9.10560131073,
        "median": 8.5750579834,
        "min": 2.99758601189,
        "var": 11.0414638519
    },
    "barkbands_flatness_db": {
        "dmean": 0.0167344417423,
        "dmean2": 0.0258676242083,
        "dvar": 0.00019182721735,
        "dvar2": 0.00044215930393,
        "max": 0.20121102035,
        "mean": 0.114763796329,
        "median": 0.115488126874,
        "min": 0.0446525402367,
        "var": 0.000783277035225
    },
    "barkbands_kurtosis": {
        "dmean": 0.925852477551,
        "dmean2": 1.50270104408,
        "dvar": 1.11441922188,
        "dvar2": 2.63822007179,
        "max": 17.780090332,
        "mean": 0.951675057411,
        "median": 0.636015892029,
        "min": -1.76240313053,
        "var": 2.66528606415
    },
    "barkbands_skewness": {
        "dmean": 0.314256936312,
        "dmean2": 0.49169126153,
        "dvar": 0.0816651955247,
        "dvar2": 0.189762681723,
        "max": 2.98413729668,
        "mean": 0.955927908421,
        "median": 0.958459913731,
        "min": -0.591289639473,
        "var": 0.309582054615
    },
    "barkbands_spread": {
        "dmean": 5.03903198242,
        "dmean2": 7.73063755035,
        "dvar": 33.081325531,
        "dvar2": 54.1196861267,
        "max": 92.6017379761,
        "mean": 27.4912261963,
        "median": 25.1017951965,
        "min": 5.01127290726,
        "var": 155.44934082
    },
    "dissonance": {
        "dmean": 0.0188202839345,
        "dmean2": 0.0320883356035,
        "dvar": 0.000258084677625,
        "dvar2": 0.000737602415029,
        "max": 0.499659836292,
        "mean": 0.464618772268,
        "median": 0.467395484447,
        "min": 0.376999944448,
        "var": 0.000464150856715
    },
    "dynamic_complexity": 1.26344406605,
    "erbbands_crest": {
        "dmean": 2.4332344532,
        "dmean2": 3.94418549538,
        "dvar": 4.949903965,
        "dvar2": 12.1513471603,
        "max": 27.2088813782,
        "mean": 9.81253051758,
        "median": 8.81878185272,
        "min": 2.73997044563,
        "var": 22.1391220093
    },
    "erbbands_flatness_db": {
        "dmean": 0.0153805306181,
        "dmean2": 0.0224657375365,
        "dvar": 0.000204250332899,
        "dvar2": 0.000390647648601,
        "max": 0.236277416348,
        "mean": 0.152081593871,
        "median": 0.152995541692,
        "min": 0.0754619985819,
        "var": 0.000927024520934
    },
    "erbbands_kurtosis": {
        "dmean": 0.752045154572,
        "dmean2": 1.2357404232,
        "dvar": 0.91036516428,
        "dvar2": 2.35240054131,
        "max": 9.06362724304,
        "mean": 0.513504862785,
        "median": 0.0325999259949,
        "min": -1.56448280811,
        "var": 2.69452357292
    },
    "erbbands_skewness": {
        "dmean": 0.297500312328,
        "dmean2": 0.468767076731,
        "dvar": 0.0660636499524,
        "dvar2": 0.157380759716,
        "max": 2.89655351639,
        "mean": 0.571414530277,
        "median": 0.575936555862,
        "min": -1.2954788208,
        "var": 0.338314205408
    },
    "erbbands_spread": {
        "dmean": 6.16098356247,
        "dmean2": 9.39112377167,
        "dvar": 41.0611381531,
        "dvar2": 83.8579025269,
        "max": 96.2307434082,
        "mean": 33.9482307434,
        "median": 32.122341156,
        "min": 8.93997192383,
        "var": 176.657684326
    },
    "hfc": {
        "dmean": 7.4004535675,
        "dmean2": 10.5017681122,
        "dvar": 75.8371047974,
        "dvar2": 128.53477478,
        "max": 134.236282349,
        "mean": 35.5808906555,
        "median": 32.5653686523,
        "min": 6.46254587173,
        "var": 363.760864258
    },
    "melbands_crest": {
        "dmean": 3.63838982582,
        "dmean2": 5.87473678589,
        "dvar": 10.4868764877,
        "dvar2": 25.7037067413,
        "max": 32.6851501465,
        "mean": 14.1288442612,
        "median": 12.9002313614,
        "min": 4.19991397858,
        "var": 24.5935173035
    },
    "melbands_flatness_db": {
        "dmean": 0.0194706954062,
        "dmean2": 0.029919911176,
        "dvar": 0.000279151601717,
        "dvar2": 0.000645352352876,
        "max": 0.280355632305,
        "mean": 0.160311132669,
        "median": 0.160636737943,
        "min": 0.0521207600832,
        "var": 0.00130445917603
    },
    "melbands_kurtosis": {
        "dmean": 2.39985370636,
        "dmean2": 3.80446314812,
        "dvar": 8.30385875702,
        "dvar2": 19.6603507996,
        "max": 29.3458099365,
        "mean": 4.92585515976,
        "median": 4.04345226288,
        "min": -1.38540995121,
        "var": 19.0795993805
    },
    "melbands_skewness": {
        "dmean": 0.455376774073,
        "dmean2": 0.713452935219,
        "dvar": 0.191878154874,
        "dvar2": 0.430078953505,
        "max": 4.97935533524,
        "mean": 1.72474420071,
        "median": 1.65355956554,
        "min": -0.201634600759,
        "var": 0.713774204254
    },
    "melbands_spread": {
        "dmean": 5.83036136627,
        "dmean2": 9.10330200195,
        "dvar": 40.0852890015,
        "dvar2": 74.6164703369,
        "max": 110.691108704,
        "mean": 29.4679107666,
        "median": 27.1551475525,
        "min": 5.9354929924,
        "var": 157.996200562
    },
    "pitch_salience": {
        "dmean": 0.0607586279511,
        "dmean2": 0.0980678498745,
        "dvar": 0.00296331732534,
        "dvar2": 0.0075812456198,
        "max": 0.779647946358,
        "mean": 0.524052977562,
        "median": 0.517553031445,
        "min": 0.26221293211,
        "var": 0.00693866237998
    },
    "silence_rate_20dB": {
        "dmean": 0,
        "dmean2": 0,
        "dvar": 0,
        "dvar2": 0,
        "max": 1,
        "mean": 1,
        "median": 1,
        "min": 1,
        "var": 0
    },
    "silence_rate_30dB": {
        "dmean": 0,
        "dmean2": 0,
        "dvar": 0,
        "dvar2": 0,
        "max": 1,
        "mean": 1,
        "median": 1,
        "min": 1,
        "var": 0
    },
    "silence_rate_60dB": {
        "dmean": 0,
        "dmean2": 0,
        "dvar": 0,
        "dvar2": 0,
        "max": 0,
        "mean": 0,
        "median": 0,
        "min": 0,
        "var": 0
    },
    "spectral_centroid": {
        "dmean": 208.710891724,
        "dmean2": 314.724578857,
        "dvar": 43484.2304688,
        "dvar2": 80075.34375,
        "max": 3702.8894043,
        "mean": 1543.68725586,
        "median": 1476.78527832,
        "min": 590.697387695,
        "var": 217111.34375
    },
    "spectral_complexity": {
        "dmean": 4.07507753372,
        "dmean2": 6.47172737122,
        "dvar": 15.3883543015,
        "dvar2": 33.2871513367,
        "max": 54,
        "mean": 28.6550655365,
        "median": 28,
        "min": 11,
        "var": 64.6342544556
    },
    "spectral_decrease": {
        "dmean": 2.07296602106e-09,
        "dmean2": 3.33316596546e-09,
        "dvar": 3.66938229627e-18,
        "dvar2": 9.15946687575e-18,
        "max": -3.12906323074e-09,
        "mean": -1.01719290768e-08,
        "median": -9.92519488818e-09,
        "min": -1.97458351892e-08,
        "var": 1.12347058683e-17
    },
    "spectral_energy": {
        "dmean": 0.00808946508914,
        "dmean2": 0.0130167296156,
        "dvar": 5.49697033421e-05,
        "dvar2": 0.000136324131745,
        "max": 0.0786854624748,
        "mean": 0.0416185334325,
        "median": 0.0409503132105,
        "min": 0.0132246892899,
        "var": 0.000176757370355
    },
    "spectral_energyband_high": {
        "dmean": 0.00067524111364,
        "dmean2": 0.000947096268646,
        "dvar": 1.2996742953e-06,
        "dvar2": 1.90283105894e-06,
        "max": 0.0165765937418,
        "mean": 0.00175742129795,
        "median": 0.00101878738496,
        "min": 0.000103531543573,
        "var": 5.19218792761e-06
    },
    "spectral_energyband_low": {
        "dmean": 0.00611615227535,
        "dmean2": 0.00979362241924,
        "dvar": 4.96146603837e-05,
        "dvar2": 0.000121996650705,
        "max": 0.064111545682,
        "mean": 0.0139582781121,
        "median": 0.0115574421361,
        "min": 0.000254791579209,
        "var": 0.000102042780782
    },
    "spectral_energyband_middle_high": {
        "dmean": 0.00281197228469,
        "dmean2": 0.00439986446872,
        "dvar": 1.04004802779e-05,
        "dvar2": 2.45712326432e-05,
        "max": 0.046538438648,
        "mean": 0.0108718648553,
        "median": 0.00899205636233,
        "min": 0.00123046489898,
        "var": 4.97980108776e-05
    },
    "spectral_energyband_middle_low": {
        "dmean": 0.00462228246033,
        "dmean2": 0.00726127857342,
        "dvar": 1.92884581338e-05,
        "dvar2": 4.95102503919e-05,
        "max": 0.0592822209001,
        "mean": 0.0160663370043,
        "median": 0.014335042797,
        "min": 0.00193825911265,
        "var": 7.86698292359e-05
    },
    "spectral_entropy": {
        "dmean": 0.114669859409,
        "dmean2": 0.160773321986,
        "dvar": 0.0125359222293,
        "dvar2": 0.0216691400856,
        "max": 8.60440635681,
        "mean": 7.77190065384,
        "median": 7.76545810699,
        "min": 7.08790206909,
        "var": 0.0649772062898
    },
    "spectral_flux": {
        "dmean": 0.0228467918932,
        "dmean2": 0.0368638113141,
        "dvar": 0.000515967491083,
        "dvar2": 0.00110030197538,
        "max": 0.232035636902,
        "mean": 0.0991926938295,
        "median": 0.0943356081843,
        "min": 0.0350441485643,
        "var": 0.00124446768314
    },
    "spectral_kurtosis": {
        "dmean": 1.0115326643,
        "dmean2": 1.66403961182,
        "dvar": 0.836417675018,
        "dvar2": 2.29866409302,
        "max": 10.4575872421,
        "mean": 2.96050620079,
        "median": 2.75984144211,
        "min": -0.644634962082,
        "var": 2.28002786636
    },
    "spectral_rms": {
        "dmean": 0.000614477903582,
        "dmean2": 0.000983778387308,
        "dvar": 2.95289737551e-07,
        "dvar2": 7.13542988251e-07,
        "max": 0.00876163877547,
        "mean": 0.00628830865026,
        "median": 0.00632072193548,
        "min": 0.00359195424244,
        "var": 1.06069660433e-06
    },
    "spectral_rolloff": {
        "dmean": 422.347137451,
        "dmean2": 669.964599609,
        "dvar": 483743.25,
        "dvar2": 770104.125,
        "max": 9431.54296875,
        "mean": 1549.24230957,
        "median": 1205.859375,
        "min": 150.732421875,
        "var": 1640821.625
    },
    "spectral_skewness": {
        "dmean": 0.16545252502,
        "dmean2": 0.259558796883,
        "dvar": 0.0203625224531,
        "dvar2": 0.0474384836853,
        "max": 2.92043972015,
        "mean": 1.28965210915,
        "median": 1.28283452988,
        "min": 0.241572603583,
        "var": 0.085369206965
    },
    "spectral_spread": {
        "dmean": 457738.59375,
        "dmean2": 670567,
        "dvar": 284737470464,
        "dvar2": 520990818304,
        "max": 10962737,
        "mean": 4549843,
        "median": 4342304,
        "min": 2650728.25,
        "var": 1.06568056832e+12
    },
    "spectral_strongpeak": {
        "dmean": 0.762012302876,
        "dmean2": 1.31108903885,
        "dvar": 1.19039785862,
        "dvar2": 2.79533839226,
        "max": 10.5752744675,
        "mean": 1.40127336979,
        "median": 0.442705303431,
        "min": 0,
        "var": 2.34416460991
    },
    "zerocrossingrate": {
        "dmean": 0.00908233318478,
        "dmean2": 0.0105670718476,
        "dvar": 0.000104931888927,
        "dvar2": 9.66681764112e-05,
        "max": 0.22802734375,
        "mean": 0.0633194670081,
        "median": 0.05712890625,
        "min": 0.01904296875,
        "var": 0.000750978244469
    },
    "barkbands": {
        "dmean": [0.00116150744725, 0.00514367874712, 0.00130589399487, 0.000834609789308, 0.00139198766556, 0.000707073835656, 0.00177026796155, 0.0013934810413, 0.00157185550779, 0.00155936181545, 0.0010014839936, 0.000538969470654, 0.000730850035325, 0.000487849407364, 0.000460813462269, 0.000242685346166, 0.000278953579254, 0.000192597290152, 0.000203225907171, 0.000201816001208, 0.000188374644495, 0.000189074024092, 0.000123296864331, 0.000134312867885, 9.84692014754e-05, 2.91233427561e-05, 5.15297102766e-08],
        "dmean2": [0.0017498616362, 0.0082515720278, 0.0023751668632, 0.00145825068466, 0.0023640699219, 0.00108027260285, 0.00287014292553, 0.00198408425786, 0.00251515558921, 0.00247421208769, 0.00154414598364, 0.000876120117027, 0.00117985333782, 0.000782785820775, 0.000794646621216, 0.000402567820856, 0.000472458719742, 0.000317074853228, 0.000348445930285, 0.000334576092428, 0.000300200597849, 0.00029910900048, 0.000179800481419, 0.000185135795618, 0.000139866038808, 4.65797493234e-05, 9.25075696045e-08],
        "dvar": [2.34837693824e-06, 4.22964840254e-05, 9.12964242161e-06, 1.78245386451e-06, 2.82325504486e-06, 1.11912891043e-06, 6.2894405346e-06, 7.5189132076e-06, 6.93809352015e-06, 9.81084940577e-06, 1.76571438715e-06, 1.23342363167e-06, 1.05850665477e-06, 1.86817953818e-06, 7.67300605276e-07, 1.82917759162e-07, 1.07071642219e-07, 7.09565028956e-08, 6.80798777353e-08, 9.86244472756e-08, 7.83403066862e-08, 9.73388623038e-08, 6.10851813576e-08, 1.19293176226e-07, 5.17981568748e-08, 3.41244921209e-09, 2.66962338601e-14],
        "dvar2": [5.18132446814e-06, 0.000104722974356, 2.56342846114e-05, 5.07401955474e-06, 7.70280712459e-06, 2.66575443675e-06, 1.54978879436e-05, 1.51468357217e-05, 1.82852836588e-05, 2.69051543e-05, 4.38344295617e-06, 3.16644923259e-06, 2.70962368631e-06, 4.6503437261e-06, 2.22684570872e-06, 4.38779409251e-07, 2.75868586641e-07, 1.75445435957e-07, 1.90319354942e-07, 2.54277409795e-07, 1.72114411612e-07, 1.98218089054e-07, 1.10122279295e-07, 1.83373430218e-07, 8.65189164756e-08, 8.3394144923e-09, 7.54297679547e-14],
        "max": [0.0163729898632, 0.0576738268137, 0.0204609893262, 0.0135021936148, 0.0189347043633, 0.0245283469558, 0.0348294451833, 0.043398398906, 0.0302824769169, 0.0384045094252, 0.0173864606768, 0.0193376913667, 0.015110832639, 0.0328351631761, 0.0192774068564, 0.0120797716081, 0.00682053202763, 0.00461455900222, 0.00435875263065, 0.0042622666806, 0.00437285471708, 0.00478188507259, 0.00524845952168, 0.00607956526801, 0.00480886315927, 0.000813581340481, 2.08896085496e-06],
        "mean": [0.00204485445283, 0.00973936077207, 0.00159819738474, 0.00145679002162, 0.00230522849597, 0.00152105349116, 0.00407658144832, 0.00282323383726, 0.00297711556777, 0.00304551958106, 0.0020779769402, 0.000919056066778, 0.00149377819616, 0.000780055648647, 0.000823876413051, 0.00044955330668, 0.000585948640946, 0.000416986527853, 0.000485588010633, 0.000449571089121, 0.000416062772274, 0.000432086380897, 0.000254717509961, 0.000250307377428, 0.000161337971804, 3.36863813573e-05, 3.75853517198e-08],
        "median": [0.00130875548348, 0.00740820914507, 0.000632242648862, 0.000835604907479, 0.00176025170367, 0.000839845626615, 0.00170033448376, 0.00102859153412, 0.00110224040691, 0.0011488100281, 0.00121775630396, 0.000420135766035, 0.000938449578825, 0.000291233329335, 0.000501765403897, 0.000292105047265, 0.00046959539759, 0.000309274939355, 0.000348283530911, 0.000325328001054, 0.000271413271548, 0.000253032689216, 0.000138203016832, 8.59211140778e-05, 5.09673154738e-05, 1.01671530501e-05, 2.35125474646e-09],
        "min": [5.61781735087e-06, 7.6458141848e-05, 1.02531266748e-05, 5.99065560891e-06, 7.60062175686e-05, 2.3226131816e-05, 9.95867158053e-05, 2.74180601991e-05, 1.76466510311e-05, 4.07459847338e-05, 3.74947594537e-05, 2.4897766707e-05, 2.66338975052e-05, 5.991884791e-06, 4.78639740322e-05, 3.14317148877e-05, 4.19651005359e-05, 4.18542113039e-05, 3.4654251067e-05, 2.43785088969e-05, 1.4272687622e-05, 1.71143765328e-05, 2.28712838179e-06, 1.31811850679e-06, 3.95055167246e-07, 3.22647845941e-11, 8.34604000494e-12],
        "var": [5.30321949554e-06, 6.95105554769e-05, 7.53298991185e-06, 2.66665210802e-06, 3.99665032091e-06, 4.28101793659e-06, 3.06963593175e-05, 2.76798036793e-05, 1.7797037799e-05, 3.05739631585e-05, 6.24519134362e-06, 2.26609427045e-06, 2.86837666863e-06, 3.61222214451e-06, 1.20809352211e-06, 4.59575943523e-07, 2.40077838498e-07, 1.59851083481e-07, 1.71175400965e-07, 1.70497244767e-07, 2.02123715098e-07, 2.93181273037e-07, 1.69151306295e-07, 3.78400443424e-07, 1.52777289486e-07, 4.03675004534e-09, 1.71715821494e-14]
    },
    "erbbands": {
        "dmean": [0.26473981142, 0.853721380234, 1.45287752151, 2.13864088058, 3.31629061699, 6.17097330093, 4.62977600098, 7.07666683197, 17.3893127441, 35.640083313, 18.9315567017, 43.7631835938, 37.0958099365, 45.4621696472, 37.6229019165, 21.9448261261, 32.8147506714, 28.5181503296, 25.7741088867, 12.2740516663, 10.9792671204, 12.8004302979, 11.5902643204, 10.6064519882, 10.6066474915, 9.05023670197, 7.7818236351, 7.5439748764, 7.29429769516, 5.23549842834, 3.45618844032, 2.74787783623, 2.35535502434, 1.50091016293, 0.514161407948, 0.175268098712, 0.0500957369804, 0.00300653581508, 6.82319005136e-05, 1.23582685774e-05],
        "dmean2": [0.421863168478, 1.35239505768, 2.58911895752, 3.78073859215, 5.70765686035, 10.4983701706, 7.68046045303, 10.4277105331, 28.4825134277, 52.3795204163, 28.7578735352, 68.7473983765, 58.5673599243, 70.141166687, 58.1818962097, 35.5008392334, 52.3725357056, 46.0591125488, 43.9757270813, 20.3591499329, 18.3869285583, 21.1935119629, 19.1343536377, 17.9002437592, 18.0924701691, 14.8749685287, 12.4378833771, 11.933057785, 11.6486845016, 8.07003116608, 5.10360336304, 4.10516929626, 3.21946001053, 2.15247488022, 0.786689519882, 0.278572559357, 0.0806095600128, 0.00508600100875, 0.000108867643576, 1.91727122001e-05],
        "dvar": [0.110134325922, 1.68383276463, 10.0062799454, 16.0354480743, 27.2650260925, 51.0652618408, 48.1483879089, 127.710716248, 727.303283691, 2486.82885742, 2129.46044922, 5687.59472656, 8241.55664062, 4679.41357422, 3413.02392578, 2213.484375, 2262.73754883, 5411.52880859, 1666.44848633, 545.518554688, 341.02722168, 238.362854004, 208.928375244, 183.842697144, 248.110733032, 206.419433594, 113.432144165, 140.310974121, 160.306716919, 83.5912628174, 53.5206031799, 41.1260070801, 40.2430000305, 13.144949913, 1.38782668114, 0.130022585392, 0.0106171471998, 4.36215304944e-05, 1.90159639146e-08, 1.74040962198e-10],
        "dvar2": [0.264359533787, 4.07918310165, 27.6477203369, 45.9555740356, 77.239616394, 138.40032959, 135.963638306, 274.877471924, 1812.77282715, 5295.18457031, 4803.72167969, 15097.3662109, 21300.828125, 11384.8535156, 8655.08203125, 5909.33740234, 5723.66503906, 13786.2617188, 4630.14306641, 1493.37060547, 865.998840332, 619.509216309, 538.408874512, 480.456970215, 696.767578125, 524.468261719, 267.153198242, 292.38168335, 351.629089355, 164.864089966, 96.2146759033, 71.9998626709, 59.6819381714, 19.8306293488, 2.96771073341, 0.31521525979, 0.0268571916968, 0.000108993554022, 4.56925981496e-08, 3.78208186991e-10],
        "max": [2.79376602173, 10.9722537994, 20.9749755859, 41.7281303406, 47.705581665, 83.5443267822, 116.775062561, 313.198425293, 425.908691406, 865.844360352, 1078.69934082, 894.133422852, 1394.73132324, 961.035888672, 717.872680664, 830.157897949, 837.264648438, 1628.86230469, 709.568603516, 427.184631348, 449.446075439, 265.119110107, 248.890167236, 223.689483643, 206.107376099, 228.282333374, 133.607315063, 188.770767212, 181.055130005, 175.411270142, 164.36819458, 118.127433777, 112.626472473, 77.1177215576, 23.5806427002, 4.70263624191, 1.46398174763, 0.0915948450565, 0.00193946622312, 0.000190489838133],
        "mean": [0.462535232306, 1.45267915726, 1.96666014194, 3.62927699089, 5.23554897308, 9.39276981354, 8.80784034729, 16.3162307739, 39.6181259155, 84.2239303589, 40.7374038696, 82.0399398804, 74.5140991211, 104.354179382, 73.5211257935, 41.8177452087, 69.8668136597, 53.28332901, 46.7813186646, 27.3542938232, 23.7388839722, 29.539434433, 25.8814983368, 23.0979785919, 25.9900512695, 20.4889850616, 16.9398136139, 16.4063682556, 15.8383378983, 11.4990720749, 6.89079046249, 5.11194801331, 4.20909929276, 2.51918315887, 0.733651101589, 0.210979327559, 0.0553720220923, 0.00300009478815, 0.000102592042822, 5.75292870053e-05],
        "median": [0.353464692831, 0.957803189754, 1.03640472889, 2.14223337173, 3.50415229797, 6.54568767548, 6.2174539566, 8.35651683807, 17.5653762817, 42.787109375, 19.2474136353, 30.3579044342, 22.8439159393, 55.7373161316, 45.8513412476, 22.1970081329, 45.473274231, 27.4895114899, 28.2035160065, 19.5456027985, 17.4418258667, 23.1930828094, 19.6072101593, 17.5705986023, 17.5183238983, 14.5447454453, 11.5835933685, 9.60548305511, 9.50963973999, 6.79573440552, 3.59683346748, 1.99603247643, 1.30906248093, 0.779115021229, 0.217217430472, 0.063606582582, 0.0164154376835, 0.000697930459864, 4.64817858301e-05, 5.47859490325e-05],
        "min": [0.00129809754435, 0.00641081249341, 0.0322332009673, 0.0467222034931, 0.162028282881, 0.252182990313, 0.482089519501, 0.32333791256, 1.0312012434, 2.66357636452, 0.948876202106, 1.08497262001, 0.910128355026, 1.69208967686, 1.5096796751, 3.13516068459, 4.38847732544, 2.58736729622, 2.6319937706, 1.8711014986, 2.27867364883, 2.71636176109, 2.71235990524, 2.16856646538, 1.76696681976, 1.00250315666, 0.683478057384, 0.771246314049, 0.577402174473, 0.267821878195, 0.0444674119353, 0.0382099859416, 0.0182541161776, 0.0142442472279, 0.00180520582944, 0.000199751317268, 3.39873877238e-05, 4.6735858632e-06, 1.01442683444e-05, 1.731262455e-05],
        "var": [0.184159815311, 2.36054229736, 8.24953174591, 17.0067596436, 31.555606842, 80.3421707153, 86.1270980835, 605.315429688, 2961.65771484, 10098.0302734, 5113.10693359, 14146.8720703, 23625.7949219, 19894.1933594, 7066.95361328, 4027.90722656, 6614.9140625, 10339.2695312, 3085.07104492, 1083.07177734, 787.116088867, 617.10949707, 584.671508789, 351.981231689, 545.188659668, 374.704406738, 256.755401611, 401.502075195, 410.297668457, 247.237213135, 142.2890625, 119.419395447, 127.439071655, 40.7878074646, 3.00085520744, 0.16883020103, 0.0112600391731, 4.16272050643e-05, 2.36040289536e-08, 5.56442281141e-10]
    },
    "gfcc": {
        "mean": [56.864818573, 91.9741973877, -131.765808105, 37.9346580505, -68.473197937, 26.6116447449, -29.9671878815, 16.7558479309, -18.5681667328, 9.5278673172, -8.76569652557, 2.94092774391, -6.94685029984],
        "cov": [[771.336181641, -493.870788574, 151.258422852, 49.4912490845, -143.91217041, 58.7202987671, -40.8598861694, 32.1741867065, -73.7499237061, 30.4936408997, -126.640731812, 14.7709312439, -42.6838531494], [-493.870788574, 560.959411621, -180.045227051, -30.1544399261, 127.38923645, -55.105758667, 92.9085845947, -33.7009315491, 85.8657531738, -67.8467483521, 91.1566162109, -31.6032733917, 45.152961731], [151.258422852, -180.045227051, 296.975891113, 48.6617660522, 5.82690954208, 34.422870636, -71.3750457764, 25.300617218, -46.3041305542, 69.536315918, -36.6225013733, 32.7835350037, -47.4749145508], [49.4912490845, -30.1544399261, 48.6617660522, 139.801605225, 22.5143032074, 20.1465511322, 0.309301704168, -1.97689509392, 14.1508550644, -3.53166651726, 8.49355220795, -18.1707210541, 5.54925107956], [-143.91217041, 127.38923645, 5.82690954208, 22.5143032074, 160.249938965, 10.1522474289, 14.9848299026, -0.520767152309, 6.76596212387, 8.77397632599, 0.753118097782, 4.0937166214, -12.2456073761], [58.7202987671, -55.105758667, 34.422870636, 20.1465511322, 10.1522474289, 110.037513733, 32.4203071594, -2.32133507729, -11.8832101822, -20.3300151825, 0.846158027649, 10.2430830002, 16.6129074097], [-40.8598861694, 92.9085845947, -71.3750457764, 0.309301704168, 14.9848299026, 32.4203071594, 136.43989563, 23.9934825897, 17.0449867249, -57.0869598389, 7.96942853928, 7.52820777893, 15.4859580994], [32.1741867065, -33.7009315491, 25.300617218, -1.97689509392, -0.520767152309, -2.32133507729, 23.9934825897, 78.5210342407, 28.9661808014, 15.41132164, -9.69556045532, -2.2258939743, -9.56540107727], [-73.7499237061, 85.8657531738, -46.3041305542, 14.1508550644, 6.76596212387, -11.8832101822, 17.0449867249, 28.9661808014, 109.04813385, 27.0603752136, 29.9212818146, -22.5777587891, 2.11055517197], [30.4936408997, -67.8467483521, 69.536315918, -3.53166651726, 8.77397632599, -20.3300151825, -57.0869598389, 15.41132164, 27.0603752136, 108.876823425, 16.8579616547, 1.39066302776, -39.291179657], [-126.640731812, 91.1566162109, -36.6225013733, 8.49355220795, 0.753118097782, 0.846158027649, 7.96942853928, -9.69556045532, 29.9212818146, 16.8579616547, 93.3448410034, 8.70746803284, 17.2718429565], [14.7709312439, -31.6032733917, 32.7835350037, -18.1707210541, 4.0937166214, 10.2430830002, 7.52820777893, -2.2258939743, -22.5777587891, 1.39066302776, 8.70746803284, 68.3137817383, 13.2703142166], [-42.6838531494, 45.152961731, -47.4749145508, 5.54925107956, -12.2456073761, 16.6129074097, 15.4859580994, -9.56540107727, 2.11055517197, -39.291179657, 17.2718429565, 13.2703142166, 86.4661560059]],
        "icov": [[0.00384306977503, 0.00183121382724, 0.000615651253611, -0.00191837234888, 0.00252207950689, -0.00127096148208, -0.000759827264119, -0.000184441974852, 0.000647145905532, -0.00170936610084, 0.00394936092198, -0.00106320693158, 0.000700788397808], [0.00183121382724, 0.0102328928187, -0.00329856271856, 0.00530958920717, -0.00753416307271, 0.00731300096959, -0.00563750695437, 0.00669248821214, -0.00707682408392, 0.00790211744606, -0.00731274718419, 0.00656134355813, -0.00309629109688], [0.000615651253611, -0.00329856271856, 0.00971778202802, -0.00651884777471, 0.00425624847412, -0.0066523659043, 0.00548822013661, -0.00654707010835, 0.00623870687559, -0.0073393760249, 0.00657485658303, -0.00759812258184, 0.00431953184307], [-0.00191837234888, 0.00530958920717, -0.00651884777471, 0.014913007617, -0.00848847534508, 0.00575731089339, -0.00394900143147, 0.00636629853398, -0.00748751219362, 0.00898602046072, -0.0100069148466, 0.00972300302237, -0.00438000494614], [0.00252207950689, -0.00753416307271, 0.00425624847412, -0.00848847534508, 0.0165614895523, -0.00874051265419, 0.0033315483015, -0.00576827116311, 0.00711549911648, -0.0105456979945, 0.0118023073301, -0.00844316091388, 0.00482361670583], [-0.00127096148208, 0.00731300096959, -0.0066523659043, 0.00575731089339, -0.00874051265419, 0.0191999226809, -0.00853595044464, 0.00788701698184, -0.00617934670299, 0.00882109440863, -0.00974423158914, 0.00741512374952, -0.00602616276592], [-0.000759827264119, -0.00563750695437, 0.00548822013661, -0.00394900143147, 0.0033315483015, -0.00853595044464, 0.0180781036615, -0.0103616975248, 0.00213695364073, 0.00335226091556, 0.00283354707062, -0.00821354612708, 0.00572915142402], [-0.000184441974852, 0.00669248821214, -0.00654707010835, 0.00636629853398, -0.00576827116311, 0.00788701698184, -0.0103616975248, 0.0239428300411, -0.0109821828082, 0.00355263077654, -0.00361346639693, 0.00655682804063, -0.00381908006966], [0.000647145905532, -0.00707682408392, 0.00623870687559, -0.00748751219362, 0.00711549911648, -0.00617934670299, 0.00213695364073, -0.0109821828082, 0.0218905117363, -0.0136922644451, 0.00502717588097, -0.00182124401908, 0.00103736226447], [-0.00170936610084, 0.00790211744606, -0.0073393760249, 0.00898602046072, -0.0105456979945, 0.00882109440863, 0.00335226091556, 0.00355263077654, -0.0136922644451, 0.0303969588131, -0.015886709094, 0.00518406787887, 0.00355223100632], [0.00394936092198, -0.00731274718419, 0.00657485658303, -0.0100069148466, 0.0118023073301, -0.00974423158914, 0.00283354707062, -0.00361346639693, 0.00502717588097, -0.015886709094, 0.0281467977911, -0.0116196386516, 0.00147608353291], [-0.00106320693158, 0.00656134355813, -0.00759812258184, 0.00972300302237, -0.00844316091388, 0.00741512374952, -0.00821354612708, 0.00655682804063, -0.00182124401908, 0.00518406787887, -0.0116196386516, 0.0270948614925, -0.00860821641982], [0.000700788397808, -0.00309629109688, 0.00431953184307, -0.00438000494614, 0.00482361670583, -0.00602616276592, 0.00572915142402, -0.00381908006966, 0.00103736226447, 0.00355223100632, 0.00147608353291, -0.00860821641982, 0.0191883519292]]
    },
    "melbands": {
        "dmean": [0.00179645500612, 0.000788183300756, 0.000392174930312, 0.000325960514601, 0.000183834446943, 0.000145303754834, 0.000310522184009, 0.000388564862078, 0.000149891639012, 0.000279091123957, 0.000191481871298, 0.000198042471311, 0.000116871044156, 8.05056697573e-05, 5.40620167158e-05, 8.13043152448e-05, 5.7309105614e-05, 3.97865078412e-05, 2.76055998256e-05, 2.13432213059e-05, 1.26172481032e-05, 1.43321112773e-05, 1.61114367074e-05, 7.70153837948e-06, 9.55960967985e-06, 8.74194302014e-06, 8.83080429048e-06, 6.19632282906e-06, 5.32611511517e-06, 5.19933837495e-06, 4.48697574029e-06, 4.77438697999e-06, 3.715091907e-06, 2.8292990919e-06, 2.23960705625e-06, 1.80572919817e-06, 1.80351389645e-06, 1.74924309704e-06, 1.67037762822e-06, 1.22521430512e-06],
        "dmean2": [0.00287695345469, 0.00130554940552, 0.000687289866619, 0.000556730898097, 0.000306872971123, 0.000217097214772, 0.00051066785818, 0.0005645690253, 0.000229823504924, 0.000440902193077, 0.000302895001369, 0.000306023546727, 0.000180663031642, 0.0001269695058, 8.729469846e-05, 0.000131104403408, 9.35945718084e-05, 6.79515505908e-05, 4.65528428322e-05, 3.5463286622e-05, 2.12644699786e-05, 2.40467397816e-05, 2.67031500698e-05, 1.27964294734e-05, 1.61856351042e-05, 1.47922519318e-05, 1.51547828864e-05, 1.01496680145e-05, 8.70349504112e-06, 8.44201076688e-06, 7.20973594071e-06, 7.59881959311e-06, 5.94616585659e-06, 4.41278871222e-06, 3.44721070178e-06, 2.75674915429e-06, 2.72643865173e-06, 2.46801641879e-06, 2.40394024331e-06, 1.78395214334e-06],
        "dvar": [5.00032547279e-06, 2.02871888177e-06, 4.44172826519e-07, 1.83937913789e-07, 5.2193044553e-08, 5.13024573934e-08, 2.21330637373e-07, 3.41782993019e-07, 1.40330826071e-07, 2.30113812449e-07, 2.21311680093e-07, 1.0239040904e-07, 2.9156772996e-08, 2.11952677631e-08, 1.22078702702e-08, 1.07849889019e-08, 2.76747353922e-08, 3.95460375557e-09, 4.8862141e-09, 1.53534973624e-09, 3.79812181706e-10, 3.15963116782e-10, 5.27633436942e-10, 8.29152649318e-11, 1.55799678714e-10, 1.50855938852e-10, 2.11274470141e-10, 8.7845578034e-11, 4.89783803792e-11, 7.11582390234e-11, 5.31111786495e-11, 6.92176385653e-11, 3.9353416359e-11, 2.6005380141e-11, 2.4677976676e-11, 1.4679818125e-11, 2.01374212444e-11, 2.58274165943e-11, 1.6877712769e-11, 9.41988414355e-12],
        "dvar2": [1.22766596178e-05, 5.20581170349e-06, 1.25929807382e-06, 5.0753629921e-07, 1.45048772993e-07, 1.13276236391e-07, 5.51914240532e-07, 7.0602567348e-07, 3.10466901965e-07, 6.19721618023e-07, 5.76826721499e-07, 2.50335887131e-07, 7.31978957447e-08, 5.48107301768e-08, 3.10664916015e-08, 2.76585190306e-08, 7.09430238999e-08, 1.03610728885e-08, 1.44109897349e-08, 3.63889207655e-09, 1.00887009857e-09, 8.32638458181e-10, 1.25729804346e-09, 2.11285669516e-10, 4.08794803564e-10, 4.25074420107e-10, 5.91377113945e-10, 2.17956430681e-10, 1.18813126004e-10, 1.72612563132e-10, 1.13575891747e-10, 1.59119203924e-10, 8.24396731436e-11, 5.41612171778e-11, 5.0416646552e-11, 3.01435369721e-11, 3.5541101312e-11, 4.48288801913e-11, 2.69003135739e-11, 1.52405536108e-11],
        "max": [0.0188675709069, 0.0101917991415, 0.00675363140181, 0.00511637143791, 0.00357135641389, 0.00602361466736, 0.00694728642702, 0.0103349499404, 0.0093047125265, 0.00553825357929, 0.0067894323729, 0.00415333453566, 0.00254362914711, 0.00272798282094, 0.00121846050024, 0.00157832191326, 0.00375063787214, 0.000806435011327, 0.00159463682212, 0.00124956062064, 0.00043218312203, 0.000283780915197, 0.000606822082773, 0.000127457999042, 0.000198370398721, 0.00014732319687, 0.000222148941248, 0.000140267497045, 9.98359755613e-05, 0.000128122468595, 0.000114587885037, 0.00011234266276, 0.000102163430711, 9.34057752602e-05, 0.000103170110378, 7.78098765295e-05, 8.89038201421e-05, 9.04569533304e-05, 7.62675408623e-05, 6.26966721029e-05],
        "mean": [0.00338632240891, 0.00132309400942, 0.000680122233462, 0.000518133747391, 0.000351391645381, 0.00032176086097, 0.000716149923392, 0.00091050559422, 0.000308862567181, 0.000515560328495, 0.000360186531907, 0.000426442915341, 0.000231436977629, 0.000150438441779, 9.43223130889e-05, 0.000164577213582, 9.14600532269e-05, 6.86130515533e-05, 5.15862775501e-05, 3.7509817048e-05, 2.4851242415e-05, 3.03672877635e-05, 3.17727426591e-05, 1.69859285961e-05, 1.83207139344e-05, 1.96596975002e-05, 1.72797626874e-05, 1.25480919451e-05, 1.06257730295e-05, 1.00111446955e-05, 9.10078961169e-06, 9.54568531597e-06, 7.44292538002e-06, 5.81666517974e-06, 4.15642261942e-06, 3.11933467856e-06, 3.10862787956e-06, 2.88229830403e-06, 2.82895325654e-06, 1.90959303836e-06],
        "median": [0.00261628930457, 0.000856369792018, 0.000428243336501, 0.000368767301552, 0.000261361768935, 0.00016537574993, 0.000286921742372, 0.000446030608146, 0.000124635203974, 0.000192842257093, 9.11388269742e-05, 0.000210963014979, 0.000142503340612, 7.75043226895e-05, 5.04939634993e-05, 0.000104523816844, 3.34700962412e-05, 4.14641908719e-05, 3.13775490213e-05, 2.34267117776e-05, 1.82858348126e-05, 2.35262796195e-05, 2.28227054322e-05, 1.35112441058e-05, 1.34210713441e-05, 1.21880166262e-05, 1.19954565889e-05, 8.18595162855e-06, 6.97079940437e-06, 6.33063700661e-06, 5.28248483533e-06, 5.67448341826e-06, 4.1895295908e-06, 3.33203320224e-06, 2.10809116652e-06, 1.40053180075e-06, 1.05151173102e-06, 8.29027158034e-07, 9.14741178804e-07, 5.6647729707e-07],
        "min": [2.64252848865e-05, 1.17311165013e-05, 7.24342862668e-06, 1.71165956999e-05, 1.66006429936e-05, 3.47236436937e-06, 1.62188298418e-05, 2.05623600777e-05, 3.48892262991e-06, 4.03238936997e-06, 4.30635100201e-06, 5.08469020133e-06, 4.35731499238e-06, 4.00219278163e-06, 5.8005784922e-06, 3.29601584781e-06, 2.3315838007e-06, 2.44526836468e-06, 2.70193413598e-06, 1.79567632586e-06, 2.65106132247e-06, 1.96518067241e-06, 1.93727487385e-06, 2.02423575502e-06, 1.4949632714e-06, 1.2010084447e-06, 6.17680086634e-07, 5.44976558103e-07, 4.71891638654e-07, 3.6734729747e-07, 4.33555555901e-07, 2.27644534334e-07, 2.34876523564e-07, 9.46283620351e-08, 1.24419523573e-08, 2.98321656267e-09, 8.53050963201e-09, 5.6575726326e-09, 1.20841141538e-08, 2.20833040743e-09],
