{
"highlevel": {
    "danceability": {
        "all": {
            "danceable": 0.10717536509,
            "not_danceable": 0.892824649811
        },
        "probability": 0.892824649811,
        "value": "not_danceable"
    },
    "gender": {
        "all": {
            "female": 0.375562399626,
            "male": 0.624437630177
        },
        "probability": 0.624437630177,
        "value": "male"
    },
    "genre_dortmund": {
        "all": {
            "alternative": 0.0910153612494,
            "blues": 0.233335599303,
            "electronic": 0.0064423927106,
            "folkcountry": 0.0342723317444,
            "funksoulrnb": 0.0237139239907,
            "jazz": 0.155896946788,
            "pop": 0.0326404608786,
            "raphiphop": 0.00391100626439,
            "rock": 0.418771982193
        },
        "probability": 0.418771982193,
        "value": "rock"
    },
    "genre_electronic": {
        "all": {
            "ambient": 0.314456611872,
            "dnb": 0.490061938763,
            "house": 0.0592729747295,
            "techno": 0.00967654958367,
            "trance": 0.126531898975
        },
        "probability": 0.490061938763,
        "value": "dnb"
    },
    "genre_rosamerica": {
        "all": {
            "cla": 0.0194698423147,
            "dan": 0.0151935936883,
            "hip": 0.0414746813476,
            "jaz": 0.0116327581927,
            "pop": 0.105222046375,
            "rhy": 0.00863835401833,
            "roc": 0.791452348232,
            "spe": 0.00691637210548
        },
        "probability": 0.791452348232,
        "value": "roc"
    },
    "genre_tzanetakis": {
        "all": {
            "blu": 0.0626541376114,
            "cla": 0.0348133966327,
            "cou": 0.0783501937985,
            "dis": 0.104547761381,
            "hip": 0.15693578124,
            "jaz": 0.313987255096,
            "met": 0.044816005975,
            "pop": 0.0627349764109,
            "reg": 0.0627352520823,
            "roc": 0.0784252434969
        },
        "probability": 0.313987255096,
        "value": "jaz"
    },
    "ismir04_rhythm": {
        "all": {
            "ChaChaCha": 0.741610407829,
            "Jive": 0.0688253343105,
            "Quickstep": 0.0348769947886,
            "Rumba-American": 0.00394753413275,
            "Rumba-International": 0.00196533743292,
            "Rumba-Misc": 0.00063072150806,
            "Samba": 0.125615417957,
            "Tango": 0.00929529219866,
            "VienneseWaltz": 0.0122642498463,
            "Waltz": 0.000968677690253
        },
        "probability": 0.741610407829,
        "value": "ChaChaCha"
    },
    "mood_acoustic": {
        "all": {
            "acoustic": 0.00432311370969,
            "not_acoustic": 0.995676875114
        },
        "probability": 0.995676875114,
        "value": "not_acoustic"
    },
    "mood_aggressive": {
        "all": {
            "aggressive": 0.985242962837,
            "not_aggressive": 0.0147570315748
        },
        "probability": 0.985242962837,
        "value": "aggressive"
    },
    "mood_electronic": {
        "all": {
            "electronic": 0.390150904655,
            "not_electronic": 0.609849095345
        },
        "probability": 0.609849095345,
        "value": "not_electronic"
    },
    "mood_happy": {
        "all": {
            "happy": 0.135992616415,
            "not_happy": 0.864007353783
        },
        "probability": 0.864007353783,
        "value": "not_happy"
    },
    "mood_party": {
        "all": {
            "not_party": 0.421821683645,
            "party": 0.578178286552
        },
        "probability": 0.578178286552,
        "value": "party"
    },
    "mood_relaxed": {
        "all": {
            "not_relaxed": 0.913531064987,
            "relaxed": 0.0864689126611
        },
        "probability": 0.913531064987,
        "value": "not_relaxed"
    },
    "mood_sad": {
        "all": {
            "not_sad": 0.794058203697,
            "sad": 0.205941781402
        },
        "probability": 0.794058203697,
        "value": "not_sad"
    },
    "moods_mirex": {
        "all": {
            "Cluster1": 0.491630315781,
            "Cluster2": 0.0409815646708,
            "Cluster3": 0.0405452921987,
            "Cluster4": 0.0147056216374,
            "Cluster5": 0.412137210369
        },
        "probability": 0.491630315781,
        "value": "Cluster1"
    },
    "timbre": {
        "all": {
            "bright": 0.392773836851,
            "dark": 0.607226192951
        },
        "probability": 0.607226192951,
        "value": "dark"
    },
    "tonal_atonal": {
        "all": {
            "atonal": 0.186113476753,
            "tonal": 0.813886523247
        },
        "probability": 0.813886523247,
        "value": "tonal"
    },
    "voice_instrumental": {
        "all": {
            "instrumental": 0.0655353143811,
            "voice": 0.934464693069
        },
        "probability": 0.934464693069,
        "value": "voice"
    }
},
"lowlevel": {
    "average_loudness": 0.973567068577,
    "barkbands_crest": {
        "dmean": 3.08575344086,
        "dmean2": 5.18390607834,
        "dvar": 10.3000144958,
        "dvar2": 26.98462677,
        "max": 24.0078372955,
        "mean": 8.66157436371,
        "median": 7.78963708878,
        "min": 2.49018621445,
        "var": 15.75877285
    },
    "barkbands_flatness_db": {
        "dmean": 0.0207466520369,
        "dmean2": 0.0339318364859,
        "dvar": 0.000423303572461,
        "dvar2": 0.00114624178968,
        "max": 0.254434406757,
        "mean": 0.122545741498,
        "median": 0.116868324578,
        "min": 0.0574018917978,
        "var": 0.00106026662979
    },
    "barkbands_kurtosis": {
        "dmean": 1.4453368187,
        "dmean2": 2.42351698875,
        "dvar": 9.05212879181,
        "dvar2": 23.8049793243,
        "max": 35.5496177673,
        "mean": -0.0238507855684,
        "median": -0.948266506195,
        "min": -1.74888598919,
        "var": 8.09446048737
    },
    "barkbands_skewness": {
        "dmean": 0.596750319004,
        "dmean2": 0.913858354092,
        "dvar": 0.44269195199,
        "dvar2": 0.98294043541,
        "max": 5.64759588242,
        "mean": 0.536814212799,
        "median": 0.377501368523,
        "min": -2.14894270897,
        "var": 0.921535432339
    },
    "barkbands_spread": {
        "dmean": 7.93153381348,
        "dmean2": 12.9233617783,
        "dvar": 65.97315979,
        "dvar2": 174.016326904,
        "max": 76.4385528564,
        "mean": 39.285118103,
        "median": 39.0951499939,
        "min": 4.13495016098,
        "var": 147.794815063
    },
    "dissonance": {
        "dmean": 0.0102576408535,
        "dmean2": 0.0176309365779,
        "dvar": 9.10912858672e-05,
        "dvar2": 0.00025484530488,
        "max": 0.499897897243,
        "mean": 0.481130927801,
        "median": 0.484130442142,
        "min": 0.405578702688,
        "var": 0.000186622026376
    },
    "dynamic_complexity": 1.63796710968,
    "erbbands_crest": {
        "dmean": 2.3438398838,
        "dmean2": 3.80414032936,
        "dvar": 6.02625894547,
        "dvar2": 14.2125635147,
        "max": 24.1445579529,
        "mean": 7.9026594162,
        "median": 6.67835044861,
        "min": 2.81289386749,
        "var": 15.3212928772
    },
    "erbbands_flatness_db": {
        "dmean": 0.0182834062725,
        "dmean2": 0.0258558914065,
        "dvar": 0.000306384376017,
        "dvar2": 0.000600263825618,
        "max": 0.292010366917,
        "mean": 0.15989588201,
        "median": 0.155564919114,
        "min": 0.0714043304324,
        "var": 0.00122182397172
    },
    "erbbands_kurtosis": {
        "dmean": 0.913574814796,
        "dmean2": 1.50147986412,
        "dvar": 1.47646105289,
        "dvar2": 3.88196611404,
        "max": 14.2466106415,
        "mean": 0.496934324503,
        "median": 0.152893066406,
        "min": -1.57993805408,
        "var": 2.15280508995
    },
    "erbbands_skewness": {
        "dmean": 0.281317055225,
        "dmean2": 0.449171185493,
        "dvar": 0.0861075296998,
        "dvar2": 0.219589322805,
        "max": 2.14982223511,
        "mean": -0.63461214304,
        "median": -0.685537874699,
        "min": -2.36311030388,
        "var": 0.236511960626
    },
    "erbbands_spread": {
        "dmean": 9.65395259857,
        "dmean2": 15.2133970261,
        "dvar": 128.955001831,
        "dvar2": 312.675811768,
        "max": 113.805992126,
        "mean": 37.2987442017,
        "median": 34.2770996094,
        "min": 7.36136102676,
        "var": 235.478347778
    },
    "hfc": {
        "dmean": 6.97302150726,
        "dmean2": 10.5955247879,
        "dvar": 63.5915985107,
        "dvar2": 137.707077026,
        "max": 84.1497344971,
        "mean": 30.1369361877,
        "median": 29.6771945953,
        "min": 0.770498216152,
        "var": 195.526123047
    },
    "melbands_crest": {
        "dmean": 3.8429684639,
        "dmean2": 6.27886724472,
        "dvar": 11.8059215546,
        "dvar2": 31.8721046448,
        "max": 27.6521835327,
        "mean": 13.3957242966,
        "median": 12.9793386459,
        "min": 3.59114646912,
        "var": 22.6320743561
    },
    "melbands_flatness_db": {
        "dmean": 0.0282548367977,
        "dmean2": 0.0443665012717,
        "dvar": 0.000887563102879,
        "dvar2": 0.00208793859929,
        "max": 0.328134119511,
        "mean": 0.136914357543,
        "median": 0.131159335375,
        "min": 0.0467147752643,
        "var": 0.00222873035818
    },
    "melbands_kurtosis": {
        "dmean": 6.62869405746,
        "dmean2": 10.9746541977,
        "dvar": 186.582366943,
        "dvar2": 482.398864746,
        "max": 163.002197266,
        "mean": 6.47331619263,
        "median": 1.93104171753,
        "min": -1.78218281269,
        "var": 177.241485596
    },
    "melbands_skewness": {
        "dmean": 0.944803833961,
        "dmean2": 1.4569362402,
        "dvar": 1.38232922554,
        "dvar2": 3.14526557922,
        "max": 10.8835868835,
        "mean": 2.00730586052,
        "median": 1.63252568245,
        "min": -1.31560969353,
        "var": 2.4616048336
    },
    "melbands_spread": {
        "dmean": 14.7314815521,
        "dmean2": 23.3378200531,
        "dvar": 221.017150879,
        "dvar2": 475.953338623,
        "max": 134.893295288,
        "mean": 50.9338264465,
        "median": 50.7408943176,
        "min": 2.6356651783,
        "var": 568.879760742
    },
    "pitch_salience": {
        "dmean": 0.0800291746855,
        "dmean2": 0.132284581661,
        "dvar": 0.00598618714139,
        "dvar2": 0.0163253881037,
        "max": 0.805846273899,
        "mean": 0.556823790073,
        "median": 0.567488908768,
        "min": 0.144284904003,
        "var": 0.012440030463
    },
    "silence_rate_20dB": {
        "dmean": 0,
        "dmean2": 0,
        "dvar": 0,
        "dvar2": 0,
        "max": 1,
        "mean": 1,
        "median": 1,
        "min": 1,
        "var": 0
    },
    "silence_rate_30dB": {
        "dmean": 0,
        "dmean2": 0,
        "dvar": 0,
        "dvar2": 0,
        "max": 1,
        "mean": 1,
        "median": 1,
        "min": 1,
        "var": 0
    },
    "silence_rate_60dB": {
        "dmean": 0.00232198135927,
        "dmean2": 0.00464755995199,
        "dvar": 0.0023165922612,
        "dvar2": 0.00617514317855,
        "max": 1,
        "mean": 0.0301624126732,
        "median": 0,
        "min": 0,
        "var": 0.0292526334524
    },
    "spectral_centroid": {
        "dmean": 279.71472168,
        "dmean2": 438.307861328,
        "dvar": 86367.34375,
        "dvar2": 203657.625,
        "max": 3633.12084961,
        "mean": 2417.72070312,
        "median": 2502.77709961,
        "min": 453.670501709,
        "var": 237344.765625
    },
    "spectral_complexity": {
        "dmean": 5.67647075653,
        "dmean2": 8.75987625122,
        "dvar": 30.43724823,
        "dvar2": 67.2219314575,
        "max": 56,
        "mean": 25.5784988403,
        "median": 25,
        "min": 3,
        "var": 128.967544556
    },
    "spectral_decrease": {
        "dmean": 2.13293360751e-09,
        "dmean2": 3.38833650027e-09,
        "dvar": 8.5565547796e-18,
        "dvar2": 2.06160192756e-17,
        "max": -3.20839826928e-10,
        "mean": -5.32799004915e-09,
        "median": -4.36325642283e-09,
        "min": -2.6529304975e-08,
        "var": 1.13329848513e-17
    },
    "spectral_energy": {
        "dmean": 0.00841336883605,
        "dmean2": 0.0133407395333,
        "dvar": 0.000127667022753,
        "dvar2": 0.000307491922285,
        "max": 0.102779299021,
        "mean": 0.0228425953537,
        "median": 0.0193613599986,
        "min": 0.00128080626018,
        "var": 0.000174902772414
    },
    "spectral_energyband_high": {
        "dmean": 0.000343590247212,
        "dmean2": 0.000529425858986,
        "dvar": 1.23261116869e-07,
        "dvar2": 2.91880240866e-07,
        "max": 0.00498235272244,
        "mean": 0.00154352176469,
        "median": 0.00139815011062,
        "min": 3.28959722538e-05,
        "var": 7.4108879744e-07
    },
    "spectral_energyband_low": {
        "dmean": 0.00514168990776,
        "dmean2": 0.00834657903761,
        "dvar": 8.20922650746e-05,
        "dvar2": 0.000202735624043,
        "max": 0.087532505393,
        "mean": 0.00714212749153,
        "median": 0.00370646128431,
        "min": 1.02570629679e-05,
        "var": 9.81903795036e-05
    },
    "spectral_energyband_middle_high": {
        "dmean": 0.00247004884295,
        "dmean2": 0.00380152487196,
        "dvar": 9.74174417934e-06,
        "dvar2": 2.05077685678e-05,
        "max": 0.0350242964923,
        "mean": 0.00786922313273,
        "median": 0.0070931664668,
        "min": 0.000113729773147,
        "var": 2.67099057965e-05
    },
    "spectral_energyband_middle_low": {
        "dmean": 0.00392167223617,
        "dmean2": 0.00633435929194,
        "dvar": 4.41810116172e-05,
        "dvar2": 0.000106505394797,
        "max": 0.0598996207118,
        "mean": 0.00695014838129,
        "median": 0.00464570848271,
        "min": 0.000128189014504,
        "var": 5.45852999494e-05
    },
    "spectral_entropy": {
        "dmean": 0.117418676615,
        "dmean2": 0.176536098123,
        "dvar": 0.0127744302154,
        "dvar2": 0.0258750859648,
        "max": 8.30795192719,
        "mean": 7.78402090073,
        "median": 7.82782363892,
        "min": 6.92989301682,
        "var": 0.0589164160192
    },
    "spectral_flux": {
        "dmean": 0.0269536171108,
        "dmean2": 0.0427740588784,
        "dvar": 0.000759718474001,
        "dvar2": 0.00162597536109,
        "max": 0.288444429636,
        "mean": 0.0928574055433,
        "median": 0.0858905985951,
        "min": 0.00922131724656,
        "var": 0.00175095431041
    },
    "spectral_kurtosis": {
        "dmean": 0.97475618124,
        "dmean2": 1.66968262196,
        "dvar": 0.778433561325,
        "dvar2": 2.17205810547,
        "max": 10.6351070404,
        "mean": 2.76185250282,
        "median": 2.66219091415,
        "min": 0.100240707397,
        "var": 1.54416465759
    },
    "spectral_rms": {
        "dmean": 0.000787054537795,
        "dmean2": 0.00123020762112,
        "dvar": 8.47248543323e-07,
        "dvar2": 1.98148836716e-06,
        "max": 0.0100136147812,
        "mean": 0.00454149395227,
        "median": 0.00434616301209,
        "min": 0.00111784029286,
        "var": 1.66030883975e-06
    },
    "spectral_rolloff": {
        "dmean": 671.396484375,
        "dmean2": 1127.90185547,
        "dvar": 653152.0625,
        "dvar2": 1478715.5,
        "max": 7967.28515625,
        "mean": 2908.59375,
        "median": 3036.18164062,
        "min": 86.1328125,
        "var": 1518348.625
    },
    "spectral_skewness": {
        "dmean": 0.142679005861,
        "dmean2": 0.238738372922,
        "dvar": 0.0149333467707,
        "dvar2": 0.0386698693037,
        "max": 2.29408335686,
        "mean": 1.01600444317,
        "median": 1.02300655842,
        "min": 0.472372770309,
        "var": 0.0407973304391
    },
    "spectral_spread": {
        "dmean": 436419.28125,
        "dmean2": 677181.4375,
        "dvar": 204731465728,
        "dvar2": 483958554624,
        "max": 7262538.5,
        "mean": 4068641,
        "median": 4053795.5,
        "min": 2279933.5,
        "var": 607568003072
    },
    "spectral_strongpeak": {
        "dmean": 0.848513782024,
        "dmean2": 1.48288977146,
        "dvar": 2.47402119637,
        "dvar2": 5.90749788284,
        "max": 12.9784450531,
        "mean": 1.23510837555,
        "median": 0.402506738901,
        "min": 0,
        "var": 3.60122442245
    },
    "zerocrossingrate": {
        "dmean": 0.0122833726928,
        "dmean2": 0.0141911702231,
        "dvar": 0.000112132336653,
        "dvar2": 0.000159095987328,
        "max": 0.2119140625,
        "mean": 0.0978752747178,
        "median": 0.09619140625,
        "min": 0.0234375,
        "var": 0.000961179146543
    },
    "barkbands": {
        "dmean": [0.000141049473314, 0.00392362708226, 0.00159368116874, 0.00105907209218, 0.00219973223284, 0.000432112487033, 0.000504801049829, 0.000591185351368, 0.000611984462012, 0.000374591356376, 0.000348463945556, 0.000177452879143, 0.000229879384278, 0.000293937424431, 0.0005365164252, 0.000754343578592, 0.000521444249898, 0.000720443145838, 0.000346959626768, 0.000376481300918, 0.000178077243618, 7.00526506989e-05, 7.70284241298e-05, 9.25936401472e-05, 1.44804280353e-05, 5.35093204235e-06, 1.36439115561e-09],
        "dmean2": [0.000245697679929, 0.00653518224135, 0.00293035735376, 0.00185897981282, 0.0036896134261, 0.000720578187611, 0.000786918506492, 0.00104566663504, 0.000981088262051, 0.000630008522421, 0.000520489178598, 0.000290137832053, 0.00037955478183, 0.000485112657771, 0.000871096446645, 0.00116807513405, 0.000853319768794, 0.00117840990424, 0.000533402198926, 0.000594075012486, 0.000289559888188, 0.000111407658551, 0.000123443212942, 0.000149833562318, 2.23465340241e-05, 8.22408401291e-06, 2.47547116139e-09],
        "dvar": [6.43011262014e-08, 4.66848541691e-05, 1.66476656887e-05, 4.51885216535e-06, 1.97009612748e-05, 6.64311528453e-07, 1.15745717721e-06, 4.53246457255e-06, 1.68025428593e-06, 1.50529922394e-06, 5.87865542911e-07, 4.11626075447e-07, 1.70719573589e-07, 1.94057676595e-07, 6.9065288244e-07, 1.46581726312e-06, 9.40028201057e-07, 1.05561696273e-06, 2.07717960166e-07, 1.95907730927e-07, 4.34904663393e-08, 4.97818941625e-09, 8.43686098762e-09, 1.34335929047e-08, 4.47267500814e-10, 1.16722576049e-10, 2.01449680409e-17],
        "dvar2": [1.75604711217e-07, 0.000112116686068, 4.97215914947e-05, 1.29663776534e-05, 4.91278369736e-05, 1.79485789431e-06, 2.82777159555e-06, 1.23124173115e-05, 4.01096258429e-06, 3.23236236e-06, 1.04248215393e-06, 1.08116853426e-06, 4.36082700617e-07, 4.8627907745e-07, 1.72745842519e-06, 3.13213058689e-06, 2.26909401135e-06, 2.5251858915e-06, 4.32021124652e-07, 4.44199599769e-07, 1.12796513463e-07, 1.26209025453e-08, 2.1898687308e-08, 3.54593474583e-08, 1.12645304196e-09, 2.86103030156e-10, 3.65791906191e-17],
        "max": [0.00219662720338, 0.061417363584, 0.0426933653653, 0.0188084803522, 0.0376855656505, 0.0108506269753, 0.0159108024091, 0.0337058976293, 0.0231848061085, 0.0267478078604, 0.01675680466, 0.014453265816, 0.00499745365232, 0.00434070033953, 0.00841373950243, 0.0150723028928, 0.0121694132686, 0.0124541381374, 0.0067242057994, 0.00444203894585, 0.00278827990405, 0.000983813544735, 0.00159804488067, 0.00181050843094, 0.000280543172266, 0.000157247151947, 1.23648931094e-07],
        "mean": [0.000145006502862, 0.00475961528718, 0.00164537562523, 0.00112759787589, 0.00251077860594, 0.000665822532028, 0.00093474437017, 0.000575437326916, 0.000997724826448, 0.000464564131107, 0.000840451393742, 0.000199441681616, 0.000312692165608, 0.000421000178903, 0.000845509697683, 0.00125501328148, 0.000835216720589, 0.00142194249202, 0.000744229881093, 0.000905849272385, 0.000453670043498, 0.000209210527828, 0.000235208266531, 0.000282666092971, 3.95724346163e-05, 1.42662383951e-05, 1.00740549236e-09],
        "median": [5.24300376128e-05, 0.00180843146518, 0.000743707991205, 0.000515575462487, 0.0011389303254, 0.00035168993054, 0.000159571165568, 9.55927098403e-05, 0.000432528235251, 0.00010053315782, 0.000136404763907, 5.77511418669e-05, 0.00016312932712, 0.000247410556767, 0.000501856382471, 0.000639416859485, 0.000492525985464, 0.000921860337257, 0.000584674649872, 0.000727085454855, 0.000389563589124, 0.000183593991096, 0.000204435069463, 0.000229056400713, 2.97079968732e-05, 7.89560999692e-06, 3.15978160303e-10],
        "min": [2.59927503521e-07, 5.39071288586e-06, 5.51349671696e-07, 5.59977763714e-07, 1.52328016156e-06, 6.03467242399e-07, 1.41192742831e-06, 9.48963872816e-07, 1.53367943767e-06, 6.99062979947e-07, 7.67939752677e-07, 1.24965924897e-06, 2.11940687223e-06, 4.91474156661e-06, 4.41490874437e-06, 1.59143746714e-05, 2.34168373936e-06, 2.17052893277e-05, 4.12641111325e-06, 5.30956549483e-06, 1.01381556306e-05, 4.44388206233e-06, 2.01766147256e-06, 8.16821170702e-07, 3.6427980632e-08, 2.23793397008e-11, 9.2378145064e-12],
        "var": [6.14694712908e-08, 5.47033559997e-05, 1.0532214219e-05, 3.6961873775e-06, 1.8730874217e-05, 9.28140309497e-07, 3.64244829143e-06, 3.42649855156e-06, 2.55576355812e-06, 1.92151333067e-06, 5.12095493832e-06, 3.53129536279e-07, 1.99181286575e-07, 2.81126943946e-07, 9.91931642602e-07, 3.1123190638e-06, 1.38529799187e-06, 2.66692995865e-06, 4.66138800448e-07, 4.85690407004e-07, 9.36526660666e-08, 1.67469558221e-08, 3.209539301e-08, 5.45182388123e-08, 1.31210098342e-09, 3.89094312325e-10, 1.67383901243e-17]
    },
    "erbbands": {
        "dmean": [0.10242831707, 0.950000882149, 1.95765030384, 2.80472493172, 6.03410434723, 7.66425085068, 3.49931788445, 3.54684019089, 4.83478212357, 13.932393074, 10.008266449, 13.3175964355, 12.0216722488, 12.4922971725, 10.6188192368, 6.85797595978, 8.0929069519, 14.542350769, 20.6717910767, 32.4211921692, 41.1066131592, 23.723493576, 34.2647438049, 28.7122192383, 18.432970047, 14.0730619431, 9.84525966644, 5.37931728363, 2.76294445992, 1.97159481049, 2.71223163605, 3.06866145134, 0.835564851761, 0.252567261457, 0.0683226585388, 0.0309607386589, 0.00990979839116, 0.001071321778, 2.05090473173e-05, 1.0030968042e-05],
        "dmean2": [0.17156124115, 1.5833081007, 3.50475525856, 5.00503206253, 10.2056102753, 13.0847864151, 5.63843584061, 5.93740940094, 7.19663000107, 23.4630775452, 17.1470584869, 21.3800125122, 19.366317749, 19.6375312805, 16.1219139099, 11.258439064, 13.2379407883, 23.283285141, 34.4528923035, 50.3202819824, 61.8122634888, 38.902557373, 55.0971755981, 44.9274101257, 28.7664260864, 22.0627841949, 16.0707817078, 8.73340606689, 4.3761472702, 3.17392992973, 4.37461042404, 5.04623746872, 1.32189941406, 0.398134082556, 0.100238293409, 0.0474982634187, 0.0152689311653, 0.00172483187634, 3.147629468e-05, 1.57057493197e-05],
        "dvar": [0.039908375591, 2.686211586, 20.016254425, 38.4083747864, 108.603942871, 290.561248779, 58.5666618347, 49.7111740112, 85.540763855, 1772.23449707, 1036.18847656, 820.490234375, 1382.48901367, 866.681762695, 467.739013672, 801.363464355, 221.733093262, 488.848236084, 1139.56469727, 3442.93383789, 5147.10058594, 1516.54492188, 2431.7878418, 1246.8581543, 433.556945801, 247.914810181, 142.57484436, 46.0361862183, 7.99981164932, 6.38286972046, 11.5929832458, 16.0599822998, 1.09030640125, 0.133323252201, 0.0131628243253, 0.00387473916635, 0.000384926621336, 5.72254066356e-06, 1.59666002642e-09, 1.63453930946e-10],
        "dvar2": [0.104445204139, 6.54980325699, 59.3829650879, 111.563575745, 269.172271729, 748.000244141, 133.960830688, 133.452224731, 172.350097656, 4824.52001953, 2569.00854492, 1937.09411621, 3292.42602539, 1822.42016602, 881.609924316, 2108.69970703, 539.966308594, 1178.40856934, 3057.98657227, 7490.33789062, 10968.5810547, 3766.63916016, 5713.68310547, 2853.09863281, 913.369995117, 590.889587402, 366.507385254, 128.646362305, 20.3841362, 15.7821016312, 30.6220493317, 43.2442893982, 2.7293753624, 0.352972000837, 0.0296360310167, 0.0100323380902, 0.000941143196542, 1.41836399052e-05, 3.85369691713e-09, 3.89157983616e-10],
        "max": [1.70300972462, 13.6678524017, 47.7436103821, 63.0521125793, 81.6497268677, 159.077911377, 159.221725464, 104.563095093, 127.043991089, 675.692138672, 650.790588379, 513.379333496, 802.856811523, 507.522949219, 429.610137939, 675.035339355, 178.926971436, 264.569580078, 482.117492676, 1116.29260254, 1025.58911133, 571.874267578, 621.422668457, 633.906799316, 204.006484985, 201.488494873, 159.587036133, 130.742141724, 33.8096351624, 41.6746482849, 67.0919647217, 56.3478889465, 15.165553093, 5.1014380455, 1.99929642677, 0.946062386036, 0.334541648626, 0.047248121351, 0.000800965644885, 0.000117688803584],
        "mean": [0.102127440274, 1.17125606537, 2.23146128654, 3.03138446808, 6.75515222549, 8.05606079102, 6.08882331848, 5.24080085754, 8.06884670258, 19.1461982727, 11.5475702286, 21.5323429108, 19.1268596649, 24.908290863, 23.9053688049, 8.46634864807, 12.3507862091, 22.6915874481, 31.057472229, 54.8669395447, 72.8591690063, 46.0502128601, 71.4390869141, 59.789024353, 43.9744377136, 35.4530258179, 23.422372818, 13.8424959183, 8.03931999207, 6.47667598724, 7.75193214417, 8.26321983337, 2.73590993881, 0.7272580266, 0.188506931067, 0.0789694413543, 0.0243531763554, 0.0020922687836, 5.93469412706e-05, 3.33386560669e-05],
        "median": [0.0325788930058, 0.460330277681, 1.16280269623, 1.41273069382, 2.88071513176, 3.21868896484, 2.66189622879, 3.01469445229, 2.4344329834, 2.99645233154, 3.81953382492, 8.65848827362, 7.50039768219, 5.92347717285, 6.1512503624, 3.67425346375, 7.48701047897, 13.8195228577, 17.9865703583, 28.8364067078, 37.0536499023, 34.5625991821, 49.449016571, 47.3707847595, 36.5603218079, 29.9987373352, 19.6871051788, 11.6362857819, 7.04718208313, 5.42764759064, 6.51798963547, 6.44214820862, 2.25940346718, 0.584159374237, 0.131359919906, 0.047444447875, 0.0126355141401, 0.000951315567363, 3.97726980736e-05, 3.02164953609e-05],
        "min": [0.000208677069168, 0.000955482828431, 0.0020984923467, 0.00386996311136, 0.00113696919288, 0.00741397542879, 0.013660421595, 0.0135121094063, 0.0638389289379, 0.0521787665784, 0.113723292947, 0.213416442275, 0.0717446729541, 0.096337787807, 0.0902105569839, 0.0608799494803, 0.084373831749, 0.38408139348, 0.364141881466, 0.317533731461, 1.16548645496, 0.296406000853, 1.12264120579, 0.628503739834, 0.268323123455, 0.212905660272, 0.412192642689, 0.357720792294, 0.105906516314, 0.158038273454, 0.0622249022126, 0.0319370441139, 0.00503987027332, 0.00116489094216, 8.54840400279e-05, 8.41548171593e-06, 3.14386579703e-06, 9.52281368427e-07, 1.31780905122e-06, 2.27598115998e-06],
        "var": [0.0373500213027, 3.16412878036, 14.2958068848, 28.4800662994, 114.638122559, 242.273788452, 120.031555176, 60.9400177002, 202.565734863, 1991.26184082, 1013.89233398, 1386.6348877, 1912.71325684, 3440.95629883, 3135.44384766, 639.306274414, 277.14553833, 782.281005859, 1428.65185547, 5940.69140625, 11730.3896484, 2345.75317383, 5543.66210938, 2960.09741211, 1037.39331055, 619.568847656, 271.60144043, 97.1460113525, 25.099439621, 22.7506217957, 37.3578033447, 51.7296257019, 4.83217573166, 0.37361690402, 0.0390816107392, 0.0103711457923, 0.00133102852851, 1.21086313811e-05, 4.25626378586e-09, 2.6210178472e-10]
    },
    "gfcc": {
        "mean": [24.1773452759, 62.2907485962, -139.818969727, 68.6575088501, -57.7049026489, 17.8967380524, -39.7865943909, 17.3445453644, -17.6443748474, -3.87882685661, -15.3842945099, -6.16522359848, -8.18960762024],
        "cov": [[1335.36462402, -56.8004951477, 48.8219871521, -223.230194092, 36.8895759583, -83.7220458984, -143.397216797, -54.1746368408, -248.821334839, -14.7436914444, -92.6614761353, 76.4280853271, -88.1257095337], [-56.8004951477, 826.917785645, 18.7290458679, 7.1658205986, 77.7629776001, -62.4678115845, 12.3284025192, -173.344100952, -29.5799865723, -109.595962524, 28.3268547058, -75.2742004395, 66.8566818237], [48.8219871521, 18.7290458679, 490.185028076, 189.412536621, 74.1301345825, 115.705871582, -13.4762659073, 13.2271509171, -0.743186175823, 24.7487316132, -12.9463176727, 19.1714286804, -45.2481994629], [-223.230194092, 7.1658205986, 189.412536621, 272.678985596, 129.646270752, 85.5644989014, 46.1769447327, 37.9728736877, 67.7264862061, -3.76684689522, -4.89599132538, -35.3172531128, 15.0323963165], [36.8895759583, 77.7629776001, 74.1301345825, 129.646270752, 198.923202515, 68.9370269775, 60.2473564148, 22.9868278503, 2.10734939575, -19.6794109344, -24.5445652008, -13.8714094162, 11.6925821304], [-83.7220458984, -62.4678115845, 115.705871582, 85.5644989014, 68.9370269775, 150.785400391, 75.5598068237, 43.7503356934, 5.40292358398, -13.3091239929, 1.48122799397, 25.3187999725, 18.5124225616], [-143.397216797, 12.3284025192, -13.4762659073, 46.1769447327, 60.2473564148, 75.5598068237, 137.171325684, 69.5024185181, 37.1012916565, -22.9434871674, -0.249759450555, 5.52617931366, 31.3841495514], [-54.1746368408, -173.344100952, 13.2271509171, 37.9728736877, 22.9868278503, 43.7503356934, 69.5024185181, 136.539093018, 82.9134368896, 37.2268600464, -11.5122518539, 4.35069417953, -5.71572446823], [-248.821334839, -29.5799865723, -0.743186175823, 67.7264862061, 2.10734939575, 5.40292358398, 37.1012916565, 82.9134368896, 174.647354126, 90.3603210449, 34.8055915833, -40.7543563843, -21.2095680237], [-14.7436914444, -109.595962524, 24.7487316132, -3.76684689522, -19.6794109344, -13.3091239929, -22.9434871674, 37.2268600464, 90.3603210449, 143.002609253, 58.2487792969, -0.549858093262, -65.7104110718], [-92.6614761353, 28.3268547058, -12.9463176727, -4.89599132538, -24.5445652008, 1.48122799397, -0.249759450555, -11.5122518539, 34.8055915833, 58.2487792969, 100.28339386, 27.3905487061, -19.1804580688], [76.4280853271, -75.2742004395, 19.1714286804, -35.3172531128, -13.8714094162, 25.3187999725, 5.52617931366, 4.35069417953, -40.7543563843, -0.549858093262, 27.3905487061, 87.666809082, 19.1829566956], [-88.1257095337, 66.8566818237, -45.2481994629, 15.0323963165, 11.6925821304, 18.5124225616, 31.3841495514, -5.71572446823, -21.2095680237, -65.7104110718, -19.1804580688, 19.1829566956, 94.7511520386]],
        "icov": [[0.00218151067384, -0.001107909251, 0.000354442221578, 0.000754413194954, -0.00120809173677, 8.80850930116e-05, 0.0024316390045, -0.00327681517228, 0.00393277732655, -0.00202182354406, 0.00268827355467, -0.00240500736982, 0.00249834847637], [-0.001107909251, 0.00626101205125, -0.00458023278043, 0.00545516470447, -0.00455963518471, 0.00472143525258, -0.00514801731333, 0.00934651494026, -0.00684673944488, 0.00685080280527, -0.00839731283486, 0.00827724207193, -0.00674898270518], [0.000354442221578, -0.00458023278043, 0.00809712149203, -0.00825216528028, 0.00485896971077, -0.00656618224457, 0.0047936020419, -0.00521322060376, 0.00458912178874, -0.00557438004762, 0.00869265757501, -0.00914701074362, 0.00829140935093], [0.000754413194954, 0.00545516470447, -0.00825216528028, 0.0172349531204, -0.0109723908827, 0.0035520021338, -0.00110654521268, 0.00530410930514, -0.00776148727164, 0.00853311177343, -0.0102198729292, 0.0113527905196, -0.00866301357746], [-0.00120809173677, -0.00455963518471, 0.00485896971077, -0.0109723908827, 0.014829672873, -0.00545655982569, -0.00171108287759, -0.00382266542874, 0.00527263851836, -0.00693510519341, 0.00809577014297, -0.0052990084514, 0.00480944709852], [8.80850930116e-05, 0.00472143525258, -0.00656618224457, 0.0035520021338, -0.00545655982569, 0.0183459762484, -0.00986175891012, 0.00465677678585, -0.00174257380422, 0.00429930863902, -0.00708656245843, 0.00380025128834, -0.0059247915633], [0.0024316390045, -0.00514801731333, 0.0047936020419, -0.00110654521268, -0.00171108287759, -0.00986175891012, 0.0238341819495, -0.016783343628, 0.00460271444172, 0.000692762434483, 0.0026504965499, -0.00586615782231, 0.00482467934489], [-0.00327681517228, 0.00934651494026, -0.00521322060376, 0.00530410930514, -0.00382266542874, 0.00465677678585, -0.016783343628, 0.0353803150356, -0.022096613422, 0.00773732084781, -0.00201628054492, 0.00331303733401, -0.00637766718864], [0.00393277732655, -0.00684673944488, 0.00458912178874, -0.00776148727164, 0.00527263851836, -0.00174257380422, 0.00460271444172, -0.022096613422, 0.0330696515739, -0.020553316921, 0.00501980725676, 0.00182664638851, 0.00253905379213], [-0.00202182354406, 0.00685080280527, -0.00557438004762, 0.00853311177343, -0.00693510519341, 0.00429930863902, 0.000692762434483, 0.00773732084781, -0.020553316921, 0.0320278145373, -0.0173187665641, 0.00502078374848, 0.00261125597171], [0.00268827355467, -0.00839731283486, 0.00869265757501, -0.0102198729292, 0.00809577014297, -0.00708656245843, 0.0026504965499, -0.00201628054492, 0.00501980725676, -0.0173187665641, 0.035069141537, -0.0242617540061, 0.0147079871967], [-0.00240500736982, 0.00827724207193, -0.00914701074362, 0.0113527905196, -0.0052990084514, 0.00380025128834, -0.00586615782231, 0.00331303733401, 0.00182664638851, 0.00502078374848, -0.0242617540061, 0.0385121926665, -0.0210097543895], [0.00249834847637, -0.00674898270518, 0.00829140935093, -0.00866301357746, 0.00480944709852, -0.0059247915633, 0.00482467934489, -0.00637766718864, 0.00253905379213, 0.00261125597171, 0.0147079871967, -0.0210097543895, 0.0311651155353]]
    },
    "melbands": {
        "dmean": [0.00102334585972, 0.00107928540092, 0.000520802335814, 0.000578808016144, 0.00013576982019, 7.75506196078e-05, 8.26742689242e-05, 0.000154597568326, 8.02092690719e-05, 8.73243407113e-05, 6.15124226897e-05, 5.18989400007e-05, 4.54162436654e-05, 2.08656947507e-05, 1.6521442376e-05, 2.36684991251e-05, 2.83187655441e-05, 3.30134062096e-05, 3.90900568163e-05, 3.91566682083e-05, 5.62235291e-05, 2.356362711e-05, 3.49795845977e-05, 4.17199989897e-05, 2.42241530941e-05, 1.39765506901e-05, 1.90804821614e-05, 9.40937934502e-06, 8.31017405289e-06, 3.79790526495e-06, 2.95527388516e-06, 1.60691297424e-06, 1.84028203876e-06, 1.20427728234e-06, 1.8818651597e-06, 1.21429116007e-06, 2.21067534767e-06, 7.75691603394e-07, 3.32705809569e-07, 2.36487323946e-07],
        "dmean2": [0.00168698083144, 0.00183727371041, 0.000913879077416, 0.000983465579338, 0.000218043322093, 0.000129313528305, 0.000124024285469, 0.000264726782916, 0.000135224603582, 0.000139573065098, 9.95426453301e-05, 8.23395748739e-05, 6.76773197483e-05, 3.35635995725e-05, 2.75000984402e-05, 3.90525674447e-05, 4.5448410674e-05, 5.5113912822e-05, 6.30878275842e-05, 6.06432768109e-05, 8.54793615872e-05, 3.91539433622e-05, 5.71237869735e-05, 6.67127387715e-05, 3.83511833206e-05, 2.20692927542e-05, 3.02394164464e-05, 1.52825086843e-05, 1.37489269036e-05, 6.27938015896e-06, 4.92013441544e-06, 2.60790602624e-06, 3.03300157611e-06, 1.96935661734e-06, 3.08067001242e-06, 1.95356869881e-06, 3.68427936337e-06, 1.25355825276e-06, 5.32580770596e-07, 3.86159143773e-07],
        "dvar": [3.39717030329e-06, 4.45755085821e-06, 1.10817302357e-06, 1.45829562825e-06, 7.03379186007e-08, 2.20846079202e-08, 2.56193679604e-08, 2.49186854262e-07, 5.90660427235e-08, 3.67667638557e-08, 3.72069948185e-08, 1.63833036027e-08, 1.0152864327e-08, 4.72426364695e-09, 2.25211804761e-09, 1.8821115777e-09, 1.93410554239e-09, 3.04667735485e-09, 3.74412989501e-09, 4.55617099604e-09, 1.05617905533e-08, 1.31860522501e-09, 4.4030934454e-09, 4.47407577653e-09, 9.49895717639e-10, 2.80684697707e-10, 6.14362172247e-10, 1.25812152363e-10, 1.12704429123e-10, 1.61348573391e-11, 1.43140291287e-11, 2.90930430788e-12, 5.07743890335e-12, 2.56835806962e-12, 5.52390078123e-12, 1.75121939519e-12, 9.18494794111e-12, 1.01730711528e-12, 1.75557159955e-13, 1.26215444346e-13],
        "dvar2": [8.32649493532e-06, 1.24641919683e-05, 3.19479272548e-06, 3.65951564163e-06, 1.60636446367e-07, 5.8831634675e-08, 5.4039102082e-08, 6.84727183398e-07, 1.43988543755e-07, 8.74265637663e-08, 8.62108677779e-08, 3.50681901296e-08, 1.80583992204e-08, 1.19956800049e-08, 5.803346248e-09, 4.59067939218e-09, 4.70085259607e-09, 8.10648614902e-09, 9.21529164088e-09, 9.6796108906e-09, 2.2556100987e-08, 3.26110916049e-09, 1.04659187983e-08, 1.05542827811e-08, 2.07554906595e-09, 6.19122642043e-10, 1.32662791863e-09, 3.10005993098e-10, 2.84306217457e-10, 4.2672955447e-11, 3.94627872047e-11, 7.36985732858e-12, 1.29830382556e-11, 6.56820865058e-12, 1.45424063416e-11, 4.45574393354e-12, 2.49598224034e-11, 2.7244699552e-12, 4.56167926783e-13, 3.43571742237e-13],
        "max": [0.0169677436352, 0.0234481059015, 0.0103162126616, 0.00925695709884, 0.00475204177201, 0.00212879036553, 0.00245037674904, 0.00825957860798, 0.00552900973707, 0.00355042004958, 0.00421217875555, 0.00186277448665, 0.00224054278806, 0.00139059871435, 0.00106216594577, 0.000587772694416, 0.000464090000605, 0.000770971470047, 0.000734630855732, 0.00137423095293, 0.00125086912885, 0.000409253290854, 0.000965399667621, 0.000837997591589, 0.000543671892956, 0.000235748972045, 0.000278848747257, 0.000127764724311, 0.000119264768728, 5.92582691752e-05, 7.1840986493e-05, 2.12708528124e-05, 3.59539008059e-05, 2.7316464184e-05, 4.32713241025e-05, 1.80400966201e-05, 4.46806152468e-05, 1.51929953063e-05, 6.6186339609e-06, 4.7240969252e-06],
        "mean": [0.00116070522927, 0.00136144575663, 0.000600480649155, 0.000613076903392, 0.00022506271489, 0.000117200492241, 0.000146131787915, 0.000198481386178, 9.39008314162e-05, 0.000142188742757, 9.23029656406e-05, 9.53406924964e-05, 0.000108573811303, 2.38012635236e-05, 1.99561709451e-05, 3.49709443981e-05, 4.14329588239e-05, 4.54189830634e-05, 6.40747821308e-05, 6.47740671411e-05, 9.38735684031e-05, 4.02895275329e-05, 5.7277171436e-05, 7.73726496845e-05, 4.50368461316e-05, 2.77818398899e-05, 3.82750404242e-05, 1.95420398086e-05, 1.68315145856e-05, 9.39605070016e-06, 6.89119951858e-06, 4.01820943807e-06, 4.63980722998e-06, 3.20373351315e-06, 4.78927449876e-06, 3.71184273718e-06, 5.46670617041e-06, 2.05331957659e-06, 9.02787689938e-07, 5.1726874517e-07],
        "median": [0.00041442719521, 0.000678156269714, 0.000323704211041, 0.000235740822973, 0.000107291460154, 6.54234609101e-05, 3.6474702938e-05, 3.34266114805e-05, 2.5018263841e-05, 6.07617439528e-05, 3.30074508383e-05, 2.10612251976e-05, 2.12089435081e-05, 6.96928191246e-06, 8.95125322131e-06, 1.87495552382e-05, 2.45308383455e-05, 2.25267031055e-05, 3.71130299754e-05, 3.52313363692e-05, 3.92723923142e-05, 2.63088368229e-05, 3.19413156831e-05, 4.24828576797e-05, 3.42508719768e-05, 2.14599403989e-05, 2.68153617071e-05, 1.53703094838e-05, 1.31363622131e-05, 8.10772235127e-06, 5.55532915314e-06, 3.42434282175e-06, 3.81965992347e-06, 2.56168368651e-06, 3.96165705752e-06, 3.21045081364e-06, 4.09790118283e-06, 1.6058664869e-06, 7.27027554603e-07, 3.78989852834e-07],
        "min": [1.43885040416e-06, 1.90488231055e-06, 4.90278523557e-07, 2.04587337294e-07, 2.07280507425e-07, 5.99694942593e-08, 3.95023363353e-07, 3.47006022139e-07, 5.97733730956e-07, 2.12147710954e-07, 1.15428832714e-07, 7.23804376435e-08, 1.47384724869e-07, 1.2352415979e-07, 2.32606787165e-08, 1.990844396e-07, 6.2364324549e-07, 3.38245854437e-07, 2.65499068064e-07, 5.09629671797e-07, 8.92610387382e-07, 1.55483505182e-07, 2.27391282692e-07, 1.44410512348e-06, 2.25229413786e-07, 1.55669994228e-07, 2.10452981264e-07, 1.170505044e-07, 2.85512953724e-07, 1.76391097284e-07, 1.88990497918e-07, 2.94878237384e-08, 1.17299791214e-07, 5.04687953651e-08, 3.16304458181e-08, 2.77979861352e-08, 1.40496894119e-08, 3.35368843807e-09, 1.0825829122e-09, 3.02834812782e-10],
