{
"highlevel": {
    "danceability": {
        "all": {
            "danceable": 0.0564605593681,
            "not_danceable": 0.943539440632
        },
        "probability": 0.943539440632,
        "value": "not_danceable"
    },
    "gender": {
        "all": {
            "female": 0.614152431488,
            "male": 0.385847598314
        },
        "probability": 0.614152431488,
        "value": "female"
    },
    "genre_dortmund": {
        "all": {
            "alternative": 0.0842193514109,
            "blues": 0.0119345653802,
            "electronic": 0.00185743032489,
            "folkcountry": 0.0164602864534,
            "funksoulrnb": 0.00110299885273,
            "jazz": 0.000697634590324,
            "pop": 0.0252029914409,
            "raphiphop": 0.000223914059461,
            "rock": 0.858300805092
        },
        "probability": 0.858300805092,
        "value": "rock"
    },
    "genre_electronic": {
        "all": {
            "ambient": 0.317771047354,
            "dnb": 0.333376795053,
            "house": 0.0425797775388,
            "techno": 0.0214687306434,
            "trance": 0.284803658724
        },
        "probability": 0.333376795053,
        "value": "dnb"
    },
    "genre_rosamerica": {
        "all": {
            "cla": 0.00037024464109,
            "dan": 4.01810066251e-05,
            "hip": 0.000245674309554,
            "jaz": 6.67661006446e-05,
            "pop": 0.00196190644056,
            "rhy": 0.000300491723465,
            "roc": 0.996972441673,
            "spe": 4.23148194386e-05
        },
        "probability": 0.996972441673,
        "value": "roc"
    },
    "genre_tzanetakis": {
        "all": {
            "blu": 0.0626541376114,
            "cla": 0.0348133966327,
            "cou": 0.0783501937985,
            "dis": 0.104547761381,
            "hip": 0.15693578124,
            "jaz": 0.313987255096,
            "met": 0.044816005975,
            "pop": 0.0627349764109,
            "reg": 0.0627352520823,
            "roc": 0.0784252434969
        },
        "probability": 0.313987255096,
        "value": "jaz"
    },
    "ismir04_rhythm": {
        "all": {
            "ChaChaCha": 0.0580144263804,
            "Jive": 0.817763984203,
            "Quickstep": 0.0297873523086,
            "Rumba-American": 0.00152512534987,
            "Rumba-International": 0.00649015419185,
            "Rumba-Misc": 0.00137969525531,
            "Samba": 0.0483932569623,
            "Tango": 0.00338777643628,
            "VienneseWaltz": 0.0308194216341,
            "Waltz": 0.00243880250491
        },
        "probability": 0.817763984203,
        "value": "Jive"
    },
    "mood_acoustic": {
        "all": {
            "acoustic": 1.232982072e-06,
            "not_acoustic": 0.999998748302
        },
        "probability": 0.999998748302,
        "value": "not_acoustic"
    },
    "mood_aggressive": {
        "all": {
            "aggressive": 0.999991238117,
            "not_aggressive": 8.78821992956e-06
        },
        "probability": 0.999991238117,
        "value": "aggressive"
    },
    "mood_electronic": {
        "all": {
            "electronic": 0.00891412328929,
            "not_electronic": 0.991085886955
        },
        "probability": 0.991085886955,
        "value": "not_electronic"
    },
    "mood_happy": {
        "all": {
            "happy": 0.814458012581,
            "not_happy": 0.18554200232
        },
        "probability": 0.814458012581,
        "value": "happy"
    },
    "mood_party": {
        "all": {
            "not_party": 0.840892612934,
            "party": 0.159107401967
        },
        "probability": 0.840892612934,
        "value": "not_party"
    },
    "mood_relaxed": {
        "all": {
            "not_relaxed": 0.954563438892,
            "relaxed": 0.0454365573823
        },
        "probability": 0.954563438892,
        "value": "not_relaxed"
    },
    "mood_sad": {
        "all": {
            "not_sad": 0.946601092815,
            "sad": 0.0533988773823
        },
        "probability": 0.946601092815,
        "value": "not_sad"
    },
    "moods_mirex": {
        "all": {
            "Cluster1": 0.566333889961,
            "Cluster2": 0.0803770273924,
            "Cluster3": 0.125417709351,
            "Cluster4": 0.0176987405866,
            "Cluster5": 0.210172638297
        },
        "probability": 0.566333889961,
        "value": "Cluster1"
    },
    "timbre": {
        "all": {
            "bright": 0.828429043293,
            "dark": 0.171570971608
        },
        "probability": 0.828429043293,
        "value": "bright"
    },
    "tonal_atonal": {
        "all": {
            "atonal": 0.0803729370236,
            "tonal": 0.919627070427
        },
        "probability": 0.919627070427,
        "value": "tonal"
    },
    "voice_instrumental": {
        "all": {
            "instrumental": 0.000179867944098,
            "voice": 0.999820113182
        },
        "probability": 0.999820113182,
        "value": "voice"
    }
},
"lowlevel": {
    "average_loudness": 0.985509157181,
    "barkbands_crest": {
        "dmean": 1.88398385048,
        "dmean2": 3.20109581947,
        "dvar": 5.37310266495,
        "dvar2": 15.2889585495,
        "max": 19.5417404175,
        "mean": 6.03391933441,
        "median": 5.27935361862,
        "min": 2.31928515434,
        "var": 6.88243484497
    },
    "barkbands_flatness_db": {
        "dmean": 0.0120545672253,
        "dmean2": 0.0196223147213,
        "dvar": 0.000143979559653,
        "dvar2": 0.000388221815228,
        "max": 0.175158470869,
        "mean": 0.0861768126488,
        "median": 0.0858489647508,
        "min": 0.0376235917211,
        "var": 0.000327853311319
    },
    "barkbands_kurtosis": {
        "dmean": 0.439443379641,
        "dmean2": 0.768773555756,
        "dvar": 0.777087450027,
        "dvar2": 2.17747163773,
        "max": 9.05023002625,
        "mean": -0.996364593506,
        "median": -1.20757198334,
        "min": -1.77096140385,
        "var": 0.672686457634
    },
    "barkbands_skewness": {
        "dmean": 0.31523886323,
        "dmean2": 0.506257295609,
        "dvar": 0.126827418804,
        "dvar2": 0.338196992874,
        "max": 3.17572641373,
        "mean": 0.341010928154,
        "median": 0.286201059818,
        "min": -0.694471180439,
        "var": 0.223192557693
    },
    "barkbands_spread": {
        "dmean": 4.75068616867,
        "dmean2": 7.65614414215,
        "dvar": 21.8615646362,
        "dvar2": 51.8257331848,
        "max": 86.0587081909,
        "mean": 43.1986846924,
        "median": 42.9031867981,
        "min": 16.8804893494,
        "var": 106.860076904
    },
    "dissonance": {
        "dmean": 0.0078365681693,
        "dmean2": 0.0130527419969,
        "dvar": 6.23907180852e-05,
        "dvar2": 0.000179127717274,
        "max": 0.499734342098,
        "mean": 0.484814882278,
        "median": 0.487972229719,
        "min": 0.421165406704,
        "var": 0.000122652738355
    },
    "dynamic_complexity": 0.732158958912,
    "erbbands_crest": {
        "dmean": 1.85720872879,
        "dmean2": 3.13504099846,
        "dvar": 3.17395353317,
        "dvar2": 8.22890853882,
        "max": 20.4156150818,
        "mean": 7.36701917648,
        "median": 6.92000436783,
        "min": 3.2389497757,
        "var": 5.86679029465
    },
    "erbbands_flatness_db": {
        "dmean": 0.0106673762202,
        "dmean2": 0.0166484396905,
        "dvar": 8.82215463207e-05,
        "dvar2": 0.000197526213014,
        "max": 0.190315410495,
        "mean": 0.139144584537,
        "median": 0.138109922409,
        "min": 0.093122318387,
        "var": 0.000336910539772
    },
    "erbbands_kurtosis": {
        "dmean": 0.74416655302,
        "dmean2": 1.17579090595,
        "dvar": 0.559029102325,
        "dvar2": 1.42449688911,
        "max": 7.75281333923,
        "mean": 0.943953096867,
        "median": 0.620950222015,
        "min": -1.53369414806,
        "var": 2.06333351135
    },
    "erbbands_skewness": {
        "dmean": 0.23860386014,
        "dmean2": 0.369848191738,
        "dvar": 0.0434087850153,
        "dvar2": 0.107152655721,
        "max": 0.954039037228,
        "mean": -0.703804194927,
        "median": -0.770575046539,
        "min": -2.10161280632,
        "var": 0.272935688496
    },
    "erbbands_spread": {
        "dmean": 5.25720596313,
        "dmean2": 8.33235263824,
        "dvar": 23.390625,
        "dvar2": 60.318271637,
        "max": 72.9472122192,
        "mean": 31.047246933,
        "median": 30.1884307861,
        "min": 12.6992635727,
        "var": 76.44871521
    },
    "hfc": {
        "dmean": 7.5728263855,
        "dmean2": 11.1089639664,
        "dvar": 78.3601608276,
        "dvar2": 152.967147827,
        "max": 147.148590088,
        "mean": 42.9257507324,
        "median": 39.4364356995,
        "min": 11.8716640472,
        "var": 277.227172852
    },
    "melbands_crest": {
        "dmean": 2.47191333771,
        "dmean2": 4.08691930771,
        "dvar": 5.57581424713,
        "dvar2": 14.2209539413,
        "max": 24.4426937103,
        "mean": 10.6850833893,
        "median": 10.0959119797,
        "min": 3.45262408257,
        "var": 11.624417305
    },
    "melbands_flatness_db": {
        "dmean": 0.016811138019,
        "dmean2": 0.0266429334879,
        "dvar": 0.00036924239248,
        "dvar2": 0.000968148757238,
        "max": 0.261423617601,
        "mean": 0.120794355869,
        "median": 0.119160883129,
        "min": 0.0535755679011,
        "var": 0.000827218173072
    },
    "melbands_kurtosis": {
        "dmean": 2.0357260704,
        "dmean2": 3.43694448471,
        "dvar": 14.6420068741,
        "dvar2": 40.1928443909,
        "max": 47.0093574524,
        "mean": 2.17200708389,
        "median": 1.27914190292,
        "min": -1.27444672585,
        "var": 13.9267301559
    },
    "melbands_skewness": {
        "dmean": 0.444725871086,
        "dmean2": 0.719693779945,
        "dvar": 0.309435009956,
        "dvar2": 0.812943935394,
        "max": 6.55335664749,
        "mean": 1.57212054729,
        "median": 1.48894429207,
        "min": 0.108915127814,
        "var": 0.509613513947
    },
    "melbands_spread": {
        "dmean": 10.0995340347,
        "dmean2": 15.8317422867,
        "dvar": 99.1507873535,
        "dvar2": 260.120910645,
        "max": 144.995010376,
        "mean": 53.841091156,
        "median": 52.2291603088,
        "min": 8.49902439117,
        "var": 281.338806152
    },
    "pitch_salience": {
        "dmean": 0.0541898310184,
        "dmean2": 0.0878256708384,
        "dvar": 0.00259365839884,
        "dvar2": 0.00728526199237,
        "max": 0.80110257864,
        "mean": 0.60734641552,
        "median": 0.61153948307,
        "min": 0.31843778491,
        "var": 0.00618027243763
    },
    "silence_rate_20dB": {
        "dmean": 0,
        "dmean2": 0,
        "dvar": 0,
        "dvar2": 0,
        "max": 1,
        "mean": 1,
        "median": 1,
        "min": 1,
        "var": 0
    },
    "silence_rate_30dB": {
        "dmean": 0,
        "dmean2": 0,
        "dvar": 0,
        "dvar2": 0,
        "max": 1,
        "mean": 1,
        "median": 1,
        "min": 1,
        "var": 0
    },
    "silence_rate_60dB": {
        "dmean": 0,
        "dmean2": 0,
        "dvar": 0,
        "dvar2": 0,
        "max": 0,
        "mean": 0,
        "median": 0,
        "min": 0,
        "var": 0
    },
    "spectral_centroid": {
        "dmean": 169.165847778,
        "dmean2": 270.017822266,
        "dvar": 23769.0078125,
        "dvar2": 58674.2734375,
        "max": 3302.74560547,
        "mean": 2323.26000977,
        "median": 2339.25756836,
        "min": 1367.25427246,
        "var": 90314.75
    },
    "spectral_complexity": {
        "dmean": 3.99225997925,
        "dmean2": 6.29744386673,
        "dvar": 11.3900442123,
        "dvar2": 27.1446762085,
        "max": 59,
        "mean": 40.3967514038,
        "median": 40,
        "min": 18,
        "var": 33.1241226196
    },
    "spectral_decrease": {
        "dmean": 1.48626799756e-09,
        "dmean2": 2.39324426943e-09,
        "dvar": 4.35656134938e-18,
        "dvar2": 1.13861345143e-17,
        "max": -2.20125695449e-09,
        "mean": -7.06146474627e-09,
        "median": -6.72081368336e-09,
        "min": -2.04620516087e-08,
        "var": 5.21385960804e-18
    },
    "spectral_energy": {
        "dmean": 0.00596786057577,
        "dmean2": 0.00954736024141,
        "dvar": 6.40333528281e-05,
        "dvar2": 0.000164846613188,
        "max": 0.0815313905478,
        "mean": 0.0305450484157,
        "median": 0.0292557794601,
        "min": 0.0093848425895,
        "var": 7.95906671556e-05
    },
    "spectral_energyband_high": {
        "dmean": 0.000611777824815,
        "dmean2": 0.000891029485501,
        "dvar": 9.95958998828e-07,
        "dvar2": 1.7593110897e-06,
        "max": 0.0149064576253,
        "mean": 0.00206276914105,
        "median": 0.00139555183705,
        "min": 0.000365131709259,
        "var": 3.96918130718e-06
    },
    "spectral_energyband_low": {
        "dmean": 0.00425922963768,
        "dmean2": 0.00708276126534,
        "dvar": 6.41273582005e-05,
        "dvar2": 0.000172401312739,
        "max": 0.0639740526676,
        "mean": 0.00939111504704,
        "median": 0.00749821122736,
        "min": 0.000611993018538,
        "var": 6.20522987447e-05
    },
    "spectral_energyband_middle_high": {
        "dmean": 0.00228139944375,
        "dmean2": 0.00355012365617,
        "dvar": 3.9803371692e-06,
        "dvar2": 9.45248120843e-06,
        "max": 0.0282230339944,
        "mean": 0.0119041800499,
        "median": 0.0112132336944,
        "min": 0.00314505305141,
        "var": 1.74002216227e-05
    },
    "spectral_energyband_middle_low": {
        "dmean": 0.0026677059941,
        "dmean2": 0.00421141460538,
        "dvar": 9.36656670092e-06,
        "dvar2": 2.26518968702e-05,
        "max": 0.0357927940786,
        "mean": 0.00844361912459,
        "median": 0.0075706038624,
        "min": 0.000717524613719,
        "var": 1.91005783563e-05
    },
    "spectral_entropy": {
        "dmean": 0.066881634295,
        "dmean2": 0.10189140588,
        "dvar": 0.0038474665489,
        "dvar2": 0.00711340503767,
        "max": 8.55705928802,
        "mean": 7.90005540848,
        "median": 7.86682748795,
        "min": 7.60305547714,
        "var": 0.0245094448328
    },
    "spectral_flux": {
        "dmean": 0.0164735559374,
        "dmean2": 0.0257749073207,
        "dvar": 0.000367795611965,
        "dvar2": 0.000708125589881,
        "max": 0.216149166226,
        "mean": 0.0920818820596,
        "median": 0.0856851786375,
        "min": 0.0392906144261,
        "var": 0.000778948538937
    },
    "spectral_kurtosis": {
        "dmean": 0.894693851471,
        "dmean2": 1.48903167248,
        "dvar": 0.675639927387,
        "dvar2": 1.69966638088,
        "max": 18.2328052521,
        "mean": 4.49533939362,
        "median": 4.54192256927,
        "min": -0.33815407753,
        "var": 2.3166744709
    },
    "spectral_rms": {
        "dmean": 0.000507258344442,
        "dmean2": 0.000798390770797,
        "dvar": 3.63321731811e-07,
        "dvar2": 9.11567383355e-07,
        "max": 0.008918678388,
        "mean": 0.0054086833261,
        "median": 0.00534249236807,
        "min": 0.00302587915212,
        "var": 5.46237004073e-07
    },
    "spectral_rolloff": {
        "dmean": 403.930206299,
        "dmean2": 643.661254883,
        "dvar": 302527.65625,
        "dvar2": 623750.75,
        "max": 9022.41210938,
        "mean": 2946.86816406,
        "median": 2777.78320312,
        "min": 129.19921875,
        "var": 1185652.25
    },
    "spectral_skewness": {
        "dmean": 0.133340016007,
        "dmean2": 0.21420891583,
        "dvar": 0.0140022253618,
        "dvar2": 0.0347771532834,
        "max": 3.06141734123,
        "mean": 1.40510106087,
        "median": 1.42304098606,
        "min": 0.643164634705,
        "var": 0.0425808690488
    },
    "spectral_spread": {
        "dmean": 330690.25,
        "dmean2": 485878.78125,
        "dvar": 102452772864,
        "dvar2": 178249089024,
        "max": 9171321,
        "mean": 4028913.25,
        "median": 3883590.5,
        "min": 2486353,
        "var": 739685302272
    },
    "spectral_strongpeak": {
        "dmean": 0.631785392761,
        "dmean2": 1.10382556915,
        "dvar": 1.18400919437,
        "dvar2": 2.9558224678,
        "max": 8.29279136658,
        "mean": 0.874679088593,
        "median": 0.305326789618,
        "min": 0,
        "var": 1.48385739326
    },
    "zerocrossingrate": {
        "dmean": 0.00958724319935,
        "dmean2": 0.011244462803,
        "dvar": 8.50150099723e-05,
        "dvar2": 9.73446585704e-05,
        "max": 0.24755859375,
        "mean": 0.0968696400523,
        "median": 0.09228515625,
        "min": 0.0439453125,
        "var": 0.000769788050093
    },
    "barkbands": {
        "dmean": [0.000136123955599, 0.00302870362066, 0.00170195614919, 0.0011092943605, 0.00113093329128, 0.000486018077936, 0.00054014462512, 0.000604590633884, 0.000588210648857, 0.000481373019284, 0.000339455058565, 0.000429575331509, 0.000359240919352, 0.000360468809959, 0.000327840854879, 0.000749646977056, 0.000901056220755, 0.000689538544975, 0.000451454165159, 0.000245136383455, 0.000233180020587, 0.000123999037896, 0.000158948430908, 0.000107064799522, 8.44808164402e-05, 3.52541210304e-05, 7.2124699102e-08],
        "dmean2": [0.000208981407923, 0.00535978097469, 0.00289417151362, 0.00182534300257, 0.00181840662844, 0.000775320862886, 0.000814061495475, 0.000945885432884, 0.000897185294889, 0.000718981900718, 0.00052538793534, 0.000672305817716, 0.000583769811783, 0.000584926572628, 0.000539535307325, 0.00126813398674, 0.00150625698734, 0.00115461810492, 0.000748760765418, 0.000407807878219, 0.000385456136428, 0.000188260164578, 0.000239571541897, 0.000154945097165, 0.000122361001559, 5.27557131136e-05, 1.27544055317e-07],
        "dvar": [4.8484871229e-08, 4.71073035442e-05, 8.3471313701e-06, 2.42188343691e-06, 2.8067167932e-06, 5.3492067309e-07, 1.00844181361e-06, 3.08421590489e-06, 1.42940837122e-06, 8.8935041731e-07, 4.17948854192e-07, 6.26635767276e-07, 4.07607302577e-07, 1.82740208743e-07, 2.12502158092e-07, 5.44576209904e-07, 7.92329444721e-07, 3.91576861603e-07, 1.60328866627e-07, 8.442248145e-08, 9.38056388122e-08, 5.50924639242e-08, 1.25241086835e-07, 1.06675081213e-07, 2.52574174908e-08, 2.15518469737e-09, 2.35924086799e-14],
        "dvar2": [1.11324034435e-07, 0.000139322815812, 2.39175587922e-05, 6.41772749077e-06, 6.99434576745e-06, 1.26340660245e-06, 2.05880064641e-06, 7.48795764594e-06, 3.06600691147e-06, 1.79510357157e-06, 9.16603028145e-07, 1.53490077537e-06, 1.12800523766e-06, 4.50492393611e-07, 5.348856007e-07, 1.42623798638e-06, 2.08397341339e-06, 1.02830233573e-06, 4.4605860694e-07, 2.21088853891e-07, 2.25652527774e-07, 1.07832846652e-07, 2.62595989398e-07, 1.86399660151e-07, 4.47590302599e-08, 4.76579753439e-09, 6.16505612294e-14],
        "max": [0.00207828287967, 0.0527770109475, 0.0298115946352, 0.0152258165181, 0.0211224220693, 0.0144932651892, 0.0160739347339, 0.0260169338435, 0.0199305359274, 0.0154486894608, 0.0126449214295, 0.011044293642, 0.0113566331565, 0.00572698842734, 0.0053997435607, 0.00984133873135, 0.0113953724504, 0.00696223648265, 0.00557864410803, 0.0031994918827, 0.00306132086553, 0.00307958526537, 0.00707498937845, 0.0086768520996, 0.00306348362938, 0.000566579808947, 1.96889982362e-06],
        "mean": [0.000221004112973, 0.00526347802952, 0.00274568004534, 0.00192514923401, 0.00220984453335, 0.00103942560963, 0.00109815760516, 0.000936190073844, 0.0010577486828, 0.00100955262315, 0.000684528669808, 0.000960460398346, 0.000725472404156, 0.000757017638534, 0.000714823720045, 0.00164602824952, 0.00215861387551, 0.00183342583477, 0.00117594655603, 0.000620562059339, 0.000555563950911, 0.000290134863462, 0.000349847745383, 0.000285659043584, 0.000210598140256, 7.01208919054e-05, 5.69588536337e-08],
        "median": [0.000133757363074, 0.00382399652153, 0.0021252350416, 0.00142657221295, 0.0015811297344, 0.000697936862707, 0.000470034894533, 0.000306252593873, 0.000452910288004, 0.000373661809135, 0.000237904518144, 0.0002601784945, 0.00034628008143, 0.000570442469325, 0.000421594420914, 0.00141373416409, 0.00190824421588, 0.0016647860175, 0.00107810820919, 0.00053199287504, 0.000445065816166, 0.00015203077055, 0.000160274037626, 0.000137818264193, 0.000115779497719, 4.98134686495e-05, 7.52637152601e-09],
        "min": [1.61331911386e-07, 0.00021490684594, 3.75381132471e-05, 3.51093876816e-05, 5.59989020985e-05, 7.38372000342e-06, 1.41060236274e-05, 7.22257300367e-06, 1.52320117195e-05, 2.27694836212e-05, 1.73591979546e-05, 1.55367106345e-05, 3.84118684451e-05, 4.82196410303e-05, 4.69823462481e-05, 0.000167464910191, 0.00027007953031, 0.000245585513767, 0.000187634912436, 7.22836775822e-05, 9.44688144955e-05, 1.84486343642e-05, 1.43181405292e-05, 1.62813794304e-05, 8.76618742041e-06, 3.2390009892e-06, 6.81808515895e-12],
        "var": [7.89819125657e-08, 3.44047184626e-05, 7.25864083506e-06, 3.05298817693e-06, 4.74871967526e-06, 1.39348946959e-06, 3.08439121e-06, 4.37880908066e-06, 2.54344945461e-06, 3.46681304109e-06, 1.61178536473e-06, 2.4485098038e-06, 1.31847377816e-06, 4.18101393507e-07, 6.14711552771e-07, 1.02533454083e-06, 1.56581450028e-06, 8.10744040791e-07, 3.32419148208e-07, 1.30389125275e-07, 1.45499498672e-07, 1.37820464374e-07, 3.67443050209e-07, 3.97474195779e-07, 1.09229446821e-07, 4.87663864845e-09, 2.14585005987e-14]
    },
    "erbbands": {
        "dmean": [0.0731871798635, 0.7462028265, 1.77150690556, 2.96666455269, 2.96861791611, 4.4971113205, 5.01884937286, 4.13383769989, 5.76710176468, 11.9133825302, 11.0376005173, 12.1225242615, 14.9533424377, 15.1880741119, 13.6484794617, 13.7800455093, 15.8528213501, 17.3988857269, 13.8513097763, 23.6652317047, 46.0559425354, 46.1028785706, 33.9734077454, 29.622838974, 16.5158252716, 11.836192131, 12.7496585846, 5.92113733292, 4.31015586853, 4.68817043304, 4.95559215546, 2.98607707024, 1.69508361816, 0.879203557968, 0.722863614559, 0.286175101995, 0.0470874197781, 0.00342163443565, 7.24039855413e-05, 1.04479713627e-05],
        "dmean2": [0.125914022326, 1.3278888464, 2.98734903336, 4.87949323654, 4.94589424133, 7.25360298157, 8.02468395233, 6.56637525558, 9.0254278183, 17.2771167755, 17.0261116028, 18.6617527008, 21.7693920135, 22.8229560852, 21.3343696594, 21.7995433807, 25.5613689423, 28.4127979279, 22.4552326202, 39.4553527832, 78.2984771729, 76.4382324219, 56.3802604675, 49.0623779297, 27.3918266296, 19.6114654541, 21.3256664276, 9.55755805969, 6.50745248795, 7.0421538353, 7.29060125351, 4.50727748871, 2.46987009048, 1.25853252411, 1.0983247757, 0.437277048826, 0.0670935064554, 0.00509117683396, 0.000104185652162, 1.52762295329e-05],
        "dvar": [0.0224606692791, 2.97322702408, 11.6052122116, 19.106470108, 16.4729537964, 53.5124740601, 46.0621147156, 65.3267593384, 93.2513809204, 1044.7175293, 1389.68261719, 1027.44519043, 577.036071777, 809.873657227, 654.094909668, 631.737548828, 744.84576416, 386.164520264, 448.779083252, 933.469238281, 2074.78320312, 2748.65527344, 1039.28076172, 673.833129883, 285.822509766, 187.27507019, 242.281494141, 98.834815979, 66.5214080811, 68.968963623, 144.342666626, 80.6696777344, 18.8258323669, 5.2534737587, 1.34685993195, 0.17371866107, 0.00302064791322, 1.8817216187e-05, 8.08388556095e-09, 1.54343107739e-10],
        "dvar2": [0.0645733848214, 8.75741577148, 32.8739967346, 50.5767860413, 43.6263542175, 127.78653717, 115.804634094, 158.047897339, 210.005493164, 2396.61303711, 3286.84594727, 2270.60986328, 1132.53295898, 1620.69824219, 1430.39733887, 1586.4609375, 2016.26025391, 971.670043945, 1109.95043945, 2370.55957031, 5426.60791016, 7045.84667969, 2627.12866211, 1848.70300293, 753.86151123, 488.051116943, 635.502502441, 222.997924805, 135.275695801, 131.508514404, 325.36706543, 170.567733765, 31.2920131683, 8.79203605652, 2.77565550804, 0.394363850355, 0.00600783480331, 3.67022730643e-05, 1.49041756714e-08, 3.30182187147e-10],
        "max": [1.27789139748, 13.1275625229, 33.4659118652, 41.8270759583, 50.7901077271, 103.832641602, 87.635345459, 185.615219116, 194.659515381, 632.810119629, 713.352661133, 586.356872559, 340.810699463, 587.435058594, 400.017883301, 362.253662109, 531.281860352, 242.656433105, 382.086639404, 451.238861084, 557.626831055, 748.55871582, 431.523254395, 269.723724365, 177.091278076, 157.541137695, 145.955230713, 102.467987061, 100.330528259, 133.477996826, 274.417510986, 179.032714844, 118.917892456, 51.2195053101, 16.052986145, 5.40881967545, 0.662740528584, 0.0550309792161, 0.00116736500058, 0.000170524057467],
        "mean": [0.134538710117, 1.22426652908, 3.13694238663, 5.47691011429, 5.39323711395, 7.57868003845, 9.8826751709, 8.97722625732, 12.5361671448, 21.4939117432, 17.7489490509, 21.256816864, 31.0475158691, 34.8381576538, 32.2818107605, 31.9706230164, 35.5048446655, 37.8060112, 32.7980270386, 54.6418685913, 110.14225769, 119.408157349, 97.5884475708, 83.3886566162, 45.3829803467, 30.830581665, 29.3347949982, 14.0138187408, 10.2423553467, 10.7070474625, 10.1072769165, 7.01561737061, 4.30183362961, 2.30817484856, 1.47342932224, 0.546408653259, 0.0966642871499, 0.00605955161154, 0.000169226696016, 5.21083857166e-05],
        "median": [0.0943623408675, 0.878052592278, 2.37719273567, 4.11707258224, 4.05674505234, 5.1984500885, 6.02636384964, 5.31300020218, 6.32069444656, 9.25240516663, 7.12851572037, 10.1617040634, 15.4028367996, 15.2642946243, 11.0168905258, 11.3550348282, 17.5764312744, 29.4680080414, 23.4807701111, 37.3839225769, 97.0914077759, 104.721221924, 88.5839691162, 76.7250289917, 41.1748924255, 26.5310058594, 24.4639167786, 9.65193843842, 5.60911846161, 5.34408903122, 4.31112527847, 3.14088177681, 2.20966362953, 1.14332997799, 0.794690728188, 0.354544043541, 0.0706526041031, 0.00381283229217, 0.000120973920275, 4.6868557547e-05],
        "min": [0.0039724051021, 0.0544224232435, 0.222930252552, 0.215818181634, 0.154778197408, 0.276107251644, 0.302949517965, 0.230234980583, 0.231175258756, 0.305329322815, 0.331139862537, 0.899623095989, 1.0817347765, 0.78648430109, 1.22088730335, 1.2273273468, 2.93423247337, 4.99447727203, 4.19446516037, 7.43306303024, 13.6358108521, 16.4864959717, 16.5022392273, 16.087146759, 4.74243307114, 3.50904917717, 5.03551626205, 2.02929711342, 0.80922973156, 0.559610664845, 0.400081664324, 0.203061208129, 0.268703192472, 0.093858294189, 0.0660039335489, 0.0265651177615, 0.00246820645407, 0.000110821558337, 2.07219254662e-05, 1.42711314766e-05],
        "var": [0.0202499385923, 2.09378957748, 10.0875005722, 23.0384712219, 22.2444019318, 83.8472518921, 108.474235535, 151.108428955, 361.121582031, 1711.1583252, 1873.66564941, 1428.30664062, 1723.6887207, 3350.49414062, 2559.24975586, 2111.25683594, 2908.73095703, 835.897216797, 1079.85351562, 2700.30664062, 3731.84619141, 5101.90722656, 2199.24731445, 1413.30432129, 513.619018555, 299.338989258, 317.343231201, 178.452026367, 161.14163208, 208.67666626, 377.689880371, 265.398712158, 75.5824050903, 22.9976806641, 3.70741200447, 0.368777781725, 0.00816193781793, 4.19210409746e-05, 2.22738876232e-08, 4.02211763895e-10]
    },
    "gfcc": {
        "mean": [68.1759872437, 63.4890441895, -130.147842407, 53.4615592957, -46.7854042053, 18.6374473572, -44.3640708923, 25.7955856323, -28.0585098267, 3.30458331108, -19.9245967865, 4.76075124741, -12.1137361526],
        "cov": [[285.460327148, -163.264633179, 78.623085022, -10.6374149323, -72.6283874512, 18.4610004425, -39.8738670349, -39.2846679688, -20.9530849457, -7.71284675598, -44.3365020752, 15.4811534882, -27.6774597168], [-163.264633179, 310.58203125, -111.88142395, -88.451789856, 48.5523490906, -21.1131687164, 89.623298645, 24.9651794434, -17.1119213104, -4.09649181366, 41.4127845764, -17.8602333069, 26.4651031494], [78.623085022, -111.88142395, 162.821640015, 77.8672637939, -23.5469093323, 8.7528591156, -58.9621124268, -3.70766758919, 17.9180641174, 6.38758707047, -13.2409086227, 13.8131771088, -9.22617340088], [-10.6374149323, -88.451789856, 77.8672637939, 158.316558838, 8.59501266479, -24.301858902, -63.7532844543, -16.0200824738, 43.4497146606, 8.99209403992, -5.87574148178, -6.81875324249, 4.81760787964], [-72.6283874512, 48.5523490906, -23.5469093323, 8.59501266479, 111.927825928, 16.7194461823, 42.3089523315, 7.3230547905, -21.856180191, 1.75309371948, 0.352560132742, -4.10584878922, -4.65189599991], [18.4610004425, -21.1131687164, 8.7528591156, -24.301858902, 16.7194461823, 117.778541565, 43.002166748, -9.8257226944, -45.6595039368, -30.658000946, 12.5557022095, 13.2540044785, 10.7456884384], [-39.8738670349, 89.623298645, -58.9621124268, -63.7532844543, 42.3089523315, 43.002166748, 115.431137085, 28.1107406616, -37.0546455383, -18.4612102509, 3.71624088287, 2.33564424515, -2.64305782318], [-39.2846679688, 24.9651794434, -3.70766758919, -16.0200824738, 7.3230547905, -9.8257226944, 28.1107406616, 64.1978759766, 31.1323623657, 9.16773319244, -2.77146935463, -14.2665605545, -4.04296827316], [-20.9530849457, -17.1119213104, 17.9180641174, 43.4497146606, -21.856180191, -45.6595039368, -37.0546455383, 31.1323623657, 92.1719207764, 41.2487831116, -0.258978068829, -17.7685947418, -4.92921543121], [-7.71284675598, -4.09649181366, 6.38758707047, 8.99209403992, 1.75309371948, -30.658000946, -18.4612102509, 9.16773319244, 41.2487831116, 51.9758987427, 12.9897327423, -2.38117623329, -8.88020515442], [-44.3365020752, 41.4127845764, -13.2409086227, -5.87574148178, 0.352560132742, 12.5557022095, 3.71624088287, -2.77146935463, -0.258978068829, 12.9897327423, 57.7105636597, 23.1287212372, 14.3339090347], [15.4811534882, -17.8602333069, 13.8131771088, -6.81875324249, -4.10584878922, 13.2540044785, 2.33564424515, -14.2665605545, -17.7685947418, -2.38117623329, 23.1287212372, 52.3834342957, 17.5833396912], [-27.6774597168, 26.4651031494, -9.22617340088, 4.81760787964, -4.65189599991, 10.7456884384, -2.64305782318, -4.04296827316, -4.92921543121, -8.88020515442, 14.3339090347, 17.5833396912, 48.4534301758]],
        "icov": [[0.00869721639901, 0.00307959457859, -0.00311874458566, 0.00329221482389, 0.0040586409159, -0.000101203280792, -0.00206836429425, 0.00521574355662, 0.000781133712735, -0.00211130734533, 0.00492628151551, -0.000987221952528, 0.0016926737735], [0.00307959457859, 0.0124505413696, -0.00428212946281, 0.00882436987013, -0.00382779841311, 0.00967897754163, -0.0108174011111, 0.00876136589795, -0.00474962545559, 0.00659914687276, -0.0119205666706, 0.0128831388429, -0.00952962134033], [-0.00311874458566, -0.00428212946281, 0.0160632748157, -0.0108635975048, 0.00336786382832, -0.00849234778434, 0.0106769548729, -0.0124892964959, 0.00668077496812, -0.00656232051551, 0.00812761113048, -0.0119038745761, 0.00783560425043], [0.00329221482389, 0.00882436987013, -0.0108635975048, 0.0215050559491, -0.00863911304623, 0.0093698957935, -0.0062825717032, 0.0155240884051, -0.0146679785103, 0.0128528624773, -0.0105769699439, 0.0127005297691, -0.00971737317741], [0.0040586409159, -0.00382779841311, 0.00336786382832, -0.00863911304623, 0.0184516552836, -0.00625952146947, -0.000293814606266, -0.00522487610579, 0.0115641802549, -0.0131655037403, 0.0107793947682, -0.00653543323278, 0.00656340736896], [-0.000101203280792, 0.00967897754163, -0.00849234778434, 0.0093698957935, -0.00625952146947, 0.0230812430382, -0.0150208007544, 0.0109720295295, -0.00463257078081, 0.0134861310944, -0.0176138207316, 0.0148619608954, -0.0116989789531], [-0.00206836429425, -0.0108174011111, 0.0106769548729, -0.0062825717032, -0.000293814606266, -0.0150208007544, 0.0320024900138, -0.0211205855012, 0.0108910137787, -0.00557343428954, 0.0129695627838, -0.0167621076107, 0.0130035746843], [0.00521574355662, 0.00876136589795, -0.0124892964959, 0.0155240884051, -0.00522487610579, 0.0109720295295, -0.0211205855012, 0.0422576218843, -0.023553263396, 0.012163833715, -0.00940491724759, 0.0159121602774, -0.00944773200899], [0.000781133712735, -0.00474962545559, 0.00668077496812, -0.0146679785103, 0.0115641802549, -0.00463257078081, 0.0108910137787, -0.023553263396, 0.0405374206603, -0.0278334766626, 0.010082132183, -0.00361491623335, 0.00388939073309], [-0.00211130734533, 0.00659914687276, -0.00656232051551, 0.0128528624773, -0.0131655037403, 0.0134861310944, -0.00557343428954, 0.012163833715, -0.0278334766626, 0.0504839494824, -0.0232848748565, 0.00878442730755, -0.000760498805903], [0.00492628151551, -0.0119205666706, 0.00812761113048, -0.0105769699439, 0.0107793947682, -0.0176138207316, 0.0129695627838, -0.00940491724759, 0.010082132183, -0.0232848748565, 0.0472542829812, -0.0287360772491, 0.00999519228935], [-0.000987221952528, 0.0128831388429, -0.0119038745761, 0.0127005297691, -0.00653543323278, 0.0148619608954, -0.0167621076107, 0.0159121602774, -0.00361491623335, 0.00878442730755, -0.0287360772491, 0.0488272346556, -0.0226159933954], [0.0016926737735, -0.00952962134033, 0.00783560425043, -0.00971737317741, 0.00656340736896, -0.0116989789531, 0.0130035746843, -0.00944773200899, 0.00388939073309, -0.000760498805903, 0.00999519228935, -0.0226159933954, 0.0379207283258]]
    },
    "melbands": {
        "dmean": [0.000745620927773, 0.000899072387256, 0.000484691816382, 0.000254645012319, 0.000182070056326, 8.94439654076e-05, 9.31123940973e-05, 0.000135436406708, 8.25678507681e-05, 8.23884693091e-05, 7.74156869738e-05, 6.57651107758e-05, 4.98408662679e-05, 4.48993232567e-05, 3.44127001881e-05, 4.04167185479e-05, 3.35778568115e-05, 2.54170554399e-05, 2.89986855933e-05, 3.77251126338e-05, 6.50799338473e-05, 5.42635352758e-05, 4.57724527223e-05, 3.4558968764e-05, 2.70166146947e-05, 1.59461305884e-05, 1.0174554518e-05, 8.20030072646e-06, 8.74815577845e-06, 6.57571126794e-06, 3.15072770718e-06, 2.57331862485e-06, 2.93510561278e-06, 2.90087177746e-06, 2.92389631795e-06, 2.62285607278e-06, 1.88042656646e-06, 1.31880221943e-06, 1.09044219698e-06, 7.29058967863e-07],
        "dmean2": [0.00130202865694, 0.00151384971105, 0.000799100962467, 0.000417285424192, 0.000288995128358, 0.000141239142977, 0.000143783530802, 0.000198328780243, 0.000128379353555, 0.000126758954138, 0.000112761852506, 9.93120120256e-05, 7.65757868066e-05, 7.03288606019e-05, 5.48403113498e-05, 6.59921133774e-05, 5.48158313904e-05, 4.13921552536e-05, 4.82342984469e-05, 6.2916893512e-05, 0.000111373679829, 9.03270556591e-05, 7.69428443164e-05, 5.66697235627e-05, 4.49351136922e-05, 2.65341404884e-05, 1.70026523847e-05, 1.36415901579e-05, 1.47546943481e-05, 1.10657401819e-05, 5.12182805323e-06, 3.97481062464e-06, 4.52502536064e-06, 4.48738092018e-06, 4.41199472334e-06, 3.99242708227e-06, 2.92065283247e-06, 2.01627017304e-06, 1.59038268066e-06, 1.09158111172e-06],
        "dvar": [2.71702333521e-06, 3.3012483982e-06, 4.87116778913e-07, 1.68602255712e-07, 5.73904799239e-08, 2.62562664943e-08, 2.38651889362e-08, 1.25572029219e-07, 7.77871704827e-08, 3.80432076952e-08, 1.54196566626e-08, 1.62516435864e-08, 9.13466902119e-09, 8.26895352191e-09, 5.38759747926e-09, 6.4889791318e-09, 1.33926469914e-09, 1.80068526756e-09, 1.87158399889e-09, 1.84412707327e-09, 4.25475921162e-09, 3.74096487121e-09, 2.39506592337e-09, 1.0125917882e-09, 5.59965240843e-10, 2.278675304e-10, 1.32328967228e-10, 1.00300781569e-10, 1.21772897321e-10, 6.7361546896e-11, 3.39735600763e-11, 2.15417787774e-11, 2.91739861435e-11, 2.42274204171e-11, 5.27035012854e-11, 4.98567159779e-11, 3.37132717576e-11, 1.26058078906e-11, 7.74847980917e-12, 3.71134113025e-12],
        "dvar2": [8.01892292657e-06, 9.19715694181e-06, 1.29684951844e-06, 4.14899830048e-07, 1.44965412119e-07, 6.25178628866e-08, 5.24815320091e-08, 2.98726007486e-07, 1.84581523399e-07, 8.43577083742e-08, 3.06878789047e-08, 3.25706395188e-08, 1.94334024428e-08, 2.04017869265e-08, 1.33752484643e-08, 1.82516277647e-08, 3.3570313196e-09, 4.45523884451e-09, 4.73493733111e-09, 4.77436623569e-09, 1.11749089982e-08, 9.70215108254e-09, 6.14306960856e-09, 2.80800538377e-09, 1.56553769948e-09, 6.34368724217e-10, 3.4216038336e-10, 2.70773597988e-10, 3.26002197459e-10, 1.65207764136e-10, 7.79528178119e-11, 4.69477477727e-11, 5.92383433973e-11, 5.11558365113e-11, 1.21467419456e-10, 1.09497445833e-10, 7.59788967852e-11, 2.3191526824e-11, 1.64622065979e-11, 6.62568654455e-12],
        "max": [0.0133367720991, 0.014994953759, 0.00670070992783, 0.00559264188632, 0.00300022074953, 0.00358301028609, 0.00305954669602, 0.00695620104671, 0.00552048999816, 0.00321891438216, 0.00167365733068, 0.00258615845814, 0.00189907196909, 0.00151461106725, 0.00121437199414, 0.00152282067575, 0.000400055607315, 0.000762325362302, 0.000550216413103, 0.000960698293056, 0.000779967755079, 0.000853562669363, 0.00063440395752, 0.000366779044271, 0.000244391761953, 0.000162575612194, 0.000120276483358, 0.000129784981254, 0.000113449023047, 8.04106821306e-05, 5.95809033257e-05, 5.30366742169e-05, 7.54705179133e-05, 7.49184255255e-05, 0.000178245361894, 0.000144682897371, 0.000115764567454, 0.000102622449049, 5.96923964622e-05, 4.09604726883e-05],
        "mean": [0.00134231499396, 0.00169870583341, 0.000940021884162, 0.000449303770438, 0.000362302380381, 0.000193839878193, 0.000203190094908, 0.000240385852521, 0.00012879697897, 0.000145123485709, 0.000157851391123, 0.000144586709212, 0.000108960761281, 0.000103695623693, 7.13734334568e-05, 8.24813178042e-05, 6.87780411681e-05, 5.20368594152e-05, 6.01170868322e-05, 8.1188234617e-05, 0.000142545235576, 0.000125205056975, 0.000103901686089, 8.40546927066e-05, 6.7008237238e-05, 3.86353167414e-05, 2.43923368544e-05, 1.8732927856e-05, 1.86157358257e-05, 1.39800922625e-05, 6.24720678388e-06, 5.58927786187e-06, 5.86198211749e-06, 5.98027827436e-06, 5.66465041629e-06, 5.26267785972e-06, 3.97208305003e-06, 3.04407035401e-06, 2.53009488915e-06, 1.69579880094e-06],
        "median": [0.00101094064303, 0.00130567885935, 0.000782194198109, 0.000319033570122, 0.000230895064306, 0.000117471317935, 9.94895817712e-05, 0.000102185811556, 4.98651679663e-05, 6.39494028292e-05, 7.4834584666e-05, 6.00937419222e-05, 3.77413634851e-05, 2.59817625192e-05, 3.13141135848e-05, 4.02708610636e-05, 5.3342711908e-05, 3.3873700886e-05, 3.4073513234e-05, 6.41755395918e-05, 0.000125277423649, 0.000106953128125, 8.97898571566e-05, 7.55702421884e-05, 6.1006147007e-05, 3.39626167261e-05, 2.09806094063e-05, 1.58013572218e-05, 1.54780518642e-05, 1.11347271741e-05, 3.65353957932e-06, 3.08067228616e-06, 2.85728970084e-06, 2.9916893709e-06, 2.36117762142e-06, 2.19714615923e-06, 1.77593858552e-06, 1.57129011313e-06, 1.2170556829e-06, 8.41966482312e-07],
        "min": [6.41202568659e-05, 0.000133633817313, 5.244355998e-05, 3.38066020049e-05, 7.82309052738e-06, 3.07778395836e-06, 3.5868310988e-06, 3.72533099835e-06, 3.05545017909e-06, 2.72270403912e-06, 4.26910946771e-06, 2.68093185696e-06, 2.12510076381e-06, 1.73587147856e-06, 3.16377372656e-06, 3.34556330017e-06, 8.12137386674e-06, 4.12916779169e-06, 4.76922468806e-06, 1.14534868771e-05, 1.72921772901e-05, 1.30099751914e-05, 1.34754118335e-05, 1.07801588456e-05, 1.15178072519e-05, 3.37033679898e-06, 1.80986512532e-06, 1.96986502488e-06, 2.15927389036e-06, 1.96056248569e-06, 4.68523865038e-07, 3.91620829987e-07, 3.50500499735e-07, 2.1461782751e-07, 2.16319079982e-07, 1.54842894062e-07, 9.47447702515e-08, 1.9859643885e-07, 9.44986098261e-08, 5.5850566838e-08],
