{
"highlevel": {
    "danceability": {
        "all": {
            "danceable": 1.05502824255e-08,
            "not_danceable": 1
        },
        "probability": 1,
        "value": "not_danceable"
    },
    "gender": {
        "all": {
            "female": 0.478124827147,
            "male": 0.521875143051
        },
        "probability": 0.521875143051,
        "value": "male"
    },
    "genre_dortmund": {
        "all": {
            "alternative": 0.342915207148,
            "blues": 0.0101289143786,
            "electronic": 0.0137795656919,
            "folkcountry": 0.047508943826,
            "funksoulrnb": 0.0039154579863,
            "jazz": 0.00319911073893,
            "pop": 0.0665963590145,
            "raphiphop": 0.000250074430369,
            "rock": 0.511706352234
        },
        "probability": 0.511706352234,
        "value": "rock"
    },
    "genre_electronic": {
        "all": {
            "ambient": 0.66693341732,
            "dnb": 0.10924962908,
            "house": 0.0138913840055,
            "techno": 0.00908603519201,
            "trance": 0.200839549303
        },
        "probability": 0.66693341732,
        "value": "ambient"
    },
    "genre_rosamerica": {
        "all": {
            "cla": 0.00560886831954,
            "dan": 0.00093824241776,
            "hip": 0.000235521860304,
            "jaz": 0.000111783214379,
            "pop": 0.00162625615485,
            "rhy": 0.000598340702709,
            "roc": 0.990817129612,
            "spe": 6.38300116407e-05
        },
        "probability": 0.990817129612,
        "value": "roc"
    },
    "genre_tzanetakis": {
        "all": {
            "blu": 0.0626613423228,
            "cla": 0.0348169617355,
            "cou": 0.104475811124,
            "dis": 0.0784321576357,
            "hip": 0.15692435205,
            "jaz": 0.313974827528,
            "met": 0.0448166541755,
            "pop": 0.0627359300852,
            "reg": 0.0627360641956,
            "roc": 0.0784258767962
        },
        "probability": 0.313974827528,
        "value": "jaz"
    },
    "ismir04_rhythm": {
        "all": {
            "ChaChaCha": 0.0419871844351,
            "Jive": 0.0697988122702,
            "Quickstep": 0.0121519118547,
            "Rumba-American": 0.00487656425685,
            "Rumba-International": 0.00878103356808,
            "Rumba-Misc": 0.0051301419735,
            "Samba": 0.0138722360134,
            "Tango": 0.0199806895107,
            "VienneseWaltz": 0.783475637436,
            "Waltz": 0.0399457737803
        },
        "probability": 0.783475637436,
        "value": "VienneseWaltz"
    },
    "mood_acoustic": {
        "all": {
            "acoustic": 3.19633022627e-06,
            "not_acoustic": 0.999996781349
        },
        "probability": 0.999996781349,
        "value": "not_acoustic"
    },
    "mood_aggressive": {
        "all": {
            "aggressive": 0.98470634222,
            "not_aggressive": 0.0152936279774
        },
        "probability": 0.98470634222,
        "value": "aggressive"
    },
    "mood_electronic": {
        "all": {
            "electronic": 0.5,
            "not_electronic": 0.5
        },
        "probability": 0.5,
        "value": "electronic"
    },
    "mood_happy": {
        "all": {
            "happy": 0.667006552219,
            "not_happy": 0.332993447781
        },
        "probability": 0.667006552219,
        "value": "happy"
    },
    "mood_party": {
        "all": {
            "not_party": 0.868906497955,
            "party": 0.131093516946
        },
        "probability": 0.868906497955,
        "value": "not_party"
    },
    "mood_relaxed": {
        "all": {
            "not_relaxed": 0.356841921806,
            "relaxed": 0.643158078194
        },
        "probability": 0.643158078194,
        "value": "relaxed"
    },
    "mood_sad": {
        "all": {
            "not_sad": 0.760990202427,
            "sad": 0.239009797573
        },
        "probability": 0.760990202427,
        "value": "not_sad"
    },
    "moods_mirex": {
        "all": {
            "Cluster1": 0.330854088068,
            "Cluster2": 0.149952799082,
            "Cluster3": 0.25919058919,
            "Cluster4": 0.0250031109899,
            "Cluster5": 0.234999403358
        },
        "probability": 0.330854088068,
        "value": "Cluster1"
    },
    "timbre": {
        "all": {
            "bright": 0.95177847147,
            "dark": 0.0482215322554
        },
        "probability": 0.95177847147,
        "value": "bright"
    },
    "tonal_atonal": {
        "all": {
            "atonal": 0.000821958121378,
            "tonal": 0.999178051949
        },
        "probability": 0.999178051949,
        "value": "tonal"
    },
    "voice_instrumental": {
        "all": {
            "instrumental": 0.0011791898869,
            "voice": 0.998820781708
        },
        "probability": 0.998820781708,
        "value": "voice"
    }
},
"lowlevel": {
    "average_loudness": 0.986032009125,
    "barkbands_crest": {
        "dmean": 2.70589900017,
        "dmean2": 4.56393432617,
        "dvar": 5.81960725784,
        "dvar2": 15.4823436737,
        "max": 20.7840557098,
        "mean": 8.95108795166,
        "median": 8.52029418945,
        "min": 3.27931904793,
        "var": 8.95726966858
    },
    "barkbands_flatness_db": {
        "dmean": 0.0158809218556,
        "dmean2": 0.0263667330146,
        "dvar": 0.000200880152988,
        "dvar2": 0.000551962817553,
        "max": 0.207475140691,
        "mean": 0.130895197392,
        "median": 0.130386888981,
        "min": 0.0633501932025,
        "var": 0.000413143308833
    },
    "barkbands_kurtosis": {
        "dmean": 1.31560063362,
        "dmean2": 2.2010114193,
        "dvar": 2.69347238541,
        "dvar2": 7.40739583969,
        "max": 15.9616928101,
        "mean": 1.50078821182,
        "median": 1.10261631012,
        "min": -1.09788513184,
        "var": 3.18054127693
    },
    "barkbands_skewness": {
        "dmean": 0.353966623545,
        "dmean2": 0.578318893909,
        "dvar": 0.127554833889,
        "dvar2": 0.346160024405,
        "max": 3.84446454048,
        "mean": 1.36130797863,
        "median": 1.32164418697,
        "min": 0.115889877081,
        "var": 0.213817417622
    },
    "barkbands_spread": {
        "dmean": 3.8304028511,
        "dmean2": 6.25613832474,
        "dvar": 8.87890720367,
        "dvar2": 23.828245163,
        "max": 42.7917366028,
        "mean": 22.9668178558,
        "median": 22.6078262329,
        "min": 9.04040145874,
        "var": 26.5633239746
    },
    "dissonance": {
        "dmean": 0.0129083273932,
        "dmean2": 0.0222493615001,
        "dvar": 0.000107055238914,
        "dvar2": 0.000309343944537,
        "max": 0.499933242798,
        "mean": 0.475242674351,
        "median": 0.477386921644,
        "min": 0.420788168907,
        "var": 0.000185163880815
    },
    "dynamic_complexity": 0.661648750305,
    "erbbands_crest": {
        "dmean": 1.64056265354,
        "dmean2": 2.70430707932,
        "dvar": 2.1251912117,
        "dvar2": 5.30368232727,
        "max": 16.0453224182,
        "mean": 6.18685388565,
        "median": 5.68868875504,
        "min": 2.94591474533,
        "var": 4.68372917175
    },
    "erbbands_flatness_db": {
        "dmean": 0.0108996434137,
        "dmean2": 0.016300264746,
        "dvar": 9.21198225114e-05,
        "dvar2": 0.000205395670491,
        "max": 0.215352147818,
        "mean": 0.150791183114,
        "median": 0.150803104043,
        "min": 0.0909598022699,
        "var": 0.000330811337335
    },
    "erbbands_kurtosis": {
        "dmean": 0.296605825424,
        "dmean2": 0.49735224247,
        "dvar": 0.0616256967187,
        "dvar2": 0.160754948854,
        "max": 1.44430446625,
        "mean": -0.654532253742,
        "median": -0.731979131699,
        "min": -1.48309540749,
        "var": 0.181142300367
    },
    "erbbands_skewness": {
        "dmean": 0.226633861661,
        "dmean2": 0.366453230381,
        "dvar": 0.0313884206116,
        "dvar2": 0.083974480629,
        "max": 1.11052715778,
        "mean": 0.104859754443,
        "median": 0.0989949256182,
        "min": -1.1127024889,
        "var": 0.0998552367091
    },
    "erbbands_spread": {
        "dmean": 4.55004405975,
        "dmean2": 7.21247386932,
        "dvar": 12.419919014,
        "dvar2": 30.7533245087,
        "max": 78.4425811768,
        "mean": 38.8903045654,
        "median": 39.0138969421,
        "min": 18.9284362793,
        "var": 56.5492019653
    },
    "hfc": {
        "dmean": 4.0453414917,
        "dmean2": 6.37081289291,
        "dvar": 11.9479112625,
        "dvar2": 28.0391178131,
        "max": 55.2478981018,
        "mean": 31.181022644,
        "median": 29.9162654877,
        "min": 16.8139019012,
        "var": 49.3074874878
    },
    "melbands_crest": {
        "dmean": 3.38241028786,
        "dmean2": 5.58085870743,
        "dvar": 9.03713226318,
        "dvar2": 23.5491809845,
        "max": 26.4352226257,
        "mean": 12.143778801,
        "median": 11.5597381592,
        "min": 5.14095640182,
        "var": 13.9812116623
    },
    "melbands_flatness_db": {
        "dmean": 0.0207206923515,
        "dmean2": 0.0336793139577,
        "dvar": 0.000394821108785,
        "dvar2": 0.00103448342998,
        "max": 0.277308940887,
        "mean": 0.182092666626,
        "median": 0.180849283934,
        "min": 0.0988164395094,
        "var": 0.000758867943659
    },
    "melbands_kurtosis": {
        "dmean": 3.67733001709,
        "dmean2": 6.2229475975,
        "dvar": 24.828868866,
        "dvar2": 68.0388870239,
        "max": 52.6246376038,
        "mean": 7.76361513138,
        "median": 6.74598026276,
        "min": 0.16125869751,
        "var": 27.2375411987
    },
    "melbands_skewness": {
        "dmean": 0.532161653042,
        "dmean2": 0.880189239979,
        "dvar": 0.326585531235,
        "dvar2": 0.873117804527,
        "max": 6.40541887283,
        "mean": 2.40145373344,
        "median": 2.33863210678,
        "min": 0.607280373573,
        "var": 0.510560572147
    },
    "melbands_spread": {
        "dmean": 4.70025730133,
        "dmean2": 7.6866979599,
        "dvar": 15.9348154068,
        "dvar2": 43.7620429993,
        "max": 41.8719177246,
        "mean": 21.4602279663,
        "median": 21.2004470825,
        "min": 5.3151268959,
        "var": 35.3005828857
    },
    "pitch_salience": {
        "dmean": 0.0791405066848,
        "dmean2": 0.132961064577,
        "dvar": 0.0052350377664,
        "dvar2": 0.0141754429787,
        "max": 0.773907542229,
        "mean": 0.553261995316,
        "median": 0.556955814362,
        "min": 0.237919479609,
        "var": 0.00753065850586
    },
    "silence_rate_20dB": {
        "dmean": 0,
        "dmean2": 0,
        "dvar": 0,
        "dvar2": 0,
        "max": 1,
        "mean": 1,
        "median": 1,
        "min": 1,
        "var": 0
    },
    "silence_rate_30dB": {
        "dmean": 0,
        "dmean2": 0,
        "dvar": 0,
        "dvar2": 0,
        "max": 1,
        "mean": 1,
        "median": 1,
        "min": 1,
        "var": 0
    },
    "silence_rate_60dB": {
        "dmean": 0,
        "dmean2": 0,
        "dvar": 0,
        "dvar2": 0,
        "max": 0,
        "mean": 0,
        "median": 0,
        "min": 0,
        "var": 0
    },
    "spectral_centroid": {
        "dmean": 189.40826416,
        "dmean2": 316.216125488,
        "dvar": 20076.0371094,
        "dvar2": 54657.8359375,
        "max": 2215.36743164,
        "mean": 1377.90734863,
        "median": 1363.03601074,
        "min": 753.694396973,
        "var": 61121.8984375
    },
    "spectral_complexity": {
        "dmean": 3.3188855648,
        "dmean2": 5.5739736557,
        "dvar": 7.38900613785,
        "dvar2": 18.2243404388,
        "max": 50,
        "mean": 32.2134552002,
        "median": 32,
        "min": 14,
        "var": 18.5004386902
    },
    "spectral_decrease": {
        "dmean": 3.13389358908e-09,
        "dmean2": 5.2404680595e-09,
        "dvar": 1.00579330863e-17,
        "dvar2": 2.59787569183e-17,
        "max": -4.31463398343e-09,
        "mean": -1.33852271489e-08,
        "median": -1.31026824945e-08,
        "min": -3.09624752504e-08,
        "var": 1.40930665253e-17
    },
    "spectral_energy": {
        "dmean": 0.0119600417092,
        "dmean2": 0.019986635074,
        "dvar": 0.000143801793456,
        "dvar2": 0.000371128495317,
        "max": 0.119519524276,
        "mean": 0.0533471331,
        "median": 0.0524533763528,
        "min": 0.0181015003473,
        "var": 0.000205911579542
    },
    "spectral_energyband_high": {
        "dmean": 0.000179305352503,
        "dmean2": 0.000270543445367,
        "dvar": 5.39442694958e-08,
        "dvar2": 9.67673727814e-08,
        "max": 0.00453562289476,
        "mean": 0.000743360666092,
        "median": 0.000616148288827,
        "min": 0.00022563218954,
        "var": 2.3390215631e-07
    },
    "spectral_energyband_low": {
        "dmean": 0.0119324158877,
        "dmean2": 0.019989810884,
        "dvar": 0.000208049212233,
        "dvar2": 0.000543677189853,
        "max": 0.101504184306,
        "mean": 0.0227504894137,
        "median": 0.0202665366232,
        "min": 0.000805083371233,
        "var": 0.000213352381252
    },
    "spectral_energyband_middle_high": {
        "dmean": 0.00187659065705,
        "dmean2": 0.0028935521841,
        "dvar": 3.23470703734e-06,
        "dvar2": 7.89073419583e-06,
        "max": 0.0303594172001,
        "mean": 0.00941001437604,
        "median": 0.00863208342344,
        "min": 0.00295160943642,
        "var": 1.23666040963e-05
    },
    "spectral_energyband_middle_low": {
        "dmean": 0.00617869477719,
        "dmean2": 0.0104309171438,
        "dvar": 2.65793205472e-05,
        "dvar2": 7.50465915189e-05,
        "max": 0.0568562597036,
        "mean": 0.0220497082919,
        "median": 0.0211862046272,
        "min": 0.00544712878764,
        "var": 6.50230504107e-05
    },
    "spectral_entropy": {
        "dmean": 0.0767360180616,
        "dmean2": 0.123783409595,
        "dvar": 0.00386434583925,
        "dvar2": 0.00928260665387,
        "max": 8.20042896271,
        "mean": 7.66434574127,
        "median": 7.65863847733,
        "min": 7.27554941177,
        "var": 0.0172057729214
    },
    "spectral_flux": {
        "dmean": 0.0270321089774,
        "dmean2": 0.0410477072001,
        "dvar": 0.000708455394488,
        "dvar2": 0.00150512729306,
        "max": 0.278818577528,
        "mean": 0.114247508347,
        "median": 0.105182982981,
        "min": 0.0507535114884,
        "var": 0.00148498965427
    },
    "spectral_kurtosis": {
        "dmean": 1.22755384445,
        "dmean2": 2.20504117012,
        "dvar": 1.19070780277,
        "dvar2": 3.54952454567,
        "max": 16.6454811096,
        "mean": 3.77748274803,
        "median": 3.63803863525,
        "min": 0.59544467926,
        "var": 1.72218537331
    },
    "spectral_rms": {
        "dmean": 0.000800751324277,
        "dmean2": 0.00132494745776,
        "dvar": 5.69624035052e-07,
        "dvar2": 1.45481021718e-06,
        "max": 0.0107983527705,
        "mean": 0.00715038878843,
        "median": 0.00715360231698,
        "min": 0.00420238031074,
        "var": 9.17885586205e-07
    },
    "spectral_rolloff": {
        "dmean": 338.997680664,
        "dmean2": 578.59375,
        "dvar": 114635.328125,
        "dvar2": 289477.21875,
        "max": 2476.31835938,
        "mean": 1095.73999023,
        "median": 990.52734375,
        "min": 129.19921875,
        "var": 195254.078125
    },
    "spectral_skewness": {
        "dmean": 0.156865388155,
        "dmean2": 0.270670503378,
        "dvar": 0.0182721465826,
        "dvar2": 0.0514278747141,
        "max": 2.98098826408,
        "mean": 1.36009860039,
        "median": 1.36200654507,
        "min": 0.801274716854,
        "var": 0.0389838926494
    },
    "spectral_spread": {
        "dmean": 238983.625,
        "dmean2": 377701.21875,
        "dvar": 52734783488,
        "dvar2": 105787056128,
        "max": 7049026.5,
        "mean": 3743401.75,
        "median": 3687610,
        "min": 2667416.5,
        "var": 279978246144
    },
    "spectral_strongpeak": {
        "dmean": 0.404704481363,
        "dmean2": 0.739299476147,
        "dvar": 0.333281844854,
        "dvar2": 0.855969905853,
        "max": 3.94471621513,
        "mean": 0.629947006702,
        "median": 0.435595363379,
        "min": 0.0739800259471,
        "var": 0.347518235445
    },
    "zerocrossingrate": {
        "dmean": 0.00644969660789,
        "dmean2": 0.00863815285265,
        "dvar": 2.9970666219e-05,
        "dvar2": 4.99678135384e-05,
        "max": 0.1083984375,
        "mean": 0.0467307418585,
        "median": 0.0458984375,
        "min": 0.01708984375,
        "var": 0.000117681636766
    },
    "barkbands": {
        "dmean": [0.000418925163103, 0.00953118223697, 0.00398502871394, 0.00228793825954, 0.00191370141692, 0.00401751231402, 0.00180131639354, 0.000648737302981, 0.00118089723401, 0.000297552614938, 0.00115254695993, 0.000380533223506, 0.000316357298288, 0.000349971174728, 0.000371800590074, 0.000317977392115, 0.00050523749087, 0.000407615763834, 0.0003099325113, 0.000129987311084, 8.09722259874e-05, 4.42980563093e-05, 3.29906542902e-05, 2.24768300541e-05, 1.68686074176e-05, 5.35236586074e-06, 8.59424442723e-09],
        "dmean2": [0.000716389215086, 0.0160369630903, 0.0070028542541, 0.00385339232162, 0.00312675721943, 0.00710595725104, 0.00280860345811, 0.00105037644971, 0.0018640862545, 0.000474321539514, 0.00171147554647, 0.000577300204895, 0.000505072472151, 0.000556264712941, 0.000593937758822, 0.0005305550294, 0.00086068053497, 0.000696791743394, 0.000515630759764, 0.000213016261114, 0.00013411330292, 7.17722869013e-05, 5.24326496816e-05, 3.38085956173e-05, 2.54852820945e-05, 8.63276363816e-06, 1.23038823574e-08],
        "dvar": [3.58417622692e-07, 0.000130753149278, 3.6231631384e-05, 5.62091327083e-06, 4.14075111621e-06, 1.66195313795e-05, 4.07019342674e-06, 5.86647104228e-07, 1.88751130281e-06, 3.3609728689e-07, 2.13005409933e-06, 1.83098748607e-07, 1.43712327372e-07, 1.58318158583e-07, 1.24576800431e-07, 1.24025547166e-07, 2.07904648164e-07, 1.4570031226e-07, 9.76328067281e-08, 1.52409906917e-08, 7.92009480222e-09, 5.66044811023e-09, 3.46004624951e-09, 1.87465509782e-09, 8.44870062799e-10, 2.0972973358e-10, 2.22525177538e-14],
        "dvar2": [9.36955586894e-07, 0.000343598949257, 0.000100465811556, 1.50940304593e-05, 1.08337771962e-05, 5.14811399626e-05, 9.49394961935e-06, 1.58860757438e-06, 3.87198952012e-06, 7.43512316603e-07, 5.46404180568e-06, 3.46136744156e-07, 3.71817122868e-07, 3.84477374382e-07, 3.10837890538e-07, 3.25468306528e-07, 5.72300905333e-07, 4.04882513294e-07, 2.61563911863e-07, 3.72272950244e-08, 2.08662225276e-08, 1.23516956663e-08, 7.57491047665e-09, 3.15136317042e-09, 1.72108993723e-09, 5.26543975088e-10, 2.24368626163e-14],
        "max": [0.00494832359254, 0.0868084281683, 0.0420927517116, 0.0202087983489, 0.0246187448502, 0.041253041476, 0.0217164494097, 0.00872112531215, 0.0203586146235, 0.0190564040095, 0.0167299434543, 0.00877594389021, 0.00587134761736, 0.00665536662564, 0.00457108113915, 0.00464204326272, 0.0047174366191, 0.003637121059, 0.00333059113473, 0.00168619374745, 0.00130268919747, 0.00143533945084, 0.00153909681831, 0.000998643459752, 0.000610423216131, 0.000160553943715, 5.35635217602e-06],
        "mean": [0.000431096326793, 0.0163565389812, 0.00444491952658, 0.00326637062244, 0.00388155924156, 0.00665123900399, 0.00365027063526, 0.00142100953963, 0.00295981951058, 0.000549394171685, 0.00250097434036, 0.000751698215026, 0.000689847220201, 0.000719037372619, 0.0009058638243, 0.000733326363843, 0.00107247778215, 0.000796117412392, 0.000632738112472, 0.000357001059456, 0.000236577892792, 0.000124959857203, 9.90249609458e-05, 6.92741014063e-05, 3.99891723646e-05, 6.0843922256e-06, 7.50069251154e-09],
        "median": [0.000185870565474, 0.0145629849285, 0.00252103502862, 0.00211980380118, 0.00302166398615, 0.0053047304973, 0.00270043523051, 0.00103923934512, 0.00241593364626, 0.000325936824083, 0.00174746685661, 0.000572672346607, 0.000539347471204, 0.000559968932066, 0.00078200083226, 0.00061702914536, 0.000951449328568, 0.00069432501914, 0.00054673710838, 0.000313029595418, 0.000205487667699, 8.96597339306e-05, 7.47782542021e-05, 5.05415337102e-05, 2.58424570347e-05, 2.02662727133e-06, 1.24824439673e-09],
        "min": [6.72816270253e-07, 0.000150349747855, 2.43251452048e-05, 3.84756567655e-05, 9.65033686953e-05, 0.0001228544279, 0.00010110688163, 7.05573620507e-05, 8.14050799818e-05, 1.96972905542e-05, 7.67780293245e-05, 4.4525055273e-05, 4.56983252661e-05, 6.24996027909e-05, 0.000117329953355, 8.49874486448e-05, 0.000173298452864, 0.000110196160676, 0.000115860304504, 8.39408676256e-05, 5.30328579771e-05, 2.01645179914e-05, 1.67397665791e-05, 4.34938465332e-06, 1.04546245439e-06, 5.35154676129e-08, 8.2286651451e-12],
        "var": [3.67331551843e-07, 0.000135114954901, 3.00927040371e-05, 9.96955350274e-06, 9.47196804191e-06, 2.58464060607e-05, 1.0458993529e-05, 1.55764155352e-06, 5.15631018061e-06, 7.99353358616e-07, 5.6313465393e-06, 4.80467178932e-07, 2.9184124628e-07, 3.30829237782e-07, 3.17069805078e-07, 2.35344899124e-07, 3.26578458498e-07, 1.99955294988e-07, 1.30643115881e-07, 3.48772708492e-08, 1.69861689159e-08, 1.85840374201e-08, 1.03355111136e-08, 7.13633241389e-09, 2.57483323551e-09, 2.1046001053e-10, 2.22163867164e-14]
    },
    "erbbands": {
        "dmean": [0.20236043632, 2.49443101883, 5.21139717102, 5.41484117508, 5.60366678238, 9.32941818237, 24.1268997192, 25.7374973297, 8.46015071869, 42.8349761963, 12.5704832077, 23.9964599609, 20.0492286682, 20.6086578369, 32.6930160522, 13.9750595093, 16.0331420898, 18.0079650879, 17.3062877655, 21.9827651978, 22.128578186, 26.1881771088, 21.5323963165, 12.5845870972, 13.5938920975, 6.83274412155, 4.32257032394, 2.51267933846, 1.59289395809, 1.5835518837, 0.821578621864, 0.549140512943, 0.35133883357, 0.225362092257, 0.108223952353, 0.037950348109, 0.00729779573157, 0.00044160921243, 1.41015743793e-05, 1.32591903821e-05],
        "dmean2": [0.334159493446, 4.27549505234, 9.13575172424, 9.25584316254, 9.47940158844, 14.9627304077, 42.3262138367, 45.1150131226, 14.1920099258, 64.0673370361, 20.112985611, 37.9627914429, 31.0699214935, 33.0317344666, 47.7358551025, 21.0877952576, 24.8870716095, 28.679353714, 26.8136005402, 36.8479614258, 37.557559967, 44.446144104, 36.9264984131, 21.3044242859, 22.8305587769, 11.3318977356, 7.24197864532, 4.15512132645, 2.60225296021, 2.51062965393, 1.31146240234, 0.86531239748, 0.52301299572, 0.336065500975, 0.165886491537, 0.06036157161, 0.0118817463517, 0.000732937071007, 2.22110356844e-05, 2.19590892812e-05],
        "dvar": [0.0717988312244, 9.47180366516, 57.5331420898, 36.9695549011, 38.5676307678, 110.779243469, 610.136413574, 674.316101074, 75.5435943604, 2206.59008789, 188.327987671, 926.791381836, 821.271362305, 886.711975098, 1623.55944824, 219.359420776, 362.117370605, 438.765197754, 290.431427002, 624.679626465, 602.294555664, 654.92364502, 454.098297119, 144.3934021, 224.366348267, 43.4064750671, 19.7292366028, 10.1799621582, 8.94323635101, 6.81154060364, 1.97556781769, 1.01357603073, 0.509858906269, 0.150275498629, 0.0434106737375, 0.00971780810505, 0.000446644669864, 2.16864123104e-06, 1.34704969401e-09, 1.71085173806e-10],
        "dvar2": [0.179099440575, 25.9477233887, 160.672790527, 102.914459229, 114.146385193, 272.856414795, 1869.40356445, 1970.72546387, 197.441925049, 4575.32861328, 498.189788818, 1852.9029541, 1840.63183594, 2232.12036133, 3945.76635742, 442.5418396, 916.160522461, 1090.29321289, 650.299499512, 1699.75683594, 1587.72583008, 1762.78930664, 1263.93566895, 381.216125488, 597.555725098, 108.180374146, 52.4374923706, 23.7430782318, 21.123260498, 15.9893283844, 4.28639364243, 1.87032067776, 0.853307306767, 0.292722046375, 0.0949184820056, 0.0238444805145, 0.00114709429909, 5.66569815419e-06, 2.69284150534e-09, 4.40144309888e-10],
        "max": [2.16158652306, 22.6283473969, 50.1951255798, 44.2754478455, 61.7939529419, 142.155502319, 269.946105957, 230.622055054, 114.090705872, 521.530883789, 174.989273071, 522.964111328, 506.978271484, 416.820281982, 488.912597656, 250.955581665, 296.570556641, 343.953033447, 303.224609375, 269.091705322, 292.815460205, 303.115478516, 251.349182129, 119.88886261, 185.397125244, 91.4256210327, 60.176700592, 59.5664749146, 57.5559577942, 63.345664978, 35.3398208618, 25.6388549805, 18.049943924, 8.53655052185, 3.56743788719, 1.21815991402, 0.289804190397, 0.0257936753333, 0.000833195459563, 0.000134346555569],
        "mean": [0.297435820103, 4.1578373909, 6.7726225853, 7.99894475937, 9.01504230499, 18.4384975433, 41.7080345154, 45.2677383423, 19.4909706116, 90.7392654419, 31.017244339, 57.0335693359, 44.4213867188, 46.9861984253, 74.2935562134, 31.5111923218, 37.6401443481, 38.5036582947, 44.6213722229, 39.551410675, 52.0270271301, 59.4097251892, 47.3636627197, 29.956829071, 29.2685127258, 17.9230098724, 12.076540947, 7.15425395966, 4.38615846634, 4.22144269943, 2.52249455452, 1.6456798315, 1.0046736002, 0.602542817593, 0.204914093018, 0.0468389987946, 0.00813158322126, 0.000458338327007, 4.15425747633e-05, 6.33037125226e-05],
        "median": [0.217141091824, 3.71609663963, 4.80194807053, 5.98699760437, 6.90840482712, 13.2904262543, 33.8811225891, 36.703742981, 16.6135730743, 64.9797439575, 24.7541751862, 44.9768104553, 31.4997158051, 32.0187530518, 53.4780349731, 24.9962158203, 30.2733287811, 30.0109634399, 36.0923919678, 31.3482151031, 44.2332572937, 52.9758148193, 42.6880455017, 26.4839706421, 25.0955028534, 15.785569191, 10.6334657669, 5.95244169235, 3.15705251694, 3.0470123291, 1.87733542919, 1.20536053181, 0.710708141327, 0.4134362638, 0.112898379564, 0.0182651933283, 0.00254785828292, 0.000136938368087, 3.38895479217e-05, 6.22463558102e-05],
        "min": [0.00584728550166, 0.0641669034958, 0.13776576519, 0.224173933268, 0.198271691799, 0.385413318872, 1.33686721325, 1.23403739929, 1.80087971687, 3.0454788208, 2.93400502205, 2.78879237175, 2.12021112442, 3.35939073563, 3.74637675285, 1.74316501617, 4.04736185074, 4.37779378891, 5.84032201767, 4.18988370895, 8.94624328613, 10.6578931808, 7.52735376358, 7.82800340652, 6.09829187393, 5.15840435028, 3.57731342316, 1.03759074211, 0.753548920155, 0.482351958752, 0.43059322238, 0.10416970402, 0.0461578853428, 0.0216353721917, 0.00336275645532, 0.00064959761221, 8.90471055754e-05, 8.01429177955e-06, 1.25450596897e-05, 2.42326732405e-05],
        "var": [0.0779917091131, 8.95589065552, 45.3254699707, 47.5154724121, 54.7148361206, 280.858551025, 1057.01171875, 1194.23620605, 167.832275391, 7082.35644531, 479.092956543, 2330.4140625, 2246.19287109, 2339.30541992, 4612.07177734, 585.321655273, 766.12487793, 909.720153809, 989.531738281, 844.321838379, 996.242736816, 972.120056152, 633.248474121, 219.847320557, 298.566986084, 89.3072280884, 38.1331977844, 23.2044715881, 23.6649513245, 20.3706912994, 6.77190351486, 4.00800180435, 1.72795546055, 0.51645898819, 0.0931562110782, 0.0108007313684, 0.00040636988706, 1.75775267053e-06, 1.40711398089e-09, 2.61677984836e-10]
    },
    "gfcc": {
        "mean": [58.4548721313, 122.236404419, -137.637786865, 49.1318511963, -59.6264610291, 15.4647684097, -37.0095863342, 14.9656562805, -16.8713321686, -1.31603944302, -5.06163740158, -3.05912327766, -0.400969952345],
        "cov": [[250.530334473, -164.900314331, 108.264526367, -34.9716110229, -16.5374145508, 46.9016799927, -34.7904014587, 32.2874450684, -46.092212677, 49.5652770996, -59.7360725403, 36.5952568054, -44.1850814819], [-164.900314331, 237.286819458, -89.0630264282, 19.0964508057, 32.2528190613, -47.6247444153, 50.3454818726, -40.3142738342, 45.6226539612, -56.2481689453, 62.4054336548, -42.9178123474, 42.1887168884], [108.264526367, -89.0630264282, 155.436172485, 5.22502183914, 17.5248985291, 24.2017288208, -29.0963687897, 30.575176239, -20.679151535, 44.6149368286, -36.982383728, 30.5010128021, -28.2442531586], [-34.9716110229, 19.0964508057, 5.22502183914, 86.8957138062, 21.6894035339, -4.33768033981, -3.73113274574, -19.4539413452, 17.0907535553, -12.0672540665, 18.6395893097, -6.68814468384, 14.4742469788], [-16.5374145508, 32.2528190613, 17.5248985291, 21.6894035339, 84.0938034058, 15.9203224182, 28.0405597687, 11.1091661453, 6.21099901199, 12.0476551056, 3.21795511246, 0.951660811901, -2.95353627205], [46.9016799927, -47.6247444153, 24.2017288208, -4.33768033981, 15.9203224182, 67.9077911377, 20.6884441376, 21.7893238068, -8.19376468658, 11.9613256454, -9.71074867249, 5.27297401428, -3.74592661858], [-34.7904014587, 50.3454818726, -29.0963687897, -3.73113274574, 28.0405597687, 20.6884441376, 73.8021316528, 15.7802524567, 11.9084129333, -11.6824359894, 12.8899812698, -3.81074762344, 2.95809388161], [32.2874450684, -40.3142738342, 30.575176239, -19.4539413452, 11.1091661453, 21.7893238068, 15.7802524567, 62.0654067993, 12.3878173828, 24.9526634216, -9.84263420105, 7.24691438675, -6.65321826935], [-46.092212677, 45.6226539612, -20.679151535, 17.0907535553, 6.21099901199, -8.19376468658, 11.9084129333, 12.3878173828, 58.9964790344, 11.8763561249, 24.0509166718, -12.4208097458, 12.7848777771], [49.5652770996, -56.2481689453, 44.6149368286, -12.0672540665, 12.0476551056, 11.9613256454, -11.6824359894, 24.9526634216, 11.8763561249, 66.1967010498, 0.479626387358, 14.2873210907, -16.0036907196], [-59.7360725403, 62.4054336548, -36.982383728, 18.6395893097, 3.21795511246, -9.71074867249, 12.8899812698, -9.84263420105, 24.0509166718, 0.479626387358, 62.9238395691, 2.18710422516, 20.8938694], [36.5952568054, -42.9178123474, 30.5010128021, -6.68814468384, 0.951660811901, 5.27297401428, -3.81074762344, 7.24691438675, -12.4208097458, 14.2873210907, 2.18710422516, 46.1209716797, 3.61744642258], [-44.1850814819, 42.1887168884, -28.2442531586, 14.4742469788, -2.95353627205, -3.74592661858, 2.95809388161, -6.65321826935, 12.7848777771, -16.0036907196, 20.8938694, 3.61744642258, 52.1125144958]],
        "icov": [[0.0101914899424, -5.31240439159e-05, -0.0016582965618, -0.000264475500444, 0.00317294313572, -0.00512940622866, 0.00221951166168, -0.00122277426999, 0.00337035022676, -0.00420576613396, 0.0049355099909, -0.00448723137379, 0.00360207213089], [-5.31240439159e-05, 0.0418669171631, -0.0158199872822, 0.0242665912956, -0.022381791845, 0.0241218451411, -0.02097485587, 0.0251552034169, -0.0224384833127, 0.0296974033117, -0.0312750637531, 0.0327706001699, -0.0194964446127], [-0.0016582965618, -0.0158199872822, 0.0207279566675, -0.0144435539842, 0.00627146288753, -0.0102647868916, 0.0124704735354, -0.0146627658978, 0.0109551465139, -0.015859073028, 0.0168650411069, -0.0186019055545, 0.0106565216556], [-0.000264475500444, 0.0242665912956, -0.0144435539842, 0.032964669168, -0.0188628509641, 0.0121688246727, -0.00869503803551, 0.0214961525053, -0.0207832045853, 0.024250684306, -0.023085763678, 0.0210670158267, -0.013470550999], [0.00317294313572, -0.022381791845, 0.00627146288753, -0.0188628509641, 0.030137155205, -0.0143055971712, 0.00312652159482, -0.0140880513936, 0.0153002981097, -0.0225683413446, 0.0191697906703, -0.01740141958, 0.0109894257039], [-0.00512940622866, 0.0241218451411, -0.0102647868916, 0.0121688246727, -0.0143055971712, 0.0371192246675, -0.0208581183106, 0.0104710264131, -0.00802698172629, 0.0143576255068, -0.0185118503869, 0.0232958979905, -0.01625899598], [0.00221951166168, -0.02097485587, 0.0124704735354, -0.00869503803551, 0.00312652159482, -0.0208581183106, 0.0363421551883, -0.0192353203893, 0.00695626158267, -0.00580732570961, 0.0119931586087, -0.0205399859697, 0.0153228286654], [-0.00122277426999, 0.0251552034169, -0.0146627658978, 0.0214961525053, -0.0140880513936, 0.0104710264131, -0.0192353203893, 0.0439455993474, -0.0238540526479, 0.0137509610504, -0.0149735379964, 0.0189077313989, -0.0138965696096], [0.00337035022676, -0.0224384833127, 0.0109551465139, -0.0207832045853, 0.0153002981097, -0.00802698172629, 0.00695626158267, -0.0238540526479, 0.0455998629332, -0.0290429573506, 0.0122473267838, -0.00859656650573, 0.00516324304044], [-0.00420576613396, 0.0296974033117, -0.015859073028, 0.024250684306, -0.0225683413446, 0.0143576255068, -0.00580732570961, 0.0137509610504, -0.0290429573506, 0.0538003779948, -0.0311136431992, 0.0186400450766, -0.00627300934866], [0.0049355099909, -0.0312750637531, 0.0168650411069, -0.023085763678, 0.0191697906703, -0.0185118503869, 0.0119931586087, -0.0149735379964, 0.0122473267838, -0.0311136431992, 0.0528357326984, -0.0328682027757, 0.0107582258061], [-0.00448723137379, 0.0327706001699, -0.0186019055545, 0.0210670158267, -0.01740141958, 0.0232958979905, -0.0205399859697, 0.0189077313989, -0.00859656650573, 0.0186400450766, -0.0328682027757, 0.0595614239573, -0.025122942403], [0.00360207213089, -0.0194964446127, 0.0106565216556, -0.013470550999, 0.0109894257039, -0.01625899598, 0.0153228286654, -0.0138965696096, 0.00516324304044, -0.00627300934866, 0.0107582258061, -0.025122942403, 0.0385918058455]]
    },
    "melbands": {
        "dmean": [0.00222816877067, 0.00291561684571, 0.000927541579586, 0.000442888616817, 0.000703250640072, 0.00063176790718, 0.000188945181435, 0.000396050803829, 0.000123457371956, 0.000150797655806, 0.00010045698582, 7.5453746831e-05, 0.000158244074555, 2.97147435049e-05, 5.50103359274e-05, 3.25043474732e-05, 3.3683165384e-05, 3.136266605e-05, 2.3055512429e-05, 2.36135874729e-05, 3.36440643878e-05, 3.54646726919e-05, 1.83453557838e-05, 2.34476065089e-05, 9.79751712293e-06, 1.73149128386e-05, 4.90374350193e-06, 4.96851816933e-06, 3.51240055352e-06, 1.98605835067e-06, 1.42832334404e-06, 9.92979039438e-07, 9.84204007182e-07, 9.42944041071e-07, 5.30810268629e-07, 4.49567266969e-07, 3.52510397761e-07, 2.78270704257e-07, 2.33949521089e-07, 2.09549853025e-07],
        "dmean2": [0.00369679136202, 0.00507952552289, 0.00158087932505, 0.000733350811061, 0.00122337322682, 0.00111014791764, 0.000311475014314, 0.000593222328462, 0.000196705877897, 0.000238804204855, 0.000155476955115, 0.000122104422189, 0.000231688813074, 4.72500869364e-05, 8.1248152128e-05, 5.20064095326e-05, 5.39150678378e-05, 4.90563543281e-05, 3.74011688109e-05, 3.92002184526e-05, 5.74360055907e-05, 6.01188621658e-05, 3.12253614538e-05, 4.0215341869e-05, 1.66947611433e-05, 2.90083298751e-05, 8.26605355542e-06, 8.31641773402e-06, 5.95619394517e-06, 3.34076116815e-06, 2.3754855647e-06, 1.64471077824e-06, 1.55018392434e-06, 1.51481492594e-06, 8.52363427839e-07, 7.3239533549e-07, 5.64280583149e-07, 4.18613296915e-07, 3.56074622232e-07, 3.18313453818e-07],
        "dvar": [7.06512491888e-06, 1.54423978529e-05, 9.58440864451e-07, 2.15885521015e-07, 4.76071136291e-07, 4.02060180704e-07, 4.01095050506e-08, 1.83746735161e-07, 1.71259841864e-08, 3.25637437015e-08, 2.06844674722e-08, 1.28104780117e-08, 3.99294819431e-08, 2.18861306855e-09, 3.30570149032e-09, 1.20962773131e-09, 1.47772372117e-09, 9.81164594016e-10, 5.0847931421e-10, 6.77574663044e-10, 1.38126876603e-09, 1.23547883035e-09, 2.98652186315e-10, 5.70781477638e-10, 1.15866864714e-10, 4.15093431849e-10, 2.11224197855e-11, 2.43743237399e-11, 1.23800796004e-11, 5.264053516e-12, 3.87158924711e-12, 3.53288600631e-12, 2.40821837298e-12, 2.48425238714e-12, 6.39728233495e-13, 6.84422570701e-13, 3.60250376622e-13, 3.13351504033e-13, 1.88854005134e-13, 1.1234423629e-13],
        "dvar2": [1.7895583369e-05, 4.28472812928e-05, 2.63006472778e-06, 5.70422002966e-07, 1.44458624618e-06, 1.22007259051e-06, 1.02404463576e-07, 3.81454924536e-07, 3.96116206502e-08, 6.64844534981e-08, 4.59649065476e-08, 3.24375619698e-08, 9.95240867496e-08, 4.41461978085e-09, 7.0252661466e-09, 3.14966741577e-09, 3.67659880318e-09, 2.19190043893e-09, 1.3485141892e-09, 1.82833070905e-09, 3.72442809926e-09, 3.30466343179e-09, 8.36757940714e-10, 1.55947132985e-09, 3.08599340526e-10, 1.11906583999e-09, 5.39442795988e-11, 6.07922046036e-11, 3.4026000767e-11, 1.40342798147e-11, 9.06501349679e-12, 9.22168678225e-12, 4.45320429837e-12, 6.57344274499e-12, 1.45028563811e-12, 1.49152207512e-12, 6.8561454257e-13, 5.61129810152e-13, 3.49630995813e-13, 2.45752826726e-13],
        "max": [0.0195975359529, 0.0247938595712, 0.00699382927269, 0.00548192346469, 0.00726665230468, 0.00574882002547, 0.00209718267433, 0.00481006363407, 0.0018614573637, 0.00282129505649, 0.00276065384969, 0.00155998277478, 0.00239611463621, 0.00110715441406, 0.000605488021392, 0.00039338300121, 0.000604021770414, 0.000518290151376, 0.000236579086049, 0.000372407812392, 0.00040612439625, 0.00041146329022, 0.000214684041566, 0.000192223160411, 0.000112240115413, 0.000218334025703, 5.20560352015e-05, 6.41119331704e-05, 5.01223039464e-05, 3.96804971388e-05, 3.703809125e-05, 3.78290424123e-05, 3.3852422348e-05, 3.41832310369e-05, 1.78881746251e-05, 1.87084970094e-05, 1.35226473503e-05, 1.43583565659e-05, 9.14591237233e-06, 6.52104608889e-06],
        "mean": [0.00377634936012, 0.00452694529667, 0.00147984770592, 0.000873199838679, 0.00136397057213, 0.0010799432639, 0.00039933246444, 0.000859437743202, 0.000262330664555, 0.000370757043129, 0.000210841564694, 0.000164167227922, 0.000344347005012, 5.98703882133e-05, 0.000108590546006, 7.14765992598e-05, 6.63010723656e-05, 7.34822970117e-05, 4.93529041705e-05, 4.1237239202e-05, 6.90954257152e-05, 6.96593124303e-05, 4.20610558649e-05, 3.98637566832e-05, 2.02129176614e-05, 3.01303316519e-05, 1.22459969134e-05, 1.12488878585e-05, 8.45327394927e-06, 5.16182353749e-06, 3.62122204933e-06, 2.40328677137e-06, 2.45753722083e-06, 2.24332598009e-06, 1.43727243085e-06, 1.19698415801e-06, 9.36265564633e-07, 6.98900294083e-07, 5.93386459968e-07, 5.01847750911e-07],
        "median": [0.00326887518167, 0.00373717304319, 0.00114328996278, 0.00070013909135, 0.00114339368884, 0.000863895518705, 0.000325548287947, 0.00062902411446, 0.000207594202948, 0.000299714534776, 0.000145176018123, 0.000106679828605, 0.000241735222517, 4.0969964175e-05, 8.41437431518e-05, 5.71176715312e-05, 4.98342633364e-05, 5.73259421799e-05, 4.17582523369e-05, 3.24955326505e-05, 5.76149068365e-05, 6.02382606303e-05, 3.64291045116e-05, 3.21746629197e-05, 1.68009100889e-05, 2.47807529377e-05, 1.05827175503e-05, 9.6917456176e-06, 7.33724345992e-06, 4.38980487161e-06, 2.92456957141e-06, 1.73648766122e-06, 1.65564983945e-06, 1.64699213201e-06, 1.07464745724e-06, 8.46947671107e-07, 6.7034420681e-07, 4.80551534565e-07, 4.0346554897e-07, 3.35229088932e-07],
        "min": [5.23615308339e-05, 0.000103020327515, 3.84100858355e-05, 2.03121016966e-05, 4.46145713795e-05, 2.5791945518e-05, 2.83912486339e-05, 2.63210240519e-05, 1.63711265486e-05, 9.54568258749e-06, 6.5935191742e-06, 1.04737791844e-05, 9.66141669778e-06, 5.26995745531e-06, 6.2504136622e-06, 5.57979092264e-06, 3.71571923097e-06, 6.56795918985e-06, 6.63469700157e-06, 4.36755544797e-06, 9.30820078793e-06, 9.01322709979e-06, 5.82892153034e-06, 4.96102757097e-06, 4.29772171628e-06, 4.27937311542e-06, 2.77075560007e-06, 2.38619850279e-06, 1.92076549865e-06, 8.45557565299e-07, 4.82574421312e-07, 2.9020503689e-07, 3.70203338207e-07, 2.04795952641e-07, 2.21653223775e-07, 1.39656563647e-07, 2.97268467619e-08, 3.48639375147e-08, 1.40669520476e-08, 1.90251174814e-08],
