{
"highlevel": {
    "danceability": {
        "all": {
            "danceable": 2.77583012999e-12,
            "not_danceable": 1
        },
        "probability": 1,
        "value": "not_danceable"
    },
    "gender": {
        "all": {
            "female": 0.308552324772,
            "male": 0.691447675228
        },
        "probability": 0.691447675228,
        "value": "male"
    },
    "genre_dortmund": {
        "all": {
            "alternative": 0.173576012254,
            "blues": 0.00624896492809,
            "electronic": 0.00844179652631,
            "folkcountry": 0.050871565938,
            "funksoulrnb": 0.00509224599227,
            "jazz": 0.0011047848966,
            "pop": 0.0361777953804,
            "raphiphop": 0.000323448970448,
            "rock": 0.718163371086
        },
        "probability": 0.718163371086,
        "value": "rock"
    },
    "genre_electronic": {
        "all": {
            "ambient": 0.216708362103,
            "dnb": 0.111902408302,
            "house": 0.0326796285808,
            "techno": 0.0260633584112,
            "trance": 0.612646222115
        },
        "probability": 0.612646222115,
        "value": "trance"
    },
    "genre_rosamerica": {
        "all": {
            "cla": 0.00109741126653,
            "dan": 0.00208359886892,
            "hip": 0.000229866011068,
            "jaz": 0.000300367013551,
            "pop": 0.00558561924845,
            "rhy": 0.000238094638917,
            "roc": 0.990431010723,
            "spe": 3.404914969e-05
        },
        "probability": 0.990431010723,
        "value": "roc"
    },
    "genre_tzanetakis": {
        "all": {
            "blu": 0.0626541376114,
            "cla": 0.0348133966327,
            "cou": 0.0783501937985,
            "dis": 0.104547761381,
            "hip": 0.15693578124,
            "jaz": 0.313987255096,
            "met": 0.044816005975,
            "pop": 0.0627349764109,
            "reg": 0.0627352520823,
            "roc": 0.0784252434969
        },
        "probability": 0.313987255096,
        "value": "jaz"
    },
    "ismir04_rhythm": {
        "all": {
            "ChaChaCha": 0.0267528183758,
            "Jive": 0.697597622871,
            "Quickstep": 0.0114111211151,
            "Rumba-American": 0.00278378068469,
            "Rumba-International": 0.00984952971339,
            "Rumba-Misc": 0.0013845852809,
            "Samba": 0.0450011640787,
            "Tango": 0.00237742415629,
            "VienneseWaltz": 0.199681788683,
            "Waltz": 0.00316017353907
        },
        "probability": 0.697597622871,
        "value": "Jive"
    },
    "mood_acoustic": {
        "all": {
            "acoustic": 0.0157787427306,
            "not_acoustic": 0.984221279621
        },
        "probability": 0.984221279621,
        "value": "not_acoustic"
    },
    "mood_aggressive": {
        "all": {
            "aggressive": 0.936841487885,
            "not_aggressive": 0.0631585344672
        },
        "probability": 0.936841487885,
        "value": "aggressive"
    },
    "mood_electronic": {
        "all": {
            "electronic": 0.322054237127,
            "not_electronic": 0.677945792675
        },
        "probability": 0.677945792675,
        "value": "not_electronic"
    },
    "mood_happy": {
        "all": {
            "happy": 0.91933465004,
            "not_happy": 0.0806653425097
        },
        "probability": 0.91933465004,
        "value": "happy"
    },
    "mood_party": {
        "all": {
            "not_party": 0.365111678839,
            "party": 0.634888291359
        },
        "probability": 0.634888291359,
        "value": "party"
    },
    "mood_relaxed": {
        "all": {
            "not_relaxed": 0.90750426054,
            "relaxed": 0.0924957245588
        },
        "probability": 0.90750426054,
        "value": "not_relaxed"
    },
    "mood_sad": {
        "all": {
            "not_sad": 0.799750089645,
            "sad": 0.200249910355
        },
        "probability": 0.799750089645,
        "value": "not_sad"
    },
    "moods_mirex": {
        "all": {
            "Cluster1": 0.558239877224,
            "Cluster2": 0.125101611018,
            "Cluster3": 0.0444532781839,
            "Cluster4": 0.124176748097,
            "Cluster5": 0.148028492928
        },
        "probability": 0.558239877224,
        "value": "Cluster1"
    },
    "timbre": {
        "all": {
            "bright": 0.907205224037,
            "dark": 0.0927948057652
        },
        "probability": 0.907205224037,
        "value": "bright"
    },
    "tonal_atonal": {
        "all": {
            "atonal": 0.0496719367802,
            "tonal": 0.950328052044
        },
        "probability": 0.950328052044,
        "value": "tonal"
    },
    "voice_instrumental": {
        "all": {
            "instrumental": 9.21070386539e-06,
            "voice": 0.99999076128
        },
        "probability": 0.99999076128,
        "value": "voice"
    }
},
"lowlevel": {
    "average_loudness": 0.981085062027,
    "barkbands_crest": {
        "dmean": 1.86872661114,
        "dmean2": 3.08942842484,
        "dvar": 2.63036465645,
        "dvar2": 6.55388116837,
        "max": 21.1729946136,
        "mean": 6.57747602463,
        "median": 5.97621822357,
        "min": 2.32758116722,
        "var": 7.01682901382
    },
    "barkbands_flatness_db": {
        "dmean": 0.012463635765,
        "dmean2": 0.0200983285904,
        "dvar": 9.80711993179e-05,
        "dvar2": 0.00025303705479,
        "max": 0.194487407804,
        "mean": 0.0900641903281,
        "median": 0.0881246626377,
        "min": 0.0495317094028,
        "var": 0.00031771461363
    },
    "barkbands_kurtosis": {
        "dmean": 0.605900287628,
        "dmean2": 0.968315303326,
        "dvar": 0.590354800224,
        "dvar2": 1.32929754257,
        "max": 14.1547737122,
        "mean": -0.148973360658,
        "median": -0.439948320389,
        "min": -1.66034340858,
        "var": 1.46508443356
    },
    "barkbands_skewness": {
        "dmean": 0.29899212718,
        "dmean2": 0.475557088852,
        "dvar": 0.0668467208743,
        "dvar2": 0.171349465847,
        "max": 3.63135242462,
        "mean": 0.677684545517,
        "median": 0.641099333763,
        "min": -0.596073746681,
        "var": 0.244176283479
    },
    "barkbands_spread": {
        "dmean": 4.75922727585,
        "dmean2": 7.52323484421,
        "dvar": 17.9427471161,
        "dvar2": 44.1297225952,
        "max": 74.4219055176,
        "mean": 32.6451759338,
        "median": 32.024230957,
        "min": 7.14176893234,
        "var": 74.751121521
    },
    "dissonance": {
        "dmean": 0.0119123486802,
        "dmean2": 0.0202991422266,
        "dvar": 0.000114713460789,
        "dvar2": 0.000316037505399,
        "max": 0.500000059605,
        "mean": 0.477109462023,
        "median": 0.4805303514,
        "min": 0.404960930347,
        "var": 0.00023607055482
    },
    "dynamic_complexity": 1.14157032967,
    "erbbands_crest": {
        "dmean": 2.26946210861,
        "dmean2": 3.74908065796,
        "dvar": 4.32067728043,
        "dvar2": 12.0206575394,
        "max": 29.2657833099,
        "mean": 7.20311689377,
        "median": 6.44019985199,
        "min": 2.65734291077,
        "var": 9.89720726013
    },
    "erbbands_flatness_db": {
        "dmean": 0.0112339640036,
        "dmean2": 0.0175832882524,
        "dvar": 8.90851006261e-05,
        "dvar2": 0.000215258187382,
        "max": 0.253668069839,
        "mean": 0.13417430222,
        "median": 0.133778840303,
        "min": 0.0812415033579,
        "var": 0.00036112772068
    },
    "erbbands_kurtosis": {
        "dmean": 0.47671559453,
        "dmean2": 0.772487699986,
        "dvar": 0.213518828154,
        "dvar2": 0.557723879814,
        "max": 8.01226043701,
        "mean": -0.101173065603,
        "median": -0.231704711914,
        "min": -1.39721226692,
        "var": 0.587651491165
    },
    "erbbands_skewness": {
        "dmean": 0.236733853817,
        "dmean2": 0.371915608644,
        "dvar": 0.0391845479608,
        "dvar2": 0.0994339510798,
        "max": 2.59027385712,
        "mean": 0.0268275626004,
        "median": -0.0238335877657,
        "min": -1.12918007374,
        "var": 0.210609078407
    },
    "erbbands_spread": {
        "dmean": 5.98344373703,
        "dmean2": 9.65106868744,
        "dvar": 23.0357074738,
        "dvar2": 60.866317749,
        "max": 76.6113891602,
        "mean": 37.1098747253,
        "median": 36.469417572,
        "min": 9.27519226074,
        "var": 101.396705627
    },
    "hfc": {
        "dmean": 7.14696455002,
        "dmean2": 10.9843626022,
        "dvar": 67.1056518555,
        "dvar2": 149.125442505,
        "max": 136.593231201,
        "mean": 38.5915336609,
        "median": 37.809841156,
        "min": 6.65682458878,
        "var": 214.062652588
    },
    "melbands_crest": {
        "dmean": 2.79800057411,
        "dmean2": 4.67402267456,
        "dvar": 5.65165424347,
        "dvar2": 14.864695549,
        "max": 27.976348877,
        "mean": 10.2898521423,
        "median": 9.65193653107,
        "min": 3.32907938957,
        "var": 15.4465875626
    },
    "melbands_flatness_db": {
        "dmean": 0.0170157924294,
        "dmean2": 0.0269538089633,
        "dvar": 0.00021306607232,
        "dvar2": 0.000518879911397,
        "max": 0.282832473516,
        "mean": 0.117463901639,
        "median": 0.114356808364,
        "min": 0.0359256193042,
        "var": 0.000871036667377
    },
    "melbands_kurtosis": {
        "dmean": 2.05443954468,
        "dmean2": 3.3480026722,
        "dvar": 6.95053005219,
        "dvar2": 16.864528656,
        "max": 42.5007820129,
        "mean": 3.47222161293,
        "median": 2.50921106339,
        "min": -0.902781486511,
        "var": 15.3456754684
    },
    "melbands_skewness": {
        "dmean": 0.450029224157,
        "dmean2": 0.729795157909,
        "dvar": 0.170872688293,
        "dvar2": 0.436825871468,
        "max": 5.94640541077,
        "mean": 1.64458179474,
        "median": 1.5486727953,
        "min": -0.0570614375174,
        "var": 0.591059982777
    },
    "melbands_spread": {
        "dmean": 7.70857191086,
        "dmean2": 12.1979560852,
        "dvar": 46.8041267395,
        "dvar2": 114.915740967,
        "max": 123.067726135,
        "mean": 40.0715179443,
        "median": 39.1528930664,
        "min": 5.9283952713,
        "var": 174.052597046
    },
    "pitch_salience": {
        "dmean": 0.0550794638693,
        "dmean2": 0.0899202898145,
        "dvar": 0.00181365199387,
        "dvar2": 0.00481378100812,
        "max": 0.797365128994,
        "mean": 0.614000499249,
        "median": 0.617514312267,
        "min": 0.265379101038,
        "var": 0.00542453397065
    },
    "silence_rate_20dB": {
        "dmean": 0,
        "dmean2": 0,
        "dvar": 0,
        "dvar2": 0,
        "max": 1,
        "mean": 1,
        "median": 1,
        "min": 1,
        "var": 0
    },
    "silence_rate_30dB": {
        "dmean": 0,
        "dmean2": 0,
        "dvar": 0,
        "dvar2": 0,
        "max": 1,
        "mean": 1,
        "median": 1,
        "min": 1,
        "var": 0
    },
    "silence_rate_60dB": {
        "dmean": 0,
        "dmean2": 0,
        "dvar": 0,
        "dvar2": 0,
        "max": 0,
        "mean": 0,
        "median": 0,
        "min": 0,
        "var": 0
    },
    "spectral_centroid": {
        "dmean": 220.997802734,
        "dmean2": 344.334991455,
        "dvar": 31481.9042969,
        "dvar2": 73987.84375,
        "max": 3196.08178711,
        "mean": 1955.50695801,
        "median": 1965.88720703,
        "min": 581.852539062,
        "var": 150568.59375
    },
    "spectral_complexity": {
        "dmean": 4.64551067352,
        "dmean2": 7.21378755569,
        "dvar": 15.960975647,
        "dvar2": 34.1835479736,
        "max": 60,
        "mean": 36.9002304077,
        "median": 37,
        "min": 10,
        "var": 62.7503318787
    },
    "spectral_decrease": {
        "dmean": 1.86850357409e-09,
        "dmean2": 3.0866382783e-09,
        "dvar": 4.82098273148e-18,
        "dvar2": 1.2327688563e-17,
        "max": -2.4463193693e-09,
        "mean": -7.49721351667e-09,
        "median": -7.06194436262e-09,
        "min": -2.79387624147e-08,
        "var": 7.57731603658e-18
    },
    "spectral_energy": {
        "dmean": 0.00748825212941,
        "dmean2": 0.0122957257554,
        "dvar": 7.6447329775e-05,
        "dvar2": 0.00019455664733,
        "max": 0.111693680286,
        "mean": 0.0317965894938,
        "median": 0.0303668100387,
        "min": 0.0106498207897,
        "var": 0.000123758029076
    },
    "spectral_energyband_high": {
        "dmean": 0.000599338614848,
        "dmean2": 0.000892443116754,
        "dvar": 6.2761529307e-07,
        "dvar2": 1.35515733746e-06,
        "max": 0.0123359505087,
        "mean": 0.00218134233728,
        "median": 0.0018338059308,
        "min": 0.00013739791757,
        "var": 2.15154068428e-06
    },
    "spectral_energyband_low": {
        "dmean": 0.00390316126868,
        "dmean2": 0.00652324035764,
        "dvar": 4.79316149722e-05,
        "dvar2": 0.000127856357722,
        "max": 0.0765051841736,
        "mean": 0.0063366740942,
        "median": 0.00414636312053,
        "min": 0.000197625355213,
        "var": 5.04928430018e-05
    },
    "spectral_energyband_middle_high": {
        "dmean": 0.00292038731277,
        "dmean2": 0.00470200320706,
        "dvar": 8.67334438226e-06,
        "dvar2": 2.22362741624e-05,
        "max": 0.0383111163974,
        "mean": 0.011517717503,
        "median": 0.0103962188587,
        "min": 0.00202139816247,
        "var": 3.1713025237e-05
    },
    "spectral_energyband_middle_low": {
        "dmean": 0.00440257135779,
        "dmean2": 0.00722407270223,
        "dvar": 2.29548786592e-05,
        "dvar2": 5.93151853536e-05,
        "max": 0.0489125028253,
        "mean": 0.0132303833961,
        "median": 0.0115499319509,
        "min": 0.00197456544265,
        "var": 5.18637571076e-05
    },
    "spectral_entropy": {
        "dmean": 0.074162453413,
        "dmean2": 0.111683130264,
        "dvar": 0.00427467003465,
        "dvar2": 0.0088850678876,
        "max": 8.6159286499,
        "mean": 7.96442365646,
        "median": 7.97024106979,
        "min": 7.22660541534,
        "var": 0.0200984049588
    },
    "spectral_flux": {
        "dmean": 0.017855623737,
        "dmean2": 0.0281723905355,
        "dvar": 0.000353767070919,
        "dvar2": 0.000755747838411,
        "max": 0.279610931873,
        "mean": 0.101511836052,
        "median": 0.0979273989797,
        "min": 0.0387990474701,
        "var": 0.000789898098446
    },
    "spectral_kurtosis": {
        "dmean": 0.730208814144,
        "dmean2": 1.24238979816,
        "dvar": 0.433259904385,
        "dvar2": 1.16093325615,
        "max": 12.6708259583,
        "mean": 2.90945672989,
        "median": 2.86920022964,
        "min": 0.0664348602295,
        "var": 0.976336598396
    },
    "spectral_rms": {
        "dmean": 0.000630888156593,
        "dmean2": 0.00102185073774,
        "dvar": 4.24542974997e-07,
        "dvar2": 1.05131630335e-06,
        "max": 0.0104388426989,
        "mean": 0.00549120130017,
        "median": 0.0054429913871,
        "min": 0.00322336307727,
        "var": 8.67809319516e-07
    },
    "spectral_rolloff": {
        "dmean": 528.996398926,
        "dmean2": 848.084838867,
        "dvar": 317583.8125,
        "dvar2": 717104.625,
        "max": 9819.140625,
        "mean": 2387.33789062,
        "median": 2196.38671875,
        "min": 150.732421875,
        "var": 1052218.125
    },
    "spectral_skewness": {
        "dmean": 0.131969168782,
        "dmean2": 0.214582309127,
        "dvar": 0.0127337994054,
        "dvar2": 0.0310276374221,
        "max": 2.85129618645,
        "mean": 1.20009303093,
        "median": 1.21047210693,
        "min": 0.481524497271,
        "var": 0.0432204455137
    },
    "spectral_spread": {
        "dmean": 284563.5,
        "dmean2": 433166.21875,
        "dvar": 87996448768,
        "dvar2": 184907792384,
        "max": 9828879,
        "mean": 4525034,
        "median": 4438351,
        "min": 3135317.25,
        "var": 406766583808
    },
    "spectral_strongpeak": {
        "dmean": 0.727788209915,
        "dmean2": 1.28623998165,
        "dvar": 0.865239500999,
        "dvar2": 2.26818943024,
        "max": 7.7690205574,
        "mean": 1.17516887188,
        "median": 0.655478179455,
        "min": 0.0400818772614,
        "var": 1.48418045044
    },
    "zerocrossingrate": {
        "dmean": 0.00860916916281,
        "dmean2": 0.0104422597215,
        "dvar": 5.60414555366e-05,
        "dvar2": 8.02697541076e-05,
        "max": 0.244140625,
        "mean": 0.0872373208404,
        "median": 0.08544921875,
        "min": 0.015625,
        "var": 0.000486024102429
    },
    "barkbands": {
        "dmean": [0.000159201779752, 0.0019781915471, 0.00200829980895, 0.00136700435542, 0.00198269309476, 0.000710003834683, 0.00102166563738, 0.000713085348252, 0.00117338751443, 0.00114080926869, 0.000982168246992, 0.000716891663615, 0.000725751917344, 0.0010067546973, 0.000559149077162, 0.000348622153979, 0.000326737819705, 0.000323141954141, 0.000270679098321, 0.000291486008791, 0.000235571118537, 0.000207009463338, 0.000111813656986, 8.07930264273e-05, 4.20951873821e-05, 2.30236310017e-05, 9.51507050928e-09],
        "dmean2": [0.000262022542302, 0.00334780639969, 0.00345447845757, 0.00237582135014, 0.00310814171098, 0.00114247691818, 0.00167667481583, 0.00115191098303, 0.00188896304462, 0.00181955145672, 0.00159589154646, 0.00118147407193, 0.00120097619947, 0.00170391018037, 0.000918876728974, 0.000570226809941, 0.000552307872567, 0.000546545838006, 0.000447512225946, 0.000475134904264, 0.00039075317909, 0.000319317827234, 0.00016712587967, 0.000122641809867, 6.28550042165e-05, 3.38853242283e-05, 1.69825913332e-08],
        "dvar": [7.26680440266e-08, 1.41748623719e-05, 1.07799933176e-05, 2.905648671e-06, 6.44124747851e-06, 8.43954694574e-07, 3.66547760677e-06, 1.89503111869e-06, 3.74250726054e-06, 4.64978620585e-06, 2.83676877189e-06, 7.59721729082e-07, 1.05924050331e-06, 2.02415526473e-06, 4.01011647e-07, 3.0307521115e-07, 2.11897713598e-07, 1.07899545299e-07, 6.76908555874e-08, 8.84200517248e-08, 1.21375251183e-07, 7.07970500002e-08, 4.42288552449e-08, 3.13467261037e-08, 1.42994638352e-08, 9.96195903546e-10, 3.1285191553e-15],
        "dvar2": [1.73811685045e-07, 3.62877217412e-05, 2.97991919069e-05, 8.45523936732e-06, 1.58008806466e-05, 2.29291958931e-06, 9.33244882617e-06, 4.42086547991e-06, 8.8182523541e-06, 1.11510207716e-05, 7.63430853112e-06, 1.78786274319e-06, 2.77041749541e-06, 5.88350440012e-06, 1.09214545319e-06, 7.3716296356e-07, 5.94152254507e-07, 2.97818445461e-07, 1.84878260256e-07, 2.03526127507e-07, 3.21912835943e-07, 1.45348934666e-07, 1.00559716998e-07, 6.37162571593e-08, 3.05770946341e-08, 2.11996997734e-09, 5.868242141e-15],
        "max": [0.00248477468267, 0.0325229614973, 0.0339446552098, 0.0176515188068, 0.0331290140748, 0.0092100314796, 0.022607088089, 0.0224792808294, 0.0251559559256, 0.0464053936303, 0.0198023468256, 0.0142165301368, 0.0115172881633, 0.0161719955504, 0.00782648101449, 0.00929560512304, 0.00755279045552, 0.00315635232255, 0.00306170783006, 0.00596113409847, 0.00412532873452, 0.00372802908532, 0.00599605124444, 0.00365603435785, 0.00411046296358, 0.000760011083912, 1.5346931832e-06],
        "mean": [0.00019251788035, 0.00241529545747, 0.00270379008725, 0.00198115874082, 0.00419589085504, 0.00133596279193, 0.00151990260929, 0.00109750858974, 0.00212053256109, 0.00188875792082, 0.0015925236512, 0.00127816630993, 0.00116968445946, 0.0017121527344, 0.00108848977834, 0.000744530931115, 0.000730298575945, 0.00074643176049, 0.000723303121049, 0.000805546704214, 0.000546364055481, 0.000549234799109, 0.000291476433631, 0.000197162327822, 0.000115115501103, 5.48133102711e-05, 6.21947204849e-09],
        "median": [6.92178873578e-05, 0.00121493509505, 0.00167401402723, 0.00135841197334, 0.00308154919185, 0.000932750059292, 0.000746479083318, 0.000489364203531, 0.000947336258832, 0.000990257132798, 0.000758199719712, 0.000900009647012, 0.000716804061085, 0.00109512801282, 0.000796916894615, 0.000503569259308, 0.000539720407687, 0.000662617443595, 0.000644934363663, 0.000696223112755, 0.000452728127129, 0.000387210428016, 0.000191774219275, 0.000139608397149, 8.75037949299e-05, 4.18664858444e-05, 6.73905320436e-10],
        "min": [6.21032540948e-08, 5.0735536206e-05, 1.4014338376e-05, 1.7227986973e-05, 0.000171518942807, 2.19592093345e-05, 2.27582622756e-05, 1.60351737577e-05, 2.00283629965e-05, 1.99618189072e-05, 1.6592322936e-05, 4.9814410886e-05, 3.3047683246e-05, 3.14171702485e-05, 4.80575108668e-05, 3.49309884768e-05, 8.12907528598e-05, 6.03773660259e-05, 4.20847100031e-05, 3.04830373352e-05, 1.73648568307e-05, 4.61105955765e-05, 7.13437248123e-06, 8.61463286128e-06, 5.22250047652e-06, 3.34367733501e-08, 9.16673507934e-12],
        "var": [9.51191267973e-08, 1.49555680764e-05, 1.12168881969e-05, 4.17635419581e-06, 1.52947850438e-05, 1.65582491718e-06, 5.62731656828e-06, 3.6067565361e-06, 1.04408873085e-05, 8.81859341462e-06, 5.95678511672e-06, 1.6962646896e-06, 1.73952867044e-06, 3.42380462826e-06, 8.34115041926e-07, 7.40149971534e-07, 4.72955065334e-07, 1.93334386722e-07, 1.58660583338e-07, 2.78161905953e-07, 1.61798809017e-07, 2.50536317026e-07, 1.6584422724e-07, 7.62728191717e-08, 2.80215761705e-08, 2.26763208211e-09, 2.51246722232e-15]
    },
    "erbbands": {
        "dmean": [0.0634663701057, 0.467723071575, 1.90832579136, 3.48012638092, 5.35850906372, 8.2730884552, 5.74153137207, 5.32192707062, 11.8137769699, 13.4870567322, 20.8905296326, 26.3157291412, 36.7537841797, 33.5313644409, 27.130657196, 30.6827983856, 33.5905075073, 53.0567970276, 31.727973938, 21.2103767395, 15.9046611786, 17.1268939972, 16.7459545135, 14.7021894455, 14.2084884644, 14.029958725, 9.76016998291, 9.42566680908, 8.53852558136, 4.29451847076, 3.20072889328, 2.13869690895, 1.09355258942, 0.558936834335, 0.283368855715, 0.122189797461, 0.0470117889345, 0.00318540772423, 6.00093699177e-05, 1.04211057987e-05],
        "dmean2": [0.107991628349, 0.81644064188, 3.2926030159, 6.01258182526, 8.81432533264, 12.7798690796, 9.17449188232, 8.47977352142, 18.8898830414, 21.9089889526, 34.0876426697, 42.2474632263, 59.3626174927, 54.3596534729, 44.559261322, 50.9853553772, 55.8682098389, 91.0495376587, 53.3010368347, 34.4127693176, 26.1760196686, 28.9610290527, 28.0915870667, 24.3333110809, 23.2788696289, 23.1136894226, 16.0855960846, 15.2630634308, 13.3293066025, 6.51463842392, 4.82969427109, 3.26905894279, 1.67749154568, 0.85819286108, 0.419845759869, 0.18095241487, 0.0710302591324, 0.00487787090242, 9.03348991415e-05, 1.63625154528e-05],
        "dvar": [0.0161717366427, 0.884414255619, 10.7024888992, 19.5307807922, 45.0615882874, 138.884063721, 60.2801933289, 54.3458137512, 406.164764404, 658.719665527, 1577.26074219, 2156.7277832, 5726.51611328, 3914.72241211, 2259.90087891, 1463.83642578, 2063.56030273, 5368.93554688, 1419.94055176, 836.019348145, 421.694122314, 588.013244629, 302.606994629, 227.766372681, 180.403442383, 257.518615723, 161.854385376, 171.05607605, 122.763725281, 37.4858131409, 48.2519226074, 24.7972049713, 4.43491125107, 2.38446807861, 0.591308653355, 0.0473924130201, 0.00348260719329, 1.57370759553e-05, 6.16009065979e-09, 1.53773591083e-10],
        "dvar2": [0.0387859083712, 2.48398542404, 29.5239276886, 55.6356887817, 115.397521973, 344.076446533, 158.214813232, 145.850280762, 940.260192871, 1717.65515137, 3811.94775391, 5247.58007812, 13371.2021484, 11217.5302734, 5862.34082031, 3625.48681641, 5270.88134766, 15619.078125, 3940.29638672, 2098.01635742, 991.383422852, 1547.51281738, 833.246154785, 632.939758301, 489.647888184, 578.561523438, 415.276184082, 453.448883057, 252.70690918, 82.7742004395, 103.440673828, 51.4234008789, 8.85561466217, 5.06828927994, 1.30207335949, 0.107031613588, 0.00765314605087, 3.22823398164e-05, 1.1983021686e-08, 3.57084695146e-10],
        "max": [1.18223965168, 8.99953651428, 35.0402145386, 54.0601768494, 106.890052795, 180.724105835, 83.0971908569, 101.189071655, 293.178283691, 412.366363525, 643.459899902, 804.844360352, 1798.61584473, 1160.04711914, 637.200622559, 667.414245605, 535.219116211, 889.106323242, 418.342437744, 437.882995605, 284.075073242, 358.518035889, 178.918945312, 170.146652222, 135.958450317, 376.592559814, 159.519195557, 135.764266968, 159.578109741, 137.815979004, 187.779373169, 87.3173446655, 56.0232505798, 53.0822296143, 25.5380172729, 6.51622438431, 0.981446921825, 0.0654824227095, 0.00160599895753, 0.00019892147975],
        "mean": [0.070860080421, 0.565692305565, 2.64981293678, 5.47845888138, 10.5609674454, 15.7568740845, 10.6843585968, 10.1964759827, 18.4073925018, 20.1133270264, 36.9674263, 46.3378143311, 63.5009841919, 60.3057327271, 49.8533287048, 56.6229705811, 59.3350563049, 91.1673278809, 66.8354492188, 47.3468208313, 38.6169700623, 40.7200012207, 40.3022956848, 37.7423439026, 37.7786064148, 38.5466384888, 25.2718162537, 21.674861908, 21.5356655121, 12.0283346176, 8.02401638031, 5.14045095444, 2.69805574417, 1.45553743839, 0.710385978222, 0.296209186316, 0.0981081053615, 0.00632128166035, 0.000151404979988, 4.93626830576e-05],
        "median": [0.0292139891535, 0.300762325525, 1.64339673519, 3.91983795166, 7.57423496246, 10.586400032, 6.74799156189, 7.30965280533, 9.97752761841, 10.5854215622, 15.135887146, 20.9063434601, 33.3422279358, 28.8353843689, 26.6355476379, 41.0494422913, 40.6506767273, 63.522480011, 52.4972038269, 36.5831413269, 27.0221252441, 30.9190940857, 34.7610816956, 33.269985199, 33.4558029175, 32.7013435364, 20.6699810028, 17.9098815918, 15.2651853561, 8.41745376587, 5.16449117661, 3.40356326103, 1.95512771606, 1.09266281128, 0.528606593609, 0.222285881639, 0.0729550272226, 0.00473427306861, 0.000122120676679, 4.78020701848e-05],
        "min": [0.000342228071531, 0.0152261359617, 0.0997486338019, 0.170564711094, 0.589417278767, 0.434325844049, 0.461154699326, 0.418611496687, 0.41377851367, 0.403640776873, 0.886041224003, 0.585874438286, 0.82874250412, 1.60985708237, 1.22557413578, 4.42124605179, 3.91373586655, 1.97845852375, 4.44417762756, 2.14713716507, 3.12592291832, 4.90591669083, 4.09357213974, 2.9760556221, 1.45350265503, 1.44060742855, 0.986889779568, 0.769877552986, 1.76145815849, 0.726672649384, 0.161470577121, 0.195605397224, 0.104842841625, 0.0608753748238, 0.0255375169218, 0.00132272474002, 0.000182595074875, 2.77167164313e-05, 1.12806337711e-05, 1.38676796269e-05],
        "var": [0.0171741824597, 0.766606032848, 11.1610212326, 24.8345985413, 105.107780457, 267.52255249, 118.354797363, 93.4270477295, 673.818969727, 995.36907959, 4377.52441406, 5216.89355469, 11989.8818359, 9163.66699219, 4636.71875, 2971.30786133, 3269.62719727, 7914.07568359, 2596.89282227, 1777.71789551, 1298.41540527, 1339.18225098, 563.651123047, 476.651916504, 422.684265137, 796.083435059, 282.50793457, 261.195800781, 397.976867676, 137.293106079, 155.772338867, 59.0763664246, 11.4793214798, 4.87765789032, 1.03149759769, 0.096363209188, 0.00694652972743, 2.989668792e-05, 1.29113271186e-08, 2.99969632467e-10]
    },
    "gfcc": {
        "mean": [70.9594726562, 69.6160507202, -133.960662842, 39.1610946655, -61.5623779297, 21.6347637177, -38.1515655518, 7.41939687729, -34.0622329712, 5.59252929688, -24.0926380157, -0.809619665146, -16.4928855896],
        "cov": [[407.940002441, -121.598777771, -12.0407915115, -44.4110488892, -102.801086426, 18.7208595276, 1.19127297401, 34.4490661621, 30.080657959, -8.24032688141, -7.82855939865, 31.5923175812, 4.53831338882], [-121.598777771, 190.38130188, 5.42586040497, 18.4077377319, 55.7510261536, -28.8275566101, 26.8748493195, 0.154810771346, -0.168430805206, -0.510332107544, 14.4725666046, -25.0994167328, 5.98532867432], [-12.0407915115, 5.42586040497, 156.898040771, 46.3984794617, 16.8811321259, -3.77113103867, -19.8532085419, -2.95360946655, -7.26191902161, 20.9555931091, -3.26106643677, 15.3698329926, -14.3699178696], [-44.4110488892, 18.4077377319, 46.3984794617, 141.622955322, 60.1708946228, 1.8411012888, 2.36115098, -19.9327354431, 21.7753314972, 14.9166116714, 11.3673753738, 11.6636343002, 5.54858827591], [-102.801086426, 55.7510261536, 16.8811321259, 60.1708946228, 138.923583984, 28.4735488892, 27.9233379364, 1.61342179775, -8.19622516632, 19.4560050964, 5.60706949234, -2.02761602402, 3.64889526367], [18.7208595276, -28.8275566101, -3.77113103867, 1.8411012888, 28.4735488892, 99.5546951294, 40.2514686584, 12.4893941879, -6.28234100342, -12.914484024, 7.61574172974, -2.27277374268, 4.25902509689], [1.19127297401, 26.8748493195, -19.8532085419, 2.36115098, 27.9233379364, 40.2514686584, 83.0705871582, 32.8671569824, 5.96538209915, -1.8587552309, -1.93239378929, -1.49597740173, 0.138123691082], [34.4490661621, 0.154810771346, -2.95360946655, -19.9327354431, 1.61342179775, 12.4893941879, 32.8671569824, 76.4957275391, 32.6959609985, 3.54943394661, -4.18155241013, -9.32424259186, 4.08197307587], [30.080657959, -0.168430805206, -7.26191902161, 21.7753314972, -8.19622516632, -6.28234100342, 5.96538209915, 32.6959609985, 76.3396759033, 18.8857269287, -3.9702835083, -2.59221291542, 0.684236943722], [-8.24032688141, -0.510332107544, 20.9555931091, 14.9166116714, 19.4560050964, -12.914484024, -1.8587552309, 3.54943394661, 18.8857269287, 55.9593048096, 17.6354656219, 4.62496423721, -8.23891067505], [-7.82855939865, 14.4725666046, -3.26106643677, 11.3673753738, 5.60706949234, 7.61574172974, -1.93239378929, -4.18155241013, -3.9702835083, 17.6354656219, 54.0514297485, 14.5825538635, 3.30576491356], [31.5923175812, -25.0994167328, 15.3698329926, 11.6636343002, -2.02761602402, -2.27277374268, -1.49597740173, -9.32424259186, -2.59221291542, 4.62496423721, 14.5825538635, 50.6121444702, 15.1383132935], [4.53831338882, 5.98532867432, -14.3699178696, 5.54858827591, 3.64889526367, 4.25902509689, 0.138123691082, 4.08197307587, 0.684236943722, -8.23891067505, 3.30576491356, 15.1383132935, 39.9449539185]],
        "icov": [[0.00387689564377, 0.00115384208038, 0.000255395891145, -9.99071198748e-05, 0.00261846696958, -0.00111613806803, -4.80905400764e-05, -0.00165171793196, -0.00052983063506, -0.000360215926776, 0.000769758597016, -0.00247386237606, 0.000349779700628], [0.00115384208038, 0.0144865112379, -0.00633510714397, 0.00529130268842, -0.00750304013491, 0.0122073981911, -0.0122713120654, 0.00815973896533, -0.00746733741835, 0.00995682831854, -0.0128824114799, 0.0135515974835, -0.00861143041402], [0.000255395891145, -0.00633510714397, 0.0132539058104, -0.00767586892471, 0.00508186966181, -0.0079252012074, 0.0105638150126, -0.00970792863518, 0.00901619438082, -0.00962387118489, 0.0107653634623, -0.0117970369756, 0.00953124836087], [-9.99071198748e-05, 0.00529130268842, -0.00767586892471, 0.0161467678845, -0.00941685400903, 0.00676548015326, -0.00788898579776, 0.0120271127671, -0.0124961612746, 0.00811804737896, -0.00954902730882, 0.00656651565805, -0.00665848841891], [0.00261846696958, -0.00750304013491, 0.00508186966181, -0.00941685400903, 0.0185758657753, -0.0109462067485, 0.00544941844419, -0.00865272898227, 0.00990175642073, -0.0128071857616, 0.0107755279168, -0.00847489759326, 0.00380747020245], [-0.00111613806803, 0.0122073981911, -0.0079252012074, 0.00676548015326, -0.0109462067485, 0.0260478444397, -0.0180572662503, 0.00989491958171, -0.00806696061045, 0.0150620881468, -0.0168603472412, 0.015516186133, -0.00945937819779], [-4.80905400764e-05, -0.0122713120654, 0.0105638150126, -0.00788898579776, 0.00544941844419, -0.0180572662503, 0.0320047922432, -0.0184614062309, 0.0105656832457, -0.0109443347901, 0.0154850240797, -0.0172280296683, 0.0127529231831], [-0.00165171793196, 0.00815973896533, -0.00970792863518, 0.0120271127671, -0.00865272898227, 0.00989491958171, -0.0184614062309, 0.0325806587934, -0.018749980256, 0.00993049237877, -0.0124135371298, 0.0162533279508, -0.0124911256135], [-0.00052983063506, -0.00746733741835, 0.00901619438082, -0.0124961612746, 0.00990175642073, -0.00806696061045, 0.0105656832457, -0.018749980256, 0.0297949146479, -0.0166773982346, 0.0138495694846, -0.00918657984585, 0.00637870375067], [-0.000360215926776, 0.00995682831854, -0.00962387118489, 0.00811804737896, -0.0128071857616, 0.0150620881468, -0.0109443347901, 0.00993049237877, -0.0166773982346, 0.0376524105668, -0.0216101203114, 0.0102649722248, -0.00150382868014], [0.000769758597016, -0.0128824114799, 0.0107653634623, -0.00954902730882, 0.0107755279168, -0.0168603472412, 0.0154850240797, -0.0124135371298, 0.0138495694846, -0.0216101203114, 0.0388370864093, -0.0213678404689, 0.00925980228931], [-0.00247386237606, 0.0135515974835, -0.0117970369756, 0.00656651565805, -0.00847489759326, 0.015516186133, -0.0172280296683, 0.0162533279508, -0.00918657984585, 0.0102649722248, -0.0213678404689, 0.0443028025329, -0.0221339967102], [0.000349779700628, -0.00861143041402, 0.00953124836087, -0.00665848841891, 0.00380747020245, -0.00945937819779, 0.0127529231831, -0.0124911256135, 0.00637870375067, -0.00150382868014, 0.00925980228931, -0.0221339967102, 0.0397344566882]]
    },
    "melbands": {
        "dmean": [0.000537324114703, 0.000841887085699, 0.000607196881901, 0.000496060878504, 0.000216243643081, 0.000124376849271, 0.000193894695258, 0.000135447218781, 0.000192509425688, 0.000168407539604, 0.000183158539585, 0.000133169029141, 0.000104284794361, 7.06809951225e-05, 7.74601794546e-05, 8.96332494449e-05, 0.000111208275484, 5.54581238248e-05, 4.20202522946e-05, 2.94509318337e-05, 2.00113245228e-05, 2.05991764233e-05, 1.86594133993e-05, 1.42672315633e-05, 1.32095910885e-05, 1.17232502816e-05, 1.12919124149e-05, 1.03632219179e-05, 6.8031004048e-06, 6.5652388912e-06, 5.8848286244e-06, 5.48370644537e-06, 4.06396384278e-06, 2.36678124566e-06, 2.19255002776e-06, 1.55972566063e-06, 1.4200828673e-06, 9.20161653539e-07, 6.33461013422e-07, 4.87740123845e-07],
        "dmean2": [0.000904675223865, 0.00145621574484, 0.00104734185152, 0.000782793387771, 0.000342108862242, 0.000198462454136, 0.000314485718263, 0.000221041816985, 0.000312517251587, 0.000271367083769, 0.000295740115689, 0.00021532169194, 0.000169153005118, 0.000114097441838, 0.000128975138068, 0.000149004830746, 0.000191132363398, 9.2996910098e-05, 6.97555515217e-05, 4.84758274979e-05, 3.31861629093e-05, 3.49181464117e-05, 3.12228803523e-05, 2.42176847678e-05, 2.20310139412e-05, 1.97061908693e-05, 1.88714166143e-05, 1.71353403857e-05, 1.13020778372e-05, 1.11975132313e-05, 9.47669741436e-06, 8.65733363753e-06, 6.26892551736e-06, 3.68603127754e-06, 3.36280459123e-06, 2.43505473918e-06, 2.16358830585e-06, 1.43883630699e-06, 1.0079322692e-06, 7.71028169311e-07],
        "dvar": [1.07271785055e-06, 2.40694726017e-06, 5.70504937514e-07, 4.5821269623e-07, 6.89870987003e-08, 2.77920104708e-08, 1.19617851624e-07, 6.55510987713e-08, 1.33269267621e-07, 9.00694629991e-08, 1.44225310805e-07, 5.89174007359e-08, 3.05986667115e-08, 9.02322039309e-09, 9.41546929312e-09, 1.86971433891e-08, 2.72319944372e-08, 5.08985564807e-09, 2.39729858187e-09, 2.60098143023e-09, 7.28596571964e-10, 9.69082480928e-10, 3.49002299282e-10, 2.28187524431e-10, 1.88432103254e-10, 1.32911626149e-10, 1.43034167843e-10, 1.45231673909e-10, 6.42609646051e-11, 1.18699425289e-10, 5.41966922729e-11, 5.07047806519e-11, 3.21109180912e-11, 1.34478227165e-11, 2.1282932014e-11, 1.38255257937e-11, 9.80371946818e-12, 2.52744374908e-12, 3.61465371523e-12, 1.53755079415e-12],
        "dvar2": [2.60744786829e-06, 6.77572597851e-06, 1.63508661899e-06, 1.14707358989e-06, 1.72063394643e-07, 7.36870688911e-08, 2.87846177116e-07, 1.71363183199e-07, 3.24379954009e-07, 2.26570136874e-07, 3.38807467415e-07, 1.67654391703e-07, 8.09779550082e-08, 2.11656061566e-08, 2.43624445062e-08, 4.8959755361e-08, 7.94936241277e-08, 1.39900571128e-08, 6.45625286566e-09, 6.53587539645e-09, 1.91368387803e-09, 2.61962962433e-09, 9.4664964756e-10, 6.21148021906e-10, 5.19717158198e-10, 3.71947528333e-10, 3.71869923743e-10, 3.24107490846e-10, 1.64312841111e-10, 3.26061899703e-10, 1.41879882842e-10, 1.11618242427e-10, 6.51073570057e-11, 3.36367080023e-11, 4.60969110105e-11, 3.15385009775e-11, 2.06102825778e-11, 5.22230696187e-12, 9.53629016032e-12, 2.80718699154e-12],
        "max": [0.0089883543551, 0.0167831033468, 0.00937198288739, 0.00847296789289, 0.0038559474051, 0.00229272060096, 0.00483481539413, 0.00432965485379, 0.00621176185086, 0.00483865477145, 0.00893592089415, 0.00442709028721, 0.00209392444231, 0.00158430798911, 0.00139504484832, 0.00150044925977, 0.00202223728411, 0.000939213379752, 0.000685077975504, 0.000970710243564, 0.00039990231744, 0.000487525452627, 0.000190423437743, 0.000154968351126, 0.000157939241035, 0.000133631721837, 0.000117525312817, 0.000291729462333, 9.4806549896e-05, 0.000131610388053, 7.563795225e-05, 9.96878152364e-05, 8.64347894094e-05, 9.54425413511e-05, 0.000122817378724, 7.69267498981e-05, 6.41596561763e-05, 3.48774592567e-05, 5.90407325944e-05, 4.20698052039e-05],
        "mean": [0.000656566757243, 0.00117669580504, 0.00106868497096, 0.00102714356035, 0.000425920879934, 0.000242444526521, 0.000298427883536, 0.000198879104573, 0.000344072410371, 0.000290567288175, 0.000306403991999, 0.000230240475503, 0.000179238224518, 0.000131377353682, 0.000135562702781, 0.000138428033097, 0.000178407106432, 0.000105289378553, 8.05355084594e-05, 5.77162245463e-05, 4.21374061261e-05, 4.29058636655e-05, 4.00241005991e-05, 3.19834289257e-05, 3.01086383843e-05, 2.77518884104e-05, 2.64868831437e-05, 2.57214669546e-05, 1.63758195413e-05, 1.28353449327e-05, 1.24716816572e-05, 1.2664661881e-05, 9.57626161835e-06, 5.74876685278e-06, 4.96765460412e-06, 3.43599481312e-06, 3.03893375531e-06, 1.98340421775e-06, 1.46110812693e-06, 1.13644091471e-06],
        "median": [0.00030481768772, 0.000722940661944, 0.000850263342727, 0.000735437148251, 0.000305986730382, 0.000172513042344, 0.000158950992045, 0.000108443928184, 0.000127275765408, 0.000131306631374, 0.000153097178554, 0.000104469982034, 8.82347230799e-05, 8.72799500939e-05, 9.89152104012e-05, 7.78000539867e-05, 0.000110433662485, 7.54646607675e-05, 5.82483553444e-05, 3.84671111533e-05, 2.83203535218e-05, 3.06272377202e-05, 3.29176436935e-05, 2.83847366518e-05, 2.52930185525e-05, 2.41146426561e-05, 2.21571790462e-05, 2.10841935768e-05, 1.3371303794e-05, 9.88081865216e-06, 9.92302193481e-06, 8.82450876816e-06, 6.24562471785e-06, 3.97189978685e-06, 2.99856401398e-06, 2.18450281864e-06, 1.94745507542e-06, 1.3873707303e-06, 1.06996265004e-06, 8.19698300347e-07],
        "min": [7.50773506297e-06, 5.49236319785e-05, 3.89090018871e-05, 3.08751004923e-05, 2.05165779334e-05, 3.93837717638e-06, 6.15119097347e-06, 3.61620413969e-06, 5.5875302678e-06, 2.86226872959e-06, 2.01391299015e-06, 4.34795674664e-06, 2.57246028923e-06, 5.09041547048e-06, 1.00005127024e-05, 3.02416810882e-06, 1.33832270421e-06, 4.77195135318e-06, 3.08413564198e-06, 2.28418070947e-06, 2.04628668143e-06, 3.03297156279e-06, 2.43099179897e-06, 3.2437126265e-06, 2.05557648769e-06, 1.235587888e-06, 7.93088304363e-07, 9.13928317914e-07, 6.29896135251e-07, 4.57665919384e-07, 4.19458416445e-07, 8.64818218815e-07, 6.27296117273e-07, 2.14186130165e-07, 7.63608127841e-08, 7.69218999608e-08, 8.36321305542e-08, 3.48633228953e-08, 4.44946444134e-08, 3.64968926192e-08],
