{
"highlevel": {
    "danceability": {
        "all": {
            "danceable": 0.239085659385,
            "not_danceable": 0.760914325714
        },
        "probability": 0.760914325714,
        "value": "not_danceable"
    },
    "gender": {
        "all": {
            "female": 0.596238434315,
            "male": 0.403761565685
        },
        "probability": 0.596238434315,
        "value": "female"
    },
    "genre_dortmund": {
        "all": {
            "alternative": 0.318139731884,
            "blues": 0.0302500873804,
            "electronic": 0.0238561723381,
            "folkcountry": 0.114508040249,
            "funksoulrnb": 0.0014697436709,
            "jazz": 0.00504714110866,
            "pop": 0.0600946433842,
            "raphiphop": 0.00145386753138,
            "rock": 0.445180565119
        },
        "probability": 0.445180565119,
        "value": "rock"
    },
    "genre_electronic": {
        "all": {
            "ambient": 0.395020395517,
            "dnb": 0.154469013214,
            "house": 0.049144603312,
            "techno": 0.034246660769,
            "trance": 0.367119312286
        },
        "probability": 0.395020395517,
        "value": "ambient"
    },
    "genre_rosamerica": {
        "all": {
            "cla": 0.013932374306,
            "dan": 0.00715433387086,
            "hip": 0.00287220766768,
            "jaz": 0.00202194717713,
            "pop": 0.011492613703,
            "rhy": 0.0193680897355,
            "roc": 0.942298233509,
            "spe": 0.00086018780712
        },
        "probability": 0.942298233509,
        "value": "roc"
    },
    "genre_tzanetakis": {
        "all": {
            "blu": 0.0626541376114,
            "cla": 0.0348133966327,
            "cou": 0.0783501937985,
            "dis": 0.104547761381,
            "hip": 0.15693578124,
            "jaz": 0.313987255096,
            "met": 0.044816005975,
            "pop": 0.0627349764109,
            "reg": 0.0627352520823,
            "roc": 0.0784252434969
        },
        "probability": 0.313987255096,
        "value": "jaz"
    },
    "ismir04_rhythm": {
        "all": {
            "ChaChaCha": 0.0430426970124,
            "Jive": 0.080085515976,
            "Quickstep": 0.00656166253611,
            "Rumba-American": 0.00190199026838,
            "Rumba-International": 0.00969681795686,
            "Rumba-Misc": 0.00639650365338,
            "Samba": 0.0145170977339,
            "Tango": 0.0850421264768,
            "VienneseWaltz": 0.745090663433,
            "Waltz": 0.00766490865499
        },
        "probability": 0.745090663433,
        "value": "VienneseWaltz"
    },
    "mood_acoustic": {
        "all": {
            "acoustic": 0.0415967330337,
            "not_acoustic": 0.958403289318
        },
        "probability": 0.958403289318,
        "value": "not_acoustic"
    },
    "mood_aggressive": {
        "all": {
            "aggressive": 0.797597289085,
            "not_aggressive": 0.202402725816
        },
        "probability": 0.797597289085,
        "value": "aggressive"
    },
    "mood_electronic": {
        "all": {
            "electronic": 0.0306889396161,
            "not_electronic": 0.969311058521
        },
        "probability": 0.969311058521,
        "value": "not_electronic"
    },
    "mood_happy": {
        "all": {
            "happy": 0.727018475533,
            "not_happy": 0.272981524467
        },
        "probability": 0.727018475533,
        "value": "happy"
    },
    "mood_party": {
        "all": {
            "not_party": 0.321190685034,
            "party": 0.678809285164
        },
        "probability": 0.678809285164,
        "value": "party"
    },
    "mood_relaxed": {
        "all": {
            "not_relaxed": 0.724172234535,
            "relaxed": 0.275827765465
        },
        "probability": 0.724172234535,
        "value": "not_relaxed"
    },
    "mood_sad": {
        "all": {
            "not_sad": 0.669626295567,
            "sad": 0.330373734236
        },
        "probability": 0.669626295567,
        "value": "not_sad"
    },
    "moods_mirex": {
        "all": {
            "Cluster1": 0.285708338022,
            "Cluster2": 0.233694702387,
            "Cluster3": 0.280889391899,
            "Cluster4": 0.133599817753,
            "Cluster5": 0.0661077424884
        },
        "probability": 0.285708338022,
        "value": "Cluster1"
    },
    "timbre": {
        "all": {
            "bright": 0.925760507584,
            "dark": 0.074239499867
        },
        "probability": 0.925760507584,
        "value": "bright"
    },
    "tonal_atonal": {
        "all": {
            "atonal": 0.00761211616918,
            "tonal": 0.992387890816
        },
        "probability": 0.992387890816,
        "value": "tonal"
    },
    "voice_instrumental": {
        "all": {
            "instrumental": 0.00195018737577,
            "voice": 0.998049795628
        },
        "probability": 0.998049795628,
        "value": "voice"
    }
},
"lowlevel": {
    "average_loudness": 0.9700922966,
    "barkbands_crest": {
        "dmean": 2.15981411934,
        "dmean2": 3.62106657028,
        "dvar": 4.50069856644,
        "dvar2": 12.6375980377,
        "max": 21.3130016327,
        "mean": 9.66700172424,
        "median": 9.14898967743,
        "min": 2.84692382812,
        "var": 11.6559715271
    },
    "barkbands_flatness_db": {
        "dmean": 0.0170940756798,
        "dmean2": 0.0278138145804,
        "dvar": 0.000257115578279,
        "dvar2": 0.000738047878258,
        "max": 0.222697034478,
        "mean": 0.137049138546,
        "median": 0.135832369328,
        "min": 0.0518022589386,
        "var": 0.000621258397587
    },
    "barkbands_kurtosis": {
        "dmean": 1.50375068188,
        "dmean2": 2.51737189293,
        "dvar": 5.06404399872,
        "dvar2": 14.2197322845,
        "max": 19.1906757355,
        "mean": 1.12031435966,
        "median": 0.484455347061,
        "min": -1.71527898312,
        "var": 5.92019462585
    },
    "barkbands_skewness": {
        "dmean": 0.425947397947,
        "dmean2": 0.698003828526,
        "dvar": 0.211508944631,
        "dvar2": 0.591654896736,
        "max": 4.09616136551,
        "mean": 1.22406613827,
        "median": 1.19515991211,
        "min": -0.650599360466,
        "var": 0.413747549057
    },
    "barkbands_spread": {
        "dmean": 5.28626680374,
        "dmean2": 8.12212944031,
        "dvar": 31.5500202179,
        "dvar2": 73.2340316772,
        "max": 79.758392334,
        "mean": 27.184135437,
        "median": 24.6636257172,
        "min": 6.87574720383,
        "var": 126.260467529
    },
    "dissonance": {
        "dmean": 0.0134084969759,
        "dmean2": 0.0228247139603,
        "dvar": 0.00013306720939,
        "dvar2": 0.000373524497263,
        "max": 0.499911099672,
        "mean": 0.473935574293,
        "median": 0.47735235095,
        "min": 0.397535204887,
        "var": 0.000276521022897
    },
    "dynamic_complexity": 1.51713645458,
    "erbbands_crest": {
        "dmean": 2.1861333847,
        "dmean2": 3.62375426292,
        "dvar": 3.94704461098,
        "dvar2": 10.5286836624,
        "max": 21.2371940613,
        "mean": 7.60857009888,
        "median": 6.85132932663,
        "min": 2.77638459206,
        "var": 9.55318260193
    },
    "erbbands_flatness_db": {
        "dmean": 0.0131284892559,
        "dmean2": 0.0198230613023,
        "dvar": 0.000135982962092,
        "dvar2": 0.000296428712318,
        "max": 0.22089740634,
        "mean": 0.152660369873,
        "median": 0.152967408299,
        "min": 0.0870691388845,
        "var": 0.000636353506707
    },
    "erbbands_kurtosis": {
        "dmean": 0.617004871368,
        "dmean2": 0.988113820553,
        "dvar": 0.399784207344,
        "dvar2": 1.00128519535,
        "max": 7.34004497528,
        "mean": 0.122873730958,
        "median": -0.0711486339569,
        "min": -1.43942666054,
        "var": 0.964224815369
    },
    "erbbands_skewness": {
        "dmean": 0.299218595028,
        "dmean2": 0.473159521818,
        "dvar": 0.0644506141543,
        "dvar2": 0.158677205443,
        "max": 1.4373408556,
        "mean": -0.153877437115,
        "median": -0.135444656014,
        "min": -2.14990401268,
        "var": 0.297010838985
    },
    "erbbands_spread": {
        "dmean": 6.39872980118,
        "dmean2": 10.3089580536,
        "dvar": 37.9420127869,
        "dvar2": 90.2414169312,
        "max": 86.3206558228,
        "mean": 35.5800933838,
        "median": 34.0005607605,
        "min": 12.2224330902,
        "var": 132.0703125
    },
    "hfc": {
        "dmean": 5.3801240921,
        "dmean2": 8.04669475555,
        "dvar": 33.3128395081,
        "dvar2": 69.8345870972,
        "max": 75.9222106934,
        "mean": 25.009771347,
        "median": 23.3960094452,
        "min": 5.11763143539,
        "var": 152.323135376
    },
    "melbands_crest": {
        "dmean": 2.58972191811,
        "dmean2": 4.25315380096,
        "dvar": 5.78945064545,
        "dvar2": 15.2990055084,
        "max": 26.1472930908,
        "mean": 15.5086927414,
        "median": 15.4745664597,
        "min": 4.27195310593,
        "var": 18.5889396667
    },
    "melbands_flatness_db": {
        "dmean": 0.0203294251114,
        "dmean2": 0.0324798151851,
        "dvar": 0.000425665231887,
        "dvar2": 0.00116846198216,
        "max": 0.297396153212,
        "mean": 0.181917980313,
        "median": 0.182659342885,
        "min": 0.0537014827132,
        "var": 0.00122009310871
    },
    "melbands_kurtosis": {
        "dmean": 4.37036275864,
        "dmean2": 7.39755630493,
        "dvar": 40.0355949402,
        "dvar2": 112.484130859,
        "max": 51.7247276306,
        "mean": 7.88733720779,
        "median": 6.27034854889,
        "min": -1.1476200819,
        "var": 52.2897949219
    },
    "melbands_skewness": {
        "dmean": 0.599719822407,
        "dmean2": 0.993525922298,
        "dvar": 0.443345338106,
        "dvar2": 1.23141264915,
        "max": 6.51413536072,
        "mean": 2.44678497314,
        "median": 2.36942052841,
        "min": 0.288655161858,
        "var": 0.971692919731
    },
    "melbands_spread": {
        "dmean": 6.75049304962,
        "dmean2": 10.8758153915,
        "dvar": 57.6835861206,
        "dvar2": 146.20085144,
        "max": 112.43347168,
        "mean": 25.5897293091,
        "median": 23.3256072998,
        "min": 5.3978061676,
        "var": 141.412902832
    },
    "pitch_salience": {
        "dmean": 0.0631694719195,
        "dmean2": 0.105230994523,
        "dvar": 0.00333111872897,
        "dvar2": 0.0095048006624,
        "max": 0.750265657902,
        "mean": 0.505278408527,
        "median": 0.502948403358,
        "min": 0.227034136653,
        "var": 0.00841015391052
    },
    "silence_rate_20dB": {
        "dmean": 0,
        "dmean2": 0,
        "dvar": 0,
        "dvar2": 0,
        "max": 1,
        "mean": 1,
        "median": 1,
        "min": 1,
        "var": 0
    },
    "silence_rate_30dB": {
        "dmean": 0,
        "dmean2": 0,
        "dvar": 0,
        "dvar2": 0,
        "max": 1,
        "mean": 1,
        "median": 1,
        "min": 1,
        "var": 0
    },
    "silence_rate_60dB": {
        "dmean": 0,
        "dmean2": 0,
        "dvar": 0,
        "dvar2": 0,
        "max": 0,
        "mean": 0,
        "median": 0,
        "min": 0,
        "var": 0
    },
    "spectral_centroid": {
        "dmean": 234.615356445,
        "dmean2": 360.672973633,
        "dvar": 56938.5273438,
        "dvar2": 127634.023438,
        "max": 3713.41186523,
        "mean": 1459.97570801,
        "median": 1394.82104492,
        "min": 441.104797363,
        "var": 234573.0625
    },
    "spectral_complexity": {
        "dmean": 3.30263161659,
        "dmean2": 5.37645244598,
        "dvar": 7.16770362854,
        "dvar2": 18.1201267242,
        "max": 44,
        "mean": 26.1894817352,
        "median": 26,
        "min": 13,
        "var": 25.9305267334
    },
    "spectral_decrease": {
        "dmean": 2.71817213182e-09,
        "dmean2": 4.59836968503e-09,
        "dvar": 1.63758170094e-17,
        "dvar2": 4.34990560602e-17,
        "max": -1.64563551674e-09,
        "mean": -9.06950869961e-09,
        "median": -8.37518587815e-09,
        "min": -3.08942986749e-08,
        "var": 2.02672683489e-17
    },
    "spectral_energy": {
        "dmean": 0.0105705242604,
        "dmean2": 0.0178290251642,
        "dvar": 0.000243147951551,
        "dvar2": 0.000643496983685,
        "max": 0.120473191142,
        "mean": 0.036498889327,
        "median": 0.0340170525014,
        "min": 0.00706698000431,
        "var": 0.000310394563712
    },
    "spectral_energyband_high": {
        "dmean": 0.000288757641101,
        "dmean2": 0.000388685730286,
        "dvar": 2.92100338584e-07,
        "dvar2": 4.93512629873e-07,
        "max": 0.0108813690022,
        "mean": 0.000870925898198,
        "median": 0.000502248469274,
        "min": 3.11421172228e-05,
        "var": 1.49712207076e-06
    },
    "spectral_energyband_low": {
        "dmean": 0.00562999211252,
        "dmean2": 0.00988937634975,
        "dvar": 0.000108533298771,
        "dvar2": 0.000302951724734,
        "max": 0.0996136218309,
        "mean": 0.014886775054,
        "median": 0.014093101956,
        "min": 0.000568580871914,
        "var": 9.44940329646e-05
    },
    "spectral_energyband_middle_high": {
        "dmean": 0.00196562986821,
        "dmean2": 0.00302368868142,
        "dvar": 3.76389516532e-06,
        "dvar2": 8.94686854735e-06,
        "max": 0.0275116469711,
        "mean": 0.0075739226304,
        "median": 0.00671408651397,
        "min": 0.00137717789039,
        "var": 1.62177057064e-05
    },
    "spectral_energyband_middle_low": {
        "dmean": 0.0067671709694,
        "dmean2": 0.0108916852623,
        "dvar": 0.000173962063855,
        "dvar2": 0.0004575678322,
        "max": 0.10142789036,
        "mean": 0.0139481378719,
        "median": 0.0110825076699,
        "min": 0.00106447539292,
        "var": 0.00019705867453
    },
    "spectral_entropy": {
        "dmean": 0.101405717432,
        "dmean2": 0.153085872531,
        "dvar": 0.00890663079917,
        "dvar2": 0.0198038648814,
        "max": 8.47591114044,
        "mean": 7.70353794098,
        "median": 7.66923952103,
        "min": 7.21901655197,
        "var": 0.0514111220837
    },
    "spectral_flux": {
        "dmean": 0.0264278035611,
        "dmean2": 0.0408438555896,
        "dvar": 0.00108608964365,
        "dvar2": 0.00226004212163,
        "max": 0.294640600681,
        "mean": 0.09263972193,
        "median": 0.08245870471,
        "min": 0.0320670418441,
        "var": 0.00181859463919
    },
    "spectral_kurtosis": {
        "dmean": 1.3519744873,
        "dmean2": 2.32021737099,
        "dvar": 2.01074337959,
        "dvar2": 5.82121419907,
        "max": 18.4880485535,
        "mean": 3.85645055771,
        "median": 3.66653060913,
        "min": -0.202168941498,
        "var": 3.82450723648
    },
    "spectral_rms": {
        "dmean": 0.000799352419563,
        "dmean2": 0.00132501136977,
        "dvar": 1.09929987957e-06,
        "dvar2": 2.84390489469e-06,
        "max": 0.0108413482085,
        "mean": 0.00581069476902,
        "median": 0.00576084759086,
        "min": 0.00262575992383,
        "var": 1.84447299034e-06
    },
    "spectral_rolloff": {
        "dmean": 454.296966553,
        "dmean2": 752.962280273,
        "dvar": 328953,
        "dvar2": 752385.125,
        "max": 7730.41992188,
        "mean": 1505.80688477,
        "median": 1313.52539062,
        "min": 129.19921875,
        "var": 974807.1875
    },
    "spectral_skewness": {
        "dmean": 0.182305157185,
        "dmean2": 0.296171814203,
        "dvar": 0.0271453093737,
        "dvar2": 0.0702677220106,
        "max": 3.25614285469,
        "mean": 1.43036973476,
        "median": 1.4452316761,
        "min": 0.412885963917,
        "var": 0.0929302051663
    },
    "spectral_spread": {
        "dmean": 383407.21875,
        "dmean2": 540486.5,
        "dvar": 145853382656,
        "dvar2": 252970795008,
        "max": 7929454.5,
        "mean": 4089085.75,
        "median": 3908328.25,
        "min": 2138253.5,
        "var": 904166506496
    },
    "spectral_strongpeak": {
        "dmean": 0.346889585257,
        "dmean2": 0.610993087292,
        "dvar": 0.479708790779,
        "dvar2": 1.25949442387,
        "max": 6.64537858963,
        "mean": 0.705670773983,
        "median": 0.466910123825,
        "min": 0.0466163083911,
        "var": 0.575544834137
    },
    "zerocrossingrate": {
        "dmean": 0.00738166365772,
        "dmean2": 0.00894678011537,
        "dvar": 6.31270813756e-05,
        "dvar2": 7.34558489057e-05,
        "max": 0.2060546875,
        "mean": 0.0548634789884,
        "median": 0.05029296875,
        "min": 0.0185546875,
        "var": 0.000480890914332
    },
    "barkbands": {
        "dmean": [3.27174420818e-05, 0.00344144622795, 0.00259567820467, 0.00179273623507, 0.00401236116886, 0.000922278442886, 0.001435916638, 0.000750001345295, 0.000889808405191, 0.000462372088805, 0.000563298061024, 0.000562939676456, 0.000433234323282, 0.000499004498124, 0.000418206269387, 0.000589652743656, 0.000346717686625, 0.000115262373583, 0.000173118183739, 0.000138224262628, 8.72156670084e-05, 8.00349589554e-05, 6.32128067082e-05, 6.5515137976e-05, 3.10358373099e-05, 5.93556615058e-06, 4.4934411747e-09],
        "dmean2": [5.57992971153e-05, 0.0058696414344, 0.00468067964539, 0.00292421504855, 0.00678990036249, 0.00152043474372, 0.00209413724951, 0.00116894638631, 0.00139763450716, 0.000767068122514, 0.000925128522795, 0.000910156348255, 0.000715265865438, 0.000818806758616, 0.0006833744701, 0.000962179561611, 0.000554053171072, 0.000188661389984, 0.000282459281152, 0.000227521595662, 0.000137072318466, 0.000117847099318, 9.06428540475e-05, 8.98237121874e-05, 4.35018191638e-05, 9.25858967094e-06, 5.67872993074e-09],
        "dvar": [2.92759905207e-09, 3.47058121406e-05, 2.76181453955e-05, 1.00514607766e-05, 0.000101552337583, 1.68113024301e-06, 4.43162298325e-06, 2.15797035708e-06, 2.23719530368e-06, 5.80245341553e-07, 6.34212881323e-07, 1.38733719268e-06, 3.77627941361e-07, 4.54059318145e-07, 3.27031898451e-07, 4.06459264468e-07, 1.59425084689e-07, 1.99935730194e-08, 1.28306382408e-07, 4.3908624292e-08, 2.40224800052e-08, 2.66057416098e-08, 2.29412329134e-08, 1.88111126675e-08, 3.60314089676e-09, 9.93659807214e-11, 1.07736932711e-14],
        "dvar2": [7.58606066853e-09, 9.61368787102e-05, 7.78125031502e-05, 2.42448277277e-05, 0.000278205086943, 4.1533271542e-06, 8.75285240909e-06, 5.27759993929e-06, 5.87049089518e-06, 1.64215646237e-06, 1.5431257907e-06, 3.47051263816e-06, 9.38714549648e-07, 1.15331818051e-06, 8.65297238306e-07, 1.01994271517e-06, 3.52562295802e-07, 5.23996810387e-08, 3.30556161998e-07, 1.09048478691e-07, 5.72288563205e-08, 5.38338014167e-08, 3.87235381538e-08, 3.51487869921e-08, 7.15016357233e-09, 2.43426945268e-10, 1.07965699369e-14],
        "max": [0.000632616400253, 0.0497625172138, 0.0625191926956, 0.028597695753, 0.0715954005718, 0.0171599686146, 0.0370848365128, 0.0219146348536, 0.0195173844695, 0.00840333290398, 0.0121425800025, 0.0208120811731, 0.0119855673984, 0.00835260283202, 0.00957248266786, 0.00683488696814, 0.00416694534943, 0.0013669077307, 0.00883832015097, 0.00418967893347, 0.0031159624923, 0.00240491051227, 0.00361465988681, 0.00261340034194, 0.00110162608325, 8.94779950613e-05, 3.72452313968e-06],
        "mean": [3.47121786035e-05, 0.00928307604045, 0.00487059215084, 0.00209363759495, 0.0045517203398, 0.00160926987883, 0.00282910675742, 0.00114274781663, 0.00159761472605, 0.000750552862883, 0.000871477357578, 0.000981814111583, 0.000722466735169, 0.000833742960822, 0.000826820323709, 0.00122063863091, 0.000669721572194, 0.000209487712709, 0.000354761519702, 0.00029039819492, 0.000214471161598, 0.000173162523424, 0.000146908059833, 0.000150439329445, 6.1534694396e-05, 8.05646504887e-06, 4.21402557294e-09],
        "median": [1.57028352987e-05, 0.00887989252806, 0.00354740722105, 0.00067795754876, 0.00174819550011, 0.00117774237879, 0.00102370767854, 0.000474659493193, 0.000834125501569, 0.000414682901464, 0.000541764311492, 0.000470685481559, 0.000455100322142, 0.000519169203471, 0.000607877504081, 0.00101005169563, 0.000466679339297, 0.000156785536092, 0.000198017834919, 0.000181405106559, 0.000134165224154, 8.35520331748e-05, 4.97155851917e-05, 6.05909153819e-05, 2.94596957247e-05, 4.04006914323e-06, 4.84091877695e-10],
        "min": [3.09467509396e-08, 0.000155963323778, 9.00573504623e-05, 1.02687108665e-05, 4.46338453912e-05, 5.65839982301e-05, 3.02855260088e-05, 2.2698372959e-06, 4.48097889603e-05, 1.95642933249e-05, 2.01771872526e-05, 2.03521267395e-05, 3.67285574612e-05, 4.58005306427e-05, 2.79422238236e-05, 5.18179513165e-05, 2.40796198341e-05, 1.51694430315e-05, 1.77220863407e-05, 1.77104029717e-05, 7.98625569587e-06, 5.5139134929e-06, 6.42184829758e-07, 4.73644377053e-07, 2.71193290047e-10, 1.05035832462e-11, 1.17950553838e-11],
        "var": [2.98090374606e-09, 4.97680994158e-05, 2.403671715e-05, 1.20807908388e-05, 8.18746848381e-05, 2.79821415461e-06, 2.11642163777e-05, 3.61385423275e-06, 4.95854646942e-06, 1.03706270238e-06, 1.13809278446e-06, 3.6538178847e-06, 6.92454648288e-07, 8.55491066432e-07, 6.46981050068e-07, 7.36753747788e-07, 3.56929660938e-07, 2.83034182758e-08, 4.33045585169e-07, 9.54776169237e-08, 6.92845461003e-08, 8.19786833972e-08, 1.0620001234e-07, 7.39140730843e-08, 9.12370268225e-09, 1.47765660818e-10, 1.07745995963e-14]
    },
    "erbbands": {
        "dmean": [0.057374406606, 0.930220961571, 2.9416115284, 3.92776989937, 15.1482019424, 10.343082428, 6.14567375183, 8.40296173096, 14.7496643066, 25.5207500458, 16.0578269958, 18.8638648987, 14.0734930038, 12.6779174805, 20.9542713165, 19.4897613525, 21.5589256287, 19.7063713074, 21.5654697418, 28.5666294098, 29.6705627441, 15.4322347641, 6.2944817543, 6.42267942429, 9.9220905304, 6.22958135605, 3.50819301605, 3.61918020248, 2.76432418823, 2.43943738937, 1.81923961639, 1.72621691227, 0.907834172249, 0.453305184841, 0.172033146024, 0.0434477925301, 0.0077390819788, 0.00049633171875, 1.52536867972e-05, 1.22974224723e-05],
        "dmean2": [0.0978691652417, 1.58828377724, 5.23831796646, 6.65054941177, 25.1363925934, 17.7845821381, 10.0836429596, 13.6312227249, 23.4801044464, 35.2810325623, 25.1427345276, 29.6840801239, 22.9076290131, 21.2176837921, 34.0605163574, 31.0000247955, 35.3823814392, 31.8328266144, 35.667514801, 47.2934303284, 47.535823822, 24.6132240295, 10.0595541, 10.3322134018, 16.2475414276, 10.2417402267, 5.55174827576, 5.73425006866, 4.06884384155, 3.6557841301, 2.58679103851, 2.46219062805, 1.28199386597, 0.633149921894, 0.247795566916, 0.0663076415658, 0.0123080331832, 0.000803786795586, 2.3077827791e-05, 2.03594845516e-05],
        "dvar": [0.0130576333031, 2.53407788277, 31.2287120819, 42.3965263367, 1528.41577148, 520.856201172, 90.4876708984, 136.151138306, 566.389343262, 2198.29321289, 895.764038086, 1228.26428223, 371.372619629, 431.683776855, 847.41796875, 1802.66760254, 891.84375, 1060.56274414, 1123.0020752, 1024.77172852, 1214.61547852, 299.283050537, 48.3677444458, 88.1680679321, 468.291595459, 100.121383667, 47.2144584656, 37.7447433472, 31.6562404633, 36.8284454346, 19.2200965881, 12.2216777802, 4.01591682434, 0.808238387108, 0.109354346991, 0.00474943313748, 0.000237139480305, 1.27621103729e-06, 7.9535406039e-10, 3.0726773903e-10],
        "dvar2": [0.0351682454348, 7.14620161057, 90.0743560791, 111.901565552, 3966.88623047, 1485.94873047, 239.641555786, 336.168487549, 1421.76196289, 3867.1940918, 2329.95556641, 3058.72363281, 1003.94830322, 1185.27392578, 2033.953125, 4367.46728516, 2286.23022461, 2781.23608398, 2911.35473633, 2515.75878906, 3196.4699707, 713.712219238, 114.179328918, 215.946090698, 1200.07348633, 254.392791748, 115.610824585, 89.0500564575, 62.2058296204, 75.4068756104, 34.6079711914, 22.8743038177, 7.99183511734, 1.59920561314, 0.225582554936, 0.0110618062317, 0.000585595204029, 3.2190323509e-06, 1.61731195103e-09, 8.00918942279e-10],
        "max": [1.27672088146, 13.9271907806, 59.6366500854, 71.0220108032, 295.175354004, 169.563980103, 92.8778305054, 159.513458252, 351.552642822, 843.917419434, 377.677154541, 483.023406982, 196.670700073, 368.108276367, 470.855102539, 821.371520996, 511.292541504, 439.968963623, 580.496276855, 334.362976074, 456.556793213, 201.857528687, 63.0068473816, 145.291671753, 507.401123047, 213.703445435, 160.90713501, 108.894760132, 78.5430297852, 140.709533691, 100.336502075, 66.4350585938, 37.8145370483, 15.5851764679, 6.58578443527, 0.770941019058, 0.159816592932, 0.0109911561012, 0.000559439358767, 0.000137043505674],
        "mean": [0.114460423589, 2.56800413132, 6.82894229889, 5.24718809128, 15.3923482895, 12.5400009155, 9.79055213928, 15.4674749374, 25.3100185394, 51.7998313904, 27.5637989044, 33.2412872314, 27.1379508972, 24.6507568359, 36.2139358521, 38.1740684509, 38.532043457, 35.3595237732, 45.1705322266, 59.5988235474, 60.9715843201, 34.0318603516, 13.3980512619, 13.7966270447, 20.396484375, 13.5115060806, 8.39501857758, 8.59777069092, 6.24079322815, 5.03888702393, 4.12586069107, 4.02846860886, 1.89731061459, 0.872937619686, 0.332588076591, 0.0711392462254, 0.00932314340025, 0.000512945407536, 3.71516689484e-05, 4.52804524684e-05],
        "median": [0.0728102400899, 2.52998757362, 5.77237987518, 2.75589203835, 3.99531698227, 6.12008714676, 6.26195859909, 11.561507225, 12.6368656158, 14.6874923706, 12.3760528564, 16.4043521881, 18.3905334473, 16.1704654694, 24.5355701447, 19.8534145355, 24.7463436127, 20.4626216888, 30.2153167725, 48.6710586548, 49.1331558228, 24.9962272644, 10.3938074112, 9.09979534149, 11.0971899033, 8.31259536743, 5.24302005768, 5.39656448364, 3.30765748024, 1.84294307232, 1.4803712368, 1.66739571095, 0.717483401299, 0.357204765081, 0.17511151731, 0.0400882810354, 0.0035931232851, 0.000134125046316, 2.8099228075e-05, 4.29568281106e-05],
        "min": [0.00177903485019, 0.0541627034545, 0.132022321224, 0.142065361142, 0.163458138704, 0.174169450998, 0.336706370115, 0.632713794708, 0.767884790897, 0.310276597738, 0.290468662977, 0.761957287788, 1.09522485733, 1.43887877464, 2.09702467918, 1.40033066273, 2.13833403587, 2.72625589371, 2.70956134796, 3.68956804276, 3.1463303566, 1.64134192467, 1.33469295502, 1.11879253387, 1.41586005688, 0.797119855881, 0.610989391804, 0.270888566971, 0.206614375114, 0.0545990280807, 0.0137491123751, 0.0142666101456, 0.00389162986539, 0.000626297958661, 3.86061547033e-05, 1.50515261339e-05, 7.98565542937e-06, 1.81652274023e-06, 4.95632639286e-06, 9.25003314478e-06],
        "var": [0.0155042987317, 3.51299166679, 27.3283519745, 43.1831665039, 1340.79248047, 409.945373535, 123.663223267, 244.695983887, 1064.35229492, 10866.5966797, 1695.47412109, 2667.88696289, 809.309814453, 860.464355469, 1658.9519043, 5314.04394531, 1758.00439453, 2075.08544922, 2388.8293457, 1736.46032715, 2041.64538574, 727.377441406, 85.9204025269, 231.154556274, 1491.31152344, 212.124755859, 123.036979675, 103.479019165, 98.3682556152, 113.439880371, 79.5595245361, 52.869430542, 13.3800182343, 2.14668536186, 0.248980924487, 0.0093493303284, 0.000280470645521, 1.26502152398e-06, 1.04674879875e-09, 4.3173742359e-10]
    },
    "gfcc": {
        "mean": [34.9680213928, 109.495948792, -135.294921875, 47.1860466003, -56.0652389526, 27.785446167, -41.0301780701, 11.3829479218, -15.3026103973, 2.14863991737, -12.3178367615, -7.12500619888, -2.03153920174],
        "cov": [[962.261901855, -427.161712646, 220.838119507, -30.774389267, -229.87197876, 57.9136314392, -149.027709961, 58.377281189, -136.385467529, 105.183944702, -121.893936157, -35.675693512, -89.0218200684], [-427.161712646, 586.393798828, -187.153503418, -96.0956878662, 95.4869537354, -134.334777832, 107.492126465, -70.1678237915, 83.4258499146, -96.9361419678, 91.4312210083, -48.7322311401, 51.7045898438], [220.838119507, -187.153503418, 226.950592041, 29.2868251801, -34.5717582703, 41.509765625, -69.0730819702, 16.2447872162, -64.8755340576, 23.7312717438, -59.3543624878, 45.5358200073, -40.9390335083], [-30.774389267, -96.0956878662, 29.2868251801, 196, 10.513633728, 30.0917186737, -16.988494873, -27.0446643829, 18.9551811218, -37.23412323, 35.4772377014, 1.96080470085, 29.9033164978], [-229.87197876, 95.4869537354, -34.5717582703, 10.513633728, 207.625457764, -26.3701267242, 44.6953086853, 15.9600381851, 19.58152771, -4.39428329468, 6.31992816925, 48.3524742126, 5.68928813934], [57.9136314392, -134.334777832, 41.509765625, 30.0917186737, -26.3701267242, 112.575752258, 5.79906225204, 12.1741285324, -5.16347837448, 9.32421302795, -11.0702180862, 9.49352073669, 2.26090741158], [-149.027709961, 107.492126465, -69.0730819702, -16.988494873, 44.6953086853, 5.79906225204, 121.429931641, 14.3420906067, 27.9942913055, -8.66756725311, 32.0400924683, 2.07088375092, 5.62362098694], [58.377281189, -70.1678237915, 16.2447872162, -27.0446643829, 15.9600381851, 12.1741285324, 14.3420906067, 95.095375061, 11.3517131805, 46.6030731201, -6.84612560272, 9.86016368866, -12.0213346481], [-136.385467529, 83.4258499146, -64.8755340576, 18.9551811218, 19.58152771, -5.16347837448, 27.9942913055, 11.3517131805, 97.8215713501, 1.70299553871, 38.6312904358, -10.796204567, 27.919839859], [105.183944702, -96.9361419678, 23.7312717438, -37.23412323, -4.39428329468, 9.32421302795, -8.66756725311, 46.6030731201, 1.70299553871, 100.246055603, -8.72960567474, 11.321513176, -21.5420093536], [-121.893936157, 91.4312210083, -59.3543624878, 35.4772377014, 6.31992816925, -11.0702180862, 32.0400924683, -6.84612560272, 38.6312904358, -8.72960567474, 98.4515380859, -2.62587046623, 27.9218482971], [-35.675693512, -48.7322311401, 45.5358200073, 1.96080470085, 48.3524742126, 9.49352073669, 2.07088375092, 9.86016368866, -10.796204567, 11.321513176, -2.62587046623, 81.6982269287, 4.98733949661], [-89.0218200684, 51.7045898438, -40.9390335083, 29.9033164978, 5.68928813934, 2.26090741158, 5.62362098694, -12.0213346481, 27.919839859, -21.5420093536, 27.9218482971, 4.98733949661, 61.0301551819]],
        "icov": [[0.00291737401858, 0.000375824776711, -0.000690642336849, -0.000398223754019, 0.00227128434926, 0.000184131451533, 0.0011163513409, -0.0014387506526, 0.00224107620306, -0.00173546746373, 0.00117630593013, 0.00119855161756, 0.00079013343202], [0.000375824776711, 0.0125659238547, -0.00483611831442, 0.0111139221117, -0.00576462456957, 0.00926077365875, -0.00663847289979, 0.00796526297927, -0.00659165298566, 0.00831737369299, -0.00829681567848, 0.00979629717767, -0.00746562797576], [-0.000690642336849, -0.00483611831442, 0.012526105158, -0.00712848594412, 0.00387631659396, -0.00524889398366, 0.00588445924222, -0.00485165696591, 0.00487202871591, -0.0027403018903, 0.00587633205578, -0.0105387242511, 0.00829691439867], [-0.000398223754019, 0.0111139221117, -0.00712848594412, 0.0179555620998, -0.00748899858445, 0.00579866347834, -0.00463290745392, 0.00891520082951, -0.00799487810582, 0.010049466975, -0.0113538745791, 0.0105557832867, -0.00937331840396], [0.00227128434926, -0.00576462456957, 0.00387631659396, -0.00748899858445, 0.0121065201238, -0.0020770127885, 0.00214703567326, -0.0064134565182, 0.00430430285633, -0.00490239309147, 0.00701760547236, -0.00951332692057, 0.00582097191364], [0.000184131451533, 0.00926077365875, -0.00524889398366, 0.00579866347834, -0.0020770127885, 0.0182650201023, -0.00810539908707, 0.00483189383522, -0.00484880059958, 0.00485555455089, -0.00382964732125, 0.00614354154095, -0.00754153355956], [0.0011163513409, -0.00663847289979, 0.00588445924222, -0.00463290745392, 0.00214703567326, -0.00810539908707, 0.0168973188847, -0.00720334611833, 0.0036605168134, -0.00261345040053, 0.00169494620059, -0.00609959103167, 0.00771994935349], [-0.0014387506526, 0.00796526297927, -0.00485165696591, 0.00891520082951, -0.0064134565182, 0.00483189383522, -0.00720334611833, 0.021317511797, -0.00815204065293, 0.000171600811882, -0.00562863610685, 0.00650206115097, -0.00535416416824], [0.00224107620306, -0.00659165298566, 0.00487202871591, -0.00799487810582, 0.00430430285633, -0.00484880059958, 0.0036605168134, -0.00815204065293, 0.021109091118, -0.00784213747829, 0.00300511624664, -0.00261454144493, 0.000288001989247], [-0.00173546746373, 0.00831737369299, -0.0027403018903, 0.010049466975, -0.00490239309147, 0.00485555455089, -0.00261345040053, 0.000171600811882, -0.00784213747829, 0.0220542140305, -0.00799693353474, 0.00358688831329, -0.00105066178367], [0.00117630593013, -0.00829681567848, 0.00587633205578, -0.0113538745791, 0.00701760547236, -0.00382964732125, 0.00169494620059, -0.00562863610685, 0.00300511624664, -0.00799693353474, 0.0222206953913, -0.00846147164702, 0.00280046835542], [0.00119855161756, 0.00979629717767, -0.0105387242511, 0.0105557832867, -0.00951332692057, 0.00614354154095, -0.00609959103167, 0.00650206115097, -0.00261454144493, 0.00358688831329, -0.00846147164702, 0.0281476397067, -0.0122573934495], [0.00079013343202, -0.00746562797576, 0.00829691439867, -0.00937331840396, 0.00582097191364, -0.00754153355956, 0.00771994935349, -0.00535416416824, 0.000288001989247, -0.00105066178367, 0.00280046835542, -0.0122573934495, 0.0312095843256]]
    },
    "melbands": {
        "dmean": [0.000746894336771, 0.00142415310256, 0.00102524633985, 0.000996716669761, 0.000234170205658, 0.000189722966752, 0.000233104190556, 0.000258748012129, 0.000142403805512, 0.000112322275527, 7.42446645745e-05, 5.46639421373e-05, 8.34459860926e-05, 5.06696960656e-05, 7.03796322341e-05, 3.77033720724e-05, 3.7326484744e-05, 4.06897197536e-05, 3.4495289583e-05, 4.07529441873e-05, 3.97608782805e-05, 1.8700311557e-05, 1.14167169158e-05, 5.32317335455e-06, 5.43203077541e-06, 8.45217709866e-06, 6.60794285068e-06, 4.04298498324e-06, 2.41234829446e-06, 2.35743846133e-06, 2.23948450184e-06, 1.76007347363e-06, 1.56680550845e-06, 1.3779362007e-06, 1.08595907022e-06, 1.28133672206e-06, 1.07825485429e-06, 7.30108354219e-07, 5.00331850617e-07, 3.74029866634e-07],
        "dmean2": [0.00127493322361, 0.00248573347926, 0.00166324235033, 0.00170082307886, 0.000386262574466, 0.000307236419758, 0.000364832492778, 0.000363004190149, 0.000224073926802, 0.000176886736881, 0.000121149394545, 9.18432924664e-05, 0.000137140625156, 8.12224607216e-05, 0.000114224305435, 6.20923747192e-05, 6.02490254096e-05, 6.79721051711e-05, 5.60614062124e-05, 6.71523230267e-05, 6.4109583036e-05, 3.01657437376e-05, 1.84514847206e-05, 8.79002618603e-06, 8.7622065621e-06, 1.39563690027e-05, 1.08937820187e-05, 6.67243193675e-06, 3.90373133996e-06, 3.7350130242e-06, 3.5562964058e-06, 2.63916126642e-06, 2.38055099544e-06, 2.12330132854e-06, 1.60764739121e-06, 1.8862615434e-06, 1.53092514665e-06, 1.06797301669e-06, 7.0681858233e-07, 5.48977709514e-07],
        "dvar": [1.79636197117e-06, 6.7794012466e-06, 3.35890217684e-06, 6.66571349939e-06, 1.34194422685e-07, 6.73599132028e-08, 1.15070825757e-07, 2.0490317354e-07, 6.99761457668e-08, 3.7216182136e-08, 1.09594049391e-08, 8.14112599556e-09, 1.30958159872e-08, 5.46563772019e-09, 2.5535680237e-08, 2.84622481139e-09, 3.50313555941e-09, 4.01098088076e-09, 1.67171232412e-09, 2.39223618692e-09, 2.56641818908e-09, 4.76083672485e-10, 2.40097386417e-10, 4.69178029761e-11, 6.88360618506e-11, 4.90490204008e-10, 1.11601228259e-10, 5.31630676981e-11, 2.00317332166e-11, 1.74928752039e-11, 1.4854097119e-11, 1.29411611635e-11, 1.28535047189e-11, 1.47444469828e-11, 6.64771579797e-12, 9.4218348401e-12, 4.83535867596e-12, 3.06906822005e-12, 1.02178324395e-12, 5.81434911068e-13],
        "dvar2": [4.88421801492e-06, 1.95934753719e-05, 8.30983390188e-06, 1.83215797733e-05, 3.60640910912e-07, 1.67780555671e-07, 2.80484016457e-07, 3.82735265703e-07, 1.86053682683e-07, 9.27501133674e-08, 2.98948599209e-08, 2.28440821815e-08, 3.18791393283e-08, 1.29324719822e-08, 6.6241689467e-08, 7.40844319225e-09, 9.13171582795e-09, 1.03615453995e-08, 4.1329890621e-09, 5.78393466455e-09, 6.67505561935e-09, 1.16936116346e-09, 5.46751866004e-10, 1.24446924987e-10, 1.66148803049e-10, 1.27258437121e-09, 2.74105654841e-10, 1.38069153333e-10, 4.99739902238e-11, 4.31857709315e-11, 3.58769437769e-11, 2.85777287251e-11, 2.76685948458e-11, 3.09928784026e-11, 1.2969786703e-11, 1.91576650377e-11, 9.58629182979e-12, 6.73256025582e-12, 2.05664478503e-12, 1.22915122091e-12],
        "max": [0.0121419765055, 0.0255612358451, 0.0142756924033, 0.0184086989611, 0.00322480825707, 0.00337852817029, 0.0044960277155, 0.00760870566592, 0.00378441647626, 0.0026044358965, 0.00104789610486, 0.00145651365165, 0.00178668496665, 0.00109289900865, 0.00286612217315, 0.000607419933658, 0.000769972626586, 0.000962023332249, 0.000532763195224, 0.000458945636638, 0.000669050903525, 0.000261280045379, 0.000168229482369, 7.98811161076e-05, 0.000130320753669, 0.000589366129134, 0.000160370298545, 0.000171383901034, 0.000104570004623, 8.49701318657e-05, 6.35809410596e-05, 5.69886578887e-05, 6.002441296e-05, 9.89927939372e-05, 5.44379581697e-05, 5.70101910853e-05, 3.81566860597e-05, 3.47574277839e-05, 1.84042455658e-05, 1.32902687255e-05],
        "mean": [0.00183853087947, 0.00370578630827, 0.0012867617188, 0.00107666046824, 0.000381682621082, 0.000347685388988, 0.000426616490586, 0.000502122798935, 0.000234122824622, 0.000199791102204, 0.000136140253744, 0.000100394056062, 0.000132577479235, 8.67328926688e-05, 0.000122608136735, 6.80987650412e-05, 6.314383063e-05, 7.44419448893e-05, 6.78693395457e-05, 8.0178528151e-05, 7.24107958376e-05, 3.71878995793e-05, 1.95835837076e-05, 9.12969426281e-06, 1.06489524114e-05, 1.57430968102e-05, 1.30943362819e-05, 7.86698456068e-06, 5.15839519721e-06, 4.96431221109e-06, 4.96126904181e-06, 3.57641056326e-06, 3.11793951369e-06, 2.60867705038e-06, 2.17476963371e-06, 2.7198391308e-06, 2.35761990552e-06, 1.40129270676e-06, 9.52593268266e-07, 6.56313602576e-07],
        "median": [0.00151514541358, 0.00367550202645, 0.000588419032283, 0.000389690190786, 0.000246107345447, 0.000263989146333, 0.00021069131617, 0.000142627817695, 8.82210733835e-05, 0.000106928397145, 9.06604254851e-05, 6.39162899461e-05, 8.57150153024e-05, 5.00756141264e-05, 5.75390877202e-05, 4.26305050496e-05, 3.51523449353e-05, 4.45057266916e-05, 5.22226837347e-05, 6.25230168225e-05, 5.41173467354e-05, 2.6016132324e-05, 1.29946574816e-05, 6.83396319801e-06, 6.74833381709e-06, 8.38761934574e-06, 7.38769313102e-06, 4.7540174819e-06, 3.22846108247e-06, 2.96033817904e-06, 3.19312698593e-06, 1.83035524515e-06, 1.31704507567e-06, 8.41941471208e-07, 7.02793045093e-07, 1.14504769044e-06, 8.96667813777e-07, 4.97135317801e-07, 3.54900237198e-07, 2.8317637657e-07],
        "min": [3.01593099721e-05, 0.00012218952179, 2.7295001928e-05, 1.00079096228e-05, 1.17523022709e-05, 1.44589876072e-05, 8.68742063176e-06, 2.06677077585e-06, 9.49555612806e-07, 4.62086200059e-06, 3.95960341848e-06, 5.41875988347e-06, 5.23436347066e-06, 3.26762346958e-06, 3.55153542841e-06, 3.80960113944e-06, 3.18708680425e-06, 1.92074048755e-06, 3.53020936927e-06, 3.77948663299e-06, 2.68960206995e-06, 1.4064169136e-06, 1.29527552417e-06, 6.93745846547e-07, 8.57349107264e-07, 6.39624090581e-07, 8.22031779535e-07, 4.33642611597e-07, 2.88928163172e-07, 1.0692268404e-07, 1.17985393899e-07, 1.14583194488e-07, 3.65897534493e-08, 2.13221529322e-08, 7.0148122866e-09, 6.52575948834e-09, 8.10490696779e-09, 1.7868116986e-09, 1.93349225519e-10, 4.55016406498e-12],
