{
"highlevel": {
    "danceability": {
        "all": {
            "danceable": 0.986214995384,
            "not_danceable": 0.0137849794701
        },
        "probability": 0.986214995384,
        "value": "danceable"
    },
    "gender": {
        "all": {
            "female": 0.78387260437,
            "male": 0.21612739563
        },
        "probability": 0.78387260437,
        "value": "female"
    },
    "genre_dortmund": {
        "all": {
            "alternative": 0.0947353765368,
            "blues": 0.0344980284572,
            "electronic": 0.164110913873,
            "folkcountry": 0.0360716097057,
            "funksoulrnb": 0.00860656704754,
            "jazz": 0.0549400933087,
            "pop": 0.0863074064255,
            "raphiphop": 0.0759993344545,
            "rock": 0.44473066926
        },
        "probability": 0.44473066926,
        "value": "rock"
    },
    "genre_electronic": {
        "all": {
            "ambient": 0.0496748350561,
            "dnb": 0.0161905996501,
            "house": 0.0209910161793,
            "techno": 0.00738688092679,
            "trance": 0.905756652355
        },
        "probability": 0.905756652355,
        "value": "trance"
    },
    "genre_rosamerica": {
        "all": {
            "cla": 9.15236014407e-05,
            "dan": 0.871906161308,
            "hip": 0.0185000821948,
            "jaz": 0.000184344971785,
            "pop": 0.0524586774409,
            "rhy": 0.000802716822363,
            "roc": 0.0559026971459,
            "spe": 0.000153818938998
        },
        "probability": 0.871906161308,
        "value": "dan"
    },
    "genre_tzanetakis": {
        "all": {
            "blu": 0.0626541376114,
            "cla": 0.0348133966327,
            "cou": 0.0783501937985,
            "dis": 0.104547761381,
            "hip": 0.15693578124,
            "jaz": 0.313987255096,
            "met": 0.044816005975,
            "pop": 0.0627349764109,
            "reg": 0.0627352520823,
            "roc": 0.0784252434969
        },
        "probability": 0.313987255096,
        "value": "jaz"
    },
    "ismir04_rhythm": {
        "all": {
            "ChaChaCha": 0.861967504025,
            "Jive": 0.0628486126661,
            "Quickstep": 0.00199914141558,
            "Rumba-American": 0.00467763189226,
            "Rumba-International": 0.00106943049468,
            "Rumba-Misc": 0.000217816283111,
            "Samba": 0.0644232854247,
            "Tango": 0.000660962075926,
            "VienneseWaltz": 0.00148229754996,
            "Waltz": 0.000653336406685
        },
        "probability": 0.861967504025,
        "value": "ChaChaCha"
    },
    "mood_acoustic": {
        "all": {
            "acoustic": 1.61230002504e-06,
            "not_acoustic": 0.999998390675
        },
        "probability": 0.999998390675,
        "value": "not_acoustic"
    },
    "mood_aggressive": {
        "all": {
            "aggressive": 0.999500513077,
            "not_aggressive": 0.000499507936183
        },
        "probability": 0.999500513077,
        "value": "aggressive"
    },
    "mood_electronic": {
        "all": {
            "electronic": 0.918081462383,
            "not_electronic": 0.0819185674191
        },
        "probability": 0.918081462383,
        "value": "electronic"
    },
    "mood_happy": {
        "all": {
            "happy": 0.172536164522,
            "not_happy": 0.82746386528
        },
        "probability": 0.82746386528,
        "value": "not_happy"
    },
    "mood_party": {
        "all": {
            "not_party": 0.160313099623,
            "party": 0.83968693018
        },
        "probability": 0.83968693018,
        "value": "party"
    },
    "mood_relaxed": {
        "all": {
            "not_relaxed": 0.977130651474,
            "relaxed": 0.0228693317622
        },
        "probability": 0.977130651474,
        "value": "not_relaxed"
    },
    "mood_sad": {
        "all": {
            "not_sad": 0.979950368404,
            "sad": 0.0200496129692
        },
        "probability": 0.979950368404,
        "value": "not_sad"
    },
    "moods_mirex": {
        "all": {
            "Cluster1": 0.0657334029675,
            "Cluster2": 0.00200248369947,
            "Cluster3": 0.0033126110211,
            "Cluster4": 0.00396223785356,
            "Cluster5": 0.924989283085
        },
        "probability": 0.924989283085,
        "value": "Cluster5"
    },
    "timbre": {
        "all": {
            "bright": 0.299442380667,
            "dark": 0.700557649136
        },
        "probability": 0.700557649136,
        "value": "dark"
    },
    "tonal_atonal": {
        "all": {
            "atonal": 0.829712033272,
            "tonal": 0.170287981629
        },
        "probability": 0.829712033272,
        "value": "atonal"
    },
    "voice_instrumental": {
        "all": {
            "instrumental": 8.37980260258e-05,
            "voice": 0.999916195869
        },
        "probability": 0.999916195869,
        "value": "voice"
    }
},
"lowlevel": {
    "average_loudness": 0.983065962791,
    "barkbands_crest": {
        "dmean": 3.32459783554,
        "dmean2": 5.2554101944,
        "dvar": 8.09664344788,
        "dvar2": 19.5997276306,
        "max": 25.3588047028,
        "mean": 10.0091209412,
        "median": 9.31881713867,
        "min": 2.50406384468,
        "var": 20.6494522095
    },
    "barkbands_flatness_db": {
        "dmean": 0.0226510316133,
        "dmean2": 0.0345362350345,
        "dvar": 0.000497183995321,
        "dvar2": 0.00105032382999,
        "max": 0.325764745474,
        "mean": 0.110163196921,
        "median": 0.0996317341924,
        "min": 0.0421117208898,
        "var": 0.00186823541299
    },
    "barkbands_kurtosis": {
        "dmean": 2.33745646477,
        "dmean2": 3.71620488167,
        "dvar": 44.1197433472,
        "dvar2": 98.3217163086,
        "max": 157.078964233,
        "mean": 1.53002858162,
        "median": -0.00346088409424,
        "min": -1.8590182066,
        "var": 53.3468055725
    },
    "barkbands_skewness": {
        "dmean": 0.57869964838,
        "dmean2": 0.873442769051,
        "dvar": 0.423680156469,
        "dvar2": 0.912726461887,
        "max": 11.1629276276,
        "mean": 1.08331382275,
        "median": 1.01889371872,
        "min": -2.43737602234,
        "var": 1.16506755352
    },
    "barkbands_spread": {
        "dmean": 9.5794916153,
        "dmean2": 14.168961525,
        "dvar": 67.5271759033,
        "dvar2": 140.551467896,
        "max": 103.730422974,
        "mean": 42.3777008057,
        "median": 42.2405776978,
        "min": 1.23883390427,
        "var": 337.260406494
    },
    "dissonance": {
        "dmean": 0.0140855479985,
        "dmean2": 0.0234202519059,
        "dvar": 0.000237704225583,
        "dvar2": 0.000632247480098,
        "max": 0.499693036079,
        "mean": 0.47523906827,
        "median": 0.482294976711,
        "min": 0.318436861038,
        "var": 0.000544901879039
    },
    "dynamic_complexity": 0.887840092182,
    "erbbands_crest": {
        "dmean": 3.03134036064,
        "dmean2": 4.94834280014,
        "dvar": 9.29216384888,
        "dvar2": 24.1732215881,
        "max": 28.4961433411,
        "mean": 8.22208786011,
        "median": 6.72868394852,
        "min": 2.55903863907,
        "var": 21.3177013397
    },
    "erbbands_flatness_db": {
        "dmean": 0.0153022436425,
        "dmean2": 0.0233584307134,
        "dvar": 0.00019416619034,
        "dvar2": 0.000438403483713,
        "max": 0.252615600824,
        "mean": 0.126428306103,
        "median": 0.120697662234,
        "min": 0.0659405738115,
        "var": 0.00102819339372
    },
    "erbbands_kurtosis": {
        "dmean": 0.90700596571,
        "dmean2": 1.43630814552,
        "dvar": 1.75935912132,
        "dvar2": 4.16409730911,
        "max": 18.3646697998,
        "mean": -0.00329290726222,
        "median": -0.584501028061,
        "min": -1.72246837616,
        "var": 3.53907036781
    },
    "erbbands_skewness": {
        "dmean": 0.408897459507,
        "dmean2": 0.625072419643,
        "dvar": 0.130112975836,
        "dvar2": 0.312790572643,
        "max": 4.19284057617,
        "mean": -0.0405404865742,
        "median": -0.113968573511,
        "min": -2.15823793411,
        "var": 0.715983629227
    },
    "erbbands_spread": {
        "dmean": 10.1800718307,
        "dmean2": 15.4916296005,
        "dvar": 91.5558395386,
        "dvar2": 199.656448364,
        "max": 115.374031067,
        "mean": 50.3616294861,
        "median": 49.3008613586,
        "min": 10.9430875778,
        "var": 276.792877197
    },
    "hfc": {
        "dmean": 12.5847358704,
        "dmean2": 18.3725986481,
        "dvar": 209.658370972,
        "dvar2": 498.792541504,
        "max": 201.808898926,
        "mean": 52.2346839905,
        "median": 49.7961578369,
        "min": 2.07958006859,
        "var": 735.013305664
    },
    "melbands_crest": {
        "dmean": 4.62263059616,
        "dmean2": 7.52291727066,
        "dvar": 14.8544979095,
        "dvar2": 39.2906951904,
        "max": 38.1494445801,
        "mean": 17.1452884674,
        "median": 16.4333839417,
        "min": 3.25076198578,
        "var": 45.2356414795
    },
    "melbands_flatness_db": {
        "dmean": 0.0303815472871,
        "dmean2": 0.0455840528011,
        "dvar": 0.000829161901493,
        "dvar2": 0.00161138165276,
        "max": 0.438996523619,
        "mean": 0.146451294422,
        "median": 0.138296082616,
        "min": 0.022168006748,
        "var": 0.00367791508324
    },
    "melbands_kurtosis": {
        "dmean": 7.82422399521,
        "dmean2": 12.4438905716,
        "dvar": 255.783843994,
        "dvar2": 569.432250977,
        "max": 275.914581299,
        "mean": 11.4730501175,
        "median": 7.10254192352,
        "min": -1.58759486675,
        "var": 362.172210693
    },
    "melbands_skewness": {
        "dmean": 0.896828174591,
        "dmean2": 1.37301135063,
        "dvar": 0.942897737026,
        "dvar2": 2.1353764534,
        "max": 14.1592912674,
        "mean": 2.68454265594,
        "median": 2.43627405167,
        "min": -0.985186100006,
        "var": 2.35717773438
    },
    "melbands_spread": {
        "dmean": 13.8119707108,
        "dmean2": 20.5441951752,
        "dvar": 211.892120361,
        "dvar2": 460.959197998,
        "max": 223.332138062,
        "mean": 41.7121429443,
        "median": 36.1229476929,
        "min": 0.86038517952,
        "var": 745.941162109
    },
    "pitch_salience": {
        "dmean": 0.0855374857783,
        "dmean2": 0.138634592295,
        "dvar": 0.00598305976018,
        "dvar2": 0.0148807810619,
        "max": 0.832320332527,
        "mean": 0.5307289958,
        "median": 0.534550368786,
        "min": 0.0877405181527,
        "var": 0.0129819829017
    },
    "silence_rate_20dB": {
        "dmean": 0,
        "dmean2": 0,
        "dvar": 0,
        "dvar2": 0,
        "max": 1,
        "mean": 1,
        "median": 1,
        "min": 1,
        "var": 0
    },
    "silence_rate_30dB": {
        "dmean": 0,
        "dmean2": 0,
        "dvar": 0,
        "dvar2": 0,
        "max": 1,
        "mean": 1,
        "median": 1,
        "min": 1,
        "var": 0
    },
    "silence_rate_60dB": {
        "dmean": 0,
        "dmean2": 0,
        "dvar": 0,
        "dvar2": 0,
        "max": 0,
        "mean": 0,
        "median": 0,
        "min": 0,
        "var": 0
    },
    "spectral_centroid": {
        "dmean": 397.007110596,
        "dmean2": 587.834838867,
        "dvar": 124220.671875,
        "dvar2": 267568.25,
        "max": 4524.79882812,
        "mean": 2266.88378906,
        "median": 2300.39648438,
        "min": 287.249053955,
        "var": 589839.4375
    },
    "spectral_complexity": {
        "dmean": 5.87616109848,
        "dmean2": 8.81099891663,
        "dvar": 28.1069736481,
        "dvar2": 63.2174987793,
        "max": 55,
        "mean": 32.2931175232,
        "median": 34,
        "min": 1,
        "var": 127.237373352
    },
    "spectral_decrease": {
        "dmean": 3.25692028902e-09,
        "dmean2": 5.39461142424e-09,
        "dvar": 1.16939995578e-17,
        "dvar2": 3.0055561235e-17,
        "max": -6.69581612378e-10,
        "mean": -9.59249124577e-09,
        "median": -9.33168031736e-09,
        "min": -2.83047718597e-08,
        "var": 1.99530571757e-17
    },
    "spectral_energy": {
        "dmean": 0.0126827806234,
        "dmean2": 0.0210445597768,
        "dvar": 0.000173436230398,
        "dvar2": 0.000452647276688,
        "max": 0.108317539096,
        "mean": 0.0409420877695,
        "median": 0.0400477200747,
        "min": 0.00368689699098,
        "var": 0.000283005385427
    },
    "spectral_energyband_high": {
        "dmean": 0.0014401236549,
        "dmean2": 0.00205235672183,
        "dvar": 3.01766885968e-06,
        "dvar2": 6.95229482517e-06,
        "max": 0.0251186620444,
        "mean": 0.00487645622343,
        "median": 0.00433636596426,
        "min": 5.29036769876e-05,
        "var": 1.13236583275e-05
    },
    "spectral_energyband_low": {
        "dmean": 0.00957959704101,
        "dmean2": 0.0150851067156,
        "dvar": 0.000144357589306,
        "dvar2": 0.000351949158357,
        "max": 0.104129470885,
        "mean": 0.0181327592582,
        "median": 0.0144080203027,
        "min": 1.36660972316e-07,
        "var": 0.000252681551501
    },
    "spectral_energyband_middle_high": {
        "dmean": 0.00239758915268,
        "dmean2": 0.00373918190598,
        "dvar": 6.83389998812e-06,
        "dvar2": 1.68972437677e-05,
        "max": 0.0332141555846,
        "mean": 0.00685176951811,
        "median": 0.00588725274429,
        "min": 0.000284116191324,
        "var": 1.97405497602e-05
    },
    "spectral_energyband_middle_low": {
        "dmean": 0.00720547651872,
        "dmean2": 0.0114590553567,
        "dvar": 7.32647895347e-05,
        "dvar2": 0.000180733404704,
        "max": 0.0737803205848,
        "mean": 0.0130952848122,
        "median": 0.0101888403296,
        "min": 6.00267303525e-05,
        "var": 0.000117012030387
    },
    "spectral_entropy": {
        "dmean": 0.109879381955,
        "dmean2": 0.165877535939,
        "dvar": 0.0117228524759,
        "dvar2": 0.0249684844166,
        "max": 8.84925365448,
        "mean": 8.08133888245,
        "median": 8.1311674118,
        "min": 6.65720844269,
        "var": 0.0685648471117
    },
    "spectral_flux": {
        "dmean": 0.0293728094548,
        "dmean2": 0.0484560206532,
        "dvar": 0.000945803825743,
        "dvar2": 0.00231257895939,
        "max": 0.270473390818,
        "mean": 0.121988475323,
        "median": 0.11242788285,
        "min": 0.0220763031393,
        "var": 0.00154593819752
    },
    "spectral_kurtosis": {
        "dmean": 0.558407783508,
        "dmean2": 0.898443818092,
        "dvar": 0.354725211859,
        "dvar2": 0.908252954483,
        "max": 8.67181873322,
        "mean": 1.76228892803,
        "median": 1.59852600098,
        "min": -0.732526779175,
        "var": 0.943988204002
    },
    "spectral_rms": {
        "dmean": 0.000970811932348,
        "dmean2": 0.00159016775433,
        "dvar": 8.82324854956e-07,
        "dvar2": 2.21495020014e-06,
        "max": 0.0102798659354,
        "mean": 0.00618219887838,
        "median": 0.00625067576766,
        "min": 0.00189656869043,
        "var": 1.72392094555e-06
    },
    "spectral_rolloff": {
        "dmean": 1119.42712402,
        "dmean2": 1745.35656738,
        "dvar": 1246562.125,
        "dvar2": 2468380.25,
        "max": 11261.8652344,
        "mean": 3140.24975586,
        "median": 3079.24804688,
        "min": 43.06640625,
        "var": 4902848.5
    },
    "spectral_skewness": {
        "dmean": 0.125171929598,
        "dmean2": 0.189758256078,
        "dvar": 0.0144269587472,
        "dvar2": 0.0323864594102,
        "max": 2.28495287895,
        "mean": 0.986209452152,
        "median": 0.95248067379,
        "min": 0.443444281816,
        "var": 0.0557734183967
    },
    "spectral_spread": {
        "dmean": 473525,
        "dmean2": 709924.5,
        "dvar": 230034014208,
        "dvar2": 487944552448,
        "max": 11479455,
        "mean": 5633209.5,
        "median": 5548002.5,
        "min": 3036045.5,
        "var": 968755970048
    },
    "spectral_strongpeak": {
        "dmean": 0.61661785841,
        "dmean2": 1.08237910271,
        "dvar": 0.985296845436,
        "dvar2": 2.58851695061,
        "max": 8.72714710236,
        "mean": 0.871677219868,
        "median": 0.413591086864,
        "min": 0,
        "var": 1.17098999023
    },
    "zerocrossingrate": {
        "dmean": 0.0170350447297,
        "dmean2": 0.0185735989362,
        "dvar": 0.000237412750721,
        "dvar2": 0.000242368871113,
        "max": 0.39208984375,
        "mean": 0.104634553194,
        "median": 0.099609375,
        "min": 0.00537109375,
        "var": 0.00252217263915
    },
    "barkbands": {
        "dmean": [0.000763573276345, 0.00761515088379, 0.00286167161539, 0.00269082351588, 0.0018413310172, 0.00102533632889, 0.00170278921723, 0.00184084184002, 0.000973709393293, 0.000855145335663, 0.000400242919568, 0.000289619463729, 0.00061543553602, 0.000298240105622, 0.000375925359549, 0.000322144624079, 0.000308453949401, 0.000344199390383, 0.000400694174459, 0.000460641400423, 0.000446360994829, 0.000446236634161, 0.000362441409379, 0.000265801034402, 0.000181553405127, 8.36384788272e-05, 1.67991089484e-07],
        "dmean2": [0.00123964913655, 0.0115581806749, 0.004957892932, 0.00430750800297, 0.00322765600868, 0.00167674873956, 0.00283391284756, 0.00310314423405, 0.00157218473032, 0.00137867417652, 0.000680029334035, 0.000471472187201, 0.000984616228379, 0.000481403258163, 0.000597139704041, 0.0005261329934, 0.000515566323884, 0.000588245107792, 0.00066841073567, 0.000753897416871, 0.000711278640665, 0.00067767984001, 0.000550191092771, 0.000387438078178, 0.000269004842266, 0.000126453232951, 2.97331752108e-07],
        "dvar": [1.39158032653e-06, 0.000126897415612, 3.14978206006e-05, 2.86029662675e-05, 1.689531382e-05, 3.61123898074e-06, 1.08757722046e-05, 1.23736717796e-05, 5.7849397308e-06, 1.97082795239e-06, 8.54013535445e-07, 2.63417661017e-07, 1.81595248705e-06, 3.5121718156e-07, 5.0724582934e-07, 2.77696841522e-07, 1.62848010632e-07, 1.99334678541e-07, 2.00641579795e-07, 2.8108277661e-07, 2.93520741934e-07, 2.44227095436e-07, 1.74317264623e-07, 1.69931595906e-07, 1.39709911195e-07, 1.61145834454e-08, 1.14187752678e-13],
        "dvar2": [3.84065970138e-06, 0.000293969991617, 8.80627267179e-05, 6.38714773231e-05, 4.73121726827e-05, 9.12149880605e-06, 2.88030878437e-05, 3.4933022107e-05, 1.39069979923e-05, 4.69074893772e-06, 2.40885970015e-06, 6.73583429034e-07, 4.3563500185e-06, 8.60875331909e-07, 1.22542064673e-06, 6.92015873938e-07, 4.06042431678e-07, 5.38439280717e-07, 5.58932583772e-07, 7.32297507966e-07, 7.94038328422e-07, 5.78738024615e-07, 4.41979466359e-07, 3.33275295361e-07, 2.29519073969e-07, 3.53996618685e-08, 3.11951934553e-13],
        "max": [0.00804357230663, 0.100290410221, 0.0476425141096, 0.0518430098891, 0.0354238599539, 0.0185557212681, 0.0463493280113, 0.032653529197, 0.0394689142704, 0.0183627270162, 0.0149660306051, 0.00722361542284, 0.0175656955689, 0.0126196620986, 0.0101155927405, 0.00695082265884, 0.00777515443042, 0.00333619955927, 0.00409766659141, 0.00513854483142, 0.00515546323732, 0.00703681167215, 0.00563729042187, 0.00740643590689, 0.00975106004626, 0.00251726410352, 4.66934761789e-06],
        "mean": [0.00110190617852, 0.0117578068748, 0.00341076496989, 0.00312156253494, 0.00183869607281, 0.00134427775629, 0.00226492458023, 0.00270245689899, 0.00156999449246, 0.00122179673053, 0.000545990187675, 0.000419263262302, 0.000882957596332, 0.000437191076344, 0.000573146448005, 0.000538553576916, 0.000551634118892, 0.000598377315328, 0.000764040334616, 0.000956235802732, 0.00105870165862, 0.00110038218554, 0.000911304494366, 0.000654286704957, 0.00042726661195, 0.000188429083209, 1.36582997357e-07],
        "median": [0.000486623117467, 0.00668881693855, 0.00124847400002, 0.000798941357061, 0.000790977617726, 0.000440136966063, 0.000798280467279, 0.000558440922759, 0.000590233481489, 0.000632060982753, 0.000247932679486, 0.000203476316528, 0.000255077844486, 0.000216561296838, 0.000284520938294, 0.000334528944222, 0.000402799953008, 0.000463060860056, 0.000626714143436, 0.00082399637904, 0.000857212522533, 0.000948056869674, 0.000766637152992, 0.000474761676742, 0.000257715932094, 0.00014068132441, 2.48507188161e-08],
        "min": [1.48572727454e-08, 8.38649949486e-09, 5.39459001914e-08, 2.11444124432e-08, 6.20469506885e-07, 2.59129365077e-06, 2.00877366296e-06, 1.18681600725e-06, 3.16421528623e-06, 1.06186143967e-05, 1.3113890418e-06, 3.49479114448e-06, 3.60996727977e-06, 2.16763237404e-06, 4.07781135436e-06, 1.02727362901e-05, 5.75303192818e-06, 7.30182318875e-06, 3.48169191966e-06, 3.96793075197e-06, 9.88030751614e-06, 8.35309401737e-06, 4.54785595139e-06, 4.04489219363e-06, 3.69066151507e-06, 2.02261474236e-09, 6.34084278139e-12],
        "var": [2.31620970226e-06, 0.000193544648937, 2.8876684155e-05, 3.36666744261e-05, 1.18607786135e-05, 6.22918969384e-06, 1.89561633306e-05, 2.20688853005e-05, 1.41713762787e-05, 3.41087388733e-06, 1.21342077364e-06, 4.33521933019e-07, 3.39832990903e-06, 5.44632484889e-07, 9.84400116977e-07, 4.64548492118e-07, 3.21501630651e-07, 2.46659737968e-07, 3.04265682871e-07, 5.61335525617e-07, 6.94468553775e-07, 6.73679608099e-07, 5.06122319166e-07, 5.73688282657e-07, 4.61588143708e-07, 4.46716050817e-08, 9.41978699903e-14]
    },
    "erbbands": {
        "dmean": [0.325416117907, 1.39405107498, 2.95616269112, 6.20194530487, 7.75827598572, 5.74036836624, 5.83579587936, 9.0903301239, 21.4160995483, 34.2077178955, 32.347984314, 21.9347839355, 20.2540493011, 29.6675395966, 12.2776660919, 13.7018823624, 27.2570152283, 13.4850616455, 20.7012958527, 12.6681270599, 19.0404033661, 15.7450752258, 16.9998435974, 20.6461429596, 18.0091781616, 20.798658371, 21.4821414948, 16.8245983124, 16.5464859009, 13.5503807068, 10.5259027481, 6.72413492203, 4.1204123497, 2.49466133118, 1.2099417448, 0.490644663572, 0.164902791381, 0.0165104977787, 0.000287519476842, 2.40469253185e-05],
        "dmean2": [0.504676938057, 2.1363260746, 5.05286502838, 9.86060619354, 12.8937387466, 10.207110405, 10.153386116, 14.7487821579, 35.2827033997, 56.3608436584, 52.7651634216, 34.5833854675, 32.7850189209, 48.6428985596, 20.4602241516, 22.6323738098, 42.9831237793, 22.0570583344, 33.4921607971, 20.2208099365, 30.966917038, 26.0214767456, 28.8690280914, 34.616230011, 29.8305568695, 33.7668075562, 34.7254257202, 26.5902004242, 25.9489307404, 20.8576812744, 15.8215017319, 9.98299312592, 6.05868959427, 3.63966536522, 1.8194642067, 0.742718398571, 0.248842358589, 0.0261886063963, 0.000445693352958, 3.79035154765e-05],
        "dvar": [0.240273058414, 4.53879213333, 34.4163017273, 134.103546143, 237.914352417, 169.891235352, 150.257736206, 289.552703857, 2081.28955078, 4079.61791992, 4721.90917969, 3067.26391602, 1767.04296875, 3434.41674805, 397.623168945, 613.956359863, 3855.61450195, 646.553466797, 1691.88220215, 514.623535156, 1062.41601562, 407.835296631, 518.325561523, 705.125793457, 454.585327148, 621.133361816, 653.463562012, 382.146148682, 405.028198242, 206.401947021, 158.389373779, 95.2466888428, 46.125919342, 22.2689781189, 7.37073707581, 0.588768899441, 0.0701753795147, 0.000686455110554, 2.00158012831e-07, 7.88915099914e-10],
        "dvar2": [0.632684528828, 9.51252555847, 96.6603622437, 294.865264893, 627.398254395, 479.628723145, 405.254150391, 715.949768066, 5942.00537109, 10695.9189453, 12951.4658203, 6937.10693359, 4513.67529297, 8804.79199219, 1090.40161133, 1601.95800781, 9211.53515625, 1373.14782715, 4292.00878906, 1198.31616211, 2583.32324219, 1037.29272461, 1408.16052246, 1941.68261719, 1240.50537109, 1633.10168457, 1816.87805176, 1024.54418945, 978.652099609, 505.927337646, 402.223297119, 204.334289551, 89.4997711182, 37.7359428406, 13.3137159348, 1.28448307514, 0.162165462971, 0.00171320978552, 4.85768453018e-07, 1.92147742162e-09],
        "max": [3.96585869789, 18.219247818, 51.1946487427, 107.993255615, 118.104515076, 117.401283264, 166.454360962, 211.24520874, 754.110839844, 592.083129883, 877.238464355, 1123.1920166, 776.010986328, 770.082458496, 248.670532227, 341.052154541, 809.365234375, 579.499328613, 511.745666504, 456.919311523, 475.258666992, 395.977539062, 182.705505371, 284.880279541, 199.205688477, 273.911254883, 278.71887207, 190.32019043, 340.402374268, 170.978912354, 165.476821899, 168.179321289, 117.969703674, 120.130332947, 80.0599746704, 14.6085653305, 5.57810306549, 0.500896751881, 0.00914136692882, 0.000519794120919],
        "mean": [0.508078694344, 1.97606647015, 3.8037712574, 8.21420383453, 7.7703166008, 5.67167711258, 6.70923423767, 12.3985071182, 28.9095916748, 49.2108764648, 49.1027908325, 37.2547798157, 31.0005321503, 41.81665802, 19.373752594, 21.5482006073, 41.0744018555, 21.8564758301, 32.3418045044, 23.7166919708, 33.2218093872, 30.6377182007, 31.0883331299, 40.1079978943, 36.8545608521, 43.8967666626, 47.7379951477, 38.9493560791, 39.0451393127, 34.058921814, 25.0429840088, 15.7616882324, 10.0993919373, 5.6578335762, 2.50076699257, 1.02246153355, 0.326651334763, 0.0261058639735, 0.000556890154257, 8.68909482961e-05],
        "median": [0.231666445732, 1.12400174141, 1.67865931988, 3.16815137863, 2.83200287819, 2.50931334496, 2.45321846008, 4.28790092468, 9.31041812897, 16.6056003571, 14.08406353, 14.7683753967, 16.0951366425, 17.8928565979, 11.1345319748, 11.0553178787, 12.0676059723, 13.1531457901, 16.8076038361, 13.7598400116, 20.3119621277, 24.0991191864, 25.0232906342, 31.5210533142, 31.4829044342, 37.2895774841, 39.5359115601, 31.411397934, 32.0393714905, 29.5681324005, 20.7487106323, 11.8193626404, 7.0150847435, 3.40852236748, 1.51165246964, 0.695857048035, 0.234987035394, 0.0163610205054, 0.000396601710236, 8.0671197793e-05],
        "min": [1.71917440639e-06, 3.61092065759e-06, 6.7027984187e-05, 0.000437490991317, 0.000390314642573, 0.00339198647998, 0.0112393917516, 0.0455878525972, 0.0445822365582, 0.0273851715028, 0.0452494286001, 0.0959162414074, 0.329200983047, 0.206524610519, 0.0689858421683, 0.220927119255, 0.22058904171, 0.192326113582, 0.151007309556, 0.403007239103, 0.54960924387, 0.412649512291, 0.566325426102, 0.264826595783, 0.15563416481, 0.192276716232, 0.330191880465, 0.466697722673, 0.317944347858, 0.176654934883, 0.0977040752769, 0.084339722991, 0.0633771121502, 0.0544707849622, 0.00993887055665, 0.00804885011166, 0.000328427180648, 1.80869301403e-05, 1.40304618981e-05, 1.15741613627e-05],
        "var": [0.382245093584, 6.76703643799, 32.8930473328, 176.865997314, 199.811706543, 116.945922852, 160.5650177, 548.722229004, 3602.17407227, 6888.10693359, 8315.10058594, 7800.53808594, 3250.56225586, 5029.40478516, 633.076843262, 1053.23547363, 7484.49902344, 1207.6517334, 2892.42602539, 1196.29370117, 1822.70471191, 749.619140625, 616.35357666, 1044.91918945, 740.317749023, 1190.58813477, 1472.7857666, 913.554138184, 1010.96337891, 623.650024414, 418.383666992, 274.250183105, 153.171432495, 73.927230835, 19.6906547546, 1.56767523289, 0.151139497757, 0.00108360976446, 3.82120589393e-07, 1.95379756818e-09]
    },
    "gfcc": {
        "mean": [68.4633483887, 40.2095375061, -111.681037903, 48.9520530701, -70.982749939, 25.0845336914, -30.759885788, 22.6462173462, -19.2326316833, 12.567024231, -18.2953929901, 5.8424077034, -14.892660141],
        "cov": [[1227.2208252, -132.765975952, 186.142028809, 213.872695923, 128.167007446, 113.210899353, -100.090629578, -108.323394775, -191.564743042, -60.7302589417, -154.866546631, -98.8386611938, -95.7445526123], [-132.765975952, 1161.46374512, 315.659729004, 120.505912781, 152.138778687, -0.176960214972, 161.76991272, 53.3014602661, 82.4191894531, -70.6342544556, 13.938533783, -88.4375991821, -9.67238998413], [186.142028809, 315.659729004, 543.715820312, 248.386734009, 170.582946777, 91.1945037842, 66.6885147095, 34.5215454102, 17.4141235352, -9.33862495422, -3.77715706825, -7.74176120758, -34.4642219543], [213.872695923, 120.505912781, 248.386734009, 350.097137451, 215.93737793, 105.963851929, 4.56916093826, -26.1926517487, -8.50970172882, -11.2312994003, -26.6190834045, -42.1679840088, 5.45610141754], [128.167007446, 152.138778687, 170.582946777, 215.93737793, 290.55645752, 160.178894043, 58.8992042542, -13.0752801895, -8.18914890289, 24.8642787933, -20.078962326, -37.071762085, -5.78118848801], [113.210899353, -0.176960214972, 91.1945037842, 105.963851929, 160.178894043, 217.230484009, 99.3883895874, 15.9066162109, -13.1769046783, 33.4884185791, 7.52766799927, -18.5031108856, 1.21539878845], [-100.090629578, 161.76991272, 66.6885147095, 4.56916093826, 58.8992042542, 99.3883895874, 265.648590088, 130.955810547, 101.514328003, 50.6090316772, 75.6653594971, 67.0405502319, 0.427204430103], [-108.323394775, 53.3014602661, 34.5215454102, -26.1926517487, -13.0752801895, 15.9066162109, 130.955810547, 151.116287231, 118.193229675, 42.7328453064, 53.8238067627, 47.2946052551, 5.75563573837], [-191.564743042, 82.4191894531, 17.4141235352, -8.50970172882, -8.18914890289, -13.1769046783, 101.514328003, 118.193229675, 186.772033691, 83.6465835571, 68.6265335083, 51.8023910522, 18.8626213074], [-60.7302589417, -70.6342544556, -9.33862495422, -11.2312994003, 24.8642787933, 33.4884185791, 50.6090316772, 42.7328453064, 83.6465835571, 117.705543518, 66.1453323364, 42.9475288391, 6.66707324982], [-154.866546631, 13.938533783, -3.77715706825, -26.6190834045, -20.078962326, 7.52766799927, 75.6653594971, 53.8238067627, 68.6265335083, 66.1453323364, 138.884841919, 98.3131942749, 26.6456794739], [-98.8386611938, -88.4375991821, -7.74176120758, -42.1679840088, -37.071762085, -18.5031108856, 67.0405502319, 47.2946052551, 51.8023910522, 42.9475288391, 98.3131942749, 143.057632446, 46.2622795105], [-95.7445526123, -9.67238998413, -34.4642219543, 5.45610141754, -5.78118848801, 1.21539878845, 0.427204430103, 5.75563573837, 18.8626213074, 6.66707324982, 26.6456794739, 46.2622795105, 84.1018371582]],
        "icov": [[0.0014866424026, -0.000317237514537, 0.000171926716575, -0.00133189558983, 0.000939632882364, -0.00114100507926, 0.000802229216788, -0.000860141648445, 0.00177678547334, -0.00141741312109, 0.00241476576775, -0.00208673835732, 0.00204535410739], [-0.000317237514537, 0.00264185387641, -0.00175753002986, 0.00187662208918, -0.00255905487575, 0.00311768031679, -0.00313748023473, 0.00225321063772, -0.00227588252164, 0.00366144813597, -0.004281737376, 0.0059627420269, -0.00296171708032], [0.000171926716575, -0.00175753002986, 0.0043657803908, -0.00342369894497, 0.00130382040516, -0.00226690853015, 0.00217688293196, -0.00261068879627, 0.00140623759944, -0.00152981607243, 0.00291803944856, -0.00521661015227, 0.00404565501958], [-0.00133189558983, 0.00187662208918, -0.00342369894497, 0.00965199247003, -0.00669024186209, 0.00235958886333, -0.00136742356699, 0.00346528645605, -0.00474889017642, 0.00555127719417, -0.00549862999469, 0.00649990141392, -0.00526211597025], [0.000939632882364, -0.00255905487575, 0.00130382040516, -0.00669024186209, 0.0127849290147, -0.00755918351933, 0.0016662516864, -0.000403917831136, 0.00273439497687, -0.00652132555842, 0.00698911957443, -0.00623283861205, 0.00386886438355], [-0.00114100507926, 0.00311768031679, -0.00226690853015, 0.00235958886333, -0.00755918351933, 0.0159102026373, -0.00863811280578, 0.00127341796178, 0.00258621526882, -9.34404015425e-05, -0.00713026383892, 0.0119138807058, -0.0076823621057], [0.000802229216788, -0.00313748023473, 0.00217688293196, -0.00136742356699, 0.0016662516864, -0.00863811280578, 0.0142411002889, -0.0087506165728, 0.000679400633089, -0.00147109024692, 0.00424485234544, -0.011136431247, 0.0070443530567], [-0.000860141648445, 0.00225321063772, -0.00261068879627, 0.00346528645605, -0.000403917831136, 0.00127341796178, -0.0087506165728, 0.0224694870412, -0.0133885592222, 0.00657194666564, -0.00423900643364, 0.00500172702596, -0.00248062820174], [0.00177678547334, -0.00227588252164, 0.00140623759944, -0.00474889017642, 0.00273439497687, 0.00258621526882, 0.000679400633089, -0.0133885592222, 0.021902911365, -0.0146349268034, 0.00484734633937, -0.00329672382213, 0.000234153849306], [-0.00141741312109, 0.00366144813597, -0.00152981607243, 0.00555127719417, -0.00652132555842, -9.34404015425e-05, -0.00147109024692, 0.00657194666564, -0.0146349268034, 0.0253067631274, -0.0128676993772, 0.0066399872303, -0.00136825686786], [0.00241476576775, -0.004281737376, 0.00291803944856, -0.00549862999469, 0.00698911957443, -0.00713026383892, 0.00424485234544, -0.00423900643364, 0.00484734633937, -0.0128676993772, 0.0274865422398, -0.0213979687542, 0.00765606155619], [-0.00208673835732, 0.0059627420269, -0.00521661015227, 0.00649990141392, -0.00623283861205, 0.0119138807058, -0.011136431247, 0.00500172702596, -0.00329672382213, 0.0066399872303, -0.0213979687542, 0.0336502976716, -0.0166533198208], [0.00204535410739, -0.00296171708032, 0.00404565501958, -0.00526211597025, 0.00386886438355, -0.0076823621057, 0.0070443530567, -0.00248062820174, 0.000234153849306, -0.00136825686786, 0.00765606155619, -0.0166533198208, 0.0231793113053]]
    },
    "melbands": {
        "dmean": [0.00245812232606, 0.0014208961511, 0.00109143287409, 0.000481579103507, 0.000198343594093, 0.000205907781492, 0.000334724405548, 0.000387624953873, 0.000248315394856, 0.000137047434691, 0.000105222148704, 0.000127984574647, 4.57833484688e-05, 3.18867278111e-05, 6.28125199e-05, 4.62212010461e-05, 2.586163464e-05, 3.58835859515e-05, 2.2946338504e-05, 1.90486534848e-05, 2.40602457779e-05, 1.72040308826e-05, 1.8550294044e-05, 1.76425273821e-05, 1.86048000614e-05, 1.50888054122e-05, 1.50681144078e-05, 1.46058509927e-05, 1.6079404304e-05, 1.16913161037e-05, 1.09384491225e-05, 1.03913644125e-05, 9.00536360859e-06, 8.01008172857e-06, 6.91827062838e-06, 5.31633440914e-06, 4.19134812546e-06, 3.38997665494e-06, 2.59850162365e-06, 2.19821458813e-06],
        "dmean2": [0.00378846446984, 0.00235306960531, 0.00174007017631, 0.000835949555039, 0.000346807413734, 0.000334649230354, 0.000553998048417, 0.000641774735413, 0.000398973556003, 0.000216292974073, 0.000171559586306, 0.00020946591394, 7.64404903748e-05, 5.32885605935e-05, 0.000101936850115, 7.34967106837e-05, 4.26338447141e-05, 5.8821260609e-05, 3.63491417374e-05, 3.15082943416e-05, 3.97147014155e-05, 2.85080968752e-05, 3.0726660043e-05, 3.03331944451e-05, 3.11946314469e-05, 2.54128972301e-05, 2.46094496106e-05, 2.42313344643e-05, 2.6172348953e-05, 1.93289997696e-05, 1.74956348928e-05, 1.6375866835e-05, 1.42020735439e-05, 1.2560722098e-05, 1.0822492186e-05, 8.14918257674e-06, 6.45743921268e-06, 5.1657352742e-06, 3.9286487663e-06, 3.31563023792e-06],
        "dvar": [1.37285896926e-05, 5.37069354323e-06, 4.00913540943e-06, 1.13277667424e-06, 1.57513014187e-07, 1.43538542829e-07, 4.76023188867e-07, 5.28049952209e-07, 2.66499370127e-07, 1.23648973727e-07, 4.70460648216e-08, 6.16830888589e-08, 7.12127823377e-09, 3.35997407674e-09, 1.85772908168e-08, 1.01608526037e-08, 2.76807843314e-09, 5.17034948189e-09, 1.98508720572e-09, 8.74568029108e-10, 1.71258063286e-09, 6.5021504847e-10, 4.4748890704e-10, 5.87000448249e-10, 5.90633264519e-10, 3.15109244253e-10, 2.98104485541e-10, 3.1171903947e-10, 3.75770636829e-10, 2.30988714267e-10, 1.64239968847e-10, 1.53294335559e-10, 1.01454226964e-10, 7.78777528576e-11, 7.11019368382e-11, 5.0480414987e-11, 3.8147401904e-11, 3.32057957519e-11, 1.63614885529e-11, 2.16448733936e-11],
        "dvar2": [3.381156057e-05, 1.4183939129e-05, 9.07983758225e-06, 3.15905231218e-06, 4.20662388478e-07, 3.56197745077e-07, 1.32511672746e-06, 1.41780537888e-06, 7.07985975623e-07, 2.87129722665e-07, 1.18586974907e-07, 1.56542924401e-07, 1.93992679698e-08, 8.85912854187e-09, 4.4440909619e-08, 2.3826737916e-08, 6.1613292246e-09, 1.31172148699e-08, 4.28894164628e-09, 2.31749086588e-09, 4.14910550361e-09, 1.63793922869e-09, 1.18218013156e-09, 1.62741076171e-09, 1.63233815353e-09, 8.61870574909e-10, 7.88655030171e-10, 8.21917367499e-10, 1.03485053859e-09, 6.15231976475e-10, 4.40033370852e-10, 3.78902159648e-10, 2.50493431553e-10, 2.02754771306e-10, 1.87931031848e-10, 1.1641561326e-10, 8.56358040036e-11, 6.80923581409e-11, 3.62216784344e-11, 3.80295551994e-11],
        "max": [0.0318659543991, 0.0214888341725, 0.0178056843579, 0.00875882431865, 0.00488929450512, 0.0043241889216, 0.010978512466, 0.00729470653459, 0.00652733445168, 0.00617172941566, 0.00385290337726, 0.00316755380481, 0.00108847627416, 0.000875409226865, 0.00191360735334, 0.00136608234607, 0.00116131675895, 0.000921063532587, 0.000669115397613, 0.00045814900659, 0.000594651268329, 0.000583836168516, 0.00016028767277, 0.000177332447493, 0.0002654834243, 0.000198732595891, 0.000212735656532, 0.000166645666468, 0.000268359610345, 0.000156159119797, 0.000142579825479, 0.000178236470674, 0.00013372367539, 9.5349350886e-05, 8.08106706245e-05, 0.000125471517094, 0.000102020887425, 8.96706842468e-05, 8.04697920103e-05, 0.000127828345285],
        "mean": [0.00379335624166, 0.00215839012526, 0.0014114419464, 0.000473410560517, 0.000230892881518, 0.000277621671557, 0.000452357024187, 0.000564295682125, 0.00037858041469, 0.000221704525757, 0.000154145498527, 0.000175771318027, 6.77561911289e-05, 4.65662742499e-05, 9.359086107e-05, 6.60853766021e-05, 3.79170814995e-05, 5.25428731635e-05, 3.71370115317e-05, 3.1256571674e-05, 4.02660880354e-05, 3.04570075969e-05, 3.1500509067e-05, 2.78421794064e-05, 3.31983392243e-05, 2.74672220257e-05, 2.76222690445e-05, 2.86643626168e-05, 3.18169368256e-05, 2.44420825766e-05, 2.21853006224e-05, 2.20485071623e-05, 2.07840348594e-05, 1.80868664756e-05, 1.49032284753e-05, 1.17390391097e-05, 8.77327602211e-06, 7.5197467595e-06, 5.64000993108e-06, 4.47590946351e-06],
        "median": [0.00198928662576, 0.00128821167164, 0.000579246669076, 0.000193331710761, 9.32018592721e-05, 8.93740361789e-05, 0.000142687276821, 0.000176521658432, 0.000115385650133, 8.46670009196e-05, 7.54623906687e-05, 7.14419729775e-05, 3.53139184881e-05, 2.25737858273e-05, 2.86633203359e-05, 2.29328325076e-05, 1.97563840629e-05, 2.49965687544e-05, 1.9256835003e-05, 1.95845732378e-05, 2.32260390476e-05, 2.16572861973e-05, 2.41087254835e-05, 2.07068351301e-05, 2.49917484325e-05, 2.1811662009e-05, 2.26036136155e-05, 2.3923423214e-05, 2.50831853918e-05, 1.90405680769e-05, 1.7307975213e-05, 1.69695322256e-05, 1.80362967512e-05, 1.49698935275e-05, 1.18390262287e-05, 9.25257336348e-06, 6.33829540675e-06, 5.07136610395e-06, 3.74412206838e-06, 2.45604132942e-06],
        "min": [1.53726364971e-08, 2.20650804295e-08, 1.87688229403e-08, 4.38338005893e-08, 4.18704303229e-07, 7.02793442997e-07, 4.56966006368e-07, 2.70918462775e-07, 2.04714211804e-07, 5.98123165219e-07, 1.65634219229e-06, 8.98993846477e-07, 1.94418802835e-07, 3.18691462553e-07, 3.74424047322e-07, 3.55714036004e-07, 2.12119857679e-07, 1.49859261001e-07, 3.07527812993e-07, 6.29384317108e-07, 5.44262434232e-07, 3.27019620272e-07, 2.43710388759e-07, 3.61080225275e-07, 1.99161817704e-07, 1.1027648128e-07, 1.14012649988e-07, 9.73385070324e-08, 1.71197754639e-07, 2.08037164384e-07, 2.06526507895e-07, 2.32321653471e-07, 7.91436960412e-08, 1.06912736442e-07, 4.46370478357e-08, 5.53197452291e-08, 3.6542370907e-08, 4.05198328224e-08, 3.25374465149e-08, 1.60627671164e-08],
