{
"highlevel": {
    "danceability": {
        "all": {
            "danceable": 0.999927699566,
            "not_danceable": 7.22812910681e-05
        },
        "probability": 0.999927699566,
        "value": "danceable"
    },
    "gender": {
        "all": {
            "female": 0.852457880974,
            "male": 0.147542119026
        },
        "probability": 0.852457880974,
        "value": "female"
    },
    "genre_dortmund": {
        "all": {
            "alternative": 0.00400309031829,
            "blues": 0.0102833481506,
            "electronic": 0.0145678343251,
            "folkcountry": 0.0141725949943,
            "funksoulrnb": 0.0245301295072,
            "jazz": 0.0309423990548,
            "pop": 0.0189118497074,
            "raphiphop": 0.873851060867,
            "rock": 0.0087376749143
        },
        "probability": 0.873851060867,
        "value": "raphiphop"
    },
    "genre_electronic": {
        "all": {
            "ambient": 0.203370332718,
            "dnb": 0.251436501741,
            "house": 0.385205715895,
            "techno": 0.0167379807681,
            "trance": 0.143249481916
        },
        "probability": 0.385205715895,
        "value": "house"
    },
    "genre_rosamerica": {
        "all": {
            "cla": 0.00719813629985,
            "dan": 0.0536339059472,
            "hip": 0.264609396458,
            "jaz": 0.00927645526826,
            "pop": 0.439288437366,
            "rhy": 0.183478817344,
            "roc": 0.0364832170308,
            "spe": 0.00603163382038
        },
        "probability": 0.439288437366,
        "value": "pop"
    },
    "genre_tzanetakis": {
        "all": {
            "blu": 0.0622663982213,
            "cla": 0.0345780998468,
            "cou": 0.103735685349,
            "dis": 0.0518908686936,
            "hip": 0.155698984861,
            "jaz": 0.311586618423,
            "met": 0.0519040971994,
            "pop": 0.0622744634748,
            "reg": 0.0622723288834,
            "roc": 0.103792458773
        },
        "probability": 0.311586618423,
        "value": "jaz"
    },
    "ismir04_rhythm": {
        "all": {
            "ChaChaCha": 0.0420903898776,
            "Jive": 0.0375353060663,
            "Quickstep": 0.298798710108,
            "Rumba-American": 0.0175835583359,
            "Rumba-International": 0.0409047752619,
            "Rumba-Misc": 0.0250281970948,
            "Samba": 0.476824134588,
            "Tango": 0.0116874240339,
            "VienneseWaltz": 0.0322037786245,
            "Waltz": 0.0173437222838
        },
        "probability": 0.476824134588,
        "value": "Samba"
    },
    "mood_acoustic": {
        "all": {
            "acoustic": 0.031856212765,
            "not_acoustic": 0.968143761158
        },
        "probability": 0.968143761158,
        "value": "not_acoustic"
    },
    "mood_aggressive": {
        "all": {
            "aggressive": 0.214625999331,
            "not_aggressive": 0.785373985767
        },
        "probability": 0.785373985767,
        "value": "not_aggressive"
    },
    "mood_electronic": {
        "all": {
            "electronic": 0.443343341351,
            "not_electronic": 0.556656658649
        },
        "probability": 0.556656658649,
        "value": "not_electronic"
    },
    "mood_happy": {
        "all": {
            "happy": 0.719353497028,
            "not_happy": 0.280646502972
        },
        "probability": 0.719353497028,
        "value": "happy"
    },
    "mood_party": {
        "all": {
            "not_party": 0.5,
            "party": 0.5
        },
        "probability": 0.5,
        "value": "not_party"
    },
    "mood_relaxed": {
        "all": {
            "not_relaxed": 0.326975911856,
            "relaxed": 0.673024058342
        },
        "probability": 0.673024058342,
        "value": "relaxed"
    },
    "mood_sad": {
        "all": {
            "not_sad": 0.430665552616,
            "sad": 0.569334447384
        },
        "probability": 0.569334447384,
        "value": "sad"
    },
    "moods_mirex": {
        "all": {
            "Cluster1": 0.13961660862,
            "Cluster2": 0.279468864202,
            "Cluster3": 0.112097389996,
            "Cluster4": 0.13305157423,
            "Cluster5": 0.3357655406
        },
        "probability": 0.3357655406,
        "value": "Cluster5"
    },
    "timbre": {
        "all": {
            "bright": 0.992414414883,
            "dark": 0.00758556928486
        },
        "probability": 0.992414414883,
        "value": "bright"
    },
    "tonal_atonal": {
        "all": {
            "atonal": 0.0109012760222,
            "tonal": 0.989098727703
        },
        "probability": 0.989098727703,
        "value": "tonal"
    },
    "voice_instrumental": {
        "all": {
            "instrumental": 0.101918168366,
            "voice": 0.898081839085
        },
        "probability": 0.898081839085,
        "value": "voice"
    }
},
"lowlevel": {
    "average_loudness": 0.98176497221,
    "barkbands_crest": {
        "dmean": 3.40250921249,
        "dmean2": 5.27628040314,
        "dvar": 13.4051733017,
        "dvar2": 29.9062614441,
        "max": 26.3380489349,
        "mean": 14.1785593033,
        "median": 13.640162468,
        "min": 2.39931631088,
        "var": 31.1675281525
    },
    "barkbands_flatness_db": {
        "dmean": 0.0363563969731,
        "dmean2": 0.048027291894,
        "dvar": 0.00140327925328,
        "dvar2": 0.00275079999119,
        "max": 0.449846714735,
        "mean": 0.18902246654,
        "median": 0.184046983719,
        "min": 0.0341479741037,
        "var": 0.00451938714832
    },
    "barkbands_kurtosis": {
        "dmean": 9.09664821625,
        "dmean2": 12.6258506775,
        "dvar": 394.689910889,
        "dvar2": 776.389770508,
        "max": 297.946533203,
        "mean": 11.7918319702,
        "median": 2.66844511032,
        "min": -1.75106489658,
        "var": 746.561889648
    },
    "barkbands_skewness": {
        "dmean": 0.979555130005,
        "dmean2": 1.34095036983,
        "dvar": 1.44697010517,
        "dvar2": 2.71410274506,
        "max": 13.6728553772,
        "mean": 2.32283639908,
        "median": 1.6237424612,
        "min": -1.47765624523,
        "var": 4.73832416534
    },
    "barkbands_spread": {
        "dmean": 7.43675374985,
        "dmean2": 11.070936203,
        "dvar": 86.8124923706,
        "dvar2": 197.733444214,
        "max": 98.5200119019,
        "mean": 20.2194824219,
        "median": 18.0950222015,
        "min": 0.419045835733,
        "var": 178.864105225
    },
    "dissonance": {
        "dmean": 0.0258474238217,
        "dmean2": 0.0417213328183,
        "dvar": 0.000632780371234,
        "dvar2": 0.00170506944414,
        "max": 0.499739557505,
        "mean": 0.448672890663,
        "median": 0.457954406738,
        "min": 0.237615570426,
        "var": 0.00149557145778
    },
    "dynamic_complexity": 2.10043644905,
    "erbbands_crest": {
        "dmean": 3.11532282829,
        "dmean2": 4.87299633026,
        "dvar": 8.39844799042,
        "dvar2": 18.1119976044,
        "max": 28.7713985443,
        "mean": 9.99917888641,
        "median": 9.08219718933,
        "min": 2.48053717613,
        "var": 22.9563350677
    },
    "erbbands_flatness_db": {
        "dmean": 0.023502772674,
        "dmean2": 0.0316441394389,
        "dvar": 0.000545496004634,
        "dvar2": 0.00086857099086,
        "max": 0.352672547102,
        "mean": 0.164333492517,
        "median": 0.161766946316,
        "min": 0.0541903749108,
        "var": 0.00288584642112
    },
    "erbbands_kurtosis": {
        "dmean": 1.19587910175,
        "dmean2": 1.789290905,
        "dvar": 2.94217801094,
        "dvar2": 6.0663728714,
        "max": 18.5350914001,
        "mean": 0.811131954193,
        "median": -0.112278461456,
        "min": -1.67344224453,
        "var": 6.90833854675
    },
    "erbbands_skewness": {
        "dmean": 0.408724159002,
        "dmean2": 0.589951634407,
        "dvar": 0.142966613173,
        "dvar2": 0.300761908293,
        "max": 3.40637922287,
        "mean": 0.414337128401,
        "median": 0.396256089211,
        "min": -3.3121304512,
        "var": 0.658348202705
    },
    "erbbands_spread": {
        "dmean": 11.3515272141,
        "dmean2": 15.5946407318,
        "dvar": 186.608062744,
        "dvar2": 345.783294678,
        "max": 160.684799194,
        "mean": 42.1112365723,
        "median": 36.9955444336,
        "min": 5.42463064194,
        "var": 617.116943359
    },
    "hfc": {
        "dmean": 14.676486969,
        "dmean2": 21.4553928375,
        "dvar": 524.309204102,
        "dvar2": 1222.66967773,
        "max": 144.782058716,
        "mean": 26.3769512177,
        "median": 20.2929649353,
        "min": 0.38633877039,
        "var": 684.19329834
    },
    "melbands_crest": {
        "dmean": 4.08967351913,
        "dmean2": 5.91405200958,
        "dvar": 17.8556175232,
        "dvar2": 36.6866493225,
        "max": 38.2732276917,
        "mean": 20.3824958801,
        "median": 19.3897209167,
        "min": 3.30467534065,
        "var": 66.6234436035
    },
    "melbands_flatness_db": {
        "dmean": 0.0401612147689,
        "dmean2": 0.0534366592765,
        "dvar": 0.00193956156727,
        "dvar2": 0.00376648991369,
        "max": 0.55376636982,
        "mean": 0.232454821467,
        "median": 0.224931791425,
        "min": 0.0244825799018,
        "var": 0.00699212308973
    },
    "melbands_kurtosis": {
        "dmean": 28.4880809784,
        "dmean2": 40.444896698,
        "dvar": 4798.35791016,
        "dvar2": 9098.12402344,
        "max": 1130.9206543,
        "mean": 40.3689079285,
        "median": 9.2204656601,
        "min": -1.34888446331,
        "var": 9340.60449219
    },
    "melbands_skewness": {
        "dmean": 1.51499128342,
        "dmean2": 2.11144757271,
        "dvar": 4.18485116959,
        "dvar2": 7.37741518021,
        "max": 29.0715332031,
        "mean": 3.96429133415,
        "median": 2.6223526001,
        "min": -0.38263759017,
        "var": 13.9819440842
    },
    "melbands_spread": {
        "dmean": 8.54613113403,
        "dmean2": 13.1139440536,
        "dvar": 184.456665039,
        "dvar2": 407.683105469,
        "max": 237.072418213,
        "mean": 19.9488162994,
        "median": 17.039773941,
        "min": 0.212559819221,
        "var": 319.957855225
    },
    "pitch_salience": {
        "dmean": 0.0941540002823,
        "dmean2": 0.145381957293,
        "dvar": 0.0111481817439,
        "dvar2": 0.0243927761912,
        "max": 0.871405124664,
        "mean": 0.422108888626,
        "median": 0.423478335142,
        "min": 0.0332376733422,
        "var": 0.0308179985732
    },
    "silence_rate_20dB": {
        "dmean": 0,
        "dmean2": 0,
        "dvar": 0,
        "dvar2": 0,
        "max": 1,
        "mean": 1,
        "median": 1,
        "min": 1,
        "var": 0
    },
    "silence_rate_30dB": {
        "dmean": 0.0696594417095,
        "dmean2": 0.139426797628,
        "dvar": 0.0648068115115,
        "dvar2": 0.124634310603,
        "max": 1,
        "mean": 0.879350364208,
        "median": 1,
        "min": 0,
        "var": 0.10609357059
    },
    "silence_rate_60dB": {
        "dmean": 0.0386996902525,
        "dmean2": 0.0774593353271,
        "dvar": 0.0372025445104,
        "dvar2": 0.090047813952,
        "max": 1,
        "mean": 0.0324825979769,
        "median": 0,
        "min": 0,
        "var": 0.0314275994897
    },
    "spectral_centroid": {
        "dmean": 290.579101562,
        "dmean2": 419.830932617,
        "dvar": 108095.65625,
        "dvar2": 230522.640625,
        "max": 4808.49658203,
        "mean": 1434.99279785,
        "median": 1345.0715332,
        "min": 309.20022583,
        "var": 358274.78125
    },
    "spectral_complexity": {
        "dmean": 5.46904039383,
        "dmean2": 7.74360942841,
        "dvar": 52.2197303772,
        "dvar2": 95.8422164917,
        "max": 55,
        "mean": 16.1368904114,
        "median": 14,
        "min": 0,
        "var": 106.402915955
    },
    "spectral_decrease": {
        "dmean": 5.09405939653e-09,
        "dmean2": 6.93042068178e-09,
        "dvar": 6.23368603576e-17,
        "dvar2": 9.54261892072e-17,
        "max": -1.30533986398e-10,
        "mean": -1.24188304085e-08,
        "median": -8.30326296608e-09,
        "min": -7.00171156609e-08,
        "var": 1.68839408248e-16
    },
    "spectral_energy": {
        "dmean": 0.0200326293707,
        "dmean2": 0.0270451493561,
        "dvar": 0.000903580861632,
        "dvar2": 0.00137542106677,
        "max": 0.268081575632,
        "mean": 0.049263972789,
        "median": 0.0331189185381,
        "min": 0.000538023828994,
        "var": 0.00249972357415
    },
    "spectral_energyband_high": {
        "dmean": 0.00109514163341,
        "dmean2": 0.0016398356529,
        "dvar": 4.56257248516e-06,
        "dvar2": 1.03283273347e-05,
        "max": 0.0124557707459,
        "mean": 0.00131353677716,
        "median": 0.000446173391538,
        "min": 2.27588157031e-06,
        "var": 5.14539487995e-06
    },
    "spectral_energyband_low": {
        "dmean": 0.014775457792,
        "dmean2": 0.0204742457718,
        "dvar": 0.000987271894701,
        "dvar2": 0.00161422835663,
        "max": 0.261139243841,
        "mean": 0.0310501158237,
        "median": 0.0158921424299,
        "min": 2.87187820192e-08,
        "var": 0.00236370530911
    },
    "spectral_energyband_middle_high": {
        "dmean": 0.00316042243503,
        "dmean2": 0.00467361602932,
        "dvar": 1.79328762897e-05,
        "dvar2": 3.96487594116e-05,
        "max": 0.047687843442,
        "mean": 0.0061800503172,
        "median": 0.00452798651531,
        "min": 4.08823871112e-05,
        "var": 3.85794883186e-05
    },
    "spectral_energyband_middle_low": {
        "dmean": 0.00607776083052,
        "dmean2": 0.00962197873741,
        "dvar": 8.94890690688e-05,
        "dvar2": 0.00022285549494,
        "max": 0.123567357659,
        "mean": 0.0111553398892,
        "median": 0.00773381907493,
        "min": 0.000104568222014,
        "var": 0.000139946569107
    },
    "spectral_entropy": {
        "dmean": 0.229174047709,
        "dmean2": 0.29577255249,
        "dvar": 0.048512276262,
        "dvar2": 0.0907894149423,
        "max": 8.58247184753,
        "mean": 7.50048875809,
        "median": 7.45566940308,
        "min": 6.23338937759,
        "var": 0.211515665054
    },
    "spectral_flux": {
        "dmean": 0.0460307635367,
        "dmean2": 0.0687140896916,
        "dvar": 0.0026689672377,
        "dvar2": 0.00540489610285,
        "max": 0.417746037245,
        "mean": 0.107221089303,
        "median": 0.0836945995688,
        "min": 0.00775734055787,
        "var": 0.00605447590351
    },
    "spectral_kurtosis": {
        "dmean": 1.46190047264,
        "dmean2": 2.27596592903,
        "dvar": 2.12073040009,
        "dvar2": 5.01860141754,
        "max": 15.0336112976,
        "mean": 3.55867910385,
        "median": 3.04449462891,
        "min": -0.829171895981,
        "var": 6.34726428986
    },
    "spectral_rms": {
        "dmean": 0.00132699299138,
        "dmean2": 0.0017528696917,
        "dvar": 2.67602194981e-06,
        "dvar2": 3.71092505702e-06,
        "max": 0.016172291711,
        "mean": 0.00623776903376,
        "median": 0.00568428914994,
        "min": 0.000724500685465,
        "var": 9.15262899071e-06
    },
    "spectral_rolloff": {
        "dmean": 609.69720459,
        "dmean2": 1027.14001465,
        "dvar": 1144512.25,
        "dvar2": 2690542,
        "max": 10249.8046875,
        "mean": 1216.56921387,
        "median": 925.927734375,
        "min": 43.06640625,
        "var": 1788098.625
    },
    "spectral_skewness": {
        "dmean": 0.238197535276,
        "dmean2": 0.33972966671,
        "dvar": 0.0432821847498,
        "dvar2": 0.0943951383233,
        "max": 2.92229342461,
        "mean": 1.44384551048,
        "median": 1.41572356224,
        "min": 0.140592798591,
        "var": 0.211792364717
    },
    "spectral_spread": {
        "dmean": 677933.25,
        "dmean2": 924614.6875,
        "dvar": 562466979840,
        "dvar2": 978179522560,
        "max": 11164019,
        "mean": 4905583.5,
        "median": 4575033,
        "min": 2468259.25,
        "var": 1.89086000742e+12
    },
    "spectral_strongpeak": {
        "dmean": 0.476272881031,
        "dmean2": 0.778337597847,
        "dvar": 0.766403377056,
        "dvar2": 1.68433737755,
        "max": 9.03057479858,
        "mean": 0.939752042294,
        "median": 0.421178489923,
        "min": 0,
        "var": 1.36922395229
    },
    "zerocrossingrate": {
        "dmean": 0.0129647739232,
        "dmean2": 0.0148065332323,
        "dvar": 0.000236479419982,
        "dvar2": 0.000267639523372,
        "max": 0.3193359375,
        "mean": 0.0510082095861,
        "median": 0.046875,
        "min": 0.00244140625,
        "var": 0.00116947793867
    },
    "barkbands": {
        "dmean": [0.00227735145018, 0.0138418134302, 0.00146122893784, 0.000707685016096, 0.00212169531733, 0.000849242438562, 0.000898100726772, 0.000948005064856, 0.00228322832845, 0.000701419019606, 0.000858904677443, 0.000395437004045, 0.000527460419107, 0.000277485145489, 0.000552752462681, 0.000385743536754, 0.000347497814801, 0.000317516300129, 0.00024753814796, 0.00015827997413, 0.000159783332492, 0.000245871808147, 0.000260137661826, 0.000260782166151, 0.000103777485492, 7.09775995347e-05, 6.43461817162e-07],
        "dmean2": [0.00300319376402, 0.019828049466, 0.0026629504282, 0.00110564823262, 0.00349843222648, 0.00143331440631, 0.00141185673419, 0.00145139801316, 0.00349892512895, 0.00101356883533, 0.00127205823082, 0.000610668328591, 0.000842717534397, 0.000437863433035, 0.00087973306654, 0.000637120916508, 0.000566135800909, 0.000520758097991, 0.000401004363084, 0.000246987357968, 0.000246092531597, 0.000383950828109, 0.000397624564357, 0.000392137560993, 0.000159255083418, 0.00011963040015, 1.09499205792e-06],
        "dvar": [3.36577286362e-05, 0.000965980580077, 2.57272495219e-05, 4.05813443649e-06, 3.72978429368e-05, 3.75859303858e-06, 3.45293210557e-06, 3.69592521565e-06, 2.44808670686e-05, 3.70176962861e-06, 5.46600222151e-06, 8.67071321409e-07, 1.57092563313e-06, 4.59593422875e-07, 1.34013737352e-06, 6.21352000962e-07, 5.48784726107e-07, 3.01240561384e-07, 2.14611915794e-07, 7.34725134066e-08, 1.04220234221e-07, 2.53344126122e-07, 2.87778391339e-07, 3.29988296244e-07, 5.45696927645e-08, 3.77746083302e-08, 5.13902418883e-12],
        "dvar2": [5.73498655285e-05, 0.0017098498065, 7.39496099413e-05, 8.75041769177e-06, 9.70731125562e-05, 1.02721742223e-05, 7.65399090596e-06, 7.45241231925e-06, 5.27897645952e-05, 7.83416544436e-06, 1.23794989122e-05, 2.00826889341e-06, 3.89027354686e-06, 1.18806212868e-06, 3.10478708343e-06, 1.60239983416e-06, 1.46174591009e-06, 7.96640222234e-07, 5.63372736906e-07, 1.6807865677e-07, 2.37413203763e-07, 6.36344680061e-07, 6.74228601838e-07, 7.19938270777e-07, 1.30166057488e-07, 1.00405408432e-07, 1.25011563601e-11],
        "max": [0.0503468960524, 0.251096129417, 0.0511263087392, 0.0331434533, 0.088401786983, 0.0244631320238, 0.0317458845675, 0.0307672414929, 0.0622303336859, 0.0388132445514, 0.0341067649424, 0.0145942242816, 0.0173466857523, 0.0135173415765, 0.0174853149801, 0.00845475122333, 0.00813667383045, 0.00409177877009, 0.00552003458142, 0.00237256591208, 0.00289726583287, 0.00478586833924, 0.00406188936904, 0.00440321722999, 0.00228465627879, 0.00198841327801, 2.86823287752e-05],
        "mean": [0.00303499610163, 0.0264123026282, 0.00142782740295, 0.000742906879168, 0.00250896112993, 0.0010112663731, 0.00140808173455, 0.0013775061816, 0.00357618788257, 0.00118888157886, 0.00123856496066, 0.000640586949885, 0.000621935061645, 0.000329128175508, 0.000694806512911, 0.000475212204037, 0.000423516961746, 0.000396972551243, 0.000328297464876, 0.000208878904232, 0.000188255202374, 0.000290529162157, 0.000283230066998, 0.000285295333015, 0.000111234359792, 5.79783481953e-05, 4.81318181755e-07],
        "median": [8.30050266813e-05, 0.0141365434974, 0.000112154601084, 7.74673389969e-05, 0.000772213796154, 0.000315357669024, 0.00039649347309, 0.000324273074511, 0.00046756590018, 0.0002243880881, 0.000184087650268, 0.000116548864753, 0.00013676090748, 7.08309598849e-05, 0.000138741525006, 0.000128056271933, 0.000139518990181, 0.000171464824234, 0.000135674898047, 8.63017776283e-05, 6.63812534185e-05, 7.61019546189e-05, 6.68469801894e-05, 7.33659471734e-05, 2.61242694251e-05, 7.01767021383e-06, 8.90959805933e-10],
        "min": [1.24226295917e-10, 9.38400579464e-10, 2.43730702287e-09, 3.47180950655e-09, 1.94287463273e-06, 4.43928684035e-07, 7.13183851531e-07, 4.9907561106e-07, 3.82516464015e-06, 1.66632469245e-06, 7.95686617039e-07, 7.10666256509e-07, 7.0679647024e-07, 3.32751085352e-07, 5.81728556881e-07, 7.01739566011e-07, 6.99904887824e-07, 4.19208646463e-07, 5.95507003709e-07, 3.32170515094e-07, 7.5529806054e-07, 2.40517579186e-07, 1.42458105756e-07, 2.17503810518e-08, 1.88389900901e-10, 1.14909835119e-11, 9.8216842645e-12],
        "var": [5.55855367566e-05, 0.00188928039279, 1.68452552316e-05, 5.98359429205e-06, 3.67213870049e-05, 3.85379462386e-06, 7.86494729255e-06, 6.85502891429e-06, 5.07807417307e-05, 7.09214191374e-06, 8.96635174286e-06, 2.07232778848e-06, 1.95877782971e-06, 5.93817958361e-07, 1.91110893866e-06, 8.45191891585e-07, 5.57119165023e-07, 3.37779425763e-07, 2.69840768397e-07, 9.82683090456e-08, 1.13288514569e-07, 2.62185949396e-07, 3.02494555626e-07, 3.7536406694e-07, 5.56301138488e-08, 2.89019670419e-08, 4.21154430774e-12]
    },
    "erbbands": {
        "dmean": [0.612932026386, 2.7640478611, 2.38702368736, 1.79630637169, 4.46552228928, 7.73321533203, 7.87703800201, 6.57020664215, 11.3601999283, 14.7495946884, 24.2085285187, 61.5109634399, 23.5850734711, 22.6262359619, 32.4314308167, 16.6116580963, 22.2428512573, 14.852063179, 28.8159198761, 22.0599422455, 16.9071922302, 17.3445396423, 18.162481308, 13.2805376053, 11.1466064453, 7.55319547653, 6.23957586288, 7.13678312302, 8.69108295441, 8.35170650482, 6.94679164886, 6.26384353638, 3.71090841293, 1.40917539597, 0.720814883709, 0.418085098267, 0.11077850312, 0.00880633387715, 0.000243427348323, 3.67932370864e-05],
        "dmean2": [0.82657968998, 4.18993377686, 4.06044960022, 2.84446334839, 7.37347650528, 12.8493947983, 13.214058876, 11.1248559952, 17.5443649292, 22.9976978302, 36.6934165955, 92.4813766479, 33.9480895996, 33.4463272095, 46.8097076416, 25.7489528656, 35.4325180054, 23.3685474396, 46.2167816162, 35.0389099121, 27.7623023987, 28.7134552002, 29.7892589569, 21.2385406494, 17.904088974, 11.8054294586, 9.60457038879, 11.3574705124, 13.8219194412, 12.5517730713, 10.519949913, 9.43370437622, 5.75008678436, 2.18159937859, 1.1128385067, 0.684275984764, 0.190831705928, 0.0155644761398, 0.000394246599171, 5.34534301551e-05],
        "dvar": [1.87640666962, 46.9128456116, 55.8773956299, 22.3303585052, 181.112823486, 550.185119629, 319.981872559, 250.003219604, 580.08026123, 727.173400879, 2254.01123047, 17961.8320312, 3036.11547852, 3415.65722656, 6538.92041016, 1394.4597168, 2874.59741211, 872.592590332, 4323.07910156, 1749.02307129, 1141.03051758, 1622.72521973, 1047.10424805, 633.243347168, 417.327484131, 175.541854858, 155.224899292, 260.121063232, 365.142791748, 254.560012817, 200.654220581, 182.598342896, 71.3089752197, 9.98406505585, 2.6491920948, 1.31333971024, 0.0967826619744, 0.000755036366172, 4.58249360236e-07, 5.04295361026e-09],
        "dvar2": [3.0014128685, 96.0809173584, 151.439468384, 54.0491867065, 476.913635254, 1440.55310059, 844.125305176, 675.92364502, 1252.91638184, 1633.01611328, 4397.95654297, 37203.4179688, 6031.41992188, 6617.22607422, 13570.3642578, 3274.26074219, 7065.94335938, 2079.53588867, 9987.57714844, 4403.09375, 2967.20581055, 4515.95214844, 2782.14770508, 1699.59936523, 1064.97583008, 411.591339111, 340.809417725, 668.930847168, 945.543579102, 558.84173584, 461.696014404, 399.104858398, 167.699493408, 23.8177528381, 6.27212905884, 3.33675265312, 0.268658846617, 0.00212702713907, 1.18757532164e-06, 1.05789617066e-08],
        "max": [11.371137619, 49.3569068909, 69.3635177612, 67.4053344727, 160.560028076, 356.146118164, 217.577270508, 212.590377808, 404.673614502, 290.302001953, 846.019592285, 1751.50512695, 1002.53588867, 1178.43981934, 1314.0032959, 672.798950195, 620.166442871, 377.080810547, 1017.94647217, 462.086090088, 292.686676025, 444.010986328, 278.120483398, 393.449890137, 173.430343628, 124.62953949, 128.865310669, 160.880264282, 194.150665283, 128.521514893, 99.3254852295, 109.086608887, 65.4923858643, 32.5874290466, 16.7471961975, 11.7220230103, 3.62892365456, 0.326001614332, 0.0082267858088, 0.000770803075284],
        "mean": [1.11968111992, 4.41792392731, 2.8774728775, 2.05335950851, 4.91290330887, 9.05399417877, 10.3552951813, 7.44621419907, 18.6303825378, 21.8581008911, 39.1271133423, 98.319694519, 39.3369522095, 39.1176986694, 51.4584465027, 27.3009662628, 27.0918159485, 19.7505702972, 36.3595581055, 30.1010360718, 22.2485733032, 20.7703285217, 24.0137577057, 17.3061180115, 15.2314977646, 10.1798868179, 7.7256321907, 7.76972532272, 9.90010452271, 10.2843198776, 7.56924438477, 6.87670898438, 3.8930606842, 1.48951137066, 0.735998153687, 0.361050456762, 0.0865550786257, 0.00645440304652, 0.000217865715967, 7.3056013207e-05],
        "median": [0.297552883625, 2.60301494598, 0.80069154501, 0.321990579367, 1.06564629078, 2.80232453346, 3.92540121078, 2.25559639931, 4.94180393219, 7.87524747849, 15.5995998383, 16.6286735535, 11.4212713242, 12.4114847183, 12.2782316208, 6.47304725647, 6.69189548492, 5.70973205566, 7.50408267975, 7.18337583542, 6.96775531769, 7.51824140549, 10.6035633087, 8.35575294495, 6.36675786972, 4.31032896042, 2.96502065659, 2.68181991577, 2.61267280579, 2.56425070763, 1.84122931957, 1.72073638439, 0.946917712688, 0.346791148186, 0.163316264749, 0.0474387891591, 0.00935265887529, 0.00053103530081, 3.66610074707e-05, 4.16927614424e-05],
        "min": [4.68568828182e-07, 1.95296047423e-06, 1.68490169017e-05, 9.55221621552e-05, 0.0011826728005, 0.0121135441586, 0.0195963103324, 0.0147363403812, 0.0802732482553, 0.0659947693348, 0.0779299661517, 0.128391683102, 0.076783016324, 0.0942794233561, 0.100375212729, 0.091332256794, 0.0481019839644, 0.0344432778656, 0.0399738997221, 0.0271044000983, 0.0476577430964, 0.0411539636552, 0.115985140204, 0.0232606064528, 0.0323640331626, 0.0226752012968, 0.0286408625543, 0.0220909044147, 0.0090230666101, 0.00418460089713, 0.00401608785614, 0.00532311946154, 0.00154378486332, 7.25288991816e-05, 0.00011849742441, 3.05556459352e-05, 2.06638105738e-06, 2.76137200217e-07, 5.20272351423e-07, 7.05681884483e-07],
        "var": [4.20681619644, 60.4278373718, 41.8791427612, 35.151424408, 169.206802368, 525.991210938, 372.139556885, 231.603439331, 1527.25830078, 1216.11901855, 4641.18554688, 38375.7109375, 7318.36328125, 6040.01220703, 12413.4179688, 2905.63330078, 3628.14086914, 1358.16137695, 6108.2890625, 2801.5793457, 1377.49597168, 1380.56384277, 1200.0411377, 706.592834473, 537.921142578, 229.700042725, 180.704940796, 226.375198364, 345.06854248, 326.528015137, 214.333190918, 209.299057007, 72.5597076416, 10.1711568832, 2.69954681396, 1.09441685677, 0.0671088472009, 0.000483342097141, 3.67707684745e-07, 8.02102562147e-09]
    },
    "gfcc": {
        "mean": [0.812717437744, 78.4217147827, -122.779098511, 33.7719612122, -68.989906311, 23.3470363617, -33.6653709412, 20.3982315063, -13.0480890274, 2.53068184853, -9.01690006256, 2.60516881943, -4.96440076828],
        "cov": [[4311.06933594, -665.615844727, 402.617950439, 312.150634766, 138.066085815, 366.966949463, -54.3659706116, 233.965164185, -69.6379547119, 124.861045837, -278.819519043, 25.3645362854, -206.965682983], [-665.615844727, 1273.72424316, 328.563018799, 348.324066162, 402.455780029, 177.199432373, 411.330047607, 87.5766525269, 252.575241089, -26.2024021149, 245.656570435, -80.2831802368, 121.506156921], [402.617950439, 328.563018799, 1268.12194824, 792.465576172, 548.10736084, 398.702728271, 230.380157471, 173.084335327, 177.438827515, 158.066268921, 55.1939926147, 64.6708221436, 55.7868309021], [312.150634766, 348.324066162, 792.465576172, 1064.71057129, 485.865600586, 267.942810059, 141.921722412, 127.199790955, 310.575775146, 95.3103485107, 112.432266235, -33.6289100647, 133.827682495], [138.066085815, 402.455780029, 548.10736084, 485.865600586, 636.956481934, 267.553131104, 145.315719604, 215.419448853, 245.45741272, 91.0286178589, 17.319776535, -7.71945142746, 88.7379837036], [366.966949463, 177.199432373, 398.702728271, 267.942810059, 267.553131104, 419.406585693, 265.019348145, 147.492156982, 110.763496399, 78.2083282471, 74.0379257202, -13.3911514282, 26.7849330902], [-54.3659706116, 411.330047607, 230.380157471, 141.921722412, 145.315719604, 265.019348145, 488.737518311, 148.182723999, 104.771575928, 38.6501731873, 161.960632324, 7.53580760956, 8.69530296326], [233.965164185, 87.5766525269, 173.084335327, 127.199790955, 215.419448853, 147.492156982, 148.182723999, 303.523254395, 138.757644653, 49.5379486084, 16.3893089294, -0.510129213333, 45.1138572693], [-69.6379547119, 252.575241089, 177.438827515, 310.575775146, 245.45741272, 110.763496399, 104.771575928, 138.757644653, 296.819702148, 74.4811553955, 72.5275878906, -19.1551952362, 100.158607483], [124.861045837, -26.2024021149, 158.066268921, 95.3103485107, 91.0286178589, 78.2083282471, 38.6501731873, 49.5379486084, 74.4811553955, 148.670806885, 34.178024292, 27.7321052551, 1.940777421], [-278.819519043, 245.656570435, 55.1939926147, 112.432266235, 17.319776535, 74.0379257202, 161.960632324, 16.3893089294, 72.5275878906, 34.178024292, 220.889663696, 21.8626613617, 55.6598129272], [25.3645362854, -80.2831802368, 64.6708221436, -33.6289100647, -7.71945142746, -13.3911514282, 7.53580760956, -0.510129213333, -19.1551952362, 27.7321052551, 21.8626613617, 123.722427368, 18.1651859283], [-206.965682983, 121.506156921, 55.7868309021, 133.827682495, 88.7379837036, 26.7849330902, 8.69530296326, 45.1138572693, 100.158607483, 1.940777421, 55.6598129272, 18.1651859283, 168.627182007]],
        "icov": [[0.000376408890588, -1.86676315934e-05, 0.000172126092366, -0.000359469850082, 0.000231762300245, -0.000568032148294, 0.000228546312428, -0.00040858524153, 0.000229748809943, -0.000204995478271, 0.00054283940699, -0.00042774938629, 0.000502369191963], [-1.86676315934e-05, 0.00250731804408, -0.000711047032382, 0.000838764244691, -0.00190658215433, 0.00150742696133, -0.00191801926121, 0.0013262804132, -0.00104022549931, 0.00167996843811, -0.00207709614187, 0.00233198003843, -0.00071915978333], [0.000172126092366, -0.000711047032382, 0.00283566024154, -0.00206478824839, -0.000267791328952, -0.00157442258205, 0.000282487744698, -0.000582358741667, 0.00172440579627, -0.00159701600205, 0.00147851009388, -0.0024904794991, 0.000730819941964], [-0.000359469850082, 0.000838764244691, -0.00206478824839, 0.00350634404458, -0.00122374331113, 0.00109597295523, -0.000346323067788, 0.00142664054874, -0.00245063821785, 0.0014445054112, -0.00215832865797, 0.00256871851161, -0.00116448488552], [0.000231762300245, -0.00190658215433, -0.000267791328952, -0.00122374331113, 0.00560246035457, -0.00241630570963, 0.00179837306496, -0.00227858941071, -0.000865764275659, -0.0011974866502, 0.00287000369281, -0.0019487264799, 0.00046113145072], [-0.000568032148294, 0.00150742696133, -0.00157442258205, 0.00109597295523, -0.00241630570963, 0.00725101027638, -0.00371633609757, 0.000874913821463, -7.86623422755e-05, -0.000109762149805, -0.00202486640774, 0.0037048663944, -0.00173770473339], [0.000228546312428, -0.00191801926121, 0.000282487744698, -0.000346323067788, 0.00179837306496, -0.00371633609757, 0.00626713037491, -0.00249929423444, -3.09575671054e-06, 0.000139016061439, -0.00118653569371, -0.00240198569372, 0.00248401262797], [-0.00040858524153, 0.0013262804132, -0.000582358741667, 0.00142664054874, -0.00227858941071, 0.000874913821463, -0.00249929423444, 0.00665334472433, -0.00251111877151, 0.000737211375963, -0.000399211858166, 0.00151074293535, -0.00153567700181], [0.000229748809943, -0.00104022549931, 0.00172440579627, -0.00245063821785, -0.000865764275659, -7.86623422755e-05, -3.09575671054e-06, -0.00251111877151, 0.00940046738833, -0.00409742258489, 0.000631383212749, 0.000226419157116, -0.00222316966392], [-0.000204995478271, 0.00167996843811, -0.00159701600205, 0.0014445054112, -0.0011974866502, -0.000109762149805, 0.000139016061439, 0.000737211375963, -0.00409742258489, 0.0113759497181, -0.00330346846022, -0.000600334664341, 0.00182087474968], [0.00054283940699, -0.00207709614187, 0.00147851009388, -0.00215832865797, 0.00287000369281, -0.00202486640774, -0.00118653569371, -0.000399211858166, 0.000631383212749, -0.00330346846022, 0.0105363205075, -0.00365681829862, -0.00105483189691], [-0.00042774938629, 0.00233198003843, -0.0024904794991, 0.00256871851161, -0.0019487264799, 0.0037048663944, -0.00240198569372, 0.00151074293535, 0.000226419157116, -0.000600334664341, -0.00365681829862, 0.0134648699313, -0.00363437156193], [0.000502369191963, -0.00071915978333, 0.000730819941964, -0.00116448488552, 0.00046113145072, -0.00173770473339, 0.00248401262797, -0.00153567700181, -0.00222316966392, 0.00182087474968, -0.00105483189691, -0.00363437156193, 0.0101027460769]]
    },
    "melbands": {
        "dmean": [0.00447240285575, 0.00198552990332, 0.000359729252523, 0.000481111172121, 0.000276465143543, 0.00014646659838, 0.000182353105629, 0.000168986181961, 0.000236392326769, 0.000371616013581, 0.000109692133265, 8.97740537766e-05, 0.000116150724352, 5.84887930017e-05, 4.26188598794e-05, 4.90502643515e-05, 2.64465052169e-05, 4.6516306611e-05, 3.40452352248e-05, 3.40303595294e-05, 1.85531007446e-05, 1.86017332453e-05, 2.01600159926e-05, 1.43752122312e-05, 1.09877701107e-05, 9.7734382507e-06, 6.27685267318e-06, 5.01828662891e-06, 3.94127300751e-06, 4.21523191108e-06, 4.21671984441e-06, 4.99424550071e-06, 5.00746682519e-06, 4.78874335386e-06, 3.9472483877e-06, 4.2025503717e-06, 3.88528178519e-06, 2.99308885587e-06, 1.67262555806e-06, 1.11509439193e-06],
        "dmean2": [0.00621621916071, 0.00303055904806, 0.000590164447203, 0.000788688543253, 0.000464829237899, 0.000247681018664, 0.00028160578222, 0.000260913569946, 0.000358921330189, 0.000562051369343, 0.000159655231982, 0.000132408036734, 0.000169698076206, 8.63484456204e-05, 6.81566671119e-05, 7.85084630479e-05, 4.19656571466e-05, 7.4897739978e-05, 5.45821640117e-05, 5.56529448659e-05, 3.06350557366e-05, 3.07771988446e-05, 3.43992796843e-05, 2.31284993788e-05, 1.77381825779e-05, 1.61260813911e-05, 9.77775289357e-06, 7.99893950898e-06, 6.17198793407e-06, 6.74976445225e-06, 6.75582623444e-06, 8.18334137875e-06, 7.66342964198e-06, 7.24763094695e-06, 6.03247008257e-06, 6.74049078953e-06, 5.83885184824e-06, 4.61836134491e-06, 2.71807766694e-06, 1.75001048319e-06],
        "dvar": [9.75453658612e-05, 2.64180398517e-05, 7.75672560849e-07, 2.42229657488e-06, 3.91323567328e-07, 1.19754943739e-07, 1.48352114593e-07, 9.70956079982e-08, 2.19962672077e-07, 6.75394574046e-07, 7.5514293485e-08, 6.18548270381e-08, 9.50249301468e-08, 1.72333400883e-08, 1.00277741666e-08, 1.66927129897e-08, 3.28417137929e-09, 1.12595932578e-08, 4.74893990798e-09, 4.88788343134e-09, 1.48436474223e-09, 2.02822358908e-09, 1.72274472465e-09, 5.18214360312e-10, 5.08630026985e-10, 3.49216516815e-10, 1.12529631446e-10, 8.21634774106e-11, 6.45129713539e-11, 8.57866694348e-11, 8.90034365653e-11, 1.50509743557e-10, 8.74379874061e-11, 9.5982631565e-11, 6.21289061864e-11, 9.49476122725e-11, 7.46764802773e-11, 4.67245929447e-11, 1.65783133749e-11, 6.28859204294e-12],
        "dvar2": [0.000165987352375, 5.96089557803e-05, 1.98037946575e-06, 6.31461807643e-06, 1.03378306449e-06, 3.23856369278e-07, 3.22810137732e-07, 2.14648864016e-07, 4.3851321152e-07, 1.44081616327e-06, 1.50131882037e-07, 1.22660736679e-07, 1.99436968273e-07, 3.95725336944e-08, 2.4670399057e-08, 4.07131359736e-08, 8.12496114833e-09, 2.6940300657e-08, 1.11747322507e-08, 1.22187691076e-08, 3.7871394909e-09, 5.55982015982e-09, 4.78802020254e-09, 1.30473598592e-09, 1.37721389848e-09, 8.92450724432e-10, 2.60212823511e-10, 1.99171040771e-10, 1.44871920016e-10, 2.11514777915e-10, 2.30514551891e-10, 4.01383037918e-10, 2.07139028152e-10, 2.2126442345e-10, 1.40324252218e-10, 2.40706121701e-10, 1.55594967466e-10, 1.10198218606e-10, 4.03922797987e-11, 1.5145461274e-11],
        "max": [0.0820378363132, 0.0414411425591, 0.0113064292818, 0.0228900145739, 0.0076760482043, 0.00462224148214, 0.00670250458643, 0.00370951532386, 0.0064730825834, 0.00948544964194, 0.00501513760537, 0.0054849809967, 0.00458105560392, 0.00190467562061, 0.00134503922891, 0.00223714066669, 0.000957900483627, 0.00144000840373, 0.000791743514128, 0.000890359748155, 0.00047462322982, 0.000634620082565, 0.00038528162986, 0.000244352966547, 0.000398441043217, 0.000204501091503, 0.000126012600958, 7.80844566179e-05, 8.51790246088e-05, 9.1259542387e-05, 9.40140744206e-05, 0.000144878722494, 6.86689745635e-05, 9.08375295694e-05, 4.73269828944e-05, 8.62478045747e-05, 6.91882160027e-05, 5.43036476301e-05, 4.06189101341e-05, 2.71327153314e-05],
        "mean": [0.00860555656254, 0.00299420021474, 0.000405877101002, 0.000549482007045, 0.000366652413504, 0.000165225545061, 0.000293498334941, 0.000245439674472, 0.000381267338526, 0.000581532774959, 0.000173966647708, 0.000149742074427, 0.000175112421857, 9.59846220212e-05, 5.37987471034e-05, 5.79197185289e-05, 3.2564275898e-05, 5.63908470212e-05, 4.27032537118e-05, 4.33167042502e-05, 2.29000797844e-05, 2.14271840377e-05, 2.30619680224e-05, 1.96581549972e-05, 1.31584265546e-05, 1.23593999888e-05, 8.59872125147e-06, 6.28942461844e-06, 4.8000993047e-06, 4.56478392152e-06, 4.46802232545e-06, 5.32585909241e-06, 6.21372646492e-06, 5.47333866052e-06, 4.25014786742e-06, 4.19344087277e-06, 4.30310183219e-06, 3.08645007863e-06, 1.66948848346e-06, 1.14091949399e-06],
        "median": [0.00348766404204, 0.00170570379123, 6.80013763485e-05, 0.000142588251038, 0.000150233317981, 5.00242203998e-05, 7.67465535318e-05, 8.49528951221e-05, 0.000115640817967, 8.58179628267e-05, 3.53413670382e-05, 3.94997659896e-05, 3.07367699861e-05, 2.01722286874e-05, 1.26455497593e-05, 1.27975054056e-05, 7.83560335549e-06, 1.06565839815e-05, 8.85803274286e-06, 1.00079550975e-05, 7.32972375772e-06, 7.24079154679e-06, 8.10640176496e-06, 8.4057191998e-06, 4.87746910949e-06, 4.70945769848e-06, 3.6735575577e-06, 2.30866930906e-06, 1.82627638878e-06, 1.29146553718e-06, 1.39761789342e-06, 1.42500766742e-06, 1.43074146308e-06, 1.3136753978e-06, 9.77129843704e-07, 8.93944218205e-07, 1.07063112864e-06, 7.17904924841e-07, 3.46359712466e-07, 2.45706843316e-07],
        "min": [4.54020460117e-10, 1.44885636821e-09, 1.14651319549e-08, 8.41185539002e-08, 4.16554939875e-07, 1.09662693148e-07, 2.27085962479e-07, 2.85740441086e-07, 4.10782291738e-07, 7.12659755209e-07, 2.46337492626e-07, 3.74170809891e-07, 1.15607562634e-07, 8.30544308883e-08, 7.50108242187e-08, 6.45214086603e-08, 4.48075070381e-08, 1.88281230606e-08, 3.83225646772e-08, 4.36087255196e-08, 5.48279430745e-08, 4.38569642824e-08, 2.44036630903e-08, 1.21465104641e-08, 8.24505885788e-09, 2.61019135195e-08, 9.65656443697e-09, 9.29899446334e-09, 2.65894284368e-09, 3.31567640011e-09, 7.65337837549e-09, 1.83412271482e-10, 3.95028187938e-09, 2.61953653213e-10, 1.80141657147e-09, 1.31694966043e-09, 1.03767594517e-09, 2.67290356515e-10, 8.70389914656e-13, 3.56393110553e-13],
