{
"highlevel": {
    "danceability": {
        "all": {
            "danceable": 0.742053747177,
            "not_danceable": 0.257946252823
        },
        "probability": 0.742053747177,
        "value": "danceable"
    },
    "gender": {
        "all": {
            "female": 0.00292231538333,
            "male": 0.997077703476
        },
        "probability": 0.997077703476,
        "value": "male"
    },
    "genre_dortmund": {
        "all": {
            "alternative": 0.109964966774,
            "blues": 0.0632243975997,
            "electronic": 0.0237435083836,
            "folkcountry": 0.118543028831,
            "funksoulrnb": 0.00688559142873,
            "jazz": 0.0108047779649,
            "pop": 0.0845585539937,
            "raphiphop": 0.037650283426,
            "rock": 0.544624865055
        },
        "probability": 0.544624865055,
        "value": "rock"
    },
    "genre_electronic": {
        "all": {
            "ambient": 0.195453777909,
            "dnb": 0.202804356813,
            "house": 0.159126296639,
            "techno": 0.023189233616,
            "trance": 0.419426351786
        },
        "probability": 0.419426351786,
        "value": "trance"
    },
    "genre_rosamerica": {
        "all": {
            "cla": 0.00357619137503,
            "dan": 0.105856277049,
            "hip": 0.0265590902418,
            "jaz": 0.00445336895064,
            "pop": 0.286094993353,
            "rhy": 0.0349018797278,
            "roc": 0.535380601883,
            "spe": 0.00317762838677
        },
        "probability": 0.535380601883,
        "value": "roc"
    },
    "genre_tzanetakis": {
        "all": {
            "blu": 0.074203774333,
            "cla": 0.0412293151021,
            "cou": 0.123696826398,
            "dis": 0.074232339859,
            "hip": 0.185588359833,
            "jaz": 0.185592979193,
            "met": 0.0742268338799,
            "pop": 0.0927806124091,
            "reg": 0.0742239430547,
            "roc": 0.0742250308394
        },
        "probability": 0.185592979193,
        "value": "jaz"
    },
    "ismir04_rhythm": {
        "all": {
            "ChaChaCha": 0.623456656933,
            "Jive": 0.221629217267,
            "Quickstep": 0.0157051403075,
            "Rumba-American": 0.00320706912316,
            "Rumba-International": 0.0174907874316,
            "Rumba-Misc": 0.00159224518575,
            "Samba": 0.108735956252,
            "Tango": 0.00279381731525,
            "VienneseWaltz": 0.00408325251192,
            "Waltz": 0.00130582484417
        },
        "probability": 0.623456656933,
        "value": "ChaChaCha"
    },
    "mood_acoustic": {
        "all": {
            "acoustic": 0.0288451258093,
            "not_acoustic": 0.971154868603
        },
        "probability": 0.971154868603,
        "value": "not_acoustic"
    },
    "mood_aggressive": {
        "all": {
            "aggressive": 0.48480039835,
            "not_aggressive": 0.51519960165
        },
        "probability": 0.51519960165,
        "value": "not_aggressive"
    },
    "mood_electronic": {
        "all": {
            "electronic": 0.253329694271,
            "not_electronic": 0.746670305729
        },
        "probability": 0.746670305729,
        "value": "not_electronic"
    },
    "mood_happy": {
        "all": {
            "happy": 0.574410557747,
            "not_happy": 0.425589442253
        },
        "probability": 0.574410557747,
        "value": "happy"
    },
    "mood_party": {
        "all": {
            "not_party": 0.416900455952,
            "party": 0.583099544048
        },
        "probability": 0.583099544048,
        "value": "party"
    },
    "mood_relaxed": {
        "all": {
            "not_relaxed": 0.75551712513,
            "relaxed": 0.244482845068
        },
        "probability": 0.75551712513,
        "value": "not_relaxed"
    },
    "mood_sad": {
        "all": {
            "not_sad": 0.551166594028,
            "sad": 0.448833405972
        },
        "probability": 0.551166594028,
        "value": "not_sad"
    },
    "moods_mirex": {
        "all": {
            "Cluster1": 0.21750305593,
            "Cluster2": 0.253407120705,
            "Cluster3": 0.139040932059,
            "Cluster4": 0.0942208021879,
            "Cluster5": 0.295828074217
        },
        "probability": 0.295828074217,
        "value": "Cluster5"
    },
    "timbre": {
        "all": {
            "bright": 0.879522025585,
            "dark": 0.120477974415
        },
        "probability": 0.879522025585,
        "value": "bright"
    },
    "tonal_atonal": {
        "all": {
            "atonal": 0.0510077700019,
            "tonal": 0.94899225235
        },
        "probability": 0.94899225235,
        "value": "tonal"
    },
    "voice_instrumental": {
        "all": {
            "instrumental": 2.76118589682e-05,
            "voice": 0.999972403049
        },
        "probability": 0.999972403049,
        "value": "voice"
    }
},
"lowlevel": {
    "average_loudness": 0.946397006512,
    "barkbands_crest": {
        "dmean": 2.70132541656,
        "dmean2": 4.57565641403,
        "dvar": 7.48859119415,
        "dvar2": 19.8770999908,
        "max": 23.615234375,
        "mean": 9.25327968597,
        "median": 8.22653865814,
        "min": 3.00539898872,
        "var": 14.5049200058
    },
    "barkbands_flatness_db": {
        "dmean": 0.0196752026677,
        "dmean2": 0.0318157486618,
        "dvar": 0.000417668372393,
        "dvar2": 0.00102529604919,
        "max": 0.308315128088,
        "mean": 0.131555110216,
        "median": 0.121091201901,
        "min": 0.0386949069798,
        "var": 0.00197316403501
    },
    "barkbands_kurtosis": {
        "dmean": 2.31455540657,
        "dmean2": 3.70691752434,
        "dvar": 15.1095294952,
        "dvar2": 36.552986145,
        "max": 40.4003639221,
        "mean": 2.87906074524,
        "median": 1.17995929718,
        "min": -1.85113978386,
        "var": 25.4445877075
    },
    "barkbands_skewness": {
        "dmean": 0.478488177061,
        "dmean2": 0.737864434719,
        "dvar": 0.288839519024,
        "dvar2": 0.642980754375,
        "max": 5.67514705658,
        "mean": 1.49109399319,
        "median": 1.37029266357,
        "min": -0.896021544933,
        "var": 0.942390084267
    },
    "barkbands_spread": {
        "dmean": 5.50248241425,
        "dmean2": 8.30963420868,
        "dvar": 34.8291091919,
        "dvar2": 69.9058074951,
        "max": 101.921325684,
        "mean": 27.8109130859,
        "median": 24.8808784485,
        "min": 4.37548780441,
        "var": 229.440841675
    },
    "dissonance": {
        "dmean": 0.0134578375146,
        "dmean2": 0.0226166155189,
        "dvar": 0.000159795119544,
        "dvar2": 0.000410811044276,
        "max": 0.499649107456,
        "mean": 0.471721798182,
        "median": 0.474978119135,
        "min": 0.370081335306,
        "var": 0.000347964960383
    },
    "dynamic_complexity": 2.74105834961,
    "erbbands_crest": {
        "dmean": 2.35331273079,
        "dmean2": 3.78571152687,
        "dvar": 5.00747585297,
        "dvar2": 12.3535995483,
        "max": 22.7236232758,
        "mean": 8.10419082642,
        "median": 7.34191703796,
        "min": 2.37243318558,
        "var": 12.9789352417
    },
    "erbbands_flatness_db": {
        "dmean": 0.0131320981309,
        "dmean2": 0.0194775145501,
        "dvar": 0.000212132013985,
        "dvar2": 0.000377115793526,
        "max": 0.296212345362,
        "mean": 0.144509583712,
        "median": 0.141581833363,
        "min": 0.0584548562765,
        "var": 0.00114349869546
    },
    "erbbands_kurtosis": {
        "dmean": 0.513893067837,
        "dmean2": 0.810966491699,
        "dvar": 0.331553965807,
        "dvar2": 0.734656512737,
        "max": 8.67472839355,
        "mean": -0.266279578209,
        "median": -0.55667090416,
        "min": -1.69663417339,
        "var": 1.19109261036
    },
    "erbbands_skewness": {
        "dmean": 0.267148941755,
        "dmean2": 0.402412116528,
        "dvar": 0.0546801351011,
        "dvar2": 0.12273478508,
        "max": 2.44270277023,
        "mean": 0.0969189032912,
        "median": 0.0981302857399,
        "min": -2.74604487419,
        "var": 0.368871212006
    },
    "erbbands_spread": {
        "dmean": 6.94919252396,
        "dmean2": 10.8648281097,
        "dvar": 46.7061538696,
        "dvar2": 103.871391296,
        "max": 105.095603943,
        "mean": 43.1989974976,
        "median": 42.2831878662,
        "min": 13.3489694595,
        "var": 167.477264404
    },
    "hfc": {
        "dmean": 6.43155670166,
        "dmean2": 9.53969287872,
        "dvar": 172.384124756,
        "dvar2": 244.321868896,
        "max": 340.36819458,
        "mean": 28.0899353027,
        "median": 20.1437473297,
        "min": 0.869483828545,
        "var": 1382.3112793
    },
    "melbands_crest": {
        "dmean": 3.74189543724,
        "dmean2": 6.38311719894,
        "dvar": 10.867814064,
        "dvar2": 29.5646266937,
        "max": 29.4855594635,
        "mean": 14.8987922668,
        "median": 14.4760494232,
        "min": 4.86144256592,
        "var": 19.9207668304
    },
    "melbands_flatness_db": {
        "dmean": 0.0249810144305,
        "dmean2": 0.0394757650793,
        "dvar": 0.000660276855342,
        "dvar2": 0.00149525236338,
        "max": 0.349187225103,
        "mean": 0.183190077543,
        "median": 0.173211142421,
        "min": 0.0514900684357,
        "var": 0.00318681309
    },
    "melbands_kurtosis": {
        "dmean": 6.52813577652,
        "dmean2": 10.5158824921,
        "dvar": 109.530212402,
        "dvar2": 264.776306152,
        "max": 121.526672363,
        "mean": 12.0189313889,
        "median": 8.42033958435,
        "min": -0.508190393448,
        "var": 175.882171631
    },
    "melbands_skewness": {
        "dmean": 0.713509619236,
        "dmean2": 1.11386799812,
        "dvar": 0.623407900333,
        "dvar2": 1.42433929443,
        "max": 9.38587284088,
        "mean": 2.7581846714,
        "median": 2.58265638351,
        "min": 0.465700417757,
        "var": 1.66159558296
    },
    "melbands_spread": {
        "dmean": 6.56670618057,
        "dmean2": 9.92048549652,
        "dvar": 61.6510505676,
        "dvar2": 109.477523804,
        "max": 160.900848389,
        "mean": 26.6514282227,
        "median": 22.9237308502,
        "min": 2.83100438118,
        "var": 373.298522949
    },
    "pitch_salience": {
        "dmean": 0.0746071413159,
        "dmean2": 0.127411141992,
        "dvar": 0.0055205761455,
        "dvar2": 0.0154508994892,
        "max": 0.865834355354,
        "mean": 0.539916872978,
        "median": 0.540553092957,
        "min": 0.200742825866,
        "var": 0.00956302229315
    },
    "silence_rate_20dB": {
        "dmean": 0,
        "dmean2": 0,
        "dvar": 0,
        "dvar2": 0,
        "max": 1,
        "mean": 1,
        "median": 1,
        "min": 1,
        "var": 0
    },
    "silence_rate_30dB": {
        "dmean": 0.00464396271855,
        "dmean2": 0.00929511990398,
        "dvar": 0.00462231179699,
        "dvar2": 0.0138558931649,
        "max": 1,
        "mean": 0.997679829597,
        "median": 1,
        "min": 0,
        "var": 0.00231487280689
    },
    "silence_rate_60dB": {
        "dmean": 0.0061919502914,
        "dmean2": 0.0123934932053,
        "dvar": 0.00615357002243,
        "dvar2": 0.0137890549377,
        "max": 1,
        "mean": 0.00928074214607,
        "median": 0,
        "min": 0,
        "var": 0.0091945445165
    },
    "spectral_centroid": {
        "dmean": 246.894058228,
        "dmean2": 372.729766846,
        "dvar": 51855.5273438,
        "dvar2": 104700.429688,
        "max": 4374.68115234,
        "mean": 1651.91101074,
        "median": 1608.34338379,
        "min": 470.593597412,
        "var": 356392.46875
    },
    "spectral_complexity": {
        "dmean": 3.85526323318,
        "dmean2": 6.16421365738,
        "dvar": 13.6052188873,
        "dvar2": 33.3377799988,
        "max": 56,
        "mean": 25.6457843781,
        "median": 25,
        "min": 3,
        "var": 179.812850952
    },
    "spectral_decrease": {
        "dmean": 3.04131075879e-09,
        "dmean2": 4.93650986755e-09,
        "dvar": 2.02420724274e-17,
        "dvar2": 4.87559212018e-17,
        "max": -2.9804125834e-10,
        "mean": -8.16849876628e-09,
        "median": -7.51816653377e-09,
        "min": -4.35703100266e-08,
        "var": 3.10654064879e-17
    },
    "spectral_energy": {
        "dmean": 0.0117678940296,
        "dmean2": 0.0191084872931,
        "dvar": 0.000297728431178,
        "dvar2": 0.000717577757314,
        "max": 0.170355275273,
        "mean": 0.0333776734769,
        "median": 0.0304891448468,
        "min": 0.00123957253527,
        "var": 0.000496676773764
    },
    "spectral_energyband_high": {
        "dmean": 0.000499508227222,
        "dmean2": 0.000670674489811,
        "dvar": 2.33951550399e-06,
        "dvar2": 2.49878098657e-06,
        "max": 0.044860329479,
        "mean": 0.00170652312227,
        "median": 0.000910261063837,
        "min": 3.84503391615e-06,
        "var": 1.90680730157e-05
    },
    "spectral_energyband_low": {
        "dmean": 0.00924238376319,
        "dmean2": 0.0152118960395,
        "dvar": 0.000224807314225,
        "dvar2": 0.000556619605049,
        "max": 0.123660124838,
        "mean": 0.0164298508316,
        "median": 0.0129398414865,
        "min": 7.2003735113e-05,
        "var": 0.000251869438216
    },
    "spectral_energyband_middle_high": {
        "dmean": 0.00139260536525,
        "dmean2": 0.00222900463268,
        "dvar": 3.49747301698e-06,
        "dvar2": 8.87669375516e-06,
        "max": 0.0291715469211,
        "mean": 0.00579491909593,
        "median": 0.00356172397733,
        "min": 6.44851534162e-05,
        "var": 2.8262138585e-05
    },
    "spectral_energyband_middle_low": {
        "dmean": 0.00497214403003,
        "dmean2": 0.00854431651533,
        "dvar": 7.36714355298e-05,
        "dvar2": 0.000202317693038,
        "max": 0.0722014084458,
        "mean": 0.0106468927115,
        "median": 0.00785818696022,
        "min": 0.000156667854753,
        "var": 8.47560804687e-05
    },
    "spectral_entropy": {
        "dmean": 0.116704627872,
        "dmean2": 0.174805283546,
        "dvar": 0.0227008890361,
        "dvar2": 0.044881451875,
        "max": 8.707862854,
        "mean": 7.72329521179,
        "median": 7.81460285187,
        "min": 5.82481718063,
        "var": 0.137590348721
    },
    "spectral_flux": {
        "dmean": 0.0282918084413,
        "dmean2": 0.0420815758407,
        "dvar": 0.00119020126294,
        "dvar2": 0.00231426372193,
        "max": 0.303493529558,
        "mean": 0.0971924588084,
        "median": 0.0852047428489,
        "min": 0.0126854041591,
        "var": 0.00251045404002
    },
    "spectral_kurtosis": {
        "dmean": 1.11026656628,
        "dmean2": 1.92022705078,
        "dvar": 1.80705308914,
        "dvar2": 5.48883008957,
        "max": 20.0549736023,
        "mean": 2.71344351768,
        "median": 2.46967601776,
        "min": -0.3624958992,
        "var": 2.3138012886
    },
    "spectral_rms": {
        "dmean": 0.000938428740483,
        "dmean2": 0.00149587146007,
        "dvar": 1.35528580358e-06,
        "dvar2": 3.13493956128e-06,
        "max": 0.0128918681294,
        "mean": 0.00540173286572,
        "median": 0.00545394420624,
        "min": 0.00109969952609,
        "var": 3.38483755513e-06
    },
    "spectral_rolloff": {
        "dmean": 449.447662354,
        "dmean2": 708.145629883,
        "dvar": 482037.34375,
        "dvar2": 957409.375,
        "max": 11584.8632812,
        "mean": 1518.53540039,
        "median": 1162.79296875,
        "min": 86.1328125,
        "var": 2228308
    },
    "spectral_skewness": {
        "dmean": 0.167355179787,
        "dmean2": 0.278610795736,
        "dvar": 0.0274577680975,
        "dvar2": 0.0732643976808,
        "max": 3.04504752159,
        "mean": 1.15153181553,
        "median": 1.13620054722,
        "min": 0.254707872868,
        "var": 0.0625512227416
    },
    "spectral_spread": {
        "dmean": 335399.4375,
        "dmean2": 508412.53125,
        "dvar": 185379569664,
        "dvar2": 337752326144,
        "max": 12048117,
        "mean": 4349028,
        "median": 4126655.5,
        "min": 2156543.25,
        "var": 1.0630407127e+12
    },
    "spectral_strongpeak": {
        "dmean": 0.346968352795,
        "dmean2": 0.616398751736,
        "dvar": 0.485602885485,
        "dvar2": 1.24880039692,
        "max": 8.81973171234,
        "mean": 0.513358950615,
        "median": 0.292835235596,
        "min": 0,
        "var": 0.564821481705
    },
    "zerocrossingrate": {
        "dmean": 0.00942662451416,
        "dmean2": 0.0107819009572,
        "dvar": 0.000126375220134,
        "dvar2": 0.000115134418593,
        "max": 0.32421875,
        "mean": 0.0636748224497,
        "median": 0.05615234375,
        "min": 0.013671875,
        "var": 0.00145222863648
    },
    "barkbands": {
        "dmean": [0.000651430629659, 0.0066669229418, 0.00368791655637, 0.00165396963712, 0.00173578399699, 0.000674971786793, 0.00089417770505, 0.00114896846935, 0.000876086298376, 0.000355829106411, 0.000309614639264, 0.000209992009331, 0.000367319764337, 0.000280519016087, 0.000376137759304, 0.000314834906021, 0.000205334858038, 0.000218698143726, 0.000199121728656, 0.000211045145988, 0.000163179342053, 0.000111559202196, 0.000118413561722, 9.64428909356e-05, 7.33095803298e-05, 2.97787719319e-05, 1.95084638221e-07],
        "dmean2": [0.00113529362716, 0.0112877953798, 0.00648489361629, 0.00298808794469, 0.0030158481095, 0.00113133597188, 0.0013883629581, 0.00191249675117, 0.00131446530577, 0.000573638128117, 0.000473192165373, 0.000334164389642, 0.000598426675424, 0.000459228496766, 0.000615456956439, 0.000528593081981, 0.000345779204508, 0.000365862942999, 0.000329566653818, 0.000351913447957, 0.000262890796876, 0.000169790160726, 0.000168728103745, 0.000120699332911, 0.000101085759525, 3.77007272618e-05, 3.06527454086e-07],
        "dvar": [9.52147331645e-07, 0.000144260106026, 4.25087528129e-05, 9.29331235966e-06, 9.59703629633e-06, 1.46271918311e-06, 1.71092585788e-06, 7.26964799469e-06, 2.66542201643e-06, 4.94698895182e-07, 4.48823328725e-07, 1.26698466829e-07, 4.71875409858e-07, 4.64375261799e-07, 6.08673929037e-07, 5.45466377844e-07, 8.01358766012e-08, 1.01351702142e-07, 6.34854657733e-08, 8.80275905502e-08, 1.06291516033e-07, 1.31697788675e-07, 2.08189135265e-07, 1.59432673286e-07, 1.55794310785e-07, 1.74447514212e-08, 1.82453986815e-12],
        "dvar2": [3.15656484418e-06, 0.000381033984013, 0.000119595788419, 2.7294650863e-05, 2.55358499999e-05, 3.84685290555e-06, 3.88646230931e-06, 2.01660604944e-05, 5.51236735191e-06, 1.09075483579e-06, 9.08847539449e-07, 3.05358810238e-07, 1.20149695704e-06, 1.11211920739e-06, 1.82657095138e-06, 1.56716805577e-06, 2.05510517048e-07, 2.76246311159e-07, 1.80404384764e-07, 2.23547942824e-07, 2.18272532493e-07, 2.31533320516e-07, 3.73689204025e-07, 2.06364958899e-07, 2.67293671641e-07, 2.09694714925e-08, 3.79157339206e-12],
        "max": [0.00738180801272, 0.0940741747618, 0.0679756999016, 0.0303208045661, 0.0294086262584, 0.0143024418503, 0.0202124528587, 0.0295726601034, 0.0313386693597, 0.00936724245548, 0.013584844768, 0.00426225690171, 0.0104330852628, 0.0141487987712, 0.012373178266, 0.0156341604888, 0.00399594847113, 0.00502827763557, 0.00458726845682, 0.00552036985755, 0.0104497252032, 0.00901591219008, 0.0137229897082, 0.0110939256847, 0.0127292079851, 0.00457166740671, 3.41227714671e-05],
        "mean": [0.000955778872594, 0.00888388417661, 0.00553329195827, 0.00196386827156, 0.00212628999725, 0.00100272765849, 0.00177082547452, 0.00169574911706, 0.00184169318527, 0.000662346486934, 0.000669382978231, 0.000389532797271, 0.000644333427772, 0.000540536420885, 0.000680967641529, 0.000631087867077, 0.000428591098171, 0.000464921933599, 0.000474500178825, 0.000546124065295, 0.00037555480958, 0.000292295910185, 0.000308751157718, 0.000271782075288, 0.000165557823493, 5.70058728044e-05, 2.1522718896e-07],
        "median": [0.000479550741147, 0.00564401922747, 0.00349156116135, 0.0012102794135, 0.00119489012286, 0.000641103717498, 0.00109403638635, 0.000368040433386, 0.000614228018094, 0.0002829193254, 0.000201679838938, 0.000155134388478, 0.00031386516639, 0.000186200471944, 0.000352534843842, 0.00023832108127, 0.000306257046759, 0.000275387079455, 0.000339025078574, 0.000299626379274, 0.000232384598348, 0.000147705432028, 0.00011109955085, 7.72565763327e-05, 2.54501210293e-05, 4.5570554903e-06, 1.3682336375e-09],
        "min": [2.83253456246e-07, 2.82833007077e-05, 2.00587783183e-06, 3.39098278346e-06, 3.55362999471e-06, 1.63415825227e-06, 2.34713729697e-06, 6.64076992507e-07, 2.31056432654e-07, 2.77734329757e-07, 1.37057128313e-07, 6.26167846463e-08, 8.48866648084e-07, 6.49287642318e-07, 1.0661090073e-06, 5.12807503128e-07, 1.83079021099e-06, 4.75872366223e-06, 5.5410373534e-06, 3.65040568795e-06, 1.47767866565e-06, 1.33332051178e-07, 5.91031792396e-08, 2.47380924634e-08, 1.01561239418e-08, 8.89653108127e-12, 6.68969437137e-12],
        "var": [1.33474316044e-06, 0.000131983717438, 4.30798318121e-05, 6.94574464433e-06, 8.49464686326e-06, 1.55607006036e-06, 3.75934155272e-06, 9.38634912018e-06, 1.05191729745e-05, 1.21108507756e-06, 2.13492694456e-06, 3.48015447571e-07, 1.21021503219e-06, 1.8401607349e-06, 1.09086624889e-06, 1.32257605401e-06, 2.32749698625e-07, 3.07679641764e-07, 2.19496882892e-07, 3.76406859459e-07, 4.65626271762e-07, 6.33173954157e-07, 1.14778902116e-06, 1.0630980114e-06, 6.09709559285e-07, 8.80396839875e-08, 2.92611269416e-12]
    },
    "erbbands": {
        "dmean": [0.228765711188, 1.46449184418, 3.77159953117, 5.05001783371, 5.38330888748, 6.09142971039, 6.58532238007, 5.38701820374, 11.0482616425, 17.9458351135, 21.6518859863, 23.9006881714, 12.0371875763, 9.24777698517, 13.357380867, 7.3980550766, 16.9930229187, 11.8022184372, 17.5209197998, 20.0989131927, 12.2266559601, 10.204252243, 12.9465312958, 7.48997116089, 11.5825796127, 9.56610202789, 6.29881811142, 6.27678728104, 3.6364107132, 4.25549173355, 3.30897426605, 2.45833969116, 1.59107577801, 1.01843416691, 0.483475536108, 0.199923351407, 0.0487334951758, 0.00344616966322, 8.95991397556e-05, 1.85841327038e-05],
        "dmean2": [0.387547135353, 2.52122664452, 6.65573692322, 8.99765872955, 9.41409397125, 10.654302597, 11.5089225769, 8.90353775024, 17.2366924286, 29.9105682373, 35.7002182007, 35.2270507812, 19.2897377014, 13.9530830383, 20.3885440826, 11.9335222244, 27.7310886383, 19.7841205597, 28.0707550049, 33.1602783203, 20.8036403656, 17.0904159546, 21.8640499115, 12.5343408585, 19.3155002594, 15.8432416916, 10.3466424942, 10.109131813, 5.59252214432, 6.3413643837, 4.67007112503, 3.24434447289, 2.119982481, 1.46861243248, 0.695628345013, 0.258301526308, 0.0679787769914, 0.00501019740477, 0.000125538368593, 2.79974865407e-05],
        "dvar": [0.153049305081, 7.14258098602, 43.6130447388, 81.385597229, 98.9695510864, 130.976394653, 179.083114624, 81.3434371948, 241.145080566, 1268.29101562, 2563.6262207, 2019.78405762, 589.523254395, 241.277862549, 894.895812988, 160.299713135, 1000.1182251, 596.441650391, 1676.64160156, 1819.61999512, 707.081787109, 198.068283081, 324.90737915, 100.186561584, 224.033615112, 164.356262207, 174.62550354, 204.683334351, 134.861480713, 262.69720459, 176.877929688, 109.015670776, 37.2885169983, 29.4999847412, 7.60323762894, 0.936062455177, 0.0487216748297, 0.000186186953215, 1.37235460329e-07, 1.48865120231e-09],
        "dvar2": [0.401797652245, 19.0110931396, 120.557281494, 237.525680542, 269.287750244, 364.621734619, 502.10760498, 210.019104004, 514.336547852, 3468.40307617, 7082.07226562, 3881.23925781, 1304.15991211, 493.855865479, 1885.37878418, 385.227508545, 2552.20288086, 1514.53149414, 4899.27734375, 5278.33496094, 1964.78271484, 512.257629395, 886.94909668, 282.636566162, 616.026794434, 415.446594238, 442.387542725, 464.082244873, 279.520629883, 483.931121826, 322.08770752, 179.745223999, 51.5907669067, 67.5709991455, 11.7644643784, 1.19481992722, 0.0869469121099, 0.000349838112015, 2.35268586835e-07, 2.67984123781e-09],
        "max": [2.70462656021, 22.1303882599, 63.1569747925, 107.616722107, 95.8425369263, 118.987709045, 126.686882019, 90.2276306152, 188.547973633, 358.432006836, 504.299438477, 955.856872559, 287.542663574, 340.0184021, 660.520568848, 212.887054443, 528.516601562, 382.961273193, 714.578125, 585.565795898, 613.918518066, 235.563354492, 282.941589355, 161.509002686, 257.49407959, 237.059417725, 289.061859131, 439.375488281, 348.245178223, 442.574707031, 446.322143555, 303.903259277, 167.749847412, 139.720779419, 88.7864761353, 37.0161552429, 6.91181325912, 0.285878300667, 0.00845489837229, 0.000985753838904],
        "mean": [0.28343641758, 1.90216171741, 5.89931249619, 7.14772844315, 6.37177562714, 7.16861152649, 7.89004802704, 8.72393608093, 22.2365779877, 30.0478229523, 34.8055267334, 51.9787063599, 23.2008552551, 19.1525993347, 30.8006095886, 16.9614105225, 30.6956691742, 23.4568462372, 35.7052497864, 41.8485069275, 27.1266136169, 23.9063510895, 28.673084259, 19.3485240936, 29.4127521515, 24.832862854, 15.5237474442, 14.4101982117, 9.71337223053, 10.760427475, 8.27902030945, 6.2378745079, 4.13418626785, 2.1376106739, 1.04168117046, 0.374313890934, 0.0860286727548, 0.00536971911788, 0.000167824488017, 5.29649223608e-05],
        "median": [0.165791794658, 1.23653328419, 3.94288945198, 5.25013780594, 3.58882975578, 3.93993544579, 4.67166900635, 5.5836224556, 14.0200395584, 15.5306901932, 10.8633403778, 16.4803180695, 9.64433670044, 10.0317564011, 9.80134105682, 7.16695976257, 15.031255722, 11.3699960709, 15.472448349, 17.6616630554, 12.2391624451, 16.2106494904, 16.9794902802, 14.3696699142, 19.82280159, 15.2394161224, 10.8637971878, 8.36825656891, 5.01683330536, 4.7457818985, 2.88050794601, 1.91696000099, 1.02847492695, 0.415057301521, 0.130145788193, 0.0372033119202, 0.00469678035006, 0.000241922680289, 3.25280816469e-05, 4.15871654695e-05],
        "min": [0.000634825380985, 0.0051481355913, 0.00619150931016, 0.0100292935967, 0.0177915040404, 0.0162253528833, 0.0260011255741, 0.0447304323316, 0.13129979372, 0.0951332598925, 0.0621620938182, 0.0498219132423, 0.0198982153088, 0.0220542028546, 0.029161484912, 0.0561826564372, 0.0714646875858, 0.0610186010599, 0.0857995226979, 0.155360087752, 0.0670401602983, 0.104714736342, 0.303226023912, 0.228284806013, 0.449583470821, 0.283195734024, 0.0790090933442, 0.0372237190604, 0.00469105457887, 0.00686173979193, 0.00111118750647, 0.00050586432917, 0.000388786196709, 0.000207302931813, 2.3821457944e-05, 3.30141915583e-06, 1.29302543428e-06, 3.38170281111e-07, 6.65963398205e-07, 1.45720355249e-06],
        "var": [0.144943058491, 6.30490064621, 44.5535926819, 65.8437652588, 81.0039672852, 106.636116028, 138.446166992, 101.11656189, 605.276428223, 1642.02148438, 3940.51586914, 9196.14746094, 1414.52514648, 773.963500977, 4591.40429688, 627.121398926, 2681.61474609, 1614.91296387, 4292.36083984, 4451.72460938, 1807.6940918, 727.366882324, 1151.18615723, 348.037567139, 905.898864746, 708.304016113, 520.734313965, 841.796691895, 618.579284668, 1232.11486816, 892.672546387, 566.963195801, 243.304351807, 81.9157028198, 31.7671031952, 4.44749879837, 0.170588523149, 0.000525522336829, 4.77619494177e-07, 5.75822101112e-09]
    },
    "gfcc": {
        "mean": [21.7600784302, 101.327644348, -127.052070618, 57.5461921692, -60.5703125, 20.2214565277, -30.8068714142, 14.4234972, -15.5963401794, 5.86566400528, -8.98492527008, -8.77813434601, -9.03371810913],
        "cov": [[3765.16088867, -1269.08984375, 331.535095215, -106.126731873, -254.310012817, 407.373443604, -295.116210938, 356.599853516, -168.081039429, -110.085464478, -515.64654541, 123.546974182, -144.476608276], [-1269.08984375, 956.209655762, -205.523590088, 70.4625320435, 128.322952271, -150.879394531, 156.320114136, -157.677734375, 107.464569092, -63.8203544617, 222.143157959, -142.270492554, 121.547531128], [331.535095215, -205.523590088, 448.12020874, 34.6072807312, 6.40637397766, 43.6911087036, -88.7733383179, 3.83321905136, -75.4780349731, 18.2151317596, -70.283744812, 78.481300354, -43.5287704468], [-106.126731873, 70.4625320435, 34.6072807312, 166.364425659, 37.9013252258, -5.2127199173, -7.65491199493, -25.8380355835, 20.1382637024, -33.8351478577, 44.0515708923, -20.6151294708, 55.9308319092], [-254.310012817, 128.322952271, 6.40637397766, 37.9013252258, 117.869644165, -22.1407089233, 32.9246749878, -33.1919403076, 2.45885539055, 11.9794588089, 33.7506103516, 2.21471762657, 16.0945415497], [407.373443604, -150.879394531, 43.6911087036, -5.2127199173, -22.1407089233, 159.405105591, 7.38709068298, 27.48670578, -46.7197875977, -38.9836959839, -46.8605499268, 12.618853569, 2.83913087845], [-295.116210938, 156.320114136, -88.7733383179, -7.65491199493, 32.9246749878, 7.38709068298, 120.845306396, -9.06061935425, 21.0890026093, -15.7830448151, 36.7931900024, -29.8680343628, 19.1335964203], [356.599853516, -157.677734375, 3.83321905136, -25.8380355835, -33.1919403076, 27.48670578, -9.06061935425, 110.583580017, 22.0482730865, 3.16893672943, -63.6674079895, 7.58660173416, -23.1239528656], [-168.081039429, 107.464569092, -75.4780349731, 20.1382637024, 2.45885539055, -46.7197875977, 21.0890026093, 22.0482730865, 96.4744873047, 15.2557039261, 37.2529563904, -41.0661430359, 9.31424713135], [-110.085464478, -63.8203544617, 18.2151317596, -33.8351478577, 11.9794588089, -38.9836959839, -15.7830448151, 3.16893672943, 15.2557039261, 92.4496536255, 18.1647529602, 23.2548694611, -37.1845703125], [-515.64654541, 222.143157959, -70.283744812, 44.0515708923, 33.7506103516, -46.8605499268, 36.7931900024, -63.6674079895, 37.2529563904, 18.1647529602, 145.128173828, -16.4541759491, 34.7400932312], [123.546974182, -142.270492554, 78.481300354, -20.6151294708, 2.21471762657, 12.618853569, -29.8680343628, 7.58660173416, -41.0661430359, 23.2548694611, -16.4541759491, 88.944480896, -15.7004356384], [-144.476608276, 121.547531128, -43.5287704468, 55.9308319092, 16.0945415497, 2.83913087845, 19.1335964203, -23.1239528656, 9.31424713135, -37.1845703125, 34.7400932312, -15.7004356384, 90.8971862793]],
        "icov": [[0.00110877701081, 0.000195420347154, 0.000167340491316, -0.000150535721332, 0.000242294714553, -0.00174377730582, 0.0019616598729, -0.00162469397765, 4.76483655802e-05, 0.00093773775734, 0.00164908787701, -0.00018800048565, 0.000575109617785], [0.000195420347154, 0.00520229618996, -0.00106562138535, 0.00345978536643, -0.00349358911626, 0.00295132258907, -0.00175943120848, 0.00278927898034, -0.00278527592309, 0.00566157791764, -0.00423313118517, 0.00461219577119, -0.00266274018213], [0.000167340491316, -0.00106562138535, 0.00389529205859, -0.00275623681955, 0.000402358156862, -0.00154432142153, 0.00200993428007, -0.000290940108243, 0.00178545550443, -0.00180477427784, 0.00260257557966, -0.00291817169636, 0.00231217197143], [-0.000150535721332, 0.00345978536643, -0.00275623681955, 0.0134044652805, -0.0058842105791, 0.00194765150081, 0.00166722689755, 0.00181154103484, -0.00468768365681, 0.00770000135526, -0.00653436686844, 0.00505163474008, -0.00634245015681], [0.000242294714553, -0.00349358911626, 0.000402358156862, -0.0058842105791, 0.014566023834, -0.00133613985963, -0.0029659497086, 0.000202845825697, 0.00263843080029, -0.00691136764362, 0.00453779799864, -0.00472515914589, 0.0013604828855], [-0.00174377730582, 0.00295132258907, -0.00154432142153, 0.00194765150081, -0.00133613985963, 0.0141683621332, -0.00655217794701, 0.00122842809651, 0.00323619344272, 0.00428940076381, -0.00517777679488, 0.00353247136809, -0.00315819471143], [0.0019616598729, -0.00175943120848, 0.00200993428007, 0.00166722689755, -0.0029659497086, -0.00655217794701, 0.0174820963293, -0.00537086185068, -4.27591885455e-06, 0.00249307183549, 0.00123262277339, 0.000278175255517, 0.00168812612537], [-0.00162469397765, 0.00278927898034, -0.000290940108243, 0.00181154103484, 0.000202845825697, 0.00122842809651, -0.00537086185068, 0.0226807948202, -0.0123463291675, 0.000825537485071, 0.00402067089453, -0.00187095894944, -0.000996991060674], [4.76483655802e-05, -0.00278527592309, 0.00178545550443, -0.00468768365681, 0.00263843080029, 0.00323619344272, -4.27591885455e-06, -0.0123463291675, 0.0254047103226, -0.00746801076457, -0.00323944306001, 0.00652122450992, 0.000537639483809], [0.00093773775734, 0.00566157791764, -0.00180477427784, 0.00770000135526, -0.00691136764362, 0.00428940076381, 0.00249307183549, 0.000825537485071, -0.00746801076457, 0.0263916458935, -0.00808496680111, 0.000286622118438, 0.00379376066849], [0.00164908787701, -0.00423313118517, 0.00260257557966, -0.00653436686844, 0.00453779799864, -0.00517777679488, 0.00123262277339, 0.00402067089453, -0.00323944306001, -0.00808496680111, 0.0219630431384, -0.00731578143314, 0.00103715539444], [-0.00018800048565, 0.00461219577119, -0.00291817169636, 0.00505163474008, -0.00472515914589, 0.00353247136809, 0.000278175255517, -0.00187095894944, 0.00652122450992, 0.000286622118438, -0.00731578143314, 0.023282552138, -0.00451368046924], [0.000575109617785, -0.00266274018213, 0.00231217197143, -0.00634245015681, 0.0013604828855, -0.00315819471143, 0.00168812612537, -0.000996991060674, 0.000537639483809, 0.00379376066849, 0.00103715539444, -0.00451368046924, 0.0200556684285]]
    },
    "melbands": {
        "dmean": [0.00190210377332, 0.00185489410069, 0.000855272926856, 0.000408408523072, 0.000238786407863, 0.000119567252113, 0.00017511236365, 0.000216343963984, 0.000168853555806, 0.000145084239193, 5.95531491854e-05, 3.96279501729e-05, 4.33792993135e-05, 2.81228185486e-05, 2.8445119824e-05, 3.51672460965e-05, 2.42005698965e-05, 3.03407832689e-05, 2.62076846411e-05, 2.82552591671e-05, 1.35569944177e-05, 1.05018143586e-05, 1.72192794707e-05, 8.60423187987e-06, 6.65804100208e-06, 9.38427547226e-06, 9.57006432145e-06, 6.9063103183e-06, 4.43536873718e-06, 5.36914012628e-06, 3.37017922902e-06, 2.35141942539e-06, 2.70691566584e-06, 2.58113118434e-06, 2.14733017856e-06, 1.84121552138e-06, 1.62031676609e-06, 1.24805910673e-06, 1.13323949336e-06, 8.55821099321e-07],
        "dmean2": [0.00322045502253, 0.00315950019285, 0.00152508122846, 0.000706191174686, 0.000420111638959, 0.000198477326194, 0.000272200093605, 0.000362209859304, 0.000277965707937, 0.000212634215131, 9.61998011917e-05, 6.03470471106e-05, 6.54857067275e-05, 4.40712465206e-05, 4.64581316919e-05, 5.78597355343e-05, 4.05645987485e-05, 4.90364654979e-05, 4.22813027399e-05, 4.74902153655e-05, 2.31347112276e-05, 1.77109832293e-05, 2.84915531665e-05, 1.42583712659e-05, 1.1241334505e-05, 1.57070535352e-05, 1.5743296899e-05, 1.17476402011e-05, 7.43665759728e-06, 8.74490069691e-06, 5.60542230232e-06, 3.72265799342e-06, 4.112334409e-06, 3.88564603782e-06, 3.02857347378e-06, 2.729203743e-06, 2.20824404096e-06, 1.67369000792e-06, 1.62117055424e-06, 1.28481337924e-06],
        "dvar": [1.15032626127e-05, 9.78927982942e-06, 2.40533950091e-06, 5.19433228874e-07, 2.27102930239e-07, 4.08471407809e-08, 6.07656502893e-08, 2.03092156426e-07, 1.48472295791e-07, 7.97846766432e-08, 1.5013769783e-08, 4.64079841223e-09, 8.73191474682e-09, 2.37499464539e-09, 3.52239881707e-09, 4.15645784457e-09, 2.90784418766e-09, 5.19861043102e-09, 2.27263341479e-09, 4.97087881968e-09, 8.18345669007e-10, 2.30150856706e-10, 6.80435041645e-10, 1.25786714378e-10, 8.31090751774e-11, 1.54258966711e-10, 2.05530550912e-10, 8.80355302546e-11, 7.06626146485e-11, 1.59747590156e-10, 7.57359036596e-11, 5.67353074243e-11, 1.04712759297e-10, 9.27925444816e-11, 7.25856388883e-11, 5.74509918805e-11, 4.39683740805e-11, 2.00498246478e-11, 2.87037182217e-11, 2.216755772e-11],
        "dvar2": [3.02974131046e-05, 2.61602781393e-05, 6.9161542342e-06, 1.39100370689e-06, 6.37042603557e-07, 1.05478775936e-07, 1.29270787852e-07, 5.60004593808e-07, 4.13619488882e-07, 1.48937033373e-07, 3.35836283227e-08, 9.67221591708e-09, 1.77724004402e-08, 5.5159765644e-09, 8.39097769045e-09, 1.09567226403e-08, 7.23241333489e-09, 1.3853068026e-08, 6.32131769152e-09, 1.43084823989e-08, 2.24097940205e-09, 6.05051231339e-10, 1.85670845365e-09, 3.35042438238e-10, 2.40405695351e-10, 4.44613734718e-10, 5.36910460536e-10, 2.38394276542e-10, 1.96096389127e-10, 3.76695702409e-10, 1.84060267028e-10, 1.48705034397e-10, 1.9643130178e-10, 1.86794871238e-10, 1.26766819264e-10, 1.23320062495e-10, 7.07875980055e-11, 2.96347633932e-11, 6.03472619098e-11, 5.45234829508e-11],
        "max": [0.0245823822916, 0.0301918871701, 0.0174343474209, 0.00620274990797, 0.00402402505279, 0.00219610589556, 0.00307593494654, 0.00489465333521, 0.00430310983211, 0.00621594674885, 0.00147124764044, 0.00139781145845, 0.00186550070066, 0.000813602120616, 0.00103227968793, 0.000842869339976, 0.000846906972583, 0.00113113818225, 0.000601312262006, 0.00154632714111, 0.000718463270459, 0.000249982462265, 0.000376009294996, 0.000147265702253, 0.000136712304084, 0.000171873965883, 0.000223027964239, 0.000139288735227, 0.000187996411114, 0.000385732040741, 0.000271521625109, 0.000224706251174, 0.000254092767136, 0.000276126607787, 0.000302387168631, 0.000190909588127, 0.00019626073481, 0.000140386167914, 0.000118301781185, 0.000130911343149],
        "mean": [0.0025149921421, 0.00296059506945, 0.00123703421559, 0.000492336752359, 0.000288135779556, 0.000188386940863, 0.000355580559699, 0.000349779380485, 0.000277204293525, 0.000312542251777, 0.000105035222077, 7.45209181332e-05, 9.81235207291e-05, 5.85023262829e-05, 5.08675220772e-05, 6.1118065787e-05, 4.26582992077e-05, 5.84130830248e-05, 4.98967638123e-05, 5.60412736377e-05, 2.62151534116e-05, 2.16077860387e-05, 3.33294192387e-05, 1.8514061594e-05, 1.45291742228e-05, 2.0673558538e-05, 2.17998785956e-05, 1.52498478201e-05, 9.53798462433e-06, 1.00552515505e-05, 7.51007883082e-06, 5.32252897756e-06, 5.84145755056e-06, 6.06470985076e-06, 4.99590441905e-06, 3.88482749258e-06, 3.78548406843e-06, 3.01596355712e-06, 2.2752865334e-06, 1.62342075782e-06],
        "median": [0.0015210157726, 0.00224004592746, 0.000934367591981, 0.000271600787528, 0.000175527544343, 0.000117482712085, 0.000236942491028, 0.000154213616042, 0.000100821926026, 9.40504760365e-05, 4.2773594032e-05, 3.80530073016e-05, 3.07404770865e-05, 2.03774015972e-05, 2.46162035182e-05, 3.0958748539e-05, 1.76313333213e-05, 2.22077414946e-05, 2.51248584391e-05, 2.07899684028e-05, 1.35251693791e-05, 1.41610780702e-05, 1.92811949091e-05, 1.17005947686e-05, 1.03525071609e-05, 1.48392236952e-05, 1.12414709292e-05, 9.35306616157e-06, 6.06649064139e-06, 5.63198000236e-06, 4.25464259024e-06, 2.68065468845e-06, 2.51925962402e-06, 2.45897535933e-06, 1.61563821166e-06, 1.21324364954e-06, 1.0310353673e-06, 6.84207179802e-07, 4.79397044728e-07, 2.71353542303e-07],
        "min": [7.87417229731e-06, 6.36067534288e-06, 2.40554118136e-06, 8.14375198388e-07, 1.13270482416e-06, 3.96993129925e-07, 5.34357411652e-07, 2.6274599918e-07, 9.50783274334e-08, 3.70014312523e-08, 3.47853834626e-08, 7.65028858041e-08, 2.7800091118e-08, 2.29701146992e-08, 1.22685008819e-07, 9.75777325607e-08, 6.47763656048e-08, 1.13002144531e-07, 8.45690948381e-08, 5.80498138447e-08, 8.97126639643e-08, 6.50832632232e-08, 2.81444727079e-07, 1.49699175722e-07, 1.02248485234e-07, 3.51184326064e-07, 2.52311309623e-07, 8.52202930446e-08, 2.26573533268e-08, 4.62389628808e-08, 1.1215488982e-08, 1.31827704308e-09, 3.2473828071e-09, 3.19917003999e-09, 1.557502044e-10, 3.37266159445e-10, 2.98540137056e-10, 1.10869764758e-10, 2.02028241358e-10, 7.97944349484e-11],
