{
"highlevel": {
    "danceability": {
        "all": {
            "danceable": 0.167811781168,
            "not_danceable": 0.83218818903
        },
        "probability": 0.83218818903,
        "value": "not_danceable"
    },
    "gender": {
        "all": {
            "female": 0.906549572945,
            "male": 0.0934504047036
        },
        "probability": 0.906549572945,
        "value": "female"
    },
    "genre_dortmund": {
        "all": {
            "alternative": 0.106258489192,
            "blues": 0.0968658924103,
            "electronic": 0.0229269266129,
            "folkcountry": 0.196391612291,
            "funksoulrnb": 0.00867307186127,
            "jazz": 0.0189354047179,
            "pop": 0.107205301523,
            "raphiphop": 0.0258143618703,
            "rock": 0.416928946972
        },
        "probability": 0.416928946972,
        "value": "rock"
    },
    "genre_electronic": {
        "all": {
            "ambient": 0.442276805639,
            "dnb": 0.277429819107,
            "house": 0.0656852722168,
            "techno": 0.0124017363414,
            "trance": 0.202206373215
        },
        "probability": 0.442276805639,
        "value": "ambient"
    },
    "genre_rosamerica": {
        "all": {
            "cla": 0.0025877924636,
            "dan": 0.00336949480698,
            "hip": 0.00595642393455,
            "jaz": 0.00522623583674,
            "pop": 0.620806574821,
            "rhy": 0.0194023754448,
            "roc": 0.341758877039,
            "spe": 0.000892206677236
        },
        "probability": 0.620806574821,
        "value": "pop"
    },
    "genre_tzanetakis": {
        "all": {
            "blu": 0.0620671063662,
            "cla": 0.034474901855,
            "cou": 0.103433981538,
            "dis": 0.0620971247554,
            "hip": 0.15527240932,
            "jaz": 0.310666948557,
            "met": 0.044346679002,
            "pop": 0.0620793737471,
            "reg": 0.0620816536248,
            "roc": 0.103479810059
        },
        "probability": 0.310666948557,
        "value": "jaz"
    },
    "ismir04_rhythm": {
        "all": {
            "ChaChaCha": 0.144026920199,
            "Jive": 0.252922713757,
            "Quickstep": 0.175858914852,
            "Rumba-American": 0.0249618925154,
            "Rumba-International": 0.110578350723,
            "Rumba-Misc": 0.0285696126521,
            "Samba": 0.10217320174,
            "Tango": 0.0180535949767,
            "VienneseWaltz": 0.113695718348,
            "Waltz": 0.0291591044515
        },
        "probability": 0.252922713757,
        "value": "Jive"
    },
    "mood_acoustic": {
        "all": {
            "acoustic": 0.0703184902668,
            "not_acoustic": 0.929681539536
        },
        "probability": 0.929681539536,
        "value": "not_acoustic"
    },
    "mood_aggressive": {
        "all": {
            "aggressive": 0.492962539196,
            "not_aggressive": 0.507037460804
        },
        "probability": 0.507037460804,
        "value": "not_aggressive"
    },
    "mood_electronic": {
        "all": {
            "electronic": 0.377317667007,
            "not_electronic": 0.622682332993
        },
        "probability": 0.622682332993,
        "value": "not_electronic"
    },
    "mood_happy": {
        "all": {
            "happy": 0.528310000896,
            "not_happy": 0.471689999104
        },
        "probability": 0.528310000896,
        "value": "happy"
    },
    "mood_party": {
        "all": {
            "not_party": 0.734665751457,
            "party": 0.26533421874
        },
        "probability": 0.734665751457,
        "value": "not_party"
    },
    "mood_relaxed": {
        "all": {
            "not_relaxed": 0.278382986784,
            "relaxed": 0.721617043018
        },
        "probability": 0.721617043018,
        "value": "relaxed"
    },
    "mood_sad": {
        "all": {
            "not_sad": 0.523441433907,
            "sad": 0.476558595896
        },
        "probability": 0.523441433907,
        "value": "not_sad"
    },
    "moods_mirex": {
        "all": {
            "Cluster1": 0.392697572708,
            "Cluster2": 0.124649628997,
            "Cluster3": 0.195253074169,
            "Cluster4": 0.0561650469899,
            "Cluster5": 0.231234684587
        },
        "probability": 0.392697572708,
        "value": "Cluster1"
    },
    "timbre": {
        "all": {
            "bright": 0.879042744637,
            "dark": 0.120957233012
        },
        "probability": 0.879042744637,
        "value": "bright"
    },
    "tonal_atonal": {
        "all": {
            "atonal": 0.016912881285,
            "tonal": 0.98308712244
        },
        "probability": 0.98308712244,
        "value": "tonal"
    },
    "voice_instrumental": {
        "all": {
            "instrumental": 0.0190259832889,
            "voice": 0.980974018574
        },
        "probability": 0.980974018574,
        "value": "voice"
    }
},
"lowlevel": {
    "average_loudness": 0.978618621826,
    "barkbands_crest": {
        "dmean": 2.63464069366,
        "dmean2": 4.52832508087,
        "dvar": 6.93554830551,
        "dvar2": 18.8125095367,
        "max": 23.7769145966,
        "mean": 9.63608646393,
        "median": 8.86560821533,
        "min": 3.39053058624,
        "var": 12.3331975937
    },
    "barkbands_flatness_db": {
        "dmean": 0.0230032261461,
        "dmean2": 0.0353880636394,
        "dvar": 0.000454303110018,
        "dvar2": 0.00110055250116,
        "max": 0.294121414423,
        "mean": 0.157609447837,
        "median": 0.154632791877,
        "min": 0.067614659667,
        "var": 0.00165542331524
    },
    "barkbands_kurtosis": {
        "dmean": 2.43435430527,
        "dmean2": 3.99179029465,
        "dvar": 10.6110458374,
        "dvar2": 28.5139331818,
        "max": 35.1060676575,
        "mean": 3.11328363419,
        "median": 1.57544565201,
        "min": -1.64496445656,
        "var": 20.9027919769
    },
    "barkbands_skewness": {
        "dmean": 0.545564949512,
        "dmean2": 0.885853111744,
        "dvar": 0.304299890995,
        "dvar2": 0.841966152191,
        "max": 5.10004758835,
        "mean": 1.61050617695,
        "median": 1.52657163143,
        "min": -0.66913163662,
        "var": 0.876496970654
    },
    "barkbands_spread": {
        "dmean": 4.96966171265,
        "dmean2": 7.8232665062,
        "dvar": 28.6780662537,
        "dvar2": 70.279510498,
        "max": 81.8755111694,
        "mean": 21.1701183319,
        "median": 20.3796081543,
        "min": 4.28709793091,
        "var": 85.3980331421
    },
    "dissonance": {
        "dmean": 0.0196756590158,
        "dmean2": 0.0330374725163,
        "dvar": 0.000305882713292,
        "dvar2": 0.000799165572971,
        "max": 0.499999940395,
        "mean": 0.46626201272,
        "median": 0.47125184536,
        "min": 0.288300663233,
        "var": 0.000539020751603
    },
    "dynamic_complexity": 1.61245191097,
    "erbbands_crest": {
        "dmean": 3.08431696892,
        "dmean2": 5.08535528183,
        "dvar": 7.99324512482,
        "dvar2": 20.4383201599,
        "max": 24.3425388336,
        "mean": 9.40502071381,
        "median": 8.46519374847,
        "min": 2.51031732559,
        "var": 19.0616188049
    },
    "erbbands_flatness_db": {
        "dmean": 0.0199848860502,
        "dmean2": 0.0277736112475,
        "dvar": 0.000370503898012,
        "dvar2": 0.00061406835448,
        "max": 0.289133638144,
        "mean": 0.158601015806,
        "median": 0.162092730403,
        "min": 0.0706469714642,
        "var": 0.00212973891757
    },
    "erbbands_kurtosis": {
        "dmean": 0.695370912552,
        "dmean2": 1.14430749416,
        "dvar": 0.636587738991,
        "dvar2": 1.61686432362,
        "max": 10.7034244537,
        "mean": 0.134872630239,
        "median": -0.249351739883,
        "min": -1.69109141827,
        "var": 1.82738995552
    },
    "erbbands_skewness": {
        "dmean": 0.340816378593,
        "dmean2": 0.532119572163,
        "dvar": 0.0763826444745,
        "dvar2": 0.185120373964,
        "max": 2.07394099236,
        "mean": -0.0319882854819,
        "median": 0.0144967809319,
        "min": -1.63572144508,
        "var": 0.271648734808
    },
    "erbbands_spread": {
        "dmean": 7.78608083725,
        "dmean2": 11.7701072693,
        "dvar": 54.6512794495,
        "dvar2": 117.630737305,
        "max": 109.223510742,
        "mean": 37.5706062317,
        "median": 34.3516044617,
        "min": 6.328561306,
        "var": 300.276428223
    },
    "hfc": {
        "dmean": 6.51529788971,
        "dmean2": 9.04988288879,
        "dvar": 45.7679214478,
        "dvar2": 80.40209198,
        "max": 100.576957703,
        "mean": 25.6212081909,
        "median": 23.7268886566,
        "min": 2.11688709259,
        "var": 233.919662476
    },
    "melbands_crest": {
        "dmean": 3.68003487587,
        "dmean2": 6.27266216278,
        "dvar": 13.0017929077,
        "dvar2": 35.5967636108,
        "max": 30.2634887695,
        "mean": 15.2180404663,
        "median": 14.6609163284,
        "min": 5.80786514282,
        "var": 25.0401687622
    },
    "melbands_flatness_db": {
        "dmean": 0.0269684363157,
        "dmean2": 0.0413086973131,
        "dvar": 0.000689572887495,
        "dvar2": 0.00168551353272,
        "max": 0.384835243225,
        "mean": 0.216974273324,
        "median": 0.211306899786,
        "min": 0.0779282897711,
        "var": 0.00263035134412
    },
    "melbands_kurtosis": {
        "dmean": 6.72946929932,
        "dmean2": 11.3073148727,
        "dvar": 99.9925842285,
        "dvar2": 276.32232666,
        "max": 97.729927063,
        "mean": 11.8581933975,
        "median": 8.33966636658,
        "min": -1.486515522,
        "var": 158.584243774
    },
    "melbands_skewness": {
        "dmean": 0.787821471691,
        "dmean2": 1.29676628113,
        "dvar": 0.722363352776,
        "dvar2": 1.98614943027,
        "max": 8.69312667847,
        "mean": 2.79393529892,
        "median": 2.67844176292,
        "min": -0.471155047417,
        "var": 1.80148041248
    },
    "melbands_spread": {
        "dmean": 5.93772411346,
        "dmean2": 9.70036029816,
        "dvar": 38.4769630432,
        "dvar2": 104.375099182,
        "max": 68.4626846313,
        "mean": 20.0074958801,
        "median": 18.5453071594,
        "min": 3.13054633141,
        "var": 99.0598983765
    },
    "pitch_salience": {
        "dmean": 0.0719905272126,
        "dmean2": 0.120764702559,
        "dvar": 0.00448003737256,
        "dvar2": 0.0120448088273,
        "max": 0.829451203346,
        "mean": 0.509613454342,
        "median": 0.510825872421,
        "min": 0.19844353199,
        "var": 0.00915890559554
    },
    "silence_rate_20dB": {
        "dmean": 0,
        "dmean2": 0,
        "dvar": 0,
        "dvar2": 0,
        "max": 1,
        "mean": 1,
        "median": 1,
        "min": 1,
        "var": 0
    },
    "silence_rate_30dB": {
        "dmean": 0.0139318881556,
        "dmean2": 0.0278853606433,
        "dvar": 0.0137380212545,
        "dvar2": 0.0395016781986,
        "max": 1,
        "mean": 0.992266058922,
        "median": 1,
        "min": 0,
        "var": 0.00767410965636
    },
    "silence_rate_60dB": {
        "dmean": 0,
        "dmean2": 0,
        "dvar": 0,
        "dvar2": 0,
        "max": 0,
        "mean": 0,
        "median": 0,
        "min": 0,
        "var": 0
    },
    "spectral_centroid": {
        "dmean": 194.852386475,
        "dmean2": 307.501586914,
        "dvar": 35345.6132812,
        "dvar2": 85723.7109375,
        "max": 2616.41650391,
        "mean": 1141.14794922,
        "median": 1127.47033691,
        "min": 390.557250977,
        "var": 130273.671875
    },
    "spectral_complexity": {
        "dmean": 4.30030965805,
        "dmean2": 6.25639057159,
        "dvar": 18.8788394928,
        "dvar2": 33.0178604126,
        "max": 53,
        "mean": 22.4423828125,
        "median": 21,
        "min": 8,
        "var": 66.4696578979
    },
    "spectral_decrease": {
        "dmean": 3.74073572118e-09,
        "dmean2": 6.14652284625e-09,
        "dvar": 2.32919088526e-17,
        "dvar2": 6.42804039248e-17,
        "max": -1.59270296951e-09,
        "mean": -1.1310494763e-08,
        "median": -1.00836832218e-08,
        "min": -3.71820370049e-08,
        "var": 3.70312216628e-17
    },
    "spectral_energy": {
        "dmean": 0.0144428526983,
        "dmean2": 0.0236469153315,
        "dvar": 0.000339020363754,
        "dvar2": 0.000925076543353,
        "max": 0.143253922462,
        "mean": 0.0450122877955,
        "median": 0.0400686189532,
        "min": 0.00621809298173,
        "var": 0.000565555994399
    },
    "spectral_energyband_high": {
        "dmean": 0.000381494784961,
        "dmean2": 0.000427370483521,
        "dvar": 3.72536732129e-07,
        "dvar2": 5.22204572917e-07,
        "max": 0.010021161288,
        "mean": 0.000795725616626,
        "median": 0.000261580396909,
        "min": 1.95483335119e-06,
        "var": 1.49087236423e-06
    },
    "spectral_energyband_low": {
        "dmean": 0.011675933376,
        "dmean2": 0.0199915822595,
        "dvar": 0.000329970789608,
        "dvar2": 0.000950004323386,
        "max": 0.130099758506,
        "mean": 0.0235572978854,
        "median": 0.0180673059076,
        "min": 0.000680316705257,
        "var": 0.000377382093575
    },
    "spectral_energyband_middle_high": {
        "dmean": 0.00260795839131,
        "dmean2": 0.00407917657867,
        "dvar": 7.73790725361e-06,
        "dvar2": 1.95646716747e-05,
        "max": 0.0324020944536,
        "mean": 0.00797490496188,
        "median": 0.00670052645728,
        "min": 0.000446809397545,
        "var": 3.1661857065e-05
    },
    "spectral_energyband_middle_low": {
        "dmean": 0.00639624102041,
        "dmean2": 0.0101976003498,
        "dvar": 7.47843296267e-05,
        "dvar2": 0.000180886287126,
        "max": 0.0946238487959,
        "mean": 0.0173763409257,
        "median": 0.015318788588,
        "min": 0.00158838217612,
        "var": 0.000142163204146
    },
    "spectral_entropy": {
        "dmean": 0.180927932262,
        "dmean2": 0.246104478836,
        "dvar": 0.0360042378306,
        "dvar2": 0.0565628670156,
        "max": 8.52902793884,
        "mean": 7.46784067154,
        "median": 7.45495080948,
        "min": 6.31273317337,
        "var": 0.150680273771
    },
    "spectral_flux": {
        "dmean": 0.0321686975658,
        "dmean2": 0.0502631664276,
        "dvar": 0.00118416443001,
        "dvar2": 0.00238529592752,
        "max": 0.322718173265,
        "mean": 0.10536891222,
        "median": 0.0962114781141,
        "min": 0.0219920519739,
        "var": 0.00263220747001
    },
    "spectral_kurtosis": {
        "dmean": 1.98513317108,
        "dmean2": 3.19639086723,
        "dvar": 5.08536815643,
        "dvar2": 12.7894153595,
        "max": 30.5120849609,
        "mean": 5.12503623962,
        "median": 4.54173803329,
        "min": -0.416797399521,
        "var": 9.8321762085
    },
    "spectral_rms": {
        "dmean": 0.000994914676994,
        "dmean2": 0.00159591378178,
        "dvar": 1.23508971228e-06,
        "dvar2": 3.28614510181e-06,
        "max": 0.0118220103905,
        "mean": 0.00640782015398,
        "median": 0.00625230604783,
        "min": 0.0024630127009,
        "var": 2.85434566649e-06
    },
    "spectral_rolloff": {
        "dmean": 382.213348389,
        "dmean2": 669.498535156,
        "dvar": 321931.0625,
        "dvar2": 745050.25,
        "max": 7967.28515625,
        "mean": 1079.05859375,
        "median": 904.39453125,
        "min": 86.1328125,
        "var": 638665.4375
    },
    "spectral_skewness": {
        "dmean": 0.229729175568,
        "dmean2": 0.359250515699,
        "dvar": 0.0489443801343,
        "dvar2": 0.114934824407,
        "max": 3.77552938461,
        "mean": 1.63442444801,
        "median": 1.62965369225,
        "min": 0.499873489141,
        "var": 0.150708913803
    },
    "spectral_spread": {
        "dmean": 537119.875,
        "dmean2": 648917.4375,
        "dvar": 347326808064,
        "dvar2": 426038362112,
        "max": 10345212,
        "mean": 4101219.75,
        "median": 3646686.75,
        "min": 1385496.75,
        "var": 2.16549149901e+12
    },
    "spectral_strongpeak": {
        "dmean": 0.449917495251,
        "dmean2": 0.792612791061,
        "dvar": 0.740799844265,
        "dvar2": 1.87332582474,
        "max": 8.56079959869,
        "mean": 0.73037558794,
        "median": 0.507192015648,
        "min": 0.0549999549985,
        "var": 0.780769348145
    },
    "zerocrossingrate": {
        "dmean": 0.0082085672766,
        "dmean2": 0.00915820430964,
        "dvar": 6.55481344438e-05,
        "dvar2": 6.73740869388e-05,
        "max": 0.18115234375,
        "mean": 0.0470328517258,
        "median": 0.0439453125,
        "min": 0.00634765625,
        "var": 0.00046708402806
    },
    "barkbands": {
        "dmean": [0.000691213819664, 0.00766841461882, 0.00388667872176, 0.00352938007563, 0.0014923454728, 0.00172243651468, 0.00136667571496, 0.000736097164918, 0.000591354910284, 0.00114497169852, 0.000249703327427, 0.000824358256068, 0.00039782183012, 0.00065238494426, 0.000753213942517, 0.000407752435422, 0.000331977906171, 0.000219251742237, 0.000141103126225, 0.000110784225399, 8.03941438789e-05, 8.39809945319e-05, 7.24617420929e-05, 7.53444182919e-05, 4.1954786866e-05, 3.12364281854e-05, 1.04606767692e-08],
        "dmean2": [0.00110621424392, 0.0133000779897, 0.00662270979956, 0.00595411052927, 0.00247203418985, 0.00284713087603, 0.00232413667254, 0.00122166401707, 0.000940352678299, 0.0017842836678, 0.000401854573283, 0.00134794611949, 0.00063942320412, 0.00106591591612, 0.00123011774849, 0.000670397188514, 0.000545039540157, 0.000362073478755, 0.000218315719394, 0.000167579375557, 0.000110504712211, 0.000108604188426, 9.35031275731e-05, 9.77427407634e-05, 5.20587418578e-05, 3.55111187673e-05, 1.32153106236e-08],
        "dvar": [1.60462161602e-06, 0.000185092067113, 5.45444090676e-05, 5.10999234393e-05, 6.14635837337e-06, 5.069983672e-06, 5.20287358086e-06, 4.43824183094e-06, 1.35997595407e-06, 4.28333714808e-06, 4.50933839602e-07, 2.31917920246e-06, 6.15376904989e-07, 1.57815998136e-06, 1.73346950305e-06, 5.61851948078e-07, 2.59393516444e-07, 1.11976895312e-07, 3.50122668635e-08, 3.04887137759e-08, 1.90141467016e-08, 2.04485655075e-08, 1.81093060547e-08, 2.9808312263e-08, 6.52572929027e-09, 2.67106936569e-09, 5.25830769172e-14],
        "dvar2": [4.30514410255e-06, 0.000526593881659, 0.000154061664944, 0.000145031386637, 1.55521356646e-05, 1.35866357596e-05, 1.4049526726e-05, 1.24804337247e-05, 3.01627505905e-06, 1.02219746623e-05, 1.17035290259e-06, 6.10057850281e-06, 1.44740965879e-06, 3.89851857108e-06, 4.21540926254e-06, 1.43701493016e-06, 6.66768471547e-07, 3.03751278352e-07, 8.00705635129e-08, 7.33174871925e-08, 3.54007418935e-08, 3.15508792426e-08, 3.27001217215e-08, 5.57475132723e-08, 9.49614076262e-09, 4.09591294215e-09, 5.2810772926e-14],
        "max": [0.00819197949022, 0.109845772386, 0.0709962248802, 0.0729258954525, 0.0279088951647, 0.0228896196932, 0.0209703389555, 0.0357868000865, 0.025063212961, 0.0266495794058, 0.0108087481931, 0.0165667440742, 0.0116920042783, 0.0194386132061, 0.0164981484413, 0.0112009728327, 0.00820358190686, 0.00443342933431, 0.00208456628025, 0.00302739837207, 0.00167788099498, 0.00218552839942, 0.00258347694762, 0.00387634010985, 0.00149934610818, 0.000607897411101, 8.18135049485e-06],
        "mean": [0.000742237898521, 0.0110460035503, 0.00753904273733, 0.00625072000548, 0.00304231233895, 0.00318612996489, 0.0019706080202, 0.00101150665432, 0.000921034486964, 0.00202418887056, 0.0003298704396, 0.00132937089074, 0.000593231874518, 0.00101695756894, 0.00114150648005, 0.000688908738084, 0.000586797483265, 0.000403746467782, 0.000270725053269, 0.000212034050492, 0.000140593081596, 0.000160383526236, 0.000135126450914, 0.000145383659401, 7.5189738709e-05, 4.87313373014e-05, 9.572734605e-09],
        "median": [6.21932049398e-05, 0.00516087841243, 0.00529587222263, 0.00394272152334, 0.00219879229553, 0.00228144065477, 0.000961659417953, 0.000382358150091, 0.000490129925311, 0.000745161203668, 0.0001222982537, 0.000556547660381, 0.000272914476227, 0.000396148650907, 0.000599145889282, 0.000314463628456, 0.000402033212595, 0.000257456937106, 0.000178968955879, 0.000125011603814, 4.90414931846e-05, 4.7589179303e-05, 3.51242124452e-05, 4.68481121061e-05, 1.46149468492e-05, 4.15232716477e-06, 6.48909592726e-10],
        "min": [5.38863602628e-08, 3.82910639019e-06, 5.44148388144e-05, 4.55930930912e-05, 5.55729493499e-05, 3.743119305e-05, 1.19772612379e-05, 7.5705834206e-06, 6.49850426271e-06, 1.49184043039e-05, 1.12892541893e-06, 6.69174460199e-06, 3.00528313346e-06, 3.21039010487e-06, 3.33412799591e-06, 3.71765622731e-06, 2.7575367767e-06, 2.30297473536e-06, 1.30515013552e-06, 1.9459748728e-06, 4.04695839507e-07, 4.57619506733e-08, 1.05135926631e-08, 1.01111936601e-08, 6.63824162306e-10, 2.65175138792e-11, 8.9308309012e-12],
        "var": [2.12945815292e-06, 0.000219075838686, 6.07069159742e-05, 5.6323420722e-05, 9.59401404543e-06, 9.71888948698e-06, 7.47428657633e-06, 5.07464619659e-06, 2.45031219492e-06, 1.12523257485e-05, 6.1526503714e-07, 4.53765460406e-06, 1.08560448098e-06, 3.13602276947e-06, 2.79989353658e-06, 1.40440579344e-06, 4.69226932864e-07, 2.12054487747e-07, 7.26109306015e-08, 6.9397849245e-08, 4.99730106185e-08, 6.93021604548e-08, 5.78596086598e-08, 8.9101156675e-08, 2.27271836906e-08, 7.48370432291e-09, 5.25177503482e-14]
    },
    "erbbands": {
        "dmean": [0.263830929995, 1.62385010719, 4.11233997345, 9.05380058289, 6.75904369354, 4.80077123642, 8.11601257324, 16.5111503601, 23.4822731018, 11.8479738235, 16.5333900452, 14.1355361938, 33.0259361267, 21.8206005096, 14.360543251, 37.5267677307, 17.1731433868, 34.0342102051, 32.1461257935, 35.1115112305, 18.2064552307, 12.7980480194, 12.1426153183, 7.79599142075, 6.63602495193, 5.1166062355, 3.5172932148, 3.1309401989, 3.14803504944, 2.45862030983, 2.11088585854, 1.68840706348, 1.25525641441, 0.577816128731, 0.266270548105, 0.153386980295, 0.0606107227504, 0.0043443501927, 8.49937132443e-05, 1.84776181413e-05],
        "dmean2": [0.433181494474, 2.86332845688, 7.17795658112, 15.2936134338, 11.0749034882, 7.99845743179, 13.1570634842, 27.6144332886, 38.9446754456, 20.7658748627, 26.9412155151, 22.4650745392, 51.3442573547, 34.3093910217, 23.2926807404, 61.0522232056, 27.8310146332, 55.3426589966, 51.8722839355, 55.7887535095, 29.3772506714, 20.6885204315, 19.924911499, 12.4379873276, 10.2884988785, 7.8259344101, 4.96559858322, 4.20302152634, 4.19441318512, 3.23916220665, 2.68091249466, 2.29033017159, 1.69323909283, 0.762360274792, 0.338959723711, 0.184394598007, 0.07344699651, 0.00607551354915, 0.000111017921881, 2.79817049886e-05],
        "dvar": [0.219956934452, 10.5169420242, 82.7198562622, 276.047821045, 157.921035767, 68.3233718872, 195.255126953, 480.421447754, 1248.33679199, 771.364318848, 2450.52001953, 824.452697754, 4471.01416016, 2768.48901367, 1566.06481934, 4774.2578125, 905.82409668, 4063.7175293, 3952.13305664, 4586.71142578, 688.605163574, 308.780914307, 412.986419678, 111.335067749, 84.6052398682, 75.9633331299, 30.5934333801, 36.0653190613, 31.1635875702, 18.8641891479, 13.2690973282, 15.4283342361, 8.3374080658, 1.56195235252, 0.229473620653, 0.0683109238744, 0.0110523654148, 5.91192801949e-05, 2.00164631536e-08, 4.78517614422e-10],
        "dvar2": [0.560151517391, 30.2535800934, 233.83631897, 799.763366699, 371.835296631, 181.386688232, 500.297973633, 1332.20800781, 3211.96386719, 2159.78417969, 6878.69580078, 2004.5, 10287.5791016, 7310.58886719, 4109.37255859, 12555.3916016, 2238.37841797, 10022.4423828, 9561.36035156, 11289.8935547, 1788.55578613, 789.07611084, 1093.80944824, 281.244262695, 179.471130371, 191.509216309, 57.9857444763, 62.9153709412, 52.5742759705, 36.5881118774, 23.1703853607, 31.0959701538, 15.0199775696, 2.67029619217, 0.349085390568, 0.110918350518, 0.0188155993819, 0.000118497438962, 3.43492665422e-08, 1.14030895837e-09],
        "max": [4.99072027206, 23.3504219055, 77.1311950684, 186.761901855, 163.885726929, 106.80682373, 188.313522339, 201.969055176, 341.835296631, 465.904174805, 823.907470703, 495.583312988, 864.447509766, 886.147094727, 703.792785645, 836.957336426, 485.87411499, 952.893676758, 1015.79376221, 834.042114258, 372.171447754, 211.783157349, 300.737701416, 167.085617065, 138.671722412, 173.819503784, 63.5149765015, 91.3053359985, 94.1992645264, 63.9163169861, 62.8385810852, 84.6235580444, 62.5940437317, 26.0220890045, 8.01762294769, 3.61928272247, 1.24044120312, 0.0836187377572, 0.00164079014212, 0.000182880234206],
        "mean": [0.374757140875, 2.28357219696, 7.36603927612, 18.3931846619, 12.793264389, 9.30014228821, 14.5545215607, 28.6741104126, 37.1631202698, 15.6001157761, 24.2446727753, 23.8043003082, 57.9169464111, 38.4799385071, 22.8851928711, 61.5666160583, 30.3639698029, 55.6769676208, 50.5908813477, 60.4095001221, 37.9142570496, 25.7178974152, 22.7950363159, 15.2661390305, 13.4365530014, 9.85233306885, 6.45461130142, 5.6402182579, 5.80197477341, 4.60080003738, 3.85041213036, 3.09270095825, 2.31590223312, 1.03286135197, 0.447457760572, 0.237999990582, 0.0917418152094, 0.0062178731896, 0.000147186336108, 5.9403017076e-05],
        "median": [0.107940301299, 1.22450399399, 4.41769313812, 13.8615522385, 10.0892047882, 6.0918211937, 6.51345586777, 20.4194011688, 20.1194667816, 8.09551429749, 8.25155162811, 13.5305299759, 21.1614303589, 13.0807390213, 10.6497869492, 27.1088600159, 18.1509742737, 22.9773159027, 27.8777732849, 28.3308391571, 24.8328800201, 17.7026424408, 13.4049386978, 11.5966100693, 8.50597858429, 5.80136203766, 2.95109343529, 1.76069772243, 1.64656674862, 1.21861791611, 1.04682767391, 0.9813606143, 0.713344871998, 0.253695785999, 0.0651661753654, 0.0240930411965, 0.00665671331808, 0.000409262342146, 3.5179531551e-05, 5.25236755493e-05],
        "min": [0.0013352506794, 0.0351319015026, 0.173647090793, 0.332116305828, 0.300933659077, 0.186172306538, 0.20293289423, 0.513517677784, 0.338622272015, 0.273854523897, 0.230297908187, 0.413447648287, 1.23337936401, 0.791031777859, 0.591741979122, 0.735004663467, 0.607190608978, 0.783958375454, 1.50230205059, 0.489498972893, 0.219183251262, 0.200586169958, 0.170224860311, 0.0721710845828, 0.0881322026253, 0.087221391499, 0.0451475381851, 0.00729863066226, 0.00181662163232, 0.000688663159963, 0.000383881881135, 0.000288072566036, 8.63053646754e-05, 2.04817770282e-05, 1.00344786915e-05, 4.66734763904e-06, 2.1814455522e-06, 3.76873458663e-07, 2.95740483125e-06, 6.93534457241e-06],
        "var": [0.352719992399, 9.54174613953, 76.7354202271, 325.982879639, 207.233825684, 101.032974243, 422.920623779, 823.965576172, 2108.59472656, 733.592590332, 3116.73291016, 1347.92907715, 10534.3886719, 7072.11279297, 2113.18457031, 9309.69726562, 1857.4407959, 8030.75537109, 6335.50292969, 8733.70800781, 1959.61425781, 724.921386719, 789.883056641, 187.454818726, 204.791610718, 159.267379761, 79.5094223022, 94.1802139282, 94.7579193115, 58.2615699768, 43.9937400818, 41.9961929321, 24.0488471985, 4.94717311859, 0.720598399639, 0.181388422847, 0.0274566803128, 0.000127176303067, 5.01493815364e-08, 1.13622422582e-09]
    },
    "gfcc": {
        "mean": [29.0423278809, 116.014945984, -121.556587219, 39.9436035156, -45.7393035889, 21.3043460846, -40.4354667664, 8.4875869751, -19.7966022491, -0.805015683174, -11.55210495, -5.6949596405, -9.13594245911],
        "cov": [[2781.51342773, -1731.94384766, 656.163208008, 53.3937988281, -389.538269043, 215.852676392, -414.585479736, 246.763320923, -245.562591553, 247.87008667, -418.150390625, 377.388458252, -252.226196289], [-1731.94384766, 1401.88208008, -581.819396973, -33.8855133057, 314.127227783, -177.765686035, 311.468353271, -172.149047852, 194.369842529, -206.692047119, 358.67868042, -300.061401367, 226.2215271], [656.163208008, -581.819396973, 533.338684082, 43.4816360474, -129.765182495, 23.7998199463, -171.378768921, 73.5337600708, -89.99609375, 122.730857849, -172.213973999, 175.596038818, -131.960983276], [53.3937988281, -33.8855133057, 43.4816360474, 185.242019653, 6.75858068466, -8.12174987793, -17.6788253784, -2.12863230705, 53.5190467834, 0.948086738586, 8.54546642303, -1.4586353302, 36.5332679749], [-389.538269043, 314.127227783, -129.765182495, 6.75858068466, 210.091842651, -13.7226896286, 92.5080413818, -8.21113204956, 61.7308311462, -13.7190523148, 80.3109283447, -45.4110832214, 62.4712905884], [215.852676392, -177.765686035, 23.7998199463, -8.12174987793, -13.7226896286, 161.001083374, 35.7761726379, 40.1706733704, -9.82220554352, 22.4798564911, -12.9429206848, 27.2388019562, -12.562874794], [-414.585479736, 311.468353271, -171.378768921, -17.6788253784, 92.5080413818, 35.7761726379, 241.985626221, -22.8683223724, 52.8032112122, -17.3610038757, 85.0269317627, -64.9618453979, 61.8061561584], [246.763320923, -172.149047852, 73.5337600708, -2.12863230705, -8.21113204956, 40.1706733704, -22.8683223724, 113.890892029, 6.42720985413, 34.8128318787, -41.0798721313, 48.9273910522, -10.2197380066], [-245.562591553, 194.369842529, -89.99609375, 53.5190467834, 61.7308311462, -9.82220554352, 52.8032112122, 6.42720985413, 112.984336853, -8.67970085144, 57.4176368713, -42.2978057861, 55.263633728], [247.87008667, -206.692047119, 122.730857849, 0.948086738586, -13.7190523148, 22.4798564911, -17.3610038757, 34.8128318787, -8.67970085144, 122.519721985, -39.1053009033, 59.7461547852, -38.3861274719], [-418.150390625, 358.67868042, -172.213973999, 8.54546642303, 80.3109283447, -12.9429206848, 85.0269317627, -41.0798721313, 57.4176368713, -39.1053009033, 162.905197144, -74.3343887329, 61.5051765442], [377.388458252, -300.061401367, 175.596038818, -1.4586353302, -45.4110832214, 27.2388019562, -64.9618453979, 48.9273910522, -42.2978057861, 59.7461547852, -74.3343887329, 140.40637207, -34.5248527527], [-252.226196289, 226.2215271, -131.960983276, 36.5332679749, 62.4712905884, -12.562874794, 61.8061561584, -10.2197380066, 55.263633728, -38.3861274719, 61.5051765442, -34.5248527527, 119.536911011]],
        "icov": [[0.00172832142562, 0.00189613865223, 0.000607456313446, -0.000489981146529, 0.00025245413417, -3.35945442203e-05, 0.000519522989634, -0.00101199490018, 0.000896762823686, -0.000360824575182, -0.000275984610198, -0.000429843756137, -0.000124466576381], [0.00189613865223, 0.0131630022079, -0.00194494239986, 0.00584303913638, -0.00532539747655, 0.00837493315339, -0.0046159834601, 0.00365436729044, -0.00582411512733, 0.0074896523729, -0.010704790242, 0.0067016268149, -0.00593914184719], [0.000607456313446, -0.00194494239986, 0.00649465434253, -0.00402330979705, 0.00178751372732, -0.00157289567869, 0.00220592389815, -0.00219190563075, 0.00313366553746, -0.00399170722812, 0.00392471486703, -0.00543027836829, 0.00461604166776], [-0.000489981146529, 0.00584303913638, -0.00402330979705, 0.0118147572502, -0.00296112871729, 0.00425101723522, -0.00202226825058, 0.00464501371607, -0.00876217521727, 0.00502517493442, -0.00586575316265, 0.005129550118, -0.00654284190387], [0.00025245413417, -0.00532539747655, 0.00178751372732, -0.00296112871729, 0.00990187376738, -0.0034231103491, 0.00127787142992, -0.00320174917579, 0.00200826697983, -0.00478209555149, 0.00358468526974, -0.00381887960248, 0.00160866847727], [-3.35945442203e-05, 0.00837493315339, -0.00157289567869, 0.00425101723522, -0.0034231103491, 0.014189735055, -0.00621882267296, 0.000735630921554, -0.00396562647074, 0.00565749593079, -0.00823609530926, 0.00423555681482, -0.0032861798536], [0.000519522989634, -0.0046159834601, 0.00220592389815, -0.00202226825058, 0.00127787142992, -0.00621882267296, 0.00950552616268, -0.00144530762918, 0.00240471842699, -0.00511822616681, 0.00397783191875, -0.00224718474783, 0.00107429071795], [-0.00101199490018, 0.00365436729044, -0.00219190563075, 0.00464501371607, -0.00320174917579, 0.000735630921554, -0.00144530762918, 0.015513910912, -0.0076740924269, 0.00265593361109, -0.00190056895372, 0.000765629694797, -0.00346653070301], [0.000896762823686, -0.00582411512733, 0.00313366553746, -0.00876217521727, 0.00200826697983, -0.00396562647074, 0.00240471842699, -0.0076740924269, 0.0217864718288, -0.00738242315128, 0.00388580025174, -0.0017156653339, 0.000748013961129], [-0.000360824575182, 0.0074896523729, -0.00399170722812, 0.00502517493442, -0.00478209555149, 0.00565749593079, -0.00511822616681, 0.00265593361109, -0.00738242315128, 0.0182346142828, -0.00745058851317, 0.00184078491293, -0.00127683090977], [-0.000275984610198, -0.010704790242, 0.00392471486703, -0.00586575316265, 0.00358468526974, -0.00823609530926, 0.00397783191875, -0.00190056895372, 0.00388580025174, -0.00745058851317, 0.0214018132538, -0.00515148928389, 0.00415471382439], [-0.000429843756137, 0.0067016268149, -0.00543027836829, 0.005129550118, -0.00381887960248, 0.00423555681482, -0.00224718474783, 0.000765629694797, -0.0017156653339, 0.00184078491293, -0.00515148928389, 0.0201794207096, -0.00762065406889], [-0.000124466576381, -0.00593914184719, 0.00461604166776, -0.00654284190387, 0.00160866847727, -0.0032861798536, 0.00107429071795, -0.00346653070301, 0.000748013961129, -0.00127683090977, 0.00415471382439, -0.00762065406889, 0.0193056985736]]
    },
    "melbands": {
        "dmean": [0.00216327724047, 0.00203888397664, 0.00142108299769, 0.000377124204533, 0.000259207648924, 0.000372421665816, 0.00032916397322, 0.000129248961457, 0.000126163038658, 9.46492727962e-05, 0.000166953439475, 9.41870894167e-05, 3.76369825972e-05, 0.000100202894828, 5.45087823411e-05, 4.09280619351e-05, 7.16432550689e-05, 5.29080025444e-05, 4.79404552607e-05, 4.19348834839e-05, 2.39410692302e-05, 1.7829141143e-05, 1.3478501387e-05, 8.88917656994e-06, 6.83044572725e-06, 5.51666562387e-06, 4.64844788439e-06, 3.30977127305e-06, 2.38886946136e-06, 2.19749699681e-06, 1.88053729744e-06, 1.9186325062e-06, 1.64706773376e-06, 1.37997710681e-06, 1.37081804041e-06, 1.04356320207e-06, 1.08735343929e-06, 9.85679207588e-07, 7.10710196472e-07, 4.58373989431e-07],
        "dmean2": [0.00367597048171, 0.00356645020656, 0.002386091277, 0.000619613390882, 0.000423011981184, 0.00062038161559, 0.000548611104023, 0.000225202733418, 0.000205413467484, 0.000150042615132, 0.000259608903434, 0.000147944447235, 6.08492337051e-05, 0.000163745993632, 8.85161207407e-05, 6.5198779339e-05, 0.000116102331958, 8.51439399412e-05, 7.70263723098e-05, 6.76129493513e-05, 3.9123424358e-05, 2.92145541607e-05, 2.23186725634e-05, 1.46588254211e-05, 1.09767506729e-05, 8.79423623701e-06, 7.12421888238e-06, 5.11529924552e-06, 3.49091374119e-06, 3.08334642796e-06, 2.67741597781e-06, 2.66392839876e-06, 2.25544681598e-06, 1.8901440626e-06, 1.84720818197e-06, 1.43807153563e-06, 1.51896642819e-06, 1.40279485095e-06, 9.83503923635e-07, 6.21293565928e-07],
        "dvar": [1.37039432957e-05, 2.01656384888e-05, 6.73011481922e-06, 4.26777802431e-07, 1.78263150019e-07, 2.28112810419e-07, 2.49137912078e-07, 9.89256179196e-08, 1.30394326447e-07, 3.77691407039e-08, 1.11367484124e-07, 5.43032356859e-08, 1.10395497188e-08, 3.82194578208e-08, 7.26705140508e-09, 7.0205907754e-09, 2.00120169325e-08, 1.05978816833e-08, 7.08554592777e-09, 6.24015017436e-09, 1.53203216779e-09, 7.20094595064e-10, 4.7874704201e-10, 1.63760366378e-10, 9.48338629847e-11, 5.27601920486e-11, 5.812750975e-11, 3.46392949047e-11, 1.39398033047e-11, 1.55190547912e-11, 1.54428483889e-11, 1.25227684125e-11, 8.90127468262e-12, 6.49045314022e-12, 5.06033279515e-12, 6.24755499071e-12, 6.71836024313e-12, 5.42649822646e-12, 2.30608002312e-12, 9.97257072928e-13],
        "dvar2": [3.67826869478e-05, 5.77179562242e-05, 1.87796686077e-05, 1.02966566828e-06, 4.68791512276e-07, 6.15199041931e-07, 6.48004174764e-07, 2.77157255368e-07, 3.6378060031e-07, 8.83423609821e-08, 2.5438257012e-07, 1.41702443557e-07, 2.92603221652e-08, 9.9825314237e-08, 1.94599074632e-08, 1.62934092884e-08, 4.95275465084e-08, 2.60766999105e-08, 1.71356653311e-08, 1.50750310013e-08, 3.92707466546e-09, 1.95228055944e-09, 1.28131349975e-09, 4.16578327389e-10, 2.45868908566e-10, 1.19491305739e-10, 1.33952654524e-10, 8.65507249204e-11, 2.87146036115e-11, 3.09281142363e-11, 2.89906258721e-11, 2.35518930747e-11, 1.77088517461e-11, 1.38283377804e-11, 9.26245538602e-12, 1.2714568981e-11, 1.44741102784e-11, 1.0626820604e-11, 4.15128565204e-12, 1.83233723333e-12],
        "max": [0.036637891084, 0.0355137735605, 0.0272786431015, 0.00712408218533, 0.00575244380161, 0.00424855249003, 0.00493097444996, 0.00550583284348, 0.00561916502193, 0.00349601637572, 0.00422015646473, 0.00404760008678, 0.00177608255763, 0.00223559327424, 0.00114178378135, 0.00145625416189, 0.002194148954, 0.00152742769569, 0.00109165487811, 0.00116194935981, 0.000641551683657, 0.000329634640366, 0.000239976696321, 0.000157906717504, 0.000155016532517, 9.47486842051e-05, 0.000156197158503, 0.000131153705297, 4.16768743889e-05, 4.41707888967e-05, 6.53446768411e-05, 6.85193808749e-05, 3.41115373885e-05, 3.81545833079e-05, 2.97937494906e-05, 5.28542404936e-05, 5.36274710612e-05, 5.20075918757e-05, 2.79448595393e-05, 2.11201841012e-05],
        "mean": [0.0031729224138, 0.00363159482367, 0.00297087919898, 0.000748819846194, 0.000483846670249, 0.000662084494252, 0.000524881703313, 0.000161777395988, 0.000185152995982, 0.000153945758939, 0.000289725052426, 0.000161252362886, 5.13793529535e-05, 0.000160358351422, 9.17661600397e-05, 6.24429740128e-05, 0.000111687557364, 7.73111896706e-05, 7.38820745028e-05, 7.32977714506e-05, 4.26180886279e-05, 3.08823982778e-05, 2.27550790441e-05, 1.60727340699e-05, 1.18963052955e-05, 9.88626470644e-06, 8.69537416293e-06, 5.91335037825e-06, 4.11523433286e-06, 3.52247229785e-06, 3.23848507833e-06, 3.35494291903e-06, 2.89537751996e-06, 2.42690339292e-06, 2.33341870626e-06, 1.87013574759e-06, 1.90419257251e-06, 1.73643002199e-06, 1.23140205233e-06, 7.440150398e-07],
        "median": [0.00130952522159, 0.00226933369413, 0.00242594000883, 0.000567759037949, 0.000230580000789, 0.000483493349748, 0.000283036526525, 8.04367955425e-05, 6.35521573713e-05, 8.23955342639e-05, 0.000102971411252, 4.52132626378e-05, 1.96847540792e-05, 6.47436172585e-05, 5.1276794693e-05, 3.06432157231e-05, 3.93989466829e-05, 3.82442558475e-05, 3.80065430363e-05, 3.25684450218e-05, 2.87892926281e-05, 1.99590413104e-05, 1.14405629574e-05, 1.1182891285e-05, 8.61646913108e-06, 6.01321653448e-06, 5.23477365277e-06, 3.30049147124e-06, 1.87063596968e-06, 1.21955497434e-06, 9.4043974741e-07, 9.61500518315e-07, 7.29336704808e-07, 6.09859512224e-07, 6.33787010429e-07, 5.39432676305e-07, 6.0072522956e-07, 5.23333426372e-07, 3.48133738726e-07, 1.49175050979e-07],
        "min": [8.55621806295e-07, 0.000101467448985, 6.19541460765e-05, 1.37077404361e-05, 5.32407148057e-06, 1.00353663584e-05, 3.85026805816e-06, 1.45596322909e-06, 1.14062538614e-06, 1.05621313651e-06, 4.88444948132e-06, 1.83116890184e-06, 2.22360725388e-07, 1.74897945726e-06, 2.05905530493e-06, 2.84705663489e-07, 9.92123887045e-07, 1.38813504691e-06, 2.72800150469e-07, 5.52004053134e-07, 1.89209842461e-07, 1.3875812499e-07, 1.32675808118e-07, 1.07012247952e-07, 5.1292833092e-08, 5.93582711872e-08, 4.22450057158e-08, 3.17603188194e-08, 6.64747368262e-09, 2.25260698983e-09, 2.16240580997e-09, 1.00491825972e-09, 2.36507563534e-10, 3.86789628104e-10, 1.68790134647e-10, 2.76707601277e-10, 1.29806984606e-10, 4.60862216445e-11, 2.64052269633e-11, 2.46159082701e-12],
