{
"highlevel": {
    "danceability": {
        "all": {
            "danceable": 0.889918386936,
            "not_danceable": 0.110081620514
        },
        "probability": 0.889918386936,
        "value": "danceable"
    },
    "gender": {
        "all": {
            "female": 0.0912325531244,
            "male": 0.908767461777
        },
        "probability": 0.908767461777,
        "value": "male"
    },
    "genre_dortmund": {
        "all": {
            "alternative": 0.0404874645174,
            "blues": 0.176986739039,
            "electronic": 0.0319479592144,
            "folkcountry": 0.0859055146575,
            "funksoulrnb": 0.129161909223,
            "jazz": 0.125957176089,
            "pop": 0.0739167109132,
            "raphiphop": 0.0768156945705,
            "rock": 0.258820831776
        },
        "probability": 0.258820831776,
        "value": "rock"
    },
    "genre_electronic": {
        "all": {
            "ambient": 0.564265370369,
            "dnb": 0.328335732222,
            "house": 0.0813391655684,
            "techno": 0.00924182776362,
            "trance": 0.0168178938329
        },
        "probability": 0.564265370369,
        "value": "ambient"
    },
    "genre_rosamerica": {
        "all": {
            "cla": 0.0591271594167,
            "dan": 0.00540517969057,
            "hip": 0.0715493112803,
            "jaz": 0.469758421183,
            "pop": 0.0469007268548,
            "rhy": 0.331774204969,
            "roc": 0.0114204315469,
            "spe": 0.0040645673871
        },
        "probability": 0.469758421183,
        "value": "jaz"
    },
    "genre_tzanetakis": {
        "all": {
            "blu": 0.0626613423228,
            "cla": 0.0348169617355,
            "cou": 0.104475811124,
            "dis": 0.0784321576357,
            "hip": 0.15692435205,
            "jaz": 0.313974827528,
            "met": 0.0448166541755,
            "pop": 0.0627359300852,
            "reg": 0.0627360641956,
            "roc": 0.0784258767962
        },
        "probability": 0.313974827528,
        "value": "jaz"
    },
    "ismir04_rhythm": {
        "all": {
            "ChaChaCha": 0.0677993744612,
            "Jive": 0.0992485508323,
            "Quickstep": 0.174194037914,
            "Rumba-American": 0.0157306510955,
            "Rumba-International": 0.127106279135,
            "Rumba-Misc": 0.017476009205,
            "Samba": 0.105000138283,
            "Tango": 0.027132216841,
            "VienneseWaltz": 0.325102955103,
            "Waltz": 0.0412097945809
        },
        "probability": 0.325102955103,
        "value": "VienneseWaltz"
    },
    "mood_acoustic": {
        "all": {
            "acoustic": 0.562535881996,
            "not_acoustic": 0.437464118004
        },
        "probability": 0.562535881996,
        "value": "acoustic"
    },
    "mood_aggressive": {
        "all": {
            "aggressive": 0.112358614802,
            "not_aggressive": 0.887641370296
        },
        "probability": 0.887641370296,
        "value": "not_aggressive"
    },
    "mood_electronic": {
        "all": {
            "electronic": 0.209082052112,
            "not_electronic": 0.790917932987
        },
        "probability": 0.790917932987,
        "value": "not_electronic"
    },
    "mood_happy": {
        "all": {
            "happy": 0.583199858665,
            "not_happy": 0.416800141335
        },
        "probability": 0.583199858665,
        "value": "happy"
    },
    "mood_party": {
        "all": {
            "not_party": 0.841609716415,
            "party": 0.158390268683
        },
        "probability": 0.841609716415,
        "value": "not_party"
    },
    "mood_relaxed": {
        "all": {
            "not_relaxed": 0.875410556793,
            "relaxed": 0.124589420855
        },
        "probability": 0.875410556793,
        "value": "not_relaxed"
    },
    "mood_sad": {
        "all": {
            "not_sad": 0.757148444653,
            "sad": 0.24285158515
        },
        "probability": 0.757148444653,
        "value": "not_sad"
    },
    "moods_mirex": {
        "all": {
            "Cluster1": 0.119355194271,
            "Cluster2": 0.290038764477,
            "Cluster3": 0.312254935503,
            "Cluster4": 0.255246907473,
            "Cluster5": 0.0231041964144
        },
        "probability": 0.312254935503,
        "value": "Cluster3"
    },
    "timbre": {
        "all": {
            "bright": 0.994295418262,
            "dark": 0.00570457335562
        },
        "probability": 0.994295418262,
        "value": "bright"
    },
    "tonal_atonal": {
        "all": {
            "atonal": 0.00578353833407,
            "tonal": 0.994216442108
        },
        "probability": 0.994216442108,
        "value": "tonal"
    },
    "voice_instrumental": {
        "all": {
            "instrumental": 0.00132210261654,
            "voice": 0.998677909374
        },
        "probability": 0.998677909374,
        "value": "voice"
    }
},
"lowlevel": {
    "average_loudness": 0.96285867691,
    "barkbands_crest": {
        "dmean": 2.59430360794,
        "dmean2": 4.03598022461,
        "dvar": 6.3427567482,
        "dvar2": 13.8441476822,
        "max": 24.9898586273,
        "mean": 9.96331787109,
        "median": 8.96873188019,
        "min": 2.53543043137,
        "var": 18.6917247772
    },
    "barkbands_flatness_db": {
        "dmean": 0.0289214812219,
        "dmean2": 0.0407077632844,
        "dvar": 0.000712991750333,
        "dvar2": 0.00147934712004,
        "max": 0.347868829966,
        "mean": 0.163845509291,
        "median": 0.161232218146,
        "min": 0.0595422722399,
        "var": 0.00196352554485
    },
    "barkbands_kurtosis": {
        "dmean": 1.80645096302,
        "dmean2": 2.83582139015,
        "dvar": 11.7465543747,
        "dvar2": 27.7244167328,
        "max": 75.6949462891,
        "mean": 1.90874922276,
        "median": 0.411823034286,
        "min": -1.83084619045,
        "var": 26.5146999359
    },
    "barkbands_skewness": {
        "dmean": 0.501013815403,
        "dmean2": 0.74558442831,
        "dvar": 0.266971200705,
        "dvar2": 0.580244898796,
        "max": 8.0472240448,
        "mean": 0.911349773407,
        "median": 0.839062809944,
        "min": -2.34962964058,
        "var": 1.10899972916
    },
    "barkbands_spread": {
        "dmean": 8.00561904907,
        "dmean2": 12.3305225372,
        "dvar": 118.229316711,
        "dvar2": 281.229217529,
        "max": 84.8004302979,
        "mean": 20.8554649353,
        "median": 17.8071098328,
        "min": 1.56935405731,
        "var": 167.211029053
    },
    "dissonance": {
        "dmean": 0.0211429484189,
        "dmean2": 0.0355352833867,
        "dvar": 0.000448752893135,
        "dvar2": 0.00115054438356,
        "max": 0.49967455864,
        "mean": 0.456986218691,
        "median": 0.463070839643,
        "min": 0.316478937864,
        "var": 0.000917697150726
    },
    "dynamic_complexity": 2.61405396461,
    "erbbands_crest": {
        "dmean": 2.83169460297,
        "dmean2": 4.44046163559,
        "dvar": 7.79524230957,
        "dvar2": 18.7435951233,
        "max": 29.7774753571,
        "mean": 9.82547473907,
        "median": 8.55634975433,
        "min": 2.98413705826,
        "var": 20.9649715424
    },
    "erbbands_flatness_db": {
        "dmean": 0.0339718461037,
        "dmean2": 0.0469262972474,
        "dvar": 0.000947734399233,
        "dvar2": 0.00182124890853,
        "max": 0.346251487732,
        "mean": 0.199401974678,
        "median": 0.205705448985,
        "min": 0.0682458803058,
        "var": 0.00265281833708
    },
    "erbbands_kurtosis": {
        "dmean": 1.05394685268,
        "dmean2": 1.638048172,
        "dvar": 1.86370694637,
        "dvar2": 4.04086208344,
        "max": 17.5384025574,
        "mean": 0.465992331505,
        "median": -0.150840044022,
        "min": -1.77050828934,
        "var": 3.8951010704
    },
    "erbbands_skewness": {
        "dmean": 0.417071938515,
        "dmean2": 0.62074136734,
        "dvar": 0.146564245224,
        "dvar2": 0.316707551479,
        "max": 2.99095439911,
        "mean": 0.290996283293,
        "median": 0.293579846621,
        "min": -1.78998863697,
        "var": 0.611801028252
    },
    "erbbands_spread": {
        "dmean": 10.7134981155,
        "dmean2": 15.7870502472,
        "dvar": 161.981277466,
        "dvar2": 354.584472656,
        "max": 132.130859375,
        "mean": 31.3624229431,
        "median": 26.9620304108,
        "min": 2.88353395462,
        "var": 327.317932129
    },
    "hfc": {
        "dmean": 11.2965631485,
        "dmean2": 16.5468120575,
        "dvar": 203.966018677,
        "dvar2": 465.202789307,
        "max": 104.05846405,
        "mean": 22.8908977509,
        "median": 15.3278770447,
        "min": 0.400672674179,
        "var": 427.743621826
    },
    "melbands_crest": {
        "dmean": 2.95958852768,
        "dmean2": 4.56886339188,
        "dvar": 8.43601512909,
        "dvar2": 17.8529930115,
        "max": 30.111995697,
        "mean": 12.8006696701,
        "median": 12.1071853638,
        "min": 3.65290379524,
        "var": 26.0371685028
    },
    "melbands_flatness_db": {
        "dmean": 0.0337469242513,
        "dmean2": 0.0465834029019,
        "dvar": 0.00117406237405,
        "dvar2": 0.00249061104842,
        "max": 0.4041223526,
        "mean": 0.183845952153,
        "median": 0.177678853273,
        "min": 0.0303624961525,
        "var": 0.00360947661102
    },
    "melbands_kurtosis": {
        "dmean": 3.76897263527,
        "dmean2": 5.66238260269,
        "dvar": 43.4539794922,
        "dvar2": 101.690063477,
        "max": 113.570983887,
        "mean": 6.23890686035,
        "median": 2.99198389053,
        "min": -1.54228365421,
        "var": 115.023071289
    },
    "melbands_skewness": {
        "dmean": 0.613889694214,
        "dmean2": 0.891616880894,
        "dvar": 0.403610318899,
        "dvar2": 0.843633890152,
        "max": 8.7944021225,
        "mean": 1.65921628475,
        "median": 1.40339589119,
        "min": -1.8007876873,
        "var": 1.74020504951
    },
    "melbands_spread": {
        "dmean": 9.47111606598,
        "dmean2": 14.5517044067,
        "dvar": 167.047302246,
        "dvar2": 405.932495117,
        "max": 168.208999634,
        "mean": 27.8375148773,
        "median": 24.3870716095,
        "min": 1.50719189644,
        "var": 298.439849854
    },
    "pitch_salience": {
        "dmean": 0.0710073933005,
        "dmean2": 0.114711076021,
        "dvar": 0.0044080442749,
        "dvar2": 0.0104792928323,
        "max": 0.792984247208,
        "mean": 0.527763187885,
        "median": 0.533590137959,
        "min": 0.166436910629,
        "var": 0.0107469325885
    },
    "silence_rate_20dB": {
        "dmean": 0,
        "dmean2": 0,
        "dvar": 0,
        "dvar2": 0,
        "max": 1,
        "mean": 1,
        "median": 1,
        "min": 1,
        "var": 0
    },
    "silence_rate_30dB": {
        "dmean": 0,
        "dmean2": 0,
        "dvar": 0,
        "dvar2": 0,
        "max": 1,
        "mean": 1,
        "median": 1,
        "min": 1,
        "var": 0
    },
    "silence_rate_60dB": {
        "dmean": 0.0325077399611,
        "dmean2": 0.0650658383965,
        "dvar": 0.031450919807,
        "dvar2": 0.0654804557562,
        "max": 1,
        "mean": 0.0425367355347,
        "median": 0,
        "min": 0,
        "var": 0.0407269820571
    },
    "spectral_centroid": {
        "dmean": 286.323303223,
        "dmean2": 421.467315674,
        "dvar": 96478.1328125,
        "dvar2": 214681.703125,
        "max": 3707.29858398,
        "mean": 1458.31958008,
        "median": 1413.30651855,
        "min": 319.86831665,
        "var": 350321.65625
    },
    "spectral_complexity": {
        "dmean": 3.77476787567,
        "dmean2": 5.27265691757,
        "dvar": 16.4329776764,
        "dvar2": 30.3485431671,
        "max": 47,
        "mean": 17.3611755371,
        "median": 16,
        "min": 2,
        "var": 65.6367416382
    },
    "spectral_decrease": {
        "dmean": 1.8073714747e-09,
        "dmean2": 2.39550645986e-09,
        "dvar": 4.51350108623e-18,
        "dvar2": 8.77415042999e-18,
        "max": -1.12435741273e-10,
        "mean": -4.72653960415e-09,
        "median": -3.66670094287e-09,
        "min": -2.35181794039e-08,
        "var": 1.31909995975e-17
    },
    "spectral_energy": {
        "dmean": 0.00766887143254,
        "dmean2": 0.0101286312565,
        "dvar": 7.76477172622e-05,
        "dvar2": 0.000151531145093,
        "max": 0.0952571257949,
        "mean": 0.0199153311551,
        "median": 0.0154530899599,
        "min": 0.000460700801341,
        "var": 0.000231678961427
    },
    "spectral_energyband_high": {
        "dmean": 0.000781570619438,
        "dmean2": 0.00133019324858,
        "dvar": 2.16398507291e-06,
        "dvar2": 5.55961833015e-06,
        "max": 0.00833781808615,
        "mean": 0.000707051018253,
        "median": 0.000240086010308,
        "min": 1.44396267387e-06,
        "var": 1.71618535205e-06
    },
    "spectral_energyband_low": {
        "dmean": 0.00114972924348,
        "dmean2": 0.00160350010265,
        "dvar": 5.45945704289e-06,
        "dvar2": 1.18184198072e-05,
        "max": 0.0247798431665,
        "mean": 0.00239741173573,
        "median": 0.000919647864066,
        "min": 1.24578446048e-06,
        "var": 1.15426983029e-05
    },
    "spectral_energyband_middle_high": {
        "dmean": 0.00328112905845,
        "dmean2": 0.00410333275795,
        "dvar": 2.02363044082e-05,
        "dvar2": 3.33426178258e-05,
        "max": 0.0656168684363,
        "mean": 0.00759196002036,
        "median": 0.00366195430979,
        "min": 6.37776320218e-05,
        "var": 7.84311559983e-05
    },
    "spectral_energyband_middle_low": {
        "dmean": 0.00483610434458,
        "dmean2": 0.00700691947713,
        "dvar": 4.97324181197e-05,
        "dvar2": 0.00010490493878,
        "max": 0.085410758853,
        "mean": 0.00959368422627,
        "median": 0.00638028979301,
        "min": 0.000166715559317,
        "var": 9.10987509997e-05
    },
    "spectral_entropy": {
        "dmean": 0.299923986197,
        "dmean2": 0.43160071969,
        "dvar": 0.0926436111331,
        "dvar2": 0.212081938982,
        "max": 8.732213974,
        "mean": 7.3246884346,
        "median": 7.30287981033,
        "min": 5.96280574799,
        "var": 0.199019119143
    },
    "spectral_flux": {
        "dmean": 0.0287188421935,
        "dmean2": 0.0426365211606,
        "dvar": 0.00081169483019,
        "dvar2": 0.00166993949097,
        "max": 0.249843552709,
        "mean": 0.0760497972369,
        "median": 0.0703226178885,
        "min": 0.0090645365417,
        "var": 0.00194744963665
    },
    "spectral_kurtosis": {
        "dmean": 2.93274974823,
        "dmean2": 4.76785945892,
        "dvar": 7.21666765213,
        "dvar2": 19.0872783661,
        "max": 21.4563388824,
        "mean": 5.44734811783,
        "median": 4.88328790665,
        "min": -0.587993860245,
        "var": 12.1792316437
    },
    "spectral_rms": {
        "dmean": 0.000845259171911,
        "dmean2": 0.00108319229912,
        "dvar": 6.99705935858e-07,
        "dvar2": 1.35321818107e-06,
        "max": 0.00964021682739,
        "mean": 0.00409418484196,
        "median": 0.00388280628249,
        "min": 0.00067042093724,
        "var": 2.66725032816e-06
    },
    "spectral_rolloff": {
        "dmean": 895.879760742,
        "dmean2": 1552.54333496,
        "dvar": 2700998.5,
        "dvar2": 6820402.5,
        "max": 9905.2734375,
        "mean": 1963.76818848,
        "median": 1528.85742188,
        "min": 107.666015625,
        "var": 2639496.5
    },
    "spectral_skewness": {
        "dmean": 0.345806449652,
        "dmean2": 0.552059531212,
        "dvar": 0.0909311920404,
        "dvar2": 0.238801509142,
        "max": 4.10220098495,
        "mean": 1.58021950722,
        "median": 1.55027663708,
        "min": 0.39674410224,
        "var": 0.210697755218
    },
    "spectral_spread": {
        "dmean": 1224984.625,
        "dmean2": 1823852.125,
        "dvar": 2.06746563379e+12,
        "dvar2": 4.6662418432e+12,
        "max": 11343855,
        "mean": 3943163,
        "median": 3299957.5,
        "min": 1839836.25,
        "var": 3.33892131226e+12
    },
    "spectral_strongpeak": {
        "dmean": 0.91181409359,
        "dmean2": 1.37911641598,
        "dvar": 1.64261567593,
        "dvar2": 3.46981692314,
        "max": 14.590798378,
        "mean": 1.70723295212,
        "median": 1.00337970257,
        "min": 0.0494510754943,
        "var": 4.00535440445
    },
    "zerocrossingrate": {
        "dmean": 0.0153502477333,
        "dmean2": 0.0198376085609,
        "dvar": 0.000302897038637,
        "dvar2": 0.000433550012531,
        "max": 0.2421875,
        "mean": 0.0668673440814,
        "median": 0.0634765625,
        "min": 0.0087890625,
        "var": 0.000920106598642
    },
    "barkbands": {
        "dmean": [3.97340045311e-06, 0.000461144431029, 0.000586840789765, 0.000386272644391, 0.00185219733976, 0.000595599063672, 0.000326944573317, 0.00152982573491, 0.00154787080828, 0.000462916563265, 0.000407685583923, 0.000515666091815, 0.000848106457852, 0.00074673211202, 0.000674499664456, 0.000232810823945, 0.00040394460666, 0.000419043732109, 0.000165978926816, 0.000151215834194, 9.76680894382e-05, 0.000114766931802, 0.000172681204276, 0.000259501975961, 8.94082841114e-05, 3.89419838029e-05, 1.28106003583e-09],
        "dmean2": [6.5515996539e-06, 0.000666402454954, 0.000832202436868, 0.000670167908538, 0.00269436417148, 0.000966481806245, 0.000550950644538, 0.00239351927303, 0.00226319185458, 0.000648293469567, 0.000650122063234, 0.000805784598924, 0.00124180235434, 0.00103717239108, 0.000954057322815, 0.000344569882145, 0.000584082794376, 0.000643983774353, 0.000242864392931, 0.000230712408666, 0.000151568689034, 0.00019662817067, 0.000297116464935, 0.000461065559648, 0.000159425748279, 6.8780456786e-05, 1.86788029488e-09],
        "dvar": [1.12677693564e-10, 1.53281735038e-06, 1.88310991689e-06, 7.69076109464e-07, 1.62703308888e-05, 8.83068537405e-07, 4.22138498379e-07, 1.26291433844e-05, 1.96538312593e-05, 3.75532772523e-06, 1.94045856006e-06, 1.92339552996e-06, 5.57842122362e-06, 5.18649585501e-06, 3.1810220662e-06, 2.5880586918e-07, 6.63390096634e-07, 4.93530308177e-07, 8.3822982333e-08, 4.87537548111e-08, 2.08855919226e-08, 5.44012550563e-08, 1.28712684955e-07, 3.57228486791e-07, 3.55712614919e-08, 6.04741412502e-09, 2.43795855145e-16],
        "dvar2": [2.59760102317e-10, 3.47711443283e-06, 3.87787804357e-06, 1.89331274214e-06, 3.53616269422e-05, 2.14843430513e-06, 1.16736214295e-06, 3.03850138152e-05, 3.74728297174e-05, 6.72463465889e-06, 5.27227894054e-06, 4.19072921432e-06, 1.19233918667e-05, 9.27428845898e-06, 6.17612067799e-06, 4.7296597927e-07, 1.38928453453e-06, 1.27038754272e-06, 1.7890094739e-07, 1.14419322017e-07, 4.89173181961e-08, 1.43990249057e-07, 3.32007971338e-07, 9.48740307649e-07, 9.40631394997e-08, 1.6012581483e-08, 2.45283033242e-16],
        "max": [0.000220913323574, 0.012156624347, 0.0175648517907, 0.0118966633454, 0.0333129242063, 0.0113997962326, 0.00987843237817, 0.0812695920467, 0.0793735459447, 0.0444530360401, 0.0278497133404, 0.0224892552942, 0.0378883890808, 0.0549058169127, 0.0468300879002, 0.0145254507661, 0.0104250255972, 0.0103065436706, 0.00374177517369, 0.00267577613704, 0.00114048295654, 0.00232015480287, 0.00334743293934, 0.00414383132011, 0.00139074970502, 0.000608370522968, 5.0264446827e-07],
        "mean": [4.02189743909e-06, 0.000980922137387, 0.00114424014464, 0.000443226512289, 0.00285628437996, 0.000879760482349, 0.000571886077523, 0.00248023867607, 0.00217357208021, 0.000762557319831, 0.000582797685638, 0.000827014795505, 0.00116085179616, 0.00106308073737, 0.00108691246714, 0.000409238477005, 0.000677723553963, 0.000639981590211, 0.000307453243295, 0.000239607994445, 0.000117615891213, 0.000104354054201, 0.000133003748488, 0.00017865121481, 6.26647015451e-05, 2.76867558568e-05, 1.17237242137e-09],
        "median": [5.61707906854e-07, 8.41817964101e-05, 0.00033033292857, 0.000116485949547, 0.000514439190738, 0.000480332237203, 0.000330775568727, 0.00102642842103, 0.000682519399561, 9.65729996096e-05, 0.000206320662983, 0.000202800176339, 0.000313282420393, 0.000154720561113, 0.000133611669298, 0.000158615512191, 0.000164773693541, 0.000233355778619, 0.000102595615317, 8.70342628332e-05, 4.98287845403e-05, 3.21279439959e-05, 2.11161495827e-05, 1.31809420054e-05, 5.75711283091e-06, 2.54549377132e-06, 2.41920150579e-10],
        "min": [3.79197978573e-10, 9.03192187707e-08, 3.66301939891e-08, 4.78558916939e-08, 5.46744615804e-07, 3.5692567053e-06, 1.23835195609e-06, 1.34247429742e-05, 3.33275374942e-06, 2.33079026657e-06, 3.95901764705e-07, 5.18904016644e-06, 1.78537106876e-06, 1.9163721845e-06, 6.40920802653e-07, 1.3350467043e-06, 6.05887976235e-07, 9.56989083534e-07, 7.76704268901e-07, 8.31374563859e-07, 2.70301256933e-07, 1.38036099884e-07, 1.34872564672e-07, 3.52931408543e-08, 1.7424508017e-11, 1.51974717533e-11, 1.52301539436e-11],
        "var": [1.56077387126e-10, 3.4579666135e-06, 4.18099534727e-06, 8.79389915553e-07, 2.90535681415e-05, 1.26217855723e-06, 5.43557064248e-07, 1.92196548596e-05, 3.30264119839e-05, 9.626103747e-06, 1.83621068572e-06, 4.70192208013e-06, 8.59537249198e-06, 1.24829266497e-05, 7.98010205472e-06, 7.91455533999e-07, 1.48219055518e-06, 9.14573604405e-07, 2.74583044302e-07, 1.06866082206e-07, 2.62833328435e-08, 4.14778860147e-08, 9.77249783318e-08, 2.45980885438e-07, 2.51523744055e-08, 4.2768490971e-09, 2.43757712193e-16]
    },
    "erbbands": {
        "dmean": [0.00598639016971, 0.131746530533, 0.618692338467, 1.02317988873, 2.11488318443, 7.62834787369, 7.83220529556, 5.74690198898, 3.49419164658, 15.5276098251, 30.6606121063, 35.195690155, 23.1058959961, 11.4351949692, 18.3055953979, 20.1840934753, 37.0729598999, 39.2553291321, 39.3341026306, 15.6775245667, 12.7847690582, 24.258769989, 27.0324497223, 9.02420806885, 8.32156085968, 7.08533334732, 3.29958248138, 4.25200176239, 3.62224793434, 5.57086706161, 4.82688760757, 4.0361123085, 4.97492694855, 1.37482237816, 0.564055800438, 0.202386066318, 0.0744741410017, 0.00519083160907, 0.00010709563503, 1.52440525198e-05],
        "dmean2": [0.00957877095789, 0.187676042318, 0.867741763592, 1.65199863911, 3.79556417465, 11.1320781708, 11.3797454834, 9.28438949585, 5.66188192368, 24.7231826782, 47.0961685181, 52.1425132751, 31.7828330994, 16.1596183777, 28.2392711639, 29.3989219666, 53.1287269592, 54.0530281067, 53.0665969849, 21.9399681091, 18.86369133, 34.757900238, 41.7889976501, 12.5235395432, 12.3509454727, 10.7793359756, 5.09737348557, 6.70308017731, 6.06538200378, 9.6200056076, 8.45900630951, 7.07635211945, 8.82094287872, 2.46543574333, 0.998203277588, 0.354947268963, 0.133467167616, 0.00935842469335, 0.000189440252143, 2.27908658417e-05],
        "dvar": [0.000394945876906, 0.117966987193, 2.2366502285, 4.59955358505, 23.7014217377, 311.963470459, 262.923095703, 85.0510482788, 29.1613769531, 808.097839355, 6784.09765625, 11631.0429688, 6973.57519531, 940.028259277, 3504.23535156, 3244.28930664, 9857.45507812, 13207.2333984, 11920.1796875, 1325.62390137, 578.991516113, 2239.68701172, 2165.57763672, 187.996917725, 200.296157837, 109.833358765, 27.1930141449, 47.0464057922, 46.5528144836, 153.71421814, 98.9668121338, 75.2414169312, 138.496109009, 9.06346893311, 1.51394164562, 0.171757355332, 0.0225866623223, 0.000116158531455, 4.41544187879e-08, 4.11597839145e-10],
        "dvar2": [0.000938886834774, 0.264133691788, 4.67412900925, 10.4569721222, 66.6307449341, 693.720153809, 519.865783691, 209.494094849, 76.2220458984, 1899.41149902, 16199.0878906, 21786.3496094, 14317.0615234, 1801.80310059, 8961.20019531, 6123.83447266, 19993.0253906, 22280.3515625, 21467.8691406, 3063.59033203, 1163.80993652, 4552.95214844, 5578.52832031, 366.416015625, 465.2109375, 255.620223999, 63.2132797241, 111.813186646, 121.944992065, 405.02432251, 256.751739502, 197.211303711, 366.614624023, 24.3961048126, 3.96599817276, 0.450006723404, 0.0602673962712, 0.000305605237372, 1.15931086953e-07, 1.00006813941e-09],
        "max": [0.434470176697, 3.38639974594, 19.8429317474, 25.0220279694, 41.5181655884, 145.089157104, 187.484573364, 108.231895447, 71.9713821411, 607.460754395, 1989.9029541, 2026.10217285, 1654.21740723, 1001.0189209, 1018.09338379, 967.177001953, 1744.0826416, 3018.41577148, 2903.7956543, 637.028015137, 536.005554199, 693.330505371, 665.18939209, 233.884185791, 194.271331787, 135.671844482, 56.3020210266, 48.7543907166, 55.6660919189, 91.8636016846, 70.4578933716, 63.3388748169, 91.3628082275, 21.2174129486, 9.1847858429, 3.47250247002, 1.28535330296, 0.078763820231, 0.00152376573533, 0.000155922505655],
        "mean": [0.0108710164204, 0.285219103098, 1.28568983078, 1.49257910252, 2.09067893028, 11.6824302673, 12.4412956238, 8.96799468994, 7.22612524033, 28.2804794312, 48.598739624, 49.8020858765, 33.2223320007, 20.4573879242, 28.1720676422, 32.4992675781, 54.6005592346, 59.5149230957, 68.1318130493, 27.7640171051, 24.1731452942, 42.5495147705, 42.3170814514, 17.1952190399, 15.55996418, 11.2206068039, 4.7034778595, 4.58562803268, 3.5608894825, 4.45760679245, 3.65974378586, 2.89273834229, 3.39433002472, 0.940207362175, 0.398361504078, 0.148931801319, 0.0505221448839, 0.00348740397021, 8.37169427541e-05, 2.97801470879e-05],
        "median": [0.00114167679567, 0.0362165942788, 0.371911495924, 0.466663509607, 0.800587832928, 1.85654699802, 3.27706551552, 4.73232221603, 4.79331350327, 14.4196577072, 24.7178668976, 16.266746521, 8.73901176453, 6.52237415314, 10.6836547852, 9.69059658051, 16.8980197906, 10.9016466141, 7.93511915207, 7.05795192719, 10.0907850266, 11.7052936554, 16.9013252258, 8.37686061859, 5.07945728302, 4.44256353378, 2.089427948, 1.82253801823, 1.1724255085, 1.04387080669, 0.591734707355, 0.355001628399, 0.166163951159, 0.0722546949983, 0.0349826700985, 0.0162118859589, 0.00344565254636, 0.000194846186787, 2.04832304007e-05, 2.23679762712e-05],
        "min": [4.33164541391e-06, 5.05729985889e-05, 0.000166824174812, 0.0009481087327, 0.0012534733396, 0.00230078143068, 0.0232265312225, 0.083749383688, 0.0449129007757, 0.246577724814, 0.398633867502, 0.114217698574, 0.224733904004, 0.216695904732, 0.121481448412, 0.249059334397, 0.382501900196, 0.235831528902, 0.107890047133, 0.042104922235, 0.0860449522734, 0.0618377290666, 0.079544454813, 0.0872646048665, 0.0449677668512, 0.0479880422354, 0.0204162746668, 0.0114579377696, 0.00541612645611, 0.00530760735273, 0.00396528607234, 0.000898882863112, 0.000402583566029, 1.38850400617e-05, 3.43019019056e-06, 1.50645701069e-06, 5.56620420866e-07, 1.55814888103e-07, 2.61876550667e-07, 5.48962759694e-07],
        "var": [0.000880638021044, 0.268319547176, 5.04760026932, 6.90425395966, 17.2237033844, 536.433837891, 518.965270996, 134.297119141, 53.4719238281, 1746.51525879, 8584.42285156, 20448.390625, 11562.2617188, 2458.05297852, 4497.13769531, 7324.42382812, 16080.7050781, 34708.9882812, 34467.46875, 2615.9128418, 1579.71496582, 5186.98144531, 3883.45874023, 672.420715332, 611.183288574, 232.000152588, 41.9719619751, 49.5627059937, 38.7588806152, 112.1355896, 72.9219512939, 54.1693916321, 96.1309814453, 6.1243057251, 1.0910230875, 0.125372841954, 0.0154100460932, 8.29967684695e-05, 3.20468735993e-08, 6.19356066434e-10]
    },
    "gfcc": {
        "mean": [-22.7641983032, 92.3916244507, -152.77381897, 19.1641368866, -68.7749557495, 3.65867543221, -43.7179450989, 8.65756702423, -20.8333454132, -1.64288663864, -12.8479995728, -6.80057001114, -17.598197937],
        "cov": [[4100.859375, -1702.21057129, 462.865386963, 272.752471924, -49.0865974426, 488.853179932, -278.008178711, 147.7368927, -240.768569946, 227.977645874, -322.151611328, 263.15524292, -151.822540283], [-1702.21057129, 1745.7890625, -331.264953613, 44.7454032898, 295.919494629, -296.472900391, 383.593780518, -156.50428772, 157.402908325, -249.178207397, 239.245986938, -204.177963257, 148.145828247], [462.865386963, -331.264953613, 1214.68273926, 272.547607422, -57.2857322693, 361.899291992, -108.829986572, 101.038101196, -117.701324463, 111.341125488, -83.2227020264, 122.460021973, -108.291526794], [272.752471924, 44.7454032898, 272.547607422, 374.174926758, 84.4919662476, 104.860549927, 31.3336524963, 28.8538913727, 37.807384491, 9.15573310852, 53.1850395203, -13.4186735153, 36.6271896362], [-49.0865974426, 295.919494629, -57.2857322693, 84.4919662476, 268.583343506, 9.10346603394, 103.978027344, 28.200510025, 72.6742248535, 27.6193580627, 8.34159660339, -13.3730134964, 15.7970819473], [488.853179932, -296.472900391, 361.899291992, 104.860549927, 9.10346603394, 302.154846191, 25.0268802643, 88.3509063721, -29.8558197021, 79.2656707764, -21.8853588104, 62.0598106384, -47.4472579956], [-278.008178711, 383.593780518, -108.829986572, 31.3336524963, 103.978027344, 25.0268802643, 323.388824463, 56.4332122803, 66.0713500977, -23.8383846283, 92.4892959595, -31.7420444489, -27.743227005], [147.7368927, -156.50428772, 101.038101196, 28.8538913727, 28.200510025, 88.3509063721, 56.4332122803, 180.108596802, 66.5224609375, 83.3794708252, -12.8697366714, 11.5356464386, -53.7673797607], [-240.768569946, 157.402908325, -117.701324463, 37.807384491, 72.6742248535, -29.8558197021, 66.0713500977, 66.5224609375, 198.645858765, 53.7207565308, 16.2359085083, -41.2217674255, -2.71357297897], [227.977645874, -249.178207397, 111.341125488, 9.15573310852, 27.6193580627, 79.2656707764, -23.8383846283, 83.3794708252, 53.7207565308, 179.192520142, -33.6495170593, 66.0420532227, -31.5541381836], [-322.151611328, 239.245986938, -83.2227020264, 53.1850395203, 8.34159660339, -21.8853588104, 92.4892959595, -12.8697366714, 16.2359085083, -33.6495170593, 177.054611206, -12.4219856262, 59.5450668335], [263.15524292, -204.177963257, 122.460021973, -13.4186735153, -13.3730134964, 62.0598106384, -31.7420444489, 11.5356464386, -41.2217674255, 66.0420532227, -12.4219856262, 149.892303467, 21.2196521759], [-151.822540283, 148.145828247, -108.291526794, 36.6271896362, 15.7970819473, -47.4472579956, -27.743227005, -53.7673797607, -2.71357297897, -31.5541381836, 59.5450668335, 21.2196521759, 197.122543335]],
        "icov": [[0.000626024673693, 0.000382454512874, 0.000413698726334, -0.00083545059897, -0.000197322369786, -0.000537848332897, 2.76704649878e-05, -8.51302102092e-05, 0.000676933559589, 4.31812040915e-05, 0.000800810463261, -0.000579662795644, 0.000280989683233], [0.000382454512874, 0.00395396770909, -0.00198671221733, 0.00153475138359, -0.00360649521463, 0.00271382858045, -0.00344810751267, 0.00300190970302, -0.00243970449083, 0.0028466610238, -0.00191278464627, 0.00227105361409, -0.00202243612148], [0.000413698726334, -0.00198671221733, 0.00350250885822, -0.00314098177478, 0.00236030342057, -0.00349398050457, 0.0026235259138, -0.00223594624549, 0.00298307859339, -0.00175526016392, 0.00234603183344, -0.00274130306207, 0.0023952187039], [-0.00083545059897, 0.00153475138359, -0.00314098177478, 0.00691861705855, -0.00306907948107, 0.00150685349945, -0.00160622340627, 0.00200964929536, -0.00375290471129, 0.00207070657052, -0.00391281582415, 0.00347656523809, -0.00278971227817], [-0.000197322369786, -0.00360649521463, 0.00236030342057, -0.00306907948107, 0.0085904924199, -0.00256988266483, 0.00130901124794, -0.00242880219594, 0.00174637394957, -0.00378943351097, 0.00351251056418, -0.00220851087943, 0.00123429240193], [-0.000537848332897, 0.00271382858045, -0.00349398050457, 0.00150685349945, -0.00256988266483, 0.00947373267263, -0.00406613573432, 0.00083530752454, -0.00137938337866, 0.000775219989009, -0.00219923094846, 0.00192614039406, -0.00194932881277], [2.76704649878e-05, -0.00344810751267, 0.0026235259138, -0.00160622340627, 0.00130901124794, -0.00406613573432, 0.00876572076231, -0.00431139254943, 0.00170011084992, -0.000499308225699, -0.000775817898102, -0.0029622730799, 0.00382323120721], [-8.51302102092e-05, 0.00300190970302, -0.00223594624549, 0.00200964929536, -0.00242880219594, 0.00083530752454, -0.00431139254943, 0.0120448218659, -0.00491928542033, -0.000593598466367, -0.00172834703699, 0.00271891965531, -0.000782450602856], [0.000676933559589, -0.00243970449083, 0.00298307859339, -0.00375290471129, 0.00174637394957, -0.00137938337866, 0.00170011084992, -0.00491928542033, 0.0118817128241, -0.00584262562916, 0.00286765396595, 5.16350883117e-05, 0.00147305708379], [4.31812040915e-05, 0.0028466610238, -0.00175526016392, 0.00207070657052, -0.00378943351097, 0.000775219989009, -0.000499308225699, -0.000593598466367, -0.00584262562916, 0.0133557301015, -0.00175121019129, -0.00289191608317, -0.000299296545563], [0.000800810463261, -0.00191278464627, 0.00234603183344, -0.00391281582415, 0.00351251056418, -0.00219923094846, -0.000775817898102, -0.00172834703699, 0.00286765396595, -0.00175121019129, 0.0112747820094, -0.0024921419099, -0.000699645548593], [-0.000579662795644, 0.00227105361409, -0.00274130306207, 0.00347656523809, -0.00220851087943, 0.00192614039406, -0.0029622730799, 0.00271891965531, 5.16350883117e-05, -0.00289191608317, -0.0024921419099, 0.013217379339, -0.00447209458798], [0.000280989683233, -0.00202243612148, 0.0023952187039, -0.00278971227817, 0.00123429240193, -0.00194932881277, 0.00382323120721, -0.000782450602856, 0.00147305708379, -0.000299296545563, -0.000699645548593, -0.00447209458798, 0.0090652089566]]
    },
    "melbands": {
        "dmean": [8.93424876267e-05, 0.000277016835753, 0.000195045955479, 0.000308932270855, 0.000343322928529, 0.000118454474432, 5.67581955693e-05, 0.000229939585552, 0.000239783563302, 0.000232708989643, 0.000113674337626, 4.84438241983e-05, 5.52060555492e-05, 5.75556368858e-05, 6.67418426019e-05, 9.71063127508e-05, 7.08231746103e-05, 6.64236213197e-05, 3.73107541236e-05, 1.61917650985e-05, 1.51626536535e-05, 2.76634236798e-05, 2.49490767601e-05, 1.81209961738e-05, 7.17297780284e-06, 7.13318786438e-06, 6.89977832735e-06, 4.34626599599e-06, 2.0723423404e-06, 2.1432513222e-06, 2.51328879131e-06, 1.74339743353e-06, 2.74982744486e-06, 3.14180147143e-06, 2.65140988631e-06, 2.45997648562e-06, 2.75170509667e-06, 4.01121997129e-06, 2.20821220864e-06, 8.5088004198e-07],
        "dmean2": [0.000134001878905, 0.000383968144888, 0.000325890694512, 0.000487845682073, 0.0004824345815, 0.000191557104699, 9.3270537036e-05, 0.000359823985491, 0.000371659349184, 0.00034078938188, 0.000156354057253, 6.85636914568e-05, 8.69322830113e-05, 8.88475697138e-05, 0.000102098943898, 0.000140295553138, 9.88230895018e-05, 9.14138945518e-05, 5.50345066586e-05, 2.35678926401e-05, 2.28046210395e-05, 3.97608673666e-05, 3.77054166165e-05, 2.80208460026e-05, 1.02463218354e-05, 1.08837966764e-05, 1.04500368252e-05, 6.67069343763e-06, 3.24076745528e-06, 3.35228469339e-06, 4.03208105126e-06, 2.92800245916e-06, 4.75209526485e-06, 5.44233762412e-06, 4.6477421165e-06, 4.22227412855e-06, 4.92520985063e-06, 7.12265136826e-06, 3.97644316763e-06, 1.53395069447e-06],
        "dvar": [6.36756496419e-08, 4.17594634428e-07, 1.45919088368e-07, 4.92386789119e-07, 5.46172032045e-07, 3.54473215225e-08, 8.33204705231e-09, 1.87649249028e-07, 3.86770182104e-07, 5.53297809347e-07, 1.70789235199e-07, 1.83723507519e-08, 3.94815451443e-08, 2.58351793292e-08, 6.63447821125e-08, 7.17075465673e-08, 4.95983556448e-08, 3.64034384859e-08, 9.63586632707e-09, 1.8441133065e-09, 8.36909819224e-10, 3.55419094156e-09, 2.13460560339e-09, 7.99668664619e-10, 1.52311135926e-10, 2.10467032691e-10, 1.09648720659e-10, 4.53853447879e-11, 1.26636826026e-11, 1.20720534263e-11, 1.86741334202e-11, 9.66394846091e-12, 4.13275386135e-11, 5.14270431795e-11, 3.19067064436e-11, 3.11744900727e-11, 3.97162615295e-11, 9.67304292221e-11, 2.91220519921e-11, 3.40660616036e-12],
        "dvar2": [1.4989599606e-07, 8.85211647983e-07, 3.53811998366e-07, 1.24318137296e-06, 1.0689152532e-06, 8.73748930985e-08, 2.25906813256e-08, 4.40996927864e-07, 8.92246362127e-07, 1.01125124274e-06, 3.41928029002e-07, 3.22885398418e-08, 1.04739278584e-07, 5.12801818786e-08, 1.31790699243e-07, 1.50717866632e-07, 8.68604672633e-08, 6.74532500966e-08, 2.22851426201e-08, 3.04797453943e-09, 1.87606241653e-09, 7.03109659383e-09, 5.48274803336e-09, 1.99367589104e-09, 3.12500580968e-10, 5.23031673527e-10, 2.72179112581e-10, 1.03380255745e-10, 3.01741201469e-11, 2.78602158704e-11, 4.53116433263e-11, 2.50933787638e-11, 1.10142416021e-10, 1.3582200642e-10, 8.43478759061e-11, 8.15277151345e-11, 1.06195371941e-10, 2.57449506158e-10, 7.87779494416e-11, 9.18709292669e-12],
        "max": [0.00347704463638, 0.00800839159638, 0.00419301073998, 0.00554321240634, 0.007977636531, 0.00226824637502, 0.00112645025365, 0.00877660047263, 0.0135789001361, 0.0145239140838, 0.00804040580988, 0.00445234496146, 0.00423643970862, 0.00327074318193, 0.00598383322358, 0.00357090029866, 0.00521078985184, 0.00440272223204, 0.00161335105076, 0.00127176556271, 0.000389699242078, 0.00077789358329, 0.000639173260424, 0.000304822431644, 0.000216231885133, 0.000235951214563, 0.000127494713524, 7.27009028196e-05, 4.25096222898e-05, 3.01423970086e-05, 3.66816675523e-05, 2.51669789577e-05, 8.48074196256e-05, 5.66872222407e-05, 3.92738293158e-05, 7.16942668078e-05, 4.67863428639e-05, 7.92116406956e-05, 4.74690386909e-05, 1.26330523926e-05],
        "mean": [0.000181360228453, 0.000592866446823, 0.000269122974714, 0.000421907083364, 0.000556378974579, 0.000183619209565, 0.000109463675471, 0.000405483471695, 0.000377098709578, 0.000320853374433, 0.00016334328393, 8.50045325933e-05, 8.09958582977e-05, 9.83178979368e-05, 9.13743133424e-05, 0.000134831730975, 0.000100762445072, 0.000111223591375, 5.72985081817e-05, 2.99464300042e-05, 2.56367766269e-05, 4.65771445306e-05, 3.92844631278e-05, 2.77579420072e-05, 1.24541493278e-05, 1.17930940178e-05, 1.10906457849e-05, 6.28658426649e-06, 2.78756147054e-06, 2.63532047029e-06, 2.53459643318e-06, 1.80853226084e-06, 2.28662020163e-06, 2.45602132054e-06, 2.00295039576e-06, 1.82844655683e-06, 1.886287464e-06, 2.71212616099e-06, 1.47473781453e-06, 5.82976952046e-07],
        "median": [1.62386440934e-05, 0.000161120493431, 9.65382787399e-05, 0.000104931881651, 0.000112764304504, 0.000103484206193, 7.20916359569e-05, 0.000185173150385, 0.000193199506612, 9.16627468541e-05, 3.70499583369e-05, 2.13700113818e-05, 3.20886356349e-05, 2.58909603872e-05, 2.76364080491e-05, 3.14474928018e-05, 1.35628906719e-05, 1.10764995043e-05, 1.01188225017e-05, 8.91650597623e-06, 1.05118306237e-05, 1.00386714621e-05, 1.39832291097e-05, 1.05275894384e-05, 5.01362728755e-06, 2.61977379523e-06, 3.88994794775e-06, 2.05133756026e-06, 1.0853684671e-06, 1.061310968e-06, 8.23111008685e-07, 5.49189280719e-07, 6.57824159589e-07, 4.82309246763e-07, 3.16390924127e-07, 2.80577779677e-07, 1.7511030137e-07, 1.13323480377e-07, 8.00333808115e-08, 4.92699570032e-08],
        "min": [2.08088710707e-08, 2.00767175329e-07, 6.08744059605e-08, 1.13825720405e-07, 1.61349376526e-07, 6.25020959433e-07, 4.76461366361e-07, 2.87415241473e-06, 2.16464059122e-06, 4.41894570713e-07, 1.85287973409e-07, 6.52008452562e-07, 3.81600528954e-07, 4.41406967866e-07, 5.28745204065e-07, 2.0971387471e-07, 1.90945812051e-07, 1.42569689388e-07, 4.39978329325e-08, 6.47958202649e-08, 9.25725842649e-08, 2.4116697972e-08, 4.0549853253e-08, 1.03645646732e-07, 1.77771415366e-08, 2.53860079624e-08, 3.52831257544e-08, 1.8033929905e-08, 1.03843023069e-09, 1.0800067507e-09, 6.73128530693e-09, 1.93419413819e-09, 2.39134867464e-09, 2.27584906476e-09, 2.08819916914e-09, 4.04137334709e-10, 7.09360140072e-11, 1.74708747469e-10, 1.51748611506e-12, 1.30005977771e-13],
