{
"highlevel": {
    "danceability": {
        "all": {
            "danceable": 0.0292464252561,
            "not_danceable": 0.970753550529
        },
        "probability": 0.970753550529,
        "value": "not_danceable"
    },
    "gender": {
        "all": {
            "female": 0.40629157424,
            "male": 0.593708455563
        },
        "probability": 0.593708455563,
        "value": "male"
    },
    "genre_dortmund": {
        "all": {
            "alternative": 0.194573611021,
            "blues": 0.0149430204183,
            "electronic": 0.0746824741364,
            "folkcountry": 0.12142919004,
            "funksoulrnb": 0.00328895216808,
            "jazz": 0.0119843762368,
            "pop": 0.0366037227213,
            "raphiphop": 0.00479040155187,
            "rock": 0.537704229355
        },
        "probability": 0.537704229355,
        "value": "rock"
    },
    "genre_electronic": {
        "all": {
            "ambient": 0.169661030173,
            "dnb": 0.0744004175067,
            "house": 0.0418941453099,
            "techno": 0.023480951786,
            "trance": 0.690563440323
        },
        "probability": 0.690563440323,
        "value": "trance"
    },
    "genre_rosamerica": {
        "all": {
            "cla": 0.00163648859598,
            "dan": 0.0989044979215,
            "hip": 0.000483595591504,
            "jaz": 0.000425898353569,
            "pop": 0.00481853308156,
            "rhy": 0.00146210659295,
            "roc": 0.891699254513,
            "spe": 0.000569613068365
        },
        "probability": 0.891699254513,
        "value": "roc"
    },
    "genre_tzanetakis": {
        "all": {
            "blu": 0.0626613423228,
            "cla": 0.0348169617355,
            "cou": 0.104475811124,
            "dis": 0.0784321576357,
            "hip": 0.15692435205,
            "jaz": 0.313974827528,
            "met": 0.0448166541755,
            "pop": 0.0627359300852,
            "reg": 0.0627360641956,
            "roc": 0.0784258767962
        },
        "probability": 0.313974827528,
        "value": "jaz"
    },
    "ismir04_rhythm": {
        "all": {
            "ChaChaCha": 0.24955688417,
            "Jive": 0.291653037071,
            "Quickstep": 0.0280169826001,
            "Rumba-American": 0.0162202771753,
            "Rumba-International": 0.0187319330871,
            "Rumba-Misc": 0.0140012083575,
            "Samba": 0.199881717563,
            "Tango": 0.072251111269,
            "VienneseWaltz": 0.0971494913101,
            "Waltz": 0.0125373657793
        },
        "probability": 0.291653037071,
        "value": "Jive"
    },
    "mood_acoustic": {
        "all": {
            "acoustic": 0.00474124820903,
            "not_acoustic": 0.995258748531
        },
        "probability": 0.995258748531,
        "value": "not_acoustic"
    },
    "mood_aggressive": {
        "all": {
            "aggressive": 0.866618096828,
            "not_aggressive": 0.13338188827
        },
        "probability": 0.866618096828,
        "value": "aggressive"
    },
    "mood_electronic": {
        "all": {
            "electronic": 0.440463036299,
            "not_electronic": 0.559536933899
        },
        "probability": 0.559536933899,
        "value": "not_electronic"
    },
    "mood_happy": {
        "all": {
            "happy": 0.937384068966,
            "not_happy": 0.0626159533858
        },
        "probability": 0.937384068966,
        "value": "happy"
    },
    "mood_party": {
        "all": {
            "not_party": 0.702261090279,
            "party": 0.297738909721
        },
        "probability": 0.702261090279,
        "value": "not_party"
    },
    "mood_relaxed": {
        "all": {
            "not_relaxed": 0.76792550087,
            "relaxed": 0.232074514031
        },
        "probability": 0.76792550087,
        "value": "not_relaxed"
    },
    "mood_sad": {
        "all": {
            "not_sad": 0.885065436363,
            "sad": 0.114934548736
        },
        "probability": 0.885065436363,
        "value": "not_sad"
    },
    "moods_mirex": {
        "all": {
            "Cluster1": 0.651623785496,
            "Cluster2": 0.118193730712,
            "Cluster3": 0.0656452551484,
            "Cluster4": 0.074840888381,
            "Cluster5": 0.0896963402629
        },
        "probability": 0.651623785496,
        "value": "Cluster1"
    },
    "timbre": {
        "all": {
            "bright": 0.786348819733,
            "dark": 0.213651195168
        },
        "probability": 0.786348819733,
        "value": "bright"
    },
    "tonal_atonal": {
        "all": {
            "atonal": 0.00246388744563,
            "tonal": 0.997536122799
        },
        "probability": 0.997536122799,
        "value": "tonal"
    },
    "voice_instrumental": {
        "all": {
            "instrumental": 0.00886465143412,
            "voice": 0.99113535881
        },
        "probability": 0.99113535881,
        "value": "voice"
    }
},
"lowlevel": {
    "average_loudness": 0.98508554697,
    "barkbands_crest": {
        "dmean": 3.39194631577,
        "dmean2": 5.4796872139,
        "dvar": 9.48070335388,
        "dvar2": 23.8465023041,
        "max": 24.9103546143,
        "mean": 11.0803089142,
        "median": 10.2087135315,
        "min": 2.7898004055,
        "var": 20.0723438263
    },
    "barkbands_flatness_db": {
        "dmean": 0.0232475139201,
        "dmean2": 0.0367736108601,
        "dvar": 0.000414933718275,
        "dvar2": 0.00104536570143,
        "max": 0.260863631964,
        "mean": 0.145799860358,
        "median": 0.145303800702,
        "min": 0.066474840045,
        "var": 0.00127524812706
    },
    "barkbands_kurtosis": {
        "dmean": 2.34947538376,
        "dmean2": 3.77108335495,
        "dvar": 10.16888237,
        "dvar2": 23.4533481598,
        "max": 39.8504447937,
        "mean": 3.1870303154,
        "median": 2.00405740738,
        "min": -1.31737220287,
        "var": 15.2270517349
    },
    "barkbands_skewness": {
        "dmean": 0.490216463804,
        "dmean2": 0.780544340611,
        "dvar": 0.253496438265,
        "dvar2": 0.573216378689,
        "max": 6.02318811417,
        "mean": 1.79944550991,
        "median": 1.62960743904,
        "min": 0.196132600307,
        "var": 0.527019023895
    },
    "barkbands_spread": {
        "dmean": 4.88603067398,
        "dmean2": 7.85236263275,
        "dvar": 18.2326469421,
        "dvar2": 45.1009674072,
        "max": 53.3291435242,
        "mean": 22.8716983795,
        "median": 22.1517467499,
        "min": 4.41793680191,
        "var": 55.1875915527
    },
    "dissonance": {
        "dmean": 0.010523990728,
        "dmean2": 0.0177129358053,
        "dvar": 7.94066872913e-05,
        "dvar2": 0.000212075014133,
        "max": 0.5,
        "mean": 0.481024593115,
        "median": 0.482911080122,
        "min": 0.418847829103,
        "var": 0.000139895506436
    },
    "dynamic_complexity": 0.828654050827,
    "erbbands_crest": {
        "dmean": 1.45729792118,
        "dmean2": 2.34019446373,
        "dvar": 1.75964808464,
        "dvar2": 4.32942771912,
        "max": 14.4839143753,
        "mean": 5.5134935379,
        "median": 5.01913547516,
        "min": 2.30878615379,
        "var": 4.03033590317
    },
    "erbbands_flatness_db": {
        "dmean": 0.0149921793491,
        "dmean2": 0.0217420570552,
        "dvar": 0.000246854906436,
        "dvar2": 0.000429209525464,
        "max": 0.23425643146,
        "mean": 0.144271925092,
        "median": 0.140441805124,
        "min": 0.0765997245908,
        "var": 0.0010154324118
    },
    "erbbands_kurtosis": {
        "dmean": 0.27945509553,
        "dmean2": 0.462802171707,
        "dvar": 0.0662130042911,
        "dvar2": 0.173116996884,
        "max": 1.1307387352,
        "mean": -0.721640944481,
        "median": -0.789895772934,
        "min": -1.49037659168,
        "var": 0.123148083687
    },
    "erbbands_skewness": {
        "dmean": 0.217170342803,
        "dmean2": 0.347274243832,
        "dvar": 0.0303291101009,
        "dvar2": 0.0770917907357,
        "max": 1.0068192482,
        "mean": -0.0261498447508,
        "median": -0.0320733971894,
        "min": -1.02548062801,
        "var": 0.0970890820026
    },
    "erbbands_spread": {
        "dmean": 6.81340265274,
        "dmean2": 10.7645807266,
        "dvar": 44.4691085815,
        "dvar2": 105.244194031,
        "max": 82.2241668701,
        "mean": 45.1359405518,
        "median": 44.3638000488,
        "min": 19.9106178284,
        "var": 109.848304749
    },
    "hfc": {
        "dmean": 7.57433652878,
        "dmean2": 11.4002685547,
        "dvar": 105.6068573,
        "dvar2": 245.805679321,
        "max": 104.235626221,
        "mean": 28.0005016327,
        "median": 24.2868900299,
        "min": 7.90362977982,
        "var": 167.604629517
    },
    "melbands_crest": {
        "dmean": 3.60280203819,
        "dmean2": 5.75193166733,
        "dvar": 8.37336063385,
        "dvar2": 21.2730979919,
        "max": 29.0982589722,
        "mean": 15.378484726,
        "median": 14.8470487595,
        "min": 4.50959014893,
        "var": 21.0915927887
    },
    "melbands_flatness_db": {
        "dmean": 0.0277517363429,
        "dmean2": 0.0436461232603,
        "dvar": 0.000613267417066,
        "dvar2": 0.00146184442565,
        "max": 0.348816007376,
        "mean": 0.201600208879,
        "median": 0.203412339091,
        "min": 0.0717550590634,
        "var": 0.00211147754453
    },
    "melbands_kurtosis": {
        "dmean": 7.32763671875,
        "dmean2": 11.7105550766,
        "dvar": 102.2890625,
        "dvar2": 228.944854736,
        "max": 104.426956177,
        "mean": 14.369011879,
        "median": 10.6220111847,
        "min": 0.433184623718,
        "var": 151.364883423
    },
    "melbands_skewness": {
        "dmean": 0.762431919575,
        "dmean2": 1.21583473682,
        "dvar": 0.656632184982,
        "dvar2": 1.43769741058,
        "max": 8.88485336304,
        "mean": 3.21385574341,
        "median": 2.9522330761,
        "min": 1.12045764923,
        "var": 1.3292517662
    },
    "melbands_spread": {
        "dmean": 5.20860242844,
        "dmean2": 8.42771053314,
        "dvar": 22.4495048523,
        "dvar2": 54.9075737,
        "max": 58.9573326111,
        "mean": 18.7556648254,
        "median": 17.9999217987,
        "min": 2.67322611809,
        "var": 56.5422592163
    },
    "pitch_salience": {
        "dmean": 0.0895258933306,
        "dmean2": 0.144138708711,
        "dvar": 0.00595625210553,
        "dvar2": 0.0156622193754,
        "max": 0.834229826927,
        "mean": 0.534721195698,
        "median": 0.548806786537,
        "min": 0.135535821319,
        "var": 0.0137622356415
    },
    "silence_rate_20dB": {
        "dmean": 0,
        "dmean2": 0,
        "dvar": 0,
        "dvar2": 0,
        "max": 1,
        "mean": 1,
        "median": 1,
        "min": 1,
        "var": 0
    },
    "silence_rate_30dB": {
        "dmean": 0.0913312658668,
        "dmean2": 0.18280403316,
        "dvar": 0.082989230752,
        "dvar2": 0.183468818665,
        "max": 1,
        "mean": 0.920340299606,
        "median": 1,
        "min": 0,
        "var": 0.0733141377568
    },
    "silence_rate_60dB": {
        "dmean": 0,
        "dmean2": 0,
        "dvar": 0,
        "dvar2": 0,
        "max": 0,
        "mean": 0,
        "median": 0,
        "min": 0,
        "var": 0
    },
    "spectral_centroid": {
        "dmean": 202.982559204,
        "dmean2": 330.944915771,
        "dvar": 27622.3320312,
        "dvar2": 72159.71875,
        "max": 2522.43603516,
        "mean": 1466.78259277,
        "median": 1446.82385254,
        "min": 721.315246582,
        "var": 92379.90625
    },
    "spectral_complexity": {
        "dmean": 4.63235282898,
        "dmean2": 7.02788543701,
        "dvar": 17.1566638947,
        "dvar2": 36.9752655029,
        "max": 60,
        "mean": 32.1716918945,
        "median": 31,
        "min": 17,
        "var": 47.2961463928
    },
    "spectral_decrease": {
        "dmean": 5.43287281829e-09,
        "dmean2": 8.7487155298e-09,
        "dvar": 4.7421890632e-17,
        "dvar2": 1.02170172889e-16,
        "max": -1.28329691318e-09,
        "mean": -1.45823486619e-08,
        "median": -1.18702345731e-08,
        "min": -5.67269466956e-08,
        "var": 6.87819539056e-17
    },
    "spectral_energy": {
        "dmean": 0.0209433902055,
        "dmean2": 0.0336580090225,
        "dvar": 0.000698620220646,
        "dvar2": 0.00150214624591,
        "max": 0.216416507959,
        "mean": 0.0575769171119,
        "median": 0.0471170954406,
        "min": 0.00556033756584,
        "var": 0.00101355614606
    },
    "spectral_energyband_high": {
        "dmean": 0.000532714708243,
        "dmean2": 0.000819734239485,
        "dvar": 7.21819617411e-07,
        "dvar2": 1.60975548624e-06,
        "max": 0.00678844330832,
        "mean": 0.00107366370503,
        "median": 0.000660236750264,
        "min": 3.88241605833e-05,
        "var": 1.32424941057e-06
    },
    "spectral_energyband_low": {
        "dmean": 0.0182369258255,
        "dmean2": 0.0296775624156,
        "dvar": 0.000661831931211,
        "dvar2": 0.00144842627924,
        "max": 0.204391419888,
        "mean": 0.0346589833498,
        "median": 0.0247453246266,
        "min": 0.000446953141363,
        "var": 0.000943908176851
    },
    "spectral_energyband_middle_high": {
        "dmean": 0.00165945931803,
        "dmean2": 0.00259090424515,
        "dvar": 3.47630066244e-06,
        "dvar2": 8.55452344695e-06,
        "max": 0.0230065751821,
        "mean": 0.00688794907182,
        "median": 0.0065509993583,
        "min": 0.00224250298925,
        "var": 6.00995599598e-06
    },
    "spectral_energyband_middle_low": {
        "dmean": 0.00637556659058,
        "dmean2": 0.0107174403965,
        "dvar": 6.74637194606e-05,
        "dvar2": 0.000170105879079,
        "max": 0.0753956064582,
        "mean": 0.0172530673444,
        "median": 0.0152544993907,
        "min": 0.00217678071931,
        "var": 8.55797916302e-05
    },
    "spectral_entropy": {
        "dmean": 0.113820821047,
        "dmean2": 0.170709550381,
        "dvar": 0.0154788158834,
        "dvar2": 0.0287893954664,
        "max": 8.25420856476,
        "mean": 7.69427013397,
        "median": 7.69297742844,
        "min": 7.0807967186,
        "var": 0.0575608499348
    },
    "spectral_flux": {
        "dmean": 0.0374844893813,
        "dmean2": 0.0598727352917,
        "dvar": 0.001821179525,
        "dvar2": 0.00366298947483,
        "max": 0.352773606777,
        "mean": 0.11883444339,
        "median": 0.100729972124,
        "min": 0.0396507047117,
        "var": 0.00326013704762
    },
    "spectral_kurtosis": {
        "dmean": 1.7548404932,
        "dmean2": 3.04274296761,
        "dvar": 3.82479405403,
        "dvar2": 11.5925912857,
        "max": 22.8700084686,
        "mean": 3.3989751339,
        "median": 2.75443792343,
        "min": -0.0886166095734,
        "var": 5.48866271973
    },
    "spectral_rms": {
        "dmean": 0.00126369029749,
        "dmean2": 0.00202358397655,
        "dvar": 1.9097749373e-06,
        "dvar2": 4.05862010666e-06,
        "max": 0.0145305907354,
        "mean": 0.0072758756578,
        "median": 0.00677996315062,
        "min": 0.00232910271734,
        "var": 3.23439689964e-06
    },
    "spectral_rolloff": {
        "dmean": 382.663879395,
        "dmean2": 636.405395508,
        "dvar": 163339.953125,
        "dvar2": 408021.40625,
        "max": 4414.30664062,
        "mean": 931.188720703,
        "median": 818.26171875,
        "min": 86.1328125,
        "var": 330154.3125
    },
    "spectral_skewness": {
        "dmean": 0.212560668588,
        "dmean2": 0.359006106853,
        "dvar": 0.0409116521478,
        "dvar2": 0.117775417864,
        "max": 3.08954000473,
        "mean": 1.20072770119,
        "median": 1.1613355875,
        "min": 0.603642523289,
        "var": 0.0692640393972
    },
    "spectral_spread": {
        "dmean": 439148.96875,
        "dmean2": 650354.9375,
        "dvar": 316413968384,
        "dvar2": 578762113024,
        "max": 9855034,
        "mean": 3749951.25,
        "median": 3669591.25,
        "min": 2038569.25,
        "var": 895829868544
    },
    "spectral_strongpeak": {
        "dmean": 0.202167764306,
        "dmean2": 0.341104745865,
        "dvar": 0.0618631578982,
        "dvar2": 0.170898869634,
        "max": 2.37044453621,
        "mean": 0.423903048038,
        "median": 0.366785466671,
        "min": 0.0653928369284,
        "var": 0.0705811902881
    },
    "zerocrossingrate": {
        "dmean": 0.0078106103465,
        "dmean2": 0.00984656438231,
        "dvar": 4.71554667456e-05,
        "dvar2": 7.43327254895e-05,
        "max": 0.1142578125,
        "mean": 0.0473383590579,
        "median": 0.04345703125,
        "min": 0.009765625,
        "var": 0.000286520371446
    },
    "barkbands": {
        "dmean": [0.000384501967346, 0.0163907110691, 0.0050230990164, 0.0032353955321, 0.00247172871605, 0.00146120262798, 0.00147768878378, 0.000703869736753, 0.000899239792489, 0.000409167492762, 0.000347116438206, 0.000430382846389, 0.000486450007884, 0.000334621610818, 0.000347137800418, 0.000266340968665, 0.000308901246171, 0.000374986004317, 0.000197824978386, 0.000216050641029, 0.000160613693879, 0.000133967812872, 0.000116603325296, 8.9925903012e-05, 4.04026068281e-05, 1.27644880195e-05, 2.50382137246e-09],
        "dmean2": [0.000629642105196, 0.0263184178621, 0.00902925059199, 0.00558154145256, 0.00425425497815, 0.00251923594624, 0.00237500481308, 0.00111774448305, 0.00135535863228, 0.000655950338114, 0.000534853490535, 0.000694452726748, 0.000791239726823, 0.000543272704817, 0.000555075937882, 0.00044180842815, 0.000517068780027, 0.000628988898825, 0.000329899514327, 0.000346185755916, 0.000266527902568, 0.000213623512536, 0.000181439580047, 0.000145369835082, 6.60049045109e-05, 2.23260449275e-05, 4.62937199686e-09],
        "dvar": [2.29488620107e-07, 0.000547264295164, 0.00011306709348, 2.04602220037e-05, 1.50568994286e-05, 4.91489572596e-06, 2.51471237789e-06, 8.28488111893e-07, 1.1051877209e-06, 2.32878235806e-07, 1.54328787971e-07, 2.02065436383e-07, 2.94260530609e-07, 1.42486129562e-07, 1.35906333298e-07, 7.84508955576e-08, 1.52177733526e-07, 1.24660502365e-07, 5.01165189348e-08, 9.72425908685e-08, 6.17779889467e-08, 4.34491163048e-08, 3.33268097563e-08, 2.60341366243e-08, 5.73741187893e-09, 6.77124911697e-10, 9.21326752997e-18],
        "dvar2": [5.5808294519e-07, 0.00129478273448, 0.000324059801642, 5.46753435628e-05, 3.95419956476e-05, 1.34941474244e-05, 6.53304050502e-06, 2.00945623874e-06, 2.53029838859e-06, 6.06354205956e-07, 3.75118219154e-07, 4.98135364069e-07, 7.17390037153e-07, 3.71273102928e-07, 3.32146498749e-07, 2.07231423133e-07, 4.0304090021e-07, 3.36470719731e-07, 1.24240045807e-07, 2.38662408947e-07, 1.5181136348e-07, 9.56030703492e-08, 7.66903198723e-08, 6.34489225604e-08, 1.41788181196e-08, 1.83670145759e-09, 2.88796809809e-17],
        "max": [0.00621269410476, 0.199667140841, 0.0846242755651, 0.0378691628575, 0.0429716072977, 0.0208971854299, 0.0171609073877, 0.0121874632314, 0.0125679904595, 0.00589929800481, 0.00385703612119, 0.00590124633163, 0.0050044041127, 0.00512039940804, 0.00450934749097, 0.00293106376193, 0.00694606732577, 0.00483025563881, 0.00230841943994, 0.00337023520842, 0.00245829531923, 0.00184196047485, 0.00181734655052, 0.00122912146617, 0.000659319048282, 0.000208509009099, 2.21096421171e-08],
        "mean": [0.000544316717423, 0.0255617443472, 0.00632607797161, 0.00434895092621, 0.00396941462532, 0.00235958304256, 0.00326249771751, 0.00127280736342, 0.0019227595767, 0.000774554209784, 0.000592116033658, 0.0007862894563, 0.000813475868199, 0.000596567755565, 0.000657766417135, 0.000558863917831, 0.000591263407841, 0.000864762987476, 0.000431494903751, 0.000427809543908, 0.000281297630863, 0.000245249335421, 0.000205168456887, 0.000121422002849, 4.97534856549e-05, 1.09376342152e-05, 2.00163907671e-09],
        "median": [0.000317900354275, 0.0169724542648, 0.00425783265382, 0.00302094267681, 0.00275020394474, 0.00175722397398, 0.00248306803405, 0.0008842003881, 0.00131274620071, 0.000596150988713, 0.00039545938489, 0.00061808276223, 0.000611817464232, 0.000483082345454, 0.00052916695131, 0.000469080347102, 0.000470386992674, 0.000715402769856, 0.000354771589627, 0.000308632297674, 0.000170000770595, 0.000133355293656, 0.000102422520285, 5.32271624252e-05, 1.38121085911e-05, 1.22344090414e-06, 8.68596083947e-10],
        "min": [3.91081783846e-07, 0.000248385156738, 9.6929470601e-06, 6.11729483353e-05, 0.000117587682325, 6.80361990817e-05, 7.02385295881e-05, 1.72627242137e-05, 5.94612138229e-05, 3.44423060596e-05, 5.55341830477e-06, 5.55735750822e-05, 3.4223379771e-05, 4.10562497564e-05, 8.38447012939e-05, 5.99184895691e-05, 3.77031683456e-05, 0.000138698989758, 6.84231708874e-05, 4.36898881162e-05, 6.24613358013e-06, 2.11913129533e-06, 4.64933634703e-07, 5.86375847433e-07, 4.21495616187e-11, 1.69654151838e-11, 1.71500261908e-11],
        "var": [4.0869139184e-07, 0.000724978744984, 7.53065105528e-05, 2.15910949919e-05, 1.646426972e-05, 4.82190625917e-06, 7.05193224348e-06, 1.63734614489e-06, 3.1723407119e-06, 4.19156833686e-07, 3.29956236556e-07, 3.82136818189e-07, 4.38431356997e-07, 2.00667443551e-07, 2.44800901328e-07, 1.30662300535e-07, 2.13500072732e-07, 3.0284044783e-07, 8.79095694017e-08, 1.42839610362e-07, 9.50281275891e-08, 8.32397617501e-08, 6.35542036775e-08, 2.91243633654e-08, 6.5735976662e-09, 5.60269663996e-10, 7.99309092685e-18]
    },
    "erbbands": {
        "dmean": [0.501086950302, 3.74582839012, 5.73327875137, 8.39548015594, 8.67415809631, 8.58000946045, 10.9082155228, 12.7910938263, 21.5923748016, 15.3805961609, 14.9963102341, 22.3407402039, 11.7300662994, 11.9416379929, 14.4072399139, 13.6036243439, 23.3502540588, 13.2456951141, 20.9700737, 15.9243707657, 15.7063236237, 14.3086042404, 18.0075111389, 14.2774028778, 12.0394029617, 9.49516391754, 7.39986515045, 5.61366653442, 4.93694877625, 4.24347257614, 3.26383781433, 2.22680830956, 1.27808570862, 0.583999752998, 0.231920480728, 0.0794653669, 0.0192258507013, 0.001707476913, 4.00261560571e-05, 2.43741360464e-05],
        "dmean2": [0.797097504139, 6.03072929382, 9.97439861298, 14.8035621643, 15.0051774979, 14.8079977036, 18.3544845581, 22.2183113098, 34.6590614319, 24.5382022858, 23.4180812836, 33.5497817993, 18.6243228912, 19.3507232666, 22.0964164734, 22.2456188202, 37.9887275696, 20.9121932983, 33.9901809692, 26.0709171295, 26.280632019, 23.9373340607, 30.1491661072, 23.6464252472, 19.449432373, 15.3934288025, 12.299908638, 9.07086277008, 7.93554830551, 6.71460485458, 5.12701511383, 3.56255674362, 2.10579895973, 0.945680439472, 0.389152944088, 0.136967465281, 0.0343519747257, 0.00308507424779, 6.77856442053e-05, 3.8790909457e-05],
        "dvar": [0.485820710659, 30.2097892761, 126.558143616, 167.639343262, 132.384658813, 217.094192505, 291.728210449, 409.198822021, 536.824829102, 351.370483398, 313.123718262, 724.932128906, 240.397064209, 158.891845703, 198.738174438, 208.763977051, 661.66217041, 247.599777222, 532.213012695, 354.729187012, 290.562896729, 302.467224121, 356.625396729, 188.658050537, 239.131332397, 161.551757812, 131.186843872, 71.2221603394, 58.7863578796, 47.5431938171, 25.8465862274, 15.5594768524, 5.41386270523, 1.20648562908, 0.198439791799, 0.0261014718562, 0.00165121327154, 1.95611792151e-05, 6.46135100979e-09, 9.19703202484e-10],
        "dvar2": [1.14182257652, 73.3423919678, 356.572509766, 461.934173584, 329.686523438, 597.790588379, 774.673217773, 1144.05834961, 1452.66088867, 891.661865234, 762.235046387, 1629.46276855, 597.834228516, 414.320098877, 482.210296631, 539.597717285, 1612.22070312, 626.408447266, 1338.06958008, 824.531066895, 770.761779785, 808.164123535, 965.124816895, 497.996520996, 571.322509766, 400.705841064, 328.507446289, 170.073287964, 132.958404541, 106.315452576, 59.7422599792, 37.3297119141, 13.3764677048, 2.94161987305, 0.517195105553, 0.0705635547638, 0.00450107408687, 5.26598269062e-05, 1.68544005419e-08, 1.94935401154e-09],
        "max": [6.64117431641, 41.0340118408, 87.8666000366, 106.661872864, 105.952949524, 168.96812439, 228.479736328, 237.670913696, 246.764663696, 339.393127441, 229.992858887, 341.872467041, 188.587966919, 130.159362793, 122.387199402, 178.672836304, 239.206268311, 167.686401367, 260.86239624, 330.820770264, 189.983398438, 272.266204834, 265.588134766, 141.047592163, 157.237319946, 121.423194885, 118.943458557, 72.3621749878, 69.9671630859, 54.8640823364, 49.0048484802, 33.4565505981, 20.0523796082, 9.89673233032, 4.46898078918, 1.72684776783, 0.358949035406, 0.0602245330811, 0.000984380021691, 0.00023684509506],
        "mean": [0.765233039856, 5.56081151962, 8.23819065094, 11.3440732956, 13.1312713623, 12.666472435, 17.541891098, 20.7108421326, 46.2324562073, 33.6458702087, 32.2522583008, 47.1486358643, 23.7307777405, 25.0439987183, 30.2525959015, 28.1282138824, 40.2304725647, 26.6366863251, 39.3275947571, 30.0771331787, 33.3276519775, 30.7994346619, 43.2705726624, 34.3352737427, 26.4651088715, 18.8260955811, 12.5214691162, 10.2497062683, 8.80599117279, 7.70087814331, 5.56200218201, 3.27260446548, 1.60521757603, 0.733991980553, 0.26195704937, 0.0755408108234, 0.0150764947757, 0.00125225877855, 5.79593615839e-05, 6.86618222971e-05],
        "median": [0.519004404545, 3.32827663422, 6.0521364212, 8.01688766479, 9.34756088257, 8.5072479248, 11.8095321655, 15.5596704483, 34.8623313904, 27.085313797, 24.9571266174, 30.5753002167, 17.6234645844, 20.222858429, 24.5657844543, 22.8939266205, 30.3183326721, 22.1232700348, 31.3042240143, 23.6212425232, 27.4153156281, 25.5252819061, 36.0227279663, 30.0994110107, 20.5276374817, 13.9832706451, 7.58914470673, 6.32525062561, 4.99307918549, 3.83584499359, 2.92718791962, 1.59715509415, 0.571583509445, 0.213565170765, 0.0607480071485, 0.0113016990945, 0.00146942329593, 8.33126105135e-05, 3.23117856169e-05, 5.61145061511e-05],
        "min": [0.00461491197348, 0.0422126576304, 0.0690582245588, 0.129886776209, 0.574129283428, 0.614079654217, 0.455685526133, 1.29593813419, 2.11777162552, 1.08617782593, 1.40875089169, 2.21854352951, 1.86777496338, 3.16306686401, 2.73827004433, 2.92608833313, 1.91770720482, 2.79119181633, 4.08198022842, 3.55669760704, 3.59087586403, 4.53962373734, 7.30669689178, 6.62448310852, 3.73447966576, 2.27866625786, 0.626226842403, 0.210342854261, 0.117976397276, 0.0496094040573, 0.022532068193, 0.0198383498937, 0.00275270408019, 0.000184868258657, 2.66875867965e-05, 1.44154928421e-05, 7.97177290224e-06, 1.64231983035e-06, 6.20366427029e-06, 7.58563419367e-06],
        "var": [0.676756322384, 38.0410308838, 93.4402770996, 139.842376709, 163.275177002, 201.094558716, 340.7550354, 373.964935303, 1445.36999512, 663.626098633, 673.891906738, 2153.02001953, 395.920593262, 297.512054443, 436.476074219, 368.582641602, 996.547729492, 349.554077148, 854.458740234, 579.757568359, 467.828308105, 428.552490234, 772.500366211, 348.197875977, 392.85269165, 234.117355347, 189.329559326, 123.781471252, 103.108024597, 91.5590591431, 47.2789535522, 18.7733840942, 5.79411315918, 1.42904555798, 0.202726125717, 0.0234869401902, 0.00124886294361, 1.35981736094e-05, 5.42600009368e-09, 1.35276334579e-09]
    },
    "gfcc": {
        "mean": [47.1480941772, 125.750999451, -133.830810547, 57.8495445251, -56.1652450562, 18.0534572601, -29.8691482544, 11.6033525467, -10.0201587677, -2.13698244095, -0.828499317169, -6.12525367737, -7.01191949844],
        "cov": [[1189.23352051, -935.893981934, 452.85244751, 38.4660110474, -273.224243164, 228.723052979, -233.607192993, 86.7444839478, -255.186218262, 175.141998291, -245.228668213, 166.587234497, -106.846328735], [-935.893981934, 932.170349121, -384.415283203, -46.5995979309, 266.089599609, -221.612060547, 230.373504639, -97.947052002, 228.682739258, -180.549636841, 220.468338013, -173.661895752, 101.893814087], [452.85244751, -384.415283203, 295.94128418, 2.45959353447, -65.1601638794, 98.487487793, -85.5188293457, 76.4359130859, -114.087303162, 96.9120635986, -112.554107666, 81.6749801636, -62.7889175415], [38.4660110474, -46.5995979309, 2.45959353447, 138.064285278, -41.248916626, 51.7987365723, 12.5099601746, -22.1860389709, 39.8679733276, -25.0844535828, 26.6451320648, -10.4734306335, 32.8438682556], [-273.224243164, 266.089599609, -65.1601638794, -41.248916626, 191.846176147, -61.3567581177, 85.8558197021, 1.96111810207, 48.0591125488, -23.5390663147, 45.9429130554, -33.7335891724, 3.64691925049], [228.723052979, -221.612060547, 98.487487793, 51.7987365723, -61.3567581177, 124.972816467, -29.8809509277, 24.6425971985, -36.1061325073, 30.5329151154, -31.092464447, 25.1657714844, -2.4726190567], [-233.607192993, 230.373504639, -85.5188293457, 12.5099601746, 85.8558197021, -29.8809509277, 126.95174408, -5.29208803177, 82.5177001953, -47.618888855, 59.1586990356, -42.0864257812, 26.1746082306], [86.7444839478, -97.947052002, 76.4359130859, -22.1860389709, 1.96111810207, 24.6425971985, -5.29208803177, 87.2771835327, -17.6673221588, 39.1700935364, -30.527715683, 16.3245487213, -19.701757431], [-255.186218262, 228.682739258, -114.087303162, 39.8679733276, 48.0591125488, -36.1061325073, 82.5177001953, -17.6673221588, 132.086761475, -44.1596374512, 83.3014526367, -49.4994163513, 38.6400566101], [175.141998291, -180.549636841, 96.9120635986, -25.0844535828, -23.5390663147, 30.5329151154, -47.618888855, 39.1700935364, -44.1596374512, 91.5700683594, -38.7796058655, 46.8942489624, -30.4280662537], [-245.228668213, 220.468338013, -112.554107666, 26.6451320648, 45.9429130554, -31.092464447, 59.1586990356, -30.527715683, 83.3014526367, -38.7796058655, 114.832214355, -39.9372138977, 45.9439468384], [166.587234497, -173.661895752, 81.6749801636, -10.4734306335, -33.7335891724, 25.1657714844, -42.0864257812, 16.3245487213, -49.4994163513, 46.8942489624, -39.9372138977, 77.5695343018, -21.3230628967], [-106.846328735, 101.893814087, -62.7889175415, 32.8438682556, 3.64691925049, -2.4726190567, 26.1746082306, -19.701757431, 38.6400566101, -30.4280662537, 45.9439468384, -21.3230628967, 65.1177368164]],
        "icov": [[0.00529464194551, 0.00419434905052, -0.00347585207783, 0.000889735470992, 0.00104553962592, -9.68309250311e-05, -0.000843504734803, 0.00240680598654, 0.000581649772357, 0.000409125757869, 0.000946821295656, 0.00167296198197, -0.000945093168411], [0.00419434905052, 0.0208812169731, -0.00377605413087, 0.00940740387887, -0.0080066556111, 0.0120349824429, -0.00702854245901, 0.00788908172399, -0.00587753113359, 0.0102742053568, -0.00886352080852, 0.0130612915382, -0.0092412000522], [-0.00347585207783, -0.00377605413087, 0.0134752038866, -0.00462245708331, -0.00110937317368, -0.0038876447361, 0.00133636640385, -0.00665053166449, 0.00372381927446, -0.00459741521627, 0.00325457425788, -0.00478166341782, 0.00467534270138], [0.000889735470992, 0.00940740387887, -0.00462245708331, 0.0190311539918, -0.00203853962012, -0.000115056915092, -0.00287675159052, 0.00763611868024, -0.00981194805354, 0.00902550760657, -0.00542091252282, 0.00587565824389, -0.00795153994113], [0.00104553962592, -0.0080066556111, -0.00110937317368, -0.00203853962012, 0.0141336200759, -0.00339228985831, -0.00337003450841, -0.00271163880825, 0.00451973779127, -0.00589955737814, 0.00269692996517, -0.00403238087893, 0.00515444483608], [-9.68309250311e-05, 0.0120349824429, -0.0038876447361, -0.000115056915092, -0.00339228985831, 0.0240680407733, -0.00672804843634, 0.00184122589417, -0.000338251789799, 0.00420076679438, -0.00715579232201, 0.00924877915531, -0.00807502772659], [-0.000843504734803, -0.00702854245901, 0.00133636640385, -0.00287675159052, -0.00337003450841, -0.00672804843634, 0.0221966747195, -0.00544126844034, -0.00637288857251, 0.00255887839012, 0.00279514817521, -0.00515408441424, 0.00303579773754], [0.00240680598654, 0.00788908172399, -0.00665053166449, 0.00763611868024, -0.00271163880825, 0.00184122589417, -0.00544126844034, 0.0219599083066, -0.00557344779372, -0.00134815170895, -0.00024427138851, 0.00708986539394, -0.00443533249199], [0.000581649772357, -0.00587753113359, 0.00372381927446, -0.00981194805354, 0.00451973779127, -0.000338251789799, -0.00637288857251, -0.00557344779372, 0.0256370641291, -0.00695367576554, -0.00421778252348, -0.000464187352918, 0.00366212055087], [0.000409125757869, 0.0102742053568, -0.00459741521627, 0.00902550760657, -0.00589955737814, 0.00420076679438, 0.00255887839012, -0.00134815170895, -0.00695367576554, 0.029980475083, -0.00818869192153, -0.00136623694561, -0.00187158503104], [0.000946821295656, -0.00886352080852, 0.00325457425788, -0.00542091252282, 0.00269692996517, -0.00715579232201, 0.00279514817521, -0.00024427138851, -0.00421778252348, -0.00818869192153, 0.0270862914622, -0.00546996481717, -0.00255052722059], [0.00167296198197, 0.0130612915382, -0.00478166341782, 0.00587565824389, -0.00403238087893, 0.00924877915531, -0.00515408441424, 0.00708986539394, -0.000464187352918, -0.00136623694561, -0.00546996481717, 0.0311790071428, -0.00676710251719], [-0.000945093168411, -0.0092412000522, 0.00467534270138, -0.00795153994113, 0.00515444483608, -0.00807502772659, 0.00303579773754, -0.00443533249199, 0.00366212055087, -0.00187158503104, -0.00255052722059, -0.00676710251719, 0.0301635805517]]
    },
    "melbands": {
        "dmean": [0.00462478632107, 0.00341576756909, 0.00143679394387, 0.000601489271503, 0.000367675966118, 0.000278588908259, 0.000324439693941, 0.000161852163728, 0.000128721047076, 0.000128309402498, 6.05783170613e-05, 5.20879257238e-05, 5.26283001818e-05, 5.34426471859e-05, 4.80424278066e-05, 3.72762588086e-05, 2.75119036814e-05, 3.74370865757e-05, 1.9257520762e-05, 1.9233328203e-05, 2.04228017537e-05, 1.43899706018e-05, 2.05151864066e-05, 2.10579200939e-05, 1.17285408123e-05, 8.83190386958e-06, 1.01484747574e-05, 5.9344474721e-06, 4.6938421292e-06, 4.46093645223e-06, 3.03505021293e-06, 3.01989598483e-06, 2.77604863186e-06, 2.46781064561e-06, 2.1397704586e-06, 1.59283263201e-06, 1.34619472192e-06, 1.04705179638e-06, 6.66790015202e-07, 4.68957949806e-07],
        "dmean2": [0.0074058175087, 0.00563939940184, 0.00251182494685, 0.00103596516419, 0.00062553252792, 0.000481490948005, 0.000519237364642, 0.000256575323874, 0.000198854133487, 0.000194169464521, 9.64659557212e-05, 8.3975312009e-05, 8.04681767477e-05, 8.52027078508e-05, 7.90869962657e-05, 6.03781845712e-05, 4.39230680058e-05, 6.13355150563e-05, 3.12017509714e-05, 3.12808442686e-05, 3.41642989952e-05, 2.40643894358e-05, 3.48578141711e-05, 3.5701021261e-05, 1.9432269255e-05, 1.47038908835e-05, 1.62956566783e-05, 9.78542811936e-06, 7.87592580309e-06, 7.58829810366e-06, 4.85354075863e-06, 4.93424022352e-06, 4.49862909591e-06, 3.93059917769e-06, 3.40540486832e-06, 2.50259950008e-06, 2.19581238525e-06, 1.74796480223e-06, 1.08000415366e-06, 7.80696723268e-07],
        "dvar": [4.29630854342e-05, 3.03898286802e-05, 4.32180195276e-06, 8.32895295844e-07, 3.34043676276e-07, 1.89791052208e-07, 1.22687069393e-07, 3.82869842497e-08, 1.96086329396e-08, 2.34376678065e-08, 6.3416374374e-09, 3.00282265719e-09, 3.15291814879e-09, 3.66905261728e-09, 2.723494541e-09, 1.69721159349e-09, 1.04309139104e-09, 1.57713142546e-09, 4.01284311335e-10, 4.49313530826e-10, 4.88656892728e-10, 2.76842354596e-10, 6.9628919297e-10, 4.98019292472e-10, 1.34333960622e-10, 1.00968122752e-10, 2.68818162175e-10, 6.20665741025e-11, 5.7311589502e-11, 4.89106706525e-11, 1.93302127777e-11, 2.13363823137e-11, 2.05194611302e-11, 1.50956209338e-11, 1.10065047354e-11, 6.94929140274e-12, 5.9094560842e-12, 4.0309209963e-12, 1.53774074637e-12, 8.61806557107e-13],
        "dvar2": [0.000101764511783, 7.78104658821e-05, 1.17956615213e-05, 2.17049046114e-06, 8.90181354407e-07, 5.29345697942e-07, 3.22773587413e-07, 9.68188658135e-08, 4.66117136e-08, 5.38263442706e-08, 1.57457211714e-08, 7.94688670425e-09, 7.59797380567e-09, 9.04544084079e-09, 6.61366073018e-09, 4.1486574176e-09, 2.67059885317e-09, 4.01819866269e-09, 9.76173031297e-10, 1.08943454258e-09, 1.29313837416e-09, 7.38361816133e-10, 1.85174586775e-09, 1.38586819798e-09, 3.54056922669e-10, 2.53048387799e-10, 6.61458054996e-10, 1.53419027482e-10, 1.43864156699e-10, 1.24967911019e-10, 4.44946995914e-11, 4.92559742993e-11, 4.81414595688e-11, 3.4525864806e-11, 2.59784381507e-11, 1.66863311363e-11, 1.44253506709e-11, 1.0393973876e-11, 3.62488077749e-12, 2.20817895219e-12],
        "max": [0.0594027601182, 0.0448324680328, 0.0165588576347, 0.0102181397378, 0.00828686356544, 0.00492317834869, 0.00380249298178, 0.00355666526593, 0.00170648866333, 0.00184360460844, 0.000947635038756, 0.000609792594332, 0.000575136451516, 0.000801839982159, 0.000519851455465, 0.000400031538447, 0.000333258794853, 0.000376216135919, 0.000255653314525, 0.000346232467564, 0.000233408689382, 0.000195121421712, 0.00048026884906, 0.000292656739475, 0.000118440606457, 0.000126672370243, 0.000219071647734, 7.57306188461e-05, 9.60738252616e-05, 5.28367454535e-05, 3.951583858e-05, 4.40614530817e-05, 3.57882054232e-05, 3.57998833351e-05, 3.12741685775e-05, 2.26077499974e-05, 2.06115382753e-05, 1.93879131984e-05, 1.59215360327e-05, 8.50974083733e-06],
        "mean": [0.00709825567901, 0.00547309732065, 0.00207611592487, 0.000926057226025, 0.000607472029515, 0.000447613507276, 0.000714611960575, 0.000349044421455, 0.000290504191071, 0.000268473901087, 0.000114807924547, 0.000105171027826, 0.000100963326986, 9.26755747059e-05, 8.40118154883e-05, 6.77496136632e-05, 4.92647195642e-05, 6.62505190121e-05, 3.81928839488e-05, 3.64946681657e-05, 3.96134855691e-05, 2.88541050395e-05, 3.64314109902e-05, 4.60824521724e-05, 2.4921284421e-05, 1.77085948962e-05, 1.96435485122e-05, 1.05129847725e-05, 7.55602604841e-06, 6.79439017404e-06, 5.56876011615e-06, 5.10955578648e-06, 4.34711273556e-06, 4.28274142905e-06, 3.51584026248e-06, 2.34480557992e-06, 1.80326276222e-06, 1.18780178582e-06, 8.35758385165e-07, 5.38500160019e-07],
        "median": [0.00474134180695, 0.00380395562388, 0.00152244092897, 0.000646168831736, 0.000414400303271, 0.000331700546667, 0.000539358530659, 0.00027556240093, 0.000228597506066, 0.000182848030818, 8.19164852146e-05, 8.40449865791e-05, 7.50905528548e-05, 6.81903838995e-05, 6.27053887001e-05, 5.26146541233e-05, 3.98881129513e-05, 5.25931463926e-05, 3.15545657941e-05, 2.92312288366e-05, 3.14199824061e-05, 2.36283776758e-05, 2.85057976726e-05, 3.56767304766e-05, 2.10660746234e-05, 1.38977902679e-05, 1.39428984767e-05, 7.28148415874e-06, 4.40469193563e-06, 3.9609981286e-06, 3.26598819811e-06, 2.76843957181e-06, 2.28684052672e-06, 1.96815585696e-06, 1.77092942977e-06, 1.20294509998e-06, 8.14516283754e-07, 4.2906955855e-07, 2.56010110888e-07, 1.34598280965e-07],
        "min": [7.36738875275e-05, 4.52949716419e-05, 2.84076595563e-05, 4.27967970609e-05, 1.45990898091e-05, 1.6646570657e-05, 1.50757296069e-05, 8.62389606482e-06, 1.22020428535e-05, 8.89966577233e-06, 6.48087780064e-06, 9.43622217164e-06, 6.20833725407e-06, 5.69943222217e-06, 5.78824074182e-06, 2.22075368583e-06, 3.66926292372e-06, 6.31166085441e-06, 5.88903139942e-06, 3.84212944482e-06, 3.29519752995e-06, 3.28342844114e-06, 3.60177295988e-06, 5.82943675909e-06, 4.0177669689e-06, 1.59317380621e-06, 2.21220602725e-06, 8.97466406968e-07, 1.95553013782e-07, 9.04499444232e-08, 7.81434152941e-08, 4.10748448587e-08, 1.2104878877e-08, 1.15358513852e-08, 6.37203090292e-09, 1.24646293287e-08, 2.74723105376e-10, 6.01851624094e-10, 9.39058379668e-12, 2.88208096711e-13],
