{
"highlevel": {
    "danceability": {
        "all": {
            "danceable": 0.97423273325,
            "not_danceable": 0.0257672443986
        },
        "probability": 0.97423273325,
        "value": "danceable"
    },
    "gender": {
        "all": {
            "female": 0.306290864944,
            "male": 0.693709135056
        },
        "probability": 0.693709135056,
        "value": "male"
    },
    "genre_dortmund": {
        "all": {
            "alternative": 0.202658548951,
            "blues": 0.0332689508796,
            "electronic": 0.0424398705363,
            "folkcountry": 0.0319306403399,
            "funksoulrnb": 0.00545260729268,
            "jazz": 0.124469846487,
            "pop": 0.0976790189743,
            "raphiphop": 0.00599231477827,
            "rock": 0.456108182669
        },
        "probability": 0.456108182669,
        "value": "rock"
    },
    "genre_electronic": {
        "all": {
            "ambient": 0.217599064112,
            "dnb": 0.131614774466,
            "house": 0.0672786310315,
            "techno": 0.0306569114327,
            "trance": 0.552850604057
        },
        "probability": 0.552850604057,
        "value": "trance"
    },
    "genre_rosamerica": {
        "all": {
            "cla": 0.000853772857226,
            "dan": 0.0681790560484,
            "hip": 0.00976764317602,
            "jaz": 0.000972391862888,
            "pop": 0.118302829564,
            "rhy": 0.00360770011321,
            "roc": 0.79765433073,
            "spe": 0.000662258069497
        },
        "probability": 0.79765433073,
        "value": "roc"
    },
    "genre_tzanetakis": {
        "all": {
            "blu": 0.0610442385077,
            "cla": 0.0339068844914,
            "cou": 0.0610288381577,
            "dis": 0.0508533753455,
            "hip": 0.152552962303,
            "jaz": 0.15253444016,
            "met": 0.0610075257719,
            "pop": 0.0610079243779,
            "reg": 0.0610093250871,
            "roc": 0.305054485798
        },
        "probability": 0.305054485798,
        "value": "roc"
    },
    "ismir04_rhythm": {
        "all": {
            "ChaChaCha": 0.816359579563,
            "Jive": 0.121889643371,
            "Quickstep": 0.000943534832913,
            "Rumba-American": 0.00272778770886,
            "Rumba-International": 0.0031693901401,
            "Rumba-Misc": 0.00158593663946,
            "Samba": 0.0360478311777,
            "Tango": 0.00172428123187,
            "VienneseWaltz": 0.0148529233411,
            "Waltz": 0.0006991046248
        },
        "probability": 0.816359579563,
        "value": "ChaChaCha"
    },
    "mood_acoustic": {
        "all": {
            "acoustic": 7.43143971249e-07,
            "not_acoustic": 0.999999284744
        },
        "probability": 0.999999284744,
        "value": "not_acoustic"
    },
    "mood_aggressive": {
        "all": {
            "aggressive": 0.719298362732,
            "not_aggressive": 0.28070166707
        },
        "probability": 0.719298362732,
        "value": "aggressive"
    },
    "mood_electronic": {
        "all": {
            "electronic": 0.18904928863,
            "not_electronic": 0.810950696468
        },
        "probability": 0.810950696468,
        "value": "not_electronic"
    },
    "mood_happy": {
        "all": {
            "happy": 0.378203600645,
            "not_happy": 0.621796429157
        },
        "probability": 0.621796429157,
        "value": "not_happy"
    },
    "mood_party": {
        "all": {
            "not_party": 0.370111465454,
            "party": 0.629888534546
        },
        "probability": 0.629888534546,
        "value": "party"
    },
    "mood_relaxed": {
        "all": {
            "not_relaxed": 0.970820426941,
            "relaxed": 0.0291795674711
        },
        "probability": 0.970820426941,
        "value": "not_relaxed"
    },
    "mood_sad": {
        "all": {
            "not_sad": 0.891042292118,
            "sad": 0.108957700431
        },
        "probability": 0.891042292118,
        "value": "not_sad"
    },
    "moods_mirex": {
        "all": {
            "Cluster1": 0.4955060184,
            "Cluster2": 0.0620197914541,
            "Cluster3": 0.122109182179,
            "Cluster4": 0.0507227405906,
            "Cluster5": 0.269642263651
        },
        "probability": 0.4955060184,
        "value": "Cluster1"
    },
    "timbre": {
        "all": {
            "bright": 0.979359567165,
            "dark": 0.0206404328346
        },
        "probability": 0.979359567165,
        "value": "bright"
    },
    "tonal_atonal": {
        "all": {
            "atonal": 0.0128304464743,
            "tonal": 0.98716956377
        },
        "probability": 0.98716956377,
        "value": "tonal"
    },
    "voice_instrumental": {
        "all": {
            "instrumental": 0.339120447636,
            "voice": 0.660879552364
        },
        "probability": 0.660879552364,
        "value": "voice"
    }
},
"lowlevel": {
    "average_loudness": 0.981919407845,
    "barkbands_crest": {
        "dmean": 2.82693219185,
        "dmean2": 4.46419048309,
        "dvar": 10.1216163635,
        "dvar2": 20.2151603699,
        "max": 25.0706615448,
        "mean": 11.7934389114,
        "median": 10.5807991028,
        "min": 2.5448179245,
        "var": 29.724439621
    },
    "barkbands_flatness_db": {
        "dmean": 0.0232067555189,
        "dmean2": 0.0357567630708,
        "dvar": 0.000706249964423,
        "dvar2": 0.00158015615307,
        "max": 0.278034597635,
        "mean": 0.126278698444,
        "median": 0.117287516594,
        "min": 0.0423053316772,
        "var": 0.00219178036787
    },
    "barkbands_kurtosis": {
        "dmean": 4.16116094589,
        "dmean2": 6.84313631058,
        "dvar": 100.982269287,
        "dvar2": 262.928436279,
        "max": 103.950119019,
        "mean": 3.32328820229,
        "median": 0.29771232605,
        "min": -1.82781851292,
        "var": 92.9127349854
    },
    "barkbands_skewness": {
        "dmean": 0.702941000462,
        "dmean2": 1.04885828495,
        "dvar": 0.964683115482,
        "dvar2": 2.13065648079,
        "max": 9.61274909973,
        "mean": 1.48789477348,
        "median": 1.23386406898,
        "min": -1.11816084385,
        "var": 2.06766009331
    },
    "barkbands_spread": {
        "dmean": 7.99818086624,
        "dmean2": 11.7767305374,
        "dvar": 62.9008636475,
        "dvar2": 114.522865295,
        "max": 98.4329681396,
        "mean": 35.7004508972,
        "median": 34.2821578979,
        "min": 2.86228680611,
        "var": 291.777954102
    },
    "dissonance": {
        "dmean": 0.00977164041251,
        "dmean2": 0.0164094790816,
        "dvar": 8.62708329805e-05,
        "dvar2": 0.000241440269747,
        "max": 0.499517679214,
        "mean": 0.481556713581,
        "median": 0.485354870558,
        "min": 0.419210761786,
        "var": 0.000172878368176
    },
    "dynamic_complexity": 1.32143092155,
    "erbbands_crest": {
        "dmean": 2.64937257767,
        "dmean2": 4.31538438797,
        "dvar": 5.37470674515,
        "dvar2": 13.191950798,
        "max": 26.7078514099,
        "mean": 8.56212997437,
        "median": 7.68922758102,
        "min": 2.57447934151,
        "var": 15.9457416534
    },
    "erbbands_flatness_db": {
        "dmean": 0.0178040582687,
        "dmean2": 0.0247270129621,
        "dvar": 0.000242887428612,
        "dvar2": 0.000457254849607,
        "max": 0.236609116197,
        "mean": 0.126215144992,
        "median": 0.122588582337,
        "min": 0.0508552454412,
        "var": 0.00131718604825
    },
    "erbbands_kurtosis": {
        "dmean": 0.782881438732,
        "dmean2": 1.25577735901,
        "dvar": 0.708267807961,
        "dvar2": 1.79035604,
        "max": 7.47758102417,
        "mean": 0.252549350262,
        "median": -0.112406492233,
        "min": -1.57700324059,
        "var": 1.72388541698
    },
    "erbbands_skewness": {
        "dmean": 0.301560789347,
        "dmean2": 0.483154386282,
        "dvar": 0.0623488537967,
        "dvar2": 0.156463325024,
        "max": 1.34002065659,
        "mean": -0.523719012737,
        "median": -0.525343060493,
        "min": -2.22183012962,
        "var": 0.243700608611
    },
    "erbbands_spread": {
        "dmean": 9.79896259308,
        "dmean2": 14.8372554779,
        "dvar": 85.6883468628,
        "dvar2": 185.655319214,
        "max": 135.708724976,
        "mean": 44.5829963684,
        "median": 42.3804512024,
        "min": 12.2824239731,
        "var": 321.633758545
    },
    "hfc": {
        "dmean": 9.99980163574,
        "dmean2": 15.4130077362,
        "dvar": 163.082519531,
        "dvar2": 337.972991943,
        "max": 159.012634277,
        "mean": 37.0432662964,
        "median": 30.8276519775,
        "min": 3.71126961708,
        "var": 621.332702637
    },
    "melbands_crest": {
        "dmean": 3.43687224388,
        "dmean2": 5.40008068085,
        "dvar": 14.1793355942,
        "dvar2": 32.697555542,
        "max": 32.6570663452,
        "mean": 17.6027641296,
        "median": 17.5356884003,
        "min": 5.33819770813,
        "var": 29.0689353943
    },
    "melbands_flatness_db": {
        "dmean": 0.0281389392912,
        "dmean2": 0.0410373173654,
        "dvar": 0.00108578312211,
        "dvar2": 0.00215336331166,
        "max": 0.385211855173,
        "mean": 0.179862692952,
        "median": 0.168789669871,
        "min": 0.031729247421,
        "var": 0.00410956982523
    },
    "melbands_kurtosis": {
        "dmean": 14.5410833359,
        "dmean2": 23.6197948456,
        "dvar": 1109.90026855,
        "dvar2": 2858.26318359,
        "max": 348.117950439,
        "mean": 19.4015350342,
        "median": 8.90750789642,
        "min": -1.50692880154,
        "var": 1171.77404785
    },
    "melbands_skewness": {
        "dmean": 1.0897231102,
        "dmean2": 1.6296184063,
        "dvar": 2.35008811951,
        "dvar2": 5.14504051208,
        "max": 16.1404933929,
        "mean": 3.39103960991,
        "median": 2.89271116257,
        "min": -0.335261255503,
        "var": 5.24236106873
    },
    "melbands_spread": {
        "dmean": 8.77815818787,
        "dmean2": 13.1730613708,
        "dvar": 82.689453125,
        "dvar2": 156.945053101,
        "max": 113.915718079,
        "mean": 31.2801017761,
        "median": 27.7509269714,
        "min": 1.29109239578,
        "var": 398.471984863
    },
    "pitch_salience": {
        "dmean": 0.0868615806103,
        "dmean2": 0.140009269118,
        "dvar": 0.00923531409353,
        "dvar2": 0.0225417129695,
        "max": 0.830918192863,
        "mean": 0.463224649429,
        "median": 0.466578394175,
        "min": 0.1141853109,
        "var": 0.0181243326515
    },
    "silence_rate_20dB": {
        "dmean": 0,
        "dmean2": 0,
        "dvar": 0,
        "dvar2": 0,
        "max": 1,
        "mean": 1,
        "median": 1,
        "min": 1,
        "var": 0
    },
    "silence_rate_30dB": {
        "dmean": 0.0464396290481,
        "dmean2": 0.0929512009025,
        "dvar": 0.0442826524377,
        "dvar2": 0.124588578939,
        "max": 1,
        "mean": 0.973704576492,
        "median": 1,
        "min": 0,
        "var": 0.0256043281406
    },
    "silence_rate_60dB": {
        "dmean": 0.00464396271855,
        "dmean2": 0.00929511990398,
        "dvar": 0.00462236301973,
        "dvar2": 0.012307097204,
        "max": 1,
        "mean": 0.00309358071536,
        "median": 0,
        "min": 0,
        "var": 0.00308399624191
    },
    "spectral_centroid": {
        "dmean": 246.29460144,
        "dmean2": 395.186553955,
        "dvar": 47099.9257812,
        "dvar2": 114103.5625,
        "max": 3326.875,
        "mean": 1977.78051758,
        "median": 1990.47229004,
        "min": 783.336120605,
        "var": 156560.40625
    },
    "spectral_complexity": {
        "dmean": 4.94814252853,
        "dmean2": 7.46010828018,
        "dvar": 23.1636714935,
        "dvar2": 44.1522903442,
        "max": 57,
        "mean": 27.8399066925,
        "median": 28,
        "min": 5,
        "var": 108.089012146
    },
    "spectral_decrease": {
        "dmean": 3.49302631264e-09,
        "dmean2": 5.20562393191e-09,
        "dvar": 2.58879175978e-17,
        "dvar2": 5.44615450607e-17,
        "max": -4.49572712391e-10,
        "mean": -1.02119646073e-08,
        "median": -8.73327721251e-09,
        "min": -4.09858920136e-08,
        "var": 4.07783200591e-17
    },
    "spectral_energy": {
        "dmean": 0.0134412804618,
        "dmean2": 0.0200682189316,
        "dvar": 0.000364008359611,
        "dvar2": 0.000758339709137,
        "max": 0.15612988174,
        "mean": 0.0419022291899,
        "median": 0.0366356372833,
        "min": 0.0021174447611,
        "var": 0.000576254271436
    },
    "spectral_energyband_high": {
        "dmean": 0.000771816296037,
        "dmean2": 0.00111206260044,
        "dvar": 1.34293873089e-06,
        "dvar2": 2.41895691033e-06,
        "max": 0.017448855564,
        "mean": 0.00195929431356,
        "median": 0.00116478302516,
        "min": 0.00011447671568,
        "var": 4.94129153594e-06
    },
    "spectral_energyband_low": {
        "dmean": 0.0120860533789,
        "dmean2": 0.0185420177877,
        "dvar": 0.000460729934275,
        "dvar2": 0.00103318109177,
        "max": 0.15019056201,
        "mean": 0.0244050305337,
        "median": 0.0173486825079,
        "min": 3.6734250898e-05,
        "var": 0.000634343246929
    },
    "spectral_energyband_middle_high": {
        "dmean": 0.00234961439855,
        "dmean2": 0.00355324358679,
        "dvar": 7.14846737537e-06,
        "dvar2": 1.56051464728e-05,
        "max": 0.0364095307887,
        "mean": 0.0081186760217,
        "median": 0.00661244150251,
        "min": 0.000626461347565,
        "var": 3.4958946344e-05
    },
    "spectral_energyband_middle_low": {
        "dmean": 0.00449805194512,
        "dmean2": 0.00755489105359,
        "dvar": 5.36755323992e-05,
        "dvar2": 0.000136332440889,
        "max": 0.0605675056577,
        "mean": 0.00823947880417,
        "median": 0.00610022898763,
        "min": 0.00071587896673,
        "var": 5.50513141206e-05
    },
    "spectral_entropy": {
        "dmean": 0.115214675665,
        "dmean2": 0.160397127271,
        "dvar": 0.0103143416345,
        "dvar2": 0.0188687387854,
        "max": 8.51009654999,
        "mean": 7.82706308365,
        "median": 7.81791067123,
        "min": 7.05248403549,
        "var": 0.0628928020597
    },
    "spectral_flux": {
        "dmean": 0.0322554670274,
        "dmean2": 0.0484508872032,
        "dvar": 0.00152162450831,
        "dvar2": 0.00360994949006,
        "max": 0.343520492315,
        "mean": 0.102725423872,
        "median": 0.0900676697493,
        "min": 0.0224026925862,
        "var": 0.00261763879098
    },
    "spectral_kurtosis": {
        "dmean": 0.98297894001,
        "dmean2": 1.5723760128,
        "dvar": 0.806233763695,
        "dvar2": 2.04827594757,
        "max": 15.7908649445,
        "mean": 3.24523043633,
        "median": 3.08621263504,
        "min": -0.840950727463,
        "var": 2.42724013329
    },
    "spectral_rms": {
        "dmean": 0.00093335279962,
        "dmean2": 0.0013626057189,
        "dvar": 1.26612223994e-06,
        "dvar2": 2.40434474108e-06,
        "max": 0.0123418737203,
        "mean": 0.00616718316451,
        "median": 0.00597846880555,
        "min": 0.00143728894182,
        "var": 2.84611519419e-06
    },
    "spectral_rolloff": {
        "dmean": 714.446777344,
        "dmean2": 1137.85791016,
        "dvar": 1352160.875,
        "dvar2": 2162513.25,
        "max": 12273.9257812,
        "mean": 2183.98193359,
        "median": 2067.1875,
        "min": 64.599609375,
        "var": 4801968.5
    },
    "spectral_skewness": {
        "dmean": 0.15722900629,
        "dmean2": 0.243063956499,
        "dvar": 0.0173799637705,
        "dvar2": 0.0394680686295,
        "max": 3.3937432766,
        "mean": 1.27168619633,
        "median": 1.272554636,
        "min": 0.361759930849,
        "var": 0.0687016323209
    },
    "spectral_spread": {
        "dmean": 699309.375,
        "dmean2": 955820.25,
        "dvar": 627450970112,
        "dvar2": 1.13817760563e+12,
        "max": 13169294,
        "mean": 4898855,
        "median": 4532751.5,
        "min": 2594245.25,
        "var": 2.86747446477e+12
    },
    "spectral_strongpeak": {
        "dmean": 0.518756151199,
        "dmean2": 0.925867974758,
        "dvar": 1.94103884697,
        "dvar2": 5.58639097214,
        "max": 11.3458061218,
        "mean": 0.836595892906,
        "median": 0.510230600834,
        "min": 0.0369297116995,
        "var": 2.0109732151
    },
    "zerocrossingrate": {
        "dmean": 0.0149190332741,
        "dmean2": 0.0164411980659,
        "dvar": 0.000239209141,
        "dvar2": 0.000231242593145,
        "max": 0.27197265625,
        "mean": 0.0796230733395,
        "median": 0.0712890625,
        "min": 0.009765625,
        "var": 0.00224507390521
    },
    "barkbands": {
        "dmean": [0.000410504901083, 0.0112161934376, 0.00162413786165, 0.00175192835741, 0.00178980641067, 0.000873580691405, 0.000751868530642, 0.000281112879748, 0.000580361636821, 0.00076385831926, 0.000176699846634, 0.000242648384301, 0.000316972873406, 0.000290687778033, 0.000252783589531, 0.00105284375604, 0.000548795622308, 0.000452421314549, 0.000292600510875, 0.000202990326216, 0.00015592033742, 0.000109662869363, 0.000104106664367, 0.000167739388417, 0.000220999514568, 0.000215691499761, 1.68813883761e-07],
        "dmean2": [0.000658618053421, 0.0172888599336, 0.00258751842193, 0.00299704144709, 0.0030841215048, 0.00150465359911, 0.00128643319476, 0.000466196826892, 0.000893789634574, 0.00124148349278, 0.000276589824352, 0.000366016873159, 0.000496267399285, 0.000487929908559, 0.000402617180953, 0.00164170376956, 0.000897950551007, 0.000726961821783, 0.000485982949613, 0.000326806562953, 0.000237553089391, 0.000162800075486, 0.00014637078857, 0.0002455530921, 0.000337093835697, 0.000336332828738, 3.07756238271e-07],
        "dvar": [9.04739351881e-07, 0.000451611849712, 4.1713005885e-06, 1.19013593576e-05, 1.23106410683e-05, 2.12898225982e-06, 9.65257527241e-07, 4.43206744194e-07, 6.44642796033e-07, 2.42127453021e-06, 1.08230828744e-07, 2.47912311124e-07, 4.0724788164e-07, 2.92410419434e-07, 1.43072284686e-07, 3.22121513818e-06, 6.98033090885e-07, 4.1322542188e-07, 8.64137135181e-08, 4.92871166102e-08, 3.21273887494e-08, 2.03050927183e-08, 4.64569183123e-08, 1.45766293258e-07, 2.22951015871e-07, 1.69164280805e-07, 1.60016571933e-13],
        "dvar2": [2.15720046981e-06, 0.00104019814171, 1.0673054021e-05, 2.94416877296e-05, 3.27410452883e-05, 5.75647618462e-06, 2.68994608632e-06, 1.18566151741e-06, 1.50396658682e-06, 6.41214001007e-06, 2.60819973619e-07, 5.32234764705e-07, 9.75732291408e-07, 7.37561947517e-07, 3.46031043819e-07, 7.86339569459e-06, 1.83483427918e-06, 1.06418258383e-06, 2.31389449823e-07, 1.15062881889e-07, 6.76509088748e-08, 4.38574225825e-08, 8.07037778827e-08, 2.56162024925e-07, 4.65515256565e-07, 3.43086213661e-07, 4.58326356468e-13],
        "max": [0.00700914347544, 0.141164511442, 0.0173847079277, 0.0271943584085, 0.0385534614325, 0.0118550462648, 0.0133649781346, 0.0095901619643, 0.0111925192177, 0.0243660267442, 0.00476247491315, 0.00946844089776, 0.0100492266938, 0.00738782063127, 0.00519621837884, 0.0242841020226, 0.0147366924211, 0.00859320443124, 0.00324591365643, 0.00217373482883, 0.00240838201717, 0.0015607298119, 0.00575456162915, 0.00725342426449, 0.00633417069912, 0.00481278682128, 3.55826637133e-06],
        "mean": [0.000366627093172, 0.0187219139189, 0.00461660418659, 0.0019308689516, 0.00244744494557, 0.00121610832866, 0.00109036453068, 0.000366793450667, 0.00100568390917, 0.00123947241809, 0.000283136003418, 0.000433460139902, 0.000513567472808, 0.000409939268138, 0.000443897821242, 0.00201755133457, 0.00101970718242, 0.000900940503925, 0.000636787386611, 0.000464493961772, 0.000357088283636, 0.000242418653215, 0.000218866669456, 0.000317745201755, 0.000356063130312, 0.000284590933006, 1.20648337543e-07],
        "median": [8.1977188529e-05, 0.0118981450796, 0.00407277559862, 0.000624050095212, 0.00143721583299, 0.000628534238786, 0.000759681221098, 0.000164319688338, 0.000601202715188, 0.000580566527788, 0.000111341738375, 0.000195968197659, 0.000237073487369, 0.000223398310482, 0.000255172868492, 0.000865430687554, 0.000699961441569, 0.000557723629754, 0.000526619609445, 0.000368330802303, 0.000262528948952, 0.000140868476592, 0.000105088809505, 0.000128739018692, 0.000119036223623, 4.55497174698e-05, 4.74211159229e-09],
        "min": [1.88690307823e-07, 3.45061198459e-06, 3.65277946912e-06, 2.42676674134e-06, 7.03443220118e-06, 1.01217374322e-05, 2.26851625484e-05, 1.62112064572e-06, 2.78390289168e-05, 4.47334878118e-06, 9.76774913397e-07, 6.18434933131e-06, 1.04437822301e-05, 1.29899017338e-05, 3.22848563883e-06, 4.01497018174e-05, 1.19197093227e-05, 1.90294340427e-05, 2.93418015644e-05, 1.3971849512e-05, 2.20907986659e-05, 1.02423864519e-05, 2.50255493484e-06, 5.41370900464e-06, 7.18146452527e-07, 7.62754165384e-11, 6.54795445296e-12],
        "var": [8.34122886317e-07, 0.000598545593675, 9.88027841231e-06, 1.11100780487e-05, 1.14261874842e-05, 2.66848041974e-06, 1.19364244711e-06, 4.61224544779e-07, 1.38300561048e-06, 3.84458826375e-06, 2.59973859329e-07, 5.86966905303e-07, 6.97245809533e-07, 3.37220200208e-07, 2.80705620526e-07, 9.40787413128e-06, 1.06585218873e-06, 9.76299929789e-07, 2.06550737403e-07, 1.21638990436e-07, 8.23608417022e-08, 6.18206001946e-08, 1.12068789804e-07, 3.92647052649e-07, 5.01319277646e-07, 3.62038463209e-07, 1.11650367229e-13]
    },
    "erbbands": {
        "dmean": [0.414983600378, 2.25219416618, 2.29112815857, 3.33129477501, 6.29077625275, 7.03706121445, 6.4378991127, 7.54850292206, 12.1360998154, 5.77910089493, 6.05397844315, 10.86668396, 23.8006134033, 12.7546682358, 6.77784919739, 8.9390001297, 14.6163625717, 8.24759864807, 14.5878210068, 27.8934459686, 50.8422737122, 31.8735160828, 21.4503192902, 20.5760593414, 12.9287319183, 9.02509880066, 6.44591999054, 6.4888586998, 3.90065145493, 2.78402066231, 3.149507761, 3.70074892044, 2.59710860252, 2.31426334381, 1.7902327776, 1.02990698814, 0.397103667259, 0.0458735488355, 0.000780577072874, 4.38634087914e-05],
        "dmean2": [0.621474504471, 3.61476683617, 3.72942066193, 5.71160364151, 10.7891740799, 12.4294652939, 11.1693925858, 12.9282245636, 20.7526741028, 9.7572221756, 10.051112175, 16.798166275, 38.2408676147, 19.5445766449, 10.402926445, 13.7359571457, 23.0326881409, 13.3571863174, 23.5620994568, 43.7360572815, 79.2505111694, 51.5772705078, 34.7939949036, 33.4142150879, 21.1472835541, 14.701338768, 9.97158050537, 9.86543369293, 5.78561210632, 4.15199613571, 4.40102100372, 5.3823184967, 3.78040313721, 3.51163053513, 2.770144701, 1.66125369072, 0.614552617073, 0.0724381878972, 0.0012217652984, 6.46337066428e-05],
        "dvar": [0.8599832654, 15.2415781021, 7.50240373611, 39.515663147, 156.138687134, 238.914260864, 129.19934082, 166.614868164, 223.929946899, 108.190643311, 201.009811401, 212.659927368, 1758.14257812, 434.516296387, 152.13142395, 314.571533203, 909.088500977, 159.926986694, 639.808898926, 2777.72705078, 5097.21923828, 2201.35327148, 1060.81433105, 696.836364746, 167.276199341, 111.366859436, 67.6658248901, 56.2885894775, 24.3043556213, 13.628824234, 53.6475791931, 78.5062484741, 31.7289123535, 21.8909454346, 18.0501232147, 5.28894901276, 0.558274388313, 0.00714240362868, 1.92336824512e-06, 3.78252451583e-09],
        "dvar2": [1.91301310062, 38.1084327698, 19.5221061707, 103.400741577, 366.699066162, 684.854614258, 367.711151123, 444.940002441, 624.678466797, 289.146240234, 558.179382324, 506.483825684, 4609.24609375, 1060.13122559, 347.850128174, 717.465026855, 2136.60888672, 405.077301025, 1511.66027832, 6930.03027344, 11893.828125, 5694.19238281, 2735.28320312, 1818.65942383, 427.097167969, 265.777954102, 149.5859375, 119.089454651, 52.4051322937, 29.5467834473, 90.1430587769, 136.309860229, 57.9738616943, 44.5810661316, 38.6235313416, 10.8155107498, 1.13712310791, 0.0168030392379, 4.41347037849e-06, 8.04148481137e-09],
        "max": [5.99942111969, 27.1700935364, 24.8703289032, 49.4746742249, 107.210227966, 194.362411499, 108.66254425, 99.863243103, 198.67729187, 152.270065308, 297.040252686, 216.020370483, 649.218017578, 272.130310059, 172.518783569, 365.854949951, 477.541870117, 168.733184814, 327.847015381, 778.355041504, 774.591918945, 705.48638916, 518.874328613, 348.74710083, 141.733154297, 121.036140442, 113.927955627, 86.9571151733, 54.5697212219, 43.1765289307, 172.29914856, 189.90802002, 93.0145263672, 70.2127990723, 61.4500656128, 27.2231292725, 9.39477062225, 0.964223742485, 0.016100840643, 0.000702926074155],
        "mean": [0.437713086605, 4.40943336487, 7.28812503815, 4.83149528503, 7.50281620026, 8.93354320526, 8.70533943176, 10.9461374283, 17.4833774567, 8.60317420959, 9.14403629303, 19.3943729401, 39.6678237915, 24.1489849091, 13.1579370499, 17.0868263245, 24.7192707062, 14.4317026138, 24.7866840363, 55.6096229553, 100.767440796, 64.2324752808, 45.6696166992, 43.8861122131, 31.1261329651, 20.8917980194, 14.4423446655, 14.3456821442, 8.78011322021, 6.23045825958, 6.3830332756, 7.28281736374, 4.90639448166, 4.12236690521, 2.35069298744, 1.2379809618, 0.529177486897, 0.057494726032, 0.00102851586416, 9.8313736089e-05],
        "median": [0.112360566854, 3.29191493988, 6.7670083046, 2.89814829826, 3.32764339447, 5.07510375977, 4.63563346863, 6.28892564774, 12.4329748154, 5.12049674988, 5.23231554031, 12.8994588852, 23.2015895844, 12.5883989334, 5.44865512848, 8.56309223175, 12.1127233505, 8.92234897614, 14.8581562042, 21.4052181244, 55.4142456055, 44.9571647644, 31.5232162476, 31.8871498108, 26.6030387878, 16.2368450165, 10.0115337372, 10.6423654556, 5.07628107071, 3.28384828568, 2.92429327965, 3.10566902161, 2.18310713768, 1.59128797054, 0.485479921103, 0.221177741885, 0.0712490975857, 0.00468919193372, 0.000143043725984, 6.41777296551e-05],
        "min": [4.20174619649e-05, 0.00108574307524, 0.00734698958695, 0.0525523386896, 0.0717450007796, 0.0185499656945, 0.0287792235613, 0.346053093672, 0.422048181295, 0.261679768562, 0.112384028733, 0.613378822803, 1.01276564598, 0.502750635147, 0.127465158701, 0.337658822536, 0.684430480003, 0.631354272366, 0.285197556019, 0.781140804291, 2.55703663826, 1.84270989895, 1.12750792503, 1.58355975151, 1.95617461205, 0.972355604172, 0.854403972626, 0.833098351955, 0.446791708469, 0.235099747777, 0.0850418508053, 0.121410161257, 0.0819768160582, 0.0176063720137, 0.000971663219389, 8.80438892636e-05, 2.38862121478e-05, 4.69004680781e-06, 2.84409520646e-06, 3.81000609195e-06],
        "var": [0.946741938591, 22.2818279266, 16.8089771271, 33.4445075989, 150.425033569, 203.14100647, 140.43522644, 187.943862915, 278.97845459, 135.001312256, 191.732528687, 398.842254639, 2457.59765625, 1109.67578125, 451.530212402, 732.944335938, 1535.57189941, 265.024932861, 987.823547363, 8355.8515625, 13816.0292969, 3824.6862793, 2402.96069336, 1721.39990234, 397.264801025, 259.450866699, 160.52986145, 141.576644897, 79.2368927002, 43.5154647827, 121.046211243, 206.407867432, 85.8579940796, 54.0769958496, 34.0156669617, 10.107129097, 1.19059181213, 0.0126601317897, 3.61622755918e-06, 8.58074145071e-09]
    },
    "gfcc": {
        "mean": [52.4287452698, 69.1948394775, -112.746047974, 52.1939659119, -46.2574119568, 17.0663375854, -38.3559684753, 24.327495575, -22.018075943, 2.38562202454, -20.349067688, 2.65314507484, -7.57011461258],
        "cov": [[1645.44519043, -815.124694824, 440.534454346, -338.189575195, -9.35172748566, -1.0059543848, -288.89251709, -27.7412986755, -295.479278564, 113.042701721, -124.960342407, 176.439102173, -226.017807007], [-815.124694824, 967.328918457, -422.792510986, 286.535583496, 52.8292617798, 4.49120998383, 255.184524536, -54.454788208, 210.644332886, -121.330047607, 120.769180298, -123.077552795, 219.429779053], [440.534454346, -422.792510986, 697.735229492, -53.1949272156, 114.107330322, 42.4376792908, -68.2338867188, 87.1574020386, -88.7178115845, 121.094352722, -39.494430542, 113.312042236, -94.1310806274], [-338.189575195, 286.535583496, -53.1949272156, 346.473480225, 17.9633541107, 53.6659355164, 69.2441253662, -7.24078083038, 138.254516602, -51.1873626709, 22.1153011322, -69.3478469849, 104.869110107], [-9.35172748566, 52.8292617798, 114.107330322, 17.9633541107, 172.240951538, 20.4667625427, 38.6906013489, 49.7309303284, 27.5439128876, 26.1431007385, -1.76654374599, 33.516166687, 32.4034729004], [-1.0059543848, 4.49120998383, 42.4376792908, 53.6659355164, 20.4667625427, 111.821464539, 54.0675354004, 22.4796199799, 16.4296550751, 2.76082825661, 22.53657341, 3.34805679321, 10.2894620895], [-288.89251709, 255.184524536, -68.2338867188, 69.2441253662, 38.6906013489, 54.0675354004, 187.126831055, 23.5194339752, 74.3044128418, -19.5527954102, 51.327507019, -16.8720722198, 60.8546829224], [-27.7412986755, -54.454788208, 87.1574020386, -7.24078083038, 49.7309303284, 22.4796199799, 23.5194339752, 92.7886123657, 29.4778118134, 24.2419624329, -0.369754731655, 22.1519584656, 8.41307353973], [-295.479278564, 210.644332886, -88.7178115845, 138.254516602, 27.5439128876, 16.4296550751, 74.3044128418, 29.4778118134, 146.723724365, -15.7516708374, 22.2459697723, -43.2445487976, 74.1968307495], [113.042701721, -121.330047607, 121.094352722, -51.1873626709, 26.1431007385, 2.76082825661, -19.5527954102, 24.2419624329, -15.7516708374, 80.4568099976, -2.67712879181, 31.8340988159, -37.1792068481], [-124.960342407, 120.769180298, -39.494430542, 22.1153011322, -1.76654374599, 22.53657341, 51.327507019, -0.369754731655, 22.2459697723, -2.67712879181, 91.7577362061, 5.44420385361, 26.2428245544], [176.439102173, -123.077552795, 113.312042236, -69.3478469849, 33.516166687, 3.34805679321, -16.8720722198, 22.1519584656, -43.2445487976, 31.8340988159, 5.44420385361, 78.4957427979, -20.6652851105], [-226.017807007, 219.429779053, -94.1310806274, 104.869110107, 32.4034729004, 10.2894620895, 60.8546829224, 8.41307353973, 74.1968307495, -37.1792068481, 26.2428245544, -20.6652851105, 104.661727905]],
        "icov": [[0.00158878811635, 0.000156641996, -0.000199017435079, 0.000388010317693, -0.000114114402095, -0.00124265672639, 0.00128455786034, 0.00110135937575, 0.000610248709563, -5.60754015169e-05, 0.00114951678552, -0.00216814759187, 0.00068802543683], [0.000156641996, 0.00518568558618, 0.000908545218408, -0.000971298723016, -0.00243464461528, 0.00261226249859, -0.00398329785094, 0.00335749960504, -0.00061913067475, 0.00103184150066, -0.00331486482173, 0.00316713238135, -0.003938394133], [-0.000199017435079, 0.000908545218408, 0.00343876960687, -0.00213624979369, -0.00166413630359, 0.000341228209436, -0.000618405872956, -0.00170532451011, 0.00191370758694, -0.00236207712442, -8.94276963663e-05, -0.0015486254124, 0.00139787350781], [0.000388010317693, -0.000971298723016, -0.00213624979369, 0.00790293235332, 0.000752927269787, -0.00401519611478, 0.0023399326019, 0.00313440011814, -0.00556605216116, 0.00221208645962, 0.000971124449279, 0.00218739989214, -0.00349636538886], [-0.000114114402095, -0.00243464461528, -0.00166413630359, 0.000752927269787, 0.0103078205138, -0.00126737821847, 0.00034750092891, -0.00315819517709, -0.00045847040019, -0.00235080951825, 0.00348368473351, -0.00410033809021, -0.00260123889893], [-0.00124265672639, 0.00261226249859, 0.000341228209436, -0.00401519611478, -0.00126737821847, 0.0151469707489, -0.00684247445315, -0.00216396921314, 0.00193786888849, 0.000400709628593, -0.00449940329418, 0.00302772223949, -0.000279995525489], [0.00128455786034, -0.00398329785094, -0.000618405872956, 0.0023399326019, 0.00034750092891, -0.00684247445315, 0.0136750498787, -0.00202898052521, -0.00201506307349, 0.000459283503005, 0.000366639724234, -0.00335540482774, 0.00183867174201], [0.00110135937575, 0.00335749960504, -0.00170532451011, 0.00313440011814, -0.00315819517709, -0.00216396921314, -0.00202898052521, 0.0209715664387, -0.00779258459806, 3.66858657799e-05, 0.000339150312357, -0.00218082475476, -0.0036289554555], [0.000610248709563, -0.00061913067475, 0.00191370758694, -0.00556605216116, -0.00045847040019, 0.00193786888849, -0.00201506307349, -0.00779258459806, 0.0205617547035, -0.00594909209758, 0.000196365101147, 0.00448022829369, -0.0041909920983], [-5.60754015169e-05, 0.00103184150066, -0.00236207712442, 0.00221208645962, -0.00235080951825, 0.000400709628593, 0.000459283503005, 3.66858657799e-05, -0.00594909209758, 0.022430319339, -0.00293738185428, -0.00234123761766, 0.0062527731061], [0.00114951678552, -0.00331486482173, -8.94276963663e-05, 0.000971124449279, 0.00348368473351, -0.00449940329418, 0.000366639724234, 0.000339150312357, 0.000196365101147, -0.00293738185428, 0.0177791696042, -0.00796439405531, 0.000288921350148], [-0.00216814759187, 0.00316713238135, -0.0015486254124, 0.00218739989214, -0.00410033809021, 0.00302772223949, -0.00335540482774, -0.00218082475476, 0.00448022829369, -0.00234123761766, -0.00796439405531, 0.0301625467837, -0.00786395184696], [0.00068802543683, -0.003938394133, 0.00139787350781, -0.00349636538886, -0.00260123889893, -0.000279995525489, 0.00183867174201, -0.0036289554555, -0.0041909920983, 0.0062527731061, 0.000288921350148, -0.00786395184696, 0.0276805926114]]
    },
    "melbands": {
        "dmean": [0.00339225470088, 0.00169763271697, 0.00069492449984, 0.00043667506543, 0.000248123309575, 0.000167555859662, 0.000173720880412, 6.23421656201e-05, 5.09218916704e-05, 7.52915948397e-05, 0.000128226907691, 6.53081733617e-05, 2.5556251785e-05, 2.70994405582e-05, 3.37784804287e-05, 2.63831552729e-05, 1.70697530848e-05, 2.92758086289e-05, 2.0467225113e-05, 6.9425383117e-05, 5.78387407586e-05, 3.87099280488e-05, 2.10029193113e-05, 2.55187169387e-05, 1.73527168954e-05, 1.18338739412e-05, 9.4947827165e-06, 5.91087700741e-06, 4.40690655523e-06, 3.78947379431e-06, 4.13254656451e-06, 2.65072731054e-06, 1.82097835477e-06, 1.66453185102e-06, 1.79179539828e-06, 2.32925094679e-06, 2.4830339953e-06, 2.03509580388e-06, 1.94094059225e-06, 2.01789316634e-06],
        "dmean2": [0.00513781234622, 0.00277450308204, 0.00118852360174, 0.00075009430293, 0.000428572850069, 0.000286450376734, 0.000297827733448, 0.000104270555312, 8.38736959849e-05, 0.000115681810712, 0.000205897798878, 0.000101363628346, 3.97063522541e-05, 4.06329636462e-05, 5.48032512597e-05, 4.1167033487e-05, 2.83900972136e-05, 4.81620518258e-05, 3.20486942655e-05, 0.000108377207653, 8.98180005606e-05, 6.31814909866e-05, 3.52247334376e-05, 4.07132574765e-05, 2.87232578557e-05, 1.97896515601e-05, 1.51418607857e-05, 9.91870729194e-06, 6.95871767675e-06, 5.92647029407e-06, 6.3042284637e-06, 4.00880026064e-06, 2.8321321679e-06, 2.56947123489e-06, 2.58007958109e-06, 3.33733487423e-06, 3.68066935152e-06, 3.06183551402e-06, 2.91910077976e-06, 3.14229964715e-06],
        "dvar": [4.85308664793e-05, 5.25577979715e-06, 1.71296301232e-06, 7.33220986149e-07, 1.96851189571e-07, 7.60548175549e-08, 4.92818870157e-08, 1.41306717438e-08, 1.28971979763e-08, 1.06737516603e-08, 5.14442035637e-08, 1.26736647843e-08, 2.22451301823e-09, 4.83088147263e-09, 3.80384701515e-09, 2.68330024866e-09, 8.90209628235e-10, 3.03013369951e-09, 9.33168098349e-10, 2.59992773977e-08, 6.58354437633e-09, 4.05130284875e-09, 7.26424642661e-10, 1.77403380874e-09, 5.43575462419e-10, 1.6161387506e-10, 1.10486689242e-10, 5.28450443127e-11, 3.05221854735e-11, 2.51916595223e-11, 2.34723750853e-11, 1.17787333706e-11, 6.17956727456e-12, 4.99227612374e-12, 1.15869171896e-11, 4.96294914887e-11, 2.77819000444e-11, 1.9625859965e-11, 1.45031599577e-11, 1.92960768891e-11],
        "dvar2": [0.000108608714072, 1.45503581734e-05, 4.23020219387e-06, 1.89907132153e-06, 5.70708152736e-07, 2.03777517527e-07, 1.38041059472e-07, 3.75541482356e-08, 3.60825964663e-08, 2.49377141159e-08, 1.35138208179e-07, 3.15753609925e-08, 5.37276223511e-09, 1.06847011239e-08, 9.6780263803e-09, 6.3858358601e-09, 2.33852537335e-09, 7.30946858596e-09, 2.27451457668e-09, 6.48497717748e-08, 1.56425539188e-08, 1.05180486543e-08, 2.00956185026e-09, 4.45670123028e-09, 1.40852951525e-09, 4.34815905503e-10, 2.74433309411e-10, 1.27734947619e-10, 7.04452468581e-11, 5.61438222302e-11, 5.33323073204e-11, 2.80095998478e-11, 1.44311906175e-11, 1.15628678507e-11, 2.10108614535e-11, 8.98282837003e-11, 5.14608286539e-11, 3.9061167495e-11, 2.83818177294e-11, 4.14790181369e-11],
        "max": [0.0462595075369, 0.0185580234975, 0.0100971730426, 0.00922309514135, 0.00390888331458, 0.00217569177039, 0.00302284676582, 0.00172580743674, 0.00260099209845, 0.00137182266917, 0.00353558897041, 0.00155690719839, 0.000685162085574, 0.00139678653795, 0.00101989484392, 0.000638055673335, 0.000409992528148, 0.000649194233119, 0.000285782618448, 0.00244689593092, 0.00102289963979, 0.000950853398535, 0.000273060693871, 0.000623151601758, 0.000296110083582, 0.000137618684676, 9.3583308626e-05, 8.39385393192e-05, 7.32809130568e-05, 8.33007870824e-05, 6.40741054667e-05, 3.49019137502e-05, 2.9882607123e-05, 2.35582847381e-05, 6.97389405104e-05, 0.000169661623659, 0.000105643994175, 7.34295244911e-05, 7.32507614885e-05, 6.93696492817e-05],
        "mean": [0.00460614729673, 0.0047546220012, 0.000994946574792, 0.000581977888942, 0.000339274207363, 0.000251000630669, 0.00024694239255, 8.84552719072e-05, 7.9780453234e-05, 0.000131729000714, 0.000210946411244, 0.000115560244012, 4.32567358075e-05, 4.63402211608e-05, 5.62486566196e-05, 4.34286921518e-05, 2.56773255387e-05, 4.29802967119e-05, 3.52705283149e-05, 0.000128725092509, 0.000107904204924, 6.78956130287e-05, 3.93526024709e-05, 4.76741042803e-05, 3.3648320823e-05, 2.50803896051e-05, 1.98911711777e-05, 1.21470075101e-05, 8.82321637619e-06, 8.16633655631e-06, 8.3720733528e-06, 5.30717034053e-06, 3.6247895423e-06, 3.37346386914e-06, 3.41149984706e-06, 4.30275895269e-06, 4.55148165202e-06, 3.52540700987e-06, 3.44185991707e-06, 3.33144089382e-06],
        "median": [0.0021099713631, 0.00432666623965, 0.000568994670175, 0.00031470216345, 0.0001926975674, 0.000151217711391, 0.000175414243131, 4.81673050672e-05, 4.75913548144e-05, 8.03942311904e-05, 0.000121291610412, 5.69308140257e-05, 1.70839139173e-05, 1.51750755322e-05, 3.12795091304e-05, 1.92638581211e-05, 1.54467597895e-05, 2.25936219067e-05, 2.00305694307e-05, 3.80810852221e-05, 5.99186096224e-05, 4.19741627411e-05, 3.02089883917e-05, 2.73678742815e-05, 2.34314957197e-05, 1.93967880477e-05, 1.53250221047e-05, 9.02602369024e-06, 5.89753062741e-06, 5.97822963755e-06, 6.24674839855e-06, 2.9611253467e-06, 1.95166057892e-06, 1.7667875909e-06, 1.58949910656e-06, 1.69536247085e-06, 1.93402206605e-06, 1.35098719056e-06, 1.43600448155e-06, 1.19672063192e-06],
        "min": [7.4017384577e-07, 3.17241529046e-06, 1.04131986518e-05, 2.70543841907e-06, 4.70484621928e-07, 7.68422432884e-06, 5.22958907823e-06, 2.9240004551e-07, 5.09904054979e-07, 3.90172954212e-06, 4.75606566397e-06, 1.14370948268e-06, 1.53977438799e-07, 4.24468112215e-07, 1.11235033273e-06, 9.32082059535e-07, 9.19541264466e-07, 4.60467475705e-07, 2.44791635851e-07, 1.97636677512e-06, 2.16657008423e-06, 8.75245348197e-07, 2.23979427005e-07, 8.03586488018e-07, 6.45580882974e-07, 1.1272094298e-06, 1.19957644529e-06, 2.93528955808e-07, 1.32224954541e-07, 3.01150492987e-07, 4.20154634639e-07, 1.33857000151e-07, 1.61284674505e-07, 7.09469958338e-08, 4.32402060824e-08, 2.27395471342e-08, 3.26136024853e-08, 2.16100879413e-08, 3.46772233151e-09, 8.87003093197e-09],
