{
"highlevel": {
    "danceability": {
        "all": {
            "danceable": 0.965704143047,
            "not_danceable": 0.0342958346009
        },
        "probability": 0.965704143047,
        "value": "danceable"
    },
    "gender": {
        "all": {
            "female": 0.111763432622,
            "male": 0.888236582279
        },
        "probability": 0.888236582279,
        "value": "male"
    },
    "genre_dortmund": {
        "all": {
            "alternative": 0.0629982352257,
            "blues": 0.0547464042902,
            "electronic": 0.0599278919399,
            "folkcountry": 0.0525268539786,
            "funksoulrnb": 0.0917816981673,
            "jazz": 0.39134824276,
            "pop": 0.0605075955391,
            "raphiphop": 0.100630670786,
            "rock": 0.125532418489
        },
        "probability": 0.39134824276,
        "value": "jazz"
    },
    "genre_electronic": {
        "all": {
            "ambient": 0.481467187405,
            "dnb": 0.297785550356,
            "house": 0.142172828317,
            "techno": 0.0118689853698,
            "trance": 0.0667054653168
        },
        "probability": 0.481467187405,
        "value": "ambient"
    },
    "genre_rosamerica": {
        "all": {
            "cla": 0.0137003306299,
            "dan": 0.0161834321916,
            "hip": 0.0685221552849,
            "jaz": 0.079638466239,
            "pop": 0.451020210981,
            "rhy": 0.314490050077,
            "roc": 0.0532050952315,
            "spe": 0.00324028660543
        },
        "probability": 0.451020210981,
        "value": "pop"
    },
    "genre_tzanetakis": {
        "all": {
            "blu": 0.0620671063662,
            "cla": 0.034474901855,
            "cou": 0.103433981538,
            "dis": 0.0620971247554,
            "hip": 0.15527240932,
            "jaz": 0.310666948557,
            "met": 0.044346679002,
            "pop": 0.0620793737471,
            "reg": 0.0620816536248,
            "roc": 0.103479810059
        },
        "probability": 0.310666948557,
        "value": "jaz"
    },
    "ismir04_rhythm": {
        "all": {
            "ChaChaCha": 0.00969474483281,
            "Jive": 0.0176170077175,
            "Quickstep": 0.320181280375,
            "Rumba-American": 0.00688140327111,
            "Rumba-International": 0.00664706109092,
            "Rumba-Misc": 0.00205779192038,
            "Samba": 0.614316225052,
            "Tango": 0.00530558638275,
            "VienneseWaltz": 0.0133244460449,
            "Waltz": 0.00397447263822
        },
        "probability": 0.614316225052,
        "value": "Samba"
    },
    "mood_acoustic": {
        "all": {
            "acoustic": 0.34249791503,
            "not_acoustic": 0.657502114773
        },
        "probability": 0.657502114773,
        "value": "not_acoustic"
    },
    "mood_aggressive": {
        "all": {
            "aggressive": 0.228801608086,
            "not_aggressive": 0.771198391914
        },
        "probability": 0.771198391914,
        "value": "not_aggressive"
    },
    "mood_electronic": {
        "all": {
            "electronic": 0.668894469738,
            "not_electronic": 0.33110550046
        },
        "probability": 0.668894469738,
        "value": "electronic"
    },
    "mood_happy": {
        "all": {
            "happy": 0.64873445034,
            "not_happy": 0.35126554966
        },
        "probability": 0.64873445034,
        "value": "happy"
    },
    "mood_party": {
        "all": {
            "not_party": 0.700235128403,
            "party": 0.299764871597
        },
        "probability": 0.700235128403,
        "value": "not_party"
    },
    "mood_relaxed": {
        "all": {
            "not_relaxed": 0.951829135418,
            "relaxed": 0.0481708496809
        },
        "probability": 0.951829135418,
        "value": "not_relaxed"
    },
    "mood_sad": {
        "all": {
            "not_sad": 0.580214560032,
            "sad": 0.41978546977
        },
        "probability": 0.580214560032,
        "value": "not_sad"
    },
    "moods_mirex": {
        "all": {
            "Cluster1": 0.132789582014,
            "Cluster2": 0.23769466579,
            "Cluster3": 0.120540350676,
            "Cluster4": 0.278896331787,
            "Cluster5": 0.230079069734
        },
        "probability": 0.278896331787,
        "value": "Cluster4"
    },
    "timbre": {
        "all": {
            "bright": 0.753045856953,
            "dark": 0.246954143047
        },
        "probability": 0.753045856953,
        "value": "bright"
    },
    "tonal_atonal": {
        "all": {
            "atonal": 0.068894289434,
            "tonal": 0.931105732918
        },
        "probability": 0.931105732918,
        "value": "tonal"
    },
    "voice_instrumental": {
        "all": {
            "instrumental": 0.172585815191,
            "voice": 0.827414155006
        },
        "probability": 0.827414155006,
        "value": "voice"
    }
},
"lowlevel": {
    "average_loudness": 0.971074223518,
    "barkbands_crest": {
        "dmean": 2.46427369118,
        "dmean2": 3.91027927399,
        "dvar": 5.45314264297,
        "dvar2": 12.5207252502,
        "max": 24.6002044678,
        "mean": 8.87297439575,
        "median": 8.12510871887,
        "min": 2.77480626106,
        "var": 13.8539237976
    },
    "barkbands_flatness_db": {
        "dmean": 0.0249823872,
        "dmean2": 0.0379057787359,
        "dvar": 0.000542068388313,
        "dvar2": 0.001210892573,
        "max": 0.336237937212,
        "mean": 0.14279051125,
        "median": 0.139558568597,
        "min": 0.0422516800463,
        "var": 0.00137256889138
    },
    "barkbands_kurtosis": {
        "dmean": 1.67916953564,
        "dmean2": 2.6108789444,
        "dvar": 6.94250535965,
        "dvar2": 14.8912572861,
        "max": 38.7939300537,
        "mean": 1.41130447388,
        "median": 0.417660951614,
        "min": -1.72463715076,
        "var": 12.9711065292
    },
    "barkbands_skewness": {
        "dmean": 0.467032790184,
        "dmean2": 0.710049986839,
        "dvar": 0.232278034091,
        "dvar2": 0.514548063278,
        "max": 5.31532621384,
        "mean": 0.974654853344,
        "median": 0.869311094284,
        "min": -0.990247905254,
        "var": 0.630852401257
    },
    "barkbands_spread": {
        "dmean": 7.40647220612,
        "dmean2": 11.6512136459,
        "dvar": 78.9728012085,
        "dvar2": 188.322128296,
        "max": 94.9208602905,
        "mean": 23.5814380646,
        "median": 21.2734279633,
        "min": 1.83826935291,
        "var": 152.375259399
    },
    "dissonance": {
        "dmean": 0.0269730426371,
        "dmean2": 0.0459221899509,
        "dvar": 0.000634966825601,
        "dvar2": 0.00174443447031,
        "max": 0.499639928341,
        "mean": 0.456814527512,
        "median": 0.464694559574,
        "min": 0.256907701492,
        "var": 0.00102709198836
    },
    "dynamic_complexity": 2.29934334755,
    "erbbands_crest": {
        "dmean": 3.45510840416,
        "dmean2": 5.5254983902,
        "dvar": 9.85509490967,
        "dvar2": 23.3854122162,
        "max": 30.3817977905,
        "mean": 10.675860405,
        "median": 9.58461856842,
        "min": 2.72868084908,
        "var": 22.4119567871
    },
    "erbbands_flatness_db": {
        "dmean": 0.0282413437963,
        "dmean2": 0.0421155430377,
        "dvar": 0.000728619692381,
        "dvar2": 0.00149993167724,
        "max": 0.339482247829,
        "mean": 0.178889244795,
        "median": 0.178378894925,
        "min": 0.0746239125729,
        "var": 0.00179058825597
    },
    "erbbands_kurtosis": {
        "dmean": 1.11399662495,
        "dmean2": 1.77359032631,
        "dvar": 1.81389176846,
        "dvar2": 4.34885406494,
        "max": 14.3181800842,
        "mean": 0.743761479855,
        "median": 0.309443473816,
        "min": -1.63196718693,
        "var": 3.28387117386
    },
    "erbbands_skewness": {
        "dmean": 0.385901004076,
        "dmean2": 0.590127408504,
        "dvar": 0.126469939947,
        "dvar2": 0.29897415638,
        "max": 3.46040296555,
        "mean": 0.508403480053,
        "median": 0.469860941172,
        "min": -1.22986721992,
        "var": 0.407986372709
    },
    "erbbands_spread": {
        "dmean": 10.1778526306,
        "dmean2": 15.9762201309,
        "dvar": 136.780578613,
        "dvar2": 312.918243408,
        "max": 140.74281311,
        "mean": 32.1480522156,
        "median": 28.4810810089,
        "min": 4.99947166443,
        "var": 273.311187744
    },
    "hfc": {
        "dmean": 14.0667943954,
        "dmean2": 20.495306015,
        "dvar": 285.020568848,
        "dvar2": 653.676818848,
        "max": 154.428466797,
        "mean": 30.5220565796,
        "median": 26.6919574738,
        "min": 0.387621700764,
        "var": 570.238647461
    },
    "melbands_crest": {
        "dmean": 3.35577297211,
        "dmean2": 5.31970453262,
        "dvar": 10.2301912308,
        "dvar2": 23.4431285858,
        "max": 32.2885513306,
        "mean": 13.3699293137,
        "median": 12.3551006317,
        "min": 3.60923361778,
        "var": 28.0156345367
    },
    "melbands_flatness_db": {
        "dmean": 0.0300205033273,
        "dmean2": 0.0435908101499,
        "dvar": 0.00089790468337,
        "dvar2": 0.00186695065349,
        "max": 0.42493006587,
        "mean": 0.168328568339,
        "median": 0.164280444384,
        "min": 0.0476069003344,
        "var": 0.0028576257173
    },
    "melbands_kurtosis": {
        "dmean": 4.06322002411,
        "dmean2": 6.44993448257,
        "dvar": 46.5929031372,
        "dvar2": 105.452796936,
        "max": 82.6207580566,
        "mean": 5.89850854874,
        "median": 3.22087860107,
        "min": -1.15856063366,
        "var": 75.3942337036
    },
    "melbands_skewness": {
        "dmean": 0.658100605011,
        "dmean2": 1.02306318283,
        "dvar": 0.500154316425,
        "dvar2": 1.11840379238,
        "max": 7.96796751022,
        "mean": 1.75254976749,
        "median": 1.52968788147,
        "min": -0.565022349358,
        "var": 1.27910459042
    },
    "melbands_spread": {
        "dmean": 8.67924118042,
        "dmean2": 13.3618345261,
        "dvar": 100.030731201,
        "dvar2": 247.180923462,
        "max": 117.755325317,
        "mean": 28.5779399872,
        "median": 26.3112449646,
        "min": 2.27380156517,
        "var": 210.740432739
    },
    "pitch_salience": {
        "dmean": 0.0728265717626,
        "dmean2": 0.114148817956,
        "dvar": 0.00421364651993,
        "dvar2": 0.0102819995955,
        "max": 0.816755831242,
        "mean": 0.528227388859,
        "median": 0.529249250889,
        "min": 0.194300308824,
        "var": 0.0106885414571
    },
    "silence_rate_20dB": {
        "dmean": 0,
        "dmean2": 0,
        "dvar": 0,
        "dvar2": 0,
        "max": 1,
        "mean": 1,
        "median": 1,
        "min": 1,
        "var": 0
    },
    "silence_rate_30dB": {
        "dmean": 0.00154798757285,
        "dmean2": 0.00309837330133,
        "dvar": 0.00154558254872,
        "dvar2": 0.00463791424409,
        "max": 1,
        "mean": 0.999226629734,
        "median": 1,
        "min": 0,
        "var": 0.000772795581724
    },
    "silence_rate_60dB": {
        "dmean": 0.0464396290481,
        "dmean2": 0.0929512009025,
        "dvar": 0.0442824661732,
        "dvar2": 0.109096616507,
        "max": 1,
        "mean": 0.0386697612703,
        "median": 0,
        "min": 0,
        "var": 0.0371744297445
    },
    "spectral_centroid": {
        "dmean": 302.723999023,
        "dmean2": 449.218353271,
        "dvar": 91860.8203125,
        "dvar2": 205731.25,
        "max": 3358.4140625,
        "mean": 1509.4786377,
        "median": 1491.76098633,
        "min": 333.220275879,
        "var": 291097.8125
    },
    "spectral_complexity": {
        "dmean": 4.8715171814,
        "dmean2": 6.96746730804,
        "dvar": 23.3411026001,
        "dvar2": 47.9927825928,
        "max": 45,
        "mean": 18.8847637177,
        "median": 18,
        "min": 3,
        "var": 67.6359558105
    },
    "spectral_decrease": {
        "dmean": 2.90153634452e-09,
        "dmean2": 4.0639402954e-09,
        "dvar": 1.18253814817e-17,
        "dvar2": 2.53691082632e-17,
        "max": -1.43001305242e-10,
        "mean": -6.68178667951e-09,
        "median": -5.75295056038e-09,
        "min": -3.42019781385e-08,
        "var": 2.5166319973e-17
    },
    "spectral_energy": {
        "dmean": 0.0119829000905,
        "dmean2": 0.0167539585382,
        "dvar": 0.000194727545022,
        "dvar2": 0.000415630580392,
        "max": 0.134963005781,
        "mean": 0.0279870294034,
        "median": 0.0244715362787,
        "min": 0.000574878009502,
        "var": 0.000420114316512
    },
    "spectral_energyband_high": {
        "dmean": 0.00111173943151,
        "dmean2": 0.00174808094744,
        "dvar": 2.92946538138e-06,
        "dvar2": 7.09306959834e-06,
        "max": 0.0178379155695,
        "mean": 0.00169464549981,
        "median": 0.000735757523216,
        "min": 1.77874949259e-06,
        "var": 4.56648422187e-06
    },
    "spectral_energyband_low": {
        "dmean": 0.00281133619137,
        "dmean2": 0.00408168788999,
        "dvar": 3.11395924655e-05,
        "dvar2": 6.71271482133e-05,
        "max": 0.0459846332669,
        "mean": 0.00608134968206,
        "median": 0.00155560509302,
        "min": 2.14296051126e-06,
        "var": 6.15511162323e-05
    },
    "spectral_energyband_middle_high": {
        "dmean": 0.00381953804754,
        "dmean2": 0.00528414035216,
        "dvar": 1.85921817319e-05,
        "dvar2": 3.71801506844e-05,
        "max": 0.0564105436206,
        "mean": 0.00889431405813,
        "median": 0.00753324618563,
        "min": 0.000105797262222,
        "var": 5.3884996305e-05
    },
    "spectral_energyband_middle_low": {
        "dmean": 0.00749770319089,
        "dmean2": 0.0114301936701,
        "dvar": 0.000109730652184,
        "dvar2": 0.000254092679825,
        "max": 0.0959617495537,
        "mean": 0.0126938857138,
        "median": 0.00807633623481,
        "min": 0.000260347209405,
        "var": 0.000167324775248
    },
    "spectral_entropy": {
        "dmean": 0.258649915457,
        "dmean2": 0.374363601208,
        "dvar": 0.0696586370468,
        "dvar2": 0.155833348632,
        "max": 8.65664291382,
        "mean": 7.52574539185,
        "median": 7.52806472778,
        "min": 6.13392400742,
        "var": 0.1467795223
    },
    "spectral_flux": {
        "dmean": 0.0357373431325,
        "dmean2": 0.0525526180863,
        "dvar": 0.00125393865164,
        "dvar2": 0.00264900946058,
        "max": 0.273175835609,
        "mean": 0.0967802032828,
        "median": 0.0904635936022,
        "min": 0.0116302846,
        "var": 0.00250129215419
    },
    "spectral_kurtosis": {
        "dmean": 1.94801700115,
        "dmean2": 3.13451099396,
        "dvar": 5.22109222412,
        "dvar2": 12.5021648407,
        "max": 25.7353935242,
        "mean": 3.86985445023,
        "median": 3.18130016327,
        "min": -1.34013426304,
        "var": 10.0221214294
    },
    "spectral_rms": {
        "dmean": 0.00113355834037,
        "dmean2": 0.00151345203631,
        "dvar": 1.36307028242e-06,
        "dvar2": 2.73630530501e-06,
        "max": 0.011474808678,
        "mean": 0.00484515726566,
        "median": 0.00488617131487,
        "min": 0.000748903607018,
        "var": 3.82894450013e-06
    },
    "spectral_rolloff": {
        "dmean": 834.229858398,
        "dmean2": 1443.50976562,
        "dvar": 2260935.75,
        "dvar2": 5566794.5,
        "max": 11068.0664062,
        "mean": 1997.22558594,
        "median": 1571.92382812,
        "min": 107.666015625,
        "var": 2830160.25
    },
    "spectral_skewness": {
        "dmean": 0.273464977741,
        "dmean2": 0.434311747551,
        "dvar": 0.0780385807157,
        "dvar2": 0.175892964005,
        "max": 3.67872858047,
        "mean": 1.47472321987,
        "median": 1.42837357521,
        "min": 0.267959594727,
        "var": 0.205410018563
    },
    "spectral_spread": {
        "dmean": 986329.6875,
        "dmean2": 1470678.875,
        "dvar": 1.51292438118e+12,
        "dvar2": 3.31027002163e+12,
        "max": 17042384,
        "mean": 4855768,
        "median": 4594148,
        "min": 1601358,
        "var": 3.47862859776e+12
    },
    "spectral_strongpeak": {
        "dmean": 0.8624573946,
        "dmean2": 1.4068710804,
        "dvar": 1.32989609241,
        "dvar2": 3.075319767,
        "max": 9.49807167053,
        "mean": 1.52903497219,
        "median": 0.829313337803,
        "min": 0.0142316957936,
        "var": 2.66693902016
    },
    "zerocrossingrate": {
        "dmean": 0.0136888818815,
        "dmean2": 0.0159899815917,
        "dvar": 0.000219038120122,
        "dvar2": 0.000294084631605,
        "max": 0.26806640625,
        "mean": 0.0721810385585,
        "median": 0.06640625,
        "min": 0.00927734375,
        "var": 0.00113826419692
    },
    "barkbands": {
        "dmean": [1.96226137632e-05, 0.00158759800252, 0.00115239562001, 0.00124220945872, 0.00145941053052, 0.00141978100874, 0.00164774234872, 0.000821184366941, 0.00213728891686, 0.00167864270043, 0.000623317144345, 0.000945815641899, 0.000865493318997, 0.00103765050881, 0.000578075065278, 0.00016400856839, 0.00019163946854, 0.000241206871578, 0.000122314711916, 0.000280297972495, 0.000216442960664, 0.000250096403761, 0.000171962034074, 0.000225364885409, 0.000163953198353, 7.62006602599e-05, 7.68680319396e-09],
        "dmean2": [3.33695061272e-05, 0.00248309969902, 0.00177113944665, 0.00201267376542, 0.00250896555372, 0.00222246977501, 0.00252997106872, 0.00138601299841, 0.00333803659305, 0.00244330242276, 0.000986002967693, 0.00152498134412, 0.0012953953119, 0.00158958521206, 0.000826935167424, 0.000247849908192, 0.000290392548777, 0.000391679612221, 0.000195230910322, 0.000433641602285, 0.000327035755618, 0.000364962877939, 0.000289955554763, 0.00038242971641, 0.000282340333797, 0.000129575069877, 1.15327116745e-08],
        "dvar": [1.02138675295e-09, 1.15831280709e-05, 7.2106722655e-06, 1.2642693946e-05, 1.02917929325e-05, 1.28755764308e-05, 1.33622170324e-05, 6.45597219773e-06, 2.0393063096e-05, 1.03444481283e-05, 1.26030408865e-06, 3.33365574079e-06, 2.8134072636e-06, 3.50674736183e-06, 1.0902762142e-06, 1.33334879138e-07, 8.4985451565e-08, 1.54833443844e-07, 2.82582650613e-08, 1.73150496607e-07, 1.09316047769e-07, 1.40366708479e-07, 1.03166414078e-07, 2.15424748262e-07, 1.19460324299e-07, 2.74180269599e-08, 1.01678758254e-14],
        "dvar2": [2.70697264604e-09, 2.67730410997e-05, 1.61650987138e-05, 3.07320042339e-05, 2.81487318716e-05, 3.1153918826e-05, 3.3235472074e-05, 1.73453227035e-05, 4.71236890007e-05, 2.08823821595e-05, 3.11653616336e-06, 8.16723877506e-06, 5.99985150984e-06, 7.79801030149e-06, 1.9533822524e-06, 2.82402908169e-07, 1.96376106487e-07, 3.96877197772e-07, 6.89276333787e-08, 4.0822268943e-07, 2.32534873135e-07, 2.79261684e-07, 2.70395332791e-07, 5.70769884689e-07, 3.16760235819e-07, 7.12111258849e-08, 1.13101548119e-14],
        "max": [0.000311952870106, 0.0281054712832, 0.0334309488535, 0.0377438701689, 0.0322421267629, 0.0311769992113, 0.0590128563344, 0.0525941774249, 0.0504931099713, 0.048107162118, 0.0135516179726, 0.0238886773586, 0.0234099980444, 0.025504052639, 0.014805755578, 0.00605497183278, 0.00311494222842, 0.004300205037, 0.00143779395148, 0.00368298846297, 0.00419688969851, 0.00438815774396, 0.00279431673698, 0.00610500015318, 0.00315136671998, 0.00177453632932, 3.3800415622e-06],
        "mean": [1.97399640456e-05, 0.00317698111758, 0.00233802804723, 0.00159446010366, 0.00158475572243, 0.0017639384605, 0.0021808417514, 0.000924399821088, 0.00300474371761, 0.00247512548231, 0.000856202212162, 0.00135084288195, 0.00126854679547, 0.00153590890113, 0.000990166328847, 0.000235900064581, 0.000301200925605, 0.00034456155845, 0.000191033643205, 0.000444590026746, 0.000319265556755, 0.000433165172581, 0.000179980343091, 0.000245493545663, 0.000152222433826, 7.49794999138e-05, 6.08706640648e-09],
        "median": [7.33215892978e-06, 0.000355411670171, 0.000330007227603, 0.00024549025693, 0.000564415473491, 0.000622794381343, 0.000876275706105, 0.00033375658677, 0.000881708518136, 0.000877244456206, 0.000320670427755, 0.000604407745413, 0.00036294083111, 0.000446240243036, 0.000250222044997, 8.76940102899e-05, 0.000145474012243, 0.000198748966795, 9.76507726591e-05, 0.000205122269108, 0.000100774217572, 0.000144423669553, 6.26664987067e-05, 8.25835595606e-05, 2.80539261439e-05, 9.93762751023e-06, 3.97112176476e-10],
        "min": [7.61779972436e-09, 1.8242326405e-07, 1.67649773175e-07, 2.14161417489e-07, 2.81425900539e-06, 3.57216435987e-06, 1.00100496638e-05, 1.17901163321e-06, 5.87060094404e-06, 3.62715218216e-06, 1.56147882535e-06, 5.857089036e-06, 2.97158703688e-06, 4.77462708659e-06, 1.31050785512e-06, 6.04075182764e-07, 1.03448758182e-06, 1.33280752834e-06, 7.92230366642e-07, 4.97729729432e-07, 6.20127877937e-07, 2.83817399804e-07, 9.67034026189e-08, 1.09757316125e-07, 1.21688803478e-09, 8.89441385127e-12, 1.0365147976e-11],
        "var": [1.09115672053e-09, 2.1009151169e-05, 1.52091070049e-05, 1.65509773069e-05, 8.8388005679e-06, 1.37376082421e-05, 1.51155481944e-05, 5.2953996601e-06, 3.13204945996e-05, 1.92722800421e-05, 1.89093043446e-06, 4.75461501992e-06, 5.99025906922e-06, 6.80712946632e-06, 3.22360597238e-06, 2.27117780582e-07, 1.62675348747e-07, 1.90686677115e-07, 5.63754234406e-08, 3.36479416774e-07, 2.40334316004e-07, 3.68116928939e-07, 1.01249185036e-07, 2.21599776751e-07, 1.19140942445e-07, 3.13740535773e-08, 9.90582585441e-15]
    },
    "erbbands": {
        "dmean": [0.0248979832977, 0.433419018984, 1.40459680557, 2.36330962181, 5.65987825394, 3.79931879044, 7.2222442627, 13.8063726425, 22.9245567322, 19.5933971405, 20.7461013794, 50.8164291382, 67.10887146, 23.8728847504, 24.2494087219, 39.4361419678, 34.9465065002, 56.4758796692, 32.8538360596, 23.0194721222, 8.10750007629, 10.2680120468, 11.9554862976, 8.96819210052, 6.4449634552, 12.9423112869, 10.3996896744, 8.36407852173, 9.48834609985, 6.94796323776, 4.65104961395, 4.14371204376, 4.11618471146, 2.07369160652, 1.11063873768, 0.476552248001, 0.113159708679, 0.00877685844898, 0.000179489783477, 2.39733126364e-05],
        "dmean2": [0.0400562137365, 0.66706430912, 2.10358834267, 3.74251079559, 9.50913333893, 6.51602268219, 11.8691606522, 21.3160018921, 34.2789459229, 32.9024047852, 34.0716934204, 80.4956359863, 97.7522125244, 34.9693069458, 38.9385910034, 63.7245941162, 53.1083030701, 84.645652771, 46.6354637146, 32.7993545532, 11.628911972, 15.6052703857, 19.3187236786, 14.2742376328, 10.2059173584, 19.9642677307, 15.3860034943, 12.6874465942, 13.6863002777, 11.3511228561, 7.73386526108, 6.89605617523, 7.05908536911, 3.58937692642, 1.92786467075, 0.828732967377, 0.181785672903, 0.0139252543449, 0.000284150475636, 3.48474750353e-05],
        "dvar": [0.00367155321874, 0.841673016548, 10.1766433716, 32.7993278503, 308.675537109, 55.462020874, 326.107910156, 1220.18444824, 2295.59472656, 1774.50817871, 4200.58300781, 13697.2705078, 14795.7480469, 1600.36865234, 1950.45507812, 5607.27978516, 3838.95092773, 9857.39746094, 3052.83837891, 2507.61669922, 250.107559204, 233.697677612, 368.26171875, 192.467163086, 72.242767334, 393.692596436, 281.917022705, 186.757614136, 234.980560303, 120.210220337, 71.265007019, 58.7030334473, 85.2951660156, 21.9813232422, 5.68861246109, 1.16959047318, 0.0597649849951, 0.000450817606179, 1.48750842754e-07, 9.03106756045e-10],
        "dvar2": [0.00874991435558, 1.92978036404, 21.8744716644, 80.8999862671, 816.292602539, 145.970535278, 823.902587891, 2951.12866211, 5329.71044922, 4912.44238281, 10871.9736328, 32279.7714844, 30006.96875, 3695.86914062, 4932.65478516, 13589.6826172, 8798.67382812, 22530.3554688, 5985.23242188, 5046.90917969, 449.156188965, 530.004455566, 948.486755371, 488.247619629, 171.797607422, 947.044067383, 572.352294922, 415.434936523, 447.526977539, 296.25994873, 183.07484436, 155.229095459, 228.734939575, 59.180355072, 15.1653404236, 3.21649098396, 0.128687024117, 0.000878342543729, 3.06815195472e-07, 2.14748330229e-09],
        "max": [0.547161519527, 7.38854074478, 31.7212276459, 60.469165802, 208.643249512, 63.8588371277, 168.258377075, 305.351409912, 763.491394043, 460.504669189, 1405.09997559, 1453.31164551, 1647.25085449, 491.703338623, 484.226013184, 872.088134766, 730.444274902, 1423.57958984, 733.50189209, 924.315612793, 413.500732422, 191.024536133, 233.08303833, 137.451660156, 91.3873825073, 197.501647949, 237.719238281, 248.472305298, 195.834869385, 81.8439865112, 88.3933639526, 79.9959106445, 130.609146118, 53.255657196, 22.0195217133, 12.0221452713, 3.18954634666, 0.284319072962, 0.00498201185837, 0.000238313456066],
        "mean": [0.043825648725, 0.888242781162, 3.03133964539, 3.370262146, 6.57998895645, 3.96212887764, 8.90247249603, 17.1257152557, 31.9626235962, 22.8934593201, 25.8841686249, 71.2137145996, 102.767875671, 38.2840309143, 36.0504188538, 57.2657814026, 54.2898368835, 87.4543151855, 55.5690498352, 40.8364715576, 14.1990213394, 16.869348526, 18.3583183289, 12.9640073776, 10.5704555511, 20.2093505859, 17.7901687622, 12.1766805649, 16.5999526978, 9.31818962097, 5.06465387344, 4.6238193512, 4.31161165237, 1.95946419239, 0.985979020596, 0.426236629486, 0.123186230659, 0.00961663201451, 0.000207973149372, 4.66244819108e-05],
        "median": [0.00503297802061, 0.113446861506, 0.481033682823, 1.06255018711, 1.2463862896, 1.55650639534, 2.39671468735, 6.48006820679, 12.2467670441, 10.3936290741, 8.44291687012, 23.301448822, 42.7885894775, 17.1429901123, 17.3112716675, 26.2274780273, 24.1809177399, 35.4788131714, 23.6898326874, 11.5503425598, 5.75084781647, 8.97604465485, 11.0056276321, 6.35360765457, 6.99059152603, 10.0175704956, 5.43955278397, 4.54168510437, 5.22357177734, 3.852039814, 1.79169416428, 1.74105024338, 1.23145258427, 0.457708865404, 0.143545001745, 0.0617396049201, 0.0142346248031, 0.000778033165261, 3.80144629162e-05, 3.69100052922e-05],
        "min": [8.0263680502e-06, 6.30297436146e-05, 0.000618573219981, 0.00222529657185, 0.0146909747273, 0.0203272458166, 0.0232709329575, 0.121926508844, 0.182957306504, 0.167607441545, 0.182563364506, 0.286882549524, 0.221458405256, 0.219099849463, 0.193530872464, 0.264994382858, 0.263698458672, 0.302267104387, 0.29292806983, 0.174748361111, 0.0500249527395, 0.069319434464, 0.114850431681, 0.0716978535056, 0.0403663776815, 0.0242926999927, 0.0212170239538, 0.0186034496874, 0.011006125249, 0.00524379266426, 0.0033928132616, 0.00314934225753, 0.000794742605649, 7.16220674803e-05, 7.55007977205e-06, 4.32329807154e-06, 1.45181422795e-06, 3.07059593752e-07, 3.96757883436e-07, 6.9736330488e-07],
        "var": [0.00653038546443, 1.57043540478, 23.3675556183, 42.6657447815, 317.614562988, 48.634098053, 345.525482178, 1290.67126465, 3074.765625, 1448.25354004, 4484.40966797, 19577.5625, 29541.015625, 3096.55834961, 2682.51708984, 8374.52148438, 7279.58007812, 17901.5058594, 7430.64111328, 7444.88574219, 630.78302002, 439.223815918, 510.370697021, 266.713134766, 146.04258728, 683.737365723, 743.491516113, 349.841705322, 616.508666992, 162.450942993, 78.9415664673, 63.7366828918, 87.0552825928, 20.6022224426, 5.18977594376, 0.987359166145, 0.111146472394, 0.000938536773901, 2.95149078511e-07, 1.62123792169e-09]
    },
    "gfcc": {
        "mean": [10.1422777176, 76.8423156738, -140.258621216, 18.841506958, -77.5081558228, 22.0891284943, -38.2545852661, 5.47032165527, -25.2715816498, 6.30431509018, -16.2999572754, -5.39747476578, -12.5643072128],
        "cov": [[4420.48583984, -1269.98669434, 594.138549805, 358.207702637, -0.96642178297, 444.258331299, 106.735137939, 257.061126709, -138.016464233, 250.735977173, -343.07409668, 111.963668823, -168.642227173], [-1269.98669434, 1669.33300781, 76.7814712524, 318.367523193, 438.514709473, 30.0423583984, 266.894622803, -73.120803833, 157.830627441, -229.247436523, 282.781890869, -115.491012573, 87.7088088989], [594.138549805, 76.7814712524, 925.006469727, 293.397949219, 170.618301392, 266.178192139, 80.1647186279, 141.392578125, -34.0993843079, 116.133964539, -48.6716651917, 24.9268054962, -93.3434448242], [358.207702637, 318.367523193, 293.397949219, 480.903503418, 207.568405151, 200.916687012, 113.58870697, 37.1124000549, 96.545425415, -3.5522146225, 14.4505672455, -51.9040985107, 26.3141231537], [-0.96642178297, 438.514709473, 170.618301392, 207.568405151, 391.415649414, 121.096244812, 115.512695312, 75.9387893677, 38.809425354, -46.9248542786, 27.618516922, -28.1311645508, -16.6185932159], [444.258331299, 30.0423583984, 266.178192139, 200.916687012, 121.096244812, 295.05859375, 154.867462158, 75.4235305786, 3.77152299881, 34.6067085266, 1.30482745171, -30.2637996674, -32.7638816833], [106.735137939, 266.894622803, 80.1647186279, 113.58870697, 115.512695312, 154.867462158, 268.917816162, 40.3691482544, 31.7516746521, 1.04197430611, 41.676322937, -25.1415500641, -23.0538368225], [257.061126709, -73.120803833, 141.392578125, 37.1124000549, 75.9387893677, 75.4235305786, 40.3691482544, 174.087890625, 0.630264759064, 16.149810791, 4.1798286438, 20.9919300079, -47.3148002625], [-138.016464233, 157.830627441, -34.0993843079, 96.545425415, 38.809425354, 3.77152299881, 31.7516746521, 0.630264759064, 159.32623291, 27.0332355499, 6.21520757675, -25.0267219543, 61.5926780701], [250.735977173, -229.247436523, 116.133964539, -3.5522146225, -46.9248542786, 34.6067085266, 1.04197430611, 16.149810791, 27.0332355499, 146.840835571, -41.0616455078, 33.3675346375, -1.6136868], [-343.07409668, 282.781890869, -48.6716651917, 14.4505672455, 27.618516922, 1.30482745171, 41.676322937, 4.1798286438, 6.21520757675, -41.0616455078, 205.775543213, 34.9559593201, 19.0061016083], [111.963668823, -115.491012573, 24.9268054962, -51.9040985107, -28.1311645508, -30.2637996674, -25.1415500641, 20.9919300079, -25.0267219543, 33.3675346375, 34.9559593201, 119.450813293, 13.3317956924], [-168.642227173, 87.7088088989, -93.3434448242, 26.3141231537, -16.6185932159, -32.7638816833, -23.0538368225, -47.3148002625, 61.5926780701, -1.6136868, 19.0061016083, 13.3317956924, 135.929946899]],
        "icov": [[0.000483320036437, 0.000351642578607, 5.08398661623e-05, -0.00058705417905, -1.24821990539e-05, -0.000239045082708, -0.000288226729026, -0.000202104827622, 0.000340990518453, -5.16059517395e-05, 0.000497845001519, -0.000546390772797, 0.000171773179318], [0.000351642578607, 0.00389779289253, -0.00183985941112, -0.000164150624187, -0.00277578900568, 0.00267256167717, -0.00319994310848, 0.00254274252802, -0.00230723735876, 0.00404833257198, -0.00362714077346, 0.00224497402087, -0.0012827651808], [5.08398661623e-05, -0.00183985941112, 0.00318065634929, -0.00142162153497, 0.00104549014941, -0.00237515801564, 0.00200112885796, -0.00205909507349, 0.00241973577067, -0.00371739617549, 0.00235295970924, -0.00200385693461, 0.00161457189824], [-0.00058705417905, -0.000164150624187, -0.00142162153497, 0.00551179517061, -0.00129451975226, -0.0017832533922, 0.000451979401987, 0.00139621773269, -0.00333216763102, 0.00183248100802, -0.00107860635035, 0.00140993250534, -0.00114693050273], [-1.24821990539e-05, -0.00277578900568, 0.00104549014941, -0.00129451975226, 0.00618937425315, -0.00216133636422, 0.00134258624166, -0.00315105798654, 0.00128871423658, -0.00122631993145, 0.00306674605235, -0.00213555200025, 0.00129290518817], [-0.000239045082708, 0.00267256167717, -0.00237515801564, -0.0017832533922, -0.00216133636422, 0.0107717299834, -0.0056800628081, 0.000244026683504, 0.000614773016423, 0.00102068670094, -0.00354925123975, 0.00462463777512, -0.00207689753734], [-0.000288226729026, -0.00319994310848, 0.00200112885796, 0.000451979401987, 0.00134258624166, -0.0056800628081, 0.00888462923467, -0.0016923986841, 0.000388903223211, -0.0032961317338, 0.00186528754421, -0.0018128012307, 0.00240828935057], [-0.000202104827622, 0.00254274252802, -0.00205909507349, 0.00139621773269, -0.00315105798654, 0.000244026683504, -0.0016923986841, 0.0104530956596, -0.00426031136885, 0.0038278400898, -0.00306847714819, -0.000465164717752, 0.00189990189392], [0.000340990518453, -0.00230723735876, 0.00241973577067, -0.00333216763102, 0.00128871423658, 0.000614773016423, 0.000388903223211, -0.00426031136885, 0.0139241572469, -0.00770100671798, 0.00250726402737, 0.00154501211364, -0.00379559746943], [-5.16059517395e-05, 0.00404833257198, -0.00371739617549, 0.00183248100802, -0.00122631993145, 0.00102068670094, -0.0032961317338, 0.0038278400898, -0.00770100671798, 0.0162862259895, -0.00214546034113, -0.00133012991864, -0.000600962201133], [0.000497845001519, -0.00362714077346, 0.00235295970924, -0.00107860635035, 0.00306674605235, -0.00354925123975, 0.00186528754421, -0.00306847714819, 0.00250726402737, -0.00214546034113, 0.011058235541, -0.00645453017205, 0.00147566141095], [-0.000546390772797, 0.00224497402087, -0.00200385693461, 0.00140993250534, -0.00213555200025, 0.00462463777512, -0.0018128012307, -0.000465164717752, 0.00154501211364, -0.00133012991864, -0.00645453017205, 0.0155662698671, -0.00473129935563], [0.000171773179318, -0.0012827651808, 0.00161457189824, -0.00114693050273, 0.00129290518817, -0.00207689753734, 0.00240828935057, 0.00189990189392, -0.00379559746943, -0.000600962201133, 0.00147566141095, -0.00473129935563, 0.0124259768054]]
    },
    "melbands": {
        "dmean": [0.000335923774401, 0.0006773697678, 0.000541846966371, 0.000335767748766, 0.000236951527768, 0.00030151125975, 0.000337891571689, 0.000195845437702, 0.000176833404112, 0.000345640582964, 0.000331673363689, 9.83984136838e-05, 8.05526069598e-05, 9.20871898415e-05, 8.86450216058e-05, 0.000102396537841, 0.000113958500151, 5.85492416576e-05, 4.18407435063e-05, 2.00420672627e-05, 9.38668381423e-06, 1.12775396701e-05, 1.25514916363e-05, 9.72887301032e-06, 7.52265987103e-06, 4.72378724226e-06, 5.62414061278e-06, 9.95721165964e-06, 7.72932980908e-06, 5.02328612129e-06, 5.05959496877e-06, 5.61801061849e-06, 5.22734308106e-06, 3.49171614289e-06, 2.5283566174e-06, 2.8404956538e-06, 2.51035612564e-06, 3.10343102683e-06, 2.44015382123e-06, 1.58658531291e-06],
        "dmean2": [0.00053528038552, 0.0010007590754, 0.00087165372679, 0.000572498189285, 0.00038897030754, 0.000465141318273, 0.000510415236931, 0.000335768650984, 0.000290211668471, 0.000539130414836, 0.000484449061332, 0.000145442521898, 0.000129495107103, 0.000146838676301, 0.000141435899423, 0.000154250737978, 0.000173803709913, 8.41501314426e-05, 5.84792724112e-05, 3.03552405967e-05, 1.40257925523e-05, 1.72356103576e-05, 1.99266360141e-05, 1.57272934302e-05, 1.21296197904e-05, 7.65818003856e-06, 8.89126840775e-06, 1.54825029313e-05, 1.16916526167e-05, 7.7857848737e-06, 7.81809558248e-06, 8.1013822637e-06, 7.77818877395e-06, 5.89924684391e-06, 4.18053332396e-06, 4.853005521e-06, 4.16597367803e-06, 5.32158674105e-06, 4.1818743739e-06, 2.76736523119e-06],
        "dvar": [5.64606466469e-07, 2.12788586396e-06, 2.10752136809e-06, 6.82020584009e-07, 3.46794820416e-07, 5.37194807748e-07, 5.28366342678e-07, 1.82135593718e-07, 2.87219478423e-07, 6.09168466781e-07, 3.71408049205e-07, 3.01244647005e-08, 2.24578649011e-08, 2.85358616736e-08, 4.34239773028e-08, 4.45172325669e-08, 4.50841710631e-08, 1.14524887351e-08, 6.42931441419e-09, 2.11524864291e-09, 3.62751828575e-10, 3.37803729433e-10, 3.39555938922e-10, 2.63898070063e-10, 1.41752554139e-10, 5.11588132968e-11, 6.52750076213e-11, 2.58108923124e-10, 1.7035763078e-10, 5.70532336652e-11, 8.60301205274e-11, 8.60230636723e-11, 6.23130991251e-11, 3.68372901627e-11, 1.85166361411e-11, 3.84805971809e-11, 2.00255437233e-11, 4.70321663559e-11, 3.44161747712e-11, 1.32954055751e-11],
        "dvar2": [1.32190484692e-06, 4.63945480078e-06, 5.17721855431e-06, 1.81814618827e-06, 8.73223314102e-07, 1.29012880734e-06, 1.26777183596e-06, 5.06603839767e-07, 7.14553323178e-07, 1.41028601774e-06, 7.47444289573e-07, 6.80885605675e-08, 5.68689699776e-08, 6.70749713549e-08, 1.09118083458e-07, 9.83233690022e-08, 1.01458759616e-07, 2.38758346427e-08, 1.20064864717e-08, 4.68619498761e-09, 7.0943223518e-10, 7.96436416817e-10, 8.57823312383e-10, 6.78504086249e-10, 3.58817725532e-10, 1.26752441876e-10, 1.52594201164e-10, 6.3491134572e-10, 3.63744506737e-10, 1.24648458222e-10, 1.92061783144e-10, 1.62112767654e-10, 1.3444563518e-10, 9.60881652023e-11, 4.67480151811e-11, 1.02407811398e-10, 5.29990079601e-11, 1.28206861794e-10, 9.27276311291e-11, 3.60019757062e-11],
        "max": [0.00617876881734, 0.011805890128, 0.0157358646393, 0.00896579492837, 0.0053448388353, 0.00642767408863, 0.0121558532119, 0.00438221497461, 0.0109809050336, 0.00980714615434, 0.00838412903249, 0.00210307491943, 0.00196362473071, 0.00263501750305, 0.00345409568399, 0.00266206730157, 0.00321202608757, 0.00157365982886, 0.000991570530459, 0.000755953020416, 0.000470068247523, 0.00022937032918, 0.00020126189338, 0.000217499749851, 0.000116775117931, 8.14266968518e-05, 7.68705067458e-05, 0.000138717776281, 0.000153156099259, 9.84808575595e-05, 0.000205035787076, 0.000127119099488, 9.58544769674e-05, 4.92600229336e-05, 4.13191046391e-05, 6.38633428025e-05, 4.46595477115e-05, 9.34735071496e-05, 6.5828426159e-05, 3.96192081098e-05],
        "mean": [0.000649000052363, 0.00147592963185, 0.000757393427193, 0.00036792064202, 0.000288806913886, 0.000381914229365, 0.000466098688776, 0.000221371898078, 0.000220168280066, 0.000485982542159, 0.00050441804342, 0.000146731981658, 0.000112956091471, 0.00013731502986, 0.000119173710118, 0.000146579754073, 0.000169972219737, 9.14315605769e-05, 7.00615055393e-05, 3.1405583286e-05, 1.45569028973e-05, 1.73565949808e-05, 1.85651751963e-05, 1.40441070471e-05, 1.0145282431e-05, 6.85005988998e-06, 8.97605696082e-06, 1.48140288729e-05, 1.32084514917e-05, 6.77132175042e-06, 7.02803254171e-06, 9.45877854974e-06, 8.26891755423e-06, 3.8826610762e-06, 2.67919904218e-06, 2.95309337162e-06, 2.76593323179e-06, 3.15769898407e-06, 2.40367671722e-06, 1.40658676173e-06],
        "median": [6.85981285642e-05, 0.000255520571955, 0.000198800713406, 0.000102910402347, 7.92193823145e-05, 0.000154452820425, 0.000186132951058, 9.71490153461e-05, 5.52372257516e-05, 0.000160413619597, 0.000202485214686, 5.2444767789e-05, 4.64600634587e-05, 6.30608847132e-05, 4.50717707281e-05, 3.36791672453e-05, 5.52045712539e-05, 2.72751713055e-05, 1.65925757756e-05, 8.5309447968e-06, 5.43836767974e-06, 7.90711783338e-06, 1.08193407868e-05, 7.26554935682e-06, 4.27138002124e-06, 3.17321905641e-06, 5.33655247636e-06, 5.93590038989e-06, 3.38400514011e-06, 2.1340629246e-06, 2.24673749472e-06, 3.04599575429e-06, 2.43800104727e-06, 1.5917496512e-06, 8.76349588452e-07, 9.05460979084e-07, 1.05201797851e-06, 8.95021344149e-07, 5.49725484689e-07, 2.87488035156e-07],
        "min": [8.87472708655e-08, 1.45427165421e-07, 5.83623602779e-07, 1.54508359174e-06, 8.21367507342e-07, 2.250380021e-06, 2.27631880989e-06, 8.07774654277e-07, 6.09784535754e-07, 1.13637509003e-06, 9.40247730341e-07, 7.83679524829e-07, 2.75317717069e-07, 6.80439370626e-07, 7.18490355212e-07, 3.51219711092e-07, 4.7656791935e-07, 2.00650376314e-07, 1.05050894206e-07, 8.34946050077e-08, 3.77525459783e-08, 5.4881553524e-08, 9.39839424063e-08, 5.08348918515e-08, 3.25380682398e-08, 4.65305260988e-09, 1.52490304828e-08, 1.2887783285e-08, 9.40276745354e-09, 7.0070993452e-09, 5.57970869508e-09, 5.18715115305e-09, 4.76463979382e-09, 1.4689023331e-09, 6.90463741737e-10, 1.44683542924e-09, 6.05580530166e-10, 3.84214049465e-10, 3.82342334876e-12, 1.14951884816e-12],
