{
"highlevel": {
    "danceability": {
        "all": {
            "danceable": 0.939079105854,
            "not_danceable": 0.0609208829701
        },
        "probability": 0.939079105854,
        "value": "danceable"
    },
    "gender": {
        "all": {
            "female": 0.0598183833063,
            "male": 0.940181612968
        },
        "probability": 0.940181612968,
        "value": "male"
    },
    "genre_dortmund": {
        "all": {
            "alternative": 0.229770570993,
            "blues": 0.0145374685526,
            "electronic": 0.0130727579817,
            "folkcountry": 0.197496816516,
            "funksoulrnb": 0.0107614006847,
            "jazz": 0.0073899156414,
            "pop": 0.177477777004,
            "raphiphop": 0.0169926919043,
            "rock": 0.332500606775
        },
        "probability": 0.332500606775,
        "value": "rock"
    },
    "genre_electronic": {
        "all": {
            "ambient": 0.411998152733,
            "dnb": 0.205627933145,
            "house": 0.130733415484,
            "techno": 0.034231428057,
            "trance": 0.217409074306
        },
        "probability": 0.411998152733,
        "value": "ambient"
    },
    "genre_rosamerica": {
        "all": {
            "cla": 0.00039185071364,
            "dan": 0.00498600257561,
            "hip": 0.00350202992558,
            "jaz": 0.000553043442778,
            "pop": 0.610532879829,
            "rhy": 0.339994162321,
            "roc": 0.0391040369868,
            "spe": 0.000936026044656
        },
        "probability": 0.610532879829,
        "value": "pop"
    },
    "genre_tzanetakis": {
        "all": {
            "blu": 0.063259229064,
            "cla": 0.0351214334369,
            "cou": 0.0790196210146,
            "dis": 0.0526951625943,
            "hip": 0.158124744892,
            "jaz": 0.316520601511,
            "met": 0.0632875487208,
            "pop": 0.063269995153,
            "reg": 0.0632629841566,
            "roc": 0.105438686907
        },
        "probability": 0.316520601511,
        "value": "jaz"
    },
    "ismir04_rhythm": {
        "all": {
            "ChaChaCha": 0.0537546873093,
            "Jive": 0.0913597345352,
            "Quickstep": 0.0169994421303,
            "Rumba-American": 0.0111647844315,
            "Rumba-International": 0.401324301958,
            "Rumba-Misc": 0.0219984594733,
            "Samba": 0.0526391975582,
            "Tango": 0.00427328562364,
            "VienneseWaltz": 0.312861979008,
            "Waltz": 0.0336241312325
        },
        "probability": 0.401324301958,
        "value": "Rumba-International"
    },
    "mood_acoustic": {
        "all": {
            "acoustic": 0.717585802078,
            "not_acoustic": 0.282414197922
        },
        "probability": 0.717585802078,
        "value": "acoustic"
    },
    "mood_aggressive": {
        "all": {
            "aggressive": 7.29577914171e-06,
            "not_aggressive": 0.999992728233
        },
        "probability": 0.999992728233,
        "value": "not_aggressive"
    },
    "mood_electronic": {
        "all": {
            "electronic": 0.0929810255766,
            "not_electronic": 0.907018959522
        },
        "probability": 0.907018959522,
        "value": "not_electronic"
    },
    "mood_happy": {
        "all": {
            "happy": 0.771324038506,
            "not_happy": 0.228675961494
        },
        "probability": 0.771324038506,
        "value": "happy"
    },
    "mood_party": {
        "all": {
            "not_party": 0.916551828384,
            "party": 0.0834481939673
        },
        "probability": 0.916551828384,
        "value": "not_party"
    },
    "mood_relaxed": {
        "all": {
            "not_relaxed": 0.209891006351,
            "relaxed": 0.790108978748
        },
        "probability": 0.790108978748,
        "value": "relaxed"
    },
    "mood_sad": {
        "all": {
            "not_sad": 0.176438853145,
            "sad": 0.823561131954
        },
        "probability": 0.823561131954,
        "value": "sad"
    },
    "moods_mirex": {
        "all": {
            "Cluster1": 0.0759682357311,
            "Cluster2": 0.276299208403,
            "Cluster3": 0.446794241667,
            "Cluster4": 0.187957540154,
            "Cluster5": 0.0129807731137
        },
        "probability": 0.446794241667,
        "value": "Cluster3"
    },
    "timbre": {
        "all": {
            "bright": 0.96302062273,
            "dark": 0.0369793884456
        },
        "probability": 0.96302062273,
        "value": "bright"
    },
    "tonal_atonal": {
        "all": {
            "atonal": 0.00367242796347,
            "tonal": 0.996327579021
        },
        "probability": 0.996327579021,
        "value": "tonal"
    },
    "voice_instrumental": {
        "all": {
            "instrumental": 0.0014774883166,
            "voice": 0.998522520065
        },
        "probability": 0.998522520065,
        "value": "voice"
    }
},
"lowlevel": {
    "average_loudness": 0.963194966316,
    "barkbands_crest": {
        "dmean": 2.03863477707,
        "dmean2": 3.33130168915,
        "dvar": 4.66741514206,
        "dvar2": 11.7395763397,
        "max": 23.1879749298,
        "mean": 10.7095813751,
        "median": 10.0669517517,
        "min": 4.16305923462,
        "var": 13.3309259415
    },
    "barkbands_flatness_db": {
        "dmean": 0.016968248412,
        "dmean2": 0.026440648362,
        "dvar": 0.000279757194221,
        "dvar2": 0.000659794488456,
        "max": 0.37566396594,
        "mean": 0.157739371061,
        "median": 0.152628153563,
        "min": 0.0545495040715,
        "var": 0.00175713223871
    },
    "barkbands_kurtosis": {
        "dmean": 2.54063344002,
        "dmean2": 3.92654109001,
        "dvar": 14.3837995529,
        "dvar2": 33.6704025269,
        "max": 110.544059753,
        "mean": 6.23632287979,
        "median": 4.50732278824,
        "min": -1.91270363331,
        "var": 64.1667633057
    },
    "barkbands_skewness": {
        "dmean": 0.420313417912,
        "dmean2": 0.624795854092,
        "dvar": 0.228831410408,
        "dvar2": 0.468400150537,
        "max": 7.39280366898,
        "mean": 1.93899810314,
        "median": 1.90490412712,
        "min": -0.911951601505,
        "var": 1.06991446018
    },
    "barkbands_spread": {
        "dmean": 5.54987382889,
        "dmean2": 8.2415599823,
        "dvar": 112.98727417,
        "dvar2": 193.937744141,
        "max": 110.468475342,
        "mean": 21.1465339661,
        "median": 15.2330303192,
        "min": 0.68322211504,
        "var": 409.999572754
    },
    "dissonance": {
        "dmean": 0.0211484655738,
        "dmean2": 0.0349087454379,
        "dvar": 0.000386206054827,
        "dvar2": 0.00101725338027,
        "max": 0.499678611755,
        "mean": 0.449098855257,
        "median": 0.455337673426,
        "min": 0.297854214907,
        "var": 0.00102116784547
    },
    "dynamic_complexity": 1.70893740654,
    "erbbands_crest": {
        "dmean": 2.33316159248,
        "dmean2": 3.74292683601,
        "dvar": 5.96579790115,
        "dvar2": 13.4603614807,
        "max": 27.2257728577,
        "mean": 10.1618032455,
        "median": 9.1325044632,
        "min": 2.72477579117,
        "var": 24.1595668793
    },
    "erbbands_flatness_db": {
        "dmean": 0.0149851627648,
        "dmean2": 0.0215650722384,
        "dvar": 0.000263947120402,
        "dvar2": 0.000509045901708,
        "max": 0.335684269667,
        "mean": 0.14271196723,
        "median": 0.140208274126,
        "min": 0.047027811408,
        "var": 0.00197365833446
    },
    "erbbands_kurtosis": {
        "dmean": 0.97074252367,
        "dmean2": 1.46793437004,
        "dvar": 1.78634262085,
        "dvar2": 3.89052510262,
        "max": 24.082775116,
        "mean": 1.18152594566,
        "median": 0.287451028824,
        "min": -1.69107675552,
        "var": 6.82090091705
    },
    "erbbands_skewness": {
        "dmean": 0.330735355616,
        "dmean2": 0.487483739853,
        "dvar": 0.115857549012,
        "dvar2": 0.206518933177,
        "max": 4.50775671005,
        "mean": 0.70835518837,
        "median": 0.720427632332,
        "min": -2.87901306152,
        "var": 0.756128013134
    },
    "erbbands_spread": {
        "dmean": 8.36291027069,
        "dmean2": 12.4234380722,
        "dvar": 125.168334961,
        "dvar2": 268.825927734,
        "max": 128.264007568,
        "mean": 40.363899231,
        "median": 36.6925086975,
        "min": 5.57091617584,
        "var": 450.546447754
    },
    "hfc": {
        "dmean": 11.6772575378,
        "dmean2": 16.0470581055,
        "dvar": 637.89263916,
        "dvar2": 1230.18457031,
        "max": 311.871185303,
        "mean": 31.2848625183,
        "median": 20.0651130676,
        "min": 0.686181306839,
        "var": 1480.63012695
    },
    "melbands_crest": {
        "dmean": 2.52506422997,
        "dmean2": 4.04567909241,
        "dvar": 5.98381328583,
        "dvar2": 14.3110342026,
        "max": 30.5091876984,
        "mean": 14.1180849075,
        "median": 13.3648138046,
        "min": 5.15830659866,
        "var": 19.2767009735
    },
    "melbands_flatness_db": {
        "dmean": 0.0202177502215,
        "dmean2": 0.0298641454428,
        "dvar": 0.000498229463119,
        "dvar2": 0.00110522774048,
        "max": 0.472000509501,
        "mean": 0.220859915018,
        "median": 0.21943436563,
        "min": 0.0731164738536,
        "var": 0.0027404774446
    },
    "melbands_kurtosis": {
        "dmean": 5.82293510437,
        "dmean2": 8.9458990097,
        "dvar": 89.5385437012,
        "dvar2": 217.737976074,
        "max": 133.819061279,
        "mean": 14.7117738724,
        "median": 11.5886745453,
        "min": -0.813411474228,
        "var": 195.698272705
    },
    "melbands_skewness": {
        "dmean": 0.594360232353,
        "dmean2": 0.888710856438,
        "dvar": 0.507682681084,
        "dvar2": 1.11152029037,
        "max": 9.59968662262,
        "mean": 2.79952740669,
        "median": 2.65301942825,
        "min": -0.300806999207,
        "var": 1.86620354652
    },
    "melbands_spread": {
        "dmean": 5.02362632751,
        "dmean2": 7.41904973984,
        "dvar": 107.81237793,
        "dvar2": 199.659957886,
        "max": 167.697067261,
        "mean": 17.6811065674,
        "median": 13.1297960281,
        "min": 0.861732184887,
        "var": 281.965667725
    },
    "pitch_salience": {
        "dmean": 0.0594502091408,
        "dmean2": 0.0964558124542,
        "dvar": 0.00334445829503,
        "dvar2": 0.00880948640406,
        "max": 0.796914994717,
        "mean": 0.521391928196,
        "median": 0.520332157612,
        "min": 0.174577698112,
        "var": 0.00897064525634
    },
    "silence_rate_20dB": {
        "dmean": 0,
        "dmean2": 0,
        "dvar": 0,
        "dvar2": 0,
        "max": 1,
        "mean": 1,
        "median": 1,
        "min": 1,
        "var": 0
    },
    "silence_rate_30dB": {
        "dmean": 0.0170278642327,
        "dmean2": 0.0340821072459,
        "dvar": 0.0167378876358,
        "dvar2": 0.0437657944858,
        "max": 1,
        "mean": 0.987625658512,
        "median": 1,
        "min": 0,
        "var": 0.0122213950381
    },
    "silence_rate_60dB": {
        "dmean": 0.00154798757285,
        "dmean2": 0.00309837330133,
        "dvar": 0.00154558976647,
        "dvar2": 0.00463795289397,
        "max": 1,
        "mean": 0.00077339517884,
        "median": 0,
        "min": 0,
        "var": 0.000772796862293
    },
    "spectral_centroid": {
        "dmean": 200.445648193,
        "dmean2": 305.171966553,
        "dvar": 108518.6875,
        "dvar2": 185761.375,
        "max": 4557.70849609,
        "mean": 1038.1262207,
        "median": 874.880371094,
        "min": 231.46673584,
        "var": 441932.28125
    },
    "spectral_complexity": {
        "dmean": 3.2708978653,
        "dmean2": 5.09450054169,
        "dvar": 14.0644073486,
        "dvar2": 29.6161441803,
        "max": 50,
        "mean": 18.6813602448,
        "median": 18,
        "min": 3,
        "var": 49.6618537903
    },
    "spectral_decrease": {
        "dmean": 2.46733700138e-09,
        "dmean2": 3.7839331668e-09,
        "dvar": 1.28901928862e-17,
        "dvar2": 3.04256616934e-17,
        "max": -7.41122163639e-10,
        "mean": -1.01221555582e-08,
        "median": -9.62487956002e-09,
        "min": -4.84257114408e-08,
        "var": 2.79336609841e-17
    },
    "spectral_energy": {
        "dmean": 0.010001141578,
        "dmean2": 0.015291669406,
        "dvar": 0.000199731410248,
        "dvar2": 0.000465617777081,
        "max": 0.190738126636,
        "mean": 0.0410410165787,
        "median": 0.0397925414145,
        "min": 0.00285940198228,
        "var": 0.000446341582574
    },
    "spectral_energyband_high": {
        "dmean": 0.00107972347178,
        "dmean2": 0.00149278645404,
        "dvar": 9.19353351492e-06,
        "dvar2": 1.70650964719e-05,
        "max": 0.0392329767346,
        "mean": 0.00191290746443,
        "median": 0.000424058089266,
        "min": 9.37166873882e-07,
        "var": 2.13246275962e-05
    },
    "spectral_energyband_low": {
        "dmean": 0.0053995270282,
        "dmean2": 0.00871318951249,
        "dvar": 0.000173421663931,
        "dvar2": 0.00044218506082,
        "max": 0.162246763706,
        "mean": 0.0158486384898,
        "median": 0.0127521120012,
        "min": 0.00017108306929,
        "var": 0.000244689261308
    },
    "spectral_energyband_middle_high": {
        "dmean": 0.00141965877265,
        "dmean2": 0.00204544537701,
        "dvar": 6.03069611316e-06,
        "dvar2": 1.2644920389e-05,
        "max": 0.0385045818985,
        "mean": 0.00420269882306,
        "median": 0.00297372112982,
        "min": 2.71160297416e-05,
        "var": 1.85984354175e-05
    },
    "spectral_energyband_middle_low": {
        "dmean": 0.00579909188673,
        "dmean2": 0.00893718376756,
        "dvar": 4.47486308985e-05,
        "dvar2": 9.78848402156e-05,
        "max": 0.0656877532601,
        "mean": 0.0204394124448,
        "median": 0.0193956214935,
        "min": 0.00140527193435,
        "var": 0.000132286557346
    },
    "spectral_entropy": {
        "dmean": 0.166981562972,
        "dmean2": 0.236649915576,
        "dvar": 0.0351726934314,
        "dvar2": 0.0663040876389,
        "max": 8.72367095947,
        "mean": 7.45765590668,
        "median": 7.45855760574,
        "min": 5.11491966248,
        "var": 0.257523834705
    },
    "spectral_flux": {
        "dmean": 0.0271723922342,
        "dmean2": 0.0417494401336,
        "dvar": 0.000949041685089,
        "dvar2": 0.00203957525082,
        "max": 0.358603298664,
        "mean": 0.0863709673285,
        "median": 0.076309338212,
        "min": 0.0107557056472,
        "var": 0.00231148884632
    },
    "spectral_kurtosis": {
        "dmean": 1.46908318996,
        "dmean2": 2.37367558479,
        "dvar": 3.73646903038,
        "dvar2": 9.07196998596,
        "max": 33.233253479,
        "mean": 5.09579181671,
        "median": 4.39187240601,
        "min": -1.45397567749,
        "var": 15.7707834244
    },
    "spectral_rms": {
        "dmean": 0.000736325629987,
        "dmean2": 0.00111042684875,
        "dvar": 7.41723169995e-07,
        "dvar2": 1.62633500622e-06,
        "max": 0.0136413332075,
        "mean": 0.00612667761743,
        "median": 0.00623072963208,
        "min": 0.00167022761889,
        "var": 2.50380685429e-06
    },
    "spectral_rolloff": {
        "dmean": 487.18270874,
        "dmean2": 769.092712402,
        "dvar": 1762282.625,
        "dvar2": 3389966.75,
        "max": 11240.3320312,
        "mean": 1254.68566895,
        "median": 559.86328125,
        "min": 86.1328125,
        "var": 4032883.75
    },
    "spectral_skewness": {
        "dmean": 0.213620826602,
        "dmean2": 0.323555409908,
        "dvar": 0.0562613978982,
        "dvar2": 0.111887015402,
        "max": 4.30118989944,
        "mean": 1.78939676285,
        "median": 1.74691045284,
        "min": 0.0796627700329,
        "var": 0.392162322998
    },
    "spectral_spread": {
        "dmean": 660911.8125,
        "dmean2": 937241.6875,
        "dvar": 852571062272,
        "dvar2": 1.57046498918e+12,
        "max": 14836257,
        "mean": 5306230,
        "median": 4853885,
        "min": 1813799,
        "var": 3.4544770089e+12
    },
    "spectral_strongpeak": {
        "dmean": 0.409772455692,
        "dmean2": 0.693628966808,
        "dvar": 0.40191078186,
        "dvar2": 0.97072070837,
        "max": 6.28948116302,
        "mean": 0.933447599411,
        "median": 0.518154680729,
        "min": 0.05276080966,
        "var": 0.872065186501
    },
    "zerocrossingrate": {
        "dmean": 0.0122459577397,
        "dmean2": 0.0135519793257,
        "dvar": 0.000331317802193,
        "dvar2": 0.000329619622789,
        "max": 0.28466796875,
        "mean": 0.0553279668093,
        "median": 0.0419921875,
        "min": 0.00927734375,
        "var": 0.00190186244436
    },
    "barkbands": {
        "dmean": [0.000230190184084, 0.00410402566195, 0.00154966849368, 0.00151202001143, 0.00261694565415, 0.00165543449111, 0.00184451753739, 0.00117432710249, 0.000881893152837, 0.0003515855351, 0.000304468208924, 0.00021916021069, 0.000328602589434, 0.000330922717694, 0.000215904467041, 0.000183458658285, 0.000280195235973, 0.000102718811831, 9.45020728977e-05, 0.000129872074467, 0.000199722402613, 0.000178357673576, 0.000160845680512, 0.000293585908366, 0.000290149881039, 0.000105757462734, 5.32062216507e-08],
        "dmean2": [0.000368182780221, 0.00680223386735, 0.00265551311895, 0.00259044789709, 0.00427794922143, 0.00263734883629, 0.00278822588734, 0.00166116270702, 0.00120449555106, 0.000513673236128, 0.000470637227409, 0.000329622038407, 0.00050852453569, 0.000533732760232, 0.000328222144162, 0.000294260273222, 0.000453021202702, 0.000163585093105, 0.000153516870341, 0.000210077836527, 0.000325042725308, 0.000263571069809, 0.000227271084441, 0.000420783355366, 0.000416017428506, 0.00014996129903, 9.44119236124e-08],
        "dvar": [3.4771565538e-07, 0.000153412212967, 1.49258603415e-05, 4.96590109833e-06, 1.67255893757e-05, 9.40535483096e-06, 9.42082078836e-06, 4.9707737162e-06, 4.45535715698e-06, 6.48116099455e-07, 2.3970909524e-07, 1.5236985007e-07, 2.07240304917e-06, 8.07775450085e-07, 2.28250286227e-07, 1.95264362901e-07, 4.07140049674e-07, 4.90463065717e-08, 7.98283323888e-08, 1.16244954995e-07, 5.31290424988e-07, 3.10405084747e-07, 2.10332913753e-07, 8.80450272689e-07, 8.34082811707e-07, 6.65123920385e-08, 9.7635380412e-14],
        "dvar2": [7.96663755409e-07, 0.00040639960207, 4.27582599514e-05, 1.31987844725e-05, 4.14380047005e-05, 2.35611660173e-05, 2.01679631573e-05, 9.43769282458e-06, 8.3289878603e-06, 1.23398729102e-06, 5.04778824961e-07, 2.64378428483e-07, 5.18364595337e-06, 1.82699614015e-06, 4.78054062114e-07, 4.24190972126e-07, 1.00080683296e-06, 1.16675337836e-07, 2.12009723555e-07, 2.9336754892e-07, 1.27647501813e-06, 5.62061075016e-07, 3.56924431344e-07, 1.79587618732e-06, 1.75872639829e-06, 1.20185475794e-07, 2.66917049444e-13],
        "max": [0.00761439558119, 0.143895149231, 0.0384948030114, 0.0234001446515, 0.0450068712234, 0.0451283976436, 0.0281356833875, 0.0305666849017, 0.0376040935516, 0.0182943660766, 0.0092681357637, 0.00767894880846, 0.031294003129, 0.0152373705059, 0.0124574676156, 0.00845411326736, 0.00770544121042, 0.00468953046948, 0.00519003439695, 0.005391292274, 0.0133689213544, 0.0117668323219, 0.00623451080173, 0.0142453610897, 0.013065722771, 0.00428039394319, 5.09479923494e-06],
        "mean": [0.000338397570886, 0.0107844825834, 0.00343005754985, 0.00281586917117, 0.0049906373024, 0.00350548629649, 0.00428310828283, 0.00275214505382, 0.00193765677977, 0.000608618487604, 0.00059087050613, 0.00042527684127, 0.000484783900902, 0.000556091137696, 0.000421328411903, 0.00031676350045, 0.000438639108324, 0.000187007870409, 0.0001533117902, 0.000205697884667, 0.000262748420937, 0.000278950930806, 0.000269143172773, 0.000441262993263, 0.000406253588153, 0.000156405571033, 3.54402374114e-08],
        "median": [7.61717601563e-05, 0.00776942633092, 0.00170034344774, 0.00159408221953, 0.00344836083241, 0.00201819720678, 0.00181692501064, 0.000824695220217, 0.000703965080902, 0.000251373654464, 0.000292278506095, 0.000187487181392, 0.000145608471939, 0.000191873710719, 0.000168253303855, 0.000182157862582, 0.000209771096706, 0.000101797442767, 8.35756145534e-05, 9.30024252739e-05, 6.44877727609e-05, 6.53863316984e-05, 4.42565178673e-05, 6.11526993453e-05, 5.46143674001e-05, 2.41019388341e-05, 7.85203291276e-10],
        "min": [7.79590578759e-08, 1.03277454855e-06, 8.648412404e-06, 5.52577830604e-06, 0.000127764506033, 1.70609416728e-06, 1.7394491806e-05, 3.09755864691e-06, 7.66294851928e-06, 3.4719641917e-06, 9.61441287473e-07, 2.92033109872e-06, 2.89537365461e-06, 1.34068318403e-06, 8.05853744623e-07, 9.44180442275e-07, 4.76508859037e-07, 4.42114412635e-07, 4.98485064782e-07, 2.61275999947e-07, 3.24338515156e-07, 1.80374044589e-07, 5.86147308468e-08, 1.11854554063e-07, 6.54396359323e-08, 3.54876772413e-09, 1.12678590417e-11],
        "var": [5.30648549102e-07, 0.000202948300284, 2.04072239285e-05, 1.0581051356e-05, 2.75351303571e-05, 1.80737424671e-05, 2.73268888122e-05, 1.74138440343e-05, 1.40926576933e-05, 2.17417732529e-06, 7.81281585205e-07, 5.28625093921e-07, 2.22694006879e-06, 1.69356530932e-06, 5.75180536089e-07, 3.39305813668e-07, 5.22483333043e-07, 7.31596614401e-08, 7.26074347313e-08, 1.48436654968e-07, 6.70859037655e-07, 6.4745211148e-07, 5.50558070245e-07, 1.76323476353e-06, 1.39707356084e-06, 1.36494961112e-07, 6.49101676272e-14]
    },
    "erbbands": {
        "dmean": [0.118172816932, 0.959280490875, 1.7761708498, 3.27575826645, 7.98584604263, 9.11550331116, 8.94804763794, 15.2575311661, 21.9545059204, 30.4111423492, 22.8868236542, 16.5025405884, 15.2458333969, 8.78492069244, 10.5425214767, 8.0972700119, 13.8983440399, 15.9307136536, 11.6754989624, 11.0273160934, 10.2210121155, 15.7907390594, 6.18236398697, 3.58564996719, 5.57697582245, 6.08218193054, 7.6519575119, 7.54705953598, 6.49691772461, 5.65759563446, 4.49309682846, 4.71428728104, 5.76023006439, 4.1157875061, 1.70362484455, 0.541727423668, 0.204254075885, 0.0191993266344, 0.000347425841028, 2.83918907371e-05],
        "dmean2": [0.189138397574, 1.64081299305, 3.06776285172, 5.48639822006, 13.5372638702, 14.857375145, 14.0862064362, 23.4664649963, 33.7987976074, 43.8516693115, 31.7387619019, 21.693567276, 21.7035617828, 13.2918128967, 15.9610385895, 11.8918514252, 21.2785625458, 24.8086528778, 18.3836841583, 17.5728130341, 16.1813659668, 25.3021755219, 9.76228523254, 5.83915233612, 8.96243190765, 9.82851791382, 12.5713768005, 11.6709709167, 9.70402622223, 8.02609157562, 6.41662073135, 6.71626758575, 8.340259552, 5.90612125397, 2.52823925018, 0.769010126591, 0.294780671597, 0.0280467737466, 0.00049582979409, 3.94624948967e-05],
        "dvar": [0.119916245341, 8.96668338776, 21.482126236, 25.420841217, 136.686019897, 266.590362549, 353.131469727, 908.460021973, 1899.60192871, 4113.25390625, 1909.27941895, 1489.40222168, 2537.92456055, 414.032592773, 329.426574707, 214.215194702, 4410.16259766, 1935.66503906, 763.259033203, 583.867004395, 493.71270752, 1412.99035645, 163.080322266, 49.5916290283, 298.419219971, 281.474273682, 1007.22167969, 650.666320801, 448.984191895, 257.715423584, 170.868240356, 229.255096436, 359.894866943, 179.120178223, 29.2639560699, 2.15780973434, 0.310989320278, 0.00339905545115, 9.74421709543e-07, 3.30630389733e-09],
        "dvar2": [0.281490206718, 24.89960289, 61.7762527466, 67.0106811523, 364.340606689, 677.113647461, 828.594482422, 2178.42089844, 4402.54589844, 7718.47314453, 3496.91821289, 2299.61401367, 4997.390625, 1189.0715332, 683.574584961, 342.842498779, 10769.8701172, 4283.20605469, 1821.86657715, 1181.9864502, 1062.37670898, 3419.22460938, 360.419158936, 128.060546875, 784.742797852, 721.649230957, 2493.50366211, 1414.48388672, 834.506225586, 494.918701172, 297.032989502, 426.136322021, 793.586486816, 392.140167236, 60.8362083435, 3.68351054192, 0.634267866611, 0.00740906968713, 2.04288517125e-06, 6.53460885403e-09],
        "max": [4.57940101624, 34.3997879028, 47.9089546204, 56.3385353088, 105.81804657, 196.229156494, 332.226806641, 518.00579834, 488.961517334, 984.368286133, 852.197998047, 831.68170166, 1085.69909668, 456.643188477, 326.339294434, 298.32623291, 1460.34570312, 845.741638184, 450.246276855, 469.758972168, 443.705474854, 548.537536621, 248.223236084, 107.546287537, 373.522583008, 277.770965576, 740.430175781, 500.262817383, 476.193481445, 236.111831665, 176.154144287, 271.797180176, 262.652954102, 167.867279053, 107.600120544, 40.4164009094, 6.81314182281, 0.793350458145, 0.0132639501244, 0.000691170105711],
        "mean": [0.288166165352, 2.46001958847, 4.17104434967, 7.24699497223, 13.5782623291, 17.5610218048, 17.856967926, 33.1502151489, 47.6699943542, 75.4150543213, 60.8888435364, 37.0752220154, 29.7318382263, 18.4623985291, 22.108751297, 16.6950569153, 21.7764606476, 29.2482395172, 21.5562534332, 21.9000682831, 18.7395877838, 25.5728111267, 12.340845108, 6.80844736099, 9.38749694824, 9.75015258789, 10.0297574997, 10.4186458588, 9.89305973053, 9.1021270752, 7.46789741516, 7.33747005463, 8.0967798233, 5.67465162277, 2.33362364769, 0.811031639576, 0.285949766636, 0.0238738469779, 0.000480345217511, 7.5941781688e-05],
        "median": [0.229240342975, 1.51950669289, 3.03816246986, 4.51154518127, 9.05840778351, 10.6863327026, 9.87052345276, 19.0899181366, 25.2843952179, 25.5166568756, 23.0925540924, 15.3811607361, 11.802406311, 10.0212917328, 10.6845750809, 7.44626140594, 7.70754766464, 9.21773719788, 9.21175956726, 10.1369915009, 10.8499650955, 12.5230731964, 6.82976293564, 4.25032043457, 4.90041255951, 4.35802268982, 2.67968821526, 2.59634804726, 2.43474578857, 1.68313729763, 1.26010560989, 1.01378703117, 1.08798789978, 0.670623481274, 0.319806158543, 0.131304696202, 0.0388692654669, 0.00244377972558, 7.57948073442e-05, 5.44202594028e-05],
        "min": [0.000132097222377, 0.0017036270583, 0.0337269939482, 0.246000394225, 0.257552742958, 0.393947929144, 0.48690122366, 0.450604945421, 0.550605475903, 0.208831444383, 0.384998500347, 0.200043171644, 0.128623425961, 0.119182132185, 0.100388102233, 0.117355704308, 0.167981684208, 0.181765198708, 0.0716788545251, 0.0545970052481, 0.0583243221045, 0.032415561378, 0.0234051086009, 0.0242043025792, 0.0254086237401, 0.0156360976398, 0.017800912261, 0.00797591544688, 0.00596216507256, 0.00435347761959, 0.00276635307819, 0.00165549037047, 0.00166228681337, 0.000917745230254, 0.000355567928636, 5.17139778822e-05, 5.89925184613e-06, 6.1355865455e-07, 1.39088297146e-06, 3.1474626212e-06],
        "var": [0.180615648627, 10.8235874176, 22.9236431122, 55.6140136719, 201.208587646, 431.875579834, 655.116638184, 1796.60803223, 4011.61791992, 13522.453125, 7308.29931641, 5180.36914062, 6233.95996094, 981.902770996, 1048.40881348, 797.899719238, 4656.46191406, 5287.81103516, 1214.47558594, 1408.22937012, 845.773986816, 1939.59692383, 279.687072754, 66.3948287964, 287.47756958, 348.209747314, 1164.93847656, 971.004455566, 882.019897461, 592.725097656, 460.149353027, 550.047546387, 595.208984375, 284.610992432, 48.6085166931, 4.91419887543, 0.496907174587, 0.0045090354979, 1.42083661103e-06, 6.43367759068e-09]
    },
    "gfcc": {
        "mean": [31.8621006012, 93.5501098633, -95.5122833252, 28.1908016205, -62.6387023926, 14.1501731873, -48.9116439819, 15.214925766, -22.8281555176, 8.39579868317, -20.0377578735, 0.333424836397, -12.3162021637],
        "cov": [[2837.5625, -1192.76306152, 277.613037109, 331.905731201, 0.288351148367, 454.1925354, 183.924118042, 301.946960449, 67.8004455566, 325.161865234, 13.7497234344, 288.218078613, 52.4150543213], [-1192.76306152, 1160.97790527, -320.625335693, -277.304412842, 107.706497192, -234.888961792, 34.9468421936, -58.9953613281, 86.137336731, -130.324417114, 103.805641174, -128.557800293, 5.32350063324], [277.613037109, -320.625335693, 397.273498535, 85.3067092896, -24.8464279175, 88.6068267822, 9.23812961578, 52.8520050049, -46.4097251892, 67.3074188232, -6.10698366165, 96.322265625, 28.1605453491], [331.905731201, -277.304412842, 85.3067092896, 399.358734131, 64.8948364258, 113.293235779, 57.9612579346, 47.9345588684, 57.405380249, 58.0818557739, 48.892490387, 52.7132225037, 110.51134491], [0.288351148367, 107.706497192, -24.8464279175, 64.8948364258, 187.467788696, 20.3426856995, 63.1723327637, 43.764591217, 40.5554656982, 33.3737106323, 30.0212039948, 40.4060096741, 36.052822113], [454.1925354, -234.888961792, 88.6068267822, 113.293235779, 20.3426856995, 245.566055298, 145.947784424, 97.0981445312, 19.6092472076, 74.0037231445, 59.8626823425, 71.8274383545, 59.9854393005], [183.924118042, 34.9468421936, 9.23812961578, 57.9612579346, 63.1723327637, 145.947784424, 234.075149536, 92.1064682007, 13.8177366257, 52.0655822754, 87.7327728271, 63.4233512878, 60.4861183167], [301.946960449, -58.9953613281, 52.8520050049, 47.9345588684, 43.764591217, 97.0981445312, 92.1064682007, 139.829437256, 54.2342948914, 68.9624404907, 45.8266525269, 66.0582733154, 50.204750061], [67.8004455566, 86.137336731, -46.4097251892, 57.405380249, 40.5554656982, 19.6092472076, 13.8177366257, 54.2342948914, 134.993911743, 38.3817939758, 29.1770515442, 0.446781605482, 25.098657608], [325.161865234, -130.324417114, 67.3074188232, 58.0818557739, 33.3737106323, 74.0037231445, 52.0655822754, 68.9624404907, 38.3817939758, 119.025192261, 40.8401412964, 61.6963882446, 26.8836135864], [13.7497234344, 103.805641174, -6.10698366165, 48.892490387, 30.0212039948, 59.8626823425, 87.7327728271, 45.8266525269, 29.1770515442, 40.8401412964, 126.160629272, 45.5512695312, 59.9638328552], [288.218078613, -128.557800293, 96.322265625, 52.7132225037, 40.4060096741, 71.8274383545, 63.4233512878, 66.0582733154, 0.446781605482, 61.6963882446, 45.5512695312, 123.60723114, 52.3615837097], [52.4150543213, 5.32350063324, 28.1605453491, 110.51134491, 36.052822113, 59.9854393005, 60.4861183167, 50.204750061, 25.098657608, 26.8836135864, 59.9638328552, 52.3615837097, 116.702667236]],
        "icov": [[0.00107827840839, 0.000695577589795, 0.000595961173531, -0.000219880690565, 0.000352024362655, -0.000656779389828, 2.25841085921e-05, -0.00107023213059, -0.000223975657718, -0.00109577202238, 0.000502129958477, -0.00134029542096, 0.00086987199029], [0.000695577589795, 0.00529100559652, 7.17312141205e-05, 0.00387588236481, -0.00298550119624, 0.0040477104485, -0.00295494077727, 0.000556144805159, -0.00421689031646, 0.00321512226947, -0.00530020100996, 0.00357378157787, -0.00282114255242], [0.000595961173531, 7.17312141205e-05, 0.00446258904412, -0.00119483971503, 0.00132721324917, -0.00137240695767, 0.00130774488207, -0.0018598587485, 0.00219835387543, -0.00216462276876, 0.00167398725171, -0.00354684097692, 0.000958502991125], [-0.000219880690565, 0.00387588236481, -0.00119483971503, 0.00760243367404, -0.00373292388394, 0.00226628850214, -0.00211251573637, 0.00310428650118, -0.00486512808129, 0.0027151061222, -0.00424987962469, 0.00463455962017, -0.00671593425795], [0.000352024362655, -0.00298550119624, 0.00132721324917, -0.00373292388394, 0.00943133514374, -0.00145375716966, -0.00012775711366, -0.00160878396127, 0.00136746896897, -0.00360244512558, 0.00480766035616, -0.00567476591095, 0.00239626527764], [-0.000656779389828, 0.0040477104485, -0.00137240695767, 0.00226628850214, -0.00145375716966, 0.0134492516518, -0.00717482808977, -0.00052587169921, -0.00325899990276, 0.00263327732682, -0.00511718960479, 0.00455001741648, -0.00354138831608], [2.25841085921e-05, -0.00295494077727, 0.00130774488207, -0.00211251573637, -0.00012775711366, -0.00717482808977, 0.0118295652792, -0.00421630544588, 0.00504201464355, -0.0017670992529, -0.000544525508303, -0.0026340209879, 0.00200384366326], [-0.00107023213059, 0.000556144805159, -0.0018598587485, 0.00310428650118, -0.00160878396127, -0.00052587169921, -0.00421630544588, 0.018472770229, -0.00697473995388, -0.00109067535959, -0.000199829752091, -0.00103981292341, -0.00470930896699], [-0.000223975657718, -0.00421689031646, 0.00219835387543, -0.00486512808129, 0.00136746896897, -0.00325899990276, 0.00504201464355, -0.00697473995388, 0.0160334762186, -0.00607640156522, 0.00280225439928, -4.98628905916e-05, 0.00254348781891], [-0.00109577202238, 0.00321512226947, -0.00216462276876, 0.0027151061222, -0.00360244512558, 0.00263327732682, -0.0017670992529, -0.00109067535959, -0.00607640156522, 0.0199340768158, -0.00760285183787, 0.000509153527673, -0.000165944569744], [0.000502129958477, -0.00530020100996, 0.00167398725171, -0.00424987962469, 0.00480766035616, -0.00511718960479, -0.000544525508303, -0.000199829752091, 0.00280225439928, -0.00760285183787, 0.020751349628, -0.00790331885219, -0.000817711523268], [-0.00134029542096, 0.00357378157787, -0.00354684097692, 0.00463455962017, -0.00567476591095, 0.00455001741648, -0.0026340209879, -0.00103981292341, -4.98628905916e-05, 0.000509153527673, -0.00790331885219, 0.0229800064117, -0.00822324492037], [0.00086987199029, -0.00282114255242, 0.000958502991125, -0.00671593425795, 0.00239626527764, -0.00354138831608, 0.00200384366326, -0.00470930896699, 0.00254348781891, -0.000165944569744, -0.000817711523268, -0.00822324492037, 0.020103411749]]
    },
    "melbands": {
        "dmean": [0.0011066152947, 0.000994792906567, 0.000673090864439, 0.000631314702332, 0.000315145589411, 0.000342178129358, 0.000333135743858, 0.000313990662107, 0.000179795359145, 0.000104439204733, 7.7016891737e-05, 3.73202710762e-05, 4.25985199399e-05, 1.98717552848e-05, 3.14403405355e-05, 3.54739604518e-05, 2.93732391583e-05, 2.14113169932e-05, 1.81138620974e-05, 1.24586231323e-05, 1.34889332912e-05, 1.86216784641e-05, 9.74202885118e-06, 4.39135510533e-06, 2.78765651274e-06, 4.59397733721e-06, 4.44302941105e-06, 4.09987069361e-06, 4.33940795119e-06, 5.23060361957e-06, 4.58959357275e-06, 3.83109045288e-06, 3.39350890499e-06, 3.29107547259e-06, 2.91536775876e-06, 2.49493632509e-06, 3.1762835988e-06, 3.85109751733e-06, 4.70004169983e-06, 3.3246417388e-06],
        "dmean2": [0.00180666521192, 0.00170297501609, 0.00115821033251, 0.00104209640995, 0.000506158918142, 0.000530898163561, 0.000514296465553, 0.000449632643722, 0.000248782278504, 0.000140547708725, 0.000110093693365, 5.62987734156e-05, 6.53606111882e-05, 2.98089053103e-05, 4.68099133286e-05, 5.53617428523e-05, 4.62082243757e-05, 3.39038524544e-05, 2.76363043668e-05, 2.09794652619e-05, 2.17591605178e-05, 3.05904795823e-05, 1.55004963744e-05, 7.16477188689e-06, 4.62896014142e-06, 7.35280127628e-06, 7.20535399523e-06, 6.7287969614e-06, 7.15601345291e-06, 8.58189559949e-06, 6.98574467606e-06, 5.83689961786e-06, 5.05787966176e-06, 4.79049776914e-06, 4.36477148469e-06, 3.71083638129e-06, 4.54402788819e-06, 5.65721029488e-06, 7.18738010619e-06, 4.81598408442e-06],
        "dvar": [1.09941001938e-05, 7.52411187932e-06, 8.66117716214e-07, 1.06792469978e-06, 3.64903229411e-07, 4.11957643109e-07, 3.56287642944e-07, 4.11729217831e-07, 1.21249044582e-07, 6.69480471061e-08, 6.21854283622e-08, 7.65905028288e-09, 5.28419397128e-09, 1.0650049731e-09, 5.97568705629e-09, 3.10940357906e-08, 6.37177999252e-09, 3.15332870926e-09, 1.90244442422e-09, 8.32969360154e-10, 9.00018837235e-10, 1.91788984694e-09, 4.00252914146e-10, 6.48420206417e-11, 3.04188965683e-11, 2.13538159377e-10, 1.29580665642e-10, 1.61440638635e-10, 3.74951875104e-10, 3.40568018231e-10, 2.71524080997e-10, 1.69213226764e-10, 9.51185866183e-11, 9.07008426698e-11, 7.06632460878e-11, 5.9537180741e-11, 1.12505137151e-10, 1.57403395873e-10, 2.85658635635e-10, 1.18297094343e-10],
        "dvar2": [2.81540069409e-05, 2.09083500522e-05, 2.3359343686e-06, 2.67441691904e-06, 8.48700778988e-07, 1.00485965504e-06, 8.18555975002e-07, 7.77072727942e-07, 2.20578783683e-07, 1.12960350407e-07, 1.21613084048e-07, 2.130443022e-08, 1.09093605261e-08, 2.14535100795e-09, 1.21087984084e-08, 7.88497018789e-08, 1.39253497622e-08, 7.79511388771e-09, 3.78854236871e-09, 1.90443150139e-09, 2.07755679327e-09, 4.68163685596e-09, 9.17610931683e-10, 1.50667339716e-10, 8.0762806165e-11, 5.63519730878e-10, 3.39087924406e-10, 4.21425866426e-10, 9.37764310649e-10, 8.25841117713e-10, 5.62002278048e-10, 3.10274278492e-10, 1.84806558945e-10, 1.78877385126e-10, 1.32269903363e-10, 1.09982911667e-10, 2.27904681238e-10, 3.28115090653e-10, 7.26797066974e-10, 2.49292309018e-10],
        "max": [0.0385201983154, 0.0300965439528, 0.00939297676086, 0.0111382044852, 0.0103507163003, 0.0106364060193, 0.00658026523888, 0.0102871358395, 0.0066631892696, 0.00457943743095, 0.00528109027073, 0.00198805145919, 0.00141001318116, 0.000418497307692, 0.00158125674352, 0.00425289338455, 0.00148555519991, 0.00101823126897, 0.0012227940606, 0.000639374775346, 0.000574201869313, 0.000614614109509, 0.000259324093349, 0.000144291174365, 8.68692295626e-05, 0.000244193564868, 0.000198198409635, 0.000219700217713, 0.000476927409181, 0.000295396865113, 0.00040102712228, 0.000286026246613, 0.000172293817741, 0.000134882517159, 0.000111181660031, 0.000111429719254, 0.000185569078894, 0.000174401924596, 0.000218399451114, 0.00014455197379],
        "mean": [0.00286189024337, 0.00266334158368, 0.00144931930117, 0.00117225770373, 0.000661072786897, 0.000752819643822, 0.000750177772716, 0.000790900550783, 0.000472591113066, 0.000223214330617, 0.000146359336213, 7.35336434445e-05, 8.43528760015e-05, 4.04347556469e-05, 5.12695951329e-05, 5.36450570507e-05, 5.3020165069e-05, 3.36868361046e-05, 3.67003231077e-05, 2.05133237614e-05, 2.21188674914e-05, 2.82195414911e-05, 1.68057758856e-05, 7.83826908446e-06, 4.82623636344e-06, 6.99571000951e-06, 7.01721683072e-06, 6.15815406491e-06, 5.74139721721e-06, 6.41301949145e-06, 6.1436676333e-06, 5.60308490094e-06, 5.27271140527e-06, 5.06951164425e-06, 4.5545825742e-06, 3.73865145775e-06, 4.72946476293e-06, 5.4147717492e-06, 5.81021868129e-06, 4.60814817416e-06],
        "median": [0.00229712598957, 0.0021926369518, 0.00100511556957, 0.000813705846667, 0.000375644827727, 0.000445465208031, 0.000422713987064, 0.000232135294937, 0.000159145958605, 8.3740305854e-05, 5.5130221881e-05, 3.88454536733e-05, 4.04745078413e-05, 1.6893596694e-05, 2.07980665436e-05, 1.50230334839e-05, 1.62123160408e-05, 1.38748891914e-05, 1.26572613226e-05, 1.13890419016e-05, 1.2093199075e-05, 1.28665578814e-05, 8.2429160102e-06, 4.59823195342e-06, 2.92490108222e-06, 3.62830451195e-06, 3.19774176205e-06, 2.61820559899e-06, 1.5723459228e-06, 1.39242285968e-06, 1.41226678352e-06, 1.27510600123e-06, 1.22001426917e-06, 7.95522623775e-07, 7.35920934858e-07, 5.50698246116e-07, 5.48805360268e-07, 7.25657230305e-07, 6.55819519579e-07, 5.09024289386e-07],
        "min": [3.15654204996e-07, 4.69529732072e-06, 4.18672134401e-05, 3.04357872665e-05, 1.84753589565e-05, 6.52364803955e-07, 4.37711787526e-06, 1.4381158735e-06, 2.46753847932e-06, 1.01033140254e-06, 5.16939564932e-07, 4.98100405366e-07, 1.88070842455e-07, 2.81904561916e-07, 2.59681456782e-07, 2.18528754203e-07, 1.528202489e-07, 1.17743198302e-07, 5.96995874957e-08, 6.09595147694e-08, 7.25284436953e-08, 3.4648280689e-08, 2.31577690357e-08, 2.01220196061e-08, 1.94395433084e-08, 1.81784010067e-08, 1.15423484104e-08, 8.93067308994e-09, 7.12390457736e-09, 4.0109999766e-09, 3.67312136262e-09, 3.88631882231e-09, 2.58321875002e-09, 1.7482827408e-09, 1.04528130596e-09, 5.84364431844e-11, 1.25502788717e-10, 1.01229991056e-09, 5.89533588613e-10, 6.15382911295e-10],
