{
"highlevel": {
    "danceability": {
        "all": {
            "danceable": 0.999998211861,
            "not_danceable": 1.78240418336e-06
        },
        "probability": 0.999998211861,
        "value": "danceable"
    },
    "gender": {
        "all": {
            "female": 0.406153172255,
            "male": 0.593846857548
        },
        "probability": 0.593846857548,
        "value": "male"
    },
    "genre_dortmund": {
        "all": {
            "alternative": 0.00169739720877,
            "blues": 0.00136758084409,
            "electronic": 0.814857780933,
            "folkcountry": 0.000702893361449,
            "funksoulrnb": 0.000639995036181,
            "jazz": 0.0225082430989,
            "pop": 0.00478347903118,
            "raphiphop": 0.151646688581,
            "rock": 0.00179597712122
        },
        "probability": 0.814857780933,
        "value": "electronic"
    },
    "genre_electronic": {
        "all": {
            "ambient": 0.0106715997681,
            "dnb": 0.00687766494229,
            "house": 0.0415995083749,
            "techno": 0.934107661247,
            "trance": 0.0067435875535
        },
        "probability": 0.934107661247,
        "value": "techno"
    },
    "genre_rosamerica": {
        "all": {
            "cla": 0.000117567469715,
            "dan": 0.0756085440516,
            "hip": 0.917434155941,
            "jaz": 0.000293479970424,
            "pop": 0.000311876530759,
            "rhy": 0.00441460125148,
            "roc": 0.000114646529255,
            "spe": 0.00170511798933
        },
        "probability": 0.917434155941,
        "value": "hip"
    },
    "genre_tzanetakis": {
        "all": {
            "blu": 0.0626613423228,
            "cla": 0.0348169617355,
            "cou": 0.104475811124,
            "dis": 0.0784321576357,
            "hip": 0.15692435205,
            "jaz": 0.313974827528,
            "met": 0.0448166541755,
            "pop": 0.0627359300852,
            "reg": 0.0627360641956,
            "roc": 0.0784258767962
        },
        "probability": 0.313974827528,
        "value": "jaz"
    },
    "ismir04_rhythm": {
        "all": {
            "ChaChaCha": 0.732210457325,
            "Jive": 0.0465577133,
            "Quickstep": 0.00172890792601,
            "Rumba-American": 0.00443322351202,
            "Rumba-International": 0.00332239549607,
            "Rumba-Misc": 0.00271315546706,
            "Samba": 0.207181662321,
            "Tango": 0.000638870056719,
            "VienneseWaltz": 0.000798204273451,
            "Waltz": 0.000415421294747
        },
        "probability": 0.732210457325,
        "value": "ChaChaCha"
    },
    "mood_acoustic": {
        "all": {
            "acoustic": 0.00386724970303,
            "not_acoustic": 0.996132731438
        },
        "probability": 0.996132731438,
        "value": "not_acoustic"
    },
    "mood_aggressive": {
        "all": {
            "aggressive": 0.538412392139,
            "not_aggressive": 0.461587578058
        },
        "probability": 0.538412392139,
        "value": "aggressive"
    },
    "mood_electronic": {
        "all": {
            "electronic": 0.98708820343,
            "not_electronic": 0.0129117928445
        },
        "probability": 0.98708820343,
        "value": "electronic"
    },
    "mood_happy": {
        "all": {
            "happy": 0.612739264965,
            "not_happy": 0.387260705233
        },
        "probability": 0.612739264965,
        "value": "happy"
    },
    "mood_party": {
        "all": {
            "not_party": 0.0125895868987,
            "party": 0.98741042614
        },
        "probability": 0.98741042614,
        "value": "party"
    },
    "mood_relaxed": {
        "all": {
            "not_relaxed": 0.14215247333,
            "relaxed": 0.857847511768
        },
        "probability": 0.857847511768,
        "value": "relaxed"
    },
    "mood_sad": {
        "all": {
            "not_sad": 0.900994837284,
            "sad": 0.0990051478148
        },
        "probability": 0.900994837284,
        "value": "not_sad"
    },
    "moods_mirex": {
        "all": {
            "Cluster1": 0.406356662512,
            "Cluster2": 0.0960914418101,
            "Cluster3": 0.155505716801,
            "Cluster4": 0.148108035326,
            "Cluster5": 0.193938136101
        },
        "probability": 0.406356662512,
        "value": "Cluster1"
    },
    "timbre": {
        "all": {
            "bright": 0.0436859168112,
            "dark": 0.956314086914
        },
        "probability": 0.956314086914,
        "value": "dark"
    },
    "tonal_atonal": {
        "all": {
            "atonal": 0.992082238197,
            "tonal": 0.00791773572564
        },
        "probability": 0.992082238197,
        "value": "atonal"
    },
    "voice_instrumental": {
        "all": {
            "instrumental": 0.158866271377,
            "voice": 0.841133713722
        },
        "probability": 0.841133713722,
        "value": "voice"
    }
},
"lowlevel": {
    "average_loudness": 0.988445281982,
    "barkbands_crest": {
        "dmean": 4.2631316185,
        "dmean2": 6.65927886963,
        "dvar": 17.7963314056,
        "dvar2": 39.3356208801,
        "max": 26.7632884979,
        "mean": 18.3492507935,
        "median": 19.6094112396,
        "min": 3.11320543289,
        "var": 38.6982765198
    },
    "barkbands_flatness_db": {
        "dmean": 0.0633865594864,
        "dmean2": 0.078918941319,
        "dvar": 0.0029883577954,
        "dvar2": 0.00498161325231,
        "max": 0.631742238998,
        "mean": 0.263801962137,
        "median": 0.242552295327,
        "min": 0.0542877167463,
        "var": 0.0152562810108
    },
    "barkbands_kurtosis": {
        "dmean": 95.5856323242,
        "dmean2": 134.103378296,
        "dvar": 49618.0117188,
        "dvar2": 101281.421875,
        "max": 2683.3659668,
        "mean": 108.022758484,
        "median": 22.8744277954,
        "min": -1.90878546238,
        "var": 65070.09375
    },
    "barkbands_skewness": {
        "dmean": 3.3341114521,
        "dmean2": 4.40831565857,
        "dvar": 14.1711702347,
        "dvar2": 29.1095237732,
        "max": 38.2955780029,
        "mean": 6.05768585205,
        "median": 4.55109119415,
        "min": -1.97359013557,
        "var": 35.8938217163
    },
    "barkbands_spread": {
        "dmean": 12.5613889694,
        "dmean2": 19.4404010773,
        "dvar": 297.211456299,
        "dvar2": 586.807128906,
        "max": 94.2793197632,
        "mean": 20.614654541,
        "median": 11.3639087677,
        "min": 0.0493574105203,
        "var": 557.522338867
    },
    "dissonance": {
        "dmean": 0.0182595793158,
        "dmean2": 0.0300592891872,
        "dvar": 0.000637199089397,
        "dvar2": 0.00147353869397,
        "max": 0.499999940395,
        "mean": 0.470195502043,
        "median": 0.483926266432,
        "min": 0.268307030201,
        "var": 0.00122374086641
    },
    "dynamic_complexity": 3.10172986984,
    "erbbands_crest": {
        "dmean": 2.91499757767,
        "dmean2": 4.66013097763,
        "dvar": 11.0419912338,
        "dvar2": 20.8231906891,
        "max": 26.4190616608,
        "mean": 9.0751209259,
        "median": 6.8401260376,
        "min": 2.79375243187,
        "var": 30.0113162994
    },
    "erbbands_flatness_db": {
        "dmean": 0.025218848139,
        "dmean2": 0.0388521999121,
        "dvar": 0.000848383526318,
        "dvar2": 0.00153507839423,
        "max": 0.337663978338,
        "mean": 0.149043396115,
        "median": 0.133452475071,
        "min": 0.0635147318244,
        "var": 0.00280665466562
    },
    "erbbands_kurtosis": {
        "dmean": 4.10533618927,
        "dmean2": 6.29215478897,
        "dvar": 77.7858428955,
        "dvar2": 154.469345093,
        "max": 102.643348694,
        "mean": 5.54277038574,
        "median": 0.831604003906,
        "min": -1.82968580723,
        "var": 212.895889282
    },
    "erbbands_skewness": {
        "dmean": 0.864297986031,
        "dmean2": 1.21451497078,
        "dvar": 1.06155741215,
        "dvar2": 1.60551166534,
        "max": 9.28892993927,
        "mean": 0.390597045422,
        "median": -0.0871231853962,
        "min": -3.10213541985,
        "var": 4.63762187958
    },
    "erbbands_spread": {
        "dmean": 22.9813690186,
        "dmean2": 36.5079460144,
        "dvar": 694.734069824,
        "dvar2": 1810.83154297,
        "max": 188.710861206,
        "mean": 63.3786811829,
        "median": 59.5029335022,
        "min": 3.30827569962,
        "var": 1295.06408691
    },
    "hfc": {
        "dmean": 12.5278902054,
        "dmean2": 18.1813583374,
        "dvar": 462.263977051,
        "dvar2": 1137.71289062,
        "max": 131.823913574,
        "mean": 17.6649436951,
        "median": 9.23937416077,
        "min": 0.147620469332,
        "var": 505.63848877
    },
    "melbands_crest": {
        "dmean": 5.36457777023,
        "dmean2": 8.67715454102,
        "dvar": 29.4089984894,
        "dvar2": 73.3006439209,
        "max": 37.8310317993,
        "mean": 26.0765171051,
        "median": 28.0050373077,
        "min": 2.97050523758,
        "var": 48.6271896362
    },
    "melbands_flatness_db": {
        "dmean": 0.0788406133652,
        "dmean2": 0.0997760072351,
        "dvar": 0.00502549577504,
        "dvar2": 0.00972177647054,
        "max": 0.755916655064,
        "mean": 0.331419050694,
        "median": 0.317353695631,
        "min": 0.0161434765905,
        "var": 0.023501381278
    },
    "melbands_kurtosis": {
        "dmean": 106.538482666,
        "dmean2": 167.486984253,
        "dvar": 22174.3398438,
        "dvar2": 57564.8476562,
        "max": 1301.75817871,
        "mean": 147.38079834,
        "median": 76.2084503174,
        "min": -1.7555283308,
        "var": 30863.0410156
    },
    "melbands_skewness": {
        "dmean": 3.72926735878,
        "dmean2": 5.66299104691,
        "dvar": 14.5691480637,
        "dvar2": 38.5672531128,
        "max": 32.5223693848,
        "mean": 8.14138698578,
        "median": 7.03810167313,
        "min": -0.199311852455,
        "var": 26.437505722
    },
    "melbands_spread": {
        "dmean": 17.8500480652,
        "dmean2": 30.732093811,
        "dvar": 1321.24682617,
        "dvar2": 3616.27734375,
        "max": 206.441177368,
        "mean": 16.8499393463,
        "median": 4.60056781769,
        "min": 0.165726691484,
        "var": 1077.22937012
    },
    "pitch_salience": {
        "dmean": 0.138962134719,
        "dmean2": 0.21963827312,
        "dvar": 0.0225056149065,
        "dvar2": 0.0483582764864,
        "max": 0.850178480148,
        "mean": 0.311834484339,
        "median": 0.252113431692,
        "min": 0.0308411605656,
        "var": 0.0494671054184
    },
    "silence_rate_20dB": {
        "dmean": 0,
        "dmean2": 0,
        "dvar": 0,
        "dvar2": 0,
        "max": 1,
        "mean": 1,
        "median": 1,
        "min": 1,
        "var": 0
    },
    "silence_rate_30dB": {
        "dmean": 0.0975232198834,
        "dmean2": 0.194422930479,
        "dvar": 0.0880131348968,
        "dvar2": 0.161269873381,
        "max": 1,
        "mean": 0.827532887459,
        "median": 1,
        "min": 0,
        "var": 0.142721578479
    },
    "silence_rate_60dB": {
        "dmean": 0.0820433422923,
        "dmean2": 0.16421379149,
        "dvar": 0.0753123164177,
        "dvar2": 0.191468194127,
        "max": 1,
        "mean": 0.0587780363858,
        "median": 0,
        "min": 0,
        "var": 0.0553236529231
    },
    "spectral_centroid": {
        "dmean": 563.366516113,
        "dmean2": 830.866271973,
        "dvar": 456062.96875,
        "dvar2": 858451.3125,
        "max": 4594.98095703,
        "mean": 1602.35192871,
        "median": 1244.84960938,
        "min": 81.2069091797,
        "var": 1603730.25
    },
    "spectral_complexity": {
        "dmean": 6.21052646637,
        "dmean2": 8.58017063141,
        "dvar": 71.5762710571,
        "dvar2": 119.221252441,
        "max": 56,
        "mean": 10.0804328918,
        "median": 5,
        "min": 0,
        "var": 132.921508789
    },
    "spectral_decrease": {
        "dmean": 5.1086010977e-09,
        "dmean2": 6.2147837987e-09,
        "dvar": 2.68463287601e-17,
        "dvar2": 4.69464636119e-17,
        "max": -1.87715502864e-11,
        "mean": -1.31961588323e-08,
        "median": -1.07789777104e-08,
        "min": -3.91643339981e-08,
        "var": 1.22921500715e-16
    },
    "spectral_energy": {
        "dmean": 0.0195273328573,
        "dmean2": 0.0235799197108,
        "dvar": 0.000388269225368,
        "dvar2": 0.000688922882546,
        "max": 0.149021446705,
        "mean": 0.0514076910913,
        "median": 0.0423800460994,
        "min": 0.000117318813864,
        "var": 0.00175892177504
    },
    "spectral_energyband_high": {
        "dmean": 0.00129993550945,
        "dmean2": 0.00196417677216,
        "dvar": 6.93426818543e-06,
        "dvar2": 1.68840197148e-05,
        "max": 0.0166798960418,
        "mean": 0.00155323173385,
        "median": 0.00035502872197,
        "min": 2.78258852404e-07,
        "var": 7.57175348554e-06
    },
    "spectral_energyband_low": {
        "dmean": 0.019145173952,
        "dmean2": 0.020788481459,
        "dvar": 0.000343113701092,
        "dvar2": 0.000468419370009,
        "max": 0.146042779088,
        "mean": 0.0430387556553,
        "median": 0.0326885357499,
        "min": 2.81045117845e-06,
        "var": 0.00166292104404
    },
    "spectral_energyband_middle_high": {
        "dmean": 0.000993720837869,
        "dmean2": 0.00142460456118,
        "dvar": 2.87618195216e-06,
        "dvar2": 6.02814907325e-06,
        "max": 0.0140286134556,
        "mean": 0.00115658622235,
        "median": 0.000224346091272,
        "min": 1.51532367454e-06,
        "var": 4.12190365751e-06
    },
    "spectral_energyband_middle_low": {
        "dmean": 0.00958353094757,
        "dmean2": 0.0160275939852,
        "dvar": 0.00056005443912,
        "dvar2": 0.00145410071127,
        "max": 0.140238240361,
        "mean": 0.00776618160307,
        "median": 0.00207647262141,
        "min": 5.14542716701e-06,
        "var": 0.000423649355071
    },
    "spectral_entropy": {
        "dmean": 0.32692232728,
        "dmean2": 0.471665084362,
        "dvar": 0.200664207339,
        "dvar2": 0.309596776962,
        "max": 8.53617954254,
        "mean": 7.50244092941,
        "median": 7.89225101471,
        "min": 4.56827402115,
        "var": 0.838554382324
    },
    "spectral_flux": {
        "dmean": 0.0517394170165,
        "dmean2": 0.0643650144339,
        "dvar": 0.00186067691538,
        "dvar2": 0.00265917298384,
        "max": 0.382743299007,
        "mean": 0.123656116426,
        "median": 0.105558477342,
        "min": 0.00909892097116,
        "var": 0.00781193934381
    },
    "spectral_kurtosis": {
        "dmean": 2.21522045135,
        "dmean2": 3.39999246597,
        "dvar": 15.9492902756,
        "dvar2": 28.9054203033,
        "max": 51.3230361938,
        "mean": 3.88012981415,
        "median": 1.39654922485,
        "min": -0.366573572159,
        "var": 48.5847930908
    },
    "spectral_rms": {
        "dmean": 0.00152530707419,
        "dmean2": 0.0017320679035,
        "dvar": 1.97535791813e-06,
        "dvar2": 3.06205197376e-06,
        "max": 0.0120576433837,
        "mean": 0.00634096423164,
        "median": 0.00643011555076,
        "min": 0.000338315498084,
        "var": 9.94586480374e-06
    },
    "spectral_rolloff": {
        "dmean": 1202.21130371,
        "dmean2": 2006.99084473,
        "dvar": 4359075.5,
        "dvar2": 10008751,
        "max": 8785.546875,
        "mean": 1205.41333008,
        "median": 129.19921875,
        "min": 43.06640625,
        "var": 4903061.5
    },
    "spectral_skewness": {
        "dmean": 0.370112389326,
        "dmean2": 0.560480475426,
        "dvar": 0.262990742922,
        "dvar2": 0.447751224041,
        "max": 6.09785079956,
        "mean": 1.31187987328,
        "median": 0.952657103539,
        "min": 0.127415880561,
        "var": 1.12102425098
    },
    "spectral_spread": {
        "dmean": 981051.4375,
        "dmean2": 1574799.5,
        "dvar": 1.41343666995e+12,
        "dvar2": 3.46361954304e+12,
        "max": 14913475,
        "mean": 5549006,
        "median": 5433412,
        "min": 1763438.125,
        "var": 2.06631364198e+12
    },
    "spectral_strongpeak": {
        "dmean": 0.223591968417,
        "dmean2": 0.316368162632,
        "dvar": 0.0561594590545,
        "dvar2": 0.128220647573,
        "max": 2.0966129303,
        "mean": 0.531055688858,
        "median": 0.469031661749,
        "min": 0,
        "var": 0.152770921588
    },
    "zerocrossingrate": {
        "dmean": 0.0213007032871,
        "dmean2": 0.0256958473474,
        "dvar": 0.000591593678109,
        "dvar2": 0.000795874628238,
        "max": 0.2294921875,
        "mean": 0.0501290746033,
        "median": 0.03515625,
        "min": 0.00146484375,
        "var": 0.0022846495267
    },
    "barkbands": {
        "dmean": [0.000710727355909, 0.0181089676917, 0.00855025555938, 0.00661572208628, 0.00322989956476, 0.0005005892599, 0.000140644959174, 8.92710086191e-05, 9.0246743639e-05, 6.26874389127e-05, 5.53869285795e-05, 8.98389407666e-05, 6.99834854458e-05, 9.77005474851e-05, 0.000111973866296, 7.44163990021e-05, 0.000167544218129, 0.000119080519653, 0.000146680962644, 0.000253576465184, 0.00025058092433, 0.0002619397128, 0.000246059265919, 0.000324196356814, 0.000125433158246, 2.6000860089e-05, 2.32261196942e-08],
        "dmean2": [0.000894860713743, 0.0210707224905, 0.0127782030031, 0.0118164122105, 0.00573686044663, 0.00082436692901, 0.000236337466049, 0.000144278645166, 0.000149077415699, 9.45692736423e-05, 8.47550763865e-05, 0.000145492507727, 0.000105802610051, 0.00015072109818, 0.000188177029486, 0.000116188428365, 0.000272800039966, 0.000175867069629, 0.00021755702619, 0.000398359436076, 0.000387660722481, 0.000398882461013, 0.000397123629227, 0.000509666104335, 0.000208948244108, 4.74678381579e-05, 4.43660788108e-08],
        "dvar": [8.35837340674e-07, 0.000440646719653, 0.00035720600863, 0.000335185439326, 7.67025194364e-05, 6.75538672112e-07, 6.63251569222e-08, 2.51958365283e-08, 6.11345640777e-08, 1.44285410286e-08, 1.7193265478e-08, 4.80794497548e-08, 2.81564886961e-08, 4.97212084838e-08, 4.34487255063e-08, 2.48299993899e-08, 1.09087665123e-07, 5.13804927493e-08, 6.79922820268e-08, 2.90244287271e-07, 2.01364287022e-07, 2.39991464923e-07, 2.74072561979e-07, 6.32009118817e-07, 8.83459208012e-08, 4.24290602652e-09, 2.31473233593e-14],
        "dvar2": [1.36332312195e-06, 0.000588699709624, 0.000825234106742, 0.000911107286811, 0.000213362582144, 1.80112431281e-06, 1.81217274076e-07, 5.67888776004e-08, 1.65333545965e-07, 3.03495504284e-08, 3.85056004859e-08, 9.47540144125e-08, 5.69219587021e-08, 1.1673060385e-07, 1.0041734555e-07, 5.80189976063e-08, 2.7840576422e-07, 1.21391764196e-07, 1.51187137476e-07, 7.53216681915e-07, 4.80835865346e-07, 5.44465422081e-07, 6.85688519297e-07, 1.53154428517e-06, 2.29305499033e-07, 1.21546843701e-08, 6.77391356983e-14],
        "max": [0.0103821605444, 0.136636659503, 0.113795310259, 0.111344501376, 0.0627639070153, 0.00603011110798, 0.00245436676778, 0.00277840648778, 0.00290427147411, 0.00130809796974, 0.00207929802127, 0.00266572600231, 0.00152388797142, 0.00193933106493, 0.00209611351602, 0.00212088087574, 0.00241673877463, 0.00194550293963, 0.00168299849611, 0.00442898506299, 0.00343832257204, 0.00399266881868, 0.00364645640366, 0.00646220706403, 0.00239053880796, 0.000511499179993, 2.35956599681e-06],
        "mean": [0.00107042782474, 0.0321469828486, 0.00773207144812, 0.00434158090502, 0.00240654288791, 0.000648459477816, 0.000158087073942, 9.96771850623e-05, 9.01940220501e-05, 6.22552324785e-05, 5.26014373463e-05, 9.85291262623e-05, 7.39924507798e-05, 9.93442517938e-05, 0.000106076753582, 8.36150211398e-05, 0.000168461090652, 0.000138968040119, 0.000158818758791, 0.000267999246716, 0.000335607561283, 0.000338100653607, 0.00024250880233, 0.000353041861672, 0.000113698421046, 2.00095491891e-05, 1.33384325807e-08],
        "median": [0.00048183137551, 0.0155976265669, 0.000484807940666, 0.000200409791432, 0.000389505032217, 0.000216167143662, 4.96885295433e-05, 2.18903569476e-05, 1.4700468455e-05, 1.1940254808e-05, 8.40485154185e-06, 1.30831822389e-05, 1.10807050078e-05, 1.67201651493e-05, 1.65929104696e-05, 1.2201341633e-05, 1.82861986104e-05, 1.84199525393e-05, 2.35292609432e-05, 6.55090116197e-05, 8.27949334052e-05, 7.31240143068e-05, 4.48846330983e-05, 7.14144407539e-05, 2.33582413784e-05, 5.44915747014e-06, 8.7416213157e-10],
        "min": [6.74669520251e-09, 8.5957549345e-07, 1.6340413822e-07, 1.01585207801e-07, 2.1203790368e-07, 1.26333759454e-07, 9.97458684537e-08, 1.02567781823e-07, 1.26716258819e-07, 8.11105422827e-08, 8.30955784181e-08, 1.44691512105e-07, 1.49851558717e-07, 5.23797432095e-08, 6.85032688352e-08, 3.73100554896e-08, 4.18637888799e-08, 4.49254073942e-08, 3.56415483793e-08, 7.49100550479e-08, 6.39872013153e-08, 4.92285714415e-08, 3.60712064662e-08, 3.09070955495e-08, 1.44876743935e-09, 1.48507890013e-11, 8.51849927402e-12],
        "var": [1.91216599887e-06, 0.00135113135912, 0.000349423760781, 0.000217625609366, 4.93588049721e-05, 8.90176636403e-07, 6.77432439034e-08, 4.21705337317e-08, 5.77073038244e-08, 2.01895584695e-08, 1.84820443394e-08, 6.85418442004e-08, 3.6717970886e-08, 5.41367164431e-08, 4.6008132415e-08, 3.05960341507e-08, 1.08426476686e-07, 6.93126693818e-08, 8.55933777189e-08, 2.66082082589e-07, 2.89598432346e-07, 3.13170318123e-07, 2.48740775532e-07, 6.19718548478e-07, 7.20265305176e-08, 2.73634959136e-09, 1.22448844684e-14]
    },
    "erbbands": {
        "dmean": [0.633865594864, 3.95513629913, 8.06692790985, 12.9276542664, 20.1423721313, 7.51683044434, 4.94799375534, 3.78939700127, 2.36666440964, 1.88940918446, 2.14715886116, 1.93289709091, 1.77438664436, 2.02109408379, 2.53212118149, 3.26410007477, 3.46518397331, 4.56594419479, 5.62097072601, 4.89813041687, 5.54937648773, 8.70793628693, 6.87999153137, 6.79941225052, 8.11138439178, 12.8572540283, 8.92948150635, 11.9041185379, 8.61877822876, 7.82174730301, 7.47922611237, 6.33239555359, 5.31297445297, 1.78667235374, 0.736807882786, 0.2028452456, 0.0363103821874, 0.00197546603158, 5.95166966377e-05, 2.46914059971e-05],
        "dmean2": [0.744092226028, 4.62483072281, 11.3340845108, 20.7147159576, 36.8713569641, 13.2117786407, 8.3485326767, 6.42830848694, 4.05562734604, 3.04971861839, 3.47387337685, 3.12154507637, 2.71069383621, 3.07487249374, 3.94376754761, 5.15177583694, 5.09531974792, 6.98346328735, 9.1826133728, 8.0211057663, 8.68491840363, 14.1173028946, 10.2648324966, 10.1862916946, 12.127120018, 20.2904415131, 13.3465538025, 19.1676425934, 12.8779573441, 12.2565402985, 12.1856880188, 9.99386978149, 8.39466571808, 2.97485041618, 1.24890422821, 0.359131932259, 0.0648249313235, 0.00361614418216, 0.000101093413832, 3.29779359163e-05],
        "dvar": [0.431878089905, 28.4339332581, 253.930877686, 1030.84094238, 3477.86303711, 320.124298096, 74.5582351685, 45.24269104, 19.76313591, 10.5800657272, 24.0547351837, 19.996723175, 11.3638477325, 15.1861495972, 34.07289505, 64.2925491333, 75.9515914917, 93.7149429321, 116.824882507, 100.627708435, 149.169128418, 292.945770264, 175.266647339, 155.818557739, 224.347808838, 783.99407959, 268.026092529, 473.40536499, 222.79107666, 239.917831421, 274.795074463, 203.153366089, 182.897399902, 17.7741127014, 3.03284740448, 0.223961159587, 0.0086483489722, 3.12206211674e-05, 1.91509581526e-08, 6.7845351559e-10],
        "dvar2": [0.679611623287, 35.4875640869, 455.266662598, 2279.34448242, 9627.63867188, 893.011230469, 210.574554443, 118.144523621, 53.8589019775, 27.049325943, 60.661605835, 51.3954658508, 24.7432518005, 28.100019455, 59.6687278748, 114.654716492, 161.296630859, 207.054290771, 275.992797852, 226.291030884, 368.506774902, 746.134765625, 429.420471191, 362.090057373, 493.52557373, 2024.6739502, 632.113891602, 1148.90783691, 493.250396729, 575.68737793, 692.853820801, 476.204101562, 452.289611816, 46.6314277649, 7.8811006546, 0.620289802551, 0.0241634640843, 8.84601759026e-05, 5.29133714622e-08, 1.36344047164e-09],
        "max": [5.13379955292, 35.2856063843, 100.720809937, 215.458755493, 368.55947876, 135.072967529, 78.2077331543, 59.5081596375, 38.1163520813, 34.7481079102, 61.7543258667, 49.0004806519, 36.1925735474, 47.0855102539, 78.3875045776, 85.7228088379, 82.3527908325, 83.5637435913, 81.0944747925, 138.937835693, 126.185218811, 133.885131836, 100.825431824, 116.146835327, 94.06615448, 235.901687622, 112.683868408, 169.917938232, 109.021026611, 115.49520874, 115.718948364, 102.116477966, 107.316627502, 32.1429862976, 13.5052433014, 3.63253760338, 0.667742013931, 0.038804885, 0.000933300354518, 0.000161116826348],
        "mean": [1.09354364872, 6.47754049301, 9.80495834351, 11.8324232101, 13.0765190125, 5.86107540131, 5.83979082108, 4.69010782242, 2.67181611061, 2.20552229881, 2.28391695023, 2.08986258507, 1.82666921616, 2.11964583397, 2.6864631176, 3.80676460266, 3.55464482307, 4.94132184982, 5.14838600159, 5.04140377045, 6.03752946854, 9.16371917725, 7.77900362015, 7.65584087372, 8.86819171906, 13.8209495544, 11.0219688416, 15.6491956711, 11.436630249, 8.72567844391, 7.33871555328, 6.79286766052, 5.71430015564, 1.63916528225, 0.657343685627, 0.171181857586, 0.0272690542042, 0.00136377476156, 6.93959809723e-05, 6.36487457086e-05],
        "median": [0.606347620487, 2.65961194038, 1.82011795044, 1.55310094357, 1.04598164558, 1.33310687542, 2.50202798843, 1.51187431812, 0.935730695724, 0.635419487953, 0.478985875845, 0.369622081518, 0.361182808876, 0.399641752243, 0.49398368597, 0.480554163456, 0.530222773552, 0.84573918581, 0.78740465641, 0.777955889702, 0.852936923504, 1.08113729954, 0.918857216835, 1.06586575508, 1.42041146755, 3.37623333931, 2.07053828239, 3.97143602371, 2.56429696083, 1.76373183727, 1.34612226486, 1.58671724796, 1.03673422337, 0.302203088999, 0.158151939511, 0.0475019589067, 0.00571317551658, 0.000217307198909, 4.3804240704e-05, 5.96205318288e-05],
        "min": [4.98953659189e-06, 0.00029187288601, 0.0022019490134, 0.00096475839382, 0.000465440010885, 0.00114208541345, 0.00211246567778, 0.00163577345666, 0.00148955220357, 0.00233861780725, 0.00275573320687, 0.00341486372054, 0.00304862461053, 0.00517434068024, 0.00533051835373, 0.00728464499116, 0.00782124418765, 0.00463395612314, 0.00374321662821, 0.00313985953107, 0.00247506354935, 0.00220844708383, 0.00208771880716, 0.00233354070224, 0.00152632617392, 0.00385685474612, 0.00230283057317, 0.00221068575047, 0.00180368497968, 0.00134294421878, 0.00104624347296, 0.000937048986088, 0.000362946826499, 0.000136825387017, 6.3307932578e-05, 3.23768690578e-05, 6.87434521751e-06, 5.49359754132e-07, 2.23953662726e-07, 3.48413180973e-07],
        "var": [1.37657511234, 75.9920578003, 367.985900879, 985.041564941, 2145.21923828, 215.117584229, 78.666557312, 53.5770797729, 18.5786781311, 15.0354175568, 27.4699363708, 23.9323921204, 15.7422027588, 22.7568588257, 46.758808136, 101.759399414, 92.0705566406, 118.255653381, 116.863372803, 120.25554657, 157.417480469, 304.372741699, 216.587921143, 201.077636719, 270.254241943, 713.857910156, 348.722869873, 645.627929688, 327.311737061, 253.972351074, 244.695205688, 203.130264282, 175.062332153, 14.5535459518, 2.40233111382, 0.161677509546, 0.00568222580478, 1.91205617739e-05, 1.32953701382e-08, 2.12265716115e-09]
    },
    "gfcc": {
        "mean": [-61.5222244263, 70.5328063965, -71.2830505371, 81.4730453491, -51.8835754395, 34.0940551758, -32.194519043, 9.56604480743, -16.6763439178, 7.06474924088, -6.8484287262, -0.679204106331, -1.24404621124],
        "cov": [[6547.86376953, -1855.89550781, -1681.48449707, 234.661209106, -595.71862793, 140.388442993, -612.17791748, 105.140129089, -498.658569336, -36.2732124329, -473.413208008, 29.7038288116, -313.974517822], [-1855.89550781, 2473.77563477, 1088.49841309, -785.558044434, 97.9275741577, -444.617492676, 214.841842651, -355.849060059, 194.504013062, -247.156280518, 189.349014282, -212.639434814, 118.886489868], [-1681.48449707, 1088.49841309, 1493.04467773, -241.305938721, 68.9151611328, -163.757720947, 145.644729614, -153.506332397, 115.835006714, -8.0038022995, 121.77457428, -39.7493629456, 85.0246582031], [234.661209106, -785.558044434, -241.305938721, 763.556396484, 277.584869385, 167.762039185, 74.6551208496, 99.8438949585, 97.3692932129, 94.4824371338, 77.4853744507, 107.300590515, 67.1322937012], [-595.71862793, 97.9275741577, 68.9151611328, 277.584869385, 692.588745117, 178.489303589, 335.446289062, 40.9378967285, 240.67414856, 5.81078481674, 141.743026733, 33.8046722412, 82.1610412598], [140.388442993, -444.617492676, -163.757720947, 167.762039185, 178.489303589, 280.785736084, 147.484100342, 125.785202026, 60.4387931824, 71.0978317261, 24.7577590942, 24.0257816315, 25.8379383087], [-612.17791748, 214.841842651, 145.644729614, 74.6551208496, 335.446289062, 147.484100342, 342.918823242, 66.5663375854, 213.243911743, 28.0605106354, 128.20703125, -12.3636369705, 90.6118164062], [105.140129089, -355.849060059, -153.506332397, 99.8438949585, 40.9378967285, 125.785202026, 66.5663375854, 165.082748413, 63.141708374, 96.5832901001, 18.6095848083, 50.4011917114, 15.4921226501], [-498.658569336, 194.504013062, 115.835006714, 97.3692932129, 240.67414856, 60.4387931824, 213.243911743, 63.141708374, 236.222229004, 71.1356506348, 137.7003479, 16.3181610107, 96.626159668], [-36.2732124329, -247.156280518, -8.0038022995, 94.4824371338, 5.81078481674, 71.0978317261, 28.0605106354, 96.5832901001, 71.1356506348, 151.813674927, 56.6334838867, 79.4105529785, 38.9824943542], [-473.413208008, 189.349014282, 121.77457428, 77.4853744507, 141.743026733, 24.7577590942, 128.20703125, 18.6095848083, 137.7003479, 56.6334838867, 150.215438843, 34.5343780518, 98.6439208984], [29.7038288116, -212.639434814, -39.7493629456, 107.300590515, 33.8046722412, 24.0257816315, -12.3636369705, 50.4011917114, 16.3181610107, 79.4105529785, 34.5343780518, 108.28364563, 25.7242050171], [-313.974517822, 118.886489868, 85.0246582031, 67.1322937012, 82.1610412598, 25.8379383087, 90.6118164062, 15.4921226501, 96.626159668, 38.9824943542, 98.6439208984, 25.7242050171, 105.750556946]],
        "icov": [[0.000284859532258, -5.33533784619e-05, 0.000236942491028, -0.000120544034871, 0.00014671414101, -0.000328101072228, 0.000267161318334, 0.000150035280967, -0.000160267038154, -2.51607307291e-05, 0.000612938136328, -0.000173331325641, 0.000133162480779], [-5.33533784619e-05, 0.00432927627116, -0.00104297709186, 0.00340006500483, -0.000702348130289, 0.00420827977359, -0.00149360194337, 0.00284062023275, -0.00244087167084, 0.00334686134011, -0.00401532324031, 0.00216642650776, -0.00174916977994], [0.000236942491028, -0.00104297709186, 0.00141909276135, -0.000663682469167, 0.00024542841129, -0.000561078428291, -0.000387272186344, 0.000652832502965, 0.000721896998584, -0.00193698238581, 0.00141066126525, -0.000415345653892, 0.000178553367732], [-0.000120544034871, 0.00340006500483, -0.000663682469167, 0.00476243719459, -0.00149160949513, 0.00252337451093, -4.4129195885e-05, 0.00209878990427, -0.00225053681061, 0.00257069035433, -0.00335797970183, 0.000751408748329, -0.00233901827596], [0.00014671414101, -0.000702348130289, 0.00024542841129, -0.00149160949513, 0.00510589173064, -0.00321764592081, -0.00212376122363, 0.00212558405474, -0.00404518796131, 0.00365150370635, 0.000306726898998, -0.00497918715701, 0.00357754179277], [-0.000328101072228, 0.00420827977359, -0.000561078428291, 0.00252337451093, -0.00321764592081, 0.0148754501715, -0.00686210254207, -0.00223031523637, 0.00516448915005, -0.00278391852044, -0.00267112907022, 0.00682481192052, -0.00464523583651], [0.000267161318334, -0.00149360194337, -0.000387272186344, -4.4129195885e-05, -0.00212376122363, -0.00686210254207, 0.0146728893742, -0.00359311327338, -0.00670025357977, 0.00345013290644, -0.00113719387446, 0.00134786369745, -0.000324429041939], [0.000150035280967, 0.00284062023275, 0.000652832502965, 0.00209878990427, 0.00212558405474, -0.00223031523637, -0.00359311327338, 0.0194508954883, -0.00734438933432, -0.00327446241863, 0.00234321085736, -0.00343233719468, 0.00108443270437], [-0.000160267038154, -0.00244087167084, 0.000721896998584, -0.00225053681061, -0.00404518796131, 0.00516448915005, -0.00670025357977, -0.00734438933432, 0.0245815422386, -0.011871157214, -0.00452560465783, 0.00790446717292, -0.00397136993706], [-2.51607307291e-05, 0.00334686134011, -0.00193698238581, 0.00257069035433, 0.00365150370635, -0.00278391852044, 0.00345013290644, -0.00327446241863, -0.011871157214, 0.0265666972846, -0.0077858241275, -0.0110801188275, 0.00246639898978], [0.000612938136328, -0.00401532324031, 0.00141066126525, -0.00335797970183, 0.000306726898998, -0.00267112907022, -0.00113719387446, 0.00234321085736, -0.00452560465783, -0.0077858241275, 0.0321304611862, -0.00564732355997, -0.0132154338062], [-0.000173331325641, 0.00216642650776, -0.000415345653892, 0.000751408748329, -0.00497918715701, 0.00682481192052, 0.00134786369745, -0.00343233719468, 0.00790446717292, -0.0110801188275, -0.00564732355997, 0.0244402512908, -0.00535969994962], [0.000133162480779, -0.00174916977994, 0.000178553367732, -0.00233901827596, 0.00357754179277, -0.00464523583651, -0.000324429041939, 0.00108443270437, -0.00397136993706, 0.00246639898978, -0.0132154338062, -0.00535969994962, 0.0279845166951]]
    },
    "melbands": {
        "dmean": [0.00515041453764, 0.00395636213943, 0.00252214889042, 0.000914957141504, 0.000192662133486, 8.63669774844e-05, 3.43300816894e-05, 2.03411182156e-05, 1.86117213161e-05, 1.13920887088e-05, 8.82979384187e-06, 8.06841035228e-06, 8.39304357214e-06, 1.18876569104e-05, 8.32262048789e-06, 7.46315436118e-06, 8.69274936122e-06, 8.98480448086e-06, 7.79035417509e-06, 5.28450755155e-06, 7.44408089304e-06, 9.44911062106e-06, 7.30728788767e-06, 5.92730339122e-06, 5.45796865481e-06, 6.1210334934e-06, 6.78415926814e-06, 9.02018109628e-06, 6.00357361691e-06, 5.24616461917e-06, 8.09272296465e-06, 5.19011564393e-06, 4.81796723761e-06, 4.1546745706e-06, 4.77870389659e-06, 3.63093909073e-06, 4.28966723121e-06, 4.95153562952e-06, 1.84063367215e-06, 1.45470335156e-06],
        "dmean2": [0.00593446427956, 0.00464455829933, 0.00391282886267, 0.00165606557857, 0.000329799309839, 0.00014501332771, 5.86795940762e-05, 3.27660964103e-05, 3.03972556139e-05, 1.83466599992e-05, 1.35067639349e-05, 1.23186273413e-05, 1.27517205328e-05, 2.00778613362e-05, 1.22243263831e-05, 1.14570830192e-05, 1.33136654767e-05, 1.46666106957e-05, 1.27590583361e-05, 8.82379117684e-06, 1.17790132208e-05, 1.55070483743e-05, 1.13983869596e-05, 9.02541705727e-06, 8.34810725792e-06, 9.1741048891e-06, 1.07664836833e-05, 1.43916086017e-05, 9.23025982047e-06, 8.01286023489e-06, 1.33583153001e-05, 8.05684521765e-06, 7.28402164896e-06, 6.7366931944e-06, 8.04992669146e-06, 5.8040118347e-06, 6.84822407493e-06, 7.92598802946e-06, 3.01879185827e-06, 2.50377343036e-06],
        "dvar": [3.05873472826e-05, 3.63017898053e-05, 3.7730398617e-05, 6.76440367897e-06, 1.26175507376e-07, 2.21196643224e-08, 4.11479428308e-09, 1.18969323282e-09, 2.52677012647e-09, 6.5375527214e-10, 2.92351032272e-10, 2.4787502606e-10, 4.06982170187e-10, 9.3401242296e-10, 4.37178904189e-10, 3.30147159611e-10, 3.39124145432e-10, 3.17708942488e-10, 2.0274269763e-10, 1.30978505819e-10, 2.70894584542e-10, 3.66635194426e-10, 1.68490235652e-10, 1.47322515298e-10, 1.05357542135e-10, 1.26517823995e-10, 1.92228233331e-10, 3.89059451322e-10, 1.36935782158e-10, 8.41101077675e-11, 2.37360769928e-10, 8.5633090896e-11, 7.32110691515e-11, 7.61704310737e-11, 1.33723060403e-10, 5.1870858303e-11, 1.03389810602e-10, 1.78066672518e-10, 1.70755579815e-11, 1.29776215815e-11],
        "dvar2": [4.04238562624e-05, 4.89023332193e-05, 8.66439295351e-05, 1.8486940462e-05, 3.67822934777e-07, 5.7772798101e-08, 1.12610925029e-08, 2.92413915304e-09, 6.54202558792e-09, 1.66098990118e-09, 6.46197595433e-10, 4.58592941399e-10, 8.63874471957e-10, 2.31016250574e-09, 8.76847483511e-10, 7.09881375904e-10, 7.680336922e-10, 7.59577956089e-10, 4.43402842221e-10, 3.20782678198e-10, 6.69368505068e-10, 9.40365119106e-10, 4.24034724e-10, 3.62722490932e-10, 2.49097104055e-10, 2.86577817032e-10, 4.77702322144e-10, 1.00359209831e-09, 3.34458433171e-10, 2.04829181394e-10, 5.90267168477e-10, 2.02309599628e-10, 1.53167742378e-10, 1.96330673941e-10, 3.57116392014e-10, 1.19998011527e-10, 2.45435116675e-10, 4.42378106369e-10, 4.25675293625e-11, 3.52841436624e-11],
        "max": [0.0372227542102, 0.0412010736763, 0.0397803224623, 0.0176252219826, 0.00300764059648, 0.00124445569236, 0.000554112077225, 0.000460521900095, 0.000661140889861, 0.000298515806207, 0.000179501366802, 0.000202043302124, 0.000317508209264, 0.000370201800251, 0.00024858629331, 0.000156864378368, 0.000149682775373, 0.00014453586482, 0.000130029715365, 0.000197776724235, 0.000149870509631, 0.000147988903336, 0.000106232066173, 9.27400178625e-05, 9.90659827949e-05, 7.41799012758e-05, 0.000105844075733, 0.000170575818629, 7.91561542428e-05, 9.71679910435e-05, 0.000113582704216, 7.69060425228e-05, 6.0151960497e-05, 6.61254161969e-05, 8.11753998278e-05, 4.72227584396e-05, 7.88527468103e-05, 0.000108344029286, 3.08539674734e-05, 2.93482971756e-05],
        "mean": [0.00931667909026, 0.00640292232856, 0.00222448236309, 0.000654879724607, 0.000206776167033, 0.000108765583718, 3.87188956665e-05, 2.35872266785e-05, 1.87780515262e-05, 1.23738236653e-05, 8.84277869773e-06, 8.42999816086e-06, 8.275394066e-06, 1.11372437459e-05, 8.17122872832e-06, 7.87465614849e-06, 9.31382692215e-06, 8.01988153398e-06, 7.73809097154e-06, 5.34985338163e-06, 7.7694785432e-06, 9.75389230007e-06, 8.02092745289e-06, 6.42813665763e-06, 6.05038940193e-06, 6.33170839137e-06, 7.05397496858e-06, 9.65610615822e-06, 6.95741755408e-06, 6.34902744423e-06, 1.05509916466e-05, 6.63198488837e-06, 5.97346934228e-06, 4.13348425354e-06, 4.25871530751e-06, 3.6986075429e-06, 4.58792965219e-06, 5.2855980357e-06, 1.76894707238e-06, 1.21486039006e-06],
        "median": [0.00525613315403, 0.00315096578561, 0.000291361124255, 7.32049084036e-05, 9.01178354979e-05, 3.41999912052e-05, 1.26623308461e-05, 6.27527970209e-06, 3.25720748151e-06, 2.20481911128e-06, 1.70896544205e-06, 1.56493467784e-06, 1.50758000927e-06, 1.53322321239e-06, 1.00067552466e-06, 1.11726171781e-06, 1.64581592799e-06, 1.15924558486e-06, 1.21471725834e-06, 8.46490706863e-07, 1.04399759948e-06, 1.09805432658e-06, 9.36810977237e-07, 7.48515844862e-07, 8.53174526583e-07, 8.93187973361e-07, 1.17174636216e-06, 2.32790193877e-06, 1.20356980915e-06, 1.07651158032e-06, 2.75855927612e-06, 1.41060786518e-06, 1.28135036448e-06, 7.52928940528e-07, 7.17664931926e-07, 8.14844952401e-07, 9.36486230785e-07, 8.03084105883e-07, 2.99003943383e-07, 1.72309896129e-07],
        "min": [1.28628769858e-07, 8.77343154571e-07, 1.11468651198e-07, 6.64441515141e-08, 5.61232909035e-08, 3.04061700263e-08, 1.81906454344e-08, 2.62426187447e-08, 1.84920647683e-08, 2.06907575517e-08, 8.52960546638e-09, 1.65055418222e-08, 1.20169794116e-08, 1.61767133022e-08, 1.49852148468e-08, 1.20918981494e-08, 6.33116048476e-09, 4.61593918644e-09, 5.30064259152e-09, 2.89639223716e-09, 2.45425790801e-09, 2.47243381324e-09, 1.73042280505e-09, 1.83775505924e-09, 1.80817227857e-09, 1.06444120185e-09, 2.0055761496e-09, 2.47134779308e-09, 1.12467546387e-09, 1.75487541165e-10, 1.15407505774e-09, 1.03973607501e-09, 6.67031152535e-10, 6.3345079182e-10, 5.52905499163e-10, 5.23161791666e-10, 4.45665726545e-10, 9.13250239321e-11, 1.29938407256e-10, 1.01744047215e-11],
