{
"highlevel": {
    "danceability": {
        "all": {
            "danceable": 0.999999880791,
            "not_danceable": 1.00000008274e-07
        },
        "probability": 0.999999880791,
        "value": "danceable"
    },
    "gender": {
        "all": {
            "female": 0.613446414471,
            "male": 0.386553585529
        },
        "probability": 0.613446414471,
        "value": "female"
    },
    "genre_dortmund": {
        "all": {
            "alternative": 0.00543594034389,
            "blues": 0.00299607985653,
            "electronic": 0.148797646165,
            "folkcountry": 0.00141245743725,
            "funksoulrnb": 0.00925829540938,
            "jazz": 0.00973554141819,
            "pop": 0.0110151190311,
            "raphiphop": 0.805057108402,
            "rock": 0.0062918276526
        },
        "probability": 0.805057108402,
        "value": "raphiphop"
    },
    "genre_electronic": {
        "all": {
            "ambient": 0.0515133105218,
            "dnb": 0.042361356318,
            "house": 0.177083402872,
            "techno": 0.00992165412754,
            "trance": 0.719120264053
        },
        "probability": 0.719120264053,
        "value": "trance"
    },
    "genre_rosamerica": {
        "all": {
            "cla": 0.000272335426416,
            "dan": 0.663837075233,
            "hip": 0.287425428629,
            "jaz": 0.0002823061659,
            "pop": 0.041452139616,
            "rhy": 0.00413832999766,
            "roc": 0.00239515257999,
            "spe": 0.000197220069822
        },
        "probability": 0.663837075233,
        "value": "dan"
    },
    "genre_tzanetakis": {
        "all": {
            "blu": 0.0660622343421,
            "cla": 0.0366779305041,
            "cou": 0.0825211331248,
            "dis": 0.0660345107317,
            "hip": 0.110081255436,
            "jaz": 0.330360710621,
            "met": 0.066074848175,
            "pop": 0.0660562589765,
            "reg": 0.0660489574075,
            "roc": 0.110082156956
        },
        "probability": 0.330360710621,
        "value": "jaz"
    },
    "ismir04_rhythm": {
        "all": {
            "ChaChaCha": 0.829840362072,
            "Jive": 0.0141519382596,
            "Quickstep": 0.00720727350563,
            "Rumba-American": 0.0345361605287,
            "Rumba-International": 0.00860678590834,
            "Rumba-Misc": 0.00507285166532,
            "Samba": 0.0397206246853,
            "Tango": 0.0534681752324,
            "VienneseWaltz": 0.00483908783644,
            "Waltz": 0.00255672470666
        },
        "probability": 0.829840362072,
        "value": "ChaChaCha"
    },
    "mood_acoustic": {
        "all": {
            "acoustic": 0.00610182061791,
            "not_acoustic": 0.993898153305
        },
        "probability": 0.993898153305,
        "value": "not_acoustic"
    },
    "mood_aggressive": {
        "all": {
            "aggressive": 2.29681836572e-06,
            "not_aggressive": 0.999997675419
        },
        "probability": 0.999997675419,
        "value": "not_aggressive"
    },
    "mood_electronic": {
        "all": {
            "electronic": 0.936230301857,
            "not_electronic": 0.0637696832418
        },
        "probability": 0.936230301857,
        "value": "electronic"
    },
    "mood_happy": {
        "all": {
            "happy": 0.827360928059,
            "not_happy": 0.17263905704
        },
        "probability": 0.827360928059,
        "value": "happy"
    },
    "mood_party": {
        "all": {
            "not_party": 0.194517508149,
            "party": 0.805482506752
        },
        "probability": 0.805482506752,
        "value": "party"
    },
    "mood_relaxed": {
        "all": {
            "not_relaxed": 0.616131901741,
            "relaxed": 0.383868098259
        },
        "probability": 0.616131901741,
        "value": "not_relaxed"
    },
    "mood_sad": {
        "all": {
            "not_sad": 0.869788765907,
            "sad": 0.130211219192
        },
        "probability": 0.869788765907,
        "value": "not_sad"
    },
    "moods_mirex": {
        "all": {
            "Cluster1": 0.112514466047,
            "Cluster2": 0.159500032663,
            "Cluster3": 0.158120393753,
            "Cluster4": 0.221270903945,
            "Cluster5": 0.34859418869
        },
        "probability": 0.34859418869,
        "value": "Cluster5"
    },
    "timbre": {
        "all": {
            "bright": 0.487550646067,
            "dark": 0.512449324131
        },
        "probability": 0.512449324131,
        "value": "dark"
    },
    "tonal_atonal": {
        "all": {
            "atonal": 0.0431322716177,
            "tonal": 0.956867754459
        },
        "probability": 0.956867754459,
        "value": "tonal"
    },
    "voice_instrumental": {
        "all": {
            "instrumental": 0.138501375914,
            "voice": 0.861498594284
        },
        "probability": 0.861498594284,
        "value": "voice"
    }
},
"lowlevel": {
    "average_loudness": 0.836219489574,
    "barkbands_crest": {
        "dmean": 3.9427690506,
        "dmean2": 5.67398548126,
        "dvar": 11.2930212021,
        "dvar2": 21.4531974792,
        "max": 25.4242687225,
        "mean": 12.7551584244,
        "median": 12.4787225723,
        "min": 2.06078076363,
        "var": 34.1126785278
    },
    "barkbands_flatness_db": {
        "dmean": 0.0395049266517,
        "dmean2": 0.0496938973665,
        "dvar": 0.00112645816989,
        "dvar2": 0.00206870120019,
        "max": 0.761798918247,
        "mean": 0.172471657395,
        "median": 0.167817801237,
        "min": 0.0411504916847,
        "var": 0.00551173696294
    },
    "barkbands_kurtosis": {
        "dmean": 7.41015481949,
        "dmean2": 11.2233076096,
        "dvar": 423.420806885,
        "dvar2": 895.511413574,
        "max": 385.318817139,
        "mean": 7.81204080582,
        "median": 1.22087669373,
        "min": -1.92182338238,
        "var": 647.868225098
    },
    "barkbands_skewness": {
        "dmean": 1.15412831306,
        "dmean2": 1.57995176315,
        "dvar": 1.84837055206,
        "dvar2": 3.65818881989,
        "max": 17.4563388824,
        "mean": 1.59119868279,
        "median": 1.10975694656,
        "min": -7.86389541626,
        "var": 4.84999084473
    },
    "barkbands_spread": {
        "dmean": 13.0397005081,
        "dmean2": 20.2464160919,
        "dvar": 195.090484619,
        "dvar2": 520.473632812,
        "max": 120.093551636,
        "mean": 28.099565506,
        "median": 25.4292564392,
        "min": 0.198461443186,
        "var": 294.249206543
    },
    "dissonance": {
        "dmean": 0.0216828025877,
        "dmean2": 0.0367198139429,
        "dvar": 0.000440444273409,
        "dvar2": 0.0011535451049,
        "max": 0.499820798635,
        "mean": 0.465024024248,
        "median": 0.473132699728,
        "min": 0.301590055227,
        "var": 0.000846030714456
    },
    "dynamic_complexity": 1.86027348042,
    "erbbands_crest": {
        "dmean": 4.19610214233,
        "dmean2": 6.77418661118,
        "dvar": 13.7115983963,
        "dvar2": 33.452999115,
        "max": 31.7048377991,
        "mean": 11.5635786057,
        "median": 9.869099617,
        "min": 2.33844828606,
        "var": 37.5657844543
    },
    "erbbands_flatness_db": {
        "dmean": 0.0323002301157,
        "dmean2": 0.0434054397047,
        "dvar": 0.000826443603728,
        "dvar2": 0.00160632177722,
        "max": 0.400274187326,
        "mean": 0.174691841006,
        "median": 0.167650982738,
        "min": 0.0607169605792,
        "var": 0.00336094852537
    },
    "erbbands_kurtosis": {
        "dmean": 1.87712395191,
        "dmean2": 3.08777594566,
        "dvar": 12.2286233902,
        "dvar2": 29.0588665009,
        "max": 66.2408370972,
        "mean": 1.38993251324,
        "median": 0.311167955399,
        "min": -1.75051283836,
        "var": 17.733341217
    },
    "erbbands_skewness": {
        "dmean": 0.590779602528,
        "dmean2": 0.916721582413,
        "dvar": 0.48406329751,
        "dvar2": 1.1795899868,
        "max": 6.97336006165,
        "mean": 0.474835306406,
        "median": 0.418689936399,
        "min": -4.96209049225,
        "var": 0.985386312008
    },
    "erbbands_spread": {
        "dmean": 12.2954702377,
        "dmean2": 18.9907093048,
        "dvar": 157.228302002,
        "dvar2": 366.727783203,
        "max": 152.697494507,
        "mean": 37.0856323242,
        "median": 33.1135826111,
        "min": 3.20174312592,
        "var": 424.44744873
    },
    "hfc": {
        "dmean": 29.9482517242,
        "dmean2": 48.4934082031,
        "dvar": 3398.1796875,
        "dvar2": 9392.52636719,
        "max": 612.475402832,
        "mean": 50.5636940002,
        "median": 31.2690143585,
        "min": 0.00114617252257,
        "var": 3651.11474609
    },
    "melbands_crest": {
        "dmean": 5.81232357025,
        "dmean2": 8.36989498138,
        "dvar": 30.1396427155,
        "dvar2": 54.2823104858,
        "max": 39.2034759521,
        "mean": 20.9350166321,
        "median": 20.8977813721,
        "min": 2.80002713203,
        "var": 93.1688842773
    },
    "melbands_flatness_db": {
        "dmean": 0.0540292412043,
        "dmean2": 0.0647425428033,
        "dvar": 0.00229825940914,
        "dvar2": 0.0041951071471,
        "max": 0.89648026228,
        "mean": 0.202078029513,
        "median": 0.195561915636,
        "min": 0.0272389817983,
        "var": 0.0108068706468
    },
    "melbands_kurtosis": {
        "dmean": 23.0783843994,
        "dmean2": 32.5045280457,
        "dvar": 4030.50854492,
        "dvar2": 7477.09667969,
        "max": 1224.68493652,
        "mean": 30.3870544434,
        "median": 6.34575748444,
        "min": -1.77311396599,
        "var": 7811.24072266
    },
    "melbands_skewness": {
        "dmean": 1.65409433842,
        "dmean2": 2.2265381813,
        "dvar": 4.21317052841,
        "dvar2": 7.65053224564,
        "max": 32.6642150879,
        "mean": 3.19729733467,
        "median": 2.23852038383,
        "min": -3.53690361977,
        "var": 12.8657569885
    },
    "melbands_spread": {
        "dmean": 21.0026283264,
        "dmean2": 32.7044944763,
        "dvar": 1118.82617188,
        "dvar2": 2935.14379883,
        "max": 309.184570312,
        "mean": 34.5748214722,
        "median": 25.2582492828,
        "min": 0.0254548918456,
        "var": 1176.02160645
    },
    "pitch_salience": {
        "dmean": 0.117580197752,
        "dmean2": 0.16005897522,
        "dvar": 0.0111673530191,
        "dvar2": 0.0226132217795,
        "max": 0.950129985809,
        "mean": 0.453900009394,
        "median": 0.450615257025,
        "min": 0.0443311259151,
        "var": 0.0333797521889
    },
    "silence_rate_20dB": {
        "dmean": 0,
        "dmean2": 0,
        "dvar": 0,
        "dvar2": 0,
        "max": 1,
        "mean": 1,
        "median": 1,
        "min": 1,
        "var": 0
    },
    "silence_rate_30dB": {
        "dmean": 0.0835913345218,
        "dmean2": 0.167312160134,
        "dvar": 0.076604641974,
        "dvar2": 0.151715755463,
        "max": 1,
        "mean": 0.780355751514,
        "median": 1,
        "min": 0,
        "var": 0.171402975917
    },
    "silence_rate_60dB": {
        "dmean": 0.00773993786424,
        "dmean2": 0.0154918665066,
        "dvar": 0.00768016278744,
        "dvar2": 0.0168013367802,
        "max": 1,
        "mean": 0.00773395225406,
        "median": 0,
        "min": 0,
        "var": 0.00767413899302
    },
    "spectral_centroid": {
        "dmean": 519.396850586,
        "dmean2": 788.897399902,
        "dvar": 487869.90625,
        "dvar2": 1230599.875,
        "max": 8291.89550781,
        "mean": 2013.64013672,
        "median": 1847.65258789,
        "min": 64.5255432129,
        "var": 780370.625
    },
    "spectral_complexity": {
        "dmean": 6.28560352325,
        "dmean2": 9.15414428711,
        "dvar": 47.9084663391,
        "dvar2": 89.5231628418,
        "max": 62,
        "mean": 21.0904865265,
        "median": 19,
        "min": 0,
        "var": 116.286483765
    },
    "spectral_decrease": {
        "dmean": 7.10271308435e-09,
        "dmean2": 9.18513887171e-09,
        "dvar": 8.38663467642e-17,
        "dvar2": 1.35659777746e-16,
        "max": -8.97852365372e-12,
        "mean": -1.65780829064e-08,
        "median": -8.26688140165e-09,
        "min": -7.73018697942e-08,
        "var": 3.24375899362e-16
    },
    "spectral_energy": {
        "dmean": 0.0271753780544,
        "dmean2": 0.0355092845857,
        "dvar": 0.00118434464093,
        "dvar2": 0.00198752293363,
        "max": 0.293918818235,
        "mean": 0.0671558603644,
        "median": 0.0362689122558,
        "min": 5.74085934204e-05,
        "var": 0.00475521013141
    },
    "spectral_energyband_high": {
        "dmean": 0.0030084324535,
        "dmean2": 0.00503603601828,
        "dvar": 5.08283410454e-05,
        "dvar2": 0.000137753275339,
        "max": 0.0954342484474,
        "mean": 0.00366033706814,
        "median": 0.00163770699874,
        "min": 4.9590431761e-10,
        "var": 4.47188358521e-05
    },
    "spectral_energyband_low": {
        "dmean": 0.0239309221506,
        "dmean2": 0.0309135392308,
        "dvar": 0.00128279486671,
        "dvar2": 0.0020352602005,
        "max": 0.282680690289,
        "mean": 0.0456896089017,
        "median": 0.0108780516312,
        "min": 4.49461223795e-09,
        "var": 0.00436181901023
    },
    "spectral_energyband_middle_high": {
        "dmean": 0.00633003236726,
        "dmean2": 0.00978814717382,
        "dvar": 0.000108037675091,
        "dvar2": 0.000281538144918,
        "max": 0.115508578718,
        "mean": 0.0110867880285,
        "median": 0.00745829753578,
        "min": 4.59300579791e-08,
        "var": 0.000142763878102
    },
    "spectral_energyband_middle_low": {
        "dmean": 0.00465101888403,
        "dmean2": 0.00733439903706,
        "dvar": 7.69870675867e-05,
        "dvar2": 0.000206464770599,
        "max": 0.0721725896001,
        "mean": 0.00726350909099,
        "median": 0.00437462609261,
        "min": 2.43142835643e-07,
        "var": 7.82546194387e-05
    },
    "spectral_entropy": {
        "dmean": 0.260138779879,
        "dmean2": 0.36950802803,
        "dvar": 0.0679577291012,
        "dvar2": 0.152051493526,
        "max": 8.81456661224,
        "mean": 7.78325462341,
        "median": 7.81740283966,
        "min": 4.51982116699,
        "var": 0.20589672029
    },
    "spectral_flux": {
        "dmean": 0.0485933870077,
        "dmean2": 0.0733733922243,
        "dvar": 0.00297034927644,
        "dvar2": 0.0054654343985,
        "max": 0.477301746607,
        "mean": 0.136366248131,
        "median": 0.112784087658,
        "min": 0.0110874557868,
        "var": 0.00737827969715
    },
    "spectral_kurtosis": {
        "dmean": 1.8340780735,
        "dmean2": 2.80696296692,
        "dvar": 57.4426460266,
        "dvar2": 120.842735291,
        "max": 238.305541992,
        "mean": 2.62194395065,
        "median": 1.82975721359,
        "min": -1.40218126774,
        "var": 80.5812225342
    },
    "spectral_rms": {
        "dmean": 0.00169352570083,
        "dmean2": 0.00210345559753,
        "dvar": 2.93364541903e-06,
        "dvar2": 4.85868986289e-06,
        "max": 0.0169336963445,
        "mean": 0.00713201891631,
        "median": 0.00594847090542,
        "min": 0.000236660911469,
        "var": 1.46521888382e-05
    },
    "spectral_rolloff": {
        "dmean": 1708.57275391,
        "dmean2": 2787.33789062,
        "dvar": 5508360,
        "dvar2": 12474766,
        "max": 12015.5273438,
        "mean": 2518.23193359,
        "median": 1335.05859375,
        "min": 43.06640625,
        "var": 7531947.5
    },
    "spectral_skewness": {
        "dmean": 0.297049373388,
        "dmean2": 0.463761866093,
        "dvar": 0.213109701872,
        "dvar2": 0.497313886881,
        "max": 12.8458824158,
        "mean": 1.15302062035,
        "median": 1.15698301792,
        "min": -0.380001991987,
        "var": 0.435210645199
    },
    "spectral_spread": {
        "dmean": 1279169.375,
        "dmean2": 1899540.875,
        "dvar": 1.95030745088e+12,
        "dvar2": 4.40602250445e+12,
        "max": 15430693,
        "mean": 5639535,
        "median": 5123684,
        "min": 725902.1875,
        "var": 5.16312845517e+12
    },
    "spectral_strongpeak": {
        "dmean": 0.951197385788,
        "dmean2": 1.64335048199,
        "dvar": 2.5195171833,
        "dvar2": 6.68928670883,
        "max": 13.5032873154,
        "mean": 1.27810680866,
        "median": 0.646801888943,
        "min": 0,
        "var": 2.61852121353
    },
    "zerocrossingrate": {
        "dmean": 0.0312775895,
        "dmean2": 0.0349686518312,
        "dvar": 0.00102480198257,
        "dvar2": 0.00134409789462,
        "max": 0.40380859375,
        "mean": 0.0857528373599,
        "median": 0.072265625,
        "min": 0.0009765625,
        "var": 0.00362346204929
    },
    "barkbands": {
        "dmean": [0.00406632432714, 0.0202711187303, 0.00305893924087, 0.00146074593067, 0.00107477779966, 0.000445469719125, 0.000569056370296, 0.00110678980127, 0.00110177299939, 0.00156778120436, 0.00110647291876, 0.00137658661697, 0.00202657980844, 0.000873742741533, 0.000609805516433, 0.000461703486508, 0.00038144653081, 0.000211759208469, 0.000187085446669, 0.000381312449463, 0.000749523227569, 0.000297217135085, 0.000373565097107, 0.000678446143866, 0.000809524732176, 0.000348775531165, 1.39879921335e-06],
        "dmean2": [0.0048090913333, 0.0273106824607, 0.00550629990175, 0.00240687839687, 0.00176551542245, 0.000750050065108, 0.000907800742425, 0.00175049493555, 0.00176399236079, 0.00254488387145, 0.00169948220719, 0.0021829449106, 0.00321292947046, 0.00147478375584, 0.000973670161329, 0.000736907531973, 0.000642632832751, 0.000348214292899, 0.000306637171889, 0.000610230432358, 0.00128128554206, 0.000507323362399, 0.000607038033195, 0.00120143417735, 0.00140609708615, 0.000604025088251, 2.43804811362e-06],
        "dvar": [5.28708769707e-05, 0.0010809993837, 0.00017147163453, 2.17939232243e-05, 8.81393953023e-06, 1.15268426271e-06, 3.00441683976e-06, 5.44593922314e-06, 6.19147658654e-06, 3.76812131435e-05, 6.06864705333e-06, 9.4992110462e-06, 1.72093004949e-05, 2.68815233539e-06, 1.03045954347e-06, 5.64970491723e-07, 4.18423212523e-07, 1.51729039999e-07, 1.15223890873e-07, 4.88348916861e-07, 1.45446301758e-05, 7.95887160621e-07, 3.66820927411e-07, 2.84874090539e-06, 3.66136578123e-06, 6.43115697585e-07, 5.8268320724e-11],
        "dvar2": [8.10923665995e-05, 0.00183334748726, 0.000487990211695, 6.10566276009e-05, 2.33221453527e-05, 2.9222910598e-06, 7.72694420448e-06, 1.18514335554e-05, 1.5946538042e-05, 0.000102911930298, 1.25669548652e-05, 2.0196854166e-05, 4.06585932069e-05, 6.94994514561e-06, 2.39022710957e-06, 1.30044577418e-06, 1.0984894061e-06, 3.65657740531e-07, 2.93855350719e-07, 1.26864699723e-06, 4.04518650612e-05, 2.21138475354e-06, 9.784073427e-07, 8.30009139463e-06, 1.04489417936e-05, 1.80864503818e-06, 1.64723581997e-10],
        "max": [0.0944406315684, 0.251965254545, 0.123461216688, 0.0404821410775, 0.0258781760931, 0.00823118165135, 0.0382485575974, 0.0290275737643, 0.0301235951483, 0.0785649418831, 0.0467113517225, 0.0397035554051, 0.0527169667184, 0.0225224532187, 0.0141805401072, 0.00708655873314, 0.00618196465075, 0.00402268907055, 0.00323192798533, 0.00788676645607, 0.0724842995405, 0.0127826482058, 0.00896301679313, 0.0153264496475, 0.018427753821, 0.010673920624, 0.000100926037703],
        "mean": [0.00645501725376, 0.0366348475218, 0.00226998282596, 0.00133202318102, 0.00114518858027, 0.000469353428343, 0.000694019137882, 0.00160929723643, 0.00158312078565, 0.0018054334214, 0.00138558505569, 0.00180868501775, 0.00259827636182, 0.00105769280344, 0.00081315258285, 0.000586511800066, 0.000460083421785, 0.000266055256361, 0.000245119997999, 0.000533674610779, 0.000794638996013, 0.000349519454176, 0.000557602557819, 0.000614138436504, 0.000769210921135, 0.000316135265166, 1.16826299745e-06],
        "median": [0.000873895944096, 0.00688532181084, 9.8478019936e-05, 0.00020637534908, 0.000226509931963, 9.14561605896e-05, 0.000196234905161, 0.000288751529297, 0.000421127275331, 0.00046728234156, 0.000325247267028, 0.00044783638441, 0.00077025720384, 0.000394823087845, 0.000313257216476, 0.000238390333834, 0.000213852661545, 0.000112023415568, 0.000116674709716, 0.000276127946563, 0.0003531119728, 0.00017892861797, 0.000348105531884, 0.000103222329926, 7.10461317794e-05, 2.50125394814e-05, 1.12003539776e-09],
        "min": [6.56367321605e-11, 8.43963621211e-10, 4.29206364894e-10, 1.38949107775e-09, 5.40831690543e-09, 1.62810442905e-09, 2.35856578712e-08, 5.14079481206e-08, 3.9803915719e-09, 5.04640818022e-09, 6.85425405322e-09, 1.07694360096e-08, 4.5789816383e-09, 3.41447448093e-09, 7.45042960659e-09, 2.64036237319e-09, 1.32165378641e-09, 5.52143442079e-10, 2.74902794972e-10, 1.78977818677e-10, 1.03693546805e-10, 8.36889724187e-11, 7.88862100642e-11, 4.74316627641e-11, 1.87953940606e-11, 1.69899962155e-11, 1.40808493337e-11],
        "var": [0.0001528201974, 0.00306655350141, 0.000105017832539, 1.54987064889e-05, 7.64696778788e-06, 1.1429171991e-06, 2.99300631923e-06, 1.15561224447e-05, 9.97651568468e-06, 3.02023800032e-05, 1.24792022689e-05, 1.83055399248e-05, 3.16852238029e-05, 3.15597094414e-06, 1.64856794527e-06, 7.93184653958e-07, 4.35891337247e-07, 1.87031076848e-07, 1.19303450674e-07, 5.55863948648e-07, 9.17417855817e-06, 5.64672973269e-07, 4.56049150444e-07, 2.21816662815e-06, 3.33742536895e-06, 5.63360060823e-07, 4.14535211712e-11]
    },
    "erbbands": {
        "dmean": [1.14024305344, 3.24671649933, 3.73041534424, 4.27886581421, 3.80498981476, 3.60841917992, 3.61014246941, 3.74047017097, 6.87554645538, 13.1065540314, 27.0511112213, 29.8228855133, 23.7076587677, 52.1373062134, 57.3224754333, 64.6159286499, 94.2005844116, 50.3278007507, 32.8093528748, 29.8596916199, 22.131652832, 18.8560791016, 14.0705633163, 8.59821796417, 11.7517652512, 18.3151340485, 31.3709278107, 21.7550373077, 10.8969678879, 11.4210557938, 10.8991603851, 8.51037216187, 15.9326276779, 11.3023300171, 4.96943759918, 1.90404307842, 0.650925934315, 0.0455434061587, 0.00103922456037, 8.51729419082e-05],
        "dmean2": [1.41239082813, 4.76789855957, 6.38649129868, 7.07625150681, 6.00945472717, 5.91469669342, 6.00806283951, 6.22625207901, 10.9829645157, 21.0737609863, 41.3969535828, 47.4611625671, 36.5997657776, 85.098236084, 87.5565032959, 102.370628357, 147.302886963, 84.4803314209, 53.1292304993, 48.2077865601, 36.0161056519, 31.8515205383, 23.1480369568, 14.0712766647, 18.813533783, 29.0837860107, 53.8807868958, 36.6796951294, 18.4709281921, 18.8771419525, 17.8454284668, 14.2764282227, 28.5174102783, 19.6227283478, 8.73783493042, 3.32290935516, 1.10219323635, 0.0778610482812, 0.00176382542122, 0.000140165386256],
        "dvar": [3.08524394035, 45.6376571655, 221.441177368, 203.605819702, 111.878860474, 90.1505813599, 109.27722168, 80.1521835327, 640.046936035, 1362.28942871, 3101.48950195, 4890.01269531, 5319.17285156, 48697.9765625, 15356.8779297, 20957.2578125, 38294.6953125, 8204.03515625, 3355.33813477, 2917.88891602, 1408.59863281, 1215.88696289, 628.877258301, 249.125152588, 427.136474609, 1067.60473633, 26263.2753906, 7334.14257812, 1127.47131348, 595.073669434, 285.935974121, 209.654556274, 2099.60229492, 835.612548828, 149.785430908, 22.6231822968, 1.89010834694, 0.0154197728261, 9.70234304987e-06, 4.36951808069e-08],
        "dvar2": [4.30217981339, 108.551826477, 603.687927246, 564.081970215, 294.934631348, 232.229202271, 284.839111328, 197.941055298, 1647.06152344, 3619.38964844, 6311.84375, 12918.3623047, 11236.0820312, 135647.9375, 32127.9375, 44119.7695312, 88910.0078125, 21042.1484375, 8236.09960938, 6929.79296875, 3336.87524414, 3192.04736328, 1560.36047363, 620.388793945, 1098.09204102, 2691.29296875, 73739.4765625, 19400.5273438, 3161.39794922, 1653.16687012, 758.572998047, 598.283935547, 6142.19189453, 2384.01293945, 433.517486572, 64.535369873, 5.19626808167, 0.0439396798611, 2.7811693144e-05, 1.2647302583e-07],
        "max": [14.0545434952, 61.2774429321, 142.279251099, 127.87159729, 94.8244476318, 80.9737243652, 190.626464844, 88.0350952148, 678.167541504, 823.710388184, 780.387329102, 904.564086914, 1956.18005371, 2705.71875, 1736.95446777, 1991.96594238, 2570.46582031, 1258.24609375, 974.238464355, 782.318786621, 446.585388184, 332.250305176, 274.269378662, 132.973999023, 235.428543091, 334.654510498, 3074.59887695, 1553.33996582, 444.037384033, 341.636993408, 249.314025879, 156.470809937, 414.556365967, 243.154937744, 151.872131348, 62.7700996399, 15.8233366013, 1.8189252615, 0.0481181591749, 0.00311871175654],
        "mean": [1.94974327087, 4.63172912598, 3.10412764549, 3.85611796379, 3.90321993828, 3.81554532051, 3.81007480621, 3.99129629135, 8.46477413177, 18.5982398987, 39.4103050232, 43.8773612976, 31.9931545258, 59.0064239502, 77.9976654053, 92.0970535278, 124.224273682, 63.8546867371, 46.095123291, 38.0458030701, 29.1800689697, 22.6363430023, 18.0302944183, 11.5024089813, 16.7095870972, 25.9422035217, 33.2636680603, 24.4302520752, 12.8069438934, 15.5751314163, 15.7851305008, 9.28748893738, 13.2053556442, 9.93680477142, 4.85426616669, 1.69189703465, 0.595106065273, 0.0405687913299, 0.00101065589115, 0.000145928934216],
        "median": [0.349122911692, 0.672799706459, 0.28735306859, 0.691639840603, 0.662774205208, 0.715300321579, 0.781628906727, 0.826385915279, 2.49613881111, 5.41277313232, 11.8597173691, 13.7599096298, 10.755812645, 15.0667486191, 25.1577281952, 31.1822986603, 39.6462593079, 29.0253505707, 21.2003211975, 16.4276599884, 13.0769176483, 10.4326248169, 8.08273887634, 5.24469661713, 8.7168340683, 14.0259008408, 14.1778450012, 11.3758573532, 6.55645799637, 9.16907024384, 9.88089466095, 3.69823598862, 1.24390006065, 0.785220682621, 0.408377826214, 0.155380606651, 0.0419250279665, 0.0026226202026, 0.00012088004587, 7.50274703023e-05],
        "min": [9.6452311027e-08, 8.27957421734e-07, 8.38170126372e-06, 3.65621849596e-06, 1.1887214896e-05, 1.63873828569e-05, 1.36211847348e-05, 5.82667016715e-05, 0.000188358040759, 0.000776654283982, 0.000904966553207, 0.000263684458332, 9.8129210528e-05, 0.000239022047026, 0.000264638685621, 0.000518122629728, 0.000228630960919, 0.00021411581838, 0.000386825791793, 0.000300922692986, 0.000122704310343, 6.11361174379e-05, 2.63349156739e-05, 2.4948234568e-05, 1.33010153149e-05, 8.49172283779e-06, 4.40731355411e-06, 4.07893321608e-06, 3.05413914248e-06, 2.16108628592e-06, 2.41482462116e-06, 1.40151473715e-06, 7.06241962689e-07, 4.5991291131e-07, 2.85967985292e-07, 1.64593359386e-07, 9.01069370229e-08, 2.81500422972e-08, 3.12474739417e-08, 6.22824529728e-08],
        "var": [9.31946468353, 66.5362625122, 151.856658936, 138.391693115, 95.5894088745, 83.0972061157, 98.1973571777, 84.104675293, 584.005249023, 1791.33203125, 6892.40234375, 7295.30371094, 8915.41015625, 35951.4648438, 30457.4238281, 42252.3671875, 74050.84375, 9491.40722656, 4928.16894531, 4283.42285156, 1782.19592285, 1143.140625, 767.448181152, 271.815917969, 483.424926758, 1294.96374512, 16191.3173828, 5274.80615234, 780.582458496, 524.889831543, 364.610992432, 194.857025146, 1559.46643066, 732.316101074, 131.217651367, 17.3894252777, 1.9447453022, 0.0121963331476, 7.71090526541e-06, 4.64540619305e-08]
    },
    "gfcc": {
        "mean": [21.8373146057, 50.8424224854, -136.273406982, 31.2033996582, -61.6958274841, 41.0009918213, -19.876373291, 12.4242258072, -12.6309776306, 13.2104349136, -9.25719547272, 1.43226158619, -6.69255113602],
        "cov": [[4827.27539062, -1082.98657227, 1136.2755127, 54.7896385193, 421.175689697, 521.516296387, -489.820373535, 354.428222656, -686.76385498, 166.732574463, -435.856903076, 222.020202637, -353.275421143], [-1082.98657227, 3038.12841797, -96.576789856, 872.703186035, 415.497039795, -232.495773315, 740.241271973, -313.672302246, 644.170837402, -294.593536377, 315.130584717, -260.040649414, 198.8878479], [1136.2755127, -96.576789856, 2077.17675781, 444.06652832, 914.149963379, 615.142333984, 4.69735479355, 352.437133789, -232.402313232, 126.968132019, -208.679718018, 128.552658081, -174.875656128], [54.7896385193, 872.703186035, 444.06652832, 810.715576172, 444.990753174, 227.594528198, 327.543121338, -28.3546714783, 233.353042603, -46.5139045715, 103.270301819, -55.4340057373, 79.049911499], [421.175689697, 415.497039795, 914.149963379, 444.990753174, 857.211608887, 442.416412354, 241.110122681, 158.019943237, 2.07211709023, 43.0212020874, -20.7939071655, 42.0800476074, -44.0299873352], [521.516296387, -232.495773315, 615.142333984, 227.594528198, 442.416412354, 599.964416504, 162.862731934, 183.168579102, -58.8369483948, 92.7787017822, 0.927371025085, 82.7068710327, -24.2519454956], [-489.820373535, 740.241271973, 4.69735479355, 327.543121338, 241.110122681, 162.862731934, 576.128845215, 36.3113479614, 277.971405029, -8.33254909515, 142.714447021, -38.8729057312, 89.7476730347], [354.428222656, -313.672302246, 352.437133789, -28.3546714783, 158.019943237, 183.168579102, 36.3113479614, 284.886016846, -33.6697463989, 97.2628479004, -51.1963386536, 38.6965293884, -59.412437439], [-686.76385498, 644.170837402, -232.402313232, 233.353042603, 2.07211709023, -58.8369483948, 277.971405029, -33.6697463989, 383.949127197, -8.25246715546, 156.452804565, -75.7139511108, 90.8819274902], [166.732574463, -294.593536377, 126.968132019, -46.5139045715, 43.0212020874, 92.7787017822, -8.33254909515, 97.2628479004, -8.25246715546, 167.687225342, 6.93198013306, 30.5803718567, -38.3897247314], [-435.856903076, 315.130584717, -208.679718018, 103.270301819, -20.7939071655, 0.927371025085, 142.714447021, -51.1963386536, 156.452804565, 6.93198013306, 192.686187744, -16.9139347076, 64.8030090332], [222.020202637, -260.040649414, 128.552658081, -55.4340057373, 42.0800476074, 82.7068710327, -38.8729057312, 38.6965293884, -75.7139511108, 30.5803718567, -16.9139347076, 144.93598938, -1.12296652794], [-353.275421143, 198.8878479, -174.875656128, 79.049911499, -44.0299873352, -24.2519454956, 89.7476730347, -59.412437439, 90.8819274902, -38.3897247314, 64.8030090332, -1.12296652794, 158.767593384]],
        "icov": [[0.000460701645352, -0.000269466429017, 0.000224924850045, -0.000467019563075, 0.000199367495952, -0.000403918995289, 0.000381729361834, -0.000499873131048, 0.000747550453525, -0.000510231766384, 0.000754233798943, -0.000568251882214, 0.000570538337342], [-0.000269466429017, 0.00163631269243, -0.000507076038048, -1.90056398424e-05, -0.000928573717829, 0.00143703701906, -0.00125077017583, 0.00121276325081, -0.00132562883664, 0.00189886661246, -0.00147722975817, 0.00131395948119, -0.000245399598498], [0.000224924850045, -0.000507076038048, 0.00169762619771, -0.000883624597918, -0.000669714878313, -0.000738439324778, 0.000867265916895, -0.00128817767836, 0.000940819503739, -0.000920221093111, 0.00150917842984, -0.00103777647018, 0.000790308578871], [-0.000467019563075, -1.90056398424e-05, -0.000883624597918, 0.00359328347258, -0.000850740878377, -0.000367507454939, -0.000479839101899, 0.00155398272909, -0.00207094638608, 0.00097340013599, -0.00100267888047, 0.00133757980075, -0.0013774940744], [0.000199367495952, -0.000928573717829, -0.000669714878313, -0.000850740878377, 0.00389943877235, -0.00176716933493, -0.000159393253853, -0.000681459147017, 0.00105536787305, -0.00085427518934, 0.000914314121474, -0.000843254616484, 0.000749487255234], [-0.000403918995289, 0.00143703701906, -0.000738439324778, -0.000367507454939, -0.00176716933493, 0.0051357424818, -0.00199528690428, -1.0656835002e-05, 0.000178291360498, 0.000751754792873, -0.00246739457361, 0.000401748431614, -0.000821345369332], [0.000381729361834, -0.00125077017583, 0.000867265916895, -0.000479839101899, -0.000159393253853, -0.00199528690428, 0.00485554290935, -0.00179869984277, -0.00084049574798, -0.000869870884344, 0.000712358858436, -0.000988030107692, -0.000183373413165], [-0.000499873131048, 0.00121276325081, -0.00128817767836, 0.00155398272909, -0.000681459147017, -1.0656835002e-05, -0.00179869984277, 0.00761668337509, -0.00251716095954, -0.000606731453445, 6.75245610182e-05, 0.00118841498625, 0.000127310748212], [0.000747550453525, -0.00132562883664, 0.000940819503739, -0.00207094638608, 0.00105536787305, 0.000178291360498, -0.00084049574798, -0.00251716095954, 0.00871089473367, -0.00284660514444, -0.000900490500499, -6.60464793327e-05, -6.30615249975e-05], [-0.000510231766384, 0.00189886661246, -0.000920221093111, 0.00097340013599, -0.00085427518934, 0.000751754792873, -0.000869870884344, -0.000606731453445, -0.00284660514444, 0.0109456125647, -0.00370499375276, 0.000903028936591, 0.000925042841118], [0.000754233798943, -0.00147722975817, 0.00150917842984, -0.00100267888047, 0.000914314121474, -0.00246739457361, 0.000712358858436, 6.75245610182e-05, -0.000900490500499, -0.00370499375276, 0.0117247570306, -0.00253265746869, 5.63023104405e-06], [-0.000568251882214, 0.00131395948119, -0.00103777647018, 0.00133757980075, -0.000843254616484, 0.000401748431614, -0.000988030107692, 0.00118841498625, -6.60464793327e-05, 0.000903028936591, -0.00253265746869, 0.0104527259246, -0.00252489373088], [0.000570538337342, -0.000245399598498, 0.000790308578871, -0.0013774940744, 0.000749487255234, -0.000821345369332, -0.000183373413165, 0.000127310748212, -6.30615249975e-05, 0.000925042841118, 5.63023104405e-06, -0.00252489373088, 0.00990507937968]]
    },
    "melbands": {
        "dmean": [0.00740198977292, 0.00255380361341, 0.000725295336451, 0.000264065369265, 0.00012999070168, 8.51966178743e-05, 0.000106105100713, 0.000161043542903, 0.000228307952057, 0.000167875303305, 0.000121359415061, 0.000222776347073, 0.000161915711942, 0.000181516486919, 0.000223578957957, 0.00013967990526, 9.94573056232e-05, 5.43144778931e-05, 3.55196389137e-05, 4.14847090724e-05, 2.41922771238e-05, 1.99265141418e-05, 1.8365761207e-05, 1.06303414213e-05, 6.86792509441e-06, 6.93207994118e-06, 1.22701767395e-05, 1.24993912323e-05, 1.60202307598e-05, 2.46044673986e-05, 1.00767138065e-05, 6.42527083983e-06, 5.32537569597e-06, 7.2814559644e-06, 7.19262152415e-06, 5.23235530636e-06, 5.00687019667e-06, 1.05661611087e-05, 1.13522637548e-05, 9.05131491891e-06],
        "dmean2": [0.00928683951497, 0.00399142690003, 0.00117619673256, 0.00043189295684, 0.000212877159356, 0.000142354678246, 0.000168932587258, 0.000259701831965, 0.000344909494743, 0.000269751588348, 0.000187588098925, 0.000368086155504, 0.00024441696587, 0.000282334745862, 0.000354297168087, 0.000223598908633, 0.000167401900399, 8.83591928869e-05, 5.7410721638e-05, 6.65991901769e-05, 3.99580058001e-05, 3.41465711244e-05, 3.01841282635e-05, 1.7231588572e-05, 1.14808199214e-05, 1.1289154827e-05, 1.96984947252e-05, 2.01125458261e-05, 2.71618355328e-05, 4.30624750152e-05, 1.69482991623e-05, 1.11100735012e-05, 8.91611398401e-06, 1.21531893456e-05, 1.18654807011e-05, 8.66880418471e-06, 8.41000201035e-06, 1.90264909179e-05, 1.99505029741e-05, 1.55905690917e-05],
        "dvar": [0.000126276572701, 5.40469227417e-05, 5.34535911356e-06, 5.23304947819e-07, 1.36813511631e-07, 4.25134984994e-08, 1.2011707895e-07, 1.65514592254e-07, 1.79780457188e-07, 1.6048952034e-07, 1.45593261891e-07, 9.58037503551e-07, 1.28419571865e-07, 1.39747768912e-07, 1.75118586299e-07, 8.78507435687e-08, 3.64405821074e-08, 1.02153121517e-08, 3.67288599534e-09, 4.59783944251e-09, 2.00472771716e-09, 1.59867341587e-09, 8.2836715265e-10, 4.63112659332e-10, 1.59710800141e-10, 1.66826871761e-10, 5.01965746746e-10, 5.03379116168e-10, 3.67605057505e-09, 2.19040163785e-08, 8.82469097796e-10, 4.04874300752e-10, 1.90465712646e-10, 1.99298466619e-10, 1.22584789541e-10, 6.83471196306e-11, 7.17709572329e-11, 9.85737713677e-10, 7.62897633955e-10, 5.57589308059e-10],
        "dvar2": [0.000186090022908, 0.000135053604026, 1.44465939229e-05, 1.39188227877e-06, 3.49402625943e-07, 1.05132087924e-07, 3.05959076741e-07, 4.37410420773e-07, 3.69724972415e-07, 4.29514500411e-07, 3.15734979495e-07, 2.67179302682e-06, 2.57023827999e-07, 2.88735066079e-07, 4.13565800272e-07, 2.15675214577e-07, 9.43088096506e-08, 2.55450594011e-08, 8.26195023507e-09, 1.06501172326e-08, 4.88676787924e-09, 4.26484625393e-09, 2.11245687609e-09, 1.14093312575e-09, 4.06279454523e-10, 4.31366969922e-10, 1.28269761479e-09, 1.31352129173e-09, 9.93278703731e-09, 6.22363955927e-08, 2.27340080095e-09, 1.14475262603e-09, 5.15505693688e-10, 5.54699008948e-10, 3.17905646252e-10, 1.92563132106e-10, 2.02429212282e-10, 2.88530199732e-09, 2.20219420477e-09, 1.596394128e-09],
        "max": [0.088771790266, 0.067799270153, 0.0201407000422, 0.00634130369872, 0.00704794609919, 0.00225865934044, 0.0089357951656, 0.00857856869698, 0.0056712757796, 0.00554141681641, 0.00971977412701, 0.0121174277738, 0.00687261298299, 0.00470156176016, 0.00562988640741, 0.00513909012079, 0.00285982969217, 0.00160968885757, 0.000762789102737, 0.000924057443626, 0.000574971258175, 0.000394443282858, 0.000245544331847, 0.000230827776249, 0.000103802645754, 0.000138531380799, 0.000278339924989, 0.000229847981245, 0.00112073216587, 0.00280196079984, 0.000439666124294, 0.000255007704254, 0.00021104971529, 0.000174378568772, 0.000165943114553, 9.78450407274e-05, 8.92361131264e-05, 0.000331157556502, 0.000229710232816, 0.000186911129276],
        "mean": [0.0132947703823, 0.00295495102182, 0.000678129785229, 0.000279774802038, 0.00014040703536, 8.97091231309e-05, 0.000130742628244, 0.000231575526414, 0.000339800433721, 0.000240066263359, 0.000155674293637, 0.000241478352109, 0.000213806750253, 0.000244666531216, 0.000297781254631, 0.000181152296136, 0.000118634263345, 7.34028872102e-05, 4.68371290481e-05, 5.24867573404e-05, 3.02600255964e-05, 2.25905714615e-05, 2.25089825108e-05, 1.2838899238e-05, 8.57554368849e-06, 9.0478833954e-06, 1.68785645656e-05, 1.66870013345e-05, 1.79702092282e-05, 2.30312653002e-05, 1.16508781502e-05, 6.95123844707e-06, 6.50366700938e-06, 9.72440830083e-06, 1.01124032881e-05, 6.34020443613e-06, 4.99846964885e-06, 8.65285164764e-06, 9.29046473175e-06, 7.95147298049e-06],
        "median": [0.00248992536217, 0.000438104267232, 0.000120096010505, 4.62546304334e-05, 2.92877703032e-05, 1.84613818419e-05, 3.77365395252e-05, 6.01735773671e-05, 0.000114012029371, 6.8280925916e-05, 4.07624029322e-05, 5.1190265367e-05, 6.11821596976e-05, 7.16717186151e-05, 9.20868042158e-05, 5.94530647504e-05, 4.43294084107e-05, 3.14595017699e-05, 1.82755211426e-05, 2.06579588848e-05, 1.27346011141e-05, 1.00213301266e-05, 1.00507131719e-05, 4.97163591717e-06, 3.49892752638e-06, 4.51568803328e-06, 8.06076423032e-06, 8.54588142829e-06, 7.9150113379e-06, 8.308953511e-06, 5.77351192987e-06, 3.34470655616e-06, 3.27886527884e-06, 5.70075098949e-06, 6.00176963417e-06, 3.2168902635e-06, 1.42522958413e-06, 7.01497185673e-07, 6.34056334547e-07, 6.33625234059e-07],
        "min": [1.60379987069e-10, 4.72657302186e-10, 1.04719910521e-09, 1.37597888639e-09, 4.1854689159e-10, 6.1737603918e-10, 2.65974220426e-09, 1.18826610773e-08, 6.51745368785e-09, 7.09935332743e-10, 4.83940998386e-10, 9.79250680544e-10, 8.38907665557e-10, 1.45641321225e-09, 8.60678972536e-10, 4.95857466198e-10, 3.47072509621e-10, 6.14736483939e-10, 3.52734702558e-10, 2.62423249797e-10, 1.17840334712e-10, 7.50184220299e-11, 2.85637381803e-11, 2.13643564645e-11, 2.01483361245e-11, 1.07590030635e-11, 8.15905849827e-12, 4.81121869775e-12, 2.47477103914e-12, 2.80609151367e-12, 2.14073420449e-12, 1.78060550245e-12, 1.45692540063e-12, 1.03711603108e-12, 1.34120752698e-12, 1.29533341518e-12, 7.15263297809e-13, 3.32003169531e-13, 1.41314748531e-13, 1.43816436624e-13],
