{
"highlevel": {
    "danceability": {
        "all": {
            "danceable": 0.522872567177,
            "not_danceable": 0.477127432823
        },
        "probability": 0.522872567177,
        "value": "danceable"
    },
    "gender": {
        "all": {
            "female": 0.32259580493,
            "male": 0.677404165268
        },
        "probability": 0.677404165268,
        "value": "male"
    },
    "genre_dortmund": {
        "all": {
            "alternative": 0.0635124370456,
            "blues": 0.0191440954804,
            "electronic": 0.0201729740947,
            "folkcountry": 0.0312998406589,
            "funksoulrnb": 0.0119236567989,
            "jazz": 0.0158419776708,
            "pop": 0.0155569426715,
            "raphiphop": 0.00437871087343,
            "rock": 0.818169355392
        },
        "probability": 0.818169355392,
        "value": "rock"
    },
    "genre_electronic": {
        "all": {
            "ambient": 0.248511657119,
            "dnb": 0.186360552907,
            "house": 0.112237282097,
            "techno": 0.0199020635337,
            "trance": 0.43298843503
        },
        "probability": 0.43298843503,
        "value": "trance"
    },
    "genre_rosamerica": {
        "all": {
            "cla": 0.000219821653445,
            "dan": 0.0678783580661,
            "hip": 0.00124805362429,
            "jaz": 0.000153158805915,
            "pop": 0.00819696392864,
            "rhy": 0.00213091750629,
            "roc": 0.92004275322,
            "spe": 0.000129963867948
        },
        "probability": 0.92004275322,
        "value": "roc"
    },
    "genre_tzanetakis": {
        "all": {
            "blu": 0.0626541376114,
            "cla": 0.0348133966327,
            "cou": 0.0783501937985,
            "dis": 0.104547761381,
            "hip": 0.15693578124,
            "jaz": 0.313987255096,
            "met": 0.044816005975,
            "pop": 0.0627349764109,
            "reg": 0.0627352520823,
            "roc": 0.0784252434969
        },
        "probability": 0.313987255096,
        "value": "jaz"
    },
    "ismir04_rhythm": {
        "all": {
            "ChaChaCha": 0.115785591304,
            "Jive": 0.339309573174,
            "Quickstep": 0.0299121681601,
            "Rumba-American": 0.0126853846014,
            "Rumba-International": 0.0953642129898,
            "Rumba-Misc": 0.0344069674611,
            "Samba": 0.0954560041428,
            "Tango": 0.0375485941768,
            "VienneseWaltz": 0.224182844162,
            "Waltz": 0.0153486626223
        },
        "probability": 0.339309573174,
        "value": "Jive"
    },
    "mood_acoustic": {
        "all": {
            "acoustic": 1.25595178702e-07,
            "not_acoustic": 0.999999880791
        },
        "probability": 0.999999880791,
        "value": "not_acoustic"
    },
    "mood_aggressive": {
        "all": {
            "aggressive": 0.943315386772,
            "not_aggressive": 0.0566846355796
        },
        "probability": 0.943315386772,
        "value": "aggressive"
    },
    "mood_electronic": {
        "all": {
            "electronic": 0.211452126503,
            "not_electronic": 0.788547873497
        },
        "probability": 0.788547873497,
        "value": "not_electronic"
    },
    "mood_happy": {
        "all": {
            "happy": 0.857163190842,
            "not_happy": 0.142836809158
        },
        "probability": 0.857163190842,
        "value": "happy"
    },
    "mood_party": {
        "all": {
            "not_party": 0.77727073431,
            "party": 0.222729280591
        },
        "probability": 0.77727073431,
        "value": "not_party"
    },
    "mood_relaxed": {
        "all": {
            "not_relaxed": 0.901868641376,
            "relaxed": 0.0981313288212
        },
        "probability": 0.901868641376,
        "value": "not_relaxed"
    },
    "mood_sad": {
        "all": {
            "not_sad": 0.901411890984,
            "sad": 0.0985880941153
        },
        "probability": 0.901411890984,
        "value": "not_sad"
    },
    "moods_mirex": {
        "all": {
            "Cluster1": 0.204217612743,
            "Cluster2": 0.137000873685,
            "Cluster3": 0.0941815450788,
            "Cluster4": 0.0680734068155,
            "Cluster5": 0.496526569128
        },
        "probability": 0.496526569128,
        "value": "Cluster5"
    },
    "timbre": {
        "all": {
            "bright": 0.965138494968,
            "dark": 0.0348614789546
        },
        "probability": 0.965138494968,
        "value": "bright"
    },
    "tonal_atonal": {
        "all": {
            "atonal": 0.0128574380651,
            "tonal": 0.987142562866
        },
        "probability": 0.987142562866,
        "value": "tonal"
    },
    "voice_instrumental": {
        "all": {
            "instrumental": 0.974678039551,
            "voice": 0.0253219660372
        },
        "probability": 0.974678039551,
        "value": "instrumental"
    }
},
"lowlevel": {
    "average_loudness": 0.972029566765,
    "barkbands_crest": {
        "dmean": 3.25218749046,
        "dmean2": 5.2584195137,
        "dvar": 11.981048584,
        "dvar2": 26.6863536835,
        "max": 25.4901237488,
        "mean": 10.5285215378,
        "median": 9.19564056396,
        "min": 3.51311826706,
        "var": 23.886888504
    },
    "barkbands_flatness_db": {
        "dmean": 0.029266782105,
        "dmean2": 0.0465018041432,
        "dvar": 0.00144323171116,
        "dvar2": 0.00320182787254,
        "max": 0.39356777072,
        "mean": 0.154955029488,
        "median": 0.139830678701,
        "min": 0.0719412788749,
        "var": 0.0031598880887
    },
    "barkbands_kurtosis": {
        "dmean": 7.48571586609,
        "dmean2": 12.9160928726,
        "dvar": 337.923828125,
        "dvar2": 869.027709961,
        "max": 126.218948364,
        "mean": 6.23170280457,
        "median": 1.36604881287,
        "min": -1.58718156815,
        "var": 265.394683838
    },
    "barkbands_skewness": {
        "dmean": 0.890217959881,
        "dmean2": 1.43160629272,
        "dvar": 2.17542862892,
        "dvar2": 4.84543561935,
        "max": 10.4033308029,
        "mean": 1.92725670338,
        "median": 1.48630404472,
        "min": -0.494079053402,
        "var": 2.73311233521
    },
    "barkbands_spread": {
        "dmean": 5.6412858963,
        "dmean2": 8.99359321594,
        "dvar": 31.9161186218,
        "dvar2": 60.3136482239,
        "max": 44.258731842,
        "mean": 24.4241657257,
        "median": 26.2880191803,
        "min": 1.34750878811,
        "var": 93.520942688
    },
    "dissonance": {
        "dmean": 0.0125047974288,
        "dmean2": 0.021634651348,
        "dvar": 0.000123985519167,
        "dvar2": 0.000344222295098,
        "max": 0.499999880791,
        "mean": 0.477200567722,
        "median": 0.480310499668,
        "min": 0.367311030626,
        "var": 0.000250192446401
    },
    "dynamic_complexity": 1.18662202358,
    "erbbands_crest": {
        "dmean": 2.38980793953,
        "dmean2": 3.84423065186,
        "dvar": 4.51347398758,
        "dvar2": 11.6092214584,
        "max": 26.2391586304,
        "mean": 8.25671386719,
        "median": 7.57620382309,
        "min": 3.22316503525,
        "var": 10.2349653244
    },
    "erbbands_flatness_db": {
        "dmean": 0.013528672047,
        "dmean2": 0.020065702498,
        "dvar": 0.000124784448417,
        "dvar2": 0.000259907596046,
        "max": 0.302767455578,
        "mean": 0.14878231287,
        "median": 0.143562048674,
        "min": 0.0812252536416,
        "var": 0.000990736065432
    },
    "erbbands_kurtosis": {
        "dmean": 0.511108398438,
        "dmean2": 0.824654102325,
        "dvar": 0.293176800013,
        "dvar2": 0.704101264477,
        "max": 5.01375484467,
        "mean": -0.402878046036,
        "median": -0.540177345276,
        "min": -1.60334312916,
        "var": 0.59666121006
    },
    "erbbands_skewness": {
        "dmean": 0.295989066362,
        "dmean2": 0.476029872894,
        "dvar": 0.0605834499002,
        "dvar2": 0.148160547018,
        "max": 1.61302566528,
        "mean": -0.265981584787,
        "median": -0.271473377943,
        "min": -1.88899040222,
        "var": 0.185429543257
    },
    "erbbands_spread": {
        "dmean": 8.42689800262,
        "dmean2": 13.2850780487,
        "dvar": 72.7406539917,
        "dvar2": 150.068893433,
        "max": 87.5948486328,
        "mean": 43.3068275452,
        "median": 41.5558280945,
        "min": 13.3440246582,
        "var": 160.190750122
    },
    "hfc": {
        "dmean": 7.45870161057,
        "dmean2": 12.0484867096,
        "dvar": 94.3806610107,
        "dvar2": 229.311050415,
        "max": 83.1470108032,
        "mean": 29.3041324615,
        "median": 27.4977931976,
        "min": 2.84629392624,
        "var": 134.209136963
    },
    "melbands_crest": {
        "dmean": 3.13192605972,
        "dmean2": 5.05266571045,
        "dvar": 7.15354537964,
        "dvar2": 17.5184688568,
        "max": 29.9477996826,
        "mean": 14.2826366425,
        "median": 13.7907476425,
        "min": 5.57594299316,
        "var": 19.3515148163
    },
    "melbands_flatness_db": {
        "dmean": 0.0347709469497,
        "dmean2": 0.0540684610605,
        "dvar": 0.00192936160602,
        "dvar2": 0.00394736975431,
        "max": 0.465022772551,
        "mean": 0.211270779371,
        "median": 0.194592803717,
        "min": 0.0988713204861,
        "var": 0.00484761781991
    },
    "melbands_kurtosis": {
        "dmean": 17.9051113129,
        "dmean2": 30.0869178772,
        "dvar": 1542.62817383,
        "dvar2": 3727.70483398,
        "max": 276.202331543,
        "mean": 21.1295700073,
        "median": 9.09049415588,
        "min": -1.12552118301,
        "var": 1403.0871582
    },
    "melbands_skewness": {
        "dmean": 1.18194079399,
        "dmean2": 1.88312983513,
        "dvar": 3.21536183357,
        "dvar2": 6.6335515976,
        "max": 13.4687128067,
        "mean": 3.42936396599,
        "median": 2.79272651672,
        "min": 0.298302948475,
        "var": 4.72181510925
    },
    "melbands_spread": {
        "dmean": 6.63197517395,
        "dmean2": 10.6294631958,
        "dvar": 45.1173973083,
        "dvar2": 92.3458938599,
        "max": 62.2019615173,
        "mean": 21.7761878967,
        "median": 21.1056423187,
        "min": 0.955441772938,
        "var": 128.879272461
    },
    "pitch_salience": {
        "dmean": 0.082334972918,
        "dmean2": 0.13392470777,
        "dvar": 0.00673813559115,
        "dvar2": 0.0163083579391,
        "max": 0.767863214016,
        "mean": 0.475462168455,
        "median": 0.480706512928,
        "min": 0.0881255343556,
        "var": 0.0141227869317
    },
    "silence_rate_20dB": {
        "dmean": 0.0820433422923,
        "dmean2": 0.16421379149,
        "dvar": 0.0753120258451,
        "dvar2": 0.1682305336,
        "max": 1,
        "mean": 0.93348801136,
        "median": 1,
        "min": 0,
        "var": 0.0620886012912
    },
    "silence_rate_30dB": {
        "dmean": 0.0975232198834,
        "dmean2": 0.19519752264,
        "dvar": 0.0880134403706,
        "dvar2": 0.158643767238,
        "max": 1,
        "mean": 0.863109052181,
        "median": 1,
        "min": 0,
        "var": 0.118150904775
    },
    "silence_rate_60dB": {
        "dmean": 0,
        "dmean2": 0,
        "dvar": 0,
        "dvar2": 0,
        "max": 0,
        "mean": 0,
        "median": 0,
        "min": 0,
        "var": 0
    },
    "spectral_centroid": {
        "dmean": 247.00769043,
        "dmean2": 396.371856689,
        "dvar": 48993.3789062,
        "dvar2": 106996.601562,
        "max": 2403.13745117,
        "mean": 1459.79858398,
        "median": 1510.7442627,
        "min": 370.005828857,
        "var": 149674.3125
    },
    "spectral_complexity": {
        "dmean": 3.38622283936,
        "dmean2": 5.49264144897,
        "dvar": 10.0188589096,
        "dvar2": 24.7534408569,
        "max": 45,
        "mean": 23.1840686798,
        "median": 23,
        "min": 5,
        "var": 34.2104606628
    },
    "spectral_decrease": {
        "dmean": 1.51180117314e-08,
        "dmean2": 2.60834056576e-08,
        "dvar": 1.31005662573e-15,
        "dvar2": 3.25537800926e-15,
        "max": -2.31154317909e-09,
        "mean": -2.05083257043e-08,
        "median": -1.11378835044e-08,
        "min": -2.23264763122e-07,
        "var": 1.06345621802e-15
    },
    "spectral_energy": {
        "dmean": 0.0575787574053,
        "dmean2": 0.0993086546659,
        "dvar": 0.0188889764249,
        "dvar2": 0.0469260327518,
        "max": 0.850194573402,
        "mean": 0.0800610482693,
        "median": 0.0444756112993,
        "min": 0.00898239947855,
        "var": 0.0153348986059
    },
    "spectral_energyband_high": {
        "dmean": 0.000206772820093,
        "dmean2": 0.00031463970663,
        "dvar": 6.44931006377e-08,
        "dvar2": 1.37892001817e-07,
        "max": 0.00310534867458,
        "mean": 0.000785179203376,
        "median": 0.000679000688251,
        "min": 2.45068258664e-06,
        "var": 2.7791145385e-07
    },
    "spectral_energyband_low": {
        "dmean": 0.0559697039425,
        "dmean2": 0.0970380157232,
        "dvar": 0.0190818682313,
        "dvar2": 0.0475880950689,
        "max": 0.824047207832,
        "mean": 0.0591302849352,
        "median": 0.0217716451734,
        "min": 0.0015339916572,
        "var": 0.0153851937503
    },
    "spectral_energyband_middle_high": {
        "dmean": 0.00176461227238,
        "dmean2": 0.00279973051511,
        "dvar": 2.63042852566e-06,
        "dvar2": 6.85674967826e-06,
        "max": 0.024050636217,
        "mean": 0.00749759562314,
        "median": 0.00716570485383,
        "min": 0.000424262165325,
        "var": 8.92926891538e-06
    },
    "spectral_energyband_middle_low": {
        "dmean": 0.00525324046612,
        "dmean2": 0.0087473038584,
        "dvar": 3.93237278331e-05,
        "dvar2": 0.000104308091977,
        "max": 0.0778233781457,
        "mean": 0.0145957116038,
        "median": 0.013112408109,
        "min": 0.00234677013941,
        "var": 5.05701573275e-05
    },
    "spectral_entropy": {
        "dmean": 0.117151796818,
        "dmean2": 0.18379957974,
        "dvar": 0.0118650980294,
        "dvar2": 0.0256022661924,
        "max": 8.05476093292,
        "mean": 7.54115390778,
        "median": 7.57817459106,
        "min": 6.05067253113,
        "var": 0.0817352384329
    },
    "spectral_flux": {
        "dmean": 0.0712239518762,
        "dmean2": 0.123486839235,
        "dvar": 0.0159189533442,
        "dvar2": 0.0411903373897,
        "max": 0.776800394058,
        "mean": 0.142551660538,
        "median": 0.0962573289871,
        "min": 0.0212091561407,
        "var": 0.0180615261197
    },
    "spectral_kurtosis": {
        "dmean": 1.37210285664,
        "dmean2": 2.38821840286,
        "dvar": 3.35064387321,
        "dvar2": 9.72904777527,
        "max": 31.3483390808,
        "mean": 3.58993959427,
        "median": 3.04619836807,
        "min": 0.830068349838,
        "var": 7.03553915024
    },
    "spectral_rms": {
        "dmean": 0.00221354677342,
        "dmean2": 0.00362690794282,
        "dvar": 1.65603796631e-05,
        "dvar2": 3.7064699427e-05,
        "max": 0.0288003142923,
        "mean": 0.00776167958975,
        "median": 0.00658717239276,
        "min": 0.00296028982848,
        "var": 1.78646150744e-05
    },
    "spectral_rolloff": {
        "dmean": 431.797393799,
        "dmean2": 736.816772461,
        "dvar": 251367.359375,
        "dvar2": 547714.5,
        "max": 3316.11328125,
        "mean": 1187.97192383,
        "median": 1055.12695312,
        "min": 86.1328125,
        "var": 566053.8125
    },
    "spectral_skewness": {
        "dmean": 0.171714305878,
        "dmean2": 0.297857314348,
        "dvar": 0.0320951677859,
        "dvar2": 0.0927460193634,
        "max": 3.89188671112,
        "mean": 1.3221077919,
        "median": 1.28430259228,
        "min": 0.773725092411,
        "var": 0.0786624774337
    },
    "spectral_spread": {
        "dmean": 350873.5,
        "dmean2": 521953.625,
        "dvar": 123344576512,
        "dvar2": 224987398144,
        "max": 8958070,
        "mean": 4083561.25,
        "median": 4070398,
        "min": 1686609.25,
        "var": 562739806208
    },
    "spectral_strongpeak": {
        "dmean": 0.479345917702,
        "dmean2": 0.836443245411,
        "dvar": 0.637442350388,
        "dvar2": 1.71439409256,
        "max": 8.61103248596,
        "mean": 0.630443394184,
        "median": 0.331872016191,
        "min": 0,
        "var": 0.710140049458
    },
    "zerocrossingrate": {
        "dmean": 0.00799768418074,
        "dmean2": 0.00994225312024,
        "dvar": 4.72537758469e-05,
        "dvar2": 6.65260304231e-05,
        "max": 0.1025390625,
        "mean": 0.0513314642012,
        "median": 0.05224609375,
        "min": 0.00732421875,
        "var": 0.000321631581755
    },
    "barkbands": {
        "dmean": [0.000768729718402, 0.0507488958538, 0.00681310379878, 0.00276872958057, 0.00177667988464, 0.00166750326753, 0.000539594620932, 0.000215807871427, 0.00118701066822, 0.000434787565609, 0.000370151887182, 0.000190784427105, 0.000234921491938, 0.000480626709759, 0.000315677374601, 0.000666702573653, 0.000496144930366, 0.000301983993268, 0.000240270514041, 0.000143754252349, 7.14304696885e-05, 5.26955736859e-05, 5.08850826009e-05, 4.69874685223e-05, 2.64993686869e-05, 9.10496873985e-06, 1.15784510868e-08],
        "dmean2": [0.00126549997367, 0.0892701670527, 0.0111176902428, 0.00481526181102, 0.00301545066759, 0.00284075783566, 0.000900546496268, 0.000361997255823, 0.00179699540604, 0.000678617449012, 0.000606151472311, 0.000305300898617, 0.000370270892745, 0.000706786639057, 0.000504688418005, 0.00105062744115, 0.000798001361545, 0.000496966473293, 0.000407630112022, 0.000241276575252, 0.000117095769383, 8.60181608004e-05, 7.94408697402e-05, 7.40027535358e-05, 4.07866900787e-05, 1.49318120748e-05, 1.44169813865e-08],
        "dvar": [1.32224749905e-06, 0.0168375968933, 0.000147132217535, 2.10137477552e-05, 4.70678423881e-06, 4.77938647236e-06, 8.9850624363e-07, 1.57725864369e-07, 2.1495341116e-06, 6.34240450381e-07, 6.98354995166e-07, 1.12361959737e-07, 8.51161985338e-08, 2.90600979724e-07, 1.6134660541e-07, 6.90588422003e-07, 4.43116363158e-07, 1.20280503779e-07, 1.18640450353e-07, 2.71669051699e-08, 5.2458553057e-09, 5.48447109949e-09, 3.69526498289e-09, 3.2768348035e-09, 1.79453141236e-09, 2.53300158626e-10, 8.90597749085e-14],
        "dvar2": [3.38053928317e-06, 0.0431333556771, 0.000343607767718, 5.64681649848e-05, 1.28491465148e-05, 1.28746669361e-05, 2.20587935473e-06, 3.9578446831e-07, 4.80852122564e-06, 1.47580919929e-06, 2.08411279345e-06, 2.65723315351e-07, 1.82756053846e-07, 6.22569814368e-07, 3.91566629787e-07, 1.64200821473e-06, 1.23232086935e-06, 3.26377261217e-07, 3.35722319278e-07, 7.26224627101e-08, 1.35813387203e-08, 1.405326433e-08, 8.64450022675e-09, 7.7513480079e-09, 4.08084854797e-09, 6.48129772074e-10, 8.90960618e-14],
        "max": [0.017833609134, 0.767094492912, 0.111804664135, 0.0588816441596, 0.0234610140324, 0.0244113374501, 0.0149967903271, 0.00507821654901, 0.0146138919517, 0.0191885922104, 0.0120076043531, 0.00559978093952, 0.00470365118235, 0.0069041098468, 0.00712205562741, 0.0102249449119, 0.00835517700762, 0.00454422226176, 0.00413505733013, 0.0023361670319, 0.00084526068531, 0.00117302313447, 0.000650327070616, 0.000709969608579, 0.000362138292985, 0.000119686730613, 1.07359128378e-05],
        "mean": [0.001279639313, 0.0460355654359, 0.00993848964572, 0.00337439728901, 0.00347777851857, 0.00384182762355, 0.00111427530646, 0.000329266185872, 0.00226926221512, 0.000753177911974, 0.000655271112919, 0.000370009365724, 0.000484105315991, 0.00102920492645, 0.000713151181117, 0.00127938878722, 0.000970584165771, 0.000658198259771, 0.000507518649101, 0.000310586183332, 0.000204953583307, 0.000125753576867, 0.000143509590998, 0.000134217669256, 4.96023130836e-05, 1.14377226055e-05, 1.07382769343e-08],
        "median": [0.000664895807859, 0.0119086792693, 0.00573711749166, 0.00211564451456, 0.0026536276564, 0.0028927854728, 0.000434500223491, 0.000131863052957, 0.00143098796252, 0.000308422313537, 0.000217060587602, 0.000163081538631, 0.000328712223563, 0.000734896282665, 0.000367402361007, 0.000923641549889, 0.000687472522259, 0.000485128199216, 0.000384296115953, 0.000271695578704, 0.0001908539125, 9.21089376789e-05, 0.000112744448415, 0.000110485321784, 2.3699751182e-05, 4.30296995546e-06, 8.50069625802e-10],
        "min": [2.76120135823e-06, 0.000363535596989, 7.64495052863e-05, 3.47238892573e-06, 6.98315125192e-05, 1.81035375135e-05, 6.27293047728e-06, 1.49754714585e-06, 2.10484377021e-05, 8.47054479891e-07, 3.61659317605e-06, 2.89305125989e-06, 1.03247248262e-05, 2.60136330326e-05, 1.96912860702e-05, 1.80407459993e-05, 3.30942530127e-05, 1.30630260173e-05, 4.2997367018e-06, 7.42285919841e-07, 9.83144673228e-07, 4.12769281866e-07, 1.56428811238e-07, 3.14705239646e-08, 1.67193126011e-09, 4.88605024496e-11, 5.56795408391e-11],
        "var": [2.50783750744e-06, 0.0127579616383, 0.000169168182765, 1.93912019313e-05, 9.87828298094e-06, 1.19956466733e-05, 3.47218474417e-06, 3.0719291999e-07, 5.54600319447e-06, 1.69817144524e-06, 1.29358738832e-06, 3.2490120816e-07, 2.47130088837e-07, 8.87315138698e-07, 8.48327431413e-07, 1.52965810685e-06, 8.43531040573e-07, 3.00800763853e-07, 2.23770598495e-07, 4.79085571214e-08, 1.48125769428e-08, 1.15170841752e-08, 1.3055547754e-08, 1.12435287747e-08, 3.88305165799e-09, 3.33916477802e-10, 8.90516772736e-14]
    },
    "erbbands": {
        "dmean": [1.10527312756, 12.5027971268, 13.0596246719, 7.98377799988, 6.89596223831, 6.99843978882, 9.85247898102, 14.0717153549, 8.20358371735, 6.86716842651, 5.90728139877, 20.3563861847, 25.3944797516, 9.28685474396, 13.1382455826, 6.68339204788, 11.2589569092, 18.7264118195, 14.448882103, 22.2335548401, 45.1337509155, 31.0066204071, 15.3152542114, 13.1013860703, 9.76424789429, 4.9865732193, 3.32584238052, 3.14053082466, 2.02924633026, 1.52781093121, 1.45416235924, 1.27889037132, 0.785238742828, 0.376035571098, 0.16083624959, 0.0548982396722, 0.0170554872602, 0.00122028950136, 4.63097749162e-05, 6.29846472293e-05],
        "dmean2": [1.90201473236, 22.0186271667, 21.7460098267, 13.5419473648, 11.7616815567, 12.1215820312, 16.6890888214, 23.8124713898, 13.2117996216, 11.4091339111, 9.72655582428, 31.2449741364, 38.9516105652, 14.1693277359, 21.8641262054, 10.77647686, 17.1945533752, 26.449131012, 22.7588195801, 35.7179870605, 71.7716751099, 50.0386886597, 24.9225654602, 22.1708507538, 16.5348453522, 8.31463813782, 5.41596889496, 5.21154212952, 3.31264638901, 2.47526144981, 2.27044653893, 2.04448080063, 1.24074435234, 0.586619198322, 0.247691437602, 0.088709898293, 0.0287927035242, 0.00214051106013, 7.76296074037e-05, 0.000108292071673],
        "dvar": [6.5256357193, 1049.28381348, 812.809875488, 166.799118042, 87.9398345947, 81.5740280151, 158.727706909, 414.789855957, 178.052322388, 172.020751953, 79.462097168, 791.859069824, 1027.86499023, 199.014251709, 908.887023926, 96.1472015381, 193.389083862, 607.811462402, 367.788604736, 1034.45690918, 3130.28735352, 1955.45141602, 353.203521729, 249.609283447, 114.769691467, 33.9699020386, 12.6108551025, 10.6826620102, 7.68705320358, 4.26691579819, 3.11008381844, 2.23471474648, 1.04747462273, 0.369714170694, 0.0624851323664, 0.00888203829527, 0.000937918026466, 5.78113395022e-06, 6.64132748796e-09, 2.19238103227e-08],
        "dvar2": [16.9666748047, 2685.62866211, 1953.8137207, 449.124755859, 236.05317688, 230.90071106, 424.811187744, 1097.86169434, 412.709136963, 444.726196289, 200.385650635, 1718.56604004, 2374.8684082, 480.853210449, 2731.28125, 238.233032227, 414.000671387, 1146.29736328, 889.239318848, 2388.46118164, 7336.58349609, 5358.6484375, 956.328308105, 700.016052246, 311.478485107, 90.1265792847, 31.6019649506, 28.8459777832, 19.6037597656, 10.5475664139, 7.49156808853, 5.67014789581, 2.50184822083, 0.846288621426, 0.146621793509, 0.0222178548574, 0.00244740070775, 1.55738580361e-05, 1.37566802394e-08, 5.44174660888e-08],
        "max": [14.8284015656, 190.377792358, 189.369033813, 153.574645996, 113.709747314, 112.636688232, 174.666732788, 223.489593506, 266.821563721, 169.795333862, 92.533454895, 424.291900635, 385.98324585, 305.132141113, 416.928863525, 144.862854004, 241.226959229, 410.25012207, 242.211898804, 685.619934082, 709.63092041, 569.184082031, 314.266448975, 203.319091797, 136.946151733, 93.7013168335, 40.915222168, 39.8009757996, 43.0816307068, 26.3334102631, 18.5651416779, 18.1877174377, 12.0076122284, 5.06180143356, 2.19199061394, 0.844631612301, 0.25838932395, 0.0254434235394, 0.00154817418661, 0.000920875347219],
        "mean": [1.08936285973, 10.8986110687, 14.5053091049, 12.1118526459, 9.96794986725, 13.6456594467, 20.0688209534, 33.0689430237, 20.4858703613, 11.0584602356, 11.0844087601, 42.0575294495, 47.1453056335, 20.3163013458, 23.7727222443, 14.6709003448, 24.490196228, 39.7370147705, 33.6971206665, 51.8326263428, 84.989364624, 63.7939186096, 38.5327339172, 31.3563842773, 22.4510536194, 11.8771038055, 8.58466148376, 8.10879230499, 5.07667732239, 3.72001433372, 4.07705068588, 3.46862888336, 1.89948225021, 0.705681979656, 0.273657023907, 0.074098341167, 0.0189848728478, 0.00118076440413, 6.81779565639e-05, 9.28536028368e-05],
        "median": [0.382605284452, 2.55312776566, 5.83242368698, 8.37468147278, 6.51455974579, 9.96755599976, 15.4785785675, 21.9097442627, 10.1535654068, 6.15118074417, 6.3138422966, 23.7918605804, 28.9658260345, 12.2618055344, 9.98222446442, 9.46609306335, 16.8585796356, 24.834487915, 23.5387153625, 28.7171287537, 59.1421089172, 46.2230796814, 29.8938522339, 25.7772789001, 19.3799171448, 10.3822956085, 7.73278856277, 7.30506038666, 3.86833524704, 2.62201094627, 3.15232229233, 2.84891462326, 1.51044118404, 0.358053982258, 0.127285510302, 0.0277980305254, 0.00634373258799, 0.000326768786181, 3.95514798583e-05, 5.55233382329e-05],
        "min": [0.00616735080257, 0.0801789164543, 0.277646571398, 0.306155860424, 0.136163339019, 0.276813477278, 1.26291406155, 0.319956719875, 0.214658811688, 0.247199490666, 0.305464655161, 0.485929757357, 0.92566794157, 0.194541156292, 0.192819327116, 0.318906754255, 0.779832780361, 1.38032889366, 0.825426161289, 1.14215636253, 1.08328461647, 1.80022871494, 0.919417023659, 0.347376674414, 0.160827487707, 0.0403979048133, 0.0499553196132, 0.0263130348176, 0.0227020140737, 0.00582968117669, 0.0036841230467, 0.000819219450932, 0.000568011426367, 6.35742107988e-05, 1.62548258231e-05, 9.75668081082e-06, 4.21233244197e-06, 8.32873922718e-07, 5.42632460565e-06, 1.0774338989e-05],
        "var": [5.09119939804, 790.717346191, 742.070800781, 170.026153564, 110.033706665, 177.41468811, 279.328552246, 1051.76757812, 975.959411621, 212.751037598, 165.381088257, 2483.36108398, 2544.20483398, 583.549133301, 1562.54138184, 283.715637207, 597.656738281, 1871.46533203, 1097.71166992, 4738.26660156, 6648.48486328, 3566.26806641, 875.988769531, 521.376953125, 217.903594971, 63.6836585999, 30.1359367371, 26.9250087738, 16.603225708, 10.76994133, 10.7660980225, 7.48098611832, 2.67976713181, 0.765377879143, 0.125595390797, 0.01355737634, 0.00105876720045, 5.34752143722e-06, 6.53756249136e-09, 1.77659220668e-08]
    },
    "gfcc": {
        "mean": [44.8550605774, 108.382614136, -124.309417725, 61.4453201294, -46.3111724854, 22.0859966278, -39.9906196594, 15.4156866074, -13.2058963776, -5.38767766953, -9.9078502655, -2.33194375038, 0.424850016832],
        "cov": [[1097.00097656, -630.024719238, 259.673797607, 0.681343734264, -162.021774292, 192.059310913, -119.415756226, 120.682685852, -162.876846313, 146.7603302, -150.848754883, 94.0146560669, -99.181427002], [-630.024719238, 591.032897949, -109.766387939, 2.1361246109, 181.487869263, -129.365478516, 142.265625, -100.116798401, 138.781646729, -128.64881897, 122.390914917, -79.3177185059, 73.9726791382], [259.673797607, -109.766387939, 310.718322754, 36.3373069763, 65.5871429443, 34.8689193726, 27.2555198669, 50.743434906, -37.2378501892, 33.2453918457, -51.4984397888, 56.5151062012, -32.7713890076], [0.681343734264, 2.1361246109, 36.3373069763, 125.05078125, 40.1806602478, 13.0788116455, 26.0332641602, 12.7755851746, 28.7902202606, -20.2115268707, 24.7006225586, -22.4268493652, 34.697769165], [-162.021774292, 181.487869263, 65.5871429443, 40.1806602478, 207.242797852, -7.94551897049, 86.6430435181, -21.43724823, 52.0036506653, -36.4466896057, 22.2574386597, -16.8274250031, 3.15892577171], [192.059310913, -129.365478516, 34.8689193726, 13.0788116455, -7.94551897049, 114.17199707, -10.2670660019, 16.6830253601, -35.3284454346, 18.8354091644, -25.1599636078, 1.38137578964, -8.92102718353], [-119.415756226, 142.265625, 27.2555198669, 26.0332641602, 86.6430435181, -10.2670660019, 114.07824707, 8.63024520874, 43.7296714783, -39.8807563782, 33.0021705627, -11.5575609207, 20.3672599792], [120.682685852, -100.116798401, 50.743434906, 12.7755851746, -21.43724823, 16.6830253601, 8.63024520874, 86.3319015503, -0.169267371297, 16.0424022675, -29.3264007568, 18.3181362152, 1.45286273956], [-162.876846313, 138.781646729, -37.2378501892, 28.7902202606, 52.0036506653, -35.3284454346, 43.7296714783, -0.169267371297, 110.75176239, -12.1392869949, 38.1429328918, -35.9179000854, 34.8228569031], [146.7603302, -128.64881897, 33.2453918457, -20.2115268707, -36.4466896057, 18.8354091644, -39.8807563782, 16.0424022675, -12.1392869949, 80.3199462891, -8.16355705261, 24.7281513214, -30.4860591888], [-150.848754883, 122.390914917, -51.4984397888, 24.7006225586, 22.2574386597, -25.1599636078, 33.0021705627, -29.3264007568, 38.1429328918, -8.16355705261, 102.079551697, 5.57956981659, 34.1913642883], [94.0146560669, -79.3177185059, 56.5151062012, -22.4268493652, -16.8274250031, 1.38137578964, -11.5575609207, 18.3181362152, -35.9179000854, 24.7281513214, 5.57956981659, 97.2529983521, 20.2629394531], [-99.181427002, 73.9726791382, -32.7713890076, 34.697769165, 3.15892577171, -8.92102718353, 20.3672599792, 1.45286273956, 34.8228569031, -30.4860591888, 34.1913642883, 20.2629394531, 111.591163635]],
        "icov": [[0.00325904274359, 0.00152250682004, -0.00152730895206, -0.000465652759885, 0.00132394803222, -0.00257957330905, -0.000226779142395, -0.000275554339169, 0.000175591310835, -0.00119798362721, 0.00100388436113, -0.000697337090969, 0.000821854628157], [0.00152250682004, 0.0178201720119, -0.00348872388713, 0.0118092456833, -0.00648092338815, 0.00818809960037, -0.00479181902483, 0.00727070076391, -0.00549366185442, 0.0135191865265, -0.0119661930948, 0.0112102776766, -0.00649957731366], [-0.00152730895206, -0.00348872388713, 0.0078510735184, -0.00544047681615, -0.00151129916776, -0.000126730185002, -0.00196887622587, -0.00170119816903, 0.0022156580817, -0.00485317921266, 0.0058762319386, -0.00620125606656, 0.00267492281273], [-0.000465652759885, 0.0118092456833, -0.00544047681615, 0.0222539454699, -0.00690662348643, 0.0051680393517, 0.000149423329276, 0.000918905774597, -0.0036309552379, 0.0126776760444, -0.0151925021783, 0.0152820833027, -0.00971341691911], [0.00132394803222, -0.00648092338815, -0.00151129916776, -0.00690662348643, 0.0133270230144, -0.00600381428376, -0.00363482208923, 0.00189164897893, -0.002359963255, -0.00387807958759, 0.00699128955603, -0.00717114005238, 0.00579511048272], [-0.00257957330905, 0.00818809960037, -0.000126730185002, 0.0051680393517, -0.00600381428376, 0.0189333613962, -0.0038941479288, 0.00300601311028, 0.00277353660204, 0.00361211807467, -0.00582183990628, 0.00998146366328, -0.00691683730111], [-0.000226779142395, -0.00479181902483, -0.00196887622587, 0.000149423329276, -0.00363482208923, -0.0038941479288, 0.0216882489622, -0.00894617941231, -0.00190108723473, 0.00582404574379, -0.00486064469442, -0.00118138547987, 0.00218796473928], [-0.000275554339169, 0.00727070076391, -0.00170119816903, 0.000918905774597, 0.00189164897893, 0.00300601311028, -0.00894617941231, 0.0227648112923, -0.00701391650364, 0.00290556950495, 0.00318103586324, -0.000725734455045, -0.00218705483712], [0.000175591310835, -0.00549366185442, 0.0022156580817, -0.0036309552379, -0.002359963255, 0.00277353660204, -0.00190108723473, -0.00701391650364, 0.0230458900332, -0.0130218826234, 0.000578275241423, 0.00688507826999, -0.00587226636708], [-0.00119798362721, 0.0135191865265, -0.00485317921266, 0.0126776760444, -0.00387807958759, 0.00361211807467, 0.00582404574379, 0.00290556950495, -0.0130218826234, 0.0375016033649, -0.0159615445882, 0.00340359495021, 0.00248539284803], [0.00100388436113, -0.0119661930948, 0.0058762319386, -0.0151925021783, 0.00699128955603, -0.00582183990628, -0.00486064469442, 0.00318103586324, 0.000578275241423, -0.0159615445882, 0.0295827463269, -0.0159466974437, 0.00474698562175], [-0.000697337090969, 0.0112102776766, -0.00620125606656, 0.0152820833027, -0.00717114005238, 0.00998146366328, -0.00118138547987, -0.000725734455045, 0.00688507826999, 0.00340359495021, -0.0159466974437, 0.0316583327949, -0.015479080379], [0.000821854628157, -0.00649957731366, 0.00267492281273, -0.00971341691911, 0.00579511048272, -0.00691683730111, 0.00218796473928, -0.00218705483712, -0.00587226636708, 0.00248539284803, 0.00474698562175, -0.015479080379, 0.0205859169364]]
    },
    "melbands": {
        "dmean": [0.0124753853306, 0.010741523467, 0.00131301081274, 0.000441486947238, 0.000316528516123, 0.000308590766508, 0.000119951604574, 6.68936845614e-05, 5.97667021793e-05, 0.00015006645117, 0.000130502769025, 4.0998467739e-05, 5.53335921722e-05, 1.87097357411e-05, 2.82784221781e-05, 2.78889874608e-05, 3.46400083799e-05, 2.96694943245e-05, 2.55669274338e-05, 2.69634001597e-05, 5.69612748222e-05, 3.63152466889e-05, 1.71878364199e-05, 1.84755790542e-05, 1.09512111521e-05, 9.66406878433e-06, 6.9948782766e-06, 3.17705848829e-06, 2.828982133e-06, 1.62476112564e-06, 1.97685403691e-06, 1.35231709919e-06, 1.09290340333e-06, 9.59925046118e-07, 1.02875060293e-06, 9.61612045103e-07, 7.99553845354e-07, 6.95469395851e-07, 4.44176180281e-07, 3.31509596663e-07],
        "dmean2": [0.0217732526362, 0.0184666439891, 0.00223081605509, 0.000747664133087, 0.000533961399924, 0.000521924288478, 0.00019537229673, 0.000110937471618, 9.56088842941e-05, 0.000230632766034, 0.000200106849661, 6.20052815066e-05, 9.19754384086e-05, 3.03502602037e-05, 4.43300668849e-05, 4.03617996199e-05, 4.95122694701e-05, 4.65979719593e-05, 4.08401574532e-05, 4.32080414612e-05, 9.07655266928e-05, 5.8394845837e-05, 2.76580867649e-05, 3.06255788018e-05, 1.86175584531e-05, 1.63775584952e-05, 1.19190317491e-05, 5.35058279638e-06, 4.64970980829e-06, 2.70139980785e-06, 3.30953730554e-06, 2.22899507207e-06, 1.84738746611e-06, 1.57771364684e-06, 1.66256234024e-06, 1.55796112722e-06, 1.2882168221e-06, 1.12398367946e-06, 7.03767113919e-07, 5.31113073521e-07],
        "dvar": [0.000964878068771, 0.000695923925377, 4.22493803853e-06, 2.96963122537e-07, 1.46466589968e-07, 1.80897330893e-07, 3.66129135898e-08, 1.55701069815e-08, 7.74415820359e-09, 3.58041027937e-08, 2.74077560647e-08, 4.83848472399e-09, 1.75902155064e-08, 1.71008252003e-09, 1.39968137081e-09, 1.31341892917e-09, 1.79332926287e-09, 1.87549864528e-09, 1.12260856167e-09, 1.16108200832e-09, 5.14803932816e-09, 2.94032798109e-09, 4.60886606657e-10, 4.2253195387e-10, 2.10083866969e-10, 1.75505568412e-10, 8.66363716878e-11, 2.00615218882e-11, 9.79818656766e-12, 3.46084315719e-12, 4.19032213442e-12, 2.98406742025e-12, 2.3317407033e-12, 1.46116745006e-12, 1.5123252043e-12, 1.37322965499e-12, 9.06828865471e-13, 8.39070295449e-13, 4.606228593e-13, 2.91752326508e-13],
        "dvar2": [0.00247988617048, 0.00173639808781, 1.12364186862e-05, 8.1133708818e-07, 3.98904262511e-07, 4.80479798171e-07, 8.75485568486e-08, 3.96870625252e-08, 1.85663981966e-08, 7.96149279836e-08, 6.31095673498e-08, 1.10866089642e-08, 5.30904742391e-08, 4.12287715079e-09, 3.13332204627e-09, 2.49797227347e-09, 3.4529286097e-09, 4.52825466013e-09, 2.79108203216e-09, 2.67508459828e-09, 1.19771881302e-08, 8.04745070582e-09, 1.2680443362e-09, 1.11724063334e-09, 5.89912785287e-10, 5.0255516415e-10, 2.26678523174e-10, 5.38830577379e-11, 2.45526637216e-11, 9.26895886433e-12, 1.12743685915e-11, 7.80070452677e-12, 6.12831747154e-12, 3.68322863528e-12, 3.97807177824e-12, 3.41996309744e-12, 2.40252631158e-12, 2.13404164132e-12, 1.12392322012e-12, 6.9810601527e-13],
        "max": [0.183216273785, 0.161319881678, 0.0261417161673, 0.00546715129167, 0.00546329608187, 0.00446705892682, 0.00344476359896, 0.00162975874264, 0.00110158894677, 0.00234046741389, 0.00224600732327, 0.00168036320247, 0.00188125402201, 0.000773238483816, 0.000547900621314, 0.000581696920563, 0.000695176247973, 0.000536707113497, 0.000695140101016, 0.000692831294145, 0.000923905347008, 0.000650572124869, 0.000261317502009, 0.000211536782444, 0.000192779421923, 0.000166436817381, 0.000141435302794, 8.9947374363e-05, 3.91136090911e-05, 2.22544058488e-05, 2.21223017434e-05, 2.542441689e-05, 1.95169795916e-05, 1.33903786264e-05, 1.27001721921e-05, 1.59152205015e-05, 9.46929867496e-06, 1.18931202451e-05, 6.11635277892e-06, 4.85421060148e-06],
        "mean": [0.0117594823241, 0.0106001039967, 0.00208583660424, 0.000805022544228, 0.000696210481692, 0.000742865435313, 0.00028691085754, 0.000104094957351, 0.000113290268928, 0.000295594742056, 0.000237947737332, 8.25305251055e-05, 9.6137948276e-05, 3.59178557119e-05, 5.52682067791e-05, 5.87337672187e-05, 7.34345740057e-05, 5.91428361076e-05, 5.86943606322e-05, 6.11185387243e-05, 0.00010141931125, 6.61251251586e-05, 3.59725563612e-05, 3.77684482373e-05, 2.39090641116e-05, 2.00322174351e-05, 1.3213031707e-05, 6.5542781158e-06, 6.16072566118e-06, 4.01692341256e-06, 4.6903223847e-06, 2.98526242659e-06, 2.12061740967e-06, 2.13154089579e-06, 2.506324563e-06, 2.29983015743e-06, 1.90410435152e-06, 1.49145319028e-06, 7.91106856468e-07, 5.31131604475e-07],
        "median": [0.00358849065378, 0.00348498555832, 0.00151424203068, 0.000603008957114, 0.000562118424568, 0.000527233933099, 0.000152789623826, 4.71578132419e-05, 5.45446600881e-05, 0.000183151118108, 0.000137532042572, 4.31740481872e-05, 3.69323242921e-05, 1.55819216161e-05, 3.3327993151e-05, 3.71251771867e-05, 4.88270416099e-05, 3.41881386703e-05, 2.98207851301e-05, 4.044176967e-05, 6.83328180457e-05, 4.17520823248e-05, 2.46311919909e-05, 2.7098794817e-05, 1.87409495993e-05, 1.55409416038e-05, 1.00227653093e-05, 5.03655837747e-06, 5.32508329343e-06, 3.42908379025e-06, 4.08532423535e-06, 2.25955864153e-06, 1.36989388011e-06, 1.57032275183e-06, 1.93647383639e-06, 1.83423594535e-06, 1.50826156187e-06, 1.17655542908e-06, 4.31866681083e-07, 2.3458150622e-07],
        "min": [0.000116715134936, 0.000277951621683, 5.82991815463e-05, 3.73903503714e-06, 4.06404178648e-05, 5.7714050854e-06, 2.63734204964e-06, 4.32507789583e-07, 1.01036346223e-06, 2.91607375402e-06, 5.29044484665e-07, 4.30781938121e-07, 5.653671451e-07, 3.84921634122e-07, 8.21066748813e-07, 1.29689885853e-06, 2.37367635236e-06, 1.26957183966e-06, 1.66392442225e-06, 8.4069569084e-07, 1.38179552778e-06, 1.14265174034e-06, 1.56211763169e-06, 4.04430721801e-07, 1.95944224402e-07, 1.69114088067e-07, 2.15030429018e-08, 2.06002113146e-08, 3.15629868908e-08, 1.97052898443e-08, 1.5959685129e-08, 1.41819516131e-08, 2.29579089073e-09, 2.57250065694e-09, 2.64749600021e-09, 7.22317206048e-10, 3.40911271435e-10, 3.23036097871e-10, 7.06523589633e-11, 3.3743515794e-12],
