{
"highlevel": {
    "danceability": {
        "all": {
            "danceable": 0.375721424818,
            "not_danceable": 0.62427854538
        },
        "probability": 0.62427854538,
        "value": "not_danceable"
    },
    "gender": {
        "all": {
            "female": 0.32294395566,
            "male": 0.677056014538
        },
        "probability": 0.677056014538,
        "value": "male"
    },
    "genre_dortmund": {
        "all": {
            "alternative": 0.135831549764,
            "blues": 0.0620201230049,
            "electronic": 0.0730353295803,
            "folkcountry": 0.159057110548,
            "funksoulrnb": 0.0138913244009,
            "jazz": 0.0163878258318,
            "pop": 0.0250171404332,
            "raphiphop": 0.00231812219135,
            "rock": 0.512441456318
        },
        "probability": 0.512441456318,
        "value": "rock"
    },
    "genre_electronic": {
        "all": {
            "ambient": 0.65139991045,
            "dnb": 0.134899288416,
            "house": 0.0474773608148,
            "techno": 0.00851949956268,
            "trance": 0.1577039361
        },
        "probability": 0.65139991045,
        "value": "ambient"
    },
    "genre_rosamerica": {
        "all": {
            "cla": 0.0257660206407,
            "dan": 0.0113135976717,
            "hip": 0.00975412409753,
            "jaz": 0.0476904436946,
            "pop": 0.266649931669,
            "rhy": 0.0544984787703,
            "roc": 0.579106628895,
            "spe": 0.00522076478228
        },
        "probability": 0.579106628895,
        "value": "roc"
    },
    "genre_tzanetakis": {
        "all": {
            "blu": 0.0626541376114,
            "cla": 0.0348133966327,
            "cou": 0.0783501937985,
            "dis": 0.104547761381,
            "hip": 0.15693578124,
            "jaz": 0.313987255096,
            "met": 0.044816005975,
            "pop": 0.0627349764109,
            "reg": 0.0627352520823,
            "roc": 0.0784252434969
        },
        "probability": 0.313987255096,
        "value": "jaz"
    },
    "ismir04_rhythm": {
        "all": {
            "ChaChaCha": 0.0815392658114,
            "Jive": 0.113457277417,
            "Quickstep": 0.0404217429459,
            "Rumba-American": 0.0456801205873,
            "Rumba-International": 0.0645289048553,
            "Rumba-Misc": 0.0113315070048,
            "Samba": 0.061881121248,
            "Tango": 0.248389035463,
            "VienneseWaltz": 0.313575476408,
            "Waltz": 0.0191955566406
        },
        "probability": 0.313575476408,
        "value": "VienneseWaltz"
    },
    "mood_acoustic": {
        "all": {
            "acoustic": 0.241216570139,
            "not_acoustic": 0.758783459663
        },
        "probability": 0.758783459663,
        "value": "not_acoustic"
    },
    "mood_aggressive": {
        "all": {
            "aggressive": 0.159410580993,
            "not_aggressive": 0.840589404106
        },
        "probability": 0.840589404106,
        "value": "not_aggressive"
    },
    "mood_electronic": {
        "all": {
            "electronic": 0.650226712227,
            "not_electronic": 0.349773317575
        },
        "probability": 0.650226712227,
        "value": "electronic"
    },
    "mood_happy": {
        "all": {
            "happy": 0.927412986755,
            "not_happy": 0.0725869834423
        },
        "probability": 0.927412986755,
        "value": "happy"
    },
    "mood_party": {
        "all": {
            "not_party": 0.872047007084,
            "party": 0.127952978015
        },
        "probability": 0.872047007084,
        "value": "not_party"
    },
    "mood_relaxed": {
        "all": {
            "not_relaxed": 0.661299049854,
            "relaxed": 0.338700950146
        },
        "probability": 0.661299049854,
        "value": "not_relaxed"
    },
    "mood_sad": {
        "all": {
            "not_sad": 0.86475366354,
            "sad": 0.135246321559
        },
        "probability": 0.86475366354,
        "value": "not_sad"
    },
    "moods_mirex": {
        "all": {
            "Cluster1": 0.19081273675,
            "Cluster2": 0.21772903204,
            "Cluster3": 0.229246094823,
            "Cluster4": 0.130761086941,
            "Cluster5": 0.231451064348
        },
        "probability": 0.231451064348,
        "value": "Cluster5"
    },
    "timbre": {
        "all": {
            "bright": 0.960911333561,
            "dark": 0.0390886887908
        },
        "probability": 0.960911333561,
        "value": "bright"
    },
    "tonal_atonal": {
        "all": {
            "atonal": 5.91927964706e-05,
            "tonal": 0.999940812588
        },
        "probability": 0.999940812588,
        "value": "tonal"
    },
    "voice_instrumental": {
        "all": {
            "instrumental": 0.044266499579,
            "voice": 0.955733478069
        },
        "probability": 0.955733478069,
        "value": "voice"
    }
},
"lowlevel": {
    "average_loudness": 0.982152163982,
    "barkbands_crest": {
        "dmean": 2.63945031166,
        "dmean2": 4.43808794022,
        "dvar": 6.15102481842,
        "dvar2": 15.735959053,
        "max": 21.6812419891,
        "mean": 8.51871871948,
        "median": 7.70691728592,
        "min": 2.79141068459,
        "var": 11.6428556442
    },
    "barkbands_flatness_db": {
        "dmean": 0.0197446737438,
        "dmean2": 0.0303978975862,
        "dvar": 0.000307096983306,
        "dvar2": 0.00067360245157,
        "max": 0.264691323042,
        "mean": 0.147767424583,
        "median": 0.14391630888,
        "min": 0.0682098791003,
        "var": 0.0011236196151
    },
    "barkbands_kurtosis": {
        "dmean": 1.87923562527,
        "dmean2": 3.07031607628,
        "dvar": 6.00388145447,
        "dvar2": 14.99122715,
        "max": 22.5282764435,
        "mean": 2.22763848305,
        "median": 1.09724903107,
        "min": -1.48573660851,
        "var": 11.117105484
    },
    "barkbands_skewness": {
        "dmean": 0.479449421167,
        "dmean2": 0.735577344894,
        "dvar": 0.212192192674,
        "dvar2": 0.493145942688,
        "max": 4.49073934555,
        "mean": 1.1964609623,
        "median": 1.14340496063,
        "min": -0.99397033453,
        "var": 0.656764805317
    },
    "barkbands_spread": {
        "dmean": 4.30409765244,
        "dmean2": 6.70470809937,
        "dvar": 16.1298313141,
        "dvar2": 38.8596000671,
        "max": 66.459312439,
        "mean": 18.8258628845,
        "median": 18.2829017639,
        "min": 4.33066558838,
        "var": 57.5415153503
    },
    "dissonance": {
        "dmean": 0.0241448115557,
        "dmean2": 0.0398266091943,
        "dvar": 0.000484585674712,
        "dvar2": 0.00130369805265,
        "max": 0.499654352665,
        "mean": 0.453719496727,
        "median": 0.461437821388,
        "min": 0.289064586163,
        "var": 0.000970716704614
    },
    "dynamic_complexity": 1.72925007343,
    "erbbands_crest": {
        "dmean": 3.15383672714,
        "dmean2": 5.06206083298,
        "dvar": 9.601146698,
        "dvar2": 23.1142425537,
        "max": 26.7242603302,
        "mean": 9.43122768402,
        "median": 7.88289833069,
        "min": 2.7293806076,
        "var": 23.811624527
    },
    "erbbands_flatness_db": {
        "dmean": 0.0197594519705,
        "dmean2": 0.0285510998219,
        "dvar": 0.000321692437865,
        "dvar2": 0.000673671718687,
        "max": 0.262932986021,
        "mean": 0.17182007432,
        "median": 0.170282274485,
        "min": 0.0786879882216,
        "var": 0.00112645351328
    },
    "erbbands_kurtosis": {
        "dmean": 1.02314054966,
        "dmean2": 1.52354156971,
        "dvar": 2.09438180923,
        "dvar2": 4.61594295502,
        "max": 19.2207622528,
        "mean": 0.621055543423,
        "median": -0.220995664597,
        "min": -1.62942659855,
        "var": 5.37113618851
    },
    "erbbands_skewness": {
        "dmean": 0.388475656509,
        "dmean2": 0.595647215843,
        "dvar": 0.133800655603,
        "dvar2": 0.307164937258,
        "max": 3.63989853859,
        "mean": 0.330672860146,
        "median": 0.243531420827,
        "min": -1.96975719929,
        "var": 0.445137381554
    },
    "erbbands_spread": {
        "dmean": 7.40671348572,
        "dmean2": 10.9543485641,
        "dvar": 50.8490715027,
        "dvar2": 109.880020142,
        "max": 112.685096741,
        "mean": 32.8935699463,
        "median": 31.5137634277,
        "min": 6.66773319244,
        "var": 211.1953125
    },
    "hfc": {
        "dmean": 8.22226810455,
        "dmean2": 11.6907606125,
        "dvar": 81.9957885742,
        "dvar2": 154.148132324,
        "max": 83.6960601807,
        "mean": 23.4203224182,
        "median": 19.4369888306,
        "min": 2.79649424553,
        "var": 225.488464355
    },
    "melbands_crest": {
        "dmean": 3.20263171196,
        "dmean2": 5.41538858414,
        "dvar": 8.34892940521,
        "dvar2": 22.3377323151,
        "max": 26.333152771,
        "mean": 11.1385850906,
        "median": 10.2734956741,
        "min": 4.58049440384,
        "var": 14.269862175
    },
    "melbands_flatness_db": {
        "dmean": 0.0236127432436,
        "dmean2": 0.0360189974308,
        "dvar": 0.000509775825776,
        "dvar2": 0.00105077470653,
        "max": 0.33070936799,
        "mean": 0.195253014565,
        "median": 0.192096397281,
        "min": 0.0815915316343,
        "var": 0.00198268494569
    },
    "melbands_kurtosis": {
        "dmean": 4.40142011642,
        "dmean2": 7.11546421051,
        "dvar": 43.8354797363,
        "dvar2": 112.733131409,
        "max": 72.7430877686,
        "mean": 7.23524045944,
        "median": 4.99371290207,
        "min": -1.4098726511,
        "var": 68.5547561646
    },
    "melbands_skewness": {
        "dmean": 0.660800158978,
        "dmean2": 1.00326633453,
        "dvar": 0.47473821044,
        "dvar2": 1.10314953327,
        "max": 7.29076480865,
        "mean": 1.9914317131,
        "median": 1.93875908852,
        "min": -0.471614390612,
        "var": 1.40592622757
    },
    "melbands_spread": {
        "dmean": 5.60960006714,
        "dmean2": 8.78233909607,
        "dvar": 28.9009857178,
        "dvar2": 65.7659301758,
        "max": 59.9345283508,
        "mean": 21.6887321472,
        "median": 21.2245044708,
        "min": 4.02999782562,
        "var": 89.6256561279
    },
    "pitch_salience": {
        "dmean": 0.0733223110437,
        "dmean2": 0.117435313761,
        "dvar": 0.00390212819912,
        "dvar2": 0.0100027546287,
        "max": 0.833241283894,
        "mean": 0.583954274654,
        "median": 0.594097018242,
        "min": 0.261555820704,
        "var": 0.0099561419338
    },
    "silence_rate_20dB": {
        "dmean": 0,
        "dmean2": 0,
        "dvar": 0,
        "dvar2": 0,
        "max": 1,
        "mean": 1,
        "median": 1,
        "min": 1,
        "var": 0
    },
    "silence_rate_30dB": {
        "dmean": 0,
        "dmean2": 0,
        "dvar": 0,
        "dvar2": 0,
        "max": 1,
        "mean": 1,
        "median": 1,
        "min": 1,
        "var": 0
    },
    "silence_rate_60dB": {
        "dmean": 0,
        "dmean2": 0,
        "dvar": 0,
        "dvar2": 0,
        "max": 0,
        "mean": 0,
        "median": 0,
        "min": 0,
        "var": 0
    },
    "spectral_centroid": {
        "dmean": 205.321594238,
        "dmean2": 310.828369141,
        "dvar": 34355.7109375,
        "dvar2": 72341.625,
        "max": 3153.36865234,
        "mean": 1119.15258789,
        "median": 1100.36828613,
        "min": 354.443511963,
        "var": 138321.046875
    },
    "spectral_complexity": {
        "dmean": 4.00774002075,
        "dmean2": 6.05577087402,
        "dvar": 17.5015411377,
        "dvar2": 33.0719947815,
        "max": 52,
        "mean": 21.0348033905,
        "median": 20,
        "min": 5,
        "var": 51.1503219604
    },
    "spectral_decrease": {
        "dmean": 2.72973244009e-09,
        "dmean2": 4.24054080739e-09,
        "dvar": 8.20663173789e-18,
        "dvar2": 2.04085888478e-17,
        "max": -1.22443044592e-09,
        "mean": -8.01513522219e-09,
        "median": -7.33249994056e-09,
        "min": -2.53448764198e-08,
        "var": 1.44521489379e-17
    },
    "spectral_energy": {
        "dmean": 0.010937939398,
        "dmean2": 0.0168911553919,
        "dvar": 0.000128237181343,
        "dvar2": 0.00031276413938,
        "max": 0.0978214964271,
        "mean": 0.0323752909899,
        "median": 0.0294066630304,
        "min": 0.00492899399251,
        "var": 0.000237451022258
    },
    "spectral_energyband_high": {
        "dmean": 0.00029159229598,
        "dmean2": 0.000432976637967,
        "dvar": 1.5191892544e-07,
        "dvar2": 3.15014801799e-07,
        "max": 0.00378297967836,
        "mean": 0.000585205620155,
        "median": 0.00036453458597,
        "min": 1.5068241737e-05,
        "var": 3.81206433531e-07
    },
    "spectral_energyband_low": {
        "dmean": 0.00514644058421,
        "dmean2": 0.00894753541797,
        "dvar": 7.84020012361e-05,
        "dvar2": 0.000213843624806,
        "max": 0.0790953338146,
        "mean": 0.008041087538,
        "median": 0.00601454311982,
        "min": 0.000196450782823,
        "var": 6.71988236718e-05
    },
    "spectral_energyband_middle_high": {
        "dmean": 0.00329855061136,
        "dmean2": 0.00462092272937,
        "dvar": 2.11700134969e-05,
        "dvar2": 3.77404940082e-05,
        "max": 0.0557847246528,
        "mean": 0.00813430082053,
        "median": 0.00539862597361,
        "min": 0.000364822801203,
        "var": 6.23930463917e-05
    },
    "spectral_energyband_middle_low": {
        "dmean": 0.00668444717303,
        "dmean2": 0.0103545179591,
        "dvar": 6.08964801359e-05,
        "dvar2": 0.000138633680763,
        "max": 0.075686596334,
        "mean": 0.0171740427613,
        "median": 0.013875041157,
        "min": 0.00103883794509,
        "var": 0.000126339698909
    },
    "spectral_entropy": {
        "dmean": 0.165164187551,
        "dmean2": 0.236330613494,
        "dvar": 0.0247493479401,
        "dvar2": 0.0445323586464,
        "max": 8.25173187256,
        "mean": 7.45623350143,
        "median": 7.4887843132,
        "min": 6.42692327499,
        "var": 0.100793421268
    },
    "spectral_flux": {
        "dmean": 0.0308072790504,
        "dmean2": 0.0471728332341,
        "dvar": 0.00086165999528,
        "dvar2": 0.00175785995089,
        "max": 0.274520844221,
        "mean": 0.101369835436,
        "median": 0.0930572301149,
        "min": 0.0258074384183,
        "var": 0.0017988786567
    },
    "spectral_kurtosis": {
        "dmean": 1.78510773182,
        "dmean2": 2.92985248566,
        "dvar": 2.94432735443,
        "dvar2": 7.85205125809,
        "max": 16.1889476776,
        "mean": 4.6426615715,
        "median": 4.09299087524,
        "min": -0.332175016403,
        "var": 6.71125221252
    },
    "spectral_rms": {
        "dmean": 0.000930505630095,
        "dmean2": 0.00141671195161,
        "dvar": 7.80359187047e-07,
        "dvar2": 1.8410961502e-06,
        "max": 0.00976911466569,
        "mean": 0.00546614127234,
        "median": 0.00535625126213,
        "min": 0.00219289190136,
        "var": 1.70694488588e-06
    },
    "spectral_rolloff": {
        "dmean": 346.364318848,
        "dmean2": 582.93182373,
        "dvar": 183157.09375,
        "dvar2": 408397.84375,
        "max": 5835.49804688,
        "mean": 1192.76953125,
        "median": 1162.79296875,
        "min": 129.19921875,
        "var": 387826.9375
    },
    "spectral_skewness": {
        "dmean": 0.259598314762,
        "dmean2": 0.403231889009,
        "dvar": 0.048111807555,
        "dvar2": 0.115103781223,
        "max": 3.02168107033,
        "mean": 1.60177433491,
        "median": 1.56657123566,
        "min": 0.380495339632,
        "var": 0.174975678325
    },
    "spectral_spread": {
        "dmean": 435599,
        "dmean2": 649398.3125,
        "dvar": 406814195712,
        "dvar2": 642847997952,
        "max": 20047960,
        "mean": 3920053,
        "median": 3862396.75,
        "min": 2060630.25,
        "var": 845645152256
    },
    "spectral_strongpeak": {
        "dmean": 0.873942255974,
        "dmean2": 1.37397480011,
        "dvar": 1.34194970131,
        "dvar2": 2.88789319992,
        "max": 8.9918384552,
        "mean": 1.45965635777,
        "median": 0.604405939579,
        "min": 0.0290926713496,
        "var": 3.05120706558
    },
    "zerocrossingrate": {
        "dmean": 0.00648333178833,
        "dmean2": 0.00779623677954,
        "dvar": 3.45365879184e-05,
        "dvar2": 4.5681692427e-05,
        "max": 0.14404296875,
        "mean": 0.048568688333,
        "median": 0.04736328125,
        "min": 0.009765625,
        "var": 0.000252844707575
    },
    "barkbands": {
        "dmean": [6.85350605636e-05, 0.00291138049215, 0.00222070282325, 0.00139119708911, 0.00223341374658, 0.00153096124995, 0.000735714915209, 0.000970467168372, 0.00341349001974, 0.000855402613524, 0.000988522544503, 0.00105233804788, 0.000614285178017, 0.00066224229522, 0.000659603567328, 0.000403447222197, 0.000211978869629, 0.000135767870233, 0.000142865072121, 0.000126888713567, 9.59281605901e-05, 0.000117591807793, 4.56957241113e-05, 2.43839367613e-05, 1.46508746184e-05, 4.6232380555e-06, 5.72407898858e-09],
        "dmean2": [0.00010923670925, 0.0051311259158, 0.0038721752353, 0.00230324221775, 0.00373863708228, 0.00248578423634, 0.00126870989334, 0.00152011285536, 0.00525002321228, 0.00133891939186, 0.00149212672841, 0.00152218900621, 0.000928018649574, 0.00107123679481, 0.00104277639184, 0.000661894504447, 0.000343070947565, 0.000213958832319, 0.000219384310185, 0.000201128757908, 0.000149254134158, 0.000180889779585, 7.07088620402e-05, 3.58238794433e-05, 2.22507878789e-05, 7.2259758781e-06, 7.0479146963e-09],
        "dvar": [1.23648282724e-08, 3.31366863975e-05, 1.39417306855e-05, 2.74401918432e-06, 6.84326323608e-06, 3.95268716602e-06, 1.78859636435e-06, 7.01993985786e-06, 5.41854387848e-05, 9.23746119952e-06, 4.31382204624e-06, 4.93210472996e-06, 2.71863314083e-06, 2.18778450289e-06, 2.33279979511e-06, 5.71451550968e-07, 1.27036045683e-07, 3.93108834373e-08, 3.65734500463e-08, 3.20194182279e-08, 2.42772717485e-08, 3.12114210033e-08, 7.13381798079e-09, 2.78037659562e-09, 4.54332987898e-10, 5.91327264932e-11, 1.07155478474e-14],
        "dvar2": [2.86484045375e-08, 9.34077761485e-05, 3.91404901166e-05, 7.73546435084e-06, 1.87710738828e-05, 9.82536221272e-06, 4.91699074701e-06, 1.46783668242e-05, 0.000117127281555, 2.03384479391e-05, 8.33910689835e-06, 9.36139986152e-06, 6.1814748733e-06, 5.06251171828e-06, 5.80580672249e-06, 1.30421369704e-06, 3.21985538676e-07, 9.25891612269e-08, 7.60262750532e-08, 7.53861328917e-08, 5.74745016024e-08, 6.76798848076e-08, 1.67518141581e-08, 4.78921435842e-09, 9.71458580246e-10, 1.28285826406e-10, 1.07625412353e-14],
        "max": [0.000916426361073, 0.0427436009049, 0.0437879115343, 0.0205623209476, 0.0268901642412, 0.0256210211664, 0.0150439599529, 0.0668606683612, 0.0619477592409, 0.0458229854703, 0.0345400311053, 0.0283676311374, 0.030433781445, 0.0212948527187, 0.0208130758256, 0.0109606431797, 0.00536186527461, 0.00169172161259, 0.00249942019582, 0.00162094179541, 0.00185870530549, 0.00142254063394, 0.00147867458872, 0.00141920987517, 0.000291047181236, 0.000150057167048, 2.75066417998e-06],
        "mean": [7.57687885198e-05, 0.00368023687042, 0.00306861684658, 0.00218937522732, 0.00455672899261, 0.00283456523903, 0.00103045476135, 0.00135531218257, 0.00450386432931, 0.00120883749332, 0.00152748567052, 0.00157006049994, 0.000806781637948, 0.000943009159528, 0.000875261903275, 0.000627914560027, 0.000348845031112, 0.000219589506742, 0.000250414159382, 0.000212361119338, 0.00014921525144, 0.000186433331692, 7.79574766057e-05, 4.45482473879e-05, 2.53957769019e-05, 6.24565382168e-06, 5.40425748596e-09],
        "median": [2.73824934993e-05, 0.00241164886393, 0.00210058735684, 0.00165267498232, 0.00400286726654, 0.0020566850435, 0.000634003372397, 0.000575651065446, 0.000880401115865, 0.000392041925807, 0.000515837047715, 0.000480118324049, 0.000325350847561, 0.000375088333385, 0.00035633018706, 0.000312421674607, 0.000210641621379, 0.000135104812216, 0.000152054737555, 0.00011411828018, 6.80171287968e-05, 9.71974732238e-05, 3.65373889508e-05, 2.25629810302e-05, 1.55645848281e-05, 3.23120093526e-06, 5.21412968357e-10],
        "min": [9.36552737585e-08, 0.00012398812396, 2.56538296526e-05, 2.47342031798e-05, 0.000165268982528, 1.44544765135e-05, 1.38035074997e-05, 2.0253803541e-06, 9.92206605588e-06, 1.25074973312e-06, 1.73842636286e-06, 1.062319825e-06, 2.16399098463e-06, 1.52432801315e-06, 5.56106397198e-06, 7.80572008807e-06, 1.28606438921e-06, 4.46040667157e-06, 6.55035046293e-06, 3.6988174088e-06, 3.35586514666e-06, 1.70136456745e-06, 1.27871123823e-06, 3.89365112596e-07, 2.22211525625e-07, 1.23835247612e-11, 6.01037969394e-12],
        "var": [1.54831436561e-08, 2.4875629606e-05, 1.27163330035e-05, 3.68018345398e-06, 9.8250739029e-06, 7.29702423996e-06, 1.69609347722e-06, 1.0809007108e-05, 9.15797718335e-05, 1.17355129987e-05, 1.12702518891e-05, 1.01929217635e-05, 3.25936684931e-06, 3.77367155124e-06, 2.75150455309e-06, 8.77576042058e-07, 1.86675194414e-07, 6.13893007539e-08, 8.54531734262e-08, 6.45626911933e-08, 4.29509157129e-08, 5.52731656001e-08, 1.39150033718e-08, 7.04224012438e-09, 9.44998190811e-10, 1.1030201752e-10, 1.07132820342e-14]
    },
    "erbbands": {
        "dmean": [0.0629533156753, 0.744799375534, 2.29552268982, 3.85629868507, 6.20739126205, 7.96133756638, 9.9908657074, 13.4562797546, 11.7506570816, 14.8056764603, 29.2362957001, 71.9616775513, 47.7293968201, 21.4435272217, 43.1279449463, 37.1340904236, 25.2971019745, 35.0135345459, 30.1149597168, 26.1024150848, 19.2128944397, 10.9785680771, 7.81258296967, 6.43742990494, 7.44671535492, 6.10954189301, 4.49987888336, 3.67781710625, 4.19107580185, 3.00608921051, 1.0571680069, 0.602975964546, 0.373339116573, 0.167556345463, 0.108910411596, 0.0362561941147, 0.00648846430704, 0.000374400173314, 1.29944328364e-05, 1.3031585695e-05],
        "dmean2": [0.106697037816, 1.33240401745, 4.05347442627, 6.52167129517, 10.2201089859, 13.7303991318, 16.3973999023, 21.4245853424, 19.4275684357, 24.6506900787, 44.02394104, 110.927711487, 73.3818588257, 31.1154842377, 60.2964744568, 54.2677841187, 38.3348922729, 55.0491371155, 46.8124198914, 41.0805511475, 31.2023468018, 17.5736408234, 12.273311615, 10.1380319595, 11.4568014145, 9.73279666901, 6.93922758102, 5.76357746124, 6.51650094986, 4.6428103447, 1.63236153126, 0.913937330246, 0.548738539219, 0.254299879074, 0.16739320755, 0.057659547776, 0.010164280422, 0.000596498604864, 1.93351370399e-05, 1.99084170163e-05],
        "dvar": [0.0157698187977, 2.1869764328, 16.3695697784, 27.2514762878, 48.4753570557, 113.850631714, 147.055282593, 416.596038818, 354.20123291, 1783.20666504, 5575.91210938, 26079.6464844, 15689.375, 2777.3269043, 8252.88183594, 7120.30664062, 3663.40722656, 6397.49511719, 3762.49267578, 4381.25341797, 1085.19238281, 276.822631836, 125.887809753, 73.6146316528, 120.188240051, 72.4103546143, 60.5112838745, 31.0034255981, 42.3685798645, 27.4041843414, 2.95653629303, 1.64579129219, 0.660058677197, 0.0598907768726, 0.025910038501, 0.00340872071683, 0.000174316926859, 7.47259775835e-07, 5.66790836487e-10, 1.76815992403e-10],
        "dvar2": [0.04088306427, 6.28382110596, 46.0117950439, 75.1604537964, 128.955596924, 321.366790771, 382.422729492, 1049.65881348, 955.941711426, 4263.17626953, 11150.6083984, 59223.4609375, 35490.96875, 5109.125, 15435.7509766, 14060.7958984, 8025.67626953, 15232.8935547, 8823.73925781, 11124.1806641, 2551.75341797, 667.053771973, 297.530151367, 160.940551758, 262.32333374, 168.883743286, 144.352386475, 71.6676559448, 91.081413269, 64.7951889038, 6.4966211319, 3.04655694962, 1.14829742908, 0.112806536257, 0.0589624419808, 0.00813899748027, 0.000369863613741, 1.57087413299e-06, 9.65102664452e-10, 4.18065998486e-10],
        "max": [0.948232769966, 12.2210149765, 43.8955955505, 69.1455383301, 58.4300498962, 124.089813232, 150.156539917, 290.127655029, 236.209442139, 1079.37915039, 1201.29089355, 1607.00671387, 1890.95739746, 930.957336426, 1593.79882812, 1197.34472656, 1043.87731934, 1069.77563477, 712.018432617, 1220.79931641, 412.748718262, 187.831222534, 106.413948059, 127.890007019, 116.416381836, 87.9189605713, 92.0203933716, 87.0350189209, 58.9776878357, 97.7449569702, 28.2718544006, 28.9409942627, 25.8894443512, 4.97298431396, 1.97026395798, 0.865259587765, 0.306983202696, 0.0201331153512, 0.00043020924204, 0.000109929860628],
        "mean": [0.0747245252132, 0.941101849079, 3.29124855995, 6.20383834839, 11.7826309204, 13.8840808868, 18.5196876526, 23.6336135864, 20.2925739288, 19.7228412628, 47.3247108459, 92.106918335, 63.7508087158, 38.308807373, 69.6303329468, 58.2183265686, 37.3613243103, 53.9935035706, 43.2011680603, 37.9541091919, 33.3879737854, 19.2364883423, 12.9603118896, 11.9586315155, 12.6460065842, 10.3284063339, 6.77666854858, 5.89199399948, 6.51370286942, 4.92308712006, 1.87614476681, 1.07325923443, 0.66125613451, 0.307914048433, 0.169285461307, 0.0483357533813, 0.0085144340992, 0.000473723135656, 3.04312798107e-05, 3.9360995288e-05],
        "median": [0.0376013964415, 0.652926743031, 2.16734719276, 4.71670341492, 9.18885612488, 10.9271917343, 14.203830719, 15.148276329, 14.0546665192, 10.0423765182, 12.7308311462, 19.4364929199, 22.3788890839, 14.1236820221, 25.0049953461, 22.6519241333, 18.4953575134, 25.280254364, 20.20287323, 17.2926368713, 17.4467163086, 12.0640010834, 8.04105758667, 8.44420814514, 6.76796722412, 5.67276525497, 3.05460858345, 2.99902224541, 3.29335665703, 2.48793029785, 0.919333994389, 0.517526268959, 0.322622448206, 0.175351709127, 0.100814327598, 0.0273198094219, 0.00368421478197, 0.000171827618033, 2.48130745604e-05, 3.60113444913e-05],
        "min": [0.00104565743823, 0.022929456085, 0.0781766027212, 0.0963729470968, 0.305852204561, 0.513137221336, 0.537381827831, 0.277307420969, 0.298544168472, 0.0904024615884, 0.144276678562, 0.209619611502, 0.263452738523, 0.402536273003, 0.249952301383, 0.260482221842, 0.169491171837, 0.247584477067, 0.716474890709, 0.474110007286, 0.626495778561, 0.424673169851, 0.231222257018, 0.443677961826, 0.328936189413, 0.197099983692, 0.12594486773, 0.148206621408, 0.0597089529037, 0.0533601008356, 0.0465278476477, 0.00716148037463, 0.00584227172658, 0.00470539135858, 0.00101850833744, 4.25928010372e-05, 8.22883248475e-06, 1.01995703972e-06, 3.34861078954e-06, 6.84062251821e-06],
        "var": [0.0146709699184, 1.52496659756, 14.1674766541, 29.9795799255, 89.087348938, 126.984916687, 250.48223877, 706.98223877, 472.519622803, 2051.41918945, 13278.953125, 37305.1835938, 20167.4453125, 8961.96972656, 18281.5273438, 14023.8828125, 4919.57470703, 10639.9609375, 5159.51074219, 4831.00292969, 1927.68835449, 476.482299805, 202.539077759, 149.846313477, 240.61050415, 147.330612183, 97.4637908936, 58.7661437988, 70.6242294312, 47.4215774536, 7.24014616013, 3.93247818947, 1.67550873756, 0.164056763053, 0.04256651178, 0.00491122249514, 0.00031824738835, 1.42604267239e-06, 9.8280372729e-10, 3.49863804594e-10]
    },
    "gfcc": {
        "mean": [18.8404426575, 120.093475342, -131.590270996, 37.5930404663, -62.0373725891, 20.2035903931, -40.1672210693, 2.34199786186, -23.9934101105, -2.42198348045, -15.5184545517, -4.94575548172, -4.57562065125],
        "cov": [[1488.45959473, -701.472045898, -157.423965454, -51.1346511841, -189.461029053, 48.7972335815, 88.3234405518, 87.3594589233, -69.4345779419, 137.565246582, -234.038803101, 155.765701294, -161.685897827], [-701.472045898, 597.478210449, -24.4475021362, -20.3660163879, 133.545623779, -71.2845611572, -8.86604499817, -56.0493049622, 83.5175094604, -89.8544464111, 157.19078064, -132.81111145, 98.4836120605], [-157.423965454, -24.4475021362, 310.438415527, 63.4712333679, 23.7346343994, 27.479932785, -48.456905365, 24.7297782898, -28.3801612854, 16.2462863922, -6.66986513138, 39.4089660645, -9.66655921936], [-51.1346511841, -20.3660163879, 63.4712333679, 235.085205078, 15.1389303207, -43.2174758911, -47.9805984497, -3.88405370712, 43.2953796387, -3.48488664627, 25.0162944794, -17.904668808, 45.2927589417], [-189.461029053, 133.545623779, 23.7346343994, 15.1389303207, 192.830780029, 23.8008422852, -32.4814071655, -4.13862037659, -4.47447347641, -4.23521900177, 37.9156494141, -11.5291566849, 17.0130958557], [48.7972335815, -71.2845611572, 27.479932785, -43.2174758911, 23.8008422852, 143.531616211, 33.3955383301, -12.0455064774, -43.8132324219, -8.29452610016, -9.70296001434, 11.5405378342, -19.4821720123], [88.3234405518, -8.86604499817, -48.456905365, -47.9805984497, -32.4814071655, 33.3955383301, 147.911636353, 18.793176651, -19.8457889557, -8.09905338287, -29.883184433, -6.90282726288, -28.8531227112], [87.3594589233, -56.0493049622, 24.7297782898, -3.88405370712, -4.13862037659, -12.0455064774, 18.793176651, 99.2279281616, 18.2698116302, 13.2450037003, -26.3403720856, 15.3283653259, -9.46100139618], [-69.4345779419, 83.5175094604, -28.3801612854, 43.2953796387, -4.47447347641, -43.8132324219, -19.8457889557, 18.2698116302, 108.963401794, -0.536795556545, 8.8768491745, -34.1888046265, 34.6912078857], [137.565246582, -89.8544464111, 16.2462863922, -3.48488664627, -4.23521900177, -8.29452610016, -8.09905338287, 13.2450037003, -0.536795556545, 92.1303939819, -11.1805353165, 27.4629936218, -28.2384052277], [-234.038803101, 157.19078064, -6.66986513138, 25.0162944794, 37.9156494141, -9.70296001434, -29.883184433, -26.3403720856, 8.8768491745, -11.1805353165, 137.059967041, -21.3210048676, 17.4334659576], [155.765701294, -132.81111145, 39.4089660645, -17.904668808, -11.5291566849, 11.5405378342, -6.90282726288, 15.3283653259, -34.1888046265, 27.4629936218, -21.3210048676, 107.830856323, -17.5294857025], [-161.685897827, 98.4836120605, -9.66655921936, 45.2927589417, 17.0130958557, -19.4821720123, -28.8531227112, -9.46100139618, 34.6912078857, -28.2384052277, 17.4334659576, -17.5294857025, 106.835418701]],
        "icov": [[0.00228709797375, 0.000989716616459, 0.00188138324302, -0.000817815540358, 0.000817095569801, -0.000646560860332, 0.000119637385069, -0.000960352947004, 0.000295849371469, -0.00147941813339, 0.0019954580348, -0.00146395899355, 0.00171222747304], [0.000989716616459, 0.0136338910088, -0.0041957735084, 0.00774796819314, -0.00768067175522, 0.00876774266362, -0.00660973507911, 0.00627792719752, -0.00773894460872, 0.00629122834653, -0.0100166359916, 0.00809502229095, -0.00600318424404], [0.00188138324302, -0.0041957735084, 0.00772368814796, -0.00523308943957, 0.00360524188727, -0.00517886597663, 0.0042685889639, -0.00493339449167, 0.00459718890488, -0.00398899568245, 0.00596347032115, -0.00528815761209, 0.00444195838645], [-0.000817815540358, 0.00774796819314, -0.00523308943957, 0.0108893057331, -0.0053427759558, 0.00700183445588, -0.0037391113583, 0.00507087027654, -0.00642607128248, 0.00462926179171, -0.00780696887523, 0.00638447981328, -0.00627133715898], [0.000817095569801, -0.00768067175522, 0.00360524188727, -0.0053427759558, 0.0112061798573, -0.00721643399447, 0.00545734819025, -0.00527830328792, 0.00562335923314, -0.00504157692194, 0.00588492676616, -0.0049120853655, 0.00388919864781], [-0.000646560860332, 0.00876774266362, -0.00517886597663, 0.00700183445588, -0.00721643399447, 0.0155669804662, -0.00674595031887, 0.00639243004844, -0.00351884751581, 0.00603065779433, -0.00755695486441, 0.00608430523425, -0.00479761790484], [0.000119637385069, -0.00660973507911, 0.0042685889639, -0.0037391113583, 0.00545734819025, -0.00674595031887, 0.0127352988347, -0.00601425161585, 0.00549916550517, -0.0026334663853, 0.00663825729862, -0.00297947856598, 0.00499925529584], [-0.000960352947004, 0.00627792719752, -0.00493339449167, 0.00507087027654, -0.00527830328792, 0.00639243004844, -0.00601425161585, 0.0166042465717, -0.00790795590729, 0.00356904743239, -0.00454063713551, 0.00292801251635, -0.00325176073238], [0.000295849371469, -0.00773894460872, 0.00459718890488, -0.00642607128248, 0.00562335923314, -0.00351884751581, 0.00549916550517, -0.00790795590729, 0.0189049709588, -0.00588101102039, 0.00662172306329, -0.00129118806217, 0.000984061742201], [-0.00147941813339, 0.00629122834653, -0.00398899568245, 0.00462926179171, -0.00504157692194, 0.00603065779433, -0.0026334663853, 0.00356904743239, -0.00588101102039, 0.0178617835045, -0.00653579179198, 0.00242229504511, -0.000759663467761], [0.0019954580348, -0.0100166359916, 0.00596347032115, -0.00780696887523, 0.00588492676616, -0.00755695486441, 0.00663825729862, -0.00454063713551, 0.00662172306329, -0.00653579179198, 0.0193122550845, -0.00747910467908, 0.00692210299894], [-0.00146395899355, 0.00809502229095, -0.00528815761209, 0.00638447981328, -0.0049120853655, 0.00608430523425, -0.00297947856598, 0.00292801251635, -0.00129118806217, 0.00242229504511, -0.00747910467908, 0.0190703067929, -0.00610755896196], [0.00171222747304, -0.00600318424404, 0.00444195838645, -0.00627133715898, 0.00388919864781, -0.00479761790484, 0.00499925529584, -0.00325176073238, 0.000984061742201, -0.000759663467761, 0.00692210299894, -0.00610755896196, 0.0174619816244]]
    },
    "melbands": {
        "dmean": [0.000687066232786, 0.00112449121661, 0.000669061555527, 0.000504390685819, 0.000339924590662, 0.000300244922983, 0.000169292106875, 0.000167822014191, 0.000296263402561, 0.000477956869872, 0.000237736865529, 8.20269997348e-05, 0.000131153545226, 0.000117597308417, 8.92391472007e-05, 5.70330048504e-05, 7.19845702406e-05, 4.85907185066e-05, 5.03994597238e-05, 3.26819645124e-05, 2.11098777072e-05, 1.35098662213e-05, 8.11979407445e-06, 6.34034904579e-06, 5.6122926253e-06, 5.77862465434e-06, 5.2634536587e-06, 3.96466111852e-06, 3.00805186271e-06, 2.44736725108e-06, 2.23310598813e-06, 2.39809924096e-06, 2.64659411187e-06, 1.43304589528e-06, 6.66085327339e-07, 4.51476410035e-07, 3.71587020709e-07, 2.97169492569e-07, 1.97621332632e-07, 1.39759023909e-07],
        "dmean2": [0.00119666906539, 0.0019983004313, 0.0011123662116, 0.000859574880451, 0.000558999716304, 0.000479312700918, 0.000280297885183, 0.000274630932836, 0.00044235875248, 0.000744178658351, 0.000367352738976, 0.00011986165191, 0.000192861174583, 0.000158974711667, 0.000137650320539, 8.78797654877e-05, 0.00011372899462, 7.72015191615e-05, 8.13130609458e-05, 5.3137078794e-05, 3.50451773556e-05, 2.17853412323e-05, 1.30616435854e-05, 9.98935229291e-06, 8.93955075298e-06, 8.93167907634e-06, 8.44997521199e-06, 6.33682930129e-06, 4.70786835649e-06, 3.85414386983e-06, 3.52170695805e-06, 3.75829426957e-06, 4.11197561334e-06, 2.22235257752e-06, 1.04370269582e-06, 7.10437177531e-07, 5.69977601117e-07, 4.39226880644e-07, 3.01155921534e-07, 2.21593680294e-07],
        "dvar": [1.88274009361e-06, 4.15469366999e-06, 6.39810252778e-07, 3.92459071463e-07, 1.46160644476e-07, 1.85813490816e-07, 7.42232018069e-08, 2.51180068744e-07, 6.53381277971e-07, 1.20474908272e-06, 4.06178003232e-07, 5.28242303233e-08, 7.38664809319e-08, 6.93152628628e-08, 6.12890431739e-08, 2.40811690588e-08, 2.72252762556e-08, 9.87632997607e-09, 1.67631508674e-08, 4.78000083959e-09, 1.332274846e-09, 4.53737991624e-10, 1.60218768808e-10, 8.30078852876e-11, 6.15991632702e-11, 7.5011614975e-11, 5.68767116738e-11, 3.16819417923e-11, 2.67774032114e-11, 1.89533302247e-11, 1.22759909876e-11, 1.48648593434e-11, 1.79926646499e-11, 8.89990858788e-12, 1.16806759577e-12, 8.30957861114e-13, 6.93051464742e-13, 4.5860673115e-13, 1.10845835006e-13, 3.86183428714e-14],
        "dvar2": [5.19729383086e-06, 1.17328354463e-05, 1.79757830665e-06, 1.09769257506e-06, 3.80099123731e-07, 4.71491659937e-07, 2.0031079373e-07, 5.61028571155e-07, 1.25583528643e-06, 2.77093226941e-06, 9.16836143006e-07, 1.07882385691e-07, 1.416027402e-07, 1.20377180224e-07, 1.46909641785e-07, 5.66584326123e-08, 6.21792821676e-08, 2.32397727729e-08, 4.20927790401e-08, 1.06873230266e-08, 3.2995615129e-09, 1.08515618713e-09, 4.04747069194e-10, 1.93440527485e-10, 1.3799583698e-10, 1.66016839165e-10, 1.34335514934e-10, 7.33760482929e-11, 6.26456872488e-11, 4.8104589756e-11, 2.84571758519e-11, 3.23861146234e-11, 4.25384449887e-11, 2.23454345305e-11, 2.67644717153e-12, 1.80709874148e-12, 1.31550683975e-12, 8.13677142157e-13, 1.96732549956e-13, 8.03311478209e-14],
        "max": [0.0106121841818, 0.0214332956821, 0.0098448805511, 0.00627307780087, 0.0040397667326, 0.00599295832217, 0.00340021587908, 0.0143329286948, 0.0123557280749, 0.00966814160347, 0.00916741043329, 0.00397892203182, 0.00466475635767, 0.0040724161081, 0.00479995645583, 0.00182518758811, 0.00245416210964, 0.00137229543179, 0.00196235324256, 0.000968690612353, 0.000474177446449, 0.000247120740823, 0.000117063638754, 9.99969779514e-05, 0.000114942224172, 0.00011409540457, 7.44044227758e-05, 5.21437468706e-05, 5.6473621953e-05, 6.36657132418e-05, 4.91016216984e-05, 4.17258561356e-05, 5.15660503879e-05, 6.31403454463e-05, 1.61024254339e-05, 1.57759459398e-05, 1.81493742275e-05, 2.14260435314e-05, 9.37308413995e-06, 2.51242204286e-06],
        "mean": [0.000849814619869, 0.00161667692009, 0.00123328517657, 0.000924878870137, 0.0006690545124, 0.000543995760381, 0.000285771879135, 0.000220779431402, 0.000482882722281, 0.000596920202952, 0.000307173992041, 0.000138284973218, 0.000211034275708, 0.000186694829608, 0.000119247561088, 7.54846987547e-05, 0.000106228646473, 6.47546257824e-05, 6.47036722512e-05, 4.7911053116e-05, 3.5103133996e-05, 2.16325715883e-05, 1.26078175526e-05, 1.01747355075e-05, 9.5670684459e-06, 9.12869836611e-06, 8.44144688017e-06, 6.41280576019e-06, 4.32816250395e-06, 3.55084557668e-06, 3.3418205021e-06, 3.49278479916e-06, 3.91483581552e-06, 2.23739652938e-06, 1.10371013307e-06, 7.49732407712e-07, 6.1312022126e-07, 4.97237010677e-07, 3.30916066105e-07, 2.35850819763e-07],
        "median": [0.000519372697454, 0.00114815984853, 0.00104140664916, 0.000775107124355, 0.000559602514841, 0.000372824782971, 0.000201345334062, 0.000104762606497, 9.16589197004e-05, 0.00012512820831, 9.19521698961e-05, 3.74603914679e-05, 7.38563758205e-05, 5.60498447157e-05, 5.0122882385e-05, 2.73417135759e-05, 4.48277060059e-05, 2.78454826912e-05, 2.48839915002e-05, 2.15342333831e-05, 1.74897904799e-05, 1.25718415802e-05, 7.37532172934e-06, 6.34025491308e-06, 6.19335969532e-06, 4.75696242574e-06, 4.52417452834e-06, 3.31708588419e-06, 1.7986109242e-06, 1.50586231484e-06, 1.65678386566e-06, 1.63703623457e-06, 1.91554363482e-06, 1.03981426491e-06, 5.13112865974e-07, 3.262230166e-07, 2.80656195173e-07, 2.24821818051e-07, 1.66613077113e-07, 1.33874408448e-07],
        "min": [2.06652221095e-05, 4.88213154313e-05, 2.48152991844e-05, 1.88202575373e-05, 1.54638873937e-05, 2.25809344556e-06, 4.16482362198e-06, 3.65396061852e-07, 9.34233980843e-07, 1.38675022754e-06, 6.48544528303e-07, 1.11041742912e-06, 4.57401426956e-07, 7.37216851121e-07, 1.79619178198e-07, 1.35391232448e-07, 1.60816242101e-07, 1.76079993253e-07, 3.87151800396e-07, 3.81558635354e-07, 2.50430787219e-07, 6.56688570189e-08, 1.89266003758e-07, 2.07582928624e-07, 3.06191566324e-07, 1.33901238542e-07, 9.44545774928e-08, 7.28298701347e-08, 3.35603687063e-08, 8.68737757287e-08, 4.71824321835e-08, 2.62910955229e-08, 1.7271529984e-08, 9.86696679917e-09, 1.77075225594e-08, 4.69249394897e-09, 3.22568016742e-09, 4.69479832788e-09, 2.88340151755e-09, 1.56392199191e-09],
