{
"highlevel": {
    "danceability": {
        "all": {
            "danceable": 0.99973911047,
            "not_danceable": 0.00026087378501
        },
        "probability": 0.99973911047,
        "value": "danceable"
    },
    "gender": {
        "all": {
            "female": 0.936229050159,
            "male": 0.0637709274888
        },
        "probability": 0.936229050159,
        "value": "female"
    },
    "genre_dortmund": {
        "all": {
            "alternative": 0.037397775799,
            "blues": 0.0342800915241,
            "electronic": 0.0934137105942,
            "folkcountry": 0.0121662840247,
            "funksoulrnb": 0.0376855172217,
            "jazz": 0.0297945030034,
            "pop": 0.0672140643001,
            "raphiphop": 0.643065214157,
            "rock": 0.0449828132987
        },
        "probability": 0.643065214157,
        "value": "raphiphop"
    },
    "genre_electronic": {
        "all": {
            "ambient": 0.0708950608969,
            "dnb": 0.60196095705,
            "house": 0.229954987764,
            "techno": 0.0158767607063,
            "trance": 0.0813122019172
        },
        "probability": 0.60196095705,
        "value": "dnb"
    },
    "genre_rosamerica": {
        "all": {
            "cla": 0.00211091828533,
            "dan": 0.0707486271858,
            "hip": 0.0675035864115,
            "jaz": 0.00320310448296,
            "pop": 0.589559197426,
            "rhy": 0.25743830204,
            "roc": 0.00760938134044,
            "spe": 0.00182687304914
        },
        "probability": 0.589559197426,
        "value": "pop"
    },
    "genre_tzanetakis": {
        "all": {
            "blu": 0.0622663982213,
            "cla": 0.0345780998468,
            "cou": 0.103735685349,
            "dis": 0.0518908686936,
            "hip": 0.155698984861,
            "jaz": 0.311586618423,
            "met": 0.0519040971994,
            "pop": 0.0622744634748,
            "reg": 0.0622723288834,
            "roc": 0.103792458773
        },
        "probability": 0.311586618423,
        "value": "jaz"
    },
    "ismir04_rhythm": {
        "all": {
            "ChaChaCha": 0.0613791644573,
            "Jive": 0.0249800998718,
            "Quickstep": 0.0210611056536,
            "Rumba-American": 0.026739705354,
            "Rumba-International": 0.573943316936,
            "Rumba-Misc": 0.0157838873565,
            "Samba": 0.227390408516,
            "Tango": 0.00695720640942,
            "VienneseWaltz": 0.0255220029503,
            "Waltz": 0.0162431206554
        },
        "probability": 0.573943316936,
        "value": "Rumba-International"
    },
    "mood_acoustic": {
        "all": {
            "acoustic": 0.00699061434716,
            "not_acoustic": 0.993009388447
        },
        "probability": 0.993009388447,
        "value": "not_acoustic"
    },
    "mood_aggressive": {
        "all": {
            "aggressive": 0.0169462822378,
            "not_aggressive": 0.983053743839
        },
        "probability": 0.983053743839,
        "value": "not_aggressive"
    },
    "mood_electronic": {
        "all": {
            "electronic": 0.924755811691,
            "not_electronic": 0.0752441808581
        },
        "probability": 0.924755811691,
        "value": "electronic"
    },
    "mood_happy": {
        "all": {
            "happy": 0.156307801604,
            "not_happy": 0.843692183495
        },
        "probability": 0.843692183495,
        "value": "not_happy"
    },
    "mood_party": {
        "all": {
            "not_party": 0.553168296814,
            "party": 0.446831732988
        },
        "probability": 0.553168296814,
        "value": "not_party"
    },
    "mood_relaxed": {
        "all": {
            "not_relaxed": 0.571945846081,
            "relaxed": 0.428054153919
        },
        "probability": 0.571945846081,
        "value": "not_relaxed"
    },
    "mood_sad": {
        "all": {
            "not_sad": 0.747724175453,
            "sad": 0.252275824547
        },
        "probability": 0.747724175453,
        "value": "not_sad"
    },
    "moods_mirex": {
        "all": {
            "Cluster1": 0.168357387185,
            "Cluster2": 0.0685831606388,
            "Cluster3": 0.498971819878,
            "Cluster4": 0.104560784996,
            "Cluster5": 0.159526854753
        },
        "probability": 0.498971819878,
        "value": "Cluster3"
    },
    "timbre": {
        "all": {
            "bright": 0.372431397438,
            "dark": 0.627568602562
        },
        "probability": 0.627568602562,
        "value": "dark"
    },
    "tonal_atonal": {
        "all": {
            "atonal": 0.875590324402,
            "tonal": 0.124409690499
        },
        "probability": 0.875590324402,
        "value": "atonal"
    },
    "voice_instrumental": {
        "all": {
            "instrumental": 0.0279988087714,
            "voice": 0.972001194954
        },
        "probability": 0.972001194954,
        "value": "voice"
    }
},
"lowlevel": {
    "average_loudness": 0.926652550697,
    "barkbands_crest": {
        "dmean": 1.93561172485,
        "dmean2": 3.05027270317,
        "dvar": 5.49560689926,
        "dvar2": 13.8524084091,
        "max": 25.6726837158,
        "mean": 16.5853939056,
        "median": 17.8859863281,
        "min": 3.43140506744,
        "var": 24.5860137939
    },
    "barkbands_flatness_db": {
        "dmean": 0.0260188933462,
        "dmean2": 0.0386426672339,
        "dvar": 0.000799629779067,
        "dvar2": 0.0016178318765,
        "max": 0.394367694855,
        "mean": 0.221746698022,
        "median": 0.213952302933,
        "min": 0.0637350156903,
        "var": 0.00377832609229
    },
    "barkbands_kurtosis": {
        "dmean": 8.89748477936,
        "dmean2": 13.5098409653,
        "dvar": 342.463531494,
        "dvar2": 823.328552246,
        "max": 163.41569519,
        "mean": 14.2594919205,
        "median": 5.83970165253,
        "min": -1.77995502949,
        "var": 549.6796875
    },
    "barkbands_skewness": {
        "dmean": 0.785289406776,
        "dmean2": 1.1658539772,
        "dvar": 1.0265866518,
        "dvar2": 2.27640748024,
        "max": 10.2844009399,
        "mean": 2.71206402779,
        "median": 2.27794194221,
        "min": -2.34388828278,
        "var": 4.22107601166
    },
    "barkbands_spread": {
        "dmean": 4.79017877579,
        "dmean2": 6.8872590065,
        "dvar": 62.1655387878,
        "dvar2": 118.118766785,
        "max": 85.7868423462,
        "mean": 14.4096469879,
        "median": 11.4105377197,
        "min": 0.965696692467,
        "var": 151.834945679
    },
    "dissonance": {
        "dmean": 0.0258983690292,
        "dmean2": 0.0441691912711,
        "dvar": 0.000738578033634,
        "dvar2": 0.00204066839069,
        "max": 0.499960392714,
        "mean": 0.447722643614,
        "median": 0.463412851095,
        "min": 0.193048223853,
        "var": 0.00230238749646
    },
    "dynamic_complexity": 2.3735806942,
    "erbbands_crest": {
        "dmean": 3.17432022095,
        "dmean2": 5.08695173264,
        "dvar": 8.03899478912,
        "dvar2": 18.7179203033,
        "max": 31.2294692993,
        "mean": 11.2625894547,
        "median": 9.86490726471,
        "min": 2.79582285881,
        "var": 32.0790481567
    },
    "erbbands_flatness_db": {
        "dmean": 0.0196387562901,
        "dmean2": 0.0288545321673,
        "dvar": 0.000298801372992,
        "dvar2": 0.000637011427898,
        "max": 0.424590021372,
        "mean": 0.184739410877,
        "median": 0.159134596586,
        "min": 0.0617979429662,
        "var": 0.00643740501255
    },
    "erbbands_kurtosis": {
        "dmean": 1.58710610867,
        "dmean2": 2.47233843803,
        "dvar": 8.38071155548,
        "dvar2": 20.7922821045,
        "max": 63.9912261963,
        "mean": 1.73600256443,
        "median": 0.546874046326,
        "min": -1.73045694828,
        "var": 18.7051086426
    },
    "erbbands_skewness": {
        "dmean": 0.443122237921,
        "dmean2": 0.659188687801,
        "dvar": 0.189710184932,
        "dvar2": 0.373160868883,
        "max": 4.88289785385,
        "mean": 0.24044303596,
        "median": 0.106752939522,
        "min": -2.22412705421,
        "var": 0.84646320343
    },
    "erbbands_spread": {
        "dmean": 8.6799030304,
        "dmean2": 13.6007471085,
        "dvar": 102.648826599,
        "dvar2": 232.295944214,
        "max": 129.207763672,
        "mean": 34.9793891907,
        "median": 30.8096027374,
        "min": 0.941969633102,
        "var": 544.589111328
    },
    "hfc": {
        "dmean": 13.381737709,
        "dmean2": 19.7472133636,
        "dvar": 1476.33850098,
        "dvar2": 3677.52832031,
        "max": 485.342041016,
        "mean": 29.4977645874,
        "median": 21.5944271088,
        "min": 1.06859123707,
        "var": 1591.70349121
    },
    "melbands_crest": {
        "dmean": 2.08197307587,
        "dmean2": 3.25169897079,
        "dvar": 6.89947366714,
        "dvar2": 14.9622087479,
        "max": 37.2284660339,
        "mean": 23.4385929108,
        "median": 24.8426265717,
        "min": 4.66029596329,
        "var": 51.6233100891
    },
    "melbands_flatness_db": {
        "dmean": 0.0285121817142,
        "dmean2": 0.0404723882675,
        "dvar": 0.00112274091225,
        "dvar2": 0.00216550286859,
        "max": 0.490893870592,
        "mean": 0.28235989809,
        "median": 0.2764967978,
        "min": 0.0481878146529,
        "var": 0.00526731275022
    },
    "melbands_kurtosis": {
        "dmean": 18.5539150238,
        "dmean2": 28.9614543915,
        "dvar": 1244.84509277,
        "dvar2": 2949.80957031,
        "max": 353.781646729,
        "mean": 37.5983543396,
        "median": 16.5325832367,
        "min": -1.2691321373,
        "var": 2761.94946289
    },
    "melbands_skewness": {
        "dmean": 0.986266255379,
        "dmean2": 1.50499975681,
        "dvar": 1.37139999866,
        "dvar2": 3.08243131638,
        "max": 15.5418796539,
        "mean": 4.17847108841,
        "median": 3.75647044182,
        "min": -2.62868595123,
        "var": 8.90474224091
    },
    "melbands_spread": {
        "dmean": 4.6073756218,
        "dmean2": 6.71347904205,
        "dvar": 104.379241943,
        "dvar2": 230.395446777,
        "max": 134.424240112,
        "mean": 12.750243187,
        "median": 10.1510419846,
        "min": 0.719728112221,
        "var": 169.028839111
    },
    "pitch_salience": {
        "dmean": 0.0526916570961,
        "dmean2": 0.0846895501018,
        "dvar": 0.00382821331732,
        "dvar2": 0.00902733020484,
        "max": 0.807146191597,
        "mean": 0.397367626429,
        "median": 0.37391191721,
        "min": 0.102713637054,
        "var": 0.0172438230366
    },
    "silence_rate_20dB": {
        "dmean": 0,
        "dmean2": 0,
        "dvar": 0,
        "dvar2": 0,
        "max": 1,
        "mean": 1,
        "median": 1,
        "min": 1,
        "var": 0
    },
    "silence_rate_30dB": {
        "dmean": 0.100619196892,
        "dmean2": 0.201394274831,
        "dvar": 0.0904949009418,
        "dvar2": 0.184071213007,
        "max": 1,
        "mean": 0.588553726673,
        "median": 1,
        "min": 0,
        "var": 0.242154568434
    },
    "silence_rate_60dB": {
        "dmean": 0.0178018584847,
        "dmean2": 0.0348566994071,
        "dvar": 0.0174849089235,
        "dvar2": 0.04138796404,
        "max": 1,
        "mean": 0.0309358090162,
        "median": 0,
        "min": 0,
        "var": 0.0299788676202
    },
    "spectral_centroid": {
        "dmean": 240.29447937,
        "dmean2": 340.848388672,
        "dvar": 97778.1640625,
        "dvar2": 158372.125,
        "max": 3735.56518555,
        "mean": 1258.53393555,
        "median": 1194.31164551,
        "min": 164.846282959,
        "var": 353586.6875
    },
    "spectral_complexity": {
        "dmean": 3.38157892227,
        "dmean2": 4.98450803757,
        "dvar": 19.8505821228,
        "dvar2": 32.9956207275,
        "max": 63,
        "mean": 18.3457069397,
        "median": 18,
        "min": 4,
        "var": 91.8397216797
    },
    "spectral_decrease": {
        "dmean": 4.12201739408e-09,
        "dmean2": 6.28990548535e-09,
        "dvar": 8.53557417054e-17,
        "dvar2": 1.73260205549e-16,
        "max": -2.49797210694e-10,
        "mean": -2.11422772622e-08,
        "median": -2.31747367962e-08,
        "min": -8.17178431589e-08,
        "var": 2.29003430573e-16
    },
    "spectral_energy": {
        "dmean": 0.0163847710937,
        "dmean2": 0.0249240826815,
        "dvar": 0.00124577933457,
        "dvar2": 0.00253308448009,
        "max": 0.311814695597,
        "mean": 0.0824713110924,
        "median": 0.0903038084507,
        "min": 0.00107293308247,
        "var": 0.00339078344405
    },
    "spectral_energyband_high": {
        "dmean": 0.00112114346121,
        "dmean2": 0.00174781132955,
        "dvar": 2.18086697714e-05,
        "dvar2": 5.28182317794e-05,
        "max": 0.0573459714651,
        "mean": 0.00133717432618,
        "median": 0.000339106336469,
        "min": 1.39626854434e-06,
        "var": 2.0322515411e-05
    },
    "spectral_energyband_low": {
        "dmean": 0.0133438715711,
        "dmean2": 0.0209540873766,
        "dvar": 0.00117736228276,
        "dvar2": 0.00254602963105,
        "max": 0.291597336531,
        "mean": 0.0644817873836,
        "median": 0.0666829794645,
        "min": 7.79135778117e-09,
        "var": 0.00288027431816
    },
    "spectral_energyband_middle_high": {
        "dmean": 0.0031016881112,
        "dmean2": 0.00457562319934,
        "dvar": 2.09507034015e-05,
        "dvar2": 4.55584267911e-05,
        "max": 0.0543395392597,
        "mean": 0.00770204840228,
        "median": 0.00483974069357,
        "min": 0.000224327217438,
        "var": 6.60981750116e-05
    },
    "spectral_energyband_middle_low": {
        "dmean": 0.00424820743501,
        "dmean2": 0.00643776264042,
        "dvar": 7.58744572522e-05,
        "dvar2": 0.00019177129434,
        "max": 0.107072047889,
        "mean": 0.0111001450568,
        "median": 0.00949248112738,
        "min": 0.000231965954299,
        "var": 9.90646803984e-05
    },
    "spectral_entropy": {
        "dmean": 0.183504343033,
        "dmean2": 0.268179357052,
        "dvar": 0.0364358872175,
        "dvar2": 0.0719997808337,
        "max": 8.49064540863,
        "mean": 7.2900261879,
        "median": 7.41369581223,
        "min": 5.59845972061,
        "var": 0.325651198626
    },
    "spectral_flux": {
        "dmean": 0.030755225569,
        "dmean2": 0.0482438914478,
        "dvar": 0.00242704199627,
        "dvar2": 0.00565452827141,
        "max": 0.485952824354,
        "mean": 0.0899639576674,
        "median": 0.0708468258381,
        "min": 0.0136703383178,
        "var": 0.00517733907327
    },
    "spectral_kurtosis": {
        "dmean": 2.19318223,
        "dmean2": 3.68052339554,
        "dvar": 6.98244142532,
        "dvar2": 20.5814743042,
        "max": 34.3492240906,
        "mean": 5.78296375275,
        "median": 4.53584241867,
        "min": -0.91822218895,
        "var": 23.6277370453
    },
    "spectral_rms": {
        "dmean": 0.000856745697092,
        "dmean2": 0.0012741794344,
        "dvar": 2.46842932938e-06,
        "dvar2": 5.07911136083e-06,
        "max": 0.0174416005611,
        "mean": 0.00819524750113,
        "median": 0.00938622746617,
        "min": 0.00102311477531,
        "var": 1.32975965244e-05
    },
    "spectral_rolloff": {
        "dmean": 277.614318848,
        "dmean2": 446.810028076,
        "dvar": 498178.9375,
        "dvar2": 965665.8125,
        "max": 10508.203125,
        "mean": 756.95892334,
        "median": 602.9296875,
        "min": 43.06640625,
        "var": 967092.375
    },
    "spectral_skewness": {
        "dmean": 0.269087553024,
        "dmean2": 0.426873087883,
        "dvar": 0.0671140030026,
        "dvar2": 0.166139468551,
        "max": 4.696641922,
        "mean": 1.77455997467,
        "median": 1.61060214043,
        "min": 0.467007577419,
        "var": 0.415391713381
    },
    "spectral_spread": {
        "dmean": 784457.875,
        "dmean2": 1152829,
        "dvar": 1.11450298778e+12,
        "dvar2": 2.3137746944e+12,
        "max": 12025393,
        "mean": 4357148,
        "median": 3738916.5,
        "min": 1417486.25,
        "var": 3.63437228032e+12
    },
    "spectral_strongpeak": {
        "dmean": 0.261631250381,
        "dmean2": 0.401095151901,
        "dvar": 0.304165333509,
        "dvar2": 0.781054139137,
        "max": 7.89058494568,
        "mean": 0.898160398006,
        "median": 0.661268830299,
        "min": 0,
        "var": 0.806856811047
    },
    "zerocrossingrate": {
        "dmean": 0.00749995466322,
        "dmean2": 0.00877242069691,
        "dvar": 0.000127971841721,
        "dvar2": 0.000159040515427,
        "max": 0.2998046875,
        "mean": 0.0344995446503,
        "median": 0.03076171875,
        "min": 0.001953125,
        "var": 0.000686222105287
    },
    "barkbands": {
        "dmean": [0.00128643808421, 0.0107538821176, 0.00351645122282, 0.00148276949767, 0.000980359502137, 0.000720349547919, 0.000330947776092, 0.000786874792539, 0.00116296182387, 0.000647860812023, 0.00121508981101, 0.000543187605217, 0.000485669675982, 0.000478190544527, 0.000516620464623, 0.000325134489685, 0.000369196583051, 0.00037502439227, 0.000238396940404, 0.000206730517675, 0.000251351506449, 0.000200763970497, 0.000294415833196, 0.000188934151083, 0.00012523510668, 5.36492552783e-05, 9.88405872704e-08],
        "dmean2": [0.00221893144771, 0.0174167118967, 0.00622453121468, 0.00231040618382, 0.00157560675871, 0.00120290310588, 0.000561767665204, 0.00124002923258, 0.00170760869514, 0.000963823753409, 0.00184578751214, 0.000846172741149, 0.000776081637014, 0.000731014471967, 0.000832890742458, 0.000528332835529, 0.00057425867999, 0.00059125747066, 0.000378411903512, 0.000314435659675, 0.000401073833928, 0.000314532255288, 0.000486117904074, 0.000299104285659, 0.000204878262593, 9.18328514672e-05, 1.72412441657e-07],
        "dvar": [1.24433718156e-05, 0.000739959301427, 0.000235484432778, 1.98021134565e-05, 7.46588466427e-06, 2.19442677007e-06, 3.54528253865e-07, 2.0660293103e-06, 5.94303082835e-06, 9.71584654508e-07, 6.58268618281e-06, 1.56605744905e-06, 1.77450249339e-06, 1.06882077944e-06, 1.33534342694e-06, 7.42892780181e-07, 8.62808576585e-07, 7.37791424399e-07, 3.88922501315e-07, 6.70941005865e-07, 1.84094108135e-06, 1.02083140519e-06, 9.9147371202e-07, 5.46186981865e-07, 1.43704724564e-07, 2.4241368024e-08, 7.98506443259e-13],
        "dvar2": [3.36792472808e-05, 0.00185639166739, 0.000653681461699, 4.26419646828e-05, 2.00616887014e-05, 5.76527872909e-06, 9.72045540948e-07, 4.69978431283e-06, 1.28963838506e-05, 1.83561951417e-06, 1.49494971993e-05, 3.47627951669e-06, 3.99081727664e-06, 1.92397010323e-06, 3.34342485075e-06, 1.74426816102e-06, 2.02560727303e-06, 1.8909827304e-06, 9.44269004322e-07, 1.43877218761e-06, 4.51188589068e-06, 2.52830045611e-06, 2.51802180173e-06, 1.34605522817e-06, 3.63472281606e-07, 6.3665375194e-08, 2.05047003682e-12],
        "max": [0.0550424419343, 0.221387147903, 0.14238011837, 0.0530062317848, 0.0335052609444, 0.0154521595687, 0.0100524043664, 0.0194262992591, 0.0323631949723, 0.0213533323258, 0.0299933627248, 0.0204346124083, 0.0285748913884, 0.0177610963583, 0.0156511515379, 0.0124239800498, 0.0136448666453, 0.0121625717729, 0.00799136143178, 0.0106340842322, 0.0155694261193, 0.0136278849095, 0.00949147343636, 0.0089306505397, 0.00466845417395, 0.00177262583748, 1.65867804753e-05],
        "mean": [0.00431434717029, 0.0549982152879, 0.0033857463859, 0.00313825346529, 0.00247601792216, 0.00112421391532, 0.000480071117636, 0.00120074581355, 0.0019300498534, 0.0011248094961, 0.00189123919699, 0.000860895903315, 0.000660827034153, 0.000733078632038, 0.000791652826592, 0.000462966650957, 0.000529353274032, 0.000558872066904, 0.000340125552611, 0.000253852602327, 0.000257801584667, 0.000215259264223, 0.000357984768925, 0.00021612229466, 0.000124897022033, 4.3857467972e-05, 6.35788595105e-08],
        "median": [0.00306831742637, 0.0543944202363, 0.00101010897197, 0.00162857258692, 0.00192568276543, 0.000673929462209, 0.000283716624836, 0.000451176514616, 0.00047269105562, 0.000559471722227, 0.000590685638599, 0.000252785655903, 0.000180049275514, 0.000236267514993, 0.000157813366968, 9.95931404759e-05, 0.000159451315994, 0.000168730985024, 0.000140415388159, 6.954606215e-05, 5.46988776478e-05, 4.58287504443e-05, 4.42312957603e-05, 3.13572309096e-05, 1.73933731276e-05, 3.353918828e-06, 9.12273367959e-10],
        "min": [7.63494753531e-11, 5.84299386652e-10, 1.08444409008e-09, 2.23736029703e-09, 2.7157878435e-07, 4.22563232405e-07, 4.2090387069e-06, 2.04742718779e-06, 6.32632645647e-06, 3.50362961399e-06, 3.53451241608e-06, 1.15782620469e-06, 2.91315302547e-07, 5.06013009272e-07, 4.31417788604e-07, 1.739958293e-07, 3.0842676324e-07, 2.96947746392e-07, 7.08909908553e-07, 3.06818407125e-07, 2.40520733996e-07, 1.04528005807e-07, 4.73276084989e-09, 3.76686237757e-09, 8.77453752018e-12, 1.10920604299e-11, 1.12660636029e-11],
        "var": [2.94000146823e-05, 0.00201959698461, 0.000155118570547, 2.80016647594e-05, 8.29694454296e-06, 2.40303393184e-06, 4.03203870292e-07, 4.24056861448e-06, 1.50594532897e-05, 3.37403503181e-06, 1.49364977915e-05, 3.93138952859e-06, 3.12299152938e-06, 2.58992872659e-06, 2.62708749688e-06, 1.35811797009e-06, 1.38159089147e-06, 9.09328605303e-07, 4.22018700874e-07, 7.28368661385e-07, 1.53533483171e-06, 8.71146028203e-07, 1.07649918846e-06, 5.31710043106e-07, 1.32073978421e-07, 1.84822361859e-08, 5.07322103164e-13]
    },
    "erbbands": {
        "dmean": [0.315774142742, 2.48267006874, 4.42144012451, 4.66338729858, 3.51256728172, 3.03584718704, 5.38273096085, 5.85764312744, 4.74490308762, 9.01935577393, 19.584028244, 28.5412158966, 23.1802692413, 25.5646858215, 41.8749732971, 23.4782772064, 22.6209812164, 25.8815975189, 19.6498355865, 22.160867691, 17.3078975677, 19.2729701996, 21.4290714264, 15.9312534332, 9.38927555084, 9.30116558075, 10.3932247162, 8.48603343964, 7.28113412857, 7.00710630417, 8.54625511169, 5.08449172974, 2.90659928322, 1.58780276775, 0.81327354908, 0.304706305265, 0.0946792587638, 0.00725475046784, 0.000161723219207, 2.84142915916e-05],
        "dmean2": [0.510872960091, 3.99616336823, 7.27959060669, 7.59009027481, 5.47852706909, 4.84000253677, 9.24700164795, 9.52003860474, 7.7702703476, 14.4041194916, 30.7338638306, 41.7990493774, 33.9618682861, 36.4569320679, 65.6182022095, 35.9614906311, 35.9213104248, 38.535572052, 32.2115135193, 35.4027442932, 27.8062362671, 30.3738079071, 33.5734634399, 25.0700874329, 14.7923212051, 14.1473560333, 16.294467926, 13.5321044922, 11.5015172958, 11.3176450729, 14.1046609879, 8.12954235077, 4.66645717621, 2.56607604027, 1.34610438347, 0.522322416306, 0.160584226251, 0.0124401608482, 0.000271383294603, 4.3875144911e-05],
        "dvar": [0.496500343084, 50.4953994751, 311.743560791, 278.146575928, 91.5313568115, 66.1688842773, 259.396606445, 129.06262207, 105.673782349, 254.425231934, 1461.10253906, 4506.86523438, 1352.17419434, 5129.38720703, 9204.33789062, 3115.79785156, 4552.6015625, 3376.57666016, 1661.59448242, 2091.58911133, 1880.12304688, 2686.45800781, 2470.23657227, 1098.46313477, 1087.27941895, 1529.89880371, 2876.40405273, 2075.43139648, 1359.7322998, 1106.89331055, 792.263061523, 302.382751465, 121.302749634, 27.13697052, 5.42611551285, 0.817697823048, 0.0664059221745, 0.000501643284224, 2.4963225087e-07, 3.57381657601e-09],
        "dvar2": [1.10525774956, 121.269355774, 781.924987793, 719.018371582, 204.459579468, 189.934890747, 739.372131348, 321.296051025, 269.590179443, 618.740234375, 3227.9621582, 9936.56835938, 2456.15649414, 10622.9267578, 22300.9921875, 6631.34375, 10041.6572266, 5867.65869141, 4140.41650391, 5143.46240234, 4441.52734375, 6566.44775391, 6206.77734375, 2604.0378418, 2664.98120117, 3247.71875, 6725.18603516, 5047.91650391, 3406.83691406, 2816.47973633, 1975.27709961, 736.658996582, 304.434936523, 68.0055618286, 13.7644453049, 2.16369700432, 0.169878721237, 0.00131494412199, 6.46632031476e-07, 8.35773583674e-09],
        "max": [7.18125391006, 60.258556366, 161.525787354, 189.848922729, 126.553245544, 99.7603149414, 159.076873779, 148.054946899, 194.905059814, 265.113433838, 665.840332031, 991.360717773, 845.462341309, 1432.51257324, 1525.26000977, 1036.07202148, 1597.37158203, 1052.2890625, 602.635375977, 554.231201172, 736.092529297, 806.79083252, 690.823913574, 383.065551758, 509.743804932, 498.576721191, 645.26159668, 518.132446289, 483.875518799, 392.172424316, 256.21875, 200.733779907, 131.899917603, 73.3166656494, 25.979259491, 10.428481102, 2.80623745918, 0.255021065474, 0.00529918679968, 0.000682694662828],
        "mean": [2.40455293655, 8.96185302734, 5.5547208786, 8.53309345245, 9.32531070709, 7.01471948624, 7.59009218216, 9.45646858215, 7.72458600998, 13.9067077637, 32.1321220398, 47.4469909668, 43.2515449524, 43.7537689209, 67.3055877686, 39.8715438843, 32.7313613892, 42.4152450562, 33.7922134399, 34.9433784485, 27.3939666748, 28.1698169708, 32.6177139282, 24.5808601379, 13.5055570602, 11.371588707, 11.3835430145, 8.79363536835, 7.84379005432, 7.20911216736, 10.6906852722, 6.10676765442, 3.32884407043, 1.66672122478, 0.768226981163, 0.262360572815, 0.0762251913548, 0.00559550244361, 0.000164249606314, 0.000101960715256],
        "median": [2.54785013199, 6.3261590004, 2.21760821342, 5.33147144318, 6.13781070709, 6.27881574631, 4.34562158585, 5.96111774445, 4.71022224426, 6.90969657898, 10.5414857864, 12.42146492, 22.7850894928, 12.5406160355, 25.8204689026, 12.1039190292, 10.9248552322, 15.4980859756, 10.5606660843, 8.67898845673, 8.27000045776, 9.81989002228, 9.42360210419, 11.0215549469, 5.63049697876, 3.0423719883, 2.32193422318, 1.92648077011, 1.63408231735, 1.50254607201, 1.26427125931, 0.674752354622, 0.519476294518, 0.249297529459, 0.0896800756454, 0.0258717890829, 0.00437387218699, 0.000260168744717, 5.76474085392e-05, 0.000106991137727],
        "min": [4.78480046695e-08, 2.20901341663e-07, 2.51337269219e-06, 1.59314076882e-05, 0.000193170752027, 0.00136745034251, 0.00505392253399, 0.00785765610635, 0.0648957043886, 0.0453615374863, 0.116303339601, 0.141823768616, 0.213343665004, 0.118123948574, 0.118678919971, 0.116749159992, 0.0544044822454, 0.110777273774, 0.0496631041169, 0.0213754624128, 0.0230834074318, 0.0201591476798, 0.0318392813206, 0.0436049811542, 0.0264481604099, 0.0138930305839, 0.0153514444828, 0.0162381734699, 0.0064107007347, 0.00128159031738, 0.000464667420601, 0.000138359842822, 3.96558280045e-05, 5.74089290239e-06, 1.37831000302e-06, 9.49531511196e-07, 5.54452526558e-07, 1.74638984163e-07, 6.65388938614e-07, 1.34520371375e-06],
        "var": [3.52568817139, 99.0676040649, 260.768768311, 271.333770752, 158.877746582, 58.1402015686, 180.681182861, 179.093185425, 141.69883728, 444.837097168, 3960.33422852, 10625.484375, 5061.22363281, 13841.9023438, 19320.2988281, 8721.2109375, 7184.80664062, 8179.37597656, 3557.37744141, 4085.80786133, 3820.59204102, 3548.96606445, 3429.83764648, 1506.38171387, 1073.6505127, 1648.18188477, 2614.36743164, 1758.46130371, 1143.36291504, 890.868530273, 947.385742188, 338.146636963, 116.797683716, 25.5772571564, 4.87433195114, 0.632195472717, 0.0528472103179, 0.000373902090359, 1.93973335172e-07, 6.35048102993e-09]
    },
    "gfcc": {
        "mean": [-3.57204842567, 100.69393158, -124.556152344, 26.7118263245, -57.5834312439, 22.876115799, -30.0664157867, 14.3268318176, -21.3686408997, -3.11418938637, -6.77317333221, -1.84377753735, -4.33439302444],
        "cov": [[7536.62060547, -515.455322266, 2580.34521484, 2789.65820312, 1911.0123291, 1777.60424805, 304.855651855, 1004.54595947, 696.779968262, 592.938781738, -187.26083374, 540.986877441, -262.085662842], [-515.455322266, 1241.21655273, 236.348510742, 219.578292847, 417.005889893, -108.712776184, 315.283752441, -78.5122451782, 89.9455947876, -90.3250656128, 200.434417725, -120.131637573, 67.2652206421], [2580.34521484, 236.348510742, 2366.91479492, 1385.33374023, 987.497192383, 868.711181641, 140.043167114, 425.607574463, 197.666015625, 208.397033691, -46.1551132202, 265.745452881, -196.459365845], [2789.65820312, 219.578292847, 1385.33374023, 1767.53845215, 1208.97741699, 783.359741211, 327.714080811, 427.448394775, 489.25668335, 187.946456909, 25.7079257965, 194.640533447, -73.1992416382], [1911.0123291, 417.005889893, 987.497192383, 1208.97741699, 1249.37475586, 662.174133301, 381.369934082, 303.288085938, 381.936035156, 175.90284729, 28.2745895386, 159.391921997, -44.008441925], [1777.60424805, -108.712776184, 868.711181641, 783.359741211, 662.174133301, 735.444702148, 159.23727417, 235.086486816, 226.984054565, 153.056716919, -13.0182886124, 150.409088135, -46.6385002136], [304.855651855, 315.283752441, 140.043167114, 327.714080811, 381.369934082, 159.23727417, 310.037719727, 69.6283035278, 124.042907715, 23.9257144928, 80.6437606812, 5.14407300949, -4.00869464874], [1004.54595947, -78.5122451782, 425.607574463, 427.448394775, 303.288085938, 235.086486816, 69.6283035278, 243.164932251, 131.439468384, 86.5317001343, -40.4289474487, 91.2586746216, -47.1661186218], [696.779968262, 89.9455947876, 197.666015625, 489.25668335, 381.936035156, 226.984054565, 124.042907715, 131.439468384, 325.75201416, 63.5178794861, 7.9232006073, 35.133026123, 8.30087757111], [592.938781738, -90.3250656128, 208.397033691, 187.946456909, 175.90284729, 153.056716919, 23.9257144928, 86.5317001343, 63.5178794861, 128.748718262, -27.4263134003, 33.9761581421, -37.7730674744], [-187.26083374, 200.434417725, -46.1551132202, 25.7079257965, 28.2745895386, -13.0182886124, 80.6437606812, -40.4289474487, 7.9232006073, -27.4263134003, 133.111160278, -23.6953544617, 16.4327926636], [540.986877441, -120.131637573, 265.745452881, 194.640533447, 159.391921997, 150.409088135, 5.14407300949, 91.2586746216, 35.133026123, 33.9761581421, -23.6953544617, 156.740905762, -13.5805044174], [-262.085662842, 67.2652206421, -196.459365845, -73.1992416382, -44.008441925, -46.6385002136, -4.00869464874, -47.1661186218, 8.30087757111, -37.7730674744, 16.4327926636, -13.5805044174, 117.585647583]],
        "icov": [[0.000867046357598, -0.000575015554205, 0.000604770553764, -0.00126377807464, 0.000619084807113, -0.00147917389404, 0.000739689625334, -0.00137535703834, 0.000782312941737, -0.00155518576503, 0.000754182925448, -0.000975172908511, 0.000830908829812], [-0.000575015554205, 0.00393661949784, -0.00217046891339, 0.00204820814542, -0.0027999158483, 0.0037584011443, -0.00234774081036, 0.00183280580677, -0.00155443325639, 0.00280864234082, -0.0033106317278, 0.00337479566224, -0.00292257429101], [0.000604770553764, -0.00217046891339, 0.00261801946908, -0.0022572374437, 0.00133502762765, -0.00316148507409, 0.00209230510518, -0.00186931248754, 0.00215656100772, -0.00166908465326, 0.00179431657307, -0.00228781229816, 0.00292235356756], [-0.00126377807464, 0.00204820814542, -0.0022572374437, 0.00518836686388, -0.00315953698009, 0.00292193773203, -0.00137635658029, 0.000843909976538, -0.00327553623356, 0.00352677609771, -0.00294297444634, 0.00261425902136, -0.00218458566815], [0.000619084807113, -0.0027999158483, 0.00133502762765, -0.00315953698009, 0.00596655672416, -0.00352510227822, -0.00111903739162, -0.000718613271601, 0.000554574537091, -0.00378932035528, 0.00336969364434, -0.00350531307049, 0.00162155320868], [-0.00147917389404, 0.0037584011443, -0.00316148507409, 0.00292193773203, -0.00352510227822, 0.0084431366995, -0.00299990642816, 0.00312162865885, -0.00276335841045, 0.00226916675456, -0.00344590144232, 0.00274044903927, -0.00400861119851], [0.000739689625334, -0.00234774081036, 0.00209230510518, -0.00137635658029, -0.00111903739162, -0.00299990642816, 0.00905986130238, -0.0032442137599, 0.00133559317328, -0.000843859510496, -0.00169052486308, -0.000710241671186, 0.00281840446405], [-0.00137535703834, 0.00183280580677, -0.00186931248754, 0.000843909976538, -0.000718613271601, 0.00312162865885, -0.0032442137599, 0.012705154717, -0.00293853925541, 0.000385871739127, 0.00100058142561, -0.00061129766982, -0.00063597119879], [0.000782312941737, -0.00155443325639, 0.00215656100772, -0.00327553623356, 0.000554574537091, -0.00276335841045, 0.00133559317328, -0.00293853925541, 0.00786754582077, -0.00234297337011, 0.00158779893536, -0.000692026631441, 0.000565416528843], [-0.00155518576503, 0.00280864234082, -0.00166908465326, 0.00352677609771, -0.00378932035528, 0.00226916675456, -0.000843859510496, 0.000385871739127, -0.00234297337011, 0.0165666714311, -0.00175183871761, 0.00413187080994, 0.00015089554654], [0.000754182925448, -0.0033106317278, 0.00179431657307, -0.00294297444634, 0.00336969364434, -0.00344590144232, -0.00169052486308, 0.00100058142561, 0.00158779893536, -0.00175183871761, 0.0138028617948, -0.00288770813495, 0.00204148376361], [-0.000975172908511, 0.00337479566224, -0.00228781229816, 0.00261425902136, -0.00350531307049, 0.00274044903927, -0.000710241671186, -0.00061129766982, -0.000692026631441, 0.00413187080994, -0.00288770813495, 0.0127954008058, -0.00353596918285], [0.000830908829812, -0.00292257429101, 0.00292235356756, -0.00218458566815, 0.00162155320868, -0.00400861119851, 0.00281840446405, -0.00063597119879, 0.000565416528843, 0.00015089554654, 0.00204148376361, -0.00353596918285, 0.0137237636372]]
    },
    "melbands": {
        "dmean": [0.00289580086246, 0.00256425980479, 0.000753786764108, 0.000208955199923, 0.000175715293153, 0.00013113982277, 7.105050463e-05, 0.000111491710413, 0.000174731598236, 0.000179518538062, 0.000112581110443, 9.48667147895e-05, 0.000138500705361, 7.54601351218e-05, 5.47311174159e-05, 5.32953818038e-05, 5.35148683412e-05, 2.89206564048e-05, 4.37272137788e-05, 2.71876106126e-05, 1.98137240659e-05, 2.13639159483e-05, 2.28792559938e-05, 1.53808796313e-05, 1.39209223562e-05, 7.39759843782e-06, 7.58321039029e-06, 5.85068391956e-06, 6.43088833385e-06, 6.56487463857e-06, 4.2338874664e-06, 3.77003266294e-06, 4.64703271064e-06, 3.87672344004e-06, 4.79494792671e-06, 5.22822165294e-06, 2.52357449426e-06, 2.27287819143e-06, 1.58161276431e-06, 1.27667897232e-06],
        "dmean2": [0.0047168363817, 0.00399846304208, 0.00116992497351, 0.000324501772411, 0.00029986500158, 0.000214611325646, 0.000116950555821, 0.000177214547875, 0.000272945180768, 0.000260408240138, 0.000165588367963, 0.000135988055263, 0.000216467771679, 0.000115293478302, 8.76060439623e-05, 8.28846168588e-05, 7.99404151621e-05, 4.81220849906e-05, 7.01028329786e-05, 4.38661736553e-05, 3.17968369927e-05, 3.38478930644e-05, 3.65024716302e-05, 2.40563022089e-05, 2.23367442231e-05, 1.158791747e-05, 1.21667762869e-05, 9.1330603027e-06, 9.99953499559e-06, 1.06761781353e-05, 6.723586921e-06, 5.91306297792e-06, 7.53810263632e-06, 6.42678242002e-06, 7.93004437583e-06, 8.67000017024e-06, 4.03642206948e-06, 3.64346556125e-06, 2.54965993918e-06, 2.08023152481e-06],
        "dvar": [4.24260579166e-05, 7.47136509744e-05, 6.6802758738e-06, 3.1803233469e-07, 2.68169429773e-07, 6.38594670477e-08, 2.04569001738e-08, 4.20589501005e-08, 1.25203570178e-07, 1.81111516895e-07, 3.27171072456e-08, 7.09714171876e-08, 8.73455903161e-08, 2.49875427016e-08, 3.27865947725e-08, 2.08664729939e-08, 1.57436588211e-08, 3.49440498759e-09, 1.14686313779e-08, 4.73911399013e-09, 2.44552822437e-09, 2.72761280229e-09, 4.20280299451e-09, 1.01168351474e-09, 7.96347154886e-10, 5.77232539545e-10, 9.10196251702e-10, 5.901308886e-10, 1.0167579001e-09, 1.22883447862e-09, 4.73207140139e-10, 3.54343637765e-10, 5.50842704783e-10, 3.40617173356e-10, 2.80019091248e-10, 2.54479964878e-10, 1.02490828324e-10, 8.18170253769e-11, 2.99119236324e-11, 1.51989653502e-11],
        "dvar2": [0.000107475505501, 0.000167487902218, 1.65548044606e-05, 8.19862520984e-07, 7.65051083818e-07, 1.58538369988e-07, 5.17732701155e-08, 1.00671748271e-07, 2.74220667507e-07, 3.87108315181e-07, 5.99117200295e-08, 1.47024934449e-07, 2.09043122368e-07, 5.5140386479e-08, 8.79609132198e-08, 4.38996679009e-08, 2.89559505262e-08, 8.71076721864e-09, 2.85909766973e-08, 1.08254738507e-08, 5.74872949244e-09, 6.73289335396e-09, 1.08863744686e-08, 2.42526376759e-09, 1.88071713758e-09, 1.4083296751e-09, 2.26226815059e-09, 1.21321597213e-09, 2.26253460411e-09, 3.10163872363e-09, 1.1280253398e-09, 8.7954865613e-10, 1.4225578493e-09, 8.82397099833e-10, 7.08917036185e-10, 6.38858965729e-10, 2.52674631218e-10, 2.09222417169e-10, 7.56301410387e-11, 3.76384513834e-11],
        "max": [0.0529558062553, 0.071047320962, 0.0298792924732, 0.00817456282675, 0.00493169110268, 0.00335913081653, 0.00252001918852, 0.0032521316316, 0.00647681113333, 0.00627177162096, 0.00417280150577, 0.00537010096014, 0.00396915478632, 0.00227971398272, 0.0028636760544, 0.00308330939151, 0.00219699041918, 0.000959297060035, 0.00145263213199, 0.00108359823935, 0.000731205393095, 0.000735291861929, 0.00104329467285, 0.000327447138261, 0.000315262324875, 0.000386057363357, 0.000399701442802, 0.000312629214022, 0.000391392793972, 0.000402522971854, 0.000256075145444, 0.00025637546787, 0.000304028013488, 0.000231245750911, 0.000165206714883, 0.000174356915522, 0.000127112230984, 0.000105730352516, 7.53984568291e-05, 5.04286508658e-05],
        "mean": [0.0179795436561, 0.005843706429, 0.00146665913053, 0.000590360839851, 0.0002727942192, 0.000213560982957, 0.000113497590064, 0.000167777703609, 0.000282454653643, 0.000299063191051, 0.000201802075026, 0.000154987341375, 0.000217226552195, 0.000130019368953, 7.42690754123e-05, 7.3889241321e-05, 8.16398533061e-05, 4.65699995402e-05, 6.35376491118e-05, 3.92442816519e-05, 2.92948789138e-05, 2.96286016237e-05, 3.08619710268e-05, 2.46732251981e-05, 1.9931128918e-05, 1.02441872514e-05, 9.01238126971e-06, 6.99651354807e-06, 7.14724092177e-06, 6.47654906061e-06, 4.375790013e-06, 4.02422756451e-06, 4.73594582218e-06, 3.75362583327e-06, 5.70996417082e-06, 6.61640706312e-06, 2.76964510704e-06, 2.49622826232e-06, 1.74893193616e-06, 1.27502448777e-06],
        "median": [0.0189177710563, 0.00324924127199, 0.00114606728312, 0.000483453215566, 0.000180861010449, 0.000135057576699, 6.98815783835e-05, 7.37593654776e-05, 8.06046155049e-05, 7.1301459684e-05, 0.000100038589153, 3.68942528439e-05, 7.79095353209e-05, 4.08924315707e-05, 2.46489817073e-05, 1.7646319975e-05, 2.5426821594e-05, 1.41941090988e-05, 1.06647576104e-05, 9.09976370167e-06, 7.8291805039e-06, 1.04149848994e-05, 6.67426502332e-06, 7.53658514441e-06, 7.9180490502e-06, 3.61085517397e-06, 2.9866209843e-06, 1.42990541008e-06, 1.19955655009e-06, 1.44641637689e-06, 8.50066328439e-07, 7.83624784617e-07, 8.63123830186e-07, 6.9855923357e-07, 7.04400065388e-07, 4.79801883557e-07, 3.21919515045e-07, 3.53518601059e-07, 2.86408237571e-07, 1.62154634609e-07],
        "min": [2.0324719685e-10, 9.0981039369e-10, 1.88556770198e-09, 4.25877892951e-08, 1.61707191637e-07, 6.1123245132e-08, 1.19128674214e-06, 3.84467881531e-07, 5.77099172006e-07, 8.31267755075e-07, 1.00882220977e-06, 2.30050844152e-07, 4.90022387112e-07, 1.98391504114e-07, 1.93470881982e-07, 4.62626061903e-08, 1.50087728912e-07, 5.88377702115e-08, 3.03210718755e-08, 1.12092042315e-08, 1.03863131429e-08, 1.21268710629e-08, 1.22456711438e-08, 3.36998553507e-08, 2.94019297797e-08, 2.15465689735e-08, 4.14286693839e-09, 5.76834402466e-09, 1.13995701767e-09, 3.99744148893e-09, 2.69889866011e-09, 6.49293618871e-10, 3.09712394619e-10, 3.4568881091e-10, 9.01888264591e-13, 5.99278927264e-14, 3.95266736009e-11, 1.52840500672e-11, 9.76315816387e-12, 5.92372220612e-14],
