{
"highlevel": {
    "danceability": {
        "all": {
            "danceable": 0.654367864132,
            "not_danceable": 0.345632135868
        },
        "probability": 0.654367864132,
        "value": "danceable"
    },
    "gender": {
        "all": {
            "female": 0.0408639162779,
            "male": 0.959136068821
        },
        "probability": 0.959136068821,
        "value": "male"
    },
    "genre_dortmund": {
        "all": {
            "alternative": 0.121130600572,
            "blues": 0.141024231911,
            "electronic": 0.0419220626354,
            "folkcountry": 0.276326477528,
            "funksoulrnb": 0.0497749745846,
            "jazz": 0.0707070305943,
            "pop": 0.0888852402568,
            "raphiphop": 0.0186713188887,
            "rock": 0.19155806303
        },
        "probability": 0.276326477528,
        "value": "folkcountry"
    },
    "genre_electronic": {
        "all": {
            "ambient": 0.470700562,
            "dnb": 0.0790323987603,
            "house": 0.185605213046,
            "techno": 0.0200088582933,
            "trance": 0.244652986526
        },
        "probability": 0.470700562,
        "value": "ambient"
    },
    "genre_rosamerica": {
        "all": {
            "cla": 0.0346751511097,
            "dan": 0.11889231205,
            "hip": 0.0172961633652,
            "jaz": 0.00505973817781,
            "pop": 0.135148108006,
            "rhy": 0.0548466779292,
            "roc": 0.631910860538,
            "spe": 0.00217098463327
        },
        "probability": 0.631910860538,
        "value": "roc"
    },
    "genre_tzanetakis": {
        "all": {
            "blu": 0.0626613423228,
            "cla": 0.0348169617355,
            "cou": 0.104475811124,
            "dis": 0.0784321576357,
            "hip": 0.15692435205,
            "jaz": 0.313974827528,
            "met": 0.0448166541755,
            "pop": 0.0627359300852,
            "reg": 0.0627360641956,
            "roc": 0.0784258767962
        },
        "probability": 0.313974827528,
        "value": "jaz"
    },
    "ismir04_rhythm": {
        "all": {
            "ChaChaCha": 0.142767935991,
            "Jive": 0.19010861218,
            "Quickstep": 0.0190726928413,
            "Rumba-American": 0.0168258342892,
            "Rumba-International": 0.032267332077,
            "Rumba-Misc": 0.0150429541245,
            "Samba": 0.13220512867,
            "Tango": 0.0849156454206,
            "VienneseWaltz": 0.352084517479,
            "Waltz": 0.0147093581036
        },
        "probability": 0.352084517479,
        "value": "VienneseWaltz"
    },
    "mood_acoustic": {
        "all": {
            "acoustic": 0.0613794960082,
            "not_acoustic": 0.938620507717
        },
        "probability": 0.938620507717,
        "value": "not_acoustic"
    },
    "mood_aggressive": {
        "all": {
            "aggressive": 0.238715320826,
            "not_aggressive": 0.761284708977
        },
        "probability": 0.761284708977,
        "value": "not_aggressive"
    },
    "mood_electronic": {
        "all": {
            "electronic": 0.353261440992,
            "not_electronic": 0.646738529205
        },
        "probability": 0.646738529205,
        "value": "not_electronic"
    },
    "mood_happy": {
        "all": {
            "happy": 0.772353172302,
            "not_happy": 0.227646827698
        },
        "probability": 0.772353172302,
        "value": "happy"
    },
    "mood_party": {
        "all": {
            "not_party": 0.517933666706,
            "party": 0.482066333294
        },
        "probability": 0.517933666706,
        "value": "not_party"
    },
    "mood_relaxed": {
        "all": {
            "not_relaxed": 0.937347590923,
            "relaxed": 0.0626523867249
        },
        "probability": 0.937347590923,
        "value": "not_relaxed"
    },
    "mood_sad": {
        "all": {
            "not_sad": 0.851042628288,
            "sad": 0.148957386613
        },
        "probability": 0.851042628288,
        "value": "not_sad"
    },
    "moods_mirex": {
        "all": {
            "Cluster1": 0.213566720486,
            "Cluster2": 0.328461885452,
            "Cluster3": 0.124332696199,
            "Cluster4": 0.21395277977,
            "Cluster5": 0.119685925543
        },
        "probability": 0.328461885452,
        "value": "Cluster2"
    },
    "timbre": {
        "all": {
            "bright": 0.99998575449,
            "dark": 1.42430426422e-05
        },
        "probability": 0.99998575449,
        "value": "bright"
    },
    "tonal_atonal": {
        "all": {
            "atonal": 0.0094554675743,
            "tonal": 0.990544557571
        },
        "probability": 0.990544557571,
        "value": "tonal"
    },
    "voice_instrumental": {
        "all": {
            "instrumental": 0.0475311800838,
            "voice": 0.952468812466
        },
        "probability": 0.952468812466,
        "value": "voice"
    }
},
"lowlevel": {
    "average_loudness": 0.980094254017,
    "barkbands_crest": {
        "dmean": 3.34469604492,
        "dmean2": 5.45027017593,
        "dvar": 11.8229351044,
        "dvar2": 29.0624160767,
        "max": 25.0297374725,
        "mean": 8.90379619598,
        "median": 7.57013368607,
        "min": 2.57115650177,
        "var": 21.1082057953
    },
    "barkbands_flatness_db": {
        "dmean": 0.0260265935212,
        "dmean2": 0.0416765511036,
        "dvar": 0.00062763504684,
        "dvar2": 0.00157722842414,
        "max": 0.298303127289,
        "mean": 0.131628125906,
        "median": 0.127762645483,
        "min": 0.0432704687119,
        "var": 0.00145748839714
    },
    "barkbands_kurtosis": {
        "dmean": 2.40301060677,
        "dmean2": 3.96965193748,
        "dvar": 24.039773941,
        "dvar2": 64.1489868164,
        "max": 59.0215301514,
        "mean": 1.74932444096,
        "median": 0.165087461472,
        "min": -1.76627492905,
        "var": 25.6690616608
    },
    "barkbands_skewness": {
        "dmean": 0.607893466949,
        "dmean2": 0.943252027035,
        "dvar": 0.453845143318,
        "dvar2": 1.11342632771,
        "max": 7.1310377121,
        "mean": 1.07351887226,
        "median": 0.902000188828,
        "min": -1.2169046402,
        "var": 1.13564312458
    },
    "barkbands_spread": {
        "dmean": 7.41217899323,
        "dmean2": 11.7186374664,
        "dvar": 62.1408653259,
        "dvar2": 151.562606812,
        "max": 80.8649291992,
        "mean": 26.1408214569,
        "median": 24.0365390778,
        "min": 3.73765826225,
        "var": 131.411804199
    },
    "dissonance": {
        "dmean": 0.0161039475352,
        "dmean2": 0.0262739881873,
        "dvar": 0.00022163108224,
        "dvar2": 0.000550608907361,
        "max": 0.5,
        "mean": 0.466867148876,
        "median": 0.471084624529,
        "min": 0.295432209969,
        "var": 0.000476236775285
    },
    "dynamic_complexity": 1.71742558479,
    "erbbands_crest": {
        "dmean": 2.4903922081,
        "dmean2": 4.0795416832,
        "dvar": 5.40797519684,
        "dvar2": 13.1424589157,
        "max": 22.703830719,
        "mean": 8.10838890076,
        "median": 7.38785123825,
        "min": 3.00831913948,
        "var": 10.6994132996
    },
    "erbbands_flatness_db": {
        "dmean": 0.0231269504875,
        "dmean2": 0.0328591689467,
        "dvar": 0.000454283435829,
        "dvar2": 0.00086064718198,
        "max": 0.28680279851,
        "mean": 0.161645680666,
        "median": 0.159815475345,
        "min": 0.0731109529734,
        "var": 0.00168068206403
    },
    "erbbands_kurtosis": {
        "dmean": 0.666037261486,
        "dmean2": 1.05547726154,
        "dvar": 0.467218548059,
        "dvar2": 1.10056471825,
        "max": 7.36236286163,
        "mean": 0.0548641681671,
        "median": -0.134429454803,
        "min": -1.58945643902,
        "var": 1.03489482403
    },
    "erbbands_skewness": {
        "dmean": 0.323576152325,
        "dmean2": 0.506098628044,
        "dvar": 0.0756938830018,
        "dvar2": 0.17412096262,
        "max": 2.03296136856,
        "mean": 0.0578734949231,
        "median": 0.0341067239642,
        "min": -1.84179091454,
        "var": 0.346801519394
    },
    "erbbands_spread": {
        "dmean": 8.88438606262,
        "dmean2": 13.3133306503,
        "dvar": 81.4670181274,
        "dvar2": 172.179260254,
        "max": 111.074058533,
        "mean": 37.2009239197,
        "median": 33.9269104004,
        "min": 10.9676046371,
        "var": 222.562759399
    },
    "hfc": {
        "dmean": 10.6351919174,
        "dmean2": 15.3624610901,
        "dvar": 160.62928772,
        "dvar2": 359.445709229,
        "max": 143.423217773,
        "mean": 29.0657863617,
        "median": 26.1964187622,
        "min": 1.60317981243,
        "var": 412.20199585
    },
    "melbands_crest": {
        "dmean": 4.39114570618,
        "dmean2": 7.16074991226,
        "dvar": 17.4930953979,
        "dvar2": 43.0636444092,
        "max": 30.9832324982,
        "mean": 12.5606517792,
        "median": 11.2921724319,
        "min": 3.4418027401,
        "var": 33.9539299011
    },
    "melbands_flatness_db": {
        "dmean": 0.0324071906507,
        "dmean2": 0.0503265373409,
        "dvar": 0.00105365051422,
        "dvar2": 0.0023450856097,
        "max": 0.388170838356,
        "mean": 0.159905403852,
        "median": 0.153515174985,
        "min": 0.0452001430094,
        "var": 0.00333237787709
    },
    "melbands_kurtosis": {
        "dmean": 7.25125980377,
        "dmean2": 11.9128170013,
        "dvar": 244.335739136,
        "dvar2": 646.507324219,
        "max": 218.267593384,
        "mean": 8.53959369659,
        "median": 3.80343675613,
        "min": -1.31031000614,
        "var": 247.552642822
    },
    "melbands_skewness": {
        "dmean": 0.877579748631,
        "dmean2": 1.3468003273,
        "dvar": 1.090955019,
        "dvar2": 2.63694691658,
        "max": 12.1300983429,
        "mean": 2.13601589203,
        "median": 1.78391170502,
        "min": -0.393570631742,
        "var": 2.35667872429
    },
    "melbands_spread": {
        "dmean": 9.60214710236,
        "dmean2": 15.2477121353,
        "dvar": 98.4224014282,
        "dvar2": 238.587509155,
        "max": 119.5286026,
        "mean": 31.5173339844,
        "median": 29.1537914276,
        "min": 2.11498618126,
        "var": 288.657043457
    },
    "pitch_salience": {
        "dmean": 0.0832365080714,
        "dmean2": 0.133123204112,
        "dvar": 0.00565788522363,
        "dvar2": 0.0138143664226,
        "max": 0.834129452705,
        "mean": 0.526168584824,
        "median": 0.532164096832,
        "min": 0.179995596409,
        "var": 0.0120050096884
    },
    "silence_rate_20dB": {
        "dmean": 0,
        "dmean2": 0,
        "dvar": 0,
        "dvar2": 0,
        "max": 1,
        "mean": 1,
        "median": 1,
        "min": 1,
        "var": 0
    },
    "silence_rate_30dB": {
        "dmean": 0.0030959751457,
        "dmean2": 0.00619674660265,
        "dvar": 0.0030863522552,
        "dvar2": 0.00925667397678,
        "max": 1,
        "mean": 0.998453199863,
        "median": 1,
        "min": 0,
        "var": 0.00154439127073
    },
    "silence_rate_60dB": {
        "dmean": 0.0139318881556,
        "dmean2": 0.0278853606433,
        "dvar": 0.0137379756197,
        "dvar2": 0.0395015701652,
        "max": 1,
        "mean": 0.00773395225406,
        "median": 0,
        "min": 0,
        "var": 0.0076742162928
    },
    "spectral_centroid": {
        "dmean": 306.182067871,
        "dmean2": 473.902984619,
        "dvar": 79177.421875,
        "dvar2": 181779.75,
        "max": 3164.5065918,
        "mean": 1679.44934082,
        "median": 1655.43591309,
        "min": 344.298706055,
        "var": 360713.34375
    },
    "spectral_complexity": {
        "dmean": 4.78405570984,
        "dmean2": 7.13942670822,
        "dvar": 22.3735675812,
        "dvar2": 49.7048377991,
        "max": 49,
        "mean": 22.9435424805,
        "median": 22,
        "min": 4,
        "var": 68.2173690796
    },
    "spectral_decrease": {
        "dmean": 3.90831944586e-09,
        "dmean2": 5.9015508036e-09,
        "dvar": 3.28594090353e-17,
        "dvar2": 7.59745077074e-17,
        "max": -3.4741792776e-10,
        "mean": -7.42459160818e-09,
        "median": -5.65140467756e-09,
        "min": -4.28371187411e-08,
        "var": 4.24259513428e-17
    },
    "spectral_energy": {
        "dmean": 0.0153662497178,
        "dmean2": 0.0229425113648,
        "dvar": 0.000479978130898,
        "dvar2": 0.00109920091927,
        "max": 0.163556799293,
        "mean": 0.030658505857,
        "median": 0.024473618716,
        "min": 0.00145664368756,
        "var": 0.00065061164787
    },
    "spectral_energyband_high": {
        "dmean": 0.000691342807841,
        "dmean2": 0.00102530233562,
        "dvar": 1.16249600524e-06,
        "dvar2": 2.51111555372e-06,
        "max": 0.0101634869352,
        "mean": 0.00114918942563,
        "median": 0.000725516700186,
        "min": 9.45980718825e-06,
        "var": 1.83028578249e-06
    },
    "spectral_energyband_low": {
        "dmean": 0.00990567635745,
        "dmean2": 0.0159343332052,
        "dvar": 0.000473540450912,
        "dvar2": 0.00112529972102,
        "max": 0.154500678182,
        "mean": 0.010308326222,
        "median": 0.00277469540015,
        "min": 1.4399271322e-06,
        "var": 0.000450288935099
    },
    "spectral_energyband_middle_high": {
        "dmean": 0.00249660434201,
        "dmean2": 0.00370502588339,
        "dvar": 7.2273319347e-06,
        "dvar2": 1.53585988301e-05,
        "max": 0.0344973243773,
        "mean": 0.008026487194,
        "median": 0.00739247491583,
        "min": 0.000278614956187,
        "var": 3.22915439028e-05
    },
    "spectral_energyband_middle_low": {
        "dmean": 0.00571153312922,
        "dmean2": 0.00932780373842,
        "dvar": 6.57839045743e-05,
        "dvar2": 0.000174787885044,
        "max": 0.082700304687,
        "mean": 0.0117085026577,
        "median": 0.00908468291163,
        "min": 0.000792001606897,
        "var": 8.91460804269e-05
    },
    "spectral_entropy": {
        "dmean": 0.207191377878,
        "dmean2": 0.296436190605,
        "dvar": 0.0331512503326,
        "dvar2": 0.0686934217811,
        "max": 8.53948116302,
        "mean": 7.58396339417,
        "median": 7.56727933884,
        "min": 5.92668819427,
        "var": 0.100672513247
    },
    "spectral_flux": {
        "dmean": 0.038184158504,
        "dmean2": 0.0568978376687,
        "dvar": 0.00175019004382,
        "dvar2": 0.00364727340639,
        "max": 0.382059782743,
        "mean": 0.104207642376,
        "median": 0.0860076993704,
        "min": 0.0178028829396,
        "var": 0.00351569498889
    },
    "spectral_kurtosis": {
        "dmean": 1.53745424747,
        "dmean2": 2.51964044571,
        "dvar": 2.72277879715,
        "dvar2": 7.66584396362,
        "max": 18.9377479553,
        "mean": 3.80929756165,
        "median": 3.4813785553,
        "min": -0.251816272736,
        "var": 4.07413005829
    },
    "spectral_rms": {
        "dmean": 0.00123181345407,
        "dmean2": 0.00176101061516,
        "dvar": 1.9630801944e-06,
        "dvar2": 4.10250186178e-06,
        "max": 0.0126320077106,
        "mean": 0.00508467573673,
        "median": 0.0048863789998,
        "min": 0.00119210558478,
        "var": 4.05678838433e-06
    },
    "spectral_rolloff": {
        "dmean": 749.795959473,
        "dmean2": 1253.53063965,
        "dvar": 1340028.375,
        "dvar2": 3455397.25,
        "max": 10831.2011719,
        "mean": 1982.83447266,
        "median": 1787.25585938,
        "min": 64.599609375,
        "var": 1815998.125
    },
    "spectral_skewness": {
        "dmean": 0.208595961332,
        "dmean2": 0.344603180885,
        "dvar": 0.0368146412075,
        "dvar2": 0.0925566256046,
        "max": 3.05161118507,
        "mean": 1.39728343487,
        "median": 1.40229654312,
        "min": 0.398254960775,
        "var": 0.074549138546
    },
    "spectral_spread": {
        "dmean": 853953,
        "dmean2": 1241142.75,
        "dvar": 1.04623905178e+12,
        "dvar2": 2.14184479949e+12,
        "max": 18138622,
        "mean": 4503621,
        "median": 4244374.5,
        "min": 1842475,
        "var": 2.33830822707e+12
    },
    "spectral_strongpeak": {
        "dmean": 0.747729718685,
        "dmean2": 1.28430700302,
        "dvar": 1.03785812855,
        "dvar2": 2.65833234787,
        "max": 7.44694852829,
        "mean": 1.11900520325,
        "median": 0.552305281162,
        "min": 0,
        "var": 1.57980966568
    },
    "zerocrossingrate": {
        "dmean": 0.0145108718425,
        "dmean2": 0.0178636815399,
        "dvar": 0.000217731430894,
        "dvar2": 0.000314971024636,
        "max": 0.22998046875,
        "mean": 0.0746866390109,
        "median": 0.0712890625,
        "min": 0.0087890625,
        "var": 0.000954123563133
    },
    "barkbands": {
        "dmean": [0.00068585970439, 0.00846050493419, 0.0015733015025, 0.000662585604005, 0.00333740538917, 0.000741309660953, 0.00109889404848, 0.00119072629604, 0.000954540271778, 0.000326831068378, 0.000591989664827, 0.00041441526264, 0.00061111676041, 0.000485261145514, 0.000610637653153, 0.000339462189004, 0.000381571007892, 0.00045869249152, 0.000283991306787, 0.000322196632624, 0.000110249420686, 9.27644141484e-05, 0.000105683553556, 0.000161061019753, 0.00016942890943, 7.18746596249e-05, 4.96119412219e-09],
        "dmean2": [0.00117367564235, 0.0139882275835, 0.0027626559604, 0.00109511811752, 0.00566622847691, 0.00121373275761, 0.00182510784362, 0.00183812261093, 0.00139833067078, 0.000534528924618, 0.00091414374765, 0.000641581485979, 0.000947673222981, 0.000777671171818, 0.000954619958065, 0.00054759089835, 0.000596863392275, 0.000740444054827, 0.0004345975467, 0.000525289622601, 0.000177187714144, 0.000143087396282, 0.000162597512826, 0.000244460912654, 0.000263710448053, 0.000124567493913, 9.0733696112e-09],
        "dvar": [2.61838658844e-06, 0.000383072241675, 1.37080014611e-05, 1.27925079596e-06, 5.10596000822e-05, 1.13148303171e-06, 4.75852129966e-06, 7.27712631488e-06, 2.71235558102e-06, 4.48967455213e-07, 1.15837917747e-06, 7.15802968898e-07, 8.14926977455e-07, 7.48339857637e-07, 9.39870744787e-07, 2.71067563062e-07, 2.88286798877e-07, 4.3324695298e-07, 1.15138568901e-07, 2.16852228618e-07, 1.81205184191e-08, 1.69327432076e-08, 2.95169826359e-08, 9.197727735e-08, 1.23740989011e-07, 2.79841518847e-08, 5.42696021009e-16],
        "dvar2": [6.9042839641e-06, 0.000951458001509, 3.89869383071e-05, 3.39099779012e-06, 0.000142310469528, 2.77706840279e-06, 1.26053828353e-05, 1.71252977452e-05, 6.0117454268e-06, 1.21887114801e-06, 2.75651518677e-06, 1.43693114296e-06, 1.96190740098e-06, 1.74553508714e-06, 2.16584862756e-06, 6.65513596232e-07, 6.7522489644e-07, 1.11944257242e-06, 2.65966889401e-07, 5.83018106681e-07, 4.8055635915e-08, 3.91934662503e-08, 6.07324324164e-08, 2.04632598866e-07, 2.92010923886e-07, 7.47273460888e-08, 1.51838088509e-15],
        "max": [0.00833783578128, 0.125119313598, 0.028935842216, 0.0115064065903, 0.077910669148, 0.0108866095543, 0.0236397702247, 0.0343366228044, 0.0243816040456, 0.0120671363547, 0.0132335890085, 0.0146474577487, 0.0119633832946, 0.0107695125043, 0.010710876435, 0.00668375054374, 0.00582352280617, 0.00610024435446, 0.0043007354252, 0.00542482221499, 0.00122770236339, 0.00185423216317, 0.00277618994005, 0.00320647866465, 0.00334399472922, 0.00180844333954, 2.94347813679e-07],
        "mean": [0.000526590505615, 0.00736996624619, 0.0020060967654, 0.00107752869371, 0.00418442627415, 0.0010348490905, 0.0013720045099, 0.00161414872855, 0.00218082522042, 0.000470747618238, 0.000972631736659, 0.000686949177179, 0.00127251970116, 0.000740428746212, 0.00101448083296, 0.000552557990886, 0.000772684579715, 0.000733740394935, 0.000535511644557, 0.000556994695216, 0.000205223972443, 0.00016319383576, 0.000155385947437, 0.000206163662369, 0.00019055098528, 6.22977750027e-05, 3.23505333633e-09],
        "median": [1.9897643142e-05, 0.000452723470517, 0.000578001432586, 0.000566084112506, 0.00186055130325, 0.000610099639744, 0.0005849514273, 0.00043862129678, 0.000884752313141, 0.000246743147727, 0.000402621430112, 0.000222805087105, 0.000686039216816, 0.000339868536685, 0.000395637965994, 0.000295052916044, 0.00040903055924, 0.000382842554245, 0.000357001001248, 0.000272957520792, 0.000157210030011, 0.000104700353404, 9.48865053942e-05, 9.5418006822e-05, 6.31698276266e-05, 9.63471575233e-06, 4.48208359316e-10],
        "min": [2.63946748902e-08, 4.18800993884e-07, 2.09155473385e-07, 8.32627847558e-07, 3.62500286428e-05, 5.35577692062e-06, 1.46790798681e-05, 6.70830240779e-06, 4.37551352661e-06, 1.16745616197e-06, 1.85974124634e-06, 2.18629480742e-07, 1.44825742154e-06, 3.71647479369e-06, 6.08227946941e-06, 7.77073273639e-06, 3.3126764265e-06, 4.72336341772e-06, 2.62035314336e-06, 2.4112414394e-06, 1.56958117259e-06, 8.95314997251e-07, 4.35102919027e-07, 6.18573494648e-08, 5.72968650303e-09, 1.15824086433e-11, 1.20347551369e-11],
        "var": [1.97755525733e-06, 0.000324613327393, 1.15917537187e-05, 2.05175865631e-06, 4.90881866426e-05, 1.63914046425e-06, 5.19971717949e-06, 9.58728469413e-06, 1.08836611616e-05, 5.07872130129e-07, 2.40190684053e-06, 1.70000839717e-06, 2.25362100537e-06, 1.24472774132e-06, 1.93802179638e-06, 4.68784975283e-07, 8.74784348071e-07, 7.71750137574e-07, 2.84776803028e-07, 4.99564521306e-07, 3.42081278859e-08, 3.61861509646e-08, 4.28566195865e-08, 1.19157697043e-07, 1.33969990657e-07, 2.16442916923e-08, 3.28939765822e-16]
    },
    "erbbands": {
        "dmean": [0.31893441081, 1.69531548023, 2.00631952286, 1.89196622372, 4.16776847839, 17.9359149933, 6.17482185364, 7.40655994415, 9.4733581543, 33.282497406, 15.4938869476, 22.7646808624, 14.5605134964, 11.45307827, 20.0120277405, 16.8365306854, 27.9748306274, 23.9547328949, 24.1529998779, 30.2282581329, 18.2891654968, 20.9551124573, 22.7574768066, 17.5243415833, 15.2996034622, 15.6750268936, 5.47728824615, 4.01622343063, 3.08896684647, 3.3226351738, 3.01236486435, 3.1958231926, 2.86249780655, 1.96357321739, 1.20134603977, 0.449693232775, 0.111050464213, 0.00761900516227, 0.000157131420565, 2.37152671616e-05],
        "dmean2": [0.546211540699, 2.86125421524, 3.49289059639, 3.20013141632, 7.07334423065, 30.5767822266, 10.2890453339, 12.1896181107, 15.4742193222, 53.6166114807, 23.5851860046, 32.4455490112, 23.2984008789, 17.4945697784, 30.6875686646, 26.068655014, 43.3528442383, 37.8475723267, 37.5888748169, 47.1629981995, 29.027879715, 32.3335533142, 35.8861427307, 27.8434410095, 24.189163208, 25.5944480896, 8.84492015839, 6.45350790024, 4.65681648254, 5.21180486679, 4.60591840744, 4.87948799133, 4.37994289398, 3.04281330109, 1.94238567352, 0.752072453499, 0.198404535651, 0.0138051202521, 0.000273827405181, 3.55738920916e-05],
        "dvar": [0.577987611294, 15.9282484055, 24.2310256958, 13.9326810837, 42.4951095581, 1663.86938477, 124.545860291, 128.593399048, 290.980804443, 5710.24169922, 660.620910645, 1869.3416748, 692.706481934, 300.358001709, 1382.81018066, 966.051452637, 1638.77844238, 1663.7532959, 1862.76330566, 3110.57226562, 948.836791992, 842.640869141, 1054.38586426, 580.275695801, 412.562683105, 492.417663574, 51.5835838318, 24.3979854584, 19.8748550415, 26.761926651, 23.2526473999, 36.485622406, 28.6074066162, 16.5013999939, 6.71473026276, 1.03449189663, 0.0737523660064, 0.000361180049367, 1.37639688091e-07, 1.10555908872e-09],
        "dvar2": [1.43449056149, 41.8845977783, 68.4356231689, 38.2364120483, 122.569869995, 4591.31787109, 323.780639648, 312.90133667, 690.085693359, 14634.4892578, 1570.31335449, 3974.32177734, 1825.21105957, 674.459777832, 3399.84545898, 1902.27148438, 3825.52709961, 3869.5012207, 4351.05224609, 7238.36230469, 2339.64160156, 1946.20507812, 2655.6706543, 1434.5045166, 1048.90795898, 1299.36682129, 133.304046631, 64.6201553345, 44.355052948, 60.4392127991, 47.7671737671, 82.4451599121, 64.9506225586, 37.6466751099, 16.7076511383, 2.7153635025, 0.199508577585, 0.00098335929215, 3.70339961364e-07, 2.40041564403e-09],
        "max": [4.32299137115, 27.5052013397, 37.3805351257, 36.0645637512, 87.3488235474, 401.168060303, 125.295555115, 110.841636658, 208.225860596, 985.808532715, 274.835144043, 604.346740723, 475.113433838, 232.746536255, 573.708618164, 599.410949707, 547.285644531, 495.681640625, 508.757568359, 753.345214844, 452.243225098, 343.184143066, 397.232727051, 267.565155029, 242.036437988, 196.548294067, 75.9402084351, 49.4175071716, 60.3032569885, 61.1294593811, 72.6090087891, 73.7450561523, 56.8308830261, 38.7104377747, 27.4405860901, 10.9194259644, 3.0881524086, 0.222575291991, 0.00423908000812, 0.000302660977468],
        "mean": [0.25508877635, 1.465493083, 2.42543745041, 3.03863143921, 6.37234306335, 20.4235630035, 8.44362354279, 10.3643980026, 13.1256914139, 44.4557914734, 25.8873653412, 50.3313674927, 24.9116401672, 21.115398407, 35.1726341248, 34.4499511719, 61.4013137817, 39.633895874, 41.3485794067, 49.8142242432, 32.4990348816, 45.0951156616, 40.6464538574, 33.5807151794, 29.3794193268, 26.5912513733, 9.1945066452, 7.58693885803, 5.40780353546, 5.46271705627, 4.38628578186, 4.14224767685, 3.60296416283, 2.27995347977, 1.2790607214, 0.43284279108, 0.088509991765, 0.00554212462157, 0.000143722339999, 4.70817358291e-05],
        "median": [0.0119537264109, 0.151358142495, 0.913077950478, 1.68564271927, 4.24055624008, 6.47152137756, 4.13397121429, 5.67559862137, 6.4863038063, 14.9134521484, 13.0299463272, 14.982919693, 16.7458496094, 11.505771637, 13.6595649719, 16.7727947235, 32.5731735229, 20.5188274384, 20.1460723877, 20.5300617218, 17.7349643707, 25.8438186646, 21.5887622833, 21.8671016693, 18.278678894, 13.5397176743, 6.42263364792, 5.6792178154, 3.72038722038, 2.88690376282, 2.55531644821, 2.04963254929, 1.50947892666, 0.799110114574, 0.35477527976, 0.0830322876573, 0.0103885894641, 0.000457916670712, 3.83178266929e-05, 3.66800522897e-05],
        "min": [1.28675101223e-05, 0.000135465990752, 0.0011189506622, 0.00984398368746, 0.0532561317086, 0.160155907273, 0.106034837663, 0.118324063718, 0.192524567246, 0.350279688835, 0.200792208314, 0.173114016652, 0.13249373436, 0.119172438979, 0.230074331164, 0.278371244669, 0.154559582472, 0.368392288685, 0.626332402229, 0.486294209957, 0.378109455109, 0.356482982635, 0.333550155163, 0.44228848815, 0.144127607346, 0.152229517698, 0.0626298114657, 0.062968686223, 0.0503789782524, 0.0254171192646, 0.00869643501937, 0.00262366677634, 0.000810132536571, 0.000162667027325, 2.53990056081e-05, 9.0128987722e-06, 2.05129708775e-06, 5.58500460102e-07, 1.35332925311e-06, 2.06288973459e-06],
        "var": [0.466773897409, 12.4441404343, 18.4170665741, 15.349571228, 48.4780044556, 1562.09460449, 153.144363403, 184.856369019, 461.620452881, 6225.51123047, 1034.58178711, 7553.83203125, 995.799621582, 676.131591797, 3421.22167969, 2748.61938477, 5166.10742188, 3084.16088867, 3383.64624023, 6131.11572266, 1694.2565918, 2818.21606445, 2072.89624023, 1218.97802734, 1019.26989746, 1027.03381348, 79.6849899292, 51.2928619385, 41.3233604431, 47.7290496826, 34.2628974915, 45.0958175659, 37.0575561523, 18.7970600128, 6.54980564117, 0.882289171219, 0.053288936615, 0.000248281896347, 1.02747158337e-07, 1.6259551483e-09]
    },
    "gfcc": {
        "mean": [22.8459892273, 79.193687439, -142.669937134, 33.7436599731, -67.0695419312, 12.0495042801, -48.8642349243, 10.5323295593, -28.9526805878, 0.382044374943, -13.6661376953, -7.06748008728, -12.030213356],
        "cov": [[2736.38574219, -1087.74926758, 570.010620117, 2.40629696846, -11.7500944138, 493.201812744, 59.7998847961, 532.889526367, -83.06199646, 306.865997314, -90.7724838257, 149.498565674, -233.165710449], [-1087.74926758, 1615.16259766, -102.566200256, 385.426483154, 328.345977783, -43.0863075256, 435.60043335, -149.926651001, 312.204223633, -207.051712036, 206.470825195, -167.769683838, 169.058441162], [570.010620117, -102.566200256, 1109.68811035, 254.875488281, 189.025970459, 396.152526855, 46.3419494629, 296.372070312, 10.0145044327, 210.207260132, -44.5622291565, 88.9351882935, -89.9174499512], [2.40629696846, 385.426483154, 254.875488281, 436.182617188, 286.080505371, 150.344406128, 155.87689209, 89.3488464355, 175.788192749, 41.6077766418, 76.6920394897, -53.8255233765, 50.1729393005], [-11.7500944138, 328.345977783, 189.025970459, 286.080505371, 380.59475708, 112.855018616, 157.305343628, 90.3673782349, 147.527084351, 74.6892929077, 37.8913040161, -8.36201858521, 18.3257007599], [493.201812744, -43.0863075256, 396.152526855, 150.344406128, 112.855018616, 352.609527588, 152.48034668, 220.433441162, 50.0781097412, 92.1135864258, 16.8793983459, 29.2653522491, -35.978679657], [59.7998847961, 435.60043335, 46.3419494629, 155.87689209, 157.305343628, 152.48034668, 359.576324463, 119.636138916, 140.172897339, -17.7463226318, 79.0900344849, -13.9790525436, 3.65856218338], [532.889526367, -149.926651001, 296.372070312, 89.3488464355, 90.3673782349, 220.433441162, 119.636138916, 260.105987549, 62.9072647095, 121.003494263, 1.92779695988, 44.7714653015, -60.7575149536], [-83.06199646, 312.204223633, 10.0145044327, 175.788192749, 147.527084351, 50.0781097412, 140.172897339, 62.9072647095, 199.792221069, 33.9697532654, 72.8418121338, -48.8323860168, 30.391456604], [306.865997314, -207.051712036, 210.207260132, 41.6077766418, 74.6892929077, 92.1135864258, -17.7463226318, 121.003494263, 33.9697532654, 164.378753662, -10.7056407928, 34.0596160889, -47.4438591003], [-90.7724838257, 206.470825195, -44.5622291565, 76.6920394897, 37.8913040161, 16.8793983459, 79.0900344849, 1.92779695988, 72.8418121338, -10.7056407928, 93.8341140747, -12.6727981567, 32.0250701904], [149.498565674, -167.769683838, 88.9351882935, -53.8255233765, -8.36201858521, 29.2653522491, -13.9790525436, 44.7714653015, -48.8323860168, 34.0596160889, -12.6727981567, 95.1294784546, -16.2438144684], [-233.165710449, 169.058441162, -89.9174499512, 50.1729393005, 18.3257007599, -35.978679657, 3.65856218338, -60.7575149536, 30.391456604, -47.4438591003, 32.0250701904, -16.2438144684, 98.9301071167]],
        "icov": [[0.000895173987374, 0.000486090284539, 0.000162426411407, -0.000355379539542, 0.000138997114846, -0.00043124545482, -0.000305879919324, -0.0010564281838, 0.000487670244183, -0.000213207415072, -0.000126068931422, 0.000105820690806, 0.000593063130509], [0.000486090284539, 0.00431995419785, -0.00206070905551, 0.00101706921123, -0.00219138013199, 0.00163816206623, -0.00408499734476, 0.002620161511, -0.00223371759057, 0.00361326476559, -0.00366302463226, 0.00361410528421, -0.00166523957159], [0.000162426411407, -0.00206070905551, 0.00347376009449, -0.00238531269133, 0.00147708528675, -0.00288233812898, 0.00254926644266, -0.00191960786469, 0.00187885062769, -0.00298211956397, 0.00313105317764, -0.00338431727141, 0.00209969514981], [-0.000355379539542, 0.00101706921123, -0.00238531269133, 0.00866974983364, -0.00510996766388, 7.45710276533e-05, -0.00024641721393, 0.00050725863548, -0.00258039915934, 0.00286147766747, -0.00435223150998, 0.00522877462208, -0.00341381551698], [0.000138997114846, -0.00219138013199, 0.00147708528675, -0.00510996766388, 0.00843446422368, -0.000936814700253, -8.52265729918e-05, 2.63681868091e-05, -0.000509894511197, -0.00512101734057, 0.0053873937577, -0.00484189111739, 0.00128446973395], [-0.00043124545482, 0.00163816206623, -0.00288233812898, 7.45710276533e-05, -0.000936814700253, 0.01009699516, -0.00392839917913, -0.00372966192663, 0.00168872787617, 0.00144212704618, -0.00313015794381, 0.00371841713786, -0.00297641544603], [-0.000305879919324, -0.00408499734476, 0.00254926644266, -0.00024641721393, -8.52265729918e-05, -0.00392839917913, 0.0111258914694, -0.00527957174927, -0.000905153341591, 0.00178908184171, 0.000579999643378, -0.00429116887972, 0.00387874664739], [-0.0010564281838, 0.002620161511, -0.00191960786469, 0.00050725863548, 2.63681868091e-05, -0.00372966192663, -0.00527957174927, 0.018556991592, -0.00689960690215, -0.00208115507849, 0.000822946953122, -0.002389597008, 0.00172405142803], [0.000487670244183, -0.00223371759057, 0.00187885062769, -0.00258039915934, -0.000509894511197, 0.00168872787617, -0.000905153341591, -0.00689960690215, 0.0179371833801, -0.00691497558728, -0.00405885698274, 0.00540528539568, -0.00213754130527], [-0.000213207415072, 0.00361326476559, -0.00298211956397, 0.00286147766747, -0.00512101734057, 0.00144212704618, 0.00178908184171, -0.00208115507849, -0.00691497558728, 0.0189273580909, -0.00465305289254, 0.00088266847888, 0.00214249454439], [-0.000126068931422, -0.00366302463226, 0.00313105317764, -0.00435223150998, 0.0053873937577, -0.00313015794381, 0.000579999643378, 0.000822946953122, -0.00405885698274, -0.00465305289254, 0.0232215188444, -0.0079161785543, -0.000438304996351], [0.000105820690806, 0.00361410528421, -0.00338431727141, 0.00522877462208, -0.00484189111739, 0.00371841713786, -0.00429116887972, -0.002389597008, 0.00540528539568, 0.00088266847888, -0.0079161785543, 0.0221895258874, -0.00574530521408], [0.000593063130509, -0.00166523957159, 0.00209969514981, -0.00341381551698, 0.00128446973395, -0.00297641544603, 0.00387874664739, 0.00172405142803, -0.00213754130527, 0.00214249454439, -0.000438304996351, -0.00574530521408, 0.0184689946473]]
    },
    "melbands": {
        "dmean": [0.00254851160571, 0.00142025947571, 0.000348114990629, 0.000785077107139, 0.000355866388418, 0.000156603025971, 0.000163772594533, 0.000362388964277, 0.000135573587613, 0.000132018729346, 7.18412120477e-05, 4.21940567321e-05, 8.61504377099e-05, 2.87869879685e-05, 8.75038022059e-05, 4.31643711636e-05, 4.78953697893e-05, 4.02702207793e-05, 3.85437488148e-05, 3.14788921969e-05, 2.14733536268e-05, 2.23283932428e-05, 2.13598141272e-05, 2.68126932497e-05, 1.39620733535e-05, 1.1243994777e-05, 1.4491805814e-05, 9.75166221906e-06, 3.84252462027e-06, 2.57828492067e-06, 2.39366090682e-06, 1.73919681856e-06, 2.04331149689e-06, 1.88173237348e-06, 1.7064368194e-06, 2.10119947042e-06, 2.00166732611e-06, 2.11463611777e-06, 1.89264733308e-06, 1.63744891779e-06],
        "dmean2": [0.00430041132495, 0.00239557679743, 0.00057857617503, 0.00135229341686, 0.000592256197706, 0.000257153355051, 0.000268938863883, 0.000574509205762, 0.00020164270245, 0.000191231418285, 0.0001150377866, 6.44941901555e-05, 0.000133467110572, 4.35352703789e-05, 0.000134802830871, 6.86589191901e-05, 7.64763462939e-05, 6.30685462966e-05, 6.0801528889e-05, 4.96901193401e-05, 3.47228669852e-05, 3.45243643096e-05, 3.3362666727e-05, 4.34988141933e-05, 2.23428814934e-05, 1.75248169398e-05, 2.37196072703e-05, 1.60468516697e-05, 6.29180385658e-06, 4.22601306127e-06, 3.83796623282e-06, 2.64641016656e-06, 3.20779417962e-06, 2.97628230328e-06, 2.62957814812e-06, 3.30173656948e-06, 3.0604476251e-06, 3.27198699779e-06, 2.96877010442e-06, 2.59046396422e-06],
        "dvar": [3.59513396688e-05, 1.11897243187e-05, 3.65177442063e-07, 2.99939461001e-06, 4.82651103084e-07, 5.21752596683e-08, 8.77525607734e-08, 6.95493213243e-07, 4.2157612512e-08, 5.83373740426e-08, 1.75595307184e-08, 4.34906155533e-09, 2.54641037145e-08, 4.6131667375e-09, 2.27754366477e-08, 4.44633263541e-09, 7.37298710973e-09, 5.47837064602e-09, 4.26968282952e-09, 2.78848477642e-09, 1.37977584913e-09, 1.08213471517e-09, 1.02582209394e-09, 1.7534200758e-09, 4.12265444005e-10, 2.1237971104e-10, 5.03246944117e-10, 1.977971259e-10, 2.65356417395e-11, 1.16167492292e-11, 8.24656835874e-12, 6.44222262342e-12, 9.56612306729e-12, 9.04333812696e-12, 8.37763886041e-12, 1.20631360803e-11, 1.63136500836e-11, 1.53108099116e-11, 1.44463139368e-11, 1.27439109612e-11],
        "dvar2": [8.79205399542e-05, 3.02582739096e-05, 9.82973347163e-07, 8.46183138492e-06, 1.27865462218e-06, 1.27232652858e-07, 2.1895134239e-07, 1.7533332084e-06, 9.53666798864e-08, 1.26643385556e-07, 4.65305802777e-08, 9.78653069694e-09, 6.44938111805e-08, 8.76304806496e-09, 4.76808779126e-08, 1.15750005136e-08, 1.68435452252e-08, 1.27743273737e-08, 9.78565850573e-09, 6.6884791039e-09, 3.42891581795e-09, 2.44268960614e-09, 2.50647924638e-09, 4.50391723916e-09, 9.95749815935e-10, 4.84763285069e-10, 1.37728939364e-09, 5.11536313308e-10, 6.73627334469e-11, 3.12812969971e-11, 2.14241870772e-11, 1.43055463309e-11, 2.31031808268e-11, 1.94774942702e-11, 1.71420152378e-11, 2.78980658019e-11, 3.76267975111e-11, 3.48245182691e-11, 3.40002574706e-11, 2.94818197633e-11],
        "max": [0.0351378396153, 0.0260841455311, 0.0056442450732, 0.0192723367363, 0.00608767662197, 0.00214718584903, 0.00300268945284, 0.0109636615962, 0.00259666703641, 0.0033382489346, 0.00229827105068, 0.000855980440974, 0.00213990057819, 0.0011228856165, 0.00244900491089, 0.000848313386086, 0.00104319571983, 0.00094980414724, 0.000734533881769, 0.000625215528999, 0.000520574161783, 0.0004935018369, 0.000380080746254, 0.00041777943261, 0.000261054112343, 0.000238575870753, 0.000315309909638, 0.000129631749587, 5.23066046298e-05, 3.17071280733e-05, 3.05983703583e-05, 3.26221088471e-05, 4.01585020882e-05, 4.51319174317e-05, 5.00010901305e-05, 4.28150233347e-05, 4.24572172051e-05, 4.3402742449e-05, 4.30934160249e-05, 3.61764432455e-05],
        "mean": [0.00216462090611, 0.00153608119581, 0.000610938004684, 0.000965838204138, 0.000463994627353, 0.000218340865104, 0.00021990534151, 0.000486387405545, 0.000241446890868, 0.000298797414871, 0.000112443252874, 7.39630340831e-05, 0.000142523203976, 4.87873403472e-05, 0.000182427465916, 8.64013054525e-05, 7.17943330528e-05, 6.27038243692e-05, 6.55179246678e-05, 4.99521884194e-05, 3.44670697814e-05, 4.55911940662e-05, 3.83413025702e-05, 4.11569781136e-05, 2.5019824534e-05, 2.07792072615e-05, 2.44837374339e-05, 1.49389425133e-05, 5.62421701034e-06, 4.2911865421e-06, 4.3416812332e-06, 2.81913139588e-06, 3.36225934916e-06, 2.82064411294e-06, 2.34609433392e-06, 2.87313400804e-06, 2.34258186538e-06, 2.70946497949e-06, 2.08632286558e-06, 1.85494138805e-06],
        "median": [0.000124221085571, 0.000472014886327, 0.000413895642851, 0.000441473763203, 0.000189357771887, 0.000125615304569, 0.000105805105704, 0.000157866903464, 0.000108878113679, 0.00010783491598, 6.96435308782e-05, 3.66525819118e-05, 5.58244428248e-05, 1.60467516253e-05, 6.79322183714e-05, 5.12978294864e-05, 3.05177818518e-05, 2.76560876955e-05, 2.79007072095e-05, 2.2010950488e-05, 1.78221143869e-05, 2.5483119316e-05, 1.65929959621e-05, 1.92212974071e-05, 1.57356389536e-05, 1.30273019749e-05, 1.13325404527e-05, 7.53006861487e-06, 3.50522464032e-06, 3.11397388941e-06, 3.22465893987e-06, 1.82094470347e-06, 1.85090084415e-06, 1.46625677644e-06, 1.29838463181e-06, 1.52754205374e-06, 8.98628854884e-07, 1.07779055725e-06, 8.23161826702e-07, 5.70735039673e-07],
        "min": [1.04100436715e-07, 1.2126929505e-07, 1.13826013148e-06, 7.28305258235e-06, 6.65786319587e-06, 1.20144250104e-06, 2.96113285003e-06, 2.08488449971e-06, 9.23207835513e-07, 6.43213866169e-07, 1.23624474213e-07, 4.25671657922e-07, 7.10580934538e-07, 2.61319001993e-07, 7.5659443155e-08, 1.50355916162e-07, 3.17197873301e-07, 7.21539322512e-07, 5.80728908517e-07, 6.2616430796e-07, 5.3194753491e-07, 1.37398117772e-07, 2.16706652623e-08, 2.64815412265e-07, 2.26470589837e-07, 3.87285581382e-09, 1.73577404894e-07, 9.13566182703e-08, 1.41613041293e-08, 2.69721098789e-08, 2.64653081672e-08, 2.00200229727e-08, 9.82957715223e-09, 1.06832205304e-08, 3.89770260512e-09, 1.43692835408e-09, 1.16858156485e-09, 4.51539389212e-10, 8.2289154657e-11, 8.72505054317e-11],
