{
"highlevel": {
    "danceability": {
        "all": {
            "danceable": 0.764721035957,
            "not_danceable": 0.235278964043
        },
        "probability": 0.764721035957,
        "value": "danceable"
    },
    "gender": {
        "all": {
            "female": 0.515888869762,
            "male": 0.484111100435
        },
        "probability": 0.515888869762,
        "value": "female"
    },
    "genre_dortmund": {
        "all": {
            "alternative": 0.148180425167,
            "blues": 0.113844625652,
            "electronic": 0.282468050718,
            "folkcountry": 0.046315819025,
            "funksoulrnb": 0.0573619231582,
            "jazz": 0.0429239533842,
            "pop": 0.0938915461302,
            "raphiphop": 0.118870258331,
            "rock": 0.0961434021592
        },
        "probability": 0.282468050718,
        "value": "electronic"
    },
    "genre_electronic": {
        "all": {
            "ambient": 0.484107106924,
            "dnb": 0.142749339342,
            "house": 0.0439570769668,
            "techno": 0.0182506851852,
            "trance": 0.310935795307
        },
        "probability": 0.484107106924,
        "value": "ambient"
    },
    "genre_rosamerica": {
        "all": {
            "cla": 0.00861227791756,
            "dan": 0.130891546607,
            "hip": 0.0172241590917,
            "jaz": 0.00412268331274,
            "pop": 0.584850907326,
            "rhy": 0.017792057246,
            "roc": 0.235367640853,
            "spe": 0.00113876420073
        },
        "probability": 0.584850907326,
        "value": "pop"
    },
    "genre_tzanetakis": {
        "all": {
            "blu": 0.0626613423228,
            "cla": 0.0348169617355,
            "cou": 0.104475811124,
            "dis": 0.0784321576357,
            "hip": 0.15692435205,
            "jaz": 0.313974827528,
            "met": 0.0448166541755,
            "pop": 0.0627359300852,
            "reg": 0.0627360641956,
            "roc": 0.0784258767962
        },
        "probability": 0.313974827528,
        "value": "jaz"
    },
    "ismir04_rhythm": {
        "all": {
            "ChaChaCha": 0.174769088626,
            "Jive": 0.071889847517,
            "Quickstep": 0.0296998955309,
            "Rumba-American": 0.0289227217436,
            "Rumba-International": 0.0204311236739,
            "Rumba-Misc": 0.00903937220573,
            "Samba": 0.366400778294,
            "Tango": 0.220266535878,
            "VienneseWaltz": 0.0629413127899,
            "Waltz": 0.0156393311918
        },
        "probability": 0.366400778294,
        "value": "Samba"
    },
    "mood_acoustic": {
        "all": {
            "acoustic": 0.031230090186,
            "not_acoustic": 0.968769907951
        },
        "probability": 0.968769907951,
        "value": "not_acoustic"
    },
    "mood_aggressive": {
        "all": {
            "aggressive": 0.507957696915,
            "not_aggressive": 0.492042303085
        },
        "probability": 0.507957696915,
        "value": "aggressive"
    },
    "mood_electronic": {
        "all": {
            "electronic": 0.341031908989,
            "not_electronic": 0.658968091011
        },
        "probability": 0.658968091011,
        "value": "not_electronic"
    },
    "mood_happy": {
        "all": {
            "happy": 0.765545785427,
            "not_happy": 0.234454199672
        },
        "probability": 0.765545785427,
        "value": "happy"
    },
    "mood_party": {
        "all": {
            "not_party": 0.558854341507,
            "party": 0.441145628691
        },
        "probability": 0.558854341507,
        "value": "not_party"
    },
    "mood_relaxed": {
        "all": {
            "not_relaxed": 0.956426084042,
            "relaxed": 0.0435739122331
        },
        "probability": 0.956426084042,
        "value": "not_relaxed"
    },
    "mood_sad": {
        "all": {
            "not_sad": 0.821261644363,
            "sad": 0.178738340735
        },
        "probability": 0.821261644363,
        "value": "not_sad"
    },
    "moods_mirex": {
        "all": {
            "Cluster1": 0.200408563018,
            "Cluster2": 0.126685976982,
            "Cluster3": 0.197958797216,
            "Cluster4": 0.236305311322,
            "Cluster5": 0.238641366363
        },
        "probability": 0.238641366363,
        "value": "Cluster5"
    },
    "timbre": {
        "all": {
            "bright": 0.517722308636,
            "dark": 0.482277721167
        },
        "probability": 0.517722308636,
        "value": "bright"
    },
    "tonal_atonal": {
        "all": {
            "atonal": 0.119816489518,
            "tonal": 0.880183517933
        },
        "probability": 0.880183517933,
        "value": "tonal"
    },
    "voice_instrumental": {
        "all": {
            "instrumental": 0.029352536425,
            "voice": 0.970647454262
        },
        "probability": 0.970647454262,
        "value": "voice"
    }
},
"lowlevel": {
    "average_loudness": 0.962580382824,
    "barkbands_crest": {
        "dmean": 2.4734518528,
        "dmean2": 3.86563873291,
        "dvar": 6.12138319016,
        "dvar2": 13.9304409027,
        "max": 24.6627407074,
        "mean": 11.381105423,
        "median": 10.9012918472,
        "min": 2.63918662071,
        "var": 23.4483757019
    },
    "barkbands_flatness_db": {
        "dmean": 0.0179257243872,
        "dmean2": 0.0270035527647,
        "dvar": 0.000313271506457,
        "dvar2": 0.000661238736939,
        "max": 0.281847655773,
        "mean": 0.140292689204,
        "median": 0.139545455575,
        "min": 0.0454173572361,
        "var": 0.00121731485706
    },
    "barkbands_kurtosis": {
        "dmean": 1.56758844852,
        "dmean2": 2.42212224007,
        "dvar": 10.625620842,
        "dvar2": 22.3217315674,
        "max": 45.6612434387,
        "mean": 1.30044209957,
        "median": 0.0433819293976,
        "min": -1.81544148922,
        "var": 17.9156703949
    },
    "barkbands_skewness": {
        "dmean": 0.424993038177,
        "dmean2": 0.633881092072,
        "dvar": 0.247098729014,
        "dvar2": 0.468636959791,
        "max": 6.47900724411,
        "mean": 0.805534899235,
        "median": 0.636430561543,
        "min": -1.43325483799,
        "var": 0.915304720402
    },
    "barkbands_spread": {
        "dmean": 5.51745891571,
        "dmean2": 8.16666507721,
        "dvar": 44.3692207336,
        "dvar2": 90.8830871582,
        "max": 113.895584106,
        "mean": 26.4311561584,
        "median": 25.7820053101,
        "min": 3.20469880104,
        "var": 169.990402222
    },
    "dissonance": {
        "dmean": 0.02075942792,
        "dmean2": 0.0354100093246,
        "dvar": 0.000396100134822,
        "dvar2": 0.00112720963079,
        "max": 0.499926745892,
        "mean": 0.466869533062,
        "median": 0.473170697689,
        "min": 0.315309852362,
        "var": 0.000667464046273
    },
    "dynamic_complexity": 1.59635412693,
    "erbbands_crest": {
        "dmean": 3.2500166893,
        "dmean2": 5.24714612961,
        "dvar": 8.71779727936,
        "dvar2": 20.8413410187,
        "max": 32.6696891785,
        "mean": 11.7611122131,
        "median": 9.84013652802,
        "min": 2.76786613464,
        "var": 39.6723403931
    },
    "erbbands_flatness_db": {
        "dmean": 0.0171807743609,
        "dmean2": 0.0247742515057,
        "dvar": 0.000249985052506,
        "dvar2": 0.000450007646577,
        "max": 0.336365044117,
        "mean": 0.17645034194,
        "median": 0.172956854105,
        "min": 0.0614165142179,
        "var": 0.00202882336453
    },
    "erbbands_kurtosis": {
        "dmean": 1.20486605167,
        "dmean2": 1.89612090588,
        "dvar": 2.89010334015,
        "dvar2": 6.29525852203,
        "max": 30.8705787659,
        "mean": 1.38338875771,
        "median": 0.483694791794,
        "min": -1.44772052765,
        "var": 8.02192878723
    },
    "erbbands_skewness": {
        "dmean": 0.377112179995,
        "dmean2": 0.573681592941,
        "dvar": 0.113622993231,
        "dvar2": 0.241006344557,
        "max": 3.74141669273,
        "mean": 0.398115992546,
        "median": 0.255465567112,
        "min": -1.77547192574,
        "var": 0.684821128845
    },
    "erbbands_spread": {
        "dmean": 5.89653110504,
        "dmean2": 8.73491668701,
        "dvar": 48.1938209534,
        "dvar2": 102.874519348,
        "max": 154.795806885,
        "mean": 25.8147830963,
        "median": 23.2175216675,
        "min": 3.23051476479,
        "var": 197.439620972
    },
    "hfc": {
        "dmean": 8.01173114777,
        "dmean2": 11.5440950394,
        "dvar": 75.3990783691,
        "dvar2": 139.91192627,
        "max": 174.132324219,
        "mean": 35.9245529175,
        "median": 34.9337158203,
        "min": 2.37604880333,
        "var": 330.860626221
    },
    "melbands_crest": {
        "dmean": 3.09548592567,
        "dmean2": 4.75159931183,
        "dvar": 8.86623859406,
        "dvar2": 18.6585140228,
        "max": 33.3997421265,
        "mean": 17.6056785583,
        "median": 17.3103885651,
        "min": 3.7039732933,
        "var": 45.54895401
    },
    "melbands_flatness_db": {
        "dmean": 0.020918622613,
        "dmean2": 0.0301281176507,
        "dvar": 0.000520745234098,
        "dvar2": 0.00102594029158,
        "max": 0.377961337566,
        "mean": 0.175145462155,
        "median": 0.175582736731,
        "min": 0.0529041625559,
        "var": 0.00236849766225
    },
    "melbands_kurtosis": {
        "dmean": 4.27357149124,
        "dmean2": 6.67471218109,
        "dvar": 175.575942993,
        "dvar2": 371.504516602,
        "max": 296.835235596,
        "mean": 6.04387903214,
        "median": 2.15472841263,
        "min": -1.49542665482,
        "var": 252.03692627
    },
    "melbands_skewness": {
        "dmean": 0.593351364136,
        "dmean2": 0.87957495451,
        "dvar": 0.660118579865,
        "dvar2": 1.27618992329,
        "max": 15.6614160538,
        "mean": 1.62035942078,
        "median": 1.34467864037,
        "min": -0.721468865871,
        "var": 2.4523191452
    },
    "melbands_spread": {
        "dmean": 7.03581523895,
        "dmean2": 10.824007988,
        "dvar": 58.9414367676,
        "dvar2": 121.672264099,
        "max": 90.992805481,
        "mean": 32.1176490784,
        "median": 31.4165172577,
        "min": 2.60593724251,
        "var": 222.487014771
    },
    "pitch_salience": {
        "dmean": 0.0656126067042,
        "dmean2": 0.102971933782,
        "dvar": 0.00425505125895,
        "dvar2": 0.0104957325384,
        "max": 0.826437532902,
        "mean": 0.478852897882,
        "median": 0.477955251932,
        "min": 0.115503549576,
        "var": 0.0133878262714
    },
    "silence_rate_20dB": {
        "dmean": 0,
        "dmean2": 0,
        "dvar": 0,
        "dvar2": 0,
        "max": 1,
        "mean": 1,
        "median": 1,
        "min": 1,
        "var": 0
    },
    "silence_rate_30dB": {
        "dmean": 0.0170278642327,
        "dmean2": 0.0340821072459,
        "dvar": 0.0167378857732,
        "dvar2": 0.0344702266157,
        "max": 1,
        "mean": 0.976024746895,
        "median": 1,
        "min": 0,
        "var": 0.0234000757337
    },
    "silence_rate_60dB": {
        "dmean": 0.00154798757285,
        "dmean2": 0.00309837330133,
        "dvar": 0.00154558650684,
        "dvar2": 0.00463793473318,
        "max": 1,
        "mean": 0.00077339517884,
        "median": 0,
        "min": 0,
        "var": 0.000772796280216
    },
    "spectral_centroid": {
        "dmean": 224.231445312,
        "dmean2": 339.149291992,
        "dvar": 56415.6484375,
        "dvar2": 122433.390625,
        "max": 3332.39331055,
        "mean": 1823.09594727,
        "median": 1810.08630371,
        "min": 536.50201416,
        "var": 233793.109375
    },
    "spectral_complexity": {
        "dmean": 3.64164090157,
        "dmean2": 5.73741292953,
        "dvar": 12.6185569763,
        "dvar2": 25.0240592957,
        "max": 58,
        "mean": 25.936580658,
        "median": 25,
        "min": 6,
        "var": 63.6728553772
    },
    "spectral_decrease": {
        "dmean": 2.30457364303e-09,
        "dmean2": 3.35929373207e-09,
        "dvar": 1.08993916634e-17,
        "dvar2": 2.05012645093e-17,
        "max": -3.60355939533e-10,
        "mean": -9.63415391908e-09,
        "median": -8.51897308252e-09,
        "min": -4.90977782874e-08,
        "var": 3.59170722434e-17
    },
    "spectral_energy": {
        "dmean": 0.00914750248194,
        "dmean2": 0.013313671574,
        "dvar": 0.000158341194037,
        "dvar2": 0.000299204286421,
        "max": 0.188112184405,
        "mean": 0.0396199449897,
        "median": 0.035513676703,
        "min": 0.00157558103092,
        "var": 0.000539298984222
    },
    "spectral_energyband_high": {
        "dmean": 0.000408688065363,
        "dmean2": 0.000564290559851,
        "dvar": 5.22425466443e-07,
        "dvar2": 9.1897038601e-07,
        "max": 0.0146595379338,
        "mean": 0.0011055150535,
        "median": 0.000759548915084,
        "min": 2.58386698988e-05,
        "var": 1.57932663569e-06
    },
    "spectral_energyband_low": {
        "dmean": 0.00536593422294,
        "dmean2": 0.00774604268372,
        "dvar": 0.00016470933042,
        "dvar2": 0.00030310312286,
        "max": 0.176422759891,
        "mean": 0.015784740448,
        "median": 0.00990349799395,
        "min": 2.92245943001e-07,
        "var": 0.000449281506008
    },
    "spectral_energyband_middle_high": {
        "dmean": 0.00487156305462,
        "dmean2": 0.00725788483396,
        "dvar": 3.30179973389e-05,
        "dvar2": 6.84980259393e-05,
        "max": 0.071713373065,
        "mean": 0.0166494250298,
        "median": 0.0138529762626,
        "min": 0.00065847573569,
        "var": 0.00014963936701
    },
    "spectral_energyband_middle_low": {
        "dmean": 0.0029507142026,
        "dmean2": 0.00487025966868,
        "dvar": 2.47682837653e-05,
        "dvar2": 6.49327485007e-05,
        "max": 0.0560356602073,
        "mean": 0.00662728492171,
        "median": 0.0047945054248,
        "min": 0.000166177618667,
        "var": 3.84354898415e-05
    },
    "spectral_entropy": {
        "dmean": 0.12740278244,
        "dmean2": 0.184221252799,
        "dvar": 0.0139930415899,
        "dvar2": 0.0264148321003,
        "max": 8.56419658661,
        "mean": 7.60840654373,
        "median": 7.6009054184,
        "min": 6.8367228508,
        "var": 0.0710258483887
    },
    "spectral_flux": {
        "dmean": 0.0269747879356,
        "dmean2": 0.0423399470747,
        "dvar": 0.000812172307633,
        "dvar2": 0.00185217068065,
        "max": 0.425794064999,
        "mean": 0.105270795524,
        "median": 0.0983814448118,
        "min": 0.0233582723886,
        "var": 0.00199998589233
    },
    "spectral_kurtosis": {
        "dmean": 1.44616258144,
        "dmean2": 2.41035699844,
        "dvar": 1.65233302116,
        "dvar2": 4.64956331253,
        "max": 19.474943161,
        "mean": 5.14479875565,
        "median": 4.88079214096,
        "min": -0.662997245789,
        "var": 5.12295818329
    },
    "spectral_rms": {
        "dmean": 0.000694381538779,
        "dmean2": 0.00101201073267,
        "dvar": 6.72328098972e-07,
        "dvar2": 1.30245166474e-06,
        "max": 0.0135471057147,
        "mean": 0.00598228583112,
        "median": 0.00588621152565,
        "min": 0.00123981945217,
        "var": 2.86588260678e-06
    },
    "spectral_rolloff": {
        "dmean": 460.681060791,
        "dmean2": 765.455200195,
        "dvar": 843172.875,
        "dvar2": 1922795.125,
        "max": 11714.0625,
        "mean": 1799.0657959,
        "median": 1658.05664062,
        "min": 64.599609375,
        "var": 1468661.75
    },
    "spectral_skewness": {
        "dmean": 0.193118900061,
        "dmean2": 0.318694770336,
        "dvar": 0.0259128306061,
        "dvar2": 0.0668340101838,
        "max": 2.69407653809,
        "mean": 1.64863860607,
        "median": 1.64162385464,
        "min": 0.650960803032,
        "var": 0.0984368249774
    },
    "spectral_spread": {
        "dmean": 455581.375,
        "dmean2": 635883.5,
        "dvar": 553914597376,
        "dvar2": 873297477632,
        "max": 16750431,
        "mean": 4176056.25,
        "median": 3892186.25,
        "min": 1826610.375,
        "var": 1.94979168256e+12
    },
    "spectral_strongpeak": {
        "dmean": 0.801293432713,
        "dmean2": 1.34548568726,
        "dvar": 1.80059099197,
        "dvar2": 3.93650650978,
        "max": 9.9017457962,
        "mean": 1.80138921738,
        "median": 0.499689251184,
        "min": 0,
        "var": 4.77417516708
    },
    "zerocrossingrate": {
        "dmean": 0.00928263459355,
        "dmean2": 0.0108151836321,
        "dvar": 0.000138824732858,
        "dvar2": 0.000171098741703,
        "max": 0.31298828125,
        "mean": 0.0665267184377,
        "median": 0.06201171875,
        "min": 0.0068359375,
        "var": 0.000766638142522
    },
    "barkbands": {
        "dmean": [0.000371389323846, 0.00472037075087, 0.00120882643387, 0.000546602939721, 0.000860220519826, 0.000666365027428, 0.000832245801575, 0.000576343212742, 0.000745155091863, 0.00232402118854, 0.00228080619127, 0.000604666362051, 0.00076065614121, 0.000845229660627, 0.000796115549747, 0.000551959790755, 0.000345100677805, 0.000398692704039, 0.000356176460627, 0.000156917609274, 0.000152209278895, 7.31225663912e-05, 5.72790268052e-05, 5.89792507526e-05, 9.27777218749e-05, 4.14645328419e-05, 1.43031950728e-08],
        "dmean2": [0.000623499159701, 0.00698954053223, 0.00218539079651, 0.000971832720097, 0.00149313861039, 0.00111965334509, 0.00138750101905, 0.000970542489085, 0.00114701525308, 0.00363909848966, 0.00342942285351, 0.000919243611861, 0.00122051627841, 0.0013545434922, 0.00129196443595, 0.000879812636413, 0.000544011651073, 0.000620998733211, 0.000556830782443, 0.000239297616645, 0.000232479840633, 0.000113449474156, 8.56779515743e-05, 8.6426625785e-05, 0.000129097941681, 5.72863027628e-05, 2.36410535592e-08],
        "dvar": [5.41743247595e-07, 0.000155851914315, 3.79448865715e-05, 3.25039263771e-06, 4.69785436508e-06, 1.90598370864e-06, 1.69969473518e-06, 1.84679811355e-06, 2.57196143139e-06, 1.92726747628e-05, 1.9052573407e-05, 1.95051802621e-06, 2.4718547138e-06, 2.34285107581e-06, 1.69740121692e-06, 9.16829435482e-07, 2.72856766514e-07, 2.66973387397e-07, 2.63015692781e-07, 6.34214245565e-08, 5.45636780203e-08, 3.03960625558e-08, 7.76799247149e-09, 1.12653237849e-08, 1.549880011e-07, 1.9177562649e-08, 7.2889107876e-15],
        "dvar2": [1.397399501e-06, 0.000327093264787, 0.000108191794425, 9.02126339497e-06, 1.30897278723e-05, 4.63279866381e-06, 4.67356903755e-06, 4.52926269645e-06, 4.65153470941e-06, 4.17827650381e-05, 4.04184575018e-05, 3.44574527844e-06, 6.14616328676e-06, 5.31163959749e-06, 4.02751311412e-06, 2.25075064009e-06, 6.29477256098e-07, 6.4853566073e-07, 5.69126200389e-07, 1.34640742999e-07, 1.14434989484e-07, 7.02416755871e-08, 1.61319526626e-08, 2.57303334195e-08, 2.96555128898e-07, 3.58522456168e-08, 1.00535602589e-14],
        "max": [0.0087527371943, 0.148872956634, 0.0936406254768, 0.0201773755252, 0.0216494966298, 0.023863306269, 0.0178026463836, 0.0190852154046, 0.0265293233097, 0.0613902844489, 0.0656352564692, 0.0339366048574, 0.0233360845596, 0.0168476011604, 0.0160350967199, 0.0137030808255, 0.00593909574673, 0.00585741503164, 0.00734572485089, 0.00416831951588, 0.00278985546902, 0.00245852698572, 0.001208064612, 0.00114300008863, 0.0117312967777, 0.00293873948976, 2.59983926298e-06],
        "mean": [0.0010136946803, 0.0131087834015, 0.0014335179003, 0.000514697516337, 0.00105657870881, 0.000966677966062, 0.00137289287522, 0.00091361918021, 0.00121938285884, 0.00406842958182, 0.00449026469141, 0.0010141673265, 0.00125119171571, 0.00138404313475, 0.00135326466989, 0.000949501176365, 0.000676666852087, 0.000790560909081, 0.000785390322562, 0.000302136468235, 0.000348920206307, 0.000139752650284, 0.000129474748974, 0.000116791394248, 0.00014985218877, 6.97502327967e-05, 1.20243486279e-08],
        "median": [0.000191908344277, 0.00615037977695, 0.000242755428189, 0.00010587900033, 0.000528908974957, 0.000578266219236, 0.000777164183091, 0.000420331198256, 0.000407555402489, 0.00111920584459, 0.00113851809874, 0.000350853719283, 0.000470750528621, 0.000611235795077, 0.000767980178352, 0.000599412014708, 0.000384802056942, 0.000546192517504, 0.000468278594781, 0.000163650081959, 0.000207007033168, 7.77431196184e-05, 8.14316153992e-05, 6.53274109936e-05, 5.02880138811e-05, 2.78508996416e-05, 9.59500590092e-10],
        "min": [8.27059132291e-09, 7.09405867383e-08, 1.33421194093e-08, 2.6171404599e-08, 1.57778288212e-06, 6.60832392896e-06, 1.3361341189e-05, 4.31384205513e-06, 8.86636826181e-06, 1.42573380799e-05, 1.48467679537e-05, 1.08759068098e-05, 1.34397050715e-05, 1.24695952763e-05, 1.41480250022e-05, 1.78651735041e-05, 7.70036058384e-06, 8.35066930449e-06, 5.48946445633e-06, 4.90531465402e-06, 2.3140655685e-06, 2.14195870285e-06, 7.16179272331e-07, 4.06732203473e-10, 2.85579801584e-07, 8.25121845849e-11, 7.7417985217e-12],
        "var": [1.98653629013e-06, 0.000364612409612, 2.42371334025e-05, 2.35681000049e-06, 3.56183068106e-06, 2.44820603257e-06, 3.34739979735e-06, 3.22136452269e-06, 8.0772479123e-06, 5.39795182704e-05, 6.9540576078e-05, 5.10346671945e-06, 4.89781405122e-06, 4.34918729297e-06, 3.09029042e-06, 1.40982740504e-06, 7.25046675143e-07, 6.01149565682e-07, 7.5911998465e-07, 1.55149436409e-07, 1.76532651608e-07, 5.31643138402e-08, 2.03928003373e-08, 2.43297133551e-08, 3.15767834991e-07, 3.52917268742e-08, 7.18738033635e-15]
    },
    "erbbands": {
        "dmean": [0.186229333282, 0.971350610256, 1.37924230099, 1.7180082798, 2.13241910934, 3.16783189774, 3.99484205246, 5.75420188904, 11.5594301224, 11.8264045715, 11.5997724533, 17.5528469086, 32.4542999268, 92.0692672729, 86.1813735962, 24.0481147766, 34.9785232544, 39.1066093445, 42.4215049744, 32.1052055359, 22.4802284241, 16.49376297, 16.779964447, 22.1552639008, 14.4784822464, 7.27154874802, 6.34264945984, 5.1916975975, 2.59032130241, 1.79500997066, 1.66232967377, 1.3489420414, 1.01339542866, 0.970018684864, 0.728270769119, 0.272648274899, 0.0663309395313, 0.00387000036426, 7.87323224358e-05, 1.34373776746e-05],
        "dmean2": [0.262179493904, 1.4949862957, 2.36551642418, 3.05048179626, 3.75435066223, 5.53463363647, 6.62964248657, 9.76704978943, 18.924489975, 19.7440547943, 18.6006221771, 26.3950481415, 50.8082046509, 134.367172241, 127.139900208, 36.1057548523, 55.8162078857, 62.2839622498, 66.4732055664, 52.4443855286, 35.7543678284, 25.8626766205, 26.4623832703, 34.2428245544, 22.7632312775, 10.9650249481, 9.45304965973, 8.12499046326, 3.91475844383, 2.81651878357, 2.47650337219, 1.97421658039, 1.4669854641, 1.3781055212, 1.03680539131, 0.386870026588, 0.0974289253354, 0.00594575377181, 0.000116763651022, 1.89337915799e-05],
        "dvar": [0.197997018695, 8.07129192352, 36.2170906067, 50.5609169006, 46.965587616, 51.044506073, 88.0165176392, 141.687591553, 351.239715576, 440.913208008, 911.436035156, 1369.01330566, 5343.32568359, 28257.4648438, 29402.9511719, 3464.24584961, 4895.5078125, 6202.30078125, 4389.00976562, 3203.07739258, 1688.80786133, 623.344299316, 486.155761719, 1032.86450195, 438.967071533, 133.496185303, 109.45703125, 86.8277053833, 41.3900794983, 11.5165338516, 5.80523300171, 4.99748706818, 4.96892642975, 11.9656152725, 11.7056522369, 1.00068593025, 0.0465883687139, 0.000145717742271, 5.8141147008e-08, 4.26079838078e-10],
        "dvar2": [0.348622560501, 19.7733364105, 98.8410110474, 143.441802979, 131.778060913, 142.2890625, 207.325592041, 375.782012939, 945.357849121, 1092.00354004, 2069.49389648, 2615.98901367, 12129.6455078, 59321.984375, 60914.640625, 6009.328125, 11795.6464844, 13335.9384766, 9473.35058594, 7682.19677734, 3740.74755859, 1504.47705078, 1167.73657227, 2336.37280273, 955.511535645, 274.451568604, 210.726348877, 192.555587769, 92.739402771, 25.6796455383, 11.8930778503, 10.816649437, 12.0099124908, 22.539855957, 23.2608394623, 1.97956216335, 0.0870717987418, 0.000275234313449, 1.01797859031e-07, 7.54899642796e-10],
        "max": [5.57933807373, 35.7184715271, 84.1790771484, 109.28327179, 70.7347793579, 66.2090835571, 212.109237671, 182.978530884, 256.703399658, 346.447814941, 474.329589844, 750.314208984, 1019.10772705, 2813.95410156, 3000.55200195, 1680.11645508, 1166.44445801, 1015.89123535, 1205.68908691, 1064.72912598, 849.657958984, 338.932525635, 334.97052002, 405.532073975, 273.754394531, 174.113265991, 152.513870239, 108.345787048, 101.447990417, 51.7067832947, 31.4271278381, 27.1633605957, 30.9589424133, 89.1998062134, 102.481483459, 21.2259559631, 4.42750263214, 0.279343515635, 0.0051193581894, 0.00044263646123],
        "mean": [0.567526102066, 2.16094517708, 2.05459356308, 1.6680098772, 2.21256995201, 3.93476963043, 5.51849126816, 8.49539279938, 18.8771400452, 20.1574707031, 21.2567481995, 29.5490341187, 55.4111862183, 171.987960815, 181.33531189, 47.5216827393, 62.308807373, 68.8216247559, 78.9298477173, 58.4391479492, 44.4250602722, 35.5238037109, 37.859577179, 49.1282730103, 33.2575187683, 15.8025112152, 14.6941976547, 11.5575065613, 5.18004322052, 3.88023996353, 3.75736379623, 2.79358029366, 1.80623102188, 1.54084503651, 1.14057469368, 0.42737147212, 0.109226480126, 0.00604658899829, 0.000158538343385, 5.74586920266e-05],
        "median": [0.181559562683, 0.997027397156, 0.652302503586, 0.47235122323, 0.789203703403, 2.00329017639, 3.46111011505, 5.09988117218, 9.63371658325, 12.6430006027, 8.16751003265, 11.2809486389, 19.4870281219, 61.5374908447, 48.6169624329, 23.0662441254, 25.180185318, 34.1440238953, 44.8537025452, 38.5352935791, 28.7494468689, 21.1474437714, 28.0533809662, 33.4258995056, 20.2923908234, 9.5939912796, 8.10656929016, 6.13506698608, 2.75744056702, 2.51132631302, 2.38777542114, 1.60281288624, 0.880026102066, 0.540204465389, 0.338741660118, 0.151783287525, 0.0419867150486, 0.00254481728189, 8.44925743877e-05, 5.19612840435e-05],
        "min": [1.03529180251e-06, 2.07091798075e-05, 7.17013463145e-05, 0.0003753095516, 0.00281536532566, 0.0123860510066, 0.10713353008, 0.115463748574, 0.0760994330049, 0.193278446794, 0.126836404204, 0.718629777431, 0.55347943306, 1.22605037689, 1.70939135551, 1.19465255737, 1.06396138668, 1.00088107586, 0.767863452435, 1.39147794247, 1.10690402985, 0.705088555813, 0.526656448841, 0.342196315527, 0.287845402956, 0.25047031045, 0.323525846004, 0.108418419957, 0.0386882945895, 0.0665653347969, 0.0169214494526, 0.00220870110206, 0.000882020278368, 0.000993031775579, 0.0037313697394, 0.000297058257274, 3.15218785545e-05, 2.94474352813e-06, 3.98606152885e-06, 4.69249698654e-06],
        "var": [0.653974592686, 12.6795425415, 28.0391311646, 31.9933261871, 33.6792793274, 41.1021347046, 100.197387695, 167.448471069, 731.389648438, 665.21295166, 2295.72607422, 4061.44433594, 10658.828125, 92949.28125, 115221.25, 8260.59960938, 11676.7236328, 11175.7441406, 10438.4072266, 4438.05664062, 3174.42895508, 1600.01000977, 1215.38061523, 2606.61572266, 1400.06762695, 360.061706543, 360.589447021, 243.574249268, 79.6471176147, 23.6292858124, 16.534236908, 12.6285924911, 8.72016048431, 23.3128890991, 23.2368755341, 1.75951242447, 0.0822219401598, 0.000220396512304, 1.09249590707e-07, 1.3999894577e-09]
    },
    "gfcc": {
        "mean": [37.9723968506, 72.6606674194, -142.575927734, 24.0001335144, -52.6784439087, 24.9111633301, -33.3128929138, 21.8705387115, -23.6716709137, 10.7985696793, -9.80570697784, 9.58186435699, -4.44684267044],
        "cov": [[1256.24645996, -248.461730957, 344.901580811, 270.602325439, 119.073516846, 176.255126953, 138.925354004, 200.671478271, 76.0356369019, 115.714515686, -60.0765953064, 84.4810714722, -22.9883460999], [-248.461730957, 790.362731934, 167.048187256, 172.404495239, 94.631362915, 11.9599113464, 96.2664794922, -60.7650184631, 122.06552124, -61.1925201416, 21.7404975891, -98.8924713135, 28.5880699158], [344.901580811, 167.048187256, 755.233276367, 306.731689453, 143.467666626, 130.697601318, 62.5971984863, 174.897232056, 155.064727783, 148.209274292, -83.1544494629, 62.3415260315, 26.3549251556], [270.602325439, 172.404495239, 306.731689453, 382.587402344, 137.28465271, 86.1876907349, 76.5221099854, 98.7796859741, 126.525489807, 56.7855262756, 3.94736075401, -0.427516490221, 24.0457992554], [119.073516846, 94.631362915, 143.467666626, 137.28465271, 283.181091309, 114.925704956, 100.689369202, 109.959762573, 50.3422966003, 68.047203064, 36.5441131592, 23.6608810425, -9.17760276794], [176.255126953, 11.9599113464, 130.697601318, 86.1876907349, 114.925704956, 226.329238892, 136.73059082, 50.5325546265, 26.6469173431, 13.8121519089, 12.7452669144, 25.0591106415, 20.3914318085], [138.925354004, 96.2664794922, 62.5971984863, 76.5221099854, 100.689369202, 136.73059082, 218.047164917, 55.0725135803, 59.1027908325, 25.4936389923, 17.8524036407, 44.5496826172, 23.859254837], [200.671478271, -60.7650184631, 174.897232056, 98.7796859741, 109.959762573, 50.5325546265, 55.0725135803, 256.794006348, 112.769470215, 83.3474121094, 13.3432817459, 40.3822021484, 46.0596618652], [76.0356369019, 122.06552124, 155.064727783, 126.525489807, 50.3422966003, 26.6469173431, 59.1027908325, 112.769470215, 192.595565796, 78.2929077148, 13.6887550354, 45.3740310669, 28.109462738], [115.714515686, -61.1925201416, 148.209274292, 56.7855262756, 68.047203064, 13.8121519089, 25.4936389923, 83.3474121094, 78.2929077148, 175.40625, 30.3788070679, 48.006401062, -5.68645191193], [-60.0765953064, 21.7404975891, -83.1544494629, 3.94736075401, 36.5441131592, 12.7452669144, 17.8524036407, 13.3432817459, 13.6887550354, 30.3788070679, 135.273880005, 12.4804067612, -6.23089456558], [84.4810714722, -98.8924713135, 62.3415260315, -0.427516490221, 23.6608810425, 25.0591106415, 44.5496826172, 40.3822021484, 45.3740310669, 48.006401062, 12.4804067612, 135.470962524, 23.8910751343], [-22.9883460999, 28.5880699158, 26.3549251556, 24.0457992554, -9.17760276794, 20.3914318085, 23.859254837, 46.0596618652, 28.109462738, -5.68645191193, -6.23089456558, 23.8910751343, 98.9065246582]],
        "icov": [[0.00146173208486, 0.000370670022676, 3.223607564e-05, -0.00118997925892, 0.000609943293966, -0.000635737611447, -0.000546443974599, -0.000993892317638, 0.000652324990369, -0.000350001180777, 0.000833518279251, -0.00056954374304, 0.00128021684941], [0.000370670022676, 0.0046501737088, -0.00269416416995, 0.000865268986672, -0.00281321909279, 0.00336708268151, -0.00336599163711, 0.00430434430018, -0.00487352535129, 0.00381118198857, -0.00276046525687, 0.00511097582057, -0.00270242453553], [3.223607564e-05, -0.00269416416995, 0.00487571302801, -0.00272592785768, 0.00189382175449, -0.00376365939155, 0.00306912022643, -0.00347366649657, 0.0027128814254, -0.00423186225817, 0.00445751613006, -0.00405974453315, 0.00222584162839], [-0.00118997925892, 0.000865268986672, -0.00272592785768, 0.00666937092319, -0.00291665503755, 0.00171127764042, -0.00094299094053, 0.00271108490415, -0.00426001474261, 0.00233441940509, -0.00261484342627, 0.00367619586177, -0.00278805103153], [0.000609943293966, -0.00281321909279, 0.00189382175449, -0.00291665503755, 0.00864597782493, -0.00430833920836, 0.000708895502612, -0.00558667024598, 0.00498332409188, -0.00375629984774, 0.00141346012242, -0.00388858118095, 0.00467661535367], [-0.000635737611447, 0.00336708268151, -0.00376365939155, 0.00171127764042, -0.00430833920836, 0.0119186462834, -0.00708981370553, 0.00417234189808, -0.00286204204895, 0.00457372935489, -0.00396602181718, 0.00462069688365, -0.0039135441184], [-0.000546443974599, -0.00336599163711, 0.00306912022643, -0.00094299094053, 0.000708895502612, -0.00708981370553, 0.0113435601816, -0.00265594990924, 0.00138258305378, -0.00279464828782, 0.00247233407572, -0.00518419034779, 0.00113966199569], [-0.000993892317638, 0.00430434430018, -0.00347366649657, 0.00271108490415, -0.00558667024598, 0.00417234189808, -0.00265594990924, 0.0122244013473, -0.00817726552486, 0.00307658640668, -0.00381903885864, 0.00600741850212, -0.00683012790978], [0.000652324990369, -0.00487352535129, 0.0027128814254, -0.00426001474261, 0.00498332409188, -0.00286204204895, 0.00138258305378, -0.00817726552486, 0.0157482195646, -0.00647535780445, 0.00312687712722, -0.00747950281948, 0.00355577957816], [-0.000350001180777, 0.00381118198857, -0.00423186225817, 0.00233441940509, -0.00375629984774, 0.00457372935489, -0.00279464828782, 0.00307658640668, -0.00647535780445, 0.0130916340277, -0.00540215242654, 0.00299615925178, -0.00114398729056], [0.000833518279251, -0.00276046525687, 0.00445751613006, -0.00261484342627, 0.00141346012242, -0.00396602181718, 0.00247233407572, -0.00381903885864, 0.00312687712722, -0.00540215242654, 0.0125419283286, -0.00464993994683, 0.00328453839757], [-0.00056954374304, 0.00511097582057, -0.00405974453315, 0.00367619586177, -0.00388858118095, 0.00462069688365, -0.00518419034779, 0.00600741850212, -0.00747950281948, 0.00299615925178, -0.00464993994683, 0.0160429310054, -0.00615229038522], [0.00128021684941, -0.00270242453553, 0.00222584162839, -0.00278805103153, 0.00467661535367, -0.0039135441184, 0.00113966199569, -0.00683012790978, 0.00355577957816, -0.00114398729056, 0.00328453839757, -0.00615229038522, 0.0160372145474]]
    },
    "melbands": {
        "dmean": [0.0014451504685, 0.000821757130325, 0.000301956402836, 0.000188701145817, 0.000136167480377, 0.000131693886942, 0.000175420151209, 0.000128118990688, 0.000106008024886, 0.000107447973278, 0.000171515086549, 0.000385570689104, 0.000315127661452, 0.000102845435322, 6.60722434986e-05, 7.47537487769e-05, 8.1003534433e-05, 7.34528657631e-05, 5.30190118297e-05, 4.60365954496e-05, 2.56087478192e-05, 1.73034950421e-05, 2.06043332582e-05, 2.0497764126e-05, 2.03809886443e-05, 1.36035723699e-05, 7.20031721357e-06, 5.07144204676e-06, 4.40829535364e-06, 4.57720989289e-06, 2.98947725241e-06, 1.70496093688e-06, 1.22947426462e-06, 1.01227976756e-06, 1.04658090549e-06, 9.9805345144e-07, 8.25339668609e-07, 7.51714537728e-07, 7.39046640774e-07, 9.30480609895e-07],
        "dmean2": [0.00209024082869, 0.00130589737091, 0.000532261503395, 0.000328301015543, 0.000228400385822, 0.000221861089813, 0.000288046925562, 0.00021258162451, 0.000168060869328, 0.000162910902873, 0.000267204508418, 0.00057037663646, 0.000466790341306, 0.000152954205987, 0.000107088912046, 0.000118844676763, 0.000128080151626, 0.000115093513159, 8.56834158185e-05, 7.41755357012e-05, 4.12365698139e-05, 2.69477131951e-05, 3.26122717524e-05, 3.24465581798e-05, 3.18112215609e-05, 2.1528072466e-05, 1.10106611828e-05, 7.908212865e-06, 6.69127712172e-06, 7.08643256075e-06, 4.68778671348e-06, 2.62287926489e-06, 1.94175140678e-06, 1.60162176144e-06, 1.62372737122e-06, 1.47647403992e-06, 1.25539986584e-06, 1.10841347123e-06, 1.10225471417e-06, 1.34633205562e-06],
        "dvar": [1.31578799483e-05, 7.37944401408e-06, 1.26188899685e-06, 2.51264339113e-07, 8.94003449048e-08, 7.22924582419e-08, 7.90099221604e-08, 5.81853782933e-08, 7.15254699912e-08, 5.16261344785e-08, 1.42425179206e-07, 5.16852537658e-07, 3.90765421798e-07, 4.33555413792e-08, 1.54052059997e-08, 2.49042084732e-08, 2.48803093683e-08, 1.38687950013e-08, 9.50875733707e-09, 6.26559559791e-09, 2.95787105919e-09, 7.44171335665e-10, 9.68307545257e-10, 8.05647770719e-10, 9.66246638257e-10, 4.70384231566e-10, 1.3028071677e-10, 7.69083061125e-11, 6.57521745384e-11, 5.27405445705e-11, 3.54594340002e-11, 2.113747892e-11, 5.96976548056e-12, 3.02901388867e-12, 2.30838612114e-12, 2.50187565977e-12, 1.97110188414e-12, 2.29641761336e-12, 4.35932063017e-12, 1.31503601411e-11],
        "dvar2": [2.53254056588e-05, 1.78827285708e-05, 3.52130177816e-06, 7.01928740909e-07, 2.20887116598e-07, 1.85106173944e-07, 2.15709775375e-07, 1.46870164031e-07, 1.57852042548e-07, 9.57712629202e-08, 3.20787933106e-07, 1.07620030576e-06, 8.08054892332e-07, 7.70294050767e-08, 3.71293040757e-08, 5.65678135445e-08, 5.49474918898e-08, 2.89287758193e-08, 2.331369231e-08, 1.54934394203e-08, 6.80360567884e-09, 1.74527614583e-09, 2.34168107127e-09, 1.93890214994e-09, 2.19894058517e-09, 1.08459075054e-09, 2.84252982263e-10, 1.65295152565e-10, 1.34174726885e-10, 1.19112400498e-10, 7.90691748187e-11, 4.94740776125e-11, 1.45736148843e-11, 6.59650459256e-12, 5.03268086927e-12, 5.21948283205e-12, 4.51494180584e-12, 5.87126874896e-12, 9.48927308259e-12, 2.51285780378e-11],
        "max": [0.0425388179719, 0.0378647632897, 0.0162046439946, 0.00508568668738, 0.00549563486129, 0.00395725667477, 0.00375553942285, 0.00434396788478, 0.00431526871398, 0.0041148904711, 0.00500001572073, 0.0117517253384, 0.0102744344622, 0.00412339251488, 0.00193756306544, 0.00266508967616, 0.00203183921985, 0.0022987278644, 0.0014369583223, 0.00126499007456, 0.00133352610283, 0.000342229031958, 0.000407146435464, 0.000432089727838, 0.000369295798009, 0.000351747003151, 0.00019185974088, 0.000135165770189, 0.000142196033266, 0.000105354629341, 8.08370605228e-05, 7.16810682206e-05, 3.18755337503e-05, 2.54365295405e-05, 1.82895855687e-05, 1.88369776879e-05, 1.68298629433e-05, 1.92094848899e-05, 3.98723495891e-05, 9.87525490928e-05],
        "mean": [0.00423904322088, 0.00165740866214, 0.000304437213344, 0.000224375282414, 0.000195659828023, 0.000194888794795, 0.000288997514872, 0.000214391358895, 0.000193752319319, 0.0001722205634, 0.000276894075796, 0.000689549196977, 0.000635652046185, 0.00019227694429, 0.00011832506425, 0.000119110642117, 0.000130070155137, 0.000127393373987, 8.72646196513e-05, 7.62251147535e-05, 4.54438777524e-05, 3.352900967e-05, 3.87356121792e-05, 3.81798636226e-05, 4.02734076488e-05, 2.72664692602e-05, 1.46258644236e-05, 9.35489151743e-06, 8.9821023721e-06, 8.98557937035e-06, 5.95361098021e-06, 2.97438418784e-06, 2.25849271374e-06, 2.08714664041e-06, 2.20500237447e-06, 1.97579765882e-06, 1.59027058544e-06, 1.27229293412e-06, 1.11779456802e-06, 1.37592496685e-06],
        "median": [0.00204330962151, 0.000876660284121, 9.05235065147e-05, 0.000106058112578, 0.000127529609017, 0.00011403872486, 0.000149198604049, 0.000128757048515, 6.65098632453e-05, 6.44688552711e-05, 8.29935524962e-05, 0.000201490169275, 0.000160466632224, 5.92501783103e-05, 4.61401650682e-05, 4.94497908221e-05, 5.35179751751e-05, 6.37169869151e-05, 5.06734613737e-05, 4.83506992168e-05, 2.47960033448e-05, 1.751723903e-05, 2.35066690948e-05, 2.48588548857e-05, 2.51413275691e-05, 1.56110072567e-05, 8.38908272272e-06, 4.57934902443e-06, 3.72361478185e-06, 4.99752195537e-06, 2.6140933187e-06, 1.36413132168e-06, 1.29954048589e-06, 1.30162231926e-06, 1.39167241286e-06, 1.14765873604e-06, 8.30239116567e-07, 6.5515297365e-07, 3.94760576228e-07, 4.4881460326e-07],
        "min": [2.05114272234e-08, 2.87345258698e-08, 1.14341688118e-07, 3.24493811377e-07, 3.83833184969e-06, 1.31421893457e-06, 1.35783352562e-06, 2.26203746934e-06, 7.51142351874e-07, 1.57857709837e-06, 1.73588057351e-06, 4.55270128441e-06, 4.23734354627e-06, 2.49356457971e-06, 2.20790457206e-06, 8.96137521522e-07, 1.0881298067e-06, 9.20957177186e-07, 9.61139335232e-07, 1.45262424667e-06, 9.08860386062e-07, 6.0828159576e-07, 4.63039441456e-07, 3.86113015338e-07, 2.332979534e-07, 7.07251217591e-08, 9.82831522833e-08, 8.66175255965e-08, 1.2668733973e-07, 1.22502550326e-08, 1.38796565352e-08, 6.61313537265e-09, 2.29044498923e-08, 2.63575952175e-08, 3.81985154618e-09, 1.74108158446e-10, 6.48695723873e-12, 1.88543538421e-12, 2.89797656358e-12, 1.3625948243e-12],
