{
"highlevel": {
    "danceability": {
        "all": {
            "danceable": 0.394731581211,
            "not_danceable": 0.605268418789
        },
        "probability": 0.605268418789,
        "value": "not_danceable"
    },
    "gender": {
        "all": {
            "female": 0.103606075048,
            "male": 0.896393895149
        },
        "probability": 0.896393895149,
        "value": "male"
    },
    "genre_dortmund": {
        "all": {
            "alternative": 0.127956718206,
            "blues": 0.0181648768485,
            "electronic": 0.0164511185139,
            "folkcountry": 0.157006517053,
            "funksoulrnb": 0.0118177849799,
            "jazz": 0.00729322806001,
            "pop": 0.0574852228165,
            "raphiphop": 0.00187573267613,
            "rock": 0.601948797703
        },
        "probability": 0.601948797703,
        "value": "rock"
    },
    "genre_electronic": {
        "all": {
            "ambient": 0.551984131336,
            "dnb": 0.154149308801,
            "house": 0.0200509130955,
            "techno": 0.014178677462,
            "trance": 0.259636998177
        },
        "probability": 0.551984131336,
        "value": "ambient"
    },
    "genre_rosamerica": {
        "all": {
            "cla": 0.00322051532567,
            "dan": 0.00104034529068,
            "hip": 0.000865698035341,
            "jaz": 0.0040773791261,
            "pop": 0.0033002437558,
            "rhy": 0.00171588617377,
            "roc": 0.985677599907,
            "spe": 0.000102307720226
        },
        "probability": 0.985677599907,
        "value": "roc"
    },
    "genre_tzanetakis": {
        "all": {
            "blu": 0.0626541376114,
            "cla": 0.0348133966327,
            "cou": 0.0783501937985,
            "dis": 0.104547761381,
            "hip": 0.15693578124,
            "jaz": 0.313987255096,
            "met": 0.044816005975,
            "pop": 0.0627349764109,
            "reg": 0.0627352520823,
            "roc": 0.0784252434969
        },
        "probability": 0.313987255096,
        "value": "jaz"
    },
    "ismir04_rhythm": {
        "all": {
            "ChaChaCha": 0.0360902994871,
            "Jive": 0.208258241415,
            "Quickstep": 0.18179346621,
            "Rumba-American": 0.0175048839301,
            "Rumba-International": 0.034604087472,
            "Rumba-Misc": 0.0102084260434,
            "Samba": 0.174471750855,
            "Tango": 0.0314992144704,
            "VienneseWaltz": 0.261796027422,
            "Waltz": 0.043773625046
        },
        "probability": 0.261796027422,
        "value": "VienneseWaltz"
    },
    "mood_acoustic": {
        "all": {
            "acoustic": 0.0848793536425,
            "not_acoustic": 0.915120661259
        },
        "probability": 0.915120661259,
        "value": "not_acoustic"
    },
    "mood_aggressive": {
        "all": {
            "aggressive": 0.771097958088,
            "not_aggressive": 0.228902056813
        },
        "probability": 0.771097958088,
        "value": "aggressive"
    },
    "mood_electronic": {
        "all": {
            "electronic": 0.0727552846074,
            "not_electronic": 0.927244722843
        },
        "probability": 0.927244722843,
        "value": "not_electronic"
    },
    "mood_happy": {
        "all": {
            "happy": 0.767307043076,
            "not_happy": 0.232692956924
        },
        "probability": 0.767307043076,
        "value": "happy"
    },
    "mood_party": {
        "all": {
            "not_party": 0.618459582329,
            "party": 0.381540447474
        },
        "probability": 0.618459582329,
        "value": "not_party"
    },
    "mood_relaxed": {
        "all": {
            "not_relaxed": 0.988511323929,
            "relaxed": 0.0114886751398
        },
        "probability": 0.988511323929,
        "value": "not_relaxed"
    },
    "mood_sad": {
        "all": {
            "not_sad": 0.71041059494,
            "sad": 0.28958940506
        },
        "probability": 0.71041059494,
        "value": "not_sad"
    },
    "moods_mirex": {
        "all": {
            "Cluster1": 0.502992987633,
            "Cluster2": 0.0809131041169,
            "Cluster3": 0.25199586153,
            "Cluster4": 0.0491339415312,
            "Cluster5": 0.114964082837
        },
        "probability": 0.502992987633,
        "value": "Cluster1"
    },
    "timbre": {
        "all": {
            "bright": 0.889377057552,
            "dark": 0.110622957349
        },
        "probability": 0.889377057552,
        "value": "bright"
    },
    "tonal_atonal": {
        "all": {
            "atonal": 0.000199930334929,
            "tonal": 0.999800086021
        },
        "probability": 0.999800086021,
        "value": "tonal"
    },
    "voice_instrumental": {
        "all": {
            "instrumental": 0.000249192293268,
            "voice": 0.99975079298
        },
        "probability": 0.99975079298,
        "value": "voice"
    }
},
"lowlevel": {
    "average_loudness": 0.979019761086,
    "barkbands_crest": {
        "dmean": 2.60364031792,
        "dmean2": 4.36084699631,
        "dvar": 5.9705915451,
        "dvar2": 15.3640842438,
        "max": 19.1534023285,
        "mean": 7.89939498901,
        "median": 7.24535989761,
        "min": 2.78356814384,
        "var": 9.66946601868
    },
    "barkbands_flatness_db": {
        "dmean": 0.0155999315903,
        "dmean2": 0.0260657966137,
        "dvar": 0.000199746558792,
        "dvar2": 0.000542799185496,
        "max": 0.198929712176,
        "mean": 0.112612627447,
        "median": 0.111738123,
        "min": 0.0582147501409,
        "var": 0.000415461341618
    },
    "barkbands_kurtosis": {
        "dmean": 1.17947542667,
        "dmean2": 1.9555567503,
        "dvar": 2.25790119171,
        "dvar2": 6.1904706955,
        "max": 13.5681209564,
        "mean": 0.749553382397,
        "median": 0.320819854736,
        "min": -1.47035312653,
        "var": 3.14024615288
    },
    "barkbands_skewness": {
        "dmean": 0.388035386801,
        "dmean2": 0.615351855755,
        "dvar": 0.147338420153,
        "dvar2": 0.380822956562,
        "max": 3.68858790398,
        "mean": 0.945228874683,
        "median": 0.90089994669,
        "min": -0.588786184788,
        "var": 0.403455942869
    },
    "barkbands_spread": {
        "dmean": 5.31059646606,
        "dmean2": 8.69134807587,
        "dvar": 28.0105762482,
        "dvar2": 65.9091262817,
        "max": 70.7329025269,
        "mean": 26.1003093719,
        "median": 24.9783000946,
        "min": 7.51837587357,
        "var": 77.7848815918
    },
    "dissonance": {
        "dmean": 0.0155562097207,
        "dmean2": 0.0263819769025,
        "dvar": 0.000179661074071,
        "dvar2": 0.000531528785359,
        "max": 0.500000059605,
        "mean": 0.474061608315,
        "median": 0.477119445801,
        "min": 0.398353904486,
        "var": 0.000281166983768
    },
    "dynamic_complexity": 1.30400216579,
    "erbbands_crest": {
        "dmean": 2.59138965607,
        "dmean2": 4.3436050415,
        "dvar": 7.13047933578,
        "dvar2": 18.6247425079,
        "max": 24.2329807281,
        "mean": 7.94286298752,
        "median": 6.98736906052,
        "min": 2.62641692162,
        "var": 13.5290307999
    },
    "erbbands_flatness_db": {
        "dmean": 0.0153720574453,
        "dmean2": 0.0238406937569,
        "dvar": 0.000221605456318,
        "dvar2": 0.000479104026454,
        "max": 0.230895116925,
        "mean": 0.147158116102,
        "median": 0.147157236934,
        "min": 0.0697140470147,
        "var": 0.00076072110096
    },
    "erbbands_kurtosis": {
        "dmean": 0.570798397064,
        "dmean2": 0.940295338631,
        "dvar": 0.400808990002,
        "dvar2": 1.01446259022,
        "max": 6.36874771118,
        "mean": -0.0627608448267,
        "median": -0.348480463028,
        "min": -1.45978653431,
        "var": 1.01209747791
    },
    "erbbands_skewness": {
        "dmean": 0.31390184164,
        "dmean2": 0.506621599197,
        "dvar": 0.0748626366258,
        "dvar2": 0.194789022207,
        "max": 2.06997942924,
        "mean": 0.177341118455,
        "median": 0.143103316426,
        "min": -1.23675358295,
        "var": 0.227657094598
    },
    "erbbands_spread": {
        "dmean": 6.94296646118,
        "dmean2": 11.0158395767,
        "dvar": 45.2522087097,
        "dvar2": 108.134025574,
        "max": 88.8251342773,
        "mean": 36.3885116577,
        "median": 33.8763809204,
        "min": 9.07727432251,
        "var": 196.953552246
    },
    "hfc": {
        "dmean": 6.30712652206,
        "dmean2": 9.50473880768,
        "dvar": 38.6839523315,
        "dvar2": 85.2464447021,
        "max": 81.9501495361,
        "mean": 31.3665447235,
        "median": 30.6132831573,
        "min": 5.43502807617,
        "var": 155.720443726
    },
    "melbands_crest": {
        "dmean": 3.45683312416,
        "dmean2": 5.81113815308,
        "dvar": 11.6985445023,
        "dvar2": 28.8924617767,
        "max": 28.5157527924,
        "mean": 12.1462869644,
        "median": 11.1868505478,
        "min": 3.95182871819,
        "var": 21.3578834534
    },
    "melbands_flatness_db": {
        "dmean": 0.0208989661187,
        "dmean2": 0.0342131964862,
        "dvar": 0.000393828959204,
        "dvar2": 0.00100394734181,
        "max": 0.250641584396,
        "mean": 0.150912821293,
        "median": 0.149054557085,
        "min": 0.0721602588892,
        "var": 0.000864475325216
    },
    "melbands_kurtosis": {
        "dmean": 3.30298876762,
        "dmean2": 5.39499187469,
        "dvar": 25.0300350189,
        "dvar2": 69.1747894287,
        "max": 60.6342773438,
        "mean": 5.4067902565,
        "median": 3.68475818634,
        "min": -1.21634924412,
        "var": 38.3021011353
    },
    "melbands_skewness": {
        "dmean": 0.566407203674,
        "dmean2": 0.91248947382,
        "dvar": 0.359355002642,
        "dvar2": 0.931550323963,
        "max": 7.03450489044,
        "mean": 1.86456978321,
        "median": 1.73177230358,
        "min": -0.405742824078,
        "var": 1.04340624809
    },
    "melbands_spread": {
        "dmean": 6.89626455307,
        "dmean2": 11.1432771683,
        "dvar": 37.9325561523,
        "dvar2": 93.841583252,
        "max": 62.4959945679,
        "mean": 29.5000305176,
        "median": 28.4609394073,
        "min": 7.21847486496,
        "var": 104.108551025
    },
    "pitch_salience": {
        "dmean": 0.0648093670607,
        "dmean2": 0.10853292048,
        "dvar": 0.00351791339926,
        "dvar2": 0.00977422297001,
        "max": 0.812035501003,
        "mean": 0.573973596096,
        "median": 0.577909648418,
        "min": 0.307495087385,
        "var": 0.00626698555425
    },
    "silence_rate_20dB": {
        "dmean": 0,
        "dmean2": 0,
        "dvar": 0,
        "dvar2": 0,
        "max": 1,
        "mean": 1,
        "median": 1,
        "min": 1,
        "var": 0
    },
    "silence_rate_30dB": {
        "dmean": 0,
        "dmean2": 0,
        "dvar": 0,
        "dvar2": 0,
        "max": 1,
        "mean": 1,
        "median": 1,
        "min": 1,
        "var": 0
    },
    "silence_rate_60dB": {
        "dmean": 0,
        "dmean2": 0,
        "dvar": 0,
        "dvar2": 0,
        "max": 0,
        "mean": 0,
        "median": 0,
        "min": 0,
        "var": 0
    },
    "spectral_centroid": {
        "dmean": 232.919067383,
        "dmean2": 383.236846924,
        "dvar": 40642.2421875,
        "dvar2": 102357.320312,
        "max": 2406.61547852,
        "mean": 1514.4753418,
        "median": 1506.78320312,
        "min": 568.335266113,
        "var": 104633
    },
    "spectral_complexity": {
        "dmean": 3.48993802071,
        "dmean2": 5.74980640411,
        "dvar": 7.77775430679,
        "dvar2": 19.250289917,
        "max": 45,
        "mean": 29.184841156,
        "median": 29,
        "min": 12,
        "var": 24.7136993408
    },
    "spectral_decrease": {
        "dmean": 2.58196841685e-09,
        "dmean2": 4.12242906478e-09,
        "dvar": 8.05485484883e-18,
        "dvar2": 1.88649953785e-17,
        "max": -1.61422430978e-09,
        "mean": -8.55846504777e-09,
        "median": -7.83124143311e-09,
        "min": -2.41183464311e-08,
        "var": 1.42177044457e-17
    },
    "spectral_energy": {
        "dmean": 0.0101144360378,
        "dmean2": 0.0160932112485,
        "dvar": 0.000120795441035,
        "dvar2": 0.000280005100649,
        "max": 0.0946411713958,
        "mean": 0.0351466834545,
        "median": 0.0325097888708,
        "min": 0.00668943347409,
        "var": 0.0002237810113
    },
    "spectral_energyband_high": {
        "dmean": 0.000302400818327,
        "dmean2": 0.00047048254055,
        "dvar": 1.75735905827e-07,
        "dvar2": 4.21279224838e-07,
        "max": 0.00513047212735,
        "mean": 0.000990993576124,
        "median": 0.000834546459373,
        "min": 7.87096942076e-05,
        "var": 5.30778606844e-07
    },
    "spectral_energyband_low": {
        "dmean": 0.00471127824858,
        "dmean2": 0.00775488791987,
        "dvar": 5.71233176743e-05,
        "dvar2": 0.000144745048601,
        "max": 0.0656382516026,
        "mean": 0.00898194219917,
        "median": 0.00648703426123,
        "min": 6.64359977236e-05,
        "var": 5.95347664785e-05
    },
    "spectral_energyband_middle_high": {
        "dmean": 0.00288404896855,
        "dmean2": 0.0044036116451,
        "dvar": 1.16351129691e-05,
        "dvar2": 2.68767289526e-05,
        "max": 0.0394315011799,
        "mean": 0.0104158837348,
        "median": 0.00832140352577,
        "min": 0.00144451693632,
        "var": 4.44277648057e-05
    },
    "spectral_energyband_middle_low": {
        "dmean": 0.00775959016755,
        "dmean2": 0.0124721676111,
        "dvar": 9.11706083571e-05,
        "dvar2": 0.000220069632633,
        "max": 0.0812546163797,
        "mean": 0.0175906848162,
        "median": 0.0139540573582,
        "min": 0.0016076748725,
        "var": 0.000140216608997
    },
    "spectral_entropy": {
        "dmean": 0.103501833975,
        "dmean2": 0.16179639101,
        "dvar": 0.00948962848634,
        "dvar2": 0.0231893919408,
        "max": 8.44194126129,
        "mean": 7.77432441711,
        "median": 7.76733732224,
        "min": 7.16826820374,
        "var": 0.0308379027992
    },
    "spectral_flux": {
        "dmean": 0.0278066135943,
        "dmean2": 0.0426198504865,
        "dvar": 0.000773341220338,
        "dvar2": 0.001711465884,
        "max": 0.30011048913,
        "mean": 0.106066994369,
        "median": 0.0960367098451,
        "min": 0.0310545042157,
        "var": 0.00177612423431
    },
    "spectral_kurtosis": {
        "dmean": 1.06219422817,
        "dmean2": 1.81152117252,
        "dvar": 1.05471348763,
        "dvar2": 2.94641304016,
        "max": 12.2999258041,
        "mean": 3.74808239937,
        "median": 3.59437799454,
        "min": -0.177446126938,
        "var": 2.88886022568
    },
    "spectral_rms": {
        "dmean": 0.000808707787655,
        "dmean2": 0.00127284112386,
        "dvar": 6.51389655104e-07,
        "dvar2": 1.45845626776e-06,
        "max": 0.00960899796337,
        "mean": 0.00572969624773,
        "median": 0.00563177280128,
        "min": 0.00255465786904,
        "var": 1.45997091749e-06
    },
    "spectral_rolloff": {
        "dmean": 471.797637939,
        "dmean2": 804.703063965,
        "dvar": 442384.9375,
        "dvar2": 1075031.5,
        "max": 8807.08007812,
        "mean": 1690.86425781,
        "median": 1636.5234375,
        "min": 172.265625,
        "var": 798935.6875
    },
    "spectral_skewness": {
        "dmean": 0.156828925014,
        "dmean2": 0.262307852507,
        "dvar": 0.0192483887076,
        "dvar2": 0.0514418333769,
        "max": 2.89618229866,
        "mean": 1.43599617481,
        "median": 1.43106615543,
        "min": 0.711173295975,
        "var": 0.0692607834935
    },
    "spectral_spread": {
        "dmean": 429212.84375,
        "dmean2": 635314.4375,
        "dvar": 323772153856,
        "dvar2": 677296013312,
        "max": 9511700,
        "mean": 4389249.5,
        "median": 4176685,
        "min": 2521157,
        "var": 1.04952306074e+12
    },
    "spectral_strongpeak": {
        "dmean": 0.848363280296,
        "dmean2": 1.43072545528,
        "dvar": 1.17198419571,
        "dvar2": 2.87988495827,
        "max": 8.46199321747,
        "mean": 1.29410898685,
        "median": 0.620350718498,
        "min": 0.0393686592579,
        "var": 2.14139175415
    },
    "zerocrossingrate": {
        "dmean": 0.00852715969086,
        "dmean2": 0.0109048215672,
        "dvar": 6.99289812474e-05,
        "dvar2": 9.39035380725e-05,
        "max": 0.17822265625,
        "mean": 0.0664232447743,
        "median": 0.0634765625,
        "min": 0.02587890625,
        "var": 0.000382805999834
    },
    "barkbands": {
        "dmean": [4.3584863306e-05, 0.00224614865147, 0.0017418495845, 0.0033963364549, 0.0020690402016, 0.00101838237606, 0.00105992588215, 0.00215867790394, 0.00222316733561, 0.000978898489848, 0.000970012799371, 0.000766831275541, 0.000473979307571, 0.000750088773202, 0.000623892585281, 0.000544595881365, 0.000381978752557, 0.000217202832573, 0.000232642734773, 0.000159231945872, 7.81389171607e-05, 8.07036703918e-05, 6.37116463622e-05, 6.86980929459e-05, 4.7937315685e-05, 1.74615979631e-05, 2.12491979568e-08],
        "dmean2": [7.2711998655e-05, 0.00371241709217, 0.00315297511406, 0.0057031987235, 0.0035809930414, 0.0016184427077, 0.00172068481334, 0.00355904898606, 0.00358465267345, 0.00155641196761, 0.00154353259131, 0.00121744011994, 0.000779157096986, 0.00122833182104, 0.00101922848262, 0.000908027403057, 0.0006498581497, 0.000359360536095, 0.000392062676838, 0.000258550659055, 0.000132729255711, 0.000133058783831, 0.000100822500826, 0.000103827514977, 7.27550941519e-05, 2.7751450034e-05, 3.51092630524e-08],
        "dvar": [6.92259272128e-09, 2.44156126428e-05, 1.13374881039e-05, 4.38243587269e-05, 1.05079534478e-05, 5.72813996769e-06, 5.11267990078e-06, 2.12698232644e-05, 2.04644402402e-05, 4.91364517075e-06, 3.29203385263e-06, 3.8471116568e-06, 6.87474937422e-07, 1.79795176791e-06, 1.94640961126e-06, 5.62214552247e-07, 2.11520060134e-07, 6.68197515097e-08, 5.9637592642e-08, 2.99006472915e-08, 1.16649090387e-08, 1.37180791171e-08, 8.88913920249e-09, 1.79881549656e-08, 1.45425529396e-08, 1.08136466448e-09, 1.05248680254e-14],
        "dvar2": [1.77980581384e-08, 5.99274499109e-05, 3.37800884154e-05, 0.000112131536298, 2.94273268082e-05, 1.26414161059e-05, 1.24987273011e-05, 5.04273193656e-05, 5.0803177146e-05, 1.20459408208e-05, 7.15191163181e-06, 8.72661803442e-06, 1.7727386421e-06, 4.8533752306e-06, 5.21479523741e-06, 1.30121577513e-06, 5.8661254343e-07, 1.82491532996e-07, 1.63870723213e-07, 7.32595992758e-08, 3.26535243289e-08, 3.84512901519e-08, 2.1535749184e-08, 3.47854722804e-08, 3.26321583088e-08, 2.86218360124e-09, 1.45268115571e-14],
        "max": [0.000778332527261, 0.0405327416956, 0.0340322926641, 0.0591634064913, 0.0326478518546, 0.0359532348812, 0.0324279852211, 0.0550232306123, 0.050129044801, 0.037261415273, 0.0298286825418, 0.0322751775384, 0.01080099307, 0.0212847515941, 0.0184996966273, 0.0125931259245, 0.00608126446605, 0.00408857222646, 0.00273084291257, 0.00209482805803, 0.001717222156, 0.0017342508072, 0.00130272051319, 0.00211847457103, 0.00190686085261, 0.000457125046523, 3.26906047121e-06],
        "mean": [4.84662414237e-05, 0.00349225802347, 0.00295667280443, 0.0045549669303, 0.00321129034273, 0.00156061258167, 0.00157777150162, 0.0028544976376, 0.00317228329368, 0.00162448571064, 0.00160396145657, 0.00130329164676, 0.000828933552839, 0.00119755871128, 0.00114909978583, 0.00101129652467, 0.000776598753873, 0.000461262185127, 0.000539117143489, 0.000385445833672, 0.00019328900089, 0.000207814955502, 0.00016074955056, 0.000153621891513, 9.28955123527e-05, 2.84185880446e-05, 1.68698903735e-08],
        "median": [1.06792876977e-05, 0.00201954436488, 0.00204623676836, 0.00197553937323, 0.00206865184009, 0.000807938340586, 0.000901397550479, 0.00142369361129, 0.00124876771588, 0.000796480686404, 0.000756346969865, 0.000435057125287, 0.000352750153979, 0.000593731296249, 0.000444142206106, 0.00071771646617, 0.000590656127315, 0.000356044096407, 0.000453596934676, 0.000317039637594, 0.000165435616509, 0.000163661679835, 0.000110926273919, 9.76955780061e-05, 4.72457322758e-05, 1.60283780133e-05, 1.73801717462e-09],
        "min": [2.45551241562e-08, 4.09964559367e-06, 1.22835499496e-05, 9.54172173806e-06, 5.99054110353e-05, 3.97059848183e-05, 2.19620451389e-05, 3.69496447092e-05, 4.79401824123e-05, 4.98871377204e-05, 1.70399362105e-05, 2.48759406531e-05, 5.18187744092e-06, 2.61000441242e-05, 2.63716137852e-05, 4.84051852254e-05, 6.18077683612e-05, 8.05494164524e-06, 7.47507147025e-05, 4.939763312e-05, 5.94709990764e-06, 2.609963758e-06, 8.67236224167e-07, 1.3824603684e-06, 4.63682312102e-07, 1.9382433436e-09, 6.07063834965e-12],
        "var": [9.0043865697e-09, 2.43445247179e-05, 9.76819592324e-06, 5.38718522876e-05, 1.16844703371e-05, 8.45283830131e-06, 6.13788733972e-06, 2.41805373662e-05, 2.93620523735e-05, 7.10741142029e-06, 8.03277725936e-06, 7.46482191971e-06, 1.56811313445e-06, 3.08373478219e-06, 3.63845583706e-06, 9.86802319858e-07, 3.96037393102e-07, 1.514450787e-07, 1.16113881177e-07, 6.35142569649e-08, 2.15992379538e-08, 2.9236321808e-08, 2.57772487799e-08, 5.26373789e-08, 3.35374892302e-08, 1.60006707883e-09, 1.03340823244e-14]
    },
    "erbbands": {
        "dmean": [0.0573057457805, 0.550113737583, 1.68644535542, 6.99625635147, 9.20411682129, 6.49356460571, 8.18196678162, 8.65802764893, 12.368396759, 25.3306770325, 55.2374649048, 48.3773765564, 32.088306427, 25.8792362213, 36.7431869507, 26.8822994232, 21.7210502625, 28.7476940155, 33.3291473389, 31.2819633484, 21.3538455963, 20.6824684143, 9.47976112366, 15.1040382385, 9.79088783264, 6.79859209061, 3.47119641304, 3.12759232521, 2.99167156219, 2.53718972206, 1.73970222473, 1.36362409592, 1.27898204327, 0.693778395653, 0.290173262358, 0.0978209078312, 0.0297490116209, 0.00261931121349, 5.04382114741e-05, 1.24280904856e-05],
        "dmean2": [0.0981546491385, 0.905129253864, 3.00770616531, 11.7170619965, 15.7508716583, 11.2503051758, 13.5103540421, 13.6973457336, 20.2379417419, 41.9988479614, 91.065032959, 77.842628479, 51.7759246826, 40.4423599243, 59.2048912048, 43.624584198, 35.752456665, 47.210609436, 54.2442817688, 49.5664710999, 35.7096366882, 34.6570320129, 15.3734731674, 25.7467803955, 16.3306064606, 11.0749483109, 5.9286866188, 5.19186449051, 4.98414564133, 4.10816907883, 2.74793577194, 2.09539794922, 1.97346758842, 1.07114481926, 0.451221436262, 0.155692249537, 0.0469695739448, 0.00441450066864, 8.15075545688e-05, 1.95547781914e-05],
        "dvar": [0.0199723690748, 1.38337683678, 11.5246353149, 140.866790771, 364.005615234, 97.6227416992, 198.894256592, 686.965393066, 498.192932129, 3095.64038086, 16616.2441406, 9785.26855469, 5972.02783203, 3141.82666016, 3793.09912109, 4525.42675781, 1335.34863281, 2134.38256836, 5142.41162109, 3515.74267578, 699.14666748, 720.349182129, 138.440261841, 308.862915039, 154.192459106, 57.602355957, 25.6992702484, 15.2356462479, 14.5652894974, 20.9125213623, 5.74591970444, 4.94558000565, 8.11151981354, 3.51876401901, 0.436933428049, 0.0322047062218, 0.00367407826707, 4.82264113089e-05, 1.39589273473e-08, 1.65644178929e-10],
        "dvar2": [0.0540513694286, 3.36672711372, 33.6726417542, 368.842559814, 995.202636719, 271.541931152, 486.975219727, 1620.57446289, 1254.7635498, 7541.33056641, 40178.34375, 23819.5527344, 14899.078125, 6623.36181641, 9337.46875, 10666.3388672, 3438.57592773, 5565.41845703, 14727.8652344, 8112.97998047, 1622.40429688, 1959.90686035, 341.779388428, 895.426391602, 350.739227295, 140.62387085, 74.849609375, 40.9030342102, 39.0553359985, 58.6499214172, 13.4980134964, 10.5300016403, 16.653963089, 8.11051464081, 1.00841140747, 0.0833144113421, 0.00983913987875, 0.000132135610329, 3.80000386713e-08, 3.71874503413e-10],
        "max": [1.03047883511, 9.481133461, 34.453994751, 103.220054626, 174.48828125, 136.735153198, 188.549575806, 398.081634521, 252.18788147, 766.159545898, 1492.40283203, 1086.35998535, 1582.96337891, 1102.9095459, 942.399658203, 988.203186035, 488.205810547, 576.806518555, 933.197509766, 1148.82849121, 474.440734863, 411.326568604, 213.50479126, 195.014297485, 202.385025024, 92.0716094971, 94.1535873413, 50.2241630554, 40.0644340515, 83.9638442993, 33.349609375, 32.6279678345, 52.3275527954, 34.1622695923, 8.6550245285, 2.1588177681, 0.947015345097, 0.103482268751, 0.00167680624872, 0.000119695359899],
        "mean": [0.0619949959219, 0.929849028587, 3.27759981155, 10.3596735001, 11.5364427567, 10.2411460876, 13.8786067963, 12.8030166626, 19.7624855042, 38.6098022461, 73.5401992798, 70.5545730591, 55.3475608826, 49.2950706482, 61.8222465515, 49.5972251892, 42.4005126953, 48.5315666199, 63.3062171936, 64.1211929321, 48.8894729614, 44.1049156189, 23.6953697205, 32.4290962219, 25.0454940796, 17.2880744934, 8.61170101166, 7.70593452454, 7.57483291626, 6.21050882339, 4.30463552475, 3.20486354828, 2.55115628242, 1.29642415047, 0.536000669003, 0.167845398188, 0.0452908463776, 0.00326315267012, 9.15959753911e-05, 4.77238136227e-05],
        "median": [0.0259603019804, 0.621202707291, 2.48000693321, 5.39918851852, 6.24312734604, 6.51018619537, 8.48572731018, 6.55842351913, 11.1169586182, 22.882818222, 31.3468017578, 30.4683227539, 28.5206222534, 23.4095802307, 32.7505760193, 19.476770401, 20.2306213379, 26.5800266266, 28.3334007263, 38.0852470398, 39.1573677063, 33.4734687805, 18.3751583099, 25.769241333, 21.14103508, 14.3441467285, 7.45881223679, 6.46503973007, 6.11947822571, 4.2939286232, 2.98914074898, 2.17576408386, 1.45736825466, 0.648312807083, 0.2743884027, 0.0980119258165, 0.0252161752433, 0.00130001420621, 5.58655847271e-05, 4.47153761343e-05],
        "min": [0.000317672500387, 0.00507063651457, 0.0242283940315, 0.0660552531481, 0.233409553766, 0.319941192865, 0.135027557611, 0.509722948074, 0.299549818039, 0.772020637989, 1.67437124252, 1.54668164253, 3.08762097359, 2.71278309822, 0.979743480682, 1.56867349148, 0.928993821144, 1.42106020451, 2.95317530632, 2.17440342903, 3.04018855095, 4.29752540588, 2.33295488358, 2.98605179787, 2.19992613792, 2.1033270359, 0.974918663502, 0.227647274733, 0.108142025769, 0.0606269426644, 0.0309650562704, 0.0185724887997, 0.0195139851421, 0.0067430944182, 0.0037885827478, 0.000467870209832, 4.233141226e-05, 2.8587730867e-06, 7.19655963621e-06, 8.64016601554e-06],
        "var": [0.0165582578629, 1.39566016197, 9.89198970795, 188.393768311, 330.488800049, 128.218078613, 315.103729248, 829.198486328, 736.325866699, 3571.55419922, 17964.5527344, 13420.5400391, 7992.43408203, 8499.32128906, 7844.93798828, 8402.96679688, 3457.91381836, 3983.74755859, 7331.30322266, 8994.37402344, 1510.62854004, 1300.48583984, 373.544769287, 552.37512207, 308.243927002, 123.228042603, 33.4574165344, 34.5979385376, 36.5186195374, 37.4426727295, 18.1980819702, 13.5015802383, 21.7212810516, 7.69835090637, 0.931918084621, 0.054176107049, 0.00486671179533, 5.3982152167e-05, 1.7092629534e-08, 3.42134487408e-10]
    },
    "gfcc": {
        "mean": [54.3951072693, 89.0401916504, -133.321517944, 34.6251029968, -62.3231658936, 18.571811676, -42.1967048645, 16.6643428802, -25.1494579315, -0.544601500034, -22.8948192596, -6.31907749176, -14.3689928055],
        "cov": [[449.291931152, -191.01512146, 16.9747371674, -24.7323970795, -59.8634262085, 94.6108551025, -24.5364685059, -24.3810462952, -0.546893894672, -3.41929793358, -35.2100868225, -3.04837465286, -46.2255973816], [-191.01512146, 320.600982666, -78.6081619263, 25.5390892029, 75.8747711182, -39.0390701294, 98.9795761108, -2.94566822052, 28.3504676819, -7.3207526207, 50.2528152466, -19.1342658997, 19.1727485657], [16.9747371674, -78.6081619263, 282.810699463, 56.1308708191, 20.2729969025, -7.34578227997, -65.727973938, 34.9651031494, -26.9852371216, 22.1272735596, -24.7129592896, 36.7414398193, -3.73029327393], [-24.7323970795, 25.5390892029, 56.1308708191, 187.670425415, -14.5966520309, 18.2076034546, -22.1390666962, -35.7893028259, 29.9230899811, -36.399887085, 1.35250627995, -17.051820755, 19.2319488525], [-59.8634262085, 75.8747711182, 20.2729969025, -14.5966520309, 155.546539307, -5.06180095673, 38.3639373779, 65.6224517822, 9.15753078461, 47.2711982727, 2.21387672424, 6.96492671967, 6.78008508682], [94.6108551025, -39.0390701294, -7.34578227997, 18.2076034546, -5.06180095673, 114.574607849, 41.4721565247, -10.2148590088, -8.45083141327, -18.6432189941, 14.309928894, 0.575141489506, -7.05785894394], [-24.5364685059, 98.9795761108, -65.727973938, -22.1390666962, 38.3639373779, 41.4721565247, 141.248275757, 33.0435791016, 2.96090197563, 0.331585854292, 28.8504676819, 7.70320892334, -14.5068149567], [-24.3810462952, -2.94566822052, 34.9651031494, -35.7893028259, 65.6224517822, -10.2148590088, 33.0435791016, 123.124794006, 36.240562439, 46.4942016602, 3.57281327248, 8.71278476715, 7.40500736237], [-0.546893894672, 28.3504676819, -26.9852371216, 29.9230899811, 9.15753078461, -8.45083141327, 2.96090197563, 36.240562439, 77.4717102051, 24.4388427734, 8.42638492584, -19.7949886322, 8.39675045013], [-3.41929793358, -7.3207526207, 22.1272735596, -36.399887085, 47.2711982727, -18.6432189941, 0.331585854292, 46.4942016602, 24.4388427734, 75.8516540527, 17.7389545441, 13.6956634521, -0.291398197412], [-35.2100868225, 50.2528152466, -24.7129592896, 1.35250627995, 2.21387672424, 14.309928894, 28.8504676819, 3.57281327248, 8.42638492584, 17.7389545441, 65.9799118042, 18.9182720184, 6.92096424103], [-3.04837465286, -19.1342658997, 36.7414398193, -17.051820755, 6.96492671967, 0.575141489506, 7.70320892334, 8.71278476715, -19.7949886322, 13.6956634521, 18.9182720184, 66.4336929321, 17.6579627991], [-46.2255973816, 19.1727485657, -3.73029327393, 19.2319488525, 6.78008508682, -7.05785894394, -14.5068149567, 7.40500736237, 8.39675045013, -0.291398197412, 6.92096424103, 17.6579627991, 61.6450271606]],
        "icov": [[0.00419519795105, 0.00140309834387, -0.00011711614934, 0.00102681200951, 0.000524918083102, -0.00356217194349, 0.000298892904539, 0.00147366127931, -0.00265902536921, -0.000704948732164, 0.00229373783804, -0.00122885755263, 0.00226310244761], [0.00140309834387, 0.0128776542842, -0.00366516388021, 0.00302512501366, -0.00820905808359, 0.00891580805182, -0.0114300930873, 0.00995573867112, -0.00851632282138, 0.00890485104173, -0.0105558950454, 0.00757079664618, -0.00586207350716], [-0.00011711614934, -0.00366516388021, 0.00940708164126, -0.00662167184055, 0.00315361004323, -0.0037888425868, 0.00776597112417, -0.00895817764103, 0.00931044202298, -0.00687898090109, 0.0062874215655, -0.00713938707486, 0.00584862055257], [0.00102681200951, 0.00302512501366, -0.00662167184055, 0.0130148418248, -0.00429989071563, 0.000687321240548, -0.00362360477448, 0.00938421208411, -0.0131540335715, 0.0102971782908, -0.00524248555303, 0.00429851794615, -0.00486263539642], [0.000524918083102, -0.00820905808359, 0.00315361004323, -0.00429989071563, 0.0165348965675, -0.00704792235047, 0.00487663783133, -0.0106867160648, 0.00987854041159, -0.0142052108422, 0.0106089524925, -0.00391883822158, 0.00280363229103], [-0.00356217194349, 0.00891580805182, -0.0037888425868, 0.000687321240548, -0.00704792235047, 0.0220681335777, -0.0131968772039, 0.00727881258354, -0.00345639255829, 0.0102402865887, -0.0132558494806, 0.00827538874, -0.00692899199203], [0.000298892904539, -0.0114300930873, 0.00776597112417, -0.00362360477448, 0.00487663783133, -0.0131968772039, 0.0244499798864, -0.0145878111944, 0.00872513279319, -0.00484689557925, 0.00682864850387, -0.0113902073354, 0.0121229812503], [0.00147366127931, 0.00995573867112, -0.00895817764103, 0.00938421208411, -0.0106867160648, 0.00727881258354, -0.0145878111944, 0.0277053620666, -0.0193190611899, 0.00628115190193, -0.00689867557958, 0.00663318391889, -0.00867771729827], [-0.00265902536921, -0.00851632282138, 0.00931044202298, -0.0131540335715, 0.00987854041159, -0.00345639255829, 0.00872513279319, -0.0193190611899, 0.0371994003654, -0.0189570914954, 0.00599485309795, 0.00223767920397, 0.0017430940643], [-0.000704948732164, 0.00890485104173, -0.00687898090109, 0.0102971782908, -0.0142052108422, 0.0102402865887, -0.00484689557925, 0.00628115190193, -0.0189570914954, 0.0384681597352, -0.0182777103037, 0.00225422275253, -0.00191692041699], [0.00229373783804, -0.0105558950454, 0.0062874215655, -0.00524248555303, 0.0106089524925, -0.0132558494806, 0.00682864850387, -0.00689867557958, 0.00599485309795, -0.0182777103037, 0.0344598405063, -0.0145394429564, 0.0061631812714], [-0.00122885755263, 0.00757079664618, -0.00713938707486, 0.00429851794615, -0.00391883822158, 0.00827538874, -0.0113902073354, 0.00663318391889, 0.00223767920397, 0.00225422275253, -0.0145394429564, 0.0312873013318, -0.0147718610242], [0.00226310244761, -0.00586207350716, 0.00584862055257, -0.00486263539642, 0.00280363229103, -0.00692899199203, 0.0121229812503, -0.00867771729827, 0.0017430940643, -0.00191692041699, 0.0061631812714, -0.0147718610242, 0.0276996064931]]
    },
    "melbands": {
        "dmean": [0.00057655229466, 0.000790170393884, 0.00129166804254, 0.000509403005708, 0.000279466767097, 0.000194560445379, 0.000195500484551, 0.000313432741677, 0.000493310100865, 0.000286159774987, 0.000163067525136, 0.00010797115101, 0.000118128940812, 8.44219030114e-05, 8.49405114423e-05, 3.75825875381e-05, 6.47009146633e-05, 6.14505188423e-05, 4.95227868669e-05, 5.00440291944e-05, 2.33499431488e-05, 2.67592022283e-05, 1.15769653348e-05, 8.8312999651e-06, 1.3906541426e-05, 7.67518031353e-06, 8.17632189865e-06, 4.54912742498e-06, 2.50359335041e-06, 2.1572661808e-06, 1.92557922674e-06, 1.84577197615e-06, 1.82787800895e-06, 1.44535113122e-06, 1.11252620627e-06, 1.00864338037e-06, 8.84585404037e-07, 9.67963615039e-07, 8.83804148089e-07, 5.38543019957e-07],
        "dmean2": [0.000978388357908, 0.0013465010561, 0.0022004020866, 0.000882515858393, 0.000464052020106, 0.000306672154693, 0.000318269681884, 0.000516305910423, 0.000813879189081, 0.000460349896457, 0.000261833862169, 0.000169622304384, 0.000188045261893, 0.000132530287374, 0.000140962583828, 5.96655954723e-05, 0.000106715575384, 0.00010146346176, 7.83313371358e-05, 8.1819263869e-05, 3.97148251068e-05, 4.56222514913e-05, 1.87891746464e-05, 1.46909142131e-05, 2.37938857026e-05, 1.29252866827e-05, 1.33024805109e-05, 7.50083108869e-06, 4.33510149378e-06, 3.6812439248e-06, 3.20442063639e-06, 3.09618235406e-06, 3.03333717966e-06, 2.34367371377e-06, 1.78842776677e-06, 1.60786441938e-06, 1.37105178055e-06, 1.48923697907e-06, 1.39978544667e-06, 8.4400983269e-07],
        "dvar": [1.8293010271e-06, 2.49859203905e-06, 5.45239618077e-06, 7.32206444809e-07, 1.85862319313e-07, 2.86839025421e-07, 1.31991569674e-07, 3.89665331113e-07, 1.22375377032e-06, 3.24293722542e-07, 1.51908395196e-07, 5.18391125581e-08, 4.57473454674e-08, 5.17799563227e-08, 4.29722888384e-08, 4.45358949719e-09, 1.17736815852e-08, 1.69827458762e-08, 1.0787433169e-08, 5.43442668643e-09, 8.39565750255e-10, 1.34035083033e-09, 2.56330290327e-10, 1.00732575059e-10, 2.63888272345e-10, 7.92382895409e-11, 1.10772821471e-10, 2.65292128543e-11, 1.19213874883e-11, 7.81346948947e-12, 5.86523407967e-12, 4.98574966035e-12, 8.2552445782e-12, 6.36366653817e-12, 2.23672707959e-12, 2.22347639432e-12, 2.41820907916e-12, 4.22731467886e-12, 6.01602361677e-12, 1.92544873275e-12],
        "dvar2": [4.64592812932e-06, 6.80759148963e-06, 1.4177337107e-05, 2.03142030841e-06, 4.29366991739e-07, 6.63894695663e-07, 3.26125132233e-07, 9.36090714276e-07, 3.00277338283e-06, 7.95371647655e-07, 3.75012945142e-07, 1.10686904975e-07, 1.05640580728e-07, 1.1451805193e-07, 1.1028861735e-07, 1.08557376421e-08, 3.14397183843e-08, 4.77426453926e-08, 2.53876244471e-08, 1.26027774883e-08, 2.11689088481e-09, 3.82284381928e-09, 6.26149687655e-10, 2.73742695178e-10, 7.67514218847e-10, 1.88669621592e-10, 2.66363736623e-10, 6.72311165073e-11, 3.44550186993e-11, 2.17057101459e-11, 1.55880343355e-11, 1.36526579972e-11, 2.29831917387e-11, 1.77399137047e-11, 5.40063566784e-12, 5.3927886462e-12, 5.215664272e-12, 7.87350219744e-12, 1.53224776617e-11, 4.30583520228e-12],
        "max": [0.0104916328564, 0.016459017992, 0.0209393054247, 0.00825471617281, 0.00611434690654, 0.00806146580726, 0.00484125409275, 0.00856004748493, 0.0128578348085, 0.005993722938, 0.00776000227779, 0.00408465741202, 0.00387938856147, 0.00441431812942, 0.00406952109188, 0.00103073380888, 0.00146447110455, 0.00143526669126, 0.00182016310282, 0.00123103556689, 0.000446466874564, 0.000525696843397, 0.000234260165598, 0.000132797038532, 0.000176639383426, 0.000135878886795, 0.000127736479044, 5.79978550377e-05, 6.26301334705e-05, 3.91327994294e-05, 2.85181067738e-05, 2.08189594559e-05, 4.40800031356e-05, 4.24771933467e-05, 2.17876458919e-05, 1.72828858922e-05, 2.37750282395e-05, 4.23396922997e-05, 3.81860627385e-05, 2.36736941588e-05],
        "mean": [0.000779867928941, 0.00157458125614, 0.00186618580483, 0.000733105407562, 0.000503845280036, 0.000293308636174, 0.00030471291393, 0.000465532648377, 0.000651176902466, 0.000413580768509, 0.000269708136329, 0.00019442550547, 0.000198846886633, 0.000143713506986, 0.000143478493555, 6.72218957334e-05, 9.82352648862e-05, 0.000105182560219, 9.06522691366e-05, 8.59151259647e-05, 4.96929860674e-05, 5.10246863996e-05, 2.48701071541e-05, 1.97308418137e-05, 2.75071251963e-05, 1.75989880518e-05, 1.77525289473e-05, 1.01352670754e-05, 5.49394189875e-06, 4.57315854874e-06, 4.33398918176e-06, 4.22693983637e-06, 4.10946358897e-06, 3.21393008562e-06, 2.50618518294e-06, 2.17684919335e-06, 1.85646388218e-06, 1.84899136002e-06, 1.51403469317e-06, 9.56467260949e-07],
        "median": [0.000406600476708, 0.00129047059454, 0.000944567669649, 0.000441657350166, 0.00031119826599, 0.000154210065375, 0.000172633794136, 0.00025981318322, 0.000250974611845, 0.000179996452061, 0.000125614649733, 8.61112130224e-05, 0.000100672194094, 6.48236818961e-05, 4.55363187939e-05, 2.98070444842e-05, 4.66726451123e-05, 4.10391039622e-05, 3.70522102457e-05, 5.4081207054e-05, 3.94280250475e-05, 3.76710704586e-05, 1.7988266336e-05, 1.5252101548e-05, 2.13458606595e-05, 1.43961879076e-05, 1.39180028782e-05, 8.37080824567e-06, 4.68891903438e-06, 3.70574548469e-06, 3.544031415e-06, 3.45433932125e-06, 3.07861910187e-06, 2.09947233998e-06, 1.6995381884e-06, 1.48841843384e-06, 1.18493483114e-06, 1.02670958313e-06, 7.58059115924e-07, 4.60865891228e-07],
        "min": [1.31759884425e-06, 6.67404947308e-06, 1.03167967609e-05, 1.52994834934e-05, 2.70396890301e-06, 5.08774110131e-06, 4.55742247141e-06, 6.54849100101e-06, 7.89931436884e-06, 7.59932709116e-06, 1.19182232083e-05, 4.84353358843e-06, 2.41669386014e-06, 3.73286979993e-06, 1.69667509908e-06, 1.1363243857e-06, 1.59627541052e-06, 3.44653153661e-06, 1.90696289337e-06, 3.69562894775e-06, 3.22554342347e-06, 3.01991508422e-06, 2.09092627301e-06, 4.38154557969e-07, 2.18073432734e-06, 1.959822157e-06, 9.50925823417e-07, 6.08266645941e-07, 5.68386724353e-07, 1.50805021804e-07, 1.12638218752e-07, 5.61795268084e-08, 2.55532697224e-08, 2.00489278512e-08, 1.41538798459e-08, 1.43496841076e-08, 7.89883536356e-09, 9.73553859751e-09, 9.81635395192e-09, 1.43033085376e-09],
