{
"highlevel": {
    "danceability": {
        "all": {
            "danceable": 0.870227396488,
            "not_danceable": 0.129772588611
        },
        "probability": 0.870227396488,
        "value": "danceable"
    },
    "gender": {
        "all": {
            "female": 0.682240366936,
            "male": 0.317759603262
        },
        "probability": 0.682240366936,
        "value": "female"
    },
    "genre_dortmund": {
        "all": {
            "alternative": 0.0330223664641,
            "blues": 0.326053828001,
            "electronic": 0.0992161631584,
            "folkcountry": 0.179498150945,
            "funksoulrnb": 0.0523159168661,
            "jazz": 0.132575243711,
            "pop": 0.0775673091412,
            "raphiphop": 0.0224269963801,
            "rock": 0.0773240104318
        },
        "probability": 0.326053828001,
        "value": "blues"
    },
    "genre_electronic": {
        "all": {
            "ambient": 0.698215603828,
            "dnb": 0.141715615988,
            "house": 0.117399580777,
            "techno": 0.00836876407266,
            "trance": 0.034300416708
        },
        "probability": 0.698215603828,
        "value": "ambient"
    },
    "genre_rosamerica": {
        "all": {
            "cla": 0.00477194599807,
            "dan": 0.00261471094564,
            "hip": 0.0136445080861,
            "jaz": 0.0128335356712,
            "pop": 0.624026536942,
            "rhy": 0.304545044899,
            "roc": 0.0352358445525,
            "spe": 0.00232786731794
        },
        "probability": 0.624026536942,
        "value": "pop"
    },
    "genre_tzanetakis": {
        "all": {
            "blu": 0.0626541376114,
            "cla": 0.0348133966327,
            "cou": 0.0783501937985,
            "dis": 0.104547761381,
            "hip": 0.15693578124,
            "jaz": 0.313987255096,
            "met": 0.044816005975,
            "pop": 0.0627349764109,
            "reg": 0.0627352520823,
            "roc": 0.0784252434969
        },
        "probability": 0.313987255096,
        "value": "jaz"
    },
    "ismir04_rhythm": {
        "all": {
            "ChaChaCha": 0.112610340118,
            "Jive": 0.0303316600621,
            "Quickstep": 0.290893256664,
            "Rumba-American": 0.0307746883482,
            "Rumba-International": 0.216234862804,
            "Rumba-Misc": 0.0317456610501,
            "Samba": 0.0988624244928,
            "Tango": 0.0655403658748,
            "VienneseWaltz": 0.0929462537169,
            "Waltz": 0.0300604961812
        },
        "probability": 0.290893256664,
        "value": "Quickstep"
    },
    "mood_acoustic": {
        "all": {
            "acoustic": 0.408978223801,
            "not_acoustic": 0.591021776199
        },
        "probability": 0.591021776199,
        "value": "not_acoustic"
    },
    "mood_aggressive": {
        "all": {
            "aggressive": 0.100127346814,
            "not_aggressive": 0.899872660637
        },
        "probability": 0.899872660637,
        "value": "not_aggressive"
    },
    "mood_electronic": {
        "all": {
            "electronic": 0.459336012602,
            "not_electronic": 0.540663957596
        },
        "probability": 0.540663957596,
        "value": "not_electronic"
    },
    "mood_happy": {
        "all": {
            "happy": 0.513593673706,
            "not_happy": 0.486406296492
        },
        "probability": 0.513593673706,
        "value": "happy"
    },
    "mood_party": {
        "all": {
            "not_party": 0.853695511818,
            "party": 0.146304473281
        },
        "probability": 0.853695511818,
        "value": "not_party"
    },
    "mood_relaxed": {
        "all": {
            "not_relaxed": 0.0314284861088,
            "relaxed": 0.968571484089
        },
        "probability": 0.968571484089,
        "value": "relaxed"
    },
    "mood_sad": {
        "all": {
            "not_sad": 0.799547016621,
            "sad": 0.200452953577
        },
        "probability": 0.799547016621,
        "value": "not_sad"
    },
    "moods_mirex": {
        "all": {
            "Cluster1": 0.241396173835,
            "Cluster2": 0.201314121485,
            "Cluster3": 0.285417020321,
            "Cluster4": 0.239638239145,
            "Cluster5": 0.032234441489
        },
        "probability": 0.285417020321,
        "value": "Cluster3"
    },
    "timbre": {
        "all": {
            "bright": 0.839929819107,
            "dark": 0.160070210695
        },
        "probability": 0.839929819107,
        "value": "bright"
    },
    "tonal_atonal": {
        "all": {
            "atonal": 0.153032436967,
            "tonal": 0.846967577934
        },
        "probability": 0.846967577934,
        "value": "tonal"
    },
    "voice_instrumental": {
        "all": {
            "instrumental": 0.0312239844352,
            "voice": 0.968775987625
        },
        "probability": 0.968775987625,
        "value": "voice"
    }
},
"lowlevel": {
    "average_loudness": 0.956191658974,
    "barkbands_crest": {
        "dmean": 2.71587443352,
        "dmean2": 4.2453289032,
        "dvar": 6.22691822052,
        "dvar2": 14.9903793335,
        "max": 23.5533885956,
        "mean": 11.6941308975,
        "median": 10.829498291,
        "min": 3.83256363869,
        "var": 20.1122837067
    },
    "barkbands_flatness_db": {
        "dmean": 0.030803648755,
        "dmean2": 0.0432207100093,
        "dvar": 0.000844027963467,
        "dvar2": 0.00159994582646,
        "max": 0.461284309626,
        "mean": 0.204870432615,
        "median": 0.19419670105,
        "min": 0.095663562417,
        "var": 0.00374376168475
    },
    "barkbands_kurtosis": {
        "dmean": 3.81707811356,
        "dmean2": 5.84123563766,
        "dvar": 28.4016151428,
        "dvar2": 60.7524681091,
        "max": 77.0496902466,
        "mean": 4.94304084778,
        "median": 2.52578735352,
        "min": -1.78378295898,
        "var": 66.0335998535
    },
    "barkbands_skewness": {
        "dmean": 0.695057988167,
        "dmean2": 0.972936630249,
        "dvar": 0.387067139149,
        "dvar2": 0.788339912891,
        "max": 7.80128669739,
        "mean": 1.58993422985,
        "median": 1.49092364311,
        "min": -1.60959410667,
        "var": 1.6950186491
    },
    "barkbands_spread": {
        "dmean": 5.16391515732,
        "dmean2": 7.60555791855,
        "dvar": 26.9675045013,
        "dvar2": 55.2728919983,
        "max": 59.296836853,
        "mean": 15.1854257584,
        "median": 13.8462677002,
        "min": 1.30804431438,
        "var": 79.3927307129
    },
    "dissonance": {
        "dmean": 0.0316551439464,
        "dmean2": 0.0523646175861,
        "dvar": 0.000693833222613,
        "dvar2": 0.00187541975174,
        "max": 0.499973237514,
        "mean": 0.440846771002,
        "median": 0.448552727699,
        "min": 0.242202103138,
        "var": 0.00151012372226
    },
    "dynamic_complexity": 2.56430840492,
    "erbbands_crest": {
        "dmean": 3.37748718262,
        "dmean2": 5.60040664673,
        "dvar": 8.95324230194,
        "dvar2": 21.7645378113,
        "max": 28.0330028534,
        "mean": 10.5374488831,
        "median": 9.72529888153,
        "min": 3.4253411293,
        "var": 17.0849571228
    },
    "erbbands_flatness_db": {
        "dmean": 0.0254504084587,
        "dmean2": 0.0352751649916,
        "dvar": 0.000511506863404,
        "dvar2": 0.000992692192085,
        "max": 0.390010744333,
        "mean": 0.200353235006,
        "median": 0.197652295232,
        "min": 0.0800727531314,
        "var": 0.00235990714282
    },
    "erbbands_kurtosis": {
        "dmean": 1.40059173107,
        "dmean2": 2.18029761314,
        "dvar": 3.63147950172,
        "dvar2": 8.67909812927,
        "max": 32.1235237122,
        "mean": 1.05956923962,
        "median": 0.422096252441,
        "min": -1.78089463711,
        "var": 6.48989963531
    },
    "erbbands_skewness": {
        "dmean": 0.492820471525,
        "dmean2": 0.740542173386,
        "dvar": 0.17055977881,
        "dvar2": 0.386626631021,
        "max": 3.53967547417,
        "mean": 0.299112200737,
        "median": 0.308297306299,
        "min": -2.08115243912,
        "var": 0.546541452408
    },
    "erbbands_spread": {
        "dmean": 8.95397949219,
        "dmean2": 12.6850214005,
        "dvar": 112.797393799,
        "dvar2": 219.565979004,
        "max": 114.022232056,
        "mean": 27.1482372284,
        "median": 22.8471660614,
        "min": 3.89109611511,
        "var": 302.24206543
    },
    "hfc": {
        "dmean": 8.04883480072,
        "dmean2": 10.6475248337,
        "dvar": 115.103614807,
        "dvar2": 170.448822021,
        "max": 149.596557617,
        "mean": 18.3047065735,
        "median": 11.0754814148,
        "min": 0.230153739452,
        "var": 386.029754639
    },
    "melbands_crest": {
        "dmean": 3.73126077652,
        "dmean2": 5.83430242538,
        "dvar": 12.7364034653,
        "dvar2": 28.9026107788,
        "max": 35.4524917603,
        "mean": 17.7430953979,
        "median": 16.595867157,
        "min": 5.57734584808,
        "var": 45.1825561523
    },
    "melbands_flatness_db": {
        "dmean": 0.038577158004,
        "dmean2": 0.0521919541061,
        "dvar": 0.00130530935712,
        "dvar2": 0.00246938853525,
        "max": 0.59737020731,
        "mean": 0.280509233475,
        "median": 0.268562883139,
        "min": 0.122491404414,
        "var": 0.00624922197312
    },
    "melbands_kurtosis": {
        "dmean": 7.88771724701,
        "dmean2": 11.9106588364,
        "dvar": 154.062820435,
        "dvar2": 342.552154541,
        "max": 170.267227173,
        "mean": 11.9139862061,
        "median": 6.7043132782,
        "min": -1.72072267532,
        "var": 313.164001465
    },
    "melbands_skewness": {
        "dmean": 0.858314275742,
        "dmean2": 1.22363865376,
        "dvar": 0.741462826729,
        "dvar2": 1.52963650227,
        "max": 11.0705776215,
        "mean": 2.41495013237,
        "median": 2.1866979599,
        "min": -1.25605821609,
        "var": 2.743060112
    },
    "melbands_spread": {
        "dmean": 6.34615421295,
        "dmean2": 9.03062820435,
        "dvar": 42.5968742371,
        "dvar2": 80.2590408325,
        "max": 61.378200531,
        "mean": 16.8885993958,
        "median": 13.6962909698,
        "min": 1.15957641602,
        "var": 141.113250732
    },
    "pitch_salience": {
        "dmean": 0.0743205174804,
        "dmean2": 0.116044737399,
        "dvar": 0.00443730084226,
        "dvar2": 0.0102559421211,
        "max": 0.822691679001,
        "mean": 0.4881490767,
        "median": 0.504290699959,
        "min": 0.0741277188063,
        "var": 0.0148005606607
    },
    "silence_rate_20dB": {
        "dmean": 0,
        "dmean2": 0,
        "dvar": 0,
        "dvar2": 0,
        "max": 1,
        "mean": 1,
        "median": 1,
        "min": 1,
        "var": 0
    },
    "silence_rate_30dB": {
        "dmean": 0.0123839005828,
        "dmean2": 0.0247869864106,
        "dvar": 0.0122306915,
        "dvar2": 0.0288199614733,
        "max": 1,
        "mean": 0.987625658512,
        "median": 1,
        "min": 0,
        "var": 0.0122214052826
    },
    "silence_rate_60dB": {
        "dmean": 0.0185758508742,
        "dmean2": 0.0371804796159,
        "dvar": 0.0182308163494,
        "dvar2": 0.0419946350157,
        "max": 1,
        "mean": 0.0247486457229,
        "median": 0,
        "min": 0,
        "var": 0.0241361092776
    },
    "spectral_centroid": {
        "dmean": 248.883514404,
        "dmean2": 353.546447754,
        "dvar": 59658.625,
        "dvar2": 121636.5625,
        "max": 2682.58325195,
        "mean": 938.99005127,
        "median": 877.386657715,
        "min": 222.788589478,
        "var": 195711.65625
    },
    "spectral_complexity": {
        "dmean": 3.1749227047,
        "dmean2": 4.51742839813,
        "dvar": 10.3703651428,
        "dvar2": 19.2691078186,
        "max": 39,
        "mean": 15.4918794632,
        "median": 14,
        "min": 2,
        "var": 40.6769371033
    },
    "spectral_decrease": {
        "dmean": 2.86216361722e-09,
        "dmean2": 3.97764576832e-09,
        "dvar": 1.05182516526e-17,
        "dvar2": 2.44145732692e-17,
        "max": -2.7044197437e-10,
        "mean": -9.9281081134e-09,
        "median": -8.40014902082e-09,
        "min": -3.40982104774e-08,
        "var": 4.16075256098e-17
    },
    "spectral_energy": {
        "dmean": 0.0113411648199,
        "dmean2": 0.0157105475664,
        "dvar": 0.000161852105521,
        "dvar2": 0.000364367268048,
        "max": 0.141698300838,
        "mean": 0.0391313172877,
        "median": 0.0331267230213,
        "min": 0.00105537218042,
        "var": 0.000649315363262
    },
    "spectral_energyband_high": {
        "dmean": 0.000165741032106,
        "dmean2": 0.000224731353228,
        "dvar": 7.11856742441e-08,
        "dvar2": 1.51312036678e-07,
        "max": 0.00359333702363,
        "mean": 0.000249259581324,
        "median": 8.21645080578e-05,
        "min": 4.76154937701e-09,
        "var": 1.43507335792e-07
    },
    "spectral_energyband_low": {
        "dmean": 0.00687160948291,
        "dmean2": 0.0094706248492,
        "dvar": 0.000112200046715,
        "dvar2": 0.000278095452813,
        "max": 0.0991738587618,
        "mean": 0.0201514214277,
        "median": 0.0148800648749,
        "min": 3.81293939427e-05,
        "var": 0.000368929526303
    },
    "spectral_energyband_middle_high": {
        "dmean": 0.00445866817608,
        "dmean2": 0.00573240313679,
        "dvar": 5.6061646319e-05,
        "dvar2": 8.52569573908e-05,
        "max": 0.123451016843,
        "mean": 0.00779153686017,
        "median": 0.00290818884969,
        "min": 2.52421777986e-05,
        "var": 0.00016685432638
    },
    "spectral_energyband_middle_low": {
        "dmean": 0.00527974497527,
        "dmean2": 0.0081447167322,
        "dvar": 6.05677414569e-05,
        "dvar2": 0.000138418647111,
        "max": 0.0793327912688,
        "mean": 0.0116654057056,
        "median": 0.00909042358398,
        "min": 0.000437453680206,
        "var": 0.000102338315628
    },
    "spectral_entropy": {
        "dmean": 0.230757847428,
        "dmean2": 0.337493240833,
        "dvar": 0.0519466623664,
        "dvar2": 0.106083795428,
        "max": 8.25325870514,
        "mean": 7.09620523453,
        "median": 7.13077831268,
        "min": 5.52702474594,
        "var": 0.214306682348
    },
    "spectral_flux": {
        "dmean": 0.02895523794,
        "dmean2": 0.0443193651736,
        "dvar": 0.000723004282918,
        "dvar2": 0.00165621668566,
        "max": 0.271082550287,
        "mean": 0.0948682129383,
        "median": 0.0872373729944,
        "min": 0.00389035814442,
        "var": 0.00249082641676
    },
    "spectral_kurtosis": {
        "dmean": 5.91841030121,
        "dmean2": 9.25619983673,
        "dvar": 131.674530029,
        "dvar2": 264.967346191,
        "max": 219.362167358,
        "mean": 11.0269784927,
        "median": 7.03008747101,
        "min": -0.838052272797,
        "var": 273.45135498
    },
    "spectral_rms": {
        "dmean": 0.000859784893692,
        "dmean2": 0.00117374875117,
        "dvar": 7.05018067038e-07,
        "dvar2": 1.55602867835e-06,
        "max": 0.0117576466873,
        "mean": 0.00581762054935,
        "median": 0.00568495877087,
        "min": 0.00101470761001,
        "var": 4.33213426732e-06
    },
    "spectral_rolloff": {
        "dmean": 311.330810547,
        "dmean2": 494.814056396,
        "dvar": 189922.328125,
        "dvar2": 402722.1875,
        "max": 5964.69726562,
        "mean": 797.011108398,
        "median": 602.9296875,
        "min": 64.599609375,
        "var": 365563.40625
    },
    "spectral_skewness": {
        "dmean": 0.553787767887,
        "dmean2": 0.831321239471,
        "dvar": 0.463057100773,
        "dvar2": 0.981117963791,
        "max": 11.2496986389,
        "mean": 2.20856118202,
        "median": 1.96606564522,
        "min": 0.257503956556,
        "var": 1.38177132607
    },
    "spectral_spread": {
        "dmean": 682449.3125,
        "dmean2": 936294.5,
        "dvar": 778988552192,
        "dvar2": 1.4779604009e+12,
        "max": 9715894,
        "mean": 3354645.5,
        "median": 3042178.5,
        "min": 602809.5625,
        "var": 2.23270063309e+12
    },
    "spectral_strongpeak": {
        "dmean": 0.57400226593,
        "dmean2": 0.983737587929,
        "dvar": 1.46494615078,
        "dvar2": 3.36067295074,
        "max": 10.9745817184,
        "mean": 0.782149374485,
        "median": 0.291747659445,
        "min": 0,
        "var": 1.94158089161
    },
    "zerocrossingrate": {
        "dmean": 0.0074920183979,
        "dmean2": 0.00848610885441,
        "dvar": 4.59762777609e-05,
        "dvar2": 6.21129656793e-05,
        "max": 0.15380859375,
        "mean": 0.0317862406373,
        "median": 0.02978515625,
        "min": 0.0029296875,
        "var": 0.000264272675849
    },
    "barkbands": {
        "dmean": [0.00103860790841, 0.0060434769839, 0.000720472249668, 0.000592800555751, 0.00221502967179, 0.00155404722318, 0.000739854876883, 0.00152801827062, 0.00130399491172, 0.00137928011827, 0.000825930852443, 0.000801474030595, 0.00073168851668, 0.0014793635346, 0.000698164396454, 0.000288657407509, 0.000126000741147, 0.000190478589502, 0.0001547455322, 7.84227377153e-05, 4.92352701258e-05, 4.03890189773e-05, 2.55582763202e-05, 1.85745648196e-05, 8.62698743731e-06, 2.46142030846e-06, 5.99294436299e-09],
        "dmean2": [0.00166332197841, 0.00836733635515, 0.00111173768528, 0.000892622512765, 0.00368586322293, 0.00249258615077, 0.00125991192181, 0.00255806255154, 0.00214056973346, 0.00214832182974, 0.00119223434012, 0.00118069618475, 0.00108029530384, 0.00216951477341, 0.00107931229286, 0.00044191267807, 0.00020181502623, 0.0002846311545, 0.000234925726545, 0.000114362534077, 7.18575975043e-05, 5.78068320465e-05, 3.60494304914e-05, 2.76777172985e-05, 1.30100552269e-05, 3.64942889064e-06, 1.01545936104e-08],
        "dvar": [4.23085839429e-06, 8.64434987307e-05, 1.19422668377e-06, 7.19660590676e-07, 3.2475192711e-05, 7.18955880075e-06, 4.28141584052e-06, 1.06773595689e-05, 1.05843737401e-05, 2.17001779674e-05, 4.36173513663e-06, 3.87887394027e-06, 3.55848010258e-06, 1.76651210495e-05, 2.53729331234e-06, 6.24962297024e-07, 1.0370505521e-07, 1.35639126597e-07, 1.0766645886e-07, 1.62790279035e-08, 7.6667872051e-09, 8.79034800505e-09, 2.82153211906e-09, 3.10425751771e-09, 4.57328591663e-10, 4.12136713646e-11, 4.16751380296e-16],
        "dvar2": [1.20023714771e-05, 0.000209227931919, 2.97199426313e-06, 1.98914517568e-06, 8.65032052388e-05, 1.65334022313e-05, 1.14705544547e-05, 2.83737681457e-05, 2.47735533776e-05, 5.35020808456e-05, 8.63490640768e-06, 8.0310874182e-06, 7.22129061614e-06, 3.631506479e-05, 5.37409187018e-06, 1.2390394204e-06, 2.61280291625e-07, 2.99059479403e-07, 2.49091840487e-07, 3.43107871004e-08, 1.68747060769e-08, 2.10355501906e-08, 6.2263816325e-09, 7.08363234736e-09, 1.00120112201e-09, 9.43604916426e-11, 1.04483726917e-15],
        "max": [0.017273247242, 0.0878603309393, 0.01367447339, 0.0104613211006, 0.0524985939264, 0.0354778766632, 0.0353205502033, 0.0477412752807, 0.0411154218018, 0.0939848795533, 0.0303360242397, 0.0240334533155, 0.0279025770724, 0.0613492354751, 0.0190369319171, 0.0152569608763, 0.00381365790963, 0.00514631485566, 0.00539318844676, 0.00146939943079, 0.000815352133941, 0.00134855194483, 0.000705720798578, 0.000959273776971, 0.000424301397288, 0.000104869883216, 3.74533783543e-07],
        "mean": [0.00244974531233, 0.0157357286662, 0.00153542915359, 0.0012076307321, 0.00304994685575, 0.00248064240441, 0.000878118094988, 0.00211293017492, 0.0013996938942, 0.00168385566212, 0.00108887522947, 0.00101874826942, 0.000836938270368, 0.00155700114556, 0.000887239351869, 0.000321843108395, 0.000149644823978, 0.000244829017902, 0.000196613895241, 0.000107776446384, 6.48572531645e-05, 5.09632809553e-05, 3.45460284734e-05, 2.3242453608e-05, 1.15134953376e-05, 2.96682196677e-06, 4.95553686974e-09],
        "median": [0.00127855839673, 0.0112066259608, 0.00100541661959, 0.000824552436825, 0.00157746241894, 0.00135041004978, 0.000448924693046, 0.000773686449975, 0.000370520050637, 0.000479314243421, 0.000361276848707, 0.000283460190985, 0.00013191330072, 0.00011975637608, 0.000116055853141, 4.97046275996e-05, 3.49324727722e-05, 5.55620463274e-05, 4.24921454396e-05, 3.53118339262e-05, 1.84650925803e-05, 8.83156826603e-06, 7.49353785068e-06, 6.03935632171e-06, 3.78164986614e-06, 7.26212874724e-07, 6.84875434143e-10],
        "min": [1.32837580935e-08, 1.00474062492e-05, 3.76802245228e-06, 3.45163607562e-06, 3.22947598761e-05, 6.3309230427e-06, 3.469638159e-06, 8.02850354376e-06, 1.71900433088e-06, 8.88847182523e-07, 1.03387037598e-06, 2.0345255507e-06, 1.14672684504e-06, 9.17713578019e-07, 8.47194598919e-08, 8.00812571811e-08, 3.06659195815e-08, 9.29193788579e-09, 7.61366880653e-09, 4.57604842907e-10, 8.29636470634e-10, 5.02098362887e-10, 3.72285452466e-10, 9.51179274233e-11, 4.12978318209e-10, 3.97566484941e-12, 5.40458476583e-12],
        "var": [8.08931690699e-06, 0.000285481684841, 2.67894938588e-06, 1.46593833961e-06, 2.82298515231e-05, 1.16550754683e-05, 3.51017774847e-06, 1.21960647448e-05, 1.21184648378e-05, 2.86480008072e-05, 6.68338770993e-06, 5.86968553762e-06, 5.32630065209e-06, 2.38855664065e-05, 4.64293225377e-06, 9.52750838223e-07, 1.28019152612e-07, 2.39830342252e-07, 1.64615499898e-07, 2.82020131692e-08, 1.23997647705e-08, 1.17813661049e-08, 4.80375517142e-09, 3.88595156053e-09, 6.09531369822e-10, 5.18323786669e-11, 3.91182579052e-16]
    },
    "erbbands": {
        "dmean": [0.323490351439, 0.833044588566, 0.780171513557, 1.37907588482, 5.20784711838, 7.7458524704, 11.4498510361, 11.0543699265, 7.56994533539, 18.4974002838, 38.34141922, 26.5409526825, 34.1453514099, 37.9854621887, 29.6488056183, 34.1387405396, 32.4198074341, 67.8187103271, 47.7236824036, 26.1780033112, 11.762591362, 7.02627658844, 8.25075244904, 11.2437400818, 4.62548923492, 3.67853975296, 2.64912366867, 1.56936597824, 1.54275715351, 1.12862813473, 0.618621170521, 0.412173807621, 0.29950556159, 0.136667743325, 0.0406707338989, 0.0149976769462, 0.00408983277157, 0.000239628105192, 1.01187843029e-05, 1.31322794914e-05],
        "dmean2": [0.436648309231, 1.23075783253, 1.24841666222, 2.08467483521, 8.53481674194, 12.896071434, 17.8492927551, 18.2905387878, 12.5806217194, 31.0592021942, 63.2968025208, 43.5755729675, 52.3514480591, 60.9127311707, 42.2263259888, 49.8295936584, 46.8982162476, 97.0048141479, 71.4971008301, 39.7154350281, 18.2612190247, 11.0063934326, 11.9081811905, 16.8829250336, 6.60808753967, 5.31548118591, 3.82746887207, 2.23889017105, 2.20262932777, 1.63030040264, 0.866154134274, 0.602460741997, 0.460478633642, 0.211007729173, 0.05984223634, 0.022188667208, 0.0062724724412, 0.000368998560589, 1.42386616062e-05, 1.80331790034e-05],
        "dvar": [0.295219928026, 1.41085791588, 1.3805398941, 3.63608717918, 190.875839233, 389.091369629, 415.409698486, 317.776153564, 276.302062988, 2013.31018066, 6956.84228516, 4063.68847656, 13628.4238281, 13064.3828125, 5578.80322266, 6384.31347656, 6704.98925781, 35213.3828125, 13212.1513672, 4912.69140625, 791.531799316, 257.18927002, 229.532791138, 565.67779541, 65.6274795532, 34.8855056763, 21.23969841, 8.48852825165, 12.4455375671, 6.17083501816, 1.50505208969, 1.33844697475, 0.903796195984, 0.141838490963, 0.00682184146717, 0.00113732891623, 0.00018564608763, 1.03102718185e-06, 3.64864888303e-10, 2.09735451229e-10],
        "dvar2": [0.700363457203, 3.81349205971, 3.47991204262, 9.56197834015, 505.792938232, 1055.74975586, 878.289672852, 799.007629395, 766.029174805, 5005.10400391, 18654.6660156, 9705.74023438, 28670.6855469, 29890.0917969, 11423.2783203, 12573.9609375, 13677.28125, 65270.5234375, 28609.4628906, 10607.2685547, 1765.23706055, 689.762268066, 458.74786377, 1304.83557129, 137.226089478, 71.5779190063, 47.3276023865, 18.6191730499, 29.6558837891, 13.3713874817, 3.26688551903, 3.10497117043, 2.0684056282, 0.297935307026, 0.0145847070962, 0.00257917516865, 0.000445520883659, 2.42158125729e-06, 8.36298419404e-10, 4.5166775875e-10],
        "max": [5.0870308876, 10.7196035385, 13.7994318008, 28.7696876526, 139.345703125, 202.573745728, 258.623199463, 214.638793945, 171.489685059, 827.907409668, 1406.79516602, 959.105529785, 2314.05493164, 2129.4230957, 1360.62878418, 1136.88745117, 1456.01123047, 3018.47119141, 2070.87768555, 1145.54675293, 447.471801758, 218.590621948, 203.203994751, 332.662445068, 102.250595093, 57.1076049805, 43.9888534546, 31.1355552673, 50.4161720276, 31.3416976929, 17.4936447144, 23.5714073181, 14.5501356125, 7.37379837036, 1.24717724323, 0.689127206802, 0.258644163609, 0.0244443397969, 0.000428586412454, 0.000177286419785],
        "mean": [0.811861038208, 2.085916996, 1.88534641266, 3.2095477581, 7.31033754349, 10.2842407227, 18.1690731049, 17.3414306641, 10.421462059, 28.1270694733, 47.294178009, 30.7036895752, 43.0156402588, 49.8622131348, 43.9710655212, 46.7783966064, 40.0469360352, 77.2349777222, 60.6594467163, 31.1681900024, 13.8531541824, 8.8238325119, 11.5853185654, 14.8246355057, 6.42665529251, 5.17594814301, 3.59749984741, 2.05726099014, 1.93323230743, 1.48957407475, 0.839323103428, 0.561963021755, 0.344539791346, 0.177791267633, 0.0544425919652, 0.0189085565507, 0.00458831246942, 0.000251399469562, 2.60356337094e-05, 4.50237675977e-05],
        "median": [0.552520930767, 1.5870013237, 1.39040994644, 2.33388209343, 3.48446106911, 5.17116880417, 10.3389730453, 9.96617794037, 6.45942783356, 9.07252216339, 20.2652587891, 11.457326889, 12.1149587631, 14.062037468, 16.3848056793, 14.5027532578, 7.47316598892, 7.31374073029, 8.39511299133, 3.96179318428, 2.37098264694, 2.40679717064, 3.13201594353, 2.98421382904, 1.81633257866, 1.74834346771, 1.13501238823, 0.537768900394, 0.327886819839, 0.262164026499, 0.196747913957, 0.158118695021, 0.0800928771496, 0.0567651577294, 0.0149856489152, 0.00539747998118, 0.000862006912939, 4.73232321383e-05, 1.99887836061e-05, 3.81027020921e-05],
        "min": [0.000306561647449, 0.00103659101296, 0.00729896314442, 0.0212915800512, 0.0682403817773, 0.102592378855, 0.225102692842, 0.075906842947, 0.0441215112805, 0.197492033243, 0.392637491226, 0.102542459965, 0.05857251212, 0.0951866880059, 0.151555031538, 0.11059859395, 0.139989361167, 0.0383873358369, 0.0136713953689, 0.00504144607112, 0.00339388544671, 0.00145668128971, 0.00057062623091, 0.00041349985986, 0.000296999496641, 5.75771919102e-05, 3.7323043216e-05, 2.59202515736e-05, 2.00364629563e-05, 1.54242461576e-05, 1.17310455607e-05, 4.48571836387e-06, 6.07580568612e-06, 7.45350962461e-06, 1.5804494069e-06, 6.32821809177e-07, 3.26266217598e-07, 4.0518770561e-08, 4.93143488711e-07, 1.17301863156e-06],
        "var": [0.943597376347, 3.84201216698, 2.8542547226, 8.80738544464, 168.4349823, 330.985565186, 725.728149414, 448.873931885, 229.304504395, 2631.20263672, 7127.69775391, 4595.09179688, 19999.4609375, 21828.5214844, 8506.43261719, 10652.1279297, 10404.5458984, 54889.9609375, 23138.84375, 6406.29003906, 1092.17834473, 350.674713135, 468.495758057, 907.639221191, 123.990112305, 64.361831665, 33.7103157043, 13.9643907547, 16.9694061279, 10.0505561829, 2.62710666656, 1.75804507732, 1.06514358521, 0.189078599215, 0.0101884398609, 0.00153036555275, 0.000196086024516, 9.98459654511e-07, 6.11440120757e-10, 8.6506030117e-10]
    },
    "gfcc": {
        "mean": [-31.4308986664, 148.316741943, -115.616767883, 25.8191585541, -52.049243927, 19.8627510071, -24.7097644806, 8.68519687653, -17.2905406952, 3.07669138908, -0.621210515499, -6.06327724457, 0.849772334099],
        "cov": [[4886.68554688, -1737.19042969, -997.835510254, 738.9296875, -139.995330811, 324.577148438, -126.036102295, 306.417022705, -12.0230703354, 230.028564453, -248.0234375, 161.69102478, -162.740066528], [-1737.19042969, 1264.3416748, 103.892875671, -401.660766602, 388.256011963, -233.697509766, 165.842102051, -154.66708374, 88.8372955322, -178.314926147, 246.295837402, -121.479866028, 128.469100952], [-997.835510254, 103.892875671, 924.205566406, 31.8625564575, -261.693328857, 81.9164123535, 39.0517616272, -93.2582931519, -23.0164089203, 25.2321109772, -16.9603710175, 106.972328186, 30.7000980377], [738.9296875, -401.660766602, 31.8625564575, 468.727325439, -160.870071411, 7.60128736496, -19.9596595764, 35.1530761719, 49.2819290161, 21.765537262, -69.3553924561, 47.930606842, 14.3505516052], [-139.995330811, 388.256011963, -261.693328857, -160.870071411, 432.98348999, -73.2508468628, 57.429233551, 52.2726707458, 41.2422409058, -49.5564956665, 90.7329101562, -55.0059204102, 27.26628685], [324.577148438, -233.697509766, 81.9164123535, 7.60128736496, -73.2508468628, 305.186065674, 77.0426635742, -56.7840690613, -0.910967290401, 40.4008598328, 2.22045373917, 51.8581771851, -32.8272590637], [-126.036102295, 165.842102051, 39.0517616272, -19.9596595764, 57.429233551, 77.0426635742, 189.02281189, -43.8908691406, 33.3783721924, -25.6625862122, 72.7241668701, 18.4264183044, 22.4409732819], [306.417022705, -154.66708374, -93.2582931519, 35.1530761719, 52.2726707458, -56.7840690613, -43.8908691406, 203.254516602, -0.72504234314, 19.9310245514, -33.796672821, -15.2865381241, -10.1945562363], [-12.0230703354, 88.8372955322, -23.0164089203, 49.2819290161, 41.2422409058, -0.910967290401, 33.3783721924, -0.72504234314, 133.548660278, -10.4269638062, 18.7781543732, -2.44831681252, 24.5943164825], [230.028564453, -178.314926147, 25.2321109772, 21.765537262, -49.5564956665, 40.4008598328, -25.6625862122, 19.9310245514, -10.4269638062, 103.933517456, -28.4302406311, 8.82979393005, -32.1346626282], [-248.0234375, 246.295837402, -16.9603710175, -69.3553924561, 90.7329101562, 2.22045373917, 72.7241668701, -33.796672821, 18.7781543732, -28.4302406311, 147.386688232, -1.06325101852, 28.064283371], [161.69102478, -121.479866028, 106.972328186, 47.930606842, -55.0059204102, 51.8581771851, 18.4264183044, -15.2865381241, -2.44831681252, 8.82979393005, -1.06325101852, 123.305351257, 4.86548185349], [-162.740066528, 128.469100952, 30.7000980377, 14.3505516052, 27.26628685, -32.8272590637, 22.4409732819, -10.1945562363, 24.5943164825, -32.1346626282, 28.064283371, 4.86548185349, 97.4265365601]],
        "icov": [[0.000854467332829, 6.54530595057e-05, 0.00114154384937, -0.00111327855848, -1.76009234565e-05, -0.000921809114516, 9.73543428699e-05, -0.000662149279378, 0.000400898512453, -0.000968232925516, 0.000465153018013, -0.00125918129925, 0.000256204366451], [6.54530595057e-05, 0.0115873720497, -0.00405744463205, 0.00584389874712, -0.00553411897272, 0.00832825526595, -0.0044245258905, 0.0071540735662, -0.00534959789366, 0.0069982544519, -0.00715216388926, 0.0076159783639, -0.00329102878459], [0.00114154384937, -0.00405744463205, 0.00452639861032, -0.00328883621842, 0.0029110214673, -0.00414482923225, 0.00126077362802, -0.00319980923086, 0.0025056770537, -0.00412040669471, 0.00328259426169, -0.00534481136128, 0.00080845807679], [-0.00111327855848, 0.00584389874712, -0.00328883621842, 0.00749736791477, -0.00149001798127, 0.00570774218068, -0.00273624924012, 0.00387800857425, -0.0046797953546, 0.00473140738904, -0.00334674073383, 0.00462977960706, -0.00278248032555], [-1.76009234565e-05, -0.00553411897272, 0.0029110214673, -0.00149001798127, 0.0069294879213, -0.00339151639491, 0.00102998665534, -0.00467603513971, 0.00152177351993, -0.00273853656836, 0.00211338396184, -0.00338767305948, 0.00103458832018], [-0.000921809114516, 0.00832825526595, -0.00414482923225, 0.00570774218068, -0.00339151639491, 0.0118318460882, -0.00563726853579, 0.00682113226503, -0.00444039376453, 0.00446216482669, -0.00529583869502, 0.00558659248054, -0.00126900617033], [9.73543428699e-05, -0.0044245258905, 0.00126077362802, -0.00273624924012, 0.00102998665534, -0.00563726853579, 0.0101062040776, -0.00223073619418, 0.00100027420558, -0.00135821918957, -0.000194329259102, -0.00338857714087, 0.000778417452239], [-0.000662149279378, 0.0071540735662, -0.00319980923086, 0.00387800857425, -0.00467603513971, 0.00682113226503, -0.00223073619418, 0.0112029900774, -0.00343049806543, 0.00370547734201, -0.00359992962331, 0.00566560821608, -0.00196720124222], [0.000400898512453, -0.00534959789366, 0.0025056770537, -0.0046797953546, 0.00152177351993, -0.00444039376453, 0.00100027420558, -0.00343049806543, 0.0116170467809, -0.00393117032945, 0.00326179224066, -0.00364384124987, 0.00012526154751], [-0.000968232925516, 0.0069982544519, -0.00412040669471, 0.00473140738904, -0.00273853656836, 0.00446216482669, -0.00135821918957, 0.00370547734201, -0.00393117032945, 0.0177108086646, -0.00458244001493, 0.0060551664792, 0.000578195496928], [0.000465153018013, -0.00715216388926, 0.00328259426169, -0.00334674073383, 0.00211338396184, -0.00529583869502, -0.000194329259102, -0.00359992962331, 0.00326179224066, -0.00458244001493, 0.0149098187685, -0.00595356058329, 0.000626408203971], [-0.00125918129925, 0.0076159783639, -0.00534481136128, 0.00462977960706, -0.00338767305948, 0.00558659248054, -0.00338857714087, 0.00566560821608, -0.00364384124987, 0.0060551664792, -0.00595356058329, 0.0170168261975, -0.00315767992288], [0.000256204366451, -0.00329102878459, 0.00080845807679, -0.00278248032555, 0.00103458832018, -0.00126900617033, 0.000778417452239, -0.00196720124222, 0.00012526154751, 0.000578195496928, 0.000626408203971, -0.00315767992288, 0.0142209036276]]
    },
    "melbands": {
        "dmean": [0.00214276765473, 0.000544628011994, 0.000290541123832, 0.000528884062078, 0.000351411727024, 0.000255296268733, 0.000125380145619, 0.000224449802772, 0.000329247093759, 0.000155479283421, 0.000176074376213, 0.000163609991432, 0.000105344581243, 8.302895003e-05, 9.37526274356e-05, 7.23406192265e-05, 0.000141960554174, 8.80297666299e-05, 5.0994756748e-05, 2.65002563538e-05, 1.19644364531e-05, 7.40377072361e-06, 7.30176270736e-06, 9.27302880882e-06, 1.0099202882e-05, 4.28760858995e-06, 2.6640766464e-06, 2.61832951765e-06, 1.96869063984e-06, 1.13813666758e-06, 8.95073014817e-07, 8.88717693215e-07, 7.81840867603e-07, 6.16292481936e-07, 3.86074958669e-07, 2.82652109718e-07, 2.55663792359e-07, 2.3510540359e-07, 1.61511451324e-07, 1.04411434165e-07],
        "dmean2": [0.00291901454329, 0.000844191992655, 0.000442768330686, 0.000880539359059, 0.000551364501007, 0.000417180854129, 0.00021036954422, 0.00037397062988, 0.000543152273167, 0.000257403298747, 0.000269996729912, 0.000264334579697, 0.000151995613123, 0.000122482597362, 0.000139211144415, 0.00010386305803, 0.000206142110983, 0.000134847912705, 7.85440133768e-05, 3.97951916966e-05, 1.91345934581e-05, 1.18567886602e-05, 1.13991363833e-05, 1.3421760741e-05, 1.55132947839e-05, 6.35342939859e-06, 4.00309772886e-06, 3.79173116016e-06, 2.95804511552e-06, 1.70954660916e-06, 1.30158184675e-06, 1.28545025291e-06, 1.16124203942e-06, 9.10315236524e-07, 5.61757303785e-07, 4.09405316759e-07, 3.80839594527e-07, 3.64821516996e-07, 2.52730615102e-07, 1.63205911008e-07],
        "dvar": [1.2119719031e-05, 5.13066026997e-07, 1.70110482145e-07, 2.4064702302e-06, 3.14512618615e-07, 1.7243692696e-07, 9.29709287334e-08, 2.30432618764e-07, 5.03664693952e-07, 1.57915891918e-07, 3.95733167124e-07, 2.63844242454e-07, 7.47835713355e-08, 4.23047197273e-08, 6.65288837354e-08, 3.72082311628e-08, 1.74372786432e-07, 6.49242153372e-08, 1.83460322489e-08, 6.65016752777e-09, 1.01087460624e-09, 3.1667571343e-10, 2.70178296402e-10, 3.12766645916e-10, 5.11800213321e-10, 7.18699474933e-11, 2.54069213584e-11, 1.86818841647e-11, 1.23531376101e-11, 4.82066556812e-12, 3.42487171436e-12, 4.65219746407e-12, 3.1399904378e-12, 1.92067715898e-12, 6.70172142607e-13, 3.14483573731e-13, 7.0629553638e-13, 6.19002136874e-13, 2.31926077735e-13, 9.1298530422e-14],
        "dvar2": [2.93055891234e-05, 1.3806137531e-06, 4.56972259144e-07, 6.44554347673e-06, 6.6917885988e-07, 4.22285637569e-07, 2.56751661709e-07, 5.61270098842e-07, 1.30672344767e-06, 3.71846113012e-07, 8.63834486609e-07, 6.35124195014e-07, 1.49848702335e-07, 9.75603882125e-08, 1.29825593831e-07, 7.57508828997e-08, 3.34776729005e-07, 1.45277866181e-07, 3.93247638897e-08, 1.40747182797e-08, 2.55278731487e-09, 8.34979474451e-10, 6.44970910013e-10, 6.71801170249e-10, 1.20948573379e-09, 1.54903506688e-10, 5.77697542581e-11, 3.91585687487e-11, 2.82831640053e-11, 1.10357912045e-11, 8.06802628178e-12, 1.13905967991e-11, 7.3080135693e-12, 4.21303053208e-12, 1.54549268348e-12, 6.62527378879e-13, 1.70671528125e-12, 1.45509136424e-12, 5.37277091307e-13, 1.90331447434e-13],
        "max": [0.0324424691498, 0.00674151768908, 0.00477836234495, 0.0141329718754, 0.00721647357568, 0.00538170197979, 0.00381306535564, 0.00761209940538, 0.0119858672842, 0.00514525454491, 0.0127233956009, 0.00866961292922, 0.00484216678888, 0.00307191745378, 0.00358155369759, 0.00328472885303, 0.00627140328288, 0.00481018936262, 0.00178313488141, 0.00155450205784, 0.000490334117785, 0.000204503259738, 0.000221489783144, 0.00022388601792, 0.000332630064804, 0.000124946513097, 6.63936443743e-05, 5.05324496771e-05, 3.53802097379e-05, 2.02492446988e-05, 2.6257319405e-05, 3.33496936946e-05, 2.82158180198e-05, 1.80421920959e-05, 1.1911409274e-05, 7.68253539718e-06, 1.77391575562e-05, 1.34690371851e-05, 8.2914966697e-06, 6.79537288306e-06],
        "mean": [0.00558225112036, 0.00151771178935, 0.000657148368191, 0.000672644935548, 0.000595213554334, 0.000407198560424, 0.000158369541168, 0.000339788908605, 0.000392710790038, 0.000175252251211, 0.000215790889342, 0.000204027848667, 0.000143817436765, 0.000114307695185, 0.000117180999951, 8.40771608637e-05, 0.000152853841428, 0.000101161240309, 6.07082474744e-05, 2.90791758744e-05, 1.30266025735e-05, 8.71785960044e-06, 9.08613856154e-06, 1.20114709716e-05, 1.25566857605e-05, 5.51444054508e-06, 3.45489206666e-06, 3.46197884937e-06, 2.52680933954e-06, 1.47098398884e-06, 1.09269217319e-06, 1.08788117359e-06, 9.67165306065e-07, 8.04043452263e-07, 4.94138078011e-07, 3.88055980238e-07, 3.27225507135e-07, 2.58048629576e-07, 1.8965309323e-07, 1.34190145218e-07],
        "median": [0.00392817752436, 0.00124841392972, 0.000491505663376, 0.000313109980198, 0.000370926922187, 0.000233707978623, 8.93732139957e-05, 0.000106912186311, 0.000155191126396, 5.64422589378e-05, 5.22712398379e-05, 4.96351858601e-05, 5.27677693754e-05, 4.33843270002e-05, 2.47721563937e-05, 1.27306484501e-05, 1.20590029837e-05, 1.12987381726e-05, 7.26397774997e-06, 4.03443709729e-06, 2.14098213291e-06, 2.10654661714e-06, 2.24990526476e-06, 2.57880856225e-06, 2.17364845412e-06, 1.18572040719e-06, 9.44971304762e-07, 1.0404016848e-06, 7.41692986139e-07, 4.18741706198e-07, 2.23480370209e-07, 1.67875612078e-07, 1.696147649e-07, 1.27725513721e-07, 9.54795567054e-08, 1.14306587307e-07, 8.32061601841e-08, 5.38915081449e-08, 5.35465964902e-08, 4.14708409835e-08],
        "min": [2.61954642156e-06, 3.30226907863e-06, 3.52746724275e-06, 7.14123279977e-06, 7.56633062338e-06, 1.31785191115e-06, 7.74124771397e-07, 2.85849228021e-06, 4.31672788181e-06, 2.66511960945e-07, 1.74036657086e-07, 3.18109016462e-07, 1.50219293005e-07, 1.31445531792e-07, 2.96183458204e-07, 1.2720559539e-07, 6.41599200435e-08, 8.56436788155e-09, 6.18932061158e-09, 7.09738490201e-09, 2.71847344635e-09, 1.8429290316e-09, 5.02046682005e-10, 2.02394517812e-10, 3.19511167524e-10, 1.44030259941e-10, 1.2255638171e-10, 1.47227993685e-11, 2.19125013273e-11, 1.92316596676e-11, 1.04575558282e-11, 6.8410728471e-13, 4.18299861979e-13, 4.71859476405e-13, 3.57080467625e-12, 1.66652574986e-12, 9.09783966913e-13, 5.29622678179e-13, 6.93335623289e-12, 1.38364059793e-12],
