{
"highlevel": {
    "danceability": {
        "all": {
            "danceable": 0.996670126915,
            "not_danceable": 0.00332986330613
        },
        "probability": 0.996670126915,
        "value": "danceable"
    },
    "gender": {
        "all": {
            "female": 0.285130828619,
            "male": 0.714869141579
        },
        "probability": 0.714869141579,
        "value": "male"
    },
    "genre_dortmund": {
        "all": {
            "alternative": 0.0338661633432,
            "blues": 0.0177415888757,
            "electronic": 0.730645775795,
            "folkcountry": 0.0365546345711,
            "funksoulrnb": 0.00871362071484,
            "jazz": 0.0124798566103,
            "pop": 0.0195557866246,
            "raphiphop": 0.0244208835065,
            "rock": 0.116021662951
        },
        "probability": 0.730645775795,
        "value": "electronic"
    },
    "genre_electronic": {
        "all": {
            "ambient": 0.362297207117,
            "dnb": 0.458138763905,
            "house": 0.0196335986257,
            "techno": 0.0118242017925,
            "trance": 0.148106232285
        },
        "probability": 0.458138763905,
        "value": "dnb"
    },
    "genre_rosamerica": {
        "all": {
            "cla": 0.0325812213123,
            "dan": 0.025324607268,
            "hip": 0.0111463386565,
            "jaz": 0.00508187664673,
            "pop": 0.0603078193963,
            "rhy": 0.00824196916074,
            "roc": 0.854496955872,
            "spe": 0.00281922868453
        },
        "probability": 0.854496955872,
        "value": "roc"
    },
    "genre_tzanetakis": {
        "all": {
            "blu": 0.0626541376114,
            "cla": 0.0348133966327,
            "cou": 0.0783501937985,
            "dis": 0.104547761381,
            "hip": 0.15693578124,
            "jaz": 0.313987255096,
            "met": 0.044816005975,
            "pop": 0.0627349764109,
            "reg": 0.0627352520823,
            "roc": 0.0784252434969
        },
        "probability": 0.313987255096,
        "value": "jaz"
    },
    "ismir04_rhythm": {
        "all": {
            "ChaChaCha": 0.0308576803654,
            "Jive": 0.734008491039,
            "Quickstep": 0.0078126527369,
            "Rumba-American": 0.00330155319534,
            "Rumba-International": 0.010873422958,
            "Rumba-Misc": 0.00400105677545,
            "Samba": 0.0324047729373,
            "Tango": 0.023610342294,
            "VienneseWaltz": 0.132146030664,
            "Waltz": 0.0209840163589
        },
        "probability": 0.734008491039,
        "value": "Jive"
    },
    "mood_acoustic": {
        "all": {
            "acoustic": 0.00755270337686,
            "not_acoustic": 0.992447316647
        },
        "probability": 0.992447316647,
        "value": "not_acoustic"
    },
    "mood_aggressive": {
        "all": {
            "aggressive": 0.657289266586,
            "not_aggressive": 0.342710703611
        },
        "probability": 0.657289266586,
        "value": "aggressive"
    },
    "mood_electronic": {
        "all": {
            "electronic": 0.54933822155,
            "not_electronic": 0.45066177845
        },
        "probability": 0.54933822155,
        "value": "electronic"
    },
    "mood_happy": {
        "all": {
            "happy": 0.744053184986,
            "not_happy": 0.255946844816
        },
        "probability": 0.744053184986,
        "value": "happy"
    },
    "mood_party": {
        "all": {
            "not_party": 0.477451175451,
            "party": 0.522548854351
        },
        "probability": 0.522548854351,
        "value": "party"
    },
    "mood_relaxed": {
        "all": {
            "not_relaxed": 0.785205900669,
            "relaxed": 0.214794099331
        },
        "probability": 0.785205900669,
        "value": "not_relaxed"
    },
    "mood_sad": {
        "all": {
            "not_sad": 0.978643000126,
            "sad": 0.0213570166379
        },
        "probability": 0.978643000126,
        "value": "not_sad"
    },
    "moods_mirex": {
        "all": {
            "Cluster1": 0.196121200919,
            "Cluster2": 0.122907623649,
            "Cluster3": 0.116826996207,
            "Cluster4": 0.259771108627,
            "Cluster5": 0.304373055696
        },
        "probability": 0.304373055696,
        "value": "Cluster5"
    },
    "timbre": {
        "all": {
            "bright": 0.64520406723,
            "dark": 0.35479593277
        },
        "probability": 0.64520406723,
        "value": "bright"
    },
    "tonal_atonal": {
        "all": {
            "atonal": 0.00212181988172,
            "tonal": 0.997878193855
        },
        "probability": 0.997878193855,
        "value": "tonal"
    },
    "voice_instrumental": {
        "all": {
            "instrumental": 0.00204424513504,
            "voice": 0.997955739498
        },
        "probability": 0.997955739498,
        "value": "voice"
    }
},
"lowlevel": {
    "average_loudness": 0.97016364336,
    "barkbands_crest": {
        "dmean": 3.38634300232,
        "dmean2": 5.71562480927,
        "dvar": 9.81130409241,
        "dvar2": 25.8271198273,
        "max": 24.8647899628,
        "mean": 11.9877529144,
        "median": 10.8016996384,
        "min": 2.93338108063,
        "var": 28.8906402588
    },
    "barkbands_flatness_db": {
        "dmean": 0.0242244265974,
        "dmean2": 0.0385332033038,
        "dvar": 0.000540083565284,
        "dvar2": 0.00130965269636,
        "max": 0.326725423336,
        "mean": 0.162197455764,
        "median": 0.157523363829,
        "min": 0.0393368750811,
        "var": 0.00235449988395
    },
    "barkbands_kurtosis": {
        "dmean": 2.47290301323,
        "dmean2": 4.11392498016,
        "dvar": 14.2724199295,
        "dvar2": 36.9863586426,
        "max": 48.3572349548,
        "mean": 2.31737852097,
        "median": 0.658329963684,
        "min": -1.69239223003,
        "var": 23.2145709991
    },
    "barkbands_skewness": {
        "dmean": 0.610280394554,
        "dmean2": 0.982830286026,
        "dvar": 0.346450477839,
        "dvar2": 0.903454363346,
        "max": 6.66137552261,
        "mean": 1.37252116203,
        "median": 1.17612075806,
        "min": -0.719296395779,
        "var": 1.05140280724
    },
    "barkbands_spread": {
        "dmean": 4.99090433121,
        "dmean2": 7.92538642883,
        "dvar": 23.9519538879,
        "dvar2": 56.4142990112,
        "max": 59.1610412598,
        "mean": 20.6939640045,
        "median": 20.0064868927,
        "min": 3.66497635841,
        "var": 79.9479522705
    },
    "dissonance": {
        "dmean": 0.0163888037205,
        "dmean2": 0.0274806916714,
        "dvar": 0.000218624714762,
        "dvar2": 0.000622340361588,
        "max": 0.500000059605,
        "mean": 0.474820673466,
        "median": 0.479049384594,
        "min": 0.368752330542,
        "var": 0.000356585747795
    },
    "dynamic_complexity": 2.27406072617,
    "erbbands_crest": {
        "dmean": 2.8007042408,
        "dmean2": 4.56597805023,
        "dvar": 6.29194402695,
        "dvar2": 17.0640468597,
        "max": 23.9142055511,
        "mean": 8.59711933136,
        "median": 7.77156019211,
        "min": 2.45563077927,
        "var": 12.9013109207
    },
    "erbbands_flatness_db": {
        "dmean": 0.0167026687413,
        "dmean2": 0.0258239582181,
        "dvar": 0.000217347507714,
        "dvar2": 0.000507221731823,
        "max": 0.409959286451,
        "mean": 0.179033651948,
        "median": 0.169176578522,
        "min": 0.0896156355739,
        "var": 0.00226006633602
    },
    "erbbands_kurtosis": {
        "dmean": 0.7093526721,
        "dmean2": 1.17951726913,
        "dvar": 0.644790172577,
        "dvar2": 1.60423588753,
        "max": 7.85157108307,
        "mean": 0.249806940556,
        "median": -0.0194454193115,
        "min": -1.66251111031,
        "var": 1.31733548641
    },
    "erbbands_skewness": {
        "dmean": 0.33638972044,
        "dmean2": 0.516640305519,
        "dvar": 0.0746474936604,
        "dvar2": 0.182680368423,
        "max": 2.37461805344,
        "mean": -0.00018260286015,
        "median": -0.0111447488889,
        "min": -1.53570377827,
        "var": 0.268184661865
    },
    "erbbands_spread": {
        "dmean": 5.54954433441,
        "dmean2": 9.06517219543,
        "dvar": 27.7656288147,
        "dvar2": 70.9356384277,
        "max": 66.6742553711,
        "mean": 27.8106422424,
        "median": 26.9273281097,
        "min": 5.60374164581,
        "var": 95.254486084
    },
    "hfc": {
        "dmean": 7.2050242424,
        "dmean2": 10.4963960648,
        "dvar": 87.3994903564,
        "dvar2": 182.378799438,
        "max": 108.524513245,
        "mean": 25.1491756439,
        "median": 21.2185249329,
        "min": 0.0132757006213,
        "var": 255.747344971
    },
    "melbands_crest": {
        "dmean": 4.47577285767,
        "dmean2": 7.46656608582,
        "dvar": 14.6173658371,
        "dvar2": 42.6471138,
        "max": 32.4536247253,
        "mean": 17.0165290833,
        "median": 16.7560176849,
        "min": 4.1042599678,
        "var": 38.0485420227
    },
    "melbands_flatness_db": {
        "dmean": 0.0299731194973,
        "dmean2": 0.0468548461795,
        "dvar": 0.000802006863523,
        "dvar2": 0.00190358690452,
        "max": 0.411520302296,
        "mean": 0.218445599079,
        "median": 0.213315501809,
        "min": 0.0593110173941,
        "var": 0.00314536713995
    },
    "melbands_kurtosis": {
        "dmean": 6.07875585556,
        "dmean2": 10.0443973541,
        "dvar": 78.0190658569,
        "dvar2": 209.2840271,
        "max": 124.893058777,
        "mean": 9.03818798065,
        "median": 4.66087245941,
        "min": -1.57448160648,
        "var": 150.299850464
    },
    "melbands_skewness": {
        "dmean": 0.820525109768,
        "dmean2": 1.32151627541,
        "dvar": 0.641342043877,
        "dvar2": 1.73693084717,
        "max": 9.64237594604,
        "mean": 2.40786790848,
        "median": 2.08385443687,
        "min": -0.290448009968,
        "var": 2.15141296387
    },
    "melbands_spread": {
        "dmean": 6.80701160431,
        "dmean2": 10.9128255844,
        "dvar": 43.8719787598,
        "dvar2": 104.576393127,
        "max": 74.372756958,
        "mean": 22.012840271,
        "median": 20.4288463593,
        "min": 2.19875693321,
        "var": 132.729644775
    },
    "pitch_salience": {
        "dmean": 0.0893586724997,
        "dmean2": 0.148096054792,
        "dvar": 0.00700725940987,
        "dvar2": 0.0189288314432,
        "max": 0.808433592319,
        "mean": 0.498145997524,
        "median": 0.516124427319,
        "min": 0.107526481152,
        "var": 0.0213513951749
    },
    "silence_rate_20dB": {
        "dmean": 0,
        "dmean2": 0,
        "dvar": 0,
        "dvar2": 0,
        "max": 1,
        "mean": 1,
        "median": 1,
        "min": 1,
        "var": 0
    },
    "silence_rate_30dB": {
        "dmean": 0.0061919502914,
        "dmean2": 0.0123934932053,
        "dvar": 0.00615363335237,
        "dvar2": 0.0168874207884,
        "max": 1,
        "mean": 0.99535959959,
        "median": 1,
        "min": 0,
        "var": 0.00461877696216
    },
    "silence_rate_60dB": {
        "dmean": 0.0061919502914,
        "dmean2": 0.0123934932053,
        "dvar": 0.00615343498066,
        "dvar2": 0.0122398398817,
        "max": 1,
        "mean": 0.0518174804747,
        "median": 0,
        "min": 0,
        "var": 0.0491329021752
    },
    "spectral_centroid": {
        "dmean": 218.242095947,
        "dmean2": 335.861999512,
        "dvar": 42280.0429688,
        "dvar2": 96026.3203125,
        "max": 2953.73217773,
        "mean": 1361.91772461,
        "median": 1317.28161621,
        "min": 368.449798584,
        "var": 147640.78125
    },
    "spectral_complexity": {
        "dmean": 4.32662534714,
        "dmean2": 6.48257160187,
        "dvar": 18.7431488037,
        "dvar2": 34.8307380676,
        "max": 68,
        "mean": 26.9582366943,
        "median": 26,
        "min": 0,
        "var": 106.391159058
    },
    "spectral_decrease": {
        "dmean": 3.05315217553e-09,
        "dmean2": 5.10913311658e-09,
        "dvar": 9.99522948716e-18,
        "dvar2": 2.58879622655e-17,
        "max": -2.81424102772e-12,
        "mean": -1.13710756366e-08,
        "median": -1.1436378955e-08,
        "min": -3.36553185321e-08,
        "var": 2.99802381684e-17
    },
    "spectral_energy": {
        "dmean": 0.011794552207,
        "dmean2": 0.0196450296789,
        "dvar": 0.000146774124005,
        "dvar2": 0.000374902214389,
        "max": 0.131805554032,
        "mean": 0.0451981313527,
        "median": 0.0457399003208,
        "min": 1.19101105156e-05,
        "var": 0.000451700965641
    },
    "spectral_energyband_high": {
        "dmean": 0.000254719139775,
        "dmean2": 0.000388025626307,
        "dvar": 4.51209160701e-07,
        "dvar2": 1.11013400783e-06,
        "max": 0.0077492268756,
        "mean": 0.000509763602167,
        "median": 0.000281036423985,
        "min": 2.76814704492e-09,
        "var": 6.25678978849e-07
    },
    "spectral_energyband_low": {
        "dmean": 0.0103913862258,
        "dmean2": 0.0177948474884,
        "dvar": 0.000157181362738,
        "dvar2": 0.000436533533502,
        "max": 0.108897231519,
        "mean": 0.0240977723151,
        "median": 0.0203870460391,
        "min": 1.91276594563e-09,
        "var": 0.000397557683755
    },
    "spectral_energyband_middle_high": {
        "dmean": 0.00315283448435,
        "dmean2": 0.00471879076213,
        "dvar": 1.28706287796e-05,
        "dvar2": 2.9019838621e-05,
        "max": 0.0665747150779,
        "mean": 0.00904191285372,
        "median": 0.00731874629855,
        "min": 7.92044738773e-06,
        "var": 4.56546767964e-05
    },
    "spectral_energyband_middle_low": {
        "dmean": 0.00533048668876,
        "dmean2": 0.00845693424344,
        "dvar": 5.18220986123e-05,
        "dvar2": 0.000127159393742,
        "max": 0.0743216648698,
        "mean": 0.0123501010239,
        "median": 0.0105919204652,
        "min": 2.89642639473e-06,
        "var": 9.30232708924e-05
    },
    "spectral_entropy": {
        "dmean": 0.107869572937,
        "dmean2": 0.166257426143,
        "dvar": 0.0121805984527,
        "dvar2": 0.0258331689984,
        "max": 8.27938842773,
        "mean": 7.59649991989,
        "median": 7.62086248398,
        "min": 6.47564601898,
        "var": 0.0692392364144
    },
    "spectral_flux": {
        "dmean": 0.0283537935466,
        "dmean2": 0.0442235432565,
        "dvar": 0.00095892092213,
        "dvar2": 0.00207456969656,
        "max": 0.28630656004,
        "mean": 0.113146424294,
        "median": 0.109166435897,
        "min": 0.00189696694724,
        "var": 0.00247479835525
    },
    "spectral_kurtosis": {
        "dmean": 2.09246516228,
        "dmean2": 3.53125762939,
        "dvar": 7.25375032425,
        "dvar2": 18.4348716736,
        "max": 57.0807189941,
        "mean": 5.80685043335,
        "median": 5.11587047577,
        "min": 0.410876750946,
        "var": 19.2945480347
    },
    "spectral_rms": {
        "dmean": 0.000853954290505,
        "dmean2": 0.00140496075619,
        "dvar": 6.71121256346e-07,
        "dvar2": 1.64208938713e-06,
        "max": 0.0113397873938,
        "mean": 0.00634936802089,
        "median": 0.00668014166877,
        "min": 0.000107794337964,
        "var": 3.78119307243e-06
    },
    "spectral_rolloff": {
        "dmean": 390.830657959,
        "dmean2": 651.667297363,
        "dvar": 242505.953125,
        "dvar2": 531623.375,
        "max": 9603.80859375,
        "mean": 1159.71069336,
        "median": 1291.9921875,
        "min": 86.1328125,
        "var": 525445.25
    },
    "spectral_skewness": {
        "dmean": 0.250449687243,
        "dmean2": 0.408029228449,
        "dvar": 0.0535444021225,
        "dvar2": 0.134263217449,
        "max": 5.2077960968,
        "mean": 1.62514424324,
        "median": 1.5805426836,
        "min": 0.512695491314,
        "var": 0.205270081758
    },
    "spectral_spread": {
        "dmean": 343076.8125,
        "dmean2": 524936.6875,
        "dvar": 152630542336,
        "dvar2": 318178689024,
        "max": 9446674,
        "mean": 3270248.5,
        "median": 3189520.5,
        "min": 999587.1875,
        "var": 545189986304
    },
    "spectral_strongpeak": {
        "dmean": 0.390302121639,
        "dmean2": 0.684471905231,
        "dvar": 0.402036964893,
        "dvar2": 1.07131302357,
        "max": 5.28943634033,
        "mean": 0.610801339149,
        "median": 0.390001296997,
        "min": 0,
        "var": 0.485028028488
    },
    "zerocrossingrate": {
        "dmean": 0.00687259621918,
        "dmean2": 0.00831893552095,
        "dvar": 5.20179601153e-05,
        "dvar2": 6.59774086671e-05,
        "max": 0.20263671875,
        "mean": 0.0430129319429,
        "median": 0.04150390625,
        "min": 0.00732421875,
        "var": 0.00034956811578
    },
    "barkbands": {
        "dmean": [0.000929501489736, 0.00949304457754, 0.00286337384023, 0.00123590300791, 0.00133961287793, 0.000852699158713, 0.00135010585655, 0.00200021127239, 0.00164436129853, 0.000781614740845, 0.00074340752326, 0.00038904559915, 0.000929269182961, 0.00119865324814, 0.000409242260503, 0.000459289993159, 0.00044023594819, 0.000221189562581, 0.000213456529309, 0.000122433673823, 9.38965386013e-05, 6.37140110484e-05, 3.83537699236e-05, 2.48903143074e-05, 2.12795039261e-05, 1.10789396786e-05, 1.93369125157e-08],
        "dmean2": [0.0015254043974, 0.0165056977421, 0.00517966784537, 0.00222432962619, 0.00222980161197, 0.00136338081211, 0.00219797366299, 0.00317832129076, 0.00256345560774, 0.00127789063845, 0.00123765470926, 0.000624708482064, 0.00154119043145, 0.00193794944789, 0.000642732833512, 0.000734652567189, 0.000701305049006, 0.000349628709955, 0.000336308323313, 0.00019676204829, 0.000153926259372, 0.00010092802404, 6.09729904681e-05, 3.92102338083e-05, 3.4933360439e-05, 1.89925940504e-05, 3.05860865524e-08],
        "dvar": [2.05485753213e-06, 0.000163933247677, 4.22301054641e-05, 1.10878872874e-05, 6.39049812889e-06, 1.56526687078e-06, 5.40777591596e-06, 8.80342759046e-06, 6.06278899795e-06, 1.97262147594e-06, 1.30828459532e-06, 3.31247150598e-07, 2.53690564023e-06, 2.68802318715e-06, 4.04356995887e-07, 5.83208532134e-07, 3.88801822737e-07, 1.38012040907e-07, 1.0426852981e-07, 5.95907856393e-08, 4.9407081093e-08, 1.90297555491e-08, 9.3725267547e-09, 4.95554663971e-09, 3.7307050782e-09, 8.38782654444e-10, 1.22066773532e-14],
        "dvar2": [5.41598546988e-06, 0.000462565047201, 0.000118151016068, 3.03848992189e-05, 1.74651922862e-05, 3.80222149943e-06, 1.33069779622e-05, 2.15117270272e-05, 1.41537830132e-05, 4.70344502901e-06, 3.24188545164e-06, 7.87866326846e-07, 6.68693928674e-06, 6.49909725325e-06, 9.17370300613e-07, 1.41362670547e-06, 9.08565766622e-07, 3.40886174399e-07, 2.63075719431e-07, 1.48939221845e-07, 1.30864307835e-07, 4.80039972217e-08, 2.28487202492e-08, 1.19430758616e-08, 1.00937729286e-08, 2.49899545501e-09, 1.70300395557e-14],
        "max": [0.0142878768966, 0.104253724217, 0.0468226335943, 0.0448480658233, 0.039435133338, 0.0130358152092, 0.0393772944808, 0.0305966921151, 0.0313441418111, 0.0261118412018, 0.0183075889945, 0.00676625408232, 0.02650112845, 0.0231184884906, 0.0075514591299, 0.00978159252554, 0.0092091858387, 0.00476335687563, 0.00302631710656, 0.0025371524971, 0.00285859778523, 0.0016311215004, 0.00118337117601, 0.000805881689303, 0.000804938783403, 0.000296847341815, 3.01531258629e-06],
        "mean": [0.00125548266806, 0.0193113703281, 0.00290754600428, 0.0012728665024, 0.00224797753617, 0.00125813041814, 0.00177827710286, 0.00286675128154, 0.00252905744128, 0.0012073405087, 0.00107615161687, 0.00059433025308, 0.00147268164437, 0.00183470302727, 0.000685815699399, 0.000732366344891, 0.000789439480286, 0.000383186532417, 0.000380463519832, 0.000198111898499, 0.000162407377502, 0.000115669587103, 6.40467478661e-05, 3.49816364178e-05, 2.81622578768e-05, 1.08406238724e-05, 1.56239376992e-08],
        "median": [0.000583872722927, 0.0148306041956, 0.000937894743402, 0.000521552865393, 0.00126008864027, 0.000619526195806, 0.000799876404926, 0.0014273992274, 0.00112736411393, 0.000633995572571, 0.000632351613604, 0.000339875259669, 0.000843707239255, 0.00117717776448, 0.000369456160115, 0.000429178500781, 0.000528752163518, 0.000209906735108, 0.000227408338105, 0.000104389881017, 9.31466929615e-05, 6.613140431e-05, 2.72572542599e-05, 1.08813092083e-05, 1.42954841067e-05, 3.46319461642e-06, 7.61969043417e-10],
        "min": [2.05967794903e-11, 9.83998715842e-11, 6.49610143455e-10, 1.00883967846e-09, 1.81118930964e-09, 5.37867776984e-08, 1.18215280054e-06, 6.0559642634e-07, 1.46424042669e-07, 3.2969012409e-07, 3.30399217319e-07, 6.56368854379e-07, 2.53772441283e-07, 1.71646524905e-06, 5.84094088651e-08, 4.64724116966e-08, 9.88885204833e-08, 1.06944009204e-08, 2.99231972534e-09, 1.24256138712e-09, 7.2449390931e-10, 3.1271887857e-10, 1.60836594043e-10, 1.68216378327e-11, 3.98785865441e-12, 3.69984425042e-12, 4.99320636921e-12],
        "var": [3.04055834022e-06, 0.000329989532474, 3.77777214453e-05, 9.15897362574e-06, 1.04310320239e-05, 2.83439294435e-06, 7.66433822719e-06, 1.41939362948e-05, 1.11061062853e-05, 3.77704918719e-06, 2.1046873826e-06, 5.77767366394e-07, 3.56147506864e-06, 4.31606486018e-06, 7.86687280652e-07, 8.77042339198e-07, 7.45759336951e-07, 2.47458643798e-07, 1.8888462705e-07, 8.29793691537e-08, 6.11679311646e-08, 2.68736233267e-08, 1.34817907949e-08, 6.48592335395e-09, 3.25582827365e-09, 6.28835705729e-10, 1.16539705674e-14]
    },
    "erbbands": {
        "dmean": [0.390240162611, 1.86904990673, 2.95815467834, 3.85846543312, 4.13139533997, 4.94220685959, 5.20177698135, 7.92802333832, 13.9020233154, 39.2953796387, 36.6868057251, 41.1645622253, 22.587928772, 25.3010559082, 31.0355167389, 16.5076904297, 41.9529914856, 60.0809860229, 28.8350486755, 20.3697814941, 22.8452644348, 20.5596637726, 13.1988925934, 10.6275234222, 9.28439044952, 5.74419641495, 4.40971660614, 3.06454753876, 2.45007491112, 1.73701119423, 0.964883267879, 0.582951068878, 0.389672994614, 0.244950801134, 0.170650452375, 0.065796226263, 0.0182976946235, 0.00150733231567, 3.16949553962e-05, 1.37389142765e-05],
        "dmean2": [0.643408238888, 3.23832368851, 5.16230583191, 6.97282934189, 7.36819887161, 8.14225959778, 8.32565593719, 13.0723400116, 22.8891029358, 64.4797058105, 57.0607223511, 63.6073112488, 36.6128997803, 42.118522644, 51.2787437439, 25.5139331818, 68.7100067139, 99.3391494751, 45.4654464722, 31.9048099518, 36.2204246521, 32.5359382629, 21.1575698853, 16.3565616608, 14.6936407089, 9.08358669281, 7.16555500031, 4.92345237732, 3.90136861801, 2.80350756645, 1.47898948193, 0.918538451195, 0.616377294064, 0.394008755684, 0.290797770023, 0.114311993122, 0.0316644646227, 0.00259764003567, 5.23346971022e-05, 2.25140101975e-05],
        "dvar": [0.2407040447, 7.99891519547, 39.6423950195, 79.2431335449, 78.4060211182, 93.197013855, 62.3133049011, 139.730056763, 544.692504883, 3872.6640625, 4717.80908203, 3887.83398438, 1299.08081055, 2940.23803711, 2574.08666992, 565.182861328, 4619.84619141, 7772.38085938, 1537.1697998, 1084.27819824, 1274.5994873, 811.970947266, 392.1456604, 252.086853027, 188.113571167, 139.715621948, 113.433639526, 48.0889167786, 27.974779129, 16.1422843933, 6.01432752609, 2.53719496727, 1.22549712658, 0.422247260809, 0.258878678083, 0.0288841146976, 0.00239815446548, 1.70769963006e-05, 6.20039841692e-09, 2.08463385443e-10],
        "dvar2": [0.718062162399, 21.7608261108, 104.697692871, 213.400558472, 224.838378906, 246.387924194, 151.903991699, 349.253265381, 1397.80322266, 10429.5507812, 10556.3164062, 8769.6796875, 3089.51025391, 7262.36621094, 6225.23242188, 1319.20202637, 12031.8740234, 19689.34375, 3677.8515625, 2513.57250977, 3082.84667969, 1817.04138184, 953.395141602, 594.887329102, 455.411560059, 347.721374512, 297.112762451, 121.746528625, 71.3280181885, 41.9496765137, 14.0258131027, 6.16436195374, 2.88265943527, 1.06866168976, 0.734808683395, 0.0865116640925, 0.00677309604362, 4.66483907076e-05, 1.63730611291e-08, 5.15115394784e-10],
        "max": [3.20544028282, 26.7376785278, 53.3054542542, 104.967521667, 96.1655654907, 156.187606812, 104.110244751, 120.735343933, 367.764404297, 804.658447266, 860.538757324, 744.182678223, 431.983978271, 1087.09558105, 1017.8885498, 317.962921143, 899.382995605, 1302.0177002, 395.799865723, 415.664581299, 514.68182373, 344.420837402, 283.872375488, 154.329605103, 135.443817139, 130.053985596, 121.279518127, 91.385269165, 56.8155670166, 50.1575965881, 29.7027206421, 17.0579891205, 11.9843730927, 9.05415630341, 6.51396465302, 1.60347211361, 0.52527230978, 0.0483206436038, 0.000973748101387, 0.000193724466953],
        "mean": [0.653567433357, 3.929915905, 3.90786480904, 4.32243347168, 5.11111783981, 8.00566482544, 8.44735050201, 11.3601827621, 18.8619842529, 53.8241233826, 54.454284668, 63.8738288879, 36.4300270081, 38.5007019043, 46.8621139526, 29.8351306915, 69.07447052, 96.4399185181, 50.3082847595, 36.9377670288, 40.4203567505, 39.3173027039, 24.2761955261, 20.2148838043, 16.8050403595, 9.57992362976, 7.4828748703, 5.45320224762, 4.26135826111, 3.08423638344, 1.62774443626, 0.835085451603, 0.547084033489, 0.345640659332, 0.184067681432, 0.064653173089, 0.017252292484, 0.00130575930234, 5.17560438311e-05, 5.40182118129e-05],
        "median": [0.505609869957, 2.85991954803, 2.07464909554, 1.74161016941, 3.15856027603, 3.74015188217, 4.36349058151, 5.91302108765, 10.1949882507, 29.2193260193, 27.2664108276, 29.3953304291, 20.3763999939, 20.6173400879, 27.9710292816, 18.6285152435, 41.7974967957, 64.4209213257, 31.3657169342, 22.8763160706, 24.9369220734, 26.9090003967, 15.1797990799, 12.1578264236, 9.77516269684, 5.07116270065, 4.08239126205, 3.07848477364, 2.41868472099, 1.76476407051, 0.621007323265, 0.211586073041, 0.21467526257, 0.186768382788, 0.0696308016777, 0.0200943537056, 0.00514707062393, 0.000305750669213, 3.44413565472e-05, 5.51420816919e-05],
        "min": [3.37198824418e-09, 3.78185056604e-08, 8.92435878086e-07, 2.66584629571e-06, 5.22214077137e-06, 9.59817953117e-06, 0.000105881343188, 0.00101497455034, 0.0115071693435, 0.0134512688965, 0.0117556462064, 0.00425664661452, 0.00637170113623, 0.0144277662039, 0.0209033600986, 0.0319693125784, 0.0324526838958, 0.0828954279423, 0.0246138107032, 0.00606997543946, 0.00463115610182, 0.0038206782192, 0.00131800398231, 0.000279716594378, 0.000126075436128, 6.03298394708e-05, 4.93451698276e-05, 1.51177200678e-05, 1.16070741569e-05, 6.37928542346e-06, 5.14096791449e-06, 7.97509414951e-07, 3.07939558297e-07, 1.84073300602e-07, 4.18311998374e-08, 2.34354153861e-08, 1.28414692213e-08, 5.17085219087e-09, 7.65326024776e-09, 1.46557290748e-08],
        "var": [0.402751505375, 16.3827991486, 43.7091445923, 78.5768890381, 61.1945152283, 176.877853394, 136.77041626, 220.281982422, 685.963562012, 5363.04931641, 7066.99462891, 7362.20898438, 2246.41137695, 4870.76757812, 4099.85595703, 1148.48156738, 7188.29101562, 12391.7734375, 2835.96582031, 1994.6550293, 2223.69018555, 1654.28076172, 736.317871094, 528.117980957, 369.187591553, 195.301818848, 139.592559814, 65.2325897217, 38.1981582642, 20.5009651184, 9.55602359772, 3.81869626045, 1.46273887157, 0.431198984385, 0.194545894861, 0.0220363941044, 0.00176351366099, 1.25256347019e-05, 5.41946931776e-09, 6.31487806491e-10]
    },
    "gfcc": {
        "mean": [9.91281223297, 114.107803345, -145.172653198, 27.0397396088, -50.1738739014, 17.4815731049, -29.8600730896, 12.0191164017, -13.0655832291, 8.94103622437, -11.8936710358, -1.67605292797, -10.1623449326],
        "cov": [[8200.05664062, -305.715087891, 1418.65710449, 1739.2512207, 535.030639648, 920.672119141, 425.09954834, 803.197937012, 79.9192962646, 334.442108154, -164.870361328, 232.399047852, 48.4332542419], [-305.715087891, 756.845703125, 101.414215088, 260.952301025, 245.566375732, 80.8798217773, 243.671905518, -49.1275520325, 160.922271729, -71.3248748779, 122.665855408, -54.7010345459, 148.700180054], [1418.65710449, 101.414215088, 690.348937988, 542.196472168, 309.275115967, 335.709014893, 143.549545288, 183.394012451, 20.9515705109, 115.886695862, -10.9689130783, 84.5142593384, 64.7389450073], [1739.2512207, 260.952301025, 542.196472168, 867.362792969, 364.970397949, 410.122833252, 283.817626953, 182.715042114, 128.172653198, 37.9376525879, 77.8218536377, 35.8219985962, 165.065475464], [535.030639648, 245.566375732, 309.275115967, 364.970397949, 368.893157959, 277.906921387, 226.594863892, 136.659362793, 91.9158935547, 78.8681945801, 46.3658256531, 40.179775238, 114.109451294], [920.672119141, 80.8798217773, 335.709014893, 410.122833252, 277.906921387, 448.795776367, 258.521240234, 218.148406982, 75.3031997681, 101.640731812, 64.2191085815, -6.39611196518, 116.571838379], [425.09954834, 243.671905518, 143.549545288, 283.817626953, 226.594863892, 258.521240234, 332.267211914, 148.121047974, 122.028060913, 66.969329834, 81.5003814697, -28.6273212433, 91.1896286011], [803.197937012, -49.1275520325, 183.394012451, 182.715042114, 136.659362793, 218.148406982, 148.121047974, 235.778366089, 70.6157302856, 120.894470215, 8.3863992691, 15.2143096924, 38.4567375183], [79.9192962646, 160.922271729, 20.9515705109, 128.172653198, 91.9158935547, 75.3031997681, 122.028060913, 70.6157302856, 147.982803345, 34.7415237427, 57.0200881958, -14.7494344711, 48.445930481], [334.442108154, -71.3248748779, 115.886695862, 37.9376525879, 78.8681945801, 101.640731812, 66.969329834, 120.894470215, 34.7415237427, 157.457626343, 8.11124610901, 25.1469535828, -1.53479850292], [-164.870361328, 122.665855408, -10.9689130783, 77.8218536377, 46.3658256531, 64.2191085815, 81.5003814697, 8.3863992691, 57.0200881958, 8.11124610901, 105.859909058, -13.6084604263, 57.2548789978], [232.399047852, -54.7010345459, 84.5142593384, 35.8219985962, 40.179775238, -6.39611196518, -28.6273212433, 15.2143096924, -14.7494344711, 25.1469535828, -13.6084604263, 94.7478637695, 5.91416931152], [48.4332542419, 148.700180054, 64.7389450073, 165.065475464, 114.109451294, 116.571838379, 91.1896286011, 38.4567375183, 48.445930481, -1.53479850292, 57.2548789978, 5.91416931152, 132.556060791]],
        "icov": [[0.000542310939636, -0.000439759489382, 0.000356112752343, -0.00150486431085, 0.000983121921308, -0.000397097785026, 0.000212497194298, -0.0015353342751, 0.00078627403127, -0.000441646552645, 0.00116175075527, -0.00112501450349, 0.00105324899778], [-0.000439759489382, 0.00569982873276, -0.00296291592531, 0.00245712394826, -0.00386122660711, 0.00371075537987, -0.00343485292979, 0.00407756539062, -0.00415399251506, 0.00326583418064, -0.0028980167117, 0.00459880335256, -0.00400288728997], [0.000356112752343, -0.00296291592531, 0.00688875280321, -0.00440933043137, 0.000251513760304, -0.00351107749157, 0.00323516805656, -0.00243883789517, 0.00395243708044, -0.00378750474192, 0.00310280313715, -0.00422185659409, 0.00403293780982], [-0.00150486431085, 0.00245712394826, -0.00440933043137, 0.00866442639381, -0.00343502522446, 0.000795581494458, -0.00222236756235, 0.00487740663812, -0.00499123893678, 0.00458023510873, -0.00421135406941, 0.00353313121013, -0.00493268528953], [0.000983121921308, -0.00386122660711, 0.000251513760304, -0.00343502522446, 0.0129622295499, -0.00501358183101, -0.00156528386287, -0.00171501992736, 0.000963294354733, -0.00375940813683, 0.00584906991571, -0.00763446837664, 0.000370545429178], [-0.000397097785026, 0.00371075537987, -0.00351107749157, 0.000795581494458, -0.00501358183101, 0.0125533947721, -0.00410939194262, -0.00275183911435, 0.00129216501955, 0.00193621346261, -0.0051166950725, 0.00738325482234, -0.00496114557609], [0.000212497194298, -0.00343485292979, 0.00323516805656, -0.00222236756235, -0.00156528386287, -0.00410939194262, 0.0115447761491, -0.00448645511642, 0.000515930936672, -0.00194864266086, -0.00107476464473, 0.000268287869403, 0.00352494698018], [-0.0015353342751, 0.00407756539062, -0.00243883789517, 0.00487740663812, -0.00171501992736, -0.00275183911435, -0.00448645511642, 0.0198608636856, -0.0084714377299, -0.00365537637845, 0.00142508000135, 0.00263849226758, -0.00535439001396], [0.00078627403127, -0.00415399251506, 0.00395243708044, -0.00499123893678, 0.000963294354733, 0.00129216501955, 0.000515930936672, -0.0084714377299, 0.0173329357058, -0.00374034279957, -0.0018373032799, -0.00154800491873, 0.00327941542491], [-0.000441646552645, 0.00326583418064, -0.00378750474192, 0.00458023510873, -0.00375940813683, 0.00193621346261, -0.00194864266086, -0.00365537637845, -0.00374034279957, 0.0156893655658, -0.00524505227804, 0.000816714542452, 0.000356268661562], [0.00116175075527, -0.0028980167117, 0.00310280313715, -0.00421135406941, 0.00584906991571, -0.0051166950725, -0.00107476464473, 0.00142508000135, -0.0018373032799, -0.00524505227804, 0.0211140364408, -0.00481727998704, -0.00194826663937], [-0.00112501450349, 0.00459880335256, -0.00422185659409, 0.00353313121013, -0.00763446837664, 0.00738325482234, 0.000268287869403, 0.00263849226758, -0.00154800491873, 0.000816714542452, -0.00481727998704, 0.0210320297629, -0.00623892899603], [0.00105324899778, -0.00400288728997, 0.00403293780982, -0.00493268528953, 0.000370545429178, -0.00496114557609, 0.00352494698018, -0.00535439001396, 0.00327941542491, 0.000356268661562, -0.00194826663937, -0.00623892899603, 0.0189201831818]]
    },
    "melbands": {
        "dmean": [0.00294738425873, 0.00158312241547, 0.000664923922159, 0.000301054009469, 0.000199764297577, 0.000177166890353, 0.000221990630962, 0.000437528593466, 0.0003074943088, 0.000247379823122, 0.000112424728286, 0.000107796455268, 0.000101541438198, 5.42855304957e-05, 7.40434916224e-05, 8.85853005457e-05, 0.000125929858768, 5.45946641068e-05, 2.89138515654e-05, 3.5144857975e-05, 2.90861698886e-05, 2.3544746e-05, 1.93384094018e-05, 1.05246745079e-05, 9.08488891582e-06, 8.47411502036e-06, 5.24342476638e-06, 3.78545473723e-06, 3.01996942653e-06, 2.44052534981e-06, 1.78653112926e-06, 1.51623839884e-06, 1.20948152471e-06, 9.61630462371e-07, 6.44735507649e-07, 4.05074587206e-07, 3.723856139e-07, 3.00996333635e-07, 2.45462388193e-07, 2.12539120525e-07],
        "dmean2": [0.00502543570474, 0.00272276555188, 0.00120088062249, 0.000522959744558, 0.000315819692332, 0.000287902832497, 0.000363256694982, 0.000719773292076, 0.000472736777738, 0.000385292980354, 0.00018383951101, 0.000179711263627, 0.000166728452314, 8.76625563251e-05, 0.000119901182188, 0.000147782353451, 0.000208491255762, 8.73236640473e-05, 4.56326233689e-05, 5.58886640647e-05, 4.64069817099e-05, 3.72054892068e-05, 3.13101008942e-05, 1.6852742192e-05, 1.4234664377e-05, 1.34791653181e-05, 8.41253222461e-06, 6.10303322901e-06, 4.95908261655e-06, 4.09899757869e-06, 2.86129329652e-06, 2.46051195063e-06, 1.95089523913e-06, 1.60135323313e-06, 1.01753039417e-06, 6.14296311596e-07, 6.00343184942e-07, 4.78636991375e-07, 3.96565553729e-07, 3.47220634467e-07],
        "dvar": [1.44400501085e-05, 6.71481120662e-06, 2.2930146315e-06, 3.6335961795e-07, 1.05057011979e-07, 6.87011549871e-08, 1.46155116454e-07, 4.33352738582e-07, 3.42118937624e-07, 1.44666913116e-07, 3.43405623937e-08, 5.48044454263e-08, 2.40965754017e-08, 6.37636476952e-09, 1.37220812491e-08, 2.76228071527e-08, 3.16147357182e-08, 5.88412296665e-09, 2.31243268978e-09, 3.88285092967e-09, 2.11619077817e-09, 1.11317854934e-09, 8.24137702526e-10, 2.85143714196e-10, 1.86274801139e-10, 1.84119178237e-10, 7.03102992494e-11, 6.89328108483e-11, 5.56621033987e-11, 2.56587407571e-11, 1.68986873106e-11, 1.08561189552e-11, 6.29118718926e-12, 5.75794013163e-12, 2.75123673843e-12, 1.01772746047e-12, 1.11814149519e-12, 7.01491436553e-13, 4.40726692337e-13, 3.0279752772e-13],
        "dvar2": [4.12048284488e-05, 1.63282529684e-05, 6.19903585175e-06, 1.03799027329e-06, 2.4743090421e-07, 1.68948645296e-07, 3.6905200318e-07, 1.16495300517e-06, 7.87189833318e-07, 3.28982878273e-07, 8.21605610213e-08, 1.36297828135e-07, 6.01049521265e-08, 1.54310697553e-08, 3.47412587587e-08, 7.70982424569e-08, 7.86439002809e-08, 1.43169724964e-08, 5.20660270453e-09, 9.12611319848e-09, 5.28516475029e-09, 2.56143573019e-09, 1.99340077778e-09, 6.65159871627e-10, 4.43519304616e-10, 4.53840715009e-10, 1.79887715834e-10, 1.73662473291e-10, 1.47072742873e-10, 6.83267262214e-11, 4.27108765022e-11, 2.78866704034e-11, 1.6267777056e-11, 1.53731992414e-11, 6.74881374743e-12, 2.18252781299e-12, 2.90513121372e-12, 1.66355752958e-12, 1.06231635901e-12, 7.98837558602e-13],
        "max": [0.0266791637987, 0.0260430593044, 0.0178760327399, 0.0084602534771, 0.00530239706859, 0.0025484370999, 0.00690731499344, 0.00793998129666, 0.00771644711494, 0.00397997489199, 0.0023085300345, 0.00467125093564, 0.00274017290212, 0.00142642867286, 0.00142356660217, 0.00343725970015, 0.00247078109533, 0.000790778547525, 0.000714581925422, 0.000833129393868, 0.000601173960604, 0.000386823114241, 0.000385923922295, 0.000206986689591, 0.000129554973682, 0.000128190571559, 9.67810410657e-05, 9.18756413739e-05, 8.64159592311e-05, 5.73654506297e-05, 5.74601799599e-05, 3.63870749425e-05, 2.8314834708e-05, 3.52424940502e-05, 2.1616311642e-05, 1.28764950205e-05, 1.18522557386e-05, 9.19354806683e-06, 9.20612637856e-06, 7.75778335083e-06],
        "mean": [0.00577853387222, 0.00319187529385, 0.0007729412755, 0.000459714443423, 0.000341533741448, 0.000257374136709, 0.00030335134943, 0.00061341165565, 0.000452425534604, 0.000377309683245, 0.000171836902155, 0.000153332235641, 0.000149859086378, 8.70322546689e-05, 0.000116431692732, 0.000143584737089, 0.000190531936823, 8.61170992721e-05, 4.83447365696e-05, 5.3597461374e-05, 4.72884676128e-05, 4.19641837652e-05, 3.19793507515e-05, 1.77583024197e-05, 1.60536092153e-05, 1.42411290653e-05, 8.88264821697e-06, 5.72809858568e-06, 4.70013628728e-06, 3.98563224735e-06, 2.92907111543e-06, 2.48608807851e-06, 2.05012088372e-06, 1.56874625645e-06, 1.01418606846e-06, 6.05156742495e-07, 4.66961040502e-07, 3.90755360513e-07, 3.36072019991e-07, 2.74722026461e-07],
        "median": [0.00459697470069, 0.00225183065049, 0.000348449044395, 0.000273057667073, 0.000167142017744, 0.00012541464821, 0.00015775236534, 0.000334179727361, 0.000223381925025, 0.000168606595253, 9.29170637392e-05, 7.78143657953e-05, 8.96734200069e-05, 5.50134063815e-05, 6.35627075098e-05, 8.40771244839e-05, 0.000122855999507, 5.05220814375e-05, 2.558595952e-05, 3.07711743517e-05, 2.80379008473e-05, 2.83522949758e-05, 1.93626274267e-05, 9.8431501101e-06, 9.47870921664e-06, 7.82411825639e-06, 5.07794720761e-06, 2.74808439826e-06, 2.33326954913e-06, 2.32300385505e-06, 1.59483772677e-06, 1.34250819883e-06, 1.17206593586e-06, 8.39985546008e-07, 3.80296114599e-07, 1.67738434698e-07, 1.00502134615e-07, 1.32597520519e-07, 1.56222171199e-07, 1.42184902074e-07],
        "min": [3.1932418515e-11, 2.29920443795e-10, 6.3121147198e-10, 4.60834120863e-10, 2.10087658381e-09, 2.34872086224e-08, 1.77795385525e-07, 1.43693029031e-07, 8.82258106571e-08, 2.11025508179e-08, 3.51948976629e-08, 5.60618822476e-08, 4.92586735845e-08, 7.81138425054e-08, 7.30506997115e-08, 4.20020107583e-08, 1.66632474929e-07, 3.47470603401e-08, 5.03173192001e-09, 4.90246598872e-09, 4.94005369944e-09, 4.977969148e-09, 1.57568480486e-09, 4.25616569766e-10, 1.60026547569e-10, 1.30372088125e-10, 4.64098204311e-11, 3.58565503678e-11, 3.13709301591e-11, 1.61796045312e-11, 5.64624562382e-12, 5.66375332051e-12, 4.17469140854e-12, 3.41487537033e-12, 2.41614172246e-12, 1.13013765013e-12, 2.61903020972e-13, 2.28483058211e-13, 1.63345140365e-13, 3.73528417669e-14],
