{
"highlevel": {
    "danceability": {
        "all": {
            "danceable": 0.0765612274408,
            "not_danceable": 0.92343878746
        },
        "probability": 0.92343878746,
        "value": "not_danceable"
    },
    "gender": {
        "all": {
            "female": 0.260973513126,
            "male": 0.739026486874
        },
        "probability": 0.739026486874,
        "value": "male"
    },
    "genre_dortmund": {
        "all": {
            "alternative": 0.194910854101,
            "blues": 0.0283308345824,
            "electronic": 0.234739482403,
            "folkcountry": 0.0242906212807,
            "funksoulrnb": 0.00962533894926,
            "jazz": 0.0152069181204,
            "pop": 0.0313028357923,
            "raphiphop": 0.0146881919354,
            "rock": 0.446904927492
        },
        "probability": 0.446904927492,
        "value": "rock"
    },
    "genre_electronic": {
        "all": {
            "ambient": 0.133495032787,
            "dnb": 0.213149502873,
            "house": 0.0335582382977,
            "techno": 0.0220960527658,
            "trance": 0.597701132298
        },
        "probability": 0.597701132298,
        "value": "trance"
    },
    "genre_rosamerica": {
        "all": {
            "cla": 0.000339703634381,
            "dan": 0.120365068316,
            "hip": 0.0278649050742,
            "jaz": 0.000352565781213,
            "pop": 0.0614832639694,
            "rhy": 0.00075404800009,
            "roc": 0.788615047932,
            "spe": 0.000225368858082
        },
        "probability": 0.788615047932,
        "value": "roc"
    },
    "genre_tzanetakis": {
        "all": {
            "blu": 0.0626541376114,
            "cla": 0.0348133966327,
            "cou": 0.0783501937985,
            "dis": 0.104547761381,
            "hip": 0.15693578124,
            "jaz": 0.313987255096,
            "met": 0.044816005975,
            "pop": 0.0627349764109,
            "reg": 0.0627352520823,
            "roc": 0.0784252434969
        },
        "probability": 0.313987255096,
        "value": "jaz"
    },
    "ismir04_rhythm": {
        "all": {
            "ChaChaCha": 0.623074710369,
            "Jive": 0.208192273974,
            "Quickstep": 0.010796229355,
            "Rumba-American": 0.00722807506099,
            "Rumba-International": 0.00139810750261,
            "Rumba-Misc": 0.000685380247887,
            "Samba": 0.13599319756,
            "Tango": 0.00490530859679,
            "VienneseWaltz": 0.00623124465346,
            "Waltz": 0.00149545853492
        },
        "probability": 0.623074710369,
        "value": "ChaChaCha"
    },
    "mood_acoustic": {
        "all": {
            "acoustic": 0.00669119227678,
            "not_acoustic": 0.993308782578
        },
        "probability": 0.993308782578,
        "value": "not_acoustic"
    },
    "mood_aggressive": {
        "all": {
            "aggressive": 0.981796681881,
            "not_aggressive": 0.0182033274323
        },
        "probability": 0.981796681881,
        "value": "aggressive"
    },
    "mood_electronic": {
        "all": {
            "electronic": 0.613904237747,
            "not_electronic": 0.386095792055
        },
        "probability": 0.613904237747,
        "value": "electronic"
    },
    "mood_happy": {
        "all": {
            "happy": 0.240029960871,
            "not_happy": 0.759970068932
        },
        "probability": 0.759970068932,
        "value": "not_happy"
    },
    "mood_party": {
        "all": {
            "not_party": 0.246252834797,
            "party": 0.753747165203
        },
        "probability": 0.753747165203,
        "value": "party"
    },
    "mood_relaxed": {
        "all": {
            "not_relaxed": 0.962930858135,
            "relaxed": 0.0370691455901
        },
        "probability": 0.962930858135,
        "value": "not_relaxed"
    },
    "mood_sad": {
        "all": {
            "not_sad": 0.980590701103,
            "sad": 0.0194093044847
        },
        "probability": 0.980590701103,
        "value": "not_sad"
    },
    "moods_mirex": {
        "all": {
            "Cluster1": 0.155342340469,
            "Cluster2": 0.0075870626606,
            "Cluster3": 0.0170533247292,
            "Cluster4": 0.00870105903596,
            "Cluster5": 0.81131619215
        },
        "probability": 0.81131619215,
        "value": "Cluster5"
    },
    "timbre": {
        "all": {
            "bright": 0.0757023692131,
            "dark": 0.924297630787
        },
        "probability": 0.924297630787,
        "value": "dark"
    },
    "tonal_atonal": {
        "all": {
            "atonal": 0.010677549988,
            "tonal": 0.989322423935
        },
        "probability": 0.989322423935,
        "value": "tonal"
    },
    "voice_instrumental": {
        "all": {
            "instrumental": 0.0163259841502,
            "voice": 0.983673989773
        },
        "probability": 0.983673989773,
        "value": "voice"
    }
},
"lowlevel": {
    "average_loudness": 0.95469212532,
    "barkbands_crest": {
        "dmean": 3.11074471474,
        "dmean2": 5.220225811,
        "dvar": 10.3515233994,
        "dvar2": 25.6587371826,
        "max": 24.2089366913,
        "mean": 9.60019207001,
        "median": 8.3490896225,
        "min": 2.33878731728,
        "var": 22.280954361
    },
    "barkbands_flatness_db": {
        "dmean": 0.0206159111112,
        "dmean2": 0.0338349714875,
        "dvar": 0.00044007008546,
        "dvar2": 0.00110288430005,
        "max": 0.243735402822,
        "mean": 0.108684815466,
        "median": 0.104091897607,
        "min": 0.0434592366219,
        "var": 0.00101441284642
    },
    "barkbands_kurtosis": {
        "dmean": 2.11863946915,
        "dmean2": 3.57211709023,
        "dvar": 13.6594610214,
        "dvar2": 35.7479629517,
        "max": 42.7296066284,
        "mean": 1.5003683567,
        "median": 0.281436443329,
        "min": -1.74915003777,
        "var": 14.8346776962
    },
    "barkbands_skewness": {
        "dmean": 0.545649528503,
        "dmean2": 0.882711350918,
        "dvar": 0.392785251141,
        "dvar2": 0.967160344124,
        "max": 6.47451114655,
        "mean": 1.28415226936,
        "median": 1.13022887707,
        "min": -0.940570771694,
        "var": 0.836889326572
    },
    "barkbands_spread": {
        "dmean": 8.10517501831,
        "dmean2": 12.8674354553,
        "dvar": 64.188835144,
        "dvar2": 149.529281616,
        "max": 82.7742156982,
        "mean": 34.8505935669,
        "median": 33.6605911255,
        "min": 6.40396022797,
        "var": 171.000732422
    },
    "dissonance": {
        "dmean": 0.0116730844602,
        "dmean2": 0.0196641106158,
        "dvar": 0.000138884352054,
        "dvar2": 0.000380453537218,
        "max": 0.499999850988,
        "mean": 0.48069229722,
        "median": 0.484497487545,
        "min": 0.389499813318,
        "var": 0.000219893190661
    },
    "dynamic_complexity": 1.28925859928,
    "erbbands_crest": {
        "dmean": 2.18404078484,
        "dmean2": 3.5639770031,
        "dvar": 5.7097735405,
        "dvar2": 13.778801918,
        "max": 24.4466018677,
        "mean": 6.66729354858,
        "median": 5.32146167755,
        "min": 2.59851813316,
        "var": 14.694773674
    },
    "erbbands_flatness_db": {
        "dmean": 0.0128712328151,
        "dmean2": 0.0199317932129,
        "dvar": 0.00012689777941,
        "dvar2": 0.000285992835416,
        "max": 0.240669116378,
        "mean": 0.127857446671,
        "median": 0.126667693257,
        "min": 0.0697779208422,
        "var": 0.000517439038958
    },
    "erbbands_kurtosis": {
        "dmean": 0.536975800991,
        "dmean2": 0.864537417889,
        "dvar": 0.3562476933,
        "dvar2": 0.837043106556,
        "max": 10.1766757965,
        "mean": -0.161077946424,
        "median": -0.383375167847,
        "min": -1.55762088299,
        "var": 0.821308791637
    },
    "erbbands_skewness": {
        "dmean": 0.317438900471,
        "dmean2": 0.488718748093,
        "dvar": 0.0749567076564,
        "dvar2": 0.153722494841,
        "max": 1.84642493725,
        "mean": -0.176631942391,
        "median": -0.284867018461,
        "min": -1.48416161537,
        "var": 0.340006142855
    },
    "erbbands_spread": {
        "dmean": 7.90846395493,
        "dmean2": 12.4679985046,
        "dvar": 54.871547699,
        "dvar2": 135.269989014,
        "max": 95.4351806641,
        "mean": 44.9237632751,
        "median": 44.4020767212,
        "min": 8.79968261719,
        "var": 177.625610352
    },
    "hfc": {
        "dmean": 9.26467895508,
        "dmean2": 13.6306972504,
        "dvar": 167.655288696,
        "dvar2": 364.115936279,
        "max": 168.977127075,
        "mean": 36.1404647827,
        "median": 30.8525028229,
        "min": 5.94261026382,
        "var": 431.591552734
    },
    "melbands_crest": {
        "dmean": 3.44376349449,
        "dmean2": 5.6578245163,
        "dvar": 9.73990917206,
        "dvar2": 24.4111385345,
        "max": 32.0642623901,
        "mean": 15.1551370621,
        "median": 14.4352693558,
        "min": 3.85086321831,
        "var": 28.5878677368
    },
    "melbands_flatness_db": {
        "dmean": 0.0280139800161,
        "dmean2": 0.0449016802013,
        "dvar": 0.00083418795839,
        "dvar2": 0.00201132846996,
        "max": 0.335749417543,
        "mean": 0.156754508615,
        "median": 0.153345540166,
        "min": 0.0309390164912,
        "var": 0.00240067718551
    },
    "melbands_kurtosis": {
        "dmean": 8.32528209686,
        "dmean2": 13.9320411682,
        "dvar": 232.192199707,
        "dvar2": 598.278625488,
        "max": 201.2449646,
        "mean": 12.2708272934,
        "median": 7.03788852692,
        "min": -0.974960565567,
        "var": 267.367889404
    },
    "melbands_skewness": {
        "dmean": 0.90226817131,
        "dmean2": 1.44870662689,
        "dvar": 1.18592476845,
        "dvar2": 2.86992120743,
        "max": 12.9651346207,
        "mean": 2.88406991959,
        "median": 2.56417608261,
        "min": 0.280328392982,
        "var": 2.54668211937
    },
    "melbands_spread": {
        "dmean": 9.79538822174,
        "dmean2": 15.6993293762,
        "dvar": 106.719436646,
        "dvar2": 245.047012329,
        "max": 152.029663086,
        "mean": 32.4656295776,
        "median": 29.7320175171,
        "min": 2.75400447845,
        "var": 354.41619873
    },
    "pitch_salience": {
        "dmean": 0.0825645253062,
        "dmean2": 0.135947197676,
        "dvar": 0.00638994853944,
        "dvar2": 0.0165829360485,
        "max": 0.795743048191,
        "mean": 0.536115527153,
        "median": 0.54642945528,
        "min": 0.130327120423,
        "var": 0.0137560740113
    },
    "silence_rate_20dB": {
        "dmean": 0,
        "dmean2": 0,
        "dvar": 0,
        "dvar2": 0,
        "max": 1,
        "mean": 1,
        "median": 1,
        "min": 1,
        "var": 0
    },
    "silence_rate_30dB": {
        "dmean": 0.0557275526226,
        "dmean2": 0.111541442573,
        "dvar": 0.0526217073202,
        "dvar2": 0.117689929903,
        "max": 1,
        "mean": 0.948955893517,
        "median": 1,
        "min": 0,
        "var": 0.048438500613
    },
    "silence_rate_60dB": {
        "dmean": 0,
        "dmean2": 0,
        "dvar": 0,
        "dvar2": 0,
        "max": 0,
        "mean": 0,
        "median": 0,
        "min": 0,
        "var": 0
    },
    "spectral_centroid": {
        "dmean": 282.144470215,
        "dmean2": 447.339324951,
        "dvar": 64385.7148438,
        "dvar2": 150339,
        "max": 3677.22387695,
        "mean": 2044.58666992,
        "median": 2029.67199707,
        "min": 713.480773926,
        "var": 228738.671875
    },
    "spectral_complexity": {
        "dmean": 4.95356035233,
        "dmean2": 7.86522054672,
        "dvar": 16.8523426056,
        "dvar2": 37.289440155,
        "max": 60,
        "mean": 35.0108261108,
        "median": 34,
        "min": 9,
        "var": 63.9085502625
    },
    "spectral_decrease": {
        "dmean": 4.47172743279e-09,
        "dmean2": 7.37065919409e-09,
        "dvar": 4.59776729872e-17,
        "dvar2": 1.13289319971e-16,
        "max": -2.05824779442e-09,
        "mean": -1.09494306955e-08,
        "median": -8.55978132819e-09,
        "min": -5.63298243605e-08,
        "var": 6.39169738509e-17
    },
    "spectral_energy": {
        "dmean": 0.0173190422356,
        "dmean2": 0.0284158475697,
        "dvar": 0.00066864764085,
        "dvar2": 0.00163733272348,
        "max": 0.217438265681,
        "mean": 0.0446036867797,
        "median": 0.0353076867759,
        "min": 0.00897983461618,
        "var": 0.000949659617618
    },
    "spectral_energyband_high": {
        "dmean": 0.000923804647755,
        "dmean2": 0.00136778189335,
        "dvar": 2.0195691377e-06,
        "dvar2": 4.12381541537e-06,
        "max": 0.0186928305775,
        "mean": 0.00244883261621,
        "median": 0.00157120707445,
        "min": 0.000118377545732,
        "var": 5.60948092243e-06
    },
    "spectral_energyband_low": {
        "dmean": 0.0147572010756,
        "dmean2": 0.0246067382395,
        "dvar": 0.000672229914926,
        "dvar2": 0.00169060355984,
        "max": 0.20575492084,
        "mean": 0.0247351527214,
        "median": 0.0150451716036,
        "min": 0.000654663308524,
        "var": 0.000850349199027
    },
    "spectral_energyband_middle_high": {
        "dmean": 0.00255372887477,
        "dmean2": 0.00401810416952,
        "dvar": 1.09545699161e-05,
        "dvar2": 2.64771642833e-05,
        "max": 0.0456588752568,
        "mean": 0.00828508101404,
        "median": 0.00662460783496,
        "min": 0.000905458873603,
        "var": 3.01214895444e-05
    },
    "spectral_energyband_middle_low": {
        "dmean": 0.0046512898989,
        "dmean2": 0.00751435244456,
        "dvar": 4.48970095022e-05,
        "dvar2": 0.000113419489935,
        "max": 0.0585311539471,
        "mean": 0.0108077563345,
        "median": 0.0086132157594,
        "min": 0.00118170515634,
        "var": 6.36988843326e-05
    },
    "spectral_entropy": {
        "dmean": 0.0903800055385,
        "dmean2": 0.137244656682,
        "dvar": 0.00689442222938,
        "dvar2": 0.014872844331,
        "max": 8.48656368256,
        "mean": 7.96727180481,
        "median": 7.95290517807,
        "min": 7.33837938309,
        "var": 0.0299380384386
    },
    "spectral_flux": {
        "dmean": 0.0337650440633,
        "dmean2": 0.0550935305655,
        "dvar": 0.00187588715926,
        "dvar2": 0.00469095166773,
        "max": 0.40840986371,
        "mean": 0.114223130047,
        "median": 0.0988050550222,
        "min": 0.0276578851044,
        "var": 0.00305479182862
    },
    "spectral_kurtosis": {
        "dmean": 0.829266607761,
        "dmean2": 1.4256554842,
        "dvar": 0.55929762125,
        "dvar2": 1.61614215374,
        "max": 7.01215076447,
        "mean": 2.23713374138,
        "median": 2.08596563339,
        "min": -0.334616184235,
        "var": 1.24042606354
    },
    "spectral_rms": {
        "dmean": 0.00113297102507,
        "dmean2": 0.00182360701729,
        "dvar": 1.95520669877e-06,
        "dvar2": 4.6038144319e-06,
        "max": 0.0145648512989,
        "mean": 0.00631286296993,
        "median": 0.00586911616847,
        "min": 0.00295986724086,
        "var": 3.66350400327e-06
    },
    "spectral_rolloff": {
        "dmean": 764.880004883,
        "dmean2": 1266.30554199,
        "dvar": 814087.375,
        "dvar2": 1762872.875,
        "max": 8548.68164062,
        "mean": 1959.33911133,
        "median": 1571.92382812,
        "min": 86.1328125,
        "var": 2294237.25
    },
    "spectral_skewness": {
        "dmean": 0.153518289328,
        "dmean2": 0.250337332487,
        "dvar": 0.0156495142728,
        "dvar2": 0.0417341217399,
        "max": 1.80961477757,
        "mean": 0.996365249157,
        "median": 0.990291237831,
        "min": 0.337699174881,
        "var": 0.0581324510276
    },
    "spectral_spread": {
        "dmean": 395085.8125,
        "dmean2": 594687.375,
        "dvar": 157599416320,
        "dvar2": 303263088640,
        "max": 8159001,
        "mean": 4488053,
        "median": 4393753,
        "min": 2207843,
        "var": 783876685824
    },
    "spectral_strongpeak": {
        "dmean": 0.478659838438,
        "dmean2": 0.817997395992,
        "dvar": 0.658392369747,
        "dvar2": 1.65459132195,
        "max": 6.66730117798,
        "mean": 0.664494454861,
        "median": 0.31227478385,
        "min": 0,
        "var": 0.953912734985
    },
    "zerocrossingrate": {
        "dmean": 0.0118865491822,
        "dmean2": 0.0140274008736,
        "dvar": 0.000129423628096,
        "dvar2": 0.000164013370522,
        "max": 0.2470703125,
        "mean": 0.0746133774519,
        "median": 0.0693359375,
        "min": 0.015625,
        "var": 0.00102962704841
    },
    "barkbands": {
        "dmean": [0.000726744183339, 0.0125319389626, 0.00352287618443, 0.00140321627259, 0.00148138147779, 0.00111196911894, 0.000732541200705, 0.000895358913112, 0.00105479347985, 0.00106659263838, 0.000674007867929, 0.000407445913879, 0.000631567498203, 0.000394367205445, 0.000342209532391, 0.000332744763, 0.000418033159804, 0.000225391413551, 0.000369777437299, 0.000303090200759, 0.000259811611613, 0.00032719047158, 0.000252630678006, 0.000138996299938, 6.50819347356e-05, 2.38576358242e-05, 9.16370126447e-08],
        "dmean2": [0.00104707549326, 0.0212084483355, 0.00604312494397, 0.0023649497889, 0.00235165539198, 0.00183650583494, 0.00121000781655, 0.00147787912283, 0.0016771875089, 0.00169850711245, 0.00105838687159, 0.000669711094815, 0.00102881190833, 0.000663142534904, 0.000590455543716, 0.000553309451789, 0.00069405452814, 0.000387021020288, 0.000609874608926, 0.000504384050146, 0.000428658968303, 0.000521720387042, 0.000375230039936, 0.000208968383959, 9.73969363258e-05, 3.58503239113e-05, 1.58662544436e-07],
        "dvar": [1.66014046954e-06, 0.000586010050029, 3.79672637791e-05, 4.96721213494e-06, 8.15042494651e-06, 1.07914902401e-05, 3.58937268174e-06, 6.14761256656e-06, 7.64368633099e-06, 5.06025071445e-06, 3.09674237542e-06, 9.48274873735e-07, 1.21426501209e-06, 2.43198627459e-07, 2.50557263826e-07, 2.30381033361e-07, 2.23586724246e-07, 1.13438758831e-07, 1.63485069038e-07, 1.70100562968e-07, 1.94780497509e-07, 2.80372319139e-07, 2.11308446296e-07, 7.07261236244e-08, 1.46966865344e-08, 2.10715489501e-09, 8.70513649229e-14],
        "dvar2": [3.34844594363e-06, 0.00149476341903, 0.000107526371721, 1.40997999551e-05, 1.96072978724e-05, 2.74446265394e-05, 8.429888112e-06, 1.52015609274e-05, 1.73655898834e-05, 1.18346952149e-05, 6.77196749166e-06, 2.54612814388e-06, 2.82716587208e-06, 6.19429727067e-07, 6.41245264887e-07, 5.99968814186e-07, 5.83745645599e-07, 3.00401296727e-07, 4.00545587809e-07, 4.2837541514e-07, 4.81971540012e-07, 6.38378594431e-07, 3.88570953191e-07, 1.42238235412e-07, 2.88869941301e-08, 4.108068552e-09, 2.22635617082e-13],
        "max": [0.0138181317598, 0.19496165216, 0.0727276057005, 0.0254366341978, 0.0255233626813, 0.0468043647707, 0.0336631834507, 0.0415884703398, 0.0360866002738, 0.0297958198935, 0.0440869517624, 0.0147820543498, 0.0148232178763, 0.00756747508422, 0.0061594247818, 0.00642786221579, 0.00721176387742, 0.00405164854601, 0.0065004946664, 0.00486181676388, 0.00530510442331, 0.00817421264946, 0.00623139273375, 0.00433842558414, 0.00212336308323, 0.000846429844387, 4.25048710895e-06],
        "mean": [0.00117469381075, 0.0166788864881, 0.00553714856505, 0.00246719480492, 0.00242107291706, 0.00142801296897, 0.00109665608034, 0.00127623323351, 0.00147226138506, 0.00179714686237, 0.000946067215409, 0.000623139494564, 0.000999799347483, 0.000619384634774, 0.000562199158594, 0.00056697067339, 0.000834036851302, 0.000418105890276, 0.000886510708369, 0.000693883222993, 0.000527138414327, 0.000633387709968, 0.000509119476192, 0.000269576761639, 0.000126684331917, 3.83493643312e-05, 7.69994059624e-08],
        "median": [0.000342518469552, 0.00673954188824, 0.00394806778058, 0.00176297989674, 0.00152753479779, 0.00060562294675, 0.000635524280369, 0.000618733814918, 0.000539651839063, 0.000628312933259, 0.000477241264889, 0.000338953075698, 0.000557437131647, 0.000441768526798, 0.000407025421737, 0.000415706221247, 0.00069222698221, 0.0003275530471, 0.000771920604166, 0.000555752718356, 0.000337211473379, 0.000350868154783, 0.000235512212384, 0.000126356462715, 5.74881014472e-05, 1.46469828906e-05, 1.60876589828e-09],
        "min": [4.56948640704e-07, 8.94654658623e-05, 2.10231901292e-05, 1.28394640342e-05, 7.15623755241e-05, 1.82614185178e-05, 1.87959667528e-05, 2.85225105472e-05, 3.42236744473e-05, 4.41363445134e-05, 1.0983156244e-05, 3.05943576677e-05, 4.31539338024e-05, 2.72773031611e-05, 3.35278600687e-05, 4.90940401505e-05, 9.1881636763e-05, 5.39836000826e-05, 0.000101461228041, 8.34208040033e-05, 2.7480737117e-05, 1.71234150912e-05, 5.98165752308e-06, 2.13818702832e-06, 6.68035071705e-10, 3.74602016073e-11, 9.74903838213e-12],
        "var": [3.19581727126e-06, 0.000662841426674, 3.43247775163e-05, 6.28380485068e-06, 1.00932484202e-05, 1.03278543975e-05, 4.26131464337e-06, 6.24343829259e-06, 1.16232331493e-05, 1.30577745949e-05, 4.63940614281e-06, 9.95105210677e-07, 1.84189582342e-06, 3.79330543865e-07, 3.27555767399e-07, 2.92102470212e-07, 3.88152500364e-07, 1.29319488451e-07, 2.76786011e-07, 2.51909654025e-07, 3.02314418832e-07, 5.33249760792e-07, 5.85645295814e-07, 1.75634298216e-07, 4.53836150882e-08, 5.37350874907e-09, 7.96324134021e-14]
    },
    "erbbands": {
        "dmean": [0.352215617895, 2.94679188728, 4.55059432983, 4.08781766891, 5.24798202515, 4.55995321274, 6.26869535446, 9.74667644501, 10.8461236954, 12.9736967087, 20.2728157043, 25.1917285919, 31.4221839905, 23.2458534241, 30.0865097046, 16.2421073914, 28.0826396942, 20.724937439, 15.481713295, 15.6539964676, 17.3332099915, 18.7740802765, 13.5298166275, 14.1212263107, 19.9032154083, 13.0511951447, 10.9562520981, 11.0542821884, 12.462635994, 8.75426769257, 7.32977819443, 3.96910405159, 1.94773042202, 0.920449197292, 0.431407541037, 0.146503806114, 0.0393696166575, 0.00288603990339, 6.85120539856e-05, 2.19317953452e-05],
        "dmean2": [0.612878143787, 4.93596887589, 7.63221406937, 6.83832550049, 8.48964977264, 7.31307697296, 10.1958265305, 16.0469703674, 17.7047405243, 21.0530014038, 32.8133239746, 39.8268165588, 50.2139663696, 36.2412223816, 47.6347961426, 26.1378688812, 45.4081192017, 34.3908462524, 26.0381813049, 26.4317836761, 28.6086521149, 30.800863266, 23.1556987762, 23.3287010193, 33.0185890198, 21.6097812653, 18.2254447937, 17.9196472168, 19.9722995758, 13.4239931107, 10.9938058853, 6.11808300018, 2.91997528076, 1.37703764439, 0.634536683559, 0.20945802331, 0.0597768388689, 0.0045090643689, 0.00010276537796, 3.51025664713e-05],
        "dvar": [0.413275510073, 35.0883674622, 66.5018386841, 41.2248764038, 118.855949402, 72.1276016235, 218.976608276, 997.989074707, 775.934509277, 598.524597168, 3938.73657227, 4773.59228516, 4324.30859375, 3158.09643555, 5615.73779297, 676.777404785, 2714.91137695, 689.944641113, 550.949768066, 676.892333984, 490.917724609, 556.613708496, 339.824554443, 293.292755127, 486.433532715, 368.505859375, 312.440979004, 359.231231689, 407.875183105, 205.489120483, 193.981109619, 59.5567512512, 15.0508432388, 3.20264720917, 0.679650247097, 0.0712400749326, 0.00745668960735, 3.55876363756e-05, 1.47983492127e-08, 9.62084634182e-10],
        "dvar2": [1.12331736088, 87.0276260376, 177.819732666, 114.40650177, 299.312866211, 166.43586731, 543.32019043, 2605.08203125, 1916.61120605, 1427.01757812, 10048.5449219, 10789.6884766, 10661.1894531, 6756.31054688, 13070.5566406, 1627.91674805, 6272.85058594, 1672.53063965, 1324.41381836, 1735.28442383, 1252.69812012, 1430.60046387, 876.812927246, 736.10546875, 1182.92578125, 922.449462891, 796.317382812, 862.331237793, 947.957885742, 445.626068115, 354.996582031, 121.88105011, 31.0952987671, 6.54158353806, 1.38627696037, 0.122850470245, 0.0159426201135, 7.76682354626e-05, 3.20797575171e-08, 2.26187535368e-09],
        "max": [6.48016929626, 45.7867736816, 86.4844360352, 72.0985107422, 103.581489563, 95.4650344849, 199.087280273, 507.43447876, 561.251342773, 358.448547363, 1178.9050293, 964.518676758, 850.623535156, 1126.58654785, 1362.31665039, 312.859313965, 729.536499023, 288.582275391, 388.595336914, 377.734008789, 246.323440552, 410.431091309, 215.263641357, 248.21421814, 274.32723999, 238.772567749, 206.402038574, 224.853652954, 309.171447754, 163.934692383, 193.749664307, 100.046577454, 67.1845779419, 40.927532196, 12.9120864868, 5.76108026505, 1.30608570576, 0.0793011710048, 0.00185973104089, 0.000284845737042],
        "mean": [0.50757420063, 3.53220510483, 7.24565029144, 7.4337182045, 8.59483623505, 7.16636705399, 8.89046478271, 11.9701938629, 16.2479915619, 19.8127651215, 29.1386241913, 36.8982048035, 46.2819099426, 44.9896202087, 44.4012069702, 29.8104572296, 45.6892814636, 36.5278320312, 27.9553604126, 29.0218906403, 34.8232955933, 39.4318847656, 28.8369064331, 32.7572212219, 46.4830284119, 31.2386837006, 24.4052219391, 20.6544933319, 23.4876823425, 17.9358692169, 14.0019140244, 7.45501852036, 3.73278093338, 1.68655025959, 0.760913848877, 0.250198960304, 0.0572894066572, 0.00377212627791, 0.000122609111713, 6.25005559414e-05],
        "median": [0.194358065724, 1.45822656155, 4.88809585571, 5.7806763649, 5.88075971603, 4.33134412766, 4.13818883896, 4.99535179138, 8.94847202301, 11.4582433701, 14.0041208267, 13.8775911331, 21.4277820587, 14.6588230133, 24.1356754303, 17.6268367767, 26.8868179321, 25.5929012299, 20.5667419434, 21.9370594025, 27.4714298248, 31.9679222107, 23.7282180786, 27.5019664764, 39.1142692566, 25.3100128174, 17.3370914459, 12.0550956726, 13.1323680878, 10.1496601105, 6.08326816559, 3.41914963722, 1.67428600788, 0.786246418953, 0.300005704165, 0.0998766869307, 0.021291108802, 0.00124352611601, 6.26436594757e-05, 5.0652626669e-05],
        "min": [0.00244224956259, 0.0450618974864, 0.0838335156441, 0.159764796495, 0.0773690119386, 0.267944276333, 0.289682507515, 0.198770016432, 0.310254305601, 0.701414108276, 0.854115128517, 1.20374536514, 1.89316689968, 1.2412828207, 2.09209775925, 2.36031007767, 2.49022269249, 1.90857315063, 2.18767786026, 3.12024283409, 4.17439842224, 4.4466085434, 3.3490884304, 3.34572315216, 5.25774049759, 3.8862080574, 2.31870365143, 0.954747319221, 0.695480287075, 0.390078186989, 0.0894295871258, 0.071072936058, 0.00594342453405, 0.000359085417585, 7.8332843259e-05, 3.38814024872e-05, 1.32548357215e-05, 2.30450791605e-06, 8.74856050359e-06, 1.24311345644e-05],
        "var": [0.513954937458, 36.4030570984, 66.7650222778, 45.6003608704, 117.990402222, 103.023429871, 276.154449463, 871.291931152, 898.179321289, 772.724365234, 3675.40283203, 7771.38427734, 6127.94042969, 12277.4394531, 8360.37207031, 1303.01794434, 4007.14233398, 1216.50134277, 788.967529297, 788.252319336, 708.643920898, 910.48260498, 450.402709961, 443.336364746, 811.611450195, 539.695739746, 484.273498535, 549.811584473, 754.036621094, 475.404632568, 520.67199707, 142.371887207, 37.2341995239, 9.18827915192, 1.84646391869, 0.238037034869, 0.012678171508, 5.38184540346e-05, 2.86244699055e-08, 1.62314650609e-09]
    },
    "gfcc": {
        "mean": [60.7366638184, 82.5311737061, -126.724342346, 58.4457397461, -59.1923294067, 28.6140632629, -27.9513931274, 16.2067775726, -20.7018222809, 3.54540753365, -14.4760093689, -1.57357418537, -12.8783521652],
        "cov": [[743.461364746, -390.723571777, 218.550888062, -60.9446716309, -110.692382812, 110.007125854, -100.819541931, 10.8732051849, -51.6901779175, 51.4925994873, -102.894775391, 62.8444328308, -62.8837814331], [-390.723571777, 500.123168945, -153.128234863, 14.6733818054, 92.4228820801, -85.9773330688, 110.141181946, -17.3569717407, 52.6408920288, -44.6247596741, 87.9663162231, -68.5470657349, 67.1226501465], [218.550888062, -153.128234863, 308.873352051, 8.32568073273, 10.931602478, 21.7996444702, -35.2692070007, 49.9073181152, -14.8401231766, 55.2802276611, -45.5756912231, 65.6088790894, -39.1034660339], [-60.9446716309, 14.6733818054, 8.32568073273, 210.983062744, 23.3006877899, -15.7918300629, -2.24337792397, -37.6440734863, 65.2279205322, -27.8423862457, 45.2955856323, -25.2040729523, 45.4624061584], [-110.692382812, 92.4228820801, 10.931602478, 23.3006877899, 151.227859497, -10.2436704636, 60.4811401367, 14.6989192963, 5.80551671982, 19.6208133698, 5.70216464996, 11.0557041168, -5.77850341797], [110.007125854, -85.9773330688, 21.7996444702, -15.7918300629, -10.2436704636, 117.899078369, 22.2572364807, 18.4346504211, -2.84157776833, -4.91260766983, -4.50333929062, -2.5789744854, 1.53857719898], [-100.819541931, 110.141181946, -35.2692070007, -2.24337792397, 60.4811401367, 22.2572364807, 136.611099243, 21.474363327, 28.2169322968, -8.00316619873, 9.70214557648, -5.0815820694, 3.60562038422], [10.8732051849, -17.3569717407, 49.9073181152, -37.6440734863, 14.6989192963, 18.4346504211, 21.474363327, 78.3207626343, 12.2083024979, 24.0071144104, -8.17243289948, 8.01128101349, -4.83935642242], [-51.6901779175, 52.6408920288, -14.8401231766, 65.2279205322, 5.80551671982, -2.84157776833, 28.2169322968, 12.2083024979, 95.6102905273, 11.0559988022, 36.9526939392, -19.9984283447, 21.1413650513], [51.4925994873, -44.6247596741, 55.2802276611, -27.8423862457, 19.6208133698, -4.91260766983, -8.00316619873, 24.0071144104, 11.0559988022, 73.8562393188, -5.73637628555, 26.2323131561, -22.3452262878], [-102.894775391, 87.9663162231, -45.5756912231, 45.2955856323, 5.70216464996, -4.50333929062, 9.70214557648, -8.17243289948, 36.9526939392, -5.73637628555, 78.8521575928, -13.4939422607, 35.6821136475], [62.8444328308, -68.5470657349, 65.6088790894, -25.2040729523, 11.0557041168, -2.5789744854, -5.0815820694, 8.01128101349, -19.9984283447, 26.2323131561, -13.4939422607, 74.081489563, -8.04294013977], [-62.8837814331, 67.1226501465, -39.1034660339, 45.4624061584, -5.77850341797, 1.53857719898, 3.60562038422, -4.83935642242, 21.1413650513, -22.3452262878, 35.6821136475, -8.04294013977, 82.8654708862]],
        "icov": [[0.00322935171425, 0.000847709889058, -0.00134558905847, 0.000407775194617, 0.0013726685429, -0.00235023139976, 0.000766033597756, 0.00159482331946, -0.000592645665165, -0.00115543033462, 0.00225070933811, -0.000378884520615, -6.18458070676e-05], [0.000847709889058, 0.00817488878965, -0.00195374293253, 0.00579646043479, -0.00407209526747, 0.00630979659036, -0.0046805315651, 0.00394213153049, -0.00250639300793, 0.0035264226608, -0.00580682279542, 0.00707216793671, -0.00527058262378], [-0.00134558905847, -0.00195374293253, 0.00725231040269, -0.00472956802696, 0.000703450932633, -0.00170030246954, 0.0021980185993, -0.00591022241861, 0.00206787791103, -0.00267660222016, 0.00268376083113, -0.00572397420183, 0.00325780850835], [0.000407775194617, 0.00579646043479, -0.00472956802696, 0.0149809317663, -0.00633746385574, 0.00512550817803, -0.0015200751368, 0.0092433784157, -0.00965846981853, 0.00756458798423, -0.00588746694848, 0.00720179174095, -0.00702959531918], [0.0013726685429, -0.00407209526747, 0.000703450932633, -0.00633746385574, 0.0131298918277, -0.00330607662909, -0.00241889990866, -0.00318220607005, 0.0051818205975, -0.00695992587134, 0.0037744208239, -0.00464763212949, 0.00377020635642], [-0.00235023139976, 0.00630979659036, -0.00170030246954, 0.00512550817803, -0.00330607662909, 0.0174306184053, -0.00725782895461, 0.000459231727291, -0.000566478294786, 0.00489388499409, -0.00751971639693, 0.00780778937042, -0.00526045961305], [0.000766033597756, -0.0046805315651, 0.0021980185993, -0.0015200751368, -0.00241889990866, -0.00725782895461, 0.015335559845, -0.00386974913999, -0.00412218598649, 0.00201190728694, 0.00494547979906, -0.00633783033118, 0.00416615232825], [0.00159482331946, 0.00394213153049, -0.00591022241861, 0.0092433784157, -0.00318220607005, 0.000459231727291, -0.00386974913999, 0.0235168989748, -0.00718279974535, -0.000928216497414, -0.000836588675156, 0.00594057235867, -0.0060127065517], [-0.000592645665165, -0.00250639300793, 0.00206787791103, -0.00965846981853, 0.0051818205975, -0.000566478294786, -0.00412218598649, -0.00718279974535, 0.0228618364781, -0.00982368178666, -0.0035276657436, 0.00190606131218, 0.00120926310774], [-0.00115543033462, 0.0035264226608, -0.00267660222016, 0.00756458798423, -0.00695992587134, 0.00489388499409, 0.00201190728694, -0.000928216497414, -0.00982368178666, 0.0264372695237, -0.00564263015985, -0.0021906667389, 0.00198793550953], [0.00225070933811, -0.00580682279542, 0.00268376083113, -0.00588746694848, 0.0037744208239, -0.00751971639693, 0.00494547979906, -0.000836588675156, -0.0035276657436, -0.00564263015985, 0.0265156198293, -0.00635669240728, -0.00160936405882], [-0.000378884520615, 0.00707216793671, -0.00572397420183, 0.00720179174095, -0.00464763212949, 0.00780778937042, -0.00633783033118, 0.00594057235867, 0.00190606131218, -0.0021906667389, -0.00635669240728, 0.0270102210343, -0.00823287572712], [-6.18458070676e-05, -0.00527058262378, 0.00325780850835, -0.00702959531918, 0.00377020635642, -0.00526045961305, 0.00416615232825, -0.0060127065517, 0.00120926310774, 0.00198793550953, -0.00160936405882, -0.00823287572712, 0.0216336827725]]
    },
    "melbands": {
        "dmean": [0.00331348972395, 0.0028076255694, 0.000707150727976, 0.000365682091797, 0.00020666862838, 0.000217718727072, 0.000159862669534, 0.000153409535415, 0.000176870991709, 0.000155193250976, 0.000159685820108, 9.9959281215e-05, 9.38564990065e-05, 5.5442123994e-05, 5.7756449678e-05, 5.47718009329e-05, 4.26124643127e-05, 2.52290865319e-05, 2.73015939456e-05, 2.55276736425e-05, 2.23549923248e-05, 2.13302500924e-05, 1.98278976313e-05, 1.13153009806e-05, 1.26323739096e-05, 1.71077699633e-05, 1.4867313439e-05, 9.0585772341e-06, 7.93673643784e-06, 6.58732005832e-06, 6.90453452989e-06, 8.04192131909e-06, 6.23965161139e-06, 4.9557784223e-06, 4.83691746922e-06, 3.6593751247e-06, 2.2316603463e-06, 1.58304180786e-06, 1.105169531e-06, 7.51272352773e-07],
        "dmean2": [0.00571417901665, 0.0046726372093, 0.00118120375555, 0.000584868656006, 0.000332413561409, 0.000358377292287, 0.000260660395725, 0.000248780328548, 0.000282538676402, 0.000246455805609, 0.000255132908933, 0.000155989953782, 0.000147561018821, 9.02354440768e-05, 9.50676621869e-05, 8.85024201125e-05, 7.16807116987e-05, 4.19773168687e-05, 4.69968363177e-05, 4.34001267422e-05, 3.72254035028e-05, 3.55324918928e-05, 3.31958690367e-05, 1.9374940166e-05, 2.10222679016e-05, 2.86569120362e-05, 2.46092331508e-05, 1.51140211528e-05, 1.34440979309e-05, 1.08284748421e-05, 1.12736906885e-05, 1.30703874675e-05, 1.00061943158e-05, 7.5911748354e-06, 7.41105895941e-06, 5.60163061891e-06, 3.50616255673e-06, 2.42586156673e-06, 1.69849579379e-06, 1.20009065085e-06],
        "dvar": [3.93920199713e-05, 2.79921459878e-05, 1.37866572913e-06, 5.5729202586e-07, 1.89766282688e-07, 4.48180884405e-07, 1.70048835457e-07, 8.92674094644e-08, 2.69111382067e-07, 1.85620820048e-07, 1.14444809185e-07, 6.30714325212e-08, 6.54372342979e-08, 1.7836416788e-08, 6.16827744437e-09, 1.3989371439e-08, 2.70634759048e-09, 1.74386471929e-09, 1.7260608498e-09, 1.51629431233e-09, 7.1255779055e-10, 7.82486908601e-10, 5.82804748905e-10, 2.38660119445e-10, 2.17395518254e-10, 3.64930308194e-10, 2.92923851841e-10, 1.69048428034e-10, 1.37947209211e-10, 1.26690075097e-10, 1.31323507624e-10, 1.73669092995e-10, 1.12883882797e-10, 6.80564354871e-11, 8.47365927426e-11, 5.29962705664e-11, 1.88150484776e-11, 1.08814311728e-11, 4.90839920791e-12, 2.64361536134e-12],
        "dvar2": [0.00010351929086, 6.83168545947e-05, 3.74253204427e-06, 1.38300583785e-06, 4.62093936449e-07, 1.16183014143e-06, 4.11221748209e-07, 2.08903458088e-07, 6.89511409746e-07, 4.18619748643e-07, 2.81590359918e-07, 1.3409606936e-07, 1.4330146314e-07, 4.71796646195e-08, 1.36548239382e-08, 3.32684919613e-08, 6.70371491651e-09, 4.19881285296e-09, 4.65654492743e-09, 3.85967702243e-09, 1.80463033406e-09, 2.06398320657e-09, 1.47939804851e-09, 6.39142017089e-10, 5.50572920588e-10, 9.27233567705e-10, 7.54626361399e-10, 4.35771724261e-10, 3.57098350889e-10, 3.20883819516e-10, 3.12316200679e-10, 4.20260298784e-10, 2.59482352272e-10, 1.4997755815e-10, 1.66181721162e-10, 1.09096412459e-10, 4.139650428e-11, 2.43334172256e-11, 9.84150955174e-12, 6.17131346026e-12],
        "max": [0.0567670427263, 0.0437716729939, 0.0122870393097, 0.00668503483757, 0.00549069605768, 0.0104585792869, 0.00801988411695, 0.00422420864925, 0.0097383139655, 0.00642979424447, 0.00450199423358, 0.00496880803257, 0.006557055749, 0.00236671231687, 0.000984188751318, 0.00200825906359, 0.000624635838903, 0.000690573477186, 0.00065273756627, 0.000562073371839, 0.0002937525569, 0.00042182134348, 0.000419635121943, 0.000163379852893, 0.00020519606187, 0.000297559396131, 0.000177656984306, 0.000152529624756, 0.000126309125335, 0.000126849190565, 0.000143612225656, 0.000219008594286, 0.000164985031006, 9.6909046988e-05, 0.000134142217576, 0.000102491110738, 5.66550952499e-05, 6.26391192782e-05, 4.80825037812e-05, 3.52962197212e-05],
        "mean": [0.00456379493698, 0.00424159318209, 0.001352078747, 0.000581041094847, 0.000310120114591, 0.000275350146694, 0.000240773108089, 0.000228493619943, 0.000250873039477, 0.000220085450565, 0.000230252771871, 0.000186573510291, 0.000134156623972, 8.90901865205e-05, 9.32647599257e-05, 8.7513231847e-05, 6.77378775435e-05, 4.21620716224e-05, 4.39166251454e-05, 4.08069754485e-05, 4.19921743742e-05, 4.19545322075e-05, 3.54698131559e-05, 2.08581604966e-05, 2.60350261669e-05, 3.61496058758e-05, 2.89561194222e-05, 1.90548962564e-05, 1.64136490639e-05, 1.22528626889e-05, 1.1678644114e-05, 1.38647237691e-05, 1.14234953799e-05, 9.43801205722e-06, 8.48791660246e-06, 6.36905633655e-06, 3.84737995773e-06, 2.73196906164e-06, 1.9602384782e-06, 1.21554967336e-06],
        "median": [0.00174913869705, 0.00258624600247, 0.0010467574466, 0.000379813980544, 0.000158925569849, 0.00011615450785, 0.000133163164719, 0.000123334175441, 0.000114443406346, 8.20303685032e-05, 9.90591797745e-05, 4.94459636684e-05, 7.00395321473e-05, 5.21984038642e-05, 5.8244473621e-05, 4.62062234874e-05, 4.78686197312e-05, 2.91443939204e-05, 3.19989812851e-05, 2.88058545266e-05, 3.28361529682e-05, 3.43389474438e-05, 2.71264434559e-05, 1.66950121638e-05, 2.14850024349e-05, 3.1342580769e-05, 2.28776898439e-05, 1.50477717398e-05, 1.20230706671e-05, 7.2800567068e-06, 6.57650980429e-06, 7.55842438593e-06, 6.00950852458e-06, 5.07965705765e-06, 3.5536586438e-06, 2.61158720605e-06, 1.80985193765e-06, 1.16323087695e-06, 8.62122192302e-07, 5.24377071542e-07],
        "min": [1.81415089173e-05, 7.07273284206e-05, 2.79169962596e-05, 1.81776322279e-05, 8.10499204817e-06, 3.69652184418e-06, 4.18328863816e-06, 7.2524794632e-06, 8.03919465397e-06, 5.68750510865e-06, 5.12134056407e-06, 4.23723895437e-06, 2.82405608232e-06, 4.78450920127e-06, 5.88194097872e-06, 4.53983921034e-06, 2.17849128603e-06, 2.39312089434e-06, 2.7339715416e-06, 3.19936498272e-06, 4.14479745814e-06, 3.27598490912e-06, 3.16546470458e-06, 1.6772331719e-06, 2.40382837546e-06, 4.430464287e-06, 2.44248326453e-06, 1.73758633082e-06, 1.52423842792e-06, 6.10753090768e-07, 4.10263197637e-07, 4.12341336187e-07, 2.81060550833e-07, 1.98371850502e-07, 3.97370172323e-08, 5.6186877373e-08, 1.56378732186e-08, 6.19730988749e-10, 7.59622139496e-12, 5.75899744559e-12],
