{
"highlevel": {
    "danceability": {
        "all": {
            "danceable": 0.827409863472,
            "not_danceable": 0.172590136528
        },
        "probability": 0.827409863472,
        "value": "danceable"
    },
    "gender": {
        "all": {
            "female": 1.43975952938e-07,
            "male": 0.999999880791
        },
        "probability": 0.999999880791,
        "value": "male"
    },
    "genre_dortmund": {
        "all": {
            "alternative": 0.0437768287957,
            "blues": 0.115262411535,
            "electronic": 0.0129828834906,
            "folkcountry": 0.196592584252,
            "funksoulrnb": 0.0225313771516,
            "jazz": 0.033671554178,
            "pop": 0.104854337871,
            "raphiphop": 0.0133469654247,
            "rock": 0.456981062889
        },
        "probability": 0.456981062889,
        "value": "rock"
    },
    "genre_electronic": {
        "all": {
            "ambient": 0.350831896067,
            "dnb": 0.518927931786,
            "house": 0.0339075662196,
            "techno": 0.0150856887922,
            "trance": 0.08124691993
        },
        "probability": 0.518927931786,
        "value": "dnb"
    },
    "genre_rosamerica": {
        "all": {
            "cla": 0.00679293135181,
            "dan": 0.0273370817304,
            "hip": 0.0321581140161,
            "jaz": 0.00655569229275,
            "pop": 0.474233567715,
            "rhy": 0.0817680805922,
            "roc": 0.364914059639,
            "spe": 0.00624046754092
        },
        "probability": 0.474233567715,
        "value": "pop"
    },
    "genre_tzanetakis": {
        "all": {
            "blu": 0.0626541376114,
            "cla": 0.0348133966327,
            "cou": 0.0783501937985,
            "dis": 0.104547761381,
            "hip": 0.15693578124,
            "jaz": 0.313987255096,
            "met": 0.044816005975,
            "pop": 0.0627349764109,
            "reg": 0.0627352520823,
            "roc": 0.0784252434969
        },
        "probability": 0.313987255096,
        "value": "jaz"
    },
    "ismir04_rhythm": {
        "all": {
            "ChaChaCha": 0.00917051173747,
            "Jive": 0.809370577335,
            "Quickstep": 0.0354613438249,
            "Rumba-American": 0.00426243431866,
            "Rumba-International": 0.0192821547389,
            "Rumba-Misc": 0.00326838274486,
            "Samba": 0.0842051878572,
            "Tango": 0.00163575203624,
            "VienneseWaltz": 0.0308788176626,
            "Waltz": 0.00246483529918
        },
        "probability": 0.809370577335,
        "value": "Jive"
    },
    "mood_acoustic": {
        "all": {
            "acoustic": 0.3717020154,
            "not_acoustic": 0.6282979846
        },
        "probability": 0.6282979846,
        "value": "not_acoustic"
    },
    "mood_aggressive": {
        "all": {
            "aggressive": 0.0424346700311,
            "not_aggressive": 0.957565307617
        },
        "probability": 0.957565307617,
        "value": "not_aggressive"
    },
    "mood_electronic": {
        "all": {
            "electronic": 0.126215949655,
            "not_electronic": 0.873784065247
        },
        "probability": 0.873784065247,
        "value": "not_electronic"
    },
    "mood_happy": {
        "all": {
            "happy": 0.929602086544,
            "not_happy": 0.0703978985548
        },
        "probability": 0.929602086544,
        "value": "happy"
    },
    "mood_party": {
        "all": {
            "not_party": 0.546192765236,
            "party": 0.453807204962
        },
        "probability": 0.546192765236,
        "value": "not_party"
    },
    "mood_relaxed": {
        "all": {
            "not_relaxed": 0.984062850475,
            "relaxed": 0.015937121585
        },
        "probability": 0.984062850475,
        "value": "not_relaxed"
    },
    "mood_sad": {
        "all": {
            "not_sad": 0.658608675003,
            "sad": 0.341391324997
        },
        "probability": 0.658608675003,
        "value": "not_sad"
    },
    "moods_mirex": {
        "all": {
            "Cluster1": 0.298286169767,
            "Cluster2": 0.354052335024,
            "Cluster3": 0.128255009651,
            "Cluster4": 0.11387155205,
            "Cluster5": 0.105534926057
        },
        "probability": 0.354052335024,
        "value": "Cluster2"
    },
    "timbre": {
        "all": {
            "bright": 0.968460440636,
            "dark": 0.0315395370126
        },
        "probability": 0.968460440636,
        "value": "bright"
    },
    "tonal_atonal": {
        "all": {
            "atonal": 0.00526047311723,
            "tonal": 0.994739532471
        },
        "probability": 0.994739532471,
        "value": "tonal"
    },
    "voice_instrumental": {
        "all": {
            "instrumental": 0.00183717603795,
            "voice": 0.998162806034
        },
        "probability": 0.998162806034,
        "value": "voice"
    }
},
"lowlevel": {
    "average_loudness": 0.973104655743,
    "barkbands_crest": {
        "dmean": 3.15581965446,
        "dmean2": 5.32706356049,
        "dvar": 6.60326480865,
        "dvar2": 17.9841518402,
        "max": 23.4814815521,
        "mean": 9.92032909393,
        "median": 9.11555671692,
        "min": 2.93776535988,
        "var": 14.7459850311
    },
    "barkbands_flatness_db": {
        "dmean": 0.0255832280964,
        "dmean2": 0.0394261181355,
        "dvar": 0.000514769810252,
        "dvar2": 0.00117483956274,
        "max": 0.354844778776,
        "mean": 0.138565585017,
        "median": 0.131277948618,
        "min": 0.0575561076403,
        "var": 0.00183277123142
    },
    "barkbands_kurtosis": {
        "dmean": 3.14905595779,
        "dmean2": 4.86099338531,
        "dvar": 35.4206809998,
        "dvar2": 72.344291687,
        "max": 125.435623169,
        "mean": 4.63939380646,
        "median": 1.95349216461,
        "min": -1.88164961338,
        "var": 92.8609771729
    },
    "barkbands_skewness": {
        "dmean": 0.588961839676,
        "dmean2": 0.899978280067,
        "dvar": 0.311394244432,
        "dvar2": 0.702902436256,
        "max": 8.93511962891,
        "mean": 1.6403721571,
        "median": 1.44870007038,
        "min": -0.370977371931,
        "var": 1.20661497116
    },
    "barkbands_spread": {
        "dmean": 6.66254377365,
        "dmean2": 9.81761837006,
        "dvar": 51.4492988586,
        "dvar2": 100.555007935,
        "max": 92.7794265747,
        "mean": 23.4226226807,
        "median": 20.9408416748,
        "min": 0.86604309082,
        "var": 189.964233398
    },
    "dissonance": {
        "dmean": 0.01969509013,
        "dmean2": 0.0323825404048,
        "dvar": 0.000365300220437,
        "dvar2": 0.000960058532655,
        "max": 0.500000059605,
        "mean": 0.465015560389,
        "median": 0.470816254616,
        "min": 0.306754976511,
        "var": 0.000678684154991
    },
    "dynamic_complexity": 1.81647384167,
    "erbbands_crest": {
        "dmean": 3.01075649261,
        "dmean2": 4.95511102676,
        "dvar": 8.29579162598,
        "dvar2": 20.4676990509,
        "max": 28.6764526367,
        "mean": 8.83629512787,
        "median": 7.8169426918,
        "min": 2.63975262642,
        "var": 17.6262702942
    },
    "erbbands_flatness_db": {
        "dmean": 0.0211943127215,
        "dmean2": 0.0317870937288,
        "dvar": 0.0003614257148,
        "dvar2": 0.000810629106127,
        "max": 0.25398299098,
        "mean": 0.135855719447,
        "median": 0.133232310414,
        "min": 0.0485044382513,
        "var": 0.000956034637056
    },
    "erbbands_kurtosis": {
        "dmean": 1.14897835255,
        "dmean2": 1.7870579958,
        "dvar": 2.40410685539,
        "dvar2": 5.82007741928,
        "max": 25.4543914795,
        "mean": 0.582891702652,
        "median": 0.0188817977905,
        "min": -1.53405511379,
        "var": 4.04749631882
    },
    "erbbands_skewness": {
        "dmean": 0.442055433989,
        "dmean2": 0.657376408577,
        "dvar": 0.154664620757,
        "dvar2": 0.330143630505,
        "max": 4.05106687546,
        "mean": 0.392121046782,
        "median": 0.44507586956,
        "min": -3.90054249763,
        "var": 0.645061254501
    },
    "erbbands_spread": {
        "dmean": 10.2058944702,
        "dmean2": 15.6874685287,
        "dvar": 91.9942855835,
        "dvar2": 206.750488281,
        "max": 102.106742859,
        "mean": 40.7073287964,
        "median": 39.3519172668,
        "min": 8.5739107132,
        "var": 269.483062744
    },
    "hfc": {
        "dmean": 9.38053321838,
        "dmean2": 13.5936517715,
        "dvar": 105.052337646,
        "dvar2": 224.021179199,
        "max": 97.3484344482,
        "mean": 23.1983127594,
        "median": 19.9881038666,
        "min": 0.533694326878,
        "var": 252.264938354
    },
    "melbands_crest": {
        "dmean": 3.58806037903,
        "dmean2": 5.97047042847,
        "dvar": 8.70303916931,
        "dvar2": 21.4332637787,
        "max": 29.9508266449,
        "mean": 13.2412414551,
        "median": 12.6381044388,
        "min": 3.81186389923,
        "var": 20.8860244751
    },
    "melbands_flatness_db": {
        "dmean": 0.0311675742269,
        "dmean2": 0.0466432571411,
        "dvar": 0.000809333170764,
        "dvar2": 0.00173270714004,
        "max": 0.464931666851,
        "mean": 0.196136787534,
        "median": 0.1878169626,
        "min": 0.0790247842669,
        "var": 0.0033082398586
    },
    "melbands_kurtosis": {
        "dmean": 7.67932701111,
        "dmean2": 11.9260282516,
        "dvar": 119.993453979,
        "dvar2": 257.232299805,
        "max": 191.336547852,
        "mean": 13.6799411774,
        "median": 8.259973526,
        "min": -1.08761298656,
        "var": 310.939483643
    },
    "melbands_skewness": {
        "dmean": 0.859138786793,
        "dmean2": 1.33957922459,
        "dvar": 0.709193229675,
        "dvar2": 1.62197065353,
        "max": 11.4024562836,
        "mean": 2.69571399689,
        "median": 2.51892185211,
        "min": -0.0827255621552,
        "var": 2.18538212776
    },
    "melbands_spread": {
        "dmean": 7.05864143372,
        "dmean2": 10.8410310745,
        "dvar": 52.500328064,
        "dvar2": 123.819313049,
        "max": 99.2573776245,
        "mean": 21.6782951355,
        "median": 20.0144939423,
        "min": 0.786605596542,
        "var": 164.812408447
    },
    "pitch_salience": {
        "dmean": 0.0823561698198,
        "dmean2": 0.137411400676,
        "dvar": 0.00473368261009,
        "dvar2": 0.0120827108622,
        "max": 0.817255079746,
        "mean": 0.56439602375,
        "median": 0.572218179703,
        "min": 0.186450615525,
        "var": 0.0100571708754
    },
    "silence_rate_20dB": {
        "dmean": 0,
        "dmean2": 0,
        "dvar": 0,
        "dvar2": 0,
        "max": 1,
        "mean": 1,
        "median": 1,
        "min": 1,
        "var": 0
    },
    "silence_rate_30dB": {
        "dmean": 0,
        "dmean2": 0,
        "dvar": 0,
        "dvar2": 0,
        "max": 1,
        "mean": 1,
        "median": 1,
        "min": 1,
        "var": 0
    },
    "silence_rate_60dB": {
        "dmean": 0,
        "dmean2": 0,
        "dvar": 0,
        "dvar2": 0,
        "max": 0,
        "mean": 0,
        "median": 0,
        "min": 0,
        "var": 0
    },
    "spectral_centroid": {
        "dmean": 299.474243164,
        "dmean2": 443.072723389,
        "dvar": 89960.7578125,
        "dvar2": 177049.28125,
        "max": 3823.28271484,
        "mean": 1323.8223877,
        "median": 1238.19775391,
        "min": 237.410522461,
        "var": 388559.78125
    },
    "spectral_complexity": {
        "dmean": 5.59055709839,
        "dmean2": 7.81409740448,
        "dvar": 29.3408241272,
        "dvar2": 54.6284484863,
        "max": 53,
        "mean": 21.0394439697,
        "median": 20,
        "min": 2,
        "var": 96.0038146973
    },
    "spectral_decrease": {
        "dmean": 3.77279718577e-09,
        "dmean2": 5.99820504377e-09,
        "dvar": 1.97366799624e-17,
        "dvar2": 5.13743912094e-17,
        "max": -6.65553556711e-10,
        "mean": -8.34463165234e-09,
        "median": -7.17313719534e-09,
        "min": -3.46388411288e-08,
        "var": 2.6498720997e-17
    },
    "spectral_energy": {
        "dmean": 0.0148988347501,
        "dmean2": 0.0235491022468,
        "dvar": 0.00029975612415,
        "dvar2": 0.000773878826294,
        "max": 0.135970398784,
        "mean": 0.033598728478,
        "median": 0.0290848091245,
        "min": 0.00256035663188,
        "var": 0.000414454203565
    },
    "spectral_energyband_high": {
        "dmean": 0.000459593196865,
        "dmean2": 0.000635069271084,
        "dvar": 3.73988257252e-07,
        "dvar2": 7.25287577552e-07,
        "max": 0.0095172598958,
        "mean": 0.000885902321897,
        "median": 0.00056557735661,
        "min": 2.1523869691e-06,
        "var": 9.8581324437e-07
    },
    "spectral_energyband_low": {
        "dmean": 0.00797806866467,
        "dmean2": 0.0140867903829,
        "dvar": 0.000187225887203,
        "dvar2": 0.000525959825609,
        "max": 0.111753843725,
        "mean": 0.0118358889595,
        "median": 0.00814959965646,
        "min": 0.000420795928221,
        "var": 0.000165493431268
    },
    "spectral_energyband_middle_high": {
        "dmean": 0.00315701519139,
        "dmean2": 0.00462302612141,
        "dvar": 1.61795378517e-05,
        "dvar2": 3.4865737689e-05,
        "max": 0.0374657995999,
        "mean": 0.00646257121116,
        "median": 0.00443868990988,
        "min": 4.92460058013e-05,
        "var": 4.13607194787e-05
    },
    "spectral_energyband_middle_low": {
        "dmean": 0.00817068759352,
        "dmean2": 0.0128623684868,
        "dvar": 0.000109963242721,
        "dvar2": 0.000271693395916,
        "max": 0.0970842316747,
        "mean": 0.0154464347288,
        "median": 0.0119614657015,
        "min": 0.000620204955339,
        "var": 0.000157550210133
    },
    "spectral_entropy": {
        "dmean": 0.184805080295,
        "dmean2": 0.263906896114,
        "dvar": 0.0336446128786,
        "dvar2": 0.0708211138844,
        "max": 8.4066324234,
        "mean": 7.63469314575,
        "median": 7.66461229324,
        "min": 6.31070041656,
        "var": 0.0987209156156
    },
    "spectral_flux": {
        "dmean": 0.0350189171731,
        "dmean2": 0.0520855560899,
        "dvar": 0.00124689762015,
        "dvar2": 0.00248229084536,
        "max": 0.331686854362,
        "mean": 0.109639674425,
        "median": 0.098959967494,
        "min": 0.0240942444652,
        "var": 0.0024244049564
    },
    "spectral_kurtosis": {
        "dmean": 1.20086610317,
        "dmean2": 1.93016386032,
        "dvar": 1.47783112526,
        "dvar2": 3.7913877964,
        "max": 15.1755218506,
        "mean": 3.88514924049,
        "median": 3.68818044662,
        "min": 0.210978984833,
        "var": 2.88067531586
    },
    "spectral_rms": {
        "dmean": 0.00119958946016,
        "dmean2": 0.00183652667329,
        "dvar": 1.40807662774e-06,
        "dvar2": 3.48083517565e-06,
        "max": 0.0115175535902,
        "mean": 0.00549256568775,
        "median": 0.00532685872167,
        "min": 0.00158047745936,
        "var": 2.6109389637e-06
    },
    "spectral_rolloff": {
        "dmean": 499.930541992,
        "dmean2": 809.905761719,
        "dvar": 619513.1875,
        "dvar2": 1353864,
        "max": 9969.87304688,
        "mean": 1264.49645996,
        "median": 1012.06054688,
        "min": 86.1328125,
        "var": 1218317.25
    },
    "spectral_skewness": {
        "dmean": 0.208786457777,
        "dmean2": 0.325948387384,
        "dvar": 0.034591794014,
        "dvar2": 0.0822214409709,
        "max": 2.84047198296,
        "mean": 1.52044320107,
        "median": 1.50950551033,
        "min": 0.427052199841,
        "var": 0.105052940547
    },
    "spectral_spread": {
        "dmean": 647347.5,
        "dmean2": 948748.5625,
        "dvar": 444103098368,
        "dvar2": 892672016384,
        "max": 13475993,
        "mean": 4816352,
        "median": 4698685,
        "min": 2586908,
        "var": 1.09003066573e+12
    },
    "spectral_strongpeak": {
        "dmean": 0.60044246912,
        "dmean2": 1.04959213734,
        "dvar": 0.801336169243,
        "dvar2": 2.09478735924,
        "max": 7.23913621902,
        "mean": 0.806338131428,
        "median": 0.38355833292,
        "min": 0,
        "var": 1.00210869312
    },
    "zerocrossingrate": {
        "dmean": 0.0113423354924,
        "dmean2": 0.0131495539099,
        "dvar": 0.000136302449391,
        "dvar2": 0.000181429189979,
        "max": 0.2275390625,
        "mean": 0.0579087212682,
        "median": 0.05419921875,
        "min": 0.00341796875,
        "var": 0.000769949459936
    },
    "barkbands": {
        "dmean": [0.000360833335435, 0.00621566176414, 0.00214175274596, 0.00145550991874, 0.00396823696792, 0.00111592316534, 0.00178072764538, 0.00173905864358, 0.00137231941335, 0.000949293083977, 0.00067873246735, 0.000728964689188, 0.000611974857748, 0.00054338859627, 0.000301402964396, 0.000230820573051, 0.000253515056102, 0.000186073390068, 0.000270184042165, 0.000191985061974, 0.000118111252959, 8.66141199367e-05, 5.99048835284e-05, 7.27925798856e-05, 8.14581580926e-05, 5.2251984016e-05, 6.55936327476e-09],
        "dmean2": [0.000620239123236, 0.0110770566389, 0.00367804523557, 0.00242511718534, 0.00657441560179, 0.00180083466694, 0.00293891318142, 0.00279139168561, 0.00222072191536, 0.00145425042138, 0.00106220762245, 0.00118474464398, 0.000982644618489, 0.000881135812961, 0.000479980459204, 0.000365069514373, 0.000405894243158, 0.000291447911877, 0.000408432591939, 0.00029715243727, 0.000175843408215, 0.000131573615363, 9.1817426437e-05, 0.000110387096356, 0.000121413635497, 8.06748721516e-05, 7.65032392991e-09],
        "dvar": [1.98902938564e-07, 0.000116960865853, 2.09182944673e-05, 4.4819626055e-06, 4.48443606729e-05, 4.22509583586e-06, 1.10889559437e-05, 1.9205521312e-05, 9.36881133384e-06, 4.42542659584e-06, 3.04843251797e-06, 1.96309156308e-06, 2.35967127082e-06, 1.3221555264e-06, 3.09458272341e-07, 1.34271090246e-07, 3.5515299146e-07, 6.14219288764e-08, 1.80440650865e-07, 8.90784832563e-08, 2.82294223553e-08, 1.69635114844e-08, 7.93477639149e-09, 1.08425108891e-08, 2.07351185111e-08, 9.1344176667e-09, 1.80503025992e-14],
        "dvar2": [5.30158843048e-07, 0.000339673453709, 5.52666570002e-05, 1.09643015094e-05, 0.000118808020488, 9.54417191679e-06, 2.9134173019e-05, 4.91882892675e-05, 2.37432941503e-05, 9.58897726377e-06, 6.85717077431e-06, 4.87745910505e-06, 6.16317902313e-06, 3.28484975398e-06, 7.35010814878e-07, 3.21853605101e-07, 9.08215895379e-07, 1.41823804256e-07, 3.90673903894e-07, 1.99761302611e-07, 5.94611542226e-08, 3.67982977423e-08, 1.91883913203e-08, 2.44344331435e-08, 4.6151718891e-08, 2.19203339924e-08, 1.80499976673e-14],
        "max": [0.00373337836936, 0.0858360528946, 0.0697252526879, 0.0261101834476, 0.0602687597275, 0.0382279157639, 0.0408290550113, 0.0724866017699, 0.037203989923, 0.0321840532124, 0.0288287196308, 0.0144080836326, 0.0208905115724, 0.012371879071, 0.00591209298, 0.00382468360476, 0.0128177851439, 0.00302727031521, 0.00810282491148, 0.00349249667488, 0.0018969286466, 0.00203142664395, 0.000990826752968, 0.0019690298941, 0.00264605670236, 0.00171582913026, 3.64160678146e-06],
        "mean": [0.00040267026634, 0.00821824278682, 0.00234143575653, 0.00208612717688, 0.00548797100782, 0.00165215367451, 0.00233801268041, 0.00204567820765, 0.00158457446378, 0.0012569722021, 0.000843483721837, 0.000925117637962, 0.000761094270274, 0.000660729361698, 0.000411625020206, 0.000359878060408, 0.000381342804758, 0.000302185304463, 0.000456275709439, 0.000332688359777, 0.000203223054996, 0.000150016523548, 9.61804908002e-05, 0.000119430296763, 0.000115998118417, 6.56073389109e-05, 6.33215124779e-09],
        "median": [0.000237506246776, 0.0052330577746, 0.00120339088608, 0.00123729580082, 0.00340329296887, 0.000884358014446, 0.0010553104803, 0.000371409812942, 0.000497084227391, 0.000288349605398, 0.000219379435293, 0.000309566850774, 0.000169951847056, 0.000158549984917, 0.000177402092959, 0.000165687000845, 0.00020068968297, 0.000182816802408, 0.000220882269787, 0.00018855529197, 0.000126671089674, 9.13388721528e-05, 5.96915815549e-05, 6.67142885504e-05, 6.26471592113e-05, 2.45151932177e-05, 5.20144205485e-10],
        "min": [3.33746839942e-07, 1.87032001122e-05, 1.78091122507e-05, 3.55611082341e-05, 2.87205602945e-05, 4.43389853899e-06, 7.16557315172e-06, 3.36907487508e-06, 6.59932129565e-06, 4.04013462685e-06, 1.17456022508e-06, 3.13461168844e-06, 1.82810504157e-06, 1.33103617372e-06, 1.50985204073e-06, 7.1242766353e-07, 2.33082755585e-06, 1.935254204e-06, 1.10662563202e-06, 6.31878265267e-07, 2.75969199492e-07, 3.1682992585e-07, 2.58303316514e-07, 2.28377700751e-07, 1.83498709561e-08, 2.21192106298e-10, 3.63137402093e-11],
        "var": [2.3251085679e-07, 9.91640481516e-05, 1.78725967999e-05, 7.85508836998e-06, 4.77059620607e-05, 6.7208998189e-06, 1.52080219777e-05, 2.34151557379e-05, 9.50580033532e-06, 8.64267167344e-06, 5.18584920428e-06, 2.68304529527e-06, 2.96387065646e-06, 1.67024063558e-06, 4.18286276727e-07, 2.45476712735e-07, 4.08605444591e-07, 1.10361710881e-07, 4.20963118586e-07, 1.6492113275e-07, 5.99648615207e-08, 3.47366189146e-08, 1.33440236638e-08, 2.3720859943e-08, 3.24256177464e-08, 1.3382210895e-08, 1.80495656805e-14]
    },
    "erbbands": {
        "dmean": [0.157533422112, 1.50939905643, 2.6916270256, 3.37036824226, 9.02535915375, 14.8770847321, 11.4985113144, 9.9079618454, 24.0505409241, 26.2862472534, 37.8797035217, 32.2384757996, 25.5203838348, 27.3119564056, 28.9196338654, 26.1130695343, 25.8636169434, 30.6557426453, 16.6979255676, 14.6738119125, 12.676322937, 13.5135250092, 10.7192468643, 9.89050769806, 13.70495224, 8.73669242859, 5.1738576889, 4.68280553818, 3.38012099266, 1.95392620564, 1.79582870007, 1.6396023035, 1.19532060623, 0.930086612701, 0.615196704865, 0.286329418421, 0.0981278419495, 0.00775961531326, 0.000146126098116, 2.19322482735e-05],
        "dmean2": [0.27302506566, 2.70249915123, 4.67594480515, 5.77323770523, 14.6942853928, 25.2048721313, 20.0219135284, 15.8641843796, 40.0817756653, 42.1015815735, 60.510761261, 52.0217933655, 39.5193862915, 42.2094192505, 45.4684829712, 42.1692085266, 41.4392585754, 49.2196426392, 26.6800346375, 23.6269207001, 19.6018867493, 21.6048564911, 16.4698982239, 14.9726543427, 20.5534667969, 13.7149419785, 7.86963319778, 6.91117143631, 5.10057449341, 2.97775888443, 2.74500966072, 2.51931142807, 1.81901788712, 1.41759777069, 0.931084573269, 0.449622780085, 0.152746871114, 0.0125291207805, 0.000229882600252, 3.33652642439e-05],
        "dvar": [0.0686642229557, 6.96594333649, 26.6429767609, 30.3885116577, 199.094039917, 804.595947266, 548.285827637, 455.349212646, 2229.64697266, 2712.19116211, 9692.4140625, 5785.01953125, 3295.77832031, 3001.00610352, 4570.40039062, 2325.77783203, 3760.2109375, 4818.28271484, 1038.77636719, 762.027893066, 431.596313477, 1018.53955078, 240.781158447, 192.540512085, 561.194519043, 219.241027832, 58.4429550171, 47.8023109436, 24.7079715729, 7.58957147598, 7.22334575653, 6.15350294113, 3.01046419144, 1.94376266003, 1.51543617249, 0.277818322182, 0.0348328314722, 0.000175327251782, 5.84056785158e-08, 5.716355167e-10],
        "dvar2": [0.185225740075, 20.6075801849, 69.2402572632, 83.8296813965, 507.857269287, 2172.66625977, 1528.6472168, 1000.14031982, 5859.6796875, 6637.73681641, 24563.5351562, 14928.8408203, 6911.07373047, 7132.48339844, 9337.71191406, 5787.69580078, 9889.83105469, 12039.53125, 2520.45727539, 1895.01708984, 1002.85272217, 2583.53881836, 535.909423828, 430.713775635, 1131.99963379, 480.063415527, 122.269851685, 108.248390198, 53.54322052, 16.6842479706, 17.2528877258, 14.8799467087, 6.79018974304, 4.45178127289, 3.32195401192, 0.72110581398, 0.0766066238284, 0.000417842093157, 1.35322309802e-07, 1.42369838141e-09],
        "max": [2.02283430099, 21.0432453156, 68.7108917236, 74.4154510498, 223.760223389, 251.129989624, 219.477157593, 476.709259033, 697.192687988, 596.929748535, 1850.4798584, 1058.54455566, 960.894897461, 698.559265137, 1161.99108887, 444.266357422, 828.350158691, 678.968505859, 384.554718018, 498.830596924, 229.816879272, 718.108886719, 173.15145874, 148.197753906, 574.583312988, 190.884628296, 95.8779144287, 93.8883209229, 78.1444244385, 28.6332988739, 33.0755500793, 35.5415115356, 33.4824905396, 23.1353187561, 25.8402252197, 9.10954093933, 2.84398531914, 0.169565781951, 0.00326678343117, 0.000242098933086],
        "mean": [0.223377808928, 1.86223781109, 3.14198970795, 4.97371816635, 13.3594503403, 18.9589748383, 13.5649166107, 15.0321455002, 31.964838028, 33.7292060852, 45.9028701782, 37.1388397217, 34.8686714172, 37.6886520386, 39.7693252563, 34.8677711487, 34.2466812134, 37.6434364319, 21.991897583, 23.3201828003, 19.9381790161, 21.0188236237, 18.4356307983, 18.4292850494, 23.958190918, 15.2335271835, 9.00850009918, 7.77471160889, 5.82091569901, 3.15879702568, 2.89449048042, 2.53783082962, 1.94048953056, 1.34744751453, 0.804374039173, 0.341506570578, 0.122470676899, 0.00856105796993, 0.000186513658264, 4.93182669743e-05],
        "median": [0.120590269566, 1.21281754971, 1.69066536427, 3.28410291672, 7.80900287628, 10.6193408966, 7.50538778305, 7.01166391373, 14.6139373779, 11.9698877335, 11.8184843063, 12.5493659973, 9.61340522766, 10.6405067444, 11.9895982742, 14.1300497055, 8.79640293121, 8.90000152588, 8.67047786713, 12.0717353821, 9.51596546173, 11.2730083466, 11.9155950546, 9.17364406586, 12.2671909332, 8.64689064026, 5.56156682968, 4.58588981628, 3.53284168243, 1.79661345482, 1.75586235523, 1.4523910284, 1.09171974659, 0.735570073128, 0.381981611252, 0.140300020576, 0.0465349331498, 0.00265409238636, 7.8343306086e-05, 4.1338171286e-05],
        "min": [0.00063229893567, 0.00548651022837, 0.0289364755154, 0.146574959159, 0.268532574177, 0.0653983727098, 0.0194492712617, 0.0638034641743, 0.202600345016, 0.164290994406, 0.134617760777, 0.149119690061, 0.143451541662, 0.14485925436, 0.147034168243, 0.128628075123, 0.104665763676, 0.124083682895, 0.0776389166713, 0.0801215097308, 0.0502878539264, 0.174153849483, 0.208656355739, 0.0419452413917, 0.0657775625587, 0.0389945134521, 0.0114132519811, 0.0114517612383, 0.0104456357658, 0.00820681452751, 0.00913559645414, 0.00651425169781, 0.00543716037646, 0.000853149453178, 0.0001203563952, 2.04930292966e-05, 9.51252059167e-06, 9.41941209476e-07, 2.70790792456e-06, 2.98128338727e-06],
        "var": [0.0720880255103, 5.61322546005, 24.344669342, 33.4471206665, 280.945343018, 737.245117188, 421.605316162, 723.705078125, 3195.9831543, 3565.1159668, 10973.7548828, 5498.93701172, 6110.95996094, 4799.06591797, 8020.61035156, 3161.31176758, 4910.74755859, 6013.96142578, 1276.08837891, 1075.39331055, 851.50592041, 1178.55053711, 421.729980469, 508.43850708, 1239.48364258, 378.045959473, 121.02809906, 91.3360900879, 51.2405204773, 14.8226594925, 12.6072273254, 11.3677892685, 6.24596405029, 3.30891633034, 2.19080305099, 0.360482513905, 0.0535053610802, 0.000225360578042, 8.30377757666e-08, 9.76342229286e-10]
    },
    "gfcc": {
        "mean": [30.7996578217, 91.0308685303, -104.963569641, 39.661529541, -57.5981254578, 18.5280952454, -37.6057128906, 16.9688854218, -29.829076767, 7.69984722137, -15.2807512283, 1.49997699261, -11.0004777908],
        "cov": [[2525.86962891, -867.421630859, -250.466842651, -303.572937012, -209.252197266, 46.5691566467, -77.728477478, 146.276260376, -114.314117432, 171.539291382, -164.497055054, 56.4596328735, -184.093032837], [-867.421630859, 825.322937012, -56.9587478638, -35.2431716919, 49.7240638733, -56.5975456238, 38.6484603882, -122.393455505, 108.404060364, -126.669830322, 111.944091797, -65.6553649902, 97.4110717773], [-250.466842651, -56.9587478638, 373.057647705, 105.93863678, 0.195172742009, -4.5192694664, -2.02965807915, 14.2776279449, -24.6450386047, 20.7390537262, 3.40300774574, 53.5823745728, -3.84443545341], [-303.572937012, -35.2431716919, 105.93863678, 314.149932861, 96.6811294556, -60.1328964233, -63.8494987488, -17.7912521362, 38.2656860352, -3.98080253601, 16.3670482635, -7.84162998199, 57.9668884277], [-209.252197266, 49.7240638733, 0.195172742009, 96.6811294556, 202.031280518, -4.11526679993, -39.2707252502, -14.8414707184, 25.2116546631, -6.68301773071, -9.41227245331, 5.32158994675, 27.2935371399], [46.5691566467, -56.5975456238, -4.5192694664, -60.1328964233, -4.11526679993, 213.931808472, 121.679977417, 11.9731969833, -15.9971475601, 4.8075761795, 11.988781929, -3.76675391197, -5.7485408783], [-77.728477478, 38.6484603882, -2.02965807915, -63.8494987488, -39.2707252502, 121.679977417, 235.549682617, 56.8810462952, -13.5614490509, -12.3257989883, 28.8175582886, 2.03304171562, -13.5548496246], [146.276260376, -122.393455505, 14.2776279449, -17.7912521362, -14.8414707184, 11.9731969833, 56.8810462952, 131.880279541, 19.407453537, 26.7993183136, -14.2829246521, 9.56510925293, -26.5425643921], [-114.314117432, 108.404060364, -24.6450386047, 38.2656860352, 25.2116546631, -15.9971475601, -13.5614490509, 19.407453537, 135.793487549, 14.9470977783, 5.45171880722, -35.3157348633, 11.00020504], [171.539291382, -126.669830322, 20.7390537262, -3.98080253601, -6.68301773071, 4.8075761795, -12.3257989883, 26.7993183136, 14.9470977783, 95.1779785156, -8.51845550537, 3.27930450439, -24.060874939], [-164.497055054, 111.944091797, 3.40300774574, 16.3670482635, -9.41227245331, 11.988781929, 28.8175582886, -14.2829246521, 5.45171880722, -8.51845550537, 83.2434463501, 11.9194993973, 21.2167949677], [56.4596328735, -65.6553649902, 53.5823745728, -7.84162998199, 5.32158994675, -3.76675391197, 2.03304171562, 9.56510925293, -35.3157348633, 3.27930450439, 11.9194993973, 86.6183166504, 7.45941209793], [-184.093032837, 97.4110717773, -3.84443545341, 57.9668884277, 27.2935371399, -5.7485408783, -13.5548496246, -26.5425643921, 11.00020504, -24.060874939, 21.2167949677, 7.45941209793, 87.0614624023]],
        "icov": [[0.00101183180232, 0.000674186099786, 0.000816199055407, 0.000438462069724, 0.000696490169503, -0.000213937528315, 0.000575291749556, -0.000309215974994, 8.79494036781e-05, -0.000639242876787, 0.000713347340934, -0.000734379340429, 0.000593437405769], [0.000674186099786, 0.00588592421263, -0.00116035121027, 0.00446381466463, -0.00213673454709, 0.00351466331631, -0.00225434056483, 0.00397351384163, -0.00448202947155, 0.00446692388505, -0.00562085490674, 0.00412950152531, -0.00360421370715], [0.000816199055407, -0.00116035121027, 0.00480583496392, -0.0028224575799, 0.00212253583595, -0.00167524931021, 0.0011371379951, -0.0015224450035, 0.00177720922511, -0.00252342200838, 0.00291583384387, -0.00452469335869, 0.00280762906186], [0.000438462069724, 0.00446381466463, -0.0028224575799, 0.00890017766505, -0.00391978630796, 0.00392042985186, -0.00126039946917, 0.00265905587003, -0.00378907937557, 0.00320669775829, -0.00561888283119, 0.00539827719331, -0.00574393104762], [0.000696490169503, -0.00213673454709, 0.00212253583595, -0.00391978630796, 0.0082151023671, -0.00305935437791, 0.00240328954533, -0.0017674525734, 0.00107626325916, -0.00223140977323, 0.0050038471818, -0.00458189146593, 0.00204544770531], [-0.000213937528315, 0.00351466331631, -0.00167524931021, 0.00392042985186, -0.00305935437791, 0.00977426487952, -0.00589312752709, 0.00397950783372, -0.00245307362638, 0.00193151121493, -0.00420821364969, 0.00432852469385, -0.00367048801854], [0.000575291749556, -0.00225434056483, 0.0011371379951, -0.00126039946917, 0.00240328954533, -0.00589312752709, 0.00958066154271, -0.00589260645211, 0.00280772405677, -0.000613157695625, 0.000515310501214, -0.00201514805667, 0.00270367995836], [-0.000309215974994, 0.00397351384163, -0.0015224450035, 0.00265905587003, -0.0017674525734, 0.00397950783372, -0.00589260645211, 0.0141356438398, -0.00598685443401, 0.0016574281035, -0.00203868793324, 0.0011276723817, -0.00111370964441], [8.79494036781e-05, -0.00448202947155, 0.00177720922511, -0.00378907937557, 0.00107626325916, -0.00245307362638, 0.00280772405677, -0.00598685443401, 0.0136049725115, -0.00585105828941, 0.00332517945208, 0.000689082371537, 0.00170925201382], [-0.000639242876787, 0.00446692388505, -0.00252342200838, 0.00320669775829, -0.00223140977323, 0.00193151121493, -0.000613157695625, 0.0016574281035, -0.00585105828941, 0.0175964515656, -0.00600107153878, 0.00353174074553, -0.000597006059252], [0.000713347340934, -0.00562085490674, 0.00291583384387, -0.00561888283119, 0.0050038471818, -0.00420821364969, 0.000515310501214, -0.00203868793324, 0.00332517945208, -0.00600107153878, 0.0224332995713, -0.00903540663421, 0.00250801281072], [-0.000734379340429, 0.00412950152531, -0.00452469335869, 0.00539827719331, -0.00458189146593, 0.00432852469385, -0.00201514805667, 0.0011276723817, 0.000689082371537, 0.00353174074553, -0.00903540663421, 0.02081938833, -0.00690794503316], [0.000593437405769, -0.00360421370715, 0.00280762906186, -0.00574393104762, 0.00204544770531, -0.00367048801854, 0.00270367995836, -0.00111370964441, 0.00170925201382, -0.000597006059252, 0.00250801281072, -0.00690794503316, 0.0195195432752]]
    },
    "melbands": {
        "dmean": [0.00157352187671, 0.00161714537535, 0.000685571751092, 0.000896372192074, 0.000468772865133, 0.000224083341891, 0.000365511572454, 0.000315582728945, 0.0003016681585, 0.000196122506168, 0.000133585330332, 0.000119453543448, 9.81452758424e-05, 8.78514620126e-05, 5.80842897762e-05, 6.34810858173e-05, 5.74609766772e-05, 3.03142642224e-05, 2.18076020246e-05, 1.676724969e-05, 1.53375240188e-05, 1.35667187351e-05, 1.54308290803e-05, 8.79330309544e-06, 8.2623664639e-06, 1.25042060972e-05, 8.75870227901e-06, 5.60305124964e-06, 3.47183140548e-06, 3.09998108605e-06, 2.735833732e-06, 2.16611897486e-06, 1.50584719449e-06, 1.03288903119e-06, 1.05188632915e-06, 1.10156338451e-06, 1.04278285562e-06, 8.92045022738e-07, 8.26197208426e-07, 8.29108842026e-07],
        "dmean2": [0.0027812004555, 0.0028608229477, 0.00114013429265, 0.00146418064833, 0.000820941291749, 0.000360471982276, 0.000609322858509, 0.000501338858157, 0.000485111115268, 0.000317862868542, 0.000206969256396, 0.000184312448255, 0.000153958040755, 0.000142719669384, 9.3250790087e-05, 0.000103794656752, 9.25151616684e-05, 4.94824816997e-05, 3.47148998117e-05, 2.69218016911e-05, 2.39559340116e-05, 2.18282657443e-05, 2.41222496697e-05, 1.37682472996e-05, 1.27244056785e-05, 1.90333648789e-05, 1.35808313644e-05, 8.91264517122e-06, 5.38922631677e-06, 4.74407170259e-06, 4.08285995945e-06, 3.33961338583e-06, 2.31756030189e-06, 1.62254548286e-06, 1.60551394401e-06, 1.75834657057e-06, 1.61858213232e-06, 1.38294069529e-06, 1.30277283006e-06, 1.2837219856e-06],
        "dvar": [7.41639769331e-06, 8.16826377559e-06, 1.06834272628e-06, 1.99516944122e-06, 1.0293061905e-06, 2.00384036475e-07, 4.80776691347e-07, 4.17963718746e-07, 5.39565746749e-07, 2.19360799747e-07, 9.00988013086e-08, 6.10464567785e-08, 6.51546088193e-08, 3.21149649096e-08, 1.58480215617e-08, 2.84128827133e-08, 1.68608540463e-08, 3.57540463902e-09, 1.85913195949e-09, 7.90295995312e-10, 6.77153277895e-10, 9.95389770608e-10, 9.50989398341e-10, 1.32698560473e-10, 1.46669634771e-10, 4.53728693506e-10, 2.0378106147e-10, 1.03407372942e-10, 2.65901901192e-11, 2.38675450931e-11, 1.81096682789e-11, 1.01772540048e-11, 4.89569322581e-12, 2.2737113841e-12, 2.4743627286e-12, 3.22248803163e-12, 2.48219890822e-12, 1.89733255149e-12, 1.47257163061e-12, 1.67069819351e-12],
        "dvar2": [2.09493755392e-05, 2.26462598221e-05, 2.76219157058e-06, 5.07247932546e-06, 2.88194678433e-06, 4.43640885806e-07, 1.2693667486e-06, 1.03854654299e-06, 1.34959577736e-06, 5.67813685848e-07, 1.89118793514e-07, 1.43575874745e-07, 1.39040153613e-07, 8.03330522103e-08, 3.73717909952e-08, 7.63074936572e-08, 4.17892209725e-08, 9.02250629764e-09, 4.47016335059e-09, 1.9917472116e-09, 1.57002455481e-09, 2.57772225787e-09, 2.24104446112e-09, 3.22862514501e-10, 3.31002475429e-10, 9.87116610673e-10, 4.60732424434e-10, 2.30925140121e-10, 5.80817234586e-11, 5.44547358594e-11, 4.27270475944e-11, 2.24574213392e-11, 1.12341351499e-11, 5.4333616599e-12, 5.7594302591e-12, 8.31812743685e-12, 5.83459279155e-12, 4.36782381097e-12, 3.56999564459e-12, 3.87798820833e-12],
        "max": [0.0214408170432, 0.0280010253191, 0.0117794387043, 0.0167613197118, 0.00949715729803, 0.00932839233428, 0.00930734258145, 0.00753012532368, 0.0128808245063, 0.00672354782, 0.00512129394338, 0.00298508256674, 0.00452040648088, 0.00193910638336, 0.00219538388774, 0.00255986629054, 0.00124558852986, 0.000572831311729, 0.000597662001383, 0.000490751757752, 0.000289727846393, 0.000733909197152, 0.000438205635874, 0.000103585080069, 0.000121663491882, 0.000410730164731, 0.000252585596172, 0.000133237088448, 7.22059266991e-05, 5.85917914577e-05, 6.6335851443e-05, 5.04148301843e-05, 2.5454297429e-05, 1.59810660989e-05, 2.03390845854e-05, 3.08846392727e-05, 2.55106242548e-05, 2.68677140411e-05, 1.64873563335e-05, 2.10924154089e-05],
        "mean": [0.00220029987395, 0.0019854910206, 0.00105507101398, 0.00131412222981, 0.000533950573299, 0.000338145211572, 0.000485906552058, 0.000397442985559, 0.000361528596841, 0.000220085014007, 0.000176181769348, 0.000158224327606, 0.000130090731545, 0.000112820460345, 7.33972992748e-05, 7.78733374318e-05, 6.84202386765e-05, 3.58405304723e-05, 3.03504002659e-05, 2.68216354016e-05, 2.24636678468e-05, 1.96911678358e-05, 2.26989450312e-05, 1.38948171298e-05, 1.44320656545e-05, 2.00252598006e-05, 1.45892972796e-05, 8.97516565601e-06, 5.64327865504e-06, 4.90949378218e-06, 4.34296271123e-06, 3.55168572241e-06, 2.34623394135e-06, 1.49304025854e-06, 1.65151868714e-06, 1.60391994086e-06, 1.53672692704e-06, 1.38887298817e-06, 1.19019978229e-06, 1.12863222057e-06],
        "median": [0.00132724177092, 0.00116983056068, 0.000690973945893, 0.000801958027296, 0.000301729276543, 0.000162869764608, 0.000221898590098, 0.000111780245788, 0.000100572760857, 6.57298805891e-05, 4.46758058388e-05, 4.17854062107e-05, 3.5419670894e-05, 3.92891270167e-05, 2.28172793868e-05, 1.61384887178e-05, 1.48133221956e-05, 1.20839140436e-05, 1.38924360726e-05, 1.36340586323e-05, 9.05811612029e-06, 9.93957655737e-06, 1.30106163851e-05, 8.10686651675e-06, 6.70194640406e-06, 8.57767463458e-06, 8.11587415228e-06, 4.60836554339e-06, 3.28978944708e-06, 2.83949839286e-06, 2.42911437454e-06, 2.10077314478e-06, 1.34232561777e-06, 8.21706350962e-07, 9.488871342e-07, 9.36422509312e-07, 8.16312990537e-07, 7.77067498348e-07, 6.52434096082e-07, 5.92906360453e-07],
        "min": [5.6682538343e-06, 9.65488561633e-06, 3.25910914398e-05, 7.13690269549e-06, 7.40660141219e-07, 8.91487786703e-07, 9.99481699182e-07, 1.2992225038e-06, 7.06939374595e-07, 8.74706245213e-07, 5.47336242107e-07, 5.31982152552e-07, 5.45646742012e-07, 3.0197736578e-07, 1.799121776e-07, 2.18513804384e-07, 2.16463575953e-07, 1.15828370895e-07, 1.15177506643e-07, 7.80294442393e-08, 3.34569953964e-08, 9.6980649289e-08, 2.90930501023e-07, 5.26990469041e-08, 2.32397319166e-08, 4.29806803481e-08, 2.7976417627e-08, 2.16097220118e-08, 5.202513087e-09, 9.02549679438e-09, 5.64425040039e-09, 5.65155078291e-09, 5.96020610644e-09, 3.90782073367e-09, 1.71873237864e-09, 3.58607810114e-09, 2.54150167578e-09, 3.84054654745e-09, 1.45098599802e-10, 1.72825462275e-10],
