{
"highlevel": {
    "danceability": {
        "all": {
            "danceable": 0.153621554375,
            "not_danceable": 0.846378445625
        },
        "probability": 0.846378445625,
        "value": "not_danceable"
    },
    "gender": {
        "all": {
            "female": 0.136825814843,
            "male": 0.863174200058
        },
        "probability": 0.863174200058,
        "value": "male"
    },
    "genre_dortmund": {
        "all": {
            "alternative": 0.119490914047,
            "blues": 0.0550845004618,
            "electronic": 0.0092127295211,
            "folkcountry": 0.113612182438,
            "funksoulrnb": 0.00642946315929,
            "jazz": 0.00745930848643,
            "pop": 0.0294914413244,
            "raphiphop": 0.000303496373817,
            "rock": 0.658915936947
        },
        "probability": 0.658915936947,
        "value": "rock"
    },
    "genre_electronic": {
        "all": {
            "ambient": 0.542625486851,
            "dnb": 0.286111712456,
            "house": 0.0268636513501,
            "techno": 0.00212427671067,
            "trance": 0.142274871469
        },
        "probability": 0.542625486851,
        "value": "ambient"
    },
    "genre_rosamerica": {
        "all": {
            "cla": 0.0352471992373,
            "dan": 0.00351676950231,
            "hip": 0.00233286805451,
            "jaz": 0.00244369008578,
            "pop": 0.014257398434,
            "rhy": 0.00958608649671,
            "roc": 0.931875944138,
            "spe": 0.000740047718864
        },
        "probability": 0.931875944138,
        "value": "roc"
    },
    "genre_tzanetakis": {
        "all": {
            "blu": 0.0626541376114,
            "cla": 0.0348133966327,
            "cou": 0.0783501937985,
            "dis": 0.104547761381,
            "hip": 0.15693578124,
            "jaz": 0.313987255096,
            "met": 0.044816005975,
            "pop": 0.0627349764109,
            "reg": 0.0627352520823,
            "roc": 0.0784252434969
        },
        "probability": 0.313987255096,
        "value": "jaz"
    },
    "ismir04_rhythm": {
        "all": {
            "ChaChaCha": 0.00217660469934,
            "Jive": 0.614388346672,
            "Quickstep": 0.00165837956592,
            "Rumba-American": 0.00083677173825,
            "Rumba-International": 0.00729940133169,
            "Rumba-Misc": 0.00143298564944,
            "Samba": 0.0047149527818,
            "Tango": 0.00356038822792,
            "VienneseWaltz": 0.356307923794,
            "Waltz": 0.00762427970767
        },
        "probability": 0.614388346672,
        "value": "Jive"
    },
    "mood_acoustic": {
        "all": {
            "acoustic": 0.0113044418395,
            "not_acoustic": 0.988695561886
        },
        "probability": 0.988695561886,
        "value": "not_acoustic"
    },
    "mood_aggressive": {
        "all": {
            "aggressive": 0.656363785267,
            "not_aggressive": 0.343636214733
        },
        "probability": 0.656363785267,
        "value": "aggressive"
    },
    "mood_electronic": {
        "all": {
            "electronic": 0.0455283001065,
            "not_electronic": 0.954471707344
        },
        "probability": 0.954471707344,
        "value": "not_electronic"
    },
    "mood_happy": {
        "all": {
            "happy": 0.849770069122,
            "not_happy": 0.150229930878
        },
        "probability": 0.849770069122,
        "value": "happy"
    },
    "mood_party": {
        "all": {
            "not_party": 0.615687310696,
            "party": 0.384312689304
        },
        "probability": 0.615687310696,
        "value": "not_party"
    },
    "mood_relaxed": {
        "all": {
            "not_relaxed": 0.731780350208,
            "relaxed": 0.268219649792
        },
        "probability": 0.731780350208,
        "value": "not_relaxed"
    },
    "mood_sad": {
        "all": {
            "not_sad": 0.776513695717,
            "sad": 0.223486319184
        },
        "probability": 0.776513695717,
        "value": "not_sad"
    },
    "moods_mirex": {
        "all": {
            "Cluster1": 0.393418163061,
            "Cluster2": 0.234175249934,
            "Cluster3": 0.09144975245,
            "Cluster4": 0.0871023833752,
            "Cluster5": 0.19385445118
        },
        "probability": 0.393418163061,
        "value": "Cluster1"
    },
    "timbre": {
        "all": {
            "bright": 0.989429712296,
            "dark": 0.0105703044683
        },
        "probability": 0.989429712296,
        "value": "bright"
    },
    "tonal_atonal": {
        "all": {
            "atonal": 0.000256902072579,
            "tonal": 0.999743103981
        },
        "probability": 0.999743103981,
        "value": "tonal"
    },
    "voice_instrumental": {
        "all": {
            "instrumental": 0.79937505722,
            "voice": 0.200624927878
        },
        "probability": 0.79937505722,
        "value": "instrumental"
    }
},
"lowlevel": {
    "average_loudness": 0.979689121246,
    "barkbands_crest": {
        "dmean": 2.28669548035,
        "dmean2": 3.81867718697,
        "dvar": 4.78846359253,
        "dvar2": 12.904747963,
        "max": 21.529630661,
        "mean": 7.96011734009,
        "median": 6.97573518753,
        "min": 3.07215118408,
        "var": 11.6944828033
    },
    "barkbands_flatness_db": {
        "dmean": 0.0171349681914,
        "dmean2": 0.0283358842134,
        "dvar": 0.000264955597231,
        "dvar2": 0.000733508204576,
        "max": 0.21943642199,
        "mean": 0.127823531628,
        "median": 0.125760018826,
        "min": 0.0699667930603,
        "var": 0.000553393212613
    },
    "barkbands_kurtosis": {
        "dmean": 1.09673511982,
        "dmean2": 1.84124696255,
        "dvar": 2.55586147308,
        "dvar2": 6.83024978638,
        "max": 13.5052318573,
        "mean": 0.310425639153,
        "median": -0.178701877594,
        "min": -1.66951870918,
        "var": 2.99855923653
    },
    "barkbands_skewness": {
        "dmean": 0.41105645895,
        "dmean2": 0.656765758991,
        "dvar": 0.171974465251,
        "dvar2": 0.444051980972,
        "max": 3.40326309204,
        "mean": 0.732003331184,
        "median": 0.67527872324,
        "min": -1.32371532917,
        "var": 0.511264681816
    },
    "barkbands_spread": {
        "dmean": 4.69784259796,
        "dmean2": 7.49303007126,
        "dvar": 17.7510986328,
        "dvar2": 45.065776825,
        "max": 50.2196311951,
        "mean": 25.6674861908,
        "median": 25.1466770172,
        "min": 5.51740598679,
        "var": 57.2057151794
    },
    "dissonance": {
        "dmean": 0.0157331954688,
        "dmean2": 0.027579696849,
        "dvar": 0.000250160461292,
        "dvar2": 0.000687375722919,
        "max": 0.499711692333,
        "mean": 0.473348021507,
        "median": 0.478371441364,
        "min": 0.385385721922,
        "var": 0.000381118792575
    },
    "dynamic_complexity": 1.70054519176,
    "erbbands_crest": {
        "dmean": 2.4686729908,
        "dmean2": 3.94172286987,
        "dvar": 6.19856214523,
        "dvar2": 15.3999242783,
        "max": 30.7565631866,
        "mean": 9.52636051178,
        "median": 7.74147987366,
        "min": 2.95195865631,
        "var": 30.9681758881
    },
    "erbbands_flatness_db": {
        "dmean": 0.0142722232267,
        "dmean2": 0.0212758295238,
        "dvar": 0.000183306605322,
        "dvar2": 0.000370504858438,
        "max": 0.298138350248,
        "mean": 0.165790855885,
        "median": 0.164851382375,
        "min": 0.0934097394347,
        "var": 0.000938755169045
    },
    "erbbands_kurtosis": {
        "dmean": 0.773204624653,
        "dmean2": 1.21001601219,
        "dvar": 1.51128709316,
        "dvar2": 3.87175107002,
        "max": 21.1543960571,
        "mean": 0.642923891544,
        "median": -0.216760158539,
        "min": -1.50533783436,
        "var": 5.28134202957
    },
    "erbbands_skewness": {
        "dmean": 0.294840753078,
        "dmean2": 0.465229302645,
        "dvar": 0.0675436034799,
        "dvar2": 0.174783349037,
        "max": 2.30630588531,
        "mean": -0.115152165294,
        "median": -0.12502142787,
        "min": -1.90963494778,
        "var": 0.292809456587
    },
    "erbbands_spread": {
        "dmean": 5.96688699722,
        "dmean2": 9.1362695694,
        "dvar": 31.1292934418,
        "dvar2": 74.4690170288,
        "max": 73.3316192627,
        "mean": 31.9486865997,
        "median": 32.2784194946,
        "min": 4.67688751221,
        "var": 167.632568359
    },
    "hfc": {
        "dmean": 6.81906080246,
        "dmean2": 10.0479288101,
        "dvar": 61.4156341553,
        "dvar2": 125.697799683,
        "max": 90.7694015503,
        "mean": 27.4931125641,
        "median": 26.2337722778,
        "min": 3.12359881401,
        "var": 221.399124146
    },
    "melbands_crest": {
        "dmean": 2.85074162483,
        "dmean2": 4.78683662415,
        "dvar": 7.66663694382,
        "dvar2": 20.5349998474,
        "max": 26.4179401398,
        "mean": 10.5313491821,
        "median": 9.8463010788,
        "min": 4.27368783951,
        "var": 13.2782077789
    },
    "melbands_flatness_db": {
        "dmean": 0.0217172838748,
        "dmean2": 0.0351457707584,
        "dvar": 0.000467537582153,
        "dvar2": 0.00125189381652,
        "max": 0.288397490978,
        "mean": 0.159493297338,
        "median": 0.155936613679,
        "min": 0.0763218179345,
        "var": 0.000945956679061
    },
    "melbands_kurtosis": {
        "dmean": 3.08843302727,
        "dmean2": 5.17589664459,
        "dvar": 23.120344162,
        "dvar2": 62.9257965088,
        "max": 45.0037231445,
        "mean": 4.1428937912,
        "median": 2.33837127686,
        "min": -1.42732357979,
        "var": 29.8313732147
    },
    "melbands_skewness": {
        "dmean": 0.583551466465,
        "dmean2": 0.93243008852,
        "dvar": 0.376412987709,
        "dvar2": 0.99590164423,
        "max": 5.84030437469,
        "mean": 1.68846821785,
        "median": 1.63411855698,
        "min": -0.950560867786,
        "var": 1.11450052261
    },
    "melbands_spread": {
        "dmean": 7.27965116501,
        "dmean2": 11.6757202148,
        "dvar": 46.0304946899,
        "dvar2": 119.240829468,
        "max": 81.8629684448,
        "mean": 31.7318458557,
        "median": 31.7752857208,
        "min": 6.23129558563,
        "var": 117.592697144
    },
    "pitch_salience": {
        "dmean": 0.061699680984,
        "dmean2": 0.0989674851298,
        "dvar": 0.00333791575395,
        "dvar2": 0.00911817327142,
        "max": 0.812455236912,
        "mean": 0.577429354191,
        "median": 0.590239167213,
        "min": 0.238197758794,
        "var": 0.00966760423034
    },
    "silence_rate_20dB": {
        "dmean": 0,
        "dmean2": 0,
        "dvar": 0,
        "dvar2": 0,
        "max": 1,
        "mean": 1,
        "median": 1,
        "min": 1,
        "var": 0
    },
    "silence_rate_30dB": {
        "dmean": 0.00464396271855,
        "dmean2": 0.00929511990398,
        "dvar": 0.00462237233296,
        "dvar2": 0.0138562405482,
        "max": 1,
        "mean": 0.997679829597,
        "median": 1,
        "min": 0,
        "var": 0.00231480621733
    },
    "silence_rate_60dB": {
        "dmean": 0,
        "dmean2": 0,
        "dvar": 0,
        "dvar2": 0,
        "max": 0,
        "mean": 0,
        "median": 0,
        "min": 0,
        "var": 0
    },
    "spectral_centroid": {
        "dmean": 219.064559937,
        "dmean2": 346.020568848,
        "dvar": 40515.453125,
        "dvar2": 100788.625,
        "max": 2980.45825195,
        "mean": 1561.95849609,
        "median": 1537.96704102,
        "min": 620.558959961,
        "var": 123678.921875
    },
    "spectral_complexity": {
        "dmean": 4.02244567871,
        "dmean2": 5.58094501495,
        "dvar": 11.0435886383,
        "dvar2": 21.2163028717,
        "max": 49,
        "mean": 26.7161636353,
        "median": 26,
        "min": 10,
        "var": 45.9094390869
    },
    "spectral_decrease": {
        "dmean": 3.06850145293e-09,
        "dmean2": 5.09913578028e-09,
        "dvar": 2.30030044431e-17,
        "dvar2": 5.84598648266e-17,
        "max": -1.43793876806e-09,
        "mean": -7.64092344951e-09,
        "median": -6.3231579972e-09,
        "min": -4.29704876126e-08,
        "var": 2.63488722659e-17
    },
    "spectral_energy": {
        "dmean": 0.0120772095397,
        "dmean2": 0.0199812650681,
        "dvar": 0.000345445325365,
        "dvar2": 0.00087124761194,
        "max": 0.16810259223,
        "mean": 0.0313323177397,
        "median": 0.0264316368848,
        "min": 0.00582641176879,
        "var": 0.000415763788624
    },
    "spectral_energyband_high": {
        "dmean": 0.000225180629059,
        "dmean2": 0.000297963095363,
        "dvar": 5.85160826461e-08,
        "dvar2": 1.07563145946e-07,
        "max": 0.00498175714165,
        "mean": 0.000730275351088,
        "median": 0.000601512787398,
        "min": 2.5111312425e-05,
        "var": 2.61399151213e-07
    },
    "spectral_energyband_low": {
        "dmean": 0.00617486098781,
        "dmean2": 0.0105581879616,
        "dvar": 0.000189168742509,
        "dvar2": 0.000503159186337,
        "max": 0.130278125405,
        "mean": 0.00793694704771,
        "median": 0.00467182416469,
        "min": 4.62510724901e-05,
        "var": 0.000156006033649
    },
    "spectral_energyband_middle_high": {
        "dmean": 0.00325000099838,
        "dmean2": 0.00495483959094,
        "dvar": 2.20600722969e-05,
        "dvar2": 5.04237359564e-05,
        "max": 0.0565741620958,
        "mean": 0.0110795237124,
        "median": 0.00892057549208,
        "min": 0.000870754127391,
        "var": 7.49365790398e-05
    },
    "spectral_energyband_middle_low": {
        "dmean": 0.00568389054388,
        "dmean2": 0.00970390345901,
        "dvar": 8.83633838384e-05,
        "dvar2": 0.00024071217922,
        "max": 0.125222191215,
        "mean": 0.0122852148488,
        "median": 0.00985304359347,
        "min": 0.00211222679354,
        "var": 9.25313361222e-05
    },
    "spectral_entropy": {
        "dmean": 0.101075991988,
        "dmean2": 0.15114235878,
        "dvar": 0.0078595886007,
        "dvar2": 0.0175550784916,
        "max": 8.35108852386,
        "mean": 7.644510746,
        "median": 7.65382957458,
        "min": 6.84633398056,
        "var": 0.0357556790113
    },
    "spectral_flux": {
        "dmean": 0.0284587778151,
        "dmean2": 0.0428297556937,
        "dvar": 0.00116496498231,
        "dvar2": 0.0022754704114,
        "max": 0.345385223627,
        "mean": 0.0953448489308,
        "median": 0.0837054476142,
        "min": 0.0263472981751,
        "var": 0.00223257765174
    },
    "spectral_kurtosis": {
        "dmean": 1.28064024448,
        "dmean2": 2.2565779686,
        "dvar": 1.29142725468,
        "dvar2": 3.93200063705,
        "max": 13.3849163055,
        "mean": 3.72728943825,
        "median": 3.45895051956,
        "min": 0.759998559952,
        "var": 2.5730881691
    },
    "spectral_rms": {
        "dmean": 0.000949031265918,
        "dmean2": 0.00153426488396,
        "dvar": 1.4142103737e-06,
        "dvar2": 3.43172678186e-06,
        "max": 0.0128063475713,
        "mean": 0.00530838686973,
        "median": 0.00507808662951,
        "min": 0.00238417787477,
        "var": 2.38920574702e-06
    },
    "spectral_rolloff": {
        "dmean": 365.613861084,
        "dmean2": 607.634094238,
        "dvar": 184596.046875,
        "dvar2": 446443.96875,
        "max": 4435.83984375,
        "mean": 1705.2019043,
        "median": 1679.58984375,
        "min": 129.19921875,
        "var": 363616.71875
    },
    "spectral_skewness": {
        "dmean": 0.172705635428,
        "dmean2": 0.287851184607,
        "dvar": 0.0211709309369,
        "dvar2": 0.056313931942,
        "max": 2.67282772064,
        "mean": 1.31800663471,
        "median": 1.29372382164,
        "min": 0.539295136929,
        "var": 0.0781935825944
    },
    "spectral_spread": {
        "dmean": 267468.59375,
        "dmean2": 400762.34375,
        "dvar": 112933126144,
        "dvar2": 172243976192,
        "max": 13011701,
        "mean": 3722444.75,
        "median": 3656289.5,
        "min": 2478334,
        "var": 325176426496
    },
    "spectral_strongpeak": {
        "dmean": 0.894210457802,
        "dmean2": 1.57418549061,
        "dvar": 1.83385229111,
        "dvar2": 4.65399074554,
        "max": 9.87737751007,
        "mean": 1.65634119511,
        "median": 0.521084487438,
        "min": 0,
        "var": 4.5146279335
    },
    "zerocrossingrate": {
        "dmean": 0.00630306079984,
        "dmean2": 0.00799064151943,
        "dvar": 2.88773007924e-05,
        "dvar2": 4.94908890687e-05,
        "max": 0.10546875,
        "mean": 0.0628304332495,
        "median": 0.06201171875,
        "min": 0.02880859375,
        "var": 0.000161834381288
    },
    "barkbands": {
        "dmean": [5.18076631124e-05, 0.00322235748172, 0.00300933700055, 0.00143106328323, 0.00310775381513, 0.000857728184201, 0.000434038083768, 0.000321046623867, 0.00159881031141, 0.000480298185721, 0.000905015331227, 0.00146320206113, 0.000575150072109, 0.000620558625087, 0.0004759154981, 0.000534848601092, 0.00047950487351, 0.000211157603189, 0.000175341730937, 0.000108640211693, 0.00012007424084, 5.29684220965e-05, 1.99654859898e-05, 2.23435345106e-05, 1.01338582681e-05, 6.80705397826e-06, 2.35941866045e-09],
        "dmean2": [8.75672703842e-05, 0.005597979296, 0.0051939082332, 0.00256377132609, 0.0052839606069, 0.00145202630665, 0.000725932943169, 0.000539212313015, 0.00269423681311, 0.000798512017354, 0.00146820594091, 0.00228451192379, 0.000950608751737, 0.000976928276941, 0.000766240875237, 0.000846410694066, 0.000726912461687, 0.000327626243234, 0.000281800836092, 0.00016954370949, 0.000178725022124, 7.82769129728e-05, 2.86298491119e-05, 3.21576517308e-05, 1.45010317283e-05, 9.70243399934e-06, 3.7627416738e-09],
        "dvar": [1.59280357792e-08, 8.29416167107e-05, 3.38706631737e-05, 5.77365472054e-06, 4.31760709034e-05, 1.15355862818e-06, 2.81764158672e-07, 2.72268579238e-07, 9.91479919321e-06, 1.90506352737e-06, 8.26018185762e-06, 1.27794628497e-05, 1.24960001813e-06, 2.00633166969e-06, 7.23100868072e-07, 4.79973834899e-07, 3.69911873577e-07, 9.7675517452e-08, 5.26288594926e-08, 2.3592516385e-08, 1.43938123642e-08, 3.62239904739e-09, 6.11810657691e-10, 7.65762619981e-10, 2.08344438923e-10, 2.25703983281e-10, 5.13606421441e-16],
        "dvar2": [3.46640725013e-08, 0.000227125972742, 9.06119894353e-05, 1.66118989e-05, 0.000120343764138, 3.09606184601e-06, 7.77095351623e-07, 7.85967699812e-07, 2.7948504794e-05, 5.20972889717e-06, 2.18453897105e-05, 3.20385370287e-05, 3.10601922138e-06, 4.86036333314e-06, 1.79145365564e-06, 1.07939183636e-06, 7.60687726142e-07, 1.99781425181e-07, 1.33312028083e-07, 5.72471314797e-08, 3.3002613975e-08, 7.50070583422e-09, 1.25481236513e-09, 1.40833456008e-09, 4.13674733357e-10, 4.93086516062e-10, 5.40735563253e-16],
        "max": [0.00139132759068, 0.0932545661926, 0.0617587789893, 0.0210444815457, 0.100548580289, 0.00983239524066, 0.0086375605315, 0.00775522226468, 0.0302636306733, 0.0287477578968, 0.0377573519945, 0.0435597226024, 0.0128186494112, 0.0278824735433, 0.0134597243741, 0.00830608140677, 0.00881586223841, 0.00753010017797, 0.00241808290593, 0.00296269753017, 0.00151656917296, 0.000786899763625, 0.000326818844769, 0.000392524205381, 0.000192574923858, 0.00024274099269, 7.87198814578e-07],
        "mean": [5.73569304834e-05, 0.00409225746989, 0.00317669473588, 0.00170266232453, 0.00486605148762, 0.00162248965353, 0.000898256374057, 0.000568547169678, 0.00237690797076, 0.000649080728181, 0.00140301464126, 0.00324932695366, 0.000952991307713, 0.00101318967063, 0.000877591955941, 0.00104006635956, 0.00102988549042, 0.000504996394739, 0.000406861217925, 0.000262385117821, 0.000303239561617, 0.000133417357574, 4.98314439028e-05, 6.07387592026e-05, 2.4038443371e-05, 1.04785158328e-05, 1.91608928723e-09],
        "median": [1.32466502691e-05, 0.00252066366374, 0.00149688590318, 0.00107450329233, 0.00342045887373, 0.00125650397968, 0.000562942936085, 0.000365986401448, 0.000954777467996, 0.000347967143171, 0.00039401568938, 0.000557959545404, 0.000367932603694, 0.000491343147587, 0.000534524442628, 0.000626283872407, 0.000640144920908, 0.00028055551229, 0.000300407758914, 0.0002096616372, 0.000252901285421, 0.000103669117379, 3.41060003848e-05, 4.78425426991e-05, 1.72461441252e-05, 3.3938172237e-06, 3.82338771754e-10],
        "min": [2.08520010148e-08, 1.57212562044e-05, 5.2495752243e-06, 8.55584949022e-06, 9.64063074207e-05, 4.89322337671e-05, 1.05969820652e-05, 8.99669703358e-06, 4.14280475525e-05, 8.37732750369e-06, 1.34898427859e-05, 6.82575227984e-06, 1.07244231913e-05, 2.88989594992e-05, 2.31772573898e-05, 1.23380359582e-05, 2.08984492929e-05, 1.12503030323e-05, 7.03204432284e-06, 9.33265891945e-06, 6.97696123098e-06, 3.12800125357e-06, 6.0018470549e-07, 8.58891837652e-07, 2.19395090539e-07, 1.27504473993e-11, 1.24622707987e-11],
        "var": [1.791808657e-08, 6.10474235145e-05, 2.90979060082e-05, 4.65047924081e-06, 3.43604806403e-05, 1.73527007519e-06, 1.07148775896e-06, 4.37924143171e-07, 1.45616149894e-05, 1.50267919707e-06, 1.06047946247e-05, 4.25705002272e-05, 2.50959624282e-06, 2.75880324807e-06, 1.27657324356e-06, 1.35358402531e-06, 1.47589037169e-06, 6.29037970157e-07, 1.27924451476e-07, 6.16229129946e-08, 4.22022381485e-08, 1.16047518262e-08, 2.06142325432e-09, 2.57358179212e-09, 5.62249136138e-10, 4.22473445116e-10, 5.08985962593e-16]
    },
    "erbbands": {
        "dmean": [0.0505266040564, 0.877612352371, 3.36743426323, 3.60251045227, 10.5305719376, 9.74662780762, 6.01047611237, 7.19742298126, 5.5034828186, 7.22805929184, 9.78630924225, 31.9494342804, 28.4621715546, 14.8987140656, 43.4042167664, 55.7534294128, 26.7993717194, 23.8789348602, 26.0106582642, 25.2878341675, 31.9740371704, 25.543504715, 10.0099182129, 10.1330804825, 6.18538093567, 5.64184045792, 5.68138694763, 3.78570127487, 2.09256982803, 0.960706114769, 0.565051734447, 0.560204684734, 0.316776037216, 0.154436841607, 0.0547911226749, 0.0305075403303, 0.0140006523579, 0.00136941159144, 2.77363778878e-05, 1.43389706864e-05],
        "dmean2": [0.0855155065656, 1.53119695187, 5.78253316879, 6.33465671539, 18.5307579041, 16.0735054016, 10.1237592697, 12.0933017731, 9.53969764709, 11.7418346405, 16.183095932, 53.6105422974, 48.2855300903, 23.6239204407, 69.9370193481, 85.6011734009, 43.9449386597, 37.887676239, 40.9130020142, 40.9999046326, 50.1860466003, 38.849647522, 15.2668895721, 15.9207029343, 10.0154123306, 8.92017650604, 8.54074668884, 5.9417757988, 3.08501458168, 1.37565684319, 0.818650960922, 0.825758755207, 0.450865030289, 0.225568816066, 0.0793020948768, 0.0448952279985, 0.0203947648406, 0.00212225178257, 4.14876303694e-05, 2.32484053413e-05],
        "dvar": [0.0193074420094, 6.01120424271, 50.5013580322, 37.3667068481, 495.015777588, 323.570953369, 68.0266265869, 76.2533798218, 47.4671096802, 93.6325836182, 227.246032715, 3646.59936523, 6295.29199219, 620.011047363, 20465.4277344, 17461.2207031, 2583.42016602, 2481.70068359, 3332.30688477, 2025.13562012, 1956.53149414, 1106.02185059, 137.908554077, 210.782043457, 57.4600296021, 80.4286193848, 37.178352356, 16.9911994934, 5.62725305557, 1.29867446423, 0.492289930582, 0.444814115763, 0.186337023973, 0.0498123466969, 0.00671214656904, 0.00358104147017, 0.00109465443529, 1.48804501805e-05, 4.28452695544e-09, 4.60384341761e-10],
        "dvar2": [0.0500257909298, 16.4835624695, 134.973617554, 103.491767883, 1389.90527344, 883.859130859, 183.374938965, 206.391143799, 137.619613647, 229.546112061, 667.841125488, 10089.1513672, 17251.46875, 1535.4519043, 52436.1875, 43077.3359375, 6463.18310547, 5798.79492188, 8131.72509766, 5340.64501953, 4291.50488281, 2303.80200195, 300.512115479, 503.310791016, 156.208206177, 195.413146973, 84.7087860107, 40.3486328125, 11.8198833466, 2.54465126991, 0.996646881104, 0.916166722775, 0.351176053286, 0.106368899345, 0.0122515577823, 0.00845705531538, 0.00242650066502, 3.70948582713e-05, 1.03599671064e-08, 1.13713183314e-09],
        "max": [1.52578496933, 25.0890712738, 72.0143432617, 49.3359718323, 305.939422607, 284.878540039, 91.3096389771, 70.4698791504, 76.8168563843, 221.495376587, 183.684020996, 642.319213867, 1220.26977539, 342.319030762, 2191.64013672, 2155.25244141, 655.000183105, 1006.29351807, 1077.7734375, 726.255310059, 580.103881836, 590.139587402, 254.24281311, 196.744934082, 119.088592529, 180.62411499, 82.0664520264, 51.1487045288, 29.3502788544, 14.4057655334, 9.17401123047, 7.80592489243, 7.51333332062, 3.16007900238, 1.0422629118, 1.13744843006, 0.496364861727, 0.0609493516386, 0.00102134153713, 0.000196277353098],
        "mean": [0.074268758297, 1.08745229244, 3.67593598366, 4.4358716011, 12.3879699707, 17.6792144775, 12.5015764236, 13.1534042358, 9.6689748764, 16.8192119598, 18.4652271271, 47.3390960693, 39.3260536194, 29.4281826019, 74.8501358032, 133.826293945, 54.8008270264, 43.3586235046, 44.9073257446, 53.3273773193, 66.2688140869, 58.4666824341, 29.4423732758, 26.2416706085, 16.3342628479, 13.2457942963, 14.0301866531, 9.48698139191, 5.28629159927, 2.41551136971, 1.43549418449, 1.47879827023, 0.819858670235, 0.372038930655, 0.114681623876, 0.0496606305242, 0.0199921336025, 0.00157336960547, 4.83383519168e-05, 3.95940260205e-05],
        "median": [0.0395992547274, 0.647427976131, 1.79146397114, 2.85252690315, 7.55872058868, 13.183681488, 10.1143913269, 9.91718006134, 7.26513814926, 9.61110973358, 12.5303010941, 19.3124313354, 16.2057800293, 16.6438159943, 24.9288272858, 26.8733596802, 24.4588317871, 23.9599914551, 25.6569709778, 30.5682659149, 40.8613014221, 37.6042709351, 18.5565452576, 16.2603931427, 13.9329185486, 9.91891670227, 11.8309583664, 7.6850271225, 4.14692115784, 1.69793689251, 1.01288926601, 1.19186985493, 0.618282139301, 0.27501603961, 0.0716993510723, 0.0203162226826, 0.00575749902055, 0.000302506727166, 2.59880325757e-05, 3.42336643371e-05],
        "min": [0.000273959565675, 0.00455249939114, 0.0109513178468, 0.0496617555618, 0.171230465174, 0.247105553746, 0.378075689077, 0.304686397314, 0.311980456114, 0.357604593039, 0.676045894623, 1.19887089729, 0.880783617496, 1.08772802353, 1.19511926174, 0.997906267643, 1.30098414421, 1.43389523029, 1.73374438286, 1.06819927692, 0.974139511585, 1.22006797791, 0.767064988613, 0.50981515646, 0.383899062872, 0.48246961832, 0.306953728199, 0.269171029329, 0.16838490963, 0.0471704751253, 0.0162233486772, 0.0203989539295, 0.00813386589289, 0.00350770354271, 0.000754390493967, 2.71381995844e-05, 1.02605372376e-05, 2.03420586331e-06, 3.1960380511e-06, 6.87599776938e-06],
        "var": [0.016618847847, 4.41759824753, 43.0001869202, 29.6360988617, 363.877593994, 331.420471191, 94.4167175293, 113.802314758, 76.7484741211, 581.70098877, 362.391265869, 5122.72460938, 7416.90625, 1239.5489502, 25608.1308594, 79145.71875, 6062.02880859, 4004.46508789, 4758.77148438, 4260.04736328, 5855.28027344, 4604.72949219, 1298.64892578, 784.584472656, 119.774917603, 201.89251709, 99.9052963257, 44.9862289429, 16.7906475067, 4.69879770279, 1.60296225548, 1.39705860615, 0.564368247986, 0.126479625702, 0.0174708515406, 0.00703602936119, 0.00181468424853, 1.62984815688e-05, 5.39819966505e-09, 6.15626938316e-10]
    },
    "gfcc": {
        "mean": [32.5608673096, 106.579864502, -143.511642456, 44.0171432495, -55.6791610718, 17.212015152, -38.0938301086, 4.68979597092, -26.0950431824, -2.98975086212, -17.0070400238, -3.40189051628, -3.03231668472],
        "cov": [[1066.28149414, -376.404571533, 118.470565796, -100.073600769, 72.149055481, 73.3271713257, -22.466999054, 97.4052352905, -85.2516937256, 48.1564331055, -141.42237854, 53.3903388977, -134.965164185], [-376.404571533, 375.254272461, -81.6676101685, 67.148979187, -43.9683036804, -73.1868133545, 59.8299331665, -46.5095405579, 83.9641036987, -58.4937705994, 66.7334365845, -67.4652557373, 82.7987976074], [118.470565796, -81.6676101685, 240.316925049, 52.1681632996, 54.3827400208, 28.6571807861, -10.1317491531, 33.9947547913, -19.687664032, 45.3037376404, -52.93957901, 37.9185409546, -53.9896469116], [-100.073600769, 67.148979187, 52.1681632996, 218.819229126, -40.5852622986, -75.6192626953, -10.513176918, 30.0903091431, 62.8051834106, -29.0772399902, -2.78644704819, -11.9965867996, 28.6701068878], [72.149055481, -43.9683036804, 54.3827400208, -40.5852622986, 139.442489624, 65.8263092041, 19.204416275, -1.15069460869, -29.8040313721, 26.802362442, -6.16864299774, 27.8225593567, -19.4183311462], [73.3271713257, -73.1868133545, 28.6571807861, -75.6192626953, 65.8263092041, 167.942489624, 49.7965087891, -27.5105304718, -51.9986877441, 36.7961959839, 31.3081302643, 16.2763614655, -18.4800643921], [-22.466999054, 59.8299331665, -10.1317491531, -10.513176918, 19.204416275, 49.7965087891, 100.202857971, -2.55856585503, 7.10076808929, 4.43958854675, 24.5383777618, 4.62889289856, 5.33401060104], [97.4052352905, -46.5095405579, 33.9947547913, 30.0903091431, -1.15069460869, -27.5105304718, -2.55856585503, 103.141197205, 34.1686439514, 1.11961495876, -25.323600769, 10.4817609787, -7.27437925339], [-85.2516937256, 83.9641036987, -19.687664032, 62.8051834106, -29.8040313721, -51.9986877441, 7.10076808929, 34.1686439514, 87.4912490845, -2.84327340126, 1.78579413891, -15.2797517776, 26.0839653015], [48.1564331055, -58.4937705994, 45.3037376404, -29.0772399902, 26.802362442, 36.7961959839, 4.43958854675, 1.11961495876, -2.84327340126, 66.9645309448, 0.732448101044, 21.7037773132, -27.3045940399], [-141.42237854, 66.7334365845, -52.93957901, -2.78644704819, -6.16864299774, 31.3081302643, 24.5383777618, -25.323600769, 1.78579413891, 0.732448101044, 90.1447601318, -0.194180995226, 26.0942192078], [53.3903388977, -67.4652557373, 37.9185409546, -11.9965867996, 27.8225593567, 16.2763614655, 4.62889289856, 10.4817609787, -15.2797517776, 21.7037773132, -0.194180995226, 57.5266952515, -11.3230905533], [-134.965164185, 82.7987976074, -53.9896469116, 28.6701068878, -19.4183311462, -18.4800643921, 5.33401060104, -7.27437925339, 26.0839653015, -27.3045940399, 26.0942192078, -11.3230905533, 68.1394805908]],
        "icov": [[0.00190988357645, 0.000966547231656, 0.000446506543085, 8.38945779833e-05, -0.000124699567095, -0.000534064252861, -0.000466564233648, -0.00127465371042, 0.000569640367758, 0.000363058003131, 0.00195082859136, -5.58663487027e-05, 0.00181807007175], [0.000966547231656, 0.0136837875471, -0.00558845279738, 0.00358618563041, -0.00244252942502, 0.00817958451807, -0.00933262519538, 0.00769202597439, -0.010162519291, 0.00724941166118, -0.00825855508447, 0.011203427799, -0.00575646292418], [0.000446506543085, -0.00558845279738, 0.0117505546659, -0.00628114817664, -0.00056908885017, -0.00569069711491, 0.00441418215632, -0.00542326224968, 0.00745828915387, -0.00742059294134, 0.00874518416822, -0.00739765353501, 0.0065914359875], [8.38945779833e-05, 0.00358618563041, -0.00628114817664, 0.00982367154211, 0.000390636560041, 0.00432192441076, -0.00237348908558, 0.00264383200556, -0.00802142545581, 0.00635619042441, -0.00486364914104, 0.00337853911333, -0.00350856618024], [-0.000124699567095, -0.00244252942502, -0.00056908885017, 0.000390636560041, 0.0106370467693, -0.00436405418441, 0.000948596803937, -0.0015225126408, 0.00233237654902, -0.00165961158928, 0.0027052720543, -0.00467816321179, 0.000345446751453], [-0.000534064252861, 0.00817958451807, -0.00569069711491, 0.00432192441076, -0.00436405418441, 0.0187610127032, -0.0109752863646, 0.00562886754051, -0.000554513710085, -0.000428334577009, -0.0104945292696, 0.010144520551, -0.00627470947802], [-0.000466564233648, -0.00933262519538, 0.00441418215632, -0.00237348908558, 0.000948596803937, -0.0109752863646, 0.0198843069375, -0.0052608018741, 0.00204612826928, -0.00212785811163, 0.00410394975916, -0.00950800254941, 0.00530047761276], [-0.00127465371042, 0.00769202597439, -0.00542326224968, 0.00264383200556, -0.0015225126408, 0.00562886754051, -0.0052608018741, 0.0197470840067, -0.0144632272422, 0.00723811704665, -0.00481306994334, 0.00314635713585, -0.00286537618376], [0.000569640367758, -0.010162519291, 0.00745828915387, -0.00802142545581, 0.00233237654902, -0.000554513710085, 0.00204612826928, -0.0144632272422, 0.0346222184598, -0.01707351394, 0.00833550374955, -0.00228290865198, -0.00209479569457], [0.000363058003131, 0.00724941166118, -0.00742059294134, 0.00635619042441, -0.00165961158928, -0.000428334577009, -0.00212785811163, 0.00723811704665, -0.01707351394, 0.031856264919, -0.0079214386642, -0.00127521215472, 0.00582895288244], [0.00195082859136, -0.00825855508447, 0.00874518416822, -0.00486364914104, 0.0027052720543, -0.0104945292696, 0.00410394975916, -0.00481306994334, 0.00833550374955, -0.0079214386642, 0.025928189978, -0.0103943254799, 0.00194287253544], [-5.58663487027e-05, 0.011203427799, -0.00739765353501, 0.00337853911333, -0.00467816321179, 0.010144520551, -0.00950800254941, 0.00314635713585, -0.00228290865198, -0.00127521215472, -0.0103943254799, 0.0338990725577, -0.00853242632002], [0.00181807007175, -0.00575646292418, 0.0065914359875, -0.00350856618024, 0.000345446751453, -0.00627470947802, 0.00530047761276, -0.00286537618376, -0.00209479569457, 0.00582895288244, 0.00194287253544, -0.00853242632002, 0.0306222699583]]
    },
    "melbands": {
        "dmean": [0.000676875642966, 0.00155603385065, 0.000814373372123, 0.000788277597167, 0.000227288008318, 0.000159049683134, 8.36124527268e-05, 7.59423710406e-05, 9.96393282549e-05, 0.000221290800255, 0.000142370379763, 5.49633150513e-05, 0.000142788790981, 0.000163441160112, 0.000108910156996, 4.68975049444e-05, 4.74528023915e-05, 4.92141771247e-05, 3.74862684112e-05, 2.73334808298e-05, 4.41215270257e-05, 3.19295104418e-05, 1.394233459e-05, 1.06359484562e-05, 8.96730398381e-06, 6.589433724e-06, 3.54227017851e-06, 4.19579964728e-06, 3.97376652472e-06, 3.28444070874e-06, 2.02429214369e-06, 1.28902092911e-06, 1.093335527e-06, 4.27847879791e-07, 3.2957939311e-07, 3.65167664995e-07, 3.98931803147e-07, 2.67264283593e-07, 1.84885209364e-07, 1.27860531052e-07],
        "dmean2": [0.00116093014367, 0.00268249912187, 0.0014298040187, 0.001351285493, 0.000375464354875, 0.000267452123808, 0.000144828372868, 0.000123712146888, 0.000164254932315, 0.000374407711206, 0.000241389847361, 8.78130958881e-05, 0.000231597194215, 0.000250533368671, 0.000178094414878, 7.58699898142e-05, 7.64401484048e-05, 7.83629002399e-05, 5.92022370256e-05, 4.39690047642e-05, 6.92073517712e-05, 4.94589294249e-05, 2.14179199247e-05, 1.69274026121e-05, 1.40591737363e-05, 1.06517163658e-05, 5.67609458813e-06, 6.67526046527e-06, 6.13995780441e-06, 5.06449305249e-06, 3.20131994158e-06, 1.94048197955e-06, 1.67460655121e-06, 6.36218715044e-07, 4.94885171065e-07, 5.40898838608e-07, 6.07009155829e-07, 3.87925297218e-07, 2.7757394605e-07, 1.94784249175e-07],
        "dvar": [3.66129279428e-06, 1.26572303998e-05, 1.99644500753e-06, 2.95570680464e-06, 8.53783532762e-08, 3.68617740776e-08, 1.02181623163e-08, 9.24091914101e-09, 2.47739606607e-08, 1.85563692412e-07, 1.56315678623e-07, 7.40484740192e-09, 2.07549149422e-07, 1.68658502275e-07, 6.86432031216e-08, 8.34383406811e-09, 9.1910372646e-09, 1.57968109704e-08, 5.33932853486e-09, 1.63428104383e-09, 3.86569087851e-09, 1.89424809172e-09, 4.80895823163e-10, 1.89254265037e-10, 1.89277010731e-10, 7.35706426336e-11, 1.34119876663e-11, 6.08339767449e-11, 1.89130967831e-11, 1.14607412102e-11, 5.07931370575e-12, 2.39629193224e-12, 1.46228060043e-12, 3.17356113177e-13, 1.7571678162e-13, 1.86029441634e-13, 2.39837961774e-13, 1.39644372454e-13, 5.6114116717e-14, 3.54770873052e-14],
        "dvar2": [9.80197364697e-06, 3.39997350238e-05, 5.52857773073e-06, 8.26050836622e-06, 2.29343172009e-07, 9.97895241994e-08, 2.92587820638e-08, 2.30540706525e-08, 6.77900899859e-08, 5.19400259691e-07, 4.28941348218e-07, 1.84364967737e-08, 5.44338604413e-07, 4.06346657655e-07, 1.60086642609e-07, 2.06035490891e-08, 2.16218669635e-08, 3.87999463669e-08, 1.26185648597e-08, 4.32171765041e-09, 8.33367241881e-09, 4.21835144593e-09, 9.92184889803e-10, 4.55293941437e-10, 4.58687421379e-10, 1.96182584067e-10, 3.44610485981e-11, 1.48056664151e-10, 4.43529553362e-11, 2.78924487673e-11, 1.28416548228e-11, 5.60517170872e-12, 3.27048631232e-12, 6.90513022195e-13, 3.78305107509e-13, 4.02518540417e-13, 5.17183626654e-13, 2.8477673236e-13, 1.20974018021e-13, 7.94041481872e-14],
        "max": [0.0203399993479, 0.0353632383049, 0.0139344669878, 0.0263083744794, 0.00348546169698, 0.00165685778484, 0.00102963345125, 0.00200683204457, 0.00156710844021, 0.0044952169992, 0.00607528537512, 0.00101970182732, 0.00570153864101, 0.005413885694, 0.00399102177471, 0.00122119148728, 0.0017476453213, 0.00252740411088, 0.0012928157812, 0.000443967466708, 0.000791774655227, 0.000575490703341, 0.000479364593048, 0.000204523632419, 0.000166580663063, 0.000119865871966, 3.99164309783e-05, 0.000156501060701, 5.29504322913e-05, 3.36304328812e-05, 3.11400654027e-05, 2.16808257392e-05, 1.35260888783e-05, 7.63287698646e-06, 5.4028669183e-06, 4.6280870265e-06, 6.10160350334e-06, 6.56759721096e-06, 3.51148673872e-06, 2.39019254877e-06],
        "mean": [0.000920605030842, 0.00180807523429, 0.00102524890099, 0.00114760722499, 0.000515433552209, 0.000296507379971, 0.000156063120812, 0.000169955586898, 0.000176161556737, 0.000320076505886, 0.000191282466403, 0.000104232320155, 0.000230652367463, 0.000345173612004, 0.000251618912444, 7.72845814936e-05, 8.16512983874e-05, 7.686050958e-05, 6.86480707373e-05, 5.64900656173e-05, 8.38371415739e-05, 6.3746876549e-05, 3.70312736777e-05, 2.38427819568e-05, 2.08302990359e-05, 1.51428084791e-05, 8.19579963718e-06, 8.68452571012e-06, 9.05695469555e-06, 7.42256406738e-06, 4.68936605102e-06, 2.98739655591e-06, 2.35111815527e-06, 9.5757161489e-07, 7.41002907034e-07, 8.82428309978e-07, 9.50470223415e-07, 6.16398494913e-07, 4.38116046553e-07, 2.64826581997e-07],
        "median": [0.000569352763705, 0.000972698209807, 0.000659643730614, 0.000772766768932, 0.000443909171736, 0.000227802229347, 0.000114372829557, 0.00010291437502, 0.000110413784569, 0.000119628166431, 7.27717488189e-05, 5.66573835385e-05, 6.77032221574e-05, 6.06139619777e-05, 5.90725285292e-05, 3.54718577e-05, 4.28682906204e-05, 3.62365390174e-05, 3.9661565097e-05, 3.28197238559e-05, 4.59716793557e-05, 4.03677622671e-05, 1.64748926181e-05, 1.43431161632e-05, 1.19223277579e-05, 1.15088278108e-05, 6.82900099491e-06, 5.97561847826e-06, 7.39302095099e-06, 6.13152587903e-06, 3.74958608518e-06, 2.24102791435e-06, 1.77453171091e-06, 5.89210685575e-07, 4.88090563522e-07, 6.93624713222e-07, 7.45159923099e-07, 4.524790711e-07, 3.11793201035e-07, 1.85948678677e-07],
        "min": [3.40850465363e-06, 6.49004732622e-06, 7.59441445553e-06, 1.97513400053e-05, 1.27990579131e-05, 6.78426158629e-06, 4.51189816886e-06, 3.27315228787e-06, 5.81692802371e-06, 5.83856308367e-06, 3.93837035517e-06, 1.17202557703e-06, 2.13415728467e-06, 1.51746996835e-06, 1.34779838845e-06, 2.01846228265e-06, 1.62000594628e-06, 2.16339753933e-06, 1.79910819043e-06, 5.87807733154e-07, 1.14885904168e-06, 1.18120772186e-06, 7.73732040216e-07, 5.9445289935e-07, 3.0173245591e-07, 2.57376882473e-07, 3.30506793489e-07, 2.21008264134e-07, 1.81267168387e-07, 1.70881492068e-07, 9.82449250841e-08, 9.09817643446e-08, 5.74364200645e-08, 1.0657596583e-08, 6.68142252636e-09, 1.08689022227e-08, 1.23964039034e-08, 5.17946041612e-09, 3.50133189109e-09, 2.71031197485e-09],
