{
"highlevel": {
    "danceability": {
        "all": {
            "danceable": 0.993294656277,
            "not_danceable": 0.00670531438664
        },
        "probability": 0.993294656277,
        "value": "danceable"
    },
    "gender": {
        "all": {
            "female": 0.40876570344,
            "male": 0.591234326363
        },
        "probability": 0.591234326363,
        "value": "male"
    },
    "genre_dortmund": {
        "all": {
            "alternative": 0.0961741507053,
            "blues": 0.0233635865152,
            "electronic": 0.0381322428584,
            "folkcountry": 0.0789584964514,
            "funksoulrnb": 0.0186818949878,
            "jazz": 0.0380913838744,
            "pop": 0.0445552878082,
            "raphiphop": 0.0217929538339,
            "rock": 0.64025002718
        },
        "probability": 0.64025002718,
        "value": "rock"
    },
    "genre_electronic": {
        "all": {
            "ambient": 0.238607391715,
            "dnb": 0.268238246441,
            "house": 0.054490275681,
            "techno": 0.0306372251362,
            "trance": 0.408026874065
        },
        "probability": 0.408026874065,
        "value": "trance"
    },
    "genre_rosamerica": {
        "all": {
            "cla": 0.0132579822093,
            "dan": 0.489983141422,
            "hip": 0.0307462364435,
            "jaz": 0.0208697933704,
            "pop": 0.120742440224,
            "rhy": 0.0280712340027,
            "roc": 0.287192106247,
            "spe": 0.00913704466075
        },
        "probability": 0.489983141422,
        "value": "dan"
    },
    "genre_tzanetakis": {
        "all": {
            "blu": 0.0626541376114,
            "cla": 0.0348133966327,
            "cou": 0.0783501937985,
            "dis": 0.104547761381,
            "hip": 0.15693578124,
            "jaz": 0.313987255096,
            "met": 0.044816005975,
            "pop": 0.0627349764109,
            "reg": 0.0627352520823,
            "roc": 0.0784252434969
        },
        "probability": 0.313987255096,
        "value": "jaz"
    },
    "ismir04_rhythm": {
        "all": {
            "ChaChaCha": 0.270804047585,
            "Jive": 0.364049583673,
            "Quickstep": 0.0486726984382,
            "Rumba-American": 0.00878540612757,
            "Rumba-International": 0.00934467837214,
            "Rumba-Misc": 0.00237154657952,
            "Samba": 0.279717534781,
            "Tango": 0.00483958609402,
            "VienneseWaltz": 0.00918193627149,
            "Waltz": 0.00223297998309
        },
        "probability": 0.364049583673,
        "value": "Jive"
    },
    "mood_acoustic": {
        "all": {
            "acoustic": 0.0447829514742,
            "not_acoustic": 0.955217063427
        },
        "probability": 0.955217063427,
        "value": "not_acoustic"
    },
    "mood_aggressive": {
        "all": {
            "aggressive": 0.632481873035,
            "not_aggressive": 0.367518126965
        },
        "probability": 0.632481873035,
        "value": "aggressive"
    },
    "mood_electronic": {
        "all": {
            "electronic": 0.566699504852,
            "not_electronic": 0.433300495148
        },
        "probability": 0.566699504852,
        "value": "electronic"
    },
    "mood_happy": {
        "all": {
            "happy": 0.735490441322,
            "not_happy": 0.264509558678
        },
        "probability": 0.735490441322,
        "value": "happy"
    },
    "mood_party": {
        "all": {
            "not_party": 0.286724686623,
            "party": 0.713275313377
        },
        "probability": 0.713275313377,
        "value": "party"
    },
    "mood_relaxed": {
        "all": {
            "not_relaxed": 0.974902272224,
            "relaxed": 0.0250976998359
        },
        "probability": 0.974902272224,
        "value": "not_relaxed"
    },
    "mood_sad": {
        "all": {
            "not_sad": 0.617137730122,
            "sad": 0.382862299681
        },
        "probability": 0.617137730122,
        "value": "not_sad"
    },
    "moods_mirex": {
        "all": {
            "Cluster1": 0.260151267052,
            "Cluster2": 0.370778292418,
            "Cluster3": 0.0576542019844,
            "Cluster4": 0.188019797206,
            "Cluster5": 0.123396448791
        },
        "probability": 0.370778292418,
        "value": "Cluster2"
    },
    "timbre": {
        "all": {
            "bright": 0.952973365784,
            "dark": 0.0470266081393
        },
        "probability": 0.952973365784,
        "value": "bright"
    },
    "tonal_atonal": {
        "all": {
            "atonal": 0.0137759679928,
            "tonal": 0.98622405529
        },
        "probability": 0.98622405529,
        "value": "tonal"
    },
    "voice_instrumental": {
        "all": {
            "instrumental": 0.00094290706329,
            "voice": 0.999057114124
        },
        "probability": 0.999057114124,
        "value": "voice"
    }
},
"lowlevel": {
    "average_loudness": 0.974002063274,
    "barkbands_crest": {
        "dmean": 3.06893253326,
        "dmean2": 4.97862148285,
        "dvar": 7.88801145554,
        "dvar2": 18.7791442871,
        "max": 25.3899669647,
        "mean": 9.98659992218,
        "median": 8.96046066284,
        "min": 2.52356123924,
        "var": 19.3534755707
    },
    "barkbands_flatness_db": {
        "dmean": 0.0218092035502,
        "dmean2": 0.0323181375861,
        "dvar": 0.000342037586961,
        "dvar2": 0.000815810228232,
        "max": 0.24693903327,
        "mean": 0.115587793291,
        "median": 0.112422972918,
        "min": 0.0449844039977,
        "var": 0.00134921888821
    },
    "barkbands_kurtosis": {
        "dmean": 1.79774749279,
        "dmean2": 2.75327754021,
        "dvar": 6.5714969635,
        "dvar2": 14.2894191742,
        "max": 36.373085022,
        "mean": 2.01147985458,
        "median": 0.822549581528,
        "min": -1.77581238747,
        "var": 16.3015575409
    },
    "barkbands_skewness": {
        "dmean": 0.492706388235,
        "dmean2": 0.761957764626,
        "dvar": 0.215418621898,
        "dvar2": 0.480910032988,
        "max": 5.68873739243,
        "mean": 1.24021160603,
        "median": 1.10474133492,
        "min": -1.35776019096,
        "var": 0.991559565067
    },
    "barkbands_spread": {
        "dmean": 8.2354850769,
        "dmean2": 12.383646965,
        "dvar": 68.1496887207,
        "dvar2": 157.19543457,
        "max": 82.6606216431,
        "mean": 31.3190250397,
        "median": 28.5430526733,
        "min": 6.35618925095,
        "var": 218.696563721
    },
    "dissonance": {
        "dmean": 0.0177921205759,
        "dmean2": 0.0290830861777,
        "dvar": 0.000304440764012,
        "dvar2": 0.000783087860327,
        "max": 0.49995726347,
        "mean": 0.469989538193,
        "median": 0.478063046932,
        "min": 0.302208095789,
        "var": 0.000637327495497
    },
    "dynamic_complexity": 2.07609200478,
    "erbbands_crest": {
        "dmean": 2.51283884048,
        "dmean2": 3.98235607147,
        "dvar": 5.93094968796,
        "dvar2": 13.8423852921,
        "max": 24.7779083252,
        "mean": 7.69935846329,
        "median": 6.59267568588,
        "min": 2.31434202194,
        "var": 15.8895158768
    },
    "erbbands_flatness_db": {
        "dmean": 0.016764273867,
        "dmean2": 0.0245291348547,
        "dvar": 0.00029774630093,
        "dvar2": 0.00062793167308,
        "max": 0.274748831987,
        "mean": 0.126995995641,
        "median": 0.116613045335,
        "min": 0.060874722898,
        "var": 0.00160219147801
    },
    "erbbands_kurtosis": {
        "dmean": 0.81435495615,
        "dmean2": 1.28653895855,
        "dvar": 1.12500834465,
        "dvar2": 2.87793707848,
        "max": 15.6409931183,
        "mean": 0.200425744057,
        "median": -0.379619598389,
        "min": -1.74033725262,
        "var": 3.33426976204
    },
    "erbbands_skewness": {
        "dmean": 0.380193471909,
        "dmean2": 0.574305653572,
        "dvar": 0.133406102657,
        "dvar2": 0.266452997923,
        "max": 2.8421728611,
        "mean": 0.216867700219,
        "median": 0.171063452959,
        "min": -1.82506835461,
        "var": 0.445368021727
    },
    "erbbands_spread": {
        "dmean": 9.87308311462,
        "dmean2": 14.8590936661,
        "dvar": 92.4591522217,
        "dvar2": 186.112243652,
        "max": 121.240661621,
        "mean": 47.9978256226,
        "median": 45.4395179749,
        "min": 4.99619913101,
        "var": 542.117126465
    },
    "hfc": {
        "dmean": 10.5912542343,
        "dmean2": 14.2864122391,
        "dvar": 128.815795898,
        "dvar2": 229.530578613,
        "max": 113.108726501,
        "mean": 32.9777183533,
        "median": 27.5964241028,
        "min": 1.41221225262,
        "var": 463.332550049
    },
    "melbands_crest": {
        "dmean": 3.7464120388,
        "dmean2": 5.97387123108,
        "dvar": 10.5354003906,
        "dvar2": 24.0135002136,
        "max": 33.5077819824,
        "mean": 14.3915128708,
        "median": 13.7469940186,
        "min": 3.67516183853,
        "var": 32.4209022522
    },
    "melbands_flatness_db": {
        "dmean": 0.0272787753493,
        "dmean2": 0.0393162705004,
        "dvar": 0.000508217082825,
        "dvar2": 0.00118677096907,
        "max": 0.3144787848,
        "mean": 0.153270587325,
        "median": 0.151351347566,
        "min": 0.0229064691812,
        "var": 0.00272903149016
    },
    "melbands_kurtosis": {
        "dmean": 6.60126543045,
        "dmean2": 9.81607151031,
        "dvar": 135.944290161,
        "dvar2": 294.167541504,
        "max": 188.447296143,
        "mean": 12.7078638077,
        "median": 6.16881752014,
        "min": -1.56130540371,
        "var": 376.870758057
    },
    "melbands_skewness": {
        "dmean": 0.78904157877,
        "dmean2": 1.17418837547,
        "dvar": 0.676214277744,
        "dvar2": 1.36199367046,
        "max": 12.4046440125,
        "mean": 2.6177175045,
        "median": 2.22768855095,
        "min": -0.951280236244,
        "var": 3.4818353653
    },
    "melbands_spread": {
        "dmean": 9.61304664612,
        "dmean2": 15.3067417145,
        "dvar": 160.118240356,
        "dvar2": 370.703979492,
        "max": 172.026046753,
        "mean": 30.907371521,
        "median": 26.4158344269,
        "min": 3.18173956871,
        "var": 422.995605469
    },
    "pitch_salience": {
        "dmean": 0.0842766314745,
        "dmean2": 0.131045296788,
        "dvar": 0.00556737463921,
        "dvar2": 0.0131053868681,
        "max": 0.82681876421,
        "mean": 0.548053860664,
        "median": 0.563415527344,
        "min": 0.156891182065,
        "var": 0.017746085301
    },
    "silence_rate_20dB": {
        "dmean": 0,
        "dmean2": 0,
        "dvar": 0,
        "dvar2": 0,
        "max": 1,
        "mean": 1,
        "median": 1,
        "min": 1,
        "var": 0
    },
    "silence_rate_30dB": {
        "dmean": 0,
        "dmean2": 0,
        "dvar": 0,
        "dvar2": 0,
        "max": 1,
        "mean": 1,
        "median": 1,
        "min": 1,
        "var": 0
    },
    "silence_rate_60dB": {
        "dmean": 0.0216718260199,
        "dmean2": 0.0433772280812,
        "dvar": 0.0212020743638,
        "dvar2": 0.0523399338126,
        "max": 1,
        "mean": 0.0162412989885,
        "median": 0,
        "min": 0,
        "var": 0.0159774720669
    },
    "spectral_centroid": {
        "dmean": 301.14465332,
        "dmean2": 476.655609131,
        "dvar": 91574.46875,
        "dvar2": 204655.234375,
        "max": 3978.45947266,
        "mean": 1668.61914062,
        "median": 1580.58251953,
        "min": 486.713745117,
        "var": 312498.75
    },
    "spectral_complexity": {
        "dmean": 5.9148607254,
        "dmean2": 8.15491867065,
        "dvar": 36.5902404785,
        "dvar2": 62.7009468079,
        "max": 61,
        "mean": 23.7849960327,
        "median": 22,
        "min": 2,
        "var": 141.329040527
    },
    "spectral_decrease": {
        "dmean": 2.38201924851e-09,
        "dmean2": 3.60663610088e-09,
        "dvar": 5.69064609952e-18,
        "dvar2": 1.21616692782e-17,
        "max": -2.17401333047e-10,
        "mean": -8.0537567726e-09,
        "median": -8.46777492569e-09,
        "min": -2.39736088758e-08,
        "var": 2.03484908676e-17
    },
    "spectral_energy": {
        "dmean": 0.00961387529969,
        "dmean2": 0.0144186588004,
        "dvar": 9.36232609092e-05,
        "dvar2": 0.000193115673028,
        "max": 0.0990557521582,
        "mean": 0.0333879143,
        "median": 0.0349924266338,
        "min": 0.00104289338924,
        "var": 0.000332324765623
    },
    "spectral_energyband_high": {
        "dmean": 0.000791581347585,
        "dmean2": 0.00109202472959,
        "dvar": 7.75149260335e-07,
        "dvar2": 1.42065687214e-06,
        "max": 0.00860499404371,
        "mean": 0.00190196139738,
        "median": 0.00129755877424,
        "min": 4.85843702336e-06,
        "var": 2.88108230961e-06
    },
    "spectral_energyband_low": {
        "dmean": 0.00492674577981,
        "dmean2": 0.00770379602909,
        "dvar": 4.21055301558e-05,
        "dvar2": 0.000107453015517,
        "max": 0.0551666729152,
        "mean": 0.0113796088845,
        "median": 0.00890755094588,
        "min": 1.92711449927e-05,
        "var": 0.000126379760331
    },
    "spectral_energyband_middle_high": {
        "dmean": 0.00366324232891,
        "dmean2": 0.0055833007209,
        "dvar": 3.12816155201e-05,
        "dvar2": 6.89544322086e-05,
        "max": 0.0636918395758,
        "mean": 0.00880402885377,
        "median": 0.00558597734198,
        "min": 7.53635249566e-05,
        "var": 0.000105125604023
    },
    "spectral_energyband_middle_low": {
        "dmean": 0.00579695170745,
        "dmean2": 0.00903929863125,
        "dvar": 4.20896867581e-05,
        "dvar2": 9.70307301031e-05,
        "max": 0.0499798730016,
        "mean": 0.012023286894,
        "median": 0.0092528834939,
        "min": 0.000400785793317,
        "var": 8.85944100446e-05
    },
    "spectral_entropy": {
        "dmean": 0.149915486574,
        "dmean2": 0.219450220466,
        "dvar": 0.0182187426835,
        "dvar2": 0.0395581945777,
        "max": 8.59482192993,
        "mean": 7.95295572281,
        "median": 8.00275611877,
        "min": 6.74354219437,
        "var": 0.0887203738093
    },
    "spectral_flux": {
        "dmean": 0.0294765904546,
        "dmean2": 0.0454906858504,
        "dvar": 0.000754884735215,
        "dvar2": 0.00149556528777,
        "max": 0.249237239361,
        "mean": 0.102389670908,
        "median": 0.0960808172822,
        "min": 0.0252531822771,
        "var": 0.0017195175169
    },
    "spectral_kurtosis": {
        "dmean": 0.874917030334,
        "dmean2": 1.37938082218,
        "dvar": 1.02606976032,
        "dvar2": 2.40021634102,
        "max": 20.6066970825,
        "mean": 2.63474059105,
        "median": 2.1626791954,
        "min": -0.086963891983,
        "var": 4.58422660828
    },
    "spectral_rms": {
        "dmean": 0.000891670933925,
        "dmean2": 0.00128663529176,
        "dvar": 8.22844128834e-07,
        "dvar2": 1.53168059569e-06,
        "max": 0.00983055215329,
        "mean": 0.00542921293527,
        "median": 0.00584285473451,
        "min": 0.0010086906841,
        "var": 3.09725396619e-06
    },
    "spectral_rolloff": {
        "dmean": 833.578918457,
        "dmean2": 1381.69494629,
        "dvar": 1425336.5,
        "dvar2": 3553064.25,
        "max": 10400.5371094,
        "mean": 2123.24291992,
        "median": 1485.79101562,
        "min": 86.1328125,
        "var": 3439728
    },
    "spectral_skewness": {
        "dmean": 0.175552621484,
        "dmean2": 0.261010974646,
        "dvar": 0.0223766751587,
        "dvar2": 0.0501034148037,
        "max": 3.39330649376,
        "mean": 1.26664173603,
        "median": 1.22128903866,
        "min": 0.458690702915,
        "var": 0.148086592555
    },
    "spectral_spread": {
        "dmean": 573731.875,
        "dmean2": 866292.625,
        "dvar": 449206484992,
        "dvar2": 803418406912,
        "max": 18448134,
        "mean": 5606516,
        "median": 5604319.5,
        "min": 2071940.75,
        "var": 1.45256257946e+12
    },
    "spectral_strongpeak": {
        "dmean": 0.703241348267,
        "dmean2": 1.17183828354,
        "dvar": 1.31332159042,
        "dvar2": 3.25582766533,
        "max": 9.68032073975,
        "mean": 1.09173178673,
        "median": 0.531379699707,
        "min": 0,
        "var": 2.11672735214
    },
    "zerocrossingrate": {
        "dmean": 0.0149753438309,
        "dmean2": 0.0169881023467,
        "dvar": 0.00019795128901,
        "dvar2": 0.000250588811468,
        "max": 0.31298828125,
        "mean": 0.0867260023952,
        "median": 0.07666015625,
        "min": 0.01513671875,
        "var": 0.00176683417521
    },
    "barkbands": {
        "dmean": [0.000105985891423, 0.00384018803015, 0.00161670288071, 0.00112751277629, 0.00200917967595, 0.00102272001095, 0.00144950172398, 0.00167067616712, 0.00135451508686, 0.000809344695881, 0.00121799041517, 0.00104075949639, 0.000851927266922, 0.000769419712014, 0.000587129907217, 0.000286800059257, 0.000259070686297, 0.000261168548604, 0.000178905611392, 0.000183035648661, 0.000181350609637, 0.000224873947445, 0.000195844186237, 0.000150717314682, 7.50943218009e-05, 7.38954840926e-05, 2.91524226981e-08],
        "dmean2": [0.000179811817361, 0.0059713087976, 0.0026061530225, 0.00200281268917, 0.00337215838954, 0.00165775686037, 0.00235406891443, 0.00260973582044, 0.00211797072552, 0.00133649457712, 0.00200422829948, 0.00162961171009, 0.00136809796095, 0.00115822267253, 0.000938226701692, 0.000462665135274, 0.000409336673329, 0.000422763085226, 0.000278688617982, 0.000290123105515, 0.000279453030089, 0.000343469815562, 0.000291865580948, 0.00022216301295, 0.000101279903902, 0.000104489343357, 5.06535364764e-08],
        "dvar": [3.05675520451e-08, 3.30138827849e-05, 9.78059142653e-06, 5.29282988282e-06, 9.72934503807e-06, 2.17040133066e-06, 5.0764297157e-06, 1.372251063e-05, 8.97944937606e-06, 4.83028452436e-06, 8.80104198586e-06, 7.68688732933e-06, 4.32744809586e-06, 2.65090716312e-06, 1.80375138825e-06, 2.19398870627e-07, 1.03389794504e-07, 1.11261947211e-07, 5.91366458025e-08, 4.39213785342e-08, 5.06796418165e-08, 7.44216421822e-08, 4.54253381577e-08, 3.08561354245e-08, 1.28172175096e-08, 7.33191685143e-09, 1.20009982719e-14],
        "dvar2": [7.55112949946e-08, 8.44651367515e-05, 2.39177861658e-05, 1.45746498674e-05, 2.65419366769e-05, 5.08980065206e-06, 1.21276552818e-05, 3.00923620671e-05, 2.13360799535e-05, 1.18145735541e-05, 2.34440776694e-05, 2.08962974284e-05, 1.10290084194e-05, 5.63814228371e-06, 4.34562889495e-06, 5.40227176771e-07, 2.37178269913e-07, 2.730533879e-07, 1.38019458973e-07, 1.14303972509e-07, 1.22399242741e-07, 1.74791750851e-07, 1.01455512436e-07, 6.82196699131e-08, 2.53628940072e-08, 1.42425555794e-08, 2.62023492774e-14],
        "max": [0.00238364050165, 0.053181707859, 0.0364618301392, 0.0188100170344, 0.0305606424809, 0.0136264096946, 0.0280324444175, 0.0414093770087, 0.0307043399662, 0.0228751860559, 0.0314869433641, 0.0504407398403, 0.0358428806067, 0.028181027621, 0.0178604237735, 0.00476357573643, 0.00329461414367, 0.00360037316568, 0.00281322398223, 0.00209130602889, 0.00241063209251, 0.00237477500923, 0.00227008736692, 0.00217477092519, 0.00146176188719, 0.000728073937353, 2.2255312615e-06],
        "mean": [0.000120944401715, 0.00766023760661, 0.00306868855841, 0.00102692726068, 0.00289550703019, 0.00149509590119, 0.00215023080818, 0.00219581695274, 0.00197578431107, 0.000974374066573, 0.00175377097912, 0.00143754284363, 0.00114326516632, 0.00114934158046, 0.000709879968781, 0.000386023108149, 0.000411457789596, 0.000446536374511, 0.000308873568429, 0.000353321869625, 0.000367912522051, 0.000389151013223, 0.000376656360459, 0.000297122722259, 0.000161661955644, 0.000131753608002, 2.16875761794e-08],
        "median": [5.32669473614e-05, 0.00409042043611, 0.000496361055411, 0.000311702664476, 0.00180620304309, 0.000871077587362, 0.000854857440572, 0.000680475903209, 0.000561533204746, 0.000206364187761, 0.000568216317333, 0.000526758027263, 0.000346117070876, 0.000291023752652, 0.000287896604277, 0.000205006697797, 0.000274640304269, 0.000288384821033, 0.000191909799469, 0.000271441298537, 0.000239996297751, 0.000234308565268, 0.000269034673693, 0.000184365475434, 6.6845517722e-05, 7.21118049114e-05, 1.20175269736e-09],
        "min": [7.88392213735e-08, 4.59846160084e-06, 9.17493650832e-07, 1.20737820453e-06, 1.12695115604e-05, 5.77628907195e-06, 1.27955308926e-06, 3.55153633791e-06, 1.62859282682e-06, 3.54441090167e-06, 9.15255384371e-07, 1.40443785313e-06, 1.70051816895e-06, 2.73788759841e-06, 4.27854774898e-06, 2.19062894757e-06, 5.69590156374e-06, 3.34695118909e-06, 1.70499572505e-06, 4.73325098937e-06, 1.6986036826e-06, 7.12118435331e-07, 4.45267176019e-07, 3.03997609308e-07, 4.24592599302e-07, 2.65739021899e-08, 8.45092398838e-12],
        "var": [3.55052272027e-08, 8.28591364552e-05, 2.85896494461e-05, 4.36456957686e-06, 1.11774515972e-05, 3.30328202836e-06, 1.04208920675e-05, 1.99679470825e-05, 1.66796653502e-05, 6.39804056846e-06, 1.39561088872e-05, 1.03818638308e-05, 5.96680683884e-06, 7.33909701012e-06, 2.00724116439e-06, 2.80849093315e-07, 1.85231570526e-07, 2.22932172278e-07, 1.10232569739e-07, 9.22057381558e-08, 1.35789946398e-07, 1.53431130911e-07, 1.1134697786e-07, 1.00735753961e-07, 5.16795388705e-08, 1.76394401308e-08, 9.51095095286e-15]
    },
    "erbbands": {
        "dmean": [0.101937182248, 0.908691883087, 1.78229951859, 2.86960029602, 5.59498548508, 7.66402864456, 6.66306114197, 9.19176769257, 13.8863105774, 31.5312385559, 36.2542381287, 30.4731464386, 21.81665802, 43.0515899658, 36.8845672607, 36.7244529724, 31.4065914154, 44.0713310242, 28.9648189545, 22.9943122864, 14.7262573242, 13.4884443283, 14.7033290863, 9.16077041626, 8.93394565582, 9.00052833557, 7.19449472427, 7.71817684174, 7.41668701172, 7.43398618698, 5.45865011215, 3.86656498909, 2.09759402275, 1.04624605179, 0.471619963646, 0.405620664358, 0.1211335361, 0.00691730668768, 0.000144518489833, 1.73226217157e-05],
        "dmean2": [0.144865557551, 1.47789740562, 2.86432766914, 4.95196056366, 9.68499851227, 12.8825416565, 10.6166801453, 15.493103981, 23.6608142853, 49.1967277527, 57.3085174561, 48.8031425476, 32.4284057617, 72.6689910889, 59.3702545166, 56.8588409424, 49.1302909851, 66.7379379272, 44.6565361023, 36.6217193604, 23.2896957397, 21.0222740173, 23.3331336975, 14.0919122696, 14.0406551361, 14.3269300461, 11.218211174, 11.6990318298, 11.3351707458, 11.2949752808, 8.07998466492, 5.715924263, 3.10127210617, 1.44889008999, 0.648140072823, 0.582779288292, 0.175617188215, 0.0103500382975, 0.000206750133657, 2.36444539041e-05],
        "dvar": [0.0227144248784, 2.00945806503, 8.9175786972, 33.3487281799, 93.1140518188, 112.693138123, 89.8330459595, 211.851013184, 622.159606934, 2707.31958008, 5983.57275391, 5603.55761719, 2395.91040039, 12971.8339844, 13908.7167969, 5213.85986328, 4459.09179688, 8564.19726562, 3771.3293457, 1803.40808105, 475.812561035, 265.815887451, 335.981384277, 187.06149292, 137.432647705, 111.148193359, 94.4510345459, 87.9495315552, 80.8700027466, 77.5543518066, 39.1811523438, 19.8683776855, 7.14161062241, 2.25501132011, 0.558574795723, 0.210776746273, 0.0222415644675, 8.32524092402e-05, 3.19768140855e-08, 2.98658986431e-10],
        "dvar2": [0.0471197254956, 5.39730072021, 22.2128772736, 87.5483474731, 248.179748535, 310.22442627, 226.441345215, 530.587890625, 1515.53015137, 5953.59423828, 14330.3671875, 14096.6845703, 4753.56347656, 33765.0234375, 40015.2148438, 12679.9599609, 10825.4287109, 18706.84375, 8901.44140625, 4522.57275391, 1160.33911133, 617.157165527, 861.718017578, 423.558868408, 346.211212158, 292.267883301, 237.099487305, 208.487243652, 194.706619263, 178.317672729, 90.5323104858, 42.7649345398, 16.8075294495, 4.78871774673, 1.12806665897, 0.419470608234, 0.0439703911543, 0.00019065811648, 6.68340973675e-08, 4.91350793386e-10],
        "max": [1.99442493916, 11.9741001129, 36.6205062866, 59.3699455261, 77.7926483154, 115.21698761, 104.623832703, 119.989868164, 370.17767334, 515.307434082, 881.878112793, 920.473022461, 670.659606934, 1468.5958252, 2164.43481445, 1655.68041992, 1160.22265625, 1631.84082031, 780.561645508, 418.033050537, 297.122497559, 166.867828369, 181.674667358, 184.625015259, 118.344093323, 108.792221069, 120.227287292, 120.234931946, 86.66796875, 78.7881393433, 65.5874938965, 50.7221031189, 37.2672920227, 21.9983863831, 10.5624866486, 4.2829914093, 1.28779232502, 0.0886181145906, 0.00166135071777, 0.000159553834237],
        "mean": [0.182273820043, 1.83296716213, 3.88933873177, 3.49268174171, 5.82246637344, 11.6065654755, 10.7284984589, 12.4387836456, 18.7508678436, 47.8694458008, 48.8057479858, 42.5974273682, 33.5655403137, 58.7445869446, 56.6668891907, 56.8624801636, 47.84167099, 70.0854568481, 42.0120773315, 29.8152484894, 22.7885017395, 23.7295608521, 25.9638748169, 16.5769786835, 16.2522983551, 17.3641414642, 14.7241287231, 14.9864110947, 13.4004993439, 12.8654279709, 10.2525224686, 7.45551252365, 4.12383842468, 2.11284303665, 1.00656735897, 0.722423613071, 0.209872215986, 0.0117882983759, 0.000277040206129, 5.80349042139e-05],
        "median": [0.0633106604218, 0.917942047119, 0.940067887306, 1.05857598782, 2.8194000721, 7.40953779221, 6.52516555786, 6.98243665695, 8.8478269577, 18.1069087982, 17.2157802582, 13.7646770477, 9.77245521545, 16.8600330353, 21.9960250854, 24.6050224304, 16.94282341, 20.8609600067, 14.962972641, 15.8856096268, 13.0159692764, 17.0441246033, 16.4986801147, 10.5138282776, 10.7879419327, 12.8492908478, 9.70403575897, 10.3093938828, 8.34559631348, 8.30214595795, 7.42648696899, 4.62563657761, 2.43112969398, 0.903334915638, 0.432764172554, 0.400261580944, 0.110728293657, 0.00567043339834, 0.000147826431203, 5.61151719012e-05],
        "min": [0.000182388830581, 0.00147758098319, 0.00399019615725, 0.0139083871618, 0.0225237645209, 0.0278432443738, 0.15593546629, 0.217336907983, 0.0597676187754, 0.205712780356, 0.133697941899, 0.0917761474848, 0.106249257922, 0.0922001674771, 0.0990598499775, 0.0761489123106, 0.0672159716487, 0.102628044784, 0.172410160303, 0.171618014574, 0.207361966372, 0.46648851037, 0.273082226515, 0.12730742991, 0.244371786714, 0.233601897955, 0.0731931552291, 0.063564889133, 0.0295572578907, 0.0175924040377, 0.0100581534207, 0.00684520089999, 0.00472531560808, 0.00592602044344, 0.00283974246122, 0.00106759509072, 0.000227378710406, 1.01678579085e-05, 3.11785470331e-06, 3.07554887513e-06],
        "var": [0.0722872018814, 4.57930183411, 30.1489295959, 41.1984443665, 79.4080657959, 169.335189819, 155.336578369, 253.069534302, 893.824462891, 5115.06591797, 8399.70410156, 7710.25292969, 5686.72802734, 17900.8613281, 25226.0839844, 10335.4677734, 7466.97363281, 24201.0585938, 5600.91796875, 1944.27209473, 741.558898926, 504.990905762, 733.28717041, 349.433807373, 251.631011963, 234.349182129, 232.968429565, 201.002105713, 178.497741699, 146.29800415, 87.7940368652, 62.0853767395, 22.4343223572, 8.56103992462, 2.05708122253, 0.549647986889, 0.0467294119298, 0.00019566314586, 8.34115638781e-08, 9.97884996856e-10]
    },
    "gfcc": {
        "mean": [48.9903144836, 61.3986434937, -112.751266479, 34.509223938, -67.8384552002, 23.5138168335, -40.7032661438, 12.420548439, -24.3048915863, 11.1409854889, -17.6501598358, 7.78038692474, -17.0652427673],
        "cov": [[1997.16967773, 9.95418453217, -102.18334198, -126.536064148, 73.4916152954, 130.438995361, 96.8664169312, 115.988777161, 11.9202280045, 67.9113693237, -29.6914539337, 21.7117080688, -25.4886798859], [9.95418453217, 764.715637207, -131.902679443, -140.689163208, 222.485748291, 75.3260421753, 162.522125244, 62.0698661804, 92.9344558716, -47.5663948059, 75.4219589233, -19.5051803589, -10.896897316], [-102.18334198, -131.902679443, 496.620025635, 386.53616333, 30.0069293976, -11.0319681168, -10.1808862686, 55.2609329224, 16.5464057922, 43.2336235046, -27.5878868103, 18.5862579346, -6.07062578201], [-126.536064148, -140.689163208, 386.53616333, 464.347229004, 64.726348877, -37.3284225464, -36.2018356323, 35.1122970581, 21.4252681732, 32.7212791443, -12.1649312973, 17.0808563232, 1.11027300358], [73.4916152954, 222.485748291, 30.0069293976, 64.726348877, 223.826431274, 106.834785461, 75.1782455444, 57.8528862, 58.3218955994, 6.81603956223, 15.9368638992, 12.2032518387, 18.6324310303], [130.438995361, 75.3260421753, -11.0319681168, -37.3284225464, 106.834785461, 174.635650635, 107.116279602, 51.4824943542, 27.8048324585, 5.73975467682, 17.420091629, 9.37711429596, 32.8063964844], [96.8664169312, 162.522125244, -10.1808862686, -36.2018356323, 75.1782455444, 107.116279602, 172.963897705, 94.4935684204, 41.312953949, -4.49058437347, 24.2760887146, 7.34359884262, 11.9267921448], [115.988777161, 62.0698661804, 55.2609329224, 35.1122970581, 57.8528862, 51.4824943542, 94.4935684204, 151.910476685, 80.316368103, 10.1370429993, 4.62495088577, 6.05708789825, 24.2617435455], [11.9202280045, 92.9344558716, 16.5464057922, 21.4252681732, 58.3218955994, 27.8048324585, 41.312953949, 80.316368103, 108.622848511, 30.351858139, 8.15322780609, -3.55567550659, 16.0236301422], [67.9113693237, -47.5663948059, 43.2336235046, 32.7212791443, 6.81603956223, 5.73975467682, -4.49058437347, 10.1370429993, 30.351858139, 77.5811309814, 21.1920967102, 5.27049779892, 13.208439827], [-29.6914539337, 75.4219589233, -27.5878868103, -12.1649312973, 15.9368638992, 17.420091629, 24.2760887146, 4.62495088577, 8.15322780609, 21.1920967102, 76.9968032837, 23.8842430115, 4.01738929749], [21.7117080688, -19.5051803589, 18.5862579346, 17.0808563232, 12.2032518387, 9.37711429596, 7.34359884262, 6.05708789825, -3.55567550659, 5.27049779892, 23.8842430115, 70.1928024292, 24.3335704803], [-25.4886798859, -10.896897316, -6.07062578201, 1.11027300358, 18.6324310303, 32.8063964844, 11.9267921448, 24.2617435455, 16.0236301422, 13.208439827, 4.01738929749, 24.3335704803, 77.6029663086]],
        "icov": [[0.00076816562796, -0.000544377136976, 0.000823370122816, -0.000452564709121, 0.000570149568375, -0.00126073206775, 0.000794683059212, -0.001781828003, 0.00161827495322, -0.00224191183224, 0.00182637665421, -0.00121764896903, 0.0014124638401], [-0.000544377136976, 0.00583790009841, -0.00314613105729, 0.00431588711217, -0.00730537716299, 0.0066954982467, -0.00563771417364, 0.00525180296972, -0.00583837507293, 0.00766119267792, -0.00775027368218, 0.00479460740462, -0.00271950964816], [0.000823370122816, -0.00314613105729, 0.00929866638035, -0.00832119677216, 0.00550710922107, -0.00597989885136, 0.00310474238358, -0.00591937126592, 0.00542714865878, -0.00817138329148, 0.00798359885812, -0.00498760538176, 0.00467514898628], [-0.000452564709121, 0.00431588711217, -0.00832119677216, 0.0108851380646, -0.00832021702081, 0.0077269775793, -0.00307338545099, 0.00415483536199, -0.00456577260047, 0.0066770222038, -0.00748129887506, 0.00433581741527, -0.00361075880937], [0.000570149568375, -0.00730537716299, 0.00550710922107, -0.00832021702081, 0.0176321212202, -0.0135214179754, 0.00660059507936, -0.00572645012289, 0.00339145143516, -0.00816061068326, 0.00956289283931, -0.00708496198058, 0.00438508111984], [-0.00126073206775, 0.0066954982467, -0.00597989885136, 0.0077269775793, -0.0135214179754, 0.0218880176544, -0.0133280763403, 0.00869841873646, -0.00613816455007, 0.00912074092776, -0.0101850405335, 0.00756539730355, -0.00885988865048], [0.000794683059212, -0.00563771417364, 0.00310474238358, -0.00307338545099, 0.00660059507936, -0.0133280763403, 0.0202967505902, -0.0138036860153, 0.00755970738828, -0.00607391353697, 0.0046327826567, -0.00492706615478, 0.00577998068184], [-0.001781828003, 0.00525180296972, -0.00591937126592, 0.00415483536199, -0.00572645012289, 0.00869841873646, -0.0138036860153, 0.0247661676258, -0.0179302990437, 0.0123279038817, -0.0079484609887, 0.00533450162038, -0.00795121025294], [0.00161827495322, -0.00583837507293, 0.00542714865878, -0.00456577260047, 0.00339145143516, -0.00613816455007, 0.00755970738828, -0.0179302990437, 0.0275271814317, -0.0170317068696, 0.00959128607064, -0.00352591788396, 0.00425013946369], [-0.00224191183224, 0.00766119267792, -0.00817138329148, 0.0066770222038, -0.00816061068326, 0.00912074092776, -0.00607391353697, 0.0123279038817, -0.0170317068696, 0.0321183763444, -0.0189404468983, 0.0094768088311, -0.00915347691625], [0.00182637665421, -0.00775027368218, 0.00798359885812, -0.00748129887506, 0.00956289283931, -0.0101850405335, 0.0046327826567, -0.0079484609887, 0.00959128607064, -0.0189404468983, 0.0305550489575, -0.0144506776705, 0.00821856688708], [-0.00121764896903, 0.00479460740462, -0.00498760538176, 0.00433581741527, -0.00708496198058, 0.00756539730355, -0.00492706615478, 0.00533450162038, -0.00352591788396, 0.0094768088311, -0.0144506776705, 0.0240865331143, -0.0102761341259], [0.0014124638401, -0.00271950964816, 0.00467514898628, -0.00361075880937, 0.00438508111984, -0.00885988865048, 0.00577998068184, -0.00795121025294, 0.00425013946369, -0.00915347691625, 0.00821856688708, -0.0102761341259, 0.0211528744549]]
    },
    "melbands": {
        "dmean": [0.00102009531111, 0.000967626576312, 0.000546902767383, 0.00049891724484, 0.000226187767112, 0.000201678936719, 0.00023472229077, 0.000345853302861, 0.000302356958855, 0.000190281207324, 0.000110813962237, 0.000173109801835, 0.000143893586937, 0.000103665974166, 8.08014519862e-05, 9.34536437853e-05, 8.33612066344e-05, 4.99141897308e-05, 4.52408603451e-05, 2.14899209823e-05, 1.73183852894e-05, 1.59820901899e-05, 1.34022475322e-05, 1.37332017403e-05, 7.56827103032e-06, 6.68980328555e-06, 6.76633226249e-06, 6.32097999187e-06, 4.5157707973e-06, 4.88486102768e-06, 5.05320895172e-06, 4.7884691412e-06, 3.96697623728e-06, 4.33884497397e-06, 3.46218735103e-06, 2.68503731604e-06, 2.45041360358e-06, 1.66553979852e-06, 1.13625981157e-06, 8.72836608323e-07],
        "dmean2": [0.00153293949552, 0.00155810383148, 0.000941932783462, 0.000848834402859, 0.000360753678251, 0.000337868754286, 0.00039347819984, 0.000536688079592, 0.000475624838145, 0.000302527594613, 0.000165835328517, 0.000293917924864, 0.000234076578636, 0.000161271280376, 0.000129458188894, 0.000147645041579, 0.000126052749692, 7.84352305345e-05, 7.15762216714e-05, 3.50649461325e-05, 2.72942033916e-05, 2.55642116826e-05, 2.04852221941e-05, 2.25510211749e-05, 1.17072568173e-05, 1.04985956568e-05, 1.07812538772e-05, 1.01892528619e-05, 7.13909457772e-06, 7.73733245296e-06, 7.76249544288e-06, 7.55276369091e-06, 6.18503281657e-06, 6.60274872644e-06, 5.21757601746e-06, 4.06688059229e-06, 3.72712588614e-06, 2.54338510786e-06, 1.66471977536e-06, 1.27167459141e-06],
        "dvar": [2.31430340136e-06, 1.92581183001e-06, 9.10685173494e-07, 7.0895191584e-07, 8.49234282896e-08, 9.87173081057e-08, 1.45081870073e-07, 3.84721317914e-07, 3.97665047558e-07, 2.25956199529e-07, 6.33033963027e-08, 2.08033227977e-07, 1.23633611793e-07, 1.02600644425e-07, 2.07141841457e-08, 5.95056768304e-08, 3.14898933595e-08, 9.63378088414e-09, 1.02947375069e-08, 1.57854684879e-09, 5.75063219266e-10, 4.21102375192e-10, 2.58610577397e-10, 3.87106319222e-10, 1.52508519702e-10, 7.49729792138e-11, 7.1665652579e-11, 6.14235190488e-11, 3.68811300944e-11, 4.30642257965e-11, 3.87289193771e-11, 4.0285129399e-11, 2.45066935495e-11, 2.53325294769e-11, 1.59733754002e-11, 1.08653103875e-11, 8.76527062738e-12, 4.88631444334e-12, 2.06799573126e-12, 1.97927221487e-12],
        "dvar2": [5.70092470298e-06, 4.82187670059e-06, 2.39560904447e-06, 1.93626897271e-06, 2.19940403667e-07, 2.37134855752e-07, 3.48151615981e-07, 8.00646432708e-07, 9.32453701807e-07, 5.54037001166e-07, 1.24076436236e-07, 5.41237170637e-07, 3.48248335058e-07, 2.94940463164e-07, 5.15548137514e-08, 1.5287844235e-07, 6.70704025652e-08, 2.25718004288e-08, 2.428423862e-08, 3.9281840003e-09, 1.43260447949e-09, 1.00744523834e-09, 5.787998969e-10, 1.03219088832e-09, 3.45529271861e-10, 1.83166010137e-10, 1.85112591922e-10, 1.65473135194e-10, 9.59975016146e-11, 1.04501421405e-10, 9.46727002349e-11, 9.99622259967e-11, 5.69779813608e-11, 5.95136648296e-11, 3.70155538165e-11, 2.65602435878e-11, 1.93375766788e-11, 1.2116065963e-11, 4.52008569463e-12, 4.46386243941e-12],
        "max": [0.0165458563715, 0.0140712568536, 0.00953436177224, 0.00828491523862, 0.00319655402564, 0.00332863465883, 0.00484236050397, 0.00712666241452, 0.00636297464371, 0.00547614041716, 0.003421041416, 0.00565208913758, 0.00520971231163, 0.00588512513787, 0.00243532471359, 0.00454265531152, 0.00344480806962, 0.00121406535618, 0.00128517823759, 0.000377599557396, 0.00031001996831, 0.000237488682615, 0.000195057684323, 0.000238247390371, 0.000152534965309, 9.45873980527e-05, 0.000107339801616, 8.51085133036e-05, 7.07170402166e-05, 6.20989885647e-05, 9.05345368665e-05, 5.81913118367e-05, 4.00987337343e-05, 4.76295026601e-05, 3.73316397599e-05, 4.24740937888e-05, 3.13404016197e-05, 3.12373595079e-05, 1.76953326445e-05, 1.77431229531e-05],
        "mean": [0.00191330630332, 0.002255264204, 0.000660347519442, 0.000661078840494, 0.000403698708396, 0.000281686283415, 0.000334108248353, 0.000512917584274, 0.000400355696911, 0.000270473014098, 0.000162392432685, 0.000225582771236, 0.000213123392314, 0.000148813007399, 0.00011777887994, 0.000128636747831, 0.000128687577671, 6.72720052535e-05, 5.32887643203e-05, 2.82247819996e-05, 2.65944963758e-05, 2.5465107683e-05, 2.28733551921e-05, 2.1873633159e-05, 1.23815716506e-05, 1.12836441986e-05, 1.21371167552e-05, 1.13078913273e-05, 8.80254719959e-06, 8.72158852872e-06, 9.14534030017e-06, 8.12068446976e-06, 6.44781766823e-06, 7.44312501411e-06, 6.2308622546e-06, 4.77794537801e-06, 4.50625202575e-06, 3.07196978611e-06, 2.1675239168e-06, 1.62882827226e-06],
        "median": [0.00092259189114, 0.0010651134653, 0.000234145190916, 0.000392030662624, 0.000274919788353, 0.000161927368026, 0.000145041951328, 0.000183884287253, 0.000120646131109, 7.33730485081e-05, 4.40888761659e-05, 6.15111202933e-05, 7.79444453656e-05, 4.83468611492e-05, 4.92250801472e-05, 3.98062584281e-05, 3.51026392309e-05, 2.24124050874e-05, 2.10073631024e-05, 1.58624970936e-05, 1.52444972628e-05, 1.76279918378e-05, 1.48756844283e-05, 1.23254776554e-05, 7.34774448574e-06, 6.89734361004e-06, 8.79742492543e-06, 8.02465183369e-06, 6.12611529505e-06, 4.76107152281e-06, 6.3535389927e-06, 4.74259695693e-06, 3.90188824895e-06, 5.00780515722e-06, 4.54311611975e-06, 2.94708524962e-06, 2.74981016446e-06, 1.80529377758e-06, 1.09661380066e-06, 6.46860826237e-07],
        "min": [1.76275364083e-06, 8.85634108272e-07, 1.78190737188e-06, 1.98947418539e-06, 5.0631774684e-06, 8.9464958819e-07, 2.28543314051e-07, 2.15244449464e-06, 8.42887629915e-07, 2.51417617392e-07, 4.83096641801e-07, 3.20132272691e-07, 2.45217364636e-07, 1.62076403853e-07, 1.44061885976e-07, 1.92297108015e-07, 2.00995572186e-07, 3.12132442559e-07, 2.6429540867e-07, 1.79323123461e-07, 1.67297756093e-07, 3.02025654264e-07, 1.25581465227e-07, 1.77643897814e-07, 8.80383197455e-08, 5.76088332593e-08, 1.76773554017e-07, 9.11316675456e-08, 2.90108612688e-08, 5.85937094399e-08, 2.55242103009e-08, 1.77097252418e-08, 1.09100275481e-08, 1.04477155816e-08, 6.02613159373e-09, 4.08727718337e-09, 1.93583638008e-09, 2.84998491473e-09, 4.82292650261e-10, 2.43176057069e-09],
