{
"highlevel": {
    "danceability": {
        "all": {
            "danceable": 6.28186995755e-08,
            "not_danceable": 0.999999940395
        },
        "probability": 0.999999940395,
        "value": "not_danceable"
    },
    "gender": {
        "all": {
            "female": 0.343232214451,
            "male": 0.656767785549
        },
        "probability": 0.656767785549,
        "value": "male"
    },
    "genre_dortmund": {
        "all": {
            "alternative": 0.346094071865,
            "blues": 0.018370019272,
            "electronic": 0.0348449274898,
            "folkcountry": 0.066861987114,
            "funksoulrnb": 0.00429988885298,
            "jazz": 0.00567178474739,
            "pop": 0.0455242358148,
            "raphiphop": 0.000806327909231,
            "rock": 0.477526754141
        },
        "probability": 0.477526754141,
        "value": "rock"
    },
    "genre_electronic": {
        "all": {
            "ambient": 0.382726103067,
            "dnb": 0.12237971276,
            "house": 0.0548814199865,
            "techno": 0.0184687972069,
            "trance": 0.421543955803
        },
        "probability": 0.421543955803,
        "value": "trance"
    },
    "genre_rosamerica": {
        "all": {
            "cla": 0.00125135388225,
            "dan": 0.0129403537139,
            "hip": 0.000452520616818,
            "jaz": 0.000696140690707,
            "pop": 0.0149092804641,
            "rhy": 0.00127134018112,
            "roc": 0.967919766903,
            "spe": 0.000559268286452
        },
        "probability": 0.967919766903,
        "value": "roc"
    },
    "genre_tzanetakis": {
        "all": {
            "blu": 0.0626613423228,
            "cla": 0.0348169617355,
            "cou": 0.104475811124,
            "dis": 0.0784321576357,
            "hip": 0.15692435205,
            "jaz": 0.313974827528,
            "met": 0.0448166541755,
            "pop": 0.0627359300852,
            "reg": 0.0627360641956,
            "roc": 0.0784258767962
        },
        "probability": 0.313974827528,
        "value": "jaz"
    },
    "ismir04_rhythm": {
        "all": {
            "ChaChaCha": 0.201789036393,
            "Jive": 0.488081425428,
            "Quickstep": 0.00575543241575,
            "Rumba-American": 0.0365594513714,
            "Rumba-International": 0.0264767482877,
            "Rumba-Misc": 0.00453987484798,
            "Samba": 0.0425549447536,
            "Tango": 0.0473604910076,
            "VienneseWaltz": 0.14118590951,
            "Waltz": 0.00569667154923
        },
        "probability": 0.488081425428,
        "value": "Jive"
    },
    "mood_acoustic": {
        "all": {
            "acoustic": 0.0889113396406,
            "not_acoustic": 0.911088645458
        },
        "probability": 0.911088645458,
        "value": "not_acoustic"
    },
    "mood_aggressive": {
        "all": {
            "aggressive": 0.574926197529,
            "not_aggressive": 0.425073802471
        },
        "probability": 0.574926197529,
        "value": "aggressive"
    },
    "mood_electronic": {
        "all": {
            "electronic": 0.484304279089,
            "not_electronic": 0.515695750713
        },
        "probability": 0.515695750713,
        "value": "not_electronic"
    },
    "mood_happy": {
        "all": {
            "happy": 0.41377800703,
            "not_happy": 0.58622199297
        },
        "probability": 0.58622199297,
        "value": "not_happy"
    },
    "mood_party": {
        "all": {
            "not_party": 0.855285584927,
            "party": 0.144714400172
        },
        "probability": 0.855285584927,
        "value": "not_party"
    },
    "mood_relaxed": {
        "all": {
            "not_relaxed": 0.963397443295,
            "relaxed": 0.0366025306284
        },
        "probability": 0.963397443295,
        "value": "not_relaxed"
    },
    "mood_sad": {
        "all": {
            "not_sad": 0.639799892902,
            "sad": 0.3602001369
        },
        "probability": 0.639799892902,
        "value": "not_sad"
    },
    "moods_mirex": {
        "all": {
            "Cluster1": 0.320499718189,
            "Cluster2": 0.0258172657341,
            "Cluster3": 0.218239486217,
            "Cluster4": 0.036962993443,
            "Cluster5": 0.398480534554
        },
        "probability": 0.398480534554,
        "value": "Cluster5"
    },
    "timbre": {
        "all": {
            "bright": 0.680242776871,
            "dark": 0.319757223129
        },
        "probability": 0.680242776871,
        "value": "bright"
    },
    "tonal_atonal": {
        "all": {
            "atonal": 0.00228848052211,
            "tonal": 0.997711539268
        },
        "probability": 0.997711539268,
        "value": "tonal"
    },
    "voice_instrumental": {
        "all": {
            "instrumental": 0.000533249869477,
            "voice": 0.999466776848
        },
        "probability": 0.999466776848,
        "value": "voice"
    }
},
"lowlevel": {
    "average_loudness": 0.986906170845,
    "barkbands_crest": {
        "dmean": 2.49543523788,
        "dmean2": 4.20137357712,
        "dvar": 6.35319375992,
        "dvar2": 16.5286502838,
        "max": 21.0960254669,
        "mean": 8.60100841522,
        "median": 7.95264101028,
        "min": 3.33939123154,
        "var": 9.85091018677
    },
    "barkbands_flatness_db": {
        "dmean": 0.0158744305372,
        "dmean2": 0.0260043516755,
        "dvar": 0.000225725147175,
        "dvar2": 0.000591599033214,
        "max": 0.275845557451,
        "mean": 0.135784178972,
        "median": 0.130071818829,
        "min": 0.053460881114,
        "var": 0.00105951377191
    },
    "barkbands_kurtosis": {
        "dmean": 2.20277547836,
        "dmean2": 3.56323933601,
        "dvar": 8.25422763824,
        "dvar2": 21.3294315338,
        "max": 34.5637168884,
        "mean": 3.36317443848,
        "median": 1.87301826477,
        "min": -1.44751536846,
        "var": 17.3079319
    },
    "barkbands_skewness": {
        "dmean": 0.458340257406,
        "dmean2": 0.715692639351,
        "dvar": 0.208111479878,
        "dvar2": 0.518394708633,
        "max": 4.86393642426,
        "mean": 1.67411601543,
        "median": 1.54707193375,
        "min": 0.0815605521202,
        "var": 0.605088353157
    },
    "barkbands_spread": {
        "dmean": 3.95743370056,
        "dmean2": 6.17840099335,
        "dvar": 18.9398555756,
        "dvar2": 41.498008728,
        "max": 69.6521224976,
        "mean": 19.8801002502,
        "median": 19.1284942627,
        "min": 3.20776486397,
        "var": 79.2049942017
    },
    "dissonance": {
        "dmean": 0.0136866038665,
        "dmean2": 0.0235280767083,
        "dvar": 0.000146834019688,
        "dvar2": 0.000400224933401,
        "max": 0.5,
        "mean": 0.475626498461,
        "median": 0.478784441948,
        "min": 0.399095743895,
        "var": 0.000265775859589
    },
    "dynamic_complexity": 1.11440432072,
    "erbbands_crest": {
        "dmean": 1.92851579189,
        "dmean2": 3.14238190651,
        "dvar": 3.79713082314,
        "dvar2": 9.89815330505,
        "max": 21.3566360474,
        "mean": 7.07190752029,
        "median": 6.30477046967,
        "min": 2.48934531212,
        "var": 9.55594825745
    },
    "erbbands_flatness_db": {
        "dmean": 0.0121860569343,
        "dmean2": 0.0181147959083,
        "dvar": 0.000125820210087,
        "dvar2": 0.000248365016887,
        "max": 0.224623784423,
        "mean": 0.149644613266,
        "median": 0.153462857008,
        "min": 0.0672011524439,
        "var": 0.00070056412369
    },
    "erbbands_kurtosis": {
        "dmean": 0.357394188643,
        "dmean2": 0.57932549715,
        "dvar": 0.126029983163,
        "dvar2": 0.29068082571,
        "max": 3.42070102692,
        "mean": -0.385906845331,
        "median": -0.571156978607,
        "min": -1.62440919876,
        "var": 0.564196169376
    },
    "erbbands_skewness": {
        "dmean": 0.228648066521,
        "dmean2": 0.367708802223,
        "dvar": 0.0351499393582,
        "dvar2": 0.0882903859019,
        "max": 1.83789503574,
        "mean": 0.243911162019,
        "median": 0.208538174629,
        "min": -1.02866625786,
        "var": 0.166765257716
    },
    "erbbands_spread": {
        "dmean": 6.20316982269,
        "dmean2": 9.45618438721,
        "dvar": 37.3735923767,
        "dvar2": 71.0517120361,
        "max": 103.843437195,
        "mean": 42.7208786011,
        "median": 40.2480239868,
        "min": 15.7838459015,
        "var": 234.757064819
    },
    "hfc": {
        "dmean": 4.1814789772,
        "dmean2": 6.33660936356,
        "dvar": 21.6648902893,
        "dvar2": 39.8107948303,
        "max": 91.5098114014,
        "mean": 25.9340801239,
        "median": 26.5810184479,
        "min": 4.2473115921,
        "var": 129.605880737
    },
    "melbands_crest": {
        "dmean": 3.00604915619,
        "dmean2": 4.99224233627,
        "dvar": 7.83568429947,
        "dvar2": 20.7888717651,
        "max": 27.8708057404,
        "mean": 12.7251195908,
        "median": 12.1669559479,
        "min": 4.43423461914,
        "var": 12.9179162979
    },
    "melbands_flatness_db": {
        "dmean": 0.021634100005,
        "dmean2": 0.0339790247381,
        "dvar": 0.000457810907392,
        "dvar2": 0.00115292787086,
        "max": 0.369759857655,
        "mean": 0.195178180933,
        "median": 0.186103090644,
        "min": 0.0730619952083,
        "var": 0.00186865217984
    },
    "melbands_kurtosis": {
        "dmean": 5.82542276382,
        "dmean2": 9.44942569733,
        "dvar": 54.6471786499,
        "dvar2": 138.737808228,
        "max": 66.4273147583,
        "mean": 12.0247888565,
        "median": 8.87239170074,
        "min": -0.153856992722,
        "var": 108.593048096
    },
    "melbands_skewness": {
        "dmean": 0.66733288765,
        "dmean2": 1.05038368702,
        "dvar": 0.46323594451,
        "dvar2": 1.12858641148,
        "max": 7.07850074768,
        "mean": 2.77989172935,
        "median": 2.60910153389,
        "min": 0.540499925613,
        "var": 1.29009509087
    },
    "melbands_spread": {
        "dmean": 4.66146039963,
        "dmean2": 7.1398639679,
        "dvar": 20.7457561493,
        "dvar2": 51.3073730469,
        "max": 60.4009094238,
        "mean": 18.8989868164,
        "median": 18.764421463,
        "min": 2.2808303833,
        "var": 69.8601455688
    },
    "pitch_salience": {
        "dmean": 0.069989271462,
        "dmean2": 0.118313744664,
        "dvar": 0.0042822631076,
        "dvar2": 0.0116038611159,
        "max": 0.847279787064,
        "mean": 0.615621387959,
        "median": 0.621853768826,
        "min": 0.287696152925,
        "var": 0.00672098342329
    },
    "silence_rate_20dB": {
        "dmean": 0,
        "dmean2": 0,
        "dvar": 0,
        "dvar2": 0,
        "max": 1,
        "mean": 1,
        "median": 1,
        "min": 1,
        "var": 0
    },
    "silence_rate_30dB": {
        "dmean": 0.0061919502914,
        "dmean2": 0.0123934932053,
        "dvar": 0.00615358073264,
        "dvar2": 0.0184368696064,
        "max": 1,
        "mean": 0.996906399727,
        "median": 1,
        "min": 0,
        "var": 0.00308399507776
    },
    "silence_rate_60dB": {
        "dmean": 0,
        "dmean2": 0,
        "dvar": 0,
        "dvar2": 0,
        "max": 0,
        "mean": 0,
        "median": 0,
        "min": 0,
        "var": 0
    },
    "spectral_centroid": {
        "dmean": 189.484466553,
        "dmean2": 297.65826416,
        "dvar": 28964.9140625,
        "dvar2": 74486.0625,
        "max": 2492.93310547,
        "mean": 1190.07336426,
        "median": 1188.96252441,
        "min": 386.648712158,
        "var": 120162.460938
    },
    "spectral_complexity": {
        "dmean": 3.75309586525,
        "dmean2": 5.98915576935,
        "dvar": 9.77414417267,
        "dvar2": 22.8116970062,
        "max": 52,
        "mean": 28.9559173584,
        "median": 30,
        "min": 6,
        "var": 63.4806365967
    },
    "spectral_decrease": {
        "dmean": 3.50639672853e-09,
        "dmean2": 5.63972113454e-09,
        "dvar": 2.06289762328e-17,
        "dvar2": 5.08426728942e-17,
        "max": -1.48587808724e-09,
        "mean": -1.12048441636e-08,
        "median": -1.01633226279e-08,
        "min": -3.69544288503e-08,
        "var": 2.40788140411e-17
    },
    "spectral_energy": {
        "dmean": 0.0134357428178,
        "dmean2": 0.0215892847627,
        "dvar": 0.000298804457998,
        "dvar2": 0.000735357345548,
        "max": 0.142542421818,
        "mean": 0.0446419380605,
        "median": 0.0407294519246,
        "min": 0.00599328614771,
        "var": 0.000356660253601
    },
    "spectral_energyband_high": {
        "dmean": 0.000252698664553,
        "dmean2": 0.000355363008566,
        "dvar": 2.32883394347e-07,
        "dvar2": 3.46222407188e-07,
        "max": 0.00952346343547,
        "mean": 0.00084503821563,
        "median": 0.000564146379475,
        "min": 3.87458021578e-05,
        "var": 1.27448902276e-06
    },
    "spectral_energyband_low": {
        "dmean": 0.0102761900052,
        "dmean2": 0.0168877840042,
        "dvar": 0.000258415471762,
        "dvar2": 0.000654821866192,
        "max": 0.106741048396,
        "mean": 0.0159682836384,
        "median": 0.0110866548494,
        "min": 0.000545111310203,
        "var": 0.000247417716309
    },
    "spectral_energyband_middle_high": {
        "dmean": 0.00174063723534,
        "dmean2": 0.00275846594013,
        "dvar": 3.38167183145e-06,
        "dvar2": 7.89515434008e-06,
        "max": 0.0240265913308,
        "mean": 0.00764334201813,
        "median": 0.0066477493383,
        "min": 0.000370376423234,
        "var": 2.29090019275e-05
    },
    "spectral_energyband_middle_low": {
        "dmean": 0.00760330585763,
        "dmean2": 0.0127343432978,
        "dvar": 0.000132262532134,
        "dvar2": 0.000357582961442,
        "max": 0.112769246101,
        "mean": 0.0235107280314,
        "median": 0.0210341196507,
        "min": 0.00357929500751,
        "var": 0.000158947179443
    },
    "spectral_entropy": {
        "dmean": 0.0945854410529,
        "dmean2": 0.150189235806,
        "dvar": 0.00783209595829,
        "dvar2": 0.0178078562021,
        "max": 8.37871265411,
        "mean": 7.65135335922,
        "median": 7.66672420502,
        "min": 6.8706741333,
        "var": 0.055067230016
    },
    "spectral_flux": {
        "dmean": 0.0314073003829,
        "dmean2": 0.0479267761111,
        "dvar": 0.00122389651369,
        "dvar2": 0.0024062176235,
        "max": 0.320414215326,
        "mean": 0.108902320266,
        "median": 0.0976959317923,
        "min": 0.0325184166431,
        "var": 0.00235515320674
    },
    "spectral_kurtosis": {
        "dmean": 1.24101006985,
        "dmean2": 2.14152669907,
        "dvar": 1.3731969595,
        "dvar2": 4.05107879639,
        "max": 16.2482643127,
        "mean": 3.36787676811,
        "median": 3.19642019272,
        "min": -0.112064361572,
        "var": 2.4111123085
    },
    "spectral_rms": {
        "dmean": 0.000919944548514,
        "dmean2": 0.00144990044646,
        "dvar": 1.08766744233e-06,
        "dvar2": 2.61119930656e-06,
        "max": 0.011792615056,
        "mean": 0.00647766934708,
        "median": 0.00630365358666,
        "min": 0.00241807941347,
        "var": 1.59295200319e-06
    },
    "spectral_rolloff": {
        "dmean": 340.597076416,
        "dmean2": 549.089111328,
        "dvar": 252963.6875,
        "dvar2": 557877.5,
        "max": 6739.89257812,
        "mean": 1056.9395752,
        "median": 904.39453125,
        "min": 129.19921875,
        "var": 606115.125
    },
    "spectral_skewness": {
        "dmean": 0.164997726679,
        "dmean2": 0.278226971626,
        "dvar": 0.0220991987735,
        "dvar2": 0.0550659447908,
        "max": 3.38999938965,
        "mean": 1.27666711807,
        "median": 1.27052342892,
        "min": 0.587469279766,
        "var": 0.0627076774836
    },
    "spectral_spread": {
        "dmean": 320825.5625,
        "dmean2": 460544.40625,
        "dvar": 199835860992,
        "dvar2": 304028090368,
        "max": 9229278,
        "mean": 3938006.5,
        "median": 3671313,
        "min": 2540112,
        "var": 1.05203872563e+12
    },
    "spectral_strongpeak": {
        "dmean": 0.412852853537,
        "dmean2": 0.736265838146,
        "dvar": 0.347796052694,
        "dvar2": 0.918232262135,
        "max": 4.93065547943,
        "mean": 0.656993508339,
        "median": 0.497605383396,
        "min": 0.060279045254,
        "var": 0.376077204943
    },
    "zerocrossingrate": {
        "dmean": 0.00704493094236,
        "dmean2": 0.00880267843604,
        "dvar": 6.11725481576e-05,
        "dvar2": 7.56348381401e-05,
        "max": 0.15283203125,
        "mean": 0.0490803830326,
        "median": 0.0458984375,
        "min": 0.009765625,
        "var": 0.000445370736998
    },
    "barkbands": {
        "dmean": [0.000259165564785, 0.00726182339713, 0.00312891602516, 0.00388426077552, 0.00435499288142, 0.00126705435105, 0.000737856840715, 0.0008638764848, 0.00101037358399, 0.000920680293348, 0.00056925980607, 0.000379473203793, 0.000352497707354, 0.000407509389333, 0.000285991060082, 0.000192297055037, 0.000217789624003, 0.000175458786543, 0.000206990880542, 0.000113296053314, 8.29289492685e-05, 6.89832377248e-05, 5.45551047253e-05, 4.7071462177e-05, 3.34218311764e-05, 9.07637604541e-06, 4.66131879762e-08],
        "dmean2": [0.000452217936981, 0.0121120298281, 0.00554051063955, 0.0067159156315, 0.0073881666176, 0.00213701557368, 0.00122741807718, 0.00142168963794, 0.00158987753093, 0.0015108899679, 0.000884431006853, 0.000598140759394, 0.000572245684452, 0.000646585482173, 0.000451490224805, 0.000322182138916, 0.000356606731657, 0.000289516348857, 0.000345377076883, 0.000186369070434, 0.000133212190121, 0.000106449049781, 7.77003078838e-05, 7.20909010852e-05, 4.75962442579e-05, 1.22199908219e-05, 8.19366618998e-08],
        "dvar": [3.18203575489e-07, 0.000188019446796, 2.07556186069e-05, 5.70803968003e-05, 3.61402162525e-05, 2.75749812317e-06, 8.92253979146e-07, 1.84949215054e-06, 2.33449918596e-06, 2.16640751205e-06, 8.18748219444e-07, 3.62240768936e-07, 3.59865595101e-07, 4.8810500175e-07, 1.52029912215e-07, 4.68865302139e-08, 4.56608511001e-08, 4.36779785673e-08, 4.07488904841e-08, 1.42598981512e-08, 1.14569411735e-08, 1.34590276701e-08, 2.94150321878e-08, 3.0209292845e-08, 1.28236372632e-08, 9.76495106997e-10, 6.35267527601e-14],
        "dvar2": [8.72147268183e-07, 0.000483499577967, 5.74569385208e-05, 0.00015489346697, 0.000100411351013, 7.25396785128e-06, 2.3899599455e-06, 4.7752600949e-06, 5.20881803823e-06, 5.89971841691e-06, 1.80220911261e-06, 8.10314020327e-07, 8.11101642739e-07, 1.10915777896e-06, 3.64146131915e-07, 1.25632496406e-07, 1.25021799136e-07, 1.11433863026e-07, 1.12005032804e-07, 3.63839660622e-08, 2.74752274265e-08, 2.72808708957e-08, 6.30093737186e-08, 5.57754340491e-08, 2.2128572752e-08, 1.48635936892e-09, 1.76816962222e-13],
        "max": [0.00885887630284, 0.0887309014797, 0.0413208901882, 0.0698899850249, 0.0584851689637, 0.0208278149366, 0.00944336596876, 0.0169549938291, 0.022865857929, 0.0191199891269, 0.0186122078449, 0.00921174697578, 0.00927103031427, 0.00801836047322, 0.00515635218471, 0.0032630325295, 0.00234189257026, 0.00283185089938, 0.00246631819755, 0.00206063943915, 0.00199355161749, 0.00212180428207, 0.00419629784301, 0.0029500243254, 0.00172798801214, 0.000876932230312, 6.03329363003e-06],
        "mean": [0.000291661068331, 0.00781320873648, 0.0049125845544, 0.00664379820228, 0.00847148429602, 0.00255846814252, 0.0016529437853, 0.00141840509605, 0.00206750212237, 0.00190259830561, 0.00124471029267, 0.000717034039553, 0.000625580840278, 0.000788343080785, 0.000659446406644, 0.000430851097917, 0.000477269291878, 0.000419698713813, 0.000536223466042, 0.000316837162245, 0.000219408597331, 0.000170961400727, 0.000120126882393, 0.000103651291283, 6.23844462098e-05, 1.67637062987e-05, 3.75475259773e-08],
        "median": [0.000109583452286, 0.00310516986065, 0.00369207700714, 0.00474496046081, 0.00676471088082, 0.00187583267689, 0.00119129859377, 0.000860325759277, 0.0011618201388, 0.000929408124648, 0.000564119312912, 0.000365901447367, 0.000350251648342, 0.000319360784488, 0.000346075859852, 0.000361734593753, 0.000388777669286, 0.000331616465701, 0.000486725242808, 0.000282181950752, 0.000180717281182, 0.000114998023491, 5.68654431845e-05, 2.65489143203e-05, 1.22524261315e-05, 3.76905927624e-06, 4.2905212716e-09],
        "min": [1.20934714687e-07, 4.63200485683e-05, 7.80994887464e-05, 0.000180149552762, 0.000325891043758, 7.2552866186e-05, 5.53151803615e-05, 5.39274733455e-05, 6.91513996571e-05, 3.1165422115e-05, 1.54656845552e-05, 1.3011233932e-05, 1.90813370864e-05, 5.80162122787e-06, 8.80408424564e-06, 1.3669639884e-05, 2.12193153857e-05, 1.89720976778e-05, 3.25965920638e-05, 1.84875570994e-05, 1.13601890916e-05, 5.6593366935e-06, 2.22862558985e-06, 7.35492278636e-07, 3.43986563678e-08, 1.8775887789e-10, 6.22968083369e-12],
        "var": [2.67195332526e-07, 0.000161188581842, 2.30239602388e-05, 5.31520454388e-05, 4.50337611255e-05, 5.53112931811e-06, 2.13685439121e-06, 2.89254012387e-06, 6.01540523348e-06, 6.15945191385e-06, 3.91297498936e-06, 9.51099139002e-07, 7.47310537008e-07, 1.28821670842e-06, 5.63108130791e-07, 1.00937882053e-07, 1.15239195964e-07, 1.14791177452e-07, 9.68578319771e-08, 3.88276468755e-08, 2.9186526973e-08, 4.81663953167e-08, 8.16631740008e-08, 1.15452017724e-07, 3.70109987102e-08, 3.7445997414e-09, 4.33514105148e-14]
    },
    "erbbands": {
        "dmean": [0.181359633803, 1.76704621315, 3.54914593697, 7.89052581787, 14.4888734818, 16.5040626526, 11.5389003754, 10.3254089355, 10.5005578995, 13.2767696381, 19.5719337463, 24.7445468903, 25.5527820587, 24.5859050751, 20.8540458679, 14.0975236893, 16.3881988525, 19.3923015594, 16.2660579681, 11.3100252151, 9.88565921783, 10.9563694, 9.87808609009, 8.02111053467, 10.4790325165, 4.94852542877, 4.2353105545, 2.63036561012, 2.45503997803, 2.18490481377, 1.41144609451, 1.01527953148, 0.76513415575, 0.452261805534, 0.209338605404, 0.0649917200208, 0.0132301654667, 0.000825213966891, 2.52171557804e-05, 1.55873731273e-05],
        "dmean2": [0.296484172344, 2.9672498703, 6.21423578262, 13.7568531036, 24.6445407867, 28.167547226, 19.204832077, 17.5286197662, 17.4849491119, 22.0573883057, 31.733127594, 38.8514289856, 42.4474945068, 38.7819061279, 32.2470359802, 22.5831756592, 26.4057350159, 30.3407058716, 25.2595043182, 18.6465930939, 16.4843425751, 18.1467494965, 16.1868038177, 13.251452446, 17.3963489532, 8.15517234802, 6.93143558502, 4.07806634903, 3.84138989449, 3.27115917206, 2.00198745728, 1.45849585533, 1.17509281635, 0.660057425499, 0.294684648514, 0.0896912664175, 0.0183660592884, 0.0012052700622, 3.65596424672e-05, 2.45857645496e-05],
        "dvar": [0.109966665506, 11.1484088898, 32.8522644043, 157.052490234, 745.089050293, 529.11932373, 232.961853027, 176.060028076, 177.285888672, 385.472808838, 1241.72143555, 1805.9407959, 2432.19555664, 1219.44226074, 1050.37792969, 502.845397949, 809.570556641, 1105.44775391, 530.239624023, 176.38973999, 125.35018158, 125.836738586, 130.378845215, 63.6878395081, 118.394630432, 28.0929527283, 26.0571727753, 12.4045877457, 16.9004516602, 31.6869983673, 19.378156662, 11.7024497986, 8.67189216614, 2.51032161713, 0.538498103619, 0.0530329197645, 0.00182972406037, 5.43242458662e-06, 4.10140144069e-09, 3.74659997471e-10],
        "dvar2": [0.278953552246, 29.0266056061, 90.290802002, 430.388793945, 2077.14282227, 1444.15893555, 611.650085449, 497.292907715, 494.249572754, 1006.1494751, 3248.92602539, 4298.13183594, 6541.24267578, 2831.44580078, 2332.67578125, 1179.4934082, 1719.8236084, 2526.97363281, 1249.16430664, 497.045837402, 347.177825928, 346.319519043, 340.316314697, 170.962219238, 326.801208496, 70.3199005127, 65.8578262329, 27.5039329529, 34.0831336975, 70.9850540161, 39.5518455505, 19.3588256836, 16.8568325043, 4.531727314, 0.991218030453, 0.0846780240536, 0.00276566576213, 9.11727511266e-06, 6.46296571816e-09, 9.05850117139e-10],
        "max": [2.62812209129, 19.2656497955, 51.4845504761, 102.944953918, 268.143463135, 235.665039062, 220.395141602, 166.31640625, 154.524810791, 268.643554688, 433.835845947, 656.843200684, 651.224609375, 413.2628479, 685.253051758, 365.423522949, 508.939025879, 391.854919434, 336.196655273, 191.612136841, 138.533981323, 117.383842468, 170.230499268, 95.6809310913, 154.086486816, 86.0476837158, 78.6316070557, 56.589099884, 73.0693664551, 121.224006653, 101.356758118, 63.5246582031, 48.2589187622, 26.5223941803, 15.0343513489, 6.39050388336, 1.12825679779, 0.0562038607895, 0.00147876073606, 0.000213869556319],
        "mean": [0.208200827241, 1.83011043072, 5.33628892899, 14.6110773087, 26.0366973877, 29.8348350525, 22.4287452698, 20.9392108917, 22.9249458313, 26.182636261, 34.4226036072, 50.9718856812, 54.0624198914, 54.8009529114, 48.4443855286, 30.1495018005, 32.5374298096, 38.3276901245, 38.9201622009, 27.4753723145, 24.6087474823, 26.350687027, 24.6799087524, 22.4052371979, 26.6189613342, 14.7341480255, 11.0243816376, 7.14658927917, 6.18951559067, 5.02286338806, 3.14053297043, 2.30589723587, 1.58329761028, 0.85229331255, 0.363976478577, 0.115727320313, 0.0235757250339, 0.00137856521178, 6.15619646851e-05, 5.51135926798e-05],
        "median": [0.0848955288529, 0.753110826015, 3.77057480812, 11.9466238022, 18.8364028931, 23.2066726685, 17.8605976105, 14.9096393585, 16.455532074, 17.9648170471, 22.2061672211, 27.2674160004, 27.5902729034, 29.2825832367, 25.0507297516, 17.0099983215, 18.9551200867, 17.2316093445, 21.675283432, 19.5535678864, 21.271900177, 22.4323501587, 20.6896018982, 20.3692340851, 23.3501644135, 13.301897049, 9.21296787262, 5.70943069458, 4.26493263245, 2.82257509232, 1.42346870899, 0.755333304405, 0.327307194471, 0.158210754395, 0.0767845287919, 0.0238483585417, 0.00576280942187, 0.000391972396756, 3.24106658809e-05, 4.95956846862e-05],
        "min": [0.00172130460851, 0.0194765925407, 0.211189582944, 0.647865474224, 0.860480189323, 1.5090328455, 0.776377081871, 0.854563772678, 1.24234259129, 1.18448984623, 1.82981836796, 2.42673277855, 0.929843246937, 1.05275201797, 0.682942152023, 0.674038767815, 1.05103683472, 0.691260814667, 0.409431993961, 0.730991780758, 1.17589831352, 1.43016946316, 1.41909325123, 1.2338104248, 1.87194752693, 0.866287052631, 0.418547511101, 0.369869500399, 0.207804173231, 0.142894521356, 0.0529815517366, 0.0231196302921, 0.00725156441331, 0.000829599797726, 0.000186111588846, 3.68822911696e-05, 1.2636156498e-05, 2.3211084681e-06, 3.69497888641e-06, 7.14043653716e-06],
        "var": [0.103341974318, 9.20498180389, 31.2780685425, 144.736495972, 719.340759277, 710.661315918, 358.855285645, 358.44732666, 416.339569092, 687.53704834, 1820.02746582, 4481.33105469, 6420.70849609, 4179.33789062, 5061.46191406, 1380.21679688, 1911.16467285, 2839.34838867, 1770.08239746, 615.460388184, 282.730834961, 314.630523682, 324.829101562, 179.659408569, 265.126464844, 80.2748184204, 63.6950721741, 35.5386886597, 57.0040473938, 87.8705673218, 59.9819755554, 48.9018745422, 29.6654338837, 7.69979333878, 1.37337470055, 0.189061149955, 0.00667403126135, 1.75258319359e-05, 1.31874919873e-08, 5.65652136242e-10]
    },
    "gfcc": {
        "mean": [42.0795974731, 119.028808594, -128.507583618, 46.1389961243, -60.2420349121, 9.31415653229, -32.8145179749, 5.59899759293, -27.1262168884, -5.18970632553, -18.7627086639, -5.3903336525, -9.07516384125],
        "cov": [[955.93371582, -581.15057373, 6.16592025757, -77.9563903809, -99.205947876, 212.875946045, -153.152084351, 61.9177627563, -84.6057357788, 62.1540260315, -91.2456283569, 1.40195047855, -139.445343018], [-581.15057373, 593.617553711, -137.047988892, 18.0336952209, 132.709136963, -138.903656006, 189.282745361, -69.6135101318, 100.221763611, -57.8429641724, 76.9286193848, -16.8731250763, 93.9749755859], [6.16592025757, -137.047988892, 354.986877441, 88.2227325439, 1.19601881504, 25.9195232391, -38.129032135, 61.2569046021, -14.6540851593, 59.2515678406, 4.83520412445, 49.9278030396, 21.9977073669], [-77.9563903809, 18.0336952209, 88.2227325439, 145.015838623, 19.0753631592, -6.22687149048, 21.2304840088, 18.7126178741, 45.0925598145, 8.88455963135, 24.7309970856, -5.43923330307, 37.1034812927], [-99.205947876, 132.709136963, 1.19601881504, 19.0753631592, 145.041748047, 9.34590244293, 69.5653991699, 11.774274826, 32.0143928528, 28.0104370117, 14.2040491104, 9.8992099762, 16.2030601501], [212.875946045, -138.903656006, 25.9195232391, -6.22687149048, 9.34590244293, 119.751777649, 0.744118332863, 35.4534645081, -6.71255874634, 23.5923175812, -4.42702293396, 5.10769891739, -31.3047142029], [-153.152084351, 189.282745361, -38.129032135, 21.2304840088, 69.5653991699, 0.744118332863, 133.406448364, 7.82318639755, 45.0499534607, -10.620557785, 33.2477264404, 4.53017425537, 26.3771400452], [61.9177627563, -69.6135101318, 61.2569046021, 18.7126178741, 11.774274826, 35.4534645081, 7.82318639755, 80.4980926514, 28.4024581909, 30.7450141907, -7.03412771225, 7.20083189011, 1.45744884014], [-84.6057357788, 100.221763611, -14.6540851593, 45.0925598145, 32.0143928528, -6.71255874634, 45.0499534607, 28.4024581909, 94.9027786255, 11.194653511, 15.4917793274, -16.359205246, 21.957359314], [62.1540260315, -57.8429641724, 59.2515678406, 8.88455963135, 28.0104370117, 23.5923175812, -10.620557785, 30.7450141907, 11.194653511, 66.7707443237, 3.86975932121, 12.1463451385, -8.79137992859], [-91.2456283569, 76.9286193848, 4.83520412445, 24.7309970856, 14.2040491104, -4.42702293396, 33.2477264404, -7.03412771225, 15.4917793274, 3.86975932121, 57.7494926453, 11.4932699203, 16.7586250305], [1.40195047855, -16.8731250763, 49.9278030396, -5.43923330307, 9.8992099762, 5.10769891739, 4.53017425537, 7.20083189011, -16.359205246, 12.1463451385, 11.4932699203, 45.7084388733, 10.4007644653], [-139.445343018, 93.9749755859, 21.9977073669, 37.1034812927, 16.2030601501, -31.3047142029, 26.3771400452, 1.45744884014, 21.957359314, -8.79137992859, 16.7586250305, 10.4007644653, 61.4726638794]],
        "icov": [[0.00411380315199, 0.00242736306973, 0.0013970163418, -0.000175220120582, 0.000613927608356, -0.00398280005902, 0.000390215049265, 0.00058178283507, -0.000502564245835, -0.0014550635824, 0.00245374278165, -0.00155635236297, 0.00242139655165], [0.00242736306973, 0.0220836456865, -0.00159045634791, 0.0108632268384, -0.0111608309671, 0.0133803626522, -0.0161562934518, 0.0131129622459, -0.0129111045972, 0.00773501768708, -0.0113929575309, 0.0102032441646, -0.0107664978132], [0.0013970163418, -0.00159045634791, 0.00656824465841, -0.0054510012269, 0.00203963392414, -0.00310269696638, 0.00332365161739, -0.00422208383679, 0.00384245580062, -0.00448838248849, 0.00316106341779, -0.00674931891263, 0.00136217835825], [-0.000175220120582, 0.0108632268384, -0.0054510012269, 0.0185067765415, -0.00680266460404, 0.00769762275741, -0.00835090875626, 0.00749505776912, -0.0108672287315, 0.00600488157943, -0.0108303576708, 0.012284819968, -0.0114909429103], [0.000613927608356, -0.0111608309671, 0.00203963392414, -0.00680266460404, 0.0180066600442, -0.00996376946568, 0.0026257680729, -0.00471376487985, 0.00638516712934, -0.0121155651286, 0.0103681934997, -0.00782946217805, 0.00548014370725], [-0.00398280005902, 0.0133803626522, -0.00310269696638, 0.00769762275741, -0.00996376946568, 0.0279340278357, -0.0140620041639, 0.00355864758603, -0.00685603963211, 0.0070561170578, -0.013134685345, 0.00929248984903, -0.00475781504065], [0.000390215049265, -0.0161562934518, 0.00332365161739, -0.00835090875626, 0.0026257680729, -0.0140620041639, 0.0283278524876, -0.0125952428207, 0.00576547672972, -6.35741380393e-05, 0.00412552850321, -0.0112991938367, 0.00844377372414], [0.00058178283507, 0.0131129622459, -0.00422208383679, 0.00749505776912, -0.00471376487985, 0.00355864758603, -0.0125952428207, 0.0308992378414, -0.0158837847412, -0.0011827473063, -0.000847877585329, 0.00421873200685, -0.00899112597108], [-0.000502564245835, -0.0129111045972, 0.00384245580062, -0.0108672287315, 0.00638516712934, -0.00685603963211, 0.00576547672972, -0.0158837847412, 0.0288268178701, -0.0097887525335, 0.00500522414222, 0.00202624127269, 0.00310613051988], [-0.0014550635824, 0.00773501768708, -0.00448838248849, 0.00600488157943, -0.0121155651286, 0.0070561170578, -6.35741380393e-05, -0.0011827473063, -0.0097887525335, 0.0314509868622, -0.0113019570708, 0.00140406517312, 0.000536278414074], [0.00245374278165, -0.0113929575309, 0.00316106341779, -0.0108303576708, 0.0103681934997, -0.013134685345, 0.00412552850321, -0.000847877585329, 0.00500522414222, -0.0113019570708, 0.0352581441402, -0.0157070420682, 0.00685819797218], [-0.00155635236297, 0.0102032441646, -0.00674931891263, 0.012284819968, -0.00782946217805, 0.00929248984903, -0.0112991938367, 0.00421873200685, 0.00202624127269, 0.00140406517312, -0.0157070420682, 0.0436280369759, -0.0162063520402], [0.00242139655165, -0.0107664978132, 0.00136217835825, -0.0114909429103, 0.00548014370725, -0.00475781504065, 0.00844377372414, -0.00899112597108, 0.00310613051988, 0.000536278414074, 0.00685819797218, -0.0162063520402, 0.0372296236455]]
    },
    "melbands": {
        "dmean": [0.00184923259076, 0.00199878169224, 0.0015320534585, 0.00106530624907, 0.00046825048048, 0.000232229562243, 0.000153729357407, 0.000148328603245, 0.000170554936631, 0.000149002909893, 0.000129775115056, 0.000105238526885, 7.98972905613e-05, 4.06819453929e-05, 4.19397074438e-05, 3.2866057154e-05, 4.02249534091e-05, 2.8436879802e-05, 1.87741625268e-05, 1.52733882715e-05, 1.30939934024e-05, 1.34926385726e-05, 1.13013065857e-05, 8.80254447111e-06, 7.17406874173e-06, 9.58765485848e-06, 6.10761253483e-06, 3.50795289705e-06, 3.21217271448e-06, 2.23656047638e-06, 1.54354552251e-06, 1.48661263211e-06, 1.53646919898e-06, 1.26612587792e-06, 9.11006452498e-07, 7.39764971058e-07, 6.59395993807e-07, 6.14026419044e-07, 4.57539300669e-07, 4.06983957646e-07],
        "dmean2": [0.00306238140911, 0.00343252159655, 0.00265897181816, 0.00180670269765, 0.000778429559432, 0.000392863206798, 0.000256553117651, 0.000248529540841, 0.000275841943221, 0.000234813254792, 0.000215594554902, 0.000165106874192, 0.000123489473481, 6.44253595965e-05, 6.52480812278e-05, 5.25734903931e-05, 6.30360664218e-05, 4.42786185886e-05, 3.0065941246e-05, 2.54336591752e-05, 2.20934925892e-05, 2.25661860895e-05, 1.80860097316e-05, 1.47855325849e-05, 1.20001204778e-05, 1.60291256179e-05, 1.03927250166e-05, 5.83387463848e-06, 5.37510504728e-06, 3.61101001545e-06, 2.423691285e-06, 2.36926848629e-06, 2.41227212427e-06, 1.87311854916e-06, 1.35229470288e-06, 1.11617111997e-06, 9.90629132502e-07, 9.71828285401e-07, 6.56697750401e-07, 6.0652718048e-07],
        "dvar": [1.20797139971e-05, 1.17003419291e-05, 7.81923881732e-06, 2.32629327002e-06, 3.6430682826e-07, 8.70571454925e-08, 3.75720219381e-08, 4.64846365844e-08, 8.55067554539e-08, 6.57314629393e-08, 6.16995095015e-08, 2.22591136634e-08, 1.6172919004e-08, 3.26935545303e-09, 4.87798912374e-09, 3.90366405867e-09, 5.07507014191e-09, 1.81929560306e-09, 6.5611993616e-10, 2.86678597528e-10, 2.37286967852e-10, 2.07174777334e-10, 1.49479983946e-10, 1.24790233702e-10, 5.17300681457e-11, 9.90106677201e-11, 3.74115807777e-11, 1.52621301014e-11, 1.28588866985e-11, 1.06906566932e-11, 4.49942210226e-12, 5.4737599002e-12, 8.47469230209e-12, 1.49102258318e-11, 9.79221044528e-12, 5.21228719907e-12, 5.27310053261e-12, 5.91768734709e-12, 2.73264093645e-12, 1.95396888773e-12],
        "dvar2": [3.06141337205e-05, 3.10865034407e-05, 2.1459589334e-05, 6.45484169581e-06, 9.74487193162e-07, 2.40108704475e-07, 1.03125366024e-07, 1.21255411045e-07, 2.23600267191e-07, 1.56279170938e-07, 1.68462406691e-07, 5.15878149088e-08, 3.54707907491e-08, 7.57187201827e-09, 1.13338627372e-08, 8.69699423589e-09, 1.15225082808e-08, 4.18783585587e-09, 1.57402779699e-09, 8.01291089036e-10, 6.70268951453e-10, 5.77305703242e-10, 3.93232640894e-10, 3.20762999495e-10, 1.40844239049e-10, 2.76110578845e-10, 9.96253565755e-11, 4.03057760778e-11, 3.3457167592e-11, 2.69720704105e-11, 1.05190604491e-11, 1.1200465902e-11, 1.9617208899e-11, 3.54026322147e-11, 2.20158457437e-11, 1.13698070056e-11, 9.98199179564e-12, 1.2360402632e-11, 5.10054715477e-12, 3.78092002151e-12],
        "max": [0.0255034621805, 0.0253752972931, 0.0258077941835, 0.014675989747, 0.00616573682055, 0.00343993445858, 0.00221272651106, 0.0030405560974, 0.00370667036623, 0.0044522783719, 0.00336312595755, 0.00165137229487, 0.00293168448843, 0.00118395790923, 0.00102727022022, 0.00100291462149, 0.000788977369666, 0.000639019650407, 0.000380578712793, 0.000217827706365, 0.000212731072679, 0.000138096424052, 0.000153898043209, 0.000201093353098, 8.05363015388e-05, 0.000122544573969, 7.21736068954e-05, 6.24909225735e-05, 3.82144462492e-05, 7.41160692996e-05, 2.94736746582e-05, 3.65087071259e-05, 5.75219419261e-05, 9.39712845138e-05, 7.76222368586e-05, 3.99256241508e-05, 4.32178931078e-05, 3.91837638745e-05, 3.30746006512e-05, 2.11018850678e-05],
        "mean": [0.00204647658393, 0.00269593112171, 0.00295431958511, 0.00206159800291, 0.000938445795327, 0.000478841451695, 0.000337485602358, 0.000282948400127, 0.000307906069793, 0.000302092492348, 0.000264813541435, 0.000220678499318, 0.000179725291673, 8.24238595669e-05, 7.79855399742e-05, 6.20208084001e-05, 7.2922790423e-05, 6.3353247242e-05, 4.36241098214e-05, 3.18069905916e-05, 2.82733399217e-05, 2.80665099126e-05, 2.44781822403e-05, 1.97140616365e-05, 1.7324291548e-05, 2.22204671445e-05, 1.43885272337e-05, 8.75933255884e-06, 7.45859506424e-06, 5.21270112586e-06, 3.72095814782e-06, 3.455840897e-06, 3.30686134475e-06, 2.61556010628e-06, 1.87114358141e-06, 1.46089212194e-06, 1.37778386033e-06, 1.19278979582e-06, 8.54837082898e-07, 6.77705429553e-07],
        "median": [0.000817943597212, 0.00173635117244, 0.00245308317244, 0.00162001338322, 0.000736090121791, 0.000352319475496, 0.000243080285145, 0.000193390238564, 0.000185985845746, 0.000161246192874, 0.000126070401166, 0.000110142602352, 8.42526642373e-05, 4.80161324958e-05, 4.41946322098e-05, 3.36779412464e-05, 2.95331701636e-05, 3.21664883813e-05, 2.40341232711e-05, 2.49310232903e-05, 2.35550942307e-05, 2.27310501941e-05, 1.97570079763e-05, 1.51684571392e-05, 1.5465548131e-05, 1.95637385332e-05, 1.25832166304e-05, 7.70106180426e-06, 6.20250239081e-06, 4.16595139541e-06, 2.83562712866e-06, 2.34632398133e-06, 2.12071040551e-06, 1.3256881175e-06, 8.36900937884e-07, 5.60600142308e-07, 3.96555236648e-07, 2.39168883809e-07, 1.58945482553e-07, 1.1749310147e-07],
        "min": [1.45005478771e-05, 4.7882040235e-05, 0.000163064236403, 7.57575471653e-05, 4.55883237009e-05, 1.67174039234e-05, 1.72502313944e-05, 1.15941693366e-05, 1.30767057271e-05, 1.01705772977e-05, 3.99880991608e-06, 2.64430536845e-06, 2.06935624192e-06, 1.39818519074e-06, 2.05629066841e-06, 1.86542001757e-06, 7.06520438598e-07, 5.74738635351e-07, 6.33262857264e-07, 1.39355961437e-06, 1.4108339883e-06, 1.21640675843e-06, 8.53761548569e-07, 9.1515511258e-07, 6.99830764006e-07, 1.3637692291e-06, 7.08142238182e-07, 4.46148845867e-07, 1.79047560778e-07, 2.57799626979e-07, 1.62759988598e-07, 9.75312275386e-08, 7.85799159075e-08, 6.14303701241e-08, 2.49351401749e-08, 1.22487344711e-08, 1.08757873818e-08, 4.50046178102e-09, 1.30933364151e-09, 2.68567418304e-10],
