{
"highlevel": {
    "danceability": {
        "all": {
            "danceable": 0.734157919884,
            "not_danceable": 0.265842050314
        },
        "probability": 0.734157919884,
        "value": "danceable"
    },
    "gender": {
        "all": {
            "female": 0.4110070467,
            "male": 0.5889929533
        },
        "probability": 0.5889929533,
        "value": "male"
    },
    "genre_dortmund": {
        "all": {
            "alternative": 0.262095749378,
            "blues": 0.0467139966786,
            "electronic": 0.0459803342819,
            "folkcountry": 0.238214492798,
            "funksoulrnb": 0.00465261284262,
            "jazz": 0.0717347115278,
            "pop": 0.162009343505,
            "raphiphop": 0.00468451203778,
            "rock": 0.163914233446
        },
        "probability": 0.262095749378,
        "value": "alternative"
    },
    "genre_electronic": {
        "all": {
            "ambient": 0.786552071571,
            "dnb": 0.0212645139545,
            "house": 0.111174829304,
            "techno": 0.0150476349518,
            "trance": 0.0659609660506
        },
        "probability": 0.786552071571,
        "value": "ambient"
    },
    "genre_rosamerica": {
        "all": {
            "cla": 0.0549184642732,
            "dan": 0.02475056611,
            "hip": 0.0501454584301,
            "jaz": 0.137737333775,
            "pop": 0.106604039669,
            "rhy": 0.531552612782,
            "roc": 0.0522433482111,
            "spe": 0.0420481711626
        },
        "probability": 0.531552612782,
        "value": "rhy"
    },
    "genre_tzanetakis": {
        "all": {
            "blu": 0.0563159659505,
            "cla": 0.0336438380182,
            "cou": 0.0605506487191,
            "dis": 0.0605579949915,
            "hip": 0.151431158185,
            "jaz": 0.303044527769,
            "met": 0.0605790801346,
            "pop": 0.0605647265911,
            "reg": 0.0619029887021,
            "roc": 0.151409074664
        },
        "probability": 0.303044527769,
        "value": "jaz"
    },
    "ismir04_rhythm": {
        "all": {
            "ChaChaCha": 0.0101262284443,
            "Jive": 0.00789484288543,
            "Quickstep": 0.0255810879171,
            "Rumba-American": 0.0127969328314,
            "Rumba-International": 0.698025166988,
            "Rumba-Misc": 0.0247142538428,
            "Samba": 0.016553401947,
            "Tango": 0.0202352087945,
            "VienneseWaltz": 0.145722329617,
            "Waltz": 0.0383505560458
        },
        "probability": 0.698025166988,
        "value": "Rumba-International"
    },
    "mood_acoustic": {
        "all": {
            "acoustic": 0.879185438156,
            "not_acoustic": 0.120814584196
        },
        "probability": 0.879185438156,
        "value": "acoustic"
    },
    "mood_aggressive": {
        "all": {
            "aggressive": 0.00588102918118,
            "not_aggressive": 0.994118988514
        },
        "probability": 0.994118988514,
        "value": "not_aggressive"
    },
    "mood_electronic": {
        "all": {
            "electronic": 0.398030936718,
            "not_electronic": 0.601969063282
        },
        "probability": 0.601969063282,
        "value": "not_electronic"
    },
    "mood_happy": {
        "all": {
            "happy": 0.0372943803668,
            "not_happy": 0.962705612183
        },
        "probability": 0.962705612183,
        "value": "not_happy"
    },
    "mood_party": {
        "all": {
            "not_party": 0.957937121391,
            "party": 0.042062882334
        },
        "probability": 0.957937121391,
        "value": "not_party"
    },
    "mood_relaxed": {
        "all": {
            "not_relaxed": 0.0144885340706,
            "relaxed": 0.985511481762
        },
        "probability": 0.985511481762,
        "value": "relaxed"
    },
    "mood_sad": {
        "all": {
            "not_sad": 0.302923411131,
            "sad": 0.697076618671
        },
        "probability": 0.697076618671,
        "value": "sad"
    },
    "moods_mirex": {
        "all": {
            "Cluster1": 0.127594217658,
            "Cluster2": 0.104539133608,
            "Cluster3": 0.739944159985,
            "Cluster4": 0.019400851801,
            "Cluster5": 0.00852161739022
        },
        "probability": 0.739944159985,
        "value": "Cluster3"
    },
    "timbre": {
        "all": {
            "bright": 0.38249078393,
            "dark": 0.617509186268
        },
        "probability": 0.617509186268,
        "value": "dark"
    },
    "tonal_atonal": {
        "all": {
            "atonal": 0.018108965829,
            "tonal": 0.981891036034
        },
        "probability": 0.981891036034,
        "value": "tonal"
    },
    "voice_instrumental": {
        "all": {
            "instrumental": 0.0496016480029,
            "voice": 0.95039832592
        },
        "probability": 0.95039832592,
        "value": "voice"
    }
},
"lowlevel": {
    "average_loudness": 0.969039797783,
    "barkbands_crest": {
        "dmean": 1.85574817657,
        "dmean2": 3.00931143761,
        "dvar": 3.91937112808,
        "dvar2": 9.70543479919,
        "max": 23.0452213287,
        "mean": 13.5230960846,
        "median": 13.3791217804,
        "min": 4.04409790039,
        "var": 12.9910259247
    },
    "barkbands_flatness_db": {
        "dmean": 0.0323385484517,
        "dmean2": 0.0449072532356,
        "dvar": 0.000962096557487,
        "dvar2": 0.00191623030696,
        "max": 0.5043156147,
        "mean": 0.284501373768,
        "median": 0.274873703718,
        "min": 0.0945742055774,
        "var": 0.00589859345928
    },
    "barkbands_kurtosis": {
        "dmean": 7.98894882202,
        "dmean2": 12.6224708557,
        "dvar": 117.492889404,
        "dvar2": 271.316650391,
        "max": 119.629600525,
        "mean": 20.5129642487,
        "median": 15.3757400513,
        "min": -1.55512571335,
        "var": 333.131744385
    },
    "barkbands_skewness": {
        "dmean": 0.721078813076,
        "dmean2": 1.13177549839,
        "dvar": 0.595070958138,
        "dvar2": 1.44780433178,
        "max": 8.76726341248,
        "mean": 3.24279594421,
        "median": 3.1014585495,
        "min": -0.774398267269,
        "var": 2.25505876541
    },
    "barkbands_spread": {
        "dmean": 2.40716743469,
        "dmean2": 3.66434550285,
        "dvar": 24.7656135559,
        "dvar2": 45.1627655029,
        "max": 70.6988296509,
        "mean": 6.80684137344,
        "median": 4.13766384125,
        "min": 0.446333557367,
        "var": 84.9365615845
    },
    "dissonance": {
        "dmean": 0.0246849674731,
        "dmean2": 0.0399210862815,
        "dvar": 0.000539658707567,
        "dvar2": 0.00141731300391,
        "max": 0.497984617949,
        "mean": 0.433369904757,
        "median": 0.444644719362,
        "min": 0.177105128765,
        "var": 0.00207132706419
    },
    "dynamic_complexity": 2.14756560326,
    "erbbands_crest": {
        "dmean": 2.39280295372,
        "dmean2": 3.65569782257,
        "dvar": 6.0661482811,
        "dvar2": 11.9365825653,
        "max": 27.3960418701,
        "mean": 10.8203048706,
        "median": 9.87022399902,
        "min": 3.18094539642,
        "var": 22.935338974
    },
    "erbbands_flatness_db": {
        "dmean": 0.0232056286186,
        "dmean2": 0.0320015624166,
        "dvar": 0.000508545257617,
        "dvar2": 0.000934699608479,
        "max": 0.337661415339,
        "mean": 0.193555444479,
        "median": 0.192975580692,
        "min": 0.0684298723936,
        "var": 0.00237443321384
    },
    "erbbands_kurtosis": {
        "dmean": 1.6401270628,
        "dmean2": 2.54124641418,
        "dvar": 4.60547780991,
        "dvar2": 10.981221199,
        "max": 34.9251747131,
        "mean": 2.06512284279,
        "median": 1.279712677,
        "min": -1.75377058983,
        "var": 11.3142652512
    },
    "erbbands_skewness": {
        "dmean": 0.437553137541,
        "dmean2": 0.642125189304,
        "dvar": 0.198043003678,
        "dvar2": 0.397467374802,
        "max": 4.33664512634,
        "mean": 1.10409545898,
        "median": 1.11934459209,
        "min": -1.74354851246,
        "var": 0.724859416485
    },
    "erbbands_spread": {
        "dmean": 9.36039733887,
        "dmean2": 13.9194860458,
        "dvar": 156.004547119,
        "dvar2": 306.05670166,
        "max": 137.052276611,
        "mean": 34.6947059631,
        "median": 28.6971912384,
        "min": 4.6654715538,
        "var": 502.264801025
    },
    "hfc": {
        "dmean": 3.38887858391,
        "dmean2": 4.90415477753,
        "dvar": 27.0077648163,
        "dvar2": 48.8756370544,
        "max": 77.0571899414,
        "mean": 12.9635915756,
        "median": 8.70792484283,
        "min": 0.107608102262,
        "var": 134.213027954
    },
    "melbands_crest": {
        "dmean": 2.05327773094,
        "dmean2": 3.24670696259,
        "dvar": 4.74926757812,
        "dvar2": 10.9805030823,
        "max": 29.8620262146,
        "mean": 18.6656303406,
        "median": 17.6414813995,
        "min": 7.41721487045,
        "var": 27.0508842468
    },
    "melbands_flatness_db": {
        "dmean": 0.0376072824001,
        "dmean2": 0.0507910549641,
        "dvar": 0.00133046798874,
        "dvar2": 0.00254264380783,
        "max": 0.62987357378,
        "mean": 0.372643381357,
        "median": 0.362288832664,
        "min": 0.090109564364,
        "var": 0.0087206652388
    },
    "melbands_kurtosis": {
        "dmean": 16.0451583862,
        "dmean2": 25.6395988464,
        "dvar": 526.718383789,
        "dvar2": 1321.02929688,
        "max": 291.102600098,
        "mean": 42.4765853882,
        "median": 32.2399940491,
        "min": -0.979151725769,
        "var": 1382.17285156
    },
    "melbands_skewness": {
        "dmean": 0.95334649086,
        "dmean2": 1.47738790512,
        "dvar": 1.18404114246,
        "dvar2": 2.77855038643,
        "max": 14.0728263855,
        "mean": 4.35681867599,
        "median": 4.11935663223,
        "min": -0.0889175087214,
        "var": 4.40361642838
    },
    "melbands_spread": {
        "dmean": 1.79993641376,
        "dmean2": 2.72754859924,
        "dvar": 20.7554473877,
        "dvar2": 32.6231918335,
        "max": 145.405639648,
        "mean": 5.26329803467,
        "median": 3.33844900131,
        "min": 0.375851899385,
        "var": 63.9480323792
    },
    "pitch_salience": {
        "dmean": 0.0618245787919,
        "dmean2": 0.0990865454078,
        "dvar": 0.00376255996525,
        "dvar2": 0.00917157251388,
        "max": 0.757835388184,
        "mean": 0.44276624918,
        "median": 0.458521604538,
        "min": 0.0912570282817,
        "var": 0.0145400539041
    },
    "silence_rate_20dB": {
        "dmean": 0,
        "dmean2": 0,
        "dvar": 0,
        "dvar2": 0,
        "max": 1,
        "mean": 1,
        "median": 1,
        "min": 1,
        "var": 0
    },
    "silence_rate_30dB": {
        "dmean": 0.0294117648154,
        "dmean2": 0.0588690936565,
        "dvar": 0.0285472478718,
        "dvar2": 0.0708941593766,
        "max": 1,
        "mean": 0.964423835278,
        "median": 1,
        "min": 0,
        "var": 0.034311119467
    },
    "silence_rate_60dB": {
        "dmean": 0.00154798757285,
        "dmean2": 0.00309837330133,
        "dvar": 0.0015455877874,
        "dvar2": 0.00308875506744,
        "max": 1,
        "mean": 0.00618716143072,
        "median": 0,
        "min": 0,
        "var": 0.00614884216338
    },
    "spectral_centroid": {
        "dmean": 131.714157104,
        "dmean2": 190.128936768,
        "dvar": 49303.1640625,
        "dvar2": 91284.28125,
        "max": 3835.37402344,
        "mean": 484.32220459,
        "median": 356.843170166,
        "min": 119.721382141,
        "var": 176676.5625
    },
    "spectral_complexity": {
        "dmean": 2.42724466324,
        "dmean2": 3.71572422981,
        "dvar": 7.874792099,
        "dvar2": 16.3335533142,
        "max": 30,
        "mean": 10.1871614456,
        "median": 9,
        "min": 1,
        "var": 24.7276306152
    },
    "spectral_decrease": {
        "dmean": 3.01200331343e-09,
        "dmean2": 4.8440074174e-09,
        "dvar": 1.79015979714e-17,
        "dvar2": 4.64366060259e-17,
        "max": -4.93076551811e-11,
        "mean": -1.39553426592e-08,
        "median": -1.3334063631e-08,
        "min": -5.12858164825e-08,
        "var": 4.07600724548e-17
    },
    "spectral_energy": {
        "dmean": 0.0115521652624,
        "dmean2": 0.0185722392052,
        "dvar": 0.000260652974248,
        "dvar2": 0.000673924630973,
        "max": 0.196201324463,
        "mean": 0.0538464486599,
        "median": 0.0512113459408,
        "min": 0.000196310938918,
        "var": 0.000607886642683
    },
    "spectral_energyband_high": {
        "dmean": 0.000152587861521,
        "dmean2": 0.000208550598472,
        "dvar": 2.96007073075e-07,
        "dvar2": 4.15207296101e-07,
        "max": 0.00856298394501,
        "mean": 0.000298592523905,
        "median": 4.47635284218e-05,
        "min": 9.90492026176e-08,
        "var": 1.08587948944e-06
    },
    "spectral_energyband_low": {
        "dmean": 0.00906551070511,
        "dmean2": 0.0152985593304,
        "dvar": 0.000233379731071,
        "dvar2": 0.000635115546174,
        "max": 0.187498793006,
        "mean": 0.0368722900748,
        "median": 0.0350694656372,
        "min": 1.75041241164e-05,
        "var": 0.000321492814692
    },
    "spectral_energyband_middle_high": {
        "dmean": 0.000708847714122,
        "dmean2": 0.00100511859637,
        "dvar": 2.00530485017e-06,
        "dvar2": 3.53796485797e-06,
        "max": 0.0378792919219,
        "mean": 0.00166828557849,
        "median": 0.000712705834303,
        "min": 7.23024322724e-06,
        "var": 8.02617432782e-06
    },
    "spectral_energyband_middle_low": {
        "dmean": 0.00562634598464,
        "dmean2": 0.00842319056392,
        "dvar": 5.73422585148e-05,
        "dvar2": 0.00011470032041,
        "max": 0.0861236155033,
        "mean": 0.0178530421108,
        "median": 0.0121885091066,
        "min": 0.000164482815308,
        "var": 0.000235872386838
    },
    "spectral_entropy": {
        "dmean": 0.306821316481,
        "dmean2": 0.426352024078,
        "dvar": 0.0895994529128,
        "dvar2": 0.158317580819,
        "max": 8.37497806549,
        "mean": 6.63243198395,
        "median": 6.6434378624,
        "min": 4.81236886978,
        "var": 0.466383516788
    },
    "spectral_flux": {
        "dmean": 0.0261468887329,
        "dmean2": 0.0400271080434,
        "dvar": 0.000938113371376,
        "dvar2": 0.00221840920858,
        "max": 0.334035992622,
        "mean": 0.0711190849543,
        "median": 0.0577596090734,
        "min": 0.00332961138338,
        "var": 0.00223554414697
    },
    "spectral_kurtosis": {
        "dmean": 5.86179542542,
        "dmean2": 9.38382911682,
        "dvar": 52.8731918335,
        "dvar2": 118.295837402,
        "max": 100.76423645,
        "mean": 12.4810380936,
        "median": 8.31867980957,
        "min": -0.646268129349,
        "var": 140.832489014
    },
    "spectral_rms": {
        "dmean": 0.000766844081227,
        "dmean2": 0.00121857458726,
        "dvar": 9.58126975092e-07,
        "dvar2": 2.39710925598e-06,
        "max": 0.0138353146613,
        "mean": 0.00704729463905,
        "median": 0.0070684007369,
        "min": 0.00043763325084,
        "var": 2.86879298983e-06
    },
    "spectral_rolloff": {
        "dmean": 108.448913574,
        "dmean2": 185.725479126,
        "dvar": 212130.375,
        "dvar2": 450059.6875,
        "max": 9216.2109375,
        "mean": 350.225891113,
        "median": 215.33203125,
        "min": 86.1328125,
        "var": 484105.65625
    },
    "spectral_skewness": {
        "dmean": 0.539496839046,
        "dmean2": 0.826314091682,
        "dvar": 0.302982360125,
        "dvar2": 0.65284627676,
        "max": 8.25552654266,
        "mean": 2.52251243591,
        "median": 2.30498623848,
        "min": 0.325663030148,
        "var": 1.24160552025
    },
    "spectral_spread": {
        "dmean": 620946.75,
        "dmean2": 904356.5625,
        "dvar": 693440544768,
        "dvar2": 1.05290399744e+12,
        "max": 18202926,
        "mean": 3414496,
        "median": 3152111.75,
        "min": 1116406.25,
        "var": 2.5789965271e+12
    },
    "spectral_strongpeak": {
        "dmean": 0.232451468706,
        "dmean2": 0.403036355972,
        "dvar": 0.239220395684,
        "dvar2": 0.558312952518,
        "max": 5.19932174683,
        "mean": 0.786764144897,
        "median": 0.691362500191,
        "min": 0.0421265140176,
        "var": 0.367893666029
    },
    "zerocrossingrate": {
        "dmean": 0.0046685282141,
        "dmean2": 0.00561126321554,
        "dvar": 6.64424078423e-05,
        "dvar2": 5.94875127717e-05,
        "max": 0.25048828125,
        "mean": 0.018139289692,
        "median": 0.01318359375,
        "min": 0.00341796875,
        "var": 0.000409515108913
    },
    "barkbands": {
        "dmean": [8.08616023278e-05, 0.00590414227918, 0.00366669544019, 0.00201170099899, 0.00306955818087, 0.000734234694391, 0.00125504133757, 0.000567774404772, 0.000327636633301, 0.000206608587177, 0.000158676470164, 0.00014725147048, 0.000140584248584, 8.33990270621e-05, 6.93538240739e-05, 5.63578978472e-05, 4.95052445331e-05, 7.1378206485e-05, 3.61219572369e-05, 4.66071396659e-05, 2.90786356345e-05, 2.41172474489e-05, 2.90280622721e-05, 4.24636382377e-05, 2.87960738206e-05, 6.56824477119e-06, 5.83093839879e-09],
        "dmean2": [0.000135659385705, 0.0102462666109, 0.00595759181306, 0.00320652965456, 0.00478743482381, 0.00117080833297, 0.00182914547622, 0.000821570691187, 0.00044695372344, 0.000316831166856, 0.000232190839597, 0.000212858067243, 0.00020720550674, 0.000129196836497, 0.000104073573311, 8.98001671885e-05, 7.4454692367e-05, 0.000104180398921, 5.35762956133e-05, 6.80470329826e-05, 4.22708835686e-05, 3.41904706147e-05, 4.01407633035e-05, 5.53031204618e-05, 4.2095380195e-05, 9.16907265491e-06, 8.38049452057e-09],
        "dvar": [3.13156114373e-08, 0.000130788510432, 4.32586675743e-05, 1.10872242658e-05, 1.88782123587e-05, 3.12450765705e-06, 1.97377030418e-05, 2.79915229839e-06, 1.30969817747e-06, 8.42807025947e-07, 3.64900955674e-07, 1.39130960974e-07, 1.75813880787e-07, 5.47075309498e-08, 3.30288258965e-08, 2.82512502281e-08, 2.37230182165e-08, 2.83854397765e-08, 1.02684865055e-08, 1.30383908115e-08, 7.87388643175e-09, 6.88807277882e-09, 1.42065808006e-08, 3.74859183694e-08, 1.75701178051e-08, 8.47740155852e-10, 9.06854733857e-15],
        "dvar2": [7.86219302995e-08, 0.000374314549845, 0.000107245265099, 2.65326834779e-05, 4.34302564827e-05, 7.83342693467e-06, 3.79507873731e-05, 4.78413539895e-06, 2.2058036393e-06, 1.66460938544e-06, 8.38310995732e-07, 2.75727501275e-07, 3.22317362134e-07, 1.18031799445e-07, 6.50870290997e-08, 6.85493617425e-08, 5.06730941652e-08, 5.60084458812e-08, 2.1167146258e-08, 2.88690547023e-08, 1.50725831816e-08, 1.26863488603e-08, 2.34148096467e-08, 6.23746316819e-08, 3.14219548159e-08, 1.26327326377e-09, 9.35434218421e-15],
        "max": [0.00157526333351, 0.167463064194, 0.103312149644, 0.0475943982601, 0.0544220022857, 0.0256330464035, 0.0669071525335, 0.0555746629834, 0.0294565912336, 0.0279963240027, 0.0150476014242, 0.00767180137336, 0.0130161689594, 0.00495416112244, 0.00465000467375, 0.00283566839062, 0.00361915701069, 0.00223776837811, 0.00219550007023, 0.00175497867167, 0.00151499069761, 0.00154615542851, 0.00309992278926, 0.00413366593421, 0.00231464020908, 0.000826726434752, 3.39532448379e-06],
        "mean": [9.01669409359e-05, 0.0211155656725, 0.0128438454121, 0.00496492395177, 0.00719321519136, 0.00153454393148, 0.00233044452034, 0.00110138591845, 0.000689217704348, 0.000368665670976, 0.000265166949248, 0.000273781653959, 0.000227118609473, 0.000117135998153, 8.98946382222e-05, 6.67255517328e-05, 6.8817193096e-05, 0.000111133274913, 5.52288438485e-05, 7.50030521885e-05, 4.61851450382e-05, 4.11554938182e-05, 5.09685705765e-05, 6.94918853696e-05, 4.68386351713e-05, 9.93326193566e-06, 5.2637751935e-09],
        "median": [3.00143328786e-05, 0.0204506702721, 0.0101479841396, 0.00280148955062, 0.00400208262727, 0.000688037660439, 0.000347288441844, 0.000270238728262, 6.9237765274e-05, 9.42710539675e-05, 4.4031192374e-05, 7.51573097659e-05, 5.53513527848e-05, 3.5094904888e-05, 2.68038238573e-05, 1.93092673726e-05, 1.49220131789e-05, 2.05677733902e-05, 1.52878110384e-05, 1.62349151651e-05, 1.02110079752e-05, 6.64956996843e-06, 5.24526376466e-06, 3.85262364944e-06, 1.44749208175e-06, 2.33916537695e-07, 9.91069337708e-10],
        "min": [4.45788792547e-08, 5.89537103224e-06, 2.43096746999e-06, 2.71913995675e-06, 3.29822955791e-06, 1.06027847835e-07, 6.08840338145e-08, 1.4601392877e-06, 5.24438199534e-08, 4.93999081641e-08, 7.01015281379e-08, 1.09967743356e-06, 1.13103432398e-07, 1.98671145313e-07, 6.92467523322e-08, 4.35356554362e-07, 5.37678488399e-08, 2.33129057392e-07, 1.74983966872e-07, 5.48165104419e-08, 1.75024492677e-08, 2.65437574143e-08, 1.47620697888e-08, 3.52017859306e-09, 2.45426352852e-11, 4.98181183806e-12, 8.98612174255e-12],
        "var": [3.38329009253e-08, 0.000173542372067, 0.000139579424285, 3.43836654793e-05, 6.39684221824e-05, 5.58517240279e-06, 4.1344523197e-05, 1.48415338117e-05, 4.93375819133e-06, 1.56362955295e-06, 8.52006735386e-07, 3.95548596543e-07, 6.01848398674e-07, 1.00084101007e-07, 5.89633479819e-08, 3.14716892547e-08, 3.83906311185e-08, 6.13675510408e-08, 1.84635950973e-08, 3.34823937465e-08, 1.84969355388e-08, 1.95081231169e-08, 5.03279835584e-08, 1.06631361518e-07, 4.75588990412e-08, 2.36507968765e-09, 9.03563079121e-15]
    },
    "erbbands": {
        "dmean": [0.100148454309, 1.5845310688, 4.49609518051, 4.84769010544, 9.42718029022, 10.1823244095, 9.10955619812, 6.06194162369, 13.4279203415, 19.4659404755, 10.308672905, 6.39943504333, 6.99205160141, 6.42156076431, 4.7868142128, 5.87713432312, 6.44435787201, 4.16041231155, 4.53675842285, 2.7739982605, 3.1110432148, 2.90296649933, 3.92805814743, 2.06653428078, 1.9925340414, 2.15628647804, 1.32879090309, 1.09850561619, 0.797437667847, 0.945270955563, 0.810204684734, 0.831609785557, 0.73245382309, 0.398452103138, 0.17429035902, 0.0438793599606, 0.0106155434623, 0.000708413368557, 1.88478661585e-05, 1.3153378859e-05],
        "dmean2": [0.175007179379, 2.73979115486, 7.38310909271, 7.94554615021, 14.9100637436, 15.990978241, 14.1234073639, 9.5413312912, 19.8298683167, 28.3212833405, 14.2080965042, 8.72060489655, 9.99115657806, 9.48662090302, 7.03580236435, 8.43115234375, 9.25203895569, 6.32036590576, 6.82767724991, 4.32233333588, 4.85127449036, 4.250872612, 5.73181581497, 3.09634327888, 3.06098628044, 3.0862698555, 1.99714100361, 1.62917256355, 1.14766645432, 1.39848637581, 1.15204906464, 1.09827566147, 1.00724995136, 0.570488393307, 0.261376768351, 0.0629103407264, 0.0144812986255, 0.00111356866546, 2.80800486507e-05, 2.10272519325e-05],
        "dvar": [0.047595128417, 9.02993488312, 53.934009552, 82.1225357056, 221.424987793, 278.518829346, 450.972473145, 325.136383057, 2869.75219727, 4566.69482422, 1141.99523926, 378.725097656, 755.735717773, 399.840301514, 175.916412354, 250.89012146, 352.791778564, 128.230743408, 190.930480957, 38.3062286377, 97.2385406494, 73.4297485352, 86.8351135254, 22.3018531799, 32.4392127991, 28.8310146332, 16.6458625793, 13.1464509964, 7.89314651489, 12.609664917, 11.6921024323, 11.8021306992, 12.902258873, 3.65619969368, 0.676532804966, 0.0484591498971, 0.00169781676959, 8.50152082421e-06, 3.48203599287e-09, 3.13208015079e-10],
        "dvar2": [0.13311418891, 26.0272312164, 143.514373779, 186.238220215, 471.927276611, 616.075012207, 992.550170898, 801.479797363, 5053.20068359, 8820.67578125, 1759.43664551, 691.880859375, 1285.90039062, 818.406860352, 385.109741211, 460.188018799, 599.287414551, 290.765899658, 392.164245605, 78.0970001221, 238.37487793, 138.007278442, 179.003158569, 48.9934043884, 68.8651199341, 61.0334701538, 33.2527580261, 25.8229999542, 15.1261024475, 24.1162986755, 19.9422149658, 20.0100460052, 21.8938407898, 6.96355772018, 1.18786764145, 0.0757298469543, 0.0025898127351, 1.9846145733e-05, 6.67397292986e-09, 7.96435584149e-10],
        "max": [2.5285589695, 43.778087616, 93.085105896, 180.184188843, 208.837295532, 252.606048584, 413.553955078, 327.641540527, 983.229064941, 1324.0246582, 1177.38842773, 338.031982422, 692.485656738, 497.528137207, 296.581512451, 395.134887695, 650.36315918, 212.582458496, 298.439697266, 108.926628113, 179.886535645, 153.618591309, 121.87890625, 87.7333374023, 97.7568359375, 81.5548248291, 61.2711868286, 59.3125953674, 56.9574928284, 77.3386459351, 84.3109588623, 68.2072677612, 79.8971328735, 31.5219593048, 19.4018859863, 6.8345708847, 0.873393177986, 0.0471244901419, 0.000940733531024, 0.000226101023145],
        "mean": [0.264112025499, 5.8377532959, 16.5853691101, 15.678396225, 19.0681285858, 23.7858181, 21.1971073151, 13.0801792145, 24.0674991608, 35.989982605, 23.9040603638, 14.1450376511, 14.4716672897, 12.7844552994, 8.98128128052, 10.6203327179, 11.1061315536, 6.556453228, 5.89129924774, 4.00882053375, 4.07878684998, 4.24283218384, 6.05740499496, 3.45068287849, 3.24074935913, 3.46937274933, 2.0905175209, 1.79972910881, 1.36736834049, 1.67896533012, 1.37416708469, 1.31374084949, 1.20900702477, 0.638960838318, 0.274414002895, 0.0690679103136, 0.0154547030106, 0.000886911875568, 4.72565661767e-05, 6.13852753304e-05],
        "median": [0.211414068937, 5.71858596802, 13.2605876923, 10.2591238022, 10.243891716, 10.6102542877, 9.15739536285, 4.96635770798, 5.35758304596, 5.8301949501, 5.88357686996, 2.01407146454, 3.28646612167, 3.03741407394, 2.50243186951, 3.01709628105, 2.87619400024, 2.18362045288, 1.74646615982, 1.2508701086, 1.17319369316, 0.970407128334, 1.13802480698, 1.04891002178, 0.786251604557, 0.719464361668, 0.45391523838, 0.345152139664, 0.238125234842, 0.200980126858, 0.133600473404, 0.094991132617, 0.0453339926898, 0.0193389505148, 0.00669507589191, 0.00144358957186, 0.000364774954505, 3.02424487018e-05, 2.63538113359e-05, 5.7564870076e-05],
        "min": [0.000173060136149, 0.00127779762261, 0.00305079482496, 0.00583217199892, 0.00935595296323, 0.0122084012255, 0.0028501546476, 0.00144497002475, 0.0128297274932, 0.0572323054075, 0.0627459436655, 0.0473677814007, 0.0107244625688, 0.00576978828758, 0.0318101979792, 0.0347969159484, 0.00869649462402, 0.0102838082239, 0.0149886524305, 0.00961443223059, 0.0283115915954, 0.0131573267281, 0.0126607576385, 0.00802299194038, 0.00768809719011, 0.00257368083112, 0.000995968934149, 0.00075672584353, 0.00105406320654, 0.00055198604241, 0.000346766813891, 0.000203151867026, 5.30538927705e-05, 1.83050215128e-05, 1.42744738696e-05, 5.91685875406e-06, 2.09772770177e-06, 9.40623650081e-08, 1.03971423471e-07, 2.25867907488e-07],
        "var": [0.0543347373605, 12.3589372635, 147.805847168, 276.166900635, 610.520141602, 1038.79016113, 1583.70776367, 593.204406738, 5277.47460938, 10346.0390625, 8161.22119141, 1354.78686523, 2397.57470703, 1246.35668945, 442.850769043, 693.519470215, 1428.20141602, 261.051483154, 311.044799805, 91.8765258789, 115.974525452, 141.597885132, 185.82232666, 44.9284324646, 57.960319519, 76.1200485229, 37.6748161316, 30.2286739349, 21.731967926, 39.1543235779, 38.9286079407, 35.1186332703, 34.8675994873, 9.19855213165, 1.79664444923, 0.137021288276, 0.00454771751538, 1.38675186463e-05, 8.27587331997e-09, 8.31694491055e-10]
    },
    "gfcc": {
        "mean": [-56.3845024109, 156.220397949, -82.2690963745, 47.5786361694, -42.364025116, 14.0335159302, -25.8376846313, -0.329884976149, -14.7030611038, -7.918176651, -4.78469467163, -11.141248703, -7.65990686417],
        "cov": [[5093.18505859, -1999.15478516, -402.306365967, 28.6945991516, -1046.1685791, 255.928405762, -453.36126709, 629.234008789, -608.002929688, 366.055206299, -236.332229614, 362.619873047, -249.187667847], [-1999.15478516, 1601.65539551, -124.160675049, -259.982543945, 539.41595459, -205.065856934, 303.123199463, -382.557434082, 345.275238037, -283.616210938, 214.370788574, -160.884933472, 145.434265137], [-402.306365967, -124.160675049, 693.884460449, 24.1679286957, 12.3255977631, -66.5719909668, -41.0502204895, 81.1700515747, -18.476770401, 81.4301223755, -70.1993331909, 45.005771637, -31.6450595856], [28.6945991516, -259.982543945, 24.1679286957, 348.795532227, 30.9539661407, 43.0633125305, -36.5972061157, -36.4179000854, 20.8347110748, -15.7085886002, 6.67739582062, -22.2304000854, 65.5748596191], [-1046.1685791, 539.41595459, 12.3255977631, 30.9539661407, 503.090270996, -45.4869346619, 106.399299622, -174.122039795, 138.557540894, -97.8540649414, 44.2594795227, -58.1200408936, 71.6351623535], [255.928405762, -205.065856934, -66.5719909668, 43.0633125305, -45.4869346619, 186.814834595, 44.4857788086, 6.73653078079, -45.7149543762, 30.488910675, 1.64755427837, -17.7890224457, 11.1487121582], [-453.36126709, 303.123199463, -41.0502204895, -36.5972061157, 106.399299622, 44.4857788086, 203.935806274, -80.8857574463, 66.6358337402, -47.8204689026, 60.3440208435, -56.0901641846, 35.5052757263], [629.234008789, -382.557434082, 81.1700515747, -36.4179000854, -174.122039795, 6.73653078079, -80.8857574463, 225.134460449, -84.3068771362, 85.1377258301, -71.5816574097, 69.6401367188, -76.3950119019], [-608.002929688, 345.275238037, -18.476770401, 20.8347110748, 138.557540894, -45.7149543762, 66.6358337402, -84.3068771362, 178.284835815, -61.2258605957, 50.9285125732, -55.9756965637, 47.8352127075], [366.055206299, -283.616210938, 81.4301223755, -15.7085886002, -97.8540649414, 30.488910675, -47.8204689026, 85.1377258301, -61.2258605957, 144.039230347, -39.8940429688, 34.9804458618, -44.7343521118], [-236.332229614, 214.370788574, -70.1993331909, 6.67739582062, 44.2594795227, 1.64755427837, 60.3440208435, -71.5816574097, 50.9285125732, -39.8940429688, 111.90625, -32.4622306824, 29.8472442627], [362.619873047, -160.884933472, 45.005771637, -22.2304000854, -58.1200408936, -17.7890224457, -56.0901641846, 69.6401367188, -55.9756965637, 34.9804458618, -32.4622306824, 123.871688843, -14.2701816559], [-249.187667847, 145.434265137, -31.6450595856, 65.5748596191, 71.6351623535, 11.1487121582, 35.5052757263, -76.3950119019, 47.8352127075, -44.7343521118, 29.8472442627, -14.2701816559, 100.821258545]],
        "icov": [[0.000904074753635, -0.000665924453642, 0.000849038129672, -0.00103727367241, 0.00103870476596, -0.000985619612038, 0.000764026364777, -0.00120728532784, 0.00151782098692, -0.000914411852136, 0.000538246356882, -0.00145457196049, 0.000832259247545], [-0.000665924453642, 0.0116159804165, -0.00126961281057, 0.0108665740117, -0.00477630412206, 0.0083605889231, -0.00507091591135, 0.00629721861333, -0.00747473398224, 0.00757361575961, -0.00731209618971, 0.00431345589459, -0.00715955113992], [0.000849038129672, -0.00126961281057, 0.00262384209782, -0.00194753496908, 0.000927657762077, -0.000426623271778, 0.000504521187395, -0.00182921427768, 0.00181026558857, -0.00235044094734, 0.00169930898119, -0.0017418951029, 0.00119306833949], [-0.00103727367241, 0.0108665740117, -0.00194753496908, 0.0142236640677, -0.00498124118894, 0.00666015874594, -0.0030532181263, 0.00618470134214, -0.00785803794861, 0.00759743805975, -0.00718178739771, 0.00549320084974, -0.0095339436084], [0.00103870476596, -0.00477630412206, 0.000927657762077, -0.00498124118894, 0.00591906625777, -0.00349620892666, 0.00159554509446, -0.00136322481558, 0.00263806898147, -0.00292873918079, 0.00412829685956, -0.00322484388016, 0.00334449880756], [-0.000985619612038, 0.0083605889231, -0.000426623271778, 0.00666015874594, -0.00349620892666, 0.0145981488749, -0.00718199834228, 0.00448278151453, -0.00299189914949, 0.00330814230256, -0.00485865352675, 0.00540346652269, -0.00707555562258], [0.000764026364777, -0.00507091591135, 0.000504521187395, -0.0030532181263, 0.00159554509446, -0.00718199834228, 0.0110773863271, -0.00288735260256, 0.00225289841183, -0.00240702438168, 0.000640775426291, -0.00105032371357, 0.00244373548776], [-0.00120728532784, 0.00629721861333, -0.00182921427768, 0.00618470134214, -0.00136322481558, 0.00448278151453, -0.00288735260256, 0.0141034219414, -0.00569823989645, 0.00313899829052, -0.00123920710757, 0.000474141561426, 4.22235825681e-05], [0.00151782098692, -0.00747473398224, 0.00181026558857, -0.00785803794861, 0.00263806898147, -0.00299189914949, 0.00225289841183, -0.00569823989645, 0.0163479242474, -0.00504647614434, 0.00298696570098, -0.00130511762109, 0.00249368650839], [-0.000914411852136, 0.00757361575961, -0.00235044094734, 0.00759743805975, -0.00292873918079, 0.00330814230256, -0.00240702438168, 0.00313899829052, -0.00504647614434, 0.016143489629, -0.00440906453878, 0.00267352932133, -0.00268198526464], [0.000538246356882, -0.00731209618971, 0.00169930898119, -0.00718178739771, 0.00412829685956, -0.00485865352675, 0.000640775426291, -0.00123920710757, 0.00298696570098, -0.00440906453878, 0.0179052297026, -0.00295541016385, 0.00442937016487], [-0.00145457196049, 0.00431345589459, -0.0017418951029, 0.00549320084974, -0.00322484388016, 0.00540346652269, -0.00105032371357, 0.000474141561426, -0.00130511762109, 0.00267352932133, -0.00295541016385, 0.015183432959, -0.00668439315632], [0.000832259247545, -0.00715955113992, 0.00119306833949, -0.0095339436084, 0.00334449880756, -0.00707555562258, 0.00244373548776, 4.22235825681e-05, 0.00249368650839, -0.00268198526464, 0.00442937016487, -0.00668439315632, 0.021825550124]]
    },
    "melbands": {
        "dmean": [0.00125890725758, 0.00229179137386, 0.000954050105065, 0.000707719882485, 0.000350764254108, 0.000138297764352, 0.000221292371862, 0.00019924317894, 7.38920061849e-05, 4.27386512456e-05, 3.6989502405e-05, 2.81075226667e-05, 1.88623762369e-05, 1.63209570019e-05, 1.3521679648e-05, 1.51865970111e-05, 7.14298039384e-06, 8.29800501378e-06, 4.64534059574e-06, 3.66712765754e-06, 3.63505114365e-06, 2.98546046906e-06, 3.85622024623e-06, 3.51887979377e-06, 1.56985936428e-06, 1.43131364894e-06, 1.72317072611e-06, 1.46034949466e-06, 9.49723300891e-07, 7.31461796022e-07, 6.62317745537e-07, 4.82927987377e-07, 4.796905273e-07, 5.94443235968e-07, 5.3019545021e-07, 4.57261080555e-07, 5.3665996802e-07, 5.27357599367e-07, 4.98429358231e-07, 2.95134782391e-07],
        "dmean2": [0.00219911476597, 0.00383570184931, 0.0015136821894, 0.0010914648883, 0.000541554531083, 0.000217059525312, 0.000323302403558, 0.000287970062345, 0.000101307006844, 5.8300087403e-05, 5.32810227014e-05, 4.17847913923e-05, 2.78331208392e-05, 2.32773090829e-05, 2.03480030905e-05, 2.22796770686e-05, 1.12437783173e-05, 1.26831910165e-05, 7.35842377253e-06, 5.75773674427e-06, 5.76474803893e-06, 4.43214867119e-06, 5.63857747693e-06, 5.13498025612e-06, 2.42022520069e-06, 2.18954232878e-06, 2.64966070063e-06, 2.07523089557e-06, 1.44254465795e-06, 1.09122606773e-06, 9.9642988971e-07, 7.110368756e-07, 7.16092188213e-07, 8.80223467448e-07, 7.77321133683e-07, 6.54718235182e-07, 7.56916449518e-07, 7.33880824555e-07, 7.42281827115e-07, 4.12623194279e-07],
        "dvar": [6.5672038545e-06, 1.41983755384e-05, 2.3351146865e-06, 1.00597026176e-06, 5.64028198369e-07, 1.71793288928e-07, 6.49328853797e-07, 3.97833900934e-07, 7.18869941352e-08, 1.89591098376e-08, 2.20816431806e-08, 8.19440693078e-09, 3.77721809386e-09, 1.42576517259e-09, 1.37430822278e-09, 2.5642359347e-09, 3.63388680258e-10, 7.46971262622e-10, 1.19757814776e-10, 9.39997524263e-11, 1.31406566184e-10, 8.10597700074e-11, 1.52794804587e-10, 6.58586379876e-11, 1.42245442855e-11, 1.97426588966e-11, 1.9116165248e-11, 1.62919053248e-11, 8.82300048993e-12, 5.43615022788e-12, 5.26083126715e-12, 2.88174865914e-12, 2.96235713911e-12, 5.59307634929e-12, 5.53357793615e-12, 4.02937102087e-12, 5.03582375452e-12, 7.4225599625e-12, 6.35090461124e-12, 1.93875969966e-12],
        "dvar2": [1.88366793736e-05, 3.91307803511e-05, 5.32280182597e-06, 2.26286147154e-06, 1.26183465454e-06, 4.24246053399e-07, 1.19888875361e-06, 7.62535137255e-07, 1.1676809919e-07, 3.1037387771e-08, 3.8397971025e-08, 1.66996745321e-08, 8.70646488238e-09, 2.47362996753e-09, 3.1004692147e-09, 4.4872678906e-09, 8.35323588078e-10, 1.57547852542e-09, 2.8151037057e-10, 2.17900975041e-10, 3.26365989789e-10, 1.58152421714e-10, 3.50760809287e-10, 1.34551245146e-10, 3.23190016416e-11, 4.44989045612e-11, 3.96744651021e-11, 3.42315065183e-11, 2.02696817664e-11, 1.08317998668e-11, 1.09332950679e-11, 5.47615338492e-12, 6.41237280288e-12, 1.12909950487e-11, 1.10345977147e-11, 7.66908585248e-12, 8.77537452426e-12, 1.35330626913e-11, 1.27539749595e-11, 3.56109326055e-12],
        "max": [0.0366956815124, 0.0398863442242, 0.0246663875878, 0.0143995843828, 0.0132984779775, 0.00691642146558, 0.0131964478642, 0.011590892449, 0.00875019375235, 0.00331471953541, 0.00382648850791, 0.00199423078448, 0.00120227725711, 0.000826624338515, 0.000870983349159, 0.00167033553589, 0.000351976370439, 0.000507761433255, 0.00013692821085, 0.000197794361156, 0.0002128167107, 0.000149716695887, 0.000195871980395, 9.30557071115e-05, 7.21893447917e-05, 8.80420629983e-05, 8.43934249133e-05, 7.08753941581e-05, 4.57116948382e-05, 4.20911783294e-05, 4.52515996585e-05, 3.60674384865e-05, 2.7143076295e-05, 5.83335386182e-05, 6.17989862803e-05, 4.49409162684e-05, 4.2011259211e-05, 6.79129661876e-05, 4.94326159242e-05, 2.64628652076e-05],
        "mean": [0.00418267119676, 0.00884330458939, 0.00287262862548, 0.00153528666124, 0.000842549896333, 0.000288196170004, 0.000408731371863, 0.000369690678781, 0.000168790153111, 9.14816482691e-05, 7.38369708415e-05, 5.42636225873e-05, 3.13938835461e-05, 3.26505760313e-05, 1.99204368982e-05, 2.58867821685e-05, 9.92917102849e-06, 1.02375379356e-05, 6.03054468229e-06, 4.56593625131e-06, 4.67012068839e-06, 4.17896217186e-06, 5.0528774409e-06, 5.40708333574e-06, 2.44219040724e-06, 2.1585972263e-06, 2.65429912361e-06, 2.21934806177e-06, 1.36777703119e-06, 1.07261382709e-06, 1.04314563032e-06, 7.73773592755e-07, 7.64724404689e-07, 1.01719422219e-06, 8.44464864258e-07, 6.6138971988e-07, 8.3694294517e-07, 8.47670037274e-07, 7.61239448366e-07, 4.59759490923e-07],
        "median": [0.00396906025708, 0.00786639377475, 0.00191524671391, 0.000807445845567, 0.00036282587098, 0.000108515159809, 8.45868853503e-05, 6.75159753882e-05, 3.81172576454e-05, 9.26564371184e-06, 1.58513321367e-05, 1.32134473461e-05, 7.46906425775e-06, 8.27287476568e-06, 6.20226910542e-06, 5.62777404411e-06, 3.16656814903e-06, 2.68777625934e-06, 1.9845456336e-06, 1.24726034301e-06, 1.28476131067e-06, 8.86528823685e-07, 8.67394362558e-07, 9.7358918083e-07, 7.59526074035e-07, 5.73362513023e-07, 5.17397438671e-07, 3.87817038927e-07, 2.79311706208e-07, 1.96142948994e-07, 1.74272784648e-07, 1.22050437312e-07, 1.13632879106e-07, 1.06532617394e-07, 7.46966861698e-08, 5.73464475906e-08, 5.34986419609e-08, 3.08301046914e-08, 1.83861637026e-08, 1.28129604704e-08],
