{
"highlevel": {
    "danceability": {
        "all": {
            "danceable": 0.296564251184,
            "not_danceable": 0.703435719013
        },
        "probability": 0.703435719013,
        "value": "not_danceable"
    },
    "gender": {
        "all": {
            "female": 0.0113089578226,
            "male": 0.988691031933
        },
        "probability": 0.988691031933,
        "value": "male"
    },
    "genre_dortmund": {
        "all": {
            "alternative": 0.0401108935475,
            "blues": 0.115974791348,
            "electronic": 0.0019208737649,
            "folkcountry": 0.583699762821,
            "funksoulrnb": 0.0248060990125,
            "jazz": 0.0459584780037,
            "pop": 0.136888220906,
            "raphiphop": 0.00750698475167,
            "rock": 0.0431339256465
        },
        "probability": 0.583699762821,
        "value": "folkcountry"
    },
    "genre_electronic": {
        "all": {
            "ambient": 0.803115487099,
            "dnb": 0.0740881487727,
            "house": 0.0935257896781,
            "techno": 0.0119340922683,
            "trance": 0.0173364747316
        },
        "probability": 0.803115487099,
        "value": "ambient"
    },
    "genre_rosamerica": {
        "all": {
            "cla": 0.453035414219,
            "dan": 0.00777352321893,
            "hip": 0.0417361296713,
            "jaz": 0.04976112023,
            "pop": 0.0655419379473,
            "rhy": 0.352022051811,
            "roc": 0.00838454440236,
            "spe": 0.0217452757061
        },
        "probability": 0.453035414219,
        "value": "cla"
    },
    "genre_tzanetakis": {
        "all": {
            "blu": 0.0502170212567,
            "cla": 0.0334726423025,
            "cou": 0.0753079727292,
            "dis": 0.06023818627,
            "hip": 0.150582894683,
            "jaz": 0.150557637215,
            "met": 0.0430128090084,
            "pop": 0.0752737373114,
            "reg": 0.0602214261889,
            "roc": 0.301115691662
        },
        "probability": 0.301115691662,
        "value": "roc"
    },
    "ismir04_rhythm": {
        "all": {
            "ChaChaCha": 0.0399450920522,
            "Jive": 0.0142298871651,
            "Quickstep": 0.132049262524,
            "Rumba-American": 0.00800983048975,
            "Rumba-International": 0.115111999214,
            "Rumba-Misc": 0.0224734470248,
            "Samba": 0.0499309524894,
            "Tango": 0.0220764577389,
            "VienneseWaltz": 0.247421622276,
            "Waltz": 0.348751455545
        },
        "probability": 0.348751455545,
        "value": "Waltz"
    },
    "mood_acoustic": {
        "all": {
            "acoustic": 0.933358073235,
            "not_acoustic": 0.0666419044137
        },
        "probability": 0.933358073235,
        "value": "acoustic"
    },
    "mood_aggressive": {
        "all": {
            "aggressive": 0.0086037889123,
            "not_aggressive": 0.991396188736
        },
        "probability": 0.991396188736,
        "value": "not_aggressive"
    },
    "mood_electronic": {
        "all": {
            "electronic": 0.0815908461809,
            "not_electronic": 0.91840916872
        },
        "probability": 0.91840916872,
        "value": "not_electronic"
    },
    "mood_happy": {
        "all": {
            "happy": 0.470614254475,
            "not_happy": 0.529385745525
        },
        "probability": 0.529385745525,
        "value": "not_happy"
    },
    "mood_party": {
        "all": {
            "not_party": 0.774422109127,
            "party": 0.225577905774
        },
        "probability": 0.774422109127,
        "value": "not_party"
    },
    "mood_relaxed": {
        "all": {
            "not_relaxed": 0.125427335501,
            "relaxed": 0.874572694302
        },
        "probability": 0.874572694302,
        "value": "relaxed"
    },
    "mood_sad": {
        "all": {
            "not_sad": 0.122710682452,
            "sad": 0.877289295197
        },
        "probability": 0.877289295197,
        "value": "sad"
    },
    "moods_mirex": {
        "all": {
            "Cluster1": 0.0354532934725,
            "Cluster2": 0.172478288412,
            "Cluster3": 0.659212708473,
            "Cluster4": 0.126746684313,
            "Cluster5": 0.00610903836787
        },
        "probability": 0.659212708473,
        "value": "Cluster3"
    },
    "timbre": {
        "all": {
            "bright": 0.993408739567,
            "dark": 0.00659128185362
        },
        "probability": 0.993408739567,
        "value": "bright"
    },
    "tonal_atonal": {
        "all": {
            "atonal": 0.0284813884646,
            "tonal": 0.97151863575
        },
        "probability": 0.97151863575,
        "value": "tonal"
    },
    "voice_instrumental": {
        "all": {
            "instrumental": 0.000237812491832,
            "voice": 0.999762177467
        },
        "probability": 0.999762177467,
        "value": "voice"
    }
},
"lowlevel": {
    "average_loudness": 0.940187036991,
    "barkbands_crest": {
        "dmean": 2.46152830124,
        "dmean2": 3.83632302284,
        "dvar": 5.29892110825,
        "dvar2": 12.5518455505,
        "max": 26.5167007446,
        "mean": 11.2865629196,
        "median": 10.4172468185,
        "min": 3.53747487068,
        "var": 19.9255771637
    },
    "barkbands_flatness_db": {
        "dmean": 0.0223543252796,
        "dmean2": 0.0317094139755,
        "dvar": 0.000475222535897,
        "dvar2": 0.000902840285562,
        "max": 0.438902854919,
        "mean": 0.185204416513,
        "median": 0.177160024643,
        "min": 0.0628036037087,
        "var": 0.00321558839642
    },
    "barkbands_kurtosis": {
        "dmean": 3.46141886711,
        "dmean2": 5.38321065903,
        "dvar": 43.3709526062,
        "dvar2": 96.0757064819,
        "max": 169.232177734,
        "mean": 7.536465168,
        "median": 3.10763502121,
        "min": -1.90114414692,
        "var": 218.937423706
    },
    "barkbands_skewness": {
        "dmean": 0.547878980637,
        "dmean2": 0.804843425751,
        "dvar": 0.392572045326,
        "dvar2": 0.778985619545,
        "max": 11.681760788,
        "mean": 1.90398454666,
        "median": 1.7411288023,
        "min": -3.23862195015,
        "var": 2.78626132011
    },
    "barkbands_spread": {
        "dmean": 6.04869556427,
        "dmean2": 8.9050359726,
        "dvar": 86.3611679077,
        "dvar2": 184.33152771,
        "max": 86.1962203979,
        "mean": 18.7366199493,
        "median": 15.3926200867,
        "min": 0.515606582165,
        "var": 219.240386963
    },
    "dissonance": {
        "dmean": 0.0204668790102,
        "dmean2": 0.033600077033,
        "dvar": 0.000444335542852,
        "dvar2": 0.00119329348672,
        "max": 0.498302131891,
        "mean": 0.443650007248,
        "median": 0.451352596283,
        "min": 0.243360504508,
        "var": 0.00146707997192
    },
    "dynamic_complexity": 4.1641869545,
    "erbbands_crest": {
        "dmean": 2.47647547722,
        "dmean2": 3.83925080299,
        "dvar": 6.2222328186,
        "dvar2": 14.2193489075,
        "max": 33.4955825806,
        "mean": 10.6205005646,
        "median": 9.09045982361,
        "min": 2.94766283035,
        "var": 31.0546302795
    },
    "erbbands_flatness_db": {
        "dmean": 0.0214534550905,
        "dmean2": 0.0293034296483,
        "dvar": 0.000477951427456,
        "dvar2": 0.000850421725772,
        "max": 0.450668245554,
        "mean": 0.194875821471,
        "median": 0.191934481263,
        "min": 0.0729112550616,
        "var": 0.00324359722435
    },
    "erbbands_kurtosis": {
        "dmean": 1.42306566238,
        "dmean2": 2.17824316025,
        "dvar": 8.90101051331,
        "dvar2": 18.1811408997,
        "max": 66.3795318604,
        "mean": 2.31830263138,
        "median": 0.00999474525452,
        "min": -1.78217077255,
        "var": 64.0392990112
    },
    "erbbands_skewness": {
        "dmean": 0.404885828495,
        "dmean2": 0.604836165905,
        "dvar": 0.223888903856,
        "dvar2": 0.419802248478,
        "max": 7.46589565277,
        "mean": 0.707574784756,
        "median": 0.637315571308,
        "min": -5.23701572418,
        "var": 1.97205972672
    },
    "erbbands_spread": {
        "dmean": 8.69774246216,
        "dmean2": 12.8279209137,
        "dvar": 122.722198486,
        "dvar2": 246.021911621,
        "max": 119.496299744,
        "mean": 37.8219337463,
        "median": 35.7788505554,
        "min": 2.03485512733,
        "var": 383.796295166
    },
    "hfc": {
        "dmean": 6.4842042923,
        "dmean2": 8.65808773041,
        "dvar": 132.791259766,
        "dvar2": 235.918518066,
        "max": 165.433303833,
        "mean": 17.2733745575,
        "median": 8.12261867523,
        "min": 0.207148373127,
        "var": 562.528015137
    },
    "melbands_crest": {
        "dmean": 2.73894405365,
        "dmean2": 4.26833248138,
        "dvar": 6.60342502594,
        "dvar2": 16.3585300446,
        "max": 34.8492660522,
        "mean": 14.5740423203,
        "median": 13.5866966248,
        "min": 3.61246156693,
        "var": 35.9547309875
    },
    "melbands_flatness_db": {
        "dmean": 0.0247886348516,
        "dmean2": 0.0341450050473,
        "dvar": 0.000672449183185,
        "dvar2": 0.00121254194528,
        "max": 0.473870784044,
        "mean": 0.20700314641,
        "median": 0.197156488895,
        "min": 0.0687379613519,
        "var": 0.00522934878245
    },
    "melbands_kurtosis": {
        "dmean": 6.79058790207,
        "dmean2": 10.4638538361,
        "dvar": 107.815208435,
        "dvar2": 261.784881592,
        "max": 238.390548706,
        "mean": 18.1688175201,
        "median": 9.93914604187,
        "min": -1.90833425522,
        "var": 934.135620117
    },
    "melbands_skewness": {
        "dmean": 0.6628729105,
        "dmean2": 0.982369661331,
        "dvar": 0.455253988504,
        "dvar2": 1.00050091743,
        "max": 12.2296333313,
        "mean": 2.93560647964,
        "median": 2.69284367561,
        "min": -1.07647264004,
        "var": 3.73066806793
    },
    "melbands_spread": {
        "dmean": 7.45548772812,
        "dmean2": 10.6025676727,
        "dvar": 202.616653442,
        "dvar2": 335.852813721,
        "max": 215.267318726,
        "mean": 24.4586658478,
        "median": 16.3038311005,
        "min": 0.715486884117,
        "var": 935.641540527
    },
    "pitch_salience": {
        "dmean": 0.0630334019661,
        "dmean2": 0.0959891974926,
        "dvar": 0.00340377655812,
        "dvar2": 0.0075192656368,
        "max": 0.825800776482,
        "mean": 0.523487508297,
        "median": 0.531099796295,
        "min": 0.0700852498412,
        "var": 0.0206822752953
    },
    "silence_rate_20dB": {
        "dmean": 0,
        "dmean2": 0,
        "dvar": 0,
        "dvar2": 0,
        "max": 1,
        "mean": 1,
        "median": 1,
        "min": 1,
        "var": 0
    },
    "silence_rate_30dB": {
        "dmean": 0,
        "dmean2": 0,
        "dvar": 0,
        "dvar2": 0,
        "max": 1,
        "mean": 1,
        "median": 1,
        "min": 1,
        "var": 0
    },
    "silence_rate_60dB": {
        "dmean": 0.0487616099417,
        "dmean2": 0.0968241691589,
        "dvar": 0.0463837981224,
        "dvar2": 0.104490615427,
        "max": 1,
        "mean": 0.184068053961,
        "median": 0,
        "min": 0,
        "var": 0.150186672807
    },
    "spectral_centroid": {
        "dmean": 262.970214844,
        "dmean2": 370.837432861,
        "dvar": 139329.828125,
        "dvar2": 235779.921875,
        "max": 5453.61279297,
        "mean": 1254.35644531,
        "median": 1043.53552246,
        "min": 276.293548584,
        "var": 726152.0625
    },
    "spectral_complexity": {
        "dmean": 2.47368431091,
        "dmean2": 3.61812543869,
        "dvar": 10.4057254791,
        "dvar2": 20.6825294495,
        "max": 47,
        "mean": 12.1593198776,
        "median": 11,
        "min": 1,
        "var": 49.0094299316
    },
    "spectral_decrease": {
        "dmean": 1.21122167851e-09,
        "dmean2": 1.81311832215e-09,
        "dvar": 3.7302226711e-18,
        "dvar2": 8.31156042577e-18,
        "max": -6.88424109385e-11,
        "mean": -3.89852150562e-09,
        "median": -2.70800182278e-09,
        "min": -2.25846505941e-08,
        "var": 1.24926118335e-17
    },
    "spectral_energy": {
        "dmean": 0.0050197946839,
        "dmean2": 0.00743867643178,
        "dvar": 6.17576515651e-05,
        "dvar2": 0.000136085247505,
        "max": 0.0892887189984,
        "mean": 0.0162806604058,
        "median": 0.0121085140854,
        "min": 0.000278615247225,
        "var": 0.00021360910614
    },
    "spectral_energyband_high": {
        "dmean": 0.000529982324224,
        "dmean2": 0.000693915935699,
        "dvar": 1.71409544691e-06,
        "dvar2": 2.69182964985e-06,
        "max": 0.022721786052,
        "mean": 0.00103667192161,
        "median": 0.000196551074623,
        "min": 3.27696376701e-08,
        "var": 7.66802349972e-06
    },
    "spectral_energyband_low": {
        "dmean": 0.000567699840758,
        "dmean2": 0.000900663551874,
        "dvar": 1.265628498e-06,
        "dvar2": 3.66233552995e-06,
        "max": 0.017582539469,
        "mean": 0.00103086221498,
        "median": 0.000560234650038,
        "min": 3.70240087477e-08,
        "var": 2.25300937018e-06
    },
    "spectral_energyband_middle_high": {
        "dmean": 0.00152384722605,
        "dmean2": 0.00212040310726,
        "dvar": 1.0149413356e-05,
        "dvar2": 1.86863744602e-05,
        "max": 0.0495292209089,
        "mean": 0.00366443046369,
        "median": 0.00112859765068,
        "min": 3.7251640606e-05,
        "var": 3.85375788028e-05
    },
    "spectral_energyband_middle_low": {
        "dmean": 0.00387356919236,
        "dmean2": 0.00591650791466,
        "dvar": 4.61626550532e-05,
        "dvar2": 0.000108755819383,
        "max": 0.0857407078147,
        "mean": 0.0109161185101,
        "median": 0.00677018426359,
        "min": 7.67548117437e-05,
        "var": 0.000122452227515
    },
    "spectral_entropy": {
        "dmean": 0.226787596941,
        "dmean2": 0.312262445688,
        "dvar": 0.0625815317035,
        "dvar2": 0.110917471349,
        "max": 8.64975357056,
        "mean": 7.18245172501,
        "median": 7.19064092636,
        "min": 5.10840177536,
        "var": 0.314089238644
    },
    "spectral_flux": {
        "dmean": 0.018399707973,
        "dmean2": 0.0277154687792,
        "dvar": 0.000527400930878,
        "dvar2": 0.00113033282105,
        "max": 0.257073402405,
        "mean": 0.0555500276387,
        "median": 0.0457031130791,
        "min": 0.00178971141577,
        "var": 0.00178386236075
    },
    "spectral_kurtosis": {
        "dmean": 2.06823444366,
        "dmean2": 3.41569328308,
        "dvar": 7.96218919754,
        "dvar2": 20.7540569305,
        "max": 73.8873901367,
        "mean": 4.57864999771,
        "median": 3.33735942841,
        "min": -0.840528011322,
        "var": 29.3604755402
    },
    "spectral_rms": {
        "dmean": 0.000562260043807,
        "dmean2": 0.000802394235507,
        "dvar": 4.99365171436e-07,
        "dvar2": 9.83454242487e-07,
        "max": 0.00933332461864,
        "mean": 0.00355950347148,
        "median": 0.00343703129329,
        "min": 0.00052136334125,
        "var": 3.21354627886e-06
    },
    "spectral_rolloff": {
        "dmean": 551.463012695,
        "dmean2": 928.6796875,
        "dvar": 1217812.375,
        "dvar2": 2682673.5,
        "max": 11132.6660156,
        "mean": 1649.46069336,
        "median": 1098.19335938,
        "min": 193.798828125,
        "var": 3043835
    },
    "spectral_skewness": {
        "dmean": 0.27152466774,
        "dmean2": 0.419541805983,
        "dvar": 0.0788692459464,
        "dvar2": 0.17285181582,
        "max": 6.72644090652,
        "mean": 1.51140356064,
        "median": 1.43832528591,
        "min": -0.442875862122,
        "var": 0.462062656879
    },
    "spectral_spread": {
        "dmean": 699668.375,
        "dmean2": 991125.4375,
        "dvar": 937484353536,
        "dvar2": 1.75341685965e+12,
        "max": 17996892,
        "mean": 4451159.5,
        "median": 4150887.75,
        "min": 1113536.75,
        "var": 2.09144827085e+12
    },
    "spectral_strongpeak": {
        "dmean": 0.543117105961,
        "dmean2": 0.847717404366,
        "dvar": 0.971073508263,
        "dvar2": 2.22038912773,
        "max": 13.3604412079,
        "mean": 1.2407078743,
        "median": 0.605153799057,
        "min": 0.0367066040635,
        "var": 2.41407990456
    },
    "zerocrossingrate": {
        "dmean": 0.0122633427382,
        "dmean2": 0.0129218660295,
        "dvar": 0.000250654615229,
        "dvar2": 0.000226699819905,
        "max": 0.298828125,
        "mean": 0.064575098455,
        "median": 0.05322265625,
        "min": 0.0087890625,
        "var": 0.00220579956658
    },
    "barkbands": {
        "dmean": [1.00065847164e-06, 6.86478306307e-05, 0.000365203391993, 0.000413595611462, 0.00163784739561, 0.00107123597991, 0.000840595748741, 0.0010239292169, 0.000541309069376, 0.000154160123202, 0.000300769286696, 0.000407876534155, 0.000376835814677, 0.000261546199908, 0.000149135710672, 0.000161133735674, 6.26266046311e-05, 0.000121932120237, 0.00013723448501, 0.000223465031013, 0.000125290389406, 0.000179590046173, 0.000106845247501, 8.18912667455e-05, 3.93563423131e-05, 2.62595676759e-05, 6.02820460216e-09],
        "dmean2": [1.76893456683e-06, 0.000115342510981, 0.000562229484785, 0.000694638409186, 0.00255992263556, 0.00169820548035, 0.00126686738804, 0.00154981878586, 0.000711373228114, 0.000190666629351, 0.000423718011007, 0.000599963706918, 0.000550750351977, 0.000384322629543, 0.000217122083995, 0.000249906035606, 0.000103978592961, 0.000184052914847, 0.000202251976589, 0.000331947521772, 0.000178372632945, 0.000249102886301, 0.00013238095562, 0.000124539772514, 6.18069971097e-05, 4.42284690507e-05, 1.14606599766e-08],
        "dvar": [1.33409195149e-11, 4.43947421047e-08, 6.71284396958e-07, 8.49591003771e-07, 9.5808018159e-06, 1.18207171909e-05, 6.09107792116e-06, 1.31475153466e-05, 3.36817970492e-06, 4.61283178765e-07, 6.7524899805e-07, 1.86638146715e-06, 2.4386347377e-06, 1.75607090114e-06, 6.03105092978e-07, 7.27818928681e-07, 7.13676726605e-08, 2.41479426677e-07, 2.78235972928e-07, 4.23258853743e-07, 1.13572987459e-07, 3.46667661688e-07, 1.3451955283e-07, 1.09807366755e-07, 1.18945635563e-08, 8.14024758711e-09, 3.51994853858e-15],
        "dvar2": [3.71814974642e-11, 1.58489598334e-07, 1.86495560683e-06, 2.34044750869e-06, 2.29722081713e-05, 3.03041633742e-05, 1.28780375235e-05, 3.07113550662e-05, 6.24084896117e-06, 5.04320723849e-07, 1.1275756151e-06, 4.16766897615e-06, 4.90133470521e-06, 4.12028157371e-06, 1.00721604213e-06, 1.59055787208e-06, 1.8875327612e-07, 4.18807047708e-07, 6.68887480515e-07, 9.69121970229e-07, 2.07210774761e-07, 6.98318046943e-07, 1.75955861437e-07, 2.74562211189e-07, 2.89458466085e-08, 2.15679563098e-08, 1.02445399305e-14],
        "max": [4.52850144939e-05, 0.00390181690454, 0.0130663672462, 0.0134454518557, 0.0487616322935, 0.06390632689, 0.0332985408604, 0.0609961487353, 0.0383024998009, 0.0232903473079, 0.0323348343372, 0.0220181830227, 0.0336691625416, 0.0362991653383, 0.0283674411476, 0.0218654628843, 0.00561789656058, 0.0129917990416, 0.00874450616539, 0.0136136319488, 0.00614265073091, 0.0118668228388, 0.0110164387152, 0.00748352939263, 0.00150730868336, 0.00131660443731, 1.30374837681e-06],
        "mean": [7.82844665537e-07, 0.000103919432149, 0.000600144790951, 0.000697484822012, 0.00317206163891, 0.00239615910687, 0.00154664064758, 0.00196085544303, 0.00108118681237, 0.000282386317849, 0.000567110837437, 0.000611183757428, 0.000581882020924, 0.000377320975531, 0.0002363739477, 0.000268190604402, 9.71282934188e-05, 0.000203655174118, 0.00021824358555, 0.000376270647394, 0.000214644649532, 0.000313377269777, 0.000194949825527, 0.000111630833999, 4.52808126283e-05, 2.18085460801e-05, 3.48639672687e-09],
        "median": [1.50230206941e-07, 4.02268924518e-05, 0.000105494786112, 0.000378475378966, 0.00162803125568, 0.00068465131335, 0.000319794547977, 0.000145099911606, 0.000175580848008, 4.49093131465e-05, 0.000127570790937, 9.57423035288e-05, 7.63481366448e-05, 5.19028108101e-05, 5.87485810684e-05, 4.55812187283e-05, 1.84207019629e-05, 2.22642865992e-05, 3.44616018992e-05, 4.6225180995e-05, 3.28812311636e-05, 4.70093000331e-05, 1.40168676808e-05, 1.30058379e-05, 4.21172626375e-06, 8.12890391444e-07, 1.67409114349e-10],
        "min": [1.50194422871e-11, 6.42669562012e-09, 3.45504913568e-09, 4.41236025495e-09, 6.89957516897e-07, 2.98114900943e-06, 3.76059631435e-07, 9.42761118949e-07, 1.69953523255e-06, 5.81173065228e-09, 1.77683182301e-06, 3.79892611591e-07, 1.09306108698e-06, 9.81813968792e-07, 3.58719177029e-07, 8.46019020173e-07, 3.97923969331e-08, 1.92874605176e-08, 1.32076110049e-08, 1.10714637458e-08, 6.93053348044e-09, 6.49188125479e-09, 2.33297625662e-09, 4.02821065393e-09, 3.99211524948e-10, 6.1371838167e-11, 6.19434625121e-12],
        "var": [8.73768505466e-12, 4.51714221583e-08, 1.26377312881e-06, 1.05221727154e-06, 2.11971037061e-05, 2.42304286076e-05, 1.2204869563e-05, 3.38299614668e-05, 7.70472433942e-06, 1.84790621915e-06, 3.81110771741e-06, 3.40415840583e-06, 5.15978490512e-06, 2.91490414384e-06, 1.36430799103e-06, 1.31810384119e-06, 1.04755521591e-07, 5.35921742539e-07, 4.86873602767e-07, 8.54491361224e-07, 4.13738803218e-07, 1.0014948657e-06, 5.7143762433e-07, 1.37103157272e-07, 1.59086646079e-08, 6.16796747011e-09, 1.89635726759e-15]
    },
    "erbbands": {
        "dmean": [0.000407323474064, 0.025312833488, 0.325528234243, 0.921904504299, 2.76784944534, 7.44988250732, 6.4295463562, 9.66892528534, 7.20409488678, 24.4492282867, 16.5904273987, 10.8515529633, 8.01823425293, 7.49411487579, 8.97913169861, 15.7601633072, 15.7482671738, 15.2903795242, 8.55061912537, 7.52401781082, 8.15096759796, 3.58305120468, 6.87672615051, 4.75891923904, 9.67537689209, 10.3992738724, 4.58739614487, 6.08345651627, 5.9413690567, 4.96695280075, 2.7206184864, 1.68270766735, 1.4357637167, 0.581093966961, 0.218210250139, 0.119459845126, 0.0501255579293, 0.00439582532272, 8.20938512334e-05, 9.63790080277e-06],
        "dmean2": [0.000679896213114, 0.0420290566981, 0.508102715015, 1.50142037868, 4.44612932205, 11.6471509933, 9.78200817108, 15.3870544434, 11.29185009, 37.170917511, 23.7132415771, 14.1883306503, 10.3855714798, 9.96188640594, 13.0215826035, 22.6825523376, 22.8674964905, 23.0842838287, 12.8035678864, 11.4798593521, 12.5116491318, 5.67284536362, 10.1343269348, 6.92412614822, 14.5985879898, 15.2587652206, 6.70116376877, 8.54086017609, 8.01066207886, 6.8869228363, 3.37071633339, 2.41808390617, 2.1860704422, 0.909801483154, 0.344891577959, 0.19966301322, 0.0848012045026, 0.00756256142631, 0.000137743496452, 1.41774708027e-05],
        "dvar": [1.0330962823e-06, 0.00591511419043, 0.657995641232, 2.98768401146, 40.6901092529, 219.821151733, 157.569519043, 1317.84643555, 875.319458008, 5908.21875, 2833.48657227, 1576.90197754, 767.107421875, 656.90234375, 586.917114258, 3040.78588867, 2840.83691406, 5933.86669922, 2047.93261719, 839.328674316, 1855.63696289, 176.661407471, 1068.29272461, 135.022186279, 2042.01623535, 695.356018066, 161.795150757, 279.39465332, 361.086517334, 444.110473633, 93.3157348633, 32.0972175598, 46.7454681396, 3.59654259682, 0.363292813301, 0.144951120019, 0.0331367664039, 0.000314255681587, 9.41489020079e-08, 3.18253368103e-10],
        "dvar2": [3.50753111888e-06, 0.0209239665419, 2.02778601646, 8.00040817261, 104.904388428, 522.253051758, 339.248046875, 3374.59643555, 2215.59008789, 13826.0097656, 6039.78759766, 3076.5559082, 1175.43469238, 985.429992676, 1312.93774414, 6757.27636719, 5412.96533203, 14022.7558594, 4723.65820312, 1696.44177246, 3969.85595703, 378.462005615, 1869.92407227, 289.637817383, 5183.953125, 1483.75878906, 327.868408203, 542.459411621, 579.533569336, 849.467346191, 108.221618652, 71.6276321411, 120.463027954, 8.90423965454, 0.898128032684, 0.376086860895, 0.0892665088177, 0.000856993021443, 2.5433601536e-07, 7.46036565857e-10],
        "max": [0.0193236712366, 1.42515730858, 13.7222537994, 22.1921730042, 85.5477142334, 247.14402771, 234.73840332, 619.323059082, 702.961669922, 1106.5057373, 1168.80163574, 822.503234863, 665.290771484, 762.707641602, 527.933105469, 885.762939453, 1109.08605957, 2062.59301758, 1061.70080566, 703.708984375, 1175.67370605, 321.833587646, 923.239562988, 145.339752197, 994.532897949, 408.805877686, 233.62512207, 372.548217773, 408.548797607, 642.644226074, 313.419067383, 124.331016541, 164.772644043, 34.194442749, 7.53427934647, 5.89273262024, 2.09315538406, 0.239566341043, 0.00399913592264, 0.000261643406702],
        "mean": [0.000764318916481, 0.041358217597, 0.548309206963, 1.66645419598, 4.25771474838, 13.7373609543, 16.4291229248, 20.0190124512, 13.2198257446, 41.4542579651, 42.3480529785, 21.2043590546, 14.4088344574, 16.7947292328, 17.2174034119, 24.3861465454, 27.347946167, 23.906080246, 12.8719987869, 12.987818718, 14.4181184769, 6.7827501297, 11.5723075867, 8.57107257843, 15.2427358627, 18.2220497131, 7.87649488449, 10.5763835907, 10.9777984619, 8.73040866852, 5.02555847168, 2.41906523705, 1.86475288868, 0.708745598793, 0.230954572558, 0.108070887625, 0.039243157953, 0.00325224874541, 7.34086788725e-05, 2.4356870199e-05],
        "median": [0.000445109442808, 0.0181166063994, 0.139452308416, 1.00479853153, 2.29008102417, 6.47370481491, 5.94182348251, 5.46579647064, 4.03449583054, 6.91385746002, 4.21031522751, 3.50940060616, 3.95590186119, 3.30459809303, 5.16710329056, 3.96778821945, 4.60393095016, 2.82114481926, 2.63088703156, 3.81813931465, 2.1393237114, 1.28890860081, 1.22473931313, 1.88812148571, 1.64267849922, 2.05896425247, 1.73753488064, 1.57284653187, 1.59906554222, 1.06588184834, 0.379809141159, 0.283479690552, 0.179794862866, 0.0633584856987, 0.0190194379538, 0.00549476221204, 0.00118627247866, 8.57221457409e-05, 1.3069601664e-05, 1.695676292e-05],
        "min": [4.06513748885e-07, 2.29375950767e-06, 9.57577049121e-06, 6.50694637443e-05, 0.000427144550486, 0.00836287532002, 0.110084936023, 0.0799945220351, 0.00777947437018, 0.045746833086, 0.0380003489554, 0.0499489419162, 0.0253223143518, 0.0623016729951, 0.0957472026348, 0.0971411913633, 0.104065291584, 0.0445850640535, 0.0502518154681, 0.04984485358, 0.0308717563748, 0.00880235992372, 0.00147302856203, 0.00100507563911, 0.000631234725006, 0.000579111219849, 0.000387286854675, 0.00023627205519, 0.000251392659266, 9.56899384619e-05, 5.86941969232e-05, 6.63096143398e-05, 6.8252265919e-05, 1.2054153558e-05, 4.39021414422e-06, 2.32471415984e-06, 1.09315237751e-06, 2.32998758065e-07, 3.09003183929e-07, 3.96686402837e-07],
        "var": [1.4105489754e-06, 0.00596565101296, 0.988159358501, 4.71240615845, 48.441734314, 455.257873535, 703.587219238, 2525.7331543, 1123.27770996, 10135.0839844, 14760.1005859, 3159.12304688, 2060.26782227, 4023.10986328, 1692.05700684, 5538.27246094, 7112.44726562, 9137.33886719, 3300.51318359, 1478.14428711, 3466.71875, 438.552154541, 2344.21875, 318.822998047, 2844.36279297, 1809.35571289, 488.528564453, 981.991271973, 1220.83569336, 1184.61193848, 404.577850342, 55.9868888855, 50.2676887512, 4.91385269165, 0.39630278945, 0.124236561358, 0.0233587715775, 0.000210423779208, 6.69429809363e-08, 6.66217414569e-10]
    },
    "gfcc": {
        "mean": [-55.6842803955, 88.1415710449, -134.602874756, 23.4619598389, -88.6686630249, 0.966212034225, -48.6514320374, -12.6639585495, -31.7028884888, -2.13322401047, -16.3137950897, -6.82582902908, -9.89229297638],
        "cov": [[5490.64794922, -1140.16906738, 358.05569458, 575.144897461, -60.4664382935, 96.2849502563, -135.351119995, 268.449371338, -421.348632812, -40.5261535645, -169.491455078, -77.8433837891, -495.406066895], [-1140.16906738, 1980.74804688, -9.26455879211, -170.509017944, 546.543701172, -66.1433181763, 118.658332825, -189.376861572, 105.104377747, -225.083007812, 119.479148865, -167.430648804, 168.048019409], [358.05569458, -9.26455879211, 918.233093262, 330.027709961, 267.505645752, 180.299804688, -49.7942314148, 15.5608177185, -180.291717529, 16.6754322052, -180.055160522, 85.2821655273, -53.7642173767], [575.144897461, -170.509017944, 330.027709961, 586.95489502, 101.479148865, 77.4606399536, -44.1208190918, -42.2691574097, -103.502746582, -73.8478469849, -79.5929794312, 61.0870018005, 5.13004732132], [-60.4664382935, 546.543701172, 267.505645752, 101.479148865, 436.926727295, 23.6548175812, -14.7535362244, -18.7970523834, -48.9203300476, -71.1089096069, -87.7493133545, -1.08242869377, 22.8604755402], [96.2849502563, -66.1433181763, 180.299804688, 77.4606399536, 23.6548175812, 309.459869385, 54.1820411682, -50.2565307617, -99.5570907593, 5.90227746964, -21.9886188507, 11.8932666779, -10.2848176956], [-135.351119995, 118.658332825, -49.7942314148, -44.1208190918, -14.7535362244, 54.1820411682, 162.440155029, -0.0552836544812, -24.899148941, -1.60570454597, 51.9639625549, -48.406452179, -34.5277557373], [268.449371338, -189.376861572, 15.5608177185, -42.2691574097, -18.7970523834, -50.2565307617, -0.0552836544812, 158.538299561, 19.9730701447, 30.6585502625, -21.1195774078, -19.2537746429, -59.9613952637], [-421.348632812, 105.104377747, -180.291717529, -103.502746582, -48.9203300476, -99.5570907593, -24.899148941, 19.9730701447, 247.789962769, 16.5971622467, 11.6083688736, -36.4014053345, 78.0042037964], [-40.5261535645, -225.083007812, 16.6754322052, -73.8478469849, -71.1089096069, 5.90227746964, -1.60570454597, 30.6585502625, 16.5971622467, 153.437011719, 7.27051258087, 14.1286888123, -32.1805229187], [-169.491455078, 119.479148865, -180.055160522, -79.5929794312, -87.7493133545, -21.9886188507, 51.9639625549, -21.1195774078, 11.6083688736, 7.27051258087, 182.448303223, -30.3178119659, -21.3117027283], [-77.8433837891, -167.430648804, 85.2821655273, 61.0870018005, -1.08242869377, 11.8932666779, -48.406452179, -19.2537746429, -36.4014053345, 14.1286888123, -30.3178119659, 148.486938477, 39.3033828735], [-495.406066895, 168.048019409, -53.7642173767, 5.13004732132, 22.8604755402, -10.2848176956, -34.5277557373, -59.9613952637, 78.0042037964, -32.1805229187, -21.3117027283, 39.3033828735, 164.429397583]],
        "icov": [[0.000383976032026, -3.54850126314e-05, 0.000199355810764, -0.000387515377952, 0.000166656740475, -0.000162363052368, 0.000606929068454, -0.000460572045995, 0.000403074052883, 0.000153958069859, 0.000371026428184, 0.000247315736488, 0.00102446950041], [-3.54850126314e-05, 0.00276578869671, -0.000908100046217, 0.00137602700852, -0.00341585371643, 0.00103291869164, -0.00160544086248, 0.00250103417784, -0.0009248755523, 0.00222726492211, -0.00281364866532, 0.00231885351241, -0.00220329337753], [0.000199355810764, -0.000908100046217, 0.00275281840004, -0.00146317912731, 7.47332524043e-05, -0.00129300239496, 0.00117954530288, -0.00145840633195, 0.0010939121712, -0.00162206694949, 0.00224339170381, -0.00120593607426, 0.00184168515261], [-0.000387515377952, 0.00137602700852, -0.00146317912731, 0.00352008664049, -0.00156984839123, 0.000614496297203, -0.00101998366881, 0.00215466949157, -0.000583374639973, 0.00226557068527, -0.00151025888044, 0.000468494661618, -0.00192143849563], [0.000166656740475, -0.00341585371643, 7.47332524043e-05, -0.00156984839123, 0.00760186370462, -0.000825194700155, 0.0019351328956, -0.00286674383096, 0.00156414497178, -0.00127452902962, 0.00434774626046, -0.00201641861349, 0.00237305066548], [-0.000162363052368, 0.00103291869164, -0.00129300239496, 0.000614496297203, -0.000825194700155, 0.00513706915081, -0.00262087583542, 0.0025194901973, 0.000817256572191, 0.000237302476307, -0.000663077458739, 0.0011664290214, -0.00188832858112], [0.000606929068454, -0.00160544086248, 0.00117954530288, -0.00101998366881, 0.0019351328956, -0.00262087583542, 0.0102340839803, -0.0025545777753, 0.00185668538325, -0.000808211450931, 0.000241617090069, 0.00116447429173, 0.00338535313495], [-0.000460572045995, 0.00250103417784, -0.00145840633195, 0.00215466949157, -0.00286674383096, 0.0025194901973, -0.0025545777753, 0.0117497099563, -0.00281680095941, 0.0013163338881, -0.00103560858406, 0.0017431472661, 0.000859612657223], [0.000403074052883, -0.0009248755523, 0.0010939121712, -0.000583374639973, 0.00156414497178, 0.000817256572191, 0.00185668538325, -0.00281680095941, 0.00798725988716, -0.00208974350244, 0.00140675343573, 0.00215088226832, -0.00279800663702], [0.000153958069859, 0.00222726492211, -0.00162206694949, 0.00226557068527, -0.00127452902962, 0.000237302476307, -0.000808211450931, 0.0013163338881, -0.00208974350244, 0.0107027310878, -0.00228516338393, 0.000257037929259, 0.000817239342723], [0.000371026428184, -0.00281364866532, 0.00224339170381, -0.00151025888044, 0.00434774626046, -0.000663077458739, 0.000241617090069, -0.00103560858406, 0.00140675343573, -0.00228516338393, 0.0112582631409, -0.00197745976038, 0.00461849709973], [0.000247315736488, 0.00231885351241, -0.00120593607426, 0.000468494661618, -0.00201641861349, 0.0011664290214, 0.00116447429173, 0.0017431472661, 0.00215088226832, 0.000257037929259, -0.00197745976038, 0.0118623506278, -0.00486199790612], [0.00102446950041, -0.00220329337753, 0.00184168515261, -0.00192143849563, 0.00237305066548, -0.00188832858112, 0.00338535313495, 0.000859612657223, -0.00279800663702, 0.000817239342723, 0.00461849709973, -0.00486199790612, 0.0159065220505]]
    },
    "melbands": {
        "dmean": [1.00726101664e-05, 0.000122947341879, 0.000191379192984, 0.000351394031895, 0.000253669160884, 0.000210978003452, 0.000128449421027, 0.000267182738753, 0.000122999597806, 7.30550382286e-05, 4.09573767683e-05, 2.88380051643e-05, 3.84675258829e-05, 3.0032122595e-05, 4.5725639211e-05, 4.23345700256e-05, 2.7796417271e-05, 1.56414680532e-05, 1.24523103295e-05, 1.08850936158e-05, 8.89339571586e-06, 3.73508169105e-06, 5.31591103936e-06, 6.407174169e-06, 3.80157871405e-06, 5.86264422964e-06, 9.92394961941e-06, 6.42173245069e-06, 3.10085442834e-06, 3.01459681395e-06, 3.9197498154e-06, 3.65272057934e-06, 3.72111344404e-06, 2.60324600276e-06, 1.8065727545e-06, 1.05370020265e-06, 1.0811413631e-06, 1.14271517759e-06, 6.74689260904e-07, 4.52750356317e-07],
        "dmean2": [1.69546237885e-05, 0.000191733997781, 0.000310192786856, 0.00055273209, 0.000385384832043, 0.000336963770678, 0.000197581961402, 0.000407501589507, 0.000175314868102, 9.5083618362e-05, 5.30681427335e-05, 3.80127930839e-05, 5.45739858353e-05, 4.40819130745e-05, 6.7038286943e-05, 6.05799323239e-05, 4.28374260082e-05, 2.34983035625e-05, 1.70711082319e-05, 1.64786470123e-05, 1.36643075166e-05, 6.25946222499e-06, 7.63679872762e-06, 9.41956568568e-06, 5.59576437809e-06, 8.98412508832e-06, 1.51679132614e-05, 9.8068958323e-06, 4.75738352179e-06, 4.47915908808e-06, 5.63032017453e-06, 5.10014615429e-06, 5.56103623239e-06, 3.60370336239e-06, 2.31976537179e-06, 1.50160030898e-06, 1.68269934875e-06, 1.78229765879e-06, 1.04870014184e-06, 7.20991806702e-07],
        "dvar": [8.70043370682e-10, 9.48052516492e-08, 1.51795177317e-07, 4.85501288949e-07, 2.30969106951e-07, 6.14788461917e-07, 1.92782508179e-07, 7.498685477e-07, 1.53832559135e-07, 8.26530452969e-08, 2.08888923936e-08, 1.0181338439e-08, 9.45931954988e-09, 1.10612985438e-08, 2.31279777552e-08, 3.56804008561e-08, 2.54368881514e-08, 7.27251459054e-09, 4.86221907181e-09, 2.97630697865e-09, 1.86612991726e-09, 2.14701686985e-10, 6.1343075064e-10, 5.49026324403e-10, 9.21550336042e-11, 6.83748502261e-10, 1.81208248407e-09, 2.36046321378e-10, 9.10129610565e-11, 7.42409606014e-11, 1.17478776707e-10, 1.52507673157e-10, 2.54128190713e-10, 1.23645690908e-10, 4.54079412959e-11, 1.19319432806e-11, 1.87513615746e-11, 3.14268853996e-11, 7.71203066685e-12, 2.00617322234e-12],
        "dvar2": [3.07420444656e-09, 2.95893983093e-07, 4.03078615818e-07, 1.18209925404e-06, 5.06032790781e-07, 1.58757563895e-06, 4.74880863521e-07, 1.79485152785e-06, 3.31333183112e-07, 1.58217332569e-07, 3.16484332075e-08, 1.44915359712e-08, 1.72419998279e-08, 2.73526943317e-08, 4.91972258487e-08, 6.66862192134e-08, 6.37769375089e-08, 1.70939618016e-08, 8.44439096426e-09, 6.10393113831e-09, 4.24086765705e-09, 5.1118154154e-10, 8.95329532735e-10, 1.09444175944e-09, 2.064367427e-10, 1.69556357843e-09, 4.68112348884e-09, 5.24215337805e-10, 2.19842408167e-10, 1.48826631574e-10, 2.35591213205e-10, 2.65398564236e-10, 6.04059358089e-10, 2.02068806132e-10, 5.78688832964e-11, 1.91655701726e-11, 4.73198563666e-11, 8.14896206069e-11, 1.91499958252e-11, 5.17674748554e-12],
        "max": [0.000554882339202, 0.00534753315151, 0.0051093888469, 0.0125138955191, 0.00951416324824, 0.0139155630022, 0.00934898201376, 0.0114672658965, 0.00783306825906, 0.00628750072792, 0.00356471445411, 0.002849413082, 0.0033016288653, 0.0021881160792, 0.00260535278358, 0.00410631624982, 0.00458708265796, 0.00203364389017, 0.00264521804638, 0.00128808722366, 0.0011078575626, 0.000295851496048, 0.000706967082806, 0.000630047055893, 0.000125198799651, 0.000443163444288, 0.00101061782334, 0.000236173684243, 0.000141355398227, 0.000144480742165, 0.000235345607507, 0.00026088670711, 0.000427141872933, 0.000314258068101, 0.000203439689358, 8.34151505842e-05, 9.53418784775e-05, 0.000135516704177, 6.11094728811e-05, 2.45272531174e-05],
        "mean": [1.61200314324e-05, 0.000204858210054, 0.000348741887137, 0.000617347308435, 0.000628129346296, 0.000446453719633, 0.000235404091654, 0.000449234852567, 0.00033715571044, 0.000128470855998, 7.05122802174e-05, 6.46476255497e-05, 7.26407015463e-05, 4.69071092084e-05, 7.14131747372e-05, 6.33262898191e-05, 4.12182562286e-05, 2.0743938876e-05, 1.89462989511e-05, 1.81784871529e-05, 1.48393701238e-05, 6.15505405221e-06, 8.73955468705e-06, 1.00545148598e-05, 6.27342569715e-06, 8.79202889337e-06, 1.51526619447e-05, 1.09927532321e-05, 4.58492240796e-06, 4.85139253215e-06, 6.66289133733e-06, 6.50761330689e-06, 5.55606811758e-06, 4.60709270556e-06, 3.26854569721e-06, 1.61019249845e-06, 1.42684916682e-06, 1.45300600707e-06, 8.68554820954e-07, 5.04829415604e-07],
        "median": [6.98416261002e-06, 4.98022563988e-05, 0.000224785821047, 0.000338924699463, 0.000266822840786, 0.00012407565373, 5.92733922531e-05, 6.20960927336e-05, 2.66690549324e-05, 2.14538413275e-05, 1.62106862263e-05, 1.19018613987e-05, 1.97710687644e-05, 6.91460354574e-06, 1.24089383462e-05, 7.02103397998e-06, 4.47729962616e-06, 3.91064122596e-06, 4.59600323666e-06, 4.03818376071e-06, 1.88782678379e-06, 1.08814390387e-06, 9.66379275269e-07, 1.17914294151e-06, 1.42274336667e-06, 1.2129858078e-06, 1.20145739402e-06, 1.3797249494e-06, 8.87412284101e-07, 6.72651651712e-07, 9.38491893976e-07, 9.38514517657e-07, 6.68930908887e-07, 4.1325068878e-07, 2.17503298927e-07, 1.33699103344e-07, 1.75528839463e-07, 1.23952389686e-07, 7.06172826881e-08, 3.91766334928e-08],
