{
"highlevel": {
    "danceability": {
        "all": {
            "danceable": 0.123426251113,
            "not_danceable": 0.876573741436
        },
        "probability": 0.876573741436,
        "value": "not_danceable"
    },
    "gender": {
        "all": {
            "female": 0.0471645481884,
            "male": 0.952835440636
        },
        "probability": 0.952835440636,
        "value": "male"
    },
    "genre_dortmund": {
        "all": {
            "alternative": 0.280971765518,
            "blues": 0.0462646968663,
            "electronic": 0.0228618271649,
            "folkcountry": 0.264098495245,
            "funksoulrnb": 0.0118376472965,
            "jazz": 0.0325318388641,
            "pop": 0.0665001571178,
            "raphiphop": 0.0269095040858,
            "rock": 0.248024091125
        },
        "probability": 0.280971765518,
        "value": "alternative"
    },
    "genre_electronic": {
        "all": {
            "ambient": 0.706815958023,
            "dnb": 0.115040101111,
            "house": 0.110107958317,
            "techno": 0.0132077652961,
            "trance": 0.0548282377422
        },
        "probability": 0.706815958023,
        "value": "ambient"
    },
    "genre_rosamerica": {
        "all": {
            "cla": 0.0290592350066,
            "dan": 0.0178745649755,
            "hip": 0.0966999083757,
            "jaz": 0.0391306914389,
            "pop": 0.0844608843327,
            "rhy": 0.456971526146,
            "roc": 0.0472244098783,
            "spe": 0.228578791022
        },
        "probability": 0.456971526146,
        "value": "rhy"
    },
    "genre_tzanetakis": {
        "all": {
            "blu": 0.0514711923897,
            "cla": 0.0343172624707,
            "cou": 0.102957598865,
            "dis": 0.102972343564,
            "hip": 0.154464527965,
            "jaz": 0.308918893337,
            "met": 0.0441242903471,
            "pop": 0.0617748275399,
            "reg": 0.0617764480412,
            "roc": 0.0772226303816
        },
        "probability": 0.308918893337,
        "value": "jaz"
    },
    "ismir04_rhythm": {
        "all": {
            "ChaChaCha": 0.00636442285031,
            "Jive": 0.0762062817812,
            "Quickstep": 0.00963200535625,
            "Rumba-American": 0.00809077732265,
            "Rumba-International": 0.164432898164,
            "Rumba-Misc": 0.0120546901599,
            "Samba": 0.014375705272,
            "Tango": 0.0151241747662,
            "VienneseWaltz": 0.682678341866,
            "Waltz": 0.0110407080501
        },
        "probability": 0.682678341866,
        "value": "VienneseWaltz"
    },
    "mood_acoustic": {
        "all": {
            "acoustic": 0.978165328503,
            "not_acoustic": 0.0218346901238
        },
        "probability": 0.978165328503,
        "value": "acoustic"
    },
    "mood_aggressive": {
        "all": {
            "aggressive": 0.0120547879487,
            "not_aggressive": 0.987945199013
        },
        "probability": 0.987945199013,
        "value": "not_aggressive"
    },
    "mood_electronic": {
        "all": {
            "electronic": 0.284066617489,
            "not_electronic": 0.715933382511
        },
        "probability": 0.715933382511,
        "value": "not_electronic"
    },
    "mood_happy": {
        "all": {
            "happy": 0.296363264322,
            "not_happy": 0.703636705875
        },
        "probability": 0.703636705875,
        "value": "not_happy"
    },
    "mood_party": {
        "all": {
            "not_party": 0.972855567932,
            "party": 0.0271444600075
        },
        "probability": 0.972855567932,
        "value": "not_party"
    },
    "mood_relaxed": {
        "all": {
            "not_relaxed": 0.815903961658,
            "relaxed": 0.184096038342
        },
        "probability": 0.815903961658,
        "value": "not_relaxed"
    },
    "mood_sad": {
        "all": {
            "not_sad": 0.175646081567,
            "sad": 0.824353933334
        },
        "probability": 0.824353933334,
        "value": "sad"
    },
    "moods_mirex": {
        "all": {
            "Cluster1": 0.132350847125,
            "Cluster2": 0.346238404512,
            "Cluster3": 0.341791957617,
            "Cluster4": 0.137877032161,
            "Cluster5": 0.0417417623103
        },
        "probability": 0.346238404512,
        "value": "Cluster2"
    },
    "timbre": {
        "all": {
            "bright": 0.0998627692461,
            "dark": 0.900137245655
        },
        "probability": 0.900137245655,
        "value": "dark"
    },
    "tonal_atonal": {
        "all": {
            "atonal": 0.00177947664633,
            "tonal": 0.99822050333
        },
        "probability": 0.99822050333,
        "value": "tonal"
    },
    "voice_instrumental": {
        "all": {
            "instrumental": 2.70543805527e-05,
            "voice": 0.999972939491
        },
        "probability": 0.999972939491,
        "value": "voice"
    }
},
"lowlevel": {
    "average_loudness": 0.981017649174,
    "barkbands_crest": {
        "dmean": 2.60190844536,
        "dmean2": 4.2234044075,
        "dvar": 5.3709025383,
        "dvar2": 13.6702051163,
        "max": 25.0134658813,
        "mean": 10.4165649414,
        "median": 9.87363243103,
        "min": 3.5456571579,
        "var": 13.5002813339
    },
    "barkbands_flatness_db": {
        "dmean": 0.0223149452358,
        "dmean2": 0.0343148969114,
        "dvar": 0.000481171911815,
        "dvar2": 0.0010581354145,
        "max": 0.328251838684,
        "mean": 0.191430613399,
        "median": 0.190759077668,
        "min": 0.0751143842936,
        "var": 0.0017292884877
    },
    "barkbands_kurtosis": {
        "dmean": 4.20544147491,
        "dmean2": 6.68504142761,
        "dvar": 31.7300243378,
        "dvar2": 70.5695419312,
        "max": 74.8925933838,
        "mean": 8.77805233002,
        "median": 6.85317230225,
        "min": -1.8904389143,
        "var": 74.5019378662
    },
    "barkbands_skewness": {
        "dmean": 0.58960711956,
        "dmean2": 0.894107997417,
        "dvar": 0.413589298725,
        "dvar2": 0.868017137051,
        "max": 7.62069654465,
        "mean": 2.05164933205,
        "median": 2.04229950905,
        "min": -2.45195388794,
        "var": 1.34040987492
    },
    "barkbands_spread": {
        "dmean": 4.69822883606,
        "dmean2": 6.95981264114,
        "dvar": 79.0349884033,
        "dvar2": 136.916290283,
        "max": 90.4444732666,
        "mean": 13.4133300781,
        "median": 9.00298404694,
        "min": 1.61164057255,
        "var": 223.417312622
    },
    "dissonance": {
        "dmean": 0.026887645945,
        "dmean2": 0.0441390909255,
        "dvar": 0.000610646384303,
        "dvar2": 0.00155915145297,
        "max": 0.499999970198,
        "mean": 0.438463926315,
        "median": 0.445694237947,
        "min": 0.255917817354,
        "var": 0.00171315774787
    },
    "dynamic_complexity": 1.5997428894,
    "erbbands_crest": {
        "dmean": 2.67978692055,
        "dmean2": 4.26823949814,
        "dvar": 6.23773908615,
        "dvar2": 15.0411891937,
        "max": 27.5597858429,
        "mean": 10.6138048172,
        "median": 9.39068698883,
        "min": 2.73846840858,
        "var": 22.0498332977
    },
    "erbbands_flatness_db": {
        "dmean": 0.0200240332633,
        "dmean2": 0.0292135756463,
        "dvar": 0.000397339841584,
        "dvar2": 0.000757396803237,
        "max": 0.323955208063,
        "mean": 0.181363031268,
        "median": 0.182153999805,
        "min": 0.0757958814502,
        "var": 0.00191260338761
    },
    "erbbands_kurtosis": {
        "dmean": 1.60008275509,
        "dmean2": 2.49833989143,
        "dvar": 3.73451304436,
        "dvar2": 8.31412601471,
        "max": 23.4208202362,
        "mean": 2.14233422279,
        "median": 1.44499921799,
        "min": -1.7946754694,
        "var": 9.43987941742
    },
    "erbbands_skewness": {
        "dmean": 0.457803249359,
        "dmean2": 0.669901311398,
        "dvar": 0.20137283206,
        "dvar2": 0.406290888786,
        "max": 3.90576124191,
        "mean": 1.09719836712,
        "median": 1.13240027428,
        "min": -3.45194792747,
        "var": 0.810940563679
    },
    "erbbands_spread": {
        "dmean": 9.75622844696,
        "dmean2": 14.5380306244,
        "dvar": 177.714523315,
        "dvar2": 375.889648438,
        "max": 125.998634338,
        "mean": 33.9136810303,
        "median": 27.5611476898,
        "min": 4.89006662369,
        "var": 478.979705811
    },
    "hfc": {
        "dmean": 7.23041677475,
        "dmean2": 9.98058223724,
        "dvar": 168.302001953,
        "dvar2": 309.58380127,
        "max": 248.697525024,
        "mean": 20.0851726532,
        "median": 14.9194993973,
        "min": 0.977733433247,
        "var": 432.625671387
    },
    "melbands_crest": {
        "dmean": 2.8758430481,
        "dmean2": 4.71490001678,
        "dvar": 6.65669298172,
        "dvar2": 17.8118782043,
        "max": 29.7997455597,
        "mean": 12.6408815384,
        "median": 11.9817829132,
        "min": 4.47963380814,
        "var": 16.4264755249
    },
    "melbands_flatness_db": {
        "dmean": 0.0266691651195,
        "dmean2": 0.0386617295444,
        "dvar": 0.000744067365304,
        "dvar2": 0.00151268695481,
        "max": 0.424824804068,
        "mean": 0.250985980034,
        "median": 0.255380362272,
        "min": 0.0817961841822,
        "var": 0.00307773170061
    },
    "melbands_kurtosis": {
        "dmean": 8.13796138763,
        "dmean2": 12.7444095612,
        "dvar": 157.882019043,
        "dvar2": 394.249359131,
        "max": 126.433151245,
        "mean": 16.5292549133,
        "median": 12.6565952301,
        "min": -1.81838572025,
        "var": 260.716369629
    },
    "melbands_skewness": {
        "dmean": 0.739680409431,
        "dmean2": 1.12425208092,
        "dvar": 0.729706048965,
        "dvar2": 1.70830881596,
        "max": 8.86781597137,
        "mean": 2.62219691277,
        "median": 2.44877958298,
        "min": -0.140298679471,
        "var": 2.11462497711
    },
    "melbands_spread": {
        "dmean": 5.04616451263,
        "dmean2": 7.11860752106,
        "dvar": 143.61517334,
        "dvar2": 236.316513062,
        "max": 218.849563599,
        "mean": 13.9015398026,
        "median": 9.55808162689,
        "min": 1.73200619221,
        "var": 337.149200439
    },
    "pitch_salience": {
        "dmean": 0.0656512603164,
        "dmean2": 0.108175806701,
        "dvar": 0.00375806586817,
        "dvar2": 0.00939645525068,
        "max": 0.853612840176,
        "mean": 0.589918792248,
        "median": 0.597071826458,
        "min": 0.178395688534,
        "var": 0.0107825929299
    },
    "silence_rate_20dB": {
        "dmean": 0,
        "dmean2": 0,
        "dvar": 0,
        "dvar2": 0,
        "max": 1,
        "mean": 1,
        "median": 1,
        "min": 1,
        "var": 0
    },
    "silence_rate_30dB": {
        "dmean": 0.00154798757285,
        "dmean2": 0.00309837330133,
        "dvar": 0.00154558627401,
        "dvar2": 0.00463793380186,
        "max": 1,
        "mean": 0.999226629734,
        "median": 1,
        "min": 0,
        "var": 0.000772796222009
    },
    "silence_rate_60dB": {
        "dmean": 0.0061919502914,
        "dmean2": 0.0123934932053,
        "dvar": 0.0061535811983,
        "dvar2": 0.0184368379414,
        "max": 1,
        "mean": 0.00309358071536,
        "median": 0,
        "min": 0,
        "var": 0.00308399880305
    },
    "spectral_centroid": {
        "dmean": 187.960906982,
        "dmean2": 271.529541016,
        "dvar": 98438.609375,
        "dvar2": 172463.203125,
        "max": 4651.34326172,
        "mean": 760.207702637,
        "median": 629.289245605,
        "min": 230.637664795,
        "var": 287477.4375
    },
    "spectral_complexity": {
        "dmean": 2.73374605179,
        "dmean2": 4.2099146843,
        "dvar": 9.24024581909,
        "dvar2": 19.3804206848,
        "max": 42,
        "mean": 14.6187162399,
        "median": 14,
        "min": 3,
        "var": 28.3859424591
    },
    "spectral_decrease": {
        "dmean": 2.98543878507e-09,
        "dmean2": 4.56710447239e-09,
        "dvar": 1.27771354945e-17,
        "dvar2": 3.0143205984e-17,
        "max": -2.08850381433e-10,
        "mean": -9.3303205162e-09,
        "median": -8.65620819468e-09,
        "min": -3.96699313399e-08,
        "var": 2.35366517435e-17
    },
    "spectral_energy": {
        "dmean": 0.0116638550535,
        "dmean2": 0.0177868995816,
        "dvar": 0.000190748425666,
        "dvar2": 0.000450086168712,
        "max": 0.154228657484,
        "mean": 0.0370365604758,
        "median": 0.0343338660896,
        "min": 0.000888356531505,
        "var": 0.000358674966265
    },
    "spectral_energyband_high": {
        "dmean": 0.000524258473888,
        "dmean2": 0.000704711710569,
        "dvar": 3.07167306346e-06,
        "dvar2": 5.38115409654e-06,
        "max": 0.0359143987298,
        "mean": 0.000780375616159,
        "median": 0.00014025947894,
        "min": 2.83480812868e-06,
        "var": 6.90120168656e-06
    },
    "spectral_energyband_low": {
        "dmean": 0.00478318147361,
        "dmean2": 0.00780504802242,
        "dvar": 6.77316565998e-05,
        "dvar2": 0.000166446334333,
        "max": 0.0922309085727,
        "mean": 0.00988609250635,
        "median": 0.00725036719814,
        "min": 1.06907955342e-05,
        "var": 0.000105350198282
    },
    "spectral_energyband_middle_high": {
        "dmean": 0.00134015001822,
        "dmean2": 0.00185245508328,
        "dvar": 6.12093026575e-06,
        "dvar2": 1.00857650978e-05,
        "max": 0.0425666384399,
        "mean": 0.0035393841099,
        "median": 0.00177131197415,
        "min": 4.68288453703e-05,
        "var": 2.6050634915e-05
    },
    "spectral_energyband_middle_low": {
        "dmean": 0.00864207837731,
        "dmean2": 0.0133808236569,
        "dvar": 0.000104653459857,
        "dvar2": 0.000252440600889,
        "max": 0.112197443843,
        "mean": 0.0242014359683,
        "median": 0.0222629494965,
        "min": 0.000496784690768,
        "var": 0.000200579306693
    },
    "spectral_entropy": {
        "dmean": 0.234405398369,
        "dmean2": 0.334760069847,
        "dvar": 0.0617410354316,
        "dvar2": 0.113547846675,
        "max": 8.6999578476,
        "mean": 7.08135461807,
        "median": 7.02306461334,
        "min": 5.87034654617,
        "var": 0.25972995162
    },
    "spectral_flux": {
        "dmean": 0.0300414990634,
        "dmean2": 0.0465247295797,
        "dvar": 0.000970660999883,
        "dvar2": 0.00228023226373,
        "max": 0.302984982729,
        "mean": 0.0904996022582,
        "median": 0.0826015472412,
        "min": 0.0194474142045,
        "var": 0.0017793783918
    },
    "spectral_kurtosis": {
        "dmean": 2.63592386246,
        "dmean2": 4.23487520218,
        "dvar": 8.60559940338,
        "dvar2": 20.8480548859,
        "max": 35.1224365234,
        "mean": 6.35675477982,
        "median": 5.44565296173,
        "min": -0.946180582047,
        "var": 22.6758365631
    },
    "spectral_rms": {
        "dmean": 0.00092720403336,
        "dmean2": 0.0013891038252,
        "dvar": 9.37910499488e-07,
        "dvar2": 2.04928983294e-06,
        "max": 0.012266498059,
        "mean": 0.00581525964662,
        "median": 0.00578761193901,
        "min": 0.000930961454287,
        "var": 2.31593571698e-06
    },
    "spectral_rolloff": {
        "dmean": 328.330413818,
        "dmean2": 516.930847168,
        "dvar": 984170.3125,
        "dvar2": 1734735.875,
        "max": 9668.40820312,
        "mean": 922.73046875,
        "median": 516.796875,
        "min": 86.1328125,
        "var": 2215697
    },
    "spectral_skewness": {
        "dmean": 0.33938357234,
        "dmean2": 0.510410308838,
        "dvar": 0.112521201372,
        "dvar2": 0.228408619761,
        "max": 4.68953132629,
        "mean": 1.93398308754,
        "median": 1.95434343815,
        "min": 0.0279805622995,
        "var": 0.467708677053
    },
    "spectral_spread": {
        "dmean": 672242.0625,
        "dmean2": 980279.75,
        "dvar": 728011833344,
        "dvar2": 1.39627829658e+12,
        "max": 11836192,
        "mean": 4260129.5,
        "median": 3793303.75,
        "min": 1369254.625,
        "var": 2.65459571098e+12
    },
    "spectral_strongpeak": {
        "dmean": 0.562645435333,
        "dmean2": 0.934906363487,
        "dvar": 0.584615111351,
        "dvar2": 1.359623909,
        "max": 8.00169372559,
        "mean": 1.18416440487,
        "median": 0.735947132111,
        "min": 0.0321730934083,
        "var": 1.43472099304
    },
    "zerocrossingrate": {
        "dmean": 0.01025050506,
        "dmean2": 0.0112486230209,
        "dvar": 0.000305052526528,
        "dvar2": 0.000264804781182,
        "max": 0.33935546875,
        "mean": 0.0413022488356,
        "median": 0.03076171875,
        "min": 0.00732421875,
        "var": 0.00150565023068
    },
    "barkbands": {
        "dmean": [9.39508827287e-05, 0.00346947461367, 0.00152799871285, 0.00198825472035, 0.00432221638039, 0.00174404960126, 0.0026002782397, 0.00169887940865, 0.000813784892671, 0.000352302187821, 0.000252892787103, 0.000378448923584, 0.000340439699357, 0.000250719225733, 0.000153851229697, 6.97653231327e-05, 7.27114020265e-05, 7.90025660535e-05, 6.27365734545e-05, 8.01069691079e-05, 7.70373735577e-05, 9.83602949418e-05, 0.000149346989929, 0.00013284914894, 5.80480518693e-05, 1.25896967802e-05, 2.0224506514e-09],
        "dmean2": [0.000160666866577, 0.00577489845455, 0.00250627985224, 0.00343500589952, 0.00697446195409, 0.00279839942232, 0.00416406616569, 0.00263023725711, 0.00116198090836, 0.000492594321258, 0.00035889953142, 0.000534672755748, 0.000528406002559, 0.000381996418582, 0.000219068082515, 0.000107932515675, 0.000111085893877, 0.000126334911329, 9.82525089057e-05, 0.00012333515042, 0.000109950058686, 0.000139068317367, 0.000209116318729, 0.000181528943358, 7.71465201979e-05, 1.82272760867e-05, 3.46841999566e-09],
        "dvar": [3.40098367246e-08, 4.84922311443e-05, 5.99592340222e-06, 8.52702760312e-06, 3.41123813996e-05, 6.9317757152e-06, 2.50463835982e-05, 1.68903643498e-05, 4.78982019558e-06, 1.14022077469e-06, 5.51953917238e-07, 9.50284061219e-07, 1.37946938139e-06, 4.37078313098e-07, 2.48357508781e-07, 3.00580538237e-08, 1.58446979981e-08, 2.13875477328e-08, 1.25427117581e-08, 3.65333541197e-08, 7.30581177777e-08, 1.065055244e-07, 3.53552621846e-07, 2.0133565215e-07, 4.48493544525e-08, 1.98847738275e-09, 1.57674839024e-16],
        "dvar2": [8.88091946649e-08, 0.000121562763525, 1.64193916135e-05, 2.28915869229e-05, 8.78524078871e-05, 1.72114578163e-05, 6.08900700172e-05, 3.86097126466e-05, 9.53869948717e-06, 1.98788757189e-06, 9.65111098594e-07, 1.6993758436e-06, 2.81864276985e-06, 9.98239784167e-07, 4.76832070717e-07, 7.4352207946e-08, 3.32216707477e-08, 4.97045071768e-08, 2.71461662038e-08, 8.258260209e-08, 1.43347449466e-07, 2.02501070135e-07, 7.28764405267e-07, 3.75204137981e-07, 7.67830456994e-08, 3.7134910702e-09, 1.68839262665e-16],
        "max": [0.00224985461682, 0.0770207345486, 0.0291999913752, 0.0304365903139, 0.0542274452746, 0.0287050418556, 0.0725954324007, 0.0615066103637, 0.0463358461857, 0.0255003646016, 0.0176064539701, 0.0234148465097, 0.022208398208, 0.00984013080597, 0.0158905126154, 0.00363147398457, 0.00194981903769, 0.00189593352843, 0.00129729812033, 0.00430601695552, 0.00612236047164, 0.00674615381286, 0.0117199812084, 0.00796158611774, 0.00487667089328, 0.000857334118336, 4.4562250423e-07],
        "mean": [0.000138902352774, 0.00554027920589, 0.00290081533603, 0.002996039344, 0.00819757673889, 0.00325191835873, 0.00437111221254, 0.00371522526257, 0.00154662586283, 0.000672923808452, 0.000469662831165, 0.000729219929781, 0.000496328284498, 0.000380001583835, 0.000307633366901, 0.000119519449072, 0.000129284264403, 0.00012882471492, 0.000103095648228, 0.000119874850498, 0.000106761370262, 0.000143780634971, 0.00020463707915, 0.000174400673131, 7.67644014559e-05, 1.53843757289e-05, 1.6864690755e-09],
        "median": [3.89936976717e-05, 0.00329542625695, 0.00185230001807, 0.00183256925084, 0.00593261886388, 0.00211327336729, 0.00184347177856, 0.000779009656981, 0.000537795131095, 0.000185550787137, 9.38555385801e-05, 0.000161143179866, 9.94672154775e-05, 9.89325635601e-05, 7.58163951105e-05, 5.2122901252e-05, 5.30022189196e-05, 6.01339197601e-05, 5.7269277022e-05, 4.25104626629e-05, 1.84562541108e-05, 3.07718801196e-05, 3.03950819216e-05, 1.63366967172e-05, 5.66877452002e-06, 8.89455691322e-07, 6.29019836218e-10],
        "min": [5.14698186294e-08, 6.41758697384e-06, 8.25394295134e-07, 2.92898732823e-07, 0.000130008818815, 2.2497948521e-05, 1.94398871827e-05, 6.43058001515e-06, 3.13753412229e-06, 3.73452803615e-06, 1.39023256907e-06, 1.51158269546e-06, 1.83074007509e-06, 1.4111415112e-06, 1.03134254914e-06, 1.42709347983e-06, 1.1997991578e-06, 1.80062306754e-06, 1.35650770972e-06, 7.37563311759e-07, 3.72541165916e-07, 4.29856868323e-07, 3.24413036878e-07, 3.03928516132e-07, 9.49137444195e-08, 3.19348408828e-10, 5.3807971967e-11],
        "var": [4.17588346124e-08, 6.06513749517e-05, 1.04224582174e-05, 1.24516745927e-05, 5.53294994461e-05, 1.34755709951e-05, 4.25701036875e-05, 5.93526165176e-05, 1.0514353562e-05, 3.57867929779e-06, 1.89494846836e-06, 5.01676549902e-06, 2.40646090788e-06, 7.14091243026e-07, 1.10678001874e-06, 5.38316200505e-08, 4.30935500617e-08, 3.65955798998e-08, 2.03321643966e-08, 5.15675182555e-08, 1.39860816262e-07, 2.22171792075e-07, 6.15610247223e-07, 4.29215731401e-07, 9.96602693704e-08, 4.01809341355e-09, 1.5699857586e-16]
    },
    "erbbands": {
        "dmean": [0.101667754352, 0.791477560997, 1.51482200623, 4.15698719025, 11.5847387314, 15.5136404037, 13.4764232635, 15.6537389755, 30.3781414032, 42.850315094, 30.7920589447, 15.2463111877, 16.4285621643, 8.54215908051, 11.842423439, 12.2816162109, 13.9191207886, 12.436299324, 10.4272184372, 5.26612281799, 3.51875734329, 4.144926548, 4.33858108521, 2.68884539604, 3.78309774399, 3.54565429688, 3.41158938408, 3.11259102821, 3.35970687866, 4.40146160126, 4.1627497673, 2.96148777008, 2.03993558884, 0.910142481327, 0.293186694384, 0.0786772146821, 0.019534541294, 0.00171253574081, 3.90271452488e-05, 1.49568850247e-05],
        "dmean2": [0.170253679156, 1.31449651718, 2.53423500061, 7.06164216995, 18.8828163147, 25.3975543976, 21.8234519958, 24.5704345703, 48.6874923706, 68.6851577759, 46.5915908813, 22.0642910004, 23.1772422791, 11.7418346405, 16.9634494781, 17.6669120789, 21.9744911194, 18.2453746796, 15.0295038223, 7.24989795685, 5.41814947128, 6.30048465729, 6.8771739006, 4.1634516716, 5.82098817825, 5.51309776306, 5.15682649612, 4.40980958939, 4.74085903168, 6.16856622696, 5.8773226738, 4.15016937256, 2.84965538979, 1.21252608299, 0.395255595446, 0.112198159099, 0.0297480374575, 0.00264428835362, 5.73272373003e-05, 2.21192203753e-05],
        "dvar": [0.0443501845002, 2.47454762459, 6.27155256271, 38.3087348938, 253.048599243, 606.923339844, 443.473876953, 560.37322998, 3163.63012695, 10994.0683594, 4837.80224609, 1357.73046875, 2384.28710938, 357.413024902, 694.747314453, 987.276123047, 3044.66479492, 1323.70141602, 1168.66784668, 129.692169189, 51.7353439331, 57.3253555298, 65.727355957, 22.4270324707, 43.3209037781, 68.8461380005, 127.682929993, 129.645202637, 121.38092804, 313.603271484, 275.723144531, 106.476951599, 49.8534202576, 11.129699707, 1.12153637409, 0.0708845183253, 0.00590039975941, 7.72576968302e-05, 2.29853043265e-08, 3.35635297333e-10],
        "dvar2": [0.119889654219, 6.09539842606, 17.0594902039, 103.433517456, 665.880981445, 1625.79882812, 1133.55786133, 1298.6739502, 7509.33544922, 26981.1425781, 10386.5478516, 2858.62915039, 4675.05224609, 609.22442627, 1351.67443848, 2008.17077637, 6399.40185547, 2747.23461914, 2242.16186523, 222.909835815, 123.482521057, 121.591194153, 150.645019531, 49.7182312012, 95.2261581421, 153.70526123, 273.054656982, 273.408325195, 226.053405762, 663.864929199, 558.375183105, 209.103240967, 88.5615768433, 20.2939739227, 1.9307101965, 0.118277847767, 0.0121825868264, 0.000158299604664, 4.63305518394e-08, 7.5046996395e-10],
        "max": [2.73765420914, 15.5146198273, 30.5654315948, 76.9363937378, 169.984329224, 286.544555664, 245.267349243, 293.519012451, 545.921508789, 1567.79296875, 1182.38684082, 613.965148926, 887.636657715, 415.999725342, 549.86114502, 599.713195801, 1139.95031738, 748.910461426, 1083.6829834, 306.305725098, 134.807250977, 146.823654175, 113.970123291, 75.4043273926, 87.4049301147, 180.40914917, 246.317993164, 240.738723755, 237.027114868, 410.982177734, 328.675384521, 184.95085144, 112.302619934, 69.588760376, 25.624168396, 5.55003118515, 1.6155885458, 0.243287205696, 0.0038925439585, 0.000254030368524],
        "mean": [0.170778587461, 1.21870398521, 2.99176669121, 7.27636957169, 20.3333377838, 26.9384975433, 23.6960296631, 31.0295066833, 55.3830070496, 74.7853317261, 71.5682525635, 30.5283470154, 32.1960906982, 18.0830574036, 25.373008728, 22.5545215607, 21.2712631226, 21.5159187317, 21.5571327209, 10.6479263306, 6.52302074432, 7.7101187706, 7.52703714371, 4.74711561203, 6.31360530853, 5.39609670639, 4.62322235107, 4.25718450546, 4.88683748245, 6.14874219894, 5.65750932693, 3.87075281143, 2.73664784431, 1.1637609005, 0.399243503809, 0.101698093116, 0.022826878354, 0.00199471437372, 6.25922475592e-05, 4.62824282295e-05],
        "median": [0.0873154252768, 0.724528491497, 1.99667322636, 4.98622083664, 12.3450756073, 17.4281997681, 15.8116979599, 19.6197109222, 22.8272037506, 32.4014320374, 18.1423110962, 13.9272584915, 10.8766403198, 6.19252920151, 5.95552921295, 6.32083034515, 5.44151687622, 5.29809474945, 5.25963258743, 3.56057310104, 3.11688041687, 3.20742678642, 3.49812531471, 2.56041359901, 3.25373911858, 2.026222229, 1.02239012718, 0.733244180679, 1.05044841766, 1.19425904751, 0.759081184864, 0.376792788506, 0.235776811838, 0.0852970257401, 0.0309797935188, 0.00641283253208, 0.00134526088368, 8.37892439449e-05, 2.17683609662e-05, 4.12678164139e-05],
        "min": [0.000112571906357, 0.001551588648, 0.00208156742156, 0.0163128506392, 0.164190903306, 0.49532854557, 0.261497348547, 0.237596258521, 0.402216851711, 0.184797033668, 0.318361312151, 0.103844277561, 0.155749991536, 0.0959203913808, 0.0568794608116, 0.0804830119014, 0.10533066839, 0.0887711122632, 0.0526473931968, 0.0713704004884, 0.0842738747597, 0.0779381468892, 0.111631527543, 0.100335992873, 0.0721356868744, 0.0369759164751, 0.0231179818511, 0.0145985810086, 0.0144718065858, 0.0140543580055, 0.0103940814734, 0.00641549332067, 0.00444331811741, 0.00173852941953, 0.000435761932749, 5.47799900232e-05, 1.1323572835e-05, 1.69607483258e-06, 1.73701164385e-06, 1.32253853735e-06],
        "var": [0.0540494471788, 3.1338531971, 10.1297922134, 56.3375320435, 461.631378174, 852.831481934, 693.151123047, 1297.54211426, 6775.12744141, 18181.2148438, 21304.5996094, 2789.39477539, 5256.44921875, 1391.234375, 3837.1640625, 3310.14257812, 4932.06884766, 2810.73632812, 5715.52148438, 451.018768311, 112.940185547, 152.985412598, 118.412994385, 38.4432640076, 76.9231567383, 100.347229004, 211.620437622, 234.843673706, 255.147521973, 509.654724121, 494.853393555, 206.503646851, 110.156211853, 23.3554649353, 2.65869951248, 0.169434860349, 0.00981896277517, 0.000136642513098, 4.18889420928e-08, 7.20784876229e-10]
    },
    "gfcc": {
        "mean": [-5.72995233536, 128.86265564, -103.612457275, 36.6362037659, -73.1424331665, 10.0176887512, -42.9267196655, 2.82962298393, -17.0607967377, -3.24263262749, -7.51521396637, -7.14543390274, -10.9065561295],
        "cov": [[1765.98913574, -739.797790527, -101.408889771, 24.6659641266, -166.910324097, 180.441558838, 29.5500259399, 143.374893188, -55.4428329468, 220.065719604, -73.4580383301, 74.1611328125, -64.3483734131], [-739.797790527, 1245.046875, -293.902252197, -229.775863647, 352.694396973, -205.048233032, 161.222167969, -67.8037490845, 164.115142822, -178.572143555, 153.087966919, -85.3702011108, 33.8248596191], [-101.408889771, -293.902252197, 587.753601074, 257.762573242, -52.3955307007, 84.983757019, -101.183540344, 29.6163253784, -54.0664901733, 52.5503692627, -32.93409729, 62.2415771484, 23.5981750488], [24.6659641266, -229.775863647, 257.762573242, 465.625823975, 5.52076864243, 36.8624000549, -59.6468467712, 11.2820606232, 32.2430267334, -4.15948629379, 14.8875217438, 11.8601074219, 68.6065444946], [-166.910324097, 352.694396973, -52.3955307007, 5.52076864243, 344.492004395, -24.5195884705, -6.29648780823, 17.2464103699, 110.028030396, 27.7625980377, -8.42901706696, -16.1929168701, 23.0647792816], [180.441558838, -205.048233032, 84.983757019, 36.8624000549, -24.5195884705, 207.898803711, 31.1959571838, 25.2308979034, -21.6958770752, 58.1824378967, -24.1414031982, 1.26503396034, 6.4578576088], [29.5500259399, 161.222167969, -101.183540344, -59.6468467712, -6.29648780823, 31.1959571838, 202.330307007, 23.1805706024, -14.462890625, -26.8123817444, 62.7447395325, -1.13331031799, -16.9512901306], [143.374893188, -67.8037490845, 29.6163253784, 11.2820606232, 17.2464103699, 25.2308979034, 23.1805706024, 99.5363998413, 21.7821865082, 43.4168510437, -6.94426870346, 18.2464771271, 4.14221715927], [-55.4428329468, 164.115142822, -54.0664901733, 32.2430267334, 110.028030396, -21.6958770752, -14.462890625, 21.7821865082, 140.647766113, 14.8184394836, -5.32556343079, -15.388502121, 21.3667888641], [220.065719604, -178.572143555, 52.5503692627, -4.15948629379, 27.7625980377, 58.1824378967, -26.8123817444, 43.4168510437, 14.8184394836, 154.106399536, -32.0288276672, 12.5289983749, -17.0139045715], [-73.4580383301, 153.087966919, -32.93409729, 14.8875217438, -8.42901706696, -24.1414031982, 62.7447395325, -6.94426870346, -5.32556343079, -32.0288276672, 115.788116455, 1.07009577751, 5.62190914154], [74.1611328125, -85.3702011108, 62.2415771484, 11.8601074219, -16.1929168701, 1.26503396034, -1.13331031799, 18.2464771271, -15.388502121, 12.5289983749, 1.07009577751, 87.9347381592, 3.16557788849], [-64.3483734131, 33.8248596191, 23.5981750488, 68.6065444946, 23.0647792816, 6.4578576088, -16.9512901306, 4.14221715927, 21.3667888641, -17.0139045715, 5.62190914154, 3.16557788849, 77.2457733154]],
        "icov": [[0.00109410774894, 0.00023193488596, 0.000867152761202, -0.000481050374219, 0.000345167791238, -0.000484303222038, 1.51851236296e-05, -0.00106075382791, 0.000358630000846, -0.00102590373717, 0.000256202678429, -0.000773498322815, 0.000657735799905], [0.00023193488596, 0.0065101981163, -0.00203067366965, 0.00443108286709, -0.00535738701001, 0.00338777550496, -0.0042658271268, 0.00344128394499, -0.00540912989527, 0.00472248950973, -0.00560511089861, 0.00371631071903, -0.0029848725535], [0.000867152761202, -0.00203067366965, 0.00455976184458, -0.00353646278381, 0.00206319335848, -0.00245374138467, 0.00286416639574, -0.0028969172854, 0.00370553415269, -0.00275228032842, 0.00223951181397, -0.00346154207364, 0.00208017067052], [-0.000481050374219, 0.00443108286709, -0.00353646278381, 0.00692088901997, -0.00375697622076, 0.00233520334587, -0.00260606361553, 0.00309924082831, -0.00532342493534, 0.00434145284817, -0.00510310987011, 0.00355141004547, -0.00456444034353], [0.000345167791238, -0.00535738701001, 0.00206319335848, -0.00375697622076, 0.00865964591503, -0.00261713983491, 0.00316133210436, -0.00313342711888, 0.00178033788688, -0.00528017152101, 0.00511248642579, -0.00319076399319, 0.00193807273172], [-0.000484303222038, 0.00338777550496, -0.00245374138467, 0.00233520334587, -0.00261713983491, 0.0089466907084, -0.00499980570748, 0.00260006519966, -0.00220661633648, 0.000271818455076, -0.00111920293421, 0.00363060645759, -0.0038115400821], [1.51851236296e-05, -0.0042658271268, 0.00286416639574, -0.00260606361553, 0.00316133210436, -0.00499980570748, 0.0112632773817, -0.00560506200418, 0.00456239329651, -0.00102027249523, -0.000703259021975, -0.00306864199229, 0.00425672857091], [-0.00106075382791, 0.00344128394499, -0.0028969172854, 0.00309924082831, -0.00313342711888, 0.00260006519966, -0.00560506200418, 0.0167491491884, -0.00599204748869, 9.79915785138e-05, -0.00215773005038, 0.000808730721474, -0.00386515888385], [0.000358630000846, -0.00540912989527, 0.00370553415269, -0.00532342493534, 0.00178033788688, -0.00220661633648, 0.00456239329651, -0.00599204748869, 0.0161789953709, -0.00533967837691, 0.00518053863198, -0.00231485720724, 0.00130525417626], [-0.00102590373717, 0.00472248950973, -0.00275228032842, 0.00434145284817, -0.00528017152101, 0.000271818455076, -0.00102027249523, 9.79915785138e-05, -0.00533967837691, 0.0145510006696, -0.00426419312134, 0.00283755594864, 0.000263124355115], [0.000256202678429, -0.00560511089861, 0.00223951181397, -0.00510310987011, 0.00511248642579, -0.00111920293421, -0.000703259021975, -0.00215773005038, 0.00518053863198, -0.00426419312134, 0.0169104542583, -0.00390767492354, 0.00160166085698], [-0.000773498322815, 0.00371631071903, -0.00346154207364, 0.00355141004547, -0.00319076399319, 0.00363060645759, -0.00306864199229, 0.000808730721474, -0.00231485720724, 0.00283755594864, -0.00390767492354, 0.0161221660674, -0.00354696949944], [0.000657735799905, -0.0029848725535, 0.00208017067052, -0.00456444034353, 0.00193807273172, -0.0038115400821, 0.00425672857091, -0.00386515888385, 0.00130525417626, 0.000263124355115, 0.00160166085698, -0.00354696949944, 0.0188261624426]]
    },
    "melbands": {
        "dmean": [0.000961421639659, 0.000825594353955, 0.000879955478013, 0.000988012878224, 0.000512993778102, 0.00035355813452, 0.000476295885164, 0.000460522656795, 0.00022085972887, 0.000100711542473, 8.56727419887e-05, 3.86941646866e-05, 3.94134185626e-05, 4.2924315494e-05, 2.73226542049e-05, 3.78439945052e-05, 2.17826218432e-05, 1.9834480554e-05, 9.43147097132e-06, 5.28662576471e-06, 4.38132974523e-06, 4.48517812401e-06, 4.49200069852e-06, 3.88838816434e-06, 2.13238672586e-06, 2.75490879176e-06, 2.82392966255e-06, 2.4758901418e-06, 2.30640193877e-06, 1.83288386779e-06, 1.90619743989e-06, 1.90013849988e-06, 2.04680236493e-06, 2.74741682915e-06, 2.62266439677e-06, 1.97459416995e-06, 1.83219549399e-06, 1.55851137151e-06, 1.14844124255e-06, 6.60351020088e-07],
        "dmean2": [0.00159980228636, 0.00137156748679, 0.00148424657527, 0.00160246377345, 0.000828733376693, 0.000554373022169, 0.000766938494053, 0.000731501262635, 0.000330239388859, 0.000144336154335, 0.000121306708024, 5.33291386091e-05, 5.61567103432e-05, 6.13387746853e-05, 4.29709798482e-05, 5.74137593503e-05, 3.19787213812e-05, 2.90681509796e-05, 1.33272087623e-05, 8.01110309112e-06, 6.9266434366e-06, 6.8897275014e-06, 6.93267065799e-06, 6.21150229563e-06, 3.3253111269e-06, 4.2870933612e-06, 4.39668792751e-06, 3.87467844121e-06, 3.54014946424e-06, 2.67586437985e-06, 2.72244437838e-06, 2.74015633295e-06, 2.89361469186e-06, 3.92959100282e-06, 3.77378501071e-06, 2.72437000604e-06, 2.62233015746e-06, 2.16534112951e-06, 1.64649782164e-06, 9.16343708468e-07],
        "dvar": [3.82134112442e-06, 2.05707488021e-06, 1.30737407744e-06, 2.01529132937e-06, 5.72028795887e-07, 2.6792912422e-07, 7.64932622133e-07, 1.19158823964e-06, 2.25791140451e-07, 7.73714603497e-08, 6.47184705826e-08, 8.222434289e-09, 1.03584651967e-08, 1.59181876569e-08, 5.09414466165e-09, 1.9359688963e-08, 4.0339491747e-09, 4.44672698663e-09, 4.93005636315e-10, 1.95370566947e-10, 7.66091981519e-11, 6.87110160436e-11, 6.1759805603e-11, 6.49962236809e-11, 1.35857878766e-11, 2.57583711305e-11, 2.65560802515e-11, 4.01248999304e-11, 5.12612695347e-11, 4.50846061872e-11, 4.7830194666e-11, 4.6157477146e-11, 4.96677282635e-11, 1.32322944268e-10, 1.18430848461e-10, 5.30584187697e-11, 4.16361146949e-11, 2.90946711168e-11, 1.77324196993e-11, 6.53173001797e-12],
        "dvar2": [9.82666006166e-06, 5.26756548425e-06, 3.44976820088e-06, 5.26459734829e-06, 1.44675050251e-06, 6.27679582976e-07, 1.83856730018e-06, 2.91207265946e-06, 4.74870347489e-07, 1.54097904215e-07, 1.25701376419e-07, 1.40364297962e-08, 1.9727863787e-08, 2.91097421723e-08, 1.1385991705e-08, 3.96464123753e-08, 8.58874571463e-09, 8.44296721425e-09, 8.82283412995e-10, 4.56544468896e-10, 1.78391010297e-10, 1.49925377668e-10, 1.32099400862e-10, 1.49699377894e-10, 3.10936935921e-11, 5.53795620473e-11, 6.00552038654e-11, 8.9704299544e-11, 1.10315916124e-10, 9.48238917942e-11, 1.04127775846e-10, 9.31456023423e-11, 9.984069127e-11, 2.95437035946e-10, 2.49730708335e-10, 1.03108632743e-10, 8.69578020701e-11, 5.13186229623e-11, 3.56788626421e-11, 1.25092341e-11],
        "max": [0.0236433446407, 0.0173051729798, 0.0118723660707, 0.0141585059464, 0.00999794155359, 0.00597787182778, 0.00822650641203, 0.0149807659909, 0.00772344600409, 0.0056756217964, 0.00456847064197, 0.00197460688651, 0.00210996251553, 0.00304636498913, 0.00104092271067, 0.00274904631078, 0.00124154158402, 0.00208615930751, 0.00043866148917, 0.000285218411591, 0.000194948370336, 0.000142727076309, 0.000107644453237, 0.000134170884849, 5.11838261446e-05, 6.96156348567e-05, 6.78986980347e-05, 0.000141754906508, 0.000146941049024, 0.000155603003805, 0.00014114890655, 0.000166956830071, 0.000171908395714, 0.000253687263466, 0.000196408902411, 0.000157019152539, 0.000111064742669, 9.30688765948e-05, 7.05413985997e-05, 5.6741067965e-05],
        "mean": [0.00155549019109, 0.00159669644199, 0.0016215457581, 0.00181194592733, 0.000922078790609, 0.000698086223565, 0.000843524176162, 0.000853561854456, 0.000502689450514, 0.000193750587641, 0.000165259712958, 7.67555175116e-05, 8.15483217593e-05, 8.37317711557e-05, 4.10656321037e-05, 5.5182059441e-05, 3.59126097464e-05, 3.81915197067e-05, 1.73384905793e-05, 9.65963317867e-06, 7.27200131223e-06, 7.72031762608e-06, 7.8240482253e-06, 6.01981491855e-06, 3.40464998771e-06, 4.44479610451e-06, 4.42111740995e-06, 3.42662610819e-06, 2.98972713608e-06, 2.48825608651e-06, 2.47620528171e-06, 2.72605257123e-06, 2.87871853288e-06, 3.65950495507e-06, 3.47406762558e-06, 2.59979265138e-06, 2.27466648539e-06, 2.07234120353e-06, 1.40328529596e-06, 8.41783730721e-07],
        "median": [0.000895516423043, 0.00108000007458, 0.00121518201195, 0.00125888455659, 0.000646213593427, 0.000434304907685, 0.000384195649531, 0.000306861242279, 0.000127201070427, 6.89807202434e-05, 5.30121396878e-05, 2.48065498454e-05, 1.74349952431e-05, 1.68958904396e-05, 1.21172806757e-05, 9.67651340034e-06, 9.28686404222e-06, 8.48011313792e-06, 4.8000733841e-06, 3.73630268768e-06, 3.4464771943e-06, 3.05832190861e-06, 3.47341756424e-06, 2.54468932326e-06, 1.80142353656e-06, 2.36234882323e-06, 1.96479822989e-06, 1.07714811293e-06, 6.92725905083e-07, 3.87430617366e-07, 4.07631489452e-07, 5.60584680898e-07, 5.86486009979e-07, 6.59117517898e-07, 4.53389105814e-07, 2.65427473778e-07, 2.02355110446e-07, 1.72397307097e-07, 1.01366524063e-07, 6.10437140836e-08],
        "min": [1.75430886884e-06, 1.38957318541e-06, 1.63812103438e-06, 1.97807221411e-05, 1.68915012182e-05, 2.6300394893e-06, 4.80723747387e-06, 2.22104381464e-06, 1.68661608768e-06, 4.78340496102e-07, 5.39554093848e-07, 3.79570934683e-07, 1.740641693e-07, 2.13814317362e-07, 1.62854334462e-07, 2.94819386681e-07, 1.14217762359e-07, 5.31853245889e-08, 7.72488064626e-08, 9.31576451535e-08, 3.58109133458e-08, 7.52167608198e-08, 6.59024053107e-08, 7.33030347533e-08, 6.18292332888e-08, 3.75892419413e-08, 3.08297671836e-08, 1.53734358577e-08, 1.28682930978e-08, 4.07359257437e-09, 5.22758902832e-09, 8.15145106969e-09, 6.6948997457e-09, 7.23518667201e-09, 6.46912301505e-09, 7.85216724974e-10, 8.76646089054e-10, 7.4538430983e-10, 2.20866963607e-10, 2.98589937497e-11],
