{
"highlevel": {
    "danceability": {
        "all": {
            "danceable": 0.396161258221,
            "not_danceable": 0.603838741779
        },
        "probability": 0.603838741779,
        "value": "not_danceable"
    },
    "gender": {
        "all": {
            "female": 0.199467271566,
            "male": 0.800532758236
        },
        "probability": 0.800532758236,
        "value": "male"
    },
    "genre_dortmund": {
        "all": {
            "alternative": 0.124805100262,
            "blues": 0.0438813008368,
            "electronic": 0.0495484136045,
            "folkcountry": 0.0216171629727,
            "funksoulrnb": 0.00822586007416,
            "jazz": 0.0286306329072,
            "pop": 0.0311680454761,
            "raphiphop": 0.0134875066578,
            "rock": 0.678635954857
        },
        "probability": 0.678635954857,
        "value": "rock"
    },
    "genre_electronic": {
        "all": {
            "ambient": 0.212029621005,
            "dnb": 0.391306757927,
            "house": 0.0514151155949,
            "techno": 0.00861128233373,
            "trance": 0.336637228727
        },
        "probability": 0.391306757927,
        "value": "dnb"
    },
    "genre_rosamerica": {
        "all": {
            "cla": 0.00185679621063,
            "dan": 0.0554445236921,
            "hip": 0.00856379698962,
            "jaz": 0.00849505048245,
            "pop": 0.0482076518238,
            "rhy": 0.0110942851752,
            "roc": 0.863941848278,
            "spe": 0.00239606108516
        },
        "probability": 0.863941848278,
        "value": "roc"
    },
    "genre_tzanetakis": {
        "all": {
            "blu": 0.0626541376114,
            "cla": 0.0348133966327,
            "cou": 0.0783501937985,
            "dis": 0.104547761381,
            "hip": 0.15693578124,
            "jaz": 0.313987255096,
            "met": 0.044816005975,
            "pop": 0.0627349764109,
            "reg": 0.0627352520823,
            "roc": 0.0784252434969
        },
        "probability": 0.313987255096,
        "value": "jaz"
    },
    "ismir04_rhythm": {
        "all": {
            "ChaChaCha": 0.0746439546347,
            "Jive": 0.199415713549,
            "Quickstep": 0.0609340183437,
            "Rumba-American": 0.0161358136684,
            "Rumba-International": 0.0702203884721,
            "Rumba-Misc": 0.0109487278387,
            "Samba": 0.374977946281,
            "Tango": 0.0178282596171,
            "VienneseWaltz": 0.167471125722,
            "Waltz": 0.00742406118661
        },
        "probability": 0.374977946281,
        "value": "Samba"
    },
    "mood_acoustic": {
        "all": {
            "acoustic": 0.0447156429291,
            "not_acoustic": 0.955284357071
        },
        "probability": 0.955284357071,
        "value": "not_acoustic"
    },
    "mood_aggressive": {
        "all": {
            "aggressive": 0.862321078777,
            "not_aggressive": 0.137678921223
        },
        "probability": 0.862321078777,
        "value": "aggressive"
    },
    "mood_electronic": {
        "all": {
            "electronic": 0.82196855545,
            "not_electronic": 0.17803144455
        },
        "probability": 0.82196855545,
        "value": "electronic"
    },
    "mood_happy": {
        "all": {
            "happy": 0.157311618328,
            "not_happy": 0.842688381672
        },
        "probability": 0.842688381672,
        "value": "not_happy"
    },
    "mood_party": {
        "all": {
            "not_party": 0.56719994545,
            "party": 0.432800084352
        },
        "probability": 0.56719994545,
        "value": "not_party"
    },
    "mood_relaxed": {
        "all": {
            "not_relaxed": 0.955229997635,
            "relaxed": 0.0447700098157
        },
        "probability": 0.955229997635,
        "value": "not_relaxed"
    },
    "mood_sad": {
        "all": {
            "not_sad": 0.67702794075,
            "sad": 0.322972089052
        },
        "probability": 0.67702794075,
        "value": "not_sad"
    },
    "moods_mirex": {
        "all": {
            "Cluster1": 0.36046358943,
            "Cluster2": 0.0409192405641,
            "Cluster3": 0.0585023313761,
            "Cluster4": 0.0238799080253,
            "Cluster5": 0.51623493433
        },
        "probability": 0.51623493433,
        "value": "Cluster5"
    },
    "timbre": {
        "all": {
            "bright": 0.025349913165,
            "dark": 0.974650084972
        },
        "probability": 0.974650084972,
        "value": "dark"
    },
    "tonal_atonal": {
        "all": {
            "atonal": 0.179501727223,
            "tonal": 0.820498287678
        },
        "probability": 0.820498287678,
        "value": "tonal"
    },
    "voice_instrumental": {
        "all": {
            "instrumental": 0.000200508671696,
            "voice": 0.999799489975
        },
        "probability": 0.999799489975,
        "value": "voice"
    }
},
"lowlevel": {
    "average_loudness": 0.977800488472,
    "barkbands_crest": {
        "dmean": 3.01339769363,
        "dmean2": 5.14788722992,
        "dvar": 7.21530771255,
        "dvar2": 20.6897926331,
        "max": 23.0249595642,
        "mean": 10.5831079483,
        "median": 10.0391817093,
        "min": 3.12757849693,
        "var": 14.7858419418
    },
    "barkbands_flatness_db": {
        "dmean": 0.0243623144925,
        "dmean2": 0.0402840226889,
        "dvar": 0.000473508436698,
        "dvar2": 0.00125728710555,
        "max": 0.372742176056,
        "mean": 0.154120877385,
        "median": 0.143399044871,
        "min": 0.0691446587443,
        "var": 0.00206232303753
    },
    "barkbands_kurtosis": {
        "dmean": 3.7253651619,
        "dmean2": 6.0882024765,
        "dvar": 34.1692008972,
        "dvar2": 87.3392562866,
        "max": 134.914779663,
        "mean": 5.47461938858,
        "median": 2.98468112946,
        "min": -1.58700072765,
        "var": 85.5906600952
    },
    "barkbands_skewness": {
        "dmean": 0.658367812634,
        "dmean2": 1.06656980515,
        "dvar": 0.380236804485,
        "dvar2": 1.03488302231,
        "max": 10.0162372589,
        "mean": 1.94172251225,
        "median": 1.80441331863,
        "min": -1.32695996761,
        "var": 1.51496946812
    },
    "barkbands_spread": {
        "dmean": 5.14433336258,
        "dmean2": 8.45902347565,
        "dvar": 24.501707077,
        "dvar2": 66.3607330322,
        "max": 54.8724822998,
        "mean": 19.8469142914,
        "median": 19.4818000793,
        "min": 0.996920406818,
        "var": 82.852432251
    },
    "dissonance": {
        "dmean": 0.0153296105564,
        "dmean2": 0.0263877771795,
        "dvar": 0.000241235960857,
        "dvar2": 0.000726520898752,
        "max": 0.499747812748,
        "mean": 0.474108785391,
        "median": 0.478813171387,
        "min": 0.33121663332,
        "var": 0.000383513834095
    },
    "dynamic_complexity": 1.51893341541,
    "erbbands_crest": {
        "dmean": 2.5138835907,
        "dmean2": 4.11564254761,
        "dvar": 5.64997625351,
        "dvar2": 14.5555725098,
        "max": 27.9915237427,
        "mean": 8.00436210632,
        "median": 6.85647010803,
        "min": 2.34635400772,
        "var": 18.7738304138
    },
    "erbbands_flatness_db": {
        "dmean": 0.0131285525858,
        "dmean2": 0.020641874522,
        "dvar": 0.000133421664941,
        "dvar2": 0.000319979939377,
        "max": 0.373738735914,
        "mean": 0.153690651059,
        "median": 0.139881566167,
        "min": 0.0783733800054,
        "var": 0.00243480363861
    },
    "erbbands_kurtosis": {
        "dmean": 0.707234561443,
        "dmean2": 1.14504861832,
        "dvar": 0.886901557446,
        "dvar2": 2.45459580421,
        "max": 11.4834337234,
        "mean": 0.254714161158,
        "median": -0.440326690674,
        "min": -1.57593297958,
        "var": 3.23935222626
    },
    "erbbands_skewness": {
        "dmean": 0.286895424128,
        "dmean2": 0.459131211042,
        "dvar": 0.0622851587832,
        "dvar2": 0.162591278553,
        "max": 2.26258707047,
        "mean": 0.158866718411,
        "median": 0.117024675012,
        "min": -1.42003452778,
        "var": 0.271606504917
    },
    "erbbands_spread": {
        "dmean": 7.5462641716,
        "dmean2": 11.9644346237,
        "dvar": 45.6356163025,
        "dvar2": 106.191978455,
        "max": 108.711151123,
        "mean": 44.9267654419,
        "median": 45.2073249817,
        "min": 3.57233166695,
        "var": 440.413391113
    },
    "hfc": {
        "dmean": 5.35743379593,
        "dmean2": 8.49604797363,
        "dvar": 30.1990127563,
        "dvar2": 80.0409317017,
        "max": 74.085975647,
        "mean": 26.2148075104,
        "median": 25.1159000397,
        "min": 0.356972277164,
        "var": 152.748397827
    },
    "melbands_crest": {
        "dmean": 4.10879611969,
        "dmean2": 6.74811029434,
        "dvar": 13.6117677689,
        "dvar2": 35.2124977112,
        "max": 34.5873069763,
        "mean": 16.2493572235,
        "median": 15.2082023621,
        "min": 5.30544900894,
        "var": 31.2184486389
    },
    "melbands_flatness_db": {
        "dmean": 0.0289846602827,
        "dmean2": 0.0470464974642,
        "dvar": 0.000710181251634,
        "dvar2": 0.00194359431043,
        "max": 0.467088878155,
        "mean": 0.20208761096,
        "median": 0.193533137441,
        "min": 0.0972823426127,
        "var": 0.00258125201799
    },
    "melbands_kurtosis": {
        "dmean": 10.4428396225,
        "dmean2": 17.0844478607,
        "dvar": 229.3331604,
        "dvar2": 599.279907227,
        "max": 245.180679321,
        "mean": 19.7472820282,
        "median": 12.3093633652,
        "min": -1.1864336729,
        "var": 531.523620605
    },
    "melbands_skewness": {
        "dmean": 0.947589337826,
        "dmean2": 1.54571259022,
        "dvar": 0.83635443449,
        "dvar2": 2.22689557076,
        "max": 13.9356451035,
        "mean": 3.38838791847,
        "median": 3.18383383751,
        "min": -1.40431559086,
        "var": 3.73878693581
    },
    "melbands_spread": {
        "dmean": 5.82816410065,
        "dmean2": 9.79124164581,
        "dvar": 33.1947555542,
        "dvar2": 92.1096115112,
        "max": 52.3073310852,
        "mean": 17.9046058655,
        "median": 15.9434728622,
        "min": 0.743053853512,
        "var": 97.7575836182
    },
    "pitch_salience": {
        "dmean": 0.0878876522183,
        "dmean2": 0.148105561733,
        "dvar": 0.00580533500761,
        "dvar2": 0.0169804990292,
        "max": 0.809598624706,
        "mean": 0.530389785767,
        "median": 0.539270699024,
        "min": 0.172258093953,
        "var": 0.0117642125115
    },
    "silence_rate_20dB": {
        "dmean": 0,
        "dmean2": 0,
        "dvar": 0,
        "dvar2": 0,
        "max": 1,
        "mean": 1,
        "median": 1,
        "min": 1,
        "var": 0
    },
    "silence_rate_30dB": {
        "dmean": 0.0340557284653,
        "dmean2": 0.0681642144918,
        "dvar": 0.0328958295286,
        "dvar2": 0.0914031118155,
        "max": 1,
        "mean": 0.979891717434,
        "median": 1,
        "min": 0,
        "var": 0.0197039488703
    },
    "silence_rate_60dB": {
        "dmean": 0.0030959751457,
        "dmean2": 0.00619674660265,
        "dvar": 0.00308635737747,
        "dvar2": 0.00770736392587,
        "max": 1,
        "mean": 0.00696055684239,
        "median": 0,
        "min": 0,
        "var": 0.00691223423928
    },
    "spectral_centroid": {
        "dmean": 220.255981445,
        "dmean2": 357.651275635,
        "dvar": 45042.2070312,
        "dvar2": 116639.59375,
        "max": 2654.85351562,
        "mean": 1235.99743652,
        "median": 1224.90393066,
        "min": 182.736740112,
        "var": 162672.984375
    },
    "spectral_complexity": {
        "dmean": 4.45897817612,
        "dmean2": 6.99535226822,
        "dvar": 16.3568248749,
        "dvar2": 39.5289802551,
        "max": 50,
        "mean": 26.1832942963,
        "median": 27,
        "min": 2,
        "var": 80.1574783325
    },
    "spectral_decrease": {
        "dmean": 4.37485025984e-09,
        "dmean2": 7.12504721889e-09,
        "dvar": 2.11359254517e-17,
        "dvar2": 5.94266007346e-17,
        "max": -1.60525870374e-10,
        "mean": -1.26114372279e-08,
        "median": -1.14489600023e-08,
        "min": -3.9273476915e-08,
        "var": 4.52248559117e-17
    },
    "spectral_energy": {
        "dmean": 0.0167733095586,
        "dmean2": 0.0272581148893,
        "dvar": 0.000302395812469,
        "dvar2": 0.000851725519169,
        "max": 0.150515034795,
        "mean": 0.0499762631953,
        "median": 0.045621111989,
        "min": 0.000638329598587,
        "var": 0.000668227672577
    },
    "spectral_energyband_high": {
        "dmean": 0.000241994901444,
        "dmean2": 0.000376718031475,
        "dvar": 7.70065398115e-08,
        "dvar2": 1.82267456239e-07,
        "max": 0.00420810841024,
        "mean": 0.000952321046498,
        "median": 0.000892489100806,
        "min": 2.04460570785e-06,
        "var": 3.90064030853e-07
    },
    "spectral_energyband_low": {
        "dmean": 0.0142298750579,
        "dmean2": 0.0236734673381,
        "dvar": 0.000332974042976,
        "dvar2": 0.00093508430291,
        "max": 0.143732920289,
        "mean": 0.0261264722794,
        "median": 0.019928265363,
        "min": 1.5587153257e-07,
        "var": 0.000589935574681
    },
    "spectral_energyband_middle_high": {
        "dmean": 0.0028799646534,
        "dmean2": 0.00471601029858,
        "dvar": 1.34746878757e-05,
        "dvar2": 3.74305927835e-05,
        "max": 0.0450220890343,
        "mean": 0.00917526707053,
        "median": 0.00588488392532,
        "min": 5.83907713008e-05,
        "var": 6.78337019053e-05
    },
    "spectral_energyband_middle_low": {
        "dmean": 0.00655174860731,
        "dmean2": 0.0103487800807,
        "dvar": 7.29917301214e-05,
        "dvar2": 0.000163908945979,
        "max": 0.0912344604731,
        "mean": 0.0175065565854,
        "median": 0.0139708463103,
        "min": 0.000397075491492,
        "var": 0.000172210144228
    },
    "spectral_entropy": {
        "dmean": 0.109455168247,
        "dmean2": 0.175266087055,
        "dvar": 0.0109525891021,
        "dvar2": 0.0263304300606,
        "max": 8.20230674744,
        "mean": 7.71805953979,
        "median": 7.77670478821,
        "min": 6.44802951813,
        "var": 0.0832514539361
    },
    "spectral_flux": {
        "dmean": 0.0320883505046,
        "dmean2": 0.0528885573149,
        "dvar": 0.000907375244424,
        "dvar2": 0.00257198000327,
        "max": 0.272091567516,
        "mean": 0.118364550173,
        "median": 0.110968455672,
        "min": 0.0136837502941,
        "var": 0.00211452250369
    },
    "spectral_kurtosis": {
        "dmean": 1.13903748989,
        "dmean2": 1.98910522461,
        "dvar": 1.3564684391,
        "dvar2": 4.02032661438,
        "max": 16.097826004,
        "mean": 2.87127518654,
        "median": 2.45280885696,
        "min": 0.17475938797,
        "var": 3.51454234123
    },
    "spectral_rms": {
        "dmean": 0.00113127252553,
        "dmean2": 0.00182136707008,
        "dvar": 1.09824270567e-06,
        "dvar2": 3.08951553052e-06,
        "max": 0.0121179176494,
        "mean": 0.00674025667831,
        "median": 0.00667146174237,
        "min": 0.000789151818026,
        "var": 3.32625359079e-06
    },
    "spectral_rolloff": {
        "dmean": 344.946990967,
        "dmean2": 592.738525391,
        "dvar": 193086.640625,
        "dvar2": 518907.9375,
        "max": 4521.97265625,
        "mean": 930.823791504,
        "median": 882.861328125,
        "min": 64.599609375,
        "var": 387915.40625
    },
    "spectral_skewness": {
        "dmean": 0.164911836386,
        "dmean2": 0.280054956675,
        "dvar": 0.022206697613,
        "dvar2": 0.0592581629753,
        "max": 2.85785531998,
        "mean": 1.25705623627,
        "median": 1.21146726608,
        "min": 0.50906676054,
        "var": 0.0965787917376
    },
    "spectral_spread": {
        "dmean": 291763.71875,
        "dmean2": 442813.03125,
        "dvar": 63775899648,
        "dvar2": 142803091456,
        "max": 7127757.5,
        "mean": 4284788.5,
        "median": 4321067,
        "min": 2287533.5,
        "var": 546754035712
    },
    "spectral_strongpeak": {
        "dmean": 0.500925540924,
        "dmean2": 0.882840931416,
        "dvar": 0.782775521278,
        "dvar2": 2.12407422066,
        "max": 6.94901323318,
        "mean": 0.916064918041,
        "median": 0.545627295971,
        "min": 0.0598678216338,
        "var": 1.18243682384
    },
    "zerocrossingrate": {
        "dmean": 0.00732535263523,
        "dmean2": 0.00972515530884,
        "dvar": 4.02368386858e-05,
        "dvar2": 6.27999543212e-05,
        "max": 0.1279296875,
        "mean": 0.0475932620466,
        "median": 0.04736328125,
        "min": 0.00439453125,
        "var": 0.000261196488282
    },
    "barkbands": {
        "dmean": [0.0012880100403, 0.0098815113306, 0.00473191682249, 0.00374524225481, 0.00285989278927, 0.000985814607702, 0.00104622368235, 0.00063352327561, 0.000717990158591, 0.000738477858249, 0.00102846638765, 0.00105586810969, 0.0006325005088, 0.000750286446419, 0.000268639210844, 0.000257237494225, 0.000255809165537, 0.000192566265468, 0.000148511651787, 0.000109236760181, 0.000109929431346, 8.67774579092e-05, 5.31661098648e-05, 3.7621386582e-05, 1.22455903693e-05, 3.0048681765e-06, 4.62521487776e-09],
        "dmean2": [0.00186640105676, 0.016740212217, 0.0079266326502, 0.00588100636378, 0.0046311756596, 0.00155483535491, 0.00179766700603, 0.00106030132156, 0.00115927949082, 0.00116872531362, 0.00170524755958, 0.00176284112968, 0.000997611903585, 0.00120397598948, 0.000423488236265, 0.000438674353063, 0.00042568158824, 0.00032159202965, 0.000256035127677, 0.000183538359124, 0.000184921038453, 0.000140350544825, 8.50830838317e-05, 5.82366919843e-05, 1.92831412278e-05, 4.81970710098e-06, 7.50489981272e-09],
        "dvar": [7.95287451183e-06, 0.000229556928389, 5.24905444763e-05, 2.81071879726e-05, 1.87858495337e-05, 2.35444667851e-06, 6.35475362287e-06, 2.25582402891e-06, 1.86412955827e-06, 2.311147e-06, 4.49004073744e-06, 6.03342277827e-06, 1.69362726865e-06, 2.00256795324e-06, 2.27390771101e-07, 1.60570095886e-07, 1.48230682839e-07, 5.54709487233e-08, 3.55248275241e-08, 1.69186762378e-08, 1.64582161233e-08, 9.38634681091e-09, 4.61372895444e-09, 2.37492381316e-09, 2.69859107282e-10, 3.23432218508e-11, 2.05032011707e-15],
        "dvar2": [1.57379035954e-05, 0.000622134655714, 0.000152628213982, 6.14878154011e-05, 4.58583599539e-05, 5.19249624631e-06, 1.89204110939e-05, 6.20778746452e-06, 4.53911206932e-06, 4.94589767186e-06, 1.1812973753e-05, 1.68731203303e-05, 3.82601092497e-06, 4.90407910547e-06, 4.38807774117e-07, 3.78783227006e-07, 3.35168039101e-07, 1.44853046891e-07, 9.8923713665e-08, 4.40670575586e-08, 4.39433236465e-08, 2.38290205345e-08, 1.09700035722e-08, 5.97339866459e-09, 6.44144459994e-10, 6.39522670931e-11, 2.23026104353e-15],
        "max": [0.028029538691, 0.114049822092, 0.0647483617067, 0.0702923983335, 0.045449540019, 0.0215110126883, 0.0488031879067, 0.0234809312969, 0.0234028510749, 0.0250800587237, 0.0261884853244, 0.0282828006893, 0.0207641348243, 0.0183572657406, 0.00852137617767, 0.00598989753053, 0.0105876512825, 0.00307288416661, 0.00181287422311, 0.00195613340475, 0.00158284790814, 0.0014739719918, 0.0010027870303, 0.000709852902219, 0.000345377629856, 0.000151026979438, 1.59291096224e-06],
        "mean": [0.0014626106713, 0.0129745686427, 0.00806423649192, 0.00673870323226, 0.00526054995134, 0.00161267025396, 0.00142743461765, 0.000900419137906, 0.00120231602341, 0.00147983909119, 0.00173338712193, 0.00157494132873, 0.00111756694969, 0.00125107914209, 0.000469049613457, 0.000441082025645, 0.000498731795233, 0.000372547307052, 0.000304986868287, 0.00025892292615, 0.000278531922959, 0.000248693104368, 0.000152471082401, 0.000111336012196, 3.46057931893e-05, 4.99511997987e-06, 3.76804498714e-09],
        "median": [9.12191680982e-05, 0.00609380425885, 0.00521989259869, 0.00353578920476, 0.00321527128108, 0.000974663707893, 0.000620400358457, 0.00046312547056, 0.000576290942263, 0.000424369471148, 0.000459469069028, 0.000451958156191, 0.000437110778876, 0.000451899511972, 0.00028086770908, 0.000294326018775, 0.000396670802729, 0.00030355877243, 0.00025562979863, 0.000206414493732, 0.00024298527569, 0.000219491485041, 0.000130286192871, 9.1771602456e-05, 2.74876128969e-05, 3.04151694763e-06, 8.43114078553e-10],
        "min": [1.13465841167e-08, 1.3684591238e-08, 2.27015348742e-08, 3.18884225692e-08, 1.92165589397e-05, 1.08633105356e-06, 5.09519850311e-06, 9.0744777026e-07, 2.77330650533e-06, 3.47547666024e-06, 5.16839281772e-06, 6.60388423057e-07, 6.12596113569e-06, 3.74927981284e-06, 9.51219760736e-07, 9.13498524824e-07, 3.06169590658e-06, 8.59315605339e-07, 1.21620178106e-06, 4.95336394124e-07, 6.09713708855e-07, 3.43969617234e-07, 2.45976337965e-07, 5.07726269916e-08, 2.54155736457e-08, 1.54782072576e-11, 9.14163536536e-12],
        "var": [1.1808337149e-05, 0.000321559491567, 8.39954300318e-05, 6.62445672788e-05, 3.48113499058e-05, 4.71538123747e-06, 7.66353969084e-06, 3.01057684737e-06, 4.2076653699e-06, 8.11768768472e-06, 1.06939633042e-05, 9.50926914811e-06, 3.49941910827e-06, 4.20208516516e-06, 4.91838761718e-07, 2.91416284881e-07, 2.62918007365e-07, 9.77526966039e-08, 5.2643471804e-08, 5.22340393161e-08, 4.45877361699e-08, 3.1866921546e-08, 1.54383652529e-08, 9.2108090044e-09, 1.02022557069e-09, 6.45189041082e-11, 2.0131023364e-15]
    },
    "erbbands": {
        "dmean": [0.426748543978, 1.76818621159, 4.6483745575, 9.14387512207, 12.5624160767, 8.8973865509, 8.95830440521, 8.20519638062, 13.882894516, 13.7176904678, 12.2070560455, 14.8365259171, 19.5120582581, 24.889295578, 52.0423469543, 28.1460132599, 25.3476066589, 37.3785476685, 19.4089355469, 13.7505168915, 13.5217485428, 13.4101381302, 11.2971391678, 7.4937081337, 6.87199831009, 4.69663095474, 5.56017589569, 3.50059223175, 3.55240440369, 2.01975703239, 1.56153416634, 1.12631571293, 0.461924374104, 0.197251617908, 0.0623801164329, 0.0185781903565, 0.00552883697674, 0.000299436040223, 1.12722154881e-05, 1.83242500498e-05],
        "dmean2": [0.676964819431, 3.09756493568, 7.94258785248, 14.549325943, 19.3613300323, 14.9336013794, 14.1327152252, 13.3198642731, 23.7952690125, 23.3363857269, 19.7941627502, 24.5879020691, 31.6184577942, 38.7258300781, 87.8521347046, 46.4604606628, 40.3569717407, 60.3821411133, 31.0291404724, 21.96068573, 22.3230838776, 22.2168083191, 18.8254356384, 12.6272687912, 11.8050851822, 7.92774629593, 9.41260814667, 5.70981407166, 5.78705453873, 3.26721954346, 2.44767570496, 1.74432694912, 0.725608885288, 0.307587295771, 0.100027434528, 0.0303584244102, 0.0092972163111, 0.000515213410836, 1.82584335562e-05, 2.97260558e-05],
        "dvar": [0.697959125042, 6.60675239563, 54.9823074341, 131.189300537, 505.748748779, 166.701904297, 147.474502563, 194.607025146, 1496.62475586, 605.751220703, 700.259155273, 835.644958496, 1475.65905762, 3212.15893555, 10783.3232422, 2979.89086914, 2471.99389648, 5997.74902344, 1048.17419434, 759.593200684, 446.346618652, 291.812103271, 179.920150757, 85.0359115601, 70.1267166138, 34.5243606567, 42.8232345581, 22.0737876892, 16.0125904083, 6.45992898941, 3.95900225639, 2.40925598145, 0.364857435226, 0.0679944902658, 0.00662103528157, 0.000988843734376, 0.000118335585285, 3.87421323467e-07, 2.07651632e-10, 3.48699513708e-10],
        "dvar2": [1.61131048203, 20.2585010529, 161.682556152, 317.199249268, 1023.20941162, 457.714324951, 335.264556885, 481.455078125, 4498.64648438, 1666.76293945, 1759.4609375, 2056.22583008, 3413.0949707, 7170.61572266, 30399.2324219, 7676.93017578, 5031.71240234, 15625.0361328, 2360.13085938, 1638.14172363, 1067.13916016, 675.661682129, 462.03302002, 232.517410278, 191.735229492, 88.8528823853, 116.467414856, 60.2091636658, 40.9229431152, 16.6972942352, 9.97804355621, 6.28090763092, 0.932399213314, 0.150308907032, 0.0165656041354, 0.00197315611877, 0.000257984007476, 9.41626467466e-07, 4.37613445481e-10, 9.80560854735e-10],
        "max": [6.1873550415, 18.5374908447, 61.7024726868, 139.434280396, 198.806030273, 136.903335571, 201.700576782, 168.626235962, 796.030395508, 372.279174805, 427.281677246, 335.348205566, 655.451782227, 1366.35449219, 1182.37915039, 653.25177002, 1061.234375, 1199.0291748, 492.185302734, 462.023132324, 409.831542969, 391.970794678, 175.42137146, 83.8285598755, 76.4149780273, 81.340171814, 84.4317626953, 88.7004089355, 58.4550132751, 32.1725120544, 26.7735004425, 22.5024967194, 11.4712772369, 5.94094419479, 1.3802434206, 0.752918660641, 0.253524899483, 0.0131209474057, 0.000284101319266, 0.000166053025168],
        "mean": [0.48406034708, 2.50264954567, 7.82978582382, 18.5454044342, 21.6753444672, 14.3157434464, 15.3182897568, 13.0356140137, 19.087015152, 21.0684661865, 19.3317317963, 24.7815685272, 41.6118278503, 52.7836799622, 89.0185470581, 49.3276672363, 50.0038452148, 66.7022247314, 36.1415634155, 24.7958869934, 25.1378211975, 27.7824859619, 22.4756145477, 15.7169828415, 15.2197208405, 11.9129371643, 12.9376649857, 9.43492794037, 9.76854038239, 5.95704221725, 4.19352293015, 3.09428954124, 1.27918672562, 0.560600101948, 0.155161753297, 0.0365569777787, 0.00793781038374, 0.000377762655262, 3.78489021386e-05, 5.91235948377e-05],
        "median": [0.123474888504, 1.47906267643, 5.61564588547, 11.4857816696, 10.9969453812, 9.19585323334, 9.09467124939, 7.46688890457, 8.25247573853, 11.6792497635, 11.3259277344, 12.2590608597, 15.3879795074, 17.221364975, 25.1929283142, 21.6156215668, 22.3336639404, 23.6463031769, 22.8291854858, 15.8383693695, 17.804933548, 22.3057231903, 18.1415729523, 12.6136865616, 12.5588111877, 9.66732788086, 11.183300972, 8.41477775574, 8.53328514099, 5.25042533875, 3.52840328217, 2.51309490204, 1.06181442738, 0.457231551409, 0.11456631124, 0.026040032506, 0.00374707090668, 0.000167165911989, 3.43439096469e-05, 5.49737669644e-05],
        "min": [1.18989976272e-06, 1.40666070365e-05, 0.000112722947961, 0.00132368470076, 0.00350707676262, 0.0716009885073, 0.0732211172581, 0.0376465208828, 0.0883616507053, 0.376105487347, 0.0501240715384, 0.0821032002568, 0.17947499454, 0.265816360712, 0.501125276089, 0.0780493468046, 0.25497096777, 0.256672173738, 0.125234991312, 0.0933671668172, 0.0899977013469, 0.143980324268, 0.0558399036527, 0.0464413315058, 0.0581455715001, 0.023325683549, 0.0294858459383, 0.0164191387594, 0.013287669979, 0.00883940700442, 0.00377416959964, 0.00117929594126, 0.000887039699592, 0.000449175917311, 7.40864052204e-05, 2.0563009457e-05, 2.89352715299e-06, 3.28797852944e-07, 3.40159857615e-07, 7.33122647034e-07],
        "var": [0.911521375179, 8.33386135101, 70.7480392456, 377.557922363, 984.51361084, 253.568634033, 369.057159424, 313.274688721, 1682.85192871, 893.185058594, 1035.60314941, 1598.19970703, 5054.09765625, 10724.3730469, 22503.8066406, 6147.18701172, 6129.95996094, 12995.5927734, 2027.94177246, 1339.20568848, 821.275695801, 638.295410156, 337.418701172, 149.559173584, 127.030731201, 97.2465133667, 100.411705017, 55.4321289062, 52.2692909241, 19.1134662628, 12.2370910645, 7.62798500061, 1.25188708305, 0.255430161953, 0.0231154616922, 0.00211811438203, 0.000217498149141, 5.64204356124e-07, 5.10709752266e-10, 8.22041712478e-10]
    },
    "gfcc": {
        "mean": [32.9037017822, 105.930335999, -133.032241821, 52.0601196289, -63.7523803711, 27.1233959198, -34.5499954224, 1.49143719673, -21.8711795807, -6.79862785339, -10.9743366241, -6.31006669998, -6.42904758453],
        "cov": [[2140.89697266, -97.6209411621, 456.953125, 510.33581543, 194.235198975, 363.280944824, 92.6418380737, 274.471130371, 0.423799544573, 73.2174072266, -203.880905151, 10.1506175995, -143.534072876], [-97.6209411621, 460.69229126, 120.593009949, 155.156860352, 172.752212524, 20.3525123596, 123.189445496, -28.4608459473, 95.608833313, -53.8682594299, 66.7430801392, -68.6602478027, 28.5696048737], [456.953125, 120.593009949, 662.035400391, 531.410827637, 182.224380493, 105.866447449, 18.2558708191, 154.648117065, 73.7249145508, 36.4974861145, -106.441299438, -21.2608757019, -56.4386901855], [510.33581543, 155.156860352, 531.410827637, 649.268066406, 221.842788696, 125.095222473, 44.9951400757, 139.282669067, 107.539657593, 8.52981090546, -56.0685882568, -51.0815238953, -27.4826278687], [194.235198975, 172.752212524, 182.224380493, 221.842788696, 266.267547607, 133.134429932, 150.942276001, 68.5236358643, 74.1168060303, 22.9454898834, -0.132909148932, -16.4909706116, -25.2338867188], [363.280944824, 20.3525123596, 105.866447449, 125.095222473, 133.134429932, 225.342681885, 151.822738647, 72.3827133179, 8.64988803864, 26.6822280884, -2.00408577919, -9.4797334671, -29.6700515747], [92.6418380737, 123.189445496, 18.2558708191, 44.9951400757, 150.942276001, 151.822738647, 222.485214233, 54.3368339539, 48.3003425598, 18.341173172, 33.3977394104, -11.8823318481, -11.6593933105], [274.471130371, -28.4608459473, 154.648117065, 139.282669067, 68.5236358643, 72.3827133179, 54.3368339539, 137.823043823, 60.191078186, 50.6216278076, -34.8596954346, 14.32878685, -15.8501358032], [0.423799544573, 95.608833313, 73.7249145508, 107.539657593, 74.1168060303, 8.64988803864, 48.3003425598, 60.191078186, 122.84627533, 34.620174408, 29.6729431152, -6.32162809372, 20.4876613617], [73.2174072266, -53.8682594299, 36.4974861145, 8.52981090546, 22.9454898834, 26.6822280884, 18.341173172, 50.6216278076, 34.620174408, 96.0308380127, 19.112657547, 29.653263092, -15.2751579285], [-203.880905151, 66.7430801392, -106.441299438, -56.0685882568, -0.132909148932, -2.00408577919, 33.3977394104, -34.8596954346, 29.6729431152, 19.112657547, 124.103820801, 12.0474786758, 44.7684059143], [10.1506175995, -68.6602478027, -21.2608757019, -51.0815238953, -16.4909706116, -9.4797334671, -11.8823318481, 14.32878685, -6.32162809372, 29.653263092, 12.0474786758, 66.9649124146, 16.9929504395], [-143.534072876, 28.5696048737, -56.4386901855, -27.4826278687, -25.2338867188, -29.6700515747, -11.6593933105, -15.8501358032, 20.4876613617, -15.2751579285, 44.7684059143, 16.9929504395, 78.1527252197]],
        "icov": [[0.00128957955167, -0.00119169708341, 0.00123686052393, -0.00126260076649, 0.000848192779813, -0.00266383588314, 0.00155187759083, -0.0017284512287, 0.000580063613597, -0.000646687403787, 0.0019365134649, -0.00187771127094, 0.00141732452903], [-0.00119169708341, 0.00850589200854, -0.00433895736933, 0.00263126846403, -0.00428876234218, 0.0053462930955, -0.0048334589228, 0.00495511339977, -0.0039078858681, 0.00513053126633, -0.00582820083946, 0.00638148607686, -0.00259915739298], [0.00123686052393, -0.00433895736933, 0.00830465555191, -0.0061904406175, 0.00192871200852, -0.00353783299215, 0.00328376889229, -0.00400916766375, 0.00252178288065, -0.00411500921473, 0.00615951092914, -0.00504996487871, 0.00273886579089], [-0.00126260076649, 0.00263126846403, -0.0061904406175, 0.00851800944656, -0.00429093185812, 0.00119895429816, 0.00118272204418, 7.67143064877e-05, -0.00313305272721, 0.00435210112482, -0.00489826360717, 0.00597372977063, -0.00231517967768], [0.000848192779813, -0.00428876234218, 0.00192871200852, -0.00429093185812, 0.0127943856642, -0.00446630315855, -0.00334538053721, 0.00108561862726, -0.00196968135424, -0.00286189978942, 0.00471655791625, -0.00621882546693, 0.00377339450642], [-0.00266383588314, 0.0053462930955, -0.00353783299215, 0.00119895429816, -0.00446630315855, 0.019292101264, -0.0120729524642, 0.000695271592122, 0.00516601465642, 0.000452269712696, -0.00663532083854, 0.00747460918501, -0.00384829333052], [0.00155187759083, -0.0048334589228, 0.00328376889229, 0.00118272204418, -0.00334538053721, -0.0120729524642, 0.0185485854745, -0.00738844834268, -0.00119173899293, 0.00107461574953, 0.000159754752531, -0.00253715575673, 0.00399219803512], [-0.0017284512287, 0.00495511339977, -0.00400916766375, 7.67143064877e-05, 0.00108561862726, 0.000695271592122, -0.00738844834268, 0.025656979531, -0.0115759763867, -0.00374913588166, 0.00501627055928, -0.00179991312325, -0.00331869162619], [0.000580063613597, -0.0039078858681, 0.00252178288065, -0.00313305272721, -0.00196968135424, 0.00516601465642, -0.00119173899293, -0.0115759763867, 0.0233064051718, -0.00829265359789, -0.00171865394805, 0.00445615965873, -0.00570194469765], [-0.000646687403787, 0.00513053126633, -0.00411500921473, 0.00435210112482, -0.00286189978942, 0.000452269712696, 0.00107461574953, -0.00374913588166, -0.00829265359789, 0.0252983272076, -0.0113549660891, -0.00443400302902, 0.00873025413603], [0.0019365134649, -0.00582820083946, 0.00615951092914, -0.00489826360717, 0.00471655791625, -0.00663532083854, 0.000159754752531, 0.00501627055928, -0.00171865394805, -0.0113549660891, 0.0234226454049, -0.00689393281937, -0.00522929057479], [-0.00187771127094, 0.00638148607686, -0.00504996487871, 0.00597372977063, -0.00621882546693, 0.00747460918501, -0.00253715575673, -0.00179991312325, 0.00445615965873, -0.00443400302902, -0.00689393281937, 0.0308545846492, -0.0120359435678], [0.00141732452903, -0.00259915739298, 0.00273886579089, -0.00231517967768, 0.00377339450642, -0.00384829333052, 0.00399219803512, -0.00331869162619, -0.00570194469765, 0.00873025413603, -0.00522929057479, -0.0120359435678, 0.0260059256107]]
    },
    "melbands": {
        "dmean": [0.00311642466113, 0.00224360870197, 0.00167750683613, 0.000695652444847, 0.000328869471559, 0.000180097369594, 0.000215291933273, 0.000148718696437, 9.70303881331e-05, 0.000101280515082, 9.95877926471e-05, 0.000104656908661, 0.000166879326571, 0.000136909307912, 5.54880425625e-05, 6.51574373478e-05, 7.40686155041e-05, 3.87367836083e-05, 1.95311022253e-05, 1.9012057237e-05, 1.73143525899e-05, 1.54425670189e-05, 1.420719218e-05, 8.25160896056e-06, 6.57153441352e-06, 5.6710955505e-06, 5.1364677347e-06, 3.22770233652e-06, 3.73830857825e-06, 2.6557424917e-06, 2.31218882618e-06, 2.4304638373e-06, 1.60273725669e-06, 1.20950619475e-06, 1.07006701455e-06, 8.42592555728e-07, 6.81713913764e-07, 3.65114289025e-07, 2.91153412491e-07, 1.58547265983e-07],
        "dmean2": [0.0050938683562, 0.00389775587246, 0.00263727456331, 0.00110942916945, 0.000531911849976, 0.000289858842734, 0.000369096233044, 0.000253661040915, 0.000155518559041, 0.000166633995832, 0.000162253563758, 0.000160442548804, 0.000281311542494, 0.000228136079386, 8.83390603121e-05, 0.000104187740362, 0.000119410382467, 6.27050030744e-05, 3.00707906717e-05, 3.22226369462e-05, 2.87171696982e-05, 2.56148905464e-05, 2.35737406911e-05, 1.37533315865e-05, 1.11745357572e-05, 9.81968514679e-06, 8.52719404065e-06, 5.4386237025e-06, 6.26928203928e-06, 4.53898019259e-06, 3.80367009711e-06, 3.9975961954e-06, 2.60977958533e-06, 2.00295880859e-06, 1.71488420619e-06, 1.36048629429e-06, 1.09189647901e-06, 5.88214618347e-07, 4.56410731431e-07, 2.54589878068e-07],
        "dvar": [2.89711988444e-05, 1.12348416224e-05, 4.67976133223e-06, 1.24739062812e-06, 1.74949974507e-07, 8.8117687369e-08, 3.22277315945e-07, 8.11052700556e-08, 3.44831470045e-08, 3.89411809465e-08, 3.8383888068e-08, 5.80863677158e-08, 1.11819900894e-07, 1.00811163861e-07, 1.53121000324e-08, 1.68149387747e-08, 2.32409504974e-08, 4.96323782073e-09, 1.2943796035e-09, 1.12266029806e-09, 8.31856694639e-10, 4.25902979551e-10, 2.84613665968e-10, 1.43809950059e-10, 6.55233020619e-11, 5.92611168471e-11, 4.40964868786e-11, 1.53439309869e-11, 1.8532959889e-11, 9.89267782275e-12, 1.16620177057e-11, 7.64374501194e-12, 3.42762558787e-12, 2.48871691484e-12, 1.88131389807e-12, 1.27846962617e-12, 9.32368765527e-13, 2.38749016217e-13, 1.56826171515e-13, 3.98516160664e-14],
        "dvar2": [7.10689128027e-05, 3.36041885021e-05, 1.05209146568e-05, 2.9437496778e-06, 4.62716002403e-07, 2.10880003237e-07, 9.66479205999e-07, 2.26250591595e-07, 8.48533616704e-08, 9.62741779631e-08, 8.81826167642e-08, 1.28531922883e-07, 3.04320309397e-07, 2.78567824807e-07, 3.56277141123e-08, 4.05210087706e-08, 5.99876344154e-08, 1.13887086428e-08, 2.44296693985e-09, 2.72856870431e-09, 1.93971261275e-09, 9.68803703927e-10, 7.57089779757e-10, 3.67335856177e-10, 1.79922271526e-10, 1.65408839403e-10, 1.20367715795e-10, 4.06740717496e-11, 5.06018109359e-11, 2.68452534508e-11, 3.37339219059e-11, 2.02295836332e-11, 8.78601271598e-12, 6.60071173067e-12, 4.8913841727e-12, 3.25487748733e-12, 2.51855220706e-12, 6.262961612e-13, 4.01730813329e-13, 9.08656830334e-14],
        "max": [0.0418935380876, 0.0279492419213, 0.0264957416803, 0.0112260002643, 0.0053386753425, 0.00357537693344, 0.011253034696, 0.00412818556651, 0.00285082776099, 0.00256591662765, 0.00323203136213, 0.00556063419208, 0.00427481578663, 0.00355497770943, 0.00226426473819, 0.0021837267559, 0.00244194408879, 0.00106289365795, 0.000693285546731, 0.000478519126773, 0.000558718922548, 0.000517272565048, 0.000234482169617, 0.0002089098125, 7.41140538594e-05, 8.01809219411e-05, 9.96005837806e-05, 5.55741607968e-05, 5.21124566149e-05, 3.44243271684e-05, 6.98104777257e-05, 3.92234542232e-05, 2.19400808419e-05, 1.98509442271e-05, 1.95079592231e-05, 1.53495784616e-05, 1.61319076142e-05, 6.91220930094e-06, 8.44636633701e-06, 4.02490650231e-06],
        "mean": [0.00391805078834, 0.00390587188303, 0.00340386712924, 0.0012194972951, 0.000567034992855, 0.000288849754725, 0.000300373241771, 0.000228603938012, 0.000152165157488, 0.000165765974089, 0.00021070629009, 0.000208038298297, 0.000282842258457, 0.000210574682569, 9.32079419727e-05, 0.000117537849292, 0.000124537546071, 6.29282512818e-05, 3.37570927513e-05, 3.12041083816e-05, 2.91254746116e-05, 2.91414562525e-05, 2.61312688963e-05, 1.52827014972e-05, 1.24626203615e-05, 1.11304862003e-05, 1.05471981442e-05, 7.14287398296e-06, 8.28219526738e-06, 5.96955442234e-06, 5.51672474103e-06, 5.97934104007e-06, 4.07543075198e-06, 3.05837374981e-06, 2.49211916525e-06, 2.09736958823e-06, 1.75931859303e-06, 8.31826810099e-07, 7.68862889799e-07, 3.73051477709e-07],
        "median": [0.00137705099769, 0.00305988220498, 0.00223992834799, 0.000668596941978, 0.000387173466152, 0.000168503189343, 0.000133662804728, 0.000129289677716, 8.5440085968e-05, 7.88291217759e-05, 7.52370397095e-05, 6.15399330854e-05, 7.88369725342e-05, 6.00372404733e-05, 4.35756410297e-05, 4.44693396275e-05, 4.23828241765e-05, 3.33030438924e-05, 2.00204340217e-05, 1.98569778149e-05, 2.02014343813e-05, 2.28313365369e-05, 2.0369543563e-05, 1.15360662676e-05, 9.50640969677e-06, 9.12279028853e-06, 7.81502239988e-06, 5.84826375416e-06, 7.03728437657e-06, 5.08048697156e-06, 4.71857174489e-06, 5.11606003784e-06, 3.53638529305e-06, 2.61234708887e-06, 2.04947423299e-06, 1.68780377408e-06, 1.39462599691e-06, 6.49791843443e-07, 6.49831974897e-07, 2.87855300485e-07],
        "min": [4.39954295217e-09, 9.64910462642e-09, 2.41863524764e-08, 1.58210821155e-06, 3.89781280319e-06, 1.69981944964e-07, 1.35792890887e-06, 3.79095376957e-06, 1.82068092158e-07, 3.85183028584e-07, 7.73693386691e-07, 7.73358976858e-07, 1.2073404605e-06, 3.20661513342e-07, 2.1983753129e-07, 7.81168523645e-07, 4.01248797743e-07, 1.88652492739e-07, 5.6993691544e-08, 6.14529298559e-08, 1.21656469787e-07, 1.64593771501e-07, 6.97355204693e-08, 3.84451404045e-08, 3.33905241234e-08, 3.85848863971e-08, 4.63722038546e-08, 9.02423202831e-09, 1.46453791317e-08, 1.57734358908e-08, 6.48786846469e-09, 6.66710153752e-09, 3.70286534768e-09, 5.84426107508e-09, 1.74761871641e-09, 5.95053728514e-10, 6.02344951695e-10, 6.28717022888e-10, 3.48917450488e-10, 1.95759936039e-10],
