{
"highlevel": {
    "danceability": {
        "all": {
            "danceable": 0.547955453396,
            "not_danceable": 0.452044576406
        },
        "probability": 0.547955453396,
        "value": "danceable"
    },
    "gender": {
        "all": {
            "female": 0.00947934575379,
            "male": 0.990520656109
        },
        "probability": 0.990520656109,
        "value": "male"
    },
    "genre_dortmund": {
        "all": {
            "alternative": 0.0279910154641,
            "blues": 0.0665776953101,
            "electronic": 0.00906695984304,
            "folkcountry": 0.371639639139,
            "funksoulrnb": 0.0194234736264,
            "jazz": 0.0224888008088,
            "pop": 0.0414137244225,
            "raphiphop": 0.336398422718,
            "rock": 0.105000264943
        },
        "probability": 0.371639639139,
        "value": "folkcountry"
    },
    "genre_electronic": {
        "all": {
            "ambient": 0.768175065517,
            "dnb": 0.0469121336937,
            "house": 0.119536206126,
            "techno": 0.0290174148977,
            "trance": 0.036359179765
        },
        "probability": 0.768175065517,
        "value": "ambient"
    },
    "genre_rosamerica": {
        "all": {
            "cla": 0.294435560703,
            "dan": 0.0181059986353,
            "hip": 0.20785240829,
            "jaz": 0.169656187296,
            "pop": 0.0517414361238,
            "rhy": 0.155087828636,
            "roc": 0.0265013482422,
            "spe": 0.0766192451119
        },
        "probability": 0.294435560703,
        "value": "cla"
    },
    "genre_tzanetakis": {
        "all": {
            "blu": 0.0626613423228,
            "cla": 0.0348169617355,
            "cou": 0.104475811124,
            "dis": 0.0784321576357,
            "hip": 0.15692435205,
            "jaz": 0.313974827528,
            "met": 0.0448166541755,
            "pop": 0.0627359300852,
            "reg": 0.0627360641956,
            "roc": 0.0784258767962
        },
        "probability": 0.313974827528,
        "value": "jaz"
    },
    "ismir04_rhythm": {
        "all": {
            "ChaChaCha": 0.018127899617,
            "Jive": 0.0244519710541,
            "Quickstep": 0.416006594896,
            "Rumba-American": 0.0156900454313,
            "Rumba-International": 0.0273653324693,
            "Rumba-Misc": 0.00777941290289,
            "Samba": 0.419964015484,
            "Tango": 0.0357696674764,
            "VienneseWaltz": 0.0281769130379,
            "Waltz": 0.00666815740988
        },
        "probability": 0.419964015484,
        "value": "Samba"
    },
    "mood_acoustic": {
        "all": {
            "acoustic": 0.958902835846,
            "not_acoustic": 0.0410971902311
        },
        "probability": 0.958902835846,
        "value": "acoustic"
    },
    "mood_aggressive": {
        "all": {
            "aggressive": 0.167991355062,
            "not_aggressive": 0.83200865984
        },
        "probability": 0.83200865984,
        "value": "not_aggressive"
    },
    "mood_electronic": {
        "all": {
            "electronic": 0.313814371824,
            "not_electronic": 0.686185598373
        },
        "probability": 0.686185598373,
        "value": "not_electronic"
    },
    "mood_happy": {
        "all": {
            "happy": 0.513432145119,
            "not_happy": 0.486567854881
        },
        "probability": 0.513432145119,
        "value": "happy"
    },
    "mood_party": {
        "all": {
            "not_party": 0.828595578671,
            "party": 0.171404436231
        },
        "probability": 0.828595578671,
        "value": "not_party"
    },
    "mood_relaxed": {
        "all": {
            "not_relaxed": 0.647675156593,
            "relaxed": 0.352324843407
        },
        "probability": 0.647675156593,
        "value": "not_relaxed"
    },
    "mood_sad": {
        "all": {
            "not_sad": 0.320508509874,
            "sad": 0.679491460323
        },
        "probability": 0.679491460323,
        "value": "sad"
    },
    "moods_mirex": {
        "all": {
            "Cluster1": 0.179373160005,
            "Cluster2": 0.177471533418,
            "Cluster3": 0.368775814772,
            "Cluster4": 0.229168400168,
            "Cluster5": 0.0452110916376
        },
        "probability": 0.368775814772,
        "value": "Cluster3"
    },
    "timbre": {
        "all": {
            "bright": 0.334387242794,
            "dark": 0.665612757206
        },
        "probability": 0.665612757206,
        "value": "dark"
    },
    "tonal_atonal": {
        "all": {
            "atonal": 0.000991612207144,
            "tonal": 0.99900841713
        },
        "probability": 0.99900841713,
        "value": "tonal"
    },
    "voice_instrumental": {
        "all": {
            "instrumental": 0.00132891361136,
            "voice": 0.998671114445
        },
        "probability": 0.998671114445,
        "value": "voice"
    }
},
"lowlevel": {
    "average_loudness": 0.884490907192,
    "barkbands_crest": {
        "dmean": 3.23555493355,
        "dmean2": 5.27422571182,
        "dvar": 7.82605171204,
        "dvar2": 19.702955246,
        "max": 26.1075782776,
        "mean": 10.3098955154,
        "median": 9.4817905426,
        "min": 2.64344763756,
        "var": 18.9401397705
    },
    "barkbands_flatness_db": {
        "dmean": 0.030963761732,
        "dmean2": 0.047643084079,
        "dvar": 0.000895897217561,
        "dvar2": 0.00211296183988,
        "max": 0.341311961412,
        "mean": 0.164890751243,
        "median": 0.161298856139,
        "min": 0.0589885003865,
        "var": 0.0025048754178
    },
    "barkbands_kurtosis": {
        "dmean": 5.05978918076,
        "dmean2": 8.18707370758,
        "dvar": 105.739334106,
        "dvar2": 271.901672363,
        "max": 120.958869934,
        "mean": 6.03508615494,
        "median": 3.07095050812,
        "min": -1.89580249786,
        "var": 127.593910217
    },
    "barkbands_skewness": {
        "dmean": 0.819639205933,
        "dmean2": 1.23857867718,
        "dvar": 0.87081438303,
        "dvar2": 1.97963416576,
        "max": 9.41502571106,
        "mean": 1.51709735394,
        "median": 1.4266422987,
        "min": -8.36062431335,
        "var": 2.36075544357
    },
    "barkbands_spread": {
        "dmean": 8.25269126892,
        "dmean2": 12.9917516708,
        "dvar": 114.053741455,
        "dvar2": 266.845611572,
        "max": 101.123672485,
        "mean": 20.9054927826,
        "median": 15.0992012024,
        "min": 1.38508307934,
        "var": 279.661193848
    },
    "dissonance": {
        "dmean": 0.0310128591955,
        "dmean2": 0.0511353760958,
        "dvar": 0.00113948597573,
        "dvar2": 0.00292893522419,
        "max": 0.5,
        "mean": 0.439030408859,
        "median": 0.457454800606,
        "min": 0.205806270242,
        "var": 0.00286362227052
    },
    "dynamic_complexity": 5.15016555786,
    "erbbands_crest": {
        "dmean": 3.4468832016,
        "dmean2": 5.5627040863,
        "dvar": 9.84139442444,
        "dvar2": 24.0895557404,
        "max": 31.8973751068,
        "mean": 10.9587163925,
        "median": 9.98395633698,
        "min": 2.58192515373,
        "var": 31.4918308258
    },
    "erbbands_flatness_db": {
        "dmean": 0.0263466648757,
        "dmean2": 0.0390287339687,
        "dvar": 0.000591912539676,
        "dvar2": 0.00120785529725,
        "max": 0.391305953264,
        "mean": 0.183214724064,
        "median": 0.181494697928,
        "min": 0.055242035538,
        "var": 0.00301098241471
    },
    "erbbands_kurtosis": {
        "dmean": 2.4737136364,
        "dmean2": 3.90020418167,
        "dvar": 22.7182044983,
        "dvar2": 57.2238082886,
        "max": 104.117843628,
        "mean": 2.88257074356,
        "median": 0.670835971832,
        "min": -1.79068100452,
        "var": 37.5579109192
    },
    "erbbands_skewness": {
        "dmean": 0.577632963657,
        "dmean2": 0.862961947918,
        "dvar": 0.34005934,
        "dvar2": 0.706340789795,
        "max": 5.6299328804,
        "mean": 0.740016937256,
        "median": 0.741083085537,
        "min": -7.6514377594,
        "var": 1.70923101902
    },
    "erbbands_spread": {
        "dmean": 10.4584522247,
        "dmean2": 16.0095539093,
        "dvar": 124.603881836,
        "dvar2": 276.582305908,
        "max": 122.502853394,
        "mean": 36.3730812073,
        "median": 32.2319755554,
        "min": 2.18537926674,
        "var": 503.24230957
    },
    "hfc": {
        "dmean": 6.37031602859,
        "dmean2": 9.28997707367,
        "dvar": 96.6771011353,
        "dvar2": 179.112808228,
        "max": 131.249938965,
        "mean": 13.3204545975,
        "median": 6.15313816071,
        "min": 0.0308761987835,
        "var": 283.98626709
    },
    "melbands_crest": {
        "dmean": 4.00922727585,
        "dmean2": 6.50815439224,
        "dvar": 10.5310192108,
        "dvar2": 26.8306674957,
        "max": 32.936290741,
        "mean": 14.0870828629,
        "median": 13.126543045,
        "min": 3.83173370361,
        "var": 28.5505313873
    },
    "melbands_flatness_db": {
        "dmean": 0.0373611152172,
        "dmean2": 0.0559106506407,
        "dvar": 0.00145158730447,
        "dvar2": 0.00321302213706,
        "max": 0.426719158888,
        "mean": 0.204581990838,
        "median": 0.202474907041,
        "min": 0.0367157384753,
        "var": 0.00443352526054
    },
    "melbands_kurtosis": {
        "dmean": 11.4480361938,
        "dmean2": 18.6852073669,
        "dvar": 622.545349121,
        "dvar2": 1636.32836914,
        "max": 295.678771973,
        "mean": 15.6401367188,
        "median": 7.73255729675,
        "min": -1.88599061966,
        "var": 770.030700684
    },
    "melbands_skewness": {
        "dmean": 1.04164946079,
        "dmean2": 1.59496033192,
        "dvar": 1.44610416889,
        "dvar2": 3.42376422882,
        "max": 12.7873420715,
        "mean": 2.41843342781,
        "median": 2.00736713409,
        "min": -3.82857728004,
        "var": 4.11801958084
    },
    "melbands_spread": {
        "dmean": 12.4018468857,
        "dmean2": 18.9612922668,
        "dvar": 569.333618164,
        "dvar2": 1201.21728516,
        "max": 286.801483154,
        "mean": 26.7392177582,
        "median": 16.9606990814,
        "min": 0.940157175064,
        "var": 1230.55480957
    },
    "pitch_salience": {
        "dmean": 0.0884767919779,
        "dmean2": 0.142972618341,
        "dvar": 0.00607440713793,
        "dvar2": 0.0153796579689,
        "max": 0.856704235077,
        "mean": 0.570093870163,
        "median": 0.585306763649,
        "min": 0.12919472158,
        "var": 0.0147554511204
    },
    "silence_rate_20dB": {
        "dmean": 0,
        "dmean2": 0,
        "dvar": 0,
        "dvar2": 0,
        "max": 1,
        "mean": 1,
        "median": 1,
        "min": 1,
        "var": 0
    },
    "silence_rate_30dB": {
        "dmean": 0,
        "dmean2": 0,
        "dvar": 0,
        "dvar2": 0,
        "max": 1,
        "mean": 1,
        "median": 1,
        "min": 1,
        "var": 0
    },
    "silence_rate_60dB": {
        "dmean": 0.135448917747,
        "dmean2": 0.270333081484,
        "dvar": 0.117102950811,
        "dvar2": 0.217390686274,
        "max": 1,
        "mean": 0.278422266245,
        "median": 0,
        "min": 0,
        "var": 0.200902864337
    },
    "spectral_centroid": {
        "dmean": 346.036315918,
        "dmean2": 525.927062988,
        "dvar": 234604.609375,
        "dvar2": 470132.15625,
        "max": 7208.91601562,
        "mean": 1296.9050293,
        "median": 1017.16571045,
        "min": 272.213500977,
        "var": 726300.9375
    },
    "spectral_complexity": {
        "dmean": 3.37925696373,
        "dmean2": 5.16808652878,
        "dvar": 17.5480918884,
        "dvar2": 39.1712913513,
        "max": 38,
        "mean": 9.92034053802,
        "median": 9,
        "min": 0,
        "var": 41.1359329224
    },
    "spectral_decrease": {
        "dmean": 2.35234898227e-09,
        "dmean2": 3.54276119552e-09,
        "dvar": 1.65397493176e-17,
        "dvar2": 3.91061909945e-17,
        "max": -1.47043818094e-11,
        "mean": -3.85633125433e-09,
        "median": -1.53079648957e-09,
        "min": -2.94891968622e-08,
        "var": 2.88521590275e-17
    },
    "spectral_energy": {
        "dmean": 0.0093587692827,
        "dmean2": 0.0140252234414,
        "dvar": 0.0002514066,
        "dvar2": 0.00058710767189,
        "max": 0.117923609912,
        "mean": 0.0157628972083,
        "median": 0.00643654726446,
        "min": 5.92017167946e-05,
        "var": 0.000459356349893
    },
    "spectral_energyband_high": {
        "dmean": 0.00033466698369,
        "dmean2": 0.000516388972756,
        "dvar": 7.46818614061e-07,
        "dvar2": 1.57838042014e-06,
        "max": 0.0181917957962,
        "mean": 0.000509751320351,
        "median": 0.000163337477716,
        "min": 4.86952501433e-07,
        "var": 1.33195374019e-06
    },
    "spectral_energyband_low": {
        "dmean": 0.00398583477363,
        "dmean2": 0.0069214226678,
        "dvar": 0.000139222451253,
        "dvar2": 0.000377770396881,
        "max": 0.0809370130301,
        "mean": 0.00341762765311,
        "median": 0.000956665258855,
        "min": 5.65096252103e-06,
        "var": 9.89165127976e-05
    },
    "spectral_energyband_middle_high": {
        "dmean": 0.00174999877345,
        "dmean2": 0.00247734808363,
        "dvar": 1.39722060339e-05,
        "dvar2": 2.78570551018e-05,
        "max": 0.0790893658996,
        "mean": 0.00315854861401,
        "median": 0.000928166438825,
        "min": 3.06885408463e-06,
        "var": 3.87918335036e-05
    },
    "spectral_energyband_middle_low": {
        "dmean": 0.00502663850784,
        "dmean2": 0.00711905630305,
        "dvar": 7.14794587111e-05,
        "dvar2": 0.000139861935168,
        "max": 0.109158828855,
        "mean": 0.00913115683943,
        "median": 0.0029928041622,
        "min": 8.86491852725e-06,
        "var": 0.000210566067835
    },
    "spectral_entropy": {
        "dmean": 0.246095448732,
        "dmean2": 0.361743450165,
        "dvar": 0.05647996068,
        "dvar2": 0.117901623249,
        "max": 8.65130996704,
        "mean": 7.45553970337,
        "median": 7.43239212036,
        "min": 6.03306388855,
        "var": 0.230895504355
    },
    "spectral_flux": {
        "dmean": 0.0300612524152,
        "dmean2": 0.0443274527788,
        "dvar": 0.00137989141513,
        "dvar2": 0.0026912051253,
        "max": 0.293189257383,
        "mean": 0.0698263198137,
        "median": 0.0542894154787,
        "min": 0.00639430899173,
        "var": 0.00301612215117
    },
    "spectral_kurtosis": {
        "dmean": 1.89473152161,
        "dmean2": 3.20362019539,
        "dvar": 5.51241159439,
        "dvar2": 15.2454662323,
        "max": 27.9176101685,
        "mean": 3.70580840111,
        "median": 2.94965076447,
        "min": -1.16272711754,
        "var": 10.4457874298
    },
    "spectral_rms": {
        "dmean": 0.00102535856422,
        "dmean2": 0.00141166779213,
        "dvar": 1.66795985024e-06,
        "dvar2": 3.42919361174e-06,
        "max": 0.0107260160148,
        "mean": 0.00323486584239,
        "median": 0.00250590476207,
        "min": 0.00024032847432,
        "var": 4.91407263326e-06
    },
    "spectral_rolloff": {
        "dmean": 702.630737305,
        "dmean2": 1190.41503906,
        "dvar": 1897753.125,
        "dvar2": 3927547.75,
        "max": 10831.2011719,
        "mean": 1659.95690918,
        "median": 947.4609375,
        "min": 86.1328125,
        "var": 3957353.75
    },
    "spectral_skewness": {
        "dmean": 0.296026468277,
        "dmean2": 0.466481953859,
        "dvar": 0.0930244401097,
        "dvar2": 0.22879357636,
        "max": 3.99998688698,
        "mean": 1.45697069168,
        "median": 1.40041577816,
        "min": -0.49598222971,
        "var": 0.328283935785
    },
    "spectral_spread": {
        "dmean": 695801.625,
        "dmean2": 1022746.6875,
        "dvar": 697129828352,
        "dvar2": 1.29416835891e+12,
        "max": 17934904,
        "mean": 4664932.5,
        "median": 4340724.5,
        "min": 1679012.75,
        "var": 2.56468084326e+12
    },
    "spectral_strongpeak": {
        "dmean": 0.624167382717,
        "dmean2": 0.971273124218,
        "dvar": 0.92217373848,
        "dvar2": 2.12030792236,
        "max": 9.30723762512,
        "mean": 1.09452199936,
        "median": 0.411370456219,
        "min": 0.00398051878437,
        "var": 2.17421603203
    },
    "zerocrossingrate": {
        "dmean": 0.0156646817923,
        "dmean2": 0.0180376619101,
        "dvar": 0.000517939741258,
        "dvar2": 0.000507386168465,
        "max": 0.3740234375,
        "mean": 0.0659738555551,
        "median": 0.04931640625,
        "min": 0.00634765625,
        "var": 0.00300893769599
    },
    "barkbands": {
        "dmean": [6.25309621682e-05, 0.00239850557409, 0.00149214116391, 0.000567164388485, 0.00076286069816, 0.00030759209767, 0.000974026101176, 0.00209410884418, 0.00145917758346, 0.000884381355718, 0.000510499812663, 0.00026856616023, 0.000136874034069, 0.000217167980736, 0.0001615658839, 0.00013164889242, 0.000126993705635, 0.000139062845847, 8.7039275968e-05, 6.89554362907e-05, 5.77005193918e-05, 6.9462817919e-05, 0.000109535336378, 0.000104199149064, 1.69887935044e-05, 9.64266564552e-06, 1.21947640874e-09],
        "dmean2": [9.30484457058e-05, 0.00425280444324, 0.00265579344705, 0.000971545756329, 0.00124612590298, 0.000481063354528, 0.00145253434312, 0.00310359569266, 0.00204712408595, 0.00130912440363, 0.000811457808595, 0.000410243519582, 0.000232220962062, 0.000356798933353, 0.000247637217399, 0.000206299868296, 0.000197636982193, 0.000215280233533, 0.00013748886704, 0.000112213281682, 9.60194811341e-05, 0.000112482513941, 0.000174318847712, 0.000165820936672, 2.78136121779e-05, 1.48795252244e-05, 2.13946638183e-09],
        "dvar": [2.43387372478e-08, 5.22241352883e-05, 2.29569868679e-05, 1.56869157308e-06, 1.77776723831e-06, 3.11359855232e-07, 1.5265562979e-05, 3.08148446493e-05, 1.48252756844e-05, 1.21412385852e-05, 2.09350559999e-06, 6.31528848771e-07, 2.62797328787e-07, 6.29333328561e-07, 3.27569324554e-07, 1.93542561533e-07, 1.23116464579e-07, 1.12376206118e-07, 3.45288455605e-08, 3.33428644694e-08, 2.50999558915e-08, 2.57356731481e-08, 1.18610195443e-07, 1.55046592454e-07, 1.1442711223e-09, 4.6453477176e-10, 8.64104102213e-17],
        "dvar2": [4.9263519486e-08, 0.000143485143781, 6.39614881948e-05, 4.28220664617e-06, 4.40018447989e-06, 7.03333171259e-07, 3.14877433993e-05, 6.7154840508e-05, 2.81039974652e-05, 2.55397972069e-05, 4.49199887953e-06, 1.29499051127e-06, 6.62057459522e-07, 1.6273422716e-06, 5.66261803669e-07, 4.76117605785e-07, 2.91647580752e-07, 2.49674513952e-07, 8.11470357576e-08, 8.42228828901e-08, 5.29037009755e-08, 5.7259722297e-08, 2.59176857753e-07, 3.86987693446e-07, 2.82961254428e-09, 9.6335606159e-10, 1.92302723813e-16],
        "max": [0.00131048751064, 0.0490902885795, 0.0346221327782, 0.0134053062648, 0.0111444732174, 0.00755993649364, 0.0886496156454, 0.079769872129, 0.0483946092427, 0.0732148215175, 0.0162022076547, 0.0164235793054, 0.00599177880213, 0.0108269508928, 0.0128848142922, 0.0092316493392, 0.008570372127, 0.00712560582906, 0.00349811813794, 0.00346264918335, 0.00384486140683, 0.00350048835389, 0.00744964554906, 0.00821410771459, 0.000379222707124, 0.000345869950252, 2.09621020986e-07],
        "mean": [6.85012710164e-05, 0.00192410778254, 0.00113867525943, 0.000584295019507, 0.000833868223708, 0.000455646775663, 0.00174337625504, 0.00271220062859, 0.00208769110031, 0.00132550159469, 0.000685438222717, 0.000334639684297, 0.000139746043715, 0.000248682539677, 0.00022000973695, 0.000201283386559, 0.000183566386113, 0.000211039194255, 0.000109063708805, 7.54176435294e-05, 6.15987300989e-05, 9.13909607334e-05, 0.000145638405229, 0.000148191844346, 2.0805049644e-05, 1.25366423163e-05, 9.13678854797e-10],
        "median": [6.89532544129e-06, 0.00039122835733, 0.000199650487048, 0.000251537654549, 0.000320308987284, 0.000199146932573, 0.000144891644595, 0.000218391636736, 0.000202423718292, 0.000101292716863, 6.34368334431e-05, 3.13392411044e-05, 2.22484959522e-05, 2.81207194348e-05, 2.49693002843e-05, 3.59588520951e-05, 4.59201764897e-05, 4.29732790508e-05, 2.70581549557e-05, 1.53907712956e-05, 1.4054942767e-05, 3.00571136904e-05, 3.02484877466e-05, 2.94153578579e-05, 4.33443528891e-06, 1.61917068908e-06, 1.31741298426e-10],
        "min": [2.75711773412e-08, 1.5376506326e-06, 6.7541293447e-08, 1.85118295803e-07, 5.21247670804e-07, 6.56853913483e-08, 1.56729385026e-07, 2.90404670977e-07, 9.00982513485e-07, 2.39463474827e-07, 1.48458525473e-07, 6.0132244073e-08, 6.70980284667e-08, 1.4298090889e-07, 1.01120662066e-07, 8.08292384136e-08, 1.47532517758e-07, 1.29445069774e-07, 1.16507720804e-07, 7.41644825553e-08, 6.158443e-08, 6.23982145953e-08, 3.99828401498e-08, 9.54674383991e-09, 6.51962555123e-12, 8.74532044004e-12, 1.23274394165e-11],
        "var": [3.248170799e-08, 3.59455298167e-05, 1.45113681356e-05, 1.22068479413e-06, 1.91742833522e-06, 5.67687152397e-07, 6.37076591374e-05, 5.30654324393e-05, 2.90101670544e-05, 2.58033433056e-05, 3.35679737873e-06, 1.18507864499e-06, 2.62745743385e-07, 6.76044976444e-07, 6.27192605407e-07, 4.74660566852e-07, 2.08168131621e-07, 2.69868706937e-07, 5.56952599595e-08, 4.3114255277e-08, 2.88812671556e-08, 3.41336239273e-08, 1.70552766576e-07, 2.91165491717e-07, 1.58630175662e-09, 9.88788273482e-10, 6.3937501165e-17]
    },
    "erbbands": {
        "dmean": [0.0472172498703, 0.635861992836, 1.83571505547, 1.61221683025, 2.75710868835, 2.06972551346, 2.39502310753, 2.53169775009, 9.60646915436, 22.4247531891, 51.4200172424, 27.4825496674, 35.7426452637, 24.4408187866, 15.4206094742, 9.37962818146, 6.07624387741, 10.4381361008, 10.7168531418, 5.56995153427, 6.82001447678, 7.10047912598, 8.28387546539, 4.02740383148, 4.81228876114, 2.963347435, 2.15598034859, 2.50986194611, 2.58934593201, 2.46240258217, 3.35983014107, 2.7317378521, 1.32325053215, 0.293181359768, 0.0890009403229, 0.0464570745826, 0.0187792144716, 0.00173929822631, 3.40661936207e-05, 1.19420737974e-05],
        "dmean2": [0.0819580480456, 1.13382637501, 3.30888080597, 2.69327926636, 4.57806873322, 3.53710150719, 3.88398385048, 4.00394868851, 14.8198890686, 33.4659690857, 74.0812225342, 39.9910812378, 49.9129714966, 37.6311225891, 22.9132461548, 14.0730323792, 9.86862182617, 16.630235672, 16.2047634125, 8.27308559418, 10.1954851151, 11.0342950821, 12.7895212173, 6.39625740051, 7.45118713379, 4.79663991928, 3.63190817833, 4.08230018616, 4.22823429108, 3.97267436981, 5.25828695297, 4.40687847137, 2.08871054649, 0.462279468775, 0.14682765305, 0.073469825089, 0.0292727220803, 0.00277882884257, 5.23196576978e-05, 1.78395875992e-05],
        "dvar": [0.0177432168275, 3.77498030663, 35.0746917725, 16.7997913361, 28.4641838074, 13.7934885025, 34.8753814697, 21.4294929504, 1720.1282959, 7871.26220703, 18779.5078125, 6104.19384766, 11555.7050781, 15233.5664062, 1633.03564453, 723.980407715, 484.985870361, 1543.234375, 1352.59436035, 239.711715698, 538.966552734, 322.493927002, 464.12020874, 62.5329666138, 140.384109497, 63.0558776855, 21.5146369934, 65.0529708862, 40.3464508057, 45.937664032, 123.786087036, 101.035148621, 27.6736984253, 0.551588475704, 0.0361506417394, 0.0115439128131, 0.00195380952209, 2.01054954232e-05, 5.5993560899e-09, 3.40879796612e-10],
        "dvar2": [0.0478108264506, 10.4738121033, 98.7425079346, 44.7759208679, 71.1080474854, 36.0279846191, 81.1754302979, 43.7977905273, 3481.34667969, 17887.2832031, 40452.9375, 14254.2978516, 18052.2597656, 37114.1953125, 3252.86743164, 1445.39953613, 1236.39416504, 3887.32836914, 2376.62304688, 526.126525879, 1223.42077637, 735.67779541, 1071.90515137, 153.48840332, 304.111907959, 150.168380737, 49.3303146362, 133.650543213, 87.337600708, 103.208015442, 274.697418213, 250.835464478, 64.168800354, 1.31829833984, 0.0906895399094, 0.0251727681607, 0.00424809381366, 4.8345867981e-05, 1.28230226437e-08, 7.76351538612e-10],
        "max": [0.958610534668, 13.6507396698, 40.5281486511, 33.6516685486, 47.466545105, 42.7831077576, 122.384040833, 74.6114501953, 1048.89331055, 2111.27807617, 1805.28259277, 1263.72070312, 2011.93273926, 3048.50268555, 618.245239258, 553.283813477, 279.035583496, 599.802612305, 801.266052246, 364.816070557, 548.835632324, 412.522277832, 459.37789917, 127.038215637, 245.458251953, 179.165908813, 73.5138092041, 223.557479858, 148.77557373, 126.952156067, 250.417663574, 177.213943481, 137.287719727, 15.0226898193, 2.46333360672, 1.78123569489, 0.631466388702, 0.0657460689545, 0.0010100142099, 0.000153531946125],
        "mean": [0.0403970442712, 0.486623674631, 1.36776709557, 1.65107703209, 2.82747626305, 2.36194849014, 2.69173431396, 4.14917564392, 18.9964122772, 32.5971450806, 67.7990646362, 40.3685264587, 61.3886566162, 34.9104881287, 22.7042579651, 12.4224443436, 6.91751241684, 12.5225839615, 14.2796096802, 8.15391540527, 11.2609434128, 11.5864467621, 12.4340162277, 5.68099737167, 6.31181907654, 3.38480496407, 2.33131670952, 2.83750987053, 3.52586531639, 3.16654062271, 4.42036056519, 3.88188195229, 1.87015211582, 0.378340810537, 0.105242207646, 0.059110507369, 0.0234332773834, 0.00201557250693, 4.77795219922e-05, 2.15197705984e-05],
        "median": [0.00906958058476, 0.0940213426948, 0.257053494453, 0.686020255089, 1.0561927557, 0.77575135231, 0.935486972332, 1.55927169323, 2.55104494095, 3.63116574287, 6.76458501816, 4.85099601746, 4.25137090683, 3.34732317924, 2.47924375534, 1.45413982868, 1.37766218185, 1.64613485336, 1.70883607864, 1.69300091267, 1.93139326572, 2.82131242752, 2.31795477867, 1.66724801064, 1.32979214191, 0.821774542332, 0.503316164017, 0.7496702075, 1.12656915188, 0.908111810684, 0.894001483917, 0.752799212933, 0.310436427593, 0.0797774493694, 0.0200406350195, 0.007508196868, 0.00279229017906, 0.000182332049008, 1.41735172292e-05, 1.03016254798e-05],
        "min": [3.88879961974e-05, 0.000228421296924, 0.00067547429353, 0.00148125283886, 0.00232668290846, 0.00126192043535, 0.000587501679547, 0.000865092442837, 0.00343210902065, 0.00329553871416, 0.0161702260375, 0.0187389217317, 0.0173468217254, 0.0145827280357, 0.00770527962595, 0.00283982837573, 0.00408619269729, 0.0063000083901, 0.00989845115691, 0.00533080566674, 0.0051438184455, 0.00811570696533, 0.00754185812548, 0.00389664573595, 0.00503224181011, 0.00342642934993, 0.00266279350035, 0.00205447804183, 0.00256093638018, 0.0015510431258, 0.00162847421598, 0.00048597593559, 8.68881397764e-05, 6.39138352199e-06, 1.26819543311e-06, 4.6787613428e-07, 1.22850934758e-07, 2.42230022707e-08, 5.86840371852e-08, 1.26551455537e-07],
        "var": [0.0132874753326, 2.50018382072, 21.6745758057, 12.9378023148, 26.1020908356, 16.7649097443, 40.6448860168, 52.7769889832, 8518.04882812, 13015.3056641, 35153.9296875, 9068.77148438, 37981.7851562, 27901.6894531, 3086.9934082, 1400.58483887, 524.457763672, 1691.58276367, 2481.11767578, 429.159790039, 1668.64758301, 740.642700195, 973.139099121, 122.290145874, 276.781036377, 80.3068771362, 26.8399677277, 75.5398483276, 55.0908546448, 57.4524612427, 172.855895996, 172.911407471, 56.8175468445, 0.850981771946, 0.0458422005177, 0.0226269848645, 0.00373546779156, 2.97115730064e-05, 1.00728456687e-08, 6.99417801453e-10]
    },
    "gfcc": {
        "mean": [-69.7849502563, 97.1781692505, -122.60874939, 37.30859375, -75.2250061035, 16.8972434998, -33.9145011902, 13.663435936, -7.62523698807, -10.2951412201, -13.8153018951, -4.29289770126, -12.9869441986],
        "cov": [[6742.68261719, -1969.60546875, -27.8633079529, -655.728637695, -301.604278564, 178.96496582, -486.294403076, 476.882598877, -353.595855713, 427.247283936, -442.254241943, 208.838882446, -475.906494141], [-1969.60546875, 2317.50732422, -496.320678711, 76.4744338989, 261.115325928, -233.925933838, 505.549499512, -290.29006958, 268.192932129, -419.858795166, 281.841369629, -236.241271973, 252.067260742], [-27.8633079529, -496.320678711, 850.389587402, 224.906997681, 64.793182373, 137.076583862, -140.359863281, 112.862220764, -111.138885498, 171.066574097, -83.8908157349, 115.869239807, -46.5802726746], [-655.728637695, 76.4744338989, 224.906997681, 898.15246582, 311.591888428, -121.189460754, -149.735351562, -189.867446899, 84.3564147949, -8.51891136169, 58.3892631531, -31.6052036285, 104.582046509], [-301.604278564, 261.115325928, 64.793182373, 311.591888428, 362.80557251, -16.4346923828, 15.0060434341, -72.561378479, 36.743560791, 5.43484926224, -14.9395799637, -27.544921875, 45.8562202454], [178.96496582, -233.925933838, 137.076583862, -121.189460754, -16.4346923828, 302.561981201, 72.4705429077, 84.5210037231, -33.2372703552, 29.2761459351, -22.3945503235, -2.86823391914, -33.680606842], [-486.294403076, 505.549499512, -140.359863281, -149.735351562, 15.0060434341, 72.4705429077, 417.917236328, 32.0254898071, 27.4872837067, -129.229370117, 84.3294525146, -47.4937438965, 39.2523193359], [476.882598877, -290.29006958, 112.862220764, -189.867446899, -72.561378479, 84.5210037231, 32.0254898071, 233.755279541, -14.1537857056, 61.1503715515, -54.6325035095, 41.3893241882, -55.5661201477], [-353.595855713, 268.192932129, -111.138885498, 84.3564147949, 36.743560791, -33.2372703552, 27.4872837067, -14.1537857056, 241.808151245, -72.6783981323, 83.9916152954, -35.4984092712, 28.799829483], [427.247283936, -419.858795166, 171.066574097, -8.51891136169, 5.43484926224, 29.2761459351, -129.229370117, 61.1503715515, -72.6783981323, 212.972381592, -64.8333358765, 44.8629951477, -56.8548774719], [-442.254241943, 281.841369629, -83.8908157349, 58.3892631531, -14.9395799637, -22.3945503235, 84.3294525146, -54.6325035095, 83.9916152954, -64.8333358765, 163.329559326, -11.7719287872, 47.2820014954], [208.838882446, -236.241271973, 115.869239807, -31.6052036285, -27.544921875, -2.86823391914, -47.4937438965, 41.3893241882, -35.4984092712, 44.8629951477, -11.7719287872, 155.454910278, -15.6746206284], [-475.906494141, 252.067260742, -46.5802726746, 104.582046509, 45.8562202454, -33.680606842, 39.2523193359, -55.5661201477, 28.799829483, -56.8548774719, 47.2820014954, -15.6746206284, 133.924606323]],
        "icov": [[0.000296513666399, -7.30638339519e-06, 0.000324686494423, -8.19305350888e-05, 2.49379645538e-05, -0.000157030124683, 0.000297444232274, -0.00049937935546, 0.000286181690171, -0.000117945652164, 0.000266356626526, -0.000256009079749, 0.000666315667331], [-7.30638339519e-06, 0.00192758569028, -0.000605646520853, 0.00125208799727, -0.00164464395493, 0.00162395683583, -0.00128528987989, 0.00138182612136, -0.000803944247309, 0.00156931206584, -0.00133780296892, 0.00174359453376, -0.00140533165541], [0.000324686494423, -0.000605646520853, 0.00271649216302, -0.00151848548558, 0.00062494399026, -0.00166033720598, 0.000888818816748, -0.00200198055245, 0.00124124856666, -0.0013021324994, 0.000878941151313, -0.00194407091476, 0.00134407787118], [-8.19305350888e-05, 0.00125208799727, -0.00151848548558, 0.00355076603591, -0.00286218943074, 0.0017660241574, 8.64739340614e-05, 0.00211251876317, -0.00103057012893, 0.00139759213198, -0.00201134523377, 0.00187042576727, -0.0019294481026], [2.49379645538e-05, -0.00164464395493, 0.00062494399026, -0.00286218943074, 0.00622896105051, -0.00167896097992, -0.000458028924186, -0.000182897958439, -0.000326144130668, -0.00256274989806, 0.00360866263509, -0.00159397954121, 0.000661429658066], [-0.000157030124683, 0.00162395683583, -0.00166033720598, 0.0017660241574, -0.00167896097992, 0.00587454903871, -0.00199119746685, 0.000791564991232, -0.000714904337656, 0.00120916147716, -0.00140453071799, 0.00253297784366, -0.00114744063467], [0.000297444232274, -0.00128528987989, 0.000888818816748, 8.64739340614e-05, -0.000458028924186, -0.00199119746685, 0.00566485989839, -0.00301382760517, 0.00197629723698, 0.00133000279311, -0.00165058742277, -0.000526720832568, 0.00112371519208], [-0.00049937935546, 0.00138182612136, -0.00200198055245, 0.00211251876317, -0.000182897958439, 0.000791564991232, -0.00301382760517, 0.00952938292176, -0.00319827161729, -0.000486731150886, 0.00124623358715, 0.000568507413846, -0.00151483749505], [0.000286181690171, -0.000803944247309, 0.00124124856666, -0.00103057012893, -0.000326144130668, -0.000714904337656, 0.00197629723698, -0.00319827161729, 0.00695353373885, 0.00104846199974, -0.0027048480697, -0.000106249375676, 0.00168455170933], [-0.000117945652164, 0.00156931206584, -0.0013021324994, 0.00139759213198, -0.00256274989806, 0.00120916147716, 0.00133000279311, -0.000486731150886, 0.00104846199974, 0.0095867132768, -0.00184841372538, 0.00126699521206, 0.00031797066913], [0.000266356626526, -0.00133780296892, 0.000878941151313, -0.00201134523377, 0.00360866263509, -0.00140453071799, -0.00165058742277, 0.00124623358715, -0.0027048480697, -0.00184841372538, 0.0122085595503, -0.00284663867205, -9.36012802413e-05], [-0.000256009079749, 0.00174359453376, -0.00194407091476, 0.00187042576727, -0.00159397954121, 0.00253297784366, -0.000526720832568, 0.000568507413846, -0.000106249375676, 0.00126699521206, -0.00284663867205, 0.00989740621299, -0.00203106249683], [0.000666315667331, -0.00140533165541, 0.00134407787118, -0.0019294481026, 0.000661429658066, -0.00114744063467, 0.00112371519208, -0.00151483749505, 0.00168455170933, 0.00031797066913, -9.36012802413e-05, -0.00203106249683, 0.0125490669161]]
    },
    "melbands": {
        "dmean": [0.000550515949726, 0.000940220081247, 0.000321748870192, 0.000178583708475, 7.92860082584e-05, 5.51157609152e-05, 0.000169672101038, 0.000273296260275, 0.000408048654208, 0.000184217686183, 0.000174542758032, 9.87766979961e-05, 6.31530128885e-05, 3.77271462639e-05, 1.39962676258e-05, 1.44510586324e-05, 2.15626823774e-05, 1.8774124328e-05, 9.31772501644e-06, 7.96812673798e-06, 8.51761524245e-06, 7.28476697986e-06, 8.93026390258e-06, 6.61167860017e-06, 2.94584106086e-06, 3.62841296919e-06, 3.37149867846e-06, 1.7193937083e-06, 1.3379436723e-06, 1.39592282267e-06, 1.57004546963e-06, 1.60854870046e-06, 1.23819927467e-06, 1.54808572006e-06, 2.06833306038e-06, 1.89179866084e-06, 1.65291532994e-06, 1.03356944692e-06, 5.78474498525e-07, 1.66296103998e-07],
        "dmean2": [0.000968099222519, 0.00167947437149, 0.000533876765985, 0.000295937730698, 0.000127320454339, 8.67042108439e-05, 0.000257087376667, 0.000405801984016, 0.000589220086113, 0.000263438560069, 0.000244234543061, 0.000154137349455, 9.65793806245e-05, 5.6505043176e-05, 2.26854554057e-05, 2.3673477699e-05, 3.47738387063e-05, 2.85103305941e-05, 1.37772794915e-05, 1.29920354084e-05, 1.31130091177e-05, 1.13309442895e-05, 1.39710591611e-05, 1.04624496089e-05, 4.80494190924e-06, 5.77044920647e-06, 5.28570535607e-06, 2.83061763184e-06, 2.25710573432e-06, 2.34202389038e-06, 2.57506599155e-06, 2.61715422312e-06, 2.03984996006e-06, 2.51310643762e-06, 3.25787232214e-06, 3.01309160022e-06, 2.6723537303e-06, 1.66140318925e-06, 9.10643677798e-07, 2.7394406743e-07],
        "dvar": [2.63108040599e-06, 8.77661841514e-06, 5.30290776624e-07, 9.84371979484e-08, 3.31124390129e-08, 9.77974856653e-09, 5.3182617421e-07, 9.60982333709e-07, 1.20486390642e-06, 2.69410378451e-07, 2.78944526144e-07, 2.7685501891e-07, 2.98350855132e-08, 1.31811601634e-08, 2.85763435137e-09, 3.09737013815e-09, 7.14845116434e-09, 4.03731315046e-09, 6.35352381817e-10, 1.00424346616e-09, 9.9089825234e-10, 3.23689519632e-10, 6.12221939811e-10, 3.60797780541e-10, 3.7486583282e-11, 6.33404509398e-11, 1.02455148532e-10, 2.17268807112e-11, 8.43828652786e-12, 1.20159359893e-11, 2.6387638602e-11, 1.74235018774e-11, 7.5345086073e-12, 1.92493625206e-11, 5.08356585993e-11, 5.08376778174e-11, 3.26130025763e-11, 1.78980545662e-11, 4.64873712441e-12, 1.27193245628e-13],
        "dvar2": [7.13153531251e-06, 2.45649880526e-05, 1.40849999752e-06, 2.48355206622e-07, 7.7364099127e-08, 2.04444887686e-08, 1.0835235571e-06, 2.18045374822e-06, 2.58683530774e-06, 5.88985130889e-07, 4.38013728399e-07, 6.62159550302e-07, 6.26637017831e-08, 2.68316995289e-08, 7.61891794099e-09, 8.07256395063e-09, 1.82580439656e-08, 7.63651364366e-09, 1.15628140396e-09, 2.92859292372e-09, 2.20837970133e-09, 7.79922015859e-10, 1.50638879148e-09, 8.68418170707e-10, 9.47994807654e-11, 1.40244774127e-10, 2.53339182965e-10, 5.01824866384e-11, 1.99305034282e-11, 2.74729006905e-11, 5.31368352097e-11, 3.91486530693e-11, 1.77763932047e-11, 4.31881683194e-11, 1.16856788135e-10, 1.21609319836e-10, 7.9258884178e-11, 3.92093406354e-11, 1.17597147298e-11, 3.16253479567e-13],
        "max": [0.0108135184273, 0.0209811516106, 0.00683404877782, 0.00258098333143, 0.00349938147701, 0.00146047957242, 0.0180965531617, 0.0237503238022, 0.0155706293881, 0.00753668975085, 0.00966770108789, 0.0130647169426, 0.0020980774425, 0.00253084488213, 0.000947658496443, 0.000794470717665, 0.00134759314824, 0.0013454091968, 0.000453383778222, 0.000754233042244, 0.000746023084503, 0.000359088997357, 0.000454563560197, 0.000447518425062, 0.00011170959624, 0.00018799600366, 0.000180967821507, 0.000110336579382, 4.18590498157e-05, 7.59627873776e-05, 0.000140228847158, 0.000105985840491, 3.52874594682e-05, 7.92038699728e-05, 0.000175339679117, 0.000139329553349, 9.76704031928e-05, 0.000110002576548, 5.21916372236e-05, 5.06013384438e-06],
        "mean": [0.000462097901618, 0.00071242992999, 0.000331383373123, 0.000191994768102, 9.24648265936e-05, 8.6367559561e-05, 0.00032673534588, 0.000380097102607, 0.00053038605256, 0.000266259768978, 0.000295950769214, 0.000134239977342, 8.78802529769e-05, 4.80803282699e-05, 1.51721578732e-05, 1.51032772919e-05, 2.42055593844e-05, 2.32857528317e-05, 1.28437377498e-05, 1.02814356069e-05, 1.41050422826e-05, 1.12339021143e-05, 1.23533409351e-05, 9.57265001489e-06, 3.82744065064e-06, 4.49642084277e-06, 3.99397276851e-06, 1.84498230738e-06, 1.41346458804e-06, 1.40405006732e-06, 1.74731439984e-06, 2.11239853343e-06, 1.56071507718e-06, 1.88661340417e-06, 2.5621450277e-06, 2.54268888966e-06, 2.29096008297e-06, 1.43525721796e-06, 7.25593451989e-07, 1.8652832523e-07],
        "median": [9.79389587883e-05, 0.000154691777425, 0.000145764774061, 8.08005643194e-05, 3.21982333844e-05, 3.41718296113e-05, 3.89631713915e-05, 4.21370205004e-05, 4.94211708428e-05, 2.83442623186e-05, 1.87417754205e-05, 1.16629671538e-05, 8.78970695339e-06, 4.20910237153e-06, 2.48336505138e-06, 2.7918467822e-06, 2.67408177024e-06, 2.5264218948e-06, 1.94012432075e-06, 2.20890774472e-06, 2.04129105441e-06, 2.83155213765e-06, 2.47237744588e-06, 1.80788288162e-06, 1.16118826554e-06, 1.03859611045e-06, 7.09907169494e-07, 4.37743096882e-07, 2.56176463154e-07, 3.17173743269e-07, 4.16071799236e-07, 6.37284756522e-07, 4.81313634282e-07, 4.35447645941e-07, 4.9342827424e-07, 4.31818989455e-07, 4.2776272835e-07, 1.92428061041e-07, 1.15057559924e-07, 3.51483322447e-08],
        "min": [4.3733223265e-07, 4.23224605584e-07, 2.2911973474e-07, 1.60081782496e-07, 1.13456728457e-08, 2.12722230941e-08, 4.43147740725e-08, 3.47339224049e-08, 1.84195414477e-07, 1.10453626689e-07, 5.85576671597e-08, 5.44361959953e-08, 3.18475343875e-08, 8.38795699565e-09, 7.23128890101e-09, 5.74553160604e-09, 1.12101083971e-08, 1.32175221879e-08, 5.7226539063e-09, 5.46793854639e-09, 4.46190817627e-09, 7.23359949717e-09, 4.05545685922e-09, 4.60087790088e-09, 1.88775239884e-09, 3.16488923957e-09, 2.09236294957e-09, 2.32936447908e-11, 4.4105863406e-10, 1.36949152019e-09, 8.87194651078e-10, 1.01243713413e-09, 1.03686259578e-09, 3.69975911019e-10, 1.0381798754e-09, 4.01232796987e-10, 1.96082053372e-10, 3.40782055352e-11, 6.24195316203e-14, 5.53873522838e-14],
