{
"highlevel": {
    "danceability": {
        "all": {
            "danceable": 0.0289303399622,
            "not_danceable": 0.971069633961
        },
        "probability": 0.971069633961,
        "value": "not_danceable"
    },
    "gender": {
        "all": {
            "female": 0.392045199871,
            "male": 0.607954800129
        },
        "probability": 0.607954800129,
        "value": "male"
    },
    "genre_dortmund": {
        "all": {
            "alternative": 0.116865098476,
            "blues": 0.377860695124,
            "electronic": 0.0103931343183,
            "folkcountry": 0.0566392242908,
            "funksoulrnb": 0.00331440195441,
            "jazz": 0.312371551991,
            "pop": 0.0139467688277,
            "raphiphop": 0.00199281796813,
            "rock": 0.106616333127
        },
        "probability": 0.377860695124,
        "value": "blues"
    },
    "genre_electronic": {
        "all": {
            "ambient": 0.542904734612,
            "dnb": 0.141280591488,
            "house": 0.146802216768,
            "techno": 0.0269258245826,
            "trance": 0.14208664
        },
        "probability": 0.542904734612,
        "value": "ambient"
    },
    "genre_rosamerica": {
        "all": {
            "cla": 0.377179861069,
            "dan": 0.0247544385493,
            "hip": 0.0247305110097,
            "jaz": 0.0812725871801,
            "pop": 0.0524005368352,
            "rhy": 0.059637568891,
            "roc": 0.22475668788,
            "spe": 0.155267804861
        },
        "probability": 0.377179861069,
        "value": "cla"
    },
    "genre_tzanetakis": {
        "all": {
            "blu": 0.068380869925,
            "cla": 0.0303954351693,
            "cou": 0.0911910608411,
            "dis": 0.0684028044343,
            "hip": 0.273720294237,
            "jaz": 0.273648023605,
            "met": 0.0390846058726,
            "pop": 0.0547189190984,
            "reg": 0.0456009618938,
            "roc": 0.0548570044339
        },
        "probability": 0.273720294237,
        "value": "hip"
    },
    "ismir04_rhythm": {
        "all": {
            "ChaChaCha": 0.305358290672,
            "Jive": 0.0318737439811,
            "Quickstep": 0.0946886315942,
            "Rumba-American": 0.0156846195459,
            "Rumba-International": 0.018354838714,
            "Rumba-Misc": 0.00738433329388,
            "Samba": 0.0196755882353,
            "Tango": 0.340239524841,
            "VienneseWaltz": 0.154985651374,
            "Waltz": 0.0117547726259
        },
        "probability": 0.340239524841,
        "value": "Tango"
    },
    "mood_acoustic": {
        "all": {
            "acoustic": 0.0418997369707,
            "not_acoustic": 0.958100259304
        },
        "probability": 0.958100259304,
        "value": "not_acoustic"
    },
    "mood_aggressive": {
        "all": {
            "aggressive": 0.655364096165,
            "not_aggressive": 0.344635903835
        },
        "probability": 0.655364096165,
        "value": "aggressive"
    },
    "mood_electronic": {
        "all": {
            "electronic": 0.30135434866,
            "not_electronic": 0.69864565134
        },
        "probability": 0.69864565134,
        "value": "not_electronic"
    },
    "mood_happy": {
        "all": {
            "happy": 0.345280200243,
            "not_happy": 0.654719769955
        },
        "probability": 0.654719769955,
        "value": "not_happy"
    },
    "mood_party": {
        "all": {
            "not_party": 0.949384212494,
            "party": 0.0506157651544
        },
        "probability": 0.949384212494,
        "value": "not_party"
    },
    "mood_relaxed": {
        "all": {
            "not_relaxed": 0.183548688889,
            "relaxed": 0.816451311111
        },
        "probability": 0.816451311111,
        "value": "relaxed"
    },
    "mood_sad": {
        "all": {
            "not_sad": 0.731294214725,
            "sad": 0.268705785275
        },
        "probability": 0.731294214725,
        "value": "not_sad"
    },
    "moods_mirex": {
        "all": {
            "Cluster1": 0.383285075426,
            "Cluster2": 0.0791789740324,
            "Cluster3": 0.213067173958,
            "Cluster4": 0.0576523430645,
            "Cluster5": 0.266816407442
        },
        "probability": 0.383285075426,
        "value": "Cluster1"
    },
    "timbre": {
        "all": {
            "bright": 0.931012392044,
            "dark": 0.0689876154065
        },
        "probability": 0.931012392044,
        "value": "bright"
    },
    "tonal_atonal": {
        "all": {
            "atonal": 0.233345657587,
            "tonal": 0.766654372215
        },
        "probability": 0.766654372215,
        "value": "tonal"
    },
    "voice_instrumental": {
        "all": {
            "instrumental": 0.98987609148,
            "voice": 0.0101239047945
        },
        "probability": 0.98987609148,
        "value": "instrumental"
    }
},
"lowlevel": {
    "average_loudness": 0.978347480297,
    "barkbands_crest": {
        "dmean": 2.56885671616,
        "dmean2": 4.04624509811,
        "dvar": 5.35275506973,
        "dvar2": 13.1431407928,
        "max": 23.6030273438,
        "mean": 10.5803413391,
        "median": 9.82045650482,
        "min": 2.97597312927,
        "var": 15.9745492935
    },
    "barkbands_flatness_db": {
        "dmean": 0.0200694426894,
        "dmean2": 0.0310946498066,
        "dvar": 0.000323137268424,
        "dvar2": 0.000798198510893,
        "max": 0.314124554396,
        "mean": 0.194911435246,
        "median": 0.192709729075,
        "min": 0.0931997150183,
        "var": 0.00114945834503
    },
    "barkbands_kurtosis": {
        "dmean": 2.84457039833,
        "dmean2": 4.36403751373,
        "dvar": 13.9593544006,
        "dvar2": 31.239112854,
        "max": 57.4305381775,
        "mean": 4.64965295792,
        "median": 2.51922130585,
        "min": -1.79583263397,
        "var": 50.7828330994
    },
    "barkbands_skewness": {
        "dmean": 0.546170949936,
        "dmean2": 0.828810155392,
        "dvar": 0.269051998854,
        "dvar2": 0.657336175442,
        "max": 6.10205745697,
        "mean": 1.86681604385,
        "median": 1.80920445919,
        "min": -1.66633796692,
        "var": 1.0868999958
    },
    "barkbands_spread": {
        "dmean": 4.59152460098,
        "dmean2": 7.04790210724,
        "dvar": 17.6456203461,
        "dvar2": 41.1932106018,
        "max": 49.8045501709,
        "mean": 18.0962810516,
        "median": 17.0757312775,
        "min": 1.94050502777,
        "var": 79.5047531128
    },
    "dissonance": {
        "dmean": 0.0134979709983,
        "dmean2": 0.0222332552075,
        "dvar": 0.000123643170809,
        "dvar2": 0.000330070761265,
        "max": 0.500000059605,
        "mean": 0.468539595604,
        "median": 0.471037119627,
        "min": 0.38023480773,
        "var": 0.000317398662446
    },
    "dynamic_complexity": 1.51228189468,
    "erbbands_crest": {
        "dmean": 2.83593082428,
        "dmean2": 4.59541511536,
        "dvar": 7.82296800613,
        "dvar2": 18.0829544067,
        "max": 30.7258586884,
        "mean": 10.3139629364,
        "median": 9.30733585358,
        "min": 2.87676262856,
        "var": 19.9351673126
    },
    "erbbands_flatness_db": {
        "dmean": 0.0144230369478,
        "dmean2": 0.0226700063795,
        "dvar": 0.000179958340595,
        "dvar2": 0.000448006700026,
        "max": 0.304141581059,
        "mean": 0.210068136454,
        "median": 0.209289386868,
        "min": 0.127838462591,
        "var": 0.000545458402485
    },
    "erbbands_kurtosis": {
        "dmean": 0.699538052082,
        "dmean2": 1.12513279915,
        "dvar": 1.34391081333,
        "dvar2": 3.38844919205,
        "max": 16.0627193451,
        "mean": -0.607967197895,
        "median": -1.07943463326,
        "min": -1.81424129009,
        "var": 2.11461949348
    },
    "erbbands_skewness": {
        "dmean": 0.427467316389,
        "dmean2": 0.65230178833,
        "dvar": 0.146317124367,
        "dvar2": 0.353718549013,
        "max": 2.83733224869,
        "mean": 0.0978220105171,
        "median": 0.0997815951705,
        "min": -3.82707214355,
        "var": 0.668402135372
    },
    "erbbands_spread": {
        "dmean": 6.51040744781,
        "dmean2": 10.2669620514,
        "dvar": 34.8358345032,
        "dvar2": 87.7722167969,
        "max": 89.3862380981,
        "mean": 43.5226707458,
        "median": 44.2110328674,
        "min": 7.65875387192,
        "var": 107.874549866
    },
    "hfc": {
        "dmean": 5.0114197731,
        "dmean2": 7.49839782715,
        "dvar": 29.1467208862,
        "dvar2": 60.1240272522,
        "max": 78.7359390259,
        "mean": 18.1782608032,
        "median": 16.1356525421,
        "min": 0.548962116241,
        "var": 122.824378967
    },
    "melbands_crest": {
        "dmean": 3.47577667236,
        "dmean2": 5.59450292587,
        "dvar": 9.41885662079,
        "dvar2": 23.5600185394,
        "max": 31.1254577637,
        "mean": 15.5409536362,
        "median": 14.6707983017,
        "min": 4.70608234406,
        "var": 25.5473709106
    },
    "melbands_flatness_db": {
        "dmean": 0.0236064530909,
        "dmean2": 0.035546977073,
        "dvar": 0.000484697142383,
        "dvar2": 0.0011413822649,
        "max": 0.403794258833,
        "mean": 0.23691123724,
        "median": 0.231260091066,
        "min": 0.102907039225,
        "var": 0.00213990896009
    },
    "melbands_kurtosis": {
        "dmean": 6.40170812607,
        "dmean2": 9.93385601044,
        "dvar": 60.0095405579,
        "dvar2": 144.644088745,
        "max": 130.258926392,
        "mean": 14.8326807022,
        "median": 11.1158618927,
        "min": -1.72321474552,
        "var": 200.848632812
    },
    "melbands_skewness": {
        "dmean": 0.685714662075,
        "dmean2": 1.05881118774,
        "dvar": 0.440995067358,
        "dvar2": 1.11412668228,
        "max": 8.48163986206,
        "mean": 3.12908887863,
        "median": 3.03759598732,
        "min": -0.413429439068,
        "var": 1.45430994034
    },
    "melbands_spread": {
        "dmean": 6.44171142578,
        "dmean2": 9.92366886139,
        "dvar": 60.7816085815,
        "dvar2": 143.114318848,
        "max": 87.0832977295,
        "mean": 18.9992313385,
        "median": 15.5801801682,
        "min": 1.67916166782,
        "var": 172.472671509
    },
    "pitch_salience": {
        "dmean": 0.0724539607763,
        "dmean2": 0.114329025149,
        "dvar": 0.00448938691989,
        "dvar2": 0.0106010437012,
        "max": 0.803854167461,
        "mean": 0.524891495705,
        "median": 0.530180990696,
        "min": 0.158299610019,
        "var": 0.0126593485475
    },
    "silence_rate_20dB": {
        "dmean": 0,
        "dmean2": 0,
        "dvar": 0,
        "dvar2": 0,
        "max": 1,
        "mean": 1,
        "median": 1,
        "min": 1,
        "var": 0
    },
    "silence_rate_30dB": {
        "dmean": 0,
        "dmean2": 0,
        "dvar": 0,
        "dvar2": 0,
        "max": 1,
        "mean": 1,
        "median": 1,
        "min": 1,
        "var": 0
    },
    "silence_rate_60dB": {
        "dmean": 0.0061919502914,
        "dmean2": 0.0123934932053,
        "dvar": 0.00615350762382,
        "dvar2": 0.0137891937047,
        "max": 1,
        "mean": 0.0100541375577,
        "median": 0,
        "min": 0,
        "var": 0.00995305553079
    },
    "spectral_centroid": {
        "dmean": 246.76008606,
        "dmean2": 372.657989502,
        "dvar": 53825.3125,
        "dvar2": 125682.921875,
        "max": 2876.84472656,
        "mean": 1188.12194824,
        "median": 1134.7487793,
        "min": 244.731521606,
        "var": 250944.59375
    },
    "spectral_complexity": {
        "dmean": 3.76625394821,
        "dmean2": 5.72811794281,
        "dvar": 11.9299144745,
        "dvar2": 23.0205554962,
        "max": 46,
        "mean": 19.7973709106,
        "median": 19,
        "min": 2,
        "var": 66.197227478
    },
    "spectral_decrease": {
        "dmean": 2.0574915105e-09,
        "dmean2": 3.03291414205e-09,
        "dvar": 3.89628993241e-18,
        "dvar2": 8.88916244954e-18,
        "max": -1.56548635166e-10,
        "mean": -7.48848094645e-09,
        "median": -7.22187909474e-09,
        "min": -2.40462423307e-08,
        "var": 1.27108055355e-17
    },
    "spectral_energy": {
        "dmean": 0.00806495919824,
        "dmean2": 0.0118694733828,
        "dvar": 5.89200171817e-05,
        "dvar2": 0.000134057438117,
        "max": 0.0934554636478,
        "mean": 0.0299120768905,
        "median": 0.0286527499557,
        "min": 0.000667533662636,
        "var": 0.000196711247554
    },
    "spectral_energyband_high": {
        "dmean": 7.81549097155e-05,
        "dmean2": 0.000124596277601,
        "dvar": 8.92390872309e-09,
        "dvar2": 2.17343316677e-08,
        "max": 0.00124845374376,
        "mean": 0.000217693028389,
        "median": 0.000181000621524,
        "min": 6.62426737108e-06,
        "var": 2.73767675196e-08
    },
    "spectral_energyband_low": {
        "dmean": 0.00404264684767,
        "dmean2": 0.00635260762647,
        "dvar": 2.75371639873e-05,
        "dvar2": 6.45032705506e-05,
        "max": 0.073215700686,
        "mean": 0.00770531175658,
        "median": 0.00594598986208,
        "min": 4.76102795801e-05,
        "var": 5.22631962667e-05
    },
    "spectral_energyband_middle_high": {
        "dmean": 0.00166574167088,
        "dmean2": 0.00247166818008,
        "dvar": 3.91988260162e-06,
        "dvar2": 8.16499505163e-06,
        "max": 0.0285169724375,
        "mean": 0.00461074151099,
        "median": 0.00339409336448,
        "min": 0.000113514630357,
        "var": 1.65675501194e-05
    },
    "spectral_energyband_middle_low": {
        "dmean": 0.00631529092789,
        "dmean2": 0.00945327337831,
        "dvar": 3.82900361728e-05,
        "dvar2": 9.00691884453e-05,
        "max": 0.0702089220285,
        "mean": 0.0198471099138,
        "median": 0.0179683174938,
        "min": 0.000240082852542,
        "var": 0.000116852177598
    },
    "spectral_entropy": {
        "dmean": 0.14180444181,
        "dmean2": 0.210858255625,
        "dvar": 0.0178578309715,
        "dvar2": 0.0388396419585,
        "max": 7.89677429199,
        "mean": 7.21647977829,
        "median": 7.25904989243,
        "min": 5.98326253891,
        "var": 0.0724203214049
    },
    "spectral_flux": {
        "dmean": 0.0233580544591,
        "dmean2": 0.0369116514921,
        "dvar": 0.000405890692491,
        "dvar2": 0.000945054867771,
        "max": 0.203745290637,
        "mean": 0.0826909020543,
        "median": 0.0812186151743,
        "min": 0.0176165364683,
        "var": 0.00100936030503
    },
    "spectral_kurtosis": {
        "dmean": 2.65381717682,
        "dmean2": 4.75933361053,
        "dvar": 5.08101797104,
        "dvar2": 14.9852581024,
        "max": 19.7999858856,
        "mean": 4.54743671417,
        "median": 3.95751047134,
        "min": 0.192645311356,
        "var": 7.79091691971
    },
    "spectral_rms": {
        "dmean": 0.000736828311346,
        "dmean2": 0.00107712531462,
        "dvar": 4.39642235506e-07,
        "dvar2": 9.7808197097e-07,
        "max": 0.00954861566424,
        "mean": 0.00523624755442,
        "median": 0.00528714479879,
        "min": 0.00080700207036,
        "var": 1.76420132902e-06
    },
    "spectral_rolloff": {
        "dmean": 461.113525391,
        "dmean2": 786.038635254,
        "dvar": 330123.53125,
        "dvar2": 754446.4375,
        "max": 3811.37695312,
        "mean": 1178.015625,
        "median": 732.12890625,
        "min": 150.732421875,
        "var": 793269.1875
    },
    "spectral_skewness": {
        "dmean": 0.288577407598,
        "dmean2": 0.500699937344,
        "dvar": 0.0559163689613,
        "dvar2": 0.154594883323,
        "max": 3.49985742569,
        "mean": 1.16532540321,
        "median": 1.11503136158,
        "min": 0.417930215597,
        "var": 0.134713009
    },
    "spectral_spread": {
        "dmean": 240848.46875,
        "dmean2": 397963.46875,
        "dvar": 62441725952,
        "dvar2": 133670461440,
        "max": 7416802,
        "mean": 2876054.5,
        "median": 2825633.75,
        "min": 1949659.875,
        "var": 178795085824
    },
    "spectral_strongpeak": {
        "dmean": 0.554727017879,
        "dmean2": 0.926220178604,
        "dvar": 1.31692790985,
        "dvar2": 3.44026899338,
        "max": 14.3965005875,
        "mean": 1.12067472935,
        "median": 0.871058404446,
        "min": 0.0393754243851,
        "var": 1.79496324062
    },
    "zerocrossingrate": {
        "dmean": 0.00682762311772,
        "dmean2": 0.00828187074512,
        "dvar": 3.7867554056e-05,
        "dvar2": 5.28583950654e-05,
        "max": 0.10986328125,
        "mean": 0.04348346591,
        "median": 0.04150390625,
        "min": 0.0078125,
        "var": 0.000288757088128
    },
    "barkbands": {
        "dmean": [3.91049752579e-06, 0.000764383585192, 0.00246037961915, 0.00249400641769, 0.00304474704899, 0.00258506764658, 0.000882170978002, 0.000393702968722, 0.000711541913915, 0.000200525915716, 7.04390113242e-05, 9.72001580521e-05, 0.000128244137159, 0.000242388632614, 0.000253048317973, 0.000491113460157, 0.000537706306204, 0.000613536802121, 0.000120800323202, 0.000115422873932, 4.02953737648e-05, 1.3119567484e-05, 5.79950983592e-06, 2.36994583247e-06, 7.29632461116e-07, 1.65745845493e-07, 2.60028243382e-09],
        "dmean2": [6.79613776811e-06, 0.00124058371875, 0.00404924666509, 0.00387660926208, 0.00458262860775, 0.00422565964982, 0.00144815305248, 0.000638291588984, 0.00114793796092, 0.000327431305777, 0.000114949485578, 0.000158600450959, 0.000208696656046, 0.000396093120798, 0.000420402007876, 0.000785919604823, 0.000824327173177, 0.000987601233646, 0.000195899177925, 0.000189957412658, 6.59483266645e-05, 2.13903695112e-05, 9.5346940725e-06, 3.88231865145e-06, 1.27366456582e-06, 2.80562829857e-07, 3.5681908539e-09],
        "dvar": [2.67482737348e-11, 1.40218276101e-06, 1.01567729871e-05, 1.14221465992e-05, 1.72763448063e-05, 9.72460293269e-06, 1.66942288615e-06, 7.65822676385e-07, 1.32637535444e-06, 7.90726772948e-08, 9.87547466025e-09, 1.56759707437e-08, 5.26051273653e-08, 2.33648833614e-07, 1.54958371468e-07, 1.13814292035e-06, 1.25212113744e-06, 1.06045285975e-06, 4.58109212786e-08, 3.34656178325e-08, 2.06699946048e-09, 3.30852401031e-10, 6.58459814451e-11, 1.18748136324e-11, 2.11887343608e-12, 1.38945156921e-13, 2.49302654563e-15],
        "dvar2": [7.18369044805e-11, 3.30988655151e-06, 2.57382289419e-05, 2.59241423919e-05, 4.06881699746e-05, 2.5058610845e-05, 4.35008996647e-06, 1.31709532525e-06, 3.26096528624e-06, 1.95553511162e-07, 2.62200074985e-08, 4.00878086282e-08, 1.3353975703e-07, 5.84574934237e-07, 4.11880648699e-07, 2.34479171013e-06, 2.52993049799e-06, 2.6912418889e-06, 1.18655734127e-07, 9.29172117026e-08, 5.38757571888e-09, 8.50355508231e-10, 1.68687452895e-10, 3.1102696807e-11, 6.01725830621e-12, 3.64317923702e-13, 2.49649239269e-15],
        "max": [4.91419668833e-05, 0.0126164946705, 0.0361459590495, 0.037694953382, 0.0464785657823, 0.0308797247708, 0.0144912833348, 0.0196633469313, 0.0228998232633, 0.00502554466948, 0.00109858671203, 0.00150926713832, 0.00330461375415, 0.00673811277375, 0.00550719676539, 0.0193102806807, 0.0241131912917, 0.0116811804473, 0.00370922824368, 0.00364362448454, 0.000432611355791, 0.000231931102462, 0.000105555853224, 3.14149547194e-05, 1.85732369573e-05, 4.86652334075e-06, 1.79362314157e-06],
        "mean": [3.98164183935e-06, 0.00123687903397, 0.00407345732674, 0.00414978014305, 0.00605558836833, 0.00596546148881, 0.00158573454246, 0.000755666696932, 0.00117827125359, 0.000325200089719, 0.000104562750494, 0.000163902077475, 0.000198696157895, 0.000382276281016, 0.000389413093217, 0.00077936029993, 0.00098122516647, 0.000984478159808, 0.000228900738875, 0.000230777033721, 9.01415842236e-05, 2.95660538541e-05, 1.23632116811e-05, 5.15817964697e-06, 1.04861533146e-06, 2.22108596404e-07, 2.40441599964e-09],
        "median": [2.2095971417e-06, 0.000754374661483, 0.00275944382884, 0.0023846430704, 0.00357922771946, 0.00480766780674, 0.0006976640434, 0.000287252070848, 0.000604403321631, 0.000196024469915, 7.1883048804e-05, 0.000117937175673, 9.80910044746e-05, 0.00020284843049, 0.000222456641495, 0.000305773777654, 0.000493669416755, 0.000513519800734, 0.000160466617672, 0.000161639254657, 7.45719080442e-05, 2.18246841541e-05, 8.93876767805e-06, 3.4538716136e-06, 6.07385743479e-07, 1.51918882807e-07, 4.34229124879e-10],
        "min": [9.24728471574e-09, 1.53866881192e-06, 8.43262387207e-06, 1.65579115219e-06, 1.11616373033e-05, 1.19212636491e-05, 7.11364691597e-06, 3.22424602928e-06, 7.95560754341e-06, 2.62363596448e-06, 1.98559064302e-06, 3.02384864881e-06, 1.28164163016e-06, 4.79620075566e-06, 4.91294622407e-06, 6.202640634e-06, 4.91474429509e-06, 6.21319031779e-06, 3.89082288166e-06, 4.46174271929e-06, 1.74511967543e-06, 8.78058131093e-07, 2.63642505161e-07, 1.1311568926e-07, 4.17183301793e-11, 2.68535488984e-11, 3.09819878086e-11],
        "var": [2.6970316605e-11, 2.1034081783e-06, 1.83174543054e-05, 2.55945560639e-05, 5.14054154337e-05, 2.79941505141e-05, 4.58342537968e-06, 4.27262739322e-06, 2.2857498152e-06, 1.6747245013e-07, 1.27748593926e-08, 2.46501095091e-08, 8.90723228508e-08, 3.73143421939e-07, 2.24843830665e-07, 2.28791327572e-06, 3.85637667932e-06, 1.65029905475e-06, 6.91886512527e-08, 5.08772544094e-08, 4.83525885997e-09, 6.99187374664e-10, 1.30445224067e-10, 2.59960351856e-11, 1.85531689838e-12, 1.20872861958e-13, 2.49193472016e-15]
    },
    "erbbands": {
        "dmean": [0.0076514724642, 0.241214051843, 2.15746903419, 6.19896459579, 11.1621017456, 8.05326652527, 13.5511274338, 23.8056240082, 15.5908975601, 8.60371208191, 8.36668968201, 16.1956367493, 10.3870048523, 3.89656305313, 3.29251909256, 3.62266588211, 5.0187087059, 11.7209320068, 10.4312858582, 10.1475143433, 33.2186546326, 29.8933525085, 31.188703537, 15.9426460266, 5.33963727951, 5.17509889603, 2.29117012024, 1.08469605446, 0.535019278526, 0.293184697628, 0.144566133618, 0.070959828794, 0.0288198925555, 0.0111011844128, 0.00378508795984, 0.00106162612792, 0.00026514774072, 2.33331120398e-05, 4.30276804764e-06, 9.13961594051e-06],
        "dmean2": [0.0121996235102, 0.390410751104, 3.51956915855, 9.62910175323, 16.6299591064, 12.618391037, 22.1612930298, 38.5480308533, 26.2546787262, 14.0205497742, 13.4801025391, 26.279176712, 16.2684459686, 6.39300394058, 5.2933883667, 5.97719430923, 8.20645904541, 19.1602630615, 17.3545360565, 16.5015087128, 52.301651001, 46.400390625, 50.9795150757, 25.4631195068, 8.676445961, 8.42186832428, 3.67646360397, 1.79407954216, 0.875840306282, 0.480080276728, 0.238935858011, 0.115012124181, 0.0493807345629, 0.0192037243396, 0.00666472828016, 0.00185245636385, 0.00044682706357, 3.75534655177e-05, 6.24921494818e-06, 1.34465171868e-05],
        "dvar": [0.000218913322897, 0.121848717332, 7.21608734131, 82.13646698, 250.14781189, 144.955627441, 427.12399292, 1199.59265137, 509.431549072, 310.429107666, 290.896789551, 962.920288086, 225.408721924, 24.5299930573, 19.0892124176, 25.162197113, 88.7154159546, 497.87286377, 265.768096924, 187.64050293, 4773.15185547, 3502.33520508, 3064.99755859, 826.208374023, 53.4719352722, 57.294631958, 7.41070270538, 2.26180720329, 0.585659205914, 0.172467559576, 0.0409330353141, 0.00953868590295, 0.00239153602161, 0.000447954516858, 8.42313093017e-05, 6.56534211885e-06, 3.44575681765e-07, 6.52800524747e-09, 6.95793006544e-11, 7.38498984187e-11],
        "dvar2": [0.000489159894641, 0.29038143158, 18.4771633148, 188.260665894, 540.479248047, 361.700866699, 1099.98852539, 2897.62060547, 1330.10070801, 681.689697266, 638.213134766, 2407.21533203, 509.829650879, 61.2093696594, 48.074306488, 64.0824890137, 231.459289551, 1248.69726562, 697.20892334, 467.743713379, 9813.46972656, 7225.02734375, 8090.45800781, 2057.46630859, 145.519927979, 152.118499756, 18.7377128601, 6.11845541, 1.52695393562, 0.436386704445, 0.104296788573, 0.0241015292704, 0.00659195054322, 0.00125566706993, 0.000240964523982, 1.87500609172e-05, 7.88872057456e-07, 8.16830958428e-09, 8.51727854911e-11, 1.66031383086e-10],
        "max": [0.157835289836, 3.66246080399, 26.924325943, 125.084060669, 177.064987183, 127.61831665, 256.956848145, 361.812164307, 199.321609497, 343.012420654, 310.382598877, 680.633422852, 207.622512817, 75.4847946167, 53.3888053894, 67.9430236816, 168.917861938, 284.633789062, 185.578979492, 150.359222412, 1221.97253418, 1140.390625, 660.447692871, 504.191925049, 85.7640762329, 117.12840271, 35.1049308777, 25.5539894104, 10.0019950867, 5.23995637894, 2.88898992538, 0.998012065887, 0.526012122631, 0.300686180592, 0.118674039841, 0.0353826470673, 0.0118945911527, 0.00274263764732, 0.000281813001493, 0.000104086488136],
        "mean": [0.0114310253412, 0.415332436562, 3.77457427979, 11.0235567093, 20.2306785583, 15.9321966171, 31.1959533691, 51.3099441528, 33.0145187378, 17.0313949585, 15.2691297531, 26.4289989471, 19.1367778778, 6.68028640747, 5.59590530396, 6.51080274582, 8.68887901306, 19.7744960785, 18.1518554688, 19.0545082092, 54.5597763062, 57.6028366089, 53.3842849731, 27.5639686584, 11.7227697372, 10.5990047455, 5.21611690521, 2.45517659187, 1.20544815063, 0.651610732079, 0.310959547758, 0.160456433892, 0.0546524971724, 0.0177297312766, 0.00462024472654, 0.00129294162616, 0.000389262771932, 3.66694803233e-05, 1.65879027918e-05, 3.47717541445e-05],
        "median": [0.00763078220189, 0.274393826723, 2.78168487549, 6.79829120636, 10.0794944763, 9.10808086395, 14.6099510193, 24.7356700897, 17.5367908478, 7.2410068512, 7.79728794098, 13.2031841278, 10.4128789902, 4.77724933624, 3.99646186829, 4.68071842194, 5.19111013412, 11.0277719498, 11.9812583923, 13.0544891357, 21.5318775177, 31.3089103699, 31.1651554108, 15.9395112991, 8.82216358185, 7.52583932877, 4.05709886551, 1.93515491486, 0.888271987438, 0.464482963085, 0.22262904048, 0.109140224755, 0.0351277478039, 0.010981134139, 0.00262943096459, 0.000786872580647, 0.00027156912256, 2.31613976212e-05, 1.58161983563e-05, 3.37387282343e-05],
        "min": [6.48407149129e-05, 0.001878498937, 0.0188331957906, 0.0298632960767, 0.0339248999953, 0.0630025342107, 0.145151689649, 0.270535498857, 0.237909331918, 0.234325706959, 0.144136533141, 0.172540441155, 0.10179913789, 0.094388499856, 0.110845819116, 0.123503617942, 0.0715853348374, 0.214159116149, 0.250817716122, 0.344083994627, 0.544229209423, 0.42909091711, 0.596065104008, 0.376167982817, 0.21789111197, 0.183599606156, 0.101103521883, 0.0553549751639, 0.0365330167115, 0.0168777890503, 0.00435337657109, 0.00377642153762, 0.000754057487939, 5.09539677296e-05, 2.06962704397e-05, 9.59495991992e-06, 4.14885835198e-06, 1.02303908989e-06, 5.78823630804e-07, 8.91928493729e-07],
        "var": [0.000249099364737, 0.199249714613, 13.8621768951, 162.597564697, 723.539001465, 397.024932861, 1484.19177246, 3614.37475586, 1390.32702637, 1414.81201172, 759.274902344, 1389.99597168, 639.022399902, 41.4059371948, 30.6578941345, 39.3307151794, 130.758041382, 889.476806641, 413.801879883, 373.839752197, 10058.5195312, 10185.8535156, 4328.05175781, 1307.57653809, 112.190811157, 104.255836487, 18.477689743, 4.2956199646, 1.16820311546, 0.352062433958, 0.0847651958466, 0.0237203165889, 0.00330753973685, 0.000454796769191, 5.90970776102e-05, 4.78674974147e-06, 3.41844355489e-07, 7.0741728031e-09, 1.0818457935e-10, 2.56371257557e-10]
    },
    "gfcc": {
        "mean": [-25.8310470581, 144.161849976, -152.72064209, 55.4893188477, -51.9411659241, -20.5770969391, -38.7616691589, -7.30321788788, -13.3655443192, -16.3970527649, -11.1406955719, -12.7523202896, -6.07304430008],
        "cov": [[1258.77478027, 4.18682050705, -245.69178772, 77.3983383179, -5.28711748123, 20.0632686615, -42.2736206055, 56.700843811, 46.1187667847, -56.0817298889, -7.96789884567, -55.3634185791, 20.0336894989], [4.18682050705, 481.024780273, 142.584747314, 28.9996490479, 112.548522949, 1.7727560997, 97.1725997925, -96.3835296631, 49.9531021118, -130.320419312, -4.47281932831, -94.6993942261, 20.5670108795], [-245.69178772, 142.584747314, 371.402587891, 22.398443222, 31.9546794891, 45.1187133789, 6.71398830414, -29.1288661957, -65.5951385498, -18.2771911621, -35.7944297791, -3.47905492783, -14.5246210098], [77.3983383179, 28.9996490479, 22.398443222, 153.664810181, -6.34553766251, 40.5333023071, -1.04193437099, -33.7871894836, 31.4732608795, -50.3987731934, 36.1243171692, -33.2379302979, 26.8455886841], [-5.28711748123, 112.548522949, 31.9546794891, -6.34553766251, 181.349105835, -26.2017307281, 35.8327293396, 13.490480423, -2.2822740078, 3.260638237, -43.6076431274, 10.6419839859, -43.7862434387], [20.0632686615, 1.7727560997, 45.1187133789, 40.5333023071, -26.2017307281, 115.963951111, -2.22647547722, -8.41707992554, 7.94476604462, -24.8039188385, -11.9691848755, -36.6732139587, 19.0989151001], [-42.2736206055, 97.1725997925, 6.71398830414, -1.04193437099, 35.8327293396, -2.22647547722, 89.137298584, 10.111954689, 20.6454410553, -10.3704776764, -1.56192040443, -15.4963054657, -21.1336727142], [56.700843811, -96.3835296631, -29.1288661957, -33.7871894836, 13.490480423, -8.41707992554, 10.111954689, 104.062957764, 3.48849439621, 60.381439209, -16.3384628296, 29.0353889465, -36.4555664062], [46.1187667847, 49.9531021118, -65.5951385498, 31.4732608795, -2.2822740078, 7.94476604462, 20.6454410553, 3.48849439621, 91.5539855957, -6.76114368439, 27.2153148651, -26.7485847473, 6.28962802887], [-56.0817298889, -130.320419312, -18.2771911621, -50.3987731934, 3.260638237, -24.8039188385, -10.3704776764, 60.381439209, -6.76114368439, 121.065376282, 17.8792095184, 61.0544395447, -31.6311168671], [-7.96789884567, -4.47281932831, -35.7944297791, 36.1243171692, -43.6076431274, -11.9691848755, -1.56192040443, -16.3384628296, 27.2153148651, 17.8792095184, 92.5055160522, 22.845293045, 29.3041400909], [-55.3634185791, -94.6993942261, -3.47905492783, -33.2379302979, 10.6419839859, -36.6732139587, -15.4963054657, 29.0353889465, -26.7485847473, 61.0544395447, 22.845293045, 100.569129944, 8.1778459549], [20.0336894989, 20.5670108795, -14.5246210098, 26.8455886841, -43.7862434387, 19.0989151001, -21.1336727142, -36.4555664062, 6.28962802887, -31.6311168671, 29.3041400909, 8.1778459549, 86.9266967773]],
        "icov": [[0.00139188359026, -0.00215289788321, 0.00201382837258, -0.00193319551181, 0.00114591664169, -0.000654471747112, 0.00228054379113, -0.00232764449902, 0.00155191728845, -0.000443524157163, 0.0012065191986, -0.000825377297588, 0.000818636617623], [-0.00215289788321, 0.0174407251179, -0.00997787248343, 0.011012093164, -0.0119315525517, 0.00464582396671, -0.0118252085522, 0.00766006764024, -0.00971866026521, 0.0101416781545, -0.0107038673013, 0.0118361236528, -0.00850322283804], [0.00201382837258, -0.00997787248343, 0.00993659999222, -0.00768475513905, 0.0062465891242, -0.00432772887871, 0.00642593065277, -0.00386121310294, 0.00855742488056, -0.00565568171442, 0.00684752780944, -0.00692141801119, 0.00563613930717], [-0.00193319551181, 0.011012093164, -0.00768475513905, 0.0183606296778, -0.00947397388518, -0.000176909627044, -0.00556689500809, 0.00445925164968, -0.00820396281779, 0.0109020303935, -0.0138438213617, 0.00864426977932, -0.00491654640064], [0.00114591664169, -0.0119315525517, 0.0062465891242, -0.00947397388518, 0.0168357081711, -0.00129960209597, 0.0048229615204, -0.00308664469048, 0.00458371872082, -0.0072934855707, 0.0132068432868, -0.0122160352767, 0.00888395309448], [-0.000654471747112, 0.00464582396671, -0.00432772887871, -0.000176909627044, -0.00129960209597, 0.0139512969181, -0.00369532220066, 0.00068786618067, -0.00330140138976, 0.000392963760532, 0.000953046081122, 0.00746577279642, -0.00658847950399], [0.00228054379113, -0.0118252085522, 0.00642593065277, -0.00556689500809, 0.0048229615204, -0.00369532220066, 0.0235363338143, -0.00902131013572, 0.0038832554128, -0.00224544387311, 0.00291438866407, -0.00610044924542, 0.00873868726194], [-0.00232764449902, 0.00766006764024, -0.00386121310294, 0.00445925164968, -0.00308664469048, 0.00068786618067, -0.00902131013572, 0.0228948630393, -0.00736993132159, -0.0038952792529, 0.0022023213096, -0.000312094780384, 0.000807020405773], [0.00155191728845, -0.00971866026521, 0.00855742488056, -0.00820396281779, 0.00458371872082, -0.00330140138976, 0.0038832554128, -0.00736993132159, 0.0236694980413, -0.00708442833275, 0.000155579153216, 0.000691805384122, 0.00238475482911], [-0.000443524157163, 0.0101416781545, -0.00565568171442, 0.0109020303935, -0.0072934855707, 0.000392963760532, -0.00224544387311, -0.0038952792529, -0.00708442833275, 0.0278560798615, -0.0139825185761, -0.00145228439942, 0.00295035145245], [0.0012065191986, -0.0107038673013, 0.00684752780944, -0.0138438213617, 0.0132068432868, 0.000953046081122, 0.00291438866407, 0.0022023213096, 0.000155579153216, -0.0139825185761, 0.0307544022799, -0.0135731194168, 0.00155924120918], [-0.000825377297588, 0.0118361236528, -0.00692141801119, 0.00864426977932, -0.0122160352767, 0.00746577279642, -0.00610044924542, -0.000312094780384, 0.000691805384122, -0.00145228439942, -0.0135731194168, 0.0317723862827, -0.0148359993473], [0.000818636617623, -0.00850322283804, 0.00563613930717, -0.00491654640064, 0.00888395309448, -0.00658847950399, 0.00873868726194, 0.000807020405773, 0.00238475482911, 0.00295035145245, 0.00155924120918, -0.0148359993473, 0.0259439591318]]
    },
    "melbands": {
        "dmean": [0.000135131267598, 0.000845307076816, 0.00111190509051, 0.000766096636653, 0.000395633775042, 0.000510325480718, 0.000223038732656, 8.85937915882e-05, 7.49051396269e-05, 0.000106577208498, 5.1547838666e-05, 1.67760899785e-05, 1.03444544948e-05, 1.11527815534e-05, 8.07351989351e-06, 1.5155363144e-05, 2.41291418206e-05, 1.57817903528e-05, 2.19078137889e-05, 1.34165884447e-05, 4.82836876472e-05, 3.44065520039e-05, 3.05670655507e-05, 3.0095801776e-05, 1.26447212097e-05, 3.46482966052e-06, 5.16460659128e-06, 3.19569176099e-06, 1.57721319738e-06, 1.12806628749e-06, 5.71573593788e-07, 3.28849210973e-07, 2.64343725576e-07, 1.53720819185e-07, 9.98994593715e-08, 6.08767010135e-08, 4.08184206435e-08, 2.35876473909e-08, 1.51306913665e-08, 8.5402396266e-09],
        "dmean2": [0.000218393179239, 0.00137940247077, 0.00170026044361, 0.00115657644346, 0.000643175269943, 0.000831105397083, 0.000371512403945, 0.00014303450007, 0.000119720745715, 0.000172967615072, 8.09950506664e-05, 2.75518395938e-05, 1.68881415448e-05, 1.80815804924e-05, 1.33663261295e-05, 2.49644344876e-05, 3.9620721509e-05, 2.61562618107e-05, 3.61422316928e-05, 2.15467589442e-05, 7.65443473938e-05, 5.35741819476e-05, 4.97258806718e-05, 4.83248113596e-05, 2.02177634492e-05, 5.57311523153e-06, 8.73351200426e-06, 5.13104760103e-06, 2.57167357631e-06, 1.85981855338e-06, 9.45399278862e-07, 5.52574135781e-07, 4.30058321399e-07, 2.51679267649e-07, 1.64493670241e-07, 1.01636011607e-07, 6.61614691921e-08, 4.07950295767e-08, 2.60491646031e-08, 1.49496681701e-08],
        "dvar": [5.26472199169e-08, 1.10025598588e-06, 1.99863779926e-06, 1.22045935314e-06, 3.18895928331e-07, 4.69656924906e-07, 9.79650138788e-08, 3.66070516122e-08, 2.15233573186e-08, 3.64155070542e-08, 5.56208368252e-09, 4.65214283762e-10, 2.11181752641e-10, 2.10921613508e-10, 1.37950262324e-10, 6.56531551346e-10, 2.27794871854e-09, 6.67793598197e-10, 1.199177313e-09, 3.77773035076e-10, 1.13516636091e-08, 6.77511202696e-09, 2.50767584475e-09, 2.67131627929e-09, 5.59708612791e-10, 2.23865682936e-11, 6.91160947919e-11, 2.00173645021e-11, 3.60218690813e-12, 1.89763179129e-12, 7.05712072981e-13, 2.53475707221e-13, 1.52680656746e-13, 4.23452607343e-14, 2.02643552437e-14, 6.48830202212e-15, 3.29262458905e-15, 1.47949476716e-15, 8.00373819717e-16, 2.35267159809e-16],
        "dvar2": [1.20533698578e-07, 2.77709614238e-06, 4.53470011053e-06, 2.927836249e-06, 8.0790772472e-07, 1.15620650831e-06, 2.59006498027e-07, 6.96626543117e-08, 4.77910830909e-08, 9.1675225633e-08, 1.2695596574e-08, 1.16989673504e-09, 5.55562429394e-10, 5.45160971921e-10, 3.44988482226e-10, 1.65305025224e-09, 5.7155915556e-09, 1.70696023982e-09, 3.20618087635e-09, 8.87971807195e-10, 2.33728041366e-08, 1.3714783087e-08, 6.07336181346e-09, 6.81637546407e-09, 1.39280853517e-09, 5.83956979994e-11, 1.94853716495e-10, 5.2680210888e-11, 9.35656326723e-12, 4.9002681253e-12, 1.89126752453e-12, 6.77698511458e-13, 3.93763607874e-13, 1.10404036174e-13, 5.33075543614e-14, 1.66261827168e-14, 8.51008750502e-15, 4.13543465355e-15, 2.21732261526e-15, 6.61892350231e-16],
        "max": [0.00230627506971, 0.00999603886157, 0.0172738227993, 0.0115656275302, 0.00702619925141, 0.0072008590214, 0.00299452012405, 0.00441681733355, 0.00255342293531, 0.00399460783228, 0.00101401365828, 0.000326531182509, 0.000165964927874, 0.00014227918291, 0.000145006692037, 0.000349863112206, 0.000615483091678, 0.000339953257935, 0.000490338192321, 0.000324501044815, 0.00189726729877, 0.00174131058156, 0.000864716887008, 0.000527246738784, 0.000414154463215, 5.44736794836e-05, 0.000171267631231, 5.44174145034e-05, 2.83674107777e-05, 1.50307341755e-05, 1.48910194184e-05, 7.26590269551e-06, 6.07344736636e-06, 2.46542003879e-06, 2.05904780159e-06, 8.20501554699e-07, 5.56905547455e-07, 3.50817543904e-07, 4.68786794272e-07, 1.8049576056e-07],
        "mean": [0.000211723323446, 0.00149868556764, 0.00213546887971, 0.00140581966843, 0.000929289148189, 0.0011349102715, 0.000465330784209, 0.000174550455995, 0.000127026738483, 0.000174086540937, 9.22748513403e-05, 2.6324096325e-05, 1.63413733389e-05, 1.88863450603e-05, 1.38393179441e-05, 2.55906634266e-05, 3.8299618609e-05, 2.62275643763e-05, 3.29967479047e-05, 2.39809978666e-05, 7.42908305256e-05, 6.03456574026e-05, 5.13186205353e-05, 4.60135051981e-05, 2.02796036319e-05, 7.01741691955e-06, 9.74212434812e-06, 6.16185343461e-06, 3.36053813044e-06, 2.21428672376e-06, 1.15806915346e-06, 6.74079615237e-07, 5.15034628279e-07, 3.07983640369e-07, 1.9094579784e-07, 1.24231775089e-07, 8.40350011799e-08, 3.88861991496e-08, 2.57079477706e-08, 1.11164517591e-08],
        "median": [0.000138362302096, 0.00111005979124, 0.00157102500089, 0.000715147121809, 0.000496106804349, 0.000689330569003, 0.000240490917349, 6.53394090477e-05, 6.11252180533e-05, 8.51432560012e-05, 4.61236049887e-05, 1.74480337591e-05, 1.13251953735e-05, 1.31994920594e-05, 9.17590841709e-06, 1.36918642966e-05, 1.98894285859e-05, 1.61657917488e-05, 1.83819101949e-05, 1.39351350299e-05, 2.51216479228e-05, 2.77194958471e-05, 3.18252277793e-05, 2.18359109567e-05, 1.13127389341e-05, 4.99139059684e-06, 6.92693765814e-06, 4.1049279389e-06, 2.55759459833e-06, 1.6681225361e-06, 8.32614546198e-07, 4.85719965582e-07, 3.586099524e-07, 2.20209500412e-07, 1.3416540412e-07, 8.64894715846e-08, 5.30446904179e-08, 2.31092922576e-08, 1.52519668006e-08, 6.23081453099e-09],
        "min": [4.86556018586e-07, 8.36351773614e-06, 7.0074006544e-06, 1.68231406406e-06, 3.24563893628e-06, 3.00486590277e-06, 2.42431951847e-06, 1.53357325416e-06, 3.84426385835e-07, 1.03453214706e-06, 4.49460003438e-07, 3.49685649326e-07, 3.39230638247e-07, 3.2752137713e-07, 1.66616942465e-07, 1.11279462089e-07, 4.67501763524e-07, 2.68948241455e-07, 2.5035083695e-07, 3.4777650626e-07, 6.37368202661e-07, 2.94681569812e-07, 6.35074115962e-07, 2.80781648598e-07, 1.46469986362e-07, 1.17962059676e-07, 1.91582699927e-07, 1.08288915612e-07, 7.63421539318e-08, 4.27098640898e-08, 2.29650840566e-08, 1.68132174849e-08, 1.08213056293e-08, 7.3764292452e-09, 1.78809778095e-09, 2.7844748729e-09, 1.67306135612e-09, 2.40955699837e-10, 1.43221641144e-11, 4.01899704922e-13],
