{
"highlevel": {
    "danceability": {
        "all": {
            "danceable": 0.488071858883,
            "not_danceable": 0.511928141117
        },
        "probability": 0.511928141117,
        "value": "not_danceable"
    },
    "gender": {
        "all": {
            "female": 0.179900333285,
            "male": 0.820099651814
        },
        "probability": 0.820099651814,
        "value": "male"
    },
    "genre_dortmund": {
        "all": {
            "alternative": 0.0352065823972,
            "blues": 0.158191934228,
            "electronic": 0.00645251013339,
            "folkcountry": 0.281958162785,
            "funksoulrnb": 0.0524781011045,
            "jazz": 0.218262508512,
            "pop": 0.0444634445012,
            "raphiphop": 0.011981212534,
            "rock": 0.191005557775
        },
        "probability": 0.281958162785,
        "value": "folkcountry"
    },
    "genre_electronic": {
        "all": {
            "ambient": 0.919699370861,
            "dnb": 0.0243306420743,
            "house": 0.0344782210886,
            "techno": 0.00518334377557,
            "trance": 0.016308395192
        },
        "probability": 0.919699370861,
        "value": "ambient"
    },
    "genre_rosamerica": {
        "all": {
            "cla": 0.13717739284,
            "dan": 0.00522974319756,
            "hip": 0.0355866700411,
            "jaz": 0.103289537132,
            "pop": 0.0879524722695,
            "rhy": 0.563068211079,
            "roc": 0.0151122864336,
            "spe": 0.0525836572051
        },
        "probability": 0.563068211079,
        "value": "rhy"
    },
    "genre_tzanetakis": {
        "all": {
            "blu": 0.0626613423228,
            "cla": 0.0348169617355,
            "cou": 0.104475811124,
            "dis": 0.0784321576357,
            "hip": 0.15692435205,
            "jaz": 0.313974827528,
            "met": 0.0448166541755,
            "pop": 0.0627359300852,
            "reg": 0.0627360641956,
            "roc": 0.0784258767962
        },
        "probability": 0.313974827528,
        "value": "jaz"
    },
    "ismir04_rhythm": {
        "all": {
            "ChaChaCha": 0.0980806574225,
            "Jive": 0.0650327503681,
            "Quickstep": 0.181348443031,
            "Rumba-American": 0.0468122139573,
            "Rumba-International": 0.322095155716,
            "Rumba-Misc": 0.0200393591076,
            "Samba": 0.0789044126868,
            "Tango": 0.0118110915646,
            "VienneseWaltz": 0.153005570173,
            "Waltz": 0.0228703469038
        },
        "probability": 0.322095155716,
        "value": "Rumba-International"
    },
    "mood_acoustic": {
        "all": {
            "acoustic": 0.939647197723,
            "not_acoustic": 0.0603528060019
        },
        "probability": 0.939647197723,
        "value": "acoustic"
    },
    "mood_aggressive": {
        "all": {
            "aggressive": 0.0186130180955,
            "not_aggressive": 0.981386959553
        },
        "probability": 0.981386959553,
        "value": "not_aggressive"
    },
    "mood_electronic": {
        "all": {
            "electronic": 0.252287566662,
            "not_electronic": 0.747712433338
        },
        "probability": 0.747712433338,
        "value": "not_electronic"
    },
    "mood_happy": {
        "all": {
            "happy": 0.463946163654,
            "not_happy": 0.536053836346
        },
        "probability": 0.536053836346,
        "value": "not_happy"
    },
    "mood_party": {
        "all": {
            "not_party": 0.940734744072,
            "party": 0.0592652782798
        },
        "probability": 0.940734744072,
        "value": "not_party"
    },
    "mood_relaxed": {
        "all": {
            "not_relaxed": 0.121837571263,
            "relaxed": 0.878162443638
        },
        "probability": 0.878162443638,
        "value": "relaxed"
    },
    "mood_sad": {
        "all": {
            "not_sad": 0.137168049812,
            "sad": 0.862831950188
        },
        "probability": 0.862831950188,
        "value": "sad"
    },
    "moods_mirex": {
        "all": {
            "Cluster1": 0.144707471132,
            "Cluster2": 0.364504039288,
            "Cluster3": 0.217529430985,
            "Cluster4": 0.226324617863,
            "Cluster5": 0.0469344519079
        },
        "probability": 0.364504039288,
        "value": "Cluster2"
    },
    "timbre": {
        "all": {
            "bright": 0.790489971638,
            "dark": 0.209510043263
        },
        "probability": 0.790489971638,
        "value": "bright"
    },
    "tonal_atonal": {
        "all": {
            "atonal": 0.00311506958678,
            "tonal": 0.996884942055
        },
        "probability": 0.996884942055,
        "value": "tonal"
    },
    "voice_instrumental": {
        "all": {
            "instrumental": 0.000649603549391,
            "voice": 0.999350368977
        },
        "probability": 0.999350368977,
        "value": "voice"
    }
},
"lowlevel": {
    "average_loudness": 0.954981446266,
    "barkbands_crest": {
        "dmean": 2.87774252892,
        "dmean2": 4.526699543,
        "dvar": 6.59529972076,
        "dvar2": 15.2887964249,
        "max": 24.3255939484,
        "mean": 10.7539348602,
        "median": 9.91462230682,
        "min": 3.74656319618,
        "var": 17.4033164978
    },
    "barkbands_flatness_db": {
        "dmean": 0.0317273810506,
        "dmean2": 0.0445656850934,
        "dvar": 0.000875564641319,
        "dvar2": 0.00160543131642,
        "max": 0.382518082857,
        "mean": 0.185741499066,
        "median": 0.176755443215,
        "min": 0.0654256716371,
        "var": 0.00285608228296
    },
    "barkbands_kurtosis": {
        "dmean": 3.60077571869,
        "dmean2": 5.58505964279,
        "dvar": 25.649728775,
        "dvar2": 54.6174659729,
        "max": 68.9788970947,
        "mean": 5.88736963272,
        "median": 3.30490922928,
        "min": -1.92445528507,
        "var": 62.6422920227
    },
    "barkbands_skewness": {
        "dmean": 0.601724922657,
        "dmean2": 0.929523944855,
        "dvar": 0.342793643475,
        "dvar2": 0.813126921654,
        "max": 6.70451784134,
        "mean": 1.53472173214,
        "median": 1.37830209732,
        "min": -1.35311579704,
        "var": 1.15327227116
    },
    "barkbands_spread": {
        "dmean": 5.11321973801,
        "dmean2": 7.48325014114,
        "dvar": 44.7027740479,
        "dvar2": 81.7308273315,
        "max": 100.015335083,
        "mean": 14.1464014053,
        "median": 11.0756540298,
        "min": 0.926968216896,
        "var": 157.783432007
    },
    "dissonance": {
        "dmean": 0.0363335311413,
        "dmean2": 0.0568115375936,
        "dvar": 0.00103430857416,
        "dvar2": 0.00235678302124,
        "max": 0.49844071269,
        "mean": 0.421134352684,
        "median": 0.431071698666,
        "min": 0.180740877986,
        "var": 0.00286740576848
    },
    "dynamic_complexity": 3.5651538372,
    "erbbands_crest": {
        "dmean": 3.44975233078,
        "dmean2": 5.52737188339,
        "dvar": 8.69872570038,
        "dvar2": 21.9474544525,
        "max": 30.9439754486,
        "mean": 11.7240743637,
        "median": 11.0222272873,
        "min": 3.56153082848,
        "var": 20.2327728271
    },
    "erbbands_flatness_db": {
        "dmean": 0.0279787350446,
        "dmean2": 0.0403735823929,
        "dvar": 0.000641944643576,
        "dvar2": 0.00118119374383,
        "max": 0.334203183651,
        "mean": 0.206214800477,
        "median": 0.208030954003,
        "min": 0.0892232507467,
        "var": 0.00206897594035
    },
    "erbbands_kurtosis": {
        "dmean": 2.05787801743,
        "dmean2": 3.11671853065,
        "dvar": 9.91726207733,
        "dvar2": 21.3468456268,
        "max": 37.624961853,
        "mean": 2.4850153923,
        "median": 0.936659812927,
        "min": -1.78228151798,
        "var": 21.943145752
    },
    "erbbands_skewness": {
        "dmean": 0.517226397991,
        "dmean2": 0.781751334667,
        "dvar": 0.243264779449,
        "dvar2": 0.532586872578,
        "max": 4.90242910385,
        "mean": 1.03639757633,
        "median": 0.970406115055,
        "min": -2.69617438316,
        "var": 0.862355470657
    },
    "erbbands_spread": {
        "dmean": 8.89499568939,
        "dmean2": 13.3988399506,
        "dvar": 123.985145569,
        "dvar2": 255.955627441,
        "max": 139.282226562,
        "mean": 28.794801712,
        "median": 24.7378616333,
        "min": 2.98622584343,
        "var": 398.756500244
    },
    "hfc": {
        "dmean": 6.49640226364,
        "dmean2": 9.11526870728,
        "dvar": 74.2894210815,
        "dvar2": 165.355697632,
        "max": 82.7441940308,
        "mean": 13.7642278671,
        "median": 8.05527591705,
        "min": 0.0795942172408,
        "var": 215.895401001
    },
    "melbands_crest": {
        "dmean": 3.31833338737,
        "dmean2": 5.18218803406,
        "dvar": 9.30534934998,
        "dvar2": 22.3433933258,
        "max": 31.8712768555,
        "mean": 13.1228914261,
        "median": 12.0617322922,
        "min": 4.67512083054,
        "var": 22.7210216522
    },
    "melbands_flatness_db": {
        "dmean": 0.0385517068207,
        "dmean2": 0.0525041557848,
        "dvar": 0.00137232919224,
        "dvar2": 0.00254488294013,
        "max": 0.452150523663,
        "mean": 0.228901475668,
        "median": 0.21791896224,
        "min": 0.0647592321038,
        "var": 0.00470158644021
    },
    "melbands_kurtosis": {
        "dmean": 6.29479312897,
        "dmean2": 9.84601974487,
        "dvar": 88.5938644409,
        "dvar2": 200.417098999,
        "max": 164.154449463,
        "mean": 11.4145612717,
        "median": 6.63345718384,
        "min": -1.48476028442,
        "var": 210.251235962
    },
    "melbands_skewness": {
        "dmean": 0.732315838337,
        "dmean2": 1.1013160944,
        "dvar": 0.607414901257,
        "dvar2": 1.42452657223,
        "max": 11.1771497726,
        "mean": 2.01575613022,
        "median": 1.76131737232,
        "min": -1.0930223465,
        "var": 2.23214793205
    },
    "melbands_spread": {
        "dmean": 6.04840612411,
        "dmean2": 9.09971141815,
        "dvar": 75.8178863525,
        "dvar2": 172.825820923,
        "max": 192.946151733,
        "mean": 16.2054100037,
        "median": 13.7932224274,
        "min": 1.30937349796,
        "var": 154.293884277
    },
    "pitch_salience": {
        "dmean": 0.0772547870874,
        "dmean2": 0.121732659638,
        "dvar": 0.00474816653877,
        "dvar2": 0.0115439081565,
        "max": 0.857688724995,
        "mean": 0.591853380203,
        "median": 0.601699411869,
        "min": 0.158846020699,
        "var": 0.0115411914885
    },
    "silence_rate_20dB": {
        "dmean": 0,
        "dmean2": 0,
        "dvar": 0,
        "dvar2": 0,
        "max": 1,
        "mean": 1,
        "median": 1,
        "min": 1,
        "var": 0
    },
    "silence_rate_30dB": {
        "dmean": 0,
        "dmean2": 0,
        "dvar": 0,
        "dvar2": 0,
        "max": 1,
        "mean": 1,
        "median": 1,
        "min": 1,
        "var": 0
    },
    "silence_rate_60dB": {
        "dmean": 0.0572755411267,
        "dmean2": 0.114639811218,
        "dvar": 0.0539951696992,
        "dvar2": 0.120087578893,
        "max": 1,
        "mean": 0.0750193372369,
        "median": 0,
        "min": 0,
        "var": 0.069391913712
    },
    "spectral_centroid": {
        "dmean": 245.014785767,
        "dmean2": 352.71105957,
        "dvar": 75913.21875,
        "dvar2": 156942.109375,
        "max": 3694.59057617,
        "mean": 930.582763672,
        "median": 843.330810547,
        "min": 239.09085083,
        "var": 212176.734375
    },
    "spectral_complexity": {
        "dmean": 3.52941179276,
        "dmean2": 5.49961280823,
        "dvar": 20.2941169739,
        "dvar2": 48.8154640198,
        "max": 45,
        "mean": 11.4833717346,
        "median": 10,
        "min": 0,
        "var": 39.4005126953
    },
    "spectral_decrease": {
        "dmean": 1.91088056489e-09,
        "dmean2": 2.5951016891e-09,
        "dvar": 6.375607895e-18,
        "dvar2": 1.25260233129e-17,
        "max": -3.50529917592e-11,
        "mean": -4.58718796281e-09,
        "median": -2.95850521859e-09,
        "min": -2.66244430946e-08,
        "var": 1.96476223889e-17
    },
    "spectral_energy": {
        "dmean": 0.00775063317269,
        "dmean2": 0.0105369500816,
        "dvar": 0.000102779260487,
        "dvar2": 0.000202654176974,
        "max": 0.107005476952,
        "mean": 0.0185615625232,
        "median": 0.0119626931846,
        "min": 0.000139517622301,
        "var": 0.000320197315887
    },
    "spectral_energyband_high": {
        "dmean": 0.000192065883311,
        "dmean2": 0.000308850605506,
        "dvar": 1.44750671893e-07,
        "dvar2": 3.40879239502e-07,
        "max": 0.00776756228879,
        "mean": 0.000249532226007,
        "median": 0.000117824827612,
        "min": 1.11830888727e-06,
        "var": 2.0253740729e-07
    },
    "spectral_energyband_low": {
        "dmean": 0.000664661056362,
        "dmean2": 0.00110641820356,
        "dvar": 6.43701753233e-07,
        "dvar2": 1.6129248479e-06,
        "max": 0.00814056955278,
        "mean": 0.0016176647041,
        "median": 0.00135663850233,
        "min": 2.46047748078e-05,
        "var": 1.30429498313e-06
    },
    "spectral_energyband_middle_high": {
        "dmean": 0.00264916452579,
        "dmean2": 0.00377200101502,
        "dvar": 1.8377766537e-05,
        "dvar2": 4.04135826102e-05,
        "max": 0.0492518544197,
        "mean": 0.00462405057624,
        "median": 0.00142855860759,
        "min": 1.27833463921e-05,
        "var": 4.86377866764e-05
    },
    "spectral_energyband_middle_low": {
        "dmean": 0.00613162713125,
        "dmean2": 0.00849287770689,
        "dvar": 8.5014544311e-05,
        "dvar2": 0.000171860694536,
        "max": 0.0961429029703,
        "mean": 0.0128026437014,
        "median": 0.00759250950068,
        "min": 2.07054963539e-05,
        "var": 0.000211824008147
    },
    "spectral_entropy": {
        "dmean": 0.333757936954,
        "dmean2": 0.457816809416,
        "dvar": 0.0947537198663,
        "dvar2": 0.159532278776,
        "max": 8.6328792572,
        "mean": 7.12670373917,
        "median": 7.14641046524,
        "min": 5.41148710251,
        "var": 0.301809817553
    },
    "spectral_flux": {
        "dmean": 0.0290545411408,
        "dmean2": 0.0449628420174,
        "dvar": 0.000865790410899,
        "dvar2": 0.00176572427154,
        "max": 0.295765995979,
        "mean": 0.0712000504136,
        "median": 0.062684096396,
        "min": 0.00575894769281,
        "var": 0.00202553090639
    },
    "spectral_kurtosis": {
        "dmean": 3.02318692207,
        "dmean2": 4.99206733704,
        "dvar": 11.7145290375,
        "dvar2": 28.5771408081,
        "max": 39.7620201111,
        "mean": 5.7692937851,
        "median": 4.41092014313,
        "min": -1.4927008152,
        "var": 22.9149990082
    },
    "spectral_rms": {
        "dmean": 0.000853949633893,
        "dmean2": 0.00113560236059,
        "dvar": 8.00856412297e-07,
        "dvar2": 1.49050720211e-06,
        "max": 0.0102174161002,
        "mean": 0.003821272403,
        "median": 0.00341627281159,
        "min": 0.00036893732613,
        "var": 3.50674281435e-06
    },
    "spectral_rolloff": {
        "dmean": 414.380310059,
        "dmean2": 716.11706543,
        "dvar": 815239.25,
        "dvar2": 1757543.75,
        "max": 10012.9394531,
        "mean": 1145.10571289,
        "median": 796.728515625,
        "min": 172.265625,
        "var": 1613372.625
    },
    "spectral_skewness": {
        "dmean": 0.393541514874,
        "dmean2": 0.614209771156,
        "dvar": 0.139077678323,
        "dvar2": 0.299677759409,
        "max": 4.57562303543,
        "mean": 1.78760743141,
        "median": 1.67255055904,
        "min": 0.0800342336297,
        "var": 0.402352064848
    },
    "spectral_spread": {
        "dmean": 674960.75,
        "dmean2": 957070.75,
        "dvar": 785496735744,
        "dvar2": 1.16573601792e+12,
        "max": 16581613,
        "mean": 4008294.75,
        "median": 3662472.25,
        "min": 1408775.125,
        "var": 3.29218156134e+12
    },
    "spectral_strongpeak": {
        "dmean": 0.604734659195,
        "dmean2": 0.927139937878,
        "dvar": 0.569653570652,
        "dvar2": 1.26832640171,
        "max": 7.93218946457,
        "mean": 1.27205038071,
        "median": 0.844748318195,
        "min": 0.0147414552048,
        "var": 1.6779756546
    },
    "zerocrossingrate": {
        "dmean": 0.00963335111737,
        "dmean2": 0.0111722229049,
        "dvar": 0.000146918886458,
        "dvar2": 0.00015374267241,
        "max": 0.27734375,
        "mean": 0.0449687018991,
        "median": 0.03955078125,
        "min": 0.0087890625,
        "var": 0.000918294594157
    },
    "barkbands": {
        "dmean": [6.28526049695e-06, 0.000377313554054, 0.000316668971209, 0.0002566553012, 0.00213266536593, 0.000989032443613, 0.00113541469909, 0.00120421906468, 0.00207624631003, 0.00160681281704, 0.000584986584727, 0.000270886463113, 0.000290990719805, 0.00035677451524, 0.000284482113784, 0.000158695562277, 0.000144126432133, 9.71008339548e-05, 9.77016679826e-05, 6.79662116454e-05, 4.41611809947e-05, 5.21206129633e-05, 3.35265685862e-05, 3.69641675206e-05, 1.87765654118e-05, 2.99581483887e-06, 2.51901832726e-09],
        "dmean2": [1.08437534436e-05, 0.00060751393903, 0.000544380804058, 0.000423097633757, 0.0030234567821, 0.00151535670739, 0.00169701024424, 0.00178172858432, 0.00294928741641, 0.00239813397638, 0.000818817701656, 0.000437196431449, 0.000426190061262, 0.000537615851499, 0.000456652138382, 0.000248295255005, 0.000242141861236, 0.000169662613189, 0.000152842607349, 0.000105729137431, 7.52308624214e-05, 8.69082577992e-05, 5.34572936886e-05, 5.45100228919e-05, 2.8305050364e-05, 4.98735289511e-06, 3.17158344032e-09],
        "dvar": [6.04177888275e-11, 2.21025075575e-07, 2.26679333082e-07, 1.52756200578e-07, 2.46542731475e-05, 2.82283281194e-06, 8.26147879707e-06, 1.23053068819e-05, 3.43885039911e-05, 1.43251700138e-05, 2.52522522715e-06, 5.02522027546e-07, 4.48580635748e-07, 6.81358073962e-07, 4.098027091e-07, 1.34701082288e-07, 1.22676183878e-07, 5.50530110388e-08, 4.65696423646e-08, 1.47600571765e-08, 8.05082844835e-09, 1.16512719472e-08, 5.35088195974e-09, 1.18352208034e-08, 8.39602432023e-09, 8.01577762499e-11, 3.57183036539e-15],
        "dvar2": [1.60379209913e-10, 6.02786258241e-07, 5.81574226999e-07, 3.90334292888e-07, 5.03154551552e-05, 6.26998598818e-06, 1.90688388102e-05, 2.49118675129e-05, 7.16825161362e-05, 3.18592537951e-05, 4.68268717668e-06, 1.17237004815e-06, 8.79882520621e-07, 1.47293042119e-06, 9.56403255259e-07, 2.97482870337e-07, 3.30538370008e-07, 1.50952047306e-07, 9.3713957483e-08, 3.36935634948e-08, 2.25560619072e-08, 3.17362953695e-08, 1.13190257167e-08, 2.09616715097e-08, 1.6558198368e-08, 1.74391792673e-10, 3.57606298902e-15],
        "max": [0.000134316956974, 0.00402409071103, 0.00487427599728, 0.00487575307488, 0.0530511029065, 0.024929985404, 0.0539552308619, 0.0606526769698, 0.0919694751501, 0.0494252443314, 0.0268112961203, 0.0111303031445, 0.0106860436499, 0.0124649247155, 0.0081567177549, 0.00622726231813, 0.00462371855974, 0.00231928029098, 0.00449407240376, 0.00141892337706, 0.00085145002231, 0.00104912079405, 0.00159512541723, 0.00307379756123, 0.00308547401801, 0.000236702413531, 2.14462716031e-06],
        "mean": [8.4453731688e-06, 0.000678706273902, 0.000670351844747, 0.00056842667982, 0.00348879466765, 0.00139693077654, 0.00170999648981, 0.00172155385371, 0.0029735728167, 0.00196704640985, 0.00083968450781, 0.00035190404742, 0.000429251755122, 0.000491666956805, 0.000348006986314, 0.00020311321714, 0.000165950608789, 8.30133794807e-05, 0.000142879667692, 9.84077196335e-05, 4.60430164821e-05, 6.21955550741e-05, 4.02506120736e-05, 4.85457021568e-05, 2.36658706854e-05, 3.1726144698e-06, 2.34861330384e-09],
        "median": [5.11155121785e-06, 0.000547705916688, 0.000450717110652, 0.000393140449887, 0.00116624042857, 0.000487214914756, 0.000555858248845, 0.000415054266341, 0.000458835944301, 0.000201433140319, 8.99890583241e-05, 7.02215766069e-05, 5.15896135767e-05, 5.62849309063e-05, 5.63183857594e-05, 5.30712713953e-05, 5.22634072695e-05, 1.79667003977e-05, 3.18759048241e-05, 2.52564168477e-05, 1.84293221537e-05, 2.74188678304e-05, 1.4637975255e-05, 1.12116040327e-05, 3.51545418198e-06, 4.34710784702e-07, 1.67053870737e-10],
        "min": [1.76393122331e-08, 2.45270689447e-06, 4.32997069311e-07, 3.77575616994e-07, 8.59855106228e-07, 5.83857286074e-07, 8.99415454114e-07, 2.17368722133e-07, 1.16148805773e-06, 4.48314892765e-07, 2.81054042262e-07, 1.14769370896e-07, 8.6160291346e-08, 4.86434998948e-07, 7.56777012612e-07, 3.20331594139e-07, 5.01689044086e-07, 2.96370473052e-07, 2.48674268732e-07, 1.37831662528e-07, 2.58754766946e-07, 2.15314614138e-07, 7.26637381376e-08, 3.94883070687e-10, 3.45903063137e-11, 1.33348080841e-11, 1.72708722324e-11],
        "var": [1.18828447082e-10, 3.82690103606e-07, 4.37900837369e-07, 3.66970681398e-07, 4.2660991312e-05, 5.40642713531e-06, 1.38789318953e-05, 2.07373996091e-05, 6.5797867137e-05, 2.19993817154e-05, 5.55424776394e-06, 6.73037334309e-07, 1.08104279661e-06, 1.41338466619e-06, 5.98857013756e-07, 2.17891980014e-07, 1.21388211483e-07, 3.92979195851e-08, 1.18418981288e-07, 3.11320462743e-08, 6.23906704078e-09, 1.09533093706e-08, 8.9331564368e-09, 2.44076421296e-08, 1.52059911329e-08, 1.76688830233e-10, 3.57092446365e-15]
    },
    "erbbands": {
        "dmean": [0.00886826775968, 0.0940650105476, 0.304758965969, 0.616373002529, 1.51587080956, 7.79112577438, 13.410700798, 9.26516056061, 11.5895595551, 22.6510219574, 30.9445266724, 46.5672302246, 55.2872428894, 34.9742660522, 14.8741931915, 10.4671831131, 12.7434253693, 17.7664375305, 12.0372781754, 12.7334442139, 8.6910943985, 7.53513002396, 5.12304449081, 3.79723477364, 5.86627912521, 2.74497008324, 1.70793938637, 1.95669925213, 2.00164294243, 1.25006687641, 0.912211954594, 0.857086479664, 0.586865603924, 0.27335730195, 0.100821822882, 0.0232337154448, 0.00382591574453, 0.000251635414315, 9.77697072813e-06, 9.55099585553e-06],
        "dmean2": [0.0134404832497, 0.154399499297, 0.525122880936, 1.04835700989, 2.55133867264, 11.4425792694, 18.2090435028, 14.2697563171, 17.3662071228, 33.8340568542, 44.7423400879, 65.1729660034, 84.396270752, 50.6127243042, 21.2567768097, 16.1630344391, 18.3363323212, 25.472114563, 18.9561519623, 19.6077384949, 13.3343400955, 12.6377515793, 8.95210838318, 6.3494143486, 8.584400177, 4.26075983047, 2.86460185051, 3.32800745964, 3.35080838203, 2.09942793846, 1.42108368874, 1.25703465939, 0.885727465153, 0.417763978243, 0.154170423746, 0.0379775948822, 0.00667680846527, 0.000442760298029, 1.4692476725e-05, 1.31192837216e-05],
        "dvar": [0.000109400425572, 0.0145448278636, 0.20767635107, 0.780611276627, 5.58688783646, 355.959838867, 914.94708252, 286.127044678, 495.747589111, 5887.04882812, 8171.36865234, 20209.984375, 20141.0332031, 6037.11523438, 1124.29431152, 735.547546387, 898.105957031, 1600.58752441, 575.819946289, 822.09197998, 392.52545166, 344.458465576, 168.679504395, 59.5623054504, 173.512237549, 22.3408889771, 10.2156801224, 19.2104816437, 17.3077850342, 6.33294248581, 4.48694181442, 7.01397132874, 3.44108533859, 1.41314256191, 0.204892143607, 0.00783197209239, 0.00011555202218, 5.53617951482e-07, 4.35657288023e-10, 1.46229195419e-10],
        "dvar2": [0.00027086402406, 0.0403275713325, 0.542588055134, 2.01541209221, 15.8388252258, 795.935119629, 1915.55419922, 632.99005127, 1037.49645996, 14594.8613281, 18078.5996094, 41563.8242188, 44408.6992188, 11698.7402344, 2157.46801758, 1712.92175293, 1722.98181152, 3164.27636719, 1351.04614258, 1766.86193848, 863.614746094, 926.34185791, 470.610321045, 157.892120361, 318.174682617, 53.5973434448, 28.2089290619, 53.8089408875, 47.222442627, 17.2472381592, 8.6895866394, 12.8833742142, 6.39400720596, 2.62573289871, 0.4405349195, 0.0171602908522, 0.000252967030974, 1.3592355117e-06, 7.96340104969e-10, 2.94719804117e-10],
        "max": [0.114799760282, 1.01186668873, 3.92243885994, 11.2878742218, 24.4945201874, 199.140899658, 332.266998291, 269.441040039, 352.522827148, 1675.46618652, 1657.99890137, 2815.64624023, 2029.71252441, 953.489685059, 538.710327148, 461.675994873, 538.028503418, 456.372711182, 276.553436279, 379.390319824, 358.655700684, 272.935852051, 149.470352173, 80.0833206177, 283.07232666, 58.4156112671, 34.8562316895, 47.0995559692, 42.1507148743, 26.2003154755, 46.1998138428, 73.5910644531, 54.3483314514, 37.9157829285, 13.7572822571, 2.81072473526, 0.24484026432, 0.0130300493911, 0.0004566332791, 0.000123292644275],
        "mean": [0.0149092106149, 0.174302652478, 0.66787391901, 1.46396255493, 3.20493578911, 11.779548645, 19.0805168152, 13.1585502625, 19.3117485046, 32.7341499329, 44.937046051, 67.8392868042, 71.309677124, 49.8492393494, 22.7491111755, 15.2296171188, 20.9583320618, 27.3623352051, 16.341375351, 16.7176933289, 11.5015115738, 9.07424259186, 4.81567192078, 4.06270599365, 9.96920013428, 4.08419752121, 1.8596984148, 2.09552907944, 2.37087130547, 1.39058589935, 1.1353520155, 1.12390172482, 0.721567511559, 0.332000374794, 0.125908151269, 0.027438338846, 0.00385800935328, 0.000228759672609, 1.69706272573e-05, 2.26296797337e-05],
        "median": [0.00936917494982, 0.142622798681, 0.504426658154, 1.05309283733, 2.53207492828, 3.47196221352, 3.77593994141, 4.23445558548, 6.93201112747, 11.0692548752, 13.1461172104, 11.0067443848, 7.7307100296, 5.31505060196, 3.19181203842, 2.9675886631, 2.79171514511, 3.22576117516, 3.40009021759, 3.34450101852, 3.14834928513, 2.89024567604, 1.33921289444, 1.43911981583, 1.5523018837, 1.16382813454, 0.821344614029, 0.795505702496, 0.973085343838, 0.668886780739, 0.378168731928, 0.268179357052, 0.165207415819, 0.054239295423, 0.0178926121444, 0.00420100195333, 0.000497088243719, 2.79158812191e-05, 9.78784737526e-06, 1.48483368321e-05],
        "min": [7.84260919318e-05, 0.00172721093986, 0.00196958333254, 0.00197091745213, 0.00187789171468, 0.00277286092751, 0.00457278406247, 0.0153338154778, 0.0128605160862, 0.00726001616567, 0.0141614051536, 0.0320868529379, 0.0409585237503, 0.0428364276886, 0.015586765483, 0.00372584583238, 0.00638092122972, 0.0242272485048, 0.038894250989, 0.0420764014125, 0.0347320921719, 0.0362336561084, 0.0218460038304, 0.0134023018181, 0.0159620661288, 0.00754212960601, 0.0117566976696, 0.0102966511622, 0.00823665130883, 0.00341780204326, 0.00143672153354, 0.000270155578619, 2.44284983637e-05, 6.29615215075e-06, 1.85049759693e-06, 5.04992271999e-07, 1.89089391256e-07, 5.23299199529e-08, 8.23157577656e-08, 1.63737880143e-07],
        "var": [0.000236461186432, 0.0234463177621, 0.338984280825, 1.72418248653, 8.55581378937, 524.185546875, 1585.94445801, 589.534423828, 1155.92285156, 7241.58837891, 11907.8466797, 41044.3828125, 32382.3789062, 13084.8378906, 2724.57763672, 1164.39501953, 2512.32519531, 3878.38623047, 971.439575195, 1427.48303223, 619.584899902, 367.826751709, 121.490768433, 54.2649726868, 556.977722168, 43.5072021484, 8.72809314728, 15.0149755478, 16.513874054, 5.44293022156, 8.45309925079, 13.103934288, 6.59679746628, 2.58406400681, 0.401881039143, 0.0162355229259, 0.000222260627197, 7.23551863757e-07, 8.65715443776e-10, 4.49545622949e-10]
    },
    "gfcc": {
        "mean": [-58.9704246521, 126.048225403, -128.896682739, 31.9374389648, -75.137588501, 10.9172172546, -38.4865570068, 3.13178873062, -13.3365821838, -6.55407333374, -12.2405061722, -11.9121112823, -3.18862986565],
        "cov": [[5261.79003906, -1624.57299805, -680.774963379, -640.177429199, -551.849304199, 372.953552246, -87.5171661377, 449.088897705, -353.906951904, 334.216247559, -308.943603516, 89.8304519653, -186.269348145], [-1624.57299805, 1355.3470459, 69.5850753784, 36.9910087585, 242.3956604, -359.127868652, 226.83656311, -325.904998779, 166.071685791, -212.343429565, 169.05305481, -91.0636672974, 144.857940674], [-680.774963379, 69.5850753784, 824.126281738, 192.240402222, -7.12311124802, -5.6741642952, -228.978866577, -21.7193393707, -4.93231916428, -16.8380680084, 4.64263057709, 61.5723800659, 0.0349020250142], [-640.177429199, 36.9910087585, 192.240402222, 454.079925537, 166.43397522, -40.1085205078, -130.645202637, -80.9371948242, 75.5111465454, -37.4010505676, 23.2522068024, -9.26403427124, 30.9303035736], [-551.849304199, 242.3956604, -7.12311124802, 166.43397522, 304.056121826, -22.7805976868, -3.7320022583, -81.5024642944, 21.4972667694, -45.9894828796, 15.636384964, -34.6748275757, 7.86018514633], [372.953552246, -359.127868652, -5.6741642952, -40.1085205078, -22.7805976868, 298.022491455, 48.0028190613, 124.608482361, -86.1181716919, 49.5313301086, -21.9615364075, -5.35161066055, -59.2440872192], [-87.5171661377, 226.83656311, -228.978866577, -130.645202637, -3.7320022583, 48.0028190613, 399.91796875, 5.64742183685, -53.4975738525, -57.7840385437, 35.1672363281, -12.6112718582, -17.182767868], [449.088897705, -325.904998779, -21.7193393707, -80.9371948242, -81.5024642944, 124.608482361, 5.64742183685, 223.443115234, 0.731930136681, 69.8226318359, -59.9673843384, 9.34124660492, -36.1655502319], [-353.906951904, 166.071685791, -4.93231916428, 75.5111465454, 21.4972667694, -86.1181716919, -53.4975738525, 0.731930136681, 225.010864258, 13.2301588058, 7.56784152985, -44.949596405, 37.105052948], [334.216247559, -212.343429565, -16.8380680084, -37.4010505676, -45.9894828796, 49.5313301086, -57.7840385437, 69.8226318359, 13.2301588058, 152.613479614, -13.1227836609, 12.0587215424, -37.1392974854], [-308.943603516, 169.05305481, 4.64263057709, 23.2522068024, 15.636384964, -21.9615364075, 35.1672363281, -59.9673843384, 7.56784152985, -13.1227836609, 124.836509705, 7.83292150497, 26.7444248199], [89.8304519653, -91.0636672974, 61.5723800659, -9.26403427124, -34.6748275757, -5.35161066055, -12.6112718582, 9.34124660492, -44.949596405, 12.0587215424, 7.83292150497, 130.739547729, 0.122053988278], [-186.269348145, 144.857940674, 0.0349020250142, 30.9303035736, 7.86018514633, -59.2440872192, -17.182767868, -36.1655502319, 37.105052948, -37.1392974854, 26.7444248199, 0.122053988278, 109.805122375]],
        "icov": [[0.00050147814909, 0.000149557221448, 0.000435300520621, 0.000217865643208, 0.000494528445415, -6.56700285617e-05, 0.00032148353057, -0.000148220613482, 0.000608793925494, -0.000416899536503, 0.000666108797304, -5.20481189596e-05, 1.36280705192e-05], [0.000149557221448, 0.00564977480099, -0.00222245114855, 0.0028998455964, -0.00372151052579, 0.00403487682343, -0.00400835089386, 0.00340619753115, -0.00303202588111, 0.00161246431526, -0.00301337963901, 0.00262469914742, -0.00277678761631], [0.000435300520621, -0.00222245114855, 0.00304387905635, -0.00159302481916, 0.0024329116568, -0.00194178393576, 0.00293872924522, -0.00161438609939, 0.00199249433354, -0.000379202625481, 0.00162447046023, -0.00180773600005, 0.00162922742311], [0.000217865643208, 0.0028998455964, -0.00159302481916, 0.00517412973568, -0.00346001633443, 0.00146813131869, -0.00111551140435, 0.00234860228375, -0.00250712875277, 0.0012432745425, -0.00158947776072, 0.00097411283059, -0.00162039918359], [0.000494528445415, -0.00372151052579, 0.0024329116568, -0.00346001633443, 0.00785355921835, -0.00318827596493, 0.00298460572958, -0.00129617366474, 0.00281336670741, -0.0010137463687, 0.00308019667864, -0.00111600745004, 0.00243748654611], [-6.56700285617e-05, 0.00403487682343, -0.00194178393576, 0.00146813131869, -0.00318827596493, 0.00877146515995, -0.00358057254925, -0.000882611609995, 8.02820068202e-05, 0.00039049150655, -0.00329245626926, 0.00329479319043, -0.000834279984701], [0.00032148353057, -0.00400835089386, 0.00293872924522, -0.00111551140435, 0.00298460572958, -0.00358057254925, 0.00710999686271, -0.00300850020722, 0.00295547908172, 0.000653094146401, 0.00123589404393, -0.00205106334761, 0.0030462325085], [-0.000148220613482, 0.00340619753115, -0.00161438609939, 0.00234860228375, -0.00129617366474, -0.000882611609995, -0.00300850020722, 0.0107786701992, -0.00411458639428, -0.00075027969433, 0.00121232413221, 0.000544517941307, -0.00186941947322], [0.000608793925494, -0.00303202588111, 0.00199249433354, -0.00250712875277, 0.00281336670741, 8.02820068202e-05, 0.00295547908172, -0.00411458639428, 0.00928570423275, -0.00281254248694, 0.00190711172763, 0.00101985840593, 0.000132758810651], [-0.000416899536503, 0.00161246431526, -0.000379202625481, 0.0012432745425, -0.0010137463687, 0.00039049150655, 0.000653094146401, -0.00075027969433, -0.00281254248694, 0.0106833288446, -0.00295232282951, -0.000237580316025, 0.00223698839545], [0.000666108797304, -0.00301337963901, 0.00162447046023, -0.00158947776072, 0.00308019667864, -0.00329245626926, 0.00123589404393, 0.00121232413221, 0.00190711172763, -0.00295232282951, 0.0131279127672, -0.00257739517838, -0.000689308857545], [-5.20481189596e-05, 0.00262469914742, -0.00180773600005, 0.00097411283059, -0.00111600745004, 0.00329479319043, -0.00205106334761, 0.000544517941307, 0.00101985840593, -0.000237580316025, -0.00257739517838, 0.0105640022084, -0.00191771565005], [1.36280705192e-05, -0.00277678761631, 0.00162922742311, -0.00162039918359, 0.00243748654611, -0.000834279984701, 0.0030462325085, -0.00186941947322, 0.000132758810651, 0.00223698839545, -0.000689308857545, -0.00191771565005, 0.0133674368262]]
    },
    "melbands": {
        "dmean": [9.52274058363e-05, 0.000139261115692, 0.000122243829537, 0.000265057809884, 0.000516924483236, 0.000196534878341, 0.000197096363991, 0.000247040181421, 0.000276120117633, 0.000305599736748, 0.000278307823464, 0.000146372753079, 6.31262082607e-05, 3.25354812958e-05, 2.27477412409e-05, 3.27712477883e-05, 3.60725171049e-05, 1.98882607947e-05, 2.50218527071e-05, 1.23763948068e-05, 1.02158592199e-05, 8.93616106623e-06, 4.91634091304e-06, 4.90813226861e-06, 2.80946278508e-06, 4.43437556896e-06, 3.6323169752e-06, 1.55596660534e-06, 1.0823022194e-06, 1.06920492726e-06, 1.1929221273e-06, 1.25214933178e-06, 8.884198337e-07, 6.55152518902e-07, 5.27684960616e-07, 5.3542396472e-07, 5.48556727153e-07, 4.59099283034e-07, 3.32805569769e-07, 1.97968176963e-07],
        "dmean2": [0.00014964483853, 0.000238521170104, 0.000203592688194, 0.000416392082116, 0.000706097402144, 0.000301407591905, 0.000292638840619, 0.000370507594198, 0.000399618060328, 0.000429954990977, 0.00042570423102, 0.000213324034121, 8.83038228494e-05, 5.1401937526e-05, 3.41472805303e-05, 4.66221245006e-05, 5.26180883753e-05, 3.16468795063e-05, 3.99209893658e-05, 1.93217420019e-05, 1.60417584993e-05, 1.49582383528e-05, 8.54047084431e-06, 8.6464733613e-06, 4.78141191707e-06, 6.61069498165e-06, 5.17294120073e-06, 2.55281292993e-06, 1.82534972737e-06, 1.82074984423e-06, 2.00700947062e-06, 2.09924860428e-06, 1.4937565993e-06, 1.10931955533e-06, 8.41336316171e-07, 8.19277545361e-07, 8.13070641925e-07, 7.09056564574e-07, 5.07981610554e-07, 3.19395070392e-07],
        "dvar": [1.32329338598e-08, 3.65293608695e-08, 3.01085911758e-08, 3.202690948e-07, 1.46695117564e-06, 1.19531620157e-07, 1.54271020847e-07, 6.47971432954e-07, 6.96757979313e-07, 8.88894589934e-07, 5.14239047789e-07, 1.03226007298e-07, 2.46244447055e-08, 8.4604403483e-09, 2.61069410534e-09, 6.27716678636e-09, 7.50977680042e-09, 2.05909755913e-09, 3.75821551657e-09, 8.34084856738e-10, 5.89009008234e-10, 5.1632742526e-10, 1.65066502134e-10, 1.45556539044e-10, 3.27392730981e-11, 1.33734148755e-10, 4.54168230801e-11, 9.31684937533e-12, 4.43281652704e-12, 4.5297433339e-12, 7.32483258076e-12, 6.70214968593e-12, 3.55685489742e-12, 1.76040930965e-12, 1.32400058798e-12, 2.77215034782e-12, 2.9246858841e-12, 1.82410358519e-12, 2.23695801466e-12, 7.47193431259e-13],
        "dvar2": [3.54488918219e-08, 9.43460634062e-08, 7.85452272112e-08, 7.825763646e-07, 3.01289878735e-06, 2.64442178377e-07, 3.19986099839e-07, 1.53249868617e-06, 1.57096155817e-06, 1.85407839126e-06, 1.13837791105e-06, 1.9840773291e-07, 4.71797712009e-08, 1.93337452714e-08, 5.66390001566e-09, 1.23823200582e-08, 1.51700181306e-08, 4.89251439362e-09, 8.8765697015e-09, 1.8610699648e-09, 1.3248491193e-09, 1.38708611264e-09, 4.65521676762e-10, 3.9666059326e-10, 8.78581027375e-11, 2.42659864425e-10, 8.18488402055e-11, 2.49556451892e-11, 1.22141853923e-11, 1.27090941937e-11, 2.04148226102e-11, 1.79717057208e-11, 9.89243409411e-12, 4.75138418193e-12, 2.72666589828e-12, 4.71688616985e-12, 5.79286401833e-12, 3.61083146889e-12, 4.4896079042e-12, 1.46123250219e-12],
        "max": [0.00104714802001, 0.00177121465094, 0.00188705790788, 0.00652229227126, 0.0132873747498, 0.0056804199703, 0.00619172398001, 0.0163416881114, 0.0154045820236, 0.0183605980128, 0.00993668939918, 0.00432945042849, 0.00265716062859, 0.00163527869154, 0.000740800111089, 0.00137682515197, 0.00101007183548, 0.000708656967618, 0.000885200919583, 0.000492873135954, 0.000411774584791, 0.000340270751622, 0.000142861361383, 0.000112933455966, 6.45654363325e-05, 0.000271355820587, 0.000119288561109, 4.15400972997e-05, 2.75748334388e-05, 2.06748827623e-05, 2.8539188861e-05, 2.77645613096e-05, 2.08557412407e-05, 1.68971037056e-05, 2.44080747507e-05, 3.65247142327e-05, 4.7283465392e-05, 3.37286073773e-05, 4.83066651213e-05, 2.3387665351e-05],
        "mean": [0.000164354700246, 0.000316707388265, 0.000303355394863, 0.000448498030892, 0.000749880506191, 0.000278995023109, 0.000320554943755, 0.000356940727215, 0.000388402171666, 0.000435150781414, 0.00034661628888, 0.000201236223802, 9.27460205276e-05, 4.20362594014e-05, 3.44550717273e-05, 4.96218017361e-05, 5.2256960771e-05, 2.44955463131e-05, 2.92881322821e-05, 1.63879158208e-05, 1.26503355204e-05, 1.04598466351e-05, 5.05059188072e-06, 3.958913112e-06, 2.72710258287e-06, 6.8820454544e-06, 6.33704075881e-06, 1.88589433492e-06, 1.12159455057e-06, 1.06769311969e-06, 1.26676468426e-06, 1.49427262386e-06, 9.63223328654e-07, 6.95828134667e-07, 6.26268786164e-07, 6.85580744175e-07, 6.9732141128e-07, 5.50931304133e-07, 3.83384502811e-07, 2.37164101691e-07],
        "median": [0.000117978685012, 0.000276438338915, 0.000254262558883, 0.000245799485128, 0.000155762856593, 9.02052561287e-05, 0.000111340785224, 0.000112852787424, 0.000102246580354, 6.31379298284e-05, 3.30450493493e-05, 2.10490907193e-05, 1.10777809823e-05, 6.92195862939e-06, 6.33523359284e-06, 5.14428984388e-06, 5.50313643544e-06, 4.47229331257e-06, 4.48878245152e-06, 3.54920371137e-06, 3.47598734152e-06, 2.9316254313e-06, 1.46863874306e-06, 8.17229931727e-07, 1.01964474197e-06, 1.039209792e-06, 1.09853613139e-06, 5.81251811127e-07, 4.35118266751e-07, 4.11571846826e-07, 4.22437409497e-07, 5.62456477837e-07, 4.3414294737e-07, 3.14477659913e-07, 1.99616266627e-07, 1.61844667446e-07, 1.35589814931e-07, 1.19389753195e-07, 6.02977650033e-08, 3.3030122637e-08],
        "min": [8.77638115071e-07, 2.36931145992e-06, 2.76914789765e-07, 1.41240604989e-07, 1.53495051336e-07, 1.18885985501e-07, 1.36175884791e-07, 5.73396938819e-08, 8.20212662234e-08, 1.70181579051e-07, 1.14455055211e-07, 9.96217437432e-08, 4.95558154512e-08, 1.81014296885e-08, 5.00802155301e-09, 1.36512756654e-08, 3.59325262878e-08, 5.3416126633e-08, 5.86815076531e-08, 3.48417685814e-08, 2.63686565916e-08, 3.03681275682e-08, 1.85814936771e-08, 1.5974723766e-08, 9.43746591986e-09, 8.89970763751e-09, 1.02703827665e-08, 3.95509180962e-09, 2.47269116294e-09, 4.05911881884e-09, 3.92483823219e-09, 4.90593432545e-09, 2.15548223714e-09, 1.81658110776e-09, 5.11647668677e-10, 2.67465997267e-11, 7.63970137152e-12, 2.99704510341e-12, 6.3664167254e-13, 3.90173136855e-13],
