{
"highlevel": {
    "danceability": {
        "all": {
            "danceable": 0.999456584454,
            "not_danceable": 0.00054342020303
        },
        "probability": 0.999456584454,
        "value": "danceable"
    },
    "gender": {
        "all": {
            "female": 0.461183965206,
            "male": 0.538816034794
        },
        "probability": 0.538816034794,
        "value": "male"
    },
    "genre_dortmund": {
        "all": {
            "alternative": 0.108498260379,
            "blues": 0.018647858873,
            "electronic": 0.0337324179709,
            "folkcountry": 0.0715398341417,
            "funksoulrnb": 0.144888356328,
            "jazz": 0.0681992769241,
            "pop": 0.0722972378135,
            "raphiphop": 0.164526373148,
            "rock": 0.317670375109
        },
        "probability": 0.317670375109,
        "value": "rock"
    },
    "genre_electronic": {
        "all": {
            "ambient": 0.308456212282,
            "dnb": 0.173393383622,
            "house": 0.0644398629665,
            "techno": 0.0243296083063,
            "trance": 0.42938092351
        },
        "probability": 0.42938092351,
        "value": "trance"
    },
    "genre_rosamerica": {
        "all": {
            "cla": 0.00159089639783,
            "dan": 0.0194454044104,
            "hip": 0.0109189441428,
            "jaz": 0.00148294039536,
            "pop": 0.876150250435,
            "rhy": 0.054228849709,
            "roc": 0.0355087742209,
            "spe": 0.000673913455103
        },
        "probability": 0.876150250435,
        "value": "pop"
    },
    "genre_tzanetakis": {
        "all": {
            "blu": 0.0626613423228,
            "cla": 0.0348169617355,
            "cou": 0.104475811124,
            "dis": 0.0784321576357,
            "hip": 0.15692435205,
            "jaz": 0.313974827528,
            "met": 0.0448166541755,
            "pop": 0.0627359300852,
            "reg": 0.0627360641956,
            "roc": 0.0784258767962
        },
        "probability": 0.313974827528,
        "value": "jaz"
    },
    "ismir04_rhythm": {
        "all": {
            "ChaChaCha": 0.0592464581132,
            "Jive": 0.200500383973,
            "Quickstep": 0.0520437806845,
            "Rumba-American": 0.0118101136759,
            "Rumba-International": 0.0922858640552,
            "Rumba-Misc": 0.0238212216645,
            "Samba": 0.103880904615,
            "Tango": 0.0149048129097,
            "VienneseWaltz": 0.419782221317,
            "Waltz": 0.0217242240906
        },
        "probability": 0.419782221317,
        "value": "VienneseWaltz"
    },
    "mood_acoustic": {
        "all": {
            "acoustic": 0.015461973846,
            "not_acoustic": 0.984538018703
        },
        "probability": 0.984538018703,
        "value": "not_acoustic"
    },
    "mood_aggressive": {
        "all": {
            "aggressive": 0.171199992299,
            "not_aggressive": 0.828800022602
        },
        "probability": 0.828800022602,
        "value": "not_aggressive"
    },
    "mood_electronic": {
        "all": {
            "electronic": 0.718262851238,
            "not_electronic": 0.281737178564
        },
        "probability": 0.718262851238,
        "value": "electronic"
    },
    "mood_happy": {
        "all": {
            "happy": 0.952190876007,
            "not_happy": 0.0478091351688
        },
        "probability": 0.952190876007,
        "value": "happy"
    },
    "mood_party": {
        "all": {
            "not_party": 0.525787591934,
            "party": 0.474212408066
        },
        "probability": 0.525787591934,
        "value": "not_party"
    },
    "mood_relaxed": {
        "all": {
            "not_relaxed": 0.564310312271,
            "relaxed": 0.435689687729
        },
        "probability": 0.564310312271,
        "value": "not_relaxed"
    },
    "mood_sad": {
        "all": {
            "not_sad": 0.82319432497,
            "sad": 0.176805660129
        },
        "probability": 0.82319432497,
        "value": "not_sad"
    },
    "moods_mirex": {
        "all": {
            "Cluster1": 0.469399333,
            "Cluster2": 0.152965754271,
            "Cluster3": 0.0485315546393,
            "Cluster4": 0.0568458549678,
            "Cluster5": 0.272257506847
        },
        "probability": 0.469399333,
        "value": "Cluster1"
    },
    "timbre": {
        "all": {
            "bright": 0.840251326561,
            "dark": 0.15974868834
        },
        "probability": 0.840251326561,
        "value": "bright"
    },
    "tonal_atonal": {
        "all": {
            "atonal": 0.0281374622136,
            "tonal": 0.97186255455
        },
        "probability": 0.97186255455,
        "value": "tonal"
    },
    "voice_instrumental": {
        "all": {
            "instrumental": 0.00793360825628,
            "voice": 0.992066383362
        },
        "probability": 0.992066383362,
        "value": "voice"
    }
},
"lowlevel": {
    "average_loudness": 0.974720418453,
    "barkbands_crest": {
        "dmean": 3.09613537788,
        "dmean2": 5.04055929184,
        "dvar": 8.8304643631,
        "dvar2": 23.7818851471,
        "max": 24.7776966095,
        "mean": 10.4399795532,
        "median": 9.74548625946,
        "min": 2.989757061,
        "var": 17.5778274536
    },
    "barkbands_flatness_db": {
        "dmean": 0.0252038706094,
        "dmean2": 0.0377918966115,
        "dvar": 0.000666566134896,
        "dvar2": 0.00146695808508,
        "max": 0.51173967123,
        "mean": 0.146916612983,
        "median": 0.13762511313,
        "min": 0.0539692081511,
        "var": 0.00319460919127
    },
    "barkbands_kurtosis": {
        "dmean": 3.47448849678,
        "dmean2": 5.74038362503,
        "dvar": 97.4346618652,
        "dvar2": 240.49029541,
        "max": 246.6224823,
        "mean": 4.98127126694,
        "median": 1.27506160736,
        "min": -1.77142417431,
        "var": 356.322509766
    },
    "barkbands_skewness": {
        "dmean": 0.590130805969,
        "dmean2": 0.903648138046,
        "dvar": 0.578785121441,
        "dvar2": 1.43945765495,
        "max": 11.4315700531,
        "mean": 1.43769478798,
        "median": 1.17810773849,
        "min": -1.66441130638,
        "var": 1.90414321423
    },
    "barkbands_spread": {
        "dmean": 6.38035440445,
        "dmean2": 9.507771492,
        "dvar": 65.9846496582,
        "dvar2": 143.384979248,
        "max": 94.4580612183,
        "mean": 22.3529186249,
        "median": 19.7349510193,
        "min": 0.414784908295,
        "var": 179.19519043
    },
    "dissonance": {
        "dmean": 0.0225982628763,
        "dmean2": 0.0373340770602,
        "dvar": 0.000356178235961,
        "dvar2": 0.000945797481108,
        "max": 0.499805778265,
        "mean": 0.451861202717,
        "median": 0.455910176039,
        "min": 0.339193761349,
        "var": 0.000773486273829
    },
    "dynamic_complexity": 3.16587662697,
    "erbbands_crest": {
        "dmean": 2.66248106956,
        "dmean2": 4.23210954666,
        "dvar": 6.46632957458,
        "dvar2": 15.3510961533,
        "max": 28.0299243927,
        "mean": 8.74490261078,
        "median": 7.79918622971,
        "min": 2.542345047,
        "var": 15.6411571503
    },
    "erbbands_flatness_db": {
        "dmean": 0.0216264110059,
        "dmean2": 0.0288792494684,
        "dvar": 0.000483503361465,
        "dvar2": 0.000813627615571,
        "max": 0.319324284792,
        "mean": 0.164181530476,
        "median": 0.159217894077,
        "min": 0.0619838796556,
        "var": 0.00201061926782
    },
    "erbbands_kurtosis": {
        "dmean": 0.913143277168,
        "dmean2": 1.386890769,
        "dvar": 2.94425773621,
        "dvar2": 5.02897024155,
        "max": 53.8231239319,
        "mean": 0.733698308468,
        "median": 0.231485366821,
        "min": -1.82018446922,
        "var": 11.9358291626
    },
    "erbbands_skewness": {
        "dmean": 0.355565696955,
        "dmean2": 0.553998291492,
        "dvar": 0.124578423798,
        "dvar2": 0.250283777714,
        "max": 7.08758115768,
        "mean": 0.616366922855,
        "median": 0.574346482754,
        "min": -2.04296803474,
        "var": 0.522168159485
    },
    "erbbands_spread": {
        "dmean": 8.16557407379,
        "dmean2": 11.6754360199,
        "dvar": 88.7035827637,
        "dvar2": 193.648910522,
        "max": 172.927688599,
        "mean": 35.0412216187,
        "median": 29.6697044373,
        "min": 6.45334482193,
        "var": 393.705108643
    },
    "hfc": {
        "dmean": 9.83024024963,
        "dmean2": 13.9942827225,
        "dvar": 143.050292969,
        "dvar2": 273.850830078,
        "max": 134.63130188,
        "mean": 29.3485393524,
        "median": 27.0296821594,
        "min": 0.00148781295866,
        "var": 433.959777832
    },
    "melbands_crest": {
        "dmean": 3.89740943909,
        "dmean2": 6.20563220978,
        "dvar": 10.8940372467,
        "dvar2": 26.2122077942,
        "max": 36.1711540222,
        "mean": 15.2785835266,
        "median": 14.4970169067,
        "min": 3.98681664467,
        "var": 33.4337158203
    },
    "melbands_flatness_db": {
        "dmean": 0.0291549786925,
        "dmean2": 0.0426702983677,
        "dvar": 0.00105306459591,
        "dvar2": 0.00221767625771,
        "max": 0.639658510685,
        "mean": 0.190933927894,
        "median": 0.177804023027,
        "min": 0.0336776413023,
        "var": 0.00547407707199
    },
    "melbands_kurtosis": {
        "dmean": 9.22795391083,
        "dmean2": 14.7709445953,
        "dvar": 928.035217285,
        "dvar2": 2494.09228516,
        "max": 599.314025879,
        "mean": 16.246295929,
        "median": 4.94563674927,
        "min": -1.32502305508,
        "var": 3038.75927734
    },
    "melbands_skewness": {
        "dmean": 0.807449758053,
        "dmean2": 1.2401061058,
        "dvar": 1.26129281521,
        "dvar2": 3.13170385361,
        "max": 20.4976463318,
        "mean": 2.39217662811,
        "median": 1.90020310879,
        "min": -0.413897901773,
        "var": 4.78915739059
    },
    "melbands_spread": {
        "dmean": 7.63951301575,
        "dmean2": 11.086935997,
        "dvar": 126.139259338,
        "dvar2": 221.881576538,
        "max": 226.335174561,
        "mean": 24.2689685822,
        "median": 21.3313179016,
        "min": 0.30514806509,
        "var": 333.636932373
    },
    "pitch_salience": {
        "dmean": 0.0761348232627,
        "dmean2": 0.125232964754,
        "dvar": 0.00538471294567,
        "dvar2": 0.0132895922288,
        "max": 0.783579647541,
        "mean": 0.492578685284,
        "median": 0.497519373894,
        "min": 0.0754816383123,
        "var": 0.0122084161267
    },
    "silence_rate_20dB": {
        "dmean": 0,
        "dmean2": 0,
        "dvar": 0,
        "dvar2": 0,
        "max": 1,
        "mean": 1,
        "median": 1,
        "min": 1,
        "var": 0
    },
    "silence_rate_30dB": {
        "dmean": 0.0464396290481,
        "dmean2": 0.0929512009025,
        "dvar": 0.044282361865,
        "dvar2": 0.118391416967,
        "max": 1,
        "mean": 0.970610976219,
        "median": 1,
        "min": 0,
        "var": 0.0285250227898
    },
    "silence_rate_60dB": {
        "dmean": 0.0100619196892,
        "dmean2": 0.020139425993,
        "dvar": 0.00996070262045,
        "dvar2": 0.022832300514,
        "max": 1,
        "mean": 0.0773395225406,
        "median": 0,
        "min": 0,
        "var": 0.0713581964374
    },
    "spectral_centroid": {
        "dmean": 234.159713745,
        "dmean2": 347.404083252,
        "dvar": 58097.0273438,
        "dvar2": 115787.4375,
        "max": 4586.31982422,
        "mean": 1332.94482422,
        "median": 1272.33081055,
        "min": 140.401275635,
        "var": 230169.640625
    },
    "spectral_complexity": {
        "dmean": 3.73839020729,
        "dmean2": 5.35708761215,
        "dvar": 16.2457466125,
        "dvar2": 27.5960502625,
        "max": 50,
        "mean": 21.6658935547,
        "median": 22,
        "min": 0,
        "var": 90.4113769531
    },
    "spectral_decrease": {
        "dmean": 4.09839095994e-09,
        "dmean2": 6.62390764461e-09,
        "dvar": 4.42969974924e-17,
        "dvar2": 1.14124719451e-16,
        "max": -1.11430970787e-12,
        "mean": -1.05691224661e-08,
        "median": -1.00987023188e-08,
        "min": -5.48176402049e-08,
        "var": 5.41393648296e-17
    },
    "spectral_energy": {
        "dmean": 0.0160298906267,
        "dmean2": 0.025767609477,
        "dvar": 0.000646008935291,
        "dvar2": 0.00165531027596,
        "max": 0.209616169333,
        "mean": 0.0425522774458,
        "median": 0.0408847257495,
        "min": 4.49323215435e-06,
        "var": 0.00081878277706
    },
    "spectral_energyband_high": {
        "dmean": 0.000638385710772,
        "dmean2": 0.000872541568242,
        "dvar": 1.33215030473e-06,
        "dvar2": 2.45320347858e-06,
        "max": 0.0153456171975,
        "mean": 0.00113320036326,
        "median": 0.0005731988349,
        "min": 3.94996568787e-08,
        "var": 3.07562982016e-06
    },
    "spectral_energyband_low": {
        "dmean": 0.0112409451976,
        "dmean2": 0.0184980388731,
        "dvar": 0.00063423049869,
        "dvar2": 0.00169495458249,
        "max": 0.198802217841,
        "mean": 0.0184933636338,
        "median": 0.0144199877977,
        "min": 6.16826355326e-07,
        "var": 0.000608431233559
    },
    "spectral_energyband_middle_high": {
        "dmean": 0.00307957758196,
        "dmean2": 0.00446031522006,
        "dvar": 1.5223344235e-05,
        "dvar2": 3.20249164361e-05,
        "max": 0.0534335821867,
        "mean": 0.00883280765265,
        "median": 0.00726845487952,
        "min": 1.7630057414e-07,
        "var": 5.16005820828e-05
    },
    "spectral_energyband_middle_low": {
        "dmean": 0.0067559638992,
        "dmean2": 0.0106043014675,
        "dvar": 8.15348685137e-05,
        "dvar2": 0.000202872121008,
        "max": 0.0739473924041,
        "mean": 0.014717457816,
        "median": 0.012349830009,
        "min": 8.31394899592e-08,
        "var": 0.000135777023388
    },
    "spectral_entropy": {
        "dmean": 0.181951656938,
        "dmean2": 0.245956405997,
        "dvar": 0.0377075150609,
        "dvar2": 0.0605453662574,
        "max": 8.80880355835,
        "mean": 7.57280921936,
        "median": 7.59656381607,
        "min": 5.04337692261,
        "var": 0.187950611115
    },
    "spectral_flux": {
        "dmean": 0.0361839644611,
        "dmean2": 0.0578531138599,
        "dvar": 0.00224463036284,
        "dvar2": 0.00454349117354,
        "max": 0.397809833288,
        "mean": 0.107059463859,
        "median": 0.0953618809581,
        "min": 0.000935184652917,
        "var": 0.00423762435094
    },
    "spectral_kurtosis": {
        "dmean": 1.69300186634,
        "dmean2": 2.86510396004,
        "dvar": 3.66977214813,
        "dvar2": 9.90141677856,
        "max": 30.5357093811,
        "mean": 3.79502391815,
        "median": 3.40555524826,
        "min": -1.22893226147,
        "var": 7.3727517128
    },
    "spectral_rms": {
        "dmean": 0.00110724847764,
        "dmean2": 0.00171320978552,
        "dvar": 2.12875147554e-06,
        "dvar2": 5.04917306898e-06,
        "max": 0.014300474897,
        "mean": 0.0059938300401,
        "median": 0.00631565833464,
        "min": 6.62090678816e-05,
        "var": 5.58842975806e-06
    },
    "spectral_rolloff": {
        "dmean": 538.76361084,
        "dmean2": 871.45324707,
        "dvar": 1255804.25,
        "dvar2": 2465173,
        "max": 11111.1328125,
        "mean": 1454.79541016,
        "median": 1098.19335938,
        "min": 64.599609375,
        "var": 2570508.75
    },
    "spectral_skewness": {
        "dmean": 0.230122596025,
        "dmean2": 0.369841098785,
        "dvar": 0.0511605404317,
        "dvar2": 0.117095418274,
        "max": 4.3640666008,
        "mean": 1.47986209393,
        "median": 1.49036848545,
        "min": 0.172704562545,
        "var": 0.16567055881
    },
    "spectral_spread": {
        "dmean": 699050.375,
        "dmean2": 961656,
        "dvar": 813732528128,
        "dvar2": 1.49481337651e+12,
        "max": 13131342,
        "mean": 4623777.5,
        "median": 4178155.5,
        "min": 1883973.75,
        "var": 2.85676745523e+12
    },
    "spectral_strongpeak": {
        "dmean": 0.619710803032,
        "dmean2": 1.04946017265,
        "dvar": 0.84788197279,
        "dvar2": 2.11555337906,
        "max": 7.70276880264,
        "mean": 0.985412180424,
        "median": 0.358933418989,
        "min": 0,
        "var": 1.45795834064
    },
    "zerocrossingrate": {
        "dmean": 0.012354045175,
        "dmean2": 0.0131919141859,
        "dvar": 0.000265640352154,
        "dvar2": 0.000270456657745,
        "max": 0.29833984375,
        "mean": 0.0575397722423,
        "median": 0.0498046875,
        "min": 0.0029296875,
        "var": 0.00140469649341
    },
    "barkbands": {
        "dmean": [0.000843626447022, 0.00981681514531, 0.00212878570892, 0.00072642340092, 0.00149573583622, 0.00196236907504, 0.000852057186421, 0.0013399842428, 0.00339482119307, 0.00126790278591, 0.000787703087553, 0.000765713630244, 0.000543815433048, 0.00065625651041, 0.000475963199278, 0.000261900480837, 0.000269140786259, 0.000183368538273, 0.000142289558426, 0.000108011226985, 9.39663659665e-05, 0.000119015749078, 0.000157610222232, 0.000186717428733, 9.4636088761e-05, 3.64783409168e-05, 1.28703661062e-08],
        "dmean2": [0.00124813476577, 0.0167722776532, 0.00366219389252, 0.00122722797096, 0.00253734085709, 0.00301429559477, 0.00126697786618, 0.0021704742685, 0.00526769598946, 0.00194322259631, 0.00121739401948, 0.00116357253864, 0.000851720338687, 0.00103979429696, 0.000766065961216, 0.000424275378464, 0.000433850625996, 0.000292661978165, 0.000227763594012, 0.000165771925822, 0.000139632451464, 0.00017427111743, 0.0002303377114, 0.000266029994236, 0.00014200307487, 5.3060673963e-05, 2.35828903072e-08],
        "dvar": [1.73718387941e-06, 0.000544740527403, 2.02001683647e-05, 2.43709268943e-06, 1.69826525962e-05, 1.5150386389e-05, 1.39027713431e-06, 7.47729063733e-06, 3.26736808347e-05, 1.09226775749e-05, 1.66987217654e-06, 8.55263635913e-07, 1.25454027966e-06, 1.27079294998e-06, 8.25200970667e-07, 1.46548984503e-07, 1.29127968762e-07, 5.88459556639e-08, 3.80160010138e-08, 1.87084499004e-08, 1.47087764191e-08, 3.08737142518e-08, 1.54839597144e-07, 2.67418414523e-07, 5.0739455304e-08, 7.20843384983e-09, 1.96954027896e-15],
        "dvar2": [3.420199846e-06, 0.00149556214456, 5.5091761169e-05, 6.26462951914e-06, 4.55578883702e-05, 3.43855135725e-05, 3.09835149892e-06, 2.00921640499e-05, 8.21171488496e-05, 2.60371853074e-05, 3.60768399332e-06, 1.75335185304e-06, 2.85996384264e-06, 3.14747239827e-06, 2.03468675863e-06, 3.7103970385e-07, 3.49798682464e-07, 1.44047334061e-07, 9.60869641631e-08, 4.09187812522e-08, 3.05657934518e-08, 6.8684641974e-08, 3.37130074968e-07, 4.64006120637e-07, 1.07897584201e-07, 1.56331090295e-08, 5.32037487796e-15],
        "max": [0.0135305318981, 0.177621081471, 0.0405289046466, 0.030821537599, 0.0423686169088, 0.04786362499, 0.0208678506315, 0.0326127968729, 0.0615564361215, 0.0506642237306, 0.0155058894306, 0.0114562511444, 0.0171939115971, 0.0147676737979, 0.0120420847088, 0.00482221879065, 0.00419632112607, 0.00237835128792, 0.00290377787314, 0.00153897888958, 0.00121657934505, 0.00216042529792, 0.00701531581581, 0.00814343430102, 0.00318659469485, 0.000798871682491, 5.49110211523e-07],
        "mean": [0.00148568220902, 0.0137169966474, 0.00286893593147, 0.000913469179068, 0.00161652558018, 0.00282246037386, 0.00172719080001, 0.00210056919605, 0.00525970896706, 0.00203748862259, 0.00133926782291, 0.00129834096879, 0.0008944842848, 0.000938546727411, 0.000787344179116, 0.000451126805274, 0.000450447754702, 0.000335342396284, 0.000252468918916, 0.000207966761081, 0.000184883159818, 0.000211740814848, 0.00023119879188, 0.000260186003288, 0.000121626784676, 3.82828366128e-05, 8.44107450604e-09],
        "median": [0.000502033391967, 0.00949768535793, 0.0011107607279, 0.000370995723642, 0.000691428198479, 0.00103149178904, 0.00118980859406, 0.00110718875658, 0.00296735926531, 0.000709961808752, 0.00067381747067, 0.000883856147993, 0.000402635836508, 0.000413068250054, 0.000424476631451, 0.000330922921421, 0.000330087554175, 0.000237012340222, 0.000185201803106, 0.000148802064359, 0.000133046676638, 0.000133819543407, 8.11975842225e-05, 6.78972282913e-05, 2.55965187534e-05, 3.84718441637e-06, 7.75951580767e-10],
        "min": [1.05764357272e-08, 9.67781446093e-08, 2.81310619243e-08, 1.28216646189e-08, 5.50233547614e-09, 4.36254454783e-09, 1.3567209578e-09, 3.48183504251e-09, 2.82408052499e-09, 2.84015899688e-09, 3.26558868835e-09, 6.15523099157e-09, 1.64298041838e-09, 3.15139203622e-09, 8.36982039232e-09, 1.68932789979e-09, 1.1833755309e-08, 1.39161828727e-08, 5.81464343341e-09, 6.12748429774e-09, 6.36392227804e-09, 6.2998757322e-09, 3.28227822699e-09, 2.82054024581e-09, 1.02560758497e-10, 5.29547629705e-12, 6.66720454887e-12],
        "var": [4.84874863105e-06, 0.000445270532509, 1.88595458894e-05, 3.81246536563e-06, 1.30329954118e-05, 2.32750062423e-05, 3.8519424379e-06, 9.14443990041e-06, 4.92396029586e-05, 1.85394019354e-05, 3.33292973664e-06, 1.93717983166e-06, 2.1458295123e-06, 2.16898251892e-06, 1.44645287037e-06, 2.17676884517e-07, 2.12357207374e-07, 1.13907553612e-07, 6.52489404729e-08, 3.8870684449e-08, 3.39630510382e-08, 6.12681887446e-08, 2.66290669515e-07, 5.16111413162e-07, 7.99958357334e-08, 8.72445937716e-09, 1.31620174388e-15]
    },
    "erbbands": {
        "dmean": [0.342422187328, 2.08641409874, 2.87769246101, 2.36945724487, 3.98176622391, 4.60175704956, 9.9185590744, 17.3570156097, 12.8329124451, 12.951253891, 49.0249900818, 76.1102218628, 33.5197296143, 39.1814880371, 25.6720504761, 23.334564209, 27.6695327759, 27.4679031372, 25.844127655, 20.5877475739, 15.7659730911, 16.2086372375, 10.343706131, 7.39865350723, 6.28100299835, 4.73149442673, 3.78565764427, 4.10120820999, 4.16603374481, 4.31007671356, 5.01570463181, 4.57123327255, 2.64311957359, 1.33824121952, 0.526410758495, 0.1953971982, 0.0638613849878, 0.0049029327929, 0.000102016820165, 2.29681754718e-05],
        "dmean2": [0.558716237545, 3.60819602013, 4.89696979523, 3.94551897049, 6.83660793304, 7.86362409592, 15.2238788605, 27.4548110962, 18.9461860657, 20.0183811188, 77.587638855, 118.435333252, 49.8642807007, 60.649181366, 39.5072631836, 35.5954055786, 43.118598938, 42.8460998535, 41.1285476685, 32.4945335388, 25.4194717407, 26.0848999023, 16.2743988037, 12.0336894989, 9.75739383698, 7.29243087769, 5.62171268463, 5.9937915802, 6.04513978958, 6.51996183395, 7.35110092163, 6.56530714035, 3.82214641571, 2.02285599709, 0.772676706314, 0.286265462637, 0.0938844233751, 0.00750067271292, 0.000151596512296, 3.55650372512e-05],
        "dvar": [0.365122944117, 32.6243515015, 47.6518325806, 18.2339439392, 127.638084412, 175.359939575, 507.833770752, 1337.63879395, 299.571716309, 588.095703125, 7856.38867188, 19804.234375, 8411.16992188, 4630.64013672, 1283.47509766, 820.428039551, 3202.70678711, 2857.61791992, 2180.55493164, 1207.00085449, 466.300506592, 526.109863281, 199.783996582, 81.2380523682, 70.4726333618, 40.4336738586, 21.7315616608, 32.1808357239, 31.4217834473, 82.5801467896, 152.817947388, 160.929244995, 57.3402786255, 12.4201507568, 1.27756357193, 0.171972677112, 0.0252053048462, 0.000159608811373, 5.43519824703e-08, 1.0366242309e-09],
        "dvar2": [0.987871706486, 90.6483154297, 129.548355103, 47.8356666565, 349.339599609, 477.175354004, 1014.52178955, 3388.89550781, 677.052062988, 1272.68371582, 21179.8847656, 48484.125, 19259.578125, 10735.3076172, 2891.00805664, 1685.53894043, 7324.66210938, 7035.4453125, 5550.61230469, 2995.28295898, 1162.0012207, 1438.27478027, 457.598602295, 210.003707886, 165.383270264, 87.3899230957, 46.3443603516, 69.5454330444, 65.7515106201, 198.228881836, 339.996124268, 285.093414307, 104.884468079, 25.7827320099, 2.85057544708, 0.38012561202, 0.054513335228, 0.000354682968464, 1.18966404727e-07, 2.47187870173e-09],
        "max": [4.4834022522, 43.7989311218, 62.0662269592, 61.3246307373, 112.877693176, 135.890960693, 354.160308838, 452.229278564, 182.57572937, 548.575500488, 1063.67504883, 1867.61889648, 1646.92407227, 746.065734863, 530.658630371, 414.00680542, 921.534179688, 535.447143555, 588.059387207, 416.019287109, 324.578216553, 282.730895996, 143.395446777, 83.7463684082, 141.88861084, 88.7792739868, 53.2044029236, 55.0930480957, 61.1310958862, 153.156036377, 213.786132812, 193.460220337, 115.958335876, 45.7487297058, 15.5832033157, 3.37307691574, 1.40823042393, 0.146708875895, 0.00259208050556, 0.000232374892221],
        "mean": [0.518265128136, 2.56562900543, 3.68869519234, 3.32962155342, 4.24837493896, 4.78441286087, 13.5786209106, 24.9274120331, 26.0077075958, 26.5030632019, 80.0801773071, 115.274711609, 56.6427268982, 70.1446762085, 48.8968315125, 43.8078346252, 47.9186477661, 41.5602035522, 40.9848823547, 36.0634002686, 28.6181297302, 28.5829734802, 19.6005363464, 14.3361139297, 12.5080823898, 9.34366607666, 7.67699289322, 7.44392442703, 7.55247449875, 6.74942159653, 6.97603988647, 6.24012327194, 3.65653276443, 1.73782241344, 0.65833902359, 0.220320627093, 0.0648448318243, 0.0046333889477, 0.000121204400784, 5.7226698118e-05],
        "median": [0.326174706221, 1.3972941637, 1.56630766392, 1.68813085556, 1.44795846939, 2.06173443794, 5.37619304657, 8.91053199768, 15.9998073578, 17.4237613678, 45.9363441467, 59.4312362671, 25.2889060974, 46.1413421631, 34.8312339783, 30.7697696686, 25.5094242096, 20.9167079926, 21.9902153015, 21.4721908569, 22.1305522919, 21.1996917725, 14.3219308853, 10.9137563705, 9.37187957764, 6.90995550156, 5.7127828598, 4.8657913208, 4.97086715698, 3.14165258408, 2.29635310173, 1.68881046772, 0.877508282661, 0.348258763552, 0.153284013271, 0.033250104636, 0.00485775014386, 0.000232390812016, 3.38992213074e-05, 5.14213752467e-05],
        "min": [1.79004769052e-06, 2.26738229685e-05, 8.01645801403e-05, 6.94789341651e-05, 9.58712698775e-05, 1.35706604851e-05, 2.3334972866e-05, 4.0164017264e-05, 4.36991285824e-05, 3.97869735025e-05, 0.000100603559986, 6.81805686327e-05, 8.38396299514e-05, 0.000184072050615, 0.000153234854224, 0.000225972486078, 0.000130042753881, 0.00017591562937, 0.000283783709165, 0.000661448750179, 0.000358234974556, 0.000768181518652, 0.00070396513911, 0.000623667088803, 0.000369162298739, 0.000269077136181, 0.000276445760392, 0.000225172232604, 0.000224666713621, 0.000120461969345, 0.000104748534795, 6.72930473229e-05, 3.59661789844e-05, 4.49334174846e-06, 1.10196185688e-06, 1.68245023247e-07, 2.51184495426e-08, 5.79165071457e-09, 4.96787233573e-09, 5.90742743611e-09],
        "var": [0.4335744977, 22.7674503326, 38.3066711426, 27.9336299896, 102.732078552, 126.386756897, 875.758728027, 1646.30883789, 858.24041748, 1096.58093262, 10862.5087891, 28234.0703125, 13881.5371094, 7148.63574219, 2722.43359375, 1982.86132812, 5381.24853516, 4227.24804688, 3532.15771484, 2230.98339844, 783.315856934, 871.114074707, 386.137329102, 157.341766357, 136.091995239, 78.0672149658, 54.4456100464, 66.5050964355, 68.8166122437, 129.248703003, 251.563659668, 301.588531494, 105.530342102, 20.586391449, 1.78958117962, 0.220305874944, 0.0290443766862, 0.000175166089321, 6.42545643359e-08, 1.54786727879e-09]
    },
    "gfcc": {
        "mean": [9.44138908386, 95.4501571655, -134.785385132, 31.9403572083, -69.0333557129, 25.8815975189, -31.431219101, 18.8783512115, -11.1992578506, 4.14766311646, -8.026263237, 0.412876397371, -3.01575613022],
        "cov": [[11554.5751953, -242.303955078, -362.309417725, -957.139404297, -176.681991577, 293.219238281, 42.7201423645, 470.526641846, 63.6576423645, 438.756378174, -139.514480591, 361.88192749, -223.802032471], [-242.303955078, 1354.65197754, -212.288574219, 168.132873535, 290.584350586, -162.265518188, 334.101959229, -118.851417542, 196.032333374, -133.902450562, 231.259002686, -138.424453735, 163.19732666], [-362.309417725, -212.288574219, 1084.07458496, 467.005767822, 329.403381348, 307.34765625, 73.4180908203, 123.890602112, -70.1579589844, 22.1105690002, -113.205764771, 26.3513050079, -143.610626221], [-957.139404297, 168.132873535, 467.005767822, 504.818389893, 238.132888794, 161.735458374, 123.842132568, -9.6296081543, 15.2132530212, -67.1532821655, 8.72246932983, -72.6830215454, -9.8406047821], [-176.681991577, 290.584350586, 329.403381348, 238.132888794, 361.079345703, 129.10534668, 187.732162476, 41.0747795105, 45.4042129517, -2.69044804573, -7.31395721436, -29.5328350067, -33.6714744568], [293.219238281, -162.265518188, 307.34765625, 161.735458374, 129.10534668, 302.225036621, 103.794143677, 114.742393494, 6.21966075897, 44.5872573853, -33.4955749512, 9.20452022552, -67.830947876], [42.7201423645, 334.101959229, 73.4180908203, 123.842132568, 187.732162476, 103.794143677, 254.713363647, 55.936920166, 83.5047607422, -0.553394734859, 52.8655967712, -38.5886878967, -0.464379698038], [470.526641846, -118.851417542, 123.890602112, -9.6296081543, 41.0747795105, 114.742393494, 55.936920166, 160.270828247, 43.9231643677, 75.8704147339, -21.083032608, 40.8630371094, -47.779006958], [63.6576423645, 196.032333374, -70.1579589844, 15.2132530212, 45.4042129517, 6.21966075897, 83.5047607422, 43.9231643677, 136.359649658, 26.6517276764, 66.3710479736, -9.87750816345, 36.3148384094], [438.756378174, -133.902450562, 22.1105690002, -67.1532821655, -2.69044804573, 44.5872573853, -0.553394734859, 75.8704147339, 26.6517276764, 120.392738342, 2.71166229248, 55.0703849792, -23.7857723236], [-139.514480591, 231.259002686, -113.205764771, 8.72246932983, -7.31395721436, -33.4955749512, 52.8655967712, -21.083032608, 66.3710479736, 2.71166229248, 153.838729858, 8.58088207245, 73.3680725098], [361.88192749, -138.424453735, 26.3513050079, -72.6830215454, -29.5328350067, 9.20452022552, -38.5886878967, 40.8630371094, -9.87750816345, 55.0703849792, 8.58088207245, 108.88973999, 7.58676195145], [-223.802032471, 163.19732666, -143.610626221, -9.8406047821, -33.6714744568, -67.830947876, -0.464379698038, -47.779006958, 36.3148384094, -23.7857723236, 73.3680725098, 7.58676195145, 110.973602295]],
        "icov": [[0.000158903581905, -0.000336402939865, 4.17903647758e-05, 0.000261136505287, 0.000220632107812, -0.00044167143642, 0.000157948423293, -0.000123964069644, 4.56065827166e-05, -0.000287548435153, 0.000348394823959, -0.000495110230986, 0.000363638187991], [-0.000336402939865, 0.00414308113977, -0.000161044008564, 2.99943203572e-05, -0.00284086889587, 0.00330113735981, -0.00321205076762, 0.000996556715108, -0.00152689730749, 0.00257357698865, -0.00322141731158, 0.00286441552453, -0.00242033135146], [4.17903647758e-05, -0.000161044008564, 0.00330561678857, -0.00268747191876, -0.0016070920974, -0.00064429838676, 0.00150225660764, -0.00180518545676, 0.0015859658597, -6.98841176927e-05, 0.000311547133606, -0.00210152822547, 0.00211195298471], [0.000261136505287, 2.99943203572e-05, -0.00268747191876, 0.00691880984232, -0.00104347406887, -0.00221809907816, -0.000327930145431, 0.00187629915308, -0.0014275648864, 0.00176189583726, -0.000982921686955, 0.00271501834504, -0.00193870684598], [0.000220632107812, -0.00284086889587, -0.0016070920974, -0.00104347406887, 0.009442047216, -0.00176519679371, -0.00301077635959, 0.0016888108803, -0.000777835841291, -0.00270165177062, 0.00426473794505, -0.00282253674231, 0.00199979892932], [-0.00044167143642, 0.00330113735981, -0.00064429838676, -0.00221809907816, -0.00176519679371, 0.0100256558508, -0.00451054284349, -0.00281874812208, 0.000632711686194, 0.000771738647018, -0.00236430461518, 0.00239997729659, -0.00105846719816], [0.000157948423293, -0.00321205076762, 0.00150225660764, -0.000327930145431, -0.00301077635959, -0.00451054284349, 0.0132109224796, -0.00416898587719, -0.000172559550265, -3.54938601959e-05, -0.00122597801965, 0.000554183090571, 0.00236848089844], [-0.000123964069644, 0.000996556715108, -0.00180518545676, 0.00187629915308, 0.0016888108803, -0.00281874812208, -0.00416898587719, 0.017593825236, -0.00760024180636, -0.00333386170678, 0.00242806575261, -0.00340953376144, 0.0028620781377], [4.56065827166e-05, -0.00152689730749, 0.0015859658597, -0.0014275648864, -0.000777835841291, 0.000632711686194, -0.000172559550265, -0.00760024180636, 0.0166770201176, -0.00420023547485, -0.00292722252198, 0.00320885935798, -0.00350073352456], [-0.000287548435153, 0.00257357698865, -6.98841176927e-05, 0.00176189583726, -0.00270165177062, 0.000771738647018, -3.54938601959e-05, -0.00333386170678, -0.00420023547485, 0.0179408416152, -0.0039425813593, -0.00342084793374, 0.00197796314023], [0.000348394823959, -0.00322141731158, 0.000311547133606, -0.000982921686955, 0.00426473794505, -0.00236430461518, -0.00122597801965, 0.00242806575261, -0.00292722252198, -0.0039425813593, 0.0155060486868, -0.00524874636903, -0.00313469418325], [-0.000495110230986, 0.00286441552453, -0.00210152822547, 0.00271501834504, -0.00282253674231, 0.00239997729659, 0.000554183090571, -0.00340953376144, 0.00320885935798, -0.00342084793374, -0.00524874636903, 0.0203080307692, -0.00824635289609], [0.000363638187991, -0.00242033135146, 0.00211195298471, -0.00193870684598, 0.00199979892932, -0.00105846719816, 0.00236848089844, 0.0028620781377, -0.00350073352456, 0.00197796314023, -0.00313469418325, -0.00824635289609, 0.0212726928294]]
    },
    "melbands": {
        "dmean": [0.00285532628186, 0.00188952928875, 0.000432139117038, 0.00033657925087, 0.000300387880998, 0.000377243326511, 0.000188066071132, 0.000161137213581, 0.000525070179719, 0.000427236926043, 0.000174639077159, 0.000172153362655, 0.000100766505057, 8.02724825917e-05, 8.12363578007e-05, 4.62731222797e-05, 5.81358581258e-05, 4.64741642645e-05, 3.97775365855e-05, 1.72155159817e-05, 1.88671383512e-05, 1.95883476408e-05, 1.24791831695e-05, 8.23515074444e-06, 6.29055830359e-06, 5.86743499298e-06, 4.71101930088e-06, 3.06027186525e-06, 2.85556802737e-06, 2.05667220143e-06, 2.66251868197e-06, 2.6109605642e-06, 2.40380404648e-06, 2.50543916991e-06, 3.01427894556e-06, 2.95446739074e-06, 2.83537997348e-06, 2.02655132853e-06, 1.53948633397e-06, 1.03251579731e-06],
        "dmean2": [0.00476922048256, 0.00324757420458, 0.000722074182704, 0.000579673738685, 0.000464283977635, 0.00058977334993, 0.000276974053122, 0.000250474316999, 0.000822861911729, 0.000662030011881, 0.000260672706645, 0.000266717310296, 0.00015646177053, 0.000123951700516, 0.000123545862152, 7.2483344411e-05, 9.20339734876e-05, 7.46074292692e-05, 6.33068266325e-05, 2.74416252068e-05, 3.08422859234e-05, 3.17820122291e-05, 2.01699767786e-05, 1.32686627694e-05, 1.03141865111e-05, 9.3900871434e-06, 7.52009509597e-06, 4.7907442422e-06, 4.38715233031e-06, 3.06246647597e-06, 3.99754480895e-06, 3.85918610846e-06, 3.65712048733e-06, 3.89865499528e-06, 4.57035139334e-06, 4.26552878707e-06, 4.10826487496e-06, 2.89005356535e-06, 2.3612883524e-06, 1.5838231775e-06],
        "dvar": [3.55873780791e-05, 2.51469518844e-05, 6.00639623372e-07, 1.11970314265e-06, 4.16258700398e-07, 5.83017197187e-07, 6.26758946964e-08, 8.37765838924e-08, 8.07971446193e-07, 6.30021588677e-07, 2.37507109091e-07, 9.76795391239e-08, 2.40728343925e-08, 1.1795513899e-08, 1.52418824229e-08, 1.21150991461e-08, 1.40432048212e-08, 7.63879715038e-09, 6.82711709388e-09, 8.56068049782e-10, 7.19072634769e-10, 9.04781916056e-10, 3.24316629108e-10, 1.13728339246e-10, 6.27417631738e-11, 7.62310978231e-11, 3.68691258079e-11, 1.92015275208e-11, 1.2319434535e-11, 7.86884793436e-12, 1.43034837446e-11, 1.19031833001e-11, 1.4510039871e-11, 3.60452570569e-11, 5.79222225738e-11, 7.08234651481e-11, 6.16525303032e-11, 3.57289822728e-11, 1.81716568876e-11, 7.07685255882e-12],
        "dvar2": [9.75423172349e-05, 6.81050223648e-05, 1.57197257522e-06, 3.05821868096e-06, 8.34786703763e-07, 1.43142381148e-06, 1.39848609138e-07, 1.94967626044e-07, 2.17526371671e-06, 1.52586926561e-06, 5.50626054974e-07, 2.25923500352e-07, 5.32015249632e-08, 2.53336054357e-08, 3.19448361097e-08, 2.88278574345e-08, 3.46894033498e-08, 1.91412610206e-08, 1.65269771202e-08, 2.19831508552e-09, 1.76429004739e-09, 2.52869458706e-09, 7.85190690245e-10, 2.80325818114e-10, 1.67444585975e-10, 1.84474213683e-10, 9.34324839719e-11, 4.19352400027e-11, 2.815904801e-11, 1.68971347331e-11, 3.25867804962e-11, 2.60251768053e-11, 3.3312786557e-11, 8.84105288979e-11, 1.43043521472e-10, 1.31541499915e-10, 1.15679195389e-10, 6.65809282707e-11, 3.78691661362e-11, 1.53647979756e-11],
        "max": [0.0425491668284, 0.0392105132341, 0.0100954277441, 0.0109596708789, 0.00937078334391, 0.00885463971645, 0.0024605570361, 0.00530633144081, 0.0095940688625, 0.011428033933, 0.00858085695654, 0.00350412190892, 0.00240381201729, 0.00121090887114, 0.0016683555441, 0.00212284037843, 0.00123669533059, 0.00129339436535, 0.00118200865109, 0.000472551095299, 0.000391110603232, 0.00038138392847, 0.000174259810592, 0.000113772235636, 7.61581177358e-05, 0.000185153185157, 4.96768479934e-05, 6.29955684417e-05, 4.34752364527e-05, 2.86182912532e-05, 3.67645989172e-05, 3.84444829251e-05, 4.85950695293e-05, 0.000103821366793, 0.000146999227582, 0.000148646213347, 0.000128884115838, 9.88711763057e-05, 5.85877096455e-05, 3.2992575143e-05],
        "mean": [0.00424140691757, 0.00246997154318, 0.000608091591857, 0.000330876384396, 0.000412608700572, 0.000548004056327, 0.000393335620174, 0.000301816966385, 0.000830781704281, 0.000649646099191, 0.000275472877547, 0.00029784272192, 0.000182884701644, 0.00012821945711, 0.000137514842208, 7.37588779884e-05, 8.12677317299e-05, 6.69726214255e-05, 6.20898790658e-05, 3.08199996653e-05, 3.14667850034e-05, 3.10426003125e-05, 2.09359022847e-05, 1.48212875501e-05, 1.11056588139e-05, 1.03175752884e-05, 8.35652281239e-06, 5.38397853234e-06, 5.2895625231e-06, 3.66332892554e-06, 4.45966725238e-06, 4.51909636467e-06, 3.76964044335e-06, 3.68438304577e-06, 4.02901332563e-06, 3.98905285692e-06, 3.71409396394e-06, 2.69091583505e-06, 1.99925398192e-06, 1.27591283672e-06],
        "median": [0.00300115020946, 0.00143739231862, 0.000306536676362, 0.00011548709881, 0.000170651648659, 0.000211520251469, 0.000255651480984, 0.000190008286154, 0.000472059939057, 0.000340794940712, 0.00010596694483, 0.000189956481336, 0.00011641785386, 7.92341961642e-05, 7.3675524618e-05, 3.33727221005e-05, 3.37014607794e-05, 3.25806540786e-05, 3.02396056213e-05, 2.06078511837e-05, 2.29367051361e-05, 1.92183997569e-05, 1.3626722648e-05, 1.10358423626e-05, 8.27764142741e-06, 7.47141803004e-06, 6.06081448495e-06, 3.72946806237e-06, 3.86196234103e-06, 2.33730747823e-06, 2.76346145256e-06, 2.86217573375e-06, 2.0278730517e-06, 1.55329257723e-06, 1.26428551539e-06, 1.0869326843e-06, 9.99508301902e-07, 6.16029467437e-07, 3.81770405511e-07, 2.38166109057e-07],
        "min": [1.8235381205e-08, 6.2965170855e-08, 1.2164336205e-08, 2.73297362519e-09, 6.6431138368e-10, 8.24724066817e-10, 6.44932052207e-10, 5.75690217719e-10, 1.07226161283e-09, 3.4005492866e-10, 3.48920670135e-10, 7.57077289748e-10, 4.40786296352e-10, 7.14662162782e-10, 5.50638146191e-10, 1.86676105129e-10, 2.47822429245e-10, 3.53470752668e-10, 9.21402509846e-10, 4.11903205988e-10, 1.48533144118e-10, 6.54004628231e-10, 4.8580339751e-10, 5.34730482116e-10, 4.09371758714e-10, 2.29682203812e-10, 2.49406273412e-10, 1.4256230918e-10, 1.53047352569e-10, 1.55548129932e-10, 1.01570474254e-10, 1.34528180262e-10, 7.81357062385e-11, 5.58316552712e-11, 4.88082040062e-11, 4.01946913253e-11, 4.6269248849e-11, 2.3718027542e-11, 1.21250440244e-11, 4.75615965882e-13],
