{
"highlevel": {
    "danceability": {
        "all": {
            "danceable": 0.925509810448,
            "not_danceable": 0.0744901821017
        },
        "probability": 0.925509810448,
        "value": "danceable"
    },
    "gender": {
        "all": {
            "female": 0.0269882231951,
            "male": 0.973011791706
        },
        "probability": 0.973011791706,
        "value": "male"
    },
    "genre_dortmund": {
        "all": {
            "alternative": 0.148176014423,
            "blues": 0.0585935264826,
            "electronic": 0.0572904720902,
            "folkcountry": 0.102419011295,
            "funksoulrnb": 0.0119931381196,
            "jazz": 0.0420409478247,
            "pop": 0.0580681823194,
            "raphiphop": 0.222255334258,
            "rock": 0.299163371325
        },
        "probability": 0.299163371325,
        "value": "rock"
    },
    "genre_electronic": {
        "all": {
            "ambient": 0.206885293126,
            "dnb": 0.0788201019168,
            "house": 0.123217873275,
            "techno": 0.0112006003037,
            "trance": 0.579876124859
        },
        "probability": 0.579876124859,
        "value": "trance"
    },
    "genre_rosamerica": {
        "all": {
            "cla": 0.00353745860048,
            "dan": 0.0324145369232,
            "hip": 0.0242813415825,
            "jaz": 0.00509113771841,
            "pop": 0.566160798073,
            "rhy": 0.0523539744318,
            "roc": 0.310809135437,
            "spe": 0.00535159604624
        },
        "probability": 0.566160798073,
        "value": "pop"
    },
    "genre_tzanetakis": {
        "all": {
            "blu": 0.0626613423228,
            "cla": 0.0348169617355,
            "cou": 0.104475811124,
            "dis": 0.0784321576357,
            "hip": 0.15692435205,
            "jaz": 0.313974827528,
            "met": 0.0448166541755,
            "pop": 0.0627359300852,
            "reg": 0.0627360641956,
            "roc": 0.0784258767962
        },
        "probability": 0.313974827528,
        "value": "jaz"
    },
    "ismir04_rhythm": {
        "all": {
            "ChaChaCha": 0.245572552085,
            "Jive": 0.199406817555,
            "Quickstep": 0.0282208640128,
            "Rumba-American": 0.00730626704171,
            "Rumba-International": 0.0199609901756,
            "Rumba-Misc": 0.00411524949595,
            "Samba": 0.464255958796,
            "Tango": 0.0135294524953,
            "VienneseWaltz": 0.0137006537989,
            "Waltz": 0.00393121456727
        },
        "probability": 0.464255958796,
        "value": "Samba"
    },
    "mood_acoustic": {
        "all": {
            "acoustic": 0.0266121774912,
            "not_acoustic": 0.97338783741
        },
        "probability": 0.97338783741,
        "value": "not_acoustic"
    },
    "mood_aggressive": {
        "all": {
            "aggressive": 0.635864198208,
            "not_aggressive": 0.36413577199
        },
        "probability": 0.635864198208,
        "value": "aggressive"
    },
    "mood_electronic": {
        "all": {
            "electronic": 0.787295162678,
            "not_electronic": 0.212704867125
        },
        "probability": 0.787295162678,
        "value": "electronic"
    },
    "mood_happy": {
        "all": {
            "happy": 0.963777661324,
            "not_happy": 0.03622232005
        },
        "probability": 0.963777661324,
        "value": "happy"
    },
    "mood_party": {
        "all": {
            "not_party": 0.315809726715,
            "party": 0.684190273285
        },
        "probability": 0.684190273285,
        "value": "party"
    },
    "mood_relaxed": {
        "all": {
            "not_relaxed": 0.887036800385,
            "relaxed": 0.112963214517
        },
        "probability": 0.887036800385,
        "value": "not_relaxed"
    },
    "mood_sad": {
        "all": {
            "not_sad": 0.848553717136,
            "sad": 0.151446267962
        },
        "probability": 0.848553717136,
        "value": "not_sad"
    },
    "moods_mirex": {
        "all": {
            "Cluster1": 0.474799662828,
            "Cluster2": 0.104340478778,
            "Cluster3": 0.036895737052,
            "Cluster4": 0.0672737956047,
            "Cluster5": 0.316690325737
        },
        "probability": 0.474799662828,
        "value": "Cluster1"
    },
    "timbre": {
        "all": {
            "bright": 0.584797561169,
            "dark": 0.415202468634
        },
        "probability": 0.584797561169,
        "value": "bright"
    },
    "tonal_atonal": {
        "all": {
            "atonal": 0.0496954806149,
            "tonal": 0.950304508209
        },
        "probability": 0.950304508209,
        "value": "tonal"
    },
    "voice_instrumental": {
        "all": {
            "instrumental": 0.00266667618416,
            "voice": 0.997333347797
        },
        "probability": 0.997333347797,
        "value": "voice"
    }
},
"lowlevel": {
    "average_loudness": 0.983898222446,
    "barkbands_crest": {
        "dmean": 3.25753808022,
        "dmean2": 4.95948266983,
        "dvar": 8.81620407104,
        "dvar2": 19.2179336548,
        "max": 24.7726802826,
        "mean": 10.6748428345,
        "median": 9.84943199158,
        "min": 2.54974317551,
        "var": 24.470664978
    },
    "barkbands_flatness_db": {
        "dmean": 0.0297004953027,
        "dmean2": 0.0437255539,
        "dvar": 0.000650141795631,
        "dvar2": 0.00129465863574,
        "max": 0.295940756798,
        "mean": 0.137658253312,
        "median": 0.132239609957,
        "min": 0.0369493179023,
        "var": 0.00225514313206
    },
    "barkbands_kurtosis": {
        "dmean": 2.72580337524,
        "dmean2": 4.26124954224,
        "dvar": 24.5229110718,
        "dvar2": 51.8302497864,
        "max": 68.9748840332,
        "mean": 2.60654163361,
        "median": 0.334260463715,
        "min": -1.83503472805,
        "var": 47.4054679871
    },
    "barkbands_skewness": {
        "dmean": 0.624547719955,
        "dmean2": 0.923451423645,
        "dvar": 0.409983247519,
        "dvar2": 0.870554327965,
        "max": 6.59559202194,
        "mean": 1.40269184113,
        "median": 1.16109740734,
        "min": -1.64753222466,
        "var": 1.33001303673
    },
    "barkbands_spread": {
        "dmean": 9.17285728455,
        "dmean2": 13.3545608521,
        "dvar": 78.7057037354,
        "dvar2": 162.102493286,
        "max": 103.172676086,
        "mean": 32.0479278564,
        "median": 30.4086380005,
        "min": 1.83857929707,
        "var": 227.015823364
    },
    "dissonance": {
        "dmean": 0.013841192238,
        "dmean2": 0.0229545589536,
        "dvar": 0.000169611594174,
        "dvar2": 0.000478599453345,
        "max": 0.499562472105,
        "mean": 0.474008053541,
        "median": 0.477400839329,
        "min": 0.342439115047,
        "var": 0.000334124080837
    },
    "dynamic_complexity": 1.33546066284,
    "erbbands_crest": {
        "dmean": 2.61007666588,
        "dmean2": 4.05954885483,
        "dvar": 6.34808921814,
        "dvar2": 14.4271364212,
        "max": 24.9965438843,
        "mean": 8.02068710327,
        "median": 7.09930419922,
        "min": 2.74442481995,
        "var": 14.3936233521
    },
    "erbbands_flatness_db": {
        "dmean": 0.0259943567216,
        "dmean2": 0.0363729074597,
        "dvar": 0.000548221520148,
        "dvar2": 0.0010130291339,
        "max": 0.300442159176,
        "mean": 0.144054055214,
        "median": 0.141448959708,
        "min": 0.0611683763564,
        "var": 0.00140296819154
    },
    "erbbands_kurtosis": {
        "dmean": 0.828673839569,
        "dmean2": 1.29529607296,
        "dvar": 0.924876570702,
        "dvar2": 2.12045788765,
        "max": 11.7122173309,
        "mean": 0.137157440186,
        "median": -0.180545806885,
        "min": -1.60276091099,
        "var": 1.73548865318
    },
    "erbbands_skewness": {
        "dmean": 0.400923639536,
        "dmean2": 0.613871395588,
        "dvar": 0.13404764235,
        "dvar2": 0.312808036804,
        "max": 2.565554142,
        "mean": -0.351111620665,
        "median": -0.33183658123,
        "min": -3.24291181564,
        "var": 0.511148989201
    },
    "erbbands_spread": {
        "dmean": 10.0142459869,
        "dmean2": 15.3200569153,
        "dvar": 89.7702484131,
        "dvar2": 206.845825195,
        "max": 108.138641357,
        "mean": 41.4205093384,
        "median": 39.9922714233,
        "min": 7.9241809845,
        "var": 219.614532471
    },
    "hfc": {
        "dmean": 14.0227546692,
        "dmean2": 20.2334671021,
        "dvar": 291.184265137,
        "dvar2": 567.95715332,
        "max": 130.453964233,
        "mean": 29.7445678711,
        "median": 20.6247520447,
        "min": 1.19420313835,
        "var": 561.624389648
    },
    "melbands_crest": {
        "dmean": 3.94909548759,
        "dmean2": 6.09051561356,
        "dvar": 12.9782009125,
        "dvar2": 29.6226882935,
        "max": 35.5665855408,
        "mean": 15.8972702026,
        "median": 15.2603788376,
        "min": 3.10548520088,
        "var": 42.4105567932
    },
    "melbands_flatness_db": {
        "dmean": 0.0380168110132,
        "dmean2": 0.0538744330406,
        "dvar": 0.00109679298475,
        "dvar2": 0.00212216074578,
        "max": 0.405353248119,
        "mean": 0.185996860266,
        "median": 0.177353590727,
        "min": 0.0465937443078,
        "var": 0.00479043694213
    },
    "melbands_kurtosis": {
        "dmean": 8.49628639221,
        "dmean2": 13.3431882858,
        "dvar": 171.608795166,
        "dvar2": 396.597412109,
        "max": 145.052459717,
        "mean": 13.4995241165,
        "median": 6.88788318634,
        "min": -1.74513578415,
        "var": 314.329620361
    },
    "melbands_skewness": {
        "dmean": 0.917853176594,
        "dmean2": 1.38055920601,
        "dvar": 0.956490695477,
        "dvar2": 2.08143544197,
        "max": 9.77699184418,
        "mean": 2.94174385071,
        "median": 2.52685618401,
        "min": -0.222962841392,
        "var": 2.8404147625
    },
    "melbands_spread": {
        "dmean": 11.0283842087,
        "dmean2": 16.2312469482,
        "dvar": 149.016616821,
        "dvar2": 312.034912109,
        "max": 182.456771851,
        "mean": 30.9824409485,
        "median": 27.3374710083,
        "min": 1.37321650982,
        "var": 385.482208252
    },
    "pitch_salience": {
        "dmean": 0.0968814715743,
        "dmean2": 0.146763712168,
        "dvar": 0.00808187853545,
        "dvar2": 0.0180450361222,
        "max": 0.878611147404,
        "mean": 0.492609143257,
        "median": 0.480778366327,
        "min": 0.15131264925,
        "var": 0.0187177956104
    },
    "silence_rate_20dB": {
        "dmean": 0,
        "dmean2": 0,
        "dvar": 0,
        "dvar2": 0,
        "max": 1,
        "mean": 1,
        "median": 1,
        "min": 1,
        "var": 0
    },
    "silence_rate_30dB": {
        "dmean": 0,
        "dmean2": 0,
        "dvar": 0,
        "dvar2": 0,
        "max": 1,
        "mean": 1,
        "median": 1,
        "min": 1,
        "var": 0
    },
    "silence_rate_60dB": {
        "dmean": 0.0030959751457,
        "dmean2": 0.00619674660265,
        "dvar": 0.00308636180125,
        "dvar2": 0.00925660412759,
        "max": 1,
        "mean": 0.00154679035768,
        "median": 0,
        "min": 0,
        "var": 0.00154439290054
    },
    "spectral_centroid": {
        "dmean": 354.296661377,
        "dmean2": 497.446655273,
        "dvar": 118218.046875,
        "dvar2": 232074.984375,
        "max": 4534.91357422,
        "mean": 1906.59802246,
        "median": 1878.43554688,
        "min": 293.139434814,
        "var": 413446
    },
    "spectral_complexity": {
        "dmean": 6.35448932648,
        "dmean2": 8.99457740784,
        "dvar": 46.6699981689,
        "dvar2": 87.57006073,
        "max": 60,
        "mean": 24.3147716522,
        "median": 22,
        "min": 4,
        "var": 112.701339722
    },
    "spectral_decrease": {
        "dmean": 2.55272269989e-09,
        "dmean2": 3.93889543204e-09,
        "dvar": 6.53383182975e-18,
        "dvar2": 1.49736069048e-17,
        "max": -2.26304863737e-10,
        "mean": -8.21493628678e-09,
        "median": -7.59055129862e-09,
        "min": -2.17218651954e-08,
        "var": 1.71353607177e-17
    },
    "spectral_energy": {
        "dmean": 0.010470812209,
        "dmean2": 0.0159869082272,
        "dvar": 0.000103237922303,
        "dvar2": 0.000233257553191,
        "max": 0.0861518383026,
        "mean": 0.0337029844522,
        "median": 0.0316136516631,
        "min": 0.00098629866261,
        "var": 0.000268724601483
    },
    "spectral_energyband_high": {
        "dmean": 0.0013476741733,
        "dmean2": 0.00193415977992,
        "dvar": 3.53827067556e-06,
        "dvar2": 7.01622002452e-06,
        "max": 0.0135723110288,
        "mean": 0.00190620287322,
        "median": 0.0008810061845,
        "min": 4.76511831948e-06,
        "var": 6.10147435509e-06
    },
    "spectral_energyband_low": {
        "dmean": 0.00765797356144,
        "dmean2": 0.0116806440055,
        "dvar": 9.10315357032e-05,
        "dvar2": 0.000218693428906,
        "max": 0.0769986361265,
        "mean": 0.0172441769391,
        "median": 0.0143488608301,
        "min": 3.82347570849e-05,
        "var": 0.000213509716559
    },
    "spectral_energyband_middle_high": {
        "dmean": 0.00272932555526,
        "dmean2": 0.00423395074904,
        "dvar": 1.21112834677e-05,
        "dvar2": 2.62767862296e-05,
        "max": 0.0392716638744,
        "mean": 0.00699671916664,
        "median": 0.00535201979801,
        "min": 0.000147901693708,
        "var": 3.16264486173e-05
    },
    "spectral_energyband_middle_low": {
        "dmean": 0.0048421532847,
        "dmean2": 0.00814480986446,
        "dvar": 4.80661983602e-05,
        "dvar2": 0.000124612852233,
        "max": 0.0580576695502,
        "mean": 0.00848335586488,
        "median": 0.00620117830113,
        "min": 0.000653225695714,
        "var": 4.83498588437e-05
    },
    "spectral_entropy": {
        "dmean": 0.221613198519,
        "dmean2": 0.31031319499,
        "dvar": 0.0478162392974,
        "dvar2": 0.0929366350174,
        "max": 8.59121513367,
        "mean": 7.67694377899,
        "median": 7.66724729538,
        "min": 6.58609342575,
        "var": 0.141079902649
    },
    "spectral_flux": {
        "dmean": 0.0303296931088,
        "dmean2": 0.044824514538,
        "dvar": 0.000854209938552,
        "dvar2": 0.00153988867532,
        "max": 0.245890244842,
        "mean": 0.0986397489905,
        "median": 0.0912775620818,
        "min": 0.0205104760826,
        "var": 0.00217167614028
    },
    "spectral_kurtosis": {
        "dmean": 1.57259607315,
        "dmean2": 2.57304739952,
        "dvar": 3.25285291672,
        "dvar2": 8.45949268341,
        "max": 20.2866516113,
        "mean": 3.52087116241,
        "median": 2.98349523544,
        "min": -0.707354068756,
        "var": 5.53406476974
    },
    "spectral_rms": {
        "dmean": 0.00090473430464,
        "dmean2": 0.00134386308491,
        "dvar": 7.40439134006e-07,
        "dvar2": 1.50920538999e-06,
        "max": 0.00916790962219,
        "mean": 0.00554428528994,
        "median": 0.00555361015722,
        "min": 0.000980939599685,
        "var": 2.14187230085e-06
    },
    "spectral_rolloff": {
        "dmean": 830.529052734,
        "dmean2": 1293.35961914,
        "dvar": 1091933.875,
        "dvar2": 2091383.125,
        "max": 8613.28125,
        "mean": 1907.96166992,
        "median": 1679.58984375,
        "min": 64.599609375,
        "var": 2375874.5
    },
    "spectral_skewness": {
        "dmean": 0.260792225599,
        "dmean2": 0.400451034307,
        "dvar": 0.0509348064661,
        "dvar2": 0.120787829161,
        "max": 2.81054782867,
        "mean": 1.24141013622,
        "median": 1.21108019352,
        "min": -0.0339072011411,
        "var": 0.166363462806
    },
    "spectral_spread": {
        "dmean": 828527.5,
        "dmean2": 1175418.125,
        "dvar": 647600865280,
        "dvar2": 1.32009151693e+12,
        "max": 9434111,
        "mean": 4464432.5,
        "median": 4287009,
        "min": 1858505.75,
        "var": 1.70755607757e+12
    },
    "spectral_strongpeak": {
        "dmean": 0.426431894302,
        "dmean2": 0.756308197975,
        "dvar": 0.948495864868,
        "dvar2": 2.4619410038,
        "max": 11.4655857086,
        "mean": 0.622284829617,
        "median": 0.366172522306,
        "min": 0.0450108461082,
        "var": 0.917032659054
    },
    "zerocrossingrate": {
        "dmean": 0.0159379225224,
        "dmean2": 0.0184340346605,
        "dvar": 0.000221907059313,
        "dvar2": 0.00028042102349,
        "max": 0.23291015625,
        "mean": 0.0679454877973,
        "median": 0.0634765625,
        "min": 0.005859375,
        "var": 0.00109796959441
    },
    "barkbands": {
        "dmean": [0.000558515195735, 0.00683842925355, 0.00190290354658, 0.00111540069338, 0.00122230686247, 0.000985824153759, 0.000939819437917, 0.00139764195774, 0.000775790715124, 0.000675262068398, 0.00031452611438, 0.000439752591774, 0.000487972341944, 0.00055847625481, 0.000385900930269, 0.000498105946463, 0.000414922600612, 0.000202012568479, 0.000268954230705, 0.000510966114234, 0.000334648677381, 0.000258660205873, 0.000315793935442, 0.000190389342606, 0.000112088077003, 6.62749662297e-05, 2.39324098317e-08],
        "dmean2": [0.000646060449071, 0.0106535525993, 0.00328619685024, 0.00199318770319, 0.00209203897975, 0.00172116665635, 0.00164209958166, 0.00234177801758, 0.00130675884429, 0.00111721991561, 0.000496060354635, 0.000697845942341, 0.000824718677904, 0.000904808868654, 0.000625695975032, 0.000798488676082, 0.000629659567494, 0.00030393851921, 0.000420418160502, 0.000757105706725, 0.0004886231618, 0.000375052652089, 0.000479548907606, 0.000285299029201, 0.000171447769389, 0.000103437872895, 4.47693579986e-08],
        "dvar": [8.73780322763e-07, 9.08342408366e-05, 1.78549435077e-05, 5.18576143804e-06, 5.022863661e-06, 2.99638168144e-06, 3.49713059222e-06, 5.88567581872e-06, 1.89558943475e-06, 1.89349373159e-06, 6.87613635364e-07, 1.04880211893e-06, 1.05089736735e-06, 1.10460655378e-06, 5.91718844589e-07, 4.77280764244e-07, 3.10601024012e-07, 6.76971652069e-08, 1.24323833006e-07, 8.71408246894e-07, 2.7258568025e-07, 1.56165256726e-07, 3.39559420581e-07, 9.17689106927e-08, 3.2993096255e-08, 9.88357573561e-09, 1.63750222014e-14],
        "dvar2": [1.27926728055e-06, 0.000227329510381, 4.87495199195e-05, 1.49265570144e-05, 1.42346498251e-05, 8.439416888e-06, 9.60928628047e-06, 1.49797151607e-05, 4.67903464596e-06, 5.12029873789e-06, 1.57630063313e-06, 2.33261289395e-06, 2.68131998382e-06, 2.71461908596e-06, 1.33989146889e-06, 1.09927009362e-06, 7.01024134742e-07, 1.60513380365e-07, 2.7639629252e-07, 1.69745680978e-06, 5.94345806348e-07, 2.88092138589e-07, 7.6967643281e-07, 1.90737580397e-07, 7.15450170219e-08, 2.12869970539e-08, 4.80776070268e-14],
        "max": [0.00825394224375, 0.0718225985765, 0.0479042902589, 0.020430535078, 0.0185397397727, 0.0152533017099, 0.0227658376098, 0.0269963238388, 0.0168721154332, 0.0135628273711, 0.0157355237752, 0.0202589072287, 0.0135684842244, 0.0123245026916, 0.0123242679983, 0.00786407943815, 0.0089288149029, 0.0028771951329, 0.00380971748382, 0.017144260928, 0.00661841640249, 0.00554125010967, 0.00649134255946, 0.00398697517812, 0.00120080285706, 0.000599095015787, 2.29386387218e-06],
        "mean": [0.000875740486663, 0.0126297399402, 0.00291855679825, 0.00146217946894, 0.00193461496383, 0.00119919108693, 0.00111581175588, 0.00168048904743, 0.000930596375838, 0.000975824543275, 0.000417548872065, 0.000619223399553, 0.000679793767631, 0.00084246636834, 0.000588883587625, 0.000887376547325, 0.000784626812674, 0.000357608427294, 0.000443796277978, 0.000825346214697, 0.000503120652866, 0.000310558243655, 0.000329803850036, 0.000217689434066, 0.000112434761832, 5.99833110755e-05, 1.44024783211e-08],
        "median": [7.20858151908e-05, 0.00961768627167, 0.00182658107951, 0.000990250846371, 0.00141127547249, 0.000678509939462, 0.000427595456131, 0.000702450866811, 0.000337257602951, 0.00023659276485, 0.000164863711689, 0.000186213990673, 0.000163554912433, 0.000391930749174, 0.000240694949753, 0.000616143574007, 0.000593211501837, 0.000216332860873, 0.000288904033368, 0.000290988362394, 0.000144013305544, 9.30744135985e-05, 9.08309302758e-05, 7.75082371547e-05, 3.25244800479e-05, 1.04412547444e-05, 9.33282007232e-10],
        "min": [1.22256391677e-08, 2.40454539835e-07, 1.91033791452e-06, 3.04114450955e-06, 4.59561706521e-05, 2.3422180675e-05, 8.99055703485e-06, 4.80757717014e-06, 5.86626219956e-06, 4.18042009187e-06, 2.01720627047e-06, 6.39921790935e-06, 3.63192270925e-06, 7.98866676632e-06, 3.72823978978e-06, 5.89220871916e-06, 6.82136624164e-06, 2.99340399579e-06, 2.6247180358e-06, 1.47719049437e-06, 1.06981860881e-06, 2.59947512404e-07, 1.83024198463e-07, 8.00979638171e-09, 4.40405593938e-11, 4.33680938383e-11, 7.09832106288e-12],
        "var": [2.51553751696e-06, 0.000160597817739, 1.58531074703e-05, 3.7864897422e-06, 4.13240786656e-06, 2.47838238465e-06, 3.57091835212e-06, 7.19034551366e-06, 2.3875224997e-06, 3.12014958581e-06, 9.23401671571e-07, 2.46511694968e-06, 1.78647383109e-06, 1.75533114088e-06, 1.10453947855e-06, 8.88695126378e-07, 5.90527861277e-07, 1.49098084989e-07, 2.19398671675e-07, 1.92120523934e-06, 5.91385742155e-07, 2.51510954286e-07, 3.92208931999e-07, 1.3290379286e-07, 3.77478919233e-08, 1.11980753559e-08, 8.71209385151e-15]
    },
    "erbbands": {
        "dmean": [0.246144935489, 1.4725985527, 2.18079304695, 2.87878370285, 4.27085638046, 3.6622941494, 5.69126844406, 8.9060125351, 13.0008392334, 18.6409454346, 29.3007507324, 17.2551670074, 17.8085422516, 17.9139003754, 13.44805336, 16.7488670349, 21.4634590149, 22.1872138977, 25.6783847809, 19.8972549438, 33.5321006775, 19.5518379211, 10.6262664795, 11.4461946487, 16.4808292389, 23.4859409332, 16.3342876434, 12.1136770248, 9.84909534454, 9.21826076508, 8.18977546692, 5.63863801956, 2.62163710594, 1.3336981535, 0.785260438919, 0.37348484993, 0.114788614213, 0.00820379611105, 0.00016661407426, 2.15869931708e-05],
        "dmean2": [0.367057055235, 2.28056907654, 3.55601239204, 4.96438503265, 7.66883182526, 6.22980499268, 9.63204956055, 15.4715833664, 22.6677742004, 32.0592308044, 48.5847663879, 29.0494194031, 29.8389549255, 29.4019412994, 20.9452724457, 27.2976970673, 36.0312805176, 35.7967300415, 41.2750091553, 32.2585449219, 52.9306564331, 29.8581314087, 15.9817972183, 17.791305542, 24.3795604706, 33.9398803711, 24.9583835602, 17.5219516754, 14.4424333572, 13.8201627731, 12.1635713577, 8.53547668457, 3.97723340988, 2.04357409477, 1.20823204517, 0.571991860867, 0.185553982854, 0.0135650299489, 0.000264899979811, 3.2698357245e-05],
        "dvar": [0.146562680602, 4.67639780045, 19.1644153595, 30.9771347046, 91.8324966431, 44.4716720581, 76.160736084, 239.765457153, 632.854614258, 1095.19360352, 2681.13696289, 1048.86193848, 1159.91369629, 1629.18054199, 770.838928223, 1657.97387695, 1963.39758301, 2191.11621094, 2962.72119141, 1590.01159668, 1914.03479004, 897.424133301, 191.088287354, 202.010253906, 560.348754883, 1833.84069824, 671.97064209, 357.893066406, 232.767578125, 249.336547852, 218.896911621, 97.818977356, 15.33664608, 4.73184299469, 1.57242751122, 0.35736015439, 0.0333139747381, 0.000192981548025, 6.82080170122e-08, 4.92649088191e-10],
        "dvar2": [0.350342661142, 11.600522995, 49.2123336792, 86.2729263306, 261.889465332, 124.102294922, 212.17137146, 670.542724609, 1812.83093262, 2767.09936523, 6926.28173828, 2661.90820312, 3066.22875977, 4338.18652344, 1557.13537598, 3893.72851562, 5236.88916016, 5052.57275391, 7492.296875, 3460.97827148, 4370.60058594, 1994.43994141, 430.394256592, 454.692932129, 1158.00915527, 3554.24633789, 1480.3527832, 749.39440918, 427.354675293, 557.196777344, 466.186401367, 214.327682495, 31.3610877991, 10.3218450546, 3.61246991158, 0.736688494682, 0.0798979476094, 0.000487019686261, 1.66991938499e-07, 1.03417929775e-09],
        "max": [2.83899879456, 18.1250648499, 41.3708686829, 47.2683639526, 81.8813858032, 69.6767578125, 69.0837173462, 159.742752075, 183.17276001, 540.575927734, 577.929748535, 515.65612793, 377.906738281, 465.652862549, 561.523010254, 725.18963623, 571.833984375, 583.02355957, 850.630859375, 778.418823242, 505.749084473, 590.868896484, 184.586715698, 129.942474365, 274.058624268, 810.816040039, 298.785705566, 180.330703735, 195.230300903, 117.720314026, 198.236099243, 130.565963745, 49.2455749512, 15.8435001373, 8.25626087189, 4.05779361725, 1.05113232136, 0.0951940193772, 0.00176090549212, 0.000165671168361],
        "mean": [0.423065572977, 2.54954457283, 3.77021789551, 4.55611133575, 5.56860542297, 5.71457767487, 8.45189762115, 10.7386817932, 15.671544075, 21.1583061218, 35.9921188354, 21.1015434265, 24.5312900543, 28.46833992, 21.3109264374, 23.7490692139, 31.0236797333, 33.9708251953, 41.6906394958, 31.8945198059, 62.9321327209, 38.3288574219, 20.4825668335, 21.3262863159, 28.1973571777, 38.1450195312, 24.4168548584, 17.767950058, 11.8877658844, 9.77659416199, 8.97153186798, 5.94373559952, 3.0443341732, 1.37514269352, 0.747518241405, 0.349370598793, 0.0974660143256, 0.00654928712174, 0.000157246337039, 5.05260068167e-05],
        "median": [0.232105433941, 2.0092728138, 2.60309624672, 2.88161468506, 3.27168440819, 3.95631742477, 5.98646688461, 5.92971658707, 6.7480840683, 9.62999343872, 15.1845254898, 8.4715681076, 7.90238142014, 7.99041748047, 9.16823101044, 8.44616985321, 8.70986461639, 13.6260881424, 20.9068870544, 18.6569099426, 45.1703643799, 31.2795143127, 13.8218975067, 13.7000350952, 14.7490587234, 13.8593788147, 9.49976062775, 4.52190256119, 3.47684979439, 2.62024641037, 2.52890753746, 1.83467042446, 1.28507375717, 0.444910883904, 0.186776712537, 0.0656697154045, 0.0134455142543, 0.000758795125876, 4.42257187387e-05, 4.56719571957e-05],
        "min": [1.14798212962e-05, 0.000183641925105, 0.00723465671763, 0.0345407687128, 0.283496022224, 0.175616130233, 0.241099238396, 0.276300877333, 0.231399297714, 0.146546795964, 0.53644323349, 0.211888819933, 0.199140831828, 0.276848644018, 0.307453632355, 0.209480583668, 0.189319953322, 0.305614292622, 0.244768187404, 0.38488894701, 0.549173414707, 0.46217212081, 0.237875670195, 0.139670029283, 0.0915106832981, 0.0582702159882, 0.0669434964657, 0.0237275678664, 0.00867650099099, 0.00574245443568, 0.00555307557806, 0.00154967233539, 0.000199500893359, 6.24099338893e-05, 2.34818307945e-05, 1.31120714286e-05, 6.53566712572e-06, 6.70393148994e-07, 2.92274512503e-06, 3.23604763253e-06],
        "var": [0.291574180126, 6.5357670784, 19.1023921967, 29.0220394135, 63.8803405762, 40.9663276672, 73.5939559937, 206.766921997, 600.765380859, 1161.70556641, 3235.24462891, 1171.39099121, 1667.75024414, 2740.69677734, 2101.79370117, 2724.0402832, 3176.01538086, 3800.37744141, 4324.38378906, 2941.09350586, 3906.91186523, 1327.72973633, 385.475006104, 437.397003174, 1173.20629883, 4153.55859375, 1256.59875488, 822.110473633, 366.109527588, 305.557434082, 284.033996582, 122.798217773, 22.7921943665, 5.43810510635, 1.7223303318, 0.427244722843, 0.031222846359, 0.000167488993611, 6.48152465033e-08, 8.13482281536e-10]
    },
    "gfcc": {
        "mean": [30.1031303406, 88.2766876221, -122.698982239, 51.0204162598, -51.9349136353, 18.5461292267, -38.2672424316, 17.1617736816, -17.4012489319, 7.12542676926, -14.7130584717, -2.43034052849, -6.711789608],
        "cov": [[2445.45288086, -1209.82299805, 123.254608154, -69.1041870117, -567.887512207, 348.415588379, -24.4271469116, 97.9947357178, -106.528900146, 263.670837402, -196.920150757, 79.9368133545, -221.151443481], [-1209.82299805, 1297.68701172, -276.973907471, 38.4377059937, 519.969665527, -182.650375366, 176.636169434, -13.070646286, 140.358520508, -148.695892334, 241.818832397, -141.065002441, 205.714935303], [123.254608154, -276.973907471, 623.532775879, 102.112037659, -15.8901672363, 145.285934448, -72.6726455688, 82.8077697754, 15.2270994186, 53.5434761047, -51.5840759277, 126.12928009, -91.9138793945], [-69.1041870117, 38.4377059937, 102.112037659, 389.537414551, 114.415611267, 6.70667123795, 48.3273582458, 45.6800346375, 94.9683303833, -1.16297507286, 53.531288147, -38.1689910889, 78.580871582], [-567.887512207, 519.969665527, -15.8901672363, 114.415611267, 484.305725098, -86.7420578003, 87.1368255615, 62.5717926025, 41.5372238159, -42.2667999268, 91.248916626, -6.09421920776, 61.7361030579], [348.415588379, -182.650375366, 145.285934448, 6.70667123795, -86.7420578003, 279.883117676, 46.0352745056, 35.5195198059, 3.54401516914, 36.0021514893, 4.88570928574, 22.1161136627, -12.2713327408], [-24.4271469116, 176.636169434, -72.6726455688, 48.3273582458, 87.1368255615, 46.0352745056, 178.981735229, 21.185218811, 37.6512756348, 10.8283395767, 52.5736198425, -31.3554286957, 49.5456619263], [97.9947357178, -13.070646286, 82.8077697754, 45.6800346375, 62.5717926025, 35.5195198059, 21.185218811, 124.970565796, 34.657497406, 24.373298645, 16.7183456421, 29.7942962646, 10.4646196365], [-106.528900146, 140.358520508, 15.2270994186, 94.9683303833, 41.5372238159, 3.54401516914, 37.6512756348, 34.657497406, 121.314735413, 8.50445842743, 47.4421272278, -26.3636951447, 48.9208221436], [263.670837402, -148.695892334, 53.5434761047, -1.16297507286, -42.2667999268, 36.0021514893, 10.8283395767, 24.373298645, 8.50445842743, 105.123985291, -14.9424343109, 3.50488162041, -19.3318786621], [-196.920150757, 241.818832397, -51.5840759277, 53.531288147, 91.248916626, 4.88570928574, 52.5736198425, 16.7183456421, 47.4421272278, -14.9424343109, 129.149536133, -5.01520395279, 68.9534912109], [79.9368133545, -141.065002441, 126.12928009, -38.1689910889, -6.09421920776, 22.1161136627, -31.3554286957, 29.7942962646, -26.3636951447, 3.50488162041, -5.01520395279, 134.413955688, -39.8980064392], [-221.151443481, 205.714935303, -91.9138793945, 78.580871582, 61.7361030579, -12.2713327408, 49.5456619263, 10.4646196365, 48.9208221436, -19.3318786621, 68.9534912109, -39.8980064392, 132.730819702]],
        "icov": [[0.00139230804052, 0.000101336016087, 0.0010104267858, -0.000858674873598, 0.0011446941644, -0.00120441534091, -0.000157296162797, -0.00152689043898, 0.000846257375088, -0.00226406892762, 0.000666702340823, -0.000595716992393, 0.00173906493001], [0.000101336016087, 0.00574184488505, -0.0013458194444, 0.00380397983827, -0.00428019929677, 0.00203442946076, -0.00213687494397, 0.00183274771553, -0.00385042373091, 0.00485393078998, -0.00560917239636, 0.0050334520638, -0.00252911960706], [0.0010104267858, -0.0013458194444, 0.0044536604546, -0.00286981556565, 0.00139166798908, -0.00310597312637, 0.00195198331494, -0.0021123001352, 0.000503070419654, -0.00365338032134, 0.0029830946587, -0.00415364233777, 0.00354013987817], [-0.000858674873598, 0.00380397983827, -0.00286981556565, 0.00712972134352, -0.0040583955124, 0.00251087499782, -0.00171751587186, 0.00205968576483, -0.00478888582438, 0.00503085833043, -0.00430194102228, 0.00515351258218, -0.00465441541746], [0.0011446941644, -0.00428019929677, 0.00139166798908, -0.0040583955124, 0.00757003156468, -0.000983900739811, -0.000151292144437, -0.00441635400057, 0.00448284950107, -0.00438701966777, 0.003086917568, -0.00400447426364, 0.00360151915811], [-0.00120441534091, 0.00203442946076, -0.00310597312637, 0.00251087499782, -0.000983900739811, 0.00731427082792, -0.00317573128268, 0.000860673957504, -0.00110533321276, 0.00367604196072, -0.00398109201342, 0.00306201749481, -0.00261436752044], [-0.000157296162797, -0.00213687494397, 0.00195198331494, -0.00171751587186, -0.000151292144437, -0.00317573128268, 0.00942236837, -0.000665549887344, 0.000264594622422, -0.00321620353498, 0.00111697579268, -0.00137950864155, 0.000169497769093], [-0.00152689043898, 0.00183274771553, -0.0021123001352, 0.00205968576483, -0.00441635400057, 0.000860673957504, -0.000665549887344, 0.0138235604391, -0.00501865940168, 0.00176899565849, -0.00179718679283, -0.000404578488087, -0.00385499699041], [0.000846257375088, -0.00385042373091, 0.000503070419654, -0.00478888582438, 0.00448284950107, -0.00110533321276, 0.000264594622422, -0.00501865940168, 0.0163641925901, -0.00553281418979, 0.000840887078084, -0.00111663108692, 0.00106111797504], [-0.00226406892762, 0.00485393078998, -0.00365338032134, 0.00503085833043, -0.00438701966777, 0.00367604196072, -0.00321620353498, 0.00176899565849, -0.00553281418979, 0.0196468252689, -0.00554629834369, 0.00646752584726, -0.00363601511344], [0.000666702340823, -0.00560917239636, 0.0029830946587, -0.00430194102228, 0.003086917568, -0.00398109201342, 0.00111697579268, -0.00179718679283, 0.000840887078084, -0.00554629834369, 0.0194323305041, -0.00821452587843, -0.00134421419352], [-0.000595716992393, 0.0050334520638, -0.00415364233777, 0.00515351258218, -0.00400447426364, 0.00306201749481, -0.00137950864155, -0.000404578488087, -0.00111663108692, 0.00646752584726, -0.00821452587843, 0.016385955736, -0.00148212432396], [0.00173906493001, -0.00252911960706, 0.00354013987817, -0.00465441541746, 0.00360151915811, -0.00261436752044, 0.000169497769093, -0.00385499699041, 0.00106111797504, -0.00363601511344, -0.00134421419352, -0.00148212432396, 0.0172143951058]]
    },
    "melbands": {
        "dmean": [0.00201471778564, 0.00128010276239, 0.000524263014086, 0.000298819475574, 0.000182169489563, 0.000195718108444, 0.00019508569676, 0.000236000953009, 0.000223723793169, 0.000104262653622, 9.21805913094e-05, 7.94265069999e-05, 4.48407772637e-05, 5.18868073414e-05, 4.33422173955e-05, 4.98158951814e-05, 4.27315753768e-05, 5.01661597809e-05, 2.7207106541e-05, 2.54002516158e-05, 4.56061570731e-05, 2.37697313423e-05, 1.41743321365e-05, 9.53518519964e-06, 9.90611351881e-06, 1.00738343463e-05, 1.80274819286e-05, 1.55130619532e-05, 1.18922425827e-05, 8.38724281493e-06, 6.86073963152e-06, 6.18617968939e-06, 4.52531457995e-06, 5.47784884475e-06, 4.70013173981e-06, 4.62757907371e-06, 2.99648650071e-06, 2.05580204238e-06, 1.27612042888e-06, 1.10567600586e-06],
        "dmean2": [0.00308235641569, 0.00195347657427, 0.000911021605134, 0.000519123103004, 0.000305547611788, 0.000340994272847, 0.000341082370142, 0.000400320219342, 0.000373324612156, 0.000175487890374, 0.000154091772856, 0.000129499676405, 6.96908682585e-05, 8.16658503027e-05, 7.40290270187e-05, 8.36613107822e-05, 6.9309346145e-05, 8.20157001726e-05, 4.49807957921e-05, 4.06994477089e-05, 7.1968373959e-05, 3.66502245015e-05, 2.22592116188e-05, 1.46292122736e-05, 1.5572672055e-05, 1.55982161232e-05, 2.69896881946e-05, 2.27219024964e-05, 1.83974261745e-05, 1.23594336401e-05, 9.96380367724e-06, 9.19568810787e-06, 6.42606073598e-06, 8.58555631567e-06, 6.96164988767e-06, 7.14036059435e-06, 4.60944784209e-06, 3.19056425724e-06, 1.95323423213e-06, 1.72314946667e-06],
        "dvar": [8.29724922369e-06, 4.04930551667e-06, 1.13145927116e-06, 3.77023440024e-07, 6.58247856222e-08, 1.15662416533e-07, 1.4598512621e-07, 1.59027919722e-07, 1.64151913395e-07, 3.87847443051e-08, 3.14055306205e-08, 3.19124637826e-08, 1.1182086368e-08, 1.76551839814e-08, 7.13765402338e-09, 1.17720100334e-08, 8.23647727799e-09, 1.25711174803e-08, 3.02119085305e-09, 1.99424654568e-09, 3.33291416688e-09, 1.42169709338e-09, 3.65382252232e-10, 1.64467023334e-10, 1.54479498637e-10, 1.86342316577e-10, 1.23186250089e-09, 7.83751230582e-10, 3.53532814135e-10, 2.08933786938e-10, 1.21801013719e-10, 9.58888940472e-11, 4.82375424327e-11, 1.06158602742e-10, 7.13791178941e-11, 8.33038568682e-11, 2.62787326621e-11, 1.04001278076e-11, 3.91650991152e-12, 3.43099507139e-12],
        "dvar2": [2.08581659535e-05, 9.22849540075e-06, 3.13203850055e-06, 1.06824950308e-06, 1.80167106123e-07, 3.23681774717e-07, 4.13004272559e-07, 4.02939178912e-07, 4.25700307005e-07, 9.97652449541e-08, 8.30038189292e-08, 8.59035083067e-08, 2.46843114837e-08, 3.90104766268e-08, 1.88312245797e-08, 2.97956379569e-08, 1.92915923236e-08, 3.25625038045e-08, 6.8176624346e-09, 4.58014826066e-09, 7.72252040093e-09, 3.18926463017e-09, 8.59493087813e-10, 4.04179689717e-10, 3.56637164245e-10, 4.0647407662e-10, 2.55384202674e-09, 1.51383283686e-09, 8.1888151815e-10, 4.5863929321e-10, 2.63132737821e-10, 1.88281931712e-10, 9.11677053295e-11, 2.57227766864e-10, 1.5083474747e-10, 1.93451893393e-10, 5.65520859308e-11, 2.17468872771e-11, 8.19434797794e-12, 7.69116107607e-12],
        "max": [0.0219451226294, 0.017425654456, 0.00909180007875, 0.00508845411241, 0.00194397976156, 0.00358369550668, 0.00272785918787, 0.00490281637758, 0.00531944306567, 0.00317988265306, 0.00203110021539, 0.00204639579169, 0.00218924763612, 0.00293289055116, 0.000875717785675, 0.00132155837491, 0.00126405176707, 0.00169817975257, 0.00100626633503, 0.000702989578713, 0.000595661636908, 0.000677852833178, 0.000248546682997, 0.000135397276608, 0.000115629409265, 0.000111210618343, 0.000743199314456, 0.000514231331181, 0.000200274778763, 0.000207796823815, 9.81958582997e-05, 0.000122197452583, 8.97960198927e-05, 7.67084638937e-05, 0.00011928150343, 0.000133790366817, 6.79780059727e-05, 4.77096764371e-05, 2.09431000258e-05, 1.40043030115e-05],
        "mean": [0.00366982957348, 0.00253119366243, 0.000815367267933, 0.000421675445978, 0.00028666734579, 0.000235875035287, 0.000236531326664, 0.000275760801742, 0.000272213161224, 0.000124843892991, 0.000125734237372, 0.000123301229905, 6.59586075926e-05, 7.52321648179e-05, 5.75441408728e-05, 6.91007517162e-05, 6.27133995295e-05, 7.52222113078e-05, 4.16434413637e-05, 4.04774582421e-05, 8.31769648357e-05, 4.20508076786e-05, 2.39951514232e-05, 1.71694864548e-05, 1.72468971869e-05, 1.67476064235e-05, 2.85789010377e-05, 2.41135367105e-05, 1.60949730343e-05, 1.26419581647e-05, 9.1588617579e-06, 7.0208498073e-06, 5.30753686689e-06, 5.45362263438e-06, 5.19051809533e-06, 4.62357047581e-06, 3.24707957589e-06, 2.35083052758e-06, 1.40207509958e-06, 1.06607330963e-06],
        "median": [0.0025813144166, 0.00221475446597, 0.000600991072133, 0.000270897900918, 0.000205536198337, 0.000132289758767, 9.82922720141e-05, 0.000121669560031, 0.00010991817544, 4.91860882903e-05, 4.03859703511e-05, 3.12165320793e-05, 2.74647081824e-05, 2.10868147406e-05, 1.74132583197e-05, 1.95947577595e-05, 2.52368463407e-05, 3.56633499905e-05, 1.87874302355e-05, 2.61497498286e-05, 5.78867620789e-05, 3.06835645461e-05, 1.67994949152e-05, 9.93905905489e-06, 1.06434972622e-05, 1.06097668322e-05, 9.38924767979e-06, 8.51642835187e-06, 6.22344032308e-06, 3.3018961858e-06, 1.99921169042e-06, 1.80245683623e-06, 1.36641688187e-06, 1.34830054321e-06, 1.42973487982e-06, 1.27720534238e-06, 1.03530010165e-06, 9.36874812396e-07, 4.97476946748e-07, 2.85065681283e-07],
        "min": [6.45321520665e-08, 8.29550856452e-07, 1.77573474502e-05, 1.14696922537e-05, 1.03690663309e-05, 4.29735928265e-06, 2.97483734357e-06, 2.10701296055e-06, 3.67330630979e-06, 1.05645949589e-06, 6.27107681339e-07, 8.66215373208e-07, 4.59101215711e-07, 4.9983793815e-07, 3.50889678202e-07, 3.68630963976e-07, 5.82580469199e-07, 3.97330921942e-07, 2.90497524702e-07, 4.89401429604e-07, 4.39831865151e-07, 4.31687254832e-07, 3.17589012866e-07, 1.30480970029e-07, 8.58306918872e-08, 6.83968508497e-08, 5.23245695661e-08, 3.64903343097e-08, 3.97900272731e-08, 1.34707267563e-08, 8.65115146187e-10, 3.6016203353e-09, 1.20596288511e-09, 1.32233302086e-09, 1.96300464772e-09, 1.06163144942e-09, 1.19273577126e-10, 5.27314615584e-11, 1.28582431161e-11, 4.31829593785e-13],
