{
"highlevel": {
    "danceability": {
        "all": {
            "danceable": 0.369967639446,
            "not_danceable": 0.630032360554
        },
        "probability": 0.630032360554,
        "value": "not_danceable"
    },
    "gender": {
        "all": {
            "female": 0.105497010052,
            "male": 0.894502997398
        },
        "probability": 0.894502997398,
        "value": "male"
    },
    "genre_dortmund": {
        "all": {
            "alternative": 0.149673178792,
            "blues": 0.33566057682,
            "electronic": 0.0120272403583,
            "folkcountry": 0.156358316541,
            "funksoulrnb": 0.00692507624626,
            "jazz": 0.0700695216656,
            "pop": 0.0423738062382,
            "raphiphop": 0.00747977336869,
            "rock": 0.219432502985
        },
        "probability": 0.33566057682,
        "value": "blues"
    },
    "genre_electronic": {
        "all": {
            "ambient": 0.586378693581,
            "dnb": 0.155142769217,
            "house": 0.156680807471,
            "techno": 0.0195156149566,
            "trance": 0.0822821110487
        },
        "probability": 0.586378693581,
        "value": "ambient"
    },
    "genre_rosamerica": {
        "all": {
            "cla": 0.220127239823,
            "dan": 0.0546385608613,
            "hip": 0.0928416475654,
            "jaz": 0.0475623160601,
            "pop": 0.200430288911,
            "rhy": 0.152492642403,
            "roc": 0.214554518461,
            "spe": 0.0173527896404
        },
        "probability": 0.220127239823,
        "value": "cla"
    },
    "genre_tzanetakis": {
        "all": {
            "blu": 0.0626613423228,
            "cla": 0.0348169617355,
            "cou": 0.104475811124,
            "dis": 0.0784321576357,
            "hip": 0.15692435205,
            "jaz": 0.313974827528,
            "met": 0.0448166541755,
            "pop": 0.0627359300852,
            "reg": 0.0627360641956,
            "roc": 0.0784258767962
        },
        "probability": 0.313974827528,
        "value": "jaz"
    },
    "ismir04_rhythm": {
        "all": {
            "ChaChaCha": 0.0427868589759,
            "Jive": 0.369234621525,
            "Quickstep": 0.0110235307366,
            "Rumba-American": 0.0154345352203,
            "Rumba-International": 0.017362870276,
            "Rumba-Misc": 0.00706801749766,
            "Samba": 0.020426960662,
            "Tango": 0.0843301787972,
            "VienneseWaltz": 0.409545183182,
            "Waltz": 0.0227872468531
        },
        "probability": 0.409545183182,
        "value": "VienneseWaltz"
    },
    "mood_acoustic": {
        "all": {
            "acoustic": 0.237883597612,
            "not_acoustic": 0.76211643219
        },
        "probability": 0.76211643219,
        "value": "not_acoustic"
    },
    "mood_aggressive": {
        "all": {
            "aggressive": 0.0804864391685,
            "not_aggressive": 0.919513583183
        },
        "probability": 0.919513583183,
        "value": "not_aggressive"
    },
    "mood_electronic": {
        "all": {
            "electronic": 0.137361720204,
            "not_electronic": 0.862638294697
        },
        "probability": 0.862638294697,
        "value": "not_electronic"
    },
    "mood_happy": {
        "all": {
            "happy": 0.422300040722,
            "not_happy": 0.577699959278
        },
        "probability": 0.577699959278,
        "value": "not_happy"
    },
    "mood_party": {
        "all": {
            "not_party": 0.712493658066,
            "party": 0.287506341934
        },
        "probability": 0.712493658066,
        "value": "not_party"
    },
    "mood_relaxed": {
        "all": {
            "not_relaxed": 0.978587985039,
            "relaxed": 0.021412037313
        },
        "probability": 0.978587985039,
        "value": "not_relaxed"
    },
    "mood_sad": {
        "all": {
            "not_sad": 0.545546591282,
            "sad": 0.454453408718
        },
        "probability": 0.545546591282,
        "value": "not_sad"
    },
    "moods_mirex": {
        "all": {
            "Cluster1": 0.190642774105,
            "Cluster2": 0.0893273130059,
            "Cluster3": 0.250716239214,
            "Cluster4": 0.0879273638129,
            "Cluster5": 0.381386309862
        },
        "probability": 0.381386309862,
        "value": "Cluster5"
    },
    "timbre": {
        "all": {
            "bright": 0.975825965405,
            "dark": 0.0241740122437
        },
        "probability": 0.975825965405,
        "value": "bright"
    },
    "tonal_atonal": {
        "all": {
            "atonal": 0.000435446359916,
            "tonal": 0.999564528465
        },
        "probability": 0.999564528465,
        "value": "tonal"
    },
    "voice_instrumental": {
        "all": {
            "instrumental": 0.290876716375,
            "voice": 0.709123253822
        },
        "probability": 0.709123253822,
        "value": "voice"
    }
},
"lowlevel": {
    "average_loudness": 0.88026881218,
    "barkbands_crest": {
        "dmean": 2.37980866432,
        "dmean2": 3.95756840706,
        "dvar": 5.49900150299,
        "dvar2": 15.4489459991,
        "max": 23.4305286407,
        "mean": 8.88484382629,
        "median": 7.8161854744,
        "min": 2.83225369453,
        "var": 16.8047771454
    },
    "barkbands_flatness_db": {
        "dmean": 0.0207325816154,
        "dmean2": 0.032488040626,
        "dvar": 0.000528791861143,
        "dvar2": 0.00120866007637,
        "max": 0.523115813732,
        "mean": 0.148800119758,
        "median": 0.135413661599,
        "min": 0.06598970294,
        "var": 0.00433618202806
    },
    "barkbands_kurtosis": {
        "dmean": 4.8811044693,
        "dmean2": 8.39994621277,
        "dvar": 531.035949707,
        "dvar2": 1431.05859375,
        "max": 373.563323975,
        "mean": 5.72227954865,
        "median": -0.447112321854,
        "min": -1.79148173332,
        "var": 768.641479492
    },
    "barkbands_skewness": {
        "dmean": 0.532473742962,
        "dmean2": 0.852458119392,
        "dvar": 0.647878527641,
        "dvar2": 1.70557510853,
        "max": 14.2978773117,
        "mean": 1.0529500246,
        "median": 0.687923848629,
        "min": -2.0059273243,
        "var": 2.2268512249
    },
    "barkbands_spread": {
        "dmean": 5.05691099167,
        "dmean2": 7.87930488586,
        "dvar": 29.4573974609,
        "dvar2": 69.6665115356,
        "max": 83.085609436,
        "mean": 26.888633728,
        "median": 27.3096027374,
        "min": 0.265336573124,
        "var": 144.512573242
    },
    "dissonance": {
        "dmean": 0.0178652778268,
        "dmean2": 0.0301257781684,
        "dvar": 0.000295202917187,
        "dvar2": 0.000831786484923,
        "max": 0.499955862761,
        "mean": 0.464809775352,
        "median": 0.470386177301,
        "min": 0.340535491705,
        "var": 0.000596761354245
    },
    "dynamic_complexity": 3.74663615227,
    "erbbands_crest": {
        "dmean": 2.73878479004,
        "dmean2": 4.46557807922,
        "dvar": 6.3537197113,
        "dvar2": 15.2836780548,
        "max": 31.4015407562,
        "mean": 9.68249511719,
        "median": 8.51334476471,
        "min": 2.86782741547,
        "var": 21.9885959625
    },
    "erbbands_flatness_db": {
        "dmean": 0.0182170476764,
        "dmean2": 0.0272308755666,
        "dvar": 0.000320625345921,
        "dvar2": 0.000682138779666,
        "max": 0.35779812932,
        "mean": 0.172435805202,
        "median": 0.172185391188,
        "min": 0.0671545267105,
        "var": 0.001170965028
    },
    "erbbands_kurtosis": {
        "dmean": 0.990895569324,
        "dmean2": 1.55177855492,
        "dvar": 1.94586670399,
        "dvar2": 4.41124248505,
        "max": 18.7089614868,
        "mean": 0.845529139042,
        "median": 0.207444906235,
        "min": -1.60508596897,
        "var": 5.59394168854
    },
    "erbbands_skewness": {
        "dmean": 0.357999026775,
        "dmean2": 0.563916265965,
        "dvar": 0.116224519908,
        "dvar2": 0.252007395029,
        "max": 4.10937738419,
        "mean": -0.0617252774537,
        "median": -0.236696988344,
        "min": -2.73005127907,
        "var": 0.793781876564
    },
    "erbbands_spread": {
        "dmean": 6.52555370331,
        "dmean2": 10.3356866837,
        "dvar": 50.5196266174,
        "dvar2": 114.713485718,
        "max": 105.22946167,
        "mean": 29.3585777283,
        "median": 27.1975231171,
        "min": 5.79100084305,
        "var": 135.799285889
    },
    "hfc": {
        "dmean": 4.29476261139,
        "dmean2": 6.320956707,
        "dvar": 33.9761619568,
        "dvar2": 67.4327392578,
        "max": 77.6980514526,
        "mean": 16.1172733307,
        "median": 10.3156356812,
        "min": 0.00130365393125,
        "var": 236.234222412
    },
    "melbands_crest": {
        "dmean": 3.08092474937,
        "dmean2": 4.94927501678,
        "dvar": 9.59837532043,
        "dvar2": 25.6748218536,
        "max": 37.3920707703,
        "mean": 13.2739582062,
        "median": 12.1346855164,
        "min": 3.5521273613,
        "var": 31.438949585
    },
    "melbands_flatness_db": {
        "dmean": 0.0245116725564,
        "dmean2": 0.0377010032535,
        "dvar": 0.000742486503441,
        "dvar2": 0.00172486796509,
        "max": 0.645803272724,
        "mean": 0.191733762622,
        "median": 0.173185199499,
        "min": 0.0556914582849,
        "var": 0.00780951511115
    },
    "melbands_kurtosis": {
        "dmean": 10.6854686737,
        "dmean2": 18.4140930176,
        "dvar": 2002.9798584,
        "dvar2": 5946.65185547,
        "max": 681.256164551,
        "mean": 14.589928627,
        "median": 2.48418712616,
        "min": -1.80481600761,
        "var": 2894.95581055
    },
    "melbands_skewness": {
        "dmean": 0.690792322159,
        "dmean2": 1.10897946358,
        "dvar": 1.06516611576,
        "dvar2": 2.89949584007,
        "max": 15.4317770004,
        "mean": 2.08684659004,
        "median": 1.65029990673,
        "min": -0.740269482136,
        "var": 3.43995094299
    },
    "melbands_spread": {
        "dmean": 7.75425720215,
        "dmean2": 12.2161130905,
        "dvar": 59.6918945312,
        "dvar2": 142.648284912,
        "max": 115.558959961,
        "mean": 32.2396202087,
        "median": 31.7139472961,
        "min": 0.107079438865,
        "var": 295.504699707
    },
    "pitch_salience": {
        "dmean": 0.0643371492624,
        "dmean2": 0.107462123036,
        "dvar": 0.00408633099869,
        "dvar2": 0.0112822763622,
        "max": 0.795868575573,
        "mean": 0.493729323149,
        "median": 0.495530843735,
        "min": 0.0649732798338,
        "var": 0.00924218911678
    },
    "silence_rate_20dB": {
        "dmean": 0,
        "dmean2": 0,
        "dvar": 0,
        "dvar2": 0,
        "max": 1,
        "mean": 1,
        "median": 1,
        "min": 1,
        "var": 0
    },
    "silence_rate_30dB": {
        "dmean": 0,
        "dmean2": 0,
        "dvar": 0,
        "dvar2": 0,
        "max": 1,
        "mean": 1,
        "median": 1,
        "min": 1,
        "var": 0
    },
    "silence_rate_60dB": {
        "dmean": 0.0147058824077,
        "dmean2": 0.0294345468283,
        "dvar": 0.0144897093996,
        "dvar2": 0.0316663123667,
        "max": 1,
        "mean": 0.0610982216895,
        "median": 0,
        "min": 0,
        "var": 0.0573653541505
    },
    "spectral_centroid": {
        "dmean": 230.637619019,
        "dmean2": 363.156982422,
        "dvar": 49571.0898438,
        "dvar2": 118679.671875,
        "max": 3342.61254883,
        "mean": 1548.55859375,
        "median": 1578.53796387,
        "min": 118.620788574,
        "var": 335914.71875
    },
    "spectral_complexity": {
        "dmean": 3.14473676682,
        "dmean2": 4.62664604187,
        "dvar": 13.2135305405,
        "dvar2": 24.5809211731,
        "max": 50,
        "mean": 18.5019340515,
        "median": 19,
        "min": 0,
        "var": 68.4090881348
    },
    "spectral_decrease": {
        "dmean": 1.35406341695e-09,
        "dmean2": 2.08098138721e-09,
        "dvar": 4.96688043433e-18,
        "dvar2": 1.12010991744e-17,
        "max": -2.39242002945e-12,
        "mean": -4.24394519527e-09,
        "median": -3.03839442495e-09,
        "min": -2.20134381834e-08,
        "var": 1.46336654516e-17
    },
    "spectral_energy": {
        "dmean": 0.00537285860628,
        "dmean2": 0.00820996519178,
        "dvar": 7.56112494855e-05,
        "dvar2": 0.000167480480741,
        "max": 0.08863542974,
        "mean": 0.0174795016646,
        "median": 0.0124309640378,
        "min": 9.14780503081e-06,
        "var": 0.000241910820478
    },
    "spectral_energyband_high": {
        "dmean": 0.000194780281163,
        "dmean2": 0.000272813951597,
        "dvar": 1.44167273675e-07,
        "dvar2": 2.97005811944e-07,
        "max": 0.00569940730929,
        "mean": 0.000441128533566,
        "median": 0.000150216510519,
        "min": 1.55075294828e-08,
        "var": 5.07368156377e-07
    },
    "spectral_energyband_low": {
        "dmean": 0.00304969470017,
        "dmean2": 0.00516702048481,
        "dvar": 3.42544662999e-05,
        "dvar2": 8.89741786523e-05,
        "max": 0.0547794774175,
        "mean": 0.00563352555037,
        "median": 0.00387434894219,
        "min": 5.28028976987e-06,
        "var": 4.07407387684e-05
    },
    "spectral_energyband_middle_high": {
        "dmean": 0.00172272208147,
        "dmean2": 0.00255370349623,
        "dvar": 7.14985981176e-06,
        "dvar2": 1.36607277454e-05,
        "max": 0.0686444863677,
        "mean": 0.00561594590545,
        "median": 0.00380789325573,
        "min": 6.50749569786e-08,
        "var": 4.16432885686e-05
    },
    "spectral_energyband_middle_low": {
        "dmean": 0.00306579470634,
        "dmean2": 0.00473589310423,
        "dvar": 4.2589756049e-05,
        "dvar2": 0.000101118930615,
        "max": 0.07697057724,
        "mean": 0.00681170681491,
        "median": 0.00389537937008,
        "min": 5.14178566391e-07,
        "var": 9.56225267146e-05
    },
    "spectral_entropy": {
        "dmean": 0.153520897031,
        "dmean2": 0.231234952807,
        "dvar": 0.0266498737037,
        "dvar2": 0.0579366572201,
        "max": 8.36916160583,
        "mean": 7.43698358536,
        "median": 7.44653987885,
        "min": 5.64542913437,
        "var": 0.115191809833
    },
    "spectral_flux": {
        "dmean": 0.0187597237527,
        "dmean2": 0.0280364081264,
        "dvar": 0.000590867828578,
        "dvar2": 0.00117742177099,
        "max": 0.267015725374,
        "mean": 0.0661054998636,
        "median": 0.0547082424164,
        "min": 0.00135753885843,
        "var": 0.00168723240495
    },
    "spectral_kurtosis": {
        "dmean": 1.9877345562,
        "dmean2": 3.45110297203,
        "dvar": 5.67495679855,
        "dvar2": 16.9477596283,
        "max": 31.7765312195,
        "mean": 5.41557359695,
        "median": 5.0121307373,
        "min": -0.480619907379,
        "var": 9.09040546417
    },
    "spectral_rms": {
        "dmean": 0.000595065124799,
        "dmean2": 0.000890060968231,
        "dvar": 6.50798369861e-07,
        "dvar2": 1.39155361012e-06,
        "max": 0.00929911807179,
        "mean": 0.00378463487141,
        "median": 0.00348249473609,
        "min": 9.44705680013e-05,
        "var": 2.72970623882e-06
    },
    "spectral_rolloff": {
        "dmean": 453.597961426,
        "dmean2": 771.043029785,
        "dvar": 467294.5625,
        "dvar2": 1084460.75,
        "max": 9776.07421875,
        "mean": 1709.63012695,
        "median": 1614.99023438,
        "min": 43.06640625,
        "var": 1093418.125
    },
    "spectral_skewness": {
        "dmean": 0.231591835618,
        "dmean2": 0.383255362511,
        "dvar": 0.059423930943,
        "dvar2": 0.169165879488,
        "max": 3.77581501007,
        "mean": 1.63050425053,
        "median": 1.60381317139,
        "min": 0.371324151754,
        "var": 0.167860895395
    },
    "spectral_spread": {
        "dmean": 528078.6875,
        "dmean2": 804817.875,
        "dvar": 787576193024,
        "dvar2": 1.51726404403e+12,
        "max": 23882708,
        "mean": 3726539.25,
        "median": 3496957,
        "min": 1517539.625,
        "var": 1.52884294451e+12
    },
    "spectral_strongpeak": {
        "dmean": 0.556602180004,
        "dmean2": 0.951871275902,
        "dvar": 1.28981697559,
        "dvar2": 3.34236240387,
        "max": 14.0549373627,
        "mean": 0.850485742092,
        "median": 0.194503769279,
        "min": 0,
        "var": 2.37112998962
    },
    "zerocrossingrate": {
        "dmean": 0.00779965054244,
        "dmean2": 0.00944792106748,
        "dvar": 7.67391247791e-05,
        "dvar2": 0.000102279271232,
        "max": 0.21435546875,
        "mean": 0.0596971958876,
        "median": 0.05810546875,
        "min": 0.00146484375,
        "var": 0.000708366918843
    },
    "barkbands": {
        "dmean": [8.71634256328e-05, 0.00179814093281, 0.00102747837082, 0.00114931433927, 0.000644250132609, 0.000750321545638, 0.00058801349951, 0.000240350302192, 0.000668393506203, 0.000780355650932, 0.000239328423049, 0.000216120257392, 0.000336749450071, 0.000363131344784, 0.00032977401861, 0.000263882015133, 0.000367589324014, 0.000292433833238, 0.000156645779498, 0.000127407955006, 4.74404732813e-05, 6.54534742353e-05, 4.31135194958e-05, 3.50377667928e-05, 1.86497236427e-05, 8.63816785568e-06, 1.51714729668e-09],
        "dmean2": [0.000141947719385, 0.00308724702336, 0.00164063891862, 0.00196032761596, 0.00109914538916, 0.00120455550496, 0.000881143088918, 0.000385938590625, 0.000940092781093, 0.00112326676026, 0.000376759999199, 0.000344932457665, 0.000567575974856, 0.000586851325352, 0.000525023089722, 0.000431379041402, 0.00059891177807, 0.000474262720672, 0.000245526607614, 0.000194819484022, 7.10219901521e-05, 9.45481806411e-05, 6.2075931055e-05, 5.60133848921e-05, 2.71002409136e-05, 1.38305604196e-05, 2.73945066631e-09],
        "dvar": [3.7443747658e-08, 1.1034239833e-05, 7.4213339758e-06, 1.53524451889e-05, 2.90870411845e-06, 3.13454916068e-06, 1.99127521228e-06, 4.16494657429e-07, 6.75852015775e-06, 7.10988069841e-06, 6.32458295513e-07, 5.33076388365e-07, 2.76934940757e-07, 2.08543653457e-07, 2.88540093152e-07, 1.41395787523e-07, 5.2306836551e-07, 2.45675551014e-07, 1.24348105146e-07, 1.2777171321e-07, 8.70361116512e-09, 2.56612153748e-08, 1.4222806044e-08, 8.45294767515e-09, 2.60102117622e-09, 9.37036781501e-10, 4.46169178661e-17],
        "dvar2": [9.86010846304e-08, 3.25268374581e-05, 1.70310086105e-05, 4.12297886214e-05, 7.73750070948e-06, 8.41221844894e-06, 4.33992636317e-06, 1.00213776477e-06, 1.43205934364e-05, 1.20232052723e-05, 1.36031280817e-06, 1.14426268283e-06, 6.93376307481e-07, 5.04356194142e-07, 6.66005178118e-07, 3.35984651656e-07, 1.29440672936e-06, 6.00087787461e-07, 2.98485559824e-07, 2.78845760704e-07, 1.77480732333e-08, 5.32697370659e-08, 2.95252871041e-08, 2.13046877917e-08, 4.69691974203e-09, 2.5017801164e-09, 1.20142716487e-16],
        "max": [0.00175643060356, 0.029149228707, 0.0383458733559, 0.0468504577875, 0.020096577704, 0.0244041848928, 0.0230244379491, 0.0124085089192, 0.0715793073177, 0.0711501762271, 0.0274683125317, 0.0150903519243, 0.0111379474401, 0.00566087383777, 0.0109399883077, 0.00498544191942, 0.0113735310733, 0.00776939839125, 0.00535242911428, 0.00859745591879, 0.0011424946133, 0.00283699505962, 0.00238859653473, 0.00168066949118, 0.0014171730727, 0.000674279406667, 8.7212178812e-08],
        "mean": [0.000119945427286, 0.00327075691894, 0.00160526821855, 0.00123156572226, 0.000886287889443, 0.00114810466766, 0.00107709493022, 0.000376902287826, 0.0012634556042, 0.00154564809054, 0.000441494776169, 0.000320704944897, 0.000499238143675, 0.00065394496778, 0.000543894595467, 0.000469658698421, 0.000620232487563, 0.000523082038853, 0.000276934821159, 0.000214445040911, 8.2278966147e-05, 0.000126027181977, 7.68687314121e-05, 6.22592560831e-05, 3.20897634083e-05, 1.13283185783e-05, 1.10433318046e-09],
        "median": [2.61070345005e-05, 0.00241970061325, 0.000828487914987, 0.000342222541803, 0.000411326938774, 0.000651223876048, 0.000316714751534, 0.000118739757454, 0.000380181911169, 0.000360198115231, 0.000154613197083, 0.00012746079301, 0.000308743008645, 0.000483970652567, 0.000283687957563, 0.000257995125139, 0.000281513901427, 0.000233184400713, 0.000110556960863, 7.60986440582e-05, 3.42499151884e-05, 2.63602487394e-05, 1.28473602672e-05, 1.71644114744e-05, 8.5301207946e-06, 1.16987644105e-06, 2.10842981963e-10],
        "min": [2.42054021271e-08, 6.58983822177e-07, 6.84607286416e-08, 1.75308244366e-07, 2.5320559871e-07, 1.66991505068e-08, 4.9799036006e-09, 2.10206563267e-09, 5.33602673158e-09, 4.96990582022e-09, 8.87195117372e-09, 3.08353631517e-09, 4.0077279273e-09, 3.1654663335e-09, 4.04134858911e-09, 3.60670004973e-09, 2.44237807756e-09, 4.27266089176e-09, 2.27340946068e-09, 2.20246776372e-09, 3.0193014755e-09, 2.70233657673e-09, 9.9840258283e-10, 8.16389289504e-10, 4.94068154444e-12, 5.14413468419e-12, 6.52870596127e-12],
        "var": [4.77602064564e-08, 1.13405294542e-05, 9.60363104241e-06, 1.1362535588e-05, 2.74810327028e-06, 3.2603982163e-06, 5.16440013598e-06, 8.98398354821e-07, 2.30613368331e-05, 3.45930602634e-05, 2.66803931481e-06, 7.37218897484e-07, 4.34141412597e-07, 3.9520270434e-07, 5.45309660538e-07, 4.23900644364e-07, 1.15742716389e-06, 6.80079608628e-07, 2.71168886457e-07, 3.37570611464e-07, 1.81015398226e-08, 8.00125690148e-08, 3.97674995156e-08, 1.8999314122e-08, 5.4530926441e-09, 9.9913211038e-10, 2.82186941883e-17]
    },
    "erbbands": {
        "dmean": [0.0435828082263, 0.437299996614, 1.13425910473, 2.7581038475, 2.71025657654, 2.05423283577, 4.91568851471, 5.51042985916, 7.91609048843, 6.38622522354, 6.92500209808, 13.9235095978, 24.6129989624, 13.8760070801, 7.04745340347, 10.7887048721, 14.8498725891, 18.2296066284, 14.0904588699, 14.7019929886, 16.5159816742, 17.8039627075, 16.0321063995, 7.05340623856, 8.28477573395, 5.27789068222, 2.05650162697, 2.00845813751, 2.74506664276, 1.50889599323, 1.18843126297, 0.748701035976, 0.611036658287, 0.264006018639, 0.109326802194, 0.0480935759842, 0.0154347931966, 0.00114686659072, 2.36503656197e-05, 6.9686225288e-06],
        "dmean2": [0.0726825147867, 0.762082993984, 1.80638682842, 4.75219011307, 4.49709320068, 3.42865920067, 7.9777173996, 8.700258255, 12.3820781708, 9.34642219543, 10.4928627014, 19.4501209259, 35.0047607422, 20.4664402008, 10.5340671539, 17.0791072845, 25.1054134369, 29.578754425, 21.9554481506, 23.4084911346, 26.6743984222, 28.5183906555, 25.4792938232, 10.9431524277, 12.6090545654, 8.04210090637, 3.02542161942, 3.00198483467, 4.0248708725, 2.19339632988, 1.7086879015, 1.13855314255, 0.986676931381, 0.39740395546, 0.160712152719, 0.073549516499, 0.0252562835813, 0.00195208587684, 3.83234473702e-05, 1.05152394099e-05],
        "dvar": [0.00683928653598, 0.738546907902, 7.1117310524, 79.161819458, 63.1360397339, 25.1470718384, 200.003601074, 135.747573853, 374.308502197, 213.853469849, 683.760559082, 3557.5925293, 8786.01660156, 2316.83862305, 199.826599121, 1209.140625, 533.690124512, 581.940124512, 774.99407959, 448.603485107, 503.674865723, 1433.32214355, 611.59576416, 153.65637207, 407.707519531, 172.716156006, 20.3339176178, 16.7514362335, 47.7790412903, 15.1203861237, 11.6098737717, 2.98507595062, 3.54330205917, 0.518234670162, 0.0872832462192, 0.0187862254679, 0.00442579435185, 2.5797437047e-05, 8.44478798001e-09, 1.3671155874e-10],
        "dvar2": [0.0185774322599, 2.21582651138, 15.6181497574, 213.593002319, 162.750488281, 66.254486084, 525.278503418, 360.609771729, 824.027587891, 482.603363037, 1621.79333496, 7560.46337891, 15149.1464844, 3956.37988281, 377.761535645, 2529.80932617, 1346.36010742, 1474.47814941, 1668.51184082, 1118.39916992, 1255.37060547, 3527.61938477, 1430.77429199, 390.196411133, 927.905578613, 334.470794678, 44.7654037476, 34.8947677612, 103.055725098, 33.0217475891, 24.7822151184, 7.03045940399, 9.15273952484, 0.97944265604, 0.15153683722, 0.0444821789861, 0.012311742641, 7.37856316846e-05, 2.38081678816e-08, 3.087473055e-10],
        "max": [0.796077311039, 7.66118144989, 34.9635353088, 96.4392547607, 104.110809326, 63.2639389038, 183.713882446, 136.314956665, 378.176452637, 243.142471313, 686.351196289, 1465.09521484, 2699.00219727, 1353.75976562, 487.08416748, 750.89050293, 413.986572266, 277.089447021, 689.844177246, 229.916809082, 302.271484375, 691.948547363, 343.47277832, 286.870635986, 324.625183105, 423.16583252, 64.6657943726, 56.2149543762, 120.402084351, 80.0449066162, 68.6803436279, 30.037322998, 37.121471405, 19.0219459534, 7.02770042419, 2.66840553284, 1.53677487373, 0.114840701222, 0.00210552895442, 0.000169448117958],
        "mean": [0.0912581384182, 0.738701581955, 1.92784011364, 3.07299208641, 3.31691265106, 2.93708300591, 6.55117034912, 9.16943359375, 14.6575069427, 12.1231164932, 11.987651825, 26.312997818, 54.7248878479, 29.1523857117, 14.2740278244, 16.9235267639, 23.5556735992, 33.8986740112, 26.0348701477, 26.8393821716, 31.0726718903, 33.4971122742, 31.2764606476, 15.1008281708, 15.8532495499, 10.0511646271, 3.82859253883, 3.43260860443, 5.10572576523, 2.81884074211, 2.14897060394, 1.3578029871, 1.01901829243, 0.44172385335, 0.186949729919, 0.0696014091372, 0.0177582819015, 0.00127186463214, 3.72035392502e-05, 2.32261227211e-05],
        "median": [0.0555175021291, 0.545819878578, 1.01267397404, 1.24097859859, 1.29289412498, 1.45221328735, 3.26837730408, 5.2359085083, 4.51692485809, 4.51764631271, 4.17804002762, 8.83115959167, 11.9321088791, 8.59019565582, 7.63255500793, 8.42765712738, 15.3821344376, 23.7679595947, 15.6716547012, 15.1267938614, 17.1752166748, 13.7285509109, 14.3744058609, 7.89714622498, 6.08308458328, 3.69740319252, 1.52042114735, 1.23719334602, 0.909197449684, 0.592598676682, 0.359531790018, 0.410795927048, 0.252083331347, 0.12024756521, 0.0441636480391, 0.011286329478, 0.000805054267403, 3.07444643113e-05, 9.38851280807e-06, 1.56706373673e-05],
        "min": [3.8285539631e-05, 9.07111170818e-05, 0.000615267606918, 0.00101982115302, 0.000867775117513, 0.000703613972291, 0.00030881157727, 0.000160876559676, 7.73525025579e-05, 7.88641918916e-05, 7.44978897274e-05, 8.95542107173e-05, 0.000153727349243, 0.000377109739929, 0.000278050865745, 0.000120269251056, 0.000182937787031, 0.000141851400258, 0.000361822661944, 0.000155364876264, 0.000206113661989, 0.000138109448017, 0.000268665753538, 0.000124553611386, 0.000113608584797, 9.11107854336e-05, 9.86091908999e-05, 0.000113530833914, 9.25632120925e-05, 7.91164857219e-05, 2.41611032834e-05, 2.42658697971e-05, 4.91295850225e-06, 5.33312174866e-07, 3.67240289734e-07, 5.96356173332e-08, 2.704665647e-08, 6.64026300612e-09, 6.02124128335e-09, 1.12237694694e-08],
        "var": [0.00971365720034, 0.747608542442, 11.5269041061, 57.3973808289, 56.9690284729, 25.6226081848, 174.649246216, 176.010910034, 1016.043396, 549.330505371, 1285.89794922, 8939.07910156, 53443.4414062, 9864.84667969, 942.610778809, 1719.39367676, 834.471008301, 1093.35986328, 1549.86535645, 967.862243652, 1624.81188965, 3468.67407227, 2126.43383789, 579.045166016, 1126.93151855, 692.726257324, 41.924156189, 37.4455299377, 146.625595093, 41.89661026, 33.5191612244, 6.68322658539, 7.68527746201, 1.07619440556, 0.183139041066, 0.0285855736583, 0.00363418250345, 2.31384747167e-05, 8.3539015705e-09, 4.33202779204e-10]
    },
    "gfcc": {
        "mean": [-35.7319908142, 110.353935242, -138.092330933, 43.1454696655, -47.9619178772, 23.6818161011, -39.3702583313, 14.5464115143, -16.0544338226, -0.50971776247, -7.5830206871, -3.96824169159, -3.79876160622],
        "cov": [[12588.1435547, -1918.01184082, -1630.53100586, -230.59085083, -976.859130859, -138.976776123, -820.391174316, 326.799499512, -280.294708252, 340.699523926, -307.92489624, 275.539001465, -373.049438477], [-1918.01184082, 1051.83056641, -93.6254272461, 58.3666801453, 237.432495117, -53.0330352783, 251.25970459, -131.963317871, 190.954193115, -129.872085571, 204.778015137, -212.920547485, 179.607833862], [-1630.53100586, -93.6254272461, 862.956481934, 33.6171798706, 171.990325928, 122.620002747, 69.6492996216, 46.4998016357, -10.0860795975, 31.1390018463, -112.519020081, 121.857681274, -61.0282020569], [-230.59085083, 58.3666801453, 33.6171798706, 214.168930054, 74.0585479736, 15.4335517883, 48.1590194702, -73.4785614014, 12.7970066071, -25.7441711426, 34.9679450989, -26.1569232941, 30.4194469452], [-976.859130859, 237.432495117, 171.990325928, 74.0585479736, 266.401885986, 30.8825435638, 108.593315125, -2.33301568031, 38.4896278381, -16.1064567566, 35.8320541382, -19.2426071167, 29.3940563202], [-138.976776123, -53.0330352783, 122.620002747, 15.4335517883, 30.8825435638, 163.279418945, -0.373656094074, 24.6265239716, 8.17659282684, 29.820848465, 0.286634236574, 8.00664424896, 1.30396664143], [-820.391174316, 251.25970459, 69.6492996216, 48.1590194702, 108.593315125, -0.373656094074, 229.984008789, -27.5225543976, 45.1056861877, -59.770450592, 12.1504335403, -33.5711784363, 59.4759216309], [326.799499512, -131.963317871, 46.4998016357, -73.4785614014, -2.33301568031, 24.6265239716, -27.5225543976, 161.235061646, 29.5154323578, 55.9729156494, -23.392698288, 31.6584243774, -33.0329093933], [-280.294708252, 190.954193115, -10.0860795975, 12.7970066071, 38.4896278381, 8.17659282684, 45.1056861877, 29.5154323578, 170.298355103, 28.1995716095, 69.7978515625, -38.4707145691, 21.7993488312], [340.699523926, -129.872085571, 31.1390018463, -25.7441711426, -16.1064567566, 29.820848465, -59.770450592, 55.9729156494, 28.1995716095, 124.297348022, 8.59282302856, 27.7523212433, -38.5982437134], [-307.92489624, 204.778015137, -112.519020081, 34.9679450989, 35.8320541382, 0.286634236574, 12.1504335403, -23.392698288, 69.7978515625, 8.59282302856, 143.855758667, -50.7569770813, 39.6598548889], [275.539001465, -212.920547485, 121.857681274, -26.1569232941, -19.2426071167, 8.00664424896, -33.5711784363, 31.6584243774, -38.4707145691, 27.7523212433, -50.7569770813, 133.134536743, -32.8771514893], [-373.049438477, 179.607833862, -61.0282020569, 30.4194469452, 29.3940563202, 1.30396664143, 59.4759216309, -33.0329093933, 21.7993488312, -38.5982437134, 39.6598548889, -32.8771514893, 100.450965881]],
        "icov": [[0.000285784626612, -0.000124783618958, 0.000776333210524, -0.000539098575246, 0.000419505784521, -0.000227150230785, 0.000315765384585, -0.000517739623319, 9.12245595828e-05, -0.000432137283497, 0.000851348682772, -0.000720428361092, 0.000684564642143], [-0.000124783618958, 0.00518048368394, -0.00103072973434, 0.00315863615833, -0.00294885016046, 0.0016493012663, -0.00153121480253, 0.0031546454411, -0.00320582394488, 0.00247867731377, -0.00373239256442, 0.00461908336729, -0.00388987758197], [0.000776333210524, -0.00103072973434, 0.0043375371024, -0.00200002756901, 0.000133146037115, -0.0020937724039, 0.000609145499766, -0.00150016392581, 0.000133223933517, -0.00156799529213, 0.00432103686035, -0.00410544266924, 0.00342006538995], [-0.000539098575246, 0.00315863615833, -0.00200002756901, 0.00909386109561, -0.00374627788551, 0.000649690278806, -0.00152129319031, 0.0055795009248, -0.00229892553762, 0.00208347896114, -0.00408216239884, 0.00395204499364, -0.00359073001891], [0.000419505784521, -0.00294885016046, 0.000133146037115, -0.00374627788551, 0.00829492323101, -0.00108099519275, -0.000886429741513, -0.00352300191298, 0.00231683277525, -0.00175028655212, 0.000908619957045, -0.00253233360127, 0.00263608829118], [-0.000227150230785, 0.0016493012663, -0.0020937724039, 0.000649690278806, -0.00108099519275, 0.00819563865662, -0.0003146318777, 0.000194352731341, -0.000442434858996, -0.000697585288435, -0.00220516975969, 0.00276437657885, -0.00319784134626], [0.000315765384585, -0.00153121480253, 0.000609145499766, -0.00152129319031, -0.000886429741513, -0.0003146318777, 0.0080556795001, -0.0011019211961, -0.00110549654346, 0.00137552851811, 0.00334056885913, -0.00138670986053, -0.00113161478657], [-0.000517739623319, 0.0031546454411, -0.00150016392581, 0.0055795009248, -0.00352300191298, 0.000194352731341, -0.0011019211961, 0.0123508423567, -0.00440851040184, -0.000521573238075, -0.00145037251059, 0.00257664755918, -0.00224975426681], [9.12245595828e-05, -0.00320582394488, 0.000133223933517, -0.00229892553762, 0.00231683277525, -0.000442434858996, -0.00110549654346, -0.00440851040184, 0.011319396086, -0.0039012786001, -0.0018788005691, -0.000930746202357, 0.00186220020987], [-0.000432137283497, 0.00247867731377, -0.00156799529213, 0.00208347896114, -0.00175028655212, -0.000697585288435, 0.00137552851811, -0.000521573238075, -0.0039012786001, 0.0146231278777, -0.0046932711266, 0.00114850618411, 0.000609407026786], [0.000851348682772, -0.00373239256442, 0.00432103686035, -0.00408216239884, 0.000908619957045, -0.00220516975969, 0.00334056885913, -0.00145037251059, -0.0018788005691, -0.0046932711266, 0.0171720217913, -0.00365131045692, 0.00163401430473], [-0.000720428361092, 0.00461908336729, -0.00410544266924, 0.00395204499364, -0.00253233360127, 0.00276437657885, -0.00138670986053, 0.00257664755918, -0.000930746202357, 0.00114850618411, -0.00365131045692, 0.0163383893669, -0.00481961201876], [0.000684564642143, -0.00388987758197, 0.00342006538995, -0.00359073001891, 0.00263608829118, -0.00319784134626, -0.00113161478657, -0.00224975426681, 0.00186220020987, 0.000609407026786, 0.00163401430473, -0.00481961201876, 0.0194255691022]]
    },
    "melbands": {
        "dmean": [0.00043774000369, 0.000581125903409, 0.000469836057164, 0.00015546962095, 0.000145967424032, 0.000128811938339, 0.000123305086163, 6.31366419839e-05, 6.89855223754e-05, 9.07997091417e-05, 0.000126177605125, 6.05193599768e-05, 3.09302376991e-05, 2.45384217124e-05, 3.42768071278e-05, 2.96251309919e-05, 3.66943495465e-05, 2.32899365074e-05, 2.14640767808e-05, 1.80049119081e-05, 2.12196155189e-05, 1.86560591828e-05, 2.35367915593e-05, 1.34092242661e-05, 5.25238556293e-06, 7.29357634555e-06, 6.50086212772e-06, 3.06671154249e-06, 1.53085409238e-06, 1.20347453958e-06, 1.26708800963e-06, 1.72890202066e-06, 1.21662083075e-06, 8.41112068883e-07, 7.94790935288e-07, 5.31662010417e-07, 4.86031694891e-07, 4.8228707783e-07, 3.42760046124e-07, 2.06975698802e-07],
        "dmean2": [0.0007409939426, 0.000968257896602, 0.000795524101704, 0.000260475208052, 0.000238456486841, 0.000202505354537, 0.000188399892068, 9.46167419897e-05, 0.000101314493804, 0.000126034894492, 0.000182418705663, 8.89710136107e-05, 4.67547870358e-05, 3.93427726522e-05, 5.68274845136e-05, 4.95483218401e-05, 5.93910699536e-05, 3.74985211238e-05, 3.37174133165e-05, 2.92868444376e-05, 3.43467327184e-05, 2.97700098599e-05, 3.77947144443e-05, 2.09543395613e-05, 8.33114245324e-06, 1.20460272228e-05, 9.90642547549e-06, 4.73633781439e-06, 2.31182616517e-06, 1.82916949143e-06, 1.94021299649e-06, 2.53797702499e-06, 1.79876042239e-06, 1.24343796415e-06, 1.12481552605e-06, 7.96406879999e-07, 7.77684306286e-07, 8.00445718596e-07, 5.36161280706e-07, 3.14180681471e-07],
        "dvar": [6.23786377218e-07, 1.47631317304e-06, 2.21960272029e-06, 1.65520759765e-07, 1.64724553997e-07, 7.589645179e-08, 8.79026273992e-08, 1.93419253947e-08, 8.61782609718e-08, 1.36009433049e-07, 2.25800150133e-07, 4.85477968937e-08, 6.10599215634e-09, 5.78953196495e-09, 6.03818461897e-09, 1.44012102243e-09, 2.47616860349e-09, 2.04503569634e-09, 1.10043996138e-09, 6.13420036988e-10, 8.30401913898e-10, 2.00224858915e-09, 1.79846260107e-09, 5.71563796292e-10, 9.35007349323e-11, 3.58321344818e-10, 4.69094207922e-10, 5.32052214786e-11, 1.39799023052e-11, 6.58624457056e-12, 7.76591291274e-12, 2.05407878207e-11, 9.44110154638e-12, 6.94136892063e-12, 5.80487481e-12, 1.63503889247e-12, 1.61556987406e-12, 2.05158633138e-12, 1.10670381279e-12, 3.30260585589e-13],
        "dvar2": [1.76031778665e-06, 3.68702899323e-06, 5.8655173234e-06, 4.2798401978e-07, 4.30363229498e-07, 2.02510861413e-07, 1.91205941746e-07, 4.54503137348e-08, 1.93052940745e-07, 2.86777748215e-07, 3.9220628878e-07, 8.2328433848e-08, 1.13612736996e-08, 1.10441806811e-08, 1.52342529702e-08, 3.60609186956e-09, 6.24157037166e-09, 4.29126378876e-09, 2.56859844505e-09, 1.47705858655e-09, 2.06834593897e-09, 4.89091656064e-09, 4.03105016034e-09, 1.42043898865e-09, 2.44983977549e-10, 8.84835427151e-10, 1.14181075705e-09, 1.16301433761e-10, 3.29074198446e-11, 1.39234864957e-11, 1.6993443111e-11, 4.43593564659e-11, 2.01482875523e-11, 1.58781460202e-11, 1.20900893463e-11, 3.68592873237e-12, 4.05724802713e-12, 5.17796786351e-12, 2.68723953679e-12, 6.70024203221e-13],
        "max": [0.00695816939697, 0.0129120154306, 0.0166859384626, 0.00490542361513, 0.00499985413626, 0.00354324793443, 0.00534364348277, 0.00223027542233, 0.00756710208952, 0.0102751776576, 0.0131312226877, 0.00624041445553, 0.00296025862917, 0.00181947590318, 0.00145368778612, 0.0004230736522, 0.000640329148155, 0.00110811670311, 0.000386367784813, 0.000327665475197, 0.00046876136912, 0.00100261694752, 0.000756247842219, 0.000464470271254, 0.000202068229555, 0.000308992690407, 0.000420240103267, 0.000212763377931, 6.01799001743e-05, 4.12117406086e-05, 4.14545465901e-05, 7.97972606961e-05, 5.57222520001e-05, 5.30577162863e-05, 4.76190361951e-05, 2.26859738177e-05, 2.10777343455e-05, 3.2145770092e-05, 1.9543345843e-05, 1.57541726367e-05],
        "mean": [0.000860133906826, 0.00101478560828, 0.000561073655263, 0.000212505750824, 0.00020728277741, 0.000211071106605, 0.000227739161346, 0.000117220806715, 0.000116765877465, 0.000171803476405, 0.000272684759693, 0.000119739735965, 5.76218917558e-05, 3.79201446776e-05, 4.8835445341e-05, 4.93610750709e-05, 6.50236179354e-05, 4.08683117712e-05, 3.60596823157e-05, 3.15544202749e-05, 3.74107403331e-05, 3.13902237394e-05, 3.80810306524e-05, 2.4482518711e-05, 9.9056860563e-06, 1.26153527162e-05, 1.05069993879e-05, 5.27454267285e-06, 2.44669627136e-06, 1.92419338418e-06, 1.95700545191e-06, 3.06781225845e-06, 2.1576013296e-06, 1.40608642596e-06, 1.33563526106e-06, 9.08100446395e-07, 8.02033071068e-07, 7.70338715483e-07, 5.29494855073e-07, 3.15280800578e-07],
        "median": [0.000602150335908, 0.000640141428448, 0.000226850475883, 0.000106614155811, 0.000109988788608, 0.000120966993563, 6.74618568155e-05, 4.28342937084e-05, 3.83288897865e-05, 5.76376696699e-05, 5.88438488194e-05, 3.1929834222e-05, 2.36880932789e-05, 1.62093365361e-05, 2.75112452073e-05, 3.36244447681e-05, 4.42570781161e-05, 2.33157970797e-05, 1.88189133041e-05, 1.90284808923e-05, 2.06217646337e-05, 1.28727733681e-05, 1.4421772903e-05, 1.17914041766e-05, 4.72981582789e-06, 4.47195634479e-06, 3.35696040565e-06, 1.88179285487e-06, 7.40658322229e-07, 8.18328373953e-07, 5.86775172451e-07, 4.76773067248e-07, 4.97232917951e-07, 2.41550822011e-07, 1.77210310426e-07, 2.34273727528e-07, 2.29877571201e-07, 1.649171395e-07, 1.40110799407e-07, 7.80692630542e-08],
