{
"highlevel": {
    "danceability": {
        "all": {
            "danceable": 0.718222796917,
            "not_danceable": 0.281777232885
        },
        "probability": 0.718222796917,
        "value": "danceable"
    },
    "gender": {
        "all": {
            "female": 0.261801749468,
            "male": 0.73819822073
        },
        "probability": 0.73819822073,
        "value": "male"
    },
    "genre_dortmund": {
        "all": {
            "alternative": 0.0165953543037,
            "blues": 0.480642169714,
            "electronic": 0.00677136145532,
            "folkcountry": 0.155106291175,
            "funksoulrnb": 0.0571395792067,
            "jazz": 0.0976521447301,
            "pop": 0.0437528118491,
            "raphiphop": 0.0173527989537,
            "rock": 0.124987505376
        },
        "probability": 0.480642169714,
        "value": "blues"
    },
    "genre_electronic": {
        "all": {
            "ambient": 0.352833360434,
            "dnb": 0.430858373642,
            "house": 0.187180414796,
            "techno": 0.0096295112744,
            "trance": 0.0194983258843
        },
        "probability": 0.430858373642,
        "value": "dnb"
    },
    "genre_rosamerica": {
        "all": {
            "cla": 0.175485998392,
            "dan": 0.0152508094907,
            "hip": 0.0529694147408,
            "jaz": 0.0788043066859,
            "pop": 0.419162750244,
            "rhy": 0.102192975581,
            "roc": 0.136375024915,
            "spe": 0.019758708775
        },
        "probability": 0.419162750244,
        "value": "pop"
    },
    "genre_tzanetakis": {
        "all": {
            "blu": 0.0626613423228,
            "cla": 0.0348169617355,
            "cou": 0.104475811124,
            "dis": 0.0784321576357,
            "hip": 0.15692435205,
            "jaz": 0.313974827528,
            "met": 0.0448166541755,
            "pop": 0.0627359300852,
            "reg": 0.0627360641956,
            "roc": 0.0784258767962
        },
        "probability": 0.313974827528,
        "value": "jaz"
    },
    "ismir04_rhythm": {
        "all": {
            "ChaChaCha": 0.0812546536326,
            "Jive": 0.275840401649,
            "Quickstep": 0.121255010366,
            "Rumba-American": 0.0119994105771,
            "Rumba-International": 0.0526163615286,
            "Rumba-Misc": 0.016674708575,
            "Samba": 0.0705944001675,
            "Tango": 0.0146890822798,
            "VienneseWaltz": 0.3305952847,
            "Waltz": 0.0244806725532
        },
        "probability": 0.3305952847,
        "value": "VienneseWaltz"
    },
    "mood_acoustic": {
        "all": {
            "acoustic": 0.215516835451,
            "not_acoustic": 0.784483194351
        },
        "probability": 0.784483194351,
        "value": "not_acoustic"
    },
    "mood_aggressive": {
        "all": {
            "aggressive": 0.400176167488,
            "not_aggressive": 0.599823832512
        },
        "probability": 0.599823832512,
        "value": "not_aggressive"
    },
    "mood_electronic": {
        "all": {
            "electronic": 0.300713777542,
            "not_electronic": 0.699286222458
        },
        "probability": 0.699286222458,
        "value": "not_electronic"
    },
    "mood_happy": {
        "all": {
            "happy": 0.720949292183,
            "not_happy": 0.279050678015
        },
        "probability": 0.720949292183,
        "value": "happy"
    },
    "mood_party": {
        "all": {
            "not_party": 0.817383646965,
            "party": 0.182616338134
        },
        "probability": 0.817383646965,
        "value": "not_party"
    },
    "mood_relaxed": {
        "all": {
            "not_relaxed": 0.7858902812,
            "relaxed": 0.2141097188
        },
        "probability": 0.7858902812,
        "value": "not_relaxed"
    },
    "mood_sad": {
        "all": {
            "not_sad": 0.477983981371,
            "sad": 0.522015988827
        },
        "probability": 0.522015988827,
        "value": "sad"
    },
    "moods_mirex": {
        "all": {
            "Cluster1": 0.137477785349,
            "Cluster2": 0.309980779886,
            "Cluster3": 0.192344248295,
            "Cluster4": 0.194438278675,
            "Cluster5": 0.165758907795
        },
        "probability": 0.309980779886,
        "value": "Cluster2"
    },
    "timbre": {
        "all": {
            "bright": 0.999998569489,
            "dark": 1.41048587921e-06
        },
        "probability": 0.999998569489,
        "value": "bright"
    },
    "tonal_atonal": {
        "all": {
            "atonal": 0.173903539777,
            "tonal": 0.826096475124
        },
        "probability": 0.826096475124,
        "value": "tonal"
    },
    "voice_instrumental": {
        "all": {
            "instrumental": 0.0164125077426,
            "voice": 0.983587503433
        },
        "probability": 0.983587503433,
        "value": "voice"
    }
},
"lowlevel": {
    "average_loudness": 0.979663729668,
    "barkbands_crest": {
        "dmean": 2.51527667046,
        "dmean2": 4.10766792297,
        "dvar": 5.50561237335,
        "dvar2": 13.6071481705,
        "max": 22.493642807,
        "mean": 8.57628536224,
        "median": 7.76866102219,
        "min": 2.43987059593,
        "var": 13.1464195251
    },
    "barkbands_flatness_db": {
        "dmean": 0.0249106194824,
        "dmean2": 0.0370133519173,
        "dvar": 0.000539836531971,
        "dvar2": 0.00107587350067,
        "max": 0.349647939205,
        "mean": 0.152234196663,
        "median": 0.149159625173,
        "min": 0.0495719127357,
        "var": 0.00147858716082
    },
    "barkbands_kurtosis": {
        "dmean": 1.45123624802,
        "dmean2": 2.24628067017,
        "dvar": 11.1827888489,
        "dvar2": 22.5088405609,
        "max": 73.8132171631,
        "mean": 0.958124876022,
        "median": -0.437980890274,
        "min": -1.84429454803,
        "var": 27.4363155365
    },
    "barkbands_skewness": {
        "dmean": 0.485726892948,
        "dmean2": 0.697819590569,
        "dvar": 0.25712120533,
        "dvar2": 0.485564976931,
        "max": 7.32194375992,
        "mean": 0.487127065659,
        "median": 0.310846239328,
        "min": -2.83493590355,
        "var": 1.33433067799
    },
    "barkbands_spread": {
        "dmean": 6.60134649277,
        "dmean2": 10.1119041443,
        "dvar": 50.4038200378,
        "dvar2": 113.211212158,
        "max": 105.275337219,
        "mean": 25.7250881195,
        "median": 24.1403198242,
        "min": 1.54321420193,
        "var": 148.86114502
    },
    "dissonance": {
        "dmean": 0.0167405195534,
        "dmean2": 0.0280031934381,
        "dvar": 0.000281415123027,
        "dvar2": 0.000742160598747,
        "max": 0.499619364738,
        "mean": 0.46905824542,
        "median": 0.474797070026,
        "min": 0.304652571678,
        "var": 0.000530124467332
    },
    "dynamic_complexity": 2.26045084,
    "erbbands_crest": {
        "dmean": 2.95724320412,
        "dmean2": 4.64104747772,
        "dvar": 7.1768078804,
        "dvar2": 16.2329483032,
        "max": 30.0524234772,
        "mean": 10.2935190201,
        "median": 9.26947975159,
        "min": 2.89509725571,
        "var": 20.9324493408
    },
    "erbbands_flatness_db": {
        "dmean": 0.0269472748041,
        "dmean2": 0.0386918410659,
        "dvar": 0.000616222503595,
        "dvar2": 0.00120637170039,
        "max": 0.329889118671,
        "mean": 0.208850622177,
        "median": 0.214276596904,
        "min": 0.0741092264652,
        "var": 0.00186819687951
    },
    "erbbands_kurtosis": {
        "dmean": 1.01579010487,
        "dmean2": 1.53225278854,
        "dvar": 1.97937560081,
        "dvar2": 4.27664422989,
        "max": 22.741235733,
        "mean": 0.40143340826,
        "median": -0.300894021988,
        "min": -1.73235118389,
        "var": 4.91985034943
    },
    "erbbands_skewness": {
        "dmean": 0.423852592707,
        "dmean2": 0.619742393494,
        "dvar": 0.142479658127,
        "dvar2": 0.29817700386,
        "max": 2.24806547165,
        "mean": -0.274587363005,
        "median": -0.228342577815,
        "min": -3.47580242157,
        "var": 0.773140132427
    },
    "erbbands_spread": {
        "dmean": 7.85522222519,
        "dmean2": 11.2059326172,
        "dvar": 72.0883712769,
        "dvar2": 161.027450562,
        "max": 121.022636414,
        "mean": 31.9845237732,
        "median": 27.9403553009,
        "min": 5.12475395203,
        "var": 268.277770996
    },
    "hfc": {
        "dmean": 6.908452034,
        "dmean2": 9.7798166275,
        "dvar": 50.1504020691,
        "dvar2": 93.8025741577,
        "max": 103.010772705,
        "mean": 24.0374565125,
        "median": 23.2834587097,
        "min": 0.402771681547,
        "var": 288.048858643
    },
    "melbands_crest": {
        "dmean": 3.18191003799,
        "dmean2": 5.01234102249,
        "dvar": 8.88110923767,
        "dvar2": 20.8030548096,
        "max": 29.8243503571,
        "mean": 11.6427469254,
        "median": 10.6876440048,
        "min": 3.80138397217,
        "var": 22.617641449
    },
    "melbands_flatness_db": {
        "dmean": 0.0274247303605,
        "dmean2": 0.0399722754955,
        "dvar": 0.000811005709693,
        "dvar2": 0.00163951760624,
        "max": 0.444900929928,
        "mean": 0.16546189785,
        "median": 0.15656876564,
        "min": 0.0437538400292,
        "var": 0.00286313681863
    },
    "melbands_kurtosis": {
        "dmean": 3.30719017982,
        "dmean2": 5.04237318039,
        "dvar": 54.6806793213,
        "dvar2": 112.445632935,
        "max": 146.402282715,
        "mean": 4.88676357269,
        "median": 0.969946146011,
        "min": -1.82297861576,
        "var": 151.09828186
    },
    "melbands_skewness": {
        "dmean": 0.574636936188,
        "dmean2": 0.807173848152,
        "dvar": 0.385576575994,
        "dvar2": 0.754696965218,
        "max": 9.33924293518,
        "mean": 1.44008517265,
        "median": 1.07525527477,
        "min": -1.38502132893,
        "var": 2.0808775425
    },
    "melbands_spread": {
        "dmean": 11.1859445572,
        "dmean2": 17.3184547424,
        "dvar": 215.567871094,
        "dvar2": 409.762359619,
        "max": 283.876098633,
        "mean": 41.7929382324,
        "median": 37.9449081421,
        "min": 1.10992240906,
        "var": 708.494140625
    },
    "pitch_salience": {
        "dmean": 0.0652685835958,
        "dmean2": 0.105164721608,
        "dvar": 0.00321500445716,
        "dvar2": 0.00756390718743,
        "max": 0.837353885174,
        "mean": 0.577161192894,
        "median": 0.591210782528,
        "min": 0.197236552835,
        "var": 0.00956561788917
    },
    "silence_rate_20dB": {
        "dmean": 0,
        "dmean2": 0,
        "dvar": 0,
        "dvar2": 0,
        "max": 1,
        "mean": 1,
        "median": 1,
        "min": 1,
        "var": 0
    },
    "silence_rate_30dB": {
        "dmean": 0,
        "dmean2": 0,
        "dvar": 0,
        "dvar2": 0,
        "max": 1,
        "mean": 1,
        "median": 1,
        "min": 1,
        "var": 0
    },
    "silence_rate_60dB": {
        "dmean": 0.0386996902525,
        "dmean2": 0.0774593353271,
        "dvar": 0.0372024215758,
        "dvar2": 0.0807535648346,
        "max": 1,
        "mean": 0.0433101318777,
        "median": 0,
        "min": 0,
        "var": 0.0414346829057
    },
    "spectral_centroid": {
        "dmean": 302.143096924,
        "dmean2": 452.82144165,
        "dvar": 104420.9375,
        "dvar2": 211519.15625,
        "max": 5794.68896484,
        "mean": 2012.44042969,
        "median": 2083.58325195,
        "min": 227.864715576,
        "var": 445927.59375
    },
    "spectral_complexity": {
        "dmean": 3.89938092232,
        "dmean2": 5.60728120804,
        "dvar": 14.6585006714,
        "dvar2": 27.2872200012,
        "max": 52,
        "mean": 18.3085842133,
        "median": 18,
        "min": 1,
        "var": 62.3935623169
    },
    "spectral_decrease": {
        "dmean": 1.07319142462e-09,
        "dmean2": 1.50677958999e-09,
        "dvar": 1.08334118087e-18,
        "dvar2": 2.13415575889e-18,
        "max": -1.18294374296e-10,
        "mean": -3.88742060764e-09,
        "median": -3.80634146424e-09,
        "min": -1.05970894282e-08,
        "var": 4.44946324475e-18
    },
    "spectral_energy": {
        "dmean": 0.00452507473528,
        "dmean2": 0.00628813449293,
        "dvar": 1.81530413101e-05,
        "dvar2": 3.5499837395e-05,
        "max": 0.0433713085949,
        "mean": 0.016852280125,
        "median": 0.0163730196655,
        "min": 0.000508717435878,
        "var": 8.16729298094e-05
    },
    "spectral_energyband_high": {
        "dmean": 0.000484923133627,
        "dmean2": 0.000760782102589,
        "dvar": 4.6596858283e-07,
        "dvar2": 1.02037279248e-06,
        "max": 0.0112470742315,
        "mean": 0.000857028469909,
        "median": 0.000440225732746,
        "min": 3.06174206344e-06,
        "var": 1.32104355544e-06
    },
    "spectral_energyband_low": {
        "dmean": 0.000988526153378,
        "dmean2": 0.00161673594266,
        "dvar": 2.88511409963e-06,
        "dvar2": 6.94415894031e-06,
        "max": 0.0248222053051,
        "mean": 0.00197315006517,
        "median": 0.00116672622971,
        "min": 6.36325967207e-06,
        "var": 7.9459277913e-06
    },
    "spectral_energyband_middle_high": {
        "dmean": 0.0025438668672,
        "dmean2": 0.00333771458827,
        "dvar": 7.53451422497e-06,
        "dvar2": 1.38702380355e-05,
        "max": 0.0340473800898,
        "mean": 0.00832863803953,
        "median": 0.00789118371904,
        "min": 7.5299940363e-05,
        "var": 4.49314429716e-05
    },
    "spectral_energyband_middle_low": {
        "dmean": 0.00294329435565,
        "dmean2": 0.00425960728899,
        "dvar": 1.33092989927e-05,
        "dvar2": 2.75199363386e-05,
        "max": 0.0371698737144,
        "mean": 0.00622817035764,
        "median": 0.00479826983064,
        "min": 0.000171182007762,
        "var": 2.59250446106e-05
    },
    "spectral_entropy": {
        "dmean": 0.233380675316,
        "dmean2": 0.328534156084,
        "dvar": 0.0469276644289,
        "dvar2": 0.0946955755353,
        "max": 8.70466804504,
        "mean": 7.32749795914,
        "median": 7.29639101028,
        "min": 6.3104467392,
        "var": 0.146733671427
    },
    "spectral_flux": {
        "dmean": 0.0220256056637,
        "dmean2": 0.0335189811885,
        "dvar": 0.000370406196453,
        "dvar2": 0.000822728965431,
        "max": 0.206320658326,
        "mean": 0.0740498229861,
        "median": 0.0728842616081,
        "min": 0.0138402907178,
        "var": 0.000980805256404
    },
    "spectral_kurtosis": {
        "dmean": 2.84433555603,
        "dmean2": 4.80014896393,
        "dvar": 5.98113584518,
        "dvar2": 17.1329040527,
        "max": 22.2440547943,
        "mean": 5.04436922073,
        "median": 4.55887985229,
        "min": -1.26583111286,
        "var": 10.5266160965
    },
    "spectral_rms": {
        "dmean": 0.000575916841626,
        "dmean2": 0.000781478942372,
        "dvar": 2.84443586906e-07,
        "dvar2": 5.02216607856e-07,
        "max": 0.00650488073006,
        "mean": 0.00387708540075,
        "median": 0.00399670843035,
        "min": 0.000704492500518,
        "var": 1.40944996474e-06
    },
    "spectral_rolloff": {
        "dmean": 556.714172363,
        "dmean2": 923.743713379,
        "dvar": 746829.5625,
        "dvar2": 1461123,
        "max": 11003.4667969,
        "mean": 2472.93994141,
        "median": 2691.65039062,
        "min": 129.19921875,
        "var": 2179745.25
    },
    "spectral_skewness": {
        "dmean": 0.310044258833,
        "dmean2": 0.519113123417,
        "dvar": 0.059559546411,
        "dvar2": 0.170545399189,
        "max": 2.57102322578,
        "mean": 1.19435703754,
        "median": 1.18084025383,
        "min": -0.0280384551734,
        "var": 0.132360547781
    },
    "spectral_spread": {
        "dmean": 642008.375,
        "dmean2": 934539.125,
        "dvar": 582601474048,
        "dvar2": 1.03609565184e+12,
        "max": 13090584,
        "mean": 3303062.75,
        "median": 2941708.25,
        "min": 1230120.5,
        "var": 2.19373200998e+12
    },
    "spectral_strongpeak": {
        "dmean": 1.07892775536,
        "dmean2": 1.74823391438,
        "dvar": 2.26096940041,
        "dvar2": 5.37441205978,
        "max": 13.7325363159,
        "mean": 2.06316661835,
        "median": 1.08068072796,
        "min": 0.0178016256541,
        "var": 5.27385425568
    },
    "zerocrossingrate": {
        "dmean": 0.011586853303,
        "dmean2": 0.0134903294966,
        "dvar": 0.000231451063883,
        "dvar2": 0.000243124552071,
        "max": 0.3896484375,
        "mean": 0.080375701189,
        "median": 0.078125,
        "min": 0.0048828125,
        "var": 0.0015043145977
    },
    "barkbands": {
        "dmean": [6.99902557244e-06, 0.000318568898365, 0.000583751127124, 0.000441739481175, 0.00131759408396, 0.000497424101923, 0.000330689363182, 0.000525711220689, 0.000967307249084, 0.000368661916582, 0.000621338898782, 0.000524820992723, 0.000349610694684, 0.000400489661843, 0.000341568927979, 0.000397998839617, 0.000462628144305, 0.00076171127148, 0.000330379698426, 0.00027274992317, 0.000125528444187, 0.000113830858027, 6.96197021171e-05, 6.26893015578e-05, 2.37422973441e-05, 9.41558118939e-06, 4.40422054382e-09],
        "dmean2": [1.14894946819e-05, 0.000526160176378, 0.000948325672653, 0.000773339357693, 0.00195189227816, 0.000791785307229, 0.000531194265932, 0.000801798247267, 0.00150399771519, 0.000557722465601, 0.000886063324288, 0.000755010871217, 0.000541665067431, 0.000589801988099, 0.000504307448864, 0.00061032071244, 0.000680371478666, 0.00118589447811, 0.000497586152051, 0.000409242958995, 0.000202017705305, 0.000192723513464, 0.000115332237328, 9.67897867667e-05, 3.62868013326e-05, 1.56140031322e-05, 6.71999345059e-09],
        "dvar": [1.88771123733e-10, 2.08011130098e-07, 1.46819945712e-06, 5.74949979182e-07, 5.95725941821e-06, 7.318238886e-07, 4.45000949867e-07, 1.30136925236e-06, 6.94522259437e-06, 1.18502794066e-06, 1.9854862785e-06, 1.81203438387e-06, 7.03174919181e-07, 9.98363589133e-07, 4.70557409926e-07, 8.49412572279e-07, 8.45114755066e-07, 1.60953845807e-06, 3.22628949334e-07, 1.41910476259e-07, 3.07410026323e-08, 4.9818510206e-08, 1.77863803685e-08, 4.94750871383e-08, 9.75702896255e-09, 1.94781990537e-09, 3.69403392627e-15],
        "dvar2": [4.57736265558e-10, 5.56096665605e-07, 3.26753797708e-06, 1.53321354901e-06, 1.3050216694e-05, 1.72381373886e-06, 1.08442111468e-06, 2.64823756879e-06, 1.61351781571e-05, 2.3873808459e-06, 3.49046217707e-06, 3.96600489694e-06, 1.5809434899e-06, 2.1838518478e-06, 9.11791062208e-07, 1.90806940736e-06, 1.91970457308e-06, 3.53071345671e-06, 7.94892741851e-07, 3.21663776504e-07, 7.74012676175e-08, 1.2712477826e-07, 4.31728075512e-08, 8.17061760472e-08, 1.40887621569e-08, 4.22797175048e-09, 3.91946115727e-15],
        "max": [0.000223964278121, 0.00615318119526, 0.0210888721049, 0.00645426521078, 0.0253694038838, 0.0130606144667, 0.00666051218286, 0.0192769765854, 0.0294891819358, 0.0248475857079, 0.0237798672169, 0.024574495852, 0.0136491749436, 0.0176012013108, 0.0122343720868, 0.0209295209497, 0.0158504322171, 0.0198685452342, 0.00841745920479, 0.00638964259997, 0.00196513673291, 0.00190949963871, 0.00189423747361, 0.0061398036778, 0.00302210566588, 0.000900535960682, 2.14562078327e-06],
        "mean": [9.33675801207e-06, 0.000511695281602, 0.00100895483047, 0.000682674290147, 0.00184877065476, 0.000825291615911, 0.000398902135203, 0.000840202730615, 0.00142406008672, 0.00058146356605, 0.0011188283097, 0.000980139011517, 0.000540086010005, 0.00064111960819, 0.000647794222459, 0.000655224488582, 0.000875366618857, 0.00148854369763, 0.000686384621076, 0.000582765496802, 0.000198618508875, 9.52772024903e-05, 8.6376319814e-05, 8.54788086144e-05, 2.97544011119e-05, 9.17670149647e-06, 3.45982575922e-09],
        "median": [4.25577309215e-06, 0.000316603080137, 0.000320344901411, 0.000340372003848, 0.000891515112016, 0.000408714229707, 0.000153622895596, 0.000279376370599, 0.000325777917169, 0.000104045997432, 0.000243469825364, 0.000193920001038, 0.000127186533064, 0.00013927645341, 0.000168316066265, 0.00020031783788, 0.000339902966516, 0.00079346523853, 0.000270701391855, 0.000269547628704, 8.25126553536e-05, 2.32935653912e-05, 3.17417907354e-05, 1.64830053109e-05, 3.16464274874e-06, 7.34449770334e-07, 2.67145389143e-10],
        "min": [2.95742115242e-08, 5.06160802161e-07, 2.55972679497e-07, 6.55237727187e-07, 4.0742861529e-06, 3.49372362507e-06, 1.03358422621e-06, 2.06755748877e-06, 7.41728445064e-06, 1.12094517135e-06, 1.58379407367e-06, 1.19671926768e-06, 1.4136135178e-06, 2.79755204247e-06, 2.65141125055e-06, 4.25126700065e-06, 5.16944191986e-06, 5.74616069571e-06, 1.22817948522e-06, 2.33379660131e-06, 5.46849832972e-07, 3.67598467221e-08, 3.71031312341e-08, 8.33092084207e-09, 3.32191696026e-12, 4.29523127135e-12, 4.51315373962e-12],
        "var": [2.60705040889e-10, 3.5625149053e-07, 4.59328884972e-06, 7.84911151186e-07, 8.80532388692e-06, 1.4009062852e-06, 4.96664881666e-07, 2.77251592706e-06, 9.3679609563e-06, 2.27174359679e-06, 6.72853411743e-06, 5.80418327445e-06, 1.69438419562e-06, 2.47776756623e-06, 1.49025652263e-06, 1.81221287221e-06, 2.84499560621e-06, 4.52794893135e-06, 1.01477485259e-06, 6.39276663605e-07, 7.26302502585e-08, 4.01294109054e-08, 2.92853741257e-08, 1.44614347164e-07, 2.81662089208e-08, 2.77474510035e-09, 3.64075682444e-15]
    },
    "erbbands": {
        "dmean": [0.00624228548259, 0.0885873585939, 0.555860340595, 1.18381488323, 1.80924582481, 5.51638269424, 5.90870428085, 4.39893579483, 2.91609787941, 9.21564674377, 13.1810979843, 22.1535148621, 13.3129053116, 17.6376972198, 22.6201496124, 20.2431221008, 14.3445901871, 21.0450572968, 16.2308654785, 17.1752738953, 19.1518287659, 24.96509552, 43.476688385, 22.63671875, 11.830956459, 12.5650835037, 7.30264663696, 4.11592292786, 3.51500105858, 3.30640816689, 2.21314787865, 1.30592215061, 1.05953657627, 0.343290388584, 0.148196682334, 0.0555542521179, 0.0168434791267, 0.00108210905455, 2.47710522672e-05, 6.86934527039e-06],
        "dmean2": [0.0102065494284, 0.145628422499, 0.893915593624, 2.04641509056, 3.04986095428, 8.18570327759, 9.27853012085, 6.8435754776, 4.74122333527, 14.2635536194, 19.6613235474, 34.2706298828, 20.6150951385, 24.981962204, 31.4210758209, 29.5254020691, 21.9871902466, 30.6955871582, 23.95378685, 25.7076721191, 29.5376377106, 35.4528846741, 65.7610931396, 33.2409667969, 17.934885025, 18.7102584839, 11.2433996201, 6.86729574203, 5.95392513275, 5.60034322739, 3.65116786957, 2.12807011604, 1.63161897659, 0.502582550049, 0.234420225024, 0.0920271575451, 0.0279846936464, 0.00175347551703, 3.85894709325e-05, 9.69723805611e-06],
        "dvar": [6.86433995725e-05, 0.0181970186532, 1.28666186333, 4.41162443161, 11.6675252914, 131.90486145, 128.729919434, 86.6386871338, 26.8274078369, 292.831756592, 984.243896484, 4147.86230469, 2449.67114258, 1716.49279785, 3181.68041992, 3023.14941406, 922.746032715, 2397.9519043, 1147.31091309, 1517.33630371, 1984.59094238, 2738.03027344, 5489.78808594, 1568.8260498, 299.57244873, 353.188293457, 119.128799438, 52.7170372009, 55.0830726624, 39.477432251, 19.0652999878, 19.1089076996, 15.9509010315, 1.99650025368, 0.443484097719, 0.0742027685046, 0.00477708270773, 3.47484019585e-05, 1.18570415708e-08, 6.89789128594e-11],
        "dvar2": [0.00017226827913, 0.0470390096307, 2.70704817772, 11.7906732559, 29.1927928925, 288.093353271, 308.459014893, 200.247848511, 67.7602920532, 645.083190918, 1954.44885254, 10113.8056641, 4732.8515625, 2952.20922852, 5767.31103516, 6395.85400391, 2094.11621094, 4872.59179688, 2489.42407227, 3017.44580078, 4744.39550781, 5873.4296875, 12132.8720703, 3757.0324707, 737.05255127, 786.876037598, 271.83895874, 139.066741943, 142.403945923, 101.068641663, 45.5056800842, 40.0754814148, 23.8392486572, 2.44292759895, 0.797462105751, 0.160011008382, 0.00999532267451, 7.60607872508e-05, 2.47439313483e-08, 1.28801164179e-10],
        "max": [0.0771736055613, 1.82594799995, 21.5559978485, 27.9980621338, 44.0791511536, 133.147750854, 100.938850403, 167.819381714, 64.0247268677, 182.548202515, 527.722290039, 775.269165039, 1226.65100098, 810.563171387, 1043.89648438, 1271.62683105, 450.583770752, 898.100708008, 720.413330078, 832.825012207, 823.913024902, 953.542724609, 1144.45227051, 631.997009277, 266.461883545, 380.342956543, 184.409957886, 64.0528411865, 96.6572189331, 49.217590332, 59.1507453918, 88.3410949707, 134.248291016, 46.1556663513, 14.9072475433, 6.14654350281, 1.27236759663, 0.111770518124, 0.00205006496981, 0.00017094957002],
        "mean": [0.0096487859264, 0.14812284708, 1.0079805851, 2.00483036041, 2.6410753727, 7.63297510147, 7.57955265045, 7.51300954819, 4.16575288773, 12.8605823517, 22.9301605225, 32.0737686157, 19.8104496002, 33.5437889099, 42.8957443237, 42.5816497803, 25.4761791229, 36.3743972778, 31.4606323242, 33.3453025818, 35.8338088989, 53.9361953735, 86.9034957886, 50.3548965454, 24.9660053253, 26.6768989563, 16.2160282135, 4.76312541962, 3.06066513062, 3.14300251007, 2.68251514435, 1.74400901794, 1.4141330719, 0.466951459646, 0.161895960569, 0.0545258000493, 0.0159493237734, 0.00101536686998, 3.42575804098e-05, 2.38643078774e-05],
        "median": [0.00575323915109, 0.0869539380074, 0.343375891447, 1.01220738888, 1.50897085667, 3.03673529625, 3.41674900055, 2.98134899139, 2.01894974709, 5.06815481186, 6.05007314682, 8.13826847076, 6.7391705513, 8.50727081299, 11.4347724915, 9.46854305267, 8.01803874969, 10.3130550385, 10.267074585, 11.2704200745, 13.8305835724, 21.4992465973, 42.5106315613, 22.1588039398, 15.102856636, 12.6924724579, 6.37250757217, 1.75692665577, 0.85142236948, 1.01901686192, 0.868448257446, 0.42645072937, 0.224392294884, 0.0563431456685, 0.0132587272674, 0.00353624043055, 0.00123286421876, 7.73314459366e-05, 1.53991077241e-05, 2.31226495089e-05],
        "min": [3.45141343132e-05, 0.000440852134489, 0.000850145705044, 0.00355418212712, 0.00559918070212, 0.0093589425087, 0.027116406709, 0.0182725042105, 0.0230790022761, 0.0887934714556, 0.17493955791, 0.217481553555, 0.093696936965, 0.136362358928, 0.13719432056, 0.074972614646, 0.0888393372297, 0.183312937617, 0.266346782446, 0.115399584174, 0.316905587912, 0.336347341537, 0.255722343922, 0.155958354473, 0.0979666635394, 0.127856120467, 0.0362185426056, 0.0164871066809, 0.00938317831606, 0.0029719627928, 0.000674610200804, 0.000742444244679, 0.000118563322758, 2.04060906981e-05, 6.0452962316e-06, 2.06476534004e-06, 9.37457343753e-07, 2.15524735836e-07, 3.45135333646e-07, 6.9139275638e-07],
        "var": [0.000133009118144, 0.0379723273218, 4.6424036026, 6.70819425583, 13.7368345261, 195.556350708, 149.439056396, 180.637985229, 39.141456604, 423.701812744, 2267.73461914, 5048.13085938, 3692.74951172, 5940.18505859, 9925.09082031, 12591.6904297, 2438.15185547, 6309.31445312, 3395.43310547, 3905.30249023, 3844.64379883, 10697.0605469, 16656.6640625, 5085.63671875, 848.944885254, 1414.65661621, 539.132080078, 55.0380973816, 43.1595878601, 34.3643722534, 32.0553207397, 43.030620575, 50.0448684692, 6.69910907745, 0.934343516827, 0.11325789243, 0.0069978646934, 4.34573630628e-05, 1.72519207808e-08, 2.286661277e-10]
    },
    "gfcc": {
        "mean": [-24.46916008, 100.529350281, -163.778015137, 44.7112541199, -59.2249984741, 3.76573872566, -35.1220855713, 7.38482475281, -23.2200527191, -13.9000520706, -6.13078594208, -9.34442329407, -8.49284744263],
        "cov": [[2695.80126953, -1315.01196289, -59.8628997803, -59.236328125, -254.396652222, 171.666381836, -215.944488525, 90.2103271484, -250.257720947, 142.475112915, -395.753662109, 210.087081909, -76.4539260864], [-1315.01196289, 1416.97033691, -143.126266479, 145.154418945, 259.492675781, -219.176269531, 247.911407471, -213.429733276, 118.174102783, -230.557174683, 282.883911133, -225.363174438, 58.5779266357], [-59.8628997803, -143.126266479, 833.644470215, 169.646850586, -77.7174224854, 151.761825562, -144.312988281, 29.187494278, -24.2327632904, 105.409973145, -108.927047729, 39.4875259399, -94.4718551636], [-59.236328125, 145.154418945, 169.646850586, 367.089904785, 81.4731369019, -65.7790298462, -21.6400794983, -42.9749526978, 62.2699623108, -34.2086601257, -8.45551109314, -9.5662612915, 27.7132263184], [-254.396652222, 259.492675781, -77.7174224854, 81.4731369019, 264.555114746, -39.6897163391, 55.8618850708, -4.51507282257, 4.38462686539, -54.7544975281, 41.3734664917, -44.8360099792, -0.515347182751], [171.666381836, -219.176269531, 151.761825562, -65.7790298462, -39.6897163391, 271.370422363, 19.7536334991, 44.1674575806, -51.4224357605, 45.756072998, -8.46421146393, -8.60364151001, -62.7860870361], [-215.944488525, 247.911407471, -144.312988281, -21.6400794983, 55.8618850708, 19.7536334991, 236.324813843, -15.825925827, 9.83677768707, -47.4304962158, 85.7669219971, -28.3209838867, -11.0356645584], [90.2103271484, -213.429733276, 29.187494278, -42.9749526978, -4.51507282257, 44.1674575806, -15.825925827, 188.635131836, 31.6261672974, 45.766910553, -8.49401187897, 21.9902629852, -25.3420028687], [-250.257720947, 118.174102783, -24.2327632904, 62.2699623108, 4.38462686539, -51.4224357605, 9.83677768707, 31.6261672974, 184.69770813, 18.2975826263, 45.9403038025, -17.6601676941, 29.6099433899], [142.475112915, -230.557174683, 105.409973145, -34.2086601257, -54.7544975281, 45.756072998, -47.4304962158, 45.766910553, 18.2975826263, 171.01512146, -35.8486976624, 48.0653839111, -24.5496902466], [-395.753662109, 282.883911133, -108.927047729, -8.45551109314, 41.3734664917, -8.46421146393, 85.7669219971, -8.49401187897, 45.9403038025, -35.8486976624, 224.942123413, -28.7391910553, -8.63360786438], [210.087081909, -225.363174438, 39.4875259399, -9.5662612915, -44.8360099792, -8.60364151001, -28.3209838867, 21.9902629852, -17.6601676941, 48.0653839111, -28.7391910553, 143.135116577, 19.0557937622], [-76.4539260864, 58.5779266357, -94.4718551636, 27.7132263184, -0.515347182751, -62.7860870361, -11.0356645584, -25.3420028687, 29.6099433899, -24.5496902466, -8.63360786438, 19.0557937622, 148.417785645]],
        "icov": [[0.00100284733344, 0.000384934857721, 0.000812280806713, -0.000784917210694, 0.00059961079387, -0.000516645901371, 0.000322165433317, -7.48999518692e-05, 0.000856895465404, -9.06049608602e-05, 0.0011465952266, -0.000648797256872, 0.000787014025263], [0.000384934857721, 0.00409636972472, -0.00161653431132, 0.000765855947975, -0.00185374205466, 0.00286895851605, -0.00268567819148, 0.00293890037574, -0.00100702710915, 0.00171818037052, -0.00271333800629, 0.00391188682988, -0.00125608150847], [0.000812280806713, -0.00161653431132, 0.00379114341922, -0.00258707022294, 0.00197425298393, -0.00309797842056, 0.00257829553448, -0.00146991095971, 0.00145640422124, -0.00151773961261, 0.00287612318061, -0.00286511611193, 0.00258326320909], [-0.000784917210694, 0.000765855947975, -0.00258707022294, 0.00530529534444, -0.0025131397415, 0.00208957004361, -0.00102410465479, 0.00183443038259, -0.0026795512531, 0.00155205326155, -0.0014944318682, 0.00135472684633, -0.00170121877454], [0.00059961079387, -0.00185374205466, 0.00197425298393, -0.0025131397415, 0.00638413988054, -0.00144316710066, 0.000916181830689, -0.0024396548979, 0.00210100435652, -0.000570111209527, 0.00193860311992, -0.00141679123044, 0.00161087315064], [-0.000516645901371, 0.00286895851605, -0.00309797842056, 0.00208957004361, -0.00144316710066, 0.00814078748226, -0.00363237736747, 0.00123351998627, 4.54571381852e-05, 0.000458847702248, -0.00330932741053, 0.00473425863311, -0.00111473863944], [0.000322165433317, -0.00268567819148, 0.00257829553448, -0.00102410465479, 0.000916181830689, -0.00363237736747, 0.00796208903193, -0.00157682690769, 0.000710662105121, -0.000334790413035, 0.00119848770555, -0.00344194658101, 0.00216214591637], [-7.48999518692e-05, 0.00293890037574, -0.00146991095971, 0.00183443038259, -0.0024396548979, 0.00123351998627, -0.00157682690769, 0.00884809531271, -0.00318263354711, 0.000742593663745, -0.00203870679252, 0.00187530787662, -0.000171376843355], [0.000856895465404, -0.00100702710915, 0.00145640422124, -0.0026795512531, 0.00210100435652, 4.54571381852e-05, 0.000710662105121, -0.00318263354711, 0.00906170066446, -0.00277874339372, 0.00029652370722, 3.72807226086e-05, -0.000452830689028], [-9.06049608602e-05, 0.00171818037052, -0.00151773961261, 0.00155205326155, -0.000570111209527, 0.000458847702248, -0.000334790413035, 0.000742593663745, -0.00277874339372, 0.00927235279232, -0.000737842405215, -0.000633923104033, 0.000439910189016], [0.0011465952266, -0.00271333800629, 0.00287612318061, -0.0014944318682, 0.00193860311992, -0.00330932741053, 0.00119848770555, -0.00203870679252, 0.00029652370722, -0.000737842405215, 0.00961351953447, -0.00407720636576, 0.0030206090305], [-0.000648797256872, 0.00391188682988, -0.00286511611193, 0.00135472684633, -0.00141679123044, 0.00473425863311, -0.00344194658101, 0.00187530787662, 3.72807226086e-05, -0.000633923104033, -0.00407720636576, 0.0137833980843, -0.00401188945398], [0.000787014025263, -0.00125608150847, 0.00258326320909, -0.00170121877454, 0.00161087315064, -0.00111473863944, 0.00216214591637, -0.000171376843355, -0.000452830689028, 0.000439910189016, 0.0030206090305, -0.00401188945398, 0.0101203173399]]
    },
    "melbands": {
        "dmean": [7.13527188054e-05, 0.000224354764214, 0.000204129915801, 0.000252622994594, 0.000227790864301, 9.19446538319e-05, 5.05986863573e-05, 0.000100695840956, 0.000117518007755, 0.000142268079799, 6.48083660053e-05, 6.78858195897e-05, 7.5986754382e-05, 6.10712522757e-05, 4.64563854621e-05, 3.04571349261e-05, 4.30554428021e-05, 2.65556082013e-05, 2.4643188226e-05, 3.13284035656e-05, 2.25702915486e-05, 2.94204619422e-05, 3.94468152081e-05, 3.43728424923e-05, 1.96161927306e-05, 1.07862842924e-05, 8.22373294795e-06, 9.53660946834e-06, 5.93042568653e-06, 3.03801903101e-06, 2.2334102141e-06, 1.93181131181e-06, 2.4349267278e-06, 1.50043251779e-06, 1.35630421028e-06, 9.71209487943e-07, 8.11757388419e-07, 8.33774038256e-07, 4.88783200581e-07, 2.75142468809e-07],
        "dmean2": [0.000117688548926, 0.000361775484635, 0.000352377217496, 0.000388054759242, 0.000349276466295, 0.000144672201714, 8.30044737086e-05, 0.000156635825988, 0.000176962697878, 0.000221941401833, 0.000101334437204, 9.66650695773e-05, 0.000108211301267, 8.69795985636e-05, 6.80451630615e-05, 4.69532860734e-05, 6.28417474218e-05, 3.924048724e-05, 3.5518725781e-05, 4.74143816973e-05, 3.48850917362e-05, 4.28348030255e-05, 5.95392521063e-05, 5.25354334968e-05, 2.92181448458e-05, 1.72125965037e-05, 1.27168341351e-05, 1.43781153383e-05, 8.90498449735e-06, 4.9028808462e-06, 3.80253231924e-06, 3.27912539433e-06, 4.13171073887e-06, 2.53184339272e-06, 2.24466407417e-06, 1.57498209319e-06, 1.32243633288e-06, 1.32851096168e-06, 7.0300364996e-07, 4.33137756772e-07],
        "dvar": [8.87915785341e-09, 1.85494869243e-07, 1.18995266973e-07, 3.0992879374e-07, 1.85507147421e-07, 3.34583312167e-08, 8.82004336233e-09, 3.29345617445e-08, 7.85511673485e-08, 1.85944998066e-07, 5.87618487202e-08, 2.64864681299e-08, 2.92964035253e-08, 2.8136023289e-08, 1.43530396457e-08, 5.25896837189e-09, 1.11909885803e-08, 3.23991788953e-09, 2.75803024863e-09, 6.0790275036e-09, 3.83346243638e-09, 4.66530991616e-09, 7.2870283141e-09, 2.66831490237e-09, 1.36595557088e-09, 4.27058388652e-10, 1.31699151584e-10, 2.44525899529e-10, 9.43609010373e-11, 2.18778068578e-11, 1.72371700247e-11, 1.89182176868e-11, 2.49783839446e-11, 7.22602446629e-12, 6.67927562217e-12, 7.31265568932e-12, 8.09137392505e-12, 9.84663565962e-12, 4.4688905354e-12, 1.62525342576e-12],
        "dvar2": [2.36224710903e-08, 4.02866533022e-07, 3.16544145562e-07, 6.98277801803e-07, 4.24740932203e-07, 7.74827100258e-08, 2.25074767712e-08, 7.36479037755e-08, 1.6139449599e-07, 4.42905786713e-07, 1.15402009726e-07, 4.63474876256e-08, 5.44740963448e-08, 6.40377422201e-08, 2.60755612658e-08, 1.22402514791e-08, 2.27773711003e-08, 7.12533987368e-09, 4.62218752162e-09, 1.20440528661e-08, 9.38029565134e-09, 1.03672830321e-08, 1.60578377262e-08, 6.41140562863e-09, 3.23959548076e-09, 1.1471255057e-09, 3.14187481587e-10, 5.52221046668e-10, 2.20529039474e-10, 5.68916476429e-11, 4.53463759598e-11, 4.95647758947e-11, 6.42867287182e-11, 1.87973699106e-11, 1.64408001102e-11, 1.69429539842e-11, 1.72644554902e-11, 1.49529937044e-11, 6.56854778902e-12, 3.32203210253e-12],
        "max": [0.00100166292395, 0.00781987607479, 0.00414973450825, 0.0063364636153, 0.00386801874265, 0.0032344898209, 0.00081540865358, 0.00187922781333, 0.00393237033859, 0.00548683479428, 0.00592558179051, 0.00312692322768, 0.0029633929953, 0.00293778581545, 0.00221585738473, 0.00140131334774, 0.00205703871325, 0.00102195492946, 0.00116772064939, 0.00215731235221, 0.00104061886668, 0.00118214660324, 0.00171552912798, 0.00066697911825, 0.00058697804343, 0.000279765750747, 0.000140875810757, 0.000285687594442, 0.000164215874975, 5.20329085703e-05, 3.49799884134e-05, 6.148868124e-05, 3.52533061232e-05, 2.65578473773e-05, 3.26355839206e-05, 4.70492450404e-05, 5.66082635487e-05, 9.44544954109e-05, 8.23392620077e-05, 4.09118947573e-05],
        "mean": [0.000113518741273, 0.000411395274568, 0.000340809521731, 0.000368231994798, 0.000299438252114, 0.000158909955644, 6.71917878208e-05, 0.000141314594657, 0.000203192670597, 0.000204357289476, 9.19062513276e-05, 0.000126014769194, 0.000138549672556, 0.000116576971777, 9.07821013243e-05, 4.8137811973e-05, 7.03379628249e-05, 4.55462723039e-05, 4.54256660305e-05, 5.30421166332e-05, 3.80413330276e-05, 5.53485406272e-05, 7.29396851966e-05, 6.61556841806e-05, 3.96101713704e-05, 1.96631499421e-05, 1.53010678332e-05, 1.90437949641e-05, 1.2630238416e-05, 4.67486279376e-06, 1.96732571567e-06, 1.59774026542e-06, 2.03864010473e-06, 1.53646146828e-06, 1.66158747561e-06, 1.14316935651e-06, 1.05740446088e-06, 1.0949619309e-06, 6.40524149276e-07, 3.18672164212e-07],
        "median": [7.19577656128e-05, 0.000172885018401, 0.000206449738471, 0.000182574993232, 0.000135527865496, 6.89601147315e-05, 3.10693976644e-05, 5.49289761693e-05, 3.73332804884e-05, 4.70406739623e-05, 2.27063101192e-05, 2.27922137128e-05, 3.2916865166e-05, 2.42666246777e-05, 1.46789780047e-05, 1.35218015203e-05, 1.61609095812e-05, 1.14152144306e-05, 1.29062327687e-05, 1.4096313862e-05, 1.53538931045e-05, 1.9767023332e-05, 2.68269304797e-05, 3.42795283359e-05, 1.31633023557e-05, 8.14989925857e-06, 9.80023287411e-06, 7.1628396654e-06, 3.87487034459e-06, 1.55404904945e-06, 4.8747801884e-07, 3.77648149197e-07, 4.64364376285e-07, 5.68542986912e-07, 5.55367307697e-07, 2.57318646391e-07, 2.39325999019e-07, 1.76524977746e-07, 7.54303997041e-08, 3.51963329592e-08],
        "min": [2.18477239855e-07, 2.49084763482e-07, 5.97261873736e-07, 6.44459078103e-07, 7.72069427057e-07, 4.78022059269e-07, 1.74818538312e-07, 2.07218775472e-07, 7.45039187677e-07, 8.92313892109e-07, 2.93073128432e-07, 2.97206241839e-07, 3.15428053455e-07, 1.09255928749e-07, 2.01481981321e-07, 7.26488025293e-08, 2.74818376056e-07, 4.1192839717e-07, 2.25673971954e-07, 1.56691640996e-07, 3.12756327503e-07, 2.77744447885e-07, 2.50948801295e-07, 2.81243131894e-07, 8.33468192241e-08, 4.80628870037e-08, 6.94666653089e-08, 5.11381337276e-08, 2.27691732135e-08, 1.28856649795e-08, 4.77649864106e-10, 8.9272161885e-10, 7.73745900684e-10, 1.1157947899e-09, 2.94177404658e-10, 1.63204172399e-10, 4.43879759338e-11, 1.31296440734e-11, 1.07000705225e-13, 2.7154129707e-14],
