{
"highlevel": {
    "danceability": {
        "all": {
            "danceable": 3.00000096379e-14,
            "not_danceable": 1
        },
        "probability": 1,
        "value": "not_danceable"
    },
    "gender": {
        "all": {
            "female": 0.607231497765,
            "male": 0.392768502235
        },
        "probability": 0.607231497765,
        "value": "female"
    },
    "genre_dortmund": {
        "all": {
            "alternative": 0.245289355516,
            "blues": 0.0116731133312,
            "electronic": 0.0383580178022,
            "folkcountry": 0.0520771816373,
            "funksoulrnb": 0.0035813737195,
            "jazz": 0.00169901398476,
            "pop": 0.0210651569068,
            "raphiphop": 0.000478448724607,
            "rock": 0.625778317451
        },
        "probability": 0.625778317451,
        "value": "rock"
    },
    "genre_electronic": {
        "all": {
            "ambient": 0.33450332284,
            "dnb": 0.243690297008,
            "house": 0.0486010424793,
            "techno": 0.0306468810886,
            "trance": 0.342558473349
        },
        "probability": 0.342558473349,
        "value": "trance"
    },
    "genre_rosamerica": {
        "all": {
            "cla": 0.00139117229264,
            "dan": 7.48469465179e-05,
            "hip": 0.000171682055225,
            "jaz": 9.11492679734e-05,
            "pop": 0.000703559198882,
            "rhy": 6.775152724e-05,
            "roc": 0.997488021851,
            "spe": 1.18196594485e-05
        },
        "probability": 0.997488021851,
        "value": "roc"
    },
    "genre_tzanetakis": {
        "all": {
            "blu": 0.0626613423228,
            "cla": 0.0348169617355,
            "cou": 0.104475811124,
            "dis": 0.0784321576357,
            "hip": 0.15692435205,
            "jaz": 0.313974827528,
            "met": 0.0448166541755,
            "pop": 0.0627359300852,
            "reg": 0.0627360641956,
            "roc": 0.0784258767962
        },
        "probability": 0.313974827528,
        "value": "jaz"
    },
    "ismir04_rhythm": {
        "all": {
            "ChaChaCha": 0.153918683529,
            "Jive": 0.27798768878,
            "Quickstep": 0.0553258694708,
            "Rumba-American": 0.00804533157498,
            "Rumba-International": 0.0101124150679,
            "Rumba-Misc": 0.00924316048622,
            "Samba": 0.0958874225616,
            "Tango": 0.03191614151,
            "VienneseWaltz": 0.34254154563,
            "Waltz": 0.0150217423216
        },
        "probability": 0.34254154563,
        "value": "VienneseWaltz"
    },
    "mood_acoustic": {
        "all": {
            "acoustic": 0.0072862515226,
            "not_acoustic": 0.992713749409
        },
        "probability": 0.992713749409,
        "value": "not_acoustic"
    },
    "mood_aggressive": {
        "all": {
            "aggressive": 0.999923169613,
            "not_aggressive": 7.68597383285e-05
        },
        "probability": 0.999923169613,
        "value": "aggressive"
    },
    "mood_electronic": {
        "all": {
            "electronic": 0.426760435104,
            "not_electronic": 0.573239564896
        },
        "probability": 0.573239564896,
        "value": "not_electronic"
    },
    "mood_happy": {
        "all": {
            "happy": 0.0096209961921,
            "not_happy": 0.990378975868
        },
        "probability": 0.990378975868,
        "value": "not_happy"
    },
    "mood_party": {
        "all": {
            "not_party": 0.609193623066,
            "party": 0.390806376934
        },
        "probability": 0.609193623066,
        "value": "not_party"
    },
    "mood_relaxed": {
        "all": {
            "not_relaxed": 0.745771884918,
            "relaxed": 0.254228115082
        },
        "probability": 0.745771884918,
        "value": "not_relaxed"
    },
    "mood_sad": {
        "all": {
            "not_sad": 0.964244842529,
            "sad": 0.0357551537454
        },
        "probability": 0.964244842529,
        "value": "not_sad"
    },
    "moods_mirex": {
        "all": {
            "Cluster1": 0.50874787569,
            "Cluster2": 0.0612736642361,
            "Cluster3": 0.230201944709,
            "Cluster4": 0.0467607937753,
            "Cluster5": 0.153015732765
        },
        "probability": 0.50874787569,
        "value": "Cluster1"
    },
    "timbre": {
        "all": {
            "bright": 0.991520881653,
            "dark": 0.00847912207246
        },
        "probability": 0.991520881653,
        "value": "bright"
    },
    "tonal_atonal": {
        "all": {
            "atonal": 0.000703669327777,
            "tonal": 0.999296307564
        },
        "probability": 0.999296307564,
        "value": "tonal"
    },
    "voice_instrumental": {
        "all": {
            "instrumental": 0.013287352398,
            "voice": 0.986712634563
        },
        "probability": 0.986712634563,
        "value": "voice"
    }
},
"lowlevel": {
    "average_loudness": 0.987164974213,
    "barkbands_crest": {
        "dmean": 2.04789757729,
        "dmean2": 3.24729013443,
        "dvar": 6.29099035263,
        "dvar2": 14.4474744797,
        "max": 22.2116889954,
        "mean": 6.51979351044,
        "median": 5.51308870316,
        "min": 2.476364851,
        "var": 11.2032794952
    },
    "barkbands_flatness_db": {
        "dmean": 0.0122612006962,
        "dmean2": 0.0193860586733,
        "dvar": 0.000153551227413,
        "dvar2": 0.000344137661159,
        "max": 0.188734993339,
        "mean": 0.0915670618415,
        "median": 0.0903346166015,
        "min": 0.0397498160601,
        "var": 0.000536583480425
    },
    "barkbands_kurtosis": {
        "dmean": 0.473891794682,
        "dmean2": 0.76929473877,
        "dvar": 1.06878507137,
        "dvar2": 2.88057923317,
        "max": 12.3085861206,
        "mean": -0.694127082825,
        "median": -0.877924442291,
        "min": -1.64610052109,
        "var": 0.952175080776
    },
    "barkbands_skewness": {
        "dmean": 0.266528129578,
        "dmean2": 0.417468219995,
        "dvar": 0.116455607116,
        "dvar2": 0.27150118351,
        "max": 3.55079936981,
        "mean": 0.347711890936,
        "median": 0.267780303955,
        "min": -0.758379936218,
        "var": 0.194543123245
    },
    "barkbands_spread": {
        "dmean": 4.49817752838,
        "dmean2": 6.7351193428,
        "dvar": 16.5866184235,
        "dvar2": 36.7529640198,
        "max": 77.6562194824,
        "mean": 35.1273956299,
        "median": 33.5390930176,
        "min": 11.883523941,
        "var": 94.9731826782
    },
    "dissonance": {
        "dmean": 0.00970447529107,
        "dmean2": 0.0163598041981,
        "dvar": 7.49068567529e-05,
        "dvar2": 0.000211389007745,
        "max": 0.499763190746,
        "mean": 0.48054844141,
        "median": 0.482197195292,
        "min": 0.429519832134,
        "var": 0.000134997957502
    },
    "dynamic_complexity": 0.573679327965,
    "erbbands_crest": {
        "dmean": 1.85630226135,
        "dmean2": 2.82290244102,
        "dvar": 2.96846961975,
        "dvar2": 6.2128944397,
        "max": 20.9102153778,
        "mean": 7.39923334122,
        "median": 6.48946523666,
        "min": 2.93965053558,
        "var": 9.32789325714
    },
    "erbbands_flatness_db": {
        "dmean": 0.0126062529162,
        "dmean2": 0.0179287102073,
        "dvar": 0.000151727042976,
        "dvar2": 0.000291864795145,
        "max": 0.213592484593,
        "mean": 0.153836071491,
        "median": 0.15632557869,
        "min": 0.0781275108457,
        "var": 0.000584899855312
    },
    "erbbands_kurtosis": {
        "dmean": 0.328003913164,
        "dmean2": 0.523344933987,
        "dvar": 0.103853397071,
        "dvar2": 0.255166888237,
        "max": 3.12486219406,
        "mean": -0.437069773674,
        "median": -0.600896596909,
        "min": -1.36720407009,
        "var": 0.334388762712
    },
    "erbbands_skewness": {
        "dmean": 0.221849918365,
        "dmean2": 0.325619131327,
        "dvar": 0.0313852913678,
        "dvar2": 0.0697966590524,
        "max": 1.10604500771,
        "mean": -0.126547411084,
        "median": -0.12410812825,
        "min": -1.55517303944,
        "var": 0.163523629308
    },
    "erbbands_spread": {
        "dmean": 3.93059182167,
        "dmean2": 6.03749418259,
        "dvar": 13.9604597092,
        "dvar2": 30.7719306946,
        "max": 72.8201217651,
        "mean": 32.6138763428,
        "median": 31.5862464905,
        "min": 14.6228485107,
        "var": 59.0505905151
    },
    "hfc": {
        "dmean": 6.46429491043,
        "dmean2": 9.72904682159,
        "dvar": 45.924495697,
        "dvar2": 85.2094116211,
        "max": 123.343894958,
        "mean": 43.8782730103,
        "median": 41.1037750244,
        "min": 17.1916809082,
        "var": 188.229766846
    },
    "melbands_crest": {
        "dmean": 2.70677232742,
        "dmean2": 4.3042140007,
        "dvar": 7.73101091385,
        "dvar2": 16.9095859528,
        "max": 30.2260398865,
        "mean": 10.6166934967,
        "median": 9.68739795685,
        "min": 4.17541217804,
        "var": 16.6022529602
    },
    "melbands_flatness_db": {
        "dmean": 0.0160881038755,
        "dmean2": 0.0247600898147,
        "dvar": 0.000375862058718,
        "dvar2": 0.000842502573505,
        "max": 0.284179210663,
        "mean": 0.120875112712,
        "median": 0.116676919162,
        "min": 0.0445477291942,
        "var": 0.00121260434389
    },
    "melbands_kurtosis": {
        "dmean": 1.66379487514,
        "dmean2": 2.73971819878,
        "dvar": 14.1428232193,
        "dvar2": 36.5105133057,
        "max": 45.2559051514,
        "mean": 1.81207311153,
        "median": 0.987827062607,
        "min": -1.15622627735,
        "var": 12.6343955994
    },
    "melbands_skewness": {
        "dmean": 0.376480937004,
        "dmean2": 0.588363111019,
        "dvar": 0.28829523921,
        "dvar2": 0.665345072746,
        "max": 6.21578025818,
        "mean": 1.30905771255,
        "median": 1.16447234154,
        "min": 0.169527158141,
        "var": 0.427095234394
    },
    "melbands_spread": {
        "dmean": 7.29466962814,
        "dmean2": 11.0942697525,
        "dvar": 50.2939987183,
        "dvar2": 112.346687317,
        "max": 114.469139099,
        "mean": 47.1370315552,
        "median": 45.7507286072,
        "min": 6.68875741959,
        "var": 207.197601318
    },
    "pitch_salience": {
        "dmean": 0.0556360855699,
        "dmean2": 0.0891223102808,
        "dvar": 0.00322351255454,
        "dvar2": 0.00751536805183,
        "max": 0.821095347404,
        "mean": 0.587750256062,
        "median": 0.60379755497,
        "min": 0.191466793418,
        "var": 0.00669519416988
    },
    "silence_rate_20dB": {
        "dmean": 0,
        "dmean2": 0,
        "dvar": 0,
        "dvar2": 0,
        "max": 1,
        "mean": 1,
        "median": 1,
        "min": 1,
        "var": 0
    },
    "silence_rate_30dB": {
        "dmean": 0,
        "dmean2": 0,
        "dvar": 0,
        "dvar2": 0,
        "max": 1,
        "mean": 1,
        "median": 1,
        "min": 1,
        "var": 0
    },
    "silence_rate_60dB": {
        "dmean": 0,
        "dmean2": 0,
        "dvar": 0,
        "dvar2": 0,
        "max": 0,
        "mean": 0,
        "median": 0,
        "min": 0,
        "var": 0
    },
    "spectral_centroid": {
        "dmean": 161.374984741,
        "dmean2": 249.030914307,
        "dvar": 17202.6855469,
        "dvar2": 41795.328125,
        "max": 3457.45751953,
        "mean": 2174.95703125,
        "median": 2156.00561523,
        "min": 1287.38378906,
        "var": 112600.28125
    },
    "spectral_complexity": {
        "dmean": 3.80727553368,
        "dmean2": 6.3036403656,
        "dvar": 9.22832584381,
        "dvar2": 23.8535308838,
        "max": 56,
        "mean": 41.3619499207,
        "median": 41,
        "min": 21,
        "var": 24.7676887512
    },
    "spectral_decrease": {
        "dmean": 1.41859013425e-09,
        "dmean2": 2.21447149507e-09,
        "dvar": 3.97012820979e-18,
        "dvar2": 8.96452273925e-18,
        "max": -2.94246627064e-09,
        "mean": -8.02473199002e-09,
        "median": -7.54407913917e-09,
        "min": -2.57042422902e-08,
        "var": 6.15760196302e-18
    },
    "spectral_energy": {
        "dmean": 0.00562927359715,
        "dmean2": 0.00875532347709,
        "dvar": 5.54362704861e-05,
        "dvar2": 0.000125167833176,
        "max": 0.0990439131856,
        "mean": 0.0342670790851,
        "median": 0.0326387062669,
        "min": 0.0129052381963,
        "var": 8.65692854859e-05
    },
    "spectral_energyband_high": {
        "dmean": 0.000602607091423,
        "dmean2": 0.000868531758897,
        "dvar": 7.90374883763e-07,
        "dvar2": 1.38915288517e-06,
        "max": 0.01402672939,
        "mean": 0.00216550123878,
        "median": 0.0015270417789,
        "min": 0.000394162343582,
        "var": 3.209509714e-06
    },
    "spectral_energyband_low": {
        "dmean": 0.00440971087664,
        "dmean2": 0.00712309544906,
        "dvar": 7.96129752416e-05,
        "dvar2": 0.000181763345608,
        "max": 0.08863594383,
        "mean": 0.00878031086177,
        "median": 0.00599134992808,
        "min": 0.00140822713729,
        "var": 9.62578560575e-05
    },
    "spectral_energyband_middle_high": {
        "dmean": 0.00270780152641,
        "dmean2": 0.00415966380388,
        "dvar": 5.12019596499e-06,
        "dvar2": 1.07742480395e-05,
        "max": 0.0333630479872,
        "mean": 0.0149218449369,
        "median": 0.0144111821428,
        "min": 0.00506549188867,
        "var": 2.29251709243e-05
    },
    "spectral_energyband_middle_low": {
        "dmean": 0.00245768437162,
        "dmean2": 0.00369611359201,
        "dvar": 5.73496708967e-06,
        "dvar2": 1.39116691571e-05,
        "max": 0.0317155197263,
        "mean": 0.0111079607159,
        "median": 0.0106419678777,
        "min": 0.00224764598534,
        "var": 2.02875671675e-05
    },
    "spectral_entropy": {
        "dmean": 0.067859813571,
        "dmean2": 0.100118458271,
        "dvar": 0.00467512570322,
        "dvar2": 0.00779672246426,
        "max": 8.47805309296,
        "mean": 7.87815475464,
        "median": 7.85637187958,
        "min": 7.46181297302,
        "var": 0.0281337406486
    },
    "spectral_flux": {
        "dmean": 0.0160956140608,
        "dmean2": 0.0257381554693,
        "dvar": 0.000404024496675,
        "dvar2": 0.000943023129366,
        "max": 0.242187187076,
        "mean": 0.0915636792779,
        "median": 0.0841081887484,
        "min": 0.0553302802145,
        "var": 0.000720211770386
    },
    "spectral_kurtosis": {
        "dmean": 1.06999194622,
        "dmean2": 1.85691452026,
        "dvar": 0.925151407719,
        "dvar2": 2.58926677704,
        "max": 12.4413814545,
        "mean": 3.69368648529,
        "median": 3.55496358871,
        "min": 0.334680557251,
        "var": 1.85910332203
    },
    "spectral_rms": {
        "dmean": 0.000451894797152,
        "dmean2": 0.0006958671147,
        "dvar": 2.74863623417e-07,
        "dvar2": 6.04351043876e-07,
        "max": 0.00982996448874,
        "mean": 0.00573779316619,
        "median": 0.00564292818308,
        "min": 0.00354830618016,
        "var": 5.0903349802e-07
    },
    "spectral_rolloff": {
        "dmean": 395.763977051,
        "dmean2": 606.065429688,
        "dvar": 234412.140625,
        "dvar2": 419081.71875,
        "max": 7730.41992188,
        "mean": 2733.13720703,
        "median": 2605.51757812,
        "min": 107.666015625,
        "var": 1204940.125
    },
    "spectral_skewness": {
        "dmean": 0.151411041617,
        "dmean2": 0.251333117485,
        "dvar": 0.0178931541741,
        "dvar2": 0.0431754812598,
        "max": 2.99583387375,
        "mean": 1.18917024136,
        "median": 1.17693066597,
        "min": 0.609948277473,
        "var": 0.0421381890774
    },
    "spectral_spread": {
        "dmean": 334304.53125,
        "dmean2": 474848.3125,
        "dvar": 180058816512,
        "dvar2": 312227823616,
        "max": 9059156,
        "mean": 3748462,
        "median": 3515020.75,
        "min": 2401545,
        "var": 805015126016
    },
    "spectral_strongpeak": {
        "dmean": 0.752900719643,
        "dmean2": 1.26148736477,
        "dvar": 0.969615757465,
        "dvar2": 2.28546571732,
        "max": 8.96063232422,
        "mean": 1.45796120167,
        "median": 1.16558742523,
        "min": 0,
        "var": 1.7226575613
    },
    "zerocrossingrate": {
        "dmean": 0.00833479501307,
        "dmean2": 0.00939194392413,
        "dvar": 7.3386967415e-05,
        "dvar2": 7.63235075283e-05,
        "max": 0.212890625,
        "mean": 0.0855281427503,
        "median": 0.08056640625,
        "min": 0.02783203125,
        "var": 0.000762688345276
    },
    "barkbands": {
        "dmean": [0.000275029888144, 0.00363771175034, 0.00126822898164, 0.000500144378748, 0.000865669164341, 0.000497328001074, 0.000604328350164, 0.000933663395699, 0.000723291595932, 0.00180228683166, 0.00033562615863, 0.000316181452945, 0.000281692045974, 0.000585095200222, 0.000614989257883, 0.000696005299687, 0.000617846671958, 0.000726401805878, 0.000349815993104, 0.000368399661966, 0.000185123382835, 0.000140407311847, 0.000150643187226, 6.94390910212e-05, 4.92649051012e-05, 5.35406143172e-05, 4.15012948451e-08],
        "dmean2": [0.000422375538619, 0.00592168280855, 0.00220981822349, 0.000826353440061, 0.00139601202682, 0.000886406865902, 0.000932286609896, 0.0012945740018, 0.00111797393765, 0.00249202107079, 0.000532282807399, 0.000492199964356, 0.000460683048004, 0.000994668342173, 0.00101588841062, 0.00119979993906, 0.00103502033744, 0.00121550948825, 0.000583889137488, 0.000611126015428, 0.000301134219626, 0.000218504559598, 0.000225493335165, 9.97421884676e-05, 6.96606730344e-05, 8.71809024829e-05, 7.36839851356e-08],
        "dvar": [5.25604775703e-07, 7.21487376723e-05, 4.77181583847e-06, 4.94459243328e-07, 1.77886363417e-06, 4.82309417293e-07, 1.1992411828e-06, 1.78542632057e-06, 8.84300334292e-07, 4.27661552749e-06, 4.91989055718e-07, 1.37644690312e-07, 1.23854263734e-07, 3.62802040854e-07, 3.14265605539e-07, 3.9959905962e-07, 2.79814372561e-07, 4.60592360696e-07, 9.94474405047e-08, 2.21921183652e-07, 4.13696348289e-08, 9.0762235061e-08, 1.46654912214e-07, 2.47141045406e-08, 1.08621680539e-08, 1.72409393429e-08, 1.6594461333e-14],
        "dvar2": [1.0365037042e-06, 0.000168959988514, 1.40076454045e-05, 1.32202876557e-06, 4.37546259491e-06, 1.62785897828e-06, 3.13968575938e-06, 4.07040852224e-06, 2.07806533581e-06, 7.7268541645e-06, 1.25558085529e-06, 3.14464301709e-07, 3.12553794402e-07, 9.63904994933e-07, 8.16643535018e-07, 1.1405954865e-06, 7.56664690016e-07, 1.16096816782e-06, 2.7697672067e-07, 5.75980152462e-07, 9.75352634214e-08, 1.99602766315e-07, 2.81604826569e-07, 4.53385169408e-08, 2.01619076989e-08, 4.41292797859e-08, 3.9584312797e-14],
        "max": [0.0089199161157, 0.081479087472, 0.0241523645818, 0.00714608794078, 0.0151522969827, 0.00752247357741, 0.0227975063026, 0.0159197393805, 0.012486204505, 0.0248809400946, 0.00873541645706, 0.00558111583814, 0.00520931184292, 0.0107206385583, 0.00602764310315, 0.00491533242166, 0.00569410296157, 0.00680041080341, 0.00342156458646, 0.0101089514792, 0.00253944308497, 0.00561351142824, 0.00649637915194, 0.0032026572153, 0.00192277296446, 0.00115389202256, 2.24565769713e-06],
        "mean": [0.000349715584889, 0.00556435249746, 0.00235815881751, 0.00085943529848, 0.0015495584812, 0.000895473349374, 0.00148579094093, 0.00234476337209, 0.0014750349801, 0.00494854105636, 0.000725175486878, 0.000676881871186, 0.000493606436066, 0.00106470962055, 0.00147375825327, 0.00148936058395, 0.00148928409908, 0.00147912302054, 0.000942081620451, 0.00102561223321, 0.000548174837604, 0.000326068751747, 0.000361838378012, 0.000177427267772, 0.000102748381323, 6.04041051702e-05, 3.12030401517e-08],
        "median": [0.000106808409328, 0.00321682938375, 0.00195223896299, 0.000657117518131, 0.00104400713462, 0.000598386104684, 0.000821760913823, 0.00156104029156, 0.00104262225796, 0.00332956807688, 0.00036051045754, 0.000557582767215, 0.000322027131915, 0.000812265498098, 0.00129310763441, 0.00133729469962, 0.0013314220123, 0.00126804446336, 0.000845794624183, 0.000820723478682, 0.000464286014903, 0.000175480672624, 0.000124904647237, 6.94848349667e-05, 3.8259116991e-05, 1.43808501889e-05, 3.01625546761e-09],
        "min": [2.44423745244e-07, 0.000306119269226, 8.94511176739e-05, 7.16959721103e-06, 8.1370715634e-05, 2.55341528828e-05, 2.58536965703e-05, 2.96757716569e-05, 5.160002911e-05, 8.44643291202e-05, 2.1778700102e-05, 3.74873125111e-05, 2.79389987554e-05, 5.222899199e-05, 0.000149109298945, 0.000152331369463, 0.000154512119479, 0.000241707195528, 0.00014218709839, 0.00016706030874, 7.79577167123e-05, 2.08398414543e-05, 1.37628358061e-05, 3.95946472054e-06, 1.69675604411e-06, 5.04608834717e-08, 5.61045697747e-12],
        "var": [7.44845010558e-07, 7.61873088777e-05, 3.95691677113e-06, 5.83516111874e-07, 2.70736813945e-06, 8.60203499542e-07, 3.58449051419e-06, 5.41352983419e-06, 2.15079967347e-06, 2.04757652682e-05, 1.27654448079e-06, 2.6286787147e-07, 3.46020243569e-07, 7.68108861848e-07, 8.1254466977e-07, 6.11572147591e-07, 5.211302323e-07, 7.37415632557e-07, 2.40012269614e-07, 5.95667813741e-07, 1.06320761972e-07, 1.63202514614e-07, 4.88110742936e-07, 9.72394218479e-08, 3.33006333619e-08, 1.95474836318e-08, 1.27936161285e-14]
    },
    "erbbands": {
        "dmean": [0.102842845023, 0.880081415176, 1.63948178291, 1.42441546917, 2.89024376869, 2.77926206589, 2.58511185646, 5.2102766037, 7.14131212234, 13.6616048813, 13.8839654922, 21.5489902496, 57.8795051575, 24.0124130249, 14.3666687012, 9.20999145508, 14.832159996, 21.7545585632, 22.5625362396, 29.4267158508, 34.4517860413, 35.0477561951, 35.043674469, 13.3191595078, 18.5416412354, 17.5760669708, 10.323882103, 6.15061664581, 5.0673623085, 4.99674034119, 4.25351953506, 1.983528018, 0.946324586868, 0.540322124958, 0.389950841665, 0.280665814877, 0.0914252996445, 0.00609941920266, 0.000121500830573, 1.23089776025e-05],
        "dmean2": [0.161995500326, 1.49569606781, 2.85519075394, 2.34455561638, 4.66103887558, 4.64490795135, 4.28553581238, 9.5227689743, 11.251958847, 19.2744865417, 21.1730766296, 32.7898292542, 79.407333374, 34.4776115417, 21.9312419891, 14.3041324615, 24.2731513977, 36.5971908569, 37.3541717529, 49.7120857239, 59.0233726501, 58.7769165039, 58.2699584961, 22.4036273956, 30.5841255188, 29.4492378235, 16.6708717346, 9.96804523468, 7.99298191071, 7.72649812698, 6.41352319717, 2.9289290905, 1.37876462936, 0.769806325436, 0.555192828178, 0.437728494406, 0.153126224875, 0.0102729098871, 0.000199179427, 1.85394892469e-05],
        "dvar": [0.0594552084804, 4.47838973999, 8.71064186096, 3.84477448463, 31.4060745239, 14.625002861, 8.11334896088, 70.4973602295, 125.1561203, 310.582550049, 457.053161621, 869.715454102, 5032.20703125, 975.988586426, 372.961242676, 135.057785034, 346.574188232, 616.853088379, 380.786102295, 607.529602051, 1003.44561768, 929.035217285, 993.691650391, 140.649765015, 304.466949463, 469.394500732, 113.353713989, 73.4787902832, 124.619850159, 108.528785706, 129.085754395, 27.1840171814, 4.01603078842, 1.26842582226, 0.730265021324, 0.439460068941, 0.0568647049367, 0.000274849910056, 9.74225855543e-08, 3.30696303674e-10],
        "dvar2": [0.122797176242, 11.3600711823, 25.0533065796, 10.7935886383, 73.4077606201, 39.1767883301, 20.5022373199, 243.841674805, 320.963775635, 766.501159668, 1161.42785645, 1995.02075195, 9181.90917969, 2250.02563477, 784.625, 313.255554199, 891.911621094, 1480.06115723, 1006.33880615, 1597.51330566, 2835.54882812, 2452.78076172, 2565.36108398, 364.616149902, 834.218811035, 1244.41064453, 281.151519775, 179.433761597, 282.069458008, 215.742324829, 258.368377686, 51.5451316833, 8.05134010315, 2.27027773857, 1.49289214611, 1.08584165573, 0.147994637489, 0.000732284912374, 2.53519374382e-07, 7.68920704886e-10],
        "max": [2.44074034691, 19.8013210297, 32.6510162354, 20.3254508972, 66.7994689941, 47.5991363525, 35.4545021057, 87.9911956787, 185.784698486, 281.045196533, 316.903198242, 398.615234375, 829.088989258, 449.746185303, 329.069885254, 186.508682251, 275.208831787, 576.198608398, 231.342086792, 293.320129395, 266.765045166, 309.556365967, 320.336578369, 163.887359619, 212.474899292, 448.96270752, 173.360931396, 104.448143005, 217.183425903, 154.999847412, 203.615936279, 105.604675293, 38.6925468445, 18.5749568939, 14.8806905746, 6.96918058395, 1.98346936703, 0.137454047799, 0.00254537467845, 0.000185892306035],
        "mean": [0.142510175705, 1.26873111725, 3.09566235542, 2.86497378349, 3.9870364666, 5.14831924438, 5.71775960922, 8.6487455368, 18.1174354553, 36.9906196594, 36.6757469177, 47.2862625122, 158.332809448, 64.1150817871, 32.2204780579, 22.8898830414, 27.3574829102, 40.4804878235, 61.9634552002, 80.4333877563, 83.4093933105, 94.9291381836, 80.9297027588, 39.5964508057, 51.2091293335, 48.438117981, 31.4587497711, 16.8119354248, 11.7622995377, 11.6039133072, 10.1901721954, 5.23078966141, 2.22117757797, 1.22802090645, 0.705592155457, 0.363759666681, 0.0925442576408, 0.00578733813018, 0.000150068139192, 5.29815733898e-05],
        "median": [0.0547338463366, 0.791902065277, 2.55118489265, 2.33361148834, 2.36964130402, 3.32642269135, 4.74130630493, 4.66383981705, 11.527806282, 29.5192470551, 27.174331665, 33.8518981934, 99.3305892944, 50.23229599, 22.35313797, 18.0167980194, 18.5237083435, 31.6093425751, 57.592300415, 72.4929733276, 75.157119751, 86.1326751709, 71.3469161987, 35.7295608521, 44.5845718384, 38.899684906, 27.157087326, 13.120218277, 6.67981338501, 5.03042459488, 3.45825362206, 1.93617975712, 0.911517262459, 0.462560981512, 0.242832362652, 0.103960253298, 0.017605856061, 0.00102976593189, 4.97962937516e-05, 4.62198877358e-05],
        "min": [0.00378081784584, 0.0964410230517, 0.285262852907, 0.109303742647, 0.0969610437751, 0.255339771509, 0.345929056406, 0.291909962893, 0.392523646355, 1.47273111343, 1.43522381783, 2.20179057121, 4.74897909164, 2.10737490654, 2.38701963425, 2.80245256424, 2.92138886452, 3.52161765099, 9.24836444855, 9.02851963043, 10.8501558304, 16.1234340668, 14.4018354416, 10.0508584976, 9.25109195709, 8.448179245, 7.34414482117, 2.43053102493, 1.00139093399, 0.983928263187, 0.371365249157, 0.113468393683, 0.0473359823227, 0.0170635972172, 0.0100922295824, 0.000673236558214, 0.000103236947325, 1.81329378393e-05, 1.63321710716e-05, 2.12285085581e-05],
        "var": [0.080651640892, 3.82202959061, 7.00003194809, 4.63527822495, 34.6949386597, 31.9803142548, 17.2620124817, 112.167404175, 383.287902832, 842.245666504, 946.054626465, 2130.38256836, 24046.2871094, 2806.94384766, 1184.73754883, 319.865875244, 963.85345459, 1269.4498291, 931.681762695, 1524.38928223, 1610.48168945, 1814.19763184, 1644.21594238, 294.237915039, 845.887878418, 1251.17810059, 327.140380859, 153.112365723, 207.591094971, 273.726013184, 432.093536377, 110.313591003, 12.3629655838, 4.1658821106, 1.87888872623, 0.657677531242, 0.0528879016638, 0.000220848320168, 9.00100758372e-08, 5.20954834826e-10]
    },
    "gfcc": {
        "mean": [66.3854980469, 80.8482055664, -147.348861694, 44.4769096375, -58.1213989258, 15.8210582733, -31.0755939484, 25.5894985199, -16.3904438019, 4.11859703064, -23.8799648285, -2.06915402412, -8.42298412323],
        "cov": [[363.342651367, -363.363800049, 206.783889771, -15.4232435226, -85.3377532959, 47.0627059937, -101.278373718, -0.663936853409, -53.8309135437, 15.3338985443, -66.9390792847, 47.5580825806, -60.2393379211], [-363.363800049, 504.887054443, -230.073486328, -18.6812801361, 99.2130203247, -84.907661438, 111.14238739, -18.505865097, 43.3970222473, -10.6583852768, 64.171081543, -57.9507713318, 78.1146392822], [206.783889771, -230.073486328, 240.099197388, -0.0927756279707, -0.735723376274, 34.5804672241, -53.6042900085, 19.0493793488, -36.6210136414, 27.7719230652, -48.1671142578, 49.8531646729, -52.5178031921], [-15.4232435226, -18.6812801361, -0.0927756279707, 100.742523193, -9.28319549561, 12.0068845749, -6.65583181381, -11.2965564728, 17.4605731964, -16.1310176849, 25.5249004364, -9.85782527924, 4.98027944565], [-85.3377532959, 99.2130203247, -0.735723376274, -9.28319549561, 127.016716003, 5.15297794342, 61.9488067627, 9.18135929108, -9.21332359314, 30.4622554779, 5.18689966202, 12.4066352844, 3.68389034271], [47.0627059937, -84.907661438, 34.5804672241, 12.0068845749, 5.15297794342, 88.5509719849, 1.03125834465, 5.05635690689, -9.59633922577, -7.35795402527, 13.7037935257, 14.9845275879, -2.46074819565], [-101.278373718, 111.14238739, -53.6042900085, -6.65583181381, 61.9488067627, 1.03125834465, 99.3294143677, 21.2238616943, 13.4939851761, 10.6125497818, 3.51651191711, 0.890202403069, 23.3216819763], [-0.663936853409, -18.505865097, 19.0493793488, -11.2965564728, 9.18135929108, 5.05635690689, 21.2238616943, 55.4772529602, 18.5127906799, 8.64044857025, -9.47284698486, -0.844846367836, 3.89759087563], [-53.8309135437, 43.3970222473, -36.6210136414, 17.4605731964, -9.21332359314, -9.59633922577, 13.4939851761, 18.5127906799, 54.5790328979, 2.55682086945, 15.0523538589, -15.1812744141, 6.73527145386], [15.3338985443, -10.6583852768, 27.7719230652, -16.1310176849, 30.4622554779, -7.35795402527, 10.6125497818, 8.64044857025, 2.55682086945, 58.1315422058, 2.3944709301, 13.8889875412, -9.57650566101], [-66.9390792847, 64.171081543, -48.1671142578, 25.5249004364, 5.18689966202, 13.7037935257, 3.51651191711, -9.47284698486, 15.0523538589, 2.3944709301, 67.5113601685, -0.724722862244, 14.4224309921], [47.5580825806, -57.9507713318, 49.8531646729, -9.85782527924, 12.4066352844, 14.9845275879, 0.890202403069, -0.844846367836, -15.1812744141, 13.8889875412, -0.724722862244, 47.7314338684, -5.40636348724], [-60.2393379211, 78.1146392822, -52.5178031921, 4.98027944565, 3.68389034271, -2.46074819565, 23.3216819763, 3.89759087563, 6.73527145386, -9.57650566101, 14.4224309921, -5.40636348724, 48.968208313]],
        "icov": [[0.0163539443165, 0.00647981883958, -0.00488127022982, 0.00194498209748, 0.00620486354455, -0.00194442854263, 0.00236987881362, 0.00276258937083, 0.00487888557836, -0.00494151655585, 0.00528182927519, -0.000953018898144, -0.000862806919031], [0.00647981883958, 0.0159240923822, -0.00282974657603, 0.00891861412674, -0.00752817094326, 0.0107906935737, -0.00684508308768, 0.0111562982202, -0.00524412281811, 0.00585965346545, -0.0101997107267, 0.0117127569392, -0.0117277745157], [-0.00488127022982, -0.00282974657603, 0.0152753554285, -0.00645881472155, -0.00246809097007, -0.00358525896445, 0.00750034162775, -0.00990930013359, 0.00426747044548, -0.00397662632167, 0.00770393852144, -0.0108782686293, 0.00793617777526], [0.00194498209748, 0.00891861412674, -0.00645881472155, 0.0199780985713, -0.00574266631156, 0.00633137719706, -0.00630699004978, 0.0128119876608, -0.0107759349048, 0.00934727303684, -0.0131929321215, 0.0121859395877, -0.00951783545315], [0.00620486354455, -0.00752817094326, -0.00246809097007, -0.00574266631156, 0.0242026522756, -0.00917182955891, -0.00347508303821, -0.00604079663754, 0.0123637411743, -0.0130243282765, 0.00859128404409, -0.00843003857881, 0.00972456857562], [-0.00194442854263, 0.0107906935737, -0.00358525896445, 0.00633137719706, -0.00917182955891, 0.0250809416175, -0.00951365567744, 0.00613776780665, -0.00390862952918, 0.0120701603591, -0.0177022591233, 0.00884180888534, -0.00901358295232], [0.00236987881362, -0.00684508308768, 0.00750034162775, -0.00630699004978, -0.00347508303821, -0.00951365567744, 0.0282881800085, -0.0130705982447, 0.00227908650413, -0.00690396502614, 0.0145545536652, -0.0134464493021, 0.00243639037944], [0.00276258937083, 0.0111562982202, -0.00990930013359, 0.0128119876608, -0.00604079663754, 0.00613776780665, -0.0130705982447, 0.0388881266117, -0.0190942976624, 0.00522289797664, -0.00696830125526, 0.0149562740698, -0.015084865503], [0.00487888557836, -0.00524412281811, 0.00426747044548, -0.0107759349048, 0.0123637411743, -0.00390862952918, 0.00227908650413, -0.0190942976624, 0.0381321832538, -0.0110461665317, 0.00359904207289, -0.00369430985302, 0.0104749538004], [-0.00494151655585, 0.00585965346545, -0.00397662632167, 0.00934727303684, -0.0130243282765, 0.0120701603591, -0.00690396502614, 0.00522289797664, -0.0110461665317, 0.0324140563607, -0.0151131385937, 0.0043803351, -0.00338984630071], [0.00528182927519, -0.0101997107267, 0.00770393852144, -0.0131929321215, 0.00859128404409, -0.0177022591233, 0.0145545536652, -0.00696830125526, 0.00359904207289, -0.0151131385937, 0.0393880046904, -0.0185132678598, 0.00736396061257], [-0.000953018898144, 0.0117127569392, -0.0108782686293, 0.0121859395877, -0.00843003857881, 0.00884180888534, -0.0134464493021, 0.0149562740698, -0.00369430985302, 0.0043803351, -0.0185132678598, 0.0455428436399, -0.0146251628175], [-0.000862806919031, -0.0117277745157, 0.00793617777526, -0.00951783545315, 0.00972456857562, -0.00901358295232, 0.00243639037944, -0.015084865503, 0.0104749538004, -0.00338984630071, 0.00736396061257, -0.0146251628175, 0.0405162423849]]
    },
    "melbands": {
        "dmean": [0.000949076900724, 0.000942720973399, 0.00026886005071, 0.000206974335015, 9.36285650823e-05, 0.000107031686639, 0.000119292308227, 0.000181976123713, 0.000106532832433, 0.00012908980716, 0.000298072525766, 0.000105232291389, 4.66259443783e-05, 3.94050803152e-05, 2.29134075198e-05, 2.77382750937e-05, 5.1564838941e-05, 3.98294796469e-05, 5.98527185502e-05, 4.79968111904e-05, 3.92203510273e-05, 4.10616994486e-05, 6.18781414232e-05, 1.6402989786e-05, 1.20645790957e-05, 1.73919725057e-05, 1.37130764415e-05, 1.27914072436e-05, 8.63338755153e-06, 4.90587171953e-06, 3.62005880561e-06, 2.97799351756e-06, 3.16448313242e-06, 3.09798770104e-06, 2.7601322472e-06, 2.05039305001e-06, 1.1130847497e-06, 7.92191372057e-07, 5.12094516125e-07, 4.79395112052e-07],
        "dmean2": [0.0015168832615, 0.00161490321625, 0.000436688889749, 0.000336610421073, 0.000153897941345, 0.000194182124687, 0.000185657278053, 0.000251584890066, 0.00016496166063, 0.000196759967366, 0.000409314525314, 0.00015132020053, 7.16040885891e-05, 6.09152884863e-05, 3.671777813e-05, 4.53446627944e-05, 8.73000390129e-05, 6.70796289342e-05, 9.92271088762e-05, 8.28342672321e-05, 6.65714032948e-05, 6.84937040205e-05, 0.000103331891296, 2.76424761978e-05, 2.03786057682e-05, 2.90546176984e-05, 2.26979118452e-05, 2.14934916585e-05, 1.43400111483e-05, 8.15913062979e-06, 5.90708668824e-06, 4.78600895804e-06, 4.96996199217e-06, 4.82142650071e-06, 4.29510873801e-06, 3.1201298043e-06, 1.65009873854e-06, 1.19275875932e-06, 7.46928890294e-07, 7.04766137005e-07],
        "dvar": [5.01739577885e-06, 3.55431916432e-06, 1.44644019429e-07, 1.17198446503e-07, 1.01396455676e-08, 2.73618461222e-08, 3.95098531669e-08, 5.21869871761e-08, 2.27687966259e-08, 3.24201536728e-08, 1.35786223154e-07, 1.62180686658e-08, 6.61678667413e-09, 2.37259056846e-09, 8.18630663257e-10, 1.06082276297e-09, 3.43284090043e-09, 1.36642730464e-09, 3.38989014637e-09, 1.7625712001e-09, 1.21084942073e-09, 1.28883870243e-09, 3.35077809943e-09, 2.21623469576e-10, 1.24191754103e-10, 2.72281808211e-10, 3.93768490037e-10, 1.86612766906e-10, 8.5523678417e-11, 2.8620049039e-11, 3.49674560141e-11, 4.46743024518e-11, 3.59761630209e-11, 4.73297304127e-11, 5.2377598786e-11, 3.29355501205e-11, 6.59857715343e-12, 2.95161074401e-12, 9.62944893095e-13, 1.10649857332e-12],
        "dvar2": [1.09880493255e-05, 9.56042003963e-06, 3.79748627211e-07, 2.90961310156e-07, 2.57578207652e-08, 9.34399082553e-08, 1.00954977711e-07, 1.19925019249e-07, 5.84493804467e-08, 7.39397876259e-08, 2.46356023581e-07, 3.62571626056e-08, 1.50546384248e-08, 5.08186737136e-09, 1.99605287854e-09, 2.70811884029e-09, 8.34134095129e-09, 3.6711838014e-09, 8.77003891731e-09, 5.00484986787e-09, 3.40529338061e-09, 3.51902595952e-09, 8.38845881646e-09, 5.89583659671e-10, 3.22976451139e-10, 7.56765372589e-10, 9.87101622663e-10, 5.04871644491e-10, 2.18051007805e-10, 7.21288723193e-11, 8.72604905e-11, 1.08346130678e-10, 7.59416279861e-11, 1.03117320238e-10, 1.1096704805e-10, 6.43828323987e-11, 1.31920568219e-11, 6.26656365688e-12, 2.00501486074e-12, 2.10292005164e-12],
        "max": [0.0202236883342, 0.0189328193665, 0.00324282515794, 0.00378082483076, 0.00114315527026, 0.00176310865209, 0.00372959952801, 0.00260929949582, 0.00216357782483, 0.00239482196048, 0.00431008404121, 0.00175851921085, 0.00131326494738, 0.000837570580188, 0.000475395470858, 0.000425830628956, 0.00131756742485, 0.000421459611971, 0.000672071473673, 0.000329250935465, 0.000302878848743, 0.000387667212635, 0.000558596919291, 0.000164340817719, 0.000146293677972, 0.000177332680323, 0.000481057242723, 0.000212937360629, 0.000179037291673, 7.67833480495e-05, 6.94013069733e-05, 0.000121652286907, 0.000106586485344, 0.000104916471173, 0.000132029410452, 0.000102398036688, 4.78751899209e-05, 3.61897182302e-05, 1.6341535229e-05, 1.83767606359e-05],
        "mean": [0.00139689689968, 0.00171583134215, 0.000523882394191, 0.000340502127074, 0.000209949153941, 0.000182477990165, 0.000297614664305, 0.000480022630654, 0.000281353364699, 0.000262172863586, 0.000800776353572, 0.000278121995507, 0.000104261016531, 8.23739028419e-05, 5.13928789587e-05, 4.73854925076e-05, 8.54513418744e-05, 9.02666142792e-05, 0.000142797129229, 9.80045006145e-05, 9.25220665522e-05, 9.19442463783e-05, 0.000116008086479, 4.10974716942e-05, 2.91443902825e-05, 4.08432460972e-05, 3.31169831043e-05, 3.20722356264e-05, 2.23996776185e-05, 1.31899105327e-05, 8.11355585029e-06, 6.31302145848e-06, 6.54816130918e-06, 6.50267293167e-06, 6.21856906946e-06, 4.58602289655e-06, 2.64109166892e-06, 1.66267295754e-06, 1.11755093712e-06, 9.90693479253e-07],
        "median": [0.000648922170512, 0.00133129477035, 0.000418018782511, 0.000194018648472, 0.000175598834176, 0.000102029502159, 0.000175953609869, 0.000358648976544, 0.000217022781726, 0.000177481080755, 0.000500831461977, 0.000218787507038, 6.24856620561e-05, 6.78463038639e-05, 3.63162507711e-05, 3.2708303479e-05, 6.35528194834e-05, 7.71871273173e-05, 0.000119077711133, 8.82883105078e-05, 8.32012810861e-05, 8.04773226264e-05, 9.76024675765e-05, 3.75739364245e-05, 2.5503384677e-05, 3.53500290657e-05, 2.55563409155e-05, 2.61206314462e-05, 1.87820896826e-05, 1.11172748802e-05, 5.90487434238e-06, 3.51467770088e-06, 3.44770955962e-06, 2.49322738455e-06, 2.13577368413e-06, 1.50255084463e-06, 1.00117597412e-06, 6.73131751228e-07, 4.52187464361e-07, 3.58706074621e-07],
        "min": [6.44883912173e-05, 0.00019377800345, 2.37291260419e-05, 1.55098605319e-05, 1.06084735307e-05, 4.27717804996e-06, 4.19048410549e-06, 1.6490703274e-05, 7.50519620851e-06, 1.09384045572e-05, 1.04492319224e-05, 6.78417518429e-06, 5.14986140843e-06, 3.4048894122e-06, 3.43409874404e-06, 2.92306458505e-06, 4.53009306511e-06, 9.83392692433e-06, 1.45656176755e-05, 1.09614165922e-05, 8.7689522843e-06, 1.14740541903e-05, 1.07794576252e-05, 7.20679554433e-06, 4.754001111e-06, 5.24009101355e-06, 4.0039481064e-06, 4.05860737374e-06, 3.92367337554e-06, 1.32090860916e-06, 9.2730886081e-07, 4.76544784078e-07, 3.86299944921e-07, 4.2214699647e-07, 1.96419094323e-07, 9.65214752568e-08, 5.54189654167e-08, 1.67056999345e-08, 3.57797667362e-12, 2.50234655219e-09],
