{
"highlevel": {
    "danceability": {
        "all": {
            "danceable": 0.999613583088,
            "not_danceable": 0.000386427564081
        },
        "probability": 0.999613583088,
        "value": "danceable"
    },
    "gender": {
        "all": {
            "female": 0.992327511311,
            "male": 0.00767249846831
        },
        "probability": 0.992327511311,
        "value": "female"
    },
    "genre_dortmund": {
        "all": {
            "alternative": 0.00116387987509,
            "blues": 0.0099084097892,
            "electronic": 0.0195897445083,
            "folkcountry": 0.00313041126356,
            "funksoulrnb": 0.00142452062573,
            "jazz": 0.0247685033828,
            "pop": 0.00595164159313,
            "raphiphop": 0.924548506737,
            "rock": 0.00951439235359
        },
        "probability": 0.924548506737,
        "value": "raphiphop"
    },
    "genre_electronic": {
        "all": {
            "ambient": 0.140210747719,
            "dnb": 0.435252815485,
            "house": 0.377361834049,
            "techno": 0.0279842298478,
            "trance": 0.0191903766245
        },
        "probability": 0.435252815485,
        "value": "dnb"
    },
    "genre_rosamerica": {
        "all": {
            "cla": 0.00176395941526,
            "dan": 0.03477300331,
            "hip": 0.867944955826,
            "jaz": 0.00582976499572,
            "pop": 0.0327349975705,
            "rhy": 0.0479686073959,
            "roc": 0.00368337100372,
            "spe": 0.00530136516318
        },
        "probability": 0.867944955826,
        "value": "hip"
    },
    "genre_tzanetakis": {
        "all": {
            "blu": 0.0626433193684,
            "cla": 0.0537013560534,
            "cou": 0.0939878076315,
            "dis": 0.0752028077841,
            "hip": 0.18802139163,
            "jaz": 0.188037931919,
            "met": 0.0752047523856,
            "pop": 0.125335499644,
            "reg": 0.0751987472177,
            "roc": 0.0626663789153
        },
        "probability": 0.188037931919,
        "value": "jaz"
    },
    "ismir04_rhythm": {
        "all": {
            "ChaChaCha": 0.330611914396,
            "Jive": 0.0670065581799,
            "Quickstep": 0.0472696833313,
            "Rumba-American": 0.0076074548997,
            "Rumba-International": 0.0154071375728,
            "Rumba-Misc": 0.00337725086138,
            "Samba": 0.517937898636,
            "Tango": 0.00463839201257,
            "VienneseWaltz": 0.0033300195355,
            "Waltz": 0.00281372037716
        },
        "probability": 0.517937898636,
        "value": "Samba"
    },
    "mood_acoustic": {
        "all": {
            "acoustic": 0.0665867477655,
            "not_acoustic": 0.933413267136
        },
        "probability": 0.933413267136,
        "value": "not_acoustic"
    },
    "mood_aggressive": {
        "all": {
            "aggressive": 0.421901941299,
            "not_aggressive": 0.578098058701
        },
        "probability": 0.578098058701,
        "value": "not_aggressive"
    },
    "mood_electronic": {
        "all": {
            "electronic": 0.730507194996,
            "not_electronic": 0.269492805004
        },
        "probability": 0.730507194996,
        "value": "electronic"
    },
    "mood_happy": {
        "all": {
            "happy": 0.263508319855,
            "not_happy": 0.736491680145
        },
        "probability": 0.736491680145,
        "value": "not_happy"
    },
    "mood_party": {
        "all": {
            "not_party": 0.11098986119,
            "party": 0.889010131359
        },
        "probability": 0.889010131359,
        "value": "party"
    },
    "mood_relaxed": {
        "all": {
            "not_relaxed": 0.920986711979,
            "relaxed": 0.0790132656693
        },
        "probability": 0.920986711979,
        "value": "not_relaxed"
    },
    "mood_sad": {
        "all": {
            "not_sad": 0.719329833984,
            "sad": 0.280670136213
        },
        "probability": 0.719329833984,
        "value": "not_sad"
    },
    "moods_mirex": {
        "all": {
            "Cluster1": 0.223487883806,
            "Cluster2": 0.397545784712,
            "Cluster3": 0.0961514860392,
            "Cluster4": 0.0978239551187,
            "Cluster5": 0.184990882874
        },
        "probability": 0.397545784712,
        "value": "Cluster2"
    },
    "timbre": {
        "all": {
            "bright": 0.878793656826,
            "dark": 0.121206328273
        },
        "probability": 0.878793656826,
        "value": "bright"
    },
    "tonal_atonal": {
        "all": {
            "atonal": 0.984705984592,
            "tonal": 0.0152940247208
        },
        "probability": 0.984705984592,
        "value": "atonal"
    },
    "voice_instrumental": {
        "all": {
            "instrumental": 0.104361824691,
            "voice": 0.895638167858
        },
        "probability": 0.895638167858,
        "value": "voice"
    }
},
"lowlevel": {
    "average_loudness": 0.970702707767,
    "barkbands_crest": {
        "dmean": 3.87781715393,
        "dmean2": 6.19733142853,
        "dvar": 11.4987916946,
        "dvar2": 27.3225784302,
        "max": 26.6079597473,
        "mean": 14.614815712,
        "median": 13.7927951813,
        "min": 2.26120686531,
        "var": 33.8489303589
    },
    "barkbands_flatness_db": {
        "dmean": 0.0503006763756,
        "dmean2": 0.0765777379274,
        "dvar": 0.00214954139665,
        "dvar2": 0.00492675649002,
        "max": 0.475014805794,
        "mean": 0.208526492119,
        "median": 0.202362626791,
        "min": 0.0443581007421,
        "var": 0.00633154343814
    },
    "barkbands_kurtosis": {
        "dmean": 24.2273235321,
        "dmean2": 38.6131362915,
        "dvar": 2498.04370117,
        "dvar2": 5672.74121094,
        "max": 461.090820312,
        "mean": 32.671710968,
        "median": 5.29353618622,
        "min": -1.95459926128,
        "var": 4930.50439453
    },
    "barkbands_skewness": {
        "dmean": 1.81847274303,
        "dmean2": 2.74414205551,
        "dvar": 4.47894382477,
        "dvar2": 9.6146812439,
        "max": 19.8060932159,
        "mean": 3.5289106369,
        "median": 2.29128575325,
        "min": -7.31399774551,
        "var": 15.0776748657
    },
    "barkbands_spread": {
        "dmean": 12.2904348373,
        "dmean2": 19.8406600952,
        "dvar": 214.158889771,
        "dvar2": 518.953918457,
        "max": 123.397079468,
        "mean": 23.7167339325,
        "median": 19.1225204468,
        "min": 0.382140219212,
        "var": 429.69744873
    },
    "dissonance": {
        "dmean": 0.0168074127287,
        "dmean2": 0.0269104316831,
        "dvar": 0.00035925701377,
        "dvar2": 0.000850704091135,
        "max": 0.499807238579,
        "mean": 0.467874407768,
        "median": 0.477341115475,
        "min": 0.234737381339,
        "var": 0.00103150622454
    },
    "dynamic_complexity": 3.62050175667,
    "erbbands_crest": {
        "dmean": 3.36885905266,
        "dmean2": 5.37203836441,
        "dvar": 10.7147426605,
        "dvar2": 24.8020553589,
        "max": 27.9206371307,
        "mean": 10.2093963623,
        "median": 9.31059074402,
        "min": 2.39371013641,
        "var": 22.9099063873
    },
    "erbbands_flatness_db": {
        "dmean": 0.0261866617948,
        "dmean2": 0.0390865877271,
        "dvar": 0.000705689191818,
        "dvar2": 0.00155352230649,
        "max": 0.382258981466,
        "mean": 0.148520812392,
        "median": 0.141878679395,
        "min": 0.0516528226435,
        "var": 0.00189692364074
    },
    "erbbands_kurtosis": {
        "dmean": 2.29220938683,
        "dmean2": 3.67059350014,
        "dvar": 31.1657276154,
        "dvar2": 73.8959960938,
        "max": 104.957389832,
        "mean": 1.2099404335,
        "median": -0.113520622253,
        "min": -1.92031288147,
        "var": 31.1510505676
    },
    "erbbands_skewness": {
        "dmean": 0.67303943634,
        "dmean2": 1.00613832474,
        "dvar": 0.552481770515,
        "dvar2": 1.22873842716,
        "max": 5.1434969902,
        "mean": 0.00191272038501,
        "median": 0.00324316718616,
        "min": -7.74924755096,
        "var": 1.47346997261
    },
    "erbbands_spread": {
        "dmean": 18.0763950348,
        "dmean2": 27.6957206726,
        "dvar": 336.118225098,
        "dvar2": 764.893615723,
        "max": 196.25958252,
        "mean": 55.5139274597,
        "median": 51.2245941162,
        "min": 1.4634578228,
        "var": 939.65411377
    },
    "hfc": {
        "dmean": 13.893781662,
        "dmean2": 21.5276947021,
        "dvar": 500.687255859,
        "dvar2": 1173.1361084,
        "max": 223.255447388,
        "mean": 21.7308635712,
        "median": 11.586517334,
        "min": 0.0527548082173,
        "var": 792.408813477
    },
    "melbands_crest": {
        "dmean": 4.27632045746,
        "dmean2": 7.37382221222,
        "dvar": 15.3480615616,
        "dvar2": 43.9797973633,
        "max": 32.1023330688,
        "mean": 19.9199905396,
        "median": 20.3833236694,
        "min": 4.25936126709,
        "var": 28.9759159088
    },
    "melbands_flatness_db": {
        "dmean": 0.0611875914037,
        "dmean2": 0.091458030045,
        "dvar": 0.00313672749326,
        "dvar2": 0.00718380277976,
        "max": 0.587006747723,
        "mean": 0.265852689743,
        "median": 0.262035310268,
        "min": 0.0368244610727,
        "var": 0.0106251211837
    },
    "melbands_kurtosis": {
        "dmean": 52.5582084656,
        "dmean2": 80.6054992676,
        "dvar": 6856.91650391,
        "dvar2": 14874.8798828,
        "max": 797.234008789,
        "mean": 84.7501754761,
        "median": 24.0704650879,
        "min": -1.86456668377,
        "var": 17796.09375
    },
    "melbands_skewness": {
        "dmean": 2.39032268524,
        "dmean2": 3.64837217331,
        "dvar": 5.94513607025,
        "dvar2": 13.0312700272,
        "max": 21.0971126556,
        "mean": 5.84609651566,
        "median": 4.40648269653,
        "min": -2.85361099243,
        "var": 20.5924682617
    },
    "melbands_spread": {
        "dmean": 14.2581634521,
        "dmean2": 23.6544094086,
        "dvar": 506.991577148,
        "dvar2": 1239.75817871,
        "max": 253.543380737,
        "mean": 21.553565979,
        "median": 12.5108728409,
        "min": 0.305777162313,
        "var": 862.588256836
    },
    "pitch_salience": {
        "dmean": 0.123164340854,
        "dmean2": 0.200336366892,
        "dvar": 0.0129212625325,
        "dvar2": 0.0310737024993,
        "max": 0.803930938244,
        "mean": 0.368371665478,
        "median": 0.35468351841,
        "min": 0.0396162047982,
        "var": 0.0312048289925
    },
    "silence_rate_20dB": {
        "dmean": 0,
        "dmean2": 0,
        "dvar": 0,
        "dvar2": 0,
        "max": 1,
        "mean": 1,
        "median": 1,
        "min": 1,
        "var": 0
    },
    "silence_rate_30dB": {
        "dmean": 0.0588235296309,
        "dmean2": 0.117738187313,
        "dvar": 0.0553636401892,
        "dvar2": 0.113170266151,
        "max": 1,
        "mean": 0.921113669872,
        "median": 1,
        "min": 0,
        "var": 0.0726636722684
    },
    "silence_rate_60dB": {
        "dmean": 0.0541795678437,
        "dmean2": 0.108443066478,
        "dvar": 0.0512449406087,
        "dvar2": 0.10287951678,
        "max": 1,
        "mean": 0.101314768195,
        "median": 0,
        "min": 0,
        "var": 0.0910492986441
    },
    "spectral_centroid": {
        "dmean": 508.64932251,
        "dmean2": 762.012817383,
        "dvar": 288791.125,
        "dvar2": 569285.9375,
        "max": 7219.5234375,
        "mean": 1597.2376709,
        "median": 1505.93579102,
        "min": 126.276664734,
        "var": 935751.0625
    },
    "spectral_complexity": {
        "dmean": 6.99303388596,
        "dmean2": 10.2246322632,
        "dvar": 72.7129058838,
        "dvar2": 146.282470703,
        "max": 55,
        "mean": 12.2119102478,
        "median": 9,
        "min": 0,
        "var": 135.003540039
    },
    "spectral_decrease": {
        "dmean": 5.81071502026e-09,
        "dmean2": 9.40437860919e-09,
        "dvar": 7.75368004216e-17,
        "dvar2": 1.71250619882e-16,
        "max": -7.31312666674e-12,
        "mean": -1.04437978266e-08,
        "median": -6.96269353284e-09,
        "min": -8.33594597793e-08,
        "var": 1.45306583042e-16
    },
    "spectral_energy": {
        "dmean": 0.022750928998,
        "dmean2": 0.0366718769073,
        "dvar": 0.00112969055772,
        "dvar2": 0.00249333400279,
        "max": 0.316936939955,
        "mean": 0.0413883663714,
        "median": 0.028303200379,
        "min": 4.67918725917e-05,
        "var": 0.00214739749208
    },
    "spectral_energyband_high": {
        "dmean": 0.000939030840527,
        "dmean2": 0.00145712809172,
        "dvar": 3.51399694409e-06,
        "dvar2": 7.51373318053e-06,
        "max": 0.0222906246781,
        "mean": 0.00122588244267,
        "median": 0.000343126012012,
        "min": 7.943382343e-07,
        "var": 5.84587451158e-06
    },
    "spectral_energyband_low": {
        "dmean": 0.0192581750453,
        "dmean2": 0.0316665060818,
        "dvar": 0.00103997450788,
        "dvar2": 0.00239938148297,
        "max": 0.312548875809,
        "mean": 0.0310047585517,
        "median": 0.0171561874449,
        "min": 2.94794695321e-08,
        "var": 0.00177244248334
    },
    "spectral_energyband_middle_high": {
        "dmean": 0.00316511630081,
        "dmean2": 0.00508937332779,
        "dvar": 3.74507944798e-05,
        "dvar2": 9.90985645331e-05,
        "max": 0.052143085748,
        "mean": 0.0041516115889,
        "median": 0.00144734187052,
        "min": 2.57271653936e-06,
        "var": 4.26221231464e-05
    },
    "spectral_energyband_middle_low": {
        "dmean": 0.00531377503648,
        "dmean2": 0.00852907914668,
        "dvar": 0.000126293845824,
        "dvar2": 0.00031305331504,
        "max": 0.0841324850917,
        "mean": 0.006065397989,
        "median": 0.00216576270759,
        "min": 2.8150604976e-06,
        "var": 0.000118563126307
    },
    "spectral_entropy": {
        "dmean": 0.27590444684,
        "dmean2": 0.401367902756,
        "dvar": 0.0950902327895,
        "dvar2": 0.21230854094,
        "max": 8.92658901215,
        "mean": 7.56702232361,
        "median": 7.62468194962,
        "min": 5.47250175476,
        "var": 0.256645679474
    },
    "spectral_flux": {
        "dmean": 0.0431362353265,
        "dmean2": 0.0660348385572,
        "dvar": 0.00265438924544,
        "dvar2": 0.00556128146127,
        "max": 0.445250332355,
        "mean": 0.10711722821,
        "median": 0.0900113582611,
        "min": 0.00473133148625,
        "var": 0.00635162508115
    },
    "spectral_kurtosis": {
        "dmean": 1.31588435173,
        "dmean2": 2.14631748199,
        "dvar": 2.08290338516,
        "dvar2": 5.64289617538,
        "max": 16.0092773438,
        "mean": 3.10808825493,
        "median": 2.76848936081,
        "min": -1.24563753605,
        "var": 4.02754640579
    },
    "spectral_rms": {
        "dmean": 0.00161811313592,
        "dmean2": 0.00253441487439,
        "dvar": 3.09682241095e-06,
        "dvar2": 6.76757690599e-06,
        "max": 0.0175842773169,
        "mean": 0.00551181705669,
        "median": 0.00525479577482,
        "min": 0.000213660023292,
        "var": 9.99873373075e-06
    },
    "spectral_rolloff": {
        "dmean": 914.630004883,
        "dmean2": 1593.90783691,
        "dvar": 2545723,
        "dvar2": 5551737.5,
        "max": 13285.9863281,
        "mean": 1437.12854004,
        "median": 495.263671875,
        "min": 86.1328125,
        "var": 5054802.5
    },
    "spectral_skewness": {
        "dmean": 0.245580479503,
        "dmean2": 0.383785456419,
        "dvar": 0.0554336085916,
        "dvar2": 0.126655966043,
        "max": 3.31345534325,
        "mean": 1.28088355064,
        "median": 1.27234041691,
        "min": -0.296210259199,
        "var": 0.143675476313
    },
    "spectral_spread": {
        "dmean": 918280.6875,
        "dmean2": 1353977.5,
        "dvar": 1.23576136499e+12,
        "dvar2": 2.50509341491e+12,
        "max": 18625354,
        "mean": 5308566,
        "median": 4900157.5,
        "min": 1508821,
        "var": 3.88603445248e+12
    },
    "spectral_strongpeak": {
        "dmean": 0.453181654215,
        "dmean2": 0.795747518539,
        "dvar": 1.24988770485,
        "dvar2": 3.30480098724,
        "max": 12.7320165634,
        "mean": 0.692514300346,
        "median": 0.492172092199,
        "min": 0,
        "var": 1.05756354332
    },
    "zerocrossingrate": {
        "dmean": 0.0180044267327,
        "dmean2": 0.0205350443721,
        "dvar": 0.000575297395699,
        "dvar2": 0.000566138187423,
        "max": 0.47509765625,
        "mean": 0.0575390160084,
        "median": 0.0439453125,
        "min": 0.0029296875,
        "var": 0.00352989416569
    },
    "barkbands": {
        "dmean": [0.000127470950247, 0.0149257304147, 0.00762401660904, 0.00180166540667, 0.000783413648605, 0.00188647944015, 0.000641442486085, 0.000612603966147, 0.000461024494143, 0.000787666533142, 0.000170311133843, 0.000335953227477, 0.00029117547092, 0.000303333421471, 0.000326960842358, 0.000531146884896, 0.000356966396794, 0.000341957871569, 0.00032464513788, 0.000335483899107, 0.000223759459914, 0.000105660030385, 0.000118065523566, 0.000167598176631, 0.000194476117031, 9.75027287495e-05, 3.18619464146e-09],
        "dmean2": [0.000212840590393, 0.0240529291332, 0.0137992044911, 0.00309451273642, 0.00132414489053, 0.00319429324009, 0.00108513678424, 0.000951726338826, 0.000744900724385, 0.00128638499882, 0.000268184900051, 0.000488570891321, 0.00046529431711, 0.000508445606101, 0.000565385853406, 0.000939830497373, 0.000606918882113, 0.000581579806749, 0.000524190254509, 0.000520336267073, 0.000359237048542, 0.000168310914887, 0.00019029561372, 0.000267572992016, 0.000299086997984, 0.000156774898642, 4.36246017088e-09],
        "dvar": [3.98035631122e-08, 0.000799632747658, 0.000260968692601, 4.5230925025e-05, 5.26799203726e-06, 2.26504980674e-05, 5.76552110942e-06, 2.20728452405e-06, 2.20129822992e-06, 2.3141346901e-06, 3.82471938565e-07, 1.53372809564e-06, 5.96644156303e-07, 7.15654323358e-07, 9.95941604742e-07, 2.46667013926e-06, 9.27468988721e-07, 5.40760311196e-07, 3.80608668138e-07, 4.61758077108e-07, 2.09790584904e-07, 7.28342754996e-08, 8.21857497613e-08, 1.53672473857e-07, 4.36775366097e-07, 1.46034281556e-07, 2.69504475059e-15],
        "dvar2": [9.66018021131e-08, 0.00204741908237, 0.000711578119081, 0.000120679505926, 1.40419579111e-05, 6.10291026533e-05, 1.53785094881e-05, 5.09582969244e-06, 5.56381792194e-06, 5.77459513806e-06, 7.41547864891e-07, 2.83977419713e-06, 1.43273007325e-06, 1.87553393971e-06, 2.72535203294e-06, 6.8967237894e-06, 2.58237332673e-06, 1.457104986e-06, 1.02747708297e-06, 1.06943582523e-06, 4.59643842987e-07, 1.74756124238e-07, 1.97198701812e-07, 3.59823559393e-07, 9.20021648199e-07, 3.11876220849e-07, 2.70641722669e-15],
        "max": [0.00183786335401, 0.289021492004, 0.161941587925, 0.0563457608223, 0.0241277851164, 0.0587352886796, 0.045505117625, 0.0249183047563, 0.0209173485637, 0.020452875644, 0.0100228637457, 0.0407255366445, 0.0133133409545, 0.0158012975007, 0.00877959094942, 0.0136861465871, 0.0101100206375, 0.00712080812082, 0.0101864095777, 0.0117909023538, 0.00618783663958, 0.004449528642, 0.00387970544398, 0.00555177778006, 0.0120401270688, 0.00617501279339, 1.79431583547e-06],
        "mean": [0.000181904004421, 0.0201008226722, 0.00975490547717, 0.00140255398583, 0.000763143063523, 0.00182648282498, 0.000638572964817, 0.000762213079724, 0.000491336628329, 0.00103234790731, 0.000171621402842, 0.000478019530419, 0.000333113683155, 0.000291619013296, 0.00028898275923, 0.000409687432693, 0.000303947221255, 0.000322545500239, 0.000391188892536, 0.000406149047194, 0.000243832109845, 0.00011345501116, 0.000134523783345, 0.000190565973753, 0.000241220186581, 0.000113626527309, 2.97685187611e-09],
        "median": [5.05506832269e-05, 0.00904570426792, 0.00203981460072, 0.000114431379188, 0.000166664962308, 0.000169045189978, 4.19942152803e-05, 5.96343888901e-05, 4.35109177488e-05, 0.000118301155453, 1.24483167383e-05, 5.04263152834e-05, 3.15028410114e-05, 3.78259937861e-05, 2.90079115075e-05, 4.6901859605e-05, 5.57774255867e-05, 6.84913393343e-05, 9.22627878026e-05, 0.000106703315396, 5.6882177887e-05, 2.29294309975e-05, 2.87872226181e-05, 3.35674885719e-05, 2.08272849704e-05, 5.37288406122e-06, 3.6336564313e-10],
        "min": [7.2677469598e-10, 7.89371323862e-09, 4.20304147042e-09, 2.16872670933e-08, 1.04334688444e-07, 3.14802150569e-07, 9.42350553146e-08, 8.98286174333e-08, 5.18012299722e-08, 1.06542380252e-07, 6.01079008788e-08, 5.6901797052e-08, 7.36371319476e-08, 1.20861230357e-07, 9.91385604721e-08, 1.69107337911e-07, 3.5819761024e-07, 1.96209327896e-07, 2.38278403231e-07, 2.80333125602e-07, 1.12417993137e-07, 7.72831114659e-08, 2.38235777772e-08, 3.36200081108e-08, 2.07317260581e-10, 3.32893365651e-11, 3.63892700694e-11],
        "var": [8.7091088119e-08, 0.000958896824159, 0.000285864371108, 3.11657022394e-05, 4.10561960962e-06, 1.95008178707e-05, 5.16305135534e-06, 3.4845124901e-06, 2.44528405347e-06, 4.12096142099e-06, 5.01506008277e-07, 2.97966334983e-06, 9.734313835e-07, 6.74482009799e-07, 7.36114600386e-07, 1.61563218626e-06, 6.54542304801e-07, 4.39398661456e-07, 6.06791218161e-07, 6.70468295993e-07, 2.7913034728e-07, 8.14786957903e-08, 8.80054500385e-08, 1.80713541909e-07, 7.73805879817e-07, 2.65539625843e-07, 2.69450794346e-15]
    },
    "erbbands": {
        "dmean": [0.258869856596, 3.93294525146, 9.50795078278, 6.69982624054, 3.3382692337, 2.45164108276, 6.37093496323, 19.9734306335, 10.1083230972, 9.63714408875, 15.7704839706, 9.46669197083, 15.8337345123, 22.4425144196, 6.08830881119, 14.5021162033, 11.1688985825, 15.7162265778, 13.193406105, 23.783246994, 27.0672283173, 19.5053768158, 18.286989212, 18.7741909027, 13.9962377548, 15.0391864777, 11.146484375, 7.09849691391, 3.90495562553, 2.90127229691, 3.74580621719, 3.88102555275, 2.5699532032, 2.10312628746, 1.51197195053, 0.673079013824, 0.150844097137, 0.0109760249034, 0.000221152149606, 3.55921765731e-05],
        "dmean2": [0.418061733246, 6.34476232529, 16.7568855286, 11.6779518127, 5.71030235291, 4.21341514587, 10.3297157288, 34.2888374329, 16.4145793915, 16.5623683929, 24.6664085388, 15.4125299454, 24.4271373749, 34.5875396729, 9.10016727448, 21.0718193054, 17.3994312286, 25.9769020081, 21.5695476532, 42.5769309998, 47.4844741821, 32.7362213135, 31.4050216675, 30.8605670929, 22.2286148071, 23.5242538452, 17.7608146667, 11.5015668869, 6.28657627106, 4.5856423378, 6.07899188995, 6.31714296341, 4.11654901505, 3.33766055107, 2.32784891129, 1.04011726379, 0.239508002996, 0.0181767661124, 0.000356045289664, 5.53923709958e-05],
        "dvar": [0.290746092796, 52.5485153198, 294.628601074, 464.928894043, 142.586242676, 63.4588813782, 215.163116455, 2840.34716797, 894.370361328, 1467.34680176, 1399.86779785, 870.033874512, 1014.45184326, 2903.40429688, 259.313415527, 3171.24560547, 800.010009766, 2160.87939453, 986.898010254, 6508.76074219, 6287.9140625, 2552.22705078, 1507.47583008, 1162.96008301, 637.452758789, 994.539550781, 512.368347168, 230.230209351, 90.2809066772, 53.0464286804, 91.1785736084, 81.8210296631, 38.1419258118, 49.8483467102, 30.1143264771, 8.0355348587, 0.255170822144, 0.000871669093613, 3.67051057992e-07, 2.83706902415e-09],
        "dvar2": [0.748272657394, 134.828994751, 777.038269043, 1218.07336426, 379.78805542, 174.316101074, 558.21697998, 7747.54931641, 2291.26171875, 4032.69433594, 3264.86376953, 2231.75732422, 2148.6015625, 7129.73681641, 499.490600586, 6039.75830078, 1870.40490723, 5758.26171875, 2395.1640625, 18434.7050781, 17644.3222656, 6991.65771484, 4109.27734375, 2985.57348633, 1622.5267334, 2237.43432617, 1115.65649414, 544.500793457, 214.898773193, 127.607292175, 222.522705078, 198.224761963, 87.8755111694, 120.822097778, 64.7053909302, 16.9269599915, 0.554173707962, 0.00188383215573, 7.72168107233e-07, 6.0685243497e-09],
        "max": [5.0910320282, 74.0203933716, 172.639816284, 171.97203064, 123.606040955, 77.6796340942, 149.650665283, 672.61505127, 424.655456543, 720.753540039, 416.470855713, 414.826721191, 513.918151855, 901.380004883, 385.807678223, 1853.24182129, 455.21887207, 854.052429199, 395.21673584, 728.600158691, 662.673522949, 555.984863281, 393.109802246, 416.906005859, 363.533050537, 592.500427246, 282.050994873, 198.275405884, 123.962440491, 125.960754395, 131.203720093, 112.370605469, 88.2554016113, 129.109176636, 89.1111984253, 45.4758796692, 8.98644447327, 0.599478662014, 0.0104620754719, 0.000695165072102],
        "mean": [0.382832378149, 5.2232542038, 12.6243696213, 7.06686401367, 2.81273460388, 2.34307074547, 6.87993049622, 17.8548126221, 11.9402208328, 9.49930000305, 18.9228172302, 10.0055427551, 22.9059677124, 27.3198661804, 8.50312614441, 19.6281909943, 13.6729259491, 16.6301326752, 13.7086200714, 18.6729125977, 21.6772174835, 17.2330608368, 17.0296649933, 21.8551101685, 17.1533317566, 18.2697372437, 12.7826366425, 7.55900859833, 4.18722867966, 3.28857541084, 4.17571115494, 4.20344161987, 3.010181427, 2.3289334774, 1.82950150967, 0.804776906967, 0.16106428206, 0.0103049743921, 0.000245945411734, 6.32431037957e-05],
        "median": [0.123836651444, 2.44827532768, 4.48405599594, 1.37293839455, 0.465503305197, 0.493260234594, 1.09057199955, 1.48581469059, 1.08259809017, 1.02921426296, 1.84918260574, 1.69920039177, 3.12468719482, 2.40810036659, 1.52489376068, 1.77878844738, 1.79396700859, 2.05738782883, 1.8997386694, 2.16955327988, 2.87904334068, 3.40843677521, 3.81937551498, 5.7023563385, 5.53481817245, 4.89499235153, 3.56120443344, 1.8443145752, 0.890653789043, 0.788458824158, 0.912727832794, 0.779078066349, 0.488849580288, 0.263195157051, 0.118294797838, 0.0327373966575, 0.00726473983377, 0.000446676946012, 3.70250127162e-05, 3.96630966861e-05],
        "min": [6.82008078456e-07, 5.64148103877e-06, 6.49946669e-05, 0.000219634413952, 7.20793395885e-05, 0.00023507939477, 0.000840292021167, 0.00269789621234, 0.00175762618892, 0.00242020329461, 0.00579090509564, 0.004576143343, 0.00300324009731, 0.00363538204692, 0.00258891377598, 0.00190268445294, 0.00298723299056, 0.00650227349252, 0.00572768040001, 0.00474729668349, 0.0121119320393, 0.0179209709167, 0.0131572950631, 0.0106528066099, 0.00977908726782, 0.0128306113183, 0.00398889137432, 0.00441767228767, 0.00340844504535, 0.00123791757505, 0.000760328432079, 0.00111761363223, 0.000464605138404, 5.14528655913e-05, 7.68039171817e-06, 1.88584851912e-06, 3.05425942315e-07, 8.21619394742e-08, 8.22635968234e-08, 1.05251274363e-07],
        "var": [0.364446818829, 62.9547615051, 384.626220703, 354.401916504, 100.591690063, 45.9427528381, 219.625900269, 2256.62890625, 1029.97668457, 1225.30102539, 1929.67114258, 788.399658203, 2767.14306641, 4051.09790039, 495.972869873, 5529.48632812, 1298.54370117, 2152.90722656, 1060.03979492, 4059.21264648, 4140.64501953, 1893.13549805, 1186.31066895, 1545.8338623, 811.823669434, 1476.72241211, 682.789428711, 286.406036377, 104.579078674, 60.8669166565, 91.5497055054, 87.3883361816, 48.7071876526, 61.8371391296, 55.5086479187, 14.9407644272, 0.445250660181, 0.00151911296416, 7.03361138221e-07, 6.35047747721e-09]
    },
    "gfcc": {
        "mean": [-35.5898895264, 73.4690475464, -99.5262832642, 59.5398788452, -45.5576133728, 28.1612129211, -27.0167579651, 28.001209259, -20.2201499939, 7.67643070221, -7.81799888611, -3.07567214966, -5.47943115234],
        "cov": [[7949.50390625, -446.146575928, -368.27230835, -591.428344727, -639.820983887, -51.4979095459, -71.6524734497, 65.1059265137, -135.732437134, 206.473587036, -150.783447266, 268.430206299, -180.727401733], [-446.146575928, 1725.91540527, -242.459503174, -16.0535793304, 240.798568726, -38.109336853, 274.368835449, -257.273101807, 158.066116333, -205.373840332, 173.844360352, -206.058288574, 131.210586548], [-368.27230835, -242.459503174, 1041.41625977, 309.598815918, 174.96925354, 18.7186813354, -31.0194683075, 17.3902664185, -71.1064071655, 24.5074806213, -43.18592453, 45.2487258911, -77.6213684082], [-591.428344727, -16.0535793304, 309.598815918, 595.838500977, 227.045379639, -8.53592967987, 67.6995162964, 42.8086547852, 46.2207794189, -79.1490097046, 43.669178009, -63.6606636047, 17.2026691437], [-639.820983887, 240.798568726, 174.96925354, 227.045379639, 429.977661133, 80.995552063, 133.733612061, 18.9252548218, 43.0499992371, -37.1242256165, -7.71632528305, -35.3482589722, -9.13976573944], [-51.4979095459, -38.109336853, 18.7186813354, -8.53592967987, 80.995552063, 324.147918701, 164.759552002, 10.5979280472, 35.8233757019, 22.2748470306, -3.20206689835, -30.7852592468, 15.1955862045], [-71.6524734497, 274.368835449, -31.0194683075, 67.6995162964, 133.733612061, 164.759552002, 351.802459717, 18.8585205078, 54.9267539978, -4.64310026169, 73.4114379883, -37.9986495972, 2.14506554604], [65.1059265137, -257.273101807, 17.3902664185, 42.8086547852, 18.9252548218, 10.5979280472, 18.8585205078, 202.723617554, 32.6268501282, 45.1545562744, -6.15719127655, 45.7395706177, -20.7936859131], [-135.732437134, 158.066116333, -71.1064071655, 46.2207794189, 43.0499992371, 35.8233757019, 54.9267539978, 32.6268501282, 178.852294922, 21.6753692627, 41.5326118469, -2.35298800468, 59.766834259], [206.473587036, -205.373840332, 24.5074806213, -79.1490097046, -37.1242256165, 22.2748470306, -4.64310026169, 45.1545562744, 21.6753692627, 154.662750244, -1.40816307068, 67.3447494507, 1.40911269188], [-150.783447266, 173.844360352, -43.18592453, 43.669178009, -7.71632528305, -3.20206689835, 73.4114379883, -6.15719127655, 41.5326118469, -1.40816307068, 146.431015015, -0.308114916086, 41.297668457], [268.430206299, -206.058288574, 45.2487258911, -63.6606636047, -35.3482589722, -30.7852592468, -37.9986495972, 45.7395706177, -2.35298800468, 67.3447494507, -0.308114916086, 142.446105957, 0.542130291462], [-180.727401733, 131.210586548, -77.6213684082, 17.2026691437, -9.13976573944, 15.1955862045, 2.14506554604, -20.7936859131, 59.766834259, 1.40911269188, 41.297668457, 0.542130291462, 134.924118042]],
        "icov": [[0.000176360248588, -0.000149583735038, 7.18105729902e-05, -0.000110029730422, 0.000357776269084, -0.000120542368677, -3.27572888636e-05, -8.82152962731e-05, 0.000127906838316, -0.000198858135263, 0.000314824661473, -0.000442768941866, 0.00031261073309], [-0.000149583735038, 0.00230770115741, -0.000270696007647, 0.00159294961486, -0.00169952621218, 0.0017752276035, -0.00152465514839, 0.00197595078498, -0.00184386619367, 0.00207908917218, -0.00168427545577, 0.00232737720944, -0.00148844625801], [7.18105729902e-05, -0.000270696007647, 0.00150141457561, -0.00113890005741, -2.27409509534e-05, -0.000567426905036, 0.000492510444019, 0.000167776932358, 0.000783426628914, -0.000846950802952, 0.000412613939261, -0.00115310272668, 0.00098894641269], [-0.000110029730422, 0.00159294961486, -0.00113890005741, 0.00419648271054, -0.00224521476775, 0.00182388641406, -0.00112392299343, 0.00027256787871, -0.00175648648292, 0.00264769606292, -0.00205301423557, 0.00292027182877, -0.00181730184704], [0.000357776269084, -0.00169952621218, -2.27409509534e-05, -0.00224521476775, 0.00517234066501, -0.00157862924971, -0.000273071462288, -0.00125165935606, 0.000655803713016, -0.00112860347144, 0.00270493747666, -0.00231346883811, 0.00164742406923], [-0.000120542368677, 0.0017752276035, -0.000567426905036, 0.00182388641406, -0.00157862924971, 0.00600130716339, -0.00349722476676, 0.00130693311803, -0.0016472794814, 0.000775591877755, 3.55006814061e-05, 0.00295803043991, -0.00227378215641], [-3.27572888636e-05, -0.00152465514839, 0.000492510444019, -0.00112392299343, -0.000273071462288, -0.00349722476676, 0.00625875685364, -0.00159349967726, 0.000823482580017, -0.00134261720814, -0.0018865094753, -0.000808677636087, 0.0021256597247], [-8.82152962731e-05, 0.00197595078498, 0.000167776932358, 0.00027256787871, -0.00125165935606, 0.00130693311803, -0.00159349967726, 0.00802272930741, -0.0028139394708, 0.000444401346613, -0.000712197448593, -0.000196301567485, 0.000512428348884], [0.000127906838316, -0.00184386619367, 0.000783426628914, -0.00175648648292, 0.000655803713016, -0.0016472794814, 0.000823482580017, -0.0028139394708, 0.00939483102411, -0.00309455045499, 0.000356258329703, -0.00138633488677, -0.00181046337821], [-0.000198858135263, 0.00207908917218, -0.000846950802952, 0.00264769606292, -0.00112860347144, 0.000775591877755, -0.00134261720814, 0.000444401346613, -0.00309455045499, 0.0113873677328, -0.00167906656861, -0.00121169653721, -0.00141637190245], [0.000314824661473, -0.00168427545577, 0.000412613939261, -0.00205301423557, 0.00270493747666, 3.55006814061e-05, -0.0018865094753, -0.000712197448593, 0.000356258329703, -0.00167906656861, 0.011064613238, -0.00284701935016, -0.000857281906065], [-0.000442768941866, 0.00232737720944, -0.00115310272668, 0.00292027182877, -0.00231346883811, 0.00295803043991, -0.000808677636087, -0.000196301567485, -0.00138633488677, -0.00121169653721, -0.00284701935016, 0.0133602218702, -0.00295486906543], [0.00031261073309, -0.00148844625801, 0.00098894641269, -0.00181730184704, 0.00164742406923, -0.00227378215641, 0.0021256597247, 0.000512428348884, -0.00181046337821, -0.00141637190245, -0.000857281906065, -0.00295486906543, 0.011582320556]]
    },
    "melbands": {
        "dmean": [0.00331898732111, 0.00488290889189, 0.00108703516889, 0.000181677925866, 0.000197226923774, 0.000410865293816, 0.000152301377966, 0.000105000020994, 0.000131261505885, 5.5526070355e-05, 8.42013250804e-05, 9.99936964945e-05, 1.97446097445e-05, 3.68958935724e-05, 3.07315167447e-05, 2.87703860522e-05, 3.09711977025e-05, 2.09343179449e-05, 2.81842785625e-05, 3.83746519219e-05, 2.91617106996e-05, 1.89902020793e-05, 2.12077429751e-05, 1.54491171998e-05, 1.60448635143e-05, 1.16734436233e-05, 1.19220248962e-05, 9.84382586466e-06, 7.43212649468e-06, 6.11494488112e-06, 3.50402046934e-06, 2.11460655919e-06, 2.12600457417e-06, 1.45177500599e-06, 2.11261317418e-06, 2.49288700616e-06, 2.4114358439e-06, 1.8427873556e-06, 1.81558993972e-06, 1.79012545232e-06],
        "dmean2": [0.00535265589133, 0.00814852397889, 0.00189325108659, 0.000312813790515, 0.000321762752719, 0.000701029202901, 0.000248556374572, 0.000178254776984, 0.000207107208553, 8.87850110303e-05, 0.000131288761622, 0.000155354282469, 2.97716778732e-05, 5.3018960898e-05, 4.83769072162e-05, 4.64394288429e-05, 5.18528941029e-05, 3.43364517903e-05, 4.9206566473e-05, 6.84672704665e-05, 5.09186829731e-05, 3.19681239489e-05, 3.71309251932e-05, 2.62579142145e-05, 2.64829322987e-05, 1.90852424566e-05, 1.87114037544e-05, 1.51754074977e-05, 1.17519111882e-05, 9.96586095425e-06, 5.72923272557e-06, 3.44240334016e-06, 3.43612214238e-06, 2.30836485571e-06, 3.43706187778e-06, 4.07310017181e-06, 3.88900070902e-06, 2.97616452372e-06, 2.87106786345e-06, 2.9221200748e-06],
        "dvar": [4.33847380918e-05, 6.39884383418e-05, 1.1405353689e-05, 3.57543626706e-07, 2.05901201866e-07, 1.15471345907e-06, 2.15657465219e-07, 1.44933579804e-07, 1.1521261456e-07, 2.75391496274e-08, 2.79005796244e-08, 5.29409618366e-08, 3.06349834389e-09, 2.71813309638e-08, 9.27033561027e-09, 5.76708192312e-09, 9.70742153328e-09, 2.55142440508e-09, 8.59545590259e-09, 1.41638683004e-08, 7.22024884325e-09, 2.71805933316e-09, 2.23336393823e-09, 1.01668318209e-09, 8.91058893338e-10, 5.43455336288e-10, 6.26055707276e-10, 4.63774546544e-10, 2.48588732932e-10, 1.55329235585e-10, 6.43429753922e-11, 2.55107688446e-11, 3.84740676818e-11, 1.18172719873e-11, 3.06783660975e-11, 3.3859123838e-11, 3.35941933993e-11, 1.7754020476e-11, 2.68886475585e-11, 4.03173675001e-11],
        "dvar2": [0.000111706845928, 0.000156791546033, 2.96032394544e-05, 9.37485822305e-07, 5.41994040759e-07, 3.13613418257e-06, 5.58057820399e-07, 3.8878590658e-07, 2.79230192746e-07, 6.88506389679e-08, 6.0265023194e-08, 1.31706627826e-07, 6.27749674464e-09, 5.3283805812e-08, 1.87510096339e-08, 1.45557494946e-08, 2.61262194101e-08, 6.12252959442e-09, 2.41612259089e-08, 3.96520540846e-08, 2.03266736776e-08, 7.45159045579e-09, 6.18049700307e-09, 2.73024047814e-09, 2.29335572755e-09, 1.50242673858e-09, 1.54605483971e-09, 1.03456143652e-09, 5.4980298092e-10, 3.54310275563e-10, 1.57507826226e-10, 6.14443079749e-11, 9.28244633935e-11, 2.84938669881e-11, 7.66970653654e-11, 7.89788026645e-11, 8.30216034808e-11, 4.01918949511e-11, 6.44983372267e-11, 9.85470732795e-11],
        "max": [0.0677489191294, 0.0672559663653, 0.0254169739783, 0.00534861208871, 0.00474016228691, 0.0134269325063, 0.0071566994302, 0.00792494602501, 0.00422040792182, 0.00225606234744, 0.00263124681078, 0.00386541197076, 0.000846958486363, 0.00556222628802, 0.00182227906771, 0.00107238988858, 0.00193116243463, 0.000802173279226, 0.000856762286276, 0.00106621196028, 0.000717704941053, 0.00065398629522, 0.000351456954377, 0.000302809581626, 0.00039406871656, 0.000400269898819, 0.000340799451806, 0.000446307094535, 0.000234769584495, 0.000176979723619, 0.000109500004328, 6.66356791044e-05, 8.58958010213e-05, 6.21606814093e-05, 7.28327504476e-05, 7.28277445887e-05, 8.13777733129e-05, 5.80234991503e-05, 9.21058017411e-05, 0.000101321929833],
        "mean": [0.0047093750909, 0.00693746376783, 0.00116547825746, 0.000159424205776, 0.000211689140997, 0.000381259334972, 0.000175713023054, 0.000110941808089, 0.000150495310663, 5.92631695326e-05, 0.000120955017337, 0.00012270588195, 2.14896390389e-05, 5.36164625373e-05, 3.75752533728e-05, 3.39182661264e-05, 3.01588388538e-05, 2.13113598875e-05, 2.36681953538e-05, 2.82370492641e-05, 2.35602692555e-05, 1.69320919667e-05, 1.74286979018e-05, 1.48907201947e-05, 1.84367654583e-05, 1.4556187125e-05, 1.34733490995e-05, 1.15864959298e-05, 8.40102984512e-06, 6.38232904748e-06, 3.57826274922e-06, 2.24203313337e-06, 2.21984851123e-06, 1.65843073319e-06, 2.31009676099e-06, 2.62068169832e-06, 2.58785439655e-06, 2.11866290556e-06, 1.98840007215e-06, 1.9089682155e-06],
        "median": [0.00194671971258, 0.00386303779669, 0.000269516982371, 2.46749768849e-05, 3.13303680741e-05, 3.41780068993e-05, 1.40234096762e-05, 9.51516176428e-06, 1.3014932847e-05, 6.46161470286e-06, 1.45002031786e-05, 8.67250673764e-06, 3.01557292914e-06, 5.84451254326e-06, 3.42341718351e-06, 3.36966309078e-06, 3.36326115757e-06, 2.80452218249e-06, 2.11913447856e-06, 3.13039208777e-06, 2.96090320262e-06, 3.3559658732e-06, 3.13405780616e-06, 3.06616266244e-06, 4.39480027126e-06, 3.43305350725e-06, 3.04438503917e-06, 2.86149725071e-06, 2.09811378227e-06, 1.36926678351e-06, 7.6948805372e-07, 4.65606063926e-07, 3.74789067337e-07, 4.07261580904e-07, 5.07624463353e-07, 4.62616810637e-07, 4.27678202186e-07, 3.71972674884e-07, 2.17942400127e-07, 1.9818378405e-07],
        "min": [4.33445102033e-09, 2.07581818401e-09, 1.89223410274e-08, 5.92434323821e-09, 2.28655778756e-08, 6.42780406679e-08, 2.67306319301e-08, 2.46196769638e-08, 2.30145591473e-08, 2.35141008886e-08, 1.37347386797e-08, 1.50726986448e-08, 8.47977421614e-09, 7.36129290857e-09, 2.03139061128e-09, 9.33380039925e-09, 1.17317995318e-08, 8.94010643293e-09, 6.91865631453e-09, 6.20960882713e-09, 1.61563207257e-08, 1.89428615016e-08, 1.49816887784e-08, 9.75296643446e-09, 8.45413783424e-09, 7.71754216089e-09, 4.7178656537e-09, 6.14601436411e-09, 2.53262411043e-09, 1.30023414258e-09, 2.40439557153e-09, 1.1738650052e-09, 8.79959549671e-10, 3.80183162729e-10, 4.071392945e-10, 9.05737290724e-11, 3.99869692913e-10, 3.68093805436e-10, 5.92921436775e-13, 3.46279726898e-13],
