{
"highlevel": {
    "danceability": {
        "all": {
            "danceable": 0.999905526638,
            "not_danceable": 9.44857820286e-05
        },
        "probability": 0.999905526638,
        "value": "danceable"
    },
    "gender": {
        "all": {
            "female": 0.09025978297,
            "male": 0.909740209579
        },
        "probability": 0.909740209579,
        "value": "male"
    },
    "genre_dortmund": {
        "all": {
            "alternative": 0.0608270503581,
            "blues": 0.0545772202313,
            "electronic": 0.0509510077536,
            "folkcountry": 0.0415515713394,
            "funksoulrnb": 0.0298678334802,
            "jazz": 0.0873993933201,
            "pop": 0.0918611213565,
            "raphiphop": 0.351013451815,
            "rock": 0.231951355934
        },
        "probability": 0.351013451815,
        "value": "raphiphop"
    },
    "genre_electronic": {
        "all": {
            "ambient": 0.114856846631,
            "dnb": 0.0593392327428,
            "house": 0.0440728254616,
            "techno": 0.0109284296632,
            "trance": 0.770802676678
        },
        "probability": 0.770802676678,
        "value": "trance"
    },
    "genre_rosamerica": {
        "all": {
            "cla": 0.00175274617504,
            "dan": 0.577683389187,
            "hip": 0.108504727483,
            "jaz": 0.00778237264603,
            "pop": 0.207001924515,
            "rhy": 0.0182046964765,
            "roc": 0.0759616717696,
            "spe": 0.00310849747621
        },
        "probability": 0.577683389187,
        "value": "dan"
    },
    "genre_tzanetakis": {
        "all": {
            "blu": 0.0626541376114,
            "cla": 0.0348133966327,
            "cou": 0.0783501937985,
            "dis": 0.104547761381,
            "hip": 0.15693578124,
            "jaz": 0.313987255096,
            "met": 0.044816005975,
            "pop": 0.0627349764109,
            "reg": 0.0627352520823,
            "roc": 0.0784252434969
        },
        "probability": 0.313987255096,
        "value": "jaz"
    },
    "ismir04_rhythm": {
        "all": {
            "ChaChaCha": 0.276629835367,
            "Jive": 0.360244244337,
            "Quickstep": 0.0345169901848,
            "Rumba-American": 0.00826739240438,
            "Rumba-International": 0.0205017924309,
            "Rumba-Misc": 0.00447675073519,
            "Samba": 0.286068171263,
            "Tango": 0.000855642545503,
            "VienneseWaltz": 0.00693908613175,
            "Waltz": 0.00150010816287
        },
        "probability": 0.360244244337,
        "value": "Jive"
    },
    "mood_acoustic": {
        "all": {
            "acoustic": 0.0331492200494,
            "not_acoustic": 0.966850757599
        },
        "probability": 0.966850757599,
        "value": "not_acoustic"
    },
    "mood_aggressive": {
        "all": {
            "aggressive": 0.404203295708,
            "not_aggressive": 0.595796704292
        },
        "probability": 0.595796704292,
        "value": "not_aggressive"
    },
    "mood_electronic": {
        "all": {
            "electronic": 0.78437769413,
            "not_electronic": 0.215622290969
        },
        "probability": 0.78437769413,
        "value": "electronic"
    },
    "mood_happy": {
        "all": {
            "happy": 0.516942977905,
            "not_happy": 0.483057022095
        },
        "probability": 0.516942977905,
        "value": "happy"
    },
    "mood_party": {
        "all": {
            "not_party": 0.219091698527,
            "party": 0.780908286572
        },
        "probability": 0.780908286572,
        "value": "party"
    },
    "mood_relaxed": {
        "all": {
            "not_relaxed": 0.886574089527,
            "relaxed": 0.113425888121
        },
        "probability": 0.886574089527,
        "value": "not_relaxed"
    },
    "mood_sad": {
        "all": {
            "not_sad": 0.85250377655,
            "sad": 0.147496238351
        },
        "probability": 0.85250377655,
        "value": "not_sad"
    },
    "moods_mirex": {
        "all": {
            "Cluster1": 0.417754918337,
            "Cluster2": 0.196081995964,
            "Cluster3": 0.0884302705526,
            "Cluster4": 0.143117800355,
            "Cluster5": 0.154615029693
        },
        "probability": 0.417754918337,
        "value": "Cluster1"
    },
    "timbre": {
        "all": {
            "bright": 0.840057492256,
            "dark": 0.159942537546
        },
        "probability": 0.840057492256,
        "value": "bright"
    },
    "tonal_atonal": {
        "all": {
            "atonal": 0.0533570311964,
            "tonal": 0.946642994881
        },
        "probability": 0.946642994881,
        "value": "tonal"
    },
    "voice_instrumental": {
        "all": {
            "instrumental": 0.00159956864081,
            "voice": 0.998400449753
        },
        "probability": 0.998400449753,
        "value": "voice"
    }
},
"lowlevel": {
    "average_loudness": 0.980557262897,
    "barkbands_crest": {
        "dmean": 3.60525298119,
        "dmean2": 5.64066362381,
        "dvar": 10.9621677399,
        "dvar2": 23.8199939728,
        "max": 26.4516086578,
        "mean": 13.5981559753,
        "median": 12.7412118912,
        "min": 2.97449088097,
        "var": 33.8136978149
    },
    "barkbands_flatness_db": {
        "dmean": 0.0311343465,
        "dmean2": 0.0453350394964,
        "dvar": 0.000949988490902,
        "dvar2": 0.00186792947352,
        "max": 0.483927696943,
        "mean": 0.15179951489,
        "median": 0.138447999954,
        "min": 0.0449915528297,
        "var": 0.00411124434322
    },
    "barkbands_kurtosis": {
        "dmean": 11.4336156845,
        "dmean2": 18.3100967407,
        "dvar": 1169.61865234,
        "dvar2": 2864.44311523,
        "max": 578.275268555,
        "mean": 13.5384912491,
        "median": 2.53783035278,
        "min": -1.83841836452,
        "var": 1861.11425781
    },
    "barkbands_skewness": {
        "dmean": 1.01853787899,
        "dmean2": 1.49137091637,
        "dvar": 1.94754076004,
        "dvar2": 4.03759908676,
        "max": 22.3483543396,
        "mean": 2.40850186348,
        "median": 1.74215888977,
        "min": -1.57885909081,
        "var": 6.49632549286
    },
    "barkbands_spread": {
        "dmean": 8.22925376892,
        "dmean2": 12.5079050064,
        "dvar": 91.0409088135,
        "dvar2": 191.412185669,
        "max": 104.365219116,
        "mean": 25.172580719,
        "median": 22.4507656097,
        "min": 0.223844021559,
        "var": 289.844146729
    },
    "dissonance": {
        "dmean": 0.0175665374845,
        "dmean2": 0.0291048809886,
        "dvar": 0.000328466732753,
        "dvar2": 0.000811802223325,
        "max": 0.499999433756,
        "mean": 0.470579832792,
        "median": 0.476999729872,
        "min": 0.31548500061,
        "var": 0.000590506882872
    },
    "dynamic_complexity": 2.08401441574,
    "erbbands_crest": {
        "dmean": 2.68319439888,
        "dmean2": 4.26504850388,
        "dvar": 5.6476316452,
        "dvar2": 13.9347496033,
        "max": 25.6459369659,
        "mean": 8.18514728546,
        "median": 7.31591892242,
        "min": 2.37218141556,
        "var": 13.010892868
    },
    "erbbands_flatness_db": {
        "dmean": 0.01813958399,
        "dmean2": 0.026487166062,
        "dvar": 0.000289909366984,
        "dvar2": 0.000545860268176,
        "max": 0.232848539948,
        "mean": 0.12408028543,
        "median": 0.120928376913,
        "min": 0.0520766489208,
        "var": 0.00102464109659
    },
    "erbbands_kurtosis": {
        "dmean": 0.808915376663,
        "dmean2": 1.2947896719,
        "dvar": 0.890183508396,
        "dvar2": 2.18939590454,
        "max": 7.09737491608,
        "mean": 0.100736357272,
        "median": -0.196001768112,
        "min": -1.80656635761,
        "var": 1.56363284588
    },
    "erbbands_skewness": {
        "dmean": 0.406904697418,
        "dmean2": 0.61859369278,
        "dvar": 0.152258276939,
        "dvar2": 0.347443729639,
        "max": 2.41189146042,
        "mean": 0.268774926662,
        "median": 0.318168610334,
        "min": -2.60611557961,
        "var": 0.42624899745
    },
    "erbbands_spread": {
        "dmean": 12.2878293991,
        "dmean2": 18.6776065826,
        "dvar": 197.680328369,
        "dvar2": 405.860778809,
        "max": 190.097213745,
        "mean": 49.8861618042,
        "median": 42.9123802185,
        "min": 9.46525859833,
        "var": 686.359008789
    },
    "hfc": {
        "dmean": 9.47660636902,
        "dmean2": 14.1066083908,
        "dvar": 177.123596191,
        "dvar2": 389.543212891,
        "max": 239.874710083,
        "mean": 27.7982254028,
        "median": 23.58634758,
        "min": 0.139836743474,
        "var": 499.688323975
    },
    "melbands_crest": {
        "dmean": 4.08604431152,
        "dmean2": 6.30941581726,
        "dvar": 13.3882408142,
        "dvar2": 29.077413559,
        "max": 35.8510551453,
        "mean": 17.8930435181,
        "median": 16.8093090057,
        "min": 5.5440196991,
        "var": 42.0593681335
    },
    "melbands_flatness_db": {
        "dmean": 0.038150254637,
        "dmean2": 0.0545355267823,
        "dvar": 0.00136343110353,
        "dvar2": 0.00259719672613,
        "max": 0.601082503796,
        "mean": 0.212726026773,
        "median": 0.200758546591,
        "min": 0.0352373197675,
        "var": 0.00702325208113
    },
    "melbands_kurtosis": {
        "dmean": 29.7847728729,
        "dmean2": 42.3037757874,
        "dvar": 6926.05810547,
        "dvar2": 11600.2392578,
        "max": 2195.98291016,
        "mean": 49.1230697632,
        "median": 12.7788181305,
        "min": -1.65010595322,
        "var": 23729.8320312
    },
    "melbands_skewness": {
        "dmean": 1.41256761551,
        "dmean2": 1.96773922443,
        "dvar": 3.11285996437,
        "dvar2": 5.09803438187,
        "max": 34.5811500549,
        "mean": 4.24558210373,
        "median": 3.13521289825,
        "min": -0.350950539112,
        "var": 16.3109092712
    },
    "melbands_spread": {
        "dmean": 8.36099147797,
        "dmean2": 12.6467018127,
        "dvar": 153.156692505,
        "dvar2": 329.641082764,
        "max": 180.513565063,
        "mean": 21.8591346741,
        "median": 18.0810203552,
        "min": 0.252947241068,
        "var": 441.505950928
    },
    "pitch_salience": {
        "dmean": 0.0941806435585,
        "dmean2": 0.147032573819,
        "dvar": 0.00771107710898,
        "dvar2": 0.0172730460763,
        "max": 0.818068802357,
        "mean": 0.451434850693,
        "median": 0.471912235022,
        "min": 0.0159931685776,
        "var": 0.0210665483028
    },
    "silence_rate_20dB": {
        "dmean": 0,
        "dmean2": 0,
        "dvar": 0,
        "dvar2": 0,
        "max": 1,
        "mean": 1,
        "median": 1,
        "min": 1,
        "var": 0
    },
    "silence_rate_30dB": {
        "dmean": 0.0216718260199,
        "dmean2": 0.0433772280812,
        "dvar": 0.0212018061429,
        "dvar2": 0.0507900901139,
        "max": 1,
        "mean": 0.978344917297,
        "median": 1,
        "min": 0,
        "var": 0.0211863406003
    },
    "silence_rate_60dB": {
        "dmean": 0.0139318881556,
        "dmean2": 0.0278853606433,
        "dvar": 0.0137378759682,
        "dvar2": 0.0286570396274,
        "max": 1,
        "mean": 0.0332559943199,
        "median": 0,
        "min": 0,
        "var": 0.0321501158178
    },
    "spectral_centroid": {
        "dmean": 341.99710083,
        "dmean2": 515.894836426,
        "dvar": 126117.5625,
        "dvar2": 264411.25,
        "max": 4160.61279297,
        "mean": 1489.02746582,
        "median": 1456.60620117,
        "min": 139.910522461,
        "var": 432843.4375
    },
    "spectral_complexity": {
        "dmean": 4.99458217621,
        "dmean2": 7.08985280991,
        "dvar": 30.7050685883,
        "dvar2": 57.1427497864,
        "max": 59,
        "mean": 21.2150039673,
        "median": 21,
        "min": 0,
        "var": 129.41242981
    },
    "spectral_decrease": {
        "dmean": 4.1792000971e-09,
        "dmean2": 6.80157175026e-09,
        "dvar": 2.4634849812e-17,
        "dvar2": 6.39422392555e-17,
        "max": -2.00955189988e-11,
        "mean": -1.17346665718e-08,
        "median": -1.10164837253e-08,
        "min": -4.53965043334e-08,
        "var": 4.92494965646e-17
    },
    "spectral_energy": {
        "dmean": 0.0161450132728,
        "dmean2": 0.0262427795678,
        "dvar": 0.00036496607936,
        "dvar2": 0.000948755827267,
        "max": 0.172810435295,
        "mean": 0.0468107052147,
        "median": 0.0442737825215,
        "min": 0.000101259523944,
        "var": 0.000739037874155
    },
    "spectral_energyband_high": {
        "dmean": 0.000730792991817,
        "dmean2": 0.00110595521983,
        "dvar": 1.84251882729e-06,
        "dvar2": 3.66951553588e-06,
        "max": 0.0299842189997,
        "mean": 0.00155018852092,
        "median": 0.000931255810428,
        "min": 5.24925007994e-06,
        "var": 4.28365729022e-06
    },
    "spectral_energyband_low": {
        "dmean": 0.0134876891971,
        "dmean2": 0.0217389240861,
        "dvar": 0.000315677549224,
        "dvar2": 0.000797676562797,
        "max": 0.167932584882,
        "mean": 0.0277731791139,
        "median": 0.0209492072463,
        "min": 1.55719917529e-05,
        "var": 0.000612707051914
    },
    "spectral_energyband_middle_high": {
        "dmean": 0.00235723215155,
        "dmean2": 0.00339097436517,
        "dvar": 8.52532502904e-06,
        "dvar2": 1.87637997442e-05,
        "max": 0.0329809375107,
        "mean": 0.00584878958762,
        "median": 0.00442043598741,
        "min": 6.57775444779e-06,
        "var": 3.03914803226e-05
    },
    "spectral_energyband_middle_low": {
        "dmean": 0.00682367477566,
        "dmean2": 0.0108582461253,
        "dvar": 0.000110623506771,
        "dvar2": 0.000288396229735,
        "max": 0.0977334007621,
        "mean": 0.0126553662121,
        "median": 0.00998803973198,
        "min": 4.82900395582e-06,
        "var": 0.000145659971167
    },
    "spectral_entropy": {
        "dmean": 0.180982515216,
        "dmean2": 0.268668979406,
        "dvar": 0.0385684892535,
        "dvar2": 0.0810232758522,
        "max": 8.73432159424,
        "mean": 7.81342887878,
        "median": 7.83527565002,
        "min": 6.06515645981,
        "var": 0.120238833129
    },
    "spectral_flux": {
        "dmean": 0.0359300039709,
        "dmean2": 0.0566341467202,
        "dvar": 0.00142075237818,
        "dvar2": 0.0033206185326,
        "max": 0.338333666325,
        "mean": 0.112818032503,
        "median": 0.104161806405,
        "min": 0.00637615611777,
        "var": 0.00280996109359
    },
    "spectral_kurtosis": {
        "dmean": 0.944905459881,
        "dmean2": 1.48226463795,
        "dvar": 1.08917081356,
        "dvar2": 2.53835463524,
        "max": 16.394241333,
        "mean": 2.79847455025,
        "median": 2.74413633347,
        "min": -1.08906841278,
        "var": 2.77811050415
    },
    "spectral_rms": {
        "dmean": 0.0011451356113,
        "dmean2": 0.00182010326535,
        "dvar": 1.528022608e-06,
        "dvar2": 3.75134391106e-06,
        "max": 0.012984435074,
        "mean": 0.00641100900248,
        "median": 0.00657220929861,
        "min": 0.000314308417728,
        "var": 4.56798716186e-06
    },
    "spectral_rolloff": {
        "dmean": 644.080993652,
        "dmean2": 1054.22680664,
        "dvar": 1387059.375,
        "dvar2": 3114207.25,
        "max": 9840.67382812,
        "mean": 1298.0189209,
        "median": 796.728515625,
        "min": 64.599609375,
        "var": 2688019.75
    },
    "spectral_skewness": {
        "dmean": 0.192138925195,
        "dmean2": 0.292743653059,
        "dvar": 0.040519438684,
        "dvar2": 0.0819497331977,
        "max": 3.28519821167,
        "mean": 1.33264088631,
        "median": 1.34171652794,
        "min": 0.140418276191,
        "var": 0.125607356429
    },
    "spectral_spread": {
        "dmean": 744934.5,
        "dmean2": 1043368.4375,
        "dvar": 718494826496,
        "dvar2": 1.32578895462e+12,
        "max": 12929228,
        "mean": 5600333,
        "median": 5098221.5,
        "min": 2676885.75,
        "var": 2.68155695923e+12
    },
    "spectral_strongpeak": {
        "dmean": 0.361102074385,
        "dmean2": 0.614749610424,
        "dvar": 0.423274606466,
        "dvar2": 1.02253067493,
        "max": 6.10637807846,
        "mean": 0.660501539707,
        "median": 0.463435322046,
        "min": 0,
        "var": 0.571824252605
    },
    "zerocrossingrate": {
        "dmean": 0.0138759557158,
        "dmean2": 0.0162165351212,
        "dvar": 0.000249333417742,
        "dvar2": 0.000299165432807,
        "max": 0.2734375,
        "mean": 0.0593886710703,
        "median": 0.052734375,
        "min": 0.00244140625,
        "var": 0.00152799754869
    },
    "barkbands": {
        "dmean": [0.000639779260382, 0.012467415072, 0.00235135201365, 0.00179449503776, 0.00311909476295, 0.00105994136538, 0.000910762464628, 0.001332782791, 0.00139397080056, 0.000540983397514, 0.000679325137753, 0.000349064648617, 0.00047841842752, 0.000384093553293, 0.000436906790128, 0.000337740202667, 0.000344310305081, 0.000326709530782, 0.000208963509067, 0.000187394500244, 0.000177920839633, 0.000145999249071, 0.000140283300425, 0.000181793468073, 9.47709340835e-05, 4.99196066812e-05, 1.66512165833e-07],
        "dmean2": [0.000990350614302, 0.019731272012, 0.00396457873285, 0.00301110232249, 0.00526508176699, 0.00171679013874, 0.00141779636033, 0.00207624793984, 0.00208139861934, 0.000859581981786, 0.00107147113886, 0.000562046887353, 0.000785115058534, 0.000603900989518, 0.000698866788298, 0.000539796717931, 0.000557680323254, 0.00053914374439, 0.000339996331604, 0.000308996677632, 0.000285289861495, 0.000236643638345, 0.000211059101275, 0.000271272438113, 0.000142869204865, 7.8291981481e-05, 3.05174950199e-07],
        "dvar": [2.89131662612e-06, 0.000287838134682, 2.41150391957e-05, 1.21978910101e-05, 5.88716575294e-05, 4.16687862526e-06, 3.10930431624e-06, 6.03077478445e-06, 5.58424926567e-06, 1.72736167769e-06, 1.72818852207e-06, 4.16752584442e-07, 7.69071618834e-07, 5.76288982757e-07, 5.53061511255e-07, 3.04130338691e-07, 3.33989731871e-07, 2.36594388525e-07, 9.66350981457e-08, 8.06015378885e-08, 6.91647770168e-08, 8.26640160767e-08, 8.94299532206e-08, 2.77413846561e-07, 5.00844947737e-08, 6.63719879057e-09, 1.06313981056e-12],
        "dvar2": [7.80707250669e-06, 0.000717930670362, 6.4765677962e-05, 3.31655865011e-05, 0.000158381211804, 1.06777852125e-05, 7.06195123712e-06, 1.34337042255e-05, 1.18401903819e-05, 3.79940865969e-06, 4.02384011977e-06, 1.0280149354e-06, 1.98101497517e-06, 1.3261649201e-06, 1.38430857533e-06, 7.53429048928e-07, 7.60794307553e-07, 6.12449355231e-07, 2.46773026902e-07, 2.08473224461e-07, 1.74557499122e-07, 2.0309522597e-07, 1.66511696875e-07, 5.65636128158e-07, 1.01211689696e-07, 1.51658472447e-08, 3.10867260753e-12],
        "max": [0.0287908390164, 0.154606491327, 0.0413761325181, 0.0324190296233, 0.0718244016171, 0.0275524202734, 0.0227996483445, 0.0315959043801, 0.0306939855218, 0.0307496506721, 0.017015401274, 0.0143516138196, 0.013115471229, 0.0127146663144, 0.0080940136686, 0.00603605434299, 0.00669535435736, 0.00369544047862, 0.00423536030576, 0.00285423523746, 0.00276389042847, 0.00556827010587, 0.00719067966565, 0.0123729202896, 0.00510796019807, 0.00197937618941, 2.12146042031e-05],
        "mean": [0.000758258276619, 0.0227086190134, 0.00346032832749, 0.00198782468215, 0.00344128906727, 0.00132039922755, 0.00121367617976, 0.00205360446125, 0.00227101892233, 0.000783626921475, 0.0011202179594, 0.000494349922519, 0.000735068810172, 0.000586638168897, 0.000567129289266, 0.00042960405699, 0.000465006916784, 0.000452862295788, 0.000300609448459, 0.000286588532617, 0.000301526131807, 0.000257215811871, 0.000246402138146, 0.000309893046506, 0.000179770489922, 7.90776248323e-05, 1.13964993886e-07],
        "median": [0.000207492063055, 0.0164393298328, 0.00146631337702, 0.000791939790361, 0.00105781445745, 0.00049676920753, 0.000373970833607, 0.000756764435209, 0.000659724231809, 0.000274337711744, 0.000433103268733, 0.000229384648264, 0.000327328278217, 0.000209727775655, 0.000254945829511, 0.000202449067729, 0.000210792321013, 0.000205712174647, 0.000165987512446, 0.000180149596417, 0.000197007393581, 0.000141652679304, 0.000117427698569, 0.000127332546981, 6.98783333064e-05, 3.1722454878e-05, 2.33617014622e-09],
        "min": [3.04366238879e-08, 1.01393288787e-06, 1.8211201791e-07, 6.11499501701e-07, 1.25909423332e-06, 1.99076367835e-07, 2.31970275877e-07, 2.4684032951e-07, 2.48604834496e-07, 1.23385731854e-07, 7.56366205223e-08, 1.60266992566e-07, 1.33992571705e-07, 2.23783501951e-07, 3.68641309478e-07, 1.83893178018e-07, 2.1173531195e-07, 3.14874682772e-07, 7.45581701267e-07, 3.36815901392e-07, 1.4333661511e-06, 1.24850998873e-06, 3.81305483188e-07, 5.8468521047e-07, 2.04644564405e-07, 8.15210228211e-08, 6.35051082901e-12],
        "var": [3.31899991579e-06, 0.000565667403862, 2.79229643638e-05, 1.02343592516e-05, 4.78572874272e-05, 5.4021975302e-06, 5.38051926924e-06, 1.33098965307e-05, 1.56029727805e-05, 3.49989181814e-06, 3.5989025946e-06, 6.36589732039e-07, 1.51962399286e-06, 1.43575937273e-06, 7.21290234651e-07, 3.93054278902e-07, 4.92628942084e-07, 3.42594972835e-07, 1.40441784424e-07, 1.13440101757e-07, 1.0604813383e-07, 1.20069941545e-07, 1.98988317379e-07, 4.97236158026e-07, 1.58292863262e-07, 1.93611828792e-08, 6.22439274602e-13]
    },
    "erbbands": {
        "dmean": [0.448357075453, 2.59140300751, 2.54992032051, 4.43296003342, 11.7677221298, 8.00665473938, 5.12581253052, 10.2968254089, 13.1185522079, 17.3021697998, 30.504201889, 36.5134468079, 20.05402565, 18.0377941132, 21.7642555237, 15.0707883835, 21.1339969635, 19.1056613922, 19.7707061768, 21.6014823914, 17.0251235962, 18.0667171478, 17.7640800476, 11.8449392319, 9.87513256073, 8.8876991272, 8.37200737, 6.0116853714, 5.85691356659, 4.29528474808, 4.3481926918, 3.91674113274, 2.90252780914, 1.43742859364, 0.529084324837, 0.241458028555, 0.0997382849455, 0.00956011749804, 0.00018499653379, 2.41572852246e-05],
        "dmean2": [0.677414894104, 4.17831277847, 4.22194576263, 7.58821868896, 19.8528118134, 13.1692667007, 8.33669662476, 17.0569801331, 20.7047386169, 27.1188144684, 47.0039787292, 53.5962486267, 32.0247764587, 28.0163421631, 34.6213569641, 24.5051994324, 34.592590332, 28.8398036957, 30.5043048859, 34.5904426575, 26.9393901825, 28.7901268005, 29.123374939, 19.3947105408, 16.1080474854, 14.5398902893, 13.6605615616, 9.76569747925, 9.53929519653, 6.74913024902, 6.64178609848, 5.83546638489, 4.42624855042, 2.18289923668, 0.828840315342, 0.376661330462, 0.157667204738, 0.015866631642, 0.000299701845506, 3.87968830182e-05],
        "dvar": [0.424667865038, 12.4582996368, 21.7732124329, 84.1574249268, 921.876525879, 287.817108154, 131.788742065, 458.736297607, 639.637878418, 1139.23413086, 3266.39086914, 4161.5625, 2145.60961914, 1724.93591309, 1446.60925293, 687.077758789, 1550.59765625, 1317.47473145, 1071.46057129, 1676.02172852, 871.073608398, 931.014038086, 703.69708252, 289.601165771, 245.727142334, 183.128295898, 143.002258301, 90.0521087646, 141.268569946, 81.3105926514, 84.0407104492, 167.929718018, 49.1050376892, 14.3598213196, 0.767534911633, 0.159081697464, 0.0294210277498, 0.000274867197732, 1.05623634283e-07, 8.73877525898e-10],
        "dvar2": [0.950359940529, 32.8231582642, 55.6323814392, 238.400634766, 2430.76928711, 743.786254883, 322.858428955, 1157.11950684, 1514.27807617, 2560.50512695, 7416.23876953, 8707.69238281, 5131.63916016, 3714.03833008, 3682.01586914, 1706.14526367, 3984.46826172, 2804.74023438, 2443.74536133, 4197.11669922, 2076.99584961, 2141.07055664, 1815.62145996, 733.679016113, 608.205505371, 477.179351807, 364.822692871, 220.378601074, 350.633453369, 182.057937622, 168.101837158, 349.732910156, 97.5938415527, 28.97539711, 1.71091461182, 0.367822706699, 0.0730357542634, 0.000732582528144, 2.76596210824e-07, 2.22235096992e-09],
        "max": [6.19548463821, 29.6365699768, 39.2787399292, 91.1345596313, 290.043182373, 138.378372192, 176.26776123, 325.733398438, 276.268798828, 435.592285156, 890.067810059, 872.668945312, 1177.98986816, 757.905273438, 406.066223145, 614.147460938, 629.977416992, 741.441955566, 386.959259033, 653.473266602, 266.945617676, 305.310272217, 197.302505493, 236.242462158, 160.119171143, 169.17489624, 124.287811279, 122.934288025, 245.003662109, 223.620056152, 195.684768677, 335.557067871, 110.388137817, 95.1400680542, 13.5270681381, 9.09410572052, 3.52746534348, 0.198473021388, 0.00478663435206, 0.000461639399873],
        "mean": [0.706050992012, 4.81157875061, 4.94264030457, 5.78517150879, 11.4254722595, 9.91168689728, 6.93433475494, 12.772808075, 17.2592945099, 25.748878479, 49.553653717, 60.6823387146, 30.8618068695, 31.0827293396, 37.6815261841, 23.8007392883, 33.975189209, 33.2225036621, 28.5117282867, 28.8177890778, 23.3496208191, 25.1728515625, 25.6203079224, 17.844329834, 14.3611450195, 13.9022502899, 13.8468046188, 10.4539318085, 9.96655654907, 7.66550302505, 7.19416236877, 6.43506669998, 5.01838207245, 2.63248157501, 0.92762440443, 0.402639567852, 0.148221388459, 0.0116550829262, 0.00026485347189, 6.94847403793e-05],
        "median": [0.363729894161, 3.75659799576, 3.41410470009, 3.08279705048, 3.65760540962, 2.90768480301, 2.54888296127, 4.62172889709, 5.70132875443, 9.94260501862, 20.7443065643, 18.2354736328, 11.7548789978, 12.7194433212, 15.9985961914, 13.0166006088, 16.3297195435, 14.4693546295, 11.9331932068, 14.8557710648, 11.7259550095, 11.7824325562, 12.7467222214, 10.4555950165, 7.92030906677, 8.79150676727, 8.45591640472, 6.97315835953, 5.65302038193, 4.08267688751, 3.15775561333, 2.60700368881, 2.02745723724, 0.957390666008, 0.408932417631, 0.160730943084, 0.0590677559376, 0.00406604167074, 0.000115725582873, 6.23133528279e-05],
        "min": [9.82251513051e-05, 0.000139805459185, 0.000237677930272, 0.00141365104355, 0.00214553298429, 0.00272806920111, 0.00318411318585, 0.00109437992796, 0.0032753306441, 0.00608741398901, 0.00582079403102, 0.00712602166459, 0.00764671014622, 0.00621771579608, 0.00453742081299, 0.00804591923952, 0.00851354468614, 0.00800721067935, 0.0173778329045, 0.0136144561693, 0.0140041541308, 0.0141835231334, 0.0201499182731, 0.0320314355195, 0.0272729173303, 0.0197147242725, 0.040399838239, 0.0691030547023, 0.0554675683379, 0.0179679170251, 0.00855993758887, 0.0103758266196, 0.0119815152138, 0.00428339466453, 0.00051175855333, 0.00106500496622, 0.00062768132193, 1.52259754032e-05, 7.82525376053e-07, 3.12239620825e-07],
        "var": [0.891732037067, 21.8912239075, 28.5173110962, 67.8683319092, 714.078125, 348.650421143, 177.950210571, 563.155761719, 970.896240234, 2105.88696289, 7673.96386719, 11095.9130859, 5147.59326172, 3403.29516602, 3365.03759766, 1168.27807617, 2909.3840332, 4184.09765625, 1891.33349609, 2034.25695801, 1173.93640137, 1399.76330566, 1077.1541748, 450.697509766, 338.421417236, 257.352050781, 235.621902466, 132.3934021, 192.37159729, 133.506240845, 177.020462036, 250.444244385, 119.305023193, 47.668170929, 2.10614514351, 0.535430908203, 0.0630559921265, 0.000352060771547, 1.60847008601e-07, 1.98899119397e-09]
    },
    "gfcc": {
        "mean": [32.4115524292, 72.935798645, -100.394935608, 43.0575447083, -56.8142585754, 30.4169330597, -29.7408065796, 22.2406826019, -18.7498950958, 10.5908222198, -17.994638443, 0.160134270787, -13.9827680588],
        "cov": [[4239.01025391, 230.100738525, -778.55456543, -373.503936768, -176.234222412, 11.9502372742, -66.9851608276, 140.338150024, -11.9815626144, -25.4395809174, -1.59102869034, 84.0297546387, -41.4658203125], [230.100738525, 1051.46264648, -44.9238204956, -93.9079360962, 68.0434188843, -137.077682495, 68.5901489258, -74.6832122803, 62.8920288086, -47.1156730652, 75.1579971313, -65.0878067017, 77.3519134521], [-778.55456543, -44.9238204956, 1049.20800781, 301.226196289, 103.760063171, 57.8343696594, 15.7087516785, 32.7182235718, 28.7170505524, 51.8351097107, 17.9204654694, 55.6446151733, 25.2496623993], [-373.503936768, -93.9079360962, 301.226196289, 345.477294922, 95.3784484863, -10.1959543228, -22.9445075989, 20.4759960175, 35.6344604492, -17.2840480804, 17.5576457977, 17.885011673, 30.3502693176], [-176.234222412, 68.0434188843, 103.760063171, 95.3784484863, 185.091705322, 60.8808784485, 55.6767349243, 39.9572601318, 49.2446670532, 15.8910179138, 18.0066204071, 20.6127929688, 27.2947978973], [11.9502372742, -137.077682495, 57.8343696594, -10.1959543228, 60.8808784485, 242.56803894, 126.377349854, 64.0565872192, 38.6514091492, 30.3858757019, 13.719250679, 16.1166000366, 5.53668785095], [-66.9851608276, 68.5901489258, 15.7087516785, -22.9445075989, 55.6767349243, 126.377349854, 204.654098511, 97.7018890381, 59.66223526, 22.3862857819, 31.5444049835, 0.558864951134, 6.27011680603], [140.338150024, -74.6832122803, 32.7182235718, 20.4759960175, 39.9572601318, 64.0565872192, 97.7018890381, 154.860687256, 84.8968811035, 32.5329322815, 17.3130474091, 32.2985153198, 5.04990196228], [-11.9815626144, 62.8920288086, 28.7170505524, 35.6344604492, 49.2446670532, 38.6514091492, 59.66223526, 84.8968811035, 142.219894409, 55.4792404175, 33.4799346924, -1.18491768837, 25.3244037628], [-25.4395809174, -47.1156730652, 51.8351097107, -17.2840480804, 15.8910179138, 30.3858757019, 22.3862857819, 32.5329322815, 55.4792404175, 105.030036926, 43.9568710327, 12.9132881165, 0.920276939869], [-1.59102869034, 75.1579971313, 17.9204654694, 17.5576457977, 18.0066204071, 13.719250679, 31.5444049835, 17.3130474091, 33.4799346924, 43.9568710327, 85.5947723389, 24.2860717773, 13.574590683], [84.0297546387, -65.0878067017, 55.6446151733, 17.885011673, 20.6127929688, 16.1166000366, 0.558864951134, 32.2985153198, -1.18491768837, 12.9132881165, 24.2860717773, 88.4590301514, 22.285030365], [-41.4658203125, 77.3519134521, 25.2496623993, 30.3502693176, 27.2947978973, 5.53668785095, 6.27011680603, 5.04990196228, 25.3244037628, 0.920276939869, 13.574590683, 22.285030365, 72.7842636108]],
        "icov": [[0.000432598986663, -0.000600106781349, 0.000391867361031, -0.000198351961444, 0.000583919405472, -0.000839951448143, 0.0010888222605, -0.00139026879333, 0.000632562267128, -0.000498570560012, 0.000512144586537, -0.00075153139187, 0.000599368126132], [-0.000600106781349, 0.00374935125001, -0.0012862480944, 0.00285073625855, -0.00279374583624, 0.0040574548766, -0.00357231544331, 0.00449305074289, -0.00363672384992, 0.00478282896802, -0.00470667332411, 0.00321585754864, -0.00323593895882], [0.000391867361031, -0.0012862480944, 0.00200203037821, -0.00230543431826, 0.00109617155977, -0.00166072102729, 0.00103893538471, -0.00153003144078, 0.00166982668452, -0.00292289233766, 0.00238147238269, -0.0020249877125, 0.00122075958643], [-0.000198351961444, 0.00285073625855, -0.00230543431826, 0.00776184722781, -0.00420111557469, 0.00312111061066, -0.000152672888362, 0.00157640385441, -0.00379602215253, 0.00711167603731, -0.00613994151354, 0.00335199083202, -0.00298797572032], [0.000583919405472, -0.00279374583624, 0.00109617155977, -0.00420111557469, 0.00999620743096, -0.00408613821492, 0.00098677619826, -0.00250622187741, 0.00110369909089, -0.00402659969404, 0.00435894308612, -0.00408023362979, 0.0014275314752], [-0.000839951448143, 0.0040574548766, -0.00166072102729, 0.00312111061066, -0.00408613821492, 0.0111024072394, -0.00829220935702, 0.00571789685637, -0.00383333303034, 0.00351613946259, -0.0033183277119, 0.00226793717593, -0.00329675758258], [0.0010888222605, -0.00357231544331, 0.00103893538471, -0.000152672888362, 0.00098677619826, -0.00829220935702, 0.0159664675593, -0.0121520906687, 0.00436041504145, -0.00129475747235, -0.00109433825128, 0.0013398778392, 0.00214154273272], [-0.00139026879333, 0.00449305074289, -0.00153003144078, 0.00157640385441, -0.00250622187741, 0.00571789685637, -0.0121520906687, 0.0233472455293, -0.0135145159438, 0.0046738400124, -0.000514444662258, -0.00444236444309, 0.000337484583724], [0.000632562267128, -0.00363672384992, 0.00166982668452, -0.00379602215253, 0.00110369909089, -0.00383333303034, 0.00436041504145, -0.0135145159438, 0.0204989798367, -0.0108714168891, 0.00208549154922, 0.00380294537172, -0.0028795755934], [-0.000498570560012, 0.00478282896802, -0.00292289233766, 0.00711167603731, -0.00402659969404, 0.00351613946259, -0.00129475747235, 0.0046738400124, -0.0108714168891, 0.0237509980798, -0.0139873409644, 0.00354336504824, -0.00128265982494], [0.000512144586537, -0.00470667332411, 0.00238147238269, -0.00613994151354, 0.00435894308612, -0.0033183277119, -0.00109433825128, -0.000514444662258, 0.00208549154922, -0.0139873409644, 0.0254067834467, -0.0102412207052, 0.00362409977242], [-0.00075153139187, 0.00321585754864, -0.0020249877125, 0.00335199083202, -0.00408023362979, 0.00226793717593, 0.0013398778392, -0.00444236444309, 0.00380294537172, 0.00354336504824, -0.0102412207052, 0.0217737350613, -0.00911530479789], [0.000599368126132, -0.00323593895882, 0.00122075958643, -0.00298797572032, 0.0014275314752, -0.00329675758258, 0.00214154273272, 0.000337484583724, -0.0028795755934, -0.00128265982494, 0.00362409977242, -0.00911530479789, 0.0209828522056]]
    },
    "melbands": {
        "dmean": [0.00374900037423, 0.00190100155305, 0.000950395478867, 0.000779983180109, 0.000189490368939, 0.000228088712902, 0.000196617780603, 0.000204939147807, 0.000254032725934, 0.000221486407099, 9.73824135144e-05, 7.09087616997e-05, 8.93995311344e-05, 4.15121721744e-05, 4.36017180618e-05, 4.65025987069e-05, 3.82098332921e-05, 3.22074956784e-05, 3.06038564304e-05, 2.77214166999e-05, 2.08859346458e-05, 1.98284142243e-05, 1.85874778253e-05, 1.57487429533e-05, 9.4937195172e-06, 8.76174635778e-06, 6.05302375334e-06, 6.5120934778e-06, 5.52163783141e-06, 4.8651504585e-06, 3.43897750099e-06, 3.40169071933e-06, 3.06233937408e-06, 2.45233104579e-06, 2.9071852623e-06, 2.09562927012e-06, 2.6949239782e-06, 2.34646495301e-06, 1.52890481786e-06, 1.16065143629e-06],
        "dmean2": [0.0058522215113, 0.00308451987803, 0.00158460135572, 0.00131405692082, 0.000302328553516, 0.000372600625269, 0.00030722602969, 0.000321573694237, 0.000388832995668, 0.000327779038344, 0.000157009519171, 0.00011005927081, 0.000141621334478, 6.62120073684e-05, 7.16278445907e-05, 7.5148207543e-05, 5.87792928854e-05, 5.00839523738e-05, 5.00406022184e-05, 4.47917664133e-05, 3.39189718943e-05, 3.21075312968e-05, 3.02400312648e-05, 2.60860560957e-05, 1.55717279995e-05, 1.45425265146e-05, 1.01388923213e-05, 1.07359392132e-05, 9.17597117223e-06, 7.91768070485e-06, 5.64493575439e-06, 5.52510937268e-06, 5.04623267261e-06, 3.86637429983e-06, 4.58448448626e-06, 3.08768790092e-06, 4.13821408074e-06, 3.64915013051e-06, 2.32502816289e-06, 1.78164293629e-06],
        "dvar": [2.72894667432e-05, 6.53397819406e-06, 3.37382198268e-06, 3.84242002838e-06, 1.55084407538e-07, 2.03716965075e-07, 1.35077215191e-07, 1.47964954067e-07, 1.9855819744e-07, 1.4953769778e-07, 5.41869624726e-08, 2.72713869265e-08, 2.92777304622e-08, 3.79201159362e-09, 7.34722904738e-09, 9.36027344522e-09, 6.27120178009e-09, 3.07183634085e-09, 3.22813042963e-09, 2.3586861353e-09, 1.55307777749e-09, 1.23951282571e-09, 8.39067204605e-10, 6.56534326904e-10, 2.1142992912e-10, 1.97466473728e-10, 1.08996693615e-10, 9.78999173396e-11, 6.31975791143e-11, 5.34934180285e-11, 2.94700791548e-11, 4.12985999565e-11, 4.21746977619e-11, 2.93735383239e-11, 3.39849121067e-11, 3.38242038544e-11, 8.53358217423e-11, 3.18687541634e-11, 1.62713557905e-11, 9.16755039937e-12],
        "dvar2": [6.59719662508e-05, 1.69614177139e-05, 9.10532980924e-06, 1.04089440356e-05, 3.47063604522e-07, 5.16912450621e-07, 3.14628437081e-07, 3.3143939504e-07, 4.58911756596e-07, 3.20927142639e-07, 1.27374775616e-07, 5.95718816498e-08, 7.47209725205e-08, 8.80534312131e-09, 1.90122104726e-08, 2.40744473246e-08, 1.37517064402e-08, 7.00158597766e-09, 8.52155945807e-09, 5.895982369e-09, 3.80197828775e-09, 2.78667156017e-09, 2.10135664425e-09, 1.7380747952e-09, 5.47725309552e-10, 5.04670083501e-10, 2.72476652352e-10, 2.57109195045e-10, 1.60276542038e-10, 1.40099959411e-10, 7.31819049804e-11, 1.00874059106e-10, 1.07817928197e-10, 6.42951039631e-11, 7.53431553258e-11, 6.27044249857e-11, 1.85490997562e-10, 6.76542780131e-11, 3.12847178718e-11, 1.92599634158e-11],
        "max": [0.0486769601703, 0.0214935261756, 0.0147845251486, 0.0186249092221, 0.00523495627567, 0.00644003413618, 0.00420441618189, 0.00575003027916, 0.00710813654587, 0.00554291624576, 0.00588223151863, 0.00295790052041, 0.00188145996071, 0.000858209794387, 0.00165039999411, 0.00173782627098, 0.0016532712616, 0.000805998744909, 0.000567513343412, 0.000627151341178, 0.000354721327312, 0.000376087700715, 0.000235848812736, 0.000248731608735, 0.000211726219277, 0.000128889820189, 0.000105012972199, 0.000153623142978, 8.4376479208e-05, 6.56847041682e-05, 6.54806790408e-05, 0.000121250384836, 0.000131887034513, 0.000140088290209, 0.000117723939184, 0.000126176659251, 0.00024489252246, 8.70833027875e-05, 6.56020492897e-05, 8.52700904943e-05],
        "mean": [0.00645891390741, 0.00401286780834, 0.00117909512483, 0.00082378910156, 0.000271435797913, 0.000281583779724, 0.000262793299044, 0.000309577211738, 0.000418599316617, 0.000353480107151, 0.000140148214996, 0.000115845854452, 0.00014610857761, 6.4627151005e-05, 6.2432991399e-05, 7.38168164389e-05, 6.06102039455e-05, 4.41878219135e-05, 3.839180863e-05, 3.60589547199e-05, 2.64393383986e-05, 2.64002246695e-05, 2.45609189733e-05, 2.16199459828e-05, 1.32835912154e-05, 1.17589570436e-05, 8.31416582514e-06, 9.65799426922e-06, 8.74175475474e-06, 7.6018091022e-06, 5.57908879273e-06, 5.61563138035e-06, 4.84476504425e-06, 4.09367248722e-06, 4.48995933766e-06, 3.39275743499e-06, 4.14010537497e-06, 3.8095392938e-06, 2.72652118838e-06, 2.00557337848e-06],
        "median": [0.00408763345331, 0.00351483002305, 0.000642070779577, 0.000248942000326, 9.33650444495e-05, 0.000101872581581, 8.83326356416e-05, 0.00011105723388, 0.000162277487107, 0.000102886551758, 4.54410583188e-05, 4.2078383558e-05, 5.71064010728e-05, 3.0914980016e-05, 3.16442929034e-05, 3.39689649991e-05, 2.10148700717e-05, 1.69885424839e-05, 1.82660278369e-05, 1.6400248569e-05, 1.11675972221e-05, 1.10035380203e-05, 1.12976285891e-05, 9.61747355177e-06, 7.00155533195e-06, 5.85975703871e-06, 4.76843024444e-06, 5.7683146224e-06, 5.1144174904e-06, 4.73573072668e-06, 3.45882926922e-06, 2.92415484182e-06, 2.55230520452e-06, 2.04027060136e-06, 1.93618006961e-06, 1.31241586132e-06, 1.57826400482e-06, 1.56910277838e-06, 9.99358235276e-07, 6.86869952915e-07],
        "min": [9.11235702006e-07, 3.03871246388e-07, 4.15265049014e-07, 2.38300046362e-07, 1.23830247389e-07, 2.48617713083e-08, 4.44002772326e-08, 7.92584700093e-08, 3.63286680738e-08, 4.47330315012e-08, 2.49894682725e-08, 2.11357864544e-08, 1.24349366359e-08, 1.84333117659e-08, 1.59690234369e-08, 9.16920672722e-09, 1.38742963784e-08, 1.91698834584e-08, 2.19458833328e-08, 1.38821638629e-08, 1.42702178962e-08, 1.30510837693e-08, 1.99972252091e-08, 1.43247165241e-08, 2.01327221561e-08, 2.11137987094e-08, 1.78366370562e-08, 1.13342588648e-08, 6.63036869852e-09, 3.58100535891e-08, 3.69733683669e-08, 2.97224715951e-08, 9.27586008004e-09, 8.82967743365e-09, 6.00901284287e-09, 2.4232342799e-09, 6.36661345865e-09, 8.82361916865e-09, 6.33129149108e-09, 2.23799712096e-09],
