{
"highlevel": {
    "danceability": {
        "all": {
            "danceable": 0.0818281695247,
            "not_danceable": 0.918171823025
        },
        "probability": 0.918171823025,
        "value": "not_danceable"
    },
    "gender": {
        "all": {
            "female": 0.11222268641,
            "male": 0.887777328491
        },
        "probability": 0.887777328491,
        "value": "male"
    },
    "genre_dortmund": {
        "all": {
            "alternative": 0.103581622243,
            "blues": 0.0127269290388,
            "electronic": 0.00630398606881,
            "folkcountry": 0.0353535600007,
            "funksoulrnb": 0.0028299423866,
            "jazz": 0.00336686917581,
            "pop": 0.0473605431616,
            "raphiphop": 0.0016650169855,
            "rock": 0.78681153059
        },
        "probability": 0.78681153059,
        "value": "rock"
    },
    "genre_electronic": {
        "all": {
            "ambient": 0.152412891388,
            "dnb": 0.117360666394,
            "house": 0.0353275611997,
            "techno": 0.0185136254877,
            "trance": 0.67638528347
        },
        "probability": 0.67638528347,
        "value": "trance"
    },
    "genre_rosamerica": {
        "all": {
            "cla": 8.27111362014e-05,
            "dan": 0.00969591084868,
            "hip": 0.000743192445952,
            "jaz": 0.000765246921219,
            "pop": 0.00476596038789,
            "rhy": 0.0017713640118,
            "roc": 0.982137143612,
            "spe": 3.84690174542e-05
        },
        "probability": 0.982137143612,
        "value": "roc"
    },
    "genre_tzanetakis": {
        "all": {
            "blu": 0.0626613423228,
            "cla": 0.0348169617355,
            "cou": 0.104475811124,
            "dis": 0.0784321576357,
            "hip": 0.15692435205,
            "jaz": 0.313974827528,
            "met": 0.0448166541755,
            "pop": 0.0627359300852,
            "reg": 0.0627360641956,
            "roc": 0.0784258767962
        },
        "probability": 0.313974827528,
        "value": "jaz"
    },
    "ismir04_rhythm": {
        "all": {
            "ChaChaCha": 0.0563567318022,
            "Jive": 0.516378581524,
            "Quickstep": 0.0276195313781,
            "Rumba-American": 0.00933290552348,
            "Rumba-International": 0.0328769013286,
            "Rumba-Misc": 0.00647819507867,
            "Samba": 0.184385314584,
            "Tango": 0.00735377054662,
            "VienneseWaltz": 0.148046717048,
            "Waltz": 0.0111713837832
        },
        "probability": 0.516378581524,
        "value": "Jive"
    },
    "mood_acoustic": {
        "all": {
            "acoustic": 0.0138420695439,
            "not_acoustic": 0.986157953739
        },
        "probability": 0.986157953739,
        "value": "not_acoustic"
    },
    "mood_aggressive": {
        "all": {
            "aggressive": 0.873603999615,
            "not_aggressive": 0.126396030188
        },
        "probability": 0.873603999615,
        "value": "aggressive"
    },
    "mood_electronic": {
        "all": {
            "electronic": 0.128576472402,
            "not_electronic": 0.8714235425
        },
        "probability": 0.8714235425,
        "value": "not_electronic"
    },
    "mood_happy": {
        "all": {
            "happy": 0.724104166031,
            "not_happy": 0.275895804167
        },
        "probability": 0.724104166031,
        "value": "happy"
    },
    "mood_party": {
        "all": {
            "not_party": 0.461507678032,
            "party": 0.538492321968
        },
        "probability": 0.538492321968,
        "value": "party"
    },
    "mood_relaxed": {
        "all": {
            "not_relaxed": 0.663868248463,
            "relaxed": 0.336131721735
        },
        "probability": 0.663868248463,
        "value": "not_relaxed"
    },
    "mood_sad": {
        "all": {
            "not_sad": 0.928770244122,
            "sad": 0.0712297558784
        },
        "probability": 0.928770244122,
        "value": "not_sad"
    },
    "moods_mirex": {
        "all": {
            "Cluster1": 0.577329218388,
            "Cluster2": 0.1787353158,
            "Cluster3": 0.0342826060951,
            "Cluster4": 0.0692568868399,
            "Cluster5": 0.140395969152
        },
        "probability": 0.577329218388,
        "value": "Cluster1"
    },
    "timbre": {
        "all": {
            "bright": 0.940306305885,
            "dark": 0.0596937052906
        },
        "probability": 0.940306305885,
        "value": "bright"
    },
    "tonal_atonal": {
        "all": {
            "atonal": 0.00521974125877,
            "tonal": 0.994780242443
        },
        "probability": 0.994780242443,
        "value": "tonal"
    },
    "voice_instrumental": {
        "all": {
            "instrumental": 0.00485663069412,
            "voice": 0.995143353939
        },
        "probability": 0.995143353939,
        "value": "voice"
    }
},
"lowlevel": {
    "average_loudness": 0.980855643749,
    "barkbands_crest": {
        "dmean": 2.67124295235,
        "dmean2": 4.40614366531,
        "dvar": 7.13944005966,
        "dvar2": 18.7532444,
        "max": 22.9613571167,
        "mean": 9.64330482483,
        "median": 9.01328849792,
        "min": 2.77311944962,
        "var": 12.3827953339
    },
    "barkbands_flatness_db": {
        "dmean": 0.0200877897441,
        "dmean2": 0.0326602645218,
        "dvar": 0.000348024215782,
        "dvar2": 0.000886511406861,
        "max": 0.228802591562,
        "mean": 0.119464732707,
        "median": 0.117478251457,
        "min": 0.0514567270875,
        "var": 0.000889617891517
    },
    "barkbands_kurtosis": {
        "dmean": 1.95453596115,
        "dmean2": 3.21688055992,
        "dvar": 9.82650852203,
        "dvar2": 24.5878582001,
        "max": 31.0640792847,
        "mean": 1.91445279121,
        "median": 0.948016405106,
        "min": -1.72280406952,
        "var": 13.2319660187
    },
    "barkbands_skewness": {
        "dmean": 0.484101057053,
        "dmean2": 0.779626786709,
        "dvar": 0.288807928562,
        "dvar2": 0.668443262577,
        "max": 5.26402521133,
        "mean": 1.45901024342,
        "median": 1.35558092594,
        "min": -0.625183045864,
        "var": 0.67171561718
    },
    "barkbands_spread": {
        "dmean": 6.4989695549,
        "dmean2": 10.4411087036,
        "dvar": 43.3602333069,
        "dvar2": 92.0700683594,
        "max": 93.9111480713,
        "mean": 32.0183486938,
        "median": 30.3943443298,
        "min": 5.9121837616,
        "var": 141.433151245
    },
    "dissonance": {
        "dmean": 0.0109656229615,
        "dmean2": 0.018350193277,
        "dvar": 9.42596088862e-05,
        "dvar2": 0.000254879792919,
        "max": 0.49972614646,
        "mean": 0.479034781456,
        "median": 0.481840282679,
        "min": 0.417135030031,
        "var": 0.000192799605429
    },
    "dynamic_complexity": 1.07671892643,
    "erbbands_crest": {
        "dmean": 2.14928293228,
        "dmean2": 3.35469651222,
        "dvar": 5.09666776657,
        "dvar2": 11.6432304382,
        "max": 26.3509101868,
        "mean": 7.74373865128,
        "median": 6.29372596741,
        "min": 2.40258312225,
        "var": 19.7324428558
    },
    "erbbands_flatness_db": {
        "dmean": 0.0145966950804,
        "dmean2": 0.0206519458443,
        "dvar": 0.000196400374989,
        "dvar2": 0.000371333298972,
        "max": 0.210740074515,
        "mean": 0.125023633242,
        "median": 0.123917803168,
        "min": 0.0480250827968,
        "var": 0.000760491762776
    },
    "erbbands_kurtosis": {
        "dmean": 0.479683935642,
        "dmean2": 0.768956243992,
        "dvar": 0.39325606823,
        "dvar2": 0.946349084377,
        "max": 7.12453079224,
        "mean": -0.217207923532,
        "median": -0.566596508026,
        "min": -1.58541417122,
        "var": 1.13338851929
    },
    "erbbands_skewness": {
        "dmean": 0.248564913869,
        "dmean2": 0.375012278557,
        "dvar": 0.0455883294344,
        "dvar2": 0.102289378643,
        "max": 1.66662549973,
        "mean": -0.157244235277,
        "median": -0.191992297769,
        "min": -2.02052211761,
        "var": 0.287466794252
    },
    "erbbands_spread": {
        "dmean": 8.21772766113,
        "dmean2": 12.9743623734,
        "dvar": 62.7338294983,
        "dvar2": 150.021972656,
        "max": 101.782226562,
        "mean": 47.970199585,
        "median": 47.2032585144,
        "min": 11.8316993713,
        "var": 242.085006714
    },
    "hfc": {
        "dmean": 9.46489810944,
        "dmean2": 15.0395994186,
        "dvar": 137.544311523,
        "dvar2": 324.226135254,
        "max": 159.525009155,
        "mean": 37.3039970398,
        "median": 33.9355545044,
        "min": 8.21374988556,
        "var": 372.39465332
    },
    "melbands_crest": {
        "dmean": 3.26401758194,
        "dmean2": 5.45335006714,
        "dvar": 8.9832868576,
        "dvar2": 24.45570755,
        "max": 28.1779193878,
        "mean": 15.4034194946,
        "median": 15.1694669724,
        "min": 5.24487018585,
        "var": 21.6704540253
    },
    "melbands_flatness_db": {
        "dmean": 0.0255836360157,
        "dmean2": 0.0417453460395,
        "dvar": 0.000636483659036,
        "dvar2": 0.00152267620433,
        "max": 0.32485255599,
        "mean": 0.168267637491,
        "median": 0.16423510015,
        "min": 0.065775424242,
        "var": 0.00170641695149
    },
    "melbands_kurtosis": {
        "dmean": 7.42442512512,
        "dmean2": 12.0668439865,
        "dvar": 143.504104614,
        "dvar2": 348.299530029,
        "max": 121.79548645,
        "mean": 13.3265705109,
        "median": 9.47472858429,
        "min": -1.40848529339,
        "var": 194.913955688
    },
    "melbands_skewness": {
        "dmean": 0.797781825066,
        "dmean2": 1.27667748928,
        "dvar": 0.84526437521,
        "dvar2": 1.94565200806,
        "max": 9.82896137238,
        "mean": 3.07428264618,
        "median": 2.89766049385,
        "min": 0.328612923622,
        "var": 1.88784897327
    },
    "melbands_spread": {
        "dmean": 7.63789844513,
        "dmean2": 12.4987182617,
        "dvar": 64.1525039673,
        "dvar2": 146.562194824,
        "max": 84.5694503784,
        "mean": 27.0594825745,
        "median": 24.6389942169,
        "min": 3.12538862228,
        "var": 189.612350464
    },
    "pitch_salience": {
        "dmean": 0.0716311782598,
        "dmean2": 0.11946837604,
        "dvar": 0.00484339473769,
        "dvar2": 0.0125650735572,
        "max": 0.786452054977,
        "mean": 0.507794260979,
        "median": 0.50874131918,
        "min": 0.190390944481,
        "var": 0.0101289246231
    },
    "silence_rate_20dB": {
        "dmean": 0,
        "dmean2": 0,
        "dvar": 0,
        "dvar2": 0,
        "max": 1,
        "mean": 1,
        "median": 1,
        "min": 1,
        "var": 0
    },
    "silence_rate_30dB": {
        "dmean": 0.00928792543709,
        "dmean2": 0.018590239808,
        "dvar": 0.00920143350959,
        "dvar2": 0.0275397822261,
        "max": 1,
        "mean": 0.99535959959,
        "median": 1,
        "min": 0,
        "var": 0.00461879419163
    },
    "silence_rate_60dB": {
        "dmean": 0,
        "dmean2": 0,
        "dvar": 0,
        "dvar2": 0,
        "max": 0,
        "mean": 0,
        "median": 0,
        "min": 0,
        "var": 0
    },
    "spectral_centroid": {
        "dmean": 250.798248291,
        "dmean2": 411.342712402,
        "dvar": 48401.4570312,
        "dvar2": 122378.992188,
        "max": 3343.70214844,
        "mean": 1786.37756348,
        "median": 1766.92028809,
        "min": 624.160522461,
        "var": 179481.5
    },
    "spectral_complexity": {
        "dmean": 4.91640853882,
        "dmean2": 7.99535226822,
        "dvar": 19.4574451447,
        "dvar2": 44.6334915161,
        "max": 57,
        "mean": 34.121421814,
        "median": 33,
        "min": 17,
        "var": 54.9790267944
    },
    "spectral_decrease": {
        "dmean": 4.03785582748e-09,
        "dmean2": 6.61318111383e-09,
        "dvar": 2.5671593324e-17,
        "dvar2": 6.35275239836e-17,
        "max": -2.02533123606e-09,
        "mean": -1.1506524622e-08,
        "median": -1.02299235749e-08,
        "min": -3.98749442354e-08,
        "var": 3.16258643663e-17
    },
    "spectral_energy": {
        "dmean": 0.0157089792192,
        "dmean2": 0.0256773773581,
        "dvar": 0.00038114428753,
        "dvar2": 0.00094492372591,
        "max": 0.153903007507,
        "mean": 0.0468118600547,
        "median": 0.04167836532,
        "min": 0.00950616132468,
        "var": 0.000473943218822
    },
    "spectral_energyband_high": {
        "dmean": 0.00088734284509,
        "dmean2": 0.00142145995051,
        "dvar": 1.52074790094e-06,
        "dvar2": 3.62383161701e-06,
        "max": 0.0172723289579,
        "mean": 0.00225877203047,
        "median": 0.00161680451129,
        "min": 0.000199013040401,
        "var": 3.91754520024e-06
    },
    "spectral_energyband_low": {
        "dmean": 0.0133834611624,
        "dmean2": 0.0221339669079,
        "dvar": 0.000363651430234,
        "dvar2": 0.000890681927558,
        "max": 0.135837092996,
        "mean": 0.0253867395222,
        "median": 0.0193646401167,
        "min": 0.00113635580055,
        "var": 0.000429307605373
    },
    "spectral_energyband_middle_high": {
        "dmean": 0.00189775612671,
        "dmean2": 0.00290939537808,
        "dvar": 4.4958669605e-06,
        "dvar2": 9.64905211731e-06,
        "max": 0.0302983894944,
        "mean": 0.00777443265542,
        "median": 0.00614803889766,
        "min": 0.00197936384939,
        "var": 2.09834342968e-05
    },
    "spectral_energyband_middle_low": {
        "dmean": 0.00545150553808,
        "dmean2": 0.00904461368918,
        "dvar": 5.05167699885e-05,
        "dvar2": 0.000134227695526,
        "max": 0.066966868937,
        "mean": 0.0143401287496,
        "median": 0.0120809869841,
        "min": 0.00155750103295,
        "var": 7.78667672421e-05
    },
    "spectral_entropy": {
        "dmean": 0.0973283648491,
        "dmean2": 0.149531021714,
        "dvar": 0.00955680757761,
        "dvar2": 0.0191028881818,
        "max": 8.45776081085,
        "mean": 7.89725017548,
        "median": 7.88268709183,
        "min": 7.35568714142,
        "var": 0.0371541492641
    },
    "spectral_flux": {
        "dmean": 0.0329381674528,
        "dmean2": 0.0519883669913,
        "dvar": 0.0012549830135,
        "dvar2": 0.00273475539871,
        "max": 0.302796393633,
        "mean": 0.114791505039,
        "median": 0.104335173965,
        "min": 0.0423261672258,
        "var": 0.00228807865642
    },
    "spectral_kurtosis": {
        "dmean": 0.781076908112,
        "dmean2": 1.34776830673,
        "dvar": 0.536111474037,
        "dvar2": 1.51067388058,
        "max": 8.56497478485,
        "mean": 2.65229249001,
        "median": 2.53488874435,
        "min": -0.0457727909088,
        "var": 1.24611878395
    },
    "spectral_rms": {
        "dmean": 0.00106523011345,
        "dmean2": 0.00172437704168,
        "dvar": 1.37197196182e-06,
        "dvar2": 3.35291383635e-06,
        "max": 0.0122535414994,
        "mean": 0.00660365261137,
        "median": 0.00637666229159,
        "min": 0.00304537429474,
        "var": 2.06183563023e-06
    },
    "spectral_rolloff": {
        "dmean": 629.313476562,
        "dmean2": 1047.42089844,
        "dvar": 624368.5625,
        "dvar2": 1339401.625,
        "max": 8957.8125,
        "mean": 1651.39733887,
        "median": 1399.65820312,
        "min": 86.1328125,
        "var": 1553807.375
    },
    "spectral_skewness": {
        "dmean": 0.145064651966,
        "dmean2": 0.235437229276,
        "dvar": 0.017198074609,
        "dvar2": 0.0416739694774,
        "max": 2.68856096268,
        "mean": 1.15903902054,
        "median": 1.15016055107,
        "min": 0.538966536522,
        "var": 0.0488213635981
    },
    "spectral_spread": {
        "dmean": 513147.59375,
        "dmean2": 748741.6875,
        "dvar": 393499049984,
        "dvar2": 776713076736,
        "max": 12192725,
        "mean": 4780210.5,
        "median": 4610649.5,
        "min": 2766309.25,
        "var": 1.1619958784e+12
    },
    "spectral_strongpeak": {
        "dmean": 0.538924872875,
        "dmean2": 0.964251756668,
        "dvar": 1.04229462147,
        "dvar2": 2.84746360779,
        "max": 8.85936546326,
        "mean": 0.869261920452,
        "median": 0.543242096901,
        "min": 0.0879447683692,
        "var": 1.23245894909
    },
    "zerocrossingrate": {
        "dmean": 0.0107875382528,
        "dmean2": 0.0128178559244,
        "dvar": 0.000103935111838,
        "dvar2": 0.000151090935105,
        "max": 0.1865234375,
        "mean": 0.0692487061024,
        "median": 0.06396484375,
        "min": 0.01123046875,
        "var": 0.000704244652297
    },
    "barkbands": {
        "dmean": [8.18876360427e-05, 0.00891850795597, 0.00656293286011, 0.00262953294441, 0.00175347807817, 0.00126751244534, 0.00067091290839, 0.000680850760546, 0.00119311886374, 0.00061045010807, 0.000266583287157, 0.000430097832577, 0.000290317984764, 0.000455628178315, 0.000479836016893, 0.000333807198331, 0.00048631808022, 0.00033346703276, 0.000309014227241, 0.000314989796607, 0.000286853231955, 0.000188257152331, 0.000121398086776, 0.000168033788214, 0.000105289967905, 8.59921128722e-05, 3.5445218316e-08],
        "dmean2": [0.000137686234666, 0.0145303588361, 0.0118230739608, 0.00453577935696, 0.00313639058731, 0.00200807349756, 0.00107996363658, 0.00110563868657, 0.00175583967939, 0.000902457744814, 0.000409599160776, 0.000687677238602, 0.000462914380478, 0.000726268452127, 0.000767774414271, 0.000535750063136, 0.000798877328634, 0.000546520925127, 0.000500428490341, 0.000528012518771, 0.000501251255628, 0.000321203464409, 0.000190200851648, 0.000256782572251, 0.000153489876539, 0.000145437254105, 6.36712513824e-08],
        "dvar": [9.05253649819e-09, 0.000188989724847, 9.52561604208e-05, 1.54734188982e-05, 7.74482577981e-06, 4.92529852636e-06, 2.23204801841e-06, 1.72769182427e-06, 4.85676810058e-06, 1.4716295027e-06, 1.9320415845e-07, 4.17426832655e-07, 3.77847470645e-07, 1.32914408368e-06, 7.34225295673e-07, 3.03839129856e-07, 9.18057878607e-07, 2.68314494178e-07, 1.47514185755e-07, 1.32331365421e-07, 1.77802206736e-07, 9.68950217839e-08, 2.82196435109e-08, 2.11996464827e-07, 3.35599992241e-08, 3.13144496999e-08, 1.1260564421e-14],
        "dvar2": [2.45118751963e-08, 0.000440979551058, 0.000277602201095, 4.18731142418e-05, 2.14090850932e-05, 1.06175039036e-05, 4.77113871966e-06, 4.19042407884e-06, 1.01972691482e-05, 2.92734534924e-06, 3.82558454248e-07, 9.04840305793e-07, 8.39909432671e-07, 3.31238516083e-06, 1.41763712236e-06, 6.34277910194e-07, 2.393329396e-06, 6.37428740902e-07, 3.57428234565e-07, 3.42979632251e-07, 4.93841127991e-07, 2.52312105431e-07, 6.43366320219e-08, 4.19284447162e-07, 7.04357105974e-08, 8.26355019967e-08, 2.60562513406e-14],
        "max": [0.000879212049767, 0.0956557840109, 0.0681934654713, 0.0305106192827, 0.0301225222647, 0.0313463620842, 0.032123491168, 0.0173691194504, 0.0272477008402, 0.0230643115938, 0.0108954003081, 0.0102362586185, 0.0138336541131, 0.0204921066761, 0.0164576340467, 0.0104864975438, 0.0152865191922, 0.00839667767286, 0.00542265037075, 0.0042067929171, 0.00367264333181, 0.00473290449008, 0.0017722856719, 0.0112100206316, 0.00342965638265, 0.00177283142693, 1.90426283098e-06],
        "mean": [0.000104725950223, 0.0124254310504, 0.0103890318424, 0.0037697898224, 0.00275954068638, 0.00245050829835, 0.000964687496889, 0.00100404047407, 0.00233610393479, 0.00140807568096, 0.000585463014431, 0.000781736278441, 0.000508242344949, 0.000849416421261, 0.000918092322536, 0.000628115492873, 0.000934320269153, 0.000707084778696, 0.000714752823114, 0.00072597747203, 0.000559722073376, 0.000351100548869, 0.000267188850557, 0.000388388987631, 0.000190450606169, 8.98688958841e-05, 2.41424906733e-08],
        "median": [7.62487907195e-05, 0.00665060337633, 0.00856710225344, 0.00278542144224, 0.00212444760837, 0.00103685352951, 0.000427208724432, 0.000600925995968, 0.00085370260058, 0.000475850276416, 0.000343450927176, 0.000511610007379, 0.000320736755384, 0.00034512593993, 0.000514374230988, 0.000431266555097, 0.000631542585324, 0.000473250867799, 0.000546466326341, 0.000577691942453, 0.000414890761022, 0.000195154323592, 0.00014772254508, 0.000170360581251, 9.29970337893e-05, 2.01013044716e-05, 1.2693704976e-09],
        "min": [3.97379523065e-07, 6.32542505627e-05, 4.35895781266e-05, 5.63365711059e-06, 7.50695617171e-05, 1.60592917382e-05, 2.65963062702e-05, 2.86359045276e-05, 2.60153428826e-05, 2.95647587336e-05, 3.1025170756e-05, 4.64610457129e-05, 3.77400647267e-05, 2.28977423831e-05, 5.0559076044e-05, 7.89792029536e-05, 0.000111804576591, 6.54775867588e-05, 9.75963266683e-05, 5.65421905776e-05, 3.87924083043e-05, 2.20561632887e-05, 3.3351516322e-06, 3.26359258906e-06, 1.91876864619e-07, 4.95654350896e-11, 8.74581830568e-12],
        "var": [1.09253406322e-08, 0.00023562592105, 9.36308861128e-05, 1.62065898621e-05, 6.87767078489e-06, 1.29904556161e-05, 3.73142347598e-06, 2.08068217944e-06, 1.56312871695e-05, 7.12150904292e-06, 1.08308677227e-06, 8.97980498848e-07, 7.79333333867e-07, 2.98055169878e-06, 2.121740863e-06, 6.10080689967e-07, 1.31334297748e-06, 6.42373322535e-07, 3.29759132001e-07, 2.85213729967e-07, 2.08133513979e-07, 1.44957084558e-07, 7.63063638942e-08, 7.55681924147e-07, 8.39714076051e-08, 3.55205784786e-08, 8.84158909552e-15]
    },
    "erbbands": {
        "dmean": [0.166856691241, 2.3680460453, 7.18441772461, 8.1224861145, 6.55395126343, 5.75372695923, 8.14291095734, 10.9236135483, 9.08368873596, 11.6179904938, 16.7347202301, 24.6654205322, 24.2200660706, 10.8502874374, 7.36092758179, 20.5212249756, 12.8950252533, 18.9103889465, 21.5748691559, 22.8589057922, 16.3052825928, 26.5133571625, 18.7279891968, 13.2843084335, 16.3901844025, 14.5872983932, 12.3136968613, 11.2079286575, 7.46964263916, 4.14082574844, 3.45990872383, 3.99831175804, 2.38400435448, 1.18518471718, 0.787455320358, 0.483005195856, 0.146807059646, 0.0116569409147, 0.000223034425289, 2.69599659077e-05],
        "dmean2": [0.266348034143, 3.86572670937, 12.7891740799, 14.2550773621, 11.6305027008, 10.1985330582, 13.6512804031, 16.8992080688, 14.7327623367, 19.5715656281, 26.4777603149, 36.6984367371, 37.0991439819, 16.3057289124, 11.8398561478, 32.6507606506, 20.4313640594, 29.0392284393, 35.0149726868, 35.0957527161, 26.5940608978, 42.9586486816, 30.0444698334, 22.2946815491, 26.7725639343, 24.5265331268, 21.1532382965, 19.7111110687, 12.8880758286, 6.61912345886, 5.45266532898, 6.19614219666, 3.56495475769, 1.73419880867, 1.19757330418, 0.799113571644, 0.248437151313, 0.0201132334769, 0.000379250152037, 4.34319626947e-05],
        "dvar": [0.0573084317148, 13.6783437729, 129.33190918, 116.241676331, 118.458709717, 75.9018630981, 168.588668823, 541.247497559, 362.282348633, 767.842407227, 1059.78613281, 2452.81103516, 2366.97631836, 256.69708252, 79.0454940796, 968.643493652, 689.930847168, 1251.07116699, 2094.06738281, 2626.14331055, 350.33215332, 3864.23095703, 827.108276367, 243.35345459, 420.634918213, 287.507507324, 282.033294678, 322.957977295, 148.40322876, 43.7115364075, 22.7698345184, 138.256500244, 25.4952888489, 4.87087488174, 1.84469628334, 0.867238223553, 0.104036904871, 0.000779744994361, 2.53395484151e-07, 1.33922595236e-09],
        "dvar2": [0.141604572535, 31.9309253693, 373.021240234, 320.349975586, 326.516998291, 211.848983765, 424.187744141, 1192.21484375, 813.138000488, 1942.96264648, 2396.6484375, 5239.3515625, 4751.39306641, 548.063537598, 196.962646484, 2075.68774414, 1544.63012695, 2483.13256836, 5380.08349609, 4868.30615234, 790.295593262, 10091.4033203, 1882.18457031, 618.108215332, 1017.04095459, 733.731506348, 776.400817871, 905.092163086, 393.731689453, 108.468643188, 52.7505455017, 292.004608154, 50.333946228, 8.93803882599, 4.27904605865, 2.25109910965, 0.27635243535, 0.00207283929922, 6.69104338158e-07, 3.40943295818e-09],
        "max": [2.13115215302, 23.8859367371, 82.4741897583, 83.26537323, 94.7691879272, 87.7294540405, 158.389572144, 364.324859619, 299.504211426, 433.285675049, 455.668426514, 771.731811523, 894.95690918, 401.776672363, 161.544525146, 524.788330078, 599.130981445, 716.485168457, 992.084533691, 1329.20263672, 337.565643311, 1053.68994141, 478.520294189, 271.749389648, 274.681365967, 231.099411011, 179.01864624, 150.440353394, 159.098327637, 95.70287323, 52.0978088379, 282.524200439, 104.781349182, 45.6692008972, 16.9457302094, 9.05329227448, 3.62546920776, 0.278423845768, 0.00484734587371, 0.000335297780111],
        "mean": [0.248676419258, 3.25462603569, 11.2185735703, 13.6585931778, 10.2049264908, 8.84588241577, 13.6192874908, 20.0310955048, 14.8126792908, 15.7200050354, 30.8049964905, 50.6141395569, 64.745803833, 27.2525653839, 16.1972846985, 37.1872024536, 25.4308624268, 37.5115242004, 43.4700317383, 48.7984771729, 37.2933578491, 52.9148521423, 42.016784668, 32.5902404785, 37.7179641724, 33.2769737244, 26.7109928131, 20.2344074249, 13.6104898453, 8.42295837402, 7.70011234283, 9.23405361176, 5.19846248627, 2.36961126328, 1.23212623596, 0.548069119453, 0.143019661307, 0.00981530081481, 0.000234119870584, 7.05528291292e-05],
        "median": [0.13099911809, 1.78884887695, 8.281208992, 10.9546909332, 7.69169712067, 6.67257261276, 7.37946462631, 6.50991392136, 7.03985738754, 8.02406787872, 17.1090335846, 19.8247890472, 19.2103233337, 16.4968013763, 12.5235548019, 24.1952667236, 17.1721973419, 19.4886169434, 26.4801006317, 26.2376899719, 28.1639499664, 35.4472122192, 28.1649360657, 26.4708461761, 28.48097229, 26.6315383911, 20.844789505, 13.7708797455, 7.67707014084, 4.36751794815, 4.40701055527, 3.93602991104, 2.499168396, 1.23257291317, 0.543051898479, 0.141756653786, 0.0236898362637, 0.00117946881801, 6.28241177765e-05, 5.77455648454e-05],
        "min": [0.00321360421367, 0.0851964652538, 0.266334265471, 0.275008171797, 0.406195163727, 0.161664620042, 0.451652675867, 0.172763153911, 0.528048872948, 0.555398762226, 1.06963169575, 1.27370595932, 1.53801345825, 1.94406509399, 1.25431120396, 2.27523684502, 2.61697506905, 2.11257147789, 3.68610429764, 4.15557670593, 5.66330099106, 5.48946475983, 4.88235282898, 4.48038291931, 4.96256875992, 2.84455442429, 1.69384777546, 1.34792399406, 0.927852213383, 0.407386988401, 0.135627225041, 0.0661061033607, 0.0472107343376, 0.00320088304579, 0.00167240260635, 0.000280496897176, 2.98469985864e-05, 5.66349808651e-06, 8.65009678819e-06, 1.44607729453e-05],
        "var": [0.0834917426109, 16.2872543335, 121.662536621, 119.153991699, 96.6159744263, 68.3362731934, 344.950256348, 1410.80322266, 620.767089844, 820.393188477, 2088.94287109, 8157.39990234, 14225.6484375, 1648.33642578, 198.249679565, 2052.44213867, 1435.25756836, 4064.69287109, 3974.19848633, 8937.46191406, 977.84375, 5082.74902344, 2213.0637207, 500.281768799, 965.921813965, 615.866088867, 410.738586426, 335.002838135, 211.76739502, 82.356338501, 64.1409072876, 494.327819824, 82.417427063, 14.1019020081, 3.5124309063, 1.08935630322, 0.111452110112, 0.000663591607008, 2.34826856627e-07, 1.73316538898e-09]
    },
    "gfcc": {
        "mean": [65.8880844116, 82.9650497437, -120.023391724, 56.8542556763, -55.8290634155, 25.6959991455, -35.886341095, 18.8277683258, -26.1045265198, 2.66749095917, -19.9593238831, -6.73986577988, -9.41993141174],
        "cov": [[760.593994141, -519.045227051, 264.875244141, -95.9990844727, -77.9346923828, 16.6310520172, -107.946861267, 24.612657547, -71.9705810547, 87.7568511963, -112.655334473, 87.9464950562, -121.324752808], [-519.045227051, 556.59588623, -243.412902832, 74.9273147583, 51.8686828613, -48.3674583435, 103.029251099, -42.6693153381, 74.4172058105, -72.5805587769, 109.602165222, -80.1428756714, 113.774536133], [264.875244141, -243.412902832, 356.618377686, -52.362361908, -1.50287842751, 11.4223108292, -49.7788963318, 37.0435447693, -34.4035758972, 83.268699646, -50.4665870667, 84.9878921509, -57.2257537842], [-95.9990844727, 74.9273147583, -52.362361908, 129.989196777, 27.5253810883, 16.5594654083, 18.8558368683, -21.1734619141, 24.9576015472, -22.9504871368, 34.2929763794, -15.3192358017, 39.6547966003], [-77.9346923828, 51.8686828613, -1.50287842751, 27.5253810883, 151.421981812, 16.4088077545, 36.2652244568, 12.0794095993, 11.5682582855, 19.7689037323, 12.1645278931, 12.2454557419, 12.7934875488], [16.6310520172, -48.3674583435, 11.4223108292, 16.5594654083, 16.4088077545, 97.3573532104, 38.1701622009, 13.9732084274, -8.77117729187, -13.3772964478, -10.827706337, -11.5758972168, 3.26490998268], [-107.946861267, 103.029251099, -49.7788963318, 18.8558368683, 36.2652244568, 38.1701622009, 123.620910645, 7.47352075577, 5.10261249542, -25.7189979553, -2.9463186264, -20.888885498, 11.5695571899], [24.612657547, -42.6693153381, 37.0435447693, -21.1734619141, 12.0794095993, 13.9732084274, 7.47352075577, 77.5221328735, 17.4852027893, 4.06497049332, -10.5321702957, 1.96491420269, 1.49120056629], [-71.9705810547, 74.4172058105, -34.4035758972, 24.9576015472, 11.5682582855, -8.77117729187, 5.10261249542, 17.4852027893, 61.9046897888, 1.96331012249, 18.8992557526, -19.4383144379, 19.5595359802], [87.7568511963, -72.5805587769, 83.268699646, -22.9504871368, 19.7689037323, -13.3772964478, -25.7189979553, 4.06497049332, 1.96331012249, 74.6522674561, 3.11394691467, 30.0483512878, -28.9450912476], [-112.655334473, 109.602165222, -50.4665870667, 34.2929763794, 12.1645278931, -10.827706337, -2.9463186264, -10.5321702957, 18.8992557526, 3.11394691467, 83.0806884766, 3.18617963791, 32.5028495789], [87.9464950562, -80.1428756714, 84.9878921509, -15.3192358017, 12.2454557419, -11.5758972168, -20.888885498, 1.96491420269, -19.4383144379, 30.0483512878, 3.18617963791, 72.4976959229, -7.30052423477], [-121.324752808, 113.774536133, -57.2257537842, 39.6547966003, 12.7934875488, 3.26490998268, 11.5695571899, 1.49120056629, 19.5595359802, -28.9450912476, 32.5028495789, -7.30052423477, 71.8725204468]],
        "icov": [[0.0040522320196, 0.00307111488655, -0.000279650557786, 0.000292829266982, 0.00100363406818, 0.000379048549803, -1.69729191839e-05, 0.000687362335157, -0.000291411590297, -0.00114588427823, 0.00112489855383, -0.000875181343872, 0.000407392974012], [0.00307111488655, 0.0120303686708, -0.00122440909036, 0.00387399550527, -0.00208779191598, 0.00759117212147, -0.00771635631099, 0.00697049777955, -0.0057004573755, 0.00375681533478, -0.00797569565475, 0.00739647494629, -0.00842548627406], [-0.000279650557786, -0.00122440909036, 0.00648234551772, -0.00141023879405, 0.00126931082923, -0.00242082378827, 0.00185778737068, -0.00348657998256, 0.0020204083994, -0.00557808671147, 0.00416705571115, -0.00603386806324, 0.00176924467087], [0.000292829266982, 0.00387399550527, -0.00141023879405, 0.0136003512889, -0.00302036106586, 0.000289872376015, -0.00286296731792, 0.0076569924131, -0.00710465945303, 0.00519146909937, -0.00608422001824, 0.00355450785719, -0.00630171876401], [0.00100363406818, -0.00208779191598, 0.00126931082923, -0.00302036106586, 0.00980685930699, -0.00278172804974, -0.00046078368905, -0.00334071204998, 0.00168286066037, -0.00652660895139, 0.00352853466757, -0.00468833791092, 0.00104211119469], [0.000379048549803, 0.00759117212147, -0.00242082378827, 0.000289872376015, -0.00278172804974, 0.0193512327969, -0.0092831691727, 0.00191486114636, 0.000254544371273, 0.00433910125867, -0.00609647389501, 0.00949752610177, -0.00699378736317], [-1.69729191839e-05, -0.00771635631099, 0.00185778737068, -0.00286296731792, -0.00046078368905, -0.0092831691727, 0.0171794369817, -0.00561755429953, 0.00386021262966, -0.000875394849572, 0.00759310880676, -0.0057572084479, 0.00767832808197], [0.000687362335157, 0.00697049777955, -0.00348657998256, 0.0076569924131, -0.00334071204998, 0.00191486114636, -0.00561755429953, 0.0229003168643, -0.0125770093873, 0.00593062164262, -0.00470915948972, 0.00482848985121, -0.00750668067485], [-0.000291411590297, -0.0057004573755, 0.0020204083994, -0.00710465945303, 0.00168286066037, 0.000254544371273, 0.00386021262966, -0.0125770093873, 0.030179169029, -0.0104209324345, 0.00300082471222, 0.00367021700367, -5.12559017807e-06], [-0.00114588427823, 0.00375681533478, -0.00557808671147, 0.00519146909937, -0.00652660895139, 0.00433910125867, -0.000875394849572, 0.00593062164262, -0.0104209324345, 0.0312649346888, -0.0110225025564, -8.24923045002e-05, 0.00619903299958], [0.00112489855383, -0.00797569565475, 0.00416705571115, -0.00608422001824, 0.00352853466757, -0.00609647389501, 0.00759310880676, -0.00470915948972, 0.00300082471222, -0.0110225025564, 0.0272666607052, -0.0113319000229, 0.000985927414149], [-0.000875181343872, 0.00739647494629, -0.00603386806324, 0.00355450785719, -0.00468833791092, 0.00949752610177, -0.0057572084479, 0.00482848985121, 0.00367021700367, -8.24923045002e-05, -0.0113319000229, 0.0317426845431, -0.0114048607647], [0.000407392974012, -0.00842548627406, 0.00176924467087, -0.00630171876401, 0.00104211119469, -0.00699378736317, 0.00767832808197, -0.00750668067485, -5.12559017807e-06, 0.00619903299958, 0.000985927414149, -0.0114048607647, 0.0327699407935]]
    },
    "melbands": {
        "dmean": [0.00204987870529, 0.00334393838421, 0.00131836277433, 0.000441538431915, 0.000252741476288, 0.000240358203882, 0.000140958654811, 0.000126403669128, 0.000153142958879, 0.000163982927916, 0.00011905876454, 4.34216999565e-05, 2.73025743809e-05, 4.36031805293e-05, 4.10627544625e-05, 3.09664537781e-05, 4.03565936722e-05, 3.853463204e-05, 3.98706433771e-05, 2.89506733679e-05, 2.04271600523e-05, 2.96508515021e-05, 2.74913909379e-05, 1.22627461678e-05, 1.18075495266e-05, 1.43468205351e-05, 1.10901619337e-05, 1.09170241558e-05, 8.73242061061e-06, 7.76445722295e-06, 6.65196694172e-06, 4.83810072183e-06, 3.10465793518e-06, 2.28039402828e-06, 2.21345271711e-06, 2.02000614991e-06, 3.25567384607e-06, 2.00380532078e-06, 1.37130371058e-06, 9.89377440419e-07],
        "dmean2": [0.00336358044297, 0.00569344544783, 0.00233112415299, 0.000782290997449, 0.00043174502207, 0.000372408772819, 0.000224476883886, 0.000214324827539, 0.000239328670432, 0.000240897090407, 0.000182743009645, 6.5173204348e-05, 4.23787023465e-05, 7.03476835042e-05, 6.43897728878e-05, 5.0039467169e-05, 6.23966916464e-05, 6.22432344244e-05, 6.27519475529e-05, 4.407306551e-05, 3.36776829499e-05, 4.78192851006e-05, 4.44493853138e-05, 2.03818726732e-05, 1.98804973479e-05, 2.32259535551e-05, 1.85895678442e-05, 1.84774435183e-05, 1.50784690049e-05, 1.34198335218e-05, 1.17113240776e-05, 8.41959081299e-06, 5.11442112838e-06, 3.6834421735e-06, 3.5971086163e-06, 3.19043169839e-06, 5.05005937157e-06, 3.06902597913e-06, 2.06668892133e-06, 1.45769797655e-06],
        "dvar": [9.8489872471e-06, 2.71873414022e-05, 3.09523329634e-06, 5.16673480888e-07, 1.46648616806e-07, 2.22659465976e-07, 9.02855745721e-08, 8.57090256545e-08, 9.59093071629e-08, 1.04636619369e-07, 5.760605859e-08, 3.89817333968e-09, 1.40972589158e-09, 4.14177714347e-09, 5.66105917699e-09, 5.56002133223e-09, 6.77066358534e-09, 1.04721831207e-08, 5.28015098311e-09, 3.1072477924e-09, 5.27445698228e-10, 4.58696458594e-09, 2.28731522611e-09, 2.71938471741e-10, 1.8721435513e-10, 3.36328881412e-10, 1.79938203226e-10, 1.65990970968e-10, 1.51889695266e-10, 1.26816668278e-10, 1.10370067252e-10, 6.26211721366e-11, 2.59320984825e-11, 1.36820268656e-11, 1.01598408506e-11, 9.85181901336e-12, 1.33329430829e-10, 1.89419053359e-11, 8.16982852897e-12, 3.01560816249e-12],
        "dvar2": [2.32902566495e-05, 7.25424397388e-05, 8.54234713188e-06, 1.42559758842e-06, 3.7032293676e-07, 4.83995336253e-07, 2.00810390538e-07, 2.23417217171e-07, 2.16132121977e-07, 2.21201645445e-07, 1.14349809621e-07, 8.45566017205e-09, 2.98651103847e-09, 9.62161905704e-09, 1.09124291825e-08, 1.31229320743e-08, 1.40517339986e-08, 2.78473333282e-08, 1.04893969066e-08, 5.98996230394e-09, 1.36538758078e-09, 1.18482814671e-08, 5.69671110284e-09, 6.85821621715e-10, 4.79655093422e-10, 8.41396619045e-10, 4.6500708839e-10, 4.19276668939e-10, 4.18083706544e-10, 3.49761025698e-10, 3.05453634608e-10, 1.69443056808e-10, 6.46776521229e-11, 3.48608260314e-11, 2.48865025809e-11, 2.39398743884e-11, 2.84680112816e-10, 3.94122963432e-11, 1.73268864534e-11, 5.59733639646e-12],
        "max": [0.0246874988079, 0.0370163917542, 0.0117276329547, 0.00749809714034, 0.0044555994682, 0.00730496505275, 0.00569267896935, 0.00403580116108, 0.00469743274152, 0.00522470101714, 0.00446979748085, 0.001492429059, 0.000861267908476, 0.001007682411, 0.00154772948008, 0.00186921225395, 0.00157137960196, 0.00203202478588, 0.00148921390064, 0.00124249223154, 0.000314406817779, 0.00125430268236, 0.000588470778894, 0.000254568614764, 0.000228040735237, 0.000299147854093, 0.000132824920001, 0.000159056478878, 0.000141685115523, 9.34121271712e-05, 8.65639303811e-05, 0.000102332189272, 7.50466715544e-05, 4.53285756521e-05, 2.83104054688e-05, 7.0148074883e-05, 0.000270532909781, 8.52682278492e-05, 5.2253191825e-05, 3.50941481884e-05],
        "mean": [0.00292029720731, 0.0054862103425, 0.00229339301586, 0.000686039391439, 0.00043561347411, 0.000451958418125, 0.000225932162721, 0.00016820874589, 0.000280682463199, 0.000334613578161, 0.000312572752591, 9.95887385216e-05, 5.72257413296e-05, 8.14975355752e-05, 7.41916737752e-05, 5.35699327884e-05, 7.44347198633e-05, 6.94997943356e-05, 7.28186132619e-05, 5.39343855053e-05, 4.15066060668e-05, 5.45620714547e-05, 5.1748505939e-05, 2.66674778686e-05, 2.56031453318e-05, 2.92140521196e-05, 2.3276263164e-05, 2.22837825277e-05, 1.77448291652e-05, 1.39304220284e-05, 1.10863538794e-05, 8.27302392281e-06, 5.45315424461e-06, 4.29459942097e-06, 4.34359753854e-06, 4.24329209636e-06, 6.80710581946e-06, 4.04607681048e-06, 2.48671653935e-06, 1.78270556717e-06],
        "median": [0.0015357285738, 0.00396429002285, 0.00181353476364, 0.000528491800651, 0.000257936655544, 0.000167391466675, 0.000105269820779, 8.68090137374e-05, 0.0001436570019, 0.00011793016165, 8.84312757989e-05, 5.99072773184e-05, 3.90350760426e-05, 5.44076574442e-05, 5.13685699843e-05, 3.05553294311e-05, 3.3219679608e-05, 3.53400973836e-05, 3.9446826122e-05, 3.03178439935e-05, 3.18778002111e-05, 3.58655051969e-05, 3.02846474369e-05, 2.00044996745e-05, 2.03042000066e-05, 2.13323237404e-05, 1.81531777343e-05, 1.75511613634e-05, 1.3368128748e-05, 9.87922976492e-06, 7.15705846233e-06, 4.59052989754e-06, 3.09458619085e-06, 2.10532789424e-06, 2.31518470173e-06, 2.5841986826e-06, 2.29771762861e-06, 1.80715642273e-06, 1.19490550787e-06, 8.85571125764e-07],
        "min": [1.35131103889e-05, 0.000160444673384, 5.98006336077e-05, 1.84541022463e-05, 1.99176920432e-05, 3.51517428498e-06, 4.94114465255e-06, 2.97173619401e-06, 6.95335984346e-06, 7.45242687117e-06, 3.82814732802e-06, 6.01613055551e-06, 4.07268362324e-06, 3.98092970499e-06, 3.43437045558e-06, 3.48178173226e-06, 3.29256590703e-06, 4.35792662756e-06, 3.10557425109e-06, 4.74244279758e-06, 5.57352723263e-06, 5.49820288143e-06, 3.82196685678e-06, 2.91784658657e-06, 2.75481647805e-06, 3.1440551993e-06, 2.77493654721e-06, 1.51240590185e-06, 7.645938922e-07, 9.21486616789e-07, 6.18162630417e-07, 3.70815712358e-07, 2.27463772262e-07, 1.3961471268e-07, 6.71463027402e-08, 4.84940194667e-08, 2.17799609459e-08, 4.45991226172e-08, 4.33938041056e-09, 1.27088695123e-09],
