{
"highlevel": {
    "danceability": {
        "all": {
            "danceable": 0.0766145214438,
            "not_danceable": 0.923385500908
        },
        "probability": 0.923385500908,
        "value": "not_danceable"
    },
    "gender": {
        "all": {
            "female": 0.0448023118079,
            "male": 0.955197691917
        },
        "probability": 0.955197691917,
        "value": "male"
    },
    "genre_dortmund": {
        "all": {
            "alternative": 0.0476029776037,
            "blues": 0.249413341284,
            "electronic": 0.0157651137561,
            "folkcountry": 0.330469429493,
            "funksoulrnb": 0.0234546717256,
            "jazz": 0.0224317796528,
            "pop": 0.0226155854762,
            "raphiphop": 0.00163954647724,
            "rock": 0.286607533693
        },
        "probability": 0.330469429493,
        "value": "folkcountry"
    },
    "genre_electronic": {
        "all": {
            "ambient": 0.759987235069,
            "dnb": 0.205918371677,
            "house": 0.0187934245914,
            "techno": 0.0066397851333,
            "trance": 0.00866121612489
        },
        "probability": 0.759987235069,
        "value": "ambient"
    },
    "genre_rosamerica": {
        "all": {
            "cla": 0.985617280006,
            "dan": 0.000182467279956,
            "hip": 0.000384501588996,
            "jaz": 0.000238405569689,
            "pop": 0.000535268220119,
            "rhy": 0.00537758599967,
            "roc": 0.00748598203063,
            "spe": 0.000178519854671
        },
        "probability": 0.985617280006,
        "value": "cla"
    },
    "genre_tzanetakis": {
        "all": {
            "blu": 0.0871587097645,
            "cla": 0.0294919908047,
            "cou": 0.08846270293,
            "dis": 0.0679740086198,
            "hip": 0.266684561968,
            "jaz": 0.271227955818,
            "met": 0.0379273928702,
            "pop": 0.0530830062926,
            "reg": 0.0537457354367,
            "roc": 0.0442439205945
        },
        "probability": 0.271227955818,
        "value": "jaz"
    },
    "ismir04_rhythm": {
        "all": {
            "ChaChaCha": 0.0575730726123,
            "Jive": 0.235987871885,
            "Quickstep": 0.327774316072,
            "Rumba-American": 0.0124731566757,
            "Rumba-International": 0.0104166129604,
            "Rumba-Misc": 0.0081905387342,
            "Samba": 0.0296503379941,
            "Tango": 0.0861683115363,
            "VienneseWaltz": 0.207358300686,
            "Waltz": 0.0244074780494
        },
        "probability": 0.327774316072,
        "value": "Quickstep"
    },
    "mood_acoustic": {
        "all": {
            "acoustic": 0.033304605633,
            "not_acoustic": 0.96669536829
        },
        "probability": 0.96669536829,
        "value": "not_acoustic"
    },
    "mood_aggressive": {
        "all": {
            "aggressive": 0.641207814217,
            "not_aggressive": 0.358792215586
        },
        "probability": 0.641207814217,
        "value": "aggressive"
    },
    "mood_electronic": {
        "all": {
            "electronic": 0.139320269227,
            "not_electronic": 0.860679745674
        },
        "probability": 0.860679745674,
        "value": "not_electronic"
    },
    "mood_happy": {
        "all": {
            "happy": 0.898865640163,
            "not_happy": 0.101134374738
        },
        "probability": 0.898865640163,
        "value": "happy"
    },
    "mood_party": {
        "all": {
            "not_party": 0.614571750164,
            "party": 0.385428220034
        },
        "probability": 0.614571750164,
        "value": "not_party"
    },
    "mood_relaxed": {
        "all": {
            "not_relaxed": 0.834406614304,
            "relaxed": 0.165593385696
        },
        "probability": 0.834406614304,
        "value": "not_relaxed"
    },
    "mood_sad": {
        "all": {
            "not_sad": 0.918379127979,
            "sad": 0.0816208422184
        },
        "probability": 0.918379127979,
        "value": "not_sad"
    },
    "moods_mirex": {
        "all": {
            "Cluster1": 0.24448056519,
            "Cluster2": 0.23658554256,
            "Cluster3": 0.105712041259,
            "Cluster4": 0.231635466218,
            "Cluster5": 0.181586399674
        },
        "probability": 0.24448056519,
        "value": "Cluster1"
    },
    "timbre": {
        "all": {
            "bright": 0.999983787537,
            "dark": 1.61887692229e-05
        },
        "probability": 0.999983787537,
        "value": "bright"
    },
    "tonal_atonal": {
        "all": {
            "atonal": 0.205953210592,
            "tonal": 0.79404681921
        },
        "probability": 0.79404681921,
        "value": "tonal"
    },
    "voice_instrumental": {
        "all": {
            "instrumental": 0.0164476707578,
            "voice": 0.983552336693
        },
        "probability": 0.983552336693,
        "value": "voice"
    }
},
"lowlevel": {
    "average_loudness": 0.969064414501,
    "barkbands_crest": {
        "dmean": 2.12640142441,
        "dmean2": 3.51868510246,
        "dvar": 3.54736709595,
        "dvar2": 9.16771030426,
        "max": 18.6879940033,
        "mean": 7.05075836182,
        "median": 6.45815706253,
        "min": 2.31107187271,
        "var": 7.83748674393
    },
    "barkbands_flatness_db": {
        "dmean": 0.0157161224633,
        "dmean2": 0.0248044934124,
        "dvar": 0.000193373998627,
        "dvar2": 0.000430977583164,
        "max": 0.285063147545,
        "mean": 0.163367941976,
        "median": 0.160680323839,
        "min": 0.0766811072826,
        "var": 0.000751428713556
    },
    "barkbands_kurtosis": {
        "dmean": 0.824415564537,
        "dmean2": 1.32993924618,
        "dvar": 1.13091289997,
        "dvar2": 2.67543148994,
        "max": 15.305229187,
        "mean": 0.0282062850893,
        "median": -0.516741752625,
        "min": -1.79918146133,
        "var": 3.32757091522
    },
    "barkbands_skewness": {
        "dmean": 0.394872546196,
        "dmean2": 0.615001678467,
        "dvar": 0.118730336428,
        "dvar2": 0.275821864605,
        "max": 3.04274177551,
        "mean": 0.237811848521,
        "median": 0.130591273308,
        "min": -3.05811977386,
        "var": 0.741617739201
    },
    "barkbands_spread": {
        "dmean": 3.69131398201,
        "dmean2": 5.71930837631,
        "dvar": 10.3026103973,
        "dvar2": 24.9820346832,
        "max": 51.0437278748,
        "mean": 19.9127979279,
        "median": 19.5229816437,
        "min": 3.99029254913,
        "var": 48.3962249756
    },
    "dissonance": {
        "dmean": 0.0128252469003,
        "dmean2": 0.0222613085061,
        "dvar": 0.000141887328937,
        "dvar2": 0.000398869306082,
        "max": 0.499977737665,
        "mean": 0.480492770672,
        "median": 0.483947038651,
        "min": 0.401155471802,
        "var": 0.000212861443288
    },
    "dynamic_complexity": 2.78230714798,
    "erbbands_crest": {
        "dmean": 2.48437309265,
        "dmean2": 4.12742757797,
        "dvar": 5.19989538193,
        "dvar2": 12.8104057312,
        "max": 24.1056652069,
        "mean": 8.3300113678,
        "median": 7.33028078079,
        "min": 2.99724316597,
        "var": 12.6316766739
    },
    "erbbands_flatness_db": {
        "dmean": 0.016420006752,
        "dmean2": 0.0243715792894,
        "dvar": 0.000211080157897,
        "dvar2": 0.000423960300395,
        "max": 0.341056227684,
        "mean": 0.23847271502,
        "median": 0.235567808151,
        "min": 0.128249466419,
        "var": 0.00103384128306
    },
    "erbbands_kurtosis": {
        "dmean": 0.940175235271,
        "dmean2": 1.50587809086,
        "dvar": 2.7228782177,
        "dvar2": 5.85714626312,
        "max": 35.8725471497,
        "mean": 0.33304977417,
        "median": -0.161888122559,
        "min": -1.68248772621,
        "var": 4.74176168442
    },
    "erbbands_skewness": {
        "dmean": 0.360483467579,
        "dmean2": 0.56411832571,
        "dvar": 0.120398625731,
        "dvar2": 0.288727045059,
        "max": 1.71670663357,
        "mean": -0.381175130606,
        "median": -0.341669350863,
        "min": -5.27735996246,
        "var": 0.543024837971
    },
    "erbbands_spread": {
        "dmean": 4.59372282028,
        "dmean2": 7.37397193909,
        "dvar": 17.0732650757,
        "dvar2": 41.7039718628,
        "max": 53.1100921631,
        "mean": 23.426897049,
        "median": 22.5382175446,
        "min": 5.68693971634,
        "var": 67.0333557129
    },
    "hfc": {
        "dmean": 5.8671002388,
        "dmean2": 8.11773586273,
        "dvar": 45.8307800293,
        "dvar2": 95.0296325684,
        "max": 91.2461853027,
        "mean": 22.2439556122,
        "median": 19.3885650635,
        "min": 0.0778212398291,
        "var": 289.062469482
    },
    "melbands_crest": {
        "dmean": 2.81288480759,
        "dmean2": 4.70370769501,
        "dvar": 6.15941572189,
        "dvar2": 15.8124542236,
        "max": 27.4750366211,
        "mean": 9.18187046051,
        "median": 8.48201370239,
        "min": 2.97799038887,
        "var": 15.3200531006
    },
    "melbands_flatness_db": {
        "dmean": 0.0183711983263,
        "dmean2": 0.0277708191425,
        "dvar": 0.000297524529742,
        "dvar2": 0.000626252905931,
        "max": 0.363268792629,
        "mean": 0.174194633961,
        "median": 0.171547502279,
        "min": 0.0379422269762,
        "var": 0.00177813402843
    },
    "melbands_kurtosis": {
        "dmean": 1.41570544243,
        "dmean2": 2.24779224396,
        "dvar": 3.34370136261,
        "dvar2": 8.0607881546,
        "max": 25.5276622772,
        "mean": 1.37293589115,
        "median": 0.0446035861969,
        "min": -1.88747227192,
        "var": 11.4058542252
    },
    "melbands_skewness": {
        "dmean": 0.425967603922,
        "dmean2": 0.663789749146,
        "dvar": 0.130145922303,
        "dvar2": 0.316325604916,
        "max": 4.12735128403,
        "mean": 0.932270228863,
        "median": 0.801068007946,
        "min": -1.3389415741,
        "var": 0.755700409412
    },
    "melbands_spread": {
        "dmean": 7.52921581268,
        "dmean2": 11.7174539566,
        "dvar": 60.5479164124,
        "dvar2": 144.230545044,
        "max": 134.919067383,
        "mean": 36.1247940063,
        "median": 34.401966095,
        "min": 3.93552446365,
        "var": 289.281158447
    },
    "pitch_salience": {
        "dmean": 0.0578781925142,
        "dmean2": 0.0964129194617,
        "dvar": 0.00248648552224,
        "dvar2": 0.00639051198959,
        "max": 0.843704342842,
        "mean": 0.645842194557,
        "median": 0.652505218983,
        "min": 0.297685801983,
        "var": 0.00744076026604
    },
    "silence_rate_20dB": {
        "dmean": 0,
        "dmean2": 0,
        "dvar": 0,
        "dvar2": 0,
        "max": 1,
        "mean": 1,
        "median": 1,
        "min": 1,
        "var": 0
    },
    "silence_rate_30dB": {
        "dmean": 0,
        "dmean2": 0,
        "dvar": 0,
        "dvar2": 0,
        "max": 1,
        "mean": 1,
        "median": 1,
        "min": 1,
        "var": 0
    },
    "silence_rate_60dB": {
        "dmean": 0.0154798757285,
        "dmean2": 0.0302091408521,
        "dvar": 0.0152402762324,
        "dvar2": 0.0339440219104,
        "max": 1,
        "mean": 0.0440835282207,
        "median": 0,
        "min": 0,
        "var": 0.0421402305365
    },
    "spectral_centroid": {
        "dmean": 212.238967896,
        "dmean2": 321.038604736,
        "dvar": 38607.9609375,
        "dvar2": 78094.0859375,
        "max": 3694.83911133,
        "mean": 1774.64672852,
        "median": 1807.52490234,
        "min": 350.993652344,
        "var": 351334.03125
    },
    "spectral_complexity": {
        "dmean": 3.65247678757,
        "dmean2": 5.58946561813,
        "dvar": 10.3799772263,
        "dvar2": 21.4379711151,
        "max": 46,
        "mean": 24.7200317383,
        "median": 26,
        "min": 0,
        "var": 80.7846603394
    },
    "spectral_decrease": {
        "dmean": 9.29651744475e-10,
        "dmean2": 1.33313837747e-09,
        "dvar": 8.42240624677e-19,
        "dvar2": 1.82883264145e-18,
        "max": -1.1900900404e-11,
        "mean": -3.88821463915e-09,
        "median": -3.6882001897e-09,
        "min": -1.44229490573e-08,
        "var": 5.22899494529e-18
    },
    "spectral_energy": {
        "dmean": 0.00394374458119,
        "dmean2": 0.00563047267497,
        "dvar": 1.53094169946e-05,
        "dvar2": 3.23698259308e-05,
        "max": 0.0599431991577,
        "mean": 0.0166926085949,
        "median": 0.0157230608165,
        "min": 5.19755813002e-05,
        "var": 9.94779838948e-05
    },
    "spectral_energyband_high": {
        "dmean": 9.84226280707e-05,
        "dmean2": 0.000147610422573,
        "dvar": 3.30419780425e-08,
        "dvar2": 7.75780080176e-08,
        "max": 0.00238273921423,
        "mean": 0.000229704863159,
        "median": 0.000103695572761,
        "min": 3.32481306486e-07,
        "var": 1.06631254937e-07
    },
    "spectral_energyband_low": {
        "dmean": 0.00059636955848,
        "dmean2": 0.000953345210291,
        "dvar": 1.27530745431e-06,
        "dvar2": 3.38005520462e-06,
        "max": 0.0278263892978,
        "mean": 0.00104382110294,
        "median": 0.000534529972356,
        "min": 2.09926474781e-06,
        "var": 2.60775277638e-06
    },
    "spectral_energyband_middle_high": {
        "dmean": 0.00289355870336,
        "dmean2": 0.00408263411373,
        "dvar": 1.17687741295e-05,
        "dvar2": 2.55577451753e-05,
        "max": 0.0407047048211,
        "mean": 0.00971497222781,
        "median": 0.00758645776659,
        "min": 3.92007968912e-05,
        "var": 6.86313796905e-05
    },
    "spectral_energyband_middle_low": {
        "dmean": 0.00226032431237,
        "dmean2": 0.00354736181907,
        "dvar": 7.93807794253e-06,
        "dvar2": 2.01468683372e-05,
        "max": 0.0457280501723,
        "mean": 0.00621297582984,
        "median": 0.00516213430092,
        "min": 9.91040451481e-06,
        "var": 2.23887254833e-05
    },
    "spectral_entropy": {
        "dmean": 0.0997200608253,
        "dmean2": 0.149487540126,
        "dvar": 0.00815942138433,
        "dvar2": 0.0171506237239,
        "max": 8.24110889435,
        "mean": 7.43764352798,
        "median": 7.45303201675,
        "min": 6.69351625443,
        "var": 0.0324965715408
    },
    "spectral_flux": {
        "dmean": 0.0136983180419,
        "dmean2": 0.0214580260217,
        "dvar": 0.000178818518179,
        "dvar2": 0.000418255716795,
        "max": 0.206462651491,
        "mean": 0.0753928720951,
        "median": 0.0754152312875,
        "min": 0.00698760524392,
        "var": 0.000781016657129
    },
    "spectral_kurtosis": {
        "dmean": 3.66172003746,
        "dmean2": 6.49975347519,
        "dvar": 10.8652801514,
        "dvar2": 32.3348083496,
        "max": 29.7610092163,
        "mean": 6.74951648712,
        "median": 5.80240058899,
        "min": 0.87571978569,
        "var": 15.740105629
    },
    "spectral_rms": {
        "dmean": 0.000477121560834,
        "dmean2": 0.000669474597089,
        "dvar": 1.70711913938e-07,
        "dvar2": 3.17826447827e-07,
        "max": 0.00764729827642,
        "mean": 0.00382546638139,
        "median": 0.00391657650471,
        "min": 0.000225184121518,
        "var": 1.65125413787e-06
    },
    "spectral_rolloff": {
        "dmean": 316.414276123,
        "dmean2": 513.761169434,
        "dvar": 118639.960938,
        "dvar2": 260537.15625,
        "max": 7493.5546875,
        "mean": 2151.62231445,
        "median": 2304.05273438,
        "min": 301.46484375,
        "var": 631167.625
    },
    "spectral_skewness": {
        "dmean": 0.332819253206,
        "dmean2": 0.582253277302,
        "dvar": 0.0846078023314,
        "dvar2": 0.238730058074,
        "max": 4.15324068069,
        "mean": 1.30281949043,
        "median": 1.25492548943,
        "min": 0.250812768936,
        "var": 0.156990587711
    },
    "spectral_spread": {
        "dmean": 235159.140625,
        "dmean2": 361153.71875,
        "dvar": 67601428480,
        "dvar2": 128053026816,
        "max": 5731933.5,
        "mean": 2267210.5,
        "median": 2234042,
        "min": 1316058.125,
        "var": 180203520000
    },
    "spectral_strongpeak": {
        "dmean": 1.00880765915,
        "dmean2": 1.68933928013,
        "dvar": 1.86287379265,
        "dvar2": 4.77815008163,
        "max": 11.2986097336,
        "mean": 1.75366795063,
        "median": 0.859262943268,
        "min": 0.0266527030617,
        "var": 3.80874752998
    },
    "zerocrossingrate": {
        "dmean": 0.00658650603145,
        "dmean2": 0.00778678106144,
        "dvar": 4.69977640023e-05,
        "dvar2": 5.49640644749e-05,
        "max": 0.19580078125,
        "mean": 0.0702146962285,
        "median": 0.07080078125,
        "min": 0.0126953125,
        "var": 0.000544228183571
    },
    "barkbands": {
        "dmean": [1.00795307389e-06, 0.000159260249347, 0.000360483769327, 0.000563095731195, 0.000619250931777, 0.000663443293888, 0.000761280534789, 0.000554392754566, 0.000560746586416, 0.000779883936048, 0.000401460012654, 0.000431788910646, 0.000655370997265, 0.000590365962125, 0.000784963543992, 0.000678278913256, 0.000743655138649, 0.000511047663167, 0.000380535435397, 0.000137037786772, 3.69011213479e-05, 1.4896837456e-05, 7.0590026553e-06, 3.01643262901e-06, 6.3798603378e-07, 2.08509888466e-07, 6.11730388567e-10],
        "dmean2": [1.75431864591e-06, 0.000274181016721, 0.000568677729461, 0.000935789663345, 0.00104642636143, 0.00111084012315, 0.00125600653701, 0.000874394143466, 0.000902424217202, 0.00128734263126, 0.000630767724942, 0.000642355822492, 0.00106739962939, 0.000963275611866, 0.00126849557273, 0.00110657140613, 0.00122018391266, 0.000829609925859, 0.000614185177255, 0.000218007247895, 5.6301458244e-05, 2.37089861912e-05, 1.0588173609e-05, 4.68190000902e-06, 9.52618393057e-07, 3.12045131068e-07, 1.12476994385e-09],
        "dvar": [1.55307364191e-12, 1.08454344172e-07, 5.40787937098e-07, 6.82290988152e-07, 5.15079818797e-07, 8.72951375186e-07, 1.20276138205e-06, 1.70286182311e-06, 1.51053529862e-06, 3.67368056686e-06, 5.36912580174e-07, 8.99677502275e-07, 1.6044905351e-06, 1.40803160775e-06, 2.60513820649e-06, 2.25334679271e-06, 1.72662305431e-06, 8.82067070052e-07, 6.01359374741e-07, 8.893472625e-08, 3.2262261751e-09, 2.0805641654e-09, 4.61267135599e-10, 6.52747231267e-11, 4.09903361254e-12, 7.13084051442e-13, 6.47789074229e-19],
        "dvar2": [3.95242475901e-12, 2.88470744181e-07, 1.40443000873e-06, 1.68753683738e-06, 1.345879582e-06, 2.20247193283e-06, 3.12885185849e-06, 4.23725077781e-06, 3.63546450899e-06, 8.89050352271e-06, 1.18448917874e-06, 1.83084432592e-06, 4.28109569839e-06, 3.58039960702e-06, 6.36293998468e-06, 5.90955505686e-06, 4.35712809121e-06, 2.26099086831e-06, 1.52432744471e-06, 2.17135024627e-07, 7.5458927995e-09, 5.09853315123e-09, 8.7706636398e-10, 1.48150575141e-10, 9.48180076121e-12, 1.40787934696e-12, 1.85689412334e-18],
        "max": [1.8169881514e-05, 0.00444281473756, 0.0157686620951, 0.0121088605374, 0.0131454905495, 0.0127940205857, 0.0134119372815, 0.0326212607324, 0.0271411575377, 0.0405086018145, 0.0135171795264, 0.0240451041609, 0.0160783678293, 0.0165656581521, 0.0239890813828, 0.018049698323, 0.0175166726112, 0.0126015590504, 0.0107650896534, 0.00433212053031, 0.000728354672901, 0.000902011466678, 0.000468125654152, 0.000219723777263, 3.04278146359e-05, 1.56490132213e-05, 8.65426752483e-09],
        "mean": [1.10676842269e-06, 0.000200591341127, 0.000547072151676, 0.000764816359151, 0.00101499259472, 0.0010270900093, 0.00111104990356, 0.000971431611106, 0.000865746347699, 0.00114114163443, 0.000666997453663, 0.000894814147614, 0.00102957314812, 0.000866842630785, 0.00127819715999, 0.00108332023956, 0.00124890706502, 0.000894716591574, 0.000702284392901, 0.00025816532434, 7.81504277256e-05, 2.72047873295e-05, 1.20688637253e-05, 4.976729997e-06, 1.03918864625e-06, 3.20114367014e-07, 4.94256913175e-10],
        "median": [6.76719196235e-07, 9.10346134333e-05, 0.0001591022301, 0.000431903230492, 0.000751420040615, 0.000656390737277, 0.000673060189001, 0.000470592727652, 0.000378906232072, 0.000443876750069, 0.000275580241578, 0.000212598984945, 0.000405848579248, 0.00029466743581, 0.000585895730183, 0.000447807076853, 0.000629165675491, 0.000503286428284, 0.000280460983049, 9.70554101514e-05, 3.95074566768e-05, 1.040879215e-05, 5.76720094614e-06, 2.32477509599e-06, 3.46669708051e-07, 6.03965801815e-08, 2.05843009304e-10],
        "min": [1.66803459933e-09, 3.07636696562e-07, 3.74183116492e-07, 5.13271174896e-07, 2.04231082535e-06, 4.34834248608e-07, 6.61050165718e-08, 8.70352550919e-07, 4.60998398921e-06, 1.48215508489e-06, 2.67050313596e-06, 3.52890378963e-06, 4.03587137043e-06, 5.26938629264e-06, 3.62673154086e-06, 4.26243514084e-06, 4.38800270786e-06, 2.79781875179e-06, 1.9840351797e-06, 5.18859565091e-07, 1.66786378486e-07, 2.38188722079e-08, 6.53691678565e-09, 3.25900173515e-09, 2.66976973862e-09, 5.82600356847e-10, 6.92798596269e-12],
        "var": [1.7961690078e-12, 1.19380146657e-07, 1.16193052691e-06, 1.24233849874e-06, 8.8686675781e-07, 1.54875954195e-06, 1.87885439118e-06, 4.14817577621e-06, 3.25542077917e-06, 6.15524004388e-06, 1.36654000471e-06, 4.97610790262e-06, 2.93952098218e-06, 2.51646883953e-06, 4.67818472316e-06, 3.87558384318e-06, 3.18324828186e-06, 1.56805424467e-06, 1.26319991978e-06, 2.09316070254e-07, 9.48124867506e-09, 2.94180235727e-09, 8.17054091051e-10, 9.74844927004e-11, 5.69346696525e-12, 1.14586562894e-12, 5.58497512044e-19]
    },
    "erbbands": {
        "dmean": [0.00190387363546, 0.0485141500831, 0.341886430979, 1.01453149319, 2.25454616547, 2.44087386131, 3.3446559906, 5.95587921143, 10.1072340012, 13.2115879059, 7.78573894501, 12.3357973099, 23.3261470795, 18.7457904816, 15.2148828506, 21.0245494843, 28.5735874176, 31.2213172913, 36.5414047241, 35.3946304321, 33.3022575378, 33.7421417236, 30.398557663, 23.5653324127, 14.2808904648, 5.89634275436, 2.30945134163, 1.00569689274, 0.568279445171, 0.339223533869, 0.199214547873, 0.0979339927435, 0.0330349318683, 0.0103608295321, 0.00313811958767, 0.00111848628148, 0.000384885643143, 3.7686459109e-05, 2.95216091217e-06, 4.98809140481e-06],
        "dmean2": [0.00311989057809, 0.0825926586986, 0.535138547421, 1.6680752039, 3.87909340858, 4.26377868652, 5.55881786346, 9.97216415405, 16.9000759125, 20.9877147675, 12.586561203, 19.8707466125, 38.3638916016, 29.6824131012, 23.8869552612, 30.7484092712, 45.9492683411, 50.1098480225, 58.5754928589, 57.5727996826, 54.2877616882, 53.3094215393, 49.5574645996, 37.4960289001, 22.4065494537, 9.36995124817, 3.61395549774, 1.54665803909, 0.887951016426, 0.517066061497, 0.300952374935, 0.149469926953, 0.0516820326447, 0.0156917609274, 0.00470157666132, 0.00170694408007, 0.000559132371563, 5.80250707571e-05, 4.136066309e-06, 7.06211858414e-06],
        "dvar": [1.30173475554e-05, 0.00952297728509, 0.415935397148, 2.9072945118, 8.90636444092, 9.08655166626, 26.7330780029, 70.4061508179, 197.470474243, 1005.36376953, 169.514892578, 456.345916748, 4641.65576172, 1179.57849121, 717.480041504, 2141.18774414, 3002.37817383, 4015.83398438, 6355.80957031, 4219.79980469, 4273.72412109, 3641.26782227, 3323.37890625, 2582.39599609, 820.373168945, 139.662277222, 14.7179679871, 2.63761377335, 3.28889346123, 1.4513078928, 0.380007177591, 0.0907796770334, 0.005642011296, 0.00105119938962, 0.000100798686617, 1.78500631591e-05, 2.86403223981e-06, 4.73745949137e-08, 1.82260335296e-11, 2.46676984395e-11],
        "dvar2": [3.13780910801e-05, 0.0257010757923, 1.05476093292, 7.195291996, 23.5539588928, 24.8986320496, 68.8502731323, 179.867355347, 531.250366211, 2730.27319336, 397.53704834, 1026.49133301, 11994.7460938, 2822.89697266, 1569.26049805, 4329.49121094, 7897.32226562, 10293.71875, 14762.3115234, 10697.0683594, 10929.4306641, 8736.16308594, 8537.95800781, 6722.32910156, 1837.03063965, 327.370269775, 37.4569244385, 5.77611923218, 8.60575199127, 2.90903139114, 0.82410889864, 0.19375410676, 0.0145460199565, 0.0025410214439, 0.000225536525249, 3.85115054087e-05, 6.14130931353e-06, 9.86521442314e-08, 3.70734935806e-11, 5.09634834334e-11],
        "max": [0.0607850179076, 1.41627275944, 12.3760986328, 33.9326896667, 47.6558494568, 40.938117981, 72.0397872925, 99.6165771484, 149.422897339, 652.768249512, 262.689117432, 504.02722168, 1629.43847656, 533.692138672, 370.145507812, 1154.44165039, 731.987731934, 763.684814453, 1463.88354492, 1275.2590332, 1116.92077637, 724.778442383, 837.089294434, 731.334350586, 356.151062012, 173.098571777, 44.6253814697, 22.3778781891, 41.3539009094, 29.7598991394, 12.7392606735, 8.9732875824, 1.41824746132, 0.606094479561, 0.161844357848, 0.0839878842235, 0.0343577414751, 0.00652051204816, 0.000103308266262, 7.21351825632e-05],
        "mean": [0.0027610710822, 0.0650506317616, 0.545284330845, 1.56288421154, 2.9903113842, 3.60150027275, 4.95277023315, 9.15436458588, 14.914683342, 23.2302017212, 14.60297966, 20.1740760803, 34.3070831299, 31.6430301666, 27.1988983154, 45.494720459, 48.5514297485, 49.3431968689, 61.4675712585, 61.0019378662, 58.8417549133, 62.0725593567, 56.5900764465, 43.296836853, 27.0219535828, 12.0648326874, 4.93694353104, 2.2327735424, 1.0738120079, 0.604629576206, 0.320673525333, 0.156684800982, 0.0550074726343, 0.0169796608388, 0.00509786233306, 0.00178571918514, 0.000555311737116, 5.3428550018e-05, 1.16461487778e-05, 2.13134335354e-05],
        "median": [0.00129897042643, 0.0308642759919, 0.187298506498, 0.904624521732, 1.98933744431, 2.49369668961, 3.07204341888, 6.18050909042, 9.27877426147, 12.4469223022, 8.81009101868, 9.6655626297, 13.0824432373, 13.5346670151, 12.4638319016, 12.5040473938, 20.8131904602, 20.2295703888, 30.7650680542, 32.8790054321, 32.9062461853, 34.8612060547, 32.60414505, 21.6027622223, 10.756649971, 4.89114999771, 2.27788281441, 1.12392115593, 0.427333414555, 0.234237298369, 0.147112116218, 0.0772348642349, 0.0255023930222, 0.00642874417827, 0.00151711783838, 0.000407085113693, 0.000106267201772, 1.23533136502e-05, 1.04343862404e-05, 2.00685353775e-05],
        "min": [9.92893728835e-06, 6.21204599156e-05, 0.000606101064477, 0.00154504633974, 0.00361450505443, 0.0088774189353, 0.00368027272634, 0.00427808240056, 0.00149052136112, 0.00302156782709, 0.029592666775, 0.0985489115119, 0.117372266948, 0.0418053641915, 0.174624100327, 0.271366477013, 0.239785954356, 0.21695548296, 0.178024202585, 0.275469958782, 0.253570795059, 0.231390580535, 0.188805490732, 0.119095034897, 0.0601345226169, 0.0258569419384, 0.0103314556181, 0.00366547517478, 0.000922929903027, 0.000347641471308, 0.000189410435269, 8.28254342196e-05, 4.41283991677e-05, 2.98191371257e-05, 1.61521838891e-05, 6.73782278682e-06, 6.54038899484e-07, 1.05383541893e-07, 8.72244996231e-08, 7.47200346041e-08],
        "var": [2.07390312426e-05, 0.011114353314, 0.975031018257, 5.95273017883, 11.8560791016, 13.4220075607, 37.0783348083, 118.916786194, 300.889648438, 2051.71850586, 406.492950439, 1305.05310059, 7595.20410156, 2616.81079102, 1622.94641113, 12167.5214844, 6003.97509766, 7085.56787109, 10878.5878906, 7939.27685547, 6808.52685547, 7579.22900391, 5910.27636719, 4649.26660156, 2002.58154297, 359.379150391, 44.3310546875, 8.10270500183, 4.38138103485, 2.33982419968, 0.558351635933, 0.133436724544, 0.00806787703186, 0.00138113810681, 0.000147786908201, 2.7259982744e-05, 3.94966036765e-06, 6.17758075805e-08, 6.84821921393e-11, 1.695395907e-10]
    },
    "gfcc": {
        "mean": [-44.1979370117, 133.45173645, -190.555541992, 28.9101200104, -52.4117851257, -14.3632392883, -37.0050086975, -6.22493553162, -16.4902935028, -14.7647476196, -7.63905239105, -13.5944414139, -8.59683895111],
        "cov": [[2644.18041992, -853.788574219, -284.844146729, 39.8488578796, -54.5116462708, 195.4634552, 1.15758895874, 119.038345337, -127.29145813, 74.2725219727, -116.353271484, 77.5997009277, -80.6514663696], [-853.788574219, 1036.14428711, 240.027832031, -85.1190795898, 134.677841187, -73.0877075195, 85.1732330322, -87.8805770874, 200.210632324, -74.6470947266, 127.336853027, -97.8819961548, 61.2704429626], [-284.844146729, 240.027832031, 414.742401123, 142.778961182, -76.1706390381, 39.9053382874, -9.66282939911, 2.8217716217, 40.536945343, 3.59279608727, 36.0307006836, -10.6027488708, 6.83669281006], [39.8488578796, -85.1190795898, 142.778961182, 215.74458313, 21.2695713043, 12.137597084, -7.61103630066, 36.7925682068, -8.9840259552, 31.840845108, 0.180483698845, 18.3791351318, -3.68353939056], [-54.5116462708, 134.677841187, -76.1706390381, 21.2695713043, 198.120376587, -25.7330989838, 29.8262844086, 16.6490249634, 43.5214881897, 2.42956161499, 11.6671285629, -10.9175891876, -1.71442770958], [195.4634552, -73.0877075195, 39.9053382874, 12.137597084, -25.7330989838, 144.423248291, 51.0936279297, 13.3482913971, -34.5208892822, 8.72783851624, -1.22552001476, 9.16456222534, -11.4047250748], [1.15758895874, 85.1732330322, -9.66282939911, -7.61103630066, 29.8262844086, 51.0936279297, 123.852119446, 17.566236496, -13.772274971, -3.62250947952, 10.1004114151, -2.12774705887, -1.64250814915], [119.038345337, -87.8805770874, 2.8217716217, 36.7925682068, 16.6490249634, 13.3482913971, 17.566236496, 76.2679290771, 17.7529335022, 21.1931304932, -10.4810686111, 12.2861232758, -9.90811443329], [-127.29145813, 200.210632324, 40.536945343, -8.9840259552, 43.5214881897, -34.5208892822, -13.772274971, 17.7529335022, 127.763183594, 13.8360042572, 25.2948093414, -21.6314086914, 11.409371376], [74.2725219727, -74.6470947266, 3.59279608727, 31.840845108, 2.42956161499, 8.72783851624, -3.62250947952, 21.1931304932, 13.8360042572, 68.8439331055, 14.5284004211, 12.9587211609, -6.84266090393], [-116.353271484, 127.336853027, 36.0307006836, 0.180483698845, 11.6671285629, -1.22552001476, 10.1004114151, -10.4810686111, 25.2948093414, 14.5284004211, 69.1268920898, 7.52995586395, 10.5696668625], [77.5997009277, -97.8819961548, -10.6027488708, 18.3791351318, -10.9175891876, 9.16456222534, -2.12774705887, 12.2861232758, -21.6314086914, 12.9587211609, 7.52995586395, 54.6193656921, 13.2101573944], [-80.6514663696, 61.2704429626, 6.83669281006, -3.68353939056, -1.71442770958, -11.4047250748, -1.64250814915, -9.90811443329, 11.409371376, -6.84266090393, 10.5696668625, 13.2101573944, 53.7485847473]],
        "icov": [[0.000602090032771, 0.000143593832036, 0.000497379107401, -0.000233619604842, 0.000172923275386, -0.000847540446557, 0.000220944741159, -0.000365978426998, -0.000186111457879, -0.000123168938444, 0.000422581273597, -0.000368420034647, 0.000456730369478], [0.000143593832036, 0.0115904239938, -0.00875493325293, 0.00630032736808, -0.00743921101093, 0.00473910477012, -0.00986636336893, 0.0100607620552, -0.0102682290599, 0.00796729046851, -0.0101946173236, 0.00873650424182, -0.00607868377119], [0.000497379107401, -0.00875493325293, 0.0124433254823, -0.00954884570092, 0.00900174397975, -0.00605486379936, 0.00767159601673, -0.007127544377, 0.00466362759471, -0.00381453707814, 0.00556177971885, -0.00530995056033, 0.00514796096832], [-0.000233619604842, 0.00630032736808, -0.00954884570092, 0.012994626537, -0.00773811759427, 0.0039716521278, -0.00420020334423, 0.00225193169899, -0.00154834566638, 0.000537894899026, -0.00399443600327, 0.00333421537653, -0.00418157177046], [0.000172923275386, -0.00743921101093, 0.00900174397975, -0.00773811759427, 0.0129370950162, -0.00280095892958, 0.00407411530614, -0.00636248430237, 0.0027413640637, -0.0033085832838, 0.00496063288301, -0.00459942081943, 0.0049862083979], [-0.000847540446557, 0.00473910477012, -0.00605486379936, 0.0039716521278, -0.00280095892958, 0.01306078583, -0.008510700427, 0.00394502468407, -0.00170234346297, 0.00178394443356, -0.00428060535342, 0.00314928567968, -0.00182636163663], [0.000220944741159, -0.00986636336893, 0.00767159601673, -0.00420020334423, 0.00407411530614, -0.008510700427, 0.0202159136534, -0.0131162879989, 0.0115858726203, -0.00558971427381, 0.00567147135735, -0.00488747982308, 0.00375393056311], [-0.000365978426998, 0.0100607620552, -0.007127544377, 0.00225193169899, -0.00636248430237, 0.00394502468407, -0.0131162879989, 0.0301466565579, -0.0157687459141, 0.00394036620855, -0.00279246270657, 0.000609468494076, -0.00091807130957], [-0.000186111457879, -0.0102682290599, 0.00466362759471, -0.00154834566638, 0.0027413640637, -0.00170234346297, 0.0115858726203, -0.0157687459141, 0.0242070872337, -0.0106160864234, 0.00494729261845, -0.00059628643794, 0.000583716959227], [-0.000123168938444, 0.00796729046851, -0.00381453707814, 0.000537894899026, -0.0033085832838, 0.00178394443356, -0.00558971427381, 0.00394036620855, -0.0106160864234, 0.0258020702749, -0.0126649094746, 0.00304021686316, -0.000634801166598], [0.000422581273597, -0.0101946173236, 0.00556177971885, -0.00399443600327, 0.00496063288301, -0.00428060535342, 0.00567147135735, -0.00279246270657, 0.00494729261845, -0.0126649094746, 0.0305471979082, -0.014353601262, 0.00504084024578], [-0.000368420034647, 0.00873650424182, -0.00530995056033, 0.00333421537653, -0.00459942081943, 0.00314928567968, -0.00488747982308, 0.000609468494076, -0.00059628643794, 0.00304021686316, -0.014353601262, 0.0350659377873, -0.0144056612626], [0.000456730369478, -0.00607868377119, 0.00514796096832, -0.00418157177046, 0.0049862083979, -0.00182636163663, 0.00375393056311, -0.00091807130957, 0.000583716959227, -0.000634801166598, 0.00504084024578, -0.0144056612626, 0.0273400302976]]
    },
    "melbands": {
        "dmean": [3.05211506202e-05, 0.000137824637932, 0.000221082140342, 0.000150746636791, 0.00011038948287, 0.00013328071509, 0.000160296549438, 0.000143468059832, 6.07498368481e-05, 8.26828545542e-05, 0.000118786621897, 7.99046392785e-05, 4.94808446092e-05, 5.65903719689e-05, 5.14416387887e-05, 6.51118898531e-05, 6.24189196969e-05, 5.78625658818e-05, 5.27204829268e-05, 5.87208051002e-05, 4.02629630116e-05, 3.76847638108e-05, 3.9047892642e-05, 2.22603248403e-05, 2.12161976378e-05, 1.32679879243e-05, 6.87816555001e-06, 3.90813784179e-06, 1.75710181338e-06, 9.56417352427e-07, 6.33558045138e-07, 3.73237355689e-07, 2.35788959912e-07, 1.7380578754e-07, 1.23152744891e-07, 9.26029883885e-08, 5.17006242262e-08, 2.62109782767e-08, 1.43053435764e-08, 7.5097323915e-09],
        "dmean2": [5.21260699315e-05, 0.000220215544687, 0.000368209788576, 0.000254188867984, 0.000184554504813, 0.000223626935622, 0.00026563857682, 0.00022565422114, 9.8948374216e-05, 0.000133143024868, 0.000195007451111, 0.000127037041239, 7.88535544416e-05, 8.41138898977e-05, 8.13805891084e-05, 0.000105113562313, 0.000101747071312, 9.19668964343e-05, 8.53709279909e-05, 9.7829841252e-05, 6.77959396853e-05, 6.12517542322e-05, 6.41663136776e-05, 3.62246755685e-05, 3.42288440152e-05, 2.11391379707e-05, 1.07508467408e-05, 6.35525429971e-06, 2.81611733044e-06, 1.54520034812e-06, 9.97560050564e-07, 5.97327300511e-07, 3.64737758218e-07, 2.66183036501e-07, 1.90572492897e-07, 1.44277962022e-07, 8.32187367905e-08, 4.16967722572e-08, 2.24251728298e-08, 1.13918563471e-08],
        "dvar": [3.86171938871e-09, 6.85266101641e-08, 1.03370602744e-07, 3.56225022813e-08, 2.24578684538e-08, 3.5183468583e-08, 4.87234714797e-08, 1.28335130967e-07, 1.07474900091e-08, 2.5362703937e-08, 1.15314463756e-07, 2.31820074248e-08, 7.74670017023e-09, 1.43986769174e-08, 1.13983507077e-08, 1.64379958534e-08, 1.7442998157e-08, 1.53513219914e-08, 1.23655121698e-08, 1.95318410334e-08, 7.07952807488e-09, 4.49759296473e-09, 6.39721831064e-09, 1.85169990452e-09, 2.41894038133e-09, 7.48359707536e-10, 3.05279301838e-10, 6.3987065646e-11, 1.12923802253e-11, 3.00590368568e-12, 1.35302674013e-12, 1.37226991923e-12, 7.92878675042e-13, 3.52267775497e-13, 1.45073812989e-13, 1.21234551803e-13, 1.89249742315e-14, 2.7731443647e-15, 1.99229963073e-15, 6.06568763858e-16],
        "dvar2": [9.94700943835e-09, 1.80139878125e-07, 2.6703827416e-07, 9.44576257211e-08, 5.81025894064e-08, 9.01093031302e-08, 1.28414129108e-07, 3.42530881881e-07, 2.3800215132e-08, 5.94057993908e-08, 2.95498040259e-07, 5.37796900346e-08, 1.78377916882e-08, 2.98630489226e-08, 3.05006295775e-08, 4.22898445152e-08, 4.47079777643e-08, 3.41989476738e-08, 3.21257545011e-08, 5.31752810673e-08, 1.89148874341e-08, 1.11996598662e-08, 1.61881459348e-08, 4.89270890469e-09, 6.3441931708e-09, 1.78460879408e-09, 6.71255107054e-10, 1.69063624211e-10, 3.10529588154e-11, 7.43032805423e-12, 3.17190522979e-12, 3.81303929403e-12, 1.74425328781e-12, 6.5626979762e-13, 3.16002053084e-13, 2.98537561859e-13, 4.0532579734e-14, 7.15445955382e-15, 5.08572599927e-15, 1.4647653936e-15],
        "max": [0.000917503493838, 0.00517876353115, 0.00490990094841, 0.00379183352925, 0.00200467463583, 0.00228225835599, 0.00263064494357, 0.0079227052629, 0.00241505610757, 0.00325129367411, 0.00806841254234, 0.00246609677561, 0.00121909647714, 0.0030833191704, 0.00152236968279, 0.00217187521048, 0.00175979081541, 0.00216441089287, 0.00186714297161, 0.00183746335097, 0.00141815876123, 0.000971265078988, 0.00103748880792, 0.000590621319134, 0.00071026122896, 0.000419196265284, 0.000237389482209, 0.00010226991435, 4.57257847302e-05, 2.10202906601e-05, 1.78479567694e-05, 2.72875622613e-05, 1.81332579814e-05, 1.49678198795e-05, 8.31181023386e-06, 1.0312062841e-05, 3.48297976416e-06, 8.32138880469e-07, 9.55110863288e-07, 4.22925523935e-07],
        "mean": [3.98297270294e-05, 0.000212418322917, 0.000334201700753, 0.000231542740948, 0.000174779139343, 0.000204885393032, 0.000236192296143, 0.000257417763351, 0.00010904033843, 0.000131486958708, 0.000171447609318, 0.000128133033286, 8.15518287709e-05, 0.000116787698062, 9.50950197875e-05, 0.000104145066871, 8.93623146112e-05, 9.12743489607e-05, 8.60267318785e-05, 8.95571283763e-05, 6.57913114992e-05, 6.35090764263e-05, 6.55220283079e-05, 3.9375412598e-05, 3.49746151187e-05, 2.2828236979e-05, 1.23351264847e-05, 7.05079673935e-06, 3.439319471e-06, 1.77042227278e-06, 1.23297479604e-06, 6.52234859899e-07, 3.99378478733e-07, 2.93378661809e-07, 1.89686133467e-07, 1.35369859322e-07, 7.99138604179e-08, 4.22954578028e-08, 2.19130633639e-08, 1.14738192281e-08],
        "median": [1.81917384907e-05, 8.00483976491e-05, 0.000206260941923, 0.000166720565176, 0.000118370211567, 0.000135918409796, 0.000147296595969, 0.000134751957376, 6.48408749839e-05, 5.7814118918e-05, 6.28819034318e-05, 5.00217101944e-05, 3.69306726498e-05, 2.82959717879e-05, 3.29231734213e-05, 3.90772875107e-05, 2.96705184155e-05, 4.04348611482e-05, 4.02165169362e-05, 3.47614986822e-05, 3.53857867594e-05, 3.1450381357e-05, 3.22536470776e-05, 2.12972663576e-05, 1.4978980289e-05, 8.66019399837e-06, 4.62681191493e-06, 2.59989928963e-06, 1.35683740154e-06, 9.37793060984e-07, 5.31613295607e-07, 2.48043932061e-07, 1.45911045024e-07, 1.16772248759e-07, 8.43584118115e-08, 6.36907273588e-08, 3.75521977958e-08, 1.98770706561e-08, 8.11312883542e-09, 3.92844201613e-09],
