{
"highlevel": {
    "danceability": {
        "all": {
            "danceable": 0.01324672997,
            "not_danceable": 0.986753284931
        },
        "probability": 0.986753284931,
        "value": "not_danceable"
    },
    "gender": {
        "all": {
            "female": 0.0306631438434,
            "male": 0.969336867332
        },
        "probability": 0.969336867332,
        "value": "male"
    },
    "genre_dortmund": {
        "all": {
            "alternative": 0.213757157326,
            "blues": 0.0200076885521,
            "electronic": 0.047168456018,
            "folkcountry": 0.0638776421547,
            "funksoulrnb": 0.00635879626498,
            "jazz": 0.00910981278867,
            "pop": 0.0419106371701,
            "raphiphop": 0.00177865801379,
            "rock": 0.59603112936
        },
        "probability": 0.59603112936,
        "value": "rock"
    },
    "genre_electronic": {
        "all": {
            "ambient": 0.380543649197,
            "dnb": 0.210967332125,
            "house": 0.0331060066819,
            "techno": 0.0203686524183,
            "trance": 0.355014383793
        },
        "probability": 0.380543649197,
        "value": "ambient"
    },
    "genre_rosamerica": {
        "all": {
            "cla": 0.00041664679884,
            "dan": 0.00225420901552,
            "hip": 0.000244369875873,
            "jaz": 0.000298205268336,
            "pop": 0.00298820482567,
            "rhy": 0.000837573548779,
            "roc": 0.992815792561,
            "spe": 0.000144998601172
        },
        "probability": 0.992815792561,
        "value": "roc"
    },
    "genre_tzanetakis": {
        "all": {
            "blu": 0.0626541376114,
            "cla": 0.0348133966327,
            "cou": 0.0783501937985,
            "dis": 0.104547761381,
            "hip": 0.15693578124,
            "jaz": 0.313987255096,
            "met": 0.044816005975,
            "pop": 0.0627349764109,
            "reg": 0.0627352520823,
            "roc": 0.0784252434969
        },
        "probability": 0.313987255096,
        "value": "jaz"
    },
    "ismir04_rhythm": {
        "all": {
            "ChaChaCha": 0.0609046965837,
            "Jive": 0.213639870286,
            "Quickstep": 0.0188113078475,
            "Rumba-American": 0.00920632947236,
            "Rumba-International": 0.012120780535,
            "Rumba-Misc": 0.00459861382842,
            "Samba": 0.0697133541107,
            "Tango": 0.0550126768649,
            "VienneseWaltz": 0.547157466412,
            "Waltz": 0.0088348928839
        },
        "probability": 0.547157466412,
        "value": "VienneseWaltz"
    },
    "mood_acoustic": {
        "all": {
            "acoustic": 0.026097830385,
            "not_acoustic": 0.97390216589
        },
        "probability": 0.97390216589,
        "value": "not_acoustic"
    },
    "mood_aggressive": {
        "all": {
            "aggressive": 0.991413354874,
            "not_aggressive": 0.00858663208783
        },
        "probability": 0.991413354874,
        "value": "aggressive"
    },
    "mood_electronic": {
        "all": {
            "electronic": 0.514713585377,
            "not_electronic": 0.485286444426
        },
        "probability": 0.514713585377,
        "value": "electronic"
    },
    "mood_happy": {
        "all": {
            "happy": 0.487549006939,
            "not_happy": 0.512450993061
        },
        "probability": 0.512450993061,
        "value": "not_happy"
    },
    "mood_party": {
        "all": {
            "not_party": 0.638488590717,
            "party": 0.361511409283
        },
        "probability": 0.638488590717,
        "value": "not_party"
    },
    "mood_relaxed": {
        "all": {
            "not_relaxed": 0.972131550312,
            "relaxed": 0.0278684720397
        },
        "probability": 0.972131550312,
        "value": "not_relaxed"
    },
    "mood_sad": {
        "all": {
            "not_sad": 0.900263607502,
            "sad": 0.0997363999486
        },
        "probability": 0.900263607502,
        "value": "not_sad"
    },
    "moods_mirex": {
        "all": {
            "Cluster1": 0.444889366627,
            "Cluster2": 0.0719050392509,
            "Cluster3": 0.125229075551,
            "Cluster4": 0.0425142198801,
            "Cluster5": 0.315462291241
        },
        "probability": 0.444889366627,
        "value": "Cluster1"
    },
    "timbre": {
        "all": {
            "bright": 0.669586062431,
            "dark": 0.330413937569
        },
        "probability": 0.669586062431,
        "value": "bright"
    },
    "tonal_atonal": {
        "all": {
            "atonal": 0.0629801899195,
            "tonal": 0.937019824982
        },
        "probability": 0.937019824982,
        "value": "tonal"
    },
    "voice_instrumental": {
        "all": {
            "instrumental": 0.00124562601559,
            "voice": 0.998754382133
        },
        "probability": 0.998754382133,
        "value": "voice"
    }
},
"lowlevel": {
    "average_loudness": 0.975123167038,
    "barkbands_crest": {
        "dmean": 3.03257346153,
        "dmean2": 5.10112810135,
        "dvar": 6.65832042694,
        "dvar2": 18.9745960236,
        "max": 20.5084762573,
        "mean": 9.5031080246,
        "median": 8.81991767883,
        "min": 2.88024711609,
        "var": 13.6772327423
    },
    "barkbands_flatness_db": {
        "dmean": 0.0184279661626,
        "dmean2": 0.0283369217068,
        "dvar": 0.000224436676945,
        "dvar2": 0.000538130057976,
        "max": 0.214226454496,
        "mean": 0.122121460736,
        "median": 0.12179531157,
        "min": 0.0409901961684,
        "var": 0.000876991602127
    },
    "barkbands_kurtosis": {
        "dmean": 1.54016625881,
        "dmean2": 2.4934053421,
        "dvar": 2.69271993637,
        "dvar2": 6.91918563843,
        "max": 19.2172660828,
        "mean": 1.838545084,
        "median": 1.32823991776,
        "min": -1.61731171608,
        "var": 8.08811950684
    },
    "barkbands_skewness": {
        "dmean": 0.422381609678,
        "dmean2": 0.678888499737,
        "dvar": 0.125953271985,
        "dvar2": 0.327513366938,
        "max": 4.07131719589,
        "mean": 1.38631248474,
        "median": 1.46221721172,
        "min": -1.2421400547,
        "var": 0.650904119015
    },
    "barkbands_spread": {
        "dmean": 5.31227493286,
        "dmean2": 8.44629383087,
        "dvar": 28.3794593811,
        "dvar2": 68.8404159546,
        "max": 73.5116119385,
        "mean": 26.8137168884,
        "median": 25.0359191895,
        "min": 6.96687507629,
        "var": 99.3145599365
    },
    "dissonance": {
        "dmean": 0.0133297108114,
        "dmean2": 0.0227825418115,
        "dvar": 0.000146015328937,
        "dvar2": 0.000433241104474,
        "max": 0.499970883131,
        "mean": 0.477301239967,
        "median": 0.480557799339,
        "min": 0.395677775145,
        "var": 0.000233036204008
    },
    "dynamic_complexity": 1.34644830227,
    "erbbands_crest": {
        "dmean": 2.16706204414,
        "dmean2": 3.54320240021,
        "dvar": 4.12164115906,
        "dvar2": 10.51151371,
        "max": 21.6332702637,
        "mean": 7.12919569016,
        "median": 6.39177894592,
        "min": 2.6233856678,
        "var": 9.74281787872
    },
    "erbbands_flatness_db": {
        "dmean": 0.0137644121423,
        "dmean2": 0.0205489099026,
        "dvar": 0.000167302205227,
        "dvar2": 0.000336829049047,
        "max": 0.261399716139,
        "mean": 0.135520428419,
        "median": 0.127052426338,
        "min": 0.0648030117154,
        "var": 0.0013091918081
    },
    "erbbands_kurtosis": {
        "dmean": 0.449479699135,
        "dmean2": 0.724318146706,
        "dvar": 0.234175637364,
        "dvar2": 0.582436144352,
        "max": 5.06702518463,
        "mean": -0.382774859667,
        "median": -0.56187915802,
        "min": -1.57176017761,
        "var": 0.614594638348
    },
    "erbbands_skewness": {
        "dmean": 0.266587167978,
        "dmean2": 0.413067817688,
        "dvar": 0.0475557483733,
        "dvar2": 0.115165099502,
        "max": 1.39295184612,
        "mean": -0.11417594552,
        "median": -0.0807678699493,
        "min": -2.15574383736,
        "var": 0.207505702972
    },
    "erbbands_spread": {
        "dmean": 6.44054174423,
        "dmean2": 10.1357336044,
        "dvar": 27.792301178,
        "dvar2": 64.1209487915,
        "max": 84.4283447266,
        "mean": 43.551410675,
        "median": 42.6100883484,
        "min": 10.1197843552,
        "var": 154.970916748
    },
    "hfc": {
        "dmean": 6.29417705536,
        "dmean2": 9.20904922485,
        "dvar": 46.0461463928,
        "dvar2": 97.1279373169,
        "max": 94.9541244507,
        "mean": 30.8350582123,
        "median": 28.5965824127,
        "min": 5.38593912125,
        "var": 180.389694214
    },
    "melbands_crest": {
        "dmean": 3.07901096344,
        "dmean2": 5.22405672073,
        "dvar": 6.5258102417,
        "dvar2": 18.2148761749,
        "max": 25.0876312256,
        "mean": 12.708987236,
        "median": 12.6505918503,
        "min": 2.96860074997,
        "var": 16.4753036499
    },
    "melbands_flatness_db": {
        "dmean": 0.0237423330545,
        "dmean2": 0.036604154855,
        "dvar": 0.000399058073526,
        "dvar2": 0.000960179371759,
        "max": 0.289023429155,
        "mean": 0.169663563371,
        "median": 0.17324629426,
        "min": 0.054935503751,
        "var": 0.0022544360254
    },
    "melbands_kurtosis": {
        "dmean": 4.70708370209,
        "dmean2": 7.71590662003,
        "dvar": 25.1543197632,
        "dvar2": 66.0230026245,
        "max": 61.557800293,
        "mean": 10.3765697479,
        "median": 8.93130397797,
        "min": -1.39183986187,
        "var": 73.1298065186
    },
    "melbands_skewness": {
        "dmean": 0.605602502823,
        "dmean2": 0.98650854826,
        "dvar": 0.271529734135,
        "dvar2": 0.706782877445,
        "max": 6.65841722488,
        "mean": 2.71684813499,
        "median": 2.72857260704,
        "min": -0.365064203739,
        "var": 1.25319778919
    },
    "melbands_spread": {
        "dmean": 6.86762523651,
        "dmean2": 11.1023769379,
        "dvar": 46.2713928223,
        "dvar2": 116.690620422,
        "max": 80.3885421753,
        "mean": 26.1680450439,
        "median": 21.7129383087,
        "min": 4.73314619064,
        "var": 205.692123413
    },
    "pitch_salience": {
        "dmean": 0.0790258944035,
        "dmean2": 0.133707970381,
        "dvar": 0.00450778799132,
        "dvar2": 0.0130294766277,
        "max": 0.815931141376,
        "mean": 0.573588788509,
        "median": 0.582755386829,
        "min": 0.235779359937,
        "var": 0.009451540187
    },
    "silence_rate_20dB": {
        "dmean": 0,
        "dmean2": 0,
        "dvar": 0,
        "dvar2": 0,
        "max": 1,
        "mean": 1,
        "median": 1,
        "min": 1,
        "var": 0
    },
    "silence_rate_30dB": {
        "dmean": 0,
        "dmean2": 0,
        "dvar": 0,
        "dvar2": 0,
        "max": 1,
        "mean": 1,
        "median": 1,
        "min": 1,
        "var": 0
    },
    "silence_rate_60dB": {
        "dmean": 0,
        "dmean2": 0,
        "dvar": 0,
        "dvar2": 0,
        "max": 0,
        "mean": 0,
        "median": 0,
        "min": 0,
        "var": 0
    },
    "spectral_centroid": {
        "dmean": 249.753967285,
        "dmean2": 399.621887207,
        "dvar": 48230.1015625,
        "dvar2": 124365.226562,
        "max": 3266.69824219,
        "mean": 1582.20129395,
        "median": 1473.64807129,
        "min": 498.937103271,
        "var": 271291.375
    },
    "spectral_complexity": {
        "dmean": 4.04489183426,
        "dmean2": 6.23702573776,
        "dvar": 12.550611496,
        "dvar2": 28.643995285,
        "max": 54,
        "mean": 29.5978336334,
        "median": 29,
        "min": 11,
        "var": 49.4097213745
    },
    "spectral_decrease": {
        "dmean": 2.62715693644e-09,
        "dmean2": 4.2254026944e-09,
        "dvar": 6.30725589303e-18,
        "dvar2": 1.65052575404e-17,
        "max": -1.08414910382e-09,
        "mean": -1.10547544452e-08,
        "median": -1.1606518413e-08,
        "min": -2.35655210901e-08,
        "var": 2.54204166223e-17
    },
    "spectral_energy": {
        "dmean": 0.0100183468312,
        "dmean2": 0.016068007797,
        "dvar": 9.06892964849e-05,
        "dvar2": 0.00023684054031,
        "max": 0.0913736373186,
        "mean": 0.0445200204849,
        "median": 0.0468220897019,
        "min": 0.00458035245538,
        "var": 0.000374975788873
    },
    "spectral_energyband_high": {
        "dmean": 0.000516476633493,
        "dmean2": 0.000716924143489,
        "dvar": 5.33456613994e-07,
        "dvar2": 1.07849120923e-06,
        "max": 0.00927846226841,
        "mean": 0.00145511608571,
        "median": 0.000989278079942,
        "min": 8.85562621988e-05,
        "var": 1.70763723872e-06
    },
    "spectral_energyband_low": {
        "dmean": 0.0093123819679,
        "dmean2": 0.0150248222053,
        "dvar": 0.000102414021967,
        "dvar2": 0.000272541277809,
        "max": 0.0658866018057,
        "mean": 0.0195518322289,
        "median": 0.018123395741,
        "min": 3.42842904502e-05,
        "var": 0.000254644459346
    },
    "spectral_energyband_middle_high": {
        "dmean": 0.00206136750057,
        "dmean2": 0.00331582990475,
        "dvar": 5.13751911058e-06,
        "dvar2": 1.28411711557e-05,
        "max": 0.0408934094012,
        "mean": 0.00779847567901,
        "median": 0.00718018040061,
        "min": 0.00124233751558,
        "var": 1.45499916471e-05
    },
    "spectral_energyband_middle_low": {
        "dmean": 0.00632326584309,
        "dmean2": 0.0107506224886,
        "dvar": 4.20717697125e-05,
        "dvar2": 0.000116056733532,
        "max": 0.0543361492455,
        "mean": 0.017687747255,
        "median": 0.0171881020069,
        "min": 0.000874903053045,
        "var": 0.000106974366645
    },
    "spectral_entropy": {
        "dmean": 0.106367379427,
        "dmean2": 0.159068584442,
        "dvar": 0.00893577001989,
        "dvar2": 0.0193878319114,
        "max": 8.35603237152,
        "mean": 7.75622320175,
        "median": 7.74178552628,
        "min": 7.16066074371,
        "var": 0.0415463745594
    },
    "spectral_flux": {
        "dmean": 0.0236379075795,
        "dmean2": 0.0388372205198,
        "dvar": 0.000530898338184,
        "dvar2": 0.00130315776914,
        "max": 0.24382725358,
        "mean": 0.111014828086,
        "median": 0.109214246273,
        "min": 0.031068218872,
        "var": 0.00149456551298
    },
    "spectral_kurtosis": {
        "dmean": 0.986112535,
        "dmean2": 1.67225456238,
        "dvar": 0.81894749403,
        "dvar2": 2.41827654839,
        "max": 9.09346389771,
        "mean": 3.04800820351,
        "median": 2.93985843658,
        "min": -0.361070871353,
        "var": 1.65309369564
    },
    "spectral_rms": {
        "dmean": 0.000724798126612,
        "dmean2": 0.00116209476255,
        "dvar": 4.34549008332e-07,
        "dvar2": 1.1099243693e-06,
        "max": 0.0094416635111,
        "mean": 0.00638356106356,
        "median": 0.00675870478153,
        "min": 0.00211391504854,
        "var": 2.68430517281e-06
    },
    "spectral_rolloff": {
        "dmean": 521.297668457,
        "dmean2": 889.751159668,
        "dvar": 500800.40625,
        "dvar2": 1251135.75,
        "max": 7127.49023438,
        "mean": 1598.05322266,
        "median": 1313.52539062,
        "min": 150.732421875,
        "var": 1245314.375
    },
    "spectral_skewness": {
        "dmean": 0.160035803914,
        "dmean2": 0.268424838781,
        "dvar": 0.0187316406518,
        "dvar2": 0.0468451753259,
        "max": 2.18865704536,
        "mean": 1.24097156525,
        "median": 1.27335143089,
        "min": 0.394375443459,
        "var": 0.0654747709632
    },
    "spectral_spread": {
        "dmean": 420066.875,
        "dmean2": 608765.1875,
        "dvar": 206563016704,
        "dvar2": 452018798592,
        "max": 8638382,
        "mean": 4362643.5,
        "median": 4342574.5,
        "min": 2365686,
        "var": 933656592384
    },
    "spectral_strongpeak": {
        "dmean": 0.413974493742,
        "dmean2": 0.712649822235,
        "dvar": 0.507447302341,
        "dvar2": 1.24333047867,
        "max": 8.73462295532,
        "mean": 0.782521724701,
        "median": 0.473476082087,
        "min": 0.0575036853552,
        "var": 1.08044505119
    },
    "zerocrossingrate": {
        "dmean": 0.00985859520733,
        "dmean2": 0.01178153418,
        "dvar": 8.23141672299e-05,
        "dvar2": 0.000100106532045,
        "max": 0.1806640625,
        "mean": 0.0633523240685,
        "median": 0.056640625,
        "min": 0.01416015625,
        "var": 0.00077977811452
    },
    "barkbands": {
        "dmean": [0.000182777337614, 0.00851584132761, 0.00292187603191, 0.00283766840585, 0.00364921637811, 0.00128653272986, 0.00116549653467, 0.000830064411275, 0.000882477674168, 0.00073027954204, 0.000473382591736, 0.000424398080213, 0.000433068256825, 0.000492228777148, 0.000575019512326, 0.000332219147822, 0.000394872156903, 0.000345529173501, 0.000185329670785, 0.000233504746575, 0.000129930616822, 0.000120091492136, 9.31340546231e-05, 0.00011730461847, 4.72724168503e-05, 4.2710602429e-05, 4.42353460528e-08],
        "dmean2": [0.000322139327182, 0.0139015577734, 0.00492188148201, 0.0048568174243, 0.00621805572882, 0.00221051182598, 0.00187712989282, 0.00138002459425, 0.00146394805051, 0.00124383729417, 0.000795146916062, 0.000676709867548, 0.00070748856524, 0.000807294796687, 0.000926916429307, 0.000523728318512, 0.000658681441564, 0.000556147540919, 0.000304453598801, 0.000378927710699, 0.000202609298867, 0.000182601666893, 0.000134500398417, 0.00017268161173, 7.35347493901e-05, 6.2510749558e-05, 7.60659801813e-08],
        "dvar": [7.65453691542e-08, 8.86448906385e-05, 1.6015381334e-05, 1.08694157461e-05, 1.7477921574e-05, 4.43945555162e-06, 3.39573261954e-06, 1.32471052439e-06, 1.2794249642e-06, 1.1684682022e-06, 5.12717690526e-07, 1.43943657349e-06, 6.37171979179e-07, 6.52749179153e-07, 9.56594135459e-07, 1.72311914071e-07, 2.75922644732e-07, 1.89622511471e-07, 7.74988748731e-08, 8.73277912206e-08, 3.35378125271e-08, 4.9836799576e-08, 2.07395025598e-08, 4.82427537918e-08, 1.45317855527e-08, 9.28215015961e-09, 4.7882508234e-14],
        "dvar2": [2.19446533833e-07, 0.000245918316068, 4.19285606768e-05, 2.9383756555e-05, 4.78656475025e-05, 1.2456353943e-05, 8.46735292725e-06, 3.71805435861e-06, 3.27886868945e-06, 3.28300006913e-06, 1.3417475202e-06, 3.65553637494e-06, 1.78118170879e-06, 1.61535774623e-06, 2.37592303165e-06, 4.09151084568e-07, 7.21208323284e-07, 4.45476928235e-07, 1.78219650593e-07, 2.14775496943e-07, 7.30496196866e-08, 1.23306946875e-07, 4.10207476875e-08, 1.03652105565e-07, 3.7523122387e-08, 1.87617086311e-08, 8.97053292108e-14],
        "max": [0.00271535944194, 0.0575786158442, 0.036488302052, 0.0366492196918, 0.0431408025324, 0.0206705052406, 0.0239547453821, 0.0118526695296, 0.0136506278068, 0.0123676229268, 0.00963144283742, 0.0347872935236, 0.0113330008462, 0.0117915803567, 0.0151176359504, 0.00473940605298, 0.00610810192302, 0.00540156895295, 0.00465719774365, 0.00377504550852, 0.00256139063276, 0.00492560258135, 0.00203213980421, 0.00374603527598, 0.002502188785, 0.00135400821455, 5.8558107412e-06],
        "mean": [0.000194774052943, 0.0129781970754, 0.00468456884846, 0.00389732280746, 0.00651582283899, 0.0020368960686, 0.00205945409834, 0.00126035313588, 0.00146911886986, 0.00114269705955, 0.000707424187567, 0.000670049397741, 0.00067027064506, 0.000865352689289, 0.00106444081757, 0.000665772939101, 0.000795210595243, 0.000757728470489, 0.000402987847337, 0.000540233682841, 0.000304217770463, 0.00026570004411, 0.000207515317015, 0.000221180729568, 7.75580556365e-05, 6.5194319177e-05, 3.34236851529e-08],
        "median": [8.23066584417e-05, 0.00948009081185, 0.00264609465376, 0.00222064042464, 0.00504097528756, 0.00121590215713, 0.00111515645403, 0.000694373331498, 0.000944878091104, 0.000667915563099, 0.000425583159085, 0.000317242374877, 0.000365841086023, 0.000489803962409, 0.00055889057694, 0.000445026322268, 0.000543175323401, 0.000557788298465, 0.000272223347565, 0.000416479248088, 0.000220194211579, 0.000176173518412, 0.000109197782876, 0.000103951839264, 3.52650931745e-05, 2.64243226411e-05, 2.58480992166e-09],
        "min": [2.87639885244e-08, 3.47684635926e-06, 5.74709565626e-06, 9.08353013074e-06, 3.65851155948e-05, 3.6457706301e-05, 3.93725094909e-05, 1.77080419235e-05, 2.70944929071e-05, 2.73214573099e-05, 7.69839698478e-06, 2.46718809649e-05, 3.01178333757e-05, 1.56450787472e-05, 3.37458077411e-05, 3.88048720197e-05, 6.70805020491e-05, 2.34319359151e-05, 3.43118081219e-05, 4.51253872598e-05, 2.65564303845e-05, 1.03427491922e-05, 7.32370665446e-07, 2.02634538482e-07, 9.62895807533e-09, 4.92962658541e-12, 5.90238491763e-12],
        "var": [7.9949707299e-08, 0.000162863128935, 3.29398972099e-05, 2.30792393268e-05, 3.57428107236e-05, 5.75204512643e-06, 7.12941255188e-06, 2.37463086705e-06, 2.4092687454e-06, 2.00054682864e-06, 7.71816473844e-07, 2.71509861705e-06, 9.50386606746e-07, 1.28623344153e-06, 2.0912752916e-06, 4.216822731e-07, 5.9752346715e-07, 4.60882006337e-07, 1.96152058152e-07, 1.97031340576e-07, 7.63882397337e-08, 9.7949687472e-08, 6.35781844949e-08, 9.86526131896e-08, 1.68658900179e-08, 1.60608610855e-08, 3.98256019905e-14]
    },
    "erbbands": {
        "dmean": [0.179268300533, 2.11674237251, 3.14065694809, 6.05514764786, 11.6779003143, 14.3193702698, 9.79574012756, 11.8325500488, 13.2366638184, 23.0929012299, 16.9329376221, 18.2656574249, 23.6785793304, 15.0276002884, 18.9794960022, 15.2057943344, 19.2764072418, 22.0503444672, 23.311214447, 26.3284816742, 17.6442108154, 22.0546855927, 17.4444408417, 13.0543279648, 7.32844686508, 12.3064117432, 6.97313404083, 4.36710786819, 4.30413341522, 3.62407565117, 2.56457018852, 2.30483841896, 2.08088421822, 0.891614496708, 0.151372745633, 0.160040780902, 0.0989126935601, 0.00997690204531, 0.000170210812939, 1.54000044859e-05],
        "dmean2": [0.292455136776, 3.45456075668, 5.26733922958, 10.5303907394, 20.6481266022, 23.8005809784, 16.3288097382, 20.2386684418, 22.4835567474, 36.5968399048, 28.7699375153, 30.0841941833, 40.119392395, 25.3276309967, 32.1032218933, 24.2661342621, 31.1508636475, 35.9041366577, 37.3432655334, 42.5583953857, 28.3939437866, 36.7042579651, 28.0422611237, 21.0948696136, 11.7398405075, 19.9521484375, 11.1367225647, 6.71517181396, 6.65408277512, 5.49791049957, 3.66635155678, 3.43944263458, 3.15094614029, 1.37060916424, 0.245626986027, 0.253086209297, 0.143921867013, 0.0148219736293, 0.000248733267654, 2.2938944312e-05],
        "dvar": [0.041194614023, 5.76488733292, 17.0339012146, 50.1062889099, 189.881164551, 317.769836426, 156.539505005, 476.667388916, 471.010162354, 1651.30285645, 516.213562012, 570.612487793, 1289.06567383, 398.296905518, 1001.36859131, 2156.44873047, 1127.64196777, 1468.70495605, 1056.52575684, 2111.89892578, 534.906616211, 1002.54516602, 410.537475586, 346.17098999, 117.369476318, 234.348388672, 84.4415817261, 43.9701728821, 72.53565979, 33.1933479309, 16.3741283417, 20.0433044434, 14.5628299713, 4.87581396103, 0.156129106879, 0.115241192281, 0.0467794202268, 0.000719921605196, 1.90666270328e-07, 3.47811529577e-10],
        "dvar2": [0.117312669754, 15.834438324, 42.9149398804, 138.777664185, 561.54083252, 789.389099121, 425.246765137, 1326.79187012, 1274.22595215, 3797.64135742, 1358.75683594, 1451.4440918, 3571.19824219, 1116.54064941, 2620.28881836, 5523.27441406, 3024.77075195, 3703.57055664, 2453.34326172, 5570.00439453, 1317.75976562, 2645.3347168, 915.661865234, 835.279846191, 257.325164795, 600.945129395, 197.764022827, 92.0722885132, 179.288604736, 76.4385147095, 32.1011390686, 43.0211486816, 31.4737453461, 12.3912563324, 0.390427917242, 0.269089728594, 0.0943579152226, 0.00151153071783, 3.92897163692e-07, 6.97697066787e-10],
        "max": [1.37980830669, 15.1622991562, 34.3123664856, 72.6258926392, 108.171340942, 204.454544067, 148.282623291, 217.865036011, 387.741699219, 677.188049316, 299.254943848, 269.250854492, 406.233093262, 261.413421631, 468.326324463, 1372.97741699, 423.502441406, 570.675231934, 484.889678955, 690.136474609, 317.354522705, 425.427490234, 288.51171875, 321.645721436, 245.98638916, 180.478897095, 138.207015991, 86.6863708496, 191.363311768, 83.4395141602, 59.6800003052, 64.7150726318, 62.3594017029, 44.5180473328, 9.0361328125, 4.65686273575, 3.07469725609, 0.339029073715, 0.00550549943, 0.000269251584541],
        "mean": [0.272900253534, 3.25367712975, 5.8679933548, 9.54118156433, 16.1316490173, 25.0428371429, 16.5953521729, 18.726732254, 23.6752567291, 40.280418396, 27.5287265778, 30.7374324799, 39.032245636, 26.9015483856, 30.9346351624, 26.9192066193, 32.9337310791, 40.2331733704, 47.2931365967, 50.8478164673, 38.9647865295, 47.0339279175, 41.0438842773, 29.8571567535, 17.4629211426, 27.4792060852, 17.0530776978, 10.1496772766, 9.47050571442, 7.93854236603, 5.57648181915, 4.21353387833, 3.84443044662, 1.51870012283, 0.216621801257, 0.209124460816, 0.14939840138, 0.0134613700211, 0.000265773152933, 6.45797408652e-05],
        "median": [0.195290595293, 2.37634682655, 4.24621582031, 6.52685165405, 11.2812023163, 18.0521469116, 11.9063215256, 10.4607925415, 15.9801073074, 20.1533412933, 17.6571674347, 19.2474632263, 24.453037262, 17.7517032623, 17.9730243683, 14.143863678, 18.4908809662, 23.6122550964, 29.2771148682, 32.2371292114, 27.4327907562, 31.9913768768, 31.7460346222, 21.7145633698, 12.5094413757, 21.7502651215, 13.0729999542, 6.97051095963, 6.2675909996, 4.8240032196, 2.92018032074, 1.88788092136, 1.84602665901, 0.692589044571, 0.095268458128, 0.0859203636646, 0.0583103522658, 0.00406113639474, 0.000111262859718, 6.63767350488e-05],
        "min": [8.13886144897e-05, 0.0011948532192, 0.00902601517737, 0.0303690955043, 0.0657649114728, 0.116656117141, 0.356230795383, 0.329275012016, 0.545774757862, 0.65351587534, 0.640339493752, 0.849563956261, 1.08358371258, 1.31713056564, 0.700550675392, 1.09278905392, 2.20743846893, 1.80373084545, 2.15944123268, 3.01447105408, 3.98377871513, 4.15845775604, 2.5488781929, 4.13477039337, 1.71534061432, 2.37724542618, 1.18492937088, 0.632821679115, 0.432484298944, 0.0957661643624, 0.0181866791099, 0.00677651725709, 0.00169527879916, 0.000308334740112, 3.19955252053e-05, 9.27591008804e-06, 4.27105078415e-06, 1.58478599133e-06, 3.23238919009e-06, 5.76875027036e-06],
        "var": [0.0811208710074, 10.3052215576, 36.3210601807, 94.8813018799, 245.52583313, 697.65222168, 276.693389893, 589.260864258, 756.540649414, 4126.64013672, 902.815368652, 1021.68756104, 2149.14111328, 721.531982422, 1664.64074707, 4050.66821289, 2146.57055664, 2860.32910156, 2584.11206055, 3773.40722656, 1451.87182617, 2269.95581055, 1146.66760254, 809.601013184, 297.159179688, 501.824432373, 194.115280151, 105.872283936, 132.98248291, 80.0179367065, 49.4356689453, 40.0099487305, 28.7164421082, 6.29081106186, 0.160003870726, 0.163949549198, 0.081897623837, 0.00104656734038, 2.91569222099e-07, 1.02791430923e-09]
    },
    "gfcc": {
        "mean": [55.5312309265, 91.5867385864, -124.962608337, 45.1752204895, -56.7136993408, 14.1012544632, -37.8739585876, 9.38503551483, -20.3915939331, 0.561415195465, -17.7082614899, -1.95046103001, -10.6883001328],
        "cov": [[1598.84594727, -516.963989258, 950.028808594, -76.8565444946, 87.6817016602, 284.770355225, -176.8775177, 108.33795929, -119.192642212, 157.101531982, -147.721466064, 184.616439819, -173.149871826], [-516.963989258, 709.422851562, -168.313461304, 106.828804016, 157.66444397, -46.7021331787, 179.011062622, -25.8555240631, 105.492378235, -73.5848083496, 76.3832015991, -101.778335571, 60.367313385], [950.028808594, -168.313461304, 893.477233887, 41.6316108704, 220.426132202, 269.755310059, -41.2887611389, 125.899284363, -40.4902610779, 124.318580627, -87.4560394287, 144.851821899, -114.144737244], [-76.8565444946, 106.828804016, 41.6316108704, 169.348556519, 80.751373291, 28.0670833588, 44.7175559998, 33.6768875122, 53.8237533569, -3.54164934158, 29.2689723969, -16.5228672028, 28.827167511], [87.6817016602, 157.66444397, 220.426132202, 80.751373291, 266.213806152, 113.437019348, 67.4632568359, 67.9980773926, 56.1189956665, 44.956451416, -18.2469081879, 15.565527916, -28.7316150665], [284.770355225, -46.7021331787, 269.755310059, 28.0670833588, 113.437019348, 207.211715698, 37.4531784058, 55.5645256042, -10.4375801086, 41.7573013306, -14.680519104, 35.5217895508, -28.2747707367], [-176.8775177, 179.011062622, -41.2887611389, 44.7175559998, 67.4632568359, 37.4531784058, 152.570373535, 21.9659252167, 26.368139267, -9.66023445129, 31.1828556061, -25.2551879883, 7.90272521973], [108.33795929, -25.8555240631, 125.899284363, 33.6768875122, 67.9980773926, 55.5645256042, 21.9659252167, 96.7480926514, 34.4634819031, 34.3985137939, -16.4959087372, 15.7499723434, -16.2509269714], [-119.192642212, 105.492378235, -40.4902610779, 53.8237533569, 56.1189956665, -10.4375801086, 26.368139267, 34.4634819031, 125.413726807, 19.1881465912, 17.0334453583, -22.8540821075, 8.39987754822], [157.101531982, -73.5848083496, 124.318580627, -3.54164934158, 44.956451416, 41.7573013306, -9.66023445129, 34.3985137939, 19.1881465912, 91.3931121826, -2.89352154732, 28.6991996765, -31.6589107513], [-147.721466064, 76.3832015991, -87.4560394287, 29.2689723969, -18.2469081879, -14.680519104, 31.1828556061, -16.4959087372, 17.0334453583, -2.89352154732, 75.4591751099, -0.481970340014, 20.7019557953], [184.616439819, -101.778335571, 144.851821899, -16.5228672028, 15.565527916, 35.5217895508, -25.2551879883, 15.7499723434, -22.8540821075, 28.6991996765, -0.481970340014, 86.1931152344, -11.6608448029], [-173.149871826, 60.367313385, -114.144737244, 28.827167511, -28.7316150665, -28.2747707367, 7.90272521973, -16.2509269714, 8.39987754822, -31.6589107513, 20.7019557953, -11.6608448029, 75.0127563477]],
        "icov": [[0.00301553285681, 0.000181720606633, -0.00231043901294, 4.50626648671e-05, 0.00143771455623, -0.00145152199548, 0.00163237727247, 4.19838506787e-05, 0.000419193180278, -0.000803952978458, 0.00170881336089, -0.000867261667736, 0.00212939619087], [0.000181720606633, 0.00507994228974, -0.00205290038139, 0.00192398356739, -0.00408834172413, 0.00305779534392, -0.00355103099719, 0.00237830448896, -0.00213615247048, 0.00353896524757, -0.00479250214994, 0.00522835133597, -0.00318769388832], [-0.00231043901294, -0.00205290038139, 0.00654353387654, -0.00286553590558, -0.000356682867277, -0.00293868943118, 0.0013115897309, -0.00178677972872, 0.00161792081781, -0.00186126027256, 0.00341070094146, -0.00558424927294, 0.00283164181747], [4.50626648671e-05, 0.00192398356739, -0.00286553590558, 0.0115731135011, -0.00403136014938, 0.00208116020076, -0.0013051565038, -0.00150525663048, -0.00276168063283, 0.00346243358217, -0.00747590232641, 0.00617890805006, -0.00640621688217], [0.00143771455623, -0.00408834172413, -0.000356682867277, -0.00403136014938, 0.0119135919958, -0.00509895291179, 0.000790811900515, -0.00146391929593, -0.000886528461706, -0.00436232984066, 0.00796100869775, -0.00568843400106, 0.00503283273429], [-0.00145152199548, 0.00305779534392, -0.00293868943118, 0.00208116020076, -0.00509895291179, 0.0126001704484, -0.00519524561241, -0.000325191620504, 0.000453190034023, 0.00181944435462, -0.00554989930242, 0.00516208074987, -0.00475827092305], [0.00163237727247, -0.00355103099719, 0.0013115897309, -0.0013051565038, 0.000790811900515, -0.00519524561241, 0.0140490392223, -0.0045478688553, 0.0026810944546, -0.000930704060011, -0.000614193442743, -0.00160869501997, 0.00422876887023], [4.19838506787e-05, 0.00237830448896, -0.00178677972872, -0.00150525663048, -0.00146391929593, -0.000325191620504, -0.0045478688553, 0.0190172363073, -0.00568782398477, -0.0015764683485, 0.00330268847756, -7.56722001825e-05, -0.000993371591903], [0.000419193180278, -0.00213615247048, 0.00161792081781, -0.00276168063283, -0.000886528461706, 0.000453190034023, 0.0026810944546, -0.00568782398477, 0.0141419973224, -0.00492172734812, -0.000206157914363, 0.000655522453599, 0.0010245180456], [-0.000803952978458, 0.00353896524757, -0.00186126027256, 0.00346243358217, -0.00436232984066, 0.00181944435462, -0.000930704060011, -0.0015764683485, -0.00492172734812, 0.0203847493976, -0.00782468169928, 0.00181272544432, 0.00150056113489], [0.00170881336089, -0.00479250214994, 0.00341070094146, -0.00747590232641, 0.00796100869775, -0.00554989930242, -0.000614193442743, 0.00330268847756, -0.000206157914363, -0.00782468169928, 0.0285789445043, -0.0131127210334, 0.0043967901729], [-0.000867261667736, 0.00522835133597, -0.00558424927294, 0.00617890805006, -0.00568843400106, 0.00516208074987, -0.00160869501997, -7.56722001825e-05, 0.000655522453599, 0.00181272544432, -0.0131127210334, 0.0269701499492, -0.00865829270333], [0.00212939619087, -0.00318769388832, 0.00283164181747, -0.00640621688217, 0.00503283273429, -0.00475827092305, 0.00422876887023, -0.000993371591903, 0.0010245180456, 0.00150056113489, 0.0043967901729, -0.00865829270333, 0.0250149834901]]
    },
    "melbands": {
        "dmean": [0.00209802878089, 0.00189786078408, 0.0011572354706, 0.000864500529133, 0.00042690866394, 0.000260614440776, 0.000211168502574, 0.000237334577832, 0.000152312466525, 0.000110974862764, 0.000121609620692, 6.47745619062e-05, 6.51343216305e-05, 4.16208058596e-05, 5.87664726481e-05, 3.38652062055e-05, 4.64736913273e-05, 3.84983541153e-05, 4.64813965664e-05, 2.64398549916e-05, 2.24921677727e-05, 2.56327657553e-05, 1.98777252081e-05, 1.74209653778e-05, 1.12086599984e-05, 6.6270449679e-06, 6.42205077384e-06, 9.33797946345e-06, 5.3531798585e-06, 3.37603091793e-06, 2.77924823422e-06, 2.61713080363e-06, 2.55649410974e-06, 2.03928152587e-06, 1.55300199367e-06, 1.451119374e-06, 1.50671598931e-06, 1.72151430888e-06, 1.12184341106e-06, 6.91084437676e-07],
        "dmean2": [0.00342197180726, 0.00310718384571, 0.00198885332793, 0.00148002465721, 0.000699744443409, 0.000446238409495, 0.000354973628419, 0.000377047108486, 0.000258148269495, 0.000183001408004, 0.000206056240131, 0.000108873180579, 0.000109966473246, 6.69759319862e-05, 9.60010875133e-05, 5.48097559658e-05, 7.53258209443e-05, 6.18628037046e-05, 7.44537537685e-05, 4.26398873969e-05, 3.66495260096e-05, 4.31203952758e-05, 3.27181442117e-05, 2.82519176835e-05, 1.83838164958e-05, 1.08576741695e-05, 1.04670616565e-05, 1.52207949213e-05, 8.64247977006e-06, 5.39473239769e-06, 4.37478502135e-06, 4.13513225794e-06, 4.09142285207e-06, 3.19206878885e-06, 2.2837407414e-06, 2.17054025597e-06, 2.38814550357e-06, 2.69183624368e-06, 1.71961949036e-06, 1.10779956231e-06],
        "dvar": [5.26144140167e-06, 5.27306065123e-06, 1.59746991812e-06, 9.80963477559e-07, 2.89661471697e-07, 2.14588922631e-07, 1.04209902929e-07, 1.5575864154e-07, 4.29977262684e-08, 1.9210208535e-08, 3.39718972953e-08, 7.19919279746e-09, 9.62083568368e-09, 6.12094774866e-09, 2.91980377654e-08, 2.38209829639e-09, 7.10459824305e-09, 3.05135583467e-09, 8.72095817783e-09, 1.30804433951e-09, 9.92032456182e-10, 1.40818301464e-09, 6.70813959935e-10, 5.71290681428e-10, 2.91256796459e-10, 1.01671691899e-10, 8.28008564491e-11, 1.41815975629e-10, 4.29005546365e-11, 2.97242230829e-11, 1.80457697396e-11, 3.16847763304e-11, 1.97762899806e-11, 1.0506395233e-11, 5.81572680639e-12, 6.88432947801e-12, 9.68993028178e-12, 9.19651507725e-12, 4.9917669824e-12, 4.25345219116e-12],
        "dvar2": [1.4680293134e-05, 1.37551569424e-05, 4.39267705588e-06, 2.82021255771e-06, 7.21922503999e-07, 5.98317171807e-07, 2.7824697213e-07, 3.69597131566e-07, 1.09566791195e-07, 4.96992988985e-08, 9.43361797567e-08, 2.03553423006e-08, 2.52455532035e-08, 1.54528141394e-08, 7.78106823418e-08, 5.88951554192e-09, 1.7939820296e-08, 7.00874247528e-09, 2.15237339063e-08, 3.30363358891e-09, 2.53379073278e-09, 3.81643916469e-09, 1.55958823633e-09, 1.26508914455e-09, 7.18582582326e-10, 2.34261193777e-10, 1.95022456517e-10, 3.7407821285e-10, 1.03591718537e-10, 6.8084697602e-11, 4.17082306192e-11, 7.89698584303e-11, 5.19114196074e-11, 2.48535029362e-11, 1.2123738645e-11, 1.37984684442e-11, 2.2251093329e-11, 2.00676506662e-11, 1.18189086989e-11, 1.13073855834e-11],
        "max": [0.0138425100595, 0.0168829634786, 0.0126258684322, 0.0104249147698, 0.00739746540785, 0.00462112901732, 0.00522931665182, 0.00631124107167, 0.00287279300392, 0.00148705183528, 0.00208228221163, 0.00107603205834, 0.00148439197801, 0.00147433555685, 0.0042862589471, 0.000628616369795, 0.00126696506049, 0.000910326780286, 0.0016300653806, 0.00047923848615, 0.000356544158421, 0.000534682127181, 0.000304375396809, 0.000438348244643, 0.000316880817991, 0.000214312458411, 0.000143655997817, 0.000158369526616, 8.20471977931e-05, 8.42905355967e-05, 5.80677988182e-05, 0.000138020812301, 5.80449486733e-05, 4.39857176389e-05, 3.39544458257e-05, 2.87968305202e-05, 5.50754230062e-05, 4.467765757e-05, 3.17884769174e-05, 4.79542650282e-05],
        "mean": [0.00320129026659, 0.00365746859461, 0.00189700908959, 0.00148624228314, 0.000752618478145, 0.000407606305089, 0.000384509097785, 0.000405426602811, 0.000236573599977, 0.000186783392564, 0.00019586874987, 0.000110138513264, 0.000102615114884, 6.69345608912e-05, 9.45305000641e-05, 5.59173749934e-05, 7.91747443145e-05, 7.2318558523e-05, 8.26188115752e-05, 5.0761809689e-05, 4.37025810243e-05, 4.96613356518e-05, 3.98147130909e-05, 3.73500697606e-05, 2.27528471441e-05, 1.35687932925e-05, 1.30476464619e-05, 1.95923494175e-05, 1.20596296256e-05, 6.78202559357e-06, 5.66165954297e-06, 5.42271072845e-06, 4.94319283462e-06, 4.25367716161e-06, 3.34174251293e-06, 2.62131698037e-06, 2.54372685049e-06, 3.06491892843e-06, 1.87394323348e-06, 1.07163498342e-06],
        "median": [0.00228653661907, 0.00311592733487, 0.00138979731128, 0.00118514569476, 0.000533377868123, 0.000231817481108, 0.000253420992522, 0.000200565322302, 0.000142144854181, 0.000123006786453, 0.000122515077237, 7.16569411452e-05, 6.39004429104e-05, 3.42261409969e-05, 4.11292894569e-05, 3.5199089325e-05, 4.2471820052e-05, 4.32171837019e-05, 4.03480516979e-05, 3.53585455741e-05, 2.70013097179e-05, 3.22162522934e-05, 2.79637424683e-05, 2.55331833614e-05, 1.57448994287e-05, 9.3500048024e-06, 9.33065257414e-06, 1.50949999806e-05, 8.90105002327e-06, 4.41897282144e-06, 3.80531696464e-06, 3.46120032191e-06, 3.16007094625e-06, 2.45512546826e-06, 1.80520260074e-06, 1.13492023956e-06, 1.15343743801e-06, 1.45034960042e-06, 8.84060909812e-07, 4.68368369866e-07],
        "min": [1.01511773209e-06, 3.13624809678e-06, 6.57054579278e-06, 9.077649338e-06, 1.24951366161e-05, 7.63339085097e-06, 7.67423807702e-06, 6.06323101238e-06, 5.9756630435e-06, 4.16047942053e-06, 4.9571508498e-06, 4.24082463724e-06, 1.4808265405e-06, 2.0066952402e-06, 2.416009238e-06, 3.92834863305e-06, 1.60987781328e-06, 2.32715274251e-06, 2.90603225039e-06, 3.25296196024e-06, 1.75749153186e-06, 3.72380281988e-06, 2.23267443289e-06, 7.14860107109e-07, 2.26801489589e-06, 8.11071686257e-07, 1.19703588553e-06, 1.11548183668e-06, 5.16213845003e-07, 1.67998408074e-07, 3.17442328424e-07, 2.13810253058e-07, 5.99221650077e-08, 1.8420195147e-08, 1.00454329299e-08, 4.15675449617e-09, 3.59443408371e-09, 8.51415604686e-10, 2.26448235163e-10, 1.14281528685e-10],
