{
"highlevel": {
    "danceability": {
        "all": {
            "danceable": 0.999888122082,
            "not_danceable": 0.000111898269097
        },
        "probability": 0.999888122082,
        "value": "danceable"
    },
    "gender": {
        "all": {
            "female": 0.93903285265,
            "male": 0.0609671287239
        },
        "probability": 0.93903285265,
        "value": "female"
    },
    "genre_dortmund": {
        "all": {
            "alternative": 0.068858884275,
            "blues": 0.0529345348477,
            "electronic": 0.104611821473,
            "folkcountry": 0.0409563072026,
            "funksoulrnb": 0.0381774380803,
            "jazz": 0.288545906544,
            "pop": 0.11312071234,
            "raphiphop": 0.09447067976,
            "rock": 0.198323711753
        },
        "probability": 0.288545906544,
        "value": "jazz"
    },
    "genre_electronic": {
        "all": {
            "ambient": 0.0939148664474,
            "dnb": 0.111085109413,
            "house": 0.255357861519,
            "techno": 0.0204896293581,
            "trance": 0.519152522087
        },
        "probability": 0.519152522087,
        "value": "trance"
    },
    "genre_rosamerica": {
        "all": {
            "cla": 0.00272198277526,
            "dan": 0.383672118187,
            "hip": 0.118335567415,
            "jaz": 0.00386349670589,
            "pop": 0.386902779341,
            "rhy": 0.0723149627447,
            "roc": 0.0297425948083,
            "spe": 0.00244648894295
        },
        "probability": 0.386902779341,
        "value": "pop"
    },
    "genre_tzanetakis": {
        "all": {
            "blu": 0.0626613423228,
            "cla": 0.0348169617355,
            "cou": 0.104475811124,
            "dis": 0.0784321576357,
            "hip": 0.15692435205,
            "jaz": 0.313974827528,
            "met": 0.0448166541755,
            "pop": 0.0627359300852,
            "reg": 0.0627360641956,
            "roc": 0.0784258767962
        },
        "probability": 0.313974827528,
        "value": "jaz"
    },
    "ismir04_rhythm": {
        "all": {
            "ChaChaCha": 0.651839315891,
            "Jive": 0.0277733653784,
            "Quickstep": 0.00798872299492,
            "Rumba-American": 0.00790719129145,
            "Rumba-International": 0.00977690797299,
            "Rumba-Misc": 0.00460097659379,
            "Samba": 0.278007864952,
            "Tango": 0.00778345251456,
            "VienneseWaltz": 0.00294335046783,
            "Waltz": 0.00137887452729
        },
        "probability": 0.651839315891,
        "value": "ChaChaCha"
    },
    "mood_acoustic": {
        "all": {
            "acoustic": 0.00585586298257,
            "not_acoustic": 0.994144141674
        },
        "probability": 0.994144141674,
        "value": "not_acoustic"
    },
    "mood_aggressive": {
        "all": {
            "aggressive": 0.0796233639121,
            "not_aggressive": 0.92037665844
        },
        "probability": 0.92037665844,
        "value": "not_aggressive"
    },
    "mood_electronic": {
        "all": {
            "electronic": 0.873098492622,
            "not_electronic": 0.126901507378
        },
        "probability": 0.873098492622,
        "value": "electronic"
    },
    "mood_happy": {
        "all": {
            "happy": 0.64202028513,
            "not_happy": 0.357979685068
        },
        "probability": 0.64202028513,
        "value": "happy"
    },
    "mood_party": {
        "all": {
            "not_party": 0.109170749784,
            "party": 0.890829265118
        },
        "probability": 0.890829265118,
        "value": "party"
    },
    "mood_relaxed": {
        "all": {
            "not_relaxed": 0.690800130367,
            "relaxed": 0.30919983983
        },
        "probability": 0.690800130367,
        "value": "not_relaxed"
    },
    "mood_sad": {
        "all": {
            "not_sad": 0.84034705162,
            "sad": 0.15965294838
        },
        "probability": 0.84034705162,
        "value": "not_sad"
    },
    "moods_mirex": {
        "all": {
            "Cluster1": 0.369289040565,
            "Cluster2": 0.250603497028,
            "Cluster3": 0.0487201586366,
            "Cluster4": 0.142689317465,
            "Cluster5": 0.188697993755
        },
        "probability": 0.369289040565,
        "value": "Cluster1"
    },
    "timbre": {
        "all": {
            "bright": 0.776367247105,
            "dark": 0.223632767797
        },
        "probability": 0.776367247105,
        "value": "bright"
    },
    "tonal_atonal": {
        "all": {
            "atonal": 0.401877552271,
            "tonal": 0.598122417927
        },
        "probability": 0.598122417927,
        "value": "tonal"
    },
    "voice_instrumental": {
        "all": {
            "instrumental": 0.0592532418668,
            "voice": 0.94074678421
        },
        "probability": 0.94074678421,
        "value": "voice"
    }
},
"lowlevel": {
    "average_loudness": 0.959630846977,
    "barkbands_crest": {
        "dmean": 2.8972299099,
        "dmean2": 4.34621715546,
        "dvar": 8.48570728302,
        "dvar2": 19.6281833649,
        "max": 26.5027389526,
        "mean": 14.0751285553,
        "median": 13.6340360641,
        "min": 2.54774951935,
        "var": 32.0883140564
    },
    "barkbands_flatness_db": {
        "dmean": 0.0272895768285,
        "dmean2": 0.0410428345203,
        "dvar": 0.000891229137778,
        "dvar2": 0.00180898129474,
        "max": 0.381869167089,
        "mean": 0.172909855843,
        "median": 0.15979680419,
        "min": 0.0480273477733,
        "var": 0.00499167805538
    },
    "barkbands_kurtosis": {
        "dmean": 6.30166721344,
        "dmean2": 9.7199306488,
        "dvar": 224.691207886,
        "dvar2": 518.076416016,
        "max": 198.135269165,
        "mean": 8.95930671692,
        "median": 1.79600334167,
        "min": -1.8841739893,
        "var": 386.416748047
    },
    "barkbands_skewness": {
        "dmean": 0.780288815498,
        "dmean2": 1.15661847591,
        "dvar": 1.09355926514,
        "dvar2": 2.16076469421,
        "max": 12.2683982849,
        "mean": 2.15609097481,
        "median": 1.55704247952,
        "min": -1.06592130661,
        "var": 3.71208333969
    },
    "barkbands_spread": {
        "dmean": 6.75929260254,
        "dmean2": 10.1194448471,
        "dvar": 68.6325073242,
        "dvar2": 139.125366211,
        "max": 97.7885360718,
        "mean": 29.2163352966,
        "median": 26.2347145081,
        "min": 1.21007812023,
        "var": 356.15322876
    },
    "dissonance": {
        "dmean": 0.0196651760489,
        "dmean2": 0.0334095619619,
        "dvar": 0.00035970605677,
        "dvar2": 0.00106264557689,
        "max": 0.499973893166,
        "mean": 0.467754930258,
        "median": 0.474679112434,
        "min": 0.352457076311,
        "var": 0.000669318367727
    },
    "dynamic_complexity": 2.61950612068,
    "erbbands_crest": {
        "dmean": 2.4830288887,
        "dmean2": 3.95002889633,
        "dvar": 5.44660520554,
        "dvar2": 12.9182777405,
        "max": 26.4271526337,
        "mean": 8.57812595367,
        "median": 7.82970428467,
        "min": 2.76264882088,
        "var": 16.311378479
    },
    "erbbands_flatness_db": {
        "dmean": 0.0151266092435,
        "dmean2": 0.0226582642645,
        "dvar": 0.000214237137698,
        "dvar2": 0.000428230850957,
        "max": 0.382225424051,
        "mean": 0.138637110591,
        "median": 0.126687735319,
        "min": 0.06777356565,
        "var": 0.00257479934953
    },
    "erbbands_kurtosis": {
        "dmean": 0.676978111267,
        "dmean2": 1.06352615356,
        "dvar": 0.919337153435,
        "dvar2": 1.8459854126,
        "max": 10.8397321701,
        "mean": 0.21163880825,
        "median": -0.323022603989,
        "min": -1.67656493187,
        "var": 2.8966023922
    },
    "erbbands_skewness": {
        "dmean": 0.336587488651,
        "dmean2": 0.50525277853,
        "dvar": 0.0985864698887,
        "dvar2": 0.201781138778,
        "max": 2.9262650013,
        "mean": 0.181479409337,
        "median": 0.205122798681,
        "min": -3.27188563347,
        "var": 0.49497911334
    },
    "erbbands_spread": {
        "dmean": 8.93824958801,
        "dmean2": 13.4175710678,
        "dvar": 106.545326233,
        "dvar2": 209.659011841,
        "max": 150.892990112,
        "mean": 45.7884902954,
        "median": 43.5848045349,
        "min": 9.62895679474,
        "var": 366.46496582
    },
    "hfc": {
        "dmean": 11.7694168091,
        "dmean2": 17.8699550629,
        "dvar": 358.642944336,
        "dvar2": 952.497680664,
        "max": 179.143463135,
        "mean": 31.6499900818,
        "median": 20.6782054901,
        "min": 0.567314445972,
        "var": 859.548156738
    },
    "melbands_crest": {
        "dmean": 3.54763960838,
        "dmean2": 5.73802757263,
        "dvar": 14.9125385284,
        "dvar2": 39.3482780457,
        "max": 35.8800735474,
        "mean": 20.3444023132,
        "median": 19.4627017975,
        "min": 4.3988609314,
        "var": 57.1912574768
    },
    "melbands_flatness_db": {
        "dmean": 0.0335402488708,
        "dmean2": 0.0503836944699,
        "dvar": 0.00156409596093,
        "dvar2": 0.0033818713855,
        "max": 0.47318905592,
        "mean": 0.221366629004,
        "median": 0.20917353034,
        "min": 0.0320028178394,
        "var": 0.00786494743079
    },
    "melbands_kurtosis": {
        "dmean": 19.3559608459,
        "dmean2": 29.7035007477,
        "dvar": 1754.33666992,
        "dvar2": 3544.8112793,
        "max": 446.031097412,
        "mean": 31.1215133667,
        "median": 11.7501888275,
        "min": -0.986707687378,
        "var": 3164.62109375
    },
    "melbands_skewness": {
        "dmean": 1.25521147251,
        "dmean2": 1.88312697411,
        "dvar": 2.58743286133,
        "dvar2": 4.95424413681,
        "max": 18.0433444977,
        "mean": 3.93117880821,
        "median": 3.10256838799,
        "min": -0.323259800673,
        "var": 8.37517166138
    },
    "melbands_spread": {
        "dmean": 8.78688430786,
        "dmean2": 14.0221729279,
        "dvar": 160.148361206,
        "dvar2": 406.568634033,
        "max": 159.204528809,
        "mean": 24.9593467712,
        "median": 21.7703514099,
        "min": 0.743816792965,
        "var": 382.995880127
    },
    "pitch_salience": {
        "dmean": 0.0883355662227,
        "dmean2": 0.141759574413,
        "dvar": 0.0115971267223,
        "dvar2": 0.028524780646,
        "max": 0.885646641254,
        "mean": 0.420738995075,
        "median": 0.428668946028,
        "min": 0.0398396626115,
        "var": 0.0268029365689
    },
    "silence_rate_20dB": {
        "dmean": 0,
        "dmean2": 0,
        "dvar": 0,
        "dvar2": 0,
        "max": 1,
        "mean": 1,
        "median": 1,
        "min": 1,
        "var": 0
    },
    "silence_rate_30dB": {
        "dmean": 0.0433436520398,
        "dmean2": 0.0867544561625,
        "dvar": 0.0414639152586,
        "dvar2": 0.0838734656572,
        "max": 1,
        "mean": 0.954369664192,
        "median": 1,
        "min": 0,
        "var": 0.0435486622155
    },
    "silence_rate_60dB": {
        "dmean": 0.0123839005828,
        "dmean2": 0.0247869864106,
        "dvar": 0.0122307036072,
        "dvar2": 0.0365658849478,
        "max": 1,
        "mean": 0.00618716143072,
        "median": 0,
        "min": 0,
        "var": 0.0061487625353
    },
    "spectral_centroid": {
        "dmean": 282.955749512,
        "dmean2": 417.860076904,
        "dvar": 118991.765625,
        "dvar2": 225868.4375,
        "max": 4426.64355469,
        "mean": 1832.05664062,
        "median": 2115.13208008,
        "min": 247.547698975,
        "var": 755436.3125
    },
    "spectral_complexity": {
        "dmean": 4.69891643524,
        "dmean2": 7.40588712692,
        "dvar": 34.3545188904,
        "dvar2": 82.0619735718,
        "max": 54,
        "mean": 19.2057228088,
        "median": 16,
        "min": 1,
        "var": 116.364219666
    },
    "spectral_decrease": {
        "dmean": 3.73807829135e-09,
        "dmean2": 5.68288038849e-09,
        "dvar": 2.42577960733e-17,
        "dvar2": 4.85345378914e-17,
        "max": -7.90210744062e-11,
        "mean": -1.02601624974e-08,
        "median": -8.48032666312e-09,
        "min": -4.95340302109e-08,
        "var": 5.91240710061e-17
    },
    "spectral_energy": {
        "dmean": 0.0146941160783,
        "dmean2": 0.0223021041602,
        "dvar": 0.000361732090823,
        "dvar2": 0.000728589599021,
        "max": 0.190154671669,
        "mean": 0.0415949895978,
        "median": 0.0353581681848,
        "min": 0.000349700683728,
        "var": 0.000903300242499
    },
    "spectral_energyband_high": {
        "dmean": 0.00104690110311,
        "dmean2": 0.00159022491425,
        "dvar": 3.23151516568e-06,
        "dvar2": 8.30844783195e-06,
        "max": 0.017927872017,
        "mean": 0.00248926249333,
        "median": 0.00141018931754,
        "min": 1.17987553949e-06,
        "var": 7.5802995525e-06
    },
    "spectral_energyband_low": {
        "dmean": 0.012576431036,
        "dmean2": 0.0197980906814,
        "dvar": 0.00039895818918,
        "dvar2": 0.000817443302367,
        "max": 0.185618624091,
        "mean": 0.0274844486266,
        "median": 0.0194174908102,
        "min": 3.4140676064e-08,
        "var": 0.000824795628432
    },
    "spectral_energyband_middle_high": {
        "dmean": 0.00252887909301,
        "dmean2": 0.00403422303498,
        "dvar": 1.54906501848e-05,
        "dvar2": 3.7861023884e-05,
        "max": 0.0394846722484,
        "mean": 0.00609337817878,
        "median": 0.00359614542685,
        "min": 0.000125421385746,
        "var": 4.89818412461e-05
    },
    "spectral_energyband_middle_low": {
        "dmean": 0.00433365674689,
        "dmean2": 0.00758072687313,
        "dvar": 0.000100918208773,
        "dvar2": 0.00028734447551,
        "max": 0.0911524891853,
        "mean": 0.00626741023734,
        "median": 0.00406070845202,
        "min": 8.88974318514e-05,
        "var": 7.32954431442e-05
    },
    "spectral_entropy": {
        "dmean": 0.155627593398,
        "dmean2": 0.227479025722,
        "dvar": 0.0300076492131,
        "dvar2": 0.0598190277815,
        "max": 8.5064125061,
        "mean": 7.7368555069,
        "median": 7.83656454086,
        "min": 5.97383499146,
        "var": 0.218431845307
    },
    "spectral_flux": {
        "dmean": 0.0335243009031,
        "dmean2": 0.0482378490269,
        "dvar": 0.00143195642158,
        "dvar2": 0.00240260618739,
        "max": 0.400981634855,
        "mean": 0.103399559855,
        "median": 0.0849333927035,
        "min": 0.0113799516112,
        "var": 0.00506340619177
    },
    "spectral_kurtosis": {
        "dmean": 0.91018640995,
        "dmean2": 1.51180422306,
        "dvar": 2.43953204155,
        "dvar2": 5.83800697327,
        "max": 41.5439300537,
        "mean": 2.95388793945,
        "median": 2.07540941238,
        "min": -0.902359008789,
        "var": 12.768781662
    },
    "spectral_rms": {
        "dmean": 0.00108046736568,
        "dmean2": 0.00165958376601,
        "dvar": 1.67013513419e-06,
        "dvar2": 3.67309257854e-06,
        "max": 0.0136204529554,
        "mean": 0.00598077196628,
        "median": 0.00587331037968,
        "min": 0.000584098801482,
        "var": 4.81084271087e-06
    },
    "spectral_rolloff": {
        "dmean": 709.364807129,
        "dmean2": 1207.49560547,
        "dvar": 1212720.125,
        "dvar2": 2993600.25,
        "max": 8161.08398438,
        "mean": 1661.81958008,
        "median": 1076.66015625,
        "min": 64.599609375,
        "var": 2663210.5
    },
    "spectral_skewness": {
        "dmean": 0.157977819443,
        "dmean2": 0.249000936747,
        "dvar": 0.0314213708043,
        "dvar2": 0.0635805279016,
        "max": 4.89241313934,
        "mean": 1.31498789787,
        "median": 1.14839732647,
        "min": -0.33642911911,
        "var": 0.337861418724
    },
    "spectral_spread": {
        "dmean": 488467.125,
        "dmean2": 744451.6875,
        "dvar": 267443109888,
        "dvar2": 523507400704,
        "max": 14246115,
        "mean": 5470458.5,
        "median": 5589734.5,
        "min": 1437362.625,
        "var": 1.27326840422e+12
    },
    "spectral_strongpeak": {
        "dmean": 0.422277361155,
        "dmean2": 0.706339895725,
        "dvar": 0.883687376976,
        "dvar2": 2.10209441185,
        "max": 8.67363166809,
        "mean": 0.724399626255,
        "median": 0.377114504576,
        "min": 0.0359576232731,
        "var": 1.07326102257
    },
    "zerocrossingrate": {
        "dmean": 0.0123646268621,
        "dmean2": 0.0149929951876,
        "dvar": 0.000192936495296,
        "dvar2": 0.00023880241497,
        "max": 0.24609375,
        "mean": 0.0671758651733,
        "median": 0.06640625,
        "min": 0.0029296875,
        "var": 0.00160114397295
    },
    "barkbands": {
        "dmean": [0.000478917500004, 0.0109211914241, 0.00401551509276, 0.0012514119735, 0.00144393648952, 0.000651475333143, 0.000450626481324, 0.000472356856335, 0.00101675884798, 0.00092318066163, 0.000347128574504, 0.000556665239856, 0.000443074968643, 0.000203335162951, 0.000242359863478, 0.000208858691622, 0.000281957502011, 0.000217803855776, 0.000322583509842, 0.000305318972096, 0.000269677664619, 0.000280488457065, 0.000211639649933, 0.000170438288478, 0.000136671660584, 8.9983754151e-05, 3.21923243618e-09],
        "dmean2": [0.000617989106104, 0.0169505458325, 0.00719697680324, 0.00231024436653, 0.00257307803258, 0.00118220702279, 0.000771164777689, 0.000719398085494, 0.00156388792675, 0.00144642812666, 0.000592604046687, 0.000890011375304, 0.000769581762142, 0.000319802173181, 0.000402682548156, 0.00034379895078, 0.000485255208332, 0.00034424525802, 0.000534776074346, 0.000503646500874, 0.000434341025539, 0.000447048834758, 0.000315761659294, 0.000265930255409, 0.00021772418404, 0.000149755680468, 4.80285455851e-09],
        "dvar": [7.60852799431e-07, 0.000299649953377, 0.000131727618282, 1.3772721104e-05, 1.63748081832e-05, 5.21424499311e-06, 1.06061258975e-06, 1.22923825074e-06, 5.75037029193e-06, 4.7971893764e-06, 1.39202415994e-06, 2.98253507935e-06, 2.57733177023e-06, 1.30364853135e-07, 2.18256388962e-07, 1.7767476379e-07, 3.37013148055e-07, 1.64815403991e-07, 4.02419203738e-07, 2.65116881337e-07, 1.71288391471e-07, 2.79053608665e-07, 1.21780615814e-07, 8.89880169552e-08, 7.95186210212e-08, 3.10686445459e-08, 1.43544661868e-15],
        "dvar2": [1.21249138374e-06, 0.000603580556344, 0.000360331352567, 3.94451344619e-05, 4.72969841212e-05, 1.53313612827e-05, 2.81233474198e-06, 2.80736435343e-06, 1.18605075841e-05, 1.08242029455e-05, 2.90476532427e-06, 5.91533125771e-06, 7.06293758412e-06, 2.77260483017e-07, 5.85064640291e-07, 4.2899424102e-07, 9.03997602109e-07, 3.56900358156e-07, 1.01890941551e-06, 6.74209957197e-07, 4.33339664596e-07, 7.47029957893e-07, 2.37064227804e-07, 2.13047073316e-07, 2.00118861926e-07, 8.26474533255e-08, 1.49204779543e-15],
        "max": [0.0124993175268, 0.15180413425, 0.0789767503738, 0.0366696864367, 0.0441003292799, 0.0213133674115, 0.0116126751527, 0.0152624817565, 0.0372748374939, 0.0274340193719, 0.0190081745386, 0.0272123105824, 0.0331190414727, 0.00745865376666, 0.00736930128187, 0.00626682676375, 0.00716072041541, 0.00474188197404, 0.00748266279697, 0.00594448950142, 0.00408576894552, 0.00554634537548, 0.00574025372043, 0.00287685915828, 0.00335637060925, 0.00156924664043, 1.28222927742e-06],
        "mean": [0.00123223254923, 0.0219931937754, 0.00361254159361, 0.00116025377065, 0.00153387943283, 0.000651130045298, 0.000596099242102, 0.00062086986145, 0.00157484132797, 0.00155916810036, 0.000428935571108, 0.000884516863152, 0.000739836134017, 0.000327594403643, 0.000369882996893, 0.000291890901281, 0.000403104000725, 0.000362573104212, 0.000525300274603, 0.000550315366127, 0.000481634255266, 0.000531381403562, 0.000449638027931, 0.000342418003129, 0.000239361164859, 0.000132385044708, 2.81034240324e-09],
        "median": [0.000240909022978, 0.0146654611453, 0.000829540484119, 0.000350685120793, 0.000616849167272, 0.000263723544776, 0.000212401238969, 0.000181182404049, 0.00039423070848, 0.000299284904031, 0.000110694214527, 0.000175032939296, 0.000160365583724, 0.000129610896693, 0.000142373595736, 0.00011732699204, 0.000134817120852, 0.000159389150213, 0.000184460426681, 0.000258601445239, 0.00024832089548, 0.000262877729256, 0.000239950037212, 0.000167933292687, 0.000110780703835, 5.08328448632e-05, 5.39949585043e-10],
        "min": [1.34980104871e-09, 2.0974710857e-09, 1.87852022826e-09, 1.27145283191e-09, 4.673288867e-09, 1.19931202747e-08, 1.64626836607e-08, 6.86056864652e-08, 4.85819145979e-06, 1.97338567887e-06, 9.08805048994e-08, 7.49563241698e-07, 1.44530054058e-06, 1.25539020246e-06, 5.5084711903e-07, 4.96407380979e-07, 5.45419197806e-07, 6.99614417954e-07, 1.84858677699e-07, 2.34817903788e-07, 1.75430130867e-07, 1.52197287662e-07, 2.31230842473e-07, 6.99288449368e-08, 1.13813480862e-09, 1.07862399568e-11, 1.41840462986e-11],
        "var": [3.80043820769e-06, 0.000598863116466, 8.70784424478e-05, 8.56869155541e-06, 1.09172024167e-05, 2.98699683299e-06, 1.26682039081e-06, 1.79900246167e-06, 1.06826528281e-05, 1.19367596199e-05, 2.22530388783e-06, 7.91785259935e-06, 7.55789824325e-06, 3.4148740724e-07, 4.1211893631e-07, 2.42832243202e-07, 5.2370398862e-07, 3.38368352004e-07, 7.87608257724e-07, 6.63345758767e-07, 3.39625188417e-07, 4.90638910833e-07, 3.83838596463e-07, 1.8203186869e-07, 1.17956339807e-07, 4.08775129301e-08, 1.42439400339e-15]
    },
    "erbbands": {
        "dmean": [0.355007976294, 2.49835062027, 4.99573516846, 3.95731592178, 3.88822031021, 4.94204282761, 6.88786697388, 4.36326599121, 5.67501497269, 6.89908838272, 13.1223497391, 20.1088314056, 23.5496921539, 21.8607997894, 17.1744842529, 17.7193603516, 22.1337852478, 8.78667449951, 10.4259462357, 12.9905233383, 11.1766662598, 16.4511528015, 11.4246263504, 15.3221883774, 13.4070711136, 14.880074501, 11.2261190414, 9.85413837433, 10.0967292786, 8.48944377899, 5.99234342575, 4.06966638565, 2.60609817505, 1.73542881012, 0.906273245811, 0.474701881409, 0.167683303356, 0.0177189465612, 0.000298136088531, 2.57654392044e-05],
        "dmean2": [0.523349583149, 3.93313121796, 8.51818656921, 6.93450737, 7.17232513428, 8.50402069092, 12.5390090942, 7.79774427414, 9.97507286072, 11.4575920105, 20.4349632263, 31.6857719421, 35.184009552, 33.0762252808, 27.7381324768, 28.6278781891, 37.9193000793, 14.1013431549, 16.7735443115, 21.5092411041, 18.2983570099, 27.8524150848, 17.751373291, 24.7729225159, 21.9264507294, 24.1665115356, 17.8989753723, 16.3828639984, 15.7238578796, 13.6032419205, 8.9651184082, 6.29109144211, 4.15341472626, 2.78958821297, 1.46393692493, 0.790267169476, 0.279187619686, 0.0298422593623, 0.000497229979374, 4.0275252104e-05],
        "dvar": [0.356013149023, 19.2631950378, 180.425674438, 105.569862366, 142.677108765, 172.714874268, 622.892089844, 195.484970093, 217.755828857, 245.006698608, 844.68548584, 2195.32104492, 2387.1953125, 3034.97631836, 2495.59545898, 2036.13464355, 6251.77294922, 255.840606689, 391.785491943, 687.715698242, 621.222839355, 1254.1862793, 411.449798584, 747.335021973, 745.343994141, 700.41998291, 304.36730957, 304.69442749, 290.955291748, 242.983230591, 106.688537598, 48.0551872253, 25.3493213654, 11.5605869293, 3.70577955246, 1.13205206394, 0.100098930299, 0.00113283644896, 3.17781086778e-07, 1.40556766226e-09],
        "dvar2": [0.78505975008, 36.7350921631, 476.265869141, 285.231719971, 413.534515381, 494.091552734, 1827.62854004, 568.907287598, 592.367919922, 615.327514648, 2083.01586914, 4919.37695312, 4289.53271484, 6733.37744141, 5490.13574219, 4496.75683594, 16820.6855469, 550.363708496, 918.837890625, 1776.91845703, 1546.15795898, 3288.15209961, 887.015319824, 1915.08679199, 1984.29956055, 1785.82763672, 780.946594238, 845.636108398, 718.455871582, 617.678405762, 203.807846069, 107.761062622, 65.1534118652, 29.2667503357, 9.40966796875, 2.8788383007, 0.268986642361, 0.00316170486622, 8.82450308382e-07, 3.36677818957e-09],
        "max": [5.13766717911, 35.5025901794, 109.996139526, 76.0270767212, 135.275558472, 162.905639648, 257.616577148, 148.218048096, 202.611999512, 211.229598999, 489.047515869, 813.600891113, 859.141967773, 756.57019043, 745.586486816, 602.05279541, 1807.3717041, 256.219665527, 405.470031738, 306.436462402, 428.003234863, 494.425567627, 247.965637207, 319.387115479, 323.525085449, 333.199615479, 164.747756958, 193.957946777, 189.777435303, 194.104385376, 174.653793335, 87.2951278687, 50.3722190857, 34.1737823486, 25.2505741119, 10.8303909302, 2.77335762978, 0.268587589264, 0.00462455954403, 0.000346839282429],
        "mean": [0.798324644566, 4.18732976913, 5.0971493721, 4.10786533356, 3.72646617889, 5.40739440918, 6.8332285881, 4.92991161346, 7.32434129715, 9.85496425629, 21.0929203033, 31.3002586365, 40.1501159668, 40.2783546448, 27.0960884094, 27.8760051727, 36.3795318604, 15.1727848053, 17.4066123962, 20.8233642578, 16.7534236908, 25.0473365784, 20.4330692291, 27.7297592163, 21.7583599091, 27.0859889984, 22.6107730865, 17.4666023254, 19.364112854, 16.4434375763, 12.0851688385, 8.09443569183, 5.13795471191, 3.01715064049, 1.50528073311, 0.65513163805, 0.245405271649, 0.0228322204202, 0.000440549047198, 7.24797719158e-05],
        "median": [0.438429057598, 2.7707092762, 1.6964173317, 1.35558545589, 1.37478971481, 1.97925710678, 2.23573732376, 2.14924168587, 2.67686676979, 3.62988805771, 6.90358781815, 9.53298091888, 11.5041065216, 8.73943519592, 6.97096443176, 6.97826433182, 9.03265666962, 6.67311525345, 8.23759078979, 8.3689250946, 7.29227828979, 9.3404378891, 9.93186664581, 10.9241371155, 10.779718399, 11.3492774963, 12.0810117722, 9.99905967712, 10.1421413422, 8.39067649841, 6.61259365082, 4.08208322525, 2.45516872406, 1.36880302429, 0.674488544464, 0.261500895023, 0.0871720984578, 0.00561027089134, 0.000152474080096, 6.06968351349e-05],
        "min": [2.82587052425e-07, 5.53881193355e-07, 2.97259566651e-06, 7.07030994818e-06, 1.25800606838e-05, 3.95542338083e-05, 5.82156899327e-05, 0.000179961047252, 0.00060134800151, 0.00198160251603, 0.0321495346725, 0.187869563699, 0.125121101737, 0.192212924361, 0.158458933234, 0.0969336181879, 0.181500211358, 0.140816420317, 0.126460015774, 0.0462322421372, 0.0304291285574, 0.0596966743469, 0.0727112963796, 0.0146535849199, 0.0119000524282, 0.0123416800052, 0.00596808036789, 0.0052601560019, 0.00443720398471, 0.00852730311453, 0.0058739008382, 0.00170180038549, 0.00183587241918, 0.000524352653883, 4.25346370321e-05, 1.41219834404e-05, 5.69625126445e-06, 4.48022490218e-07, 8.32210844237e-07, 5.64207539355e-07],
        "var": [0.935021042824, 28.8258419037, 134.360961914, 75.4010391235, 85.4659194946, 122.858894348, 369.582061768, 123.561981201, 241.067840576, 367.804077148, 2017.31054688, 3734.44091797, 6153.11816406, 9572.88183594, 5636.65576172, 4777.26806641, 17616.9414062, 628.559631348, 873.282470703, 1259.03234863, 841.607666016, 2039.05236816, 905.055664062, 1815.59362793, 1035.35119629, 1894.00354004, 810.882507324, 457.267364502, 626.12701416, 521.465759277, 298.890319824, 107.120903015, 44.7166824341, 17.7494125366, 5.1531047821, 1.30986213684, 0.135190919042, 0.00133280747104, 4.09302629123e-07, 3.27082294582e-09]
    },
    "gfcc": {
        "mean": [17.1685504913, 60.1358032227, -106.681388855, 44.7538032532, -59.2459831238, 39.0016288757, -23.2515506744, 23.7612361908, -15.2605371475, 6.87464857101, -14.7580060959, 4.5547990799, -9.00693416595],
        "cov": [[5160.31640625, -1282.81298828, 851.993103027, 860.744567871, 305.598236084, -30.0763320923, -187.806182861, 105.382171631, -731.30090332, 192.43421936, -470.803405762, 327.920532227, -257.149719238], [-1282.81298828, 3199.4440918, 1286.91711426, 74.0775985718, 99.5004272461, 68.081451416, -146.419342041, -453.282714844, 298.997283936, -277.118804932, 500.673034668, -29.4023895264, 263.9609375], [851.993103027, 1286.91711426, 1466.66784668, 502.35043335, 289.922332764, 143.122970581, -72.6273117065, -174.55619812, -85.0847930908, -55.5147476196, 132.416915894, 160.311782837, 75.8209762573], [860.744567871, 74.0775985718, 502.35043335, 563.968444824, 190.201126099, 88.5099105835, 18.6707859039, -3.44891953468, -78.9052200317, -5.08838701248, -10.2581043243, 58.8290977478, 64.9548416138], [305.598236084, 99.5004272461, 289.922332764, 190.201126099, 301.637298584, 74.3922576904, 82.3138504028, 37.1755905151, -70.3206710815, 1.13383805752, 7.30970430374, 52.8593864441, 8.32629013062], [-30.0763320923, 68.081451416, 143.122970581, 88.5099105835, 74.3922576904, 181.741348267, 60.9697494507, 3.23390722275, -5.77789831161, -2.67228484154, 48.0620956421, 25.5677871704, 34.9254264832], [-187.806182861, -146.419342041, -72.6273117065, 18.6707859039, 82.3138504028, 60.9697494507, 188.430465698, 89.8255462646, 16.9732780457, 4.57978773117, 6.70887231827, 6.95070028305, 29.7302932739], [105.382171631, -453.282714844, -174.55619812, -3.44891953468, 37.1755905151, 3.23390722275, 89.8255462646, 215.313873291, 28.6799449921, 48.7599372864, -95.5303192139, -11.1176233292, -12.2647199631], [-731.30090332, 298.997283936, -85.0847930908, -78.9052200317, -70.3206710815, -5.77789831161, 16.9732780457, 28.6799449921, 250.623962402, 0.949706852436, 65.8669586182, -88.9691543579, 52.2007904053], [192.43421936, -277.118804932, -55.5147476196, -5.08838701248, 1.13383805752, -2.67228484154, 4.57978773117, 48.7599372864, 0.949706852436, 123.185455322, -21.6447906494, 1.14240670204, -60.8279266357], [-470.803405762, 500.673034668, 132.416915894, -10.2581043243, 7.30970430374, 48.0620956421, 6.70887231827, -95.5303192139, 65.8669586182, -21.6447906494, 211.046508789, 16.0129184723, 45.9057617188], [327.920532227, -29.4023895264, 160.311782837, 58.8290977478, 52.8593864441, 25.5677871704, 6.95070028305, -11.1176233292, -88.9691543579, 1.14240670204, 16.0129184723, 148.010238647, 15.265871048], [-257.149719238, 263.9609375, 75.8209762573, 64.9548416138, 8.32629013062, 34.9254264832, 29.7302932739, -12.2647199631, 52.2007904053, -60.8279266357, 45.9057617188, 15.265871048, 144.349075317]],
        "icov": [[0.000829777098261, -0.000207794670132, -5.12641017849e-05, -0.00112570973579, 0.000349521636963, 0.00013605550339, 0.000609977752902, -0.000676541007124, 0.00164562999271, -0.000955884577706, 0.00121733557899, -0.000828133139294, 0.000857997860294], [-0.000207794670132, 0.00242554862052, -0.00215742387809, 0.00174905033782, -0.00096624030266, 0.000944582803641, 0.000326403736835, 0.00194850028493, -0.00237417104654, 0.0027256438043, -0.00281656789593, 0.00194267602637, -0.00183650525287], [-5.12641017849e-05, -0.00215742387809, 0.0035211162176, -0.00223183212802, -0.00029065462877, -0.00138645269908, 0.000464536919026, -0.000683067424688, 0.000982144498266, -0.00182386685628, 0.00202758726664, -0.00276495167054, 0.00173095450737], [-0.00112570973579, 0.00174905033782, -0.00223183212802, 0.00572151271626, -0.00195302988868, -2.79954679172e-06, -0.000354023010004, 0.00174409907777, -0.00245504872873, 0.00175703119021, -0.00248972163536, 0.00304080336355, -0.00417320104316], [0.000349521636963, -0.00096624030266, -0.00029065462877, -0.00195302988868, 0.00664051109925, -0.000637157238089, -0.00240832334384, -0.00240141130053, 0.00291676190682, -0.000924368097913, 0.000701559532899, -0.000714680063538, 0.00189232360572], [0.00013605550339, 0.000944582803641, -0.00138645269908, -2.79954679172e-06, -0.000637157238089, 0.0079519059509, -0.00188731355593, 0.000430817191955, 0.000113530622912, 0.000194198262761, -0.00235059973784, 0.000841524393763, -0.00151799281593], [0.000609977752902, 0.000326403736835, 0.000464536919026, -0.000354023010004, -0.00240832334384, -0.00188731355593, 0.0099913617596, -0.00376034365036, 0.000853687466588, 0.000305136141833, -0.00118284288328, -0.000459023518488, -0.00113213120494], [-0.000676541007124, 0.00194850028493, -0.000683067424688, 0.00174409907777, -0.00240141130053, 0.000430817191955, -0.00376034365036, 0.0122162979096, -0.00590076530352, 1.92112893274e-05, 0.00226701353677, 0.000218713845243, -0.00194970273878], [0.00164562999271, -0.00237417104654, 0.000982144498266, -0.00245504872873, 0.00291676190682, 0.000113530622912, 0.000853687466588, -0.00590076530352, 0.013359265402, -0.00562056433409, 0.000989926396869, 0.0022956377361, -0.000768140947912], [-0.000955884577706, 0.0027256438043, -0.00182386685628, 0.00175703119021, -0.000924368097913, 0.000194198262761, 0.000305136141833, 1.92112893274e-05, -0.00562056433409, 0.0159659907222, -0.00484701618552, 0.000867663766257, 0.00363566610031], [0.00121733557899, -0.00281656789593, 0.00202758726664, -0.00248972163536, 0.000701559532899, -0.00235059973784, -0.00118284288328, 0.00226701353677, 0.000989926396869, -0.00484701618552, 0.0134190488607, -0.00512935454026, 0.00221335398965], [-0.000828133139294, 0.00194267602637, -0.00276495167054, 0.00304080336355, -0.000714680063538, 0.000841524393763, -0.000459023518488, 0.000218713845243, 0.0022956377361, 0.000867663766257, -0.00512935454026, 0.0133796790615, -0.00524125574157], [0.000857997860294, -0.00183650525287, 0.00173095450737, -0.00417320104316, 0.00189232360572, -0.00151799281593, -0.00113213120494, -0.00194970273878, -0.000768140947912, 0.00363566610031, 0.00221335398965, -0.00524125574157, 0.0147689711303]]
    },
    "melbands": {
        "dmean": [0.00307317101397, 0.00270150182769, 0.000673958275001, 0.000308511342155, 0.00023997235985, 0.000104166887468, 8.59189967741e-05, 7.82061397331e-05, 0.000127399835037, 0.000126567130792, 0.000129167703562, 0.000100985736935, 5.4379717767e-05, 6.68887951178e-05, 5.20492430951e-05, 3.65775849787e-05, 1.59125393111e-05, 1.84395157703e-05, 1.84193668247e-05, 1.47957980516e-05, 1.3100587239e-05, 1.89310740097e-05, 1.3145644516e-05, 1.04099362943e-05, 1.40338588608e-05, 1.2028661331e-05, 9.93020967144e-06, 1.14746781037e-05, 8.50914784678e-06, 5.91432990404e-06, 6.40282405584e-06, 6.26628843747e-06, 6.06653020441e-06, 4.90040201839e-06, 3.92303854824e-06, 3.0923815757e-06, 2.47174716606e-06, 2.04207481147e-06, 1.73557543803e-06, 1.4796579535e-06],
        "dmean2": [0.00461102183908, 0.00421430449933, 0.00117353303358, 0.000551673874725, 0.000430999702075, 0.00018687719421, 0.000150852341903, 0.000128353131004, 0.000200484282686, 0.000197485889657, 0.000193235158804, 0.000155842644745, 8.94760232768e-05, 0.000104173072032, 8.92412790563e-05, 6.07218280493e-05, 2.52455338341e-05, 2.97515944112e-05, 3.0933333619e-05, 2.41502038989e-05, 2.15532181755e-05, 3.24555585394e-05, 2.185388621e-05, 1.64595294336e-05, 2.26976117119e-05, 1.94110343728e-05, 1.63905315276e-05, 1.82698458957e-05, 1.4048664525e-05, 9.62253125181e-06, 1.07760406536e-05, 9.84536200122e-06, 9.77857052931e-06, 7.77299101173e-06, 5.98362476012e-06, 4.61373110738e-06, 3.85332759834e-06, 3.38398513122e-06, 2.77845515484e-06, 2.4035905426e-06],
        "dvar": [2.31168251048e-05, 3.43103492924e-05, 3.01375962408e-06, 8.17102375095e-07, 6.13915972281e-07, 1.14047345789e-07, 4.63877398715e-08, 2.90445445472e-08, 8.10524127814e-08, 8.66703473434e-08, 7.4250237958e-08, 6.36054053871e-08, 2.31134134054e-08, 5.08960233958e-08, 2.98120035325e-08, 1.48623495733e-08, 9.30407029198e-10, 1.29078236988e-09, 1.37349798202e-09, 7.48900330638e-10, 1.02422736958e-09, 1.96347738068e-09, 7.5503819863e-10, 4.51225695697e-10, 6.84976186882e-10, 6.45886732986e-10, 4.46505665774e-10, 4.61023497156e-10, 2.15246667712e-10, 1.07736743138e-10, 1.32801547537e-10, 1.31172225859e-10, 1.3295779755e-10, 6.97213120571e-11, 4.74029288045e-11, 2.98479851946e-11, 1.56009250657e-11, 1.68184147165e-11, 9.9771007428e-12, 8.39069785874e-12],
        "dvar2": [5.06499927724e-05, 7.93613726273e-05, 8.02858903626e-06, 2.3677127956e-06, 1.78194909495e-06, 3.32871451292e-07, 1.27632745262e-07, 7.43736308095e-08, 2.08581397487e-07, 1.84440082762e-07, 1.37336598982e-07, 1.46049401906e-07, 5.32234309958e-08, 9.76917888806e-08, 7.72978339114e-08, 3.58847138671e-08, 1.92080240602e-09, 2.84768786329e-09, 3.92449583941e-09, 1.80134585026e-09, 2.50542808722e-09, 5.06376807152e-09, 2.0298196457e-09, 9.7604391236e-10, 1.7056996926e-09, 1.5455694502e-09, 1.17922860365e-09, 1.08320841186e-09, 5.95773319567e-10, 2.66288879835e-10, 3.73770625561e-10, 3.19469339871e-10, 3.4775449187e-10, 1.74800243724e-10, 9.64021917849e-11, 5.87352527726e-11, 3.67712527094e-11, 4.46994802283e-11, 2.43496802582e-11, 2.12844949998e-11],
        "max": [0.0441825091839, 0.0552786812186, 0.0149782393128, 0.0101100699976, 0.0082304161042, 0.00328875239938, 0.00268363440409, 0.00195168750361, 0.00478187110275, 0.00437762634829, 0.0043170126155, 0.00335336755961, 0.00278261327185, 0.00340567412786, 0.00360228307545, 0.00309447594918, 0.000586950511206, 0.000677914125845, 0.000520253495779, 0.000339670164976, 0.000572479446419, 0.000631798640825, 0.000378331082175, 0.000353148585418, 0.000302715518046, 0.000280731474049, 0.000251131044934, 0.000297869555652, 0.000153790941113, 0.000125763253891, 0.00014253774134, 0.000165846169693, 0.000128409548779, 0.000102288970083, 0.000113989197416, 0.000106372383016, 3.65348532796e-05, 4.69422629976e-05, 3.12086594931e-05, 3.06227557303e-05],
        "mean": [0.00655306922272, 0.00373440678231, 0.000711698492523, 0.000322237057844, 0.000249216653174, 0.000116431991046, 0.00010989922157, 0.000108585438284, 0.000207860750379, 0.000191936764168, 0.000212697632378, 0.000184610849828, 7.68683748902e-05, 0.00010641256813, 8.06292009656e-05, 5.636806236e-05, 2.57953270193e-05, 2.85763326247e-05, 2.85135047307e-05, 2.19977828237e-05, 1.75113491423e-05, 2.56951443589e-05, 2.12098002521e-05, 1.76510475285e-05, 2.34055678447e-05, 1.87730693142e-05, 1.49336774484e-05, 1.85946628335e-05, 1.58142902364e-05, 9.82948495221e-06, 1.00979204944e-05, 1.12091029223e-05, 1.00632059912e-05, 8.98025518836e-06, 7.1753111115e-06, 5.97103780819e-06, 4.39643008576e-06, 3.60724789061e-06, 3.16452542393e-06, 2.30203613683e-06],
        "median": [0.00419943965971, 0.00208980962634, 0.00025586708216, 0.000123688441818, 8.88140784809e-05, 5.0892613217e-05, 4.04879720008e-05, 3.65649393643e-05, 5.8162429923e-05, 5.38261410838e-05, 5.35044455319e-05, 3.44244399457e-05, 2.02245901164e-05, 1.66526206158e-05, 1.90000027942e-05, 1.46570300785e-05, 1.01703208202e-05, 1.12496909423e-05, 1.04227074189e-05, 9.15051441552e-06, 6.55873509459e-06, 8.0109693954e-06, 7.48385127736e-06, 7.48531283534e-06, 7.78864250606e-06, 6.73449312671e-06, 6.39184736428e-06, 6.22968764219e-06, 7.47287413105e-06, 4.48926812169e-06, 5.0305015975e-06, 5.07590812049e-06, 4.7053340495e-06, 4.11589689975e-06, 3.46153228747e-06, 2.89482045446e-06, 2.14717192648e-06, 1.6616005496e-06, 1.39186261094e-06, 9.80436652753e-07],
        "min": [3.30115534908e-09, 2.02024907914e-09, 8.42678204993e-10, 6.38651853624e-10, 1.02155428561e-09, 1.90060989169e-09, 2.52050758043e-09, 4.00211064289e-09, 6.90002650572e-08, 8.16595331798e-07, 4.10041195664e-07, 3.52775543888e-07, 2.25789129615e-08, 8.76753389889e-08, 5.84584221031e-08, 4.01699224994e-07, 1.56467990564e-07, 1.26189291905e-07, 3.80210565254e-08, 5.04565420556e-08, 2.65244963771e-08, 4.4532555421e-08, 3.54951872339e-08, 2.56655727782e-08, 6.85513112941e-09, 1.50190404558e-09, 8.96134988437e-09, 3.1671145706e-09, 2.36028774303e-09, 5.79959913427e-10, 1.64191882313e-09, 1.6541930048e-09, 3.11664671848e-09, 5.40434008656e-09, 3.67603392171e-09, 1.55352619657e-09, 1.867156256e-11, 1.16968612573e-09, 2.01224731322e-10, 4.79214541313e-12],
