{
"highlevel": {
    "danceability": {
        "all": {
            "danceable": 0.968747377396,
            "not_danceable": 0.0312526263297
        },
        "probability": 0.968747377396,
        "value": "danceable"
    },
    "gender": {
        "all": {
            "female": 0.0494251064956,
            "male": 0.950574874878
        },
        "probability": 0.950574874878,
        "value": "male"
    },
    "genre_dortmund": {
        "all": {
            "alternative": 0.0744032338262,
            "blues": 0.0490315109491,
            "electronic": 0.0116448905319,
            "folkcountry": 0.380761861801,
            "funksoulrnb": 0.0174577049911,
            "jazz": 0.196921795607,
            "pop": 0.137592121959,
            "raphiphop": 0.00492436345667,
            "rock": 0.127262532711
        },
        "probability": 0.380761861801,
        "value": "folkcountry"
    },
    "genre_electronic": {
        "all": {
            "ambient": 0.558196544647,
            "dnb": 0.197917491198,
            "house": 0.158774167299,
            "techno": 0.0188947077841,
            "trance": 0.0662170723081
        },
        "probability": 0.558196544647,
        "value": "ambient"
    },
    "genre_rosamerica": {
        "all": {
            "cla": 0.0238444190472,
            "dan": 0.0124353477731,
            "hip": 0.00858118478209,
            "jaz": 0.0174848474562,
            "pop": 0.717890322208,
            "rhy": 0.0409167259932,
            "roc": 0.175105169415,
            "spe": 0.00374197983183
        },
        "probability": 0.717890322208,
        "value": "pop"
    },
    "genre_tzanetakis": {
        "all": {
            "blu": 0.063259229064,
            "cla": 0.0351214334369,
            "cou": 0.0790196210146,
            "dis": 0.0526951625943,
            "hip": 0.158124744892,
            "jaz": 0.316520601511,
            "met": 0.0632875487208,
            "pop": 0.063269995153,
            "reg": 0.0632629841566,
            "roc": 0.105438686907
        },
        "probability": 0.316520601511,
        "value": "jaz"
    },
    "ismir04_rhythm": {
        "all": {
            "ChaChaCha": 0.166215732694,
            "Jive": 0.0668991804123,
            "Quickstep": 0.0417768321931,
            "Rumba-American": 0.017720380798,
            "Rumba-International": 0.0445753261447,
            "Rumba-Misc": 0.0214720796794,
            "Samba": 0.0482104644179,
            "Tango": 0.119256168604,
            "VienneseWaltz": 0.422168403864,
            "Waltz": 0.0517054200172
        },
        "probability": 0.422168403864,
        "value": "VienneseWaltz"
    },
    "mood_acoustic": {
        "all": {
            "acoustic": 0.5,
            "not_acoustic": 0.5
        },
        "probability": 0.5,
        "value": "acoustic"
    },
    "mood_aggressive": {
        "all": {
            "aggressive": 0.217588871717,
            "not_aggressive": 0.782411158085
        },
        "probability": 0.782411158085,
        "value": "not_aggressive"
    },
    "mood_electronic": {
        "all": {
            "electronic": 0.0334020033479,
            "not_electronic": 0.9665979743
        },
        "probability": 0.9665979743,
        "value": "not_electronic"
    },
    "mood_happy": {
        "all": {
            "happy": 0.910185694695,
            "not_happy": 0.0898143276572
        },
        "probability": 0.910185694695,
        "value": "happy"
    },
    "mood_party": {
        "all": {
            "not_party": 0.693298578262,
            "party": 0.306701421738
        },
        "probability": 0.693298578262,
        "value": "not_party"
    },
    "mood_relaxed": {
        "all": {
            "not_relaxed": 0.258041232824,
            "relaxed": 0.741958796978
        },
        "probability": 0.741958796978,
        "value": "relaxed"
    },
    "mood_sad": {
        "all": {
            "not_sad": 0.320474475622,
            "sad": 0.67952555418
        },
        "probability": 0.67952555418,
        "value": "sad"
    },
    "moods_mirex": {
        "all": {
            "Cluster1": 0.112610414624,
            "Cluster2": 0.561199128628,
            "Cluster3": 0.0969755724072,
            "Cluster4": 0.218214675784,
            "Cluster5": 0.0110002029687
        },
        "probability": 0.561199128628,
        "value": "Cluster2"
    },
    "timbre": {
        "all": {
            "bright": 0.999999642372,
            "dark": 3.79195199685e-07
        },
        "probability": 0.999999642372,
        "value": "bright"
    },
    "tonal_atonal": {
        "all": {
            "atonal": 0.0013201800175,
            "tonal": 0.998679816723
        },
        "probability": 0.998679816723,
        "value": "tonal"
    },
    "voice_instrumental": {
        "all": {
            "instrumental": 0.0193266868591,
            "voice": 0.980673313141
        },
        "probability": 0.980673313141,
        "value": "voice"
    }
},
"lowlevel": {
    "average_loudness": 0.944652974606,
    "barkbands_crest": {
        "dmean": 2.14052295685,
        "dmean2": 3.28489947319,
        "dvar": 4.80288648605,
        "dvar2": 10.3337116241,
        "max": 25.3888721466,
        "mean": 9.74340057373,
        "median": 9.10737895966,
        "min": 2.61137890816,
        "var": 16.4792842865
    },
    "barkbands_flatness_db": {
        "dmean": 0.0241325963289,
        "dmean2": 0.034659165889,
        "dvar": 0.000588201568462,
        "dvar2": 0.00106022204272,
        "max": 0.351281017065,
        "mean": 0.155693277717,
        "median": 0.147337540984,
        "min": 0.0581257715821,
        "var": 0.00329534197226
    },
    "barkbands_kurtosis": {
        "dmean": 1.88918662071,
        "dmean2": 2.86041021347,
        "dvar": 24.126493454,
        "dvar2": 47.8755455017,
        "max": 101.835472107,
        "mean": 2.59252333641,
        "median": 0.928462028503,
        "min": -1.7504658699,
        "var": 51.4319534302
    },
    "barkbands_skewness": {
        "dmean": 0.417042404413,
        "dmean2": 0.623076200485,
        "dvar": 0.309049963951,
        "dvar2": 0.673010468483,
        "max": 9.23351097107,
        "mean": 1.143471241,
        "median": 0.961960852146,
        "min": -0.844782650471,
        "var": 1.03016448021
    },
    "barkbands_spread": {
        "dmean": 6.36010885239,
        "dmean2": 10.041053772,
        "dvar": 91.8804397583,
        "dvar2": 232.217559814,
        "max": 88.2352218628,
        "mean": 23.3805294037,
        "median": 18.9705696106,
        "min": 1.41805660725,
        "var": 247.74961853
    },
    "dissonance": {
        "dmean": 0.0221081320196,
        "dmean2": 0.0366376228631,
        "dvar": 0.000495333864819,
        "dvar2": 0.00138076429721,
        "max": 0.49988514185,
        "mean": 0.448043256998,
        "median": 0.458099037409,
        "min": 0.242284372449,
        "var": 0.00145788060036
    },
    "dynamic_complexity": 2.72917127609,
    "erbbands_crest": {
        "dmean": 2.43703603745,
        "dmean2": 3.82915973663,
        "dvar": 5.60745048523,
        "dvar2": 13.1528654099,
        "max": 29.0428981781,
        "mean": 9.67368125916,
        "median": 8.49122714996,
        "min": 2.88591456413,
        "var": 21.1753807068
    },
    "erbbands_flatness_db": {
        "dmean": 0.0256466399878,
        "dmean2": 0.037045378238,
        "dvar": 0.000721570395399,
        "dvar2": 0.00132894713897,
        "max": 0.368221580982,
        "mean": 0.179464653134,
        "median": 0.169346854091,
        "min": 0.066417299211,
        "var": 0.00394770922139
    },
    "erbbands_kurtosis": {
        "dmean": 0.778744161129,
        "dmean2": 1.24169254303,
        "dvar": 0.955922782421,
        "dvar2": 2.38812589645,
        "max": 13.1521377563,
        "mean": 0.550130546093,
        "median": 0.0574822425842,
        "min": -1.56960988045,
        "var": 2.60539841652
    },
    "erbbands_skewness": {
        "dmean": 0.315552085638,
        "dmean2": 0.488748788834,
        "dvar": 0.0925499498844,
        "dvar2": 0.230647936463,
        "max": 2.74134469032,
        "mean": 0.589329719543,
        "median": 0.57130163908,
        "min": -1.85016965866,
        "var": 0.35369426012
    },
    "erbbands_spread": {
        "dmean": 7.74084186554,
        "dmean2": 12.1377086639,
        "dvar": 94.8768234253,
        "dvar2": 220.345413208,
        "max": 118.519416809,
        "mean": 32.1193580627,
        "median": 30.3204021454,
        "min": 5.14034128189,
        "var": 268.670837402
    },
    "hfc": {
        "dmean": 9.34792995453,
        "dmean2": 15.0430326462,
        "dvar": 152.991531372,
        "dvar2": 396.136444092,
        "max": 128.031066895,
        "mean": 27.5868835449,
        "median": 25.3118476868,
        "min": 0.125628739595,
        "var": 391.481536865
    },
    "melbands_crest": {
        "dmean": 2.6195526123,
        "dmean2": 4.14284229279,
        "dvar": 7.89268541336,
        "dvar2": 17.3251743317,
        "max": 30.0798778534,
        "mean": 13.6609869003,
        "median": 12.6187124252,
        "min": 3.2291431427,
        "var": 26.3745918274
    },
    "melbands_flatness_db": {
        "dmean": 0.0277391653508,
        "dmean2": 0.0393497981131,
        "dvar": 0.000943128077779,
        "dvar2": 0.00181445619091,
        "max": 0.433632403612,
        "mean": 0.185732677579,
        "median": 0.178945034742,
        "min": 0.0391638241708,
        "var": 0.00500284507871
    },
    "melbands_kurtosis": {
        "dmean": 4.32313585281,
        "dmean2": 6.64897680283,
        "dvar": 119.433433533,
        "dvar2": 264.533752441,
        "max": 165.806228638,
        "mean": 7.70229578018,
        "median": 3.80732440948,
        "min": -1.09546995163,
        "var": 231.63117981
    },
    "melbands_skewness": {
        "dmean": 0.530719459057,
        "dmean2": 0.796439945698,
        "dvar": 0.486904412508,
        "dvar2": 1.05587363243,
        "max": 10.5149126053,
        "mean": 1.84629654884,
        "median": 1.57710516453,
        "min": -0.27516284585,
        "var": 1.79743504524
    },
    "melbands_spread": {
        "dmean": 6.29992771149,
        "dmean2": 9.57411289215,
        "dvar": 77.2331085205,
        "dvar2": 193.258285522,
        "max": 116.571228027,
        "mean": 26.1381244659,
        "median": 22.1448745728,
        "min": 1.06288838387,
        "var": 286.88293457
    },
    "pitch_salience": {
        "dmean": 0.05953585729,
        "dmean2": 0.0921489745378,
        "dvar": 0.00348237901926,
        "dvar2": 0.00800184067339,
        "max": 0.879195988178,
        "mean": 0.518854558468,
        "median": 0.518010318279,
        "min": 0.124687694013,
        "var": 0.0107727292925
    },
    "silence_rate_20dB": {
        "dmean": 0,
        "dmean2": 0,
        "dvar": 0,
        "dvar2": 0,
        "max": 1,
        "mean": 1,
        "median": 1,
        "min": 1,
        "var": 0
    },
    "silence_rate_30dB": {
        "dmean": 0.00154798757285,
        "dmean2": 0.00309837330133,
        "dvar": 0.00154558348004,
        "dvar2": 0.00463791936636,
        "max": 1,
        "mean": 0.999226629734,
        "median": 1,
        "min": 0,
        "var": 0.000772795756347
    },
    "silence_rate_60dB": {
        "dmean": 0.0154798757285,
        "dmean2": 0.0309837330133,
        "dvar": 0.0152403786778,
        "dvar2": 0.0315731652081,
        "max": 1,
        "mean": 0.0518174804747,
        "median": 0,
        "min": 0,
        "var": 0.0491325668991
    },
    "spectral_centroid": {
        "dmean": 242.482421875,
        "dmean2": 367.069488525,
        "dvar": 87473.4765625,
        "dvar2": 209957.65625,
        "max": 3529.53149414,
        "mean": 1471.07128906,
        "median": 1377.11865234,
        "min": 276.324951172,
        "var": 422624.21875
    },
    "spectral_complexity": {
        "dmean": 3.37306499481,
        "dmean2": 5.13787746429,
        "dvar": 12.4893531799,
        "dvar2": 26.1172561646,
        "max": 45,
        "mean": 19.6434650421,
        "median": 20,
        "min": 0,
        "var": 64.4552383423
    },
    "spectral_decrease": {
        "dmean": 1.53908552569e-09,
        "dmean2": 2.20013784968e-09,
        "dvar": 3.57974362842e-18,
        "dvar2": 7.49744264945e-18,
        "max": -2.07943124525e-11,
        "mean": -6.49020126531e-09,
        "median": -6.09773254112e-09,
        "min": -3.0649967897e-08,
        "var": 1.41612477145e-17
    },
    "spectral_energy": {
        "dmean": 0.00644957181066,
        "dmean2": 0.00933423452079,
        "dvar": 6.01732317591e-05,
        "dvar2": 0.000127464838442,
        "max": 0.123472623527,
        "mean": 0.0269977543503,
        "median": 0.0257498845458,
        "min": 9.44210769376e-05,
        "var": 0.000232063946896
    },
    "spectral_energyband_high": {
        "dmean": 0.00071138277417,
        "dmean2": 0.00121394300368,
        "dvar": 1.5520075749e-06,
        "dvar2": 4.19933940066e-06,
        "max": 0.0126379858702,
        "mean": 0.00116544251796,
        "median": 0.000460071780253,
        "min": 5.16048928034e-08,
        "var": 2.62595335698e-06
    },
    "spectral_energyband_low": {
        "dmean": 0.00164656690322,
        "dmean2": 0.00251342891715,
        "dvar": 7.96539006842e-06,
        "dvar2": 1.69860049937e-05,
        "max": 0.032678835094,
        "mean": 0.00560536701232,
        "median": 0.00487392442301,
        "min": 1.14218460112e-06,
        "var": 2.40985918936e-05
    },
    "spectral_energyband_middle_high": {
        "dmean": 0.00255462294444,
        "dmean2": 0.00380618614145,
        "dvar": 1.13487112685e-05,
        "dvar2": 2.56050370808e-05,
        "max": 0.0565097890794,
        "mean": 0.00800560694188,
        "median": 0.00648346496746,
        "min": 2.58508443949e-05,
        "var": 5.27056145074e-05
    },
    "spectral_energyband_middle_low": {
        "dmean": 0.0043690870516,
        "dmean2": 0.00614538230002,
        "dvar": 4.02771584049e-05,
        "dvar2": 8.45899921842e-05,
        "max": 0.105767697096,
        "mean": 0.0126733947545,
        "median": 0.00953402370214,
        "min": 9.77817308012e-06,
        "var": 0.000126082610223
    },
    "spectral_entropy": {
        "dmean": 0.269225567579,
        "dmean2": 0.388321042061,
        "dvar": 0.0829364806414,
        "dvar2": 0.166504368186,
        "max": 8.63075065613,
        "mean": 7.34233760834,
        "median": 7.38002443314,
        "min": 5.81975317001,
        "var": 0.247268527746
    },
    "spectral_flux": {
        "dmean": 0.0244167670608,
        "dmean2": 0.0372124686837,
        "dvar": 0.000669468776323,
        "dvar2": 0.00144572672434,
        "max": 0.283420860767,
        "mean": 0.0709030330181,
        "median": 0.0654748603702,
        "min": 0.00509123224765,
        "var": 0.00138898100704
    },
    "spectral_kurtosis": {
        "dmean": 2.60325455666,
        "dmean2": 4.25460577011,
        "dvar": 13.1674909592,
        "dvar2": 37.8508300781,
        "max": 59.119304657,
        "mean": 5.67896938324,
        "median": 4.10768556595,
        "min": -0.604950666428,
        "var": 30.3020954132
    },
    "spectral_rms": {
        "dmean": 0.000612981559243,
        "dmean2": 0.000867808936164,
        "dvar": 4.45957908823e-07,
        "dvar2": 8.90328976766e-07,
        "max": 0.0109754772857,
        "mean": 0.00487529439852,
        "median": 0.00501216901466,
        "min": 0.000303509674268,
        "var": 2.57078977484e-06
    },
    "spectral_rolloff": {
        "dmean": 593.330078125,
        "dmean2": 980.73626709,
        "dvar": 1370723.125,
        "dvar2": 3574832.75,
        "max": 11541.796875,
        "mean": 1847.52575684,
        "median": 1291.9921875,
        "min": 86.1328125,
        "var": 2752178
    },
    "spectral_skewness": {
        "dmean": 0.289238840342,
        "dmean2": 0.471555113792,
        "dvar": 0.0967928394675,
        "dvar2": 0.254394859076,
        "max": 5.44694805145,
        "mean": 1.67819678783,
        "median": 1.56871390343,
        "min": 0.632474422455,
        "var": 0.301128000021
    },
    "spectral_spread": {
        "dmean": 1012046,
        "dmean2": 1565079.75,
        "dvar": 1.51450694451e+12,
        "dvar2": 3.18682405274e+12,
        "max": 14813801,
        "mean": 4325083.5,
        "median": 4067811.5,
        "min": 1072836.875,
        "var": 3.02536327168e+12
    },
    "spectral_strongpeak": {
        "dmean": 0.577672958374,
        "dmean2": 0.929739058018,
        "dvar": 0.787124097347,
        "dvar2": 1.85281813145,
        "max": 9.96704483032,
        "mean": 1.41643309593,
        "median": 0.935314655304,
        "min": 0.0350147485733,
        "var": 2.09727287292
    },
    "zerocrossingrate": {
        "dmean": 0.0114655392244,
        "dmean2": 0.0147925391793,
        "dvar": 0.000180163377081,
        "dvar2": 0.000236007545027,
        "max": 0.29736328125,
        "mean": 0.0645947381854,
        "median": 0.0546875,
        "min": 0.005859375,
        "var": 0.00131805019919
    },
    "barkbands": {
        "dmean": [3.590650158e-05, 0.00101704639383, 0.000661893223878, 0.000173118678504, 0.0013786717318, 0.000844904163387, 0.00141858682036, 0.00120353372768, 0.00117493735161, 0.00120220379904, 0.000427322025644, 0.000790330930613, 0.000351088499883, 0.000356380769517, 0.000297170015983, 0.00016163791588, 0.000225533207413, 0.000179917144123, 0.000259105174337, 0.000161629373906, 0.000124852100271, 0.000128747851704, 0.000123132980661, 0.000145830956171, 0.000165894947713, 8.24376911623e-05, 1.63172830803e-09],
        "dmean2": [5.71613272768e-05, 0.00159395101946, 0.000976219947916, 0.000298024184303, 0.00208239536732, 0.00129421416204, 0.00204136851244, 0.00169597694185, 0.00170824234374, 0.00189045234583, 0.000647983455565, 0.00117344537284, 0.000551965262275, 0.000543234171346, 0.000455963105196, 0.000263450783677, 0.0003597495961, 0.00029062727117, 0.000410578679293, 0.000269674288575, 0.000204863259569, 0.00021338845545, 0.000215438310988, 0.000258327811025, 0.000287755567115, 0.000139806856168, 2.79022738248e-09],
        "dvar": [9.07503849845e-09, 3.41432473761e-06, 2.40353756453e-06, 1.54986963707e-07, 1.08442791316e-05, 3.97770236304e-06, 6.80153834764e-06, 1.12490979518e-05, 6.94989603289e-06, 7.41702069718e-06, 1.03466834389e-06, 3.34506808031e-06, 4.54487434354e-07, 6.60329703805e-07, 2.41118442545e-07, 6.3739513223e-08, 1.19508371199e-07, 6.70591191465e-08, 1.57332436856e-07, 6.70712339002e-08, 3.97237620575e-08, 3.34293623894e-08, 7.21318400565e-08, 1.07445352171e-07, 9.28115326815e-08, 2.55556500406e-08, 1.04847776384e-16],
        "dvar2": [1.99699385917e-08, 7.69864527683e-06, 4.6147924877e-06, 4.09656081501e-07, 2.37252952502e-05, 8.03766488389e-06, 1.39041521834e-05, 2.17353281187e-05, 1.54835943249e-05, 1.75721197593e-05, 2.2580059067e-06, 7.11428356226e-06, 9.89286149888e-07, 1.43119370932e-06, 5.81197411975e-07, 1.62353614996e-07, 3.17423342722e-07, 1.70033615632e-07, 4.10330272871e-07, 1.84208744258e-07, 1.04461683748e-07, 9.01320689195e-08, 2.0249983379e-07, 2.99763769362e-07, 2.48488106536e-07, 6.44434763331e-08, 1.11912070869e-16],
        "max": [0.0015032265801, 0.0192001983523, 0.0207653455436, 0.00529892416671, 0.0488291978836, 0.0380665510893, 0.0458133667707, 0.0719743147492, 0.0518280938268, 0.0520812943578, 0.0210890285671, 0.0517744496465, 0.0131073351949, 0.0225615035743, 0.00842936243862, 0.00395367573947, 0.00460518943146, 0.00321375974454, 0.005507778842, 0.00398628693074, 0.00290560908616, 0.00185089814477, 0.00310420710593, 0.00440873624757, 0.00311447214335, 0.00174412794877, 3.63561753147e-07],
        "mean": [3.53890536644e-05, 0.00326029746793, 0.00218413467519, 0.000217968015932, 0.00210752920248, 0.00175350322388, 0.0031337805558, 0.00261790514924, 0.00230370392092, 0.00213259481825, 0.000818853965029, 0.00159064133186, 0.000668593274895, 0.000669128959998, 0.000589720322751, 0.000287353934254, 0.000420643569669, 0.000344127241988, 0.000519285793416, 0.000279968284303, 0.000235192710534, 0.000215165418922, 0.000132931396365, 0.000151167376316, 0.000214366256841, 0.000113810092444, 1.3543155486e-09],
        "median": [5.88463626627e-06, 0.00120806519408, 0.000518213608302, 7.60216353228e-05, 0.000641225546133, 0.00038425627281, 0.00111523619853, 0.000837954692543, 0.00121059524827, 0.000790143560153, 0.000273517594906, 0.000536247098353, 0.000293391873129, 0.000282775785308, 0.000282218301436, 0.000125558421132, 0.000211285398109, 0.00021746053244, 0.000257291452726, 0.000168946236954, 9.53829585342e-05, 0.00010178906814, 4.38869574282e-05, 3.40123697242e-05, 3.44096188201e-05, 1.08192698463e-05, 4.2646011722e-10],
        "min": [6.954395948e-10, 3.94210701415e-07, 2.451007175e-09, 6.06020067462e-10, 7.24826918486e-08, 4.26785078389e-08, 1.1289206725e-07, 3.87426723591e-07, 2.03258309739e-06, 1.89567924735e-06, 1.60250380077e-07, 7.52700600515e-07, 3.03979078353e-07, 6.39677580239e-07, 8.02513852705e-07, 4.43481894763e-07, 2.80700390931e-07, 7.64725598401e-08, 1.25523911265e-07, 2.00742178436e-08, 1.12030118515e-08, 5.41744205051e-09, 3.2655147475e-09, 1.46286649461e-09, 1.1807008149e-10, 9.39728503346e-12, 1.41196941292e-11],
        "var": [9.87495685223e-09, 1.51244248627e-05, 9.37850290939e-06, 1.76586681278e-07, 1.72046547959e-05, 1.48605831782e-05, 2.21737063839e-05, 2.86957329081e-05, 1.267101743e-05, 2.04837524507e-05, 4.06348590332e-06, 1.11870358523e-05, 1.31356750899e-06, 2.25056487579e-06, 6.57291877815e-07, 1.62942527027e-07, 2.89442311896e-07, 1.57833710546e-07, 4.37837087475e-07, 1.17248866616e-07, 1.28313345726e-07, 7.82348124062e-08, 5.62786439673e-08, 8.61639080085e-08, 1.55710822014e-07, 5.73691032457e-08, 1.04496522409e-16]
    },
    "erbbands": {
        "dmean": [0.0237951222807, 0.255616188049, 0.750108063221, 0.619671583176, 1.43543314934, 6.17593955994, 5.52338266373, 8.23964500427, 17.3849964142, 18.1717319489, 31.9635410309, 29.1082057953, 30.5399570465, 28.7997531891, 20.3171539307, 29.4097423553, 18.3561840057, 17.0539608002, 15.9449300766, 12.4310340881, 9.08307933807, 10.5857162476, 9.72737789154, 8.47726917267, 15.2563934326, 7.88645553589, 5.95731449127, 3.94206309319, 4.25734710693, 4.42068386078, 3.55942702293, 3.22899675369, 2.40269446373, 1.91812837124, 1.16012203693, 0.503737509251, 0.137038290501, 0.0114034619182, 0.00021443174046, 1.84412729141e-05],
        "dmean2": [0.0393174923956, 0.391794770956, 1.09733641148, 1.01467216015, 2.37575888634, 9.35134315491, 8.28940486908, 12.3684959412, 24.8197097778, 25.8564891815, 44.9998474121, 41.1570739746, 48.6960105896, 43.0846366882, 30.7524051666, 43.7208633423, 28.1943435669, 26.4536724091, 23.8869476318, 19.98919487, 14.5807466507, 16.739397049, 15.3928251266, 13.4421157837, 24.3660488129, 12.9068670273, 9.78935718536, 6.39156675339, 7.11396598816, 7.60477828979, 6.17212772369, 5.70140790939, 4.26958799362, 3.42090678215, 2.02854967117, 0.852588713169, 0.236332207918, 0.0197812598199, 0.000368421257008, 2.96249309031e-05],
        "dvar": [0.0026488553267, 0.194214865565, 2.64805293083, 1.55857086182, 21.4550800323, 227.398483276, 134.725860596, 456.785552979, 1111.86169434, 1053.5291748, 9262.07519531, 5330.65087891, 8270.00683594, 2513.01098633, 1436.70581055, 6794.37451172, 1246.1463623, 1594.36938477, 928.886535645, 520.467712402, 235.54460144, 212.320404053, 172.400024414, 149.151031494, 501.788665771, 199.407730103, 104.578849792, 33.5842285156, 34.4165725708, 68.1031723022, 54.8742141724, 51.7018547058, 29.0116863251, 13.3476381302, 4.58503818512, 0.865766227245, 0.0746055319905, 0.000650476198643, 2.03658601095e-07, 7.49032669223e-10],
        "dvar2": [0.00660676881671, 0.417054414749, 5.1270160675, 3.43147659302, 52.3686408997, 493.344360352, 284.138702393, 955.147277832, 2135.27001953, 2086.46264648, 18446.0859375, 11891.9111328, 20221.2851562, 5433.43505859, 2953.01782227, 14030.6708984, 2595.23339844, 3465.49731445, 2035.63830566, 1396.31066895, 601.458984375, 540.836364746, 419.894226074, 390.961547852, 1313.22167969, 542.293518066, 271.640716553, 88.0500106812, 90.7885665894, 192.61038208, 153.3150177, 144.190673828, 80.8377380371, 36.6843147278, 12.1346721649, 2.15656900406, 0.189173683524, 0.00175389752258, 5.39400048183e-07, 1.9586099409e-09],
        "max": [0.835625588894, 4.61784219742, 22.2795810699, 14.6771879196, 129.487243652, 161.64642334, 131.507965088, 484.879394531, 453.518920898, 529.138793945, 2046.1159668, 1535.8013916, 1837.00244141, 890.114257812, 1043.76220703, 2645.32006836, 737.24432373, 1310.92834473, 623.781738281, 393.520385742, 254.173294067, 169.955459595, 144.129852295, 145.909194946, 279.975006104, 264.67868042, 138.598709106, 71.7844619751, 50.4501266479, 94.8516235352, 83.1918182373, 92.8499221802, 68.7744445801, 37.3267326355, 19.6889781952, 10.8684501648, 2.98394560814, 0.371841847897, 0.00625940505415, 0.000301094609313],
        "mean": [0.0540301986039, 0.885328948498, 2.66275954247, 1.42214584351, 2.29327774048, 8.93046665192, 8.99587917328, 17.9466991425, 40.2155609131, 41.9466629028, 68.6642227173, 58.8585357666, 54.2907295227, 60.2281684875, 48.6250724792, 60.4655838013, 37.8494338989, 33.4432449341, 34.2536849976, 23.826002121, 17.0766201019, 21.2849674225, 19.8412780762, 17.9435214996, 29.8467559814, 15.1534147263, 11.1571245193, 6.82466888428, 7.00050973892, 5.98994016647, 3.89333081245, 3.3417737484, 2.50231719017, 2.17320775986, 1.49613714218, 0.696003735065, 0.189502045512, 0.0138872386888, 0.000292565353448, 4.93800180266e-05],
        "median": [0.0144357318059, 0.420970022678, 1.46384632587, 0.705437242985, 0.826571047306, 2.27545714378, 2.21622872353, 4.09630155563, 10.9440784454, 20.3182830811, 22.9499664307, 29.3950538635, 22.8906517029, 27.5553894043, 23.2507343292, 23.483379364, 17.3726100922, 15.8434114456, 16.2305297852, 11.7986879349, 8.5094871521, 12.4146413803, 13.213886261, 11.5745344162, 16.2722740173, 9.4415178299, 4.13912534714, 3.55071496964, 3.75332379341, 2.29222273827, 1.11279439926, 0.791624426842, 0.442163199186, 0.389496028423, 0.21038711071, 0.0688823089004, 0.0152392033488, 0.000921961967833, 4.10430802731e-05, 4.09297645092e-05],
        "min": [7.4913800745e-06, 6.71576781315e-05, 4.18999916292e-05, 1.33351095428e-05, 5.52781166334e-05, 0.000232643971685, 0.000435128866229, 0.000543222064152, 0.00173833535518, 0.00826734583825, 0.0293222609907, 0.0385574772954, 0.0354273840785, 0.0763504132628, 0.119289785624, 0.0525518283248, 0.0191770344973, 0.033570766449, 0.0382891818881, 0.0315432548523, 0.0270621292293, 0.0182375609875, 0.00905882008374, 0.00488209119067, 0.00403812155128, 0.0012181897182, 0.000671141548082, 0.000410105916671, 0.000193269079318, 9.9851989944e-05, 8.63955938257e-05, 4.26303886343e-05, 1.81705327122e-05, 6.97670157024e-06, 8.30831822896e-07, 3.03123556478e-07, 1.45792725448e-07, 4.09901019793e-08, 9.75016618554e-08, 1.45866906109e-07],
        "var": [0.00680376542732, 0.969477117062, 10.1992444992, 3.59516716003, 28.6818084717, 351.905151367, 275.196868896, 1784.65270996, 4215.08105469, 3650.98950195, 21112.9707031, 9602.16699219, 18892.2617188, 10056.1835938, 8514.18554688, 20235.5214844, 3935.87597656, 5322.875, 3286.59985352, 996.670715332, 589.856201172, 649.88885498, 474.859100342, 439.890380859, 1312.21044922, 369.959625244, 324.636993408, 76.1723022461, 68.8025817871, 84.2525253296, 46.8929443359, 41.036857605, 24.6125450134, 15.8478832245, 7.94286823273, 1.99071359634, 0.17325232923, 0.00122206727974, 4.23637345648e-07, 1.64823243942e-09]
    },
    "gfcc": {
        "mean": [4.79055118561, 88.1390991211, -137.539932251, 19.6751747131, -68.5399551392, 15.7661142349, -29.2158355713, 18.7243900299, -21.2615184784, 6.9042634964, -10.5261716843, -1.12711012363, -11.4326267242],
        "cov": [[6859.45996094, -2546.98144531, 1203.25976562, 568.261962891, -88.381401062, 439.237182617, -335.707275391, 565.136108398, -687.206481934, 532.047058105, -689.76385498, 347.431671143, -618.947937012], [-2546.98144531, 2438.78344727, -465.378570557, -85.0765075684, 110.054725647, -383.659973145, 303.323974609, -418.91394043, 359.411773682, -383.576812744, 459.139160156, -242.108886719, 264.303253174], [1203.25976562, -465.378570557, 1216.1451416, 439.106323242, 76.0192642212, 245.891738892, -114.24344635, 167.067977905, -285.939788818, 102.672210693, -220.88293457, 115.723609924, -155.745178223], [568.261962891, -85.0765075684, 439.106323242, 604.166870117, 157.258575439, 217.45489502, -12.1835012436, 51.4819030762, -8.03082942963, 11.4492902756, -77.6789398193, -55.0075950623, -25.9424762726], [-88.381401062, 110.054725647, 76.0192642212, 157.258575439, 234.460235596, 111.429992676, 52.7868804932, 15.4585351944, 47.6324539185, -5.64662408829, -48.3909606934, -58.9629135132, -4.72518062592], [439.237182617, -383.659973145, 245.891738892, 217.45489502, 111.429992676, 310.88067627, 29.0502586365, 114.463150024, -48.0794296265, 55.2806930542, -107.391197205, -0.262286067009, -48.6796989441], [-335.707275391, 303.323974609, -114.24344635, -12.1835012436, 52.7868804932, 29.0502586365, 230.053405762, -6.94602823257, 37.0206108093, -48.1376686096, 85.3194885254, -17.0377140045, 2.92680191994], [565.136108398, -418.91394043, 167.067977905, 51.4819030762, 15.4585351944, 114.463150024, -6.94602823257, 178.470352173, -67.6347045898, 90.7151565552, -84.8592453003, 51.7646942139, -64.2329025269], [-687.206481934, 359.411773682, -285.939788818, -8.03082942963, 47.6324539185, -48.0794296265, 37.0206108093, -67.6347045898, 255.198074341, -39.9919929504, 99.2158355713, -81.2303924561, 103.527778625], [532.047058105, -383.576812744, 102.672210693, 11.4492902756, -5.64662408829, 55.2806930542, -48.1376686096, 90.7151565552, -39.9919929504, 155.961135864, -46.3316459656, 73.9752044678, -37.8929481506], [-689.76385498, 459.139160156, -220.88293457, -77.6789398193, -48.3909606934, -107.391197205, 85.3194885254, -84.8592453003, 99.2158355713, -46.3316459656, 220.404815674, 9.18056583405, 108.055519104], [347.431671143, -242.108886719, 115.723609924, -55.0075950623, -58.9629135132, -0.262286067009, -17.0377140045, 51.7646942139, -81.2303924561, 73.9752044678, 9.18056583405, 166.015808105, 7.21766662598], [-618.947937012, 264.303253174, -155.745178223, -25.9424762726, -4.72518062592, -48.6796989441, 2.92680191994, -64.2329025269, 103.527778625, -37.8929481506, 108.055519104, 7.21766662598, 167.445556641]],
        "icov": [[0.000468486250611, -8.78075588844e-05, 0.00027729512658, -0.000654356204905, 0.000399163895054, 4.45084842795e-05, 0.000209758305573, -0.000299150851788, 0.000374762399588, -0.000715505040716, 0.000809084100183, -0.000850302050821, 0.00105354830157], [-8.78075588844e-05, 0.002383538289, -0.00114647869486, 0.000476076034829, -0.00167340529151, 0.00204902491532, -0.00175123487134, 0.00174300547224, -0.00088881974807, 0.00219804584049, -0.00300875282846, 0.0020950443577, -0.000933506817091], [0.00027729512658, -0.00114647869486, 0.00265722349286, -0.00185217161197, 0.000601986190304, -0.00111488718539, 0.00163354852702, -0.00125311932061, 0.00192021694966, -0.000930030480959, 0.0019926703535, -0.0027752937749, 0.00163888128009], [-0.000654356204905, 0.000476076034829, -0.00185217161197, 0.00436744838953, -0.00173018197529, -0.00130743975751, -7.60451512178e-05, 0.000861873384565, -0.00124211795628, 0.00131314562168, -0.00240571890026, 0.00292813917622, -0.00182192772627], [0.000399163895054, -0.00167340529151, 0.000601986190304, -0.00173018197529, 0.00871921796352, -0.00238675158471, -0.00129562208895, -0.00052581547061, -0.000751404499169, -0.00300390901975, 0.0054814144969, -0.000479126058053, 5.00201276736e-05], [4.45084842795e-05, 0.00204902491532, -0.00111488718539, -0.00130743975751, -0.00238675158471, 0.00863021425903, -0.00353633053601, -0.00106988369953, -0.000143481345731, 0.000546352937818, 7.09304586053e-05, 0.00215117237531, -0.0021424209699], [0.000209758305573, -0.00175123487134, 0.00163354852702, -7.60451512178e-05, -0.00129562208895, -0.00353633053601, 0.00949187576771, -0.00295000732876, 0.000881056708749, 0.00164407852571, -0.00310506904498, -0.00306042190641, 0.00464800186455], [-0.000299150851788, 0.00174300547224, -0.00125311932061, 0.000861873384565, -0.00052581547061, -0.00106988369953, -0.00295000732876, 0.012837542221, -0.0011133023072, -0.00245775701478, -6.22954466962e-05, 0.000390516419429, -8.33086887724e-05], [0.000374762399588, -0.00088881974807, 0.00192021694966, -0.00124211795628, -0.000751404499169, -0.000143481345731, 0.000881056708749, -0.0011133023072, 0.00943498127162, -0.00316253211349, -0.00021416087111, 0.0024922513403, -0.00264190044254], [-0.000715505040716, 0.00219804584049, -0.000930030480959, 0.00131314562168, -0.00300390901975, 0.000546352937818, 0.00164407852571, -0.00245775701478, -0.00316253211349, 0.0156432781368, -0.00501656671986, -0.00263615790755, 0.00117293908261], [0.000809084100183, -0.00300875282846, 0.0019926703535, -0.00240571890026, 0.0054814144969, 7.09304586053e-05, -0.00310506904498, -6.22954466962e-05, -0.00021416087111, -0.00501656671986, 0.0174420233816, -0.00534033868462, -0.00260204146616], [-0.000850302050821, 0.0020950443577, -0.0027752937749, 0.00292813917622, -0.000479126058053, 0.00215117237531, -0.00306042190641, 0.000390516419429, 0.0024922513403, -0.00263615790755, -0.00534033868462, 0.0161607321352, -0.00715037342161], [0.00105354830157, -0.000933506817091, 0.00163888128009, -0.00182192772627, 5.00201276736e-05, -0.0021424209699, 0.00464800186455, -8.33086887724e-05, -0.00264190044254, 0.00117293908261, -0.00260204146616, -0.00715037342161, 0.0157336033881]]
    },
    "melbands": {
        "dmean": [0.000251041579759, 0.000374342576833, 0.000116860857815, 0.000258769054199, 0.000239170025452, 0.000175295077497, 0.000282163440716, 0.000189310580026, 0.000273968820693, 0.000166665631696, 0.000156399604748, 0.000125833365018, 6.6962413257e-05, 9.66561419773e-05, 4.91503269586e-05, 3.48262874468e-05, 3.24742759403e-05, 2.61252680502e-05, 1.94010499399e-05, 1.30425523821e-05, 1.20631257232e-05, 1.13352780318e-05, 1.25512106024e-05, 9.31469730858e-06, 6.84390124661e-06, 1.21116927403e-05, 8.48103900353e-06, 4.88395198772e-06, 4.20795504397e-06, 2.8854831271e-06, 2.35073980548e-06, 2.47378807217e-06, 2.84153634311e-06, 2.40362896875e-06, 2.08164738069e-06, 2.06405024983e-06, 1.97364761334e-06, 1.69223039848e-06, 1.7120770508e-06, 1.65183053014e-06],
        "dmean2": [0.000401808210881, 0.000552691461053, 0.000190361577552, 0.000398564938223, 0.00035367871169, 0.000264943839284, 0.000403718848247, 0.000268678180873, 0.000383372709621, 0.000240130844759, 0.00024941159063, 0.000189187805518, 9.9950695585e-05, 0.000145217418321, 7.33939086786e-05, 5.46008777746e-05, 5.06960459461e-05, 3.91408284486e-05, 2.93039502139e-05, 2.13283656194e-05, 1.93486648641e-05, 1.81095329026e-05, 1.95854590856e-05, 1.50684873006e-05, 1.09688162411e-05, 1.93211235455e-05, 1.39377943924e-05, 8.04450974101e-06, 6.94496202414e-06, 4.7708749662e-06, 3.81042127628e-06, 4.11773771702e-06, 4.82395762447e-06, 4.18893296228e-06, 3.60730564353e-06, 3.64026436728e-06, 3.50781783709e-06, 3.01928798763e-06, 3.06574770548e-06, 2.96355165119e-06],
        "dvar": [2.36599547065e-07, 4.71430467996e-07, 5.11981141926e-08, 4.25820473993e-07, 2.97813585348e-07, 1.96549166276e-07, 2.9060274187e-07, 1.02455722129e-07, 6.86112514359e-07, 1.65876627989e-07, 2.16535894992e-07, 4.97476868588e-08, 1.96680307596e-08, 3.88655614358e-08, 1.83123241015e-08, 4.09612566088e-09, 5.81131898159e-09, 3.24415383446e-09, 1.17960108348e-09, 5.26084009689e-10, 4.6410969512e-10, 3.28579330411e-10, 4.13524159359e-10, 2.21272361545e-10, 1.15818903079e-10, 4.48493603367e-10, 1.36949770968e-10, 8.63064411605e-11, 7.51492965079e-11, 2.65093242496e-11, 1.30567709422e-11, 1.18859653023e-11, 1.9961369363e-11, 2.66091003398e-11, 1.74122487262e-11, 2.36661610448e-11, 1.87190991874e-11, 1.51792346054e-11, 1.33804876901e-11, 1.03891287934e-11],
        "dvar2": [5.61225533602e-07, 9.45266549479e-07, 1.16859666832e-07, 9.93327489596e-07, 6.08914433542e-07, 3.98380592515e-07, 5.67393726669e-07, 2.03698974133e-07, 1.37309632464e-06, 3.72698167439e-07, 5.28453313109e-07, 1.07836271468e-07, 4.18799821489e-08, 8.49782963996e-08, 3.83476077559e-08, 9.08428354762e-09, 1.27316548415e-08, 6.82956136089e-09, 2.72137246071e-09, 1.42260114799e-09, 1.18781950942e-09, 8.67511062985e-10, 1.03720776412e-09, 5.54402357356e-10, 3.00853758572e-10, 1.16868426048e-09, 3.53504975292e-10, 2.29197272272e-10, 1.93535257265e-10, 6.76774816744e-11, 3.49842620151e-11, 3.06799134708e-11, 5.58225826675e-11, 7.58869772577e-11, 4.81731841917e-11, 6.62237972793e-11, 5.19825536782e-11, 4.25431009865e-11, 3.71819484923e-11, 2.90297438865e-11],
        "max": [0.00618636142462, 0.00906878523529, 0.00291697704233, 0.0132999001071, 0.00593962240964, 0.00936046708375, 0.00843442324549, 0.00488666025922, 0.0181996840984, 0.00856810063124, 0.00931800529361, 0.00400695065036, 0.00344324018806, 0.00447111111134, 0.00413389550522, 0.00121133518405, 0.00241156760603, 0.00139952462632, 0.000590106006712, 0.000373714603484, 0.000334772514179, 0.000229536788538, 0.000245587521931, 0.000231073165196, 0.000128765095724, 0.0003286935098, 0.00013297284022, 0.000173487860593, 0.000135881375172, 0.0001085880358, 5.07719014422e-05, 3.64811930922e-05, 4.30011859862e-05, 6.62657330395e-05, 4.93389343319e-05, 5.69366820855e-05, 5.31971782038e-05, 5.4677035223e-05, 4.86170756631e-05, 3.53207215085e-05],
        "mean": [0.000726951111574, 0.00136021478102, 0.000264433736447, 0.0003997705644, 0.000367855507648, 0.000372970243916, 0.0006485307822, 0.000448260252597, 0.000568917079363, 0.000332834606525, 0.000266286864644, 0.00025261301198, 0.000145846686792, 0.000197698813281, 9.78143216344e-05, 6.68271095492e-05, 6.05231398367e-05, 5.37010710104e-05, 3.78944932891e-05, 2.31295398407e-05, 2.0589441192e-05, 2.12923296203e-05, 2.26037609536e-05, 1.6915737433e-05, 1.30469634314e-05, 2.34173148783e-05, 1.5637737306e-05, 8.30998942547e-06, 7.25145309843e-06, 4.948577498e-06, 3.71175724467e-06, 3.91161302105e-06, 4.21844197263e-06, 2.86682779915e-06, 2.32748561757e-06, 1.92259585674e-06, 1.98552311304e-06, 1.72711156665e-06, 1.72651425601e-06, 1.85193005109e-06],
        "median": [0.000224174349569, 0.00116745184641, 0.000140037795063, 0.000120298638649, 9.00207087398e-05, 7.45167053537e-05, 0.000206658631214, 0.000231268699281, 0.000205177406315, 0.000168098049471, 9.83548088698e-05, 0.000104863836896, 6.027229756e-05, 6.66037594783e-05, 4.13099733123e-05, 3.13776690746e-05, 2.66727638518e-05, 2.28209264606e-05, 1.8511491362e-05, 1.05752033051e-05, 8.55817779666e-06, 1.11051467684e-05, 1.07909290818e-05, 9.4966890174e-06, 6.95076732882e-06, 1.04329774331e-05, 9.28002100409e-06, 3.85599742003e-06, 2.17845695261e-06, 1.87156047105e-06, 1.81331586191e-06, 2.16938792619e-06, 1.6110989236e-06, 9.94330548565e-07, 6.57230202705e-07, 5.02509919897e-07, 4.57220210137e-07, 2.77955564343e-07, 3.14107296617e-07, 3.19872839327e-07],
