{
"highlevel": {
    "danceability": {
        "all": {
            "danceable": 0.133649885654,
            "not_danceable": 0.866350114346
        },
        "probability": 0.866350114346,
        "value": "not_danceable"
    },
    "gender": {
        "all": {
            "female": 0.84848088026,
            "male": 0.151519089937
        },
        "probability": 0.84848088026,
        "value": "female"
    },
    "genre_dortmund": {
        "all": {
            "alternative": 0.0753382220864,
            "blues": 0.0628449991345,
            "electronic": 0.00665878225118,
            "folkcountry": 0.301890730858,
            "funksoulrnb": 0.00649324944243,
            "jazz": 0.0352651178837,
            "pop": 0.150485664606,
            "raphiphop": 0.00379649316892,
            "rock": 0.357226729393
        },
        "probability": 0.357226729393,
        "value": "rock"
    },
    "genre_electronic": {
        "all": {
            "ambient": 0.392003059387,
            "dnb": 0.435032278299,
            "house": 0.0735869631171,
            "techno": 0.00637625763193,
            "trance": 0.093001447618
        },
        "probability": 0.435032278299,
        "value": "dnb"
    },
    "genre_rosamerica": {
        "all": {
            "cla": 0.0348194651306,
            "dan": 0.013246782124,
            "hip": 0.0233837775886,
            "jaz": 0.0168749168515,
            "pop": 0.325495123863,
            "rhy": 0.174959599972,
            "roc": 0.406300753355,
            "spe": 0.00491957180202
        },
        "probability": 0.406300753355,
        "value": "roc"
    },
    "genre_tzanetakis": {
        "all": {
            "blu": 0.0626541376114,
            "cla": 0.0348133966327,
            "cou": 0.0783501937985,
            "dis": 0.104547761381,
            "hip": 0.15693578124,
            "jaz": 0.313987255096,
            "met": 0.044816005975,
            "pop": 0.0627349764109,
            "reg": 0.0627352520823,
            "roc": 0.0784252434969
        },
        "probability": 0.313987255096,
        "value": "jaz"
    },
    "ismir04_rhythm": {
        "all": {
            "ChaChaCha": 0.0775155052543,
            "Jive": 0.29574906826,
            "Quickstep": 0.0954500883818,
            "Rumba-American": 0.0211725141853,
            "Rumba-International": 0.119567550719,
            "Rumba-Misc": 0.0196892116219,
            "Samba": 0.10343888402,
            "Tango": 0.0252781566232,
            "VienneseWaltz": 0.186709597707,
            "Waltz": 0.0554294288158
        },
        "probability": 0.29574906826,
        "value": "Jive"
    },
    "mood_acoustic": {
        "all": {
            "acoustic": 0.396900951862,
            "not_acoustic": 0.603099048138
        },
        "probability": 0.603099048138,
        "value": "not_acoustic"
    },
    "mood_aggressive": {
        "all": {
            "aggressive": 0.0487564913929,
            "not_aggressive": 0.951243519783
        },
        "probability": 0.951243519783,
        "value": "not_aggressive"
    },
    "mood_electronic": {
        "all": {
            "electronic": 0.0391351543367,
            "not_electronic": 0.960864841938
        },
        "probability": 0.960864841938,
        "value": "not_electronic"
    },
    "mood_happy": {
        "all": {
            "happy": 0.906607270241,
            "not_happy": 0.093392752111
        },
        "probability": 0.906607270241,
        "value": "happy"
    },
    "mood_party": {
        "all": {
            "not_party": 0.772651255131,
            "party": 0.227348744869
        },
        "probability": 0.772651255131,
        "value": "not_party"
    },
    "mood_relaxed": {
        "all": {
            "not_relaxed": 0.99235367775,
            "relaxed": 0.00764629384503
        },
        "probability": 0.99235367775,
        "value": "not_relaxed"
    },
    "mood_sad": {
        "all": {
            "not_sad": 0.345368891954,
            "sad": 0.654631137848
        },
        "probability": 0.654631137848,
        "value": "sad"
    },
    "moods_mirex": {
        "all": {
            "Cluster1": 0.192891806364,
            "Cluster2": 0.308140873909,
            "Cluster3": 0.406298607588,
            "Cluster4": 0.0585372932255,
            "Cluster5": 0.0341313965619
        },
        "probability": 0.406298607588,
        "value": "Cluster3"
    },
    "timbre": {
        "all": {
            "bright": 0.946448147297,
            "dark": 0.0535518825054
        },
        "probability": 0.946448147297,
        "value": "bright"
    },
    "tonal_atonal": {
        "all": {
            "atonal": 0.0005429625744,
            "tonal": 0.999457061291
        },
        "probability": 0.999457061291,
        "value": "tonal"
    },
    "voice_instrumental": {
        "all": {
            "instrumental": 0.00191333855037,
            "voice": 0.998086690903
        },
        "probability": 0.998086690903,
        "value": "voice"
    }
},
"lowlevel": {
    "average_loudness": 0.950747013092,
    "barkbands_crest": {
        "dmean": 2.34068107605,
        "dmean2": 3.85946202278,
        "dvar": 5.41754817963,
        "dvar2": 13.6043510437,
        "max": 22.4637889862,
        "mean": 9.10428524017,
        "median": 8.33698558807,
        "min": 3.06054115295,
        "var": 13.4473352432
    },
    "barkbands_flatness_db": {
        "dmean": 0.016692891717,
        "dmean2": 0.0262374058366,
        "dvar": 0.000254033482634,
        "dvar2": 0.000595648773015,
        "max": 0.340297162533,
        "mean": 0.131535708904,
        "median": 0.123306125402,
        "min": 0.0503191277385,
        "var": 0.00195207144134
    },
    "barkbands_kurtosis": {
        "dmean": 1.32713854313,
        "dmean2": 2.1423432827,
        "dvar": 4.39506149292,
        "dvar2": 10.7579612732,
        "max": 26.1206474304,
        "mean": 1.48369681835,
        "median": 0.47629237175,
        "min": -1.70353531837,
        "var": 10.3945293427
    },
    "barkbands_skewness": {
        "dmean": 0.386505067348,
        "dmean2": 0.596273839474,
        "dvar": 0.165148735046,
        "dvar2": 0.387026906013,
        "max": 4.4379940033,
        "mean": 1.01845932007,
        "median": 0.958421289921,
        "min": -1.52279579639,
        "var": 0.70285397768
    },
    "barkbands_spread": {
        "dmean": 5.03487205505,
        "dmean2": 7.62051343918,
        "dvar": 29.3398532867,
        "dvar2": 57.5369873047,
        "max": 82.5674591064,
        "mean": 25.329750061,
        "median": 24.4401359558,
        "min": 2.99941658974,
        "var": 127.841621399
    },
    "dissonance": {
        "dmean": 0.019750084728,
        "dmean2": 0.0330590866506,
        "dvar": 0.000416490220232,
        "dvar2": 0.00116209406406,
        "max": 0.499712109566,
        "mean": 0.458288818598,
        "median": 0.467135548592,
        "min": 0.211216896772,
        "var": 0.00111644563731
    },
    "dynamic_complexity": 2.39235401154,
    "erbbands_crest": {
        "dmean": 2.61762022972,
        "dmean2": 4.2605471611,
        "dvar": 7.04516124725,
        "dvar2": 16.2049102783,
        "max": 28.4837226868,
        "mean": 8.94733715057,
        "median": 7.86996459961,
        "min": 2.44095087051,
        "var": 19.2174968719
    },
    "erbbands_flatness_db": {
        "dmean": 0.0159773305058,
        "dmean2": 0.0230606086552,
        "dvar": 0.000288326642476,
        "dvar2": 0.000559718289878,
        "max": 0.331167161465,
        "mean": 0.153990283608,
        "median": 0.148225322366,
        "min": 0.0678587406874,
        "var": 0.00142743578181
    },
    "erbbands_kurtosis": {
        "dmean": 0.750458836555,
        "dmean2": 1.155772686,
        "dvar": 0.945109188557,
        "dvar2": 2.19650435448,
        "max": 12.9362030029,
        "mean": 0.512944042683,
        "median": -0.0218193531036,
        "min": -1.46956849098,
        "var": 3.34065914154
    },
    "erbbands_skewness": {
        "dmean": 0.317916184664,
        "dmean2": 0.492549091578,
        "dvar": 0.0822466686368,
        "dvar2": 0.185625344515,
        "max": 2.40764117241,
        "mean": 0.197608798742,
        "median": 0.102130934596,
        "min": -1.84308254719,
        "var": 0.45049238205
    },
    "erbbands_spread": {
        "dmean": 6.77526664734,
        "dmean2": 10.1470241547,
        "dvar": 54.7511672974,
        "dvar2": 126.641616821,
        "max": 91.4456329346,
        "mean": 33.3656234741,
        "median": 32.6051368713,
        "min": 4.27805900574,
        "var": 192.069900513
    },
    "hfc": {
        "dmean": 6.56460046768,
        "dmean2": 9.54074287415,
        "dvar": 96.7309494019,
        "dvar2": 209.585250854,
        "max": 132.644699097,
        "mean": 22.2385940552,
        "median": 15.8649711609,
        "min": 1.42247724533,
        "var": 315.133605957
    },
    "melbands_crest": {
        "dmean": 2.73915290833,
        "dmean2": 4.42089223862,
        "dvar": 6.90796136856,
        "dvar2": 17.6637153625,
        "max": 27.1143016815,
        "mean": 12.3006000519,
        "median": 11.7399101257,
        "min": 2.8736846447,
        "var": 18.3937625885
    },
    "melbands_flatness_db": {
        "dmean": 0.0186585281044,
        "dmean2": 0.028861515224,
        "dvar": 0.000399645650759,
        "dvar2": 0.000930865469854,
        "max": 0.456385761499,
        "mean": 0.172006115317,
        "median": 0.162671804428,
        "min": 0.0493312738836,
        "var": 0.00383708719164
    },
    "melbands_kurtosis": {
        "dmean": 3.56091165543,
        "dmean2": 5.71093130112,
        "dvar": 40.4029006958,
        "dvar2": 99.4162826538,
        "max": 90.4953613281,
        "mean": 6.42231082916,
        "median": 3.91827344894,
        "min": -1.46490454674,
        "var": 73.6036224365
    },
    "melbands_skewness": {
        "dmean": 0.544630527496,
        "dmean2": 0.829389214516,
        "dvar": 0.384395450354,
        "dvar2": 0.928761363029,
        "max": 7.8971953392,
        "mean": 1.92319786549,
        "median": 1.77346408367,
        "min": -1.04251682758,
        "var": 1.42459368706
    },
    "melbands_spread": {
        "dmean": 6.85077571869,
        "dmean2": 10.6636657715,
        "dvar": 72.1888046265,
        "dvar2": 157.146957397,
        "max": 150.099655151,
        "mean": 29.083065033,
        "median": 26.7083301544,
        "min": 2.81750774384,
        "var": 247.662261963
    },
    "pitch_salience": {
        "dmean": 0.0609623454511,
        "dmean2": 0.100061170757,
        "dvar": 0.00294276094064,
        "dvar2": 0.00790356099606,
        "max": 0.783461868763,
        "mean": 0.545231223106,
        "median": 0.5482198596,
        "min": 0.26456823945,
        "var": 0.00695458240807
    },
    "silence_rate_20dB": {
        "dmean": 0,
        "dmean2": 0,
        "dvar": 0,
        "dvar2": 0,
        "max": 1,
        "mean": 1,
        "median": 1,
        "min": 1,
        "var": 0
    },
    "silence_rate_30dB": {
        "dmean": 0,
        "dmean2": 0,
        "dvar": 0,
        "dvar2": 0,
        "max": 1,
        "mean": 1,
        "median": 1,
        "min": 1,
        "var": 0
    },
    "silence_rate_60dB": {
        "dmean": 0,
        "dmean2": 0,
        "dvar": 0,
        "dvar2": 0,
        "max": 0,
        "mean": 0,
        "median": 0,
        "min": 0,
        "var": 0
    },
    "spectral_centroid": {
        "dmean": 216.657241821,
        "dmean2": 335.165802002,
        "dvar": 56012.0507812,
        "dvar2": 118522.054688,
        "max": 3906.61279297,
        "mean": 1534.85925293,
        "median": 1554.20141602,
        "min": 291.927825928,
        "var": 292235.125
    },
    "spectral_complexity": {
        "dmean": 3.09055733681,
        "dmean2": 5.07126235962,
        "dvar": 10.2913331985,
        "dvar2": 23.4637031555,
        "max": 47,
        "mean": 21.4021663666,
        "median": 22,
        "min": 5,
        "var": 46.0763893127
    },
    "spectral_decrease": {
        "dmean": 1.85423176813e-09,
        "dmean2": 2.86114665293e-09,
        "dvar": 6.38984367334e-18,
        "dvar2": 1.51851434572e-17,
        "max": -7.00785596219e-10,
        "mean": -6.01844707404e-09,
        "median": -4.84063900075e-09,
        "min": -2.22929976701e-08,
        "var": 1.19410957776e-17
    },
    "spectral_energy": {
        "dmean": 0.00747440475971,
        "dmean2": 0.011491230689,
        "dvar": 0.000101142613858,
        "dvar2": 0.000237837652094,
        "max": 0.0891810953617,
        "mean": 0.0247321110219,
        "median": 0.0196053832769,
        "min": 0.00328814960085,
        "var": 0.000202319162781
    },
    "spectral_energyband_high": {
        "dmean": 0.000349088659277,
        "dmean2": 0.000517892709468,
        "dvar": 7.58919838972e-07,
        "dvar2": 1.62141748206e-06,
        "max": 0.0157409273088,
        "mean": 0.000769454694819,
        "median": 0.00045037138625,
        "min": 2.83444876459e-07,
        "var": 1.23181234812e-06
    },
    "spectral_energyband_low": {
        "dmean": 0.00314707215875,
        "dmean2": 0.00527415890247,
        "dvar": 4.25605612691e-05,
        "dvar2": 0.000116507420898,
        "max": 0.0582387596369,
        "mean": 0.00683249300346,
        "median": 0.00553756346926,
        "min": 3.33618008881e-05,
        "var": 3.88460284739e-05
    },
    "spectral_energyband_middle_high": {
        "dmean": 0.0026042915415,
        "dmean2": 0.00380226806737,
        "dvar": 1.87663645193e-05,
        "dvar2": 3.76733769372e-05,
        "max": 0.0571870580316,
        "mean": 0.00778247788548,
        "median": 0.00528017012402,
        "min": 6.19401034783e-05,
        "var": 6.84097540216e-05
    },
    "spectral_energyband_middle_low": {
        "dmean": 0.00437203189358,
        "dmean2": 0.00667503243312,
        "dvar": 4.79032642033e-05,
        "dvar2": 0.000108792213723,
        "max": 0.0666071176529,
        "mean": 0.0102889277041,
        "median": 0.00687750661746,
        "min": 0.000901240273379,
        "var": 8.77393831615e-05
    },
    "spectral_entropy": {
        "dmean": 0.121748320758,
        "dmean2": 0.18202355504,
        "dvar": 0.0199331548065,
        "dvar2": 0.0415107086301,
        "max": 8.50171470642,
        "mean": 7.59254074097,
        "median": 7.64306688309,
        "min": 5.69323301315,
        "var": 0.139907941222
    },
    "spectral_flux": {
        "dmean": 0.0242158826441,
        "dmean2": 0.0386289469898,
        "dvar": 0.000762311567087,
        "dvar2": 0.00169150275178,
        "max": 0.258580744267,
        "mean": 0.0808658152819,
        "median": 0.0693888887763,
        "min": 0.0117143634707,
        "var": 0.00182022864465
    },
    "spectral_kurtosis": {
        "dmean": 1.52833020687,
        "dmean2": 2.61791300774,
        "dvar": 10.1367969513,
        "dvar2": 28.735912323,
        "max": 75.3971176147,
        "mean": 4.59396743774,
        "median": 3.70962667465,
        "min": -0.484638690948,
        "var": 27.5572185516
    },
    "spectral_rms": {
        "dmean": 0.000694262504112,
        "dmean2": 0.00105100893416,
        "dvar": 6.80534071762e-07,
        "dvar2": 1.52966754285e-06,
        "max": 0.00932769756764,
        "mean": 0.00473366165534,
        "median": 0.00437346566468,
        "min": 0.00179107533768,
        "var": 1.72135366938e-06
    },
    "spectral_rolloff": {
        "dmean": 406.230224609,
        "dmean2": 652.719299316,
        "dvar": 352817.59375,
        "dvar2": 704294.6875,
        "max": 8074.95117188,
        "mean": 1584.82678223,
        "median": 1464.2578125,
        "min": 172.265625,
        "var": 1038750.1875
    },
    "spectral_skewness": {
        "dmean": 0.196977555752,
        "dmean2": 0.322248518467,
        "dvar": 0.0663178935647,
        "dvar2": 0.179592609406,
        "max": 6.49262571335,
        "mean": 1.50005960464,
        "median": 1.41778171062,
        "min": 0.281205534935,
        "var": 0.320937901735
    },
    "spectral_spread": {
        "dmean": 418270.90625,
        "dmean2": 606853.5625,
        "dvar": 243333332992,
        "dvar2": 466631688192,
        "max": 10911464,
        "mean": 4201891.5,
        "median": 4059360.5,
        "min": 950354.6875,
        "var": 899282108416
    },
    "spectral_strongpeak": {
        "dmean": 0.680271148682,
        "dmean2": 1.08857238293,
        "dvar": 1.44806480408,
        "dvar2": 3.22315788269,
        "max": 11.4979829788,
        "mean": 1.24853074551,
        "median": 0.354406058788,
        "min": 0.027762291953,
        "var": 3.11123108864
    },
    "zerocrossingrate": {
        "dmean": 0.0080883866176,
        "dmean2": 0.0099040530622,
        "dvar": 8.76346894074e-05,
        "dvar2": 0.000106654595584,
        "max": 0.208984375,
        "mean": 0.0621571093798,
        "median": 0.06005859375,
        "min": 0.00244140625,
        "var": 0.000677528674714
    },
    "barkbands": {
        "dmean": [0.00010076653416, 0.00183548871428, 0.001198629383, 0.00115248397924, 0.00147079059388, 0.000740380084608, 0.0006935573183, 0.000793977698777, 0.00123944296502, 0.00133029464632, 0.00035722143366, 0.000423954828875, 0.000583077315241, 0.000511188583914, 0.000484717136715, 0.000518131186254, 0.0002884028072, 0.000190353166545, 0.000199399102712, 0.000112193170935, 0.000111270339403, 9.14743286557e-05, 6.71015586704e-05, 6.39174031676e-05, 2.75983638858e-05, 2.19552184717e-05, 2.02129557536e-09],
        "dmean2": [0.000170228857314, 0.0030470462516, 0.0021196603775, 0.0019721435383, 0.0023763361387, 0.0011268943781, 0.00109261763282, 0.0011766316602, 0.00189607171342, 0.00203301431611, 0.000536686566193, 0.000643467996269, 0.000872198492289, 0.000829510681797, 0.000779061403591, 0.000853493285831, 0.000474047468742, 0.000300841435092, 0.000321460072882, 0.000183302283403, 0.000174240369233, 0.000147774786456, 0.000103105208836, 9.557249723e-05, 4.17169503635e-05, 3.36560769938e-05, 3.24193405454e-09],
        "dvar": [5.3575732295e-08, 9.27068595047e-06, 1.08530375655e-05, 7.94755032985e-06, 7.46598652768e-06, 3.40050155501e-06, 4.40385883849e-06, 7.32040962248e-06, 1.17108902487e-05, 7.83530322224e-06, 1.29185298192e-06, 1.73739329057e-06, 3.89854903915e-06, 1.42484418575e-06, 1.22491019283e-06, 2.94508390652e-06, 7.34066475161e-07, 2.1959793628e-07, 1.48601344563e-07, 2.34677077771e-08, 7.17702377528e-08, 1.00674789394e-07, 4.9107015343e-08, 3.61601166787e-08, 2.35827224415e-09, 3.30007088323e-09, 3.96846661901e-16],
        "dvar2": [1.34215540015e-07, 2.50883676927e-05, 3.08839989884e-05, 2.13071634789e-05, 1.90410228242e-05, 7.25588506612e-06, 9.61600107985e-06, 1.59976552823e-05, 2.47832940659e-05, 1.70220610016e-05, 2.97071164823e-06, 3.80148208023e-06, 6.82719746692e-06, 3.38279619427e-06, 2.41949032898e-06, 7.12690825821e-06, 1.85390206298e-06, 5.45634463833e-07, 3.29911443941e-07, 5.37020738989e-08, 1.60340405841e-07, 2.10812970636e-07, 1.18373080227e-07, 7.09007323962e-08, 5.34702415678e-09, 8.07522493318e-09, 4.32509793005e-16],
        "max": [0.00410038465634, 0.0395220443606, 0.0313479490578, 0.0393375977874, 0.0257142763585, 0.0272476710379, 0.043960519135, 0.0547121539712, 0.050979860127, 0.0461280234158, 0.0213459134102, 0.0284138973802, 0.0447972752154, 0.0234310030937, 0.0215392392129, 0.0313588269055, 0.0155549356714, 0.00799193885177, 0.00607399316505, 0.00270058284514, 0.0053509613499, 0.00726490700617, 0.00485829496756, 0.00325666647404, 0.000813515041955, 0.000669906963594, 6.9824966431e-07],
        "mean": [0.000124014361063, 0.00435037910938, 0.00153259711806, 0.0015662338119, 0.00237024365924, 0.00138627178967, 0.00118102354463, 0.00128272175789, 0.00222768005915, 0.0021186072845, 0.000540830777027, 0.000658904376905, 0.000984422396868, 0.000766097160522, 0.000764400872868, 0.000747979676817, 0.000487219804199, 0.000339845137205, 0.000398679345381, 0.000258045998635, 0.000210673097172, 0.000140728239785, 0.000109841792437, 0.0001076295448, 5.21368456248e-05, 2.49212407653e-05, 1.68550651214e-09],
        "median": [4.15981703554e-05, 0.00359871517867, 0.000886555877514, 0.000808172975667, 0.00139602611307, 0.000560057291295, 0.00041878328193, 0.000234874372836, 0.000584010558669, 0.00107292295434, 0.00014499181998, 0.000214936735574, 0.000304634158965, 0.000409987900639, 0.000408303167205, 0.000357883720426, 0.000284559238935, 0.000185955141205, 0.000272825913271, 0.000202367897145, 0.000135887181386, 6.26484834356e-05, 5.10989157192e-05, 4.51881023764e-05, 2.7842246709e-05, 7.07204571881e-06, 3.89926174682e-10],
        "min": [2.24329603782e-08, 3.84692884836e-06, 4.94189634992e-06, 1.75960428805e-06, 6.44647298031e-05, 1.66812315001e-05, 1.95730754058e-05, 4.15176691604e-06, 1.02082822195e-05, 6.38771371086e-06, 1.32981199386e-06, 2.97974634123e-06, 4.84402517031e-06, 3.37580763698e-06, 3.87092569554e-07, 1.80833808372e-07, 2.31597908851e-07, 2.45452440595e-07, 2.11789057403e-07, 2.25990291369e-07, 6.72240574318e-08, 6.22346334467e-08, 1.83002502041e-08, 1.93608737931e-08, 1.21815473264e-08, 1.07580444553e-10, 8.90544062104e-12],
        "var": [5.62164572671e-08, 1.27820339912e-05, 7.25227710063e-06, 6.89082980898e-06, 8.98655434867e-06, 6.98968460711e-06, 7.4387917266e-06, 1.4659604858e-05, 2.65828784904e-05, 1.51668637045e-05, 2.27967075261e-06, 2.80778158412e-06, 1.15458033179e-05, 2.17428396354e-06, 2.12796044252e-06, 3.77970354748e-06, 1.13077169317e-06, 3.57028199005e-07, 2.57833249862e-07, 6.12945285638e-08, 1.0428099273e-07, 1.30292761469e-07, 5.90098352404e-08, 5.75961713878e-08, 4.71668704094e-09, 3.34856187223e-09, 3.90953588989e-16]
    },
    "erbbands": {
        "dmean": [0.0455248169601, 0.447341442108, 1.207426548, 2.88151216507, 4.24227142334, 4.9077963829, 6.45701169968, 6.19780111313, 8.88023376465, 11.8002290726, 19.1598491669, 28.4461231232, 29.6893901825, 38.3576622009, 14.8796787262, 15.9151325226, 25.8538665771, 20.6583156586, 25.8640460968, 22.0675086975, 29.2535381317, 13.4860858917, 10.7670183182, 10.9473075867, 7.1934056282, 5.55964326859, 4.61841106415, 4.14103603363, 3.61809229851, 1.95818567276, 1.95460832119, 1.81252610683, 0.821291983128, 0.371434748173, 0.187334001064, 0.105717286468, 0.0428938306868, 0.00362518429756, 6.67574131512e-05, 1.10759083327e-05],
        "dmean2": [0.0761263668537, 0.746330201626, 2.11978268623, 4.88184833527, 7.06596660614, 8.01579475403, 10.0324220657, 9.24375915527, 13.8864784241, 17.6844844818, 28.3487186432, 43.5668563843, 43.0741233826, 58.3816871643, 21.7377586365, 23.6145496368, 38.937046051, 32.4596328735, 41.1787452698, 35.2058677673, 47.729057312, 21.753288269, 17.5478954315, 17.2688102722, 11.4881658554, 9.11883926392, 7.43619346619, 6.36955356598, 5.91427659988, 3.02622866631, 2.9913752079, 2.73271489143, 1.21541285515, 0.582832276821, 0.288884103298, 0.159712344408, 0.0680825933814, 0.00594283873215, 0.000106012346805, 1.65541914612e-05],
        "dvar": [0.00602203793824, 0.627012431622, 9.54663944244, 50.0211334229, 130.934127808, 78.0009460449, 140.478271484, 362.709686279, 478.861053467, 1346.95043945, 3517.046875, 8283.53613281, 7008.20263672, 4738.42089844, 1283.26403809, 2936.12646484, 9994.07714844, 2489.48413086, 4518.91162109, 1893.40539551, 12456.4306641, 1100.93212891, 681.094116211, 649.33972168, 132.693481445, 60.7268180847, 90.6821517944, 167.705657959, 185.575653076, 25.7726669312, 43.8522262573, 30.7820777893, 5.73622894287, 0.522515714169, 0.139692947268, 0.0675744190812, 0.0153794698417, 0.000113039619464, 3.447600605e-08, 2.57833532302e-10],
        "dvar2": [0.0163711719215, 1.70001506805, 27.3418560028, 134.550384521, 340.409576416, 206.791290283, 326.983154297, 771.427062988, 1024.12182617, 2882.29956055, 7410.33007812, 17961.9296875, 14564.515625, 9666.83691406, 2564.83056641, 6542.70263672, 16097.7070312, 5970.46826172, 10511.7529297, 4570.23339844, 29772.8046875, 2522.60522461, 1744.22949219, 1404.51025391, 314.787475586, 138.569992065, 225.279998779, 321.818023682, 381.228363037, 59.2587547302, 101.829940796, 69.2765731812, 10.9094591141, 1.21127009392, 0.328101158142, 0.163498207927, 0.0394539646804, 0.000292338052532, 8.78183712416e-08, 6.01721728e-10],
        "max": [0.699060380459, 10.3907938004, 26.9539012909, 79.0888671875, 129.569137573, 144.14793396, 183.284805298, 300.331054688, 315.78427124, 757.317260742, 952.54095459, 1336.36914062, 1557.43981934, 1838.4407959, 894.956420898, 1348.64099121, 2329.37719727, 788.298461914, 1508.17297363, 579.906188965, 2134.95507812, 673.466308594, 509.772827148, 446.993865967, 192.799713135, 134.096939087, 196.382232666, 334.024475098, 300.012756348, 115.034820557, 124.38697052, 84.7573852539, 48.5715026855, 14.6650304794, 4.3972454071, 2.86346244812, 1.71496844292, 0.10305070132, 0.00193811836652, 0.000160392926773],
        "mean": [0.111854404211, 1.0094255209, 1.87159693241, 3.89320468903, 5.6097035408, 8.12469959259, 11.9328622818, 11.0311584473, 14.9815835953, 20.7107086182, 32.8659172058, 51.301486969, 48.0512924194, 65.661857605, 27.3579463959, 27.2226772308, 46.9390029907, 34.3971366882, 47.0910110474, 35.685459137, 43.2789306641, 25.3564682007, 20.8085079193, 21.2938766479, 16.961807251, 13.0041780472, 9.71645736694, 7.02846384048, 5.49438667297, 3.38864469528, 3.1282286644, 2.85384821892, 1.38054704666, 0.675604701042, 0.32168468833, 0.133664637804, 0.0440735295415, 0.00345573737286, 8.18744156277e-05, 3.40872938978e-05],
        "median": [0.0726440101862, 0.828315317631, 1.26123201847, 2.29317498207, 2.87973475456, 4.83419656754, 5.74835586548, 4.65643787384, 5.65444755554, 6.31258201599, 7.26924657822, 14.7947006226, 18.7861595154, 33.4885253906, 13.5113620758, 9.63689994812, 14.40990448, 16.8003578186, 27.912519455, 19.5571212769, 17.7939472198, 15.5451192856, 13.3365478516, 13.4918680191, 12.5743713379, 10.1771659851, 6.95763349533, 3.73792934418, 2.34085059166, 1.63055837154, 1.44502198696, 1.17550945282, 0.600447416306, 0.341667532921, 0.159415140748, 0.0475988462567, 0.0101912822574, 0.000609645678196, 3.1680239772e-05, 2.65035214397e-05],
        "min": [0.000213446182897, 0.00103175838012, 0.0103061767295, 0.0108807245269, 0.0479096882045, 0.13447599113, 0.20722950995, 0.249731466174, 0.335145294666, 0.20341026783, 0.321306169033, 0.361897855997, 0.349373579025, 0.334906578064, 0.145333245397, 0.157852843404, 0.240392670035, 0.156340241432, 0.0694191679358, 0.0142930969596, 0.0154440430924, 0.013770179823, 0.0195774361491, 0.0101281264797, 0.00969814974815, 0.0100795691833, 0.00313393073156, 0.00246484717354, 0.00213571707718, 0.0014723080676, 0.000556409184355, 0.000550099415705, 0.000240460009081, 0.000144040881423, 6.22645384283e-05, 9.9328262877e-06, 3.80798269362e-06, 6.50940307878e-07, 3.76921866518e-06, 4.68861890113e-06],
        "var": [0.0113430973142, 0.821990132332, 6.74847412109, 39.3063354492, 110.542007446, 102.585716248, 322.855651855, 601.77722168, 883.286621094, 2664.31542969, 7397.25195312, 17219.5703125, 11742.6669922, 14874.1728516, 3003.87548828, 4699.30761719, 29753.7949219, 3927.48144531, 8298.63085938, 2825.4621582, 16528.1816406, 2200.02270508, 995.188232422, 1085.02124023, 316.955383301, 158.286804199, 128.848266602, 253.764816284, 233.746063232, 38.4431266785, 55.0315589905, 42.3225326538, 9.56089115143, 0.970889210701, 0.219754815102, 0.0749815925956, 0.0134598230943, 9.53552880674e-05, 3.13516217432e-08, 4.85339379797e-10]
    },
    "gfcc": {
        "mean": [19.4463310242, 96.1266403198, -128.549224854, 39.0092811584, -56.9706878662, 23.3351097107, -35.7705497742, 15.0512342453, -23.9384498596, 3.28953456879, -16.6667480469, -2.77799582481, -4.77129983902],
        "cov": [[2257.93823242, -1138.36791992, -371.574554443, -10.976978302, -47.8757362366, 53.9372901917, -186.484207153, 184.691421509, -267.434356689, 10.7850141525, -177.093399048, 139.18637085, -87.915512085], [-1138.36791992, 954.847839355, 190.696792603, -98.1662063599, 62.2101020813, -57.7736053467, 141.438934326, -98.2071838379, 177.922424316, -24.3389129639, 123.438560486, -112.914581299, 83.4445953369], [-371.574554443, 190.696792603, 520.036743164, 25.7363166809, -43.9938240051, -4.12230300903, 43.4994735718, -29.431634903, 67.0652618408, 46.2837524414, 3.12422561646, 7.56286907196, -62.8994903564], [-10.976978302, -98.1662063599, 25.7363166809, 326.679290771, 55.3957290649, 21.8180847168, -22.5085945129, -17.3966007233, -12.3395643234, -26.6768131256, -3.85245394707, 2.1574318409, -18.9641933441], [-47.8757362366, 62.2101020813, -43.9938240051, 55.3957290649, 154.742080688, 36.3222846985, 1.72890305519, -10.5808000565, -8.77782917023, -23.502784729, -9.4531917572, 0.712810695171, 13.408575058], [53.9372901917, -57.7736053467, -4.12230300903, 21.8180847168, 36.3222846985, 124.104934692, 41.6146583557, 3.58940768242, -13.1122627258, -0.766098618507, -2.75328445435, -15.4989595413, -6.88163852692], [-186.484207153, 141.438934326, 43.4994735718, -22.5085945129, 1.72890305519, 41.6146583557, 132.834625244, 2.64402365685, 36.3851852417, 6.34559631348, 24.4530467987, -25.0122928619, -5.28901195526], [184.691421509, -98.2071838379, -29.431634903, -17.3966007233, -10.5808000565, 3.58940768242, 2.64402365685, 106.042747498, 8.18568134308, 13.4874811172, -9.61048126221, 9.65729999542, -0.504203140736], [-267.434356689, 177.922424316, 67.0652618408, -12.3395643234, -8.77782917023, -13.1122627258, 36.3851852417, 8.18568134308, 109.48462677, 20.2339782715, 29.9182319641, -27.0756587982, 6.30989980698], [10.7850141525, -24.3389129639, 46.2837524414, -26.6768131256, -23.502784729, -0.766098618507, 6.34559631348, 13.4874811172, 20.2339782715, 71.5630493164, 24.0647697449, 1.41664469242, -25.1597080231], [-177.093399048, 123.438560486, 3.12422561646, -3.85245394707, -9.4531917572, -2.75328445435, 24.4530467987, -9.61048126221, 29.9182319641, 24.0647697449, 91.0896682739, -7.3715338707, 13.722992897], [139.18637085, -112.914581299, 7.56286907196, 2.1574318409, 0.712810695171, -15.4989595413, -25.0122928619, 9.65729999542, -27.0756587982, 1.41664469242, -7.3715338707, 80.8392791748, 13.0993814468], [-87.915512085, 83.4445953369, -62.8994903564, -18.9641933441, 13.408575058, -6.88163852692, -5.28901195526, -0.504203140736, 6.30989980698, -25.1597080231, 13.722992897, 13.0993814468, 87.1324462891]],
        "icov": [[0.00143760850187, 0.000962046091445, 0.000492694438435, 0.000358829071047, 4.95263921039e-05, -0.000227470925893, 0.000451335014077, -0.00138108828105, 0.00127056811471, -0.000129878389998, 0.000670316629112, -0.000568381976336, 0.000807148520835], [0.000962046091445, 0.00694497814402, -0.00247214222327, 0.00244208076037, -0.00451963068917, 0.00492452550679, -0.00360588007607, 0.00258160801604, -0.00323541113175, 0.00387739925645, -0.00508675025776, 0.00695583410561, -0.00494360178709], [0.000492694438435, -0.00247214222327, 0.00410585151985, -0.00118024169933, 0.00271104089916, -0.00249133980833, 0.00120965985116, -0.000760812719818, 0.000202883049496, -0.00268353475258, 0.00348964962177, -0.00497592892498, 0.00443566869944], [0.000358829071047, 0.00244208076037, -0.00118024169933, 0.00449978886172, -0.00272242724895, 0.00105180440005, -0.000165504214237, 0.000975900678895, -0.00130728911608, 0.00335297244601, -0.00274234940298, 0.00212328555062, -0.000176130168256], [4.95263921039e-05, -0.00451963068917, 0.00271104089916, -0.00272242724895, 0.0112265208736, -0.0060263639316, 0.00290519371629, -0.0016768098576, 0.00212996359915, -0.00157105957624, 0.00477044656873, -0.00608698325232, 0.00326179573312], [-0.000227470925893, 0.00492452550679, -0.00249133980833, 0.00105180440005, -0.0060263639316, 0.0149129899219, -0.00712215341628, 0.00219922629185, -0.000310907431412, 0.00161069910973, -0.00392588274553, 0.00823473744094, -0.00496162753552], [0.000451335014077, -0.00360588007607, 0.00120965985116, -0.000165504214237, 0.00290519371629, -0.00712215341628, 0.0131657253951, -0.00312692951411, 0.000111825262138, -0.000485103431856, 0.00103332300205, -0.00349298468791, 0.00473158247769], [-0.00138108828105, 0.00258160801604, -0.000760812719818, 0.000975900678895, -0.0016768098576, 0.00219922629185, -0.00312692951411, 0.0141494004056, -0.00568884331733, -0.00033270107815, -0.00117688823957, 0.00240666791797, -0.00373941333964], [0.00127056811471, -0.00323541113175, 0.000202883049496, -0.00130728911608, 0.00212996359915, -0.000310907431412, 0.000111825262138, -0.00568884331733, 0.0183509141207, -0.00576190697029, 0.00180815136991, 0.000268622563453, 0.00054607889615], [-0.000129878389998, 0.00387739925645, -0.00268353475258, 0.00335297244601, -0.00157105957624, 0.00161069910973, -0.000485103431856, -0.00033270107815, -0.00576190697029, 0.0243747252971, -0.0102826645598, 0.00206233258359, 0.00405079033226], [0.000670316629112, -0.00508675025776, 0.00348964962177, -0.00274234940298, 0.00477044656873, -0.00392588274553, 0.00103332300205, -0.00117688823957, 0.00180815136991, -0.0102826645598, 0.0203479547054, -0.00638998532668, 0.00113764929119], [-0.000568381976336, 0.00695583410561, -0.00497592892498, 0.00212328555062, -0.00608698325232, 0.00823473744094, -0.00349298468791, 0.00240666791797, 0.000268622563453, 0.00206233258359, -0.00638998532668, 0.0250162929296, -0.0111543247476], [0.000807148520835, -0.00494360178709, 0.00443566869944, -0.000176130168256, 0.00326179573312, -0.00496162753552, 0.00473158247769, -0.00373941333964, 0.00054607889615, 0.00405079033226, 0.00113764929119, -0.0111543247476, 0.022188892588]]
    },
    "melbands": {
        "dmean": [0.000459666684037, 0.000611794705037, 0.000524619128555, 0.000315407989547, 0.000224931529374, 0.000137196067953, 0.000141266908031, 0.000137887429446, 0.000168442580616, 0.000178790491191, 0.000151891727, 0.000171259176568, 5.25699178979e-05, 4.99311681779e-05, 4.71793464385e-05, 6.03023217991e-05, 3.93524569517e-05, 4.68503858428e-05, 3.26606968883e-05, 2.67397044809e-05, 3.80602650694e-05, 1.36343533086e-05, 1.5968866137e-05, 9.2292248155e-06, 9.77934723778e-06, 7.41315170671e-06, 4.29519786849e-06, 3.99759528591e-06, 3.31134151565e-06, 2.67434597845e-06, 2.50646439781e-06, 2.34798403653e-06, 1.51975154949e-06, 1.055184498e-06, 1.09754694222e-06, 1.3357324633e-06, 1.05866558897e-06, 6.78526248521e-07, 4.1769010295e-07, 3.01102517142e-07],
        "dmean2": [0.000767784833442, 0.0010467475513, 0.000876277277712, 0.000516295607667, 0.000354196003173, 0.000203515723115, 0.000220265021198, 0.000206141019589, 0.000246915820753, 0.000272963108728, 0.000222095448407, 0.000262385787209, 7.77934037615e-05, 7.44448479963e-05, 7.15995920473e-05, 8.74139004736e-05, 6.33255403955e-05, 7.54499487812e-05, 5.23597082065e-05, 4.33408386016e-05, 6.228586426e-05, 2.21773534577e-05, 2.60523920588e-05, 1.51137764988e-05, 1.55523903231e-05, 1.19169480968e-05, 6.86891826263e-06, 6.5535914473e-06, 5.42120233149e-06, 4.29472856922e-06, 3.88217495129e-06, 3.84948543797e-06, 2.5031451969e-06, 1.62659148373e-06, 1.70186490323e-06, 2.09843665289e-06, 1.59828732649e-06, 1.01360967619e-06, 6.49941284792e-07, 4.76665832139e-07],
        "dvar": [5.59202646855e-07, 2.00283761842e-06, 1.50703226609e-06, 4.48865392855e-07, 1.36870838219e-07, 1.54999682422e-07, 1.33043144501e-07, 1.80326324539e-07, 2.29564705023e-07, 2.91541482511e-07, 1.83580183943e-07, 9.00700314332e-08, 2.14939017695e-08, 1.99312619742e-08, 3.16289892055e-08, 3.98852044725e-08, 9.03117847173e-09, 1.71516685299e-08, 6.65707311498e-09, 3.39396355464e-09, 2.35220696254e-08, 1.63893654204e-09, 1.19013943145e-09, 6.77048306308e-10, 5.58696366948e-10, 1.69421143781e-10, 3.19864135179e-11, 3.75354851367e-11, 4.32461080835e-11, 4.64869184813e-11, 7.64953309029e-11, 9.14293502019e-11, 1.44194491417e-11, 8.46809428134e-12, 1.27832510202e-11, 2.69293528449e-11, 8.26679610183e-12, 4.20294962028e-12, 1.0228828418e-12, 3.1550865978e-13],
        "dvar2": [1.51914559865e-06, 5.69423536945e-06, 3.9971678234e-06, 1.15040211313e-06, 3.30607605292e-07, 3.24070242641e-07, 2.8280544484e-07, 3.85493109434e-07, 4.78254492009e-07, 6.37920436475e-07, 3.83541731708e-07, 1.83838793077e-07, 4.42528573785e-08, 4.02385005316e-08, 7.03922395928e-08, 6.0240566313e-08, 2.16998099489e-08, 4.19712407052e-08, 1.40453186859e-08, 8.33141289291e-09, 5.54296590849e-08, 3.91732868366e-09, 2.76731149107e-09, 1.76922065886e-09, 1.20441456808e-09, 3.7040004397e-10, 7.7583814373e-11, 8.72414501751e-11, 1.08319804515e-10, 1.11862061281e-10, 1.44079095876e-10, 1.87339865843e-10, 3.29475266514e-11, 2.04483964483e-11, 2.91049025158e-11, 6.71893513049e-11, 1.74186463864e-11, 8.35582211062e-12, 2.30651066822e-12, 7.41035921861e-13],
        "max": [0.00860311370343, 0.0124563993886, 0.0144592951983, 0.00560301868245, 0.00482078641653, 0.00617449497804, 0.00571129703894, 0.00757075939327, 0.00628857733682, 0.00742869311944, 0.00778412120417, 0.007822974585, 0.00354886148125, 0.00294723547995, 0.00379516300745, 0.00465005077422, 0.00157139333896, 0.0032304553315, 0.00151218567044, 0.00107707642019, 0.00282002566382, 0.000939208082855, 0.000648308370728, 0.000497312750667, 0.0004274744133, 0.00026230153162, 9.68263993855e-05, 0.000113265959953, 0.000141558470204, 0.000121202436276, 0.000240092398599, 0.000221227383008, 6.27620029263e-05, 7.36717629479e-05, 6.9218032877e-05, 9.47891312535e-05, 4.5019594836e-05, 4.21757940785e-05, 2.23735205509e-05, 9.17586203286e-06],
        "mean": [0.00113382015843, 0.00114326912444, 0.000723585253581, 0.000481978844618, 0.000419343879912, 0.000245924777118, 0.000237027386902, 0.000239303772105, 0.00028863598709, 0.000315249257255, 0.000240332548856, 0.00028493264108, 8.86250563781e-05, 8.00674461061e-05, 8.0996665929e-05, 9.57079100772e-05, 5.94414996158e-05, 7.99658955657e-05, 5.05547359353e-05, 4.27961822425e-05, 5.22741611348e-05, 2.31736321439e-05, 2.67006416834e-05, 1.57972899615e-05, 1.74257729668e-05, 1.48859708133e-05, 9.73312398855e-06, 8.2029018813e-06, 6.46468652121e-06, 4.67184963782e-06, 3.8660627979e-06, 3.30717148245e-06, 2.33521154769e-06, 1.74448348389e-06, 1.7044485503e-06, 1.97507620214e-06, 1.64988819051e-06, 1.03376044081e-06, 6.91395257491e-07, 5.19591594639e-07],
        "median": [0.000888680166099, 0.000868844101205, 0.000431127933552, 0.000275594880804, 0.000223010836635, 0.000103464961285, 8.74335091794e-05, 6.4821630076e-05, 6.37421326246e-05, 8.40660140966e-05, 9.03394829948e-05, 0.000143530007335, 3.37266719725e-05, 2.57392293861e-05, 2.36588311964e-05, 3.16415862471e-05, 3.03486303892e-05, 4.57682872366e-05, 2.50624016189e-05, 2.40987919824e-05, 1.83214870049e-05, 1.32201857923e-05, 1.73933713086e-05, 8.41790824779e-06, 1.0629200915e-05, 1.06595489342e-05, 7.28135455574e-06, 5.879190212e-06, 4.41316797151e-06, 2.77007620753e-06, 1.83788074537e-06, 1.29788998038e-06, 1.08907113372e-06, 8.19399474494e-07, 8.06705088507e-07, 8.15048565528e-07, 6.62191951051e-07, 4.10976952026e-07, 3.1242191767e-07, 2.57893816524e-07],
        "min": [1.3282249256e-06, 4.28546445619e-06, 1.85840599443e-06, 1.06462412077e-05, 6.83742655383e-06, 4.56397901871e-06, 3.57362910108e-06, 1.81984808023e-06, 2.08442611438e-06, 1.35456605221e-06, 4.63485463342e-07, 1.15289378755e-06, 3.49644579956e-07, 3.7586917756e-07, 5.10069753545e-07, 4.78852825836e-07, 2.62010246388e-07, 7.7004436605e-08, 2.48027873795e-08, 1.22708403438e-08, 1.35789601785e-08, 1.25277930252e-08, 1.63804099174e-08, 9.90812409896e-09, 4.03281363859e-09, 6.41046238314e-09, 9.44238109923e-09, 5.21164622569e-09, 1.39989009273e-09, 1.65709479472e-09, 1.36461886235e-09, 1.03247532746e-09, 1.54348278603e-09, 5.25899601644e-10, 3.22829457611e-10, 3.12950138026e-10, 2.63463278971e-10, 1.35702296622e-10, 1.41593917147e-10, 4.90861344626e-11],
