{
"highlevel": {
    "danceability": {
        "all": {
            "danceable": 0.70913630724,
            "not_danceable": 0.29086369276
        },
        "probability": 0.70913630724,
        "value": "danceable"
    },
    "gender": {
        "all": {
            "female": 0.576169669628,
            "male": 0.423830330372
        },
        "probability": 0.576169669628,
        "value": "female"
    },
    "genre_dortmund": {
        "all": {
            "alternative": 0.186004638672,
            "blues": 0.320837020874,
            "electronic": 0.0419964008033,
            "folkcountry": 0.0300320517272,
            "funksoulrnb": 0.0294895227998,
            "jazz": 0.0634687170386,
            "pop": 0.0346975140274,
            "raphiphop": 0.00233988836408,
            "rock": 0.291134268045
        },
        "probability": 0.320837020874,
        "value": "blues"
    },
    "genre_electronic": {
        "all": {
            "ambient": 0.719976246357,
            "dnb": 0.222327783704,
            "house": 0.0155991381034,
            "techno": 0.00376321002841,
            "trance": 0.0383336544037
        },
        "probability": 0.719976246357,
        "value": "ambient"
    },
    "genre_rosamerica": {
        "all": {
            "cla": 0.118993781507,
            "dan": 0.0212042611092,
            "hip": 0.0175937116146,
            "jaz": 0.131807476282,
            "pop": 0.0400485768914,
            "rhy": 0.0297196954489,
            "roc": 0.63317078352,
            "spe": 0.00746172247455
        },
        "probability": 0.63317078352,
        "value": "roc"
    },
    "genre_tzanetakis": {
        "all": {
            "blu": 0.0626613423228,
            "cla": 0.0348169617355,
            "cou": 0.104475811124,
            "dis": 0.0784321576357,
            "hip": 0.15692435205,
            "jaz": 0.313974827528,
            "met": 0.0448166541755,
            "pop": 0.0627359300852,
            "reg": 0.0627360641956,
            "roc": 0.0784258767962
        },
        "probability": 0.313974827528,
        "value": "jaz"
    },
    "ismir04_rhythm": {
        "all": {
            "ChaChaCha": 0.118562325835,
            "Jive": 0.0674598813057,
            "Quickstep": 0.129489332438,
            "Rumba-American": 0.0400639548898,
            "Rumba-International": 0.0344525761902,
            "Rumba-Misc": 0.0134254191071,
            "Samba": 0.279302507639,
            "Tango": 0.12850536406,
            "VienneseWaltz": 0.121895126998,
            "Waltz": 0.0668435096741
        },
        "probability": 0.279302507639,
        "value": "Samba"
    },
    "mood_acoustic": {
        "all": {
            "acoustic": 0.00282032997347,
            "not_acoustic": 0.997179687023
        },
        "probability": 0.997179687023,
        "value": "not_acoustic"
    },
    "mood_aggressive": {
        "all": {
            "aggressive": 0.939158320427,
            "not_aggressive": 0.0608416497707
        },
        "probability": 0.939158320427,
        "value": "aggressive"
    },
    "mood_electronic": {
        "all": {
            "electronic": 0.425306141376,
            "not_electronic": 0.574693858624
        },
        "probability": 0.574693858624,
        "value": "not_electronic"
    },
    "mood_happy": {
        "all": {
            "happy": 0.297608137131,
            "not_happy": 0.702391862869
        },
        "probability": 0.702391862869,
        "value": "not_happy"
    },
    "mood_party": {
        "all": {
            "not_party": 0.300255388021,
            "party": 0.699744582176
        },
        "probability": 0.699744582176,
        "value": "party"
    },
    "mood_relaxed": {
        "all": {
            "not_relaxed": 0.888554036617,
            "relaxed": 0.111445955932
        },
        "probability": 0.888554036617,
        "value": "not_relaxed"
    },
    "mood_sad": {
        "all": {
            "not_sad": 0.94907528162,
            "sad": 0.0509247370064
        },
        "probability": 0.94907528162,
        "value": "not_sad"
    },
    "moods_mirex": {
        "all": {
            "Cluster1": 0.385249912739,
            "Cluster2": 0.100448533893,
            "Cluster3": 0.131887793541,
            "Cluster4": 0.193938791752,
            "Cluster5": 0.188474968076
        },
        "probability": 0.385249912739,
        "value": "Cluster1"
    },
    "timbre": {
        "all": {
            "bright": 0.993806540966,
            "dark": 0.00619343621656
        },
        "probability": 0.993806540966,
        "value": "bright"
    },
    "tonal_atonal": {
        "all": {
            "atonal": 0.177175968885,
            "tonal": 0.822824060917
        },
        "probability": 0.822824060917,
        "value": "tonal"
    },
    "voice_instrumental": {
        "all": {
            "instrumental": 0.97870606184,
            "voice": 0.021293964237
        },
        "probability": 0.97870606184,
        "value": "instrumental"
    }
},
"lowlevel": {
    "average_loudness": 0.966970562935,
    "barkbands_crest": {
        "dmean": 1.80937922001,
        "dmean2": 2.959171772,
        "dvar": 2.90771698952,
        "dvar2": 7.71896696091,
        "max": 21.2978172302,
        "mean": 8.03782844543,
        "median": 7.21547269821,
        "min": 2.89882016182,
        "var": 10.9100751877
    },
    "barkbands_flatness_db": {
        "dmean": 0.0181114505976,
        "dmean2": 0.0265567433089,
        "dvar": 0.000253552367212,
        "dvar2": 0.000518873741385,
        "max": 0.248675584793,
        "mean": 0.143653228879,
        "median": 0.142780616879,
        "min": 0.0635301321745,
        "var": 0.000804530864116
    },
    "barkbands_kurtosis": {
        "dmean": 0.655384242535,
        "dmean2": 1.04267013073,
        "dvar": 0.882871627808,
        "dvar2": 2.25114035606,
        "max": 10.3382940292,
        "mean": -0.287003487349,
        "median": -0.732957839966,
        "min": -1.79654181004,
        "var": 2.07200193405
    },
    "barkbands_skewness": {
        "dmean": 0.353810310364,
        "dmean2": 0.5478271842,
        "dvar": 0.130429133773,
        "dvar2": 0.309219121933,
        "max": 3.18630409241,
        "mean": 0.369304388762,
        "median": 0.228359878063,
        "min": -1.83878743649,
        "var": 0.629174113274
    },
    "barkbands_spread": {
        "dmean": 4.46507072449,
        "dmean2": 6.72664928436,
        "dvar": 20.4204730988,
        "dvar2": 43.6384429932,
        "max": 53.0776672363,
        "mean": 27.378364563,
        "median": 27.1719665527,
        "min": 8.34240913391,
        "var": 73.7498931885
    },
    "dissonance": {
        "dmean": 0.0129093918949,
        "dmean2": 0.0218423046172,
        "dvar": 0.000130694039399,
        "dvar2": 0.000369006127585,
        "max": 0.499539136887,
        "mean": 0.475386500359,
        "median": 0.478116810322,
        "min": 0.401266187429,
        "var": 0.000245294650085
    },
    "dynamic_complexity": 1.68333542347,
    "erbbands_crest": {
        "dmean": 2.36784338951,
        "dmean2": 3.66912531853,
        "dvar": 4.35391569138,
        "dvar2": 9.71237659454,
        "max": 24.6021137238,
        "mean": 10.0475702286,
        "median": 9.25881958008,
        "min": 3.49049973488,
        "var": 13.9408502579
    },
    "erbbands_flatness_db": {
        "dmean": 0.0233408976346,
        "dmean2": 0.0309145487845,
        "dvar": 0.000455839995993,
        "dvar2": 0.000791078025941,
        "max": 0.306933999062,
        "mean": 0.197046145797,
        "median": 0.198807641864,
        "min": 0.0894154459238,
        "var": 0.00181504373904
    },
    "erbbands_kurtosis": {
        "dmean": 0.800997138023,
        "dmean2": 1.25623583794,
        "dvar": 0.735809743404,
        "dvar2": 1.77545511723,
        "max": 10.3889360428,
        "mean": 0.870195448399,
        "median": 0.61286687851,
        "min": -1.53631520271,
        "var": 1.87641966343
    },
    "erbbands_skewness": {
        "dmean": 0.314258277416,
        "dmean2": 0.473114520311,
        "dvar": 0.072085365653,
        "dvar2": 0.162698715925,
        "max": 1.18199062347,
        "mean": -0.544457376003,
        "median": -0.528987467289,
        "min": -2.53030467033,
        "var": 0.355297833681
    },
    "erbbands_spread": {
        "dmean": 4.94496917725,
        "dmean2": 7.55106639862,
        "dvar": 32.8089790344,
        "dvar2": 72.2633895874,
        "max": 70.5302810669,
        "mean": 23.1981048584,
        "median": 20.7262840271,
        "min": 6.02859926224,
        "var": 90.9472351074
    },
    "hfc": {
        "dmean": 6.46595096588,
        "dmean2": 9.90432834625,
        "dvar": 49.0980758667,
        "dvar2": 110.286804199,
        "max": 89.4791030884,
        "mean": 27.9095668793,
        "median": 26.7484359741,
        "min": 2.91278553009,
        "var": 234.817306519
    },
    "melbands_crest": {
        "dmean": 2.51393342018,
        "dmean2": 4.11226415634,
        "dvar": 7.10733699799,
        "dvar2": 18.3611564636,
        "max": 27.5632305145,
        "mean": 11.824432373,
        "median": 10.782166481,
        "min": 3.58784151077,
        "var": 22.2688236237
    },
    "melbands_flatness_db": {
        "dmean": 0.021213946864,
        "dmean2": 0.0309086889029,
        "dvar": 0.000390008324757,
        "dvar2": 0.00089162751101,
        "max": 0.304263979197,
        "mean": 0.177967935801,
        "median": 0.177266821265,
        "min": 0.0739595219493,
        "var": 0.00166893505957
    },
    "melbands_kurtosis": {
        "dmean": 1.8699657917,
        "dmean2": 3.0105240345,
        "dvar": 9.24552345276,
        "dvar2": 22.9389953613,
        "max": 33.9077911377,
        "mean": 2.35296154022,
        "median": 0.294793844223,
        "min": -1.67966854572,
        "var": 24.3442192078
    },
    "melbands_skewness": {
        "dmean": 0.4542748034,
        "dmean2": 0.70463269949,
        "dvar": 0.260127484798,
        "dvar2": 0.601717293262,
        "max": 5.54713916779,
        "mean": 1.31710374355,
        "median": 1.10148656368,
        "min": -0.908967196941,
        "var": 1.15832948685
    },
    "melbands_spread": {
        "dmean": 7.3398399353,
        "dmean2": 11.7108726501,
        "dvar": 53.5453796387,
        "dvar2": 136.0753479,
        "max": 79.5070037842,
        "mean": 38.8687324524,
        "median": 38.2140655518,
        "min": 7.45449018478,
        "var": 218.962921143
    },
    "pitch_salience": {
        "dmean": 0.0584865063429,
        "dmean2": 0.0972350612283,
        "dvar": 0.00334228482097,
        "dvar2": 0.0086326925084,
        "max": 0.783396661282,
        "mean": 0.490405619144,
        "median": 0.487371146679,
        "min": 0.188932135701,
        "var": 0.00762039981782
    },
    "silence_rate_20dB": {
        "dmean": 0,
        "dmean2": 0,
        "dvar": 0,
        "dvar2": 0,
        "max": 1,
        "mean": 1,
        "median": 1,
        "min": 1,
        "var": 0
    },
    "silence_rate_30dB": {
        "dmean": 0,
        "dmean2": 0,
        "dvar": 0,
        "dvar2": 0,
        "max": 1,
        "mean": 1,
        "median": 1,
        "min": 1,
        "var": 0
    },
    "silence_rate_60dB": {
        "dmean": 0.00154798757285,
        "dmean2": 0.00309837330133,
        "dvar": 0.00154558138456,
        "dvar2": 0.00463790819049,
        "max": 1,
        "mean": 0.00077339517884,
        "median": 0,
        "min": 0,
        "var": 0.000772795407102
    },
    "spectral_centroid": {
        "dmean": 186.533905029,
        "dmean2": 291.664276123,
        "dvar": 30962.8203125,
        "dvar2": 70168.4609375,
        "max": 2858.54345703,
        "mean": 1760.83435059,
        "median": 1786.3079834,
        "min": 597.133239746,
        "var": 165177.09375
    },
    "spectral_complexity": {
        "dmean": 3.76006197929,
        "dmean2": 5.9318356514,
        "dvar": 15.098772049,
        "dvar2": 34.9217300415,
        "max": 48,
        "mean": 23.2474861145,
        "median": 23,
        "min": 7,
        "var": 41.8011627197
    },
    "spectral_decrease": {
        "dmean": 1.60810997851e-09,
        "dmean2": 2.58086374494e-09,
        "dvar": 5.16818476256e-18,
        "dvar2": 1.28659473953e-17,
        "max": -8.51181680694e-10,
        "mean": -6.35181818254e-09,
        "median": -5.88183413086e-09,
        "min": -2.16950670762e-08,
        "var": 8.771462093e-18
    },
    "spectral_energy": {
        "dmean": 0.00652644084767,
        "dmean2": 0.0104165300727,
        "dvar": 7.94971856521e-05,
        "dvar2": 0.000195950415218,
        "max": 0.0851191431284,
        "mean": 0.0265047140419,
        "median": 0.024887541309,
        "min": 0.0035238172859,
        "var": 0.000147148239193
    },
    "spectral_energyband_high": {
        "dmean": 0.000272476579994,
        "dmean2": 0.000408960157074,
        "dvar": 2.37688894345e-07,
        "dvar2": 5.65444906897e-07,
        "max": 0.00446379603818,
        "mean": 0.000389798922697,
        "median": 0.000204273324925,
        "min": 1.29631634991e-05,
        "var": 2.71663679996e-07
    },
    "spectral_energyband_low": {
        "dmean": 0.00378041621298,
        "dmean2": 0.00628585927188,
        "dvar": 4.97185938002e-05,
        "dvar2": 0.000129916588776,
        "max": 0.0646614506841,
        "mean": 0.00804163888097,
        "median": 0.00729688536376,
        "min": 3.01230284094e-05,
        "var": 6.02173277002e-05
    },
    "spectral_energyband_middle_high": {
        "dmean": 0.00259631127119,
        "dmean2": 0.00402720784768,
        "dvar": 7.3497772064e-06,
        "dvar2": 1.66254121723e-05,
        "max": 0.0313476845622,
        "mean": 0.0121016604826,
        "median": 0.0121638197452,
        "min": 0.000817014195491,
        "var": 4.85296259285e-05
    },
    "spectral_energyband_middle_low": {
        "dmean": 0.00290272966959,
        "dmean2": 0.00455162813887,
        "dvar": 2.70786385954e-05,
        "dvar2": 6.80036027916e-05,
        "max": 0.0509675890207,
        "mean": 0.00711138639599,
        "median": 0.00559526635334,
        "min": 0.000876334263012,
        "var": 3.53437608283e-05
    },
    "spectral_entropy": {
        "dmean": 0.170177936554,
        "dmean2": 0.237863227725,
        "dvar": 0.0245613995939,
        "dvar2": 0.0463357158005,
        "max": 8.23857784271,
        "mean": 7.42807674408,
        "median": 7.41153240204,
        "min": 6.67327260971,
        "var": 0.0754090622067
    },
    "spectral_flux": {
        "dmean": 0.0227734167129,
        "dmean2": 0.034302636981,
        "dvar": 0.000633606687188,
        "dvar2": 0.00120872212574,
        "max": 0.239555299282,
        "mean": 0.0798926725984,
        "median": 0.0739256888628,
        "min": 0.0134510714561,
        "var": 0.0015640091151
    },
    "spectral_kurtosis": {
        "dmean": 2.7572491169,
        "dmean2": 4.63102674484,
        "dvar": 6.64874124527,
        "dvar2": 19.046459198,
        "max": 20.8386058807,
        "mean": 6.69314622879,
        "median": 6.05666065216,
        "min": 0.572905778885,
        "var": 11.5763559341
    },
    "spectral_rms": {
        "dmean": 0.00058442511363,
        "dmean2": 0.000911027484108,
        "dvar": 4.95806887102e-07,
        "dvar2": 1.15448688121e-06,
        "max": 0.00911279674619,
        "mean": 0.0049582994543,
        "median": 0.00492752762511,
        "min": 0.00185414950829,
        "var": 1.27352427626e-06
    },
    "spectral_rolloff": {
        "dmean": 280.931274414,
        "dmean2": 484.872283936,
        "dvar": 162428.359375,
        "dvar2": 393659.4375,
        "max": 5813.96484375,
        "mean": 1991.03137207,
        "median": 2110.25390625,
        "min": 172.265625,
        "var": 437298.96875
    },
    "spectral_skewness": {
        "dmean": 0.285437077284,
        "dmean2": 0.484406381845,
        "dvar": 0.0618978329003,
        "dvar2": 0.180456057191,
        "max": 2.96180820465,
        "mean": 1.64482331276,
        "median": 1.63798880577,
        "min": 0.578121960163,
        "var": 0.123862162232
    },
    "spectral_spread": {
        "dmean": 569665.6875,
        "dmean2": 774438,
        "dvar": 319816466432,
        "dvar2": 589520699392,
        "max": 7387073,
        "mean": 3207303,
        "median": 2983572,
        "min": 1580609,
        "var": 1.01027138765e+12
    },
    "spectral_strongpeak": {
        "dmean": 1.34940397739,
        "dmean2": 2.36095094681,
        "dvar": 3.81873464584,
        "dvar2": 8.75203132629,
        "max": 12.1681575775,
        "mean": 1.96847581863,
        "median": 0.482190638781,
        "min": 0.0607394389808,
        "var": 6.20490026474
    },
    "zerocrossingrate": {
        "dmean": 0.00661787390709,
        "dmean2": 0.00827808771282,
        "dvar": 4.03155136155e-05,
        "dvar2": 5.52422643523e-05,
        "max": 0.12158203125,
        "mean": 0.0664145573974,
        "median": 0.06787109375,
        "min": 0.0146484375,
        "var": 0.000303454085952
    },
    "barkbands": {
        "dmean": [7.75577282184e-05, 0.00202126824297, 0.00189901376143, 0.0012326760916, 0.00115030980669, 0.000496290100273, 0.000252899102634, 0.000337882520398, 0.000537782616448, 0.000449192128144, 0.000880795472767, 0.000412394671002, 0.000669192115311, 0.000388770975405, 0.000339597463608, 0.00124572089408, 0.000778754882049, 0.000519914319739, 0.000280207488686, 0.000108212443592, 6.80044104229e-05, 5.38146377949e-05, 4.69794322271e-05, 3.88971820939e-05, 2.96345278912e-05, 9.17176384974e-06, 1.4384566871e-09],
        "dmean2": [0.000126749524497, 0.00326466653496, 0.0033497645054, 0.00202215788886, 0.00190242088865, 0.000822266621981, 0.00042779467185, 0.000497376837302, 0.000864447210915, 0.000666449486744, 0.00137401511893, 0.000673062691931, 0.000978964264505, 0.000592230004258, 0.000524100265466, 0.00202348921448, 0.00115962757263, 0.000808287819382, 0.000439424882643, 0.000171676598256, 0.000108782587631, 8.36388935568e-05, 7.32807748136e-05, 5.87416398048e-05, 4.46388876298e-05, 1.3906361346e-05, 2.30460206474e-09],
        "dvar": [1.80738712885e-08, 1.53251239681e-05, 1.70128350874e-05, 9.81585253612e-06, 4.42107875642e-06, 1.04735079276e-06, 3.15083212854e-07, 2.62437339416e-07, 8.38986750296e-07, 4.69663518743e-07, 1.50180596847e-06, 3.5289761513e-07, 1.266090635e-06, 2.67969483048e-07, 2.25333508297e-07, 2.46926538239e-06, 1.37052552418e-06, 8.49001651204e-07, 2.51981191468e-07, 2.92123285561e-08, 1.81895067897e-08, 1.01117931806e-08, 1.02994457407e-08, 4.99798824549e-09, 2.58825427757e-09, 2.3983476316e-10, 9.94250516035e-17],
        "dvar2": [4.66680418754e-08, 3.7686790165e-05, 4.91221871926e-05, 2.42921305471e-05, 1.22049250422e-05, 2.54615792983e-06, 8.3237864601e-07, 5.3107066833e-07, 2.22615813072e-06, 1.13131545731e-06, 3.47310742654e-06, 7.91496404418e-07, 2.58031718658e-06, 5.87083206938e-07, 4.66933613552e-07, 6.37783023194e-06, 2.93762036563e-06, 1.89828540442e-06, 6.49444700684e-07, 6.95344652968e-08, 4.66923140152e-08, 2.35319195241e-08, 2.58238674888e-08, 1.16963594365e-08, 5.87776183281e-09, 5.39918276754e-10, 1.023760416e-16],
        "max": [0.00133027881384, 0.0349568016827, 0.0376060605049, 0.0277130827308, 0.0233636051416, 0.0149018578231, 0.00687784189358, 0.0080884443596, 0.0159530807287, 0.00804162584245, 0.0171925537288, 0.0108857266605, 0.0146209392697, 0.0067017134279, 0.00800705142319, 0.0184091962874, 0.0154415601864, 0.0127318967134, 0.00679610483348, 0.00201143277809, 0.00138053670526, 0.00105786044151, 0.0010387635557, 0.000733258610126, 0.000411375862313, 0.000116002534924, 2.7476824016e-07],
        "mean": [0.00010311792721, 0.00438831653446, 0.00278878840618, 0.00124954408966, 0.00222541578114, 0.000797581858933, 0.000293369463179, 0.000758928305004, 0.00114529300481, 0.000963060068898, 0.001784403692, 0.000967856089119, 0.00140288972761, 0.000766956072766, 0.00077175948536, 0.00237097032368, 0.0017974153161, 0.000921761558857, 0.000521286623552, 0.000187853322132, 9.77950621746e-05, 6.69053770253e-05, 5.08390803589e-05, 4.12722947658e-05, 3.15419820254e-05, 9.79347532848e-06, 1.26655008703e-09],
        "median": [4.62618481833e-05, 0.00366258388385, 0.00166079332121, 0.00031946861418, 0.00160946312826, 0.000327810586896, 0.000112465466373, 0.000466647703433, 0.000629902235232, 0.00045709911501, 0.00113718165085, 0.000523820868693, 0.00054947665194, 0.000545446178876, 0.000442154996563, 0.00169010600075, 0.000840774795506, 0.0003933236585, 0.000284672685666, 0.000113967042125, 5.42188427062e-05, 2.89126310236e-05, 1.76143221324e-05, 1.18903244584e-05, 6.50358788334e-06, 1.69723750787e-06, 3.90162402386e-10],
        "min": [5.25980112798e-08, 2.97883161693e-06, 1.70634837104e-06, 2.2020580559e-07, 1.51411250044e-05, 1.16498758871e-05, 2.04034313356e-06, 4.13703401136e-06, 2.32557831623e-05, 6.38541905573e-06, 3.34177639161e-06, 1.07280238808e-05, 1.48471244756e-05, 1.90672617464e-05, 1.35790642162e-05, 2.17244050873e-05, 1.30879643621e-05, 4.38132792624e-06, 5.33869206265e-06, 3.7642762436e-06, 3.38988388648e-06, 8.86821908352e-07, 7.03614546183e-07, 3.11049689117e-07, 1.18171250563e-10, 1.49889510526e-11, 1.43430710017e-11],
        "var": [2.29337544511e-08, 2.27594173339e-05, 1.40939991979e-05, 8.97400877875e-06, 4.92474691782e-06, 1.67690302533e-06, 3.1291139635e-07, 8.04580224667e-07, 2.2696144697e-06, 1.51139693116e-06, 4.15614022131e-06, 1.84456018815e-06, 4.69755559607e-06, 5.74825435251e-07, 8.88670172117e-07, 5.81876201977e-06, 5.44921294932e-06, 1.91437197827e-06, 5.65876121073e-07, 4.9954305581e-08, 1.83776496243e-08, 1.12879625647e-08, 9.71129132665e-09, 5.41259481679e-09, 3.02724245671e-09, 3.07376374353e-10, 9.9805832618e-17]
    },
    "erbbands": {
        "dmean": [0.0603472478688, 0.500494301319, 1.86137616634, 3.52197957039, 2.93042039871, 4.51548576355, 4.79659509659, 4.51956510544, 3.40552473068, 6.60626220703, 4.92637252808, 12.9306201935, 17.1818218231, 8.62538337708, 45.5934143066, 15.4694213867, 30.6675453186, 19.6656303406, 12.7473421097, 39.0381507874, 44.1555519104, 41.3863487244, 29.6459522247, 19.769985199, 8.70033168793, 4.80895376205, 3.46459841728, 2.37113118172, 2.04064631462, 1.56158733368, 1.29088330269, 0.893506884575, 0.609444141388, 0.372737467289, 0.187859177589, 0.0606386177242, 0.0138865197077, 0.000880048843101, 2.14487790799e-05, 8.77656020748e-06],
        "dmean2": [0.0929494723678, 0.826318621635, 3.26370239258, 5.8486995697, 5.03644752502, 7.47270822525, 7.78515148163, 7.48773145676, 5.72397041321, 10.017665863, 7.80491304398, 20.7876758575, 25.4696006775, 13.8199357986, 71.5703277588, 23.7981433868, 44.5162315369, 30.1091842651, 19.8793487549, 61.0721282959, 71.786529541, 61.4954147339, 46.2812576294, 30.2310466766, 14.0353956223, 7.58883619308, 5.44721984863, 3.82471036911, 3.20315480232, 2.43877863884, 2.00051164627, 1.35100209713, 0.926092624664, 0.567773163319, 0.28335916996, 0.0920930206776, 0.021861160174, 0.00142823066562, 3.26405606756e-05, 1.36380858748e-05],
        "dvar": [0.012147706002, 1.04922389984, 17.8989944458, 53.6316986084, 70.8375549316, 51.7254371643, 59.6953735352, 108.021347046, 57.4548492432, 109.963981628, 62.6817016602, 538.454650879, 655.44720459, 180.723175049, 4193.79980469, 461.871185303, 2797.07861328, 664.01776123, 271.721252441, 2357.24853516, 2825.28369141, 4121.38916016, 2466.109375, 1194.15881348, 311.079803467, 55.7720298767, 41.389125824, 26.4492740631, 15.6338272095, 9.74937915802, 7.71197128296, 2.81620621681, 1.20404052734, 0.436190754175, 0.101596474648, 0.0102349556983, 0.000616294157226, 2.84027214548e-06, 1.31466881825e-09, 1.35218211628e-10],
        "dvar2": [0.0277496706694, 2.78958773613, 51.5581169128, 135.084701538, 194.29397583, 139.879730225, 154.052307129, 270.02911377, 148.985580444, 246.749710083, 151.697250366, 1392.84277344, 1557.55126953, 441.921813965, 10158.5087891, 1024.32531738, 5501.9609375, 1454.765625, 698.870422363, 5460.06298828, 7070.47412109, 8447.66503906, 5711.80078125, 2608.6484375, 772.960876465, 134.483505249, 104.618225098, 68.25025177, 37.2218742371, 23.2515106201, 19.3456707001, 6.61630344391, 2.87938046455, 1.0029014349, 0.231654733419, 0.0228489860892, 0.00139813078567, 6.84695714881e-06, 3.03533953527e-09, 3.19687193384e-10],
        "max": [1.30827462673, 8.96332931519, 36.2409210205, 57.4217643738, 103.822128296, 70.217666626, 87.9725494385, 145.926712036, 71.260269165, 131.029342651, 120.918106079, 456.013183594, 319.868652344, 213.950546265, 867.267700195, 562.393981934, 664.874145508, 334.048095703, 191.803497314, 550.724304199, 610.148376465, 1071.82409668, 700.43170166, 473.319885254, 329.755889893, 69.2865066528, 60.1074447632, 61.2903060913, 45.8413085938, 28.1622085571, 28.5227890015, 16.8542137146, 9.85719203949, 5.41243171692, 2.79418945312, 0.676716566086, 0.214184060693, 0.015812041238, 0.000353853596607, 0.000121170189232],
        "mean": [0.133403986692, 0.985729753971, 2.89068078995, 4.14062547684, 3.51957535744, 8.50352191925, 9.79400348663, 7.14079713821, 4.3295211792, 14.0133333206, 10.418841362, 29.2995643616, 38.3279876709, 21.820526123, 88.1381149292, 45.6313400269, 66.639503479, 44.3279914856, 33.0198135376, 88.0236282349, 98.9849014282, 103.869697571, 62.7059936523, 36.4322166443, 17.3139076233, 8.84486675262, 5.48880672455, 3.09788227081, 2.53926301003, 1.83134281635, 1.39505028725, 0.975735604763, 0.623315215111, 0.393866270781, 0.197490468621, 0.0657033622265, 0.0141891827807, 0.000843263347633, 3.52348579327e-05, 3.41471168213e-05],
        "median": [0.115275479853, 0.783813118935, 1.70021235943, 1.59885561466, 1.61693513393, 6.00249767303, 6.69322919846, 2.91508626938, 1.74314916134, 8.47144508362, 6.82321929932, 14.5299377441, 23.4028549194, 14.420343399, 54.1943244934, 27.2333488464, 29.4421100616, 32.9732131958, 27.1637001038, 65.7221832275, 76.7041473389, 49.7002754211, 32.4511909485, 20.0773963928, 9.24635028839, 5.71981477737, 3.25812649727, 1.50131189823, 1.146261096, 0.698767542839, 0.472152620554, 0.314274340868, 0.17100122571, 0.0861317589879, 0.0404688827693, 0.0127902776003, 0.00193287804723, 0.00011164820171, 2.05608666874e-05, 3.18202146445e-05],
        "min": [7.15137721272e-05, 0.00113872706424, 0.00663523934782, 0.0122270146385, 0.0707904696465, 0.0380541794002, 0.166885957122, 0.136356696486, 0.0586927309632, 0.149456590414, 0.460268855095, 0.675729632378, 0.352219462395, 0.165224641562, 0.194551989436, 0.510478556156, 0.850816488266, 2.53839182854, 2.16489624977, 2.5704832077, 2.39769601822, 1.58789360523, 0.933781445026, 0.579070866108, 0.320487588644, 0.258024603128, 0.203029379249, 0.0691675618291, 0.0369111634791, 0.0385894887149, 0.0208917539567, 0.0121769290417, 0.00187002168968, 7.62377749197e-05, 1.75538243639e-05, 7.98251767264e-06, 3.98374641009e-06, 8.94500658433e-07, 2.04459206543e-06, 4.24822792411e-06],
        "var": [0.0206671375781, 1.26208162308, 15.0251550674, 51.3559188843, 53.389415741, 71.0267562866, 107.76096344, 157.024993896, 60.2816009521, 284.429870605, 129.30380249, 1565.67578125, 1842.36352539, 597.863525391, 10915.1074219, 3274.66577148, 10034.2460938, 1648.43286133, 552.422058105, 7084.16650391, 8229.70800781, 20358.0703125, 6303.79296875, 2428.65844727, 933.28704834, 90.3055267334, 47.4653282166, 24.4171447754, 16.6805057526, 10.1842031479, 7.31292963028, 3.01821351051, 1.27266740799, 0.492377132177, 0.118805885315, 0.0130705228075, 0.000749444996472, 2.95962081509e-06, 1.61468793891e-09, 2.61172028448e-10]
    },
    "gfcc": {
        "mean": [9.25770187378, 110.394882202, -156.479751587, 35.9349403381, -38.3228721619, 20.1229839325, -37.4182510376, 13.2045946121, -21.4654998779, -7.15333557129, -14.5489683151, -0.46195563674, -2.22009062767],
        "cov": [[1543.82409668, -692.790100098, 329.002563477, -10.0339336395, -111.204307556, 120.441177368, -183.600296021, 195.064666748, -178.172317505, 160.446136475, -118.162078857, 150.979858398, -198.009735107], [-692.790100098, 883.32409668, -187.403305054, 99.121421814, 223.232757568, -103.362739563, 216.873519897, -121.930908203, 173.385574341, -148.879364014, 134.558929443, -137.460327148, 117.317855835], [329.002563477, -187.403305054, 637.464416504, 175.018157959, -28.7027130127, 229.734375, -66.2088546753, 78.016784668, -17.1112174988, 176.001327515, -86.5724334717, 44.2967567444, -50.1229057312], [-10.0339336395, 99.121421814, 175.018157959, 283.703765869, 75.3610839844, 67.547416687, 70.4725799561, 8.35263729095, 68.9247360229, 23.5106773376, 20.4331302643, -31.0493202209, 37.5221710205], [-111.204307556, 223.232757568, -28.7027130127, 75.3610839844, 257.047851562, 17.0436687469, 96.8889160156, 31.3446235657, 44.6767692566, -4.15808391571, 50.1026725769, 16.4724674225, 13.9501714706], [120.441177368, -103.362739563, 229.734375, 67.547416687, 17.0436687469, 213.869369507, 13.3261842728, 36.2635040283, -2.94568681717, 57.6400375366, -23.1756019592, 26.0687637329, -15.0673389435], [-183.600296021, 216.873519897, -66.2088546753, 70.4725799561, 96.8889160156, 13.3261842728, 165.08404541, 12.6082038879, 54.2776145935, -39.4069519043, 42.494846344, -26.8350811005, 39.0009231567], [195.064666748, -121.930908203, 78.016784668, 8.35263729095, 31.3446235657, 36.2635040283, 12.6082038879, 141.493881226, 9.21246623993, 51.3705787659, -19.370054245, 35.5037155151, -23.3596096039], [-178.172317505, 173.385574341, -17.1112174988, 68.9247360229, 44.6767692566, -2.94568681717, 54.2776145935, 9.21246623993, 129.560516357, 4.74750900269, 36.672958374, -34.106803894, 39.1240005493], [160.446136475, -148.879364014, 176.001327515, 23.5106773376, -4.15808391571, 57.6400375366, -39.4069519043, 51.3705787659, 4.74750900269, 141.58102417, -6.31170463562, 37.984172821, -31.9936904907], [-118.162078857, 134.558929443, -86.5724334717, 20.4331302643, 50.1026725769, -23.1756019592, 42.494846344, -19.370054245, 36.672958374, -6.31170463562, 88.8158569336, -2.83482217789, 26.9954681396], [150.979858398, -137.460327148, 44.2967567444, -31.0493202209, 16.4724674225, 26.0687637329, -26.8350811005, 35.5037155151, -34.106803894, 37.984172821, -2.83482217789, 86.6413574219, -11.3214759827], [-198.009735107, 117.317855835, -50.1229057312, 37.5221710205, 13.9501714706, -15.0673389435, 39.0009231567, -23.3596096039, 39.1240005493, -31.9936904907, 26.9954681396, -11.3214759827, 90.1835098267]],
        "icov": [[0.0015980276512, -0.000395694660256, 0.000584534660447, -0.00146572804078, 0.00101483776234, -0.000469507998787, 0.00110599328764, -0.00192609441001, 0.00144071050454, -0.000369864603272, 0.000518637127243, -0.00207388750277, 0.00257368548773], [-0.000395694660256, 0.00956954620779, -0.00692897476256, 0.0060471445322, -0.00728798145428, 0.0056825671345, -0.00625173840672, 0.0063246442005, -0.00690623372793, 0.00795713718981, -0.00834461767226, 0.00976275466383, -0.00372356851585], [0.000584534660447, -0.00692897476256, 0.0107612470165, -0.00784487649798, 0.00579784112051, -0.00769349886104, 0.0060724420473, -0.00494623370469, 0.00582549581304, -0.0101605467498, 0.00990360137075, -0.00768992537633, 0.0033908598125], [-0.00146572804078, 0.0060471445322, -0.00784487649798, 0.0117980344221, -0.00649386830628, 0.00429160567001, -0.00620500091463, 0.0055317687802, -0.00662041641772, 0.00601233914495, -0.00717706000432, 0.0098647037521, -0.0061239884235], [0.00101483776234, -0.00728798145428, 0.00579784112051, -0.00649386830628, 0.0118989963084, -0.00450342847034, 0.00239395559765, -0.00615690369159, 0.00492004444823, -0.00562521675602, 0.00471045309678, -0.0109909251332, 0.00549027277157], [-0.000469507998787, 0.0056825671345, -0.00769349886104, 0.00429160567001, -0.00450342847034, 0.011874361895, -0.00628471141681, 0.004209687002, -0.00431515229866, 0.0053664338775, -0.00521236471832, 0.00442008348182, -0.00210492615588], [0.00110599328764, -0.00625173840672, 0.0060724420473, -0.00620500091463, 0.00239395559765, -0.00628471141681, 0.0162543766201, -0.00771953351796, 0.00433665560558, -0.00287580816075, 0.00319847697392, -0.00424914713949, 0.00167607725598], [-0.00192609441001, 0.0063246442005, -0.00494623370469, 0.0055317687802, -0.00615690369159, 0.004209687002, -0.00771953351796, 0.0164413619787, -0.00811187084764, 0.00256070564501, -0.00188944651745, 0.00393837550655, -0.00276681780815], [0.00144071050454, -0.00690623372793, 0.00582549581304, -0.00662041641772, 0.00492004444823, -0.00431515229866, 0.00433665560558, -0.00811187084764, 0.0189646631479, -0.00883964356035, 0.00329034775496, -0.00233458867297, 3.97370422434e-05], [-0.000369864603272, 0.00795713718981, -0.0101605467498, 0.00601233914495, -0.00562521675602, 0.0053664338775, -0.00287580816075, 0.00256070564501, -0.00883964356035, 0.0219507813454, -0.0120184095576, 0.00465836375952, 0.000166266647284], [0.000518637127243, -0.00834461767226, 0.00990360137075, -0.00717706000432, 0.00471045309678, -0.00521236471832, 0.00319847697392, -0.00188944651745, 0.00329034775496, -0.0120184095576, 0.0267931483686, -0.0116596724838, 0.0018372812774], [-0.00207388750277, 0.00976275466383, -0.00768992537633, 0.0098647037521, -0.0109909251332, 0.00442008348182, -0.00424914713949, 0.00393837550655, -0.00233458867297, 0.00465836375952, -0.0116596724838, 0.0312584191561, -0.0102558843791], [0.00257368548773, -0.00372356851585, 0.0033908598125, -0.0061239884235, 0.00549027277157, -0.00210492615588, 0.00167607725598, -0.00276681780815, 3.97370422434e-05, 0.000166266647284, 0.0018372812774, -0.0102558843791, 0.0215776637197]]
    },
    "melbands": {
        "dmean": [0.000528466654941, 0.000822630478069, 0.00057776022004, 0.000237985062995, 0.000189138299902, 9.72182751866e-05, 5.10091849719e-05, 7.71967752371e-05, 4.10876164096e-05, 8.90949813765e-05, 8.60766594997e-05, 3.22350642818e-05, 0.000121135126392, 7.65863296692e-05, 6.4741980168e-05, 5.21462279721e-05, 4.25031976192e-05, 2.11378646782e-05, 2.80315289274e-05, 0.000113584195788, 4.04261190852e-05, 4.75310662296e-05, 4.19576354034e-05, 1.92783936654e-05, 1.81264731509e-05, 7.44572798794e-06, 5.70260863242e-06, 3.21191737385e-06, 2.45992873715e-06, 1.62886567523e-06, 1.40352130984e-06, 1.2448393818e-06, 9.42528288306e-07, 8.98632038115e-07, 7.95398023001e-07, 6.12639041719e-07, 5.41994438663e-07, 4.56402432292e-07, 3.64688816035e-07, 3.05639900944e-07],
        "dmean2": [0.000830389501061, 0.00143185292836, 0.000957157695666, 0.000403969577746, 0.000301528925775, 0.000160766634508, 8.59050560393e-05, 0.000114872105769, 6.57052660245e-05, 0.00014321092749, 0.000127457547933, 5.20604553458e-05, 0.000189855170902, 0.000122543104226, 9.18646692298e-05, 7.9397992522e-05, 6.56603078824e-05, 3.27053057845e-05, 4.31885309808e-05, 0.000182665913599, 6.34398384136e-05, 6.97680006851e-05, 6.39627178316e-05, 2.9968601666e-05, 2.77471972367e-05, 1.22746378111e-05, 9.17939996725e-06, 5.078909453e-06, 3.88075386581e-06, 2.62529442807e-06, 2.30748173635e-06, 1.97463896257e-06, 1.47572905007e-06, 1.43019190091e-06, 1.25118845062e-06, 9.41151427014e-07, 8.20039247174e-07, 7.05776869836e-07, 5.73345971588e-07, 4.65882067147e-07],
        "dvar": [9.98987275125e-07, 3.37353139912e-06, 1.54172721523e-06, 2.74457107707e-07, 7.82806850452e-08, 4.5684924288e-08, 1.28915793596e-08, 1.41682532373e-08, 5.0351482983e-09, 2.50966873949e-08, 1.65232272309e-08, 2.89869706016e-09, 2.84855090626e-08, 1.01026502719e-08, 1.26146044721e-08, 7.19949611039e-09, 3.41806472015e-09, 7.78747122343e-10, 1.59125657095e-09, 2.16522551e-08, 2.87528134635e-09, 6.2092935238e-09, 5.10312503366e-09, 9.1928831214e-10, 1.12689269027e-09, 2.15998635644e-10, 1.12646628136e-10, 2.73849415366e-11, 2.1328024416e-11, 9.11100275086e-12, 1.08065336193e-11, 6.24171461044e-12, 2.91745273773e-12, 3.91195712976e-12, 3.11296062712e-12, 1.50721058897e-12, 1.00929551175e-12, 7.15871426808e-13, 4.51400906671e-13, 2.97954938716e-13],
        "dvar2": [2.31438752962e-06, 9.51224683376e-06, 3.88715989175e-06, 7.63211915e-07, 2.03917082331e-07, 1.12886375803e-07, 3.35210792457e-08, 2.99551139449e-08, 1.25687815711e-08, 6.56565859458e-08, 3.89807048862e-08, 6.98886459816e-09, 6.82810892272e-08, 2.45226789986e-08, 2.44852991216e-08, 1.66374718447e-08, 7.33755189941e-09, 1.98850225175e-09, 3.56579699101e-09, 5.53485755006e-08, 6.45933573296e-09, 1.20401102421e-08, 1.16163025865e-08, 2.15897477673e-09, 2.45667397536e-09, 6.16224904437e-10, 2.48069953468e-10, 6.69006725018e-11, 5.42556659322e-11, 2.30402710799e-11, 2.83249847188e-11, 1.54405099817e-11, 6.57247780506e-12, 9.87920596024e-12, 7.98081999792e-12, 3.63234832837e-12, 2.39132802102e-12, 1.73230841564e-12, 1.08780421736e-12, 6.82014937147e-13],
        "max": [0.0108809852973, 0.0165352709591, 0.0106702502817, 0.00512585602701, 0.00388779514469, 0.00287237181328, 0.00112656434067, 0.00173423648812, 0.00126400799491, 0.00300881545991, 0.00157588929869, 0.000827338604722, 0.00231124600396, 0.00117919128388, 0.00135756493546, 0.00120663712732, 0.000758981099352, 0.000346799904946, 0.000541423622053, 0.00181040237658, 0.000837108993437, 0.00115225592162, 0.00122793845367, 0.000550708151422, 0.000469365040772, 0.00018916054978, 0.000147460916196, 4.98404588143e-05, 4.64318763989e-05, 3.20852850564e-05, 4.56082052551e-05, 2.8883021514e-05, 1.67256112036e-05, 2.14433039218e-05, 1.81988070835e-05, 1.27096909637e-05, 9.63931506703e-06, 7.22332924852e-06, 5.643500117e-06, 4.35599895354e-06],
        "mean": [0.00122055201791, 0.00145061768126, 0.000708296778612, 0.00038042885717, 0.000410813227063, 0.000152121312567, 6.21136423433e-05, 0.000169444057974, 7.77571331128e-05, 0.000197680070414, 0.000188051461009, 7.22386976122e-05, 0.000240762426984, 0.00016426233924, 0.000150981897605, 0.000111948364065, 8.30833741929e-05, 4.98086410516e-05, 5.79141051276e-05, 0.000213168823393, 8.62128435983e-05, 0.000110888577183, 8.2684251538e-05, 3.60159901902e-05, 2.99977691611e-05, 1.22354740597e-05, 9.79259493761e-06, 5.14369685334e-06, 3.7799270558e-06, 2.28704789151e-06, 1.6467279238e-06, 1.47999730871e-06, 1.18576622299e-06, 9.72578391156e-07, 8.33558488011e-07, 6.60363184579e-07, 5.75583783302e-07, 4.55027247881e-07, 3.69913237819e-07, 3.19629492651e-07],
        "median": [0.00102572434116, 0.00116422527935, 0.00028187801945, 0.000268949370366, 0.000287042319542, 5.91079988226e-05, 2.30657078646e-05, 0.000104066995846, 4.51543783129e-05, 9.58535674727e-05, 0.000108452972199, 3.86660176446e-05, 0.000151394910063, 0.000112957073725, 5.53327408852e-05, 4.42027048848e-05, 5.74827499804e-05, 3.9028484025e-05, 3.32856652676e-05, 0.000162280935911, 5.7493642089e-05, 4.20470678364e-05, 4.06836807088e-05, 1.98273046408e-05, 1.45138374137e-05, 5.67541928831e-06, 4.99773068441e-06, 3.19148216477e-06, 2.05088758776e-06, 1.2832763332e-06, 7.23303742234e-07, 6.82935080931e-07, 4.87819988848e-07, 3.43974022599e-07, 2.76943666222e-07, 2.17541312963e-07, 1.76570310373e-07, 1.19741557114e-07, 9.20445586416e-08, 6.53390159755e-08],
        "min": [8.1650574657e-07, 4.01271699957e-06, 2.19094590648e-06, 4.58463637187e-06, 4.22876064476e-06, 1.55363693466e-06, 3.96653831558e-07, 1.32659522478e-06, 2.91755645776e-06, 4.15732074543e-06, 1.65889662185e-06, 7.07801632416e-07, 4.77384105579e-07, 9.03163595467e-07, 6.45124316634e-07, 1.32649427087e-06, 2.57322085417e-06, 2.1450746317e-06, 1.02311275896e-06, 1.9647877707e-06, 1.95342636289e-06, 7.73932526954e-07, 9.07032756459e-07, 3.44614790038e-07, 1.44938567814e-07, 1.21040613976e-07, 1.97097207888e-07, 1.22896381072e-07, 1.29745629351e-07, 5.60525030835e-08, 3.35768959303e-08, 1.58899116087e-08, 1.82772854629e-08, 9.56137835573e-09, 1.08144737609e-08, 9.98656890516e-09, 4.20165990889e-09, 6.33798624694e-10, 2.66550670425e-12, 1.10836914733e-12],
