{
"highlevel": {
    "danceability": {
        "all": {
            "danceable": 0.996844828129,
            "not_danceable": 0.00315517466515
        },
        "probability": 0.996844828129,
        "value": "danceable"
    },
    "gender": {
        "all": {
            "female": 0.538789987564,
            "male": 0.461210012436
        },
        "probability": 0.538789987564,
        "value": "female"
    },
    "genre_dortmund": {
        "all": {
            "alternative": 0.00130902579986,
            "blues": 0.00827531609684,
            "electronic": 0.0278735477477,
            "folkcountry": 0.00358764152043,
            "funksoulrnb": 0.0032393252477,
            "jazz": 0.0268831979483,
            "pop": 0.00224848068319,
            "raphiphop": 0.92353540659,
            "rock": 0.00304803694598
        },
        "probability": 0.92353540659,
        "value": "raphiphop"
    },
    "genre_electronic": {
        "all": {
            "ambient": 0.394394636154,
            "dnb": 0.0608345642686,
            "house": 0.442945837975,
            "techno": 0.075177103281,
            "trance": 0.0266478322446
        },
        "probability": 0.442945837975,
        "value": "house"
    },
    "genre_rosamerica": {
        "all": {
            "cla": 0.00154600816313,
            "dan": 0.0100457416847,
            "hip": 0.946661174297,
            "jaz": 0.00170315301511,
            "pop": 0.00228962372057,
            "rhy": 0.0263733360916,
            "roc": 0.000350896822056,
            "spe": 0.0110300602391
        },
        "probability": 0.946661174297,
        "value": "hip"
    },
    "genre_tzanetakis": {
        "all": {
            "blu": 0.0455724000931,
            "cla": 0.0637885853648,
            "cou": 0.0637773871422,
            "dis": 0.0531442239881,
            "hip": 0.0455523431301,
            "jaz": 0.159437030554,
            "met": 0.0637808963656,
            "pop": 0.106303006411,
            "reg": 0.0797289311886,
            "roc": 0.318915188313
        },
        "probability": 0.318915188313,
        "value": "roc"
    },
    "ismir04_rhythm": {
        "all": {
            "ChaChaCha": 0.0851693749428,
            "Jive": 0.0724231377244,
            "Quickstep": 0.0270035881549,
            "Rumba-American": 0.0506878271699,
            "Rumba-International": 0.376569420099,
            "Rumba-Misc": 0.0321927852929,
            "Samba": 0.140994027257,
            "Tango": 0.174700036645,
            "VienneseWaltz": 0.0217698346823,
            "Waltz": 0.0184899866581
        },
        "probability": 0.376569420099,
        "value": "Rumba-International"
    },
    "mood_acoustic": {
        "all": {
            "acoustic": 0.0525173470378,
            "not_acoustic": 0.947482645512
        },
        "probability": 0.947482645512,
        "value": "not_acoustic"
    },
    "mood_aggressive": {
        "all": {
            "aggressive": 0.0161291360855,
            "not_aggressive": 0.983870863914
        },
        "probability": 0.983870863914,
        "value": "not_aggressive"
    },
    "mood_electronic": {
        "all": {
            "electronic": 0.891840994358,
            "not_electronic": 0.108159005642
        },
        "probability": 0.891840994358,
        "value": "electronic"
    },
    "mood_happy": {
        "all": {
            "happy": 0.387261897326,
            "not_happy": 0.612738072872
        },
        "probability": 0.612738072872,
        "value": "not_happy"
    },
    "mood_party": {
        "all": {
            "not_party": 0.512700736523,
            "party": 0.487299233675
        },
        "probability": 0.512700736523,
        "value": "not_party"
    },
    "mood_relaxed": {
        "all": {
            "not_relaxed": 0.0357577949762,
            "relaxed": 0.964242219925
        },
        "probability": 0.964242219925,
        "value": "relaxed"
    },
    "mood_sad": {
        "all": {
            "not_sad": 0.723550736904,
            "sad": 0.276449263096
        },
        "probability": 0.723550736904,
        "value": "not_sad"
    },
    "moods_mirex": {
        "all": {
            "Cluster1": 0.270548313856,
            "Cluster2": 0.268884599209,
            "Cluster3": 0.161619126797,
            "Cluster4": 0.124150961637,
            "Cluster5": 0.174797028303
        },
        "probability": 0.270548313856,
        "value": "Cluster1"
    },
    "timbre": {
        "all": {
            "bright": 0.0686319693923,
            "dark": 0.931368052959
        },
        "probability": 0.931368052959,
        "value": "dark"
    },
    "tonal_atonal": {
        "all": {
            "atonal": 0.814303994179,
            "tonal": 0.185696005821
        },
        "probability": 0.814303994179,
        "value": "atonal"
    },
    "voice_instrumental": {
        "all": {
            "instrumental": 0.0117244916037,
            "voice": 0.988275527954
        },
        "probability": 0.988275527954,
        "value": "voice"
    }
},
"lowlevel": {
    "average_loudness": 0.941833138466,
    "barkbands_crest": {
        "dmean": 3.84829187393,
        "dmean2": 6.45495700836,
        "dvar": 14.3830833435,
        "dvar2": 28.7744483948,
        "max": 26.5485439301,
        "mean": 15.5982484818,
        "median": 14.8346424103,
        "min": 3.59488773346,
        "var": 42.1053886414
    },
    "barkbands_flatness_db": {
        "dmean": 0.0722598880529,
        "dmean2": 0.105835445225,
        "dvar": 0.0054185683839,
        "dvar2": 0.0109514947981,
        "max": 0.630579590797,
        "mean": 0.286697477102,
        "median": 0.261958867311,
        "min": 0.0669306442142,
        "var": 0.0143200559542
    },
    "barkbands_kurtosis": {
        "dmean": 82.3788909912,
        "dmean2": 131.391693115,
        "dvar": 39321.2460938,
        "dvar2": 80163.78125,
        "max": 1511.31848145,
        "mean": 103.6746521,
        "median": 10.2808847427,
        "min": -1.91907894611,
        "var": 61213.59375
    },
    "barkbands_skewness": {
        "dmean": 2.66889667511,
        "dmean2": 4.28426551819,
        "dvar": 15.293138504,
        "dvar2": 34.7421379089,
        "max": 29.8936252594,
        "mean": 4.7210559845,
        "median": 2.67520618439,
        "min": -3.52018618584,
        "var": 36.6203308105
    },
    "barkbands_spread": {
        "dmean": 8.56857299805,
        "dmean2": 13.8747749329,
        "dvar": 226.831970215,
        "dvar2": 462.93460083,
        "max": 131.571380615,
        "mean": 13.3905496597,
        "median": 8.03712844849,
        "min": 0.0772832781076,
        "var": 342.168823242
    },
    "dissonance": {
        "dmean": 0.0372960306704,
        "dmean2": 0.0573156327009,
        "dvar": 0.00130696664564,
        "dvar2": 0.00288157048635,
        "max": 0.500000119209,
        "mean": 0.428424268961,
        "median": 0.436902582645,
        "min": 0.21885535121,
        "var": 0.00330582051538
    },
    "dynamic_complexity": 5.52462673187,
    "erbbands_crest": {
        "dmean": 4.20218229294,
        "dmean2": 6.70788526535,
        "dvar": 13.6973142624,
        "dvar2": 29.330696106,
        "max": 29.4528179169,
        "mean": 11.6716766357,
        "median": 10.9680070877,
        "min": 2.79216146469,
        "var": 31.8772392273
    },
    "erbbands_flatness_db": {
        "dmean": 0.0373588018119,
        "dmean2": 0.0543831214309,
        "dvar": 0.00128824147396,
        "dvar2": 0.00195419671945,
        "max": 0.36726295948,
        "mean": 0.185464262962,
        "median": 0.188239887357,
        "min": 0.0476126484573,
        "var": 0.0052283606492
    },
    "erbbands_kurtosis": {
        "dmean": 3.94854903221,
        "dmean2": 5.95921564102,
        "dvar": 50.9817581177,
        "dvar2": 105.428482056,
        "max": 86.8604202271,
        "mean": 4.02027463913,
        "median": 1.03005504608,
        "min": -1.82602584362,
        "var": 77.6776809692
    },
    "erbbands_skewness": {
        "dmean": 0.907325387001,
        "dmean2": 1.39580285549,
        "dvar": 1.11326932907,
        "dvar2": 2.48861312866,
        "max": 8.37725925446,
        "mean": 0.753288269043,
        "median": 0.672709882259,
        "min": -3.57805418968,
        "var": 2.74594807625
    },
    "erbbands_spread": {
        "dmean": 18.4558296204,
        "dmean2": 27.0312461853,
        "dvar": 524.443908691,
        "dvar2": 1123.65380859,
        "max": 180.559234619,
        "mean": 40.4334144592,
        "median": 31.2909946442,
        "min": 2.83164477348,
        "var": 1051.30102539
    },
    "hfc": {
        "dmean": 10.1113548279,
        "dmean2": 15.602555275,
        "dvar": 205.199981689,
        "dvar2": 432.19921875,
        "max": 134.94519043,
        "mean": 12.2148017883,
        "median": 5.22987174988,
        "min": 0.0241033434868,
        "var": 266.286376953
    },
    "melbands_crest": {
        "dmean": 4.43527555466,
        "dmean2": 6.26169872284,
        "dvar": 17.327501297,
        "dvar2": 35.6175270081,
        "max": 36.3234138489,
        "mean": 22.5946884155,
        "median": 23.2168807983,
        "min": 4.59723806381,
        "var": 71.1147842407
    },
    "melbands_flatness_db": {
        "dmean": 0.0822023302317,
        "dmean2": 0.119234293699,
        "dvar": 0.00757785700262,
        "dvar2": 0.0143880331889,
        "max": 0.790403187275,
        "mean": 0.360106110573,
        "median": 0.327617019415,
        "min": 0.0549109317362,
        "var": 0.0232095066458
    },
    "melbands_kurtosis": {
        "dmean": 80.9936752319,
        "dmean2": 136.12928772,
        "dvar": 17583.9882812,
        "dvar2": 44055.6640625,
        "max": 1137.66882324,
        "mean": 107.398193359,
        "median": 21.7662315369,
        "min": -1.82499146461,
        "var": 32990.1992188
    },
    "melbands_skewness": {
        "dmean": 2.44029545784,
        "dmean2": 3.74949622154,
        "dvar": 7.69520235062,
        "dvar2": 16.7772636414,
        "max": 22.9263458252,
        "mean": 5.31694221497,
        "median": 3.56401205063,
        "min": -2.31510806084,
        "var": 22.825504303
    },
    "melbands_spread": {
        "dmean": 6.38592433929,
        "dmean2": 10.0330448151,
        "dvar": 97.4316177368,
        "dvar2": 224.009033203,
        "max": 131.191482544,
        "mean": 14.1578826904,
        "median": 6.37144947052,
        "min": 0.137353166938,
        "var": 451.730194092
    },
    "pitch_salience": {
        "dmean": 0.113462157547,
        "dmean2": 0.182468637824,
        "dvar": 0.017777543515,
        "dvar2": 0.042848855257,
        "max": 0.838015556335,
        "mean": 0.386662632227,
        "median": 0.412356138229,
        "min": 0.0338150039315,
        "var": 0.0449788980186
    },
    "silence_rate_20dB": {
        "dmean": 0,
        "dmean2": 0,
        "dvar": 0,
        "dvar2": 0,
        "max": 1,
        "mean": 1,
        "median": 1,
        "min": 1,
        "var": 0
    },
    "silence_rate_30dB": {
        "dmean": 0.102167181671,
        "dmean2": 0.204492643476,
        "dvar": 0.0917284116149,
        "dvar2": 0.179719522595,
        "max": 1,
        "mean": 0.797370433807,
        "median": 1,
        "min": 0,
        "var": 0.161572903395
    },
    "silence_rate_60dB": {
        "dmean": 0.0634674951434,
        "dmean2": 0.127033308148,
        "dvar": 0.0594395324588,
        "dvar2": 0.146529063582,
        "max": 1,
        "mean": 0.194122195244,
        "median": 0,
        "min": 0,
        "var": 0.156438529491
    },
    "spectral_centroid": {
        "dmean": 368.297332764,
        "dmean2": 592.780822754,
        "dvar": 305335.875,
        "dvar2": 710022.875,
        "max": 3535.83300781,
        "mean": 979.882324219,
        "median": 724.628601074,
        "min": 77.3663787842,
        "var": 701141.8125
    },
    "spectral_complexity": {
        "dmean": 3.66099071503,
        "dmean2": 5.55073595047,
        "dvar": 17.5506877899,
        "dvar2": 38.8476219177,
        "max": 28,
        "mean": 6.59474086761,
        "median": 5,
        "min": 0,
        "var": 33.2062301636
    },
    "spectral_decrease": {
        "dmean": 8.48452863522e-09,
        "dmean2": 1.39554181544e-08,
        "dvar": 1.58439445078e-16,
        "dvar2": 3.77299576698e-16,
        "max": -8.58914415286e-12,
        "mean": -1.5838240941e-08,
        "median": -7.50857065412e-09,
        "min": -8.31524786804e-08,
        "var": 3.53966254221e-16
    },
    "spectral_energy": {
        "dmean": 0.0324701592326,
        "dmean2": 0.0533194318414,
        "dvar": 0.00230042799376,
        "dvar2": 0.00543998600915,
        "max": 0.31632784009,
        "mean": 0.0608850941062,
        "median": 0.0286025684327,
        "min": 3.46035594703e-05,
        "var": 0.00514715770259
    },
    "spectral_energyband_high": {
        "dmean": 0.000558697793167,
        "dmean2": 0.000977528863586,
        "dvar": 1.13083422093e-06,
        "dvar2": 2.88832143269e-06,
        "max": 0.00663190474734,
        "mean": 0.000433591660112,
        "median": 2.2066742531e-05,
        "min": 5.91469735411e-08,
        "var": 9.15297164283e-07
    },
    "spectral_energyband_low": {
        "dmean": 0.0264802165329,
        "dmean2": 0.0440974086523,
        "dvar": 0.00203010695986,
        "dvar2": 0.00498546566814,
        "max": 0.308051884174,
        "mean": 0.0445953756571,
        "median": 0.0147510375828,
        "min": 4.12622227941e-07,
        "var": 0.00434075435624
    },
    "spectral_energyband_middle_high": {
        "dmean": 0.00169352057856,
        "dmean2": 0.0025994440075,
        "dvar": 1.07454252429e-05,
        "dvar2": 2.04249572562e-05,
        "max": 0.037469252944,
        "mean": 0.00172344432212,
        "median": 0.000293010700261,
        "min": 3.31901333084e-06,
        "var": 1.35419313665e-05
    },
    "spectral_energyband_middle_low": {
        "dmean": 0.00810338556767,
        "dmean2": 0.0109254056588,
        "dvar": 0.000221534864977,
        "dvar2": 0.000369471992599,
        "max": 0.123033754528,
        "mean": 0.0103964963928,
        "median": 0.00163615960628,
        "min": 6.37164339423e-06,
        "var": 0.000378714787075
    },
    "spectral_entropy": {
        "dmean": 0.605157971382,
        "dmean2": 0.858140289783,
        "dvar": 0.433656662703,
        "dvar2": 0.837548792362,
        "max": 8.72372913361,
        "mean": 6.89174032211,
        "median": 6.98739862442,
        "min": 4.47612333298,
        "var": 0.878698468208
    },
    "spectral_flux": {
        "dmean": 0.0587643831968,
        "dmean2": 0.0919466167688,
        "dvar": 0.00572197791189,
        "dvar2": 0.010330923833,
        "max": 0.513957798481,
        "mean": 0.120264858007,
        "median": 0.104675203562,
        "min": 0.00292675639503,
        "var": 0.0107061304152
    },
    "spectral_kurtosis": {
        "dmean": 7.36271572113,
        "dmean2": 11.437669754,
        "dvar": 87.7958450317,
        "dvar2": 173.961547852,
        "max": 79.1847000122,
        "mean": 10.7368936539,
        "median": 6.49150466919,
        "min": -1.13348090649,
        "var": 135.261764526
    },
    "spectral_rms": {
        "dmean": 0.00190516933799,
        "dmean2": 0.00299707357772,
        "dvar": 6.02331238042e-06,
        "dvar2": 1.21312423289e-05,
        "max": 0.0175673719496,
        "mean": 0.00617403676733,
        "median": 0.00528251333162,
        "min": 0.000183737778571,
        "var": 2.12813883991e-05
    },
    "spectral_rolloff": {
        "dmean": 505.397094727,
        "dmean2": 884.646484375,
        "dvar": 2973185.5,
        "dvar2": 7245279,
        "max": 14750.2441406,
        "mean": 863.342712402,
        "median": 215.33203125,
        "min": 21.533203125,
        "var": 3190382
    },
    "spectral_skewness": {
        "dmean": 0.785234332085,
        "dmean2": 1.1422046423,
        "dvar": 0.741313695908,
        "dvar2": 1.24764418602,
        "max": 7.26780033112,
        "mean": 2.15394687653,
        "median": 1.82566154003,
        "min": -0.0460988506675,
        "var": 1.69979405403
    },
    "spectral_spread": {
        "dmean": 1369004.375,
        "dmean2": 2067206.75,
        "dvar": 3.28700028518e+12,
        "dvar2": 7.29378455552e+12,
        "max": 19538258,
        "mean": 4356479.5,
        "median": 3661817.75,
        "min": 1039901.125,
        "var": 7.24871571046e+12
    },
    "spectral_strongpeak": {
        "dmean": 0.46128949523,
        "dmean2": 0.806276679039,
        "dvar": 0.920251071453,
        "dvar2": 2.08193683624,
        "max": 8.53088760376,
        "mean": 0.542423307896,
        "median": 0.233385831118,
        "min": 0,
        "var": 0.829346477985
    },
    "zerocrossingrate": {
        "dmean": 0.0117425592616,
        "dmean2": 0.0145221119747,
        "dvar": 0.000412266963394,
        "dvar2": 0.000583130400628,
        "max": 0.3037109375,
        "mean": 0.0324739143252,
        "median": 0.0185546875,
        "min": 0.001953125,
        "var": 0.00144875340629
    },
    "barkbands": {
        "dmean": [0.00996171031147, 0.0224560797215, 0.00332418177277, 0.000895703269634, 0.00261607510038, 0.00244487100281, 0.0017485426506, 0.000481938186567, 0.00123702397104, 0.000515313702635, 0.000364197272575, 6.38761193841e-05, 0.00029467252898, 9.62726917351e-05, 0.000181490846444, 0.000121397177281, 8.82719905348e-05, 6.46547123324e-05, 8.12334692455e-05, 6.08992704656e-05, 8.03655493655e-05, 0.000105848092062, 9.47062289924e-05, 7.24881319911e-05, 7.54650973249e-05, 0.000124538491946, 5.36645972105e-09],
        "dmean2": [0.0176446251571, 0.0377199910581, 0.00613508420065, 0.00115097756498, 0.00401478121057, 0.00354769057594, 0.0023994257208, 0.00073651393177, 0.00173122191336, 0.000771196966525, 0.000552438723389, 0.000111067492981, 0.000446108402684, 0.000160390656674, 0.00030301042716, 0.000209572477615, 0.000148641236592, 0.000106424071419, 0.000139648240292, 0.000103845428384, 0.000140621079481, 0.000190702965483, 0.000163380493177, 0.000126051629195, 0.000139589828905, 0.000224473449634, 7.95536170273e-09],
        "dvar": [0.00024846434826, 0.00177718780469, 0.000117308518384, 1.91206322597e-06, 2.969790512e-05, 7.42477204767e-05, 4.74334046885e-05, 1.19769156299e-05, 2.9906117561e-05, 3.26055919686e-06, 1.60588410836e-06, 1.89448723376e-08, 9.43080976867e-07, 1.08543972033e-07, 1.73825881689e-07, 6.24279934414e-08, 3.08140428729e-08, 1.83526864816e-08, 4.18787386991e-08, 1.21267573761e-08, 2.59620929199e-08, 5.24104919464e-08, 3.56668472534e-08, 2.24276135441e-08, 3.40911121555e-08, 1.2937216809e-07, 6.85712642538e-15],
        "dvar2": [0.000701896264218, 0.00439088512212, 0.00033630814869, 2.74908620668e-06, 6.45857944619e-05, 0.000130923232064, 8.71995434863e-05, 1.98634224944e-05, 5.6209781178e-05, 6.16305987933e-06, 2.99425960293e-06, 4.88074434202e-08, 1.97885538e-06, 2.46908541612e-07, 3.97461832335e-07, 1.5597561287e-07, 7.2397554618e-08, 3.79443818588e-08, 1.10083668403e-07, 2.69250861606e-08, 6.37180335161e-08, 1.39840622637e-07, 9.09504009883e-08, 5.85480535165e-08, 9.57394163947e-08, 3.54248072654e-07, 6.89931036022e-15],
        "max": [0.104551516473, 0.289202809334, 0.0728521794081, 0.0132513269782, 0.0811937078834, 0.0851470902562, 0.114138513803, 0.0859936848283, 0.122097335756, 0.023692926392, 0.0240738224238, 0.00131504342426, 0.0226641055197, 0.00700635369867, 0.00620654411614, 0.00302005908452, 0.00216403394006, 0.00290637416765, 0.00228431029245, 0.000806451018434, 0.00126317457762, 0.00185862218495, 0.00128284608945, 0.00107589911204, 0.0015564749483, 0.00294979126193, 2.97636370306e-06],
        "mean": [0.0093349153176, 0.0364210568368, 0.00259574200027, 0.001583328587, 0.0029628474731, 0.00248978147283, 0.00168609619141, 0.000499373825733, 0.00113292085007, 0.000470816710731, 0.000332618452376, 5.30769684701e-05, 0.000258467887761, 7.50335748307e-05, 0.000149786836118, 0.000119949749205, 0.000102207341115, 8.15348757897e-05, 7.22764161765e-05, 6.28916313872e-05, 6.85404593241e-05, 7.6893469668e-05, 7.21213000361e-05, 5.23344970134e-05, 4.97451364936e-05, 8.07860487839e-05, 4.81364903493e-09],
        "median": [0.00194332608953, 0.00812172330916, 0.000221065885853, 0.000223456707317, 0.000247465330176, 6.72537935316e-05, 4.4123706175e-05, 1.11502858999e-05, 3.29352151311e-05, 1.82542316907e-05, 1.12171983346e-05, 4.29997453466e-06, 1.94711537915e-05, 6.76605213812e-06, 1.6282308934e-05, 1.5450097635e-05, 1.18843381642e-05, 8.12977395981e-06, 7.00412920196e-06, 5.10639665663e-06, 4.2937026592e-06, 3.29437352775e-06, 2.94029996439e-06, 9.53481730903e-07, 4.04665286169e-07, 3.72851303609e-07, 5.45566980481e-10],
        "min": [4.99441599189e-10, 1.86370652244e-08, 4.74218921909e-08, 2.73971565434e-08, 5.77391801926e-07, 1.23514482198e-07, 2.21179632831e-07, 7.69215091623e-09, 9.01729890757e-08, 1.11352909116e-08, 2.06173123019e-08, 5.2728008626e-09, 6.7261154868e-08, 1.13612550479e-08, 1.97307045369e-07, 3.15346539992e-08, 1.68337699336e-08, 7.6917077152e-09, 5.74803245001e-08, 7.01970481742e-10, 8.48657233377e-09, 2.79302625472e-09, 7.94489807276e-09, 1.85492746163e-10, 3.44252751305e-11, 3.57129846529e-11, 4.69136431092e-11],
        "var": [0.000233347134781, 0.00360258482397, 7.09368832759e-05, 6.68755728839e-06, 4.05398750445e-05, 9.84084472293e-05, 6.04114793532e-05, 1.72673790075e-05, 3.74680821551e-05, 3.96552968596e-06, 1.95122970581e-06, 1.63006159681e-08, 9.94273023025e-07, 1.0494189695e-07, 1.64825294746e-07, 6.22120239768e-08, 4.31410107637e-08, 3.8729876195e-08, 3.37532917172e-08, 1.51737520326e-08, 2.34682175915e-08, 3.9668080376e-08, 2.87734476245e-08, 1.67311071664e-08, 2.17054498819e-08, 9.04677577296e-08, 6.85443159006e-15]
    },
    "erbbands": {
        "dmean": [0.832241773605, 4.95745706558, 4.77946901321, 2.58116483688, 4.93038892746, 10.3749771118, 12.3509674072, 22.5490150452, 27.1670246124, 15.8427267075, 10.0706682205, 33.3167037964, 8.90918827057, 18.6749591827, 15.7980966568, 4.34708499908, 14.2044792175, 5.16472578049, 9.58500957489, 6.60413217545, 6.23571825027, 4.5895447731, 3.88911962509, 4.18289804459, 3.75063824654, 3.17898154259, 3.12059664726, 3.50948905945, 3.7572081089, 3.23405122757, 2.72255396843, 1.80148744583, 1.09888005257, 0.796796023846, 0.577963232994, 0.404933959246, 0.292235374451, 0.0254596918821, 0.000446941587143, 5.16088803124e-05],
        "dmean2": [1.2347587347, 8.53209590912, 8.68768119812, 4.00480127335, 7.30624961853, 15.7786874771, 17.8091545105, 32.8130073547, 36.9745178223, 22.7551441193, 14.6312484741, 46.3816146851, 13.6456327438, 27.4190578461, 24.0331039429, 6.80102396011, 21.4677066803, 8.38540840149, 15.8274497986, 11.2090482712, 10.6952095032, 7.72098445892, 6.48225545883, 6.70036029816, 6.83904886246, 5.56397485733, 5.11735391617, 6.33251333237, 6.66250514984, 5.85766267776, 4.64745950699, 3.0387198925, 1.93794512749, 1.47071802616, 1.08222985268, 0.749330163002, 0.528455257416, 0.0458815842867, 0.000803718809038, 8.76471676747e-05],
        "dvar": [1.84393894672, 113.228179932, 232.585739136, 26.8510875702, 66.4477539062, 592.646362305, 1361.08361816, 6160.62109375, 11487.1582031, 5675.55859375, 1293.53613281, 21560.0644531, 413.822906494, 4017.37036133, 3347.61889648, 93.1355667114, 2206.02856445, 287.567352295, 459.923370361, 393.728149414, 165.249099731, 71.3039703369, 76.8777084351, 98.7495498657, 72.6067886353, 33.273525238, 33.7266960144, 53.5674324036, 71.5563964844, 40.3148956299, 32.4405975342, 14.3146858215, 5.2278547287, 3.32550001144, 2.4813580513, 1.08781981468, 0.855568408966, 0.00747612444684, 2.09077188629e-06, 5.87034509891e-09],
        "dvar2": [3.05385780334, 324.010650635, 654.95123291, 70.0005111694, 147.134628296, 1293.86816406, 2253.49145508, 11168.9755859, 21418.7851562, 9541.02539062, 2261.39575195, 40599.6484375, 839.207580566, 7531.63916016, 6078.67529297, 187.866134644, 4616.57470703, 641.627441406, 1062.84289551, 888.382385254, 406.991668701, 171.006958008, 161.394577026, 232.186706543, 203.480682373, 76.8738250732, 71.5459365845, 139.387054443, 189.079452515, 111.256607056, 84.2117385864, 36.9423217773, 13.8435544968, 9.18144035339, 7.06783342361, 3.02827143669, 2.36649131775, 0.0195124503225, 5.49241758563e-06, 1.43612677306e-08],
        "max": [10.3277463913, 69.8289337158, 108.465034485, 40.4086036682, 73.8137588501, 375.956878662, 392.11706543, 984.153503418, 1780.01464844, 1722.32080078, 623.744384766, 3255.83129883, 276.043518066, 844.740539551, 1165.63024902, 164.906890869, 1097.83605957, 382.841674805, 221.465560913, 458.466186523, 141.924118042, 86.0033035278, 183.964141846, 113.689857483, 80.2483673096, 42.2561569214, 44.3861656189, 62.5880584717, 80.3644943237, 46.4528579712, 40.344329834, 31.3258419037, 16.1684551239, 14.0138521194, 12.9922218323, 9.26051139832, 8.10108470917, 0.674442350864, 0.0113966884091, 0.000561650667805],
        "mean": [1.58429455757, 6.08740997314, 4.14577102661, 3.95179605484, 7.88018655777, 10.9720954895, 13.7706985474, 22.4204387665, 26.3796005249, 16.168390274, 10.1779718399, 30.6681041718, 8.07839298248, 17.4461917877, 14.8037014008, 4.02134895325, 12.4370079041, 4.40076398849, 7.77965354919, 6.02295637131, 6.54686689377, 5.45996952057, 4.93286275864, 4.2295384407, 3.1764895916, 3.17243647575, 2.91814994812, 2.79432940483, 2.75657510757, 2.2381978035, 2.00856256485, 1.32462394238, 0.794453918934, 0.542679667473, 0.359499722719, 0.250547766685, 0.189751446247, 0.0173072908074, 0.000326964975102, 7.9875542724e-05],
        "median": [0.355984210968, 1.41507768631, 0.765029132366, 0.623556256294, 0.710750341415, 0.86532664299, 0.797295212746, 0.651308834553, 0.747946083546, 0.663565814495, 0.429636418819, 0.991453170776, 0.529220640659, 0.859439373016, 0.716755867004, 0.389727473259, 0.916397631168, 0.51958912611, 0.919856190681, 0.82046931982, 0.884801149368, 0.66583353281, 0.556148886681, 0.419463485479, 0.359181106091, 0.261249125004, 0.185212045908, 0.18816241622, 0.115182295442, 0.0862415879965, 0.0964364558458, 0.0247295163572, 0.0166720412672, 0.00575192365795, 0.00267828931101, 0.000897316029295, 0.00118862558156, 4.96517095598e-05, 3.28509813698e-05, 4.83078329125e-05],
        "min": [1.23659947349e-06, 6.51727168588e-06, 7.77405875851e-05, 0.000236362058786, 0.000531967089046, 0.000915473268833, 0.00217817188241, 0.00285425665788, 0.00268930732273, 0.0031892824918, 0.00189954624511, 0.00248425221071, 0.00154606602155, 0.00160095992032, 0.00191063515376, 0.00141401134897, 0.0036989080254, 0.00377457099967, 0.0103119267151, 0.0025132317096, 0.00138412031811, 0.0011506958399, 0.0011757145403, 0.0046704900451, 0.00251352903433, 0.00135910056997, 0.000771747261751, 0.000170259547303, 8.34492311697e-05, 0.000181041119504, 0.00017081083206, 6.18910053163e-05, 6.83508642396e-06, 1.41281611832e-06, 1.13138912639e-06, 5.27014947238e-07, 2.83105464405e-07, 1.00824443905e-07, 3.36270460366e-08, 4.17350562998e-08],
        "var": [6.46920776367, 128.55607605, 149.298614502, 43.801235199, 138.840377808, 741.299072266, 2052.28344727, 7886.0078125, 14372.7890625, 7995.29101562, 1848.21020508, 26926.9921875, 480.071289062, 4952.40332031, 4176.47216797, 108.107803345, 2334.62963867, 282.857299805, 432.503723145, 380.096130371, 180.902145386, 116.247268677, 147.319503784, 100.20500946, 52.325012207, 38.7815475464, 38.8689041138, 44.0066719055, 53.0416984558, 30.8898334503, 24.570318222, 10.9195709229, 3.81896710396, 2.26971673965, 1.47425472736, 0.697050392628, 0.591316401958, 0.00562794692814, 1.56694181896e-06, 8.60345128473e-09]
    },
    "gfcc": {
        "mean": [-112.479469299, 113.361091614, -85.4922027588, 45.5310707092, -38.941280365, 17.3214855194, -23.3036346436, 6.89025735855, -9.4565782547, 1.67197871208, -7.62933731079, 3.46016526222, -3.72734451294],
        "cov": [[12715.4023438, -1520.11181641, 980.700378418, 24.3081493378, -976.82824707, 923.428710938, -33.8106079102, 250.783065796, -511.775238037, 444.631866455, -341.187194824, 185.007125854, -129.837265015], [-1520.11181641, 2055.88476562, -385.490264893, -466.505310059, 268.27734375, -372.158782959, 105.213432312, -313.844268799, 195.155944824, -358.387969971, 185.80065918, -184.868560791, 126.40511322], [980.700378418, -385.490264893, 3764.5769043, -102.5154953, 87.1188049316, 1094.14404297, 485.922210693, 236.782699585, -290.095001221, 293.329498291, -70.2406234741, 325.785736084, -61.6169509888], [24.3081493378, -466.505310059, -102.5154953, 794.166809082, 202.209899902, 71.6360549927, 96.5714645386, 2.60815834999, 85.427192688, -3.30871272087, 62.3689727783, -122.586204529, -3.34364008904], [-976.82824707, 268.27734375, 87.1188049316, 202.209899902, 423.113006592, -33.2129364014, 124.749725342, -57.2470970154, 76.8693618774, -57.8587532043, 44.7743530273, -74.5914306641, -10.7420873642], [923.428710938, -372.158782959, 1094.14404297, 71.6360549927, -33.2129364014, 616.784667969, 260.129821777, 164.746429443, -55.0845909119, 163.468048096, 23.2935619354, 90.063117981, -1.96606957912], [-33.8106079102, 105.213432312, 485.922210693, 96.5714645386, 124.749725342, 260.129821777, 340.05090332, 63.3296432495, 103.036331177, 24.9781208038, 94.2073974609, -1.48314034939, 36.5631828308], [250.783065796, -313.844268799, 236.782699585, 2.60815834999, -57.2470970154, 164.746429443, 63.3296432495, 190.398376465, -9.02755832672, 106.169746399, -31.4893512726, 43.4675369263, -15.596031189], [-511.775238037, 195.155944824, -290.095001221, 85.427192688, 76.8693618774, -55.0845909119, 103.036331177, -9.02755832672, 216.381729126, -7.76731061935, 129.428482056, -68.2950973511, 41.5960578918], [444.631866455, -358.387969971, 293.329498291, -3.30871272087, -57.8587532043, 163.468048096, 24.9781208038, 106.169746399, -7.76731061935, 191.325942993, 12.9368238449, 86.8495864868, -28.4473075867], [-341.187194824, 185.80065918, -70.2406234741, 62.3689727783, 44.7743530273, 23.2935619354, 94.2073974609, -31.4893512726, 129.428482056, 12.9368238449, 186.639328003, -19.9832172394, 54.125038147], [185.007125854, -184.868560791, 325.785736084, -122.586204529, -74.5914306641, 90.063117981, -1.48314034939, 43.4675369263, -68.2950973511, 86.8495864868, -19.9832172394, 159.100769043, 9.39157104492], [-129.837265015, 126.40511322, -61.6169509888, -3.34364008904, -10.7420873642, -1.96606957912, 36.5631828308, -15.596031189, 41.5960578918, -28.4473075867, 54.125038147, 9.39157104492, 97.4927139282]],
        "icov": [[0.000135932248668, -7.38598173484e-05, 6.11828581896e-05, -0.000123537960462, 0.000359153840691, -0.000201667688088, -0.000178882633918, 0.000257795240032, 0.000283328205114, -0.000471404433483, 0.000310337782139, 0.000163508957485, 8.5817746367e-06], [-7.38598173484e-05, 0.00213921675459, -0.000338474783348, 0.00198899488896, -0.00114875659347, 0.000792193459347, -0.000550975033548, 0.00109648401849, -0.000515096820891, 0.0022201910615, -0.00167864875402, 0.00192839023657, -0.00113248010166], [6.11828581896e-05, -0.000338474783348, 0.000859317020513, -0.000178614223842, -0.000111364257464, -0.00130654301029, -0.000497089757118, 0.000253245554632, 0.000895029690582, -0.000522163056303, 0.000455452711321, -0.00105471280403, 0.000560144195333], [-0.000123537960462, 0.00198899488896, -0.000178614223842, 0.00359478057362, -0.00198999652639, 0.000238433640334, -0.000350469141267, 0.00090279430151, -0.000405317754485, 0.00160362047609, -0.0018162735505, 0.00307275285013, -0.00131837988738], [0.000359153840691, -0.00114875659347, -0.000111364257464, -0.00198999652639, 0.0052278782241, 0.000564534275327, -0.00208274065517, 0.00109163217712, 0.000537851476111, -0.00203102617525, 0.00165735126939, 0.000208782192203, 0.00160991272423], [-0.000201667688088, 0.000792193459347, -0.00130654301029, 0.000238433640334, 0.000564534275327, 0.00704522198066, -0.00367915304378, -0.00147518969607, 0.00245842826553, -0.00167113449425, -0.00205701543018, 0.00245092017576, -0.0013958098134], [-0.000178882633918, -0.000550975033548, -0.000497089757118, -0.000350469141267, -0.00208274065517, -0.00367915304378, 0.00957489851862, -0.00266946735792, -0.00526427756995, 0.00370438583195, -0.000984243000858, -0.0021597200539, -9.02686006157e-05], [0.000257795240032, 0.00109648401849, 0.000253245554632, 0.00090279430151, 0.00109163217712, -0.00147518969607, -0.00266946735792, 0.011696903035, -0.00115173077211, -0.00496505247429, 0.00419433647767, 0.00210377364419, -0.00141305569559], [0.000283328205114, -0.000515096820891, 0.000895029690582, -0.000405317754485, 0.000537851476111, 0.00245842826553, -0.00526427756995, -0.00115173077211, 0.0148536292836, -0.00496510276571, -0.00544338813052, 0.00455653527752, -0.00170727714431], [-0.000471404433483, 0.0022201910615, -0.000522163056303, 0.00160362047609, -0.00203102617525, -0.00167113449425, 0.00370438583195, -0.00496505247429, -0.00496510276571, 0.0181547980756, -0.00574464770034, -0.00623978767544, 0.00498366169631], [0.000310337782139, -0.00167864875402, 0.000455452711321, -0.0018162735505, 0.00165735126939, -0.00205701543018, -0.000984243000858, 0.00419433647767, -0.00544338813052, -0.00574464770034, 0.0144495684654, -0.00104944338091, -0.00327807827853], [0.000163508957485, 0.00192839023657, -0.00105471280403, 0.00307275285013, 0.000208782192203, 0.00245092017576, -0.0021597200539, 0.00210377364419, 0.00455653527752, -0.00623978767544, -0.00104944338091, 0.0165870636702, -0.00640479754657], [8.5817746367e-06, -0.00113248010166, 0.000560144195333, -0.00131837988738, 0.00160991272423, -0.0013958098134, -9.02686006157e-05, -0.00141305569559, -0.00170727714431, 0.00498366169631, -0.00327807827853, -0.00640479754657, 0.016622254625]]
    },
    "melbands": {
        "dmean": [0.00702955760062, 0.00383424875326, 0.000505223753862, 0.000592148920987, 0.000449502200354, 0.000483073410578, 0.000401067431085, 0.000154946799739, 0.000109465305286, 0.000193342915736, 4.04537531722e-05, 7.91801357991e-05, 5.12034166604e-05, 1.6608475562e-05, 2.59787448158e-05, 2.14525716729e-05, 9.07263529371e-06, 1.52281318151e-05, 9.6595931609e-06, 9.03274121811e-06, 6.8501867645e-06, 4.6279669732e-06, 4.95642416354e-06, 3.10730592901e-06, 3.56910027222e-06, 3.018643838e-06, 2.39796736423e-06, 2.09295376408e-06, 2.0000859422e-06, 2.06089998755e-06, 2.21336972572e-06, 2.3780646643e-06, 1.72588909209e-06, 1.78664413397e-06, 1.4905452872e-06, 1.58344107604e-06, 9.45338797465e-07, 8.46700800139e-07, 6.64629510538e-07, 6.62489753722e-07],
        "dmean2": [0.0110452156514, 0.00681479554623, 0.000766549666878, 0.000892001087777, 0.000651922484394, 0.000703612866346, 0.000546803988982, 0.000226263480727, 0.000155951129273, 0.00027064155438, 6.38153869659e-05, 0.000116530427476, 7.74660074967e-05, 2.69899846899e-05, 3.94268099626e-05, 3.27314191964e-05, 1.50153009599e-05, 2.51779292739e-05, 1.64887314895e-05, 1.54988738359e-05, 1.16922574307e-05, 7.70255610405e-06, 8.40602569951e-06, 4.93276638736e-06, 5.77901619181e-06, 5.49621154278e-06, 4.34491903434e-06, 3.52920619662e-06, 3.07060417981e-06, 3.71006512978e-06, 4.04825868827e-06, 4.21082813773e-06, 3.11541839437e-06, 3.24736242874e-06, 2.54793667409e-06, 2.71069006885e-06, 1.61692548772e-06, 1.49935567606e-06, 1.19080868899e-06, 1.23963161514e-06],
        "dvar": [0.000133172070491, 9.79346295935e-05, 8.49024615945e-07, 1.24990765471e-06, 1.58501950409e-06, 2.84255338556e-06, 2.57914439317e-06, 7.61413161854e-07, 2.33499022784e-07, 6.43888938612e-07, 1.0270698958e-08, 8.14068741306e-08, 2.97156184104e-08, 3.69051056381e-09, 8.4811135892e-09, 3.96906418842e-09, 1.45432554888e-09, 1.14312592725e-09, 4.86010620637e-10, 5.47683121077e-10, 1.99723709793e-10, 7.06544475704e-11, 1.30797372933e-10, 4.85067229439e-11, 7.79672368334e-11, 5.49592316101e-11, 2.12213042278e-11, 1.47164745667e-11, 1.40815423558e-11, 2.05517269869e-11, 2.39549751563e-11, 3.25762021525e-11, 1.2972872776e-11, 1.22106621689e-11, 1.01188337223e-11, 1.15278533247e-11, 4.44328731794e-12, 3.32294348288e-12, 2.2950326535e-12, 2.28852050158e-12],
        "dvar2": [0.000295008445391, 0.000275708327536, 2.04808770832e-06, 2.85185910798e-06, 2.69669499176e-06, 5.1079127843e-06, 4.77460389448e-06, 1.2673395986e-06, 4.39793723217e-07, 1.20145557503e-06, 2.11163388997e-08, 1.53077252207e-07, 5.47513323568e-08, 6.61015375769e-09, 1.79960490954e-08, 8.16744361032e-09, 3.25795590506e-09, 2.64557420415e-09, 1.16762888247e-09, 1.27584154352e-09, 4.87780316138e-10, 1.72855937897e-10, 3.03597341711e-10, 9.83473233407e-11, 1.82002968252e-10, 1.51795728764e-10, 6.03108535335e-11, 3.28204408095e-11, 2.8846623007e-11, 5.45425857257e-11, 6.4183013071e-11, 8.6172270708e-11, 3.58371145259e-11, 3.37463806899e-11, 2.67004821031e-11, 2.92239288324e-11, 1.1642963503e-11, 8.83171921012e-12, 6.26961720387e-12, 6.39312344383e-12],
        "max": [0.0818174853921, 0.0702598392963, 0.00709931785241, 0.0114129614085, 0.0154350139201, 0.0192689541727, 0.0266951471567, 0.0210538227111, 0.0107236746699, 0.0174645278603, 0.00136804033536, 0.00379944220185, 0.00322384154424, 0.00125286215916, 0.0021932865493, 0.00134102068841, 0.000877783400938, 0.000339362333762, 0.000407026440371, 0.000403269572416, 0.00016446452355, 9.19123776839e-05, 0.000146623133332, 0.000155770336278, 0.000100206823845, 7.63913121773e-05, 3.74399278371e-05, 2.51014771493e-05, 3.60278900189e-05, 3.74163355445e-05, 4.75015804113e-05, 6.18305493845e-05, 2.9200604331e-05, 2.40141271206e-05, 2.44931379711e-05, 2.28497792705e-05, 1.97070894501e-05, 1.24669477373e-05, 1.30275784613e-05, 1.17853815027e-05],
        "mean": [0.0123021593317, 0.00407774187624, 0.000813780236058, 0.000725366349798, 0.000494058826007, 0.00048185128253, 0.000387659791159, 0.000160051436978, 0.000105816267023, 0.000177477413672, 3.54913827323e-05, 7.36084548407e-05, 4.72087012895e-05, 1.51547938003e-05, 2.23475199164e-05, 1.92087227333e-05, 7.23899529476e-06, 1.21898929137e-05, 8.14309350972e-06, 8.30575118016e-06, 7.52392907089e-06, 5.50560253032e-06, 5.61834076507e-06, 3.73647117158e-06, 3.41152508554e-06, 2.58811382992e-06, 1.97123404178e-06, 2.09270751839e-06, 1.8354128315e-06, 1.56903308834e-06, 1.73308637841e-06, 1.73595606157e-06, 1.18573632335e-06, 1.23720678857e-06, 1.08701703994e-06, 1.14905503779e-06, 6.90053013841e-07, 6.08746631769e-07, 4.5840539542e-07, 4.40280956582e-07],
        "median": [0.00347062409855, 0.00102046306711, 0.00010711181676, 5.78455183131e-05, 3.33858261001e-05, 1.38704435813e-05, 9.90162880043e-06, 5.73535680815e-06, 3.65253390555e-06, 5.24168581251e-06, 2.11322094401e-06, 3.1502170259e-06, 1.88928856915e-06, 8.04050500847e-07, 1.46451964156e-06, 1.86609554476e-06, 6.88242664637e-07, 1.2334510302e-06, 9.75290618044e-07, 1.07452592601e-06, 8.4732647565e-07, 6.65174695769e-07, 5.03572834987e-07, 3.46373155935e-07, 3.22237895034e-07, 2.73330016398e-07, 1.87236253169e-07, 1.5365007755e-07, 1.09947791316e-07, 9.83229355711e-08, 1.15180824878e-07, 6.98014090972e-08, 4.73580001881e-08, 4.47401653503e-08, 7.60570486591e-08, 1.90711535453e-08, 1.09886100219e-08, 1.48168330938e-08, 3.88178644783e-09, 4.82878403929e-09],
        "min": [1.09973248286e-08, 5.36678861351e-08, 4.11152569768e-08, 6.88694896667e-08, 1.0217101476e-07, 5.30952064537e-08, 3.89388681299e-08, 2.36217605476e-08, 1.096583091e-08, 1.36669466855e-08, 4.97386665188e-09, 3.64304097999e-09, 4.83663553652e-09, 1.97631511156e-09, 3.33279359666e-09, 5.92457594095e-09, 1.15866349848e-09, 7.42049310887e-09, 6.55868470645e-09, 2.8707953792e-09, 5.7488647176e-10, 7.90391585515e-10, 8.05063071763e-10, 3.84602155679e-10, 7.54782569778e-10, 1.81351667017e-09, 1.72469294402e-09, 4.54131827629e-12, 7.81962966601e-11, 5.9147318987e-11, 5.42794281744e-11, 3.21551049676e-11, 1.96905230836e-12, 7.61246760073e-11, 9.23004173092e-11, 4.43383454951e-11, 2.43411562607e-12, 1.82446072139e-12, 2.57443941382e-13, 1.73153727684e-13],
