{
"highlevel": {
    "danceability": {
        "all": {
            "danceable": 0.273923844099,
            "not_danceable": 0.726076126099
        },
        "probability": 0.726076126099,
        "value": "not_danceable"
    },
    "gender": {
        "all": {
            "female": 0.008040943183,
            "male": 0.991959035397
        },
        "probability": 0.991959035397,
        "value": "male"
    },
    "genre_dortmund": {
        "all": {
            "alternative": 0.119116380811,
            "blues": 0.0775840058923,
            "electronic": 0.019793054089,
            "folkcountry": 0.18118403852,
            "funksoulrnb": 0.00893899891526,
            "jazz": 0.0236269403249,
            "pop": 0.0461536720395,
            "raphiphop": 0.00377623760141,
            "rock": 0.519826710224
        },
        "probability": 0.519826710224,
        "value": "rock"
    },
    "genre_electronic": {
        "all": {
            "ambient": 0.895115554333,
            "dnb": 0.0403281338513,
            "house": 0.0327058024704,
            "techno": 0.00455938372761,
            "trance": 0.0272911358625
        },
        "probability": 0.895115554333,
        "value": "ambient"
    },
    "genre_rosamerica": {
        "all": {
            "cla": 0.147815570235,
            "dan": 0.0116051556543,
            "hip": 0.0539103522897,
            "jaz": 0.066836796701,
            "pop": 0.331527262926,
            "rhy": 0.201853275299,
            "roc": 0.143423169851,
            "spe": 0.0430284179747
        },
        "probability": 0.331527262926,
        "value": "pop"
    },
    "genre_tzanetakis": {
        "all": {
            "blu": 0.0626613423228,
            "cla": 0.0348169617355,
            "cou": 0.104475811124,
            "dis": 0.0784321576357,
            "hip": 0.15692435205,
            "jaz": 0.313974827528,
            "met": 0.0448166541755,
            "pop": 0.0627359300852,
            "reg": 0.0627360641956,
            "roc": 0.0784258767962
        },
        "probability": 0.313974827528,
        "value": "jaz"
    },
    "ismir04_rhythm": {
        "all": {
            "ChaChaCha": 0.278382360935,
            "Jive": 0.166640654206,
            "Quickstep": 0.0990367755294,
            "Rumba-American": 0.016523424536,
            "Rumba-International": 0.0702264457941,
            "Rumba-Misc": 0.0170773379505,
            "Samba": 0.0701292902231,
            "Tango": 0.0763084366918,
            "VienneseWaltz": 0.186437696218,
            "Waltz": 0.0192375648767
        },
        "probability": 0.278382360935,
        "value": "ChaChaCha"
    },
    "mood_acoustic": {
        "all": {
            "acoustic": 0.937999665737,
            "not_acoustic": 0.062000323087
        },
        "probability": 0.937999665737,
        "value": "acoustic"
    },
    "mood_aggressive": {
        "all": {
            "aggressive": 0.10348251462,
            "not_aggressive": 0.896517515182
        },
        "probability": 0.896517515182,
        "value": "not_aggressive"
    },
    "mood_electronic": {
        "all": {
            "electronic": 0.0876347497106,
            "not_electronic": 0.91236525774
        },
        "probability": 0.91236525774,
        "value": "not_electronic"
    },
    "mood_happy": {
        "all": {
            "happy": 0.51663517952,
            "not_happy": 0.483364790678
        },
        "probability": 0.51663517952,
        "value": "happy"
    },
    "mood_party": {
        "all": {
            "not_party": 0.876915335655,
            "party": 0.123084649444
        },
        "probability": 0.876915335655,
        "value": "not_party"
    },
    "mood_relaxed": {
        "all": {
            "not_relaxed": 0.205229818821,
            "relaxed": 0.794770181179
        },
        "probability": 0.794770181179,
        "value": "relaxed"
    },
    "mood_sad": {
        "all": {
            "not_sad": 0.141821846366,
            "sad": 0.858178138733
        },
        "probability": 0.858178138733,
        "value": "sad"
    },
    "moods_mirex": {
        "all": {
            "Cluster1": 0.219404086471,
            "Cluster2": 0.255209058523,
            "Cluster3": 0.32415574789,
            "Cluster4": 0.134866178036,
            "Cluster5": 0.0663649067283
        },
        "probability": 0.32415574789,
        "value": "Cluster3"
    },
    "timbre": {
        "all": {
            "bright": 0.964313328266,
            "dark": 0.0356866829097
        },
        "probability": 0.964313328266,
        "value": "bright"
    },
    "tonal_atonal": {
        "all": {
            "atonal": 0.0018525281921,
            "tonal": 0.99814748764
        },
        "probability": 0.99814748764,
        "value": "tonal"
    },
    "voice_instrumental": {
        "all": {
            "instrumental": 0.0189476478845,
            "voice": 0.981052339077
        },
        "probability": 0.981052339077,
        "value": "voice"
    }
},
"lowlevel": {
    "average_loudness": 0.95221143961,
    "barkbands_crest": {
        "dmean": 2.7588891983,
        "dmean2": 4.43042564392,
        "dvar": 6.85548973083,
        "dvar2": 16.4752464294,
        "max": 25.2209453583,
        "mean": 9.43895149231,
        "median": 8.43690109253,
        "min": 2.93319678307,
        "var": 16.1652088165
    },
    "barkbands_flatness_db": {
        "dmean": 0.0217844210565,
        "dmean2": 0.034706838429,
        "dvar": 0.000428239814937,
        "dvar2": 0.00106216443237,
        "max": 0.32436349988,
        "mean": 0.166312381625,
        "median": 0.162476554513,
        "min": 0.0669887512922,
        "var": 0.00169112195726
    },
    "barkbands_kurtosis": {
        "dmean": 2.59479498863,
        "dmean2": 4.11626529694,
        "dvar": 12.6883001328,
        "dvar2": 29.623292923,
        "max": 37.5119972229,
        "mean": 3.57769680023,
        "median": 1.97495174408,
        "min": -1.66120505333,
        "var": 25.2768249512
    },
    "barkbands_skewness": {
        "dmean": 0.539421617985,
        "dmean2": 0.817377507687,
        "dvar": 0.315784990788,
        "dvar2": 0.618579030037,
        "max": 5.28365898132,
        "mean": 1.24338066578,
        "median": 1.17917132378,
        "min": -1.72766149044,
        "var": 1.12628626823
    },
    "barkbands_spread": {
        "dmean": 3.78003835678,
        "dmean2": 5.8497838974,
        "dvar": 16.9758167267,
        "dvar2": 35.3948974609,
        "max": 77.6763458252,
        "mean": 14.7979536057,
        "median": 13.6264390945,
        "min": 1.21341204643,
        "var": 57.943069458
    },
    "dissonance": {
        "dmean": 0.0235025584698,
        "dmean2": 0.0400787964463,
        "dvar": 0.000538164109457,
        "dvar2": 0.001473283628,
        "max": 0.499755859375,
        "mean": 0.453765660524,
        "median": 0.464597374201,
        "min": 0.300455063581,
        "var": 0.00129027816001
    },
    "dynamic_complexity": 3.18663167953,
    "erbbands_crest": {
        "dmean": 2.91602873802,
        "dmean2": 4.77550125122,
        "dvar": 8.37104606628,
        "dvar2": 20.8051223755,
        "max": 31.4222164154,
        "mean": 9.94494056702,
        "median": 8.51271438599,
        "min": 2.97194552422,
        "var": 25.091960907
    },
    "erbbands_flatness_db": {
        "dmean": 0.0190737880766,
        "dmean2": 0.0263529270887,
        "dvar": 0.000313157972414,
        "dvar2": 0.000556532468181,
        "max": 0.354143112898,
        "mean": 0.18891236186,
        "median": 0.185778990388,
        "min": 0.0782934352756,
        "var": 0.00260330736637
    },
    "erbbands_kurtosis": {
        "dmean": 1.17171633244,
        "dmean2": 1.82147634029,
        "dvar": 3.41290426254,
        "dvar2": 8.03022956848,
        "max": 43.2676200867,
        "mean": 1.33124279976,
        "median": 0.314074277878,
        "min": -1.67669200897,
        "var": 12.1311216354
    },
    "erbbands_skewness": {
        "dmean": 0.375709354877,
        "dmean2": 0.583320260048,
        "dvar": 0.12803272903,
        "dvar2": 0.333166956902,
        "max": 5.05915689468,
        "mean": 0.4202054739,
        "median": 0.364754021168,
        "min": -2.02634358406,
        "var": 0.620871841908
    },
    "erbbands_spread": {
        "dmean": 5.72636032104,
        "dmean2": 8.4134016037,
        "dvar": 37.0684547424,
        "dvar2": 74.110824585,
        "max": 108.006088257,
        "mean": 26.1583461761,
        "median": 24.2549247742,
        "min": 2.15405106544,
        "var": 181.316741943
    },
    "hfc": {
        "dmean": 4.45700359344,
        "dmean2": 6.27065229416,
        "dvar": 38.46875,
        "dvar2": 78.611946106,
        "max": 87.985748291,
        "mean": 13.9976177216,
        "median": 8.77480792999,
        "min": 0.448835492134,
        "var": 183.01574707
    },
    "melbands_crest": {
        "dmean": 3.51406955719,
        "dmean2": 5.82186222076,
        "dvar": 10.6621952057,
        "dvar2": 26.146320343,
        "max": 32.5412368774,
        "mean": 12.460278511,
        "median": 11.3912372589,
        "min": 4.20584392548,
        "var": 24.4607200623
    },
    "melbands_flatness_db": {
        "dmean": 0.025516141206,
        "dmean2": 0.0394894964993,
        "dvar": 0.000691454217304,
        "dvar2": 0.00161801930517,
        "max": 0.42235660553,
        "mean": 0.226231455803,
        "median": 0.223744362593,
        "min": 0.0868057236075,
        "var": 0.00278034410439
    },
    "melbands_kurtosis": {
        "dmean": 4.91597604752,
        "dmean2": 7.63342809677,
        "dvar": 61.1554718018,
        "dvar2": 140.019927979,
        "max": 81.7980194092,
        "mean": 7.63063144684,
        "median": 4.23936128616,
        "min": -1.61337316036,
        "var": 107.199813843
    },
    "melbands_skewness": {
        "dmean": 0.673905432224,
        "dmean2": 1.01020789146,
        "dvar": 0.545974850655,
        "dvar2": 1.09796464443,
        "max": 7.89969158173,
        "mean": 1.82851588726,
        "median": 1.63168871403,
        "min": -1.53771364689,
        "var": 1.94631648064
    },
    "melbands_spread": {
        "dmean": 5.05622148514,
        "dmean2": 7.9655046463,
        "dvar": 31.4110565186,
        "dvar2": 64.2560653687,
        "max": 67.1160430908,
        "mean": 18.1590538025,
        "median": 15.977025032,
        "min": 2.15995144844,
        "var": 109.041862488
    },
    "pitch_salience": {
        "dmean": 0.0791708752513,
        "dmean2": 0.127046763897,
        "dvar": 0.00488147744909,
        "dvar2": 0.0122995255515,
        "max": 0.834743380547,
        "mean": 0.589743793011,
        "median": 0.61025929451,
        "min": 0.151375681162,
        "var": 0.0136122396216
    },
    "silence_rate_20dB": {
        "dmean": 0,
        "dmean2": 0,
        "dvar": 0,
        "dvar2": 0,
        "max": 1,
        "mean": 1,
        "median": 1,
        "min": 1,
        "var": 0
    },
    "silence_rate_30dB": {
        "dmean": 0.00464396271855,
        "dmean2": 0.00929511990398,
        "dvar": 0.00462236255407,
        "dvar2": 0.01385619957,
        "max": 1,
        "mean": 0.997679829597,
        "median": 1,
        "min": 0,
        "var": 0.00231481622905
    },
    "silence_rate_60dB": {
        "dmean": 0.030959751457,
        "dmean2": 0.0619674660265,
        "dvar": 0.0300012882799,
        "dvar2": 0.0736193060875,
        "max": 1,
        "mean": 0.047950502485,
        "median": 0,
        "min": 0,
        "var": 0.0456513501704
    },
    "spectral_centroid": {
        "dmean": 151.126953125,
        "dmean2": 233.469329834,
        "dvar": 30208.9941406,
        "dvar2": 64010.8984375,
        "max": 2013.86804199,
        "mean": 880.898803711,
        "median": 799.02532959,
        "min": 321.386260986,
        "var": 122357.15625
    },
    "spectral_complexity": {
        "dmean": 2.32043337822,
        "dmean2": 3.62122392654,
        "dvar": 4.01345491409,
        "dvar2": 8.75736713409,
        "max": 32,
        "mean": 16.1353435516,
        "median": 16,
        "min": 2,
        "var": 21.543182373
    },
    "spectral_decrease": {
        "dmean": 2.54531729027e-09,
        "dmean2": 3.81512821335e-09,
        "dvar": 1.14086578152e-17,
        "dvar2": 2.51406078908e-17,
        "max": -1.62756433331e-10,
        "mean": -6.24617468858e-09,
        "median": -4.50818538056e-09,
        "min": -3.10994003883e-08,
        "var": 2.96775959433e-17
    },
    "spectral_energy": {
        "dmean": 0.00995447766036,
        "dmean2": 0.014871975407,
        "dvar": 0.0001722699526,
        "dvar2": 0.000377485383069,
        "max": 0.123551264405,
        "mean": 0.024844083935,
        "median": 0.0179439224303,
        "min": 0.000666897685733,
        "var": 0.000464998971438
    },
    "spectral_energyband_high": {
        "dmean": 6.62307429593e-05,
        "dmean2": 8.54390382301e-05,
        "dvar": 1.29985391339e-08,
        "dvar2": 2.29491305959e-08,
        "max": 0.00273229088634,
        "mean": 0.000151566957356,
        "median": 7.48942766222e-05,
        "min": 2.71389467343e-07,
        "var": 4.87444467012e-08
    },
    "spectral_energyband_low": {
        "dmean": 0.00421231240034,
        "dmean2": 0.0068502612412,
        "dvar": 5.22815935255e-05,
        "dvar2": 0.000126176775666,
        "max": 0.0553015694022,
        "mean": 0.0066537046805,
        "median": 0.00368843600154,
        "min": 3.20172839565e-05,
        "var": 6.99368174537e-05
    },
    "spectral_energyband_middle_high": {
        "dmean": 0.00190495979041,
        "dmean2": 0.00276604294777,
        "dvar": 1.4064892639e-05,
        "dvar2": 3.14721946779e-05,
        "max": 0.0711294785142,
        "mean": 0.00499141728505,
        "median": 0.00226996513084,
        "min": 0.000139076975756,
        "var": 5.0551519962e-05
    },
    "spectral_energyband_middle_low": {
        "dmean": 0.00686442432925,
        "dmean2": 0.010681332089,
        "dvar": 0.000104068887595,
        "dvar2": 0.000240921115619,
        "max": 0.120181247592,
        "mean": 0.0142072737217,
        "median": 0.00969781726599,
        "min": 0.00011041937978,
        "var": 0.000247253861744
    },
    "spectral_entropy": {
        "dmean": 0.152538537979,
        "dmean2": 0.228193238378,
        "dvar": 0.019618300721,
        "dvar2": 0.047098133713,
        "max": 8.18553447723,
        "mean": 7.24514818192,
        "median": 7.28887081146,
        "min": 5.73765039444,
        "var": 0.124792180955
    },
    "spectral_flux": {
        "dmean": 0.0275001376867,
        "dmean2": 0.0417290665209,
        "dvar": 0.000923880084883,
        "dvar2": 0.0018306330312,
        "max": 0.256061017513,
        "mean": 0.0842697396874,
        "median": 0.0731038078666,
        "min": 0.0102301351726,
        "var": 0.00246759899892
    },
    "spectral_kurtosis": {
        "dmean": 2.77829289436,
        "dmean2": 4.60384607315,
        "dvar": 11.8210296631,
        "dvar2": 32.218711853,
        "max": 64.4111709595,
        "mean": 8.44320964813,
        "median": 7.09097194672,
        "min": 0.0564007759094,
        "var": 32.1547813416
    },
    "spectral_rms": {
        "dmean": 0.00091462204,
        "dmean2": 0.00131436565425,
        "dvar": 1.06275808776e-06,
        "dvar2": 2.08641313293e-06,
        "max": 0.010978971608,
        "mean": 0.00450790580362,
        "median": 0.00418404908851,
        "min": 0.000806617550552,
        "var": 3.91691946788e-06
    },
    "spectral_rolloff": {
        "dmean": 266.564086914,
        "dmean2": 445.775360107,
        "dvar": 273704.21875,
        "dvar2": 613163.6875,
        "max": 9000.87890625,
        "mean": 1017.00482178,
        "median": 861.328125,
        "min": 64.599609375,
        "var": 470273.875
    },
    "spectral_skewness": {
        "dmean": 0.272624254227,
        "dmean2": 0.439751714468,
        "dvar": 0.0660514011979,
        "dvar2": 0.170809447765,
        "max": 5.75701999664,
        "mean": 2.21433901787,
        "median": 2.15681934357,
        "min": 0.965156435966,
        "var": 0.291076719761
    },
    "spectral_spread": {
        "dmean": 494884.71875,
        "dmean2": 677447.9375,
        "dvar": 326613860352,
        "dvar2": 572906209280,
        "max": 12170686,
        "mean": 3631118.75,
        "median": 3233401.75,
        "min": 1057643.5,
        "var": 1.91130160333e+12
    },
    "spectral_strongpeak": {
        "dmean": 0.59744656086,
        "dmean2": 0.971027433872,
        "dvar": 0.789108812809,
        "dvar2": 1.90059185028,
        "max": 9.21812534332,
        "mean": 1.1094866991,
        "median": 0.493153870106,
        "min": 0,
        "var": 2.06969714165
    },
    "zerocrossingrate": {
        "dmean": 0.00647804094478,
        "dmean2": 0.00765213510022,
        "dvar": 4.74347762065e-05,
        "dvar2": 5.65205664316e-05,
        "max": 0.17333984375,
        "mean": 0.0434513650835,
        "median": 0.0400390625,
        "min": 0.00830078125,
        "var": 0.000345482229022
    },
    "barkbands": {
        "dmean": [0.000218116067117, 0.00291438726708, 0.00162272958551, 0.00169255211949, 0.00305708032101, 0.000616892357357, 0.00123658275697, 0.00184293929487, 0.00110246997792, 0.00065797107527, 0.000499000598211, 0.000579764076974, 0.000374359486159, 0.000402832927648, 0.000352073053364, 8.66449554451e-05, 8.76176709426e-05, 4.17836199631e-05, 2.93024095299e-05, 1.50155883603e-05, 8.98885446077e-06, 9.9955159385e-06, 1.29601394292e-05, 1.61450079759e-05, 2.47575590038e-05, 8.96880828805e-06, 1.43811229592e-09],
        "dmean2": [0.000362893246347, 0.00478852679953, 0.00285742548294, 0.00288816983812, 0.00491295661777, 0.00103446724825, 0.00203752936795, 0.00283719226718, 0.00173194787931, 0.00104191957507, 0.000789137498941, 0.000909683702048, 0.000594409822952, 0.000640845217276, 0.000547333969735, 0.000142120770761, 0.000142572753248, 6.83775870129e-05, 4.59774855699e-05, 2.32739930652e-05, 1.41778809848e-05, 1.55097259267e-05, 1.96644632524e-05, 2.40572408075e-05, 3.48313842551e-05, 1.26659160742e-05, 2.24266449855e-09],
        "dvar": [1.86659789847e-07, 2.87399743684e-05, 1.22438314065e-05, 1.08293579615e-05, 2.80359126918e-05, 1.23530946894e-06, 1.40929187182e-05, 2.58647596638e-05, 1.29188147184e-05, 2.03360241358e-06, 2.14402848542e-06, 6.81240999256e-06, 1.35507991672e-06, 2.76273340205e-06, 8.03386797088e-07, 1.36875195622e-08, 3.29457456871e-08, 4.92238294569e-09, 2.23497376162e-09, 9.3778218524e-10, 1.7795599716e-10, 2.34123748166e-10, 4.81945594544e-10, 2.02194749832e-09, 3.77193121182e-09, 3.64140717579e-10, 2.78533814513e-16],
        "dvar2": [5.00088276567e-07, 6.8578927312e-05, 3.41108279827e-05, 2.86255290121e-05, 6.89808148309e-05, 3.3280318803e-06, 3.46682281815e-05, 6.25097745797e-05, 2.85906371573e-05, 5.00262922287e-06, 5.13634722665e-06, 1.63324984896e-05, 3.236696557e-06, 7.20558955436e-06, 2.03079002858e-06, 3.66726879975e-08, 7.63358443123e-08, 1.26583978854e-08, 5.07456299204e-09, 1.97449945283e-09, 4.2774853104e-10, 5.45809342167e-10, 1.18549148276e-09, 3.8226741772e-09, 7.75813546738e-09, 8.00791322142e-10, 2.83354358425e-16],
        "max": [0.00380442757159, 0.0399435684085, 0.0252502709627, 0.0294095110148, 0.0469072572887, 0.0113799674436, 0.0513978973031, 0.115410551429, 0.0857544466853, 0.0220373626798, 0.027766758576, 0.0663317665458, 0.0202845670283, 0.0425222739577, 0.0148986028507, 0.00150378549006, 0.00294867879711, 0.00124709424563, 0.000883666623849, 0.00070556846913, 0.000224770847126, 0.00022936379537, 0.000315217563184, 0.00148525054101, 0.00141106708907, 0.0002914192155, 5.98723090661e-07],
        "mean": [0.000211130653042, 0.00351245887578, 0.00188265100587, 0.00216786190867, 0.0040769209154, 0.000909969152417, 0.00200855080038, 0.0031592301093, 0.00166436261497, 0.0010957227787, 0.000833109719679, 0.000890116032679, 0.000570286880247, 0.00055584643269, 0.000624313950539, 0.000196034787223, 0.000181745839654, 7.94261941337e-05, 5.56607919862e-05, 2.96785638056e-05, 1.95820357476e-05, 1.99078913283e-05, 2.46147283178e-05, 2.72403794952e-05, 3.59485165973e-05, 1.17390964078e-05, 1.28068600169e-09],
        "median": [6.15137178102e-05, 0.00123586156406, 0.000861435022671, 0.00122974487022, 0.00226317625493, 0.000510316051077, 0.000729907827917, 0.000582355598453, 0.000654691597447, 0.000397087977035, 0.00016628242156, 0.000205408141483, 0.000155680798343, 0.000113095258712, 0.000339692691341, 0.000136402479257, 0.000109390777652, 4.38662973465e-05, 3.0491319194e-05, 1.38111754495e-05, 1.24915704873e-05, 1.15519360406e-05, 1.4534476577e-05, 9.277632671e-06, 7.28549412088e-06, 1.14724741707e-06, 2.79741674269e-10],
        "min": [1.40097668577e-07, 6.8828694566e-06, 3.04642367155e-06, 2.75864499599e-06, 1.97595181817e-06, 5.10609334015e-06, 2.96414782497e-06, 2.88064984488e-06, 1.65513392858e-05, 3.45328408002e-06, 1.7427637431e-06, 1.54285282861e-06, 3.05312528326e-06, 2.54060319094e-06, 8.51216009323e-06, 3.78293771064e-06, 1.14779095384e-06, 8.59015699461e-07, 2.10735521478e-07, 2.07859329748e-07, 7.15008781071e-08, 1.07904014612e-08, 1.28506885133e-08, 1.04255635236e-08, 1.90848586934e-11, 2.45246531416e-11, 3.33903599214e-11],
        "var": [1.67705664467e-07, 3.48056710209e-05, 9.65334129432e-06, 9.60710985964e-06, 3.22963642247e-05, 1.53200153363e-06, 2.38312713918e-05, 0.000105175728095, 1.96447472263e-05, 4.2465221668e-06, 7.0438095463e-06, 1.20711329146e-05, 2.7277751542e-06, 4.85172904519e-06, 1.31482795496e-06, 4.05484179566e-08, 8.43168947995e-08, 1.20699512607e-08, 5.45800782348e-09, 2.83579471017e-09, 4.58188736951e-10, 5.06432062952e-10, 9.74563985068e-10, 5.70074876194e-09, 8.33534841149e-09, 6.41652175837e-10, 2.7816784334e-16]
    },
    "erbbands": {
        "dmean": [0.0907289534807, 0.718220114708, 1.76736009121, 3.74988746643, 10.1206350327, 9.79000091553, 6.7812256813, 4.73664808273, 9.83982658386, 31.8618354797, 37.5654983521, 25.6944408417, 18.4343910217, 19.1969623566, 23.5239372253, 16.9759178162, 15.9265918732, 16.0248947144, 21.1206874847, 12.5760574341, 3.97431278229, 4.60429859161, 2.74741506577, 1.32128679752, 1.41535949707, 0.677250564098, 0.423578679562, 0.350428581238, 0.372039556503, 0.391033113003, 0.375057578087, 0.321079939604, 0.279537260532, 0.244474351406, 0.212275668979, 0.0647107884288, 0.0121624041349, 0.000487540994072, 1.62671221915e-05, 1.17299450721e-05],
        "dmean2": [0.135991215706, 1.2242603302, 3.08465909958, 6.42999076843, 16.6535110474, 16.2606697083, 11.3454990387, 7.95501995087, 15.7536039352, 51.154586792, 56.3063774109, 40.102191925, 28.8077716827, 29.2243900299, 36.9746551514, 26.0331039429, 24.6797542572, 25.5023841858, 32.4848937988, 19.4458465576, 6.32083320618, 7.44079875946, 4.46814537048, 2.10057806969, 2.17919564247, 1.02819228172, 0.655525326729, 0.55838739872, 0.585877716541, 0.613244354725, 0.567852199078, 0.486575096846, 0.434183359146, 0.361925214529, 0.299695134163, 0.0875946655869, 0.0170009024441, 0.000741440395359, 2.18131081056e-05, 1.71656120074e-05],
        "dvar": [0.0272063314915, 1.9802236557, 13.6194896698, 50.9414558411, 512.59967041, 252.574356079, 103.767219543, 84.5283813477, 667.051086426, 10121.9492188, 9688.20019531, 10416.7021484, 1137.23303223, 1874.30163574, 7334.77148438, 2936.53320312, 2756.94238281, 2997.24121094, 5034.27783203, 506.537475586, 39.3419303894, 93.6335525513, 23.9501209259, 4.84212207794, 6.23650932312, 2.10198736191, 0.451969712973, 0.22046135366, 0.30580508709, 0.4492880404, 0.438680887222, 0.577048778534, 0.688902139664, 0.38202548027, 0.321529150009, 0.018568655476, 0.000677441072185, 1.2481785916e-06, 8.32444668752e-10, 2.33950386841e-10],
        "dvar2": [0.0538738444448, 5.30713224411, 37.0146522522, 138.868011475, 1254.16552734, 640.806091309, 283.835144043, 223.733352661, 1678.28637695, 24485.6738281, 22776.1777344, 22683.8945312, 2871.63745117, 4333.84667969, 17235.1914062, 7438.24853516, 6523.45458984, 7444.36230469, 13213.9453125, 1265.33203125, 109.331825256, 212.217315674, 59.4488945007, 10.4384469986, 14.2065982819, 4.1855225563, 1.05187916756, 0.562242150307, 0.683703362942, 1.1559933424, 1.11108279228, 1.15774917603, 1.39728915691, 0.915909051895, 0.649962425232, 0.0360872298479, 0.00147042167373, 2.89281297228e-06, 1.73580994023e-09, 4.93815877078e-10],
        "max": [1.54469072819, 10.0599031448, 24.903263092, 64.8243103027, 224.526382446, 158.750946045, 95.9644927979, 126.225669861, 629.549316406, 1594.47607422, 1774.50415039, 2651.80541992, 523.425170898, 820.89263916, 1825.29870605, 1132.88903809, 1060.55981445, 1057.78479004, 1184.62939453, 391.279327393, 110.698318481, 183.230621338, 78.7726135254, 48.4910964966, 44.3149490356, 43.0913887024, 13.6273508072, 5.33642959595, 8.90981960297, 11.2314796448, 10.2478647232, 22.4384078979, 25.5742778778, 13.751745224, 11.9594173431, 2.63283324242, 0.361447870731, 0.0147298621014, 0.000363356346497, 0.000141036871355],
        "mean": [0.107288792729, 0.759410202503, 1.99596834183, 5.28805923462, 11.3051052094, 13.835691452, 10.0731515884, 7.15531730652, 18.4109859467, 53.7157363892, 62.4046554565, 39.5388069153, 33.1864051819, 34.8186225891, 40.8601608276, 27.4552211761, 25.6920833588, 24.8773555756, 34.9844932556, 26.1058998108, 9.80239486694, 9.91191577911, 5.71727609634, 2.90303659439, 2.65061712265, 1.41091382504, 0.856278657913, 0.75767236948, 0.71448880434, 0.753259301186, 0.692935109138, 0.584795176983, 0.419828444719, 0.340674698353, 0.296433746815, 0.0894775614142, 0.0153449298814, 0.00058692577295, 2.96562920994e-05, 3.00396641251e-05],
        "median": [0.0292284339666, 0.27660343051, 0.899662077427, 3.47180604935, 4.91706705093, 7.68804693222, 6.28594446182, 4.144510746, 9.19790458679, 10.9401407242, 15.4733953476, 15.2812490463, 17.4308452606, 12.7797756195, 9.11871147156, 8.77927112579, 8.3010969162, 6.16000080109, 12.5311784744, 15.567029953, 7.19747877121, 6.1296415329, 3.20488214493, 1.80411303043, 1.29844284058, 0.672490477562, 0.490754872561, 0.518030762672, 0.422208756208, 0.482031136751, 0.389255911112, 0.225609257817, 0.118553325534, 0.0715052634478, 0.0587550625205, 0.0116448011249, 0.00136913615279, 5.03873961861e-05, 1.44503947013e-05, 2.20673518925e-05],
        "min": [0.000246205891017, 0.0018519628793, 0.00607883138582, 0.00925309304148, 0.00623236456886, 0.0136763826013, 0.0361684150994, 0.0465126000345, 0.0240905359387, 0.0292237736285, 0.190160676837, 0.372771501541, 0.210355624557, 0.194668978453, 0.17746591568, 0.118687160313, 0.170352011919, 0.159298762679, 0.492523789406, 0.53200083971, 0.368786275387, 0.0877731367946, 0.0683205127716, 0.02738045156, 0.0189604964107, 0.0101618021727, 0.00522080343217, 0.00251590507105, 0.00122346961871, 0.00062402326148, 0.000807549105957, 0.000257491454249, 7.28223094484e-05, 2.31360900216e-05, 4.06914568885e-06, 1.01621628801e-06, 4.49769373745e-07, 1.33797414037e-07, 3.98090321596e-07, 7.99183112576e-07],
        "var": [0.0375602543354, 1.84222280979, 10.732260704, 44.4645500183, 476.807525635, 348.996185303, 132.721282959, 104.494468689, 1379.18615723, 25034.3652344, 31726.109375, 15373.3515625, 2518.37231445, 5291.07763672, 15371.3115234, 5061.15673828, 5183.36914062, 4986.96240234, 8772.61035156, 1134.13586426, 94.7351150513, 228.230667114, 66.0727386475, 13.4731817245, 13.9681062698, 6.61292409897, 1.18440711498, 0.568491876125, 0.670780718327, 0.749800264835, 0.856931984425, 2.11137199402, 1.44154274464, 0.721717834473, 0.633307039738, 0.0417484603822, 0.00111098820344, 1.74710078227e-06, 1.67226932302e-09, 6.61777743716e-10]
    },
    "gfcc": {
        "mean": [-28.3024940491, 131.486282349, -125.969490051, 19.7250156403, -58.0020713806, 21.8195400238, -43.5203704834, 10.1682682037, -13.7454776764, -5.47790718079, -17.679649353, -7.25663518906, -6.06465101242],
        "cov": [[3083.46240234, -954.381958008, 790.167785645, -216.127655029, -45.5018424988, 176.455200195, -368.103240967, 283.467193604, -712.305175781, 344.117950439, -247.056640625, 165.866226196, -284.768310547], [-954.381958008, 977.544128418, -242.576919556, 0.266408622265, 74.9022903442, -211.093429565, 231.202087402, -236.993438721, 291.737091064, -227.142028809, 165.843276978, -98.247833252, 100.746925354], [790.167785645, -242.576919556, 797.660095215, -11.7104253769, 50.0084686279, 61.5116348267, -189.167816162, 153.711914062, -290.973937988, 181.457122803, -150.680496216, 94.613319397, -88.9850616455], [-216.127655029, 0.266408622265, -11.7104253769, 268.193847656, 58.3439331055, 59.2824363708, 11.2930526733, -39.963054657, 106.817581177, -33.7822761536, 19.6293201447, -29.5112075806, 60.2933197021], [-45.5018424988, 74.9022903442, 50.0084686279, 58.3439331055, 174.725234985, 42.9858665466, 15.1862668991, -4.39619207382, 29.8925819397, 14.0355987549, -0.394552558661, 13.4201459885, 19.0865955353], [176.455200195, -211.093429565, 61.5116348267, 59.2824363708, 42.9858665466, 162.143478394, -7.8581829071, 58.7909049988, -46.062084198, 40.3582611084, -11.9660243988, 36.8768196106, 2.30523824692], [-368.103240967, 231.202087402, -189.167816162, 11.2930526733, 15.1862668991, -7.8581829071, 213.005371094, -40.1754760742, 127.338668823, -86.943359375, 77.2690429688, -10.1735916138, 35.6637573242], [283.467193604, -236.993438721, 153.711914062, -39.963054657, -4.39619207382, 58.7909049988, -40.1754760742, 157.797027588, -73.09815979, 89.3316345215, -50.8622169495, 37.8179740906, -22.731842041], [-712.305175781, 291.737091064, -290.973937988, 106.817581177, 29.8925819397, -46.062084198, 127.338668823, -73.09815979, 339.679443359, -84.4378509521, 100.114517212, -58.0230255127, 83.2466430664], [344.117950439, -227.142028809, 181.457122803, -33.7822761536, 14.0355987549, 40.3582611084, -86.943359375, 89.3316345215, -84.4378509521, 155.57081604, -50.1693344116, 48.2642059326, -42.5787467957], [-247.056640625, 165.843276978, -150.680496216, 19.6293201447, -0.394552558661, -11.9660243988, 77.2690429688, -50.8622169495, 100.114517212, -50.1693344116, 117.135765076, -7.60252094269, 32.4743652344], [165.866226196, -98.247833252, 94.613319397, -29.5112075806, 13.4201459885, 36.8768196106, -10.1735916138, 37.8179740906, -58.0230255127, 48.2642059326, -7.60252094269, 91.9213943481, -11.0343523026], [-284.768310547, 100.746925354, -88.9850616455, 60.2933197021, 19.0865955353, 2.30523824692, 35.6637573242, -22.731842041, 83.2466430664, -42.5787467957, 32.4743652344, -11.0343523026, 90.2194213867]],
        "icov": [[0.000833666650578, 0.000138547373354, -7.59406830184e-05, -7.96026943135e-05, -7.56543013267e-05, -0.000147033977555, 0.000271091877948, -0.000312178512104, 0.00109198654536, -0.000328940775944, -0.000267719326075, -8.98517173482e-05, 0.00121145078447], [0.000138547373354, 0.00686217937618, -0.00341443833895, 0.00356351886876, -0.00358886714093, 0.00490852911025, -0.00374567066319, 0.00560204824433, -0.00250485935248, 0.00346611626446, -0.00418124394491, 0.00340170180425, -0.00358064379543], [-7.59406830184e-05, -0.00341443833895, 0.00455108843744, -0.00317316665314, 0.000816296320409, -0.00111791235395, 0.00241842004471, -0.0042951120995, 0.0029319410678, -0.00254948972724, 0.00295503716916, -0.00309973489493, 0.0026489244774], [-7.96026943135e-05, 0.00356351886876, -0.00317316665314, 0.00884946342558, -0.00224298471585, -0.00153596862219, -0.00103237084113, 0.0055648945272, -0.0042147054337, 0.00249387323856, -0.00157953018788, 0.00391843169928, -0.00483667431399], [-7.56543013267e-05, -0.00358886714093, 0.000816296320409, -0.00224298471585, 0.00911286007613, -0.00456318212673, 0.000899261212908, -0.000963248254266, 0.000120647884614, -0.00316150509752, 0.0031153478194, -0.00218929490075, 0.00067096442217], [-0.000147033977555, 0.00490852911025, -0.00111791235395, -0.00153596862219, -0.00456318212673, 0.0144513323903, -0.00357274804264, -0.000344379222952, 0.00086047896184, 0.00188680482097, -0.00399814080447, -0.000306402071146, -0.00260172015987], [0.000271091877948, -0.00374567066319, 0.00241842004471, -0.00103237084113, 0.000899261212908, -0.00357274804264, 0.0108880735934, -0.00482975272462, -0.000328915077262, 0.00250190286897, -0.000393980299123, -0.00393629306927, 0.00363839277998], [-0.000312178512104, 0.00560204824433, -0.0042951120995, 0.0055648945272, -0.000963248254266, -0.000344379222952, -0.00482975272462, 0.0176250748336, -0.00378905679099, -0.00228028767742, -0.000176109489985, 0.00335331447423, -0.00574025791138], [0.00109198654536, -0.00250485935248, 0.0029319410678, -0.0042147054337, 0.000120647884614, 0.00086047896184, -0.000328915077262, -0.00378905679099, 0.0100148348138, -0.0035254873801, -0.00124608853366, 0.000289864954539, 0.000659519631881], [-0.000328940775944, 0.00346611626446, -0.00254948972724, 0.00249387323856, -0.00316150509752, 0.00188680482097, 0.00250190286897, -0.00228028767742, -0.0035254873801, 0.0168197136372, -0.00214986107312, -0.0023950941395, 0.0016389148077], [-0.000267719326075, -0.00418124394491, 0.00295503716916, -0.00157953018788, 0.0031153478194, -0.00399814080447, -0.000393980299123, -0.000176109489985, -0.00124608853366, -0.00214986107312, 0.0174114052206, -0.00449427077547, 0.000667042389978], [-8.98517173482e-05, 0.00340170180425, -0.00309973489493, 0.00391843169928, -0.00218929490075, -0.000306402071146, -0.00393629306927, 0.00335331447423, 0.000289864954539, -0.0023950941395, -0.00449427077547, 0.0182897225022, -0.00442950427532], [0.00121145078447, -0.00358064379543, 0.0026489244774, -0.00483667431399, 0.00067096442217, -0.00260172015987, 0.00363839277998, -0.00574025791138, 0.000659519631881, 0.0016389148077, 0.000667042389978, -0.00442950427532, 0.0211744084954]]
    },
    "melbands": {
        "dmean": [0.000763174088206, 0.000898688856978, 0.000829834141769, 0.000733247143216, 0.000270072428975, 0.000107402483991, 0.00017455474881, 0.000363134604413, 0.000297938706353, 0.00015113299014, 9.47005537455e-05, 8.36246690596e-05, 7.99554763944e-05, 7.0584952482e-05, 3.4437096474e-05, 3.61696729669e-05, 3.20380058838e-05, 4.0191152948e-05, 2.11817678064e-05, 1.08905351226e-05, 4.96947541251e-06, 5.25095492776e-06, 4.15020122091e-06, 2.06608501685e-06, 1.11358497179e-06, 1.04118237232e-06, 9.23958111798e-07, 4.36999158637e-07, 3.08968225227e-07, 2.46917181812e-07, 2.15141838567e-07, 2.33211949308e-07, 2.18077431668e-07, 2.49457286827e-07, 2.50987255868e-07, 2.00229393954e-07, 2.34436129176e-07, 2.07536345442e-07, 1.95793177227e-07, 2.28992860229e-07],
        "dmean2": [0.00122413982172, 0.00153294822667, 0.00141229678411, 0.00118361855857, 0.000452645937912, 0.000179683585884, 0.000282516353764, 0.000576616323087, 0.000454468885437, 0.000233780840063, 0.000149130413774, 0.000129366919282, 0.000124511192553, 0.000107710715383, 5.46065566596e-05, 5.69335898035e-05, 5.09759011038e-05, 6.15335084149e-05, 3.24536813423e-05, 1.71882566065e-05, 8.04845785751e-06, 8.64781031851e-06, 6.66034202368e-06, 3.48003118233e-06, 1.77472770702e-06, 1.62994956554e-06, 1.45678154695e-06, 6.76067202221e-07, 4.89912167723e-07, 3.91684409351e-07, 3.54948895165e-07, 3.74599494535e-07, 3.46997580891e-07, 4.014938213e-07, 3.95436870804e-07, 3.07907612296e-07, 3.79135570938e-07, 3.30057872588e-07, 3.16870028882e-07, 3.31802823439e-07],
        "dvar": [1.84705174888e-06, 3.2524285416e-06, 2.71124963547e-06, 1.76973151156e-06, 1.55919678946e-07, 3.94858261643e-08, 2.23907633767e-07, 1.15551597446e-06, 5.82485029099e-07, 3.35566681997e-07, 3.09497387718e-08, 3.63069538878e-08, 5.7411039478e-08, 1.11655808155e-07, 8.26814083865e-09, 1.42588492125e-08, 1.6050822893e-08, 2.16897753091e-08, 2.15151696459e-09, 2.27559096566e-10, 7.23849383211e-11, 1.19817489264e-10, 7.93356144668e-11, 1.39224413248e-11, 3.96327762275e-12, 3.18511167961e-12, 3.01234948444e-12, 9.49761645198e-13, 2.89256276266e-13, 1.35345619261e-13, 8.68743960233e-14, 1.23774146314e-13, 1.25193909059e-13, 1.78035971382e-13, 2.05726318685e-13, 2.67868897636e-13, 4.50768599964e-13, 3.764811813e-13, 4.33379731841e-13, 3.36162440115e-13],
        "dvar2": [3.77527726414e-06, 8.69138966664e-06, 6.93331867296e-06, 4.38479128206e-06, 4.12019431906e-07, 1.04357049224e-07, 5.59599698136e-07, 2.83758504338e-06, 1.38879306633e-06, 7.25659106138e-07, 7.9805921871e-08, 8.44417087364e-08, 1.34663125095e-07, 2.79448812535e-07, 2.04240784285e-08, 3.27050138083e-08, 3.97050676781e-08, 5.79969174908e-08, 4.90154361543e-09, 5.84820081251e-10, 2.04777625412e-10, 2.90562907068e-10, 1.79784215293e-10, 3.69630437369e-11, 8.91235349409e-12, 7.25674945481e-12, 6.96920993137e-12, 1.93851553733e-12, 7.18725317976e-13, 3.33989536331e-13, 2.31352670311e-13, 2.83174010499e-13, 3.09650742547e-13, 4.67718474628e-13, 5.53400587074e-13, 7.50658324562e-13, 1.17603854172e-12, 7.69459474435e-13, 1.12412845959e-12, 7.74125392695e-13],
        "max": [0.0124758603051, 0.0123223848641, 0.0146212391555, 0.0113851288334, 0.00401791231707, 0.00254971254617, 0.00945009943098, 0.0176728218794, 0.0116368439049, 0.0150486649945, 0.00283193704672, 0.00303608342074, 0.00414592353627, 0.00819828733802, 0.00156592298299, 0.00248729321174, 0.00274975877255, 0.00302180834115, 0.00110058940481, 0.000206142212846, 0.000132266955916, 0.000206934884773, 0.000190496866708, 5.30968209205e-05, 4.59028306068e-05, 4.46947269666e-05, 2.30676869251e-05, 2.75183683698e-05, 1.10356268124e-05, 3.90769764635e-06, 3.22294772559e-06, 5.10586960445e-06, 4.84738939122e-06, 6.32857836536e-06, 5.72159615331e-06, 1.09950060505e-05, 2.04325970117e-05, 1.62058950082e-05, 1.93512696569e-05, 1.25204323922e-05],
        "mean": [0.000966690073255, 0.00105540640652, 0.00108483945951, 0.000950983201619, 0.000407648010878, 0.000163004573551, 0.000309855677187, 0.000642005063128, 0.000473055872135, 0.000228978067753, 0.000167012694874, 0.00014556881797, 0.000136367380037, 0.000109431428427, 4.92687868245e-05, 5.70689626329e-05, 4.54630207969e-05, 6.11344075878e-05, 3.971840124e-05, 2.29715260502e-05, 9.73547503236e-06, 1.04806758827e-05, 7.94289644546e-06, 3.55152633347e-06, 2.15598015529e-06, 2.00375325221e-06, 1.55950681346e-06, 8.06184743851e-07, 5.45819887066e-07, 4.75043066217e-07, 4.10396694406e-07, 4.06453324331e-07, 3.80586811843e-07, 4.4364477958e-07, 4.29112589018e-07, 3.34523690526e-07, 3.66314992561e-07, 3.05224290287e-07, 2.41474879203e-07, 3.03619032138e-07],
        "median": [0.000328378955601, 0.000493505620398, 0.000632610055618, 0.00049739156384, 0.000252894387813, 9.24647247302e-05, 0.000140184769407, 0.000120449767564, 0.00011301653285, 8.87118512765e-05, 8.47423434607e-05, 5.0909431593e-05, 2.9170911148e-05, 2.03069048439e-05, 2.04303487408e-05, 1.41059672387e-05, 1.00633887996e-05, 1.91501185327e-05, 2.28547050938e-05, 1.43618462971e-05, 6.43117846266e-06, 6.35615788269e-06, 3.91524781662e-06, 1.97703343474e-06, 1.26654902033e-06, 1.10060318548e-06, 6.32878084161e-07, 3.59571203035e-07, 3.09778897645e-07, 2.92649417588e-07, 2.71479564162e-07, 2.31492393254e-07, 2.0556939262e-07, 2.74382387033e-07, 2.56211251326e-07, 1.32585356027e-07, 1.2888901324e-07, 8.4319580651e-08, 5.34416422227e-08, 5.64340112419e-08],
