{
"highlevel": {
    "danceability": {
        "all": {
            "danceable": 0.999993264675,
            "not_danceable": 6.71576572131e-06
        },
        "probability": 0.999993264675,
        "value": "danceable"
    },
    "gender": {
        "all": {
            "female": 0.720188677311,
            "male": 0.279811352491
        },
        "probability": 0.720188677311,
        "value": "female"
    },
    "genre_dortmund": {
        "all": {
            "alternative": 0.0434309206903,
            "blues": 0.00986456312239,
            "electronic": 0.0759286731482,
            "folkcountry": 0.0689222440124,
            "funksoulrnb": 0.0255542434752,
            "jazz": 0.0295181572437,
            "pop": 0.129304870963,
            "raphiphop": 0.396548897028,
            "rock": 0.220927447081
        },
        "probability": 0.396548897028,
        "value": "raphiphop"
    },
    "genre_electronic": {
        "all": {
            "ambient": 0.116921626031,
            "dnb": 0.0755719691515,
            "house": 0.0946801826358,
            "techno": 0.0191364213824,
            "trance": 0.693689823151
        },
        "probability": 0.693689823151,
        "value": "trance"
    },
    "genre_rosamerica": {
        "all": {
            "cla": 0.00248370110057,
            "dan": 0.381880074739,
            "hip": 0.046221960336,
            "jaz": 0.00285929790698,
            "pop": 0.406480789185,
            "rhy": 0.0832236260176,
            "roc": 0.0732924565673,
            "spe": 0.00355809438042
        },
        "probability": 0.406480789185,
        "value": "pop"
    },
    "genre_tzanetakis": {
        "all": {
            "blu": 0.0620671063662,
            "cla": 0.034474901855,
            "cou": 0.103433981538,
            "dis": 0.0620971247554,
            "hip": 0.15527240932,
            "jaz": 0.310666948557,
            "met": 0.044346679002,
            "pop": 0.0620793737471,
            "reg": 0.0620816536248,
            "roc": 0.103479810059
        },
        "probability": 0.310666948557,
        "value": "jaz"
    },
    "ismir04_rhythm": {
        "all": {
            "ChaChaCha": 0.0145030459389,
            "Jive": 0.017058532685,
            "Quickstep": 0.00933373253793,
            "Rumba-American": 0.00421499134973,
            "Rumba-International": 0.0467083007097,
            "Rumba-Misc": 0.0138088911772,
            "Samba": 0.882448971272,
            "Tango": 0.00246878759935,
            "VienneseWaltz": 0.00712667871267,
            "Waltz": 0.00232804124244
        },
        "probability": 0.882448971272,
        "value": "Samba"
    },
    "mood_acoustic": {
        "all": {
            "acoustic": 0.0296743568033,
            "not_acoustic": 0.970325648785
        },
        "probability": 0.970325648785,
        "value": "not_acoustic"
    },
    "mood_aggressive": {
        "all": {
            "aggressive": 0.0413506813347,
            "not_aggressive": 0.958649337292
        },
        "probability": 0.958649337292,
        "value": "not_aggressive"
    },
    "mood_electronic": {
        "all": {
            "electronic": 0.844479441643,
            "not_electronic": 0.155520543456
        },
        "probability": 0.844479441643,
        "value": "electronic"
    },
    "mood_happy": {
        "all": {
            "happy": 0.865881383419,
            "not_happy": 0.134118631482
        },
        "probability": 0.865881383419,
        "value": "happy"
    },
    "mood_party": {
        "all": {
            "not_party": 0.366863280535,
            "party": 0.633136689663
        },
        "probability": 0.633136689663,
        "value": "party"
    },
    "mood_relaxed": {
        "all": {
            "not_relaxed": 0.894707977772,
            "relaxed": 0.10529204458
        },
        "probability": 0.894707977772,
        "value": "not_relaxed"
    },
    "mood_sad": {
        "all": {
            "not_sad": 0.827468276024,
            "sad": 0.172531723976
        },
        "probability": 0.827468276024,
        "value": "not_sad"
    },
    "moods_mirex": {
        "all": {
            "Cluster1": 0.257564514875,
            "Cluster2": 0.192490175366,
            "Cluster3": 0.057440456003,
            "Cluster4": 0.216206654906,
            "Cluster5": 0.276298195124
        },
        "probability": 0.276298195124,
        "value": "Cluster5"
    },
    "timbre": {
        "all": {
            "bright": 0.982516825199,
            "dark": 0.0174831710756
        },
        "probability": 0.982516825199,
        "value": "bright"
    },
    "tonal_atonal": {
        "all": {
            "atonal": 0.489512145519,
            "tonal": 0.510487854481
        },
        "probability": 0.510487854481,
        "value": "tonal"
    },
    "voice_instrumental": {
        "all": {
            "instrumental": 0.0599237084389,
            "voice": 0.940076291561
        },
        "probability": 0.940076291561,
        "value": "voice"
    }
},
"lowlevel": {
    "average_loudness": 0.980197906494,
    "barkbands_crest": {
        "dmean": 3.73837924004,
        "dmean2": 5.79824972153,
        "dvar": 11.9913778305,
        "dvar2": 23.8258647919,
        "max": 25.6514453888,
        "mean": 13.5077095032,
        "median": 12.3712968826,
        "min": 2.89362931252,
        "var": 36.7012214661
    },
    "barkbands_flatness_db": {
        "dmean": 0.0354106463492,
        "dmean2": 0.0489918999374,
        "dvar": 0.00104653055314,
        "dvar2": 0.00210059038363,
        "max": 0.389192670584,
        "mean": 0.164573386312,
        "median": 0.156264767051,
        "min": 0.0444727167487,
        "var": 0.00429587205872
    },
    "barkbands_kurtosis": {
        "dmean": 7.98476028442,
        "dmean2": 11.3803453445,
        "dvar": 224.382720947,
        "dvar2": 464.893554688,
        "max": 241.184738159,
        "mean": 10.7070550919,
        "median": 4.05980157852,
        "min": -1.8216586113,
        "var": 412.180877686
    },
    "barkbands_skewness": {
        "dmean": 0.931124269962,
        "dmean2": 1.29329574108,
        "dvar": 0.986706614494,
        "dvar2": 1.77992486954,
        "max": 12.6774969101,
        "mean": 2.33461785316,
        "median": 1.81863570213,
        "min": -2.44384360313,
        "var": 3.48461484909
    },
    "barkbands_spread": {
        "dmean": 7.82687044144,
        "dmean2": 11.7951469421,
        "dvar": 80.0422134399,
        "dvar2": 182.823059082,
        "max": 92.7216796875,
        "mean": 19.9098987579,
        "median": 16.7498321533,
        "min": 0.644379556179,
        "var": 190.424133301
    },
    "dissonance": {
        "dmean": 0.0265077967197,
        "dmean2": 0.0439335256815,
        "dvar": 0.000656471704133,
        "dvar2": 0.00172284606379,
        "max": 0.499969303608,
        "mean": 0.452855288982,
        "median": 0.463098615408,
        "min": 0.258429855108,
        "var": 0.00140354048926
    },
    "dynamic_complexity": 1.85715353489,
    "erbbands_crest": {
        "dmean": 2.97961378098,
        "dmean2": 4.69441413879,
        "dvar": 7.66171836853,
        "dvar2": 17.5706138611,
        "max": 29.8061962128,
        "mean": 9.07551860809,
        "median": 7.97204494476,
        "min": 2.59113311768,
        "var": 21.173664093
    },
    "erbbands_flatness_db": {
        "dmean": 0.0206508040428,
        "dmean2": 0.0292773488909,
        "dvar": 0.000423366349423,
        "dvar2": 0.000786394753959,
        "max": 0.286653310061,
        "mean": 0.13387401402,
        "median": 0.126571521163,
        "min": 0.0524863451719,
        "var": 0.00181383115705
    },
    "erbbands_kurtosis": {
        "dmean": 1.46648597717,
        "dmean2": 2.18401384354,
        "dvar": 4.99574613571,
        "dvar2": 10.2076692581,
        "max": 36.1704483032,
        "mean": 1.54981470108,
        "median": 0.299290895462,
        "min": -1.52531385422,
        "var": 13.3520622253
    },
    "erbbands_skewness": {
        "dmean": 0.42690345645,
        "dmean2": 0.642402887344,
        "dvar": 0.176266387105,
        "dvar2": 0.368752807379,
        "max": 4.90161323547,
        "mean": 0.581517636776,
        "median": 0.489114046097,
        "min": -4.01836109161,
        "var": 0.668187975883
    },
    "erbbands_spread": {
        "dmean": 10.8294172287,
        "dmean2": 15.3689489365,
        "dvar": 117.598899841,
        "dvar2": 241.723876953,
        "max": 120.960166931,
        "mean": 41.6045341492,
        "median": 39.5462036133,
        "min": 4.3279876709,
        "var": 445.672668457
    },
    "hfc": {
        "dmean": 13.7983083725,
        "dmean2": 20.6390094757,
        "dvar": 370.110656738,
        "dvar2": 878.188598633,
        "max": 179.709197998,
        "mean": 30.9238147736,
        "median": 23.6680278778,
        "min": 0.642711162567,
        "var": 594.155395508
    },
    "melbands_crest": {
        "dmean": 4.327003479,
        "dmean2": 6.64875364304,
        "dvar": 13.7980556488,
        "dvar2": 31.9190177917,
        "max": 35.9850616455,
        "mean": 18.1274967194,
        "median": 17.6435852051,
        "min": 4.12941503525,
        "var": 58.622844696
    },
    "melbands_flatness_db": {
        "dmean": 0.0421084277332,
        "dmean2": 0.0570818223059,
        "dvar": 0.00152695027646,
        "dvar2": 0.00301986117847,
        "max": 0.508076369762,
        "mean": 0.227641239762,
        "median": 0.219561249018,
        "min": 0.0349657796323,
        "var": 0.00788583513349
    },
    "melbands_kurtosis": {
        "dmean": 17.1764411926,
        "dmean2": 25.497882843,
        "dvar": 1122.34716797,
        "dvar2": 2395.78198242,
        "max": 523.417114258,
        "mean": 27.1230583191,
        "median": 11.7110204697,
        "min": -1.86867725849,
        "var": 2037.50427246
    },
    "melbands_skewness": {
        "dmean": 1.20383691788,
        "dmean2": 1.69123005867,
        "dvar": 1.7690975666,
        "dvar2": 3.28068351746,
        "max": 18.5965538025,
        "mean": 3.50915646553,
        "median": 2.88661456108,
        "min": -1.09389722347,
        "var": 6.61344146729
    },
    "melbands_spread": {
        "dmean": 8.32037353516,
        "dmean2": 13.0225086212,
        "dvar": 215.887481689,
        "dvar2": 497.803985596,
        "max": 271.254180908,
        "mean": 18.6768951416,
        "median": 14.9875020981,
        "min": 0.501604378223,
        "var": 352.69934082
    },
    "pitch_salience": {
        "dmean": 0.0972570329905,
        "dmean2": 0.147055715322,
        "dvar": 0.00927020050585,
        "dvar2": 0.0179975535721,
        "max": 0.844753801823,
        "mean": 0.460313558578,
        "median": 0.480723619461,
        "min": 0.0635221228004,
        "var": 0.0291422512382
    },
    "silence_rate_20dB": {
        "dmean": 0,
        "dmean2": 0,
        "dvar": 0,
        "dvar2": 0,
        "max": 1,
        "mean": 1,
        "median": 1,
        "min": 1,
        "var": 0
    },
    "silence_rate_30dB": {
        "dmean": 0.122291021049,
        "dmean2": 0.244771495461,
        "dvar": 0.107334837317,
        "dvar2": 0.18485674262,
        "max": 1,
        "mean": 0.755607128143,
        "median": 1,
        "min": 0,
        "var": 0.184663429856
    },
    "silence_rate_60dB": {
        "dmean": 0,
        "dmean2": 0,
        "dvar": 0,
        "dvar2": 0,
        "max": 0,
        "mean": 0,
        "median": 0,
        "min": 0,
        "var": 0
    },
    "spectral_centroid": {
        "dmean": 287.4503479,
        "dmean2": 431.986785889,
        "dvar": 115128.34375,
        "dvar2": 260843.921875,
        "max": 5353.21679688,
        "mean": 1145.67590332,
        "median": 1026.55456543,
        "min": 270.021484375,
        "var": 293336.4375
    },
    "spectral_complexity": {
        "dmean": 5.88854503632,
        "dmean2": 8.68628978729,
        "dvar": 43.8374900818,
        "dvar2": 92.2507400513,
        "max": 52,
        "mean": 19.3766441345,
        "median": 17,
        "min": 3,
        "var": 85.5433731079
    },
    "spectral_decrease": {
        "dmean": 6.70206379283e-09,
        "dmean2": 8.97308627401e-09,
        "dvar": 5.60723370286e-17,
        "dvar2": 9.17057028655e-17,
        "max": -5.78350256575e-10,
        "mean": -1.71947753813e-08,
        "median": -1.16779563797e-08,
        "min": -6.72542910252e-08,
        "var": 2.18163063209e-16
    },
    "spectral_energy": {
        "dmean": 0.0257846135646,
        "dmean2": 0.034408710897,
        "dvar": 0.000797060260084,
        "dvar2": 0.00131391186733,
        "max": 0.255777329206,
        "mean": 0.0677019879222,
        "median": 0.047603238374,
        "min": 0.00224112253636,
        "var": 0.00314368633553
    },
    "spectral_energyband_high": {
        "dmean": 0.00092037563445,
        "dmean2": 0.00139436172321,
        "dvar": 2.50610150943e-06,
        "dvar2": 5.78671597395e-06,
        "max": 0.0208438038826,
        "mean": 0.00149481592234,
        "median": 0.000797364278696,
        "min": 4.61342295921e-07,
        "var": 4.08343157687e-06
    },
    "spectral_energyband_low": {
        "dmean": 0.0224206969142,
        "dmean2": 0.0305654201657,
        "dvar": 0.000967420462985,
        "dvar2": 0.00156116893049,
        "max": 0.24774068594,
        "mean": 0.0461030341685,
        "median": 0.017599221319,
        "min": 0.000125090635265,
        "var": 0.00328713469207
    },
    "spectral_energyband_middle_high": {
        "dmean": 0.00357563979924,
        "dmean2": 0.00555196590722,
        "dvar": 2.05221676879e-05,
        "dvar2": 4.54047331004e-05,
        "max": 0.0496719963849,
        "mean": 0.00698539428413,
        "median": 0.0045674610883,
        "min": 0.000126159517094,
        "var": 4.71132007078e-05
    },
    "spectral_energyband_middle_low": {
        "dmean": 0.00662603974342,
        "dmean2": 0.0105940550566,
        "dvar": 6.69133805786e-05,
        "dvar2": 0.000158291397383,
        "max": 0.0673357695341,
        "mean": 0.0140166226774,
        "median": 0.011121683754,
        "min": 0.000296233163681,
        "var": 0.00011002215615
    },
    "spectral_entropy": {
        "dmean": 0.216930091381,
        "dmean2": 0.304686158895,
        "dvar": 0.0509033687413,
        "dvar2": 0.10093344003,
        "max": 8.81924438477,
        "mean": 7.63571405411,
        "median": 7.6820397377,
        "min": 6.36048316956,
        "var": 0.176532119513
    },
    "spectral_flux": {
        "dmean": 0.05335983634,
        "dmean2": 0.0860579386353,
        "dvar": 0.00285591534339,
        "dvar2": 0.00695582805201,
        "max": 0.395101130009,
        "mean": 0.134182095528,
        "median": 0.117673709989,
        "min": 0.0164751634002,
        "var": 0.00539298681542
    },
    "spectral_kurtosis": {
        "dmean": 1.38577818871,
        "dmean2": 2.12716531754,
        "dvar": 4.71906280518,
        "dvar2": 11.2884874344,
        "max": 43.0415306091,
        "mean": 3.815513134,
        "median": 3.06964826584,
        "min": -0.842373371124,
        "var": 10.8887386322
    },
    "spectral_rms": {
        "dmean": 0.00153671298176,
        "dmean2": 0.0020455350168,
        "dvar": 2.16402713704e-06,
        "dvar2": 3.43172882822e-06,
        "max": 0.0157967992127,
        "mean": 0.00744547322392,
        "median": 0.0068148500286,
        "min": 0.00147866865154,
        "var": 1.06155830508e-05
    },
    "spectral_rolloff": {
        "dmean": 573.531799316,
        "dmean2": 943.892883301,
        "dvar": 1166536.25,
        "dvar2": 2699347.5,
        "max": 11154.1992188,
        "mean": 1100.42480469,
        "median": 732.12890625,
        "min": 64.599609375,
        "var": 1806919.625
    },
    "spectral_skewness": {
        "dmean": 0.245574504137,
        "dmean2": 0.360091596842,
        "dvar": 0.0650984570384,
        "dvar2": 0.13444493711,
        "max": 4.8912153244,
        "mean": 1.66679143906,
        "median": 1.57293570042,
        "min": -0.140741914511,
        "var": 0.262299895287
    },
    "spectral_spread": {
        "dmean": 714099.6875,
        "dmean2": 1042447.875,
        "dvar": 628996374528,
        "dvar2": 1.24000953958e+12,
        "max": 16100463,
        "mean": 5876741,
        "median": 5892162.5,
        "min": 1516237.875,
        "var": 2.0701970432e+12
    },
    "spectral_strongpeak": {
        "dmean": 0.601993560791,
        "dmean2": 0.988853394985,
        "dvar": 0.85642772913,
        "dvar2": 1.9352004528,
        "max": 10.5160627365,
        "mean": 1.04509019852,
        "median": 0.606963992119,
        "min": 0.0373037308455,
        "var": 1.60483777523
    },
    "zerocrossingrate": {
        "dmean": 0.0141178285703,
        "dmean2": 0.0160588175058,
        "dvar": 0.000269114796538,
        "dvar2": 0.000344589032466,
        "max": 0.341796875,
        "mean": 0.0537279322743,
        "median": 0.0458984375,
        "min": 0.0029296875,
        "var": 0.0014606078621
    },
    "barkbands": {
        "dmean": [0.00155656365678, 0.0211360957474, 0.00343355885707, 0.00155816413462, 0.00241818535142, 0.000993297086097, 0.00192787789274, 0.00145393365528, 0.00178605469409, 0.000946097949054, 0.000641111226287, 0.000736931164283, 0.000439568946604, 0.000716776179615, 0.00047862023348, 0.000306114932755, 0.00035744876368, 0.000274603225989, 0.000251234305324, 0.000155656671268, 0.000149415238411, 0.000161131785717, 0.000190512379049, 0.000186170291272, 0.000170267085196, 0.000148474544403, 2.01329779514e-08],
        "dmean2": [0.0022326274775, 0.0285050347447, 0.00580857554451, 0.00269884918816, 0.004050148651, 0.00164342590142, 0.00307783344761, 0.00236807554029, 0.0027188914828, 0.00140586064663, 0.000969173910562, 0.0011862058891, 0.000706838967744, 0.00110119231977, 0.000787636381574, 0.000500141060911, 0.000619106169324, 0.000472677027574, 0.00041683454765, 0.000248348515015, 0.000235807776335, 0.000258074578596, 0.000296195183182, 0.000284312205622, 0.000265655864496, 0.000244701775955, 3.76205413488e-08],
        "dvar": [1.11559274956e-05, 0.000938038458116, 5.04601484863e-05, 7.24080018699e-06, 1.567068648e-05, 3.19946025229e-06, 1.16878100016e-05, 7.82253664511e-06, 1.39078319989e-05, 4.00277349399e-06, 2.95667177852e-06, 1.58354828272e-06, 6.69948292398e-07, 2.04950561056e-06, 8.76030640029e-07, 6.84142321461e-07, 4.50629158877e-07, 2.71182045708e-07, 2.74790295407e-07, 9.89130626294e-08, 7.16907067044e-08, 6.98225264273e-08, 1.90298408143e-07, 1.4541069504e-07, 1.74285148091e-07, 1.25489819425e-07, 6.09854870529e-15],
        "dvar2": [2.10844973481e-05, 0.00152405316476, 0.000133296765853, 1.99397509277e-05, 4.05389182561e-05, 7.84795975051e-06, 2.8658500014e-05, 2.01365019166e-05, 3.41809682141e-05, 7.62846048019e-06, 5.59791078558e-06, 3.90683817386e-06, 1.58601858402e-06, 4.05939363191e-06, 2.04170805773e-06, 1.74303795575e-06, 1.22337223729e-06, 7.18050102932e-07, 6.29755163573e-07, 2.14403002019e-07, 1.78843123422e-07, 1.72163353795e-07, 4.8740469083e-07, 3.31247093754e-07, 4.19310168809e-07, 3.39475661804e-07, 1.75253607064e-14],
        "max": [0.0301075074822, 0.233388915658, 0.0563314110041, 0.0214298218489, 0.0432470776141, 0.020793017, 0.0453530959785, 0.0346479415894, 0.047458268702, 0.0364748798311, 0.0394187308848, 0.0163865368813, 0.0141711570323, 0.023684464395, 0.0156706962734, 0.018188200891, 0.00525232916698, 0.00587493553758, 0.00797249376774, 0.00521134957671, 0.00354268588126, 0.00364771485329, 0.0107827493921, 0.00844477768987, 0.00880077946931, 0.00258508534171, 9.25402673602e-07],
        "mean": [0.00254843733273, 0.0391986295581, 0.00358672440052, 0.00177690957207, 0.00345930783078, 0.00138955726288, 0.00258228369057, 0.00167418876663, 0.00293233990669, 0.00162870448548, 0.000931466696784, 0.000980748794973, 0.000575562007725, 0.000945025356486, 0.00060769933043, 0.000382199592423, 0.000358095334377, 0.000278944819001, 0.000265535403742, 0.000196495122509, 0.000217430730117, 0.000246298644925, 0.000284601963358, 0.00027913635131, 0.00022657905356, 0.000149115192471, 1.25141381702e-08],
        "median": [0.00044774916023, 0.0123347258195, 0.00132767867763, 0.000955297611654, 0.00223203096539, 0.000799708242994, 0.00125442701392, 0.000635968171991, 0.000980373006314, 0.00044040416833, 0.000332004245138, 0.000362380465958, 0.000246627634624, 0.000229947341722, 0.000168932951055, 0.000146714723087, 0.000128600760945, 9.58646196523e-05, 6.3407162088e-05, 7.03055702616e-05, 0.000104835082311, 0.000132817396661, 0.000126689992612, 0.000142605276778, 9.91082415567e-05, 4.35128968093e-05, 9.49959444441e-10],
        "min": [5.74498244532e-07, 1.32683017e-05, 2.86071190203e-06, 2.89676881948e-06, 1.24453017634e-05, 7.02003580955e-06, 7.17730472388e-06, 4.50807101515e-06, 9.88254305412e-06, 5.33414731763e-06, 3.00615147353e-06, 9.13052463147e-06, 2.94240862786e-06, 3.0008095564e-06, 2.31251078731e-06, 1.55762063514e-06, 4.37636202832e-07, 4.71571041771e-07, 1.81255771281e-07, 1.39669950272e-07, 1.53940590053e-07, 1.37943331424e-07, 3.69871635542e-08, 3.02596845358e-08, 1.821532436e-08, 1.29420696382e-10, 1.00463587102e-11],
        "var": [2.82443670585e-05, 0.00278864009306, 4.10976172134e-05, 6.26451264907e-06, 1.77670972334e-05, 4.07945708503e-06, 1.52702414198e-05, 8.00554335001e-06, 2.57228002738e-05, 1.22952214952e-05, 5.02623288412e-06, 2.50653033618e-06, 1.00642716916e-06, 4.25076586907e-06, 1.41074815474e-06, 7.047916597e-07, 3.76537627744e-07, 2.40414152586e-07, 3.2725120036e-07, 1.35785242605e-07, 9.47365919046e-08, 1.02172393213e-07, 2.76509410924e-07, 2.23664059718e-07, 1.92967490875e-07, 9.72255520537e-08, 3.56697813715e-15]
    },
    "erbbands": {
        "dmean": [0.85733371973, 4.75701236725, 5.17273283005, 4.22856044769, 6.900598526, 9.05365467072, 5.94682216644, 9.96842765808, 22.6972446442, 27.4030685425, 36.1943206787, 40.0303955078, 31.5497436523, 27.2234210968, 22.7162380219, 24.4881458282, 19.7267341614, 25.4359703064, 33.4652442932, 20.1364459991, 17.8130874634, 20.5739307404, 16.2295875549, 9.74388504028, 14.1324100494, 6.81921482086, 6.04025840759, 5.95474338531, 6.04257917404, 5.11739444733, 5.61404132843, 4.22174072266, 3.08989048004, 2.11181426048, 1.16618812084, 0.574598670006, 0.355348974466, 0.0210344642401, 0.000404225138482, 3.94419330405e-05],
        "dmean2": [1.23422253132, 6.54379034042, 7.9350643158, 7.23476457596, 11.8978004456, 15.3075714111, 9.9427318573, 16.5008602142, 36.3805885315, 44.7457389832, 57.435634613, 60.6338348389, 46.8457374573, 39.6599159241, 34.5232543945, 39.6673774719, 31.8479499817, 40.0522651672, 52.5115776062, 32.6142349243, 28.5761795044, 35.145198822, 28.0300731659, 16.5621128082, 23.0860595703, 10.9440517426, 9.61717224121, 9.40247344971, 9.745221138, 8.12670516968, 8.77662849426, 6.51363420486, 4.74541139603, 3.29720783234, 1.81096994877, 0.92049241066, 0.604375958443, 0.0352584533393, 0.000670671055559, 6.06890716881e-05],
        "dvar": [2.03910207748, 53.2973060608, 96.613067627, 50.3745880127, 173.478820801, 190.159484863, 81.6149978638, 360.333831787, 2072.30639648, 2859.2109375, 4742.41357422, 7699.88525391, 3394.13232422, 2516.36791992, 2095.83154297, 1935.66162109, 1259.26000977, 1850.32006836, 3852.77661133, 1380.35302734, 2568.72143555, 1403.59558105, 1004.95507812, 304.162963867, 1040.81713867, 142.914611816, 110.114318848, 126.936256409, 95.8260574341, 74.0758743286, 190.231918335, 87.415725708, 47.7651596069, 36.2259559631, 6.13935089111, 1.64989888668, 0.935701072216, 0.00292588933371, 1.02174351468e-06, 3.01780334055e-09],
        "dvar2": [4.51606941223, 82.6428985596, 219.97555542, 135.285797119, 425.619476318, 492.145874023, 213.612625122, 880.57244873, 5028.61816406, 7389.64208984, 11893.6337891, 18120.890625, 6992.39404297, 4936.93652344, 4142.02978516, 4901.76171875, 2899.92382812, 4475.05224609, 8106.17041016, 3085.60839844, 7042.46240234, 3762.85595703, 2725.71142578, 782.032897949, 2332.35864258, 322.203613281, 263.359069824, 325.932983398, 229.743240356, 179.015533447, 501.462585449, 185.859649658, 116.374214172, 86.6127243042, 15.2705059052, 4.47553014755, 2.53058362007, 0.00776380952448, 2.72052398032e-06, 6.93197188539e-09],
        "max": [10.6641893387, 54.207069397, 73.1629867554, 56.2526626587, 135.436218262, 144.682159424, 81.3794403076, 230.664123535, 750.601623535, 675.641052246, 698.545471191, 1241.45654297, 984.68560791, 1067.07568359, 1185.35388184, 600.449401855, 706.200378418, 544.106323242, 930.816772461, 553.837646484, 1200.36230469, 277.583526611, 363.305786133, 152.182678223, 523.206176758, 148.705307007, 157.705734253, 164.928314209, 119.891220093, 92.7375488281, 350.453918457, 224.924499512, 112.138038635, 140.468414307, 38.0952758789, 19.5428180695, 6.65987253189, 0.384223163128, 0.00704989070073, 0.000424374680733],
        "mean": [1.39895141125, 7.50996637344, 6.43563508987, 5.14520692825, 8.92507553101, 12.2289018631, 9.12064361572, 13.8925905228, 32.0871200562, 34.6605796814, 48.3562011719, 62.7621383667, 55.0598716736, 48.6840019226, 33.443359375, 33.0359115601, 27.8043880463, 34.0748558044, 44.1795501709, 28.4286327362, 22.3446388245, 22.194108963, 16.9407901764, 10.3035621643, 15.4632444382, 8.88160896301, 8.53014659882, 8.73622512817, 9.031001091, 7.90855264664, 8.12998771667, 6.41975021362, 4.43229722977, 2.81562614441, 1.48339164257, 0.679733991623, 0.310020416975, 0.0190068110824, 0.000411127955886, 9.91711494862e-05],
        "median": [0.441591382027, 2.1559946537, 2.02695560455, 2.86249089241, 4.9362950325, 7.12590122223, 5.48123550415, 7.76588821411, 15.721540451, 16.2810688019, 18.9913482666, 21.0078678131, 21.8840255737, 22.5269947052, 14.952205658, 13.0212268829, 12.2624034882, 11.8167791367, 12.3031816483, 10.8061943054, 8.14255523682, 8.32230949402, 6.23293590546, 3.12814092636, 3.70190286636, 3.29615902901, 4.13268327713, 4.19116544724, 4.66158676147, 4.28591918945, 3.58391308784, 2.97596907616, 2.21612596512, 1.17273032665, 0.594696223736, 0.267853915691, 0.0593992322683, 0.00393507257104, 0.000122689059936, 7.17482107575e-05],
        "min": [0.000246167939622, 0.00506603717804, 0.0146139347926, 0.0489348955452, 0.0252387616783, 0.0706552639604, 0.108750544488, 0.154207065701, 0.175887912512, 0.241845667362, 0.155448332429, 0.225205048919, 0.300019472837, 0.410498559475, 0.516419351101, 0.355391710997, 0.153639629483, 0.133334353566, 0.214894577861, 0.125954464078, 0.0554209314287, 0.0416596792638, 0.0281232334673, 0.021158086136, 0.008146610111, 0.0063293678686, 0.00646290043369, 0.00564797362313, 0.0049521191977, 0.0024540356826, 0.00102924683597, 0.00020348225371, 0.000626705645118, 0.000214774467167, 0.000117880830658, 2.29287852562e-05, 1.69170698427e-06, 1.52012333388e-07, 1.47660796301e-06, 2.55928534898e-06],
        "var": [4.51932239532, 125.304138184, 113.818092346, 45.1361732483, 184.559448242, 250.038497925, 117.085403442, 454.419464111, 2506.78686523, 3041.31835938, 6042.48632812, 13733.9150391, 8480.76367188, 5829.55908203, 4187.65136719, 2828.93457031, 2149.38989258, 3046.03979492, 7582.14404297, 2429.89916992, 2418.63549805, 1312.78503418, 831.520507812, 300.582427979, 1310.40112305, 203.711837769, 154.123519897, 164.470474243, 149.26902771, 109.13507843, 263.716369629, 162.486373901, 58.37134552, 39.1020545959, 6.67306613922, 1.40838038921, 0.666512012482, 0.0022084871307, 7.84994085734e-07, 6.29792085149e-09]
    },
    "gfcc": {
        "mean": [39.4339561462, 84.8329086304, -95.0528945923, 26.8085613251, -62.6977539062, 33.2251663208, -36.8760490417, 18.9525985718, -17.5956420898, 9.2184047699, -18.3601360321, 3.84297013283, -9.78408241272],
        "cov": [[2943.08300781, -1097.02539062, -118.055259705, 220.1693573, -65.1013336182, -129.618103027, -214.306137085, 129.838607788, -184.69694519, 103.708892822, -195.645492554, 59.024055481, -225.05708313], [-1097.02539062, 1054.328125, 149.462127686, -122.697792053, 230.402359009, 142.689575195, 278.952636719, -24.9082641602, 194.47668457, -22.4001655579, 186.666275024, -31.6152820587, 100.370750427], [-118.055259705, 149.462127686, 540.071472168, 101.065429688, 201.080490112, 94.3685379028, 157.773742676, 97.9922637939, 89.7805633545, 77.8601379395, 63.3992462158, 82.6273651123, 16.9809188843], [220.1693573, -122.697792053, 101.065429688, 387.20980835, 105.307601929, -72.8812103271, -71.2612075806, 23.7771778107, 30.0640602112, 22.4979839325, 36.2270774841, 5.68088102341, 24.5491371155], [-65.1013336182, 230.402359009, 201.080490112, 105.307601929, 335.381744385, 94.9326171875, 118.469573975, 64.4142379761, 117.027160645, 65.9502487183, 65.1451873779, 28.2576370239, 27.7939605713], [-129.618103027, 142.689575195, 94.3685379028, -72.8812103271, 94.9326171875, 259.776397705, 177.367385864, 24.8107376099, 71.6390686035, 19.6503009796, 23.3865699768, -2.86382579803, 41.5948104858], [-214.306137085, 278.952636719, 157.773742676, -71.2612075806, 118.469573975, 177.367385864, 302.742675781, 72.9230804443, 74.8356781006, 24.2616691589, 68.9278335571, 19.4280776978, 15.0037202835], [129.838607788, -24.9082641602, 97.9922637939, 23.7771778107, 64.4142379761, 24.8107376099, 72.9230804443, 137.24420166, 61.5047950745, 31.7429676056, 25.4140529633, 33.7366104126, 5.56948041916], [-184.69694519, 194.47668457, 89.7805633545, 30.0640602112, 117.027160645, 71.6390686035, 74.8356781006, 61.5047950745, 165.74597168, 46.4788551331, 49.7195701599, 12.4708776474, 56.2262954712], [103.708892822, -22.4001655579, 77.8601379395, 22.4979839325, 65.9502487183, 19.6503009796, 24.2616691589, 31.7429676056, 46.4788551331, 108.572441101, 30.5670795441, 15.4308166504, -3.48109531403], [-195.645492554, 186.666275024, 63.3992462158, 36.2270774841, 65.1451873779, 23.3865699768, 68.9278335571, 25.4140529633, 49.7195701599, 30.5670795441, 145.936233521, 27.019739151, 19.704826355], [59.024055481, -31.6152820587, 82.6273651123, 5.68088102341, 28.2576370239, -2.86382579803, 19.4280776978, 33.7366104126, 12.4708776474, 15.4308166504, 27.019739151, 85.5053787231, 12.6985063553], [-225.05708313, 100.370750427, 16.9809188843, 24.5491371155, 27.7939605713, 41.5948104858, 15.0037202835, 5.56948041916, 56.2262954712, -3.48109531403, 19.704826355, 12.6985063553, 99.6847229004]],
        "icov": [[0.000777651381213, 0.000261694833171, 0.000470034370665, -0.00060287019005, -9.50496832957e-05, -0.000532349105924, 0.00023964617867, -0.000924859428778, 0.000496633118019, -0.00078731495887, 0.000797550310381, -0.000932090042625, 0.00147830019705], [0.000261694833171, 0.00454739946872, -0.000976754585281, 0.00248621730134, -0.00243593752384, 0.00288451393135, -0.00313102407381, 0.00394741212949, -0.00391513109207, 0.00359205366112, -0.00409727636725, 0.00385775137693, -0.00205524335615], [0.000470034370665, -0.000976754585281, 0.00379932438955, -0.00190193776507, -0.000246963929385, -0.00144496629946, -0.000195377870114, -0.00200271443464, 0.00129000365268, -0.00242632371373, 0.00203518173657, -0.00405038753524, 0.00198026653379], [-0.00060287019005, 0.00248621730134, -0.00190193776507, 0.00591621547937, -0.00278516137041, 0.00338667654432, -0.00063531822525, 0.00253124954179, -0.00238950434141, 0.00313256355003, -0.00424097105861, 0.0046741492115, -0.00397972250357], [-9.50496832957e-05, -0.00243593752384, -0.000246963929385, -0.00278516137041, 0.0067644175142, -0.00250459043309, 0.000830089207739, -0.00188293750398, -0.000258767511696, -0.00297419563867, 0.00200666277669, -0.00254420284182, 0.00207489705645], [-0.000532349105924, 0.00288451393135, -0.00144496629946, 0.00338667654432, -0.00250459043309, 0.0104203913361, -0.00652893865481, 0.0048110820353, -0.00391407776624, 0.00256085162982, -0.00231067626737, 0.00502541195601, -0.00551625713706], [0.00023964617867, -0.00313102407381, -0.000195377870114, -0.00063531822525, 0.000830089207739, -0.00652893865481, 0.0104508697987, -0.00601026928052, 0.00317239784636, -0.0015638966579, 0.000587969785556, -0.00247344980016, 0.00349390739575], [-0.000924859428778, 0.00394741212949, -0.00200271443464, 0.00253124954179, -0.00188293750398, 0.0048110820353, -0.00601026928052, 0.0163337625563, -0.00831579137594, 0.00379564636387, -0.00392958056182, 0.00170339399483, -0.00245251809247], [0.000496633118019, -0.00391513109207, 0.00129000365268, -0.00238950434141, -0.000258767511696, -0.00391407776624, 0.00317239784636, -0.00831579137594, 0.0165806692094, -0.00684667285532, 0.0029419909697, -0.00206226739101, -0.00278560863808], [-0.00078731495887, 0.00359205366112, -0.00242632371373, 0.00313256355003, -0.00297419563867, 0.00256085162982, -0.0015638966579, 0.00379564636387, -0.00684667285532, 0.0164324901998, -0.00612045964226, 0.0040258448571, -0.000835744198412], [0.000797550310381, -0.00409727636725, 0.00203518173657, -0.00424097105861, 0.00200666277669, -0.00231067626737, 0.000587969785556, -0.00392958056182, 0.0029419909697, -0.00612045964226, 0.0144150406122, -0.00745681766421, 0.00338686211035], [-0.000932090042625, 0.00385775137693, -0.00405038753524, 0.0046741492115, -0.00254420284182, 0.00502541195601, -0.00247344980016, 0.00170339399483, -0.00206226739101, 0.0040258448571, -0.00745681766421, 0.0213115625083, -0.0074972496368], [0.00147830019705, -0.00205524335615, 0.00198026653379, -0.00397972250357, 0.00207489705645, -0.00551625713706, 0.00349390739575, -0.00245251809247, -0.00278560863808, -0.000835744198412, 0.00338686211035, -0.0074972496368, 0.0192432440817]]
    },
    "melbands": {
        "dmean": [0.00652546621859, 0.00384174380451, 0.000792370585259, 0.00057627359638, 0.000237349988311, 0.000222946866415, 0.000360389356501, 0.000300567422528, 0.000310703821015, 0.000256410334259, 0.000165426841704, 0.000119351221656, 7.7938871982e-05, 8.51547010825e-05, 4.75941524201e-05, 5.36541738256e-05, 5.12362930749e-05, 6.41324440949e-05, 3.77733595087e-05, 2.14502870222e-05, 2.11415735976e-05, 2.16166117752e-05, 1.99207624973e-05, 1.13930791485e-05, 7.3982109825e-06, 1.14222084449e-05, 8.11500103737e-06, 4.1505804802e-06, 3.87629461329e-06, 3.66601716451e-06, 3.70501197722e-06, 3.61504930879e-06, 3.27146904056e-06, 2.90424645755e-06, 3.09925508191e-06, 3.48026424035e-06, 2.4965738703e-06, 2.33175319408e-06, 1.8994412585e-06, 1.88927288036e-06],
        "dmean2": [0.00876554660499, 0.00554390903562, 0.00134779303335, 0.000960878969636, 0.000393247726606, 0.000366757565644, 0.000574396399315, 0.000491313287057, 0.000480936549138, 0.000388756219763, 0.000246500654612, 0.000173700827872, 0.000119852025819, 0.000135272828629, 7.86464879639e-05, 8.66990594659e-05, 8.00019843155e-05, 9.88918618532e-05, 6.16163088125e-05, 3.47232999047e-05, 3.47212626366e-05, 3.68895707652e-05, 3.46419183188e-05, 1.95932007045e-05, 1.26305494632e-05, 1.89638867596e-05, 1.32484019559e-05, 6.75230057823e-06, 6.23339883532e-06, 5.78688377573e-06, 5.98777160121e-06, 5.849793979e-06, 5.3757621572e-06, 4.65466200694e-06, 4.88044497615e-06, 5.54845473744e-06, 3.84431677958e-06, 3.63089952771e-06, 2.96058874483e-06, 2.99079374599e-06],
        "dvar": [9.01251551113e-05, 4.10266620747e-05, 1.62285209626e-06, 9.9298688383e-07, 1.24825547232e-07, 1.68877235751e-07, 4.45449842346e-07, 3.08942588845e-07, 3.80578399017e-07, 3.09481237082e-07, 9.85938868325e-08, 4.45556906925e-08, 4.14619094613e-08, 2.26053398222e-08, 7.22497039973e-09, 1.11369624634e-08, 8.64562466063e-09, 1.74546244125e-08, 6.90047929908e-09, 2.03716932212e-09, 4.91240559342e-09, 1.47164014308e-09, 1.90018600854e-09, 4.31889440877e-10, 1.85134879649e-10, 7.25663029666e-10, 3.18523568632e-10, 6.69873878589e-11, 5.47571848974e-11, 4.78800610271e-11, 4.88879353666e-11, 3.50015814943e-11, 2.70650533235e-11, 2.67612043636e-11, 4.23410057016e-11, 1.2455217413e-10, 2.92186899675e-11, 2.6034827072e-11, 1.75436297434e-11, 3.70238076308e-11],
        "dvar2": [0.000168529688381, 7.27316728444e-05, 4.2613360165e-06, 2.56179419011e-06, 3.38598198368e-07, 4.12680719819e-07, 1.08807466859e-06, 7.99023837317e-07, 9.35685307013e-07, 7.18328465155e-07, 2.01149802592e-07, 8.73937153756e-08, 8.29465562902e-08, 5.20961833672e-08, 1.83635968654e-08, 2.64627431079e-08, 1.95727576369e-08, 3.50337217014e-08, 1.624168533e-08, 4.49675985337e-09, 1.38681865991e-08, 3.85012821624e-09, 5.17169951308e-09, 1.17708964797e-09, 4.75720296489e-10, 1.70261937882e-09, 6.54363230268e-10, 1.51990808828e-10, 1.30747621063e-10, 1.20421270178e-10, 1.28359753382e-10, 8.53101200793e-11, 6.6878426408e-11, 6.47246284347e-11, 1.05848316223e-10, 3.34420241499e-10, 6.57619514399e-11, 6.34436322922e-11, 4.33863778238e-11, 8.87826825946e-11],
        "max": [0.0755959525704, 0.0450253523886, 0.00947601534426, 0.0115208271891, 0.00339197716676, 0.00480186520144, 0.0105681857094, 0.00737030617893, 0.00779326539487, 0.00834739953279, 0.00534497899935, 0.00392522476614, 0.00550868688151, 0.00246905814856, 0.00107062770985, 0.00180535134859, 0.00124486396089, 0.0021859286353, 0.00168311758898, 0.000780810252763, 0.00172725017183, 0.000289515824988, 0.000421167642344, 0.000203460702323, 0.000142642951687, 0.00047273025848, 0.000352189439582, 0.000120148353744, 0.0001566989813, 0.000109077496745, 9.92949353531e-05, 7.39108436392e-05, 5.59460277145e-05, 5.28362506884e-05, 0.000136007496621, 0.000312849646434, 0.000144453442772, 8.66122136358e-05, 5.84761801292e-05, 0.000150501160533],
        "mean": [0.0117003088817, 0.00580293824896, 0.000994270318188, 0.000790127029177, 0.000365237443475, 0.000315443263389, 0.000507930992171, 0.000373927236069, 0.000413819710957, 0.000403090496548, 0.000281409302261, 0.000212388724321, 0.000111628265586, 0.000114275055239, 5.95783749304e-05, 6.83345351717e-05, 6.44161045784e-05, 8.07013420854e-05, 5.07445911353e-05, 2.67169580184e-05, 2.46429099207e-05, 2.26427364396e-05, 1.96429718926e-05, 1.13193063953e-05, 7.46446812627e-06, 1.16687897389e-05, 9.08942547539e-06, 5.24931056134e-06, 5.21391666553e-06, 5.05809202878e-06, 5.10406880494e-06, 5.14486555403e-06, 4.7323119361e-06, 4.23314304498e-06, 4.38032884631e-06, 4.91534501634e-06, 3.58829584002e-06, 3.17075432577e-06, 2.63986771643e-06, 2.33912965086e-06],
        "median": [0.00380579801276, 0.00190161610954, 0.000562843750231, 0.000463150267024, 0.000226487318287, 0.000177879352123, 0.000265872076852, 0.000169638777152, 0.000140895688673, 0.000125825376017, 0.000100614546682, 8.65341135068e-05, 4.75180167996e-05, 4.18482159148e-05, 1.96045584744e-05, 2.76022547041e-05, 1.89235724974e-05, 1.7963213395e-05, 1.46269067045e-05, 1.05321541923e-05, 8.11811514723e-06, 8.01317492005e-06, 7.18558248991e-06, 3.95209326598e-06, 2.14812166632e-06, 2.47913112617e-06, 2.34834124058e-06, 1.97637405108e-06, 2.35629931922e-06, 2.27001737585e-06, 2.44445050157e-06, 2.53201983469e-06, 2.55758959611e-06, 2.03516356123e-06, 1.91837830243e-06, 1.94509743778e-06, 1.65198468949e-06, 1.51333347276e-06, 1.16993430765e-06, 8.72138684826e-07],
        "min": [3.7418960801e-06, 1.04783885035e-05, 9.26741631702e-06, 3.35466029355e-06, 3.29358249473e-06, 1.22019889659e-06, 1.48807282585e-06, 2.14203896576e-06, 1.10218024929e-06, 1.46268439494e-06, 1.41310999879e-06, 1.60161596341e-06, 1.03516038052e-06, 8.7532470161e-07, 2.85888376084e-07, 3.76178149963e-07, 2.03698817813e-07, 3.36029557957e-07, 1.47834214204e-07, 1.34081176384e-07, 4.21238190995e-08, 3.03758049824e-08, 3.12569738981e-08, 1.93844424956e-08, 1.40105012036e-08, 4.55364412844e-09, 5.47587930555e-09, 3.75107633843e-09, 3.07451064607e-09, 5.05063812994e-09, 3.26137628015e-09, 3.22640558714e-09, 1.98990357525e-09, 7.82894860052e-10, 5.97228932975e-10, 2.75127282068e-10, 2.47572361917e-11, 3.81488451939e-10, 4.65844689213e-11, 2.42745493845e-11],
