{
"highlevel": {
    "danceability": {
        "all": {
            "danceable": 6.16553461441e-06,
            "not_danceable": 0.999993860722
        },
        "probability": 0.999993860722,
        "value": "not_danceable"
    },
    "gender": {
        "all": {
            "female": 0.27478903532,
            "male": 0.72521096468
        },
        "probability": 0.72521096468,
        "value": "male"
    },
    "genre_dortmund": {
        "all": {
            "alternative": 0.156795650721,
            "blues": 0.0171052627265,
            "electronic": 0.0366875976324,
            "folkcountry": 0.0552517473698,
            "funksoulrnb": 0.00516685284674,
            "jazz": 0.00202775909565,
            "pop": 0.0619750134647,
            "raphiphop": 0.000797129003331,
            "rock": 0.664192974567
        },
        "probability": 0.664192974567,
        "value": "rock"
    },
    "genre_electronic": {
        "all": {
            "ambient": 0.334628909826,
            "dnb": 0.145677179098,
            "house": 0.0475286096334,
            "techno": 0.0302321054041,
            "trance": 0.441933184862
        },
        "probability": 0.441933184862,
        "value": "trance"
    },
    "genre_rosamerica": {
        "all": {
            "cla": 0.000363959348761,
            "dan": 0.000554080994334,
            "hip": 9.63117199717e-05,
            "jaz": 3.16283258144e-05,
            "pop": 0.00047300211736,
            "rhy": 0.00102602178231,
            "roc": 0.997451424599,
            "spe": 3.59175464837e-06
        },
        "probability": 0.997451424599,
        "value": "roc"
    },
    "genre_tzanetakis": {
        "all": {
            "blu": 0.0622663982213,
            "cla": 0.0345780998468,
            "cou": 0.103735685349,
            "dis": 0.0518908686936,
            "hip": 0.155698984861,
            "jaz": 0.311586618423,
            "met": 0.0519040971994,
            "pop": 0.0622744634748,
            "reg": 0.0622723288834,
            "roc": 0.103792458773
        },
        "probability": 0.311586618423,
        "value": "jaz"
    },
    "ismir04_rhythm": {
        "all": {
            "ChaChaCha": 0.158524349332,
            "Jive": 0.512411773205,
            "Quickstep": 0.0170177817345,
            "Rumba-American": 0.00826863572001,
            "Rumba-International": 0.00965366605669,
            "Rumba-Misc": 0.00572828855366,
            "Samba": 0.0738495588303,
            "Tango": 0.0214992593974,
            "VienneseWaltz": 0.184833824635,
            "Waltz": 0.00821287836879
        },
        "probability": 0.512411773205,
        "value": "Jive"
    },
    "mood_acoustic": {
        "all": {
            "acoustic": 1.04924674815e-05,
            "not_acoustic": 0.999989509583
        },
        "probability": 0.999989509583,
        "value": "not_acoustic"
    },
    "mood_aggressive": {
        "all": {
            "aggressive": 0.989112198353,
            "not_aggressive": 0.010887821205
        },
        "probability": 0.989112198353,
        "value": "aggressive"
    },
    "mood_electronic": {
        "all": {
            "electronic": 0.0798765793443,
            "not_electronic": 0.920123398304
        },
        "probability": 0.920123398304,
        "value": "not_electronic"
    },
    "mood_happy": {
        "all": {
            "happy": 0.837391197681,
            "not_happy": 0.162608802319
        },
        "probability": 0.837391197681,
        "value": "happy"
    },
    "mood_party": {
        "all": {
            "not_party": 0.242048844695,
            "party": 0.757951140404
        },
        "probability": 0.757951140404,
        "value": "party"
    },
    "mood_relaxed": {
        "all": {
            "not_relaxed": 0.981376051903,
            "relaxed": 0.0186239667237
        },
        "probability": 0.981376051903,
        "value": "not_relaxed"
    },
    "mood_sad": {
        "all": {
            "not_sad": 0.945270717144,
            "sad": 0.0547293052077
        },
        "probability": 0.945270717144,
        "value": "not_sad"
    },
    "moods_mirex": {
        "all": {
            "Cluster1": 0.690624952316,
            "Cluster2": 0.1002407372,
            "Cluster3": 0.0409342460334,
            "Cluster4": 0.0681901946664,
            "Cluster5": 0.100009858608
        },
        "probability": 0.690624952316,
        "value": "Cluster1"
    },
    "timbre": {
        "all": {
            "bright": 0.897467315197,
            "dark": 0.102532699704
        },
        "probability": 0.897467315197,
        "value": "bright"
    },
    "tonal_atonal": {
        "all": {
            "atonal": 0.00932901725173,
            "tonal": 0.990670979023
        },
        "probability": 0.990670979023,
        "value": "tonal"
    },
    "voice_instrumental": {
        "all": {
            "instrumental": 0.00746306963265,
            "voice": 0.992536902428
        },
        "probability": 0.992536902428,
        "value": "voice"
    }
},
"lowlevel": {
    "average_loudness": 0.969340443611,
    "barkbands_crest": {
        "dmean": 3.15560102463,
        "dmean2": 5.30047225952,
        "dvar": 10.5294141769,
        "dvar2": 27.9861850739,
        "max": 22.429725647,
        "mean": 8.06500053406,
        "median": 6.91304111481,
        "min": 2.00638103485,
        "var": 15.7576618195
    },
    "barkbands_flatness_db": {
        "dmean": 0.0184845533222,
        "dmean2": 0.0314541347325,
        "dvar": 0.000386747473385,
        "dvar2": 0.00110705324914,
        "max": 0.22106616199,
        "mean": 0.108270592988,
        "median": 0.102847740054,
        "min": 0.0471792556345,
        "var": 0.000914693984669
    },
    "barkbands_kurtosis": {
        "dmean": 1.37719810009,
        "dmean2": 2.46946382523,
        "dvar": 7.87743139267,
        "dvar2": 22.1085395813,
        "max": 26.2234039307,
        "mean": 0.145456507802,
        "median": -0.598118782043,
        "min": -1.72181212902,
        "var": 6.41063070297
    },
    "barkbands_skewness": {
        "dmean": 0.513386189938,
        "dmean2": 0.856478214264,
        "dvar": 0.352821469307,
        "dvar2": 0.930283546448,
        "max": 4.9037771225,
        "mean": 0.7370865345,
        "median": 0.612344682217,
        "min": -0.832669556141,
        "var": 0.623949348927
    },
    "barkbands_spread": {
        "dmean": 6.32218647003,
        "dmean2": 10.4682769775,
        "dvar": 43.5391273499,
        "dvar2": 106.509002686,
        "max": 97.6271591187,
        "mean": 33.9544181824,
        "median": 33.4032669067,
        "min": 7.11195135117,
        "var": 104.116783142
    },
    "dissonance": {
        "dmean": 0.00953457131982,
        "dmean2": 0.0163478534669,
        "dvar": 8.02418144303e-05,
        "dvar2": 0.00021396385273,
        "max": 0.500000059605,
        "mean": 0.483373790979,
        "median": 0.486008942127,
        "min": 0.412099003792,
        "var": 0.000117476694868
    },
    "dynamic_complexity": 1.4443089962,
    "erbbands_crest": {
        "dmean": 1.96263062954,
        "dmean2": 3.10054159164,
        "dvar": 3.62076807022,
        "dvar2": 9.28104114532,
        "max": 23.0327777863,
        "mean": 7.69231462479,
        "median": 6.57044506073,
        "min": 2.64437413216,
        "var": 14.3817853928
    },
    "erbbands_flatness_db": {
        "dmean": 0.0158483348787,
        "dmean2": 0.0241288300604,
        "dvar": 0.000260684610112,
        "dvar2": 0.000582860026043,
        "max": 0.25611564517,
        "mean": 0.140578836203,
        "median": 0.136886581779,
        "min": 0.0547481365502,
        "var": 0.001319393632
    },
    "erbbands_kurtosis": {
        "dmean": 0.664260745049,
        "dmean2": 1.05110657215,
        "dvar": 0.498933196068,
        "dvar2": 1.2165979147,
        "max": 8.68883419037,
        "mean": 0.755769014359,
        "median": 0.443600416183,
        "min": -1.41735684872,
        "var": 1.82789826393
    },
    "erbbands_skewness": {
        "dmean": 0.242132022977,
        "dmean2": 0.38698297739,
        "dvar": 0.0462118573487,
        "dvar2": 0.119563259184,
        "max": 1.26822507381,
        "mean": -0.263928323984,
        "median": -0.234599739313,
        "min": -1.877830863,
        "var": 0.213446170092
    },
    "erbbands_spread": {
        "dmean": 7.22624206543,
        "dmean2": 11.666636467,
        "dvar": 68.3836135864,
        "dvar2": 163.790237427,
        "max": 111.008934021,
        "mean": 33.1259269714,
        "median": 30.669424057,
        "min": 7.04981899261,
        "var": 224.922561646
    },
    "hfc": {
        "dmean": 8.99270820618,
        "dmean2": 14.1075696945,
        "dvar": 173.162231445,
        "dvar2": 415.5809021,
        "max": 184.18069458,
        "mean": 36.8473625183,
        "median": 31.7507152557,
        "min": 4.42429924011,
        "var": 429.748504639
    },
    "melbands_crest": {
        "dmean": 3.55710935593,
        "dmean2": 5.8527173996,
        "dvar": 9.89129638672,
        "dvar2": 24.5924358368,
        "max": 26.8204650879,
        "mean": 11.9381046295,
        "median": 10.9554033279,
        "min": 3.60974264145,
        "var": 19.2135334015
    },
    "melbands_flatness_db": {
        "dmean": 0.0267916992307,
        "dmean2": 0.0445062220097,
        "dvar": 0.000776645203587,
        "dvar2": 0.00205878680572,
        "max": 0.294265300035,
        "mean": 0.144384413958,
        "median": 0.137827545404,
        "min": 0.0418900437653,
        "var": 0.00202774256468
    },
    "melbands_kurtosis": {
        "dmean": 5.59979343414,
        "dmean2": 9.97209835052,
        "dvar": 134.506240845,
        "dvar2": 371.358306885,
        "max": 135.083480835,
        "mean": 5.61472320557,
        "median": 2.61763525009,
        "min": -1.4794832468,
        "var": 113.765670776
    },
    "melbands_skewness": {
        "dmean": 0.831861555576,
        "dmean2": 1.40467250347,
        "dvar": 1.06396830082,
        "dvar2": 2.8094201088,
        "max": 10.4399261475,
        "mean": 1.93968248367,
        "median": 1.75163292885,
        "min": -0.454372555017,
        "var": 1.70236289501
    },
    "melbands_spread": {
        "dmean": 9.65179443359,
        "dmean2": 15.7336320877,
        "dvar": 89.4561920166,
        "dvar2": 221.896057129,
        "max": 101.385704041,
        "mean": 38.6017303467,
        "median": 39.8162841797,
        "min": 3.78556013107,
        "var": 208.751327515
    },
    "pitch_salience": {
        "dmean": 0.0822885558009,
        "dmean2": 0.138731658459,
        "dvar": 0.00720826396719,
        "dvar2": 0.0207658987492,
        "max": 0.844670653343,
        "mean": 0.577418327332,
        "median": 0.590527951717,
        "min": 0.168178334832,
        "var": 0.0108818346635
    },
    "silence_rate_20dB": {
        "dmean": 0,
        "dmean2": 0,
        "dvar": 0,
        "dvar2": 0,
        "max": 1,
        "mean": 1,
        "median": 1,
        "min": 1,
        "var": 0
    },
    "silence_rate_30dB": {
        "dmean": 0.00928792543709,
        "dmean2": 0.018590239808,
        "dvar": 0.00920162722468,
        "dvar2": 0.0275395587087,
        "max": 1,
        "mean": 0.99535959959,
        "median": 1,
        "min": 0,
        "var": 0.00461880676448
    },
    "silence_rate_60dB": {
        "dmean": 0,
        "dmean2": 0,
        "dvar": 0,
        "dvar2": 0,
        "max": 0,
        "mean": 0,
        "median": 0,
        "min": 0,
        "var": 0
    },
    "spectral_centroid": {
        "dmean": 208.072631836,
        "dmean2": 337.249267578,
        "dvar": 35434.328125,
        "dvar2": 87878.453125,
        "max": 3185.83935547,
        "mean": 1884.49865723,
        "median": 1881.85986328,
        "min": 493.131530762,
        "var": 139988.609375
    },
    "spectral_complexity": {
        "dmean": 3.93343663216,
        "dmean2": 6.31448507309,
        "dvar": 11.6426763535,
        "dvar2": 26.7253742218,
        "max": 56,
        "mean": 34.4377403259,
        "median": 34,
        "min": 10,
        "var": 56.4564247131
    },
    "spectral_decrease": {
        "dmean": 4.02989996928e-09,
        "dmean2": 6.95972035558e-09,
        "dvar": 4.54404324142e-17,
        "dvar2": 1.22096781792e-16,
        "max": -1.72222380801e-09,
        "mean": -8.86916762255e-09,
        "median": -7.02393521124e-09,
        "min": -4.68083349858e-08,
        "var": 4.005055663e-17
    },
    "spectral_energy": {
        "dmean": 0.0157433394343,
        "dmean2": 0.0270937401801,
        "dvar": 0.000678520067595,
        "dvar2": 0.00181717856321,
        "max": 0.179596349597,
        "mean": 0.0368164777756,
        "median": 0.029526995495,
        "min": 0.00700938375667,
        "var": 0.000618490041234
    },
    "spectral_energyband_high": {
        "dmean": 0.000694688700605,
        "dmean2": 0.00108683644794,
        "dvar": 1.6241585854e-06,
        "dvar2": 3.88143507735e-06,
        "max": 0.0153805874288,
        "mean": 0.00167846714612,
        "median": 0.00109431229066,
        "min": 6.24773092568e-05,
        "var": 3.18137699651e-06
    },
    "spectral_energyband_low": {
        "dmean": 0.0132485115901,
        "dmean2": 0.023593056947,
        "dvar": 0.000639045552816,
        "dvar2": 0.00175356841646,
        "max": 0.157327651978,
        "mean": 0.014623740688,
        "median": 0.00773159228265,
        "min": 0.000548217270989,
        "var": 0.000476659275591
    },
    "spectral_energyband_middle_high": {
        "dmean": 0.00284423981793,
        "dmean2": 0.004469958134,
        "dvar": 1.33660687425e-05,
        "dvar2": 3.26457302435e-05,
        "max": 0.0597318336368,
        "mean": 0.0123586542904,
        "median": 0.00974835641682,
        "min": 0.00101494241972,
        "var": 7.21614924259e-05
    },
    "spectral_energyband_middle_low": {
        "dmean": 0.00381427025422,
        "dmean2": 0.00648808851838,
        "dvar": 4.34785470134e-05,
        "dvar2": 0.000123183664982,
        "max": 0.0582460351288,
        "mean": 0.00939150247723,
        "median": 0.00800077058375,
        "min": 0.00221696775407,
        "var": 3.93777627323e-05
    },
    "spectral_entropy": {
        "dmean": 0.0955592542887,
        "dmean2": 0.142527371645,
        "dvar": 0.0105418106541,
        "dvar2": 0.0224769935012,
        "max": 8.6183347702,
        "mean": 7.8875246048,
        "median": 7.9065322876,
        "min": 7.12815284729,
        "var": 0.0531510300934
    },
    "spectral_flux": {
        "dmean": 0.0314233340323,
        "dmean2": 0.0499121919274,
        "dvar": 0.00184031319804,
        "dvar2": 0.00356953800656,
        "max": 0.363608747721,
        "mean": 0.109657727182,
        "median": 0.0931977406144,
        "min": 0.04092213884,
        "var": 0.002929918468
    },
    "spectral_kurtosis": {
        "dmean": 1.15117895603,
        "dmean2": 1.96406257153,
        "dvar": 1.43074369431,
        "dvar2": 4.37445402145,
        "max": 11.9759998322,
        "mean": 3.9382174015,
        "median": 3.64480161667,
        "min": -0.857317686081,
        "var": 3.28119874001
    },
    "spectral_rms": {
        "dmean": 0.0011027889559,
        "dmean2": 0.00184385711327,
        "dvar": 2.25176154345e-06,
        "dvar2": 5.84688632443e-06,
        "max": 0.0132369156927,
        "mean": 0.00575878657401,
        "median": 0.00536719895899,
        "min": 0.00261503783986,
        "var": 2.7548851449e-06
    },
    "spectral_rolloff": {
        "dmean": 586.214599609,
        "dmean2": 982.038757324,
        "dvar": 717532.3125,
        "dvar2": 1643121.875,
        "max": 11068.0664062,
        "mean": 2102.63818359,
        "median": 1981.0546875,
        "min": 107.666015625,
        "var": 1233362.125
    },
    "spectral_skewness": {
        "dmean": 0.161134704947,
        "dmean2": 0.265985846519,
        "dvar": 0.0208609011024,
        "dvar2": 0.0581370666623,
        "max": 2.31366896629,
        "mean": 1.42144954205,
        "median": 1.40521979332,
        "min": 0.55080395937,
        "var": 0.0638858377934
    },
    "spectral_spread": {
        "dmean": 550469.3125,
        "dmean2": 828684.125,
        "dvar": 621873070080,
        "dvar2": 1.19314998886e+12,
        "max": 16363367,
        "mean": 4444649,
        "median": 4304838.5,
        "min": 2308350,
        "var": 1.91400496333e+12
    },
    "spectral_strongpeak": {
        "dmean": 0.796457946301,
        "dmean2": 1.41591191292,
        "dvar": 2.05295348167,
        "dvar2": 4.93138551712,
        "max": 10.9436759949,
        "mean": 1.06393015385,
        "median": 0.327686399221,
        "min": 0.0445125885308,
        "var": 3.17644739151
    },
    "zerocrossingrate": {
        "dmean": 0.0103759765625,
        "dmean2": 0.0129411546513,
        "dvar": 0.000125714912429,
        "dvar2": 0.000165363846463,
        "max": 0.25146484375,
        "mean": 0.0795399993658,
        "median": 0.07568359375,
        "min": 0.021484375,
        "var": 0.000735681154765
    },
    "barkbands": {
        "dmean": [0.000202447801712, 0.0113702286035, 0.00229881913401, 0.00164876575582, 0.0021272606682, 0.000793987943325, 0.000520953268278, 0.000232509759371, 0.000414212292526, 0.000469317019451, 0.000824088929221, 0.000967313710134, 0.000735666020773, 0.00110169989057, 0.000619035330601, 0.000374969444238, 0.000270144751994, 0.000413104338804, 0.000244900438702, 0.000233905171626, 0.000171955180122, 0.000117999377835, 0.000123628764413, 0.000116064358735, 0.000122853569337, 0.000106007355498, 1.56015502739e-08],
        "dmean2": [0.000338705314789, 0.0204771701247, 0.00410755025223, 0.00273703620769, 0.0036448801402, 0.00131072197109, 0.000903439940885, 0.000403021025704, 0.000654643168673, 0.000754895387217, 0.00130534626078, 0.0015203448711, 0.00115546025336, 0.00178698857781, 0.00101272459142, 0.000608497241046, 0.00044439220801, 0.00067388813477, 0.000405044353101, 0.000392253976315, 0.00028818382998, 0.000200277630938, 0.000205936376005, 0.000185932469321, 0.000178466492798, 0.000179574577487, 2.85983201564e-08],
        "dvar": [1.75516078116e-07, 0.000499941990711, 1.45338435686e-05, 3.92043784814e-06, 1.81033883564e-05, 2.10595135286e-06, 1.04611581264e-06, 2.66105331548e-07, 3.32946029857e-07, 1.02025626347e-06, 3.67719644601e-06, 5.35248182132e-06, 2.02480259759e-06, 3.95628694605e-06, 8.33173260162e-07, 3.00974733136e-07, 1.10862053759e-07, 3.32331154596e-07, 7.02428124555e-08, 9.09239759039e-08, 7.14899144327e-08, 4.58656543856e-08, 8.76932659821e-08, 6.46767759349e-08, 7.32946148219e-08, 1.34930985496e-07, 2.21608941999e-14],
        "dvar2": [4.32912543147e-07, 0.00136856024619, 4.16205220972e-05, 1.04238561107e-05, 5.00504102092e-05, 5.79011793889e-06, 2.97984229292e-06, 7.50016283746e-07, 7.23798507352e-07, 2.42226587943e-06, 8.68420465849e-06, 1.09667998913e-05, 4.4889061428e-06, 1.02500125649e-05, 2.34838262259e-06, 8.0308240058e-07, 2.77183090702e-07, 8.50413755416e-07, 1.81098585017e-07, 2.29607309166e-07, 1.88411775071e-07, 1.19027895096e-07, 2.19361723452e-07, 1.43649401707e-07, 1.38923951454e-07, 3.66225549442e-07, 6.41093013637e-14],
        "max": [0.00265648588538, 0.149196013808, 0.0477651804686, 0.0274906083941, 0.0353184901178, 0.0132881253958, 0.0110556446016, 0.00580387376249, 0.0124225215986, 0.0292370114475, 0.0313223227859, 0.0472531989217, 0.0264085177332, 0.0262384451926, 0.0168389156461, 0.00988573860377, 0.00458298996091, 0.00894219148904, 0.00375533243641, 0.00449701817706, 0.00360646960326, 0.00231277872808, 0.00442432099953, 0.00435318425298, 0.00577286211774, 0.00396998226643, 3.2250275126e-06],
        "mean": [0.000180949733476, 0.0107908975333, 0.00249921833165, 0.00276279635727, 0.00307268602774, 0.001354510081, 0.000818932487164, 0.000350739399437, 0.000927108281758, 0.000850260490552, 0.00143986544572, 0.00189103628509, 0.00142241560388, 0.0021656092722, 0.00137981493026, 0.00085220526671, 0.000632915762253, 0.000888579525054, 0.000587126938626, 0.000581005355343, 0.000368381908629, 0.000231243117014, 0.000205407603062, 0.0002350982395, 0.000226669202675, 0.000100986413599, 9.50309964054e-09],
        "median": [4.61868621642e-05, 0.00461423909292, 0.00130030466244, 0.00193545082584, 0.00212249462493, 0.00086093385471, 0.000598008278757, 0.000232907332247, 0.000719234696589, 0.00037647341378, 0.0006472771056, 0.000887770089321, 0.000811028759927, 0.00130835792515, 0.00100141006988, 0.000608037807979, 0.000433097826317, 0.00064647878753, 0.000497658853419, 0.000457277928945, 0.00024591566762, 0.000129339547129, 0.000103460406535, 0.000123055608128, 0.000104645783722, 2.10014659388e-05, 5.42603351139e-10],
        "min": [1.84431797834e-07, 3.15599791065e-05, 2.87001930701e-05, 3.27302295773e-05, 8.352984878e-05, 2.28839162446e-05, 2.75006932497e-05, 7.54461234465e-06, 2.82078563032e-05, 3.05676876451e-05, 1.66140143847e-05, 9.11848255782e-05, 6.01995852776e-05, 6.91538589308e-05, 1.66508525581e-05, 4.61599556729e-05, 2.07798566407e-05, 4.67026948172e-05, 2.14314950426e-05, 2.14013343793e-05, 9.79236847343e-06, 1.88425747183e-06, 2.13914040614e-06, 1.66571396676e-06, 6.66289054152e-07, 4.05877020881e-09, 1.28551344916e-11],
        "var": [1.53373377998e-07, 0.000363786588423, 1.27457251438e-05, 7.89461228123e-06, 1.52535931193e-05, 2.41698967329e-06, 8.58790087932e-07, 2.09254736205e-07, 7.19828108231e-07, 4.12624467572e-06, 7.60393822929e-06, 1.54842491611e-05, 4.48803120889e-06, 7.3886330938e-06, 1.70969178725e-06, 6.82950656028e-07, 3.31334604198e-07, 6.7331700393e-07, 1.56122325734e-07, 2.33861527477e-07, 1.3814560873e-07, 8.86323192617e-08, 1.06593162741e-07, 1.22489396404e-07, 1.55049306727e-07, 9.7784088382e-08, 1.25816690034e-14]
    },
    "erbbands": {
        "dmean": [0.294002860785, 2.66324591637, 3.38604712486, 3.41948056221, 6.5367064476, 8.74593448639, 5.12086677551, 7.03610181808, 6.38862705231, 8.97655487061, 5.0529718399, 8.94265460968, 10.6016368866, 15.5591335297, 37.6227264404, 35.0837593079, 38.0428161621, 40.7022323608, 43.9253730774, 35.7512702942, 16.9342155457, 14.4627542496, 19.1895370483, 17.3991336823, 9.91189002991, 11.7255172729, 6.74574136734, 6.87274169922, 4.42004489899, 4.1165266037, 3.35068225861, 2.77392721176, 1.94504678249, 1.35159599781, 0.959112465382, 0.581425428391, 0.177729159594, 0.0120141990483, 0.000237510204897, 2.89336112473e-05],
        "dmean2": [0.502270996571, 4.87314653397, 6.11412572861, 5.79324817657, 11.1075630188, 15.0860404968, 8.60863685608, 11.8806800842, 11.2981185913, 14.9908437729, 8.38122844696, 14.1239881516, 17.0607433319, 23.9183807373, 59.6463317871, 55.8279571533, 58.3640365601, 64.9132614136, 72.7713775635, 56.9370117188, 27.9305076599, 23.8007469177, 31.6708621979, 28.4087429047, 16.6490268707, 19.5673408508, 11.2369594574, 11.7267112732, 7.51964473724, 6.88773822784, 5.54613351822, 4.61878681183, 3.13078570366, 2.0921869278, 1.42787778378, 0.950895011425, 0.310827255249, 0.0210716985166, 0.000410353241023, 4.88540645165e-05],
        "dvar": [0.342282921076, 26.7874965668, 37.1242332458, 18.5318145752, 90.0178756714, 301.775268555, 100.042816162, 173.393280029, 158.615814209, 383.159637451, 63.9635810852, 191.232208252, 265.50491333, 1065.50244141, 8178.75292969, 7087.46289062, 5208.48291016, 6013.28222656, 5542.96435547, 2885.30932617, 526.681396484, 315.126831055, 628.474243164, 487.741546631, 134.309234619, 234.079025269, 107.43737793, 142.583343506, 63.0951118469, 76.6350860596, 60.7028121948, 39.475025177, 18.393901825, 7.14776182175, 6.47507810593, 3.24025821686, 0.494854331017, 0.00237287092023, 8.27950827897e-07, 3.87815468628e-09],
        "dvar2": [0.883052170277, 75.1257171631, 106.09651947, 49.4206504822, 258.172241211, 841.161376953, 275.574127197, 484.084869385, 452.323059082, 1061.93933105, 181.472961426, 409.925384521, 627.836608887, 2273.69360352, 20198.4433594, 14703.3320312, 11523.8603516, 13976.7900391, 15512.9804688, 8198.47167969, 1348.87573242, 799.828552246, 1758.87585449, 1155.19458008, 330.866699219, 572.358215332, 285.712249756, 367.567382812, 164.320388794, 203.303283691, 144.563201904, 97.4038162231, 37.2392883301, 13.5526237488, 13.4953374863, 8.50261878967, 1.37607729435, 0.0066320290789, 2.294238584e-06, 1.03091783998e-08],
        "max": [3.84999585152, 34.1557617188, 63.4883804321, 72.8604202271, 98.3381271362, 162.271148682, 107.816101074, 135.374938965, 118.479728699, 299.256744385, 104.366027832, 285.18182373, 369.822052002, 1096.85400391, 1529.80847168, 1894.04211426, 1352.64660645, 1516.75708008, 1017.6854248, 921.274658203, 331.741699219, 202.903717041, 385.581115723, 420.950012207, 184.743896484, 218.757553101, 138.721939087, 210.361297607, 110.976264954, 141.093322754, 113.534355164, 83.2668457031, 91.6278152466, 50.6621360779, 55.2812805176, 20.8795013428, 9.72936630249, 0.778361022472, 0.0138690220192, 0.000801034155302],
        "mean": [0.286199271679, 2.45684742928, 3.56303501129, 5.91240787506, 10.0598011017, 11.6875705719, 8.45437717438, 11.6935787201, 9.1853685379, 14.7567911148, 9.62642860413, 18.171295166, 22.4064311981, 32.5634651184, 67.8865432739, 75.78074646, 80.3935165405, 80.9156799316, 92.4029159546, 81.763420105, 40.8416213989, 36.6768264771, 45.5978546143, 41.3547439575, 26.0805091858, 28.223323822, 16.4692897797, 13.8459739685, 8.77385425568, 7.27708625793, 5.63668394089, 4.71410036087, 3.95778393745, 2.65679740906, 1.54922544956, 0.613810062408, 0.15926900506, 0.0106432344764, 0.00024480704451, 6.01617393841e-05],
        "median": [0.0984670221806, 1.09933578968, 1.92469930649, 4.45999908447, 7.53885793686, 7.19569349289, 5.3938908577, 7.67767429352, 6.51287031174, 9.86870002747, 7.47583055496, 13.739988327, 14.6037740707, 16.9776496887, 34.9871788025, 40.2031707764, 42.7331199646, 53.849861145, 59.5558929443, 51.9224357605, 30.9562416077, 26.0490589142, 33.6483230591, 34.4009628296, 22.0356807709, 21.5679359436, 12.1066741943, 8.15423202515, 4.76882266998, 3.68699193001, 2.94766020775, 2.42892098427, 2.10777711868, 1.44990491867, 0.577174127102, 0.154362291098, 0.0258192531765, 0.00188020360656, 6.7136810685e-05, 4.5273147407e-05],
        "min": [0.000910833536182, 0.0168369561434, 0.0864100828767, 0.307278782129, 0.14562729001, 0.34028428793, 0.410404056311, 0.374199330807, 0.44693043828, 0.4332280159, 0.466129601002, 1.26443684101, 1.19108724594, 1.59123146534, 1.37412512302, 3.87030363083, 4.30826187134, 2.90782475471, 3.3873398304, 1.65987062454, 2.40290570259, 1.41545641422, 2.65939044952, 1.91474854946, 0.916168093681, 1.18426465988, 0.522955298424, 0.192051976919, 0.104753389955, 0.0699410736561, 0.0647549331188, 0.0365680158138, 0.0248579550534, 0.0138600086793, 0.00218731048517, 0.000185576733202, 3.14779681503e-05, 4.6392110562e-06, 7.39639835956e-06, 1.18752332128e-05],
        "var": [0.283536016941, 18.5723133087, 27.6477451324, 29.1709899902, 92.3240432739, 254.89491272, 102.1798172, 172.319168091, 124.690917969, 356.857788086, 69.6991577148, 367.736694336, 862.311096191, 4733.50830078, 14530.9169922, 20069.5175781, 12899.7099609, 10489.0576172, 11414.8623047, 7151.9765625, 1335.31469727, 988.015930176, 1488.15515137, 987.593688965, 314.452056885, 610.868591309, 212.315231323, 269.197631836, 125.599624634, 114.798408508, 78.0598144531, 51.3684806824, 40.4960136414, 16.6601982117, 10.4112768173, 2.70652627945, 0.32655775547, 0.00154338486027, 5.62326420095e-07, 3.32674554571e-09]
    },
    "gfcc": {
        "mean": [58.6766319275, 82.3305206299, -131.850891113, 43.2271461487, -46.01329422, 30.1523323059, -42.1264877319, 13.1647472382, -32.9682426453, 7.04902219772, -12.769952774, -3.41487431526, -8.11278057098],
        "cov": [[904.371337891, -665.119384766, 280.20526123, 23.233625412, -137.612503052, 98.3750152588, -37.0769805908, -26.0285110474, -76.0513763428, 87.8353729248, -125.073448181, 134.106842041, -120.413551331], [-665.119384766, 814.045837402, -319.384979248, 33.4910316467, 215.993545532, -98.9974746704, 97.4797286987, 19.3952350616, 105.678321838, -84.8307647705, 166.383377075, -140.721008301, 159.926620483], [280.20526123, -319.384979248, 411.468109131, 32.2632713318, -83.3556594849, 61.8640975952, -38.96824646, 31.4010257721, -11.8878993988, 57.4755096436, -79.3442306519, 92.6555938721, -84.2225418091], [23.233625412, 33.4910316467, 32.2632713318, 131.034667969, 9.84001731873, 1.8668936491, 13.6507730484, 10.4622926712, 39.1259078979, -7.12247467041, 17.7197246552, -16.5887622833, 23.0430335999], [-137.612503052, 215.993545532, -83.3556594849, 9.84001731873, 195.049789429, 2.18982386589, 58.1883659363, 18.9375896454, 31.7952480316, -3.99489569664, 38.4699707031, -25.9673404694, 41.4373931885], [98.3750152588, -98.9974746704, 61.8640975952, 1.8668936491, 2.18982386589, 131.92086792, 17.6107063293, 5.22998571396, -7.5841460228, 9.85693740845, -4.41201066971, 10.036696434, -15.8646640778], [-37.0769805908, 97.4797286987, -38.96824646, 13.6507730484, 58.1883659363, 17.6107063293, 112.957443237, 14.2019128799, 18.2919826508, -1.03287768364, 15.7312574387, 1.97718155384, 6.25773859024], [-26.0285110474, 19.3952350616, 31.4010257721, 10.4622926712, 18.9375896454, 5.22998571396, 14.2019128799, 73.3925476074, 34.8098182678, 7.52649736404, 9.4189748764, -1.32909476757, 19.9215259552], [-76.0513763428, 105.678321838, -11.8878993988, 39.1259078979, 31.7952480316, -7.5841460228, 18.2919826508, 34.8098182678, 85.709526062, 9.91512489319, 26.1430530548, -16.0999774933, 30.9379653931], [87.8353729248, -84.8307647705, 57.4755096436, -7.12247467041, -3.99489569664, 9.85693740845, -1.03287768364, 7.52649736404, 9.91512489319, 61.8413314819, -4.6499376297, 27.9583950043, -19.5243663788], [-125.073448181, 166.383377075, -79.3442306519, 17.7197246552, 38.4699707031, -4.41201066971, 15.7312574387, 9.4189748764, 26.1430530548, -4.6499376297, 87.645111084, -22.2752342224, 48.1684989929], [134.106842041, -140.721008301, 92.6555938721, -16.5887622833, -25.9673404694, 10.036696434, 1.97718155384, -1.32909476757, -16.0999774933, 27.9583950043, -22.2752342224, 82.5383224487, -22.9269428253], [-120.413551331, 159.926620483, -84.2225418091, 23.0430335999, 41.4373931885, -15.8646640778, 6.25773859024, 19.9215259552, 30.9379653931, -19.5243663788, 48.1684989929, -22.9269428253, 90.9756698608]],
        "icov": [[0.0032901680097, 0.00299334875308, -0.00017263078189, -0.00118794851005, -0.000635133241303, -7.11156360467e-07, -0.00119294796605, 0.00131149415392, 0.000126138416817, -0.000890578492545, -0.000257035891991, -0.000427065853728, -0.000887669797521], [0.00299334875308, 0.0107159325853, -0.00226648314856, 0.00287951598875, -0.00463861040771, 0.00518480408937, -0.00616451352835, 0.00562351709232, -0.00544436834753, 0.00591654842719, -0.0088677033782, 0.00761916069314, -0.00575723592192], [-0.00017263078189, -0.00226648314856, 0.0068739480339, -0.00430968776345, 0.00153736432549, -0.00341140222736, 0.00406843516976, -0.00532693043351, 0.00170491845347, -0.00340857333504, 0.00479913968593, -0.00724537950009, 0.00512434914708], [-0.00118794851005, 0.00287951598875, -0.00430968776345, 0.0133724575862, -0.00129256024957, 0.00305789499544, -0.00422032317147, 0.00480555091053, -0.00732028810307, 0.0057306769304, -0.0056342673488, 0.0074680452235, -0.00506669888273], [-0.000635133241303, -0.00463861040771, 0.00153736432549, -0.00129256024957, 0.00930396001786, -0.00284764170647, -0.000418756506406, -0.00287326378748, 0.00213178433478, -0.00434706406668, 0.00383874960244, -0.00251635862514, 0.000663357786834], [-7.11156360467e-07, 0.00518480408937, -0.00341140222736, 0.00305789499544, -0.00284764170647, 0.0121580027044, -0.00543373636901, 0.00305363722146, -0.00224698404782, 0.00394013850018, -0.00680394237861, 0.00663603143767, -0.00304122269154], [-0.00119294796605, -0.00616451352835, 0.00406843516976, -0.00422032317147, -0.000418756506406, -0.00543373636901, 0.0162055827677, -0.00609573209658, 0.00213578203693, -0.00267750490457, 0.00509198475629, -0.00923795811832, 0.00723132584244], [0.00131149415392, 0.00562351709232, -0.00532693043351, 0.00480555091053, -0.00287326378748, 0.00305363722146, -0.00609573209658, 0.0234650280327, -0.00998809933662, 0.00306000630371, -0.00487764272839, 0.00690545095131, -0.00880007725209], [0.000126138416817, -0.00544436834753, 0.00170491845347, -0.00732028810307, 0.00213178433478, -0.00224698404782, 0.00213578203693, -0.00998809933662, 0.0238694474101, -0.0105335405096, 0.00465210108086, -0.00256048119627, 0.000361312762834], [-0.000890578492545, 0.00591654842719, -0.00340857333504, 0.0057306769304, -0.00434706406668, 0.00394013850018, -0.00267750490457, 0.00306000630371, -0.0105335405096, 0.0292546786368, -0.0105371633545, 0.000397305324441, 0.00153432891238], [-0.000257035891991, -0.0088677033782, 0.00479913968593, -0.0056342673488, 0.00383874960244, -0.00680394237861, 0.00509198475629, -0.00487764272839, 0.00465210108086, -0.0105371633545, 0.0279461368918, -0.00784408394247, -0.00171550293453], [-0.000427065853728, 0.00761916069314, -0.00724537950009, 0.0074680452235, -0.00251635862514, 0.00663603143767, -0.00923795811832, 0.00690545095131, -0.00256048119627, 0.000397305324441, -0.00784408394247, 0.0289960764349, -0.00871494691819], [-0.000887669797521, -0.00575723592192, 0.00512434914708, -0.00506669888273, 0.000663357786834, -0.00304122269154, 0.00723132584244, -0.00880007725209, 0.000361312762834, 0.00153432891238, -0.00171550293453, -0.00871494691819, 0.0254805888981]]
    },
    "melbands": {
        "dmean": [0.0029735956341, 0.00240368349478, 0.000658658333123, 0.000551021774299, 0.000207887569559, 0.000154064444359, 9.69863540377e-05, 8.80446314113e-05, 4.81839742861e-05, 5.66530725337e-05, 5.71007549297e-05, 6.44332249067e-05, 0.000130999644171, 7.55555156502e-05, 0.000143596349517, 6.69794535497e-05, 8.04307564977e-05, 8.85274203029e-05, 4.1594295908e-05, 3.9068494516e-05, 2.1938349164e-05, 1.65680648934e-05, 1.52111788339e-05, 2.46922354563e-05, 1.5057352357e-05, 8.52692755871e-06, 8.37909283291e-06, 8.77558068169e-06, 4.91571790917e-06, 4.09150561609e-06, 4.48037508249e-06, 2.62655908045e-06, 2.47642196882e-06, 2.50712605521e-06, 2.00715453502e-06, 1.99082478503e-06, 1.68423071045e-06, 1.41103271289e-06, 1.39312942338e-06, 1.20234653878e-06],
        "dmean2": [0.00525928800926, 0.00437931576744, 0.00110992591362, 0.000944491883274, 0.000352749950252, 0.000258553394815, 0.000171815641806, 0.000147032144014, 7.85738156992e-05, 8.97628051462e-05, 9.23826301005e-05, 0.000100090430351, 0.000206421114854, 0.000121671429952, 0.00022687476303, 0.000102237223473, 0.000130183514557, 0.000146874168422, 6.70039880788e-05, 6.21558720013e-05, 3.66270433005e-05, 2.71765402431e-05, 2.5296021704e-05, 4.0629056457e-05, 2.48189371632e-05, 1.44791347338e-05, 1.42815370054e-05, 1.46551228681e-05, 8.15045586933e-06, 7.01530871083e-06, 7.65473396314e-06, 4.49972731076e-06, 4.19310754296e-06, 4.23674282501e-06, 3.37424626196e-06, 3.27594307237e-06, 2.85923806587e-06, 2.28406634051e-06, 2.24224254453e-06, 1.85472424619e-06],
        "dvar": [3.42195489793e-05, 2.08728852158e-05, 5.92989749748e-07, 1.20556558159e-06, 1.5555163202e-07, 8.17897714001e-08, 3.72637316559e-08, 3.880008137e-08, 4.04586097957e-09, 8.50975734323e-09, 8.38351343901e-09, 2.02662704396e-08, 8.91100810918e-08, 2.53746286205e-08, 9.89470407831e-08, 1.49930556859e-08, 2.38238850869e-08, 2.53266367878e-08, 3.21685678095e-09, 3.96765198474e-09, 1.06456288229e-09, 4.03734878862e-10, 3.20069332149e-10, 1.40209099886e-09, 3.71826264223e-10, 9.72338459748e-11, 1.22836699146e-10, 1.29431118601e-10, 5.00097463441e-11, 4.44160888624e-11, 6.83099271592e-11, 2.20244204818e-11, 2.21427008673e-11, 3.76244764511e-11, 1.93812500771e-11, 2.68693609029e-11, 1.32984222592e-11, 1.13178468333e-11, 7.05351098709e-12, 5.5500049001e-12],
        "dvar2": [9.18003934203e-05, 5.93494951318e-05, 1.6189545704e-06, 3.36420271196e-06, 4.3457723109e-07, 2.28094720001e-07, 1.06749183715e-07, 1.08065961513e-07, 1.13752873787e-08, 1.73969247896e-08, 2.04751984256e-08, 4.39816325581e-08, 2.09116407746e-07, 6.22393727667e-08, 2.04949515137e-07, 3.53618752058e-08, 5.60000366079e-08, 7.10092962208e-08, 9.05892427738e-09, 1.11638822631e-08, 2.83281265112e-09, 1.0446333798e-09, 8.33977054082e-10, 3.80370535069e-09, 8.8929419384e-10, 2.53136678285e-10, 3.31845356749e-10, 3.19401421978e-10, 1.33760127974e-10, 1.21065282799e-10, 1.76419004405e-10, 5.78920765493e-11, 5.93112711722e-11, 1.02824693204e-10, 4.7986507129e-11, 6.47576506307e-11, 3.31079053062e-11, 2.35873404142e-11, 1.53494404687e-11, 1.12240199773e-11],
        "max": [0.0397711321712, 0.0355521850288, 0.0115769654512, 0.00931703206152, 0.00438208412379, 0.00270401570015, 0.00177484098822, 0.00295952078886, 0.000785892654676, 0.00209841295145, 0.00204178388231, 0.00485403323546, 0.00444970745593, 0.00370622728951, 0.00565419206396, 0.00235225562938, 0.00285644480027, 0.00193127116654, 0.000786422868259, 0.000981555436738, 0.000506292737555, 0.000239301036345, 0.000235646366491, 0.000556515587959, 0.000348444940755, 0.000111994988401, 0.00020736035367, 0.000147958620801, 9.03709442355e-05, 8.55663092807e-05, 0.000164403347299, 5.41680892638e-05, 5.94637058384e-05, 0.000121246630442, 5.93303884671e-05, 9.7614407423e-05, 3.95311217289e-05, 7.75042135501e-05, 4.89554986416e-05, 4.14876776631e-05],
        "mean": [0.00284445472062, 0.00242700753734, 0.00119595124852, 0.000816581537947, 0.000339785736287, 0.000260505679762, 0.000144382414874, 0.000140892880154, 9.05509659788e-05, 0.000117023992061, 0.00011540921696, 0.000126670129248, 0.000229550991207, 0.000151127387653, 0.000275646278169, 0.000133871144499, 0.000148179475218, 0.000172101790668, 9.21658065636e-05, 8.48256458994e-05, 4.34998473793e-05, 3.68170149159e-05, 3.41957857017e-05, 4.9143742217e-05, 3.21208099194e-05, 1.95333250304e-05, 1.87052610272e-05, 1.88257236005e-05, 1.07897722046e-05, 8.10594428913e-06, 8.12907273939e-06, 4.80299604533e-06, 4.36237132817e-06, 3.93617256123e-06, 3.1501022022e-06, 3.08578933073e-06, 2.76992773252e-06, 2.69597876468e-06, 2.66932624982e-06, 2.14789110942e-06],
        "median": [0.00111784401815, 0.00128337123897, 0.000934907526243, 0.000578085600864, 0.000229773460887, 0.000172106025275, 0.000103547870822, 9.36994038057e-05, 6.82831378072e-05, 8.85272384039e-05, 7.33197812224e-05, 6.28220441286e-05, 0.000103764621599, 9.17134675547e-05, 0.000123269055621, 8.67116832524e-05, 9.25201820792e-05, 9.98352625174e-05, 6.69956207275e-05, 5.28702985321e-05, 2.8598238714e-05, 2.62118828687e-05, 2.55762643064e-05, 3.21324441757e-05, 2.57596329902e-05, 1.61829102581e-05, 1.48250610437e-05, 1.38806199175e-05, 7.73345891503e-06, 5.42312363905e-06, 4.52938365925e-06, 2.62775597548e-06, 2.29295869758e-06, 1.79011556156e-06, 1.60265449267e-06, 1.55124700996e-06, 1.44519742662e-06, 1.48597757743e-06, 1.31740944198e-06, 1.16075284495e-06],
        "min": [8.30937642604e-06, 5.80575251661e-05, 4.23407655035e-05, 1.22616620502e-05, 1.41691280078e-05, 4.01572879127e-06, 4.54811652162e-06, 3.66398535334e-06, 4.61672880192e-06, 4.39000996266e-06, 4.01989746024e-06, 5.65193340663e-06, 3.3904218526e-06, 6.82272911945e-06, 5.09364144818e-06, 8.61169883137e-06, 4.7003313739e-06, 4.98688041262e-06, 1.42459566632e-06, 3.08293806484e-06, 2.14510305341e-06, 1.19875824112e-06, 1.6141773358e-06, 2.75118532045e-06, 1.22322546758e-06, 5.83740359161e-07, 6.07212996329e-07, 6.20750483904e-07, 2.74953805501e-07, 1.3469096416e-07, 7.40759844575e-08, 3.75885349513e-08, 2.21195346484e-08, 1.76517378492e-08, 4.43706866804e-08, 2.98183788772e-09, 3.35120287076e-09, 1.64391682489e-08, 1.34273703267e-08, 7.43317496443e-09],
