{
"highlevel": {
    "danceability": {
        "all": {
            "danceable": 0.0617339909077,
            "not_danceable": 0.93826597929
        },
        "probability": 0.93826597929,
        "value": "not_danceable"
    },
    "gender": {
        "all": {
            "female": 0.917201638222,
            "male": 0.0827983692288
        },
        "probability": 0.917201638222,
        "value": "female"
    },
    "genre_dortmund": {
        "all": {
            "alternative": 0.270653516054,
            "blues": 0.0054194368422,
            "electronic": 0.0141113866121,
            "folkcountry": 0.412057220936,
            "funksoulrnb": 0.00448173144832,
            "jazz": 0.0605723373592,
            "pop": 0.194159045815,
            "raphiphop": 0.00281015504152,
            "rock": 0.0357351973653
        },
        "probability": 0.412057220936,
        "value": "folkcountry"
    },
    "genre_electronic": {
        "all": {
            "ambient": 0.93389737606,
            "dnb": 0.0102924536914,
            "house": 0.0252210348845,
            "techno": 0.00724033964798,
            "trance": 0.0233487915248
        },
        "probability": 0.93389737606,
        "value": "ambient"
    },
    "genre_rosamerica": {
        "all": {
            "cla": 0.213504686952,
            "dan": 0.0276304986328,
            "hip": 0.0276429094374,
            "jaz": 0.0819381922483,
            "pop": 0.221490472555,
            "rhy": 0.355421185493,
            "roc": 0.0216627083719,
            "spe": 0.0507093481719
        },
        "probability": 0.355421185493,
        "value": "rhy"
    },
    "genre_tzanetakis": {
        "all": {
            "blu": 2.00933528442e-14,
            "cla": 1.10376880297e-14,
            "cou": 2.21312073892e-14,
            "dis": 1.76883671149e-14,
            "hip": 4.29576757196e-14,
            "jaz": 0.999999940395,
            "met": 2.0000017642e-08,
            "pop": 2.0000017642e-08,
            "reg": 1.66666822565e-08,
            "roc": 2.50000233848e-08
        },
        "probability": 0.999999940395,
        "value": "jaz"
    },
    "ismir04_rhythm": {
        "all": {
            "ChaChaCha": 0.0183031447232,
            "Jive": 0.008037019521,
            "Quickstep": 0.0376079678535,
            "Rumba-American": 0.0126314377412,
            "Rumba-International": 0.352564245462,
            "Rumba-Misc": 0.0293521359563,
            "Samba": 0.0135433403775,
            "Tango": 0.00701969489455,
            "VienneseWaltz": 0.307274580002,
            "Waltz": 0.213666409254
        },
        "probability": 0.352564245462,
        "value": "Rumba-International"
    },
    "mood_acoustic": {
        "all": {
            "acoustic": 0.971737921238,
            "not_acoustic": 0.0282620918006
        },
        "probability": 0.971737921238,
        "value": "acoustic"
    },
    "mood_aggressive": {
        "all": {
            "aggressive": 0.00287466775626,
            "not_aggressive": 0.997125327587
        },
        "probability": 0.997125327587,
        "value": "not_aggressive"
    },
    "mood_electronic": {
        "all": {
            "electronic": 0.108359239995,
            "not_electronic": 0.891640782356
        },
        "probability": 0.891640782356,
        "value": "not_electronic"
    },
    "mood_happy": {
        "all": {
            "happy": 0.784861087799,
            "not_happy": 0.215138927102
        },
        "probability": 0.784861087799,
        "value": "happy"
    },
    "mood_party": {
        "all": {
            "not_party": 0.983744323254,
            "party": 0.0162556841969
        },
        "probability": 0.983744323254,
        "value": "not_party"
    },
    "mood_relaxed": {
        "all": {
            "not_relaxed": 0.0886562988162,
            "relaxed": 0.911343693733
        },
        "probability": 0.911343693733,
        "value": "relaxed"
    },
    "mood_sad": {
        "all": {
            "not_sad": 0.0934790819883,
            "sad": 0.906520903111
        },
        "probability": 0.906520903111,
        "value": "sad"
    },
    "moods_mirex": {
        "all": {
            "Cluster1": 0.168836534023,
            "Cluster2": 0.104029752314,
            "Cluster3": 0.609225034714,
            "Cluster4": 0.0853026136756,
            "Cluster5": 0.0326060727239
        },
        "probability": 0.609225034714,
        "value": "Cluster3"
    },
    "timbre": {
        "all": {
            "bright": 0.942356169224,
            "dark": 0.0576438568532
        },
        "probability": 0.942356169224,
        "value": "bright"
    },
    "tonal_atonal": {
        "all": {
            "atonal": 0.00278230640106,
            "tonal": 0.997217714787
        },
        "probability": 0.997217714787,
        "value": "tonal"
    },
    "voice_instrumental": {
        "all": {
            "instrumental": 0.00601087883115,
            "voice": 0.993989109993
        },
        "probability": 0.993989109993,
        "value": "voice"
    }
},
"lowlevel": {
    "average_loudness": 0.940114498138,
    "barkbands_crest": {
        "dmean": 2.20328474045,
        "dmean2": 3.34155631065,
        "dvar": 4.82291030884,
        "dvar2": 9.85025882721,
        "max": 26.0826587677,
        "mean": 12.0833644867,
        "median": 11.306810379,
        "min": 3.47189736366,
        "var": 23.6674594879
    },
    "barkbands_flatness_db": {
        "dmean": 0.0275457724929,
        "dmean2": 0.0390658639371,
        "dvar": 0.000749268685468,
        "dvar2": 0.00134914775845,
        "max": 0.377031028271,
        "mean": 0.209772497416,
        "median": 0.215773493052,
        "min": 0.0717014223337,
        "var": 0.00335219874978
    },
    "barkbands_kurtosis": {
        "dmean": 5.30505466461,
        "dmean2": 8.16916465759,
        "dvar": 75.2248916626,
        "dvar2": 178.700637817,
        "max": 171.160598755,
        "mean": 11.6948833466,
        "median": 7.99132156372,
        "min": -1.88993918896,
        "var": 169.067718506
    },
    "barkbands_skewness": {
        "dmean": 0.652111172676,
        "dmean2": 0.94052195549,
        "dvar": 0.563461661339,
        "dvar2": 1.08415472507,
        "max": 9.29298210144,
        "mean": 2.43074250221,
        "median": 2.26685833931,
        "min": -4.78935575485,
        "var": 1.99255526066
    },
    "barkbands_spread": {
        "dmean": 5.36783742905,
        "dmean2": 8.0141248703,
        "dvar": 104.217338562,
        "dvar2": 201.688644409,
        "max": 92.9593963623,
        "mean": 12.0335273743,
        "median": 6.58544301987,
        "min": 0.659187316895,
        "var": 214.903442383
    },
    "dissonance": {
        "dmean": 0.0294912829995,
        "dmean2": 0.0478786230087,
        "dvar": 0.000738241651561,
        "dvar2": 0.00185004272498,
        "max": 0.5,
        "mean": 0.415759116411,
        "median": 0.420014351606,
        "min": 0.261574298143,
        "var": 0.00195317598991
    },
    "dynamic_complexity": 2.91071867943,
    "erbbands_crest": {
        "dmean": 2.53229212761,
        "dmean2": 3.85920906067,
        "dvar": 6.54874801636,
        "dvar2": 13.5883808136,
        "max": 30.7233638763,
        "mean": 11.3389043808,
        "median": 10.2584152222,
        "min": 2.42332482338,
        "var": 26.3177509308
    },
    "erbbands_flatness_db": {
        "dmean": 0.0246895533055,
        "dmean2": 0.0336121805012,
        "dvar": 0.000573221768718,
        "dvar2": 0.00103061727714,
        "max": 0.354719847441,
        "mean": 0.197468191385,
        "median": 0.198309496045,
        "min": 0.0748836696148,
        "var": 0.00261484109797
    },
    "erbbands_kurtosis": {
        "dmean": 1.90125763416,
        "dmean2": 2.96153044701,
        "dvar": 9.13980388641,
        "dvar2": 21.8381786346,
        "max": 62.8644714355,
        "mean": 2.95958995819,
        "median": 1.87292480469,
        "min": -1.80354785919,
        "var": 17.994222641
    },
    "erbbands_skewness": {
        "dmean": 0.452221512794,
        "dmean2": 0.643634915352,
        "dvar": 0.269997954369,
        "dvar2": 0.481794327497,
        "max": 6.03016805649,
        "mean": 1.2206171751,
        "median": 1.20698046684,
        "min": -4.41907405853,
        "var": 0.866918981075
    },
    "erbbands_spread": {
        "dmean": 9.03396987915,
        "dmean2": 13.5415420532,
        "dvar": 177.229736328,
        "dvar2": 379.094512939,
        "max": 127.204238892,
        "mean": 28.5193977356,
        "median": 22.7861328125,
        "min": 2.64418721199,
        "var": 398.580291748
    },
    "hfc": {
        "dmean": 5.83261823654,
        "dmean2": 8.46732902527,
        "dvar": 204.019393921,
        "dvar2": 400.800750732,
        "max": 321.013275146,
        "mean": 14.3062553406,
        "median": 11.5009250641,
        "min": 0.0970490276814,
        "var": 317.902801514
    },
    "melbands_crest": {
        "dmean": 2.82091236115,
        "dmean2": 4.34511184692,
        "dvar": 7.87597894669,
        "dvar2": 18.868019104,
        "max": 31.2603111267,
        "mean": 15.8820800781,
        "median": 14.9882469177,
        "min": 3.85578846931,
        "var": 32.5187835693
    },
    "melbands_flatness_db": {
        "dmean": 0.0326051488519,
        "dmean2": 0.0442292653024,
        "dvar": 0.00119551678654,
        "dvar2": 0.00196136208251,
        "max": 0.454496920109,
        "mean": 0.255158752203,
        "median": 0.268108397722,
        "min": 0.0479374118149,
        "var": 0.00554575538263
    },
    "melbands_kurtosis": {
        "dmean": 7.04524850845,
        "dmean2": 10.6191129684,
        "dvar": 112.695533752,
        "dvar2": 257.335388184,
        "max": 158.903045654,
        "mean": 16.3287124634,
        "median": 11.0475330353,
        "min": -1.8746073246,
        "var": 294.182495117
    },
    "melbands_skewness": {
        "dmean": 0.673912644386,
        "dmean2": 0.992141664028,
        "dvar": 0.558105587959,
        "dvar2": 1.28469610214,
        "max": 9.84659290314,
        "mean": 2.69322085381,
        "median": 2.42809247971,
        "min": -1.07912445068,
        "var": 1.96190297604
    },
    "melbands_spread": {
        "dmean": 6.94079685211,
        "dmean2": 9.92148971558,
        "dvar": 353.535400391,
        "dvar2": 624.138916016,
        "max": 252.062423706,
        "mean": 14.5306892395,
        "median": 7.7615647316,
        "min": 0.930110156536,
        "var": 645.048522949
    },
    "pitch_salience": {
        "dmean": 0.057091858238,
        "dmean2": 0.0873163715005,
        "dvar": 0.00312079186551,
        "dvar2": 0.00655531696975,
        "max": 0.847864866257,
        "mean": 0.543716967106,
        "median": 0.553407907486,
        "min": 0.118945740163,
        "var": 0.0155876437202
    },
    "silence_rate_20dB": {
        "dmean": 0,
        "dmean2": 0,
        "dvar": 0,
        "dvar2": 0,
        "max": 1,
        "mean": 1,
        "median": 1,
        "min": 1,
        "var": 0
    },
    "silence_rate_30dB": {
        "dmean": 0,
        "dmean2": 0,
        "dvar": 0,
        "dvar2": 0,
        "max": 1,
        "mean": 1,
        "median": 1,
        "min": 1,
        "var": 0
    },
    "silence_rate_60dB": {
        "dmean": 0.0108359130099,
        "dmean2": 0.0216886140406,
        "dvar": 0.0107184173539,
        "dvar2": 0.0243165828288,
        "max": 1,
        "mean": 0.0193348806351,
        "median": 0,
        "min": 0,
        "var": 0.0189610477537
    },
    "spectral_centroid": {
        "dmean": 211.591766357,
        "dmean2": 292.400787354,
        "dvar": 198882.78125,
        "dvar2": 326596.0625,
        "max": 6815.98291016,
        "mean": 734.34979248,
        "median": 523.392822266,
        "min": 245.171829224,
        "var": 435218.90625
    },
    "spectral_complexity": {
        "dmean": 2.19427251816,
        "dmean2": 3.39504265785,
        "dvar": 5.52032327652,
        "dvar2": 12.2282428741,
        "max": 33,
        "mean": 11.6009283066,
        "median": 11,
        "min": 0,
        "var": 13.1245555878
    },
    "spectral_decrease": {
        "dmean": 1.83141324328e-09,
        "dmean2": 2.66696620344e-09,
        "dvar": 6.31471706215e-18,
        "dvar2": 1.2567540335e-17,
        "max": -5.47882086921e-11,
        "mean": -6.56937215737e-09,
        "median": -5.99153526792e-09,
        "min": -2.44648248326e-08,
        "var": 2.36868611253e-17
    },
    "spectral_energy": {
        "dmean": 0.00729492353275,
        "dmean2": 0.0106872264296,
        "dvar": 9.54077841016e-05,
        "dvar2": 0.000193545478396,
        "max": 0.0963405966759,
        "mean": 0.0260919537395,
        "median": 0.0237707905471,
        "min": 0.000239351575146,
        "var": 0.000354962627171
    },
    "spectral_energyband_high": {
        "dmean": 0.0004346704809,
        "dmean2": 0.000614807533566,
        "dvar": 2.82133260043e-06,
        "dvar2": 5.2738910199e-06,
        "max": 0.0372210256755,
        "mean": 0.000483619864099,
        "median": 8.57669656398e-05,
        "min": 4.63410088969e-07,
        "var": 4.03814146921e-06
    },
    "spectral_energyband_low": {
        "dmean": 0.00096615642542,
        "dmean2": 0.00150524277706,
        "dvar": 3.06400693262e-06,
        "dvar2": 7.19544277672e-06,
        "max": 0.0248529221863,
        "mean": 0.0024150123354,
        "median": 0.00136482878588,
        "min": 1.26352106236e-05,
        "var": 9.68229232967e-06
    },
    "spectral_energyband_middle_high": {
        "dmean": 0.00064098322764,
        "dmean2": 0.000917751342058,
        "dvar": 9.06828688585e-07,
        "dvar2": 2.06427580451e-06,
        "max": 0.0131887914613,
        "mean": 0.00165365065914,
        "median": 0.00120242510457,
        "min": 1.06475044959e-05,
        "var": 2.32868524108e-06
    },
    "spectral_energyband_middle_low": {
        "dmean": 0.00677119195461,
        "dmean2": 0.00983039475977,
        "dvar": 9.00186714716e-05,
        "dvar2": 0.00017926171131,
        "max": 0.0921560898423,
        "mean": 0.0231467969716,
        "median": 0.0204880274832,
        "min": 9.58188611548e-05,
        "var": 0.000340011552908
    },
    "spectral_entropy": {
        "dmean": 0.307252436876,
        "dmean2": 0.403062939644,
        "dvar": 0.100464224815,
        "dvar2": 0.159720465541,
        "max": 8.72758960724,
        "mean": 6.93124771118,
        "median": 6.80217123032,
        "min": 5.18040084839,
        "var": 0.458317011595
    },
    "spectral_flux": {
        "dmean": 0.0261737667024,
        "dmean2": 0.0409046821296,
        "dvar": 0.000828304735478,
        "dvar2": 0.00198666541837,
        "max": 0.259512960911,
        "mean": 0.0620205886662,
        "median": 0.0523572266102,
        "min": 0.00536622153595,
        "var": 0.00158487597946
    },
    "spectral_kurtosis": {
        "dmean": 3.66310381889,
        "dmean2": 5.58022069931,
        "dvar": 19.5657196045,
        "dvar2": 39.7390975952,
        "max": 51.81275177,
        "mean": 8.91515350342,
        "median": 7.20694446564,
        "min": -1.10621082783,
        "var": 55.0557518005
    },
    "spectral_rms": {
        "dmean": 0.000716316979378,
        "dmean2": 0.00103344174568,
        "dvar": 7.90122044236e-07,
        "dvar2": 1.45880505897e-06,
        "max": 0.00969488639385,
        "mean": 0.0046701557003,
        "median": 0.00481570512056,
        "min": 0.000483232579427,
        "var": 3.6451788219e-06
    },
    "spectral_rolloff": {
        "dmean": 508.248016357,
        "dmean2": 817.246582031,
        "dvar": 2135972.5,
        "dvar2": 3995739.25,
        "max": 11670.9960938,
        "mean": 1135.765625,
        "median": 581.396484375,
        "min": 215.33203125,
        "var": 3706760.75
    },
    "spectral_skewness": {
        "dmean": 0.418158322573,
        "dmean2": 0.593589186668,
        "dvar": 0.174777701497,
        "dvar2": 0.309805065393,
        "max": 5.79092407227,
        "mean": 2.30173158646,
        "median": 2.26092910767,
        "min": -0.403639942408,
        "var": 0.744881570339
    },
    "spectral_spread": {
        "dmean": 1012028.8125,
        "dmean2": 1361458.75,
        "dvar": 1.68013607731e+12,
        "dvar2": 2.72880658022e+12,
        "max": 25099564,
        "mean": 4517125.5,
        "median": 3894141.5,
        "min": 1177811,
        "var": 4.77452566528e+12
    },
    "spectral_strongpeak": {
        "dmean": 0.441877245903,
        "dmean2": 0.718447804451,
        "dvar": 0.779231786728,
        "dvar2": 1.77443897724,
        "max": 17.7975749969,
        "mean": 1.19803655148,
        "median": 0.926606535912,
        "min": 0.0168801303953,
        "var": 1.20934104919
    },
    "zerocrossingrate": {
        "dmean": 0.0147092835978,
        "dmean2": 0.0158878620714,
        "dvar": 0.000634102034383,
        "dvar2": 0.000626223685686,
        "max": 0.40625,
        "mean": 0.0465381518006,
        "median": 0.02880859375,
        "min": 0.0087890625,
        "var": 0.00251332623884
    },
    "barkbands": {
        "dmean": [6.45720206194e-07, 5.67323841096e-05, 0.000325506116496, 0.0015179378679, 0.002729867585, 0.00201062159613, 0.00205002469011, 0.000668848981149, 0.000762054754887, 0.000211488368222, 0.000169259859831, 0.000138730407343, 7.65745789977e-05, 9.9804608908e-05, 0.0001023073346, 5.24852002854e-05, 3.93130030716e-05, 4.17788542109e-05, 3.8469901483e-05, 4.22229459218e-05, 3.45305088558e-05, 8.34019083413e-05, 6.75212722854e-05, 0.000104956343421, 0.00012268073624, 2.33475675486e-05, 7.46103445692e-09],
        "dmean2": [1.01734360669e-06, 7.36492802389e-05, 0.000515823136084, 0.00241480558179, 0.00401608832181, 0.00292019406334, 0.00289662997238, 0.000925962056499, 0.00106517144013, 0.000323299318552, 0.000247154530371, 0.000197642337298, 0.000117212613986, 0.000156262583914, 0.000163229226018, 8.58351922943e-05, 6.12654548604e-05, 6.40384969302e-05, 6.37621706119e-05, 6.70180670568e-05, 5.61769156775e-05, 0.000121868841234, 9.64246428339e-05, 0.000151513246237, 0.000184045973583, 3.48841276718e-05, 8.42906278109e-09],
        "dvar": [3.81276607508e-11, 1.08532640652e-08, 3.60558146895e-07, 7.93722847447e-06, 2.19474259211e-05, 1.67995731317e-05, 2.13594412344e-05, 3.29951512867e-06, 2.90554999083e-06, 1.87153872844e-07, 1.64253634694e-07, 6.86192223043e-08, 3.13098311722e-08, 5.23089447313e-08, 4.84890243513e-08, 1.48766812202e-08, 6.36229646744e-09, 1.28828787638e-08, 6.89157459988e-08, 2.99894509226e-08, 1.71237619639e-08, 1.02535601343e-07, 7.33419724952e-08, 2.38399294972e-07, 4.00723536131e-07, 7.26644255877e-09, 4.7870321124e-14],
        "dvar2": [4.0103115273e-11, 1.78834316245e-08, 9.07395644845e-07, 2.02181036002e-05, 4.23673445766e-05, 3.70761335944e-05, 4.16648217652e-05, 5.97411599301e-06, 6.1770292632e-06, 4.19078020286e-07, 3.66110981531e-07, 1.33302719973e-07, 6.77809239846e-08, 1.21791757124e-07, 1.20084933997e-07, 4.08966585042e-08, 1.6184831253e-08, 2.91274613318e-08, 1.91452386389e-07, 7.2788758132e-08, 4.59672762076e-08, 2.06757917454e-07, 1.36651593152e-07, 4.97501105201e-07, 7.4159623864e-07, 1.51022589989e-08, 4.78552405494e-14],
        "max": [0.000219346213271, 0.00207936577499, 0.00822495110333, 0.0321890152991, 0.0618233904243, 0.0817711055279, 0.061162635684, 0.0415126569569, 0.0336257256567, 0.00655168155208, 0.00730955041945, 0.00406162859872, 0.00371450278908, 0.00374221010134, 0.00333499279805, 0.00197771470994, 0.00138701917604, 0.0019543399103, 0.00572419026867, 0.00326995830983, 0.00205355300568, 0.00619781715795, 0.00514100771397, 0.00975743308663, 0.0139664188027, 0.0015572712291, 7.86568944022e-06],
        "mean": [5.8848269191e-07, 0.000125015954836, 0.000726138299797, 0.00293507380411, 0.00760810822248, 0.00541353505105, 0.00423001777381, 0.00110344018321, 0.00176225567702, 0.000410378299421, 0.000317720579915, 0.000262960966211, 0.00012763995619, 0.000147895785631, 0.000146446327562, 8.73566095834e-05, 6.22651350568e-05, 6.71745292493e-05, 4.6201996156e-05, 5.40989240108e-05, 3.7075507862e-05, 8.50465148687e-05, 7.28671657271e-05, 0.000106146042526, 0.000130560001708, 2.59592889051e-05, 7.24710469413e-09],
        "median": [1.7157519494e-07, 3.46336164512e-05, 0.000440314877778, 0.00128371920437, 0.00173474638723, 0.00227465480566, 0.00101328967139, 0.000232826801948, 0.000721595424693, 0.000143241035403, 0.000168705169926, 0.000126052007545, 7.10993554094e-05, 5.54689249839e-05, 7.20433599781e-05, 5.57882885914e-05, 2.35570132645e-05, 3.20576473314e-05, 1.9749850253e-05, 2.45824030571e-05, 1.43236939039e-05, 1.06699790194e-05, 1.06107881948e-05, 1.42225080708e-05, 1.11341587399e-05, 3.02534340335e-06, 3.31974336909e-10],
        "min": [9.64064938991e-10, 7.88618663705e-08, 3.08247990688e-06, 5.86759961152e-06, 1.12837851702e-05, 3.42805242326e-06, 1.63088759564e-06, 4.01793727178e-07, 6.40326697976e-06, 3.20498907058e-06, 6.35863557363e-07, 5.39487302831e-07, 2.75789233228e-07, 6.85253837673e-07, 9.51955598794e-07, 5.42124496405e-07, 1.55301449922e-07, 2.93243772376e-07, 2.8035486821e-07, 2.06458210528e-07, 1.37375678833e-07, 4.99629990713e-08, 1.70196603477e-08, 5.08633490881e-09, 3.5315794733e-09, 5.09539799243e-10, 2.42714754545e-11],
        "var": [3.78453796079e-11, 5.7762413519e-08, 7.96005565462e-07, 1.82038984349e-05, 0.000114543268865, 9.4930663181e-05, 5.54461876163e-05, 8.36489471112e-06, 9.60174202191e-06, 5.00990381624e-07, 3.31518407393e-07, 1.88908032328e-07, 4.59357742955e-08, 8.6742232952e-08, 5.90414153123e-08, 1.42149350069e-08, 1.07223963042e-08, 1.86915602995e-08, 5.98854725808e-08, 2.70994426899e-08, 1.28735067051e-08, 1.3349469441e-07, 1.02818802361e-07, 2.78367451756e-07, 5.62200852983e-07, 1.0255406302e-08, 4.7888420524e-14]
    },
    "erbbands": {
        "dmean": [0.000341984996339, 0.0195523034781, 0.267777979374, 2.76938676834, 6.46669769287, 11.2774887085, 11.4600830078, 19.4790725708, 26.6945419312, 24.6720466614, 12.9849901199, 15.7171373367, 12.0250253677, 6.28243923187, 5.48354673386, 4.4459862709, 3.21030569077, 4.40513420105, 5.6339969635, 3.81624555588, 2.50466179848, 2.18350672722, 2.4451508522, 1.4865373373, 2.32459950447, 2.07032871246, 1.32533252239, 1.6569634676, 2.94854307175, 2.66920208931, 1.81036448479, 2.09336233139, 1.81678152084, 1.6871535778, 0.726268172264, 0.191529855132, 0.0282054319978, 0.00160942412913, 4.37326161773e-05, 1.14910426419e-05],
        "dmean2": [0.000464961805847, 0.0264166165143, 0.418911039829, 4.34961032867, 10.0240278244, 16.3255462646, 16.7357177734, 27.844865799, 37.8037528992, 35.1714706421, 17.9766921997, 21.8768119812, 16.9547309875, 8.98811149597, 7.86012458801, 6.29735517502, 4.8586025238, 6.83278465271, 8.84232997894, 5.94769859314, 4.02000331879, 3.34180474281, 3.78807616234, 2.36989068985, 3.7817132473, 3.29043459892, 2.0966489315, 2.63119196892, 4.30207157135, 3.95248007774, 2.59828901291, 3.02413797379, 2.65825414658, 2.49627804756, 1.09189689159, 0.27964925766, 0.0412521623075, 0.00247278530151, 6.44450701657e-05, 1.7014266632e-05],
        "dvar": [4.2908453679e-07, 0.00115696468856, 0.201226249337, 25.8415164948, 119.537284851, 527.049987793, 612.303466797, 2091.43286133, 3307.1184082, 4657.24804688, 972.679931641, 1650.16040039, 346.020355225, 152.661514282, 126.465240479, 86.9512481689, 57.1786727905, 103.893310547, 137.445358276, 89.3019332886, 40.5143051147, 18.4971446991, 42.5990180969, 52.3381614685, 214.807907104, 76.3613052368, 24.0671024323, 40.2990722656, 137.384460449, 114.300720215, 56.7279396057, 105.319671631, 69.5747070312, 91.7266693115, 10.0356321335, 0.607833921909, 0.00716963363811, 1.80100141733e-05, 1.57159867342e-08, 3.82165243895e-10],
        "dvar2": [7.01422948168e-07, 0.00214117625728, 0.506907463074, 63.3512115479, 262.110626221, 1015.73278809, 1175.61621094, 4461.99853516, 6586.20605469, 9389.57714844, 1696.94250488, 3287.19165039, 674.343994141, 319.250518799, 270.633026123, 170.3777771, 126.932853699, 252.807556152, 302.134887695, 223.869018555, 110.927200317, 46.2796440125, 99.5838470459, 134.42868042, 582.696289062, 192.94367981, 61.2393188477, 104.994056702, 284.437164307, 235.568786621, 110.528808594, 215.561355591, 142.148406982, 170.187057495, 20.3759021759, 1.15237128735, 0.0141202351078, 3.8979393139e-05, 2.89448323088e-08, 7.69997343664e-10],
        "max": [0.0131223183125, 0.635342776775, 5.61477994919, 69.1973800659, 166.061325073, 340.972625732, 402.79574585, 974.758544922, 897.712280273, 1126.38171387, 554.878662109, 847.209289551, 330.760620117, 301.089813232, 193.520004272, 182.085479736, 143.119354248, 217.512359619, 180.760437012, 197.937316895, 136.505584717, 76.0550842285, 114.350723267, 171.10206604, 320.520965576, 172.476211548, 87.6931838989, 113.245170593, 219.120040894, 206.368362427, 137.215377808, 238.788208008, 165.624526978, 228.595397949, 59.4269790649, 16.2533435822, 1.10906922817, 0.0562754198909, 0.00173190410715, 0.00037412130041],
        "mean": [0.000875116966199, 0.045722540468, 0.632576584816, 6.28266143799, 15.7940378189, 28.7935638428, 30.8792991638, 51.4661712646, 59.5833625793, 45.5287208557, 25.3164558411, 35.6943054199, 27.6899147034, 13.9392328262, 10.7088441849, 8.66805362701, 5.52393913269, 7.15721750259, 8.42091369629, 6.31458711624, 4.65557575226, 3.70143127441, 3.89567923546, 2.32641863823, 2.78376364708, 2.60608029366, 1.60761749744, 1.6328086853, 2.96022415161, 2.77235603333, 1.95067203045, 2.09810948372, 1.86937510967, 1.72272992134, 0.753381967545, 0.215627670288, 0.0309625901282, 0.0016775270924, 5.97380349063e-05, 3.44577092619e-05],
        "median": [0.00045542785665, 0.0201776213944, 0.406497806311, 3.30870461464, 6.03739452362, 4.91292381287, 10.9919195175, 18.9581356049, 20.9883270264, 9.53196239471, 8.66950321198, 12.7579908371, 16.8903503418, 8.5572271347, 5.75363588333, 4.2028222084, 2.81432723999, 3.43677091599, 3.77362465858, 3.73474359512, 3.11525321007, 1.5616928339, 1.89498436451, 1.18194723129, 1.09597337246, 1.14962232113, 0.701232790947, 0.42338770628, 0.344008743763, 0.368418365717, 0.302604138851, 0.218522146344, 0.281518608332, 0.146340459585, 0.0617344789207, 0.0207859799266, 0.00403981469572, 0.000254801823758, 2.36323612626e-05, 3.24143002217e-05],
        "min": [1.05160943349e-05, 0.000278424035059, 0.0114987548441, 0.0183563269675, 0.0348314084113, 0.041698705405, 0.0390551798046, 0.0517088323832, 0.136775910854, 0.0701435506344, 0.0732720419765, 0.152113452554, 0.1036048159, 0.0704650431871, 0.0263949334621, 0.016733540222, 0.0123534109443, 0.0333642065525, 0.0469699949026, 0.0560135170817, 0.0420596823096, 0.0445887185633, 0.0227021705359, 0.0104063218459, 0.016623839736, 0.00906254723668, 0.00893022865057, 0.00353633100167, 0.00174952170346, 0.0011726206867, 0.000380613812013, 7.81931812526e-05, 8.92134412425e-05, 4.42782293248e-05, 1.7751555788e-05, 5.78252911509e-06, 1.52643895035e-06, 3.00292413158e-07, 3.06128583816e-07, 3.4857873743e-07],
        "var": [1.72325053427e-06, 0.00531416665763, 0.466626763344, 73.5240097046, 475.248077393, 2459.98095703, 3205.26464844, 11294.2744141, 9069.18066406, 10000.1992188, 2763.24194336, 6349.20654297, 1220.00439453, 415.560455322, 238.937530518, 244.116424561, 88.8466339111, 160.80796814, 219.903381348, 96.3437042236, 39.585609436, 32.8752365112, 58.7673606873, 49.2254104614, 218.214736938, 64.0362625122, 20.0583229065, 33.1696929932, 175.127456665, 143.288925171, 74.8157119751, 126.837539673, 82.4320449829, 121.691368103, 13.8224105835, 0.939062178135, 0.0105848368257, 2.29835113714e-05, 2.37968489358e-08, 8.10114475502e-10]
    },
    "gfcc": {
        "mean": [-38.8996391296, 108.129447937, -110.288139343, 6.004737854, -83.2426071167, -2.3225402832, -60.1187782288, -0.674980640411, -35.1241340637, -8.33705043793, -23.316734314, -10.7194271088, -10.1363344193],
        "cov": [[2226.72045898, -1010.85882568, 174.122467041, 45.4871025085, -295.765808105, 173.56288147, -213.270706177, 140.037094116, -58.580783844, 158.309036255, -110.563842773, 55.5394363403, -110.738365173], [-1010.85882568, 1681.13684082, -228.379623413, -324.989349365, 316.005889893, -366.67300415, 160.386184692, -206.809677124, 60.5493888855, -214.133346558, 181.860153198, -150.521011353, 74.0546798706], [174.122467041, -228.379623413, 414.917480469, 102.656730652, -12.9993228912, 113.509384155, -41.6122436523, 36.6075592041, -32.7771186829, 56.9984703064, -33.4833984375, 25.3386516571, -37.8571357727], [45.4871025085, -324.989349365, 102.656730652, 386.941986084, 28.2284603119, 91.1911239624, -11.5884437561, 61.2414321899, 21.4129543304, 14.3713083267, -36.1437072754, 25.5173664093, 12.4696435928], [-295.765808105, 316.005889893, -12.9993228912, 28.2284603119, 199.370834351, -46.6703529358, 19.3699855804, -15.8877706528, 15.8144016266, -26.7987651825, 18.6681041718, -19.0676059723, 7.95347881317], [173.56288147, -366.67300415, 113.509384155, 91.1911239624, -46.6703529358, 233.32510376, 14.0316820145, 59.5843963623, -11.4883022308, 68.5007324219, -48.8330612183, 17.0388317108, -30.2752571106], [-213.270706177, 160.386184692, -41.6122436523, -11.5884437561, 19.3699855804, 14.0316820145, 134.378189087, -11.0075464249, 1.82555222511, -26.22123909, 9.19988155365, -4.64938783646, 7.70450353622], [140.037094116, -206.809677124, 36.6075592041, 61.2414321899, -15.8877706528, 59.5843963623, -11.0075464249, 124.683517456, 21.7726573944, 47.4621810913, -33.830821991, 18.9775772095, -12.3133020401], [-58.580783844, 60.5493888855, -32.7771186829, 21.4129543304, 15.8144016266, -11.4883022308, 1.82555222511, 21.7726573944, 77.5621261597, 25.3274421692, 8.48259830475, -5.22532367706, 14.1511583328], [158.309036255, -214.133346558, 56.9984703064, 14.3713083267, -26.7987651825, 68.5007324219, -26.22123909, 47.4621810913, 25.3274421692, 131.45904541, -9.35818195343, 11.9381427765, -23.6073093414], [-110.563842773, 181.860153198, -33.4833984375, -36.1437072754, 18.6681041718, -48.8330612183, 9.19988155365, -33.830821991, 8.48259830475, -9.35818195343, 96.9190597534, -2.95042872429, 4.96971464157], [55.5394363403, -150.521011353, 25.3386516571, 25.5173664093, -19.0676059723, 17.0388317108, -4.64938783646, 18.9775772095, -5.22532367706, 11.9381427765, -2.95042872429, 82.1510467529, 14.8461275101], [-110.738365173, 74.0546798706, -37.8571357727, 12.4696435928, 7.95347881317, -30.2752571106, 7.70450353622, -12.3133020401, 14.1511583328, -23.6073093414, 4.96971464157, 14.8461275101, 69.9044418335]],
        "icov": [[0.000777305685915, 1.3006356312e-05, 4.86024291604e-05, -4.56942179881e-05, 0.000850866199471, -5.59250984224e-05, 0.000941728416365, -0.000382245052606, 0.000413140543969, -0.000295394740533, 0.000335040560458, -0.00021481870499, 0.000798313471023], [1.3006356312e-05, 0.00505092460662, -0.00140548439231, 0.00331316725351, -0.00540860323235, 0.00311164627783, -0.00413248036057, 0.00163210998289, -0.00415312079713, 0.003819670761, -0.00409479578957, 0.00567077239975, -0.00275895022787], [4.86024291604e-05, -0.00140548439231, 0.00365860946476, -0.00155940034892, 0.00122641655616, -0.00184698821977, 0.00206332909875, -0.000330926588504, 0.00263074832037, -0.00190733000636, 0.00132237898652, -0.00222485209815, 0.00180208834354], [-4.56942179881e-05, 0.00331316725351, -0.00155940034892, 0.00560804316774, -0.00438941363245, 0.000712440174539, -0.00227861246094, 8.79087456269e-05, -0.00396966002882, 0.0035586997401, -0.00233025941998, 0.0031878836453, -0.00285850674845], [0.000850866199471, -0.00540860323235, 0.00122641655616, -0.00438941363245, 0.0125723397359, -0.00217880820855, 0.00456602172926, -0.00198127003387, 0.0038573241327, -0.00381068396382, 0.00419116672128, -0.00519357994199, 0.0040357420221], [-5.59250984224e-05, 0.00311164627783, -0.00184698821977, 0.000712440174539, -0.00217880820855, 0.00949038937688, -0.0049536912702, -0.000111967419798, -0.000845017202664, -0.000739932525903, -0.000513422652148, 0.00346775306389, -0.000406718841987], [0.000941728416365, -0.00413248036057, 0.00206332909875, -0.00227861246094, 0.00456602172926, -0.0049536912702, 0.0132301440462, -0.00155942654237, 0.00315806898288, -0.00125368312001, 0.00282474397682, -0.00495969178155, 0.00278557999991], [-0.000382245052606, 0.00163210998289, -0.000330926588504, 8.79087456269e-05, -0.00198127003387, -0.000111967419798, -0.00155942654237, 0.0125753208995, -0.00494524324313, -0.000703117111698, 0.00159596570302, -0.00040042863111, 0.000769669481087], [0.000413140543969, -0.00415312079713, 0.00263074832037, -0.00396966002882, 0.0038573241327, -0.000845017202664, 0.00315806898288, -0.00494524324313, 0.0218532215804, -0.00855528190732, 0.0017915701028, -0.0020448663272, -0.00184316397645], [-0.000295394740533, 0.003819670761, -0.00190733000636, 0.0035586997401, -0.00381068396382, -0.000739932525903, -0.00125368312001, -0.000703117111698, -0.00855528190732, 0.0154021037742, -0.00430184742436, 0.00300609134138, 0.000546025228687], [0.000335040560458, -0.00409479578957, 0.00132237898652, -0.00233025941998, 0.00419116672128, -0.000513422652148, 0.00282474397682, 0.00159596570302, 0.0017915701028, -0.00430184742436, 0.0162621494383, -0.0058601051569, 0.00354402977973], [-0.00021481870499, 0.00567077239975, -0.00222485209815, 0.0031878836453, -0.00519357994199, 0.00346775306389, -0.00495969178155, -0.00040042863111, -0.0020448663272, 0.00300609134138, -0.0058601051569, 0.0209893919528, -0.00816434435546], [0.000798313471023, -0.00275895022787, 0.00180208834354, -0.00285850674845, 0.0040357420221, -0.000406718841987, 0.00278557999991, 0.000769669481087, -0.00184316397645, 0.000546025228687, 0.00354402977973, -0.00816434435546, 0.0212111938745]]
    },
    "melbands": {
        "dmean": [8.50365631777e-06, 9.51792608248e-05, 0.000578723382205, 0.00061943102628, 0.000418743438786, 0.000421287229983, 0.000414553796872, 0.00024293961178, 0.000102654943475, 0.000109330387204, 6.13677184447e-05, 2.63776582869e-05, 1.94752992684e-05, 1.66614372574e-05, 9.42268434301e-06, 8.40314896777e-06, 8.64701905812e-06, 9.61109435593e-06, 7.34385048418e-06, 4.30529189543e-06, 2.76035916613e-06, 2.27475675274e-06, 2.6663672088e-06, 1.9861902274e-06, 1.14647275495e-06, 1.7237961174e-06, 1.6785219259e-06, 1.39460598803e-06, 8.67979849772e-07, 7.91073546225e-07, 1.04711682525e-06, 1.62030050888e-06, 1.7714274918e-06, 1.40882264077e-06, 9.5465634331e-07, 1.19038429602e-06, 1.35180141569e-06, 1.16479372991e-06, 1.58375769388e-06, 1.34737808821e-06],
        "dmean2": [1.10473993118e-05, 0.000147514787386, 0.000909885740839, 0.000926820095628, 0.000612064788584, 0.000605302222539, 0.000587229558732, 0.000347445224179, 0.000144072793773, 0.000150792388013, 8.72932578204e-05, 3.8198508264e-05, 2.81191114482e-05, 2.28522876569e-05, 1.4806631043e-05, 1.27705934574e-05, 1.35728441819e-05, 1.50232863234e-05, 1.17651798064e-05, 6.86385737936e-06, 4.42809641754e-06, 3.48777530235e-06, 4.09706990467e-06, 3.1200788726e-06, 1.89513741589e-06, 2.90611842502e-06, 2.65567655333e-06, 2.2307706331e-06, 1.40089457545e-06, 1.30778244056e-06, 1.67934194906e-06, 2.42294436248e-06, 2.56476823779e-06, 2.0963868792e-06, 1.42781516388e-06, 1.70476391759e-06, 1.99703117687e-06, 1.74457113644e-06, 2.32397292166e-06, 2.06066670216e-06],
        "dvar": [2.49021803178e-10, 2.717686165e-08, 1.00716397355e-06, 1.15213720164e-06, 6.9115117185e-07, 8.5672405703e-07, 7.53403924136e-07, 4.14017023331e-07, 6.90419525995e-08, 6.68546462634e-08, 9.03119268258e-09, 2.43388220689e-09, 1.89384485871e-09, 9.26542287338e-10, 7.54489803967e-10, 4.49724174567e-10, 4.16988887864e-10, 4.49397075108e-10, 2.83975065685e-10, 9.2540912433e-11, 6.5975613861e-11, 2.09365025317e-11, 2.58656221441e-11, 4.53785863053e-11, 3.07499893604e-11, 1.57494947639e-10, 6.19721982065e-11, 3.63326972674e-11, 1.05010167228e-11, 8.21513343463e-12, 1.74738973291e-11, 4.5556298317e-11, 4.4685932038e-11, 3.38711628189e-11, 1.58349947738e-11, 2.84431280612e-11, 4.67889373079e-11, 2.43270750766e-11, 7.38768490827e-11, 6.09628458825e-11],
        "dvar2": [4.07828854021e-10, 6.77288909401e-08, 2.55979261965e-06, 2.21755249186e-06, 1.32845991629e-06, 1.85266856079e-06, 1.50123094045e-06, 8.37447657887e-07, 1.31561122885e-07, 1.31217063881e-07, 1.77016872271e-08, 5.16078912938e-09, 4.29102220423e-09, 1.49215018119e-09, 1.88611881669e-09, 9.98386595619e-10, 1.04380670773e-09, 9.31246912916e-10, 7.23678339476e-10, 2.48608356124e-10, 1.81959544654e-10, 5.28302020186e-11, 6.01797361943e-11, 1.08279780975e-10, 8.03739019783e-11, 4.44272757472e-10, 1.54962265242e-10, 9.60103524461e-11, 2.65633626206e-11, 2.19879271041e-11, 4.5692241657e-11, 9.46108261179e-11, 9.07787317539e-11, 7.27060772698e-11, 3.26847125753e-11, 5.43919527474e-11, 1.01228081473e-10, 5.15122181022e-11, 1.44426470783e-10, 1.1524194099e-10],
        "max": [0.000315739976941, 0.00198954134248, 0.0110730100423, 0.0135439168662, 0.014720174484, 0.0195313282311, 0.0121947964653, 0.00988765060902, 0.00477918423712, 0.00556252291426, 0.00164991780184, 0.00111924030352, 0.00067826610757, 0.000587374088354, 0.000529691693373, 0.000467962148832, 0.000393338996219, 0.000337054341799, 0.000295203179121, 0.000168527461938, 0.000183713884326, 7.50670951675e-05, 6.77842253936e-05, 0.000129659994855, 0.000126775703393, 0.000278747495031, 0.000193337124074, 0.000121789278637, 5.93591721554e-05, 4.96210886922e-05, 7.58089372539e-05, 0.000127579100081, 0.000109163302113, 0.000117384748592, 7.03808982507e-05, 0.000110948552901, 0.000147097467561, 9.44887724472e-05, 0.000191981438547, 0.000187972094864],
        "mean": [1.89863876585e-05, 0.00022044427169, 0.0012751739705, 0.00167782919016, 0.00112739240285, 0.00113043445162, 0.00091533124214, 0.000440168689238, 0.000191584171262, 0.000246878713369, 0.000136235074024, 5.61929227842e-05, 3.72180402337e-05, 3.22197811329e-05, 1.47700438902e-05, 1.29979271151e-05, 1.32233426484e-05, 1.41212613016e-05, 1.0494192793e-05, 7.04980311639e-06, 4.8262686505e-06, 3.63826757166e-06, 3.9275000745e-06, 3.05771936837e-06, 1.67092503034e-06, 1.95488382815e-06, 2.0352640604e-06, 1.65406561337e-06, 1.00949455373e-06, 8.60667455527e-07, 9.58332520895e-07, 1.61760772244e-06, 1.79720461801e-06, 1.43949034737e-06, 1.03623028735e-06, 1.22828464555e-06, 1.29891475353e-06, 1.19248466035e-06, 1.56758960657e-06, 1.38512962167e-06],
        "median": [5.39931033927e-06, 0.000140718620969, 0.000691903696861, 0.000395579321776, 0.000344283180311, 0.000432401604485, 0.000315834593493, 8.16032479634e-05, 5.39133761777e-05, 9.05772758415e-05, 8.35301761981e-05, 3.21091538353e-05, 2.01429047593e-05, 1.33983694468e-05, 5.92277046962e-06, 6.26475275567e-06, 5.78940671403e-06, 5.49457354282e-06, 4.91859873364e-06, 4.46080230176e-06, 2.97140309158e-06, 1.43386660056e-06, 1.51158735662e-06, 1.44122600432e-06, 8.22968559078e-07, 7.88306749655e-07, 7.80589914484e-07, 6.9026299343e-07, 4.21460754296e-07, 3.387467018e-07, 1.84852808616e-07, 1.74221625571e-07, 2.00548498697e-07, 1.92860056814e-07, 1.81534389299e-07, 1.26080180962e-07, 1.27698328356e-07, 1.92524083786e-07, 1.69227845959e-07, 1.01836924671e-07],
        "min": [1.72456768865e-08, 2.74627404906e-06, 3.64615084436e-06, 3.05674734591e-06, 1.30840726342e-06, 1.09317556962e-06, 1.83527970421e-06, 6.18397791641e-07, 4.76139604189e-07, 8.7205461341e-07, 5.57080909402e-07, 2.97489947343e-07, 9.0242593842e-08, 6.87808920929e-08, 2.02553316342e-08, 3.58121106103e-08, 6.45726814241e-08, 6.97892872381e-08, 6.45711750735e-08, 8.63634852521e-08, 2.83868075712e-08, 8.02336419525e-09, 1.9674713414e-08, 1.56735300294e-08, 6.81516576506e-09, 1.23857377687e-08, 7.91376209008e-09, 4.36979386009e-09, 3.80955800239e-09, 1.83284665223e-09, 1.79978740245e-10, 1.82867453818e-11, 8.63942584139e-10, 4.54975390696e-10, 2.07150907539e-10, 8.75579331261e-11, 2.05167133283e-11, 5.81976966618e-11, 1.8233697538e-11, 3.35606265001e-11],
