{
"highlevel": {
    "danceability": {
        "all": {
            "danceable": 0.999936938286,
            "not_danceable": 6.30732611171e-05
        },
        "probability": 0.999936938286,
        "value": "danceable"
    },
    "gender": {
        "all": {
            "female": 0.912305116653,
            "male": 0.087694875896
        },
        "probability": 0.912305116653,
        "value": "female"
    },
    "genre_dortmund": {
        "all": {
            "alternative": 0.000972022651695,
            "blues": 0.00204478343949,
            "electronic": 0.203437238932,
            "folkcountry": 0.00147869740613,
            "funksoulrnb": 0.00105779676232,
            "jazz": 0.0129758799449,
            "pop": 0.00396381318569,
            "raphiphop": 0.772861301899,
            "rock": 0.00120847357903
        },
        "probability": 0.772861301899,
        "value": "raphiphop"
    },
    "genre_electronic": {
        "all": {
            "ambient": 0.276470303535,
            "dnb": 0.165022835135,
            "house": 0.458001583815,
            "techno": 0.0699495598674,
            "trance": 0.0305557176471
        },
        "probability": 0.458001583815,
        "value": "house"
    },
    "genre_rosamerica": {
        "all": {
            "cla": 0.00973330251873,
            "dan": 0.0413219556212,
            "hip": 0.484892129898,
            "jaz": 0.00988271459937,
            "pop": 0.054690156132,
            "rhy": 0.375382125378,
            "roc": 0.0125657580793,
            "spe": 0.0115318754688
        },
        "probability": 0.484892129898,
        "value": "hip"
    },
    "genre_tzanetakis": {
        "all": {
            "blu": 0.0519490092993,
            "cla": 0.0346336215734,
            "cou": 0.10392382741,
            "dis": 0.0780169889331,
            "hip": 0.15609665215,
            "jaz": 0.312339067459,
            "met": 0.0445879437029,
            "pop": 0.0780190601945,
            "reg": 0.0624139457941,
            "roc": 0.0780198872089
        },
        "probability": 0.312339067459,
        "value": "jaz"
    },
    "ismir04_rhythm": {
        "all": {
            "ChaChaCha": 0.361635148525,
            "Jive": 0.0193345546722,
            "Quickstep": 0.0240528862923,
            "Rumba-American": 0.00963785685599,
            "Rumba-International": 0.363778680563,
            "Rumba-Misc": 0.0409337468445,
            "Samba": 0.079202324152,
            "Tango": 0.0693854689598,
            "VienneseWaltz": 0.0262445379049,
            "Waltz": 0.0057947919704
        },
        "probability": 0.363778680563,
        "value": "Rumba-International"
    },
    "mood_acoustic": {
        "all": {
            "acoustic": 2.65264010757e-09,
            "not_acoustic": 1
        },
        "probability": 1,
        "value": "not_acoustic"
    },
    "mood_aggressive": {
        "all": {
            "aggressive": 0.0557347647846,
            "not_aggressive": 0.944265246391
        },
        "probability": 0.944265246391,
        "value": "not_aggressive"
    },
    "mood_electronic": {
        "all": {
            "electronic": 0.991054296494,
            "not_electronic": 0.00894568860531
        },
        "probability": 0.991054296494,
        "value": "electronic"
    },
    "mood_happy": {
        "all": {
            "happy": 0.376378148794,
            "not_happy": 0.623621881008
        },
        "probability": 0.623621881008,
        "value": "not_happy"
    },
    "mood_party": {
        "all": {
            "not_party": 0.157264307141,
            "party": 0.84273570776
        },
        "probability": 0.84273570776,
        "value": "party"
    },
    "mood_relaxed": {
        "all": {
            "not_relaxed": 0.792253375053,
            "relaxed": 0.207746654749
        },
        "probability": 0.792253375053,
        "value": "not_relaxed"
    },
    "mood_sad": {
        "all": {
            "not_sad": 0.862395465374,
            "sad": 0.137604549527
        },
        "probability": 0.862395465374,
        "value": "not_sad"
    },
    "moods_mirex": {
        "all": {
            "Cluster1": 0.126517623663,
            "Cluster2": 0.148451849818,
            "Cluster3": 0.162007689476,
            "Cluster4": 0.107423752546,
            "Cluster5": 0.455599099398
        },
        "probability": 0.455599099398,
        "value": "Cluster5"
    },
    "timbre": {
        "all": {
            "bright": 0.00263162353076,
            "dark": 0.997368395329
        },
        "probability": 0.997368395329,
        "value": "dark"
    },
    "tonal_atonal": {
        "all": {
            "atonal": 0.999994337559,
            "tonal": 5.63743742532e-06
        },
        "probability": 0.999994337559,
        "value": "atonal"
    },
    "voice_instrumental": {
        "all": {
            "instrumental": 0.00841914955527,
            "voice": 0.991580843925
        },
        "probability": 0.991580843925,
        "value": "voice"
    }
},
"lowlevel": {
    "average_loudness": 0.941515743732,
    "barkbands_crest": {
        "dmean": 2.51116538048,
        "dmean2": 3.8979074955,
        "dvar": 6.98565483093,
        "dvar2": 17.5534420013,
        "max": 26.2413368225,
        "mean": 12.7792043686,
        "median": 13.3413152695,
        "min": 2.3572537899,
        "var": 20.2228126526
    },
    "barkbands_flatness_db": {
        "dmean": 0.0476620458066,
        "dmean2": 0.0610890649259,
        "dvar": 0.00195312523283,
        "dvar2": 0.00297749764286,
        "max": 0.619052290916,
        "mean": 0.278034329414,
        "median": 0.266148507595,
        "min": 0.052566010505,
        "var": 0.0132694672793
    },
    "barkbands_kurtosis": {
        "dmean": 28.204328537,
        "dmean2": 47.8814125061,
        "dvar": 3071.94555664,
        "dvar2": 8382.84960938,
        "max": 568.059448242,
        "mean": 39.305480957,
        "median": 15.5153007507,
        "min": -1.91784000397,
        "var": 3668.6574707
    },
    "barkbands_skewness": {
        "dmean": 1.55954456329,
        "dmean2": 2.49089479446,
        "dvar": 3.71489429474,
        "dvar2": 9.80353736877,
        "max": 17.4536571503,
        "mean": 3.96885204315,
        "median": 3.25258874893,
        "min": -1.44061875343,
        "var": 9.52458190918
    },
    "barkbands_spread": {
        "dmean": 8.74861812592,
        "dmean2": 13.5325574875,
        "dvar": 189.841064453,
        "dvar2": 415.949249268,
        "max": 105.263511658,
        "mean": 14.3930845261,
        "median": 6.97354125977,
        "min": 0.0801781713963,
        "var": 319.094482422
    },
    "dissonance": {
        "dmean": 0.0208805967122,
        "dmean2": 0.033617131412,
        "dvar": 0.000422030629124,
        "dvar2": 0.00111245841254,
        "max": 0.499706208706,
        "mean": 0.458223670721,
        "median": 0.465259552002,
        "min": 0.25486600399,
        "var": 0.000939000630751
    },
    "dynamic_complexity": 2.8741402626,
    "erbbands_crest": {
        "dmean": 2.73910021782,
        "dmean2": 4.53428316116,
        "dvar": 6.14720582962,
        "dvar2": 16.0995235443,
        "max": 23.033870697,
        "mean": 8.85749912262,
        "median": 8.29524421692,
        "min": 3.16423988342,
        "var": 11.0518665314
    },
    "erbbands_flatness_db": {
        "dmean": 0.0346854962409,
        "dmean2": 0.0518322847784,
        "dvar": 0.000935566029511,
        "dvar2": 0.00168344029225,
        "max": 0.362272530794,
        "mean": 0.179571136832,
        "median": 0.17958933115,
        "min": 0.0734541788697,
        "var": 0.00280546303838
    },
    "erbbands_kurtosis": {
        "dmean": 1.5522840023,
        "dmean2": 2.54118704796,
        "dvar": 5.53987264633,
        "dvar2": 11.2893037796,
        "max": 24.2786006927,
        "mean": 0.692999839783,
        "median": -0.302705526352,
        "min": -1.88514471054,
        "var": 10.3219919205
    },
    "erbbands_skewness": {
        "dmean": 0.64603728056,
        "dmean2": 0.986969232559,
        "dvar": 0.41216647625,
        "dvar2": 0.882826209068,
        "max": 4.29164028168,
        "mean": 0.281782448292,
        "median": 0.1229897663,
        "min": -3.18584227562,
        "var": 1.13798320293
    },
    "erbbands_spread": {
        "dmean": 20.679063797,
        "dmean2": 32.2428016663,
        "dvar": 584.408691406,
        "dvar2": 1222.6685791,
        "max": 181.402206421,
        "mean": 49.4041137695,
        "median": 40.4204483032,
        "min": 5.65555953979,
        "var": 1048.94165039
    },
    "hfc": {
        "dmean": 10.7965164185,
        "dmean2": 16.1682376862,
        "dvar": 631.774597168,
        "dvar2": 1372.27575684,
        "max": 255.753662109,
        "mean": 15.9502820969,
        "median": 8.94138336182,
        "min": 0.207286611199,
        "var": 725.858276367
    },
    "melbands_crest": {
        "dmean": 2.93202900887,
        "dmean2": 4.45962524414,
        "dvar": 10.8185405731,
        "dvar2": 21.2125167847,
        "max": 38.5775947571,
        "mean": 25.6749382019,
        "median": 30.3939990997,
        "min": 4.64324808121,
        "var": 106.021087646
    },
    "melbands_flatness_db": {
        "dmean": 0.0616930313408,
        "dmean2": 0.076631449163,
        "dvar": 0.00301108020358,
        "dvar2": 0.00462124589831,
        "max": 0.762697637081,
        "mean": 0.360579550266,
        "median": 0.348371356726,
        "min": 0.0588705316186,
        "var": 0.0207354221493
    },
    "melbands_kurtosis": {
        "dmean": 75.5828323364,
        "dmean2": 122.030860901,
        "dvar": 20056.6328125,
        "dvar2": 53473.4179688,
        "max": 2072.34619141,
        "mean": 119.070846558,
        "median": 40.4380378723,
        "min": -1.34764361382,
        "var": 33594.5507812
    },
    "melbands_skewness": {
        "dmean": 2.4115819931,
        "dmean2": 3.63788175583,
        "dvar": 8.45541191101,
        "dvar2": 19.7799606323,
        "max": 33.406124115,
        "mean": 6.94475603104,
        "median": 5.24057292938,
        "min": -0.467208981514,
        "var": 29.7168579102
    },
    "melbands_spread": {
        "dmean": 7.64335870743,
        "dmean2": 11.3891086578,
        "dvar": 203.513504028,
        "dvar2": 464.947509766,
        "max": 202.534362793,
        "mean": 13.2773561478,
        "median": 5.02770757675,
        "min": 0.106348462403,
        "var": 353.880004883
    },
    "pitch_salience": {
        "dmean": 0.082299053669,
        "dmean2": 0.129386618733,
        "dvar": 0.00727780396119,
        "dvar2": 0.0193820614368,
        "max": 0.833662927151,
        "mean": 0.380354017019,
        "median": 0.31187620759,
        "min": 0.0735361203551,
        "var": 0.0383085906506
    },
    "silence_rate_20dB": {
        "dmean": 0.0232198145241,
        "dmean2": 0.0464756004512,
        "dvar": 0.0226809084415,
        "dvar2": 0.0567084550858,
        "max": 1,
        "mean": 0.982985317707,
        "median": 1,
        "min": 0,
        "var": 0.0167254805565
    },
    "silence_rate_30dB": {
        "dmean": 0.030959751457,
        "dmean2": 0.0619674660265,
        "dvar": 0.0300014652312,
        "dvar2": 0.0596768409014,
        "max": 1,
        "mean": 0.599381268024,
        "median": 1,
        "min": 0,
        "var": 0.240120798349
    },
    "silence_rate_60dB": {
        "dmean": 0.0433436520398,
        "dmean2": 0.0859798640013,
        "dvar": 0.0414644777775,
        "dvar2": 0.087882809341,
        "max": 1,
        "mean": 0.112142302096,
        "median": 0,
        "min": 0,
        "var": 0.0995655730367
    },
    "spectral_centroid": {
        "dmean": 410.377227783,
        "dmean2": 603.461975098,
        "dvar": 221770.359375,
        "dvar2": 476138.09375,
        "max": 3922.31298828,
        "mean": 1088.17956543,
        "median": 981.227905273,
        "min": 87.1944580078,
        "var": 511599.53125
    },
    "spectral_complexity": {
        "dmean": 3.99922609329,
        "dmean2": 4.93958187103,
        "dvar": 30.4729309082,
        "dvar2": 36.3463821411,
        "max": 58,
        "mean": 12.1036348343,
        "median": 8,
        "min": 1,
        "var": 110.703926086
    },
    "spectral_decrease": {
        "dmean": 6.05711436563e-09,
        "dmean2": 8.6571292357e-09,
        "dvar": 1.13462763202e-16,
        "dvar2": 2.01992118985e-16,
        "max": -9.52918369213e-11,
        "mean": -2.33446773024e-08,
        "median": -1.54291619481e-08,
        "min": -1.18984431197e-07,
        "var": 5.63489832831e-16
    },
    "spectral_energy": {
        "dmean": 0.0235355962068,
        "dmean2": 0.0335504263639,
        "dvar": 0.00163531373255,
        "dvar2": 0.00290347798727,
        "max": 0.451924264431,
        "mean": 0.0895548313856,
        "median": 0.0591999143362,
        "min": 0.00038842993672,
        "var": 0.00812648609281
    },
    "spectral_energyband_high": {
        "dmean": 0.00084012222942,
        "dmean2": 0.0014255134156,
        "dvar": 3.24283132613e-06,
        "dvar2": 7.68667086959e-06,
        "max": 0.0177768375725,
        "mean": 0.000605917943176,
        "median": 1.91216131498e-05,
        "min": 1.3217074013e-07,
        "var": 2.81622624243e-06
    },
    "spectral_energyband_low": {
        "dmean": 0.0212454292923,
        "dmean2": 0.0300520025194,
        "dvar": 0.00158858101349,
        "dvar2": 0.00300628482364,
        "max": 0.442500680685,
        "mean": 0.0790248736739,
        "median": 0.0498836003244,
        "min": 2.65914168267e-05,
        "var": 0.00758750736713
    },
    "spectral_energyband_middle_high": {
        "dmean": 0.00228374474682,
        "dmean2": 0.00301355938427,
        "dvar": 4.34848479927e-05,
        "dvar2": 8.42349909362e-05,
        "max": 0.0715787932277,
        "mean": 0.00316223828122,
        "median": 0.000654612842482,
        "min": 1.51198300955e-05,
        "var": 6.0665737692e-05
    },
    "spectral_energyband_middle_low": {
        "dmean": 0.00340792164207,
        "dmean2": 0.00542374514043,
        "dvar": 7.3704541137e-05,
        "dvar2": 0.000200951937586,
        "max": 0.0982347279787,
        "mean": 0.00511371158063,
        "median": 0.00249822903425,
        "min": 3.62396458513e-05,
        "var": 6.33100353298e-05
    },
    "spectral_entropy": {
        "dmean": 0.445285469294,
        "dmean2": 0.602555751801,
        "dvar": 0.164969399571,
        "dvar2": 0.320030272007,
        "max": 8.63826656342,
        "mean": 7.20770740509,
        "median": 7.20938062668,
        "min": 5.01812696457,
        "var": 0.479552835226
    },
    "spectral_flux": {
        "dmean": 0.0371870622039,
        "dmean2": 0.0548049136996,
        "dvar": 0.00266079069115,
        "dvar2": 0.00556632922962,
        "max": 0.507022082806,
        "mean": 0.101620160043,
        "median": 0.0850724503398,
        "min": 0.00390988122672,
        "var": 0.00698947161436
    },
    "spectral_kurtosis": {
        "dmean": 6.19484901428,
        "dmean2": 9.50729179382,
        "dvar": 51.0667190552,
        "dvar2": 110.981178284,
        "max": 81.8489990234,
        "mean": 8.85468387604,
        "median": 6.62491226196,
        "min": -1.21425020695,
        "var": 95.0203857422
    },
    "spectral_rms": {
        "dmean": 0.00109963677824,
        "dmean2": 0.00152977532707,
        "dvar": 2.38429493038e-06,
        "dvar2": 3.67701022697e-06,
        "max": 0.0209976602346,
        "mean": 0.00786986760795,
        "median": 0.00759973749518,
        "min": 0.00061559403548,
        "var": 2.54357346421e-05
    },
    "spectral_rolloff": {
        "dmean": 602.831054688,
        "dmean2": 1028.47460938,
        "dvar": 2238887.75,
        "dvar2": 5260811.5,
        "max": 8936.27929688,
        "mean": 839.762390137,
        "median": 107.666015625,
        "min": 43.06640625,
        "var": 2519266
    },
    "spectral_skewness": {
        "dmean": 0.703853428364,
        "dmean2": 1.04489672184,
        "dvar": 0.430303156376,
        "dvar2": 0.85479837656,
        "max": 7.74082565308,
        "mean": 1.890838027,
        "median": 1.72780871391,
        "min": -0.152069285512,
        "var": 1.08604824543
    },
    "spectral_spread": {
        "dmean": 1923816.375,
        "dmean2": 2844570,
        "dvar": 5.26735743386e+12,
        "dvar2": 9.47527457178e+12,
        "max": 13212007,
        "mean": 4305120,
        "median": 2929217,
        "min": 1211643.625,
        "var": 8.68031345459e+12
    },
    "spectral_strongpeak": {
        "dmean": 0.160809859633,
        "dmean2": 0.269617974758,
        "dvar": 0.126303210855,
        "dvar2": 0.325096398592,
        "max": 4.20178461075,
        "mean": 0.46972900629,
        "median": 0.425751775503,
        "min": 0,
        "var": 0.155490770936
    },
    "zerocrossingrate": {
        "dmean": 0.0147402733564,
        "dmean2": 0.0188667178154,
        "dvar": 0.000339980731951,
        "dvar2": 0.000503830728121,
        "max": 0.19580078125,
        "mean": 0.0317031629384,
        "median": 0.02099609375,
        "min": 0.00146484375,
        "var": 0.00106464093551
    },
    "barkbands": {
        "dmean": [0.00512578384951, 0.0207170080394, 0.00406516063958, 0.000966788735241, 0.0011062171543, 0.000937491538934, 0.000568015733734, 0.000350948277628, 0.000369007408153, 0.000322053179843, 0.000184416683624, 0.000285176589387, 0.000306694651954, 0.000271600642009, 0.00026039648219, 0.000299784704112, 0.000251727295108, 0.000261829787632, 0.000336521537974, 0.000145251513459, 9.65800354606e-05, 0.000117662923003, 0.000250876270002, 0.000272864446742, 5.67577953916e-05, 1.23476293084e-05, 1.50623709061e-08],
        "dmean2": [0.00813386309892, 0.0310545694083, 0.00728806201369, 0.00170142261777, 0.00181123439688, 0.00164200668223, 0.000935762072913, 0.00053401873447, 0.00051790982252, 0.000479827052914, 0.000275568745565, 0.000426099286415, 0.00043546926463, 0.000387320411392, 0.000372273469111, 0.000455975765362, 0.000345929758623, 0.000410880631534, 0.000504483352415, 0.00023847653938, 0.000150640611537, 0.000194610867766, 0.00043253225158, 0.000477961555589, 9.84363214229e-05, 2.17056858673e-05, 2.7990978424e-08],
        "dvar": [5.64789988857e-05, 0.00193995714653, 0.000115506030852, 1.24731195683e-05, 7.98792098067e-06, 6.59096485833e-06, 2.02626779355e-06, 5.45307898392e-07, 8.48222100558e-07, 1.39228234275e-06, 3.13440466471e-07, 7.71805389377e-07, 7.92600303612e-07, 6.83552343617e-07, 5.66408914437e-07, 1.18695299989e-06, 4.41037514065e-07, 1.2053918681e-06, 1.40205474963e-06, 5.43889598248e-07, 2.12846813952e-07, 2.04122457603e-07, 1.68575340354e-07, 1.94267840925e-07, 8.59199111858e-09, 3.93084648165e-10, 8.23650518042e-15],
        "dvar2": [0.000125333855976, 0.00434710457921, 0.000337178993504, 3.51832641172e-05, 2.06830063689e-05, 1.84595101018e-05, 5.01592830915e-06, 1.19415938116e-06, 1.78854622845e-06, 3.23740778185e-06, 6.44913995984e-07, 1.77571405402e-06, 1.64337734532e-06, 1.31939179937e-06, 1.10341693471e-06, 2.92826234727e-06, 9.24445600958e-07, 3.05630555886e-06, 3.36357311426e-06, 1.38670156957e-06, 4.7580709861e-07, 5.03443061461e-07, 4.1863881961e-07, 4.90406705467e-07, 2.14904130047e-08, 9.97647187084e-10, 2.37687558573e-14],
        "max": [0.0758842229843, 0.429764807224, 0.101512208581, 0.0369919016957, 0.0292828567326, 0.0225927177817, 0.022552030161, 0.00890032667667, 0.0126485340297, 0.0218656696379, 0.00924314092845, 0.0144668836147, 0.0121511714533, 0.0131496731192, 0.00782535318285, 0.0135999256745, 0.00805601663888, 0.0128784291446, 0.0126403737813, 0.0096666617319, 0.00446277065203, 0.00508058769628, 0.00305414013565, 0.00257440912537, 0.000614379765466, 9.50849062065e-05, 1.47756668412e-06],
        "mean": [0.0244613029063, 0.0514403507113, 0.00484100729227, 0.00089945900254, 0.00140087900218, 0.00092070735991, 0.000754336826503, 0.000420198630309, 0.000573786499444, 0.000372639857233, 0.000215885534999, 0.000333863630658, 0.000338356912835, 0.000321545870975, 0.000302832311718, 0.000334397045663, 0.00033561597229, 0.000249144155532, 0.000355873431545, 0.000112217996502, 7.94084407971e-05, 8.86431953404e-05, 0.000173243839527, 0.000182424191735, 3.86035135307e-05, 8.30219505588e-06, 9.95755478073e-09],
        "median": [0.0154439080507, 0.0283084046096, 0.00111339439172, 0.000274597055977, 0.000585293921176, 0.000285934074782, 0.000277440412901, 6.738967204e-05, 7.45101715438e-05, 4.16249276896e-05, 1.77329784492e-05, 2.22583457798e-05, 2.36783162109e-05, 3.8396443415e-05, 2.82808869088e-05, 2.44671045948e-05, 3.46463930327e-05, 2.7527090424e-05, 4.64252771053e-05, 5.31314981345e-06, 1.29001193727e-06, 4.53733628092e-06, 4.95555605085e-06, 3.34022092829e-06, 6.78050582792e-07, 2.99283982486e-07, 1.00148622728e-09],
        "min": [5.61105106822e-10, 7.22542665699e-08, 2.13280236494e-06, 1.90903688235e-06, 1.60434160534e-06, 5.781258551e-06, 4.81055622004e-06, 1.94346483795e-07, 1.30251726205e-06, 4.90843774514e-07, 3.05229207243e-07, 4.87138947847e-07, 4.36187377773e-07, 3.0193564271e-07, 1.35206860818e-07, 2.474363896e-07, 1.44546561387e-07, 1.30614253635e-07, 1.87226220305e-07, 9.45688150011e-09, 1.1544009304e-08, 1.80331696242e-08, 1.71527556603e-08, 1.12002158659e-08, 2.36509228868e-10, 1.49641982833e-11, 1.38618595769e-11],
        "var": [0.000643845938612, 0.00453190831468, 9.56089497777e-05, 7.86619420978e-06, 7.04542571839e-06, 4.65016819362e-06, 2.62129606199e-06, 8.23817231321e-07, 1.782809818e-06, 1.63664242336e-06, 4.21923829208e-07, 9.52850939484e-07, 1.00739953268e-06, 9.80641857495e-07, 7.92079788425e-07, 1.1477869748e-06, 6.92332889685e-07, 9.71744270828e-07, 1.29756699607e-06, 4.16590864916e-07, 1.99726443384e-07, 1.64110616652e-07, 1.36376485216e-07, 1.479957632e-07, 6.74012312629e-09, 2.95243662851e-10, 4.6213545855e-15]
    },
    "erbbands": {
        "dmean": [0.798100411892, 3.96487283707, 4.33429479599, 4.28803730011, 2.73168063164, 3.49761366844, 7.75608444214, 7.16810560226, 9.13059234619, 6.57432699203, 7.25587511063, 8.18544006348, 9.75084400177, 7.84809684753, 8.84400653839, 10.3020324707, 12.6695594788, 14.7240209579, 13.3478403091, 14.7213830948, 14.5120449066, 15.3905858994, 15.4091567993, 16.0088214874, 14.3927354813, 6.2451300621, 3.42209911346, 3.94458341599, 4.55526304245, 4.29893827438, 9.66645622253, 7.67118501663, 2.82012820244, 0.85917109251, 0.324117004871, 0.0813888311386, 0.0189730580896, 0.00203571887687, 4.9597609177e-05, 2.86228987534e-05],
        "dmean2": [1.18021857738, 6.25639295578, 7.33334970474, 7.78700065613, 4.60057163239, 5.79987430573, 13.2702894211, 12.4652490616, 15.1298475266, 10.2240114212, 11.0955591202, 11.7677736282, 13.2715797424, 11.4108343124, 13.0051965714, 14.3243532181, 16.9341716766, 20.3185405731, 19.3540554047, 21.1022567749, 21.340965271, 21.5334377289, 23.5495853424, 25.0829544067, 21.4737796783, 10.0125055313, 5.16357803345, 6.32479190826, 7.55141878128, 7.20324611664, 16.9636936188, 13.4211893082, 4.90390586853, 1.48644638062, 0.562008857727, 0.14249406755, 0.0336319059134, 0.00378744257614, 8.72066593729e-05, 4.0817871195e-05],
        "dvar": [1.74522864819, 116.429748535, 118.647506714, 208.810638428, 65.2948455811, 77.7937698364, 424.066467285, 356.951507568, 532.994995117, 196.466751099, 254.102996826, 455.060119629, 1146.61657715, 521.794189453, 764.047851562, 739.545837402, 1231.68261719, 2114.81347656, 1536.12683105, 2098.69921875, 2456.07080078, 1923.41931152, 4058.29638672, 3344.6184082, 3185.52001953, 945.414306641, 259.042510986, 344.120697021, 365.032531738, 127.864143372, 249.734375, 150.934204102, 21.4357357025, 1.95792961121, 0.269521176815, 0.0171121973544, 0.00100566539913, 1.3815812963e-05, 5.66547253555e-09, 1.871699018e-09],
        "dvar2": [3.46234679222, 295.295837402, 311.894012451, 604.646911621, 163.182815552, 206.50227356, 1189.75842285, 974.693664551, 1267.28063965, 484.146148682, 551.257385254, 959.500366211, 2369.26269531, 1128.75256348, 1828.45141602, 1404.75439453, 2332.84472656, 4324.16650391, 3142.24829102, 4517.85351562, 5917.59179688, 4096.04589844, 10072.9267578, 8668.42578125, 7427.48193359, 2342.77416992, 560.268249512, 796.110168457, 925.66583252, 319.408721924, 634.970214844, 381.769714355, 53.6752815247, 4.87959432602, 0.673558473587, 0.0429226830602, 0.00260359374806, 3.72370814148e-05, 1.47191041577e-08, 3.34170091598e-09],
        "max": [13.651892662, 89.6764144897, 110.743560791, 142.934204102, 97.6949386597, 81.111038208, 174.720474243, 155.567626953, 319.093017578, 162.208724976, 250.842498779, 278.43371582, 692.368103027, 307.019256592, 423.691070557, 508.777099609, 509.188323975, 735.380126953, 515.891418457, 569.051452637, 666.847290039, 479.427368164, 762.426208496, 596.090270996, 649.077697754, 338.055114746, 155.215026855, 198.222640991, 228.074050903, 130.12638855, 89.1564483643, 69.4875488281, 31.9161376953, 8.50077438354, 3.2628121376, 0.867236852646, 0.155039668083, 0.01765730232, 0.000447279628133, 0.000487577111926],
        "mean": [3.16952490807, 5.0341758728, 5.94019174576, 4.35066175461, 3.13799166679, 4.17858219147, 8.15098285675, 7.41753530502, 12.0045976639, 8.28807926178, 9.46949958801, 12.8585910797, 13.9047050476, 9.36969089508, 10.2081441879, 13.6954345703, 15.1939287186, 16.8563327789, 15.7108726501, 17.5180397034, 17.2966537476, 19.8386001587, 15.3746747971, 16.5494861603, 14.5555334091, 5.0769534111, 2.96258473396, 3.12303304672, 3.34001660347, 3.19163012505, 6.42901659012, 5.12385988235, 1.91171658039, 0.586088836193, 0.222559899092, 0.0554147176445, 0.0125336674973, 0.00121736549772, 6.91222303431e-05, 0.000100937111711],
        "median": [2.02213716507, 1.53401267529, 1.33808386326, 1.4097328186, 0.98716878891, 1.66895699501, 2.30228686333, 2.6890232563, 4.67361593246, 1.99852871895, 1.79127645493, 1.81242072582, 1.51567852497, 0.973307907581, 0.841646671295, 1.01648259163, 1.2140969038, 1.58211112022, 2.26093912125, 1.59642159939, 1.52928566933, 1.99169421196, 1.639321208, 2.54443383217, 1.42761671543, 0.31958425045, 0.0884092375636, 0.0553592219949, 0.140786230564, 0.195007532835, 0.111863292754, 0.0993027538061, 0.0406569726765, 0.0100412964821, 0.00389015395194, 0.00176016462501, 0.000451275409432, 3.12640986522e-05, 5.11872822244e-05, 6.87283682055e-05],
        "min": [3.65684581993e-06, 0.000116735020129, 0.00763511983678, 0.0139334565029, 0.0164892412722, 0.00810947921127, 0.0219550076872, 0.0480953082442, 0.102880939841, 0.0499468632042, 0.0197587944567, 0.0430714003742, 0.0431542806327, 0.0224719587713, 0.0173857267946, 0.0219626612961, 0.0356669388711, 0.0322039760649, 0.0188648551702, 0.0133937159553, 0.0141441281885, 0.0112033048645, 0.0123879341409, 0.00900397449732, 0.00601920625195, 0.00189067458268, 0.00143140694126, 0.000787055469118, 0.00062891113339, 0.000661222322378, 0.00048872519983, 0.000346865621395, 0.000135306574521, 2.81348638964e-05, 2.15049458347e-05, 4.94993219036e-06, 1.93627352019e-06, 1.56207335067e-07, 3.13760608606e-07, 5.11997370722e-07],
        "var": [11.5676546097, 126.637649536, 130.430130005, 133.984298706, 56.8847808838, 65.5259246826, 324.171630859, 269.969299316, 676.731140137, 277.002746582, 388.514831543, 855.005249023, 1893.3157959, 680.105773926, 876.087402344, 1310.35058594, 1793.9230957, 2849.92138672, 2014.40466309, 2653.39599609, 2603.58056641, 2721.31347656, 3455.80151367, 2683.87011719, 3015.12475586, 770.936035156, 259.316314697, 304.472869873, 278.428100586, 101.835601807, 190.13067627, 114.826797485, 16.7442569733, 1.55077421665, 0.211224272847, 0.0131554380059, 0.000724499870557, 8.76288413565e-06, 5.65036817335e-09, 9.56457402168e-09]
    },
    "gfcc": {
        "mean": [-75.1093521118, 125.961402893, -92.4833297729, 41.1493644714, -35.2400016785, 18.3662128448, -35.8182907104, 15.2929944992, -1.96951568127, -4.4631061554, 5.59719753265, 0.265801429749, -8.8386297226],
        "cov": [[7051.91552734, -2184.02172852, -606.68951416, 661.74041748, -749.013916016, 846.222229004, -330.062042236, 589.618408203, 69.5090255737, -14.3110971451, -9.42586517334, 200.133987427, -194.188934326], [-2184.02172852, 2491.13574219, -431.372772217, -639.968078613, 1061.80297852, -743.610107422, 562.883972168, -176.829650879, 125.196968079, -255.969909668, 227.865249634, -214.934768677, 123.024368286], [-606.68951416, -431.372772217, 1850.35241699, 436.034332275, 63.9137954712, 543.129760742, 152.819763184, -5.77456474304, 170.274688721, 166.595092773, 54.072845459, 58.4071159363, 56.0814399719], [661.74041748, -639.968078613, 436.034332275, 695.837402344, -11.8288269043, 153.314620972, -48.8095321655, 71.5606231689, 107.183509827, 83.7041015625, 67.7705078125, 22.0620212555, 38.48179245], [-749.013916016, 1061.80297852, 63.9137954712, -11.8288269043, 832.941833496, -239.422775269, 396.511138916, 7.73329353333, 192.979385376, -61.6773223877, 220.412750244, -109.706581116, 86.4250869751], [846.222229004, -743.610107422, 543.129760742, 153.314620972, -239.422775269, 648.44732666, 59.4773292542, 93.5042419434, 32.914855957, 132.869308472, -32.9556694031, 70.1422424316, 0.859219670296], [-330.062042236, 562.883972168, 152.819763184, -48.8095321655, 396.511138916, 59.4773292542, 525.013305664, 24.7917881012, 97.4954605103, -9.18019294739, 134.662979126, -23.9337234497, 73.7319412231], [589.618408203, -176.829650879, -5.77456474304, 71.5606231689, 7.73329353333, 93.5042419434, 24.7917881012, 193.877044678, 72.7027130127, 0.726563155651, 53.7602500916, 31.6824836731, -24.2691230774], [69.5090255737, 125.196968079, 170.274688721, 107.183509827, 192.979385376, 32.914855957, 97.4954605103, 72.7027130127, 205.820892334, 27.6469593048, 88.6864395142, -19.4573574066, 37.8374900818], [-14.3110971451, -255.969909668, 166.595092773, 83.7041015625, -61.6773223877, 132.869308472, -9.18019294739, 0.726563155651, 27.6469593048, 151.513687134, -2.94109940529, 9.8397808075, 10.8889827728], [-9.42586517334, 227.865249634, 54.072845459, 67.7705078125, 220.412750244, -32.9556694031, 134.662979126, 53.7602500916, 88.6864395142, -2.94109940529, 171.574966431, -4.43065929413, 31.484544754], [200.133987427, -214.934768677, 58.4071159363, 22.0620212555, -109.706581116, 70.1422424316, -23.9337234497, 31.6824836731, -19.4573574066, 9.8397808075, -4.43065929413, 131.667068481, 17.8390159607], [-194.188934326, 123.024368286, 56.0814399719, 38.48179245, 86.4250869751, 0.859219670296, 73.7319412231, -24.2691230774, 37.8374900818, 10.8889827728, 31.484544754, 17.8390159607, 159.183151245]],
        "icov": [[0.000371594476746, 0.000163184246048, 0.000359697296517, -0.000284788955469, -5.32543253939e-06, -0.000593326694798, 7.27664955775e-05, -0.000416592374677, -0.000236406893237, 0.000627607689239, -0.000143034718349, -0.000103159189166, 0.000231305399211], [0.000163184246048, 0.00432947836816, -0.000247512827627, 0.00310781621374, -0.00260003912263, 0.00235624448396, -0.0016694185324, 0.0018717123894, -0.00128883030266, 0.00281689688563, -0.00139227078762, 0.00194543751422, -0.00118250306696], [0.000359697296517, -0.000247512827627, 0.00136426917743, -0.00100814213511, -7.54696156946e-05, -0.00169019331224, 0.000237995263888, 0.000343781895936, -0.000706461607479, 0.000273788493359, 3.04277509713e-05, -0.000796530221123, 0.000617874437012], [-0.000284788955469, 0.00310781621374, -0.00100814213511, 0.00469587091357, -0.0018156216247, 0.00245501310565, -0.000763027870562, 0.00130743265618, -0.00109007314313, 0.000959371216595, -0.00175375211984, 0.00182679085992, -0.00166842306498], [-5.32543253939e-06, -0.00260003912263, -7.54696156946e-05, -0.0018156216247, 0.00549749564379, -0.000114371468953, -0.000940877827816, -0.00105412665289, -0.00100578251295, -0.000924915482756, -0.00134711398277, 0.000666406063829, 0.000253509904724], [-0.000593326694798, 0.00235624448396, -0.00169019331224, 0.00245501310565, -0.000114371468953, 0.00611969828606, -0.00251712743193, 4.68972029921e-05, -0.000323818996549, -0.00107485917397, 0.000125235659652, 0.0014862481039, -0.00138155405875], [7.27664955775e-05, -0.0016694185324, 0.000237995263888, -0.000763027870562, -0.000940877827816, -0.00251712743193, 0.00460213469341, -0.000783036754001, 0.00086929887766, -0.000637674878817, -0.00065161078237, -0.00105528801214, -0.000162907090271], [-0.000416592374677, 0.0018717123894, 0.000343781895936, 0.00130743265618, -0.00105412665289, 4.68972029921e-05, -0.000783036754001, 0.010333629325, -0.00376250781119, 0.00205711717717, -0.00272942567244, -0.00122660468332, 0.00154921994545], [-0.000236406893237, -0.00128883030266, -0.000706461607479, -0.00109007314313, -0.00100578251295, -0.000323818996549, 0.00086929887766, -0.00376250781119, 0.0098045412451, -0.00264671933837, -0.00076968682697, 0.000947837659623, -0.00131183431949], [0.000627607689239, 0.00281689688563, 0.000273788493359, 0.000959371216595, -0.000924915482756, -0.00107485917397, -0.000637674878817, 0.00205711717717, -0.00264671933837, 0.0115136969835, -0.00162255438045, 0.00132960628252, -0.000609393056948], [-0.000143034718349, -0.00139227078762, 3.04277509713e-05, -0.00175375211984, -0.00134711398277, 0.000125235659652, -0.00065161078237, -0.00272942567244, -0.00076968682697, -0.00162255438045, 0.0117681762204, -0.00203936756589, 0.000126048515085], [-0.000103159189166, 0.00194543751422, -0.000796530221123, 0.00182679085992, 0.000666406063829, 0.0014862481039, -0.00105528801214, -0.00122660468332, 0.000947837659623, 0.00132960628252, -0.00203936756589, 0.0112240193412, -0.0030291294679], [0.000231305399211, -0.00118250306696, 0.000617874437012, -0.00166842306498, 0.000253509904724, -0.00138155405875, -0.000162907090271, 0.00154921994545, -0.00131183431949, -0.000609393056948, 0.000126048515085, -0.0030291294679, 0.00851329881698]]
    },
    "melbands": {
        "dmean": [0.00622213957831, 0.00279431021772, 0.000690141401719, 0.000210681682802, 0.000250962300925, 0.000168277547345, 0.000128092317027, 7.24980636733e-05, 6.00694984314e-05, 5.13055238116e-05, 4.87362267449e-05, 3.33264433721e-05, 2.72792549367e-05, 3.04581408272e-05, 2.60372071352e-05, 3.27488778566e-05, 2.75596485153e-05, 2.16624121094e-05, 2.12137110793e-05, 1.93756495719e-05, 1.78079135367e-05, 1.57221329573e-05, 1.59861629072e-05, 1.18856714835e-05, 1.33183266371e-05, 1.32173354359e-05, 7.56527606427e-06, 3.2035914046e-06, 1.86182069228e-06, 2.49837967203e-06, 2.18965760723e-06, 2.61674313151e-06, 2.33526225202e-06, 2.05505625672e-06, 5.35925300937e-06, 5.37958476343e-06, 4.36788832303e-06, 2.16882108361e-06, 1.08821529921e-06, 6.14207522176e-07],
        "dmean2": [0.00940947979689, 0.00420330092311, 0.00124298816081, 0.000346359738614, 0.000429449661169, 0.000293175457045, 0.000211772305192, 0.000111855813884, 9.12138275453e-05, 7.33954293537e-05, 6.74434922985e-05, 4.96089851367e-05, 4.00275275751e-05, 4.61588097096e-05, 3.55111478711e-05, 4.72191131848e-05, 3.88368971471e-05, 3.21711158904e-05, 3.10921932396e-05, 2.90207117359e-05, 2.67291779892e-05, 2.21501322812e-05, 2.35209572566e-05, 1.85031694855e-05, 2.13249149965e-05, 2.006260911e-05, 1.17306499305e-05, 5.18961496709e-06, 2.80820472653e-06, 3.87726458939e-06, 3.53202062797e-06, 4.36091204392e-06, 3.94240123569e-06, 3.40828455592e-06, 9.42185943131e-06, 9.38862285693e-06, 7.66522134654e-06, 3.76887055609e-06, 1.88909859844e-06, 1.06681977741e-06],
        "dvar": [0.000139546231367, 4.81965835206e-05, 5.0417802413e-06, 3.30275611304e-07, 4.26542811738e-07, 1.9270520113e-07, 1.07473454136e-07, 2.27636594019e-08, 1.85886896986e-08, 1.79630461616e-08, 2.9998901141e-08, 1.04181703264e-08, 7.55883533543e-09, 9.2777341365e-09, 5.95533977688e-09, 9.37446298366e-09, 8.00400279388e-09, 4.40111058708e-09, 4.18583301354e-09, 4.00121891175e-09, 4.02052657833e-09, 1.81410653166e-09, 3.15544790297e-09, 2.66905297863e-09, 2.34812302935e-09, 2.38545827536e-09, 1.24229304621e-09, 2.68849498219e-10, 7.17944800832e-11, 1.54749393855e-10, 1.01956026954e-10, 1.35084957109e-10, 5.74020865562e-11, 2.93601670753e-11, 7.78350162101e-11, 7.66606847447e-11, 4.87525818327e-11, 1.33532386537e-11, 3.08940698544e-12, 1.0357819203e-12],
        "dvar2": [0.000299728824757, 0.000107207946712, 1.44441974044e-05, 8.21093522063e-07, 1.2001144114e-06, 5.2681048146e-07, 2.58521737351e-07, 5.30412016531e-08, 4.10920328875e-08, 3.68710395549e-08, 6.20445632649e-08, 2.34611725602e-08, 1.7197422153e-08, 2.23508571651e-08, 9.58904688986e-09, 1.97585787731e-08, 1.7004767372e-08, 9.7677359534e-09, 8.52531911733e-09, 9.45641165373e-09, 9.91012072404e-09, 3.88014731456e-09, 7.21975990103e-09, 6.75951117302e-09, 6.28770902011e-09, 5.72503822127e-09, 3.01435143513e-09, 6.821880838e-10, 1.55122553691e-10, 3.44484690773e-10, 2.36981545498e-10, 3.39294120577e-10, 1.47301587594e-10, 7.32771412992e-11, 1.98549746089e-10, 1.95256949498e-10, 1.23372090322e-10, 3.33504855676e-11, 7.8171956755e-12, 2.58468355226e-12],
        "max": [0.123328730464, 0.0610349737108, 0.0229613445699, 0.00641322275624, 0.00564060127363, 0.00392297655344, 0.00500351749361, 0.00164106057491, 0.00231415987946, 0.00179573218338, 0.00346492719837, 0.001303905854, 0.00139041035436, 0.0017429634463, 0.00189047784079, 0.00103184930049, 0.00147032435052, 0.00108060264029, 0.000756698253099, 0.000744999269955, 0.0008755994495, 0.000487197859911, 0.000641275953967, 0.000608135247603, 0.000501146831084, 0.000540047709364, 0.000528149132151, 0.000187806261238, 8.19152992335e-05, 0.000121312084957, 0.000110184722871, 0.000145341822645, 7.69711768953e-05, 6.82875252096e-05, 5.3209503676e-05, 5.49457508896e-05, 3.75890122086e-05, 2.78422739939e-05, 9.96248945739e-06, 6.85527129463e-06],
        "mean": [0.0216349456459, 0.00401777541265, 0.000737117836252, 0.00024987917277, 0.000275920290733, 0.000176227011252, 0.000171154926647, 8.92752868822e-05, 7.85471711424e-05, 8.22653892101e-05, 6.84561819071e-05, 3.78671647923e-05, 3.15516299452e-05, 3.57501921826e-05, 3.53552968591e-05, 3.48660105374e-05, 3.0708113627e-05, 2.47244697675e-05, 2.42908863584e-05, 2.21507452807e-05, 2.01154707611e-05, 2.02731444006e-05, 1.75456916622e-05, 1.12925054054e-05, 1.35977861646e-05, 1.35526106533e-05, 6.62018373987e-06, 2.45905971497e-06, 1.62643482327e-06, 2.03632407647e-06, 1.72147167632e-06, 1.92961238099e-06, 1.70390239873e-06, 1.55736370289e-06, 3.55283532372e-06, 3.60351646123e-06, 2.89776585305e-06, 1.4817775309e-06, 7.34254456347e-07, 4.1798622874e-07],
        "median": [0.0138151207939, 0.000960493343882, 0.000263473106315, 9.25702042878e-05, 8.68170100148e-05, 6.33130621281e-05, 6.44524407107e-05, 1.77202182385e-05, 1.5577303202e-05, 1.06753341242e-05, 7.24218307369e-06, 4.04629736295e-06, 2.57652754954e-06, 2.42501323555e-06, 2.57703004536e-06, 2.45697674472e-06, 3.02119588014e-06, 3.5811917769e-06, 2.09537120099e-06, 1.62313790497e-06, 1.68755468621e-06, 1.9813196559e-06, 1.2739540125e-06, 1.28128817778e-06, 2.00614567802e-06, 1.47357047808e-06, 3.66841561572e-07, 7.68015695485e-08, 4.18029095783e-08, 2.01693861612e-08, 3.14220969244e-08, 6.76147635659e-08, 1.04013089697e-07, 1.02068007379e-07, 5.79831507252e-08, 6.10637087561e-08, 5.24070919994e-08, 3.27964642111e-08, 1.1796967847e-08, 6.55782583792e-09],
