{
"highlevel": {
    "danceability": {
        "all": {
            "danceable": 0.0555369928479,
            "not_danceable": 0.944463014603
        },
        "probability": 0.944463014603,
        "value": "not_danceable"
    },
    "gender": {
        "all": {
            "female": 0.235213637352,
            "male": 0.764786362648
        },
        "probability": 0.764786362648,
        "value": "male"
    },
    "genre_dortmund": {
        "all": {
            "alternative": 0.0673826634884,
            "blues": 0.22234171629,
            "electronic": 0.0214134100825,
            "folkcountry": 0.0841141194105,
            "funksoulrnb": 0.0225965995342,
            "jazz": 0.0122584206983,
            "pop": 0.0814899280667,
            "raphiphop": 0.00511813955382,
            "rock": 0.483285009861
        },
        "probability": 0.483285009861,
        "value": "rock"
    },
    "genre_electronic": {
        "all": {
            "ambient": 0.492452710867,
            "dnb": 0.289778500795,
            "house": 0.0546460300684,
            "techno": 0.0138592477888,
            "trance": 0.149263516068
        },
        "probability": 0.492452710867,
        "value": "ambient"
    },
    "genre_rosamerica": {
        "all": {
            "cla": 0.0428024381399,
            "dan": 0.00998704880476,
            "hip": 0.0100796399638,
            "jaz": 0.00821363460273,
            "pop": 0.531638383865,
            "rhy": 0.036429464817,
            "roc": 0.356635242701,
            "spe": 0.00421415176243
        },
        "probability": 0.531638383865,
        "value": "pop"
    },
    "genre_tzanetakis": {
        "all": {
            "blu": 0.0626613423228,
            "cla": 0.0348169617355,
            "cou": 0.104475811124,
            "dis": 0.0784321576357,
            "hip": 0.15692435205,
            "jaz": 0.313974827528,
            "met": 0.0448166541755,
            "pop": 0.0627359300852,
            "reg": 0.0627360641956,
            "roc": 0.0784258767962
        },
        "probability": 0.313974827528,
        "value": "jaz"
    },
    "ismir04_rhythm": {
        "all": {
            "ChaChaCha": 0.189215794206,
            "Jive": 0.378733634949,
            "Quickstep": 0.048637021333,
            "Rumba-American": 0.0116050951183,
            "Rumba-International": 0.015716843307,
            "Rumba-Misc": 0.00806151051074,
            "Samba": 0.127491593361,
            "Tango": 0.0253115426749,
            "VienneseWaltz": 0.183426827192,
            "Waltz": 0.011800150387
        },
        "probability": 0.378733634949,
        "value": "Jive"
    },
    "mood_acoustic": {
        "all": {
            "acoustic": 0.0362506359816,
            "not_acoustic": 0.963749349117
        },
        "probability": 0.963749349117,
        "value": "not_acoustic"
    },
    "mood_aggressive": {
        "all": {
            "aggressive": 0.732404768467,
            "not_aggressive": 0.267595201731
        },
        "probability": 0.732404768467,
        "value": "aggressive"
    },
    "mood_electronic": {
        "all": {
            "electronic": 0.12488398701,
            "not_electronic": 0.875115990639
        },
        "probability": 0.875115990639,
        "value": "not_electronic"
    },
    "mood_happy": {
        "all": {
            "happy": 0.608905553818,
            "not_happy": 0.391094475985
        },
        "probability": 0.608905553818,
        "value": "happy"
    },
    "mood_party": {
        "all": {
            "not_party": 0.725956559181,
            "party": 0.274043440819
        },
        "probability": 0.725956559181,
        "value": "not_party"
    },
    "mood_relaxed": {
        "all": {
            "not_relaxed": 0.822118282318,
            "relaxed": 0.177881717682
        },
        "probability": 0.822118282318,
        "value": "not_relaxed"
    },
    "mood_sad": {
        "all": {
            "not_sad": 0.764188230038,
            "sad": 0.235811784863
        },
        "probability": 0.764188230038,
        "value": "not_sad"
    },
    "moods_mirex": {
        "all": {
            "Cluster1": 0.238057881594,
            "Cluster2": 0.179446309805,
            "Cluster3": 0.133479550481,
            "Cluster4": 0.318412870169,
            "Cluster5": 0.130603387952
        },
        "probability": 0.318412870169,
        "value": "Cluster4"
    },
    "timbre": {
        "all": {
            "bright": 0.614101707935,
            "dark": 0.385898321867
        },
        "probability": 0.614101707935,
        "value": "bright"
    },
    "tonal_atonal": {
        "all": {
            "atonal": 0.919633507729,
            "tonal": 0.0803664848208
        },
        "probability": 0.919633507729,
        "value": "atonal"
    },
    "voice_instrumental": {
        "all": {
            "instrumental": 0.000207087156014,
            "voice": 0.999792933464
        },
        "probability": 0.999792933464,
        "value": "voice"
    }
},
"lowlevel": {
    "average_loudness": 0.885004997253,
    "barkbands_crest": {
        "dmean": 2.62313818932,
        "dmean2": 4.41078090668,
        "dvar": 6.33809232712,
        "dvar2": 16.2979869843,
        "max": 22.5123386383,
        "mean": 8.17778110504,
        "median": 7.17811632156,
        "min": 2.5658864975,
        "var": 13.6188173294
    },
    "barkbands_flatness_db": {
        "dmean": 0.0158056672662,
        "dmean2": 0.0260796137154,
        "dvar": 0.00019493146101,
        "dvar2": 0.000515652296599,
        "max": 0.212217018008,
        "mean": 0.113631471992,
        "median": 0.112456932664,
        "min": 0.0563726350665,
        "var": 0.000604285800364
    },
    "barkbands_kurtosis": {
        "dmean": 0.827538192272,
        "dmean2": 1.35460615158,
        "dvar": 1.32095718384,
        "dvar2": 3.14395141602,
        "max": 14.1662445068,
        "mean": 0.00974505580962,
        "median": -0.442882061005,
        "min": -1.82371008396,
        "var": 2.43291330338
    },
    "barkbands_skewness": {
        "dmean": 0.395969837904,
        "dmean2": 0.608173191547,
        "dvar": 0.139209881425,
        "dvar2": 0.310836911201,
        "max": 3.53385519981,
        "mean": 0.348612457514,
        "median": 0.297976672649,
        "min": -2.23824524879,
        "var": 0.565791845322
    },
    "barkbands_spread": {
        "dmean": 5.39344263077,
        "dmean2": 8.35957241058,
        "dvar": 30.3545227051,
        "dvar2": 63.1898651123,
        "max": 102.093399048,
        "mean": 28.6851558685,
        "median": 26.4803466797,
        "min": 7.30647659302,
        "var": 140.693588257
    },
    "dissonance": {
        "dmean": 0.0147307962179,
        "dmean2": 0.0252998042852,
        "dvar": 0.000195961110876,
        "dvar2": 0.000542280438822,
        "max": 0.499963283539,
        "mean": 0.476168483496,
        "median": 0.479274243116,
        "min": 0.38291990757,
        "var": 0.000275038502878
    },
    "dynamic_complexity": 1.78145492077,
    "erbbands_crest": {
        "dmean": 2.97474384308,
        "dmean2": 4.8633480072,
        "dvar": 8.14700698853,
        "dvar2": 20.7443275452,
        "max": 28.908246994,
        "mean": 10.1632127762,
        "median": 8.86259174347,
        "min": 2.86857938766,
        "var": 25.3321990967
    },
    "erbbands_flatness_db": {
        "dmean": 0.0166402608156,
        "dmean2": 0.0259072966874,
        "dvar": 0.000228206321481,
        "dvar2": 0.00054663507035,
        "max": 0.294440239668,
        "mean": 0.174116432667,
        "median": 0.17373611033,
        "min": 0.0819870233536,
        "var": 0.00131836591754
    },
    "erbbands_kurtosis": {
        "dmean": 0.981182813644,
        "dmean2": 1.6337877512,
        "dvar": 2.06312203407,
        "dvar2": 5.57684707642,
        "max": 16.012096405,
        "mean": 0.469107866287,
        "median": -0.14025592804,
        "min": -1.61072421074,
        "var": 3.94025039673
    },
    "erbbands_skewness": {
        "dmean": 0.304461747408,
        "dmean2": 0.467104375362,
        "dvar": 0.0727949365973,
        "dvar2": 0.163713485003,
        "max": 2.46648192406,
        "mean": -0.049956433475,
        "median": -0.0426523722708,
        "min": -2.411195755,
        "var": 0.301837205887
    },
    "erbbands_spread": {
        "dmean": 5.92910909653,
        "dmean2": 9.21908378601,
        "dvar": 32.0213890076,
        "dvar2": 72.0121612549,
        "max": 101.499298096,
        "mean": 29.8464260101,
        "median": 28.1687831879,
        "min": 3.89260840416,
        "var": 186.441589355
    },
    "hfc": {
        "dmean": 7.89238548279,
        "dmean2": 12.5092420578,
        "dvar": 90.0676040649,
        "dvar2": 224.503433228,
        "max": 125.679153442,
        "mean": 30.5570106506,
        "median": 27.8644065857,
        "min": 2.1548345089,
        "var": 301.289855957
    },
    "melbands_crest": {
        "dmean": 3.30751395226,
        "dmean2": 5.37680864334,
        "dvar": 8.73950958252,
        "dvar2": 22.3871974945,
        "max": 25.2951812744,
        "mean": 10.6832065582,
        "median": 9.79412174225,
        "min": 3.55077934265,
        "var": 17.0935287476
    },
    "melbands_flatness_db": {
        "dmean": 0.0179146621376,
        "dmean2": 0.0283980071545,
        "dvar": 0.000293259334285,
        "dvar2": 0.000637100485619,
        "max": 0.265570431948,
        "mean": 0.13761395216,
        "median": 0.135955408216,
        "min": 0.030681617558,
        "var": 0.00119381432887
    },
    "melbands_kurtosis": {
        "dmean": 1.88283288479,
        "dmean2": 3.02613210678,
        "dvar": 8.60478210449,
        "dvar2": 19.4771003723,
        "max": 43.7454414368,
        "mean": 2.36100387573,
        "median": 0.862804412842,
        "min": -1.60710573196,
        "var": 18.3479366302
    },
    "melbands_skewness": {
        "dmean": 0.472678512335,
        "dmean2": 0.73567378521,
        "dvar": 0.231537640095,
        "dvar2": 0.505786538124,
        "max": 5.57557964325,
        "mean": 1.18593204021,
        "median": 1.03458869457,
        "min": -1.46203708649,
        "var": 0.88383191824
    },
    "melbands_spread": {
        "dmean": 8.79120063782,
        "dmean2": 13.5407629013,
        "dvar": 94.3683547974,
        "dvar2": 191.499298096,
        "max": 188.474411011,
        "mean": 41.565196991,
        "median": 39.1374816895,
        "min": 6.29958724976,
        "var": 355.413238525
    },
    "pitch_salience": {
        "dmean": 0.0632393583655,
        "dmean2": 0.104499809444,
        "dvar": 0.00287454202771,
        "dvar2": 0.00767247239128,
        "max": 0.828195393085,
        "mean": 0.566001117229,
        "median": 0.572176933289,
        "min": 0.271846085787,
        "var": 0.00748688774183
    },
    "silence_rate_20dB": {
        "dmean": 0,
        "dmean2": 0,
        "dvar": 0,
        "dvar2": 0,
        "max": 1,
        "mean": 1,
        "median": 1,
        "min": 1,
        "var": 0
    },
    "silence_rate_30dB": {
        "dmean": 0,
        "dmean2": 0,
        "dvar": 0,
        "dvar2": 0,
        "max": 1,
        "mean": 1,
        "median": 1,
        "min": 1,
        "var": 0
    },
    "silence_rate_60dB": {
        "dmean": 0,
        "dmean2": 0,
        "dvar": 0,
        "dvar2": 0,
        "max": 0,
        "mean": 0,
        "median": 0,
        "min": 0,
        "var": 0
    },
    "spectral_centroid": {
        "dmean": 227.805679321,
        "dmean2": 353.595855713,
        "dvar": 48702.25,
        "dvar2": 105584.976562,
        "max": 4243.45166016,
        "mean": 1923.75170898,
        "median": 1858.59301758,
        "min": 629.482116699,
        "var": 293527.78125
    },
    "spectral_complexity": {
        "dmean": 3.82120752335,
        "dmean2": 6.19054985046,
        "dvar": 10.1158323288,
        "dvar2": 24.3369865417,
        "max": 52,
        "mean": 27.188709259,
        "median": 26,
        "min": 8,
        "var": 61.497215271
    },
    "spectral_decrease": {
        "dmean": 1.63919366969e-09,
        "dmean2": 2.6339701531e-09,
        "dvar": 3.2890456846e-18,
        "dvar2": 7.39647781106e-18,
        "max": -8.55387649601e-10,
        "mean": -6.11068884382e-09,
        "median": -5.31464872111e-09,
        "min": -2.07755554982e-08,
        "var": 1.17487216912e-17
    },
    "spectral_energy": {
        "dmean": 0.00671453215182,
        "dmean2": 0.0107982661575,
        "dvar": 5.30603538209e-05,
        "dvar2": 0.000123325662571,
        "max": 0.0849292054772,
        "mean": 0.0258347522467,
        "median": 0.0226581338793,
        "min": 0.00387414474972,
        "var": 0.000194041072973
    },
    "spectral_energyband_high": {
        "dmean": 0.000340060709277,
        "dmean2": 0.000492132443469,
        "dvar": 5.23573191913e-07,
        "dvar2": 8.50992819323e-07,
        "max": 0.0127828195691,
        "mean": 0.00103984377347,
        "median": 0.000623251195066,
        "min": 4.57706846646e-05,
        "var": 1.97359236154e-06
    },
    "spectral_energyband_low": {
        "dmean": 0.00274553243071,
        "dmean2": 0.00429539242759,
        "dvar": 2.31829744735e-05,
        "dvar2": 4.39641335106e-05,
        "max": 0.0595473945141,
        "mean": 0.00473939906806,
        "median": 0.00256746495143,
        "min": 0.000134461559355,
        "var": 3.69664958271e-05
    },
    "spectral_energyband_middle_high": {
        "dmean": 0.00377632700838,
        "dmean2": 0.00613376311958,
        "dvar": 2.55604627455e-05,
        "dvar2": 7.24199126125e-05,
        "max": 0.0577500537038,
        "mean": 0.0113394232467,
        "median": 0.00939214229584,
        "min": 0.00053058215417,
        "var": 7.60422481108e-05
    },
    "spectral_energyband_middle_low": {
        "dmean": 0.0033968181815,
        "dmean2": 0.00537968613207,
        "dvar": 1.57190370373e-05,
        "dvar2": 3.77722208214e-05,
        "max": 0.0607130974531,
        "mean": 0.00937217194587,
        "median": 0.00731461914256,
        "min": 0.000448033766588,
        "var": 5.61123270018e-05
    },
    "spectral_entropy": {
        "dmean": 0.0975386798382,
        "dmean2": 0.153590142727,
        "dvar": 0.00846471078694,
        "dvar2": 0.0172508675605,
        "max": 8.61124610901,
        "mean": 7.72051906586,
        "median": 7.71027040482,
        "min": 7.00249958038,
        "var": 0.0558018535376
    },
    "spectral_flux": {
        "dmean": 0.0202046763152,
        "dmean2": 0.0324188694358,
        "dvar": 0.00035187767935,
        "dvar2": 0.000851655728184,
        "max": 0.221790254116,
        "mean": 0.088877722621,
        "median": 0.0853686183691,
        "min": 0.0181391090155,
        "var": 0.00104022491723
    },
    "spectral_kurtosis": {
        "dmean": 1.28983771801,
        "dmean2": 2.27562355995,
        "dvar": 1.42367088795,
        "dvar2": 4.30714988708,
        "max": 14.465675354,
        "mean": 3.60290002823,
        "median": 3.36075639725,
        "min": -0.560461044312,
        "var": 3.00807833672
    },
    "spectral_rms": {
        "dmean": 0.000638243102003,
        "dmean2": 0.00101678539068,
        "dvar": 4.05325636166e-07,
        "dvar2": 8.96185895272e-07,
        "max": 0.00910262390971,
        "mean": 0.00484767230228,
        "median": 0.00470164837316,
        "min": 0.00194413308054,
        "var": 1.70468354099e-06
    },
    "spectral_rolloff": {
        "dmean": 439.68057251,
        "dmean2": 698.87097168,
        "dvar": 512615.96875,
        "dvar2": 908494.75,
        "max": 11886.328125,
        "mean": 2292.02880859,
        "median": 1830.32226562,
        "min": 193.798828125,
        "var": 1874452.625
    },
    "spectral_skewness": {
        "dmean": 0.17420707643,
        "dmean2": 0.293944329023,
        "dvar": 0.0200416333973,
        "dvar2": 0.0547093190253,
        "max": 2.34919309616,
        "mean": 1.22074615955,
        "median": 1.20885848999,
        "min": 0.26472017169,
        "var": 0.0797694921494
    },
    "spectral_spread": {
        "dmean": 319622.78125,
        "dmean2": 474775.25,
        "dvar": 275642810368,
        "dvar2": 379426275328,
        "max": 16498228,
        "mean": 3738262.75,
        "median": 3512277.75,
        "min": 2313764,
        "var": 1.0556398633e+12
    },
    "spectral_strongpeak": {
        "dmean": 1.36297929287,
        "dmean2": 2.29447078705,
        "dvar": 3.1693611145,
        "dvar2": 8.07944393158,
        "max": 16.5632305145,
        "mean": 2.28707718849,
        "median": 1.43437027931,
        "min": 0,
        "var": 5.9036655426
    },
    "zerocrossingrate": {
        "dmean": 0.00875013601035,
        "dmean2": 0.00950238388032,
        "dvar": 0.000127548802993,
        "dvar2": 0.000108787367935,
        "max": 0.32470703125,
        "mean": 0.0790358558297,
        "median": 0.0732421875,
        "min": 0.03125,
        "var": 0.00100126292091
    },
    "barkbands": {
        "dmean": [0.000326709996443, 0.00187854911201, 0.000875018129591, 0.000742070260458, 0.00103870930616, 0.00102174736094, 0.000898347760085, 0.000682718527969, 0.00090931833256, 0.000652365502901, 0.000341097969795, 0.000674682087265, 0.000730881234631, 0.0021543437615, 0.000535294297151, 0.000330089882482, 0.000296140409773, 0.000266339193331, 0.000275349593721, 0.000252804835327, 9.41324615269e-05, 7.83805080573e-05, 8.61072330736e-05, 6.6195942054e-05, 3.273765833e-05, 1.4581681171e-05, 5.0677613217e-09],
        "dmean2": [0.000495353539009, 0.00296902097762, 0.00146262953058, 0.00128886871971, 0.00172232219484, 0.00163043371867, 0.00138520670589, 0.00105473899748, 0.00144702824764, 0.00102275924291, 0.00054336496396, 0.0010462483624, 0.00116335030179, 0.00373566593044, 0.000848768395372, 0.000554583384655, 0.00048377783969, 0.000427874736488, 0.000444437755505, 0.000426126061939, 0.0001532513852, 0.000124469705042, 0.0001365494536, 9.46270956774e-05, 5.07596232637e-05, 2.05324267881e-05, 7.94226551193e-09],
        "dvar": [2.48723466711e-07, 1.4064898096e-05, 2.46316972152e-06, 1.80475478828e-06, 3.42194107361e-06, 6.00319481237e-06, 2.20939227802e-06, 1.19298226764e-06, 4.23293522545e-06, 1.02683372916e-06, 5.66382141187e-07, 2.35025549955e-06, 2.82264522866e-06, 2.34643048316e-05, 2.25022586164e-06, 4.40196203044e-07, 2.41871561002e-07, 1.67654604866e-07, 1.81147100875e-07, 2.1582607701e-07, 1.26586918725e-08, 3.1095630959e-08, 7.06021623387e-08, 1.08599401472e-07, 5.84676804749e-08, 6.99818647476e-09, 2.40827729937e-15],
        "dvar2": [5.17957118973e-07, 2.86279009742e-05, 6.36601089354e-06, 4.97454811921e-06, 8.89387501957e-06, 1.15367320177e-05, 4.97667406307e-06, 2.96424491353e-06, 1.09130533019e-05, 2.57191709352e-06, 1.39343819683e-06, 5.21968422618e-06, 6.9252951107e-06, 6.85599807184e-05, 5.21710217072e-06, 1.16326123134e-06, 5.96040990786e-07, 4.12886095091e-07, 4.49701161642e-07, 5.55292103854e-07, 3.22460671498e-08, 7.3444205384e-08, 1.56408631824e-07, 2.17381511902e-07, 1.63489644933e-07, 1.29876109867e-08, 2.7490039257e-15],
        "max": [0.00439045904204, 0.0423057675362, 0.0172481276095, 0.0146884964779, 0.0233803987503, 0.047798410058, 0.0359058119357, 0.0145904226229, 0.0289530418813, 0.0163543075323, 0.0109326979145, 0.0272811558098, 0.0244004130363, 0.0470848716795, 0.0287291258574, 0.0133703006431, 0.00690419506282, 0.00850896723568, 0.00737923244014, 0.00735890306532, 0.00176704744808, 0.00360645446926, 0.0052907448262, 0.00924233905971, 0.0062821819447, 0.00237941881642, 1.34401159357e-06],
        "mean": [0.000415228278143, 0.00277053075843, 0.00110349303577, 0.000890389841516, 0.00168597779702, 0.00154877908062, 0.00206124037504, 0.00132370751817, 0.00149738986511, 0.00110006181058, 0.000568899791688, 0.00127858761698, 0.00141558749601, 0.00340457493439, 0.000903085398022, 0.000627499772236, 0.000590693671256, 0.000611977127846, 0.00065051036654, 0.000570810807403, 0.000255664781434, 0.000176778296009, 0.000178463116754, 0.000130784857902, 5.26786316186e-05, 2.13832299778e-05, 3.99730648581e-09],
        "median": [0.000170464976691, 0.00139397592284, 0.000591848103795, 0.00038402955397, 0.000834200531244, 0.000740979914553, 0.000927733490244, 0.000759432907216, 0.000499899790157, 0.000625913788099, 0.000194330394152, 0.000481235416373, 0.000343744934071, 0.000863230554387, 0.000351795955794, 0.000339984922903, 0.000373023736756, 0.000410557666328, 0.00043615422328, 0.000326399953337, 0.000194002801436, 0.000101089324744, 8.01729111117e-05, 3.78423937946e-05, 1.87143814401e-05, 4.27296026828e-06, 4.33803104549e-10],
        "min": [3.35767424531e-07, 3.48232642864e-05, 8.36178514874e-06, 2.69977545031e-06, 2.20647852984e-05, 2.2588254069e-05, 1.28275514726e-05, 8.12253347249e-06, 1.71416613739e-05, 1.52828743012e-05, 2.72023112302e-06, 2.57044284808e-05, 7.94021616457e-06, 4.25892831117e-05, 1.39659823617e-05, 3.3009058825e-05, 1.79282869794e-05, 2.73658133665e-05, 2.92403092317e-05, 2.37227377511e-05, 1.39223629958e-05, 3.75625222659e-06, 3.79126254302e-06, 2.20281503971e-06, 2.09414405816e-08, 1.43081232626e-11, 8.65718347703e-12],
        "var": [3.80543468737e-07, 1.89182264876e-05, 2.61147829406e-06, 1.94497624761e-06, 6.48329432806e-06, 1.14764998216e-05, 1.33751964313e-05, 2.85049964077e-06, 6.76793251841e-06, 1.94969516087e-06, 1.23737470403e-06, 6.39619111098e-06, 9.24106461753e-06, 4.39421310148e-05, 3.7819793306e-06, 1.01051637103e-06, 5.08190225901e-07, 4.11441817505e-07, 4.63196442979e-07, 4.81744621084e-07, 4.19527985684e-08, 7.62132543741e-08, 1.62449893537e-07, 2.27086886184e-07, 5.05333730416e-08, 1.35997302309e-08, 2.33587165249e-15]
    },
    "erbbands": {
        "dmean": [0.0940035134554, 0.336028665304, 0.836679160595, 1.93656241894, 2.67506599426, 3.48385977745, 6.11202907562, 9.90149402618, 13.1322517395, 13.1136512756, 14.0380573273, 19.1887588501, 19.9141654968, 19.1642532349, 16.6535339355, 26.4419269562, 32.8286857605, 92.2420730591, 55.7505378723, 18.4257240295, 15.7753629684, 14.2717866898, 14.2610750198, 12.8834810257, 14.2750730515, 11.8331508636, 4.664478302, 3.17927670479, 2.72194743156, 2.95948386192, 2.42870402336, 1.91931509972, 0.995069682598, 0.498826146126, 0.170565918088, 0.0848411992192, 0.0271872226149, 0.00176723382901, 3.64909501513e-05, 9.56392250373e-06],
        "dmean2": [0.138043448329, 0.547564804554, 1.40789067745, 3.3865032196, 4.50610303879, 5.81751394272, 9.49103164673, 16.1800746918, 20.743932724, 20.657251358, 21.7594890594, 31.3038196564, 30.7002239227, 29.8207397461, 25.8336467743, 40.3993797302, 52.5997848511, 158.315307617, 93.3180541992, 29.751701355, 27.1078205109, 23.2078609467, 23.0326824188, 20.9559783936, 23.0563392639, 19.8811416626, 7.63012933731, 5.15871334076, 4.36535787582, 4.73233127594, 3.73666095734, 2.95983839035, 1.45571053028, 0.811461508274, 0.246223509312, 0.125789225101, 0.0383119657636, 0.00273858825676, 5.39873472007e-05, 1.48872213686e-05],
        "dvar": [0.0308218002319, 0.521283388138, 2.34231877327, 12.6446199417, 22.6426105499, 41.4426994324, 239.678115845, 702.729980469, 520.064941406, 560.251953125, 670.06463623, 1990.65112305, 1171.62609863, 1308.72155762, 1178.45361328, 4176.01464844, 5438.25634766, 36765.0625, 14799.0839844, 1348.32556152, 667.027099609, 610.262268066, 620.437683105, 245.815093994, 695.099121094, 522.037902832, 37.1294364929, 17.2984962463, 42.4586868286, 76.3557434082, 55.114780426, 97.7243499756, 34.4543113708, 21.995891571, 0.466224968433, 0.238664567471, 0.0274056717753, 8.45254398882e-05, 3.09299679202e-08, 1.73357425637e-10],
        "dvar2": [0.0664761662483, 1.19595074654, 6.01316452026, 34.4390144348, 60.2482032776, 108.073028564, 474.752716064, 1480.3548584, 1201.51794434, 1490.66320801, 1755.22070312, 5252.83984375, 2653.35717773, 3427.94775391, 2786.9675293, 9284.30566406, 13655.3652344, 107028.648438, 37998.0117188, 3281.16894531, 1889.76721191, 1509.0123291, 1561.64123535, 610.676452637, 1740.78295898, 1306.98486328, 92.1711578369, 43.9269676208, 102.621803284, 183.82522583, 122.225288391, 255.291687012, 77.6020965576, 63.5572471619, 0.86106544733, 0.530901551247, 0.0440564081073, 0.000191009705304, 6.29161931442e-08, 3.36677991042e-10],
        "max": [1.65608656406, 7.66961860657, 16.7789020538, 35.7401199341, 47.7318077087, 94.2629013062, 309.467590332, 461.071533203, 526.911254883, 325.993377686, 372.073822021, 588.155273438, 421.033874512, 708.197875977, 488.367126465, 1326.27966309, 1295.41442871, 1915.42443848, 1800.17980957, 1005.48968506, 356.135223389, 381.191253662, 576.626342773, 306.496673584, 406.993927002, 395.312133789, 86.5834732056, 66.0983657837, 163.485305786, 216.160827637, 129.255645752, 239.323410034, 171.753707886, 127.503295898, 14.1942234039, 15.1281642914, 4.3733830452, 0.175908893347, 0.00355324405245, 0.0002619617444],
        "mean": [0.115396678448, 0.479939103127, 1.16642975807, 2.41291904449, 3.69136619568, 5.55695056915, 9.7385187149, 14.1885795593, 29.0791168213, 28.3154335022, 28.0468063354, 31.6605377197, 34.284450531, 35.2064857483, 32.5174064636, 51.8881950378, 69.3812484741, 154.677124023, 91.8893356323, 40.3577728271, 33.1653518677, 30.4526958466, 32.5886459351, 34.0634078979, 34.1249961853, 27.4536991119, 12.5639266968, 8.38815307617, 6.27400350571, 6.14631700516, 4.95330762863, 3.48454833031, 1.73212337494, 0.75890994072, 0.289340853691, 0.123660296202, 0.0366550646722, 0.00213542627171, 6.38565397821e-05, 3.6177560105e-05],
        "median": [0.0524581521749, 0.258902192116, 0.661177992821, 1.13123810291, 1.79239296913, 2.62990617752, 4.13705015182, 6.85190057755, 12.3746061325, 15.9851112366, 16.1998825073, 12.8939781189, 16.1904411316, 20.7725486755, 14.857916832, 21.1777095795, 23.6309223175, 47.6122207642, 32.3345603943, 23.9984416962, 21.0467910767, 19.5748882294, 22.4323730469, 25.4214630127, 19.602230072, 16.0332679749, 9.55242443085, 5.94629907608, 3.58536243439, 3.24182033539, 2.21478486061, 1.05921387672, 0.494538903236, 0.255222707987, 0.0982772931457, 0.0329912677407, 0.00510520208627, 0.000312427000608, 2.7138796213e-05, 3.15361139656e-05],
        "min": [0.000775754800998, 0.00785907357931, 0.0210057180375, 0.0407654307783, 0.0272505376488, 0.0744984149933, 0.0455883033574, 0.164102837443, 0.246278554201, 0.474099159241, 0.619433403015, 0.423459470272, 0.743376910686, 0.643100917339, 0.680776298046, 0.995850145817, 0.585715651512, 1.89926707745, 1.32395029068, 1.0464400053, 1.36335241795, 1.72066473961, 2.11279916763, 1.95569753647, 1.4228105545, 1.15626251698, 0.77333599329, 0.338658750057, 0.13838173449, 0.101677760482, 0.113480709493, 0.0509433373809, 0.0109609505162, 0.000632040668279, 0.000155979665578, 2.88070914394e-05, 8.09757057141e-06, 2.91591049972e-06, 2.75693673757e-06, 4.69533188152e-06],
        "var": [0.0403487570584, 0.590942144394, 2.54981040955, 13.2853527069, 28.7242279053, 81.306854248, 452.683135986, 992.627929688, 2777.83520508, 1355.41625977, 1271.94470215, 3010.95678711, 2246.24047852, 2500.99682617, 2459.63818359, 11462.0205078, 19543.1015625, 70211.34375, 25412.21875, 5180.51025391, 1391.02722168, 1256.18920898, 1187.82067871, 838.154663086, 1790.64660645, 1146.35314941, 99.0186233521, 62.8036346436, 107.271217346, 132.257980347, 128.697052002, 142.670227051, 55.7606582642, 16.2076568604, 0.976420223713, 0.370857983828, 0.054482832551, 0.000119512813399, 5.25183416755e-08, 5.13738496188e-10]
    },
    "gfcc": {
        "mean": [28.7044487, 91.6016616821, -150.683227539, 41.5169296265, -62.2982749939, 17.7383651733, -34.8290901184, 11.2681741714, -19.1233215332, 8.38640117645, -7.47928094864, -3.44628214836, -10.6626319885],
        "cov": [[706.319580078, -184.059967041, 86.9937515259, -16.5866546631, -35.4139175415, 70.4922866821, -73.5586013794, -30.2318382263, -30.902715683, 25.1832466125, -49.431476593, -8.65195083618, -29.8635196686], [-184.059967041, 655.601196289, -208.891769409, -47.2661895752, 84.6323699951, -93.0875244141, 40.0106506348, -152.167053223, 44.2577438354, -33.6255912781, 75.8701095581, -111.86856842, 73.2333908081], [86.9937515259, -208.891769409, 439.911865234, 80.0767822266, -34.8245506287, 32.4192085266, -78.7462692261, 74.5665817261, -41.8792037964, 25.1565246582, -69.5345153809, 95.3515472412, -28.1768302917], [-16.5866546631, -47.2661895752, 80.0767822266, 195.647476196, 19.6512527466, 8.50959968567, 3.14634871483, 32.9653549194, 27.0378742218, -22.5685367584, 0.224447473884, 1.48631608486, 8.85178470612], [-35.4139175415, 84.6323699951, -34.8245506287, 19.6512527466, 168.611633301, 15.7966995239, 20.8950462341, -9.19937229156, -5.3439002037, 22.7834320068, -18.080450058, -16.0265903473, -4.05142354965], [70.4922866821, -93.0875244141, 32.4192085266, 8.50959968567, 15.7966995239, 124.408332825, 11.2299919128, 1.80226683617, -15.3827066422, 10.258980751, -17.606842041, -10.0880050659, -11.7623291016], [-73.5586013794, 40.0106506348, -78.7462692261, 3.14634871483, 20.8950462341, 11.2299919128, 138.375595093, 42.2282218933, 8.75419521332, -31.0014095306, 10.9702262878, -0.574965178967, -16.240688324], [-30.2318382263, -152.167053223, 74.5665817261, 32.9653549194, -9.19937229156, 1.80226683617, 42.2282218933, 149.871124268, 6.48237371445, -13.6982679367, -17.2681560516, 54.3692016602, -17.2396183014], [-30.902715683, 44.2577438354, -41.8792037964, 27.0378742218, -5.3439002037, -15.3827066422, 8.75419521332, 6.48237371445, 97.5765991211, 17.4770088196, 8.85098838806, -30.3614730835, 10.3358030319], [25.1832466125, -33.6255912781, 25.1565246582, -22.5685367584, 22.7834320068, 10.258980751, -31.0014095306, -13.6982679367, 17.4770088196, 93.077911377, -3.06744289398, -10.5829315186, -5.17117023468], [-49.431476593, 75.8701095581, -69.5345153809, 0.224447473884, -18.080450058, -17.606842041, 10.9702262878, -17.2681560516, 8.85098838806, -3.06744289398, 91.7638015747, 2.66840457916, 14.3788986206], [-8.65195083618, -111.86856842, 95.3515472412, 1.48631608486, -16.0265903473, -10.0880050659, -0.574965178967, 54.3692016602, -30.3614730835, -10.5829315186, 2.66840457916, 112.285179138, -7.3904337883], [-29.8635196686, 73.2333908081, -28.1768302917, 8.85178470612, -4.05142354965, -11.7623291016, -16.240688324, -17.2396183014, 10.3358030319, -5.17117023468, 14.3788986206, -7.3904337883, 67.3308258057]],
        "icov": [[0.00175842596218, 0.000445517332992, -9.48229644564e-05, 0.000166740006534, 0.000195949643967, -0.000611851690337, 0.000618985737674, 0.000617958430666, 0.000107300671516, 0.00012736300414, 0.000390042521758, 0.000392649671994, 0.000399290060159], [0.000445517332992, 0.00532489223406, -0.00201593548991, 0.00253256247379, -0.00370245333761, 0.00361109175719, -0.00279295258224, 0.00445671426132, -0.00210153567605, 0.00372723629698, -0.00372613337822, 0.00424828240648, -0.00402429001406], [-9.48229644564e-05, -0.00201593548991, 0.00593257974833, -0.00354182347655, 0.00289386766963, -0.0023000377696, 0.00358210643753, -0.00278210244142, 0.00241770967841, -0.00355246849358, 0.00464755436406, -0.00503996340558, 0.00283325137571], [0.000166740006534, 0.00253256247379, -0.00354182347655, 0.00866501871496, -0.00387362530455, 0.00122779502999, -0.00126317644026, 0.00106726691592, -0.00410768575966, 0.0053755347617, -0.00393934454769, 0.00375162670389, -0.00305552268401], [0.000195949643967, -0.00370245333761, 0.00289386766963, -0.00387362530455, 0.0102196363732, -0.00298013607971, 0.000652377144434, -0.00238713389263, 0.00351796578616, -0.00611206330359, 0.00537224812433, -0.00328752235509, 0.00295711867511], [-0.000611851690337, 0.00361109175719, -0.0023000377696, 0.00122779502999, -0.00298013607971, 0.0121308164671, -0.00408878736198, 0.00306073087268, 0.000496311695315, 0.0011069708271, -0.00199342984706, 0.00476191751659, -0.00262845447287], [0.000618985737674, -0.00279295258224, 0.00358210643753, -0.00126317644026, 0.000652377144434, -0.00408878736198, 0.0133711136878, -0.00610296335071, 0.000229964294704, 0.00141565618105, 0.00119075377006, -0.00248064636253, 0.00551185803488], [0.000617958430666, 0.00445671426132, -0.00278210244142, 0.00106726691592, -0.00238713389263, 0.00306073087268, -0.00610296335071, 0.0145385228097, -0.00400864798576, 0.00326331355609, -0.000990547705442, -0.00120403559413, -0.00229106447659], [0.000107300671516, -0.00210153567605, 0.00241770967841, -0.00410768575966, 0.00351796578616, 0.000496311695315, 0.000229964294704, -0.00400864798576, 0.0155142638832, -0.00648830970749, 0.00184999301564, 0.00195423094556, 0.00015216958127], [0.00012736300414, 0.00372723629698, -0.00355246849358, 0.0053755347617, -0.00611206330359, 0.0011069708271, 0.00141565618105, 0.00326331355609, -0.00648830970749, 0.0181196499616, -0.00496026407927, 0.00431077647954, -0.00126812921371], [0.000390042521758, -0.00372613337822, 0.00464755436406, -0.00393934454769, 0.00537224812433, -0.00199342984706, 0.00119075377006, -0.000990547705442, 0.00184999301564, -0.00496026407927, 0.0176835991442, -0.00679145939648, 0.0015103755286], [0.000392649671994, 0.00424828240648, -0.00503996340558, 0.00375162670389, -0.00328752235509, 0.00476191751659, -0.00248064636253, -0.00120403559413, 0.00195423094556, 0.00431077647954, -0.00679145939648, 0.0187751539052, -0.00377921946347], [0.000399290060159, -0.00402429001406, 0.00283325137571, -0.00305552268401, 0.00295711867511, -0.00262845447287, 0.00551185803488, -0.00229106447659, 0.00015216958127, -0.00126812921371, 0.0015103755286, -0.00377921946347, 0.0205971095711]]
    },
    "melbands": {
        "dmean": [0.0006454505492, 0.000413665868109, 0.000335153745255, 0.000212435217691, 0.000202361741685, 0.000216445827391, 0.000193242012756, 0.000142954260809, 0.000122926852782, 0.000125468868646, 0.000100829398434, 8.09559205663e-05, 5.08941484441e-05, 7.69441176089e-05, 7.40329051041e-05, 7.27829319658e-05, 0.000208197161555, 0.00011955897935, 2.98645391013e-05, 2.3048478397e-05, 2.01312905119e-05, 1.70371731656e-05, 1.49256538862e-05, 1.47690243466e-05, 1.1253271623e-05, 1.09066413643e-05, 1.17647796287e-05, 7.71991199144e-06, 3.60809394806e-06, 2.68235544354e-06, 1.81247753517e-06, 1.6441850903e-06, 1.73226180777e-06, 1.73694309069e-06, 1.51624510636e-06, 1.36798871608e-06, 1.2364603208e-06, 7.55762641802e-07, 6.67852589231e-07, 3.73865731262e-07],
        "dmean2": [0.00097208324587, 0.000683466903865, 0.000576041988097, 0.000357792741852, 0.000316942925565, 0.000352605013177, 0.000299776147585, 0.000225635551033, 0.000193857267732, 0.000200269787456, 0.000155570727657, 0.000126744111185, 7.89593832451e-05, 0.000118377211038, 0.000117084244266, 0.000115543269203, 0.000359464582289, 0.000202734721825, 4.73747313663e-05, 3.82696525776e-05, 3.4571508877e-05, 2.81228203676e-05, 2.37946951529e-05, 2.42097812588e-05, 1.85598655662e-05, 1.74121269083e-05, 1.97804656636e-05, 1.29123163788e-05, 6.05296327194e-06, 4.40718031314e-06, 2.96809275824e-06, 2.6644108857e-06, 2.74794365396e-06, 2.80062954516e-06, 2.39216910813e-06, 2.07436755773e-06, 2.05261767405e-06, 1.16879346024e-06, 1.09977975171e-06, 6.17719820184e-07],
        "dvar": [1.50716846292e-06, 6.4893237095e-07, 3.57209074764e-07, 1.42409135151e-07, 2.19977877691e-07, 2.94923495403e-07, 1.07780515179e-07, 6.44943796146e-08, 6.44536157779e-08, 8.6499120755e-08, 3.01100193667e-08, 2.36582575752e-08, 1.18705134611e-08, 3.12092574006e-08, 3.96146582204e-08, 2.87472836646e-08, 2.07099844829e-07, 6.90168420192e-08, 4.25889457034e-09, 2.69161937183e-09, 1.1487344409e-09, 1.17504450614e-09, 5.59826129898e-10, 5.22099308231e-10, 1.95902530309e-10, 3.13673753638e-10, 5.01660490926e-10, 2.11379247439e-10, 2.69901774541e-11, 1.21684459384e-11, 6.24190499635e-12, 1.3627368331e-11, 1.60246555608e-11, 2.72893808245e-11, 1.92941322641e-11, 2.7718159365e-11, 5.8113149709e-11, 1.64420942139e-11, 3.58159162051e-11, 9.58888177194e-12],
        "dvar2": [3.11525604957e-06, 1.56658336437e-06, 9.57613451646e-07, 3.92358771251e-07, 4.50646268746e-07, 6.08389370882e-07, 2.41189923145e-07, 1.6893125121e-07, 1.74578104861e-07, 2.21910326559e-07, 6.84717491595e-08, 6.24899456625e-08, 2.96017468315e-08, 6.56243699382e-08, 9.74143858912e-08, 7.14492713882e-08, 6.04966089668e-07, 1.88293938663e-07, 1.0267950934e-08, 6.37884500776e-09, 3.28866001098e-09, 3.00030245093e-09, 1.25889287883e-09, 1.36856137534e-09, 4.91050089479e-10, 7.43964667649e-10, 1.33445154926e-09, 5.1878901175e-10, 6.93680390906e-11, 3.30114373337e-11, 1.5399875819e-11, 3.36571361059e-11, 3.80020008517e-11, 6.50784356959e-11, 4.57215203198e-11, 6.71034894317e-11, 1.60748414579e-10, 3.42801377562e-11, 1.06496131358e-10, 2.70192097862e-11],
        "max": [0.013228376396, 0.00853409431875, 0.00597719755024, 0.00365561549552, 0.00840445421636, 0.00981617998332, 0.00818460434675, 0.00359411211684, 0.00463323434815, 0.00427352730185, 0.00214596837759, 0.00281326728873, 0.0017057802761, 0.00382533087395, 0.00422810111195, 0.00260879425332, 0.00452860724181, 0.00296713528223, 0.00121323042549, 0.00123608030844, 0.000467709003715, 0.000558984931558, 0.000418201903813, 0.00034301893902, 0.000274982594419, 0.000341153616318, 0.00024810488685, 0.000246615265496, 6.5184693085e-05, 5.12622100359e-05, 3.99734126404e-05, 8.53172386996e-05, 8.52051452966e-05, 0.000125705337268, 7.80585396569e-05, 9.06622080947e-05, 0.000187942350749, 9.72600246314e-05, 0.000157554095495, 8.53102319525e-05],
        "mean": [0.000885362154804, 0.000625451793894, 0.000454418623121, 0.000322285282891, 0.000340006983606, 0.000309008930344, 0.000444825534942, 0.000303543260088, 0.000228991775657, 0.000204672673135, 0.00016794547264, 0.000141687400173, 9.22220133361e-05, 0.00014910196478, 0.000134193149279, 0.000137062917929, 0.000334503391059, 0.000184049960808, 5.56946761208e-05, 4.7813206038e-05, 3.81158461096e-05, 3.22514933941e-05, 2.90001262329e-05, 3.13894706778e-05, 2.69088959612e-05, 2.43424146902e-05, 2.4509477953e-05, 1.65180390468e-05, 8.0778827396e-06, 6.2265194174e-06, 4.22097946284e-06, 3.39842563335e-06, 3.57664703188e-06, 3.30210173161e-06, 2.89733338832e-06, 2.50254652201e-06, 2.01734769689e-06, 1.26873294448e-06, 8.80559980487e-07, 5.47622562408e-07],
        "median": [0.000424417987233, 0.000356178585207, 0.000214967891225, 0.00017014023615, 0.000141452677781, 0.000149629981024, 0.000189752303413, 0.000176955349161, 0.000125536505948, 7.27864025976e-05, 7.46716978028e-05, 7.89632249507e-05, 3.8368460082e-05, 5.73703364353e-05, 3.99249947804e-05, 3.70383568224e-05, 8.31208672025e-05, 4.67827558168e-05, 2.69777519861e-05, 2.37680287682e-05, 2.41838806687e-05, 1.85808312381e-05, 1.87001714949e-05, 1.94958101929e-05, 2.01051261683e-05, 1.43531215144e-05, 1.28815836433e-05, 9.63474303717e-06, 5.5927489484e-06, 4.39384530182e-06, 2.81130087387e-06, 1.9112562768e-06, 1.84418695426e-06, 1.64113498613e-06, 1.3557529428e-06, 8.0485943954e-07, 5.48581738258e-07, 3.51761741513e-07, 2.32533210465e-07, 1.92044936398e-07],
        "min": [7.96811582404e-06, 7.54923985369e-06, 8.56908991409e-06, 1.77088213604e-06, 1.920062914e-06, 3.94922426494e-06, 3.1821000448e-06, 5.25149926034e-06, 3.63272124559e-06, 2.62305661636e-06, 2.39863493334e-06, 2.31450394494e-06, 1.22552410176e-06, 2.46022409556e-06, 1.15886791718e-06, 1.15867419481e-06, 3.39775920111e-06, 1.72626585027e-06, 1.17779939046e-06, 1.46698562276e-06, 1.05037997855e-06, 6.87888586981e-07, 1.18280365768e-06, 1.26859549709e-06, 1.0516820339e-06, 1.186204031e-06, 7.10858500952e-07, 7.05250954525e-07, 4.42642289045e-07, 2.2249426479e-07, 1.26588204807e-07, 6.80848373236e-08, 6.49271143516e-08, 4.41284555563e-08, 4.680557808e-08, 3.27689022583e-08, 1.72961751588e-08, 5.27326360356e-09, 2.67380423358e-10, 1.03323231915e-10],
