{
"highlevel": {
    "danceability": {
        "all": {
            "danceable": 0.518061220646,
            "not_danceable": 0.481938749552
        },
        "probability": 0.518061220646,
        "value": "danceable"
    },
    "gender": {
        "all": {
            "female": 0.0488288588822,
            "male": 0.951171159744
        },
        "probability": 0.951171159744,
        "value": "male"
    },
    "genre_dortmund": {
        "all": {
            "alternative": 0.247995868325,
            "blues": 0.0361140817404,
            "electronic": 0.0225018560886,
            "folkcountry": 0.0220017600805,
            "funksoulrnb": 0.00967946369201,
            "jazz": 0.0137548511848,
            "pop": 0.0159412864596,
            "raphiphop": 0.0185671243817,
            "rock": 0.613443672657
        },
        "probability": 0.613443672657,
        "value": "rock"
    },
    "genre_electronic": {
        "all": {
            "ambient": 0.374895870686,
            "dnb": 0.167233899236,
            "house": 0.0481849573553,
            "techno": 0.0193538740277,
            "trance": 0.390331417322
        },
        "probability": 0.390331417322,
        "value": "trance"
    },
    "genre_rosamerica": {
        "all": {
            "cla": 0.00146419834346,
            "dan": 0.00738917011768,
            "hip": 0.00796602852643,
            "jaz": 0.00177790364251,
            "pop": 0.147189229727,
            "rhy": 0.00221837777644,
            "roc": 0.829658508301,
            "spe": 0.00233660382219
        },
        "probability": 0.829658508301,
        "value": "roc"
    },
    "genre_tzanetakis": {
        "all": {
            "blu": 0.0626613423228,
            "cla": 0.0348169617355,
            "cou": 0.104475811124,
            "dis": 0.0784321576357,
            "hip": 0.15692435205,
            "jaz": 0.313974827528,
            "met": 0.0448166541755,
            "pop": 0.0627359300852,
            "reg": 0.0627360641956,
            "roc": 0.0784258767962
        },
        "probability": 0.313974827528,
        "value": "jaz"
    },
    "ismir04_rhythm": {
        "all": {
            "ChaChaCha": 0.180619478226,
            "Jive": 0.166547596455,
            "Quickstep": 0.251683443785,
            "Rumba-American": 0.020595850423,
            "Rumba-International": 0.0177115555853,
            "Rumba-Misc": 0.0105358632281,
            "Samba": 0.27618765831,
            "Tango": 0.0340698026121,
            "VienneseWaltz": 0.0332279317081,
            "Waltz": 0.00882080476731
        },
        "probability": 0.27618765831,
        "value": "Samba"
    },
    "mood_acoustic": {
        "all": {
            "acoustic": 0.00955908931792,
            "not_acoustic": 0.990440905094
        },
        "probability": 0.990440905094,
        "value": "not_acoustic"
    },
    "mood_aggressive": {
        "all": {
            "aggressive": 0.974691987038,
            "not_aggressive": 0.0253080129623
        },
        "probability": 0.974691987038,
        "value": "aggressive"
    },
    "mood_electronic": {
        "all": {
            "electronic": 0.436841100454,
            "not_electronic": 0.563158929348
        },
        "probability": 0.563158929348,
        "value": "not_electronic"
    },
    "mood_happy": {
        "all": {
            "happy": 0.129378706217,
            "not_happy": 0.870621323586
        },
        "probability": 0.870621323586,
        "value": "not_happy"
    },
    "mood_party": {
        "all": {
            "not_party": 0.318321883678,
            "party": 0.681678116322
        },
        "probability": 0.681678116322,
        "value": "party"
    },
    "mood_relaxed": {
        "all": {
            "not_relaxed": 0.945764839649,
            "relaxed": 0.0542351491749
        },
        "probability": 0.945764839649,
        "value": "not_relaxed"
    },
    "mood_sad": {
        "all": {
            "not_sad": 0.917538464069,
            "sad": 0.0824615135789
        },
        "probability": 0.917538464069,
        "value": "not_sad"
    },
    "moods_mirex": {
        "all": {
            "Cluster1": 0.400208294392,
            "Cluster2": 0.0418377146125,
            "Cluster3": 0.0362060293555,
            "Cluster4": 0.0770504996181,
            "Cluster5": 0.444697469473
        },
        "probability": 0.444697469473,
        "value": "Cluster5"
    },
    "timbre": {
        "all": {
            "bright": 0.215828195214,
            "dark": 0.784171819687
        },
        "probability": 0.784171819687,
        "value": "dark"
    },
    "tonal_atonal": {
        "all": {
            "atonal": 0.201935276389,
            "tonal": 0.79806470871
        },
        "probability": 0.79806470871,
        "value": "tonal"
    },
    "voice_instrumental": {
        "all": {
            "instrumental": 0.0704112946987,
            "voice": 0.929588735104
        },
        "probability": 0.929588735104,
        "value": "voice"
    }
},
"lowlevel": {
    "average_loudness": 0.981732189655,
    "barkbands_crest": {
        "dmean": 2.67361164093,
        "dmean2": 4.53812170029,
        "dvar": 6.17282438278,
        "dvar2": 16.9016189575,
        "max": 20.6675701141,
        "mean": 8.22808647156,
        "median": 7.54128837585,
        "min": 2.79315042496,
        "var": 11.0887308121
    },
    "barkbands_flatness_db": {
        "dmean": 0.0219195373356,
        "dmean2": 0.0342970453203,
        "dvar": 0.000337901321473,
        "dvar2": 0.000844118418172,
        "max": 0.247078627348,
        "mean": 0.125137105584,
        "median": 0.120678193867,
        "min": 0.0550647601485,
        "var": 0.00115974678192
    },
    "barkbands_kurtosis": {
        "dmean": 1.68564140797,
        "dmean2": 2.85101914406,
        "dvar": 7.23264503479,
        "dvar2": 20.0075817108,
        "max": 34.5678367615,
        "mean": 0.792271614075,
        "median": 0.0181069374084,
        "min": -1.87765145302,
        "var": 7.56846189499
    },
    "barkbands_skewness": {
        "dmean": 0.542966604233,
        "dmean2": 0.863482773304,
        "dvar": 0.308309465647,
        "dvar2": 0.774135529995,
        "max": 5.32110929489,
        "mean": 1.01787662506,
        "median": 0.880990803242,
        "min": -1.46896672249,
        "var": 0.641306042671
    },
    "barkbands_spread": {
        "dmean": 7.38084030151,
        "dmean2": 11.505443573,
        "dvar": 71.5783004761,
        "dvar2": 158.667510986,
        "max": 105.919143677,
        "mean": 30.8500461578,
        "median": 28.2954921722,
        "min": 5.24320697784,
        "var": 181.406860352
    },
    "dissonance": {
        "dmean": 0.0142771098763,
        "dmean2": 0.0235800184309,
        "dvar": 0.000177177338628,
        "dvar2": 0.000465706223622,
        "max": 0.499994248152,
        "mean": 0.474326372147,
        "median": 0.479049563408,
        "min": 0.380193293095,
        "var": 0.000352642440703
    },
    "dynamic_complexity": 1.3172198534,
    "erbbands_crest": {
        "dmean": 2.67309904099,
        "dmean2": 4.2830491066,
        "dvar": 7.23995256424,
        "dvar2": 18.2186470032,
        "max": 27.361333847,
        "mean": 8.12399673462,
        "median": 7.13880252838,
        "min": 2.57792258263,
        "var": 14.8268728256
    },
    "erbbands_flatness_db": {
        "dmean": 0.0197684839368,
        "dmean2": 0.0280891116709,
        "dvar": 0.000323074113112,
        "dvar2": 0.0006006390322,
        "max": 0.286169409752,
        "mean": 0.150927022099,
        "median": 0.146588161588,
        "min": 0.0641288310289,
        "var": 0.00155009841546
    },
    "erbbands_kurtosis": {
        "dmean": 0.739443063736,
        "dmean2": 1.17979967594,
        "dvar": 0.808855175972,
        "dvar2": 1.86060464382,
        "max": 8.46875286102,
        "mean": 0.291656702757,
        "median": -0.00530242919922,
        "min": -1.64339995384,
        "var": 1.55412471294
    },
    "erbbands_skewness": {
        "dmean": 0.338077813387,
        "dmean2": 0.518464267254,
        "dvar": 0.10033493489,
        "dvar2": 0.211835533381,
        "max": 2.66601133347,
        "mean": -0.203969314694,
        "median": -0.226117819548,
        "min": -2.27106595039,
        "var": 0.394928395748
    },
    "erbbands_spread": {
        "dmean": 7.50288200378,
        "dmean2": 11.3780317307,
        "dvar": 57.1913871765,
        "dvar2": 138.827056885,
        "max": 98.1620788574,
        "mean": 34.6514625549,
        "median": 32.1057891846,
        "min": 6.16425275803,
        "var": 187.14956665
    },
    "hfc": {
        "dmean": 8.74296951294,
        "dmean2": 12.3515291214,
        "dvar": 113.714637756,
        "dvar2": 239.200790405,
        "max": 122.460289001,
        "mean": 29.8453578949,
        "median": 26.3043365479,
        "min": 1.00120079517,
        "var": 289.563018799
    },
    "melbands_crest": {
        "dmean": 3.70995640755,
        "dmean2": 5.93463897705,
        "dvar": 11.9650201797,
        "dvar2": 29.1101284027,
        "max": 32.9808769226,
        "mean": 14.4218950272,
        "median": 13.9605779648,
        "min": 3.75240898132,
        "var": 24.7802371979
    },
    "melbands_flatness_db": {
        "dmean": 0.0292641129345,
        "dmean2": 0.0460145100951,
        "dvar": 0.000663799175527,
        "dvar2": 0.00173647084739,
        "max": 0.330818116665,
        "mean": 0.175717234612,
        "median": 0.174855321646,
        "min": 0.037195365876,
        "var": 0.00235105748288
    },
    "melbands_kurtosis": {
        "dmean": 5.41351032257,
        "dmean2": 9.1509809494,
        "dvar": 74.7073974609,
        "dvar2": 209.496414185,
        "max": 93.1256408691,
        "mean": 6.99852561951,
        "median": 3.6612200737,
        "min": -1.59888958931,
        "var": 86.6997528076
    },
    "melbands_skewness": {
        "dmean": 0.795371711254,
        "dmean2": 1.29781460762,
        "dvar": 0.757600307465,
        "dvar2": 1.98374938965,
        "max": 8.17627429962,
        "mean": 2.22246789932,
        "median": 1.90116405487,
        "min": -0.478309392929,
        "var": 1.52805924416
    },
    "melbands_spread": {
        "dmean": 10.1307163239,
        "dmean2": 16.2956981659,
        "dvar": 165.678619385,
        "dvar2": 379.841766357,
        "max": 189.443878174,
        "mean": 32.2305107117,
        "median": 29.0651130676,
        "min": 3.10017585754,
        "var": 316.848205566
    },
    "pitch_salience": {
        "dmean": 0.0748398900032,
        "dmean2": 0.123431958258,
        "dvar": 0.00422140629962,
        "dvar2": 0.0113713489845,
        "max": 0.807852506638,
        "mean": 0.540021121502,
        "median": 0.540853023529,
        "min": 0.20074595511,
        "var": 0.00807702448219
    },
    "silence_rate_20dB": {
        "dmean": 0,
        "dmean2": 0,
        "dvar": 0,
        "dvar2": 0,
        "max": 1,
        "mean": 1,
        "median": 1,
        "min": 1,
        "var": 0
    },
    "silence_rate_30dB": {
        "dmean": 0.0340557284653,
        "dmean2": 0.0681642144918,
        "dvar": 0.0328958369792,
        "dvar2": 0.097599864006,
        "max": 1,
        "mean": 0.982985317707,
        "median": 1,
        "min": 0,
        "var": 0.0167254824191
    },
    "silence_rate_60dB": {
        "dmean": 0,
        "dmean2": 0,
        "dvar": 0,
        "dvar2": 0,
        "max": 0,
        "mean": 0,
        "median": 0,
        "min": 0,
        "var": 0
    },
    "spectral_centroid": {
        "dmean": 281.086364746,
        "dmean2": 416.249420166,
        "dvar": 84148.1328125,
        "dvar2": 169654.265625,
        "max": 4398.67578125,
        "mean": 1739.99902344,
        "median": 1688.89367676,
        "min": 437.574401855,
        "var": 276535.34375
    },
    "spectral_complexity": {
        "dmean": 5.35835933685,
        "dmean2": 7.30131673813,
        "dvar": 27.0490760803,
        "dvar2": 43.6033287048,
        "max": 57,
        "mean": 29.6968288422,
        "median": 29,
        "min": 5,
        "var": 98.7077713013
    },
    "spectral_decrease": {
        "dmean": 4.23069801414e-09,
        "dmean2": 6.86995305088e-09,
        "dvar": 3.5195105696e-17,
        "dvar2": 8.27844143753e-17,
        "max": -7.18000825461e-10,
        "mean": -9.74508473917e-09,
        "median": -7.09498726437e-09,
        "min": -3.89570615766e-08,
        "var": 5.12596976544e-17
    },
    "spectral_energy": {
        "dmean": 0.0164422057569,
        "dmean2": 0.0265893209726,
        "dvar": 0.000525228155311,
        "dvar2": 0.00122975651175,
        "max": 0.152601495385,
        "mean": 0.0394872389734,
        "median": 0.0295778345317,
        "min": 0.00280070933513,
        "var": 0.000772042025346
    },
    "spectral_energyband_high": {
        "dmean": 0.000633266288787,
        "dmean2": 0.000857844832353,
        "dvar": 9.84509370028e-07,
        "dvar2": 1.89671254702e-06,
        "max": 0.0178044866771,
        "mean": 0.00140041159466,
        "median": 0.000851022894494,
        "min": 1.35049258461e-05,
        "var": 3.03723845718e-06
    },
    "spectral_energyband_low": {
        "dmean": 0.0124718826264,
        "dmean2": 0.0209665391594,
        "dvar": 0.000357255339622,
        "dvar2": 0.000892735202797,
        "max": 0.134712874889,
        "mean": 0.0197316203266,
        "median": 0.00996007677168,
        "min": 0.000123502744827,
        "var": 0.000483559793793
    },
    "spectral_energyband_middle_high": {
        "dmean": 0.00253391056322,
        "dmean2": 0.00374116841704,
        "dvar": 7.58179248805e-06,
        "dvar2": 1.67688322108e-05,
        "max": 0.0316083990037,
        "mean": 0.00874494295567,
        "median": 0.00798016693443,
        "min": 0.000364301144145,
        "var": 2.44067268795e-05
    },
    "spectral_energyband_middle_low": {
        "dmean": 0.00582190742716,
        "dmean2": 0.00925152003765,
        "dvar": 8.5441286501e-05,
        "dvar2": 0.000213708321098,
        "max": 0.0779653042555,
        "mean": 0.0108615653589,
        "median": 0.00811770185828,
        "min": 0.000379617646104,
        "var": 9.01314851944e-05
    },
    "spectral_entropy": {
        "dmean": 0.127494752407,
        "dmean2": 0.176048398018,
        "dvar": 0.0166558902711,
        "dvar2": 0.0317748188972,
        "max": 8.6672706604,
        "mean": 7.75719022751,
        "median": 7.79969024658,
        "min": 6.75474882126,
        "var": 0.0960061848164
    },
    "spectral_flux": {
        "dmean": 0.0349811501801,
        "dmean2": 0.0551143400371,
        "dvar": 0.00170906353742,
        "dvar2": 0.00353987398557,
        "max": 0.331822991371,
        "mean": 0.112908363342,
        "median": 0.0966994836926,
        "min": 0.0274473112077,
        "var": 0.00326492497697
    },
    "spectral_kurtosis": {
        "dmean": 1.75394666195,
        "dmean2": 2.85530400276,
        "dvar": 3.47620463371,
        "dvar2": 8.96489429474,
        "max": 20.9002380371,
        "mean": 4.18315792084,
        "median": 3.36414146423,
        "min": -0.350281953812,
        "var": 7.60043334961
    },
    "spectral_rms": {
        "dmean": 0.00118237535935,
        "dmean2": 0.0018665586831,
        "dvar": 2.10643520404e-06,
        "dvar2": 4.50212655778e-06,
        "max": 0.0122016193345,
        "mean": 0.00588733376935,
        "median": 0.00537181738764,
        "min": 0.00165299710352,
        "var": 3.86344527215e-06
    },
    "spectral_rolloff": {
        "dmean": 672.59777832,
        "dmean2": 1072.02441406,
        "dvar": 1058174.625,
        "dvar2": 2045740,
        "max": 11434.1308594,
        "mean": 1821.89599609,
        "median": 1658.05664062,
        "min": 64.599609375,
        "var": 2217037
    },
    "spectral_skewness": {
        "dmean": 0.255208998919,
        "dmean2": 0.403140127659,
        "dvar": 0.0696881487966,
        "dvar2": 0.168218165636,
        "max": 3.55988764763,
        "mean": 1.3230701685,
        "median": 1.2614774704,
        "min": 0.429482519627,
        "var": 0.156491562724
    },
    "spectral_spread": {
        "dmean": 503556.0625,
        "dmean2": 687574.625,
        "dvar": 394478780416,
        "dvar2": 698534592512,
        "max": 11732048,
        "mean": 3985291.5,
        "median": 3901992.25,
        "min": 1653679.75,
        "var": 1.64010406707e+12
    },
    "spectral_strongpeak": {
        "dmean": 0.497460573912,
        "dmean2": 0.870921373367,
        "dvar": 0.816042304039,
        "dvar2": 2.0977025032,
        "max": 9.6140794754,
        "mean": 0.625406563282,
        "median": 0.321360260248,
        "min": 0,
        "var": 0.814246475697
    },
    "zerocrossingrate": {
        "dmean": 0.0118245696649,
        "dmean2": 0.0128307146952,
        "dvar": 0.000223264127271,
        "dvar2": 0.000235664556385,
        "max": 0.32080078125,
        "mean": 0.0667468756437,
        "median": 0.05908203125,
        "min": 0.01611328125,
        "var": 0.00115596782416
    },
    "barkbands": {
        "dmean": [0.00209174468182, 0.00858705677092, 0.0039499104023, 0.00156481086742, 0.00279752584174, 0.000501122209243, 0.000636238604784, 0.00144053867552, 0.00106645806227, 0.00095404003514, 0.000463788455818, 0.000500357942656, 0.000286306196358, 0.000551431963686, 0.000612024043221, 0.000490564038046, 0.000492980470881, 0.00031174038304, 0.000224883289775, 0.000209011996049, 0.000202976356377, 0.00016017674352, 9.89926338661e-05, 0.000116503921163, 4.40988442278e-05, 5.34984610567e-05, 5.01014341125e-08],
        "dmean2": [0.0026320409961, 0.0148666417226, 0.00698570348322, 0.00261865090579, 0.00472303386778, 0.000808994052932, 0.00104986340739, 0.00238928082399, 0.00166198029183, 0.0014286985388, 0.000713605084457, 0.000779801688623, 0.00045835020137, 0.000880099076312, 0.000974155496806, 0.000804642972071, 0.000776327564381, 0.000491373415571, 0.000344065629179, 0.000321731029544, 0.000305803812807, 0.000237261338043, 0.000143368786667, 0.000161400821526, 6.42603554297e-05, 7.78444300522e-05, 9.14020716891e-08],
        "dvar": [1.35748687171e-05, 0.000163268559845, 5.16230502399e-05, 6.85857457938e-06, 3.7517878809e-05, 6.15306021245e-07, 1.65155483955e-06, 5.89936462347e-06, 4.36464915765e-06, 3.16787850352e-06, 1.17759464047e-06, 4.38425814764e-07, 1.50128229848e-07, 4.50771352689e-07, 6.53439315101e-07, 6.86754731305e-07, 4.54696987617e-07, 1.49649665104e-07, 7.62456338066e-08, 6.92840060879e-08, 7.86223637306e-08, 1.53905361344e-07, 3.00921065843e-08, 1.18521214176e-07, 1.62783084789e-08, 1.69167240216e-08, 6.0507256486e-14],
        "dvar2": [2.24311334023e-05, 0.000419800082454, 0.000144911929965, 1.81868490472e-05, 0.000100003184343, 1.47828131958e-06, 4.00622366215e-06, 1.53893051902e-05, 1.01977911982e-05, 6.346792361e-06, 2.44920715886e-06, 9.78671550911e-07, 3.72809324745e-07, 1.04759863007e-06, 1.66068991803e-06, 1.839338438e-06, 1.0258711427e-06, 3.20642499219e-07, 1.50616486394e-07, 1.64723005014e-07, 1.74414822141e-07, 3.93857163772e-07, 6.7396825898e-08, 2.05070463721e-07, 2.60509285255e-08, 3.31761107475e-08, 1.58307896414e-13],
        "max": [0.0288742091507, 0.104160092771, 0.0539350919425, 0.0310601964593, 0.0654345974326, 0.0111949807033, 0.0171132050455, 0.0208892393857, 0.0259980708361, 0.0235789604485, 0.020210204646, 0.00697493413463, 0.0053000417538, 0.0108641944826, 0.00842630304396, 0.0136748086661, 0.00945851206779, 0.00427184160799, 0.00567261781543, 0.00284097413532, 0.00330250803381, 0.0102420076728, 0.00355571717955, 0.00562719115987, 0.00269141537137, 0.00257468852215, 4.62718980998e-06],
        "mean": [0.00242250552401, 0.0112220793962, 0.00500284135342, 0.00227648578584, 0.00314504909329, 0.000764404889196, 0.000857388600707, 0.00187383138109, 0.00164589914493, 0.00165065540932, 0.000727875158191, 0.000884408829734, 0.000496306805871, 0.00106111727655, 0.00108710688073, 0.000814036640804, 0.000917732657399, 0.000593370350543, 0.000468890648335, 0.00039429491153, 0.00037005264312, 0.000281400454696, 0.000185096432688, 0.000202871582587, 7.14070265531e-05, 7.01156241121e-05, 3.43943220571e-08],
        "median": [8.32458972582e-05, 0.00492965616286, 0.0030103479512, 0.00155861559324, 0.00166774378158, 0.000445395184215, 0.000385327730328, 0.000950010900851, 0.000744606775697, 0.000648735207506, 0.000373099785065, 0.000538822088856, 0.000339223595802, 0.00073350162711, 0.000704654608853, 0.000508968427312, 0.000650901347399, 0.000429969455581, 0.000344740459695, 0.000296720216284, 0.00024337922514, 0.000132667832077, 9.03609397938e-05, 5.7773962908e-05, 2.30808382184e-05, 1.55600500875e-05, 8.99678942456e-10],
        "min": [1.19386328379e-07, 4.65192761112e-06, 2.50404882536e-05, 6.12803387412e-06, 2.85796340904e-05, 4.32803153672e-06, 1.29433658458e-06, 5.15888086738e-06, 3.7884543417e-05, 9.68315453065e-06, 4.507497124e-06, 1.04734099295e-05, 5.84060398978e-06, 2.59581902355e-05, 1.59500959853e-05, 7.83666928328e-06, 1.94586955331e-05, 6.8518943408e-06, 3.15531156048e-06, 5.06382502863e-06, 2.88525393444e-06, 3.22893527027e-07, 6.94310076099e-09, 1.72756586814e-10, 2.94268533152e-11, 1.17760384777e-11, 8.34692731599e-12],
        "var": [2.3345792215e-05, 0.000199672373128, 4.08402229368e-05, 6.97040923114e-06, 2.85418209387e-05, 9.63695811151e-07, 2.27664190788e-06, 6.54728637528e-06, 7.16512840881e-06, 7.39592996979e-06, 1.89453214716e-06, 9.75360649136e-07, 2.78569501688e-07, 1.07684468276e-06, 1.3022628309e-06, 1.1033176861e-06, 9.19330886973e-07, 3.38014615409e-07, 2.83457410433e-07, 1.31877641252e-07, 1.61229351647e-07, 2.2911341091e-07, 6.83429917103e-08, 3.08132001692e-07, 4.32434070774e-08, 3.66347592262e-08, 4.18650099939e-14]
    },
    "erbbands": {
        "dmean": [0.319520145655, 1.86350405216, 4.51669883728, 4.7835021019, 7.27433538437, 10.6465768814, 4.89477825165, 4.05996179581, 6.1804523468, 18.8676490784, 29.5163059235, 25.3085575104, 25.3147506714, 27.9668006897, 16.9203147888, 17.8056907654, 12.5650453568, 17.9373569489, 36.1004486084, 21.1483688354, 31.001663208, 26.5645160675, 17.172794342, 12.7151899338, 11.1669492722, 9.52234649658, 9.32040786743, 7.50966978073, 6.05359125137, 3.39583516121, 2.96347141266, 3.14984273911, 1.45435774326, 0.461898803711, 0.378803104162, 0.272790580988, 0.100656554103, 0.00777568854392, 0.000146976104588, 2.33486771322e-05],
        "dmean2": [0.499995172024, 3.32877969742, 7.92357492447, 8.11761760712, 12.2522659302, 18.0447998047, 7.94404840469, 6.63731098175, 10.1577091217, 31.9422626495, 47.9766387939, 39.8794441223, 38.3552513123, 41.2194824219, 25.6845340729, 27.6064376831, 19.8581504822, 29.0689201355, 57.1082191467, 33.1774978638, 50.0718955994, 41.273853302, 26.418510437, 18.9339179993, 17.139081955, 14.7071428299, 14.3885536194, 11.460694313, 9.04842281342, 4.71072864532, 4.30396604538, 4.19259357452, 2.20278978348, 0.68569880724, 0.562459409237, 0.407391995192, 0.147519782186, 0.0118123916909, 0.000219289227971, 3.53153991455e-05],
        "dvar": [0.30011716485, 7.66738843918, 60.5641860962, 73.1185379028, 199.138320923, 606.005554199, 48.3327026367, 43.1919822693, 133.119842529, 1356.44519043, 2383.75708008, 2761.43115234, 3059.24291992, 2491.21313477, 1076.06396484, 591.123474121, 300.76751709, 479.788757324, 1870.34448242, 1126.79614258, 2640.53491211, 1182.08850098, 485.727172852, 235.158370972, 196.469329834, 144.327041626, 162.327133179, 160.975204468, 247.086425781, 26.5314788818, 30.2450122833, 91.2459335327, 17.7553672791, 1.46720433235, 1.48216164112, 0.621742069721, 0.0505196787417, 0.000274776364677, 9.02026613403e-08, 8.79363359907e-10],
        "dvar2": [0.634495079517, 22.1805458069, 170.584121704, 195.756469727, 525.846069336, 1621.47631836, 122.539512634, 103.207130432, 319.982177734, 3643.03173828, 5963.34912109, 6722.49121094, 6570.43164062, 4776.79980469, 2280.29711914, 1284.84655762, 726.078796387, 1225.3449707, 4486.015625, 2763.86523438, 6683.36181641, 2628.03417969, 1003.34991455, 443.886413574, 456.746551514, 341.300445557, 384.060913086, 356.947296143, 641.070129395, 54.3904075623, 64.7497787476, 147.315475464, 35.3636360168, 2.85765790939, 2.42507123947, 1.15421724319, 0.099634423852, 0.000578770355787, 1.78300254561e-07, 1.87875692781e-09],
        "max": [4.25411510468, 21.0444545746, 56.4227561951, 67.6657943726, 164.754974365, 218.456481934, 71.2676010132, 85.1422271729, 197.150924683, 456.538757324, 492.433990479, 683.363830566, 676.441650391, 789.059875488, 586.234008789, 297.319702148, 255.449325562, 297.969848633, 533.540222168, 512.347229004, 897.160339355, 450.724639893, 258.400634766, 390.277496338, 161.131088257, 124.278175354, 136.993011475, 237.668685913, 425.693145752, 78.4633560181, 120.192596436, 182.303909302, 68.6095352173, 33.6701927185, 24.031917572, 17.4643039703, 3.6787109375, 0.267164975405, 0.00494883907959, 0.000307100883219],
        "mean": [0.38705688715, 2.24473500252, 6.03866910934, 7.12619256973, 9.21560764313, 10.5413656235, 7.24340438843, 6.00180912018, 8.78367710114, 23.1372032166, 42.8260345459, 40.2220344543, 41.7402191162, 51.0606765747, 32.0812988281, 33.7453155518, 23.9083137512, 38.6160469055, 71.6369781494, 39.9430961609, 56.172794342, 52.2761802673, 34.0429458618, 27.1288337708, 22.1046085358, 18.4980945587, 16.9610805511, 13.2756214142, 10.4230928421, 6.47458362579, 5.55007553101, 5.29772663116, 2.45440864563, 0.74662065506, 0.563052594662, 0.350863218307, 0.130299255252, 0.00958184432238, 0.000209279198316, 5.77774153498e-05],
        "median": [0.0831639841199, 1.29383325577, 4.1457567215, 4.66553497314, 5.52028894424, 4.19535207748, 4.24452352524, 3.21537685394, 4.71700906754, 10.9518594742, 23.643737793, 19.1143856049, 19.7603683472, 25.0261135101, 20.2904319763, 21.3508110046, 17.1861076355, 30.5551338196, 49.4523124695, 28.0520172119, 36.8624267578, 37.9045028687, 24.64752388, 20.1435470581, 16.746383667, 14.1982803345, 11.9795951843, 7.57590103149, 5.15264844894, 3.45695972443, 2.50826382637, 1.504352808, 0.77110773325, 0.290651500225, 0.124976985157, 0.0639532357454, 0.0258883982897, 0.00166349869687, 6.03933367529e-05, 4.40243966295e-05],
        "min": [0.000216115862713, 0.00208210316487, 0.0430947542191, 0.0319032594562, 0.027136137709, 0.0700578764081, 0.0734234303236, 0.0802383795381, 0.132237702608, 0.305658966303, 0.423505038023, 0.918196082115, 0.84029173851, 0.420693635941, 0.364938408136, 0.548603534698, 0.565674126148, 1.30960834026, 1.46153926849, 0.744969785213, 0.63507938385, 1.10886156559, 0.337336182594, 0.388855576515, 0.188133254647, 0.215242281556, 0.131635889411, 0.0759776607156, 0.01561409235, 0.00434901798144, 0.00135703093838, 0.000197743531317, 0.000170315499417, 3.88059561374e-05, 1.78182563104e-05, 1.09309194158e-05, 6.4440469032e-06, 2.0341428808e-06, 1.79720075266e-06, 3.17342028211e-06],
        "var": [0.427967369556, 6.92161512375, 49.6117019653, 69.4024124146, 164.256607056, 447.913421631, 67.2499237061, 67.7585754395, 203.046783447, 1333.23754883, 3083.31933594, 4150.62841797, 5378.32226562, 6026.24511719, 1996.79345703, 1437.52050781, 590.123962402, 985.690368652, 4555.01220703, 1797.81616211, 4496.43017578, 2601.97900391, 1145.76745605, 1011.61956787, 436.687988281, 278.443939209, 286.81628418, 330.331817627, 341.426116943, 62.4902648926, 72.1781082153, 246.99659729, 36.6501579285, 2.96564769745, 3.89818906784, 1.40274643898, 0.105470068753, 0.000487687706482, 1.84570097872e-07, 1.76447534361e-09]
    },
    "gfcc": {
        "mean": [40.3820610046, 95.6678695679, -131.994216919, 42.4301643372, -44.8143501282, 20.8431510925, -26.8052101135, 15.1065483093, -17.2885131836, 2.60708355904, -23.5371742249, -3.1830368042, -13.4626350403],
        "cov": [[1851.28430176, -925.036865234, 419.004730225, 237.180648804, -321.267547607, 255.572387695, -172.826904297, 101.221885681, -145.576522827, 15.8373041153, -108.837654114, 88.3476028442, -113.999671936], [-925.036865234, 1271.60522461, -556.372314453, -95.1365280151, 311.881469727, -308.846252441, 218.099914551, -212.127319336, 143.939086914, -128.181091309, 126.755851746, -128.342956543, 137.800872803], [419.004730225, -556.372314453, 554.155273438, 17.9641132355, -101.544120789, 155.869857788, -117.481193542, 135.852874756, -79.1355133057, 109.471389771, -83.5462265015, 92.6435699463, -91.7492599487], [237.180648804, -95.1365280151, 17.9641132355, 328.410369873, -65.1523132324, 77.0748977661, 22.3226985931, -4.32602882385, 52.5889053345, -41.3085784912, 50.2544288635, -45.5400314331, 33.0035476685], [-321.267547607, 311.881469727, -101.544120789, -65.1523132324, 296.58984375, -119.165611267, 80.0903930664, -45.1428222656, 4.55643129349, 17.9160633087, 2.82072019577, -2.29552936554, 17.5277366638], [255.572387695, -308.846252441, 155.869857788, 77.0748977661, -119.165611267, 231.479858398, -15.9668273926, 68.0818710327, -11.7585611343, -18.9138946533, -4.1947259903, 14.228477478, -4.68295955658], [-172.826904297, 218.099914551, -117.481193542, 22.3226985931, 80.0903930664, -15.9668273926, 169.045730591, -27.5686798096, 43.337348938, -32.2201118469, 22.79778862, -25.0013332367, 24.6421165466], [101.221885681, -212.127319336, 135.852874756, -4.32602882385, -45.1428222656, 68.0818710327, -27.5686798096, 157.678726196, 2.39446473122, 47.1052322388, -30.0796298981, 22.6800460815, -32.0098648071], [-145.576522827, 143.939086914, -79.1355133057, 52.5889053345, 4.55643129349, -11.7585611343, 43.337348938, 2.39446473122, 124.228401184, -11.765999794, 33.7565498352, -38.6298446655, 25.8409023285], [15.8373041153, -128.181091309, 109.471389771, -41.3085784912, 17.9160633087, -18.9138946533, -32.2201118469, 47.1052322388, -11.765999794, 117.238883972, -27.7562046051, 30.1286678314, -32.9070472717], [-108.837654114, 126.755851746, -83.5462265015, 50.2544288635, 2.82072019577, -4.1947259903, 22.79778862, -30.0796298981, 33.7565498352, -27.7562046051, 93.3086090088, -22.888715744, 31.232252121], [88.3476028442, -128.342956543, 92.6435699463, -45.5400314331, -2.29552936554, 14.228477478, -25.0013332367, 22.6800460815, -38.6298446655, 30.1286678314, -22.888715744, 88.1186599731, -15.9623823166], [-113.999671936, 137.800872803, -91.7492599487, 33.0035476685, 17.5277366638, -4.68295955658, 24.6421165466, -32.0098648071, 25.8409023285, -32.9070472717, 31.232252121, -15.9623823166, 88.4248657227]],
        "icov": [[0.00110073038377, 0.000307875103317, 1.86713823496e-05, -0.000932428811211, 0.00047894322779, -0.000172516476596, 0.000236991196289, 0.000194052336155, 0.000698068120982, 0.00034636296914, 0.000833378115203, -0.000561677443329, 0.000735969748348], [0.000307875103317, 0.0037786050234, 3.20358449244e-05, 0.0014369339915, -0.00147501192987, 0.00292194331996, -0.00174058857374, 0.00107072258834, -0.0018420999404, 0.00259244535118, -0.00192255782895, 0.00204609450884, -0.00212340732105], [1.86713823496e-05, 3.20358449244e-05, 0.00469116959721, -0.00109224300832, -0.000192601510207, -0.00245883525349, 0.00149259995669, -0.000907925423235, 0.000837156490888, -0.002644645283, 0.00160840735771, -0.00233286363073, 0.0021946139168], [-0.000932428811211, 0.0014369339915, -0.00109224300832, 0.00589344277978, -0.000604367232881, 0.000752138672397, -0.00152946845628, 0.00075206020847, -0.00265122507699, 0.00158268900122, -0.0033383788541, 0.00338621786796, -0.00276208925061], [0.00047894322779, -0.00147501192987, -0.000192601510207, -0.000604367232881, 0.0061468440108, 0.000911512644961, -0.00177085504401, -4.93630113851e-06, 0.00187305733562, -0.00208651926368, 0.00130044179969, -0.00131011940539, 0.00024370297615], [-0.000172516476596, 0.00292194331996, -0.00245883525349, 0.000752138672397, 0.000911512644961, 0.0107010453939, -0.0031289672479, -0.00170437677298, -0.000858843326569, 0.0049993712455, -0.00266366032884, 0.00182202260476, -0.00358570669778], [0.000236991196289, -0.00174058857374, 0.00149259995669, -0.00152946845628, -0.00177085504401, -0.0031289672479, 0.00965230166912, -0.000333455507644, -0.00100165547337, -0.00011851459567, 0.0015599927865, -0.00149070937186, 0.00194085633848], [0.000194052336155, 0.00107072258834, -0.000907925423235, 0.00075206020847, -4.93630113851e-06, -0.00170437677298, -0.000333455507644, 0.0100988782942, -0.00270350440405, -0.00204825517721, 0.000985201098956, 0.000193175612367, 0.000732955581043], [0.000698068120982, -0.0018420999404, 0.000837156490888, -0.00265122507699, 0.00187305733562, -0.000858843326569, -0.00100165547337, -0.00270350440405, 0.0132463769987, -0.00258167413995, -0.000445049983682, 0.00156175519805, 0.000119855365483], [0.00034636296914, 0.00259244535118, -0.002644645283, 0.00158268900122, -0.00208651926368, 0.0049993712455, -0.00011851459567, -0.00204825517721, -0.00258167413995, 0.0157887302339, -0.00109890929889, -0.000150681778905, 3.27368834405e-05], [0.000833378115203, -0.00192255782895, 0.00160840735771, -0.0033383788541, 0.00130044179969, -0.00266366032884, 0.0015599927865, 0.000985201098956, -0.000445049983682, -0.00109890929889, 0.0166902653873, -0.00188410445116, -5.65691152588e-06], [-0.000561677443329, 0.00204609450884, -0.00233286363073, 0.00338621786796, -0.00131011940539, 0.00182202260476, -0.00149070937186, 0.000193175612367, 0.00156175519805, -0.000150681778905, -0.00188410445116, 0.0179302878678, -0.00336587941274], [0.000735969748348, -0.00212340732105, 0.0021946139168, -0.00276208925061, 0.00024370297615, -0.00358570669778, 0.00194085633848, 0.000732955581043, 0.000119855365483, 3.27368834405e-05, -5.65691152588e-06, -0.00336587941274, 0.0177328139544]]
    },
    "melbands": {
        "dmean": [0.00253459718078, 0.00234950520098, 0.000825883354992, 0.000729160266928, 0.000203489951673, 9.13126277737e-05, 0.000104060367448, 0.000239725355641, 0.000222116184887, 0.000162119176821, 0.000130475018523, 0.000121754957945, 5.94920311414e-05, 6.14099117229e-05, 3.46437955159e-05, 2.91716241918e-05, 3.71813584934e-05, 6.53638999211e-05, 4.14388450736e-05, 2.49881486525e-05, 4.17904520873e-05, 3.22768974002e-05, 1.88115045603e-05, 1.56124715431e-05, 1.0990370356e-05, 8.93545802683e-06, 7.82250572229e-06, 6.77988828102e-06, 6.44481633572e-06, 5.39595521332e-06, 4.4406174311e-06, 3.95507595385e-06, 2.83454255623e-06, 1.73894272848e-06, 1.77067488494e-06, 1.93098753698e-06, 2.0732095436e-06, 1.18209311495e-06, 6.65225684315e-07, 3.24702227772e-07],
        "dmean2": [0.0041401013732, 0.0041844882071, 0.0013912449358, 0.00123719393741, 0.000335125630954, 0.00014881946845, 0.000169651088072, 0.000405015860451, 0.000359006691724, 0.00025513782748, 0.000198175039259, 0.000179163718713, 8.89503280632e-05, 9.50438261498e-05, 5.51525918127e-05, 4.59850452899e-05, 6.05470522714e-05, 0.000103782374936, 6.6126078309e-05, 4.03139019909e-05, 6.7201013735e-05, 5.05630050611e-05, 3.0185761716e-05, 2.45946976065e-05, 1.66006993823e-05, 1.41167665788e-05, 1.22650908452e-05, 1.06525658339e-05, 1.01761688711e-05, 8.45334216137e-06, 6.88815771355e-06, 6.07999209024e-06, 4.19979096478e-06, 2.51595270129e-06, 2.65101607511e-06, 2.7689268336e-06, 2.83486087937e-06, 1.86642955669e-06, 1.02699993931e-06, 5.0388763384e-07],
        "dvar": [1.61629959621e-05, 1.48264389281e-05, 1.98970633392e-06, 2.74231365438e-06, 9.63838999724e-08, 2.12735535854e-08, 3.91212005013e-08, 1.9072616908e-07, 1.35531792012e-07, 1.08249579966e-07, 7.99170436494e-08, 4.63397675787e-08, 1.750207268e-08, 7.37283833985e-09, 2.76204881189e-09, 1.54470547464e-09, 2.06920836021e-09, 6.04862826492e-09, 4.12929557214e-09, 1.76871783886e-09, 5.18771248181e-09, 1.88462556672e-09, 7.03995806095e-10, 4.14370648905e-10, 1.98663377415e-10, 1.22647003664e-10, 9.64466215225e-11, 7.89314030802e-11, 7.79396824857e-11, 6.39820210702e-11, 7.47320053063e-11, 1.59534080391e-10, 1.79450343474e-11, 7.55259743634e-12, 8.33167475983e-12, 3.23902432653e-11, 4.17143333764e-11, 1.3714203384e-11, 3.07955310558e-12, 7.13723459674e-13],
        "dvar2": [3.62247119483e-05, 4.19202297053e-05, 5.19886043548e-06, 7.2795419328e-06, 2.49820004683e-07, 5.11260580538e-08, 9.32501933448e-08, 5.16473505741e-07, 3.28993877474e-07, 2.58368714867e-07, 1.69669618799e-07, 8.94847502764e-08, 3.83144005411e-08, 1.59054920346e-08, 6.90265178349e-09, 3.85222165278e-09, 5.29617594225e-09, 1.40639331292e-08, 1.002426675e-08, 4.473689863e-09, 1.29069954724e-08, 4.29217639208e-09, 1.58145441187e-09, 8.82401818281e-10, 3.55437151933e-10, 2.93666646556e-10, 2.29222210657e-10, 1.94692234556e-10, 1.85556056631e-10, 1.51874166021e-10, 1.75837164273e-10, 4.37839903222e-10, 3.99709813859e-11, 1.66009601898e-11, 1.80018569496e-11, 6.79896902667e-11, 6.8385352936e-11, 2.78170906448e-11, 6.52457645203e-12, 1.47122299152e-12],
        "max": [0.0302394963801, 0.0253322087228, 0.0105611057952, 0.0175748728216, 0.0028188447468, 0.00198089028709, 0.00298407953233, 0.00480325846002, 0.0036410051398, 0.00407718075439, 0.00336152222008, 0.0030613928102, 0.00279947416857, 0.0010011123959, 0.000742111937143, 0.000692998641171, 0.000534353486728, 0.0011648129439, 0.000843894609716, 0.000565521302633, 0.0013186596334, 0.000542647903785, 0.000390554516343, 0.000267337571131, 0.000402500649216, 0.00015679441276, 0.000127984472783, 9.89375912468e-05, 0.000103048354504, 9.41243197303e-05, 0.000181214418262, 0.000342478015227, 6.18175254203e-05, 3.14567841997e-05, 4.30919317296e-05, 0.000144598976476, 0.000113508511276, 6.67614949634e-05, 4.32360211562e-05, 2.24855139095e-05],
        "mean": [0.00336595368572, 0.00317786051892, 0.00127825536765, 0.000772211118601, 0.000281192216789, 0.000135609443532, 0.000146088568727, 0.000296974205412, 0.00032955899951, 0.000248689815635, 0.000211554521229, 0.000218491448322, 0.000103606034827, 0.000107667110569, 5.96503050474e-05, 5.16407562827e-05, 7.39978131605e-05, 0.000122518889839, 7.32406115276e-05, 4.05755381507e-05, 7.10111198714e-05, 5.77959872317e-05, 3.38659665431e-05, 2.82237724605e-05, 2.14567735384e-05, 1.6714036974e-05, 1.38317482197e-05, 1.20571949083e-05, 1.12161678771e-05, 8.72358941706e-06, 7.36401807444e-06, 6.18324929746e-06, 4.83789472128e-06, 3.07610162054e-06, 3.2232421745e-06, 3.07495383822e-06, 3.35087997883e-06, 1.871524546e-06, 1.05163053377e-06, 4.55712324765e-07],
        "median": [0.00105887104291, 0.0022345550824, 0.000945486244746, 0.000359950383427, 0.00016456656158, 7.52943815314e-05, 7.24395213183e-05, 0.000152606022311, 0.000183445052244, 0.000111437293526, 9.54816787271e-05, 9.68701788224e-05, 5.80018495384e-05, 6.14397285972e-05, 3.84488412237e-05, 3.63352301065e-05, 5.59895961487e-05, 8.17823311081e-05, 4.55630579381e-05, 2.7699254133e-05, 4.36804402852e-05, 3.98195370508e-05, 2.31922167586e-05, 1.95652955881e-05, 1.51591057147e-05, 1.23433310364e-05, 9.89730233414e-06, 8.75352634466e-06, 7.68390327721e-06, 5.40464725418e-06, 3.68667565454e-06, 2.83146505353e-06, 2.3930383577e-06, 1.52848519974e-06, 1.51719098085e-06, 1.07407424821e-06, 8.25365361834e-07, 5.25505356563e-07, 4.02555428991e-07, 1.78048708221e-07],
        "min": [2.1531600396e-06, 1.39784806379e-05, 4.31282023783e-06, 5.23701055499e-06, 2.74281956081e-06, 1.06425636659e-06, 2.10666757994e-06, 2.77902449852e-06, 3.53866539626e-06, 5.45099737792e-06, 2.79307687379e-06, 1.71970373231e-06, 8.84262249201e-07, 1.31998876896e-06, 8.89342004484e-07, 1.23564473142e-06, 2.52185714089e-06, 2.16371813622e-06, 1.01627404092e-06, 5.69888811697e-07, 8.25372865165e-07, 1.09612028609e-06, 3.83491681077e-07, 2.89491168814e-07, 2.87377133645e-07, 1.02540973046e-07, 1.32204405645e-07, 1.34749967629e-07, 8.52833608178e-08, 6.98636171137e-08, 5.00107733004e-09, 6.73224764824e-09, 2.28867058638e-09, 3.48164608255e-10, 3.51468181815e-12, 3.10477490072e-12, 2.33938931594e-12, 1.87628558523e-12, 5.3248784505e-13, 3.34773929498e-13],
