{
"highlevel": {
    "danceability": {
        "all": {
            "danceable": 0.383028179407,
            "not_danceable": 0.616971850395
        },
        "probability": 0.616971850395,
        "value": "not_danceable"
    },
    "gender": {
        "all": {
            "female": 0.393710464239,
            "male": 0.606289505959
        },
        "probability": 0.606289505959,
        "value": "male"
    },
    "genre_dortmund": {
        "all": {
            "alternative": 0.111124396324,
            "blues": 0.00879164878279,
            "electronic": 0.0531988739967,
            "folkcountry": 0.0392352677882,
            "funksoulrnb": 0.0119379721582,
            "jazz": 0.131883323193,
            "pop": 0.0730892270803,
            "raphiphop": 0.0202539581805,
            "rock": 0.550485312939
        },
        "probability": 0.550485312939,
        "value": "rock"
    },
    "genre_electronic": {
        "all": {
            "ambient": 0.255176723003,
            "dnb": 0.162305101752,
            "house": 0.0577544905245,
            "techno": 0.0180597174913,
            "trance": 0.506703972816
        },
        "probability": 0.506703972816,
        "value": "trance"
    },
    "genre_rosamerica": {
        "all": {
            "cla": 0.00173209735658,
            "dan": 0.0947211831808,
            "hip": 0.00374241662212,
            "jaz": 0.00204894063063,
            "pop": 0.487804234028,
            "rhy": 0.00545343663543,
            "roc": 0.4031432271,
            "spe": 0.00135445524938
        },
        "probability": 0.487804234028,
        "value": "pop"
    },
    "genre_tzanetakis": {
        "all": {
            "blu": 0.0626541376114,
            "cla": 0.0348133966327,
            "cou": 0.0783501937985,
            "dis": 0.104547761381,
            "hip": 0.15693578124,
            "jaz": 0.313987255096,
            "met": 0.044816005975,
            "pop": 0.0627349764109,
            "reg": 0.0627352520823,
            "roc": 0.0784252434969
        },
        "probability": 0.313987255096,
        "value": "jaz"
    },
    "ismir04_rhythm": {
        "all": {
            "ChaChaCha": 0.0594432726502,
            "Jive": 0.38423448801,
            "Quickstep": 0.0170116852969,
            "Rumba-American": 0.00650270003825,
            "Rumba-International": 0.0228626430035,
            "Rumba-Misc": 0.00754176219925,
            "Samba": 0.450485527515,
            "Tango": 0.003310570959,
            "VienneseWaltz": 0.0457904338837,
            "Waltz": 0.00281692878343
        },
        "probability": 0.450485527515,
        "value": "Samba"
    },
    "mood_acoustic": {
        "all": {
            "acoustic": 0.00975949224085,
            "not_acoustic": 0.990240514278
        },
        "probability": 0.990240514278,
        "value": "not_acoustic"
    },
    "mood_aggressive": {
        "all": {
            "aggressive": 0.939487814903,
            "not_aggressive": 0.0605121776462
        },
        "probability": 0.939487814903,
        "value": "aggressive"
    },
    "mood_electronic": {
        "all": {
            "electronic": 0.85872143507,
            "not_electronic": 0.141278594732
        },
        "probability": 0.85872143507,
        "value": "electronic"
    },
    "mood_happy": {
        "all": {
            "happy": 0.512524366379,
            "not_happy": 0.487475633621
        },
        "probability": 0.512524366379,
        "value": "happy"
    },
    "mood_party": {
        "all": {
            "not_party": 0.375438153744,
            "party": 0.624561846256
        },
        "probability": 0.624561846256,
        "value": "party"
    },
    "mood_relaxed": {
        "all": {
            "not_relaxed": 0.986969351768,
            "relaxed": 0.0130306361243
        },
        "probability": 0.986969351768,
        "value": "not_relaxed"
    },
    "mood_sad": {
        "all": {
            "not_sad": 0.616912186146,
            "sad": 0.383087813854
        },
        "probability": 0.616912186146,
        "value": "not_sad"
    },
    "moods_mirex": {
        "all": {
            "Cluster1": 0.530267298222,
            "Cluster2": 0.0681712552905,
            "Cluster3": 0.0385974310338,
            "Cluster4": 0.024999525398,
            "Cluster5": 0.337964475155
        },
        "probability": 0.530267298222,
        "value": "Cluster1"
    },
    "timbre": {
        "all": {
            "bright": 0.421545773745,
            "dark": 0.578454256058
        },
        "probability": 0.578454256058,
        "value": "dark"
    },
    "tonal_atonal": {
        "all": {
            "atonal": 0.000138696239446,
            "tonal": 0.999861299992
        },
        "probability": 0.999861299992,
        "value": "tonal"
    },
    "voice_instrumental": {
        "all": {
            "instrumental": 0.0289441049099,
            "voice": 0.971055865288
        },
        "probability": 0.971055865288,
        "value": "voice"
    }
},
"lowlevel": {
    "average_loudness": 0.979820787907,
    "barkbands_crest": {
        "dmean": 3.43940544128,
        "dmean2": 5.53197669983,
        "dvar": 14.143910408,
        "dvar2": 30.848197937,
        "max": 24.0410175323,
        "mean": 9.09967327118,
        "median": 7.01783418655,
        "min": 2.79169559479,
        "var": 27.8822383881
    },
    "barkbands_flatness_db": {
        "dmean": 0.0221070777625,
        "dmean2": 0.0361849293113,
        "dvar": 0.000561566499528,
        "dvar2": 0.00130679376889,
        "max": 0.251926004887,
        "mean": 0.107568338513,
        "median": 0.0978864133358,
        "min": 0.0510790124536,
        "var": 0.00111349369399
    },
    "barkbands_kurtosis": {
        "dmean": 2.68531632423,
        "dmean2": 4.4429397583,
        "dvar": 22.4345550537,
        "dvar2": 55.1603546143,
        "max": 56.1785888672,
        "mean": 2.14960503578,
        "median": 0.427435874939,
        "min": -1.38147163391,
        "var": 24.1262187958
    },
    "barkbands_skewness": {
        "dmean": 0.610044181347,
        "dmean2": 0.961787998676,
        "dvar": 0.522813618183,
        "dvar2": 1.1926356554,
        "max": 7.137778759,
        "mean": 1.38537168503,
        "median": 1.12810814381,
        "min": -0.611743569374,
        "var": 0.927384018898
    },
    "barkbands_spread": {
        "dmean": 7.11272954941,
        "dmean2": 11.1713066101,
        "dvar": 46.7624092102,
        "dvar2": 109.904083252,
        "max": 60.6611442566,
        "mean": 32.7050285339,
        "median": 32.7451934814,
        "min": 4.51536035538,
        "var": 122.345718384
    },
    "dissonance": {
        "dmean": 0.0129700312391,
        "dmean2": 0.0216623656452,
        "dvar": 0.000146680336911,
        "dvar2": 0.000412671681261,
        "max": 0.499321460724,
        "mean": 0.474193632603,
        "median": 0.477290570736,
        "min": 0.367657542229,
        "var": 0.000256515719229
    },
    "dynamic_complexity": 1.21539521217,
    "erbbands_crest": {
        "dmean": 1.82805788517,
        "dmean2": 2.97318315506,
        "dvar": 3.55675315857,
        "dvar2": 8.62481307983,
        "max": 24.3127288818,
        "mean": 6.23208332062,
        "median": 5.35983562469,
        "min": 2.38524222374,
        "var": 8.92040157318
    },
    "erbbands_flatness_db": {
        "dmean": 0.0112681444734,
        "dmean2": 0.0169501435012,
        "dvar": 0.000116973445984,
        "dvar2": 0.000263367634034,
        "max": 0.211014270782,
        "mean": 0.109995171428,
        "median": 0.102810144424,
        "min": 0.0592381767929,
        "var": 0.000649379682727
    },
    "erbbands_kurtosis": {
        "dmean": 0.413047403097,
        "dmean2": 0.651889443398,
        "dvar": 0.239051371813,
        "dvar2": 0.565059900284,
        "max": 7.7987537384,
        "mean": -0.417200088501,
        "median": -0.583232879639,
        "min": -1.49290847778,
        "var": 0.604314208031
    },
    "erbbands_skewness": {
        "dmean": 0.241685375571,
        "dmean2": 0.379533648491,
        "dvar": 0.0484053678811,
        "dvar2": 0.115417197347,
        "max": 2.19313263893,
        "mean": 0.0926501825452,
        "median": 0.043044205755,
        "min": -0.93085026741,
        "var": 0.140878483653
    },
    "erbbands_spread": {
        "dmean": 8.23412513733,
        "dmean2": 12.8205184937,
        "dvar": 58.9099159241,
        "dvar2": 142.413223267,
        "max": 94.5706176758,
        "mean": 47.6694030762,
        "median": 47.2818450928,
        "min": 11.3953113556,
        "var": 167.181762695
    },
    "hfc": {
        "dmean": 8.74619865417,
        "dmean2": 13.0567302704,
        "dvar": 84.1053695679,
        "dvar2": 191.924530029,
        "max": 100.71383667,
        "mean": 37.9545288086,
        "median": 38.0689315796,
        "min": 1.92186665535,
        "var": 267.087890625
    },
    "melbands_crest": {
        "dmean": 4.08271312714,
        "dmean2": 6.49768209457,
        "dvar": 15.6221008301,
        "dvar2": 38.9469680786,
        "max": 30.4949016571,
        "mean": 13.7487134933,
        "median": 12.3566246033,
        "min": 3.57994318008,
        "var": 37.2538414001
    },
    "melbands_flatness_db": {
        "dmean": 0.0294875856489,
        "dmean2": 0.0463971830904,
        "dvar": 0.00107476417907,
        "dvar2": 0.00229694857262,
        "max": 0.338892042637,
        "mean": 0.149344220757,
        "median": 0.135658204556,
        "min": 0.0647978037596,
        "var": 0.00249897316098
    },
    "melbands_kurtosis": {
        "dmean": 10.0515365601,
        "dmean2": 16.340051651,
        "dvar": 333.063018799,
        "dvar2": 801.565307617,
        "max": 176.463607788,
        "mean": 12.9192237854,
        "median": 6.5853805542,
        "min": -0.832509040833,
        "var": 353.579101562
    },
    "melbands_skewness": {
        "dmean": 0.97842925787,
        "dmean2": 1.5309407711,
        "dvar": 1.62811183929,
        "dvar2": 3.60818552971,
        "max": 11.3027353287,
        "mean": 2.79579210281,
        "median": 2.35514473915,
        "min": 0.0348218046129,
        "var": 2.70020008087
    },
    "melbands_spread": {
        "dmean": 8.75613498688,
        "dmean2": 13.710521698,
        "dvar": 65.8605804443,
        "dvar2": 142.982009888,
        "max": 77.4841079712,
        "mean": 29.5930099487,
        "median": 29.9538478851,
        "min": 2.21299147606,
        "var": 177.417251587
    },
    "pitch_salience": {
        "dmean": 0.0929127559066,
        "dmean2": 0.147799104452,
        "dvar": 0.00795924291015,
        "dvar2": 0.0185691360384,
        "max": 0.840943932533,
        "mean": 0.528488576412,
        "median": 0.552148282528,
        "min": 0.137231007218,
        "var": 0.0195145700127
    },
    "silence_rate_20dB": {
        "dmean": 0,
        "dmean2": 0,
        "dvar": 0,
        "dvar2": 0,
        "max": 1,
        "mean": 1,
        "median": 1,
        "min": 1,
        "var": 0
    },
    "silence_rate_30dB": {
        "dmean": 0.106811143458,
        "dmean2": 0.213787764311,
        "dvar": 0.095401391387,
        "dvar2": 0.237796068192,
        "max": 1,
        "mean": 0.928074240685,
        "median": 1,
        "min": 0,
        "var": 0.0667519569397
    },
    "silence_rate_60dB": {
        "dmean": 0.00154798757285,
        "dmean2": 0.00309837330133,
        "dvar": 0.00154558185022,
        "dvar2": 0.00308872386813,
        "max": 1,
        "mean": 0.00154679035768,
        "median": 0,
        "min": 0,
        "var": 0.00154439127073
    },
    "spectral_centroid": {
        "dmean": 265.554748535,
        "dmean2": 414.217407227,
        "dvar": 53834.5898438,
        "dvar2": 133867.984375,
        "max": 3141.48754883,
        "mean": 1815.10461426,
        "median": 1835.36584473,
        "min": 599.303039551,
        "var": 162883.53125
    },
    "spectral_complexity": {
        "dmean": 4.67647075653,
        "dmean2": 7.1479473114,
        "dvar": 16.0299816132,
        "dvar2": 35.2259559631,
        "max": 55,
        "mean": 29.2598609924,
        "median": 29,
        "min": 5,
        "var": 60.281993866
    },
    "spectral_decrease": {
        "dmean": 5.51841239371e-09,
        "dmean2": 8.69302585471e-09,
        "dvar": 5.50867182415e-17,
        "dvar2": 1.22652858922e-16,
        "max": -4.61996385592e-10,
        "mean": -1.14980904797e-08,
        "median": -8.40378167055e-09,
        "min": -5.33563664362e-08,
        "var": 7.43005257582e-17
    },
    "spectral_energy": {
        "dmean": 0.0213547032326,
        "dmean2": 0.0334933921695,
        "dvar": 0.000793341780081,
        "dvar2": 0.00176555477083,
        "max": 0.205695226789,
        "mean": 0.0468390733004,
        "median": 0.0356366820633,
        "min": 0.00199960265309,
        "var": 0.00108996068593
    },
    "spectral_energyband_high": {
        "dmean": 0.000726418744307,
        "dmean2": 0.00108476332389,
        "dvar": 5.73262411763e-07,
        "dvar2": 1.21703453715e-06,
        "max": 0.0091362092644,
        "mean": 0.00247313501313,
        "median": 0.00229729292914,
        "min": 6.04632550676e-05,
        "var": 2.15056115849e-06
    },
    "spectral_energyband_low": {
        "dmean": 0.0173574984074,
        "dmean2": 0.0276368465275,
        "dvar": 0.000903036270756,
        "dvar2": 0.00203516008332,
        "max": 0.189675971866,
        "mean": 0.0235261563212,
        "median": 0.0100651867688,
        "min": 3.71956872414e-07,
        "var": 0.00108573620673
    },
    "spectral_energyband_middle_high": {
        "dmean": 0.00228141294792,
        "dmean2": 0.00350336544216,
        "dvar": 5.55559199711e-06,
        "dvar2": 1.19308442663e-05,
        "max": 0.0321193747222,
        "mean": 0.0082255685702,
        "median": 0.00740575650707,
        "min": 0.000507142452989,
        "var": 2.04776224564e-05
    },
    "spectral_energyband_middle_low": {
        "dmean": 0.00617923308164,
        "dmean2": 0.0102927675471,
        "dvar": 6.9174420787e-05,
        "dvar2": 0.000189739250345,
        "max": 0.0646287202835,
        "mean": 0.0136753665283,
        "median": 0.0113600594923,
        "min": 0.000699791649822,
        "var": 8.45374597702e-05
    },
    "spectral_entropy": {
        "dmean": 0.0956648811698,
        "dmean2": 0.143058776855,
        "dvar": 0.00752665661275,
        "dvar2": 0.0159131139517,
        "max": 8.32416820526,
        "mean": 7.87844800949,
        "median": 7.90264749527,
        "min": 7.13852596283,
        "var": 0.0312363673002
    },
    "spectral_flux": {
        "dmean": 0.0464113205671,
        "dmean2": 0.0734022110701,
        "dvar": 0.0025483511854,
        "dvar2": 0.00563978170976,
        "max": 0.369839936495,
        "mean": 0.121861763299,
        "median": 0.10070309788,
        "min": 0.0290686730295,
        "var": 0.00423595495522
    },
    "spectral_kurtosis": {
        "dmean": 0.610537290573,
        "dmean2": 1.01160418987,
        "dvar": 0.405544221401,
        "dvar2": 1.01657652855,
        "max": 13.8794193268,
        "mean": 2.59565401077,
        "median": 2.47025775909,
        "min": 0.582453727722,
        "var": 0.791169762611
    },
    "spectral_rms": {
        "dmean": 0.00138301984407,
        "dmean2": 0.00214302865788,
        "dvar": 2.49912136496e-06,
        "dvar2": 5.32042849954e-06,
        "max": 0.0141660962254,
        "mean": 0.0064296531491,
        "median": 0.00589639693499,
        "min": 0.00139672181103,
        "var": 4.35619631389e-06
    },
    "spectral_rolloff": {
        "dmean": 676.380432129,
        "dmean2": 1098.51062012,
        "dvar": 485514.75,
        "dvar2": 1056572.625,
        "max": 5684.765625,
        "mean": 1829.25585938,
        "median": 1701.12304688,
        "min": 64.599609375,
        "var": 1280027.5
    },
    "spectral_skewness": {
        "dmean": 0.117007538676,
        "dmean2": 0.185162872076,
        "dvar": 0.0125181870535,
        "dvar2": 0.0285258032382,
        "max": 3.17713832855,
        "mean": 1.25386095047,
        "median": 1.23432683945,
        "min": 0.668272793293,
        "var": 0.0357029959559
    },
    "spectral_spread": {
        "dmean": 408334.84375,
        "dmean2": 626900.375,
        "dvar": 164963074048,
        "dvar2": 380615426048,
        "max": 8344114.5,
        "mean": 5320938.5,
        "median": 5365350,
        "min": 3219442.25,
        "var": 501615755264
    },
    "spectral_strongpeak": {
        "dmean": 0.428890556097,
        "dmean2": 0.718874037266,
        "dvar": 0.534885346889,
        "dvar2": 1.3328346014,
        "max": 6.89235115051,
        "mean": 0.708557844162,
        "median": 0.435999274254,
        "min": 0.0655800253153,
        "var": 0.675882935524
    },
    "zerocrossingrate": {
        "dmean": 0.0120331849903,
        "dmean2": 0.0142592499033,
        "dvar": 8.86486159288e-05,
        "dvar2": 0.000139066309202,
        "max": 0.16162109375,
        "mean": 0.0774520561099,
        "median": 0.07666015625,
        "min": 0.01416015625,
        "var": 0.000618816411588
    },
    "barkbands": {
        "dmean": [0.000543638539966, 0.0149842211977, 0.00378929940052, 0.00152596097905, 0.00246387440711, 0.00152867578436, 0.00110832543578, 0.00138897355646, 0.000817539636046, 0.00073522987077, 0.000241261834162, 0.000713806017302, 0.000526808842551, 0.000672791036777, 0.000430012762081, 0.000405782600865, 0.000225734213018, 0.000294730940368, 0.000244470953476, 0.000254230253631, 0.000311423966195, 0.000159133036504, 0.000148429491674, 0.000108388005174, 0.000113815833174, 5.51343764528e-05, 2.81145418057e-08],
        "dmean2": [0.00097251572879, 0.0248386822641, 0.00708954455331, 0.00272222189233, 0.00414181919768, 0.00250091892667, 0.00173024239484, 0.00219104462303, 0.00124718237203, 0.00113961216994, 0.000375199364498, 0.00111240812112, 0.000846216978971, 0.0010706622852, 0.00068453210406, 0.000658948323689, 0.000380599842174, 0.000485113996547, 0.000394793751184, 0.000418807961978, 0.00049636507174, 0.0002520782582, 0.000231139914831, 0.0001687570184, 0.000179019960342, 8.84830806172e-05, 4.99181247449e-08],
        "dvar": [8.72377427186e-07, 0.000767399498727, 7.96239401097e-05, 6.02512409387e-06, 2.00527647394e-05, 6.46395892545e-06, 3.4295178466e-06, 9.047178537e-06, 2.14394640352e-06, 1.08980066216e-06, 3.63458241281e-07, 1.00795136859e-06, 9.8166594853e-07, 1.54470035341e-06, 3.28664981453e-07, 2.59908915723e-07, 5.91161928298e-08, 1.01504696204e-07, 8.48526653385e-08, 6.61069066155e-08, 1.08879838479e-07, 3.82649574249e-08, 3.08090584156e-08, 1.45967193887e-08, 2.84790306893e-08, 4.11251521726e-09, 9.2033441618e-15],
        "dvar2": [2.51604433288e-06, 0.00178894435521, 0.000228915858315, 1.71353603946e-05, 5.51114208065e-05, 1.82323110494e-05, 7.51532297727e-06, 2.4259699785e-05, 4.71981502415e-06, 2.78766356132e-06, 8.9034068651e-07, 2.16911985262e-06, 2.25805638365e-06, 3.96107770939e-06, 7.61803278237e-07, 6.66025925966e-07, 1.56524606609e-07, 2.53921314197e-07, 2.16171756051e-07, 1.66282816849e-07, 2.76316626469e-07, 9.24276832848e-08, 6.65434640723e-08, 3.81147700068e-08, 7.49380362208e-08, 1.0272814599e-08, 2.42202413588e-14],
        "max": [0.00561381317675, 0.182865276933, 0.0663323104382, 0.0234383866191, 0.0421290360391, 0.0223457366228, 0.0423121713102, 0.0376176536083, 0.0206281300634, 0.0152892433107, 0.0149032585323, 0.0132153164595, 0.0161699596792, 0.01886084117, 0.00749853579327, 0.00611749663949, 0.00258124410175, 0.00369392707944, 0.00463269092143, 0.00248468015343, 0.00400996021926, 0.00270359637216, 0.00295565649867, 0.00175962678622, 0.00269571295939, 0.000709563435521, 1.52465429437e-06],
        "mean": [0.000520873581991, 0.0182319022715, 0.00383421918377, 0.00196323287673, 0.00358700449578, 0.00243337079883, 0.00198901048861, 0.00211825571023, 0.00138152739964, 0.00133892754093, 0.000378461612854, 0.00119151407853, 0.00093823770294, 0.00109902059194, 0.000786400283687, 0.000758070789743, 0.000420300668338, 0.000607761961874, 0.000485355820274, 0.000564032350667, 0.000791209400631, 0.000358173943823, 0.000367086642655, 0.000290505355224, 0.000270354648819, 0.000134224959766, 1.88788149558e-08],
        "median": [5.63268476981e-05, 0.00635216571391, 0.00188337825239, 0.00136914371978, 0.00235752528533, 0.00161318527535, 0.00115789659321, 0.000892753945664, 0.00077929534018, 0.000914755859412, 0.000129810359795, 0.000715913367458, 0.000580079096835, 0.000644393556286, 0.000467701116577, 0.000526207324583, 0.000324655760778, 0.000490847101901, 0.000390580127714, 0.000516001542564, 0.000693299807608, 0.000291791395284, 0.000288926356006, 0.000247014046181, 0.000207494449569, 0.000105933242594, 1.20658949498e-09],
        "min": [1.57692987557e-08, 7.55034577082e-08, 9.94937465748e-08, 3.16407124501e-07, 8.61387161422e-05, 1.00513325378e-05, 9.57724523687e-07, 2.2229780825e-06, 2.84396037387e-06, 1.9831910322e-05, 2.12357349483e-06, 7.487217772e-06, 1.97071585717e-05, 1.5954447008e-05, 1.03703505374e-05, 3.09497227136e-05, 1.00206261777e-05, 2.25152143685e-05, 2.64667887677e-05, 2.08794390346e-05, 1.13937921924e-05, 6.6264015004e-06, 8.58981275087e-06, 3.83197402698e-06, 5.8225975863e-07, 2.0739190365e-09, 1.25347163205e-11],
        "var": [9.05769070414e-07, 0.000844136753585, 4.9365524319e-05, 5.03184219269e-06, 1.75927016244e-05, 7.08338757249e-06, 9.87076055026e-06, 1.57669019245e-05, 3.69145732293e-06, 2.08487426789e-06, 5.76012439524e-07, 2.09351014746e-06, 1.6234226905e-06, 2.32361298913e-06, 8.37879440496e-07, 4.65124600169e-07, 1.10752601756e-07, 2.19338531338e-07, 1.33353680098e-07, 1.28647656084e-07, 2.94807108503e-07, 7.57940767926e-08, 9.98217473125e-08, 4.70233203487e-08, 5.1500073539e-08, 1.19855601e-08, 6.55610955065e-15]
    },
    "erbbands": {
        "dmean": [0.513790011406, 3.24154233932, 4.72606658936, 4.62444543839, 4.01247787476, 10.656039238, 13.7660274506, 13.4899158478, 14.9350614548, 18.5754318237, 30.1988048553, 15.2347259521, 20.4798221588, 18.0756721497, 17.7593135834, 21.6119651794, 22.5325584412, 31.97564888, 27.8572101593, 18.0752601624, 23.7552947998, 11.7620267868, 15.2494573593, 12.132191658, 12.6522417068, 12.3237867355, 14.3145980835, 10.066696167, 5.71203279495, 5.11796283722, 3.84191322327, 2.98198652267, 1.5926861763, 1.61947011948, 0.650366842747, 0.278524070978, 0.104070469737, 0.0155583387241, 0.000256573461229, 2.97607493849e-05],
        "dmean2": [0.896731138229, 5.20541810989, 8.6231212616, 8.50745201111, 6.73152160645, 17.9396781921, 23.4904651642, 21.933467865, 24.2961902618, 28.1579055786, 48.321105957, 23.1787014008, 31.2810325623, 27.6659202576, 27.6137237549, 34.1585693359, 34.9599113464, 49.4378051758, 43.6361503601, 29.8211479187, 38.729309082, 19.8133525848, 25.219783783, 19.5964546204, 20.7615222931, 20.1747188568, 23.0724124908, 16.2389221191, 8.94989681244, 7.86572694778, 5.93434619904, 4.6918182373, 2.49948525429, 2.55579900742, 1.03350532055, 0.448063015938, 0.167400360107, 0.0260932240635, 0.000424043275416, 4.58562099084e-05],
        "dvar": [0.87493956089, 37.2214775085, 116.527694702, 72.5092010498, 26.4828872681, 421.785736084, 768.808898926, 506.896820068, 508.16015625, 1686.96105957, 5389.86083984, 830.245849609, 651.443115234, 733.175415039, 648.794555664, 1143.16894531, 1886.05822754, 4023.71972656, 1656.91235352, 767.198120117, 819.043457031, 152.035446167, 289.319213867, 209.696624756, 238.766647339, 155.341644287, 239.306289673, 117.191902161, 44.1568756104, 44.2010765076, 20.0016498566, 11.4152164459, 3.08900260925, 6.43323612213, 0.620739996433, 0.0938443914056, 0.0161751639098, 0.000673872767948, 1.65764532767e-07, 1.32111255269e-09],
        "dvar2": [2.25544834137, 87.8757171631, 330.105285645, 206.5234375, 74.7088165283, 1138.54187012, 2171.69580078, 1404.72631836, 1376.15063477, 3580.49804688, 14631.8496094, 1868.2479248, 1431.87329102, 1907.33483887, 1484.9173584, 2622.125, 4386.48388672, 10281.3203125, 3840.74707031, 2076.04785156, 2117.10888672, 398.444946289, 711.376953125, 505.517272949, 633.471252441, 400.934173584, 628.440429688, 304.816162109, 103.307426453, 91.8884963989, 43.6052246094, 29.6203079224, 7.53719997406, 17.1349239349, 1.60221362114, 0.230894818902, 0.0401222631335, 0.00186361069791, 4.50734518154e-07, 2.96445001879e-09],
        "max": [5.242146492, 40.6372718811, 82.8095932007, 56.6186447144, 48.9177703857, 157.053604126, 255.748733521, 197.221206665, 314.215148926, 940.420959473, 1048.7286377, 389.629638672, 394.623565674, 427.779083252, 410.311462402, 556.140869141, 834.981018066, 1078.23059082, 739.002929688, 388.763153076, 300.741241455, 140.055526733, 199.974884033, 197.656463623, 243.515304565, 128.003662109, 166.823684692, 150.626937866, 62.4919815063, 148.26524353, 67.188117981, 55.6931152344, 24.4636878967, 43.3892402649, 10.856965065, 3.81158828735, 1.22709882259, 0.340011715889, 0.00527005828917, 0.000290792871965],
        "mean": [0.499107509851, 4.10896968842, 5.70486736298, 5.24953556061, 7.07007169724, 13.387714386, 18.7234230042, 21.8574123383, 27.2481021881, 32.8644485474, 48.0673866272, 27.8731269836, 39.1806640625, 35.1250495911, 32.0369300842, 39.286567688, 42.9101638794, 56.9298553467, 49.8747749329, 34.3935775757, 45.2971496582, 24.7693252563, 33.3175773621, 26.4144210815, 26.721780777, 28.4771213531, 33.3009262085, 24.4985275269, 13.323302269, 11.4248657227, 9.62120246887, 7.59578227997, 4.17030239105, 3.38097763062, 1.57970333099, 0.682735621929, 0.242823004723, 0.0247914586216, 0.000476209213957, 7.96620224719e-05],
        "median": [0.0696710497141, 1.68458139896, 3.23224616051, 3.16005563736, 5.53703022003, 6.88271999359, 11.198720932, 13.3549537659, 17.779882431, 16.2881240845, 19.6285133362, 16.6078567505, 27.1823139191, 24.9974040985, 22.215927124, 23.7908935547, 27.8144454956, 29.2055454254, 31.532831192, 23.6139793396, 30.9689979553, 21.2955875397, 27.0934944153, 20.4705314636, 22.4511127472, 25.5863609314, 28.2146282196, 21.8825855255, 11.1273832321, 8.73659610748, 7.67956447601, 6.34115028381, 3.5560631752, 2.61348247528, 1.29572486877, 0.543533146381, 0.181797087193, 0.0155974272639, 0.00032415377791, 6.84816623107e-05],
        "min": [2.20833021558e-06, 2.91666601697e-05, 0.00022055003501, 0.00391094712541, 0.118038021028, 0.205226495862, 0.279667884111, 0.0699839964509, 0.100949287415, 0.616272926331, 0.681573748589, 0.483313828707, 0.554719209671, 0.760800421238, 0.774331748486, 0.554378986359, 0.960422277451, 0.909262180328, 1.33321857452, 1.1343203783, 1.57561337948, 0.771864295006, 1.15048742294, 1.2941480875, 1.48477363586, 0.968841016293, 0.814890623093, 0.673061728477, 0.31014418602, 0.169510424137, 0.290278881788, 0.123323984444, 0.0775124877691, 0.00852483976632, 0.00136995583307, 0.000276593840681, 4.53957327409e-05, 5.94549510424e-06, 2.55212444245e-06, 2.91164610644e-06],
        "var": [0.891442120075, 39.613193512, 78.4867324829, 47.7397117615, 33.2471656799, 371.855773926, 638.736755371, 617.326782227, 1107.90429688, 4310.16992188, 8131.48974609, 1429.28369141, 1571.5435791, 1435.56591797, 1148.90771484, 2542.81420898, 3108.08764648, 6597.08837891, 3525.97412109, 1334.39709473, 1756.96813965, 276.392822266, 613.765075684, 449.747772217, 341.106689453, 328.05291748, 528.886108398, 273.275817871, 93.8542709351, 114.144828796, 63.2226524353, 35.7147750854, 10.4960756302, 9.04689788818, 1.57259726524, 0.321882337332, 0.0454233959317, 0.000870333402418, 2.40000161966e-07, 2.17329465535e-09]
    },
    "gfcc": {
        "mean": [77.6896133423, 64.9661254883, -111.299072266, 39.8951263428, -60.8301811218, 23.2474327087, -38.3477783203, 15.5525665283, -27.3741836548, 13.5235099792, -19.0124912262, 3.49841570854, -11.6465272903],
        "cov": [[917.703857422, -168.64654541, 216.907196045, 58.402053833, 63.2535972595, 72.7498092651, 30.2963638306, 44.5819854736, 6.863073349, 57.314125061, -22.1848506927, 76.7507019043, -50.2790565491], [-168.64654541, 453.147827148, 36.9856491089, 80.8432388306, 59.8895492554, 14.3005743027, 79.3797607422, 32.7075004578, 94.9610366821, 14.5635948181, 80.4004440308, -51.5351486206, 31.9310092926], [216.907196045, 36.9856491089, 330.718811035, 123.124664307, 112.433822632, 50.1604347229, 33.9089813232, 54.7990760803, 51.5115356445, 51.4389343262, 14.5064411163, 57.5768928528, -3.0751619339], [58.402053833, 80.8432388306, 123.124664307, 161.285354614, 68.8235397339, 19.8746604919, 23.8870735168, 24.9578056335, 57.1430206299, 5.90133428574, 17.126241684, 7.70447349548, 26.706401825], [63.2535972595, 59.8895492554, 112.433822632, 68.8235397339, 147.807861328, 84.5124206543, 72.5466308594, 41.8466682434, 47.2982139587, 40.4054679871, 23.1088256836, 16.9383335114, 10.0138168335], [72.7498092651, 14.3005743027, 50.1604347229, 19.8746604919, 84.5124206543, 129.538574219, 88.1455917358, 42.2061004639, 28.2017555237, 27.3563537598, 29.25481987, 1.69191133976, -8.79353523254], [30.2963638306, 79.3797607422, 33.9089813232, 23.8870735168, 72.5466308594, 88.1455917358, 126.41242981, 53.7190513611, 44.9100761414, 24.9871997833, 36.7907752991, -2.107016325, 0.962948799133], [44.5819854736, 32.7075004578, 54.7990760803, 24.9578056335, 41.8466682434, 42.2061004639, 53.7190513611, 82.9825210571, 62.215637207, 29.5356197357, 15.968252182, -6.41631126404, -5.31370353699], [6.863073349, 94.9610366821, 51.5115356445, 57.1430206299, 47.2982139587, 28.2017555237, 44.9100761414, 62.215637207, 106.528610229, 37.5765113831, 27.0395946503, -16.8290462494, 5.83555698395], [57.314125061, 14.5635948181, 51.4389343262, 5.90133428574, 40.4054679871, 27.3563537598, 24.9871997833, 29.5356197357, 37.5765113831, 62.091003418, 20.7550907135, 8.68946552277, -7.06416893005], [-22.1848506927, 80.4004440308, 14.5064411163, 17.126241684, 23.1088256836, 29.25481987, 36.7907752991, 15.968252182, 27.0395946503, 20.7550907135, 61.4949493408, 4.51566886902, 2.84134101868], [76.7507019043, -51.5351486206, 57.5768928528, 7.70447349548, 16.9383335114, 1.69191133976, -2.107016325, -6.41631126404, -16.8290462494, 8.68946552277, 4.51566886902, 69.9691390991, 23.461183548], [-50.2790565491, 31.9310092926, -3.0751619339, 26.706401825, 10.0138168335, -8.79353523254, 0.962948799133, -5.31370353699, 5.83555698395, -7.06416893005, 2.84134101868, 23.461183548, 61.128616333]],
        "icov": [[0.00170661031734, 0.000184835982509, -0.000340858852724, -0.00101039290894, 0.000781614740845, -0.000884418666828, -0.000276319100522, -0.000253825826803, 0.000181500785402, -0.00119988713413, 0.00148113782052, -0.00213486421853, 0.00205298932269], [0.000184835982509, 0.00537411449477, -0.00195222720504, 0.000869822222739, -0.00156275962945, 0.0035195350647, -0.00318314717151, 0.00256977276877, -0.00253238040023, 0.00196040980518, -0.00644292030483, 0.00655147526413, -0.00384426349774], [-0.000340858852724, -0.00195222720504, 0.00842356309295, -0.00553918676451, -0.00200081593357, -0.00104196520988, 0.00256858277135, -0.00418494595215, 0.00181566958781, -0.00335294846445, 0.00346950325184, -0.00853525102139, 0.00591055722907], [-0.00101039290894, 0.000869822222739, -0.00553918676451, 0.0151832709089, -0.00461352337152, 0.00215221801773, 0.000306530419039, 0.00389578659087, -0.00761256925762, 0.00843135174364, -0.00450849393383, 0.00587428407744, -0.00714220805094], [0.000781614740845, -0.00156275962945, -0.00200081593357, -0.00461352337152, 0.0184341464192, -0.00895946938545, -0.00288510276005, 0.00108343933243, 0.000250018696534, -0.00726200267673, 0.00547256181017, -0.00325647019781, -0.000662487873342], [-0.000884418666828, 0.0035195350647, -0.00104196520988, 0.00215221801773, -0.00895946938545, 0.0220728628337, -0.0107398526743, -0.000595403835177, 0.00154952530283, 0.0019917069003, -0.00760934595019, 0.00632076198235, -0.000788199598901], [-0.000276319100522, -0.00318314717151, 0.00256858277135, 0.000306530419039, -0.00288510276005, -0.0107398526743, 0.0219864808023, -0.00859857629985, 0.000679670076352, 0.00152419332881, -0.00194881029893, -0.00353291723877, 0.000822406320367], [-0.000253825826803, 0.00256977276877, -0.00418494595215, 0.00389578659087, 0.00108343933243, -0.000595403835177, -0.00859857629985, 0.0304053686559, -0.0164586864412, 0.000509042060003, 0.000406141101848, 0.00366921396926, -0.000745410041418], [0.000181500785402, -0.00253238040023, 0.00181566958781, -0.00761256925762, 0.000250018696534, 0.00154952530283, 0.000679670076352, -0.0164586864412, 0.028963688761, -0.0118424361572, -0.000890545081347, 0.00498399697244, -0.00237516057678], [-0.00119988713413, 0.00196040980518, -0.00335294846445, 0.00843135174364, -0.00726200267673, 0.0019917069003, 0.00152419332881, 0.000509042060003, -0.0118424361572, 0.0322060622275, -0.00951157789677, -0.000174411849002, 0.000994567177258], [0.00148113782052, -0.00644292030483, 0.00346950325184, -0.00450849393383, 0.00547256181017, -0.00760934595019, -0.00194881029893, 0.000406141101848, -0.000890545081347, -0.00951157789677, 0.0325306989253, -0.0135276969522, 0.00746859610081], [-0.00213486421853, 0.00655147526413, -0.00853525102139, 0.00587428407744, -0.00325647019781, 0.00632076198235, -0.00353291723877, 0.00366921396926, 0.00498399697244, -0.000174411849002, -0.0135276969522, 0.0377385094762, -0.0207078382373], [0.00205298932269, -0.00384426349774, 0.00591055722907, -0.00714220805094, -0.000662487873342, -0.000788199598901, 0.000822406320367, -0.000745410041418, -0.00237516057678, 0.000994567177258, 0.00746859610081, -0.0207078382373, 0.0313329212368]]
    },
    "melbands": {
        "dmean": [0.00437596719712, 0.00293945986778, 0.000788577541243, 0.000447152939159, 0.000512921193149, 0.000289485265967, 0.000229673911235, 0.000223136346904, 0.000230357443797, 0.000100003089756, 0.00010851117986, 8.37605839479e-05, 4.69359802082e-05, 8.82136446307e-05, 4.55898843938e-05, 5.75917729293e-05, 6.12181902397e-05, 5.17143926118e-05, 2.48132855631e-05, 2.55567974818e-05, 2.82738546957e-05, 1.26423319671e-05, 1.54452263814e-05, 1.56112764671e-05, 1.03454358396e-05, 9.5188497653e-06, 1.00493543869e-05, 8.5223100541e-06, 1.12734596769e-05, 6.83536563884e-06, 6.6008237809e-06, 3.55710017175e-06, 3.19346122524e-06, 3.32805029757e-06, 2.37963672589e-06, 2.34811659539e-06, 1.90574803582e-06, 1.30766784423e-06, 1.35576306093e-06, 1.49038282871e-06],
        "dmean2": [0.00738738290966, 0.00487965298817, 0.00143135152757, 0.000742781325243, 0.000878436374478, 0.000470015773317, 0.000369942194084, 0.000342201412423, 0.000368456501747, 0.000150729130837, 0.000165737161296, 0.000128320622025, 7.27843362256e-05, 0.000138452960528, 7.02702309354e-05, 9.1816407803e-05, 9.55638606683e-05, 8.19855122245e-05, 4.01909637731e-05, 4.12517656514e-05, 4.59594848508e-05, 2.15760264837e-05, 2.54254009633e-05, 2.59930875472e-05, 1.67801681528e-05, 1.56118458108e-05, 1.66585814441e-05, 1.3989370018e-05, 1.84044656635e-05, 1.09205266199e-05, 1.07898176793e-05, 5.64316087548e-06, 5.15186184202e-06, 5.23219023307e-06, 3.75628769689e-06, 3.70348834622e-06, 3.06423999064e-06, 2.12127247323e-06, 2.1587950414e-06, 2.41169118453e-06],
        "dvar": [6.4858031692e-05, 3.49525580532e-05, 1.90025582469e-06, 5.20563617101e-07, 1.07322694021e-06, 2.2684672274e-07, 1.13666089874e-07, 2.13721591535e-07, 3.29556570478e-07, 2.8558483578e-08, 1.84430390959e-08, 1.56076502833e-08, 7.75403119491e-09, 1.46864573836e-08, 1.13318003869e-08, 1.19910570362e-08, 1.5569462164e-08, 6.53578435816e-09, 1.33346444997e-09, 1.28117505493e-09, 1.15141018942e-09, 2.28615806841e-10, 3.29835242452e-10, 3.18950144074e-10, 1.88087129205e-10, 1.61482105465e-10, 1.28466987048e-10, 8.53127984923e-11, 1.72036315749e-10, 5.45386097395e-11, 4.85656966032e-11, 1.78318627225e-11, 1.66421113001e-11, 1.76877384267e-11, 7.62885674771e-12, 8.23518510329e-12, 4.58924521649e-12, 2.46812553034e-12, 3.6444506267e-12, 4.97928608068e-12],
        "dvar2": [0.000155564179295, 9.12244286155e-05, 5.44028853255e-06, 1.40056624787e-06, 3.0175581287e-06, 6.36646802832e-07, 2.91335169322e-07, 5.00831106365e-07, 8.95319033134e-07, 6.26544078841e-08, 4.09665865675e-08, 4.08264817509e-08, 1.83280395305e-08, 3.28454632381e-08, 2.4408953081e-08, 2.66557531603e-08, 3.95828756439e-08, 1.57907642517e-08, 3.627146139e-09, 3.29162608281e-09, 2.99190250352e-09, 6.2353550101e-10, 7.61678831118e-10, 8.86059448035e-10, 4.48339115833e-10, 4.27724855534e-10, 3.27151999935e-10, 2.23647211861e-10, 4.56699178475e-10, 1.38756867107e-10, 1.30942673371e-10, 4.30387114836e-11, 4.10089566472e-11, 3.87211582242e-11, 1.69522937354e-11, 1.97025815801e-11, 1.23492709114e-11, 6.57258275583e-12, 9.67150491638e-12, 1.3100349798e-11],
        "max": [0.0517514869571, 0.0414465330541, 0.00996092520654, 0.00562112405896, 0.00964481662959, 0.00423587253317, 0.00454773474485, 0.00840726215392, 0.00852781068534, 0.00208618422039, 0.00202555302531, 0.00205189338885, 0.00204385467805, 0.00112345884554, 0.00300173717551, 0.00164788938127, 0.00220061605796, 0.00157285633031, 0.000552007870283, 0.000468056183308, 0.00036015859223, 0.00018675699539, 0.000302005792037, 0.000184353571967, 0.000198758963961, 0.000256291968981, 0.000112906374852, 9.45944193518e-05, 0.000147073806147, 9.76705850917e-05, 7.92070495663e-05, 4.51878695458e-05, 6.33205781924e-05, 8.32471705507e-05, 3.57457392965e-05, 5.41340341442e-05, 3.12386000587e-05, 2.44567454502e-05, 3.28692840412e-05, 3.45941334672e-05],
        "mean": [0.00490026082844, 0.00395612372085, 0.000992915476672, 0.000677572854329, 0.000679896911606, 0.000471173785627, 0.000423686724389, 0.000383867358323, 0.000363885192201, 0.000174406653969, 0.000203398318263, 0.000155332614668, 8.12079524621e-05, 0.000146830017911, 7.78666799306e-05, 0.000104559141619, 0.000102390338725, 8.34219754324e-05, 4.6624274546e-05, 4.60336814285e-05, 5.15138272021e-05, 2.2256770535e-05, 2.95661593555e-05, 3.03396973322e-05, 2.00459180633e-05, 1.8634564185e-05, 1.99788646569e-05, 1.75709774339e-05, 2.31791564147e-05, 1.53017062985e-05, 1.42755316119e-05, 7.37079881219e-06, 6.35025571682e-06, 6.65589868731e-06, 5.28985583514e-06, 5.55079077458e-06, 4.28650309914e-06, 2.94165033665e-06, 2.71443627753e-06, 2.87556986223e-06],
        "median": [0.00116406776942, 0.00217556161806, 0.000676603929605, 0.000436023197835, 0.000406157574616, 0.000300864339806, 0.000274318066658, 0.000190911872778, 0.000148346196511, 0.000102851772681, 0.000141781696584, 0.000106984429294, 5.19911845913e-05, 9.08841393539e-05, 4.19164389314e-05, 6.0586615291e-05, 5.11391990585e-05, 5.12131191499e-05, 3.0086202969e-05, 3.46637789335e-05, 3.41303020832e-05, 1.6973759557e-05, 2.08233741432e-05, 2.36140749621e-05, 1.39633793879e-05, 1.54950539581e-05, 1.5856767277e-05, 1.43121096698e-05, 1.7748630853e-05, 1.28932833832e-05, 1.18428670248e-05, 5.7658003243e-06, 4.82688983539e-06, 4.84566180603e-06, 4.19393836637e-06, 4.48332957603e-06, 3.49198421645e-06, 2.39947166847e-06, 2.17074330067e-06, 2.18166701416e-06],
        "min": [2.71226241466e-08, 4.7713147211e-08, 1.24376128952e-06, 1.62622709468e-05, 8.78919672687e-06, 1.23141012409e-06, 2.72050783678e-07, 4.51987034467e-06, 3.04166383103e-06, 5.53154563931e-07, 2.5732888389e-06, 1.5660518784e-06, 6.74563352732e-07, 7.66993139223e-07, 1.3696625274e-06, 1.88213016372e-06, 1.45308626998e-06, 1.84803423053e-06, 8.50027731758e-07, 1.94660628949e-06, 1.45355238601e-06, 5.71222074086e-07, 1.07764481072e-06, 1.02298861293e-06, 1.0083658708e-06, 1.0662600971e-06, 9.14283589282e-07, 5.57644796118e-07, 5.15818896929e-07, 2.81447654515e-07, 3.1712968962e-07, 1.80846683406e-07, 5.69653479943e-08, 8.11438027881e-08, 1.03267908003e-07, 9.56265040486e-08, 4.8215763826e-08, 4.07480200693e-08, 1.29848141128e-08, 3.65484781328e-10],
