{
"highlevel": {
    "danceability": {
        "all": {
            "danceable": 0.797639787197,
            "not_danceable": 0.202360212803
        },
        "probability": 0.797639787197,
        "value": "danceable"
    },
    "gender": {
        "all": {
            "female": 0.483102887869,
            "male": 0.516897141933
        },
        "probability": 0.516897141933,
        "value": "male"
    },
    "genre_dortmund": {
        "all": {
            "alternative": 0.125625297427,
            "blues": 0.213973790407,
            "electronic": 0.0205727797002,
            "folkcountry": 0.109055288136,
            "funksoulrnb": 0.0161825176328,
            "jazz": 0.321506023407,
            "pop": 0.0407485440373,
            "raphiphop": 0.00374697544612,
            "rock": 0.148588776588
        },
        "probability": 0.321506023407,
        "value": "jazz"
    },
    "genre_electronic": {
        "all": {
            "ambient": 0.831551492214,
            "dnb": 0.0656775087118,
            "house": 0.0442961417139,
            "techno": 0.00402300897986,
            "trance": 0.0544518567622
        },
        "probability": 0.831551492214,
        "value": "ambient"
    },
    "genre_rosamerica": {
        "all": {
            "cla": 0.026188692078,
            "dan": 0.0167588144541,
            "hip": 0.0307563059032,
            "jaz": 0.102723233402,
            "pop": 0.368654221296,
            "rhy": 0.34370803833,
            "roc": 0.104373365641,
            "spe": 0.00683731539175
        },
        "probability": 0.368654221296,
        "value": "pop"
    },
    "genre_tzanetakis": {
        "all": {
            "blu": 0.0626541376114,
            "cla": 0.0348133966327,
            "cou": 0.0783501937985,
            "dis": 0.104547761381,
            "hip": 0.15693578124,
            "jaz": 0.313987255096,
            "met": 0.044816005975,
            "pop": 0.0627349764109,
            "reg": 0.0627352520823,
            "roc": 0.0784252434969
        },
        "probability": 0.313987255096,
        "value": "jaz"
    },
    "ismir04_rhythm": {
        "all": {
            "ChaChaCha": 0.0686906352639,
            "Jive": 0.0307218898088,
            "Quickstep": 0.0498389005661,
            "Rumba-American": 0.1589499861,
            "Rumba-International": 0.0396699309349,
            "Rumba-Misc": 0.0109325628728,
            "Samba": 0.0409733429551,
            "Tango": 0.471639662981,
            "VienneseWaltz": 0.0923865810037,
            "Waltz": 0.0361965075135
        },
        "probability": 0.471639662981,
        "value": "Tango"
    },
    "mood_acoustic": {
        "all": {
            "acoustic": 0.421177566051,
            "not_acoustic": 0.578822433949
        },
        "probability": 0.578822433949,
        "value": "not_acoustic"
    },
    "mood_aggressive": {
        "all": {
            "aggressive": 0.093300960958,
            "not_aggressive": 0.906699061394
        },
        "probability": 0.906699061394,
        "value": "not_aggressive"
    },
    "mood_electronic": {
        "all": {
            "electronic": 0.0943890884519,
            "not_electronic": 0.905610918999
        },
        "probability": 0.905610918999,
        "value": "not_electronic"
    },
    "mood_happy": {
        "all": {
            "happy": 0.752425253391,
            "not_happy": 0.247574746609
        },
        "probability": 0.752425253391,
        "value": "happy"
    },
    "mood_party": {
        "all": {
            "not_party": 0.611797749996,
            "party": 0.388202220201
        },
        "probability": 0.611797749996,
        "value": "not_party"
    },
    "mood_relaxed": {
        "all": {
            "not_relaxed": 0.80950653553,
            "relaxed": 0.190493449569
        },
        "probability": 0.80950653553,
        "value": "not_relaxed"
    },
    "mood_sad": {
        "all": {
            "not_sad": 0.32697725296,
            "sad": 0.67302274704
        },
        "probability": 0.67302274704,
        "value": "sad"
    },
    "moods_mirex": {
        "all": {
            "Cluster1": 0.22428072989,
            "Cluster2": 0.145964413881,
            "Cluster3": 0.386683195829,
            "Cluster4": 0.142759054899,
            "Cluster5": 0.100312620401
        },
        "probability": 0.386683195829,
        "value": "Cluster3"
    },
    "timbre": {
        "all": {
            "bright": 0.559945821762,
            "dark": 0.44005420804
        },
        "probability": 0.559945821762,
        "value": "bright"
    },
    "tonal_atonal": {
        "all": {
            "atonal": 0.00265120877884,
            "tonal": 0.9973487854
        },
        "probability": 0.9973487854,
        "value": "tonal"
    },
    "voice_instrumental": {
        "all": {
            "instrumental": 0.107597775757,
            "voice": 0.892402231693
        },
        "probability": 0.892402231693,
        "value": "voice"
    }
},
"lowlevel": {
    "average_loudness": 0.94432926178,
    "barkbands_crest": {
        "dmean": 1.9756257534,
        "dmean2": 3.27312421799,
        "dvar": 4.01226615906,
        "dvar2": 10.929895401,
        "max": 23.9773616791,
        "mean": 9.5040473938,
        "median": 8.89074993134,
        "min": 3.21253705025,
        "var": 10.7422571182
    },
    "barkbands_flatness_db": {
        "dmean": 0.0174894798547,
        "dmean2": 0.0270679183304,
        "dvar": 0.000293857068755,
        "dvar2": 0.00071856827708,
        "max": 0.33683937788,
        "mean": 0.148573115468,
        "median": 0.143620923162,
        "min": 0.0652373358607,
        "var": 0.00160284701269
    },
    "barkbands_kurtosis": {
        "dmean": 1.50962924957,
        "dmean2": 2.41833734512,
        "dvar": 12.5211582184,
        "dvar2": 30.8402919769,
        "max": 87.9521865845,
        "mean": 2.09458994865,
        "median": 0.702298641205,
        "min": -1.73466086388,
        "var": 30.6210842133
    },
    "barkbands_skewness": {
        "dmean": 0.382456243038,
        "dmean2": 0.596978783607,
        "dvar": 0.17971085012,
        "dvar2": 0.442046284676,
        "max": 7.85276317596,
        "mean": 0.996254503727,
        "median": 0.976524174213,
        "min": -1.55333161354,
        "var": 1.20961558819
    },
    "barkbands_spread": {
        "dmean": 3.92935299873,
        "dmean2": 6.12734174728,
        "dvar": 17.8823356628,
        "dvar2": 43.750705719,
        "max": 62.6473045349,
        "mean": 22.5401134491,
        "median": 22.645149231,
        "min": 1.14812862873,
        "var": 65.0764312744
    },
    "dissonance": {
        "dmean": 0.0228821244091,
        "dmean2": 0.0400375723839,
        "dvar": 0.000466267345473,
        "dvar2": 0.00127505208366,
        "max": 0.499753177166,
        "mean": 0.456213057041,
        "median": 0.461776733398,
        "min": 0.339617580175,
        "var": 0.000779253721703
    },
    "dynamic_complexity": 2.2809407711,
    "erbbands_crest": {
        "dmean": 2.94929432869,
        "dmean2": 4.63738965988,
        "dvar": 7.30951881409,
        "dvar2": 18.9043388367,
        "max": 30.211555481,
        "mean": 12.8487997055,
        "median": 11.581035614,
        "min": 2.56695985794,
        "var": 39.995464325
    },
    "erbbands_flatness_db": {
        "dmean": 0.0172355175018,
        "dmean2": 0.0250376835465,
        "dvar": 0.0002938163816,
        "dvar2": 0.000567925279029,
        "max": 0.342388242483,
        "mean": 0.169846996665,
        "median": 0.165162429214,
        "min": 0.0656149461865,
        "var": 0.00231104297563
    },
    "erbbands_kurtosis": {
        "dmean": 1.06566464901,
        "dmean2": 1.60005581379,
        "dvar": 1.75125014782,
        "dvar2": 4.05262851715,
        "max": 19.5538139343,
        "mean": 1.6548640728,
        "median": 0.643991470337,
        "min": -1.56971764565,
        "var": 8.4275636673
    },
    "erbbands_skewness": {
        "dmean": 0.314815402031,
        "dmean2": 0.483188420534,
        "dvar": 0.0840414240956,
        "dvar2": 0.186940103769,
        "max": 2.35042452812,
        "mean": 0.256777405739,
        "median": 0.330302357674,
        "min": -2.73660135269,
        "var": 0.541741251945
    },
    "erbbands_spread": {
        "dmean": 5.985414505,
        "dmean2": 9.08418750763,
        "dvar": 41.97605896,
        "dvar2": 96.3210678101,
        "max": 106.754089355,
        "mean": 28.4530887604,
        "median": 26.7725563049,
        "min": 3.73024082184,
        "var": 225.214614868
    },
    "hfc": {
        "dmean": 4.56633090973,
        "dmean2": 6.95105981827,
        "dvar": 36.2887191772,
        "dvar2": 85.5459823608,
        "max": 94.4136123657,
        "mean": 21.4299087524,
        "median": 14.9588279724,
        "min": 0.456208139658,
        "var": 297.107696533
    },
    "melbands_crest": {
        "dmean": 2.43238162994,
        "dmean2": 4.05232858658,
        "dvar": 5.73674488068,
        "dvar2": 16.1192169189,
        "max": 26.3086605072,
        "mean": 12.9590263367,
        "median": 12.8898296356,
        "min": 3.4916305542,
        "var": 13.5385398865
    },
    "melbands_flatness_db": {
        "dmean": 0.0194373875856,
        "dmean2": 0.0294311139733,
        "dvar": 0.000404074467951,
        "dvar2": 0.00103410775773,
        "max": 0.455210983753,
        "mean": 0.198005855083,
        "median": 0.195520862937,
        "min": 0.0562399812043,
        "var": 0.00251307175495
    },
    "melbands_kurtosis": {
        "dmean": 3.42875814438,
        "dmean2": 5.41038274765,
        "dvar": 50.9219894409,
        "dvar2": 123.479980469,
        "max": 156.519775391,
        "mean": 6.97664785385,
        "median": 3.23161411285,
        "min": -1.74916672707,
        "var": 147.431991577
    },
    "melbands_skewness": {
        "dmean": 0.495842665434,
        "dmean2": 0.768016457558,
        "dvar": 0.34089794755,
        "dvar2": 0.854577481747,
        "max": 10.0454454422,
        "mean": 1.84469223022,
        "median": 1.72923350334,
        "min": -1.1019333601,
        "var": 1.9317343235
    },
    "melbands_spread": {
        "dmean": 4.8597984314,
        "dmean2": 7.55214834213,
        "dvar": 23.4260044098,
        "dvar2": 58.5017242432,
        "max": 83.2397537231,
        "mean": 27.144241333,
        "median": 25.3279476166,
        "min": 0.917419314384,
        "var": 181.850585938
    },
    "pitch_salience": {
        "dmean": 0.0504791811109,
        "dmean2": 0.0826610773802,
        "dvar": 0.00208828109317,
        "dvar2": 0.00540716899559,
        "max": 0.765513062477,
        "mean": 0.48099771142,
        "median": 0.478681892157,
        "min": 0.179366916418,
        "var": 0.00831142812967
    },
    "silence_rate_20dB": {
        "dmean": 0,
        "dmean2": 0,
        "dvar": 0,
        "dvar2": 0,
        "max": 1,
        "mean": 1,
        "median": 1,
        "min": 1,
        "var": 0
    },
    "silence_rate_30dB": {
        "dmean": 0,
        "dmean2": 0,
        "dvar": 0,
        "dvar2": 0,
        "max": 1,
        "mean": 1,
        "median": 1,
        "min": 1,
        "var": 0
    },
    "silence_rate_60dB": {
        "dmean": 0.0030959751457,
        "dmean2": 0.00619674660265,
        "dvar": 0.00308638880961,
        "dvar2": 0.00770753389224,
        "max": 1,
        "mean": 0.0108275329694,
        "median": 0,
        "min": 0,
        "var": 0.010710299015
    },
    "spectral_centroid": {
        "dmean": 166.650863647,
        "dmean2": 263.602661133,
        "dvar": 27877.4882812,
        "dvar2": 64522.4179688,
        "max": 2947.09887695,
        "mean": 1339.08679199,
        "median": 1291.58862305,
        "min": 204.706924438,
        "var": 215291.078125
    },
    "spectral_complexity": {
        "dmean": 2.48529410362,
        "dmean2": 3.91866779327,
        "dvar": 4.94173669815,
        "dvar2": 10.9267616272,
        "max": 41,
        "mean": 16.717710495,
        "median": 16,
        "min": 2,
        "var": 34.4778900146
    },
    "spectral_decrease": {
        "dmean": 1.39834277491e-09,
        "dmean2": 2.31216046309e-09,
        "dvar": 3.75585823905e-18,
        "dvar2": 1.03227268353e-17,
        "max": -1.83560319722e-10,
        "mean": -6.47407816246e-09,
        "median": -6.08460348772e-09,
        "min": -2.19200746443e-08,
        "var": 9.71296320211e-18
    },
    "spectral_energy": {
        "dmean": 0.00556404562667,
        "dmean2": 0.00918581802398,
        "dvar": 5.67531642446e-05,
        "dvar2": 0.000153663364472,
        "max": 0.0853105634451,
        "mean": 0.0263784080744,
        "median": 0.0247219651937,
        "min": 0.000818847503979,
        "var": 0.000165789402672
    },
    "spectral_energyband_high": {
        "dmean": 0.000222171103815,
        "dmean2": 0.000335282820743,
        "dvar": 1.76966935328e-07,
        "dvar2": 4.14564937046e-07,
        "max": 0.00650142598897,
        "mean": 0.000505769858137,
        "median": 0.000302214059047,
        "min": 3.12513111567e-06,
        "var": 3.44178062051e-07
    },
    "spectral_energyband_low": {
        "dmean": 0.00310895242728,
        "dmean2": 0.00527298590168,
        "dvar": 4.32226879639e-05,
        "dvar2": 0.000128732062876,
        "max": 0.0677850693464,
        "mean": 0.00932545401156,
        "median": 0.00815827120095,
        "min": 4.06085609939e-06,
        "var": 5.32907470188e-05
    },
    "spectral_energyband_middle_high": {
        "dmean": 0.00229179323651,
        "dmean2": 0.00353112025186,
        "dvar": 1.15094653665e-05,
        "dvar2": 2.80874646705e-05,
        "max": 0.0498605668545,
        "mean": 0.0085965488106,
        "median": 0.00496378727257,
        "min": 6.32016453892e-05,
        "var": 8.08210897958e-05
    },
    "spectral_energyband_middle_low": {
        "dmean": 0.00290510663763,
        "dmean2": 0.00449716066942,
        "dvar": 1.69234899658e-05,
        "dvar2": 3.99098207708e-05,
        "max": 0.0568196587265,
        "mean": 0.00886181090027,
        "median": 0.00719883479178,
        "min": 0.000247713440331,
        "var": 4.42036798631e-05
    },
    "spectral_entropy": {
        "dmean": 0.140314415097,
        "dmean2": 0.209715917706,
        "dvar": 0.0205339211971,
        "dvar2": 0.0437240190804,
        "max": 8.28133964539,
        "mean": 7.40802812576,
        "median": 7.40993928909,
        "min": 6.32841587067,
        "var": 0.0958407446742
    },
    "spectral_flux": {
        "dmean": 0.0184869896621,
        "dmean2": 0.029957992956,
        "dvar": 0.000510113779455,
        "dvar2": 0.00121067394502,
        "max": 0.241344034672,
        "mean": 0.0680005475879,
        "median": 0.0570851452649,
        "min": 0.018067535013,
        "var": 0.00137973693199
    },
    "spectral_kurtosis": {
        "dmean": 1.49760007858,
        "dmean2": 2.51155900955,
        "dvar": 2.31192183495,
        "dvar2": 6.46255254745,
        "max": 19.4994659424,
        "mean": 4.47565126419,
        "median": 4.09320735931,
        "min": 0.092395067215,
        "var": 5.19012355804
    },
    "spectral_rms": {
        "dmean": 0.00051877531223,
        "dmean2": 0.000843803980388,
        "dvar": 4.08908505278e-07,
        "dvar2": 1.05830270059e-06,
        "max": 0.00912303756922,
        "mean": 0.00491091702133,
        "median": 0.00491110887378,
        "min": 0.000893798423931,
        "var": 1.61793172992e-06
    },
    "spectral_rolloff": {
        "dmean": 232.398193359,
        "dmean2": 400.840454102,
        "dvar": 129294.625,
        "dvar2": 308528,
        "max": 6266.16210938,
        "mean": 1276.265625,
        "median": 1313.52539062,
        "min": 86.1328125,
        "var": 502854.4375
    },
    "spectral_skewness": {
        "dmean": 0.196203276515,
        "dmean2": 0.316334307194,
        "dvar": 0.0299290642142,
        "dvar2": 0.0770057588816,
        "max": 3.42458701134,
        "mean": 1.58518826962,
        "median": 1.55269372463,
        "min": 0.608042895794,
        "var": 0.114195279777
    },
    "spectral_spread": {
        "dmean": 514284.25,
        "dmean2": 767975.9375,
        "dvar": 391732133888,
        "dvar2": 829272096768,
        "max": 9270165,
        "mean": 4312477.5,
        "median": 4143063.75,
        "min": 2231477.75,
        "var": 1.32313474662e+12
    },
    "spectral_strongpeak": {
        "dmean": 0.821095108986,
        "dmean2": 1.43288004398,
        "dvar": 1.95467031002,
        "dvar2": 4.99861001968,
        "max": 11.3747205734,
        "mean": 1.72412490845,
        "median": 0.388725191355,
        "min": 0,
        "var": 5.65873765945
    },
    "zerocrossingrate": {
        "dmean": 0.00688657956198,
        "dmean2": 0.00869337283075,
        "dvar": 4.94615196658e-05,
        "dvar2": 7.42368792999e-05,
        "max": 0.1396484375,
        "mean": 0.0556232780218,
        "median": 0.0537109375,
        "min": 0.00537109375,
        "var": 0.000420080818003
    },
    "barkbands": {
        "dmean": [0.000235715473536, 0.00232336414047, 0.000923986604903, 0.000880336447153, 0.00079872639617, 0.000594127050135, 0.000568390649278, 0.00060595193645, 0.000799244560767, 0.000554557540454, 0.000474030297482, 0.000681850302499, 0.000943181104958, 0.000354249379598, 0.000367365137208, 0.000215102350921, 0.000252857746091, 0.000137991679367, 0.000151069136336, 8.48553681863e-05, 5.74513469473e-05, 4.76278728456e-05, 5.04885538248e-05, 4.76250352222e-05, 2.97276183119e-05, 1.94781423488e-05, 5.63888491456e-09],
        "dmean2": [0.000374011229724, 0.00389730720781, 0.00158804701641, 0.00150859716814, 0.00127252261154, 0.000948021712247, 0.000920165970456, 0.000868248695042, 0.00112119468395, 0.000773744133767, 0.000727617472876, 0.0011338731274, 0.00137020472903, 0.000534660706762, 0.000614062359091, 0.000355937780114, 0.000408070656704, 0.00021757655486, 0.000224555391469, 0.000137296170578, 9.0428016847e-05, 7.18937517377e-05, 8.06830794318e-05, 7.73639330873e-05, 4.81067763758e-05, 2.92358236038e-05, 9.96751392535e-09],
        "dvar": [3.37034236964e-07, 2.3505779609e-05, 5.3377571021e-06, 3.17931062455e-06, 5.26750864083e-06, 3.1207343909e-06, 1.55295242621e-06, 1.26640702547e-06, 2.64789605353e-06, 3.59496493729e-06, 1.16062506095e-06, 3.87186855733e-06, 5.39130405741e-06, 8.67254073e-07, 6.79017148286e-07, 6.24883682576e-07, 7.10102654011e-07, 8.58881605836e-08, 1.36647656745e-07, 2.99497635581e-08, 1.08051043668e-08, 8.1733997348e-09, 1.77037318139e-08, 1.0040261067e-08, 4.01041422293e-09, 2.21385243471e-09, 5.47102180522e-16],
        "dvar2": [7.90037745446e-07, 7.03977711964e-05, 1.62074866239e-05, 8.54772133607e-06, 1.24575035443e-05, 7.81942071626e-06, 4.04572529078e-06, 2.45996966441e-06, 5.25618543179e-06, 7.20076832295e-06, 2.77748858935e-06, 1.06895731733e-05, 1.09033380795e-05, 1.96066253011e-06, 1.88323906514e-06, 1.67130519912e-06, 1.81006726052e-06, 1.88345083529e-07, 2.43661332888e-07, 7.51979314373e-08, 2.7637687694e-08, 1.61382409658e-08, 4.46951915478e-08, 2.61411514657e-08, 1.07237676517e-08, 4.1327670175e-09, 1.18939191195e-15],
        "max": [0.00819906592369, 0.0570174828172, 0.0248372200876, 0.0155265033245, 0.0436057262123, 0.0430827587843, 0.0141457775608, 0.0179728809744, 0.0388018451631, 0.0428741946816, 0.0180395543575, 0.0366978086531, 0.0374321676791, 0.0184464324266, 0.0171177536249, 0.0248354561627, 0.0163993537426, 0.00730320438743, 0.00788343604654, 0.00277650961652, 0.00180387427099, 0.00202098861337, 0.0026872374583, 0.00149783981033, 0.000590798968915, 0.00093019369524, 4.60739840946e-07],
        "mean": [0.000367203814676, 0.00577410915866, 0.00253274152055, 0.00140443816781, 0.00139457138721, 0.00120472977869, 0.000869793002494, 0.0015086325584, 0.0019131564768, 0.000950151705183, 0.000790403573774, 0.00118845212273, 0.00294315628707, 0.000663565413561, 0.000645879365038, 0.00050364312483, 0.000514727435075, 0.000268462084932, 0.000343273888575, 0.000159068615176, 0.000115792485303, 0.000106750994746, 8.22625806904e-05, 6.77328571328e-05, 3.80326309823e-05, 2.76891751128e-05, 4.32594760014e-09],
        "median": [9.57726006163e-05, 0.00464646006003, 0.0018628553953, 0.00064956425922, 0.000638960627839, 0.000514357700013, 0.000298032158753, 0.000492320861667, 0.000944429019, 0.000160377545399, 0.00024047883926, 0.000208883269806, 0.000467149016913, 0.000134831221658, 0.000293530174531, 0.000120983902889, 0.000119302014355, 0.000114163151011, 0.000128574611153, 8.46291950438e-05, 7.27468868718e-05, 4.51292689831e-05, 3.93562586396e-05, 3.41829145327e-05, 1.69142476807e-05, 8.4687353592e-06, 5.29382870873e-10],
        "min": [3.74471049724e-08, 2.72882743957e-06, 9.28264341837e-07, 2.30800424106e-07, 2.81968777927e-06, 9.68215590547e-06, 3.25583391714e-06, 3.35621052727e-06, 2.44152761297e-06, 1.57323324856e-06, 4.95355243402e-06, 2.34788717535e-06, 4.78296578876e-06, 1.89384411442e-06, 1.48315132265e-06, 2.02461797016e-06, 9.81803168543e-07, 1.67836947185e-06, 1.2210452951e-06, 1.1997473166e-06, 8.79286574218e-07, 4.47356001132e-07, 5.70441613945e-07, 3.6777527157e-07, 4.01772259906e-09, 9.09558105916e-12, 5.56211500469e-12],
        "var": [6.37485527477e-07, 2.69720694632e-05, 6.2161416281e-06, 4.19749403591e-06, 8.22663969302e-06, 6.40718008071e-06, 2.65440303338e-06, 7.33282831789e-06, 9.27376186155e-06, 7.25264317225e-06, 2.47889715865e-06, 9.95384834823e-06, 3.27295419993e-05, 3.29767317453e-06, 1.57250974553e-06, 2.95860809274e-06, 2.12054715121e-06, 2.30326335782e-07, 5.27544557372e-07, 5.39773203911e-08, 2.09220303304e-08, 2.92893194143e-08, 1.99864906847e-08, 1.00978425621e-08, 3.74856501395e-09, 4.1817065366e-09, 4.28104268767e-16]
    },
    "erbbands": {
        "dmean": [0.0685022696853, 0.545818924904, 1.10982573032, 1.95947813988, 2.96434020996, 2.72403550148, 3.73656058311, 5.54237508774, 7.09474945068, 9.5963973999, 14.2061510086, 21.0116214752, 19.291683197, 11.4654664993, 20.1819648743, 35.0687904358, 45.4353790283, 19.4786663055, 15.6885156631, 20.7715129852, 10.4871959686, 10.2586488724, 8.02635097504, 4.99814558029, 8.03029632568, 3.87252759933, 2.66385793686, 1.99645149708, 1.82735061646, 1.35501348972, 1.54477834702, 0.980809152126, 0.87208455801, 0.47349485755, 0.140539959073, 0.0760406404734, 0.042568732053, 0.00420421129093, 7.2198738053e-05, 8.6392119556e-06],
        "dmean2": [0.117447830737, 0.910097718239, 1.89530408382, 3.40192532539, 5.01454639435, 4.57009315491, 5.63527727127, 8.75535774231, 11.4563102722, 15.3154125214, 19.6030464172, 29.0190467834, 26.9950141907, 16.9434623718, 31.0536441803, 58.0955657959, 66.2806930542, 29.932346344, 24.2887783051, 32.8548202515, 16.8815727234, 15.7320194244, 12.5103979111, 7.79952573776, 12.1553535461, 6.17491817474, 4.18620300293, 3.21753430367, 2.78074574471, 2.05061888695, 2.45498394966, 1.56679582596, 1.41505169868, 0.774577379227, 0.228890836239, 0.123182989657, 0.061959233135, 0.00625173700973, 0.000106273000711, 1.34714400701e-05],
        "dvar": [0.0202499013394, 1.45341706276, 6.87290716171, 15.9384346008, 52.8231430054, 109.741531372, 77.8902816772, 385.834381104, 276.022491455, 474.742156982, 847.799804688, 1414.72094727, 5320.05517578, 723.075744629, 1849.34863281, 8807.81835938, 11803.2060547, 2353.21777344, 1658.49597168, 3085.57080078, 1507.78771973, 962.286865234, 291.2550354, 60.3377037048, 439.890319824, 62.5134429932, 25.8612289429, 15.323097229, 10.9571313858, 14.9593400955, 13.6891307831, 5.17634868622, 3.41040825844, 1.07005977631, 0.075586438179, 0.0237871687859, 0.0166912637651, 0.000255925086094, 6.36955732602e-08, 1.72437883417e-10],
        "dvar2": [0.0653043761849, 4.17584991455, 20.0917549133, 47.3191833496, 131.995346069, 276.467773438, 130.645095825, 983.151611328, 699.554504395, 1235.22119141, 1568.03955078, 3033.73779297, 11349.8037109, 1410.29370117, 4278.62109375, 24908.0957031, 23936.3789062, 5624.28271484, 4023.06542969, 6635.79394531, 4085.49267578, 2368.55712891, 642.850097656, 122.302345276, 811.367736816, 165.586868286, 63.5790214539, 36.6279335022, 22.877779007, 32.1734619141, 34.3366241455, 13.4477767944, 8.85134887695, 2.85793471336, 0.204029157758, 0.0614374391735, 0.0279066581279, 0.000414040172473, 1.04317926741e-07, 3.6195332842e-10],
        "max": [1.29992079735, 13.6283426285, 30.0063476562, 47.8308753967, 91.9502182007, 211.331130981, 257.446380615, 510.470092773, 214.697952271, 349.630249023, 495.905273438, 635.391540527, 1617.8125, 708.249389648, 810.210327148, 1747.68762207, 1698.50976562, 1027.79846191, 1097.21264648, 1489.83447266, 1180.3380127, 560.73059082, 400.7550354, 184.827682495, 484.648773193, 106.732315063, 104.783340454, 52.9397583008, 62.5327110291, 82.3973617554, 66.0170593262, 46.0072555542, 18.6129360199, 10.3886413574, 3.28674840927, 1.51725053787, 2.85836958885, 0.369273483753, 0.00578991929069, 0.00026520708343],
        "mean": [0.16175198555, 1.28966403008, 3.17897939682, 3.69522213936, 4.64302444458, 4.53114938736, 6.99489879608, 10.3363275528, 10.4821367264, 18.7643928528, 39.6296920776, 52.3079490662, 36.9045791626, 21.5047740936, 37.4957275391, 69.4415359497, 144.138458252, 44.153377533, 34.0007820129, 40.6300544739, 28.0714912415, 22.5518951416, 16.3601264954, 12.2560243607, 18.0047950745, 7.95138788223, 5.41252183914, 3.9245364666, 4.02499628067, 2.73161196709, 2.46149873734, 1.51452052593, 1.10391032696, 0.592574357986, 0.178148522973, 0.102114588022, 0.0600789375603, 0.00542852515355, 0.000110637789476, 3.62308455806e-05],
        "median": [0.125950932503, 1.01615858078, 2.81809735298, 2.4078309536, 1.92781794071, 2.0223762989, 3.50755548477, 3.89243793488, 4.37248277664, 7.63408851624, 14.4871940613, 29.7381706238, 6.44560337067, 9.12920951843, 15.3162889481, 26.9044075012, 29.2235355377, 15.1073112488, 11.229763031, 12.905538559, 6.6403131485, 6.06475639343, 6.45745849609, 6.47270059586, 6.22780847549, 4.64225530624, 3.68961620331, 2.2061316967, 1.72947490215, 1.17469537258, 1.16252779961, 0.818667709827, 0.456957876682, 0.205963596702, 0.0958150103688, 0.0471254400909, 0.0129086971283, 0.000767133955378, 3.45592852682e-05, 3.16983241646e-05],
        "min": [5.10188692715e-05, 0.000447235855972, 0.00115107023157, 0.00377787253819, 0.00300051574595, 0.0113753424957, 0.0434613712132, 0.097292073071, 0.0499085970223, 0.239421099424, 0.228610962629, 0.19649811089, 0.212791696191, 0.270494908094, 0.518728196621, 0.345753520727, 0.196554929018, 0.188998281956, 0.13598702848, 0.118541538715, 0.0849700197577, 0.0755702257156, 0.0945490151644, 0.0723533481359, 0.0467748567462, 0.0480657555163, 0.0401848480105, 0.0302796512842, 0.0173835474998, 0.0182544142008, 0.0138482926413, 0.00769549608231, 0.00363338808529, 0.0015948653454, 0.000316623278195, 7.12169057806e-05, 6.84048609401e-06, 6.1714763433e-07, 7.96100152911e-07, 1.15035959425e-06],
        "var": [0.0238110143691, 1.6187864542, 7.67938899994, 20.2244091034, 76.3368301392, 126.960220337, 190.087097168, 613.079467773, 409.536682129, 1247.89013672, 5355.51953125, 5257.18017578, 12039.0244141, 1733.16320801, 4743.86328125, 22662.0546875, 70354.9921875, 7928.90722656, 7274.76660156, 10620.671875, 7320.4609375, 3366.42919922, 769.720825195, 286.973144531, 1675.92224121, 101.545532227, 43.7205467224, 28.9231739044, 39.2810630798, 28.4983901978, 16.0758304596, 5.36287736893, 3.24515008926, 1.02486896515, 0.0680295526981, 0.0277383252978, 0.0323583967984, 0.000483191077365, 1.21262985431e-07, 4.95208096751e-10]
    },
    "gfcc": {
        "mean": [9.03363037109, 100.318115234, -124.813163757, 34.3253746033, -52.9589309692, 29.8079051971, -28.0505886078, 13.5666074753, -20.2923336029, 8.54980659485, -10.0080699921, -3.47001624107, -14.6618423462],
        "cov": [[1906.23486328, -765.539855957, 35.4736785889, -208.767196655, -86.5123748779, 39.0271339417, -144.323196411, 73.4102096558, -119.136016846, 85.5788192749, -160.389022827, 208.842224121, -115.897674561], [-765.539855957, 837.030578613, -47.895072937, 155.726364136, 116.902763367, 14.180141449, 202.218276978, -108.791847229, 68.1659927368, -125.720657349, 93.9833908081, -182.296981812, 68.1022491455], [35.4736785889, -47.895072937, 610.813354492, 38.2734146118, -31.3858966827, 106.349639893, 17.2677173615, 9.5376329422, -80.7050476074, 57.4790763855, -70.7188796997, 10.5547266006, -87.7503356934], [-208.767196655, 155.726364136, 38.2734146118, 201.39163208, -2.06347560883, -49.1468963623, 4.47255516052, -19.3013305664, 16.8125705719, -53.0776176453, 19.1041526794, -33.5655021667, 26.8903770447], [-86.5123748779, 116.902763367, -31.3858966827, -2.06347560883, 145.898284912, 41.8492965698, 45.8582496643, -28.6864681244, 13.6528711319, -14.1926822662, -2.68278241158, -30.2066860199, -11.1307401657], [39.0271339417, 14.180141449, 106.349639893, -49.1468963623, 41.8492965698, 216.466400146, 95.1140823364, 4.31989431381, -16.4296283722, 26.5111198425, 7.72947502136, -50.3684768677, -32.6149902344], [-144.323196411, 202.218276978, 17.2677173615, 4.47255516052, 45.8582496643, 95.1140823364, 202.714538574, 4.24978780746, 15.6694002151, 5.88710689545, 21.3689422607, -69.4234466553, -37.3192062378], [73.4102096558, -108.791847229, 9.5376329422, -19.3013305664, -28.6864681244, 4.31989431381, 4.24978780746, 110.912246704, 11.3995466232, 33.6173095703, -17.9329967499, 6.09114170074, -15.8374490738], [-119.136016846, 68.1659927368, -80.7050476074, 16.8125705719, 13.6528711319, -16.4296283722, 15.6694002151, 11.3995466232, 97.7342071533, 13.9309644699, 20.570016861, -43.172996521, 13.7830791473], [85.5788192749, -125.720657349, 57.4790763855, -53.0776176453, -14.1926822662, 26.5111198425, 5.88710689545, 33.6173095703, 13.9309644699, 116.379653931, 4.82060432434, 10.1277179718, -46.2094726562], [-160.389022827, 93.9833908081, -70.7188796997, 19.1041526794, -2.68278241158, 7.72947502136, 21.3689422607, -17.9329967499, 20.570016861, 4.82060432434, 94.0616378784, -8.6381893158, 11.4777641296], [208.842224121, -182.296981812, 10.5547266006, -33.5655021667, -30.2066860199, -50.3684768677, -69.4234466553, 6.09114170074, -43.172996521, 10.1277179718, -8.6381893158, 129.677902222, 6.9287147522], [-115.897674561, 68.1022491455, -87.7503356934, 26.8903770447, -11.1307401657, -32.6149902344, -37.3192062378, -15.8374490738, 13.7830791473, -46.2094726562, 11.4777641296, 6.9287147522, 99.8494796753]],
        "icov": [[0.00107157148886, 0.000326916633639, 0.00055052805692, 8.72288092069e-06, 0.000558151339646, -0.00088023324497, 0.000280572217889, 0.000242208028794, 0.000110748354928, 3.68367182091e-05, 0.0016761891311, -0.00130664580502, 0.00132002797909], [0.000326916633639, 0.00554639287293, -0.00170051609166, 0.000164842509548, -0.0025792689994, 0.00330110127106, -0.0047736428678, 0.00225607957691, -0.000328607304255, 0.00347200594842, -0.00431203143671, 0.00500538107008, -0.00377736450173], [0.00055052805692, -0.00170051609166, 0.00395142938942, -0.00212500616908, 0.0022214918863, -0.003570509376, 0.00206870492548, 8.87126807356e-05, 0.00174367672298, -0.0028620834928, 0.00497398618609, -0.00298154447228, 0.00378226255998], [8.72288092069e-06, 0.000164842509548, -0.00212500616908, 0.00795271806419, -0.000429956882726, 0.00314307515509, -0.000626363791525, -0.000332901574438, -0.00109356211033, 0.00371165317483, -0.00311298016459, 0.00246163574047, -0.00136403902434], [0.000558151339646, -0.0025792689994, 0.0022214918863, -0.000429956882726, 0.0105915945023, -0.00424260972068, 0.00153796293307, 0.00178874423727, -0.00154419254977, -0.000708222680259, 0.0054051191546, -0.00360502488911, 0.00464280601591], [-0.00088023324497, 0.00330110127106, -0.003570509376, 0.00314307515509, -0.00424260972068, 0.0117048881948, -0.00598600041121, 0.000310076982714, 0.00208651646972, 0.00166176410858, -0.00694839842618, 0.00788976810873, -0.00536302337423], [0.000280572217889, -0.0047736428678, 0.00206870492548, -0.000626363791525, 0.00153796293307, -0.00598600041121, 0.0122887967154, -0.00271999998949, 0.000119122043543, -0.00219173147343, 0.00317310122773, -0.0026909399312, 0.0067371991463], [0.000242208028794, 0.00225607957691, 8.87126807356e-05, -0.000332901574438, 0.00178874423727, 0.000310076982714, -0.00271999998949, 0.0123923709616, -0.00222525955178, -0.00126189028379, 0.00196215836331, 0.000696227129083, -0.000391021807445], [0.000110748354928, -0.000328607304255, 0.00174367672298, -0.00109356211033, -0.00154419254977, 0.00208651646972, 0.000119122043543, -0.00222525955178, 0.016934370622, -0.0053653921932, -0.00119469116908, 0.00567514961585, -0.00269659026526], [3.68367182091e-05, 0.00347200594842, -0.0028620834928, 0.00371165317483, -0.000708222680259, 0.00166176410858, -0.00219173147343, -0.00126189028379, -0.0053653921932, 0.0173631608486, -0.00613676989451, 0.00167178700212, 0.00296992179938], [0.0016761891311, -0.00431203143671, 0.00497398618609, -0.00311298016459, 0.0054051191546, -0.00694839842618, 0.00317310122773, 0.00196215836331, -0.00119469116908, -0.00613676989451, 0.0216841734946, -0.00856502633542, 0.00535291992128], [-0.00130664580502, 0.00500538107008, -0.00298154447228, 0.00246163574047, -0.00360502488911, 0.00788976810873, -0.0026909399312, 0.000696227129083, 0.00567514961585, 0.00167178700212, -0.00856502633542, 0.0200644768775, -0.00735128764063], [0.00132002797909, -0.00377736450173, 0.00378226255998, -0.00136403902434, 0.00464280601591, -0.00536302337423, 0.0067371991463, -0.000391021807445, -0.00269659026526, 0.00296992179938, 0.00535291992128, -0.00735128764063, 0.020678203553]]
    },
    "melbands": {
        "dmean": [0.000607365102042, 0.000636476499494, 0.000378395372536, 0.000183675423614, 0.000126549144625, 0.000118875177577, 0.000110087967187, 0.000103067650343, 0.000120660442917, 0.000126717626699, 9.45477950154e-05, 4.5653887355e-05, 6.77327334415e-05, 7.97955945018e-05, 0.000101746722066, 8.5110848886e-05, 3.48362846125e-05, 2.69856973318e-05, 2.30358782574e-05, 2.47163789027e-05, 1.37222496051e-05, 1.29763784571e-05, 1.02906178654e-05, 6.07689980825e-06, 4.16296825279e-06, 7.13213012205e-06, 4.16368311562e-06, 2.65424159807e-06, 1.74496801719e-06, 1.41876239468e-06, 1.4197710243e-06, 1.1512297533e-06, 9.43983479829e-07, 8.13276869849e-07, 9.8713371699e-07, 7.52445828311e-07, 5.79332947837e-07, 6.28372447409e-07, 6.123999583e-07, 3.38762788488e-07],
        "dmean2": [0.00102858885657, 0.00107190047856, 0.000654355972074, 0.000296294077998, 0.000194655935047, 0.00018877570983, 0.000177366862772, 0.000162929325597, 0.000163995326147, 0.000178886155481, 0.000132555447635, 6.71808011248e-05, 0.000103750862763, 0.000130432963488, 0.000152110529598, 0.000121789133118, 5.45185648662e-05, 4.10013053624e-05, 3.67206266674e-05, 3.93691007048e-05, 2.16449188883e-05, 1.98988182092e-05, 1.62224387168e-05, 9.9266453617e-06, 6.57860573483e-06, 1.04766259028e-05, 6.34671368971e-06, 4.36305435869e-06, 2.74094736596e-06, 2.27374084716e-06, 2.313121513e-06, 1.78527193384e-06, 1.41609768889e-06, 1.26737393202e-06, 1.56790736128e-06, 1.19729213566e-06, 9.51179288222e-07, 1.01598482161e-06, 1.00525846847e-06, 5.64432752981e-07],
        "dvar": [1.51454094066e-06, 2.04192974707e-06, 5.83773726248e-07, 2.84961828356e-07, 9.79096981268e-08, 1.55853584261e-07, 6.03339245231e-08, 4.40131131541e-08, 4.9433324989e-08, 6.11652168914e-08, 1.31424684469e-07, 1.2524954407e-08, 2.36233592688e-08, 4.38786535994e-08, 4.59514595263e-08, 6.32928660593e-08, 8.27682455906e-09, 5.97409188785e-09, 3.18967630086e-09, 6.14938588939e-09, 2.69364064387e-09, 1.96275440345e-09, 1.06481468087e-09, 9.18279341455e-11, 4.78820767758e-11, 3.43343714571e-10, 1.18881682276e-10, 3.66918544159e-11, 1.0123151449e-11, 7.42260853476e-12, 1.07009323277e-11, 4.62433953977e-12, 4.7423649209e-12, 5.63526222214e-12, 5.91061618052e-12, 2.66323139757e-12, 1.86217079083e-12, 1.58245248502e-12, 1.73865175729e-12, 5.59015019604e-13],
        "dvar2": [4.71244629807e-06, 5.83907649343e-06, 1.62160768014e-06, 7.11398570274e-07, 1.81515943609e-07, 3.96391413915e-07, 1.51757760136e-07, 1.13537808488e-07, 8.89474378596e-08, 1.24442877336e-07, 2.80527302721e-07, 2.33913777237e-08, 5.66774787103e-08, 1.16931843763e-07, 9.87933574947e-08, 1.22851446349e-07, 2.02604795163e-08, 1.28367592112e-08, 7.12243064527e-09, 1.46487471042e-08, 6.90957424609e-09, 4.77418948819e-09, 2.32297492353e-09, 2.22155571716e-10, 1.04980996118e-10, 6.38566477473e-10, 2.41152403602e-10, 9.83396419851e-11, 2.40564373977e-11, 1.96195282243e-11, 2.54953627654e-11, 1.04142068233e-11, 9.12380847956e-12, 1.29962637874e-11, 1.49955239198e-11, 6.7539467942e-12, 4.92137884264e-12, 4.06822232152e-12, 4.5590089863e-12, 1.51416758905e-12],
        "max": [0.0140543682501, 0.0156627297401, 0.00668406067416, 0.00897589977831, 0.00800683908165, 0.0101281516254, 0.00301456265152, 0.00320448447019, 0.00387898157351, 0.00456486083567, 0.0079963458702, 0.00293520116247, 0.00281317066401, 0.0047695627436, 0.00408870726824, 0.0051894178614, 0.00178680813406, 0.00237905327231, 0.00150784663856, 0.00257200188935, 0.00129465118516, 0.000874454737641, 0.000943674473092, 0.000198119247216, 0.000167278412846, 0.000413543399191, 0.000275689351838, 9.89188265521e-05, 4.92731342092e-05, 5.5969983805e-05, 4.71889397886e-05, 3.97201438318e-05, 4.91229402542e-05, 5.40917353646e-05, 4.378331505e-05, 2.68267594947e-05, 2.74023677775e-05, 1.20541208162e-05, 1.18529405881e-05, 7.00968757883e-06],
        "mean": [0.00152724655345, 0.00172406318597, 0.000700999516994, 0.000327592337271, 0.000238022752455, 0.000230408302741, 0.000164273922564, 0.000206050332054, 0.00034022462205, 0.000308778486215, 0.000173595908564, 7.97067841631e-05, 0.0001160986576, 0.000142642515129, 0.000255710619967, 0.000259418302448, 6.24451058684e-05, 5.52871679247e-05, 4.48460195912e-05, 4.72961583e-05, 3.4456490539e-05, 2.63952206296e-05, 1.8380522306e-05, 1.1621307749e-05, 8.78128503246e-06, 1.58382154041e-05, 8.15422754386e-06, 4.68446432933e-06, 3.37407254847e-06, 2.64579011855e-06, 2.33233754443e-06, 2.33838409258e-06, 1.94860763258e-06, 1.36487869895e-06, 1.46253296407e-06, 1.12804195851e-06, 8.48000979659e-07, 7.66183177348e-07, 7.21146818705e-07, 4.12493079693e-07],
        "median": [0.00117189576849, 0.0015048008645, 0.000448791077361, 0.000142773918924, 0.000127175429952, 8.98094149306e-05, 6.41387377982e-05, 9.32606271817e-05, 0.000145901591168, 0.00014748434478, 2.23234546866e-05, 2.93934135698e-05, 3.6911238567e-05, 3.24414577335e-05, 8.85027839104e-05, 4.61106646981e-05, 1.53401852003e-05, 1.46680495163e-05, 1.71085848706e-05, 1.4091149751e-05, 5.89633509662e-06, 5.47850504518e-06, 5.3634626056e-06, 5.63152025279e-06, 4.12658482674e-06, 5.01716294821e-06, 3.0380069802e-06, 2.59176022155e-06, 2.24793575399e-06, 1.63460310887e-06, 1.17084994145e-06, 1.0456195696e-06, 7.19987156117e-07, 5.71129135096e-07, 6.64983872412e-07, 5.21304514223e-07, 4.47170464213e-07, 3.20065652204e-07, 2.25820741662e-07, 1.46197223216e-07],
        "min": [6.93401148055e-07, 7.09142511823e-07, 5.96353572746e-07, 4.68119822017e-07, 1.3263247638e-06, 2.14675674215e-06, 5.53511767976e-07, 7.63807747717e-07, 1.30629598516e-06, 4.96432221553e-07, 5.70609756778e-07, 6.09314724898e-07, 1.05244998849e-06, 4.01619587365e-07, 5.11820132942e-07, 4.29849080774e-07, 1.66362525533e-07, 2.49771488825e-07, 1.42473581377e-07, 1.57522975996e-07, 7.45860120333e-08, 5.99544733859e-08, 8.6622556239e-08, 7.00010573951e-08, 5.3025381419e-08, 4.18190211349e-08, 3.73102935214e-08, 2.9654048106e-08, 2.73544706886e-08, 2.26965948258e-08, 1.45296077392e-08, 9.98115012862e-09, 7.61794094473e-09, 1.21697212307e-08, 5.81703973879e-09, 4.0570915516e-09, 4.79283768229e-09, 2.82179390965e-09, 3.68694047514e-10, 7.43392153391e-12],
