{
"highlevel": {
    "danceability": {
        "all": {
            "danceable": 0.995466887951,
            "not_danceable": 0.00453312322497
        },
        "probability": 0.995466887951,
        "value": "danceable"
    },
    "gender": {
        "all": {
            "female": 0.255380064249,
            "male": 0.744619965553
        },
        "probability": 0.744619965553,
        "value": "male"
    },
    "genre_dortmund": {
        "all": {
            "alternative": 0.0220494028181,
            "blues": 0.0351728647947,
            "electronic": 0.0611939094961,
            "folkcountry": 0.0334038510919,
            "funksoulrnb": 0.106011644006,
            "jazz": 0.0757560655475,
            "pop": 0.0339863039553,
            "raphiphop": 0.48263207078,
            "rock": 0.149793893099
        },
        "probability": 0.48263207078,
        "value": "raphiphop"
    },
    "genre_electronic": {
        "all": {
            "ambient": 0.109835825861,
            "dnb": 0.788581669331,
            "house": 0.0327986143529,
            "techno": 0.00886526238173,
            "trance": 0.0599186420441
        },
        "probability": 0.788581669331,
        "value": "dnb"
    },
    "genre_rosamerica": {
        "all": {
            "cla": 0.00765684153885,
            "dan": 0.100421257317,
            "hip": 0.639075696468,
            "jaz": 0.00595822790638,
            "pop": 0.138428360224,
            "rhy": 0.0323109291494,
            "roc": 0.0692520067096,
            "spe": 0.00689665507525
        },
        "probability": 0.639075696468,
        "value": "hip"
    },
    "genre_tzanetakis": {
        "all": {
            "blu": 0.0626613423228,
            "cla": 0.0348169617355,
            "cou": 0.104475811124,
            "dis": 0.0784321576357,
            "hip": 0.15692435205,
            "jaz": 0.313974827528,
            "met": 0.0448166541755,
            "pop": 0.0627359300852,
            "reg": 0.0627360641956,
            "roc": 0.0784258767962
        },
        "probability": 0.313974827528,
        "value": "jaz"
    },
    "ismir04_rhythm": {
        "all": {
            "ChaChaCha": 0.0843552052975,
            "Jive": 0.27982378006,
            "Quickstep": 0.208376601338,
            "Rumba-American": 0.0151688316837,
            "Rumba-International": 0.0160943865776,
            "Rumba-Misc": 0.0127557367086,
            "Samba": 0.330236554146,
            "Tango": 0.0190827120095,
            "VienneseWaltz": 0.022830247879,
            "Waltz": 0.0112759163603
        },
        "probability": 0.330236554146,
        "value": "Samba"
    },
    "mood_acoustic": {
        "all": {
            "acoustic": 0.00776061415672,
            "not_acoustic": 0.992239356041
        },
        "probability": 0.992239356041,
        "value": "not_acoustic"
    },
    "mood_aggressive": {
        "all": {
            "aggressive": 0.621106922626,
            "not_aggressive": 0.378893077374
        },
        "probability": 0.621106922626,
        "value": "aggressive"
    },
    "mood_electronic": {
        "all": {
            "electronic": 0.535342276096,
            "not_electronic": 0.464657694101
        },
        "probability": 0.535342276096,
        "value": "electronic"
    },
    "mood_happy": {
        "all": {
            "happy": 0.609333097935,
            "not_happy": 0.390666902065
        },
        "probability": 0.609333097935,
        "value": "happy"
    },
    "mood_party": {
        "all": {
            "not_party": 0.135146692395,
            "party": 0.864853322506
        },
        "probability": 0.864853322506,
        "value": "party"
    },
    "mood_relaxed": {
        "all": {
            "not_relaxed": 0.938310325146,
            "relaxed": 0.0616896934807
        },
        "probability": 0.938310325146,
        "value": "not_relaxed"
    },
    "mood_sad": {
        "all": {
            "not_sad": 0.86231726408,
            "sad": 0.137682721019
        },
        "probability": 0.86231726408,
        "value": "not_sad"
    },
    "moods_mirex": {
        "all": {
            "Cluster1": 0.0959466993809,
            "Cluster2": 0.312236189842,
            "Cluster3": 0.0383997559547,
            "Cluster4": 0.213652953506,
            "Cluster5": 0.339764416218
        },
        "probability": 0.339764416218,
        "value": "Cluster5"
    },
    "timbre": {
        "all": {
            "bright": 0.859956562519,
            "dark": 0.140043452382
        },
        "probability": 0.859956562519,
        "value": "bright"
    },
    "tonal_atonal": {
        "all": {
            "atonal": 0.425032019615,
            "tonal": 0.574967980385
        },
        "probability": 0.574967980385,
        "value": "tonal"
    },
    "voice_instrumental": {
        "all": {
            "instrumental": 0.00173101958353,
            "voice": 0.998268961906
        },
        "probability": 0.998268961906,
        "value": "voice"
    }
},
"lowlevel": {
    "average_loudness": 0.916530013084,
    "barkbands_crest": {
        "dmean": 3.37294220924,
        "dmean2": 5.44952726364,
        "dvar": 8.74939537048,
        "dvar2": 22.9546279907,
        "max": 23.5763187408,
        "mean": 9.34517097473,
        "median": 8.33501338959,
        "min": 2.46861028671,
        "var": 19.8819923401
    },
    "barkbands_flatness_db": {
        "dmean": 0.0256922375411,
        "dmean2": 0.039395570755,
        "dvar": 0.000567755952943,
        "dvar2": 0.00112202949822,
        "max": 0.322097122669,
        "mean": 0.135445952415,
        "median": 0.13086374104,
        "min": 0.037082310766,
        "var": 0.00215742806904
    },
    "barkbands_kurtosis": {
        "dmean": 2.67103505135,
        "dmean2": 4.24332761765,
        "dvar": 64.3281860352,
        "dvar2": 149.856002808,
        "max": 149.641220093,
        "mean": 2.07725381851,
        "median": -0.217413902283,
        "min": -1.90781164169,
        "var": 89.3273239136
    },
    "barkbands_skewness": {
        "dmean": 0.688857376575,
        "dmean2": 1.00830233097,
        "dvar": 0.529648303986,
        "dvar2": 1.08853387833,
        "max": 11.3497085571,
        "mean": 0.888227760792,
        "median": 0.689719319344,
        "min": -3.29678869247,
        "var": 1.96858477592
    },
    "barkbands_spread": {
        "dmean": 8.47822475433,
        "dmean2": 12.9838314056,
        "dvar": 73.2755813599,
        "dvar2": 146.640350342,
        "max": 99.3893966675,
        "mean": 31.1168422699,
        "median": 27.8613395691,
        "min": 1.65547561646,
        "var": 270.721313477
    },
    "dissonance": {
        "dmean": 0.0169516503811,
        "dmean2": 0.0285064317286,
        "dvar": 0.000323081680108,
        "dvar2": 0.000826637726277,
        "max": 0.500000059605,
        "mean": 0.474261373281,
        "median": 0.481378793716,
        "min": 0.29668417573,
        "var": 0.000544060661923
    },
    "dynamic_complexity": 2.01835203171,
    "erbbands_crest": {
        "dmean": 3.31508040428,
        "dmean2": 5.43857860565,
        "dvar": 9.69828414917,
        "dvar2": 25.0643310547,
        "max": 30.6891212463,
        "mean": 8.74057292938,
        "median": 7.70926570892,
        "min": 2.67434096336,
        "var": 18.6693019867
    },
    "erbbands_flatness_db": {
        "dmean": 0.0230815093964,
        "dmean2": 0.0330432280898,
        "dvar": 0.000509304984007,
        "dvar2": 0.000799428089522,
        "max": 0.349428504705,
        "mean": 0.167343333364,
        "median": 0.159509077668,
        "min": 0.0673587620258,
        "var": 0.00237632915378
    },
    "erbbands_kurtosis": {
        "dmean": 1.24481809139,
        "dmean2": 1.95183336735,
        "dvar": 3.43462133408,
        "dvar2": 6.67069196701,
        "max": 27.6661491394,
        "mean": 0.694849431515,
        "median": -0.107001066208,
        "min": -1.738037467,
        "var": 7.49647140503
    },
    "erbbands_skewness": {
        "dmean": 0.479460954666,
        "dmean2": 0.733697354794,
        "dvar": 0.204974815249,
        "dvar2": 0.452704519033,
        "max": 4.07678794861,
        "mean": 0.0203585010022,
        "median": 0.0290287993848,
        "min": -4.28071260452,
        "var": 0.822680175304
    },
    "erbbands_spread": {
        "dmean": 10.7919712067,
        "dmean2": 15.8997087479,
        "dvar": 130.360733032,
        "dvar2": 258.523773193,
        "max": 132.162261963,
        "mean": 38.3948669434,
        "median": 34.3966293335,
        "min": 5.59119939804,
        "var": 371.157348633
    },
    "hfc": {
        "dmean": 13.9703512192,
        "dmean2": 18.8257694244,
        "dvar": 270.144805908,
        "dvar2": 523.38482666,
        "max": 153.014099121,
        "mean": 33.0533447266,
        "median": 26.2641220093,
        "min": 0.641325235367,
        "var": 663.049621582
    },
    "melbands_crest": {
        "dmean": 4.56447267532,
        "dmean2": 7.35772752762,
        "dvar": 16.8541507721,
        "dvar2": 39.0366172791,
        "max": 37.5688896179,
        "mean": 14.7283811569,
        "median": 13.1164674759,
        "min": 2.9972577095,
        "var": 51.1453132629
    },
    "melbands_flatness_db": {
        "dmean": 0.0322150960565,
        "dmean2": 0.0483389571309,
        "dvar": 0.00085264275549,
        "dvar2": 0.00168662471697,
        "max": 0.415469557047,
        "mean": 0.141183301806,
        "median": 0.131266802549,
        "min": 0.0113107375801,
        "var": 0.00416236743331
    },
    "melbands_kurtosis": {
        "dmean": 8.65133571625,
        "dmean2": 13.3595895767,
        "dvar": 767.859924316,
        "dvar2": 1657.93041992,
        "max": 565.562072754,
        "mean": 10.9778156281,
        "median": 3.01520395279,
        "min": -1.84440469742,
        "var": 1142.85791016
    },
    "melbands_skewness": {
        "dmean": 0.956960976124,
        "dmean2": 1.40670204163,
        "dvar": 1.4651389122,
        "dvar2": 2.91683530807,
        "max": 21.2870426178,
        "mean": 2.18136668205,
        "median": 1.68563091755,
        "min": -1.09777355194,
        "var": 4.55982208252
    },
    "melbands_spread": {
        "dmean": 15.8881864548,
        "dmean2": 23.7054271698,
        "dvar": 349.251037598,
        "dvar2": 697.335571289,
        "max": 238.234542847,
        "mean": 43.4930343628,
        "median": 36.0564689636,
        "min": 0.897857367992,
        "var": 1093.50878906
    },
    "pitch_salience": {
        "dmean": 0.0885880440474,
        "dmean2": 0.142705157399,
        "dvar": 0.00686340639368,
        "dvar2": 0.0168113429099,
        "max": 0.874867618084,
        "mean": 0.571145474911,
        "median": 0.587940454483,
        "min": 0.103461831808,
        "var": 0.0182475820184
    },
    "silence_rate_20dB": {
        "dmean": 0,
        "dmean2": 0,
        "dvar": 0,
        "dvar2": 0,
        "max": 1,
        "mean": 1,
        "median": 1,
        "min": 1,
        "var": 0
    },
    "silence_rate_30dB": {
        "dmean": 0.0108359130099,
        "dmean2": 0.0216886140406,
        "dvar": 0.0107183940709,
        "dvar2": 0.0305124539882,
        "max": 1,
        "mean": 0.993039429188,
        "median": 1,
        "min": 0,
        "var": 0.00691223749891
    },
    "silence_rate_60dB": {
        "dmean": 0.0356037169695,
        "dmean2": 0.0712625905871,
        "dvar": 0.0343358628452,
        "dvar2": 0.0832262858748,
        "max": 1,
        "mean": 0.039443153888,
        "median": 0,
        "min": 0,
        "var": 0.0378875136375
    },
    "spectral_centroid": {
        "dmean": 423.428222656,
        "dmean2": 648.489318848,
        "dvar": 157703.890625,
        "dvar2": 314205.71875,
        "max": 5338.93652344,
        "mean": 2103.00634766,
        "median": 2044.61743164,
        "min": 539.179077148,
        "var": 559418.0625
    },
    "spectral_complexity": {
        "dmean": 6.56811141968,
        "dmean2": 8.90782356262,
        "dvar": 44.3365516663,
        "dvar2": 72.9900588989,
        "max": 62,
        "mean": 21.8801231384,
        "median": 20,
        "min": 0,
        "var": 149.941589355
    },
    "spectral_decrease": {
        "dmean": 2.50840526128e-09,
        "dmean2": 3.89196763706e-09,
        "dvar": 1.24122934233e-17,
        "dvar2": 2.99758739635e-17,
        "max": -1.07154798923e-10,
        "mean": -5.73197223019e-09,
        "median": -4.39521485873e-09,
        "min": -3.51676092691e-08,
        "var": 3.02536809179e-17
    },
    "spectral_energy": {
        "dmean": 0.0103702098131,
        "dmean2": 0.0158870853484,
        "dvar": 0.000189514074009,
        "dvar2": 0.000452462933026,
        "max": 0.13432995975,
        "mean": 0.0246318113059,
        "median": 0.0197841785848,
        "min": 0.000561385008041,
        "var": 0.000461199844722
    },
    "spectral_energyband_high": {
        "dmean": 0.00127093307674,
        "dmean2": 0.00168745114934,
        "dvar": 3.62748369298e-06,
        "dvar2": 6.24488347967e-06,
        "max": 0.0201200246811,
        "mean": 0.00230238749646,
        "median": 0.00110964360647,
        "min": 1.53484470502e-05,
        "var": 8.96026358532e-06
    },
    "spectral_energyband_low": {
        "dmean": 0.00379769247957,
        "dmean2": 0.00629390170798,
        "dvar": 0.000143698154716,
        "dvar2": 0.000371460831957,
        "max": 0.124850563705,
        "mean": 0.00744937499985,
        "median": 0.000184854972758,
        "min": 7.55458060553e-08,
        "var": 0.000343885825714
    },
    "spectral_energyband_middle_high": {
        "dmean": 0.00298474403098,
        "dmean2": 0.00435571279377,
        "dvar": 1.42495091495e-05,
        "dvar2": 2.856923129e-05,
        "max": 0.0485915802419,
        "mean": 0.00676381587982,
        "median": 0.00542532512918,
        "min": 8.27733965707e-05,
        "var": 3.40916085406e-05
    },
    "spectral_energyband_middle_low": {
        "dmean": 0.00596386706457,
        "dmean2": 0.00984759069979,
        "dvar": 9.95834125206e-05,
        "dvar2": 0.000256626750343,
        "max": 0.0760110095143,
        "mean": 0.00845948792994,
        "median": 0.00493296049535,
        "min": 9.11126917345e-05,
        "var": 0.000105842256744
    },
    "spectral_entropy": {
        "dmean": 0.187138020992,
        "dmean2": 0.270239621401,
        "dvar": 0.032900903374,
        "dvar2": 0.0598882958293,
        "max": 8.90418243408,
        "mean": 7.91335868835,
        "median": 7.92453432083,
        "min": 6.23804092407,
        "var": 0.11462084949
    },
    "spectral_flux": {
        "dmean": 0.029102826491,
        "dmean2": 0.0439976863563,
        "dvar": 0.00103035231587,
        "dvar2": 0.00208844011649,
        "max": 0.31868237257,
        "mean": 0.103617079556,
        "median": 0.0954874008894,
        "min": 0.0154272951186,
        "var": 0.00246881647035
    },
    "spectral_kurtosis": {
        "dmean": 1.07385551929,
        "dmean2": 1.63576853275,
        "dvar": 1.12877082825,
        "dvar2": 2.48124527931,
        "max": 12.5158042908,
        "mean": 3.06843304634,
        "median": 2.82455587387,
        "min": -1.17836809158,
        "var": 3.30526423454
    },
    "spectral_rms": {
        "dmean": 0.000987302977592,
        "dmean2": 0.0014458700316,
        "dvar": 1.0121749483e-06,
        "dvar2": 2.13792827708e-06,
        "max": 0.0114478655159,
        "mean": 0.00452122371644,
        "median": 0.00439336290583,
        "min": 0.000740062620025,
        "var": 3.58961005986e-06
    },
    "spectral_rolloff": {
        "dmean": 1046.61071777,
        "dmean2": 1667.31542969,
        "dvar": 1886807.625,
        "dvar2": 3640297.5,
        "max": 13652.0507812,
        "mean": 3130.02563477,
        "median": 2476.31835938,
        "min": 43.06640625,
        "var": 5443717.5
    },
    "spectral_skewness": {
        "dmean": 0.202807605267,
        "dmean2": 0.300333440304,
        "dvar": 0.035778734833,
        "dvar2": 0.0704369544983,
        "max": 2.51972341537,
        "mean": 1.29420542717,
        "median": 1.29631817341,
        "min": 0.0663926228881,
        "var": 0.126250445843
    },
    "spectral_spread": {
        "dmean": 774852.625,
        "dmean2": 1092745.875,
        "dvar": 839902363648,
        "dvar2": 1.45558994944e+12,
        "max": 17141466,
        "mean": 5176300.5,
        "median": 4976820.5,
        "min": 2205320.5,
        "var": 2.57308701491e+12
    },
    "spectral_strongpeak": {
        "dmean": 0.709903240204,
        "dmean2": 1.20315146446,
        "dvar": 0.996195316315,
        "dvar2": 2.47138476372,
        "max": 9.99771785736,
        "mean": 1.10506260395,
        "median": 0.711053013802,
        "min": 0,
        "var": 1.35683488846
    },
    "zerocrossingrate": {
        "dmean": 0.0204511228949,
        "dmean2": 0.0220048055053,
        "dvar": 0.000484363845317,
        "dvar2": 0.000535276310984,
        "max": 0.36474609375,
        "mean": 0.105933241546,
        "median": 0.095703125,
        "min": 0.00537109375,
        "var": 0.00300602708012
    },
    "barkbands": {
        "dmean": [0.000632641429547, 0.00235836603679, 0.0017865212867, 0.000788141973317, 0.00189952121582, 0.000949100183789, 0.00154753506649, 0.001196349971, 0.00160983763635, 0.00051357713528, 0.000825692724902, 0.000547370640561, 0.000411530112615, 0.000504859781358, 0.000546219467651, 0.000429732288467, 0.000367061089491, 0.000361111568054, 0.0004446246312, 0.00026831869036, 0.000318411213811, 0.00029565623845, 0.000254103855696, 0.000235717103351, 0.00020073846099, 7.936777547e-05, 5.57560397851e-08],
        "dmean2": [0.000995977665298, 0.00345055363141, 0.00330520467833, 0.00144002388697, 0.00320227723569, 0.0016243387945, 0.00257042958401, 0.00201578508131, 0.00268273265101, 0.000774890941102, 0.00136621564161, 0.000879607046954, 0.000672999711242, 0.000815652834717, 0.000877918500919, 0.000688522646669, 0.00057995779207, 0.000573660770897, 0.000672792783007, 0.000398591306293, 0.000458580791019, 0.000423806952313, 0.000377033924451, 0.000321926490869, 0.000277658662526, 0.000114668997412, 1.00599748976e-07],
        "dvar": [4.45623936685e-06, 6.07931033301e-05, 7.68867248553e-05, 1.12249354061e-05, 2.57201336353e-05, 4.00752787755e-06, 1.28906376631e-05, 7.91994534666e-06, 1.17399504234e-05, 2.54871974903e-06, 5.05588559463e-06, 1.13180146855e-06, 7.35523201456e-07, 1.48566823555e-06, 8.41160954224e-07, 4.00218340246e-07, 3.05384418198e-07, 4.26914482432e-07, 5.08391337917e-07, 1.59051921855e-07, 3.26165718434e-07, 2.9185071071e-07, 2.19211784724e-07, 1.75769343969e-07, 1.66597928342e-07, 4.66043097447e-08, 6.17667199397e-14],
        "dvar2": [1.16578858069e-05, 0.000125393431517, 0.000218836168642, 3.2606676541e-05, 6.85876293574e-05, 1.05892077045e-05, 3.29199865519e-05, 2.01799484785e-05, 3.10992982122e-05, 4.42622467745e-06, 1.21420544019e-05, 2.5889276003e-06, 1.88353601516e-06, 3.43170472661e-06, 2.17116826207e-06, 9.96442508949e-07, 7.71607631123e-07, 1.06538391265e-06, 1.03493016468e-06, 3.31062722125e-07, 6.20319099198e-07, 5.65325535717e-07, 4.64747643036e-07, 3.58855345439e-07, 3.91742787542e-07, 1.06258163157e-07, 1.65575208709e-13],
        "max": [0.0243448801339, 0.102381452918, 0.086811631918, 0.0393826738, 0.0434170179069, 0.015770111233, 0.052641350776, 0.0428589917719, 0.0457826629281, 0.0460781082511, 0.0304339509457, 0.0169910676777, 0.0111024491489, 0.0291879270226, 0.00920453108847, 0.00834574922919, 0.00637316145003, 0.00795960053802, 0.0090027730912, 0.0038575376384, 0.00773956766352, 0.00810070615262, 0.00715460767969, 0.00526349106804, 0.00500755244866, 0.0051713171415, 2.92329104923e-06],
        "mean": [0.00105931167491, 0.00449040485546, 0.0016274843365, 0.000591790885665, 0.00184987776447, 0.00091419077944, 0.00168125587516, 0.00125998095609, 0.00204209657386, 0.000636660144664, 0.000851908873301, 0.000763521646149, 0.000542385969311, 0.000647509354167, 0.000743001117371, 0.000632058887277, 0.000576860096771, 0.000520126661286, 0.000688494590577, 0.000439782335889, 0.000493579485919, 0.000451557687484, 0.000385269086109, 0.000348772155121, 0.000286609196337, 0.000107308238512, 3.63172318885e-08],
        "median": [3.29428530677e-06, 3.33076895913e-05, 4.39839532191e-05, 6.40792932245e-05, 0.000244849245064, 0.000261823792243, 0.000371833739337, 0.000276572973235, 0.000483611074742, 0.00017920533719, 0.00024793780176, 0.000267310533673, 0.000228578501265, 0.000300498038996, 0.000370129622752, 0.00037191217416, 0.000343350373441, 0.000261346722255, 0.000312635063892, 0.000232081030845, 0.000192979176063, 0.000195434331545, 0.000152975888341, 0.000128282757942, 0.000111064968223, 3.58547949872e-05, 4.45713299602e-10],
        "min": [9.79077707797e-10, 1.00033696881e-08, 1.74182934742e-09, 1.20048362362e-08, 6.84029771492e-07, 2.30803038903e-07, 7.0942826369e-07, 5.97835651206e-07, 1.28804947508e-06, 7.30494321033e-07, 9.24551386561e-07, 1.42806334225e-06, 1.48707874814e-06, 1.0236694834e-06, 2.12244185605e-06, 1.37619258567e-06, 1.09817779048e-06, 5.56356735615e-06, 3.83608721677e-06, 4.66871051685e-06, 3.2262169043e-06, 1.05336425804e-06, 1.67996654454e-06, 8.70354028848e-07, 3.02932079421e-08, 3.37623713709e-11, 6.42109152307e-12],
        "var": [9.53991821007e-06, 0.000154308654601, 5.19433779118e-05, 6.73776730764e-06, 2.29709603445e-05, 3.57359817826e-06, 1.4098704014e-05, 7.79532092565e-06, 1.60250383487e-05, 4.84413658342e-06, 5.20862931808e-06, 1.74950957899e-06, 8.7879163857e-07, 1.75031846084e-06, 1.10620237592e-06, 6.19393858869e-07, 4.70049315027e-07, 5.94370874296e-07, 9.95591449282e-07, 3.29577943603e-07, 6.46604462418e-07, 5.71595819565e-07, 4.09019349945e-07, 3.40793491205e-07, 2.41590413452e-07, 5.96407900844e-08, 4.05999866159e-14]
    },
    "erbbands": {
        "dmean": [0.126094102859, 0.374502301216, 1.6096265316, 2.70014047623, 4.93559503555, 6.8101682663, 4.93287563324, 9.11294746399, 21.7386322021, 20.7736167908, 30.3197402954, 36.6538848877, 15.0882568359, 31.6547050476, 20.1639938354, 21.8191661835, 18.1958446503, 24.2756633759, 24.3179111481, 23.5285129547, 21.7439689636, 20.1046218872, 18.5088348389, 21.386051178, 18.4990463257, 12.9530887604, 13.171415329, 11.9319524765, 10.9902620316, 8.94277095795, 7.17227935791, 5.43168926239, 3.8064455986, 2.56475973129, 1.28567659855, 0.450818091631, 0.146417975426, 0.0112342890352, 0.000217679640627, 2.31355679716e-05],
        "dmean2": [0.195768684149, 0.558089494705, 2.86307287216, 4.92825889587, 8.46622085571, 11.5220117569, 8.67778682709, 15.5101032257, 35.962223053, 34.2698822021, 50.2439193726, 61.6407203674, 23.8872661591, 51.0120658875, 33.4902191162, 34.2087059021, 28.2779693604, 38.11460495, 39.264503479, 37.7225074768, 34.6633491516, 31.2171878815, 28.4833030701, 32.7674255371, 27.8523769379, 19.248998642, 19.450881958, 17.0082759857, 15.5355873108, 13.3435020447, 10.6300144196, 7.53205251694, 5.41087150574, 3.65513300896, 1.76449620724, 0.664854049683, 0.209739282727, 0.0169245135039, 0.000315498822602, 3.25961955241e-05],
        "dvar": [0.21303114295, 1.65209341049, 60.3237533569, 146.637557983, 206.305130005, 325.756591797, 166.306747437, 377.704406738, 3010.17407227, 2436.66186523, 4049.56689453, 7844.46435547, 1214.33374023, 8221.70507812, 1797.15478516, 1976.77587891, 1252.42810059, 3547.54296875, 1389.80383301, 1316.83374023, 913.080871582, 997.191589355, 932.945739746, 1507.8112793, 802.501831055, 411.605163574, 550.242126465, 484.985778809, 419.722991943, 330.547546387, 171.193008423, 100.113113403, 51.5079269409, 26.7442035675, 6.36251497269, 1.20980131626, 0.176344767213, 0.00074275751831, 2.62118419414e-07, 1.16301013264e-09],
        "dvar2": [0.474362581968, 3.01591396332, 166.309890747, 419.374694824, 555.128112793, 866.04901123, 461.111633301, 997.754089355, 7845.80224609, 6037.32666016, 10536.3388672, 21584.28125, 2578.72558594, 17786.421875, 4214.28173828, 4297.10302734, 2985.83935547, 7609.63134766, 3398.42358398, 3252.62011719, 2230.16235352, 2381.36181641, 2192.65307617, 3225.97607422, 1671.33679199, 899.319519043, 1129.13134766, 899.59375, 818.939880371, 702.076538086, 381.197143555, 185.457015991, 117.239219666, 62.5585594177, 14.641076088, 2.80324435234, 0.400922864676, 0.00178706122097, 6.12479652773e-07, 2.54066212513e-09],
        "max": [5.76619672775, 17.39112854, 79.6399536133, 114.133995056, 106.244689941, 159.49432373, 101.736175537, 183.856735229, 904.433044434, 658.828430176, 889.536071777, 1413.29333496, 840.438659668, 1733.80065918, 523.809936523, 855.854125977, 507.681030273, 1338.96044922, 400.66595459, 423.537750244, 340.006835938, 425.794372559, 396.903045654, 606.37310791, 471.79586792, 214.815231323, 333.393157959, 332.111053467, 336.613250732, 243.475799561, 156.131576538, 143.263015747, 112.118171692, 67.1392669678, 32.2213859558, 20.8699150085, 10.6866531372, 0.578587174416, 0.0112226996571, 0.000613360491116],
        "mean": [0.223133385181, 0.636551737785, 1.65022349358, 2.28799104691, 4.25013208389, 6.74584007263, 4.73205375671, 9.08944797516, 22.5972366333, 22.0073757172, 37.3764724731, 45.8053474426, 21.1861000061, 36.8922348022, 24.7880554199, 32.4775161743, 27.0933055878, 32.4530754089, 37.2568359375, 36.3514785767, 34.6759643555, 32.8499145508, 27.9283466339, 34.3015594482, 29.7431602478, 21.3562297821, 20.1808376312, 18.8604679108, 16.4644927979, 13.2769374847, 10.7157897949, 8.19728279114, 5.359167099, 3.47859239578, 1.83544850349, 0.62187486887, 0.188780277967, 0.013053830713, 0.000289044022793, 5.03360133735e-05],
        "median": [0.000683256657794, 0.00873227231205, 0.0484106764197, 0.246343821287, 0.482194811106, 0.800806879997, 1.04523694515, 2.95517516136, 5.68645238876, 5.88491868973, 11.0526819229, 12.4097394943, 7.03674125671, 8.74551296234, 9.66841030121, 12.1798324585, 12.772480011, 14.995262146, 20.7429790497, 21.8112182617, 20.1202545166, 21.3713703156, 14.7025680542, 14.7288837433, 15.2603549957, 10.9693880081, 7.9820189476, 8.07576179504, 7.12752389908, 5.35818624496, 4.10819244385, 2.87521529198, 1.96280884743, 1.37543880939, 0.687706291676, 0.193013727665, 0.0631029009819, 0.00396223785356, 0.000107021609438, 3.64198167517e-05],
        "min": [1.19264802834e-06, 2.38161192101e-06, 4.54542714579e-06, 3.94413582399e-05, 0.000877306738403, 0.00258728256449, 0.00303888390772, 0.0121851479635, 0.0177283640951, 0.034824129194, 0.0820527300239, 0.052754830569, 0.0364610254765, 0.0472138077021, 0.0529684498906, 0.0668852999806, 0.0744478628039, 0.0489410497248, 0.0951363891363, 0.123026847839, 0.064930036664, 0.0956168398261, 0.235503286123, 0.303291350603, 0.199461221695, 0.188058674335, 0.124793164432, 0.120269060135, 0.0565368756652, 0.0423231981695, 0.0508480444551, 0.0334323421121, 0.014450985007, 0.0045399130322, 0.00069776060991, 0.000263456517132, 2.03365016205e-05, 4.70603754366e-06, 1.52046550284e-06, 1.0649774822e-06],
        "var": [0.443897634745, 3.54066491127, 46.1527633667, 95.3046722412, 166.09312439, 292.328887939, 118.620803833, 344.644561768, 3001.32250977, 2638.40649414, 4827.96191406, 8252.00488281, 2930.42651367, 12200.6601562, 2212.40258789, 3159.05737305, 1780.84741211, 4582.67529297, 2130.78613281, 1967.39208984, 1668.00585938, 1502.96166992, 1443.56994629, 2884.37084961, 1624.91711426, 800.804443359, 1037.84301758, 956.814086914, 799.265625, 548.2890625, 305.024749756, 221.299057007, 77.1967926025, 36.4824905396, 10.224981308, 1.7278573513, 0.206542357802, 0.000807842705399, 3.16120008392e-07, 2.16506390593e-09]
    },
    "gfcc": {
        "mean": [13.0083627701, 27.6259212494, -146.409439087, 21.9109020233, -77.3397979736, 13.2253847122, -50.0963554382, 12.7511196136, -26.8128204346, 7.84679603577, -20.2720985413, 1.39965879917, -12.9428138733],
        "cov": [[2686.73168945, 179.738769531, 729.31439209, 444.263549805, 321.839660645, 319.872924805, 110.815544128, 108.541252136, -13.8311634064, 18.4412498474, -75.7807006836, 65.3128051758, -52.2028160095], [179.738769531, 1182.53894043, 254.7734375, 220.995132446, 451.438598633, 317.352142334, 300.090087891, 124.997360229, 169.849578857, -4.59389925003, 68.6550140381, -66.7805328369, 37.3188781738], [729.31439209, 254.7734375, 1498.43127441, 842.298095703, 688.730041504, 559.426025391, 244.880325317, 196.194610596, 9.84509277344, 83.5084152222, -81.9584274292, 96.6826248169, -19.8401603699], [444.263549805, 220.995132446, 842.298095703, 958.246032715, 635.394470215, 402.39151001, 262.162780762, 148.159347534, 50.1696090698, 35.0677757263, 2.09622383118, 61.8117675781, 77.9534606934], [321.839660645, 451.438598633, 688.730041504, 635.394470215, 885.629089355, 568.200256348, 410.46963501, 245.413330078, 90.3167114258, 75.0898361206, 5.97636604309, 83.2807693481, 56.3995742798], [319.872924805, 317.352142334, 559.426025391, 402.39151001, 568.200256348, 676.826721191, 391.11630249, 200.901733398, 128.769424438, 50.1443748474, 24.0804080963, 43.5493469238, 37.2365989685], [110.815544128, 300.090087891, 244.880325317, 262.162780762, 410.46963501, 391.11630249, 472.100769043, 225.211959839, 86.2867202759, 47.0973701477, 25.094285965, 47.502368927, 53.456111908], [108.541252136, 124.997360229, 196.194610596, 148.159347534, 245.413330078, 200.901733398, 225.211959839, 254.527740479, 112.670822144, 61.6465873718, 16.6609706879, 29.1220817566, 27.4273166656], [-13.8311634064, 169.849578857, 9.84509277344, 50.1696090698, 90.3167114258, 128.769424438, 86.2867202759, 112.670822144, 209.301498413, 71.5244140625, 42.0534858704, -13.3043212891, 16.694562912], [18.4412498474, -4.59389925003, 83.5084152222, 35.0677757263, 75.0898361206, 50.1443748474, 47.0973701477, 61.6465873718, 71.5244140625, 130.340393066, 35.5200080872, 31.3076629639, 8.36949634552], [-75.7807006836, 68.6550140381, -81.9584274292, 2.09622383118, 5.97636604309, 24.0804080963, 25.094285965, 16.6609706879, 42.0534858704, 35.5200080872, 123.591743469, 31.9129524231, 26.1667327881], [65.3128051758, -66.7805328369, 96.6826248169, 61.8117675781, 83.2807693481, 43.5493469238, 47.502368927, 29.1220817566, -13.3043212891, 31.3076629639, 31.9129524231, 120.589263916, 38.3357162476], [-52.2028160095, 37.3188781738, -19.8401603699, 77.9534606934, 56.3995742798, 37.2365989685, 53.456111908, 27.4273166656, 16.694562912, 8.36949634552, 26.1667327881, 38.3357162476, 118.148895264]],
        "icov": [[0.000470254948596, -0.000204219206353, 3.79988305212e-05, -0.000296701589832, 0.000313108350383, -0.000371851463569, 0.000307966256514, -0.000348089874024, 0.00033039887785, -0.000210838916246, 0.000470325932838, -0.000532301492058, 0.000420422904426], [-0.000204219206353, 0.0020755440928, -0.0010789136868, 0.00133896968327, -0.00186794064939, 0.00152725772932, -0.00171363784466, 0.00172652432229, -0.00229494436644, 0.002065630164, -0.00235338858329, 0.00264520477504, -0.00118468981236], [3.79988305212e-05, -0.0010789136868, 0.00305910315365, -0.00252668303438, 0.00122535100672, -0.00257022841834, 0.00221044616774, -0.00212875101715, 0.00254829740152, -0.00257586291991, 0.00304679293185, -0.00262404512614, 0.00225657317787], [-0.000296701589832, 0.00133896968327, -0.00252668303438, 0.0043941703625, -0.00303570413962, 0.00230458052829, -0.00186775927432, 0.00226083653979, -0.00249644904397, 0.00266205798835, -0.00293725542724, 0.00287948409095, -0.00295413355343], [0.000313108350383, -0.00186794064939, 0.00122535100672, -0.00303570413962, 0.00587680237368, -0.00351127795875, 0.00104688783176, -0.00280184531584, 0.00294211180881, -0.00289210630581, 0.00302019552328, -0.00340159097686, 0.00163907418028], [-0.000371851463569, 0.00152725772932, -0.00257022841834, 0.00230458052829, -0.00351127795875, 0.00688786292449, -0.00442905165255, 0.00312457745895, -0.00444275280461, 0.00339800189249, -0.00338316545822, 0.00289107742719, -0.00161669577938], [0.000307966256514, -0.00171363784466, 0.00221044616774, -0.00186775927432, 0.00104688783176, -0.00442905165255, 0.00804141350091, -0.0055714356713, 0.0037592726294, -0.00231630937196, 0.00250130821951, -0.00278066843748, 0.000813228427432], [-0.000348089874024, 0.00172652432229, -0.00212875101715, 0.00226083653979, -0.00280184531584, 0.00312457745895, -0.0055714356713, 0.0111555410549, -0.00616641435772, 0.00157049030531, -0.00197002873756, 0.00197647651657, -0.00170938612428], [0.00033039887785, -0.00229494436644, 0.00254829740152, -0.00249644904397, 0.00294211180881, -0.00444275280461, 0.0037592726294, -0.00616641435772, 0.0122038638219, -0.00663809617981, 0.00159948854707, -0.000361368525773, 0.00118112389464], [-0.000210838916246, 0.002065630164, -0.00257586291991, 0.00266205798835, -0.00289210630581, 0.00339800189249, -0.00231630937196, 0.00157049030531, -0.00663809617981, 0.0141088040546, -0.00500055542216, 0.000529465207364, -0.00106728181709], [0.000470325932838, -0.00235338858329, 0.00304679293185, -0.00293725542724, 0.00302019552328, -0.00338316545822, 0.00250130821951, -0.00197002873756, 0.00159948854707, -0.00500055542216, 0.0143283428624, -0.00665130279958, 0.0014639524743], [-0.000532301492058, 0.00264520477504, -0.00262404512614, 0.00287948409095, -0.00340159097686, 0.00289107742719, -0.00278066843748, 0.00197647651657, -0.000361368525773, 0.000529465207364, -0.00665130279958, 0.015956826508, -0.00559018598869], [0.000420422904426, -0.00118468981236, 0.00225657317787, -0.00295413355343, 0.00163907418028, -0.00161669577938, 0.000813228427432, -0.00170938612428, 0.00118112389464, -0.00106728181709, 0.0014639524743, -0.00559018598869, 0.0125062065199]]
    },
    "melbands": {
        "dmean": [0.000844172900543, 0.000641185964923, 0.000487930490635, 0.000476484157844, 0.000182765812497, 0.000207399571082, 0.000322068633977, 0.000226560121519, 0.000275003229035, 0.000221296286327, 7.40539253457e-05, 0.000125250953715, 8.95491757547e-05, 5.4853837355e-05, 5.44693939446e-05, 4.16916118411e-05, 4.80919079564e-05, 3.89865126635e-05, 4.44884535682e-05, 3.1546333048e-05, 2.64735699602e-05, 2.4618813768e-05, 1.82075982593e-05, 1.68720853253e-05, 1.92190054804e-05, 1.71404280991e-05, 1.05938643173e-05, 8.86575799086e-06, 8.4179764599e-06, 7.98469318397e-06, 7.15021906217e-06, 6.3350430537e-06, 6.26928158454e-06, 4.88352407046e-06, 4.59760167359e-06, 3.6027142869e-06, 3.38930999533e-06, 2.94151095659e-06, 2.3183738449e-06, 2.18134255192e-06],
        "dmean2": [0.00124514545314, 0.00103605620097, 0.000868520641234, 0.00081174907973, 0.000320207502227, 0.000350724672899, 0.000531421857886, 0.000375710544176, 0.000451704312582, 0.000371975795133, 0.000118010997539, 0.000200170863536, 0.0001469514973, 8.73889221111e-05, 8.52982775541e-05, 6.78617725498e-05, 7.55459186621e-05, 6.34004099993e-05, 7.26673970348e-05, 5.1043338317e-05, 4.32764136349e-05, 3.9118611312e-05, 2.90538428089e-05, 2.61928944383e-05, 2.98359791486e-05, 2.62821013166e-05, 1.59177743626e-05, 1.35079935717e-05, 1.24683101603e-05, 1.20071135825e-05, 1.04611717688e-05, 9.08997026272e-06, 9.37519052968e-06, 7.48533966544e-06, 7.17364900993e-06, 5.21054471392e-06, 4.77112553199e-06, 4.2757551455e-06, 3.34407786795e-06, 3.18295974466e-06],
        "dvar": [8.38767300593e-06, 7.98665860202e-06, 3.69182248505e-06, 1.72742568338e-06, 2.35450826835e-07, 1.80176826348e-07, 6.11103303072e-07, 2.9297498827e-07, 2.80217363979e-07, 2.86979314978e-07, 3.13482892977e-08, 1.30019742528e-07, 4.91517759826e-08, 1.35593118955e-08, 1.04711084248e-08, 8.08726596802e-09, 1.60870623489e-08, 4.15587209091e-09, 7.27659621447e-09, 2.46698439454e-09, 1.38239031333e-09, 1.74644132489e-09, 8.03526079007e-10, 1.23919696726e-09, 1.23542154284e-09, 7.75422115407e-10, 2.34071345639e-10, 2.06848316253e-10, 2.26474811127e-10, 2.53067788947e-10, 1.72956510225e-10, 1.36780656246e-10, 1.58567922681e-10, 1.04772517051e-10, 7.55403031794e-11, 4.49445099193e-11, 3.97971551547e-11, 2.94969708381e-11, 2.53179959636e-11, 1.86628334314e-11],
        "dvar2": [1.80408715096e-05, 2.02190494747e-05, 1.02783942566e-05, 4.57951455246e-06, 6.55273424854e-07, 4.70934821806e-07, 1.58828459007e-06, 7.30229203327e-07, 7.33472973025e-07, 7.83782184044e-07, 6.60132499775e-08, 2.71293231435e-07, 1.17295122948e-07, 3.00272837706e-08, 2.54608973904e-08, 1.93493061573e-08, 3.62365675244e-08, 1.05128101779e-08, 1.91772979719e-08, 6.26741192278e-09, 3.45989437101e-09, 4.36395053427e-09, 1.95416327564e-09, 3.17437809372e-09, 2.69472955061e-09, 1.69736491529e-09, 5.17708709236e-10, 4.69927929903e-10, 4.87291262896e-10, 5.12635767169e-10, 3.37649103122e-10, 2.63186666905e-10, 3.43703759897e-10, 2.3866109089e-10, 1.83822387867e-10, 8.58080273503e-11, 7.8804733572e-11, 6.78057471282e-11, 6.02112318338e-11, 4.39003486341e-11],
        "max": [0.0387152433395, 0.0310738794506, 0.0186301209033, 0.0121293039992, 0.00374677218497, 0.00366739486344, 0.0126156210899, 0.00637631071731, 0.00588572537526, 0.00850850623101, 0.0041458630003, 0.00768061680719, 0.00318573764525, 0.00186222302727, 0.0014994002413, 0.00127595802769, 0.00303279259242, 0.000892707845196, 0.000820111716166, 0.000765455886722, 0.000362343183951, 0.000530109042302, 0.000319434911944, 0.000563004345167, 0.000502771930769, 0.000337482604664, 0.000221910886467, 0.000142052027513, 0.000222021946684, 0.000260399508988, 0.000195305445231, 0.000201026676223, 0.000176957153599, 0.000156035792315, 8.62995148054e-05, 9.62396661635e-05, 9.87777093542e-05, 7.26371217752e-05, 8.04273659014e-05, 4.92251783726e-05],
        "mean": [0.00157672422938, 0.000863955181558, 0.000429937557783, 0.000443632801762, 0.000185074197361, 0.000207056902582, 0.000341714825481, 0.000229320139624, 0.0003416435502, 0.000273712037597, 9.67232044786e-05, 0.000144330813782, 9.67080486589e-05, 7.37887748983e-05, 8.24390808702e-05, 5.29446842847e-05, 6.04239321547e-05, 5.67180031794e-05, 5.78264116484e-05, 4.45557889179e-05, 3.93054979213e-05, 3.64282968803e-05, 2.63409947365e-05, 2.3805489036e-05, 2.8583302992e-05, 2.44243838097e-05, 1.68458846019e-05, 1.34840529427e-05, 1.23073668874e-05, 1.19218293548e-05, 1.06666639113e-05, 9.37080767471e-06, 8.42268491397e-06, 6.99278098182e-06, 6.37461153019e-06, 5.42526049685e-06, 4.8548331506e-06, 3.95029246647e-06, 3.07726486426e-06, 2.88547403215e-06],
        "median": [9.0133098638e-06, 2.21035461436e-05, 5.68780415051e-05, 5.39145512448e-05, 3.79298908229e-05, 6.76592098898e-05, 8.38899723021e-05, 5.22984264535e-05, 8.78359132912e-05, 6.38799465378e-05, 2.50897410297e-05, 3.28098030877e-05, 3.27940069837e-05, 2.69253869192e-05, 3.39858343068e-05, 2.37809090322e-05, 2.33185583056e-05, 2.98682589346e-05, 2.78181923932e-05, 2.65515718638e-05, 2.06355580303e-05, 2.08603323699e-05, 1.43074539665e-05, 1.0932180885e-05, 1.1701047697e-05, 1.10568153104e-05, 8.56558381201e-06, 6.47771958029e-06, 4.7189560064e-06, 4.53263965028e-06, 4.54162818642e-06, 4.30233831139e-06, 3.144363518e-06, 2.81658685708e-06, 2.39056384999e-06, 2.03379590857e-06, 1.57681165547e-06, 1.46404227053e-06, 1.19066442039e-06, 1.10080532068e-06],
        "min": [3.24736282309e-09, 2.53213894297e-09, 1.6910478351e-08, 1.39051650194e-07, 1.10284489097e-07, 7.74314798946e-08, 2.06210046372e-07, 1.82725386821e-07, 1.81097590257e-07, 1.94441383883e-07, 1.00669026892e-07, 1.60980761166e-07, 1.68406671719e-07, 1.376817238e-07, 1.06816933965e-07, 1.81850580816e-07, 8.66331859584e-08, 1.46979758142e-07, 1.50292223111e-07, 1.22563037053e-07, 6.11575572407e-08, 7.76327695462e-08, 5.96479452497e-08, 2.28396189073e-07, 1.38230703328e-07, 1.42111190371e-07, 1.40499963663e-07, 5.19466034632e-08, 4.52373072335e-08, 7.04731490941e-08, 2.86400716476e-08, 9.51122380854e-09, 1.09934994441e-09, 2.40844855171e-08, 1.62299436113e-08, 2.09480361946e-08, 8.33788416088e-09, 2.7732318178e-11, 4.32343216783e-10, 1.06719997423e-11],
