{
"highlevel": {
    "danceability": {
        "all": {
            "danceable": 0.110792674124,
            "not_danceable": 0.889207303524
        },
        "probability": 0.889207303524,
        "value": "not_danceable"
    },
    "gender": {
        "all": {
            "female": 0.0146181723103,
            "male": 0.98538184166
        },
        "probability": 0.98538184166,
        "value": "male"
    },
    "genre_dortmund": {
        "all": {
            "alternative": 0.173551127315,
            "blues": 0.0513016246259,
            "electronic": 0.002854333492,
            "folkcountry": 0.346136897802,
            "funksoulrnb": 0.0060688466765,
            "jazz": 0.00465591531247,
            "pop": 0.0864937677979,
            "raphiphop": 0.0027702676598,
            "rock": 0.326167196035
        },
        "probability": 0.346136897802,
        "value": "folkcountry"
    },
    "genre_electronic": {
        "all": {
            "ambient": 0.683898746967,
            "dnb": 0.120353065431,
            "house": 0.152312383056,
            "techno": 0.0124181220308,
            "trance": 0.0310176629573
        },
        "probability": 0.683898746967,
        "value": "ambient"
    },
    "genre_rosamerica": {
        "all": {
            "cla": 0.014028089121,
            "dan": 0.00865496788174,
            "hip": 0.0114423120394,
            "jaz": 0.0146996155381,
            "pop": 0.321325719357,
            "rhy": 0.507107973099,
            "roc": 0.0387554839253,
            "spe": 0.0839858800173
        },
        "probability": 0.507107973099,
        "value": "rhy"
    },
    "genre_tzanetakis": {
        "all": {
            "blu": 0.0626613423228,
            "cla": 0.0348169617355,
            "cou": 0.104475811124,
            "dis": 0.0784321576357,
            "hip": 0.15692435205,
            "jaz": 0.313974827528,
            "met": 0.0448166541755,
            "pop": 0.0627359300852,
            "reg": 0.0627360641956,
            "roc": 0.0784258767962
        },
        "probability": 0.313974827528,
        "value": "jaz"
    },
    "ismir04_rhythm": {
        "all": {
            "ChaChaCha": 0.0206880923361,
            "Jive": 0.0312372595072,
            "Quickstep": 0.480633914471,
            "Rumba-American": 0.0196457896382,
            "Rumba-International": 0.271227478981,
            "Rumba-Misc": 0.0214715767652,
            "Samba": 0.0240756943822,
            "Tango": 0.0566000044346,
            "VienneseWaltz": 0.0514898449183,
            "Waltz": 0.0229303333908
        },
        "probability": 0.480633914471,
        "value": "Quickstep"
    },
    "mood_acoustic": {
        "all": {
            "acoustic": 0.988631188869,
            "not_acoustic": 0.0113688074052
        },
        "probability": 0.988631188869,
        "value": "acoustic"
    },
    "mood_aggressive": {
        "all": {
            "aggressive": 0.00649305665866,
            "not_aggressive": 0.993506968021
        },
        "probability": 0.993506968021,
        "value": "not_aggressive"
    },
    "mood_electronic": {
        "all": {
            "electronic": 0.0292173437774,
            "not_electronic": 0.970782637596
        },
        "probability": 0.970782637596,
        "value": "not_electronic"
    },
    "mood_happy": {
        "all": {
            "happy": 0.729940772057,
            "not_happy": 0.270059227943
        },
        "probability": 0.729940772057,
        "value": "happy"
    },
    "mood_party": {
        "all": {
            "not_party": 0.984724760056,
            "party": 0.0152752334252
        },
        "probability": 0.984724760056,
        "value": "not_party"
    },
    "mood_relaxed": {
        "all": {
            "not_relaxed": 0.064759992063,
            "relaxed": 0.935240030289
        },
        "probability": 0.935240030289,
        "value": "relaxed"
    },
    "mood_sad": {
        "all": {
            "not_sad": 0.0738311633468,
            "sad": 0.926168859005
        },
        "probability": 0.926168859005,
        "value": "sad"
    },
    "moods_mirex": {
        "all": {
            "Cluster1": 0.0871780216694,
            "Cluster2": 0.199997976422,
            "Cluster3": 0.560998380184,
            "Cluster4": 0.123891949654,
            "Cluster5": 0.0279336646199
        },
        "probability": 0.560998380184,
        "value": "Cluster3"
    },
    "timbre": {
        "all": {
            "bright": 0.885732114315,
            "dark": 0.114267908037
        },
        "probability": 0.885732114315,
        "value": "bright"
    },
    "tonal_atonal": {
        "all": {
            "atonal": 0.00986719317734,
            "tonal": 0.990132808685
        },
        "probability": 0.990132808685,
        "value": "tonal"
    },
    "voice_instrumental": {
        "all": {
            "instrumental": 7.97952998255e-06,
            "voice": 0.999992012978
        },
        "probability": 0.999992012978,
        "value": "voice"
    }
},
"lowlevel": {
    "average_loudness": 0.968294739723,
    "barkbands_crest": {
        "dmean": 2.31056928635,
        "dmean2": 3.74164891243,
        "dvar": 4.39514493942,
        "dvar2": 10.6529273987,
        "max": 24.3461494446,
        "mean": 9.51511096954,
        "median": 9.05379390717,
        "min": 3.55210781097,
        "var": 10.440536499
    },
    "barkbands_flatness_db": {
        "dmean": 0.0235790386796,
        "dmean2": 0.0358557328582,
        "dvar": 0.000463808712084,
        "dvar2": 0.00095819926355,
        "max": 0.322748214006,
        "mean": 0.193233534694,
        "median": 0.189744144678,
        "min": 0.0886535346508,
        "var": 0.00159068859648
    },
    "barkbands_kurtosis": {
        "dmean": 4.52374839783,
        "dmean2": 6.77049970627,
        "dvar": 29.9740982056,
        "dvar2": 63.5806427002,
        "max": 66.466796875,
        "mean": 9.26462268829,
        "median": 7.18967628479,
        "min": -1.85258328915,
        "var": 77.3346786499
    },
    "barkbands_skewness": {
        "dmean": 0.590044558048,
        "dmean2": 0.852411627769,
        "dvar": 0.309112370014,
        "dvar2": 0.6217020154,
        "max": 7.37445068359,
        "mean": 2.12728333473,
        "median": 2.14557051659,
        "min": -1.84499943256,
        "var": 1.25038301945
    },
    "barkbands_spread": {
        "dmean": 4.17990636826,
        "dmean2": 6.17182683945,
        "dvar": 52.69921875,
        "dvar2": 100.535522461,
        "max": 104.253250122,
        "mean": 12.4734134674,
        "median": 9.56575489044,
        "min": 1.42516005039,
        "var": 141.646911621
    },
    "dissonance": {
        "dmean": 0.0305225215852,
        "dmean2": 0.0506824292243,
        "dvar": 0.000761614006478,
        "dvar2": 0.00201169354841,
        "max": 0.499018728733,
        "mean": 0.42871645093,
        "median": 0.435094982386,
        "min": 0.239069625735,
        "var": 0.00191072502639
    },
    "dynamic_complexity": 2.10712480545,
    "erbbands_crest": {
        "dmean": 2.86663675308,
        "dmean2": 4.71915960312,
        "dvar": 6.89392185211,
        "dvar2": 17.424123764,
        "max": 26.4045124054,
        "mean": 10.2059555054,
        "median": 9.20662498474,
        "min": 3.20333576202,
        "var": 17.1760902405
    },
    "erbbands_flatness_db": {
        "dmean": 0.02187593095,
        "dmean2": 0.031805254519,
        "dvar": 0.00038025516551,
        "dvar2": 0.00080479279859,
        "max": 0.279820978642,
        "mean": 0.170530289412,
        "median": 0.169822603464,
        "min": 0.0626520887017,
        "var": 0.0013224874856
    },
    "erbbands_kurtosis": {
        "dmean": 1.54878425598,
        "dmean2": 2.44639468193,
        "dvar": 3.83593297005,
        "dvar2": 9.04694652557,
        "max": 27.7991962433,
        "mean": 1.75026810169,
        "median": 0.894410133362,
        "min": -1.71847677231,
        "var": 9.22770023346
    },
    "erbbands_skewness": {
        "dmean": 0.451661765575,
        "dmean2": 0.667378902435,
        "dvar": 0.205204442143,
        "dvar2": 0.394544512033,
        "max": 3.67495346069,
        "mean": 0.893854439259,
        "median": 0.915974736214,
        "min": -3.93910193443,
        "var": 0.800081014633
    },
    "erbbands_spread": {
        "dmean": 8.27250766754,
        "dmean2": 12.8670969009,
        "dvar": 115.438072205,
        "dvar2": 296.793060303,
        "max": 129.470504761,
        "mean": 31.9177398682,
        "median": 28.9465408325,
        "min": 6.04180574417,
        "var": 248.644943237
    },
    "hfc": {
        "dmean": 7.56761932373,
        "dmean2": 10.5031118393,
        "dvar": 485.990844727,
        "dvar2": 849.329223633,
        "max": 541.042663574,
        "mean": 19.3044166565,
        "median": 13.4998064041,
        "min": 0.673697531223,
        "var": 1002.65631104
    },
    "melbands_crest": {
        "dmean": 2.85149741173,
        "dmean2": 4.69333267212,
        "dvar": 6.76162958145,
        "dvar2": 15.8417043686,
        "max": 29.2386798859,
        "mean": 12.5634317398,
        "median": 11.9791469574,
        "min": 4.70168972015,
        "var": 14.9581184387
    },
    "melbands_flatness_db": {
        "dmean": 0.0285342521966,
        "dmean2": 0.0413955748081,
        "dvar": 0.000721254851669,
        "dvar2": 0.00136327452492,
        "max": 0.444721549749,
        "mean": 0.270801872015,
        "median": 0.268182873726,
        "min": 0.0734008997679,
        "var": 0.00300349411555
    },
    "melbands_kurtosis": {
        "dmean": 7.58233833313,
        "dmean2": 11.6773529053,
        "dvar": 107.108589172,
        "dvar2": 238.416931152,
        "max": 166.381408691,
        "mean": 16.260602951,
        "median": 12.4544801712,
        "min": -1.75159811974,
        "var": 239.597610474
    },
    "melbands_skewness": {
        "dmean": 0.69529312849,
        "dmean2": 1.06067061424,
        "dvar": 0.467103362083,
        "dvar2": 1.03651666641,
        "max": 9.29774570465,
        "mean": 2.65610432625,
        "median": 2.58144617081,
        "min": -0.355650514364,
        "var": 1.70790815353
    },
    "melbands_spread": {
        "dmean": 4.6358923912,
        "dmean2": 6.26423168182,
        "dvar": 114.259674072,
        "dvar2": 173.731369019,
        "max": 218.799377441,
        "mean": 13.044883728,
        "median": 9.15904808044,
        "min": 1.53906607628,
        "var": 316.603881836
    },
    "pitch_salience": {
        "dmean": 0.0612277202308,
        "dmean2": 0.100795127451,
        "dvar": 0.00246417452581,
        "dvar2": 0.00632345676422,
        "max": 0.807185351849,
        "mean": 0.601549386978,
        "median": 0.604959487915,
        "min": 0.254765242338,
        "var": 0.00638084532693
    },
    "silence_rate_20dB": {
        "dmean": 0,
        "dmean2": 0,
        "dvar": 0,
        "dvar2": 0,
        "max": 1,
        "mean": 1,
        "median": 1,
        "min": 1,
        "var": 0
    },
    "silence_rate_30dB": {
        "dmean": 0,
        "dmean2": 0,
        "dvar": 0,
        "dvar2": 0,
        "max": 1,
        "mean": 1,
        "median": 1,
        "min": 1,
        "var": 0
    },
    "silence_rate_60dB": {
        "dmean": 0,
        "dmean2": 0,
        "dvar": 0,
        "dvar2": 0,
        "max": 0,
        "mean": 0,
        "median": 0,
        "min": 0,
        "var": 0
    },
    "spectral_centroid": {
        "dmean": 176.880096436,
        "dmean2": 251.499084473,
        "dvar": 99151.140625,
        "dvar2": 163798.453125,
        "max": 4805.44873047,
        "mean": 691.408691406,
        "median": 564.542114258,
        "min": 227.334762573,
        "var": 306158.96875
    },
    "spectral_complexity": {
        "dmean": 2.72678017616,
        "dmean2": 4.07513570786,
        "dvar": 6.65681552887,
        "dvar2": 12.5947027206,
        "max": 32,
        "mean": 13.7254447937,
        "median": 13,
        "min": 3,
        "var": 25.6020946503
    },
    "spectral_decrease": {
        "dmean": 2.69636624139e-09,
        "dmean2": 4.12906153713e-09,
        "dvar": 7.09980121256e-18,
        "dvar2": 1.60319762268e-17,
        "max": -7.00752289529e-10,
        "mean": -9.02617003362e-09,
        "median": -8.61688853604e-09,
        "min": -3.20218234151e-08,
        "var": 2.10407599766e-17
    },
    "spectral_energy": {
        "dmean": 0.0107060251758,
        "dmean2": 0.0163093339652,
        "dvar": 0.000111485183879,
        "dvar2": 0.000251081393799,
        "max": 0.12607768178,
        "mean": 0.0358178205788,
        "median": 0.0341814793646,
        "min": 0.00273232837208,
        "var": 0.000334626238327
    },
    "spectral_energyband_high": {
        "dmean": 0.000549000338651,
        "dmean2": 0.00071824301267,
        "dvar": 1.04186701719e-05,
        "dvar2": 1.80757615453e-05,
        "max": 0.0769532844424,
        "mean": 0.000754389446229,
        "median": 0.000126069004182,
        "min": 1.35256163958e-06,
        "var": 1.97895114979e-05
    },
    "spectral_energyband_low": {
        "dmean": 0.00439468445256,
        "dmean2": 0.00719329481944,
        "dvar": 2.81754018943e-05,
        "dvar2": 7.81211128924e-05,
        "max": 0.0532121621072,
        "mean": 0.0108239250258,
        "median": 0.00966770295054,
        "min": 0.000197155619389,
        "var": 4.79762893519e-05
    },
    "spectral_energyband_middle_high": {
        "dmean": 0.00141660997178,
        "dmean2": 0.00196150853299,
        "dvar": 5.14448902322e-06,
        "dvar2": 9.63157617662e-06,
        "max": 0.0300430301577,
        "mean": 0.00344463763759,
        "median": 0.0018082940951,
        "min": 3.32598938257e-05,
        "var": 1.80516562978e-05
    },
    "spectral_energyband_middle_low": {
        "dmean": 0.00810858607292,
        "dmean2": 0.0123269576579,
        "dvar": 8.11845238786e-05,
        "dvar2": 0.000181815907126,
        "max": 0.108514741063,
        "mean": 0.0222285743803,
        "median": 0.0193494390696,
        "min": 0.00122360873502,
        "var": 0.000219484820263
    },
    "spectral_entropy": {
        "dmean": 0.232435554266,
        "dmean2": 0.351289123297,
        "dvar": 0.0519082099199,
        "dvar2": 0.10799831897,
        "max": 8.36585044861,
        "mean": 6.94980573654,
        "median": 6.93573379517,
        "min": 5.75219202042,
        "var": 0.181735038757
    },
    "spectral_flux": {
        "dmean": 0.0289806891233,
        "dmean2": 0.0466773360968,
        "dvar": 0.00064802338602,
        "dvar2": 0.00163042242639,
        "max": 0.237541034818,
        "mean": 0.093214020133,
        "median": 0.0871565788984,
        "min": 0.017269609496,
        "var": 0.00162576965522
    },
    "spectral_kurtosis": {
        "dmean": 3.06973052025,
        "dmean2": 4.88695669174,
        "dvar": 10.6517686844,
        "dvar2": 24.7141246796,
        "max": 35.5089874268,
        "mean": 9.15710735321,
        "median": 8.42011547089,
        "min": -0.923244953156,
        "var": 24.9068050385
    },
    "spectral_rms": {
        "dmean": 0.000887538539246,
        "dmean2": 0.0013349034125,
        "dvar": 6.4541188749e-07,
        "dvar2": 1.37416702728e-06,
        "max": 0.0110906539485,
        "mean": 0.00570910656825,
        "median": 0.00577475409955,
        "min": 0.00163269299082,
        "var": 2.35039465224e-06
    },
    "spectral_rolloff": {
        "dmean": 250.014373779,
        "dmean2": 402.175018311,
        "dvar": 547598.875,
        "dvar2": 1057973.5,
        "max": 10271.3378906,
        "mean": 761.022827148,
        "median": 452.197265625,
        "min": 129.19921875,
        "var": 1323442.75
    },
    "spectral_skewness": {
        "dmean": 0.361710399389,
        "dmean2": 0.551475286484,
        "dvar": 0.128846094012,
        "dvar2": 0.287016779184,
        "max": 4.70603656769,
        "mean": 2.43351149559,
        "median": 2.43354964256,
        "min": -0.204068809748,
        "var": 0.452402681112
    },
    "spectral_spread": {
        "dmean": 748274.0625,
        "dmean2": 1099224,
        "dvar": 616931065856,
        "dvar2": 1.3030466519e+12,
        "max": 13252178,
        "mean": 4056640.25,
        "median": 3735071,
        "min": 1702428.125,
        "var": 1.73401767936e+12
    },
    "spectral_strongpeak": {
        "dmean": 0.558202922344,
        "dmean2": 0.919958293438,
        "dvar": 0.501212835312,
        "dvar2": 1.19893360138,
        "max": 6.32496070862,
        "mean": 0.979688465595,
        "median": 0.557976126671,
        "min": 0,
        "var": 1.04250657558
    },
    "zerocrossingrate": {
        "dmean": 0.00927658751607,
        "dmean2": 0.010767149739,
        "dvar": 0.000188477992197,
        "dvar2": 0.00017607762129,
        "max": 0.283203125,
        "mean": 0.0379107147455,
        "median": 0.0322265625,
        "min": 0.0048828125,
        "var": 0.000936550379265
    },
    "barkbands": {
        "dmean": [0.000110441134893, 0.0023527238518, 0.00214021583088, 0.00166509114206, 0.00489763449878, 0.00168388837483, 0.00208424660377, 0.00134316447657, 0.000808090146165, 0.000419926800532, 0.000192701816559, 0.000230609177379, 0.000454213033663, 0.000398417294491, 0.000151028827531, 0.000127857070765, 0.000180421411642, 8.1065496488e-05, 6.32535811746e-05, 3.97662661271e-05, 0.000109174303361, 0.000148937600898, 0.000110345339635, 0.000111887798994, 8.16281608422e-05, 3.23477033817e-05, 2.99874058918e-09],
        "dmean2": [0.000186819408555, 0.0037695125211, 0.00358951929957, 0.00282055116259, 0.00780053529888, 0.00263634626754, 0.00318835489452, 0.00201821350493, 0.00116343563423, 0.000606439542025, 0.000292889366392, 0.000363817496691, 0.000673576781992, 0.000609212962445, 0.000225566109293, 0.000194963533431, 0.000278775027255, 0.000127821636852, 9.82912897598e-05, 5.8152290876e-05, 0.000160521682119, 0.000217169130337, 0.000139733572723, 0.00015886426263, 0.000107938183646, 5.1652896218e-05, 4.31488711428e-09],
        "dvar": [6.38266612896e-08, 9.70861856331e-06, 8.22492256702e-06, 5.32856984137e-06, 4.58454705949e-05, 7.46699925003e-06, 1.70277107827e-05, 8.41402925289e-06, 4.13610132455e-06, 1.48370941133e-06, 3.31581617274e-07, 4.43103829184e-07, 9.52235097884e-07, 6.68093832701e-07, 1.6740561648e-07, 1.57734390882e-07, 2.35568592188e-07, 5.90046020932e-08, 3.71427937296e-08, 2.59062602481e-08, 4.2109238052e-07, 1.40535246373e-06, 8.10394169548e-07, 4.72260381912e-07, 1.2921321968e-07, 4.5570986984e-09, 1.42859846318e-15],
        "dvar2": [1.57070729756e-07, 2.5002302209e-05, 2.39445544139e-05, 1.54304598254e-05, 0.000102199621324, 1.70139555848e-05, 3.40054975823e-05, 1.88862486539e-05, 7.69605321693e-06, 2.98195777759e-06, 7.06951482243e-07, 1.09561733552e-06, 1.90668458799e-06, 1.49387960846e-06, 3.74728358565e-07, 3.87298854321e-07, 5.78660547035e-07, 1.41506760087e-07, 8.39570475364e-08, 4.36116920355e-08, 8.85855399702e-07, 2.90571824735e-06, 1.41447299029e-06, 8.81766538896e-07, 1.67575549881e-07, 1.12265245988e-08, 1.43460350326e-15],
        "max": [0.00280980672687, 0.0311907678843, 0.0287956055254, 0.0285297185183, 0.0822309702635, 0.0377246104181, 0.0469792336226, 0.0401026681066, 0.0311495438218, 0.0183666534722, 0.0112852463499, 0.0137276193127, 0.0117417043075, 0.00905252993107, 0.00936390087008, 0.00816977210343, 0.010199344717, 0.00575437489897, 0.00482032634318, 0.00284053687938, 0.011587895453, 0.0357046574354, 0.0294386502355, 0.0177572965622, 0.00817773863673, 0.0007710015052, 1.00394004221e-06],
        "mean": [0.000177539812285, 0.00539733795449, 0.00391622213647, 0.00272368476726, 0.0083946576342, 0.00360574293882, 0.00372674246319, 0.00212111743167, 0.00139105366543, 0.000689149426762, 0.000267984636594, 0.000338827987434, 0.00075452926103, 0.000601557607297, 0.000246046489337, 0.000204042691621, 0.00027418154059, 0.000114916350867, 9.21213722904e-05, 5.43238529644e-05, 0.000140129151987, 0.000162102878676, 0.000131510256324, 0.000140682226629, 0.000115947441373, 3.57177814294e-05, 2.67517541452e-09],
        "median": [0.000112701105536, 0.00493714865297, 0.00259412336163, 0.00177428743336, 0.00573961110786, 0.00220714765601, 0.00146075629164, 0.000428684987128, 0.000226994743571, 0.000172497879248, 6.08997506788e-05, 9.74530921667e-05, 0.000123286183225, 0.000140730844578, 7.74282380007e-05, 7.34964269213e-05, 9.22334220377e-05, 5.20730391145e-05, 3.18531710946e-05, 1.0273693988e-05, 1.15980928967e-05, 1.26533986986e-05, 1.06878605948e-05, 1.73904736585e-05, 2.13830971916e-05, 5.39728625881e-06, 4.71643668565e-10],
        "min": [1.95401383962e-08, 2.8966892387e-06, 3.57366916433e-05, 9.37377717491e-06, 0.000339612946846, 3.94609487557e-05, 1.05767285277e-05, 6.27096778771e-06, 2.38869506575e-06, 3.58904208042e-06, 6.43647126708e-07, 8.26731877623e-07, 2.02049500331e-06, 1.4581164578e-06, 5.9819734588e-07, 1.40270879001e-06, 6.03976275215e-07, 4.70924391038e-07, 2.71834011301e-07, 1.80124750671e-08, 4.41684200325e-08, 9.74147553734e-08, 3.02462126456e-08, 3.07172989267e-08, 1.41081272886e-07, 1.58208585121e-10, 2.2385147555e-11],
        "var": [6.53163425568e-08, 1.39819940159e-05, 1.4032452782e-05, 8.88880731509e-06, 7.31960972189e-05, 1.78866303031e-05, 4.2011768528e-05, 1.77709734999e-05, 1.0023327377e-05, 3.51834296453e-06, 5.57702435344e-07, 5.17952685186e-07, 2.26027441386e-06, 1.41246096064e-06, 4.28184591783e-07, 2.08101070598e-07, 3.13631545623e-07, 6.60122054796e-08, 4.30210391755e-08, 5.60993704823e-08, 7.62219656281e-07, 1.99567648451e-06, 1.27412806705e-06, 7.50456649712e-07, 3.13536190788e-07, 5.4311604103e-09, 1.42893071185e-15]
    },
    "erbbands": {
        "dmean": [0.0674014016986, 0.561955153942, 2.08262658119, 4.07835865021, 12.1660833359, 17.9037685394, 13.1462497711, 14.2513132095, 25.6131057739, 29.2265949249, 28.7838916779, 19.591293335, 15.5523786545, 8.79574966431, 8.1283493042, 8.72487640381, 18.357793808, 21.8574695587, 10.6250162125, 5.86622810364, 7.33134937286, 9.86163043976, 5.1430888176, 2.93702363968, 2.88108992577, 2.13494348526, 2.51746296883, 6.65777683258, 5.6593079567, 1.47838771343, 3.84354996681, 2.87049722672, 1.72602891922, 1.28147757053, 0.399207055569, 0.0983373522758, 0.110322542489, 0.00393372308463, 8.74877077877e-05, 1.5987918232e-05],
        "dmean2": [0.108440026641, 0.903751194477, 3.50150465965, 6.96971988678, 19.5100917816, 27.9346923828, 21.3332080841, 21.8636131287, 40.1108322144, 43.5882492065, 43.1737709045, 27.4408016205, 21.7348537445, 12.1649570465, 12.3000001907, 13.4611206055, 27.3155918121, 31.7665805817, 15.6700735092, 8.74381542206, 11.1670122147, 15.2189283371, 8.09746837616, 4.51437997818, 4.37683200836, 2.99636244774, 3.69590330124, 10.5548353195, 7.75413370132, 2.06127429008, 4.93667840958, 4.17784500122, 2.33525300026, 1.69317674637, 0.561973392963, 0.151154056191, 0.181496188045, 0.00644749496132, 0.000137975031976, 2.37685981119e-05],
        "dvar": [0.00926584564149, 0.528890907764, 7.45419549942, 33.1056060791, 276.887145996, 678.858764648, 505.275024414, 697.977172852, 2476.2355957, 4312.91113281, 4336.71826172, 2597.1730957, 2351.81958008, 410.516387939, 510.344818115, 496.15234375, 1386.43359375, 2000.67321777, 772.611694336, 174.907974243, 480.513946533, 782.517150879, 266.150177002, 72.1404342651, 74.1071166992, 91.5285186768, 191.632034302, 2133.92333984, 1864.08093262, 100.053329468, 1051.39208984, 428.996917725, 81.9552383423, 29.0089683533, 4.10561561584, 0.0814212635159, 0.0664420574903, 8.08561235317e-05, 3.46903625825e-08, 4.31457869432e-10],
        "dvar2": [0.0243773069233, 1.38839519024, 21.755739212, 97.7345046997, 710.195861816, 1422.51135254, 1253.27783203, 1564.19909668, 5026.66943359, 8516.6875, 9776.06152344, 4975.14208984, 4429.83740234, 690.971496582, 959.499633789, 1112.78393555, 3045.32495117, 4058.16381836, 1828.67370605, 348.75289917, 1164.28637695, 1918.16357422, 668.434082031, 151.488098145, 179.983306885, 156.335296631, 405.48348999, 4876.38134766, 3456.54956055, 148.048858643, 1787.36254883, 830.834716797, 150.924682617, 39.1995353699, 7.28241586685, 0.165607377887, 0.165287658572, 0.000200140537345, 8.44323224669e-08, 8.27837354223e-10],
        "max": [0.93882393837, 7.59885168076, 29.6831588745, 58.5875549316, 208.445343018, 362.459564209, 390.412139893, 366.661895752, 648.73614502, 985.650878906, 941.057189941, 991.682495117, 770.621520996, 401.428955078, 579.882263184, 303.20513916, 429.343261719, 512.570495605, 627.843261719, 202.089172363, 484.237792969, 595.822509766, 412.98034668, 196.258102417, 214.412475586, 182.522949219, 265.571411133, 935.743591309, 1381.81713867, 238.070922852, 1068.99499512, 571.958068848, 217.492080688, 114.463668823, 47.437461853, 6.87244367599, 2.81584119797, 0.0985406711698, 0.00203512632288, 0.000379575154511],
        "mean": [0.156512156129, 1.23738586903, 4.22415781021, 7.31430721283, 19.6540222168, 29.0184764862, 26.9389591217, 28.8279895782, 47.9509849548, 52.1563110352, 48.179901123, 33.890045166, 26.2099323273, 16.9827804565, 13.0641918182, 14.7306661606, 32.6998062134, 38.137840271, 17.5739383698, 11.018283844, 12.34927845, 15.2019433975, 7.49843978882, 4.4482922554, 4.203083992, 3.03800415993, 3.08826851845, 8.23366832733, 6.46603250504, 1.97138738632, 4.48841905594, 3.51489424706, 2.17806077003, 1.76700341702, 0.536820471287, 0.121035166085, 0.116352654994, 0.00416301283985, 0.000113052701636, 4.79179834656e-05],
        "median": [0.142921447754, 1.10624909401, 2.99257779121, 5.12693405151, 13.0389595032, 17.6942062378, 16.1837062836, 15.3657178879, 22.5828380585, 17.4607315063, 12.4346609116, 6.52089643478, 5.5725235939, 5.24813556671, 3.80829048157, 4.34814739227, 6.59710025787, 8.76354694366, 4.94744682312, 4.60007238388, 4.60559368134, 5.31208753586, 3.47243452072, 1.83727157116, 1.45276522636, 0.557523131371, 0.379869490862, 0.506005585194, 0.474883019924, 0.240783303976, 0.317214637995, 0.369867235422, 0.352862387896, 0.318625867367, 0.100806877017, 0.032186254859, 0.0104282647371, 0.000405870465329, 3.29137037625e-05, 4.2231153202e-05],
        "min": [0.00024158906308, 0.00378811266273, 0.113555930555, 0.16748714447, 0.51851606369, 1.02454018593, 0.876768350601, 0.445076018572, 0.357445895672, 0.368116289377, 0.21458171308, 0.0827596783638, 0.172443673015, 0.161056667566, 0.0899134799838, 0.0716421678662, 0.117229193449, 0.123144865036, 0.0317126736045, 0.0478352643549, 0.0990138202906, 0.0342544391751, 0.0252517592162, 0.0170734934509, 0.0119639569893, 0.00874125771224, 0.00640174280852, 0.00101731345057, 0.00176664732862, 0.00247702049091, 0.00253756181337, 0.00231062923558, 0.00128527008928, 0.00324401375838, 0.000137357361382, 2.90550578939e-05, 3.13248870043e-06, 5.19911907304e-07, 1.61009711519e-06, 3.12730094265e-06],
        "var": [0.0118751255795, 0.823176205158, 13.7961559296, 52.5068588257, 412.261169434, 1169.98937988, 1104.60522461, 1596.26086426, 5894.19287109, 12280.8828125, 9493.72460938, 5830.33789062, 6042.36962891, 1514.11450195, 1110.68664551, 746.800048828, 3777.20922852, 5453.16357422, 1647.10424805, 428.55480957, 682.901855469, 989.537963867, 276.170806885, 92.4452590942, 80.2645339966, 198.662857056, 274.609619141, 3446.17333984, 3144.86254883, 185.22718811, 1665.45996094, 606.145019531, 142.918411255, 67.4333648682, 8.06334495544, 0.143998533487, 0.0780752524734, 9.6324380138e-05, 4.48612880177e-08, 1.09179953967e-09]
    },
    "gfcc": {
        "mean": [-6.75345754623, 125.638290405, -86.6519393921, 24.2506141663, -51.7982406616, 15.3327531815, -55.7529258728, 11.2815599442, -22.6619682312, 4.16267490387, -11.2833824158, -2.04146623611, -10.6600570679],
        "cov": [[2294.17407227, -784.092468262, -286.105163574, -208.977172852, -192.241256714, 98.7827224731, -44.436756134, 193.136886597, -38.4711685181, 141.104354858, -158.479507446, 7.35759878159, -158.705947876], [-784.092468262, 845.646850586, -147.272140503, -197.210494995, 149.319366455, -47.5973510742, 60.7498321533, -71.8441925049, 98.822052002, -119.346679688, 124.03238678, -54.958656311, 53.3068237305], [-286.105163574, -147.272140503, 529.1953125, 72.8390426636, 60.8911743164, -0.665087819099, 5.03260469437, -10.8179206848, -70.4759750366, 47.5503120422, -51.9852752686, 96.4706878662, -40.2144432068], [-208.977172852, -197.210494995, 72.8390426636, 533.038208008, -39.5551185608, -23.3344726562, -56.6485290527, -50.4654273987, 42.451965332, -5.25812292099, 55.7621307373, -38.7168273926, 112.790390015], [-192.241256714, 149.319366455, 60.8911743164, -39.5551185608, 299.253234863, -59.6424865723, -27.1649837494, 14.4770793915, 24.6043663025, 38.4260063171, -30.3754653931, 13.7872800827, -26.3971157074], [98.7827224731, -47.5973510742, -0.665087819099, -23.3344726562, -59.6424865723, 171.161529541, 38.426197052, -3.71760892868, -12.9578971863, 15.9356555939, 1.25477409363, -33.7207183838, 26.3047924042], [-44.436756134, 60.7498321533, 5.03260469437, -56.6485290527, -27.1649837494, 38.426197052, 194.381958008, 2.6841237545, -33.1997680664, 5.37555265427, -6.63177394867, 29.2453250885, -10.3771162033], [193.136886597, -71.8441925049, -10.8179206848, -50.4654273987, 14.4770793915, -3.71760892868, 2.6841237545, 124.639678955, -7.56955003738, 16.7206573486, -9.51531982422, 5.38281393051, -23.4692134857], [-38.4711685181, 98.822052002, -70.4759750366, 42.451965332, 24.6043663025, -12.9578971863, -33.1997680664, -7.56955003738, 118.297676086, -5.70053863525, 19.5024547577, -22.9879112244, 12.5872755051], [141.104354858, -119.346679688, 47.5503120422, -5.25812292099, 38.4260063171, 15.9356555939, 5.37555265427, 16.7206573486, -5.70053863525, 117.786849976, -34.8306083679, -3.89738035202, -22.2569847107], [-158.479507446, 124.03238678, -51.9852752686, 55.7621307373, -30.3754653931, 1.25477409363, -6.63177394867, -9.51531982422, 19.5024547577, -34.8306083679, 119.20475769, -15.8763246536, 21.5181770325], [7.35759878159, -54.958656311, 96.4706878662, -38.7168273926, 13.7872800827, -33.7207183838, 29.2453250885, 5.38281393051, -22.9879112244, -3.89738035202, -15.8763246536, 121.975532532, -31.9032802582], [-158.705947876, 53.3068237305, -40.2144432068, 112.790390015, -26.3971157074, 26.3047924042, -10.3771162033, -23.4692134857, 12.5872755051, -22.2569847107, 21.5181770325, -31.9032802582, 122.843292236]],
        "icov": [[0.00118216522969, 0.00116331339814, 0.000912381685339, 0.000553098856471, 0.000219926077989, -0.000399257434765, 0.000151612941409, -0.000721478369087, -0.000506405369379, -0.000284626788925, 0.000365968764527, -9.84674770734e-05, 0.000731682463083], [0.00116331339814, 0.00717076612636, -0.000294457742712, 0.00511149177328, -0.00332514941692, 0.00240476289764, -0.00347110978328, 0.00265379273333, -0.00505734467879, 0.0041214954108, -0.00598002877086, 0.00411746976897, -0.0040322355926], [0.000912381685339, -0.000294457742712, 0.00387937459163, -0.00148360675666, 0.000191021725186, -0.00175456062425, 0.00125183432829, -0.000806603231467, 0.00210904260166, -0.00163911562413, 0.0022653946653, -0.00318592786789, 0.00256976787932], [0.000553098856471, 0.00511149177328, -0.00148360675666, 0.00673059886321, -0.00195799744688, 0.00308989896439, -0.00237215589732, 0.00271075731143, -0.00466028507799, 0.00244112708606, -0.00574002647772, 0.00399499339983, -0.00597108155489], [0.000219926077989, -0.00332514941692, 0.000191021725186, -0.00195799744688, 0.00630100024864, -9.807634342e-05, 0.00237882719375, -0.00231768912636, 0.00129019480664, -0.00389590812847, 0.00420256517828, -0.00214883731678, 0.00258820224553], [-0.000399257434765, 0.00240476289764, -0.00175456062425, 0.00308989896439, -9.807634342e-05, 0.00937248580158, -0.00322984484956, 0.00190389167983, -0.00201696506701, 0.00054752297001, -0.00341453123838, 0.0047112070024, -0.00478037074208], [0.000151612941409, -0.00347110978328, 0.00125183432829, -0.00237215589732, 0.00237882719375, -0.00322984484956, 0.00825303141028, -0.00193975621369, 0.00393894081935, -0.00302158668637, 0.0037425395567, -0.00443780096248, 0.00306017231196], [-0.000721478369087, 0.00265379273333, -0.000806603231467, 0.00271075731143, -0.00231768912636, 0.00190389167983, -0.00193975621369, 0.0109766796231, -0.00170849391725, 0.00149412674364, -0.00379102258012, 0.00218106294051, -0.00213288376108], [-0.000506405369379, -0.00505734467879, 0.00210904260166, -0.00466028507799, 0.00129019480664, -0.00201696506701, 0.00393894081935, -0.00170849391725, 0.0142016885802, -0.00324216438457, 0.00378282787278, -0.00291866785847, 0.00376191409305], [-0.000284626788925, 0.0041214954108, -0.00163911562413, 0.00244112708606, -0.00389590812847, 0.00054752297001, -0.00302158668637, 0.00149412674364, -0.00324216438457, 0.0139844249934, -0.00210369518027, 0.00436808960512, -0.00148949900176], [0.000365968764527, -0.00598002877086, 0.0022653946653, -0.00574002647772, 0.00420256517828, -0.00341453123838, 0.0037425395567, -0.00379102258012, 0.00378282787278, -0.00210369518027, 0.017004115507, -0.00418941723183, 0.0054704383947], [-9.84674770734e-05, 0.00411746976897, -0.00318592786789, 0.00399499339983, -0.00214883731678, 0.0047112070024, -0.00443780096248, 0.00218106294051, -0.00291866785847, 0.00436808960512, -0.00418941723183, 0.0147792454809, -0.00239113043062], [0.000731682463083, -0.0040322355926, 0.00256976787932, -0.00597108155489, 0.00258820224553, -0.00478037074208, 0.00306017231196, -0.00213288376108, 0.00376191409305, -0.00148949900176, 0.0054704383947, -0.00239113043062, 0.0163554232568]]
    },
    "melbands": {
        "dmean": [0.000624637876172, 0.000920239253901, 0.000794298481196, 0.00122645369265, 0.000464756187284, 0.00031832177774, 0.000407992862165, 0.000310706382152, 0.000215283464058, 0.000121231096273, 7.79472320573e-05, 3.75206836907e-05, 2.71213302767e-05, 2.71238423011e-05, 2.70554482995e-05, 4.75472843391e-05, 4.04124002671e-05, 1.8921753508e-05, 8.65311994858e-06, 8.23866048449e-06, 9.42126462178e-06, 1.14760150609e-05, 7.63755542721e-06, 2.9428945254e-06, 2.44056377596e-06, 2.70564032689e-06, 1.57572731041e-06, 1.44361536059e-06, 1.17740160022e-06, 2.84166753772e-06, 4.85975942865e-06, 4.36035179519e-06, 9.60027023211e-07, 7.56504448418e-07, 2.1641112653e-06, 2.39780342781e-06, 1.64228447375e-06, 1.25230860704e-06, 1.15285683933e-06, 1.06957872958e-06],
        "dmean2": [0.000996790011413, 0.00154303852469, 0.00135510088876, 0.00195197912399, 0.000744429009501, 0.000490138481837, 0.000628022302408, 0.000463474454591, 0.000323472428136, 0.000172620711965, 0.000108834719867, 5.25431751157e-05, 3.96134710172e-05, 4.25139332947e-05, 4.17718692916e-05, 7.19161325833e-05, 6.0553309595e-05, 2.87551665679e-05, 1.25383776322e-05, 1.24483231048e-05, 1.43913475767e-05, 1.74779415829e-05, 1.21150251289e-05, 4.62754860564e-06, 3.85136991099e-06, 4.16354714616e-06, 2.43851764026e-06, 1.98532802642e-06, 1.73706609985e-06, 4.57104124507e-06, 7.7875365605e-06, 6.13074143985e-06, 1.34375488869e-06, 1.04193964034e-06, 2.74848503068e-06, 3.28894770973e-06, 2.39409769165e-06, 1.71224576206e-06, 1.59823559898e-06, 1.44385808198e-06],
        "dvar": [7.16573822501e-07, 1.37956908475e-06, 9.48017373048e-07, 3.33327261615e-06, 5.03402191043e-07, 3.14438125315e-07, 5.93080699218e-07, 4.08757216519e-07, 2.35645700286e-07, 1.11234477629e-07, 5.8070185105e-08, 8.11800582312e-09, 5.5893139006e-09, 6.44976738684e-09, 4.89906071266e-09, 1.06432240798e-08, 7.357924936e-09, 2.58694288213e-09, 4.24478008298e-10, 5.46514555833e-10, 6.49482967408e-10, 8.52251158534e-10, 7.84795284314e-10, 6.39028205351e-11, 4.79631473427e-11, 7.64395213793e-11, 1.91391746202e-11, 5.31130694981e-11, 4.15943668397e-11, 3.67005981161e-10, 1.26591437333e-09, 1.2039845787e-09, 4.2934728689e-11, 2.50869151841e-11, 3.61705831953e-10, 3.76926961865e-10, 1.17667861566e-10, 4.44675095357e-11, 2.97768476543e-11, 2.10175002402e-11],
        "dvar2": [1.81803204669e-06, 3.93664822695e-06, 2.69272959486e-06, 7.28709210307e-06, 1.24940152091e-06, 7.04903015958e-07, 1.21170523926e-06, 8.18537046143e-07, 5.12272436026e-07, 2.16449024038e-07, 1.08072455873e-07, 1.35410429536e-08, 1.02137791558e-08, 1.57443444948e-08, 1.12177804823e-08, 2.02031582575e-08, 1.52532937392e-08, 6.30790086831e-09, 8.10572775567e-10, 1.22439136607e-09, 1.53705692618e-09, 2.00674610262e-09, 2.03273731181e-09, 1.49187842635e-10, 1.00663276326e-10, 1.84638304646e-10, 4.20796522627e-11, 8.99221253015e-11, 8.71867439356e-11, 9.31636989776e-10, 2.97494229251e-09, 2.3259580928e-09, 7.84255854702e-11, 3.97541131958e-11, 6.02693672747e-10, 7.69676433698e-10, 2.30072419449e-10, 8.41517966421e-11, 5.41402582488e-11, 2.68614575027e-11],
        "max": [0.00869944319129, 0.0122497193515, 0.0105839837343, 0.0217243302613, 0.0119772730395, 0.0082890400663, 0.00829801894724, 0.00873523857445, 0.00741634191945, 0.00591383967549, 0.00375326513313, 0.00175503245555, 0.00165222061332, 0.0018925628392, 0.00142372795381, 0.00128999003209, 0.00103666330688, 0.00104549026582, 0.000515339081176, 0.000402647274313, 0.000524451141246, 0.000537489017006, 0.00067255232716, 0.000195473316126, 0.000143905723235, 0.000215950116399, 6.71831803629e-05, 0.000157917427714, 0.000123499703477, 0.000397742987843, 0.000810605532024, 0.00109717599116, 0.000188298494322, 0.000119438154798, 0.000647480075713, 0.000572614313569, 0.000268242758466, 0.000152102700667, 0.000115227987408, 9.33848496061e-05],
        "mean": [0.00144850870129, 0.00201772525907, 0.00153802335262, 0.0019593371544, 0.000958581047598, 0.000658275326714, 0.000759666378144, 0.000542356283404, 0.000360982288839, 0.000202253082534, 0.00012651635916, 6.94812042639e-05, 4.16421062255e-05, 4.0690512833e-05, 4.64262811875e-05, 8.29869895824e-05, 6.76477648085e-05, 2.84824163828e-05, 1.51007179738e-05, 1.35920454341e-05, 1.49657389557e-05, 1.697136031e-05, 1.06180950752e-05, 4.15913928009e-06, 3.43917486134e-06, 3.68735163647e-06, 2.11347082768e-06, 1.95410916604e-06, 1.30269654619e-06, 3.11581788992e-06, 5.63566391065e-06, 4.71617295261e-06, 1.23336496927e-06, 8.99854057934e-07, 2.4791472697e-06, 2.74908529718e-06, 1.92450715986e-06, 1.48403250932e-06, 1.52056736624e-06, 1.47099240166e-06],
        "median": [0.00131801376119, 0.00162718794309, 0.0011717666639, 0.00119678478222, 0.000665272644255, 0.000363584142178, 0.000348352565197, 0.000179519469384, 7.44723147363e-05, 3.26899644278e-05, 2.59070948232e-05, 2.0228775611e-05, 1.07729701995e-05, 1.16613300634e-05, 1.14758104246e-05, 1.31815395434e-05, 1.56443020387e-05, 6.82455765855e-06, 5.46652017874e-06, 5.16396767125e-06, 5.18909109815e-06, 5.18060687682e-06, 4.37719927504e-06, 1.81048687864e-06, 1.30129910758e-06, 1.14764145565e-06, 6.3098332248e-07, 2.22388365501e-07, 1.81719371994e-07, 2.63169425807e-07, 2.81489661802e-07, 2.47422491384e-07, 2.01453630666e-07, 8.91727296448e-08, 1.28636216346e-07, 2.64922476845e-07, 1.67287794284e-07, 1.79878995255e-07, 2.95741699574e-07, 2.29923671213e-07],
        "min": [7.16312342774e-07, 1.93960877368e-05, 4.29876818089e-05, 5.99946579314e-05, 2.57432966464e-05, 6.99714928487e-06, 2.46703871198e-06, 4.4938319661e-06, 1.30604064452e-06, 3.97106362016e-07, 8.93064679985e-07, 4.61790648387e-07, 2.85848301473e-07, 6.48053060104e-08, 1.67274876617e-07, 1.79551591373e-07, 1.66802351487e-07, 3.84500538075e-08, 3.69811878898e-08, 8.09054583328e-08, 6.92455373041e-08, 2.87523587161e-08, 3.8486788867e-08, 1.36116629079e-08, 1.38193989585e-08, 1.01218038395e-08, 4.29695434789e-09, 4.18067441776e-10, 7.09625247453e-10, 5.61330870674e-10, 3.37933098171e-10, 3.86261495011e-10, 2.58660493024e-09, 7.45838946159e-11, 5.22796771152e-11, 1.02075098374e-10, 4.95822688462e-11, 1.42311986848e-11, 5.00875035891e-11, 6.40952124709e-10],
