{
"highlevel": {
    "danceability": {
        "all": {
            "danceable": 0.96791779995,
            "not_danceable": 0.0320821851492
        },
        "probability": 0.96791779995,
        "value": "danceable"
    },
    "gender": {
        "all": {
            "female": 0.0674809142947,
            "male": 0.932519078255
        },
        "probability": 0.932519078255,
        "value": "male"
    },
    "genre_dortmund": {
        "all": {
            "alternative": 0.241495877504,
            "blues": 0.0286012422293,
            "electronic": 0.0990148037672,
            "folkcountry": 0.141868636012,
            "funksoulrnb": 0.00914963427931,
            "jazz": 0.032742459327,
            "pop": 0.0787655860186,
            "raphiphop": 0.0176128726453,
            "rock": 0.350748866796
        },
        "probability": 0.350748866796,
        "value": "rock"
    },
    "genre_electronic": {
        "all": {
            "ambient": 0.697236299515,
            "dnb": 0.0789724439383,
            "house": 0.0677578523755,
            "techno": 0.0186300724745,
            "trance": 0.137403309345
        },
        "probability": 0.697236299515,
        "value": "ambient"
    },
    "genre_rosamerica": {
        "all": {
            "cla": 0.00916983466595,
            "dan": 0.113824479282,
            "hip": 0.0139925759286,
            "jaz": 0.0122902849689,
            "pop": 0.170645475388,
            "rhy": 0.0715802311897,
            "roc": 0.603929877281,
            "spe": 0.00456724176183
        },
        "probability": 0.603929877281,
        "value": "roc"
    },
    "genre_tzanetakis": {
        "all": {
            "blu": 0.0643472447991,
            "cla": 0.0402114093304,
            "cou": 0.0536143034697,
            "dis": 0.0536148063838,
            "hip": 0.0804243758321,
            "jaz": 0.321711152792,
            "met": 0.0643488615751,
            "pop": 0.0804338231683,
            "reg": 0.0804321542382,
            "roc": 0.160861849785
        },
        "probability": 0.321711152792,
        "value": "jaz"
    },
    "ismir04_rhythm": {
        "all": {
            "ChaChaCha": 0.284817904234,
            "Jive": 0.0531419143081,
            "Quickstep": 0.0227867271751,
            "Rumba-American": 0.0151983983815,
            "Rumba-International": 0.0328308865428,
            "Rumba-Misc": 0.00966071616858,
            "Samba": 0.0422694049776,
            "Tango": 0.377887487411,
            "VienneseWaltz": 0.155978903174,
            "Waltz": 0.0054276380688
        },
        "probability": 0.377887487411,
        "value": "Tango"
    },
    "mood_acoustic": {
        "all": {
            "acoustic": 0.0471755079925,
            "not_acoustic": 0.952824473381
        },
        "probability": 0.952824473381,
        "value": "not_acoustic"
    },
    "mood_aggressive": {
        "all": {
            "aggressive": 0.032059378922,
            "not_aggressive": 0.967940628529
        },
        "probability": 0.967940628529,
        "value": "not_aggressive"
    },
    "mood_electronic": {
        "all": {
            "electronic": 0.67658084631,
            "not_electronic": 0.32341915369
        },
        "probability": 0.67658084631,
        "value": "electronic"
    },
    "mood_happy": {
        "all": {
            "happy": 0.359259605408,
            "not_happy": 0.640740394592
        },
        "probability": 0.640740394592,
        "value": "not_happy"
    },
    "mood_party": {
        "all": {
            "not_party": 0.822934031487,
            "party": 0.177065968513
        },
        "probability": 0.822934031487,
        "value": "not_party"
    },
    "mood_relaxed": {
        "all": {
            "not_relaxed": 0.91569852829,
            "relaxed": 0.0843014866114
        },
        "probability": 0.91569852829,
        "value": "not_relaxed"
    },
    "mood_sad": {
        "all": {
            "not_sad": 0.487161874771,
            "sad": 0.512838125229
        },
        "probability": 0.512838125229,
        "value": "sad"
    },
    "moods_mirex": {
        "all": {
            "Cluster1": 0.306334465742,
            "Cluster2": 0.294816076756,
            "Cluster3": 0.209934324026,
            "Cluster4": 0.129010736942,
            "Cluster5": 0.0599043779075
        },
        "probability": 0.306334465742,
        "value": "Cluster1"
    },
    "timbre": {
        "all": {
            "bright": 0.872927188873,
            "dark": 0.127072826028
        },
        "probability": 0.872927188873,
        "value": "bright"
    },
    "tonal_atonal": {
        "all": {
            "atonal": 0.000526901974808,
            "tonal": 0.99947309494
        },
        "probability": 0.99947309494,
        "value": "tonal"
    },
    "voice_instrumental": {
        "all": {
            "instrumental": 0.0759115591645,
            "voice": 0.924088418484
        },
        "probability": 0.924088418484,
        "value": "voice"
    }
},
"lowlevel": {
    "average_loudness": 0.980746984482,
    "barkbands_crest": {
        "dmean": 2.86001491547,
        "dmean2": 4.55203914642,
        "dvar": 6.94129800797,
        "dvar2": 15.2623538971,
        "max": 24.9657936096,
        "mean": 11.0967664719,
        "median": 9.7896270752,
        "min": 3.63893127441,
        "var": 22.5303096771
    },
    "barkbands_flatness_db": {
        "dmean": 0.0293862130493,
        "dmean2": 0.040513958782,
        "dvar": 0.000685167498887,
        "dvar2": 0.00128062278964,
        "max": 0.360510736704,
        "mean": 0.157023057342,
        "median": 0.154835760593,
        "min": 0.0487721338868,
        "var": 0.00280493241735
    },
    "barkbands_kurtosis": {
        "dmean": 3.00762486458,
        "dmean2": 4.57039451599,
        "dvar": 21.2834033966,
        "dvar2": 47.2372779846,
        "max": 71.6372680664,
        "mean": 4.56139087677,
        "median": 2.6840596199,
        "min": -1.3923933506,
        "var": 39.6459007263
    },
    "barkbands_skewness": {
        "dmean": 0.506263256073,
        "dmean2": 0.74864089489,
        "dvar": 0.254608422518,
        "dvar2": 0.49813619256,
        "max": 6.9238448143,
        "mean": 1.77293336391,
        "median": 1.57139050961,
        "min": -0.066761918366,
        "var": 0.919195592403
    },
    "barkbands_spread": {
        "dmean": 6.94217967987,
        "dmean2": 10.2865123749,
        "dvar": 73.3591079712,
        "dvar2": 139.933776855,
        "max": 87.6419143677,
        "mean": 20.3970432281,
        "median": 16.7657871246,
        "min": 2.51105952263,
        "var": 159.804016113
    },
    "dissonance": {
        "dmean": 0.019981360063,
        "dmean2": 0.0333138816059,
        "dvar": 0.000298398954328,
        "dvar2": 0.000872176256962,
        "max": 0.499865800142,
        "mean": 0.458804249763,
        "median": 0.463253766298,
        "min": 0.337886482477,
        "var": 0.000660943798721
    },
    "dynamic_complexity": 1.45896852016,
    "erbbands_crest": {
        "dmean": 2.64788150787,
        "dmean2": 4.31390380859,
        "dvar": 5.51410245895,
        "dvar2": 14.0885591507,
        "max": 25.3506908417,
        "mean": 8.49227333069,
        "median": 7.75649023056,
        "min": 3.06158280373,
        "var": 11.9107027054
    },
    "erbbands_flatness_db": {
        "dmean": 0.0278833340853,
        "dmean2": 0.0371866934001,
        "dvar": 0.000598336628173,
        "dvar2": 0.0011743492214,
        "max": 0.270890623331,
        "mean": 0.147837504745,
        "median": 0.150157749653,
        "min": 0.0576023906469,
        "var": 0.00176680646837
    },
    "erbbands_kurtosis": {
        "dmean": 0.742273032665,
        "dmean2": 1.16903197765,
        "dvar": 0.570052921772,
        "dvar2": 1.39519333839,
        "max": 7.21717166901,
        "mean": 0.239814206958,
        "median": -0.0172774791718,
        "min": -1.64815568924,
        "var": 1.36898231506
    },
    "erbbands_skewness": {
        "dmean": 0.338560372591,
        "dmean2": 0.538499176502,
        "dvar": 0.0774759426713,
        "dvar2": 0.199825108051,
        "max": 2.34374070168,
        "mean": 0.520562410355,
        "median": 0.515834927559,
        "min": -1.18228757381,
        "var": 0.230965226889
    },
    "erbbands_spread": {
        "dmean": 9.36232948303,
        "dmean2": 13.6774988174,
        "dvar": 93.948600769,
        "dvar2": 196.362045288,
        "max": 113.890869141,
        "mean": 36.2202453613,
        "median": 32.3688468933,
        "min": 10.6040029526,
        "var": 243.999420166
    },
    "hfc": {
        "dmean": 13.667134285,
        "dmean2": 19.366443634,
        "dvar": 329.46295166,
        "dvar2": 713.894287109,
        "max": 124.280639648,
        "mean": 28.2714557648,
        "median": 21.1487941742,
        "min": 2.83216953278,
        "var": 545.16217041
    },
    "melbands_crest": {
        "dmean": 3.03655290604,
        "dmean2": 4.79038763046,
        "dvar": 7.54499578476,
        "dvar2": 17.8090858459,
        "max": 26.830532074,
        "mean": 13.7536945343,
        "median": 12.885433197,
        "min": 4.8868727684,
        "var": 24.4521217346
    },
    "melbands_flatness_db": {
        "dmean": 0.0351626425982,
        "dmean2": 0.0499173440039,
        "dvar": 0.00111824646592,
        "dvar2": 0.0020452903118,
        "max": 0.457693934441,
        "mean": 0.229106247425,
        "median": 0.225571081042,
        "min": 0.0855860561132,
        "var": 0.00477522844449
    },
    "melbands_kurtosis": {
        "dmean": 5.54942369461,
        "dmean2": 8.61639976501,
        "dvar": 59.5125160217,
        "dvar2": 133.789611816,
        "max": 96.6142959595,
        "mean": 11.1542634964,
        "median": 7.93929386139,
        "min": -0.639531135559,
        "var": 130.232070923
    },
    "melbands_skewness": {
        "dmean": 0.64997446537,
        "dmean2": 0.994636178017,
        "dvar": 0.394174903631,
        "dvar2": 0.814812064171,
        "max": 8.41194629669,
        "mean": 2.54190897942,
        "median": 2.31446933746,
        "min": 0.110086411238,
        "var": 1.4190980196
    },
    "melbands_spread": {
        "dmean": 4.37259721756,
        "dmean2": 6.49486207962,
        "dvar": 15.8609304428,
        "dvar2": 33.1319847107,
        "max": 47.9130821228,
        "mean": 16.8149528503,
        "median": 15.335521698,
        "min": 1.59853374958,
        "var": 75.9685592651
    },
    "pitch_salience": {
        "dmean": 0.0823049843311,
        "dmean2": 0.130273282528,
        "dvar": 0.00667699566111,
        "dvar2": 0.0157294999808,
        "max": 0.825639665127,
        "mean": 0.532778739929,
        "median": 0.544032752514,
        "min": 0.17773103714,
        "var": 0.0160493962467
    },
    "silence_rate_20dB": {
        "dmean": 0,
        "dmean2": 0,
        "dvar": 0,
        "dvar2": 0,
        "max": 1,
        "mean": 1,
        "median": 1,
        "min": 1,
        "var": 0
    },
    "silence_rate_30dB": {
        "dmean": 0.0402476787567,
        "dmean2": 0.0805577039719,
        "dvar": 0.0386282466352,
        "dvar2": 0.0988569259644,
        "max": 1,
        "mean": 0.970610976219,
        "median": 1,
        "min": 0,
        "var": 0.0285252314061
    },
    "silence_rate_60dB": {
        "dmean": 0,
        "dmean2": 0,
        "dvar": 0,
        "dvar2": 0,
        "max": 0,
        "mean": 0,
        "median": 0,
        "min": 0,
        "var": 0
    },
    "spectral_centroid": {
        "dmean": 194.44342041,
        "dmean2": 304.616485596,
        "dvar": 37412.8242188,
        "dvar2": 85636.3828125,
        "max": 2570.95849609,
        "mean": 977.65612793,
        "median": 922.148498535,
        "min": 241.61265564,
        "var": 108852.445312
    },
    "spectral_complexity": {
        "dmean": 4.34829711914,
        "dmean2": 6.61115407944,
        "dvar": 21.9467258453,
        "dvar2": 45.3189086914,
        "max": 55,
        "mean": 22.4462490082,
        "median": 21,
        "min": 9,
        "var": 63.5184898376
    },
    "spectral_decrease": {
        "dmean": 3.37679550988e-09,
        "dmean2": 5.07233721692e-09,
        "dvar": 1.3906092274e-17,
        "dvar2": 2.58838809564e-17,
        "max": -1.65118452244e-09,
        "mean": -1.13983835703e-08,
        "median": -9.86997861219e-09,
        "min": -3.90213408252e-08,
        "var": 4.15716954544e-17
    },
    "spectral_energy": {
        "dmean": 0.0134001579136,
        "dmean2": 0.0201153233647,
        "dvar": 0.00021614904108,
        "dvar2": 0.000402020814363,
        "max": 0.149523809552,
        "mean": 0.0455844439566,
        "median": 0.0394979119301,
        "min": 0.00739463604987,
        "var": 0.000627099419944
    },
    "spectral_energyband_high": {
        "dmean": 0.000939682067838,
        "dmean2": 0.00132711348124,
        "dvar": 2.0411382593e-06,
        "dvar2": 4.24902464147e-06,
        "max": 0.00967489741743,
        "mean": 0.0011233240366,
        "median": 0.000332565425197,
        "min": 4.42120472144e-06,
        "var": 3.2970515349e-06
    },
    "spectral_energyband_low": {
        "dmean": 0.0100122615695,
        "dmean2": 0.0150137459859,
        "dvar": 0.000224633986363,
        "dvar2": 0.000434656976722,
        "max": 0.129091843963,
        "mean": 0.0207454543561,
        "median": 0.011409486644,
        "min": 0.000405058061006,
        "var": 0.00053193885833
    },
    "spectral_energyband_middle_high": {
        "dmean": 0.00187544885557,
        "dmean2": 0.00274874153547,
        "dvar": 4.93528887091e-06,
        "dvar2": 1.02400053947e-05,
        "max": 0.0316224358976,
        "mean": 0.00554540101439,
        "median": 0.00429453607649,
        "min": 0.000416364957346,
        "var": 1.85541630344e-05
    },
    "spectral_energyband_middle_low": {
        "dmean": 0.0086059300229,
        "dmean2": 0.0140364756808,
        "dvar": 0.000113235895697,
        "dvar2": 0.000278974504909,
        "max": 0.07263687253,
        "mean": 0.0195938069373,
        "median": 0.0163873359561,
        "min": 0.00324504217133,
        "var": 0.000153328190208
    },
    "spectral_entropy": {
        "dmean": 0.240166157484,
        "dmean2": 0.353758454323,
        "dvar": 0.061994381249,
        "dvar2": 0.126147970557,
        "max": 8.46219444275,
        "mean": 7.42133569717,
        "median": 7.35842847824,
        "min": 6.35467672348,
        "var": 0.175683915615
    },
    "spectral_flux": {
        "dmean": 0.0355925709009,
        "dmean2": 0.0510047897696,
        "dvar": 0.0013704218436,
        "dvar2": 0.00230437843129,
        "max": 0.345938622952,
        "mean": 0.11071100831,
        "median": 0.0936896726489,
        "min": 0.0230897553265,
        "var": 0.00340974330902
    },
    "spectral_kurtosis": {
        "dmean": 2.84486889839,
        "dmean2": 4.48384332657,
        "dvar": 7.0187048912,
        "dvar2": 17.5557441711,
        "max": 26.94688797,
        "mean": 7.20157051086,
        "median": 6.49000358582,
        "min": -0.74810218811,
        "var": 15.995057106
    },
    "spectral_rms": {
        "dmean": 0.000954888528213,
        "dmean2": 0.00143755646423,
        "dvar": 9.18245518733e-07,
        "dvar2": 1.64530558777e-06,
        "max": 0.0120779499412,
        "mean": 0.00642989110202,
        "median": 0.00620762025937,
        "min": 0.00268594105728,
        "var": 3.12915244649e-06
    },
    "spectral_rolloff": {
        "dmean": 508.263549805,
        "dmean2": 857.760681152,
        "dvar": 1572157.5,
        "dvar2": 3923428.25,
        "max": 13221.3867188,
        "mean": 1086.96630859,
        "median": 753.662109375,
        "min": 86.1328125,
        "var": 1580665.75
    },
    "spectral_skewness": {
        "dmean": 0.332611113787,
        "dmean2": 0.517207920551,
        "dvar": 0.080144777894,
        "dvar2": 0.186110109091,
        "max": 3.65407347679,
        "mean": 1.99223923683,
        "median": 1.9716848135,
        "min": 0.231092885137,
        "var": 0.245708957314
    },
    "spectral_spread": {
        "dmean": 1089850.75,
        "dmean2": 1496117.5,
        "dvar": 1.48875326259e+12,
        "dvar2": 3.22326678733e+12,
        "max": 11442820,
        "mean": 4318228,
        "median": 3776012.25,
        "min": 1679751.25,
        "var": 3.06738941133e+12
    },
    "spectral_strongpeak": {
        "dmean": 0.397031515837,
        "dmean2": 0.679655790329,
        "dvar": 0.304478257895,
        "dvar2": 0.796077609062,
        "max": 5.27238273621,
        "mean": 0.718908905983,
        "median": 0.474827975035,
        "min": 0.0702399387956,
        "var": 0.466693967581
    },
    "zerocrossingrate": {
        "dmean": 0.0173328500241,
        "dmean2": 0.0196753516793,
        "dvar": 0.000398048956413,
        "dvar2": 0.000563087523915,
        "max": 0.2509765625,
        "mean": 0.0532864779234,
        "median": 0.04345703125,
        "min": 0.005859375,
        "var": 0.00126151496079
    },
    "barkbands": {
        "dmean": [0.000227734126383, 0.0089521240443, 0.00328436470591, 0.00270743458532, 0.00428659422323, 0.00251877796836, 0.001680576941, 0.00124165473972, 0.00120050716214, 0.000549852964468, 0.0003750459, 0.000531090656295, 0.000494672392961, 0.000455524714198, 0.000318279431667, 0.000179617025424, 0.000270807242487, 0.000148770865053, 0.000129223350086, 9.73013520706e-05, 0.000103767037217, 8.87490459718e-05, 8.21476860438e-05, 9.03746840777e-05, 8.66943591973e-05, 0.000515275925864, 8.9848995799e-08],
        "dmean2": [0.000411952205468, 0.0140963243321, 0.00562021695077, 0.0047229337506, 0.00736375758424, 0.00443733297288, 0.00273617287166, 0.00192823377438, 0.00181884912308, 0.000859359919559, 0.000597928417847, 0.000862867687829, 0.000776887522079, 0.000697841634974, 0.000493918720167, 0.000302728702081, 0.000437644310296, 0.000232694888837, 0.000223723400268, 0.000149032988702, 0.000159651346621, 0.000133237452246, 0.000118467083666, 0.000125492646475, 0.000140196614666, 0.000801779970061, 1.56875515245e-07],
        "dvar": [1.3430540946e-07, 0.000205167438253, 6.31205548416e-05, 3.42106977769e-05, 5.14865387231e-05, 8.15897055872e-06, 7.62808258514e-06, 6.43876137474e-06, 4.53170332548e-06, 1.54089082116e-06, 3.36412597335e-07, 6.40473103886e-07, 8.52324262723e-07, 7.723657518e-07, 2.11971041608e-07, 8.82665531776e-08, 1.20341951515e-07, 3.23791624623e-08, 4.74620023283e-08, 2.41401103551e-08, 2.96680120471e-08, 3.34778604838e-08, 3.13211145908e-08, 3.28646834191e-08, 2.14476614246e-08, 8.55373912145e-07, 1.32487784307e-13],
        "dvar2": [4.08308892474e-07, 0.000471403036499, 0.000159730072482, 9.1371810413e-05, 0.000137958239065, 2.33873415709e-05, 1.95672200789e-05, 1.54521476361e-05, 1.14467047752e-05, 3.60340027328e-06, 8.27470842069e-07, 1.66589313721e-06, 1.98027510123e-06, 1.69131567418e-06, 4.86089277274e-07, 2.31481109836e-07, 2.8681523645e-07, 6.91832795496e-08, 1.28164614921e-07, 5.13742079988e-08, 6.71820217235e-08, 6.88102446134e-08, 6.21132585366e-08, 5.83692774114e-08, 4.79206399007e-08, 1.91573349184e-06, 3.57434730685e-13],
        "max": [0.00369898602366, 0.120089873672, 0.0678949505091, 0.0421563386917, 0.0460400283337, 0.0257783532143, 0.0354414395988, 0.0337457582355, 0.0346087366343, 0.0246751308441, 0.00901168771088, 0.00924796517938, 0.0150506040081, 0.0162990279496, 0.00742038572207, 0.00439811917022, 0.00430537527427, 0.00373734906316, 0.00176909670699, 0.00174224784132, 0.00167027674615, 0.00239408528432, 0.00259481021203, 0.00197087833658, 0.00115518877283, 0.00571632152423, 5.05446359966e-06],
        "mean": [0.000210789687117, 0.0165385827422, 0.00280948798172, 0.00238719000481, 0.00525446375832, 0.00456615071744, 0.00299094291404, 0.0018405020237, 0.00207606516778, 0.000848457857501, 0.000600652536377, 0.000893500109669, 0.000788854144048, 0.000771098362748, 0.000573606404942, 0.000282421708107, 0.000498316425364, 0.000284561887383, 0.000170943909325, 0.000162555355928, 0.000144607489347, 0.000117492571007, 0.000124808007968, 0.000127815656015, 8.5916784883e-05, 0.000434624031186, 6.59236505385e-08],
        "median": [0.00010418608872, 0.00874773040414, 0.000622134306468, 0.000778505578637, 0.003120923182, 0.00367991486564, 0.00199007778428, 0.000645767315291, 0.00112567050382, 0.000293895747745, 0.000342758838087, 0.000596776022576, 0.000305678375298, 0.000340498052537, 0.000315684563247, 0.000157006215886, 0.000337754230713, 0.000184317599633, 8.94939148566e-05, 8.53125748108e-05, 5.90199779253e-05, 1.89662314369e-05, 2.70898453891e-05, 2.47783445957e-05, 1.5096907191e-05, 3.21221232298e-05, 1.75254222246e-09],
        "min": [3.13000725782e-07, 0.000127453531604, 1.02963049358e-05, 8.611591511e-06, 7.3149043601e-05, 0.000183785741683, 2.83401859633e-05, 1.07653104351e-05, 1.58874154295e-05, 7.42651354813e-06, 3.21706897921e-06, 6.98927260601e-06, 8.02922022558e-06, 1.63264430739e-05, 1.84668042493e-05, 4.91597802466e-06, 9.02104056877e-06, 1.08522508526e-05, 5.91889738644e-06, 1.81869722837e-06, 1.37788504162e-06, 2.48372025169e-08, 5.26972030457e-08, 3.96307514583e-10, 3.10830250427e-11, 2.09412036323e-11, 9.83339104588e-12],
        "var": [1.0238209569e-07, 0.000380182696972, 5.08955890837e-05, 2.46710715146e-05, 4.38922579633e-05, 1.11703038783e-05, 1.07809582914e-05, 1.12877460197e-05, 7.22945651432e-06, 3.29336035065e-06, 6.47368835871e-07, 1.03286413378e-06, 1.5630495227e-06, 1.45869012158e-06, 6.21077901997e-07, 1.44549204606e-07, 2.65762594154e-07, 9.48519485178e-08, 4.6256840136e-08, 4.226386352e-08, 4.66433363044e-08, 6.18315993961e-08, 7.23136182046e-08, 7.67813688185e-08, 2.72676423663e-08, 8.84546579982e-07, 8.97158866295e-14]
    },
    "erbbands": {
        "dmean": [0.185157597065, 2.26876330376, 3.62966775894, 7.17559432983, 9.8177947998, 17.2296524048, 10.9106683731, 23.4585437775, 29.6042480469, 24.5895519257, 27.8657875061, 28.6547355652, 21.1604442596, 12.5090885162, 13.2078609467, 25.1321048737, 21.7074356079, 24.840795517, 14.1818161011, 18.7045726776, 9.91837215424, 12.506939888, 8.34401893616, 6.5146150589, 5.69248151779, 4.63066053391, 4.56816768646, 3.77923679352, 3.22659802437, 2.88520956039, 2.23279571533, 2.19162225723, 1.31421875954, 0.924739301205, 0.677642285824, 1.45157670975, 1.35056984425, 0.0815718472004, 0.00152290984988, 8.28391930554e-05],
        "dmean2": [0.279173612595, 3.54666519165, 5.71859550476, 12.5070991516, 16.0501461029, 30.3035259247, 19.6944541931, 41.1777839661, 48.3942604065, 39.4850120544, 42.4090003967, 42.1793022156, 32.4645195007, 20.1738891602, 21.6247024536, 40.4688148499, 34.1564750671, 37.5606231689, 21.5170555115, 29.891620636, 16.1220607758, 20.0008964539, 13.0164012909, 10.906832695, 9.64803314209, 7.01781845093, 7.31615972519, 5.50907468796, 5.03344488144, 4.28168869019, 3.18233656883, 3.12513184547, 1.87403094769, 1.49714481831, 1.0883589983, 2.26712965965, 2.11252570152, 0.127619341016, 0.00237039546482, 0.00012468395289],
        "dvar": [0.0602818131447, 14.170882225, 58.1696739197, 299.477752686, 225.218338013, 1000.21380615, 575.557922363, 652.962097168, 1747.41137695, 2561.53686523, 4586.21191406, 2521.83862305, 2328.76538086, 1113.44213867, 396.269561768, 1503.91125488, 1368.4453125, 2656.73339844, 576.553039551, 866.188293457, 205.139373779, 306.373657227, 106.848831177, 109.058143616, 85.7892532349, 55.0268669128, 56.0486907959, 42.7811164856, 40.3665390015, 36.9238891602, 23.8444976807, 19.4799671173, 7.05246591568, 2.42751502991, 1.44056248665, 6.86984062195, 6.04796981812, 0.0218107979745, 7.48613683754e-06, 1.73392571412e-08],
        "dvar2": [0.109029665589, 33.01304245, 137.1746521, 801.546325684, 548.023010254, 2731.25, 1633.5489502, 1932.63830566, 4613.89599609, 6589.35253906, 10841.8056641, 6398.67871094, 5080.42675781, 2922.80371094, 1013.03942871, 3854.2409668, 3047.38427734, 5575.6171875, 1291.50024414, 2080.32080078, 513.433410645, 697.962768555, 233.937942505, 285.579864502, 226.726882935, 116.535751343, 131.585998535, 91.8033828735, 91.4035873413, 71.0989074707, 47.9349899292, 33.8895492554, 12.8560962677, 5.35724496841, 3.29517483711, 15.4047737122, 13.6601924896, 0.0501481406391, 1.71209139808e-05, 3.91572676506e-08],
        "max": [2.84767985344, 30.8984680176, 62.9466552734, 123.729354858, 116.98752594, 212.057662964, 214.170700073, 207.277999878, 485.312011719, 804.826782227, 1013.65209961, 911.491333008, 922.01574707, 561.777282715, 302.290893555, 475.53692627, 768.201416016, 949.81237793, 387.741455078, 519.503173828, 203.578536987, 273.933807373, 202.535476685, 86.9075546265, 69.686088562, 83.6062240601, 75.7880935669, 65.8966522217, 65.7072219849, 90.1071548462, 77.4699707031, 48.8191986084, 29.6800823212, 17.4016075134, 10.8553647995, 17.2221050262, 16.1279411316, 0.902048289776, 0.0165297780186, 0.000853498757351],
        "mean": [0.381150066853, 4.00416231155, 4.276658535, 6.26337337494, 12.7293672562, 19.5676441193, 14.6669359207, 41.444026947, 51.7757759094, 42.0159645081, 45.6988792419, 53.0145988464, 35.361240387, 21.1552581787, 23.9358882904, 44.4939804077, 39.0930290222, 43.2661323547, 26.1288795471, 32.3581924438, 18.3717079163, 24.6455230713, 17.4337863922, 9.59377574921, 8.32174396515, 7.81388950348, 6.80932474136, 4.89880132675, 4.10206413269, 4.2203502655, 3.38073778152, 3.0441763401, 1.84954500198, 1.01363778114, 0.608224034309, 1.23059499264, 1.13363540173, 0.0673122778535, 0.00128545972984, 0.000112435496703],
        "median": [0.217058807611, 2.07007956505, 1.70477306843, 1.95333635807, 6.46524763107, 9.850233078, 8.89954853058, 33.8089523315, 36.6964035034, 20.1944675446, 18.4300765991, 28.7966938019, 16.4762859344, 9.01372909546, 14.9604845047, 29.7376937866, 18.4388713837, 18.3381118774, 13.9986534119, 17.4028491974, 12.3308038712, 16.2713909149, 12.2601556778, 5.73921823502, 4.41745090485, 4.44959259033, 3.36062383652, 1.47863340378, 0.671703696251, 0.934680461884, 0.70968824625, 0.543663024902, 0.324287980795, 0.20336894691, 0.0893860533834, 0.097454726696, 0.0898412689567, 0.00457992078736, 0.000116472438094, 5.96075988142e-05],
        "min": [0.00416989903897, 0.0121654756367, 0.0653987303376, 0.0384551696479, 0.138526558876, 0.217261299491, 0.605357408524, 1.62943720818, 1.20120763779, 0.780735433102, 0.558108687401, 1.11614942551, 0.975470602512, 0.453493714333, 1.33401310444, 1.25250399113, 0.801083743572, 1.46908998489, 0.995390295982, 0.78836774826, 0.750141739845, 0.516757369041, 0.67156547308, 0.645938873291, 0.150128960609, 0.192039087415, 0.0787056162953, 0.0218942053616, 0.0128843476996, 0.00617821887136, 0.00210877857171, 0.000957485637628, 9.30872265599e-05, 3.40101105394e-05, 2.24859668378e-05, 1.42348790177e-05, 6.17993418928e-06, 1.1448813666e-06, 5.39674647371e-06, 9.16192129807e-06],
        "var": [0.193767204881, 23.6306972504, 61.6585960388, 210.42527771, 261.122955322, 818.973510742, 391.342803955, 906.788085938, 2549.24829102, 4224.72021484, 7804.79833984, 4680.87353516, 4509.99121094, 2218.68310547, 749.320861816, 2580.79614258, 2945.19091797, 5065.15722656, 1206.89599609, 2418.59155273, 415.100341797, 743.362548828, 304.605865479, 112.778701782, 102.198135376, 95.3380203247, 85.8709945679, 69.9942092896, 68.1302185059, 84.4789733887, 52.5206260681, 44.494304657, 16.1462478638, 3.77414560318, 1.60231733322, 7.12342071533, 6.1200261116, 0.0218360740691, 7.57525685913e-06, 1.92438118773e-08]
    },
    "gfcc": {
        "mean": [33.8494758606, 108.804801941, -104.895172119, 19.5129566193, -44.63438797, 8.86075115204, -37.8050575256, 12.9452552795, -20.1775512695, 13.1809835434, -12.0744342804, 8.75216197968, -13.9509162903],
        "cov": [[2459.82788086, -1714.81652832, 472.119567871, -121.147712708, -252.432662964, 196.143295288, -203.890213013, -1.32312989235, -294.640625, 187.030761719, -410.605316162, 141.386367798, -329.070556641], [-1714.81652832, 1576.94787598, -477.311157227, 113.282218933, 226.847396851, -122.791114807, 235.394058228, 2.42418122292, 273.576324463, -181.464385986, 351.80682373, -159.521606445, 256.586791992], [472.119567871, -477.311157227, 563.09942627, -108.100120544, 147.956558228, -33.3302230835, 1.82824516296, 57.6810722351, -133.455596924, 120.401123047, -193.660614014, 139.286529541, -150.618911743], [-121.147712708, 113.282218933, -108.100120544, 251.798950195, -84.088973999, 74.276802063, -40.6736907959, -52.2727432251, 57.5749511719, -74.7788619995, 99.7119827271, -78.6925582886, 90.6643829346], [-252.432662964, 226.847396851, 147.956558228, -84.088973999, 323.432891846, -91.9842987061, 121.280921936, 16.8543434143, -7.04934740067, 45.343132019, -42.7844772339, 81.3634414673, -54.4340591431], [196.143295288, -122.791114807, -33.3302230835, 74.276802063, -91.9842987061, 247.70375061, -13.2653684616, -6.6349439621, 4.85077047348, -14.1343259811, 55.0822868347, -37.0838317871, 45.6101951599], [-203.890213013, 235.394058228, 1.82824516296, -40.6736907959, 121.280921936, -13.2653684616, 243.394393921, 28.8458156586, 50.8864593506, 19.2964477539, 6.99932193756, 55.9019432068, -34.3008003235], [-1.32312989235, 2.42418122292, 57.6810722351, -52.2727432251, 16.8543434143, -6.6349439621, 28.8458156586, 132.125106812, 36.1467590332, 35.7784919739, -5.13249111176, -3.85596013069, 5.51215791702], [-294.640625, 273.576324463, -133.455596924, 57.5749511719, -7.04934740067, 4.85077047348, 50.8864593506, 36.1467590332, 150.994735718, -18.9242916107, 94.9838638306, -48.3366699219, 63.423789978], [187.030761719, -181.464385986, 120.401123047, -74.7788619995, 45.343132019, -14.1343259811, 19.2964477539, 35.7784919739, -18.9242916107, 113.823348999, -60.0299987793, 67.3438491821, -62.0000305176], [-410.605316162, 351.80682373, -193.660614014, 99.7119827271, -42.7844772339, 55.0822868347, 6.99932193756, -5.13249111176, 94.9838638306, -60.0299987793, 204.899765015, -68.4579391479, 123.450515747], [141.386367798, -159.521606445, 139.286529541, -78.6925582886, 81.3634414673, -37.0838317871, 55.9019432068, -3.85596013069, -48.3366699219, 67.3438491821, -68.4579391479, 137.467605591, -75.6618423462], [-329.070556641, 256.586791992, -150.618911743, 90.6643829346, -54.4340591431, 45.6101951599, -34.3008003235, 5.51215791702, 63.423789978, -62.0000305176, 123.450515747, -75.6618423462, 161.842773438]],
        "icov": [[0.00201515364461, 0.00199217465706, 0.00039373600157, -0.000184827353223, -3.23653475789e-05, -0.000817361637019, -0.00031788146589, -0.000315737735946, 0.000225596653763, 5.42673915334e-05, 0.000632865354419, 0.000785777112469, 0.00138875888661], [0.00199217465706, 0.00624389806762, 0.00132164836396, 0.000835451995954, -0.00359257287346, 0.00173299363814, -0.00338975642808, 0.000712234119419, -0.00153943093028, 0.00264199823141, -0.00316088972613, 0.00402898108587, -0.0016158890212], [0.00039373600157, 0.00132164836396, 0.00476973829791, -0.00146857625805, -0.00247730012052, -0.000236436360865, 0.000351975002559, -0.00290517206304, 0.00204691407271, -0.00053230318008, 0.00111455179285, -0.00134124804754, 0.000890566734597], [-0.000184827353223, 0.000835451995954, -0.00146857625805, 0.00784389860928, 0.00012344676361, -0.000364876439562, -0.000526394753251, 0.00417150463909, -0.00352647388354, 0.00256921071559, -0.00206402898766, 0.00238725100644, -0.00251385965385], [-3.23653475789e-05, -0.00359257287346, -0.00247730012052, 0.00012344676361, 0.00824458990246, -0.000487328099553, 0.000130135391373, 0.000390398985473, 0.00101316755172, -0.00235772319138, 0.00241031008773, -0.00299279857427, 0.00164189422503], [-0.000817361637019, 0.00173299363814, -0.000236436360865, -0.000364876439562, -0.000487328099553, 0.00715962564573, -0.00293459114619, 0.000910621951334, 0.000375326548237, 9.0075431217e-05, -0.00393075402826, 0.00275229150429, -0.00308721722104], [-0.00031788146589, -0.00338975642808, 0.000351975002559, -0.000526394753251, 0.000130135391373, -0.00293459114619, 0.00936984829605, -0.0023145978339, -0.00172628345899, 3.84597151424e-05, 0.00239576725289, -0.0060673984699, 0.00431298930198], [-0.000315737735946, 0.000712234119419, -0.00290517206304, 0.00417150463909, 0.000390398985473, 0.000910621951334, -0.0023145978339, 0.0133759109303, -0.0051475642249, -0.00263374275528, -0.000703090277966, 0.00465228687972, -0.00416362518445], [0.000225596653763, -0.00153943093028, 0.00204691407271, -0.00352647388354, 0.00101316755172, 0.000375326548237, -0.00172628345899, -0.0051475642249, 0.0154039347544, -0.00423884624615, -0.00191217591055, 0.00111932482105, 0.00114569568541], [5.42673915334e-05, 0.00264199823141, -0.00053230318008, 0.00256921071559, -0.00235772319138, 9.0075431217e-05, 3.84597151424e-05, -0.00263374275528, -0.00423884624615, 0.0186697375029, -0.0015046504559, -0.00438822293654, 0.00117601745296], [0.000632865354419, -0.00316088972613, 0.00111455179285, -0.00206402898766, 0.00241031008773, -0.00393075402826, 0.00239576725289, -0.000703090277966, -0.00191217591055, -0.0015046504559, 0.0160136390477, -0.00360420858487, -0.00278517208062], [0.000785777112469, 0.00402898108587, -0.00134124804754, 0.00238725100644, -0.00299279857427, 0.00275229150429, -0.0060673984699, 0.00465228687972, 0.00111932482105, -0.00438822293654, -0.00360420858487, 0.0191714707762, -0.00100985798053], [0.00138875888661, -0.0016158890212, 0.000890566734597, -0.00251385965385, 0.00164189422503, -0.00308721722104, 0.00431298930198, -0.00416362518445, 0.00114569568541, 0.00117601745296, -0.00278517208062, -0.00100985798053, 0.0179335419089]]
    },
    "melbands": {
        "dmean": [0.00216327421367, 0.00209702178836, 0.00128779641818, 0.000958633841947, 0.000479291338706, 0.000543194473721, 0.000418234674726, 0.000253440579399, 0.000232493548538, 0.000173012798768, 0.000105213861389, 5.00091155118e-05, 5.42952184333e-05, 5.03705850861e-05, 5.71774507989e-05, 5.06744727318e-05, 4.87024262839e-05, 2.52738027484e-05, 2.11645728996e-05, 1.86527886399e-05, 1.42675244206e-05, 1.50827054313e-05, 1.18833759188e-05, 5.82561506235e-06, 5.52543269805e-06, 5.24867755303e-06, 3.50418235939e-06, 3.15881038659e-06, 3.02543162434e-06, 2.53223538493e-06, 2.23159963753e-06, 1.99795545086e-06, 1.60498325386e-06, 1.68795247646e-06, 1.29335967358e-06, 1.41724603964e-06, 1.35961215619e-06, 1.00366935385e-06, 8.02838599157e-07, 8.43664736294e-07],
        "dmean2": [0.00334640988149, 0.00325634237379, 0.00222783372737, 0.0016198665835, 0.000859770167153, 0.00094495882513, 0.000685493694618, 0.000406611768994, 0.000351334369043, 0.00025980261853, 0.000160892173881, 8.09177145129e-05, 8.85317203938e-05, 8.16280444269e-05, 9.13200856303e-05, 7.9138437286e-05, 7.53870481276e-05, 3.84852537536e-05, 3.34677752107e-05, 3.04463683278e-05, 2.33943774219e-05, 2.44173534156e-05, 1.87654968613e-05, 9.31095564738e-06, 9.39577148529e-06, 9.21441642276e-06, 5.64401989323e-06, 4.75003025713e-06, 4.92983372169e-06, 3.92808988181e-06, 3.27348516294e-06, 3.20639173879e-06, 2.43891713581e-06, 2.53318353316e-06, 1.96424525711e-06, 1.99536088985e-06, 2.00791328098e-06, 1.44686407566e-06, 1.21496452721e-06, 1.39243763897e-06],
        "dvar": [1.02332160168e-05, 1.35559021146e-05, 7.52695495976e-06, 2.51914070759e-06, 9.4381624649e-07, 3.412137346e-07, 3.43060975183e-07, 2.56381554209e-07, 3.18313198022e-07, 1.06220717555e-07, 5.73325529274e-08, 2.09646753291e-08, 7.52788853475e-09, 5.4758606538e-09, 1.27229142777e-08, 8.22311374549e-09, 9.67543822838e-09, 2.12422701651e-09, 9.68710445193e-10, 8.69309679796e-10, 4.25926016678e-10, 4.24107610142e-10, 3.21767751332e-10, 4.19611706493e-11, 8.23192486399e-11, 7.73008879129e-11, 4.24127157006e-11, 2.43835559383e-11, 2.30089402392e-11, 1.6560157759e-11, 1.60794693532e-11, 1.68848181964e-11, 1.14907952944e-11, 1.24786899564e-11, 8.83954628245e-12, 9.4802889497e-12, 7.54857027579e-12, 4.82482370029e-12, 1.94096626792e-12, 2.0525061685e-12],
        "dvar2": [2.16515163629e-05, 2.86032645818e-05, 1.99286241696e-05, 6.6161351242e-06, 2.64812456408e-06, 9.8842292573e-07, 9.09648292691e-07, 6.66404332605e-07, 7.73424005729e-07, 2.71787399697e-07, 1.24431878135e-07, 5.53300623096e-08, 1.90286506552e-08, 1.37978402037e-08, 3.3197483873e-08, 1.85359816385e-08, 2.09439150467e-08, 4.63004434792e-09, 2.28038654626e-09, 2.20735940637e-09, 1.08127873322e-09, 1.01993335999e-09, 7.09626801765e-10, 9.54829826316e-11, 2.17225362698e-10, 2.11535011729e-10, 1.04189101791e-10, 5.0809519786e-11, 5.48923753674e-11, 3.63550058113e-11, 3.39059717802e-11, 4.08453687539e-11, 2.16898998762e-11, 2.62667092937e-11, 2.02922904174e-11, 1.62862622693e-11, 1.40191538933e-11, 9.01978578632e-12, 3.81077070941e-12, 4.88094764259e-12],
        "max": [0.0285074356943, 0.0270220618695, 0.0189395640045, 0.0117951920256, 0.00776060530916, 0.00481866300106, 0.00749485660344, 0.00804960820824, 0.00884885527194, 0.00643126387149, 0.00466329138726, 0.00241412385367, 0.00135740463156, 0.000987790175714, 0.00233427784406, 0.00105460174382, 0.00184279645327, 0.000715704401955, 0.00055575784063, 0.000549432006665, 0.000323514046613, 0.000245611619903, 0.000402524339734, 6.32023075013e-05, 7.52714258851e-05, 6.8622888648e-05, 9.54298229772e-05, 6.18498233962e-05, 4.60168084828e-05, 4.03862686653e-05, 4.29128413089e-05, 4.24721038144e-05, 5.61842498428e-05, 4.86840763188e-05, 4.81388997287e-05, 4.20044780185e-05, 3.23630702042e-05, 2.06999575312e-05, 1.90975097212e-05, 1.27088205772e-05],
        "mean": [0.00428012898192, 0.00346643617377, 0.00125339953229, 0.00118710484821, 0.000618747086264, 0.000995053444058, 0.000751910090912, 0.000415145623265, 0.000390018947655, 0.000305123423459, 0.000165966455825, 7.96739259386e-05, 8.79306244315e-05, 8.95844932529e-05, 0.000106157553091, 7.88014804129e-05, 7.99608242232e-05, 4.18812305725e-05, 3.86651227018e-05, 3.11073708872e-05, 2.29603738262e-05, 2.69305419351e-05, 2.28704957408e-05, 1.07662635855e-05, 7.41856865716e-06, 6.46599482934e-06, 5.44379690837e-06, 5.08586072101e-06, 4.46168542112e-06, 3.33002458319e-06, 2.7307187338e-06, 2.31441754295e-06, 2.2048768642e-06, 2.38516554418e-06, 1.87727800949e-06, 1.95192365027e-06, 1.84505017842e-06, 1.36129222028e-06, 1.01969817479e-06, 8.14996667486e-07],
        "median": [0.00237044971436, 0.00173879775684, 0.000505778822117, 0.000700230477378, 0.000366584863514, 0.000799415516667, 0.000544018868823, 0.000197862420464, 0.000159260525834, 0.000165344346897, 6.69391374686e-05, 2.90482439596e-05, 5.09946694365e-05, 6.33033196209e-05, 5.53447098355e-05, 3.00817082461e-05, 3.37168639817e-05, 2.05903852475e-05, 2.23553306569e-05, 1.63026888913e-05, 1.41814862218e-05, 1.76374123839e-05, 1.51729072968e-05, 7.72962175688e-06, 4.27698432759e-06, 3.18331990456e-06, 2.69714541901e-06, 2.78561287814e-06, 2.26521865443e-06, 1.24723874251e-06, 6.61530009438e-07, 3.26654742366e-07, 3.77654146178e-07, 5.48383638943e-07, 4.18981073835e-07, 2.7632395927e-07, 3.70901318547e-07, 2.1462730615e-07, 1.97726322426e-07, 1.52054255409e-07],
        "min": [5.02138973388e-05, 3.95109236706e-05, 1.21617504192e-05, 1.53625005623e-05, 1.54492317961e-05, 3.8984198909e-05, 1.18398174891e-05, 2.72914576271e-06, 6.27803865427e-06, 5.55047745365e-06, 1.89387094451e-06, 1.02181945749e-06, 7.84012456734e-07, 1.36124981509e-06, 1.26735221784e-06, 1.15544560231e-06, 1.39320115977e-06, 1.05056381017e-06, 1.08362928586e-06, 3.42432883826e-07, 3.05768480757e-07, 4.90097534112e-07, 4.65841878849e-07, 4.10159316289e-07, 4.34977152963e-07, 1.19148310773e-07, 6.91009489628e-08, 7.11043384172e-08, 3.71372586017e-08, 2.33388774973e-08, 4.11115669285e-10, 7.62996749115e-11, 9.95012183758e-10, 1.292306262e-09, 7.56873619334e-10, 9.08521799459e-11, 5.05823291239e-12, 3.53218843063e-12, 5.43892405072e-13, 6.24447867546e-14],
