{
"highlevel": {
    "danceability": {
        "all": {
            "danceable": 0.483130097389,
            "not_danceable": 0.516869902611
        },
        "probability": 0.516869902611,
        "value": "not_danceable"
    },
    "gender": {
        "all": {
            "female": 0.890130877495,
            "male": 0.109869144857
        },
        "probability": 0.890130877495,
        "value": "female"
    },
    "genre_dortmund": {
        "all": {
            "alternative": 0.0715790688992,
            "blues": 0.0617756135762,
            "electronic": 0.00492680119351,
            "folkcountry": 0.49277317524,
            "funksoulrnb": 0.0353645086288,
            "jazz": 0.0320813879371,
            "pop": 0.237262353301,
            "raphiphop": 0.0053693363443,
            "rock": 0.0588677562773
        },
        "probability": 0.49277317524,
        "value": "folkcountry"
    },
    "genre_electronic": {
        "all": {
            "ambient": 0.483944147825,
            "dnb": 0.0953458845615,
            "house": 0.215350449085,
            "techno": 0.0275730788708,
            "trance": 0.177786439657
        },
        "probability": 0.483944147825,
        "value": "ambient"
    },
    "genre_rosamerica": {
        "all": {
            "cla": 0.00980958808213,
            "dan": 0.0179768577218,
            "hip": 0.0109021831304,
            "jaz": 0.00593811366707,
            "pop": 0.716770350933,
            "rhy": 0.137476414442,
            "roc": 0.0994670391083,
            "spe": 0.00165946257766
        },
        "probability": 0.716770350933,
        "value": "pop"
    },
    "genre_tzanetakis": {
        "all": {
            "blu": 0.0620671063662,
            "cla": 0.034474901855,
            "cou": 0.103433981538,
            "dis": 0.0620971247554,
            "hip": 0.15527240932,
            "jaz": 0.310666948557,
            "met": 0.044346679002,
            "pop": 0.0620793737471,
            "reg": 0.0620816536248,
            "roc": 0.103479810059
        },
        "probability": 0.310666948557,
        "value": "jaz"
    },
    "ismir04_rhythm": {
        "all": {
            "ChaChaCha": 0.245970234275,
            "Jive": 0.185167655349,
            "Quickstep": 0.0402324125171,
            "Rumba-American": 0.0156267732382,
            "Rumba-International": 0.0551057159901,
            "Rumba-Misc": 0.0200725160539,
            "Samba": 0.103252142668,
            "Tango": 0.0526290200651,
            "VienneseWaltz": 0.265344202518,
            "Waltz": 0.016599336639
        },
        "probability": 0.265344202518,
        "value": "VienneseWaltz"
    },
    "mood_acoustic": {
        "all": {
            "acoustic": 0.0416454561055,
            "not_acoustic": 0.958354532719
        },
        "probability": 0.958354532719,
        "value": "not_acoustic"
    },
    "mood_aggressive": {
        "all": {
            "aggressive": 0.00421765027568,
            "not_aggressive": 0.995782375336
        },
        "probability": 0.995782375336,
        "value": "not_aggressive"
    },
    "mood_electronic": {
        "all": {
            "electronic": 0.0971657261252,
            "not_electronic": 0.902834296227
        },
        "probability": 0.902834296227,
        "value": "not_electronic"
    },
    "mood_happy": {
        "all": {
            "happy": 0.925723314285,
            "not_happy": 0.0742766857147
        },
        "probability": 0.925723314285,
        "value": "happy"
    },
    "mood_party": {
        "all": {
            "not_party": 0.27674511075,
            "party": 0.723254919052
        },
        "probability": 0.723254919052,
        "value": "party"
    },
    "mood_relaxed": {
        "all": {
            "not_relaxed": 0.827868103981,
            "relaxed": 0.172131896019
        },
        "probability": 0.827868103981,
        "value": "not_relaxed"
    },
    "mood_sad": {
        "all": {
            "not_sad": 0.667293190956,
            "sad": 0.332706809044
        },
        "probability": 0.667293190956,
        "value": "not_sad"
    },
    "moods_mirex": {
        "all": {
            "Cluster1": 0.0970596000552,
            "Cluster2": 0.638830661774,
            "Cluster3": 0.118782795966,
            "Cluster4": 0.129691660404,
            "Cluster5": 0.0156352799386
        },
        "probability": 0.638830661774,
        "value": "Cluster2"
    },
    "timbre": {
        "all": {
            "bright": 0.999998867512,
            "dark": 1.1612335129e-06
        },
        "probability": 0.999998867512,
        "value": "bright"
    },
    "tonal_atonal": {
        "all": {
            "atonal": 0.0382233709097,
            "tonal": 0.961776614189
        },
        "probability": 0.961776614189,
        "value": "tonal"
    },
    "voice_instrumental": {
        "all": {
            "instrumental": 0.0113378260285,
            "voice": 0.988662183285
        },
        "probability": 0.988662183285,
        "value": "voice"
    }
},
"lowlevel": {
    "average_loudness": 0.987625658512,
    "barkbands_crest": {
        "dmean": 2.78424787521,
        "dmean2": 4.46129655838,
        "dvar": 8.56281852722,
        "dvar2": 21.8266792297,
        "max": 22.2671146393,
        "mean": 8.59460449219,
        "median": 7.6731171608,
        "min": 2.87363648415,
        "var": 13.4390077591
    },
    "barkbands_flatness_db": {
        "dmean": 0.019740421325,
        "dmean2": 0.0297119859606,
        "dvar": 0.000351240043528,
        "dvar2": 0.000838444626424,
        "max": 0.229950025678,
        "mean": 0.126077830791,
        "median": 0.124932907522,
        "min": 0.0459336042404,
        "var": 0.00098413368687
    },
    "barkbands_kurtosis": {
        "dmean": 1.41362535954,
        "dmean2": 2.18872690201,
        "dvar": 4.37241172791,
        "dvar2": 9.88589859009,
        "max": 24.0862541199,
        "mean": 1.08284187317,
        "median": 0.19953417778,
        "min": -1.85463476181,
        "var": 9.10831737518
    },
    "barkbands_skewness": {
        "dmean": 0.434563696384,
        "dmean2": 0.620137214661,
        "dvar": 0.209083929658,
        "dvar2": 0.439520597458,
        "max": 4.5961356163,
        "mean": 0.886818051338,
        "median": 0.821638643742,
        "min": -1.65096509457,
        "var": 0.718852043152
    },
    "barkbands_spread": {
        "dmean": 7.35373687744,
        "dmean2": 11.3344478607,
        "dvar": 81.8809661865,
        "dvar2": 199.762252808,
        "max": 108.858558655,
        "mean": 30.848405838,
        "median": 27.9521789551,
        "min": 3.65358042717,
        "var": 222.391143799
    },
    "dissonance": {
        "dmean": 0.0211281441152,
        "dmean2": 0.0353657156229,
        "dvar": 0.000345254200511,
        "dvar2": 0.000943214108702,
        "max": 0.499999910593,
        "mean": 0.460905641317,
        "median": 0.467951655388,
        "min": 0.328308522701,
        "var": 0.000741784984712
    },
    "dynamic_complexity": 1.42760109901,
    "erbbands_crest": {
        "dmean": 2.73230218887,
        "dmean2": 4.38364934921,
        "dvar": 6.85660123825,
        "dvar2": 17.2283821106,
        "max": 28.9601154327,
        "mean": 9.30114555359,
        "median": 8.55518245697,
        "min": 2.89507985115,
        "var": 14.4345560074
    },
    "erbbands_flatness_db": {
        "dmean": 0.0201086327434,
        "dmean2": 0.0277196653187,
        "dvar": 0.000389598048059,
        "dvar2": 0.000686284911353,
        "max": 0.265507519245,
        "mean": 0.155054181814,
        "median": 0.153835400939,
        "min": 0.0611108504236,
        "var": 0.00170177663676
    },
    "erbbands_kurtosis": {
        "dmean": 0.849436163902,
        "dmean2": 1.31441128254,
        "dvar": 1.30973184109,
        "dvar2": 2.83719420433,
        "max": 23.0515727997,
        "mean": 0.277118325233,
        "median": -0.142617702484,
        "min": -1.63843286037,
        "var": 2.66629481316
    },
    "erbbands_skewness": {
        "dmean": 0.36240363121,
        "dmean2": 0.546361207962,
        "dvar": 0.125371053815,
        "dvar2": 0.285987824202,
        "max": 4.05849647522,
        "mean": 0.268175214529,
        "median": 0.335557937622,
        "min": -2.8932967186,
        "var": 0.617122530937
    },
    "erbbands_spread": {
        "dmean": 9.11188030243,
        "dmean2": 13.3709287643,
        "dvar": 113.01599884,
        "dvar2": 257.182403564,
        "max": 116.170326233,
        "mean": 38.2115249634,
        "median": 33.056552887,
        "min": 5.18586444855,
        "var": 347.148925781
    },
    "hfc": {
        "dmean": 9.82132339478,
        "dmean2": 15.36622715,
        "dvar": 201.322479248,
        "dvar2": 483.536651611,
        "max": 126.512214661,
        "mean": 29.0120048523,
        "median": 26.2764167786,
        "min": 1.36811745167,
        "var": 347.290039062
    },
    "melbands_crest": {
        "dmean": 3.42152738571,
        "dmean2": 5.32270383835,
        "dvar": 13.1011152267,
        "dvar2": 31.1787033081,
        "max": 28.8239707947,
        "mean": 11.7055625916,
        "median": 10.6824197769,
        "min": 4.30892133713,
        "var": 21.9845314026
    },
    "melbands_flatness_db": {
        "dmean": 0.0226524006575,
        "dmean2": 0.0336863361299,
        "dvar": 0.000562181114219,
        "dvar2": 0.00121760205366,
        "max": 0.319707065821,
        "mean": 0.161795049906,
        "median": 0.158569663763,
        "min": 0.0506071932614,
        "var": 0.00179661507718
    },
    "melbands_kurtosis": {
        "dmean": 4.2425327301,
        "dmean2": 6.50967311859,
        "dvar": 45.2335662842,
        "dvar2": 98.3195648193,
        "max": 81.6967086792,
        "mean": 6.52459144592,
        "median": 3.41200447083,
        "min": -1.71208620071,
        "var": 81.66746521
    },
    "melbands_skewness": {
        "dmean": 0.603323161602,
        "dmean2": 0.881384253502,
        "dvar": 0.496548682451,
        "dvar2": 1.00517380238,
        "max": 7.22167110443,
        "mean": 1.87447428703,
        "median": 1.56776046753,
        "min": -0.277725100517,
        "var": 1.4137980938
    },
    "melbands_spread": {
        "dmean": 9.08804225922,
        "dmean2": 13.5805187225,
        "dvar": 128.224609375,
        "dvar2": 277.916320801,
        "max": 199.047988892,
        "mean": 35.4902915955,
        "median": 31.0755233765,
        "min": 4.13007450104,
        "var": 384.86114502
    },
    "pitch_salience": {
        "dmean": 0.0752173215151,
        "dmean2": 0.122754879296,
        "dvar": 0.00560884922743,
        "dvar2": 0.0148028247058,
        "max": 0.808552503586,
        "mean": 0.53816652298,
        "median": 0.546298921108,
        "min": 0.214453428984,
        "var": 0.00927940942347
    },
    "silence_rate_20dB": {
        "dmean": 0,
        "dmean2": 0,
        "dvar": 0,
        "dvar2": 0,
        "max": 1,
        "mean": 1,
        "median": 1,
        "min": 1,
        "var": 0
    },
    "silence_rate_30dB": {
        "dmean": 0,
        "dmean2": 0,
        "dvar": 0,
        "dvar2": 0,
        "max": 1,
        "mean": 1,
        "median": 1,
        "min": 1,
        "var": 0
    },
    "silence_rate_60dB": {
        "dmean": 0.00696594407782,
        "dmean2": 0.0131680862978,
        "dvar": 0.00691748037934,
        "dvar2": 0.0176423229277,
        "max": 1,
        "mean": 0.00541376648471,
        "median": 0,
        "min": 0,
        "var": 0.00538444751874
    },
    "spectral_centroid": {
        "dmean": 284.658294678,
        "dmean2": 418.598999023,
        "dvar": 85385.9453125,
        "dvar2": 186681.421875,
        "max": 3795.01147461,
        "mean": 1882.18798828,
        "median": 1822.18139648,
        "min": 385.925384521,
        "var": 433640.34375
    },
    "spectral_complexity": {
        "dmean": 3.48606801033,
        "dmean2": 5.25639057159,
        "dvar": 11.6244096756,
        "dvar2": 24.8552417755,
        "max": 42,
        "mean": 19.2351112366,
        "median": 19,
        "min": 2,
        "var": 38.5883178711
    },
    "spectral_decrease": {
        "dmean": 1.94814586685e-09,
        "dmean2": 2.93803448237e-09,
        "dvar": 7.67242526341e-18,
        "dvar2": 1.54699251985e-17,
        "max": -3.91146948164e-10,
        "mean": -5.81912029674e-09,
        "median": -5.11417308502e-09,
        "min": -2.10352215646e-08,
        "var": 1.14078446967e-17
    },
    "spectral_energy": {
        "dmean": 0.00793086364865,
        "dmean2": 0.0119950287044,
        "dvar": 0.000122722572996,
        "dvar2": 0.000244840892265,
        "max": 0.0825822353363,
        "mean": 0.0245941728354,
        "median": 0.0216995403171,
        "min": 0.0016003723722,
        "var": 0.00018702588568
    },
    "spectral_energyband_high": {
        "dmean": 0.000871364201885,
        "dmean2": 0.00140598719008,
        "dvar": 2.34285516854e-06,
        "dvar2": 5.9611229517e-06,
        "max": 0.0120201604441,
        "mean": 0.00138613919262,
        "median": 0.000808105396573,
        "min": 1.75739169208e-05,
        "var": 2.69892757387e-06
    },
    "spectral_energyband_low": {
        "dmean": 0.00485222693533,
        "dmean2": 0.00748222647235,
        "dvar": 9.58941818681e-05,
        "dvar2": 0.000206340482691,
        "max": 0.0650437176228,
        "mean": 0.00752123165876,
        "median": 0.00476052658632,
        "min": 2.01632110475e-06,
        "var": 0.000110249173304
    },
    "spectral_energyband_middle_high": {
        "dmean": 0.00203877012245,
        "dmean2": 0.0028572564479,
        "dvar": 5.28102100361e-06,
        "dvar2": 9.49441346165e-06,
        "max": 0.0316616334021,
        "mean": 0.00777339329943,
        "median": 0.00651980563998,
        "min": 0.000230029269005,
        "var": 3.28990936396e-05
    },
    "spectral_energyband_middle_low": {
        "dmean": 0.00378530286252,
        "dmean2": 0.00618158746511,
        "dvar": 2.75668808172e-05,
        "dvar2": 7.28557206457e-05,
        "max": 0.0395385436714,
        "mean": 0.00834030192345,
        "median": 0.00715649034828,
        "min": 0.00062450527912,
        "var": 3.47455825249e-05
    },
    "spectral_entropy": {
        "dmean": 0.210579171777,
        "dmean2": 0.289893180132,
        "dvar": 0.0422618426383,
        "dvar2": 0.0764227434993,
        "max": 8.65649032593,
        "mean": 7.53262996674,
        "median": 7.51944112778,
        "min": 6.55458593369,
        "var": 0.167788401246
    },
    "spectral_flux": {
        "dmean": 0.0300590060651,
        "dmean2": 0.0467805638909,
        "dvar": 0.000989258056507,
        "dvar2": 0.00211600284092,
        "max": 0.246316686273,
        "mean": 0.0936906337738,
        "median": 0.0820440798998,
        "min": 0.0207666940987,
        "var": 0.00205320655368
    },
    "spectral_kurtosis": {
        "dmean": 1.32345855236,
        "dmean2": 2.07800745964,
        "dvar": 1.46493887901,
        "dvar2": 3.79097366333,
        "max": 11.4239006042,
        "mean": 3.77900075912,
        "median": 3.76903295517,
        "min": -1.44086539745,
        "var": 4.70752954483
    },
    "spectral_rms": {
        "dmean": 0.000742747099139,
        "dmean2": 0.00110358919483,
        "dvar": 8.77277216205e-07,
        "dvar2": 1.61501088769e-06,
        "max": 0.0089759696275,
        "mean": 0.00472622457892,
        "median": 0.00460111768916,
        "min": 0.00124953547493,
        "var": 1.65709479916e-06
    },
    "spectral_rolloff": {
        "dmean": 724.930541992,
        "dmean2": 1196.05285645,
        "dvar": 1578453.25,
        "dvar2": 3391331.75,
        "max": 11692.5292969,
        "mean": 2316.42407227,
        "median": 1679.58984375,
        "min": 86.1328125,
        "var": 3356416.25
    },
    "spectral_skewness": {
        "dmean": 0.205417171121,
        "dmean2": 0.325445353985,
        "dvar": 0.032138414681,
        "dvar2": 0.0786185488105,
        "max": 2.57595562935,
        "mean": 1.41984117031,
        "median": 1.44859540462,
        "min": 0.133034735918,
        "var": 0.104144670069
    },
    "spectral_spread": {
        "dmean": 871395.6875,
        "dmean2": 1264404.625,
        "dvar": 1.18042198016e+12,
        "dvar2": 2.17499068006e+12,
        "max": 16066636,
        "mean": 5127848.5,
        "median": 4590632.5,
        "min": 2298237.5,
        "var": 3.55606226534e+12
    },
    "spectral_strongpeak": {
        "dmean": 0.841565787792,
        "dmean2": 1.45651805401,
        "dvar": 1.59457409382,
        "dvar2": 3.85999107361,
        "max": 11.620349884,
        "mean": 1.35921978951,
        "median": 0.585520148277,
        "min": 0.046304449439,
        "var": 2.50238919258
    },
    "zerocrossingrate": {
        "dmean": 0.0132708949968,
        "dmean2": 0.0153659200296,
        "dvar": 0.000250551704085,
        "dvar2": 0.000302709115203,
        "max": 0.3515625,
        "mean": 0.0833322033286,
        "median": 0.07666015625,
        "min": 0.02001953125,
        "var": 0.00152057339437
    },
    "barkbands": {
        "dmean": [0.000141002703458, 0.00433370191604, 0.000964572827797, 0.000503834686242, 0.000698696705513, 0.00108385330532, 0.000911731855012, 0.00041911599692, 0.00169809826184, 0.000447048805654, 0.000782173301559, 0.000479585607536, 0.000353983050445, 0.000339061109116, 0.000258351268712, 0.00020916685753, 0.000245579693001, 0.000253175909165, 0.000438624643721, 0.000361459358828, 0.000112083536806, 0.000106572479126, 0.000194082182134, 0.00020392096485, 0.000187477053259, 7.50794861233e-05, 1.67553821484e-07],
        "dmean2": [0.000220119982259, 0.00690364371985, 0.00172284140717, 0.000886716763489, 0.00111942959484, 0.00178179400973, 0.00151852029376, 0.000648714776617, 0.00273367739283, 0.000617519195657, 0.00129546457902, 0.000671304005664, 0.000524370465428, 0.000494073377922, 0.000392703484977, 0.000338207551977, 0.000344222586136, 0.000367632252164, 0.000649439636618, 0.000550454366021, 0.000182509902515, 0.000176811823621, 0.000330452196067, 0.000345137057593, 0.000300985702779, 0.000124863043311, 3.10710305484e-07],
        "dvar": [9.71397327021e-08, 8.7318563601e-05, 4.65160519525e-06, 1.08826588985e-06, 1.20765434986e-06, 2.89113654617e-06, 4.72569854537e-06, 4.4543745048e-07, 9.97284314508e-06, 1.01385217022e-06, 1.84880525467e-06, 1.09804432213e-06, 2.67377060936e-07, 5.18913282122e-07, 3.36109764021e-07, 1.8313387784e-07, 4.47570414508e-07, 2.70876967079e-07, 4.86063754579e-07, 3.18494585372e-07, 2.76498024476e-08, 4.27712230078e-08, 1.80272820671e-07, 1.76633378146e-07, 1.35065207019e-07, 3.20708970492e-08, 3.28609914887e-13],
        "dvar2": [2.36356939354e-07, 0.000203120493097, 1.35625632538e-05, 3.07281470668e-06, 3.23791255141e-06, 7.563606232e-06, 1.28350893647e-05, 9.32354964789e-07, 2.64643476839e-05, 1.66339725638e-06, 4.96496022606e-06, 1.79244045739e-06, 5.50509639652e-07, 1.09941356641e-06, 6.62935349283e-07, 4.20344747454e-07, 7.89178670857e-07, 4.73443662941e-07, 9.85766178019e-07, 7.04220781245e-07, 6.56226077922e-08, 1.09852194896e-07, 4.81612460135e-07, 4.63917274374e-07, 3.14184404715e-07, 7.3733055217e-08, 9.33127707048e-13],
        "max": [0.00210549356416, 0.0611130446196, 0.0166870877147, 0.00978146679699, 0.013214266859, 0.0199593994766, 0.0236968360841, 0.00951050315052, 0.037953030318, 0.0270411409438, 0.0127323400229, 0.0230397228152, 0.00582442386076, 0.0147069916129, 0.00947566330433, 0.0063564744778, 0.0151428822428, 0.0132491961122, 0.00964229181409, 0.00605516508222, 0.0020852915477, 0.0019434641581, 0.00322252488695, 0.00342488894239, 0.00591791141778, 0.00253862282261, 8.32416844787e-06],
        "mean": [0.000144847042975, 0.00564574683085, 0.00138875364792, 0.000666691397782, 0.00134556437843, 0.00171987584326, 0.00120636483189, 0.000702087243553, 0.00255803042091, 0.00082726276014, 0.00134889467154, 0.00103911303449, 0.000718512164894, 0.000579765823204, 0.000500206020661, 0.000332500756485, 0.000517346023116, 0.000520639587194, 0.00100335897878, 0.00072663591709, 0.00018864152662, 0.00013522124209, 0.000204799667699, 0.000250566808973, 0.000246141949901, 7.64942451497e-05, 1.02547090819e-07],
        "median": [4.10228240071e-05, 0.00293601164594, 0.000899096135981, 0.000283080153167, 0.000870880438015, 0.00113636138849, 0.000593802658841, 0.000399053504225, 0.00132036930881, 0.0002469146566, 0.000347757944837, 0.000174581626197, 0.000276917446172, 0.000171488456544, 0.000134835499921, 0.000161506934091, 0.000132897795993, 0.000185663913726, 0.000486339296913, 0.000384398008464, 0.000114243877761, 5.71664604649e-05, 3.69201479771e-05, 7.12696055416e-05, 9.30160240387e-05, 1.18135631055e-05, 1.12077924719e-09],
        "min": [1.78335515244e-08, 2.45212305572e-07, 2.55910919122e-07, 5.9937981689e-08, 2.14730134758e-05, 2.93633620458e-05, 3.18713500747e-06, 1.02336093732e-06, 1.16736628115e-05, 2.03613649319e-06, 3.61326374332e-06, 3.19293690154e-06, 3.62552555089e-06, 2.55558848039e-06, 3.40528777087e-06, 3.25431710735e-06, 4.6077548177e-07, 2.55742861555e-06, 3.56106352228e-06, 5.5749137573e-06, 3.23116159962e-06, 2.64385079163e-07, 1.67189725175e-07, 5.85465670611e-07, 9.16987971777e-07, 2.07673642172e-10, 4.3980747863e-12],
        "var": [9.48732647998e-08, 8.64670728333e-05, 3.33228513227e-06, 1.44312775774e-06, 2.11136853068e-06, 3.4353843148e-06, 4.19810157837e-06, 9.12534233066e-07, 1.19189053294e-05, 4.06203707826e-06, 3.97040730604e-06, 5.9538192545e-06, 1.04038144855e-06, 1.23015877307e-06, 1.30024250211e-06, 2.64993360588e-07, 1.83230122275e-06, 1.20447577956e-06, 1.53901953581e-06, 7.96939048087e-07, 4.82666777657e-08, 3.99323418776e-08, 1.53664473146e-07, 1.83328182857e-07, 1.76874138447e-07, 3.51877815774e-08, 1.90753053002e-13]
    },
    "erbbands": {
        "dmean": [0.150582075119, 0.896332144737, 1.16748392582, 1.42090690136, 1.56502473354, 2.4472193718, 6.31556510925, 9.69899654388, 9.06255626678, 15.4296998978, 11.6720590591, 43.4369239807, 18.7345199585, 18.1942367554, 32.7899017334, 17.3211612701, 13.5624847412, 12.1884002686, 17.0573616028, 10.2506065369, 10.7155704498, 13.9973936081, 12.9491491318, 16.8364295959, 21.5969409943, 14.507106781, 5.80770635605, 3.54986429214, 3.70808935165, 4.30309820175, 5.89878988266, 4.93180751801, 3.18970561028, 2.22530627251, 1.27401638031, 0.449213266373, 0.130889862776, 0.00977742299438, 0.000211257225601, 2.1653895601e-05],
        "dmean2": [0.242115303874, 1.44280683994, 2.02415847778, 2.54723787308, 2.75064325333, 3.94957947731, 9.96813201904, 15.8853664398, 14.8193559647, 25.7639636993, 18.107963562, 71.0251464844, 28.0493412018, 25.7332763672, 52.6014404297, 24.9362602234, 19.301782608, 18.6201972961, 24.6084594727, 16.6715011597, 16.8492183685, 18.9389781952, 17.9262657166, 24.5898914337, 31.5219039917, 21.2678565979, 9.07388591766, 5.95834684372, 6.16653490067, 7.22468805313, 10.1843137741, 8.44244480133, 5.2368478775, 3.57708191872, 2.07439208031, 0.748857498169, 0.221187204123, 0.0167010016739, 0.000355983152986, 3.38205099979e-05],
        "dvar": [0.118288479745, 3.59214878082, 6.52631568909, 9.45908069611, 9.0056552887, 15.986330986, 90.1248168945, 262.826599121, 289.857299805, 1576.01953125, 263.205047607, 8614.84472656, 1001.98907471, 1067.65905762, 3116.00439453, 1506.40966797, 392.532196045, 610.854431152, 1358.25891113, 351.725402832, 578.752441406, 1755.54724121, 960.891357422, 807.349914551, 1375.16845703, 517.613586426, 65.194519043, 50.1087226868, 50.6501731873, 74.4048156738, 180.607147217, 106.804992676, 42.4742088318, 20.9115524292, 6.38729333878, 1.27447617054, 0.0787048563361, 0.000456025183666, 1.98781791028e-07, 1.37951772228e-09],
        "dvar2": [0.282655149698, 8.44854831696, 18.2212409973, 27.4789428711, 26.2243385315, 40.7813682556, 237.236877441, 657.036621094, 752.421691895, 4339.26513672, 578.696838379, 23208.375, 2288.140625, 1982.29125977, 7951.67626953, 3118.61083984, 745.595397949, 1493.89562988, 2477.13623047, 819.622375488, 1327.09240723, 2959.74414062, 1643.71533203, 1827.80358887, 2699.98144531, 1020.29016113, 146.656967163, 131.730743408, 129.068313599, 193.945083618, 487.424224854, 284.793487549, 107.615196228, 49.7772865295, 14.7730169296, 2.85948681831, 0.191777721047, 0.00119158183224, 5.0495935966e-07, 3.2605202982e-09],
        "max": [2.16148281097, 12.2460422516, 19.5430202484, 24.5586509705, 23.300611496, 56.0370063782, 132.455978394, 180.246582031, 167.514144897, 453.580963135, 195.632202148, 1067.40795898, 387.083190918, 961.122619629, 596.181640625, 845.746032715, 306.426147461, 543.983520508, 554.564575195, 270.717590332, 426.07131958, 960.899658203, 935.729675293, 469.11416626, 627.257873535, 330.829406738, 99.7640228271, 92.9708175659, 71.0670394897, 63.8343544006, 105.457450867, 93.2113952637, 89.0871353149, 80.7322769165, 34.0766868591, 17.3688087463, 2.91328644753, 0.255761235952, 0.00413823826239, 0.000305972935166],
        "mean": [0.170251861215, 1.21877169609, 1.82215964794, 1.96315252781, 2.25645804405, 4.52891588211, 11.8285694122, 14.7886943817, 13.6017589569, 20.402135849, 21.9519481659, 59.0646324158, 33.779094696, 36.4920921326, 55.262336731, 37.3569297791, 35.5722541809, 23.652929306, 35.2748336792, 18.7527179718, 18.9799728394, 30.3705978394, 29.0582275391, 38.8515892029, 53.9264297485, 34.5080299377, 12.7134046555, 4.91942453384, 4.84681129456, 5.09368133545, 5.98942089081, 5.57420778275, 4.00928783417, 3.03010106087, 1.52553129196, 0.475956827402, 0.128855571151, 0.00894107483327, 0.000216414191527, 4.53591201222e-05],
        "median": [0.0710401460528, 0.658258080482, 1.27673101425, 1.16913759708, 1.16654133797, 2.83210682869, 7.48074913025, 9.37247657776, 6.86919307709, 9.34979152679, 14.836400032, 26.5467376709, 17.250787735, 16.1038417816, 23.5760707855, 13.0222377777, 15.2961006165, 10.7676715851, 8.58912181854, 11.4256124496, 9.3981590271, 7.5801820755, 9.89984798431, 20.4573574066, 25.1798667908, 18.4885597229, 9.12848091125, 2.41854357719, 2.22410535812, 1.5033197403, 0.981593966484, 1.4413818121, 1.25126075745, 1.1804189682, 0.535136580467, 0.0993469655514, 0.0155050409958, 0.00116306869313, 4.76621935377e-05, 3.41570921591e-05],
        "min": [1.83250904229e-05, 0.00012977856386, 0.000393632886698, 0.00136738806032, 0.010800326243, 0.0663513615727, 0.152936995029, 0.173072755337, 0.191513985395, 0.196913525462, 0.283842682838, 0.283708572388, 0.210715427995, 0.299221545458, 0.490682244301, 0.166517913342, 0.159334659576, 0.220446199179, 0.305121541023, 0.303418368101, 0.214089721441, 0.17027361691, 0.241509720683, 0.351823985577, 0.29756975174, 0.266632497311, 0.132923528552, 0.104837954044, 0.0119082592428, 0.00452693691477, 0.00561072351411, 0.0118314623833, 0.0107587445527, 0.01367874071, 0.00615982571617, 0.000653480645269, 8.82297026692e-05, 9.53239850787e-06, 1.84124007774e-06, 2.02702540264e-06],
        "var": [0.109002165496, 3.56540632248, 5.25493001938, 7.9158873558, 10.3076820374, 28.9811058044, 167.547927856, 304.573303223, 390.154632568, 1258.85021973, 531.112426758, 8868.54492188, 2321.87133789, 4461.86328125, 5393.22607422, 5348.27783203, 2324.98168945, 1208.82373047, 5711.03466797, 611.088867188, 918.681152344, 7160.20556641, 4592.28515625, 2124.69848633, 4819.80712891, 1748.24707031, 150.395324707, 50.8085784912, 48.1722450256, 71.4465942383, 145.413833618, 95.2557830811, 52.8346748352, 27.9894676208, 7.90676736832, 1.48408460617, 0.0770319476724, 0.0003781132109, 1.7546427955e-07, 1.50711743085e-09]
    },
    "gfcc": {
        "mean": [26.8475513458, 73.947479248, -123.709541321, 31.9762763977, -67.631942749, 17.5366210938, -37.0453834534, 26.4348468781, -33.8349876404, 8.97087192535, -7.00394487381, -1.94691991806, -4.93570327759],
        "cov": [[1564.01977539, -595.735839844, 303.827178955, 76.3757400513, 20.5970039368, 151.222915649, -4.27288484573, 147.945297241, 11.0958757401, 74.787940979, -79.5798034668, 105.518333435, -105.823158264], [-595.735839844, 1039.66064453, -126.091751099, 155.284088135, 300.352050781, 31.8471794128, 176.45501709, -14.3279390335, 43.1355895996, -5.5545167923, 136.065765381, -145.727233887, 96.387550354], [303.827178955, -126.091751099, 903.946899414, 213.636901855, -32.6686477661, 187.472747803, 3.75271725655, 81.9801559448, 186.248947144, 1.67359757423, -114.357513428, 178.62449646, -113.388580322], [76.3757400513, 155.284088135, 213.636901855, 388.674133301, 230.99647522, 59.2612762451, 43.4001197815, 99.5299377441, 100.923377991, 7.80802774429, 26.2629852295, -10.0655832291, 16.9844589233], [20.5970039368, 300.352050781, -32.6686477661, 230.99647522, 389.448944092, 70.9650726318, 108.867645264, 69.8000030518, -13.1939878464, 52.4924964905, 65.1311950684, -63.7006263733, 33.8817520142], [151.222915649, 31.8471794128, 187.472747803, 59.2612762451, 70.9650726318, 288.469726562, 147.209793091, -15.2605018616, 8.46246814728, 36.0899887085, 10.8646287918, -0.388891398907, -33.4859390259], [-4.27288484573, 176.45501709, 3.75271725655, 43.4001197815, 108.867645264, 147.209793091, 232.889022827, 28.5443592072, -26.1202831268, 26.802066803, 40.8211364746, -40.6811637878, -2.59911465645], [147.945297241, -14.3279390335, 81.9801559448, 99.5299377441, 69.8000030518, -15.2605018616, 28.5443592072, 170.131561279, 59.1528587341, -14.3759813309, -12.6420183182, 28.0570030212, 20.8475818634], [11.0958757401, 43.1355895996, 186.248947144, 100.923377991, -13.1939878464, 8.46246814728, -26.1202831268, 59.1528587341, 156.768112183, 1.87544310093, -21.2385482788, 39.8003578186, -9.34187507629], [74.787940979, -5.5545167923, 1.67359757423, 7.80802774429, 52.4924964905, 36.0899887085, 26.802066803, -14.3759813309, 1.87544310093, 107.502296448, 37.4418258667, -15.7030935287, -16.5541000366], [-79.5798034668, 136.065765381, -114.357513428, 26.2629852295, 65.1311950684, 10.8646287918, 40.8211364746, -12.6420183182, -21.2385482788, 37.4418258667, 112.735847473, -32.8700828552, 13.017780304], [105.518333435, -145.727233887, 178.62449646, -10.0655832291, -63.7006263733, -0.388891398907, -40.6811637878, 28.0570030212, 39.8003578186, -15.7030935287, -32.8700828552, 126.661369324, -7.46224069595], [-105.823158264, 96.387550354, -113.388580322, 16.9844589233, 33.8817520142, -33.4859390259, -2.59911465645, 20.8475818634, -9.34187507629, -16.5541000366, 13.017780304, -7.46224069595, 105.103713989]],
        "icov": [[0.00112658366561, 0.000433996785432, 0.000108933039883, -0.000241166708292, -6.70229055686e-05, -0.000779258669354, 0.000445308163762, -0.00125905300956, 0.000621025159489, -0.000831941550132, 0.000448144273832, -0.000362806633348, 0.000769765116274], [0.000433996785432, 0.00330770411529, -0.00147756119259, 0.00196132436395, -0.00308966892771, 0.00153924699407, -0.00223820703104, 0.00224612676539, -0.00350549933501, 0.00286520109512, -0.00325611024164, 0.00336843240075, -0.00273973261937], [0.000108933039883, -0.00147756119259, 0.00455842027441, -0.00328951072879, 0.00219171866775, -0.0028023312334, 0.00120073813014, -0.00149043882266, 0.000532212376129, -0.00229535368271, 0.00433563487604, -0.0057397345081, 0.00438126455992], [-0.000241166708292, 0.00196132436395, -0.00328951072879, 0.00883769057691, -0.00614431593567, 0.00162368908059, -0.000864677887876, 0.00122186297085, -0.00571291334927, 0.00444304617122, -0.00474376510829, 0.0050655095838, -0.00364496465772], [-6.70229055686e-05, -0.00308966892771, 0.00219171866775, -0.00614431593567, 0.00937819108367, -0.00239188061096, 0.00145470001735, -0.00423538731411, 0.00627921381965, -0.00565409846604, 0.00316035933793, -0.00268193823285, 0.00229990342632], [-0.000779258669354, 0.00153924699407, -0.0028023312334, 0.00162368908059, -0.00239188061096, 0.00885095633566, -0.00617988454178, 0.0048340074718, -0.00277098501101, 0.00181259948295, -0.00240065925755, 0.00259598367848, -0.00248165102676], [0.000445308163762, -0.00223820703104, 0.00120073813014, -0.000864677887876, 0.00145470001735, -0.00617988454178, 0.0105773732066, -0.00549380015582, 0.00449718162417, -0.00246566184796, 0.000891664472874, -0.000709685496986, 0.00270004244521], [-0.00125905300956, 0.00224612676539, -0.00149043882266, 0.00122186297085, -0.00423538731411, 0.0048340074718, -0.00549380015582, 0.0133272791281, -0.00695957243443, 0.00479250354692, -0.00202048174106, 0.000988867483102, -0.00455010076985], [0.000621025159489, -0.00350549933501, 0.000532212376129, -0.00571291334927, 0.00627921381965, -0.00277098501101, 0.00449718162417, -0.00695957243443, 0.0163326021284, -0.00623578066006, 0.00428141234443, -0.0042038555257, 0.00356283108704], [-0.000831941550132, 0.00286520109512, -0.00229535368271, 0.00444304617122, -0.00565409846604, 0.00181259948295, -0.00246566184796, 0.00479250354692, -0.00623578066006, 0.0164069719613, -0.0079135550186, 0.0047145485878, -0.00192614062689], [0.000448144273832, -0.00325611024164, 0.00433563487604, -0.00474376510829, 0.00316035933793, -0.00240065925755, 0.000891664472874, -0.00202048174106, 0.00428141234443, -0.0079135550186, 0.0177599750459, -0.00577411847189, 0.00404494255781], [-0.000362806633348, 0.00336843240075, -0.0057397345081, 0.0050655095838, -0.00268193823285, 0.00259598367848, -0.000709685496986, 0.000988867483102, -0.0042038555257, 0.0047145485878, -0.00577411847189, 0.0188020337373, -0.0065681906417], [0.000769765116274, -0.00273973261937, 0.00438126455992, -0.00364496465772, 0.00229990342632, -0.00248165102676, 0.00270004244521, -0.00455010076985, 0.00356283108704, -0.00192614062689, 0.00404494255781, -0.0065681906417, 0.0166008193046]]
    },
    "melbands": {
        "dmean": [0.00128239253536, 0.00073955609696, 0.00024809333263, 0.000127309045638, 0.000200372334803, 0.000210268073715, 0.000150807449245, 0.000155382847879, 0.000122261713841, 0.0002696562442, 9.0703186288e-05, 7.42693227949e-05, 0.000120791119116, 6.08453738096e-05, 4.92699909955e-05, 2.46230047196e-05, 2.52701120189e-05, 3.15582183248e-05, 1.85748031072e-05, 1.39451949508e-05, 1.38074219649e-05, 1.53035161929e-05, 1.13427859105e-05, 1.66588288266e-05, 1.49867291839e-05, 1.99184814846e-05, 1.65056153492e-05, 9.6284711617e-06, 4.61107356386e-06, 2.59876696873e-06, 2.05433912015e-06, 2.10010625779e-06, 2.32775823861e-06, 2.57697251982e-06, 3.47285799762e-06, 3.59593764188e-06, 2.88544970317e-06, 2.30855380323e-06, 2.15427553485e-06, 1.84782436463e-06],
        "dmean2": [0.00205801404081, 0.00118984433357, 0.000444195611635, 0.00021878122061, 0.000311427982524, 0.000345330656273, 0.000249968434218, 0.000255697406828, 0.000193294225028, 0.000437348731793, 0.000133466528496, 0.00010142809333, 0.000199181624339, 8.39329732116e-05, 6.54586328892e-05, 3.82814359909e-05, 3.89040251321e-05, 4.52887106803e-05, 2.89702584269e-05, 2.20186102524e-05, 2.18238346861e-05, 2.07038119697e-05, 1.76217945409e-05, 2.35645311477e-05, 2.27761211136e-05, 3.0146622521e-05, 2.50548218901e-05, 1.47028204083e-05, 7.30456076781e-06, 4.25257076131e-06, 3.50143318428e-06, 3.48320622834e-06, 3.89777233067e-06, 4.32926299254e-06, 6.08107666267e-06, 6.20535320195e-06, 4.90520505991e-06, 3.87524096368e-06, 3.50277014149e-06, 2.975021971e-06],
        "dvar": [8.1681419033e-06, 2.25798112297e-06, 2.80149322407e-07, 4.89490936673e-08, 8.63878639734e-08, 1.17125878774e-07, 9.72233635821e-08, 1.31596252118e-07, 2.90455322016e-08, 3.24787350792e-07, 2.47738309866e-08, 1.95232807698e-08, 4.12060643384e-08, 2.07603054747e-08, 1.00322603558e-08, 1.24866250673e-09, 3.17643000791e-09, 5.05996977651e-09, 1.5087524563e-09, 7.39554417706e-10, 1.08939290921e-09, 2.33829600127e-09, 1.14367770809e-09, 1.43229528238e-09, 7.39271532879e-10, 1.16373477521e-09, 8.29769974953e-10, 2.39298442173e-10, 3.99742912383e-11, 2.28168265531e-11, 1.67912489468e-11, 1.5453669594e-11, 1.9243337826e-11, 2.7328573432e-11, 7.24527590701e-11, 6.29715099509e-11, 3.57017436448e-11, 2.21980663018e-11, 2.23103532176e-11, 1.37887912893e-11],
        "dvar2": [1.93122068595e-05, 5.47344097868e-06, 8.11864197203e-07, 1.3745294325e-07, 2.23792497422e-07, 2.9753778108e-07, 2.58131052533e-07, 3.6027574879e-07, 7.1952449332e-08, 8.67793005455e-07, 5.45143663544e-08, 3.33541407826e-08, 1.12033852417e-07, 2.90012902582e-08, 1.61806621435e-08, 2.80397949304e-09, 7.95151500199e-09, 9.02135699477e-09, 3.15893045055e-09, 1.72560543632e-09, 2.58333443526e-09, 3.59006380179e-09, 2.46020781525e-09, 2.34690400447e-09, 1.76170544819e-09, 2.41418507407e-09, 1.92916727038e-09, 4.79337514125e-10, 9.27593349354e-11, 5.5406984556e-11, 4.48997609925e-11, 3.93603274973e-11, 5.00898558742e-11, 7.16055340022e-11, 1.97118973921e-10, 1.69585206988e-10, 9.59956350521e-11, 5.8307497719e-11, 5.24998412799e-11, 3.3403863009e-11],
        "max": [0.0184114966542, 0.0114947706461, 0.00421172659844, 0.00213604513556, 0.00394271407276, 0.00391001719981, 0.00287944916636, 0.00411907071248, 0.00147968239617, 0.00695826811716, 0.0020468479488, 0.00432868581265, 0.00195694691502, 0.00295688398182, 0.0015601386549, 0.000415258255089, 0.00131188204978, 0.000791584025137, 0.000674473412801, 0.000364438485121, 0.000616859528236, 0.0010131028248, 0.000845356844366, 0.000788569392171, 0.000466786819743, 0.000500838272274, 0.000355197407771, 0.0002279036853, 7.05349521013e-05, 7.53883650759e-05, 5.67276692891e-05, 3.88281259802e-05, 4.00845892727e-05, 3.9259546611e-05, 7.54046122893e-05, 6.84366168571e-05, 5.60734333703e-05, 5.38878703082e-05, 8.28626216389e-05, 6.9579196861e-05],
        "mean": [0.001566138817, 0.00121202459559, 0.000358032819349, 0.000213203456951, 0.000395254581235, 0.000331643386744, 0.0002123574086, 0.000211878475966, 0.000214577856241, 0.00036870627082, 0.000160730050993, 0.000142008982948, 0.000204287964152, 0.000116878349218, 0.000109236701974, 5.21509973623e-05, 4.28581151937e-05, 6.02619038546e-05, 3.26697918354e-05, 2.07931134355e-05, 2.1053087039e-05, 3.13048658427e-05, 2.30794503295e-05, 3.15259894705e-05, 2.97558526654e-05, 4.38607712567e-05, 3.35803924827e-05, 2.02967221412e-05, 9.13803251024e-06, 3.77292599296e-06, 2.40927943196e-06, 2.66842152996e-06, 2.72940474133e-06, 2.93219068226e-06, 3.42830890077e-06, 3.59602017852e-06, 3.31484238814e-06, 2.76610558103e-06, 2.73397404271e-06, 2.49960658039e-06],
        "median": [0.000764402269851, 0.000831208308227, 0.000214776431676, 0.000128531974042, 0.000264880713075, 0.000218262663111, 0.000110108027002, 0.00010890977137, 0.000138915580465, 0.000168847196619, 7.29812163627e-05, 5.69956901018e-05, 7.20115131116e-05, 2.30166988331e-05, 2.33724149439e-05, 2.58171476162e-05, 1.39184394357e-05, 1.10959363155e-05, 1.1659768461e-05, 9.63025104284e-06, 9.39253550314e-06, 6.87321698933e-06, 6.73239719617e-06, 1.04136242953e-05, 1.50377491082e-05, 2.00168833544e-05, 1.43771703733e-05, 1.0456171367e-05, 6.19276079306e-06, 1.95724578589e-06, 1.0944445421e-06, 1.24899884213e-06, 1.06616403173e-06, 7.89901207554e-07, 4.95305755521e-07, 7.27766348518e-07, 8.79569711287e-07, 8.25132474347e-07, 8.2034244997e-07, 1.07959976958e-06],
        "min": [7.09417093958e-08, 1.38519339998e-07, 6.82416043674e-08, 1.93103824131e-06, 6.16433953837e-06, 4.94470941703e-06, 9.67533424046e-07, 1.15914826893e-06, 1.87176624422e-06, 1.07244818537e-06, 2.63969013758e-07, 7.17225930202e-07, 1.09006134608e-06, 3.94217011035e-07, 1.94803305931e-07, 3.4616175526e-07, 3.1117511412e-07, 2.39204126729e-07, 2.43379389531e-07, 2.21732008754e-07, 1.33494779675e-07, 2.77179967867e-08, 1.33415710479e-07, 8.92097062888e-08, 2.7605062769e-07, 9.83634294016e-08, 1.962787195e-07, 1.22418754245e-07, 1.86805753088e-08, 8.7083735778e-09, 1.25506840476e-08, 5.95338844889e-09, 6.86564860519e-10, 1.11944190029e-10, 2.78180301017e-09, 2.97258484494e-09, 4.7233778e-10, 4.91121499024e-09, 5.4116147119e-09, 7.00655711228e-09],
