{
"highlevel": {
    "danceability": {
        "all": {
            "danceable": 0.961979448795,
            "not_danceable": 0.0380205363035
        },
        "probability": 0.961979448795,
        "value": "danceable"
    },
    "gender": {
        "all": {
            "female": 0.93879789114,
            "male": 0.0612020902336
        },
        "probability": 0.93879789114,
        "value": "female"
    },
    "genre_dortmund": {
        "all": {
            "alternative": 0.134538784623,
            "blues": 0.0404646880925,
            "electronic": 0.0400648936629,
            "folkcountry": 0.128093600273,
            "funksoulrnb": 0.0294766295701,
            "jazz": 0.0659483596683,
            "pop": 0.205994606018,
            "raphiphop": 0.00865589082241,
            "rock": 0.346762537956
        },
        "probability": 0.346762537956,
        "value": "rock"
    },
    "genre_electronic": {
        "all": {
            "ambient": 0.258275002241,
            "dnb": 0.157600641251,
            "house": 0.220940664411,
            "techno": 0.0310797765851,
            "trance": 0.332103908062
        },
        "probability": 0.332103908062,
        "value": "trance"
    },
    "genre_rosamerica": {
        "all": {
            "cla": 0.000729689374566,
            "dan": 0.382388859987,
            "hip": 0.00362975290045,
            "jaz": 0.000802358728833,
            "pop": 0.432634353638,
            "rhy": 0.0102340560406,
            "roc": 0.169151321054,
            "spe": 0.000429621490184
        },
        "probability": 0.432634353638,
        "value": "pop"
    },
    "genre_tzanetakis": {
        "all": {
            "blu": 0.0626613423228,
            "cla": 0.0348169617355,
            "cou": 0.104475811124,
            "dis": 0.0784321576357,
            "hip": 0.15692435205,
            "jaz": 0.313974827528,
            "met": 0.0448166541755,
            "pop": 0.0627359300852,
            "reg": 0.0627360641956,
            "roc": 0.0784258767962
        },
        "probability": 0.313974827528,
        "value": "jaz"
    },
    "ismir04_rhythm": {
        "all": {
            "ChaChaCha": 0.311327248812,
            "Jive": 0.222640648484,
            "Quickstep": 0.0666398108006,
            "Rumba-American": 0.0213862340897,
            "Rumba-International": 0.0217027775943,
            "Rumba-Misc": 0.0106147965416,
            "Samba": 0.313884675503,
            "Tango": 0.0135672744364,
            "VienneseWaltz": 0.0101115358993,
            "Waltz": 0.00812499318272
        },
        "probability": 0.313884675503,
        "value": "Samba"
    },
    "mood_acoustic": {
        "all": {
            "acoustic": 0.0035786696244,
            "not_acoustic": 0.996421337128
        },
        "probability": 0.996421337128,
        "value": "not_acoustic"
    },
    "mood_aggressive": {
        "all": {
            "aggressive": 0.684398949146,
            "not_aggressive": 0.315601021051
        },
        "probability": 0.684398949146,
        "value": "aggressive"
    },
    "mood_electronic": {
        "all": {
            "electronic": 0.539873063564,
            "not_electronic": 0.460126936436
        },
        "probability": 0.539873063564,
        "value": "electronic"
    },
    "mood_happy": {
        "all": {
            "happy": 0.810289919376,
            "not_happy": 0.189710095525
        },
        "probability": 0.810289919376,
        "value": "happy"
    },
    "mood_party": {
        "all": {
            "not_party": 0.177948892117,
            "party": 0.822051107883
        },
        "probability": 0.822051107883,
        "value": "party"
    },
    "mood_relaxed": {
        "all": {
            "not_relaxed": 0.605146110058,
            "relaxed": 0.39485386014
        },
        "probability": 0.605146110058,
        "value": "not_relaxed"
    },
    "mood_sad": {
        "all": {
            "not_sad": 0.900736272335,
            "sad": 0.0992637053132
        },
        "probability": 0.900736272335,
        "value": "not_sad"
    },
    "moods_mirex": {
        "all": {
            "Cluster1": 0.307281643152,
            "Cluster2": 0.197780326009,
            "Cluster3": 0.0421191267669,
            "Cluster4": 0.11077824235,
            "Cluster5": 0.342040657997
        },
        "probability": 0.342040657997,
        "value": "Cluster5"
    },
    "timbre": {
        "all": {
            "bright": 0.991166353226,
            "dark": 0.00883363932371
        },
        "probability": 0.991166353226,
        "value": "bright"
    },
    "tonal_atonal": {
        "all": {
            "atonal": 0.0846046879888,
            "tonal": 0.915395319462
        },
        "probability": 0.915395319462,
        "value": "tonal"
    },
    "voice_instrumental": {
        "all": {
            "instrumental": 0.0101964073256,
            "voice": 0.989803612232
        },
        "probability": 0.989803612232,
        "value": "voice"
    }
},
"lowlevel": {
    "average_loudness": 0.985025525093,
    "barkbands_crest": {
        "dmean": 2.91068935394,
        "dmean2": 4.47440242767,
        "dvar": 8.37672710419,
        "dvar2": 22.1902122498,
        "max": 25.6292724609,
        "mean": 9.30764389038,
        "median": 8.08160877228,
        "min": 2.77958893776,
        "var": 21.1379489899
    },
    "barkbands_flatness_db": {
        "dmean": 0.0240013338625,
        "dmean2": 0.0363043658435,
        "dvar": 0.000604160362855,
        "dvar2": 0.00125626032241,
        "max": 0.321363478899,
        "mean": 0.112408049405,
        "median": 0.10394744575,
        "min": 0.0451646409929,
        "var": 0.00170242635068
    },
    "barkbands_kurtosis": {
        "dmean": 4.13434553146,
        "dmean2": 6.15677499771,
        "dvar": 145.488296509,
        "dvar2": 297.670013428,
        "max": 184.130340576,
        "mean": 4.32931470871,
        "median": 1.38602685928,
        "min": -1.87422347069,
        "var": 193.508300781
    },
    "barkbands_skewness": {
        "dmean": 0.655523180962,
        "dmean2": 0.966233253479,
        "dvar": 0.832618534565,
        "dvar2": 1.61739253998,
        "max": 12.7639608383,
        "mean": 1.67579603195,
        "median": 1.41763079166,
        "min": -0.876681923866,
        "var": 1.85190653801
    },
    "barkbands_spread": {
        "dmean": 7.5896897316,
        "dmean2": 11.6160335541,
        "dvar": 54.8678665161,
        "dvar2": 120.043411255,
        "max": 94.1575698853,
        "mean": 29.8919429779,
        "median": 28.9227237701,
        "min": 1.56829965115,
        "var": 180.438278198
    },
    "dissonance": {
        "dmean": 0.0152982259169,
        "dmean2": 0.0252593476325,
        "dvar": 0.000202109091333,
        "dvar2": 0.00052965793293,
        "max": 0.499994277954,
        "mean": 0.470065027475,
        "median": 0.473834872246,
        "min": 0.364202588797,
        "var": 0.000419987598434
    },
    "dynamic_complexity": 1.72770380974,
    "erbbands_crest": {
        "dmean": 2.21296739578,
        "dmean2": 3.54595184326,
        "dvar": 4.3055434227,
        "dvar2": 10.5976362228,
        "max": 19.4140491486,
        "mean": 6.9853477478,
        "median": 6.37154436111,
        "min": 2.09974241257,
        "var": 8.46469497681
    },
    "erbbands_flatness_db": {
        "dmean": 0.0143700549379,
        "dmean2": 0.0210719071329,
        "dvar": 0.00019349338254,
        "dvar2": 0.000379853183404,
        "max": 0.191749244928,
        "mean": 0.115121133626,
        "median": 0.113591551781,
        "min": 0.057532992214,
        "var": 0.000650146277621
    },
    "erbbands_kurtosis": {
        "dmean": 0.629109323025,
        "dmean2": 0.980691432953,
        "dvar": 0.421854674816,
        "dvar2": 0.985015034676,
        "max": 7.84848308563,
        "mean": -0.0275081917644,
        "median": -0.190721988678,
        "min": -1.67952549458,
        "var": 0.966794490814
    },
    "erbbands_skewness": {
        "dmean": 0.289067983627,
        "dmean2": 0.41644898057,
        "dvar": 0.0614374279976,
        "dvar2": 0.125608250499,
        "max": 1.99205672741,
        "mean": 0.255327671766,
        "median": 0.275477528572,
        "min": -2.51507282257,
        "var": 0.356908887625
    },
    "erbbands_spread": {
        "dmean": 10.137752533,
        "dmean2": 15.425743103,
        "dvar": 98.9423522949,
        "dvar2": 191.320922852,
        "max": 117.99369812,
        "mean": 48.0391578674,
        "median": 46.1127662659,
        "min": 16.4183673859,
        "var": 299.168426514
    },
    "hfc": {
        "dmean": 10.6343193054,
        "dmean2": 15.3972043991,
        "dvar": 173.360122681,
        "dvar2": 360.179656982,
        "max": 208.981140137,
        "mean": 34.1178398132,
        "median": 29.3858203888,
        "min": 2.07710170746,
        "var": 630.415283203
    },
    "melbands_crest": {
        "dmean": 3.77418279648,
        "dmean2": 6.1968755722,
        "dvar": 14.2447166443,
        "dvar2": 36.7476425171,
        "max": 33.9114570618,
        "mean": 13.6251993179,
        "median": 11.728433609,
        "min": 3.23717236519,
        "var": 38.5617408752
    },
    "melbands_flatness_db": {
        "dmean": 0.0306898653507,
        "dmean2": 0.0456033349037,
        "dvar": 0.00107592053246,
        "dvar2": 0.00208594230935,
        "max": 0.423326641321,
        "mean": 0.160364329815,
        "median": 0.147528156638,
        "min": 0.0483554378152,
        "var": 0.00363840069622
    },
    "melbands_kurtosis": {
        "dmean": 12.243024826,
        "dmean2": 18.689535141,
        "dvar": 956.988464355,
        "dvar2": 1807.5300293,
        "max": 437.657348633,
        "mean": 18.2132587433,
        "median": 8.60701179504,
        "min": -0.82794213295,
        "var": 1357.38354492
    },
    "melbands_skewness": {
        "dmean": 0.981226205826,
        "dmean2": 1.46744692326,
        "dvar": 1.84921705723,
        "dvar2": 3.4743437767,
        "max": 15.8654670715,
        "mean": 3.11314249039,
        "median": 2.59877562523,
        "min": 0.203629612923,
        "var": 3.99173212051
    },
    "melbands_spread": {
        "dmean": 8.53815937042,
        "dmean2": 13.1032037735,
        "dvar": 84.2758712769,
        "dvar2": 191.135955811,
        "max": 155.727233887,
        "mean": 26.2732658386,
        "median": 23.2938690186,
        "min": 0.846558630466,
        "var": 247.083282471
    },
    "pitch_salience": {
        "dmean": 0.0829712450504,
        "dmean2": 0.130930021405,
        "dvar": 0.00753269530833,
        "dvar2": 0.0174537729472,
        "max": 0.836233377457,
        "mean": 0.577536165714,
        "median": 0.611767709255,
        "min": 0.0535388886929,
        "var": 0.0205486752093
    },
    "silence_rate_20dB": {
        "dmean": 0,
        "dmean2": 0,
        "dvar": 0,
        "dvar2": 0,
        "max": 1,
        "mean": 1,
        "median": 1,
        "min": 1,
        "var": 0
    },
    "silence_rate_30dB": {
        "dmean": 0,
        "dmean2": 0,
        "dvar": 0,
        "dvar2": 0,
        "max": 1,
        "mean": 1,
        "median": 1,
        "min": 1,
        "var": 0
    },
    "silence_rate_60dB": {
        "dmean": 0,
        "dmean2": 0,
        "dvar": 0,
        "dvar2": 0,
        "max": 0,
        "mean": 0,
        "median": 0,
        "min": 0,
        "var": 0
    },
    "spectral_centroid": {
        "dmean": 298.119354248,
        "dmean2": 452.351409912,
        "dvar": 79852.03125,
        "dvar2": 173723.828125,
        "max": 4306.57275391,
        "mean": 1533.54150391,
        "median": 1462.13757324,
        "min": 287.325683594,
        "var": 285167.96875
    },
    "spectral_complexity": {
        "dmean": 5.29102182388,
        "dmean2": 8.09682369232,
        "dvar": 29.0793247223,
        "dvar2": 60.4515266418,
        "max": 51,
        "mean": 25.5313224792,
        "median": 24,
        "min": 4,
        "var": 84.4990081787
    },
    "spectral_decrease": {
        "dmean": 2.89125257069e-09,
        "dmean2": 4.50418946585e-09,
        "dvar": 1.60185593572e-17,
        "dvar2": 3.98308442245e-17,
        "max": -9.42833588979e-10,
        "mean": -8.57396376119e-09,
        "median": -8.03153721307e-09,
        "min": -3.28005782535e-08,
        "var": 2.18891495e-17
    },
    "spectral_energy": {
        "dmean": 0.0113960923627,
        "dmean2": 0.0175723135471,
        "dvar": 0.000234927618294,
        "dvar2": 0.000581570726354,
        "max": 0.126661106944,
        "mean": 0.0354547128081,
        "median": 0.0340155996382,
        "min": 0.00430755363777,
        "var": 0.000334761280101
    },
    "spectral_energyband_high": {
        "dmean": 0.000903484411538,
        "dmean2": 0.00135451904498,
        "dvar": 2.11100677916e-06,
        "dvar2": 4.01823490392e-06,
        "max": 0.0275387000293,
        "mean": 0.00213709240779,
        "median": 0.00160759396385,
        "min": 5.61318374821e-05,
        "var": 7.45021679904e-06
    },
    "spectral_energyband_low": {
        "dmean": 0.00894178915769,
        "dmean2": 0.0143710402772,
        "dvar": 0.000248437834671,
        "dvar2": 0.000624178152066,
        "max": 0.112381346524,
        "mean": 0.0149360802025,
        "median": 0.00884796306491,
        "min": 1.69765553437e-05,
        "var": 0.000319724611472
    },
    "spectral_energyband_middle_high": {
        "dmean": 0.00251958915032,
        "dmean2": 0.00388343539089,
        "dvar": 8.74399847817e-06,
        "dvar2": 1.92978986888e-05,
        "max": 0.0319899879396,
        "mean": 0.00681452453136,
        "median": 0.00524112069979,
        "min": 0.000185409764526,
        "var": 2.89352974505e-05
    },
    "spectral_energyband_middle_low": {
        "dmean": 0.00506004411727,
        "dmean2": 0.0077909710817,
        "dvar": 3.80148558179e-05,
        "dvar2": 9.37764780247e-05,
        "max": 0.0522917546332,
        "mean": 0.0134107936174,
        "median": 0.0120828328654,
        "min": 0.000304112094454,
        "var": 8.04299561423e-05
    },
    "spectral_entropy": {
        "dmean": 0.12911079824,
        "dmean2": 0.191836357117,
        "dvar": 0.0160284265876,
        "dvar2": 0.0332047082484,
        "max": 8.54809951782,
        "mean": 7.90879917145,
        "median": 7.90927171707,
        "min": 7.18629312515,
        "var": 0.0542187206447
    },
    "spectral_flux": {
        "dmean": 0.0331344977021,
        "dmean2": 0.0480754449964,
        "dvar": 0.00124238338321,
        "dvar2": 0.00237328908406,
        "max": 0.308390021324,
        "mean": 0.104320667684,
        "median": 0.09237062186,
        "min": 0.0280022900552,
        "var": 0.0026541063562
    },
    "spectral_kurtosis": {
        "dmean": 0.776907980442,
        "dmean2": 1.21617221832,
        "dvar": 0.650287330151,
        "dvar2": 1.63910007477,
        "max": 8.53660678864,
        "mean": 2.78987288475,
        "median": 2.56732702255,
        "min": -0.128479719162,
        "var": 1.81072854996
    },
    "spectral_rms": {
        "dmean": 0.000911331793759,
        "dmean2": 0.00139183632564,
        "dvar": 1.20857430375e-06,
        "dvar2": 2.73498972092e-06,
        "max": 0.0111162858084,
        "mean": 0.00568926753476,
        "median": 0.00576072512195,
        "min": 0.00204999791458,
        "var": 2.22215339818e-06
    },
    "spectral_rolloff": {
        "dmean": 730.480224609,
        "dmean2": 1194.15002441,
        "dvar": 919824.9375,
        "dvar2": 2040696,
        "max": 9969.87304688,
        "mean": 1746.75427246,
        "median": 1335.05859375,
        "min": 64.599609375,
        "var": 2067417.375
    },
    "spectral_skewness": {
        "dmean": 0.149020314217,
        "dmean2": 0.232010155916,
        "dvar": 0.0201688762754,
        "dvar2": 0.046279553324,
        "max": 2.21981453896,
        "mean": 1.39573955536,
        "median": 1.40703165531,
        "min": 0.426839798689,
        "var": 0.0752315968275
    },
    "spectral_spread": {
        "dmean": 657024.6875,
        "dmean2": 975044.5,
        "dvar": 427492704256,
        "dvar2": 906607460352,
        "max": 9956067,
        "mean": 5832542.5,
        "median": 5765518.5,
        "min": 3164627,
        "var": 1.5314985943e+12
    },
    "spectral_strongpeak": {
        "dmean": 0.400275677443,
        "dmean2": 0.679929614067,
        "dvar": 0.379191100597,
        "dvar2": 1.01021718979,
        "max": 7.740483284,
        "mean": 0.719196498394,
        "median": 0.442892283201,
        "min": 0.0433868803084,
        "var": 0.536775350571
    },
    "zerocrossingrate": {
        "dmean": 0.014265219681,
        "dmean2": 0.0163965672255,
        "dvar": 0.000154730485519,
        "dvar2": 0.000182735820999,
        "max": 0.26953125,
        "mean": 0.0830980688334,
        "median": 0.0859375,
        "min": 0.00439453125,
        "var": 0.0014014398912
    },
    "barkbands": {
        "dmean": [0.000240027395193, 0.0056677130051, 0.00416906643659, 0.00190597085748, 0.00205242075026, 0.00151727010962, 0.000803996343166, 0.000762986484915, 0.000702035787981, 0.000813568825833, 0.000399297830882, 0.000815372157376, 0.000303379900288, 0.000306274363538, 0.000323791493429, 0.000443722354248, 0.000388772692531, 0.000216204891331, 0.000243966103881, 0.000201442642719, 0.000211320861126, 0.00022988569981, 0.000218944784137, 0.00013343624596, 0.000130587286549, 0.000132779721753, 6.30604688467e-08],
        "dmean2": [0.000342861574609, 0.00931487418711, 0.00709397532046, 0.00313474447466, 0.00358849437907, 0.00227223406546, 0.00117612001486, 0.00114598008804, 0.00109120004345, 0.00127146136947, 0.000645743682981, 0.00133172224741, 0.000502950802911, 0.000496100867167, 0.000516767380759, 0.000722006196156, 0.000602589047048, 0.000355625175871, 0.000389800814446, 0.000327262678184, 0.000326232082443, 0.000363843195373, 0.000350754969986, 0.000198447043658, 0.000190601058421, 0.000213907245779, 1.09045416252e-07],
        "dvar": [1.21781738471e-07, 9.26479988266e-05, 0.00010702596046, 1.15655302579e-05, 1.55786019604e-05, 3.72263752979e-06, 1.57583576765e-06, 1.48203537265e-06, 1.20487106869e-06, 2.09620520764e-06, 4.54026604757e-07, 1.2577409052e-06, 2.66334467369e-07, 2.09187334121e-07, 2.90653304091e-07, 9.00908901258e-07, 3.61967977369e-07, 1.01134403963e-07, 1.38902350955e-07, 9.33184907126e-08, 1.86938549973e-07, 1.89669520978e-07, 1.55160520876e-07, 4.57243238827e-08, 4.44436984992e-08, 4.56147510874e-08, 9.8823638888e-14],
        "dvar2": [2.54613325978e-07, 0.000233902726904, 0.000280243810266, 2.92046825052e-05, 4.42988966824e-05, 7.25967811377e-06, 3.15720990329e-06, 3.15690112984e-06, 2.52697191172e-06, 5.49675178263e-06, 1.17160357149e-06, 3.14010162583e-06, 6.8206333026e-07, 4.31829334957e-07, 6.02128181981e-07, 2.20575316234e-06, 7.82401514243e-07, 2.48810920311e-07, 3.25602911744e-07, 2.36196811443e-07, 3.48137888295e-07, 4.46649693231e-07, 3.72246802272e-07, 9.31064079168e-08, 7.29817344336e-08, 1.11553866589e-07, 1.65454022011e-13],
        "max": [0.00352244917303, 0.0684458166361, 0.07629583776, 0.0358431562781, 0.028369801119, 0.0231643114239, 0.016527922824, 0.0199446622282, 0.0174196828157, 0.0208367127925, 0.00832134764642, 0.0121366186067, 0.00937250442803, 0.00733490847051, 0.00556973926723, 0.0109394146129, 0.00935109890997, 0.00664444221184, 0.00478893565014, 0.00392702454701, 0.0101322736591, 0.00683049205691, 0.00763918180019, 0.00401949929073, 0.00614445144311, 0.00211822637357, 9.18305249797e-06],
        "mean": [0.000384455430321, 0.00867587793618, 0.00432530092075, 0.00252370000817, 0.00276516075246, 0.00321425427683, 0.00168622494675, 0.00146080332343, 0.00119220255874, 0.00138231436722, 0.000569985888433, 0.00126577285118, 0.000427478604252, 0.000518693472259, 0.000506661308464, 0.000662007078063, 0.000702856108546, 0.000387695530662, 0.000471790321171, 0.000349766836734, 0.000355857599061, 0.000404314196203, 0.000380982412025, 0.0003189673007, 0.000305245717755, 0.000216297645238, 4.87140212613e-08],
        "median": [9.86588711385e-05, 0.00533634284511, 0.00129230157472, 0.00118842977099, 0.00139574659988, 0.00193268328439, 0.000842931098305, 0.000823715527076, 0.000610983930528, 0.000714026391506, 0.000327512534568, 0.000759523827583, 0.000211285645491, 0.000317529425956, 0.00031153333839, 0.000327584159095, 0.000345393549651, 0.000209083562368, 0.000268387433607, 0.000193185042008, 0.000213891893509, 0.000282126828097, 0.000268968375167, 0.000238113381783, 0.000197680128622, 9.05859851628e-05, 1.56042068156e-09],
        "min": [1.52177676682e-07, 1.87863491874e-07, 1.37635424835e-06, 2.05514061236e-06, 3.71377245756e-05, 1.34100782816e-05, 1.26272643683e-05, 1.20190979942e-05, 5.70087968299e-06, 1.18984353321e-05, 4.34395860793e-06, 8.36886465549e-06, 2.50981179306e-06, 1.85922601759e-06, 5.01164731759e-06, 9.92575769487e-06, 8.81849155121e-06, 5.41402869203e-06, 7.82320967119e-06, 2.74602030004e-06, 8.21532648843e-06, 5.7011611716e-06, 1.03832953755e-05, 3.172752713e-06, 3.42168345924e-06, 1.11200267838e-06, 8.08112604611e-12],
        "var": [2.9732180451e-07, 0.000127373816213, 7.8902921814e-05, 1.19463775263e-05, 1.40784868563e-05, 1.23811505546e-05, 4.88100522489e-06, 3.85355406252e-06, 2.93696120934e-06, 4.24057770942e-06, 6.19919035216e-07, 2.03846320801e-06, 4.24454356107e-07, 4.70960486609e-07, 4.68210942017e-07, 1.20814854654e-06, 1.13687679004e-06, 2.61937429968e-07, 3.40968512091e-07, 1.84610883025e-07, 4.43841116748e-07, 4.08365281146e-07, 2.97315551734e-07, 1.44433784044e-07, 1.63473472981e-07, 8.48193124625e-08, 9.48984407766e-14]
    },
    "erbbands": {
        "dmean": [0.200023621321, 1.27810645103, 4.44928359985, 5.97105264664, 4.56091451645, 8.71552658081, 11.3173189163, 11.8971681595, 10.6437644958, 13.3998203278, 17.9679279327, 15.1641168594, 24.1965370178, 19.9944000244, 17.3260879517, 36.500213623, 13.6541528702, 16.6474189758, 13.053153038, 23.0575180054, 21.9946880341, 17.9684867859, 12.4311618805, 11.2596521378, 13.1137876511, 9.51023864746, 7.99993419647, 8.50156879425, 6.94753837585, 8.02743625641, 7.04234075546, 3.20419859886, 2.28655481339, 1.63609910011, 1.08823525906, 0.566556215286, 0.285234540701, 0.0259279869497, 0.000447451573564, 2.97167243843e-05],
        "dmean2": [0.30372852087, 2.15537595749, 7.52888393402, 9.91729354858, 7.66019630432, 15.2549505234, 17.7208461761, 18.024553299, 16.3630065918, 20.0076313019, 26.285982132, 23.1828517914, 37.5555114746, 30.9901428223, 27.5260391235, 59.4368057251, 22.351398468, 26.8133010864, 20.3024597168, 36.7282218933, 35.6726150513, 27.7836647034, 20.0148963928, 18.2043132782, 20.9697532654, 15.4128322601, 11.8946275711, 13.8077325821, 10.653131485, 13.3221473694, 11.4867954254, 4.66554689407, 3.37682533264, 2.51921010017, 1.60034382343, 0.928049743176, 0.462447911501, 0.0415866822004, 0.00070483534364, 4.47870261269e-05],
        "dvar": [0.104449786246, 5.14971113205, 120.0572052, 132.556762695, 57.0347938538, 308.353271484, 214.584777832, 249.588363647, 256.331787109, 547.225036621, 948.234313965, 697.425476074, 1987.07177734, 1082.57177734, 697.843566895, 2418.68994141, 417.692718506, 587.955749512, 442.927246094, 2112.12817383, 1530.47644043, 795.07421875, 381.296966553, 302.861022949, 463.60043335, 213.837722778, 285.173919678, 308.01373291, 140.390441895, 285.936401367, 188.857711792, 24.0763053894, 11.9024477005, 7.91888046265, 2.85536527634, 0.881611466408, 0.189099401236, 0.00149169669021, 4.2514989218e-07, 1.07673503447e-09],
        "dvar2": [0.284402340651, 12.71571064, 316.768768311, 339.637420654, 152.13861084, 880.417480469, 467.659362793, 507.652587891, 527.454284668, 1099.68054199, 1873.39367676, 1380.65612793, 5212.13525391, 2392.55395508, 1833.85339355, 6058.37744141, 1047.14123535, 1383.14489746, 943.717346191, 4607.16894531, 3842.69799805, 1792.43652344, 885.019775391, 747.480102539, 1064.9798584, 545.864196777, 516.291809082, 735.526611328, 288.059875488, 725.071228027, 487.484222412, 47.0653381348, 24.8366031647, 15.9481973648, 4.36735248566, 2.05995941162, 0.465914815664, 0.00364254717715, 1.01320745216e-06, 2.39647302003e-09],
        "max": [2.30847716331, 14.5164108276, 78.9293670654, 74.3881835938, 72.6591033936, 162.495300293, 170.280822754, 183.277130127, 262.553863525, 309.305969238, 555.310302734, 441.313720703, 615.985412598, 770.735900879, 278.964355469, 504.190368652, 232.319091797, 490.519104004, 292.601379395, 589.954772949, 585.523681641, 410.28112793, 419.177642822, 217.201782227, 355.585418701, 177.219619751, 485.815795898, 356.921569824, 237.511535645, 271.438690186, 210.63381958, 92.893119812, 68.986328125, 74.8234024048, 44.174446106, 13.3706007004, 4.54748392105, 0.414572656155, 0.00738439429551, 0.000450613733847],
        "mean": [0.265316277742, 1.89239907265, 4.98771047592, 7.35818624496, 6.6137471199, 10.6539573669, 20.8110580444, 24.195356369, 22.2456817627, 27.634601593, 35.1660881042, 28.2490005493, 41.3750228882, 34.2168731689, 29.7173442841, 56.7241020203, 22.0433082581, 28.4437294006, 22.1038684845, 35.3300743103, 37.4005508423, 34.7021636963, 24.0075740814, 21.0792922974, 24.2054595947, 16.7516384125, 13.9870910645, 13.8988409042, 13.2953720093, 13.1193685532, 11.3432350159, 6.90285110474, 5.0884680748, 3.73456597328, 2.22721600533, 0.94667840004, 0.428070425987, 0.0357242636383, 0.000678604119457, 7.78874455136e-05],
        "median": [0.0807569250464, 1.11968243122, 2.15112447739, 3.49598860741, 4.08880758286, 4.94589567184, 11.596581459, 13.9546203613, 13.2500743866, 13.7741308212, 18.5596733093, 15.1529512405, 21.5086841583, 17.8109703064, 19.0046691895, 33.5738563538, 13.2127199173, 18.6171875, 12.9824476242, 20.6969604492, 19.2362976074, 15.82883358, 12.2366313934, 12.2523994446, 13.1936664581, 9.99486732483, 7.64593315125, 8.80465221405, 9.31085014343, 8.67328453064, 7.97802829742, 5.14004802704, 3.75637793541, 2.65285515785, 1.19924676418, 0.408857911825, 0.170123770833, 0.0149842659011, 0.000306994130369, 6.1932245444e-05],
        "min": [9.29263987928e-05, 0.000215958003537, 0.00499087898061, 0.0325923636556, 0.0447609908879, 0.119598135352, 0.178129777312, 0.141613006592, 0.330175697803, 0.292790561914, 0.322186738253, 0.388058245182, 0.382906734943, 0.326682895422, 0.465823829174, 0.414270699024, 0.233029350638, 0.270760416985, 0.260719954967, 0.292744725943, 0.730317294598, 0.471078962088, 0.323167681694, 0.342906564474, 0.23265337944, 0.162185177207, 0.237733960152, 0.248930990696, 0.202160552144, 0.20967592299, 0.318662136793, 0.121096618474, 0.0502137355506, 0.0070582088083, 0.0307956449687, 0.00730685330927, 0.00170033180621, 5.13749400852e-05, 8.74316447153e-06, 8.10915571492e-06],
        "var": [0.142750307918, 6.61703252792, 89.8559036255, 116.333442688, 65.3963165283, 290.559234619, 548.598388672, 789.516967773, 747.38067627, 1661.48901367, 2643.62597656, 1742.00036621, 3778.79394531, 2569.19873047, 1036.17810059, 4114.97802734, 780.978942871, 1122.80749512, 865.545410156, 2807.03198242, 2895.62597656, 2802.67993164, 1220.16625977, 557.752197266, 1197.15039062, 394.664916992, 669.706970215, 577.001037598, 431.150024414, 474.578826904, 272.625152588, 80.0071792603, 34.5851135254, 20.7361869812, 10.8651790619, 1.77844357491, 0.332040071487, 0.00248328084126, 7.96367771727e-07, 2.91511881301e-09]
    },
    "gfcc": {
        "mean": [58.1846466064, 61.9550704956, -107.901054382, 28.945230484, -65.4532775879, 21.7275600433, -44.5031738281, 15.0158519745, -28.7033367157, 6.18074798584, -19.9211006165, 7.258289814, -13.8765802383],
        "cov": [[1591.02807617, -530.696960449, 72.8692779541, -101.613426208, -187.806121826, -181.863601685, -197.86289978, -101.4529953, -195.350387573, -8.36813926697, -154.831787109, -7.69178581238, -140.735626221], [-530.696960449, 819.226013184, 56.1976966858, 283.843719482, 367.618988037, 217.030181885, 201.285568237, 114.973007202, 147.186859131, 1.32968258858, 135.596328735, -30.1353302002, 119.398124695], [72.8692779541, 56.1976966858, 479.700836182, 229.845001221, 126.77306366, 131.948577881, 79.9368133545, 6.45618009567, 30.4670352936, 50.347694397, 13.0954036713, 42.21068573, -7.56068086624], [-101.613426208, 283.843719482, 229.845001221, 501.172363281, 323.820037842, 205.744491577, 155.014053345, 74.4545593262, 105.90637207, 18.0364189148, 77.0409393311, 5.22035551071, 77.9796981812], [-187.806121826, 367.618988037, 126.77306366, 323.820037842, 421.133911133, 217.59967041, 161.67906189, 92.583152771, 110.673820496, 27.3182754517, 75.2588348389, 14.3115854263, 64.1772842407], [-181.863601685, 217.030181885, 131.948577881, 205.744491577, 217.59967041, 267.539825439, 175.363189697, 53.8036003113, 87.0326156616, 41.5767936707, 71.7804107666, 14.2594537735, 46.3327674866], [-197.86289978, 201.285568237, 79.9368133545, 155.014053345, 161.67906189, 175.363189697, 198.194030762, 84.3929595947, 88.292098999, 33.7988471985, 55.2555465698, 0.882759392262, 36.3930969238], [-101.4529953, 114.973007202, 6.45618009567, 74.4545593262, 92.583152771, 53.8036003113, 84.3929595947, 128.778778076, 64.49193573, 16.676618576, 40.9428482056, -0.218142017722, 40.5591163635], [-195.350387573, 147.186859131, 30.4670352936, 105.90637207, 110.673820496, 87.0326156616, 88.292098999, 64.49193573, 111.783332825, 38.0319519043, 37.9176940918, 0.0146690253168, 33.885017395], [-8.36813926697, 1.32968258858, 50.347694397, 18.0364189148, 27.3182754517, 41.5767936707, 33.7988471985, 16.676618576, 38.0319519043, 70.4714431763, 29.873714447, 8.04225444794, 4.9726691246], [-154.831787109, 135.596328735, 13.0954036713, 77.0409393311, 75.2588348389, 71.7804107666, 55.2555465698, 40.9428482056, 37.9176940918, 29.873714447, 86.1508789062, 19.1722354889, 39.7725563049], [-7.69178581238, -30.1353302002, 42.21068573, 5.22035551071, 14.3115854263, 14.2594537735, 0.882759392262, -0.218142017722, 0.0146690253168, 8.04225444794, 19.1722354889, 58.096912384, 16.8457145691], [-140.735626221, 119.398124695, -7.56068086624, 77.9796981812, 64.1772842407, 46.3327674866, 36.3930969238, 40.5591163635, 33.885017395, 4.9726691246, 39.7725563049, 16.8457145691, 75.4551544189]],
        "icov": [[0.0012555088615, -0.000112236208224, 0.000411380402511, -0.00115135300439, 0.000315757002681, -0.000478444067994, 0.000985357910395, -0.0014447257854, 0.0028297745157, -0.0024375137873, 0.00256563536823, -0.00111869093962, 0.00186422187835], [-0.000112236208224, 0.00465725967661, -0.00185237440746, 0.00263186660595, -0.00382195436396, 0.00182676396798, -0.0022358528804, 0.00291387178004, -0.0038687037304, 0.00607670098543, -0.00730884820223, 0.00714186439291, -0.00524836918339], [0.000411380402511, -0.00185237440746, 0.00498911831528, -0.00409143231809, 0.00235048960894, -0.00229965196922, 0.00119858665857, -0.00225193332881, 0.00390112400055, -0.00638261716813, 0.00627776747569, -0.00695528229699, 0.00538446847349], [-0.00115135300439, 0.00263186660595, -0.00409143231809, 0.0087049677968, -0.00547365518287, 0.00176901265513, -0.00260379374959, 0.00430386746302, -0.00651684449986, 0.00862598512322, -0.00867078173906, 0.00840665586293, -0.00815489329398], [0.000315757002681, -0.00382195436396, 0.00235048960894, -0.00547365518287, 0.00961010996252, -0.00467773526907, 0.0025858883746, -0.00452579976991, 0.00250038295053, -0.00508123310283, 0.00683265831321, -0.00764580350369, 0.00573058053851], [-0.000478444067994, 0.00182676396798, -0.00229965196922, 0.00176901265513, -0.00467773526907, 0.0143238706514, -0.010536105372, 0.00644337339327, -0.00323823536746, 0.00273607973941, -0.00725508993492, 0.00361005100422, -0.0047481842339], [0.000985357910395, -0.0022358528804, 0.00119858665857, -0.00260379374959, 0.0025858883746, -0.010536105372, 0.0187413226813, -0.00884698051959, 0.000617828569375, -0.00435398519039, 0.00521900504827, -0.00291886017658, 0.00608351128176], [-0.0014447257854, 0.00291387178004, -0.00225193332881, 0.00430386746302, -0.00452579976991, 0.00644337339327, -0.00884698051959, 0.0185919422656, -0.0102024925873, 0.00793983228505, -0.0106845032424, 0.00758271524683, -0.00981539208442], [0.0028297745157, -0.0038687037304, 0.00390112400055, -0.00651684449986, 0.00250038295053, -0.00323823536746, 0.000617828569375, -0.0102024925873, 0.0295125320554, -0.0190490130335, 0.0139229753986, -0.00742391077802, 0.00589398201555], [-0.0024375137873, 0.00607670098543, -0.00638261716813, 0.00862598512322, -0.00508123310283, 0.00273607973941, -0.00435398519039, 0.00793983228505, -0.0190490130335, 0.0357300899923, -0.0226007085294, 0.0121592823416, -0.00784426182508], [0.00256563536823, -0.00730884820223, 0.00627776747569, -0.00867078173906, 0.00683265831321, -0.00725508993492, 0.00521900504827, -0.0106845032424, 0.0139229753986, -0.0226007085294, 0.0392068438232, -0.0189883559942, 0.00662029022351], [-0.00111869093962, 0.00714186439291, -0.00695528229699, 0.00840665586293, -0.00764580350369, 0.00361005100422, -0.00291886017658, 0.00758271524683, -0.00742391077802, 0.0121592823416, -0.0189883559942, 0.0355189144611, -0.0165426656604], [0.00186422187835, -0.00524836918339, 0.00538446847349, -0.00815489329398, 0.00573058053851, -0.0047481842339, 0.00608351128176, -0.00981539208442, 0.00589398201555, -0.00784426182508, 0.00662029022351, -0.0165426656604, 0.0324592776597]]
    },
    "melbands": {
        "dmean": [0.00163277203683, 0.00198150472715, 0.000951357593294, 0.000472042040201, 0.000377650838345, 0.000268903648248, 0.000161959411344, 0.000139703246532, 0.000146976934047, 9.5994095318e-05, 0.000122181576444, 8.56071856106e-05, 5.86436181038e-05, 9.8630800494e-05, 5.23953531228e-05, 2.98754766845e-05, 3.27291672875e-05, 2.03083891392e-05, 2.5581312002e-05, 3.5091296013e-05, 2.73872501566e-05, 2.16332227865e-05, 1.6587691789e-05, 9.46423006098e-06, 9.91945216811e-06, 9.53134804149e-06, 9.1412666734e-06, 6.13553584117e-06, 4.96540087624e-06, 6.06560661254e-06, 4.89790591018e-06, 3.82962343792e-06, 5.62059494769e-06, 4.0511977204e-06, 4.51766300102e-06, 2.8757074233e-06, 2.02059186449e-06, 1.6805205405e-06, 1.69578220266e-06, 1.5421895796e-06],
        "dmean2": [0.00250646937639, 0.00322986743413, 0.00156111945398, 0.000820143497549, 0.000606847985182, 0.000404425227316, 0.000245506700594, 0.00021195813315, 0.000214649247937, 0.000147214072058, 0.000190064092749, 0.000133613764774, 9.46776126511e-05, 0.000160610608873, 8.50102078402e-05, 4.88203404529e-05, 5.28899108758e-05, 3.19861974276e-05, 4.07358747907e-05, 5.55818696739e-05, 4.4505646656e-05, 3.39643593179e-05, 2.6520985557e-05, 1.5515510313e-05, 1.63946860994e-05, 1.53006603796e-05, 1.4894189917e-05, 1.01313507912e-05, 7.453100352e-06, 9.53025937633e-06, 8.08639470051e-06, 5.82870143262e-06, 9.17855868465e-06, 6.64644448989e-06, 7.52966707296e-06, 4.43630551672e-06, 3.08187009068e-06, 2.56680255006e-06, 2.57080955635e-06, 2.4583364393e-06],
        "dvar": [7.31809222998e-06, 1.97147819563e-05, 3.15725310429e-06, 7.82888264439e-07, 2.68867836439e-07, 1.22332323826e-07, 5.92027546986e-08, 5.34007469355e-08, 5.85742760961e-08, 2.37859900665e-08, 5.18672216288e-08, 2.1299472408e-08, 1.00245545198e-08, 2.01593479687e-08, 4.13257827958e-09, 2.73074363122e-09, 2.24947660499e-09, 1.30494559603e-09, 2.49383602657e-09, 6.55136345173e-09, 1.99753658059e-09, 1.13031983773e-09, 8.46608894101e-10, 1.7566423316e-10, 2.53774307124e-10, 2.34007341282e-10, 2.57037613416e-10, 9.18042170062e-11, 9.04351107889e-11, 1.43403705577e-10, 1.00015294657e-10, 4.25938832815e-11, 1.48095993802e-10, 5.89620990921e-11, 9.30509488906e-11, 1.8744339414e-11, 9.91202432632e-12, 6.63133827364e-12, 5.22205759537e-12, 7.66495981269e-12],
        "dvar2": [1.94010044652e-05, 5.22645350429e-05, 8.0257659647e-06, 2.19663093048e-06, 6.59555269067e-07, 2.44975240093e-07, 1.21056871194e-07, 1.15496689546e-07, 1.16647385084e-07, 4.94788210403e-08, 1.3749750849e-07, 4.7772171996e-08, 2.60093617754e-08, 5.16065128409e-08, 1.00403774184e-08, 6.71820643561e-09, 5.0617359193e-09, 2.83566259363e-09, 5.37756550401e-09, 1.49455541276e-08, 4.99632735185e-09, 2.60670018903e-09, 2.00980521115e-09, 4.15096096384e-10, 6.30301200122e-10, 5.4855842091e-10, 6.27757679172e-10, 2.3388765924e-10, 1.62888674771e-10, 2.74943484646e-10, 2.56954457711e-10, 9.56459217383e-11, 3.87930659818e-10, 1.42209521936e-10, 2.48959936e-10, 3.73505219808e-11, 2.33295483626e-11, 1.4807906637e-11, 1.02610966599e-11, 1.63990088869e-11],
        "max": [0.0198728758842, 0.0323625914752, 0.0123520614579, 0.00627967296168, 0.00465653929859, 0.00427661556751, 0.00386831560172, 0.00284675741568, 0.00431464426219, 0.00248089479282, 0.00321752903983, 0.0034242940601, 0.00122869794723, 0.00177516404074, 0.000644083484076, 0.00104901206214, 0.000820621673483, 0.000572098826524, 0.000532581179868, 0.00106213812251, 0.000847991497722, 0.00045173795661, 0.000564685091376, 0.000212491926504, 0.000201869144803, 0.000208849101909, 0.000333164585754, 0.000126637867652, 0.000248920085141, 0.000290302938083, 0.000174835964572, 0.000142840595799, 0.000160166920978, 0.000154697088874, 0.000131237553433, 8.11136778793e-05, 5.64044094062e-05, 4.78455258417e-05, 4.01396609959e-05, 7.16866561561e-05],
        "mean": [0.00238537299447, 0.00259508355521, 0.00123749359045, 0.000605645007454, 0.00067223305814, 0.000559129926842, 0.000343872699887, 0.000288430717774, 0.000280822685454, 0.000169620238012, 0.000205498305149, 0.000139788724482, 9.02710089576e-05, 0.000148656894453, 8.3326951426e-05, 4.37621201854e-05, 5.39390530321e-05, 3.30099974235e-05, 3.94021117245e-05, 4.96465072501e-05, 4.49151921202e-05, 3.83616243198e-05, 2.85880960291e-05, 1.70193452504e-05, 1.68633214344e-05, 1.74292781594e-05, 1.57271188073e-05, 9.87130988506e-06, 8.04200681159e-06, 9.42611222854e-06, 7.56615736464e-06, 7.20663456377e-06, 8.38956202642e-06, 6.55662597637e-06, 6.720410056e-06, 5.21769925399e-06, 3.93984691982e-06, 3.34186415785e-06, 3.61851834896e-06, 3.0476514894e-06],
        "median": [0.00124656304251, 0.00152491685003, 0.000681862060446, 0.000277962244581, 0.000371213682229, 0.000325037835864, 0.000195185857592, 0.000157058238983, 0.000146374688484, 9.31608374231e-05, 0.000105841972982, 6.49309513392e-05, 5.32499907422e-05, 8.83646789589e-05, 5.41362824151e-05, 2.3574089937e-05, 3.37066485372e-05, 1.84796972462e-05, 2.34014478337e-05, 2.53877587966e-05, 2.30753648793e-05, 1.73002827069e-05, 1.30024764076e-05, 9.5267114375e-06, 9.35272055358e-06, 9.71603185462e-06, 7.30858846509e-06, 6.01278270551e-06, 3.65927962775e-06, 5.41940698895e-06, 4.7325261221e-06, 4.93994548378e-06, 5.30349871042e-06, 4.15555314248e-06, 4.50139168606e-06, 3.70296447727e-06, 2.82759765469e-06, 2.37995095631e-06, 2.61329341811e-06, 1.95770826394e-06],
        "min": [8.16774274881e-07, 5.26642622845e-07, 6.59512897982e-06, 3.16282284984e-06, 6.66803089189e-06, 2.15220052269e-06, 4.55680947198e-06, 2.82158407572e-06, 2.36545452026e-06, 1.16491423796e-06, 1.64158655025e-06, 4.07258994528e-07, 1.13052044526e-06, 9.31759529976e-07, 7.25084646547e-07, 3.39827892049e-07, 2.8355412951e-07, 3.59907119218e-07, 3.46508670646e-07, 4.17837696887e-07, 6.85338818585e-07, 4.06977420653e-07, 2.30262259038e-07, 2.65330896809e-07, 2.44271092242e-07, 1.43223928717e-07, 1.15179645377e-07, 7.18334831618e-08, 8.02351607376e-08, 1.82395481829e-07, 5.87511870265e-08, 7.5665610666e-08, 1.67756553537e-07, 3.0055431921e-08, 1.70044330616e-07, 7.38278842505e-08, 2.02250536319e-08, 1.15839196013e-08, 7.45516803846e-09, 3.49983320103e-10],
