{
"highlevel": {
    "danceability": {
        "all": {
            "danceable": 0.966844260693,
            "not_danceable": 0.0331557430327
        },
        "probability": 0.966844260693,
        "value": "danceable"
    },
    "gender": {
        "all": {
            "female": 0.0849187225103,
            "male": 0.915081262589
        },
        "probability": 0.915081262589,
        "value": "male"
    },
    "genre_dortmund": {
        "all": {
            "alternative": 0.0230242293328,
            "blues": 0.0432920828462,
            "electronic": 0.00899128336459,
            "folkcountry": 0.0692733749747,
            "funksoulrnb": 0.0592665299773,
            "jazz": 0.727462470531,
            "pop": 0.0320771709085,
            "raphiphop": 0.00311252707615,
            "rock": 0.0335003063083
        },
        "probability": 0.727462470531,
        "value": "jazz"
    },
    "genre_electronic": {
        "all": {
            "ambient": 0.866211593151,
            "dnb": 0.0458265654743,
            "house": 0.0593090727925,
            "techno": 0.0045121582225,
            "trance": 0.0241406243294
        },
        "probability": 0.866211593151,
        "value": "ambient"
    },
    "genre_rosamerica": {
        "all": {
            "cla": 0.0130168003961,
            "dan": 0.0115981921554,
            "hip": 0.0215211845934,
            "jaz": 0.531522989273,
            "pop": 0.198186770082,
            "rhy": 0.148022413254,
            "roc": 0.069326505065,
            "spe": 0.00680512282997
        },
        "probability": 0.531522989273,
        "value": "jaz"
    },
    "genre_tzanetakis": {
        "all": {
            "blu": 0.0620671063662,
            "cla": 0.034474901855,
            "cou": 0.103433981538,
            "dis": 0.0620971247554,
            "hip": 0.15527240932,
            "jaz": 0.310666948557,
            "met": 0.044346679002,
            "pop": 0.0620793737471,
            "reg": 0.0620816536248,
            "roc": 0.103479810059
        },
        "probability": 0.310666948557,
        "value": "jaz"
    },
    "ismir04_rhythm": {
        "all": {
            "ChaChaCha": 0.0234258752316,
            "Jive": 0.0127466255799,
            "Quickstep": 0.576586067677,
            "Rumba-American": 0.0269388705492,
            "Rumba-International": 0.069842107594,
            "Rumba-Misc": 0.00939465500414,
            "Samba": 0.223210155964,
            "Tango": 0.0291002430022,
            "VienneseWaltz": 0.0174385551363,
            "Waltz": 0.0113168451935
        },
        "probability": 0.576586067677,
        "value": "Quickstep"
    },
    "mood_acoustic": {
        "all": {
            "acoustic": 0.939999520779,
            "not_acoustic": 0.0600004941225
        },
        "probability": 0.939999520779,
        "value": "acoustic"
    },
    "mood_aggressive": {
        "all": {
            "aggressive": 0.0128677375615,
            "not_aggressive": 0.987132251263
        },
        "probability": 0.987132251263,
        "value": "not_aggressive"
    },
    "mood_electronic": {
        "all": {
            "electronic": 0.464887648821,
            "not_electronic": 0.535112321377
        },
        "probability": 0.535112321377,
        "value": "not_electronic"
    },
    "mood_happy": {
        "all": {
            "happy": 0.67220979929,
            "not_happy": 0.32779020071
        },
        "probability": 0.67220979929,
        "value": "happy"
    },
    "mood_party": {
        "all": {
            "not_party": 0.953873693943,
            "party": 0.0461262837052
        },
        "probability": 0.953873693943,
        "value": "not_party"
    },
    "mood_relaxed": {
        "all": {
            "not_relaxed": 0.196548506618,
            "relaxed": 0.803451478481
        },
        "probability": 0.803451478481,
        "value": "relaxed"
    },
    "mood_sad": {
        "all": {
            "not_sad": 0.408405065536,
            "sad": 0.591594934464
        },
        "probability": 0.591594934464,
        "value": "sad"
    },
    "moods_mirex": {
        "all": {
            "Cluster1": 0.215813279152,
            "Cluster2": 0.305844545364,
            "Cluster3": 0.114517360926,
            "Cluster4": 0.169162407517,
            "Cluster5": 0.194662407041
        },
        "probability": 0.305844545364,
        "value": "Cluster2"
    },
    "timbre": {
        "all": {
            "bright": 0.982306241989,
            "dark": 0.0176937431097
        },
        "probability": 0.982306241989,
        "value": "bright"
    },
    "tonal_atonal": {
        "all": {
            "atonal": 0.00130902056117,
            "tonal": 0.998690962791
        },
        "probability": 0.998690962791,
        "value": "tonal"
    },
    "voice_instrumental": {
        "all": {
            "instrumental": 0.460333973169,
            "voice": 0.539665997028
        },
        "probability": 0.539665997028,
        "value": "voice"
    }
},
"lowlevel": {
    "average_loudness": 0.965549468994,
    "barkbands_crest": {
        "dmean": 2.20205950737,
        "dmean2": 3.55942702293,
        "dvar": 5.27242517471,
        "dvar2": 12.3594264984,
        "max": 25.4974899292,
        "mean": 9.63684368134,
        "median": 8.40040588379,
        "min": 3.12146925926,
        "var": 18.3009738922
    },
    "barkbands_flatness_db": {
        "dmean": 0.0237712841481,
        "dmean2": 0.0335721150041,
        "dvar": 0.000436724978499,
        "dvar2": 0.000812011829112,
        "max": 0.416795909405,
        "mean": 0.170540496707,
        "median": 0.163039505482,
        "min": 0.070033505559,
        "var": 0.00240212888457
    },
    "barkbands_kurtosis": {
        "dmean": 3.47989654541,
        "dmean2": 5.32129144669,
        "dvar": 28.5156135559,
        "dvar2": 62.5664749146,
        "max": 98.3440628052,
        "mean": 5.91187810898,
        "median": 2.84650564194,
        "min": -1.43730580807,
        "var": 97.4188690186
    },
    "barkbands_skewness": {
        "dmean": 0.577913999557,
        "dmean2": 0.870319366455,
        "dvar": 0.345830142498,
        "dvar2": 0.809689998627,
        "max": 8.28151893616,
        "mean": 1.54948055744,
        "median": 1.32986438274,
        "min": -0.828654646873,
        "var": 1.55569422245
    },
    "barkbands_spread": {
        "dmean": 4.35328722,
        "dmean2": 6.44747447968,
        "dvar": 23.1793270111,
        "dvar2": 52.895072937,
        "max": 66.7931137085,
        "mean": 15.8423109055,
        "median": 15.0431451797,
        "min": 1.27892673016,
        "var": 66.4671554565
    },
    "dissonance": {
        "dmean": 0.0325326770544,
        "dmean2": 0.0550616309047,
        "dvar": 0.000859391933773,
        "dvar2": 0.00232707825489,
        "max": 0.499999940395,
        "mean": 0.434565275908,
        "median": 0.441419899464,
        "min": 0.255517184734,
        "var": 0.00163569510914
    },
    "dynamic_complexity": 2.67033839226,
    "erbbands_crest": {
        "dmean": 3.60342860222,
        "dmean2": 5.80127191544,
        "dvar": 12.6149244308,
        "dvar2": 29.0456829071,
        "max": 31.8774833679,
        "mean": 12.8198823929,
        "median": 10.7964057922,
        "min": 2.77367424965,
        "var": 48.9926605225
    },
    "erbbands_flatness_db": {
        "dmean": 0.0253623016179,
        "dmean2": 0.0348741412163,
        "dvar": 0.000578158011194,
        "dvar2": 0.00102038157638,
        "max": 0.389112383127,
        "mean": 0.176147386432,
        "median": 0.170247107744,
        "min": 0.055934984237,
        "var": 0.00316048483364
    },
    "erbbands_kurtosis": {
        "dmean": 2.08869457245,
        "dmean2": 3.30134367943,
        "dvar": 9.47414112091,
        "dvar2": 22.8032951355,
        "max": 44.3970718384,
        "mean": 3.23379158974,
        "median": 1.68343162537,
        "min": -1.8373708725,
        "var": 27.0388031006
    },
    "erbbands_skewness": {
        "dmean": 0.475571423769,
        "dmean2": 0.729227602482,
        "dvar": 0.215781837702,
        "dvar2": 0.487316071987,
        "max": 5.02458906174,
        "mean": 1.04203724861,
        "median": 0.95575517416,
        "min": -1.67137336731,
        "var": 1.00013244152
    },
    "erbbands_spread": {
        "dmean": 8.4062833786,
        "dmean2": 12.5652799606,
        "dvar": 103.646530151,
        "dvar2": 199.733428955,
        "max": 160.596984863,
        "mean": 29.4374084473,
        "median": 25.1832122803,
        "min": 2.19039154053,
        "var": 404.365692139
    },
    "hfc": {
        "dmean": 7.14955711365,
        "dmean2": 10.2612333298,
        "dvar": 87.2505722046,
        "dvar2": 205.390487671,
        "max": 77.6337356567,
        "mean": 19.9375934601,
        "median": 15.9634990692,
        "min": 0.295910686255,
        "var": 233.465438843
    },
    "melbands_crest": {
        "dmean": 2.76958084106,
        "dmean2": 4.40873622894,
        "dvar": 7.53854417801,
        "dvar2": 17.398771286,
        "max": 33.1544914246,
        "mean": 13.0287456512,
        "median": 11.6890983582,
        "min": 5.20581007004,
        "var": 26.545135498
    },
    "melbands_flatness_db": {
        "dmean": 0.0264065917581,
        "dmean2": 0.0363066010177,
        "dvar": 0.000551247445401,
        "dvar2": 0.00105591327883,
        "max": 0.532678306103,
        "mean": 0.231814965606,
        "median": 0.224723264575,
        "min": 0.107283838093,
        "var": 0.00316241872497
    },
    "melbands_kurtosis": {
        "dmean": 7.27794027328,
        "dmean2": 10.7727575302,
        "dvar": 230.751815796,
        "dvar2": 382.823638916,
        "max": 332.719543457,
        "mean": 13.4040822983,
        "median": 5.41632270813,
        "min": -1.05797863007,
        "var": 779.478759766
    },
    "melbands_skewness": {
        "dmean": 0.747243762016,
        "dmean2": 1.13265645504,
        "dvar": 0.689307391644,
        "dvar2": 1.44387745857,
        "max": 14.1071147919,
        "mean": 2.08342790604,
        "median": 1.7755292654,
        "min": -1.07390093803,
        "var": 3.14956402779
    },
    "melbands_spread": {
        "dmean": 4.23212957382,
        "dmean2": 6.30908107758,
        "dvar": 15.9753427505,
        "dvar2": 37.3074302673,
        "max": 42.6162223816,
        "mean": 16.7033309937,
        "median": 16.3941287994,
        "min": 1.30263960361,
        "var": 67.8693237305
    },
    "pitch_salience": {
        "dmean": 0.0686323344707,
        "dmean2": 0.113103322685,
        "dvar": 0.0040201600641,
        "dvar2": 0.0104111768305,
        "max": 0.789245963097,
        "mean": 0.547417342663,
        "median": 0.557140231133,
        "min": 0.155025839806,
        "var": 0.0118131218478
    },
    "silence_rate_20dB": {
        "dmean": 0,
        "dmean2": 0,
        "dvar": 0,
        "dvar2": 0,
        "max": 1,
        "mean": 1,
        "median": 1,
        "min": 1,
        "var": 0
    },
    "silence_rate_30dB": {
        "dmean": 0.0123839005828,
        "dmean2": 0.0247869864106,
        "dvar": 0.0122306505218,
        "dvar2": 0.0350167192519,
        "max": 1,
        "mean": 0.993039429188,
        "median": 1,
        "min": 0,
        "var": 0.00691219978034
    },
    "silence_rate_60dB": {
        "dmean": 0.0108359130099,
        "dmean2": 0.0216886140406,
        "dvar": 0.0107184220105,
        "dvar2": 0.0212185103446,
        "max": 1,
        "mean": 0.0185614842921,
        "median": 0,
        "min": 0,
        "var": 0.0182172376662
    },
    "spectral_centroid": {
        "dmean": 155.679458618,
        "dmean2": 233.597930908,
        "dvar": 23997.7519531,
        "dvar2": 57629.484375,
        "max": 2710.69116211,
        "mean": 907.380432129,
        "median": 886.914001465,
        "min": 186.330215454,
        "var": 98582.796875
    },
    "spectral_complexity": {
        "dmean": 3.02631568909,
        "dmean2": 4.47250175476,
        "dvar": 8.31972694397,
        "dvar2": 16.1888504028,
        "max": 35,
        "mean": 14.3650426865,
        "median": 14,
        "min": 2,
        "var": 31.4955101013
    },
    "spectral_decrease": {
        "dmean": 3.66180663569e-09,
        "dmean2": 6.04119154701e-09,
        "dvar": 4.44426011326e-17,
        "dvar2": 1.22950379244e-16,
        "max": -7.92708954034e-11,
        "mean": -8.24904144991e-09,
        "median": -6.36109565022e-09,
        "min": -4.62256721789e-08,
        "var": 4.63087239032e-17
    },
    "spectral_energy": {
        "dmean": 0.0143823176622,
        "dmean2": 0.0235967244953,
        "dvar": 0.000663240731228,
        "dvar2": 0.00182864000089,
        "max": 0.179941445589,
        "mean": 0.0329421907663,
        "median": 0.0255654547364,
        "min": 0.000326026463881,
        "var": 0.000715679430868
    },
    "spectral_energyband_high": {
        "dmean": 0.000294204015518,
        "dmean2": 0.00042165548075,
        "dvar": 3.44713157574e-07,
        "dvar2": 8.43751934099e-07,
        "max": 0.0057070478797,
        "mean": 0.000455725268694,
        "median": 0.000246526673436,
        "min": 7.11391066943e-07,
        "var": 4.34588258713e-07
    },
    "spectral_energyband_low": {
        "dmean": 0.00784550886601,
        "dmean2": 0.0138713931665,
        "dvar": 0.000336113822414,
        "dvar2": 0.000953740964178,
        "max": 0.114863522351,
        "mean": 0.0111005799845,
        "median": 0.00773543398827,
        "min": 6.99971678841e-07,
        "var": 0.000241526548052
    },
    "spectral_energyband_middle_high": {
        "dmean": 0.00221587857231,
        "dmean2": 0.00309815397486,
        "dvar": 9.97294409899e-06,
        "dvar2": 2.09280624404e-05,
        "max": 0.0630653575063,
        "mean": 0.00632630800828,
        "median": 0.00367436208762,
        "min": 2.4422183742e-06,
        "var": 6.40456491965e-05
    },
    "spectral_energyband_middle_low": {
        "dmean": 0.00827824696898,
        "dmean2": 0.0134114371613,
        "dvar": 0.000155804795213,
        "dvar2": 0.000407829298638,
        "max": 0.0967701077461,
        "mean": 0.0176863446832,
        "median": 0.0119245918468,
        "min": 0.000188918216736,
        "var": 0.000248871132499
    },
    "spectral_entropy": {
        "dmean": 0.221386015415,
        "dmean2": 0.304282099009,
        "dvar": 0.0389944016933,
        "dvar2": 0.0759513154626,
        "max": 8.31309318542,
        "mean": 7.23140287399,
        "median": 7.26232910156,
        "min": 5.56659173965,
        "var": 0.162888079882
    },
    "spectral_flux": {
        "dmean": 0.0392555706203,
        "dmean2": 0.0614694692194,
        "dvar": 0.00257713044994,
        "dvar2": 0.00487429462373,
        "max": 0.377995640039,
        "mean": 0.0941442325711,
        "median": 0.0742331519723,
        "min": 0.00816214457154,
        "var": 0.00434285635129
    },
    "spectral_kurtosis": {
        "dmean": 2.14363980293,
        "dmean2": 3.45124816895,
        "dvar": 5.95659255981,
        "dvar2": 15.6158742905,
        "max": 29.2905883789,
        "mean": 5.56271219254,
        "median": 4.85818243027,
        "min": -0.5774102211,
        "var": 11.6751413345
    },
    "spectral_rms": {
        "dmean": 0.00106333824806,
        "dmean2": 0.00163386983331,
        "dvar": 2.28007002079e-06,
        "dvar2": 5.97752432441e-06,
        "max": 0.0132496273145,
        "mean": 0.00530459266156,
        "median": 0.00499418703839,
        "min": 0.00056398101151,
        "var": 4.00003091272e-06
    },
    "spectral_rolloff": {
        "dmean": 241.947799683,
        "dmean2": 415.118041992,
        "dvar": 225158.65625,
        "dvar2": 595434.375,
        "max": 6890.625,
        "mean": 889.773132324,
        "median": 775.1953125,
        "min": 107.666015625,
        "var": 298924.9375
    },
    "spectral_skewness": {
        "dmean": 0.269437879324,
        "dmean2": 0.421401083469,
        "dvar": 0.0685886144638,
        "dvar2": 0.16637866199,
        "max": 4.29141998291,
        "mean": 1.88751220703,
        "median": 1.85597908497,
        "min": 0.532331883907,
        "var": 0.197567984462
    },
    "spectral_spread": {
        "dmean": 854840.875,
        "dmean2": 1124567.625,
        "dvar": 917522874368,
        "dvar2": 1.51814550323e+12,
        "max": 20594896,
        "mean": 4696562.5,
        "median": 4457526.5,
        "min": 1389118.5,
        "var": 2.74153000141e+12
    },
    "spectral_strongpeak": {
        "dmean": 0.7499756217,
        "dmean2": 1.25992453098,
        "dvar": 1.03074979782,
        "dvar2": 2.41672968864,
        "max": 8.61733436584,
        "mean": 1.47946584225,
        "median": 0.399346441031,
        "min": 0,
        "var": 3.3587141037
    },
    "zerocrossingrate": {
        "dmean": 0.009033203125,
        "dmean2": 0.0103529999033,
        "dvar": 9.66349980445e-05,
        "dvar2": 0.000129971318529,
        "max": 0.15283203125,
        "mean": 0.0464437417686,
        "median": 0.04296875,
        "min": 0.005859375,
        "var": 0.00038477522321
    },
    "barkbands": {
        "dmean": [0.000641097256448, 0.0033329592552, 0.00361704430543, 0.00218608463183, 0.00213960884139, 0.00114049669355, 0.000690288026817, 0.00129212974571, 0.00288559123874, 0.00179378781468, 0.000572135904804, 0.000614724587649, 0.000353778072167, 0.000242741502007, 0.000121544144349, 0.000104664904939, 0.000124675410916, 0.000101206729596, 7.58773167036e-05, 3.88024782296e-05, 5.17193875567e-05, 5.47734234715e-05, 3.32972922479e-05, 7.04954654793e-05, 5.34823848284e-05, 4.94738960697e-05, 2.27264407293e-09],
        "dmean2": [0.000923528976273, 0.00557605875656, 0.00674547068775, 0.00408558826894, 0.00383916473947, 0.00186963286251, 0.00108891737182, 0.00206325761974, 0.00447434792295, 0.0027672322467, 0.000888307578862, 0.000906458648387, 0.00054883089615, 0.000375609961338, 0.000186044941074, 0.000157433605636, 0.000184904871276, 0.000150293009938, 0.000112801040814, 5.69109870412e-05, 7.44404023862e-05, 8.57623599586e-05, 5.17661028425e-05, 0.000111280351121, 8.43470988912e-05, 7.74607178755e-05, 3.41878148014e-09],
        "dvar": [1.27157261431e-06, 4.32366723544e-05, 8.98777943803e-05, 2.2338825147e-05, 2.38771681325e-05, 3.89313618143e-06, 1.51416111294e-06, 6.63094169795e-06, 4.35508627561e-05, 1.75357454282e-05, 5.91842444919e-06, 1.6660115989e-06, 6.01574583925e-07, 2.01131769018e-07, 4.93823755221e-08, 5.96554912136e-08, 5.52356276273e-08, 3.01647702372e-08, 1.52639927364e-08, 4.11151557245e-09, 7.778334421e-09, 8.18517520429e-09, 4.00413480151e-09, 4.11954950152e-08, 1.00691126548e-08, 1.96682403697e-08, 6.14540455623e-16],
        "dvar2": [2.18866875912e-06, 0.000117350129585, 0.000262206711341, 6.5423984779e-05, 6.73155591357e-05, 9.92308741843e-06, 3.68707424059e-06, 1.54374720296e-05, 9.63123820839e-05, 3.82899343094e-05, 1.37597089633e-05, 3.41182021657e-06, 1.23705774513e-06, 4.43286012342e-07, 1.08209057714e-07, 1.35632376441e-07, 1.12885786052e-07, 6.55828600316e-08, 3.24266338225e-08, 8.92236240446e-09, 1.56418060726e-08, 1.90238722553e-08, 9.92535031941e-09, 1.07598019383e-07, 2.51285197095e-08, 5.11747124676e-08, 6.24331150641e-16],
        "max": [0.0102983526886, 0.0506047308445, 0.0528766699135, 0.0310910753906, 0.0601432695985, 0.0234397053719, 0.0183302182704, 0.0390770211816, 0.0799285024405, 0.0567356906831, 0.0602001287043, 0.0221524853259, 0.0114625263959, 0.00472491513938, 0.00422992743552, 0.00491498410702, 0.00359843834303, 0.00355682405643, 0.00166059297044, 0.000854721758515, 0.000980670913123, 0.000745285011362, 0.000967616739217, 0.00193443370517, 0.000899312086403, 0.00145994720515, 6.98424628354e-07],
        "mean": [0.000777969253249, 0.00551339285448, 0.00358962081373, 0.00213532242924, 0.00279194233008, 0.00215651094913, 0.00146932713687, 0.0018127062358, 0.00410558236763, 0.00425852742046, 0.000825392373372, 0.00112108758185, 0.000552856479771, 0.000346742424881, 0.000208233890589, 0.000201792980079, 0.000236878491705, 0.000215802254388, 0.000141050346429, 6.81597084622e-05, 8.49088246468e-05, 8.91311865416e-05, 5.02407638123e-05, 8.53123492561e-05, 5.76596685278e-05, 4.60221599496e-05, 2.00850447385e-09],
        "median": [0.000273865793133, 0.00409962795675, 0.00196936400607, 0.00120048760436, 0.00173947296571, 0.00109060970135, 0.000738857663237, 0.00061472231755, 0.000984898884781, 0.000518926710356, 0.000188168996829, 0.000380132056307, 0.000125844482682, 0.000105642218841, 9.10801172722e-05, 5.16084255651e-05, 8.81428350112e-05, 6.96627030266e-05, 7.16160720913e-05, 3.21549778164e-05, 3.86211868317e-05, 4.20395008405e-05, 2.53877879004e-05, 2.6295932912e-05, 1.70952098415e-05, 7.52371715862e-06, 3.72423730743e-10],
        "min": [8.03451349896e-09, 7.68219834413e-08, 9.66790025814e-09, 6.59151240257e-08, 5.40049732081e-05, 3.49532047039e-06, 8.63273726281e-06, 4.65260700366e-06, 4.52827225672e-06, 1.17350191431e-06, 1.22875263742e-07, 8.40979126338e-08, 8.54313455534e-08, 1.3541804833e-07, 1.36975145892e-07, 7.23987554352e-08, 7.40430792234e-08, 1.37247269549e-07, 3.24905641946e-07, 4.47256724101e-07, 2.95194666933e-07, 1.13275760327e-07, 2.9290333714e-08, 1.4489807576e-08, 1.6863466179e-10, 1.56082421293e-11, 1.44388121251e-11],
        "var": [1.9880101263e-06, 3.9843016566e-05, 5.23403505213e-05, 1.3570862393e-05, 1.70407802216e-05, 9.46235741139e-06, 3.95193774239e-06, 1.32272352857e-05, 7.61903938837e-05, 8.71871307027e-05, 1.08015156002e-05, 4.36288564742e-06, 1.54459473833e-06, 3.88231143233e-07, 1.2264995064e-07, 1.96449661871e-07, 1.62585138241e-07, 1.34977867106e-07, 4.09304981019e-08, 8.73033734194e-09, 1.46003316104e-08, 1.42622207377e-08, 5.32879340653e-09, 3.92683965345e-08, 9.78857883638e-09, 1.77239556365e-08, 6.14012859976e-16]
    },
    "erbbands": {
        "dmean": [0.105887115002, 0.829324424267, 3.54585695267, 6.80026292801, 5.49185848236, 8.29798793793, 9.95285415649, 9.49869537354, 10.2154197693, 10.5543651581, 38.6848144531, 68.7789916992, 70.3062210083, 27.5510101318, 18.5395889282, 28.1836185455, 15.788816452, 15.5445737839, 5.66618442535, 6.08352422714, 6.09251689911, 5.96242332458, 5.12054681778, 5.62220907211, 2.531042099, 1.80673837662, 2.20357704163, 1.97598183155, 2.05490541458, 1.56516182423, 1.08105063438, 1.91014134884, 0.764218330383, 0.390834361315, 0.502670645714, 0.201882332563, 0.122054949403, 0.00593313574791, 0.000125281629153, 2.18721179408e-05],
        "dmean2": [0.181409299374, 1.42856061459, 6.56550359726, 12.7715005875, 10.0085821152, 14.9029369354, 17.7491836548, 15.1807317734, 16.1047401428, 16.8705768585, 61.1953125, 106.515213013, 107.038291931, 41.0176048279, 28.4240074158, 40.8620681763, 23.9269256592, 24.112537384, 8.82234096527, 8.92805957794, 9.41095161438, 8.60379505157, 7.52808666229, 8.23135757446, 3.90290355682, 2.6494345665, 3.28155398369, 2.84839582443, 3.21509861946, 2.4629304409, 1.70887756348, 3.12318539619, 1.16311371326, 0.611911118031, 0.810190320015, 0.31207293272, 0.193215295672, 0.00996746309102, 0.000203161209356, 3.4773722291e-05],
        "dvar": [0.0394039899111, 3.17658424377, 82.1052474976, 263.007537842, 127.741714478, 402.838256836, 525.344299316, 318.110015869, 452.696838379, 320.195251465, 5728.49169922, 30682.4804688, 26535.1542969, 7381.54248047, 2305.19042969, 3958.68652344, 1097.61193848, 787.59375, 130.463043213, 227.366149902, 160.270629883, 133.743896484, 82.7601318359, 105.800445557, 14.4537525177, 9.27261352539, 14.4901361465, 10.3330287933, 10.5653533936, 7.63847541809, 5.82363653183, 40.5899009705, 2.09881258011, 0.500711321831, 0.986431777477, 0.155827000737, 0.163425311446, 0.000383420730941, 1.51252109504e-07, 1.38694711271e-09],
        "dvar2": [0.1062432006, 8.87503528595, 239.543304443, 769.090698242, 369.003570557, 1137.08618164, 1469.07263184, 749.291015625, 1116.24707031, 819.036987305, 13062.3720703, 68516.9609375, 56033.140625, 13508.6152344, 5063.19238281, 8196.65820312, 2208.01269531, 1783.40185547, 319.30480957, 436.286682129, 369.67376709, 260.01449585, 178.522064209, 202.393341064, 34.9776611328, 20.3831539154, 29.8526573181, 20.7110939026, 24.4756088257, 18.972026825, 15.1367139816, 109.810905457, 4.80863332748, 1.19032299519, 2.53615069389, 0.387860059738, 0.42194917798, 0.00104003457818, 4.05098802503e-07, 3.72143227345e-09],
        "max": [1.31264603138, 13.1226539612, 52.7408180237, 96.0093917847, 126.384185791, 243.438842773, 309.343933105, 276.781463623, 384.547454834, 197.105422974, 1062.64025879, 2153.71582031, 2010.71679688, 2156.8046875, 947.344604492, 1143.90808105, 511.170288086, 309.044921875, 229.115875244, 419.08392334, 274.839599609, 171.320007324, 199.087127686, 149.204818726, 60.6919784546, 37.6306610107, 38.0288887024, 42.1708488464, 30.5608348846, 22.5930900574, 35.7561340332, 60.7598648071, 13.5086488724, 6.30781126022, 9.53155517578, 3.79315662384, 4.19504642487, 0.215169072151, 0.00420792773366, 0.000276224105619],
        "mean": [0.168146267533, 1.19818532467, 3.77459311485, 6.68098211288, 7.33876514435, 9.75894260406, 11.5400934219, 19.2181720734, 22.9761810303, 20.7184066772, 55.1966171265, 102.885490417, 166.046508789, 56.8114738464, 31.5662708282, 52.5827484131, 27.4969997406, 24.7686767578, 10.0340127945, 11.4781160355, 12.6858320236, 12.291059494, 11.0742101669, 11.4343852997, 4.47788190842, 3.15430808067, 3.62394785881, 3.25804662704, 3.34609484673, 2.37556934357, 1.47365295887, 2.11649155617, 1.01709163189, 0.482042789459, 0.501157224178, 0.200693458319, 0.110135853291, 0.00503178639337, 0.000124295766, 4.45408768428e-05],
        "median": [0.11195333302, 0.868787765503, 2.20753335953, 3.83059191704, 5.03018951416, 4.83722400665, 5.29733562469, 8.72291660309, 11.5115451813, 13.7045612335, 16.208026886, 28.1626434326, 23.1095085144, 15.1172351837, 10.9377555847, 17.6650848389, 10.4188222885, 10.055680275, 5.15218400955, 4.04157686234, 4.25149488449, 4.63886356354, 4.21733093262, 4.1722111702, 2.91058278084, 1.53202962875, 1.57265639305, 1.53652942181, 1.57457602024, 1.16045558453, 0.718086183071, 0.555527329445, 0.401629060507, 0.156016305089, 0.135721877217, 0.0462141633034, 0.0139652378857, 0.000686728162691, 3.5037737689e-05, 3.35173754138e-05],
        "min": [9.43045142776e-06, 4.77459507238e-05, 0.000207661752938, 0.00227251881734, 0.051190380007, 0.152188658714, 0.041745275259, 0.0628895014524, 0.129970028996, 0.231823652983, 0.0816092863679, 0.122824184597, 0.0478920191526, 0.0244557168335, 0.00725372182205, 0.00523228012025, 0.00358191994019, 0.00654554460198, 0.00732218520716, 0.00522263534367, 0.00362046295777, 0.00425116205588, 0.0063438010402, 0.0148738306016, 0.0173853989691, 0.0185094829649, 0.0150638911873, 0.0123902196065, 0.00466259056702, 0.0020273802802, 0.000554933678359, 0.000404096732382, 0.000179797381861, 2.16733369598e-05, 9.38599168876e-06, 7.20406160326e-06, 3.91223602492e-06, 3.68520517213e-07, 2.46078911914e-07, 4.06656425866e-07],
        "var": [0.0402466952801, 2.4345805645, 49.1483154297, 154.225463867, 87.8838424683, 283.886779785, 417.771942139, 860.404663086, 1298.41003418, 602.333679199, 12144.6005859, 52499.4960938, 122086.101562, 34724.0429688, 4969.05126953, 10508.4326172, 3069.70776367, 1481.06445312, 225.418579102, 615.957580566, 558.133239746, 507.617370605, 393.079040527, 348.178375244, 24.8120079041, 18.5544567108, 28.5027427673, 19.9468898773, 20.0036182404, 11.3758983612, 5.85672855377, 34.0380592346, 2.88992023468, 0.575544595718, 0.878075063229, 0.163172125816, 0.142019480467, 0.000292129989248, 1.21219173366e-07, 1.48406731348e-09]
    },
    "gfcc": {
        "mean": [-1.95438039303, 109.317466736, -106.578163147, 23.6951465607, -65.4915924072, 20.5995483398, -31.8392753601, 14.3170318604, -23.8044013977, 0.618215024471, -17.9004936218, 1.17362499237, -13.2984895706],
        "cov": [[3483.08911133, -767.03894043, 8.6287984848, -123.907920837, -66.3647155762, 189.5415802, -50.2279205322, 345.119598389, -103.960250854, 219.130203247, -156.526031494, 205.558700562, -59.9852027893], [-767.03894043, 1071.44055176, -130.93371582, 231.900466919, 265.54019165, 0.50875544548, 211.623748779, -195.512573242, 232.354034424, -116.360961914, 153.002166748, -190.688827515, 73.1934814453], [8.6287984848, -130.93371582, 975.861633301, 297.677703857, 97.8544082642, 153.711990356, -51.5193557739, 72.3832321167, -38.4835510254, 242.904556274, -87.5241241455, 20.1713695526, -36.6591873169], [-123.907920837, 231.900466919, 297.677703857, 467.493865967, 173.416137695, 53.7373504639, -29.6979637146, -28.3322315216, 148.006835938, 68.7403945923, 34.2006187439, -54.4437637329, 64.33644104], [-66.3647155762, 265.54019165, 97.8544082642, 173.416137695, 344.694793701, 59.3140945435, -11.9576473236, -3.8134727478, 107.874549866, 27.1690139771, -16.1604747772, -44.0766639709, 4.391020298], [189.5415802, 0.50875544548, 153.711990356, 53.7373504639, 59.3140945435, 238.829727173, 93.814994812, 10.7740716934, -34.3949356079, 28.7371120453, 13.5199861526, -16.2804603577, -15.8812055588], [-50.2279205322, 211.623748779, -51.5193557739, -29.6979637146, -11.9576473236, 93.814994812, 251.147827148, -23.9508552551, -40.3274116516, -63.4755592346, 49.8509941101, -45.7658805847, -2.14000892639], [345.119598389, -195.512573242, 72.3832321167, -28.3322315216, -3.8134727478, 10.7740716934, -23.9508552551, 161.770263672, -15.0808525085, 28.8373794556, -56.7294235229, 48.0854301453, -15.888917923], [-103.960250854, 232.354034424, -38.4835510254, 148.006835938, 107.874549866, -34.3949356079, -40.3274116516, -15.0808525085, 209.805755615, 1.29256045818, 28.8872966766, -45.3668785095, 19.7152366638], [219.130203247, -116.360961914, 242.904556274, 68.7403945923, 27.1690139771, 28.7371120453, -63.4755592346, 28.8373794556, 1.29256045818, 195.3306427, -39.8377685547, 7.08149766922, -18.6336307526], [-156.526031494, 153.002166748, -87.5241241455, 34.2006187439, -16.1604747772, 13.5199861526, 49.8509941101, -56.7294235229, 28.8872966766, -39.8377685547, 112.169265747, -1.93657827377, 16.1252670288], [205.558700562, -190.688827515, 20.1713695526, -54.4437637329, -44.0766639709, -16.2804603577, -45.7658805847, 48.0854301453, -45.3668785095, 7.08149766922, -1.93657827377, 132.976119995, -1.14128196239], [-59.9852027893, 73.1934814453, -36.6591873169, 64.33644104, 4.391020298, -15.8812055588, -2.14000892639, -15.888917923, 19.7152366638, -18.6336307526, 16.1252670288, -1.14128196239, 72.9777755737]],
        "icov": [[0.000499265617691, 5.11717553309e-05, 0.000443541503046, -0.000246091163717, 0.000143827259308, -0.000552233308554, -0.000150106396177, -0.000689833250362, -3.03084270854e-05, -0.000721979595255, 0.000563898531254, -0.000650510890409, 0.000204459574888], [5.11717553309e-05, 0.00450672209263, -0.000905785826035, 0.000972912472207, -0.00297935027629, 0.00198669056408, -0.00362154748291, 0.00242031482048, -0.00314609194174, 0.000968876003753, -0.00329560250975, 0.00285565643571, -0.00288816122338], [0.000443541503046, -0.000905785826035, 0.00308457901701, -0.00259015779011, 0.000988121610135, -0.00166270707268, 0.000467655685497, -0.00122392899357, 0.00180259218905, -0.00265067396685, 0.00274932780303, -0.00196667946875, 0.0026298975572], [-0.000246091163717, 0.000972912472207, -0.00259015779011, 0.00635788915679, -0.00205632671714, 0.000354570394848, -0.000113203655928, 0.000947415013798, -0.00344989309087, 0.000569176045246, -0.00347339129075, 0.00244418764487, -0.00579735497013], [0.000143827259308, -0.00297935027629, 0.000988121610135, -0.00205632671714, 0.00639115273952, -0.00280571985058, 0.00233334861696, -0.0013940744102, 0.000253037724178, -0.000697126961313, 0.00440761027858, -0.00219165789895, 0.00293081370182], [-0.000552233308554, 0.00198669056408, -0.00166270707268, 0.000354570394848, -0.00280571985058, 0.0080100260675, -0.00371449394152, 0.0010176517535, 0.000189428523299, 0.000685813021846, -0.0037702077534, 0.00247254082933, -0.000574047560804], [-0.000150106396177, -0.00362154748291, 0.000467655685497, -0.000113203655928, 0.00233334861696, -0.00371449394152, 0.00954294297844, -0.00264029134996, 0.00398896168917, 0.00120614294428, -0.000529783894308, 0.000784950447269, 0.00195951364003], [-0.000689833250362, 0.00242031482048, -0.00122392899357, 0.000947415013798, -0.0013940744102, 0.0010176517535, -0.00264029134996, 0.0114961527288, -0.00329993315972, 0.00140320078935, 0.0026327103842, -0.00146401545499, -0.00106850068551], [-3.03084270854e-05, -0.00314609194174, 0.00180259218905, -0.00344989309087, 0.000253037724178, 0.000189428523299, 0.00398896168917, -0.00329993315972, 0.0112861096859, -0.00101615197491, -0.000454858440207, 0.000448889972176, 0.00330095272511], [-0.000721979595255, 0.000968876003753, -0.00265067396685, 0.000569176045246, -0.000697126961313, 0.000685813021846, 0.00120614294428, 0.00140320078935, -0.00101615197491, 0.0095387622714, -0.000906685658265, 0.00203394494019, 7.58125097491e-05], [0.000563898531254, -0.00329560250975, 0.00274932780303, -0.00347339129075, 0.00440761027858, -0.0037702077534, -0.000529783894308, 0.0026327103842, -0.000454858440207, -0.000906685658265, 0.0192653555423, -0.00737057253718, 0.00320324464701], [-0.000650510890409, 0.00285565643571, -0.00196667946875, 0.00244418764487, -0.00219165789895, 0.00247254082933, 0.000784950447269, -0.00146401545499, 0.000448889972176, 0.00203394494019, -0.00737057253718, 0.0141994794831, -0.00391854997724], [0.000204459574888, -0.00288816122338, 0.0026298975572, -0.00579735497013, 0.00293081370182, -0.000574047560804, 0.00195951364003, -0.00106850068551, 0.00330095272511, 7.58125097491e-05, 0.00320324464701, -0.00391854997724, 0.0210816059262]]
    },
    "melbands": {
        "dmean": [0.000892052892596, 0.00161238724831, 0.00109307095408, 0.000477182504255, 0.000352098635631, 0.000211580001633, 0.000154741472215, 0.000132259679958, 0.000344896776369, 0.000457762944279, 0.000345170759829, 0.000114457587188, 6.47848064546e-05, 7.02798715793e-05, 5.01591603097e-05, 3.98225020035e-05, 2.94464571198e-05, 9.61821206147e-06, 8.88330396265e-06, 8.97146128409e-06, 7.86292184785e-06, 7.65166350902e-06, 5.33126831215e-06, 4.11247765442e-06, 5.07511958858e-06, 2.3570751182e-06, 1.20624542888e-06, 1.26947281842e-06, 1.53539826897e-06, 1.26201621242e-06, 1.18181424114e-06, 1.17408274036e-06, 1.20770141621e-06, 8.28150064081e-07, 6.27748704574e-07, 8.23839172881e-07, 1.26890017782e-06, 5.56694942588e-07, 3.19261488357e-07, 3.61780877256e-07],
        "dmean2": [0.00147949333768, 0.00292707490735, 0.00204910617322, 0.000856089929584, 0.000630463240668, 0.000338625948643, 0.000242391528445, 0.000214539744775, 0.000546703406144, 0.000706506776623, 0.000527256692294, 0.000172918487806, 0.000101784695289, 0.000105346072814, 7.5014817412e-05, 5.99779341428e-05, 4.56495872641e-05, 1.52791217261e-05, 1.37074712256e-05, 1.33090425152e-05, 1.24239559227e-05, 1.10744722406e-05, 8.19355955173e-06, 6.31092188996e-06, 7.47619742469e-06, 3.69192639482e-06, 1.83386634944e-06, 1.9023149207e-06, 2.35750485444e-06, 1.89076388324e-06, 1.7518199229e-06, 1.84705902484e-06, 1.89391028016e-06, 1.31760975819e-06, 9.97083020593e-07, 1.36232324621e-06, 2.09153472497e-06, 8.51913171118e-07, 4.9238730071e-07, 5.84454141972e-07],
        "dvar": [2.66143888439e-06, 1.60234158102e-05, 6.49537378195e-06, 1.18381831271e-06, 6.68385496283e-07, 1.45177864397e-07, 8.76001777783e-08, 5.63591555647e-08, 4.74284860275e-07, 1.26347322293e-06, 6.37099788037e-07, 1.45782664163e-07, 5.36160129627e-08, 2.08204919971e-08, 1.04421751246e-08, 7.6607244992e-09, 3.00856206614e-09, 4.72343664182e-10, 3.57146756613e-10, 4.94455365541e-10, 2.63543215029e-10, 2.5617927224e-10, 1.08168682345e-10, 4.9883690928e-11, 9.24709128713e-11, 1.41193350414e-11, 3.1532042602e-12, 4.74766189903e-12, 7.03766732391e-12, 4.9320885917e-12, 3.70567248761e-12, 3.1632760647e-12, 4.3893972658e-12, 2.00277186328e-12, 1.70050627225e-12, 5.86330073035e-12, 1.81325388732e-11, 1.05544327618e-12, 2.80970667739e-13, 4.77587370692e-13],
        "dvar2": [6.99005067872e-06, 4.64202748844e-05, 1.89428046724e-05, 3.36892480846e-06, 1.86708052752e-06, 3.46033118603e-07, 2.09924479577e-07, 1.44445621686e-07, 1.06732704808e-06, 2.82902260551e-06, 1.34214405989e-06, 2.5646104973e-07, 1.24048327166e-07, 4.5032678031e-08, 2.19946443281e-08, 1.52372106044e-08, 6.66431487772e-09, 1.18808263228e-09, 7.13698822263e-10, 1.0884151358e-09, 6.79086953337e-10, 5.05705144427e-10, 2.25880619764e-10, 1.19807108678e-10, 1.79283587975e-10, 3.57958801489e-11, 7.30193336351e-12, 1.03117540548e-11, 1.47591782546e-11, 1.04595568318e-11, 7.62696676648e-12, 7.6174318589e-12, 1.05858915384e-11, 5.11015708915e-12, 4.38061436084e-12, 1.5848794499e-11, 4.89514019597e-11, 2.34829885572e-12, 6.07193332072e-13, 1.20619529989e-12],
        "max": [0.0120589500293, 0.0249148588628, 0.0160400066525, 0.0145604927093, 0.0100956941023, 0.00556095782667, 0.00503172911704, 0.00276448880322, 0.00813136436045, 0.0131527967751, 0.00978820864111, 0.00934424623847, 0.00589091703296, 0.00229637976736, 0.00140806625132, 0.0015875218669, 0.000553325866349, 0.000441362906713, 0.000377977354219, 0.000446259422461, 0.000288922688924, 0.000239857676206, 0.000258158514043, 0.000108613479824, 0.000135320980917, 5.70878437429e-05, 2.12438317249e-05, 2.66855058726e-05, 2.90157386189e-05, 2.78176648862e-05, 2.67947543762e-05, 1.78726349986e-05, 1.8963135517e-05, 1.21192952065e-05, 1.8402319256e-05, 2.82493147097e-05, 4.19059215346e-05, 1.00944480437e-05, 4.27318173024e-06, 6.02942918704e-06],
        "mean": [0.00153763801791, 0.00190465664491, 0.00115285615902, 0.000627549481578, 0.000408019986935, 0.000430700631114, 0.000352038361598, 0.000236879481236, 0.000481382798171, 0.000670566980261, 0.000804200593848, 0.000212455226574, 9.4901661214e-05, 0.000131080727442, 8.47946866998e-05, 6.25188768026e-05, 4.32948472735e-05, 1.40031961564e-05, 1.53533237608e-05, 1.63701570273e-05, 1.42302069435e-05, 1.44544255818e-05, 1.04246273622e-05, 8.67458220455e-06, 9.69433313003e-06, 3.55288443643e-06, 2.04180196306e-06, 2.11035353459e-06, 2.44508896685e-06, 1.93017308447e-06, 1.83088047834e-06, 1.77825677383e-06, 1.87856119283e-06, 1.12327222723e-06, 8.02796478183e-07, 9.9750411664e-07, 1.343305712e-06, 7.35267235541e-07, 4.30113431094e-07, 4.04905080131e-07],
        "median": [0.00111281173304, 0.00123343826272, 0.000726367055904, 0.000387279636925, 0.000196600216441, 0.000201109578484, 0.000169466657098, 0.000146993785165, 0.000117926414532, 0.000162722993991, 0.000102621525002, 5.22366717632e-05, 2.31474277825e-05, 5.11145808559e-05, 2.69202773779e-05, 1.31503202283e-05, 1.49532588694e-05, 6.29516353001e-06, 5.8138220993e-06, 4.41147221864e-06, 5.09370647706e-06, 4.68277221444e-06, 4.08653613704e-06, 3.13268651553e-06, 3.28621717927e-06, 2.03870149562e-06, 1.11255178581e-06, 8.95603875506e-07, 9.79673245638e-07, 8.16348176613e-07, 8.68662141329e-07, 8.45666761506e-07, 8.16689578187e-07, 5.23580013123e-07, 3.61644595159e-07, 3.69533921685e-07, 3.12510820777e-07, 2.87901684715e-07, 1.40109733593e-07, 1.07927100146e-07],
        "min": [3.39374146563e-08, 2.6529329844e-08, 7.1099032084e-07, 8.8300284915e-06, 2.39766973209e-06, 1.31542981308e-06, 1.70468308625e-06, 2.30200930673e-06, 4.24730643545e-07, 7.08176742137e-07, 2.16212654891e-07, 1.0310559162e-07, 1.89204349965e-08, 1.4781365465e-08, 7.14331926943e-09, 9.85802017794e-09, 1.27917179071e-08, 1.15813936219e-08, 1.09577111829e-08, 5.15676568114e-09, 3.90376797554e-09, 3.3473634975e-09, 7.19150605732e-09, 5.68169378212e-09, 1.23288597109e-08, 1.21388916696e-08, 1.23483729908e-08, 8.7695575246e-09, 1.92297711088e-09, 6.88091761347e-09, 5.53474110987e-09, 3.19163095952e-09, 1.06770980945e-09, 9.90211801444e-10, 2.48706499839e-10, 1.17036866309e-10, 3.03190417217e-10, 1.80863005128e-10, 1.07148725656e-11, 5.94978276716e-13],
