{
"highlevel": {
    "danceability": {
        "all": {
            "danceable": 0.989507257938,
            "not_danceable": 0.0104927364737
        },
        "probability": 0.989507257938,
        "value": "danceable"
    },
    "gender": {
        "all": {
            "female": 0.139054194093,
            "male": 0.860945820808
        },
        "probability": 0.860945820808,
        "value": "male"
    },
    "genre_dortmund": {
        "all": {
            "alternative": 0.0862730816007,
            "blues": 0.0304766241461,
            "electronic": 0.015725184232,
            "folkcountry": 0.0978141054511,
            "funksoulrnb": 0.0542910322547,
            "jazz": 0.0211777724326,
            "pop": 0.168562337756,
            "raphiphop": 0.0244059432298,
            "rock": 0.501273930073
        },
        "probability": 0.501273930073,
        "value": "rock"
    },
    "genre_electronic": {
        "all": {
            "ambient": 0.219343915582,
            "dnb": 0.211350515485,
            "house": 0.090465888381,
            "techno": 0.0335596166551,
            "trance": 0.445280075073
        },
        "probability": 0.445280075073,
        "value": "trance"
    },
    "genre_rosamerica": {
        "all": {
            "cla": 0.00396832590923,
            "dan": 0.0703645199537,
            "hip": 0.0281062480062,
            "jaz": 0.0054033594206,
            "pop": 0.306286036968,
            "rhy": 0.466030597687,
            "roc": 0.116508118808,
            "spe": 0.00333280279301
        },
        "probability": 0.466030597687,
        "value": "rhy"
    },
    "genre_tzanetakis": {
        "all": {
            "blu": 0.0626541376114,
            "cla": 0.0348133966327,
            "cou": 0.0783501937985,
            "dis": 0.104547761381,
            "hip": 0.15693578124,
            "jaz": 0.313987255096,
            "met": 0.044816005975,
            "pop": 0.0627349764109,
            "reg": 0.0627352520823,
            "roc": 0.0784252434969
        },
        "probability": 0.313987255096,
        "value": "jaz"
    },
    "ismir04_rhythm": {
        "all": {
            "ChaChaCha": 0.0424144007266,
            "Jive": 0.592163324356,
            "Quickstep": 0.0143014825881,
            "Rumba-American": 0.00442756479606,
            "Rumba-International": 0.00636993721128,
            "Rumba-Misc": 0.00179854780436,
            "Samba": 0.322189569473,
            "Tango": 0.000717783696018,
            "VienneseWaltz": 0.0145510351285,
            "Waltz": 0.00106635608245
        },
        "probability": 0.592163324356,
        "value": "Jive"
    },
    "mood_acoustic": {
        "all": {
            "acoustic": 0.0342105776072,
            "not_acoustic": 0.965789437294
        },
        "probability": 0.965789437294,
        "value": "not_acoustic"
    },
    "mood_aggressive": {
        "all": {
            "aggressive": 0.00448427535594,
            "not_aggressive": 0.995515704155
        },
        "probability": 0.995515704155,
        "value": "not_aggressive"
    },
    "mood_electronic": {
        "all": {
            "electronic": 0.1083670035,
            "not_electronic": 0.891632974148
        },
        "probability": 0.891632974148,
        "value": "not_electronic"
    },
    "mood_happy": {
        "all": {
            "happy": 0.824819684029,
            "not_happy": 0.175180345774
        },
        "probability": 0.824819684029,
        "value": "happy"
    },
    "mood_party": {
        "all": {
            "not_party": 0.544199407101,
            "party": 0.455800622702
        },
        "probability": 0.544199407101,
        "value": "not_party"
    },
    "mood_relaxed": {
        "all": {
            "not_relaxed": 0.882433116436,
            "relaxed": 0.117566876113
        },
        "probability": 0.882433116436,
        "value": "not_relaxed"
    },
    "mood_sad": {
        "all": {
            "not_sad": 0.878947377205,
            "sad": 0.121052637696
        },
        "probability": 0.878947377205,
        "value": "not_sad"
    },
    "moods_mirex": {
        "all": {
            "Cluster1": 0.16226567328,
            "Cluster2": 0.439272999763,
            "Cluster3": 0.0925109311938,
            "Cluster4": 0.198386460543,
            "Cluster5": 0.10756393522
        },
        "probability": 0.439272999763,
        "value": "Cluster2"
    },
    "timbre": {
        "all": {
            "bright": 0.989377200603,
            "dark": 0.0106228217483
        },
        "probability": 0.989377200603,
        "value": "bright"
    },
    "tonal_atonal": {
        "all": {
            "atonal": 0.0389479808509,
            "tonal": 0.961052000523
        },
        "probability": 0.961052000523,
        "value": "tonal"
    },
    "voice_instrumental": {
        "all": {
            "instrumental": 0.0110086016357,
            "voice": 0.988991379738
        },
        "probability": 0.988991379738,
        "value": "voice"
    }
},
"lowlevel": {
    "average_loudness": 0.975736737251,
    "barkbands_crest": {
        "dmean": 3.0069475174,
        "dmean2": 4.91280174255,
        "dvar": 6.82253694534,
        "dvar2": 18.4337902069,
        "max": 23.6207485199,
        "mean": 9.8102645874,
        "median": 9.03757953644,
        "min": 2.07389736176,
        "var": 17.2947311401
    },
    "barkbands_flatness_db": {
        "dmean": 0.0241634882987,
        "dmean2": 0.0364603772759,
        "dvar": 0.00049829838099,
        "dvar2": 0.00114924658556,
        "max": 0.349221974611,
        "mean": 0.130790635943,
        "median": 0.129012435675,
        "min": 0.0355606712401,
        "var": 0.00187295500655
    },
    "barkbands_kurtosis": {
        "dmean": 2.61906671524,
        "dmean2": 4.09960317612,
        "dvar": 29.1235485077,
        "dvar2": 67.3933639526,
        "max": 87.6232910156,
        "mean": 2.66243481636,
        "median": 0.754374980927,
        "min": -1.89257204533,
        "var": 45.0673484802
    },
    "barkbands_skewness": {
        "dmean": 0.61296415329,
        "dmean2": 0.910174429417,
        "dvar": 0.392896473408,
        "dvar2": 0.816050827503,
        "max": 7.32626771927,
        "mean": 1.03668642044,
        "median": 0.911950051785,
        "min": -4.33969449997,
        "var": 1.54155313969
    },
    "barkbands_spread": {
        "dmean": 8.9063873291,
        "dmean2": 13.0567121506,
        "dvar": 89.0737380981,
        "dvar2": 188.880325317,
        "max": 107.161399841,
        "mean": 31.1536369324,
        "median": 26.8132476807,
        "min": 1.58163297176,
        "var": 320.982879639
    },
    "dissonance": {
        "dmean": 0.0197603907436,
        "dmean2": 0.0326913334429,
        "dvar": 0.000410928623751,
        "dvar2": 0.00107994012069,
        "max": 0.500000178814,
        "mean": 0.466118514538,
        "median": 0.475204974413,
        "min": 0.280601382256,
        "var": 0.000862358079758
    },
    "dynamic_complexity": 2.61932754517,
    "erbbands_crest": {
        "dmean": 3.23990225792,
        "dmean2": 5.06479883194,
        "dvar": 10.07629776,
        "dvar2": 23.9544029236,
        "max": 28.9881496429,
        "mean": 10.65995121,
        "median": 9.40147590637,
        "min": 2.24571847916,
        "var": 34.4331359863
    },
    "erbbands_flatness_db": {
        "dmean": 0.0221168864518,
        "dmean2": 0.0307858530432,
        "dvar": 0.000396608607844,
        "dvar2": 0.000760769005865,
        "max": 0.306922614574,
        "mean": 0.14122185111,
        "median": 0.136457264423,
        "min": 0.0589933358133,
        "var": 0.00202411157079
    },
    "erbbands_kurtosis": {
        "dmean": 1.57741987705,
        "dmean2": 2.42411518097,
        "dvar": 5.25529909134,
        "dvar2": 12.5433292389,
        "max": 32.5590324402,
        "mean": 1.66221261024,
        "median": 0.462631225586,
        "min": -1.77493822575,
        "var": 13.1264486313
    },
    "erbbands_skewness": {
        "dmean": 0.481334209442,
        "dmean2": 0.698173046112,
        "dvar": 0.20823250711,
        "dvar2": 0.43318015337,
        "max": 4.31808280945,
        "mean": 0.386315941811,
        "median": 0.339197605848,
        "min": -3.70397734642,
        "var": 1.04888343811
    },
    "erbbands_spread": {
        "dmean": 12.356669426,
        "dmean2": 17.8523426056,
        "dvar": 183.749908447,
        "dvar2": 411.603118896,
        "max": 160.760971069,
        "mean": 42.7709503174,
        "median": 37.645690918,
        "min": 3.92220878601,
        "var": 677.077392578
    },
    "hfc": {
        "dmean": 11.8896226883,
        "dmean2": 16.1447467804,
        "dvar": 219.909637451,
        "dvar2": 408.399505615,
        "max": 179.498703003,
        "mean": 37.4034194946,
        "median": 31.3501930237,
        "min": 0.264631092548,
        "var": 773.474060059
    },
    "melbands_crest": {
        "dmean": 3.91961765289,
        "dmean2": 6.36436843872,
        "dvar": 12.3285570145,
        "dvar2": 33.7728042603,
        "max": 31.0025062561,
        "mean": 13.4129209518,
        "median": 12.8567504883,
        "min": 2.33098983765,
        "var": 23.9949302673
    },
    "melbands_flatness_db": {
        "dmean": 0.0289658699185,
        "dmean2": 0.0433145575225,
        "dvar": 0.000762655981816,
        "dvar2": 0.00177625438664,
        "max": 0.454351812601,
        "mean": 0.160142347217,
        "median": 0.161968365312,
        "min": 0.00844711437821,
        "var": 0.0037555352319
    },
    "melbands_kurtosis": {
        "dmean": 7.62781620026,
        "dmean2": 11.8866128922,
        "dvar": 215.323120117,
        "dvar2": 472.681304932,
        "max": 222.569763184,
        "mean": 11.7415161133,
        "median": 4.45113039017,
        "min": -1.84083724022,
        "var": 477.49230957
    },
    "melbands_skewness": {
        "dmean": 0.907007753849,
        "dmean2": 1.33804869652,
        "dvar": 0.86983704567,
        "dvar2": 2.00500965118,
        "max": 11.4864311218,
        "mean": 2.24276733398,
        "median": 1.79099965096,
        "min": -1.9004663229,
        "var": 3.64608073235
    },
    "melbands_spread": {
        "dmean": 12.6204185486,
        "dmean2": 19.1705417633,
        "dvar": 372.242340088,
        "dvar2": 703.845703125,
        "max": 255.12071228,
        "mean": 37.6680297852,
        "median": 28.9929389954,
        "min": 1.11399769783,
        "var": 1168.50927734
    },
    "pitch_salience": {
        "dmean": 0.0767239481211,
        "dmean2": 0.122962482274,
        "dvar": 0.00466602854431,
        "dvar2": 0.012392253615,
        "max": 0.83690816164,
        "mean": 0.540681779385,
        "median": 0.538779735565,
        "min": 0.174108862877,
        "var": 0.0140415439382
    },
    "silence_rate_20dB": {
        "dmean": 0,
        "dmean2": 0,
        "dvar": 0,
        "dvar2": 0,
        "max": 1,
        "mean": 1,
        "median": 1,
        "min": 1,
        "var": 0
    },
    "silence_rate_30dB": {
        "dmean": 0,
        "dmean2": 0,
        "dvar": 0,
        "dvar2": 0,
        "max": 1,
        "mean": 1,
        "median": 1,
        "min": 1,
        "var": 0
    },
    "silence_rate_60dB": {
        "dmean": 0.0232198145241,
        "dmean2": 0.0449264124036,
        "dvar": 0.0226809997112,
        "dvar2": 0.049104437232,
        "max": 1,
        "mean": 0.0324825979769,
        "median": 0,
        "min": 0,
        "var": 0.0314273014665
    },
    "spectral_centroid": {
        "dmean": 321.68447876,
        "dmean2": 460.112762451,
        "dvar": 123773.289062,
        "dvar2": 219096.734375,
        "max": 5253.12841797,
        "mean": 1673.29162598,
        "median": 1476.64611816,
        "min": 196.076644897,
        "var": 644580.125
    },
    "spectral_complexity": {
        "dmean": 4.69969034195,
        "dmean2": 6.55305957794,
        "dvar": 30.1374206543,
        "dvar2": 46.1650924683,
        "max": 65,
        "mean": 19.7416858673,
        "median": 18,
        "min": 0,
        "var": 139.891479492
    },
    "spectral_decrease": {
        "dmean": 2.58016408239e-09,
        "dmean2": 4.04241173868e-09,
        "dvar": 1.29267493062e-17,
        "dvar2": 3.45366930895e-17,
        "max": -2.05483390719e-11,
        "mean": -7.69067831641e-09,
        "median": -6.82432910182e-09,
        "min": -3.47896680353e-08,
        "var": 2.93651598998e-17
    },
    "spectral_energy": {
        "dmean": 0.0103513430804,
        "dmean2": 0.0159484781325,
        "dvar": 0.000194335152628,
        "dvar2": 0.000502746261191,
        "max": 0.134655207396,
        "mean": 0.0324190072715,
        "median": 0.0291889831424,
        "min": 0.000101557074231,
        "var": 0.000469204765977
    },
    "spectral_energyband_high": {
        "dmean": 0.000993301626295,
        "dmean2": 0.00130617304239,
        "dvar": 2.11779547499e-06,
        "dvar2": 3.70405700778e-06,
        "max": 0.0171425398439,
        "mean": 0.00234986655414,
        "median": 0.00126557960175,
        "min": 1.08415342766e-05,
        "var": 7.90878402768e-06
    },
    "spectral_energyband_low": {
        "dmean": 0.00596116855741,
        "dmean2": 0.0103953322396,
        "dvar": 0.000172933010617,
        "dvar2": 0.000507328193635,
        "max": 0.12011475116,
        "mean": 0.00930589903146,
        "median": 0.00574578205124,
        "min": 3.66106291949e-07,
        "var": 0.000172589687281
    },
    "spectral_energyband_middle_high": {
        "dmean": 0.00340154627338,
        "dmean2": 0.00495488150045,
        "dvar": 2.16029766307e-05,
        "dvar2": 4.61234558315e-05,
        "max": 0.0744026526809,
        "mean": 0.00958317425102,
        "median": 0.00587567593902,
        "min": 2.53385787801e-05,
        "var": 0.000116582559713
    },
    "spectral_energyband_middle_low": {
        "dmean": 0.00534661021084,
        "dmean2": 0.00796934589744,
        "dvar": 5.10547615704e-05,
        "dvar2": 0.000115994007501,
        "max": 0.0721689537168,
        "mean": 0.0122766681015,
        "median": 0.0100129581988,
        "min": 2.22763301281e-05,
        "var": 0.000110519409645
    },
    "spectral_entropy": {
        "dmean": 0.178022801876,
        "dmean2": 0.234378382564,
        "dvar": 0.0328918248415,
        "dvar2": 0.0579913333058,
        "max": 8.87409877777,
        "mean": 7.85355091095,
        "median": 7.86552238464,
        "min": 5.56999397278,
        "var": 0.163873746991
    },
    "spectral_flux": {
        "dmean": 0.0286060553044,
        "dmean2": 0.043223310262,
        "dvar": 0.000954254413955,
        "dvar2": 0.00213156780228,
        "max": 0.344511032104,
        "mean": 0.095161780715,
        "median": 0.0853479579091,
        "min": 0.00881410483271,
        "var": 0.0022766017355
    },
    "spectral_kurtosis": {
        "dmean": 0.849622249603,
        "dmean2": 1.3160712719,
        "dvar": 1.015625,
        "dvar2": 2.34399414062,
        "max": 22.3069114685,
        "mean": 2.41099405289,
        "median": 2.210709095,
        "min": -0.982449054718,
        "var": 2.62223339081
    },
    "spectral_rms": {
        "dmean": 0.000871080730576,
        "dmean2": 0.00128988095094,
        "dvar": 9.51249035097e-07,
        "dvar2": 2.21961636271e-06,
        "max": 0.0114617161453,
        "mean": 0.00527227623388,
        "median": 0.0053363898769,
        "min": 0.000314769888064,
        "var": 3.83137739846e-06
    },
    "spectral_rolloff": {
        "dmean": 894.630493164,
        "dmean2": 1401.40942383,
        "dvar": 1793800.375,
        "dvar2": 3502173.25,
        "max": 11714.0625,
        "mean": 2723.5012207,
        "median": 1636.5234375,
        "min": 129.19921875,
        "var": 6922084
    },
    "spectral_skewness": {
        "dmean": 0.170505836606,
        "dmean2": 0.24640968442,
        "dvar": 0.0285091213882,
        "dvar2": 0.0542955584824,
        "max": 3.85210251808,
        "mean": 1.27310848236,
        "median": 1.27964806557,
        "min": 0.0980765372515,
        "var": 0.127656191587
    },
    "spectral_spread": {
        "dmean": 749402.0625,
        "dmean2": 1046593.9375,
        "dvar": 653552320512,
        "dvar2": 1.21393473126e+12,
        "max": 13326246,
        "mean": 6091383,
        "median": 5917572,
        "min": 3059100,
        "var": 2.39940612915e+12
    },
    "spectral_strongpeak": {
        "dmean": 1.08497571945,
        "dmean2": 1.82663846016,
        "dvar": 2.48635530472,
        "dvar2": 6.10951423645,
        "max": 11.2385606766,
        "mean": 1.86577141285,
        "median": 0.703485488892,
        "min": 0.0259413309395,
        "var": 4.84269428253
    },
    "zerocrossingrate": {
        "dmean": 0.0197266377509,
        "dmean2": 0.0213561579585,
        "dvar": 0.000431670225225,
        "dvar2": 0.000479318667203,
        "max": 0.373046875,
        "mean": 0.104520887136,
        "median": 0.08349609375,
        "min": 0.00927734375,
        "var": 0.00399648724124
    },
    "barkbands": {
        "dmean": [0.000286682829028, 0.00440897559747, 0.00157515145838, 0.00162180233747, 0.00230105081573, 0.000958379765507, 0.000433871813584, 0.000352949980879, 0.00211534113623, 0.00109312287532, 0.000730820640456, 0.000584409863222, 0.000694944523275, 0.000875237281434, 0.000463017058792, 0.000275999802398, 0.000240421009948, 0.000164651399245, 0.000184658929356, 0.000177832189365, 0.000140664968058, 0.00024989710073, 0.000198869282031, 0.000265829090495, 0.000179992654012, 0.000138958959724, 4.82918416367e-08],
        "dmean2": [0.000471088802442, 0.00781621504575, 0.00269130547531, 0.00268400344066, 0.00354994949885, 0.00152840127703, 0.000695526541676, 0.000563810463063, 0.00324747757986, 0.00156293495093, 0.00107355567161, 0.00085529970238, 0.0010634950595, 0.00132563139778, 0.000749557337258, 0.000426764599979, 0.000395295821363, 0.000256183673628, 0.000295560836094, 0.000273117504548, 0.000209815683775, 0.000381987076253, 0.000287682196358, 0.000373081333237, 0.000252011785051, 0.000204232361284, 8.67277663019e-08],
        "dvar": [3.25291551917e-07, 9.75945440587e-05, 2.22858670895e-05, 8.74999932421e-06, 1.62688593264e-05, 2.92640879707e-06, 1.81067161975e-06, 1.14993861189e-06, 1.99768237508e-05, 1.10822193164e-05, 5.40187511433e-06, 1.53260737079e-06, 2.29168222177e-06, 3.5796042539e-06, 1.67901191617e-06, 3.82583465353e-07, 2.78823222288e-07, 7.04612830305e-08, 6.54880949469e-08, 8.5919424464e-08, 5.38580344767e-08, 1.2757618606e-07, 1.28128391452e-07, 1.57347813001e-07, 1.01651401962e-07, 3.47317694604e-08, 4.25832193942e-14],
        "dvar2": [8.04007697752e-07, 0.000291373842629, 6.57770651742e-05, 2.38041557168e-05, 3.89936758438e-05, 6.5326580625e-06, 3.60131684829e-06, 2.81865686702e-06, 4.76497916679e-05, 2.43372141995e-05, 1.20776985568e-05, 2.88607839138e-06, 5.26723397343e-06, 8.08759068605e-06, 3.99906002713e-06, 8.14965119389e-07, 7.48944955831e-07, 1.61490419259e-07, 1.60351248724e-07, 1.9179242372e-07, 1.0359158864e-07, 2.85547088197e-07, 2.68680395266e-07, 3.16138653034e-07, 1.98157067643e-07, 7.69086909713e-08, 1.17306839698e-13],
        "max": [0.00616508955136, 0.0679129138589, 0.0497454851866, 0.0278199780732, 0.0343114584684, 0.0201250165701, 0.0316671021283, 0.0192313827574, 0.0604991614819, 0.0709499642253, 0.0520038567483, 0.0225111618638, 0.0224425047636, 0.0285434853286, 0.0205173734576, 0.0122340414673, 0.00560962082818, 0.00251800124533, 0.00294701661915, 0.00331430509686, 0.00362501572818, 0.00428701937199, 0.00396793149412, 0.00475512910634, 0.00308529357426, 0.00199437094852, 2.75564525509e-06],
        "mean": [0.00048652201076, 0.0056453240104, 0.00225459551439, 0.00240854430012, 0.00357759185135, 0.00143164535984, 0.000632027105894, 0.000533409998752, 0.00337177538313, 0.00234935781918, 0.00171904591843, 0.000934245239478, 0.00117912993301, 0.00145150464959, 0.000601304112934, 0.000376227719244, 0.000318219477776, 0.00028593261959, 0.000323216227116, 0.000338100042427, 0.000311331852572, 0.000467200705316, 0.000367524422472, 0.00051197729772, 0.000335995864589, 0.000207229750231, 3.19886730438e-08],
        "median": [5.89581832173e-05, 0.00171226751991, 0.000986513798125, 0.00134234735742, 0.0022877517622, 0.00068512087455, 0.000272169709206, 0.000195828702999, 0.000885777408257, 0.000198517402168, 0.000218782151933, 0.000189890924958, 0.000306449393975, 0.000281068059849, 0.000162611861015, 0.000126888393424, 0.000152793087182, 0.000151787273353, 0.000205257296329, 0.000199301764951, 0.000180724280654, 0.000270030519459, 0.000158119626576, 0.000220283865929, 0.000114309477794, 0.000106354491436, 7.80686459922e-10],
        "min": [2.923994602e-09, 1.14801977702e-07, 6.8813816867e-09, 9.75240066481e-09, 4.99883810789e-07, 6.56688825984e-07, 8.13850306258e-07, 7.01511666534e-08, 3.71313859659e-07, 2.27898766525e-07, 3.87781199152e-07, 2.09192705825e-07, 1.42058013353e-06, 1.40041765917e-06, 9.65652702689e-07, 8.69045777563e-07, 2.06616931564e-07, 2.76002509736e-07, 5.25282018771e-07, 2.77847675534e-07, 8.54656150295e-08, 3.73992475033e-06, 8.61057642965e-08, 2.98905638374e-06, 6.08682437786e-09, 5.15579623439e-09, 8.09766663445e-12],
        "var": [7.14719647021e-07, 9.77478921413e-05, 1.66147674463e-05, 1.03427573777e-05, 2.08531746466e-05, 5.68880705032e-06, 2.58249428953e-06, 1.6081519334e-06, 3.56376622221e-05, 5.36429834028e-05, 3.42840357916e-05, 3.78308345717e-06, 5.47787703908e-06, 9.59967383096e-06, 2.68568669526e-06, 6.3934174932e-07, 2.87239913632e-07, 1.35624262043e-07, 1.24917903577e-07, 1.86695473303e-07, 1.66779358324e-07, 3.14111929356e-07, 3.07019291768e-07, 4.69684266591e-07, 2.63397510025e-07, 7.30232798674e-08, 2.74185716991e-14]
    },
    "erbbands": {
        "dmean": [0.157874971628, 0.900068700314, 1.68516969681, 3.35916113853, 10.293970108, 5.21506500244, 4.94861555099, 8.5237197876, 7.00398778915, 6.08136463165, 13.3233613968, 45.5942955017, 40.760635376, 26.9730091095, 28.0893745422, 20.6059589386, 30.5925807953, 33.094455719, 32.1367416382, 22.2754554749, 14.8921976089, 13.8379211426, 9.67968559265, 9.57158279419, 8.20560073853, 8.33249473572, 5.83082914352, 5.78033828735, 8.51558017731, 8.54297065735, 5.69968605042, 5.68933868408, 4.30334711075, 2.19694209099, 1.31750178337, 0.663338780403, 0.254954636097, 0.033349044621, 0.000549249234609, 2.9413804441e-05],
        "dmean2": [0.278209984303, 1.58226239681, 2.94210982323, 5.57982540131, 16.0617160797, 8.05532741547, 7.98645687103, 13.6996116638, 11.5340824127, 9.67520141602, 20.2726078033, 70.2914352417, 58.5700836182, 40.2283172607, 41.2272262573, 30.5538101196, 45.4524078369, 47.8116378784, 49.9317092896, 36.0626373291, 23.0312976837, 22.776473999, 15.1110010147, 15.2862443924, 12.466301918, 12.9507665634, 8.96012783051, 8.61564731598, 12.7142915726, 13.0174770355, 8.16742897034, 7.90500020981, 6.28463792801, 3.14649653435, 1.90738749504, 1.01023280621, 0.363715350628, 0.05025562644, 0.000809913442936, 4.07611223636e-05],
        "dvar": [0.114814333618, 5.1682267189, 30.5617923737, 35.4848175049, 414.611785889, 52.4836425781, 80.8001861572, 291.750976562, 558.642150879, 207.35710144, 1108.25634766, 9449.58105469, 11184.9384766, 5150.59716797, 6250.3359375, 1292.99719238, 4662.69775391, 5936.27294922, 5379.13183594, 3266.77099609, 1389.60754395, 1147.72009277, 254.96081543, 198.195724487, 132.936904907, 200.651885986, 75.7033004761, 115.814941406, 168.53704834, 150.132919312, 121.85433197, 90.6264724731, 40.1104278564, 15.8245620728, 5.51143169403, 1.16199791431, 0.110374264419, 0.00157401175238, 4.12889193058e-07, 1.14575371413e-09],
        "dvar2": [0.335238963366, 15.2468090057, 89.2987060547, 98.8191070557, 1024.96838379, 127.178398132, 195.937759399, 655.278320312, 1120.47912598, 473.58404541, 2378.79077148, 23553.2089844, 24291.0371094, 12940.8447266, 13592.0029297, 2695.85717773, 10948.7578125, 10065.9794922, 14107.0830078, 7464.00683594, 2877.89941406, 3126.90063477, 613.43951416, 465.117736816, 304.334136963, 431.326629639, 154.913208008, 236.081863403, 378.227813721, 348.20993042, 254.352874756, 195.495101929, 79.989402771, 31.4777965546, 11.8346815109, 2.75017023087, 0.228478699923, 0.00346201728098, 8.67815288075e-07, 1.95634708433e-09],
        "max": [2.84191274643, 18.6608772278, 61.4547348022, 42.2079200745, 182.109161377, 62.819732666, 123.419425964, 245.081542969, 571.105163574, 289.908172607, 605.04284668, 1327.13903809, 1652.69934082, 1100.04455566, 1597.1607666, 487.807830811, 1182.6373291, 1433.97546387, 1305.61743164, 940.556945801, 844.217163086, 392.852111816, 168.75138855, 129.660522461, 145.735015869, 171.238769531, 109.5809021, 154.191619873, 159.820632935, 160.351745605, 144.169723511, 114.310317993, 78.8817901611, 37.274307251, 25.9092388153, 12.5025653839, 2.92130589485, 0.281862795353, 0.00514865620062, 0.000361176033039],
        "mean": [0.209527373314, 1.08948945999, 2.42015647888, 5.50865030289, 13.8747625351, 9.51966094971, 8.05134391785, 12.2779006958, 9.37390899658, 9.74500751495, 26.1398906708, 71.7268218994, 75.7607192993, 60.3310127258, 62.1052284241, 37.0568809509, 57.1729927063, 55.9779510498, 52.1070556641, 30.9282398224, 20.9410915375, 18.5465297699, 16.5806064606, 16.3256244659, 16.3536224365, 16.1427631378, 12.5611925125, 12.4246101379, 15.9319038391, 15.08132267, 10.4427652359, 10.5610342026, 8.07143783569, 3.9775288105, 2.24749827385, 0.984653294086, 0.367225110531, 0.0445082932711, 0.00079589075176, 7.77618624852e-05],
        "median": [0.0473033674061, 0.350038051605, 1.18159234524, 3.41870450974, 7.80765914917, 6.62601232529, 5.06651496887, 5.18245220184, 3.48325181007, 4.37990140915, 8.1844997406, 20.655500412, 15.085562706, 10.3832149506, 12.3471775055, 12.5020647049, 16.5591049194, 18.1057872772, 13.8533039093, 9.94518852234, 7.26885128021, 8.70743656158, 9.43405628204, 9.75767230988, 10.5285205841, 9.54083442688, 7.68537855148, 6.47961902618, 9.3445520401, 8.66089344025, 3.77312397957, 4.06886434555, 3.76372122765, 1.3116440773, 0.804992616177, 0.367958456278, 0.181359753013, 0.023711187765, 0.000443196069682, 6.13439988228e-05],
        "min": [4.59620014226e-06, 2.52981553786e-05, 3.79511620849e-05, 7.88173056208e-05, 0.00164531695191, 0.0102161252871, 0.0215702075511, 0.0167644228786, 0.0156190097332, 0.0111857838929, 0.00278167123906, 0.00894313771278, 0.0135661372915, 0.0273282881826, 0.0221135392785, 0.0257002022117, 0.0651544928551, 0.0923223569989, 0.129609674215, 0.0529213733971, 0.0476875863969, 0.022873910144, 0.0129954889417, 0.020080588758, 0.015041846782, 0.0151287941262, 0.00723053235561, 0.0224531237036, 0.128439128399, 0.0496777668595, 0.00439872220159, 0.0392191782594, 0.056891810149, 0.0029412235599, 0.000183650598046, 6.18818958174e-05, 0.000316311954521, 4.01855941163e-05, 4.67082327305e-06, 5.2395040484e-07],
        "var": [0.12952812016, 4.51370000839, 21.3377437592, 44.5158157349, 443.665588379, 104.999435425, 121.207580566, 543.021972656, 736.669494629, 374.438140869, 3585.64892578, 17014.1757812, 33464.640625, 19130.5820312, 31464.7167969, 3428.80615234, 12031.4433594, 15220.1542969, 12296.0048828, 5750.796875, 2397.29394531, 1090.63305664, 428.957458496, 360.346923828, 321.806091309, 429.725738525, 220.813278198, 324.022705078, 400.627990723, 358.836608887, 278.222473145, 236.986633301, 111.586463928, 39.13697052, 12.5402851105, 2.27222633362, 0.224587276578, 0.00271204276942, 8.07728042673e-07, 3.31345662019e-09]
    },
    "gfcc": {
        "mean": [38.5437698364, 44.9006080627, -107.937545776, 27.6217670441, -65.1477355957, 24.6105918884, -39.6390457153, 9.1806936264, -31.8661956787, 2.98598098755, -23.9492969513, 1.22945725918, -15.6538724899],
        "cov": [[2779.4777832, 500.410400391, 213.470153809, 190.513183594, 235.563522339, 340.833557129, 248.493331909, 166.644226074, -5.8371295929, 24.5836086273, -53.6528282166, -47.4593849182, -64.4238891602], [500.410400391, 1812.86535645, 234.267272949, 249.948410034, 399.173095703, 147.28666687, 412.44708252, -2.79536747932, 86.2144241333, -79.3995285034, 122.347885132, -100.14680481, 18.013212204], [213.470153809, 234.267272949, 869.19909668, 529.839538574, 167.074295044, 102.259651184, 38.3168945312, 58.6558265686, -4.78257131577, -32.0807723999, -53.3854980469, -30.2246551514, -54.3911018372], [190.513183594, 249.948410034, 529.839538574, 683.425720215, 189.913360596, 71.6727294922, -8.06488704681, 38.4134483337, 9.5311498642, -70.6992034912, -34.8210105896, -84.1598205566, -0.776609838009], [235.563522339, 399.173095703, 167.074295044, 189.913360596, 306.870574951, 120.180366516, 107.8697052, 7.27247667313, 18.7692508698, -4.16216993332, 2.92337870598, -8.58303260803, -5.90490102768], [340.833557129, 147.28666687, 102.259651184, 71.6727294922, 120.180366516, 258.976745605, 159.615936279, 18.0831928253, -37.1229133606, 1.90715360641, 30.8544082642, -10.210436821, -16.5550689697], [248.493331909, 412.44708252, 38.3168945312, -8.06488704681, 107.8697052, 159.615936279, 296.163696289, 47.3095321655, -15.6871480942, -12.0594139099, 53.6425056458, -1.16906142235, -26.2608985901], [166.644226074, -2.79536747932, 58.6558265686, 38.4134483337, 7.27247667313, 18.0831928253, 47.3095321655, 150.341217041, 52.5224876404, 21.4847202301, -10.9902982712, -5.92948913574, -0.982644498348], [-5.8371295929, 86.2144241333, -4.78257131577, 9.5311498642, 18.7692508698, -37.1229133606, -15.6871480942, 52.5224876404, 156.712753296, 51.3200340271, 21.6326522827, 0.621500015259, 23.5221977234], [24.5836086273, -79.3995285034, -32.0807723999, -70.6992034912, -4.16216993332, 1.90715360641, -12.0594139099, 21.4847202301, 51.3200340271, 129.686630249, 51.257358551, 34.3065452576, -1.26860821247], [-53.6528282166, 122.347885132, -53.3854980469, -34.8210105896, 2.92337870598, 30.8544082642, 53.6425056458, -10.9902982712, 21.6326522827, 51.257358551, 127.680885315, 48.1300926208, 12.4406852722], [-47.4593849182, -100.14680481, -30.2246551514, -84.1598205566, -8.58303260803, -10.210436821, -1.16906142235, -5.92948913574, 0.621500015259, 34.3065452576, 48.1300926208, 111.114067078, 35.3286972046], [-64.4238891602, 18.013212204, -54.3911018372, -0.776609838009, -5.90490102768, -16.5550689697, -26.2608985901, -0.982644498348, 23.5221977234, -1.26860821247, 12.4406852722, 35.3286972046, 91.7631225586]],
        "icov": [[0.000552785291802, -0.000407863321016, 0.000301606458379, -0.000310641684337, 0.000361795711797, -0.00100564130116, 0.000403106125304, -0.000602069485467, 0.000139373645652, -0.000537490705028, 0.0011559498962, -0.000955212279223, 0.00076294853352], [-0.000407863321016, 0.00237867305987, -0.00112988136243, 0.0010269312188, -0.00262541160919, 0.00262188352644, -0.00298139196821, 0.00134799582884, -0.000878926424775, 0.00183120532893, -0.00387001596391, 0.00456694327295, -0.00293200090528], [0.000301606458379, -0.00112988136243, 0.0034051227849, -0.00303648528643, 0.00157357158605, -0.00188522727694, 0.000925199710764, -0.000739129958674, 6.55850453768e-05, -0.00151765148621, 0.00377745158039, -0.00468884967268, 0.00369946542196], [-0.000310641684337, 0.0010269312188, -0.00303648528643, 0.00506917899475, -0.00309571344405, 0.00132465246134, 0.000499666086398, -0.000493668252602, 0.000143449564348, 0.00284732994623, -0.00454599549994, 0.00592073565349, -0.00365968770348], [0.000361795711797, -0.00262541160919, 0.00157357158605, -0.00309571344405, 0.00856859609485, -0.00441170064732, 0.00123883131891, 0.000389013905078, -0.00084944779519, -0.00292064715177, 0.00641806842759, -0.00690596969798, 0.00375608145259], [-0.00100564130116, 0.00262188352644, -0.00188522727694, 0.00132465246134, -0.00441170064732, 0.0106730191037, -0.00615416141227, 0.00160726509057, 0.00150738097727, 0.000756633002311, -0.00579797988757, 0.0068328846246, -0.00464982399717], [0.000403106125304, -0.00298139196821, 0.000925199710764, 0.000499666086398, 0.00123883131891, -0.00615416141227, 0.0111217778176, -0.00462058000267, 0.00163372745737, 0.000917252153158, 0.000534029561095, -0.00453067757189, 0.00478949351236], [-0.000602069485467, 0.00134799582884, -0.000739129958674, -0.000493668252602, 0.000389013905078, 0.00160726509057, -0.00462058000267, 0.0106905465946, -0.00405781483278, -0.000983597943559, 0.00118167418987, 0.00144092657138, -0.0017108283937], [0.000139373645652, -0.000878926424775, 6.55850453768e-05, 0.000143449564348, -0.00084944779519, 0.00150738097727, 0.00163372745737, -0.00405781483278, 0.0106139509007, -0.0039419545792, -0.00100482394919, 0.00159161956981, -0.0022999306675], [-0.000537490705028, 0.00183120532893, -0.00151765148621, 0.00284732994623, -0.00292064715177, 0.000756633002311, 0.000917252153158, -0.000983597943559, -0.0039419545792, 0.0145892417058, -0.00841234344989, 0.00208309595473, 0.000138905801577], [0.0011559498962, -0.00387001596391, 0.00377745158039, -0.00454599549994, 0.00641806842759, -0.00579797988757, 0.000534029561095, 0.00118167418987, -0.00100482394919, -0.00841234344989, 0.0217797588557, -0.0140910772607, 0.00591781083494], [-0.000955212279223, 0.00456694327295, -0.00468884967268, 0.00592073565349, -0.00690596969798, 0.0068328846246, -0.00453067757189, 0.00144092657138, 0.00159161956981, 0.00208309595473, -0.0140910772607, 0.025670427829, -0.0131409782916], [0.00076294853352, -0.00293200090528, 0.00369946542196, -0.00365968770348, 0.00375608145259, -0.00464982399717, 0.00478949351236, -0.0017108283937, -0.0022999306675, 0.000138905801577, 0.00591781083494, -0.0131409782916, 0.0197742488235]]
    },
    "melbands": {
        "dmean": [0.00129578378983, 0.000956984411459, 0.000782861956395, 0.000575693848077, 0.000169512844877, 0.000188639547559, 0.000100026001746, 6.3729537942e-05, 0.000149811443407, 0.000298881350318, 0.000210253536352, 0.000120415934362, 0.000110753586341, 6.03268490522e-05, 7.08957450115e-05, 6.63576938678e-05, 6.46751141176e-05, 6.21144354227e-05, 3.868499698e-05, 2.02050287044e-05, 1.8481787265e-05, 1.43611177919e-05, 1.19963442557e-05, 8.91332638275e-06, 8.28317752166e-06, 6.98808753441e-06, 6.83597045281e-06, 5.47607805856e-06, 3.88160106013e-06, 3.95093775296e-06, 3.63054982699e-06, 4.72673127661e-06, 5.89643514104e-06, 4.51705500382e-06, 3.39473353961e-06, 3.27683869727e-06, 3.92713081965e-06, 4.00706085202e-06, 2.09002587326e-06, 1.8893114202e-06],
        "dmean2": [0.00228903116658, 0.00165841262788, 0.00125666277017, 0.00089042406762, 0.000267011724645, 0.000301383028273, 0.000163216405781, 0.000101870893559, 0.000229758472415, 0.000459999660961, 0.000300688465359, 0.000178193717147, 0.000163170261658, 8.65678812261e-05, 0.000107342792035, 9.81772391242e-05, 9.48229717324e-05, 9.64446808212e-05, 6.36031109025e-05, 3.22607702401e-05, 2.85017813439e-05, 2.37469757849e-05, 1.941116534e-05, 1.42383350976e-05, 1.34037809403e-05, 1.12359302875e-05, 1.03916436274e-05, 8.64744924911e-06, 6.23551704848e-06, 5.98150745645e-06, 5.506902653e-06, 7.22525692254e-06, 9.04941862245e-06, 7.0325827437e-06, 4.95948415846e-06, 4.81677125208e-06, 5.70038082515e-06, 5.9692169998e-06, 3.02940520669e-06, 2.76038554148e-06],
        "dvar": [7.65842014516e-06, 8.28896372695e-06, 1.97990948436e-06, 1.02457693174e-06, 7.11289374067e-08, 1.31106546064e-07, 9.94482505234e-08, 2.59792010127e-08, 1.21789838659e-07, 4.28643829764e-07, 3.03325975892e-07, 1.19369758522e-07, 1.24896232023e-07, 2.38260611241e-08, 1.83929191877e-08, 2.63832973246e-08, 1.98152800834e-08, 2.52312126747e-08, 1.61402287091e-08, 2.11551065554e-09, 2.63141131107e-09, 1.19349441441e-09, 5.32595190172e-10, 2.17661902391e-10, 1.44349948661e-10, 1.02604105767e-10, 1.06280428902e-10, 8.98102842095e-11, 3.83147472083e-11, 3.41812099458e-11, 4.98159187512e-11, 5.39592814874e-11, 6.94985805016e-11, 4.81278107645e-11, 4.39437063127e-11, 3.82870540827e-11, 4.22687058965e-11, 2.96531237065e-11, 1.47709136589e-11, 1.23445455247e-11],
        "dvar2": [2.2879894459e-05, 2.39886794589e-05, 5.34884793524e-06, 2.46894910561e-06, 1.72363144202e-07, 2.92755487408e-07, 2.02953629014e-07, 6.30586924899e-08, 2.56512890928e-07, 1.05960157271e-06, 6.52126232126e-07, 2.94942083201e-07, 2.72858301287e-07, 4.19238297411e-08, 3.95538748421e-08, 5.4720842968e-08, 3.55407969721e-08, 6.58575345369e-08, 3.96888992782e-08, 4.56159021667e-09, 5.17016429669e-09, 3.19624837708e-09, 1.39204325844e-09, 5.35746558228e-10, 3.45952405612e-10, 2.61739518947e-10, 2.43569858727e-10, 1.93446966779e-10, 9.0507698558e-11, 6.8797974262e-11, 1.12886172632e-10, 1.19863965975e-10, 1.69419325791e-10, 1.15828770186e-10, 9.63226165496e-11, 7.27771523601e-11, 1.00763931921e-10, 6.43991873717e-11, 3.04992663069e-11, 2.57697717332e-11],
        "max": [0.0214253515005, 0.0310122389346, 0.012196357362, 0.00851608719677, 0.00333925080486, 0.00486121606082, 0.00738570746034, 0.0027200402692, 0.00685024634004, 0.00800025928766, 0.00930877495557, 0.00565531523898, 0.007580276113, 0.00309189129621, 0.00177125073969, 0.00261291791685, 0.0024173008278, 0.00295538082719, 0.00208529108204, 0.000837944447994, 0.00107733963523, 0.000375213276129, 0.000299498089589, 0.000135475696879, 0.000104884784378, 0.000124782003695, 0.000127834442537, 0.00011961688142, 7.40501782275e-05, 7.55548899178e-05, 9.8271339084e-05, 8.15428647911e-05, 0.000114727721666, 8.35441751406e-05, 8.79591316334e-05, 9.032827802e-05, 8.71505835676e-05, 6.43929379294e-05, 4.31495827797e-05, 3.58728320862e-05],
        "mean": [0.00171566929203, 0.0013315344695, 0.00126045872457, 0.000892003299668, 0.000296210055239, 0.000277650833596, 0.000136744900374, 9.71676490735e-05, 0.000297395366943, 0.000445088633569, 0.000392095680581, 0.00026687674108, 0.000257445703028, 8.98321522982e-05, 0.000136113361805, 0.000109688706289, 0.000106940606202, 0.000100954617665, 4.81315692014e-05, 2.82337732642e-05, 2.39780274569e-05, 1.82584244612e-05, 1.7099930119e-05, 1.4276127331e-05, 1.29484578792e-05, 1.22147648653e-05, 1.24186472021e-05, 9.99888379738e-06, 7.56190411266e-06, 7.73151441535e-06, 6.95651078786e-06, 8.52940502227e-06, 9.80633649306e-06, 7.64809919929e-06, 5.8355017245e-06, 5.78487788516e-06, 6.8022927735e-06, 6.7076821324e-06, 3.71269470634e-06, 3.14830890602e-06],
        "median": [0.000463821110316, 0.000677139789332, 0.00083624816034, 0.000589279690757, 0.000198886045837, 0.000127357096062, 5.48197567696e-05, 4.38572824351e-05, 7.24037672626e-05, 0.000117908057291, 5.35876606591e-05, 3.49691435986e-05, 3.75386334781e-05, 2.03079453058e-05, 2.80793974525e-05, 2.56054318015e-05, 2.42736878135e-05, 1.9198985683e-05, 1.17974077511e-05, 9.42736096476e-06, 7.67712117522e-06, 7.96533913672e-06, 8.50903234095e-06, 7.07745266482e-06, 7.63949174143e-06, 7.66755783843e-06, 7.49559876567e-06, 5.72124099563e-06, 4.31785974797e-06, 4.38343795395e-06, 3.42798512065e-06, 4.97927521792e-06, 5.39414031664e-06, 4.17868704972e-06, 2.02815317607e-06, 1.85373482964e-06, 2.88744854515e-06, 3.55092174686e-06, 1.1476237205e-06, 1.01880527836e-06],
        "min": [2.5811333515e-08, 5.10037061474e-08, 2.97024627116e-08, 6.12470003603e-08, 9.84094299383e-07, 4.25718894803e-07, 2.04287715633e-07, 4.05244087176e-08, 2.1848812537e-08, 5.90122439803e-08, 6.81876386466e-08, 9.7881752481e-08, 6.79046436858e-08, 1.52512829033e-08, 1.2580082398e-07, 1.34222844395e-07, 1.33048246198e-07, 1.5448439683e-07, 6.83140584101e-08, 4.72666883411e-08, 5.52530536879e-08, 1.46929730604e-08, 9.89953186092e-09, 1.62191113873e-08, 1.53794825763e-08, 1.63817137633e-08, 9.15843134663e-09, 1.00540118453e-08, 4.80571138439e-09, 2.61265675761e-09, 1.1744255346e-08, 6.7641600765e-08, 5.4289486684e-08, 1.42353462351e-08, 3.09656883468e-10, 8.93175880479e-11, 3.26482592072e-08, 3.83096221412e-08, 3.18444021152e-10, 1.89049253682e-12],
