{
"highlevel": {
    "danceability": {
        "all": {
            "danceable": 0.997757673264,
            "not_danceable": 0.00224233884364
        },
        "probability": 0.997757673264,
        "value": "danceable"
    },
    "gender": {
        "all": {
            "female": 0.996452391148,
            "male": 0.00354760396294
        },
        "probability": 0.996452391148,
        "value": "female"
    },
    "genre_dortmund": {
        "all": {
            "alternative": 0.0353551506996,
            "blues": 0.117985650897,
            "electronic": 0.0835545733571,
            "folkcountry": 0.0579751580954,
            "funksoulrnb": 0.0768487676978,
            "jazz": 0.129948213696,
            "pop": 0.196640402079,
            "raphiphop": 0.265355557203,
            "rock": 0.0363365188241
        },
        "probability": 0.265355557203,
        "value": "raphiphop"
    },
    "genre_electronic": {
        "all": {
            "ambient": 0.358580559492,
            "dnb": 0.130698204041,
            "house": 0.388430088758,
            "techno": 0.0235562119633,
            "trance": 0.0987349227071
        },
        "probability": 0.388430088758,
        "value": "house"
    },
    "genre_rosamerica": {
        "all": {
            "cla": 0.00695138098672,
            "dan": 0.125312104821,
            "hip": 0.0890411734581,
            "jaz": 0.00994085893035,
            "pop": 0.319802522659,
            "rhy": 0.428533315659,
            "roc": 0.0139610888436,
            "spe": 0.00645754300058
        },
        "probability": 0.428533315659,
        "value": "rhy"
    },
    "genre_tzanetakis": {
        "all": {
            "blu": 0.0626613423228,
            "cla": 0.0348169617355,
            "cou": 0.104475811124,
            "dis": 0.0784321576357,
            "hip": 0.15692435205,
            "jaz": 0.313974827528,
            "met": 0.0448166541755,
            "pop": 0.0627359300852,
            "reg": 0.0627360641956,
            "roc": 0.0784258767962
        },
        "probability": 0.313974827528,
        "value": "jaz"
    },
    "ismir04_rhythm": {
        "all": {
            "ChaChaCha": 0.0913693234324,
            "Jive": 0.0694532543421,
            "Quickstep": 0.0492424555123,
            "Rumba-American": 0.0183155443519,
            "Rumba-International": 0.328439384699,
            "Rumba-Misc": 0.02225179784,
            "Samba": 0.34678965807,
            "Tango": 0.00808722898364,
            "VienneseWaltz": 0.0469213165343,
            "Waltz": 0.0191300306469
        },
        "probability": 0.34678965807,
        "value": "Samba"
    },
    "mood_acoustic": {
        "all": {
            "acoustic": 0.0789962187409,
            "not_acoustic": 0.921003758907
        },
        "probability": 0.921003758907,
        "value": "not_acoustic"
    },
    "mood_aggressive": {
        "all": {
            "aggressive": 0.143166095018,
            "not_aggressive": 0.856833875179
        },
        "probability": 0.856833875179,
        "value": "not_aggressive"
    },
    "mood_electronic": {
        "all": {
            "electronic": 0.592325091362,
            "not_electronic": 0.40767493844
        },
        "probability": 0.592325091362,
        "value": "electronic"
    },
    "mood_happy": {
        "all": {
            "happy": 0.834309875965,
            "not_happy": 0.165690094233
        },
        "probability": 0.834309875965,
        "value": "happy"
    },
    "mood_party": {
        "all": {
            "not_party": 0.60078316927,
            "party": 0.39921683073
        },
        "probability": 0.60078316927,
        "value": "not_party"
    },
    "mood_relaxed": {
        "all": {
            "not_relaxed": 0.223589852452,
            "relaxed": 0.776410162449
        },
        "probability": 0.776410162449,
        "value": "relaxed"
    },
    "mood_sad": {
        "all": {
            "not_sad": 0.589122116566,
            "sad": 0.410877913237
        },
        "probability": 0.589122116566,
        "value": "not_sad"
    },
    "moods_mirex": {
        "all": {
            "Cluster1": 0.163989245892,
            "Cluster2": 0.380484521389,
            "Cluster3": 0.143233433366,
            "Cluster4": 0.250642776489,
            "Cluster5": 0.0616500228643
        },
        "probability": 0.380484521389,
        "value": "Cluster2"
    },
    "timbre": {
        "all": {
            "bright": 0.986580848694,
            "dark": 0.0134191606194
        },
        "probability": 0.986580848694,
        "value": "bright"
    },
    "tonal_atonal": {
        "all": {
            "atonal": 0.769279658794,
            "tonal": 0.230720311403
        },
        "probability": 0.769279658794,
        "value": "atonal"
    },
    "voice_instrumental": {
        "all": {
            "instrumental": 0.00858934875578,
            "voice": 0.991410672665
        },
        "probability": 0.991410672665,
        "value": "voice"
    }
},
"lowlevel": {
    "average_loudness": 0.974006354809,
    "barkbands_crest": {
        "dmean": 3.27001833916,
        "dmean2": 5.10152053833,
        "dvar": 9.45614433289,
        "dvar2": 22.0957221985,
        "max": 26.3634738922,
        "mean": 14.1926116943,
        "median": 13.8822202682,
        "min": 2.77653980255,
        "var": 29.8841533661
    },
    "barkbands_flatness_db": {
        "dmean": 0.0361395925283,
        "dmean2": 0.050944853574,
        "dvar": 0.00126101798378,
        "dvar2": 0.00258402037434,
        "max": 0.460764706135,
        "mean": 0.193470612168,
        "median": 0.190159648657,
        "min": 0.0446398369968,
        "var": 0.00399267021567
    },
    "barkbands_kurtosis": {
        "dmean": 7.67637014389,
        "dmean2": 12.1375684738,
        "dvar": 465.312805176,
        "dvar2": 958.22869873,
        "max": 439.76739502,
        "mean": 10.5004911423,
        "median": 3.86128139496,
        "min": -1.8555945158,
        "var": 631.54095459
    },
    "barkbands_skewness": {
        "dmean": 0.914439380169,
        "dmean2": 1.38349986076,
        "dvar": 1.44580733776,
        "dvar2": 3.04907083511,
        "max": 18.3958892822,
        "mean": 2.29687356949,
        "median": 1.90766775608,
        "min": -1.43452954292,
        "var": 3.5304543972
    },
    "barkbands_spread": {
        "dmean": 6.36022520065,
        "dmean2": 9.7974615097,
        "dvar": 59.2887420654,
        "dvar2": 134.011383057,
        "max": 84.9226760864,
        "mean": 18.5174617767,
        "median": 15.9620113373,
        "min": 0.287493288517,
        "var": 155.13571167
    },
    "dissonance": {
        "dmean": 0.0253502391279,
        "dmean2": 0.0412409193814,
        "dvar": 0.000515663996339,
        "dvar2": 0.00135142845102,
        "max": 0.499899744987,
        "mean": 0.448637247086,
        "median": 0.455547809601,
        "min": 0.299174755812,
        "var": 0.00105572969187
    },
    "dynamic_complexity": 2.58550071716,
    "erbbands_crest": {
        "dmean": 3.38701653481,
        "dmean2": 5.35429906845,
        "dvar": 9.42986774445,
        "dvar2": 23.4160900116,
        "max": 29.5427703857,
        "mean": 10.7356748581,
        "median": 9.71786594391,
        "min": 3.10443997383,
        "var": 21.3746967316
    },
    "erbbands_flatness_db": {
        "dmean": 0.0243906341493,
        "dmean2": 0.0337564051151,
        "dvar": 0.000543440633919,
        "dvar2": 0.000993406050839,
        "max": 0.356939971447,
        "mean": 0.17765532434,
        "median": 0.176448717713,
        "min": 0.0785992145538,
        "var": 0.00191549840383
    },
    "erbbands_kurtosis": {
        "dmean": 1.54714787006,
        "dmean2": 2.43860983849,
        "dvar": 7.23418474197,
        "dvar2": 19.457988739,
        "max": 53.3517532349,
        "mean": 1.23644804955,
        "median": 0.496200084686,
        "min": -1.68839263916,
        "var": 9.93504810333
    },
    "erbbands_skewness": {
        "dmean": 0.491812646389,
        "dmean2": 0.754602253437,
        "dvar": 0.2486628443,
        "dvar2": 0.60554933548,
        "max": 5.49669933319,
        "mean": 0.597344100475,
        "median": 0.593122243881,
        "min": -2.59505534172,
        "var": 0.747568011284
    },
    "erbbands_spread": {
        "dmean": 10.4923143387,
        "dmean2": 15.6240968704,
        "dvar": 133.508026123,
        "dvar2": 293.665313721,
        "max": 147.26373291,
        "mean": 37.7025108337,
        "median": 34.2389144897,
        "min": 3.40390872955,
        "var": 369.683776855
    },
    "hfc": {
        "dmean": 9.46543884277,
        "dmean2": 14.132437706,
        "dvar": 176.550628662,
        "dvar2": 411.190490723,
        "max": 114.075462341,
        "mean": 19.9395370483,
        "median": 16.1772403717,
        "min": 0.0710999071598,
        "var": 292.636230469
    },
    "melbands_crest": {
        "dmean": 3.91664147377,
        "dmean2": 5.97307348251,
        "dvar": 15.2341690063,
        "dvar2": 34.3675346375,
        "max": 37.8472213745,
        "mean": 19.9179172516,
        "median": 20.1259021759,
        "min": 3.96850419044,
        "var": 55.3605117798
    },
    "melbands_flatness_db": {
        "dmean": 0.0414434857666,
        "dmean2": 0.058737244457,
        "dvar": 0.00174537370913,
        "dvar2": 0.00358812790364,
        "max": 0.570673108101,
        "mean": 0.249860584736,
        "median": 0.244257748127,
        "min": 0.0422297157347,
        "var": 0.00686920015141
    },
    "melbands_kurtosis": {
        "dmean": 15.8143310547,
        "dmean2": 24.9960517883,
        "dvar": 1193.66809082,
        "dvar2": 2624.94213867,
        "max": 456.28326416,
        "mean": 24.296667099,
        "median": 11.2594766617,
        "min": -1.31790888309,
        "var": 1799.97705078
    },
    "melbands_skewness": {
        "dmean": 1.20742726326,
        "dmean2": 1.81717503071,
        "dvar": 2.09046649933,
        "dvar2": 4.48889398575,
        "max": 18.7434959412,
        "mean": 3.38273119926,
        "median": 2.82431745529,
        "min": -0.62228924036,
        "var": 5.5806350708
    },
    "melbands_spread": {
        "dmean": 7.50629329681,
        "dmean2": 11.6924371719,
        "dvar": 102.584159851,
        "dvar2": 244.292755127,
        "max": 96.8767471313,
        "mean": 18.6470012665,
        "median": 14.7424669266,
        "min": 0.317705482244,
        "var": 255.554107666
    },
    "pitch_salience": {
        "dmean": 0.0910037755966,
        "dmean2": 0.140099093318,
        "dvar": 0.00780647899956,
        "dvar2": 0.0186874698848,
        "max": 0.859227657318,
        "mean": 0.451066762209,
        "median": 0.451584041119,
        "min": 0.0255941413343,
        "var": 0.024105284363
    },
    "silence_rate_20dB": {
        "dmean": 0,
        "dmean2": 0,
        "dvar": 0,
        "dvar2": 0,
        "max": 1,
        "mean": 1,
        "median": 1,
        "min": 1,
        "var": 0
    },
    "silence_rate_30dB": {
        "dmean": 0.0061919502914,
        "dmean2": 0.0123934932053,
        "dvar": 0.00615349505097,
        "dvar2": 0.0168880280107,
        "max": 1,
        "mean": 0.996133029461,
        "median": 1,
        "min": 0,
        "var": 0.00385202490725
    },
    "silence_rate_60dB": {
        "dmean": 0.0325077399611,
        "dmean2": 0.0650658383965,
        "dvar": 0.031450919807,
        "dvar2": 0.068578787148,
        "max": 1,
        "mean": 0.0626450106502,
        "median": 0,
        "min": 0,
        "var": 0.0587210617959
    },
    "spectral_centroid": {
        "dmean": 327.749725342,
        "dmean2": 479.026916504,
        "dvar": 143935.890625,
        "dvar2": 319611.6875,
        "max": 4542.92724609,
        "mean": 1334.90014648,
        "median": 1184.07116699,
        "min": 205.402664185,
        "var": 456702.40625
    },
    "spectral_complexity": {
        "dmean": 5.02244567871,
        "dmean2": 7.23315238953,
        "dvar": 37.0389404297,
        "dvar2": 75.9851989746,
        "max": 58,
        "mean": 15.0580043793,
        "median": 14,
        "min": 0,
        "var": 85.9850845337
    },
    "spectral_decrease": {
        "dmean": 3.44935791041e-09,
        "dmean2": 5.32006838583e-09,
        "dvar": 2.04004990214e-17,
        "dvar2": 4.72341735725e-17,
        "max": -2.14395150938e-11,
        "mean": -9.78102043803e-09,
        "median": -9.89218484904e-09,
        "min": -4.70760319615e-08,
        "var": 4.83469961942e-17
    },
    "spectral_energy": {
        "dmean": 0.0135898469016,
        "dmean2": 0.0207754187286,
        "dvar": 0.000308248098008,
        "dvar2": 0.000710921012796,
        "max": 0.180814400315,
        "mean": 0.0387243553996,
        "median": 0.0390769541264,
        "min": 8.92984753591e-05,
        "var": 0.000731700740289
    },
    "spectral_energyband_high": {
        "dmean": 0.000579425075557,
        "dmean2": 0.00086836644914,
        "dvar": 9.37959896419e-07,
        "dvar2": 2.0980357931e-06,
        "max": 0.0112687470391,
        "mean": 0.000867135007866,
        "median": 0.00048040683032,
        "min": 1.10807206966e-06,
        "var": 1.5462248939e-06
    },
    "spectral_energyband_low": {
        "dmean": 0.00846170075238,
        "dmean2": 0.0137986140326,
        "dvar": 0.000188162666745,
        "dvar2": 0.000452292937553,
        "max": 0.154661238194,
        "mean": 0.0217573642731,
        "median": 0.021410100162,
        "min": 1.53491697574e-07,
        "var": 0.000477403926197
    },
    "spectral_energyband_middle_high": {
        "dmean": 0.00251478492282,
        "dmean2": 0.00386203196831,
        "dvar": 1.32440691232e-05,
        "dvar2": 3.20176368405e-05,
        "max": 0.0293488539755,
        "mean": 0.00432082172483,
        "median": 0.00261117191985,
        "min": 1.53036253323e-05,
        "var": 2.22615453822e-05
    },
    "spectral_energyband_middle_low": {
        "dmean": 0.00708052190021,
        "dmean2": 0.0107095884159,
        "dvar": 0.000145085185068,
        "dvar2": 0.000350550049916,
        "max": 0.0997120141983,
        "mean": 0.0127886645496,
        "median": 0.00858431775123,
        "min": 4.12215340475e-05,
        "var": 0.000200964394026
    },
    "spectral_entropy": {
        "dmean": 0.247993215919,
        "dmean2": 0.340142220259,
        "dvar": 0.0592498965561,
        "dvar2": 0.117374069989,
        "max": 8.83754634857,
        "mean": 7.35427093506,
        "median": 7.34840869904,
        "min": 5.84466934204,
        "var": 0.175325423479
    },
    "spectral_flux": {
        "dmean": 0.0387309119105,
        "dmean2": 0.0592901743948,
        "dvar": 0.00176924932748,
        "dvar2": 0.00364767573774,
        "max": 0.359501183033,
        "mean": 0.0931542515755,
        "median": 0.0821965262294,
        "min": 0.00531037710607,
        "var": 0.00356011185795
    },
    "spectral_kurtosis": {
        "dmean": 1.78445935249,
        "dmean2": 2.71377658844,
        "dvar": 4.4764008522,
        "dvar2": 10.3105125427,
        "max": 33.129776001,
        "mean": 4.74849128723,
        "median": 4.12498092651,
        "min": -1.12770807743,
        "var": 9.0522403717
    },
    "spectral_rms": {
        "dmean": 0.00107321026735,
        "dmean2": 0.00156803743448,
        "dvar": 1.55743373398e-06,
        "dvar2": 3.18824186252e-06,
        "max": 0.013281728141,
        "mean": 0.00565552758053,
        "median": 0.0061744521372,
        "min": 0.00029516176437,
        "var": 5.79488551011e-06
    },
    "spectral_rolloff": {
        "dmean": 478.197570801,
        "dmean2": 815.044616699,
        "dvar": 746267.5625,
        "dvar2": 1634427.5,
        "max": 9345.41015625,
        "mean": 1159.74462891,
        "median": 732.12890625,
        "min": 43.06640625,
        "var": 1596965.375
    },
    "spectral_skewness": {
        "dmean": 0.281814068556,
        "dmean2": 0.402151376009,
        "dvar": 0.0808169543743,
        "dvar2": 0.165940567851,
        "max": 4.40940093994,
        "mean": 1.68803870678,
        "median": 1.63109886646,
        "min": -0.192446455359,
        "var": 0.25656080246
    },
    "spectral_spread": {
        "dmean": 737859.8125,
        "dmean2": 1099844.375,
        "dvar": 771791192064,
        "dvar2": 1.61083044659e+12,
        "max": 13307491,
        "mean": 4908045.5,
        "median": 4649820,
        "min": 1640708.5,
        "var": 1.96672631603e+12
    },
    "spectral_strongpeak": {
        "dmean": 0.417182803154,
        "dmean2": 0.708716452122,
        "dvar": 0.684165120125,
        "dvar2": 1.7615878582,
        "max": 8.34290790558,
        "mean": 0.779774785042,
        "median": 0.492168426514,
        "min": 0,
        "var": 0.740617692471
    },
    "zerocrossingrate": {
        "dmean": 0.0115173151717,
        "dmean2": 0.0125583969057,
        "dvar": 0.000134578775032,
        "dvar2": 0.000138889023219,
        "max": 0.26806640625,
        "mean": 0.0502351894975,
        "median": 0.04248046875,
        "min": 0.00146484375,
        "var": 0.00112744839862
    },
    "barkbands": {
        "dmean": [0.000380079174647, 0.00762154208496, 0.00143069203477, 0.00131595926359, 0.00307702412829, 0.00124714232516, 0.000545937684365, 0.000846187409479, 0.00201106327586, 0.000826885574497, 0.000439437077148, 0.000541547429748, 0.000302400178043, 0.000516406202223, 0.000307566107949, 0.000297102960758, 0.000209110599826, 0.000254588027019, 0.000257916923147, 0.000164859637152, 0.0001962735696, 6.75985284033e-05, 7.44437420508e-05, 9.70531909843e-05, 0.000125760328956, 2.51854999078e-05, 2.33772041724e-07],
        "dmean2": [0.000588296155911, 0.0123371137306, 0.00247784191743, 0.00192849978339, 0.00483970623463, 0.001925150631, 0.000870510935783, 0.00125021615531, 0.00318045425229, 0.00133774324786, 0.00069875252666, 0.000826687784865, 0.000483116251417, 0.000847056333441, 0.000479497335618, 0.000495554937515, 0.000341751030646, 0.000425819045631, 0.000417515810113, 0.000260249100393, 0.000292818149319, 0.000106207313365, 0.00011874390475, 0.000151390500832, 0.000197851288249, 4.21439362981e-05, 4.07155766879e-07],
        "dvar": [4.6707373258e-07, 0.000152291162522, 1.60295185196e-05, 2.00149988814e-05, 7.49795217416e-05, 3.97151825382e-06, 1.10594385205e-06, 2.80070821645e-06, 1.5920451915e-05, 4.26881706517e-06, 1.76661637852e-06, 1.86184536233e-06, 6.99342763255e-07, 1.36127971473e-06, 4.1811708229e-07, 4.94814287322e-07, 1.63257510621e-07, 3.12884367304e-07, 2.44043718567e-07, 7.36042693461e-08, 9.71000844174e-08, 2.15319584385e-08, 5.61345814276e-08, 4.16728198616e-08, 5.36928439487e-08, 5.22198817521e-09, 6.61258049185e-13],
        "dvar2": [8.85754218416e-07, 0.000374041293981, 4.13844754803e-05, 5.13646991749e-05, 0.000182675226824, 9.52651498665e-06, 2.67632503892e-06, 6.38459505353e-06, 3.71614332835e-05, 1.03032270999e-05, 3.84059558201e-06, 4.45773821411e-06, 1.74271337983e-06, 3.5940242924e-06, 8.87299790975e-07, 1.31676938508e-06, 4.27804536685e-07, 8.51336494634e-07, 6.32724379557e-07, 1.93200136778e-07, 2.24314632646e-07, 5.37923767752e-08, 1.3103981189e-07, 9.88442252492e-08, 1.19329257586e-07, 1.40861917686e-08, 1.75993442909e-12],
        "max": [0.0134483473375, 0.134753406048, 0.0408547259867, 0.0558820813894, 0.0810170248151, 0.033170003444, 0.0138952406123, 0.0208676084876, 0.0412266738713, 0.0253983642906, 0.0161663983017, 0.0191891044378, 0.0118934502825, 0.0102088041604, 0.00894221942872, 0.00672443863004, 0.00355658726767, 0.00480595976114, 0.00565278250724, 0.00295641249977, 0.00407440913841, 0.00155801023357, 0.00358623685315, 0.00331463245675, 0.00319119240157, 0.000945363717619, 9.025377949e-06],
        "mean": [0.00099964463152, 0.0184234585613, 0.00143150798976, 0.00164278538432, 0.00316170370206, 0.00245890207589, 0.000903896638192, 0.00146883237176, 0.00273903901689, 0.000898882746696, 0.00047198147513, 0.000721092394087, 0.000328861089656, 0.00055112503469, 0.000360804930096, 0.000310231815092, 0.000253351056017, 0.000289693591185, 0.000341623876011, 0.000223655224545, 0.000283625297016, 7.23902776372e-05, 7.63625939726e-05, 0.000118895695778, 0.00016759976279, 2.42110945692e-05, 1.65254533613e-07],
        "median": [0.000239404384047, 0.0157931204885, 6.95201961207e-05, 3.5488850699e-05, 0.000452004285762, 0.00150321330875, 0.00025925936643, 0.000539599568583, 0.000613634183537, 0.000205210948479, 9.51408655965e-05, 0.000156212947331, 8.23281443445e-05, 0.000119879128761, 7.57445886848e-05, 7.45276265661e-05, 8.30690842122e-05, 6.81848323438e-05, 0.000134690490086, 0.000106466606667, 0.000126782993902, 1.1339611774e-05, 7.0210053309e-06, 3.5545668652e-05, 7.05353231751e-05, 6.67199856252e-06, 1.14546927499e-09],
        "min": [3.52456686059e-09, 9.5621368601e-09, 6.09133243845e-10, 1.56952193464e-08, 1.6413114281e-06, 2.43916429099e-06, 3.31570532808e-07, 1.03294689779e-06, 1.05499725578e-06, 6.03223156759e-07, 5.69862493194e-07, 8.02467866379e-07, 3.38349195772e-07, 6.30878218999e-07, 4.2228964503e-07, 5.31321006747e-07, 1.6779699763e-07, 1.99757337782e-07, 2.69426124078e-07, 2.63715548954e-07, 1.70166643443e-07, 2.81088148313e-08, 3.82205778138e-09, 1.18565788298e-08, 5.40939559812e-09, 3.98477995392e-12, 5.81993351081e-12],
        "var": [2.71948670161e-06, 0.000367529835785, 1.45844669532e-05, 2.61056338786e-05, 7.39961615182e-05, 8.27082203614e-06, 2.34175831793e-06, 5.37780124432e-06, 2.38731827267e-05, 4.4812923079e-06, 2.21558480007e-06, 2.54754240814e-06, 7.54798122671e-07, 1.32437969569e-06, 6.32735122963e-07, 5.01580302625e-07, 1.9448988553e-07, 3.26708033072e-07, 3.57473112444e-07, 9.53896872602e-08, 1.5829283484e-07, 2.74594924576e-08, 8.517515937e-08, 6.64882904289e-08, 9.16935363193e-08, 4.17068912739e-09, 4.54629579425e-13]
    },
    "erbbands": {
        "dmean": [0.277617484331, 1.50670051575, 1.5306135416, 3.21784830093, 7.8562912941, 11.054110527, 8.86546897888, 10.0551805496, 6.29033994675, 11.163599968, 23.6554737091, 40.8966674805, 41.834487915, 18.6706829071, 18.2009735107, 21.8191776276, 12.9724493027, 25.1071453094, 17.7894306183, 17.3078460693, 13.2079668045, 10.6483592987, 13.2472743988, 12.4929437637, 11.8797302246, 7.2328248024, 8.94041538239, 5.87554788589, 2.63081121445, 2.0426800251, 2.03094100952, 1.62094187737, 2.01100349426, 1.70681583881, 0.746155619621, 0.197263881564, 0.0291703436524, 0.00207782816142, 7.74374420871e-05, 2.13958155655e-05],
        "dmean2": [0.438246458769, 2.47019076347, 2.61132121086, 5.04325246811, 12.6233711243, 17.2922096252, 14.5441474915, 15.2674369812, 10.1820373535, 16.6167926788, 36.0241165161, 63.7833061218, 66.9015045166, 29.282951355, 28.3416595459, 34.0203094482, 20.3207015991, 39.9277992249, 29.3343696594, 27.2106285095, 21.4462623596, 17.7040500641, 22.3826217651, 20.2686576843, 19.2633171082, 11.3241615295, 13.6345643997, 9.02819252014, 4.12431097031, 3.32577323914, 3.20276379585, 2.56796360016, 3.1632270813, 2.68365907669, 1.17910265923, 0.318791121244, 0.0496290773153, 0.00363843049854, 0.000127998995595, 3.29344220518e-05],
        "dvar": [0.198192223907, 6.67673969269, 15.5380830765, 111.931404114, 470.254058838, 1151.74328613, 250.007263184, 353.46697998, 160.002441406, 479.518341064, 2605.12646484, 8829.66796875, 12779.1748047, 2305.94067383, 2412.77758789, 3562.52172852, 1223.67797852, 3224.50024414, 1305.08410645, 1412.07409668, 804.310974121, 533.108642578, 963.589599609, 597.204162598, 502.642303467, 142.091720581, 209.11946106, 98.5442733765, 34.5030250549, 32.6354293823, 47.5035896301, 19.2331447601, 16.944196701, 9.62346744537, 2.14222812653, 0.270061939955, 0.00809867680073, 5.17189037055e-05, 4.35398312959e-08, 1.11183717788e-09],
        "dvar2": [0.469788461924, 16.9323310852, 40.2693557739, 297.522949219, 1242.01062012, 2648.35449219, 654.851318359, 817.299560547, 407.22366333, 1045.390625, 6361.23876953, 20273.1953125, 31817.5273438, 5663.64550781, 5223.63867188, 8611.81152344, 2832.51660156, 8193.6171875, 3332.93481445, 3326.57666016, 2151.78857422, 1462.28820801, 2691.49462891, 1584.97680664, 1301.37365723, 358.716766357, 484.250183105, 231.076873779, 88.8373260498, 79.4515304565, 108.771362305, 42.6256408691, 41.7412338257, 22.3069801331, 4.73328590393, 0.710928678513, 0.022092897445, 0.000144855279359, 1.14010546781e-07, 2.68556976657e-09],
        "max": [3.86552643776, 32.2331314087, 36.7669067383, 140.063690186, 150.653366089, 338.279846191, 243.931045532, 401.785125732, 224.235229492, 346.245574951, 655.610351562, 1262.62939453, 1537.29821777, 652.921203613, 629.659973145, 937.417358398, 655.100219727, 580.180847168, 304.312011719, 462.654663086, 443.174682617, 219.014831543, 265.713256836, 225.314743042, 359.067810059, 117.397087097, 210.604171753, 99.5007781982, 63.0481567383, 86.2942504883, 104.973709106, 78.7420272827, 55.0776023865, 45.4628639221, 24.9039554596, 6.4128074646, 1.2310769558, 0.0752733200788, 0.00213502719998, 0.000351712369593],
        "mean": [0.747174620628, 3.26031160355, 2.04448843002, 4.29700231552, 7.46479558945, 11.6712150574, 14.9058456421, 19.9044303894, 9.98365306854, 21.2737064362, 39.7857437134, 54.5444297791, 55.2337303162, 23.0484714508, 23.5992355347, 27.9964981079, 15.6902065277, 27.5049095154, 20.7171535492, 19.8767051697, 15.6481428146, 12.9661626816, 15.390622139, 16.4674243927, 15.9704084396, 10.3324985504, 13.5114364624, 7.98961496353, 2.8535592556, 2.06068992615, 2.13599181175, 1.84007620811, 2.50935840607, 2.23056316376, 0.955293536186, 0.212238892913, 0.0266751982272, 0.00170924456324, 8.7451080617e-05, 5.18452579854e-05],
        "median": [0.661732494831, 1.89168584347, 0.497789382935, 0.196837306023, 0.266227811575, 1.52081227303, 7.72823667526, 11.2688884735, 5.33861303329, 6.69822692871, 15.3450860977, 15.7018194199, 10.2889175415, 6.65498876572, 7.41753101349, 6.58663225174, 4.76506328583, 6.08125066757, 5.35372161865, 4.40898036957, 5.32756137848, 4.69986200333, 4.06939840317, 5.24052762985, 6.46343421936, 5.15351247787, 6.33985853195, 3.28403186798, 0.579159021378, 0.196252167225, 0.226481258869, 0.360224992037, 0.77784204483, 0.84492623806, 0.393352419138, 0.0704727098346, 0.00698697660118, 0.00032450343133, 3.62925202353e-05, 4.78466317873e-05],
        "min": [2.22091125579e-06, 2.5300444122e-06, 3.28054011334e-05, 8.53093879414e-05, 0.000866815214977, 0.00645193737, 0.0181808620691, 0.0253601316363, 0.00674486206844, 0.00927118305117, 0.0391851738095, 0.036050491035, 0.0105657661334, 0.0290869455785, 0.0222923289984, 0.0466420464218, 0.0426067262888, 0.039532918483, 0.0266579668969, 0.0198192801327, 0.0359277315438, 0.00967714283615, 0.014180473052, 0.0167846567929, 0.0180577635765, 0.0159341599792, 0.00907319970429, 0.00640597939491, 0.00161614327226, 0.000424578523962, 0.000212709448533, 9.08819711185e-05, 0.00056606635917, 0.000387469102861, 1.21773691717e-05, 1.56181636157e-06, 2.06105724487e-07, 4.64219169771e-08, 5.43567217903e-08, 1.07750729228e-07],
        "var": [0.582959055901, 14.4993009567, 15.1626939774, 141.462142944, 412.178985596, 1219.17382812, 447.733428955, 681.214599609, 243.977020264, 1291.71801758, 4156.92089844, 11597.3603516, 15726.6748047, 2569.81640625, 3087.65332031, 4257.87597656, 1515.56445312, 3338.43652344, 1550.33691406, 1970.60522461, 1012.28808594, 538.022399902, 921.728759766, 734.225708008, 791.249267578, 188.054824829, 353.772399902, 143.246414185, 38.3773727417, 42.7979393005, 73.116355896, 33.2136726379, 23.5296955109, 15.5545186996, 3.62488698959, 0.253139734268, 0.00587857794017, 3.37373639923e-05, 3.48242821246e-08, 1.67339986312e-09]
    },
    "gfcc": {
        "mean": [-20.0278816223, 87.0320663452, -121.396942139, 23.802904129, -67.3254547119, 12.2758026123, -38.4865150452, 26.4690074921, -28.6475372314, 16.1285858154, -6.45141077042, -4.91071605682, 10.2931365967],
        "cov": [[5520.3125, -443.044647217, 602.786376953, 597.70703125, 316.551269531, 549.948547363, 311.547393799, 502.400970459, -16.1334438324, 160.880218506, -269.652679443, 25.6289253235, -201.266067505], [-443.044647217, 1529.63647461, 460.768951416, 207.606430054, 552.151245117, 334.772003174, 449.524963379, 3.561221838, 381.497802734, 54.3333778381, 226.186096191, -58.615650177, 113.759346008], [602.786376953, 460.768951416, 1119.54614258, 512.422485352, 434.294311523, 407.939575195, 294.540344238, 233.421783447, 235.341064453, 57.2208595276, 74.5091247559, 107.681419373, -55.3004188538], [597.70703125, 207.606430054, 512.422485352, 738.279052734, 343.002075195, 155.692733765, 242.068328857, 177.221572876, 215.483352661, -50.7004356384, 73.2494277954, 72.8195648193, -20.7441520691], [316.551269531, 552.151245117, 434.294311523, 343.002075195, 638.622680664, 400.873535156, 387.663879395, 239.610397339, 242.332382202, 143.620330811, 122.231292725, 34.7589988708, 93.7939605713], [549.948547363, 334.772003174, 407.939575195, 155.692733765, 400.873535156, 680.904846191, 436.24206543, 167.47845459, 202.026428223, 167.47227478, 81.2018890381, 15.5988502502, 27.6678848267], [311.547393799, 449.524963379, 294.540344238, 242.068328857, 387.663879395, 436.24206543, 543.62677002, 227.578323364, 228.576187134, 154.000961304, 137.473464966, 33.2902412415, 75.1918029785], [502.400970459, 3.561221838, 233.421783447, 177.221572876, 239.610397339, 167.47845459, 227.578323364, 452.692871094, 160.515884399, 134.477279663, 98.1462860107, 52.0327606201, 98.7578811646], [-16.1334438324, 381.497802734, 235.341064453, 215.483352661, 242.332382202, 202.026428223, 228.576187134, 160.515884399, 382.456085205, 91.4606933594, 129.604812622, 71.3450698853, 48.0140914917], [160.880218506, 54.3333778381, 57.2208595276, -50.7004356384, 143.620330811, 167.47227478, 154.000961304, 134.477279663, 91.4606933594, 262.711456299, 78.127784729, 14.8768396378, 90.9422073364], [-269.652679443, 226.186096191, 74.5091247559, 73.2494277954, 122.231292725, 81.2018890381, 137.473464966, 98.1462860107, 129.604812622, 78.127784729, 216.592956543, 45.6461105347, 78.0162734985], [25.6289253235, -58.615650177, 107.681419373, 72.8195648193, 34.7589988708, 15.5988502502, 33.2902412415, 52.0327606201, 71.3450698853, 14.8768396378, 45.6461105347, 156.502975464, -3.02936387062], [-201.266067505, 113.759346008, -55.3004188538, -20.7441520691, 93.7939605713, 27.6678848267, 75.1918029785, 98.7578811646, 48.0140914917, 90.9422073364, 78.0162734985, -3.02936387062, 207.886444092]],
        "icov": [[0.000327743793605, -0.000155921545229, 0.000152845765115, -0.000469200516818, 0.0002348771377, -0.000403021229431, 0.000215890569962, -0.000543020141777, 0.000381151854526, -0.000461612566141, 0.000639638921712, -0.000185084893019, 0.00039517719415], [-0.000155921545229, 0.00277273380198, -0.00134395866189, 0.001800288097, -0.00217018113472, 0.00167126976885, -0.00216758949682, 0.00234025483951, -0.00235707755201, 0.0019079913618, -0.00177406368311, 0.00254062050954, -0.00100462581031], [0.000152845765115, -0.00134395866189, 0.00250414642505, -0.00185620749835, 0.0006056028069, -0.00176281237509, 0.00164265593048, -0.00159259745851, 0.00121487118304, -0.00113226973917, 0.000959278258961, -0.00186691491399, 0.00131566729397], [-0.000469200516818, 0.001800288097, -0.00185620749835, 0.00455534644425, -0.00257677934133, 0.00237916363403, -0.00242980872281, 0.00167130050249, -0.00247994228266, 0.00319933751598, -0.00176342390478, 0.00153242330998, -0.000690487853717], [0.0002348771377, -0.00217018113472, 0.0006056028069, -0.00257677934133, 0.00583036942407, -0.00241830898449, 0.000886294757947, -0.00217928714119, 0.00154048448894, -0.00218905648217, 0.00155635899864, -0.00154037261382, -0.000279725383734], [-0.000403021229431, 0.00167126976885, -0.00176281237509, 0.00237916363403, -0.00241830898449, 0.00543187279254, -0.00404757261276, 0.00222163973376, -0.00199416675605, 0.000797816785052, -0.000988368992694, 0.00203260267153, -0.000247414573096], [0.000215890569962, -0.00216758949682, 0.00164265593048, -0.00242980872281, 0.000886294757947, -0.00404757261276, 0.00734002050012, -0.0027136914432, 0.00149344676174, -0.00212092814036, 0.000360258942237, -0.00186847615987, 0.000783249677625], [-0.000543020141777, 0.00234025483951, -0.00159259745851, 0.00167130050249, -0.00217928714119, 0.00222163973376, -0.0027136914432, 0.00602374458686, -0.00258920551278, 0.00102181429975, -0.002118852688, 0.00177766289562, -0.0022836769931], [0.000381151854526, -0.00235707755201, 0.00121487118304, -0.00247994228266, 0.00154048448894, -0.00199416675605, 0.00149344676174, -0.00258920551278, 0.00673493742943, -0.00235098716803, 0.00050956744235, -0.00319902505726, 0.00122987024952], [-0.000461612566141, 0.0019079913618, -0.00113226973917, 0.00319933751598, -0.00218905648217, 0.000797816785052, -0.00212092814036, 0.00102181429975, -0.00235098716803, 0.00827527418733, -0.00246841227636, 0.00155659229495, -0.00243784557097], [0.000639638921712, -0.00177406368311, 0.000959278258961, -0.00176342390478, 0.00155635899864, -0.000988368992694, 0.000360258942237, -0.002118852688, 0.00050956744235, -0.00246841227636, 0.00914732273668, -0.0029040472582, -0.000538108346518], [-0.000185084893019, 0.00254062050954, -0.00186691491399, 0.00153242330998, -0.00154037261382, 0.00203260267153, -0.00186847615987, 0.00177766289562, -0.00319902505726, 0.00155659229495, -0.0029040472582, 0.0100393071771, -0.000363339146134], [0.00039517719415, -0.00100462581031, 0.00131566729397, -0.000690487853717, -0.000279725383734, -0.000247414573096, 0.000783249677625, -0.0022836769931, 0.00122987024952, -0.00243784557097, -0.000538108346518, -0.000363339146134, 0.00796351302415]]
    },
    "melbands": {
        "dmean": [0.00229381932877, 0.00111750664655, 0.000623259635177, 0.000780241331086, 0.000305864174152, 0.000223772978643, 0.000100000426755, 0.000123115474707, 0.000211116115679, 0.000275984173641, 0.000203198374948, 7.71548511693e-05, 6.62596066832e-05, 6.50587317068e-05, 3.699654917e-05, 3.57083263225e-05, 4.78646288684e-05, 3.09281640511e-05, 2.47590123763e-05, 2.22987437155e-05, 1.58342099894e-05, 1.02535441329e-05, 1.45034400703e-05, 1.21895927805e-05, 1.03501115518e-05, 1.02440171759e-05, 6.89091393724e-06, 4.73232603326e-06, 5.97775124334e-06, 5.43206942893e-06, 2.75749198408e-06, 1.67724363109e-06, 9.82143774308e-07, 1.24053383388e-06, 1.19327000903e-06, 1.11000565539e-06, 9.71589201981e-07, 1.40714291774e-06, 1.50714981828e-06, 1.49318009335e-06],
        "dmean2": [0.00369140761904, 0.00188573717605, 0.00100463361014, 0.00121715990826, 0.000502173614223, 0.000339260557666, 0.000161274103448, 0.000181319221156, 0.000326445122482, 0.000434176210547, 0.000326843321091, 0.00012217713811, 0.000104190468846, 9.8787531897e-05, 5.93570803176e-05, 5.62708228244e-05, 7.74347281549e-05, 5.2384519222e-05, 3.79217563022e-05, 3.72750946553e-05, 2.52740828728e-05, 1.69548002305e-05, 2.47780881182e-05, 2.04491461773e-05, 1.69400882442e-05, 1.63225304277e-05, 1.11987974378e-05, 7.53660833652e-06, 9.33025967242e-06, 8.2347278294e-06, 4.33397690358e-06, 2.71208136837e-06, 1.54874044256e-06, 2.0987224616e-06, 1.897617949e-06, 1.79626943009e-06, 1.58925740834e-06, 2.22197854782e-06, 2.40690519604e-06, 2.35762081502e-06],
        "dvar": [1.33480989462e-05, 4.94443565913e-06, 3.77982746613e-06, 5.28273767486e-06, 3.35281242769e-07, 1.54178664502e-07, 3.60305278946e-08, 4.80408068881e-08, 2.16783817564e-07, 3.64530308161e-07, 3.08449557451e-07, 4.53960744551e-08, 3.87875829233e-08, 2.47340921078e-08, 1.1665463262e-08, 8.3328250966e-09, 1.23570353949e-08, 5.33346744547e-09, 3.61810048588e-09, 3.22678483933e-09, 1.12406572939e-09, 4.55278814648e-10, 1.27545995987e-09, 8.17353185134e-10, 4.18592299711e-10, 3.95661114982e-10, 1.78927206385e-10, 5.82714640429e-11, 8.93399798585e-11, 9.38903885195e-11, 2.33399046617e-11, 1.5503209827e-11, 5.29596809115e-12, 1.52345792231e-11, 1.72089512779e-11, 1.49805914201e-11, 6.91206510431e-12, 9.37942692264e-12, 7.17604708295e-12, 8.00078579777e-12],
        "dvar2": [3.19863829645e-05, 1.24456364574e-05, 1.02493686427e-05, 1.28531301016e-05, 8.35559205825e-07, 3.5516629282e-07, 9.24130034718e-08, 1.03028902743e-07, 5.44073486708e-07, 8.45963199936e-07, 7.64924322993e-07, 1.13302178306e-07, 8.24602821581e-08, 5.98838667543e-08, 2.86444645781e-08, 2.11416750773e-08, 3.19669659632e-08, 1.42375835566e-08, 7.4975705644e-09, 8.2834574755e-09, 2.96896840446e-09, 1.21263821207e-09, 3.40899330986e-09, 2.28482099907e-09, 1.0966731967e-09, 9.47275036189e-10, 4.97574592639e-10, 1.41873901516e-10, 2.08043748895e-10, 2.23139132172e-10, 5.52691087341e-11, 4.12637250757e-11, 1.1871992972e-11, 3.88263622642e-11, 4.06007484577e-11, 3.22278835563e-11, 1.65345532405e-11, 2.31297932196e-11, 1.696979883e-11, 1.86564236282e-11],
        "max": [0.0337546318769, 0.0288464073092, 0.0247819218785, 0.0222422145307, 0.00683953380212, 0.0079710893333, 0.0029496923089, 0.00319741549902, 0.00618982454762, 0.00730361137539, 0.00744564691558, 0.00279660895467, 0.00251262355596, 0.00215750117786, 0.00177154724952, 0.00130995851941, 0.00104406743776, 0.000725161109585, 0.000970859779045, 0.000536412990186, 0.000642812869046, 0.000193995059817, 0.000355483149178, 0.0003565265215, 0.000191777813598, 0.000359780795407, 0.000175427543581, 8.23015870992e-05, 0.00010774803377, 0.000136800445034, 5.35627623321e-05, 4.14143323724e-05, 3.15899669658e-05, 5.33241218363e-05, 7.04755293555e-05, 5.73280558456e-05, 5.18981796631e-05, 4.65792509203e-05, 2.16095013457e-05, 4.9090864195e-05],
        "mean": [0.00586961628869, 0.00214699213393, 0.000785261101555, 0.000747714366298, 0.000505182426423, 0.000446081947302, 0.000161717543961, 0.000236202831729, 0.000332040683134, 0.000369427987607, 0.000267392257228, 8.79084473127e-05, 7.64292708482e-05, 8.98093639989e-05, 3.99995915359e-05, 4.07889056078e-05, 5.05539683218e-05, 3.34184296662e-05, 2.93087341561e-05, 2.22829348786e-05, 1.80371662282e-05, 1.18882826428e-05, 1.6107727788e-05, 1.41683149195e-05, 1.30588969114e-05, 1.3489579942e-05, 8.57247141539e-06, 6.4009173002e-06, 8.7060734586e-06, 7.46838213672e-06, 3.53533550879e-06, 1.71335602772e-06, 1.02010028513e-06, 1.19995286241e-06, 1.20318304653e-06, 1.20885385968e-06, 1.05771823655e-06, 1.66751851793e-06, 1.93709502128e-06, 1.88815079127e-06],
        "median": [0.00539785530418, 0.0010544002289, 3.32121926476e-05, 4.49173276138e-05, 0.000257936335402, 0.000259876978816, 7.95817686594e-05, 8.17875625216e-05, 0.000120607786812, 8.80012084963e-05, 4.14088135585e-05, 2.06208806048e-05, 2.16716725845e-05, 1.8386183001e-05, 1.04484588519e-05, 9.90423268377e-06, 1.08567455754e-05, 7.16709837434e-06, 5.88085958952e-06, 4.41322663391e-06, 6.16112811258e-06, 4.24935387855e-06, 3.74696173822e-06, 3.32208446707e-06, 3.7494830849e-06, 5.39540678801e-06, 3.03195724882e-06, 2.98077634397e-06, 3.70198972632e-06, 2.76498690255e-06, 1.24561211123e-06, 2.55835800544e-07, 1.22140690451e-07, 8.12761484781e-08, 1.03654038242e-07, 1.3759211015e-07, 2.08611297126e-07, 4.45141722594e-07, 6.5017070483e-07, 6.7336804932e-07],
        "min": [2.89422485977e-09, 5.4995714649e-09, 1.20423253591e-08, 1.77691617864e-07, 5.93858715092e-07, 7.0925750606e-07, 8.52265742424e-08, 8.59853201973e-08, 2.46033380336e-07, 1.52861105107e-07, 4.45267147597e-08, 1.19190140424e-07, 8.04787489983e-08, 6.91359858251e-08, 9.22050276131e-08, 4.70876635461e-08, 6.75654661109e-08, 1.72386780406e-08, 2.17895976817e-08, 3.12234078592e-08, 3.16243600196e-08, 8.73138539248e-09, 7.83460407661e-09, 9.71142810613e-09, 1.28337571681e-08, 7.46043937738e-09, 8.54667536743e-09, 8.09201061713e-09, 5.6648987723e-09, 4.590489322e-09, 2.2499864194e-09, 8.10423783637e-10, 6.29713642342e-12, 4.55807440403e-12, 6.40334937851e-11, 1.01876406616e-11, 7.1289832761e-13, 1.12481170211e-11, 6.54992076202e-12, 3.30590958254e-12],
