{
"highlevel": {
    "danceability": {
        "all": {
            "danceable": 0.999955534935,
            "not_danceable": 4.4494154281e-05
        },
        "probability": 0.999955534935,
        "value": "danceable"
    },
    "gender": {
        "all": {
            "female": 0.373707354069,
            "male": 0.626292645931
        },
        "probability": 0.626292645931,
        "value": "male"
    },
    "genre_dortmund": {
        "all": {
            "alternative": 0.0386295355856,
            "blues": 0.00397062906995,
            "electronic": 0.126867607236,
            "folkcountry": 0.00973578356206,
            "funksoulrnb": 0.0213829968125,
            "jazz": 0.0399890653789,
            "pop": 0.0544494912028,
            "raphiphop": 0.455787241459,
            "rock": 0.249187648296
        },
        "probability": 0.455787241459,
        "value": "raphiphop"
    },
    "genre_electronic": {
        "all": {
            "ambient": 0.137017086148,
            "dnb": 0.249664187431,
            "house": 0.21944797039,
            "techno": 0.0151685252786,
            "trance": 0.378702223301
        },
        "probability": 0.378702223301,
        "value": "trance"
    },
    "genre_rosamerica": {
        "all": {
            "cla": 8.87853238964e-05,
            "dan": 0.963488578796,
            "hip": 0.00240492774174,
            "jaz": 6.39971403871e-05,
            "pop": 0.0286433845758,
            "rhy": 0.000590187439229,
            "roc": 0.00466259522364,
            "spe": 5.75650046812e-05
        },
        "probability": 0.963488578796,
        "value": "dan"
    },
    "genre_tzanetakis": {
        "all": {
            "blu": 0.0622663982213,
            "cla": 0.0345780998468,
            "cou": 0.103735685349,
            "dis": 0.0518908686936,
            "hip": 0.155698984861,
            "jaz": 0.311586618423,
            "met": 0.0519040971994,
            "pop": 0.0622744634748,
            "reg": 0.0622723288834,
            "roc": 0.103792458773
        },
        "probability": 0.311586618423,
        "value": "jaz"
    },
    "ismir04_rhythm": {
        "all": {
            "ChaChaCha": 0.154283374548,
            "Jive": 0.216329023242,
            "Quickstep": 0.0265482533723,
            "Rumba-American": 0.00602986430749,
            "Rumba-International": 0.0376993082464,
            "Rumba-Misc": 0.0075954082422,
            "Samba": 0.528640806675,
            "Tango": 0.00563644152135,
            "VienneseWaltz": 0.0156284347177,
            "Waltz": 0.00160907080863
        },
        "probability": 0.528640806675,
        "value": "Samba"
    },
    "mood_acoustic": {
        "all": {
            "acoustic": 4.96277552386e-09,
            "not_acoustic": 1
        },
        "probability": 1,
        "value": "not_acoustic"
    },
    "mood_aggressive": {
        "all": {
            "aggressive": 0.882457435131,
            "not_aggressive": 0.11754257232
        },
        "probability": 0.882457435131,
        "value": "aggressive"
    },
    "mood_electronic": {
        "all": {
            "electronic": 0.885831594467,
            "not_electronic": 0.114168420434
        },
        "probability": 0.885831594467,
        "value": "electronic"
    },
    "mood_happy": {
        "all": {
            "happy": 0.203971639276,
            "not_happy": 0.796028375626
        },
        "probability": 0.796028375626,
        "value": "not_happy"
    },
    "mood_party": {
        "all": {
            "not_party": 0.170501187444,
            "party": 0.829498827457
        },
        "probability": 0.829498827457,
        "value": "party"
    },
    "mood_relaxed": {
        "all": {
            "not_relaxed": 0.910294950008,
            "relaxed": 0.0897050574422
        },
        "probability": 0.910294950008,
        "value": "not_relaxed"
    },
    "mood_sad": {
        "all": {
            "not_sad": 0.763616800308,
            "sad": 0.236383199692
        },
        "probability": 0.763616800308,
        "value": "not_sad"
    },
    "moods_mirex": {
        "all": {
            "Cluster1": 0.155717343092,
            "Cluster2": 0.0530197285116,
            "Cluster3": 0.0603966414928,
            "Cluster4": 0.105172067881,
            "Cluster5": 0.625694215298
        },
        "probability": 0.625694215298,
        "value": "Cluster5"
    },
    "timbre": {
        "all": {
            "bright": 0.164168074727,
            "dark": 0.835831940174
        },
        "probability": 0.835831940174,
        "value": "dark"
    },
    "tonal_atonal": {
        "all": {
            "atonal": 0.0775370523334,
            "tonal": 0.922462940216
        },
        "probability": 0.922462940216,
        "value": "tonal"
    },
    "voice_instrumental": {
        "all": {
            "instrumental": 0.0237011164427,
            "voice": 0.976298868656
        },
        "probability": 0.976298868656,
        "value": "voice"
    }
},
"lowlevel": {
    "average_loudness": 0.93773317337,
    "barkbands_crest": {
        "dmean": 2.1736998558,
        "dmean2": 3.29903697968,
        "dvar": 6.82157945633,
        "dvar2": 11.2096195221,
        "max": 26.296995163,
        "mean": 10.1624221802,
        "median": 8.02285194397,
        "min": 2.13383197784,
        "var": 39.051738739
    },
    "barkbands_flatness_db": {
        "dmean": 0.0191334709525,
        "dmean2": 0.0274573937058,
        "dvar": 0.000630044960417,
        "dvar2": 0.000965401355643,
        "max": 0.422177344561,
        "mean": 0.127913832664,
        "median": 0.103483587503,
        "min": 0.0297351609915,
        "var": 0.00426526134834
    },
    "barkbands_kurtosis": {
        "dmean": 5.18384981155,
        "dmean2": 6.78378582001,
        "dvar": 228.099838257,
        "dvar2": 394.225708008,
        "max": 373.969848633,
        "mean": 8.92775154114,
        "median": 0.0862119197845,
        "min": -1.89340937138,
        "var": 610.758117676
    },
    "barkbands_skewness": {
        "dmean": 0.622329831123,
        "dmean2": 0.808148860931,
        "dvar": 0.839394390583,
        "dvar2": 1.12858784199,
        "max": 17.4107990265,
        "mean": 1.84470975399,
        "median": 0.978717207909,
        "min": -1.40673351288,
        "var": 5.21514320374
    },
    "barkbands_spread": {
        "dmean": 7.09098672867,
        "dmean2": 10.0929756165,
        "dvar": 70.4533004761,
        "dvar2": 124.172851562,
        "max": 104.877174377,
        "mean": 31.9721603394,
        "median": 29.9348545074,
        "min": 0.400421559811,
        "var": 374.774353027
    },
    "dissonance": {
        "dmean": 0.0121251465753,
        "dmean2": 0.0206118877977,
        "dvar": 0.000133642926812,
        "dvar2": 0.00032051128801,
        "max": 0.5,
        "mean": 0.47916713357,
        "median": 0.482355445623,
        "min": 0.264888972044,
        "var": 0.000253329868428
    },
    "dynamic_complexity": 1.73804020882,
    "erbbands_crest": {
        "dmean": 1.97378098965,
        "dmean2": 3.27802634239,
        "dvar": 3.39026832581,
        "dvar2": 8.66662406921,
        "max": 19.7436733246,
        "mean": 6.51408338547,
        "median": 5.88067150116,
        "min": 2.3280415535,
        "var": 7.25805330276
    },
    "erbbands_flatness_db": {
        "dmean": 0.0130631634966,
        "dmean2": 0.0192950703204,
        "dvar": 0.000175664346898,
        "dvar2": 0.000325594650349,
        "max": 0.238572150469,
        "mean": 0.12055812031,
        "median": 0.116622798145,
        "min": 0.0434839725494,
        "var": 0.000967809348367
    },
    "erbbands_kurtosis": {
        "dmean": 0.493751883507,
        "dmean2": 0.777075588703,
        "dvar": 0.300766676664,
        "dvar2": 0.686329960823,
        "max": 6.04492378235,
        "mean": -0.293358445168,
        "median": -0.506992578506,
        "min": -1.6077350378,
        "var": 0.728102326393
    },
    "erbbands_skewness": {
        "dmean": 0.295537233353,
        "dmean2": 0.440711557865,
        "dvar": 0.0654050782323,
        "dvar2": 0.141027152538,
        "max": 1.60484278202,
        "mean": 0.0081149302423,
        "median": 0.0234778299928,
        "min": -2.2313644886,
        "var": 0.280591517687
    },
    "erbbands_spread": {
        "dmean": 8.84962749481,
        "dmean2": 13.3077611923,
        "dvar": 87.8293914795,
        "dvar2": 185.049758911,
        "max": 142.013397217,
        "mean": 50.1648712158,
        "median": 48.7072982788,
        "min": 11.7330493927,
        "var": 336.905853271
    },
    "hfc": {
        "dmean": 15.6711359024,
        "dmean2": 22.5239009857,
        "dvar": 924.061706543,
        "dvar2": 2285.27734375,
        "max": 361.001403809,
        "mean": 43.468875885,
        "median": 32.2623558044,
        "min": 2.74372887611,
        "var": 1782.80688477
    },
    "melbands_crest": {
        "dmean": 2.96288919449,
        "dmean2": 4.42613458633,
        "dvar": 12.8958330154,
        "dvar2": 21.3331947327,
        "max": 36.75233078,
        "mean": 15.7850809097,
        "median": 12.5747652054,
        "min": 3.84783530235,
        "var": 94.9290313721
    },
    "melbands_flatness_db": {
        "dmean": 0.0246433075517,
        "dmean2": 0.0332436934114,
        "dvar": 0.00105843436904,
        "dvar2": 0.00148188776802,
        "max": 0.51937943697,
        "mean": 0.162207767367,
        "median": 0.127550527453,
        "min": 0.0229843631387,
        "var": 0.0091258129105
    },
    "melbands_kurtosis": {
        "dmean": 13.96534729,
        "dmean2": 20.0797424316,
        "dvar": 1165.39624023,
        "dvar2": 2097.81640625,
        "max": 522.430847168,
        "mean": 30.7533931732,
        "median": 5.67103290558,
        "min": -1.28150820732,
        "var": 3827.78198242
    },
    "melbands_skewness": {
        "dmean": 0.874469280243,
        "dmean2": 1.23347818851,
        "dvar": 1.94485712051,
        "dvar2": 3.03821897507,
        "max": 17.5401973724,
        "mean": 3.55346536636,
        "median": 2.26730775833,
        "min": 0.0251493919641,
        "var": 11.1586046219
    },
    "melbands_spread": {
        "dmean": 8.92150497437,
        "dmean2": 12.9172182083,
        "dvar": 127.423179626,
        "dvar2": 248.771148682,
        "max": 180.142364502,
        "mean": 33.9067382812,
        "median": 31.9717979431,
        "min": 0.442701607943,
        "var": 675.061218262
    },
    "pitch_salience": {
        "dmean": 0.0644210875034,
        "dmean2": 0.0986949577928,
        "dvar": 0.00707077840343,
        "dvar2": 0.0118990344927,
        "max": 0.841306984425,
        "mean": 0.516570150852,
        "median": 0.59080696106,
        "min": 0.0514221601188,
        "var": 0.0393295735121
    },
    "silence_rate_20dB": {
        "dmean": 0.0185758508742,
        "dmean2": 0.0371804796159,
        "dvar": 0.0182308927178,
        "dvar2": 0.0543878898025,
        "max": 1,
        "mean": 0.990719258785,
        "median": 1,
        "min": 0,
        "var": 0.00919462461025
    },
    "silence_rate_30dB": {
        "dmean": 0.0456656329334,
        "dmean2": 0.0914020165801,
        "dvar": 0.043580673635,
        "dvar2": 0.0830476880074,
        "max": 1,
        "mean": 0.803557634354,
        "median": 1,
        "min": 0,
        "var": 0.157852873206
    },
    "silence_rate_60dB": {
        "dmean": 0,
        "dmean2": 0,
        "dvar": 0,
        "dvar2": 0,
        "max": 0,
        "mean": 0,
        "median": 0,
        "min": 0,
        "var": 0
    },
    "spectral_centroid": {
        "dmean": 271.441314697,
        "dmean2": 404.673187256,
        "dvar": 75494.8984375,
        "dvar2": 150213.828125,
        "max": 4086.40039062,
        "mean": 1841.68676758,
        "median": 1859.22924805,
        "min": 203.222869873,
        "var": 404630.0625
    },
    "spectral_complexity": {
        "dmean": 4.4140868187,
        "dmean2": 6.65840435028,
        "dvar": 19.9316215515,
        "dvar2": 36.7779197693,
        "max": 61,
        "mean": 27.8793506622,
        "median": 27,
        "min": 6,
        "var": 99.2771148682
    },
    "spectral_decrease": {
        "dmean": 5.41617062311e-09,
        "dmean2": 7.30211802136e-09,
        "dvar": 1.31814102581e-16,
        "dvar2": 2.048745324e-16,
        "max": -4.56901377843e-10,
        "mean": -1.7245335826e-08,
        "median": -5.57358426079e-09,
        "min": -1.09129082659e-07,
        "var": 6.27026038903e-16
    },
    "spectral_energy": {
        "dmean": 0.021401386708,
        "dmean2": 0.0289122145623,
        "dvar": 0.00191574881319,
        "dvar2": 0.00299941771664,
        "max": 0.415640830994,
        "mean": 0.0690305829048,
        "median": 0.0250418614596,
        "min": 0.00201694853604,
        "var": 0.00900082942098
    },
    "spectral_energyband_high": {
        "dmean": 0.00136356998701,
        "dmean2": 0.00194542470854,
        "dvar": 7.28363875169e-06,
        "dvar2": 1.66733880178e-05,
        "max": 0.0358646288514,
        "mean": 0.00309404870495,
        "median": 0.00158380728681,
        "min": 6.77048728903e-06,
        "var": 1.96180972125e-05
    },
    "spectral_energyband_low": {
        "dmean": 0.0173891913146,
        "dmean2": 0.0231897942722,
        "dvar": 0.00203592260368,
        "dvar2": 0.00321759050712,
        "max": 0.406255155802,
        "mean": 0.0500181801617,
        "median": 0.00266208918765,
        "min": 1.08610481675e-06,
        "var": 0.00920709315687
    },
    "spectral_energyband_middle_high": {
        "dmean": 0.00228155963123,
        "dmean2": 0.00343988742679,
        "dvar": 1.19211563288e-05,
        "dvar2": 2.68444618996e-05,
        "max": 0.0329475179315,
        "mean": 0.00647802278399,
        "median": 0.00496538123116,
        "min": 0.000347896333551,
        "var": 2.71124408755e-05
    },
    "spectral_energyband_middle_low": {
        "dmean": 0.00392184592783,
        "dmean2": 0.00639224750921,
        "dvar": 5.14563325851e-05,
        "dvar2": 0.000132077082526,
        "max": 0.0710823461413,
        "mean": 0.00994357746094,
        "median": 0.0081950193271,
        "min": 0.00080606964184,
        "var": 5.77445425733e-05
    },
    "spectral_entropy": {
        "dmean": 0.122708618641,
        "dmean2": 0.18052084744,
        "dvar": 0.0183711033314,
        "dvar2": 0.0371235646307,
        "max": 8.62646961212,
        "mean": 7.94015550613,
        "median": 7.9228644371,
        "min": 6.74289131165,
        "var": 0.0842768400908
    },
    "spectral_flux": {
        "dmean": 0.0339278541505,
        "dmean2": 0.0501444935799,
        "dvar": 0.00346721662208,
        "dvar2": 0.00629640184343,
        "max": 0.54455935955,
        "mean": 0.109590508044,
        "median": 0.0840264037251,
        "min": 0.02411426045,
        "var": 0.00702104019001
    },
    "spectral_kurtosis": {
        "dmean": 0.902279496193,
        "dmean2": 1.44591724873,
        "dvar": 1.24903774261,
        "dvar2": 3.01418042183,
        "max": 17.1300296783,
        "mean": 2.8432123661,
        "median": 2.56199455261,
        "min": -0.768781423569,
        "var": 3.33322048187
    },
    "spectral_rms": {
        "dmean": 0.00111135619227,
        "dmean2": 0.00144420936704,
        "dvar": 3.3898033962e-06,
        "dvar2": 4.86040789838e-06,
        "max": 0.020137110725,
        "mean": 0.00684969592839,
        "median": 0.0049427812919,
        "min": 0.00140276679303,
        "var": 2.04286097869e-05
    },
    "spectral_rolloff": {
        "dmean": 878.478637695,
        "dmean2": 1343.74975586,
        "dvar": 1944460.125,
        "dvar2": 4183630.5,
        "max": 11520.2636719,
        "mean": 2762.40332031,
        "median": 2217.91992188,
        "min": 64.599609375,
        "var": 7112553.5
    },
    "spectral_skewness": {
        "dmean": 0.163196861744,
        "dmean2": 0.252750992775,
        "dvar": 0.0290233269334,
        "dvar2": 0.0606898553669,
        "max": 3.75435018539,
        "mean": 1.32493960857,
        "median": 1.30011200905,
        "min": 0.204278737307,
        "var": 0.118971265852
    },
    "spectral_spread": {
        "dmean": 679735.3125,
        "dmean2": 955058.875,
        "dvar": 549769183232,
        "dvar2": 1.00077935002e+12,
        "max": 10885668,
        "mean": 5654630,
        "median": 5434774,
        "min": 2265356.25,
        "var": 2.43169650278e+12
    },
    "spectral_strongpeak": {
        "dmean": 0.467431873083,
        "dmean2": 0.779103040695,
        "dvar": 0.482659816742,
        "dvar2": 1.20256114006,
        "max": 7.56009340286,
        "mean": 0.902174293995,
        "median": 0.659024119377,
        "min": 0.0422378517687,
        "var": 0.782894134521
    },
    "zerocrossingrate": {
        "dmean": 0.0162255261093,
        "dmean2": 0.0164638906717,
        "dvar": 0.000301835651044,
        "dvar2": 0.000270022021141,
        "max": 0.306640625,
        "mean": 0.0966660901904,
        "median": 0.0908203125,
        "min": 0.00244140625,
        "var": 0.00383596611209
    },
    "barkbands": {
        "dmean": [0.00208080862649, 0.0160015877336, 0.00301295379177, 0.00130957749207, 0.00135858228896, 0.0010740228463, 0.000580582942348, 0.00070346618304, 0.000842787267175, 0.000379635428544, 0.000450408784673, 0.000553324818611, 0.000320611143252, 0.000361097714631, 0.000527428928763, 0.000400481105316, 0.000441066164058, 0.000312353251502, 0.000252071447903, 0.000265098031377, 0.00020746642258, 0.000227393495152, 0.000263603607891, 0.00028577647754, 0.000385308958357, 0.000241234258283, 7.01917386436e-08],
        "dmean2": [0.00225963909179, 0.0216151978821, 0.00544062629342, 0.00221268180758, 0.00225998437963, 0.00179062993266, 0.000939040910453, 0.00111664412543, 0.00139974686317, 0.000621805374976, 0.000730044499505, 0.000897457590327, 0.00052614917513, 0.000579256564379, 0.00085516332183, 0.000656585732941, 0.00071613379987, 0.000503862160258, 0.000410387350712, 0.000420696567744, 0.000328317284584, 0.000340751837939, 0.00040158626507, 0.000422553857788, 0.000594302837271, 0.000394483475247, 1.11616117238e-07],
        "dvar": [2.39947767113e-05, 0.00187199586071, 0.000149377679918, 9.49819786911e-06, 1.09115089799e-05, 2.24954237638e-06, 1.48499566421e-06, 1.19583876312e-06, 2.10320672522e-06, 5.57922078315e-07, 4.53732894812e-07, 1.20403103665e-06, 4.99952875543e-07, 5.92577521275e-07, 5.3092003327e-07, 3.861163691e-07, 8.23065420263e-07, 2.42100355763e-07, 1.67837256981e-07, 2.01561803692e-07, 1.22595281482e-07, 1.6420186455e-07, 2.64894168822e-07, 3.34313739359e-07, 5.15806561907e-07, 4.31383426758e-07, 5.35983475485e-13],
        "dvar2": [2.8447531804e-05, 0.00304197845981, 0.000418730807723, 2.33080627368e-05, 3.00158590107e-05, 6.26730115982e-06, 3.64967036148e-06, 2.80826816379e-06, 5.08805487698e-06, 1.37700862979e-06, 1.13509292987e-06, 2.67028849521e-06, 1.21552523069e-06, 1.35728998885e-06, 1.25349458813e-06, 9.83244490271e-07, 2.08926257983e-06, 5.96306620082e-07, 3.80977525083e-07, 4.32130235595e-07, 2.88090689082e-07, 3.60566644986e-07, 6.04764181844e-07, 6.97484040302e-07, 1.3130655816e-06, 1.20360573419e-06, 6.47217305791e-13],
        "max": [0.0597491301596, 0.384104579687, 0.0993432849646, 0.0250794254243, 0.0314076431096, 0.0169085953385, 0.0240506418049, 0.0114539405331, 0.0167003162205, 0.0107325445861, 0.00663479045033, 0.0164678990841, 0.010583281517, 0.0116230146959, 0.00977757386863, 0.00745591241866, 0.00930761825293, 0.00642396090552, 0.00524407858029, 0.00861592311412, 0.00422237301245, 0.00561523530632, 0.00802240241319, 0.00925700273365, 0.00644213613123, 0.00597556587309, 2.48614105658e-05],
        "mean": [0.00539604434744, 0.0418142639101, 0.00237911264412, 0.00149241054896, 0.00237328046933, 0.00244906172156, 0.000994169269688, 0.00114325329196, 0.00134901551064, 0.000529587094206, 0.000696712813806, 0.000829300377518, 0.000438719551312, 0.000523075170349, 0.000867472379468, 0.000664801336825, 0.000682351819705, 0.000576947000809, 0.000475342996651, 0.000475658249343, 0.000450036604889, 0.00047596252989, 0.000503321003634, 0.000533295737114, 0.00060920114629, 0.000308223214233, 5.4716288389e-08],
        "median": [3.28888381773e-05, 0.000824517337605, 0.000443064316642, 0.00051069521578, 0.00160427379888, 0.00148533273023, 0.00055836152751, 0.00067117146682, 0.000634823576547, 0.000261255918304, 0.000335325690685, 0.000386290252209, 0.00019572104793, 0.000259678985458, 0.000562969653402, 0.000378299766453, 0.000409550557379, 0.000349895883119, 0.00031705677975, 0.000293170101941, 0.000271156808594, 0.00026342246565, 0.000237916232436, 0.000193535423023, 0.000222093629418, 7.5414107414e-05, 7.21878612442e-10],
        "min": [6.58622545391e-10, 1.23688419507e-08, 6.88606746735e-07, 1.47705193854e-07, 3.60070794159e-06, 9.98139057629e-06, 2.41900379478e-05, 2.75714410236e-05, 2.04591979127e-05, 4.61205809188e-06, 9.17842316994e-06, 1.16089559015e-05, 6.98898020346e-06, 6.99580050423e-06, 1.28004057842e-05, 8.41561814013e-06, 1.15076391012e-05, 1.33820340125e-05, 3.76239222533e-06, 3.12590532303e-06, 1.66815414104e-06, 4.22544417233e-07, 4.36521219171e-07, 3.05870344164e-07, 4.24117736486e-08, 1.85753343263e-10, 1.46118898231e-11],
        "var": [0.000156788883032, 0.00714283389971, 9.086557111e-05, 9.14809606911e-06, 9.5071773103e-06, 5.99614031671e-06, 2.82529208562e-06, 2.10336042983e-06, 4.02343539463e-06, 7.03404907654e-07, 8.62429544668e-07, 1.97147255676e-06, 7.06613434431e-07, 7.79980382504e-07, 9.61508703767e-07, 6.5493799184e-07, 8.75488410657e-07, 4.67862065534e-07, 2.89024569611e-07, 3.81657315529e-07, 3.18222987516e-07, 4.60072669739e-07, 7.39497863833e-07, 1.08032304524e-06, 9.25464178181e-07, 3.99235631221e-07, 5.13953679962e-13]
    },
    "erbbands": {
        "dmean": [0.707065045834, 3.62417197227, 4.70461702347, 3.177952528, 5.19146776199, 4.50011396408, 5.27402734756, 10.5974750519, 7.4197268486, 10.1639690399, 18.1229515076, 17.5810871124, 14.60592556, 14.4459524155, 18.186214447, 19.4769878387, 12.2702732086, 18.6733226776, 21.7500610352, 24.5011768341, 23.5587787628, 21.6208209991, 17.3681602478, 12.1507511139, 13.1569423676, 12.9983329773, 9.25129032135, 8.01579761505, 8.15272903442, 8.66054439545, 7.17585754395, 6.26470708847, 5.05874204636, 4.18492126465, 3.13990020752, 1.28384387493, 0.428110182285, 0.0400691740215, 0.000720262643881, 5.64748406759e-05],
        "dmean2": [0.792586088181, 4.97914886475, 7.95750188828, 5.47974634171, 8.36917877197, 7.33860635757, 8.51767063141, 17.6258296967, 12.4462556839, 15.947675705, 28.8307037354, 29.2417087555, 23.630022049, 23.4048080444, 29.6853790283, 31.3739528656, 20.2344932556, 29.5385303497, 35.4454345703, 38.5629577637, 37.8566017151, 34.5063972473, 28.3430366516, 19.4515705109, 20.9241199493, 20.6925544739, 14.6402072906, 12.414229393, 12.3973207474, 13.0667047501, 11.1701908112, 9.62708091736, 7.53874015808, 6.48765182495, 4.97408628464, 2.04266476631, 0.715290427208, 0.0717361196876, 0.00125503342133, 8.56242622831e-05],
        "dvar": [2.77599358559, 121.362068176, 326.598602295, 67.1640167236, 189.225906372, 92.05027771, 60.0220146179, 279.251922607, 243.203674316, 306.412963867, 821.141845703, 1049.74609375, 845.82824707, 689.328979492, 890.112121582, 1403.17102051, 619.966003418, 1922.71923828, 1105.16723633, 1408.78015137, 1443.39294434, 2125.40698242, 818.527648926, 417.336700439, 414.079711914, 535.642272949, 240.521697998, 195.637115479, 206.639968872, 268.947479248, 214.90612793, 164.5128479, 116.618141174, 61.6414794922, 40.4627761841, 7.094394207, 1.71205711365, 0.0225462336093, 6.53169263387e-06, 1.59086770424e-08],
        "dvar2": [3.5077829361, 237.901245117, 866.574645996, 183.83140564, 475.787567139, 250.102615356, 161.337585449, 820.671386719, 616.263122559, 736.904602051, 2010.79467773, 2474.44238281, 2088.55664062, 1682.70507812, 2241.4921875, 3319.76293945, 1522.41638184, 4433.55908203, 2775.40869141, 3158.86523438, 3655.19165039, 5283.01367188, 2027.31604004, 976.617919922, 963.812561035, 1169.40478516, 587.649841309, 460.117889404, 460.52923584, 592.225769043, 517.414978027, 370.378814697, 263.08404541, 146.951568604, 107.392074585, 18.6644668579, 4.83278989792, 0.0651141554117, 1.87729165191e-05, 4.16370120604e-08],
        "max": [17.3777599335, 96.5186920166, 143.991470337, 76.2598419189, 133.766555786, 112.770217896, 117.570068359, 204.80140686, 330.768768311, 251.659164429, 283.187744141, 424.433319092, 490.831604004, 362.994628906, 344.428070068, 639.270263672, 297.557617188, 652.907104492, 419.128570557, 648.602355957, 499.029632568, 460.263763428, 343.309387207, 270.661956787, 220.151611328, 484.736114502, 184.157058716, 175.587188721, 187.617843628, 291.245849609, 278.003692627, 184.610900879, 158.628631592, 94.1191711426, 48.2503433228, 23.114200592, 12.2210016251, 1.27120387554, 0.0216887649149, 0.00108811969403],
        "mean": [2.0683016777, 5.81606912613, 3.98808717728, 3.61433529854, 6.94755268097, 8.64698410034, 10.3435087204, 23.0993442535, 15.3693714142, 17.0406131744, 30.3716411591, 29.2954330444, 22.6980800629, 23.9751300812, 30.7927112579, 30.2791290283, 18.880279541, 28.1580982208, 37.4159431458, 41.7993354797, 40.0136833191, 35.3321914673, 33.216796875, 24.0217590332, 26.1194896698, 23.5722694397, 18.8047904968, 16.6274833679, 16.9631347656, 16.587562561, 13.7396879196, 11.3932714462, 8.68837356567, 6.47510576248, 4.5951166153, 1.79461598396, 0.498222798109, 0.0350671596825, 0.000755136599764, 0.000125913677039],
        "median": [0.0279285907745, 0.195488765836, 0.679278731346, 1.39379715919, 3.58341002464, 5.37744188309, 6.82776212692, 12.1910762787, 9.91446590424, 9.90734958649, 17.7328929901, 13.3957471848, 11.2221126556, 12.8203487396, 16.365316391, 15.0505275726, 9.71279811859, 14.5138931274, 22.9593315125, 26.68891716, 23.9402999878, 21.6918888092, 20.7484054565, 16.5261611938, 17.3528347015, 14.8611602783, 11.6990175247, 9.14125156403, 8.93673801422, 7.95463705063, 6.43639945984, 4.21733283997, 3.0354282856, 2.02823710442, 1.59903943539, 0.54539847374, 0.093338213861, 0.00439182668924, 0.000175910012331, 5.70042466279e-05],
        "min": [1.19173807889e-06, 2.01909988391e-05, 0.000635023519862, 0.00121083273552, 0.000933294882998, 0.0212118178606, 0.0577811338007, 0.126541376114, 0.413763344288, 0.51303511858, 0.821176469326, 0.814770400524, 0.330193012953, 0.567927122116, 0.391630470753, 0.65400415659, 0.547471642494, 0.722129821777, 0.866665363312, 0.653354108334, 0.886035382748, 0.720866978168, 0.705682575703, 0.320414304733, 0.273396521807, 0.149047836661, 0.0942063033581, 0.0439715273678, 0.0227592624724, 0.018645439297, 0.0108382534236, 0.00797035545111, 0.00387150025927, 0.00255359313451, 0.00129976507742, 7.03679106664e-05, 1.87921923498e-05, 1.25946519347e-06, 1.94203585124e-06, 2.76195009974e-06],
        "var": [18.3520526886, 204.388793945, 236.909317017, 48.8675575256, 168.580657959, 115.466926575, 105.679679871, 692.754089355, 504.923614502, 499.396606445, 1404.78100586, 2091.88037109, 1233.81359863, 1158.68225098, 1500.42553711, 2099.66796875, 927.249633789, 2688.63842773, 1917.26330566, 2605.10791016, 2329.8984375, 2407.45019531, 1451.20983887, 709.06036377, 794.253295898, 967.67779541, 531.098937988, 511.792449951, 566.004272461, 683.479003906, 590.609802246, 495.817382812, 301.24319458, 130.197463989, 55.8141441345, 9.1851568222, 1.4002225399, 0.0148362824693, 4.54283826912e-06, 2.26381224877e-08]
    },
    "gfcc": {
        "mean": [54.3664970398, 58.5936546326, -114.885391235, 36.5634994507, -64.9950180054, 20.4876441956, -47.0137481689, 18.1080551147, -25.2196083069, 9.70364952087, -18.0388336182, 5.64237451553, -7.97396802902],
        "cov": [[1773.21789551, -873.411499023, 394.340911865, 77.7664871216, 82.7542800903, 170.295150757, 7.26036596298, 121.810882568, -92.3121261597, 83.989692688, -150.381500244, 125.498199463, -98.6631088257], [-873.411499023, 1209.14245605, -52.9011459351, 162.358154297, 301.015411377, 64.4250564575, 199.211791992, 13.2713165283, 213.439620972, -65.8874893188, 225.942199707, -101.297058105, 159.775650024], [394.340911865, -52.9011459351, 772.731628418, 252.467498779, 263.934387207, 247.668807983, 117.992553711, 134.189834595, 78.5458526611, 106.86946106, 61.446231842, 76.6565322876, 44.1059265137], [77.7664871216, 162.358154297, 252.467498779, 340.783752441, 133.26461792, 123.978523254, 83.918510437, 42.0012741089, 93.7805404663, 8.1174955368, 94.9305343628, -10.6757926941, 88.8364715576], [82.7542800903, 301.015411377, 263.934387207, 133.26461792, 398.927459717, 160.977035522, 210.133071899, 119.772956848, 118.354026794, 49.6902198792, 77.4548873901, 44.5911407471, 54.8649368286], [170.295150757, 64.4250564575, 247.668807983, 123.978523254, 160.977035522, 225.405883789, 132.703399658, 69.8723602295, 71.2893447876, 40.253364563, 59.8949127197, 25.5830287933, 48.5004882812], [7.26036596298, 199.211791992, 117.992553711, 83.918510437, 210.133071899, 132.703399658, 254.326400757, 88.6373596191, 111.369216919, 38.2223968506, 60.5245094299, 25.3834686279, 41.3007011414], [121.810882568, 13.2713165283, 134.189834595, 42.0012741089, 119.772956848, 69.8723602295, 88.6373596191, 154.031784058, 83.6360321045, 50.4331436157, 27.6844139099, 22.8242225647, 30.381313324], [-92.3121261597, 213.439620972, 78.5458526611, 93.7805404663, 118.354026794, 71.2893447876, 111.369216919, 83.6360321045, 160.013824463, 30.6151885986, 75.003288269, -13.5139408112, 58.1486968994], [83.989692688, -65.8874893188, 106.86946106, 8.1174955368, 49.6902198792, 40.253364563, 38.2223968506, 50.4331436157, 30.6151885986, 92.410736084, 16.9357967377, 38.7645835876, 0.569717049599], [-150.381500244, 225.942199707, 61.446231842, 94.9305343628, 77.4548873901, 59.8949127197, 60.5245094299, 27.6844139099, 75.003288269, 16.9357967377, 137.745376587, 14.896478653, 70.7303543091], [125.498199463, -101.297058105, 76.6565322876, -10.6757926941, 44.5911407471, 25.5830287933, 25.3834686279, 22.8242225647, -13.5139408112, 38.7645835876, 14.896478653, 98.1527633667, 5.26233911514], [-98.6631088257, 159.775650024, 44.1059265137, 88.8364715576, 54.8649368286, 48.5004882812, 41.3007011414, 30.381313324, 58.1486968994, 0.569717049599, 70.7303543091, 5.26233911514, 107.997154236]],
        "icov": [[0.00133256963454, 0.00102588545997, 5.21447946085e-05, -0.000600803585257, -0.000767646590248, -0.000811420031823, 0.000259218475549, -0.000650030910037, 0.000235866522416, 0.000509408593643, 0.000531415513251, -0.000385736435419, 0.000551759789232], [0.00102588545997, 0.00358739891089, 0.000127682535094, 0.000398164178478, -0.00299280975014, 0.000608689791989, -0.000502967683133, 0.00133288837969, -0.00115945492871, 0.00197991519235, -0.00301878829487, 0.00293825054541, -0.00123760430142], [5.21447946085e-05, 0.000127682535094, 0.00316574634053, -0.00186830654275, -0.00113026530016, -0.00230457819998, 0.00141280540265, -0.00100692419801, 0.000461152259959, -0.00170617632102, 0.000544765032828, -0.00102164805867, 0.000908525718842], [-0.000600803585257, 0.000398164178478, -0.00186830654275, 0.00639770226553, -0.000565044232644, 0.000339638267178, -0.000557757040951, 0.00204498926178, -0.0016729607014, 0.00155777100008, -0.00278897350654, 0.00292499759234, -0.00328841479495], [-0.000767646590248, -0.00299280975014, -0.00113026530016, -0.000565044232644, 0.00823385920376, -0.000895948323887, -0.00281145819463, -0.0024699550122, 0.000382943166187, -0.000618425547145, 0.00206146552227, -0.00357524328865, 0.00126334559172], [-0.000811420031823, 0.000608689791989, -0.00230457819998, 0.000339638267178, -0.000895948323887, 0.0108434855938, -0.00404268689454, 0.00117330206558, 9.04339249246e-05, 9.03912150534e-05, -0.00278613413684, 0.00239053205587, -0.00251953164116], [0.000259218475549, -0.000502967683133, 0.00141280540265, -0.000557757040951, -0.00281145819463, -0.00404268689454, 0.00984610244632, -0.00114663736895, -0.00329317408614, -0.000462266994873, 0.00137556192931, -0.00253200018778, 0.00166179309599], [-0.000650030910037, 0.00133288837969, -0.00100692419801, 0.00204498926178, -0.0024699550122, 0.00117330206558, -0.00114663736895, 0.0138153554872, -0.00625974079594, -0.00215440662578, -8.08261247585e-05, 0.00128780584782, -0.00318486033939], [0.000235866522416, -0.00115945492871, 0.000461152259959, -0.0016729607014, 0.000382943166187, 9.04339249246e-05, -0.00329317408614, -0.00625974079594, 0.0169433429837, -0.0038273378741, -0.0028993554879, 0.00443512760103, -0.00151598313823], [0.000509408593643, 0.00197991519235, -0.00170617632102, 0.00155777100008, -0.000618425547145, 9.03912150534e-05, -0.000462266994873, -0.00215440662578, -0.0038273378741, 0.0186450202018, -0.00291979382746, -0.00378646794707, 0.00206719106063], [0.000531415513251, -0.00301878829487, 0.000544765032828, -0.00278897350654, 0.00206146552227, -0.00278613413684, 0.00137556192931, -8.08261247585e-05, -0.0028993554879, -0.00291979382746, 0.0183602645993, -0.00692201312631, -0.0033869324252], [-0.000385736435419, 0.00293825054541, -0.00102164805867, 0.00292499759234, -0.00357524328865, 0.00239053205587, -0.00253200018778, 0.00128780584782, 0.00443512760103, -0.00378646794707, -0.00692201312631, 0.0195642262697, -0.00412732874975], [0.000551759789232, -0.00123760430142, 0.000908525718842, -0.00328841479495, 0.00126334559172, -0.00251953164116, 0.00166179309599, -0.00318486033939, -0.00151598313823, 0.00206719106063, -0.0033869324252, -0.00412732874975, 0.0179032720625]]
    },
    "melbands": {
        "dmean": [0.00512220570818, 0.00322302500717, 0.000646193919238, 0.000344090338331, 0.000173265114427, 0.000222480404773, 0.000115544477012, 0.000111008332169, 0.000151354877744, 0.000112993118819, 7.34680797905e-05, 5.86270543863e-05, 6.42935556243e-05, 7.12167093297e-05, 3.14287863148e-05, 3.43485407939e-05, 3.4341308492e-05, 3.44096661138e-05, 3.89825872844e-05, 2.79395153484e-05, 3.06279034703e-05, 2.58321742876e-05, 1.82684379979e-05, 1.99574333237e-05, 9.80547247309e-06, 1.06612469608e-05, 1.03971824501e-05, 8.56357019074e-06, 6.66083269607e-06, 5.54201915293e-06, 4.75186061522e-06, 4.78360880152e-06, 4.79919117424e-06, 5.41851795788e-06, 4.40061921836e-06, 4.31554462921e-06, 4.08559390053e-06, 3.82858297598e-06, 3.74926707991e-06, 3.68804558093e-06],
        "dmean2": [0.00615955982357, 0.00488851498812, 0.00109755259473, 0.000568362767808, 0.000275895901723, 0.000370731286239, 0.000191410741536, 0.000174769607838, 0.000241006549913, 0.000188066551345, 0.000118476717034, 9.54191491473e-05, 0.000104531667603, 0.000113843554573, 5.1958108088e-05, 5.58835272386e-05, 5.47924973944e-05, 5.62032946618e-05, 6.19321581325e-05, 4.50075312983e-05, 5.00316346006e-05, 4.19621501351e-05, 3.03144643112e-05, 3.23992171616e-05, 1.58815473696e-05, 1.72524814843e-05, 1.70046314452e-05, 1.36830822157e-05, 1.08266422103e-05, 8.93133346835e-06, 7.40620680517e-06, 7.36810898161e-06, 7.39549932405e-06, 8.38874711917e-06, 7.04054491507e-06, 6.97267205396e-06, 6.25037409918e-06, 6.0151969592e-06, 5.69757912672e-06, 5.88623515796e-06],
        "dvar": [0.000151681844727, 0.000117842442705, 2.50585549111e-06, 7.24919516415e-07, 6.7086062927e-08, 1.13222164089e-07, 5.84692401162e-08, 3.20378674701e-08, 5.71732527987e-08, 3.9357914261e-08, 2.13378363867e-08, 1.18081837641e-08, 9.48603329221e-09, 2.10217105945e-08, 4.26036361745e-09, 6.57241905344e-09, 6.24383966752e-09, 3.25278026736e-09, 3.16965098612e-09, 1.81318060566e-09, 2.66674171634e-09, 3.50320217279e-09, 1.02303832072e-09, 1.23397825291e-09, 3.21665583058e-10, 2.60046706391e-10, 3.27894822405e-10, 2.42425468588e-10, 1.35814207103e-10, 8.89940968141e-11, 6.64672553108e-11, 6.73779573801e-11, 7.39185032628e-11, 1.08221334671e-10, 7.71663705157e-11, 8.18391951429e-11, 7.16701073489e-11, 6.98793592435e-11, 5.81050554893e-11, 4.94025445552e-11],
        "dvar2": [0.000213703722693, 0.000273226614809, 6.56030533719e-06, 1.93646133084e-06, 1.79033605718e-07, 3.27074531015e-07, 1.46549695046e-07, 7.76234614364e-08, 1.45294364984e-07, 9.37467063977e-08, 5.26843919602e-08, 2.92817077252e-08, 2.42917934656e-08, 4.50306849586e-08, 1.0963302266e-08, 1.60953188555e-08, 1.44428664584e-08, 8.07697198013e-09, 6.96483226648e-09, 4.40891767539e-09, 6.78452805047e-09, 8.94976981414e-09, 2.60641086491e-09, 3.13441894662e-09, 7.86892218052e-10, 6.14701511914e-10, 7.41842531848e-10, 5.4914767178e-10, 3.49887036011e-10, 2.13648432279e-10, 1.59482760331e-10, 1.53959192617e-10, 1.67520233796e-10, 2.45401338139e-10, 1.93633914458e-10, 1.96932858909e-10, 1.68951727608e-10, 1.66275576641e-10, 1.2809107941e-10, 1.2646465819e-10],
        "max": [0.110706850886, 0.0889096036553, 0.0131648210809, 0.00833322107792, 0.00407753558829, 0.00402188161388, 0.00531521160156, 0.00228519272059, 0.00238204980269, 0.00228275777772, 0.00240791612305, 0.00139375473373, 0.000894590339158, 0.00228784838691, 0.00108668021858, 0.00115200318396, 0.00116454192903, 0.000699416617863, 0.00079450965859, 0.000549262564164, 0.000613231037278, 0.000617949524894, 0.000532492878847, 0.000499088026118, 0.000244068171014, 0.000187466052012, 0.000256608793279, 0.000333164120093, 0.000148747159983, 0.00013590879098, 0.000111163084512, 9.63561469689e-05, 0.000122879253468, 0.000175487279193, 0.000172355066752, 0.000127677529235, 0.000132166271214, 0.000128619096358, 0.00010336516425, 9.32428083615e-05],
        "mean": [0.014437681064, 0.00386854144745, 0.000762192008551, 0.000560894666705, 0.000361962156603, 0.000493126281071, 0.000242004607571, 0.000187823839951, 0.000248905475019, 0.000183163618203, 0.00010984367691, 9.23901752685e-05, 0.000105634790089, 0.000105425693619, 4.48335849796e-05, 4.76954810438e-05, 5.01667454955e-05, 5.46131304873e-05, 6.39211430098e-05, 4.55608060292e-05, 4.79888403788e-05, 3.71247879229e-05, 3.006404404e-05, 3.29300310113e-05, 1.69017221197e-05, 1.94884814846e-05, 1.80698207259e-05, 1.45370986502e-05, 1.18618381748e-05, 1.07680607471e-05, 9.08343827177e-06, 9.33294813876e-06, 9.41444250202e-06, 9.27545897866e-06, 7.95091091277e-06, 7.25722702555e-06, 6.97225095792e-06, 6.19205547991e-06, 5.60636181035e-06, 5.24875258634e-06],
        "median": [0.000241274872678, 0.000347332039382, 0.000303162494674, 0.000362590741133, 0.000251748075243, 0.000272198376479, 0.000157540358487, 0.000112520159746, 0.000139864103403, 8.37688930915e-05, 5.04987583554e-05, 4.73703694297e-05, 5.47402814846e-05, 4.54661385447e-05, 2.38336106122e-05, 2.24788273044e-05, 2.48455271503e-05, 3.06991569232e-05, 3.94181042793e-05, 2.74149551842e-05, 2.67599025392e-05, 2.08844612644e-05, 1.70735365828e-05, 1.84812342923e-05, 1.13195856102e-05, 1.28889741973e-05, 1.07709138319e-05, 8.77860929904e-06, 6.85026179781e-06, 6.00747989665e-06, 4.80758944832e-06, 4.75484011986e-06, 4.7483963499e-06, 4.32436581832e-06, 3.67249731426e-06, 2.71917861028e-06, 2.50084326581e-06, 2.15463410314e-06, 1.67782786775e-06, 1.61222590123e-06],
        "min": [3.97570065758e-09, 2.40810607011e-07, 1.90532389865e-07, 6.17873240571e-07, 2.39261521529e-06, 2.90894240607e-06, 5.25402583662e-06, 5.9975404838e-06, 5.9443441387e-06, 2.90285856863e-06, 9.62056788012e-07, 1.84109092061e-06, 1.42456406138e-06, 1.2859832168e-06, 1.44178170558e-06, 5.65341508718e-07, 6.22372851922e-07, 1.32941045194e-06, 7.87358374055e-07, 1.15269578771e-07, 1.10145413146e-06, 7.39342340239e-07, 5.63368928397e-07, 6.13589634213e-07, 1.71073608612e-07, 1.65443651667e-07, 1.15147621216e-07, 9.01623806726e-08, 4.9661348811e-08, 5.49332135336e-09, 6.00415717145e-10, 7.69907959608e-09, 4.39600889024e-09, 4.27850821438e-09, 6.89986157099e-09, 3.98225630249e-09, 7.98614906844e-12, 1.18182538408e-11, 1.31799562583e-12, 6.00233543424e-11],
