{
"highlevel": {
    "danceability": {
        "all": {
            "danceable": 0.999616682529,
            "not_danceable": 0.000383315462386
        },
        "probability": 0.999616682529,
        "value": "danceable"
    },
    "gender": {
        "all": {
            "female": 0.982532322407,
            "male": 0.0174676515162
        },
        "probability": 0.982532322407,
        "value": "female"
    },
    "genre_dortmund": {
        "all": {
            "alternative": 0.0442389659584,
            "blues": 0.265577346087,
            "electronic": 0.0515033751726,
            "folkcountry": 0.0371813885868,
            "funksoulrnb": 0.0417801067233,
            "jazz": 0.0726184770465,
            "pop": 0.0829914584756,
            "raphiphop": 0.336766034365,
            "rock": 0.0673428475857
        },
        "probability": 0.336766034365,
        "value": "raphiphop"
    },
    "genre_electronic": {
        "all": {
            "ambient": 0.320684254169,
            "dnb": 0.289067476988,
            "house": 0.242829307914,
            "techno": 0.0286309793591,
            "trance": 0.11878798902
        },
        "probability": 0.320684254169,
        "value": "ambient"
    },
    "genre_rosamerica": {
        "all": {
            "cla": 0.00452561397105,
            "dan": 0.242194205523,
            "hip": 0.285634040833,
            "jaz": 0.00688156485558,
            "pop": 0.328618228436,
            "rhy": 0.111363872886,
            "roc": 0.0181316770613,
            "spe": 0.00265080551617
        },
        "probability": 0.328618228436,
        "value": "pop"
    },
    "genre_tzanetakis": {
        "all": {
            "blu": 0.0626541376114,
            "cla": 0.0348133966327,
            "cou": 0.0783501937985,
            "dis": 0.104547761381,
            "hip": 0.15693578124,
            "jaz": 0.313987255096,
            "met": 0.044816005975,
            "pop": 0.0627349764109,
            "reg": 0.0627352520823,
            "roc": 0.0784252434969
        },
        "probability": 0.313987255096,
        "value": "jaz"
    },
    "ismir04_rhythm": {
        "all": {
            "ChaChaCha": 0.0205143615603,
            "Jive": 0.00881068594754,
            "Quickstep": 0.0847416445613,
            "Rumba-American": 0.0169842951,
            "Rumba-International": 0.0102344471961,
            "Rumba-Misc": 0.0035193413496,
            "Samba": 0.832452893257,
            "Tango": 0.0177616607398,
            "VienneseWaltz": 0.00228368327953,
            "Waltz": 0.00269696069881
        },
        "probability": 0.832452893257,
        "value": "Samba"
    },
    "mood_acoustic": {
        "all": {
            "acoustic": 0.0486706122756,
            "not_acoustic": 0.951329410076
        },
        "probability": 0.951329410076,
        "value": "not_acoustic"
    },
    "mood_aggressive": {
        "all": {
            "aggressive": 0.127664253116,
            "not_aggressive": 0.872335731983
        },
        "probability": 0.872335731983,
        "value": "not_aggressive"
    },
    "mood_electronic": {
        "all": {
            "electronic": 0.825742423534,
            "not_electronic": 0.174257546663
        },
        "probability": 0.825742423534,
        "value": "electronic"
    },
    "mood_happy": {
        "all": {
            "happy": 0.321873039007,
            "not_happy": 0.678126990795
        },
        "probability": 0.678126990795,
        "value": "not_happy"
    },
    "mood_party": {
        "all": {
            "not_party": 0.396583884954,
            "party": 0.603416144848
        },
        "probability": 0.603416144848,
        "value": "party"
    },
    "mood_relaxed": {
        "all": {
            "not_relaxed": 0.712588727474,
            "relaxed": 0.287411272526
        },
        "probability": 0.712588727474,
        "value": "not_relaxed"
    },
    "mood_sad": {
        "all": {
            "not_sad": 0.888649821281,
            "sad": 0.11135019362
        },
        "probability": 0.888649821281,
        "value": "not_sad"
    },
    "moods_mirex": {
        "all": {
            "Cluster1": 0.405609697104,
            "Cluster2": 0.117112442851,
            "Cluster3": 0.209231540561,
            "Cluster4": 0.180605173111,
            "Cluster5": 0.0874411538243
        },
        "probability": 0.405609697104,
        "value": "Cluster1"
    },
    "timbre": {
        "all": {
            "bright": 0.88601577282,
            "dark": 0.11398422718
        },
        "probability": 0.88601577282,
        "value": "bright"
    },
    "tonal_atonal": {
        "all": {
            "atonal": 0.85379743576,
            "tonal": 0.146202579141
        },
        "probability": 0.85379743576,
        "value": "atonal"
    },
    "voice_instrumental": {
        "all": {
            "instrumental": 0.0549617819488,
            "voice": 0.945038199425
        },
        "probability": 0.945038199425,
        "value": "voice"
    }
},
"lowlevel": {
    "average_loudness": 0.983768045902,
    "barkbands_crest": {
        "dmean": 3.27871370316,
        "dmean2": 5.4360203743,
        "dvar": 11.3129062653,
        "dvar2": 29.990278244,
        "max": 25.5454120636,
        "mean": 13.7967567444,
        "median": 12.9841194153,
        "min": 2.90282940865,
        "var": 27.1702976227
    },
    "barkbands_flatness_db": {
        "dmean": 0.0294755399227,
        "dmean2": 0.0477985031903,
        "dvar": 0.00102356343996,
        "dvar2": 0.00267725763842,
        "max": 0.408677965403,
        "mean": 0.179424896836,
        "median": 0.172298401594,
        "min": 0.0502609685063,
        "var": 0.00308139645495
    },
    "barkbands_kurtosis": {
        "dmean": 9.13943862915,
        "dmean2": 15.7449073792,
        "dvar": 621.94342041,
        "dvar2": 1682.58288574,
        "max": 365.530761719,
        "mean": 9.04529571533,
        "median": 1.82101106644,
        "min": -1.61551821232,
        "var": 646.307556152
    },
    "barkbands_skewness": {
        "dmean": 0.978043377399,
        "dmean2": 1.55673766136,
        "dvar": 1.80450081825,
        "dvar2": 4.56723213196,
        "max": 15.4459323883,
        "mean": 1.97610914707,
        "median": 1.50884461403,
        "min": -1.50482821465,
        "var": 4.06958007812
    },
    "barkbands_spread": {
        "dmean": 6.17876291275,
        "dmean2": 9.6385011673,
        "dvar": 51.0591926575,
        "dvar2": 114.727012634,
        "max": 76.9416046143,
        "mean": 21.42786026,
        "median": 20.2132282257,
        "min": 0.539193153381,
        "var": 152.542098999
    },
    "dissonance": {
        "dmean": 0.0253277923912,
        "dmean2": 0.0425337068737,
        "dvar": 0.000566306407563,
        "dvar2": 0.00153610191774,
        "max": 0.499647080898,
        "mean": 0.455861568451,
        "median": 0.464000195265,
        "min": 0.302761614323,
        "var": 0.00106694374699
    },
    "dynamic_complexity": 2.07511138916,
    "erbbands_crest": {
        "dmean": 3.27196240425,
        "dmean2": 5.28649139404,
        "dvar": 8.90091133118,
        "dvar2": 21.0710258484,
        "max": 30.4598674774,
        "mean": 10.3946752548,
        "median": 9.41391372681,
        "min": 2.25213122368,
        "var": 24.2682704926
    },
    "erbbands_flatness_db": {
        "dmean": 0.0195896085352,
        "dmean2": 0.027967909351,
        "dvar": 0.000328247348079,
        "dvar2": 0.000675850664265,
        "max": 0.288765221834,
        "mean": 0.162795752287,
        "median": 0.161928579211,
        "min": 0.0703169628978,
        "var": 0.00183395983186
    },
    "erbbands_kurtosis": {
        "dmean": 1.04567861557,
        "dmean2": 1.63435566425,
        "dvar": 1.71967196465,
        "dvar2": 3.86222910881,
        "max": 21.6199703217,
        "mean": 0.887954175472,
        "median": 0.300420999527,
        "min": -1.79201424122,
        "var": 4.82286262512
    },
    "erbbands_skewness": {
        "dmean": 0.403925716877,
        "dmean2": 0.624101042747,
        "dvar": 0.131937548518,
        "dvar2": 0.307080090046,
        "max": 3.1264064312,
        "mean": 0.259006500244,
        "median": 0.236557468772,
        "min": -1.80205774307,
        "var": 0.456735879183
    },
    "erbbands_spread": {
        "dmean": 9.87793159485,
        "dmean2": 14.8779697418,
        "dvar": 132.773391724,
        "dvar2": 307.924835205,
        "max": 196.389633179,
        "mean": 35.3272666931,
        "median": 31.205198288,
        "min": 3.350502491,
        "var": 414.977325439
    },
    "hfc": {
        "dmean": 8.35431957245,
        "dmean2": 12.3627119064,
        "dvar": 131.379745483,
        "dvar2": 292.701965332,
        "max": 169.836517334,
        "mean": 27.3587970734,
        "median": 23.6805610657,
        "min": 0.930661678314,
        "var": 370.832519531
    },
    "melbands_crest": {
        "dmean": 3.61295104027,
        "dmean2": 5.52670621872,
        "dvar": 11.5054788589,
        "dvar2": 27.4156837463,
        "max": 34.5508804321,
        "mean": 19.0244407654,
        "median": 18.4223575592,
        "min": 3.11574411392,
        "var": 35.8734893799
    },
    "melbands_flatness_db": {
        "dmean": 0.0357811525464,
        "dmean2": 0.0559130609035,
        "dvar": 0.00143588171341,
        "dvar2": 0.00362156075425,
        "max": 0.541802048683,
        "mean": 0.250331193209,
        "median": 0.23934648931,
        "min": 0.0226098652929,
        "var": 0.00531381275505
    },
    "melbands_kurtosis": {
        "dmean": 20.0926685333,
        "dmean2": 34.6714630127,
        "dvar": 2133.1862793,
        "dvar2": 5819.50634766,
        "max": 694.655395508,
        "mean": 23.7282009125,
        "median": 8.28082847595,
        "min": -1.49570572376,
        "var": 2395.16796875
    },
    "melbands_skewness": {
        "dmean": 1.31663393974,
        "dmean2": 2.10007405281,
        "dvar": 2.94143509865,
        "dvar2": 7.31981706619,
        "max": 24.063457489,
        "mean": 3.23350834846,
        "median": 2.63422393799,
        "min": -0.867606461048,
        "var": 6.85850715637
    },
    "melbands_spread": {
        "dmean": 6.66486358643,
        "dmean2": 9.9837808609,
        "dvar": 52.0686569214,
        "dvar2": 112.259910583,
        "max": 92.4588470459,
        "mean": 21.1810932159,
        "median": 18.7294654846,
        "min": 0.433921426535,
        "var": 208.291213989
    },
    "pitch_salience": {
        "dmean": 0.0844922214746,
        "dmean2": 0.138550102711,
        "dvar": 0.00746212154627,
        "dvar2": 0.0189129002392,
        "max": 0.768627107143,
        "mean": 0.40399697423,
        "median": 0.410160779953,
        "min": 0.0747705101967,
        "var": 0.0152983563021
    },
    "silence_rate_20dB": {
        "dmean": 0,
        "dmean2": 0,
        "dvar": 0,
        "dvar2": 0,
        "max": 1,
        "mean": 1,
        "median": 1,
        "min": 1,
        "var": 0
    },
    "silence_rate_30dB": {
        "dmean": 0.113003097475,
        "dmean2": 0.226181253791,
        "dvar": 0.100234769285,
        "dvar2": 0.182770729065,
        "max": 1,
        "mean": 0.851508140564,
        "median": 1,
        "min": 0,
        "var": 0.126441478729
    },
    "silence_rate_60dB": {
        "dmean": 0,
        "dmean2": 0,
        "dvar": 0,
        "dvar2": 0,
        "max": 0,
        "mean": 0,
        "median": 0,
        "min": 0,
        "var": 0
    },
    "spectral_centroid": {
        "dmean": 273.901855469,
        "dmean2": 409.627288818,
        "dvar": 73877.2265625,
        "dvar2": 155796.65625,
        "max": 3454.77050781,
        "mean": 1459.7322998,
        "median": 1440.28186035,
        "min": 236.672363281,
        "var": 349772.1875
    },
    "spectral_complexity": {
        "dmean": 4.39086675644,
        "dmean2": 6.7877612114,
        "dvar": 28.7936153412,
        "dvar2": 62.5623016357,
        "max": 64,
        "mean": 19.4006195068,
        "median": 18,
        "min": 3,
        "var": 82.3823928833
    },
    "spectral_decrease": {
        "dmean": 6.16172712853e-09,
        "dmean2": 1.00208392695e-08,
        "dvar": 7.94459994498e-17,
        "dvar2": 2.0530088114e-16,
        "max": -9.27419752106e-10,
        "mean": -1.4443900298e-08,
        "median": -1.12294316068e-08,
        "min": -5.85239554596e-08,
        "var": 1.14963745289e-16
    },
    "spectral_energy": {
        "dmean": 0.023659452796,
        "dmean2": 0.0383542887866,
        "dvar": 0.0011424086988,
        "dvar2": 0.00293754949234,
        "max": 0.222820580006,
        "mean": 0.0569961071014,
        "median": 0.0450821556151,
        "min": 0.00361328851432,
        "var": 0.00168095587287
    },
    "spectral_energyband_high": {
        "dmean": 0.000538106949534,
        "dmean2": 0.000800806621555,
        "dvar": 1.15880482099e-06,
        "dvar2": 2.70402233582e-06,
        "max": 0.0165834873915,
        "mean": 0.00100666412618,
        "median": 0.000505652511492,
        "min": 1.53363544086e-06,
        "var": 2.18239961214e-06
    },
    "spectral_energyband_low": {
        "dmean": 0.0217806957662,
        "dmean2": 0.0364970266819,
        "dvar": 0.00123463233467,
        "dvar2": 0.00325262825936,
        "max": 0.213537037373,
        "mean": 0.0376334749162,
        "median": 0.0214603357017,
        "min": 1.94423519133e-05,
        "var": 0.00166070926934
    },
    "spectral_energyband_middle_high": {
        "dmean": 0.00342818931676,
        "dmean2": 0.00505482684821,
        "dvar": 1.68669648701e-05,
        "dvar2": 3.640088471e-05,
        "max": 0.0746287107468,
        "mean": 0.00964014139026,
        "median": 0.00636846292764,
        "min": 7.43743730709e-05,
        "var": 9.32574257604e-05
    },
    "spectral_energyband_middle_low": {
        "dmean": 0.00435459334403,
        "dmean2": 0.00689452001825,
        "dvar": 3.03261113004e-05,
        "dvar2": 7.54114516894e-05,
        "max": 0.0534017756581,
        "mean": 0.00963307637721,
        "median": 0.00677551934496,
        "min": 0.000696083996445,
        "var": 6.51280861348e-05
    },
    "spectral_entropy": {
        "dmean": 0.199181735516,
        "dmean2": 0.28128400445,
        "dvar": 0.0355216450989,
        "dvar2": 0.0776677504182,
        "max": 8.57933807373,
        "mean": 7.39880466461,
        "median": 7.36247873306,
        "min": 6.28249549866,
        "var": 0.181105911732
    },
    "spectral_flux": {
        "dmean": 0.0432192049921,
        "dmean2": 0.0696170404553,
        "dvar": 0.00229409965687,
        "dvar2": 0.00520120095462,
        "max": 0.380020052195,
        "mean": 0.123298406601,
        "median": 0.101797252893,
        "min": 0.0217429157346,
        "var": 0.00519507844001
    },
    "spectral_kurtosis": {
        "dmean": 1.59324193001,
        "dmean2": 2.5276081562,
        "dvar": 3.2337911129,
        "dvar2": 7.98096179962,
        "max": 25.3104839325,
        "mean": 4.94580936432,
        "median": 4.56136322021,
        "min": -1.34767746925,
        "var": 8.70079231262
    },
    "spectral_rms": {
        "dmean": 0.00138415920082,
        "dmean2": 0.0021678621415,
        "dvar": 3.00332294501e-06,
        "dvar2": 7.00460759617e-06,
        "max": 0.0147440135479,
        "mean": 0.00705641089007,
        "median": 0.00663193734363,
        "min": 0.0018775408389,
        "var": 5.81299218538e-06
    },
    "spectral_rolloff": {
        "dmean": 413.597229004,
        "dmean2": 680.823364258,
        "dvar": 531182,
        "dvar2": 1200712.875,
        "max": 8807.08007812,
        "mean": 1042.4375,
        "median": 882.861328125,
        "min": 64.599609375,
        "var": 993661.625
    },
    "spectral_skewness": {
        "dmean": 0.244014471769,
        "dmean2": 0.373753339052,
        "dvar": 0.0575994364917,
        "dvar2": 0.127338692546,
        "max": 3.81594085693,
        "mean": 1.61112606525,
        "median": 1.54268407822,
        "min": 0.224264800549,
        "var": 0.236610144377
    },
    "spectral_spread": {
        "dmean": 582107.8125,
        "dmean2": 830516.875,
        "dvar": 804482973696,
        "dvar2": 1.23881940582e+12,
        "max": 22633142,
        "mean": 4365565,
        "median": 4014176.75,
        "min": 1677027.25,
        "var": 2.30975366758e+12
    },
    "spectral_strongpeak": {
        "dmean": 0.628390371799,
        "dmean2": 1.09204161167,
        "dvar": 1.60848474503,
        "dvar2": 4.13304662704,
        "max": 11.7820768356,
        "mean": 1.00143694878,
        "median": 0.376657813787,
        "min": 0,
        "var": 2.70972371101
    },
    "zerocrossingrate": {
        "dmean": 0.00834915600717,
        "dmean2": 0.00963627360761,
        "dvar": 9.34631534619e-05,
        "dvar2": 0.000100884899439,
        "max": 0.2529296875,
        "mean": 0.0435710772872,
        "median": 0.03955078125,
        "min": 0.00244140625,
        "var": 0.00063403166132
    },
    "barkbands": {
        "dmean": [0.00144487153739, 0.0206035450101, 0.00284714344889, 0.00097424373962, 0.000694993592333, 0.00133879692294, 0.00110927433707, 0.00110470631626, 0.000839114829432, 0.000798368128017, 0.00133258185815, 0.000968847598415, 0.000737584603485, 0.000594470824581, 0.000567756942473, 0.000362015765859, 0.000218872562982, 0.000199527406949, 0.000306050089421, 0.000256239087321, 0.000146949096234, 8.7984270067e-05, 7.49589598854e-05, 8.2792394096e-05, 5.64113324799e-05, 1.88300455193e-05, 5.98682490249e-08],
        "dmean2": [0.00230339262635, 0.035633251071, 0.00482633383945, 0.00168867001776, 0.00112150376663, 0.00212612585165, 0.00178690103348, 0.00181890977547, 0.00127002771478, 0.00113584811334, 0.00192422699183, 0.00148121360689, 0.00108926685061, 0.000885280955117, 0.00090103643015, 0.000575058162212, 0.000357372540748, 0.000319602055242, 0.000489211059175, 0.000396971096052, 0.000223331153393, 0.000141439668369, 0.000111394649139, 0.000126345315948, 8.28996562632e-05, 2.95871905109e-05, 1.04217399155e-07],
        "dvar": [7.25389054423e-06, 0.00120373652317, 4.35015717812e-05, 5.58214878765e-06, 1.42121291447e-06, 4.80719427287e-06, 3.79421931029e-06, 5.30759780304e-06, 3.48807634509e-06, 3.69069903172e-06, 6.27438521406e-06, 6.8962935984e-06, 2.47487423621e-06, 1.82491362466e-06, 1.1355789411e-06, 8.86364091457e-07, 2.28675759217e-07, 1.22898569543e-07, 1.97448670747e-07, 2.00131523798e-07, 8.37143474541e-08, 5.5661367071e-08, 4.38225598032e-08, 4.60918023748e-08, 1.71534821902e-08, 1.81778281316e-09, 1.33558230664e-13],
        "dvar2": [1.63781933225e-05, 0.00338792661205, 0.000119021868159, 1.4326337805e-05, 3.58128113476e-06, 1.0541222764e-05, 9.18112709769e-06, 1.3625704014e-05, 8.09512221167e-06, 5.57847988603e-06, 1.30866956169e-05, 1.3467257304e-05, 5.46360206499e-06, 3.60590706805e-06, 2.68117923952e-06, 2.0368386231e-06, 5.20932303516e-07, 2.66944852001e-07, 4.8741384262e-07, 4.47217701094e-07, 1.92751556938e-07, 1.35571895044e-07, 9.50651113385e-08, 1.09483302424e-07, 3.65994132778e-08, 4.25381685432e-09, 3.40551290509e-13],
        "max": [0.0187293384224, 0.195324167609, 0.0670042186975, 0.0230128057301, 0.010408741422, 0.0280835088342, 0.0351055189967, 0.0287174098194, 0.0321056693792, 0.0438372828066, 0.0488124489784, 0.0688624680042, 0.0188392344862, 0.01967847161, 0.0147845391184, 0.0168338995427, 0.00553083978593, 0.00474264007062, 0.00450898054987, 0.00822861026973, 0.00398120004684, 0.00304926978424, 0.00310653704219, 0.0030810192693, 0.00182265543845, 0.000485140772071, 6.25210941507e-06],
        "mean": [0.00197327695787, 0.0313965976238, 0.0036652891431, 0.00102301093284, 0.00101975502912, 0.00232722819783, 0.00169705995359, 0.00137300719507, 0.00144186604302, 0.00139542517718, 0.00257340818644, 0.00147901207674, 0.00108260393608, 0.000910400762223, 0.00083938165335, 0.000515592459124, 0.000291934265988, 0.00028605692205, 0.000520184461493, 0.000469493446872, 0.000239821340074, 0.000127569262986, 0.000112711793918, 0.000114554917673, 9.07989160623e-05, 3.01257132378e-05, 4.59237838868e-08],
        "median": [0.000984739745036, 0.0170088000596, 0.00164730323013, 0.000239001630689, 0.000500368303619, 0.0010135169141, 0.000721894204617, 0.000473036721814, 0.000437381240772, 0.000376171607058, 0.00070384965511, 0.000385899766115, 0.000254530459642, 0.000173396925675, 0.000307033711579, 0.000118377065519, 9.63071579463e-05, 0.000119080868899, 0.000293101911666, 0.000215118823689, 0.000104184553493, 2.89919389616e-05, 2.52269292105e-05, 3.3529871871e-05, 2.90297339234e-05, 1.09466745926e-05, 1.13683484848e-09],
        "min": [9.09214463718e-07, 2.58683621723e-06, 1.30525097575e-06, 1.21871187275e-06, 1.28739247884e-05, 3.19784849125e-05, 6.2694425651e-06, 2.46291870099e-06, 5.49666083316e-06, 1.75667457825e-06, 3.24913366967e-06, 1.79880532869e-06, 1.61511866281e-06, 2.34184744841e-06, 1.06876575501e-06, 4.26393341968e-07, 5.4352517509e-07, 3.03590837802e-07, 8.91307365691e-07, 8.79912363416e-07, 2.74238203701e-07, 7.12484933274e-08, 4.1077584001e-08, 6.32804528777e-08, 2.95716109378e-08, 1.17463247462e-10, 8.80223238048e-12],
        "var": [8.39511631057e-06, 0.00136144470889, 3.46689994331e-05, 6.29920077699e-06, 1.9608751245e-06, 1.18090574688e-05, 7.73034298618e-06, 6.47605975246e-06, 7.51561265133e-06, 1.2550932297e-05, 2.50965658779e-05, 1.81413633982e-05, 5.36295510756e-06, 5.07822096552e-06, 2.3047148261e-06, 2.05745300264e-06, 3.72360062784e-07, 2.26368712219e-07, 3.65282545545e-07, 5.83234509577e-07, 1.50828142864e-07, 8.53561914482e-08, 8.24544983402e-08, 6.54506067121e-08, 3.47233104492e-08, 3.30090799139e-09, 1.02978457467e-13]
    },
    "erbbands": {
        "dmean": [0.667155563831, 4.57722568512, 3.99196839333, 3.53792953491, 2.11126875877, 2.60514855385, 5.45949029922, 13.919462204, 12.7743387222, 26.1958999634, 16.533536911, 20.5362625122, 24.3000392914, 31.9431800842, 52.7041244507, 40.7268753052, 32.1486053467, 34.0068511963, 26.6886253357, 22.9429187775, 14.9559583664, 10.9088411331, 9.5141544342, 15.1994514465, 12.646821022, 11.5038194656, 8.94678688049, 3.92747735977, 3.26113295555, 2.61318230629, 2.16614508629, 1.85879671574, 1.30895364285, 0.765597224236, 0.349791556597, 0.129319295287, 0.0295273195952, 0.00199295138009, 5.06139040226e-05, 2.7703545129e-05],
        "dmean2": [1.13764405251, 7.89785146713, 6.28035306931, 6.06147193909, 3.73788189888, 4.14278936386, 8.67796421051, 21.7990951538, 20.4910945892, 41.5073661804, 27.3037166595, 30.793504715, 33.536605835, 46.8672218323, 76.0041275024, 61.9159088135, 48.5925559998, 49.5926895142, 41.617389679, 36.7711448669, 23.6575527191, 17.4192676544, 15.3743724823, 24.4478397369, 19.6618862152, 17.9858398438, 13.7079696655, 6.16833353043, 5.22407627106, 4.0815987587, 3.20731949806, 2.87663602829, 2.00811386108, 1.15156948566, 0.499691784382, 0.194903343916, 0.0461821742356, 0.0032415848691, 7.76414017309e-05, 4.44809229521e-05],
        "dvar": [1.48213493824, 64.9843521118, 62.8170661926, 69.838722229, 33.3400802612, 18.4822158813, 86.1244125366, 599.839599609, 488.332611084, 2235.0246582, 1065.24890137, 1824.91271973, 3879.73291016, 5134.74511719, 11607.0166016, 15317.0634766, 4519.83544922, 5007.74609375, 2435.92236328, 2303.01367188, 1029.8449707, 554.872070312, 337.944122314, 582.032287598, 423.753448486, 474.357330322, 239.903396606, 71.1184158325, 67.8831329346, 66.7454223633, 33.9227294922, 18.0457954407, 15.1483364105, 3.93379592896, 0.565306782722, 0.0745985731483, 0.0054215490818, 3.60412268492e-05, 1.74675811593e-08, 1.45959966336e-09],
        "dvar2": [3.87977957726, 186.812591553, 150.042922974, 184.76461792, 94.681968689, 44.1880683899, 210.435546875, 1294.13269043, 1093.94384766, 5580.55126953, 2853.08813477, 3861.84594727, 5823.61474609, 10836.8398438, 20475.8242188, 31024.09375, 10013.0302734, 9400.40429688, 5522.47265625, 5728.60888672, 2179.03393555, 1285.40661621, 757.819824219, 1445.15991211, 961.443725586, 1096.65148926, 562.549255371, 167.773757935, 164.31791687, 160.468276978, 72.9913635254, 41.6457366943, 36.8843841553, 9.26631450653, 1.16431450844, 0.169672474265, 0.013034934178, 9.16577628232e-05, 4.17836645283e-08, 3.5881537741e-09],
        "max": [9.12717437744, 46.2967338562, 85.3094558716, 60.3368415833, 65.1204605103, 56.2469520569, 159.49168396, 300.765960693, 342.150909424, 548.80859375, 411.798553467, 601.165161133, 1756.83666992, 1239.81933594, 2368.47387695, 3403.89624023, 956.518981934, 1097.79589844, 1040.76745605, 561.291015625, 657.894958496, 256.824249268, 183.680221558, 261.524414062, 294.774841309, 425.108398438, 201.95803833, 113.662231445, 100.208198547, 121.183433533, 85.2674255371, 53.546207428, 56.2959251404, 24.1048660278, 10.6041908264, 3.51109695435, 0.915500879288, 0.104096718132, 0.00200529186986, 0.000313320459099],
        "mean": [1.11011898518, 6.07680606842, 5.98488712311, 3.94973492622, 2.3346555233, 3.95068430901, 8.49413585663, 23.3646144867, 20.8395900726, 36.887638092, 21.5173854828, 37.0258026123, 47.3528938293, 59.6659126282, 97.182723999, 67.292930603, 52.0347862244, 58.4328346252, 43.8053398132, 35.2275390625, 23.4576759338, 14.7411327362, 14.4130430222, 25.9240283966, 23.9425067902, 21.269985199, 15.6194982529, 6.43874549866, 4.74467563629, 3.81011366844, 3.27080392838, 2.64475727081, 1.72612071037, 1.13296878338, 0.553916335106, 0.198940888047, 0.0465129688382, 0.00280226301402, 9.76831652224e-05, 7.05233687768e-05],
        "median": [0.664575815201, 3.1006937027, 2.97623634338, 1.3056397438, 0.919874846935, 1.70365905762, 4.61638402939, 8.9418258667, 10.6917095184, 12.6389808655, 10.4964952469, 11.6721982956, 16.0551013947, 19.2576618195, 28.6696567535, 20.861995697, 15.4394140244, 15.5885210037, 16.9175128937, 15.4685087204, 7.62615633011, 5.12631320953, 5.67473173141, 14.5620498657, 12.5915307999, 10.0180397034, 8.07895278931, 2.53341674805, 1.17471015453, 0.690161526203, 0.789395868778, 0.848848998547, 0.373371750116, 0.293446302414, 0.194798707962, 0.0741818547249, 0.0151685215533, 0.000775398744736, 5.21653601027e-05, 5.65634982195e-05],
        "min": [6.21594954282e-05, 0.0005933084758, 0.00590926408768, 0.0228753853589, 0.0414410941303, 0.0623993016779, 0.0878566876054, 0.38570702076, 0.206929638982, 0.298843741417, 0.264325797558, 0.258761316538, 0.167699307203, 0.157213002443, 0.160198718309, 0.23655153811, 0.11691814661, 0.156473726034, 0.134928926826, 0.0439282506704, 0.0359901338816, 0.0287893116474, 0.0220361948013, 0.0458486489952, 0.0330245643854, 0.0438519082963, 0.0198758598417, 0.00850830227137, 0.00300980918109, 0.000809740333352, 0.00144965981599, 0.00220096693374, 0.000537957123015, 0.000745996716432, 0.000121454242617, 2.05807227758e-05, 2.33861646848e-06, 2.67581839353e-07, 2.86845511255e-06, 4.41809743279e-06],
        "var": [1.68709969521, 63.2135467529, 68.2469940186, 65.7563247681, 24.9819698334, 35.7361526489, 130.258285522, 1465.37866211, 1053.44458008, 3611.44970703, 1135.09460449, 4796.64453125, 17065.3535156, 15455.6796875, 43726.9921875, 39640.9414062, 10402.8974609, 15698.6494141, 5495.98632812, 4079.88793945, 2601.75878906, 770.173034668, 570.439208984, 1123.17590332, 1076.109375, 1163.13500977, 448.013427734, 124.89691925, 108.583076477, 104.169181824, 63.4773674011, 27.5156726837, 20.2137298584, 6.75167798996, 1.15671277046, 0.135429292917, 0.0100702876225, 5.16234649695e-05, 2.75777392034e-08, 2.38223663018e-09]
    },
    "gfcc": {
        "mean": [20.6850643158, 102.740921021, -112.901306152, 35.7685279846, -48.8221969604, 27.5337600708, -21.8229541779, 24.5385837555, -22.619638443, 19.8488483429, 0.37433552742, 0.994072437286, -1.74541783333],
        "cov": [[2439.08666992, -923.704406738, -479.504547119, 114.430458069, -126.112533569, 210.997879028, -40.2795333862, 19.6203155518, -26.8989086151, 43.0798873901, -284.708129883, 80.7576293945, -240.289276123], [-923.704406738, 896.121643066, 106.913383484, -130.345474243, 134.123458862, -117.397254944, 112.892875671, -41.4166107178, 31.4431476593, -49.7925109863, 168.387420654, -120.895622253, 143.898666382], [-479.504547119, 106.913383484, 658.880004883, 144.379867554, -70.114730835, 37.8901863098, -80.2959899902, 15.1132221222, 29.1876506805, -32.4494743347, 51.2752761841, 8.87220096588, 36.7143516541], [114.430458069, -130.345474243, 144.379867554, 429.127380371, 33.4535293579, -76.6758575439, -114.579277039, 16.2797985077, 101.058197021, -93.7315750122, -21.660112381, 38.3421936035, 9.98044681549], [-126.112533569, 134.123458862, -70.114730835, 33.4535293579, 259.094329834, -31.7322788239, 8.4148683548, 25.4666099548, 50.8049163818, -4.25598573685, -8.7480506897, 0.0838045850396, 25.244726181], [210.997879028, -117.397254944, 37.8901863098, -76.6758575439, -31.7322788239, 228.278823853, 67.8784866333, -44.08826828, -16.5725078583, 21.0796451569, -22.4868717194, -9.7376537323, -37.1049499512], [-40.2795333862, 112.892875671, -80.2959899902, -114.579277039, 8.4148683548, 67.8784866333, 221.010452271, -27.6372356415, -29.0474014282, 21.803976059, 48.3370819092, -8.36802768707, -17.0430679321], [19.6203155518, -41.4166107178, 15.1132221222, 16.2797985077, 25.4666099548, -44.08826828, -27.6372356415, 129.162918091, 27.9139442444, -4.06535243988, -2.63452267647, 3.1904399395, 19.646522522], [-26.8989086151, 31.4431476593, 29.1876506805, 101.058197021, 50.8049163818, -16.5725078583, -29.0474014282, 27.9139442444, 159.790252686, -23.4151096344, -31.444562912, 6.65461349487, 0.250504821539], [43.0798873901, -49.7925109863, -32.4494743347, -93.7315750122, -4.25598573685, 21.0796451569, 21.803976059, -4.06535243988, -23.4151096344, 112.818847656, 7.9974656105, 0.118536412716, -8.40679264069], [-284.708129883, 168.387420654, 51.2752761841, -21.660112381, -8.7480506897, -22.4868717194, 48.3370819092, -2.63452267647, -31.444562912, 7.9974656105, 149.216934204, -8.57260322571, 42.3661575317], [80.7576293945, -120.895622253, 8.87220096588, 38.3421936035, 0.0838045850396, -9.7376537323, -8.36802768707, 3.1904399395, 6.65461349487, 0.118536412716, -8.57260322571, 105.374816895, -12.8231496811], [-240.289276123, 143.898666382, 36.7143516541, 9.98044681549, 25.244726181, -37.1049499512, -17.0430679321, 19.646522522, 0.250504821539, -8.40679264069, 42.3661575317, -12.8231496811, 126.592102051]],
        "icov": [[0.00109712814447, -2.63909496425e-05, 0.00102957093623, -0.00107421260327, 0.000679036893416, -0.00134655705187, 0.000254299113294, -0.000997507711872, 0.000699246069416, -0.000695884576999, 0.0012078731088, -0.000457695568912, 0.00105934753083], [-2.63909496425e-05, 0.00524597754702, -0.00182268163189, 0.00337648415007, -0.00262567377649, 0.00406335806474, -0.00237814779393, 0.00393424648792, -0.00297629623674, 0.00371857429855, -0.00321836583316, 0.00456905458122, -0.00317424722016], [0.00102957093623, -0.00182268163189, 0.00358284986578, -0.00278103607707, 0.00209219846874, -0.00361552182585, 0.0018571842229, -0.00260492996313, 0.00142448931001, -0.00183278426994, 0.00112064753193, -0.00207235873677, 0.00167414161842], [-0.00107421260327, 0.00337648415007, -0.00278103607707, 0.0072616240941, -0.00268237059936, 0.00468822708353, -0.000493508414365, 0.00407735351473, -0.00433626165614, 0.00553529430181, -0.00338544906117, 0.00222550868057, -0.00269859959371], [0.000679036893416, -0.00262567377649, 0.00209219846874, -0.00268237059936, 0.00624070363119, -0.0025529472623, 0.000750166189391, -0.00306695257314, 0.000613102281932, -0.00255807884969, 0.00262794573791, -0.00250249006785, 0.00115834583994], [-0.00134655705187, 0.00406335806474, -0.00361552182585, 0.00468822708353, -0.0025529472623, 0.0108277155086, -0.0040500536561, 0.00576101709157, -0.00325769302435, 0.00329049467109, -0.00212912075222, 0.00447957636788, -0.00286115473136], [0.000254299113294, -0.00237814779393, 0.0018571842229, -0.000493508414365, 0.000750166189391, -0.0040500536561, 0.00792077090591, -0.00146981165744, 0.0011756879976, -0.00127780239563, -0.00130277010612, -0.00244621862657, 0.00274505512789], [-0.000997507711872, 0.00393424648792, -0.00260492996313, 0.00407735351473, -0.00306695257314, 0.00576101709157, -0.00146981165744, 0.0127023681998, -0.00423142919317, 0.0033372126054, -0.00315402331762, 0.00354861328378, -0.0041555208154], [0.000699246069416, -0.00297629623674, 0.00142448931001, -0.00433626165614, 0.000613102281932, -0.00325769302435, 0.0011756879976, -0.00423142919317, 0.0104174157605, -0.00245812023059, 0.00411692727357, -0.00258215330541, 0.00255384691991], [-0.000695884576999, 0.00371857429855, -0.00183278426994, 0.00553529430181, -0.00255807884969, 0.00329049467109, -0.00127780239563, 0.0033372126054, -0.00245812023059, 0.0140885161236, -0.00377018214203, 0.00260816351511, -0.00220163282938], [0.0012078731088, -0.00321836583316, 0.00112064753193, -0.00338544906117, 0.00262794573791, -0.00212912075222, -0.00130277010612, -0.00315402331762, 0.00411692727357, -0.00377018214203, 0.0128017961979, -0.00287431827746, 0.000224930801778], [-0.000457695568912, 0.00456905458122, -0.00207235873677, 0.00222550868057, -0.00250249006785, 0.00447957636788, -0.00244621862657, 0.00354861328378, -0.00258215330541, 0.00260816351511, -0.00287431827746, 0.0142296021804, -0.00212328438647], [0.00105934753083, -0.00317424722016, 0.00167414161842, -0.00269859959371, 0.00115834583994, -0.00286115473136, 0.00274505512789, -0.0041555208154, 0.00255384691991, -0.00220163282938, 0.000224930801778, -0.00212328438647, 0.0127488477156]]
    },
    "melbands": {
        "dmean": [0.00586536433548, 0.00332409748808, 0.000551831617486, 0.000145365440403, 0.000177056979737, 0.000295421486953, 0.000205512566026, 0.000289873831207, 0.000124730839161, 0.000135943759233, 0.000121327939269, 0.000123367499327, 0.000169737497345, 0.000129967957037, 6.91625173204e-05, 8.71031079441e-05, 6.73040776746e-05, 4.33430614066e-05, 4.1643041186e-05, 3.18299862556e-05, 1.62072337844e-05, 1.3173465959e-05, 9.2628015409e-06, 8.89852981345e-06, 1.40147349157e-05, 1.06734260044e-05, 8.09804259916e-06, 9.16596673051e-06, 6.82038034938e-06, 3.69697499991e-06, 2.11417682294e-06, 2.05220067073e-06, 1.60557976869e-06, 1.46375339227e-06, 1.33996900331e-06, 1.13978308036e-06, 1.15797024591e-06, 9.95999471343e-07, 7.58486635277e-07, 6.5537875571e-07],
        "dmean2": [0.0101764164865, 0.00547654367983, 0.000956056581344, 0.000240559980739, 0.000274989986792, 0.000462859345134, 0.000326154200593, 0.000462787720608, 0.000203595656785, 0.000204083044082, 0.000167338119354, 0.000181363240699, 0.000243778224103, 0.000196196357138, 0.000109862681711, 0.000127357008751, 9.79579272098e-05, 6.6597800469e-05, 6.56539632473e-05, 5.1133116358e-05, 2.55465402006e-05, 2.12612994801e-05, 1.5268147763e-05, 1.4306581761e-05, 2.26460797421e-05, 1.67469643202e-05, 1.24133985082e-05, 1.41456894198e-05, 1.05610970422e-05, 5.66632616028e-06, 3.3934172734e-06, 3.35208960678e-06, 2.58716363533e-06, 2.29989291256e-06, 1.97614440367e-06, 1.73650562374e-06, 1.83372674201e-06, 1.56695296027e-06, 1.1462659586e-06, 1.01573607481e-06],
        "dvar": [0.000101603094663, 3.41984487022e-05, 1.74159140442e-06, 8.55404778122e-08, 7.33515506113e-08, 2.5022248451e-07, 1.20824793726e-07, 2.90156549454e-07, 5.96867977265e-08, 8.65937366257e-08, 9.7516767994e-08, 8.02174824344e-08, 1.10185354174e-07, 1.15463286932e-07, 3.02755367443e-08, 4.02217033013e-08, 2.49118095041e-08, 7.54889395438e-09, 7.97794719176e-09, 7.72604291654e-09, 1.12777331918e-09, 7.91471110873e-10, 4.09011019498e-10, 3.02163322141e-10, 5.38620537061e-10, 2.69297417699e-10, 2.24796889436e-10, 3.69124536492e-10, 1.2725365206e-10, 5.85849355139e-11, 2.3812923855e-11, 2.52578756521e-11, 2.13574661428e-11, 2.32610267853e-11, 1.30836244616e-11, 7.26401534409e-12, 6.98629131976e-12, 9.65041414835e-12, 4.39076032477e-12, 2.80108965536e-12],
        "dvar2": [0.000283884641249, 8.23156151455e-05, 4.66271285404e-06, 2.34174720504e-07, 1.76627537485e-07, 5.42140810467e-07, 2.80056241309e-07, 7.29675207367e-07, 1.53912537826e-07, 1.8531044077e-07, 1.51859339326e-07, 1.62154634609e-07, 2.08018036574e-07, 2.30048797789e-07, 6.1321266287e-08, 8.66617355655e-08, 4.56245032865e-08, 1.65884781467e-08, 1.86266380098e-08, 1.82995574249e-08, 2.41344633167e-09, 1.76418368802e-09, 1.02298125526e-09, 6.90882462351e-10, 1.34343847158e-09, 6.25867080384e-10, 4.95132213008e-10, 8.40758795917e-10, 3.05155400948e-10, 1.28342572681e-10, 5.741730702e-11, 6.39434755145e-11, 5.04504667209e-11, 5.61986637782e-11, 2.83799771877e-11, 1.60046021574e-11, 1.65908033839e-11, 2.41957599789e-11, 1.04588317174e-11, 6.60842517861e-12],
        "max": [0.0643298849463, 0.0442210808396, 0.00940666627139, 0.00295096752234, 0.00460687745363, 0.00619002571329, 0.0046420013532, 0.00560816144571, 0.002932904521, 0.0041056862101, 0.00864506792277, 0.0046953773126, 0.00665278360248, 0.00809043087065, 0.003522654064, 0.00250665307976, 0.00250810640864, 0.00189259205945, 0.00140464014839, 0.00161498144735, 0.000544610142242, 0.000292186072329, 0.000231305821217, 0.000273141951766, 0.000273532379651, 0.000198394962354, 0.000248896132689, 0.00039084625314, 0.000127832056023, 0.000128753774334, 6.29556525382e-05, 6.18906342424e-05, 5.91295174672e-05, 7.24037454347e-05, 5.11692924192e-05, 3.76040225092e-05, 3.7324592995e-05, 5.21305264556e-05, 2.49858803727e-05, 2.06892800634e-05],
        "mean": [0.00932871643454, 0.00495135923848, 0.000632689916529, 0.000203103962122, 0.000284158595605, 0.000502562499605, 0.000332461349899, 0.000398022530135, 0.000154442881467, 0.000246971554589, 0.00022488994, 0.000215136416955, 0.000314803008223, 0.000211690668948, 0.000107532883703, 0.000128468411276, 0.000107344611024, 6.40902653686e-05, 5.86238929827e-05, 4.66963356303e-05, 2.27349901252e-05, 1.68122987816e-05, 1.18028883662e-05, 1.32006925924e-05, 2.21360496653e-05, 1.76689118234e-05, 1.46030397445e-05, 1.50128107634e-05, 1.13789865281e-05, 5.67792858419e-06, 3.0973039884e-06, 2.80705853584e-06, 2.21477648665e-06, 2.04995922104e-06, 1.93916116586e-06, 1.70927353338e-06, 1.5319327531e-06, 1.22007054415e-06, 1.05071819689e-06, 9.37521917876e-07],
        "median": [0.00529122399166, 0.00264887907542, 0.000219162247959, 8.9453162218e-05, 0.000166724872543, 0.000205436110264, 0.000157924892846, 0.000135787413456, 6.91456443747e-05, 6.94202608429e-05, 6.45657637506e-05, 5.36372135684e-05, 8.81556625245e-05, 6.2018421886e-05, 2.98017330351e-05, 2.67927571258e-05, 2.00460617634e-05, 2.0469275114e-05, 2.04300959012e-05, 1.24987818708e-05, 6.7305650191e-06, 5.69740859646e-06, 3.79919742954e-06, 5.66728658669e-06, 1.12629859359e-05, 9.27555720409e-06, 5.91837442698e-06, 6.43661678623e-06, 5.6442049754e-06, 2.21815867008e-06, 9.39890014706e-07, 6.18631645466e-07, 3.72992957409e-07, 3.49963812596e-07, 3.88742449786e-07, 5.45541354313e-07, 4.65042916176e-07, 2.55666833482e-07, 1.81340425343e-07, 2.54933695487e-07],
        "min": [9.23115123896e-07, 3.46367824022e-06, 3.38620475304e-06, 2.05362925954e-06, 3.23627318721e-06, 5.65920117879e-06, 2.66514643954e-06, 1.11509996259e-06, 6.22286734142e-07, 1.01812281628e-06, 5.89641899751e-07, 2.58292146782e-07, 5.1086806252e-07, 6.42544819129e-07, 2.76911293895e-07, 1.49037617803e-07, 1.65556770071e-07, 2.04285257155e-07, 5.35457189699e-08, 3.82836411461e-08, 3.34668612822e-08, 3.42144979015e-08, 8.11253109134e-09, 2.5477616461e-08, 3.8921644574e-08, 2.93668946938e-08, 1.11341806885e-08, 2.53992293864e-08, 1.52688031108e-08, 3.82101683627e-09, 1.12553177889e-09, 1.6264549707e-09, 7.25091427872e-12, 8.94474563862e-11, 3.84013626453e-10, 3.07724762338e-10, 1.23220189607e-09, 2.31408572859e-10, 3.98506488225e-12, 4.32071114997e-11],
