{
"highlevel": {
    "danceability": {
        "all": {
            "danceable": 0.999999880791,
            "not_danceable": 1.00000008274e-07
        },
        "probability": 0.999999880791,
        "value": "danceable"
    },
    "gender": {
        "all": {
            "female": 0.622126698494,
            "male": 0.377873301506
        },
        "probability": 0.622126698494,
        "value": "female"
    },
    "genre_dortmund": {
        "all": {
            "alternative": 0.000628522248007,
            "blues": 0.000875778612681,
            "electronic": 0.117560409009,
            "folkcountry": 0.000349832786014,
            "funksoulrnb": 0.00331816868857,
            "jazz": 0.00450963294134,
            "pop": 0.00965488702059,
            "raphiphop": 0.860298752785,
            "rock": 0.0028040362522
        },
        "probability": 0.860298752785,
        "value": "raphiphop"
    },
    "genre_electronic": {
        "all": {
            "ambient": 0.00162040325813,
            "dnb": 0.858827054501,
            "house": 0.00781331583858,
            "techno": 0.125526443124,
            "trance": 0.00621279794723
        },
        "probability": 0.858827054501,
        "value": "dnb"
    },
    "genre_rosamerica": {
        "all": {
            "cla": 6.87339934302e-07,
            "dan": 0.0679392963648,
            "hip": 0.931190788746,
            "jaz": 1.29025991669e-07,
            "pop": 5.24449496879e-05,
            "rhy": 0.000815752951894,
            "roc": 7.21326898656e-07,
            "spe": 1.9338007462e-07
        },
        "probability": 0.931190788746,
        "value": "hip"
    },
    "genre_tzanetakis": {
        "all": {
            "blu": 0.0537244006991,
            "cla": 0.0752012729645,
            "cou": 0.0751915425062,
            "dis": 0.0626581460238,
            "hip": 0.0626603290439,
            "jaz": 0.187990769744,
            "met": 0.0752069801092,
            "pop": 0.125345230103,
            "reg": 0.0940086469054,
            "roc": 0.18801265955
        },
        "probability": 0.18801265955,
        "value": "roc"
    },
    "ismir04_rhythm": {
        "all": {
            "ChaChaCha": 0.163897007704,
            "Jive": 0.0296831633896,
            "Quickstep": 0.0216311756521,
            "Rumba-American": 0.0729477629066,
            "Rumba-International": 0.555146634579,
            "Rumba-Misc": 0.0374572016299,
            "Samba": 0.0873030498624,
            "Tango": 0.0121871577576,
            "VienneseWaltz": 0.0104679847136,
            "Waltz": 0.00927886739373
        },
        "probability": 0.555146634579,
        "value": "Rumba-International"
    },
    "mood_acoustic": {
        "all": {
            "acoustic": 2.78602228093e-13,
            "not_acoustic": 1
        },
        "probability": 1,
        "value": "not_acoustic"
    },
    "mood_aggressive": {
        "all": {
            "aggressive": 3.00000096379e-14,
            "not_aggressive": 1
        },
        "probability": 1,
        "value": "not_aggressive"
    },
    "mood_electronic": {
        "all": {
            "electronic": 0.909060537815,
            "not_electronic": 0.0909394547343
        },
        "probability": 0.909060537815,
        "value": "electronic"
    },
    "mood_happy": {
        "all": {
            "happy": 0.635347723961,
            "not_happy": 0.364652276039
        },
        "probability": 0.635347723961,
        "value": "happy"
    },
    "mood_party": {
        "all": {
            "not_party": 0.978390574455,
            "party": 0.0216094106436
        },
        "probability": 0.978390574455,
        "value": "not_party"
    },
    "mood_relaxed": {
        "all": {
            "not_relaxed": 0.191182821989,
            "relaxed": 0.808817148209
        },
        "probability": 0.808817148209,
        "value": "relaxed"
    },
    "mood_sad": {
        "all": {
            "not_sad": 0.970447421074,
            "sad": 0.029552558437
        },
        "probability": 0.970447421074,
        "value": "not_sad"
    },
    "moods_mirex": {
        "all": {
            "Cluster1": 0.0772226452827,
            "Cluster2": 0.0444035679102,
            "Cluster3": 0.227747857571,
            "Cluster4": 0.0306320842355,
            "Cluster5": 0.61999386549
        },
        "probability": 0.61999386549,
        "value": "Cluster5"
    },
    "timbre": {
        "all": {
            "bright": 0.862631142139,
            "dark": 0.137368842959
        },
        "probability": 0.862631142139,
        "value": "bright"
    },
    "tonal_atonal": {
        "all": {
            "atonal": 0.956950247288,
            "tonal": 0.0430497676134
        },
        "probability": 0.956950247288,
        "value": "atonal"
    },
    "voice_instrumental": {
        "all": {
            "instrumental": 0.0355308316648,
            "voice": 0.964469194412
        },
        "probability": 0.964469194412,
        "value": "voice"
    }
},
"lowlevel": {
    "average_loudness": 0.984842181206,
    "barkbands_crest": {
        "dmean": 3.34907841682,
        "dmean2": 4.98633289337,
        "dvar": 13.3478527069,
        "dvar2": 25.2188911438,
        "max": 26.0594501495,
        "mean": 16.5680141449,
        "median": 18.557849884,
        "min": 2.38186693192,
        "var": 38.1923294067
    },
    "barkbands_flatness_db": {
        "dmean": 0.0460661277175,
        "dmean2": 0.0632383227348,
        "dvar": 0.0029262364842,
        "dvar2": 0.00591549789533,
        "max": 0.520316004753,
        "mean": 0.230283409357,
        "median": 0.2081207335,
        "min": 0.049735147506,
        "var": 0.0100881177932
    },
    "barkbands_kurtosis": {
        "dmean": 24.0116653442,
        "dmean2": 34.4245872498,
        "dvar": 2621.74682617,
        "dvar2": 5779.640625,
        "max": 581.375244141,
        "mean": 34.1858520508,
        "median": 7.17280101776,
        "min": -1.92473328114,
        "var": 4503.27050781
    },
    "barkbands_skewness": {
        "dmean": 1.69641768932,
        "dmean2": 2.18274879456,
        "dvar": 4.53897762299,
        "dvar2": 8.05661964417,
        "max": 23.0051651001,
        "mean": 3.93301296234,
        "median": 2.74779486656,
        "min": -3.96257710457,
        "var": 17.4922943115
    },
    "barkbands_spread": {
        "dmean": 14.6516857147,
        "dmean2": 21.2060623169,
        "dvar": 443.189971924,
        "dvar2": 708.518859863,
        "max": 124.617172241,
        "mean": 38.7651329041,
        "median": 24.6126022339,
        "min": 0.768122136593,
        "var": 1363.4407959
    },
    "dissonance": {
        "dmean": 0.0137855773792,
        "dmean2": 0.023937182501,
        "dvar": 0.000365965504898,
        "dvar2": 0.000970553024672,
        "max": 0.499965637922,
        "mean": 0.480563014746,
        "median": 0.489179462194,
        "min": 0.30650395155,
        "var": 0.000630940194242
    },
    "dynamic_complexity": 2.45516490936,
    "erbbands_crest": {
        "dmean": 2.44924736023,
        "dmean2": 3.83473706245,
        "dvar": 7.75205993652,
        "dvar2": 17.6347427368,
        "max": 32.0485420227,
        "mean": 7.56257915497,
        "median": 6.15293216705,
        "min": 2.56973052025,
        "var": 18.0870513916
    },
    "erbbands_flatness_db": {
        "dmean": 0.0200632903725,
        "dmean2": 0.0298619288951,
        "dvar": 0.00044371036347,
        "dvar2": 0.000914947944693,
        "max": 0.283802300692,
        "mean": 0.121136881411,
        "median": 0.115211561322,
        "min": 0.0475706718862,
        "var": 0.001318398281
    },
    "erbbands_kurtosis": {
        "dmean": 1.20429122448,
        "dmean2": 1.86015975475,
        "dvar": 2.42450213432,
        "dvar2": 4.83771085739,
        "max": 19.3294029236,
        "mean": 0.853042066097,
        "median": 0.0841398239136,
        "min": -1.89710140228,
        "var": 6.41441440582
    },
    "erbbands_skewness": {
        "dmean": 0.451405197382,
        "dmean2": 0.675954282284,
        "dvar": 0.230258405209,
        "dvar2": 0.427590370178,
        "max": 4.01162481308,
        "mean": -0.424804866314,
        "median": -0.329086780548,
        "min": -3.09019184113,
        "var": 1.08757317066
    },
    "erbbands_spread": {
        "dmean": 22.343454361,
        "dmean2": 32.8357276917,
        "dvar": 769.778930664,
        "dvar2": 1462.5715332,
        "max": 213.818634033,
        "mean": 82.1359024048,
        "median": 60.8205375671,
        "min": 12.0259037018,
        "var": 2881.11621094
    },
    "hfc": {
        "dmean": 78.2513046265,
        "dmean2": 117.090370178,
        "dvar": 26521.0195312,
        "dvar2": 61637.0273438,
        "max": 1088.51904297,
        "mean": 101.63874054,
        "median": 42.1400146484,
        "min": 4.57003641129,
        "var": 28734.5019531
    },
    "melbands_crest": {
        "dmean": 3.4863114357,
        "dmean2": 5.06878042221,
        "dvar": 16.8882160187,
        "dvar2": 38.1050376892,
        "max": 36.7426223755,
        "mean": 27.0043010712,
        "median": 29.2485389709,
        "min": 2.1767539978,
        "var": 52.4162063599
    },
    "melbands_flatness_db": {
        "dmean": 0.0537633150816,
        "dmean2": 0.0708827897906,
        "dvar": 0.00380754773505,
        "dvar2": 0.00682801101357,
        "max": 0.611153841019,
        "mean": 0.290871918201,
        "median": 0.28329706192,
        "min": 0.0179538857192,
        "var": 0.0169175080955
    },
    "melbands_kurtosis": {
        "dmean": 129.848861694,
        "dmean2": 173.214538574,
        "dvar": 50211.6796875,
        "dvar2": 94896.890625,
        "max": 2244.6965332,
        "mean": 233.182418823,
        "median": 51.7043037415,
        "min": -1.71703922749,
        "var": 141136.4375
    },
    "melbands_skewness": {
        "dmean": 3.30309677124,
        "dmean2": 4.47699308395,
        "dvar": 19.7228279114,
        "dvar2": 37.7712898254,
        "max": 39.2655906677,
        "mean": 10.0495624542,
        "median": 6.67384290695,
        "min": -1.70814621449,
        "var": 75.0258255005
    },
    "melbands_spread": {
        "dmean": 13.0439453125,
        "dmean2": 20.029958725,
        "dvar": 501.191375732,
        "dvar2": 996.76965332,
        "max": 260.017181396,
        "mean": 26.7685890198,
        "median": 10.7824001312,
        "min": 0.319940745831,
        "var": 1405.6315918
    },
    "pitch_salience": {
        "dmean": 0.106375269592,
        "dmean2": 0.165203899145,
        "dvar": 0.0145040340722,
        "dvar2": 0.0334904044867,
        "max": 0.816702485085,
        "mean": 0.327260643244,
        "median": 0.284368336201,
        "min": 0.0582593753934,
        "var": 0.0302505083382
    },
    "silence_rate_20dB": {
        "dmean": 0,
        "dmean2": 0,
        "dvar": 0,
        "dvar2": 0,
        "max": 1,
        "mean": 1,
        "median": 1,
        "min": 1,
        "var": 0
    },
    "silence_rate_30dB": {
        "dmean": 0.139318883419,
        "dmean2": 0.277304410934,
        "dvar": 0.119908444583,
        "dvar2": 0.220548525453,
        "max": 1,
        "mean": 0.493426144123,
        "median": 0,
        "min": 0,
        "var": 0.249958172441
    },
    "silence_rate_60dB": {
        "dmean": 0.0123839005828,
        "dmean2": 0.0247869864106,
        "dvar": 0.0122306123376,
        "dvar2": 0.0303691774607,
        "max": 1,
        "mean": 0.00928074214607,
        "median": 0,
        "min": 0,
        "var": 0.00919457990676
    },
    "spectral_centroid": {
        "dmean": 488.677642822,
        "dmean2": 705.928588867,
        "dvar": 410863.125,
        "dvar2": 662667,
        "max": 5576.86767578,
        "mean": 2151.32519531,
        "median": 1769.2598877,
        "min": 195.874679565,
        "var": 1689876.625
    },
    "spectral_complexity": {
        "dmean": 7.11068105698,
        "dmean2": 10.0364055634,
        "dvar": 79.5786056519,
        "dvar2": 127.390350342,
        "max": 61,
        "mean": 14.9520492554,
        "median": 10,
        "min": 0,
        "var": 199.040924072
    },
    "spectral_decrease": {
        "dmean": 8.79235173556e-09,
        "dmean2": 1.11385007884e-08,
        "dvar": 1.09783695448e-16,
        "dvar2": 2.36684854734e-16,
        "max": -1.14119692862e-10,
        "mean": -2.54424659119e-08,
        "median": -2.33125270199e-08,
        "min": -9.40170679087e-08,
        "var": 3.5682477866e-16
    },
    "spectral_energy": {
        "dmean": 0.0358026586473,
        "dmean2": 0.0469280593097,
        "dvar": 0.00162174087018,
        "dvar2": 0.0034817031119,
        "max": 0.362265884876,
        "mean": 0.10524469614,
        "median": 0.1035849154,
        "min": 0.00160883844364,
        "var": 0.00499502662569
    },
    "spectral_energyband_high": {
        "dmean": 0.00699237501249,
        "dmean2": 0.0104422289878,
        "dvar": 0.000216985936277,
        "dvar2": 0.000502122566104,
        "max": 0.0987397804856,
        "mean": 0.00860395934433,
        "median": 0.00251339981332,
        "min": 0.000229072757065,
        "var": 0.000240823806962
    },
    "spectral_energyband_low": {
        "dmean": 0.0330095142126,
        "dmean2": 0.0427951551974,
        "dvar": 0.00173485220876,
        "dvar2": 0.00380648719147,
        "max": 0.345241516829,
        "mean": 0.0862251371145,
        "median": 0.0780789852142,
        "min": 1.35893496918e-05,
        "var": 0.00507841166109
    },
    "spectral_energyband_middle_high": {
        "dmean": 0.00257113296539,
        "dmean2": 0.00382291316055,
        "dvar": 1.20051317936e-05,
        "dvar2": 2.31314479606e-05,
        "max": 0.0399361513555,
        "mean": 0.00499094510451,
        "median": 0.00200343946926,
        "min": 2.3556924134e-05,
        "var": 4.12217159464e-05
    },
    "spectral_energyband_middle_low": {
        "dmean": 0.00495503237471,
        "dmean2": 0.00864590983838,
        "dvar": 0.00010579071386,
        "dvar2": 0.000299980078125,
        "max": 0.0826249495149,
        "mean": 0.0056876083836,
        "median": 0.00171503785532,
        "min": 7.94328911979e-07,
        "var": 9.23730331124e-05
    },
    "spectral_entropy": {
        "dmean": 0.200869560242,
        "dmean2": 0.287866204977,
        "dvar": 0.0452787578106,
        "dvar2": 0.0778351277113,
        "max": 8.9075012207,
        "mean": 8.15030765533,
        "median": 8.23505592346,
        "min": 6.6607708931,
        "var": 0.197592332959
    },
    "spectral_flux": {
        "dmean": 0.0665669068694,
        "dmean2": 0.0896831899881,
        "dvar": 0.00459679635242,
        "dvar2": 0.00906922575086,
        "max": 0.534578442574,
        "mean": 0.151267230511,
        "median": 0.117385923862,
        "min": 0.0210243556648,
        "var": 0.0097976103425
    },
    "spectral_kurtosis": {
        "dmean": 0.527151167393,
        "dmean2": 0.825092554092,
        "dvar": 0.459899961948,
        "dvar2": 1.13486647606,
        "max": 7.04335975647,
        "mean": 0.593409478664,
        "median": 0.169504165649,
        "min": -0.882241487503,
        "var": 1.35788476467
    },
    "spectral_rms": {
        "dmean": 0.00179330387618,
        "dmean2": 0.00220446684398,
        "dvar": 3.23639233102e-06,
        "dvar2": 6.01539750278e-06,
        "max": 0.0187997370958,
        "mean": 0.0094185275957,
        "median": 0.0100527834147,
        "min": 0.00125283619855,
        "var": 1.39692147059e-05
    },
    "spectral_rolloff": {
        "dmean": 1539.12475586,
        "dmean2": 2484.57177734,
        "dvar": 9466662,
        "dvar2": 16372026,
        "max": 13975.0488281,
        "mean": 2919.52563477,
        "median": 150.732421875,
        "min": 43.06640625,
        "var": 20358578
    },
    "spectral_skewness": {
        "dmean": 0.171187922359,
        "dmean2": 0.265395790339,
        "dvar": 0.0432144068182,
        "dvar2": 0.0988298133016,
        "max": 2.26518702507,
        "mean": 0.932233393192,
        "median": 0.877995610237,
        "min": 0.0733637809753,
        "var": 0.148718595505
    },
    "spectral_spread": {
        "dmean": 1124479.75,
        "dmean2": 1678035.625,
        "dvar": 1.47536438886e+12,
        "dvar2": 3.4149802967e+12,
        "max": 15744505,
        "mean": 9738667,
        "median": 9820976,
        "min": 4860426.5,
        "var": 5.23218137907e+12
    },
    "spectral_strongpeak": {
        "dmean": 0.343756407499,
        "dmean2": 0.539476692677,
        "dvar": 0.615292429924,
        "dvar2": 1.69679760933,
        "max": 9.07046699524,
        "mean": 0.706770658493,
        "median": 0.603359878063,
        "min": 0,
        "var": 0.617981314659
    },
    "zerocrossingrate": {
        "dmean": 0.0336747765541,
        "dmean2": 0.0380038656294,
        "dvar": 0.0016479305923,
        "dvar2": 0.00168249662966,
        "max": 0.40185546875,
        "mean": 0.104421570897,
        "median": 0.0634765625,
        "min": 0.005859375,
        "var": 0.00958215072751
    },
    "barkbands": {
        "dmean": [0.00399535009637, 0.0303420424461, 0.00743673183024, 0.00233996310271, 0.00135695934296, 0.000552950601559, 0.000391951471101, 0.000354879768565, 0.000713398854714, 0.000569092168007, 0.000447938626166, 0.000307550450088, 0.000457746180473, 0.00041491232696, 0.000472026673378, 0.000362812192179, 0.000237521584495, 0.000198672059923, 0.000250890559983, 0.000277976738289, 0.000330802693497, 0.000491982151289, 0.000809037941508, 0.00105451548006, 0.00162288337015, 0.00282154139131, 5.87244471717e-07],
        "dmean2": [0.00582221662626, 0.0408173538744, 0.0133534455672, 0.00427716225386, 0.00227653328329, 0.000978983822279, 0.000700764532667, 0.000636915385257, 0.00114491116256, 0.000886274618097, 0.000721741002053, 0.000511232356075, 0.000714685651474, 0.000649652560242, 0.000752306368668, 0.000594226410612, 0.000377305434085, 0.000294017867418, 0.000370071240468, 0.000436673173681, 0.000502002774738, 0.000741325260606, 0.00123273592908, 0.0015977503499, 0.00247438717633, 0.00442377617583, 1.13038822747e-06],
        "dvar": [3.62957798643e-05, 0.00185645720921, 0.000377790856874, 4.15453214373e-05, 6.85772602083e-06, 1.39986036629e-06, 1.25863618905e-06, 9.87345629255e-07, 4.58986323792e-06, 1.86329646112e-06, 1.41574423651e-06, 5.09600283749e-07, 7.27177337012e-07, 7.09589244252e-07, 1.69478653333e-06, 8.50648632422e-07, 1.73543540427e-07, 1.25748172763e-07, 1.74986865886e-07, 2.53668872574e-07, 4.9883152542e-07, 8.57826762513e-07, 2.27301620725e-06, 4.3339559852e-06, 1.14420909085e-05, 4.61570925836e-05, 1.88412722923e-11],
        "dvar2": [9.38099838095e-05, 0.00436343392357, 0.00108374247793, 0.000118725656648, 1.89173351828e-05, 3.80843084713e-06, 3.50807454197e-06, 2.67997165793e-06, 1.01830819403e-05, 4.002814876e-06, 2.48395281233e-06, 1.12912391614e-06, 1.46390289046e-06, 1.64990160556e-06, 4.07030256611e-06, 2.09960649045e-06, 4.04253569286e-07, 2.59867590557e-07, 4.02374411124e-07, 5.47670026663e-07, 1.1297090623e-06, 1.98057000489e-06, 4.96373240821e-06, 1.00147790363e-05, 2.76337959804e-05, 0.000108472813736, 5.56786144967e-11],
        "max": [0.0601091980934, 0.332906186581, 0.117341980338, 0.0514437630773, 0.0210716556758, 0.0123303383589, 0.0104144308716, 0.0168761089444, 0.0430488847196, 0.0209064874798, 0.0309932921082, 0.0138008575886, 0.018195040524, 0.0151820722967, 0.0244513899088, 0.0198511332273, 0.00472070882097, 0.00403176108375, 0.00527108320966, 0.00487992167473, 0.00930070225149, 0.00892988685519, 0.0108435461298, 0.0149622512981, 0.0227651409805, 0.0442412942648, 7.58643145673e-05],
        "mean": [0.00739690149203, 0.0715033859015, 0.00720683950931, 0.001727733179, 0.00138969160616, 0.000518868968356, 0.000342103128787, 0.000348927307641, 0.00100788241252, 0.000872177595738, 0.00055792852072, 0.000369538203813, 0.000623289030045, 0.000572016753722, 0.000567087146919, 0.00048755313037, 0.000318861624692, 0.000235858096858, 0.000352654082235, 0.000375253905077, 0.000393966940464, 0.000698157411534, 0.00120071345009, 0.0014327315148, 0.00212436402217, 0.00261982926168, 3.23435443761e-07],
        "median": [0.00526347756386, 0.0623840838671, 0.00322628952563, 0.000379203498596, 0.000210203856113, 3.68085457012e-05, 2.61081040662e-05, 2.8171834856e-05, 3.6853729398e-05, 5.0939986977e-05, 5.12292244821e-05, 2.8532320357e-05, 0.000176285917405, 9.31906470214e-05, 6.55701005599e-05, 0.000109866559797, 8.14735685708e-05, 6.88445288688e-05, 0.000106344559754, 0.000160787472851, 0.000115931179607, 0.0002851949248, 0.00044587845332, 0.000537994434126, 0.000813295482658, 0.000323754968122, 2.85123902266e-09],
        "min": [3.96790301238e-06, 3.31703773782e-07, 1.92881266514e-08, 2.56630139361e-09, 1.4392457004e-08, 1.63932529773e-08, 1.87587811951e-08, 1.69072613687e-08, 2.5222492539e-08, 7.24025497334e-08, 7.12080705512e-08, 5.02551138482e-08, 1.57776571541e-06, 1.71010105987e-06, 1.66137780866e-07, 1.3687152034e-07, 3.5882493421e-07, 8.56732356169e-07, 2.53783468906e-07, 1.23894378703e-05, 3.51828521161e-06, 6.04354727329e-06, 3.71219612134e-05, 3.65213563782e-05, 0.000102896869066, 1.40035199365e-05, 2.44266672861e-11],
        "var": [6.14192831563e-05, 0.0041169510223, 0.000230326637393, 2.47828611464e-05, 6.95216749591e-06, 1.48956360135e-06, 9.33339720177e-07, 1.21077948734e-06, 1.08554422695e-05, 5.46321098227e-06, 3.75998365598e-06, 1.12730515411e-06, 1.36810876938e-06, 1.61815978572e-06, 2.95633071801e-06, 1.26446934701e-06, 3.07406935462e-07, 1.71279509686e-07, 2.86352076273e-07, 3.10653121005e-07, 5.67550671349e-07, 1.11796123292e-06, 2.96472580885e-06, 5.12263613928e-06, 1.24400048662e-05, 4.49894832855e-05, 9.78871150803e-12]
    },
    "erbbands": {
        "dmean": [1.37350928783, 5.51742458344, 9.09356021881, 7.61744976044, 5.8816947937, 4.2258067131, 3.88751578331, 4.8566198349, 4.9353518486, 7.36989879608, 7.35231685638, 13.9178600311, 22.1767654419, 14.9229421616, 16.8138084412, 12.8066358566, 19.6912784576, 20.1583881378, 21.4358119965, 19.8164958954, 20.7533111572, 13.5658245087, 10.1267871857, 10.6452627182, 16.3247890472, 11.1811752319, 12.109249115, 15.2574281693, 16.2459754944, 22.0076007843, 22.5400810242, 19.9273948669, 18.9886856079, 15.6203489304, 13.3800487518, 10.2892789841, 5.61009311676, 0.680670917034, 0.0115000111982, 0.000498299312312],
        "dmean2": [1.76861989498, 7.81113767624, 15.5130348206, 13.2640533447, 10.4290904999, 7.12059593201, 6.4923825264, 8.71849727631, 8.88321208954, 13.1151618958, 12.9639635086, 22.5430603027, 34.0172424316, 23.3314800262, 25.9721469879, 21.6467838287, 30.8498477936, 30.4224472046, 33.804233551, 31.1608333588, 34.4043235779, 21.4234447479, 15.2474536896, 15.757393837, 24.7802677155, 17.4127426147, 18.6484622955, 23.0612125397, 24.1321315765, 34.2031822205, 34.2622947693, 30.1808834076, 29.2349681854, 23.869852066, 20.7630691528, 16.436750412, 8.73062801361, 1.07868611813, 0.0181023087353, 0.000769127742387],
        "dvar": [3.09498071671, 80.5936279297, 478.586883545, 359.41607666, 226.635452271, 65.1077270508, 52.8074073792, 134.967666626, 235.232772827, 301.590606689, 382.566162109, 2112.67871094, 3747.63549805, 1314.27148438, 2067.05737305, 739.868835449, 1616.85754395, 1483.65686035, 2543.98022461, 3515.38745117, 3355.72753906, 608.986022949, 272.386077881, 365.665161133, 864.630004883, 386.528015137, 707.647766113, 921.065490723, 900.256652832, 1845.4387207, 1641.50134277, 1430.62634277, 1483.125, 909.584533691, 833.510742188, 573.233093262, 186.111160278, 3.02669215202, 0.000844869529828, 1.34382980832e-06],
        "dvar2": [6.36511039734, 188.550643921, 1356.43566895, 976.931091309, 645.81262207, 172.148910522, 133.379821777, 369.656463623, 665.191833496, 794.553100586, 962.773254395, 4451.90722656, 8886.72070312, 2745.52856445, 3391.16625977, 1675.27746582, 3108.96923828, 3431.21142578, 6611.30224609, 7328.60253906, 8246.57910156, 1335.9987793, 544.1796875, 695.859924316, 1908.2109375, 786.002502441, 1560.16064453, 2187.66650391, 2018.8659668, 4269.21191406, 3306.17919922, 3077.00805664, 3611.33203125, 2162.12963867, 1984.51745605, 1389.25683594, 415.002410889, 7.41935682297, 0.00205915793777, 3.2179673326e-06],
        "max": [15.1366186142, 64.8530731201, 128.310150146, 129.948104858, 139.075439453, 80.8408889771, 97.6989517212, 111.715232849, 155.846801758, 220.777420044, 330.372497559, 1049.35021973, 916.200805664, 857.603088379, 1285.98364258, 419.680450439, 1016.56182861, 705.549316406, 1147.94616699, 1383.12524414, 1332.18554688, 316.176452637, 168.795379639, 183.751403809, 343.620849609, 183.612136841, 321.468963623, 367.897979736, 301.051422119, 291.127502441, 307.145751953, 279.577453613, 291.706268311, 228.062225342, 220.721298218, 149.206207275, 96.7926025391, 11.0429868698, 0.191971868277, 0.00848647020757],
        "mean": [3.43472242355, 10.4442243576, 10.1383075714, 6.49327039719, 4.6581864357, 4.43291091919, 4.8277554512, 4.43554973602, 4.35064315796, 6.88671588898, 8.07453632355, 18.9328041077, 35.8731155396, 21.0817947388, 22.4228782654, 15.8508272171, 26.6395225525, 29.8855247498, 28.4858608246, 28.91913414, 26.747800827, 20.0495185852, 12.6826953888, 13.3713579178, 24.0936450958, 16.6293468475, 14.2172851562, 19.0431957245, 23.7427539825, 27.6958312988, 34.6588630676, 30.9186458588, 24.7261962891, 22.6391963959, 15.3433256149, 9.91065788269, 5.3144030571, 0.585958123207, 0.0100993476808, 0.000553207006305],
        "median": [3.00324368477, 8.07318782806, 5.63198804855, 2.12629151344, 0.954634487629, 0.475017666817, 0.327404975891, 0.386035203934, 0.42735427618, 0.438156366348, 0.901904702187, 0.961363017559, 1.53050363064, 2.60875034332, 2.09646105766, 1.80489051342, 8.09892654419, 9.13907623291, 4.66341495514, 4.63020706177, 7.03441858292, 5.21713781357, 4.18857860565, 3.64855647087, 7.56111288071, 7.62391710281, 4.43431663513, 5.82535839081, 9.4731798172, 9.42266941071, 12.9953746796, 12.50893116, 9.4838809967, 10.2572488785, 4.06542873383, 1.69545471668, 0.573672413826, 0.0327835083008, 0.000798852765001, 0.000192283900105],
        "min": [0.000139614858199, 2.4743440008e-05, 2.09259924304e-05, 2.83884255623e-05, 2.65749367827e-05, 5.06624710397e-05, 9.9329969089e-05, 0.00011661877943, 0.000388393702451, 0.000568820512854, 0.000544213398825, 0.000697729294188, 0.00166699336842, 0.00203453050926, 0.00320364627987, 0.00574746914208, 0.0685406699777, 0.123095460236, 0.0470584258437, 0.0129536082968, 0.0123273152858, 0.0249065812677, 0.0419221706688, 0.0330925658345, 0.195039778948, 0.691496610641, 0.193359017372, 0.119045309722, 0.219212755561, 0.104052938521, 1.08160865307, 1.18464493752, 0.794333577156, 1.20016133785, 0.523660421371, 0.146686509252, 0.0221468657255, 0.000698701303918, 5.04966592416e-05, 1.52591765072e-05],
        "var": [9.50373363495, 121.730964661, 325.371185303, 247.656097412, 141.221496582, 82.3233184814, 116.452033997, 132.950485229, 171.292282104, 288.143951416, 583.406494141, 3917.21850586, 10514.6582031, 3040.83447266, 5632.43505859, 1351.81335449, 3206.58447266, 3212.46411133, 4221.62451172, 7671.15332031, 4371.6484375, 1210.32446289, 417.912597656, 545.685546875, 1364.65710449, 533.616516113, 807.272827148, 1062.89819336, 1238.96264648, 2069.46240234, 2366.33911133, 1937.68774414, 1598.68981934, 1097.02978516, 871.950683594, 542.071655273, 190.979110718, 2.78248763084, 0.000784208124969, 1.29595980525e-06]
    },
    "gfcc": {
        "mean": [24.9538440704, 4.8815536499, -58.6085968018, 60.786693573, -34.4307823181, 63.0547065735, -27.4529705048, 28.7572231293, -21.3040122986, 18.8296089172, -13.2694149017, 4.21353769302, -12.3791780472],
        "cov": [[6166.95605469, 827.03137207, -1591.3059082, -1380.27404785, -477.978240967, -851.337341309, -311.390350342, 47.1343078613, 142.582504272, -130.522705078, -306.720184326, 443.764862061, 60.5158843994], [827.03137207, 2238.51855469, -90.0490722656, -246.004043579, -153.984649658, -161.495056152, -171.013565063, -30.4948787689, -15.5040540695, -310.992950439, -103.345748901, -101.56275177, 170.387741089], [-1591.3059082, -90.0490722656, 1523.92907715, 850.139709473, 315.474487305, 190.600326538, 71.7678833008, -157.944061279, -122.614578247, 50.5130348206, 95.4404907227, -185.887908936, -130.741485596], [-1380.27404785, -246.004043579, 850.139709473, 795.903381348, 324.045196533, 225.275909424, 52.513999939, -113.07559967, -93.4830703735, 51.6265792847, 84.0974960327, -149.518997192, -80.5395584106], [-477.978240967, -153.984649658, 315.474487305, 324.045196533, 388.949890137, 268.507507324, 157.379104614, 4.76319646835, -9.01605129242, 21.3171195984, 21.1750926971, -52.778678894, -34.9432067871], [-851.337341309, -161.495056152, 190.600326538, 225.275909424, 268.507507324, 401.509887695, 257.637359619, 58.9259185791, -22.5969982147, -5.076379776, 8.92587661743, -96.9695510864, -27.4572849274], [-311.390350342, -171.013565063, 71.7678833008, 52.513999939, 157.379104614, 257.637359619, 272.262329102, 121.155899048, 20.1707878113, 0.597459316254, -4.88246202469, -45.3132629395, -37.7806892395], [47.1343078613, -30.4948787689, -157.944061279, -113.07559967, 4.76319646835, 58.9259185791, 121.155899048, 153.808746338, 95.8454360962, 5.5625371933, -9.72405719757, 6.273229599, 4.12845277786], [142.582504272, -15.5040540695, -122.614578247, -93.4830703735, -9.01605129242, -22.5969982147, 20.1707878113, 95.8454360962, 150.146072388, 60.0351867676, 5.11181259155, 31.0567836761, 29.0860042572], [-130.522705078, -310.992950439, 50.5130348206, 51.6265792847, 21.3171195984, -5.076379776, 0.597459316254, 5.5625371933, 60.0351867676, 120.332489014, 58.0568656921, 24.7660102844, -18.6999454498], [-306.720184326, -103.345748901, 95.4404907227, 84.0974960327, 21.1750926971, 8.92587661743, -4.88246202469, -9.72405719757, 5.11181259155, 58.0568656921, 92.5002212524, 20.2280025482, -5.77830219269], [443.764862061, -101.56275177, -185.887908936, -149.518997192, -52.778678894, -96.9695510864, -45.3132629395, 6.273229599, 31.0567836761, 24.7660102844, 20.2280025482, 120.615600586, 37.8913002014], [60.5158843994, 170.387741089, -130.741485596, -80.5395584106, -34.9432067871, -27.4572849274, -37.7806892395, 4.12845277786, 29.0860042572, -18.6999454498, -5.77830219269, 37.8913002014, 101.96333313]],
        "icov": [[0.000892115815077, -0.000705556303728, 0.000587943242863, 0.000127813269501, -0.000836003862787, 0.00211839773692, -0.00179147650488, 0.00104726001155, 0.000343725259881, -0.00180468754843, 0.00336912856437, -0.00311363115907, 0.00200112932362], [-0.000705556303728, 0.00198679789901, -0.000716483686119, 0.000848119845614, 8.2918224507e-05, -0.000690712127835, 0.00116928655189, 0.00112564803567, -0.00323111237958, 0.00684816716239, -0.00540710473433, 0.00536625878885, -0.00304297520779], [0.000587943242863, -0.000716483686119, 0.00250424793921, -0.00203652726486, -0.000397855299525, 0.00290351151489, -0.00393113354221, 0.00343822315335, -0.000899242528249, -0.000972603680566, 0.00149307399988, -0.00143636635039, 0.00219700438902], [0.000127813269501, 0.000848119845614, -0.00203652726486, 0.00624121492729, -0.00331253791228, -0.000269781361567, 0.00270395539701, 2.03099830287e-06, 0.000476655259263, 0.00118762545753, -0.00316126248799, 0.00474495394155, -0.001241248101], [-0.000836003862787, 8.2918224507e-05, -0.000397855299525, -0.00331253791228, 0.00867641717196, -0.00675506191328, 0.000485790485982, 0.00133017718326, -0.00315028917976, 0.00151700119022, -0.000570860865992, -0.00270729395561, 0.00066206412157], [0.00211839773692, -0.000690712127835, 0.00290351151489, -0.000269781361567, -0.00675506191328, 0.0205306112766, -0.0179521180689, 0.0091181602329, -0.000812340935227, -0.000422881683335, 0.00285195698962, 0.00219689263031, -0.000901169376448], [-0.00179147650488, 0.00116928655189, -0.00393113354221, 0.00270395539701, 0.000485790485982, -0.0179521180689, 0.0297424197197, -0.0241770148277, 0.0101470891386, -0.0031094471924, -0.00136224424932, 0.00151283177547, -0.000568088027649], [0.00104726001155, 0.00112564803567, 0.00343822315335, 2.03099830287e-06, 0.00133017718326, 0.0091181602329, -0.0241770148277, 0.0423046126962, -0.0293242298067, 0.0195023771375, -0.00766914337873, 0.00235663820058, 0.00477897794917], [0.000343725259881, -0.00323111237958, -0.000899242528249, 0.000476655259263, -0.00315028917976, -0.000812340935227, 0.0101470891386, -0.0293242298067, 0.036618296057, -0.0309762749821, 0.0145321739838, -0.0053292484954, -0.00525509379804], [-0.00180468754843, 0.00684816716239, -0.000972603680566, 0.00118762545753, 0.00151700119022, -0.000422881683335, -0.0031094471924, 0.0195023771375, -0.0309762749821, 0.0493212789297, -0.0291066430509, 0.013574430719, -0.0010297113331], [0.00336912856437, -0.00540710473433, 0.00149307399988, -0.00316126248799, -0.000570860865992, 0.00285195698962, -0.00136224424932, -0.00766914337873, 0.0145321739838, -0.0291066430509, 0.0394096709788, -0.0236389450729, 0.00836603622884], [-0.00311363115907, 0.00536625878885, -0.00143636635039, 0.00474495394155, -0.00270729395561, 0.00219689263031, 0.00151283177547, 0.00235663820058, -0.0053292484954, 0.013574430719, -0.0236389450729, 0.0365334153175, -0.0159905999899], [0.00200112932362, -0.00304297520779, 0.00219700438902, -0.001241248101, 0.00066206412157, -0.000901169376448, -0.000568088027649, 0.00477897794917, -0.00525509379804, -0.0010297113331, 0.00836603622884, -0.0159905999899, 0.0228483546525]]
    },
    "melbands": {
        "dmean": [0.00985856261104, 0.00474790204316, 0.00128323363606, 0.000342379149515, 0.000145469792187, 0.000107527150249, 7.66507873777e-05, 8.19007254904e-05, 6.1761114921e-05, 9.79988690233e-05, 0.000111110311991, 6.12297080806e-05, 6.33952586213e-05, 3.70378038497e-05, 4.06755425502e-05, 4.46632257081e-05, 3.91488501919e-05, 3.53887662641e-05, 3.54939365934e-05, 2.20405727305e-05, 2.64459449681e-05, 1.55283341883e-05, 1.01424802779e-05, 9.49498007685e-06, 8.68957158673e-06, 1.03328584373e-05, 1.29463551275e-05, 6.56147267364e-06, 7.37843038223e-06, 8.18933858682e-06, 9.6515777841e-06, 9.89372347249e-06, 9.26591383177e-06, 1.39738958751e-05, 1.35646414492e-05, 1.20314343803e-05, 1.29212285174e-05, 1.38662580866e-05, 1.4171753719e-05, 1.34625588544e-05],
        "dmean2": [0.0130627080798, 0.00727854156867, 0.00221593910828, 0.000590897921938, 0.000242280206294, 0.000192426537978, 0.000137800394441, 0.000145620491821, 0.000107568121166, 0.000157003902132, 0.000170494080521, 9.53760682023e-05, 0.000100348494016, 5.97732250753e-05, 6.8253299105e-05, 6.60960722598e-05, 5.91653151787e-05, 5.68202958675e-05, 5.46225273865e-05, 3.46070009982e-05, 4.49373292213e-05, 2.48448650382e-05, 1.56075820996e-05, 1.42374155985e-05, 1.3080158169e-05, 1.55320649355e-05, 2.04006228159e-05, 1.01891491795e-05, 1.16104274639e-05, 1.25699189084e-05, 1.49831148519e-05, 1.4956061932e-05, 1.42618573591e-05, 2.21264217544e-05, 2.07645534829e-05, 1.86402285181e-05, 1.99249643629e-05, 2.12617305806e-05, 2.29625329666e-05, 2.09822992474e-05],
        "dvar": [0.000186037577805, 8.57189952512e-05, 9.95645950752e-06, 5.60178932574e-07, 6.91303156941e-08, 6.40556052645e-08, 5.3991492166e-08, 3.65059982244e-08, 2.42568312103e-08, 9.75221681188e-08, 9.53071932486e-08, 2.27576890666e-08, 3.19144284333e-08, 7.87911336175e-09, 8.44473202477e-09, 6.24445695152e-09, 6.85409373702e-09, 7.38335348416e-09, 1.09774926926e-08, 2.33063679467e-09, 6.64738708522e-09, 8.55261861332e-10, 3.5075978233e-10, 2.68177619001e-10, 2.63958077618e-10, 2.7129182234e-10, 6.488427573e-10, 1.27012636519e-10, 2.52119547461e-10, 2.88124496484e-10, 3.71983416292e-10, 3.25289434278e-10, 3.09658826358e-10, 7.64999674718e-10, 6.13522399551e-10, 4.58411281157e-10, 6.27392804375e-10, 7.69765640118e-10, 8.07011235615e-10, 6.77753242417e-10],
        "dvar2": [0.000426061887993, 0.000210609505302, 2.69354932243e-05, 1.55915211053e-06, 1.77056989514e-07, 1.75714873762e-07, 1.52611690396e-07, 9.74978675572e-08, 5.74414471544e-08, 2.07415126852e-07, 2.23650914677e-07, 4.74258960992e-08, 5.30458130754e-08, 1.71445027064e-08, 1.91528908289e-08, 1.30703590173e-08, 1.6384968049e-08, 1.83152746303e-08, 2.31263097561e-08, 5.48548628743e-09, 1.59275082012e-08, 1.98722771572e-09, 7.93827004131e-10, 5.46465372953e-10, 5.19897125351e-10, 5.93926963166e-10, 1.47634293679e-09, 2.67153826838e-10, 5.65255287022e-10, 6.48647802137e-10, 9.16513531735e-10, 7.26365523285e-10, 7.23940518643e-10, 1.79919745769e-09, 1.24792287615e-09, 9.91429272013e-10, 1.36595734723e-09, 1.84916015833e-09, 2.06781480827e-09, 1.59626201146e-09],
        "max": [0.105416536331, 0.058418456465, 0.0232803206891, 0.00641338992864, 0.00324057973921, 0.00242876145057, 0.00233022496104, 0.00227361009456, 0.0024048530031, 0.00732712214813, 0.00456205522642, 0.00348691875115, 0.00500021129847, 0.00179019931238, 0.00177727919072, 0.00165733206086, 0.00138249527663, 0.0018434835365, 0.00234968401492, 0.00108929397538, 0.00189915159717, 0.000355358381057, 0.000234029183048, 0.000174968372448, 0.000144460180309, 0.000195943575818, 0.000249810953392, 0.000114095717436, 0.000165767836734, 0.000218492830754, 0.000221766182221, 0.000178385002073, 0.00016138353385, 0.000190272985492, 0.000183984258911, 0.000176121931872, 0.000182460949873, 0.000201168571948, 0.000247081014095, 0.000193941072212],
        "mean": [0.0241160616279, 0.00787861365825, 0.00111475004815, 0.000305378460325, 0.000184182645171, 9.76947776508e-05, 6.79620279698e-05, 7.83425057307e-05, 6.68504653731e-05, 0.000136598333484, 0.000179591588676, 8.40032007545e-05, 8.14984814497e-05, 4.57626774732e-05, 4.48697537649e-05, 6.36424883851e-05, 5.41853478353e-05, 4.54922737845e-05, 4.41657321062e-05, 3.0828447052e-05, 3.13735763484e-05, 2.09286881727e-05, 1.28238561956e-05, 1.12581046778e-05, 1.02336989585e-05, 1.4673768419e-05, 1.8572432964e-05, 9.13648818823e-06, 8.02566228231e-06, 9.56766507443e-06, 1.18491361718e-05, 1.41397185871e-05, 1.26721624838e-05, 1.65141464095e-05, 1.92260304175e-05, 2.0808469344e-05, 1.82669846254e-05, 1.67656344274e-05, 1.94110307348e-05, 1.8784943677e-05],
        "median": [0.021648446098, 0.00550934718922, 0.000374516675947, 5.67101560591e-05, 1.23639638332e-05, 7.80221580499e-06, 6.45162708679e-06, 4.75987644677e-06, 6.53461029287e-06, 4.98081044498e-06, 6.31841294307e-06, 8.17070485937e-06, 7.12889959686e-06, 3.93764867113e-06, 6.09707558397e-06, 2.09588179132e-05, 1.44068781083e-05, 6.33545823803e-06, 5.23080643688e-06, 5.43324040336e-06, 7.21898095435e-06, 5.1809715842e-06, 3.37660935656e-06, 3.2271393593e-06, 2.415473773e-06, 4.23162691732e-06, 7.33480146664e-06, 4.12922599935e-06, 2.24233053814e-06, 2.68978874374e-06, 3.48717730958e-06, 5.34043965672e-06, 5.21855690749e-06, 5.34989976586e-06, 6.61581998429e-06, 8.87750229595e-06, 7.11423354005e-06, 5.92566266278e-06, 9.23166317079e-06, 8.0413874457e-06],
        "min": [2.61470108853e-06, 1.09846709506e-08, 5.70305269676e-09, 3.59238350178e-09, 3.09598013892e-09, 3.03431124671e-09, 6.31203667112e-09, 3.87399534674e-09, 2.83018453118e-09, 3.81240239378e-09, 7.9580955159e-09, 7.40614813921e-09, 1.08803428489e-08, 6.49740528047e-09, 1.12736602276e-08, 2.32660809729e-07, 2.27520175144e-07, 9.03527137552e-08, 1.39337315019e-08, 1.29277184513e-08, 1.23193251156e-08, 2.21519975696e-08, 1.5943312448e-08, 4.89396825287e-08, 1.48341312567e-08, 1.0136058215e-08, 4.17668758246e-07, 4.04190444669e-07, 9.9402221565e-08, 8.08428382015e-08, 5.0269992613e-08, 7.87694389714e-08, 1.19699834045e-07, 9.83716130776e-09, 3.5019948541e-07, 1.15380134957e-06, 4.4977278435e-07, 3.94896630951e-07, 8.59163208133e-07, 9.28856536575e-07],
