{
"highlevel": {
    "danceability": {
        "all": {
            "danceable": 0.927185177803,
            "not_danceable": 0.0728148147464
        },
        "probability": 0.927185177803,
        "value": "danceable"
    },
    "gender": {
        "all": {
            "female": 0.389091908932,
            "male": 0.610908091068
        },
        "probability": 0.610908091068,
        "value": "male"
    },
    "genre_dortmund": {
        "all": {
            "alternative": 0.0582536198199,
            "blues": 0.195172652602,
            "electronic": 0.172473624349,
            "folkcountry": 0.111598707736,
            "funksoulrnb": 0.0194825977087,
            "jazz": 0.114612706006,
            "pop": 0.0319745503366,
            "raphiphop": 0.0635565146804,
            "rock": 0.232875034213
        },
        "probability": 0.232875034213,
        "value": "rock"
    },
    "genre_electronic": {
        "all": {
            "ambient": 0.747562289238,
            "dnb": 0.163480058312,
            "house": 0.0313662439585,
            "techno": 0.0091587388888,
            "trance": 0.0484326556325
        },
        "probability": 0.747562289238,
        "value": "ambient"
    },
    "genre_rosamerica": {
        "all": {
            "cla": 0.101019948721,
            "dan": 0.0291646271944,
            "hip": 0.0708094313741,
            "jaz": 0.104411244392,
            "pop": 0.346595138311,
            "rhy": 0.223076656461,
            "roc": 0.0977288931608,
            "spe": 0.0271940622479
        },
        "probability": 0.346595138311,
        "value": "pop"
    },
    "genre_tzanetakis": {
        "all": {
            "blu": 0.0626613423228,
            "cla": 0.0348169617355,
            "cou": 0.104475811124,
            "dis": 0.0784321576357,
            "hip": 0.15692435205,
            "jaz": 0.313974827528,
            "met": 0.0448166541755,
            "pop": 0.0627359300852,
            "reg": 0.0627360641956,
            "roc": 0.0784258767962
        },
        "probability": 0.313974827528,
        "value": "jaz"
    },
    "ismir04_rhythm": {
        "all": {
            "ChaChaCha": 0.0428932569921,
            "Jive": 0.302424669266,
            "Quickstep": 0.0874329581857,
            "Rumba-American": 0.0171680413187,
            "Rumba-International": 0.0174553133547,
            "Rumba-Misc": 0.0162677485496,
            "Samba": 0.0878278464079,
            "Tango": 0.222387641668,
            "VienneseWaltz": 0.169550329447,
            "Waltz": 0.0365921892226
        },
        "probability": 0.302424669266,
        "value": "Jive"
    },
    "mood_acoustic": {
        "all": {
            "acoustic": 0.220030799508,
            "not_acoustic": 0.779969215393
        },
        "probability": 0.779969215393,
        "value": "not_acoustic"
    },
    "mood_aggressive": {
        "all": {
            "aggressive": 0.253889203072,
            "not_aggressive": 0.746110796928
        },
        "probability": 0.746110796928,
        "value": "not_aggressive"
    },
    "mood_electronic": {
        "all": {
            "electronic": 0.106176353991,
            "not_electronic": 0.893823623657
        },
        "probability": 0.893823623657,
        "value": "not_electronic"
    },
    "mood_happy": {
        "all": {
            "happy": 0.996817231178,
            "not_happy": 0.00318279839121
        },
        "probability": 0.996817231178,
        "value": "happy"
    },
    "mood_party": {
        "all": {
            "not_party": 0.660873651505,
            "party": 0.339126348495
        },
        "probability": 0.660873651505,
        "value": "not_party"
    },
    "mood_relaxed": {
        "all": {
            "not_relaxed": 0.624679148197,
            "relaxed": 0.375320881605
        },
        "probability": 0.624679148197,
        "value": "not_relaxed"
    },
    "mood_sad": {
        "all": {
            "not_sad": 0.880037069321,
            "sad": 0.119962930679
        },
        "probability": 0.880037069321,
        "value": "not_sad"
    },
    "moods_mirex": {
        "all": {
            "Cluster1": 0.217022940516,
            "Cluster2": 0.281933784485,
            "Cluster3": 0.0587554350495,
            "Cluster4": 0.271935224533,
            "Cluster5": 0.170352622867
        },
        "probability": 0.281933784485,
        "value": "Cluster2"
    },
    "timbre": {
        "all": {
            "bright": 0.618982851505,
            "dark": 0.381017178297
        },
        "probability": 0.618982851505,
        "value": "bright"
    },
    "tonal_atonal": {
        "all": {
            "atonal": 0.0830399468541,
            "tonal": 0.916960060596
        },
        "probability": 0.916960060596,
        "value": "tonal"
    },
    "voice_instrumental": {
        "all": {
            "instrumental": 0.119066908956,
            "voice": 0.880933105946
        },
        "probability": 0.880933105946,
        "value": "voice"
    }
},
"lowlevel": {
    "average_loudness": 0.978066205978,
    "barkbands_crest": {
        "dmean": 2.97317695618,
        "dmean2": 4.85103321075,
        "dvar": 7.56385278702,
        "dvar2": 17.1150016785,
        "max": 25.8636817932,
        "mean": 10.4012069702,
        "median": 9.35929393768,
        "min": 3.07219552994,
        "var": 22.3509216309
    },
    "barkbands_flatness_db": {
        "dmean": 0.024198917672,
        "dmean2": 0.0365389622748,
        "dvar": 0.00048464309657,
        "dvar2": 0.00109056581277,
        "max": 0.355239778757,
        "mean": 0.15702304244,
        "median": 0.150124624372,
        "min": 0.0608238764107,
        "var": 0.00224303966388
    },
    "barkbands_kurtosis": {
        "dmean": 2.02511024475,
        "dmean2": 3.27483606339,
        "dvar": 16.2514839172,
        "dvar2": 39.2089385986,
        "max": 73.0891418457,
        "mean": 1.82176089287,
        "median": 0.29629778862,
        "min": -1.81203961372,
        "var": 26.6202697754
    },
    "barkbands_skewness": {
        "dmean": 0.56887704134,
        "dmean2": 0.862473487854,
        "dvar": 0.346336215734,
        "dvar2": 0.704579472542,
        "max": 4.59865045547,
        "mean": 0.305494427681,
        "median": 0.360506802797,
        "min": -5.00675058365,
        "var": 1.39308571815
    },
    "barkbands_spread": {
        "dmean": 4.74436330795,
        "dmean2": 7.57534790039,
        "dvar": 20.7821903229,
        "dvar2": 52.3650131226,
        "max": 45.7452011108,
        "mean": 18.854549408,
        "median": 17.924654007,
        "min": 0.886289954185,
        "var": 65.2653884888
    },
    "dissonance": {
        "dmean": 0.0257403217256,
        "dmean2": 0.0443063825369,
        "dvar": 0.00065506156534,
        "dvar2": 0.0018791151233,
        "max": 0.499999970198,
        "mean": 0.461249560118,
        "median": 0.469182491302,
        "min": 0.267286479473,
        "var": 0.00101764244027
    },
    "dynamic_complexity": 2.25352287292,
    "erbbands_crest": {
        "dmean": 3.68461680412,
        "dmean2": 5.89419317245,
        "dvar": 12.7725028992,
        "dvar2": 29.3464279175,
        "max": 34.0811538696,
        "mean": 12.5156736374,
        "median": 10.790430069,
        "min": 3.3284265995,
        "var": 40.3990287781
    },
    "erbbands_flatness_db": {
        "dmean": 0.0281996857375,
        "dmean2": 0.0387685075402,
        "dvar": 0.000744960154407,
        "dvar2": 0.00133759365417,
        "max": 0.44499745965,
        "mean": 0.212284803391,
        "median": 0.20226457715,
        "min": 0.0752503722906,
        "var": 0.00366040295921
    },
    "erbbands_kurtosis": {
        "dmean": 2.07531905174,
        "dmean2": 3.38952708244,
        "dvar": 13.1529531479,
        "dvar2": 28.9450531006,
        "max": 49.2593345642,
        "mean": 2.50108933449,
        "median": 0.682310342789,
        "min": -1.35156297684,
        "var": 32.7926712036
    },
    "erbbands_skewness": {
        "dmean": 0.55732190609,
        "dmean2": 0.850095570087,
        "dvar": 0.37045532465,
        "dvar2": 0.750492036343,
        "max": 5.61667776108,
        "mean": 0.0339738279581,
        "median": 0.159967273474,
        "min": -4.40948343277,
        "var": 1.26132118702
    },
    "erbbands_spread": {
        "dmean": 5.72766256332,
        "dmean2": 9.08878612518,
        "dvar": 39.5494194031,
        "dvar2": 99.3353652954,
        "max": 75.9090194702,
        "mean": 20.3221683502,
        "median": 19.8315563202,
        "min": 0.983119785786,
        "var": 109.868377686
    },
    "hfc": {
        "dmean": 7.86690044403,
        "dmean2": 10.9899082184,
        "dvar": 94.2753448486,
        "dvar2": 162.024124146,
        "max": 104.522018433,
        "mean": 23.1105823517,
        "median": 18.3382892609,
        "min": 0.32779955864,
        "var": 357.803222656
    },
    "melbands_crest": {
        "dmean": 3.5548760891,
        "dmean2": 5.75572109222,
        "dvar": 9.86871623993,
        "dvar2": 23.7855510712,
        "max": 35.703540802,
        "mean": 12.9107351303,
        "median": 11.8194570541,
        "min": 3.54133629799,
        "var": 30.0490112305
    },
    "melbands_flatness_db": {
        "dmean": 0.026672558859,
        "dmean2": 0.0405536964536,
        "dvar": 0.000593909353483,
        "dvar2": 0.00137187947985,
        "max": 0.368457764387,
        "mean": 0.191439732909,
        "median": 0.189164698124,
        "min": 0.0713985934854,
        "var": 0.00308947544545
    },
    "melbands_kurtosis": {
        "dmean": 3.08144116402,
        "dmean2": 5.0725941658,
        "dvar": 35.7105865479,
        "dvar2": 93.6952667236,
        "max": 67.3951416016,
        "mean": 3.19210219383,
        "median": 1.02006530762,
        "min": -1.86023736,
        "var": 50.6332397461
    },
    "melbands_skewness": {
        "dmean": 0.622711360455,
        "dmean2": 0.961143136024,
        "dvar": 0.449157327414,
        "dvar2": 1.03770625591,
        "max": 6.39828395844,
        "mean": 0.88916260004,
        "median": 0.816982746124,
        "min": -4.26483249664,
        "var": 1.59035754204
    },
    "melbands_spread": {
        "dmean": 8.07201194763,
        "dmean2": 12.5348339081,
        "dvar": 64.4041671753,
        "dvar2": 137.760314941,
        "max": 77.6887130737,
        "mean": 30.0615005493,
        "median": 28.2391929626,
        "min": 2.4801466465,
        "var": 215.913528442
    },
    "pitch_salience": {
        "dmean": 0.0772676467896,
        "dmean2": 0.124578922987,
        "dvar": 0.00456566317007,
        "dvar2": 0.011234851554,
        "max": 0.812596857548,
        "mean": 0.522991538048,
        "median": 0.530080854893,
        "min": 0.149467617273,
        "var": 0.013567163609
    },
    "silence_rate_20dB": {
        "dmean": 0,
        "dmean2": 0,
        "dvar": 0,
        "dvar2": 0,
        "max": 1,
        "mean": 1,
        "median": 1,
        "min": 1,
        "var": 0
    },
    "silence_rate_30dB": {
        "dmean": 0,
        "dmean2": 0,
        "dvar": 0,
        "dvar2": 0,
        "max": 1,
        "mean": 1,
        "median": 1,
        "min": 1,
        "var": 0
    },
    "silence_rate_60dB": {
        "dmean": 0.0286377705634,
        "dmean2": 0.0565453134477,
        "dvar": 0.0278176851571,
        "dvar2": 0.0688394233584,
        "max": 1,
        "mean": 0.0278422273695,
        "median": 0,
        "min": 0,
        "var": 0.0270666051656
    },
    "spectral_centroid": {
        "dmean": 232.979324341,
        "dmean2": 358.004486084,
        "dvar": 57425.1210938,
        "dvar2": 120517.5625,
        "max": 3115.26928711,
        "mean": 1462.38427734,
        "median": 1438.50061035,
        "min": 387.399291992,
        "var": 211076.234375
    },
    "spectral_complexity": {
        "dmean": 3.48065018654,
        "dmean2": 4.96746730804,
        "dvar": 12.0112371445,
        "dvar2": 20.7100276947,
        "max": 50,
        "mean": 17.751739502,
        "median": 17,
        "min": 1,
        "var": 66.0937957764
    },
    "spectral_decrease": {
        "dmean": 1.97156291293e-09,
        "dmean2": 2.87207146954e-09,
        "dvar": 5.31428057517e-18,
        "dvar2": 1.0814804174e-17,
        "max": -1.0914791293e-10,
        "mean": -5.44951683779e-09,
        "median": -4.33633129404e-09,
        "min": -2.49188811807e-08,
        "var": 1.61110232605e-17
    },
    "spectral_energy": {
        "dmean": 0.00804020557553,
        "dmean2": 0.0116501422599,
        "dvar": 8.61273365445e-05,
        "dvar2": 0.000172228203155,
        "max": 0.0977916643023,
        "mean": 0.0226639248431,
        "median": 0.0181950945407,
        "min": 0.000458558846731,
        "var": 0.000271730648819
    },
    "spectral_energyband_high": {
        "dmean": 0.000187570723938,
        "dmean2": 0.000272050732747,
        "dvar": 1.09149411287e-07,
        "dvar2": 2.27982027923e-07,
        "max": 0.00659019872546,
        "mean": 0.000386254105251,
        "median": 0.000169190825545,
        "min": 4.06423026789e-07,
        "var": 3.41388272318e-07
    },
    "spectral_energyband_low": {
        "dmean": 0.00284501397982,
        "dmean2": 0.004655349534,
        "dvar": 3.10848117806e-05,
        "dvar2": 8.12890575617e-05,
        "max": 0.0679850429296,
        "mean": 0.00483322050422,
        "median": 0.0022844679188,
        "min": 2.08889514397e-06,
        "var": 5.55790029466e-05
    },
    "spectral_energyband_middle_high": {
        "dmean": 0.0039470307529,
        "dmean2": 0.00563959730789,
        "dvar": 2.94190849672e-05,
        "dvar2": 5.42770285392e-05,
        "max": 0.0593133307993,
        "mean": 0.0100478930399,
        "median": 0.00719308760017,
        "min": 5.78345243412e-05,
        "var": 9.02690881048e-05
    },
    "spectral_energyband_middle_low": {
        "dmean": 0.0042187711224,
        "dmean2": 0.00595558667555,
        "dvar": 3.34436772391e-05,
        "dvar2": 6.53167517157e-05,
        "max": 0.084868773818,
        "mean": 0.0081343902275,
        "median": 0.00522449892014,
        "min": 6.81814271957e-05,
        "var": 8.46844559419e-05
    },
    "spectral_entropy": {
        "dmean": 0.192743808031,
        "dmean2": 0.274442136288,
        "dvar": 0.0359243825078,
        "dvar2": 0.0717052966356,
        "max": 8.2114276886,
        "mean": 7.3291144371,
        "median": 7.3946928978,
        "min": 5.89319038391,
        "var": 0.161637291312
    },
    "spectral_flux": {
        "dmean": 0.0253330823034,
        "dmean2": 0.0415010713041,
        "dvar": 0.000682264624629,
        "dvar2": 0.00168900983408,
        "max": 0.276493340731,
        "mean": 0.0834716260433,
        "median": 0.0777360498905,
        "min": 0.0132886096835,
        "var": 0.00140998512506
    },
    "spectral_kurtosis": {
        "dmean": 2.9869351387,
        "dmean2": 5.10636901855,
        "dvar": 12.4835224152,
        "dvar2": 35.9422988892,
        "max": 49.2223510742,
        "mean": 7.07054233551,
        "median": 5.79189968109,
        "min": 0.999825000763,
        "var": 23.9182415009
    },
    "spectral_rms": {
        "dmean": 0.000837655737996,
        "dmean2": 0.00117608660366,
        "dvar": 7.30724309506e-07,
        "dvar2": 1.33547621317e-06,
        "max": 0.00976762548089,
        "mean": 0.00439368886873,
        "median": 0.0042132306844,
        "min": 0.000668860564474,
        "var": 2.80665403807e-06
    },
    "spectral_rolloff": {
        "dmean": 316.747497559,
        "dmean2": 526.488525391,
        "dvar": 162377.34375,
        "dvar2": 351101.6875,
        "max": 4242.04101562,
        "mean": 1611.77636719,
        "median": 1593.45703125,
        "min": 150.732421875,
        "var": 416507.65625
    },
    "spectral_skewness": {
        "dmean": 0.310088247061,
        "dmean2": 0.510166049004,
        "dvar": 0.0835733413696,
        "dvar2": 0.2460218817,
        "max": 4.682056427,
        "mean": 1.80243325233,
        "median": 1.74507081509,
        "min": 0.904385268688,
        "var": 0.237236902118
    },
    "spectral_spread": {
        "dmean": 536532.125,
        "dmean2": 775301.125,
        "dvar": 408242323456,
        "dvar2": 750103822336,
        "max": 13220316,
        "mean": 3280603.25,
        "median": 3191762,
        "min": 1195867.875,
        "var": 880129277952
    },
    "spectral_strongpeak": {
        "dmean": 1.39261138439,
        "dmean2": 2.23904705048,
        "dvar": 3.36043286324,
        "dvar2": 6.58423423767,
        "max": 12.9112024307,
        "mean": 2.56650257111,
        "median": 1.35222673416,
        "min": 0.012291203253,
        "var": 8.71746635437
    },
    "zerocrossingrate": {
        "dmean": 0.00797085091472,
        "dmean2": 0.00956403370947,
        "dvar": 5.32243284397e-05,
        "dvar2": 7.77648747317e-05,
        "max": 0.1416015625,
        "mean": 0.0616314411163,
        "median": 0.0615234375,
        "min": 0.01318359375,
        "var": 0.000343430147041
    },
    "barkbands": {
        "dmean": [0.000108282714791, 0.00155038689263, 0.00140966230538, 0.00084939278895, 0.000323622487485, 0.000316606194247, 0.000782354036346, 0.00233723665588, 0.00121166661847, 0.000542431545909, 0.000719302974176, 0.000580777181312, 0.00153024913743, 0.000712490233127, 0.000886714784428, 0.000752833322622, 0.000175791865331, 0.000192171122762, 0.000137247639941, 0.000119852367789, 5.55120459467e-05, 4.08721971326e-05, 2.41902762355e-05, 1.90239134099e-05, 1.72122799995e-05, 1.77736783371e-05, 1.86817250558e-09],
        "dmean2": [0.00017491732433, 0.00265432870947, 0.00230448087677, 0.00141652941238, 0.000525085255504, 0.000530391465873, 0.00121031899471, 0.00350284972228, 0.00174339627847, 0.000836115679704, 0.00116981752217, 0.000862306973431, 0.0023324387148, 0.00110828969628, 0.00133124296553, 0.00115875340998, 0.000285179849016, 0.000314358767355, 0.000204138676054, 0.000195209315279, 8.06712487247e-05, 6.13670490566e-05, 3.68412438547e-05, 2.89945546683e-05, 2.72652123385e-05, 2.75419133686e-05, 3.18527137999e-09],
        "dvar": [5.45293872278e-08, 8.55030339153e-06, 1.07540490717e-05, 4.84651263832e-06, 3.31745837912e-07, 4.0366788312e-07, 1.40434212881e-06, 2.16426451516e-05, 7.34303648642e-06, 7.25616530417e-07, 1.59320222792e-06, 1.24685641367e-06, 1.73398675543e-05, 5.14353450853e-06, 3.76847992811e-06, 3.68777182302e-06, 1.1133010247e-07, 3.18387549214e-07, 8.71131788927e-08, 7.10757959155e-08, 1.05513473514e-08, 7.62228147266e-09, 2.21839546732e-09, 1.04793640432e-09, 1.08731468274e-09, 1.96340432801e-09, 4.05821478903e-16],
        "dvar2": [1.23916137795e-07, 2.40575955104e-05, 2.73506775557e-05, 1.21904167827e-05, 7.3106855325e-07, 1.05918661575e-06, 3.1619811125e-06, 4.64689401269e-05, 1.16063383757e-05, 1.59395619903e-06, 4.11013252233e-06, 2.57428769146e-06, 3.52272218151e-05, 1.00865545392e-05, 6.83277630742e-06, 7.68598056311e-06, 2.54129645327e-07, 7.0962096288e-07, 1.85043305123e-07, 1.81967493518e-07, 2.09945856255e-08, 1.58668012062e-08, 5.0874300328e-09, 2.41849473781e-09, 2.53200416189e-09, 4.47458914365e-09, 8.70287919184e-16],
        "max": [0.0028427275829, 0.0446527339518, 0.0309966932982, 0.030396874994, 0.00861817318946, 0.00653158919886, 0.0145278330892, 0.0584034733474, 0.0832692459226, 0.0107292970642, 0.0147698270157, 0.0168408378959, 0.0569370761514, 0.0381837747991, 0.0233210325241, 0.0224733948708, 0.00617421930656, 0.0120315589011, 0.00534332636744, 0.00468659168109, 0.00164144032169, 0.00146655924618, 0.000948285160121, 0.000563481939025, 0.000376671174308, 0.000583122659009, 4.70879939485e-07],
        "mean": [0.000114281450806, 0.00226893252693, 0.00188159057871, 0.000987431034446, 0.000411865388742, 0.000383001985028, 0.00131830153987, 0.00274446536787, 0.0019346056506, 0.000911197566893, 0.000969754182734, 0.000936609518249, 0.00242389831692, 0.00134476821404, 0.00148061930668, 0.0013026164379, 0.000262051296886, 0.000275195692666, 0.000227782395086, 0.000197375295102, 0.000104818733234, 7.51643237891e-05, 4.0478167648e-05, 2.86304657493e-05, 2.12114118767e-05, 1.73019998329e-05, 1.42055744945e-09],
        "median": [3.3740321669e-05, 0.00123120681383, 0.000302953034407, 0.000171454565134, 0.000163117234479, 0.000171904932358, 0.000508718541823, 0.000813664635643, 0.000539956847206, 0.000378574448405, 0.000443365686806, 0.000343606545357, 0.000635438191239, 0.000247333897278, 0.000392702640966, 0.000242488575168, 9.34538038564e-05, 0.000101619531051, 9.24204869079e-05, 8.77919519553e-05, 4.99890848005e-05, 2.56757739407e-05, 1.74763081304e-05, 9.43312352319e-06, 5.77033642912e-06, 2.30120485867e-06, 2.68871924725e-10],
        "min": [8.94998919421e-08, 4.82735231344e-07, 1.03528890349e-07, 3.81872098387e-07, 3.81764084523e-06, 3.90263096506e-07, 5.6808617046e-06, 1.23847678424e-06, 1.44007844938e-06, 1.14379156457e-06, 9.66035031524e-07, 1.66554582393e-06, 3.56444138561e-06, 2.59506600742e-06, 5.16395539307e-06, 1.22775804812e-06, 7.8351808952e-07, 6.22875177214e-07, 1.57037192139e-07, 3.34866172125e-07, 1.40849422792e-07, 1.24921664124e-08, 7.57799600848e-09, 4.29412416736e-09, 4.60139287783e-10, 1.54127439977e-11, 1.6846597034e-11],
        "var": [6.0136400748e-08, 9.76413048193e-06, 1.96980236069e-05, 6.25164648227e-06, 5.49625667645e-07, 4.06649149909e-07, 4.069676379e-06, 2.70892451226e-05, 2.79602518276e-05, 1.74408842213e-06, 2.08091250897e-06, 2.93301309284e-06, 3.80105593649e-05, 1.54773406393e-05, 1.02861977211e-05, 9.6810508694e-06, 2.48970309258e-07, 3.93386414999e-07, 1.84975533557e-07, 1.16795554561e-07, 2.66513993097e-08, 2.20544436047e-08, 3.97800814511e-09, 2.30891550324e-09, 1.49768930591e-09, 2.03039851598e-09, 2.91083719357e-16]
    },
    "erbbands": {
        "dmean": [0.0383241437376, 0.384131252766, 1.41315221786, 2.2828066349, 1.60407614708, 1.12580275536, 1.54744124413, 3.0854871273, 8.625623703, 16.4515686035, 56.8453521729, 30.5543403625, 17.9728965759, 30.3447227478, 16.7730407715, 21.6719455719, 60.2397689819, 43.51404953, 32.5838279724, 41.3520812988, 44.3084220886, 11.4452047348, 9.83693122864, 8.1930437088, 6.78217840195, 4.79918575287, 2.94635009766, 1.93778288364, 1.61039352417, 1.03056764603, 0.700824439526, 0.446270167828, 0.299648284912, 0.198197290301, 0.125114485621, 0.0858834460378, 0.0340071022511, 0.00211868621409, 4.30023792433e-05, 1.08088088382e-05],
        "dmean2": [0.0641475319862, 0.657484650612, 2.35926580429, 3.70246076584, 2.6460018158, 1.80538475513, 2.61693263054, 5.21343183517, 13.6796197891, 24.3726234436, 86.8365707397, 43.9817771912, 26.6915035248, 48.5559654236, 26.3779678345, 32.225276947, 92.8390274048, 67.3419189453, 48.8885726929, 61.4548072815, 69.0232162476, 18.2123775482, 15.7982969284, 12.7036275864, 10.5000238419, 7.72680902481, 4.28417348862, 2.82902407646, 2.39949893951, 1.59028685093, 1.09051287174, 0.683551549911, 0.469989180565, 0.317560344934, 0.199866503477, 0.135781079531, 0.0529077649117, 0.00336319301277, 6.61331869196e-05, 1.55689613166e-05],
        "dvar": [0.004013272468, 0.580792069435, 11.1688070297, 24.750617981, 15.4346017838, 4.15159130096, 12.5664243698, 43.6952323914, 164.217575073, 592.815612793, 12928.3964844, 5292.875, 938.412658691, 2499.42358398, 1034.7623291, 1566.46337891, 21190.2285156, 12091.9628906, 3461.30493164, 7690.21289062, 13089.0371094, 471.126220703, 477.710235596, 771.44720459, 277.508789062, 90.5155487061, 24.4868221283, 16.7921390533, 13.495018959, 4.33412694931, 1.60516834259, 0.626058280468, 0.281888753176, 0.129670217633, 0.0697021186352, 0.0459368005395, 0.00733385747299, 3.17823905789e-05, 1.09807274384e-08, 1.54271581621e-10],
        "dvar2": [0.0104989819229, 1.66151666641, 29.7654075623, 61.0924568176, 38.1446495056, 8.71422958374, 33.0352630615, 116.353492737, 417.4815979, 1213.43798828, 29150.8535156, 8228.87402344, 1949.93554688, 6252.56640625, 2315.95727539, 2945.10498047, 44812.375, 23653.3652344, 6658.67480469, 14047.9287109, 26087.3710938, 1047.94592285, 1180.60229492, 1497.08544922, 628.291320801, 223.461349487, 52.0896835327, 36.2735900879, 28.2500247955, 9.87032794952, 3.90105772018, 1.42627894878, 0.640845000744, 0.305919259787, 0.159111335874, 0.106898263097, 0.016425775364, 7.0992646215e-05, 2.43707436454e-08, 3.09335917992e-10],
        "max": [0.686147034168, 11.8705368042, 29.8617553711, 58.3282279968, 49.1917228699, 34.4147987366, 58.6445884705, 69.3225326538, 152.192977905, 245.139648438, 1454.94470215, 2328.23022461, 533.023620605, 569.859191895, 472.200775146, 817.633117676, 1816.98474121, 1695.82348633, 791.033447266, 1100.31274414, 1435.71459961, 340.232208252, 371.516967773, 719.222473145, 249.54850769, 151.860046387, 73.1582489014, 70.9316329956, 75.9001846313, 32.3338127136, 16.8553695679, 14.1489219666, 7.21887302399, 3.9709789753, 2.95204281807, 2.69088935852, 0.952841103077, 0.0512453205884, 0.00105028459802, 0.0001318219729],
        "mean": [0.0625404044986, 0.541642665863, 1.92432439327, 3.04733109474, 2.01564359665, 1.41501176357, 1.6980754137, 3.83991885185, 14.1720657349, 27.1678123474, 67.4791107178, 50.2036972046, 31.2158355713, 44.5124588013, 25.9490680695, 37.6151885986, 97.6682662964, 84.8477478027, 60.5331535339, 68.9041137695, 77.500617981, 19.1268577576, 15.0423793793, 13.7004966736, 11.3011865616, 8.2944316864, 5.54516220093, 3.54752993584, 2.94842147827, 1.6870881319, 1.16035449505, 0.68582046032, 0.43171942234, 0.250225394964, 0.14439022541, 0.0826808810234, 0.0335387252271, 0.00196127453819, 5.27079355379e-05, 2.99377934425e-05],
        "median": [0.0299244243652, 0.281654715538, 0.370999187231, 0.638063490391, 0.570876717567, 0.588011026382, 0.775889694691, 1.74483716488, 6.78207111359, 12.8096456528, 23.2641773224, 14.6313362122, 12.894528389, 20.5517749786, 13.0828313828, 16.3734226227, 35.1170768738, 21.5396461487, 24.4874153137, 25.282699585, 17.5428581238, 7.39611101151, 6.05234956741, 5.62548351288, 4.05920600891, 4.18622016907, 2.72476434708, 1.37748873234, 0.987149953842, 0.633188605309, 0.503171205521, 0.263464599848, 0.126737475395, 0.0666398853064, 0.0359321460128, 0.0130344862118, 0.00391586963087, 0.000173264052137, 1.93982450583e-05, 2.46325034823e-05],
        "min": [1.85979115486e-05, 6.6038875957e-05, 0.000275866914308, 0.00146506051533, 0.00428070360795, 0.0119884498417, 0.0125150233507, 0.01443785429, 0.104024991393, 0.0571984164417, 0.0451663434505, 0.0486109219491, 0.186085760593, 0.0466161742806, 0.081087782979, 0.112580418587, 0.159682765603, 0.157897502184, 0.222686231136, 0.200750663877, 0.0903198942542, 0.07109336555, 0.0402207672596, 0.0156462341547, 0.0129021489993, 0.0105612371117, 0.0103509547189, 0.00333683099598, 0.000921938568354, 0.000202118128072, 0.000241382222157, 9.88875108305e-05, 6.258146459e-05, 3.84373743145e-05, 1.16590581456e-05, 2.48609535447e-06, 1.87459966128e-06, 3.96120384494e-07, 3.13594227919e-07, 5.4379353287e-07],
        "var": [0.00617350358516, 0.654606461525, 18.6206989288, 37.4360389709, 20.3841495514, 7.59514713287, 10.4288063049, 42.133605957, 386.534515381, 1252.54638672, 15203.1132812, 20648.6582031, 2505.92333984, 3774.69750977, 1607.12487793, 4460.9375, 41762.5429688, 38567.0351562, 8861.75488281, 18967.8847656, 34331.640625, 1008.60760498, 737.320861816, 1201.8951416, 542.333557129, 160.486358643, 64.0741577148, 41.7976646423, 37.9211502075, 8.6492023468, 3.07458949089, 1.26772451401, 0.571681201458, 0.198581203818, 0.0812873542309, 0.0457398593426, 0.00780387641862, 3.27819361701e-05, 1.19253913411e-08, 4.61619825698e-10]
    },
    "gfcc": {
        "mean": [-18.7926635742, 102.188644409, -153.086273193, 19.4255886078, -52.1497612, 22.5713977814, -26.0173797607, 15.4059648514, -9.59377765656, 11.7735519409, -15.0775642395, -8.09853076935, -12.6017475128],
        "cov": [[3287.53710938, -805.031555176, 316.248565674, 186.930130005, -247.113754272, 89.381362915, -137.930007935, 354.386474609, -162.149246216, 77.154510498, -173.322769165, 136.157318115, -205.290344238], [-805.031555176, 1084.74450684, 4.01278400421, 16.4629745483, 222.661422729, -27.1151008606, 128.608413696, -248.639175415, 134.985214233, -145.765777588, 136.810928345, -133.118515015, 125.298301697], [316.248565674, 4.01278400421, 827.227966309, 50.959400177, 6.82705020905, 40.9011268616, -42.4259185791, 161.227523804, -144.819442749, 74.6718521118, -174.276153564, 40.2633514404, -123.90032196], [186.930130005, 16.4629745483, 50.959400177, 359.389862061, 26.5112228394, 56.5442390442, 41.5131835938, 62.0063743591, 41.869594574, -99.2571258545, -4.46828985214, -61.2670326233, 18.5063743591], [-247.113754272, 222.661422729, 6.82705020905, 26.5112228394, 296.177429199, 60.8442459106, 36.0979881287, -114.456642151, 26.2736759186, -17.2747478485, -41.4837112427, -37.8980369568, 39.6966743469], [89.381362915, -27.1151008606, 40.9011268616, 56.5442390442, 60.8442459106, 142.178970337, 25.2040996552, 19.8160018921, -6.47193908691, 9.31391620636, -9.86856937408, -28.43658638, 28.4861125946], [-137.930007935, 128.608413696, -42.4259185791, 41.5131835938, 36.0979881287, 25.2040996552, 115.56653595, 7.45836925507, 58.8193740845, -26.742937088, 26.5086231232, -23.2434616089, 21.2500114441], [354.386474609, -248.639175415, 161.227523804, 62.0063743591, -114.456642151, 19.8160018921, 7.45836925507, 262.472503662, 19.278842926, 27.6081142426, -61.8392677307, 54.3516960144, -31.786529541], [-162.149246216, 134.985214233, -144.819442749, 41.869594574, 26.2736759186, -6.47193908691, 58.8193740845, 19.278842926, 198.610351562, -29.0995635986, 23.1475524902, -29.9588451385, 66.9677505493], [77.154510498, -145.765777588, 74.6718521118, -99.2571258545, -17.2747478485, 9.31391620636, -26.742937088, 27.6081142426, -29.0995635986, 155.607711792, 15.1601867676, 31.4960517883, -44.9688224792], [-173.322769165, 136.810928345, -174.276153564, -4.46828985214, -41.4837112427, -9.86856937408, 26.5086231232, -61.8392677307, 23.1475524902, 15.1601867676, 192.177215576, 0.712148725986, 22.5368061066], [136.157318115, -133.118515015, 40.2633514404, -61.2670326233, -37.8980369568, -28.43658638, -23.2434616089, 54.3516960144, -29.9588451385, 31.4960517883, 0.712148725986, 146.333221436, -4.2141919136], [-205.290344238, 125.298301697, -123.90032196, 18.5063743591, 39.6966743469, 28.4861125946, 21.2500114441, -31.786529541, 66.9677505493, -44.9688224792, 22.5368061066, -4.2141919136, 146.612869263]],
        "icov": [[0.000475142762298, -9.56217554631e-05, 0.000218396060518, -0.000405389408115, 0.000354930496542, -0.000602309417445, 0.000482802424813, -0.000262640620349, 0.000120829783555, -0.000212710627238, 0.000506156182382, -0.000522628426552, 0.000663504877593], [-9.56217554631e-05, 0.00438105361536, -0.00320097035728, 0.00213258317672, -0.00246216752566, 0.00247211125679, -0.00228138803504, 0.00205896096304, -0.00236635934561, 0.00460396427661, -0.00528231449425, 0.00304203294218, -0.00249650585465], [0.000218396060518, -0.00320097035728, 0.00452405912802, -0.0022215328645, 0.00148024747614, -0.00198446190916, 0.00160550663713, -0.00248192041181, 0.00306468945928, -0.00435453513637, 0.00538851227611, -0.00249853683636, 0.00272345007397], [-0.000405389408115, 0.00213258317672, -0.0022215328645, 0.00602055434138, -0.00226765638217, 0.000321984844049, -0.000964837730862, -0.000903005013242, -0.00167634757236, 0.00591881060973, -0.00453138025478, 0.00347824348137, -0.0011543945875], [0.000354930496542, -0.00246216752566, 0.00148024747614, -0.00226765638217, 0.00791926216334, -0.00427761813626, -0.000336717814207, 0.00327288452536, -0.000114410679089, -0.00368448183872, 0.00609501916915, -0.00319370487705, 0.00147712533362], [-0.000602309417445, 0.00247211125679, -0.00198446190916, 0.000321984844049, -0.00427761813626, 0.0128838969395, -0.00358964269981, -0.00117217330262, 0.00160648766905, 0.000141550626722, -0.00379116320983, 0.00490335002542, -0.0057193567045], [0.000482802424813, -0.00228138803504, 0.00160550663713, -0.000964837730862, -0.000336717814207, -0.00358964269981, 0.0138911595568, -0.00309440423734, -0.00174216669984, 8.73476747074e-05, 0.000182692427188, -0.00109005987179, 0.00297181890346], [-0.000262640620349, 0.00205896096304, -0.00248192041181, -0.000903005013242, 0.00327288452536, -0.00117217330262, -0.00309440423734, 0.010373974219, -0.00408970098943, 0.00022237925441, 0.000960759818554, -0.00220238999464, -0.000346354325302], [0.000120829783555, -0.00236635934561, 0.00306468945928, -0.00167634757236, -0.000114410679089, 0.00160648766905, -0.00174216669984, -0.00408970098943, 0.0102499695495, -0.00357036245987, 0.00280931917951, 0.000506975746248, -0.00211646524258], [-0.000212710627238, 0.00460396427661, -0.00435453513637, 0.00591881060973, -0.00368448183872, 0.000141550626722, 8.73476747074e-05, 0.00022237925441, -0.00357036245987, 0.0159617532045, -0.00888728443533, 0.0029530019965, 0.000323693238897], [0.000506156182382, -0.00528231449425, 0.00538851227611, -0.00453138025478, 0.00609501916915, -0.00379116320983, 0.000182692427188, 0.000960759818554, 0.00280931917951, -0.00888728443533, 0.0156334936619, -0.00564259150997, 0.00304256938398], [-0.000522628426552, 0.00304203294218, -0.00249853683636, 0.00347824348137, -0.00319370487705, 0.00490335002542, -0.00109005987179, -0.00220238999464, 0.000506975746248, 0.0029530019965, -0.00564259150997, 0.0123708490282, -0.00439245672897], [0.000663504877593, -0.00249650585465, 0.00272345007397, -0.0011543945875, 0.00147712533362, -0.0057193567045, 0.00297181890346, -0.000346354325302, -0.00211646524258, 0.000323693238897, 0.00304256938398, -0.00439245672897, 0.0130080962554]]
    },
    "melbands": {
        "dmean": [0.00039225013461, 0.000629078364, 0.000375104136765, 8.59323699842e-05, 5.23709604749e-05, 6.78511714796e-05, 0.000147413171362, 0.000252147059655, 0.000430319691077, 0.000189235375728, 8.70529693202e-05, 0.000117275587399, 6.90269444021e-05, 5.21178080817e-05, 6.4044186729e-05, 0.000190561637282, 7.54069405957e-05, 5.13286140631e-05, 9.01456951397e-05, 4.29616957263e-05, 5.93519580434e-05, 1.16259161587e-05, 1.01311397884e-05, 6.81922119838e-06, 7.37323625799e-06, 4.80121752844e-06, 5.01016211274e-06, 3.38552331414e-06, 2.27574082601e-06, 1.61639377438e-06, 9.83254039966e-07, 1.17184333703e-06, 6.31694376807e-07, 5.55559040549e-07, 4.58062629605e-07, 3.16477468232e-07, 2.83717184857e-07, 2.1683362661e-07, 2.18751623038e-07, 1.60748356848e-07],
        "dmean2": [0.000656760006677, 0.00105207937304, 0.00060501252301, 0.000140121948789, 8.75261102919e-05, 0.000114242968266, 0.000230150617426, 0.000371523201466, 0.00066468724981, 0.000267229188466, 0.000131304535898, 0.00018741103122, 0.000110560496978, 7.75236694608e-05, 9.75533694145e-05, 0.000290958094411, 0.000116849034384, 7.86039381637e-05, 0.000134715010063, 6.67868662276e-05, 9.28634035517e-05, 1.85965000128e-05, 1.65261189977e-05, 1.10488217615e-05, 1.16379887913e-05, 7.26105599824e-06, 8.09607990959e-06, 5.48476373297e-06, 3.4261320252e-06, 2.42714918386e-06, 1.47437856413e-06, 1.7731446178e-06, 9.7912527508e-07, 8.59266265252e-07, 7.27651524812e-07, 4.87583463382e-07, 4.43508412218e-07, 3.42153185784e-07, 3.5395223108e-07, 2.63123126842e-07],
        "dvar": [4.70680987519e-07, 1.98423435904e-06, 6.89446267188e-07, 2.92471931118e-08, 1.39547315925e-08, 1.90420124113e-08, 4.8136090669e-08, 1.83480565852e-07, 7.214223956e-07, 2.40058511736e-07, 2.30489316522e-08, 3.65253036705e-08, 1.46359617759e-08, 1.21326904079e-08, 1.3315306191e-08, 2.87613403316e-07, 4.68366749828e-08, 1.64739066832e-08, 4.55772912744e-08, 1.44481582254e-08, 2.74116978005e-08, 6.0422239434e-10, 3.95641075457e-10, 4.08421158005e-10, 6.0210025854e-10, 2.15280390736e-10, 1.64394317603e-10, 5.12770520489e-11, 1.61593360221e-11, 1.22997818527e-11, 4.25177384619e-12, 8.67131626919e-12, 1.42888782403e-12, 1.3514349145e-12, 7.36371900956e-13, 3.84232603417e-13, 2.51045495156e-13, 1.55341370192e-13, 1.84852269125e-13, 9.0228788796e-14],
        "dvar2": [1.27648604575e-06, 5.45300554222e-06, 1.69533893768e-06, 6.64040058496e-08, 3.61329135501e-08, 5.02192243346e-08, 1.15086614016e-07, 3.67227727338e-07, 1.62619596722e-06, 3.56469939788e-07, 5.04246067123e-08, 9.04758579168e-08, 3.67937929013e-08, 2.38102817463e-08, 2.82919074834e-08, 5.87460135648e-07, 9.18048144172e-08, 3.24378994776e-08, 8.17641918616e-08, 3.34041772021e-08, 5.43307265843e-08, 1.41800104991e-09, 1.00538322112e-09, 9.2728302814e-10, 1.16314280429e-09, 4.77253125908e-10, 4.18959200665e-10, 1.34080677117e-10, 3.91174627412e-11, 2.93055128775e-11, 9.11802838094e-12, 1.89878425483e-11, 3.12815333532e-12, 3.16990661151e-12, 1.90107912051e-12, 9.00681005472e-13, 5.98117909367e-13, 3.72509287956e-13, 4.11633644922e-13, 2.22500647464e-13],
        "max": [0.00951119232923, 0.0155012346804, 0.0102290194482, 0.00251656258479, 0.00190350285266, 0.00138291926123, 0.00240512192249, 0.00434443587437, 0.0105768162757, 0.0160600785166, 0.00246236869134, 0.00213106232695, 0.00168183411006, 0.00168100558221, 0.00254300585948, 0.00729117821902, 0.00393233960494, 0.0019261140842, 0.00255716405809, 0.0014673168771, 0.00220060255378, 0.000446341466159, 0.000287297880277, 0.000395225390093, 0.000629170972388, 0.000338452024153, 0.00023001502268, 0.000117075156595, 5.80002633797e-05, 6.26088076388e-05, 4.39192226622e-05, 6.15864410065e-05, 1.74174838321e-05, 2.21432783292e-05, 1.21496723295e-05, 1.15975253721e-05, 7.43343844078e-06, 5.08450011694e-06, 7.5917068898e-06, 3.38279323842e-06],
        "mean": [0.000611740804743, 0.000914437521715, 0.000512757746037, 0.000112881411042, 5.93438853684e-05, 8.4455103206e-05, 0.000244889291935, 0.000374695984647, 0.000516993633937, 0.000304397864966, 0.00014397589257, 0.000172047613887, 9.8981152405e-05, 8.29582932056e-05, 0.000107041843876, 0.000290864234557, 0.000145692538354, 8.76027843333e-05, 0.000150145220687, 5.73375145905e-05, 9.62963167694e-05, 1.69451432157e-05, 1.43605911944e-05, 1.00684865174e-05, 1.14972208394e-05, 8.02356044005e-06, 7.46222667658e-06, 5.26868916495e-06, 3.89314936911e-06, 2.66533720605e-06, 1.66592758433e-06, 1.99845362658e-06, 1.00496185951e-06, 8.47491776312e-07, 7.04963269982e-07, 4.77271328236e-07, 4.03415810979e-07, 2.89612216875e-07, 2.80738191805e-07, 1.85854645451e-07],
        "median": [0.000334468379151, 0.000283788016532, 0.000112799461931, 4.28116763942e-05, 2.71627905022e-05, 3.78678269044e-05, 0.000101301644463, 0.000169892431586, 0.000176845365786, 8.26641262393e-05, 5.60152438993e-05, 7.97063694336e-05, 5.08693447046e-05, 3.0440680348e-05, 4.62994248664e-05, 5.93880395172e-05, 2.63698912022e-05, 2.91033666144e-05, 3.39853359037e-05, 1.24691296151e-05, 1.69623253896e-05, 5.93766253587e-06, 5.28633336216e-06, 4.20471633333e-06, 4.1430184865e-06, 2.75033676189e-06, 2.96448888548e-06, 2.57239003076e-06, 1.86828219739e-06, 9.73511987468e-07, 6.64474441692e-07, 5.87394538343e-07, 3.85808192505e-07, 3.18680662303e-07, 3.18601109939e-07, 1.80403048944e-07, 1.50662842202e-07, 7.07938241362e-08, 7.64560894595e-08, 4.35428475498e-08],
        "min": [4.33664638422e-07, 1.59261546173e-07, 3.51542325916e-07, 5.09131666604e-07, 3.65224423149e-07, 1.02827627302e-07, 1.17065553695e-06, 6.02640227498e-07, 1.75131717128e-07, 2.40481426772e-07, 1.32811507569e-07, 1.21085520277e-07, 1.53311034978e-07, 2.77361380085e-07, 2.40910310367e-07, 3.31693144062e-07, 2.54289943769e-07, 3.41413766591e-07, 4.41910543714e-07, 1.10594214675e-07, 8.03920983117e-08, 6.27624316962e-08, 2.72205546992e-08, 2.85837753466e-08, 1.09538076387e-08, 6.05379746332e-09, 1.15248770527e-08, 6.32625019037e-09, 7.45546113734e-09, 3.49402395905e-09, 1.12765052851e-09, 2.98187252668e-10, 1.56362617298e-10, 6.55761694945e-11, 1.45755588155e-10, 8.99247135089e-11, 2.46627336609e-11, 1.78635283649e-11, 1.03972672486e-11, 1.85294357982e-12],
