{
"highlevel": {
    "danceability": {
        "all": {
            "danceable": 0.998648047447,
            "not_danceable": 0.00135196791962
        },
        "probability": 0.998648047447,
        "value": "danceable"
    },
    "gender": {
        "all": {
            "female": 0.00475063221529,
            "male": 0.995249390602
        },
        "probability": 0.995249390602,
        "value": "male"
    },
    "genre_dortmund": {
        "all": {
            "alternative": 0.000363360071788,
            "blues": 0.00143854110502,
            "electronic": 0.0139842154458,
            "folkcountry": 0.000578812556341,
            "funksoulrnb": 0.00597992120311,
            "jazz": 0.00497193727642,
            "pop": 0.00301885814406,
            "raphiphop": 0.966102421284,
            "rock": 0.00356195052154
        },
        "probability": 0.966102421284,
        "value": "raphiphop"
    },
    "genre_electronic": {
        "all": {
            "ambient": 0.0881664901972,
            "dnb": 0.694531619549,
            "house": 0.197941869497,
            "techno": 0.0103828515857,
            "trance": 0.0089771579951
        },
        "probability": 0.694531619549,
        "value": "dnb"
    },
    "genre_rosamerica": {
        "all": {
            "cla": 0.000764267577324,
            "dan": 0.0222385264933,
            "hip": 0.934879243374,
            "jaz": 0.00176032830495,
            "pop": 0.0175252333283,
            "rhy": 0.0185743179172,
            "roc": 0.00132077431772,
            "spe": 0.00293731084093
        },
        "probability": 0.934879243374,
        "value": "hip"
    },
    "genre_tzanetakis": {
        "all": {
            "blu": 0.0626541376114,
            "cla": 0.0348133966327,
            "cou": 0.0783501937985,
            "dis": 0.104547761381,
            "hip": 0.15693578124,
            "jaz": 0.313987255096,
            "met": 0.044816005975,
            "pop": 0.0627349764109,
            "reg": 0.0627352520823,
            "roc": 0.0784252434969
        },
        "probability": 0.313987255096,
        "value": "jaz"
    },
    "ismir04_rhythm": {
        "all": {
            "ChaChaCha": 0.012113628909,
            "Jive": 0.0736411139369,
            "Quickstep": 0.0211109723896,
            "Rumba-American": 0.00532585056499,
            "Rumba-International": 0.0263530183583,
            "Rumba-Misc": 0.00355350016616,
            "Samba": 0.850664973259,
            "Tango": 0.00110162876081,
            "VienneseWaltz": 0.00457070674747,
            "Waltz": 0.0015645819949
        },
        "probability": 0.850664973259,
        "value": "Samba"
    },
    "mood_acoustic": {
        "all": {
            "acoustic": 0.194891646504,
            "not_acoustic": 0.805108368397
        },
        "probability": 0.805108368397,
        "value": "not_acoustic"
    },
    "mood_aggressive": {
        "all": {
            "aggressive": 0.412710011005,
            "not_aggressive": 0.587289988995
        },
        "probability": 0.587289988995,
        "value": "not_aggressive"
    },
    "mood_electronic": {
        "all": {
            "electronic": 0.946413338184,
            "not_electronic": 0.0535866878927
        },
        "probability": 0.946413338184,
        "value": "electronic"
    },
    "mood_happy": {
        "all": {
            "happy": 0.429258793592,
            "not_happy": 0.570741176605
        },
        "probability": 0.570741176605,
        "value": "not_happy"
    },
    "mood_party": {
        "all": {
            "not_party": 0.122895672917,
            "party": 0.877104341984
        },
        "probability": 0.877104341984,
        "value": "party"
    },
    "mood_relaxed": {
        "all": {
            "not_relaxed": 0.978650450706,
            "relaxed": 0.0213495604694
        },
        "probability": 0.978650450706,
        "value": "not_relaxed"
    },
    "mood_sad": {
        "all": {
            "not_sad": 0.860192894936,
            "sad": 0.139807090163
        },
        "probability": 0.860192894936,
        "value": "not_sad"
    },
    "moods_mirex": {
        "all": {
            "Cluster1": 0.197046324611,
            "Cluster2": 0.270806968212,
            "Cluster3": 0.051807269454,
            "Cluster4": 0.0790369957685,
            "Cluster5": 0.401302456856
        },
        "probability": 0.401302456856,
        "value": "Cluster5"
    },
    "timbre": {
        "all": {
            "bright": 0.489172130823,
            "dark": 0.510827898979
        },
        "probability": 0.510827898979,
        "value": "dark"
    },
    "tonal_atonal": {
        "all": {
            "atonal": 0.476092070341,
            "tonal": 0.523907899857
        },
        "probability": 0.523907899857,
        "value": "tonal"
    },
    "voice_instrumental": {
        "all": {
            "instrumental": 0.0564378239214,
            "voice": 0.943562150002
        },
        "probability": 0.943562150002,
        "value": "voice"
    }
},
"lowlevel": {
    "average_loudness": 0.973662674427,
    "barkbands_crest": {
        "dmean": 3.89711928368,
        "dmean2": 6.20011758804,
        "dvar": 10.5361633301,
        "dvar2": 23.2289028168,
        "max": 25.9413909912,
        "mean": 12.0488519669,
        "median": 11.2915639877,
        "min": 2.27390861511,
        "var": 31.1433353424
    },
    "barkbands_flatness_db": {
        "dmean": 0.0402844063938,
        "dmean2": 0.0604646876454,
        "dvar": 0.0014813967282,
        "dvar2": 0.00315825315192,
        "max": 0.496313422918,
        "mean": 0.165977299213,
        "median": 0.155883774161,
        "min": 0.0404785014689,
        "var": 0.00479012541473
    },
    "barkbands_kurtosis": {
        "dmean": 14.6098918915,
        "dmean2": 24.0316791534,
        "dvar": 1500.10620117,
        "dvar2": 3575.39575195,
        "max": 645.570617676,
        "mean": 14.5657911301,
        "median": 3.33726930618,
        "min": -1.91022837162,
        "var": 1598.61779785
    },
    "barkbands_skewness": {
        "dmean": 1.43846952915,
        "dmean2": 2.16778993607,
        "dvar": 2.8826956749,
        "dvar2": 6.04491901398,
        "max": 22.055147171,
        "mean": 2.23983287811,
        "median": 1.71814787388,
        "min": -4.05095624924,
        "var": 6.57354736328
    },
    "barkbands_spread": {
        "dmean": 13.0838327408,
        "dmean2": 21.166765213,
        "dvar": 209.407974243,
        "dvar2": 515.103210449,
        "max": 110.780235291,
        "mean": 24.9949798584,
        "median": 19.7139186859,
        "min": 0.330996900797,
        "var": 388.657318115
    },
    "dissonance": {
        "dmean": 0.0274550430477,
        "dmean2": 0.0448421388865,
        "dvar": 0.000817863212433,
        "dvar2": 0.00187243428081,
        "max": 0.499999940395,
        "mean": 0.454500198364,
        "median": 0.464816659689,
        "min": 0.195212304592,
        "var": 0.0015751804458
    },
    "dynamic_complexity": 2.20386219025,
    "erbbands_crest": {
        "dmean": 3.548350811,
        "dmean2": 5.92334985733,
        "dvar": 10.2781076431,
        "dvar2": 26.0630722046,
        "max": 27.9996337891,
        "mean": 9.1397600174,
        "median": 8.09727096558,
        "min": 2.84476137161,
        "var": 19.1996440887
    },
    "erbbands_flatness_db": {
        "dmean": 0.0303633008152,
        "dmean2": 0.0470356680453,
        "dvar": 0.00072915648343,
        "dvar2": 0.0017123593716,
        "max": 0.320028573275,
        "mean": 0.147069022059,
        "median": 0.142542660236,
        "min": 0.0558674111962,
        "var": 0.00180481700227
    },
    "erbbands_kurtosis": {
        "dmean": 2.36808466911,
        "dmean2": 3.91791653633,
        "dvar": 12.8429317474,
        "dvar2": 32.2388000488,
        "max": 32.3030204773,
        "mean": 1.29418182373,
        "median": -0.0476336479187,
        "min": -1.77901601791,
        "var": 15.4573745728
    },
    "erbbands_skewness": {
        "dmean": 0.805086493492,
        "dmean2": 1.25517857075,
        "dvar": 0.598252594471,
        "dvar2": 1.26964962482,
        "max": 5.29714345932,
        "mean": 0.35682067275,
        "median": 0.370885044336,
        "min": -4.15440893173,
        "var": 1.5321842432
    },
    "erbbands_spread": {
        "dmean": 19.4928188324,
        "dmean2": 31.0495166779,
        "dvar": 353.764282227,
        "dvar2": 874.781494141,
        "max": 167.338775635,
        "mean": 47.9030532837,
        "median": 43.7821540833,
        "min": 5.96844863892,
        "var": 629.592407227
    },
    "hfc": {
        "dmean": 15.9579124451,
        "dmean2": 22.6927719116,
        "dvar": 658.172180176,
        "dvar2": 1177.97436523,
        "max": 255.152816772,
        "mean": 25.3428230286,
        "median": 15.5394849777,
        "min": 0.141823753715,
        "var": 1202.9564209
    },
    "melbands_crest": {
        "dmean": 4.73784208298,
        "dmean2": 7.61112165451,
        "dvar": 17.8580970764,
        "dvar2": 37.3610801697,
        "max": 36.7094573975,
        "mean": 16.8536834717,
        "median": 15.1979265213,
        "min": 2.59637618065,
        "var": 59.2818412781
    },
    "melbands_flatness_db": {
        "dmean": 0.0514773316681,
        "dmean2": 0.0730647668242,
        "dvar": 0.00246763345785,
        "dvar2": 0.00459705200046,
        "max": 0.608486890793,
        "mean": 0.205954283476,
        "median": 0.196084052324,
        "min": 0.0179547388107,
        "var": 0.0100798159838
    },
    "melbands_kurtosis": {
        "dmean": 35.4654502869,
        "dmean2": 56.9827156067,
        "dvar": 5786.00488281,
        "dvar2": 12803.1132812,
        "max": 1030.42089844,
        "mean": 39.9032936096,
        "median": 12.1779289246,
        "min": -1.89435660839,
        "var": 7322.55126953
    },
    "melbands_skewness": {
        "dmean": 1.9414691925,
        "dmean2": 2.97518491745,
        "dvar": 5.38335609436,
        "dvar2": 11.2474327087,
        "max": 23.6832942963,
        "mean": 3.83602499962,
        "median": 2.93382501602,
        "min": -2.50076246262,
        "var": 10.9754495621
    },
    "melbands_spread": {
        "dmean": 19.3576850891,
        "dmean2": 31.5326118469,
        "dvar": 934.914978027,
        "dvar2": 2142.83422852,
        "max": 237.300994873,
        "mean": 30.2409706116,
        "median": 16.9586315155,
        "min": 0.194297730923,
        "var": 1387.0838623
    },
    "pitch_salience": {
        "dmean": 0.103339225054,
        "dmean2": 0.157049447298,
        "dvar": 0.00834604073316,
        "dvar2": 0.0166388116777,
        "max": 0.845473468304,
        "mean": 0.541163980961,
        "median": 0.578326761723,
        "min": 0.0739285126328,
        "var": 0.0298878662288
    },
    "silence_rate_20dB": {
        "dmean": 0,
        "dmean2": 0,
        "dvar": 0,
        "dvar2": 0,
        "max": 1,
        "mean": 1,
        "median": 1,
        "min": 1,
        "var": 0
    },
    "silence_rate_30dB": {
        "dmean": 0.030959751457,
        "dmean2": 0.0619674660265,
        "dvar": 0.0300016403198,
        "dvar2": 0.0891101062298,
        "max": 1,
        "mean": 0.984532117844,
        "median": 1,
        "min": 0,
        "var": 0.0152286598459
    },
    "silence_rate_60dB": {
        "dmean": 0.0665634647012,
        "dmean2": 0.133230060339,
        "dvar": 0.0621327720582,
        "dvar2": 0.155757963657,
        "max": 1,
        "mean": 0.0518174804747,
        "median": 0,
        "min": 0,
        "var": 0.0491327568889
    },
    "spectral_centroid": {
        "dmean": 583.755737305,
        "dmean2": 894.094482422,
        "dvar": 434558.625,
        "dvar2": 745539.6875,
        "max": 5102.28759766,
        "mean": 1642.01916504,
        "median": 1356.16296387,
        "min": 175.511795044,
        "var": 1160129.875
    },
    "spectral_complexity": {
        "dmean": 5.42414855957,
        "dmean2": 7.72114658356,
        "dvar": 35.7535476685,
        "dvar2": 53.7316322327,
        "max": 63,
        "mean": 14.7285385132,
        "median": 12,
        "min": 0,
        "var": 134.500320435
    },
    "spectral_decrease": {
        "dmean": 4.00342514695e-09,
        "dmean2": 6.39284669646e-09,
        "dvar": 2.94969165365e-17,
        "dvar2": 6.8811203012e-17,
        "max": -2.65311505404e-11,
        "mean": -7.62734320148e-09,
        "median": -4.83334439139e-09,
        "min": -3.83045843932e-08,
        "var": 5.60337043853e-17
    },
    "spectral_energy": {
        "dmean": 0.0161560066044,
        "dmean2": 0.0256223101169,
        "dvar": 0.000439752213424,
        "dvar2": 0.00102700432763,
        "max": 0.146767899394,
        "mean": 0.031086018309,
        "median": 0.0208042748272,
        "min": 0.000125442587887,
        "var": 0.000834964739624
    },
    "spectral_energyband_high": {
        "dmean": 0.00155882199761,
        "dmean2": 0.00220257369801,
        "dvar": 9.95810569293e-06,
        "dvar2": 1.85649805644e-05,
        "max": 0.035574156791,
        "mean": 0.00196657306515,
        "median": 0.000501922215335,
        "min": 1.74262572727e-06,
        "var": 1.60733143275e-05
    },
    "spectral_energyband_low": {
        "dmean": 0.00713575864211,
        "dmean2": 0.0112657500431,
        "dvar": 0.000230512363487,
        "dvar2": 0.000472532061394,
        "max": 0.124831728637,
        "mean": 0.014390675351,
        "median": 0.00170425546821,
        "min": 4.1956116803e-08,
        "var": 0.000586271227803
    },
    "spectral_energyband_middle_high": {
        "dmean": 0.00227032369003,
        "dmean2": 0.00326283928007,
        "dvar": 1.43090665006e-05,
        "dvar2": 2.69355678029e-05,
        "max": 0.0453791432083,
        "mean": 0.00335754803382,
        "median": 0.00174015434459,
        "min": 5.5444947975e-06,
        "var": 2.69518823188e-05
    },
    "spectral_energyband_middle_low": {
        "dmean": 0.0113835949451,
        "dmean2": 0.0193576812744,
        "dvar": 0.000329813599819,
        "dvar2": 0.000923422107007,
        "max": 0.105254471302,
        "mean": 0.0127012645826,
        "median": 0.00814767647535,
        "min": 3.42826388078e-05,
        "var": 0.000269470561761
    },
    "spectral_entropy": {
        "dmean": 0.310541659594,
        "dmean2": 0.471749126911,
        "dvar": 0.0901133716106,
        "dvar2": 0.196546584368,
        "max": 8.64585399628,
        "mean": 7.66215467453,
        "median": 7.7008895874,
        "min": 5.72439241409,
        "var": 0.249352902174
    },
    "spectral_flux": {
        "dmean": 0.0459593832493,
        "dmean2": 0.0707055553794,
        "dvar": 0.00231368583627,
        "dvar2": 0.00409803073853,
        "max": 0.390782028437,
        "mean": 0.118827082217,
        "median": 0.103468753397,
        "min": 0.0073258522898,
        "var": 0.00459610298276
    },
    "spectral_kurtosis": {
        "dmean": 1.63533496857,
        "dmean2": 2.50664687157,
        "dvar": 3.17839455605,
        "dvar2": 7.14621448517,
        "max": 29.9653434753,
        "mean": 3.44512677193,
        "median": 3.00007343292,
        "min": -1.36261081696,
        "var": 6.65818929672
    },
    "spectral_rms": {
        "dmean": 0.00149308575783,
        "dmean2": 0.00227090646513,
        "dvar": 2.49423806054e-06,
        "dvar2": 5.2987466006e-06,
        "max": 0.0119661269709,
        "mean": 0.00490798940882,
        "median": 0.00450520310551,
        "min": 0.000349832844222,
        "var": 6.23947425993e-06
    },
    "spectral_rolloff": {
        "dmean": 1301.74389648,
        "dmean2": 2170.20458984,
        "dvar": 3681830.5,
        "dvar2": 7541760,
        "max": 11541.796875,
        "mean": 2171.90844727,
        "median": 947.4609375,
        "min": 43.06640625,
        "var": 6306710.5
    },
    "spectral_skewness": {
        "dmean": 0.325526803732,
        "dmean2": 0.488407492638,
        "dvar": 0.0851325616241,
        "dvar2": 0.180512681603,
        "max": 4.39757633209,
        "mean": 1.35342812538,
        "median": 1.30143082142,
        "min": 0.104991346598,
        "var": 0.258109778166
    },
    "spectral_spread": {
        "dmean": 1061141.375,
        "dmean2": 1575322.125,
        "dvar": 986054983680,
        "dvar2": 2.16253739827e+12,
        "max": 17911044,
        "mean": 5465470,
        "median": 5188717,
        "min": 2172378.5,
        "var": 2.35286088909e+12
    },
    "spectral_strongpeak": {
        "dmean": 0.573776125908,
        "dmean2": 0.955645084381,
        "dvar": 0.750391364098,
        "dvar2": 1.85601854324,
        "max": 10.6935873032,
        "mean": 0.804303944111,
        "median": 0.562409281731,
        "min": 0,
        "var": 0.830717265606
    },
    "zerocrossingrate": {
        "dmean": 0.0273807868361,
        "dmean2": 0.0305026378483,
        "dvar": 0.000805508170743,
        "dvar2": 0.000985521008261,
        "max": 0.314453125,
        "mean": 0.081771813333,
        "median": 0.06494140625,
        "min": 0.001953125,
        "var": 0.00373153737746
    },
    "barkbands": {
        "dmean": [0.000833874335513, 0.00476656807587, 0.00339623098262, 0.00335048232228, 0.00416738539934, 0.00222896505147, 0.00189405214041, 0.0014561630087, 0.000986811821349, 0.000393278925912, 0.000267074530711, 0.000222933784244, 0.00029226220795, 0.000394985254388, 0.000299217936117, 0.000258897693129, 0.000216566608287, 0.000158741138875, 0.000335409509717, 0.000340619240887, 0.000350834714482, 0.000345091015333, 0.000383781967685, 0.000231490761507, 0.000137505936436, 6.41846563667e-05, 1.37545768553e-07],
        "dmean2": [0.00137696927413, 0.00723809981719, 0.00619142502546, 0.00625509442762, 0.00739284837618, 0.0037233165931, 0.0031672520563, 0.00240093260072, 0.00145936128683, 0.0006405308377, 0.000429470208474, 0.000374702591216, 0.000455599074485, 0.000635006988887, 0.00044695782708, 0.000409938773373, 0.000344656873494, 0.00022977401386, 0.000481624738313, 0.000500057125464, 0.00049449299695, 0.000502026930917, 0.000571914541069, 0.000335858145263, 0.000197354631382, 9.53854905674e-05, 2.48937169545e-07],
        "dvar": [7.29631756258e-06, 0.000115464325063, 0.000110544715426, 0.000115719165478, 8.5408333689e-05, 1.6237505406e-05, 1.36275684781e-05, 1.00557072074e-05, 6.93027186571e-06, 1.25311169086e-06, 6.37694029137e-07, 2.28243905553e-07, 3.54942642389e-07, 6.22037021003e-07, 4.73858563055e-07, 4.90361003358e-07, 2.75184305565e-07, 1.0708870235e-07, 5.30367117335e-07, 5.72723251935e-07, 6.27881206583e-07, 7.0373903327e-07, 8.13170402125e-07, 2.25724193115e-07, 6.27392751085e-08, 1.39526736831e-08, 7.86187955015e-13],
        "dvar2": [2.06017793971e-05, 0.000223416325753, 0.000311220501317, 0.000331019808073, 0.000240294073592, 4.09126078011e-05, 3.26813460561e-05, 2.41167654167e-05, 1.49438219523e-05, 2.89184822577e-06, 1.60278932526e-06, 6.01777401243e-07, 7.90915237303e-07, 1.54291171839e-06, 9.83874656413e-07, 1.17727961424e-06, 6.92486764819e-07, 1.98658867134e-07, 1.02897217857e-06, 1.20646177493e-06, 1.20898005207e-06, 1.39868359383e-06, 1.89360275726e-06, 4.88857608616e-07, 1.21198667102e-07, 3.30782512492e-08, 2.22797930279e-12],
        "max": [0.022882219404, 0.09427960217, 0.0802776217461, 0.0775116980076, 0.0675091445446, 0.0643020272255, 0.0388324931264, 0.0270918440074, 0.0531143583357, 0.0205062385648, 0.0182507671416, 0.00527021847665, 0.00791240669787, 0.0111038321629, 0.00791149307042, 0.00803111307323, 0.00838252715766, 0.0051712943241, 0.00858642812818, 0.00881115254015, 0.00994807761163, 0.0129020540044, 0.0137000167742, 0.00551995914429, 0.00344425695948, 0.0021883288864, 1.51523754539e-05],
        "mean": [0.000957881682552, 0.0096763567999, 0.00249484181404, 0.00233799242415, 0.00366940395907, 0.00237819971517, 0.00178583315574, 0.00130835582968, 0.00109974620864, 0.000392639718484, 0.000259762367932, 0.000230702498811, 0.000346247019479, 0.000437715352746, 0.000317969330354, 0.000282841589069, 0.00023298713495, 0.000233297701925, 0.000444142875494, 0.000446758931503, 0.000445342215244, 0.000399335549446, 0.000402764446335, 0.000263062072918, 0.00015765435819, 8.40908978716e-05, 8.88377655883e-08],
        "median": [4.16218899773e-05, 0.000958242220804, 0.000254322192632, 0.000194918888155, 0.00100821792148, 0.000772836327087, 0.000373031070922, 0.000203492018045, 0.000157854999998, 7.64745927881e-05, 4.44676406914e-05, 6.3190513174e-05, 8.24090529932e-05, 0.000101794605143, 5.92151591263e-05, 7.10585009074e-05, 7.76318629505e-05, 6.33065501461e-05, 0.000119248703413, 0.000148968058056, 0.000122660509078, 7.170659228e-05, 4.78172878502e-05, 5.19427267136e-05, 4.12425761169e-05, 3.91498724639e-05, 4.5225193035e-10],
        "min": [2.43127251665e-09, 3.46527206929e-09, 2.07032950783e-08, 6.7433255424e-08, 3.48633057001e-06, 7.23366781585e-07, 7.16626914254e-07, 2.93995498168e-07, 2.99593921227e-07, 6.42279189833e-08, 8.4027803382e-08, 4.63635210224e-08, 1.6979649331e-07, 1.6684928994e-07, 1.78246466476e-07, 2.14367830154e-07, 1.55689605208e-07, 4.24959125667e-07, 9.20794263948e-07, 5.24401741586e-07, 5.24188806139e-07, 1.48817093759e-07, 9.09562274387e-08, 3.99723099065e-08, 8.55161427782e-11, 3.36442305127e-08, 7.31172240809e-12],
        "var": [7.45411307435e-06, 0.000340851809597, 6.84235419612e-05, 6.86004641466e-05, 6.35289834463e-05, 1.76831399585e-05, 1.45497160702e-05, 1.05396529761e-05, 1.00594525065e-05, 1.40739484777e-06, 6.57594000586e-07, 2.29159979881e-07, 4.80568360217e-07, 7.15746864444e-07, 6.23958499091e-07, 5.11298253514e-07, 2.70461072205e-07, 2.18456051471e-07, 9.25486233427e-07, 8.24958874546e-07, 1.01588443613e-06, 9.99437020255e-07, 9.34111142215e-07, 2.99521701663e-07, 9.53576346774e-08, 1.71466965071e-08, 4.70231817894e-13]
    },
    "erbbands": {
        "dmean": [0.178085699677, 1.13118946552, 3.17441391945, 8.43375015259, 13.8480873108, 12.4379339218, 12.9832201004, 21.3890590668, 27.7290534973, 28.8251533508, 29.7493286133, 23.0773639679, 12.5170907974, 11.1837797165, 9.20406532288, 8.98253822327, 12.460059166, 18.656332016, 17.2619762421, 13.9615259171, 13.8209037781, 12.100353241, 8.05487918854, 14.2130899429, 18.0443153381, 14.0760097504, 14.1508741379, 14.7078676224, 12.5660820007, 13.4144010544, 9.8126115799, 4.9100151062, 4.16164636612, 1.98988163471, 0.852476298809, 0.352978974581, 0.109700419009, 0.0114635052159, 0.000222995644435, 2.91181640932e-05],
        "dmean2": [0.232442229986, 1.71755838394, 5.53712368011, 15.4248085022, 25.723903656, 21.5790576935, 21.2703647614, 35.6978187561, 45.9860153198, 46.8319664001, 48.9786262512, 33.9559745789, 19.4541053772, 18.1856441498, 14.3962116241, 14.7114229202, 19.3557128906, 29.5164337158, 26.879524231, 21.154542923, 21.4445800781, 19.0970687866, 11.3948478699, 20.2015857697, 27.4093570709, 20.5897140503, 19.9508781433, 21.5746631622, 18.7438697815, 20.2131900787, 14.6750297546, 7.24841833115, 6.08664131165, 2.84406042099, 1.25222098827, 0.531603991985, 0.164257973433, 0.0168729759753, 0.00032476868364, 4.3551401177e-05],
        "dvar": [0.158194839954, 7.35647535324, 86.8583908081, 703.167785645, 1457.84411621, 594.940795898, 562.218261719, 2012.10510254, 2206.96777344, 3847.67651367, 4664.18505859, 3818.82421875, 1361.32189941, 954.154052734, 415.330841064, 381.300170898, 568.319641113, 1282.26611328, 1363.94055176, 1422.70263672, 1153.47814941, 839.989257812, 285.799560547, 1105.88867188, 1433.0814209, 827.508056641, 1294.07348633, 977.53503418, 1008.17126465, 985.753173828, 535.373046875, 106.64994812, 81.9773712158, 14.7644834518, 2.15750956535, 0.499484360218, 0.0370805934072, 0.00043243507389, 1.4198796805e-07, 1.2990086784e-09],
        "dvar2": [0.23077839613, 15.7877883911, 231.679367065, 1968.56066895, 4219.49365234, 1627.5859375, 1368.27453613, 5142.93359375, 5414.47363281, 9869.45117188, 11333.2578125, 7897.26416016, 2994.91625977, 2398.36987305, 979.0234375, 982.865905762, 1266.23474121, 3202.77880859, 2888.3581543, 3251.1484375, 2780.88354492, 2045.89990234, 526.731628418, 2188.0612793, 2930.76464844, 1721.37658691, 2458.37597656, 1882.65332031, 2006.08984375, 2159.03979492, 1231.0020752, 237.627761841, 185.669662476, 29.6744709015, 4.2718462944, 1.14472472668, 0.0872397646308, 0.000931914953981, 3.12572495886e-07, 2.85396439814e-09],
        "max": [3.3413105011, 24.5929527283, 72.2593994141, 196.625900269, 253.304718018, 178.592514038, 327.379577637, 803.080688477, 385.990661621, 645.798217773, 853.317626953, 1271.46606445, 714.452819824, 537.395935059, 260.198913574, 214.745605469, 296.866485596, 501.662078857, 362.150268555, 450.277160645, 381.253967285, 512.967468262, 302.927459717, 401.631439209, 422.583374023, 307.219116211, 340.980987549, 452.720947266, 509.930236816, 417.825164795, 326.476806641, 118.278968811, 122.614379883, 49.5395202637, 17.434129715, 12.6646223068, 2.80762457848, 0.307511299849, 0.0047788224183, 0.000417362898588],
        "mean": [0.402461141348, 1.66154420376, 2.68381237984, 6.44244384766, 9.65264320374, 11.9824266434, 13.5533599854, 22.2213344574, 26.1088981628, 26.6191539764, 29.5661849976, 26.1003513336, 14.1959619522, 11.7653560638, 9.78217792511, 9.78303718567, 15.0734329224, 21.0488967896, 19.7195949554, 15.3672599792, 15.8761253357, 13.7054824829, 11.651676178, 19.300283432, 24.6408405304, 19.9841804504, 17.9779281616, 18.0946731567, 14.670501709, 14.5678091049, 10.1744585037, 5.55304574966, 4.43490028381, 2.26738715172, 0.944904446602, 0.394064545631, 0.152729347348, 0.0160528738052, 0.000316878664307, 5.39663233212e-05],
        "median": [0.0243441238999, 0.223678857088, 0.305745393038, 0.616413891315, 1.42266833782, 2.99253892899, 4.5037446022, 6.68680810928, 7.21501731873, 6.01348543167, 6.33817720413, 3.97792315483, 2.5743970871, 2.7460091114, 2.33923792839, 2.89850878716, 4.41821289062, 4.6902346611, 4.57345485687, 3.66933274269, 4.89540863037, 4.81733083725, 3.75679898262, 5.1371421814, 7.79902982712, 7.08603620529, 4.14543390274, 4.83975315094, 2.73958349228, 1.83925783634, 1.24426281452, 0.995094776154, 0.957525849342, 0.625859677792, 0.204495593905, 0.117211900651, 0.0708233565092, 0.00627678399906, 0.000142827557283, 4.00511707994e-05],
        "min": [5.35699314241e-07, 3.62872083315e-06, 8.54700119817e-05, 0.00173466571141, 0.00137742806692, 0.00945493020117, 0.0111840218306, 0.0139944059774, 0.011966118589, 0.00955914333463, 0.0114387031645, 0.00843795482069, 0.00299273687415, 0.00282624782994, 0.00462402869016, 0.00324811995961, 0.00628725346178, 0.00925948936492, 0.0121955042705, 0.010775574483, 0.0178900975734, 0.0144502362236, 0.0158757995814, 0.0376587733626, 0.0441943779588, 0.0304067078978, 0.0149749591947, 0.0175716876984, 0.00762308901176, 0.00461858324707, 0.00160302233417, 0.00101059081499, 0.000540574954357, 0.000292757555144, 0.000122623110656, 0.000146907230373, 5.74575278733e-05, 2.66363645096e-06, 6.75193575717e-07, 3.73981549728e-07],
        "var": [0.695447087288, 12.1714086533, 63.1109886169, 446.233612061, 895.016723633, 524.515808105, 671.335571289, 2018.41149902, 2243.14257812, 3683.6875, 4718.78417969, 6049.64404297, 1963.74804688, 981.468017578, 523.259643555, 396.416229248, 786.494995117, 1631.05883789, 1795.46655273, 1605.28344727, 1228.4050293, 897.910095215, 527.008422852, 1914.76782227, 2411.21264648, 1342.36682129, 1986.30456543, 1537.21240234, 1406.69372559, 1239.80969238, 616.003601074, 142.417098999, 95.513633728, 20.9713306427, 3.20768761635, 0.594929397106, 0.0504044890404, 0.000695790629834, 2.18799101503e-07, 2.28282970305e-09]
    },
    "gfcc": {
        "mean": [-5.9226474762, 56.7147331238, -98.6417999268, 39.7831497192, -66.0575027466, 6.87863492966, -43.1000442505, 9.72786712646, -26.0626964569, 14.3181905746, -15.9931344986, 3.85937047005, -14.1133308411],
        "cov": [[3896.0793457, -503.586334229, -703.168884277, -44.2669525146, -244.460647583, 223.41998291, -50.1654548645, 74.3875274658, 119.026519775, 117.175041199, -14.8385343552, -92.3989334106, -23.5682697296], [-503.586334229, 1986.22558594, 266.558685303, -382.192657471, 406.938140869, -143.579452515, 173.831161499, 32.0384025574, 105.197608948, -43.4128761292, 125.371810913, -68.3940887451, 12.6206150055], [-703.168884277, 266.558685303, 1345.64697266, 595.500610352, 283.81729126, 199.138549805, 126.516395569, 19.259437561, 39.9488105774, 38.4405708313, 48.8166732788, 89.3317184448, 13.6787500381], [-44.2669525146, -382.192657471, 595.500610352, 856.171936035, 243.08531189, 221.227554321, 43.9060058594, 35.2354393005, 56.1818809509, 35.2269668579, 41.2548828125, 21.6317672729, 50.1950340271], [-244.460647583, 406.938140869, 283.81729126, 243.08531189, 553.136657715, 113.988357544, 223.185760498, 90.3620147705, 111.2292099, 94.8457336426, 41.4829673767, 17.0450210571, 25.9663105011], [223.41998291, -143.579452515, 199.138549805, 221.227554321, 113.988357544, 413.570587158, 185.396316528, 127.790016174, 81.1270904541, 48.2328605652, 38.0111083984, -16.9835186005, 35.4013442993], [-50.1654548645, 173.831161499, 126.516395569, 43.9060058594, 223.185760498, 185.396316528, 445.54788208, 158.998748779, 78.4830474854, 51.2940864563, 22.6643028259, 35.3677368164, -27.0431137085], [74.3875274658, 32.0384025574, 19.259437561, 35.2354393005, 90.3620147705, 127.790016174, 158.998748779, 203.512481689, 112.282752991, 65.6412811279, 43.1341743469, -5.46480083466, 13.3622770309], [119.026519775, 105.197608948, 39.9488105774, 56.1818809509, 111.2292099, 81.1270904541, 78.4830474854, 112.282752991, 177.567474365, 99.4895858765, 43.5618247986, -12.3119373322, 21.2321033478], [117.175041199, -43.4128761292, 38.4405708313, 35.2269668579, 94.8457336426, 48.2328605652, 51.2940864563, 65.6412811279, 99.4895858765, 156.820114136, 49.4465484619, 24.821434021, 13.7903137207], [-14.8385343552, 125.371810913, 48.8166732788, 41.2548828125, 41.4829673767, 38.0111083984, 22.6643028259, 43.1341743469, 43.5618247986, 49.4465484619, 125.013328552, 32.813205719, 28.6449356079], [-92.3989334106, -68.3940887451, 89.3317184448, 21.6317672729, 17.0450210571, -16.9835186005, 35.3677368164, -5.46480083466, -12.3119373322, 24.821434021, 32.813205719, 117.274612427, 31.0436878204], [-23.5682697296, 12.6206150055, 13.6787500381, 50.1950340271, 25.9663105011, 35.4013442993, -27.0431137085, 13.3622770309, 21.2321033478, 13.7903137207, 28.6449356079, 31.0436878204, 105.172142029]],
        "icov": [[0.000354236020939, -0.000159025919857, 0.000342239101883, -0.000288092705887, 0.000320117687806, -0.000410547392676, 0.000128089275677, 3.06769652525e-05, -8.69876676006e-05, -0.000498803390656, 0.000365809421055, -0.000260239932686, 0.000339791818988], [-0.000159025919857, 0.00207260367461, -0.00128408148885, 0.0021513607353, -0.00193108711392, 0.00143332080916, -0.000851916498505, 0.000926750246435, -0.00154617056251, 0.00281458720565, -0.00328045454808, 0.0030210306868, -0.00154175667558], [0.000342239101883, -0.00128408148885, 0.00218955939636, -0.00211841636337, 0.000999622279778, -0.00142037228215, 0.000618369842414, -0.000233040002058, 0.000632022798527, -0.00168431887869, 0.00204770313576, -0.00292484415695, 0.00177583459299], [-0.000288092705887, 0.0021513607353, -0.00211841636337, 0.00431191921234, -0.00269118091092, 0.000735730165616, -0.000272109464277, 0.000966386636719, -0.00163719593547, 0.00326757063158, -0.00349242892116, 0.00309867295437, -0.00194245483726], [0.000320117687806, -0.00193108711392, 0.000999622279778, -0.00269118091092, 0.00498401466757, -0.000810600584373, -0.000982600147836, -0.000177327252459, 0.000630038557574, -0.00388431106694, 0.00299681862816, -0.00173513090704, 0.000348127185134], [-0.000410547392676, 0.00143332080916, -0.00142037228215, 0.000735730165616, -0.000810600584373, 0.00557767087594, -0.00248283357359, -0.000524790317286, -0.000580784224439, 0.00153150898404, -0.00276441639289, 0.00437050173059, -0.00330016040243], [0.000128089275677, -0.000851916498505, 0.000618369842414, -0.000272109464277, -0.000982600147836, -0.00248283357359, 0.00553207425401, -0.00334176653996, 0.000625010754447, -0.000170291328686, 0.00208251154982, -0.00432069599628, 0.00371004943736], [3.06769652525e-05, 0.000926750246435, -0.000233040002058, 0.000966386636719, -0.000177327252459, -0.000524790317286, -0.00334176653996, 0.0111487163231, -0.00547540886328, 0.000905851484276, -0.00292949005961, 0.00250306655653, -0.00154490873683], [-8.69876676006e-05, -0.00154617056251, 0.000632022798527, -0.00163719593547, 0.000630038557574, -0.000580784224439, 0.000625010754447, -0.00547540886328, 0.0142787499353, -0.00795037765056, 0.00163511151914, 0.00118664291222, -0.000874194374774], [-0.000498803390656, 0.00281458720565, -0.00168431887869, 0.00326757063158, -0.00388431106694, 0.00153150898404, -0.000170291328686, 0.000905851484276, -0.00795037765056, 0.0157338734716, -0.00625167833641, 0.000501250033267, -0.000408600928495], [0.000365809421055, -0.00328045454808, 0.00204770313576, -0.00349242892116, 0.00299681862816, -0.00276441639289, 0.00208251154982, -0.00292949005961, 0.00163511151914, -0.00625167833641, 0.0156955420971, -0.00740140723065, 0.00137384608388], [-0.000260239932686, 0.0030210306868, -0.00292484415695, 0.00309867295437, -0.00173513090704, 0.00437050173059, -0.00432069599628, 0.00250306655653, 0.00118664291222, 0.000501250033267, -0.00740140723065, 0.0181566979736, -0.0076398011297], [0.000339791818988, -0.00154175667558, 0.00177583459299, -0.00194245483726, 0.000348127185134, -0.00330016040243, 0.00371004943736, -0.00154490873683, -0.000874194374774, -0.000408600928495, 0.00137384608388, -0.0076398011297, 0.0147515442222]]
    },
    "melbands": {
        "dmean": [0.00136316847056, 0.00146826962009, 0.0015957626747, 0.00096714287065, 0.00047285106848, 0.000469288643217, 0.000422779790824, 0.00032091976027, 0.000239932589466, 0.000134627451189, 6.19486236246e-05, 4.69671649626e-05, 3.40629921993e-05, 2.49123168032e-05, 2.37735093833e-05, 3.13398777507e-05, 3.72072427126e-05, 3.04573422909e-05, 2.17298638745e-05, 1.81734794751e-05, 1.63750264619e-05, 1.36360158649e-05, 8.28255178931e-06, 7.84259009379e-06, 1.23965446619e-05, 1.2871859326e-05, 1.35422305902e-05, 8.7714761321e-06, 1.01914401966e-05, 7.92523042037e-06, 8.57659688336e-06, 7.06709352016e-06, 6.98069652572e-06, 8.35958780954e-06, 6.15325325271e-06, 3.96504810851e-06, 2.62742651103e-06, 3.00725582747e-06, 2.46829972639e-06, 1.50940536514e-06],
        "dmean2": [0.00199992745183, 0.00230682757683, 0.00292460573837, 0.00173776841257, 0.000775224645622, 0.000783764582593, 0.000696381961461, 0.000519818800967, 0.000389079359593, 0.000195290063857, 9.77322270046e-05, 7.650860789e-05, 5.40071050636e-05, 4.23459205194e-05, 3.87925065297e-05, 4.84588890686e-05, 5.96745048824e-05, 4.81702736579e-05, 3.20829967677e-05, 2.90953576041e-05, 2.57662086369e-05, 2.20084184548e-05, 1.23870904645e-05, 1.12589741548e-05, 1.80196311703e-05, 1.90815480892e-05, 2.05155811273e-05, 1.30921143864e-05, 1.48480175994e-05, 1.21139300973e-05, 1.27783951029e-05, 1.0591521459e-05, 1.0458572433e-05, 1.28381479954e-05, 9.36699689191e-06, 5.86692794968e-06, 3.90367858927e-06, 4.47221282229e-06, 3.55815859621e-06, 2.20509195969e-06],
        "dvar": [9.22739309317e-06, 1.42244180097e-05, 2.16995813389e-05, 5.17944818057e-06, 6.9095631261e-07, 8.53626602293e-07, 5.22010452642e-07, 4.40388788547e-07, 3.19488208333e-07, 1.33247667122e-07, 3.55799194551e-08, 1.72453571423e-08, 7.85682807702e-09, 3.07782221931e-09, 2.59822452442e-09, 4.26181667734e-09, 5.67106983596e-09, 4.11334166728e-09, 2.78143685861e-09, 3.30441429774e-09, 1.55689228176e-09, 1.1822126611e-09, 3.22070842218e-10, 3.08068293098e-10, 9.06220209984e-10, 7.31161187151e-10, 8.51515802314e-10, 3.29747090744e-10, 8.17767797923e-10, 3.31965593903e-10, 3.33362087934e-10, 3.40941608279e-10, 3.23660209745e-10, 3.72408520688e-10, 2.35366115486e-10, 7.59953489027e-11, 2.96859099802e-11, 4.72808112106e-11, 2.42874175632e-11, 9.07705854925e-12],
        "dvar2": [1.54660810949e-05, 3.35577897204e-05, 6.0989146732e-05, 1.46562733789e-05, 1.73947228177e-06, 2.17114870793e-06, 1.26159727643e-06, 1.10367579964e-06, 7.69974803916e-07, 2.69255167495e-07, 7.92388163973e-08, 4.31521165467e-08, 1.9011052288e-08, 8.15943579369e-09, 6.63728894068e-09, 9.22665144287e-09, 1.43579530487e-08, 9.15604125851e-09, 5.91391335902e-09, 8.04428257339e-09, 3.90871823797e-09, 3.03444847027e-09, 6.47309150725e-10, 6.02135286076e-10, 1.93404448012e-09, 1.41836542511e-09, 1.97828753379e-09, 6.92838730831e-10, 1.64965285876e-09, 7.25864146567e-10, 6.49081455251e-10, 6.68225141887e-10, 7.22335968817e-10, 8.72423633336e-10, 5.5494842055e-10, 1.70778682862e-10, 6.68722924257e-11, 1.08193731752e-10, 5.58996147981e-11, 1.78872177486e-11],
        "max": [0.0239864885807, 0.0327850952744, 0.0328197106719, 0.0161118805408, 0.010439991951, 0.0157508272678, 0.00621378282085, 0.00608700793236, 0.0075976154767, 0.00688661448658, 0.0036744242534, 0.00229418301024, 0.00162201223429, 0.000549055926967, 0.000569448398892, 0.000890560273547, 0.00109519762918, 0.000596508791205, 0.000623181229457, 0.000663086422719, 0.000413631438278, 0.000605663866736, 0.00040398479905, 0.000199038622668, 0.000373198417947, 0.000289257004624, 0.000420086900704, 0.000232845966821, 0.000276870036032, 0.000246680894634, 0.000274350313703, 0.000354554096702, 0.000223233553697, 0.000265770126134, 0.000216547763557, 0.000111751280201, 5.42201742064e-05, 8.79728759173e-05, 6.62158054183e-05, 3.87826112274e-05],
        "mean": [0.00306651112624, 0.0016915978631, 0.00118225137703, 0.000795819854829, 0.000496633700095, 0.00049123656936, 0.000401828321628, 0.000294316792861, 0.000241057452513, 0.000152944267029, 6.78467476973e-05, 4.83121766592e-05, 3.46169035765e-05, 2.56819403148e-05, 2.62083794951e-05, 3.73703187506e-05, 4.02375517297e-05, 3.35668919433e-05, 2.35040988628e-05, 1.84927575901e-05, 1.84150976565e-05, 1.44393379742e-05, 1.0584991287e-05, 1.13040769065e-05, 1.58751772688e-05, 1.70081348188e-05, 1.76452558662e-05, 1.21112907436e-05, 1.17701292766e-05, 1.00016768556e-05, 1.0221413504e-05, 8.31599390949e-06, 7.3571068242e-06, 8.63185232447e-06, 6.18535113972e-06, 4.36584377894e-06, 2.93085258818e-06, 3.07766231344e-06, 2.68666849479e-06, 1.69950635609e-06],
        "median": [0.00024758517975, 0.000248298922088, 0.000138779476401, 0.000182202871656, 0.000167927442817, 0.000153509390657, 0.000108784486656, 6.17286132183e-05, 4.66508390673e-05, 2.06650292967e-05, 1.17698427857e-05, 1.13459082058e-05, 7.03803198121e-06, 6.76966237734e-06, 6.33326453681e-06, 7.75494481786e-06, 8.21200865175e-06, 7.09218466e-06, 4.75412480228e-06, 4.42780219601e-06, 5.76055526835e-06, 4.7079270189e-06, 3.55187717105e-06, 2.97531664728e-06, 3.782017302e-06, 4.71458861284e-06, 5.8227478803e-06, 4.07951483794e-06, 2.13077146327e-06, 2.86323552245e-06, 2.56547264144e-06, 1.49818765749e-06, 1.09075142518e-06, 9.62616695688e-07, 7.31560135137e-07, 6.36565346213e-07, 5.39997643045e-07, 5.80270693717e-07, 6.91266052399e-07, 4.36492712197e-07],
        "min": [1.07446251896e-09, 1.00237791401e-08, 1.45880989066e-07, 2.60290335063e-07, 3.90128406025e-07, 1.00542536074e-07, 1.52653228724e-07, 1.19215414429e-07, 8.19605787683e-08, 4.91686691362e-08, 1.25418235797e-08, 8.75132055711e-09, 1.38331976984e-08, 6.28154150917e-09, 8.90004514531e-09, 1.62010191929e-08, 1.67867533207e-08, 1.96901215332e-08, 1.2593701193e-08, 1.23846550792e-08, 2.23065779181e-08, 8.51008596925e-09, 1.25401191653e-08, 1.74251439944e-08, 2.90052835084e-08, 2.90825052929e-08, 2.28186589624e-08, 3.709517582e-09, 9.2535792362e-09, 7.12167480543e-09, 7.51258699694e-09, 3.6203591236e-09, 2.47547604637e-09, 2.47912534945e-09, 9.07275254924e-10, 5.30556820699e-10, 1.15974112258e-10, 2.9400029633e-10, 5.47309897056e-12, 6.69245149749e-13],
