{
"highlevel": {
    "danceability": {
        "all": {
            "danceable": 0.968493103981,
            "not_danceable": 0.0315069034696
        },
        "probability": 0.968493103981,
        "value": "danceable"
    },
    "gender": {
        "all": {
            "female": 0.174916416407,
            "male": 0.825083613396
        },
        "probability": 0.825083613396,
        "value": "male"
    },
    "genre_dortmund": {
        "all": {
            "alternative": 0.0241702385247,
            "blues": 0.0175608433783,
            "electronic": 0.0547060482204,
            "folkcountry": 0.115345984697,
            "funksoulrnb": 0.0436225570738,
            "jazz": 0.238516226411,
            "pop": 0.0955427512527,
            "raphiphop": 0.330291211605,
            "rock": 0.080244153738
        },
        "probability": 0.330291211605,
        "value": "raphiphop"
    },
    "genre_electronic": {
        "all": {
            "ambient": 0.453696280718,
            "dnb": 0.143633171916,
            "house": 0.331105768681,
            "techno": 0.0284826289862,
            "trance": 0.0430821478367
        },
        "probability": 0.453696280718,
        "value": "ambient"
    },
    "genre_rosamerica": {
        "all": {
            "cla": 0.0157534535974,
            "dan": 0.0305270142853,
            "hip": 0.154931753874,
            "jaz": 0.0260416399688,
            "pop": 0.16727437079,
            "rhy": 0.590426445007,
            "roc": 0.0103209475055,
            "spe": 0.00472439918667
        },
        "probability": 0.590426445007,
        "value": "rhy"
    },
    "genre_tzanetakis": {
        "all": {
            "blu": 0.0626613423228,
            "cla": 0.0348169617355,
            "cou": 0.104475811124,
            "dis": 0.0784321576357,
            "hip": 0.15692435205,
            "jaz": 0.313974827528,
            "met": 0.0448166541755,
            "pop": 0.0627359300852,
            "reg": 0.0627360641956,
            "roc": 0.0784258767962
        },
        "probability": 0.313974827528,
        "value": "jaz"
    },
    "ismir04_rhythm": {
        "all": {
            "ChaChaCha": 0.0719623267651,
            "Jive": 0.070136077702,
            "Quickstep": 0.286024063826,
            "Rumba-American": 0.018125468865,
            "Rumba-International": 0.0971524044871,
            "Rumba-Misc": 0.041800327599,
            "Samba": 0.146861001849,
            "Tango": 0.05202691257,
            "VienneseWaltz": 0.080883026123,
            "Waltz": 0.135028392076
        },
        "probability": 0.286024063826,
        "value": "Quickstep"
    },
    "mood_acoustic": {
        "all": {
            "acoustic": 0.359049916267,
            "not_acoustic": 0.640950083733
        },
        "probability": 0.640950083733,
        "value": "not_acoustic"
    },
    "mood_aggressive": {
        "all": {
            "aggressive": 0.0153156779706,
            "not_aggressive": 0.984684348106
        },
        "probability": 0.984684348106,
        "value": "not_aggressive"
    },
    "mood_electronic": {
        "all": {
            "electronic": 0.0673150271177,
            "not_electronic": 0.932684957981
        },
        "probability": 0.932684957981,
        "value": "not_electronic"
    },
    "mood_happy": {
        "all": {
            "happy": 0.790567159653,
            "not_happy": 0.209432855248
        },
        "probability": 0.790567159653,
        "value": "happy"
    },
    "mood_party": {
        "all": {
            "not_party": 0.566734433174,
            "party": 0.433265537024
        },
        "probability": 0.566734433174,
        "value": "not_party"
    },
    "mood_relaxed": {
        "all": {
            "not_relaxed": 0.372087329626,
            "relaxed": 0.627912700176
        },
        "probability": 0.627912700176,
        "value": "relaxed"
    },
    "mood_sad": {
        "all": {
            "not_sad": 0.287476122379,
            "sad": 0.712523877621
        },
        "probability": 0.712523877621,
        "value": "sad"
    },
    "moods_mirex": {
        "all": {
            "Cluster1": 0.141558691859,
            "Cluster2": 0.556524932384,
            "Cluster3": 0.129125371575,
            "Cluster4": 0.154168099165,
            "Cluster5": 0.0186228808016
        },
        "probability": 0.556524932384,
        "value": "Cluster2"
    },
    "timbre": {
        "all": {
            "bright": 0.994529902935,
            "dark": 0.00547011941671
        },
        "probability": 0.994529902935,
        "value": "bright"
    },
    "tonal_atonal": {
        "all": {
            "atonal": 0.00846681836993,
            "tonal": 0.99153316021
        },
        "probability": 0.99153316021,
        "value": "tonal"
    },
    "voice_instrumental": {
        "all": {
            "instrumental": 0.00486976280808,
            "voice": 0.995130240917
        },
        "probability": 0.995130240917,
        "value": "voice"
    }
},
"lowlevel": {
    "average_loudness": 0.891431570053,
    "barkbands_crest": {
        "dmean": 3.05016589165,
        "dmean2": 4.7010140419,
        "dvar": 9.20628643036,
        "dvar2": 20.4214134216,
        "max": 26.2179698944,
        "mean": 13.0969600677,
        "median": 11.9008588791,
        "min": 2.99578762054,
        "var": 31.7251300812
    },
    "barkbands_flatness_db": {
        "dmean": 0.0296847335994,
        "dmean2": 0.0426693968475,
        "dvar": 0.00108102895319,
        "dvar2": 0.00205286638811,
        "max": 0.540779471397,
        "mean": 0.20936229825,
        "median": 0.19216696918,
        "min": 0.0527971461415,
        "var": 0.00739661091939
    },
    "barkbands_kurtosis": {
        "dmean": 6.57250356674,
        "dmean2": 10.2586946487,
        "dvar": 403.809967041,
        "dvar2": 960.650146484,
        "max": 316.038360596,
        "mean": 9.67812824249,
        "median": 2.93451738358,
        "min": -1.91432607174,
        "var": 748.256591797
    },
    "barkbands_skewness": {
        "dmean": 0.810738861561,
        "dmean2": 1.16089844704,
        "dvar": 1.27984654903,
        "dvar2": 2.6679353714,
        "max": 15.1361856461,
        "mean": 1.96237909794,
        "median": 1.60636615753,
        "min": -4.27127313614,
        "var": 4.23736763
    },
    "barkbands_spread": {
        "dmean": 6.64541244507,
        "dmean2": 9.93663883209,
        "dvar": 83.9855270386,
        "dvar2": 184.963806152,
        "max": 115.769134521,
        "mean": 18.457818985,
        "median": 14.9960708618,
        "min": 0.282812148333,
        "var": 196.627059937
    },
    "dissonance": {
        "dmean": 0.0301506370306,
        "dmean2": 0.0504636988044,
        "dvar": 0.000965275277849,
        "dvar2": 0.00246956944466,
        "max": 0.499999850988,
        "mean": 0.437412023544,
        "median": 0.449571847916,
        "min": 0.175603687763,
        "var": 0.00248432601802
    },
    "dynamic_complexity": 3.30510282516,
    "erbbands_crest": {
        "dmean": 3.3425822258,
        "dmean2": 5.26451206207,
        "dvar": 10.6693735123,
        "dvar2": 25.361125946,
        "max": 32.8346176147,
        "mean": 11.9135894775,
        "median": 10.9701824188,
        "min": 2.84481096268,
        "var": 32.7042655945
    },
    "erbbands_flatness_db": {
        "dmean": 0.0223376881331,
        "dmean2": 0.0313046872616,
        "dvar": 0.000553035817575,
        "dvar2": 0.00106460927054,
        "max": 0.59528362751,
        "mean": 0.207400202751,
        "median": 0.186451017857,
        "min": 0.0711392015219,
        "var": 0.00930551253259
    },
    "erbbands_kurtosis": {
        "dmean": 1.60702109337,
        "dmean2": 2.49130821228,
        "dvar": 7.28711175919,
        "dvar2": 18.0574359894,
        "max": 32.0048294067,
        "mean": 1.72941124439,
        "median": 0.482905387878,
        "min": -1.84487879276,
        "var": 13.7033653259
    },
    "erbbands_skewness": {
        "dmean": 0.47499859333,
        "dmean2": 0.709241628647,
        "dvar": 0.288606613874,
        "dvar2": 0.564493358135,
        "max": 5.18351459503,
        "mean": 0.577593743801,
        "median": 0.623414874077,
        "min": -4.70114994049,
        "var": 1.35110902786
    },
    "erbbands_spread": {
        "dmean": 9.73023033142,
        "dmean2": 14.8325815201,
        "dvar": 155.594009399,
        "dvar2": 374.190460205,
        "max": 143.326278687,
        "mean": 36.3135528564,
        "median": 31.9286212921,
        "min": 0.960830390453,
        "var": 512.41394043
    },
    "hfc": {
        "dmean": 8.6510887146,
        "dmean2": 12.3696317673,
        "dvar": 252.777023315,
        "dvar2": 592.931274414,
        "max": 151.617752075,
        "mean": 19.7972412109,
        "median": 15.3256492615,
        "min": 0.111209914088,
        "var": 382.673980713
    },
    "melbands_crest": {
        "dmean": 3.58883881569,
        "dmean2": 5.57157182693,
        "dvar": 11.961265564,
        "dvar2": 27.6226768494,
        "max": 34.2349052429,
        "mean": 16.9063472748,
        "median": 16.0670127869,
        "min": 4.11697673798,
        "var": 45.9095306396
    },
    "melbands_flatness_db": {
        "dmean": 0.0343793071806,
        "dmean2": 0.0472987554967,
        "dvar": 0.00163824658375,
        "dvar2": 0.00295124296099,
        "max": 0.597807049751,
        "mean": 0.235263839364,
        "median": 0.217147752643,
        "min": 0.0445394143462,
        "var": 0.0109164314345
    },
    "melbands_kurtosis": {
        "dmean": 12.7696533203,
        "dmean2": 19.7789516449,
        "dvar": 796.020263672,
        "dvar2": 1882.36071777,
        "max": 370.116607666,
        "mean": 21.7095470428,
        "median": 9.22829914093,
        "min": -1.86029303074,
        "var": 1512.05090332
    },
    "melbands_skewness": {
        "dmean": 1.00685167313,
        "dmean2": 1.48818385601,
        "dvar": 1.66249847412,
        "dvar2": 3.643409729,
        "max": 15.2841444016,
        "mean": 2.98743748665,
        "median": 2.41824841499,
        "min": -1.91682207584,
        "var": 5.92837619781
    },
    "melbands_spread": {
        "dmean": 8.88770771027,
        "dmean2": 13.2990779877,
        "dvar": 276.761108398,
        "dvar2": 545.121398926,
        "max": 204.134124756,
        "mean": 21.9972801208,
        "median": 15.0400190353,
        "min": 0.326421260834,
        "var": 692.09576416
    },
    "pitch_salience": {
        "dmean": 0.0831999182701,
        "dmean2": 0.126732245088,
        "dvar": 0.00715794600546,
        "dvar2": 0.0163767840713,
        "max": 0.838756144047,
        "mean": 0.52775478363,
        "median": 0.558945536613,
        "min": 0.0936198681593,
        "var": 0.0314348824322
    },
    "silence_rate_20dB": {
        "dmean": 0,
        "dmean2": 0,
        "dvar": 0,
        "dvar2": 0,
        "max": 1,
        "mean": 1,
        "median": 1,
        "min": 1,
        "var": 0
    },
    "silence_rate_30dB": {
        "dmean": 0.0417956672609,
        "dmean2": 0.0836560800672,
        "dvar": 0.0400490164757,
        "dvar2": 0.0905993059278,
        "max": 1,
        "mean": 0.954369664192,
        "median": 1,
        "min": 0,
        "var": 0.0435487814248
    },
    "silence_rate_60dB": {
        "dmean": 0.0588235296309,
        "dmean2": 0.117738187313,
        "dvar": 0.0553638115525,
        "dvar2": 0.122464805841,
        "max": 1,
        "mean": 0.120649650693,
        "median": 0,
        "min": 0,
        "var": 0.106093488634
    },
    "spectral_centroid": {
        "dmean": 322.294647217,
        "dmean2": 480.54574585,
        "dvar": 206320.34375,
        "dvar2": 388062.875,
        "max": 5564.03955078,
        "mean": 1406.09362793,
        "median": 1227.05444336,
        "min": 163.581787109,
        "var": 641748.0625
    },
    "spectral_complexity": {
        "dmean": 3.99148607254,
        "dmean2": 5.68396568298,
        "dvar": 37.2392463684,
        "dvar2": 75.0986251831,
        "max": 55,
        "mean": 12.8453207016,
        "median": 11,
        "min": 0,
        "var": 81.3756103516
    },
    "spectral_decrease": {
        "dmean": 3.18694537427e-09,
        "dmean2": 4.28877289238e-09,
        "dvar": 3.67651871429e-17,
        "dvar2": 7.45925800714e-17,
        "max": -2.22445343395e-11,
        "mean": -7.76279218684e-09,
        "median": -4.39134950625e-09,
        "min": -7.3723029459e-08,
        "var": 8.86391458114e-17
    },
    "spectral_energy": {
        "dmean": 0.0126003408805,
        "dmean2": 0.0169559344649,
        "dvar": 0.000543750880752,
        "dvar2": 0.00110630574636,
        "max": 0.282045602798,
        "mean": 0.0310942456126,
        "median": 0.0185278691351,
        "min": 9.55136929406e-05,
        "var": 0.00132448144723
    },
    "spectral_energyband_high": {
        "dmean": 0.000686671643052,
        "dmean2": 0.00104463752359,
        "dvar": 2.35484390032e-06,
        "dvar2": 5.7354168348e-06,
        "max": 0.0129352454096,
        "mean": 0.00107018311974,
        "median": 0.000479960581288,
        "min": 9.31066157506e-09,
        "var": 2.85274268208e-06
    },
    "spectral_energyband_low": {
        "dmean": 0.00758844055235,
        "dmean2": 0.0103322826326,
        "dvar": 0.000470487459097,
        "dvar2": 0.000958842516411,
        "max": 0.273169457912,
        "mean": 0.0156718380749,
        "median": 0.000379839300876,
        "min": 5.36395407258e-11,
        "var": 0.00096033141017
    },
    "spectral_energyband_middle_high": {
        "dmean": 0.00204766751267,
        "dmean2": 0.00277782301418,
        "dvar": 8.86674479261e-06,
        "dvar2": 1.65435412782e-05,
        "max": 0.0429464541376,
        "mean": 0.00520435255021,
        "median": 0.00287886732258,
        "min": 2.03811359825e-05,
        "var": 4.10526881751e-05
    },
    "spectral_energyband_middle_low": {
        "dmean": 0.005328272935,
        "dmean2": 0.00779617903754,
        "dvar": 0.00010864365322,
        "dvar2": 0.000230119127082,
        "max": 0.111185058951,
        "mean": 0.00966853648424,
        "median": 0.00452101649716,
        "min": 7.2296752478e-06,
        "var": 0.000186762932572
    },
    "spectral_entropy": {
        "dmean": 0.221748277545,
        "dmean2": 0.308434277773,
        "dvar": 0.0612861067057,
        "dvar2": 0.110086172819,
        "max": 8.67292976379,
        "mean": 7.32667636871,
        "median": 7.41275119781,
        "min": 4.47453784943,
        "var": 0.424607604742
    },
    "spectral_flux": {
        "dmean": 0.0321022830904,
        "dmean2": 0.0482047982514,
        "dvar": 0.00179257569835,
        "dvar2": 0.00392186176032,
        "max": 0.381206542253,
        "mean": 0.0798250734806,
        "median": 0.0578267388046,
        "min": 0.00413940940052,
        "var": 0.00449520908296
    },
    "spectral_kurtosis": {
        "dmean": 3.18373966217,
        "dmean2": 5.30845832825,
        "dvar": 55.6211891174,
        "dvar2": 171.243942261,
        "max": 107.820991516,
        "mean": 7.20820426941,
        "median": 2.88752746582,
        "min": -1.14788794518,
        "var": 209.355453491
    },
    "spectral_rms": {
        "dmean": 0.000986896920949,
        "dmean2": 0.00128696020693,
        "dvar": 1.90359719454e-06,
        "dvar2": 3.47061836692e-06,
        "max": 0.0165881421417,
        "mean": 0.00472619570792,
        "median": 0.00425158441067,
        "min": 0.000305260706227,
        "var": 7.9989185906e-06
    },
    "spectral_rolloff": {
        "dmean": 697.498474121,
        "dmean2": 1141.37854004,
        "dvar": 1820444.5,
        "dvar2": 3475982.75,
        "max": 12058.59375,
        "mean": 1718.24035645,
        "median": 1119.7265625,
        "min": 64.599609375,
        "var": 4259782.5
    },
    "spectral_skewness": {
        "dmean": 0.342927336693,
        "dmean2": 0.543516099453,
        "dvar": 0.220820710063,
        "dvar2": 0.647423505783,
        "max": 7.57536792755,
        "mean": 1.6780538559,
        "median": 1.39526498318,
        "min": 0.0159904938191,
        "var": 1.16172873974
    },
    "spectral_spread": {
        "dmean": 661174.375,
        "dmean2": 957432.5625,
        "dvar": 785866489856,
        "dvar2": 1.66471873331e+12,
        "max": 15341465,
        "mean": 4953825.5,
        "median": 4947478,
        "min": 604437.625,
        "var": 3.85360121037e+12
    },
    "spectral_strongpeak": {
        "dmean": 0.523232638836,
        "dmean2": 0.826073348522,
        "dvar": 0.562775015831,
        "dvar2": 1.22985875607,
        "max": 7.77754116058,
        "mean": 1.24897539616,
        "median": 0.668244898319,
        "min": 0.0180958975106,
        "var": 1.63672554493
    },
    "zerocrossingrate": {
        "dmean": 0.0145943937823,
        "dmean2": 0.0159967895597,
        "dvar": 0.000429972395068,
        "dvar2": 0.00039786848356,
        "max": 0.35693359375,
        "mean": 0.0695070028305,
        "median": 0.05859375,
        "min": 0.00244140625,
        "var": 0.00276777381077
    },
    "barkbands": {
        "dmean": [0.000214368410525, 0.00706772971898, 0.00156454974785, 0.000909106456675, 0.00234875036404, 0.000716443581041, 0.000827612238936, 0.0009877870325, 0.00103094580118, 0.000828423653729, 0.000434885121649, 0.000475054694107, 0.000304758752463, 0.000256776664173, 0.000249301810982, 0.000128614221467, 0.000158769849804, 0.000144842153531, 0.000114445429062, 0.000169191655004, 0.00015203395742, 0.000174368848093, 0.000129222971736, 0.000108837310108, 9.32126131374e-05, 4.58114882349e-05, 3.04891969449e-08],
        "dmean2": [0.000361098151188, 0.0103270821273, 0.00276525318623, 0.0015960476594, 0.00357586052269, 0.00115072214976, 0.00125480024144, 0.00142423762009, 0.00152265373617, 0.0011381743243, 0.000584561610594, 0.000681926903781, 0.000460948242107, 0.000388324871892, 0.000379500328563, 0.00020263188344, 0.000260180007899, 0.000239252927713, 0.00018434933736, 0.000272947567282, 0.000246490701102, 0.000264902686467, 0.000198534413357, 0.000170725135831, 0.00014319489128, 7.48520033085e-05, 5.39917550668e-08],
        "dvar": [4.38359734289e-07, 0.000502192822751, 5.28781019966e-05, 1.0287587429e-05, 6.02006512054e-05, 3.82101507057e-06, 4.83336270918e-06, 5.81925360166e-06, 7.21448759577e-06, 3.39567986885e-06, 1.42370743106e-06, 1.04301557258e-06, 7.33763840799e-07, 2.81516662426e-07, 2.06925875545e-07, 7.59673426387e-08, 1.28803733901e-07, 1.14429504094e-07, 7.74227615352e-08, 1.80420471452e-07, 1.66869824625e-07, 1.09115347868e-07, 8.81364456973e-08, 5.64815252346e-08, 4.56302764462e-08, 1.83588397817e-08, 4.18064664647e-14],
        "dvar2": [1.20637866985e-06, 0.0011154236272, 0.000146234058775, 2.71908356808e-05, 0.000129474705318, 9.57055635809e-06, 1.11259614641e-05, 9.23923744267e-06, 1.47421451402e-05, 6.16664510744e-06, 2.35665493165e-06, 1.83979761914e-06, 1.63963159139e-06, 5.70920349219e-07, 5.03800265506e-07, 1.80686271278e-07, 3.48578709009e-07, 3.06857259602e-07, 2.01410273348e-07, 4.73681495805e-07, 4.35823437783e-07, 2.56070194382e-07, 2.0965634917e-07, 1.37468958883e-07, 1.04301243198e-07, 4.82063313711e-08, 1.00266481587e-13],
        "max": [0.00845993217081, 0.268886566162, 0.0891812667251, 0.0395907685161, 0.101983226836, 0.020273335278, 0.0278861410916, 0.0552987791598, 0.0395849719644, 0.0281358771026, 0.0326070562005, 0.0298362225294, 0.01256875135, 0.00646047107875, 0.00526090571657, 0.00284102396108, 0.00344011117704, 0.00366225349717, 0.00286995759234, 0.00453114742413, 0.00440196646377, 0.00334721175022, 0.00252884998918, 0.00193579890765, 0.00285051413812, 0.00132694968488, 3.85611474485e-06],
        "mean": [0.000364910723874, 0.0134614603594, 0.00137371034361, 0.000951294379774, 0.00276879919693, 0.00101576687302, 0.00126010796521, 0.00171694322489, 0.00183416204527, 0.00153531075921, 0.000681804085616, 0.000870254007168, 0.000498962181155, 0.000444488512585, 0.000410484732129, 0.000182895571925, 0.000212643513805, 0.000173170104972, 0.000142218443216, 0.000231550307944, 0.000188220787095, 0.00031063487404, 0.000161871736054, 0.000141733544297, 0.000116085982881, 4.47450729553e-05, 1.98177527722e-08],
        "median": [3.57427722975e-07, 5.82703023611e-06, 8.32400182844e-05, 0.00011178854038, 0.000482108298456, 0.000208481767913, 0.000196069100639, 0.000334238138748, 0.00029656503466, 0.000201818242203, 6.02617001277e-05, 0.000142864053487, 6.7507608037e-05, 9.21420141822e-05, 0.000117743926239, 5.36997322342e-05, 6.31891889498e-05, 5.90074851061e-05, 2.53771904681e-05, 6.78172000335e-05, 5.99094819336e-05, 0.000123027115478, 4.07190673286e-05, 4.08751584473e-05, 2.24812665692e-05, 7.19046965969e-06, 3.55968643451e-10],
        "min": [5.19603197274e-12, 4.53343525914e-12, 9.25081365677e-12, 4.11857908889e-11, 2.50199594376e-09, 1.1539474265e-08, 3.1009555812e-08, 6.97001496519e-07, 1.62749259403e-07, 1.8979741867e-07, 2.85645967324e-07, 4.12359582924e-07, 9.36674240393e-08, 3.27901773289e-07, 6.88607087795e-07, 2.83189081074e-07, 2.33640804481e-07, 3.21794111358e-08, 2.75917741988e-08, 2.37119657243e-09, 1.43048517476e-09, 1.57492174857e-09, 1.20381560276e-09, 1.28654353837e-09, 1.28056426574e-10, 1.34168457594e-11, 8.3934916309e-12],
        "var": [7.22537777165e-07, 0.000794394582044, 3.49317160726e-05, 1.2217062249e-05, 6.99973315932e-05, 5.16237469128e-06, 7.78040248406e-06, 2.18015011342e-05, 1.85978569789e-05, 1.26078139147e-05, 4.78960419059e-06, 4.78240644952e-06, 1.70857083504e-06, 7.41636085877e-07, 4.59075124581e-07, 1.24606998497e-07, 1.58390747629e-07, 1.03032881782e-07, 8.77369714658e-08, 1.91412027561e-07, 1.53501687805e-07, 2.07846269973e-07, 1.00437553385e-07, 7.07158847035e-08, 7.17457595556e-08, 1.54079380366e-08, 2.8008945193e-14]
    },
    "erbbands": {
        "dmean": [0.211304023862, 1.60524010658, 1.77451324463, 2.3142375946, 4.59120225906, 9.61284542084, 7.54395723343, 5.8025894165, 10.3731365204, 12.1714763641, 24.6787834167, 25.4327220917, 15.1824178696, 32.5529441833, 17.0790863037, 18.3837852478, 13.1837568283, 11.846373558, 14.2750759125, 8.68400192261, 7.3621635437, 7.97884750366, 7.91530370712, 6.49946260452, 6.09993600845, 8.15178966522, 6.03199052811, 5.8341460228, 6.79407024384, 4.81881427765, 3.57744503021, 2.81764650345, 1.54684638977, 1.09219324589, 0.69246929884, 0.259001106024, 0.0766187533736, 0.00586024764925, 0.0001184880457, 1.96103974304e-05],
        "dmean2": [0.342882722616, 2.34093785286, 2.79084515572, 4.05666780472, 7.01726818085, 14.6091499329, 11.902173996, 9.32114315033, 15.2766933441, 18.0885124207, 36.1363449097, 36.7344589233, 21.3061485291, 43.961391449, 23.4501590729, 25.0625953674, 19.8256912231, 17.3620624542, 21.563205719, 12.8509788513, 11.4725961685, 12.8728303909, 12.8071870804, 10.8737678528, 9.54876327515, 13.3779716492, 9.62525558472, 9.25126743317, 10.3583488464, 7.48264408112, 5.55912256241, 4.44805288315, 2.43340444565, 1.71445000172, 1.0749348402, 0.416811108589, 0.127567410469, 0.00998637732118, 0.000196381981368, 2.84847319563e-05],
        "dvar": [0.451167047024, 26.913230896, 52.3508262634, 65.6609573364, 255.125442505, 1367.66479492, 314.637756348, 374.937011719, 590.978393555, 1283.81982422, 3204.43579102, 4550.54980469, 2179.14135742, 4860.5625, 1470.35461426, 2019.91491699, 1639.03674316, 641.660766602, 633.304443359, 351.66192627, 237.855117798, 346.387573242, 297.589904785, 336.498413086, 187.74609375, 505.937591553, 248.153198242, 213.738708496, 184.569290161, 96.9572906494, 70.1172180176, 42.9715843201, 11.7228727341, 7.38827753067, 2.39811778069, 0.497369766235, 0.0562305226922, 0.000382948230254, 1.35238522603e-07, 1.28616006734e-09],
        "dvar2": [1.02339375019, 60.2500190735, 126.972686768, 182.635375977, 547.301513672, 2914.41552734, 789.063171387, 975.139160156, 1228.74365234, 2844.21386719, 5493.05664062, 8633.19628906, 4726.84082031, 8811.57324219, 2862.07983398, 3041.41845703, 3778.92138672, 1280.2590332, 1573.10498047, 807.600463867, 596.345153809, 909.70892334, 785.674316406, 895.10748291, 478.124847412, 1356.33752441, 640.400024414, 547.114074707, 443.779296875, 231.724411011, 164.779647827, 106.143188477, 28.1716365814, 17.5762557983, 5.58718204498, 1.25979483128, 0.150688022375, 0.00102286250331, 3.57772705684e-07, 2.99200131337e-09],
        "max": [6.44198465347, 64.5751495361, 95.7645111084, 84.8612289429, 247.12298584, 525.446105957, 250.719558716, 227.144180298, 353.832366943, 738.44354248, 1068.94104004, 1165.17321777, 1155.99719238, 1017.89465332, 1026.70935059, 1503.86706543, 636.325744629, 355.167755127, 296.396697998, 331.798126221, 169.274810791, 235.649414062, 196.079025269, 175.210403442, 136.958969116, 249.040710449, 168.063796997, 163.806976318, 150.628616333, 86.2319107056, 78.7524871826, 57.1215133667, 31.6939735413, 44.1227836609, 16.3842830658, 8.00646781921, 2.54336762428, 0.215701952577, 0.00397767545655, 0.000322536448948],
        "mean": [0.457266926765, 2.71389317513, 2.17235016823, 2.55861234665, 4.96737670898, 10.5461263657, 11.3450365067, 8.02989578247, 16.4276580811, 19.2292747498, 45.4170875549, 46.4408607483, 26.1107883453, 60.9994506836, 30.0954837799, 36.8521652222, 23.7687892914, 24.2674255371, 24.0695858002, 15.0890750885, 10.8115110397, 11.2337284088, 10.720287323, 6.79013204575, 9.25496482849, 11.1050424576, 8.00645446777, 7.70958852768, 11.5895967484, 7.51676034927, 4.44132900238, 3.44888329506, 2.05284786224, 1.33166003227, 0.813225507736, 0.278082638979, 0.0716550275683, 0.00500879762694, 0.000123930571135, 4.38880306319e-05],
        "median": [0.000158924303832, 0.00388740818016, 0.101627647877, 0.350851088762, 0.690005004406, 1.41112601757, 2.18711471558, 1.69950246811, 3.12075781822, 4.39441919327, 11.5918865204, 8.88082313538, 6.60123491287, 9.78528404236, 7.49126529694, 6.50508737564, 4.1338391304, 5.33338785172, 8.07769870758, 4.34767246246, 3.48868441582, 3.62114834785, 4.37039995193, 1.81008720398, 2.09194326401, 3.24737215042, 2.53700518608, 2.63716959953, 4.35673761368, 2.62417984009, 1.13059675694, 1.01405489445, 0.484866678715, 0.252435952425, 0.137563496828, 0.0420592352748, 0.0113377152011, 0.000667485874146, 3.35113618348e-05, 3.08472335746e-05],
        "min": [1.30813138099e-09, 4.14922762815e-09, 3.50173579022e-08, 1.45246900729e-07, 1.05099070424e-06, 9.82837264019e-06, 8.61770022311e-05, 0.000101487756183, 0.00119895651005, 0.00947173684835, 0.0357295945287, 0.0227516554296, 0.0106942160055, 0.0203355289996, 0.038853276521, 0.0265578627586, 0.0149020152166, 0.0330901518464, 0.0715062245727, 0.0182968694717, 0.0188546087593, 0.00956801883876, 0.00293847545981, 0.000693779496942, 0.00180993718095, 0.000490223930683, 7.00781456544e-05, 7.17363291187e-05, 6.17717087152e-05, 3.78525473934e-05, 2.96407106362e-05, 3.38971440215e-05, 1.89119218703e-05, 6.28750285614e-06, 5.39428856428e-06, 6.24315418918e-07, 1.11930283708e-07, 3.26663425199e-08, 6.1356431047e-08, 1.19387195241e-07],
        "var": [0.780856013298, 39.0342636108, 49.9072990417, 64.489730835, 329.313903809, 1539.42883301, 440.898101807, 459.546447754, 1137.54052734, 2591.14038086, 10877.6396484, 12325.5634766, 4142.23779297, 17481.2402344, 4714.39208984, 10933.7753906, 3722.05908203, 2238.5378418, 1375.82092285, 922.656799316, 365.833709717, 472.53793335, 314.34085083, 274.225769043, 294.512481689, 475.338256836, 248.600082397, 215.720825195, 314.585327148, 150.611846924, 78.9245300293, 44.7746505737, 17.5677680969, 10.6847286224, 3.53129649162, 0.5042796731, 0.0433438457549, 0.000275169557426, 1.03921451e-07, 2.33714558817e-09]
    },
    "gfcc": {
        "mean": [-49.3673400879, 64.0628356934, -139.26512146, 8.35060119629, -81.3792190552, 12.5979633331, -40.8870277405, 4.42127275467, -22.1066627502, 1.19932556152, -20.8181362152, -1.33180272579, -9.98549842834],
        "cov": [[10227.0849609, -696.849487305, 3001.56054688, 2766.33007812, -416.472808838, 775.972351074, -96.0765991211, 615.625610352, -229.805175781, 419.23348999, -332.317687988, 427.920562744, -65.9119720459], [-696.849487305, 2268.75976562, 636.806396484, 322.579528809, 1049.23388672, 314.640289307, 558.113952637, 28.0870800018, 352.924530029, -16.1165847778, 359.49130249, -88.6170043945, -37.7370491028], [3001.56054688, 636.806396484, 3365.50537109, 2079.38208008, 510.5418396, 651.091308594, -74.4452667236, 422.278045654, 62.6617469788, 306.63671875, -43.2803840637, 165.405654907, -231.379760742], [2766.33007812, 322.579528809, 2079.38208008, 2054.29711914, 437.753570557, 566.364257812, 135.389175415, 335.743286133, 120.892402649, 246.74949646, 74.3374710083, 98.0017166138, -23.9781265259], [-416.472808838, 1049.23388672, 510.5418396, 437.753570557, 1161.00695801, 498.604492188, 559.775695801, 179.400924683, 290.625488281, 163.794387817, 274.011627197, -86.2660522461, 3.94683861732], [775.972351074, 314.640289307, 651.091308594, 566.364257812, 498.604492188, 689.145263672, 468.811981201, 179.358947754, 124.93863678, 187.926956177, 191.327392578, -18.0522556305, 21.2164573669], [-96.0765991211, 558.113952637, -74.4452667236, 135.389175415, 559.775695801, 468.811981201, 855.271179199, 167.511550903, 190.494827271, 128.967025757, 278.620635986, -38.2371406555, 53.5830230713], [615.625610352, 28.0870800018, 422.278045654, 335.743286133, 179.400924683, 179.358947754, 167.511550903, 327.558746338, 158.908966064, 118.371406555, 20.8656635284, 32.7914962769, 29.4005565643], [-229.805175781, 352.924530029, 62.6617469788, 120.892402649, 290.625488281, 124.93863678, 190.494827271, 158.908966064, 367.264678955, 55.4331092834, 70.6817779541, -34.487121582, 58.0604248047], [419.23348999, -16.1165847778, 306.63671875, 246.74949646, 163.794387817, 187.926956177, 128.967025757, 118.371406555, 55.4331092834, 198.167816162, 64.2065887451, 4.73822832108, 9.94691944122], [-332.317687988, 359.49130249, -43.2803840637, 74.3374710083, 274.011627197, 191.327392578, 278.620635986, 20.8656635284, 70.6817779541, 64.2065887451, 290.459594727, -3.40453982353, 40.6986236572], [427.920562744, -88.6170043945, 165.405654907, 98.0017166138, -86.2660522461, -18.0522556305, -38.2371406555, 32.7914962769, -34.487121582, 4.73822832108, -3.40453982353, 164.351226807, 20.5952186584], [-65.9119720459, -37.7370491028, -231.379760742, -23.9781265259, 3.94683861732, 21.2164573669, 53.5830230713, 29.4005565643, 58.0604248047, 9.94691944122, 40.6986236572, 20.5952186584, 174.296676636]],
        "icov": [[0.000252238474786, -0.000142646575114, 0.000144473684486, -0.000361605867511, 0.00029183641891, -0.000332277937559, 4.348771472e-05, -0.000291013770038, 0.000269233336439, -0.00032837386243, 0.000484245450934, -0.000420348078478, 0.000141754673677], [-0.000142646575114, 0.00148813484702, -0.0008960958221, 0.000563500390854, -0.00106220587622, 0.00101256021298, -0.000751005369239, 0.00109569530468, -0.00098944909405, 0.00157806754578, -0.00134700990748, 0.000671865185723, -0.000422265060479], [0.000144473684486, -0.0008960958221, 0.00196368247271, -0.00143721268978, 0.000334905722411, -0.00140483560972, 0.00123646797147, -0.00130566745065, 0.000727133243345, -0.00127415091265, 0.00126242218539, -0.00144151796121, 0.00197929469869], [-0.000361605867511, 0.000563500390854, -0.00143721268978, 0.00216328515671, -0.00055486796191, 0.000535861996468, -0.000383290054742, 0.000586308946367, -0.000621357641649, 0.000801035610493, -0.00121171632782, 0.000950988091063, -0.00132693850901], [0.00029183641891, -0.00106220587622, 0.000334905722411, -0.00055486796191, 0.00277663697489, -0.00119990692474, -0.000139198775287, -0.000684901839122, -4.03062404075e-05, -0.00134381011594, 0.000436008762335, 7.15368587407e-05, 0.000469999911729], [-0.000332277937559, 0.00101256021298, -0.00140483560972, 0.000535861996468, -0.00119990692474, 0.0049927867949, -0.00225321645848, 0.00116189173423, -0.000490546401124, 4.99161833432e-05, -0.00173172215, 0.00170543626882, -0.00141810753848], [4.348771472e-05, -0.000751005369239, 0.00123646797147, -0.000383290054742, -0.000139198775287, -0.00225321645848, 0.00357624213211, -0.00168010883499, 0.000380636513, -0.000626981782261, -0.000538855791092, -0.000728966435418, 0.00102488591801], [-0.000291013770038, 0.00109569530468, -0.00130566745065, 0.000586308946367, -0.000684901839122, 0.00116189173423, -0.00168010883499, 0.00699800485745, -0.00291274813935, -0.000747674203012, 9.0917255875e-06, -0.000134055342642, -0.00128863076679], [0.000269233336439, -0.00098944909405, 0.000727133243345, -0.000621357641649, -4.03062404075e-05, -0.000490546401124, 0.000380636513, -0.00291274813935, 0.00525053869933, -0.000773678242695, 0.0010088190902, 0.000239893590333, -0.000766461947933], [-0.00032837386243, 0.00157806754578, -0.00127415091265, 0.000801035610493, -0.00134381011594, 4.99161833432e-05, -0.000626981782261, -0.000747674203012, -0.000773678242695, 0.0098578101024, -0.00268654921092, 0.00142028764822, -0.000865892739967], [0.000484245450934, -0.00134700990748, 0.00126242218539, -0.00121171632782, 0.000436008762335, -0.00173172215, -0.000538855791092, 9.0917255875e-06, 0.0010088190902, -0.00268654921092, 0.00772555265576, -0.00217904453166, 3.65181113011e-05], [-0.000420348078478, 0.000671865185723, -0.00144151796121, 0.000950988091063, 7.15368587407e-05, 0.00170543626882, -0.000728966435418, -0.000134055342642, 0.000239893590333, 0.00142028764822, -0.00217904453166, 0.00877801142633, -0.00244816951454], [0.000141754673677, -0.000422265060479, 0.00197929469869, -0.00132693850901, 0.000469999911729, -0.00141810753848, 0.00102488591801, -0.00128863076679, -0.000766461947933, -0.000865892739967, 3.65181113011e-05, -0.00244816951454, 0.00879425927997]]
    },
    "melbands": {
        "dmean": [0.00196189433336, 0.0011973498622, 0.000414212147007, 0.000542937486898, 0.000278676627204, 0.00012577122834, 0.000168015758391, 0.000147412123624, 0.000204976226087, 0.000150518637383, 7.7394550317e-05, 0.000138661358505, 6.20429273113e-05, 5.81041895202e-05, 3.63038489013e-05, 2.49914155575e-05, 2.26612810366e-05, 2.47867756116e-05, 1.44183177326e-05, 9.32654711505e-06, 9.1031924967e-06, 8.63312197907e-06, 8.79433446244e-06, 6.8683907557e-06, 5.350390893e-06, 4.26325414082e-06, 5.85587667956e-06, 5.41191047887e-06, 3.75897388949e-06, 3.73866623704e-06, 3.34353057951e-06, 4.02589421356e-06, 3.7180786876e-06, 2.52007248491e-06, 2.18325294554e-06, 1.96096129912e-06, 1.69249301507e-06, 1.21514051443e-06, 8.53193682815e-07, 1.00475358522e-06],
        "dmean2": [0.00297534745187, 0.00180691573769, 0.000716340786312, 0.000828117772471, 0.000430372165283, 0.000204073541681, 0.000249878357863, 0.000215519932681, 0.000298889994156, 0.000218903966015, 0.000108842352347, 0.000186813471373, 8.33670856082e-05, 8.44942260301e-05, 5.24941242475e-05, 3.81267236662e-05, 3.3742035157e-05, 3.7347428588e-05, 2.1768229999e-05, 1.40525889947e-05, 1.46178863361e-05, 1.40424344863e-05, 1.42387507367e-05, 1.13390187835e-05, 8.95201810636e-06, 6.7803116508e-06, 9.50001413003e-06, 8.96343499335e-06, 6.00391649641e-06, 6.19753927822e-06, 5.23411381437e-06, 6.15321414443e-06, 5.77300079385e-06, 3.97839676225e-06, 3.38488325724e-06, 3.15693750963e-06, 2.6959708066e-06, 1.93168557416e-06, 1.35008872348e-06, 1.60849185704e-06],
        "dvar": [3.89955130231e-05, 1.51816739162e-05, 2.16342345993e-06, 4.03594731324e-06, 4.99126201703e-07, 1.60301283358e-07, 1.71107743085e-07, 1.52699243472e-07, 1.88973359627e-07, 1.61643654906e-07, 5.47661045402e-08, 9.18896319035e-08, 2.69506568173e-08, 1.52474175508e-08, 8.31907698284e-09, 4.03320266074e-09, 2.45122100395e-09, 1.91917437498e-09, 8.2139373081e-10, 4.32253816074e-10, 4.33570707115e-10, 4.67901439816e-10, 3.71567887569e-10, 2.54251536491e-10, 2.47413090015e-10, 8.89126064441e-11, 2.24906815394e-10, 2.20691534492e-10, 7.81723713539e-11, 1.17403642363e-10, 5.78529620043e-11, 6.52704765236e-11, 4.89108267776e-11, 3.22375806605e-11, 2.57598577885e-11, 2.49680536663e-11, 1.39740476135e-11, 7.90538121076e-12, 3.76125823195e-12, 7.57153281045e-12],
        "dvar2": [8.64609755808e-05, 2.98136965284e-05, 5.44595013707e-06, 8.6556055976e-06, 1.16487910873e-06, 4.14262444792e-07, 3.73066399106e-07, 2.98622069295e-07, 3.48565777131e-07, 3.15225861414e-07, 1.18696917184e-07, 1.64996805552e-07, 4.57309639046e-08, 2.83647292321e-08, 1.56665773687e-08, 8.99735930204e-09, 4.90577800605e-09, 4.65727634236e-09, 1.99385929989e-09, 9.98580218514e-10, 1.13495890464e-09, 1.22402366021e-09, 9.79027525716e-10, 6.83170908733e-10, 6.6387884079e-10, 2.17711876305e-10, 5.99002347723e-10, 5.88132320622e-10, 1.9927681727e-10, 3.08337883004e-10, 1.45114628647e-10, 1.55654530931e-10, 1.21524262875e-10, 7.93329638094e-11, 6.08385078427e-11, 6.12775663544e-11, 3.46615305902e-11, 1.98776984456e-11, 8.92872234481e-12, 1.84720051755e-11],
        "max": [0.0722616761923, 0.0413776375353, 0.0191328693181, 0.0270420573652, 0.0109485043213, 0.0046516014263, 0.00560460006818, 0.00707766367123, 0.00699041644111, 0.00667713349685, 0.00570550281554, 0.00456123100594, 0.00489409454167, 0.00349920522422, 0.00151301221922, 0.000894161290489, 0.000781989248935, 0.000457350775832, 0.000430415559094, 0.000290977739496, 0.000224680799874, 0.000317480938975, 0.000208889410715, 0.000150230102008, 0.000147428130731, 0.000102722631709, 0.00015433455701, 0.000161084681167, 9.48448141571e-05, 0.0001103954055, 8.11271893326e-05, 7.98791006673e-05, 7.82677961979e-05, 6.17561963736e-05, 4.42936252512e-05, 4.8123045417e-05, 3.03506294586e-05, 3.33180250891e-05, 3.02693988488e-05, 4.5324464736e-05],
        "mean": [0.00397322280332, 0.00200801994652, 0.000488705234602, 0.00057832011953, 0.000417711562477, 0.00017384516832, 0.000259199674474, 0.000240214299993, 0.000382591795642, 0.000264346221229, 0.000126925180666, 0.000258372514509, 0.00010254848894, 0.000105119368527, 6.45756226731e-05, 4.7690798965e-05, 4.31377011409e-05, 3.90091336158e-05, 2.34400959016e-05, 1.53796099767e-05, 1.20165068438e-05, 1.13353326014e-05, 1.19953710964e-05, 7.99831650511e-06, 4.93924426337e-06, 5.94431276113e-06, 7.94286916062e-06, 7.11932852937e-06, 5.15777264809e-06, 4.22073253503e-06, 4.46356943939e-06, 6.59425086269e-06, 6.15231692791e-06, 3.41531335835e-06, 2.57562328443e-06, 2.2336253096e-06, 2.06101663025e-06, 1.52539098508e-06, 1.0959734027e-06, 1.13423061521e-06],
        "median": [1.12238342354e-06, 3.92034598917e-05, 7.44733115425e-05, 6.35879259789e-05, 7.98310065875e-05, 3.4167933336e-05, 4.58649883512e-05, 5.83960791118e-05, 9.87746316241e-05, 4.37387425336e-05, 2.29839133681e-05, 3.73635120923e-05, 1.86167799257e-05, 1.79097332875e-05, 7.51362085794e-06, 7.81034395914e-06, 8.6881518655e-06, 1.12533280117e-05, 6.94741720508e-06, 4.22377752329e-06, 3.53070549863e-06, 3.06595234179e-06, 4.01760598834e-06, 2.63187371274e-06, 8.42223926156e-07, 1.01790180906e-06, 1.74598505964e-06, 1.9418851025e-06, 1.515662575e-06, 1.06858112758e-06, 1.41995542435e-06, 2.30511545851e-06, 2.27376199291e-06, 8.98672738003e-07, 5.86220210153e-07, 5.82264135573e-07, 5.91292462104e-07, 3.30923739966e-07, 2.18070823621e-07, 1.85448925549e-07],
        "min": [2.21407722885e-12, 8.44988488902e-12, 2.190846983e-11, 2.33157465557e-10, 7.29311833148e-10, 1.35820932279e-09, 4.09493106091e-09, 5.70262237432e-08, 4.14878371657e-07, 7.00958366906e-08, 4.61009648234e-08, 6.65914896558e-08, 7.73796671183e-08, 4.61587852385e-08, 8.02007136258e-08, 1.04687680746e-08, 3.59412730688e-08, 9.37909021559e-08, 2.749143313e-08, 1.12893800974e-08, 1.52400492226e-08, 9.74492575523e-09, 5.03884001191e-09, 4.83599771339e-10, 2.63430000036e-10, 1.47168444098e-09, 6.71857236512e-10, 4.7256525082e-11, 2.8336746144e-11, 2.52096451353e-11, 4.5989032027e-11, 4.07110040124e-11, 1.10777368181e-11, 2.00569838515e-11, 5.71689614051e-12, 1.62121149838e-11, 1.77306138521e-11, 2.99656111556e-12, 5.54281967546e-12, 3.72063436917e-13],
