{
"highlevel": {
    "danceability": {
        "all": {
            "danceable": 0.971561849117,
            "not_danceable": 0.0284381434321
        },
        "probability": 0.971561849117,
        "value": "danceable"
    },
    "gender": {
        "all": {
            "female": 0.0821026042104,
            "male": 0.91789740324
        },
        "probability": 0.91789740324,
        "value": "male"
    },
    "genre_dortmund": {
        "all": {
            "alternative": 0.0808331593871,
            "blues": 0.0410027503967,
            "electronic": 0.0138213858008,
            "folkcountry": 0.295322358608,
            "funksoulrnb": 0.00977256521583,
            "jazz": 0.0378630459309,
            "pop": 0.128453806043,
            "raphiphop": 0.0316556841135,
            "rock": 0.36127525568
        },
        "probability": 0.36127525568,
        "value": "rock"
    },
    "genre_electronic": {
        "all": {
            "ambient": 0.253634691238,
            "dnb": 0.505761325359,
            "house": 0.173571035266,
            "techno": 0.010573620908,
            "trance": 0.0564593039453
        },
        "probability": 0.505761325359,
        "value": "dnb"
    },
    "genre_rosamerica": {
        "all": {
            "cla": 0.00693304603919,
            "dan": 0.0379450283945,
            "hip": 0.0628487318754,
            "jaz": 0.00669494178146,
            "pop": 0.49773234129,
            "rhy": 0.141654387116,
            "roc": 0.242127507925,
            "spe": 0.00406402116641
        },
        "probability": 0.49773234129,
        "value": "pop"
    },
    "genre_tzanetakis": {
        "all": {
            "blu": 0.0626613423228,
            "cla": 0.0348169617355,
            "cou": 0.104475811124,
            "dis": 0.0784321576357,
            "hip": 0.15692435205,
            "jaz": 0.313974827528,
            "met": 0.0448166541755,
            "pop": 0.0627359300852,
            "reg": 0.0627360641956,
            "roc": 0.0784258767962
        },
        "probability": 0.313974827528,
        "value": "jaz"
    },
    "ismir04_rhythm": {
        "all": {
            "ChaChaCha": 0.0164024997503,
            "Jive": 0.469516843557,
            "Quickstep": 0.0993370190263,
            "Rumba-American": 0.0133197987452,
            "Rumba-International": 0.121017448604,
            "Rumba-Misc": 0.0257911905646,
            "Samba": 0.121523581445,
            "Tango": 0.00730481278151,
            "VienneseWaltz": 0.0694785118103,
            "Waltz": 0.0563082918525
        },
        "probability": 0.469516843557,
        "value": "Jive"
    },
    "mood_acoustic": {
        "all": {
            "acoustic": 0.614174008369,
            "not_acoustic": 0.385825991631
        },
        "probability": 0.614174008369,
        "value": "acoustic"
    },
    "mood_aggressive": {
        "all": {
            "aggressive": 0.0497306399047,
            "not_aggressive": 0.950269341469
        },
        "probability": 0.950269341469,
        "value": "not_aggressive"
    },
    "mood_electronic": {
        "all": {
            "electronic": 0.112393058836,
            "not_electronic": 0.887606918812
        },
        "probability": 0.887606918812,
        "value": "not_electronic"
    },
    "mood_happy": {
        "all": {
            "happy": 0.891437768936,
            "not_happy": 0.108562231064
        },
        "probability": 0.891437768936,
        "value": "happy"
    },
    "mood_party": {
        "all": {
            "not_party": 0.721389293671,
            "party": 0.278610736132
        },
        "probability": 0.721389293671,
        "value": "not_party"
    },
    "mood_relaxed": {
        "all": {
            "not_relaxed": 0.571043074131,
            "relaxed": 0.428956955671
        },
        "probability": 0.571043074131,
        "value": "not_relaxed"
    },
    "mood_sad": {
        "all": {
            "not_sad": 0.5,
            "sad": 0.5
        },
        "probability": 0.5,
        "value": "not_sad"
    },
    "moods_mirex": {
        "all": {
            "Cluster1": 0.292709171772,
            "Cluster2": 0.311024218798,
            "Cluster3": 0.280187189579,
            "Cluster4": 0.0792739391327,
            "Cluster5": 0.0368054844439
        },
        "probability": 0.311024218798,
        "value": "Cluster2"
    },
    "timbre": {
        "all": {
            "bright": 0.9941162467,
            "dark": 0.00588372955099
        },
        "probability": 0.9941162467,
        "value": "bright"
    },
    "tonal_atonal": {
        "all": {
            "atonal": 0.000235908199102,
            "tonal": 0.999764084816
        },
        "probability": 0.999764084816,
        "value": "tonal"
    },
    "voice_instrumental": {
        "all": {
            "instrumental": 0.000879394239746,
            "voice": 0.999120593071
        },
        "probability": 0.999120593071,
        "value": "voice"
    }
},
"lowlevel": {
    "average_loudness": 0.985247194767,
    "barkbands_crest": {
        "dmean": 3.23049855232,
        "dmean2": 5.23066759109,
        "dvar": 10.7633991241,
        "dvar2": 26.8386154175,
        "max": 24.3000183105,
        "mean": 11.14635849,
        "median": 10.1809625626,
        "min": 3.50517749786,
        "var": 18.8198852539
    },
    "barkbands_flatness_db": {
        "dmean": 0.02520814538,
        "dmean2": 0.038497004658,
        "dvar": 0.00054275081493,
        "dvar2": 0.00126296968665,
        "max": 0.300471037626,
        "mean": 0.154174342752,
        "median": 0.151188343763,
        "min": 0.0718160420656,
        "var": 0.00133510923479
    },
    "barkbands_kurtosis": {
        "dmean": 3.58717560768,
        "dmean2": 5.67967653275,
        "dvar": 65.1254959106,
        "dvar2": 153.107437134,
        "max": 124.943328857,
        "mean": 4.96801948547,
        "median": 2.89370393753,
        "min": -1.77730345726,
        "var": 77.150138855
    },
    "barkbands_skewness": {
        "dmean": 0.574695527554,
        "dmean2": 0.846986413002,
        "dvar": 0.495078444481,
        "dvar2": 1.04429030418,
        "max": 10.1811218262,
        "mean": 1.75369763374,
        "median": 1.57547187805,
        "min": -0.517018139362,
        "var": 1.16091883183
    },
    "barkbands_spread": {
        "dmean": 5.4234957695,
        "dmean2": 8.04737472534,
        "dvar": 38.1790657043,
        "dvar2": 70.945098877,
        "max": 89.4070053101,
        "mean": 20.6610374451,
        "median": 17.3935108185,
        "min": 1.86906909943,
        "var": 195.270996094
    },
    "dissonance": {
        "dmean": 0.0197083801031,
        "dmean2": 0.0326467193663,
        "dvar": 0.000316547375405,
        "dvar2": 0.000845110102091,
        "max": 0.5,
        "mean": 0.456958085299,
        "median": 0.462288737297,
        "min": 0.334543019533,
        "var": 0.000700592470821
    },
    "dynamic_complexity": 1.45022046566,
    "erbbands_crest": {
        "dmean": 3.2594897747,
        "dmean2": 5.11190891266,
        "dvar": 9.54300785065,
        "dvar2": 21.3080825806,
        "max": 30.4544181824,
        "mean": 11.2360801697,
        "median": 9.77432155609,
        "min": 2.75250053406,
        "var": 35.8226051331
    },
    "erbbands_flatness_db": {
        "dmean": 0.0212822780013,
        "dmean2": 0.0307954717427,
        "dvar": 0.000402466859668,
        "dvar2": 0.000830513774417,
        "max": 0.295009613037,
        "mean": 0.156554818153,
        "median": 0.154090702534,
        "min": 0.0648080557585,
        "var": 0.00137688219547
    },
    "erbbands_kurtosis": {
        "dmean": 1.08145320415,
        "dmean2": 1.71107363701,
        "dvar": 3.11509227753,
        "dvar2": 7.04454898834,
        "max": 29.4462280273,
        "mean": 0.631609201431,
        "median": -0.176490306854,
        "min": -1.67554605007,
        "var": 7.14736557007
    },
    "erbbands_skewness": {
        "dmean": 0.39490005374,
        "dmean2": 0.606045603752,
        "dvar": 0.131936937571,
        "dvar2": 0.290994524956,
        "max": 4.45624732971,
        "mean": 0.567931652069,
        "median": 0.519115507603,
        "min": -1.86682367325,
        "var": 0.706430792809
    },
    "erbbands_spread": {
        "dmean": 9.17080116272,
        "dmean2": 13.5220108032,
        "dvar": 90.2397613525,
        "dvar2": 188.032058716,
        "max": 145.719299316,
        "mean": 40.205039978,
        "median": 37.5074958801,
        "min": 5.07807207108,
        "var": 359.925750732
    },
    "hfc": {
        "dmean": 7.78475952148,
        "dmean2": 11.5047206879,
        "dvar": 89.1831970215,
        "dvar2": 203.828521729,
        "max": 121.920318604,
        "mean": 24.4233150482,
        "median": 20.6226787567,
        "min": 1.68984913826,
        "var": 246.71005249
    },
    "melbands_crest": {
        "dmean": 3.95932459831,
        "dmean2": 6.50631952286,
        "dvar": 15.2133655548,
        "dvar2": 36.8224563599,
        "max": 31.6926803589,
        "mean": 16.276309967,
        "median": 15.5031728745,
        "min": 4.7996134758,
        "var": 29.0311203003
    },
    "melbands_flatness_db": {
        "dmean": 0.0291489455849,
        "dmean2": 0.0425636582077,
        "dvar": 0.00083157455083,
        "dvar2": 0.00173353590071,
        "max": 0.429565906525,
        "mean": 0.211745068431,
        "median": 0.209259063005,
        "min": 0.0603013671935,
        "var": 0.0025088719558
    },
    "melbands_kurtosis": {
        "dmean": 8.61164474487,
        "dmean2": 13.2530488968,
        "dvar": 287.112701416,
        "dvar2": 638.790527344,
        "max": 257.953338623,
        "mean": 14.3607540131,
        "median": 8.65968608856,
        "min": -1.30671691895,
        "var": 394.689544678
    },
    "melbands_skewness": {
        "dmean": 0.856553018093,
        "dmean2": 1.26136279106,
        "dvar": 0.984798491001,
        "dvar2": 2.0635509491,
        "max": 12.9819040298,
        "mean": 2.72687149048,
        "median": 2.43409705162,
        "min": -0.438451826572,
        "var": 2.57794451714
    },
    "melbands_spread": {
        "dmean": 5.3240942955,
        "dmean2": 7.80391836166,
        "dvar": 36.4872817993,
        "dvar2": 72.4366836548,
        "max": 100.13923645,
        "mean": 19.0409145355,
        "median": 16.2026557922,
        "min": 1.11871361732,
        "var": 139.290863037
    },
    "pitch_salience": {
        "dmean": 0.0813422575593,
        "dmean2": 0.133314445615,
        "dvar": 0.00722603080794,
        "dvar2": 0.0180264916271,
        "max": 0.80441224575,
        "mean": 0.487603574991,
        "median": 0.487189024687,
        "min": 0.112455129623,
        "var": 0.0110800135881
    },
    "silence_rate_20dB": {
        "dmean": 0,
        "dmean2": 0,
        "dvar": 0,
        "dvar2": 0,
        "max": 1,
        "mean": 1,
        "median": 1,
        "min": 1,
        "var": 0
    },
    "silence_rate_30dB": {
        "dmean": 0.0030959751457,
        "dmean2": 0.00619674660265,
        "dvar": 0.00308638392016,
        "dvar2": 0.00925671309233,
        "max": 1,
        "mean": 0.998453199863,
        "median": 1,
        "min": 0,
        "var": 0.00154439674225
    },
    "silence_rate_60dB": {
        "dmean": 0,
        "dmean2": 0,
        "dvar": 0,
        "dvar2": 0,
        "max": 0,
        "mean": 0,
        "median": 0,
        "min": 0,
        "var": 0
    },
    "spectral_centroid": {
        "dmean": 227.1769104,
        "dmean2": 345.936981201,
        "dvar": 51381.2929688,
        "dvar2": 102863.070312,
        "max": 3627.52954102,
        "mean": 1238.16210938,
        "median": 1163.72851562,
        "min": 369.514801025,
        "var": 248837.421875
    },
    "spectral_complexity": {
        "dmean": 4.36300325394,
        "dmean2": 6.65530586243,
        "dvar": 21.5687198639,
        "dvar2": 46.2041549683,
        "max": 47,
        "mean": 20.9651966095,
        "median": 20,
        "min": 4,
        "var": 61.0451965332
    },
    "spectral_decrease": {
        "dmean": 3.74334474529e-09,
        "dmean2": 5.46594369766e-09,
        "dvar": 2.08107111221e-17,
        "dvar2": 3.98110382119e-17,
        "max": -9.07182495791e-10,
        "mean": -1.02582644601e-08,
        "median": -8.71306404804e-09,
        "min": -3.42319026458e-08,
        "var": 3.55509290171e-17
    },
    "spectral_energy": {
        "dmean": 0.0145283378661,
        "dmean2": 0.0212636794895,
        "dvar": 0.000307974492898,
        "dvar2": 0.000589832256082,
        "max": 0.130758360028,
        "mean": 0.0409323647618,
        "median": 0.0351499058306,
        "min": 0.00368209835142,
        "var": 0.000529017765075
    },
    "spectral_energyband_high": {
        "dmean": 0.000560180575121,
        "dmean2": 0.000855130550917,
        "dvar": 1.03525712802e-06,
        "dvar2": 2.29311172006e-06,
        "max": 0.0150433750823,
        "mean": 0.000954156043008,
        "median": 0.000400285207434,
        "min": 2.34361814364e-05,
        "var": 2.48777359957e-06
    },
    "spectral_energyband_low": {
        "dmean": 0.0108737703413,
        "dmean2": 0.0157607104629,
        "dvar": 0.000303250708384,
        "dvar2": 0.000602834916208,
        "max": 0.117706216872,
        "mean": 0.0187578331679,
        "median": 0.012717477046,
        "min": 0.00029016030021,
        "var": 0.000414507754613
    },
    "spectral_energyband_middle_high": {
        "dmean": 0.0018377804663,
        "dmean2": 0.00261512538418,
        "dvar": 5.84386816627e-06,
        "dvar2": 1.19954574984e-05,
        "max": 0.0316359587014,
        "mean": 0.00540154892951,
        "median": 0.00351433851756,
        "min": 0.00025547950645,
        "var": 2.54066872003e-05
    },
    "spectral_energyband_middle_low": {
        "dmean": 0.00801432691514,
        "dmean2": 0.0130150569603,
        "dvar": 0.000107211744762,
        "dvar2": 0.00027695170138,
        "max": 0.0807823240757,
        "mean": 0.0173845440149,
        "median": 0.0141436383128,
        "min": 0.000540156208444,
        "var": 0.000165953853866
    },
    "spectral_entropy": {
        "dmean": 0.165737971663,
        "dmean2": 0.245139330626,
        "dvar": 0.0242238454521,
        "dvar2": 0.0506003201008,
        "max": 8.49207305908,
        "mean": 7.5049161911,
        "median": 7.50401067734,
        "min": 6.51433992386,
        "var": 0.113498270512
    },
    "spectral_flux": {
        "dmean": 0.0387241616845,
        "dmean2": 0.0587322600186,
        "dvar": 0.00155149935745,
        "dvar2": 0.00344774732366,
        "max": 0.319535672665,
        "mean": 0.105830959976,
        "median": 0.0875767990947,
        "min": 0.0249134991318,
        "var": 0.00345746288076
    },
    "spectral_kurtosis": {
        "dmean": 1.44462537766,
        "dmean2": 2.44548845291,
        "dvar": 1.96604096889,
        "dvar2": 5.37497758865,
        "max": 14.5387973785,
        "mean": 3.79868149757,
        "median": 3.56759357452,
        "min": -0.978489637375,
        "var": 4.40853738785
    },
    "spectral_rms": {
        "dmean": 0.00105858326424,
        "dmean2": 0.0015287756687,
        "dvar": 1.33784294576e-06,
        "dvar2": 2.44464604293e-06,
        "max": 0.0112946508452,
        "mean": 0.00609574001282,
        "median": 0.0058559877798,
        "min": 0.00189533398952,
        "var": 2.77593812825e-06
    },
    "spectral_rolloff": {
        "dmean": 419.696899414,
        "dmean2": 668.631591797,
        "dvar": 698847.4375,
        "dvar2": 1548043.625,
        "max": 10400.5371094,
        "mean": 1149.89892578,
        "median": 689.0625,
        "min": 64.599609375,
        "var": 1839168.75
    },
    "spectral_skewness": {
        "dmean": 0.214814007282,
        "dmean2": 0.34863114357,
        "dvar": 0.0386148877442,
        "dvar2": 0.0939934849739,
        "max": 3.12945961952,
        "mean": 1.40808439255,
        "median": 1.39429271221,
        "min": 0.348949879408,
        "var": 0.140426069498
    },
    "spectral_spread": {
        "dmean": 561456.6875,
        "dmean2": 756880.4375,
        "dvar": 396906659840,
        "dvar2": 632736186368,
        "max": 15009047,
        "mean": 4483899,
        "median": 4180605.5,
        "min": 2282796.25,
        "var": 2.30364807168e+12
    },
    "spectral_strongpeak": {
        "dmean": 0.581375002861,
        "dmean2": 0.994731009007,
        "dvar": 0.653017163277,
        "dvar2": 1.46240115166,
        "max": 7.50230550766,
        "mean": 1.1329228878,
        "median": 0.611893355846,
        "min": 0.0456934683025,
        "var": 1.18174278736
    },
    "zerocrossingrate": {
        "dmean": 0.00909745041281,
        "dmean2": 0.0105058001354,
        "dvar": 9.61670739343e-05,
        "dvar2": 0.000100992132502,
        "max": 0.22314453125,
        "mean": 0.0496181361377,
        "median": 0.04345703125,
        "min": 0.005859375,
        "var": 0.00080485799117
    },
    "barkbands": {
        "dmean": [0.000345539854607, 0.00904905889183, 0.00344370142557, 0.00216750358231, 0.002786813071, 0.00169320427813, 0.00152683886699, 0.00205628504045, 0.00117658567615, 0.000754146720283, 0.000363311817637, 0.000335167453159, 0.000280552834738, 0.000204547104659, 0.000281474844087, 0.000261902867351, 0.00025312975049, 0.000207345641684, 0.000248651165748, 0.000156730224262, 0.000125113394461, 0.000181503142812, 0.00011247828661, 8.27774274512e-05, 5.16815744049e-05, 3.03031920339e-05, 1.16404068606e-08],
        "dmean2": [0.000452736625448, 0.0139974141493, 0.00606848346069, 0.003720121691, 0.00491272518411, 0.00270144105889, 0.00235299230553, 0.00310768513009, 0.00181741011329, 0.00112327456009, 0.000573585450184, 0.000509503879584, 0.000434879271779, 0.000325723725837, 0.000428965402534, 0.000414584937971, 0.00038505368866, 0.000323873828165, 0.000373289251002, 0.000249289878411, 0.00020243092149, 0.000306528498186, 0.000169856139109, 0.000118430689326, 6.98928561178e-05, 5.04826130054e-05, 2.13278639194e-08],
        "dvar": [3.55642725935e-07, 0.000339750549756, 4.08485575463e-05, 1.51833191921e-05, 3.04823588522e-05, 9.37217282626e-06, 6.73304339216e-06, 1.53030723595e-05, 6.79900495015e-06, 2.8836934689e-06, 1.04124012523e-06, 7.71516340592e-07, 3.66439849131e-07, 1.75811919689e-07, 2.49117135809e-07, 2.09409293461e-07, 2.41077742658e-07, 1.34458957746e-07, 1.33550628334e-07, 5.33344994835e-08, 4.31716280502e-08, 1.70585792603e-07, 7.91026835145e-08, 5.83109169838e-08, 2.06704022787e-08, 3.68170072207e-09, 3.70642305367e-15],
        "dvar2": [6.07030244737e-07, 0.000765411998145, 0.000116535600682, 3.89438428101e-05, 8.37180123199e-05, 2.49718505074e-05, 1.47498076331e-05, 3.6981440644e-05, 1.61521093105e-05, 6.10021197645e-06, 2.44339230449e-06, 1.64973573646e-06, 8.25258041459e-07, 4.15127033193e-07, 4.62603509277e-07, 5.1728869721e-07, 5.85312307066e-07, 3.0736632084e-07, 2.72229641496e-07, 1.17054334225e-07, 1.07571423769e-07, 4.40298663307e-07, 1.80959830232e-07, 1.16784448778e-07, 3.22385496077e-08, 8.84701734094e-09, 1.01559470604e-14],
        "max": [0.00587381143123, 0.104904174805, 0.0633587092161, 0.0357844978571, 0.0330812297761, 0.0405696965754, 0.0288984421641, 0.0450448431075, 0.03861322999, 0.0262167230248, 0.0182985607535, 0.0197080057114, 0.00905450899154, 0.00682003097609, 0.0131260883063, 0.00684020202607, 0.00888242386281, 0.00640189973637, 0.00693167746067, 0.00337588670664, 0.00170241773594, 0.00646637007594, 0.00458429241553, 0.00427106628194, 0.00223111594096, 0.000932643539272, 1.16137891837e-06],
        "mean": [0.000461563671706, 0.00988466572016, 0.00693330308422, 0.00252127461135, 0.00307895429432, 0.00309106195346, 0.00281746755354, 0.00387350609526, 0.00181801489089, 0.00127605453599, 0.000530363759026, 0.000550239405129, 0.000427192862844, 0.000324945664033, 0.000484362826683, 0.000480362214148, 0.000477850058815, 0.000356167845894, 0.000437402108219, 0.000282887922367, 0.000175323802978, 0.000212536178879, 0.00016858674644, 0.000138236937346, 9.9360528111e-05, 3.06839792756e-05, 7.33930782815e-09],
        "median": [7.83342620707e-05, 0.00331982038915, 0.00592503510416, 0.00110983464401, 0.00122731702868, 0.00104370189365, 0.00105991517194, 0.000970588764176, 0.000723648932762, 0.0004037070903, 0.000202915965929, 0.000250088400207, 0.000143756013131, 0.000156215610332, 0.000263207126409, 0.0002328735427, 0.000278458843241, 0.000179467708222, 0.00027856635279, 0.000179025169928, 8.92487441888e-05, 5.99682425673e-05, 5.63260546187e-05, 2.93215653073e-05, 1.96725413844e-05, 9.83894187812e-06, 6.79747536037e-10],
        "min": [7.24419848552e-08, 1.93576870515e-05, 3.69998851966e-05, 9.70250403043e-06, 7.79165748099e-06, 1.5215017811e-05, 1.77841066034e-05, 1.01144605651e-05, 1.73777607415e-05, 3.76281991521e-06, 3.02441208078e-06, 3.9935193854e-06, 2.09035488297e-06, 5.687702469e-06, 1.65764640769e-06, 5.78053459321e-06, 5.89595720157e-06, 7.85414431448e-06, 6.12525809629e-06, 5.51874563826e-06, 2.45924479714e-06, 3.0308622172e-06, 1.66546112723e-06, 3.17432352404e-07, 1.74148213211e-11, 2.35938768522e-10, 7.32660980496e-12],
        "var": [6.81714880102e-07, 0.000344344385667, 4.20092801505e-05, 1.45208114191e-05, 2.55477116298e-05, 3.03939668811e-05, 1.8632348656e-05, 4.54656146758e-05, 1.05968947537e-05, 7.46734804125e-06, 2.09749237001e-06, 1.27592772969e-06, 7.12783617018e-07, 3.31775652285e-07, 5.87033753163e-07, 5.27087991031e-07, 5.00362034472e-07, 3.08219568979e-07, 2.81383421452e-07, 1.02697534032e-07, 5.3415543988e-08, 2.13610888977e-07, 1.49293001073e-07, 1.61726731562e-07, 8.57163300338e-08, 4.62144011948e-09, 2.2437652898e-15]
    },
    "erbbands": {
        "dmean": [0.341976821423, 1.72185277939, 3.28835701942, 5.65734863281, 9.94297790527, 7.58378505707, 11.5334014893, 14.425822258, 14.7964363098, 30.6728000641, 51.6237106323, 28.0575618744, 15.8293218613, 26.7195091248, 11.5820293427, 14.1451272964, 11.3643474579, 11.5501527786, 13.9712371826, 12.9424962997, 13.5742807388, 11.4569358826, 10.6736297607, 9.21157741547, 13.675327301, 7.95148181915, 5.54371500015, 4.89237165451, 6.50045824051, 4.75303983688, 3.02174663544, 2.05983090401, 1.30042374134, 0.726188004017, 0.328612655401, 0.165114417672, 0.0515807121992, 0.00176053633913, 4.95149834023e-05, 1.81421437446e-05],
        "dmean2": [0.52125787735, 2.70061469078, 5.61878871918, 9.72684192657, 18.4572868347, 12.7005157471, 18.3837814331, 23.1936531067, 23.8723545074, 46.5868377686, 77.8954467773, 42.2516975403, 23.5908203125, 39.5798873901, 17.4890766144, 21.3583145142, 17.5390949249, 17.768945694, 21.631111145, 20.5385894775, 21.5839996338, 16.8868904114, 16.4924182892, 14.1012687683, 20.9518852234, 12.612868309, 8.79883384705, 8.21539783478, 10.8560161591, 7.62150764465, 4.70020771027, 3.12737298012, 1.80630517006, 1.02209436893, 0.461569398642, 0.266787141562, 0.0874829441309, 0.00295513286255, 7.8879755165e-05, 2.67684299615e-05],
        "dvar": [0.542432129383, 11.3015298843, 33.0478286743, 90.1388626099, 553.906494141, 190.797241211, 391.341400146, 934.872497559, 842.147827148, 3202.28930664, 11095.3916016, 3475.60522461, 942.738464355, 4157.13574219, 550.887573242, 1596.67114258, 783.07208252, 565.89855957, 458.45602417, 596.347595215, 653.547851562, 439.81729126, 307.991210938, 248.580490112, 401.983398438, 127.556793213, 75.3185195923, 86.6380615234, 196.994674683, 135.174346924, 68.8794174194, 30.0063285828, 17.5045146942, 4.11215162277, 0.967284858227, 0.139408752322, 0.00932705681771, 9.32341936277e-06, 6.62578170108e-09, 4.50295911669e-10],
        "dvar2": [1.15802049637, 26.609582901, 90.9032592773, 238.139938354, 1552.14355469, 466.325317383, 1018.28747559, 2441.90161133, 1813.38110352, 7220.29296875, 26810.5800781, 7839.36474609, 2094.87451172, 9074.73144531, 1143.25, 3424.61083984, 1782.66833496, 1322.26733398, 995.740783691, 1321.1015625, 1536.5793457, 919.258789062, 679.570251465, 533.04699707, 848.291931152, 280.163787842, 176.77633667, 223.676773071, 515.553771973, 314.303466797, 164.969833374, 63.602355957, 35.3878173828, 7.27468776703, 1.78373003006, 0.303297430277, 0.0240374654531, 2.26935680985e-05, 1.58488298041e-08, 8.79777639629e-10],
        "max": [4.11906099319, 20.5587425232, 60.7992630005, 77.0013504028, 171.852050781, 158.318511963, 292.059051514, 380.988769531, 520.671386719, 800.739562988, 1215.2902832, 808.98449707, 485.595306396, 825.474365234, 517.640441895, 980.389770508, 494.690185547, 435.452148438, 360.938842773, 566.726379395, 456.160675049, 512.076477051, 266.874542236, 338.704101562, 251.788803101, 139.394546509, 90.9423141479, 100.253311157, 176.69128418, 236.385757446, 149.966720581, 111.208229065, 66.7574920654, 30.8056488037, 17.5097312927, 6.71382522583, 1.30690979958, 0.0472899712622, 0.00125775451306, 0.000147950224346],
        "mean": [0.317600905895, 2.1329472065, 7.31391525269, 8.86106681824, 7.98396348953, 10.3712186813, 20.9543495178, 24.9039115906, 24.4904460907, 62.1206665039, 98.6692886353, 48.3583221436, 27.7677974701, 46.3792419434, 20.4358692169, 24.3166446686, 18.9428768158, 18.9772701263, 25.5791339874, 23.4614105225, 27.4472064972, 24.2571811676, 20.8098106384, 17.5104389191, 23.8646831512, 14.7713661194, 8.7859582901, 5.99916791916, 7.48916578293, 6.38217449188, 4.54476881027, 3.11349654198, 2.28067088127, 1.3515586853, 0.557360887527, 0.19413651526, 0.0482541210949, 0.00175096129533, 7.2513554187e-05, 5.24566567037e-05],
        "median": [0.0456532910466, 1.09556293488, 5.74515867233, 6.02152776718, 2.57007598877, 4.70539236069, 8.83271121979, 7.43243646622, 10.7848978043, 24.5396614075, 25.8710613251, 22.0180873871, 14.3993701935, 12.3154029846, 11.6120872498, 11.1841592789, 7.06474685669, 8.2509431839, 12.936375618, 13.2926912308, 16.4985675812, 13.7266454697, 11.3995952606, 10.3092699051, 14.7840900421, 9.31175804138, 5.18301868439, 2.46735835075, 2.22174954414, 1.84865283966, 1.48036432266, 0.870101094246, 0.433140426874, 0.262630581856, 0.106374591589, 0.0574576221406, 0.0154253877699, 0.000635304371826, 3.93652153434e-05, 4.54883484053e-05],
        "min": [0.000730292464141, 0.00977046135813, 0.0438488163054, 0.148598700762, 0.0582364089787, 0.038830563426, 0.204646661878, 0.126483514905, 0.3234167099, 0.617428779602, 0.488554358482, 0.491676777601, 0.337819546461, 0.326386064291, 0.593356251717, 0.387117981911, 0.340566247702, 0.489222615957, 0.425069123507, 0.395634174347, 0.492061018944, 0.36403554678, 0.505428791046, 0.326353549957, 0.431677788496, 0.253963530064, 0.191653311253, 0.0929823592305, 0.111746482551, 0.0429846718907, 0.0353745222092, 0.0148884123191, 0.00215435703285, 0.000195065586013, 2.73158420896e-05, 1.19556689242e-05, 6.28830093774e-06, 1.85711849099e-06, 4.21887170887e-06, 4.8252477427e-06],
        "var": [0.572275817394, 11.1363697052, 38.3330535889, 90.6873397827, 341.706390381, 300.914764404, 1184.99255371, 2528.39282227, 1825.05395508, 9984.93945312, 31912.6367188, 6624.64892578, 1704.5201416, 10502.8066406, 1297.99975586, 2686.61474609, 1521.52624512, 1027.06884766, 1224.6932373, 1134.58947754, 1483.7010498, 1386.67333984, 876.025024414, 586.063842773, 809.885559082, 252.080551147, 109.543525696, 101.590049744, 249.834976196, 203.508972168, 123.140174866, 67.7685394287, 50.89610672, 15.7494020462, 2.98413991928, 0.243235126138, 0.00941183138639, 1.15495913633e-05, 1.02703028304e-08, 8.15611633787e-10]
    },
    "gfcc": {
        "mean": [27.2582530975, 102.564735413, -117.601280212, 40.7844161987, -61.4251747131, 12.6446418762, -34.4134712219, 18.0144824982, -18.6346149445, 3.4951171875, -18.1929588318, -4.28622198105, -14.8334331512],
        "cov": [[1303.47937012, -486.094055176, 18.5493202209, 130.14263916, -154.851745605, 113.796829224, -102.357017517, 11.7707691193, -125.511138916, -10.1876001358, -85.1413116455, 5.76091480255, -47.0356025696], [-486.094055176, 651.636962891, -242.363143921, -64.8899307251, 167.31111145, -192.445449829, 156.537811279, -56.223526001, 111.546211243, -14.8585891724, 116.626937866, -20.0942573547, 61.8968048096], [18.5493202209, -242.363143921, 525.760131836, 66.2751617432, -45.913444519, 108.455833435, -79.9488220215, 33.1229362488, -43.0681152344, 89.0025787354, -43.5383415222, 82.0323257446, -8.35868263245], [130.14263916, -64.8899307251, 66.2751617432, 245.743850708, 39.3074836731, 21.6664924622, 10.4242963791, -15.4755220413, 24.7270107269, 2.48624753952, 28.4877643585, 38.589641571, 58.7867050171], [-154.851745605, 167.31111145, -45.913444519, 39.3074836731, 231.761367798, -24.7189426422, 104.270935059, 19.0922470093, 34.9854354858, 38.6336479187, 33.1760177612, 45.2287712097, 22.3948345184], [113.796829224, -192.445449829, 108.455833435, 21.6664924622, -24.7189426422, 251.200317383, 28.7015132904, 19.489982605, -40.2824707031, -3.17958426476, -7.62021446228, -16.629026413, -9.64203834534], [-102.357017517, 156.537811279, -79.9488220215, 10.4242963791, 104.270935059, 28.7015132904, 191.395446777, 14.6864767075, 44.4275398254, 9.51557922363, 28.3456821442, 3.33465361595, 0.434860616922], [11.7707691193, -56.223526001, 33.1229362488, -15.4755220413, 19.0922470093, 19.489982605, 14.6864767075, 134.279678345, 64.0370788574, 14.4190740585, -15.9346342087, -13.1637830734, -5.73377656937], [-125.511138916, 111.546211243, -43.0681152344, 24.7270107269, 34.9854354858, -40.2824707031, 44.4275398254, 64.0370788574, 167.789459229, 21.7070579529, 24.3617515564, -4.60880851746, 11.382437706], [-10.1876001358, -14.8585891724, 89.0025787354, 2.48624753952, 38.6336479187, -3.17958426476, 9.51557922363, 14.4190740585, 21.7070579529, 104.569923401, 22.7207889557, 41.1305160522, -4.92458534241], [-85.1413116455, 116.626937866, -43.5383415222, 28.4877643585, 33.1760177612, -7.62021446228, 28.3456821442, -15.9346342087, 24.3617515564, 22.7207889557, 114.194488525, 22.1052532196, 45.6087875366], [5.76091480255, -20.0942573547, 82.0323257446, 38.589641571, 45.2287712097, -16.629026413, 3.33465361595, -13.1637830734, -4.60880851746, 41.1305160522, 22.1052532196, 116.993965149, 23.9133014679], [-47.0356025696, 61.8968048096, -8.35868263245, 58.7867050171, 22.3948345184, -9.64203834534, 0.434860616922, -5.73377656937, 11.382437706, -4.92458534241, 45.6087875366, 23.9133014679, 100.642654419]],
        "icov": [[0.00135370658245, 0.000325450993842, 0.000934644252993, -0.00132031412795, 0.000981799908914, -0.000321609230014, 0.000177092122613, -0.000904079643078, 0.00121229002252, -0.000973093847279, 0.000690702465363, -0.000632540904917, 0.000632350798696], [0.000325450993842, 0.00886510405689, -0.0018340984825, 0.00482432451099, -0.00461915973574, 0.0059374505654, -0.00526960380375, 0.00649713352323, -0.00482252147049, 0.0043808342889, -0.00596447847784, 0.00492420978844, -0.00398804200813], [0.000934644252993, -0.0018340984825, 0.00490831909701, -0.00317429169081, 0.00272748921998, -0.00314003764652, 0.00257132016122, -0.00332696037367, 0.00281813531183, -0.00496789626777, 0.00370294810273, -0.00382981193252, 0.00138829578646], [-0.00132031412795, 0.00482432451099, -0.00317429169081, 0.00985922943801, -0.00479706516489, 0.00317509914748, -0.00315222074278, 0.00640921713784, -0.00586219178513, 0.00502300076187, -0.00435424549505, 0.00297100446187, -0.00568014895543], [0.000981799908914, -0.00461915973574, 0.00272748921998, -0.00479706516489, 0.0105820791796, -0.0026850590948, -0.00051461084513, -0.00583416549489, 0.00456296652555, -0.00555351516232, 0.00411113770679, -0.00534048257396, 0.00200421363115], [-0.000321609230014, 0.0059374505654, -0.00314003764652, 0.00317509914748, -0.0026850590948, 0.00975097343326, -0.0058644162491, 0.00341813825071, -0.00175256154034, 0.00412771105766, -0.00535342330113, 0.00518253166229, -0.00257077231072], [0.000177092122613, -0.00526960380375, 0.00257132016122, -0.00315222074278, -0.00051461084513, -0.0058644162491, 0.0117539707571, -0.00373340211809, 0.0013490623096, -0.00281381397508, 0.00299958907999, -0.00337169109844, 0.00381918391213], [-0.000904079643078, 0.00649713352323, -0.00332696037367, 0.00640921713784, -0.00583416549489, 0.00341813825071, -0.00373340211809, 0.0168164968491, -0.00979576166719, 0.00396525999531, -0.00298395589925, 0.00583721837029, -0.00457130838186], [0.00121229002252, -0.00482252147049, 0.00281813531183, -0.00586219178513, 0.00456296652555, -0.00175256154034, 0.0013490623096, -0.00979576166719, 0.0137132545933, -0.00556039763615, 0.00271683535539, -0.00272302911617, 0.00303636561148], [-0.000973093847279, 0.0043808342889, -0.00496789626777, 0.00502300076187, -0.00555351516232, 0.00412771105766, -0.00281381397508, 0.00396525999531, -0.00556039763615, 0.0188202466816, -0.00803768541664, 0.000477551453514, 0.000452400185168], [0.000690702465363, -0.00596447847784, 0.00370294810273, -0.00435424549505, 0.00411113770679, -0.00535342330113, 0.00299958907999, -0.00298395589925, 0.00271683535539, -0.00803768541664, 0.01813127473, -0.00497115263715, -0.00250472244807], [-0.000632540904917, 0.00492420978844, -0.00382981193252, 0.00297100446187, -0.00534048257396, 0.00518253166229, -0.00337169109844, 0.00583721837029, -0.00272302911617, 0.000477551453514, -0.00497115263715, 0.0162949431688, -0.00463321246207], [0.000632350798696, -0.00398804200813, 0.00138829578646, -0.00568014895543, 0.00200421363115, -0.00257077231072, 0.00381918391213, -0.00457130838186, 0.00303636561148, 0.000452400185168, -0.00250472244807, -0.00463321246207, 0.0170630216599]]
    },
    "melbands": {
        "dmean": [0.00276032392867, 0.001604760997, 0.00108903786168, 0.000640412676148, 0.000374742667191, 0.000319598708302, 0.000249254109804, 0.000324862252455, 0.000412986148149, 0.000157436152222, 8.13588558231e-05, 0.000114935421152, 4.71180937893e-05, 3.8541325921e-05, 2.79778469121e-05, 2.77082253888e-05, 2.10966027225e-05, 2.30139157793e-05, 1.86416491488e-05, 1.86490924534e-05, 1.79580365511e-05, 1.3444506294e-05, 1.10196642709e-05, 1.19466603792e-05, 7.24084429748e-06, 1.23411864479e-05, 6.55570556773e-06, 5.44087697563e-06, 3.96967516281e-06, 2.79008554571e-06, 3.11206554215e-06, 3.88549824493e-06, 3.43637520928e-06, 2.39715382122e-06, 1.7689779952e-06, 1.69291843122e-06, 1.19740172977e-06, 9.9930309716e-07, 7.89692080616e-07, 6.10488825714e-07],
        "dmean2": [0.00423690536991, 0.00248119491152, 0.00189310056157, 0.00116123969201, 0.000598559679929, 0.000513207691256, 0.000394384638639, 0.000499318470247, 0.000629952643067, 0.000239213957684, 0.000121978526295, 0.000170373852598, 7.25007557776e-05, 5.88964649069e-05, 4.25438847742e-05, 4.36291666119e-05, 3.2702639146e-05, 3.65956875612e-05, 2.81058473774e-05, 2.9387025279e-05, 2.86656159005e-05, 2.00258018594e-05, 1.70788025571e-05, 1.86748075066e-05, 1.14036029117e-05, 1.89451420738e-05, 1.03442516775e-05, 8.90051433089e-06, 6.30231170362e-06, 4.61717127109e-06, 5.31440355189e-06, 6.48921559332e-06, 5.85048337598e-06, 3.81469612876e-06, 2.81042821371e-06, 2.75044362752e-06, 1.80212396117e-06, 1.43993736401e-06, 1.14144222607e-06, 9.0244770945e-07],
        "dvar": [3.39563266607e-05, 5.48632533537e-06, 3.67359689335e-06, 1.99110172616e-06, 3.54862635277e-07, 4.08914672789e-07, 1.88884101249e-07, 3.06446537479e-07, 7.18458124993e-07, 1.19861994108e-07, 2.65349928696e-08, 7.78653017619e-08, 1.25071659696e-08, 9.32817734167e-09, 5.77209391395e-09, 3.56095020138e-09, 1.98303551358e-09, 1.30397215248e-09, 2.11058037713e-09, 1.00689467875e-09, 1.42674416725e-09, 6.3313831955e-10, 3.39635347624e-10, 6.36059704906e-10, 1.75220823961e-10, 3.50215689782e-10, 1.02955352577e-10, 6.20959533792e-11, 4.21064016987e-11, 2.2360819793e-11, 3.98967837933e-11, 7.90243911974e-11, 6.53439316545e-11, 3.7298025779e-11, 2.7316898743e-11, 1.75641619304e-11, 1.29781107736e-11, 1.23203530711e-11, 6.02479177658e-12, 2.89954670517e-12],
        "dvar2": [7.51853585825e-05, 1.25674150695e-05, 9.77219497145e-06, 5.52253777641e-06, 9.01974487988e-07, 1.06549180146e-06, 4.0595750761e-07, 7.02760985405e-07, 1.75096545263e-06, 2.69042942591e-07, 5.77481529263e-08, 1.68728988115e-07, 2.59419881132e-08, 2.15000284243e-08, 1.1375532516e-08, 8.39326386171e-09, 4.42561542968e-09, 3.13186121481e-09, 3.90181176257e-09, 2.35626118616e-09, 3.38748584738e-09, 1.41802125597e-09, 7.11949055265e-10, 1.48976608827e-09, 3.85797033209e-10, 7.33596738911e-10, 2.34945368716e-10, 1.41275824372e-10, 9.78105027527e-11, 5.85633139205e-11, 1.03362263193e-10, 2.11962378205e-10, 1.58417529095e-10, 8.57155943446e-11, 6.44120312643e-11, 4.47620343569e-11, 2.65848384973e-11, 2.60896131088e-11, 1.26010833712e-11, 6.10056102857e-12],
        "max": [0.0330226048827, 0.023484710604, 0.0156053835526, 0.00869869720191, 0.0078478064388, 0.0074071418494, 0.0071323858574, 0.00814061705023, 0.00970159098506, 0.00493722176179, 0.00238979607821, 0.0036156217102, 0.00247101834975, 0.00180278113112, 0.001798318699, 0.000830357603263, 0.000793683517259, 0.000468275829917, 0.00145955220796, 0.000431110180216, 0.000648153247312, 0.000500556721818, 0.000282561144559, 0.000475109409308, 0.000301438674796, 0.000240253328229, 0.000180028131581, 9.04146581888e-05, 7.94591906015e-05, 3.56234013452e-05, 8.71882439242e-05, 0.000127564475406, 0.00017385193496, 0.000111079672934, 9.31102476898e-05, 7.23992779967e-05, 7.04672129359e-05, 5.57992279937e-05, 3.96571704186e-05, 2.72708130069e-05],
        "mean": [0.00274863792583, 0.00351781211793, 0.00155111565255, 0.000617194513325, 0.000687092775479, 0.00055555079598, 0.000429894134868, 0.00066695024725, 0.00076472107321, 0.000256841594819, 0.000135384660098, 0.00019638511003, 7.48856036807e-05, 6.28045236226e-05, 4.74312982988e-05, 4.23948113166e-05, 3.26981207763e-05, 3.92465663026e-05, 3.10270879709e-05, 3.313968773e-05, 3.21414372593e-05, 2.61259247054e-05, 1.94458971237e-05, 1.98671659746e-05, 1.20060649351e-05, 2.03821255127e-05, 1.15871325761e-05, 9.26247867028e-06, 5.9696885728e-06, 3.6227597775e-06, 3.46568799614e-06, 4.29566352977e-06, 4.08700861954e-06, 3.30572288476e-06, 2.663136911e-06, 2.2773810997e-06, 1.77388949396e-06, 1.64164578109e-06, 1.40992949582e-06, 1.0385170981e-06],
        "median": [0.00072533643106, 0.00298266555183, 0.00101441470906, 0.000214175946894, 0.000312010030029, 0.000174682194483, 0.000189060840057, 0.00027239555493, 0.000185336146387, 0.000110635199235, 6.24305030215e-05, 4.64823933726e-05, 3.52924871549e-05, 3.06727088173e-05, 1.83625579666e-05, 1.49463985508e-05, 1.42804337884e-05, 1.94755812117e-05, 1.76521243702e-05, 1.58025577548e-05, 1.88507892744e-05, 1.33370631374e-05, 1.06493262138e-05, 8.63030436449e-06, 6.17052728558e-06, 1.15717502922e-05, 7.38248718335e-06, 5.50699360247e-06, 3.32443323714e-06, 1.84942200576e-06, 1.20711627005e-06, 1.26935515254e-06, 1.06733136818e-06, 1.01771831851e-06, 8.04682656508e-07, 7.95128755726e-07, 3.89545988355e-07, 2.86261666815e-07, 2.87785326236e-07, 1.85853636481e-07],
        "min": [3.76029288418e-06, 2.01057573577e-05, 3.39192301908e-05, 4.64048389404e-06, 5.43456235391e-06, 2.62689241026e-06, 3.78432150683e-06, 5.8646069192e-06, 2.41367524723e-06, 2.3080392566e-06, 9.28747738271e-07, 1.21400648823e-06, 1.91115373127e-06, 8.07783749224e-07, 5.60999865229e-07, 5.75494823352e-07, 6.08358050158e-07, 4.23283097462e-07, 2.67673812004e-07, 5.20078458521e-07, 3.71137275579e-07, 3.53913435447e-07, 1.46573029269e-07, 3.3946895428e-07, 1.49118363879e-07, 3.05397463762e-07, 2.40882030766e-07, 9.46751086417e-08, 6.69562254529e-08, 3.73854014413e-08, 3.65224295251e-08, 4.4353146933e-08, 3.11373185014e-08, 1.62235647139e-08, 1.61003299581e-08, 1.5203452719e-08, 2.32376384801e-09, 3.85744179654e-11, 2.52759662159e-12, 1.60221391276e-13],
