{
"highlevel": {
    "danceability": {
        "all": {
            "danceable": 0.989396452904,
            "not_danceable": 0.010603569448
        },
        "probability": 0.989396452904,
        "value": "danceable"
    },
    "gender": {
        "all": {
            "female": 0.587780892849,
            "male": 0.412219107151
        },
        "probability": 0.587780892849,
        "value": "female"
    },
    "genre_dortmund": {
        "all": {
            "alternative": 0.0953978449106,
            "blues": 0.122493110597,
            "electronic": 0.0379555299878,
            "folkcountry": 0.168964862823,
            "funksoulrnb": 0.0233388841152,
            "jazz": 0.0810878276825,
            "pop": 0.114900171757,
            "raphiphop": 0.0684264749289,
            "rock": 0.287435293198
        },
        "probability": 0.287435293198,
        "value": "rock"
    },
    "genre_electronic": {
        "all": {
            "ambient": 0.48081317544,
            "dnb": 0.121804282069,
            "house": 0.176754951477,
            "techno": 0.0202726386487,
            "trance": 0.200354933739
        },
        "probability": 0.48081317544,
        "value": "ambient"
    },
    "genre_rosamerica": {
        "all": {
            "cla": 0.0110642528161,
            "dan": 0.0879295393825,
            "hip": 0.13402800262,
            "jaz": 0.01336243283,
            "pop": 0.350903302431,
            "rhy": 0.230410918593,
            "roc": 0.15455442667,
            "spe": 0.0177471321076
        },
        "probability": 0.350903302431,
        "value": "pop"
    },
    "genre_tzanetakis": {
        "all": {
            "blu": 0.0626613423228,
            "cla": 0.0348169617355,
            "cou": 0.104475811124,
            "dis": 0.0784321576357,
            "hip": 0.15692435205,
            "jaz": 0.313974827528,
            "met": 0.0448166541755,
            "pop": 0.0627359300852,
            "reg": 0.0627360641956,
            "roc": 0.0784258767962
        },
        "probability": 0.313974827528,
        "value": "jaz"
    },
    "ismir04_rhythm": {
        "all": {
            "ChaChaCha": 0.187902346253,
            "Jive": 0.117658764124,
            "Quickstep": 0.0529336072505,
            "Rumba-American": 0.0253184903413,
            "Rumba-International": 0.221500977874,
            "Rumba-Misc": 0.0573300123215,
            "Samba": 0.19640737772,
            "Tango": 0.0353474728763,
            "VienneseWaltz": 0.0769386067986,
            "Waltz": 0.0286623630673
        },
        "probability": 0.221500977874,
        "value": "Rumba-International"
    },
    "mood_acoustic": {
        "all": {
            "acoustic": 0.525391995907,
            "not_acoustic": 0.474608004093
        },
        "probability": 0.525391995907,
        "value": "acoustic"
    },
    "mood_aggressive": {
        "all": {
            "aggressive": 0.0383727326989,
            "not_aggressive": 0.961627244949
        },
        "probability": 0.961627244949,
        "value": "not_aggressive"
    },
    "mood_electronic": {
        "all": {
            "electronic": 0.642915964127,
            "not_electronic": 0.357084035873
        },
        "probability": 0.642915964127,
        "value": "electronic"
    },
    "mood_happy": {
        "all": {
            "happy": 0.922666430473,
            "not_happy": 0.0773335918784
        },
        "probability": 0.922666430473,
        "value": "happy"
    },
    "mood_party": {
        "all": {
            "not_party": 0.896760046482,
            "party": 0.103239960968
        },
        "probability": 0.896760046482,
        "value": "not_party"
    },
    "mood_relaxed": {
        "all": {
            "not_relaxed": 0.551985144615,
            "relaxed": 0.448014885187
        },
        "probability": 0.551985144615,
        "value": "not_relaxed"
    },
    "mood_sad": {
        "all": {
            "not_sad": 0.565291881561,
            "sad": 0.434708118439
        },
        "probability": 0.565291881561,
        "value": "not_sad"
    },
    "moods_mirex": {
        "all": {
            "Cluster1": 0.187801659107,
            "Cluster2": 0.442430526018,
            "Cluster3": 0.191642910242,
            "Cluster4": 0.145220816135,
            "Cluster5": 0.032904099673
        },
        "probability": 0.442430526018,
        "value": "Cluster2"
    },
    "timbre": {
        "all": {
            "bright": 0.990395903587,
            "dark": 0.00960407685488
        },
        "probability": 0.990395903587,
        "value": "bright"
    },
    "tonal_atonal": {
        "all": {
            "atonal": 0.0630836933851,
            "tonal": 0.936916291714
        },
        "probability": 0.936916291714,
        "value": "tonal"
    },
    "voice_instrumental": {
        "all": {
            "instrumental": 0.00425772927701,
            "voice": 0.99574226141
        },
        "probability": 0.99574226141,
        "value": "voice"
    }
},
"lowlevel": {
    "average_loudness": 0.986485004425,
    "barkbands_crest": {
        "dmean": 3.18450331688,
        "dmean2": 4.98446321487,
        "dvar": 8.3835144043,
        "dvar2": 19.0064563751,
        "max": 25.0490093231,
        "mean": 13.1207323074,
        "median": 12.4582624435,
        "min": 3.94330263138,
        "var": 19.8296508789
    },
    "barkbands_flatness_db": {
        "dmean": 0.0301879048347,
        "dmean2": 0.0424947626889,
        "dvar": 0.000756778288633,
        "dvar2": 0.00166160089429,
        "max": 0.390172898769,
        "mean": 0.19914701581,
        "median": 0.193735048175,
        "min": 0.0616831257939,
        "var": 0.00261117657647
    },
    "barkbands_kurtosis": {
        "dmean": 6.42755651474,
        "dmean2": 9.79062652588,
        "dvar": 155.567687988,
        "dvar2": 385.097747803,
        "max": 221.488586426,
        "mean": 9.1690568924,
        "median": 4.44094228745,
        "min": -1.68066298962,
        "var": 216.069076538
    },
    "barkbands_skewness": {
        "dmean": 0.805288493633,
        "dmean2": 1.15188407898,
        "dvar": 0.825025260448,
        "dvar2": 1.71059393883,
        "max": 13.0400304794,
        "mean": 2.27616715431,
        "median": 1.99654781818,
        "min": -0.427249282598,
        "var": 2.3317835331
    },
    "barkbands_spread": {
        "dmean": 4.67791366577,
        "dmean2": 7.05258321762,
        "dvar": 32.8827934265,
        "dvar2": 76.5727539062,
        "max": 69.5165710449,
        "mean": 14.5667057037,
        "median": 13.625377655,
        "min": 1.33862388134,
        "var": 75.9918518066
    },
    "dissonance": {
        "dmean": 0.028097672388,
        "dmean2": 0.0462258383632,
        "dvar": 0.000605195644312,
        "dvar2": 0.00157944567036,
        "max": 0.499511122704,
        "mean": 0.443229138851,
        "median": 0.450169235468,
        "min": 0.243529826403,
        "var": 0.00135241413955
    },
    "dynamic_complexity": 1.73392105103,
    "erbbands_crest": {
        "dmean": 3.03933095932,
        "dmean2": 4.76641893387,
        "dvar": 7.12647151947,
        "dvar2": 16.3164615631,
        "max": 29.2590293884,
        "mean": 9.82725143433,
        "median": 9.07000160217,
        "min": 2.74946093559,
        "var": 18.0625324249
    },
    "erbbands_flatness_db": {
        "dmean": 0.0263631045818,
        "dmean2": 0.0351371690631,
        "dvar": 0.000597175385337,
        "dvar2": 0.00100225349888,
        "max": 0.341207385063,
        "mean": 0.162796229124,
        "median": 0.164820879698,
        "min": 0.0596506036818,
        "var": 0.00224051135592
    },
    "erbbands_kurtosis": {
        "dmean": 1.13310444355,
        "dmean2": 1.80192172527,
        "dvar": 4.0285487175,
        "dvar2": 10.0712680817,
        "max": 31.9198570251,
        "mean": 0.574063897133,
        "median": 0.131719350815,
        "min": -1.78909850121,
        "var": 4.86900138855
    },
    "erbbands_skewness": {
        "dmean": 0.457230269909,
        "dmean2": 0.695950865746,
        "dvar": 0.186904430389,
        "dvar2": 0.441393911839,
        "max": 4.4215798378,
        "mean": 0.477805495262,
        "median": 0.464491397142,
        "min": -3.13259387016,
        "var": 0.518132090569
    },
    "erbbands_spread": {
        "dmean": 11.2698078156,
        "dmean2": 16.2324848175,
        "dvar": 191.067718506,
        "dvar2": 374.491851807,
        "max": 161.545318604,
        "mean": 38.5890159607,
        "median": 32.2190361023,
        "min": 4.30020332336,
        "var": 589.993103027
    },
    "hfc": {
        "dmean": 8.51098442078,
        "dmean2": 12.4937944412,
        "dvar": 88.5624694824,
        "dvar2": 207.792572021,
        "max": 72.8655319214,
        "mean": 21.714384079,
        "median": 19.5666828156,
        "min": 0.679042518139,
        "var": 187.290206909
    },
    "melbands_crest": {
        "dmean": 3.78213357925,
        "dmean2": 5.9063706398,
        "dvar": 11.2718038559,
        "dvar2": 26.0924911499,
        "max": 31.692243576,
        "mean": 16.2233257294,
        "median": 15.4473171234,
        "min": 5.25870132446,
        "var": 25.9022254944
    },
    "melbands_flatness_db": {
        "dmean": 0.0371244139969,
        "dmean2": 0.050532925874,
        "dvar": 0.00117190845776,
        "dvar2": 0.00248734722845,
        "max": 0.522095620632,
        "mean": 0.27689409256,
        "median": 0.270581930876,
        "min": 0.0977622792125,
        "var": 0.00446755206212
    },
    "melbands_kurtosis": {
        "dmean": 16.4398708344,
        "dmean2": 24.953710556,
        "dvar": 1212.94970703,
        "dvar2": 2726.66333008,
        "max": 484.593322754,
        "mean": 25.1601600647,
        "median": 12.1095714569,
        "min": -0.990046024323,
        "var": 1789.9798584
    },
    "melbands_skewness": {
        "dmean": 1.13228869438,
        "dmean2": 1.62188160419,
        "dvar": 1.84910261631,
        "dvar2": 3.66983222961,
        "max": 17.980840683,
        "mean": 3.38838148117,
        "median": 2.88851332664,
        "min": -0.331712543964,
        "var": 5.16852378845
    },
    "melbands_spread": {
        "dmean": 4.39796304703,
        "dmean2": 6.3698015213,
        "dvar": 23.1888542175,
        "dvar2": 48.8278121948,
        "max": 58.8206558228,
        "mean": 12.994559288,
        "median": 11.2706270218,
        "min": 0.728081583977,
        "var": 67.3406448364
    },
    "pitch_salience": {
        "dmean": 0.0864902213216,
        "dmean2": 0.133670896292,
        "dvar": 0.0064809108153,
        "dvar2": 0.0144727416337,
        "max": 0.801634967327,
        "mean": 0.471734493971,
        "median": 0.464395582676,
        "min": 0.144244343042,
        "var": 0.013952977024
    },
    "silence_rate_20dB": {
        "dmean": 0,
        "dmean2": 0,
        "dvar": 0,
        "dvar2": 0,
        "max": 1,
        "mean": 1,
        "median": 1,
        "min": 1,
        "var": 0
    },
    "silence_rate_30dB": {
        "dmean": 0.0928792580962,
        "dmean2": 0.185902401805,
        "dvar": 0.0842531770468,
        "dvar2": 0.180777981877,
        "max": 1,
        "mean": 0.921113669872,
        "median": 1,
        "min": 0,
        "var": 0.0726636350155
    },
    "silence_rate_60dB": {
        "dmean": 0.0030959751457,
        "dmean2": 0.00619674660265,
        "dvar": 0.00308636971749,
        "dvar2": 0.00770751992241,
        "max": 1,
        "mean": 0.00232018553652,
        "median": 0,
        "min": 0,
        "var": 0.00231479853392
    },
    "spectral_centroid": {
        "dmean": 207.017990112,
        "dmean2": 313.798522949,
        "dvar": 49767.9140625,
        "dvar2": 123899.398438,
        "max": 2528.39331055,
        "mean": 846.29107666,
        "median": 811.53326416,
        "min": 213.225769043,
        "var": 122271.046875
    },
    "spectral_complexity": {
        "dmean": 4.06114530563,
        "dmean2": 6.15414428711,
        "dvar": 19.4274520874,
        "dvar2": 45.7634162903,
        "max": 47,
        "mean": 16.4408359528,
        "median": 16,
        "min": 4,
        "var": 45.3107223511
    },
    "spectral_decrease": {
        "dmean": 6.08068395636e-09,
        "dmean2": 9.30115184872e-09,
        "dvar": 6.61797098729e-17,
        "dvar2": 1.52617734692e-16,
        "max": -3.03767816456e-10,
        "mean": -1.47611860513e-08,
        "median": -1.30303847712e-08,
        "min": -6.69812010301e-08,
        "var": 8.13575741408e-17
    },
    "spectral_energy": {
        "dmean": 0.023559609428,
        "dmean2": 0.0359413139522,
        "dvar": 0.000978944241069,
        "dvar2": 0.00226413505152,
        "max": 0.255764842033,
        "mean": 0.0576815679669,
        "median": 0.0509717352688,
        "min": 0.00121517607477,
        "var": 0.00121109746397
    },
    "spectral_energyband_high": {
        "dmean": 0.000369243323803,
        "dmean2": 0.000554467434995,
        "dvar": 2.96512155273e-07,
        "dvar2": 6.40225550796e-07,
        "max": 0.00613037403673,
        "mean": 0.000507669290528,
        "median": 0.000169786406332,
        "min": 6.22891718649e-07,
        "var": 5.67213476188e-07
    },
    "spectral_energyband_low": {
        "dmean": 0.0175151377916,
        "dmean2": 0.0264279544353,
        "dvar": 0.000815437699202,
        "dvar2": 0.00183062138967,
        "max": 0.238186523318,
        "mean": 0.034394223243,
        "median": 0.0288673769683,
        "min": 2.47354364546e-05,
        "var": 0.000954630493652
    },
    "spectral_energyband_middle_high": {
        "dmean": 0.00226845080033,
        "dmean2": 0.00322979316115,
        "dvar": 6.1700857259e-06,
        "dvar2": 1.25918950289e-05,
        "max": 0.0288376025856,
        "mean": 0.00537184765562,
        "median": 0.00422290479764,
        "min": 7.12227702024e-05,
        "var": 2.383777246e-05
    },
    "spectral_energyband_middle_low": {
        "dmean": 0.00962750427425,
        "dmean2": 0.0158833749592,
        "dvar": 0.000167503356352,
        "dvar2": 0.00045074953232,
        "max": 0.103810049593,
        "mean": 0.0188795626163,
        "median": 0.0161553602666,
        "min": 0.000519926194102,
        "var": 0.000199247006094
    },
    "spectral_entropy": {
        "dmean": 0.282671391964,
        "dmean2": 0.3926037848,
        "dvar": 0.071182616055,
        "dvar2": 0.133122295141,
        "max": 8.43379306793,
        "mean": 7.1837553978,
        "median": 7.14941549301,
        "min": 5.33865213394,
        "var": 0.240388706326
    },
    "spectral_flux": {
        "dmean": 0.0498808585107,
        "dmean2": 0.07812730968,
        "dvar": 0.00301856617443,
        "dvar2": 0.00622210418805,
        "max": 0.4297542274,
        "mean": 0.124141439795,
        "median": 0.104496032,
        "min": 0.0153414625674,
        "var": 0.00483533460647
    },
    "spectral_kurtosis": {
        "dmean": 3.19134926796,
        "dmean2": 4.90311956406,
        "dvar": 14.0955305099,
        "dvar2": 34.095123291,
        "max": 50.3426933289,
        "mean": 7.18588590622,
        "median": 6.10712051392,
        "min": -1.06713950634,
        "var": 30.3660736084
    },
    "spectral_rms": {
        "dmean": 0.00148396589793,
        "dmean2": 0.00220230408013,
        "dvar": 3.00021406474e-06,
        "dvar2": 6.60671730657e-06,
        "max": 0.0157964136451,
        "mean": 0.00719477422535,
        "median": 0.00705184508115,
        "min": 0.00108882400673,
        "var": 4.51000505564e-06
    },
    "spectral_rolloff": {
        "dmean": 287.231048584,
        "dmean2": 474.263641357,
        "dvar": 352430.375,
        "dvar2": 776047,
        "max": 6998.29101562,
        "mean": 667.278686523,
        "median": 495.263671875,
        "min": 64.599609375,
        "var": 426209.0625
    },
    "spectral_skewness": {
        "dmean": 0.38618183136,
        "dmean2": 0.5745241642,
        "dvar": 0.145392224193,
        "dvar2": 0.31736972928,
        "max": 5.42721796036,
        "mean": 2.05949544907,
        "median": 2.01936411858,
        "min": 0.320154577494,
        "var": 0.437569499016
    },
    "spectral_spread": {
        "dmean": 1084928.125,
        "dmean2": 1468649.75,
        "dvar": 1.65114662093e+12,
        "dvar2": 3.02905583206e+12,
        "max": 19908478,
        "mean": 4583598.5,
        "median": 3951962.5,
        "min": 1262056.5,
        "var": 4.88903226163e+12
    },
    "spectral_strongpeak": {
        "dmean": 0.377989202738,
        "dmean2": 0.664544701576,
        "dvar": 0.504673659801,
        "dvar2": 1.26841700077,
        "max": 5.90207242966,
        "mean": 0.648954033852,
        "median": 0.450772643089,
        "min": 0.0441238433123,
        "var": 0.536885082722
    },
    "zerocrossingrate": {
        "dmean": 0.00820252019912,
        "dmean2": 0.00995889492333,
        "dvar": 8.71479132911e-05,
        "dvar2": 0.000123278688989,
        "max": 0.17431640625,
        "mean": 0.0335822701454,
        "median": 0.0302734375,
        "min": 0.00390625,
        "var": 0.000368629174773
    },
    "barkbands": {
        "dmean": [0.000577495025937, 0.0146716078743, 0.00393724068999, 0.00197205832228, 0.00499115791172, 0.0014236047864, 0.0020795960445, 0.00169962202199, 0.0014873201726, 0.000588256923947, 0.000498000357766, 0.000379439967219, 0.00033831546898, 0.000688249361701, 0.000404592457926, 0.000242022957536, 0.000212634928175, 0.000166827725479, 9.67397427303e-05, 7.55801665946e-05, 6.63754035486e-05, 7.42332267691e-05, 7.52154010115e-05, 6.91794120939e-05, 7.23380362615e-05, 3.25228866132e-05, 1.54975889899e-08],
        "dmean2": [0.000952160044108, 0.0222695805132, 0.00700608547777, 0.00336781213991, 0.00885910261422, 0.00230741989799, 0.00307374447584, 0.00262442743406, 0.0022300593555, 0.000897145771887, 0.000732026412152, 0.000613334181253, 0.000522404443473, 0.0010115983896, 0.000635271484498, 0.000360293634003, 0.000323700747686, 0.000261103152297, 0.000147229526192, 0.000121591365314, 0.000106548402982, 0.000116687828267, 0.000116524126497, 0.000110209170089, 0.000112437192001, 5.22371301486e-05, 2.59502126454e-08],
        "dvar": [1.46677507473e-06, 0.000646976463031, 5.49241740373e-05, 8.94298955245e-06, 8.58069979586e-05, 4.65378252557e-06, 9.26146367419e-06, 1.15184948299e-05, 6.47971410217e-06, 1.41253076436e-06, 1.38349696499e-06, 5.01808642639e-07, 3.85615123832e-07, 1.36836888487e-06, 8.87898295332e-07, 2.61606459162e-07, 1.11145936899e-07, 5.53181713769e-08, 2.49679814601e-08, 1.56287800479e-08, 1.41029179446e-08, 1.64989906182e-08, 1.60038631236e-08, 1.33001858416e-08, 1.57813957458e-08, 4.66274086008e-09, 2.20534243536e-14],
        "dvar2": [3.46580759469e-06, 0.0014561265707, 0.000155755085871, 2.32587426581e-05, 0.000239045853959, 1.11973004095e-05, 1.896690992e-05, 2.40152112383e-05, 1.29936961457e-05, 3.07053869619e-06, 2.69974179901e-06, 1.21318021229e-06, 8.7902657242e-07, 2.91870196634e-06, 2.15315321839e-06, 5.17430862601e-07, 2.4309738933e-07, 1.30742336069e-07, 5.93063234078e-08, 3.79034581499e-08, 3.30721974251e-08, 3.95518462426e-08, 3.52462556918e-08, 3.0864839573e-08, 3.43155548421e-08, 1.09055751096e-08, 4.25240626132e-14],
        "max": [0.00947558507323, 0.206122815609, 0.0640108883381, 0.0377896726131, 0.0759065598249, 0.0242919810116, 0.0397139526904, 0.0354191958904, 0.032039090991, 0.0200391598046, 0.0212158113718, 0.00754830380902, 0.00928339269012, 0.0188742652535, 0.012820222415, 0.0071207722649, 0.00527756335214, 0.00239127827808, 0.00183000264224, 0.00121220445726, 0.00145783636253, 0.00226148520596, 0.00164000096265, 0.00164086581208, 0.00184078956954, 0.000878091901541, 3.55672864316e-06],
        "mean": [0.0006197214243, 0.0272874180228, 0.00511284545064, 0.00250473339111, 0.00585343921557, 0.00228913524188, 0.00359578430653, 0.00225309049711, 0.00221565761603, 0.000868993694894, 0.00073603814235, 0.00050303543685, 0.000509300967678, 0.00109664723277, 0.000570525415242, 0.000394152244553, 0.000331729475874, 0.00024255446624, 0.000134306683321, 9.20039892662e-05, 6.61713638692e-05, 0.000104328915768, 9.8656717455e-05, 8.61599037307e-05, 8.3375365648e-05, 3.18759521178e-05, 1.10117541752e-08],
        "median": [0.000166637517395, 0.0221890695393, 0.00324784894474, 0.00147227500565, 0.00310592586175, 0.00135317386594, 0.0020665070042, 0.000673596223351, 0.000555154925678, 0.000295248872135, 0.000169666149304, 0.000209587466088, 0.00019759152201, 0.00031467928784, 0.000168228070834, 0.000151057727635, 0.000159347444423, 0.000116486771731, 6.60885998514e-05, 3.53232317138e-05, 1.00984498204e-05, 3.9590155211e-05, 2.50014672929e-05, 2.62903377006e-05, 1.55788075062e-05, 5.03055480294e-06, 1.05652608884e-09],
        "min": [3.56040914085e-07, 1.68382393895e-05, 8.31303850646e-07, 5.99760255682e-07, 5.81117419642e-05, 1.08352123789e-05, 5.40426162843e-06, 1.74446461187e-06, 2.12730265048e-06, 5.08944367539e-07, 6.75389458138e-07, 2.18777086047e-06, 1.02984790828e-06, 4.41793872596e-07, 5.22620325683e-07, 4.07306885108e-07, 1.91633731106e-07, 6.56599823401e-08, 1.45390515627e-07, 1.03624451242e-07, 2.94670670087e-08, 2.10063575423e-07, 1.1671697564e-07, 6.1769547699e-08, 2.85887971074e-08, 1.15430127678e-08, 1.03131791301e-11],
        "var": [1.39940630106e-06, 0.000725001795217, 4.25418475061e-05, 1.0652880519e-05, 6.68360444251e-05, 7.56204553909e-06, 2.15898417082e-05, 1.96535729629e-05, 1.50983223648e-05, 2.5789108804e-06, 3.83947008231e-06, 7.29370469799e-07, 6.64833862629e-07, 3.46488945979e-06, 1.42886995036e-06, 6.61645060518e-07, 2.06655727197e-07, 1.11573278616e-07, 3.65983332529e-08, 2.05502921347e-08, 1.76738357283e-08, 2.68436757267e-08, 3.04843617016e-08, 2.36757635719e-08, 2.81539378477e-08, 5.79030112746e-09, 1.70536006242e-14]
    },
    "erbbands": {
        "dmean": [0.527809262276, 3.1879632473, 4.93024587631, 5.44876241684, 7.72457933426, 19.8373241425, 22.4623603821, 10.8893146515, 20.8250083923, 44.0793685913, 30.0069789886, 36.3748474121, 19.9702377319, 17.0215301514, 19.9200668335, 12.1572589874, 13.9502630234, 32.1484451294, 27.1779785156, 15.8265695572, 12.0806398392, 11.6282777786, 9.96553516388, 4.16020011902, 5.19944524765, 3.31503820419, 2.66667032242, 2.57501220703, 2.64232993126, 2.58016872406, 2.25685954094, 1.53676199913, 1.14126515388, 0.849327623844, 0.482099682093, 0.208770394325, 0.0471922419965, 0.00439412333071, 9.26986103877e-05, 2.97565493383e-05],
        "dmean2": [0.817140817642, 5.1386756897, 8.86008071899, 9.37206840515, 13.2479496002, 35.5425453186, 39.3811645508, 17.3501052856, 32.2009925842, 66.1735076904, 45.8135223389, 55.0620765686, 30.1437587738, 24.999130249, 30.8528118134, 19.2423725128, 21.1339626312, 47.0095176697, 41.4676551819, 22.7583293915, 16.7779979706, 17.1795806885, 15.611369133, 6.38029813766, 7.91951274872, 5.27855300903, 4.13870000839, 4.21503591537, 4.20271444321, 4.06054973602, 3.53228378296, 2.41895413399, 1.8251298666, 1.34367394447, 0.752359211445, 0.328950464725, 0.0778320580721, 0.00748680345714, 0.000152129825437, 4.46891062893e-05],
        "dvar": [0.858109593391, 32.9312133789, 96.3591079712, 58.004486084, 133.498916626, 1432.58935547, 2042.89282227, 312.35723877, 1062.34399414, 5598.79882812, 3274.6237793, 4563.76025391, 1420.0255127, 803.93548584, 2025.61633301, 482.273712158, 601.251037598, 4007.00585938, 2430.04150391, 1163.18518066, 584.728881836, 291.592224121, 194.183746338, 40.8209609985, 68.8969345093, 31.3994903564, 26.8100242615, 20.3627967834, 23.1102027893, 19.7602939606, 15.7484970093, 6.36809539795, 3.93839716911, 2.31027245522, 0.796873688698, 0.179807260633, 0.0108031043783, 0.000112097666715, 4.13944896138e-08, 1.69439184905e-09],
        "dvar2": [1.82663106918, 83.5686569214, 276.61920166, 146.032043457, 357.710113525, 4040.27661133, 5605.37353516, 730.507507324, 2432.56420898, 11503.8105469, 6862.08447266, 9253.78125, 2885.78417969, 1588.85864258, 4589.6015625, 1111.66101074, 1251.52880859, 8061.44482422, 5822.16943359, 2324.72094727, 906.612976074, 587.779724121, 460.580322266, 94.7743911743, 161.636962891, 75.5961074829, 58.0703735352, 49.2585716248, 56.9719810486, 43.6184768677, 36.2541770935, 14.7119636536, 9.28057289124, 5.20870923996, 1.75832116604, 0.414870798588, 0.0256308000535, 0.000283562054392, 1.02201056507e-07, 3.95524857311e-09],
        "max": [6.4644036293, 47.9881439209, 82.2242050171, 111.192337036, 112.068603516, 333.731140137, 312.060180664, 210.397094727, 460.573699951, 844.772033691, 866.757446289, 635.260314941, 524.77746582, 551.848266602, 719.96673584, 347.122009277, 401.979888916, 1108.00585938, 533.836303711, 540.989257812, 489.335357666, 226.230575562, 139.439086914, 64.0015945435, 110.540359497, 50.5294151306, 84.5536956787, 46.9470367432, 87.9482955933, 54.7031059265, 48.1040763855, 36.5733909607, 32.9496383667, 17.966550827, 15.8087882996, 5.93785572052, 1.46188044548, 0.0959083139896, 0.00193482451141, 0.000297908525681],
        "mean": [0.857325196266, 5.80752658844, 6.53608083725, 8.07381248474, 10.860004425, 21.4082603455, 24.7151813507, 19.0063896179, 34.9366111755, 70.3997879028, 45.1157569885, 51.8525466919, 32.0532302856, 27.5474452972, 28.8548641205, 18.8707485199, 24.0821933746, 50.9332084656, 41.0617370605, 26.1213169098, 21.80037117, 20.4917812347, 15.6143980026, 6.37828111649, 7.31824541092, 4.03913497925, 2.88835549355, 2.60171294212, 3.5685005188, 3.67257285118, 2.8095202446, 1.93907904625, 1.36651086807, 0.959971606731, 0.549682736397, 0.216002359986, 0.0434195436537, 0.00360424723476, 0.000102973084722, 6.98004514561e-05],
        "median": [0.596427738667, 4.66215181351, 4.65519618988, 5.96786832809, 6.05672502518, 10.6628055573, 10.6486730576, 11.2569513321, 20.7119941711, 29.2562770844, 18.4514751434, 14.2049245834, 12.539639473, 11.7786493301, 9.89894485474, 8.97995853424, 10.9505357742, 15.5861349106, 15.8444652557, 9.03223133087, 8.9701128006, 9.87024021149, 8.40197944641, 3.56294083595, 3.38361644745, 1.68186593056, 0.55300784111, 0.496055543423, 1.28023481369, 1.3113604784, 0.64466971159, 0.583780109882, 0.375056892633, 0.165949255228, 0.112256661057, 0.0376824624836, 0.00624318607152, 0.000337954115821, 3.68044929928e-05, 5.96760837652e-05],
        "min": [0.000439388124505, 0.00224397564307, 0.00176867912523, 0.00756410788745, 0.040317889303, 0.247995406389, 0.157953321934, 0.164584562182, 0.247332125902, 0.198879599571, 0.106856957078, 0.121209256351, 0.072687253356, 0.0836195349693, 0.0837995409966, 0.105542734265, 0.0441400147974, 0.047842528671, 0.0859876051545, 0.031638648361, 0.0192128792405, 0.0134478071705, 0.00544940307736, 0.00681281276047, 0.00771360099316, 0.00513663934544, 0.00326717086136, 0.00326587283053, 0.00745367771015, 0.00324699725024, 0.0028634890914, 0.00188632227946, 0.000680818571709, 0.000416974537075, 9.60143806878e-05, 3.45562766597e-05, 2.45950632234e-05, 2.13064663512e-06, 1.32388595375e-06, 1.44436057781e-06],
        "var": [0.955074369907, 32.0870094299, 64.8490219116, 74.0440750122, 158.916091919, 1080.74450684, 1582.75231934, 566.345825195, 2002.08679199, 11756.6435547, 6291.99414062, 9456.02441406, 2731.078125, 2095.51196289, 3896.99584961, 933.127807617, 1279.2800293, 10016.0878906, 4077.09985352, 3143.6315918, 1942.86132812, 749.813537598, 396.746337891, 62.7185249329, 110.229469299, 38.6754226685, 44.6381187439, 21.9992141724, 33.2446060181, 39.2896194458, 26.1832828522, 11.1763534546, 6.92464542389, 3.66299152374, 1.40275073051, 0.25464835763, 0.0118696540594, 9.42391416174e-05, 3.84357257133e-08, 2.0235473297e-09]
    },
    "gfcc": {
        "mean": [11.5050706863, 123.594474792, -95.0224533081, 32.1501731873, -49.5931892395, 25.0915203094, -41.3284263611, 16.3190994263, -11.238907814, 5.6182513237, -9.04937839508, 1.84109222889, -10.4539384842],
        "cov": [[2875.41748047, -856.579650879, -348.930419922, 126.041999817, -251.806503296, 66.7032089233, -95.7710723877, 224.252593994, -177.239242554, 52.5369224548, -208.214874268, 20.453207016, -84.0174865723], [-856.579650879, 1049.5838623, -335.677642822, -274.681396484, 302.224121094, -222.493881226, 106.700645447, -47.2140083313, 166.219589233, -113.612617493, 177.533187866, -113.202690125, 16.1738758087], [-348.930419922, -335.677642822, 948.359619141, 263.939941406, -92.5471496582, 229.084701538, -3.25868010521, -72.9789657593, -82.4351119995, 89.7841491699, -36.9657440186, 90.7390213013, 13.9713802338], [126.041999817, -274.681396484, 263.939941406, 406.422943115, -14.8087778091, 26.6227416992, -44.9340744019, -23.5714931488, -3.0087249279, 0.853050112724, -60.3217926025, 32.6747207642, 48.5902175903], [-251.806503296, 302.224121094, -92.5471496582, -14.8087778091, 308.77230835, -55.5209960938, 2.25049829483, 21.822145462, 99.5912322998, -8.71268177032, 35.6423606873, -35.9371566772, 7.3341126442], [66.7032089233, -222.493881226, 229.084701538, 26.6227416992, -55.5209960938, 247.974441528, 48.2528114319, -22.8123531342, -54.0226325989, 42.6824913025, -10.9375591278, 14.2077960968, -11.232085228], [-95.7710723877, 106.700645447, -3.25868010521, -44.9340744019, 2.25049829483, 48.2528114319, 197.053192139, -5.43486690521, -57.9302062988, -11.2516794205, 48.7296257019, -8.14241409302, -11.5822219849], [224.252593994, -47.2140083313, -72.9789657593, -23.5714931488, 21.822145462, -22.8123531342, -5.43486690521, 138.013015747, 47.4402313232, 1.18243443966, -8.12122821808, -3.01805639267, -13.173740387], [-177.239242554, 166.219589233, -82.4351119995, -3.0087249279, 99.5912322998, -54.0226325989, -57.9302062988, 47.4402313232, 218.478591919, 13.4200410843, 13.5442733765, -15.5929460526, 1.2840410471], [52.5369224548, -113.612617493, 89.7841491699, 0.853050112724, -8.71268177032, 42.6824913025, -11.2516794205, 1.18243443966, 13.4200410843, 128.65032959, 12.1738529205, 6.68609619141, -15.9808607101], [-208.214874268, 177.533187866, -36.9657440186, -60.3217926025, 35.6423606873, -10.9375591278, 48.7296257019, -8.12122821808, 13.5442733765, 12.1738529205, 124.251342773, 0.879351735115, -2.1296107769], [20.453207016, -113.202690125, 90.7390213013, 32.6747207642, -35.9371566772, 14.2077960968, -8.14241409302, -3.01805639267, -15.5929460526, 6.68609619141, 0.879351735115, 102.414398193, 22.8128089905], [-84.0174865723, 16.1738758087, 13.9713802338, 48.5902175903, 7.3341126442, -11.232085228, -11.5822219849, -13.173740387, 1.2840410471, -15.9808607101, -2.1296107769, 22.8128089905, 89.4414901733]],
        "icov": [[0.000771619786974, -0.000125870283227, 0.000739300623536, -0.000689702224918, 0.00039456889499, -0.000609607668594, 0.000474074418889, -0.0014071961632, 0.00104317686055, -0.000729139603209, 0.000887203204911, -0.000477113295346, 0.000749572122004], [-0.000125870283227, 0.00719675701112, -0.00158603105228, 0.00435125734657, -0.00377017725259, 0.00514134764671, -0.0037010658998, 0.00498766126111, -0.0047809695825, 0.0055634859018, -0.0056512109004, 0.00538831530139, -0.00277181132697], [0.000739300623536, -0.00158603105228, 0.00293053989299, -0.00258779129945, 0.0011292694835, -0.002982910024, 0.00134614354465, -0.00178144557867, 0.00220672716387, -0.00260671670549, 0.00195098412223, -0.00267518428154, 0.00160543888342], [-0.000689702224918, 0.00435125734657, -0.00258779129945, 0.00665588025004, -0.00265014264733, 0.00395902665332, -0.00237312121317, 0.00423175469041, -0.00392851419747, 0.00415198178962, -0.00266435369849, 0.00357187073678, -0.00379213970155], [0.00039456889499, -0.00377017725259, 0.0011292694835, -0.00265014264733, 0.00627307873219, -0.00244322558865, 0.00165825861041, -0.00327563635074, 0.00116672390141, -0.00296364538372, 0.00241423584521, -0.00173843931407, 0.00118140829727], [-0.000609607668594, 0.00514134764671, -0.002982910024, 0.00395902665332, -0.00244322558865, 0.0100213037804, -0.00447700498626, 0.00463191606104, -0.0037114196457, 0.00314342137426, -0.00366495782509, 0.00447761639953, -0.00224028620869], [0.000474074418889, -0.0037010658998, 0.00134614354465, -0.00237312121317, 0.00165825861041, -0.00447700498626, 0.00904052518308, -0.0038803271018, 0.00497136637568, -0.00210770359263, 0.000382793397876, -0.0024293824099, 0.00227530859411], [-0.0014071961632, 0.00498766126111, -0.00178144557867, 0.00423175469041, -0.00327563635074, 0.00463191606104, -0.0038803271018, 0.0141087537631, -0.00678733550012, 0.00463645206764, -0.00393962580711, 0.00345117715187, -0.00186681270134], [0.00104317686055, -0.0047809695825, 0.00220672716387, -0.00392851419747, 0.00116672390141, -0.0037114196457, 0.00497136637568, -0.00678733550012, 0.0110045960173, -0.00533243175596, 0.00366774154827, -0.00366859673522, 0.00262857764028], [-0.000729139603209, 0.0055634859018, -0.00260671670549, 0.00415198178962, -0.00296364538372, 0.00314342137426, -0.00210770359263, 0.00463645206764, -0.00533243175596, 0.0141084054485, -0.00652613909915, 0.00435464456677, -0.00116039812565], [0.000887203204911, -0.0056512109004, 0.00195098412223, -0.00266435369849, 0.00241423584521, -0.00366495782509, 0.000382793397876, -0.00393962580711, 0.00366774154827, -0.00652613909915, 0.0157953761518, -0.00572391226888, 0.00242641777731], [-0.000477113295346, 0.00538831530139, -0.00267518428154, 0.00357187073678, -0.00173843931407, 0.00447761639953, -0.0024293824099, 0.00345117715187, -0.00366859673522, 0.00435464456677, -0.00572391226888, 0.0161483883858, -0.00547090405598], [0.000749572122004, -0.00277181132697, 0.00160543888342, -0.00379213970155, 0.00118140829727, -0.00224028620869, 0.00227530859411, -0.00186681270134, 0.00262857764028, -0.00116039812565, 0.00242641777731, -0.00547090405598, 0.015044762753]]
    },
    "melbands": {
        "dmean": [0.00433014938608, 0.00308893364854, 0.000979276373982, 0.00088192342082, 0.00089449994266, 0.000248212309089, 0.000340404774761, 0.000471657491289, 0.000235766419792, 0.000221294423682, 9.94027650449e-05, 7.21925825928e-05, 7.32739790692e-05, 4.53708562418e-05, 3.04900386254e-05, 3.93761511077e-05, 6.41406149953e-05, 5.08681223437e-05, 2.44907132583e-05, 1.69801915035e-05, 1.44151244967e-05, 1.22999090308e-05, 1.34741285365e-05, 6.47770548312e-06, 3.20144977195e-06, 4.43076669399e-06, 3.15253191729e-06, 2.08006599678e-06, 1.89348168078e-06, 1.43813156228e-06, 1.52346012783e-06, 1.4695306163e-06, 1.60331546795e-06, 1.43345289416e-06, 1.43472266245e-06, 9.69366624304e-07, 9.78325942924e-07, 8.72508223893e-07, 7.1336489782e-07, 7.42537395126e-07],
        "dmean2": [0.00654076598585, 0.00530937407166, 0.00166733830702, 0.00155772338621, 0.00157777324785, 0.000394475093344, 0.000516654981766, 0.000710343127139, 0.000359580793884, 0.000334181211656, 0.000150067979121, 0.000107268562715, 0.000109242464532, 7.36536749173e-05, 4.72283318231e-05, 6.07509500696e-05, 9.37889126362e-05, 7.73053398007e-05, 3.82406324206e-05, 2.4825329092e-05, 2.02966893994e-05, 1.85197604878e-05, 2.10366615647e-05, 1.03507300082e-05, 5.01167642142e-06, 6.81232177158e-06, 4.95242829857e-06, 3.37258165928e-06, 2.91971991828e-06, 2.35783181779e-06, 2.49550384979e-06, 2.3710131245e-06, 2.50759740084e-06, 2.26884935728e-06, 2.26670636039e-06, 1.53493613197e-06, 1.55360874032e-06, 1.40303984608e-06, 1.12198540592e-06, 1.17501622299e-06],
        "dvar": [5.55708829779e-05, 3.26119079546e-05, 1.79308199222e-06, 2.11379597204e-06, 3.41863187714e-06, 1.49080378264e-07, 2.64325706212e-07, 6.42146972041e-07, 1.76705043486e-07, 1.53859204488e-07, 3.83416534078e-08, 1.47427039465e-08, 3.03332150509e-08, 7.86452059032e-09, 3.44569883737e-09, 6.17063644626e-09, 1.66988467498e-08, 7.81914266668e-09, 4.62105553822e-09, 1.34396060947e-09, 9.91583037901e-10, 3.6695310679e-10, 4.36968072837e-10, 1.01115324447e-10, 2.92367796639e-11, 6.06955596893e-11, 2.80988912693e-11, 1.35319299169e-11, 1.88243674121e-11, 6.60650397236e-12, 7.24222201307e-12, 7.25944261301e-12, 8.41819235847e-12, 6.43057265423e-12, 6.746082859e-12, 2.58091594971e-12, 2.66678259336e-12, 2.40873922371e-12, 1.74616874779e-12, 1.84925252195e-12],
        "dvar2": [0.000118758594908, 9.09355803742e-05, 4.61401850771e-06, 5.8755254031e-06, 9.49336026679e-06, 3.51729340764e-07, 5.94053574332e-07, 1.34078197789e-06, 3.71039249103e-07, 3.17572016684e-07, 7.72643033997e-08, 3.04089340375e-08, 6.14681994193e-08, 1.91480360456e-08, 8.2443500915e-09, 1.37613884732e-08, 3.29961622469e-08, 1.8550858627e-08, 1.15259366495e-08, 2.72477751473e-09, 1.56391133377e-09, 7.46681938502e-10, 1.03940800411e-09, 2.3827415041e-10, 7.01576227669e-11, 1.50142578925e-10, 6.75796987815e-11, 3.25245282096e-11, 3.98213371999e-11, 1.60709692082e-11, 1.75601703317e-11, 1.79872072098e-11, 2.04111276492e-11, 1.44246481079e-11, 1.58546908241e-11, 5.74802054912e-12, 6.29416050529e-12, 5.83050187991e-12, 4.01885816292e-12, 4.19409776006e-12],
        "max": [0.0543824993074, 0.0454892888665, 0.0156244309619, 0.0114711243659, 0.0142044071108, 0.00452300859615, 0.00779679790139, 0.00814256817102, 0.00580791383982, 0.00375663535669, 0.00271580833942, 0.00210294802673, 0.00298247416504, 0.000890960625838, 0.000886541209184, 0.00127796630841, 0.00244201975875, 0.000910050235689, 0.00115532870404, 0.000580791383982, 0.00062715576496, 0.000296223181067, 0.000307658716338, 0.000127538136439, 5.89720002608e-05, 7.91843631305e-05, 7.31733016437e-05, 4.19941752625e-05, 8.62953093019e-05, 1.82433795999e-05, 2.92387794616e-05, 4.51264131698e-05, 5.45055045222e-05, 3.41165359714e-05, 3.25738656102e-05, 1.9940383936e-05, 2.3094127755e-05, 2.35828265431e-05, 2.32902129937e-05, 1.46208330989e-05],
        "mean": [0.00782943703234, 0.00499759288505, 0.0014634556137, 0.00113076751586, 0.000948171771597, 0.000426572602009, 0.000583311542869, 0.000736650370527, 0.000356322678272, 0.000309935916448, 0.000156502792379, 0.000114280148409, 0.000108711843495, 5.60556909477e-05, 5.02425973536e-05, 6.01051651756e-05, 9.83365171123e-05, 7.26354119251e-05, 3.51950075128e-05, 2.79024006886e-05, 2.45250703301e-05, 1.99529331439e-05, 2.08400742849e-05, 8.94769618753e-06, 4.41897782366e-06, 5.86571695749e-06, 4.20634160037e-06, 2.29240163208e-06, 2.03396734832e-06, 1.3486608168e-06, 1.50120422404e-06, 1.83455529168e-06, 2.34609137806e-06, 1.91521507986e-06, 1.72194233983e-06, 1.20897811939e-06, 1.18613684208e-06, 1.00578961337e-06, 8.08176878309e-07, 8.07675974102e-07],
        "median": [0.00626890640706, 0.00423693330958, 0.00109526503365, 0.000629860558547, 0.000429158244515, 0.000255538034253, 0.000347993831383, 0.000291767850285, 0.00010842402844, 7.69582547946e-05, 5.09018500452e-05, 4.54227447335e-05, 2.93958692055e-05, 2.1773550543e-05, 2.32375259657e-05, 2.06036584132e-05, 2.66797469521e-05, 2.22628295887e-05, 1.11840081445e-05, 1.02139929368e-05, 9.88175088423e-06, 9.06800505618e-06, 9.69802749751e-06, 4.54341534351e-06, 2.29077022595e-06, 2.63230435849e-06, 1.72486488736e-06, 7.43711325413e-07, 3.29385983378e-07, 2.04993327202e-07, 2.54197317417e-07, 6.01796159572e-07, 9.03462876067e-07, 5.86601061059e-07, 3.67932784684e-07, 2.92264076052e-07, 3.4565564988e-07, 2.76935395505e-07, 1.64706065675e-07, 1.22095073607e-07],
        "min": [5.3268827287e-06, 9.83180598269e-07, 1.50331459281e-06, 6.87312467562e-06, 6.00992871114e-06, 2.12202576222e-06, 1.32967477384e-06, 1.25569511056e-06, 5.96374434281e-07, 2.42928649641e-07, 2.53297571362e-07, 2.1114240667e-07, 1.41126520248e-07, 2.20496758629e-07, 1.03294979681e-07, 1.23632801774e-07, 6.07622041571e-08, 7.21438837559e-08, 4.3753225043e-08, 3.47171145165e-08, 1.70029288427e-08, 1.13260476553e-08, 7.60828999802e-09, 3.68517527605e-09, 4.77677675192e-09, 6.57118759406e-09, 4.25686419447e-09, 1.40780032076e-09, 6.65617783113e-10, 8.96447416299e-10, 1.09683573335e-09, 3.95368182637e-10, 2.50563103599e-09, 1.02141517466e-09, 1.08884301575e-09, 8.9826773797e-10, 8.1658052542e-10, 5.48376122289e-10, 2.90950374904e-10, 5.87214695272e-12],
