{
"highlevel": {
    "danceability": {
        "all": {
            "danceable": 0.749450981617,
            "not_danceable": 0.250549048185
        },
        "probability": 0.749450981617,
        "value": "danceable"
    },
    "gender": {
        "all": {
            "female": 0.00322056631558,
            "male": 0.996779441833
        },
        "probability": 0.996779441833,
        "value": "male"
    },
    "genre_dortmund": {
        "all": {
            "alternative": 0.133647426963,
            "blues": 0.208535850048,
            "electronic": 0.0232157614082,
            "folkcountry": 0.169878557324,
            "funksoulrnb": 0.00998968072236,
            "jazz": 0.0212529804558,
            "pop": 0.0529770627618,
            "raphiphop": 0.0112724686041,
            "rock": 0.369230210781
        },
        "probability": 0.369230210781,
        "value": "rock"
    },
    "genre_electronic": {
        "all": {
            "ambient": 0.403671503067,
            "dnb": 0.21250256896,
            "house": 0.0708548948169,
            "techno": 0.023283528164,
            "trance": 0.289687514305
        },
        "probability": 0.403671503067,
        "value": "ambient"
    },
    "genre_rosamerica": {
        "all": {
            "cla": 0.00765271065757,
            "dan": 0.00671266485006,
            "hip": 0.00942005962133,
            "jaz": 0.00427123531699,
            "pop": 0.769596040249,
            "rhy": 0.0283787846565,
            "roc": 0.170114770532,
            "spe": 0.00385371828452
        },
        "probability": 0.769596040249,
        "value": "pop"
    },
    "genre_tzanetakis": {
        "all": {
            "blu": 0.0626613423228,
            "cla": 0.0348169617355,
            "cou": 0.104475811124,
            "dis": 0.0784321576357,
            "hip": 0.15692435205,
            "jaz": 0.313974827528,
            "met": 0.0448166541755,
            "pop": 0.0627359300852,
            "reg": 0.0627360641956,
            "roc": 0.0784258767962
        },
        "probability": 0.313974827528,
        "value": "jaz"
    },
    "ismir04_rhythm": {
        "all": {
            "ChaChaCha": 0.558556973934,
            "Jive": 0.090798035264,
            "Quickstep": 0.022467687726,
            "Rumba-American": 0.0338402763009,
            "Rumba-International": 0.0234930794686,
            "Rumba-Misc": 0.00932053849101,
            "Samba": 0.0613523311913,
            "Tango": 0.0509864836931,
            "VienneseWaltz": 0.140066415071,
            "Waltz": 0.00911816488951
        },
        "probability": 0.558556973934,
        "value": "ChaChaCha"
    },
    "mood_acoustic": {
        "all": {
            "acoustic": 0.320798844099,
            "not_acoustic": 0.679201126099
        },
        "probability": 0.679201126099,
        "value": "not_acoustic"
    },
    "mood_aggressive": {
        "all": {
            "aggressive": 0.5,
            "not_aggressive": 0.5
        },
        "probability": 0.5,
        "value": "aggressive"
    },
    "mood_electronic": {
        "all": {
            "electronic": 0.228075683117,
            "not_electronic": 0.771924316883
        },
        "probability": 0.771924316883,
        "value": "not_electronic"
    },
    "mood_happy": {
        "all": {
            "happy": 0.800104796886,
            "not_happy": 0.199895173311
        },
        "probability": 0.800104796886,
        "value": "happy"
    },
    "mood_party": {
        "all": {
            "not_party": 0.687526643276,
            "party": 0.312473356724
        },
        "probability": 0.687526643276,
        "value": "not_party"
    },
    "mood_relaxed": {
        "all": {
            "not_relaxed": 0.899915933609,
            "relaxed": 0.100084066391
        },
        "probability": 0.899915933609,
        "value": "not_relaxed"
    },
    "mood_sad": {
        "all": {
            "not_sad": 0.766758620739,
            "sad": 0.233241379261
        },
        "probability": 0.766758620739,
        "value": "not_sad"
    },
    "moods_mirex": {
        "all": {
            "Cluster1": 0.300022125244,
            "Cluster2": 0.135180130601,
            "Cluster3": 0.101929813623,
            "Cluster4": 0.215397700667,
            "Cluster5": 0.247470229864
        },
        "probability": 0.300022125244,
        "value": "Cluster1"
    },
    "timbre": {
        "all": {
            "bright": 0.798507750034,
            "dark": 0.201492249966
        },
        "probability": 0.798507750034,
        "value": "bright"
    },
    "tonal_atonal": {
        "all": {
            "atonal": 0.0709309577942,
            "tonal": 0.929069042206
        },
        "probability": 0.929069042206,
        "value": "tonal"
    },
    "voice_instrumental": {
        "all": {
            "instrumental": 0.000506495300215,
            "voice": 0.999493479729
        },
        "probability": 0.999493479729,
        "value": "voice"
    }
},
"lowlevel": {
    "average_loudness": 0.97212266922,
    "barkbands_crest": {
        "dmean": 2.7325284481,
        "dmean2": 4.49168539047,
        "dvar": 6.97589731216,
        "dvar2": 16.2731552124,
        "max": 22.6373939514,
        "mean": 9.14450645447,
        "median": 8.17494106293,
        "min": 2.85512089729,
        "var": 14.0929555893
    },
    "barkbands_flatness_db": {
        "dmean": 0.0180624648929,
        "dmean2": 0.0281432140619,
        "dvar": 0.000236284322455,
        "dvar2": 0.000584907422308,
        "max": 0.247994437814,
        "mean": 0.126241967082,
        "median": 0.122504539788,
        "min": 0.0548959709704,
        "var": 0.000871071009897
    },
    "barkbands_kurtosis": {
        "dmean": 1.44530034065,
        "dmean2": 2.30852198601,
        "dvar": 4.0040602684,
        "dvar2": 10.0584945679,
        "max": 22.7001609802,
        "mean": 1.51766037941,
        "median": 0.505242109299,
        "min": -1.76317954063,
        "var": 9.09522724152
    },
    "barkbands_skewness": {
        "dmean": 0.418804526329,
        "dmean2": 0.636026918888,
        "dvar": 0.166349634528,
        "dvar2": 0.382835149765,
        "max": 4.67027997971,
        "mean": 1.01065576077,
        "median": 0.981593966484,
        "min": -1.12717843056,
        "var": 0.771242976189
    },
    "barkbands_spread": {
        "dmean": 5.18399715424,
        "dmean2": 7.63472795486,
        "dvar": 26.263463974,
        "dvar2": 54.8790740967,
        "max": 88.859375,
        "mean": 24.7233219147,
        "median": 23.7018451691,
        "min": 5.46092367172,
        "var": 116.183860779
    },
    "dissonance": {
        "dmean": 0.0170557443053,
        "dmean2": 0.0283185392618,
        "dvar": 0.000251312856562,
        "dvar2": 0.000666960026138,
        "max": 0.499996304512,
        "mean": 0.467118620872,
        "median": 0.471919089556,
        "min": 0.323216021061,
        "var": 0.000542847730685
    },
    "dynamic_complexity": 1.90921604633,
    "erbbands_crest": {
        "dmean": 2.88378167152,
        "dmean2": 4.69980859756,
        "dvar": 7.14247465134,
        "dvar2": 17.7687969208,
        "max": 28.6685676575,
        "mean": 9.37852668762,
        "median": 8.36637115479,
        "min": 2.78188109398,
        "var": 19.8686790466
    },
    "erbbands_flatness_db": {
        "dmean": 0.0168899837881,
        "dmean2": 0.0248967558146,
        "dvar": 0.000248074153205,
        "dvar2": 0.000483791198349,
        "max": 0.296144932508,
        "mean": 0.162830799818,
        "median": 0.160458102822,
        "min": 0.0801522061229,
        "var": 0.00129047618248
    },
    "erbbands_kurtosis": {
        "dmean": 0.794804275036,
        "dmean2": 1.27562630177,
        "dvar": 1.10304832458,
        "dvar2": 2.66508340836,
        "max": 14.1662082672,
        "mean": 0.320549428463,
        "median": -0.176074981689,
        "min": -1.61147117615,
        "var": 2.76477813721
    },
    "erbbands_skewness": {
        "dmean": 0.336190462112,
        "dmean2": 0.517603158951,
        "dvar": 0.0891338288784,
        "dvar2": 0.203844323754,
        "max": 3.13119626045,
        "mean": 0.19767999649,
        "median": 0.184920147061,
        "min": -2.82550191879,
        "var": 0.443157017231
    },
    "erbbands_spread": {
        "dmean": 7.21432304382,
        "dmean2": 11.3503465652,
        "dvar": 59.6254959106,
        "dvar2": 145.935424805,
        "max": 99.9754943848,
        "mean": 34.6127433777,
        "median": 33.6812210083,
        "min": 4.8163599968,
        "var": 214.434921265
    },
    "hfc": {
        "dmean": 7.20832777023,
        "dmean2": 10.7639398575,
        "dvar": 72.1540679932,
        "dvar2": 155.235931396,
        "max": 139.988769531,
        "mean": 25.8096179962,
        "median": 23.260137558,
        "min": 0.950496256351,
        "var": 292.891784668
    },
    "melbands_crest": {
        "dmean": 3.35716414452,
        "dmean2": 5.3473944664,
        "dvar": 9.97324848175,
        "dvar2": 22.5359668732,
        "max": 30.7569446564,
        "mean": 12.9276361465,
        "median": 12.002199173,
        "min": 4.36944818497,
        "var": 24.3920078278
    },
    "melbands_flatness_db": {
        "dmean": 0.020449783653,
        "dmean2": 0.0300080701709,
        "dvar": 0.000330066570314,
        "dvar2": 0.000759780581575,
        "max": 0.307656735182,
        "mean": 0.164543420076,
        "median": 0.161775574088,
        "min": 0.0527169257402,
        "var": 0.00161435396876
    },
    "melbands_kurtosis": {
        "dmean": 3.90999174118,
        "dmean2": 6.28217411041,
        "dvar": 42.3705482483,
        "dvar2": 110.740623474,
        "max": 85.3432846069,
        "mean": 6.61676549911,
        "median": 4.07400655746,
        "min": -1.66997456551,
        "var": 75.0950622559
    },
    "melbands_skewness": {
        "dmean": 0.571305572987,
        "dmean2": 0.881669819355,
        "dvar": 0.404838860035,
        "dvar2": 0.964483618736,
        "max": 8.3878993988,
        "mean": 1.91414618492,
        "median": 1.80695366859,
        "min": -0.986310243607,
        "var": 1.50723731518
    },
    "melbands_spread": {
        "dmean": 7.36475086212,
        "dmean2": 11.0239839554,
        "dvar": 60.2305107117,
        "dvar2": 120.470443726,
        "max": 180.436889648,
        "mean": 29.4926643372,
        "median": 27.1207618713,
        "min": 4.75878238678,
        "var": 289.215911865
    },
    "pitch_salience": {
        "dmean": 0.0706565752625,
        "dmean2": 0.113540887833,
        "dvar": 0.00429001031443,
        "dvar2": 0.0109412772581,
        "max": 0.825666904449,
        "mean": 0.564872324467,
        "median": 0.574892997742,
        "min": 0.197602123022,
        "var": 0.00853958167136
    },
    "silence_rate_20dB": {
        "dmean": 0,
        "dmean2": 0,
        "dvar": 0,
        "dvar2": 0,
        "max": 1,
        "mean": 1,
        "median": 1,
        "min": 1,
        "var": 0
    },
    "silence_rate_30dB": {
        "dmean": 0,
        "dmean2": 0,
        "dvar": 0,
        "dvar2": 0,
        "max": 1,
        "mean": 1,
        "median": 1,
        "min": 1,
        "var": 0
    },
    "silence_rate_60dB": {
        "dmean": 0.0030959751457,
        "dmean2": 0.00619674660265,
        "dvar": 0.00308635481633,
        "dvar2": 0.007707670331,
        "max": 1,
        "mean": 0.00309358071536,
        "median": 0,
        "min": 0,
        "var": 0.00308399973437
    },
    "spectral_centroid": {
        "dmean": 236.299316406,
        "dmean2": 342.0050354,
        "dvar": 49558.46875,
        "dvar2": 100992.773438,
        "max": 4626.02539062,
        "mean": 1476.3737793,
        "median": 1449.46191406,
        "min": 399.109863281,
        "var": 265370.375
    },
    "spectral_complexity": {
        "dmean": 4.32817316055,
        "dmean2": 6.56700229645,
        "dvar": 22.416929245,
        "dvar2": 43.7886314392,
        "max": 51,
        "mean": 23.6527462006,
        "median": 23,
        "min": 3,
        "var": 65.8461151123
    },
    "spectral_decrease": {
        "dmean": 2.25496821216e-09,
        "dmean2": 3.46442696753e-09,
        "dvar": 9.78361766131e-18,
        "dvar2": 2.43183622378e-17,
        "max": -2.39335828933e-10,
        "mean": -6.85671430745e-09,
        "median": -6.21929663325e-09,
        "min": -3.56236853349e-08,
        "var": 1.37618890506e-17
    },
    "spectral_energy": {
        "dmean": 0.00901956949383,
        "dmean2": 0.013834583573,
        "dvar": 0.000151658823597,
        "dvar2": 0.000375681353034,
        "max": 0.13934352994,
        "mean": 0.0282198023051,
        "median": 0.0260470006615,
        "min": 0.000993596506305,
        "var": 0.00022415384592
    },
    "spectral_energyband_high": {
        "dmean": 0.000353820243618,
        "dmean2": 0.00051935215015,
        "dvar": 5.60833598229e-07,
        "dvar2": 1.03291722553e-06,
        "max": 0.0204952340573,
        "mean": 0.000840029038955,
        "median": 0.000478208763525,
        "min": 1.60957533808e-05,
        "var": 2.1501118681e-06
    },
    "spectral_energyband_low": {
        "dmean": 0.00280566187575,
        "dmean2": 0.00436593219638,
        "dvar": 2.87499042315e-05,
        "dvar2": 7.28884551791e-05,
        "max": 0.0556547269225,
        "mean": 0.00639974838123,
        "median": 0.00493804272264,
        "min": 1.96065666387e-05,
        "var": 3.95452625526e-05
    },
    "spectral_energyband_middle_high": {
        "dmean": 0.00264942296781,
        "dmean2": 0.00400559790432,
        "dvar": 1.12200341391e-05,
        "dvar2": 2.60115066339e-05,
        "max": 0.0485804229975,
        "mean": 0.00839515775442,
        "median": 0.00602533388883,
        "min": 0.00018260894285,
        "var": 5.5376713135e-05
    },
    "spectral_energyband_middle_low": {
        "dmean": 0.0066337371245,
        "dmean2": 0.0103365844116,
        "dvar": 0.000123542748042,
        "dvar2": 0.000309769529849,
        "max": 0.131522357464,
        "mean": 0.0136120598763,
        "median": 0.0106682144105,
        "min": 0.000300479790894,
        "var": 0.000146361242514
    },
    "spectral_entropy": {
        "dmean": 0.138929367065,
        "dmean2": 0.194651693106,
        "dvar": 0.0169666390866,
        "dvar2": 0.0305152535439,
        "max": 8.41764259338,
        "mean": 7.61547136307,
        "median": 7.61142110825,
        "min": 6.68991613388,
        "var": 0.0812793001533
    },
    "spectral_flux": {
        "dmean": 0.0257337205112,
        "dmean2": 0.0398710519075,
        "dvar": 0.000849964737426,
        "dvar2": 0.00187331973575,
        "max": 0.339741051197,
        "mean": 0.0905956551433,
        "median": 0.0811274275184,
        "min": 0.0181102603674,
        "var": 0.00179373566061
    },
    "spectral_kurtosis": {
        "dmean": 1.3558306694,
        "dmean2": 2.32059383392,
        "dvar": 1.78593671322,
        "dvar2": 4.88049268723,
        "max": 13.6747665405,
        "mean": 3.92315363884,
        "median": 3.63639688492,
        "min": -0.599496364594,
        "var": 3.58075380325
    },
    "spectral_rms": {
        "dmean": 0.000779165595304,
        "dmean2": 0.00116163399071,
        "dvar": 7.82602285199e-07,
        "dvar2": 1.82880944521e-06,
        "max": 0.0116595411673,
        "mean": 0.00508279399946,
        "median": 0.00504100276157,
        "min": 0.000984562095255,
        "var": 1.6968166392e-06
    },
    "spectral_rolloff": {
        "dmean": 398.480316162,
        "dmean2": 621.010559082,
        "dvar": 285672.15625,
        "dvar2": 554731.3125,
        "max": 9646.875,
        "mean": 1596.57080078,
        "median": 1507.32421875,
        "min": 86.1328125,
        "var": 1021122.625
    },
    "spectral_skewness": {
        "dmean": 0.189138695598,
        "dmean2": 0.303795695305,
        "dvar": 0.0287786051631,
        "dvar2": 0.0712922662497,
        "max": 2.80124592781,
        "mean": 1.4749494791,
        "median": 1.4744246006,
        "min": 0.133031591773,
        "var": 0.103216692805
    },
    "spectral_spread": {
        "dmean": 424918.53125,
        "dmean2": 636473.6875,
        "dvar": 241745428480,
        "dvar2": 457390063616,
        "max": 10938518,
        "mean": 4186471.5,
        "median": 4076473.25,
        "min": 2293901.75,
        "var": 921880297472
    },
    "spectral_strongpeak": {
        "dmean": 0.855897426605,
        "dmean2": 1.41396677494,
        "dvar": 1.49109792709,
        "dvar2": 3.73458647728,
        "max": 12.3370285034,
        "mean": 1.54068231583,
        "median": 0.952203333378,
        "min": 0,
        "var": 3.13857650757
    },
    "zerocrossingrate": {
        "dmean": 0.00869911629707,
        "dmean2": 0.00987719930708,
        "dvar": 8.47124465508e-05,
        "dvar2": 8.69532304932e-05,
        "max": 0.2685546875,
        "mean": 0.0627836063504,
        "median": 0.0595703125,
        "min": 0.01904296875,
        "var": 0.000666732143145
    },
    "barkbands": {
        "dmean": [0.000305212161038, 0.0020137897227, 0.000678061798681, 0.00116938806605, 0.00315122748725, 0.00064409035258, 0.0016259374097, 0.00120222498663, 0.00123818533029, 0.000818165834062, 0.000545681163203, 0.000522608519532, 0.000603821186814, 0.000618749589194, 0.000639279896859, 0.000560835411306, 0.000363983301213, 0.000319200393278, 0.000148457620526, 0.000167341917404, 8.61760127009e-05, 0.000107290157757, 8.13490914879e-05, 5.25942596141e-05, 4.11691798945e-05, 9.18113255466e-06, 4.18661016965e-09],
        "dmean2": [0.000515452818945, 0.00316195958294, 0.0011077838717, 0.0019848626107, 0.00495263747871, 0.00107094924897, 0.00244177202694, 0.00192327261902, 0.00190691044554, 0.00123806286138, 0.000860771222506, 0.0008063147543, 0.000988398795016, 0.00099221279379, 0.000990224420093, 0.000898668251466, 0.000578649109229, 0.000518431537785, 0.00023917647195, 0.000268902833341, 0.000137108843774, 0.000166705140145, 0.000128701940412, 7.56326480769e-05, 6.29373462289e-05, 1.41263944897e-05, 7.452841011e-09],
        "dvar": [1.5192392766e-07, 1.99367696041e-05, 1.91569029084e-06, 4.8045794756e-06, 7.21065662219e-05, 1.52007328325e-06, 9.93312278297e-06, 4.31410899182e-06, 6.43386101729e-06, 4.26321776104e-06, 3.08389962811e-06, 1.26764462038e-06, 2.37887184085e-06, 1.41570001233e-06, 1.33895844101e-06, 1.6255967239e-06, 6.03250043696e-07, 2.40819503006e-07, 4.57878677196e-08, 5.95195288611e-08, 2.87030221813e-08, 1.34350059966e-07, 1.92957543277e-08, 1.80660855165e-08, 1.46526453193e-08, 5.24801091473e-10, 1.26032689788e-15],
        "dvar2": [4.25584801178e-07, 5.1883609558e-05, 5.34426635568e-06, 1.33883268063e-05, 0.000178834612598, 3.83749556931e-06, 2.15774216485e-05, 1.07018086055e-05, 1.49290681293e-05, 8.24614744488e-06, 6.62100683257e-06, 2.67789368991e-06, 6.30306931271e-06, 3.4773504467e-06, 3.21450215779e-06, 4.45196155852e-06, 1.35768107157e-06, 5.89837839016e-07, 1.21358809224e-07, 1.48660546984e-07, 7.051082207e-08, 2.96660203958e-07, 4.49429791161e-08, 2.60685748543e-08, 2.69160356225e-08, 1.03007147256e-09, 3.04466204649e-15],
        "max": [0.00425697350875, 0.0483330599964, 0.0214184913784, 0.0214498154819, 0.097372174263, 0.0154015626758, 0.0440890863538, 0.0258232243359, 0.036550372839, 0.0266380142421, 0.0376565717161, 0.0218418296427, 0.0230846051127, 0.015625, 0.0164824984968, 0.0161979068071, 0.0153080224991, 0.00961545482278, 0.00315052014776, 0.00320097687654, 0.00261163036339, 0.0128340497613, 0.00225072307512, 0.00438127759844, 0.00329466653056, 0.00058250076836, 7.4000308814e-07],
        "mean": [0.000521296111401, 0.00369457900524, 0.00132030749228, 0.00182945642155, 0.0038174027577, 0.000952406902798, 0.0026014787145, 0.00198744679801, 0.002120612422, 0.0012414919911, 0.00083213817561, 0.000900588405784, 0.000868068193085, 0.000959047465585, 0.00104724837001, 0.00087917939527, 0.000695272523444, 0.000609248236287, 0.000273543497315, 0.000334561278578, 0.000149584186147, 0.000220042929868, 0.000162217664183, 0.000120519689517, 6.96355564287e-05, 1.24761500047e-05, 2.91252955087e-09],
        "median": [0.000370256399037, 0.00253481138498, 0.000914536532946, 0.00109669938684, 0.0015521744499, 0.000468438782264, 0.000785211974289, 0.000773662119173, 0.000675723305903, 0.000416097958805, 0.000158421637025, 0.000440216914285, 0.000330005888827, 0.000422692508437, 0.000516881933436, 0.000316426303471, 0.000297754129861, 0.000418085284764, 0.000189580197912, 0.000200016103918, 6.54580217088e-05, 9.13628609851e-05, 9.51258189161e-05, 6.73576141708e-05, 3.09078750433e-05, 3.20559070133e-06, 4.91321039409e-10],
        "min": [2.91316553103e-07, 1.9032978571e-06, 1.06915172182e-06, 7.94780589786e-07, 4.4735341362e-05, 2.35874358623e-06, 7.08120342097e-06, 1.07855612441e-05, 1.179854371e-05, 6.86721796228e-06, 5.67925098949e-06, 1.09599395728e-05, 1.39516614581e-05, 1.07116411527e-05, 1.02584608612e-05, 6.19640559307e-06, 4.26326505476e-06, 7.19342051525e-06, 5.43132409803e-06, 2.86193426291e-06, 2.50840230365e-06, 3.16367822961e-06, 3.41546160598e-06, 1.44837770222e-06, 2.59232479038e-07, 6.73632070264e-12, 7.56054333723e-12],
        "var": [2.72250503031e-07, 2.31886861002e-05, 2.10628991226e-06, 5.02427019455e-06, 6.9913257903e-05, 2.13429416362e-06, 2.15595409827e-05, 1.03722386484e-05, 1.55833040481e-05, 8.40922530188e-06, 7.6130090747e-06, 3.25843689097e-06, 3.42182170243e-06, 2.46246349889e-06, 2.56205885307e-06, 2.73915520665e-06, 1.95039638129e-06, 5.6099588619e-07, 8.31002111568e-08, 1.31978637796e-07, 5.65906326244e-08, 4.68151711175e-07, 4.26011261823e-08, 6.47598028536e-08, 4.29254392031e-08, 1.12796483265e-09, 8.22345483792e-16]
    },
    "erbbands": {
        "dmean": [0.0805520117283, 0.39041313529, 0.6469399333, 2.5216178894, 10.9466428757, 8.4635591507, 4.88923120499, 5.73460960388, 19.3763141632, 21.0828895569, 30.3113002777, 30.8879795074, 22.0690612793, 25.4718875885, 24.4344921112, 17.1130905151, 24.6669921875, 29.9949092865, 30.4714889526, 32.6260719299, 24.8236408234, 16.3391342163, 20.0337791443, 7.77105808258, 9.21163463593, 7.54533147812, 3.86995363235, 3.56369829178, 4.31988716125, 2.97822904587, 2.32527422905, 1.44507372379, 0.770447552204, 0.624394357204, 0.197784483433, 0.0608238130808, 0.0124474978074, 0.00128324388061, 2.73637942882e-05, 1.15296870717e-05],
        "dmean2": [0.121234446764, 0.646009147167, 1.04588770866, 4.31632137299, 16.9627532959, 14.3299236298, 8.18749046326, 9.45222568512, 29.9323558807, 31.2590141296, 47.9704208374, 47.1734924316, 34.0239562988, 38.1747627258, 37.408241272, 26.7093009949, 40.2516098022, 47.2674179077, 48.8219680786, 50.672744751, 39.328792572, 25.7621669769, 31.8931694031, 12.3060379028, 14.8130054474, 11.9622707367, 6.26932382584, 5.58713436127, 7.02294206619, 4.62669086456, 3.65598678589, 2.17668175697, 1.09260678291, 0.941685199738, 0.305866897106, 0.0937619656324, 0.0193094294518, 0.00207623327151, 4.27799423051e-05, 1.7415441107e-05],
        "dvar": [0.0281626284122, 0.860796868801, 1.6702157259, 23.9002494812, 933.801940918, 499.420532227, 70.9476318359, 143.73248291, 1437.95007324, 2200.48022461, 2710.3203125, 4325.42773438, 3783.77905273, 3438.296875, 4171.10791016, 705.37097168, 4275.41699219, 3758.15625, 2917.61083984, 6224.40429688, 3822.92602539, 888.243896484, 1033.22473145, 112.074897766, 185.548492432, 126.231208801, 63.7912635803, 69.7249984741, 283.20022583, 41.1963119507, 15.44024086, 8.5905380249, 5.69025754929, 2.99798130989, 0.388601213694, 0.0263002496213, 0.00108103943057, 1.06385614345e-05, 3.65587160545e-09, 2.39420649972e-10],
        "dvar2": [0.068685144186, 2.33147263527, 4.45785713196, 66.7090682983, 2245.72241211, 1370.1373291, 188.666122437, 362.062561035, 3094.13793945, 4356.00878906, 6792.77441406, 10124.6699219, 7929.81542969, 7070.19775391, 8923.49804688, 1599.51245117, 11283.2490234, 9526.86816406, 6996.19189453, 17022.5390625, 10159.7792969, 2030.43701172, 2523.93676758, 272.309112549, 481.44921875, 317.49597168, 161.760284424, 166.45552063, 666.538085938, 80.599571228, 36.9608078003, 16.0341873169, 6.57798671722, 4.92167663574, 0.77505248785, 0.0526611171663, 0.00232502841391, 2.55329687207e-05, 8.14036571484e-09, 5.74738256987e-10],
        "max": [1.89427769184, 9.32542991638, 17.4858951569, 58.7712898254, 337.304870605, 277.652526855, 81.2464065552, 148.542800903, 637.127990723, 971.964660645, 706.78503418, 960.80279541, 941.965148926, 802.323486328, 1577.94348145, 377.460327148, 1118.73461914, 924.324829102, 865.794189453, 1725.47741699, 1038.65759277, 557.902160645, 632.604309082, 173.116165161, 161.787811279, 139.892822266, 117.964851379, 164.870437622, 565.01574707, 201.81439209, 62.225856781, 70.02709198, 81.2856216431, 51.0501785278, 17.6968631744, 3.96975040436, 0.854125857353, 0.040815860033, 0.00088546203915, 0.000166289173649],
        "mean": [0.161817669868, 0.607215940952, 1.3412321806, 4.49592447281, 12.4397106171, 10.3457231522, 7.58340883255, 8.22287845612, 33.5913887024, 32.0219573975, 53.5390815735, 53.9062995911, 32.7908248901, 40.3468513489, 43.9468078613, 32.5358772278, 39.4961433411, 49.3758392334, 53.2179450989, 57.7737388611, 42.4787750244, 34.662322998, 40.4451179504, 17.1224079132, 18.1288375854, 15.17436409, 7.00861215591, 5.98099136353, 8.48539733887, 5.92308092117, 4.57223272324, 3.27725577354, 1.57949471474, 1.07389056683, 0.302960336208, 0.087855130434, 0.0164834726602, 0.00141477410216, 4.87025827169e-05, 3.70951202058e-05],
        "median": [0.108250334859, 0.383062720299, 0.992893874645, 2.83287549019, 4.91389989853, 4.5627784729, 4.09540081024, 4.31329393387, 9.61117744446, 14.2053546906, 25.7393360138, 18.6791362762, 14.1171016693, 15.4953145981, 13.5474500656, 17.5714588165, 16.2249526978, 21.7562255859, 25.5041294098, 24.5501594543, 18.9407291412, 17.3645858765, 24.9347648621, 13.7095842361, 12.5587377548, 8.96119689941, 3.80248975754, 2.40777373314, 3.4010925293, 2.93458890915, 2.74090385437, 1.81863760948, 0.793660759926, 0.496419936419, 0.117850139737, 0.0254340041429, 0.00419074529782, 0.000293551653158, 2.66298720817e-05, 3.37026431225e-05],
        "min": [0.000169117221958, 0.000527601223439, 0.00183690118138, 0.0103002404794, 0.0415955707431, 0.112182028592, 0.0640880763531, 0.052605971694, 0.151541948318, 0.137519598007, 0.210670426488, 0.354879260063, 0.829988241196, 0.716095209122, 0.686491131783, 0.599181115627, 0.687306880951, 0.757474303246, 0.409350603819, 0.318857014179, 0.530107975006, 0.387995243073, 0.381482332945, 0.303539097309, 0.264732569456, 0.162508100271, 0.142112120986, 0.0624066479504, 0.13499802351, 0.0817963480949, 0.0940229147673, 0.0484315343201, 0.022861905396, 0.00573626346886, 0.000348057685187, 3.24996472045e-05, 7.60080229156e-06, 1.34358253945e-06, 2.8897750326e-06, 1.82908172519e-06],
        "var": [0.0406484268606, 0.794444262981, 1.89167118073, 28.0982570648, 902.927612305, 410.010528564, 103.513923645, 185.121658325, 3596.59472656, 4256.40185547, 6740.625, 10227.1015625, 5621.76416016, 6845.35791016, 13442.2226562, 2259.02539062, 6418.74462891, 7121.08984375, 6635.62744141, 12770.8867188, 5899.50732422, 3021.38574219, 3103.44091797, 230.188522339, 369.831359863, 284.49331665, 90.1959228516, 157.833755493, 853.909729004, 150.081100464, 33.6197013855, 25.3289642334, 21.4943771362, 9.39132404327, 0.980620741844, 0.0633739307523, 0.00192106573377, 1.32468885568e-05, 6.29824636889e-09, 4.24936252852e-10]
    },
    "gfcc": {
        "mean": [24.7413825989, 98.7759246826, -136.907211304, 41.0121841431, -63.9586791992, 24.4902954102, -41.9048461914, 13.8311357498, -15.5954208374, -1.91600072384, -11.3273439407, -8.21343517303, -10.1997776031],
        "cov": [[1427.26489258, -611.091796875, -87.270072937, -20.3610839844, -40.8422698975, -75.3716201782, -60.0696220398, 81.4174346924, -84.3746948242, 98.7438659668, -177.010009766, 115.232307434, -116.591255188], [-611.091796875, 736.972290039, -64.0626068115, -12.7961387634, 111.039413452, 16.0483436584, 101.625328064, -39.4482498169, 101.116363525, -84.2116928101, 189.103805542, -101.866706848, 97.6706466675], [-87.270072937, -64.0626068115, 398.804107666, 112.627708435, -25.344291687, 21.8544082642, -59.3756523132, -22.6392917633, -37.4571685791, 39.3019943237, -68.8676605225, 50.2349624634, -19.2821063995], [-20.3610839844, -12.7961387634, 112.627708435, 234.715072632, 48.9612808228, 13.0935335159, -59.1303405762, -3.79835343361, 36.9331665039, -24.4253616333, -14.6859273911, 15.6318044662, 59.4948654175], [-40.8422698975, 111.039413452, -25.344291687, 48.9612808228, 173.652206421, 59.3470649719, 29.3509025574, 18.747882843, 40.1668968201, -11.6494045258, 1.71157622337, 18.3325862885, 41.4202270508], [-75.3716201782, 16.0483436584, 21.8544082642, 13.0935335159, 59.3470649719, 157.644500732, 74.7871246338, 3.60804009438, 1.42218089104, -6.53116750717, -1.75003349781, -2.42969274521, 37.2554283142], [-60.0696220398, 101.625328064, -59.3756523132, -59.1303405762, 29.3509025574, 74.7871246338, 155.378814697, 19.5207881927, -10.5780363083, -10.2157564163, 34.9324226379, -18.1084327698, 4.41892433167], [81.4174346924, -39.4482498169, -22.6392917633, -3.79835343361, 18.747882843, 3.60804009438, 19.5207881927, 110.158935547, 64.9591903687, 28.2951278687, 1.8844730854, 11.5467252731, 0.342635154724], [-84.3746948242, 101.116363525, -37.4571685791, 36.9331665039, 40.1668968201, 1.42218089104, -10.5780363083, 64.9591903687, 144.941329956, 13.3593416214, 35.9282569885, -19.138628006, 41.7433738708], [98.7438659668, -84.2116928101, 39.3019943237, -24.4253616333, -11.6494045258, -6.53116750717, -10.2157564163, 28.2951278687, 13.3593416214, 98.4499435425, 15.7507019043, 25.1605319977, -31.3515357971], [-177.010009766, 189.103805542, -68.8676605225, -14.6859273911, 1.71157622337, -1.75003349781, 34.9324226379, 1.8844730854, 35.9282569885, 15.7507019043, 149.631332397, -11.6847801208, 24.7804813385], [115.232307434, -101.866706848, 50.2349624634, 15.6318044662, 18.3325862885, -2.42969274521, -18.1084327698, 11.5467252731, -19.138628006, 25.1605319977, -11.6847801208, 90.5847320557, 4.75591993332], [-116.591255188, 97.6706466675, -19.2821063995, 59.4948654175, 41.4202270508, 37.2554283142, 4.41892433167, 0.342635154724, 41.7433738708, -31.3515357971, 24.7804813385, 4.75591993332, 97.7425460815]],
        "icov": [[0.00147888553329, 0.00012214409071, 0.00136994931381, -0.000988371204585, 0.000390348141082, 0.000175763838342, -8.50364958751e-05, -0.000811187492218, 0.000815476756543, -0.00156769354362, 0.0018324891571, -0.00153183366638, 0.00104699493386], [0.00012214409071, 0.00808729883283, -0.00478442851454, 0.00438610231504, -0.00685723824427, 0.00533920992166, -0.00391457090154, 0.00373632553965, -0.00396974012256, 0.00639872066677, -0.00917358696461, 0.00756085338071, -0.00480892183259], [0.00136994931381, -0.00478442851454, 0.00842497311532, -0.00609846133739, 0.00584763754159, -0.00452940165997, 0.00261132861488, -0.001950094942, 0.00331051484682, -0.0072985435836, 0.00872979778796, -0.00770440511405, 0.00533303339034], [-0.000988371204585, 0.00438610231504, -0.00609846133739, 0.0107701588422, -0.00593431154266, 0.00287991017103, 0.000608090544119, 0.00203918805346, -0.00338992848992, 0.0067035923712, -0.00682957936078, 0.0057554836385, -0.00688875187188], [0.000390348141082, -0.00685723824427, 0.00584763754159, -0.00593431154266, 0.0144542101771, -0.00707005243748, 0.00187952502165, -0.00254189036787, 0.000899391132407, -0.00547821680084, 0.00939646456391, -0.010156868957, 0.00454773008823], [0.000175763838342, 0.00533920992166, -0.00452940165997, 0.00287991017103, -0.00707005243748, 0.0148389842361, -0.00829525105655, 0.00300522893667, -0.0016542224912, 0.00201275665313, -0.00417026039213, 0.00655530858785, -0.00797718763351], [-8.50364958751e-05, -0.00391457090154, 0.00261132861488, 0.000608090544119, 0.00187952502165, -0.00829525105655, 0.0145031232387, -0.00630177557468, 0.00545270973817, -0.000722911790945, 0.000843401241582, -0.00144233333413, 0.00298275891691], [-0.000811187492218, 0.00373632553965, -0.001950094942, 0.00203918805346, -0.00254189036787, 0.00300522893667, -0.00630177557468, 0.0189196914434, -0.0118732396513, 0.00109397247434, -0.00233806925826, -0.000219310517423, -0.000151749933138], [0.000815476756543, -0.00396974012256, 0.00331051484682, -0.00338992848992, 0.000899391132407, -0.0016542224912, 0.00545270973817, -0.0118732396513, 0.0184473153204, -0.00694222515449, 0.00301913381554, 0.00201147980988, -0.00326791359112], [-0.00156769354362, 0.00639872066677, -0.0072985435836, 0.0067035923712, -0.00547821680084, 0.00201275665313, -0.000722911790945, 0.00109397247434, -0.00694222515449, 0.0236222781241, -0.0132308052853, 0.0031436723657, 0.00154218042735], [0.0018324891571, -0.00917358696461, 0.00872979778796, -0.00682957936078, 0.00939646456391, -0.00417026039213, 0.000843401241582, -0.00233806925826, 0.00301913381554, -0.0132308052853, 0.0226155016571, -0.010840411298, 0.00407017907128], [-0.00153183366638, 0.00756085338071, -0.00770440511405, 0.0057554836385, -0.010156868957, 0.00655530858785, -0.00144233333413, -0.000219310517423, 0.00201147980988, 0.0031436723657, -0.010840411298, 0.0254654064775, -0.0108756208792], [0.00104699493386, -0.00480892183259, 0.00533303339034, -0.00688875187188, 0.00454773008823, -0.00797718763351, 0.00298275891691, -0.000151749933138, -0.00326791359112, 0.00154218042735, 0.00407017907128, -0.0108756208792, 0.0238970797509]]
    },
    "melbands": {
        "dmean": [0.00063156633405, 0.000374277704395, 0.000633578572888, 0.000796200707555, 0.000178535585292, 0.000127555380459, 0.000312115007546, 0.000223681126954, 0.000254607817624, 0.000182751988177, 0.000113242444058, 0.000109563137812, 8.44936512294e-05, 6.46882108413e-05, 4.88121950184e-05, 5.65386799281e-05, 5.90884083067e-05, 5.29329372512e-05, 4.06020553783e-05, 4.18668678321e-05, 2.99941639241e-05, 1.4830667169e-05, 2.83425797534e-05, 1.5199140762e-05, 6.06695812166e-06, 6.76480840411e-06, 7.64146898291e-06, 4.60966612081e-06, 2.91539799946e-06, 1.86868339824e-06, 2.24854375119e-06, 2.86378804049e-06, 1.96362316274e-06, 1.74302863343e-06, 1.48972492298e-06, 1.17413514999e-06, 8.6317959358e-07, 5.42428153949e-07, 6.77818263739e-07, 4.97665553212e-07],
        "dmean2": [0.000984165002592, 0.000595403136685, 0.00102832913399, 0.00126332929358, 0.000305942812702, 0.000210569196497, 0.00047799909953, 0.000339131162036, 0.00039936718531, 0.000279766740277, 0.00017255860439, 0.000163755903486, 0.00012945618073, 0.000100600911537, 8.10362471384e-05, 9.27943037823e-05, 9.38250741456e-05, 8.4736107965e-05, 6.32416995359e-05, 6.59564539092e-05, 4.75922170153e-05, 2.37684926105e-05, 4.42436612502e-05, 2.49063996307e-05, 9.65184972301e-06, 1.10365854198e-05, 1.22533192553e-05, 7.46017531128e-06, 4.83398389406e-06, 2.98895247397e-06, 3.67163534065e-06, 4.77368303109e-06, 2.83301096715e-06, 2.80710355582e-06, 2.41457973971e-06, 1.82589951692e-06, 1.29332261167e-06, 7.97541417796e-07, 1.03301931631e-06, 7.46774503568e-07],
        "dvar": [1.86022077742e-06, 5.83254973208e-07, 1.70692896972e-06, 4.83118037664e-06, 1.13380494327e-07, 6.847707823e-08, 3.71003096689e-07, 2.02406013727e-07, 1.78999286504e-07, 1.54232978389e-07, 1.01178855516e-07, 6.85886405449e-08, 6.05594081549e-08, 1.68476468332e-08, 1.81069967908e-08, 1.8309414429e-08, 1.35478588348e-08, 9.76318048629e-09, 6.79156952899e-09, 1.00070733922e-08, 6.41808517443e-09, 6.51962872578e-10, 3.11487036164e-09, 4.88221629791e-10, 7.94296642348e-11, 1.20435189599e-10, 1.30917734986e-10, 5.08219369366e-11, 4.17966564137e-11, 1.19772004814e-11, 2.92435659022e-11, 1.27458987809e-10, 3.04098031478e-11, 1.07701790195e-11, 6.59882348417e-12, 4.24404044894e-12, 4.30653603056e-12, 2.87915004338e-12, 4.0926463607e-12, 1.79447526717e-12],
        "dvar2": [4.76645709568e-06, 1.51461097175e-06, 4.36961818195e-06, 1.2204437553e-05, 3.12037713002e-07, 1.70882827888e-07, 8.16923034108e-07, 4.1226940084e-07, 4.43939626393e-07, 3.71223478624e-07, 2.10280205692e-07, 1.40636885249e-07, 1.39689021239e-07, 3.41298616036e-08, 4.94866156941e-08, 4.77640291763e-08, 3.38015979651e-08, 2.31688890295e-08, 1.69472702538e-08, 2.6643844464e-08, 1.72066076942e-08, 1.59446467141e-09, 6.78258293973e-09, 1.23993448842e-09, 1.98839639198e-10, 3.30089566791e-10, 3.30688726402e-10, 1.27372695724e-10, 1.10509185136e-10, 2.90571820077e-11, 6.86949594431e-11, 3.40887373884e-10, 4.40536149227e-11, 2.41847826488e-11, 1.68474453138e-11, 9.86993646535e-12, 8.04172613916e-12, 3.40551718769e-12, 6.47856724864e-12, 3.02317459261e-12],
        "max": [0.0144886486232, 0.00821599084884, 0.0131499934942, 0.025652192533, 0.00351039273664, 0.00385333551094, 0.00988283753395, 0.00860683992505, 0.00540482159704, 0.00516870291904, 0.00462404033169, 0.00366417760961, 0.00589519692585, 0.0026742562186, 0.0022245394066, 0.00199103378691, 0.00152482790872, 0.00152901350521, 0.00134544097818, 0.00175307760946, 0.00139642634895, 0.000370104651665, 0.00106101401616, 0.000287176895654, 0.000140116433613, 0.000184165794053, 0.000138647519634, 8.59936626512e-05, 0.000102715901448, 5.37245541636e-05, 0.000101402336441, 0.000326878216583, 0.000220462083234, 7.31247855583e-05, 4.23186502303e-05, 3.81819227186e-05, 5.87855938647e-05, 5.69818257645e-05, 6.12924995949e-05, 3.91461362597e-05],
        "mean": [0.00120032439008, 0.000735106877983, 0.000975054630544, 0.000935187854338, 0.000266713032033, 0.000179855487659, 0.000530934077688, 0.000348835339537, 0.000451259518741, 0.0003059450828, 0.00015830839402, 0.000164787110407, 0.000139957555803, 0.000117727562611, 7.32295084163e-05, 8.71359952725e-05, 9.06621135073e-05, 8.47674382385e-05, 6.90801171004e-05, 7.17900766176e-05, 4.56796078652e-05, 2.87447946903e-05, 5.00785172335e-05, 2.88399096462e-05, 1.14350777949e-05, 1.1796912986e-05, 1.46375386976e-05, 8.58124349179e-06, 4.66553001388e-06, 3.07756636175e-06, 3.49617948814e-06, 5.0001353884e-06, 3.98787460654e-06, 3.02294711219e-06, 2.66341248789e-06, 2.37450785789e-06, 1.81658299425e-06, 1.02264027646e-06, 1.17296428925e-06, 7.93178003278e-07],
        "median": [0.000819884589873, 0.000552915269509, 0.000587038579397, 0.000362173683243, 0.00015246521798, 8.99001970538e-05, 0.000159736679052, 0.000173492619069, 0.000214258150663, 9.64794744505e-05, 5.64751971979e-05, 5.77038954361e-05, 3.30947514158e-05, 5.60636617593e-05, 3.19658247463e-05, 3.64646184607e-05, 3.74779410777e-05, 3.56443924829e-05, 3.76113821403e-05, 2.37418626057e-05, 2.00834911084e-05, 1.5013909433e-05, 2.17435626837e-05, 1.86033721548e-05, 8.13496080809e-06, 7.54634311306e-06, 8.81318646861e-06, 5.07010008732e-06, 2.20593983613e-06, 1.37492577323e-06, 1.33158641802e-06, 2.03641752705e-06, 1.64664095337e-06, 1.49084996792e-06, 1.59438445735e-06, 1.25146061691e-06, 9.9849671642e-07, 4.89345097776e-07, 4.90002605602e-07, 3.53391698127e-07],
        "min": [1.2603165942e-06, 7.69468044837e-07, 1.4195481981e-06, 8.42467397888e-06, 2.72664374279e-06, 8.06403761544e-07, 2.04833395401e-06, 1.84979933238e-06, 1.57994338679e-06, 1.97813915292e-06, 3.11647545459e-06, 1.93019218386e-06, 9.50901892338e-07, 1.35084439989e-06, 7.03024454651e-07, 1.41559826261e-06, 9.37752759e-07, 4.61520073713e-07, 7.70590133925e-07, 2.70380411393e-07, 7.01506166934e-07, 1.75734427899e-07, 1.98137996676e-07, 3.43949892567e-07, 2.12385984355e-07, 1.13390065337e-07, 7.82596387694e-08, 9.5950376533e-08, 6.93433364063e-08, 3.79311906329e-08, 7.39791339299e-09, 3.25224966957e-08, 3.96045294337e-08, 3.17126875871e-08, 6.07796835084e-08, 2.18416698061e-08, 1.72607705906e-08, 1.24730643591e-08, 5.57864376916e-09, 1.81414150369e-09],
