{
"highlevel": {
    "danceability": {
        "all": {
            "danceable": 0.0450652018189,
            "not_danceable": 0.954934775829
        },
        "probability": 0.954934775829,
        "value": "not_danceable"
    },
    "gender": {
        "all": {
            "female": 0.508290290833,
            "male": 0.491709709167
        },
        "probability": 0.508290290833,
        "value": "female"
    },
    "genre_dortmund": {
        "all": {
            "alternative": 0.0555089265108,
            "blues": 0.301037818193,
            "electronic": 0.0171350389719,
            "folkcountry": 0.0606112256646,
            "funksoulrnb": 0.0932165980339,
            "jazz": 0.407750755548,
            "pop": 0.0178167372942,
            "raphiphop": 0.00223982776515,
            "rock": 0.0446830876172
        },
        "probability": 0.407750755548,
        "value": "jazz"
    },
    "genre_electronic": {
        "all": {
            "ambient": 0.837937116623,
            "dnb": 0.0367116183043,
            "house": 0.0655757039785,
            "techno": 0.00702892430127,
            "trance": 0.0527466163039
        },
        "probability": 0.837937116623,
        "value": "ambient"
    },
    "genre_rosamerica": {
        "all": {
            "cla": 0.018374664709,
            "dan": 0.00788897182792,
            "hip": 0.00232924125157,
            "jaz": 0.0879374518991,
            "pop": 0.0681689307094,
            "rhy": 0.79480701685,
            "roc": 0.0186964217573,
            "spe": 0.0017972899368
        },
        "probability": 0.79480701685,
        "value": "rhy"
    },
    "genre_tzanetakis": {
        "all": {
            "blu": 0.0626541376114,
            "cla": 0.0348133966327,
            "cou": 0.0783501937985,
            "dis": 0.104547761381,
            "hip": 0.15693578124,
            "jaz": 0.313987255096,
            "met": 0.044816005975,
            "pop": 0.0627349764109,
            "reg": 0.0627352520823,
            "roc": 0.0784252434969
        },
        "probability": 0.313987255096,
        "value": "jaz"
    },
    "ismir04_rhythm": {
        "all": {
            "ChaChaCha": 0.00724776647985,
            "Jive": 0.00267945602536,
            "Quickstep": 0.00794442743063,
            "Rumba-American": 0.0148177947849,
            "Rumba-International": 0.00403765961528,
            "Rumba-Misc": 0.00220593577251,
            "Samba": 0.00833226274699,
            "Tango": 0.831990301609,
            "VienneseWaltz": 0.114856183529,
            "Waltz": 0.00588822038844
        },
        "probability": 0.831990301609,
        "value": "Tango"
    },
    "mood_acoustic": {
        "all": {
            "acoustic": 0.253526687622,
            "not_acoustic": 0.746473312378
        },
        "probability": 0.746473312378,
        "value": "not_acoustic"
    },
    "mood_aggressive": {
        "all": {
            "aggressive": 0.266186028719,
            "not_aggressive": 0.733813941479
        },
        "probability": 0.733813941479,
        "value": "not_aggressive"
    },
    "mood_electronic": {
        "all": {
            "electronic": 0.16373296082,
            "not_electronic": 0.836267054081
        },
        "probability": 0.836267054081,
        "value": "not_electronic"
    },
    "mood_happy": {
        "all": {
            "happy": 0.808023631573,
            "not_happy": 0.191976368427
        },
        "probability": 0.808023631573,
        "value": "happy"
    },
    "mood_party": {
        "all": {
            "not_party": 0.379721283913,
            "party": 0.620278716087
        },
        "probability": 0.620278716087,
        "value": "party"
    },
    "mood_relaxed": {
        "all": {
            "not_relaxed": 0.788505315781,
            "relaxed": 0.211494669318
        },
        "probability": 0.788505315781,
        "value": "not_relaxed"
    },
    "mood_sad": {
        "all": {
            "not_sad": 0.227996781468,
            "sad": 0.772003233433
        },
        "probability": 0.772003233433,
        "value": "sad"
    },
    "moods_mirex": {
        "all": {
            "Cluster1": 0.221797123551,
            "Cluster2": 0.241635933518,
            "Cluster3": 0.200026214123,
            "Cluster4": 0.235783144832,
            "Cluster5": 0.100757591426
        },
        "probability": 0.241635933518,
        "value": "Cluster2"
    },
    "timbre": {
        "all": {
            "bright": 0.913631856441,
            "dark": 0.0863681435585
        },
        "probability": 0.913631856441,
        "value": "bright"
    },
    "tonal_atonal": {
        "all": {
            "atonal": 0.0124975061044,
            "tonal": 0.987502515316
        },
        "probability": 0.987502515316,
        "value": "tonal"
    },
    "voice_instrumental": {
        "all": {
            "instrumental": 0.589165270329,
            "voice": 0.410834729671
        },
        "probability": 0.589165270329,
        "value": "instrumental"
    }
},
"lowlevel": {
    "average_loudness": 0.918349981308,
    "barkbands_crest": {
        "dmean": 1.94906187057,
        "dmean2": 3.08642220497,
        "dvar": 3.78717780113,
        "dvar2": 8.77524185181,
        "max": 23.0037078857,
        "mean": 9.35032939911,
        "median": 8.60249614716,
        "min": 3.4774324894,
        "var": 12.7116594315
    },
    "barkbands_flatness_db": {
        "dmean": 0.0178196076304,
        "dmean2": 0.0268477778882,
        "dvar": 0.000369797518943,
        "dvar2": 0.000793070590589,
        "max": 0.291401088238,
        "mean": 0.165871351957,
        "median": 0.159799918532,
        "min": 0.0613106563687,
        "var": 0.00158636970446
    },
    "barkbands_kurtosis": {
        "dmean": 1.10411393642,
        "dmean2": 1.66118991375,
        "dvar": 4.96083641052,
        "dvar2": 10.2897100449,
        "max": 31.4795150757,
        "mean": 0.739389896393,
        "median": -0.00877904891968,
        "min": -1.74068152905,
        "var": 8.76271247864
    },
    "barkbands_skewness": {
        "dmean": 0.353746265173,
        "dmean2": 0.5129378438,
        "dvar": 0.173151552677,
        "dvar2": 0.335321038961,
        "max": 4.92002439499,
        "mean": 0.538985788822,
        "median": 0.428682386875,
        "min": -1.40318906307,
        "var": 0.646030426025
    },
    "barkbands_spread": {
        "dmean": 4.01436138153,
        "dmean2": 6.01268100739,
        "dvar": 29.4223251343,
        "dvar2": 57.7956542969,
        "max": 78.8138580322,
        "mean": 21.060005188,
        "median": 18.5172367096,
        "min": 2.80810499191,
        "var": 132.63710022
    },
    "dissonance": {
        "dmean": 0.0217230767012,
        "dmean2": 0.0366740375757,
        "dvar": 0.000463510397822,
        "dvar2": 0.00128726952244,
        "max": 0.499965339899,
        "mean": 0.456199496984,
        "median": 0.462083399296,
        "min": 0.294307291508,
        "var": 0.000787752214819
    },
    "dynamic_complexity": 3.37512111664,
    "erbbands_crest": {
        "dmean": 2.49062180519,
        "dmean2": 3.75337982178,
        "dvar": 7.16583585739,
        "dvar2": 15.5988121033,
        "max": 29.397939682,
        "mean": 11.4546756744,
        "median": 9.72861003876,
        "min": 2.93101406097,
        "var": 29.836769104
    },
    "erbbands_flatness_db": {
        "dmean": 0.019078342244,
        "dmean2": 0.0277695693076,
        "dvar": 0.000495148473419,
        "dvar2": 0.000917391094845,
        "max": 0.348491191864,
        "mean": 0.214503899217,
        "median": 0.216414004564,
        "min": 0.0829766914248,
        "var": 0.00183026900049
    },
    "erbbands_kurtosis": {
        "dmean": 0.815105974674,
        "dmean2": 1.26507270336,
        "dvar": 1.20397341251,
        "dvar2": 2.60255098343,
        "max": 18.7671070099,
        "mean": 0.721960484982,
        "median": 0.280837535858,
        "min": -1.59073507786,
        "var": 3.25663089752
    },
    "erbbands_skewness": {
        "dmean": 0.281221687794,
        "dmean2": 0.414696484804,
        "dvar": 0.086383536458,
        "dvar2": 0.181672915816,
        "max": 2.73783612251,
        "mean": 0.115306787193,
        "median": 0.172129824758,
        "min": -1.87179803848,
        "var": 0.484278708696
    },
    "erbbands_spread": {
        "dmean": 5.75937366486,
        "dmean2": 8.71745109558,
        "dvar": 61.5124511719,
        "dvar2": 130.122940063,
        "max": 116.353599548,
        "mean": 25.0837917328,
        "median": 20.8930110931,
        "min": 3.49242305756,
        "var": 227.433929443
    },
    "hfc": {
        "dmean": 5.04458093643,
        "dmean2": 7.37340545654,
        "dvar": 45.6761398315,
        "dvar2": 98.9247283936,
        "max": 84.5873031616,
        "mean": 25.3617553711,
        "median": 22.2955513,
        "min": 0.450477808714,
        "var": 380.212432861
    },
    "melbands_crest": {
        "dmean": 2.47067856789,
        "dmean2": 3.87730979919,
        "dvar": 6.35609149933,
        "dvar2": 16.1475143433,
        "max": 27.8960647583,
        "mean": 11.8298358917,
        "median": 11.3880634308,
        "min": 4.34068059921,
        "var": 16.1706085205
    },
    "melbands_flatness_db": {
        "dmean": 0.0192556343973,
        "dmean2": 0.027921307832,
        "dvar": 0.000544282607734,
        "dvar2": 0.00106717715971,
        "max": 0.355269104242,
        "mean": 0.190564155579,
        "median": 0.17505171895,
        "min": 0.067612528801,
        "var": 0.00319987651892
    },
    "melbands_kurtosis": {
        "dmean": 2.4544377327,
        "dmean2": 3.73603057861,
        "dvar": 33.5606498718,
        "dvar2": 79.6053237915,
        "max": 88.5482177734,
        "mean": 3.27465724945,
        "median": 1.13461256027,
        "min": -1.61202573776,
        "var": 56.3852958679
    },
    "melbands_skewness": {
        "dmean": 0.449646294117,
        "dmean2": 0.656782031059,
        "dvar": 0.34015455842,
        "dvar2": 0.704001307487,
        "max": 8.29457855225,
        "mean": 1.19630289078,
        "median": 0.914526343346,
        "min": -1.75975251198,
        "var": 1.22478175163
    },
    "melbands_spread": {
        "dmean": 5.86749076843,
        "dmean2": 8.58965873718,
        "dvar": 45.2298622131,
        "dvar2": 94.1505737305,
        "max": 101.849639893,
        "mean": 31.8557853699,
        "median": 29.3536281586,
        "min": 2.5161716938,
        "var": 284.68548584
    },
    "pitch_salience": {
        "dmean": 0.0584413148463,
        "dmean2": 0.0909625068307,
        "dvar": 0.00315167265944,
        "dvar2": 0.00739478273317,
        "max": 0.830905675888,
        "mean": 0.548251986504,
        "median": 0.544606924057,
        "min": 0.191397473216,
        "var": 0.0102310786024
    },
    "silence_rate_20dB": {
        "dmean": 0,
        "dmean2": 0,
        "dvar": 0,
        "dvar2": 0,
        "max": 1,
        "mean": 1,
        "median": 1,
        "min": 1,
        "var": 0
    },
    "silence_rate_30dB": {
        "dmean": 0,
        "dmean2": 0,
        "dvar": 0,
        "dvar2": 0,
        "max": 1,
        "mean": 1,
        "median": 1,
        "min": 1,
        "var": 0
    },
    "silence_rate_60dB": {
        "dmean": 0.0232198145241,
        "dmean2": 0.0464756004512,
        "dvar": 0.0226809233427,
        "dvar2": 0.0551592707634,
        "max": 1,
        "mean": 0.0425367355347,
        "median": 0,
        "min": 0,
        "var": 0.0407269187272
    },
    "spectral_centroid": {
        "dmean": 222.311218262,
        "dmean2": 320.842285156,
        "dvar": 71557.1796875,
        "dvar2": 142405.8125,
        "max": 3247.8449707,
        "mean": 1684.02819824,
        "median": 1817.17907715,
        "min": 300.874267578,
        "var": 488658.71875
    },
    "spectral_complexity": {
        "dmean": 2.43730640411,
        "dmean2": 3.9062743187,
        "dvar": 8.11136627197,
        "dvar2": 19.4700050354,
        "max": 42,
        "mean": 16.9992275238,
        "median": 17,
        "min": 2,
        "var": 34.1554946899
    },
    "spectral_decrease": {
        "dmean": 1.19114207386e-09,
        "dmean2": 1.74457492896e-09,
        "dvar": 2.82747311253e-18,
        "dvar2": 5.71051249629e-18,
        "max": -2.40728770251e-10,
        "mean": -5.13422504511e-09,
        "median": -4.54574378139e-09,
        "min": -1.90084143981e-08,
        "var": 1.19783288313e-17
    },
    "spectral_energy": {
        "dmean": 0.0048799533397,
        "dmean2": 0.00713715841994,
        "dvar": 4.53470202046e-05,
        "dvar2": 9.19785816222e-05,
        "max": 0.0769084393978,
        "mean": 0.0216781403869,
        "median": 0.0194262061268,
        "min": 0.00102623878047,
        "var": 0.000212141414522
    },
    "spectral_energyband_high": {
        "dmean": 0.000227412805543,
        "dmean2": 0.00036899119732,
        "dvar": 1.43449469192e-07,
        "dvar2": 3.76382843115e-07,
        "max": 0.00533955590799,
        "mean": 0.000600821222179,
        "median": 0.000576598977204,
        "min": 8.75081411778e-07,
        "var": 3.37041029752e-07
    },
    "spectral_energyband_low": {
        "dmean": 0.00100126292091,
        "dmean2": 0.00153731496539,
        "dvar": 9.55859559326e-06,
        "dvar2": 2.32993497775e-05,
        "max": 0.0493076182902,
        "mean": 0.00265636388212,
        "median": 0.0017054527998,
        "min": 3.29378678998e-07,
        "var": 1.33253679451e-05
    },
    "spectral_energyband_middle_high": {
        "dmean": 0.00253058108501,
        "dmean2": 0.00380811933428,
        "dvar": 1.47395794556e-05,
        "dvar2": 2.95960089716e-05,
        "max": 0.0675949752331,
        "mean": 0.0109920194373,
        "median": 0.00767684774473,
        "min": 3.59707373718e-05,
        "var": 0.00011013924086
    },
    "spectral_energyband_middle_low": {
        "dmean": 0.00295158056542,
        "dmean2": 0.0043391501531,
        "dvar": 2.38102111325e-05,
        "dvar2": 4.90583261126e-05,
        "max": 0.0491406880319,
        "mean": 0.00774087430909,
        "median": 0.00531121948734,
        "min": 0.000398304517148,
        "var": 5.50464610569e-05
    },
    "spectral_entropy": {
        "dmean": 0.18326997757,
        "dmean2": 0.274173587561,
        "dvar": 0.0417564660311,
        "dvar2": 0.082494199276,
        "max": 8.45528888702,
        "mean": 7.15708065033,
        "median": 7.10421705246,
        "min": 6.23019695282,
        "var": 0.137441337109
    },
    "spectral_flux": {
        "dmean": 0.0244280397892,
        "dmean2": 0.0390507392585,
        "dvar": 0.000700506672729,
        "dvar2": 0.00166924437508,
        "max": 0.240351125598,
        "mean": 0.0690128281713,
        "median": 0.0607808306813,
        "min": 0.00840356852859,
        "var": 0.001805705484
    },
    "spectral_kurtosis": {
        "dmean": 3.06251835823,
        "dmean2": 5.25428247452,
        "dvar": 14.95266819,
        "dvar2": 43.4796867371,
        "max": 45.4869232178,
        "mean": 6.15920066833,
        "median": 4.49965810776,
        "min": -0.680787086487,
        "var": 29.572221756
    },
    "spectral_rms": {
        "dmean": 0.000510730023962,
        "dmean2": 0.000735471374355,
        "dvar": 4.2428482061e-07,
        "dvar2": 8.00378074928e-07,
        "max": 0.00866213720292,
        "mean": 0.00430694129318,
        "median": 0.00435343477875,
        "min": 0.0010006041266,
        "var": 2.59964713223e-06
    },
    "spectral_rolloff": {
        "dmean": 417.53036499,
        "dmean2": 692.515869141,
        "dvar": 521137.1875,
        "dvar2": 1033327.0625,
        "max": 9345.41015625,
        "mean": 1908.89111328,
        "median": 1658.05664062,
        "min": 193.798828125,
        "var": 1387723.875
    },
    "spectral_skewness": {
        "dmean": 0.335092395544,
        "dmean2": 0.552957653999,
        "dvar": 0.119821645319,
        "dvar2": 0.314382314682,
        "max": 5.05891704559,
        "mean": 1.52005672455,
        "median": 1.3290271759,
        "min": 0.374261260033,
        "var": 0.404514074326
    },
    "spectral_spread": {
        "dmean": 411089.375,
        "dmean2": 593980.4375,
        "dvar": 574276239360,
        "dvar2": 746084040704,
        "max": 21293688,
        "mean": 3351019.75,
        "median": 3202430.25,
        "min": 1326976.5,
        "var": 1.88019979059e+12
    },
    "spectral_strongpeak": {
        "dmean": 0.949681341648,
        "dmean2": 1.54853987694,
        "dvar": 1.94389295578,
        "dvar2": 4.44552278519,
        "max": 16.7471580505,
        "mean": 2.38427495956,
        "median": 1.3828496933,
        "min": 0,
        "var": 5.97256135941
    },
    "zerocrossingrate": {
        "dmean": 0.00707251951098,
        "dmean2": 0.00811469741166,
        "dvar": 7.67260862631e-05,
        "dvar2": 7.61724804761e-05,
        "max": 0.22998046875,
        "mean": 0.0635520890355,
        "median": 0.06591796875,
        "min": 0.01171875,
        "var": 0.000733403663617
    },
    "barkbands": {
        "dmean": [2.55740542343e-05, 0.000519444060046, 0.000406873296015, 0.000385638850275, 0.00143239984754, 0.000492040242534, 0.000309100520099, 0.000659785524476, 0.00091210618848, 0.000297835533274, 0.000404470745707, 0.000659110490233, 0.000963488593698, 0.00082236295566, 0.000565955415368, 0.000225307536311, 0.000120673816127, 7.40211544326e-05, 0.000334344746079, 0.000255616847426, 8.62090746523e-05, 4.0511284169e-05, 2.59837670455e-05, 1.77750207513e-05, 8.76592275745e-06, 2.70302007266e-06, 4.24465751436e-09],
        "dmean2": [4.53770117019e-05, 0.00080851156963, 0.000654086936265, 0.000614994962234, 0.00202665920369, 0.000801130663604, 0.000528868986294, 0.00103527132887, 0.00124860205688, 0.000415821850765, 0.000611803901847, 0.000993932015263, 0.00141508446541, 0.00125827081501, 0.000857195467688, 0.000363779487088, 0.000201921808184, 0.000121609577036, 0.000503042538185, 0.000398958858568, 0.000144948367961, 6.48203495075e-05, 4.16756411141e-05, 2.75537877314e-05, 1.37950009957e-05, 4.38506231148e-06, 5.41214761896e-09],
        "dvar": [1.78029093689e-08, 3.94049629904e-06, 1.82157396011e-06, 9.63363959272e-07, 1.18660755106e-05, 9.70189034888e-07, 1.07420999029e-06, 4.31433727499e-06, 3.61560910278e-06, 7.2198753287e-07, 1.22570975236e-06, 4.01634997615e-06, 6.02489217272e-06, 4.12121562476e-06, 1.5647001419e-06, 3.28255680415e-07, 6.77040219443e-08, 2.39240787181e-08, 2.3204481181e-07, 1.22455261931e-07, 2.87965402634e-08, 3.93874755034e-09, 1.93155513806e-09, 2.40260211726e-09, 7.36671945667e-10, 2.92978558081e-11, 1.02851865005e-14],
        "dvar2": [5.00289445426e-08, 9.87141447695e-06, 4.46971171186e-06, 2.23179017667e-06, 2.32945258176e-05, 2.3767690891e-06, 2.75697379948e-06, 9.99576059257e-06, 6.48501190881e-06, 1.32240097628e-06, 3.2318725971e-06, 7.72397652327e-06, 1.14658241728e-05, 9.74177510216e-06, 3.45355442732e-06, 7.62700892665e-07, 1.81926054665e-07, 6.63843380266e-08, 4.91795333346e-07, 2.86254845605e-07, 7.85160167993e-08, 1.03371204929e-08, 4.29797264445e-09, 4.63694904695e-09, 1.17140952494e-09, 7.48683753882e-11, 1.03469911065e-14],
        "max": [0.00287550850771, 0.034906513989, 0.0213955771178, 0.0170999094844, 0.0356262624264, 0.0114770280197, 0.0184380896389, 0.0352256670594, 0.0337625518441, 0.0286583993584, 0.0272773783654, 0.0655252486467, 0.0398340709507, 0.034235265106, 0.0153901772574, 0.00718407100067, 0.00279750302434, 0.00190595514141, 0.00680698640645, 0.00394621212035, 0.00225804676302, 0.000906699453481, 0.000711961183697, 0.000878810300492, 0.000722607655916, 9.92576387944e-05, 3.6410535813e-06],
        "mean": [3.59007390216e-05, 0.00154604483396, 0.000842005712911, 0.000579953368288, 0.00226498045959, 0.000866858696099, 0.000545164512005, 0.00102277460974, 0.00234338524751, 0.000563380308449, 0.00115150318015, 0.00196057837456, 0.00236087036319, 0.0018192686839, 0.00105335353874, 0.000405803119065, 0.000193570769625, 0.00012659051572, 0.00091432989575, 0.000721932039596, 0.0001614690118, 9.26006832742e-05, 5.09009478264e-05, 3.54491494363e-05, 1.48834369611e-05, 4.5963388402e-06, 3.88879728419e-09],
        "median": [1.69798704519e-06, 0.000564435496926, 0.000317926576827, 0.000171626234078, 0.000617615645751, 0.00049435463734, 0.000264232221525, 0.000288702081889, 0.0012927132193, 0.000203304138267, 0.000388667103834, 0.000456336827483, 0.000300497747958, 0.000440724048531, 0.000207813325687, 0.000132712797495, 8.74466131791e-05, 3.73960356228e-05, 0.000286754395347, 0.000466636789497, 0.000102264093584, 5.80530249863e-05, 3.40257101925e-05, 1.27572020574e-05, 5.03185401612e-06, 1.94215726879e-06, 2.62889876534e-10],
        "min": [4.15598133685e-09, 3.94260730729e-08, 1.28165680735e-07, 6.23392324428e-08, 2.97410115309e-05, 8.22825040814e-06, 9.55935206548e-07, 1.73934472514e-06, 6.5563131102e-06, 1.16069736578e-06, 1.54138490416e-06, 1.96154564946e-06, 2.45158435064e-06, 2.83365830001e-06, 3.20179333357e-06, 3.67684333469e-06, 1.32310890422e-06, 1.30798795794e-07, 9.34283775678e-07, 5.40401288163e-07, 4.29366053822e-07, 9.56053298751e-08, 7.71049357695e-08, 4.25233293022e-10, 3.81818916761e-11, 4.78693430381e-12, 7.03929883134e-12],
        "var": [1.7063911173e-08, 5.93435697738e-06, 2.47076627602e-06, 1.60415925166e-06, 2.06046879612e-05, 1.41339648962e-06, 1.11293741156e-06, 6.05340892434e-06, 1.25763353935e-05, 1.74301578681e-06, 2.90850107376e-06, 1.71834235516e-05, 3.52486822521e-05, 1.00715096778e-05, 3.84604436476e-06, 7.18210571904e-07, 9.45722007373e-08, 3.59569014563e-08, 1.46229263009e-06, 6.51604352697e-07, 4.21744772439e-08, 1.18806635641e-08, 4.37335190284e-09, 6.55925669335e-09, 2.32824737267e-09, 4.85127077399e-11, 1.0268205184e-14]
    },
    "erbbands": {
        "dmean": [0.0105073153973, 0.134394213557, 0.43783351779, 0.85713994503, 3.87633252144, 4.27302122116, 4.70547962189, 3.68874597549, 3.67785406113, 5.70965385437, 19.1666374207, 20.9317073822, 7.43473148346, 13.5754413605, 12.9528169632, 24.4248027802, 45.689907074, 36.6720085144, 31.7343292236, 26.7011966705, 8.49921226501, 6.53633069992, 3.7957201004, 7.00164175034, 17.8139457703, 9.526679039, 4.47819900513, 2.68357133865, 1.39207494259, 0.980713665485, 0.726914763451, 0.448791444302, 0.266498208046, 0.13157697022, 0.0490830987692, 0.0176078658551, 0.00462355418131, 0.00029475815245, 8.03663806437e-06, 6.10756569586e-06],
        "dmean2": [0.0164062455297, 0.209695354104, 0.693454563618, 1.32598900795, 5.52087450027, 6.28310537338, 7.22722911835, 5.96938943863, 6.20804977417, 9.52676677704, 29.8857593536, 27.7883358002, 10.6208343506, 18.5426273346, 20.0812454224, 37.0443992615, 64.2617797852, 56.9917526245, 45.9407997131, 39.9173202515, 13.1755056381, 10.7718229294, 6.36943864822, 10.5071697235, 25.7290039062, 14.5787191391, 7.54044532776, 4.41963005066, 2.25522065163, 1.56210196018, 1.14755761623, 0.693440318108, 0.414996981621, 0.203516155481, 0.0701828971505, 0.028232332319, 0.00755623495206, 0.000477870897157, 1.20403647088e-05, 8.86359521246e-06],
        "dvar": [0.00163839012384, 0.276992857456, 2.1284263134, 4.70459032059, 134.404388428, 140.529403687, 134.92338562, 64.5707321167, 108.152099609, 559.276916504, 3098.02197266, 2215.87890625, 555.924743652, 630.102294922, 3136.47900391, 3503.87084961, 15785.5634766, 9555.31640625, 5606.39990234, 4478.35546875, 291.966308594, 217.191665649, 76.2099990845, 154.026779175, 587.280639648, 160.323989868, 93.6732025146, 20.5858650208, 4.34960794449, 2.9924428463, 1.40134322643, 1.06056034565, 0.851973712444, 0.184631288052, 0.0270079355687, 0.00119198905304, 7.62330237194e-05, 2.40646443217e-07, 3.54685808501e-10, 6.55774323732e-11],
        "dvar2": [0.00385375320911, 0.707298099995, 5.21071147919, 10.6778373718, 272.460723877, 282.036590576, 281.100524902, 153.100021362, 264.610534668, 1492.28210449, 7203.88671875, 3550.34423828, 965.417602539, 1139.27453613, 7750.46875, 7581.05957031, 27389.546875, 23393.4570312, 11185.1972656, 10248.7519531, 703.493041992, 599.885742188, 218.491775513, 306.108673096, 1170.80090332, 371.641540527, 259.571868896, 54.4509277344, 11.2441558838, 7.6708855629, 2.96381545067, 2.1732943058, 1.65348696709, 0.329798609018, 0.0402435511351, 0.00280419900082, 0.000200823749765, 5.6060616771e-07, 5.24950971581e-10, 1.35892408437e-10],
        "max": [0.82604265213, 9.65517425537, 22.054315567, 40.155040741, 151.641616821, 160.279373169, 156.282836914, 136.753234863, 181.75479126, 451.021697998, 960.46472168, 761.486755371, 706.019104004, 430.920166016, 1224.0144043, 1748.16674805, 2237.35717773, 1948.78918457, 996.116760254, 982.768005371, 303.161529541, 166.370391846, 107.005210876, 196.720458984, 318.233520508, 192.921768188, 158.505645752, 52.8618888855, 24.5616531372, 27.3892211914, 19.4322338104, 19.4712963104, 19.2236404419, 10.1643476486, 5.88599872589, 0.862218618393, 0.0803733989596, 0.00548726180568, 0.000562349683605, 9.32060720515e-05],
        "mean": [0.0340057760477, 0.381570607424, 0.96510207653, 1.57244884968, 6.05465745926, 6.28239679337, 7.63247776031, 7.00084352493, 7.32324075699, 9.40066814423, 38.4598007202, 50.6594772339, 21.5952129364, 42.3258018494, 32.70885849, 82.2001800537, 128.106033325, 84.1011047363, 59.4704246521, 60.1875724792, 19.489944458, 11.2449121475, 6.26736497879, 21.529083252, 58.6526908875, 31.4043006897, 10.1637392044, 5.34199905396, 3.32693123817, 1.97695994377, 1.43351316452, 0.915192186832, 0.49854516983, 0.226138561964, 0.0777351334691, 0.0291655696929, 0.0070914234966, 0.00047332176473, 2.44053280767e-05, 2.80226267932e-05],
        "median": [0.00688344845548, 0.148075997829, 0.465503156185, 0.608421981335, 1.09575581551, 2.04479670525, 3.4302341938, 4.12215280533, 3.36978268623, 4.97017526627, 12.3992166519, 21.5238380432, 11.9833803177, 14.9255752563, 16.7740955353, 21.6301822662, 16.9597072601, 28.7249641418, 21.9371109009, 10.6985845566, 8.23586750031, 5.69436359406, 3.2976193428, 6.39924240112, 36.2227249146, 22.9461307526, 6.7767162323, 4.04991436005, 2.14911389351, 1.21707689762, 0.971063673496, 0.427651554346, 0.131394952536, 0.067881628871, 0.032731898129, 0.0129803279415, 0.00312552647665, 0.000192370789591, 2.0973095161e-05, 2.58116524492e-05],
        "min": [1.47402511175e-06, 3.44961663359e-05, 0.000221328955377, 0.00104747945443, 0.0150424269959, 0.080546349287, 0.0766728594899, 0.161516264081, 0.0582957267761, 0.0999804958701, 0.189185857773, 0.140451312065, 0.0696536749601, 0.0762485191226, 0.0539988726377, 0.0951584801078, 0.087606318295, 0.122522719204, 0.394787609577, 0.224955275655, 0.258396178484, 0.107520587742, 0.0117968805134, 0.0328779369593, 0.0493728779256, 0.0241498500109, 0.0192387513816, 0.0100340917706, 0.00358454184607, 0.00178823969327, 0.00279995054007, 0.000410147680668, 2.23379011004e-05, 7.41487338018e-06, 2.68867597697e-06, 1.36270432449e-06, 7.34125762847e-07, 1.36935440764e-07, 5.78702724852e-07, 1.1779372926e-06],
        "var": [0.00347374239936, 0.385473191738, 2.80717873573, 8.22575473785, 243.557815552, 211.165557861, 222.96887207, 105.375762939, 161.956390381, 460.703460693, 5437.64941406, 7611.81201172, 1666.60107422, 4150.75634766, 4600.62548828, 18767.2734375, 92416.5234375, 21067.5507812, 13590.4960938, 14853.6816406, 901.696228027, 293.384338379, 77.407623291, 1071.34558105, 4280.11669922, 1143.34228516, 157.023849487, 34.1458129883, 15.9609651566, 5.85775279999, 3.50273776054, 2.17187809944, 2.70142006874, 0.57293844223, 0.0700241997838, 0.00238983985037, 0.000109627311758, 4.71190929829e-07, 6.15122786041e-10, 3.43261613578e-10]
    },
    "gfcc": {
        "mean": [-23.6629123688, 110.379264832, -157.498168945, 24.9723758698, -61.6842803955, 12.3611974716, -27.0808296204, -2.67447566986, -25.6145114899, 3.2649512291, -11.7636156082, -12.115187645, -8.35261058807],
        "cov": [[4253.18945312, -2225.01123047, -176.116867065, 453.715118408, -282.588409424, 292.815368652, 3.38005661964, 307.660339355, -545.938293457, 517.218383789, -120.67591095, 15.5224142075, -400.537780762], [-2225.01123047, 2023.01647949, 165.851547241, -210.179595947, 423.212860107, -121.808174133, 175.072189331, -209.043701172, 454.454681396, -361.126220703, 114.799331665, -37.0615730286, 279.113830566], [-176.116867065, 165.851547241, 676.666625977, 243.829162598, 48.2791137695, 150.474533081, -137.524719238, 95.2376937866, 57.7466430664, 3.71351838112, -58.3356246948, 44.1990242004, 94.649772644], [453.715118408, -210.179595947, 243.829162598, 472.124938965, 89.1504898071, 67.153175354, -76.8476409912, 83.9485778809, 67.9713821411, 106.012153625, -39.6112060547, 19.3389625549, 116.053451538], [-282.588409424, 423.212860107, 48.2791137695, 89.1504898071, 302.358001709, 36.7769699097, 66.7921981812, 16.504781723, 134.628494263, 1.61132788658, 18.6057872772, 14.2507572174, 114.114608765], [292.815368652, -121.808174133, 150.474533081, 67.153175354, 36.7769699097, 243.391738892, 35.8727645874, 92.0779571533, 2.14233446121, 39.9356422424, 33.491607666, 18.0893211365, -7.12021923065], [3.38005661964, 175.072189331, -137.524719238, -76.8476409912, 66.7921981812, 35.8727645874, 245.48664856, -21.012254715, 23.551486969, -8.82590293884, 75.1599807739, 6.49047470093, -59.4464683533], [307.660339355, -209.043701172, 95.2376937866, 83.9485778809, 16.504781723, 92.0779571533, -21.012254715, 166.066467285, 18.8872051239, 95.2419967651, -22.9754772186, 11.8478984833, 31.0791740417], [-545.938293457, 454.454681396, 57.7466430664, 67.9713821411, 134.628494263, 2.14233446121, 23.551486969, 18.8872051239, 276.930206299, -15.6843385696, 32.1427612305, 1.16232299805, 147.910598755], [517.218383789, -361.126220703, 3.71351838112, 106.012153625, 1.61132788658, 39.9356422424, -8.82590293884, 95.2419967651, -15.6843385696, 202.823471069, -0.857705295086, 21.9194297791, -9.50006389618], [-120.67591095, 114.799331665, -58.3356246948, -39.6112060547, 18.6057872772, 33.491607666, 75.1599807739, -22.9754772186, 32.1427612305, -0.857705295086, 126.427368164, 25.7201957703, -12.9478912354], [15.5224142075, -37.0615730286, 44.1990242004, 19.3389625549, 14.2507572174, 18.0893211365, 6.49047470093, 11.8478984833, 1.16232299805, 21.9194297791, 25.7201957703, 109.310791016, 22.7025775909], [-400.537780762, 279.113830566, 94.649772644, 116.053451538, 114.114608765, -7.12021923065, -59.4464683533, 31.0791740417, 147.910598755, -9.50006389618, -12.9478912354, 22.7025775909, 225.732711792]],
        "icov": [[0.000979583710432, -0.000122879850096, 0.000932079739869, -0.00138989253901, 0.000453284446849, -0.00110274646431, -2.77536055364e-05, -0.000732158427127, 0.00125626020599, -0.00125010346528, 0.00102785276249, -0.000374452822143, 0.00126425898634], [-0.000122879850096, 0.00624350132421, -0.00452879071236, 0.00443465122953, -0.00563373649493, 0.0041511496529, -0.0035135303624, 0.00351887987927, -0.00512005761266, 0.00563444430009, -0.00381639250554, 0.0036558827851, -0.00374438031577], [0.000932079739869, -0.00452879071236, 0.00669702282175, -0.00532216671854, 0.00425776978955, -0.00552224647254, 0.00384687422775, -0.00352863012813, 0.0041083144024, -0.00392724387348, 0.00452425517142, -0.0041079944931, 0.00416949484497], [-0.00138989253901, 0.00443465122953, -0.00532216671854, 0.00839919224381, -0.00493808789179, 0.00399581296369, -0.00216490449384, 0.00389839080162, -0.00513943191618, 0.00343798310496, -0.00343995820731, 0.00338192842901, -0.00554579449818], [0.000453284446849, -0.00563373649493, 0.00425776978955, -0.00493808789179, 0.010540060699, -0.0047323894687, 0.000964846229181, -0.00274656666443, 0.00384741113521, -0.00574738997966, 0.00442860135809, -0.00341773428954, 0.00151330616791], [-0.00110274646431, 0.0041511496529, -0.00552224647254, 0.00399581296369, -0.0047323894687, 0.0111699644476, -0.00348775344901, -0.00116796966176, -0.00357875507325, 0.00565663538873, -0.00653516268358, 0.00324833812192, -0.00295986817218], [-2.77536055364e-05, -0.0035135303624, 0.00384687422775, -0.00216490449384, 0.000964846229181, -0.00348775344901, 0.00924268364906, -0.00202300772071, 0.00152675423305, -0.00243593426421, -0.000136973074405, -0.0027884314768, 0.00507966056466], [-0.000732158427127, 0.00351887987927, -0.00352863012813, 0.00389839080162, -0.00274656666443, -0.00116796966176, -0.00202300772071, 0.0145851187408, -0.0045977444388, -0.00134206796065, 0.000488807854708, 0.00228511332534, -0.00460967002437], [0.00125626020599, -0.00512005761266, 0.0041083144024, -0.00513943191618, 0.00384741113521, -0.00357875507325, 0.00152675423305, -0.0045977444388, 0.0125579489395, -0.00563622778282, 0.00191000057384, -0.00167658226565, 0.000269248732366], [-0.00125010346528, 0.00563444430009, -0.00392724387348, 0.00343798310496, -0.00574738997966, 0.00565663538873, -0.00243593426421, -0.00134206796065, -0.00563622778282, 0.0150532033294, -0.00569221191108, 0.00215289415792, -0.00289508746937], [0.00102785276249, -0.00381639250554, 0.00452425517142, -0.00343995820731, 0.00442860135809, -0.00653516268358, -0.000136973074405, 0.000488807854708, 0.00191000057384, -0.00569221191108, 0.0156124094501, -0.00554890232161, 0.00382843660191], [-0.000374452822143, 0.0036558827851, -0.0041079944931, 0.00338192842901, -0.00341773428954, 0.00324833812192, -0.0027884314768, 0.00228511332534, -0.00167658226565, 0.00215289415792, -0.00554890232161, 0.0132347969338, -0.00487996125594], [0.00126425898634, -0.00374438031577, 0.00416949484497, -0.00554579449818, 0.00151330616791, -0.00295986817218, 0.00507966056466, -0.00460967002437, 0.000269248732366, -0.00289508746937, 0.00382843660191, -0.00487996125594, 0.0139322103932]]
    },
    "melbands": {
        "dmean": [0.000119982665638, 0.000216541229747, 0.00022851578251, 0.000301861582557, 0.000175416862476, 8.43299712869e-05, 5.65176633245e-05, 7.02518300386e-05, 0.000177835463546, 0.000120889912068, 3.62340688298e-05, 5.46185874555e-05, 4.9834499805e-05, 4.8945465096e-05, 0.000114193826448, 8.33278318169e-05, 7.6243224612e-05, 6.21753497398e-05, 3.66043823306e-05, 2.56054117926e-05, 9.48459910433e-06, 7.82000643085e-06, 4.14340820498e-06, 3.88577609556e-06, 5.89313458477e-06, 1.62043525052e-05, 1.20923004943e-05, 6.27748886473e-06, 3.30424018102e-06, 2.09834024645e-06, 1.57235342613e-06, 9.53254414071e-07, 6.90202853093e-07, 5.44546765013e-07, 4.59964041966e-07, 3.62181538094e-07, 2.62188905253e-07, 2.00183649213e-07, 1.57018192226e-07, 1.1118088139e-07],
        "dmean2": [0.000185898985364, 0.00033857440576, 0.000337974808645, 0.000435530848335, 0.000258417596342, 0.000137657640153, 9.51701440499e-05, 0.000112734705908, 0.00027375886566, 0.000158153445227, 5.28715354449e-05, 7.35533976695e-05, 7.57290254114e-05, 7.17218426871e-05, 0.000174768720171, 0.000114412396215, 0.000117474381113, 8.92239258974e-05, 5.41843401152e-05, 3.89513188566e-05, 1.48892768266e-05, 1.28554056573e-05, 6.95493281455e-06, 6.24610993327e-06, 8.82718268258e-06, 2.38464072027e-05, 1.81100840564e-05, 9.9281905932e-06, 5.54918506168e-06, 3.548431323e-06, 2.5990548238e-06, 1.55548991643e-06, 1.12271027319e-06, 8.71625047694e-07, 7.39177039577e-07, 5.65219181681e-07, 4.09882886743e-07, 3.15672991746e-07, 2.4002832788e-07, 1.76072120439e-07],
        "dvar": [1.9776861393e-07, 5.40748601452e-07, 3.2363877267e-07, 5.696404628e-07, 2.35530677628e-07, 3.04689891095e-08, 2.72625957365e-08, 6.97574904507e-08, 2.2678005962e-07, 7.2509500626e-08, 1.51638257506e-08, 1.15528795419e-08, 2.96204039074e-08, 6.78669849208e-08, 5.82640389268e-08, 5.89578945664e-08, 4.6619145877e-08, 2.38111290685e-08, 6.34297725455e-09, 4.37497593708e-09, 4.15037504364e-10, 2.8164537369e-10, 1.3095710627e-10, 7.49906733932e-11, 1.24950605418e-10, 6.72329303342e-10, 2.657936371e-10, 7.77946457253e-11, 4.86446369297e-11, 1.81052395298e-11, 7.0439830184e-12, 1.98609791807e-12, 1.25950931542e-12, 9.64041455172e-13, 5.57269616737e-13, 5.02731699586e-13, 4.45266599199e-13, 5.15128575646e-13, 2.87337455262e-13, 1.3884347231e-13],
        "dvar2": [4.81154472709e-07, 1.34162007726e-06, 6.8286124133e-07, 1.16357227853e-06, 4.56461322074e-07, 7.16306161053e-08, 6.80576306422e-08, 1.81618233341e-07, 5.34899243121e-07, 1.14188651423e-07, 2.71678928243e-08, 2.1127625871e-08, 7.93886201222e-08, 1.28947021949e-07, 1.34218296921e-07, 9.44807823089e-08, 1.15797604394e-07, 4.63817464436e-08, 1.27489165891e-08, 1.04289643588e-08, 1.00225738819e-09, 7.69537489287e-10, 3.75401765229e-10, 2.00171698661e-10, 2.49120696294e-10, 1.39137046329e-09, 5.71094005419e-10, 1.91580223907e-10, 1.34221897485e-10, 4.9016849607e-11, 1.87889460934e-11, 5.15053017597e-12, 3.2144989795e-12, 2.47513489739e-12, 1.27229444428e-12, 9.16515344521e-13, 1.04065887852e-12, 1.03077962832e-12, 5.35224208703e-13, 2.68124633824e-13],
        "max": [0.00737359793857, 0.0126685900614, 0.00895966403186, 0.0078744366765, 0.00716995075345, 0.00270334770903, 0.00273309531622, 0.00477198325098, 0.00825630314648, 0.00452079903334, 0.00390092027374, 0.00206278008409, 0.0043617929332, 0.0096948184073, 0.00475865229964, 0.00398803129792, 0.00441005313769, 0.00214791833423, 0.00152338098269, 0.000948222237639, 0.000315142824547, 0.00020420763758, 0.000190005346667, 9.51693073148e-05, 0.000184291769983, 0.000422713725129, 0.000198620909941, 0.000114856433356, 0.000103291706182, 7.3219249316e-05, 3.21892912325e-05, 1.6841246179e-05, 1.77377623913e-05, 1.45701469592e-05, 1.1380720025e-05, 1.22457768157e-05, 1.42206044984e-05, 1.73140433617e-05, 1.25910819406e-05, 8.82494441612e-06],
        "mean": [0.0003755663638, 0.000527877826244, 0.000405609054724, 0.000461415649625, 0.000280712207314, 0.000161246105563, 0.000108806583739, 0.000109124179289, 0.000379707402317, 0.00029830422136, 9.65536019066e-05, 0.000161043135449, 0.000128560903249, 0.000118122683489, 0.000399045675294, 0.000167723788763, 0.000165360659594, 0.000104409657069, 7.72603743826e-05, 5.31774312549e-05, 1.8308766812e-05, 1.25126771309e-05, 5.53394602321e-06, 6.32923456578e-06, 1.55466768774e-05, 4.78239890072e-05, 3.66085878341e-05, 1.69089271367e-05, 6.73894010106e-06, 3.66173594557e-06, 2.9599877962e-06, 2.12339068639e-06, 1.30492514927e-06, 9.86456143437e-07, 8.32503531001e-07, 7.1369328225e-07, 4.83856069877e-07, 3.42562060496e-07, 2.78691516087e-07, 1.64909920386e-07],
        "median": [0.000116478622658, 0.000315812765621, 0.000139032228617, 0.000114972586744, 0.000113588503154, 9.41532562138e-05, 5.33882448508e-05, 5.5836255342e-05, 0.000101266836282, 0.000150438252604, 4.65639750473e-05, 5.83574437769e-05, 5.10605168529e-05, 4.03564117732e-05, 3.22667365253e-05, 3.29454778694e-05, 3.77888209186e-05, 2.38244683715e-05, 1.56562455231e-05, 9.46142790781e-06, 6.86322664478e-06, 5.25417135577e-06, 2.14935607801e-06, 1.53912424139e-06, 3.03725914819e-06, 1.60685067385e-05, 2.56504190475e-05, 9.23488278204e-06, 4.04283446187e-06, 2.05640640161e-06, 2.01031775759e-06, 1.14500278414e-06, 7.05474974438e-07, 5.62593470477e-07, 5.3959968227e-07, 4.40353574049e-07, 1.56359604375e-07, 6.99581832464e-08, 6.25724965175e-08, 4.42859366956e-08],
        "min": [1.21445609125e-08, 8.69898357791e-08, 4.13255520471e-07, 1.99367400455e-06, 5.03250191741e-07, 1.65892231507e-06, 3.87393754409e-07, 8.09522589407e-07, 9.33095179789e-07, 8.5560293428e-07, 2.34235201901e-07, 3.07054705218e-07, 2.01208109729e-07, 2.58977848944e-07, 1.22416579984e-07, 2.68513019819e-07, 2.12052938764e-07, 4.66477700911e-07, 1.32606501779e-07, 2.02452994813e-07, 2.32611370166e-07, 1.39418986578e-07, 1.01620800663e-08, 5.73145886307e-09, 2.26820406901e-09, 3.8970135563e-08, 2.41049811223e-08, 1.0719144683e-08, 8.81076012149e-09, 8.20522316758e-09, 3.65764685206e-09, 1.44270140279e-09, 1.47990841803e-09, 6.59057808328e-10, 1.74405767606e-09, 5.56693857678e-10, 1.01627308999e-11, 7.79281749807e-13, 6.7875128532e-14, 6.74482510316e-14],
