{
"highlevel": {
    "danceability": {
        "all": {
            "danceable": 0.995609343052,
            "not_danceable": 0.00439068023115
        },
        "probability": 0.995609343052,
        "value": "danceable"
    },
    "gender": {
        "all": {
            "female": 0.930188894272,
            "male": 0.0698111131787
        },
        "probability": 0.930188894272,
        "value": "female"
    },
    "genre_dortmund": {
        "all": {
            "alternative": 0.00124648807105,
            "blues": 0.00942416023463,
            "electronic": 0.0334472693503,
            "folkcountry": 0.000678227748722,
            "funksoulrnb": 0.00427785469219,
            "jazz": 0.0276011750102,
            "pop": 0.00247415388003,
            "raphiphop": 0.916648805141,
            "rock": 0.00420189183205
        },
        "probability": 0.916648805141,
        "value": "raphiphop"
    },
    "genre_electronic": {
        "all": {
            "ambient": 0.0922053381801,
            "dnb": 0.0419414713979,
            "house": 0.824810862541,
            "techno": 0.0228580832481,
            "trance": 0.0181842576712
        },
        "probability": 0.824810862541,
        "value": "house"
    },
    "genre_rosamerica": {
        "all": {
            "cla": 0.00140589638613,
            "dan": 0.0177098084241,
            "hip": 0.861059367657,
            "jaz": 0.00620995368809,
            "pop": 0.00596250221133,
            "rhy": 0.0745757594705,
            "roc": 0.00264739757404,
            "spe": 0.0304293278605
        },
        "probability": 0.861059367657,
        "value": "hip"
    },
    "genre_tzanetakis": {
        "all": {
            "blu": 0.0454532019794,
            "cla": 0.0299992319196,
            "cou": 0.0675097927451,
            "dis": 0.0900610312819,
            "hip": 0.260172277689,
            "jaz": 0.272009730339,
            "met": 0.0386106707156,
            "pop": 0.0540585443377,
            "reg": 0.0677545145154,
            "roc": 0.0743709951639
        },
        "probability": 0.272009730339,
        "value": "jaz"
    },
    "ismir04_rhythm": {
        "all": {
            "ChaChaCha": 0.0134312137961,
            "Jive": 0.017756126821,
            "Quickstep": 0.118985719979,
            "Rumba-American": 0.00806451588869,
            "Rumba-International": 0.0242572706193,
            "Rumba-Misc": 0.019294468686,
            "Samba": 0.786947846413,
            "Tango": 0.00529495999217,
            "VienneseWaltz": 0.00342143513262,
            "Waltz": 0.00254645338282
        },
        "probability": 0.786947846413,
        "value": "Samba"
    },
    "mood_acoustic": {
        "all": {
            "acoustic": 0.128430008888,
            "not_acoustic": 0.871569991112
        },
        "probability": 0.871569991112,
        "value": "not_acoustic"
    },
    "mood_aggressive": {
        "all": {
            "aggressive": 0.155618801713,
            "not_aggressive": 0.844381213188
        },
        "probability": 0.844381213188,
        "value": "not_aggressive"
    },
    "mood_electronic": {
        "all": {
            "electronic": 0.981835663319,
            "not_electronic": 0.0181643553078
        },
        "probability": 0.981835663319,
        "value": "electronic"
    },
    "mood_happy": {
        "all": {
            "happy": 0.199951663613,
            "not_happy": 0.800048351288
        },
        "probability": 0.800048351288,
        "value": "not_happy"
    },
    "mood_party": {
        "all": {
            "not_party": 0.554645419121,
            "party": 0.445354580879
        },
        "probability": 0.554645419121,
        "value": "not_party"
    },
    "mood_relaxed": {
        "all": {
            "not_relaxed": 0.402561187744,
            "relaxed": 0.597438812256
        },
        "probability": 0.597438812256,
        "value": "relaxed"
    },
    "mood_sad": {
        "all": {
            "not_sad": 0.873250484467,
            "sad": 0.126749530435
        },
        "probability": 0.873250484467,
        "value": "not_sad"
    },
    "moods_mirex": {
        "all": {
            "Cluster1": 0.218522161245,
            "Cluster2": 0.151343688369,
            "Cluster3": 0.152852609754,
            "Cluster4": 0.0994728207588,
            "Cluster5": 0.377808719873
        },
        "probability": 0.377808719873,
        "value": "Cluster5"
    },
    "timbre": {
        "all": {
            "bright": 0.0289295464754,
            "dark": 0.971070468426
        },
        "probability": 0.971070468426,
        "value": "dark"
    },
    "tonal_atonal": {
        "all": {
            "atonal": 0.981675922871,
            "tonal": 0.0183240734041
        },
        "probability": 0.981675922871,
        "value": "atonal"
    },
    "voice_instrumental": {
        "all": {
            "instrumental": 0.352690935135,
            "voice": 0.647309064865
        },
        "probability": 0.647309064865,
        "value": "voice"
    }
},
"lowlevel": {
    "average_loudness": 0.978467166424,
    "barkbands_crest": {
        "dmean": 3.30061006546,
        "dmean2": 5.15027284622,
        "dvar": 11.3245334625,
        "dvar2": 19.9974880219,
        "max": 26.1655750275,
        "mean": 13.8071813583,
        "median": 12.8415126801,
        "min": 2.84099531174,
        "var": 32.5121040344
    },
    "barkbands_flatness_db": {
        "dmean": 0.0369765684009,
        "dmean2": 0.0453074611723,
        "dvar": 0.00116310815793,
        "dvar2": 0.00148167891894,
        "max": 0.501587092876,
        "mean": 0.222448736429,
        "median": 0.218197196722,
        "min": 0.0512040108442,
        "var": 0.00628460012376
    },
    "barkbands_kurtosis": {
        "dmean": 17.027431488,
        "dmean2": 23.3457546234,
        "dvar": 1865.38134766,
        "dvar2": 3850.67041016,
        "max": 532.329406738,
        "mean": 22.8278923035,
        "median": 7.76721954346,
        "min": -1.86815679073,
        "var": 2650.14624023
    },
    "barkbands_skewness": {
        "dmean": 1.25692117214,
        "dmean2": 1.6080237627,
        "dvar": 2.46867418289,
        "dvar2": 3.62037277222,
        "max": 21.194519043,
        "mean": 2.88524436951,
        "median": 2.27245759964,
        "min": -2.22980308533,
        "var": 8.00737094879
    },
    "barkbands_spread": {
        "dmean": 8.24706459045,
        "dmean2": 12.0761432648,
        "dvar": 143.277328491,
        "dvar2": 263.354217529,
        "max": 75.504737854,
        "mean": 17.1562232971,
        "median": 9.0301990509,
        "min": 0.221118241549,
        "var": 292.791870117
    },
    "dissonance": {
        "dmean": 0.0223177950829,
        "dmean2": 0.0359507314861,
        "dvar": 0.000538503343705,
        "dvar2": 0.00139459071215,
        "max": 0.499999940395,
        "mean": 0.457218229771,
        "median": 0.469864845276,
        "min": 0.265415608883,
        "var": 0.00143862096593
    },
    "dynamic_complexity": 2.37750196457,
    "erbbands_crest": {
        "dmean": 2.89963173866,
        "dmean2": 4.44166040421,
        "dvar": 8.2242231369,
        "dvar2": 16.2274360657,
        "max": 25.8135280609,
        "mean": 10.8810567856,
        "median": 9.33249855042,
        "min": 2.75654935837,
        "var": 30.649471283
    },
    "erbbands_flatness_db": {
        "dmean": 0.0214721914381,
        "dmean2": 0.0304131917655,
        "dvar": 0.000423123216024,
        "dvar2": 0.000694022979587,
        "max": 0.362976253033,
        "mean": 0.193077787757,
        "median": 0.18694768846,
        "min": 0.092518851161,
        "var": 0.00209814077243
    },
    "erbbands_kurtosis": {
        "dmean": 2.4982779026,
        "dmean2": 3.759152174,
        "dvar": 16.3194942474,
        "dvar2": 29.7581958771,
        "max": 50.0539245605,
        "mean": 2.82568097115,
        "median": 0.559584856033,
        "min": -1.9028929472,
        "var": 36.9002227783
    },
    "erbbands_skewness": {
        "dmean": 0.698978185654,
        "dmean2": 0.99490737915,
        "dvar": 0.494492202997,
        "dvar2": 0.8338586092,
        "max": 5.95807409286,
        "mean": 0.96690005064,
        "median": 1.03176915646,
        "min": -2.82565307617,
        "var": 2.07777786255
    },
    "erbbands_spread": {
        "dmean": 16.3616733551,
        "dmean2": 24.1079044342,
        "dvar": 418.439727783,
        "dvar2": 763.592041016,
        "max": 150.00440979,
        "mean": 49.364276886,
        "median": 41.3345565796,
        "min": 2.83413982391,
        "var": 1129.92773438
    },
    "hfc": {
        "dmean": 8.39078330994,
        "dmean2": 11.0003881454,
        "dvar": 141.565307617,
        "dvar2": 253.226882935,
        "max": 106.526794434,
        "mean": 17.8298892975,
        "median": 10.5881605148,
        "min": 0.859604179859,
        "var": 337.342712402
    },
    "melbands_crest": {
        "dmean": 4.22503852844,
        "dmean2": 6.12328338623,
        "dvar": 14.6651086807,
        "dvar2": 28.5510807037,
        "max": 33.6022377014,
        "mean": 18.368265152,
        "median": 17.8072795868,
        "min": 3.50836348534,
        "var": 50.8232421875
    },
    "melbands_flatness_db": {
        "dmean": 0.0448580868542,
        "dmean2": 0.0528694689274,
        "dvar": 0.00179819983896,
        "dvar2": 0.00210012611933,
        "max": 0.607784152031,
        "mean": 0.270082294941,
        "median": 0.268735349178,
        "min": 0.0268469490111,
        "var": 0.01063750498
    },
    "melbands_kurtosis": {
        "dmean": 36.2673950195,
        "dmean2": 48.2149543762,
        "dvar": 7352.16943359,
        "dvar2": 12441.1708984,
        "max": 1307.49035645,
        "mean": 55.3618049622,
        "median": 21.2556762695,
        "min": -1.66771245003,
        "var": 14493.25
    },
    "melbands_skewness": {
        "dmean": 1.69752824306,
        "dmean2": 2.24685621262,
        "dvar": 4.09860658646,
        "dvar2": 5.98861265182,
        "max": 27.6948337555,
        "mean": 4.32307434082,
        "median": 3.5297908783,
        "min": -1.30181789398,
        "var": 15.005862236
    },
    "melbands_spread": {
        "dmean": 9.15258216858,
        "dmean2": 13.1875514984,
        "dvar": 271.631347656,
        "dvar2": 570.516479492,
        "max": 166.054443359,
        "mean": 16.5036659241,
        "median": 9.01324272156,
        "min": 0.26160094142,
        "var": 453.614654541
    },
    "pitch_salience": {
        "dmean": 0.0985179468989,
        "dmean2": 0.145363181829,
        "dvar": 0.0103644616902,
        "dvar2": 0.02174718678,
        "max": 0.833767652512,
        "mean": 0.472146213055,
        "median": 0.490277171135,
        "min": 0.046897649765,
        "var": 0.0282734055072
    },
    "silence_rate_20dB": {
        "dmean": 0,
        "dmean2": 0,
        "dvar": 0,
        "dvar2": 0,
        "max": 1,
        "mean": 1,
        "median": 1,
        "min": 1,
        "var": 0
    },
    "silence_rate_30dB": {
        "dmean": 0.0665634647012,
        "dmean2": 0.132455468178,
        "dvar": 0.0621325485408,
        "dvar2": 0.116461664438,
        "max": 1,
        "mean": 0.864655852318,
        "median": 1,
        "min": 0,
        "var": 0.117025285959
    },
    "silence_rate_60dB": {
        "dmean": 0.0247678011656,
        "dmean2": 0.0495739728212,
        "dvar": 0.0241545885801,
        "dvar2": 0.0564108788967,
        "max": 1,
        "mean": 0.0340293906629,
        "median": 0,
        "min": 0,
        "var": 0.032871723175
    },
    "spectral_centroid": {
        "dmean": 369.229400635,
        "dmean2": 517.144775391,
        "dvar": 227528.84375,
        "dvar2": 376897.25,
        "max": 4339.58984375,
        "mean": 1210.1151123,
        "median": 762.237792969,
        "min": 170.259063721,
        "var": 837844.4375
    },
    "spectral_complexity": {
        "dmean": 4.05030965805,
        "dmean2": 5.50890779495,
        "dvar": 27.0616950989,
        "dvar2": 38.2437324524,
        "max": 59,
        "mean": 12.6179428101,
        "median": 9,
        "min": 0,
        "var": 116.062866211
    },
    "spectral_decrease": {
        "dmean": 5.13609332842e-09,
        "dmean2": 7.07249281362e-09,
        "dvar": 8.11658138225e-17,
        "dvar2": 1.11244172155e-16,
        "max": -1.21622489857e-10,
        "mean": -1.25489760805e-08,
        "median": -6.56106013963e-09,
        "min": -6.42853734689e-08,
        "var": 2.436968317e-16
    },
    "spectral_energy": {
        "dmean": 0.0198145043105,
        "dmean2": 0.0273189507425,
        "dvar": 0.00117275188677,
        "dvar2": 0.00162458384875,
        "max": 0.244988158345,
        "mean": 0.0489799976349,
        "median": 0.0259473938495,
        "min": 0.000588657043409,
        "var": 0.00351499859244
    },
    "spectral_energyband_high": {
        "dmean": 0.000795237487182,
        "dmean2": 0.00109615514521,
        "dvar": 2.23602205551e-06,
        "dvar2": 4.09351741837e-06,
        "max": 0.0130445100367,
        "mean": 0.00111854204442,
        "median": 0.000390127213905,
        "min": 1.68747701537e-05,
        "var": 3.54180383511e-06
    },
    "spectral_energyband_low": {
        "dmean": 0.0157323554158,
        "dmean2": 0.0212077051401,
        "dvar": 0.00123102532234,
        "dvar2": 0.00163571513258,
        "max": 0.231397375464,
        "mean": 0.0300529040396,
        "median": 0.00503458594903,
        "min": 1.84041873581e-05,
        "var": 0.00341051747091
    },
    "spectral_energyband_middle_high": {
        "dmean": 0.00142144388519,
        "dmean2": 0.00200404436328,
        "dvar": 1.83410647878e-05,
        "dvar2": 2.96949583571e-05,
        "max": 0.039355609566,
        "mean": 0.00249172560871,
        "median": 0.000796616543084,
        "min": 2.8430198654e-05,
        "var": 3.50064074155e-05
    },
    "spectral_energyband_middle_low": {
        "dmean": 0.008959162049,
        "dmean2": 0.0152298631147,
        "dvar": 0.000283988600131,
        "dvar2": 0.000807742297184,
        "max": 0.115044631064,
        "mean": 0.0163178462535,
        "median": 0.0127367964014,
        "min": 9.14534684853e-05,
        "var": 0.000269909389317
    },
    "spectral_entropy": {
        "dmean": 0.256763011217,
        "dmean2": 0.354103565216,
        "dvar": 0.0753737911582,
        "dvar2": 0.116044357419,
        "max": 8.36713504791,
        "mean": 7.31375694275,
        "median": 7.3531832695,
        "min": 5.76387071609,
        "var": 0.337356239557
    },
    "spectral_flux": {
        "dmean": 0.0500922016799,
        "dmean2": 0.0766723304987,
        "dvar": 0.00460909074172,
        "dvar2": 0.0077955275774,
        "max": 0.480567961931,
        "mean": 0.107852093875,
        "median": 0.0752260088921,
        "min": 0.0127291809767,
        "var": 0.00892144441605
    },
    "spectral_kurtosis": {
        "dmean": 2.04434990883,
        "dmean2": 3.30913472176,
        "dvar": 4.8737411499,
        "dvar2": 12.0406770706,
        "max": 25.7503852844,
        "mean": 2.93411517143,
        "median": 1.87524938583,
        "min": -1.07859945297,
        "var": 11.5415401459
    },
    "spectral_rms": {
        "dmean": 0.00130746432114,
        "dmean2": 0.00179948867299,
        "dvar": 3.00466945191e-06,
        "dvar2": 3.9846800064e-06,
        "max": 0.0154600404203,
        "mean": 0.00604624534026,
        "median": 0.00503135472536,
        "min": 0.000757825560868,
        "var": 1.12283032649e-05
    },
    "spectral_rolloff": {
        "dmean": 678.147766113,
        "dmean2": 1098.24499512,
        "dvar": 1642242.375,
        "dvar2": 3132723.5,
        "max": 7428.95507812,
        "mean": 1137.14648438,
        "median": 409.130859375,
        "min": 64.599609375,
        "var": 2545456
    },
    "spectral_skewness": {
        "dmean": 0.380477964878,
        "dmean2": 0.550920784473,
        "dvar": 0.129299521446,
        "dvar2": 0.235809415579,
        "max": 3.92716026306,
        "mean": 1.10399973392,
        "median": 0.950213253498,
        "min": -0.143482238054,
        "var": 0.566688001156
    },
    "spectral_spread": {
        "dmean": 608479.875,
        "dmean2": 885153.8125,
        "dvar": 601927057408,
        "dvar2": 917324955648,
        "max": 19363518,
        "mean": 4332947.5,
        "median": 4128417.5,
        "min": 1620820.625,
        "var": 1.4071627776e+12
    },
    "spectral_strongpeak": {
        "dmean": 0.409179836512,
        "dmean2": 0.626177847385,
        "dvar": 0.226205542684,
        "dvar2": 0.517316699028,
        "max": 5.10449886322,
        "mean": 0.965697646141,
        "median": 0.815707743168,
        "min": 0,
        "var": 0.69577652216
    },
    "zerocrossingrate": {
        "dmean": 0.0149171436206,
        "dmean2": 0.0155557859689,
        "dvar": 0.0002944158623,
        "dvar2": 0.000340406986652,
        "max": 0.22705078125,
        "mean": 0.0454566068947,
        "median": 0.03271484375,
        "min": 0.0009765625,
        "var": 0.00128606380895
    },
    "barkbands": {
        "dmean": [0.000844878377393, 0.0149684436619, 0.00529736932367, 0.00283128838055, 0.00391839956865, 0.00205141492188, 0.00156093330588, 0.00056000391487, 0.000366208783817, 0.000311450741719, 0.000294126220979, 0.000290513475193, 0.000136535905767, 0.000203770454391, 0.000166349171195, 0.000116613191494, 9.53373673838e-05, 8.19077758933e-05, 0.000102087258711, 0.000135651411256, 0.000214272673475, 0.000244759314228, 0.000239240427618, 9.27434230107e-05, 1.78975715244e-05, 2.87675288746e-06, 5.59296431391e-08],
        "dmean2": [0.00126622105017, 0.0193085148931, 0.0100329266861, 0.0052918898873, 0.00632188282907, 0.00318335997872, 0.0024536808487, 0.000770919607021, 0.000615673256107, 0.000527705589775, 0.000339698744938, 0.000425344973337, 0.000209473160794, 0.000307737180265, 0.00024984110496, 0.000182361050975, 0.000138656920171, 0.00012060815061, 0.000141024022014, 0.000201770075364, 0.000304803805193, 0.000359120487701, 0.000341128470609, 0.000133571200422, 2.64907303063e-05, 4.94459300171e-06, 9.30037131752e-08],
        "dvar": [2.04933780878e-06, 0.00110305903945, 0.000377947319066, 7.25795107428e-05, 5.48235984752e-05, 8.45169688546e-06, 4.71951261716e-06, 5.09789879288e-06, 8.84342398422e-07, 9.5566838354e-07, 5.80889093271e-07, 1.05918229565e-06, 1.95815999859e-07, 6.02496811553e-07, 3.94345875065e-07, 1.00866991204e-07, 5.81081849305e-08, 2.30003838197e-08, 2.98168423285e-08, 4.2778516729e-08, 1.52069830506e-07, 2.42967928443e-07, 2.69902216132e-07, 3.61024738993e-08, 1.78444337084e-09, 5.39045544312e-11, 7.4004069203e-14],
        "dvar2": [4.69245378554e-06, 0.0013537784107, 0.00109401333611, 0.000219941852265, 0.00014591361105, 1.9621102183e-05, 1.08311696749e-05, 6.91708282829e-06, 2.35245465774e-06, 2.61193940787e-06, 8.6395704102e-07, 2.39795031121e-06, 4.0909674226e-07, 1.16022238217e-06, 7.69776363541e-07, 2.2975335412e-07, 1.14368674531e-07, 4.63582061627e-08, 5.38751088186e-08, 8.91024498628e-08, 2.89824043875e-07, 4.91168634653e-07, 6.07373806361e-07, 7.3139375445e-08, 4.07648759193e-09, 1.43005121633e-10, 1.36707336532e-13],
        "max": [0.0150713473558, 0.228387847543, 0.118715792894, 0.0554589852691, 0.0601944178343, 0.0243736524135, 0.0171795580536, 0.054964300245, 0.00886965915561, 0.0114259365946, 0.00934707932174, 0.00990398414433, 0.00533634750172, 0.00782512966543, 0.0057720975019, 0.00374556914903, 0.00245794141665, 0.00159662251826, 0.00225649611093, 0.00207007909194, 0.00427203625441, 0.0036406472791, 0.00381524604745, 0.00197123317048, 0.000600945262704, 0.000111865825602, 6.80123548591e-06],
        "mean": [0.0011179537978, 0.0246248375624, 0.0033496459946, 0.0023779256735, 0.00585483666509, 0.00340591277927, 0.00296633737162, 0.00124286033679, 0.000411017768783, 0.000413873553043, 0.000438279734226, 0.000329571194015, 0.000167278514709, 0.000256581988651, 0.000207667704672, 0.000161833217135, 0.000132474815473, 0.000131517561385, 0.000173524545971, 0.000229059514822, 0.000333714997396, 0.00029357985477, 0.000230495497817, 0.000107606698293, 1.93302166736e-05, 2.24966720452e-06, 4.11448652926e-08],
        "median": [0.000389166816603, 0.00313446344808, 0.000358240213245, 0.000633185671177, 0.00298765231855, 0.00147847482003, 0.00157494563609, 7.73501524236e-05, 6.11727227806e-05, 7.99025365268e-05, 3.10747309413e-05, 6.9525645813e-05, 2.65183989541e-05, 1.89211350516e-05, 1.66714235093e-05, 3.19429527735e-05, 4.00604694732e-05, 5.13814011356e-05, 6.95710186847e-05, 0.000102272788354, 0.000128564948682, 8.20933419163e-05, 2.20581023314e-05, 1.3548015886e-05, 2.23825850298e-06, 7.27289304336e-08, 6.99494184797e-10],
        "min": [2.68484853905e-07, 1.30662203901e-06, 2.64430838115e-07, 1.13431902093e-07, 5.56213171876e-06, 2.81375901068e-06, 7.74544696469e-06, 9.20550860428e-07, 8.03328646271e-07, 4.19298515908e-07, 5.5958713574e-07, 7.95021151134e-07, 3.80303333714e-07, 6.14952796241e-07, 8.7106667479e-07, 5.35883827979e-07, 1.60024058005e-06, 1.20793947644e-06, 1.40215013289e-06, 2.92719141726e-06, 4.80515836898e-06, 8.31930435652e-08, 2.00396499395e-09, 4.31599076478e-08, 3.84630605144e-10, 6.56220910944e-12, 7.46816584268e-12],
        "var": [2.81951997749e-06, 0.00274666491896, 0.000207872653846, 4.23315359512e-05, 6.95471608196e-05, 2.05841752177e-05, 1.13350524771e-05, 3.77005417249e-05, 9.99383360067e-07, 1.06908782982e-06, 1.42284409321e-06, 1.19202786664e-06, 2.88406198479e-07, 8.47798787618e-07, 6.03720650361e-07, 1.56007430974e-07, 8.92964138188e-08, 4.8447038381e-08, 7.31856530933e-08, 8.48353565175e-08, 2.62335277057e-07, 3.22452194723e-07, 2.98134068544e-07, 5.05957267194e-08, 2.25573781876e-09, 4.17238396611e-11, 6.34567539574e-14]
    },
    "erbbands": {
        "dmean": [0.597146093845, 3.19690966606, 5.87824058533, 8.12710475922, 14.4100580215, 10.3683128357, 8.79955768585, 18.5289001465, 28.6459007263, 12.9379396439, 9.37124919891, 8.33732891083, 7.40477991104, 11.8040552139, 13.4385728836, 8.30182933807, 6.54366731644, 10.1629333496, 11.102060318, 6.46760511398, 5.34061908722, 5.13301563263, 4.41521215439, 4.76856279373, 5.56303310394, 6.75987577438, 9.00027656555, 8.00502300262, 8.30347251892, 8.97485542297, 6.74697589874, 2.60547542572, 1.25525319576, 0.362280726433, 0.0707006752491, 0.0154343936592, 0.00550378998742, 0.000518809305504, 2.63979254669e-05, 2.32600777963e-05],
        "dmean2": [0.789767682552, 3.98517799377, 10.3245439529, 15.2678031921, 24.4339084625, 16.3480930328, 14.6527462006, 29.1503143311, 43.6292266846, 20.7084560394, 14.2683153152, 13.8900194168, 12.7182025909, 18.2556629181, 18.8668041229, 11.4716949463, 10.5297050476, 15.8833255768, 16.6730861664, 9.74735450745, 7.73104047775, 7.66079521179, 6.49095773697, 6.86838960648, 7.71889591217, 9.97245693207, 13.0006999969, 11.3264722824, 12.3477840424, 12.5047540665, 10.0048284531, 3.885835886, 1.75942111015, 0.506829738617, 0.10979783535, 0.0260280258954, 0.00935475062579, 0.00088412349578, 3.85574348911e-05, 3.16272053169e-05],
        "dvar": [1.63022959232, 55.3572463989, 394.911376953, 715.414123535, 821.607299805, 377.028503418, 314.917022705, 703.241210938, 1912.13525391, 1822.89013672, 680.885925293, 388.562896729, 420.001220703, 1126.43139648, 2005.28637695, 590.472351074, 465.358734131, 1664.28381348, 1797.9666748, 470.260681152, 180.988479614, 158.258010864, 79.7051544189, 58.587474823, 95.3371200562, 107.000434875, 265.484619141, 212.125335693, 274.282806396, 357.132965088, 230.205154419, 32.0924224854, 6.72064399719, 0.689812600613, 0.0327827595174, 0.00177638651803, 0.000184335978702, 1.91889785128e-06, 2.92384472189e-09, 1.39888545192e-09],
        "dvar2": [1.96501636505, 86.2421798706, 1100.99645996, 2105.90356445, 2334.74169922, 977.903442383, 853.888916016, 1704.3807373, 3618.62353516, 3664.69018555, 1289.21533203, 1008.77459717, 1130.01000977, 2636.30200195, 3750.5546875, 1059.0916748, 1019.93145752, 3852.22509766, 3271.02246094, 839.89263916, 357.48059082, 315.421539307, 164.131118774, 105.380241394, 177.046127319, 220.394851685, 504.301605225, 397.912719727, 594.650146484, 767.295959473, 532.959716797, 72.9225616455, 12.4781665802, 1.41182518005, 0.0753184854984, 0.00477173365653, 0.000470999279059, 5.03302226207e-06, 5.82923176395e-09, 1.99387417688e-09],
        "max": [8.82685184479, 50.4486503601, 127.054954529, 161.844772339, 206.001968384, 198.104003906, 169.41078186, 215.124450684, 416.549377441, 865.37298584, 516.362731934, 138.4090271, 195.681350708, 345.739135742, 468.828338623, 239.918014526, 255.120147705, 400.651977539, 400.792327881, 222.737823486, 173.042129517, 117.438789368, 98.509552002, 86.2442932129, 139.512832642, 94.756401062, 174.307174683, 137.523269653, 132.758132935, 153.169311523, 124.16229248, 52.786491394, 29.2558269501, 13.7618923187, 2.0426940918, 0.780662834644, 0.0963027849793, 0.0121570732445, 0.00102990283631, 0.000280350155663],
        "mean": [0.883322775364, 4.81121397018, 4.55134153366, 6.45452356339, 19.3399658203, 14.9148616791, 11.6173019409, 30.7375164032, 56.5602874756, 30.9033641815, 15.4218149185, 10.2460336685, 9.44696235657, 18.1355895996, 16.8047122955, 11.3078746796, 8.13147068024, 11.3294563293, 14.1728219986, 9.1806344986, 7.90800428391, 7.47692346573, 6.96738147736, 8.58429145813, 9.19235610962, 11.1426792145, 14.3076238632, 11.8827037811, 10.1427793503, 9.3425989151, 6.19158411026, 2.66853308678, 1.51527178288, 0.419299304485, 0.0700626894832, 0.0135841099545, 0.00426147645339, 0.000385201099562, 3.98832962674e-05, 5.7254685089e-05],
        "median": [0.124075971544, 0.509270191193, 0.625020205975, 1.82432758808, 10.0792150497, 7.52036094666, 4.90480184555, 13.7662115097, 27.3112773895, 6.70125865936, 2.14660716057, 1.72852766514, 2.85068249702, 2.06955194473, 1.6302011013, 3.17580270767, 1.54026508331, 1.00519669056, 1.05926823616, 1.40676152706, 2.04023337364, 2.47707796097, 2.5911283493, 3.42291331291, 3.67190337181, 5.07356500626, 5.78566503525, 4.647377491, 3.24954104424, 1.28357875347, 0.536899983883, 0.293259143829, 0.201811149716, 0.0654833763838, 0.00500624952838, 0.000822114059702, 0.000136996794026, 1.11970257421e-05, 1.64989032783e-05, 3.16423102049e-05],
        "min": [0.000131199063617, 0.000403706100769, 0.00168841704726, 0.00373123842292, 0.00568453734741, 0.0258000046015, 0.0347292423248, 0.073687016964, 0.11803124845, 0.079096890986, 0.0265305824578, 0.0164923723787, 0.0269004758447, 0.0432783216238, 0.0289203952998, 0.0374405421317, 0.0283831637353, 0.0289024021477, 0.0374752692878, 0.0455865897238, 0.0618737190962, 0.107306055725, 0.0729048624635, 0.075417727232, 0.134607285261, 0.144698366523, 0.180666923523, 0.16492497921, 0.0189406313002, 0.00452532246709, 0.00275283958763, 0.00215789698996, 0.000481994822621, 3.75742201868e-05, 1.3045659216e-05, 8.3441109382e-06, 4.45739306087e-06, 9.85158294498e-07, 6.98258872944e-07, 1.1296546063e-06],
        "var": [3.53404951096, 118.753913879, 260.869812012, 406.653747559, 829.103149414, 453.747161865, 297.033874512, 1661.26647949, 5620.83496094, 9589.85644531, 3035.39892578, 547.693908691, 422.181762695, 1869.92871094, 2948.1340332, 942.821350098, 657.789916992, 1902.05895996, 2699.34521484, 822.014221191, 321.417480469, 257.634918213, 154.231399536, 156.098052979, 206.483734131, 213.335922241, 479.719055176, 348.202789307, 347.838867188, 429.413665771, 235.123382568, 36.3291282654, 10.3746614456, 0.970423877239, 0.0376096814871, 0.00144963152707, 0.000147470927914, 1.4106025219e-06, 3.59232266156e-09, 4.21508650206e-09]
    },
    "gfcc": {
        "mean": [-38.9363059998, 117.039733887, -112.221939087, 72.4147720337, -77.5400695801, 5.12010192871, -26.8541965485, -5.42401123047, -8.8749256134, -3.7308716774, 5.60665559769, -3.7106218338, 7.09308242798],
        "cov": [[2803.93774414, -804.903869629, -42.4028091431, -153.728637695, -107.983467102, 435.032592773, -170.036773682, 95.0079193115, -307.975769043, -28.1060619354, -395.476409912, -0.357551962137, -220.731811523], [-804.903869629, 1537.98132324, 289.413238525, -316.636566162, 190.235977173, -239.886901855, 196.620895386, -170.752044678, 143.557174683, -132.936676025, 179.257965088, -135.170303345, 157.117492676], [-42.4028091431, 289.413238525, 1431.87036133, 323.365692139, 145.291183472, 68.0972900391, 27.4350624084, 14.1281862259, -56.9907112122, -40.6876106262, -44.4214172363, 7.53575277328, -51.7829742432], [-153.728637695, -316.636566162, 323.365692139, 894.11340332, 153.846176147, -14.5725631714, 152.08291626, -42.4264945984, 60.3322067261, -85.5884552002, 74.0505142212, 9.01396369934, -5.64731550217], [-107.983467102, 190.235977173, 145.291183472, 153.846176147, 306.913085938, 75.3458633423, 114.179641724, 35.8564529419, 58.2048110962, -2.85323548317, 18.3016910553, -28.3477172852, 37.3907814026], [435.032592773, -239.886901855, 68.0972900391, -14.5725631714, 75.3458633423, 307.675109863, -1.05082833767, 100.020050049, -29.2185993195, 28.3584747314, -56.4532394409, -2.47532320023, 1.8055126667], [-170.036773682, 196.620895386, 27.4350624084, 152.08291626, 114.179641724, -1.05082833767, 239.38760376, 6.67716836929, 127.566940308, -13.2217693329, 106.194282532, -8.4401512146, 25.6287250519], [95.0079193115, -170.752044678, 14.1281862259, -42.4264945984, 35.8564529419, 100.020050049, 6.67716836929, 178.46295166, 28.9025497437, 100.218414307, -7.27271509171, 16.8673648834, 8.13200473785], [-307.975769043, 143.557174683, -56.9907112122, 60.3322067261, 58.2048110962, -29.2185993195, 127.566940308, 28.9025497437, 209.386032104, 37.6296653748, 124.890213013, -8.69902133942, 25.0730342865], [-28.1060619354, -132.936676025, -40.6876106262, -85.5884552002, -2.85323548317, 28.3584747314, -13.2217693329, 100.218414307, 37.6296653748, 150.643386841, 45.7396469116, 65.7565612793, 4.94899272919], [-395.476409912, 179.257965088, -44.4214172363, 74.0505142212, 18.3016910553, -56.4532394409, 106.194282532, -7.27271509171, 124.890213013, 45.7396469116, 206.244796753, 28.144733429, 82.8193664551], [-0.357551962137, -135.170303345, 7.53575277328, 9.01396369934, -28.3477172852, -2.47532320023, -8.4401512146, 16.8673648834, -8.69902133942, 65.7565612793, 28.144733429, 97.896774292, -4.43771648407], [-220.731811523, 157.117492676, -51.7829742432, -5.64731550217, 37.3907814026, 1.8055126667, 25.6287250519, 8.13200473785, 25.0730342865, 4.94899272919, 82.8193664551, -4.43771648407, 118.939170837]],
        "icov": [[0.000712078472134, -8.44571914058e-05, 0.000151459025801, -9.32091425057e-05, 0.000359060184564, -0.00100368517451, -0.000282721593976, -5.20361354575e-05, 0.000651143782306, -9.90925982478e-05, 0.000619839818683, -6.71517118462e-05, 0.000894169497769], [-8.44571914058e-05, 0.00421668449417, -0.00166967068799, 0.00353965605609, -0.00284095830284, 0.00317200040445, -0.00228773034178, 0.00251074321568, -0.00083460676251, 0.00238786474802, -0.00212134839967, 0.00302746100351, -0.00345288333483], [0.000151459025801, -0.00166967068799, 0.00151784450281, -0.00162561854813, 0.000732193060685, -0.00146384059917, 0.00100644724444, -0.00133230595384, 0.000867925933562, -0.000534558435902, 0.000544968643226, -0.00140396377537, 0.00214403821155], [-9.32091425057e-05, 0.00353965605609, -0.00162561854813, 0.00462863733992, -0.00317064067349, 0.00279439543374, -0.00204956741072, 0.00139498210046, -0.00067998142913, 0.00423266692087, -0.00304308859631, 0.00120648904704, -0.00190502742771], [0.000359060184564, -0.00284095830284, 0.000732193060685, -0.00317064067349, 0.0075376550667, -0.00343213579617, -0.00131754844915, -0.000583411776461, -8.599661669e-05, -0.00434962427244, 0.00473289657384, -7.25586432964e-05, -0.000505433941726], [-0.00100368517451, 0.00317200040445, -0.00146384059917, 0.00279439543374, -0.00343213579617, 0.00818733125925, -0.00156782078557, -0.000848172639962, -0.000731382402591, 0.00253852107562, -0.00140785658732, 0.00190406409092, -0.00410709390417], [-0.000282721593976, -0.00228773034178, 0.00100644724444, -0.00204956741072, -0.00131754844915, -0.00156782078557, 0.0106662847102, -0.00364305777475, -0.00287450430915, 0.00396877154708, -0.00389846623875, -0.00353018846363, 0.00425065774471], [-5.20361354575e-05, 0.00251074321568, -0.00133230595384, 0.00139498210046, -0.000583411776461, -0.000848172639962, -0.00364305777475, 0.015861382708, -0.00229224772193, -0.0113661512733, 0.00474878912792, 0.00598978344351, -0.00615725666285], [0.000651143782306, -0.00083460676251, 0.000867925933562, -0.00067998142913, -8.599661669e-05, -0.000731382402591, -0.00287450430915, -0.00229224772193, 0.0120915295556, -0.00231814035214, -0.00573205528781, 0.00346192438155, 0.00513875251636], [-9.90925982478e-05, 0.00238786474802, -0.000534558435902, 0.00423266692087, -0.00434962427244, 0.00253852107562, 0.00396877154708, -0.0113661512733, -0.00231814035214, 0.0265604928136, -0.00968810357153, -0.0110448123887, 0.00359818758443], [0.000619839818683, -0.00212134839967, 0.000544968643226, -0.00304308859631, 0.00473289657384, -0.00140785658732, -0.00389846623875, 0.00474878912792, -0.00573205528781, -0.00968810357153, 0.0202808510512, -0.00277201132849, -0.00951963476837], [-6.71517118462e-05, 0.00302746100351, -0.00140396377537, 0.00120648904704, -7.25586432964e-05, 0.00190406409092, -0.00353018846363, 0.00598978344351, 0.00346192438155, -0.0110448123887, -0.00277201132849, 0.0215210001916, -0.00186983833555], [0.000894169497769, -0.00345288333483, 0.00214403821155, -0.00190502742771, -0.000505433941726, -0.00410709390417, 0.00425065774471, -0.00615725666285, 0.00513875251636, 0.00359818758443, -0.00951963476837, -0.00186983833555, 0.0205235425383]]
    },
    "melbands": {
        "dmean": [0.00465690903366, 0.0031400192529, 0.00155077257659, 0.000979137024842, 0.000314235861879, 0.000443642173195, 0.000394829374272, 0.000138530842378, 7.21728429198e-05, 5.11543767061e-05, 3.78883960366e-05, 4.9680176744e-05, 4.47215024906e-05, 3.48868961737e-05, 1.50596952153e-05, 1.22220153571e-05, 2.04047464649e-05, 1.90430710063e-05, 1.03033898995e-05, 8.7765738499e-06, 5.8317609728e-06, 5.25909035787e-06, 5.32942976861e-06, 3.85349858334e-06, 4.04287902711e-06, 4.01371289627e-06, 4.47673619419e-06, 4.73393947686e-06, 6.01429655944e-06, 5.16764339409e-06, 4.73844829685e-06, 4.65305811304e-06, 4.97330574944e-06, 5.08407129018e-06, 4.51094365417e-06, 2.08475535146e-06, 1.40405995808e-06, 9.06926459265e-07, 6.59653835555e-07, 2.11526710814e-07],
        "dmean2": [0.00596837839112, 0.00439711241052, 0.00283266743645, 0.00157859153114, 0.000522471615113, 0.000687066058163, 0.000602347892709, 0.000209555335459, 0.000110694410978, 8.62553570187e-05, 6.51970040053e-05, 7.84044314059e-05, 5.91810821788e-05, 5.20647481608e-05, 2.48067281063e-05, 1.97417302843e-05, 3.19122373185e-05, 2.79609303107e-05, 1.53229484567e-05, 1.37675906444e-05, 8.35688388179e-06, 7.7716576925e-06, 8.06306252343e-06, 5.8560422076e-06, 6.02702630204e-06, 5.84171311857e-06, 6.61387275613e-06, 7.12616429155e-06, 8.99511360331e-06, 7.31222189643e-06, 6.86442035658e-06, 7.03334171703e-06, 7.57577299737e-06, 7.27256156097e-06, 6.76563377056e-06, 3.06775791614e-06, 2.10830876313e-06, 1.29262912196e-06, 9.34502054406e-07, 3.18979061831e-07],
        "dvar": [9.99481344479e-05, 7.06612481736e-05, 2.03932195291e-05, 3.47488821717e-06, 4.24727574e-07, 3.94549772409e-07, 3.43061969943e-07, 2.67840221113e-07, 3.42785355656e-08, 1.59882631579e-08, 1.14915321703e-08, 2.076511052e-08, 1.83449113678e-08, 1.66511142652e-08, 1.79107484399e-09, 1.79483750085e-09, 6.66372068636e-09, 5.150363247e-09, 1.3984871039e-09, 6.68004873638e-10, 2.13894221779e-10, 1.57554178037e-10, 1.52842405399e-10, 5.15684821234e-11, 4.19809048635e-11, 6.22991519483e-11, 5.12678267894e-11, 5.28154568691e-11, 1.26234259157e-10, 8.76250738635e-11, 7.70132638217e-11, 8.19141837693e-11, 1.1180290721e-10, 1.21750123872e-10, 1.05382515214e-10, 2.15347444738e-11, 8.94509553234e-12, 3.30263962879e-12, 2.40657667405e-12, 2.45253551625e-13],
        "dvar2": [0.000113286987471, 0.0001698123815, 6.02825566602e-05, 9.25355379877e-06, 1.14389945338e-06, 8.52381958794e-07, 6.59935210479e-07, 4.62699091486e-07, 7.11941439135e-08, 4.24275583555e-08, 3.1238226228e-08, 5.27036156939e-08, 3.23765512178e-08, 3.65040726535e-08, 3.90791710103e-09, 3.74183262153e-09, 1.51788359659e-08, 8.80523209901e-09, 2.5328434905e-09, 1.40905320745e-09, 4.37019920252e-10, 3.09587189218e-10, 3.18976928204e-10, 1.10707325252e-10, 8.13230247032e-11, 1.27104798908e-10, 1.09992480402e-10, 1.16822954088e-10, 2.71118349993e-10, 1.69056241228e-10, 1.49332074484e-10, 1.82015208461e-10, 2.36726666047e-10, 2.70753280907e-10, 2.45395176401e-10, 4.97917818088e-11, 2.06248507856e-11, 6.44486460727e-12, 4.60388021109e-12, 5.60990815433e-13],
        "max": [0.0682980045676, 0.0592775642872, 0.0263694431633, 0.0147477947176, 0.00629869615659, 0.00559165468439, 0.00543627049774, 0.0115317078307, 0.00324182002805, 0.00112001947127, 0.000997196300887, 0.00156363705173, 0.00142597558443, 0.00122297916096, 0.000448359263828, 0.000468665442895, 0.000804099836387, 0.000735161418561, 0.000370409456082, 0.000267295108642, 0.000191632701899, 0.000126401180751, 0.000150169071276, 7.92742721387e-05, 7.53148488002e-05, 0.000116308612633, 8.96549827303e-05, 6.27126719337e-05, 0.000116735085612, 0.000129211257445, 8.09802513686e-05, 7.96977983555e-05, 8.22474466986e-05, 9.18641890166e-05, 7.97835818958e-05, 4.17379233113e-05, 2.81389184238e-05, 2.13563907892e-05, 2.47854750342e-05, 7.93337130744e-06],
        "mean": [0.007446043659, 0.00377047713846, 0.00146427273285, 0.00142888887785, 0.000413119472796, 0.000772189523559, 0.000782704795711, 0.000333002244588, 0.000108462329081, 5.94149096287e-05, 4.71155253763e-05, 7.39061215427e-05, 5.97995749558e-05, 3.91271387343e-05, 2.19308058149e-05, 1.52201591845e-05, 2.24206778512e-05, 2.41559409915e-05, 1.34674055516e-05, 1.25888172988e-05, 8.16778992885e-06, 7.59523572924e-06, 7.0607525231e-06, 6.08254640611e-06, 7.01727276464e-06, 6.28778661849e-06, 7.14894076737e-06, 7.27231190467e-06, 9.00743816601e-06, 7.74507589085e-06, 6.69323799229e-06, 5.76796583118e-06, 5.34054879608e-06, 5.14200473845e-06, 4.04622460337e-06, 2.0098400455e-06, 1.45752608205e-06, 1.07804532945e-06, 8.00342263574e-07, 2.1124748173e-07],
        "median": [0.00102128693834, 0.000476480607176, 0.000583138433285, 0.000770202837884, 0.000174708722625, 0.000363031285815, 0.000395270850277, 3.39999678545e-05, 1.207972673e-05, 8.98185771803e-06, 1.23239378809e-05, 8.17498312244e-06, 4.52102494819e-06, 6.76878835293e-06, 6.22795460004e-06, 2.14204260374e-06, 1.7532122456e-06, 1.62674120929e-06, 1.34026322485e-06, 2.16634498429e-06, 2.29669944929e-06, 2.34638173424e-06, 2.07280140785e-06, 2.41069778895e-06, 2.76811329059e-06, 2.32321190197e-06, 2.98014060718e-06, 3.21588777297e-06, 3.49659899257e-06, 2.96580378745e-06, 2.55960594586e-06, 1.95531993086e-06, 1.00823933735e-06, 5.59884028917e-07, 3.06090555569e-07, 1.8556266923e-07, 1.76491909087e-07, 1.39350092354e-07, 1.50526105358e-07, 1.83463875203e-08],
        "min": [2.11354563362e-06, 7.39332392641e-07, 6.9552459081e-07, 1.04566902337e-06, 8.46871785143e-07, 5.21706567724e-07, 1.62682010796e-06, 4.39683503828e-07, 1.40253234804e-07, 1.00833212002e-07, 1.17142846534e-07, 1.56526482442e-07, 9.552136504e-08, 7.97015502485e-08, 6.36007371213e-08, 3.91792767118e-08, 5.31320480945e-08, 3.52883873234e-08, 3.85523790669e-08, 3.02317815226e-08, 7.75468294023e-08, 7.98728905238e-08, 6.5026398488e-08, 3.86942744512e-08, 5.02908363842e-08, 5.33972119854e-08, 7.918083611e-08, 7.40299768154e-08, 5.44776170841e-08, 1.07373949731e-07, 4.70810768149e-08, 1.90581417314e-09, 1.26289334546e-09, 1.91695426893e-11, 5.67549100165e-13, 2.19379601291e-11, 8.60853055507e-11, 3.7677122533e-10, 1.09409235144e-11, 3.2297914343e-12],
