{
"highlevel": {
    "danceability": {
        "all": {
            "danceable": 0.452826529741,
            "not_danceable": 0.547173440456
        },
        "probability": 0.547173440456,
        "value": "not_danceable"
    },
    "gender": {
        "all": {
            "female": 0.393816590309,
            "male": 0.606183409691
        },
        "probability": 0.606183409691,
        "value": "male"
    },
    "genre_dortmund": {
        "all": {
            "alternative": 0.360631167889,
            "blues": 0.0253680367023,
            "electronic": 0.00881223753095,
            "folkcountry": 0.0462467335165,
            "funksoulrnb": 0.00328851351514,
            "jazz": 0.0469195097685,
            "pop": 0.0312916748226,
            "raphiphop": 0.00215845019557,
            "rock": 0.475283682346
        },
        "probability": 0.475283682346,
        "value": "rock"
    },
    "genre_electronic": {
        "all": {
            "ambient": 0.552255034447,
            "dnb": 0.187143579125,
            "house": 0.0260390974581,
            "techno": 0.00946775265038,
            "trance": 0.225094527006
        },
        "probability": 0.552255034447,
        "value": "ambient"
    },
    "genre_rosamerica": {
        "all": {
            "cla": 0.00120290264022,
            "dan": 0.0151990186423,
            "hip": 0.00134206388611,
            "jaz": 0.003198931925,
            "pop": 0.0258474666625,
            "rhy": 0.00376582238823,
            "roc": 0.948008656502,
            "spe": 0.00143511779606
        },
        "probability": 0.948008656502,
        "value": "roc"
    },
    "genre_tzanetakis": {
        "all": {
            "blu": 0.0626613423228,
            "cla": 0.0348169617355,
            "cou": 0.104475811124,
            "dis": 0.0784321576357,
            "hip": 0.15692435205,
            "jaz": 0.313974827528,
            "met": 0.0448166541755,
            "pop": 0.0627359300852,
            "reg": 0.0627360641956,
            "roc": 0.0784258767962
        },
        "probability": 0.313974827528,
        "value": "jaz"
    },
    "ismir04_rhythm": {
        "all": {
            "ChaChaCha": 0.070976190269,
            "Jive": 0.345134735107,
            "Quickstep": 0.0724877268076,
            "Rumba-American": 0.0215968135744,
            "Rumba-International": 0.078246884048,
            "Rumba-Misc": 0.00979285407811,
            "Samba": 0.12222546339,
            "Tango": 0.0342226997018,
            "VienneseWaltz": 0.214394584298,
            "Waltz": 0.0309220515192
        },
        "probability": 0.345134735107,
        "value": "Jive"
    },
    "mood_acoustic": {
        "all": {
            "acoustic": 0.0968639776111,
            "not_acoustic": 0.903136014938
        },
        "probability": 0.903136014938,
        "value": "not_acoustic"
    },
    "mood_aggressive": {
        "all": {
            "aggressive": 0.787047564983,
            "not_aggressive": 0.212952449918
        },
        "probability": 0.787047564983,
        "value": "aggressive"
    },
    "mood_electronic": {
        "all": {
            "electronic": 0.283743172884,
            "not_electronic": 0.716256856918
        },
        "probability": 0.716256856918,
        "value": "not_electronic"
    },
    "mood_happy": {
        "all": {
            "happy": 0.490718960762,
            "not_happy": 0.509281039238
        },
        "probability": 0.509281039238,
        "value": "not_happy"
    },
    "mood_party": {
        "all": {
            "not_party": 0.704160094261,
            "party": 0.295839935541
        },
        "probability": 0.704160094261,
        "value": "not_party"
    },
    "mood_relaxed": {
        "all": {
            "not_relaxed": 0.703230679035,
            "relaxed": 0.296769350767
        },
        "probability": 0.703230679035,
        "value": "not_relaxed"
    },
    "mood_sad": {
        "all": {
            "not_sad": 0.6714848876,
            "sad": 0.3285151124
        },
        "probability": 0.6714848876,
        "value": "not_sad"
    },
    "moods_mirex": {
        "all": {
            "Cluster1": 0.457477539778,
            "Cluster2": 0.0743687227368,
            "Cluster3": 0.125644341111,
            "Cluster4": 0.0542956255376,
            "Cluster5": 0.288213759661
        },
        "probability": 0.457477539778,
        "value": "Cluster1"
    },
    "timbre": {
        "all": {
            "bright": 0.94916176796,
            "dark": 0.0508382059634
        },
        "probability": 0.94916176796,
        "value": "bright"
    },
    "tonal_atonal": {
        "all": {
            "atonal": 0.000173931970494,
            "tonal": 0.999826073647
        },
        "probability": 0.999826073647,
        "value": "tonal"
    },
    "voice_instrumental": {
        "all": {
            "instrumental": 0.0494631379843,
            "voice": 0.950536847115
        },
        "probability": 0.950536847115,
        "value": "voice"
    }
},
"lowlevel": {
    "average_loudness": 0.982772827148,
    "barkbands_crest": {
        "dmean": 2.371073246,
        "dmean2": 3.94544911385,
        "dvar": 6.44425725937,
        "dvar2": 18.3524246216,
        "max": 23.1037387848,
        "mean": 10.2487039566,
        "median": 9.80323600769,
        "min": 3.17985081673,
        "var": 11.9053993225
    },
    "barkbands_flatness_db": {
        "dmean": 0.0183389689773,
        "dmean2": 0.0282355882227,
        "dvar": 0.000275022437563,
        "dvar2": 0.000681186385918,
        "max": 0.339481860399,
        "mean": 0.136840194464,
        "median": 0.133324578404,
        "min": 0.0521866902709,
        "var": 0.00129701255355
    },
    "barkbands_kurtosis": {
        "dmean": 2.09021139145,
        "dmean2": 3.43061876297,
        "dvar": 9.62699699402,
        "dvar2": 26.3855228424,
        "max": 42.7125511169,
        "mean": 2.86470723152,
        "median": 1.68309688568,
        "min": -1.31543123722,
        "var": 15.1540145874
    },
    "barkbands_skewness": {
        "dmean": 0.42954146862,
        "dmean2": 0.698117554188,
        "dvar": 0.221212670207,
        "dvar2": 0.61076438427,
        "max": 6.1847949028,
        "mean": 1.70227026939,
        "median": 1.55928337574,
        "min": 0.109588176012,
        "var": 0.551502645016
    },
    "barkbands_spread": {
        "dmean": 5.12477874756,
        "dmean2": 7.9238448143,
        "dvar": 28.3861503601,
        "dvar2": 69.0438613892,
        "max": 57.8619842529,
        "mean": 25.8013916016,
        "median": 25.2396259308,
        "min": 4.30549716949,
        "var": 89.9530639648
    },
    "dissonance": {
        "dmean": 0.013017530553,
        "dmean2": 0.0218216720968,
        "dvar": 0.000145111698657,
        "dvar2": 0.00035910322913,
        "max": 0.499459564686,
        "mean": 0.466896146536,
        "median": 0.472769349813,
        "min": 0.380630940199,
        "var": 0.000482358387671
    },
    "dynamic_complexity": 1.38080978394,
    "erbbands_crest": {
        "dmean": 1.87301528454,
        "dmean2": 2.93957257271,
        "dvar": 2.7635705471,
        "dvar2": 6.41337585449,
        "max": 25.5697555542,
        "mean": 7.92236757278,
        "median": 7.08686971664,
        "min": 2.56647396088,
        "var": 13.1220607758
    },
    "erbbands_flatness_db": {
        "dmean": 0.0118314493448,
        "dmean2": 0.0162110254169,
        "dvar": 0.000148350532982,
        "dvar2": 0.000254498445429,
        "max": 0.254718780518,
        "mean": 0.130694106221,
        "median": 0.126011997461,
        "min": 0.0623779445887,
        "var": 0.000966002757195
    },
    "erbbands_kurtosis": {
        "dmean": 0.356809437275,
        "dmean2": 0.576965987682,
        "dvar": 0.159943953156,
        "dvar2": 0.372151941061,
        "max": 6.9997844696,
        "mean": -0.51213657856,
        "median": -0.711510896683,
        "min": -1.58115434647,
        "var": 0.577076435089
    },
    "erbbands_skewness": {
        "dmean": 0.252644717693,
        "dmean2": 0.397633075714,
        "dvar": 0.0531108304858,
        "dvar2": 0.128245666623,
        "max": 1.93013584614,
        "mean": 0.0316245295107,
        "median": 0.0189270731062,
        "min": -1.25328409672,
        "var": 0.19640520215
    },
    "erbbands_spread": {
        "dmean": 6.35734796524,
        "dmean2": 10.2447738647,
        "dvar": 42.5771102905,
        "dvar2": 100.103523254,
        "max": 107.82434082,
        "mean": 48.1694564819,
        "median": 46.5659866333,
        "min": 12.2903594971,
        "var": 229.920074463
    },
    "hfc": {
        "dmean": 4.73535299301,
        "dmean2": 6.53766965866,
        "dvar": 35.074306488,
        "dvar2": 64.1730194092,
        "max": 72.1725387573,
        "mean": 26.0598754883,
        "median": 24.1066112518,
        "min": 2.24566674232,
        "var": 158.176895142
    },
    "melbands_crest": {
        "dmean": 2.90902876854,
        "dmean2": 4.85443925858,
        "dvar": 8.03157997131,
        "dvar2": 22.5468349457,
        "max": 28.8672180176,
        "mean": 16.8433475494,
        "median": 16.9138755798,
        "min": 5.86116266251,
        "var": 16.2164344788
    },
    "melbands_flatness_db": {
        "dmean": 0.0213987715542,
        "dmean2": 0.0327108763158,
        "dvar": 0.000421914533945,
        "dvar2": 0.00108515389729,
        "max": 0.430190116167,
        "mean": 0.188847780228,
        "median": 0.186002641916,
        "min": 0.0748162716627,
        "var": 0.00196588225663
    },
    "melbands_kurtosis": {
        "dmean": 6.3540725708,
        "dmean2": 10.455994606,
        "dvar": 91.7202072144,
        "dvar2": 244.982788086,
        "max": 123.188041687,
        "mean": 14.1535520554,
        "median": 9.83635902405,
        "min": -0.700255632401,
        "var": 188.69708252
    },
    "melbands_skewness": {
        "dmean": 0.651033639908,
        "dmean2": 1.05883908272,
        "dvar": 0.502499163151,
        "dvar2": 1.36010622978,
        "max": 9.55998516083,
        "mean": 3.1303730011,
        "median": 2.82213687897,
        "min": 0.62315428257,
        "var": 1.68067729473
    },
    "melbands_spread": {
        "dmean": 5.00620603561,
        "dmean2": 8.05644321442,
        "dvar": 26.1633911133,
        "dvar2": 68.9499893188,
        "max": 60.0122528076,
        "mean": 20.8639526367,
        "median": 20.118013382,
        "min": 2.47675466537,
        "var": 74.267364502
    },
    "pitch_salience": {
        "dmean": 0.0615094006062,
        "dmean2": 0.100807286799,
        "dvar": 0.00357550336048,
        "dvar2": 0.00939130876213,
        "max": 0.782850682735,
        "mean": 0.500608921051,
        "median": 0.494098633528,
        "min": 0.166836678982,
        "var": 0.00806422159076
    },
    "silence_rate_20dB": {
        "dmean": 0,
        "dmean2": 0,
        "dvar": 0,
        "dvar2": 0,
        "max": 1,
        "mean": 1,
        "median": 1,
        "min": 1,
        "var": 0
    },
    "silence_rate_30dB": {
        "dmean": 0,
        "dmean2": 0,
        "dvar": 0,
        "dvar2": 0,
        "max": 1,
        "mean": 1,
        "median": 1,
        "min": 1,
        "var": 0
    },
    "silence_rate_60dB": {
        "dmean": 0,
        "dmean2": 0,
        "dvar": 0,
        "dvar2": 0,
        "max": 0,
        "mean": 0,
        "median": 0,
        "min": 0,
        "var": 0
    },
    "spectral_centroid": {
        "dmean": 224.844711304,
        "dmean2": 360.391784668,
        "dvar": 53213.4492188,
        "dvar2": 133418.515625,
        "max": 2491.05444336,
        "mean": 1443.38549805,
        "median": 1447.62182617,
        "min": 383.680267334,
        "var": 164963.421875
    },
    "spectral_complexity": {
        "dmean": 3.97368431091,
        "dmean2": 5.89465522766,
        "dvar": 15.0117006302,
        "dvar2": 28.6100883484,
        "max": 52,
        "mean": 26.1245174408,
        "median": 26,
        "min": 5,
        "var": 81.7005157471
    },
    "spectral_decrease": {
        "dmean": 2.7650381984e-09,
        "dmean2": 4.6840638035e-09,
        "dvar": 1.5804183921e-17,
        "dvar2": 4.23106986137e-17,
        "max": -1.65569802313e-09,
        "mean": -9.72951408329e-09,
        "median": -9.4734682321e-09,
        "min": -3.58855842819e-08,
        "var": 1.71824554187e-17
    },
    "spectral_energy": {
        "dmean": 0.0106459623203,
        "dmean2": 0.0179836004972,
        "dvar": 0.000234849358094,
        "dvar2": 0.00062596477801,
        "max": 0.140829697251,
        "mean": 0.0390851534903,
        "median": 0.0383837521076,
        "min": 0.00671208603308,
        "var": 0.00026429531863
    },
    "spectral_energyband_high": {
        "dmean": 0.000380871177185,
        "dmean2": 0.000494956213515,
        "dvar": 2.51410227747e-07,
        "dvar2": 4.11898724906e-07,
        "max": 0.00554477423429,
        "mean": 0.00118278292939,
        "median": 0.000913502532057,
        "min": 6.91082959747e-06,
        "var": 9.78870843937e-07
    },
    "spectral_energyband_low": {
        "dmean": 0.00705662090331,
        "dmean2": 0.0119368238375,
        "dvar": 9.86362210824e-05,
        "dvar2": 0.000260386412265,
        "max": 0.0938356220722,
        "mean": 0.0188339035958,
        "median": 0.0175186023116,
        "min": 0.000317977333907,
        "var": 0.000120399447042
    },
    "spectral_energyband_middle_high": {
        "dmean": 0.00110146694351,
        "dmean2": 0.00170187803451,
        "dvar": 1.40806253057e-06,
        "dvar2": 3.21594120578e-06,
        "max": 0.0193173866719,
        "mean": 0.00576723180711,
        "median": 0.00511225219816,
        "min": 0.000243567468715,
        "var": 1.22290230138e-05
    },
    "spectral_energyband_middle_low": {
        "dmean": 0.0062720621936,
        "dmean2": 0.0107134794816,
        "dvar": 0.000157201546244,
        "dvar2": 0.000433865119703,
        "max": 0.0943411290646,
        "mean": 0.0147605566308,
        "median": 0.0122712394223,
        "min": 0.00159127137158,
        "var": 0.000143006662256
    },
    "spectral_entropy": {
        "dmean": 0.111842013896,
        "dmean2": 0.149425670505,
        "dvar": 0.0118985772133,
        "dvar2": 0.0218953136355,
        "max": 8.39659500122,
        "mean": 7.7273979187,
        "median": 7.78400850296,
        "min": 6.643409729,
        "var": 0.0752202272415
    },
    "spectral_flux": {
        "dmean": 0.0262292847037,
        "dmean2": 0.0388285405934,
        "dvar": 0.00106964574661,
        "dvar2": 0.00191624951549,
        "max": 0.272420167923,
        "mean": 0.0877049043775,
        "median": 0.0720279738307,
        "min": 0.0224215462804,
        "var": 0.00220263213851
    },
    "spectral_kurtosis": {
        "dmean": 0.997733473778,
        "dmean2": 1.65815770626,
        "dvar": 1.2899338007,
        "dvar2": 3.67781710625,
        "max": 12.0923109055,
        "mean": 3.36947035789,
        "median": 3.16699934006,
        "min": -0.0789470672607,
        "var": 3.06868100166
    },
    "spectral_rms": {
        "dmean": 0.000796861131676,
        "dmean2": 0.00132654677145,
        "dvar": 1.02754665932e-06,
        "dvar2": 2.65653352471e-06,
        "max": 0.0117215542123,
        "mean": 0.00605271663517,
        "median": 0.00611944170669,
        "min": 0.00255897967145,
        "var": 1.49649281411e-06
    },
    "spectral_rolloff": {
        "dmean": 417.196777344,
        "dmean2": 707.927612305,
        "dvar": 288886.5,
        "dvar2": 701514.9375,
        "max": 5017.23632812,
        "mean": 1199.54833984,
        "median": 990.52734375,
        "min": 86.1328125,
        "var": 600466.5
    },
    "spectral_skewness": {
        "dmean": 0.15174151957,
        "dmean2": 0.247448697686,
        "dvar": 0.0219307485968,
        "dvar2": 0.0570544973016,
        "max": 2.50457620621,
        "mean": 1.31585919857,
        "median": 1.33338940144,
        "min": 0.412850052118,
        "var": 0.0929717049003
    },
    "spectral_spread": {
        "dmean": 416267.75,
        "dmean2": 594616.5,
        "dvar": 362919657472,
        "dvar2": 509365944320,
        "max": 18790724,
        "mean": 4645726,
        "median": 4608617.5,
        "min": 1990318.25,
        "var": 1.18653884826e+12
    },
    "spectral_strongpeak": {
        "dmean": 0.289425611496,
        "dmean2": 0.519834280014,
        "dvar": 0.268048673868,
        "dvar2": 0.751367211342,
        "max": 4.00162982941,
        "mean": 0.643526315689,
        "median": 0.550658285618,
        "min": 0.0495933666825,
        "var": 0.237089931965
    },
    "zerocrossingrate": {
        "dmean": 0.00864734034985,
        "dmean2": 0.00979361310601,
        "dvar": 6.22017760179e-05,
        "dvar2": 7.50959370635e-05,
        "max": 0.13330078125,
        "mean": 0.0571345724165,
        "median": 0.0537109375,
        "min": 0.009765625,
        "var": 0.000470319646411
    },
    "barkbands": {
        "dmean": [0.000155535453814, 0.00454310607165, 0.00371497077867, 0.0010018259054, 0.00436798203737, 0.000805348332506, 0.000907832814846, 0.00095612910809, 0.000677947246004, 0.000228955002967, 0.000332360039465, 0.000278395862551, 0.000168124504853, 0.000185439523193, 0.000232626276556, 0.000293045159196, 0.000332274939865, 0.000194747146452, 0.000167466103449, 0.000156251437147, 0.000120477816381, 0.000103075566585, 6.3876475906e-05, 5.12501210324e-05, 5.48694843019e-05, 3.89823908336e-05, 3.34979581851e-08],
        "dmean2": [0.000275049853371, 0.00755269639194, 0.00633125193417, 0.00169499509502, 0.00781888421625, 0.00127679877914, 0.00144529819954, 0.00143370206933, 0.00105870189145, 0.000368115521269, 0.000523909111507, 0.000438507297076, 0.000267625058768, 0.000304917397443, 0.000386206433177, 0.000485056138132, 0.000541044515558, 0.000327078887494, 0.000275574304396, 0.00024842552375, 0.00018540439487, 0.000151371568791, 9.34607814997e-05, 7.17089642421e-05, 7.47799786041e-05, 5.26184594491e-05, 5.74563152611e-08],
        "dvar": [2.03462988679e-07, 7.48260281398e-05, 2.06493114092e-05, 2.44089824264e-06, 0.000122904137243, 1.04273487977e-06, 1.93751998268e-06, 2.323807621e-06, 1.06318907456e-06, 1.00627495669e-07, 4.77177991343e-07, 1.38810605677e-07, 5.49887246848e-08, 7.36357321784e-08, 6.56055831882e-08, 1.38260773497e-07, 1.43035350675e-07, 4.25725801279e-08, 4.18041139483e-08, 2.78235905427e-08, 2.39618422881e-08, 1.7504238059e-08, 8.37084535021e-09, 4.84517137522e-09, 8.93085783105e-09, 5.65160762633e-09, 2.39928367294e-14],
        "dvar2": [5.71108103031e-07, 0.000196650638827, 6.07829206274e-05, 6.40701682642e-06, 0.00034435786074, 2.6131742743e-06, 5.0887042562e-06, 5.24789629708e-06, 2.30162072512e-06, 2.31246033877e-07, 1.1066568959e-06, 3.36577471671e-07, 1.27979731701e-07, 1.98053172085e-07, 1.78578247301e-07, 3.71247892872e-07, 3.66876633962e-07, 1.16440368458e-07, 1.11981989903e-07, 6.61093366716e-08, 5.31716963792e-08, 3.88456342648e-08, 1.86680058079e-08, 8.97209417872e-09, 1.52205696935e-08, 1.0516240323e-08, 4.12102941832e-14],
        "max": [0.00331464083865, 0.0772684812546, 0.0411501899362, 0.0199355222285, 0.0788247436285, 0.0135700665414, 0.0188070721924, 0.0185686852783, 0.0140688251704, 0.00507004372776, 0.0126677006483, 0.00737630575895, 0.00356809003279, 0.00354065163992, 0.00293433736078, 0.00497428374365, 0.00421493547037, 0.00199113646522, 0.00255221803673, 0.00168332806788, 0.00160095095634, 0.0017050052993, 0.00104316719808, 0.000682262005284, 0.000991409178823, 0.00104050210211, 3.98050406147e-06],
        "mean": [0.000119932679809, 0.00750684691593, 0.00982298608869, 0.00211890274659, 0.0048386673443, 0.0017618505517, 0.00204468797892, 0.00245393603109, 0.00134535413235, 0.000419494026573, 0.00109011714812, 0.000610127695836, 0.000364675623132, 0.000361047888873, 0.000510580604896, 0.000706605846062, 0.000767729419749, 0.0004423710634, 0.000384194339858, 0.000397670286475, 0.000292306998745, 0.000261073146248, 0.00014847618877, 0.000128974585095, 0.000116697963676, 6.98524308973e-05, 2.41820927727e-08],
        "median": [1.57332633535e-05, 0.00526902545244, 0.00908450596035, 0.00130337523296, 0.00258289836347, 0.0012356005609, 0.000818979402538, 0.000703975674696, 0.000771758845076, 0.00030373147456, 0.000197726782062, 0.000360471196473, 0.000222546252189, 0.000221450012759, 0.000429078965681, 0.000470064493129, 0.000552864046767, 0.000357365992386, 0.000321440398693, 0.000327670801198, 0.000220291389269, 0.000182477349881, 9.37889053603e-05, 8.12370853964e-05, 5.59502150281e-05, 2.00529539143e-05, 1.09953424143e-09],
        "min": [1.8711340033e-08, 5.91864272792e-06, 3.9915285015e-05, 2.47769930866e-05, 0.000187762503629, 3.67469256162e-05, 6.01459032623e-06, 8.59134070197e-06, 1.21458115245e-05, 7.83068571764e-06, 1.80359074875e-06, 7.74693762651e-06, 6.05125114816e-06, 6.21351682639e-06, 6.82218387738e-06, 5.45364673599e-06, 1.43296720125e-05, 1.23744175653e-05, 5.63014145882e-06, 5.04048148287e-06, 2.44648572334e-06, 5.98751398684e-07, 7.58757678909e-09, 1.96910310279e-09, 8.56378596509e-12, 6.86679706152e-12, 6.94779563742e-12],
        "var": [1.38206587508e-07, 9.10298185772e-05, 4.44504476036e-05, 8.90674164111e-06, 8.11729696579e-05, 2.88319756692e-06, 6.88102181812e-06, 1.32947279781e-05, 3.03605042973e-06, 1.68990013094e-07, 5.42888028576e-06, 7.16206727702e-07, 1.88247923916e-07, 1.80125368843e-07, 1.47610180079e-07, 5.09682251959e-07, 4.67805790549e-07, 9.75302469897e-08, 9.04559556147e-08, 8.24361521268e-08, 5.95698246286e-08, 6.0665769297e-08, 2.47074716242e-08, 1.69856591015e-08, 2.54744758621e-08, 1.31941977344e-08, 2.12344197266e-14]
    },
    "erbbands": {
        "dmean": [0.087110362947, 1.19333410263, 3.90199351311, 3.60786819458, 8.03927230835, 19.4676399231, 6.72020435333, 7.61209249496, 7.85993337631, 21.498758316, 19.0299892426, 11.6986503601, 15.3424606323, 7.92069149017, 10.885597229, 11.5573825836, 7.49356079102, 10.313627243, 10.351395607, 13.4169464111, 16.7055606842, 15.503818512, 10.4044818878, 9.91436290741, 7.05767774582, 7.45171403885, 5.0076622963, 4.69882440567, 3.86868834496, 2.79101133347, 1.73536860943, 1.15475344658, 0.902006626129, 0.558072149754, 0.436397314072, 0.223552837968, 0.0720023438334, 0.00612440844998, 0.000112947789603, 1.45609801621e-05],
        "dmean2": [0.136222168803, 2.04302167892, 6.64195775986, 6.25883436203, 14.4289140701, 34.7587471008, 11.302989006, 12.0272951126, 13.1036882401, 33.0191612244, 27.6824111938, 18.3448867798, 24.4512062073, 12.5485525131, 17.0264205933, 18.2511615753, 11.8057203293, 16.76978302, 17.0824966431, 22.4399013519, 27.1483192444, 24.9281635284, 17.4790019989, 16.469083786, 11.4943971634, 11.8641109467, 7.61666870117, 7.32513856888, 5.7500166893, 4.04066228867, 2.52182102203, 1.70406246185, 1.26460909843, 0.801572084427, 0.605112791061, 0.309325218201, 0.102945178747, 0.00904376711696, 0.000158719762112, 2.24475315918e-05],
        "dvar": [0.0349650532007, 5.29574680328, 21.7691326141, 27.893037796, 389.787780762, 2370.85473633, 116.514175415, 105.429847717, 148.844070435, 1115.08959961, 1277.40185547, 287.70602417, 539.743286133, 132.932373047, 491.389465332, 259.838439941, 93.7038116455, 227.649307251, 137.868331909, 284.366210938, 374.76763916, 287.429168701, 124.010414124, 168.546234131, 55.7667236328, 68.3429870605, 41.0698547363, 36.0202522278, 25.8705215454, 14.0525283813, 6.36001062393, 2.5941824913, 1.58126556873, 0.714191615582, 0.621165156364, 0.183802366257, 0.0201500169933, 0.000136048111017, 4.38164065031e-08, 3.91557924972e-10],
        "dvar2": [0.0736212730408, 14.6206064224, 63.5407066345, 79.6275405884, 1095.32702637, 6671.84423828, 317.384033203, 251.677108765, 378.1980896, 2833.79101562, 2735.94702148, 639.90032959, 1271.18774414, 301.063262939, 1080.87939453, 609.135070801, 222.701919556, 628.06237793, 360.508605957, 812.606506348, 975.262084961, 703.36138916, 339.093109131, 462.757904053, 142.370559692, 164.631149292, 90.2333831787, 82.3212738037, 58.2270889282, 29.388999939, 14.3245725632, 5.56126737595, 3.04465651512, 1.28648233414, 1.15319252014, 0.33958029747, 0.0381088778377, 0.000294513069093, 8.73794689937e-08, 8.77217354311e-10],
        "max": [1.97525131702, 19.8742218018, 43.5389595032, 48.7661437988, 133.779571533, 363.794494629, 109.876319885, 153.064620972, 193.258087158, 486.799530029, 505.041351318, 340.394714355, 311.91607666, 191.592285156, 382.715332031, 360.94229126, 140.268051147, 202.938461304, 184.63079834, 236.486328125, 233.901672363, 215.171096802, 109.620109558, 169.088195801, 75.1585083008, 87.8025741577, 80.855506897, 70.029510498, 63.0230178833, 49.2053222656, 31.9272041321, 15.583190918, 13.1673841476, 9.04309082031, 9.47927093506, 5.24613285065, 1.68009662628, 0.140498310328, 0.0025455604773, 0.000183319498319],
        "mean": [0.127822041512, 2.07276916504, 10.128411293, 10.105764389, 9.71627902985, 20.4857730865, 10.9633588791, 16.3352870941, 15.9277000427, 54.0420417786, 52.9917144775, 25.37241745, 30.9438781738, 22.0665416718, 35.164352417, 26.7981128693, 18.6662082672, 22.7743091583, 22.7594356537, 31.6202259064, 42.5128059387, 39.0934028625, 26.2592411041, 22.1777362823, 18.3459739685, 18.8533229828, 12.3014802933, 11.0977087021, 9.71117401123, 6.76987791061, 3.98538732529, 2.68735051155, 2.11056733131, 1.21857714653, 0.83088183403, 0.393259853125, 0.126643821597, 0.00962876342237, 0.000210344907828, 5.68619434489e-05],
        "median": [0.0424643419683, 1.48504471779, 10.105096817, 6.96139144897, 5.08748674393, 9.45824432373, 7.56866979599, 9.12743186951, 11.4394245148, 24.5244102478, 13.7187948227, 16.778175354, 19.2268867493, 11.6131620407, 8.11205863953, 15.3566160202, 12.5509815216, 13.2061471939, 18.9540081024, 21.8625965118, 30.7136726379, 30.9782657623, 21.0322132111, 18.0468864441, 16.1205425262, 15.1155557632, 9.33231735229, 8.5876121521, 6.73953294754, 4.43240642548, 2.3837954998, 1.61557304859, 1.32314276695, 0.729246497154, 0.30983415246, 0.109442852437, 0.0355695411563, 0.00284141954035, 8.2818667579e-05, 5.20262765349e-05],
        "min": [0.000900662562344, 0.022717025131, 0.0913632884622, 0.141730993986, 0.280465871096, 0.449635565281, 0.629049479961, 0.542283177376, 0.273418903351, 0.291550844908, 0.499868154526, 0.560218095779, 0.701944231987, 0.436648994684, 0.233494982123, 0.434500545263, 0.494985431433, 0.530789792538, 0.340923756361, 0.337716937065, 1.45204699039, 0.887416243553, 0.693845570087, 0.863938987255, 0.253103256226, 0.278766304255, 0.141131356359, 0.0648326873779, 0.0331886708736, 0.00543386628851, 0.000337348727044, 7.66451048548e-05, 2.9240596632e-05, 1.06597390186e-05, 6.24310587227e-06, 4.05465425501e-06, 2.37363747146e-06, 4.46056560577e-07, 3.3185740449e-06, 7.84639632911e-06],
        "var": [0.0518529415131, 5.5917725563, 35.3426933289, 82.0712280273, 266.708587646, 1573.52209473, 129.455566406, 353.318481445, 261.465209961, 5025.92675781, 8656.90136719, 848.805114746, 1504.7779541, 822.24041748, 5163.22753906, 1519.32653809, 353.196228027, 714.930175781, 282.074462891, 914.124389648, 1362.74328613, 946.248046875, 341.399230957, 306.671875, 143.15788269, 198.966049194, 111.710784912, 84.3707809448, 82.2830963135, 49.1321678162, 18.607673645, 7.9949760437, 4.83855438232, 2.06353449821, 1.61937189102, 0.433064907789, 0.044564165175, 0.000250656157732, 9.29870367372e-08, 7.84041997992e-10]
    },
    "gfcc": {
        "mean": [47.0864486694, 90.0918426514, -115.997848511, 46.6610031128, -55.8235816956, 13.6321144104, -39.2025756836, 14.7159929276, -23.5406360626, 3.40508532524, -22.997592926, -2.93947267532, -14.3099002838],
        "cov": [[1523.20446777, -931.56829834, 275.709716797, -260.818145752, -210.638198853, 88.3124542236, -172.478302002, 223.065185547, -168.921218872, 203.187423706, -215.852890015, 151.706848145, -226.781326294], [-931.56829834, 907.656921387, -314.436279297, 93.8516311646, 188.462722778, -117.461105347, 165.158905029, -175.671600342, 127.320373535, -165.766174316, 175.111526489, -126.187042236, 167.89666748], [275.709716797, -314.436279297, 312.609130859, 4.34630870819, -52.5789413452, 46.4776802063, -65.1073532104, 64.7532501221, -47.7674446106, 74.2843322754, -58.6674613953, 67.3630218506, -59.2753295898], [-260.818145752, 93.8516311646, 4.34630870819, 319.7862854, 11.04322052, 40.8232040405, 28.983997345, -34.8153610229, 135.653137207, -30.5655994415, 75.4992752075, -24.2512607574, 83.5474319458], [-210.638198853, 188.462722778, -52.5789413452, 11.04322052, 192.76789856, -13.8448896408, 61.744430542, 2.11821913719, 26.163860321, -3.0221452713, 17.0551643372, -3.72835803032, 33.4528465271], [88.3124542236, -117.461105347, 46.4776802063, 40.8232040405, -13.8448896408, 141.966827393, 8.99334049225, 1.98843812943, -19.6697502136, 13.8635559082, 24.4235916138, 25.9900550842, -0.00333874137141], [-172.478302002, 165.158905029, -65.1073532104, 28.983997345, 61.744430542, 8.99334049225, 97.340965271, -13.105509758, 34.1944198608, -21.7942199707, 39.9097213745, -17.4131011963, 26.2281227112], [223.065185547, -175.671600342, 64.7532501221, -34.8153610229, 2.11821913719, 1.98843812943, -13.105509758, 145.901763916, 46.4517745972, 60.1220741272, -73.4136962891, 16.7209663391, -45.0963172913], [-168.921218872, 127.320373535, -47.7674446106, 135.653137207, 26.163860321, -19.6697502136, 34.1944198608, 46.4517745972, 196.388092041, -0.916585624218, 13.0871829987, -37.6261444092, 37.8321838379], [203.187423706, -165.766174316, 74.2843322754, -30.5655994415, -3.0221452713, 13.8635559082, -21.7942199707, 60.1220741272, -0.916585624218, 93.251373291, -25.2580337524, 35.3725128174, -40.1223907471], [-215.852890015, 175.111526489, -58.6674613953, 75.4992752075, 17.0551643372, 24.4235916138, 39.9097213745, -73.4136962891, 13.0871829987, -25.2580337524, 113.782424927, -4.75408029556, 48.2774963379], [151.706848145, -126.187042236, 67.3630218506, -24.2512607574, -3.72835803032, 25.9900550842, -17.4131011963, 16.7209663391, -37.6261444092, 35.3725128174, -4.75408029556, 73.501991272, -9.18616962433], [-226.781326294, 167.89666748, -59.2753295898, 83.5474319458, 33.4528465271, -0.00333874137141, 26.2281227112, -45.0963172913, 37.8321838379, -40.1223907471, 48.2774963379, -9.18616962433, 88.8044509888]],
        "icov": [[0.00249419314787, 0.000802084396128, 0.000952894450165, 0.000109879016236, 0.00132712454069, -0.000690158223733, 0.000498830690049, -0.00110490538646, 0.000720600655768, -0.00148468627594, 0.0015756811481, -0.00248110108078, 0.00208627386019], [0.000802084396128, 0.0112266400829, -0.000820356770419, 0.00592372845858, -0.005283894483, 0.00595270376652, -0.0053365570493, 0.00443060183898, -0.0060306400992, 0.00660231010988, -0.0101545955986, 0.00780829321593, -0.00760079594329], [0.000952894450165, -0.000820356770419, 0.00668780086562, -0.00319229997694, 0.00149453571066, -0.00150336779188, 0.00212244759314, -0.00174051092472, 0.00278666382656, -0.00314388494007, 0.00388412945904, -0.00534763233736, 0.00410562613979], [0.000109879016236, 0.00592372845858, -0.00319229997694, 0.0109752658755, -0.00288088712841, 0.00112758099567, -0.00202854303643, 0.00427149003372, -0.00887617655098, 0.00462678540498, -0.00825729034841, 0.00612244196236, -0.00852771196514], [0.00132712454069, -0.005283894483, 0.00149453571066, -0.00288088712841, 0.0109152644873, -0.00255916104652, -0.00165998691227, -0.00356612540781, 0.00415759254247, -0.00632504420355, 0.00737839192152, -0.006309538614, 0.00236161192879], [-0.000690158223733, 0.00595270376652, -0.00150336779188, 0.00112758099567, -0.00255916104652, 0.0129517829046, -0.00535059254616, 0.000979969627224, -0.00108727905899, 0.00404696585611, -0.00874748174101, 0.00354582373984, -0.00462479749694], [0.000498830690049, -0.0053365570493, 0.00212244759314, -0.00202854303643, -0.00165998691227, -0.00535059254616, 0.0204273369163, -0.00470470171422, 0.00128655636217, -0.000615223136265, -7.06139398972e-05, -0.00341965770349, 0.0057499371469], [-0.00110490538646, 0.00443060183898, -0.00174051092472, 0.00427149003372, -0.00356612540781, 0.000979969627224, -0.00470470171422, 0.0208045113832, -0.0101725095883, -0.00241630198434, 0.0043039242737, 0.00251058023423, -0.00191897549666], [0.000720600655768, -0.0060306400992, 0.00278666382656, -0.00887617655098, 0.00415759254247, -0.00108727905899, 0.00128655636217, -0.0101725095883, 0.0166591331363, -0.00664767762646, 0.00589365093037, -0.0016423399793, 0.00286632101052], [-0.00148468627594, 0.00660231010988, -0.00314388494007, 0.00462678540498, -0.00632504420355, 0.00404696585611, -0.000615223136265, -0.00241630198434, -0.00664767762646, 0.0269443187863, -0.0123214311898, 0.000336162309395, 0.000350892689312], [0.0015756811481, -0.0101545955986, 0.00388412945904, -0.00825729034841, 0.00737839192152, -0.00874748174101, -7.06139398972e-05, 0.0043039242737, 0.00589365093037, -0.0123214311898, 0.0318403430283, -0.0127035267651, 0.0063087856397], [-0.00248110108078, 0.00780829321593, -0.00534763233736, 0.00612244196236, -0.006309538614, 0.00354582373984, -0.00341965770349, 0.00251058023423, -0.0016423399793, 0.000336162309395, -0.0127035267651, 0.0324416607618, -0.0146527318284], [0.00208627386019, -0.00760079594329, 0.00410562613979, -0.00852771196514, 0.00236161192879, -0.00462479749694, 0.0057499371469, -0.00191897549666, 0.00286632101052, 0.000350892689312, 0.0063087856397, -0.0146527318284, 0.032151594758]]
    },
    "melbands": {
        "dmean": [0.00103993283119, 0.00178099120967, 0.000633087824099, 0.00110974116251, 0.000335646240273, 0.000163754841196, 0.000134007219458, 0.000224941846682, 0.000139287425554, 8.56759361341e-05, 7.6299351349e-05, 3.09082861349e-05, 4.72726824228e-05, 2.31847443501e-05, 3.10244431603e-05, 1.95812681341e-05, 1.86412798939e-05, 1.67328289535e-05, 1.57145641424e-05, 2.08501260204e-05, 2.34030831052e-05, 1.95383508981e-05, 1.34086631078e-05, 9.11964434636e-06, 9.0204866865e-06, 5.56423674425e-06, 6.39013069303e-06, 5.17549278811e-06, 3.26414101437e-06, 3.553795068e-06, 2.83115582533e-06, 2.54463498095e-06, 2.08933670365e-06, 1.54699455379e-06, 1.21951484289e-06, 8.88902263796e-07, 6.88727482157e-07, 7.0318969847e-07, 6.07987431067e-07, 4.8182420187e-07],
        "dmean2": [0.00167422147933, 0.00305316946469, 0.00110548327211, 0.00199461635202, 0.000577856728341, 0.000258919724729, 0.000222823175136, 0.000346005428582, 0.000202671071747, 0.00013590088929, 0.000121051969472, 4.90415732202e-05, 7.40918840165e-05, 3.65950836567e-05, 4.99376110383e-05, 3.11024414259e-05, 3.06354268105e-05, 2.77416893368e-05, 2.62988669419e-05, 3.53290961357e-05, 3.85289094993e-05, 3.17325066135e-05, 2.24511622946e-05, 1.51406447912e-05, 1.50631740325e-05, 9.23313564272e-06, 1.01729838207e-05, 8.37446714286e-06, 5.07557751916e-06, 5.6386252254e-06, 4.47197589892e-06, 3.9448282223e-06, 3.20854451274e-06, 2.26888096222e-06, 1.85593705737e-06, 1.3620297068e-06, 1.03543777641e-06, 1.03963316178e-06, 8.77625438989e-07, 7.25391942069e-07],
        "dvar": [4.23820847573e-06, 5.64751371712e-06, 7.55365931582e-07, 8.47198953124e-06, 4.10027752196e-07, 4.86248197262e-08, 3.91123649024e-08, 1.07937736971e-07, 7.11649477125e-08, 1.5474247661e-08, 1.33593687224e-08, 2.0020283209e-09, 1.0490713187e-08, 9.83302106405e-10, 1.90286075785e-09, 6.67936095322e-10, 7.20561055267e-10, 3.62481572536e-10, 3.431843143e-10, 1.03261099671e-09, 7.64750429649e-10, 4.90308349477e-10, 2.28724164608e-10, 9.43280661914e-11, 1.49736736899e-10, 3.91215879136e-11, 4.84135995182e-11, 3.44341569147e-11, 1.69740246164e-11, 2.29972655502e-11, 1.37654965551e-11, 1.12007833564e-11, 8.6812406222e-12, 4.23004166417e-12, 3.48090176475e-12, 1.55137740761e-12, 8.61921103067e-13, 9.07307757571e-13, 8.64997526731e-13, 5.15766411784e-13],
        "dvar2": [1.04938180812e-05, 1.59091468959e-05, 2.19579828808e-06, 2.37440290221e-05, 1.13971896099e-06, 1.16950033657e-07, 1.00926740743e-07, 2.72140056268e-07, 1.48739729866e-07, 3.47343984686e-08, 3.12961319082e-08, 4.37223057759e-09, 2.35874377807e-08, 2.22561391539e-09, 4.81108486383e-09, 1.6430775629e-09, 1.9666375195e-09, 9.31033805607e-10, 9.40751587741e-10, 3.03272740254e-09, 2.00126826222e-09, 1.21856391644e-09, 6.27327134683e-10, 2.634885643e-10, 4.17420376042e-10, 1.02107343414e-10, 1.21482685023e-10, 8.55161497171e-11, 3.81176860909e-11, 5.54763318616e-11, 3.31348767868e-11, 2.57993747893e-11, 2.05704463879e-11, 9.24577515243e-12, 8.58983717489e-12, 3.56081418691e-12, 1.89414434658e-12, 1.90352486377e-12, 1.69080667436e-12, 1.05803744672e-12],
        "max": [0.0179495476186, 0.020963318646, 0.00694557838142, 0.0205934271216, 0.0053231222555, 0.00313878851011, 0.00268832943402, 0.00449747266248, 0.00367474206723, 0.00190258142538, 0.00156051956583, 0.000742861477192, 0.00181165488902, 0.000647363252938, 0.000879920087755, 0.000434943474829, 0.000343701365637, 0.000291151896818, 0.000220550849917, 0.000444613251602, 0.000312803254928, 0.000274617108516, 0.000186616744031, 9.40901518334e-05, 0.000157728529302, 6.63517712383e-05, 7.74747240939e-05, 6.29927890259e-05, 5.52279889234e-05, 5.36142651981e-05, 5.31327968929e-05, 3.7287332816e-05, 4.00118042307e-05, 2.679993122e-05, 2.5503552024e-05, 1.24643456729e-05, 9.33417049964e-06, 1.0229918189e-05, 1.22514375107e-05, 7.06687387719e-06],
        "mean": [0.001599869458, 0.0045762937516, 0.00172649347223, 0.00115681276657, 0.000488227640744, 0.000353232229827, 0.000294753612252, 0.000576041114982, 0.000372102629626, 0.000171856692759, 0.00015169713879, 7.80704940553e-05, 0.000156310939929, 4.92892540933e-05, 6.62330712657e-05, 4.36604277638e-05, 3.8152684283e-05, 3.36896737281e-05, 3.46846136381e-05, 4.72444553452e-05, 5.22833070136e-05, 4.36896589235e-05, 2.92708591587e-05, 2.00330669031e-05, 1.79501766979e-05, 1.25796686916e-05, 1.4794618437e-05, 1.17529234558e-05, 7.45047918826e-06, 7.11676148057e-06, 6.1697514866e-06, 5.73915485802e-06, 4.63103515358e-06, 3.37822530128e-06, 2.46562217399e-06, 1.83613121862e-06, 1.50408368427e-06, 1.54385531914e-06, 1.22707899664e-06, 9.35606351504e-07],
        "median": [0.000961327692494, 0.00450438354164, 0.00130767328665, 0.000575475860387, 0.000338665675372, 0.000210480298847, 0.000188833873835, 0.000309095688863, 8.74704419402e-05, 0.00010218618263, 9.35734278755e-05, 4.27226586908e-05, 2.68179810519e-05, 3.10038303724e-05, 3.71413625544e-05, 2.60113556578e-05, 2.16816642933e-05, 2.7605885407e-05, 2.68876792688e-05, 2.79117284663e-05, 3.7194993638e-05, 3.22330670315e-05, 2.29169436352e-05, 1.5931955204e-05, 1.37645347422e-05, 1.05657918539e-05, 1.20741742649e-05, 9.00386658031e-06, 5.59366662856e-06, 5.10383142682e-06, 4.73770205645e-06, 3.93931168219e-06, 3.05465914607e-06, 2.10958205571e-06, 1.39541418775e-06, 1.1100133861e-06, 8.92594016477e-07, 9.70344217421e-07, 7.2242596616e-07, 5.37633980002e-07],
        "min": [1.19112860375e-06, 6.06174617133e-05, 3.37288038281e-05, 2.85753449134e-05, 1.69071317941e-05, 6.76007175571e-06, 2.34843355429e-06, 3.06567017105e-06, 2.57727629105e-06, 3.31494129568e-06, 2.39468295149e-06, 1.10469011361e-06, 3.96554156623e-07, 7.59287331675e-07, 7.30463284526e-07, 7.94950381078e-07, 5.45929935925e-07, 5.0673673968e-07, 4.36762320533e-07, 2.99107284718e-07, 1.54028793986e-06, 7.18493708973e-07, 3.95928424268e-07, 6.45999080007e-07, 4.84834799863e-07, 1.20071590004e-07, 8.8864794634e-08, 1.66841417126e-07, 1.0067106615e-07, 4.38120686397e-08, 3.059905751e-08, 2.03426875345e-08, 4.86158624469e-09, 9.61920654241e-10, 9.23508908235e-11, 5.20633952616e-11, 2.42838839315e-11, 8.15486914107e-12, 1.75520904235e-12, 5.62491371569e-14],
