{
"highlevel": {
    "danceability": {
        "all": {
            "danceable": 0.999983906746,
            "not_danceable": 1.60749696079e-05
        },
        "probability": 0.999983906746,
        "value": "danceable"
    },
    "gender": {
        "all": {
            "female": 0.212382256985,
            "male": 0.787617743015
        },
        "probability": 0.787617743015,
        "value": "male"
    },
    "genre_dortmund": {
        "all": {
            "alternative": 0.0130249485373,
            "blues": 0.00143115338869,
            "electronic": 0.864406466484,
            "folkcountry": 0.00239978660829,
            "funksoulrnb": 0.00132999382913,
            "jazz": 0.033939525485,
            "pop": 0.0124117117375,
            "raphiphop": 0.062921449542,
            "rock": 0.00813494902104
        },
        "probability": 0.864406466484,
        "value": "electronic"
    },
    "genre_electronic": {
        "all": {
            "ambient": 0.0344251729548,
            "dnb": 0.17529168725,
            "house": 0.0692791342735,
            "techno": 0.0096491985023,
            "trance": 0.711354792118
        },
        "probability": 0.711354792118,
        "value": "trance"
    },
    "genre_rosamerica": {
        "all": {
            "cla": 0.000371858186554,
            "dan": 0.968456208706,
            "hip": 0.0127579411492,
            "jaz": 0.000245984381763,
            "pop": 0.015689374879,
            "rhy": 0.000744656368624,
            "roc": 0.00140942761209,
            "spe": 0.000324574502883
        },
        "probability": 0.968456208706,
        "value": "dan"
    },
    "genre_tzanetakis": {
        "all": {
            "blu": 0.0620671063662,
            "cla": 0.034474901855,
            "cou": 0.103433981538,
            "dis": 0.0620971247554,
            "hip": 0.15527240932,
            "jaz": 0.310666948557,
            "met": 0.044346679002,
            "pop": 0.0620793737471,
            "reg": 0.0620816536248,
            "roc": 0.103479810059
        },
        "probability": 0.310666948557,
        "value": "jaz"
    },
    "ismir04_rhythm": {
        "all": {
            "ChaChaCha": 0.566283106804,
            "Jive": 0.145059719682,
            "Quickstep": 0.00358985620551,
            "Rumba-American": 0.00714278453961,
            "Rumba-International": 0.00335988472216,
            "Rumba-Misc": 0.00285191833973,
            "Samba": 0.264062970877,
            "Tango": 0.00202567852102,
            "VienneseWaltz": 0.00443297531456,
            "Waltz": 0.00119111326057
        },
        "probability": 0.566283106804,
        "value": "ChaChaCha"
    },
    "mood_acoustic": {
        "all": {
            "acoustic": 2.25198664339e-06,
            "not_acoustic": 0.999997735023
        },
        "probability": 0.999997735023,
        "value": "not_acoustic"
    },
    "mood_aggressive": {
        "all": {
            "aggressive": 0.845786809921,
            "not_aggressive": 0.154213175178
        },
        "probability": 0.845786809921,
        "value": "aggressive"
    },
    "mood_electronic": {
        "all": {
            "electronic": 0.955008685589,
            "not_electronic": 0.0449913293123
        },
        "probability": 0.955008685589,
        "value": "electronic"
    },
    "mood_happy": {
        "all": {
            "happy": 0.672251045704,
            "not_happy": 0.327748984098
        },
        "probability": 0.672251045704,
        "value": "happy"
    },
    "mood_party": {
        "all": {
            "not_party": 0.0460518710315,
            "party": 0.953948140144
        },
        "probability": 0.953948140144,
        "value": "party"
    },
    "mood_relaxed": {
        "all": {
            "not_relaxed": 0.959996461868,
            "relaxed": 0.0400035306811
        },
        "probability": 0.959996461868,
        "value": "not_relaxed"
    },
    "mood_sad": {
        "all": {
            "not_sad": 0.967715263367,
            "sad": 0.0322847403586
        },
        "probability": 0.967715263367,
        "value": "not_sad"
    },
    "moods_mirex": {
        "all": {
            "Cluster1": 0.13983041048,
            "Cluster2": 0.0298612341285,
            "Cluster3": 0.0158726591617,
            "Cluster4": 0.0491986908019,
            "Cluster5": 0.765237033367
        },
        "probability": 0.765237033367,
        "value": "Cluster5"
    },
    "timbre": {
        "all": {
            "bright": 0.970237612724,
            "dark": 0.029762359336
        },
        "probability": 0.970237612724,
        "value": "bright"
    },
    "tonal_atonal": {
        "all": {
            "atonal": 0.0326588340104,
            "tonal": 0.967341184616
        },
        "probability": 0.967341184616,
        "value": "tonal"
    },
    "voice_instrumental": {
        "all": {
            "instrumental": 0.0391507484019,
            "voice": 0.960849225521
        },
        "probability": 0.960849225521,
        "value": "voice"
    }
},
"lowlevel": {
    "average_loudness": 0.98393446207,
    "barkbands_crest": {
        "dmean": 2.98893022537,
        "dmean2": 4.59048461914,
        "dvar": 10.1054811478,
        "dvar2": 19.7536392212,
        "max": 25.7285575867,
        "mean": 14.920633316,
        "median": 16.7978801727,
        "min": 2.50182366371,
        "var": 54.2036705017
    },
    "barkbands_flatness_db": {
        "dmean": 0.0266288332641,
        "dmean2": 0.0424153245986,
        "dvar": 0.000823551730718,
        "dvar2": 0.0016597120557,
        "max": 0.298499047756,
        "mean": 0.134907126427,
        "median": 0.134820684791,
        "min": 0.0454923249781,
        "var": 0.00312985549681
    },
    "barkbands_kurtosis": {
        "dmean": 4.03247928619,
        "dmean2": 6.69000148773,
        "dvar": 47.7130584717,
        "dvar2": 132.062316895,
        "max": 71.7827377319,
        "mean": 5.43021059036,
        "median": 2.12335681915,
        "min": -1.79346454144,
        "var": 91.2445602417
    },
    "barkbands_skewness": {
        "dmean": 0.773458302021,
        "dmean2": 1.18282365799,
        "dvar": 0.625563442707,
        "dvar2": 1.57176184654,
        "max": 8.18260383606,
        "mean": 1.92888426781,
        "median": 1.82473695278,
        "min": -1.42631709576,
        "var": 2.62526631355
    },
    "barkbands_spread": {
        "dmean": 11.19028759,
        "dmean2": 16.028131485,
        "dvar": 108.672309875,
        "dvar2": 214.789749146,
        "max": 93.2079391479,
        "mean": 37.2687263489,
        "median": 33.8526344299,
        "min": 3.92920470238,
        "var": 427.030975342
    },
    "dissonance": {
        "dmean": 0.0114932926372,
        "dmean2": 0.0200769416988,
        "dvar": 0.000120870870887,
        "dvar2": 0.000339839083608,
        "max": 0.499999523163,
        "mean": 0.485575318336,
        "median": 0.489292860031,
        "min": 0.425349444151,
        "var": 0.00015233749582
    },
    "dynamic_complexity": 1.75727808475,
    "erbbands_crest": {
        "dmean": 2.1629087925,
        "dmean2": 3.6259932518,
        "dvar": 4.92704343796,
        "dvar2": 13.0740222931,
        "max": 22.1118297577,
        "mean": 6.1085600853,
        "median": 5.41124916077,
        "min": 2.25250554085,
        "var": 7.3542971611
    },
    "erbbands_flatness_db": {
        "dmean": 0.0161029305309,
        "dmean2": 0.0245158281177,
        "dvar": 0.000200949885766,
        "dvar2": 0.000434550864156,
        "max": 0.197323948145,
        "mean": 0.111674971879,
        "median": 0.109742201865,
        "min": 0.0560510121286,
        "var": 0.000622510735411
    },
    "erbbands_kurtosis": {
        "dmean": 0.896780788898,
        "dmean2": 1.45065367222,
        "dvar": 0.762939035892,
        "dvar2": 1.90663468838,
        "max": 6.887840271,
        "mean": 0.0419899560511,
        "median": -0.368541240692,
        "min": -1.53494870663,
        "var": 1.71425330639
    },
    "erbbands_skewness": {
        "dmean": 0.493673503399,
        "dmean2": 0.774061977863,
        "dvar": 0.187251240015,
        "dvar2": 0.489702045918,
        "max": 1.74472880363,
        "mean": -0.466527819633,
        "median": -0.466284394264,
        "min": -2.34296178818,
        "var": 0.448936134577
    },
    "erbbands_spread": {
        "dmean": 12.153632164,
        "dmean2": 19.5064334869,
        "dvar": 128.758956909,
        "dvar2": 337.871276855,
        "max": 123.310852051,
        "mean": 52.5918159485,
        "median": 51.5929946899,
        "min": 17.214925766,
        "var": 256.062988281
    },
    "hfc": {
        "dmean": 18.5255184174,
        "dmean2": 25.3979530334,
        "dvar": 546.778564453,
        "dvar2": 950.289916992,
        "max": 227.595169067,
        "mean": 36.7627716064,
        "median": 24.1169319153,
        "min": 1.02197015285,
        "var": 1164.8125
    },
    "melbands_crest": {
        "dmean": 3.72271823883,
        "dmean2": 5.97332048416,
        "dvar": 17.8245067596,
        "dvar2": 41.6410865784,
        "max": 31.8962268829,
        "mean": 21.5278549194,
        "median": 25.232542038,
        "min": 2.49891829491,
        "var": 75.076713562
    },
    "melbands_flatness_db": {
        "dmean": 0.0345997698605,
        "dmean2": 0.0522128678858,
        "dvar": 0.00116511713713,
        "dvar2": 0.00227995333262,
        "max": 0.365822017193,
        "mean": 0.178673550487,
        "median": 0.189790353179,
        "min": 0.0209988709539,
        "var": 0.00675913831219
    },
    "melbands_kurtosis": {
        "dmean": 15.5501890182,
        "dmean2": 25.5078449249,
        "dvar": 639.169555664,
        "dvar2": 1837.75622559,
        "max": 255.556854248,
        "mean": 28.9749031067,
        "median": 18.4679374695,
        "min": -1.42582929134,
        "var": 1088.15356445
    },
    "melbands_skewness": {
        "dmean": 1.21659946442,
        "dmean2": 1.89466643333,
        "dvar": 1.64650022984,
        "dvar2": 4.31241130829,
        "max": 13.719004631,
        "mean": 4.34810495377,
        "median": 4.05828619003,
        "min": -0.261293321848,
        "var": 5.87604904175
    },
    "melbands_spread": {
        "dmean": 14.494843483,
        "dmean2": 21.0826454163,
        "dvar": 354.198181152,
        "dvar2": 801.14251709,
        "max": 157.436279297,
        "mean": 33.3435897827,
        "median": 20.5131492615,
        "min": 1.85378825665,
        "var": 955.451965332
    },
    "pitch_salience": {
        "dmean": 0.100225262344,
        "dmean2": 0.162044212222,
        "dvar": 0.0137101104483,
        "dvar2": 0.0266950502992,
        "max": 0.86886036396,
        "mean": 0.429663330317,
        "median": 0.369196295738,
        "min": 0.0867342948914,
        "var": 0.0492283776402
    },
    "silence_rate_20dB": {
        "dmean": 0,
        "dmean2": 0,
        "dvar": 0,
        "dvar2": 0,
        "max": 1,
        "mean": 1,
        "median": 1,
        "min": 1,
        "var": 0
    },
    "silence_rate_30dB": {
        "dmean": 0,
        "dmean2": 0,
        "dvar": 0,
        "dvar2": 0,
        "max": 1,
        "mean": 1,
        "median": 1,
        "min": 1,
        "var": 0
    },
    "silence_rate_60dB": {
        "dmean": 0.00154798757285,
        "dmean2": 0.00309837330133,
        "dvar": 0.00154558825307,
        "dvar2": 0.00463794404641,
        "max": 1,
        "mean": 0.00077339517884,
        "median": 0,
        "min": 0,
        "var": 0.000772796571255
    },
    "spectral_centroid": {
        "dmean": 467.54019165,
        "dmean2": 727.441833496,
        "dvar": 215048.125,
        "dvar2": 471716.78125,
        "max": 4101.11914062,
        "mean": 2452.55493164,
        "median": 2511.39648438,
        "min": 576.788757324,
        "var": 511088.34375
    },
    "spectral_complexity": {
        "dmean": 7.40944290161,
        "dmean2": 10.3338499069,
        "dvar": 43.0791969299,
        "dvar2": 75.7080078125,
        "max": 60,
        "mean": 26.4106731415,
        "median": 25,
        "min": 2,
        "var": 135.185546875
    },
    "spectral_decrease": {
        "dmean": 3.47719808502e-09,
        "dmean2": 5.36683320007e-09,
        "dvar": 1.4586059553e-17,
        "dvar2": 3.89341572794e-17,
        "max": -3.42573469592e-10,
        "mean": -9.81449943538e-09,
        "median": -1.02985042716e-08,
        "min": -3.30228502321e-08,
        "var": 3.44194849054e-17
    },
    "spectral_energy": {
        "dmean": 0.0142371142283,
        "dmean2": 0.0217177961022,
        "dvar": 0.000231560465181,
        "dvar2": 0.000603842840064,
        "max": 0.129523515701,
        "mean": 0.0403766930103,
        "median": 0.0418993644416,
        "min": 0.00167228467762,
        "var": 0.00053472048603
    },
    "spectral_energyband_high": {
        "dmean": 0.00195502350107,
        "dmean2": 0.00265571218915,
        "dvar": 6.11270115769e-06,
        "dvar2": 9.90567059489e-06,
        "max": 0.022081816569,
        "mean": 0.00339748058468,
        "median": 0.00188011676073,
        "min": 5.11946418555e-05,
        "var": 1.37986280606e-05
    },
    "spectral_energyband_low": {
        "dmean": 0.00899335555732,
        "dmean2": 0.0138621078804,
        "dvar": 0.000194626351004,
        "dvar2": 0.000479393842397,
        "max": 0.113943010569,
        "mean": 0.0261225104332,
        "median": 0.0278578959405,
        "min": 3.88806001865e-05,
        "var": 0.000444413424702
    },
    "spectral_energyband_middle_high": {
        "dmean": 0.00193911255337,
        "dmean2": 0.002941503888,
        "dvar": 6.04930846748e-06,
        "dvar2": 1.39330386446e-05,
        "max": 0.0283816512674,
        "mean": 0.00441548833624,
        "median": 0.00334909418598,
        "min": 0.000161422140081,
        "var": 1.32124823722e-05
    },
    "spectral_energyband_middle_low": {
        "dmean": 0.00735628698021,
        "dmean2": 0.0127514023334,
        "dvar": 0.00014459285012,
        "dvar2": 0.000380378594855,
        "max": 0.0784069225192,
        "mean": 0.00680828234181,
        "median": 0.00276287598535,
        "min": 0.000313511496643,
        "var": 0.000110381937702
    },
    "spectral_entropy": {
        "dmean": 0.124350979924,
        "dmean2": 0.186662957072,
        "dvar": 0.015558604151,
        "dvar2": 0.0364673137665,
        "max": 8.5625,
        "mean": 8.11541652679,
        "median": 8.10961723328,
        "min": 7.37207651138,
        "var": 0.0435385107994
    },
    "spectral_flux": {
        "dmean": 0.0334566608071,
        "dmean2": 0.0507378838956,
        "dvar": 0.00142489443533,
        "dvar2": 0.00284855952486,
        "max": 0.316655755043,
        "mean": 0.104465775192,
        "median": 0.0872463136911,
        "min": 0.0248029064387,
        "var": 0.00318931229413
    },
    "spectral_kurtosis": {
        "dmean": 0.743752419949,
        "dmean2": 1.25637853146,
        "dvar": 0.461244285107,
        "dvar2": 1.24238657951,
        "max": 7.36707115173,
        "mean": 2.0156443119,
        "median": 1.8549041748,
        "min": 0.0275666713715,
        "var": 0.795412898064
    },
    "spectral_rms": {
        "dmean": 0.00116518430877,
        "dmean2": 0.00174003036227,
        "dvar": 1.33634682697e-06,
        "dvar2": 3.36617313224e-06,
        "max": 0.0112411929294,
        "mean": 0.00596874114126,
        "median": 0.00639354577288,
        "min": 0.00127730076201,
        "var": 3.76605203201e-06
    },
    "spectral_rolloff": {
        "dmean": 1128.9440918,
        "dmean2": 1694.16943359,
        "dvar": 2021746.875,
        "dvar2": 3882553.5,
        "max": 10400.5371094,
        "mean": 2488.39648438,
        "median": 1012.06054688,
        "min": 64.599609375,
        "var": 6638785.5
    },
    "spectral_skewness": {
        "dmean": 0.161734133959,
        "dmean2": 0.269413918257,
        "dvar": 0.022219851613,
        "dvar2": 0.0556203238666,
        "max": 2.12367796898,
        "mean": 0.984114170074,
        "median": 0.984948635101,
        "min": 0.344851076603,
        "var": 0.0443367995322
    },
    "spectral_spread": {
        "dmean": 803278.5,
        "dmean2": 1197222.5,
        "dvar": 653575913472,
        "dvar2": 1.38792363622e+12,
        "max": 14539994,
        "mean": 5473349.5,
        "median": 5311746,
        "min": 2542291.25,
        "var": 1.84298543514e+12
    },
    "spectral_strongpeak": {
        "dmean": 0.189383029938,
        "dmean2": 0.316455572844,
        "dvar": 0.162235558033,
        "dvar2": 0.460174053907,
        "max": 4.58188772202,
        "mean": 0.459065049887,
        "median": 0.430166333914,
        "min": 0,
        "var": 0.12397685647
    },
    "zerocrossingrate": {
        "dmean": 0.0220663826913,
        "dmean2": 0.0233758501709,
        "dvar": 0.000424542435212,
        "dvar2": 0.000469170103315,
        "max": 0.26513671875,
        "mean": 0.0877082273364,
        "median": 0.06591796875,
        "min": 0.00537109375,
        "var": 0.00364557653666
    },
    "barkbands": {
        "dmean": [0.000171217048774, 0.00791386794299, 0.00198933132924, 0.000962101155892, 0.00340383453295, 0.00144594581798, 0.0010250111809, 0.000560495362151, 0.000905965163838, 0.000579650513828, 0.000466170051368, 0.000293595308904, 0.000227726748562, 0.00018003101286, 0.000209020407056, 0.000188763980987, 0.000159284434631, 0.000272827193839, 0.000316884048516, 0.000368187931599, 0.00043857525452, 0.000414951995481, 0.000343881663866, 0.000327234563883, 0.00027272143052, 0.000206361524761, 2.87785269393e-07],
        "dmean2": [0.000265731738182, 0.012510176748, 0.00335624138825, 0.00176901195664, 0.00606008945033, 0.00265609845519, 0.00183346995618, 0.000977990799583, 0.00159869669005, 0.000968247768469, 0.00077429873636, 0.000502443115693, 0.000380863639293, 0.000294752448099, 0.000346546497894, 0.000308729097014, 0.000254554033745, 0.000419784249971, 0.000476933608297, 0.000559107691515, 0.000635539530776, 0.000610221584793, 0.00048726570094, 0.000467239762656, 0.000400075572543, 0.000289801071631, 4.78269384985e-07],
        "dvar": [4.99319128267e-08, 0.000143741868669, 3.2305251807e-05, 3.77439982913e-06, 3.72541981051e-05, 1.35936588777e-05, 3.68907080883e-06, 8.55595203575e-07, 1.89570641851e-06, 1.01270575215e-06, 6.3381861537e-07, 1.8763182652e-07, 1.70086067897e-07, 9.01068020198e-08, 6.79549501115e-08, 5.97943099478e-08, 4.30520152861e-08, 1.38957787499e-07, 1.77821817715e-07, 2.41578561599e-07, 2.49793828289e-07, 3.43712486028e-07, 2.14830805589e-07, 2.01975154823e-07, 1.54255147322e-07, 8.45276915129e-08, 1.37961950891e-12],
        "dvar2": [9.97721656404e-08, 0.000384809653042, 8.00967900432e-05, 1.0633920283e-05, 9.77468152996e-05, 3.92845540773e-05, 1.03708298411e-05, 2.25454391511e-06, 5.2860955293e-06, 2.44913212555e-06, 1.54524002483e-06, 4.83258133954e-07, 4.62542146806e-07, 2.26506458034e-07, 1.8120886125e-07, 1.62408596793e-07, 9.91600899169e-08, 3.4127691606e-07, 3.63968297279e-07, 5.13058125762e-07, 4.68230723527e-07, 6.89828766554e-07, 4.20175410909e-07, 3.69429358216e-07, 3.07299018232e-07, 1.36884878543e-07, 3.56151328047e-12],
        "max": [0.00360901653767, 0.0797743201256, 0.0446672923863, 0.0144344139844, 0.0386346280575, 0.0303018689156, 0.0202286504209, 0.00862763077021, 0.0121915247291, 0.0145774623379, 0.00951055809855, 0.00443457718939, 0.00485897902399, 0.00336178671569, 0.00277535826899, 0.00291691278107, 0.00229850038886, 0.00510832900181, 0.00663797045127, 0.00731346290559, 0.00534211844206, 0.00662370305508, 0.00398806342855, 0.00324979284778, 0.0027420965489, 0.00245908438228, 1.50438918354e-05],
        "mean": [0.000515472085681, 0.0235967859626, 0.00173559447285, 0.000738454342354, 0.00257092784159, 0.00107858132105, 0.000850527489092, 0.000509032048285, 0.000911002571229, 0.00066701072501, 0.000626215129159, 0.000310004397761, 0.000261473440332, 0.000239367087488, 0.000303713983158, 0.000311283103656, 0.000283429544652, 0.000557366292924, 0.000570923206396, 0.000716748298146, 0.000839850283228, 0.000656780030113, 0.000501051195897, 0.000444767414592, 0.000330634618877, 0.000249428238021, 2.16572317413e-07],
        "median": [0.000535679340828, 0.0256742853671, 0.000374344352167, 0.000294647034025, 0.00045915634837, 0.000295457488392, 0.000281765067484, 0.000185709897778, 0.000433725741459, 0.000257284875261, 0.000186596706044, 0.000146201011376, 0.000146454694914, 0.000147623082739, 0.00021803699201, 0.000226096934057, 0.00019677815726, 0.000332928175339, 0.000375009520212, 0.000494280015118, 0.000550332595594, 0.000329458969645, 0.000234335282585, 0.000181149051059, 9.49658206082e-05, 6.06148787483e-05, 1.84745285736e-09],
        "min": [6.57470025089e-08, 4.43327735411e-06, 5.06256901645e-06, 1.57682711688e-06, 2.30673358601e-05, 1.79834648861e-06, 4.54164455732e-06, 3.47841773873e-06, 6.69978817314e-06, 3.77140213459e-06, 4.41497741122e-06, 4.1281182348e-06, 3.63839831152e-06, 1.84166583495e-06, 3.62872606274e-06, 6.08150730841e-06, 4.19322623202e-06, 4.66161327495e-06, 1.22826550069e-05, 1.30218149934e-05, 1.73887128767e-05, 6.07804759056e-06, 2.99038242701e-06, 2.66381516667e-06, 4.35123439502e-07, 1.18916689829e-08, 1.01811111625e-11],
        "var": [2.08313736039e-07, 0.000371075962903, 2.65240614681e-05, 2.35018296735e-06, 2.69804768323e-05, 7.71333725424e-06, 2.50646917266e-06, 7.2726459166e-07, 1.64068012509e-06, 1.62303865636e-06, 1.19646028907e-06, 1.92306558233e-07, 1.46003230839e-07, 1.0482210655e-07, 9.40719857567e-08, 9.53677385951e-08, 7.73641701812e-08, 3.94572367668e-07, 3.78047189997e-07, 5.48657510535e-07, 6.62112199734e-07, 5.87710985656e-07, 3.82434507173e-07, 3.5362950257e-07, 2.49668232755e-07, 1.62048962693e-07, 1.0345527603e-12]
    },
    "erbbands": {
        "dmean": [0.207023739815, 1.90658950806, 2.82923960686, 2.23037648201, 5.62196016312, 11.8788290024, 18.6376819611, 10.3508825302, 14.3882074356, 12.6031427383, 12.9872369766, 21.7035655975, 17.8178863525, 20.4627304077, 14.4879512787, 10.4605178833, 9.96410942078, 9.79281520844, 9.5371837616, 9.04673480988, 11.0773448944, 8.47018432617, 14.8054294586, 12.9924259186, 17.5955314636, 15.4425868988, 17.7149353027, 19.2353477478, 15.6550378799, 12.5945062637, 9.34410095215, 7.1689696312, 5.39982938766, 3.27362942696, 1.9322052002, 1.04333734512, 0.382107079029, 0.0319655314088, 0.000612706877291, 4.64969598397e-05],
        "dmean2": [0.259401857853, 3.14751529694, 4.7058429718, 3.90644812584, 10.3313999176, 21.4140090942, 32.8669471741, 18.9806480408, 25.9516639709, 22.2126560211, 22.7195129395, 38.2762145996, 30.5455226898, 34.2984619141, 24.2770252228, 17.7643852234, 16.4389324188, 16.4593029022, 15.6151742935, 14.6390323639, 18.480304718, 13.2806539536, 22.7354106903, 19.7929782867, 26.6974964142, 23.1718025208, 25.1768245697, 28.3407974243, 23.3045158386, 18.1278038025, 13.2139205933, 10.3515615463, 7.74549150467, 4.81851816177, 2.90973114967, 1.46712875366, 0.540044605732, 0.0464188866317, 0.000881866260897, 6.7260589276e-05],
        "dvar": [0.0610550493002, 11.0136508942, 60.6352119446, 24.1816329956, 119.532920837, 503.448150635, 1434.03845215, 739.108642578, 757.683410645, 497.121124268, 481.929290771, 1197.7824707, 760.335449219, 1042.42565918, 590.590576172, 231.515182495, 305.141937256, 349.684539795, 183.507141113, 106.038818359, 220.013031006, 106.248291016, 502.096984863, 212.661834717, 668.171142578, 383.58203125, 395.564941406, 565.344909668, 484.500152588, 306.520080566, 148.295379639, 96.0048828125, 58.6229133606, 21.4027481079, 8.95375537872, 2.26572465897, 0.292695403099, 0.00209147110581, 8.03133730187e-07, 3.59461349575e-09],
        "dvar2": [0.0897957459092, 30.3885288239, 147.760650635, 64.7507247925, 332.05847168, 1358.26416016, 3868.66235352, 2143.17358398, 2121.77661133, 1386.42956543, 1309.25427246, 3349.3815918, 1922.02246094, 2486.92358398, 1477.32128906, 595.31652832, 828.60748291, 941.066589355, 436.303344727, 267.303253174, 586.061706543, 246.739013672, 1258.42224121, 490.649627686, 1467.23120117, 766.861450195, 780.11138916, 1111.12609863, 1009.48791504, 644.248779297, 274.02734375, 178.138946533, 108.839439392, 42.2534446716, 18.8773326874, 3.88613176346, 0.4893219769, 0.00380741432309, 1.40296879181e-06, 6.28343466147e-09],
        "max": [2.51797771454, 22.7303256989, 62.9485816956, 45.9974327087, 72.1575164795, 154.069885254, 318.056304932, 202.099624634, 234.828491211, 224.34223938, 231.277923584, 295.6746521, 275.064758301, 389.449493408, 388.42401123, 165.658218384, 183.81829834, 231.91557312, 198.763198853, 139.595535278, 164.992889404, 117.1978302, 269.154998779, 206.883270264, 412.444061279, 279.660217285, 252.26385498, 276.703033447, 250.235671997, 150.567672729, 115.310089111, 78.5068054199, 66.9186172485, 38.1016769409, 21.6399822235, 12.9477453232, 4.59467029572, 0.383700817823, 0.00730102695525, 0.000559996289667],
        "mean": [0.90965873003, 4.36277389526, 2.96867394447, 1.93955039978, 4.20281982422, 8.60815048218, 14.1017332077, 7.79288959503, 11.4866809845, 11.2428894043, 12.4885044098, 21.0793762207, 20.5432815552, 28.0250530243, 18.2362289429, 11.9797477722, 12.0539989471, 12.910317421, 13.6947145462, 15.7755661011, 18.5462360382, 16.7329139709, 29.003408432, 25.8678741455, 33.1377868652, 31.5368728638, 32.1114616394, 35.6454734802, 24.8869686127, 18.3207855225, 13.7294034958, 10.226732254, 6.96867656708, 3.99778962135, 2.25217366219, 1.24746537209, 0.453231394291, 0.0358948297799, 0.000728476210497, 8.94043623703e-05],
        "median": [1.05770814419, 4.16103315353, 1.08479630947, 0.810212552547, 1.30035054684, 1.51234602928, 2.09039115906, 2.36139130592, 3.71609544754, 4.35020875931, 5.31111574173, 9.68785667419, 9.49116325378, 10.4326982498, 8.55613040924, 5.95115232468, 6.87142944336, 7.7717924118, 9.32294750214, 11.9771499634, 13.1259403229, 12.3080101013, 16.4294986725, 18.2723350525, 21.7423877716, 22.6517333984, 21.7028465271, 21.4356384277, 12.9240875244, 9.03858280182, 6.1799325943, 4.87922048569, 2.46972751617, 1.18627214432, 0.621407926083, 0.368195801973, 0.0914088264108, 0.0060298871249, 0.000143997152918, 6.2647726736e-05],
        "min": [0.000145128273289, 0.0011487432057, 0.0128329973668, 0.0189759004861, 0.0275758113712, 0.0587025806308, 0.0304257012904, 0.0436261259019, 0.100067965686, 0.0633806958795, 0.137278288603, 0.103738002479, 0.178593978286, 0.28741273284, 0.277775943279, 0.274193823338, 0.219634756446, 0.101725302637, 0.123671427369, 0.252744406462, 0.256746888161, 0.343756318092, 0.379667699337, 0.55478811264, 0.532851457596, 0.669418275356, 0.685177445412, 0.677233040333, 0.376817375422, 0.0872273296118, 0.0919953808188, 0.0787975117564, 0.0230670720339, 0.00380029133521, 0.00267535750754, 0.000513743143529, 0.000105210689071, 8.68660208653e-06, 4.81196912006e-06, 5.35982098882e-06],
        "var": [0.556963503361, 16.172328949, 52.4748878479, 17.3301239014, 76.7682647705, 338.650421143, 987.619506836, 414.589477539, 496.46661377, 368.660858154, 381.382171631, 976.895385742, 1053.16943359, 2256.57763672, 800.936462402, 252.796401978, 280.585632324, 338.908325195, 234.394744873, 186.470672607, 323.275054932, 214.019165039, 1244.2130127, 532.659912109, 1390.85852051, 901.230957031, 949.99432373, 1455.23901367, 821.39251709, 492.079711914, 283.96206665, 165.438858032, 101.592254639, 35.5714416504, 12.7082500458, 4.12228918076, 0.549617052078, 0.00362005294301, 1.42941814829e-06, 6.71469946312e-09]
    },
    "gfcc": {
        "mean": [43.778049469, 48.0437736511, -108.137023926, 56.50365448, -61.120880127, 27.46134758, -25.7275505066, 22.9180469513, -20.356502533, 12.31387043, -16.0132141113, 8.34748363495, -5.96804904938],
        "cov": [[2096.94921875, -673.633056641, 364.03036499, -368.064117432, -275.8309021, -100.005981445, -309.412384033, -114.500274658, -297.823974609, -9.99527359009, -193.509887695, 146.066192627, -75.5743789673], [-673.633056641, 849.429748535, -145.535369873, 239.181259155, 256.845336914, 137.908203125, 250.24041748, 82.5855331421, 223.746292114, -20.2792034149, 202.23664856, -60.581577301, 108.812522888], [364.03036499, -145.535369873, 344.429962158, -132.256164551, -33.0784645081, 33.2126693726, -88.1476898193, -27.6365947723, -67.6425323486, 35.1860351562, -85.1071166992, 48.3552093506, -48.1584396362], [-368.064117432, 239.181259155, -132.256164551, 415.804321289, 255.213943481, 142.539611816, 213.107727051, 86.5197601318, 153.01449585, -4.12248325348, 129.920089722, -46.6419448853, 69.378868103], [-275.8309021, 256.845336914, -33.0784645081, 255.213943481, 336.96572876, 196.100692749, 222.033554077, 107.938575745, 134.526245117, 30.763841629, 98.2213821411, -8.79859447479, 62.1216201782], [-100.005981445, 137.908203125, 33.2126693726, 142.539611816, 196.100692749, 210.151382446, 181.110488892, 93.7064666748, 98.9547653198, 30.1051692963, 62.5521240234, 15.3947372437, 44.8160934448], [-309.412384033, 250.24041748, -88.1476898193, 213.107727051, 222.033554077, 181.110488892, 277.514770508, 140.00213623, 157.406936646, 20.2385692596, 106.497306824, -10.2348546982, 80.4366912842], [-114.500274658, 82.5855331421, -27.6365947723, 86.5197601318, 107.938575745, 93.7064666748, 140.00213623, 122.70602417, 102.211372375, 30.280330658, 43.447517395, 0.389146953821, 35.3354492188], [-297.823974609, 223.746292114, -67.6425323486, 153.01449585, 134.526245117, 98.9547653198, 157.406936646, 102.211372375, 176.205307007, 48.5032081604, 92.4921417236, -24.4991397858, 39.5298156738], [-9.99527359009, -20.2792034149, 35.1860351562, -4.12248325348, 30.763841629, 30.1051692963, 20.2385692596, 30.280330658, 48.5032081604, 79.2626647949, 23.4557590485, 16.2546920776, -11.6412334442], [-193.509887695, 202.23664856, -85.1071166992, 129.920089722, 98.2213821411, 62.5521240234, 106.497306824, 43.447517395, 92.4921417236, 23.4557590485, 132.217712402, 8.05822372437, 55.0197792053], [146.066192627, -60.581577301, 48.3552093506, -46.6419448853, -8.79859447479, 15.3947372437, -10.2348546982, 0.389146953821, -24.4991397858, 16.2546920776, 8.05822372437, 72.703918457, 20.9859771729], [-75.5743789673, 108.812522888, -48.1584396362, 69.378868103, 62.1216201782, 44.8160934448, 80.4366912842, 35.3354492188, 39.5298156738, -11.6412334442, 55.0197792053, 20.9859771729, 94.7434692383]],
        "icov": [[0.000849108968396, 0.00034641235834, -0.000491460261401, 4.93200823257e-05, 0.000164244396728, -0.000351150578354, 0.000564931833651, -0.000633330259006, 0.000694736372679, 0.000377897871658, -0.000326576671796, -0.000667676213197, -9.73640708253e-05], [0.00034641235834, 0.00411647139117, -0.00128172384575, 0.00265283510089, -0.00257838168181, 0.00102772249375, -0.00120594236068, 0.00323681021109, -0.00526574999094, 0.00561902392656, -0.00503732031211, 0.00230808602646, -0.000722966680769], [-0.000491460261401, -0.00128172384575, 0.00619459524751, -0.000229309982387, 0.000326145294821, -0.00435720663518, 0.00307743437588, -0.000358625955414, 0.00112262484618, -0.00373649317771, 0.00465811695904, -0.00244785775431, 0.000674564333167], [4.93200823257e-05, 0.00265283510089, -0.000229309982387, 0.00853469222784, -0.00527021009475, 0.000507141463459, -0.00153827574104, 0.00358536094427, -0.00566724129021, 0.00642034271732, -0.00601697852835, 0.00421743514016, -0.000475852546515], [0.000164244396728, -0.00257838168181, 0.000326145294821, -0.00527021009475, 0.0117593873292, -0.00579016981646, -0.00127110118046, -0.00263775233179, 0.005253741052, -0.00612923083827, 0.00307489885017, -0.000685280945618, -0.000370257650502], [-0.000351150578354, 0.00102772249375, -0.00435720663518, 0.000507141463459, -0.00579016981646, 0.019411964342, -0.0110932253301, 0.00219720322639, -0.00277100340463, 0.00206385739148, -0.00109841267113, -0.00344330864027, 0.0019764949102], [0.000564931833651, -0.00120594236068, 0.00307743437588, -0.00153827574104, -0.00127110118046, -0.0110932253301, 0.0245085824281, -0.013609521091, -0.000486135075334, 0.00167218502611, -0.00113785045687, 0.00139278615825, -0.0043641012162], [-0.000633330259006, 0.00323681021109, -0.000358625955414, 0.00358536094427, -0.00263775233179, 0.00219720322639, -0.013609521091, 0.0304964352399, -0.0155306430534, 0.00197730027139, 0.00321916514076, -0.00214790226892, -0.000830636941828], [0.000694736372679, -0.00526574999094, 0.00112262484618, -0.00566724129021, 0.005253741052, -0.00277100340463, -0.000486135075334, -0.0155306430534, 0.0328074917197, -0.0182157363743, -0.00134765065741, 0.00670509692281, -0.00123553501908], [0.000377897871658, 0.00561902392656, -0.00373649317771, 0.00642034271732, -0.00612923083827, 0.00206385739148, 0.00167218502611, 0.00197730027139, -0.0182157363743, 0.0329537801445, -0.0109948636964, -0.00480124633759, 0.00723037216812], [-0.000326576671796, -0.00503732031211, 0.00465811695904, -0.00601697852835, 0.00307489885017, -0.00109841267113, -0.00113785045687, 0.00321916514076, -0.00134765065741, -0.0109948636964, 0.0267774555832, -0.0100101632997, -0.00355415930972], [-0.000667676213197, 0.00230808602646, -0.00244785775431, 0.00421743514016, -0.000685280945618, -0.00344330864027, 0.00139278615825, -0.00214790226892, 0.00670509692281, -0.00480124633759, -0.0100101632997, 0.0295155476779, -0.00993145722896], [-9.73640708253e-05, -0.000722966680769, 0.000674564333167, -0.000475852546515, -0.000370257650502, 0.0019764949102, -0.0043641012162, -0.000830636941828, -0.00123553501908, 0.00723037216812, -0.00355415930972, -0.00993145722896, 0.0209892876446]]
    },
    "melbands": {
        "dmean": [0.00199606642127, 0.0018357988447, 0.000484663498355, 0.0005773769808, 0.000679430144373, 0.000240939683863, 0.000217424370931, 0.000130698826979, 0.00010768447828, 0.000140426825965, 8.94873883226e-05, 8.5056075477e-05, 5.56676241104e-05, 3.68670407624e-05, 2.17366559809e-05, 2.39710370806e-05, 1.80436290975e-05, 1.52500497279e-05, 1.66300542332e-05, 1.12525103759e-05, 1.42712624438e-05, 9.70969995251e-06, 1.14730055429e-05, 1.42377830343e-05, 1.06118686745e-05, 1.48156623254e-05, 1.37212919071e-05, 1.05262206489e-05, 1.28038136609e-05, 9.75977764028e-06, 1.14989552458e-05, 8.92848038347e-06, 9.1776573754e-06, 6.55774920233e-06, 5.5720634009e-06, 5.22264554093e-06, 4.14482656197e-06, 4.02826117352e-06, 3.11266603603e-06, 2.79448977381e-06],
        "dmean2": [0.00295478082262, 0.00304817408323, 0.000842104142066, 0.00104108895175, 0.00120773236267, 0.00044417285244, 0.000390844972571, 0.000229435099754, 0.00018822067068, 0.000248551776167, 0.000153051194502, 0.000143039127579, 9.23206971493e-05, 6.33764720988e-05, 3.74770679628e-05, 4.01534562116e-05, 3.05743851641e-05, 2.46979907388e-05, 2.79089199466e-05, 1.80879978871e-05, 2.41902325797e-05, 1.56598125614e-05, 1.78834161488e-05, 2.1999279852e-05, 1.67425623658e-05, 2.27065393119e-05, 2.18904424401e-05, 1.58937637025e-05, 1.88789654203e-05, 1.43633442349e-05, 1.69334289239e-05, 1.32635495902e-05, 1.44025525515e-05, 9.74072281679e-06, 8.11199333839e-06, 7.62937588661e-06, 6.13030579188e-06, 5.81130370847e-06, 4.79155278299e-06, 4.16810053139e-06],
        "dvar": [6.68378834234e-06, 1.69006107171e-05, 8.61916532813e-07, 1.1610080719e-06, 1.79928224497e-06, 3.9054182821e-07, 1.71131063098e-07, 5.04117920741e-08, 3.47275523893e-08, 4.7287286975e-08, 2.01462153626e-08, 1.84559123539e-08, 9.31797483616e-09, 3.01812219661e-09, 1.37219946517e-09, 2.12391570997e-09, 1.09441888885e-09, 5.41629630035e-10, 4.72011096875e-10, 2.1382545734e-10, 3.82745002359e-10, 1.60633825685e-10, 2.72449618421e-10, 3.98196559059e-10, 1.49653595072e-10, 5.85342441184e-10, 4.55919163533e-10, 1.76890613268e-10, 2.39208486352e-10, 1.20172982676e-10, 2.08259354206e-10, 1.58002722017e-10, 2.01167360547e-10, 8.63489071912e-11, 5.32720395574e-11, 5.31854178754e-11, 3.26750883295e-11, 3.4866970422e-11, 2.12219269935e-11, 1.59266367455e-11],
        "dvar2": [1.52140528371e-05, 4.20714022766e-05, 2.27141913456e-06, 3.16685554935e-06, 4.81269262309e-06, 1.13085513931e-06, 4.80302162487e-07, 1.38468436717e-07, 9.56660599627e-08, 1.31704624096e-07, 4.96481931123e-08, 4.44769732155e-08, 2.29421956988e-08, 7.81255149462e-09, 3.7474392478e-09, 5.8043299056e-09, 2.9374342958e-09, 1.29457022879e-09, 1.35231914555e-09, 5.48632028696e-10, 1.02465202989e-09, 4.00718791482e-10, 6.82786494011e-10, 9.66423052695e-10, 3.68532704353e-10, 1.22542254122e-09, 1.02235098165e-09, 3.71919411934e-10, 5.05336161805e-10, 2.52204201967e-10, 4.09258432699e-10, 3.30879934562e-10, 4.78878381394e-10, 1.83093526451e-10, 1.05408161366e-10, 1.02025117521e-10, 6.15728787401e-11, 6.68278349325e-11, 4.40557867964e-11, 3.17642752379e-11],
        "max": [0.020447505638, 0.031657833606, 0.00794870220125, 0.00776651594788, 0.0108350086957, 0.00468664383516, 0.0037951101549, 0.00201331963763, 0.00201017130166, 0.00181974889711, 0.00152954726946, 0.00178990152199, 0.00146400928497, 0.000582320673857, 0.000544176786207, 0.000588608556427, 0.000380078854505, 0.000399469630793, 0.000287572736852, 0.000216729284148, 0.00020528807363, 0.000146053585922, 0.000194187436136, 0.000333905802108, 0.000142856006278, 0.000385365361581, 0.00037246348802, 0.000212951999856, 0.000232276579482, 0.00012540181342, 0.000158178139827, 0.0001623754506, 0.000122476762044, 9.20103339013e-05, 7.76572196628e-05, 6.67275890009e-05, 5.02527400386e-05, 6.04990527791e-05, 3.20718281728e-05, 3.43791507476e-05],
        "mean": [0.0072885020636, 0.00293907569721, 0.000416025082814, 0.000426660291851, 0.000507132848725, 0.000181060124305, 0.000175807246706, 0.000119027514302, 0.000103035374195, 0.000136984599521, 0.000101552046544, 0.000112878449727, 7.21443575458e-05, 3.82676553272e-05, 2.47952357313e-05, 2.78201423498e-05, 2.29884244618e-05, 2.05298165383e-05, 2.3852524464e-05, 1.93491196114e-05, 2.21482732741e-05, 1.69207705767e-05, 1.97157514776e-05, 2.89082145173e-05, 1.90720220417e-05, 2.4333170586e-05, 2.458138988e-05, 1.99177047762e-05, 2.16356002056e-05, 1.76242829184e-05, 2.05407832254e-05, 1.36924136314e-05, 1.26062122945e-05, 9.18633941183e-06, 7.9172596088e-06, 7.35448202249e-06, 5.75365129407e-06, 5.14784733241e-06, 3.8051662159e-06, 3.25554174196e-06],
        "median": [0.0082728061825, 0.00218008016236, 0.000167697871802, 0.00010151405877, 7.1544534876e-05, 5.50503209524e-05, 5.69296644244e-05, 4.54567343695e-05, 4.47474703833e-05, 6.24805106781e-05, 4.44783909188e-05, 4.03656122216e-05, 2.70151522272e-05, 1.74898486875e-05, 1.29552499857e-05, 1.54269964696e-05, 1.38434124892e-05, 1.33049725264e-05, 1.71113642864e-05, 1.41917780638e-05, 1.52811262524e-05, 1.19021642604e-05, 1.23347990666e-05, 1.67410144059e-05, 1.33724415718e-05, 1.37828210427e-05, 1.77828078449e-05, 1.33779140015e-05, 1.3483128896e-05, 1.15140865091e-05, 1.20077302199e-05, 7.27974111214e-06, 5.80157711738e-06, 4.52972381026e-06, 3.63156709682e-06, 3.43250007973e-06, 2.69021870736e-06, 1.89977106402e-06, 1.22480707887e-06, 8.57423231082e-07],
        "min": [1.48959759372e-06, 3.89226852349e-06, 2.19647517952e-06, 3.90556488128e-06, 1.99955661628e-06, 4.09140568536e-07, 1.38619680001e-06, 6.51943764751e-07, 6.02332875133e-07, 7.94071127075e-07, 8.71047063811e-07, 9.11817835458e-07, 7.5451413295e-07, 4.26019425959e-07, 6.65667755584e-07, 3.75540906816e-07, 1.59066786409e-07, 1.3381526287e-07, 3.10147157734e-07, 3.22306760836e-07, 2.15159886352e-07, 2.60479282588e-07, 5.07700804064e-07, 1.44152323855e-07, 5.09440269525e-07, 3.61641923519e-07, 4.23474688205e-07, 4.20665941192e-07, 4.16659361235e-07, 3.66930606788e-07, 2.18182762524e-07, 1.79861487482e-07, 5.98525033979e-08, 3.30713731955e-08, 4.60831905968e-08, 4.64936533717e-08, 4.23068229338e-08, 1.39474405358e-08, 7.60646101661e-10, 4.76240748226e-12],
