{
"highlevel": {
    "danceability": {
        "all": {
            "danceable": 0.99999165535,
            "not_danceable": 8.37317747937e-06
        },
        "probability": 0.99999165535,
        "value": "danceable"
    },
    "gender": {
        "all": {
            "female": 0.0822350010276,
            "male": 0.917765021324
        },
        "probability": 0.917765021324,
        "value": "male"
    },
    "genre_dortmund": {
        "all": {
            "alternative": 0.0108594764024,
            "blues": 0.014080719091,
            "electronic": 0.0403568968177,
            "folkcountry": 0.00613812264055,
            "funksoulrnb": 0.0122894048691,
            "jazz": 0.0228270571679,
            "pop": 0.0472906157374,
            "raphiphop": 0.765267491341,
            "rock": 0.0808902308345
        },
        "probability": 0.765267491341,
        "value": "raphiphop"
    },
    "genre_electronic": {
        "all": {
            "ambient": 0.0251601282507,
            "dnb": 0.941818714142,
            "house": 0.00766049697995,
            "techno": 0.00404180726036,
            "trance": 0.0213188510388
        },
        "probability": 0.941818714142,
        "value": "dnb"
    },
    "genre_rosamerica": {
        "all": {
            "cla": 4.2754203605e-05,
            "dan": 0.00326954037882,
            "hip": 0.991653501987,
            "jaz": 8.70638032211e-05,
            "pop": 0.0015003104927,
            "rhy": 0.0013133456232,
            "roc": 0.00210866937414,
            "spe": 2.48073374678e-05
        },
        "probability": 0.991653501987,
        "value": "hip"
    },
    "genre_tzanetakis": {
        "all": {
            "blu": 0.0626613423228,
            "cla": 0.0348169617355,
            "cou": 0.104475811124,
            "dis": 0.0784321576357,
            "hip": 0.15692435205,
            "jaz": 0.313974827528,
            "met": 0.0448166541755,
            "pop": 0.0627359300852,
            "reg": 0.0627360641956,
            "roc": 0.0784258767962
        },
        "probability": 0.313974827528,
        "value": "jaz"
    },
    "ismir04_rhythm": {
        "all": {
            "ChaChaCha": 0.0101939495653,
            "Jive": 0.0150621468201,
            "Quickstep": 0.00252151559107,
            "Rumba-American": 0.00239989580587,
            "Rumba-International": 0.00323306187056,
            "Rumba-Misc": 0.000891292642336,
            "Samba": 0.962670981884,
            "Tango": 0.0002300706401,
            "VienneseWaltz": 0.0022144743707,
            "Waltz": 0.000582590524573
        },
        "probability": 0.962670981884,
        "value": "Samba"
    },
    "mood_acoustic": {
        "all": {
            "acoustic": 0.0177043378353,
            "not_acoustic": 0.982295632362
        },
        "probability": 0.982295632362,
        "value": "not_acoustic"
    },
    "mood_aggressive": {
        "all": {
            "aggressive": 0.561879515648,
            "not_aggressive": 0.438120484352
        },
        "probability": 0.561879515648,
        "value": "aggressive"
    },
    "mood_electronic": {
        "all": {
            "electronic": 0.882303655148,
            "not_electronic": 0.117696344852
        },
        "probability": 0.882303655148,
        "value": "electronic"
    },
    "mood_happy": {
        "all": {
            "happy": 0.581420063972,
            "not_happy": 0.418579936028
        },
        "probability": 0.581420063972,
        "value": "happy"
    },
    "mood_party": {
        "all": {
            "not_party": 0.176782727242,
            "party": 0.823217272758
        },
        "probability": 0.823217272758,
        "value": "party"
    },
    "mood_relaxed": {
        "all": {
            "not_relaxed": 0.998046696186,
            "relaxed": 0.00195329939015
        },
        "probability": 0.998046696186,
        "value": "not_relaxed"
    },
    "mood_sad": {
        "all": {
            "not_sad": 0.954257249832,
            "sad": 0.045742738992
        },
        "probability": 0.954257249832,
        "value": "not_sad"
    },
    "moods_mirex": {
        "all": {
            "Cluster1": 0.156165644526,
            "Cluster2": 0.0223273485899,
            "Cluster3": 0.0090535543859,
            "Cluster4": 0.028679901734,
            "Cluster5": 0.783773541451
        },
        "probability": 0.783773541451,
        "value": "Cluster5"
    },
    "timbre": {
        "all": {
            "bright": 0.566341876984,
            "dark": 0.433658123016
        },
        "probability": 0.566341876984,
        "value": "bright"
    },
    "tonal_atonal": {
        "all": {
            "atonal": 0.767835378647,
            "tonal": 0.232164621353
        },
        "probability": 0.767835378647,
        "value": "atonal"
    },
    "voice_instrumental": {
        "all": {
            "instrumental": 0.0255406592041,
            "voice": 0.974459350109
        },
        "probability": 0.974459350109,
        "value": "voice"
    }
},
"lowlevel": {
    "average_loudness": 0.979893147945,
    "barkbands_crest": {
        "dmean": 3.45774483681,
        "dmean2": 5.26401758194,
        "dvar": 9.68598937988,
        "dvar2": 19.8190879822,
        "max": 25.6173477173,
        "mean": 13.6485805511,
        "median": 13.3839988708,
        "min": 3.08698701859,
        "var": 30.7729663849
    },
    "barkbands_flatness_db": {
        "dmean": 0.0337921716273,
        "dmean2": 0.0450656451285,
        "dvar": 0.000968840089627,
        "dvar2": 0.00192797835916,
        "max": 0.380389481783,
        "mean": 0.161364346743,
        "median": 0.155398145318,
        "min": 0.0521137788892,
        "var": 0.00359044945799
    },
    "barkbands_kurtosis": {
        "dmean": 7.90805721283,
        "dmean2": 11.9183988571,
        "dvar": 271.747802734,
        "dvar2": 602.543640137,
        "max": 181.85484314,
        "mean": 8.52776527405,
        "median": 1.73132753372,
        "min": -1.92924892902,
        "var": 385.179321289
    },
    "barkbands_skewness": {
        "dmean": 1.04693973064,
        "dmean2": 1.444860816,
        "dvar": 1.54594707489,
        "dvar2": 3.07761335373,
        "max": 12.1493864059,
        "mean": 2.01626992226,
        "median": 1.50519096851,
        "min": -4.07616233826,
        "var": 4.36709117889
    },
    "barkbands_spread": {
        "dmean": 12.2448186874,
        "dmean2": 17.8277988434,
        "dvar": 175.89364624,
        "dvar2": 379.74786377,
        "max": 125.666641235,
        "mean": 31.0001277924,
        "median": 27.7100639343,
        "min": 0.757411837578,
        "var": 412.636688232
    },
    "dissonance": {
        "dmean": 0.0215534623712,
        "dmean2": 0.0346191413701,
        "dvar": 0.000469249062007,
        "dvar2": 0.00121622509323,
        "max": 0.499864906073,
        "mean": 0.461054056883,
        "median": 0.469485044479,
        "min": 0.294153392315,
        "var": 0.00104588002432
    },
    "dynamic_complexity": 1.61554539204,
    "erbbands_crest": {
        "dmean": 3.29399228096,
        "dmean2": 5.28831005096,
        "dvar": 9.70318222046,
        "dvar2": 21.8466281891,
        "max": 27.603975296,
        "mean": 9.00660514832,
        "median": 7.80650091171,
        "min": 2.34628558159,
        "var": 21.5773658752
    },
    "erbbands_flatness_db": {
        "dmean": 0.0231999009848,
        "dmean2": 0.0324330292642,
        "dvar": 0.000390092056477,
        "dvar2": 0.000795969739556,
        "max": 0.299262434244,
        "mean": 0.138377070427,
        "median": 0.135508775711,
        "min": 0.0588260032237,
        "var": 0.00163463060744
    },
    "erbbands_kurtosis": {
        "dmean": 1.30909502506,
        "dmean2": 2.02916884422,
        "dvar": 3.68323969841,
        "dvar2": 8.04602336884,
        "max": 21.6613674164,
        "mean": 0.496330529451,
        "median": -0.22502207756,
        "min": -1.7016299963,
        "var": 5.4033870697
    },
    "erbbands_skewness": {
        "dmean": 0.53913038969,
        "dmean2": 0.761004984379,
        "dvar": 0.251785218716,
        "dvar2": 0.466743677855,
        "max": 2.79854941368,
        "mean": 0.105603978038,
        "median": 0.120209984481,
        "min": -4.07806110382,
        "var": 0.916901648045
    },
    "erbbands_spread": {
        "dmean": 14.0802516937,
        "dmean2": 20.9649600983,
        "dvar": 190.550796509,
        "dvar2": 417.03213501,
        "max": 141.678466797,
        "mean": 47.5107078552,
        "median": 41.919467926,
        "min": 6.00777006149,
        "var": 540.034729004
    },
    "hfc": {
        "dmean": 17.259677887,
        "dmean2": 24.3298587799,
        "dvar": 376.375274658,
        "dvar2": 881.244384766,
        "max": 162.317276001,
        "mean": 35.8461151123,
        "median": 28.5487995148,
        "min": 1.02291035652,
        "var": 754.83392334
    },
    "melbands_crest": {
        "dmean": 4.63947868347,
        "dmean2": 6.88205385208,
        "dvar": 15.7871112823,
        "dvar2": 34.1035346985,
        "max": 36.557674408,
        "mean": 21.2186565399,
        "median": 22.0056762695,
        "min": 3.06864881516,
        "var": 56.802646637
    },
    "melbands_flatness_db": {
        "dmean": 0.041870623827,
        "dmean2": 0.0541183501482,
        "dvar": 0.00144262402318,
        "dvar2": 0.00273098959588,
        "max": 0.498642027378,
        "mean": 0.205787345767,
        "median": 0.198705509305,
        "min": 0.0250140335411,
        "var": 0.00716395117342
    },
    "melbands_kurtosis": {
        "dmean": 28.1661643982,
        "dmean2": 41.823677063,
        "dvar": 3195.59033203,
        "dvar2": 6855.2578125,
        "max": 535.406433105,
        "mean": 36.3985176086,
        "median": 10.1227865219,
        "min": -1.70115983486,
        "var": 4856.34863281
    },
    "melbands_skewness": {
        "dmean": 1.73139488697,
        "dmean2": 2.38629937172,
        "dvar": 4.4879283905,
        "dvar2": 8.63086891174,
        "max": 20.7738552094,
        "mean": 4.04927015305,
        "median": 2.85811424255,
        "min": -2.24045729637,
        "var": 12.7285957336
    },
    "melbands_spread": {
        "dmean": 12.8109235764,
        "dmean2": 18.9632987976,
        "dvar": 345.778778076,
        "dvar2": 781.59375,
        "max": 214.451553345,
        "mean": 28.9320716858,
        "median": 22.6604938507,
        "min": 0.579583585262,
        "var": 702.200500488
    },
    "pitch_salience": {
        "dmean": 0.0915811285377,
        "dmean2": 0.136588931084,
        "dvar": 0.0067325104028,
        "dvar2": 0.014747267589,
        "max": 0.800068557262,
        "mean": 0.43458366394,
        "median": 0.440483063459,
        "min": 0.0811243280768,
        "var": 0.0232448615134
    },
    "silence_rate_20dB": {
        "dmean": 0,
        "dmean2": 0,
        "dvar": 0,
        "dvar2": 0,
        "max": 1,
        "mean": 1,
        "median": 1,
        "min": 1,
        "var": 0
    },
    "silence_rate_30dB": {
        "dmean": 0.0433436520398,
        "dmean2": 0.0867544561625,
        "dvar": 0.0414642244577,
        "dvar2": 0.100914932787,
        "max": 1,
        "mean": 0.967517375946,
        "median": 1,
        "min": 0,
        "var": 0.0314277037978
    },
    "silence_rate_60dB": {
        "dmean": 0.00928792543709,
        "dmean2": 0.018590239808,
        "dvar": 0.00920158531517,
        "dvar2": 0.0244410764426,
        "max": 1,
        "mean": 0.00928074214607,
        "median": 0,
        "min": 0,
        "var": 0.0091945566237
    },
    "spectral_centroid": {
        "dmean": 398.914978027,
        "dmean2": 601.476501465,
        "dvar": 166748.03125,
        "dvar2": 323970.25,
        "max": 5104.78613281,
        "mean": 2021.78173828,
        "median": 1924.16186523,
        "min": 395.956207275,
        "var": 522557.3125
    },
    "spectral_complexity": {
        "dmean": 6.86300325394,
        "dmean2": 9.34237003326,
        "dvar": 49.6012535095,
        "dvar2": 85.2244796753,
        "max": 60,
        "mean": 19.868522644,
        "median": 17,
        "min": 0,
        "var": 168.339904785
    },
    "spectral_decrease": {
        "dmean": 4.23062873622e-09,
        "dmean2": 5.90700066638e-09,
        "dvar": 2.62083276624e-17,
        "dvar2": 5.81739250324e-17,
        "max": -1.46166384551e-10,
        "mean": -1.17884733086e-08,
        "median": -1.07545714556e-08,
        "min": -6.55826397633e-08,
        "var": 6.08680787573e-17
    },
    "spectral_energy": {
        "dmean": 0.016741707921,
        "dmean2": 0.023402268067,
        "dvar": 0.000380114594009,
        "dvar2": 0.000855143356603,
        "max": 0.249759942293,
        "mean": 0.0477437898517,
        "median": 0.044219892472,
        "min": 0.00067720800871,
        "var": 0.000892621115781
    },
    "spectral_energyband_high": {
        "dmean": 0.00154455937445,
        "dmean2": 0.00218170206062,
        "dvar": 3.76952266379e-06,
        "dvar2": 8.5002529886e-06,
        "max": 0.0156155657023,
        "mean": 0.00255110790022,
        "median": 0.00146677705925,
        "min": 8.82125277712e-06,
        "var": 7.1577583185e-06
    },
    "spectral_energyband_low": {
        "dmean": 0.0125638768077,
        "dmean2": 0.0170333366841,
        "dvar": 0.000381674733944,
        "dvar2": 0.000819011242129,
        "max": 0.240158692002,
        "mean": 0.030296806246,
        "median": 0.023372689262,
        "min": 2.8001636565e-06,
        "var": 0.000862892135046
    },
    "spectral_energyband_middle_high": {
        "dmean": 0.00378093891777,
        "dmean2": 0.00543085671961,
        "dvar": 2.2971917133e-05,
        "dvar2": 5.12280166731e-05,
        "max": 0.0493494383991,
        "mean": 0.00716994795948,
        "median": 0.00455640349537,
        "min": 0.000139639392728,
        "var": 5.57770617888e-05
    },
    "spectral_energyband_middle_low": {
        "dmean": 0.0052631655708,
        "dmean2": 0.00809796061367,
        "dvar": 4.5502656576e-05,
        "dvar2": 0.000108410589746,
        "max": 0.0561168529093,
        "mean": 0.00824498850852,
        "median": 0.00553809665143,
        "min": 3.16213336191e-05,
        "var": 6.6175001848e-05
    },
    "spectral_entropy": {
        "dmean": 0.173831000924,
        "dmean2": 0.240050151944,
        "dvar": 0.025877231732,
        "dvar2": 0.0465234965086,
        "max": 8.70213222504,
        "mean": 7.91004991531,
        "median": 7.93765544891,
        "min": 6.73873281479,
        "var": 0.11120916158
    },
    "spectral_flux": {
        "dmean": 0.0367468334734,
        "dmean2": 0.0580164156854,
        "dvar": 0.00129888241645,
        "dvar2": 0.00358943687752,
        "max": 0.369491398335,
        "mean": 0.108907818794,
        "median": 0.102717772126,
        "min": 0.0144722657278,
        "var": 0.00221994426101
    },
    "spectral_kurtosis": {
        "dmean": 0.854610741138,
        "dmean2": 1.4094285965,
        "dvar": 0.695127010345,
        "dvar2": 1.832639575,
        "max": 8.57112121582,
        "mean": 2.12174701691,
        "median": 1.97695207596,
        "min": -0.697913885117,
        "var": 1.41925299168
    },
    "spectral_rms": {
        "dmean": 0.00120688742027,
        "dmean2": 0.0016411235556,
        "dvar": 1.32987440793e-06,
        "dvar2": 2.68755661637e-06,
        "max": 0.0156098762527,
        "mean": 0.00646526739001,
        "median": 0.00656820787117,
        "min": 0.00081282883184,
        "var": 4.77962339573e-06
    },
    "spectral_rolloff": {
        "dmean": 1103.57800293,
        "dmean2": 1783.33557129,
        "dvar": 2895486.5,
        "dvar2": 6495068.5,
        "max": 12037.0605469,
        "mean": 1942.6036377,
        "median": 1076.66015625,
        "min": 64.599609375,
        "var": 4859214
    },
    "spectral_skewness": {
        "dmean": 0.171363919973,
        "dmean2": 0.262652307749,
        "dvar": 0.0261565279216,
        "dvar2": 0.0560534931719,
        "max": 2.27123475075,
        "mean": 1.08536720276,
        "median": 1.07198822498,
        "min": 0.0659635961056,
        "var": 0.0728367865086
    },
    "spectral_spread": {
        "dmean": 845232.375,
        "dmean2": 1229398.125,
        "dvar": 917170946048,
        "dvar2": 1.87533374259e+12,
        "max": 12803384,
        "mean": 5567231,
        "median": 5132891,
        "min": 3069124.25,
        "var": 2.47932780544e+12
    },
    "spectral_strongpeak": {
        "dmean": 0.521655321121,
        "dmean2": 0.868428170681,
        "dvar": 0.885358691216,
        "dvar2": 2.11299490929,
        "max": 8.77297878265,
        "mean": 0.834499955177,
        "median": 0.462283790112,
        "min": 0,
        "var": 1.17810761929
    },
    "zerocrossingrate": {
        "dmean": 0.0211994182318,
        "dmean2": 0.0241962075233,
        "dvar": 0.000461953895865,
        "dvar2": 0.000583113403991,
        "max": 0.328125,
        "mean": 0.0747270435095,
        "median": 0.0654296875,
        "min": 0.00341796875,
        "var": 0.00243840739131
    },
    "barkbands": {
        "dmean": [0.0010077272309, 0.011187421158, 0.00170686549973, 0.000559683889151, 0.00086302642012, 0.000391543959267, 0.00175310543273, 0.00149229017552, 0.00166121171787, 0.00115074566565, 0.00127319816966, 0.000574814621359, 0.000324444816215, 0.000498387555126, 0.000558351748623, 0.000351037160726, 0.000283887900878, 0.000212033628486, 0.000220117086428, 0.000359999336069, 0.000308210961521, 0.000233634273172, 0.000236412350205, 0.000271230877843, 0.000522778835148, 9.26215361687e-05, 7.75847563972e-09],
        "dmean2": [0.00130902358796, 0.015236467123, 0.00279071112163, 0.000934684765525, 0.0014147447655, 0.000636088720057, 0.00271108024754, 0.00232615717687, 0.0026384673547, 0.0017520316178, 0.00204089283943, 0.000892669253517, 0.000517401611432, 0.000807582167909, 0.00089290656615, 0.000563523732126, 0.000448156933999, 0.00033788458677, 0.000332176947268, 0.000526431249455, 0.000444279809017, 0.000328687980073, 0.000343342428096, 0.000399754499085, 0.000892986601684, 0.000139831099659, 1.32170985268e-08],
        "dvar": [1.5076722093e-06, 0.00034833670361, 9.19861304283e-06, 9.35810760438e-07, 3.56266809831e-06, 1.05114509097e-06, 1.05460685518e-05, 1.5654202798e-05, 1.3302471416e-05, 8.05755007605e-06, 1.01961768451e-05, 1.38589609833e-06, 3.82955732903e-07, 1.16227590752e-06, 1.06998697902e-06, 5.68610914797e-07, 1.9670967788e-07, 1.04702017723e-07, 1.42823893157e-07, 1.95501058897e-07, 1.76041183408e-07, 1.09983169239e-07, 1.84358100341e-07, 2.03449317837e-07, 8.01263126959e-07, 2.52541987322e-08, 9.70162061039e-15],
        "dvar2": [2.54517317444e-06, 0.000752527208533, 2.51136989391e-05, 2.4788241717e-06, 9.15112468647e-06, 2.66752863354e-06, 2.31591475313e-05, 3.32438612531e-05, 3.26546942233e-05, 1.8953340259e-05, 2.54334827332e-05, 3.12076099362e-06, 9.07943274342e-07, 2.6623888516e-06, 2.51541291618e-06, 1.35107723054e-06, 4.50129533647e-07, 2.39254717371e-07, 3.18492340057e-07, 4.22699514502e-07, 3.67201351992e-07, 2.30123873735e-07, 4.29669739788e-07, 4.33471228689e-07, 2.12665736399e-06, 4.66848710801e-08, 2.31722718677e-14],
        "max": [0.0137602789328, 0.219241306186, 0.0261459294707, 0.0100146718323, 0.0210015103221, 0.0112827802077, 0.0316661633551, 0.053873218596, 0.0471088811755, 0.042892139405, 0.0415759123862, 0.0157968513668, 0.00761029496789, 0.0212984513491, 0.0135359922424, 0.0146368127316, 0.00623449776322, 0.00354908197187, 0.00457031605765, 0.00458408566192, 0.00550457602367, 0.00397759024054, 0.00525476178154, 0.00556390359998, 0.00499847624451, 0.00350856618024, 2.09551853914e-06],
        "mean": [0.00252636149526, 0.0250284671783, 0.00240526534617, 0.000621059152763, 0.000981412711553, 0.000417430273956, 0.00222629844211, 0.0017366030952, 0.00188563356642, 0.00141836330295, 0.00155826157425, 0.000699405383784, 0.000434132380178, 0.000605046690907, 0.000697522831615, 0.000442598044174, 0.000419947667979, 0.00035885113175, 0.000380614888854, 0.000679859600496, 0.000513628416229, 0.000376839685487, 0.000340655853506, 0.00039083728916, 0.000485183758428, 0.000113535366836, 5.52423973232e-09],
        "median": [0.00193990964908, 0.0184203982353, 0.00156340992544, 0.000282569992123, 0.000439053896116, 7.61362607591e-05, 0.000420550553827, 0.000217649852857, 0.000409156433307, 0.000158168608323, 0.000206648852327, 0.000164111435879, 0.00010037409811, 0.000204690775718, 0.000209599325899, 0.000161669609952, 0.000223260605708, 0.000177420966793, 0.000183852025657, 0.000436950387666, 0.000302287196973, 0.000215711523197, 0.000143960540299, 0.000181887560757, 0.00012750228052, 3.05538669636e-05, 6.83838041748e-10],
        "min": [4.11340828066e-09, 2.53258718885e-07, 7.40593151249e-08, 4.53560659253e-07, 1.09072118448e-06, 2.33630586877e-07, 1.24982750549e-06, 8.753049201e-07, 1.14224371828e-06, 6.66788764647e-07, 3.19450180086e-07, 9.02943043002e-07, 4.691141271e-07, 4.31132093581e-06, 2.66119673142e-06, 3.1655777093e-06, 6.21361959929e-06, 4.80463086205e-06, 7.87755482179e-07, 3.12558267979e-06, 1.95758525479e-06, 1.0228636711e-06, 2.82410780983e-07, 4.80055916796e-07, 1.59303269243e-07, 1.85811366293e-10, 1.67911205773e-11],
        "var": [5.91976777287e-06, 0.00069676147541, 9.56718031375e-06, 8.75308501236e-07, 3.05820753965e-06, 1.25668623241e-06, 1.78318332473e-05, 2.44524289883e-05, 1.4137074686e-05, 1.13360674732e-05, 1.52247403093e-05, 2.10492089536e-06, 6.65659683818e-07, 1.58740704137e-06, 1.55118254952e-06, 6.82152574427e-07, 3.23810951386e-07, 2.24443297725e-07, 2.77928734249e-07, 4.74651244531e-07, 3.66640534821e-07, 2.06413005799e-07, 2.75330677368e-07, 3.12950874104e-07, 6.68984114327e-07, 4.71723815565e-08, 6.36591719619e-15]
    },
    "erbbands": {
        "dmean": [0.546223640442, 1.75920367241, 1.97162890434, 1.8848285675, 1.81991374493, 3.40467596054, 3.82115864754, 3.16806817055, 14.827287674, 32.6688995361, 38.1769561768, 34.6144561768, 36.8409576416, 39.4796447754, 38.4483222961, 22.8005065918, 14.2240934372, 20.1214256287, 26.81615448, 25.3473701477, 18.4483852386, 15.7084541321, 12.8022432327, 10.5650892258, 13.0664730072, 17.276512146, 12.9012413025, 11.8382759094, 8.60552501678, 6.44829797745, 7.28818130493, 6.16165208817, 6.38443088531, 6.64840269089, 1.75594627857, 0.477689296007, 0.203085914254, 0.0191262327135, 0.000350618676748, 3.33444477292e-05],
        "dmean2": [0.744045853615, 2.49649095535, 3.1722266674, 3.05420064926, 3.06535601616, 5.65918970108, 6.11066913605, 5.14541721344, 23.2235584259, 50.2314491272, 59.6650924683, 55.079990387, 56.6871185303, 60.0479812622, 61.7908554077, 34.8166542053, 22.103597641, 31.4470272064, 43.0575942993, 39.5379562378, 29.436340332, 24.6951580048, 20.2981147766, 15.8122272491, 19.2055988312, 25.5087471008, 18.581281662, 16.905254364, 12.3013849258, 9.05079269409, 10.6035480499, 9.18391227722, 10.2415590286, 11.5917921066, 2.74583268166, 0.72253459692, 0.314027994871, 0.0297893937677, 0.000539549393579, 4.91981008963e-05],
        "dvar": [0.722061038017, 10.3194189072, 12.607919693, 9.93573570251, 9.77993202209, 71.1390991211, 88.0754318237, 66.1539916992, 990.284912109, 3899.20043945, 10726.0410156, 7650.85546875, 5812.87939453, 7606.6875, 7846.90380859, 1913.64624023, 707.118041992, 2132.78417969, 2064.18041992, 2461.4128418, 1837.00024414, 605.192016602, 369.798217773, 359.24987793, 331.563842773, 506.307952881, 307.154663086, 241.256896973, 153.579147339, 94.181602478, 201.182952881, 134.22102356, 94.2309951782, 134.867675781, 7.02023553848, 0.875636041164, 0.0991198047996, 0.00084037630586, 2.71368406857e-07, 1.40453215725e-09],
        "dvar2": [1.55116832256, 22.4241123199, 34.7990493774, 25.8465766907, 26.0781612396, 187.649032593, 209.743392944, 170.939727783, 2323.81713867, 8956.11132812, 22951.3203125, 19402.71875, 13673.4628906, 18150.3476562, 19538.3964844, 4040.72045898, 1574.46472168, 4805.89355469, 5288.30419922, 5531.39404297, 4386.95556641, 1330.48791504, 891.306335449, 818.255432129, 658.536987305, 1154.45202637, 665.944335938, 476.424957275, 320.82144165, 196.865386963, 487.575195312, 307.85357666, 224.904067993, 364.491210938, 16.6878108978, 1.54598689079, 0.215032219887, 0.00190549041145, 6.15848932739e-07, 3.40295125412e-09],
        "max": [9.56283569336, 35.8025131226, 32.7956581116, 28.643201828, 35.2360420227, 107.454406738, 96.8473892212, 110.595794678, 402.619232178, 631.688842773, 1398.55969238, 1234.10449219, 1242.38476562, 1245.60302734, 1276.82397461, 538.903686523, 307.391662598, 991.51776123, 576.761230469, 605.570373535, 877.545166016, 361.363311768, 221.174530029, 236.283493042, 224.413452148, 254.178771973, 230.629699707, 183.69593811, 132.261383057, 146.99772644, 167.344924927, 162.168746948, 92.3826904297, 68.407371521, 27.6585063934, 24.1135215759, 4.15758609772, 0.203309729695, 0.00374126224779, 0.000350139045622],
        "mean": [1.2459884882, 3.50043582916, 3.22353839874, 2.35966610909, 2.08473730087, 3.69673538208, 4.16305541992, 3.51987791061, 17.8794059753, 41.0979003906, 46.4041938782, 38.1716842651, 48.3624610901, 51.081035614, 48.3038253784, 29.4236392975, 20.4954147339, 26.3740844727, 34.49451828, 34.4432563782, 24.5313625336, 24.4534053802, 21.5712451935, 18.0058403015, 23.5786838531, 32.3564071655, 21.5994606018, 19.9926166534, 14.174741745, 9.98834514618, 10.1754636765, 8.5305557251, 7.79902601242, 5.93246746063, 2.06780290604, 0.592895805836, 0.229965910316, 0.0220567230135, 0.000433999724919, 8.09141056379e-05],
        "median": [0.912816822529, 2.30267596245, 2.31601881981, 1.26651465893, 1.08859062195, 1.41693091393, 0.88111191988, 0.904212594032, 3.87037181854, 8.34121608734, 7.64330291748, 11.6721334457, 11.6978673935, 12.4300365448, 9.84041118622, 7.56632852554, 6.07085466385, 9.36604785919, 12.810385704, 11.3457136154, 9.79955768585, 13.0666713715, 11.3085021973, 7.98078966141, 14.3707790375, 20.8106956482, 12.9617166519, 11.6196060181, 8.10904693604, 5.30004405975, 4.04412603378, 3.90079069138, 3.07090640068, 1.60741114616, 0.668271899223, 0.169335961342, 0.0599993541837, 0.00607913406566, 0.000145772486576, 7.2192728112e-05],
        "min": [9.28553254198e-06, 0.00010948975978, 0.000654724775814, 0.00364908832125, 0.00374514330178, 0.00494479201734, 0.00145071977749, 0.0104076582938, 0.0183323491365, 0.0110493088141, 0.0320734903216, 0.0292705241591, 0.0557185858488, 0.0598314218223, 0.07804864645, 0.0457183122635, 0.0511626265943, 0.194700449705, 0.285942077637, 0.328221827745, 0.247316673398, 0.504915595055, 0.462579458952, 0.0861301496625, 0.0698051229119, 0.185374766588, 0.131155669689, 0.0519278533757, 0.0412397682667, 0.0129390433431, 0.0105098308995, 0.00811291858554, 0.00952449813485, 0.00329433311708, 0.000245954433922, 0.000122096185805, 3.01431391563e-05, 4.44211900685e-06, 1.53317967033e-06, 1.14116505756e-06],
        "var": [1.56953763962, 17.7912712097, 14.4295682907, 10.3477191925, 9.04149055481, 57.4373016357, 102.502212524, 71.0331573486, 1252.33007812, 6210.06396484, 16186.5410156, 6932.48486328, 8613.6484375, 10707.1992188, 12131.4902344, 3186.20776367, 1296.33532715, 3107.7980957, 2818.89428711, 3841.06542969, 2140.54785156, 1048.63000488, 749.120483398, 719.030212402, 741.571044922, 1157.23205566, 588.622314453, 547.377319336, 291.088775635, 174.682266235, 270.831512451, 178.850463867, 118.831253052, 105.286872864, 9.51347064972, 1.70924246311, 0.146852150559, 0.00110441166908, 3.71815872313e-07, 2.65574517933e-09]
    },
    "gfcc": {
        "mean": [32.2222328186, 53.064289093, -109.952903748, 49.8716316223, -56.6221656799, 32.7257194519, -22.4080810547, 29.6627674103, -14.8590831757, 13.6641511917, -15.3782806396, 0.254221796989, -6.1512670517],
        "cov": [[2453.86523438, -445.009277344, -105.197792053, -378.958892822, -188.896194458, 219.542770386, -21.3219718933, 101.721183777, -138.838760376, 101.562400818, -101.582138062, 49.5590553284, -98.9080047607], [-445.009277344, 1348.33300781, -207.817581177, 84.057144165, 177.939163208, -115.317153931, 241.040008545, -6.71600484848, 267.192565918, -63.2382888794, 80.3840255737, -93.9287796021, 120.235427856], [-105.197792053, -207.817581177, 1018.41467285, 441.471618652, 290.771636963, 82.1600952148, -70.6483078003, 98.8509292603, 4.9090886116, 87.0836410522, -24.7113628387, 19.1749591827, -60.7920799255], [-378.958892822, 84.057144165, 441.471618652, 634.461242676, 296.644500732, -13.4272432327, -77.8381118774, -11.4140319824, 117.925537109, 18.5928859711, 43.3866920471, 30.3564662933, 37.4796257019], [-188.896194458, 177.939163208, 290.771636963, 296.644500732, 381.926361084, 126.665588379, 35.3510437012, 26.7529773712, 79.7906570435, 34.7695388794, 31.2304210663, -2.76215028763, 32.3973388672], [219.542770386, -115.317153931, 82.1600952148, -13.4272432327, 126.665588379, 295.429077148, 184.913665771, 60.4889526367, -34.4310302734, 11.134185791, 6.14088773727, -15.1196165085, -25.7082042694], [-21.3219718933, 241.040008545, -70.6483078003, -77.8381118774, 35.3510437012, 184.913665771, 395.026245117, 81.6811981201, 0.875152230263, -33.769695282, 14.4320669174, -35.1332855225, -1.92323946953], [101.721183777, -6.71600484848, 98.8509292603, -11.4140319824, 26.7529773712, 60.4889526367, 81.6811981201, 135.917526245, 54.6993713379, 24.9107780457, -16.0850582123, -19.8797855377, -0.368514060974], [-138.838760376, 267.192565918, 4.9090886116, 117.925537109, 79.7906570435, -34.4310302734, 0.875152230263, 54.6993713379, 225.547821045, 54.3781700134, 21.9065685272, -38.6373100281, 41.7457809448], [101.562400818, -63.2382888794, 87.0836410522, 18.5928859711, 34.7695388794, 11.134185791, -33.769695282, 24.9107780457, 54.3781700134, 113.591911316, 23.7430648804, -2.15778636932, -13.6659851074], [-101.582138062, 80.3840255737, -24.7113628387, 43.3866920471, 31.2304210663, 6.14088773727, 14.4320669174, -16.0850582123, 21.9065685272, 23.7430648804, 113.935386658, 44.4313621521, 4.62377405167], [49.5590553284, -93.9287796021, 19.1749591827, 30.3564662933, -2.76215028763, -15.1196165085, -35.1332855225, -19.8797855377, -38.6373100281, -2.15778636932, 44.4313621521, 101.289237976, 14.5559501648], [-98.9080047607, 120.235427856, -60.7920799255, 37.4796257019, 32.3973388672, -25.7082042694, -1.92323946953, -0.368514060974, 41.7457809448, -13.6659851074, 4.62377405167, 14.5559501648, 102.072135925]],
        "icov": [[0.000762413081247, -0.000578987470362, 0.000314811011776, -0.000171641702764, 0.000808043172583, -0.00153771601617, 0.000952696078457, -0.000967445725109, 0.000768834899645, -0.00145470385905, 0.00153646897525, -0.00149391102605, 0.000676241936162], [-0.000578987470362, 0.00311790616252, -0.000554665341042, 0.0013776072301, -0.00282039423473, 0.00415435899049, -0.00327359186485, 0.00258093536831, -0.0034252286423, 0.00357000017539, -0.00331464689225, 0.00323637155816, -0.00161333975848], [0.000314811011776, -0.000554665341042, 0.0026587434113, -0.00191173376516, -0.000384901155485, -0.000715498870704, 0.0010535584297, -0.00303175393492, 0.00236920709722, -0.00249623274431, 0.0020407079719, -0.00127494125627, 0.00198093499057], [-0.000171641702764, 0.0013776072301, -0.00191173376516, 0.0048484406434, -0.00314402789809, 0.00232006935403, -0.0012626524549, 0.00306153739803, -0.00386892049573, 0.00346101121977, -0.00214053178206, 0.000381598365493, -0.00105018983595], [0.000808043172583, -0.00282039423473, -0.000384901155485, -0.00314402789809, 0.00906178168952, -0.00729100732133, 0.00334189576097, -0.00139427254908, 0.00191505777184, -0.00380001589656, 0.00245309877209, -0.00227693398483, -0.000702520424966], [-0.00153771601617, 0.00415435899049, -0.000715498870704, 0.00232006935403, -0.00729100732133, 0.0136603945866, -0.00744149368256, 0.00219832896255, -0.00226898118854, 0.00423507066444, -0.00535971578211, 0.00546670192853, -0.00108107714914], [0.000952696078457, -0.00327359186485, 0.0010535584297, -0.0012626524549, 0.00334189576097, -0.00744149368256, 0.00835343822837, -0.00529702566564, 0.00362305599265, -0.00194917165209, 0.00208381772973, -0.00228275847621, 0.00156211457215], [-0.000967445725109, 0.00258093536831, -0.00303175393492, 0.00306153739803, -0.00139427254908, 0.00219832896255, -0.00529702566564, 0.0159826464951, -0.00806974619627, 0.00307947862893, -0.00105329055805, 0.00191661156714, -0.00246627232991], [0.000768834899645, -0.0034252286423, 0.00236920709722, -0.00386892049573, 0.00191505777184, -0.00226898118854, 0.00362305599265, -0.00806974619627, 0.0139972474426, -0.00842134188861, 0.00178280088585, 0.00100982037839, -0.000605666369665], [-0.00145470385905, 0.00357000017539, -0.00249623274431, 0.00346101121977, -0.00380001589656, 0.00423507066444, -0.00194917165209, 0.00307947862893, -0.00842134188861, 0.0187374409288, -0.00832695700228, 0.00482339598238, -0.000483035371872], [0.00153646897525, -0.00331464689225, 0.0020407079719, -0.00214053178206, 0.00245309877209, -0.00535971578211, 0.00208381772973, -0.00105329055805, 0.00178280088585, -0.00832695700228, 0.0189247746021, -0.0122101986781, 0.00434159580618], [-0.00149391102605, 0.00323637155816, -0.00127494125627, 0.000381598365493, -0.00227693398483, 0.00546670192853, -0.00228275847621, 0.00191661156714, 0.00100982037839, 0.00482339598238, -0.0122101986781, 0.0208164677024, -0.00627848738804], [0.000676241936162, -0.00161333975848, 0.00198093499057, -0.00105018983595, -0.000702520424966, -0.00108107714914, 0.00156211457215, -0.00246627232991, -0.000605666369665, -0.000483035371872, 0.00434159580618, -0.00627848738804, 0.0147710498422]]
    },
    "melbands": {
        "dmean": [0.00379558652639, 0.00128108356148, 0.00031732316711, 0.000179010792635, 0.000143350087455, 7.83120267442e-05, 0.000262117740931, 0.000342657469446, 0.00031208441942, 0.000218151966692, 0.000191290440853, 0.00016494555166, 0.00016259936092, 5.92845171923e-05, 5.71073796891e-05, 3.07364971377e-05, 3.97507974412e-05, 4.69931474072e-05, 4.41806332674e-05, 2.6706211429e-05, 2.08224810194e-05, 1.69583454408e-05, 1.56887981575e-05, 1.00746838143e-05, 9.06159584702e-06, 8.22665151645e-06, 1.31686665554e-05, 1.17002637126e-05, 8.32844034448e-06, 8.05710624263e-06, 7.0974283517e-06, 5.40798100701e-06, 4.05121318181e-06, 3.56665668733e-06, 4.36667187387e-06, 4.13125417253e-06, 3.82131520382e-06, 3.36002722179e-06, 9.99113035505e-06, 3.74468913833e-06],
        "dmean2": [0.00514999218285, 0.00190934329294, 0.000512069673277, 0.000298239494441, 0.000230288569583, 0.000124786340166, 0.000411353918025, 0.000525607843883, 0.000493349391036, 0.000345155625837, 0.000293747783871, 0.000247279414907, 0.000263020512648, 9.13236217457e-05, 9.01284220163e-05, 4.8400113883e-05, 6.28242851235e-05, 7.73607025621e-05, 6.96211791364e-05, 4.16835937358e-05, 3.40912592947e-05, 2.66307415586e-05, 2.56498751696e-05, 1.5969540982e-05, 1.39740704981e-05, 1.26072509374e-05, 1.98289199034e-05, 1.76221074071e-05, 1.26726890812e-05, 1.20479880934e-05, 1.03718548417e-05, 8.0359122876e-06, 5.92347123529e-06, 5.1687575251e-06, 6.54687255519e-06, 6.27235885986e-06, 5.81825634072e-06, 5.07450431542e-06, 1.78473928827e-05, 6.42842496745e-06],
        "dvar": [3.76666321245e-05, 4.75026445201e-06, 2.58427320432e-07, 1.42472899256e-07, 1.12708235633e-07, 3.79275526541e-08, 2.62889244595e-07, 3.85497344269e-07, 6.70881320275e-07, 2.60673289176e-07, 1.56434182941e-07, 1.36944422024e-07, 1.61313963076e-07, 1.76181469413e-08, 1.43238576555e-08, 3.3636655683e-09, 1.03035819876e-08, 7.49558548563e-09, 8.89522411285e-09, 2.38523112372e-09, 2.15458384467e-09, 7.08291814089e-10, 5.80502090841e-10, 2.74346184659e-10, 2.9084795683e-10, 1.60758462098e-10, 3.09331393833e-10, 2.52310006221e-10, 1.33748678799e-10, 1.31220617705e-10, 9.06241956478e-11, 6.37997016328e-11, 3.63389700275e-11, 3.14132678203e-11, 7.50389195225e-11, 8.83337014645e-11, 4.17365204897e-11, 2.87828840623e-11, 3.21703136352e-10, 3.95727964286e-11],
        "dvar2": [8.10892161098e-05, 1.16509336294e-05, 6.68779762236e-07, 3.83251176572e-07, 2.71038999244e-07, 9.73866605136e-08, 5.98922099471e-07, 8.86557756985e-07, 1.48909089148e-06, 6.44903082048e-07, 3.67403856671e-07, 3.25765398657e-07, 4.00280612212e-07, 3.97939636798e-08, 3.18206616612e-08, 7.86235521133e-09, 2.2909869557e-08, 1.90621047835e-08, 2.04106171964e-08, 5.40011368955e-09, 5.27150278984e-09, 1.59315782788e-09, 1.43926226492e-09, 6.85123568989e-10, 6.97681135087e-10, 3.28081339873e-10, 6.71469047031e-10, 5.94541360588e-10, 2.95318658416e-10, 2.81608653063e-10, 1.88053767003e-10, 1.43186892898e-10, 7.38874031403e-11, 6.7033621709e-11, 1.87589860312e-10, 2.12220463425e-10, 9.45066108704e-11, 6.14235468044e-11, 8.77093953022e-10, 1.05123604266e-10],
        "max": [0.0714421793818, 0.0240075327456, 0.00495266122743, 0.00425411900505, 0.00297951768152, 0.00281652691774, 0.0059336158447, 0.00552765931934, 0.0098638869822, 0.00674646580592, 0.00618344545364, 0.00592625001445, 0.00616915803403, 0.00189937849063, 0.00177272898145, 0.000697547802702, 0.00230359425768, 0.00113375356887, 0.00139301363379, 0.000705005193595, 0.000895400298759, 0.00034549870179, 0.00025683734566, 0.000160700437846, 0.000214144733036, 0.000159731047461, 0.000178538713953, 0.0001812648552, 0.000131000197143, 0.000155308764079, 0.000123169113067, 8.62851011334e-05, 6.37447737972e-05, 8.69593859534e-05, 0.000115021575766, 0.000140496456879, 8.24218950584e-05, 6.50693837088e-05, 0.000109871158202, 3.52785464202e-05],
        "mean": [0.00861452519894, 0.00254579470493, 0.000405135448091, 0.00020209356444, 0.000156137277372, 8.51239383337e-05, 0.000327567890054, 0.000426194368629, 0.000368709472241, 0.000244510156335, 0.000248479598667, 0.000208110373933, 0.000199022950255, 7.56797599024e-05, 7.05539496266e-05, 4.09918102378e-05, 4.87497309223e-05, 5.61885972274e-05, 5.38073327334e-05, 3.55169468094e-05, 2.62809498963e-05, 2.45811588684e-05, 2.31730682572e-05, 1.66197332874e-05, 1.4168488633e-05, 1.44170317071e-05, 2.23263195949e-05, 2.10025627894e-05, 1.31314136524e-05, 1.2740362763e-05, 1.13040805445e-05, 8.52451466926e-06, 6.1037130763e-06, 5.25011682839e-06, 5.94147968513e-06, 5.33904312761e-06, 5.18100023328e-06, 4.59615966975e-06, 8.33035301184e-06, 3.5689008655e-06],
        "median": [0.00640193931758, 0.00190702651162, 0.00022572009766, 9.30023379624e-05, 4.06607796322e-05, 1.6840036551e-05, 6.59504294163e-05, 7.46139630792e-05, 3.34986907546e-05, 5.8004839957e-05, 5.42733723705e-05, 4.40941112174e-05, 3.01464879158e-05, 1.60317158588e-05, 1.37592414831e-05, 1.03484990177e-05, 1.49046154547e-05, 1.71806314029e-05, 1.50413998199e-05, 1.17672361739e-05, 1.0133881915e-05, 1.23091358546e-05, 1.23819099827e-05, 7.59212844059e-06, 5.70310749026e-06, 7.49278024159e-06, 1.35954123834e-05, 1.31285423777e-05, 7.58665464673e-06, 7.34550985726e-06, 6.39503969069e-06, 4.76877130495e-06, 3.28915712089e-06, 2.46722061092e-06, 2.31508079196e-06, 1.97870122065e-06, 2.41332509177e-06, 2.03220361072e-06, 2.0295719878e-06, 1.01634032035e-06],
        "min": [7.02288076582e-08, 1.68708155002e-07, 6.34826164969e-07, 3.13888307346e-07, 6.93875463753e-08, 8.21914767357e-08, 2.08443992733e-07, 7.62064118476e-08, 2.28077041697e-07, 1.82843365337e-07, 1.8419746084e-07, 2.0883150853e-07, 2.27440182243e-07, 1.28328835558e-07, 8.1664673246e-08, 7.90214684798e-08, 2.21412477686e-07, 2.90036012984e-07, 1.63435089462e-07, 5.13820396009e-07, 2.19475722929e-07, 3.59928492344e-07, 5.55307565264e-07, 1.23393533613e-07, 5.81703503144e-08, 2.30974190885e-08, 6.4126808752e-08, 1.16907720837e-07, 8.17263483555e-08, 4.17781897966e-08, 2.65440007752e-08, 2.00778575987e-08, 1.02275059533e-08, 5.02150276915e-09, 5.3750839335e-09, 7.27969906578e-09, 4.09465350515e-09, 8.05308442153e-09, 4.22574597536e-09, 1.90819166024e-10],
