{
"highlevel": {
    "danceability": {
        "all": {
            "danceable": 0.999974429607,
            "not_danceable": 2.55781760643e-05
        },
        "probability": 0.999974429607,
        "value": "danceable"
    },
    "gender": {
        "all": {
            "female": 0.69362193346,
            "male": 0.30637806654
        },
        "probability": 0.69362193346,
        "value": "female"
    },
    "genre_dortmund": {
        "all": {
            "alternative": 0.000678159936797,
            "blues": 0.00730091007426,
            "electronic": 0.0117473248392,
            "folkcountry": 0.000744053861126,
            "funksoulrnb": 0.00619302177802,
            "jazz": 0.00207960093394,
            "pop": 0.00714817363769,
            "raphiphop": 0.957429051399,
            "rock": 0.00667971745133
        },
        "probability": 0.957429051399,
        "value": "raphiphop"
    },
    "genre_electronic": {
        "all": {
            "ambient": 0.188250511885,
            "dnb": 0.725162625313,
            "house": 0.0505481660366,
            "techno": 0.0192370228469,
            "trance": 0.0168016757816
        },
        "probability": 0.725162625313,
        "value": "dnb"
    },
    "genre_rosamerica": {
        "all": {
            "cla": 0.000769747653976,
            "dan": 0.000464259617729,
            "hip": 0.968956232071,
            "jaz": 0.000768179947045,
            "pop": 0.0178791023791,
            "rhy": 0.00954961404204,
            "roc": 0.00142537942156,
            "spe": 0.000187456549611
        },
        "probability": 0.968956232071,
        "value": "hip"
    },
    "genre_tzanetakis": {
        "all": {
            "blu": 2.00933528442e-14,
            "cla": 1.10376880297e-14,
            "cou": 2.21312073892e-14,
            "dis": 1.76883671149e-14,
            "hip": 4.29576757196e-14,
            "jaz": 0.999999940395,
            "met": 2.0000017642e-08,
            "pop": 2.0000017642e-08,
            "reg": 1.66666822565e-08,
            "roc": 2.50000233848e-08
        },
        "probability": 0.999999940395,
        "value": "jaz"
    },
    "ismir04_rhythm": {
        "all": {
            "ChaChaCha": 0.0494950525463,
            "Jive": 0.0354534722865,
            "Quickstep": 0.0535084791481,
            "Rumba-American": 0.0141338594258,
            "Rumba-International": 0.0889135301113,
            "Rumba-Misc": 0.0176562704146,
            "Samba": 0.689085185528,
            "Tango": 0.0107373623177,
            "VienneseWaltz": 0.0248180348426,
            "Waltz": 0.0161987263709
        },
        "probability": 0.689085185528,
        "value": "Samba"
    },
    "mood_acoustic": {
        "all": {
            "acoustic": 0.00459928065538,
            "not_acoustic": 0.995400726795
        },
        "probability": 0.995400726795,
        "value": "not_acoustic"
    },
    "mood_aggressive": {
        "all": {
            "aggressive": 0.106719970703,
            "not_aggressive": 0.893280029297
        },
        "probability": 0.893280029297,
        "value": "not_aggressive"
    },
    "mood_electronic": {
        "all": {
            "electronic": 0.945099651814,
            "not_electronic": 0.0549003332853
        },
        "probability": 0.945099651814,
        "value": "electronic"
    },
    "mood_happy": {
        "all": {
            "happy": 0.796509504318,
            "not_happy": 0.203490510583
        },
        "probability": 0.796509504318,
        "value": "happy"
    },
    "mood_party": {
        "all": {
            "not_party": 0.163478404284,
            "party": 0.836521565914
        },
        "probability": 0.836521565914,
        "value": "party"
    },
    "mood_relaxed": {
        "all": {
            "not_relaxed": 0.957813560963,
            "relaxed": 0.0421864390373
        },
        "probability": 0.957813560963,
        "value": "not_relaxed"
    },
    "mood_sad": {
        "all": {
            "not_sad": 0.959691047668,
            "sad": 0.0403089337051
        },
        "probability": 0.959691047668,
        "value": "not_sad"
    },
    "moods_mirex": {
        "all": {
            "Cluster1": 0.0386537462473,
            "Cluster2": 0.0557905398309,
            "Cluster3": 0.0223606936634,
            "Cluster4": 0.065032042563,
            "Cluster5": 0.818162977695
        },
        "probability": 0.818162977695,
        "value": "Cluster5"
    },
    "timbre": {
        "all": {
            "bright": 0.106341518462,
            "dark": 0.893658459187
        },
        "probability": 0.893658459187,
        "value": "dark"
    },
    "tonal_atonal": {
        "all": {
            "atonal": 0.963961243629,
            "tonal": 0.0360387414694
        },
        "probability": 0.963961243629,
        "value": "atonal"
    },
    "voice_instrumental": {
        "all": {
            "instrumental": 0.00400462932885,
            "voice": 0.995995342731
        },
        "probability": 0.995995342731,
        "value": "voice"
    }
},
"lowlevel": {
    "average_loudness": 0.843786418438,
    "barkbands_crest": {
        "dmean": 2.44501686096,
        "dmean2": 3.77250933647,
        "dvar": 6.01459646225,
        "dvar2": 14.0939950943,
        "max": 26.469171524,
        "mean": 12.1895713806,
        "median": 11.7981786728,
        "min": 2.66863417625,
        "var": 23.705493927
    },
    "barkbands_flatness_db": {
        "dmean": 0.0346221141517,
        "dmean2": 0.0498508773744,
        "dvar": 0.00155493535567,
        "dvar2": 0.00290982774459,
        "max": 0.634620547295,
        "mean": 0.219248712063,
        "median": 0.207349807024,
        "min": 0.056180011481,
        "var": 0.00754120526835
    },
    "barkbands_kurtosis": {
        "dmean": 9.38440322876,
        "dmean2": 14.4661521912,
        "dvar": 526.470275879,
        "dvar2": 1110.44702148,
        "max": 287.821350098,
        "mean": 14.1292381287,
        "median": 2.93510389328,
        "min": -1.96701908112,
        "var": 995.961425781
    },
    "barkbands_skewness": {
        "dmean": 0.933550953865,
        "dmean2": 1.38530194759,
        "dvar": 1.45926368237,
        "dvar2": 2.9509396553,
        "max": 13.8918647766,
        "mean": 2.17487072945,
        "median": 1.76021623611,
        "min": -6.90643453598,
        "var": 6.02227830887
    },
    "barkbands_spread": {
        "dmean": 7.8318567276,
        "dmean2": 11.5247383118,
        "dvar": 115.283714294,
        "dvar2": 240.130859375,
        "max": 110.061882019,
        "mean": 21.6766777039,
        "median": 17.0815677643,
        "min": 0.311416745186,
        "var": 315.575500488
    },
    "dissonance": {
        "dmean": 0.0232253465801,
        "dmean2": 0.0367910638452,
        "dvar": 0.000756655877922,
        "dvar2": 0.00190828682389,
        "max": 0.499999880791,
        "mean": 0.45669350028,
        "median": 0.472006797791,
        "min": 0.217173978686,
        "var": 0.00205641728826
    },
    "dynamic_complexity": 3.34079766273,
    "erbbands_crest": {
        "dmean": 3.71207618713,
        "dmean2": 5.68856668472,
        "dvar": 11.3259315491,
        "dvar2": 23.3469676971,
        "max": 33.8558082581,
        "mean": 12.3214435577,
        "median": 10.8746452332,
        "min": 2.8843152523,
        "var": 38.3655700684
    },
    "erbbands_flatness_db": {
        "dmean": 0.0269059780985,
        "dmean2": 0.0385698527098,
        "dvar": 0.000720467709471,
        "dvar2": 0.00150331726763,
        "max": 0.455560386181,
        "mean": 0.195098400116,
        "median": 0.183937713504,
        "min": 0.0737552121282,
        "var": 0.0039713489823
    },
    "erbbands_kurtosis": {
        "dmean": 3.1755862236,
        "dmean2": 4.9787197113,
        "dvar": 82.464012146,
        "dvar2": 181.30796814,
        "max": 160.485702515,
        "mean": 3.01269173622,
        "median": 0.646914243698,
        "min": -1.96528506279,
        "var": 104.190826416
    },
    "erbbands_skewness": {
        "dmean": 0.692738413811,
        "dmean2": 0.993901133537,
        "dvar": 0.749151527882,
        "dvar2": 1.48158454895,
        "max": 7.57132339478,
        "mean": -0.0138910729438,
        "median": 0.0472233258188,
        "min": -10.9391298294,
        "var": 2.4481754303
    },
    "erbbands_spread": {
        "dmean": 9.87013244629,
        "dmean2": 14.8371706009,
        "dvar": 157.062530518,
        "dvar2": 355.010253906,
        "max": 148.932937622,
        "mean": 32.481426239,
        "median": 29.342458725,
        "min": 1.42965006828,
        "var": 372.677398682
    },
    "hfc": {
        "dmean": 12.0242500305,
        "dmean2": 17.0346374512,
        "dvar": 550.75592041,
        "dvar2": 1087.68835449,
        "max": 301.935394287,
        "mean": 27.5032958984,
        "median": 17.8243103027,
        "min": 0.0571295917034,
        "var": 1151.89343262
    },
    "melbands_crest": {
        "dmean": 3.36959195137,
        "dmean2": 5.09746646881,
        "dvar": 13.9035577774,
        "dvar2": 31.9742660522,
        "max": 38.4272193909,
        "mean": 23.9421310425,
        "median": 25.6319942474,
        "min": 2.90537595749,
        "var": 98.3124084473
    },
    "melbands_flatness_db": {
        "dmean": 0.0391468591988,
        "dmean2": 0.0527164526284,
        "dvar": 0.00232305191457,
        "dvar2": 0.00411341618747,
        "max": 0.752133905888,
        "mean": 0.260805040598,
        "median": 0.24995161593,
        "min": 0.0340386144817,
        "var": 0.0137768909335
    },
    "melbands_kurtosis": {
        "dmean": 31.0451755524,
        "dmean2": 46.6670837402,
        "dvar": 11804.4238281,
        "dvar2": 25740.8203125,
        "max": 1765.22375488,
        "mean": 48.7359046936,
        "median": 9.7023639679,
        "min": -1.98059511185,
        "var": 23000.2539062
    },
    "melbands_skewness": {
        "dmean": 1.45013129711,
        "dmean2": 2.09341812134,
        "dvar": 5.09026145935,
        "dvar2": 10.4100580215,
        "max": 37.3878707886,
        "mean": 3.96041512489,
        "median": 2.81310367584,
        "min": -3.80432462692,
        "var": 19.5304775238
    },
    "melbands_spread": {
        "dmean": 11.2046737671,
        "dmean2": 16.6799526215,
        "dvar": 394.651824951,
        "dvar2": 896.119262695,
        "max": 261.252868652,
        "mean": 28.0643119812,
        "median": 17.8323440552,
        "min": 0.086717672646,
        "var": 1044.45544434
    },
    "pitch_salience": {
        "dmean": 0.0785314589739,
        "dmean2": 0.12336486578,
        "dvar": 0.00733757670969,
        "dvar2": 0.0172523576766,
        "max": 0.893777191639,
        "mean": 0.406076997519,
        "median": 0.384516835213,
        "min": 0.0645011514425,
        "var": 0.0381827168167
    },
    "silence_rate_20dB": {
        "dmean": 0,
        "dmean2": 0,
        "dvar": 0,
        "dvar2": 0,
        "max": 1,
        "mean": 1,
        "median": 1,
        "min": 1,
        "var": 0
    },
    "silence_rate_30dB": {
        "dmean": 0.0572755411267,
        "dmean2": 0.114639811218,
        "dvar": 0.053995154798,
        "dvar2": 0.118538491428,
        "max": 1,
        "mean": 0.846867740154,
        "median": 1,
        "min": 0,
        "var": 0.129683688283
    },
    "silence_rate_60dB": {
        "dmean": 0.039473682642,
        "dmean2": 0.0782339274883,
        "dvar": 0.0379152819514,
        "dvar2": 0.0752103850245,
        "max": 1,
        "mean": 0.0827532857656,
        "median": 0,
        "min": 0,
        "var": 0.0759051144123
    },
    "spectral_centroid": {
        "dmean": 406.940643311,
        "dmean2": 572.237731934,
        "dvar": 311859.4375,
        "dvar2": 542340.8125,
        "max": 7793.21972656,
        "mean": 1810.84570312,
        "median": 1671.8145752,
        "min": 127.006347656,
        "var": 955569.5
    },
    "spectral_complexity": {
        "dmean": 4.60603713989,
        "dmean2": 6.32997655869,
        "dvar": 41.5514984131,
        "dvar2": 63.8772621155,
        "max": 54,
        "mean": 15.310131073,
        "median": 12,
        "min": 0,
        "var": 137.310668945
    },
    "spectral_decrease": {
        "dmean": 3.54931928293e-09,
        "dmean2": 5.655852231e-09,
        "dvar": 5.57690065892e-17,
        "dvar2": 1.41406062495e-16,
        "max": -7.67344261049e-12,
        "mean": -1.31289255023e-08,
        "median": -8.91686102733e-09,
        "min": -8.39093985405e-08,
        "var": 1.79539525485e-16
    },
    "spectral_energy": {
        "dmean": 0.0139547577128,
        "dmean2": 0.0221185218543,
        "dvar": 0.000799741072115,
        "dvar2": 0.00202686013654,
        "max": 0.319094359875,
        "mean": 0.0520462319255,
        "median": 0.0366890579462,
        "min": 3.69797598978e-05,
        "var": 0.00260412879288
    },
    "spectral_energyband_high": {
        "dmean": 0.000922186067328,
        "dmean2": 0.00131630268879,
        "dvar": 5.90260742683e-06,
        "dvar2": 1.16985456771e-05,
        "max": 0.0282708927989,
        "mean": 0.00134940748103,
        "median": 0.000290737894829,
        "min": 3.68331463108e-08,
        "var": 9.98127507046e-06
    },
    "spectral_energyband_low": {
        "dmean": 0.0107695655897,
        "dmean2": 0.0169957820326,
        "dvar": 0.000714355846867,
        "dvar2": 0.00174733169843,
        "max": 0.30363702774,
        "mean": 0.0360125973821,
        "median": 0.00997609365731,
        "min": 6.6843000468e-08,
        "var": 0.00231853872538
    },
    "spectral_energyband_middle_high": {
        "dmean": 0.00263895862736,
        "dmean2": 0.00352479610592,
        "dvar": 1.79503622348e-05,
        "dvar2": 3.36996890837e-05,
        "max": 0.0533683858812,
        "mean": 0.00569302542135,
        "median": 0.00307812960818,
        "min": 2.3520326522e-06,
        "var": 4.99589332321e-05
    },
    "spectral_energyband_middle_low": {
        "dmean": 0.00350891961716,
        "dmean2": 0.00578387035057,
        "dvar": 5.95395504206e-05,
        "dvar2": 0.000168267564732,
        "max": 0.0794676691294,
        "mean": 0.00794076174498,
        "median": 0.00398196000606,
        "min": 9.928118061e-07,
        "var": 0.000135176989716
    },
    "spectral_entropy": {
        "dmean": 0.260088115931,
        "dmean2": 0.365322828293,
        "dvar": 0.0942575708032,
        "dvar2": 0.176333412528,
        "max": 8.82968139648,
        "mean": 7.47549247742,
        "median": 7.5327835083,
        "min": 4.99853372574,
        "var": 0.352932572365
    },
    "spectral_flux": {
        "dmean": 0.0297247152776,
        "dmean2": 0.0479207448661,
        "dvar": 0.00228952663019,
        "dvar2": 0.00497174356133,
        "max": 0.485077619553,
        "mean": 0.0975040867925,
        "median": 0.0866182744503,
        "min": 0.00420096470043,
        "var": 0.00439411727712
    },
    "spectral_kurtosis": {
        "dmean": 2.35300111771,
        "dmean2": 3.75365591049,
        "dvar": 12.4204406738,
        "dvar2": 31.3983688354,
        "max": 48.2673835754,
        "mean": 5.67181158066,
        "median": 4.59116888046,
        "min": -1.42751646042,
        "var": 28.2845134735
    },
    "spectral_rms": {
        "dmean": 0.000874574820045,
        "dmean2": 0.00132957403548,
        "dvar": 1.79422306701e-06,
        "dvar2": 4.13116958953e-06,
        "max": 0.0176440235227,
        "mean": 0.00621344475076,
        "median": 0.00598282599822,
        "min": 0.000189941609278,
        "var": 1.21700059026e-05
    },
    "spectral_rolloff": {
        "dmean": 657.148193359,
        "dmean2": 1096.12805176,
        "dvar": 2065968.375,
        "dvar2": 4099264,
        "max": 12058.59375,
        "mean": 1724.54394531,
        "median": 775.1953125,
        "min": 43.06640625,
        "var": 5106607
    },
    "spectral_skewness": {
        "dmean": 0.312117099762,
        "dmean2": 0.469312936068,
        "dvar": 0.120269648731,
        "dvar2": 0.253051906824,
        "max": 4.46902894974,
        "mean": 1.67458248138,
        "median": 1.64875757694,
        "min": -0.492082685232,
        "var": 0.408974051476
    },
    "spectral_spread": {
        "dmean": 840463.1875,
        "dmean2": 1191227,
        "dvar": 1.13959436288e+12,
        "dvar2": 2.20128372326e+12,
        "max": 15640583,
        "mean": 4832123,
        "median": 4406944,
        "min": 961261.375,
        "var": 4.54219582669e+12
    },
    "spectral_strongpeak": {
        "dmean": 0.62049216032,
        "dmean2": 1.05564415455,
        "dvar": 1.93222570419,
        "dvar2": 4.72785282135,
        "max": 14.2972412109,
        "mean": 1.1195679903,
        "median": 0.416419029236,
        "min": 0,
        "var": 3.04033517838
    },
    "zerocrossingrate": {
        "dmean": 0.0157179702073,
        "dmean2": 0.0170278158039,
        "dvar": 0.000526564719621,
        "dvar2": 0.000537276850082,
        "max": 0.45068359375,
        "mean": 0.0658692568541,
        "median": 0.05029296875,
        "min": 0.00146484375,
        "var": 0.00353514892049
    },
    "barkbands": {
        "dmean": [0.00318405544385, 0.00953046791255, 0.00207278784364, 0.000907111389097, 0.000895059492905, 0.000286522437818, 0.000496183463838, 0.00115728122182, 0.000922481995076, 0.000417637289502, 0.000472746265586, 0.00037302551209, 0.000407618354075, 0.000581609900109, 0.000351829250576, 0.00040927703958, 0.000439259718405, 0.000270853983238, 0.000429209176218, 0.000132830056828, 0.000114384980407, 0.000144646532135, 0.000146748279803, 0.000248486408964, 0.000245990027906, 7.20312309568e-05, 1.44823237846e-08],
        "dmean2": [0.00560774235055, 0.0145542016253, 0.0039255968295, 0.00168340234086, 0.00155151449144, 0.000484586227685, 0.000780540052801, 0.00168871087953, 0.00137105793692, 0.000629641697742, 0.000734567292966, 0.00061455235118, 0.0006284788833, 0.000826403789688, 0.000547550502233, 0.000613051408436, 0.000586064241361, 0.000381326855859, 0.000620067294221, 0.000201090049814, 0.000175254535861, 0.000217574634007, 0.000217909226194, 0.000371017871657, 0.000360175443348, 0.000108003769128, 2.60120422979e-08],
        "dvar": [3.28648784489e-05, 0.00056709011551, 0.000104051876406, 1.56229252752e-05, 7.78568573878e-06, 4.82301800275e-07, 1.1021594446e-06, 4.8107249313e-06, 4.27527766078e-06, 1.66203233221e-06, 1.4291701973e-06, 7.89795763012e-07, 7.11980817414e-07, 1.96944301933e-06, 5.7825843669e-07, 1.3606295397e-06, 1.26545864987e-06, 4.62785493482e-07, 9.16737974421e-07, 1.00922591173e-07, 8.63577085397e-08, 1.36835751618e-07, 1.21231664707e-07, 6.7430778472e-07, 8.44075771056e-07, 4.37237765993e-08, 5.73836657919e-15],
        "dvar2": [8.50130527397e-05, 0.00139302050229, 0.000305305380607, 4.52205385955e-05, 2.22042235691e-05, 1.271014753e-06, 2.55115583059e-06, 9.30828173296e-06, 9.58359669312e-06, 3.49533524968e-06, 3.49911670128e-06, 1.89978857179e-06, 1.66739812357e-06, 3.32202398567e-06, 1.46153843161e-06, 2.74674812317e-06, 2.01277066481e-06, 8.19757190129e-07, 1.7196321096e-06, 2.37146039694e-07, 2.04308747698e-07, 2.73131206541e-07, 2.44861041665e-07, 1.41684574828e-06, 1.6810301986e-06, 8.33393301036e-08, 1.39409027738e-14],
        "max": [0.0750729292631, 0.265396893024, 0.0995811745524, 0.0379705056548, 0.0273114386946, 0.00736101483926, 0.0139731336385, 0.0417646318674, 0.056471105665, 0.0279761180282, 0.0181905813515, 0.0103239249438, 0.0133176157251, 0.0233363416046, 0.00849534757435, 0.0146871227771, 0.0178238973022, 0.0125506864861, 0.0138425063342, 0.00282103964128, 0.00290470640175, 0.00357714528218, 0.00461308984086, 0.0119654173031, 0.0170690342784, 0.00359162292443, 1.37252436616e-06],
        "mean": [0.0127981118858, 0.0228830650449, 0.00149682571646, 0.000665789528284, 0.00116053863894, 0.000358008226613, 0.000628480920568, 0.00228525768034, 0.00257238186896, 0.000535373692401, 0.000606083602179, 0.000449964543805, 0.000469282706035, 0.000934744719416, 0.000448303093435, 0.000580363790505, 0.00066888728179, 0.000414864276536, 0.000644061306957, 0.000171399558894, 0.000147162238136, 0.000185971104656, 0.000213724692003, 0.000327961315634, 0.000309004477458, 9.06343993847e-05, 1.12006715014e-08],
        "median": [0.00337348412722, 0.00522056035697, 0.000268138974207, 9.44375642575e-05, 0.000295080477372, 6.54014656902e-05, 0.000108644540887, 0.000278018938843, 0.000257931416854, 7.36045622034e-05, 8.22439178592e-05, 8.75160985743e-05, 9.13634066819e-05, 0.000194244872546, 0.000142466538819, 0.000104330370959, 0.000149237122969, 9.82912824838e-05, 0.00018323736731, 4.37413291365e-05, 3.33376010531e-05, 2.62748799287e-05, 3.02999433188e-05, 4.25690159318e-05, 4.13673369621e-05, 9.017224329e-06, 6.48761822042e-10],
        "min": [1.52016732535e-09, 2.13489581569e-09, 3.39432282281e-09, 1.36488109703e-09, 6.57875744992e-08, 2.29734773427e-08, 1.70743259531e-08, 7.16499357623e-08, 6.0424554249e-08, 1.72478120675e-08, 2.99276621263e-08, 1.43151561716e-08, 5.32956878629e-09, 3.64624810345e-08, 1.17851568504e-08, 1.46235397125e-08, 4.47940173842e-09, 2.50782883349e-09, 4.35112967878e-09, 1.49643797354e-09, 2.36674169152e-09, 7.30981594699e-11, 1.34910826954e-09, 1.41775324813e-09, 3.71845532143e-09, 1.06854551249e-11, 7.55126863816e-12],
        "var": [0.000288866169285, 0.00128295982722, 5.72112912778e-05, 8.99058886716e-06, 6.12747453488e-06, 6.07983224654e-07, 1.77789354439e-06, 2.90818752546e-05, 5.76953534619e-05, 3.13052237289e-06, 2.52347876994e-06, 1.13806277113e-06, 1.03925242456e-06, 6.03000717092e-06, 7.49626394736e-07, 2.5243834898e-06, 2.90473280984e-06, 1.06862364646e-06, 1.88349713426e-06, 1.20887165167e-07, 1.05173420195e-07, 1.8792212586e-07, 2.15032017081e-07, 1.00232273326e-06, 1.41336795423e-06, 7.10179648422e-08, 5.13475311329e-15]
    },
    "erbbands": {
        "dmean": [0.489508569241, 1.43508255482, 2.1377120018, 3.13517212868, 2.63861489296, 3.11655306816, 3.04447555542, 2.19386720657, 5.02288532257, 13.997297287, 24.6804561615, 20.7619476318, 17.4533786774, 11.7880916595, 17.6741981506, 14.0844011307, 15.6501989365, 28.4106941223, 22.5560684204, 17.4249629974, 22.4083976746, 23.544424057, 15.4251203537, 19.5991840363, 16.2935905457, 5.99434614182, 4.90823459625, 4.7039475441, 5.01761388779, 5.42595863342, 3.96454620361, 5.09919166565, 4.15537643433, 2.99218821526, 1.68982279301, 0.47228834033, 0.10157700628, 0.00808189157397, 0.000164777957252, 2.50521497946e-05],
        "dmean2": [0.720257937908, 2.31904220581, 3.86284518242, 5.88492393494, 4.81317281723, 5.26484966278, 4.87601232529, 3.78313422203, 8.1181602478, 20.6011009216, 35.9864730835, 31.1202335358, 25.3734169006, 18.1202487946, 28.3283061981, 22.0221042633, 23.3702507019, 39.3526000977, 34.3414382935, 25.9662075043, 32.1070861816, 31.0863037109, 20.8603801727, 27.1051807404, 23.8946990967, 8.93374443054, 7.47558498383, 7.16934776306, 7.46508407593, 8.24491024017, 5.78283262253, 7.57304477692, 6.2406539917, 4.41683769226, 2.47970366478, 0.715679526329, 0.155867010355, 0.0129217077047, 0.000250561570283, 3.77020405722e-05],
        "dvar": [1.02438092232, 24.1364994049, 95.0445251465, 207.326873779, 140.464355469, 75.525932312, 32.9339408875, 37.975112915, 132.729812622, 1008.66003418, 2250.99609375, 2644.08862305, 2404.04882812, 956.877990723, 2192.46337891, 1035.63415527, 1018.47601318, 3493.59326172, 2350.72167969, 1983.87060547, 4373.70507812, 3431.96557617, 1362.21630859, 1983.82678223, 1141.02331543, 224.52935791, 177.896484375, 153.99571228, 161.14666748, 177.457870483, 86.2628936768, 232.145431519, 220.121734619, 129.004638672, 47.0090751648, 2.25461339951, 0.0835633054376, 0.000602631655056, 2.21198845907e-07, 2.05167238754e-09],
        "dvar2": [2.33546161652, 61.2412490845, 270.065673828, 604.723999023, 404.235076904, 208.62008667, 74.8787078857, 105.67098999, 336.991271973, 2097.94946289, 4429.98681641, 5961.56396484, 4954.89990234, 2035.71337891, 5850.41943359, 2404.32470703, 2361.90209961, 6732.00146484, 5002.74365234, 4965.19384766, 8483.70019531, 5567.85742188, 2192.03198242, 3139.42016602, 2350.76074219, 549.718505859, 413.627471924, 362.918121338, 304.547973633, 385.744567871, 171.043914795, 484.927246094, 490.578369141, 270.769989014, 98.0688476562, 4.25906562805, 0.1596467942, 0.00133296661079, 4.51629546205e-07, 4.34481250977e-09],
        "max": [10.1918087006, 56.0498390198, 96.1547698975, 133.672988892, 109.130157471, 82.7920913696, 67.1959381104, 55.0831184387, 138.399978638, 550.335388184, 1049.96520996, 1399.2454834, 1181.77966309, 678.266723633, 586.934936523, 405.935180664, 410.271331787, 984.220214844, 755.753112793, 402.953033447, 998.221862793, 745.370483398, 621.438537598, 656.121948242, 658.730285645, 135.760040283, 115.77482605, 156.097564697, 145.346817017, 153.531051636, 138.773635864, 235.249572754, 231.933761597, 193.211837769, 128.539001465, 24.684381485, 3.39959454536, 0.272558689117, 0.00598215777427, 0.00053870055126],
        "mean": [1.42017889023, 2.24406075478, 1.84567046165, 2.33024263382, 1.90182936192, 4.27333879471, 5.60093021393, 2.48965859413, 6.11666202545, 23.6891155243, 57.0822982788, 58.24842453, 32.0527496338, 17.4809837341, 22.5963134766, 18.0209007263, 20.5728435516, 42.753944397, 34.7866630554, 23.6301136017, 33.6784706116, 37.0594825745, 25.0933609009, 32.4140396118, 24.1767292023, 8.07137012482, 6.25578355789, 5.86234998703, 6.46644496918, 7.05142259598, 5.68221473694, 6.6154255867, 5.32515335083, 3.62436032295, 2.11122274399, 0.616155862808, 0.132313206792, 0.00894593819976, 0.000225987692829, 7.5108371675e-05],
        "median": [0.358920574188, 0.298199176788, 0.35182517767, 0.460010439157, 0.300949662924, 0.936921834946, 1.3799046278, 0.590505599976, 1.25838804245, 4.38505125046, 6.86718559265, 6.85378837585, 5.57572841644, 3.06338262558, 3.82781910896, 4.20365190506, 4.79626321793, 9.12788581848, 11.1418790817, 6.92668151855, 7.7562379837, 10.3295621872, 7.18129444122, 7.62417221069, 8.38326740265, 2.42971539497, 1.30744969845, 1.26397681236, 0.913384914398, 0.917561531067, 0.851091623306, 0.742343187332, 0.686777412891, 0.512557923794, 0.209963977337, 0.0577032528818, 0.0143227688968, 0.000802772701718, 5.6218712416e-05, 5.43155438208e-05],
        "min": [1.74388404162e-07, 1.30160367462e-06, 2.16238076973e-05, 5.0114133046e-05, 1.96922101168e-05, 0.000200488648261, 0.00042049746844, 0.000228389995755, 0.000242179899942, 0.000806925003417, 0.00137079309206, 0.00152579823043, 0.00148219859693, 0.000577020575292, 0.00160314550158, 0.00140151812229, 0.000653794966638, 0.00128246296663, 0.000836594845168, 0.00057153205853, 0.00105413177516, 0.000528084638063, 0.000415120914113, 0.000580786960199, 0.000456400011899, 0.000167822028743, 0.000141901822644, 5.07791082782e-05, 5.43590540474e-05, 5.39879547432e-05, 5.42785164726e-05, 0.000111173612822, 3.97065014113e-05, 4.14597998315e-05, 1.88877875189e-05, 7.12931239377e-07, 1.42314192431e-07, 4.92771690119e-08, 3.58906717679e-08, 5.51880425803e-08],
        "var": [3.75017905235, 29.7969436646, 59.7960662842, 116.486778259, 81.2034835815, 77.446762085, 83.8092651367, 33.4340057373, 170.748703003, 2601.86157227, 19885.4316406, 33095.1289062, 10478.9384766, 1964.9588623, 2757.25097656, 1595.85424805, 1587.45983887, 9667.06054688, 4934.63916016, 2262.38232422, 8125.85595703, 7944.46728516, 3276.89135742, 4838.34716797, 2270.24731445, 257.416717529, 214.104309082, 178.673080444, 228.718658447, 252.393005371, 152.790328979, 349.946411133, 304.094909668, 186.55267334, 79.0645217896, 3.95044803619, 0.130895167589, 0.000750799605157, 3.3314609027e-07, 5.45208234115e-09]
    },
    "gfcc": {
        "mean": [-38.2047424316, 60.3128128052, -125.971961975, 25.5124225616, -52.1844291687, 19.5093536377, -40.4069366455, 26.767408371, -16.2723789215, 5.60544395447, -10.1002979279, -4.63914632797, -10.8931322098],
        "cov": [[7732.08496094, -1284.46496582, 44.7143096924, 42.6972389221, -623.134399414, 625.751037598, -8.48778915405, 232.855606079, -200.428833008, 293.742248535, -243.572921753, 338.25201416, -45.5223045349], [-1284.46496582, 3120.02075195, 818.375305176, 351.631286621, 996.330322266, 34.3198242188, 636.222290039, 32.5819816589, 294.301727295, -60.2894325256, 568.525695801, -2.1030960083, 369.55078125], [44.7143096924, 818.375305176, 2396.7421875, 964.24206543, 629.187805176, 678.984680176, 444.236450195, 245.1199646, 229.029968262, 306.670959473, 282.946777344, 227.449813843, 240.009002686], [42.6972389221, 351.631286621, 964.24206543, 1300.97546387, 691.833862305, 449.987945557, 477.762817383, 55.7610282898, 307.877349854, 186.928375244, 195.672637939, 162.043060303, 212.730987549], [-623.134399414, 996.330322266, 629.187805176, 691.833862305, 1039.35192871, 444.215515137, 497.672393799, 66.185546875, 273.771392822, 91.5757217407, 227.373336792, 123.38772583, 260.776184082], [625.751037598, 34.3198242188, 678.984680176, 449.987945557, 444.215515137, 882.418029785, 529.389465332, 146.492645264, 255.331939697, 187.931060791, 56.4873428345, 162.370697021, 160.10256958], [-8.48778915405, 636.222290039, 444.236450195, 477.762817383, 497.672393799, 529.389465332, 859.1015625, 167.598754883, 252.183334351, 70.8580322266, 209.268218994, 121.891983032, 179.027664185], [232.855606079, 32.5819816589, 245.1199646, 55.7610282898, 66.185546875, 146.492645264, 167.598754883, 320.216674805, 77.6758804321, 77.9396820068, 100.062080383, 27.4716682434, 20.7695522308], [-200.428833008, 294.301727295, 229.029968262, 307.877349854, 273.771392822, 255.331939697, 252.183334351, 77.6758804321, 385.666015625, 104.784553528, 52.9570808411, -20.2234287262, 82.7327346802], [293.742248535, -60.2894325256, 306.670959473, 186.928375244, 91.5757217407, 187.931060791, 70.8580322266, 77.9396820068, 104.784553528, 282.432922363, 83.5790634155, 18.614233017, 14.5065832138], [-243.572921753, 568.525695801, 282.946777344, 195.672637939, 227.373336792, 56.4873428345, 209.268218994, 100.062080383, 52.9570808411, 83.5790634155, 316.369415283, 33.4135055542, 70.4264144897], [338.25201416, -2.1030960083, 227.449813843, 162.043060303, 123.38772583, 162.370697021, 121.891983032, 27.4716682434, -20.2234287262, 18.614233017, 33.4135055542, 214.864700317, 70.4692764282], [-45.5223045349, 369.55078125, 240.009002686, 212.730987549, 260.776184082, 160.10256958, 179.027664185, 20.7695522308, 82.7327346802, 14.5065832138, 70.4264144897, 70.4692764282, 194.632644653]],
        "icov": [[0.000204288473469, -0.000122833953355, 0.000125891790958, -0.000180859628017, 0.000311034353217, -0.000303970649838, 0.000105318969872, -0.000235840023379, 0.000246622978011, -0.000268468138529, 0.000271872617304, -0.000297063787002, 9.39915844356e-06], [-0.000122833953355, 0.00128032197244, -0.000571989570744, 0.00090039143106, -0.0010559525108, 0.00104568619281, -0.000655494455714, 0.000848185212817, -0.000849081319757, 0.000805865041912, -0.00161513464991, 0.000648174027447, -0.00102079752833], [0.000125891790958, -0.000571989570744, 0.00105422327761, -0.000859513645992, 0.000553151068743, -0.000936166616157, 0.000566334580071, -0.000771170365624, 0.00063298875466, -0.000653788622003, 0.000439461669885, -0.000505368341692, 0.00014885541168], [-0.000180859628017, 0.00090039143106, -0.000859513645992, 0.00236526364461, -0.00142400420737, 0.00110877119005, -0.000835490005556, 0.00117911177222, -0.00133667956106, 0.000222658156417, -0.00112968834583, -2.75725160463e-05, -0.000668294087518], [0.000311034353217, -0.0010559525108, 0.000553151068743, -0.00142400420737, 0.00330333039165, -0.00150834105443, 0.000435928290244, -0.000579558720347, 0.000409528962336, -0.000468840793474, 0.000593197066337, -0.000739043287467, -0.000658512697555], [-0.000303970649838, 0.00104568619281, -0.000936166616157, 0.00110877119005, -0.00150834105443, 0.00404203636572, -0.00198608683422, 0.000655308773275, -0.00141306093428, -0.00050404301146, 0.000121727658552, -0.000295270612696, -0.000959999044426], [0.000105318969872, -0.000655494455714, 0.000566334580071, -0.000835490005556, 0.000435928290244, -0.00198608683422, 0.0031728411559, -0.00103876180947, -0.000123348116176, 0.000604743836448, -0.000570775649976, -0.000583012821153, 0.000151066837134], [-0.000235840023379, 0.000848185212817, -0.000771170365624, 0.00117911177222, -0.000579558720347, 0.000655308773275, -0.00103876180947, 0.00486125936732, -0.00130112329498, 0.000258086598478, -0.00215162616223, 0.000348733214196, -0.000143100347486], [0.000246622978011, -0.000849081319757, 0.00063298875466, -0.00133667956106, 0.000409528962336, -0.00141306093428, -0.000123348116176, -0.00130112329498, 0.00534139899537, -0.00165822985582, 0.00184695620555, 0.0014049221063, -0.000107639752969], [-0.000268468138529, 0.000805865041912, -0.000653788622003, 0.000222658156417, -0.000468840793474, -0.00050404301146, 0.000604743836448, 0.000258086598478, -0.00165822985582, 0.00618523126468, -0.00279229041189, 0.000847660470754, 0.000376271404093], [0.000271872617304, -0.00161513464991, 0.000439461669885, -0.00112968834583, 0.000593197066337, 0.000121727658552, -0.000570775649976, -0.00215162616223, 0.00184695620555, -0.00279229041189, 0.00755597930402, -0.000876000500284, 0.000688894127961], [-0.000297063787002, 0.000648174027447, -0.000505368341692, -2.75725160463e-05, -0.000739043287467, -0.000295270612696, -0.000583012821153, 0.000348733214196, 0.0014049221063, 0.000847660470754, -0.000876000500284, 0.00745443021879, -0.00195707846433], [9.39915844356e-06, -0.00102079752833, 0.00014885541168, -0.000668294087518, -0.000658512697555, -0.000959999044426, 0.000151066837134, -0.000143100347486, -0.000107639752969, 0.000376271404093, 0.000688894127961, -0.00195707846433, 0.00965048186481]]
    },
    "melbands": {
        "dmean": [0.00329571752809, 0.00113372027408, 0.000526785035618, 0.000201451272005, 0.000114506015962, 5.16115433129e-05, 8.23142108857e-05, 0.000180849892786, 0.000196745837457, 0.00013181140821, 8.73350945767e-05, 4.54222754342e-05, 6.30811555311e-05, 4.3857980927e-05, 3.54701369361e-05, 4.34684079664e-05, 5.68177601963e-05, 4.23090314143e-05, 2.69533284154e-05, 2.71028384304e-05, 2.58839318121e-05, 2.51437686529e-05, 2.08114524867e-05, 1.39027297337e-05, 1.72311811184e-05, 1.70674102264e-05, 6.96370079822e-06, 3.59712817044e-06, 3.49432480107e-06, 2.57331589637e-06, 2.92815502689e-06, 3.02951707454e-06, 2.87862462756e-06, 3.12966267302e-06, 2.27540203923e-06, 2.7851044706e-06, 3.40389647135e-06, 3.16765340358e-06, 2.83402118839e-06, 2.47379148277e-06],
        "dmean2": [0.00493361661211, 0.001953074825, 0.000985190854408, 0.000357807235559, 0.000181412789971, 8.86419147719e-05, 0.000131556793349, 0.000263955735136, 0.000287585135084, 0.000198455585632, 0.000127886771224, 6.9680994784e-05, 9.75508301053e-05, 7.30791143724e-05, 5.15968931722e-05, 6.64444160066e-05, 7.90551566752e-05, 6.50461079204e-05, 4.14248206653e-05, 4.08895612054e-05, 3.7251458707e-05, 3.49645088136e-05, 2.95801728498e-05, 1.97967019631e-05, 2.37868298427e-05, 2.51202854997e-05, 1.06882298496e-05, 5.490422609e-06, 5.38765380043e-06, 3.96891800847e-06, 4.70176109957e-06, 4.48757873528e-06, 4.36043001173e-06, 4.88547175337e-06, 3.36169978254e-06, 4.3255286073e-06, 5.09697383677e-06, 4.66565370516e-06, 4.26568203693e-06, 3.72447698282e-06],
        "dvar": [5.4198793805e-05, 2.32077891269e-05, 5.71777400182e-06, 5.63181458801e-07, 4.64004834555e-08, 1.95120133384e-08, 3.17255945959e-08, 1.44258265777e-07, 1.39333536708e-07, 1.13767107734e-07, 6.20635418613e-08, 1.49669396876e-08, 2.60266492802e-08, 1.47002880979e-08, 5.75704151018e-09, 8.82603590213e-09, 1.62279167881e-08, 1.11102016476e-08, 4.16103240752e-09, 6.00364158387e-09, 5.71852831754e-09, 4.41378444904e-09, 3.597506959e-09, 2.06590256013e-09, 1.78044257115e-09, 1.44468359498e-09, 2.07321229628e-10, 9.96820195831e-11, 1.06736113004e-10, 3.39948624806e-11, 6.67088675965e-11, 6.09978595412e-11, 5.44157011118e-11, 5.95758858912e-11, 2.68248808583e-11, 5.31714151875e-11, 1.08062482573e-10, 1.19649332109e-10, 1.20155066452e-10, 9.55140341818e-11],
        "dvar2": [0.000130909087602, 6.05043351243e-05, 1.66017325682e-05, 1.62219441791e-06, 1.08036807944e-07, 5.38370770187e-08, 7.96030761308e-08, 2.97488725209e-07, 2.8963242471e-07, 2.52817272894e-07, 1.30491997652e-07, 3.12937729063e-08, 6.6666643761e-08, 3.97480590664e-08, 1.1592828919e-08, 2.00231120573e-08, 2.96105859832e-08, 2.1925897542e-08, 1.04898374431e-08, 1.35846400795e-08, 1.1171896297e-08, 7.49858042326e-09, 6.95531232608e-09, 3.81922049542e-09, 2.75506084613e-09, 2.95867774724e-09, 5.12298592437e-10, 2.4481264238e-10, 2.54327503502e-10, 7.08583747233e-11, 1.67103830773e-10, 1.18039480967e-10, 1.18798082482e-10, 1.28484611839e-10, 5.16721249122e-11, 1.25530710826e-10, 2.19250950728e-10, 2.68795485869e-10, 2.8001054253e-10, 1.99020896985e-10],
        "max": [0.0787758976221, 0.0479736030102, 0.0211958494037, 0.00705480575562, 0.00192821305245, 0.00120646797586, 0.00199904525653, 0.0054797665216, 0.00995901226997, 0.00862832926214, 0.00585311884061, 0.00271704932675, 0.00275983544998, 0.00130057148635, 0.000999855110422, 0.00168810272589, 0.00214836769737, 0.00184846273623, 0.000874097109772, 0.000809314078651, 0.00119188346434, 0.000925638014451, 0.00115725689102, 0.000882272957824, 0.000625364482403, 0.00064485007897, 0.000177006993908, 9.443507588e-05, 9.68107560766e-05, 7.37135778763e-05, 9.61517871474e-05, 0.00010100450163, 9.79742762865e-05, 8.3532933786e-05, 7.66703597037e-05, 7.60023031035e-05, 0.000165412609931, 0.000207041593967, 0.000183259573532, 0.000181879178854],
        "mean": [0.00991608854383, 0.00151696312241, 0.000386086700018, 0.000198289213586, 0.000216644970351, 5.90560630371e-05, 9.90437329165e-05, 0.000310867035296, 0.0004799378803, 0.00035890788422, 0.000149140818394, 6.4442960138e-05, 8.19746855996e-05, 4.99990819662e-05, 4.56777161162e-05, 5.12839578732e-05, 8.54125173646e-05, 6.26561013632e-05, 3.26427652908e-05, 3.61475795216e-05, 3.75417657779e-05, 3.8625603338e-05, 2.87286438834e-05, 2.09252848435e-05, 2.70576529147e-05, 2.3862306989e-05, 9.49967397901e-06, 4.33750346929e-06, 4.00118096877e-06, 3.5278528685e-06, 3.32402055392e-06, 3.71647956854e-06, 3.48642720382e-06, 4.21517825089e-06, 3.21873903886e-06, 3.41350801136e-06, 4.29978035754e-06, 3.84349868909e-06, 3.3331693885e-06, 2.94972028314e-06],
        "median": [0.00257248361595, 0.000233271348407, 7.87255703472e-05, 3.87440595659e-05, 6.33725940133e-05, 1.17096778922e-05, 1.8759885279e-05, 5.30827928742e-05, 5.29112985532e-05, 3.80841156584e-05, 2.2460020773e-05, 9.12544055609e-06, 1.21584753288e-05, 9.24436608329e-06, 8.83507254912e-06, 9.80968070508e-06, 1.62205651577e-05, 1.678339504e-05, 9.65260824159e-06, 6.93230094839e-06, 8.40416032588e-06, 8.19719025458e-06, 6.81399751556e-06, 4.05160608352e-06, 5.9233329921e-06, 6.84000497131e-06, 2.90660182145e-06, 8.59948954712e-07, 6.32088585917e-07, 8.958345461e-07, 6.04013109751e-07, 4.9456701845e-07, 5.06366859554e-07, 4.69935230285e-07, 4.77025025702e-07, 4.08443185052e-07, 4.29720188322e-07, 4.56485395262e-07, 4.75050654813e-07, 3.59851583198e-07],
