{
"highlevel": {
    "danceability": {
        "all": {
            "danceable": 0.707648575306,
            "not_danceable": 0.292351424694
        },
        "probability": 0.707648575306,
        "value": "danceable"
    },
    "gender": {
        "all": {
            "female": 0.23506963253,
            "male": 0.76493036747
        },
        "probability": 0.76493036747,
        "value": "male"
    },
    "genre_dortmund": {
        "all": {
            "alternative": 0.124772898853,
            "blues": 0.0436258651316,
            "electronic": 0.0703390985727,
            "folkcountry": 0.168912380934,
            "funksoulrnb": 0.00441181380302,
            "jazz": 0.0363850854337,
            "pop": 0.0525349341333,
            "raphiphop": 0.00226208032109,
            "rock": 0.496755838394
        },
        "probability": 0.496755838394,
        "value": "rock"
    },
    "genre_electronic": {
        "all": {
            "ambient": 0.15786242485,
            "dnb": 0.330658107996,
            "house": 0.269398927689,
            "techno": 0.0179613791406,
            "trance": 0.224119186401
        },
        "probability": 0.330658107996,
        "value": "dnb"
    },
    "genre_rosamerica": {
        "all": {
            "cla": 0.00202805991285,
            "dan": 0.0286510307342,
            "hip": 0.0134197985753,
            "jaz": 0.0113888140768,
            "pop": 0.367270350456,
            "rhy": 0.105188034475,
            "roc": 0.470663636923,
            "spe": 0.00139025808312
        },
        "probability": 0.470663636923,
        "value": "roc"
    },
    "genre_tzanetakis": {
        "all": {
            "blu": 0.0626541376114,
            "cla": 0.0348133966327,
            "cou": 0.0783501937985,
            "dis": 0.104547761381,
            "hip": 0.15693578124,
            "jaz": 0.313987255096,
            "met": 0.044816005975,
            "pop": 0.0627349764109,
            "reg": 0.0627352520823,
            "roc": 0.0784252434969
        },
        "probability": 0.313987255096,
        "value": "jaz"
    },
    "ismir04_rhythm": {
        "all": {
            "ChaChaCha": 0.183507367969,
            "Jive": 0.593907177448,
            "Quickstep": 0.010546900332,
            "Rumba-American": 0.0170587282628,
            "Rumba-International": 0.0660696178675,
            "Rumba-Misc": 0.00756857125089,
            "Samba": 0.0465522110462,
            "Tango": 0.00913704186678,
            "VienneseWaltz": 0.0579025223851,
            "Waltz": 0.00774986669421
        },
        "probability": 0.593907177448,
        "value": "Jive"
    },
    "mood_acoustic": {
        "all": {
            "acoustic": 0.169233754277,
            "not_acoustic": 0.830766260624
        },
        "probability": 0.830766260624,
        "value": "not_acoustic"
    },
    "mood_aggressive": {
        "all": {
            "aggressive": 0.222625777125,
            "not_aggressive": 0.777374207973
        },
        "probability": 0.777374207973,
        "value": "not_aggressive"
    },
    "mood_electronic": {
        "all": {
            "electronic": 0.214329242706,
            "not_electronic": 0.785670757294
        },
        "probability": 0.785670757294,
        "value": "not_electronic"
    },
    "mood_happy": {
        "all": {
            "happy": 0.494083464146,
            "not_happy": 0.505916535854
        },
        "probability": 0.505916535854,
        "value": "not_happy"
    },
    "mood_party": {
        "all": {
            "not_party": 0.720332026482,
            "party": 0.279667973518
        },
        "probability": 0.720332026482,
        "value": "not_party"
    },
    "mood_relaxed": {
        "all": {
            "not_relaxed": 0.86610263586,
            "relaxed": 0.13389736414
        },
        "probability": 0.86610263586,
        "value": "not_relaxed"
    },
    "mood_sad": {
        "all": {
            "not_sad": 0.695310533047,
            "sad": 0.304689496756
        },
        "probability": 0.695310533047,
        "value": "not_sad"
    },
    "moods_mirex": {
        "all": {
            "Cluster1": 0.321723401546,
            "Cluster2": 0.37567538023,
            "Cluster3": 0.120479308069,
            "Cluster4": 0.0752689689398,
            "Cluster5": 0.106852948666
        },
        "probability": 0.37567538023,
        "value": "Cluster2"
    },
    "timbre": {
        "all": {
            "bright": 0.986493170261,
            "dark": 0.0135068390518
        },
        "probability": 0.986493170261,
        "value": "bright"
    },
    "tonal_atonal": {
        "all": {
            "atonal": 0.000131291017169,
            "tonal": 0.999868690968
        },
        "probability": 0.999868690968,
        "value": "tonal"
    },
    "voice_instrumental": {
        "all": {
            "instrumental": 0.109065391123,
            "voice": 0.890934586525
        },
        "probability": 0.890934586525,
        "value": "voice"
    }
},
"lowlevel": {
    "average_loudness": 0.981043934822,
    "barkbands_crest": {
        "dmean": 2.75395584106,
        "dmean2": 4.44745779037,
        "dvar": 7.82428359985,
        "dvar2": 18.9911231995,
        "max": 24.4415168762,
        "mean": 9.956615448,
        "median": 9.05698490143,
        "min": 2.99260377884,
        "var": 14.0021181107
    },
    "barkbands_flatness_db": {
        "dmean": 0.0209086984396,
        "dmean2": 0.0323794782162,
        "dvar": 0.000393338530557,
        "dvar2": 0.000972829875536,
        "max": 0.25805580616,
        "mean": 0.14426548779,
        "median": 0.140251412988,
        "min": 0.064466252923,
        "var": 0.0011540640844
    },
    "barkbands_kurtosis": {
        "dmean": 3.63531017303,
        "dmean2": 5.64481973648,
        "dvar": 23.7927894592,
        "dvar2": 55.0734901428,
        "max": 53.7487030029,
        "mean": 5.82714939117,
        "median": 4.16060113907,
        "min": -1.83512330055,
        "var": 45.6888046265
    },
    "barkbands_skewness": {
        "dmean": 0.595992743969,
        "dmean2": 0.897248446941,
        "dvar": 0.374347984791,
        "dvar2": 0.843963801861,
        "max": 6.16130208969,
        "mean": 2.11724376678,
        "median": 2.05735135078,
        "min": -0.547711551189,
        "var": 1.04852199554
    },
    "barkbands_spread": {
        "dmean": 7.2724237442,
        "dmean2": 10.8372831345,
        "dvar": 73.1058883667,
        "dvar2": 151.204818726,
        "max": 87.9297409058,
        "mean": 24.6685600281,
        "median": 20.1456394196,
        "min": 2.44554948807,
        "var": 247.229675293
    },
    "dissonance": {
        "dmean": 0.0165657177567,
        "dmean2": 0.0272253733128,
        "dvar": 0.000243178903474,
        "dvar2": 0.000631454051472,
        "max": 0.500000119209,
        "mean": 0.466883212328,
        "median": 0.472793340683,
        "min": 0.366223305464,
        "var": 0.000526380317751
    },
    "dynamic_complexity": 1.76206624508,
    "erbbands_crest": {
        "dmean": 2.63291740417,
        "dmean2": 4.19612407684,
        "dvar": 6.2909617424,
        "dvar2": 15.194316864,
        "max": 23.8193321228,
        "mean": 8.45886898041,
        "median": 7.42698669434,
        "min": 2.36799502373,
        "var": 16.2531337738
    },
    "erbbands_flatness_db": {
        "dmean": 0.014739997685,
        "dmean2": 0.0219145547599,
        "dvar": 0.000220672955038,
        "dvar2": 0.000429136183811,
        "max": 0.218131631613,
        "mean": 0.12892010808,
        "median": 0.12911196053,
        "min": 0.0577200241387,
        "var": 0.000835626327898
    },
    "erbbands_kurtosis": {
        "dmean": 0.681015074253,
        "dmean2": 1.07644414902,
        "dvar": 0.697537183762,
        "dvar2": 1.57231485844,
        "max": 7.54760169983,
        "mean": -0.332846343517,
        "median": -0.696999788284,
        "min": -1.76578295231,
        "var": 1.46581566334
    },
    "erbbands_skewness": {
        "dmean": 0.351113915443,
        "dmean2": 0.519795715809,
        "dvar": 0.114247463644,
        "dvar2": 0.240026593208,
        "max": 2.66536474228,
        "mean": 0.312602847815,
        "median": 0.351241350174,
        "min": -2.03510069847,
        "var": 0.465365171432
    },
    "erbbands_spread": {
        "dmean": 10.613779068,
        "dmean2": 16.1563816071,
        "dvar": 109.500022888,
        "dvar2": 243.907394409,
        "max": 136.761245728,
        "mean": 57.7012138367,
        "median": 56.3424720764,
        "min": 14.8110342026,
        "var": 392.248840332
    },
    "hfc": {
        "dmean": 7.5280714035,
        "dmean2": 11.0861711502,
        "dvar": 106.514259338,
        "dvar2": 228.250579834,
        "max": 135.453933716,
        "mean": 24.1797065735,
        "median": 20.8960151672,
        "min": 2.81168198586,
        "var": 271.912811279
    },
    "melbands_crest": {
        "dmean": 3.14954257011,
        "dmean2": 5.17995929718,
        "dvar": 10.2539377213,
        "dvar2": 27.8817043304,
        "max": 30.7331447601,
        "mean": 14.399064064,
        "median": 13.7032823563,
        "min": 6.05022144318,
        "var": 19.131477356
    },
    "melbands_flatness_db": {
        "dmean": 0.025867594406,
        "dmean2": 0.0386179946363,
        "dvar": 0.000646270986181,
        "dvar2": 0.00149359297939,
        "max": 0.341310620308,
        "mean": 0.19930383563,
        "median": 0.19532494247,
        "min": 0.065869115293,
        "var": 0.00213436642662
    },
    "melbands_kurtosis": {
        "dmean": 10.2037477493,
        "dmean2": 15.8435792923,
        "dvar": 208.181167603,
        "dvar2": 484.212921143,
        "max": 183.147384644,
        "mean": 22.4140758514,
        "median": 18.2046337128,
        "min": -0.0863919258118,
        "var": 351.864898682
    },
    "melbands_skewness": {
        "dmean": 0.851824045181,
        "dmean2": 1.28412234783,
        "dvar": 0.845434904099,
        "dvar2": 1.85174012184,
        "max": 11.9640254974,
        "mean": 3.76171994209,
        "median": 3.70444011688,
        "min": 0.426827728748,
        "var": 2.2828578949
    },
    "melbands_spread": {
        "dmean": 6.46878576279,
        "dmean2": 9.5548248291,
        "dvar": 64.7986068726,
        "dvar2": 142.735397339,
        "max": 121.738204956,
        "mean": 19.0363140106,
        "median": 14.923078537,
        "min": 2.09009933472,
        "var": 183.957122803
    },
    "pitch_salience": {
        "dmean": 0.0764432325959,
        "dmean2": 0.123912036419,
        "dvar": 0.00524917896837,
        "dvar2": 0.0142810102552,
        "max": 0.838370740414,
        "mean": 0.552621662617,
        "median": 0.554849684238,
        "min": 0.170334547758,
        "var": 0.00984712317586
    },
    "silence_rate_20dB": {
        "dmean": 0,
        "dmean2": 0,
        "dvar": 0,
        "dvar2": 0,
        "max": 1,
        "mean": 1,
        "median": 1,
        "min": 1,
        "var": 0
    },
    "silence_rate_30dB": {
        "dmean": 0.0201238393784,
        "dmean2": 0.0402788519859,
        "dvar": 0.0197186470032,
        "dvar2": 0.0556974709034,
        "max": 1,
        "mean": 0.988399088383,
        "median": 1,
        "min": 0,
        "var": 0.0114662554115
    },
    "silence_rate_60dB": {
        "dmean": 0,
        "dmean2": 0,
        "dvar": 0,
        "dvar2": 0,
        "max": 0,
        "mean": 0,
        "median": 0,
        "min": 0,
        "var": 0
    },
    "spectral_centroid": {
        "dmean": 291.93951416,
        "dmean2": 428.909698486,
        "dvar": 88032.1484375,
        "dvar2": 181901.5625,
        "max": 3943.54785156,
        "mean": 1303.2076416,
        "median": 1150.11804199,
        "min": 303.758056641,
        "var": 386077
    },
    "spectral_complexity": {
        "dmean": 3.89705872536,
        "dmean2": 6.19597196579,
        "dvar": 18.4081115723,
        "dvar2": 42.2846717834,
        "max": 43,
        "mean": 18.1964416504,
        "median": 17,
        "min": 6,
        "var": 45.4386024475
    },
    "spectral_decrease": {
        "dmean": 3.5778422447e-09,
        "dmean2": 5.47236789217e-09,
        "dvar": 2.8677352603e-17,
        "dvar2": 6.50843440709e-17,
        "max": -1.43195244551e-09,
        "mean": -8.98749252798e-09,
        "median": -7.47988604388e-09,
        "min": -4.19978611887e-08,
        "var": 3.68931486749e-17
    },
    "spectral_energy": {
        "dmean": 0.0139238489792,
        "dmean2": 0.0211812946945,
        "dvar": 0.000423510326073,
        "dvar2": 0.000961681012996,
        "max": 0.161327809095,
        "mean": 0.0361140742898,
        "median": 0.030359365046,
        "min": 0.00568760139868,
        "var": 0.000556811923161
    },
    "spectral_energyband_high": {
        "dmean": 0.000686805055011,
        "dmean2": 0.00104114820715,
        "dvar": 1.29310490138e-06,
        "dvar2": 2.82195151158e-06,
        "max": 0.0216959509999,
        "mean": 0.00162702205125,
        "median": 0.00101934920531,
        "min": 2.41262350755e-05,
        "var": 3.1768554436e-06
    },
    "spectral_energyband_low": {
        "dmean": 0.00808135699481,
        "dmean2": 0.012864889577,
        "dvar": 0.000287820992526,
        "dvar2": 0.000655348005239,
        "max": 0.152680695057,
        "mean": 0.0152280814946,
        "median": 0.0107161290944,
        "min": 0.000429131090641,
        "var": 0.0003145817318
    },
    "spectral_energyband_middle_high": {
        "dmean": 0.0015906492481,
        "dmean2": 0.00235243490897,
        "dvar": 5.22781874679e-06,
        "dvar2": 1.14525228128e-05,
        "max": 0.0210729595274,
        "mean": 0.00376250431873,
        "median": 0.00225834455341,
        "min": 0.000427968450822,
        "var": 1.33681060106e-05
    },
    "spectral_energyband_middle_low": {
        "dmean": 0.00837485771626,
        "dmean2": 0.0129794543609,
        "dvar": 0.000187443787581,
        "dvar2": 0.000447160593467,
        "max": 0.117508150637,
        "mean": 0.0184525586665,
        "median": 0.0139408754185,
        "min": 0.00249577709474,
        "var": 0.000224967458053
    },
    "spectral_entropy": {
        "dmean": 0.150538802147,
        "dmean2": 0.228492811322,
        "dvar": 0.0224871821702,
        "dvar2": 0.0492888912559,
        "max": 8.51434803009,
        "mean": 7.6715798378,
        "median": 7.67235183716,
        "min": 6.6835026741,
        "var": 0.0836743935943
    },
    "spectral_flux": {
        "dmean": 0.0344112031162,
        "dmean2": 0.0527312792838,
        "dvar": 0.00167947588488,
        "dvar2": 0.00355922337621,
        "max": 0.342424541712,
        "mean": 0.099543645978,
        "median": 0.0852699950337,
        "min": 0.023117179051,
        "var": 0.00319515517913
    },
    "spectral_kurtosis": {
        "dmean": 0.930010557175,
        "dmean2": 1.52632164955,
        "dvar": 0.906491756439,
        "dvar2": 2.32584524155,
        "max": 13.4734096527,
        "mean": 2.34007239342,
        "median": 2.03789806366,
        "min": -0.506912469864,
        "var": 2.33506178856
    },
    "spectral_rms": {
        "dmean": 0.00102078553755,
        "dmean2": 0.00151347625069,
        "dvar": 1.62381411428e-06,
        "dvar2": 3.51697622136e-06,
        "max": 0.0125456359237,
        "mean": 0.00569581473246,
        "median": 0.00544232409447,
        "min": 0.00235560606234,
        "var": 2.79091887023e-06
    },
    "spectral_rolloff": {
        "dmean": 617.480895996,
        "dmean2": 1027.55688477,
        "dvar": 1204923.875,
        "dvar2": 2698446,
        "max": 9646.875,
        "mean": 1296.88684082,
        "median": 667.529296875,
        "min": 86.1328125,
        "var": 2416083.5
    },
    "spectral_skewness": {
        "dmean": 0.180912330747,
        "dmean2": 0.28419303894,
        "dvar": 0.0278449580073,
        "dvar2": 0.0620197281241,
        "max": 2.54158329964,
        "mean": 1.16135036945,
        "median": 1.13766217232,
        "min": 0.30938693881,
        "var": 0.124830752611
    },
    "spectral_spread": {
        "dmean": 510468.34375,
        "dmean2": 733775.625,
        "dvar": 382441259008,
        "dvar2": 732656566272,
        "max": 10761899,
        "mean": 5180164.5,
        "median": 5005065.5,
        "min": 2538405.75,
        "var": 1.39510454682e+12
    },
    "spectral_strongpeak": {
        "dmean": 0.459208726883,
        "dmean2": 0.770961582661,
        "dvar": 0.48026701808,
        "dvar2": 1.12982988358,
        "max": 9.7316493988,
        "mean": 0.856598615646,
        "median": 0.570231556892,
        "min": 0.0553110390902,
        "var": 0.710878968239
    },
    "zerocrossingrate": {
        "dmean": 0.0115573750809,
        "dmean2": 0.0139876883477,
        "dvar": 0.000151637083036,
        "dvar2": 0.000203667703317,
        "max": 0.2080078125,
        "mean": 0.0602870620787,
        "median": 0.0537109375,
        "min": 0.01123046875,
        "var": 0.000928354274947
    },
    "barkbands": {
        "dmean": [0.000174517481355, 0.00559682771564, 0.00264477333985, 0.00315228826366, 0.00341405696236, 0.00280968425795, 0.000616409175564, 0.000829000666272, 0.000904999033082, 0.000440170697402, 0.000423305114964, 0.000221928479732, 0.000286552443868, 0.000126939994516, 0.000188922364032, 0.000241572706727, 0.000211377890082, 0.000200289665372, 0.000169437131262, 0.000225660041906, 0.000230673016631, 0.000205861782888, 0.000156491412781, 0.00012063072063, 6.19586135144e-05, 2.61675122601e-05, 2.4051201919e-08],
        "dmean2": [0.000297414051602, 0.00893539749086, 0.00457264622673, 0.00530776986852, 0.00557383429259, 0.00444322591648, 0.000988193205558, 0.00124129513279, 0.00133639399428, 0.000685355567839, 0.000646720116492, 0.000382931524655, 0.00044346723007, 0.000200596245122, 0.000306488480419, 0.000372806563973, 0.000330095062964, 0.000316589954309, 0.000262135028606, 0.000370122259483, 0.000374655879568, 0.000312315794872, 0.000245420698775, 0.000186956851394, 9.58015225478e-05, 4.20998912887e-05, 4.25019983652e-08],
        "dvar": [9.72605960214e-08, 0.000235932559008, 2.2264839572e-05, 5.12473015988e-05, 4.88973746542e-05, 3.5084420233e-05, 2.42871124101e-06, 4.94569076182e-06, 4.40472103946e-06, 1.25697215481e-06, 1.22340793496e-06, 8.57395718867e-07, 6.71858629175e-07, 9.17599933814e-08, 2.86542814365e-07, 6.05899401762e-07, 1.77213010488e-07, 1.40191460218e-07, 7.14204659857e-08, 1.59113383802e-07, 2.31589723398e-07, 1.32199858172e-07, 6.58979431023e-08, 7.07512128884e-08, 1.93638598489e-08, 3.24061977253e-09, 1.14044346612e-14],
        "dvar2": [2.67980112767e-07, 0.000547502422705, 6.26755572739e-05, 0.000134357411298, 0.000122070807265, 8.32978039398e-05, 5.81559197599e-06, 1.08016765807e-05, 8.60114596435e-06, 2.55405234384e-06, 3.03240403809e-06, 2.43840577241e-06, 1.49164418417e-06, 1.98663329343e-07, 7.05233105691e-07, 1.38389043514e-06, 3.74377890466e-07, 3.39548449801e-07, 1.59291175805e-07, 3.89739113871e-07, 5.57481314445e-07, 2.61764910192e-07, 1.4273433635e-07, 1.33737955821e-07, 3.83943259408e-08, 7.98101673638e-09, 2.77852895314e-14],
        "max": [0.00387001340277, 0.142910599709, 0.046790137887, 0.0846076235175, 0.0568129308522, 0.0604963488877, 0.0209133606404, 0.0391323044896, 0.0313274785876, 0.0193623006344, 0.0155066363513, 0.0167836938053, 0.0132754473016, 0.0046182856895, 0.00771630648524, 0.0131403841078, 0.00763223180547, 0.00656702090055, 0.0042721121572, 0.00419966690242, 0.00941689126194, 0.0054423478432, 0.00432582898065, 0.00376854161732, 0.00180698011536, 0.000690075743478, 1.64390382906e-06],
        "mean": [0.000236042731558, 0.00731844129041, 0.00489434087649, 0.00513282883912, 0.00508846715093, 0.00433325069025, 0.000795459141955, 0.0012054303661, 0.00153744302224, 0.000742092903238, 0.000584280991461, 0.000229085679166, 0.000416344526457, 0.000168401180417, 0.000268251664238, 0.000350461923517, 0.000354794203304, 0.000324595312122, 0.000315776036587, 0.0003892518871, 0.000427951541496, 0.00037102799979, 0.000274119724054, 0.000215756430407, 0.000103263366327, 3.68986002286e-05, 1.68203193596e-08],
        "median": [0.000142980919918, 0.00345672457479, 0.00383136281744, 0.0035025679972, 0.00247031473555, 0.0010530553991, 0.000270107935648, 0.000341086735716, 0.000640510406811, 0.000305267632939, 0.000169852632098, 8.65144029376e-05, 8.24901726446e-05, 7.65409859014e-05, 0.000104170634586, 0.000138752613566, 0.000160160678206, 0.000168757003848, 0.000184005388292, 0.000210978279938, 0.00020650724764, 0.000192818319192, 0.000151133906911, 7.80249829404e-05, 4.54232176708e-05, 1.80274510058e-05, 7.21681103766e-10],
        "min": [4.15257481734e-08, 3.07408045046e-05, 2.20959918806e-05, 2.65161525022e-05, 0.000100217599538, 4.20341384597e-05, 9.08617130335e-06, 9.13204530661e-06, 4.32799643022e-05, 6.46035368845e-06, 9.35859861784e-06, 2.94906203635e-06, 8.77723323356e-06, 7.26954567654e-06, 8.15462499304e-06, 1.84576874744e-05, 1.01391196949e-05, 1.16170076581e-05, 1.39270587169e-05, 1.09036936919e-05, 1.0609119272e-05, 1.79717403626e-06, 1.29046236452e-06, 7.98282599135e-07, 3.78227657527e-11, 5.53302325831e-12, 7.28042886394e-12],
        "var": [1.05252937033e-07, 0.000226957621635, 2.27983091463e-05, 4.56939196738e-05, 5.5906806665e-05, 5.33087040822e-05, 3.59869227395e-06, 8.19794331619e-06, 8.2216656665e-06, 2.74232115771e-06, 1.67941266227e-06, 5.51424193418e-07, 1.51536698922e-06, 1.2239007674e-07, 4.36385391822e-07, 8.683281294e-07, 4.0565291215e-07, 2.07480397307e-07, 1.38949843631e-07, 2.60230365257e-07, 4.91425112159e-07, 2.88000990167e-07, 1.31885528276e-07, 1.63552712706e-07, 3.87265330914e-08, 4.10200895473e-09, 7.93731112059e-15]
    },
    "erbbands": {
        "dmean": [0.131624832749, 1.39120733738, 2.82643842697, 6.98370456696, 9.28984069824, 12.7718095779, 24.1590881348, 20.9687747955, 8.56248950958, 15.9446716309, 13.8014373779, 22.3259468079, 17.1598739624, 11.5455150604, 16.9946193695, 8.77540302277, 13.2871770859, 6.91797399521, 9.23182964325, 10.189081192, 11.7661380768, 9.23497867584, 11.2981510162, 7.20312738419, 9.6361284256, 11.1416149139, 9.5724773407, 8.86524391174, 7.32920742035, 5.6104927063, 4.30485391617, 3.10573387146, 1.83274161816, 0.940383195877, 0.34297016263, 0.149838119745, 0.0477308928967, 0.00364420888945, 7.09813029971e-05, 1.73796470335e-05],
        "dmean2": [0.205712705851, 2.28227925301, 4.83263444901, 11.8033876419, 15.5272979736, 20.6722793579, 38.6463928223, 32.4327468872, 14.0565805435, 24.1958446503, 20.73412323, 33.2170829773, 26.2687511444, 17.5841121674, 26.257019043, 14.5439901352, 20.5886993408, 10.5050058365, 14.769575119, 16.1101074219, 18.3066749573, 14.2638673782, 17.66639328, 11.1082992554, 15.0843610764, 18.2595901489, 15.3861751556, 13.4234800339, 11.0663328171, 8.51518917084, 6.7671289444, 4.81038141251, 2.79072523117, 1.4487683773, 0.525700509548, 0.239505976439, 0.0772396996617, 0.00604609772563, 0.000114164446131, 2.58845284407e-05],
        "dvar": [0.107251510024, 15.3686494827, 33.1967468262, 168.082061768, 500.57019043, 687.791870117, 2459.31030273, 2272.95141602, 468.637908936, 2015.86450195, 1499.06481934, 3094.07202148, 1916.56176758, 754.229614258, 2253.21801758, 789.044067383, 1599.93029785, 233.223098755, 783.57989502, 724.871643066, 1576.73986816, 263.706329346, 418.249359131, 122.126182556, 252.311416626, 404.942169189, 438.48248291, 329.739807129, 178.346984863, 72.5843582153, 60.0091323853, 40.0384178162, 18.7017192841, 4.54786300659, 0.636224389076, 0.115486606956, 0.0105718802661, 4.84993579448e-05, 1.67291798192e-08, 5.73867509068e-10],
        "dvar2": [0.222687616944, 37.1084289551, 91.863861084, 438.286010742, 1283.10290527, 1696.33312988, 5906.65820312, 5280.21142578, 1257.38354492, 4565.3125, 3461.24853516, 6245.35351562, 3938.6003418, 1535.44128418, 5354.31738281, 2140.24829102, 3656.83618164, 495.415863037, 1957.30456543, 1776.77209473, 3627.52441406, 575.997558594, 955.937133789, 282.450836182, 566.872436523, 963.839538574, 1020.48565674, 753.986633301, 364.70614624, 154.558334351, 133.244369507, 80.7479629517, 35.4755058289, 8.47964000702, 1.44809663296, 0.277534097433, 0.0270094014704, 0.000125047226902, 4.16990104668e-08, 1.27812327388e-09],
        "max": [3.32158780098, 34.8857574463, 62.4542770386, 132.545806885, 245.052658081, 247.81854248, 586.556640625, 620.311157227, 319.635314941, 646.460266113, 776.625, 856.763061523, 763.830932617, 578.145874023, 707.48059082, 358.082244873, 743.866455078, 254.395233154, 457.54888916, 517.967956543, 820.604370117, 268.17388916, 331.518890381, 132.310455322, 228.264511108, 205.99836731, 423.409118652, 308.826507568, 200.854400635, 80.5584106445, 165.827056885, 77.6972351074, 62.2558059692, 29.882610321, 12.0228061676, 5.01022529602, 1.2976180315, 0.110601074994, 0.00191419105977, 0.000196767025045],
        "mean": [0.182728454471, 1.74672007561, 4.97688627243, 13.1042556763, 14.0989542007, 17.4411964417, 36.2837486267, 30.7519512177, 11.3129491806, 23.3969078064, 21.0903701782, 38.2980995178, 28.6842670441, 19.6637821198, 23.6076869965, 11.2777166367, 19.2169933319, 10.2986745834, 12.5659103394, 15.7190189362, 19.6224994659, 17.7729587555, 19.4928741455, 14.6392507553, 17.7501487732, 19.4537220001, 17.4052143097, 16.1658439636, 13.7399892807, 9.95880889893, 7.53139352798, 5.40089178085, 3.11056518555, 1.58213984966, 0.513174772263, 0.202504053712, 0.0654372647405, 0.00457727443427, 0.000116660186904, 4.97129294672e-05],
        "median": [0.085935793817, 0.845920503139, 3.52871155739, 10.2279977798, 9.07486248016, 7.48306798935, 10.94972229, 7.89005899429, 5.07424688339, 6.52223682404, 8.90727996826, 16.7303638458, 12.7568531036, 7.80974006653, 7.36131668091, 4.28929328918, 4.16359758377, 3.99820518494, 5.30546426773, 6.26363611221, 7.80474853516, 8.99980831146, 9.86524200439, 8.78909301758, 10.0475101471, 10.0411510468, 9.1066532135, 7.48552274704, 6.71973657608, 5.58294200897, 4.03684234619, 2.11015534401, 1.16820371151, 0.638586997986, 0.220684424043, 0.0900178179145, 0.0305609665811, 0.00220044935122, 7.19001036487e-05, 4.33775894635e-05],
        "min": [0.000540778273717, 0.00435516238213, 0.0944049805403, 0.214408069849, 0.426192760468, 0.413226574659, 0.389725923538, 0.384792596102, 0.191528603435, 0.462866395712, 0.765593111515, 1.06963682175, 1.16047775745, 0.656375944614, 0.618139266968, 0.251061171293, 0.475178748369, 0.414285600185, 0.829325973988, 0.829395592213, 1.21035468578, 0.96837580204, 0.769074261189, 0.768935203552, 0.868647038937, 0.565375328064, 0.441377311945, 0.353876143694, 0.0851845294237, 0.0547877214849, 0.0299207903445, 0.0147024597973, 0.00548479286954, 0.00184758962132, 0.000164409997524, 2.07380817301e-05, 7.06973560227e-06, 1.11256247237e-06, 4.03933518101e-06, 6.64852132104e-06],
        "var": [0.126239910722, 13.508562088, 30.209405899, 159.048675537, 433.230041504, 871.146850586, 3479.97949219, 3414.2277832, 569.232421875, 3310.38525391, 1900.28112793, 5231.32714844, 3931.19604492, 2021.32775879, 2800.69921875, 663.409240723, 3359.1081543, 405.618865967, 899.214355469, 1229.80175781, 2763.95874023, 740.601318359, 721.750793457, 274.809082031, 456.854980469, 717.502563477, 821.939208984, 753.570739746, 421.267822266, 150.650054932, 114.204139709, 93.3820114136, 38.5327339172, 9.70867443085, 1.09827649593, 0.155244320631, 0.0122780483216, 5.22971458849e-05, 2.13993178733e-08, 8.93727036821e-10]
    },
    "gfcc": {
        "mean": [31.5967502594, 89.2374420166, -101.906166077, 55.4737701416, -66.9933319092, 16.5772743225, -35.2727203369, 12.1008462906, -26.0208187103, -3.32361221313, -22.7538585663, -1.44139683247, -9.46390533447],
        "cov": [[1348.87756348, -698.765197754, 70.7584686279, 49.8343276978, -173.66229248, 37.8085212708, -80.8321838379, 3.71066570282, -75.1665267944, 127.135162354, -16.960773468, 169.660797119, -119.853561401], [-698.765197754, 744.13885498, -203.469894409, -79.2053833008, 108.902137756, -85.0574874878, 113.329162598, -63.2365570068, 89.2075424194, -108.479957581, 76.8670578003, -91.9854812622, 76.0043792725], [70.7584686279, -203.469894409, 362.607910156, -25.0621948242, 20.7158851624, 29.3378486633, -64.2622299194, 75.4271774292, -67.6473083496, 63.157585144, -56.2274093628, 31.9393806458, -16.3434619904], [49.8343276978, -79.2053833008, -25.0621948242, 260.340179443, -14.4819612503, 3.69050931931, -9.60695648193, -18.3187236786, 59.5942153931, -18.4893875122, 26.5356769562, -30.2716331482, 74.0523986816], [-173.66229248, 108.902137756, 20.7158851624, -14.4819612503, 173.054840088, 2.49264764786, 25.790561676, 19.3004932404, 9.11426067352, 15.8408308029, -33.8801879883, -11.4682750702, -4.24240064621], [37.8085212708, -85.0574874878, 29.3378486633, 3.69050931931, 2.49264764786, 158.061157227, 67.0894775391, 38.3013000488, -17.7189350128, -0.595912754536, 21.2697696686, -20.5029582977, -33.2504425049], [-80.8321838379, 113.329162598, -64.2622299194, -9.60695648193, 25.790561676, 67.0894775391, 193.243087769, 22.4624977112, -4.96356391907, -8.48703289032, 25.4077949524, -9.01045417786, -38.0367088318], [3.71066570282, -63.2365570068, 75.4271774292, -18.3187236786, 19.3004932404, 38.3013000488, 22.4624977112, 109.848007202, 1.50112438202, 21.0012378693, -19.479095459, -19.7667427063, -16.9904384613], [-75.1665267944, 89.2075424194, -67.6473083496, 59.5942153931, 9.11426067352, -17.7189350128, -4.96356391907, 1.50112438202, 109.169311523, -17.7013397217, 16.1974658966, -32.3637886047, 30.0782546997], [127.135162354, -108.479957581, 63.157585144, -18.4893875122, 15.8408308029, -0.595912754536, -8.48703289032, 21.0012378693, -17.7013397217, 97.3138809204, -16.3375740051, 27.3129138947, -23.8600578308], [-16.960773468, 76.8670578003, -56.2274093628, 26.5356769562, -33.8801879883, 21.2697696686, 25.4077949524, -19.479095459, 16.1974658966, -16.3375740051, 93.7073516846, 0.56021296978, 21.1326560974], [169.660797119, -91.9854812622, 31.9393806458, -30.2716331482, -11.4682750702, -20.5029582977, -9.01045417786, -19.7667427063, -32.3637886047, 27.3129138947, 0.56021296978, 114.447853088, -8.15197563171], [-119.853561401, 76.0043792725, -16.3434619904, 74.0523986816, -4.24240064621, -33.2504425049, -38.0367088318, -16.9904384613, 30.0782546997, -23.8600578308, 21.1326560974, -8.15197563171, 114.455505371]],
        "icov": [[0.00202176836319, 0.00155678961892, 0.000599809980486, -0.000347555032931, 0.000797037908342, 0.000327392859617, 0.00015464972239, 5.13085797138e-05, -0.000241714093136, -0.000833657803014, -0.000698295421898, -0.00160608580336, 0.00148178357631], [0.00155678961892, 0.00877546705306, -0.000363726721844, 0.00580232264474, -0.00438870303333, 0.00604290515184, -0.00597474211827, 0.00440378161147, -0.00419970555231, 0.00405351631343, -0.00685508456081, 0.00489544123411, -0.00417912378907], [0.000599809980486, -0.000363726721844, 0.00518880598247, -0.0013186262222, 0.000375925155822, -0.0016564236721, 0.00284060277045, -0.0036822957918, 0.00306370831095, -0.00219180365093, 0.00182823231444, -0.00222399574704, 0.000635820091702], [-0.000347555032931, 0.00580232264474, -0.0013186262222, 0.0104093719274, -0.00350895035081, 0.00353301665746, -0.00541549688205, 0.00495322560892, -0.00572641100734, 0.0033433183562, -0.00484290532768, 0.0060627842322, -0.00778040662408], [0.000797037908342, -0.00438870303333, 0.000375925155822, -0.00350895035081, 0.0104754213244, -0.00378903839737, 0.00241635879502, -0.00261420337483, 0.00117993028834, -0.00458921957761, 0.0067617688328, -0.00402472354472, 0.00297349877656], [0.000327392859617, 0.00604290515184, -0.0016564236721, 0.00353301665746, -0.00378903839737, 0.0139619102702, -0.00700129615143, 0.00108503864612, -0.00137990154326, 0.00429592328146, -0.00807124469429, 0.00606020074338, -0.00126231217291], [0.00015464972239, -0.00597474211827, 0.00284060277045, -0.00541549688205, 0.00241635879502, -0.00700129615143, 0.0127999354154, -0.00579828675836, 0.00450110109523, -0.00320817669854, 0.00315290712751, -0.00576612912118, 0.0066430834122], [5.13085797138e-05, 0.00440378161147, -0.0036822957918, 0.00495322560892, -0.00261420337483, 0.00108503864612, -0.00579828675836, 0.0164843723178, -0.00549665465951, 0.000678085605614, -0.00157653761562, 0.00616307882592, -0.00354682584293], [-0.000241714093136, -0.00419970555231, 0.00306370831095, -0.00572641100734, 0.00117993028834, -0.00137990154326, 0.00450110109523, -0.00549665465951, 0.0159890912473, -0.00212404644117, 0.00166263233405, -0.000949366949499, 0.00198166794144], [-0.000833657803014, 0.00405351631343, -0.00219180365093, 0.0033433183562, -0.00458921957761, 0.00429592328146, -0.00320817669854, 0.000678085605614, -0.00212404644117, 0.0165473427624, -0.00387158431113, 0.00155533733778, -0.00109505967703], [-0.000698295421898, -0.00685508456081, 0.00182823231444, -0.00484290532768, 0.0067617688328, -0.00807124469429, 0.00315290712751, -0.00157653761562, 0.00166263233405, -0.00387158431113, 0.0206987801939, -0.00573246227577, 0.00046086977818], [-0.00160608580336, 0.00489544123411, -0.00222399574704, 0.0060627842322, -0.00402472354472, 0.00606020074338, -0.00576612912118, 0.00616307882592, -0.000949366949499, 0.00155533733778, -0.00573246227577, 0.0175540689379, -0.00568041391671], [0.00148178357631, -0.00417912378907, 0.000635820091702, -0.00778040662408, 0.00297349877656, -0.00126231217291, 0.0066430834122, -0.00354682584293, 0.00198166794144, -0.00109505967703, 0.00046086977818, -0.00568041391671, 0.0183744765818]]
    },
    "melbands": {
        "dmean": [0.0014032201143, 0.00157485238742, 0.00126146723051, 0.000686083978508, 0.000795135623775, 0.000472707091831, 0.000126548067783, 0.000182105664862, 0.000115118622489, 0.000139808340464, 8.37760380819e-05, 4.64815275336e-05, 6.15214594291e-05, 2.9009885111e-05, 2.55210870819e-05, 2.7625965231e-05, 1.19326559798e-05, 1.49514789882e-05, 1.23342560983e-05, 1.67278376466e-05, 1.50244331962e-05, 9.77159106696e-06, 1.3434118955e-05, 9.99546045932e-06, 5.8058990362e-06, 7.34249897505e-06, 7.62939725973e-06, 7.89582645666e-06, 6.45466570859e-06, 5.96671543462e-06, 5.6031344684e-06, 4.64456388727e-06, 3.68602218259e-06, 3.14621524922e-06, 2.62259095507e-06, 2.54161182056e-06, 1.83694669431e-06, 1.44577791161e-06, 1.1109341358e-06, 7.41024223316e-07],
        "dmean2": [0.00220703240484, 0.00262038083747, 0.0021217353642, 0.00112065649591, 0.00126698473468, 0.000730380183086, 0.000207742472412, 0.000273423269391, 0.00017412941088, 0.000208141907933, 0.000127760955365, 7.07564759068e-05, 9.35377829592e-05, 4.85630407638e-05, 4.12293957197e-05, 4.19952812081e-05, 1.86381548701e-05, 2.43056801992e-05, 1.97373719857e-05, 2.64957816398e-05, 2.33614628087e-05, 1.54039025801e-05, 2.11475835385e-05, 1.57977247e-05, 9.13617714104e-06, 1.14465283332e-05, 1.25381066027e-05, 1.28954843603e-05, 1.01971154436e-05, 9.93775483948e-06, 8.45179056341e-06, 7.1106296673e-06, 5.65723030377e-06, 4.85904911329e-06, 4.17036972067e-06, 3.97350549974e-06, 2.89123067887e-06, 2.22994049182e-06, 1.69892985014e-06, 1.15969135095e-06],
        "dvar": [1.41687623909e-05, 1.31117103592e-05, 6.56087286188e-06, 2.23390725296e-06, 2.36313803725e-06, 1.07010441752e-06, 1.00661800673e-07, 2.57645098145e-07, 1.0197791056e-07, 1.25002472373e-07, 4.60567193272e-08, 1.32532456121e-08, 2.62019170805e-08, 1.3479168004e-08, 4.03454469833e-09, 7.89156473502e-09, 7.65256635837e-10, 2.05274264253e-09, 1.15473863804e-09, 3.13056069956e-09, 3.2407689865e-09, 3.55661333717e-10, 7.93598964322e-10, 3.1882313456e-10, 7.82315046077e-11, 1.47602069456e-10, 2.04439826179e-10, 2.12748263451e-10, 2.0908264009e-10, 1.51174725516e-10, 1.43538916864e-10, 8.84690029568e-11, 3.42054405633e-11, 2.26657356078e-11, 2.06121647528e-11, 2.39654459472e-11, 1.60969241408e-11, 1.17106411374e-11, 6.60799800295e-12, 2.8270005694e-12],
        "dvar2": [3.14569442708e-05, 3.34820506396e-05, 1.69216418726e-05, 5.54417511012e-06, 5.70337260797e-06, 2.50453217632e-06, 2.65207347638e-07, 5.75913247758e-07, 2.43436801384e-07, 2.42744874868e-07, 9.39621145335e-08, 2.63244679388e-08, 6.26988807539e-08, 3.67347290364e-08, 9.84937553739e-09, 1.68506719689e-08, 1.65089442117e-09, 5.01631802763e-09, 2.64365107583e-09, 7.31914928664e-09, 7.41923944503e-09, 8.22272583356e-10, 1.6598415975e-09, 7.47647888044e-10, 1.85812323861e-10, 3.19749282607e-10, 4.93008800451e-10, 5.07811459549e-10, 4.86840734393e-10, 3.83047760177e-10, 3.01183217255e-10, 1.75454276108e-10, 7.42666553255e-11, 4.9048799744e-11, 4.70949668152e-11, 5.19443793534e-11, 3.30680066662e-11, 2.4045545069e-11, 1.22119441295e-11, 5.52615375335e-12],
        "max": [0.0374427884817, 0.0331567190588, 0.0301389489323, 0.0153410704806, 0.0170665178448, 0.0122297462076, 0.00486032431945, 0.00851093325764, 0.00695759337395, 0.00572573952377, 0.00379623635672, 0.00245433091186, 0.00237197219394, 0.00212455494329, 0.0011200850131, 0.00142805243377, 0.000452022417448, 0.000673094938975, 0.000511486781761, 0.00118852511514, 0.0013008719543, 0.000332294410327, 0.000516104453709, 0.000224189803703, 9.67393352767e-05, 0.00021100291633, 0.000191404062207, 0.000174028609763, 0.00029643959715, 0.000239486485953, 0.000189520927961, 0.000160315685207, 6.35534524918e-05, 4.53660868516e-05, 9.31667527766e-05, 7.5604810263e-05, 5.07754666614e-05, 5.01011672895e-05, 4.54060209449e-05, 2.06398817681e-05],
        "mean": [0.00187279877719, 0.00259565538727, 0.00234585744329, 0.00103171856608, 0.00121667818166, 0.000707792059984, 0.000159491450177, 0.000267827039352, 0.000178555768798, 0.000236664753174, 0.000136030517751, 7.56072040531e-05, 8.52797966218e-05, 3.23077983921e-05, 3.6618719605e-05, 3.71123715013e-05, 1.67520629475e-05, 1.91652798094e-05, 1.85114131455e-05, 2.36221330852e-05, 2.3956043151e-05, 1.75549903361e-05, 2.01576604013e-05, 1.63956556207e-05, 1.08737467599e-05, 1.24720590975e-05, 1.31320130095e-05, 1.26080030896e-05, 1.04886785266e-05, 1.01483365142e-05, 9.40259997151e-06, 8.23502341518e-06, 6.27767167316e-06, 5.16031377629e-06, 4.37079461335e-06, 3.95320284952e-06, 3.04956870423e-06, 2.24403629545e-06, 1.78353855063e-06, 1.17188096738e-06],
        "median": [0.000845831178594, 0.00169520289637, 0.0018052472733, 0.000580058956984, 0.000429355568485, 0.000175620632945, 6.49257272016e-05, 7.17859365977e-05, 7.53474596422e-05, 9.97382740024e-05, 5.74255573156e-05, 2.78164134215e-05, 2.44209531957e-05, 1.19445876408e-05, 1.00269990071e-05, 7.37718801247e-06, 7.18458568372e-06, 7.99131885287e-06, 7.0231076279e-06, 9.55786617851e-06, 8.93199376151e-06, 8.66254140419e-06, 9.15738655749e-06, 7.71447048464e-06, 6.31499142401e-06, 6.8238791755e-06, 6.98398116583e-06, 5.86184160056e-06, 5.00196574649e-06, 4.95765289088e-06, 3.66850076716e-06, 3.77134256269e-06, 3.28899136548e-06, 2.69460861091e-06, 2.31426133723e-06, 1.61229979767e-06, 9.79771357379e-07, 7.92500145508e-07, 6.62784316319e-07, 4.3857173182e-07],
        "min": [7.38049129723e-06, 7.07016488377e-06, 3.55069532816e-05, 3.84723753086e-05, 1.85091575986e-05, 6.38202754999e-06, 1.57743147611e-06, 3.65319283446e-06, 5.96331119596e-06, 7.08121478965e-06, 2.74670492217e-06, 1.65771041338e-06, 1.63218498983e-06, 5.5323118886e-07, 8.49846458095e-07, 8.63157197273e-07, 5.15489489317e-07, 9.53207461407e-07, 6.03277555911e-07, 1.13697319648e-06, 8.27599251352e-07, 5.12831036303e-07, 7.96390224878e-07, 5.52134622467e-07, 3.99983292709e-07, 5.40286293926e-07, 4.17311042611e-07, 2.38568560462e-07, 1.96080947035e-07, 2.85522418153e-07, 1.29498403112e-07, 2.68443560714e-08, 1.44209737485e-08, 8.75081251905e-09, 1.38813369688e-08, 3.1243279075e-09, 9.8816048677e-09, 1.06119835142e-10, 3.53600568964e-12, 1.06403201408e-13],
