{
"highlevel": {
    "danceability": {
        "all": {
            "danceable": 0.0350943058729,
            "not_danceable": 0.964905679226
        },
        "probability": 0.964905679226,
        "value": "not_danceable"
    },
    "gender": {
        "all": {
            "female": 0.0700197964907,
            "male": 0.92998021841
        },
        "probability": 0.92998021841,
        "value": "male"
    },
    "genre_dortmund": {
        "all": {
            "alternative": 0.192737862468,
            "blues": 0.0139093836769,
            "electronic": 0.0132583780214,
            "folkcountry": 0.125551491976,
            "funksoulrnb": 0.0019551506266,
            "jazz": 0.0123385880142,
            "pop": 0.104135133326,
            "raphiphop": 0.000696644245181,
            "rock": 0.535417377949
        },
        "probability": 0.535417377949,
        "value": "rock"
    },
    "genre_electronic": {
        "all": {
            "ambient": 0.674263000488,
            "dnb": 0.117833845317,
            "house": 0.0762519538403,
            "techno": 0.0156097589061,
            "trance": 0.11604141444
        },
        "probability": 0.674263000488,
        "value": "ambient"
    },
    "genre_rosamerica": {
        "all": {
            "cla": 0.0493760630488,
            "dan": 0.0204272642732,
            "hip": 0.00778508931398,
            "jaz": 0.0131797865033,
            "pop": 0.32550817728,
            "rhy": 0.042506441474,
            "roc": 0.52723056078,
            "spe": 0.0139866275713
        },
        "probability": 0.52723056078,
        "value": "roc"
    },
    "genre_tzanetakis": {
        "all": {
            "blu": 0.0626613423228,
            "cla": 0.0348169617355,
            "cou": 0.104475811124,
            "dis": 0.0784321576357,
            "hip": 0.15692435205,
            "jaz": 0.313974827528,
            "met": 0.0448166541755,
            "pop": 0.0627359300852,
            "reg": 0.0627360641956,
            "roc": 0.0784258767962
        },
        "probability": 0.313974827528,
        "value": "jaz"
    },
    "ismir04_rhythm": {
        "all": {
            "ChaChaCha": 0.0828348249197,
            "Jive": 0.527932405472,
            "Quickstep": 0.014720775187,
            "Rumba-American": 0.00667179562151,
            "Rumba-International": 0.0442345812917,
            "Rumba-Misc": 0.00925196614116,
            "Samba": 0.0307946652174,
            "Tango": 0.0121498638764,
            "VienneseWaltz": 0.26057100296,
            "Waltz": 0.0108381034806
        },
        "probability": 0.527932405472,
        "value": "Jive"
    },
    "mood_acoustic": {
        "all": {
            "acoustic": 0.5,
            "not_acoustic": 0.5
        },
        "probability": 0.5,
        "value": "acoustic"
    },
    "mood_aggressive": {
        "all": {
            "aggressive": 0.16665045917,
            "not_aggressive": 0.833349525928
        },
        "probability": 0.833349525928,
        "value": "not_aggressive"
    },
    "mood_electronic": {
        "all": {
            "electronic": 0.0961116328835,
            "not_electronic": 0.903888344765
        },
        "probability": 0.903888344765,
        "value": "not_electronic"
    },
    "mood_happy": {
        "all": {
            "happy": 0.678372085094,
            "not_happy": 0.321627944708
        },
        "probability": 0.678372085094,
        "value": "happy"
    },
    "mood_party": {
        "all": {
            "not_party": 0.8226172328,
            "party": 0.177382782102
        },
        "probability": 0.8226172328,
        "value": "not_party"
    },
    "mood_relaxed": {
        "all": {
            "not_relaxed": 0.155457630754,
            "relaxed": 0.844542384148
        },
        "probability": 0.844542384148,
        "value": "relaxed"
    },
    "mood_sad": {
        "all": {
            "not_sad": 0.163382083178,
            "sad": 0.83661788702
        },
        "probability": 0.83661788702,
        "value": "sad"
    },
    "moods_mirex": {
        "all": {
            "Cluster1": 0.247507601976,
            "Cluster2": 0.30076700449,
            "Cluster3": 0.266701519489,
            "Cluster4": 0.0513891465962,
            "Cluster5": 0.133634731174
        },
        "probability": 0.30076700449,
        "value": "Cluster2"
    },
    "timbre": {
        "all": {
            "bright": 0.991893827915,
            "dark": 0.00810619071126
        },
        "probability": 0.991893827915,
        "value": "bright"
    },
    "tonal_atonal": {
        "all": {
            "atonal": 0.00446281628683,
            "tonal": 0.995537161827
        },
        "probability": 0.995537161827,
        "value": "tonal"
    },
    "voice_instrumental": {
        "all": {
            "instrumental": 0.0330442897975,
            "voice": 0.966955721378
        },
        "probability": 0.966955721378,
        "value": "voice"
    }
},
"lowlevel": {
    "average_loudness": 0.981938183308,
    "barkbands_crest": {
        "dmean": 3.0641772747,
        "dmean2": 5.16823148727,
        "dvar": 9.03324508667,
        "dvar2": 24.5449447632,
        "max": 21.2851829529,
        "mean": 9.09501171112,
        "median": 8.21487903595,
        "min": 3.44315934181,
        "var": 12.0735559464
    },
    "barkbands_flatness_db": {
        "dmean": 0.0226036868989,
        "dmean2": 0.0385099984705,
        "dvar": 0.000502009701449,
        "dvar2": 0.00136791926343,
        "max": 0.254944384098,
        "mean": 0.138254448771,
        "median": 0.13567751646,
        "min": 0.0660741701722,
        "var": 0.000851101416629
    },
    "barkbands_kurtosis": {
        "dmean": 3.44200515747,
        "dmean2": 5.77316522598,
        "dvar": 25.4311027527,
        "dvar2": 68.058921814,
        "max": 47.6579170227,
        "mean": 4.49255943298,
        "median": 2.92271900177,
        "min": -1.77093040943,
        "var": 28.3555717468
    },
    "barkbands_skewness": {
        "dmean": 0.604838907719,
        "dmean2": 0.983367800713,
        "dvar": 0.441623985767,
        "dvar2": 1.13010942936,
        "max": 6.07005023956,
        "mean": 1.85206830502,
        "median": 1.688991189,
        "min": -0.0540487915277,
        "var": 0.78121894598
    },
    "barkbands_spread": {
        "dmean": 5.04373836517,
        "dmean2": 7.77619981766,
        "dvar": 36.5938148499,
        "dvar2": 72.4323730469,
        "max": 91.6495819092,
        "mean": 19.1982650757,
        "median": 16.6565666199,
        "min": 3.78039765358,
        "var": 151.685821533
    },
    "dissonance": {
        "dmean": 0.0139093678445,
        "dmean2": 0.0230616051704,
        "dvar": 0.000152657114086,
        "dvar2": 0.000432941189501,
        "max": 0.498585343361,
        "mean": 0.469796180725,
        "median": 0.47282409668,
        "min": 0.376731902361,
        "var": 0.000295975274639
    },
    "dynamic_complexity": 1.62734937668,
    "erbbands_crest": {
        "dmean": 2.08509850502,
        "dmean2": 3.45420598984,
        "dvar": 3.65234303474,
        "dvar2": 9.7901096344,
        "max": 24.0580844879,
        "mean": 7.28679275513,
        "median": 6.63416290283,
        "min": 2.54560041428,
        "var": 9.40129470825
    },
    "erbbands_flatness_db": {
        "dmean": 0.0120112057775,
        "dmean2": 0.0181455109268,
        "dvar": 0.000105523817183,
        "dvar2": 0.000221706082812,
        "max": 0.229423090816,
        "mean": 0.143275082111,
        "median": 0.145354107022,
        "min": 0.0650897249579,
        "var": 0.000641854654532
    },
    "erbbands_kurtosis": {
        "dmean": 0.450484842062,
        "dmean2": 0.722042858601,
        "dvar": 0.286827504635,
        "dvar2": 0.731544852257,
        "max": 7.99815177917,
        "mean": -0.410339921713,
        "median": -0.663888692856,
        "min": -1.59218549728,
        "var": 0.855260014534
    },
    "erbbands_skewness": {
        "dmean": 0.273596674204,
        "dmean2": 0.430952161551,
        "dvar": 0.052571605891,
        "dvar2": 0.125415205956,
        "max": 2.04839110374,
        "mean": 0.411557286978,
        "median": 0.410267084837,
        "min": -1.11393415928,
        "var": 0.233408853412
    },
    "erbbands_spread": {
        "dmean": 6.79003095627,
        "dmean2": 10.5623025894,
        "dvar": 40.4683036804,
        "dvar2": 85.9329833984,
        "max": 113.585914612,
        "mean": 44.7345428467,
        "median": 42.6231918335,
        "min": 11.0797290802,
        "var": 220.650283813
    },
    "hfc": {
        "dmean": 3.73873591423,
        "dmean2": 5.77481555939,
        "dvar": 19.880405426,
        "dvar2": 42.4182472229,
        "max": 61.4489440918,
        "mean": 18.5616168976,
        "median": 16.3487453461,
        "min": 2.72355079651,
        "var": 90.5027008057
    },
    "melbands_crest": {
        "dmean": 3.55471801758,
        "dmean2": 5.90232419968,
        "dvar": 10.163187027,
        "dvar2": 27.1911640167,
        "max": 27.4946594238,
        "mean": 12.2452611923,
        "median": 11.5579204559,
        "min": 4.35465526581,
        "var": 16.2305793762
    },
    "melbands_flatness_db": {
        "dmean": 0.0280292443931,
        "dmean2": 0.0460877269506,
        "dvar": 0.000881824991666,
        "dvar2": 0.00229323143139,
        "max": 0.342095375061,
        "mean": 0.190335348248,
        "median": 0.188200965524,
        "min": 0.0665812343359,
        "var": 0.00174810609315
    },
    "melbands_kurtosis": {
        "dmean": 8.22231483459,
        "dmean2": 13.8648958206,
        "dvar": 152.618759155,
        "dvar2": 405.291503906,
        "max": 105.54095459,
        "mean": 13.9106378555,
        "median": 9.95620059967,
        "min": -0.111741065979,
        "var": 167.875976562
    },
    "melbands_skewness": {
        "dmean": 0.812223434448,
        "dmean2": 1.33594965935,
        "dvar": 0.846714198589,
        "dvar2": 2.16367411613,
        "max": 8.66181182861,
        "mean": 2.92433714867,
        "median": 2.72609972954,
        "min": 0.231946125627,
        "var": 1.52826452255
    },
    "melbands_spread": {
        "dmean": 5.55548095703,
        "dmean2": 8.8362455368,
        "dvar": 37.7830886841,
        "dvar2": 88.7812194824,
        "max": 86.2623443604,
        "mean": 17.8487644196,
        "median": 15.9374847412,
        "min": 2.23597669601,
        "var": 106.257843018
    },
    "pitch_salience": {
        "dmean": 0.0773320272565,
        "dmean2": 0.131160587072,
        "dvar": 0.00552804162726,
        "dvar2": 0.0152464555576,
        "max": 0.836845576763,
        "mean": 0.629687130451,
        "median": 0.641115367413,
        "min": 0.268763899803,
        "var": 0.0079427761957
    },
    "silence_rate_20dB": {
        "dmean": 0,
        "dmean2": 0,
        "dvar": 0,
        "dvar2": 0,
        "max": 1,
        "mean": 1,
        "median": 1,
        "min": 1,
        "var": 0
    },
    "silence_rate_30dB": {
        "dmean": 0,
        "dmean2": 0,
        "dvar": 0,
        "dvar2": 0,
        "max": 1,
        "mean": 1,
        "median": 1,
        "min": 1,
        "var": 0
    },
    "silence_rate_60dB": {
        "dmean": 0,
        "dmean2": 0,
        "dvar": 0,
        "dvar2": 0,
        "max": 0,
        "mean": 0,
        "median": 0,
        "min": 0,
        "var": 0
    },
    "spectral_centroid": {
        "dmean": 212.587051392,
        "dmean2": 334.168151855,
        "dvar": 44308.6054688,
        "dvar2": 103245.734375,
        "max": 3011.74267578,
        "mean": 1080.5904541,
        "median": 1026.98278809,
        "min": 375.636383057,
        "var": 158173.5
    },
    "spectral_complexity": {
        "dmean": 3.06501555443,
        "dmean2": 4.87296676636,
        "dvar": 6.99886751175,
        "dvar2": 15.819644928,
        "max": 42,
        "mean": 22.0185623169,
        "median": 22,
        "min": 8,
        "var": 36.8257904053
    },
    "spectral_decrease": {
        "dmean": 3.72567399154e-09,
        "dmean2": 6.25934948317e-09,
        "dvar": 2.63496349264e-17,
        "dvar2": 6.74274621961e-17,
        "max": -9.01296204336e-10,
        "mean": -8.1696214238e-09,
        "median": -6.74651134958e-09,
        "min": -3.32853886675e-08,
        "var": 2.75332642086e-17
    },
    "spectral_energy": {
        "dmean": 0.0142882987857,
        "dmean2": 0.0239810254425,
        "dvar": 0.00038381954073,
        "dvar2": 0.000980028766207,
        "max": 0.129604041576,
        "mean": 0.0325176343322,
        "median": 0.0272235441953,
        "min": 0.00364873418584,
        "var": 0.000407094368711
    },
    "spectral_energyband_high": {
        "dmean": 0.000186316858162,
        "dmean2": 0.000266167509835,
        "dvar": 1.15296401759e-07,
        "dvar2": 1.72369965412e-07,
        "max": 0.00635318318382,
        "mean": 0.000664025777951,
        "median": 0.000430686195614,
        "min": 3.80324490834e-05,
        "var": 6.89761009198e-07
    },
    "spectral_energyband_low": {
        "dmean": 0.00775397988036,
        "dmean2": 0.0138029409572,
        "dvar": 0.000255138671491,
        "dvar2": 0.000705608807039,
        "max": 0.0999046340585,
        "mean": 0.00880619883537,
        "median": 0.00452250661328,
        "min": 0.000144452540553,
        "var": 0.000183818774531
    },
    "spectral_energyband_middle_high": {
        "dmean": 0.00106490426697,
        "dmean2": 0.00167670927476,
        "dvar": 1.5276572185e-06,
        "dvar2": 3.96510313294e-06,
        "max": 0.0253040511161,
        "mean": 0.00424029584974,
        "median": 0.00336435437202,
        "min": 0.000633626885246,
        "var": 8.45657996251e-06
    },
    "spectral_energyband_middle_low": {
        "dmean": 0.00896681472659,
        "dmean2": 0.0145202865824,
        "dvar": 0.000199368514586,
        "dvar2": 0.000485258729896,
        "max": 0.119776964188,
        "mean": 0.0205119438469,
        "median": 0.0163206066936,
        "min": 0.00202766712755,
        "var": 0.000241685280344
    },
    "spectral_entropy": {
        "dmean": 0.115275524557,
        "dmean2": 0.176515266299,
        "dvar": 0.0110392393544,
        "dvar2": 0.0247663334012,
        "max": 8.55759239197,
        "mean": 7.60846090317,
        "median": 7.58964109421,
        "min": 7.01174688339,
        "var": 0.0608788467944
    },
    "spectral_flux": {
        "dmean": 0.0352929271758,
        "dmean2": 0.0577366165817,
        "dvar": 0.00184272718616,
        "dvar2": 0.0036696549505,
        "max": 0.2821854949,
        "mean": 0.0988510027528,
        "median": 0.0842721164227,
        "min": 0.0179110821337,
        "var": 0.00277914246544
    },
    "spectral_kurtosis": {
        "dmean": 1.20307207108,
        "dmean2": 2.04644155502,
        "dvar": 1.02487277985,
        "dvar2": 3.09349966049,
        "max": 10.7816400528,
        "mean": 3.70639681816,
        "median": 3.6106762886,
        "min": -0.301944732666,
        "var": 2.61089849472
    },
    "spectral_rms": {
        "dmean": 0.00111035897862,
        "dmean2": 0.00181847903877,
        "dvar": 1.79949745416e-06,
        "dvar2": 4.44718989456e-06,
        "max": 0.0112446863204,
        "mean": 0.00541090266779,
        "median": 0.00515359640121,
        "min": 0.0018867275212,
        "var": 2.44668694904e-06
    },
    "spectral_rolloff": {
        "dmean": 438.280181885,
        "dmean2": 688.145935059,
        "dvar": 487961.96875,
        "dvar2": 777871.0625,
        "max": 9819.140625,
        "mean": 1174.36682129,
        "median": 839.794921875,
        "min": 107.666015625,
        "var": 1944449.875
    },
    "spectral_skewness": {
        "dmean": 0.168514162302,
        "dmean2": 0.273400187492,
        "dvar": 0.0181824434549,
        "dvar2": 0.0470290109515,
        "max": 2.69879055023,
        "mean": 1.4315110445,
        "median": 1.42850089073,
        "min": 0.635210692883,
        "var": 0.0718359351158
    },
    "spectral_spread": {
        "dmean": 343416.90625,
        "dmean2": 489670.5,
        "dvar": 252183396352,
        "dvar2": 308089061376,
        "max": 14084334,
        "mean": 4392725.5,
        "median": 4106426.5,
        "min": 2782793.5,
        "var": 1.51909787238e+12
    },
    "spectral_strongpeak": {
        "dmean": 0.448839843273,
        "dmean2": 0.765721082687,
        "dvar": 0.257433980703,
        "dvar2": 0.673871576786,
        "max": 5.4733300209,
        "mean": 0.796687304974,
        "median": 0.548099577427,
        "min": 0,
        "var": 0.509700834751
    },
    "zerocrossingrate": {
        "dmean": 0.00872821640223,
        "dmean2": 0.0105409743264,
        "dvar": 0.000131677850732,
        "dvar2": 0.000127437277115,
        "max": 0.25244140625,
        "mean": 0.0534435734153,
        "median": 0.04638671875,
        "min": 0.0166015625,
        "var": 0.00102494866587
    },
    "barkbands": {
        "dmean": [0.000495705055073, 0.00527516147122, 0.00185890903231, 0.00310979085043, 0.00537176057696, 0.00160121626686, 0.00145386590157, 0.000752698339056, 0.000694532587659, 0.000437407841673, 0.000162188880495, 0.000294675177429, 0.000218617802602, 0.00032300708699, 0.000257576844888, 0.000158441485837, 0.000159585804795, 6.01454521529e-05, 0.000100916236988, 0.000111860419565, 5.87001013628e-05, 3.81493846362e-05, 2.96786183753e-05, 3.84742306778e-05, 3.09326351271e-05, 1.60348445206e-05, 1.68837133163e-09],
        "dmean2": [0.000905376800802, 0.00970628857613, 0.00321148126386, 0.00530001800507, 0.00896399002522, 0.00252754287794, 0.00235015619546, 0.00114021415357, 0.00108458951581, 0.000685363658704, 0.000260380824329, 0.00047785975039, 0.000353398005245, 0.000538226449862, 0.00042756338371, 0.000259802531218, 0.00026106464793, 9.91109554889e-05, 0.000168440630659, 0.000181759474799, 9.52325281105e-05, 6.17467449047e-05, 4.38144961663e-05, 5.23311136931e-05, 4.24613645009e-05, 2.36643318203e-05, 2.85504220265e-09],
        "dvar": [9.73835994955e-07, 0.000170750776306, 9.83120116871e-06, 1.79401176865e-05, 0.000119024523883, 4.38701908934e-06, 6.08619075138e-06, 2.0471516109e-06, 2.48932315117e-06, 5.89285093611e-07, 1.0374270687e-07, 3.63483394494e-07, 9.71197309241e-08, 2.87820000722e-07, 1.65283452702e-07, 3.8630250998e-08, 3.94221331135e-08, 5.5084035111e-09, 1.33156738968e-08, 2.718160097e-08, 7.25998461348e-09, 2.46467268816e-09, 2.95249513727e-09, 1.54108388273e-08, 1.05905568759e-08, 2.72218025898e-09, 1.2113919781e-16],
        "dvar2": [2.95528775496e-06, 0.000479602575069, 2.67332397925e-05, 4.80031631014e-05, 0.000297319580568, 1.09266193249e-05, 1.46971706272e-05, 4.46218109573e-06, 5.28424789081e-06, 1.59731200711e-06, 2.24637133783e-07, 1.00554461824e-06, 2.48740548159e-07, 7.57623809022e-07, 4.41123575001e-07, 9.35231270205e-08, 1.0088612612e-07, 1.3380125452e-08, 3.69090393804e-08, 6.87049990233e-08, 1.82253163672e-08, 5.66201574514e-09, 5.48780487719e-09, 2.60055568191e-08, 1.88760651554e-08, 5.82040060593e-09, 1.30368137931e-16],
        "max": [0.0071285367012, 0.0831908434629, 0.024162242189, 0.0432519465685, 0.0829372033477, 0.0256641376764, 0.03455433622, 0.0289218574762, 0.033528637141, 0.00807623192668, 0.00736846402287, 0.0172329284251, 0.00415552966297, 0.00953297689557, 0.00708299735561, 0.00308656971902, 0.00312267919071, 0.00108018820174, 0.00144133996218, 0.00261756731197, 0.00166949722916, 0.000701258541085, 0.000842509442009, 0.00225739227608, 0.00221592583694, 0.000903699838091, 3.8984583739e-07],
        "mean": [0.000416422117269, 0.00460177240893, 0.0021751804743, 0.00409289542586, 0.00727158831432, 0.00372847169638, 0.00261854636483, 0.00141246023122, 0.00123999582138, 0.000765061238781, 0.000309605879011, 0.000584201305173, 0.000393083086237, 0.000571209762711, 0.000465716497274, 0.000335553573677, 0.000363809260307, 0.000129567051772, 0.000240973560722, 0.00027906242758, 0.000149120285641, 0.00010605269199, 7.57442612667e-05, 9.20709571801e-05, 6.84392289259e-05, 3.10387804348e-05, 1.39604716676e-09],
        "median": [3.51677081198e-05, 0.00175640836824, 0.00104441633448, 0.00264724437147, 0.0042446795851, 0.00254384311847, 0.00131113524549, 0.000528753327671, 0.000537888729014, 0.000342721294146, 0.000199683170649, 0.000293225166388, 0.000240027089603, 0.000353166105924, 0.000313322962029, 0.000237164509599, 0.000274075457128, 9.69612956396e-05, 0.000190025923075, 0.000196009525098, 0.000106581690488, 8.14292870928e-05, 4.47028105555e-05, 2.43923987e-05, 1.84690052265e-05, 7.6976211858e-06, 4.75010641932e-10],
        "min": [3.09526697606e-08, 7.99154349806e-06, 9.98034738586e-06, 2.65475446213e-05, 0.000132994129672, 5.81885906286e-05, 5.08976554556e-05, 6.46181615593e-06, 1.96652508748e-05, 1.38025479828e-05, 9.11932329473e-06, 1.35050713652e-05, 1.13994092317e-05, 2.12597096834e-05, 1.71583087649e-05, 2.04142052098e-05, 1.73234111571e-05, 7.6055516729e-06, 1.24642092487e-05, 1.14582508104e-05, 1.05023709693e-05, 5.4833167269e-06, 2.75472552858e-06, 2.35829770645e-06, 9.10668688903e-07, 4.62605598273e-09, 8.84663176048e-12],
        "var": [8.19098943339e-07, 0.000108247288154, 9.67267988017e-06, 2.15151376324e-05, 0.000108377746074, 1.22729907162e-05, 1.32528293761e-05, 6.50728634355e-06, 6.84695760356e-06, 1.31080287247e-06, 1.90555311974e-07, 1.12325517421e-06, 2.13213880329e-07, 4.99979194046e-07, 3.34627941356e-07, 9.57295966941e-08, 9.86005375125e-08, 1.14557012765e-08, 3.41225288025e-08, 8.82199415742e-08, 1.85838047173e-08, 7.94494869893e-09, 1.18758149981e-08, 6.88284345074e-08, 4.2391171462e-08, 7.892734466e-09, 1.20918598667e-16]
    },
    "erbbands": {
        "dmean": [0.167526260018, 1.12993013859, 2.11839652061, 6.09457588196, 21.7790336609, 12.3648529053, 11.2451124191, 14.3729104996, 21.4867610931, 16.5682430267, 15.5039968491, 15.3976984024, 12.5743131638, 10.3182220459, 8.10928916931, 10.4016637802, 10.2922286987, 11.3589916229, 18.6855373383, 8.33498382568, 9.15924263, 7.93026256561, 3.35463380814, 3.62765002251, 5.73844909668, 5.4166841507, 3.24841117859, 1.8181116581, 1.38567662239, 1.11750400066, 0.853111326694, 0.765138924122, 0.724055409431, 0.426666975021, 0.188938170671, 0.102556079626, 0.025783855468, 0.00138146558311, 3.16915138683e-05, 1.62275628099e-05],
        "dmean2": [0.308236300945, 2.08270311356, 3.71720647812, 10.2829380035, 36.0800056458, 20.8587875366, 18.4406604767, 22.8076610565, 34.6160697937, 26.0537109375, 23.6226234436, 24.5742435455, 19.1216487885, 16.3387088776, 12.5078878403, 16.7427215576, 16.7243156433, 18.8814964294, 31.1713848114, 13.6142959595, 14.8349876404, 12.9551420212, 5.50207853317, 5.90483665466, 9.38959980011, 8.85123157501, 5.33391952515, 2.93955683708, 2.25827741623, 1.72968995571, 1.23444855213, 1.10074198246, 1.02097892761, 0.599585235119, 0.264651238918, 0.153286010027, 0.0378693379462, 0.00204499298707, 4.45322220912e-05, 2.68511885224e-05],
        "dvar": [0.163287058473, 8.06116199493, 15.9820632935, 60.3423538208, 1973.30859375, 484.641357422, 212.760162354, 446.434783936, 1397.9041748, 697.208251953, 884.05078125, 1247.7623291, 730.766662598, 283.851287842, 231.813034058, 464.621520996, 234.147155762, 497.216278076, 858.660339355, 126.8099823, 123.407424927, 118.017417908, 20.338470459, 16.2169761658, 44.6507759094, 72.6912765503, 25.5152835846, 5.30132913589, 3.17143702507, 3.02993583679, 2.79197716713, 5.46863794327, 6.01245546341, 2.04159259796, 0.341566711664, 0.122043713927, 0.00703686149791, 1.8070322767e-05, 7.63629248723e-09, 4.545821497e-10],
        "dvar2": [0.460386246443, 22.7448310852, 43.7102050781, 163.574920654, 4767.18066406, 1300.51843262, 579.897033691, 1082.93383789, 3415.98095703, 1563.47290039, 1983.01098633, 2825.65209961, 1610.56445312, 793.539855957, 478.263366699, 1163.3996582, 600.269470215, 1330.46606445, 2297.53881836, 315.617645264, 323.247497559, 305.519836426, 49.4373474121, 44.141708374, 121.397949219, 186.294387817, 67.6578292847, 11.9261455536, 7.50567579269, 6.5362944603, 5.00928974152, 10.8300113678, 10.2168006897, 3.84219169617, 0.597006499767, 0.274938941002, 0.0138196907938, 3.05850226141e-05, 1.29004646965e-08, 1.14134657281e-09],
        "max": [2.4743976593, 18.8718090057, 29.0077705383, 60.7574272156, 325.514770508, 179.225234985, 159.647735596, 270.793121338, 435.143859863, 343.988128662, 689.570800781, 839.608093262, 581.631286621, 258.254547119, 473.785430908, 673.781860352, 216.325759888, 522.629882812, 564.558898926, 136.764389038, 130.035675049, 179.389434814, 74.7520904541, 55.8147850037, 94.5525436401, 136.986419678, 99.7581100464, 39.6176528931, 24.7805290222, 31.9826869965, 26.4421806335, 38.8634223938, 41.3653106689, 29.0903358459, 11.395442009, 6.56615114212, 1.97097170353, 0.103099919856, 0.00208186358213, 0.000154476452735],
        "mean": [0.132589578629, 1.01924836636, 2.43990683556, 8.57353782654, 24.9185504913, 18.9626960754, 22.9198589325, 33.6778488159, 39.4270324707, 32.1304397583, 31.6066417694, 28.4451560974, 23.269077301, 19.547996521, 18.1154098511, 22.8008537292, 19.3461742401, 22.3061351776, 35.1216773987, 18.0060596466, 20.7242660522, 18.596414566, 8.45619106293, 8.8192024231, 14.0481319427, 13.3235778809, 8.15523910522, 4.92692232132, 3.72266864777, 2.88881587982, 2.12004327774, 1.73572385311, 1.63357686996, 0.904905438423, 0.404722362757, 0.19452881813, 0.0467391982675, 0.00241350778379, 7.2835588071e-05, 4.1809893446e-05],
        "median": [0.0292488280684, 0.41503366828, 1.26961350441, 5.76394224167, 11.054476738, 12.6744508743, 16.4614524841, 23.1388034821, 21.0599765778, 16.981672287, 12.9142150879, 12.3728075027, 10.4612588882, 11.3951692581, 11.4315004349, 12.1910972595, 12.4519720078, 14.9041309357, 22.7933177948, 12.6285161972, 15.1665363312, 13.8251371384, 6.46323680878, 6.93934011459, 10.7306957245, 9.18316936493, 6.20023775101, 3.79967832565, 2.84710693359, 2.05471134186, 1.13163053989, 0.567579507828, 0.407970219851, 0.231595754623, 0.106513999403, 0.0492709800601, 0.0103273577988, 0.000469643651741, 3.13622513204e-05, 3.54636977136e-05],
        "min": [0.000446668098448, 0.0061779730022, 0.0515248477459, 0.186911061406, 0.441706031561, 0.640826106071, 0.428579360247, 0.975700974464, 0.479689329863, 0.656710028648, 0.41183668375, 0.551888227463, 0.560941338539, 0.526409268379, 0.780721485615, 1.01160001755, 0.84453523159, 1.45040369034, 2.17334389687, 1.32853138447, 1.44144535065, 1.03571474552, 0.673455297947, 0.668639481068, 0.722509205341, 0.567361474037, 0.325908273458, 0.492074579, 0.222884401679, 0.116684608161, 0.0601069778204, 0.0475370362401, 0.0286728832871, 0.0153694627807, 0.00305827753618, 0.000710603722837, 2.97512142424e-05, 2.57838132711e-06, 4.29860619988e-06, 5.80873938816e-06],
        "var": [0.107835583389, 4.95224952698, 12.8387670517, 75.5198059082, 1882.27441406, 450.486480713, 418.661529541, 1135.48913574, 3093.21435547, 1744.87341309, 2853.62231445, 3555.08227539, 1700.99047852, 669.498718262, 713.135131836, 1707.2298584, 487.174255371, 670.997192383, 1902.03308105, 295.036315918, 315.403564453, 283.631195068, 46.1686515808, 42.7671394348, 116.515960693, 229.426940918, 51.9490585327, 16.2709999084, 9.73759078979, 9.85877323151, 11.633058548, 20.2384166718, 24.422996521, 7.57869672775, 1.4072830677, 0.308092862368, 0.0209368281066, 7.08434090484e-05, 3.12364853983e-08, 6.04387651038e-10]
    },
    "gfcc": {
        "mean": [26.0592765808, 106.163352966, -119.969825745, 39.6400871277, -64.329826355, 9.20773029327, -46.8167877197, 2.25288200378, -28.8874263763, 6.54339313507, -18.3755111694, -3.4941546917, -8.55109500885],
        "cov": [[793.396118164, -313.247680664, 106.653869629, -69.0331192017, -62.1433029175, 29.7585372925, 16.5434074402, 127.967842102, -25.5448856354, 77.3447952271, -42.0909080505, 10.1886339188, -74.4287109375], [-313.247680664, 570.341552734, -178.181854248, 0.973137557507, 79.946472168, -88.2784500122, 101.449699402, -50.937664032, 76.9081268311, -46.4888687134, 58.3586006165, -21.7331581116, 40.0958862305], [106.653869629, -178.181854248, 342.901397705, 54.0760917664, 45.317779541, 82.0229187012, -7.65180253983, 39.7343673706, -33.2476234436, 34.3553085327, -20.5518684387, 33.6574287415, -27.3379116058], [-69.0331192017, 0.973137557507, 54.0760917664, 159.156448364, 64.7978210449, 30.1014175415, -25.3977661133, -32.7778625488, 19.8391399384, -8.39749240875, 22.4712028503, -0.43139436841, 34.0193557739], [-62.1433029175, 79.946472168, 45.317779541, 64.7978210449, 151.064453125, 22.3186588287, 23.2018852234, 18.2803993225, 29.2091197968, 19.961353302, 4.17488050461, 7.84939241409, 1.182082057], [29.7585372925, -88.2784500122, 82.0229187012, 30.1014175415, 22.3186588287, 96.9590606689, 30.1911525726, 30.4475917816, -6.97388887405, 12.0122470856, 3.15714073181, 14.242893219, 5.33411502838], [16.5434074402, 101.449699402, -7.65180253983, -25.3977661133, 23.2018852234, 30.1911525726, 126.028770447, 53.9278297424, 18.1447658539, 14.0208387375, 13.8419933319, 12.4189147949, -6.83974647522], [127.967842102, -50.937664032, 39.7343673706, -32.7778625488, 18.2803993225, 30.4475917816, 53.9278297424, 109.252830505, 23.1492328644, 42.1299171448, -3.54137682915, 7.606112957, -22.4628295898], [-25.5448856354, 76.9081268311, -33.2476234436, 19.8391399384, 29.2091197968, -6.97388887405, 18.1447658539, 23.1492328644, 79.3901290894, 32.1906166077, 17.8796749115, 0.981861770153, 11.126657486], [77.3447952271, -46.4888687134, 34.3553085327, -8.39749240875, 19.961353302, 12.0122470856, 14.0208387375, 42.1299171448, 32.1906166077, 72.8361434937, 13.4664735794, 15.5144758224, -12.9704933167], [-42.0909080505, 58.3586006165, -20.5518684387, 22.4712028503, 4.17488050461, 3.15714073181, 13.8419933319, -3.54137682915, 17.8796749115, 13.4664735794, 62.2254180908, 16.6376132965, 17.3868961334], [10.1886339188, -21.7331581116, 33.6574287415, -0.43139436841, 7.84939241409, 14.242893219, 12.4189147949, 7.606112957, 0.981861770153, 15.5144758224, 16.6376132965, 54.0231513977, 12.7054862976], [-74.4287109375, 40.0958862305, -27.3379116058, 34.0193557739, 1.182082057, 5.33411502838, -6.83974647522, -22.4628295898, 11.126657486, -12.9704933167, 17.3868961334, 12.7054862976, 60.3710823059]],
        "icov": [[0.00215481081977, 0.000807603704743, 4.16690490965e-05, -0.000581216299906, 0.000883390370291, 0.000950901012402, -0.0006034350954, -0.00186370511074, 0.000745056662709, -0.00129485374782, 0.000670396082569, -0.000181126553798, 0.00103298423346], [0.000807603704743, 0.00902943778783, -0.00100970815402, 0.00432109646499, -0.00602823542431, 0.00820623897016, -0.00950848311186, 0.00567709980533, -0.00760584510863, 0.00772571563721, -0.00732267461717, 0.00521521037444, -0.0033924668096], [4.16690490965e-05, -0.00100970815402, 0.00564690725878, -0.00338189210743, 0.000560268992558, -0.00378734595142, 0.00224591395818, -0.00219503277913, 0.00393783114851, -0.00327974068932, 0.00333515205421, -0.004215775989, 0.00344248302281], [-0.000581216299906, 0.00432109646499, -0.00338189210743, 0.0162282623351, -0.00854608416557, 8.23774316814e-05, -0.00173205591273, 0.0076487059705, -0.00879802647978, 0.0079359812662, -0.00913876947016, 0.00695769675076, -0.00695860711858], [0.000883390370291, -0.00602823542431, 0.000560268992558, -0.00854608416557, 0.0147161530331, -0.00485343812034, 0.00426430394873, -0.0060145072639, 0.00421432591975, -0.00794088095427, 0.0080878585577, -0.00543581414968, 0.00488008977845], [0.000950901012402, 0.00820623897016, -0.00378734595142, 8.23774316814e-05, -0.00485343812034, 0.0245072282851, -0.012693490833, 0.000961291487329, -0.00257468502969, 0.00529944850132, -0.00609236210585, 0.00450223498046, -0.00676993839443], [-0.0006034350954, -0.00950848311186, 0.00224591395818, -0.00173205591273, 0.00426430394873, -0.012693490833, 0.0226851291955, -0.011214624159, 0.00605462444946, -0.00462404359132, 0.004330473952, -0.00737083982676, 0.00519435852766], [-0.00186370511074, 0.00567709980533, -0.00219503277913, 0.0076487059705, -0.0060145072639, 0.000961291487329, -0.011214624159, 0.0243967548013, -0.0106285233051, 0.00117222161498, -0.00408532936126, 0.0052355164662, -0.0012469640933], [0.000745056662709, -0.00760584510863, 0.00393783114851, -0.00879802647978, 0.00421432591975, -0.00257468502969, 0.00605462444946, -0.0106285233051, 0.0302919466048, -0.0185364130884, 0.00632762722671, -0.00242537399754, -0.0012901450973], [-0.00129485374782, 0.00772571563721, -0.00327974068932, 0.0079359812662, -0.00794088095427, 0.00529944850132, -0.00462404359132, 0.00117222161498, -0.0185364130884, 0.0349597558379, -0.0134652014822, 0.00016085137031, 0.00168638757896], [0.000670396082569, -0.00732267461717, 0.00333515205421, -0.00913876947016, 0.0080878585577, -0.00609236210585, 0.004330473952, -0.00408532936126, 0.00632762722671, -0.0134652014822, 0.0300408471376, -0.0110199265182, 0.00130867096595], [-0.000181126553798, 0.00521521037444, -0.004215775989, 0.00695769675076, -0.00543581414968, 0.00450223498046, -0.00737083982676, 0.0052355164662, -0.00242537399754, 0.00016085137031, -0.0110199265182, 0.0299441069365, -0.0113417860121], [0.00103298423346, -0.0033924668096, 0.00344248302281, -0.00695860711858, 0.00488008977845, -0.00676993839443, 0.00519435852766, -0.0012469640933, -0.0012901450973, 0.00168638757896, 0.00130867096595, -0.0113417860121, 0.028808221221]]
    },
    "melbands": {
        "dmean": [0.00149437203072, 0.00123023113701, 0.00149564340245, 0.00132875191048, 0.000376551499357, 0.000317692261888, 0.00031466508517, 0.000178134840098, 0.000124602913274, 9.49868845055e-05, 6.58676799503e-05, 4.78296242363e-05, 2.48791639024e-05, 3.56978307536e-05, 2.41230864049e-05, 2.1103041945e-05, 2.28410262935e-05, 3.44776562997e-05, 1.47386235767e-05, 1.07905307232e-05, 1.26473132696e-05, 9.96563176159e-06, 5.42872157894e-06, 2.76550963463e-06, 3.2069046938e-06, 4.69113683721e-06, 4.36713298768e-06, 3.88498256143e-06, 2.52531549449e-06, 1.49060417698e-06, 1.09313828034e-06, 9.18198111322e-07, 7.62494664741e-07, 6.49620403692e-07, 5.54470204861e-07, 4.74353299751e-07, 5.34549087661e-07, 5.75991066398e-07, 5.27921997673e-07, 3.3150655554e-07],
        "dmean2": [0.00274233683012, 0.00221173232421, 0.0024791858159, 0.00222161132842, 0.000625677057542, 0.00050324969925, 0.000506479409523, 0.00027648897958, 0.000188112215255, 0.000150494670379, 0.000100272234704, 7.58726600907e-05, 3.85429302696e-05, 5.73107718083e-05, 3.86573010474e-05, 3.50661575794e-05, 3.788713002e-05, 5.82534121349e-05, 2.43381982727e-05, 1.78064510692e-05, 2.07084667636e-05, 1.63860568136e-05, 9.10850758373e-06, 4.57723854197e-06, 5.23934977537e-06, 7.82454753789e-06, 7.05665433998e-06, 6.39373229205e-06, 4.13899078922e-06, 2.45454589276e-06, 1.77199831342e-06, 1.53643497924e-06, 1.2068187516e-06, 9.94293145595e-07, 8.38976916384e-07, 6.87908141117e-07, 7.87980582118e-07, 8.30277883779e-07, 7.6065094845e-07, 4.72157637432e-07],
        "dvar": [1.32875766212e-05, 7.08353491063e-06, 4.6550476327e-06, 7.65936238167e-06, 2.0855966909e-07, 1.98904771764e-07, 2.92309096039e-07, 7.81120164106e-08, 4.96944458916e-08, 4.85774016568e-08, 1.99837995041e-08, 6.45058273463e-09, 1.89938154094e-09, 6.21564177905e-09, 1.15748866047e-09, 1.07609965383e-09, 2.10629713671e-09, 3.12564463201e-09, 5.01423069732e-10, 2.23773638508e-10, 2.48052550722e-10, 1.76879205727e-10, 5.95047622287e-11, 1.15156261263e-11, 1.30428532558e-11, 2.98493070539e-11, 3.52190047959e-11, 3.76828221405e-11, 1.42141836496e-11, 3.97231726679e-12, 1.74746426097e-12, 1.30181987152e-12, 1.21812987215e-12, 1.04301810244e-12, 1.12727546481e-12, 1.14253734512e-12, 2.93849493349e-12, 3.76265294963e-12, 3.08939310766e-12, 1.24484450525e-12],
        "dvar2": [3.76110474463e-05, 1.95457014343e-05, 1.15632610687e-05, 1.92636234715e-05, 5.79197717343e-07, 4.88896034767e-07, 7.20785124031e-07, 1.6903798894e-07, 1.08406737809e-07, 1.08942110444e-07, 4.41534595552e-08, 1.79343260243e-08, 3.72351571798e-09, 1.72584506686e-08, 2.90513524348e-09, 2.73354805458e-09, 5.62955504435e-09, 8.30356228221e-09, 1.24088550546e-09, 5.43593503544e-10, 6.59497567668e-10, 4.5479067734e-10, 1.58438859255e-10, 2.90219757948e-11, 3.62406007981e-11, 8.66096430685e-11, 8.83033507426e-11, 9.84238315849e-11, 3.85052788265e-11, 1.00844471662e-11, 4.181148483e-12, 3.38192126213e-12, 2.76344984222e-12, 2.40564989804e-12, 2.28580370777e-12, 2.15199147564e-12, 6.05378074059e-12, 7.10286733943e-12, 5.93151396056e-12, 2.33260437875e-12],
        "max": [0.0217324085534, 0.0186760760844, 0.0173548776656, 0.0218514613807, 0.00473297387362, 0.00574328377843, 0.00726496148854, 0.00392745109275, 0.00466467952356, 0.00450396724045, 0.00304648512974, 0.00119424052536, 0.00118108326569, 0.0025858450681, 0.000480702496134, 0.000492727267556, 0.00103906134609, 0.00105167063884, 0.000342648359947, 0.000213694787817, 0.000205424425076, 0.000210528465686, 0.000103306425444, 5.17827502335e-05, 4.74819607916e-05, 6.38352285023e-05, 8.31476063468e-05, 0.000102237383544, 7.35550347599e-05, 3.26379558828e-05, 2.26631818805e-05, 1.47269274748e-05, 1.4800543795e-05, 1.85899862117e-05, 1.70191706275e-05, 2.02291685127e-05, 2.57411993516e-05, 3.48140893038e-05, 3.39378239005e-05, 2.23808110604e-05],
        "mean": [0.00125640071929, 0.00133071001619, 0.00201604049653, 0.00167621404398, 0.000784276053309, 0.000747953134123, 0.000581484404393, 0.000344812578987, 0.000249048171099, 0.00016865413636, 0.000117737683468, 8.52548473631e-05, 5.09562487423e-05, 7.31920736143e-05, 4.53458196716e-05, 3.8958103687e-05, 4.1444956878e-05, 6.15113676758e-05, 2.81231241388e-05, 2.1168452804e-05, 2.5934428777e-05, 2.11335245694e-05, 1.13362784759e-05, 5.60401986149e-06, 6.91240347805e-06, 1.0391790056e-05, 9.99742678687e-06, 8.62421711645e-06, 5.57387011213e-06, 3.3944554616e-06, 2.67891687145e-06, 2.20840593101e-06, 1.78589561983e-06, 1.49342793065e-06, 1.24428868276e-06, 1.01979082956e-06, 1.09514292035e-06, 1.17355784823e-06, 1.04754269614e-06, 6.6161567247e-07],
        "median": [0.000398270203732, 0.00067362486152, 0.00125821074471, 0.000929136760533, 0.000624968612101, 0.000522389891557, 0.000324535678374, 0.00018292380264, 9.85313381534e-05, 7.29082457838e-05, 4.88750592922e-05, 4.56179732282e-05, 3.28501882905e-05, 3.37378405675e-05, 2.68513977062e-05, 2.45056762651e-05, 2.66486749751e-05, 3.9139893488e-05, 1.93412743101e-05, 1.43345187098e-05, 1.82812400453e-05, 1.53433193191e-05, 7.73905685492e-06, 4.27053373642e-06, 5.27624479219e-06, 8.00250927568e-06, 7.35695402909e-06, 5.5944401538e-06, 4.12379040426e-06, 2.48650439971e-06, 2.03223135031e-06, 1.67486780356e-06, 1.23705683563e-06, 1.0210299024e-06, 6.73480030855e-07, 4.40052588147e-07, 2.87215584649e-07, 2.77700564766e-07, 2.4111020025e-07, 1.67379411664e-07],
        "min": [3.18211164085e-06, 2.95297595585e-05, 4.94324813189e-05, 3.22938649333e-05, 2.08880101127e-05, 1.56634559971e-05, 9.18847399589e-06, 1.04898015252e-06, 3.20721801472e-06, 2.62018215835e-06, 2.21517120735e-06, 1.81554355549e-06, 1.64187122209e-06, 2.13035218621e-06, 1.71276178662e-06, 1.10710982426e-06, 1.91013214135e-06, 1.67243524629e-06, 1.16170758702e-06, 1.0972482869e-06, 1.37052859372e-06, 9.79279889179e-07, 6.93461004175e-07, 2.82437071064e-07, 4.89731291964e-07, 5.03265596308e-07, 5.28876284989e-07, 2.83979062488e-07, 1.2949338668e-07, 1.63674855003e-07, 2.02636144309e-07, 1.18757100154e-07, 7.82365390251e-08, 6.40144932618e-08, 3.24473070634e-08, 2.34604389249e-08, 1.33208777342e-08, 2.79289946725e-09, 1.24812000735e-08, 8.22515389132e-09],
