{
"highlevel": {
    "danceability": {
        "all": {
            "danceable": 0.0481937676668,
            "not_danceable": 0.951806247234
        },
        "probability": 0.951806247234,
        "value": "not_danceable"
    },
    "gender": {
        "all": {
            "female": 0.69625633955,
            "male": 0.30374366045
        },
        "probability": 0.69625633955,
        "value": "female"
    },
    "genre_dortmund": {
        "all": {
            "alternative": 0.2680080235,
            "blues": 0.0516753047705,
            "electronic": 0.110616929829,
            "folkcountry": 0.0754936933517,
            "funksoulrnb": 0.0338698029518,
            "jazz": 0.237097680569,
            "pop": 0.0383712202311,
            "raphiphop": 0.00688820658252,
            "rock": 0.177979156375
        },
        "probability": 0.2680080235,
        "value": "alternative"
    },
    "genre_electronic": {
        "all": {
            "ambient": 0.769278883934,
            "dnb": 0.0585224740207,
            "house": 0.1131086573,
            "techno": 0.0127964075655,
            "trance": 0.0462935753167
        },
        "probability": 0.769278883934,
        "value": "ambient"
    },
    "genre_rosamerica": {
        "all": {
            "cla": 0.0781508013606,
            "dan": 0.0550314113498,
            "hip": 0.0461289137602,
            "jaz": 0.116069145501,
            "pop": 0.368595659733,
            "rhy": 0.100243322551,
            "roc": 0.209617316723,
            "spe": 0.0261634234339
        },
        "probability": 0.368595659733,
        "value": "pop"
    },
    "genre_tzanetakis": {
        "all": {
            "blu": 0.0494333393872,
            "cla": 0.0329593531787,
            "cou": 0.10462025553,
            "dis": 0.1326739043,
            "hip": 0.148372903466,
            "jaz": 0.296719640493,
            "met": 0.0423802286386,
            "pop": 0.0593333952129,
            "reg": 0.059335347265,
            "roc": 0.0741716474295
        },
        "probability": 0.296719640493,
        "value": "jaz"
    },
    "ismir04_rhythm": {
        "all": {
            "ChaChaCha": 0.108217999339,
            "Jive": 0.0320916324854,
            "Quickstep": 0.153829216957,
            "Rumba-American": 0.0792924836278,
            "Rumba-International": 0.0576388947666,
            "Rumba-Misc": 0.0235453434289,
            "Samba": 0.142690733075,
            "Tango": 0.237607717514,
            "VienneseWaltz": 0.124750748277,
            "Waltz": 0.0403352230787
        },
        "probability": 0.237607717514,
        "value": "Tango"
    },
    "mood_acoustic": {
        "all": {
            "acoustic": 0.374774545431,
            "not_acoustic": 0.625225484371
        },
        "probability": 0.625225484371,
        "value": "not_acoustic"
    },
    "mood_aggressive": {
        "all": {
            "aggressive": 0.446062982082,
            "not_aggressive": 0.553937017918
        },
        "probability": 0.553937017918,
        "value": "not_aggressive"
    },
    "mood_electronic": {
        "all": {
            "electronic": 0.836449205875,
            "not_electronic": 0.163550823927
        },
        "probability": 0.836449205875,
        "value": "electronic"
    },
    "mood_happy": {
        "all": {
            "happy": 0.159235239029,
            "not_happy": 0.840764760971
        },
        "probability": 0.840764760971,
        "value": "not_happy"
    },
    "mood_party": {
        "all": {
            "not_party": 0.895954847336,
            "party": 0.104045130312
        },
        "probability": 0.895954847336,
        "value": "not_party"
    },
    "mood_relaxed": {
        "all": {
            "not_relaxed": 0.0463829115033,
            "relaxed": 0.953617095947
        },
        "probability": 0.953617095947,
        "value": "relaxed"
    },
    "mood_sad": {
        "all": {
            "not_sad": 0.559867739677,
            "sad": 0.440132260323
        },
        "probability": 0.559867739677,
        "value": "not_sad"
    },
    "moods_mirex": {
        "all": {
            "Cluster1": 0.41424113512,
            "Cluster2": 0.127601876855,
            "Cluster3": 0.292686372995,
            "Cluster4": 0.103795424104,
            "Cluster5": 0.0616751722991
        },
        "probability": 0.41424113512,
        "value": "Cluster1"
    },
    "timbre": {
        "all": {
            "bright": 0.290580958128,
            "dark": 0.709419071674
        },
        "probability": 0.709419071674,
        "value": "dark"
    },
    "tonal_atonal": {
        "all": {
            "atonal": 0.0346958376467,
            "tonal": 0.965304136276
        },
        "probability": 0.965304136276,
        "value": "tonal"
    },
    "voice_instrumental": {
        "all": {
            "instrumental": 0.987293243408,
            "voice": 0.0127067789435
        },
        "probability": 0.987293243408,
        "value": "instrumental"
    }
},
"lowlevel": {
    "average_loudness": 0.965478420258,
    "barkbands_crest": {
        "dmean": 2.5621843338,
        "dmean2": 4.27991247177,
        "dvar": 5.45105791092,
        "dvar2": 14.8127393723,
        "max": 22.8815383911,
        "mean": 10.2597007751,
        "median": 9.5735912323,
        "min": 3.55224180222,
        "var": 13.8416280746
    },
    "barkbands_flatness_db": {
        "dmean": 0.0251402724534,
        "dmean2": 0.0383559241891,
        "dvar": 0.000603574386332,
        "dvar2": 0.0013049999252,
        "max": 0.38820874691,
        "mean": 0.204630792141,
        "median": 0.191104739904,
        "min": 0.0724822357297,
        "var": 0.00417699851096
    },
    "barkbands_kurtosis": {
        "dmean": 2.48610281944,
        "dmean2": 4.10980033875,
        "dvar": 28.9997634888,
        "dvar2": 78.3815460205,
        "max": 99.9584274292,
        "mean": 2.85740327835,
        "median": 1.58164453506,
        "min": -1.78654289246,
        "var": 27.8771781921
    },
    "barkbands_skewness": {
        "dmean": 0.520245432854,
        "dmean2": 0.81043612957,
        "dvar": 0.346359401941,
        "dvar2": 0.80629825592,
        "max": 7.49153661728,
        "mean": 1.2686715126,
        "median": 1.1917579174,
        "min": -2.18619370461,
        "var": 0.910997509956
    },
    "barkbands_spread": {
        "dmean": 3.00450515747,
        "dmean2": 4.62187194824,
        "dvar": 9.55288600922,
        "dvar2": 22.1786060333,
        "max": 36.1198234558,
        "mean": 13.4580144882,
        "median": 12.8404474258,
        "min": 1.50073623657,
        "var": 33.1707649231
    },
    "dissonance": {
        "dmean": 0.0349645763636,
        "dmean2": 0.0578752495348,
        "dvar": 0.00105319998693,
        "dvar2": 0.00273861736059,
        "max": 0.499722391367,
        "mean": 0.429642617702,
        "median": 0.443732470274,
        "min": 0.189438343048,
        "var": 0.00306129665114
    },
    "dynamic_complexity": 2.16040253639,
    "erbbands_crest": {
        "dmean": 2.89311003685,
        "dmean2": 4.58657836914,
        "dvar": 6.65037345886,
        "dvar2": 15.7350244522,
        "max": 32.2033233643,
        "mean": 11.3284349442,
        "median": 9.91190910339,
        "min": 2.53382158279,
        "var": 30.2289104462
    },
    "erbbands_flatness_db": {
        "dmean": 0.0236748829484,
        "dmean2": 0.0310839787126,
        "dvar": 0.00056918564951,
        "dvar2": 0.000930421228986,
        "max": 0.403179377317,
        "mean": 0.211548015475,
        "median": 0.201771304011,
        "min": 0.0929302424192,
        "var": 0.00472582085058
    },
    "erbbands_kurtosis": {
        "dmean": 1.24685871601,
        "dmean2": 1.87848043442,
        "dvar": 3.55159974098,
        "dvar2": 7.37765598297,
        "max": 34.4035987854,
        "mean": 1.84560477734,
        "median": 0.728747367859,
        "min": -1.62295126915,
        "var": 14.1233644485
    },
    "erbbands_skewness": {
        "dmean": 0.373206704855,
        "dmean2": 0.556111216545,
        "dvar": 0.15022058785,
        "dvar2": 0.312650173903,
        "max": 3.87764549255,
        "mean": 0.278941482306,
        "median": 0.372490674257,
        "min": -3.60033607483,
        "var": 0.631870150566
    },
    "erbbands_spread": {
        "dmean": 6.25617074966,
        "dmean2": 8.79712963104,
        "dvar": 57.1598052979,
        "dvar2": 102.220756531,
        "max": 92.5816497803,
        "mean": 24.3690338135,
        "median": 20.7668094635,
        "min": 1.69555282593,
        "var": 235.003967285
    },
    "hfc": {
        "dmean": 5.11172771454,
        "dmean2": 6.84608507156,
        "dvar": 37.7050132751,
        "dvar2": 61.8753089905,
        "max": 77.7541122437,
        "mean": 17.542470932,
        "median": 16.1857891083,
        "min": 0.113657601178,
        "var": 143.841796875
    },
    "melbands_crest": {
        "dmean": 3.02684664726,
        "dmean2": 5.08998060226,
        "dvar": 7.64834070206,
        "dvar2": 20.9109134674,
        "max": 28.2334785461,
        "mean": 12.8786554337,
        "median": 12.4378681183,
        "min": 4.66505527496,
        "var": 15.4152154922
    },
    "melbands_flatness_db": {
        "dmean": 0.030032062903,
        "dmean2": 0.0450667664409,
        "dvar": 0.000933111994527,
        "dvar2": 0.00201398436911,
        "max": 0.499652713537,
        "mean": 0.271798342466,
        "median": 0.251578062773,
        "min": 0.100106015801,
        "var": 0.00612428877503
    },
    "melbands_kurtosis": {
        "dmean": 5.25580596924,
        "dmean2": 8.55356884003,
        "dvar": 136.84803772,
        "dvar2": 352.429534912,
        "max": 201.419372559,
        "mean": 7.51216650009,
        "median": 3.92274808884,
        "min": -1.74947738647,
        "var": 154.344696045
    },
    "melbands_skewness": {
        "dmean": 0.675446271896,
        "dmean2": 1.04500877857,
        "dvar": 0.615589559078,
        "dvar2": 1.36701071262,
        "max": 8.86995410919,
        "mean": 1.9397777319,
        "median": 1.76278018951,
        "min": -2.12898159027,
        "var": 1.68946743011
    },
    "melbands_spread": {
        "dmean": 3.64017033577,
        "dmean2": 5.73448181152,
        "dvar": 12.3320207596,
        "dvar2": 29.4098014832,
        "max": 47.0042037964,
        "mean": 15.0020532608,
        "median": 14.6532430649,
        "min": 0.952166616917,
        "var": 38.6812362671
    },
    "pitch_salience": {
        "dmean": 0.0694239735603,
        "dmean2": 0.115563049912,
        "dvar": 0.00396582297981,
        "dvar2": 0.0112730273977,
        "max": 0.838887155056,
        "mean": 0.535985648632,
        "median": 0.538361728191,
        "min": 0.191192120314,
        "var": 0.00983454007655
    },
    "silence_rate_20dB": {
        "dmean": 0,
        "dmean2": 0,
        "dvar": 0,
        "dvar2": 0,
        "max": 1,
        "mean": 1,
        "median": 1,
        "min": 1,
        "var": 0
    },
    "silence_rate_30dB": {
        "dmean": 0.061919502914,
        "dmean2": 0.123934932053,
        "dvar": 0.0580856204033,
        "dvar2": 0.147305652499,
        "max": 1,
        "mean": 0.956689894199,
        "median": 1,
        "min": 0,
        "var": 0.0414346605539
    },
    "silence_rate_60dB": {
        "dmean": 0.00928792543709,
        "dmean2": 0.018590239808,
        "dvar": 0.00920158904046,
        "dvar2": 0.0244413223118,
        "max": 1,
        "mean": 0.0146945090964,
        "median": 0,
        "min": 0,
        "var": 0.0144784152508
    },
    "spectral_centroid": {
        "dmean": 138.354095459,
        "dmean2": 205.608856201,
        "dvar": 23246.7792969,
        "dvar2": 55379.5625,
        "max": 2315.15356445,
        "mean": 792.496032715,
        "median": 749.442932129,
        "min": 219.216140747,
        "var": 75845.15625
    },
    "spectral_complexity": {
        "dmean": 2.7925696373,
        "dmean2": 4.10689401627,
        "dvar": 8.29438781738,
        "dvar2": 14.3944587708,
        "max": 43,
        "mean": 16.9389019012,
        "median": 16,
        "min": 0,
        "var": 49.1432418823
    },
    "spectral_decrease": {
        "dmean": 4.00295752101e-09,
        "dmean2": 6.32288177371e-09,
        "dvar": 3.79522343353e-17,
        "dvar2": 8.64904415999e-17,
        "max": -2.85487588431e-11,
        "mean": -1.01570529765e-08,
        "median": -8.17904499684e-09,
        "min": -5.22301775163e-08,
        "var": 6.29921065167e-17
    },
    "spectral_energy": {
        "dmean": 0.0154581395909,
        "dmean2": 0.0242961701006,
        "dvar": 0.000558413856197,
        "dvar2": 0.00126203277614,
        "max": 0.199841320515,
        "mean": 0.0399262048304,
        "median": 0.0323722362518,
        "min": 0.00011805860413,
        "var": 0.000951177091338
    },
    "spectral_energyband_high": {
        "dmean": 0.000218163797399,
        "dmean2": 0.000266826536972,
        "dvar": 1.61503805884e-07,
        "dvar2": 2.38986700651e-07,
        "max": 0.00483050895855,
        "mean": 0.000402794918045,
        "median": 0.000117211508041,
        "min": 2.5230943379e-07,
        "var": 4.51023879577e-07
    },
    "spectral_energyband_low": {
        "dmean": 0.0112860314548,
        "dmean2": 0.018944542855,
        "dvar": 0.000400013377657,
        "dvar2": 0.000965301122051,
        "max": 0.174672394991,
        "mean": 0.0182688646019,
        "median": 0.0117738200352,
        "min": 1.06479774331e-05,
        "var": 0.000510718266014
    },
    "spectral_energyband_middle_high": {
        "dmean": 0.00216870056465,
        "dmean2": 0.00329658575356,
        "dvar": 6.21337039775e-06,
        "dvar2": 1.45075182445e-05,
        "max": 0.0289219114929,
        "mean": 0.00655280472711,
        "median": 0.00591623596847,
        "min": 8.03402872407e-05,
        "var": 2.02099545277e-05
    },
    "spectral_energyband_middle_low": {
        "dmean": 0.00739427749068,
        "dmean2": 0.011753609404,
        "dvar": 0.000125462131109,
        "dvar2": 0.000310196366627,
        "max": 0.12790158391,
        "mean": 0.0173248052597,
        "median": 0.0147728547454,
        "min": 2.65149046754e-05,
        "var": 0.000197138841031
    },
    "spectral_entropy": {
        "dmean": 0.209249064326,
        "dmean2": 0.276802271605,
        "dvar": 0.0516579560935,
        "dvar2": 0.0948347002268,
        "max": 8.19439411163,
        "mean": 6.99736642838,
        "median": 7.0739865303,
        "min": 5.31974554062,
        "var": 0.337255477905
    },
    "spectral_flux": {
        "dmean": 0.0318453796208,
        "dmean2": 0.0503305830061,
        "dvar": 0.00167967914604,
        "dvar2": 0.00360322534107,
        "max": 0.36408701539,
        "mean": 0.0975911319256,
        "median": 0.0852824747562,
        "min": 0.00592611171305,
        "var": 0.00388304423541
    },
    "spectral_kurtosis": {
        "dmean": 6.61248826981,
        "dmean2": 10.5109558105,
        "dvar": 90.1108474731,
        "dvar2": 217.342147827,
        "max": 87.2927856445,
        "mean": 12.9794721603,
        "median": 6.63396644592,
        "min": 0.232012271881,
        "var": 234.949005127
    },
    "spectral_rms": {
        "dmean": 0.00108777917922,
        "dmean2": 0.00167195673566,
        "dvar": 1.83276483767e-06,
        "dvar2": 3.84572922485e-06,
        "max": 0.0139630632475,
        "mean": 0.00584766687825,
        "median": 0.00561984581873,
        "min": 0.000339380494552,
        "var": 4.75716615256e-06
    },
    "spectral_rolloff": {
        "dmean": 169.182098389,
        "dmean2": 292.240600586,
        "dvar": 47206.4609375,
        "dvar2": 107159.929688,
        "max": 3531.4453125,
        "mean": 793.546447754,
        "median": 882.861328125,
        "min": 107.666015625,
        "var": 91278.5234375
    },
    "spectral_skewness": {
        "dmean": 0.539066970348,
        "dmean2": 0.830436587334,
        "dvar": 0.399052709341,
        "dvar2": 0.951531946659,
        "max": 7.57990217209,
        "mean": 2.38186073303,
        "median": 1.98982012272,
        "min": 0.726448237896,
        "var": 1.53352987766
    },
    "spectral_spread": {
        "dmean": 538027.9375,
        "dmean2": 686751.5,
        "dvar": 708010639360,
        "dvar2": 897328283648,
        "max": 24495412,
        "mean": 3116057.75,
        "median": 2972158.5,
        "min": 818631.4375,
        "var": 2.10487738368e+12
    },
    "spectral_strongpeak": {
        "dmean": 0.426750779152,
        "dmean2": 0.726727902889,
        "dvar": 0.431330054998,
        "dvar2": 1.07256579399,
        "max": 6.00627040863,
        "mean": 0.794997513294,
        "median": 0.438681066036,
        "min": 0.0191067848355,
        "var": 0.781966924667
    },
    "zerocrossingrate": {
        "dmean": 0.00502529088408,
        "dmean2": 0.00610483950004,
        "dvar": 2.20704441745e-05,
        "dvar2": 3.20727340295e-05,
        "max": 0.0888671875,
        "mean": 0.0337722189724,
        "median": 0.03271484375,
        "min": 0.00537109375,
        "var": 0.000148742867168
    },
    "barkbands": {
        "dmean": [0.000163932651049, 0.00625955453143, 0.00551810162142, 0.00331451953389, 0.00269897980615, 0.00131358148064, 0.00165087706409, 0.000937369652092, 0.000700948876329, 0.0015614584554, 0.000775640597567, 0.000342697458109, 0.000170226630871, 0.000246003357461, 0.000195312983124, 0.000100520883279, 8.52216253406e-05, 9.66494117165e-05, 5.78619074076e-05, 5.82976463193e-05, 3.88637199649e-05, 7.43953933124e-05, 7.11210886948e-05, 2.01492803171e-05, 1.02376689028e-05, 2.99142720905e-06, 6.73554367836e-09],
        "dmean2": [0.000244218332227, 0.0103543661535, 0.00987644679844, 0.00571356387809, 0.00438241893426, 0.00208660191856, 0.00253575341776, 0.00142015097663, 0.00115357199684, 0.00251698074862, 0.00119764916599, 0.000522201764397, 0.000251389748883, 0.000376974319806, 0.000319548271364, 0.000161238931469, 0.000133834109874, 0.000143297729664, 8.92061216291e-05, 8.87855130713e-05, 5.58525171073e-05, 9.58096716204e-05, 8.89350194484e-05, 2.62309549726e-05, 1.37040979098e-05, 4.71295879834e-06, 9.1615071085e-09],
        "dvar": [1.08071958493e-07, 0.000126533035655, 0.000135576017783, 7.46114092181e-05, 1.47971468323e-05, 4.01571332986e-06, 4.66933988719e-06, 2.82836413135e-06, 1.58595207722e-06, 4.64560935143e-06, 1.30882597205e-06, 3.44534583974e-07, 6.35200692045e-08, 2.17829935423e-07, 1.14687992436e-07, 2.15755395772e-08, 2.4968882073e-08, 4.50170638544e-08, 9.605972906e-09, 9.39316446846e-09, 3.90603727141e-09, 2.18374314187e-08, 2.25044516355e-08, 1.70533387411e-09, 4.32146540774e-10, 4.26301320633e-11, 1.19758744276e-14],
        "dvar2": [2.28500752542e-07, 0.000315903220326, 0.000374219293008, 0.000204017444048, 3.69406880054e-05, 8.91270428838e-06, 9.75544753601e-06, 6.18484546067e-06, 4.07698917115e-06, 1.15399243441e-05, 3.26941403728e-06, 8.35512196318e-07, 1.28826087575e-07, 5.45187617718e-07, 2.90145123927e-07, 5.54233992034e-08, 5.39641540342e-08, 9.75654046442e-08, 2.22438902853e-08, 2.18561559961e-08, 8.2978992566e-09, 3.6458640551e-08, 3.73857318436e-08, 2.9704505522e-09, 7.92025445229e-10, 1.05447699184e-10, 1.21460433467e-14],
        "max": [0.00331790396012, 0.0994923561811, 0.0931315869093, 0.0828259587288, 0.0413495488465, 0.0258590914309, 0.033273562789, 0.0189152061939, 0.0130666689947, 0.0275621674955, 0.014045028016, 0.0107851475477, 0.0036522638984, 0.00669228192419, 0.00414774706587, 0.00190127338283, 0.00250233081169, 0.00258174119517, 0.00144315289799, 0.00127644790336, 0.000686099403538, 0.00153471506201, 0.00193876912817, 0.000452285341453, 0.000252152938629, 8.62605593284e-05, 3.61683873962e-06],
        "mean": [0.000232337726629, 0.00980583764613, 0.0059503079392, 0.00387214263901, 0.00485964026302, 0.00231891172007, 0.0031512172427, 0.00143633026164, 0.00114951166324, 0.00282564223744, 0.00147127418313, 0.000758069101721, 0.00035161091364, 0.000408843945479, 0.00031093833968, 0.000179156224476, 0.000153330984176, 0.000139342431794, 0.000101539138996, 0.000109836277261, 7.25452628103e-05, 0.000116140770842, 0.000102261517895, 3.05034918711e-05, 1.47378732436e-05, 4.22270477429e-06, 5.94137716803e-09],
        "median": [4.70624217996e-05, 0.00656024832278, 0.00236137793399, 0.00142512749881, 0.00292290560901, 0.00146220589522, 0.00170614128001, 0.000452276086435, 0.000592054740991, 0.00167054194026, 0.00083031563554, 0.000418600713601, 0.000186942546861, 0.000152515611262, 0.000141863158206, 0.000100869743619, 4.66589881398e-05, 4.56274647149e-05, 4.40973162767e-05, 5.45744405827e-05, 2.61227451119e-05, 2.43724607571e-05, 1.18975440273e-05, 5.31794057679e-06, 1.72130614828e-06, 3.14384465128e-07, 5.53039780637e-10],
        "min": [2.63256949573e-09, 2.19719640882e-06, 4.22248227494e-08, 2.87518382436e-08, 1.56766736836e-06, 2.02146964057e-07, 2.03853210223e-06, 5.18527656368e-07, 2.05908281714e-06, 7.63166190154e-06, 6.11255973126e-06, 3.88984017263e-06, 1.12109671591e-06, 5.56766167392e-07, 4.42074288287e-08, 4.92008894071e-07, 2.93103319393e-08, 2.97725613052e-08, 7.92259982063e-08, 4.06105442607e-08, 1.31196484787e-08, 1.28920012443e-08, 7.79758568825e-09, 3.3674851796e-10, 7.85591730557e-12, 1.01367985186e-11, 1.09170407089e-11],
        "var": [1.89847909837e-07, 0.000158379145432, 0.000114344504254, 5.90766503592e-05, 2.88585615635e-05, 8.38626692712e-06, 1.63710355991e-05, 5.30205488758e-06, 2.54899168795e-06, 1.17019053505e-05, 3.02776288663e-06, 9.96948188003e-07, 2.28384735124e-07, 4.48152974286e-07, 2.02527687065e-07, 4.29192290596e-08, 6.24161984319e-08, 7.10090972689e-08, 1.97248439804e-08, 2.15465689735e-08, 1.11337046249e-08, 4.90040470424e-08, 4.82263011747e-08, 3.69768327069e-09, 8.83423945108e-10, 8.23160706265e-11, 1.19431662504e-14]
    },
    "erbbands": {
        "dmean": [0.194891840219, 1.48957276344, 5.59060430527, 8.94236660004, 8.7929019928, 9.89941215515, 12.832359314, 12.114900589, 18.8938751221, 23.5287494659, 20.0487060547, 17.1239700317, 27.9937419891, 53.6935424805, 23.6996822357, 11.0898838043, 7.95580005646, 11.3974065781, 12.1003217697, 5.812520504, 5.14808654785, 3.58343267441, 6.1559305191, 3.17207837105, 2.74648857117, 2.76331830025, 1.91470491886, 1.59111130238, 2.35337495804, 3.26872706413, 1.6221139431, 0.664278507233, 0.236895292997, 0.122141718864, 0.0761640891433, 0.018600307405, 0.00499954260886, 0.000625433516689, 1.67658308783e-05, 1.72194068e-05],
        "dmean2": [0.3116363585, 2.51580190659, 10.006029129, 15.0602426529, 14.5102758408, 16.1964874268, 21.108259201, 19.0781497955, 28.6467399597, 36.0675544739, 30.8443088531, 27.7085475922, 46.2705116272, 82.6455001831, 34.9531898499, 17.0633850098, 11.6146144867, 17.4675998688, 19.2047252655, 9.35360717773, 8.10567951202, 5.53172254562, 9.22036838531, 4.81043672562, 4.14320611954, 4.12476491928, 2.8326883316, 2.22810220718, 3.12831568718, 4.31367492676, 2.09252142906, 0.86675465107, 0.334575921297, 0.171802788973, 0.104383766651, 0.0277369022369, 0.00798006542027, 0.00101925223134, 2.53917423834e-05, 2.67008526862e-05],
        "dvar": [0.129031836987, 7.27543830872, 139.005340576, 421.344238281, 326.421813965, 205.096969604, 576.518676758, 400.54788208, 647.938293457, 1149.51660156, 1272.00756836, 810.994934082, 2313.65966797, 5559.29003906, 1354.87744141, 222.870483398, 140.295150757, 495.257446289, 331.70123291, 90.6136398315, 56.3082008362, 33.8711090088, 205.809677124, 34.4149894714, 19.9305171967, 21.4767513275, 9.98565101624, 7.63805675507, 22.7304210663, 47.9383659363, 11.8164100647, 2.00969815254, 0.238551437855, 0.0692318752408, 0.0228149536997, 0.00141520693433, 0.000131218126626, 3.54272265213e-06, 1.19486076589e-09, 6.89316104197e-10],
        "dvar2": [0.321712017059, 18.6087379456, 389.630737305, 1108.1463623, 814.594482422, 525.764221191, 1612.55236816, 823.345275879, 1399.12390137, 2399.04907227, 2813.12084961, 2014.58544922, 6604.98925781, 12817.0947266, 3103.26611328, 548.013305664, 271.276062012, 1241.51147461, 844.276062012, 232.830093384, 132.258621216, 77.107635498, 451.738677979, 82.3467941284, 42.6044387817, 50.9134140015, 22.8908672333, 14.6162424088, 38.6099395752, 85.7281570435, 18.958820343, 3.47516798973, 0.494171261787, 0.145632326603, 0.0411100126803, 0.00327019160613, 0.000330457929522, 9.5947243608e-06, 2.70743605313e-09, 1.50803181054e-09],
        "max": [3.24181866646, 27.3242721558, 98.1825790405, 196.696029663, 141.978179932, 149.973892212, 299.652191162, 275.119293213, 530.924682617, 352.19619751, 348.432617188, 325.015136719, 539.593200684, 1110.85107422, 755.491699219, 181.622558594, 198.721389771, 333.736358643, 210.674057007, 121.121414185, 95.1927947998, 78.4418411255, 181.835021973, 85.7843780518, 58.1290664673, 70.1723861694, 37.9867553711, 32.3042068481, 50.5816764832, 75.1595916748, 39.433506012, 16.4053421021, 5.3322262764, 3.360049963, 1.79901719093, 0.426747113466, 0.153577774763, 0.027639048174, 0.000561606604606, 0.000220383983105],
        "mean": [0.248240783811, 2.3226172924, 6.45823287964, 11.2630262375, 11.7247629166, 17.3032245636, 20.4640426636, 20.7950172424, 38.3504104614, 39.6345176697, 33.4204330444, 31.1949253082, 47.0139083862, 109.645881653, 53.4267158508, 25.500164032, 17.7945995331, 20.3743495941, 21.1242542267, 11.2061758041, 10.182636261, 6.87264204025, 8.91825485229, 5.13639116287, 5.1128115654, 5.28816986084, 3.82084536552, 2.81770920753, 3.72045731544, 4.61997032166, 2.42575621605, 0.978446960449, 0.35011562705, 0.164153397083, 0.105863600969, 0.0259106177837, 0.00699170958251, 0.000818727654405, 3.59076948371e-05, 4.62713724119e-05],
        "median": [0.11445825547, 1.53191399574, 3.41586685181, 5.19586324692, 5.41588878632, 9.83087730408, 11.1323213577, 11.1428728104, 20.0136451721, 22.1402893066, 13.5393714905, 17.8342075348, 31.2228736877, 58.8611869812, 39.5739936829, 17.7861232758, 10.37596035, 10.805521965, 11.7675819397, 6.85365438461, 5.37503385544, 3.005215168, 2.95454239845, 2.23340678215, 2.27061128616, 2.59648561478, 1.59421932697, 0.908014416695, 0.821140766144, 0.612170159817, 0.317936420441, 0.160479038954, 0.0591335557401, 0.0227033905685, 0.00943744461983, 0.0025469167158, 0.000477357330965, 3.30242764903e-05, 1.93472533283e-05, 3.74871815438e-05],
        "min": [5.02832772327e-05, 0.000663672981318, 0.000657686730847, 0.000180136237759, 0.00418606959283, 0.00608192523941, 0.00699067907408, 0.00238006049767, 0.022814868018, 0.0272916518152, 0.0177059229463, 0.176840528846, 0.295433074236, 0.365907430649, 0.308635354042, 0.194487914443, 0.0884661003947, 0.115183979273, 0.0422916039824, 0.0205657370389, 0.0251916479319, 0.00334890536033, 0.00220353528857, 0.00485766259953, 0.00299138668925, 0.00212716520764, 0.000594002543949, 0.000402337143896, 0.00050153589109, 0.000530363875441, 0.000293397839414, 0.000124123558635, 5.83901419304e-05, 1.62254691531e-05, 7.55226392357e-06, 5.05698244524e-06, 2.19507228394e-06, 4.84055021843e-07, 2.21016208002e-07, 1.49329437704e-07],
        "var": [0.154813662171, 8.59285354614, 111.571052551, 380.651153564, 349.288208008, 383.389221191, 842.917236328, 843.96887207, 2908.01318359, 2389.02124023, 2534.50366211, 1601.61096191, 2908.06640625, 17877.5390625, 3083.39257812, 643.89251709, 577.475952148, 946.394348145, 727.133972168, 178.821762085, 144.960479736, 91.5474395752, 306.526824951, 61.3532714844, 49.0616073608, 48.0162658691, 28.6968078613, 19.3077945709, 49.5941581726, 95.8943862915, 25.8615474701, 4.10005521774, 0.464233726263, 0.123017676175, 0.0454783812165, 0.00251619005576, 0.00024847840541, 5.9599474298e-06, 2.32360375385e-09, 1.26316146432e-09]
    },
    "gfcc": {
        "mean": [-25.0535163879, 155.952331543, -121.458900452, 21.2535972595, -56.91954422, 17.7142448425, -19.6236820221, 0.43781414628, -16.8030071259, -6.75305652618, -9.16348457336, -3.77201151848, -2.17930817604],
        "cov": [[6282.90429688, -2378.83911133, 60.4003791809, 1488.37902832, -936.694641113, 170.604614258, -733.42388916, 156.502822876, -97.6396255493, 265.999511719, -425.268768311, 171.825119019, -405.179168701], [-2378.83911133, 1656.86730957, -83.0526885986, -626.041137695, 490.83203125, -236.705429077, 376.037475586, -206.301925659, 145.514144897, -239.652648926, 306.547424316, -159.337127686, 225.688232422], [60.4003791809, -83.0526885986, 456.940979004, 47.0669784546, -35.2406349182, 81.2800979614, -79.2836151123, 66.6249694824, -2.08014726639, 72.501159668, -38.4764976501, 53.4392051697, -51.9584388733], [1488.37902832, -626.041137695, 47.0669784546, 660.609436035, -209.76008606, 149.298751831, -108.978218079, 38.1944847107, 23.441493988, 34.8322906494, -72.8560409546, 13.7925424576, -79.8555374146], [-936.694641113, 490.83203125, -35.2406349182, -209.76008606, 391.905639648, -12.5656700134, 208.53717041, 0.720224320889, 31.5097351074, -45.3576698303, 69.7736358643, -37.4401435852, 50.7372169495], [170.604614258, -236.705429077, 81.2800979614, 149.298751831, -12.5656700134, 234.863800049, 26.2838993073, 84.0283813477, 8.60521888733, 11.4263772964, -11.5489606857, 16.5666046143, -12.7557926178], [-733.42388916, 376.037475586, -79.2836151123, -108.978218079, 208.53717041, 26.2838993073, 280.495849609, 12.8304195404, 34.9342765808, -91.6309509277, 70.9586715698, -31.0940799713, 65.9920730591], [156.502822876, -206.301925659, 66.6249694824, 38.1944847107, 0.720224320889, 84.0283813477, 12.8304195404, 138.339614868, 10.1340198517, 42.4471855164, -40.1833114624, 30.4542217255, -30.4881687164], [-97.6396255493, 145.514144897, -2.08014726639, 23.441493988, 31.5097351074, 8.60521888733, 34.9342765808, 10.1340198517, 114.505554199, -4.01327705383, 54.2567710876, -27.0067329407, 20.6297702789], [265.999511719, -239.652648926, 72.501159668, 34.8322906494, -45.3576698303, 11.4263772964, -91.6309509277, 42.4471855164, -4.01327705383, 138.879241943, -26.5554885864, 39.3353919983, -49.0148200989], [-425.268768311, 306.547424316, -38.4764976501, -72.8560409546, 69.7736358643, -11.5489606857, 70.9586715698, -40.1833114624, 54.2567710876, -26.5554885864, 141.200653076, -18.7947635651, 49.6280250549], [171.825119019, -159.337127686, 53.4392051697, 13.7925424576, -37.4401435852, 16.5666046143, -31.0940799713, 30.4542217255, -27.0067329407, 39.3353919983, -18.7947635651, 86.2332077026, -5.03625917435], [-405.179168701, 225.688232422, -51.9584388733, -79.8555374146, 50.7372169495, -12.7557926178, 65.9920730591, -30.4881687164, 20.6297702789, -49.0148200989, 49.6280250549, -5.03625917435, 107.081459045]],
        "icov": [[0.000746915931813, -0.000261619366938, 0.000588165712543, -0.00140988628846, 0.000510971411131, 0.000209151417948, 0.000943932041992, -0.000607108231634, 1.75533659785e-05, 3.14147946483e-05, 0.000781022710726, -0.00114069716074, 0.00123518402688], [-0.000261619366938, 0.0123468004167, -0.00596822658554, 0.00579576520249, -0.00579066900536, 0.00678834039718, -0.00442460970953, 0.00755406962708, -0.00670114625245, 0.0086208563298, -0.0107175959274, 0.00927751418203, -0.00651563983411], [0.000588165712543, -0.00596822658554, 0.00597016699612, -0.00334678892978, 0.00269062980078, -0.00403352081776, 0.00352559098974, -0.00416924571618, 0.00250089471228, -0.00423867395148, 0.00574286142364, -0.00643428880721, 0.00470398925245], [-0.00140988628846, 0.00579576520249, -0.00334678892978, 0.00748789776117, -0.00234263995662, 0.000763050047681, -0.00356595404446, 0.00539923924953, -0.0045750006102, 0.00386804249138, -0.00487852515653, 0.00557474698871, -0.00347909354605], [0.000510971411131, -0.00579066900536, 0.00269062980078, -0.00234263995662, 0.00798142980784, -0.00299048516899, -0.0012225927785, -0.00344636081718, 0.00287162256427, -0.00527288392186, 0.00517920870334, -0.00353926164098, 0.00379717187025], [0.000209151417948, 0.00678834039718, -0.00403352081776, 0.000763050047681, -0.00299048516899, 0.0110323065892, -0.00285018444993, -0.000390920700738, -0.00221473909914, 0.0051635610871, -0.00710306456313, 0.00535438582301, -0.00419365661219], [0.000943932041992, -0.00442460970953, 0.00352559098974, -0.00356595404446, -0.0012225927785, -0.00285018444993, 0.0116487853229, -0.00616383459419, 0.00217244797386, 0.00166951725259, 0.00238661980256, -0.00470524840057, 0.00227269879542], [-0.000607108231634, 0.00755406962708, -0.00416924571618, 0.00539923924953, -0.00344636081718, -0.000390920700738, -0.00616383459419, 0.0189819727093, -0.00824005436152, 0.0020873376634, -0.00184620986693, 0.00249366788194, -0.00190952816047], [1.75533659785e-05, -0.00670114625245, 0.00250089471228, -0.0045750006102, 0.00287162256427, -0.00221473909914, 0.00217244797386, -0.00824005436152, 0.017539460212, -0.00611252849922, -0.000159600327606, 0.000412074004998, 0.000598652870394], [3.14147946483e-05, 0.0086208563298, -0.00423867395148, 0.00386804249138, -0.00527288392186, 0.0051635610871, 0.00166951725259, 0.0020873376634, -0.00611252849922, 0.0189847461879, -0.00860671233386, 0.0019732711371, -0.0005946920719], [0.000781022710726, -0.0107175959274, 0.00574286142364, -0.00487852515653, 0.00517920870334, -0.00710306456313, 0.00238661980256, -0.00184620986693, -0.000159600327606, -0.00860671233386, 0.022362517193, -0.00999068189412, 0.00465296022594], [-0.00114069716074, 0.00927751418203, -0.00643428880721, 0.00557474698871, -0.00353926164098, 0.00535438582301, -0.00470524840057, 0.00249366788194, 0.000412074004998, 0.0019732711371, -0.00999068189412, 0.0254171974957, -0.010260428302], [0.00123518402688, -0.00651563983411, 0.00470398925245, -0.00347909354605, 0.00379717187025, -0.00419365661219, 0.00227269879542, -0.00190952816047, 0.000598652870394, -0.0005946920719, 0.00465296022594, -0.010260428302, 0.0201633553952]]
    },
    "melbands": {
        "dmean": [0.00173374114092, 0.0024887342006, 0.00153342541307, 0.000601920532063, 0.000451726402389, 0.000258156913333, 0.00030906003667, 0.000241486006416, 0.000154411056428, 0.000109147404146, 0.000147364218719, 0.000229183395277, 8.92204116099e-05, 4.52607637271e-05, 1.84803448064e-05, 1.70822640939e-05, 2.45121082116e-05, 2.02462542802e-05, 1.0827301594e-05, 8.32865771372e-06, 6.24722451903e-06, 4.3974023356e-06, 5.06963397129e-06, 4.64708000436e-06, 2.61337027041e-06, 2.25419717026e-06, 1.84859618457e-06, 1.95995880858e-06, 1.49906270508e-06, 9.68435415416e-07, 1.06510833575e-06, 1.38294853969e-06, 1.62308435847e-06, 1.91148319573e-06, 1.05005278783e-06, 5.65624588944e-07, 3.51931106479e-07, 1.90617200246e-07, 1.17722890991e-07, 1.03065900703e-07],
        "dmean2": [0.00278863520361, 0.0043779714033, 0.00254406197928, 0.000979160424322, 0.000743280805182, 0.000406787206884, 0.000469745253213, 0.000368716398953, 0.000239722474362, 0.000178045811481, 0.000243431626586, 0.000353975512553, 0.000134262096253, 6.81520905346e-05, 2.88602477667e-05, 2.5158340577e-05, 3.76809039153e-05, 3.2097192161e-05, 1.79051021405e-05, 1.34588317451e-05, 9.79939522949e-06, 6.95264770911e-06, 7.79475340096e-06, 6.97293535268e-06, 4.10390020988e-06, 3.45023636328e-06, 2.8347415082e-06, 3.01100021716e-06, 2.28203634833e-06, 1.46393335854e-06, 1.55373822963e-06, 1.91657431969e-06, 2.20117999561e-06, 2.59245302914e-06, 1.38664836413e-06, 7.56295094106e-07, 4.7538927106e-07, 2.87313270064e-07, 1.73125869196e-07, 1.52803309561e-07],
        "dvar": [9.59542921919e-06, 2.431446228e-05, 1.22733972603e-05, 8.42887629915e-07, 6.84648398419e-07, 1.64736434272e-07, 1.65688248899e-07, 1.30103501306e-07, 7.35260528018e-08, 3.3478603001e-08, 6.31666523532e-08, 1.02693554993e-07, 1.57582000782e-08, 5.94813398536e-09, 6.48393450042e-10, 6.85561662994e-10, 2.60072896552e-09, 8.52027337572e-10, 3.85179332874e-10, 1.39615499717e-10, 9.65233448724e-11, 6.82685852293e-11, 9.1352564402e-11, 1.13643823518e-10, 2.47097446671e-11, 1.36080417767e-11, 9.51158943274e-12, 1.21266503783e-11, 8.30534946372e-12, 2.69683841231e-12, 4.03644478952e-12, 7.98135429275e-12, 1.19651805824e-11, 1.72791884967e-11, 5.05693100242e-12, 1.5357797499e-12, 5.81655600421e-13, 1.58179933453e-13, 6.7867159646e-14, 5.32280179676e-14],
        "dvar2": [2.3997061362e-05, 6.59518191242e-05, 3.2018742786e-05, 2.07631774174e-06, 1.85231749583e-06, 3.44605496139e-07, 3.53042366896e-07, 2.80613619452e-07, 1.63694252819e-07, 8.49471533115e-08, 1.7861148649e-07, 2.36779726492e-07, 3.77196585077e-08, 1.37168454373e-08, 1.50979817537e-09, 1.46102741017e-09, 6.53552412189e-09, 2.15166817696e-09, 9.92555149182e-10, 3.66375874084e-10, 2.17227832944e-10, 1.46348017038e-10, 2.11468287326e-10, 2.4940791099e-10, 6.24327395338e-11, 3.05807289214e-11, 2.18074620861e-11, 2.96415218759e-11, 2.0961806943e-11, 6.17209582054e-12, 8.03915354425e-12, 1.47099537412e-11, 2.27605035513e-11, 3.15054406175e-11, 8.63187472888e-12, 2.77667494032e-12, 1.08818759125e-12, 3.65649025814e-13, 1.53517416878e-13, 1.1953866987e-13],
        "max": [0.0272744446993, 0.0480916723609, 0.0318606309593, 0.00766233960167, 0.00902681890875, 0.00528472242877, 0.00793308857828, 0.00320271472447, 0.00265667377971, 0.00197133002803, 0.00287449243478, 0.00479524210095, 0.00213178433478, 0.00134575634729, 0.000305785943056, 0.000339259480825, 0.000762215233408, 0.000353494600859, 0.000292088923743, 0.000144140707562, 0.000127471881569, 0.000128781350213, 0.000131157401484, 0.000121589742776, 7.66092125559e-05, 4.52776221209e-05, 3.27827292494e-05, 5.37793312105e-05, 3.58827492164e-05, 2.04217722057e-05, 2.39431974478e-05, 3.34283649863e-05, 3.15418183163e-05, 4.51706036984e-05, 2.48953456321e-05, 1.38732821142e-05, 8.31424949865e-06, 4.05165519624e-06, 2.74703370451e-06, 3.19551008943e-06],
        "mean": [0.00249869097024, 0.00338203972206, 0.00196478283033, 0.00101314845961, 0.000768745900132, 0.000445320998551, 0.000624087988399, 0.000394321890781, 0.000254379265243, 0.000186486082384, 0.000234070234001, 0.000455484405393, 0.000188366160728, 0.000106190942461, 3.6713827285e-05, 3.53135546902e-05, 3.99830605602e-05, 3.56074124284e-05, 1.78587051778e-05, 1.48982408064e-05, 1.15986131277e-05, 7.71385020926e-06, 7.76519482315e-06, 6.42173472443e-06, 3.90330069422e-06, 3.87323279938e-06, 3.24324741996e-06, 3.574115226e-06, 2.70054897555e-06, 1.7291823724e-06, 1.65613369063e-06, 2.11010910789e-06, 2.33209038925e-06, 2.62727235167e-06, 1.53825340021e-06, 8.03777481906e-07, 4.96709560593e-07, 2.60366789462e-07, 1.56851811539e-07, 1.28067540572e-07],
        "median": [0.0016006140504, 0.00219685956836, 0.000982294557616, 0.00059009186225, 0.000407958432334, 0.000253589561908, 0.000329036382027, 0.000234807870584, 9.65817525866e-05, 9.85112201306e-05, 0.000148300037836, 0.000241617206484, 0.000132654808112, 5.23375056218e-05, 2.27986329264e-05, 1.95552383957e-05, 1.67679027072e-05, 1.93172199943e-05, 9.26950542635e-06, 9.17257966648e-06, 5.00861096953e-06, 2.46212243837e-06, 2.67652058028e-06, 1.95088296095e-06, 1.50942219079e-06, 1.57676004164e-06, 1.63746324233e-06, 1.69776546954e-06, 1.00396380276e-06, 6.21767696884e-07, 3.95806637243e-07, 4.57964773659e-07, 3.63951443205e-07, 3.11008221843e-07, 1.84851984386e-07, 1.25400418938e-07, 8.1168124666e-08, 4.49990587015e-08, 2.21540439327e-08, 1.57829376235e-08],
