{
"highlevel": {
    "danceability": {
        "all": {
            "danceable": 0.970933794975,
            "not_danceable": 0.0290661919862
        },
        "probability": 0.970933794975,
        "value": "danceable"
    },
    "gender": {
        "all": {
            "female": 0.68838262558,
            "male": 0.31161737442
        },
        "probability": 0.68838262558,
        "value": "female"
    },
    "genre_dortmund": {
        "all": {
            "alternative": 0.142491906881,
            "blues": 0.0681699886918,
            "electronic": 0.0555756427348,
            "folkcountry": 0.095730856061,
            "funksoulrnb": 0.0393194556236,
            "jazz": 0.0293696448207,
            "pop": 0.113008774817,
            "raphiphop": 0.10774397105,
            "rock": 0.348589777946
        },
        "probability": 0.348589777946,
        "value": "rock"
    },
    "genre_electronic": {
        "all": {
            "ambient": 0.216200768948,
            "dnb": 0.0655653849244,
            "house": 0.0153260920197,
            "techno": 0.00793814938515,
            "trance": 0.694969594479
        },
        "probability": 0.694969594479,
        "value": "trance"
    },
    "genre_rosamerica": {
        "all": {
            "cla": 0.000505484233145,
            "dan": 0.0778286680579,
            "hip": 0.00367939681746,
            "jaz": 0.00162421865389,
            "pop": 0.518599569798,
            "rhy": 0.00320594175719,
            "roc": 0.394140720367,
            "spe": 0.000416019989643
        },
        "probability": 0.518599569798,
        "value": "pop"
    },
    "genre_tzanetakis": {
        "all": {
            "blu": 0.0622663982213,
            "cla": 0.0345780998468,
            "cou": 0.103735685349,
            "dis": 0.0518908686936,
            "hip": 0.155698984861,
            "jaz": 0.311586618423,
            "met": 0.0519040971994,
            "pop": 0.0622744634748,
            "reg": 0.0622723288834,
            "roc": 0.103792458773
        },
        "probability": 0.311586618423,
        "value": "jaz"
    },
    "ismir04_rhythm": {
        "all": {
            "ChaChaCha": 0.24700216949,
            "Jive": 0.568333864212,
            "Quickstep": 0.0171723291278,
            "Rumba-American": 0.013514470309,
            "Rumba-International": 0.00710665294901,
            "Rumba-Misc": 0.00144965131767,
            "Samba": 0.101575642824,
            "Tango": 0.0155503870919,
            "VienneseWaltz": 0.0261290948838,
            "Waltz": 0.00216576620005
        },
        "probability": 0.568333864212,
        "value": "Jive"
    },
    "mood_acoustic": {
        "all": {
            "acoustic": 1.55519137479e-05,
            "not_acoustic": 0.999984443188
        },
        "probability": 0.999984443188,
        "value": "not_acoustic"
    },
    "mood_aggressive": {
        "all": {
            "aggressive": 0.826433718204,
            "not_aggressive": 0.173566281796
        },
        "probability": 0.826433718204,
        "value": "aggressive"
    },
    "mood_electronic": {
        "all": {
            "electronic": 0.676746964455,
            "not_electronic": 0.323253005743
        },
        "probability": 0.676746964455,
        "value": "electronic"
    },
    "mood_happy": {
        "all": {
            "happy": 0.60037702322,
            "not_happy": 0.39962297678
        },
        "probability": 0.60037702322,
        "value": "happy"
    },
    "mood_party": {
        "all": {
            "not_party": 0.158508017659,
            "party": 0.841491997242
        },
        "probability": 0.841491997242,
        "value": "party"
    },
    "mood_relaxed": {
        "all": {
            "not_relaxed": 0.971448659897,
            "relaxed": 0.0285513624549
        },
        "probability": 0.971448659897,
        "value": "not_relaxed"
    },
    "mood_sad": {
        "all": {
            "not_sad": 0.96349209547,
            "sad": 0.0365078896284
        },
        "probability": 0.96349209547,
        "value": "not_sad"
    },
    "moods_mirex": {
        "all": {
            "Cluster1": 0.343147546053,
            "Cluster2": 0.062300413847,
            "Cluster3": 0.0795179307461,
            "Cluster4": 0.163834631443,
            "Cluster5": 0.351199477911
        },
        "probability": 0.351199477911,
        "value": "Cluster5"
    },
    "timbre": {
        "all": {
            "bright": 0.208491459489,
            "dark": 0.791508555412
        },
        "probability": 0.791508555412,
        "value": "dark"
    },
    "tonal_atonal": {
        "all": {
            "atonal": 0.00565479556099,
            "tonal": 0.994345188141
        },
        "probability": 0.994345188141,
        "value": "tonal"
    },
    "voice_instrumental": {
        "all": {
            "instrumental": 0.00972331594676,
            "voice": 0.990276694298
        },
        "probability": 0.990276694298,
        "value": "voice"
    }
},
"lowlevel": {
    "average_loudness": 0.979374706745,
    "barkbands_crest": {
        "dmean": 2.72131228447,
        "dmean2": 4.33148145676,
        "dvar": 5.59965419769,
        "dvar2": 13.1745691299,
        "max": 23.1055335999,
        "mean": 9.72337341309,
        "median": 9.06777191162,
        "min": 1.92208909988,
        "var": 19.0285739899
    },
    "barkbands_flatness_db": {
        "dmean": 0.0218941029161,
        "dmean2": 0.0313488692045,
        "dvar": 0.000375067116693,
        "dvar2": 0.000787049822975,
        "max": 0.240756288171,
        "mean": 0.110044486821,
        "median": 0.108016565442,
        "min": 0.0393930263817,
        "var": 0.00154497800395
    },
    "barkbands_kurtosis": {
        "dmean": 1.03386592865,
        "dmean2": 1.62713575363,
        "dvar": 1.68791460991,
        "dvar2": 3.99639940262,
        "max": 13.9521751404,
        "mean": 0.223390772939,
        "median": -0.335106372833,
        "min": -1.803789258,
        "var": 3.71616029739
    },
    "barkbands_skewness": {
        "dmean": 0.427704274654,
        "dmean2": 0.659163057804,
        "dvar": 0.129995569587,
        "dvar2": 0.295183837414,
        "max": 3.63743805885,
        "mean": 0.752513229847,
        "median": 0.694740831852,
        "min": -1.71218180656,
        "var": 0.466944396496
    },
    "barkbands_spread": {
        "dmean": 8.43278694153,
        "dmean2": 12.4075136185,
        "dvar": 67.3159866333,
        "dvar2": 133.032394409,
        "max": 99.6964187622,
        "mean": 36.9493293762,
        "median": 34.7087593079,
        "min": 5.45961952209,
        "var": 247.647842407
    },
    "dissonance": {
        "dmean": 0.0160850230604,
        "dmean2": 0.0272692944854,
        "dvar": 0.00020048202714,
        "dvar2": 0.000524261093233,
        "max": 0.499865144491,
        "mean": 0.473231673241,
        "median": 0.476882904768,
        "min": 0.389720261097,
        "var": 0.000316556775942
    },
    "dynamic_complexity": 1.23668396473,
    "erbbands_crest": {
        "dmean": 3.03712844849,
        "dmean2": 4.88194990158,
        "dvar": 8.52964687347,
        "dvar2": 20.8487644196,
        "max": 30.671377182,
        "mean": 9.64332866669,
        "median": 8.09372615814,
        "min": 2.58872461319,
        "var": 31.2944278717
    },
    "erbbands_flatness_db": {
        "dmean": 0.0188821423799,
        "dmean2": 0.0278166681528,
        "dvar": 0.000345925072907,
        "dvar2": 0.000732509652153,
        "max": 0.301100641489,
        "mean": 0.144352823496,
        "median": 0.138870686293,
        "min": 0.0627665147185,
        "var": 0.00170359702315
    },
    "erbbands_kurtosis": {
        "dmean": 0.889286220074,
        "dmean2": 1.384319067,
        "dvar": 1.02784395218,
        "dvar2": 2.51036548615,
        "max": 12.762134552,
        "mean": 0.417851686478,
        "median": -0.0634236335754,
        "min": -1.60239946842,
        "var": 2.86862373352
    },
    "erbbands_skewness": {
        "dmean": 0.385993480682,
        "dmean2": 0.588613450527,
        "dvar": 0.0990618094802,
        "dvar2": 0.238525226712,
        "max": 3.03204488754,
        "mean": 0.183003410697,
        "median": 0.164016261697,
        "min": -2.21825170517,
        "var": 0.418945729733
    },
    "erbbands_spread": {
        "dmean": 8.51891040802,
        "dmean2": 12.7220373154,
        "dvar": 59.7204666138,
        "dvar2": 133.793243408,
        "max": 94.0948562622,
        "mean": 36.8744468689,
        "median": 35.7467155457,
        "min": 6.54190206528,
        "var": 249.231124878
    },
    "hfc": {
        "dmean": 19.9682064056,
        "dmean2": 29.951675415,
        "dvar": 644.895446777,
        "dvar2": 1503.7980957,
        "max": 230.925445557,
        "mean": 48.3493041992,
        "median": 37.9004364014,
        "min": 4.37987947464,
        "var": 1206.08032227
    },
    "melbands_crest": {
        "dmean": 3.54491949081,
        "dmean2": 5.49734830856,
        "dvar": 9.70027256012,
        "dvar2": 24.2691860199,
        "max": 33.0639190674,
        "mean": 14.598900795,
        "median": 13.9956083298,
        "min": 4.15969562531,
        "var": 29.6954116821
    },
    "melbands_flatness_db": {
        "dmean": 0.0272571612149,
        "dmean2": 0.0393196456134,
        "dvar": 0.000530383200385,
        "dvar2": 0.00109222880565,
        "max": 0.30843731761,
        "mean": 0.143304556608,
        "median": 0.144032478333,
        "min": 0.0298180803657,
        "var": 0.00253161531873
    },
    "melbands_kurtosis": {
        "dmean": 3.08251810074,
        "dmean2": 4.97362327576,
        "dvar": 13.7862930298,
        "dvar2": 34.9337425232,
        "max": 41.4431037903,
        "mean": 4.99648141861,
        "median": 3.58996486664,
        "min": -1.65044331551,
        "var": 30.2275028229
    },
    "melbands_skewness": {
        "dmean": 0.571789562702,
        "dmean2": 0.894732177258,
        "dvar": 0.266368597746,
        "dvar2": 0.653844594955,
        "max": 5.91788434982,
        "mean": 1.86898183823,
        "median": 1.80111658573,
        "min": -0.578545510769,
        "var": 0.927039265633
    },
    "melbands_spread": {
        "dmean": 11.7327480316,
        "dmean2": 18.0027637482,
        "dvar": 135.830184937,
        "dvar2": 295.212554932,
        "max": 158.096038818,
        "mean": 40.1894836426,
        "median": 37.1038475037,
        "min": 5.8194231987,
        "var": 384.796875
    },
    "pitch_salience": {
        "dmean": 0.0688674524426,
        "dmean2": 0.109144426882,
        "dvar": 0.00397500954568,
        "dvar2": 0.0104146627709,
        "max": 0.797986626625,
        "mean": 0.509638190269,
        "median": 0.512543618679,
        "min": 0.189790263772,
        "var": 0.0119193932042
    },
    "silence_rate_20dB": {
        "dmean": 0,
        "dmean2": 0,
        "dvar": 0,
        "dvar2": 0,
        "max": 1,
        "mean": 1,
        "median": 1,
        "min": 1,
        "var": 0
    },
    "silence_rate_30dB": {
        "dmean": 0,
        "dmean2": 0,
        "dvar": 0,
        "dvar2": 0,
        "max": 1,
        "mean": 1,
        "median": 1,
        "min": 1,
        "var": 0
    },
    "silence_rate_60dB": {
        "dmean": 0,
        "dmean2": 0,
        "dvar": 0,
        "dvar2": 0,
        "max": 0,
        "mean": 0,
        "median": 0,
        "min": 0,
        "var": 0
    },
    "spectral_centroid": {
        "dmean": 305.774688721,
        "dmean2": 461.781463623,
        "dvar": 80784.5859375,
        "dvar2": 160071.15625,
        "max": 4207.37646484,
        "mean": 2022.71386719,
        "median": 1996.80407715,
        "min": 573.570861816,
        "var": 246256.796875
    },
    "spectral_complexity": {
        "dmean": 6.50774002075,
        "dmean2": 9.14872169495,
        "dvar": 37.3878288269,
        "dvar2": 63.6866645813,
        "max": 57,
        "mean": 28.9806652069,
        "median": 27,
        "min": 7,
        "var": 110.15650177
    },
    "spectral_decrease": {
        "dmean": 2.27946483911e-09,
        "dmean2": 3.53216322857e-09,
        "dvar": 5.64710165771e-18,
        "dvar2": 1.35741422127e-17,
        "max": -1.39029010526e-09,
        "mean": -8.3424804842e-09,
        "median": -7.86615217407e-09,
        "min": -2.24465956933e-08,
        "var": 1.26996336342e-17
    },
    "spectral_energy": {
        "dmean": 0.00975041184574,
        "dmean2": 0.0151177635416,
        "dvar": 0.000101821824501,
        "dvar2": 0.000244082824793,
        "max": 0.0937541723251,
        "mean": 0.0358718298376,
        "median": 0.0338248312473,
        "min": 0.00631899293512,
        "var": 0.000210456884815
    },
    "spectral_energyband_high": {
        "dmean": 0.0019962170627,
        "dmean2": 0.0030317704659,
        "dvar": 8.27727672004e-06,
        "dvar2": 1.93513697013e-05,
        "max": 0.0257133245468,
        "mean": 0.00311000598595,
        "median": 0.00145354738925,
        "min": 8.48964555189e-05,
        "var": 1.50928563016e-05
    },
    "spectral_energyband_low": {
        "dmean": 0.00551439123228,
        "dmean2": 0.00858880765736,
        "dvar": 5.6720469729e-05,
        "dvar2": 0.000152333304868,
        "max": 0.0725294798613,
        "mean": 0.0122582679614,
        "median": 0.0105271842331,
        "min": 6.29359021787e-07,
        "var": 0.000115528600872
    },
    "spectral_energyband_middle_high": {
        "dmean": 0.00347018870525,
        "dmean2": 0.00521840434521,
        "dvar": 1.48810440805e-05,
        "dvar2": 3.08879571094e-05,
        "max": 0.0543993934989,
        "mean": 0.01177559793,
        "median": 0.00929363910109,
        "min": 0.00120118318591,
        "var": 6.58066128381e-05
    },
    "spectral_energyband_middle_low": {
        "dmean": 0.004337052349,
        "dmean2": 0.00699871731922,
        "dvar": 2.74986450677e-05,
        "dvar2": 6.52473245282e-05,
        "max": 0.0480029806495,
        "mean": 0.00935689732432,
        "median": 0.0073291445151,
        "min": 0.000449391722213,
        "var": 4.61767267552e-05
    },
    "spectral_entropy": {
        "dmean": 0.170685827732,
        "dmean2": 0.24180918932,
        "dvar": 0.0254385210574,
        "dvar2": 0.0483522154391,
        "max": 8.65799713135,
        "mean": 7.8900885582,
        "median": 7.87123966217,
        "min": 6.92538261414,
        "var": 0.102472126484
    },
    "spectral_flux": {
        "dmean": 0.0266002025455,
        "dmean2": 0.0407147742808,
        "dvar": 0.000675844377838,
        "dvar2": 0.00137830153108,
        "max": 0.254894852638,
        "mean": 0.107906416059,
        "median": 0.102903179824,
        "min": 0.0342512577772,
        "var": 0.00142907409463
    },
    "spectral_kurtosis": {
        "dmean": 0.995909512043,
        "dmean2": 1.58421862125,
        "dvar": 0.838235974312,
        "dvar2": 2.13154649734,
        "max": 13.9354896545,
        "mean": 2.84003973007,
        "median": 2.67454814911,
        "min": -0.793590307236,
        "var": 2.24213218689
    },
    "spectral_rms": {
        "dmean": 0.000801851623692,
        "dmean2": 0.00122574064881,
        "dvar": 5.96396887431e-07,
        "dvar2": 1.34777394578e-06,
        "max": 0.00956386327744,
        "mean": 0.0057916669175,
        "median": 0.00574454851449,
        "min": 0.00248291576281,
        "var": 1.45350145431e-06
    },
    "spectral_rolloff": {
        "dmean": 1007.2635498,
        "dmean2": 1584.76831055,
        "dvar": 1906932.75,
        "dvar2": 3693688.25,
        "max": 11735.5957031,
        "mean": 2719.32983398,
        "median": 1981.0546875,
        "min": 86.1328125,
        "var": 4490679
    },
    "spectral_skewness": {
        "dmean": 0.18083319068,
        "dmean2": 0.28477615118,
        "dvar": 0.0238829255104,
        "dvar2": 0.0530024021864,
        "max": 2.24115228653,
        "mean": 1.29168319702,
        "median": 1.28996729851,
        "min": 0.417628496885,
        "var": 0.0666208416224
    },
    "spectral_spread": {
        "dmean": 685757,
        "dmean2": 1000456.3125,
        "dvar": 576754417664,
        "dvar2": 1.05427638682e+12,
        "max": 13298105,
        "mean": 5180663.5,
        "median": 4795233,
        "min": 2597391.75,
        "var": 2.02980891034e+12
    },
    "spectral_strongpeak": {
        "dmean": 0.814240336418,
        "dmean2": 1.39027929306,
        "dvar": 2.10318088531,
        "dvar2": 5.13508272171,
        "max": 14.8613367081,
        "mean": 1.32633566856,
        "median": 0.400393635035,
        "min": 0.0751722082496,
        "var": 3.84870219231
    },
    "zerocrossingrate": {
        "dmean": 0.0182141754776,
        "dmean2": 0.0204472970217,
        "dvar": 0.00037528120447,
        "dvar2": 0.000410863634897,
        "max": 0.39111328125,
        "mean": 0.0931333228946,
        "median": 0.0810546875,
        "min": 0.009765625,
        "var": 0.00229262607172
    },
    "barkbands": {
        "dmean": [0.000309470517095, 0.00460255425423, 0.00140468927566, 0.000629502930678, 0.00129814248066, 0.000658268574625, 0.00115109723993, 0.00150235125329, 0.000990019994788, 0.000984768965282, 0.000916452670936, 0.00141505093779, 0.000576272257604, 0.000597416074015, 0.000494331703521, 0.000387727050111, 0.000478264293633, 0.0005462715053, 0.000400823832024, 0.000438439950813, 0.000350710179191, 0.00032514493796, 0.000435784546426, 0.000368465465726, 0.000389746186556, 0.000158651295351, 3.63127156788e-07],
        "dmean2": [0.000454866269138, 0.00712506612763, 0.0024119974114, 0.00112854898907, 0.00215354771353, 0.000984494923614, 0.00188866059761, 0.00252992915921, 0.00161790777929, 0.00158678309526, 0.00140534457751, 0.00212624901906, 0.000843274814542, 0.000913019059226, 0.000764145923313, 0.00060856109485, 0.000758922484238, 0.000841611763462, 0.000622168998234, 0.000696604314726, 0.000573652388994, 0.000519080553204, 0.000674124399666, 0.0005756233586, 0.000592655327637, 0.000248700001976, 6.41022836589e-07],
        "dvar": [3.67327373851e-07, 4.01471843361e-05, 1.17920953926e-05, 2.50041398431e-06, 6.23725827609e-06, 1.13964233606e-06, 4.89790591018e-06, 7.19262379789e-06, 6.06350477028e-06, 4.56094267065e-06, 4.23951132689e-06, 9.02702959138e-06, 9.39438962178e-07, 9.19131650789e-07, 6.38339827219e-07, 4.11323952676e-07, 3.65392821777e-07, 5.77792718559e-07, 3.3970255231e-07, 4.22494139229e-07, 3.24887537317e-07, 2.17584229745e-07, 5.86907788147e-07, 4.00001880507e-07, 5.14120756634e-07, 8.91620288712e-08, 1.03244431233e-12],
        "dvar2": [8.07409151093e-07, 0.000105074817839, 3.1595780456e-05, 6.94018490321e-06, 1.4502016711e-05, 2.59841726802e-06, 1.24484222397e-05, 1.96316868823e-05, 1.57299855346e-05, 1.10643677544e-05, 9.62012836681e-06, 1.83557021955e-05, 1.71689566741e-06, 1.99853343474e-06, 1.24425525883e-06, 9.30284215883e-07, 8.76704746133e-07, 1.24830830828e-06, 7.11732468517e-07, 1.0533257182e-06, 8.548517485e-07, 5.20330104337e-07, 1.3671533452e-06, 9.24040989503e-07, 1.13026464987e-06, 1.98216767444e-07, 2.87153959465e-12],
        "max": [0.00654659653082, 0.0611455999315, 0.0369086824358, 0.0107080582529, 0.035438824445, 0.0159687437117, 0.032395016402, 0.0226049795747, 0.0383030734956, 0.0259745698422, 0.030164539814, 0.0511401891708, 0.019047357142, 0.015058292076, 0.0138062676415, 0.00909204594791, 0.00727315759286, 0.0133457100019, 0.01304243505, 0.00820222124457, 0.00424719648436, 0.00368016608991, 0.0120012713596, 0.00768511742353, 0.0113641126081, 0.00371452979743, 1.50901641973e-05],
        "mean": [0.000466790283099, 0.00957579258829, 0.00199239142239, 0.000581814732868, 0.00195679580793, 0.00120838882867, 0.00169347715564, 0.0018092446262, 0.00127010303549, 0.00138694036286, 0.00145653146319, 0.00303131714463, 0.000970074674115, 0.000968514883425, 0.00086957385065, 0.000615080585703, 0.000783094670624, 0.00104277511127, 0.000739025708754, 0.000659522251226, 0.000469775055535, 0.000478922826005, 0.000627604196779, 0.000515718129463, 0.000505373813212, 0.000196888664505, 2.76161216561e-07],
        "median": [4.95304157084e-05, 0.00771396188065, 0.000906831293833, 0.000168158832821, 0.000866586284246, 0.000708452134859, 0.000733477645554, 0.000779346039053, 0.000511031947099, 0.000652963353787, 0.0004189175379, 0.00095382228028, 0.000419270072598, 0.000426337530371, 0.00044020137284, 0.000358958612196, 0.000501299917232, 0.000595825549681, 0.000538249616511, 0.000416349241277, 0.000263820285909, 0.000270297954557, 0.000249109085416, 0.000178848335054, 0.000115491762699, 4.12881927332e-05, 1.42363294486e-08],
        "min": [3.7887772919e-08, 7.65719363471e-08, 2.97708844244e-08, 5.86284940596e-08, 1.67295320352e-06, 4.23531628257e-06, 7.20353864381e-06, 3.13571808874e-06, 1.07617825051e-05, 1.29428590299e-05, 5.51770835955e-06, 1.65305064002e-05, 1.10524051706e-05, 8.33509693621e-06, 1.40867714435e-05, 1.8883136363e-05, 2.12006925722e-05, 2.45134815486e-05, 3.3009739127e-05, 3.91952671634e-05, 1.91493509192e-05, 1.10161936391e-05, 7.30532967452e-09, 4.2402557483e-06, 3.88965588627e-07, 3.74140718407e-09, 6.99735408505e-12],
        "var": [7.44333704006e-07, 8.83279935806e-05, 1.08940503196e-05, 1.9146939394e-06, 1.20589438666e-05, 2.28912131206e-06, 7.01598855812e-06, 7.44618546378e-06, 6.29148098596e-06, 5.67847791899e-06, 9.04407716007e-06, 3.81192803616e-05, 3.15063266498e-06, 1.9593817342e-06, 1.84713701401e-06, 7.02462841673e-07, 7.94128595771e-07, 1.97212443709e-06, 6.55944120354e-07, 4.95185133786e-07, 3.29551369305e-07, 2.92200525109e-07, 1.24565019632e-06, 6.82160873566e-07, 8.84970575044e-07, 1.5551805177e-07, 7.36118739748e-13]
    },
    "erbbands": {
        "dmean": [0.141514837742, 1.04236638546, 1.82974553108, 1.61287403107, 3.46128892899, 4.8399515152, 3.71188545227, 6.05812644958, 15.3106994629, 19.8283653259, 31.2011051178, 23.0178470612, 35.0474281311, 22.7453041077, 38.0993156433, 66.4447860718, 24.9033031464, 32.6804885864, 21.7842350006, 24.5035858154, 21.9308185577, 22.9911003113, 26.8679847717, 24.5762500763, 20.8963279724, 20.1521148682, 15.2445383072, 13.301700592, 10.7260913849, 13.6830310822, 12.3016757965, 8.75069713593, 5.89161396027, 4.38090324402, 2.87659072876, 0.928812682629, 0.275149941444, 0.0217505227774, 0.000449221988674, 3.89982196793e-05],
        "dmean2": [0.204192787409, 1.65887498856, 3.05452656746, 2.83011293411, 5.91702985764, 8.08831882477, 6.16839599609, 8.94896888733, 24.6174869537, 33.3260269165, 51.1355857849, 37.8920173645, 55.9295768738, 36.6385231018, 57.660823822, 99.2618179321, 36.3203277588, 49.4779014587, 33.6310005188, 38.0907897949, 34.2333526611, 36.1690368652, 41.2665672302, 39.174785614, 32.3791542053, 32.562171936, 25.4044952393, 21.0457954407, 16.8431606293, 21.9458694458, 19.1014595032, 13.2264146805, 9.31025409698, 6.76321935654, 4.40054321289, 1.45934069157, 0.432305157185, 0.0368009991944, 0.000737912487239, 6.03987464274e-05],
        "dvar": [0.0502090677619, 2.21256899834, 14.6696434021, 13.0229511261, 83.5256500244, 69.4271469116, 28.8105373383, 107.556648254, 932.553710938, 1323.57165527, 2849.50878906, 3522.95043945, 6411.97753906, 1864.14990234, 8674.36621094, 22013.3789062, 1565.79138184, 2589.74584961, 1978.57897949, 1044.82666016, 875.850708008, 830.825256348, 1303.81567383, 843.481628418, 1185.31799316, 983.030273438, 635.179870605, 409.409790039, 238.423706055, 399.229400635, 530.665100098, 273.976318359, 88.3626327515, 62.3247489929, 33.5606307983, 3.45439934731, 0.264962375164, 0.00196090620011, 7.08895129264e-07, 3.17765014302e-09],
        "dvar2": [0.106452442706, 6.06957292557, 39.4872245789, 35.4455375671, 203.150100708, 177.895050049, 77.8302154541, 244.326980591, 2387.83935547, 3505.21484375, 7460.18115234, 9341.64941406, 15359.3017578, 4107.76025391, 19923.9101562, 43192.2929688, 2582.11010742, 5670.80322266, 4473.65673828, 2361.86376953, 1896.7923584, 2004.14562988, 2744.66699219, 2118.98071289, 2515.76904297, 2510.63793945, 1682.18591309, 1049.99780273, 569.700256348, 948.345581055, 1277.98120117, 662.588012695, 211.260498047, 143.708389282, 70.9232559204, 7.52059459686, 0.60225301981, 0.00460983067751, 1.6312178559e-06, 7.29598603755e-09],
        "max": [2.2892472744, 14.5546998978, 35.6239738464, 28.0533275604, 135.829727173, 112.860305786, 45.2374610901, 164.361465454, 451.397247314, 552.013183594, 608.737976074, 927.47869873, 1043.42382812, 695.229248047, 1450.62670898, 2641.68457031, 951.08026123, 848.761962891, 889.824523926, 449.540252686, 448.027191162, 365.056549072, 626.944335938, 285.927246094, 896.919311523, 268.489501953, 180.262939453, 144.832122803, 160.647674561, 191.053451538, 360.965759277, 287.103973389, 99.3874664307, 140.952423096, 84.7812805176, 26.7247562408, 6.91954040527, 0.494938880205, 0.00884903408587, 0.000512560713105],
        "mean": [0.267071127892, 2.10022091866, 3.1815340519, 1.77782583237, 4.58227968216, 6.99715948105, 5.58897733688, 11.0391712189, 24.1475925446, 25.3127765656, 41.4409294128, 31.2158889771, 52.0386352539, 39.5136871338, 68.4133224487, 143.006469727, 49.2401924133, 58.7707710266, 39.3885269165, 43.7014808655, 39.7061958313, 41.5650749207, 53.5068321228, 42.9223594666, 38.199180603, 30.2051391602, 20.3521156311, 18.6764373779, 16.3278770447, 18.5689506531, 17.4671974182, 12.255613327, 7.87863683701, 5.6509976387, 3.58658766747, 1.19496464729, 0.328165948391, 0.0223069582134, 0.00052479642909, 8.13013102743e-05],
        "median": [0.105597339571, 1.68831157684, 2.37965083122, 0.807406306267, 1.62036800385, 3.11348700523, 3.50226426125, 5.61790275574, 10.7970819473, 13.1665992737, 18.3774414062, 14.9664325714, 23.3532791138, 17.6579322815, 24.796787262, 44.911365509, 26.7218284607, 29.763999939, 21.0950622559, 26.3212032318, 27.423866272, 26.0609760284, 32.0198326111, 29.9767417908, 25.4663619995, 19.2648239136, 12.3220300674, 9.99485206604, 9.09781074524, 8.88413333893, 6.78530883789, 4.18248414993, 2.67946386337, 1.55041480064, 0.670917749405, 0.250444442034, 0.0685004368424, 0.0038128006272, 0.000115708287922, 5.56177183171e-05],
        "min": [6.1176606323e-06, 5.7254001149e-06, 7.11958855391e-05, 0.000534533755854, 0.00441913306713, 0.00462517142296, 0.0114066107199, 0.0439600795507, 0.104448772967, 0.263547986746, 0.202120810747, 0.480893850327, 0.745412945747, 1.07905733585, 0.944966375828, 1.6148314476, 1.7391718626, 2.0341489315, 1.16503238678, 1.51455426216, 2.42039680481, 1.80120837688, 2.50761842728, 2.20876765251, 1.68543040752, 1.48894178867, 0.609013140202, 0.435353696346, 0.459618389606, 0.162789344788, 0.00616778573021, 0.005904792808, 0.0790970996022, 0.0276672616601, 0.00328214513138, 0.000537134881597, 7.63851276133e-05, 8.85952249519e-06, 6.23529331278e-06, 8.52559242048e-06],
        "var": [0.140970930457, 3.95360732079, 14.9375524521, 10.232831955, 142.791168213, 119.348243713, 40.8591918945, 226.797927856, 1352.38952637, 1354.99536133, 3680.84692383, 3436.55566406, 8793.54785156, 5297.6875, 18408.4628906, 92532.2265625, 6165.12109375, 5557.53271484, 4139.92871094, 2518.23950195, 1658.72351074, 1924.45605469, 4653.51367188, 1393.05712891, 2367.00195312, 1071.34216309, 604.197937012, 474.050140381, 331.218231201, 614.667663574, 1101.88012695, 458.248077393, 147.475692749, 93.7612762451, 59.5369911194, 6.51943969727, 0.425790786743, 0.00242768786848, 1.00112413293e-06, 5.3950861556e-09]
    },
    "gfcc": {
        "mean": [60.6617889404, 55.3673934937, -129.774139404, 36.2613983154, -61.9449806213, 29.9173793793, -34.4914398193, 23.7683811188, -21.4082870483, 11.4191646576, -9.69275474548, 6.55793523788, -13.7707395554],
        "cov": [[1476.26281738, -458.873657227, 549.969299316, 110.260292053, -81.3731536865, -5.92502069473, -165.345062256, -39.2726631165, -210.621826172, -50.9315757751, -266.405059814, -51.1045150757, -145.156036377], [-458.873657227, 1008.59173584, -64.1826171875, 212.420440674, 205.477722168, 22.1955127716, 169.585220337, -18.323600769, 160.166091919, -30.3832874298, 152.285369873, -10.2769527435, 112.883148193], [549.969299316, -64.1826171875, 600.83404541, 167.789382935, 41.2099494934, 19.9673252106, -71.6108779907, 55.1941871643, -70.9982299805, -25.7887096405, -144.396133423, -2.53913211823, -73.4804000854], [110.260292053, 212.420440674, 167.789382935, 272.311767578, 106.996253967, 27.7550945282, 16.7597866058, 40.7281150818, 58.5000915527, -30.329076767, 20.3242015839, -11.5593824387, 5.14424943924], [-81.3731536865, 205.477722168, 41.2099494934, 106.996253967, 271.818450928, 122.601516724, 91.6877441406, 64.2358169556, 56.2072601318, 37.4460334778, 37.7771339417, 15.4248542786, -12.3187112808], [-5.92502069473, 22.1955127716, 19.9673252106, 27.7550945282, 122.601516724, 181.642364502, 96.9491577148, 37.4606285095, 15.9747667313, 28.8625526428, 18.8661403656, -9.50787067413, -11.3235826492], [-165.345062256, 169.585220337, -71.6108779907, 16.7597866058, 91.6877441406, 96.9491577148, 177.410339355, 58.4767570496, 71.8432846069, 46.1094779968, 63.6785583496, 4.62782096863, 11.108338356], [-39.2726631165, -18.323600769, 55.1941871643, 40.7281150818, 64.2358169556, 37.4606285095, 58.4767570496, 163.358688354, 94.2757568359, 48.7209129333, 32.8148536682, 27.1063404083, 4.30126094818], [-210.621826172, 160.166091919, -70.9982299805, 58.5000915527, 56.2072601318, 15.9747667313, 71.8432846069, 94.2757568359, 207.540344238, 87.9322433472, 114.260688782, 31.6580982208, 58.1797714233], [-50.9315757751, -30.3832874298, -25.7887096405, -30.329076767, 37.4460334778, 28.8625526428, 46.1094779968, 48.7209129333, 87.9322433472, 136.036193848, 74.528968811, 35.4422531128, 14.5724906921], [-266.405059814, 152.285369873, -144.396133423, 20.3242015839, 37.7771339417, 18.8661403656, 63.6785583496, 32.8148536682, 114.260688782, 74.528968811, 180.191040039, 54.6246147156, 56.8020706177], [-51.1045150757, -10.2769527435, -2.53913211823, -11.5593824387, 15.4248542786, -9.50787067413, 4.62782096863, 27.1063404083, 31.6580982208, 35.4422531128, 54.6246147156, 81.6958007812, 32.0545959473], [-145.156036377, 112.883148193, -73.4804000854, 5.14424943924, -12.3187112808, -11.3235826492, 11.108338356, 4.30126094818, 58.1797714233, 14.5724906921, 56.8020706177, 32.0545959473, 106.729766846]],
        "icov": [[0.00151182711124, 0.000371668604203, -0.000701609067619, -0.00111615145579, 0.000585612142459, -0.000320429389831, 0.000160779673024, 0.000467809528345, 0.000605228648055, -0.00111034326255, 0.00126849755179, -0.000282155582681, 0.000463131116703], [0.000371668604203, 0.00355155649595, -0.00176469027065, 4.18986637669e-05, -0.00323124066927, 0.00328126363456, -0.00387783837505, 0.00322869513184, -0.00189429114107, 0.00326884491369, -0.00292657827958, 0.00323947053403, -0.0030482292641], [-0.000701609067619, -0.00176469027065, 0.00521934404969, -0.00337265315466, 0.00227832142264, -0.00253510242328, 0.00293132429942, -0.00313354237005, 0.00210226373747, -0.0036286462564, 0.00507282838225, -0.00442582555115, 0.00246225506999], [-0.00111615145579, 4.18986637669e-05, -0.00337265315466, 0.00982163194567, -0.00410469947383, 0.00173198292032, -0.000386807252653, 0.000632980314549, -0.00413058605045, 0.00663553737104, -0.00582318520173, 0.00461340136826, -0.00157373410184], [0.000585612142459, -0.00323124066927, 0.00227832142264, -0.00410469947383, 0.0108257168904, -0.00731421727687, 0.00296629732475, -0.00336098833941, 0.00212655332871, -0.00526567175984, 0.00514195533469, -0.00645434996113, 0.00504223303869], [-0.000320429389831, 0.00328126363456, -0.00253510242328, 0.00173198292032, -0.00731421727687, 0.0141135603189, -0.00827789213508, 0.00240147323348, 0.000105229453766, 0.00277660833672, -0.0048642475158, 0.00672292383388, -0.00418391916901], [0.000160779673024, -0.00387783837505, 0.00293132429942, -0.000386807252653, 0.00296629732475, -0.00827789213508, 0.0151287512854, -0.00550897233188, 0.00119182781782, -0.00438975356519, 0.00243062875234, -0.00262088142335, 0.00391162838787], [0.000467809528345, 0.00322869513184, -0.00313354237005, 0.000632980314549, -0.00336098833941, 0.00240147323348, -0.00550897233188, 0.0138316201046, -0.00748550053686, 0.0033207226079, -0.0010429880349, -0.000182490010047, -0.000846724084113], [0.000605228648055, -0.00189429114107, 0.00210226373747, -0.00413058605045, 0.00212655332871, 0.000105229453766, 0.00119182781782, -0.00748550053686, 0.0159108508378, -0.00885350257158, -0.000783600786235, 0.000778753543273, -0.00237392727286], [-0.00111034326255, 0.00326884491369, -0.0036286462564, 0.00663553737104, -0.00526567175984, 0.00277660833672, -0.00438975356519, 0.0033207226079, -0.00885350257158, 0.0198745876551, -0.00920158810914, 0.00257160165347, -0.0015382329002], [0.00126849755179, -0.00292657827958, 0.00507282838225, -0.00582318520173, 0.00514195533469, -0.0048642475158, 0.00243062875234, -0.0010429880349, -0.000783600786235, -0.00920158810914, 0.0204322226346, -0.0120714837685, 0.00289499387145], [-0.000282155582681, 0.00323947053403, -0.00442582555115, 0.00461340136826, -0.00645434996113, 0.00672292383388, -0.00262088142335, -0.000182490010047, 0.000778753543273, 0.00257160165347, -0.0120714837685, 0.0252954475582, -0.00877915974706], [0.000463131116703, -0.0030482292641, 0.00246225506999, -0.00157373410184, 0.00504223303869, -0.00418391916901, 0.00391162838787, -0.000846724084113, -0.00237392727286, -0.0015382329002, 0.00289499387145, -0.00877915974706, 0.017359463498]]
    },
    "melbands": {
        "dmean": [0.0012687870767, 0.00104435591493, 0.000325837667333, 0.000310478179017, 0.000140410891618, 0.00013935896277, 0.000239882836468, 0.000242918889853, 0.000234761406318, 0.000152412205352, 0.000174691071152, 8.9487490186e-05, 0.000114674883662, 0.000173357038875, 9.57511874731e-05, 6.03786174906e-05, 6.75644914736e-05, 3.63525032299e-05, 3.6720684875e-05, 3.36014709319e-05, 2.87393668259e-05, 2.55695395026e-05, 3.12731353915e-05, 2.29551442317e-05, 2.14661376958e-05, 1.53942928591e-05, 1.65921046573e-05, 1.38741161209e-05, 1.00251900221e-05, 9.03118598217e-06, 7.70038059272e-06, 6.16922625341e-06, 6.8598596954e-06, 8.16703050077e-06, 7.56110966904e-06, 6.38770779915e-06, 5.2543646234e-06, 4.40162239101e-06, 3.7489035094e-06, 3.95157803723e-06],
        "dmean2": [0.00192506378517, 0.00172753748484, 0.00055263453396, 0.000520119268913, 0.000233920087339, 0.000204394324101, 0.00038422155194, 0.000412427383708, 0.000382869708119, 0.00025143509265, 0.000279443600448, 0.00014552292123, 0.000173944848939, 0.000264577247435, 0.000139357856824, 8.89934235602e-05, 0.000102491583675, 5.6544347899e-05, 5.57110943191e-05, 5.2757532103e-05, 4.52873318864e-05, 4.08313353546e-05, 4.64726253995e-05, 3.6422337871e-05, 3.45871012541e-05, 2.40327171923e-05, 2.58831551037e-05, 2.26126667258e-05, 1.70325056388e-05, 1.48189801621e-05, 1.22960509543e-05, 9.73068927124e-06, 1.10624923764e-05, 1.32200248117e-05, 1.19127344078e-05, 9.88657484413e-06, 8.0013396655e-06, 6.99623205946e-06, 5.94929497311e-06, 6.10945244262e-06],
        "dvar": [3.31432465828e-06, 3.1372230751e-06, 4.68430158662e-07, 4.08406179986e-07, 3.96912334111e-08, 5.41734586079e-08, 2.18248118244e-07, 2.06154297189e-07, 1.51271819959e-07, 1.6549856241e-07, 1.61523942666e-07, 3.07975902558e-08, 7.4843185871e-08, 1.17468204053e-07, 3.5423429523e-08, 1.15165130765e-08, 1.16818243967e-08, 6.09936057216e-09, 3.61359164813e-09, 3.07440117808e-09, 1.61259783305e-09, 1.06257314059e-09, 3.27235483155e-09, 7.79461883926e-10, 7.20561499357e-10, 8.57389881315e-10, 6.09003181218e-10, 4.79459527636e-10, 2.71807215624e-10, 1.96951344122e-10, 1.36327241163e-10, 8.27431664852e-11, 1.01247885076e-10, 1.59800866983e-10, 2.20408025164e-10, 1.5466780634e-10, 9.29773688596e-11, 5.0487641845e-11, 3.83001720616e-11, 5.94218285688e-11],
        "dvar2": [8.08965160104e-06, 8.47563751449e-06, 1.24096186482e-06, 9.47974228893e-07, 1.06953230272e-07, 1.19375854979e-07, 5.58039573662e-07, 5.61448757708e-07, 3.89076319607e-07, 4.37656154872e-07, 3.86996759971e-07, 6.88556056616e-08, 1.70658267962e-07, 2.47674108778e-07, 6.36933350506e-08, 2.01954772905e-08, 2.5424391481e-08, 1.4174330154e-08, 6.32662811029e-09, 7.37990157873e-09, 3.60986684989e-09, 2.72802291867e-09, 6.59409460368e-09, 1.99495198139e-09, 1.80542381045e-09, 1.7038518374e-09, 1.59944346656e-09, 1.25619004088e-09, 7.19148129935e-10, 5.18472487165e-10, 3.50376810898e-10, 2.03152439315e-10, 2.47646098073e-10, 3.77897768633e-10, 5.38791178339e-10, 3.89277943214e-10, 2.20770485226e-10, 1.22560794846e-10, 9.02371580236e-11, 1.4423333361e-10],
        "max": [0.0169129632413, 0.0179939139634, 0.00569167919457, 0.00902235135436, 0.00151392293628, 0.00360787147656, 0.00706647522748, 0.00611438415945, 0.00451091164723, 0.00673421751708, 0.00515692820773, 0.00271579180844, 0.00432675099, 0.00551948416978, 0.00354778440669, 0.00202704477124, 0.00190831790678, 0.00181984109804, 0.00144737761002, 0.000785698066466, 0.000717735907529, 0.000376074982341, 0.00101840100251, 0.00037826425978, 0.000275469647022, 0.000720374868251, 0.000416287861299, 0.000239615168539, 0.00012224650709, 9.31253453018e-05, 8.33100129967e-05, 0.000112630492367, 7.8227778431e-05, 0.000145799131133, 0.000225961630349, 0.000200276306714, 0.000149632527609, 7.52473133616e-05, 9.52832269832e-05, 0.000134941816214],
        "mean": [0.0025408223737, 0.00214675697498, 0.00038737533032, 0.000452002917882, 0.000213289662497, 0.000252813420957, 0.000379265169613, 0.000294950237731, 0.000314016826451, 0.000198041452677, 0.000253371952567, 0.000144382371218, 0.000186058081454, 0.000373091897927, 0.000190092760022, 0.000102065459942, 0.000112635789264, 5.78375220357e-05, 6.54047253192e-05, 5.1637103752e-05, 4.76238492411e-05, 4.04047023039e-05, 5.78068065806e-05, 3.98093870899e-05, 3.39710059052e-05, 2.67324849119e-05, 2.55816521531e-05, 1.90515111171e-05, 1.27064231492e-05, 1.17882918858e-05, 1.05289427665e-05, 9.11825281946e-06, 9.31001886784e-06, 1.07535297502e-05, 1.03654201666e-05, 8.77762704476e-06, 7.08647303327e-06, 5.56878376301e-06, 4.94479354529e-06, 4.70055238111e-06],
        "median": [0.00159690459259, 0.0019444929203, 0.000174816188519, 0.000191794388229, 0.000129430249217, 0.000130958957016, 0.000169364269823, 0.000150368403411, 0.000137341645313, 8.33091835375e-05, 0.000108746280603, 5.6502132793e-05, 5.27283773408e-05, 0.00012247102859, 6.79149088683e-05, 4.17964329245e-05, 5.13386366947e-05, 2.70804939646e-05, 3.3450392948e-05, 2.95917561743e-05, 3.22502128256e-05, 2.59212793026e-05, 2.68767198577e-05, 2.78148017969e-05, 2.23400038522e-05, 1.7792584913e-05, 1.53283708642e-05, 1.20441327454e-05, 7.62365880291e-06, 6.81961819282e-06, 5.6009371292e-06, 4.92313210998e-06, 5.08039738634e-06, 4.85355440105e-06, 3.85353223464e-06, 3.29440877067e-06, 2.31732542488e-06, 1.83735994597e-06, 1.70894850271e-06, 1.10245468932e-06],
        "min": [3.70949706507e-08, 5.10044344537e-08, 1.5433525391e-07, 1.62656661473e-07, 2.20427779141e-07, 9.46473392105e-07, 1.15773309517e-06, 9.40811901273e-07, 1.30548153265e-06, 2.0943450636e-06, 2.3080021947e-06, 2.27482973969e-06, 1.17925094401e-06, 1.69904626546e-06, 2.92474646812e-06, 1.72039472091e-06, 1.07935352389e-06, 7.83936798143e-07, 1.68054930327e-06, 1.62991375419e-06, 1.70955718204e-06, 6.20117248218e-07, 1.47243099491e-06, 1.06501624941e-06, 7.67032076965e-07, 1.04310720417e-06, 8.52797029438e-07, 7.55746953018e-07, 3.45184162143e-07, 2.62371827375e-07, 1.19233504847e-07, 2.63018705482e-07, 1.03723948541e-07, 1.55389940915e-08, 6.55175289022e-11, 1.19986520719e-11, 1.34244859673e-09, 2.55938115146e-08, 1.52725441183e-08, 1.82439263696e-09],
