{
"highlevel": {
    "danceability": {
        "all": {
            "danceable": 0.71220600605,
            "not_danceable": 0.287794023752
        },
        "probability": 0.71220600605,
        "value": "danceable"
    },
    "gender": {
        "all": {
            "female": 0.00328213418834,
            "male": 0.996717870235
        },
        "probability": 0.996717870235,
        "value": "male"
    },
    "genre_dortmund": {
        "all": {
            "alternative": 0.0607592090964,
            "blues": 0.0570805035532,
            "electronic": 0.0731551423669,
            "folkcountry": 0.194267526269,
            "funksoulrnb": 0.0611059740186,
            "jazz": 0.0476330928504,
            "pop": 0.0782359391451,
            "raphiphop": 0.0856562107801,
            "rock": 0.34210640192
        },
        "probability": 0.34210640192,
        "value": "rock"
    },
    "genre_electronic": {
        "all": {
            "ambient": 0.499230444431,
            "dnb": 0.380520612001,
            "house": 0.0746022835374,
            "techno": 0.0176399275661,
            "trance": 0.0280067268759
        },
        "probability": 0.499230444431,
        "value": "ambient"
    },
    "genre_rosamerica": {
        "all": {
            "cla": 0.0216425023973,
            "dan": 0.0286002401263,
            "hip": 0.0226613879204,
            "jaz": 0.021404992789,
            "pop": 0.488703578711,
            "rhy": 0.194907158613,
            "roc": 0.208375990391,
            "spe": 0.0137041537091
        },
        "probability": 0.488703578711,
        "value": "pop"
    },
    "genre_tzanetakis": {
        "all": {
            "blu": 0.0626541376114,
            "cla": 0.0348133966327,
            "cou": 0.0783501937985,
            "dis": 0.104547761381,
            "hip": 0.15693578124,
            "jaz": 0.313987255096,
            "met": 0.044816005975,
            "pop": 0.0627349764109,
            "reg": 0.0627352520823,
            "roc": 0.0784252434969
        },
        "probability": 0.313987255096,
        "value": "jaz"
    },
    "ismir04_rhythm": {
        "all": {
            "ChaChaCha": 0.0318963751197,
            "Jive": 0.167239740491,
            "Quickstep": 0.0838403254747,
            "Rumba-American": 0.0137369632721,
            "Rumba-International": 0.1768989712,
            "Rumba-Misc": 0.0216821525246,
            "Samba": 0.0944620743394,
            "Tango": 0.0169764179736,
            "VienneseWaltz": 0.358529895544,
            "Waltz": 0.0347370766103
        },
        "probability": 0.358529895544,
        "value": "VienneseWaltz"
    },
    "mood_acoustic": {
        "all": {
            "acoustic": 0.181426435709,
            "not_acoustic": 0.818573534489
        },
        "probability": 0.818573534489,
        "value": "not_acoustic"
    },
    "mood_aggressive": {
        "all": {
            "aggressive": 0.0639183074236,
            "not_aggressive": 0.936081707478
        },
        "probability": 0.936081707478,
        "value": "not_aggressive"
    },
    "mood_electronic": {
        "all": {
            "electronic": 0.47428715229,
            "not_electronic": 0.52571284771
        },
        "probability": 0.52571284771,
        "value": "not_electronic"
    },
    "mood_happy": {
        "all": {
            "happy": 0.47471383214,
            "not_happy": 0.525286138058
        },
        "probability": 0.525286138058,
        "value": "not_happy"
    },
    "mood_party": {
        "all": {
            "not_party": 0.761001527309,
            "party": 0.238998442888
        },
        "probability": 0.761001527309,
        "value": "not_party"
    },
    "mood_relaxed": {
        "all": {
            "not_relaxed": 0.733729243279,
            "relaxed": 0.266270756721
        },
        "probability": 0.733729243279,
        "value": "not_relaxed"
    },
    "mood_sad": {
        "all": {
            "not_sad": 0.702105164528,
            "sad": 0.297894865274
        },
        "probability": 0.702105164528,
        "value": "not_sad"
    },
    "moods_mirex": {
        "all": {
            "Cluster1": 0.176918506622,
            "Cluster2": 0.340182423592,
            "Cluster3": 0.0822264626622,
            "Cluster4": 0.0675804316998,
            "Cluster5": 0.333092182875
        },
        "probability": 0.340182423592,
        "value": "Cluster2"
    },
    "timbre": {
        "all": {
            "bright": 0.542593240738,
            "dark": 0.45740672946
        },
        "probability": 0.542593240738,
        "value": "bright"
    },
    "tonal_atonal": {
        "all": {
            "atonal": 0.209097474813,
            "tonal": 0.790902554989
        },
        "probability": 0.790902554989,
        "value": "tonal"
    },
    "voice_instrumental": {
        "all": {
            "instrumental": 0.00856564100832,
            "voice": 0.991434335709
        },
        "probability": 0.991434335709,
        "value": "voice"
    }
},
"lowlevel": {
    "average_loudness": 0.978528797626,
    "barkbands_crest": {
        "dmean": 2.45186424255,
        "dmean2": 4.01209211349,
        "dvar": 5.41654586792,
        "dvar2": 14.3500900269,
        "max": 23.0510902405,
        "mean": 9.371301651,
        "median": 8.61909103394,
        "min": 3.06167435646,
        "var": 12.2416601181
    },
    "barkbands_flatness_db": {
        "dmean": 0.0209635142237,
        "dmean2": 0.0330117568374,
        "dvar": 0.000391925044823,
        "dvar2": 0.000938228447922,
        "max": 0.356879234314,
        "mean": 0.16617333889,
        "median": 0.164309978485,
        "min": 0.061423458159,
        "var": 0.00206174445339
    },
    "barkbands_kurtosis": {
        "dmean": 2.80835962296,
        "dmean2": 4.50214099884,
        "dvar": 20.8546390533,
        "dvar2": 53.5307235718,
        "max": 45.9468345642,
        "mean": 4.2884645462,
        "median": 2.31366014481,
        "min": -1.59752333164,
        "var": 36.0640907288
    },
    "barkbands_skewness": {
        "dmean": 0.507284224033,
        "dmean2": 0.791624009609,
        "dvar": 0.307250291109,
        "dvar2": 0.733223617077,
        "max": 6.11536026001,
        "mean": 1.5654861927,
        "median": 1.41106402874,
        "min": -0.865335464478,
        "var": 1.18204295635
    },
    "barkbands_spread": {
        "dmean": 4.58691310883,
        "dmean2": 7.0083360672,
        "dvar": 33.7830085754,
        "dvar2": 72.97265625,
        "max": 80.0687484741,
        "mean": 17.4318504333,
        "median": 14.9724302292,
        "min": 1.78433442116,
        "var": 114.217842102
    },
    "dissonance": {
        "dmean": 0.0245609283447,
        "dmean2": 0.0418146029115,
        "dvar": 0.000586625013966,
        "dvar2": 0.00169692898635,
        "max": 0.499211728573,
        "mean": 0.452049911022,
        "median": 0.463611960411,
        "min": 0.295748591423,
        "var": 0.00148207007442
    },
    "dynamic_complexity": 1.90578854084,
    "erbbands_crest": {
        "dmean": 2.66379141808,
        "dmean2": 4.35591030121,
        "dvar": 6.10547780991,
        "dvar2": 15.8953237534,
        "max": 29.9040985107,
        "mean": 9.60058116913,
        "median": 8.40517807007,
        "min": 2.16522192955,
        "var": 22.8784236908
    },
    "erbbands_flatness_db": {
        "dmean": 0.0166387222707,
        "dmean2": 0.024801671505,
        "dvar": 0.000246549985604,
        "dvar2": 0.000484276853967,
        "max": 0.318264812231,
        "mean": 0.175813049078,
        "median": 0.169057294726,
        "min": 0.0689883381128,
        "var": 0.00244376854971
    },
    "erbbands_kurtosis": {
        "dmean": 0.91194999218,
        "dmean2": 1.42839848995,
        "dvar": 1.24327003956,
        "dvar2": 3.02137613297,
        "max": 20.1265964508,
        "mean": 0.764901041985,
        "median": 0.188527584076,
        "min": -1.74547755718,
        "var": 4.88144779205
    },
    "erbbands_skewness": {
        "dmean": 0.371758311987,
        "dmean2": 0.581054449081,
        "dvar": 0.110907018185,
        "dvar2": 0.273399978876,
        "max": 2.60499763489,
        "mean": 0.524632155895,
        "median": 0.499534010887,
        "min": -1.56245982647,
        "var": 0.429091364145
    },
    "erbbands_spread": {
        "dmean": 7.45248985291,
        "dmean2": 11.2558670044,
        "dvar": 66.9499664307,
        "dvar2": 139.260986328,
        "max": 124.504623413,
        "mean": 35.9132766724,
        "median": 32.335144043,
        "min": 3.82701063156,
        "var": 404.457763672
    },
    "hfc": {
        "dmean": 6.5025062561,
        "dmean2": 9.93761920929,
        "dvar": 68.1776809692,
        "dvar2": 168.762435913,
        "max": 97.2960739136,
        "mean": 21.4000301361,
        "median": 17.9347400665,
        "min": 0.125958502293,
        "var": 202.891403198
    },
    "melbands_crest": {
        "dmean": 2.93861746788,
        "dmean2": 4.7463350296,
        "dvar": 7.23414468765,
        "dvar2": 19.6888465881,
        "max": 29.935836792,
        "mean": 12.8847961426,
        "median": 12.0716753006,
        "min": 4.09814405441,
        "var": 19.4195346832
    },
    "melbands_flatness_db": {
        "dmean": 0.0252745281905,
        "dmean2": 0.0380306988955,
        "dvar": 0.00065557094058,
        "dvar2": 0.0014922512928,
        "max": 0.451423048973,
        "mean": 0.220890343189,
        "median": 0.222865074873,
        "min": 0.0523225180805,
        "var": 0.00305240810849
    },
    "melbands_kurtosis": {
        "dmean": 6.8007941246,
        "dmean2": 11.0367689133,
        "dvar": 162.519638062,
        "dvar2": 410.947998047,
        "max": 129.767425537,
        "mean": 12.6325855255,
        "median": 6.8827085495,
        "min": -1.66770064831,
        "var": 274.178710938
    },
    "melbands_skewness": {
        "dmean": 0.690926551819,
        "dmean2": 1.06895673275,
        "dvar": 0.649767756462,
        "dvar2": 1.50729691982,
        "max": 9.33263206482,
        "mean": 2.48436760902,
        "median": 2.14081645012,
        "min": -0.377030223608,
        "var": 2.65377616882
    },
    "melbands_spread": {
        "dmean": 4.94358634949,
        "dmean2": 7.61865711212,
        "dvar": 34.7878646851,
        "dvar2": 76.7183074951,
        "max": 79.977722168,
        "mean": 18.4199333191,
        "median": 15.9641189575,
        "min": 1.8387774229,
        "var": 123.971984863
    },
    "pitch_salience": {
        "dmean": 0.0680004730821,
        "dmean2": 0.109503686428,
        "dvar": 0.00383091368712,
        "dvar2": 0.0106116598472,
        "max": 0.870279610157,
        "mean": 0.567047715187,
        "median": 0.574414551258,
        "min": 0.296257853508,
        "var": 0.0104351527989
    },
    "silence_rate_20dB": {
        "dmean": 0,
        "dmean2": 0,
        "dvar": 0,
        "dvar2": 0,
        "max": 1,
        "mean": 1,
        "median": 1,
        "min": 1,
        "var": 0
    },
    "silence_rate_30dB": {
        "dmean": 0.0371517017484,
        "dmean2": 0.0743609592319,
        "dvar": 0.0357718430459,
        "dvar2": 0.0765783414245,
        "max": 1,
        "mean": 0.965970635414,
        "median": 1,
        "min": 0,
        "var": 0.0328717194498
    },
    "silence_rate_60dB": {
        "dmean": 0.0030959751457,
        "dmean2": 0.00619674660265,
        "dvar": 0.00308634503745,
        "dvar2": 0.00770730385557,
        "max": 1,
        "mean": 0.00541376648471,
        "median": 0,
        "min": 0,
        "var": 0.00538425054401
    },
    "spectral_centroid": {
        "dmean": 225.141357422,
        "dmean2": 340.391571045,
        "dvar": 63092.421875,
        "dvar2": 132254.859375,
        "max": 3410.00146484,
        "mean": 1086.6965332,
        "median": 999.919555664,
        "min": 238.462875366,
        "var": 221095.296875
    },
    "spectral_complexity": {
        "dmean": 3.81114554405,
        "dmean2": 5.65220737457,
        "dvar": 14.1531620026,
        "dvar2": 29.0449237823,
        "max": 53,
        "mean": 19.282289505,
        "median": 17,
        "min": 0,
        "var": 78.637260437
    },
    "spectral_decrease": {
        "dmean": 3.51247630981e-09,
        "dmean2": 5.75140957082e-09,
        "dvar": 5.87012824514e-17,
        "dvar2": 1.54473980926e-16,
        "max": -6.54420267976e-11,
        "mean": -9.39309519055e-09,
        "median": -8.13088973928e-09,
        "min": -7.45265751334e-08,
        "var": 5.99826646296e-17
    },
    "spectral_energy": {
        "dmean": 0.013702781871,
        "dmean2": 0.0223980452865,
        "dvar": 0.000857777253259,
        "dvar2": 0.00225546606816,
        "max": 0.284759700298,
        "mean": 0.0373926609755,
        "median": 0.0322715900838,
        "min": 0.00026247088681,
        "var": 0.000893860473298
    },
    "spectral_energyband_high": {
        "dmean": 0.000303815060761,
        "dmean2": 0.000464312877739,
        "dvar": 3.29254760345e-07,
        "dvar2": 7.68749430335e-07,
        "max": 0.00853131432086,
        "mean": 0.000594722747337,
        "median": 0.000273456244031,
        "min": 6.03834735102e-07,
        "var": 7.41679002658e-07
    },
    "spectral_energyband_low": {
        "dmean": 0.00928829051554,
        "dmean2": 0.0152726601809,
        "dvar": 0.000749957631342,
        "dvar2": 0.00197288114578,
        "max": 0.266534417868,
        "mean": 0.014762670733,
        "median": 0.00964604690671,
        "min": 5.44921363144e-07,
        "var": 0.000662960053887
    },
    "spectral_energyband_middle_high": {
        "dmean": 0.00211833184585,
        "dmean2": 0.00321106659248,
        "dvar": 7.53101403461e-06,
        "dvar2": 1.80583410838e-05,
        "max": 0.0344660207629,
        "mean": 0.00627781357616,
        "median": 0.00424291519448,
        "min": 8.21887260827e-06,
        "var": 3.59335062967e-05
    },
    "spectral_energyband_middle_low": {
        "dmean": 0.0064453962259,
        "dmean2": 0.0104022137821,
        "dvar": 6.90327869961e-05,
        "dvar2": 0.000188517136849,
        "max": 0.112358145416,
        "mean": 0.0175577923656,
        "median": 0.0154356332496,
        "min": 0.000154737703269,
        "var": 0.000123871883261
    },
    "spectral_entropy": {
        "dmean": 0.153399601579,
        "dmean2": 0.226387292147,
        "dvar": 0.0255002025515,
        "dvar2": 0.0490354597569,
        "max": 8.56368637085,
        "mean": 7.39958095551,
        "median": 7.41150569916,
        "min": 5.91121435165,
        "var": 0.172090396285
    },
    "spectral_flux": {
        "dmean": 0.0283461268991,
        "dmean2": 0.0449990965426,
        "dvar": 0.0016284850426,
        "dvar2": 0.00366131588817,
        "max": 0.448990166187,
        "mean": 0.0975519120693,
        "median": 0.0855679810047,
        "min": 0.0061954408884,
        "var": 0.00319533259608
    },
    "spectral_kurtosis": {
        "dmean": 2.05256652832,
        "dmean2": 3.50725436211,
        "dvar": 4.45229482651,
        "dvar2": 12.6588106155,
        "max": 25.9520149231,
        "mean": 4.58473491669,
        "median": 3.95265626907,
        "min": -0.79812669754,
        "var": 9.04438018799
    },
    "spectral_rms": {
        "dmean": 0.00093966309214,
        "dmean2": 0.00148511235602,
        "dvar": 1.96825976673e-06,
        "dvar2": 4.86773069497e-06,
        "max": 0.0166677627712,
        "mean": 0.00574135687202,
        "median": 0.00561110302806,
        "min": 0.000506032782141,
        "var": 3.51749690708e-06
    },
    "spectral_rolloff": {
        "dmean": 340.930603027,
        "dmean2": 565.21862793,
        "dvar": 469376.75,
        "dvar2": 1023488,
        "max": 7299.75585938,
        "mean": 1063.65588379,
        "median": 882.861328125,
        "min": 107.666015625,
        "var": 923472.875
    },
    "spectral_skewness": {
        "dmean": 0.271042793989,
        "dmean2": 0.433383494616,
        "dvar": 0.0544786304235,
        "dvar2": 0.140291631222,
        "max": 3.63463401794,
        "mean": 1.54026246071,
        "median": 1.50134730339,
        "min": 0.321893334389,
        "var": 0.217708349228
    },
    "spectral_spread": {
        "dmean": 427767.09375,
        "dmean2": 616045.875,
        "dvar": 523192238080,
        "dvar2": 688703799296,
        "max": 22141256,
        "mean": 3905511,
        "median": 3688336.5,
        "min": 2155352.25,
        "var": 1.63257044173e+12
    },
    "spectral_strongpeak": {
        "dmean": 0.638807952404,
        "dmean2": 1.09317827225,
        "dvar": 0.747331619263,
        "dvar2": 1.90316772461,
        "max": 8.4408788681,
        "mean": 1.23534142971,
        "median": 0.704737186432,
        "min": 0.0335782207549,
        "var": 1.7675588131
    },
    "zerocrossingrate": {
        "dmean": 0.00739489123225,
        "dmean2": 0.00883142277598,
        "dvar": 7.54318243708e-05,
        "dvar2": 8.88972135726e-05,
        "max": 0.18359375,
        "mean": 0.0458478331566,
        "median": 0.04150390625,
        "min": 0.0087890625,
        "var": 0.000501761212945
    },
    "barkbands": {
        "dmean": [0.00034608275746, 0.00585035001859, 0.00339839211665, 0.00192631245591, 0.00209900015034, 0.00157923100051, 0.00087993091438, 0.00172813166864, 0.00161849090364, 0.000393401598558, 0.000435216032201, 0.000801597198006, 0.000659422657918, 0.000343822990544, 0.000264896138106, 0.000171459119883, 0.00022335597896, 0.000161556876265, 0.000210169062484, 0.000106960636913, 9.41723919823e-05, 8.8769942522e-05, 6.72223613947e-05, 3.50753980456e-05, 1.84198943316e-05, 6.86116072757e-06, 7.79311548627e-09],
        "dmean2": [0.000519897032063, 0.00950836297125, 0.00586818577722, 0.00334561499767, 0.00351234269328, 0.00242698239163, 0.00143406458665, 0.00273172580637, 0.00255519314669, 0.000615654455032, 0.000681618868839, 0.00126251718029, 0.00103833235335, 0.000531205674633, 0.000426560582127, 0.000274739344604, 0.000356163567631, 0.000257964187767, 0.000313220429234, 0.00017413382011, 0.000146494392538, 0.000143920813571, 0.000103703736386, 5.32332269358e-05, 2.79596606561e-05, 1.07798596218e-05, 1.23202346103e-08],
        "dvar": [5.0195581025e-07, 0.000264660367975, 0.00012195178715, 2.71049211733e-05, 1.25310443764e-05, 5.37460573469e-06, 5.62248760616e-06, 1.01204486782e-05, 1.20665818031e-05, 7.4223419233e-07, 1.05751348656e-06, 2.10593384509e-06, 1.6384559558e-06, 5.94833750256e-07, 5.00616749832e-07, 1.53119671609e-07, 3.07353673179e-07, 1.06222422858e-07, 1.23698171706e-07, 6.66219790446e-08, 2.81100120958e-08, 3.42344215198e-08, 2.24021476924e-08, 1.05558974894e-08, 1.6067812636e-09, 2.5121851821e-10, 5.32054386104e-15],
        "dvar2": [1.22210803966e-06, 0.000681209436152, 0.00033848892781, 7.78782414272e-05, 3.37462442985e-05, 1.27952844196e-05, 1.31776996568e-05, 2.59998723777e-05, 3.16081932397e-05, 1.48050492044e-06, 2.18436161958e-06, 4.75538445244e-06, 4.06552544518e-06, 1.44594753237e-06, 1.27566534047e-06, 3.82802113563e-07, 7.52739936161e-07, 2.82288539211e-07, 2.60402657659e-07, 1.72798152676e-07, 6.54310952086e-08, 8.86726567728e-08, 5.00965953165e-08, 2.17690310222e-08, 3.33021876742e-09, 5.88650128641e-10, 6.52340814965e-15],
        "max": [0.0084644658491, 0.15672031045, 0.109227016568, 0.0776325762272, 0.0524348653853, 0.026178682223, 0.0416437350214, 0.0395824350417, 0.0544741153717, 0.0182260740548, 0.0184953436255, 0.0222754422575, 0.0218905732036, 0.0138318650424, 0.0129259806126, 0.005306054838, 0.0107188783586, 0.00432275235653, 0.00716426922008, 0.00374744529836, 0.00245148618706, 0.00228121364489, 0.00183181115426, 0.00158935040236, 0.000831511919387, 0.000167435500771, 2.16842113332e-06],
        "mean": [0.000538636231795, 0.00796502456069, 0.00455576879904, 0.00284429080784, 0.00444865832105, 0.00302987964824, 0.00142395473085, 0.00297250971198, 0.00264043314382, 0.000654577277601, 0.000849922886118, 0.00142688362394, 0.00111883867066, 0.000613509677351, 0.000411570945289, 0.000264907634119, 0.00032293170807, 0.00024084674078, 0.000397079827962, 0.000149707324454, 0.000158631039085, 0.000148507431732, 0.000116970695672, 5.74458717892e-05, 3.17966332659e-05, 9.44194835029e-06, 6.03076788508e-09],
        "median": [0.000297075632261, 0.00429770862684, 0.00268720276654, 0.00163521699142, 0.00299570290372, 0.00181321403943, 0.000478954025311, 0.000870587362442, 0.000759088085033, 0.00022524423548, 0.000212634040508, 0.000555562961381, 0.000362950202543, 0.000184256903594, 0.00014111593191, 0.000110791428597, 0.000140071293572, 0.000108605003334, 0.000202700903174, 5.78023536946e-05, 7.95961968834e-05, 7.32966072974e-05, 4.13500856666e-05, 1.09443872134e-05, 7.72976090957e-06, 2.31064609579e-06, 5.24328136464e-10],
        "min": [6.18661011309e-10, 8.5954843243e-09, 3.30109912738e-08, 1.59996557159e-06, 3.38993595506e-06, 1.51790709424e-05, 3.10155564875e-06, 5.30101806362e-06, 1.55223256115e-06, 2.12713374026e-07, 1.06069805383e-07, 2.20087713387e-07, 1.05904905467e-06, 7.77906279836e-07, 4.13155476053e-07, 9.09593723009e-07, 2.80728869484e-07, 3.87154216241e-07, 1.05225319658e-06, 1.28681321598e-07, 1.40620315392e-07, 3.14763781262e-07, 2.22853664411e-08, 6.58355725491e-09, 4.71133088098e-09, 1.67813350022e-11, 1.33692753049e-11],
        "var": [6.22738241418e-07, 0.000242601046921, 8.93189499038e-05, 2.31165795412e-05, 2.47603184107e-05, 1.25645701701e-05, 9.91428350972e-06, 2.12767226913e-05, 2.28392655117e-05, 1.94547010324e-06, 4.21281447416e-06, 6.07895981375e-06, 4.24604650107e-06, 1.76746777925e-06, 7.3522647881e-07, 2.06333666597e-07, 3.48656470806e-07, 1.40563230389e-07, 3.43437818628e-07, 8.07506097544e-08, 5.99254832423e-08, 4.61172184885e-08, 5.16506943882e-08, 2.51802774187e-08, 4.5662189585e-09, 4.35063568505e-10, 5.05627424018e-15]
    },
    "erbbands": {
        "dmean": [0.164327353239, 1.40583372116, 4.09760141373, 5.11089086533, 6.42394208908, 6.4986615181, 11.2614078522, 15.1616411209, 10.307967186, 23.263458252, 35.0481147766, 36.2751502991, 22.115322113, 11.203625679, 24.8909339905, 23.2801704407, 26.6899852753, 20.6563491821, 13.3166856766, 11.2197332382, 8.7813835144, 13.4376831055, 9.57611846924, 9.52956867218, 8.44277572632, 4.77735996246, 3.77702140808, 4.01464223862, 3.16849994659, 2.48027014732, 1.801653862, 1.04677784443, 0.453594893217, 0.252206206322, 0.11423663795, 0.0373721756041, 0.0130451470613, 0.00120734993834, 2.6513951525e-05, 1.60095678439e-05],
        "dmean2": [0.26038107276, 2.39111924171, 7.11704778671, 8.85934352875, 10.5591316223, 10.9809007645, 18.0362186432, 22.8281536102, 16.390745163, 36.456451416, 54.8997917175, 56.0588874817, 35.2346420288, 17.7357006073, 38.7907066345, 36.2568855286, 42.5003662109, 32.1236724854, 20.3604183197, 18.3227748871, 14.0707426071, 21.3814697266, 15.1795835495, 14.3409175873, 13.0389766693, 7.84236812592, 5.8327960968, 6.35623788834, 5.14486694336, 3.8605902195, 2.84197998047, 1.63112342358, 0.684691667557, 0.379348069429, 0.178934887052, 0.0578166283667, 0.0209668688476, 0.00199304940179, 4.28347339039e-05, 2.60149718088e-05],
        "dvar": [0.165676549077, 17.3195266724, 181.000167847, 207.441604614, 208.088378906, 138.630828857, 256.828887939, 541.332946777, 570.838867188, 2269.21118164, 4064.29833984, 5799.34228516, 3142.59057617, 450.880706787, 2888.9519043, 2112.50439453, 2762.76245117, 1839.0123291, 1095.43652344, 756.560058594, 364.899108887, 1174.37658691, 401.240386963, 324.88583374, 216.035125732, 120.638206482, 53.8498497009, 60.3342094421, 45.7338256836, 23.1982955933, 17.4228897095, 10.5963029861, 1.31792140007, 0.302841573954, 0.0696331560612, 0.00736426655203, 0.000970165070612, 1.01679006548e-05, 3.45202200158e-09, 1.0540069928e-09],
        "dvar2": [0.386520385742, 46.7542457581, 500.129272461, 594.25378418, 560.622192383, 371.485656738, 614.163879395, 1274.59997559, 1293.90893555, 5650.66552734, 10365.1484375, 13943.2578125, 8225.18945312, 1053.94714355, 6842.77392578, 4801.46240234, 6777.91943359, 4548.23876953, 2562.41259766, 2004.29797363, 904.032165527, 2868.20043945, 1055.92468262, 663.97479248, 487.426422119, 310.975585938, 124.847213745, 148.484680176, 119.376861572, 54.9983825684, 38.1542129517, 22.9478397369, 2.78615880013, 0.606909632683, 0.153359830379, 0.0167829543352, 0.00232012593187, 2.66893330263e-05, 8.68503935436e-09, 2.76733658211e-09],
        "max": [4.05046081543, 39.4263458252, 136.560913086, 185.58001709, 144.853591919, 224.088516235, 179.247756958, 309.022674561, 502.272186279, 672.388122559, 764.561523438, 1012.57427979, 1255.50109863, 326.334259033, 1398.99853516, 732.415649414, 870.758483887, 794.592285156, 592.644714355, 391.103729248, 230.179611206, 668.401367188, 271.167938232, 428.292144775, 267.086029053, 149.077789307, 153.366256714, 103.938461304, 82.4911651611, 53.1768379211, 57.9143791199, 47.1881370544, 15.6075496674, 12.9973306656, 3.90551495552, 0.933822214603, 0.369414925575, 0.0442927703261, 0.000844484078698, 0.000311397219775],
        "mean": [0.243046119809, 1.70086801052, 5.21775865555, 8.24551200867, 11.6412668228, 12.9311704636, 21.4478130341, 28.0053348541, 18.915271759, 40.2856254578, 58.5291786194, 60.7216339111, 37.3703842163, 19.6913070679, 58.4019889832, 45.0407295227, 49.683681488, 40.4449996948, 25.2562179565, 17.2165966034, 14.1034736633, 19.5049953461, 14.7248039246, 17.9683361053, 15.8557720184, 7.01828813553, 6.03764486313, 6.61633396149, 5.24681472778, 4.37896060944, 3.18332099915, 1.66339147091, 0.737045705318, 0.431586682796, 0.174959123135, 0.0507755987346, 0.0174496509135, 0.00153127452359, 4.98695662827e-05, 4.52285967185e-05],
        "median": [0.115248292685, 0.87129586935, 2.86231899261, 5.49123954773, 5.28442668915, 9.52112579346, 13.6927280426, 14.9887933731, 8.97430896759, 13.4855728149, 22.3723754883, 19.1690940857, 13.3173151016, 9.83475494385, 17.9357280731, 21.0714893341, 17.8661174774, 14.2890281677, 10.0107555389, 6.62759971619, 6.48829221725, 8.39471054077, 6.88542509079, 9.68112659454, 8.19785690308, 2.9235188961, 2.62196159363, 3.29458212852, 2.68632268906, 1.82554531097, 1.04816198349, 0.357747673988, 0.131233870983, 0.105478338897, 0.0382838770747, 0.00997272413224, 0.00358925876208, 0.000255183840636, 2.62965477305e-05, 3.97104195144e-05],
        "min": [2.6519273888e-06, 2.49073000305e-05, 0.000281625951175, 0.00257920287549, 0.0125951981172, 0.0236690100282, 0.0492428988218, 0.0966078713536, 0.494032114744, 0.399488598108, 0.104657016695, 0.0346370786428, 0.0211340207607, 0.0040019149892, 0.00626076664776, 0.0117752682418, 0.0402727536857, 0.0517009794712, 0.0216856840998, 0.027679797262, 0.0443710945547, 0.0260837562382, 0.0270879212767, 0.0190904457122, 0.0501335263252, 0.00523006590083, 0.00640580803156, 0.00504829036072, 0.00885577872396, 0.00735003268346, 0.000871037307661, 0.000195975298993, 0.000112412475573, 6.83687103447e-05, 2.20331949095e-05, 1.49347988554e-05, 1.54765280058e-06, 1.04262966261e-07, 1.62444010243e-07, 3.62129696896e-07],
        "var": [0.192148387432, 13.6541175842, 131.595458984, 168.758972168, 340.617858887, 229.879837036, 566.350036621, 1226.65637207, 1117.44348145, 4222.47705078, 7851.26220703, 12370.3515625, 6204.51367188, 927.801635742, 17333.296875, 5534.8671875, 7671.33007812, 5631.93408203, 2210.82739258, 895.170349121, 504.874359131, 1296.97509766, 530.863952637, 779.526000977, 482.535583496, 151.546279907, 107.272621155, 104.471168518, 57.4394950867, 46.1646118164, 43.6353645325, 23.7079124451, 3.12573647499, 0.925367057323, 0.150657311082, 0.0131332268938, 0.0015928701032, 1.42281614899e-05, 5.41503153428e-09, 1.16058518351e-09]
    },
    "gfcc": {
        "mean": [7.72069835663, 118.334663391, -126.169555664, 35.5152168274, -64.7719726562, 11.7413129807, -32.4288978577, 1.47348582745, -20.5962810516, -0.162269800901, -9.86030960083, 0.163328543305, -14.6147432327],
        "cov": [[2683.26635742, -482.035308838, 289.289978027, 426.344818115, 289.255981445, 573.088012695, 13.8548727036, 270.354888916, -28.2231521606, 158.793151855, -157.288269043, 49.9043617249, 83.339225769], [-482.035308838, 1001.5456543, 93.658241272, 83.6235809326, 240.975189209, -61.6870536804, 249.621109009, -4.25426530838, 129.645370483, -135.825241089, 137.857650757, -92.594329834, 10.4480648041], [289.289978027, 93.658241272, 727.477233887, 370.337615967, 259.350463867, 227.209945679, 0.131722435355, 82.1485443115, 27.1684684753, 59.4317741394, -22.8125572205, 36.9274749756, -2.24660515785], [426.344818115, 83.6235809326, 370.337615967, 594.443054199, 292.184997559, 171.103088379, 17.061170578, 58.4554405212, 82.7614746094, 27.5501499176, -12.4644880295, -44.6974639893, 59.1824188232], [289.255981445, 240.975189209, 259.350463867, 292.184997559, 392.293792725, 160.782775879, 71.1329879761, 54.847240448, 37.7146339417, 27.3136558533, -31.3370189667, -28.2085971832, 2.97304391861], [573.088012695, -61.6870536804, 227.209945679, 171.103088379, 160.782775879, 362.209381104, 63.1990852356, 67.4973602295, -9.09979534149, 40.6905288696, -17.5477142334, -8.49018478394, 60.1065673828], [13.8548727036, 249.621109009, 0.131722435355, 17.061170578, 71.1329879761, 63.1990852356, 252.71673584, 48.5880012512, 12.9502782822, -29.6976337433, 45.4645690918, -16.7670135498, 7.65340423584], [270.354888916, -4.25426530838, 82.1485443115, 58.4554405212, 54.847240448, 67.4973602295, 48.5880012512, 134.377914429, 21.8447818756, 19.1028823853, -1.08377075195, 4.63457155228, 9.27162075043], [-28.2231521606, 129.645370483, 27.1684684753, 82.7614746094, 37.7146339417, -9.09979534149, 12.9502782822, 21.8447818756, 118.899475098, -2.97954797745, 12.400560379, -30.3397769928, -5.31440830231], [158.793151855, -135.825241089, 59.4317741394, 27.5501499176, 27.3136558533, 40.6905288696, -29.6976337433, 19.1028823853, -2.97954797745, 102.277633667, -22.5771961212, 10.4434194565, -19.6997966766], [-157.288269043, 137.857650757, -22.8125572205, -12.4644880295, -31.3370189667, -17.5477142334, 45.4645690918, -1.08377075195, 12.400560379, -22.5771961212, 108.287284851, 7.81113195419, 27.1852474213], [49.9043617249, -92.594329834, 36.9274749756, -44.6974639893, -28.2085971832, -8.49018478394, -16.7670135498, 4.63457155228, -30.3397769928, 10.4434194565, 7.81113195419, 99.4201889038, 8.37528610229], [83.339225769, 10.4480648041, -2.24660515785, 59.1824188232, 2.97304391861, 60.1065673828, 7.65340423584, 9.27162075043, -5.31440830231, -19.6997966766, 27.1852474213, 8.37528610229, 102.691139221]],
        "icov": [[0.00092632311862, -0.000285869376967, 0.000729561084881, -0.000858823827002, 0.000397801020881, -0.00149502512068, 0.000423678313382, -0.00148472632281, 0.000525849289261, -0.00063289742684, 0.00122849189211, -0.00116824172437, 0.000430120446254], [-0.000285869376967, 0.00517879473045, -0.00217287871055, 0.00285706901923, -0.00470907473937, 0.0031839418225, -0.00323601230048, 0.00228409911506, -0.00390766514465, 0.0043833302334, -0.00503148371354, 0.00425759004429, -0.00205794814974], [0.000729561084881, -0.00217287871055, 0.0041801542975, -0.00320153287612, 0.00159437849652, -0.00349639472552, 0.00209915568121, -0.00244782981463, 0.00200492120348, -0.00195446424186, 0.00222047278658, -0.00438084360212, 0.00312872044742], [-0.000858823827002, 0.00285706901923, -0.00320153287612, 0.00628631794825, -0.00465089315549, 0.00311106885783, -0.00162058358546, 0.00242474791594, -0.00408689118922, 0.00219310889952, -0.00329468073323, 0.00481757801026, -0.00438259262592], [0.000397801020881, -0.00470907473937, 0.00159437849652, -0.00465089315549, 0.00934988353401, -0.00402539316565, 0.0016937754117, -0.00233921594918, 0.00353022152558, -0.00410524243489, 0.00590637139976, -0.00378840882331, 0.00318248406984], [-0.00149502512068, 0.0031839418225, -0.00349639472552, 0.00311106885783, -0.00402539316565, 0.00899052154273, -0.00350448698737, 0.00255579524674, -0.00181251426693, 0.00135429331567, -0.00333431782201, 0.00535712018609, -0.00548363290727], [0.000423678313382, -0.00323601230048, 0.00209915568121, -0.00162058358546, 0.0016937754117, -0.00350448698737, 0.00774954818189, -0.00368458521552, 0.00271982490085, -0.000867707945872, 0.000619924161583, -0.00243239873089, 0.00273115653545], [-0.00148472632281, 0.00228409911506, -0.00244782981463, 0.00242474791594, -0.00233921594918, 0.00255579524674, -0.00368458521552, 0.0125456210226, -0.0041395612061, 0.00089236110216, -0.00283195544034, 0.00227469136007, -0.00224360264838], [0.000525849289261, -0.00390766514465, 0.00200492120348, -0.00408689118922, 0.00353022152558, -0.00181251426693, 0.00271982490085, -0.0041395612061, 0.0140026081353, -0.00314289378002, 0.00225969101302, -0.000821481866296, 0.00309027801268], [-0.00063289742684, 0.0043833302334, -0.00195446424186, 0.00219310889952, -0.00410524243489, 0.00135429331567, -0.000867707945872, 0.00089236110216, -0.00314289378002, 0.0163968075067, -0.00413679750636, 0.00235357857309, 0.00195725751109], [0.00122849189211, -0.00503148371354, 0.00222047278658, -0.00329468073323, 0.00590637139976, -0.00333431782201, 0.000619924161583, -0.00283195544034, 0.00225969101302, -0.00413679750636, 0.0180956497788, -0.00615114998072, -0.00151300337166], [-0.00116824172437, 0.00425759004429, -0.00438084360212, 0.00481757801026, -0.00378840882331, 0.00535712018609, -0.00243239873089, 0.00227469136007, -0.000821481866296, 0.00235357857309, -0.00615114998072, 0.0176599882543, -0.00481032440439], [0.000430120446254, -0.00205794814974, 0.00312872044742, -0.00438259262592, 0.00318248406984, -0.00548363290727, 0.00273115653545, -0.00224360264838, 0.00309027801268, 0.00195725751109, -0.00151300337166, -0.00481032440439, 0.0166372358799]]
    },
    "melbands": {
        "dmean": [0.00149237446021, 0.00204487657174, 0.000898155616596, 0.000427711987868, 0.000379201897886, 0.000319320417475, 0.000164275654242, 0.000306384376017, 0.000268778530881, 0.000242214286118, 0.000110905828478, 4.65239136247e-05, 6.5876491135e-05, 9.81612611213e-05, 5.00913738506e-05, 7.50696563045e-05, 3.58435390808e-05, 2.40592671616e-05, 1.82586863957e-05, 1.43209344969e-05, 9.70039127424e-06, 1.42530416269e-05, 1.25116657728e-05, 6.27342069492e-06, 8.5350829977e-06, 8.41271048557e-06, 4.3888617256e-06, 3.15460533784e-06, 2.47937805398e-06, 2.48158971772e-06, 2.50297057391e-06, 1.99339297069e-06, 1.59929834354e-06, 1.41355576488e-06, 1.17815466183e-06, 8.98034898e-07, 5.71665680127e-07, 3.4082816569e-07, 2.8623713888e-07, 2.06445520234e-07],
        "dmean2": [0.00238335318863, 0.00353677291423, 0.00154057703912, 0.000718389172107, 0.000608891947195, 0.00048319454072, 0.000264497444732, 0.000477355497424, 0.000424448982812, 0.000377541582566, 0.000177764013642, 7.2575698141e-05, 0.000103220889287, 0.000155463494593, 7.94007646618e-05, 0.000118941839901, 5.57284729439e-05, 3.66123967979e-05, 2.91738942906e-05, 2.33369664784e-05, 1.58955172083e-05, 2.26776173804e-05, 2.03388572118e-05, 9.96355993266e-06, 1.29916343212e-05, 1.27314997371e-05, 7.09922687747e-06, 5.28952978129e-06, 3.96007089876e-06, 3.89808656109e-06, 4.03309968533e-06, 3.29210297423e-06, 2.56147495747e-06, 2.20646029447e-06, 1.88355659247e-06, 1.4342376744e-06, 8.66579853209e-07, 5.23840128608e-07, 4.30657507877e-07, 3.12582500328e-07],
        "dvar": [1.53232904267e-05, 4.30249383498e-05, 5.75638341616e-06, 8.12410519302e-07, 2.7594620633e-07, 2.250248059e-07, 1.53871582143e-07, 3.17283706863e-07, 2.40362396653e-07, 2.63908475517e-07, 8.06137450127e-08, 8.13058065319e-09, 2.17441229466e-08, 3.12692876037e-08, 1.71110414726e-08, 2.54914294118e-08, 6.69095756578e-09, 3.08191117071e-09, 2.2666140076e-09, 1.31715494067e-09, 4.42826081359e-10, 1.36287425789e-09, 7.12945313897e-10, 1.67196284595e-10, 2.95503455039e-10, 2.122943904e-10, 1.10012471355e-10, 5.77071793129e-11, 2.97816632466e-11, 2.0820557084e-11, 2.76825749823e-11, 2.27768862798e-11, 8.10817819136e-12, 8.96504051551e-12, 7.52064816673e-12, 6.36008086474e-12, 3.32856919111e-12, 7.71848188662e-13, 4.46203051721e-13, 1.98114704438e-13],
        "dvar2": [3.75861163775e-05, 0.000118296091387, 1.64001776284e-05, 2.17933097701e-06, 6.79908112033e-07, 5.32715944246e-07, 3.4384569858e-07, 8.10972551335e-07, 6.14527493781e-07, 6.52521634947e-07, 2.10636926568e-07, 1.80753296775e-08, 4.74497419134e-08, 7.28333588995e-08, 4.14258316539e-08, 6.37984953755e-08, 1.61860622683e-08, 7.06182756716e-09, 5.79951597857e-09, 3.3813938316e-09, 1.13619957887e-09, 3.26353721825e-09, 1.85179105383e-09, 4.295222511e-10, 5.93406823679e-10, 4.75462280658e-10, 2.77425388218e-10, 1.53880602705e-10, 7.30965565854e-11, 4.91114648948e-11, 7.00466767922e-11, 6.07897412963e-11, 1.94239867246e-11, 2.18398511082e-11, 1.76102951666e-11, 1.47739095263e-11, 7.05089762618e-12, 1.69674463282e-12, 9.64208313886e-13, 4.38333858143e-13],
        "max": [0.0373757407069, 0.0649905726314, 0.0302795972675, 0.0148470038548, 0.00600161775947, 0.00612468179315, 0.00718658836558, 0.00669977487996, 0.00537419784814, 0.00690083997324, 0.00632058363408, 0.00122565217316, 0.00333548523486, 0.00330876070075, 0.00253468565643, 0.00286997226067, 0.00136016053148, 0.000808131066151, 0.000883090833668, 0.000545219983906, 0.000257930194493, 0.000720463867765, 0.000330969254719, 0.000198462279513, 0.000416134309489, 0.000237041778746, 0.000191526181879, 0.000115562943392, 0.000120198310469, 7.03530749888e-05, 7.54201464588e-05, 6.41078004264e-05, 3.00652409351e-05, 3.93106165575e-05, 3.73104012397e-05, 3.50965747202e-05, 3.26942026732e-05, 1.11905865197e-05, 1.58660477609e-05, 8.98171947483e-06],
        "mean": [0.0021313817706, 0.00263311737217, 0.00150482845493, 0.000902111525647, 0.000731532636564, 0.000599127670284, 0.000286592723569, 0.000528004253283, 0.00043709910824, 0.00039748227573, 0.000178622140083, 7.39516690373e-05, 0.000148621445987, 0.000187557423487, 8.04760857136e-05, 0.0001290471846, 6.53125243844e-05, 4.10615684814e-05, 2.77544149867e-05, 2.04639254662e-05, 1.47820783241e-05, 2.01616403501e-05, 1.71005594893e-05, 1.01208797787e-05, 1.50403075168e-05, 1.54314730025e-05, 6.66245341563e-06, 4.1285916268e-06, 3.5972598198e-06, 3.90770628655e-06, 3.85595558328e-06, 3.0265971418e-06, 2.67453060587e-06, 2.34255116993e-06, 1.99190844796e-06, 1.34022718612e-06, 8.59743011006e-07, 5.15658939548e-07, 4.38355868937e-07, 3.30519469571e-07],
        "median": [0.00115104403812, 0.00146697030868, 0.000935603689868, 0.000493554514833, 0.000474445841974, 0.000340382393915, 0.000120431024698, 0.00016423924535, 0.0001601891272, 0.000105449937109, 6.2037819589e-05, 2.97018941637e-05, 4.45517216576e-05, 7.16981012374e-05, 2.39137170865e-05, 4.01518773288e-05, 2.01007587748e-05, 1.4298444512e-05, 9.60216857493e-06, 7.3641886047e-06, 6.96216329743e-06, 8.16356532596e-06, 7.08748802936e-06, 4.87609077027e-06, 7.69306006987e-06, 7.29393877918e-06, 2.89471972792e-06, 1.40472161547e-06, 1.43925012708e-06, 1.76663013463e-06, 1.85046519618e-06, 1.51255187575e-06, 1.20747984056e-06, 8.75411899415e-07, 6.68200641485e-07, 3.16956601409e-07, 1.42787413893e-07, 7.31529326004e-08, 9.66329452012e-08, 7.92491263724e-08],
        "min": [2.835410573e-09, 2.14014654887e-08, 5.82163806939e-07, 1.57467695772e-06, 5.09595679432e-07, 2.1870796445e-06, 5.83032760915e-06, 3.78732829631e-06, 5.92172682445e-07, 2.1876745393e-07, 9.22356733213e-08, 8.58298143669e-09, 1.92906899343e-08, 2.37202097964e-08, 6.41453681283e-08, 1.09269379323e-07, 9.08553587919e-08, 2.53140637341e-08, 2.53978367226e-08, 5.93313593811e-08, 4.95441803139e-08, 1.28898332008e-08, 2.42042457188e-08, 1.68587472871e-08, 1.26391785926e-08, 4.50499477722e-08, 1.05816404528e-08, 9.57853574235e-10, 3.34858207829e-09, 4.93722840389e-09, 2.39354447373e-09, 3.89505894205e-09, 5.65433566635e-09, 1.48370438158e-09, 5.47465350831e-10, 1.00513486423e-10, 2.78950872817e-11, 7.71552179785e-12, 1.41414640414e-11, 3.3929793003e-11],
