{
"highlevel": {
    "danceability": {
        "all": {
            "danceable": 0.450511991978,
            "not_danceable": 0.549488008022
        },
        "probability": 0.549488008022,
        "value": "not_danceable"
    },
    "gender": {
        "all": {
            "female": 0.882947683334,
            "male": 0.117052339017
        },
        "probability": 0.882947683334,
        "value": "female"
    },
    "genre_dortmund": {
        "all": {
            "alternative": 0.320204764605,
            "blues": 0.00830578897148,
            "electronic": 0.194999560714,
            "folkcountry": 0.0246620494872,
            "funksoulrnb": 0.00761770550162,
            "jazz": 0.0134854754433,
            "pop": 0.0300194639713,
            "raphiphop": 0.015334976837,
            "rock": 0.385370194912
        },
        "probability": 0.385370194912,
        "value": "rock"
    },
    "genre_electronic": {
        "all": {
            "ambient": 0.42318457365,
            "dnb": 0.104342542589,
            "house": 0.0196125619113,
            "techno": 0.0105170169845,
            "trance": 0.442343294621
        },
        "probability": 0.442343294621,
        "value": "trance"
    },
    "genre_rosamerica": {
        "all": {
            "cla": 0.00337015441619,
            "dan": 0.0407876260579,
            "hip": 0.0101905260235,
            "jaz": 0.00505333254114,
            "pop": 0.610676467419,
            "rhy": 0.0365213826299,
            "roc": 0.290526419878,
            "spe": 0.00287408824079
        },
        "probability": 0.610676467419,
        "value": "pop"
    },
    "genre_tzanetakis": {
        "all": {
            "blu": 0.0626613423228,
            "cla": 0.0348169617355,
            "cou": 0.104475811124,
            "dis": 0.0784321576357,
            "hip": 0.15692435205,
            "jaz": 0.313974827528,
            "met": 0.0448166541755,
            "pop": 0.0627359300852,
            "reg": 0.0627360641956,
            "roc": 0.0784258767962
        },
        "probability": 0.313974827528,
        "value": "jaz"
    },
    "ismir04_rhythm": {
        "all": {
            "ChaChaCha": 0.114284217358,
            "Jive": 0.328750520945,
            "Quickstep": 0.0573602057993,
            "Rumba-American": 0.0117003107443,
            "Rumba-International": 0.0283508934081,
            "Rumba-Misc": 0.00496004335582,
            "Samba": 0.414152503014,
            "Tango": 0.00915803201497,
            "VienneseWaltz": 0.0278117340058,
            "Waltz": 0.00347154261544
        },
        "probability": 0.414152503014,
        "value": "Samba"
    },
    "mood_acoustic": {
        "all": {
            "acoustic": 0.0279374495149,
            "not_acoustic": 0.972062528133
        },
        "probability": 0.972062528133,
        "value": "not_acoustic"
    },
    "mood_aggressive": {
        "all": {
            "aggressive": 0.745473027229,
            "not_aggressive": 0.254526942968
        },
        "probability": 0.745473027229,
        "value": "aggressive"
    },
    "mood_electronic": {
        "all": {
            "electronic": 0.948171317577,
            "not_electronic": 0.0518286712468
        },
        "probability": 0.948171317577,
        "value": "electronic"
    },
    "mood_happy": {
        "all": {
            "happy": 0.327842861414,
            "not_happy": 0.672157108784
        },
        "probability": 0.672157108784,
        "value": "not_happy"
    },
    "mood_party": {
        "all": {
            "not_party": 0.205023109913,
            "party": 0.794976890087
        },
        "probability": 0.794976890087,
        "value": "party"
    },
    "mood_relaxed": {
        "all": {
            "not_relaxed": 0.840353548527,
            "relaxed": 0.159646466374
        },
        "probability": 0.840353548527,
        "value": "not_relaxed"
    },
    "mood_sad": {
        "all": {
            "not_sad": 0.823559641838,
            "sad": 0.176440373063
        },
        "probability": 0.823559641838,
        "value": "not_sad"
    },
    "moods_mirex": {
        "all": {
            "Cluster1": 0.395192116499,
            "Cluster2": 0.0573816224933,
            "Cluster3": 0.070095859468,
            "Cluster4": 0.0819462612271,
            "Cluster5": 0.395384132862
        },
        "probability": 0.395384132862,
        "value": "Cluster5"
    },
    "timbre": {
        "all": {
            "bright": 0.311866343021,
            "dark": 0.688133656979
        },
        "probability": 0.688133656979,
        "value": "dark"
    },
    "tonal_atonal": {
        "all": {
            "atonal": 0.297207713127,
            "tonal": 0.702792286873
        },
        "probability": 0.702792286873,
        "value": "tonal"
    },
    "voice_instrumental": {
        "all": {
            "instrumental": 0.150198355317,
            "voice": 0.849801659584
        },
        "probability": 0.849801659584,
        "value": "voice"
    }
},
"lowlevel": {
    "average_loudness": 0.984517097473,
    "barkbands_crest": {
        "dmean": 3.30131816864,
        "dmean2": 5.4712600708,
        "dvar": 9.06890964508,
        "dvar2": 27.2176189423,
        "max": 23.9029598236,
        "mean": 10.8654022217,
        "median": 10.453453064,
        "min": 2.67749285698,
        "var": 14.0749530792
    },
    "barkbands_flatness_db": {
        "dmean": 0.0236820504069,
        "dmean2": 0.0366315804422,
        "dvar": 0.000435262860265,
        "dvar2": 0.00100867252331,
        "max": 0.30178207159,
        "mean": 0.149193882942,
        "median": 0.148055136204,
        "min": 0.0636618956923,
        "var": 0.00180412374903
    },
    "barkbands_kurtosis": {
        "dmean": 2.04011464119,
        "dmean2": 3.34169888496,
        "dvar": 6.45065927505,
        "dvar2": 16.563375473,
        "max": 25.3559360504,
        "mean": 2.01602578163,
        "median": 0.918359279633,
        "min": -1.72249221802,
        "var": 12.0621700287
    },
    "barkbands_skewness": {
        "dmean": 0.577791929245,
        "dmean2": 0.901818215847,
        "dvar": 0.281534671783,
        "dvar2": 0.661031782627,
        "max": 4.90116214752,
        "mean": 1.34276986122,
        "median": 1.29376840591,
        "min": -1.44817721844,
        "var": 0.843520760536
    },
    "barkbands_spread": {
        "dmean": 5.57078027725,
        "dmean2": 8.61060619354,
        "dvar": 32.4873542786,
        "dvar2": 77.1402816772,
        "max": 82.5751037598,
        "mean": 23.1520557404,
        "median": 21.6590518951,
        "min": 4.77195501328,
        "var": 89.0087585449
    },
    "dissonance": {
        "dmean": 0.0210459399968,
        "dmean2": 0.0353749059141,
        "dvar": 0.000378125841962,
        "dvar2": 0.00102914962918,
        "max": 0.49923157692,
        "mean": 0.464803636074,
        "median": 0.471936374903,
        "min": 0.322540581226,
        "var": 0.000690477143507
    },
    "dynamic_complexity": 1.34067368507,
    "erbbands_crest": {
        "dmean": 3.18155288696,
        "dmean2": 5.25362062454,
        "dvar": 7.35606813431,
        "dvar2": 19.7346420288,
        "max": 23.4293994904,
        "mean": 9.302485466,
        "median": 8.6302728653,
        "min": 2.24518656731,
        "var": 14.0177326202
    },
    "erbbands_flatness_db": {
        "dmean": 0.0226232465357,
        "dmean2": 0.0324662253261,
        "dvar": 0.000531778321601,
        "dvar2": 0.000925553089473,
        "max": 0.28990393877,
        "mean": 0.150625616312,
        "median": 0.144289240241,
        "min": 0.0635791644454,
        "var": 0.00195226061624
    },
    "erbbands_kurtosis": {
        "dmean": 1.13629126549,
        "dmean2": 1.85817492008,
        "dvar": 1.52928388119,
        "dvar2": 4.00955486298,
        "max": 9.54559803009,
        "mean": 1.17917943001,
        "median": 0.819204568863,
        "min": -1.51109075546,
        "var": 2.99944376945
    },
    "erbbands_skewness": {
        "dmean": 0.326186746359,
        "dmean2": 0.526487290859,
        "dvar": 0.0884399935603,
        "dvar2": 0.220840707421,
        "max": 1.82949268818,
        "mean": -0.0206452365965,
        "median": 0.00867484509945,
        "min": -1.79760611057,
        "var": 0.226760074496
    },
    "erbbands_spread": {
        "dmean": 9.02279472351,
        "dmean2": 13.734377861,
        "dvar": 84.2500762939,
        "dvar2": 174.165100098,
        "max": 99.7376785278,
        "mean": 30.7469005585,
        "median": 28.3703403473,
        "min": 4.47821235657,
        "var": 230.474594116
    },
    "hfc": {
        "dmean": 10.2674894333,
        "dmean2": 14.7252702713,
        "dvar": 138.488632202,
        "dvar2": 278.813262939,
        "max": 103.045898438,
        "mean": 28.4851512909,
        "median": 21.9534912109,
        "min": 2.1896777153,
        "var": 327.404571533
    },
    "melbands_crest": {
        "dmean": 4.21634817123,
        "dmean2": 7.06067848206,
        "dvar": 11.2558660507,
        "dvar2": 35.2265205383,
        "max": 30.6553955078,
        "mean": 15.982998848,
        "median": 16.1934890747,
        "min": 4.21289634705,
        "var": 20.1904621124
    },
    "melbands_flatness_db": {
        "dmean": 0.0295621026307,
        "dmean2": 0.0441541075706,
        "dvar": 0.000701627053786,
        "dvar2": 0.00153615907766,
        "max": 0.393184542656,
        "mean": 0.212265476584,
        "median": 0.213371813297,
        "min": 0.0649450942874,
        "var": 0.0031251157634
    },
    "melbands_kurtosis": {
        "dmean": 6.37181329727,
        "dmean2": 10.3743677139,
        "dvar": 83.5719299316,
        "dvar2": 207.256469727,
        "max": 127.178527832,
        "mean": 9.42796325684,
        "median": 6.04215621948,
        "min": -1.5995464325,
        "var": 133.396530151
    },
    "melbands_skewness": {
        "dmean": 0.885839402676,
        "dmean2": 1.39075696468,
        "dvar": 0.746706485748,
        "dvar2": 1.78584349155,
        "max": 10.2890920639,
        "mean": 2.51659846306,
        "median": 2.35891008377,
        "min": -1.02533090115,
        "var": 1.93091666698
    },
    "melbands_spread": {
        "dmean": 6.65614700317,
        "dmean2": 10.5638914108,
        "dvar": 45.1276855469,
        "dvar2": 110.495544434,
        "max": 91.470489502,
        "mean": 21.8335456848,
        "median": 20.4114704132,
        "min": 3.49150133133,
        "var": 108.418296814
    },
    "pitch_salience": {
        "dmean": 0.0834046080709,
        "dmean2": 0.140578329563,
        "dvar": 0.00596181582659,
        "dvar2": 0.0171302463859,
        "max": 0.765958964825,
        "mean": 0.496386379004,
        "median": 0.490779817104,
        "min": 0.152348533273,
        "var": 0.00827735103667
    },
    "silence_rate_20dB": {
        "dmean": 0,
        "dmean2": 0,
        "dvar": 0,
        "dvar2": 0,
        "max": 1,
        "mean": 1,
        "median": 1,
        "min": 1,
        "var": 0
    },
    "silence_rate_30dB": {
        "dmean": 0.030959751457,
        "dmean2": 0.0619674660265,
        "dvar": 0.0300012957305,
        "dvar2": 0.0767170935869,
        "max": 1,
        "mean": 0.978344917297,
        "median": 1,
        "min": 0,
        "var": 0.0211862605065
    },
    "silence_rate_60dB": {
        "dmean": 0,
        "dmean2": 0,
        "dvar": 0,
        "dvar2": 0,
        "max": 0,
        "mean": 0,
        "median": 0,
        "min": 0,
        "var": 0
    },
    "spectral_centroid": {
        "dmean": 227.554855347,
        "dmean2": 331.733642578,
        "dvar": 54214.9960938,
        "dvar2": 117638.851562,
        "max": 3396.15527344,
        "mean": 1274.63012695,
        "median": 1199.05090332,
        "min": 449.734710693,
        "var": 192726.390625
    },
    "spectral_complexity": {
        "dmean": 5.08436536789,
        "dmean2": 7.40278863907,
        "dvar": 31.6701221466,
        "dvar2": 53.6332588196,
        "max": 60,
        "mean": 25.0688323975,
        "median": 21,
        "min": 9,
        "var": 113.027687073
    },
    "spectral_decrease": {
        "dmean": 4.87783902159e-09,
        "dmean2": 7.83805376159e-09,
        "dvar": 3.51157459881e-17,
        "dvar2": 9.1373930648e-17,
        "max": -7.51308348867e-10,
        "mean": -1.2523520887e-08,
        "median": -1.12420739384e-08,
        "min": -5.61319275505e-08,
        "var": 4.3729124767e-17
    },
    "spectral_energy": {
        "dmean": 0.0190798006952,
        "dmean2": 0.0305237621069,
        "dvar": 0.000527667696588,
        "dvar2": 0.00135816400871,
        "max": 0.216251313686,
        "mean": 0.0498504005373,
        "median": 0.0446815416217,
        "min": 0.003306531813,
        "var": 0.000673694594298
    },
    "spectral_energyband_high": {
        "dmean": 0.000706581166014,
        "dmean2": 0.000959234021138,
        "dvar": 1.06586048787e-06,
        "dvar2": 2.16886814997e-06,
        "max": 0.00732232350856,
        "mean": 0.00115052866749,
        "median": 0.000378813972929,
        "min": 1.20055565276e-05,
        "var": 2.13406883631e-06
    },
    "spectral_energyband_low": {
        "dmean": 0.015167042613,
        "dmean2": 0.0249345954508,
        "dvar": 0.000439499795903,
        "dvar2": 0.00123267353047,
        "max": 0.199103116989,
        "mean": 0.0280458666384,
        "median": 0.0238524414599,
        "min": 0.000233189421124,
        "var": 0.000460708310129
    },
    "spectral_energyband_middle_high": {
        "dmean": 0.00384647934698,
        "dmean2": 0.0063493042253,
        "dvar": 1.79291164386e-05,
        "dvar2": 4.82347168145e-05,
        "max": 0.0493076480925,
        "mean": 0.0103088784963,
        "median": 0.00900700036436,
        "min": 0.000808979209978,
        "var": 3.84313207178e-05
    },
    "spectral_energyband_middle_low": {
        "dmean": 0.00582052022219,
        "dmean2": 0.00926363188773,
        "dvar": 8.41874498292e-05,
        "dvar2": 0.000209115300095,
        "max": 0.0969063788652,
        "mean": 0.0117276515812,
        "median": 0.00951032154262,
        "min": 0.000682875222992,
        "var": 9.13949043024e-05
    },
    "spectral_entropy": {
        "dmean": 0.1660117805,
        "dmean2": 0.229301169515,
        "dvar": 0.0303442403674,
        "dvar2": 0.0523292087018,
        "max": 8.45341587067,
        "mean": 7.66030597687,
        "median": 7.67479610443,
        "min": 6.72075128555,
        "var": 0.126610070467
    },
    "spectral_flux": {
        "dmean": 0.034271299839,
        "dmean2": 0.0530480667949,
        "dvar": 0.00135152414441,
        "dvar2": 0.00297658680938,
        "max": 0.364509642124,
        "mean": 0.11746455729,
        "median": 0.106725618243,
        "min": 0.0239024050534,
        "var": 0.00259887380525
    },
    "spectral_kurtosis": {
        "dmean": 1.7968685627,
        "dmean2": 2.78556394577,
        "dvar": 5.34052991867,
        "dvar2": 12.7037029266,
        "max": 32.3920326233,
        "mean": 4.79183721542,
        "median": 3.9177646637,
        "min": 0.25920176506,
        "var": 10.8288011551
    },
    "spectral_rms": {
        "dmean": 0.00128112826496,
        "dmean2": 0.00201924843714,
        "dvar": 1.7505183223e-06,
        "dvar2": 4.29001920565e-06,
        "max": 0.0145250437781,
        "mean": 0.00676501914859,
        "median": 0.00660240463912,
        "min": 0.00179607479367,
        "var": 2.86904446511e-06
    },
    "spectral_rolloff": {
        "dmean": 362.147338867,
        "dmean2": 608.451293945,
        "dvar": 272901.46875,
        "dvar2": 659730.25,
        "max": 7579.6875,
        "mean": 1101.10668945,
        "median": 1119.7265625,
        "min": 86.1328125,
        "var": 424647.71875
    },
    "spectral_skewness": {
        "dmean": 0.257187724113,
        "dmean2": 0.380698114634,
        "dvar": 0.0746649429202,
        "dvar2": 0.162992864847,
        "max": 4.18753004074,
        "mean": 1.64395558834,
        "median": 1.57770800591,
        "min": 0.606923222542,
        "var": 0.235037624836
    },
    "spectral_spread": {
        "dmean": 571733.5,
        "dmean2": 728351.5,
        "dvar": 372743798784,
        "dvar2": 590203125760,
        "max": 10228261,
        "mean": 4305871.5,
        "median": 4258624,
        "min": 1780266.25,
        "var": 1.35734768435e+12
    },
    "spectral_strongpeak": {
        "dmean": 0.516180276871,
        "dmean2": 0.936471521854,
        "dvar": 1.00056374073,
        "dvar2": 2.90953969955,
        "max": 7.22271203995,
        "mean": 0.691051721573,
        "median": 0.453846901655,
        "min": 0,
        "var": 0.794387817383
    },
    "zerocrossingrate": {
        "dmean": 0.00894136726856,
        "dmean2": 0.00988968089223,
        "dvar": 7.02298348187e-05,
        "dvar2": 9.02323372429e-05,
        "max": 0.1630859375,
        "mean": 0.0481072217226,
        "median": 0.04443359375,
        "min": 0.0107421875,
        "var": 0.000428437953815
    },
    "barkbands": {
        "dmean": [0.00112821836956, 0.0131836868823, 0.00370800495148, 0.00241660792381, 0.00291776354425, 0.00068636413198, 0.000433708366472, 0.000777904642746, 0.000884069188032, 0.00124540308025, 0.000473094347399, 0.00190243148245, 0.000962610414717, 0.000787164608482, 0.000308141694404, 0.000138373230584, 0.000126980114146, 0.000221261638217, 0.000198466121219, 0.000166181285749, 0.000185854631127, 0.000138384057209, 0.000172287647729, 9.26226275624e-05, 6.76848867442e-05, 5.46801747987e-05, 3.1712468207e-09],
        "dmean2": [0.00194084760733, 0.021977648139, 0.00608444260433, 0.00414183689281, 0.00470389192924, 0.00119313923642, 0.000741834868677, 0.00124565057922, 0.00140426855069, 0.00211349339224, 0.000776082742959, 0.0032373922877, 0.00161786691751, 0.00122749106959, 0.000508423545398, 0.000215585547267, 0.000206827171496, 0.000340342579875, 0.000318720907671, 0.000258237618254, 0.000274338177405, 0.000210348924156, 0.000248240568908, 0.000135387090268, 9.5311916084e-05, 7.63817806728e-05, 4.81357131932e-09],
        "dvar": [1.96410655917e-06, 0.000392346526496, 1.70178554981e-05, 1.02969643194e-05, 4.12587287428e-05, 1.04609307527e-06, 4.89237834245e-07, 8.34268121253e-07, 1.20437891837e-06, 3.11935400532e-06, 8.30813235098e-07, 1.2988493836e-05, 2.13362523027e-06, 7.29667760879e-07, 1.38256979199e-07, 4.8631150662e-08, 4.17409147246e-08, 1.19921111263e-07, 9.9582102564e-08, 6.17840072437e-08, 7.86488243421e-08, 4.59424391863e-08, 7.10241607749e-08, 2.26351204446e-08, 1.28739410243e-08, 1.17727569915e-08, 1.24461422495e-15],
        "dvar2": [5.79638845011e-06, 0.00116099999286, 4.69535516459e-05, 2.70511081908e-05, 0.000102393460111, 2.91211676995e-06, 1.33437970362e-06, 2.12977806768e-06, 2.87727357318e-06, 8.79172603163e-06, 2.13657676795e-06, 3.60251833627e-05, 5.88742796026e-06, 1.78765822056e-06, 3.68429141417e-07, 1.17528998089e-07, 1.01807430042e-07, 2.55712848229e-07, 2.5365366696e-07, 1.52492759753e-07, 1.69275793382e-07, 1.0630476055e-07, 1.5592905811e-07, 5.15980644877e-08, 2.74108113985e-08, 2.45973303947e-08, 1.27281872803e-15],
        "max": [0.00941352546215, 0.189435124397, 0.0317694246769, 0.0251811780035, 0.0661384761333, 0.0112607218325, 0.00709958700463, 0.0104685164988, 0.0134539306164, 0.0248243380338, 0.0129829607904, 0.0381424166262, 0.018388915807, 0.00719087943435, 0.00348006002605, 0.00262752105482, 0.00199802173302, 0.00633340282366, 0.00334417680278, 0.00240710098296, 0.00226081931032, 0.00202115089633, 0.00312172924168, 0.0013497241307, 0.00121995375957, 0.000890524883289, 1.20236518342e-06],
        "mean": [0.00119195843581, 0.0197904333472, 0.00585088832304, 0.00332775223069, 0.00359092489816, 0.000995801878162, 0.000582028005738, 0.0012936736457, 0.0016149294097, 0.0020748313982, 0.00078821653733, 0.00260330643505, 0.00163242511917, 0.00144082482439, 0.000607100431807, 0.0002565907198, 0.000232017526287, 0.00039329144056, 0.000300246378174, 0.00027284323005, 0.000266753457254, 0.000217681124923, 0.000237085128902, 0.000135088543175, 8.85653498699e-05, 6.51557056699e-05, 2.73684652718e-09],
        "median": [0.000417633971665, 0.0162265580148, 0.00457663880661, 0.00277864607051, 0.00170945096761, 0.000620534992777, 0.000284754612949, 0.000877074431628, 0.00112231494859, 0.00133252283558, 0.000337332865456, 0.00100105791353, 0.000922740087844, 0.00106256664731, 0.000424817437306, 0.000139363372, 0.000121535784274, 0.000249306263868, 0.000143249257235, 0.000112729263492, 8.82089079823e-05, 5.73972683924e-05, 7.13071131031e-05, 3.45468979503e-05, 2.28367061936e-05, 1.54906301759e-05, 5.97719929107e-10],
        "min": [1.96066793023e-07, 0.000115206988994, 6.19534475845e-05, 2.85332680505e-06, 4.46325429948e-05, 9.90263652056e-06, 1.07587666207e-05, 1.61354673764e-05, 3.36487642016e-06, 5.69150433876e-05, 3.88791568184e-06, 9.30263468035e-06, 1.68935275724e-05, 5.10064128321e-05, 2.02541978069e-05, 4.03740159527e-06, 4.01974193665e-06, 7.26160214981e-06, 3.72606064047e-06, 5.03925321027e-06, 2.47411321652e-06, 1.12634143079e-06, 1.58704597197e-06, 7.83890413913e-07, 1.52813972587e-09, 2.52087489772e-10, 1.71262656834e-11],
        "var": [2.3762827368e-06, 0.000337107718224, 2.46062591032e-05, 9.33533738134e-06, 4.16340881202e-05, 1.30043815716e-06, 5.71629414026e-07, 1.68095834852e-06, 2.80403173747e-06, 5.41075723959e-06, 1.64764935562e-06, 1.76938592631e-05, 3.87061754736e-06, 1.41830958e-06, 2.98445684166e-07, 8.99013770095e-08, 7.75139241682e-08, 2.19122554768e-07, 1.32328764835e-07, 1.15274431778e-07, 1.35758838837e-07, 8.9381494206e-08, 1.12551610698e-07, 3.56828167014e-08, 2.00179410825e-08, 1.58849999821e-08, 1.24019641873e-15]
    },
    "erbbands": {
        "dmean": [0.344435870647, 3.17458701134, 5.06145954132, 5.17223310471, 11.2555027008, 8.87194633484, 4.39844322205, 6.64981412888, 6.14277696609, 10.0784854889, 15.8584394455, 17.8753681183, 32.2508430481, 29.0964775085, 40.3773536682, 53.8806304932, 45.9974021912, 42.2311286926, 17.4299583435, 15.8401126862, 7.82583713531, 6.97773790359, 10.1616268158, 11.2198381424, 9.29960823059, 7.99808931351, 6.37502193451, 7.37721681595, 4.86751937866, 5.49048614502, 4.71764707565, 2.46864199638, 1.43012213707, 0.854004263878, 0.453646689653, 0.296743124723, 0.0963892415166, 0.00555753987283, 0.000118670817756, 2.68043113465e-05],
        "dmean2": [0.60723721981, 5.23004055023, 8.22039413452, 8.76620197296, 18.9968948364, 14.0860433578, 7.75013637543, 11.5521287918, 10.484375, 16.8408355713, 25.4717674255, 28.4447975159, 54.1184387207, 48.0800933838, 68.6909484863, 90.5967712402, 77.4558868408, 65.4153671265, 28.7290382385, 26.804479599, 12.3102416992, 10.9530410767, 15.7057600021, 16.9445648193, 14.8826780319, 12.345872879, 9.40808391571, 11.0543870926, 7.40022039413, 8.19481754303, 6.90762996674, 3.62595081329, 2.13248443604, 1.21975886822, 0.640365898609, 0.432201087475, 0.133904367685, 0.00808943808079, 0.000169103223016, 4.08099040214e-05],
        "dvar": [0.28318721056, 22.9283103943, 37.2710037231, 47.9315872192, 453.104980469, 457.901550293, 46.0283546448, 98.1165161133, 78.2340164185, 203.162460327, 350.517272949, 622.008300781, 1714.58325195, 1404.53588867, 4604.18554688, 9151.59765625, 5333.51318359, 2437.92041016, 461.430297852, 381.973327637, 140.238449097, 126.418815613, 260.420898438, 276.875457764, 239.162628174, 132.805221558, 84.7143936157, 134.326034546, 58.0793533325, 70.1545791626, 60.349155426, 16.7245864868, 5.68002319336, 2.14160490036, 0.608482778072, 0.371889263391, 0.0349672064185, 0.000120881319162, 5.00178884977e-08, 1.07537068139e-09],
        "dvar2": [0.864765286446, 67.301651001, 98.8535003662, 129.284393311, 1143.55981445, 1087.80041504, 128.535369873, 275.603057861, 208.861587524, 558.139831543, 901.690429688, 1437.17199707, 4828.18457031, 3764.57592773, 13052.0449219, 25349.2480469, 15017.9394531, 5740.17480469, 1192.53625488, 1080.63928223, 335.621734619, 293.894470215, 564.735107422, 666.549621582, 622.852722168, 316.507904053, 163.270767212, 313.468322754, 134.424194336, 156.468963623, 134.847183228, 39.0874481201, 13.3130321503, 4.85161495209, 1.26469755173, 0.818257272243, 0.0677952095866, 0.000244663271587, 9.79729719575e-08, 2.4117534636e-09],
        "max": [4.14200544357, 45.538356781, 48.7400894165, 52.4893341064, 229.564651489, 208.179153442, 56.9651794434, 121.43056488, 73.6436843872, 168.326446533, 210.738143921, 358.600372314, 498.388671875, 448.303985596, 738.735107422, 999.487670898, 856.094787598, 435.59262085, 305.644226074, 179.394973755, 158.863708496, 124.061637878, 270.620330811, 193.88899231, 151.982894897, 100.159599304, 66.5260162354, 89.5104980469, 81.3056716919, 60.8286056519, 105.70816803, 36.915096283, 23.7285900116, 15.8391780853, 7.30088615417, 5.38069295883, 1.66108095646, 0.108979359269, 0.00212188041769, 0.000269921845756],
        "mean": [0.434474050999, 4.72483730316, 8.98291778564, 7.92787647247, 14.5409898758, 10.5676860809, 5.29047346115, 9.70005226135, 9.08444023132, 15.5990123749, 28.9267539978, 34.244808197, 56.1349220276, 55.4763374329, 65.1243362427, 82.0423965454, 80.4083251953, 77.0924835205, 35.8789291382, 28.8577289581, 15.3970308304, 13.6565351486, 18.7248382568, 18.4178466797, 14.6417684555, 13.5683670044, 10.4779090881, 10.2431735992, 7.64613103867, 8.04116153717, 6.35283565521, 3.5086145401, 1.94459664822, 1.14339864254, 0.559873878956, 0.329832553864, 0.123578667641, 0.00683932565153, 0.000168329002918, 6.66840060148e-05],
        "median": [0.230097517371, 3.98298358917, 7.07505464554, 5.91236591339, 8.97025966644, 4.07545614243, 3.17539548874, 5.74906539917, 5.34919691086, 10.534702301, 21.2997913361, 21.750421524, 42.0086708069, 34.2491340637, 34.2425537109, 40.3780441284, 44.6260299683, 52.5035057068, 29.2715950012, 20.0814685822, 8.54141521454, 7.32569885254, 12.0127429962, 11.1451997757, 6.61885118484, 5.75592088699, 4.01706647873, 2.9204761982, 2.01750349998, 2.37424874306, 1.9610042572, 1.00986564159, 0.522459387779, 0.30327963829, 0.128587931395, 0.0606262125075, 0.0284554436803, 0.00204362371005, 6.51145601296e-05, 5.62436216569e-05],
        "min": [0.00387284578755, 0.0305603183806, 0.0877600163221, 0.062926247716, 0.0912602245808, 0.145306885242, 0.111410439014, 0.112253777683, 0.137253090739, 0.511395156384, 0.615324795246, 0.543177008629, 2.63423442841, 1.59382343292, 0.581379950047, 0.530204713345, 1.10631525517, 2.65571498871, 3.61748075485, 0.974235475063, 0.598901212215, 0.296056598425, 0.370126128197, 0.332696795464, 0.240607112646, 0.327183037996, 0.150307878852, 0.0271328184754, 0.0315833352506, 0.0606527663767, 0.0315068885684, 0.0199015773833, 0.00603512255475, 0.00124637398403, 9.84473736025e-05, 2.47675543505e-05, 1.254912695e-05, 2.8370545806e-06, 2.25518942898e-06, 4.12551344198e-06],
        "var": [0.273341268301, 19.7236881256, 55.3594284058, 52.4862174988, 424.123748779, 489.001983643, 40.5176963806, 133.089050293, 106.745635986, 258.091217041, 695.071166992, 1630.93908691, 2556.54638672, 3454.1081543, 6763.27441406, 13313.8886719, 8981.05859375, 4565.42382812, 763.591430664, 718.151123047, 288.653869629, 258.136657715, 474.655975342, 426.819793701, 345.537689209, 266.869384766, 176.580886841, 214.937347412, 114.20450592, 118.305358887, 87.7956542969, 24.8266735077, 8.143658638, 3.22348856926, 0.901421368122, 0.455266237259, 0.0516446568072, 0.000163588687428, 7.13225674076e-08, 1.60049984377e-09]
    },
    "gfcc": {
        "mean": [40.9462509155, 104.192832947, -117.52293396, 32.7262077332, -47.6278877258, 38.6061134338, -21.804485321, 11.9926252365, -22.0215682983, 4.27541875839, -15.3125419617, -4.01368331909, -16.8705558777],
        "cov": [[2356.90893555, -1222.7232666, 359.631195068, 324.479736328, -274.89151001, -23.0817089081, -324.499816895, 107.329574585, -343.100738525, 171.850952148, -216.208862305, 261.412719727, -134.549468994], [-1222.7232666, 952.60345459, -217.816314697, -205.692871094, 199.752731323, -5.43001747131, 208.552734375, -117.677764893, 211.642868042, -156.439498901, 139.92906189, -159.150405884, 82.5672149658], [359.631195068, -217.816314697, 328.637268066, 62.0643196106, 19.2329807281, 10.1609306335, -64.5147247314, 59.2211685181, -81.5465087891, 65.5481719971, -83.7626190186, 27.8907375336, -60.5795593262], [324.479736328, -205.692871094, 62.0643196106, 341.179534912, -51.2664604187, -23.3834724426, -54.5547981262, 4.22205734253, 3.01684427261, -32.9616851807, -6.63638401031, -31.5484085083, 8.2461938858], [-274.89151001, 199.752731323, 19.2329807281, -51.2664604187, 151.194702148, 9.08929347992, 48.1757202148, -9.51944637299, 35.6823577881, -11.3886909485, 14.9970445633, -21.0601882935, -7.19245100021], [-23.0817089081, -5.43001747131, 10.1609306335, -23.3834724426, 9.08929347992, 80.0908889771, 40.161605835, -4.11716508865, -8.73285770416, 3.93932461739, 3.78229236603, -6.64691972733, 1.94469082355], [-324.499816895, 208.552734375, -64.5147247314, -54.5547981262, 48.1757202148, 40.161605835, 131.189849854, -16.2260131836, 50.1270217896, -36.3724975586, 41.4433174133, -29.7967090607, 16.2399463654], [107.329574585, -117.677764893, 59.2211685181, 4.22205734253, -9.51944637299, -4.11716508865, -16.2260131836, 77.9906845093, -15.1007947922, 26.360748291, -31.5081329346, 17.7282581329, -15.7526817322], [-343.100738525, 211.642868042, -81.5465087891, 3.01684427261, 35.6823577881, -8.73285770416, 50.1270217896, -15.1007947922, 120.795341492, -23.0488624573, 50.6632843018, -58.9092178345, 25.2834205627], [171.850952148, -156.439498901, 65.5481719971, -32.9616851807, -11.3886909485, 3.93932461739, -36.3724975586, 26.360748291, -23.0488624573, 102.459289551, -5.88275051117, 42.8709945679, -32.7482261658], [-216.208862305, 139.92906189, -83.7626190186, -6.63638401031, 14.9970445633, 3.78229236603, 41.4433174133, -31.5081329346, 50.6632843018, -5.88275051117, 93.1299057007, -0.910293519497, 29.841676712], [261.412719727, -159.150405884, 27.8907375336, -31.5484085083, -21.0601882935, -6.64691972733, -29.7967090607, 17.7282581329, -58.9092178345, 42.8709945679, -0.910293519497, 117.196777344, -0.796109676361], [-134.549468994, 82.5672149658, -60.5795593262, 8.2461938858, -7.19245100021, 1.94469082355, 16.2399463654, -15.7526817322, 25.2834205627, -32.7482261658, 29.841676712, -0.796109676361, 72.9961776733]],
        "icov": [[0.00208011129871, 6.39744685031e-05, 0.000153442684677, -0.00200779596344, 0.00157713366207, -0.00113042048179, 0.00145436939783, 0.000462904572487, 0.00152483780403, -0.00090595218353, 0.00243213493377, -0.00347977131605, 0.00211096019484], [6.39744685031e-05, 0.0127000510693, -0.00401906855404, 0.0089132366702, -0.00669579394162, 0.00751936994493, -0.00514564663172, 0.0076115662232, -0.00782975647599, 0.0126716606319, -0.00979650206864, 0.0085477065295, -0.00416736584157], [0.000153442684677, -0.00401906855404, 0.00754617340863, -0.0047625573352, -0.000423283578129, -0.00351819652133, 0.00223270268179, -0.0043272357434, 0.00520931417122, -0.00735799176618, 0.00648174528033, -0.00255416310392, 0.0024679179769], [-0.00200779596344, 0.0089132366702, -0.0047625573352, 0.0124710863456, -0.00459413975477, 0.00653028907254, -0.00293496716768, 0.00456223310903, -0.00793928001076, 0.01267176494, -0.0113135892898, 0.0104338014498, -0.00495943892747], [0.00157713366207, -0.00669579394162, -0.000423283578129, -0.00459413975477, 0.0141037553549, -0.0043958988972, 0.00168860354461, -0.00237552425824, 0.00219256593846, -0.00536054838449, 0.00597367435694, -0.00752548594028, 0.00557842012495], [-0.00113042048179, 0.00751936994493, -0.00351819652133, 0.00653028907254, -0.0043958988972, 0.0229750927538, -0.0119746243581, 0.00552496407181, -0.000127813327708, 0.00374537566677, -0.0070946989581, 0.0104256989434, -0.0066965771839], [0.00145436939783, -0.00514564663172, 0.00223270268179, -0.00293496716768, 0.00168860354461, -0.0119746243581, 0.0194135587662, -0.00494346395135, 0.000158775423188, 0.000685407139827, 0.000911263166927, -0.00637105526403, 0.0055955639109], [0.000462904572487, 0.0076115662232, -0.0043272357434, 0.00456223310903, -0.00237552425824, 0.00552496407181, -0.00494346395135, 0.0225230772048, -0.00762680545449, 0.00406539067626, 0.00120488263201, 0.00145729316864, -0.00229497719556], [0.00152483780403, -0.00782975647599, 0.00520931417122, -0.00793928001076, 0.00219256593846, -0.000127813327708, 0.000158775423188, -0.00762680545449, 0.0264758486301, -0.0130894444883, 0.00125072419178, 0.00227538705803, -0.000103799182398], [-0.00090595218353, 0.0126716606319, -0.00735799176618, 0.01267176494, -0.00536054838449, 0.00374537566677, 0.000685407139827, 0.00406539067626, -0.0130894444883, 0.0329929925501, -0.0167165417224, 0.00443982053548, 0.00277365278453], [0.00243213493377, -0.00979650206864, 0.00648174528033, -0.0113135892898, 0.00597367435694, -0.0070946989581, 0.000911263166927, 0.00120488263201, 0.00125072419178, -0.0167165417224, 0.0331127904356, -0.0155854942277, 0.00141654908657], [-0.00347977131605, 0.0085477065295, -0.00255416310392, 0.0104338014498, -0.00752548594028, 0.0104256989434, -0.00637105526403, 0.00145729316864, 0.00227538705803, 0.00443982053548, -0.0155854942277, 0.028042582795, -0.0107871619985], [0.00211096019484, -0.00416736584157, 0.0024679179769, -0.00495943892747, 0.00557842012495, -0.0066965771839, 0.0055955639109, -0.00229497719556, -0.000103799182398, 0.00277365278453, 0.00141654908657, -0.0107871619985, 0.0244839731604]]
    },
    "melbands": {
        "dmean": [0.00329085835256, 0.00315266707912, 0.00107684999239, 0.000769897073042, 0.000182041403605, 0.000143056691741, 9.36063370318e-05, 0.000131505716126, 0.000122234458104, 0.000118711112009, 0.000172342857695, 0.000135022564791, 9.49321402004e-05, 0.000274898746284, 7.42752163205e-05, 0.000102974103356, 7.47010417399e-05, 3.42849889421e-05, 2.42475853156e-05, 1.32256254801e-05, 9.75873081188e-06, 7.90157173469e-06, 7.46935029383e-06, 1.2414894627e-05, 9.20712045627e-06, 7.55489145376e-06, 6.18594776824e-06, 5.42831821804e-06, 3.91078947359e-06, 5.7467550505e-06, 3.8346574911e-06, 3.004568498e-06, 2.58132854469e-06, 3.32804006575e-06, 2.95789436677e-06, 2.18461332224e-06, 1.27783857806e-06, 1.03113893601e-06, 9.55056179919e-07, 6.67285860345e-07],
        "dmean2": [0.00563861615956, 0.00513280415908, 0.00182217045221, 0.00123993388843, 0.000315857323585, 0.000247714633588, 0.000159894785611, 0.000214276878978, 0.000195444576093, 0.0001892602304, 0.000290324765956, 0.000224221599638, 0.000158350783749, 0.00046816674876, 0.000125190490508, 0.000168955200934, 0.000114998663776, 5.73317265662e-05, 4.07413936045e-05, 2.17185188376e-05, 1.58657621796e-05, 1.27129515022e-05, 1.17481158668e-05, 1.90947484953e-05, 1.42140270327e-05, 1.22261008073e-05, 9.83628524409e-06, 8.53306937643e-06, 5.93592540099e-06, 8.7420021373e-06, 5.92593823967e-06, 4.67183235742e-06, 3.91981438952e-06, 4.96388292959e-06, 4.42103328169e-06, 3.17161834573e-06, 1.94949120669e-06, 1.58397278938e-06, 1.45315073041e-06, 9.45020019572e-07],
        "dvar": [2.65375729214e-05, 1.74637389136e-05, 2.04819934879e-06, 3.03236151922e-06, 7.99210084779e-08, 4.47034977924e-08, 1.87685351705e-08, 2.61693049453e-08, 2.12809609934e-08, 2.29378791516e-08, 5.17269782563e-08, 3.2467600164e-08, 2.34572912206e-08, 2.74965884728e-07, 1.52408201615e-08, 1.65612537018e-08, 7.63459517827e-09, 1.8921353373e-09, 9.50051370907e-10, 3.3978173053e-10, 2.1963474095e-10, 1.71918784764e-10, 1.33969127458e-10, 4.40352976305e-10, 2.08896192011e-10, 1.53883419896e-10, 1.15255166522e-10, 6.20336559898e-11, 3.25183074912e-11, 1.04896938358e-10, 3.91331272942e-11, 2.28297259569e-11, 1.58428634794e-11, 2.54150520074e-11, 2.70030907357e-11, 1.14196230597e-11, 5.39543973735e-12, 2.95298984918e-12, 2.96718075457e-12, 1.24459980082e-12],
        "dvar2": [7.90630219853e-05, 4.78372530779e-05, 5.30669422005e-06, 7.49601849748e-06, 2.09653236993e-07, 1.2576673214e-07, 5.06884525464e-08, 7.0182316847e-08, 5.50281242795e-08, 5.39988889159e-08, 1.46047241856e-07, 8.8132267706e-08, 6.40420765308e-08, 7.59901979563e-07, 4.16910133083e-08, 4.35610658656e-08, 1.83093433748e-08, 4.96032726005e-09, 2.59706811612e-09, 9.29228916036e-10, 5.23248999684e-10, 4.2697653746e-10, 3.02410207986e-10, 9.21539788923e-10, 5.19576326408e-10, 4.00695560066e-10, 3.00965918854e-10, 1.48797946187e-10, 7.19697773599e-11, 2.42036335418e-10, 9.4448102117e-11, 5.45506556593e-11, 3.67224445297e-11, 5.74380612517e-11, 6.1993486733e-11, 2.60357603532e-11, 1.32349565335e-11, 6.89734380721e-12, 7.45102417266e-12, 2.70725217418e-12],
        "max": [0.0474045649171, 0.0342325717211, 0.0103796478361, 0.0177637096494, 0.00230625784025, 0.00256595248356, 0.00112546794116, 0.00165202491917, 0.00142487150151, 0.00192022323608, 0.00291968276724, 0.00219376850873, 0.00191038590856, 0.00549405440688, 0.00137018878013, 0.00154641584959, 0.000857204257045, 0.000670443288982, 0.000369968242012, 0.000200850976398, 0.000191065933905, 0.000134782894747, 0.000122924961033, 0.000422905373853, 0.00018699625798, 0.000110643464723, 0.000135760710691, 7.09391970304e-05, 4.56920752185e-05, 8.99959850358e-05, 4.53388274764e-05, 4.76405948575e-05, 3.3153934055e-05, 4.34850953752e-05, 7.3876195529e-05, 2.9001130315e-05, 2.14732790482e-05, 1.67549515027e-05, 1.80685310625e-05, 1.3245039554e-05],
        "mean": [0.00476086884737, 0.00557138025761, 0.00167457154021, 0.000945529667661, 0.000222280592425, 0.000210181839066, 0.000137746392284, 0.000212819562876, 0.000231545884162, 0.000218760527787, 0.000291004311293, 0.000243490983848, 0.000162250580615, 0.00036406237632, 0.00012209189299, 0.000184698859812, 0.000132067361847, 5.99905579293e-05, 4.56457819382e-05, 2.3986416636e-05, 1.73630614881e-05, 1.39751800816e-05, 1.33821113195e-05, 2.08373639907e-05, 1.41339587572e-05, 1.12435509436e-05, 9.39858364291e-06, 8.89708826435e-06, 6.18594594926e-06, 7.25282961866e-06, 5.32850890522e-06, 4.43383896709e-06, 3.94637572754e-06, 4.63264859718e-06, 3.82775169783e-06, 2.9286265999e-06, 1.78444645371e-06, 1.36252469929e-06, 1.20333288578e-06, 8.75617161e-07],
        "median": [0.00345437414944, 0.00473727518693, 0.00144684058614, 0.00048306689132, 0.00011895771604, 0.000126133454614, 8.44116584631e-05, 0.000146689984831, 0.000167786376551, 0.000148922059452, 0.000216141343117, 0.000142448043334, 8.74221004779e-05, 0.000136047397973, 6.08581176493e-05, 0.000129809239297, 8.91907038749e-05, 4.63702708657e-05, 3.10403011099e-05, 1.52247939695e-05, 9.01600196812e-06, 6.98696840118e-06, 7.0672331276e-06, 1.23923064166e-05, 7.91445654613e-06, 5.0583535085e-06, 3.71932310372e-06, 3.86881401937e-06, 2.34304275182e-06, 2.30299201576e-06, 1.28964165924e-06, 1.1013916037e-06, 1.24796838463e-06, 1.36783705784e-06, 1.16814737794e-06, 8.83454561063e-07, 4.87174759201e-07, 3.47344808915e-07, 3.26324254729e-07, 2.29797521456e-07],
        "min": [3.78294244001e-05, 4.66960518679e-05, 1.2465022337e-05, 6.17625346422e-06, 4.07638253819e-06, 2.64459845312e-06, 2.15783620661e-06, 4.99129328091e-06, 3.73112197849e-06, 4.85905218284e-07, 1.16858018373e-05, 7.77287277742e-06, 2.0442114419e-06, 9.18997045574e-07, 1.05398930828e-06, 2.64891332336e-06, 4.18217723563e-06, 2.26431666306e-06, 1.13767146104e-06, 8.80422874161e-07, 3.04998621914e-07, 2.1099609171e-07, 2.15747050447e-07, 3.61106174296e-07, 2.61947491254e-07, 1.13398733959e-07, 1.63110968288e-07, 1.98265198037e-07, 6.79188758568e-08, 3.02915239558e-08, 5.63126700825e-09, 2.43043385417e-09, 3.50712419106e-08, 3.67059662665e-08, 1.76679133546e-08, 7.71971198077e-09, 8.16920842084e-09, 1.05260855587e-09, 1.21995635816e-10, 4.33980542475e-12],
