{
"highlevel": {
    "danceability": {
        "all": {
            "danceable": 0.976699829102,
            "not_danceable": 0.0233001913875
        },
        "probability": 0.976699829102,
        "value": "danceable"
    },
    "gender": {
        "all": {
            "female": 0.902189910412,
            "male": 0.0978100895882
        },
        "probability": 0.902189910412,
        "value": "female"
    },
    "genre_dortmund": {
        "all": {
            "alternative": 0.0685221776366,
            "blues": 0.0185443945229,
            "electronic": 0.141513973475,
            "folkcountry": 0.0589910000563,
            "funksoulrnb": 0.0108884312212,
            "jazz": 0.346824854612,
            "pop": 0.0239200610667,
            "raphiphop": 0.283390372992,
            "rock": 0.0474047511816
        },
        "probability": 0.346824854612,
        "value": "jazz"
    },
    "genre_electronic": {
        "all": {
            "ambient": 0.976702570915,
            "dnb": 0.00383807905018,
            "house": 0.0102924546227,
            "techno": 0.00478078750893,
            "trance": 0.00438612885773
        },
        "probability": 0.976702570915,
        "value": "ambient"
    },
    "genre_rosamerica": {
        "all": {
            "cla": 0.0352264530957,
            "dan": 0.0159989763051,
            "hip": 0.28497248888,
            "jaz": 0.428107261658,
            "pop": 0.0205519162118,
            "rhy": 0.147967875004,
            "roc": 0.00968239922076,
            "spe": 0.05749264732
        },
        "probability": 0.428107261658,
        "value": "jaz"
    },
    "genre_tzanetakis": {
        "all": {
            "blu": 0.0626541376114,
            "cla": 0.0348133966327,
            "cou": 0.0783501937985,
            "dis": 0.104547761381,
            "hip": 0.15693578124,
            "jaz": 0.313987255096,
            "met": 0.044816005975,
            "pop": 0.0627349764109,
            "reg": 0.0627352520823,
            "roc": 0.0784252434969
        },
        "probability": 0.313987255096,
        "value": "jaz"
    },
    "ismir04_rhythm": {
        "all": {
            "ChaChaCha": 0.0271673426032,
            "Jive": 0.00629562325776,
            "Quickstep": 0.0464156121016,
            "Rumba-American": 0.0679470822215,
            "Rumba-International": 0.736388862133,
            "Rumba-Misc": 0.0152715928853,
            "Samba": 0.0481969341636,
            "Tango": 0.00926705263555,
            "VienneseWaltz": 0.0149600086734,
            "Waltz": 0.0280898902565
        },
        "probability": 0.736388862133,
        "value": "Rumba-International"
    },
    "mood_acoustic": {
        "all": {
            "acoustic": 0.999592423439,
            "not_acoustic": 0.000407594605349
        },
        "probability": 0.999592423439,
        "value": "acoustic"
    },
    "mood_aggressive": {
        "all": {
            "aggressive": 0.00840941164643,
            "not_aggressive": 0.991590559483
        },
        "probability": 0.991590559483,
        "value": "not_aggressive"
    },
    "mood_electronic": {
        "all": {
            "electronic": 0.81667304039,
            "not_electronic": 0.18332695961
        },
        "probability": 0.81667304039,
        "value": "electronic"
    },
    "mood_happy": {
        "all": {
            "happy": 0.122703015804,
            "not_happy": 0.877296984196
        },
        "probability": 0.877296984196,
        "value": "not_happy"
    },
    "mood_party": {
        "all": {
            "not_party": 0.974893987179,
            "party": 0.0251060388982
        },
        "probability": 0.974893987179,
        "value": "not_party"
    },
    "mood_relaxed": {
        "all": {
            "not_relaxed": 0.0434622168541,
            "relaxed": 0.956537783146
        },
        "probability": 0.956537783146,
        "value": "relaxed"
    },
    "mood_sad": {
        "all": {
            "not_sad": 0.0228630118072,
            "sad": 0.977136969566
        },
        "probability": 0.977136969566,
        "value": "sad"
    },
    "moods_mirex": {
        "all": {
            "Cluster1": 0.29936388135,
            "Cluster2": 0.222442492843,
            "Cluster3": 0.376689940691,
            "Cluster4": 0.076158285141,
            "Cluster5": 0.0253453962505
        },
        "probability": 0.376689940691,
        "value": "Cluster3"
    },
    "timbre": {
        "all": {
            "bright": 0.728330016136,
            "dark": 0.271669983864
        },
        "probability": 0.728330016136,
        "value": "bright"
    },
    "tonal_atonal": {
        "all": {
            "atonal": 0.00321983010508,
            "tonal": 0.996780157089
        },
        "probability": 0.996780157089,
        "value": "tonal"
    },
    "voice_instrumental": {
        "all": {
            "instrumental": 0.920632243156,
            "voice": 0.0793677344918
        },
        "probability": 0.920632243156,
        "value": "instrumental"
    }
},
"lowlevel": {
    "average_loudness": 0.977232635021,
    "barkbands_crest": {
        "dmean": 2.90713763237,
        "dmean2": 4.47759008408,
        "dvar": 7.91825962067,
        "dvar2": 17.8604774475,
        "max": 25.5014972687,
        "mean": 15.2279462814,
        "median": 15.2855482101,
        "min": 3.01514554024,
        "var": 22.2521018982
    },
    "barkbands_flatness_db": {
        "dmean": 0.0333220362663,
        "dmean2": 0.0457741878927,
        "dvar": 0.00113274517935,
        "dvar2": 0.00206082360819,
        "max": 0.499970048666,
        "mean": 0.277571350336,
        "median": 0.283569127321,
        "min": 0.0539017319679,
        "var": 0.00675736228004
    },
    "barkbands_kurtosis": {
        "dmean": 9.17494869232,
        "dmean2": 13.8901367188,
        "dvar": 288.340820312,
        "dvar2": 660.995178223,
        "max": 174.356567383,
        "mean": 12.0374631882,
        "median": 5.43483161926,
        "min": -1.77126812935,
        "var": 458.354217529
    },
    "barkbands_skewness": {
        "dmean": 1.02526974678,
        "dmean2": 1.44090056419,
        "dvar": 1.45166778564,
        "dvar2": 2.90622425079,
        "max": 11.7822847366,
        "mean": 1.7259645462,
        "median": 1.61031365395,
        "min": -3.68621730804,
        "var": 4.45414686203
    },
    "barkbands_spread": {
        "dmean": 3.44569611549,
        "dmean2": 4.69045639038,
        "dvar": 30.4504337311,
        "dvar2": 51.3344497681,
        "max": 61.8347816467,
        "mean": 8.9176530838,
        "median": 6.39287853241,
        "min": 0.391676843166,
        "var": 83.764213562
    },
    "dissonance": {
        "dmean": 0.0501691922545,
        "dmean2": 0.0812358632684,
        "dvar": 0.00223683286458,
        "dvar2": 0.00582607788965,
        "max": 0.499999910593,
        "mean": 0.399295628071,
        "median": 0.416159331799,
        "min": 0.134202599525,
        "var": 0.00554143218324
    },
    "dynamic_complexity": 2.36670351028,
    "erbbands_crest": {
        "dmean": 3.43325281143,
        "dmean2": 5.26509857178,
        "dvar": 12.5089139938,
        "dvar2": 25.9789295197,
        "max": 33.6934432983,
        "mean": 17.2456874847,
        "median": 16.2052211761,
        "min": 2.95907640457,
        "var": 57.3270988464
    },
    "erbbands_flatness_db": {
        "dmean": 0.0321081131697,
        "dmean2": 0.0419962368906,
        "dvar": 0.00116912520025,
        "dvar2": 0.0017362536164,
        "max": 0.485916882753,
        "mean": 0.235091820359,
        "median": 0.2329762429,
        "min": 0.0821841135621,
        "var": 0.00697050942108
    },
    "erbbands_kurtosis": {
        "dmean": 7.3701710701,
        "dmean2": 10.6725673676,
        "dvar": 155.582519531,
        "dvar2": 325.62677002,
        "max": 226.025268555,
        "mean": 13.2056322098,
        "median": 5.15296268463,
        "min": -1.69191598892,
        "var": 477.830810547
    },
    "erbbands_skewness": {
        "dmean": 0.821320712566,
        "dmean2": 1.17232334614,
        "dvar": 0.758600413799,
        "dvar2": 1.77200329304,
        "max": 10.0240030289,
        "mean": 1.35401785374,
        "median": 1.14332282543,
        "min": -3.31523084641,
        "var": 2.47624540329
    },
    "erbbands_spread": {
        "dmean": 8.53757381439,
        "dmean2": 11.1992473602,
        "dvar": 158.542892456,
        "dvar2": 256.345123291,
        "max": 122.820350647,
        "mean": 21.1905517578,
        "median": 13.6974897385,
        "min": 0.549528837204,
        "var": 502.321289062
    },
    "hfc": {
        "dmean": 4.89564704895,
        "dmean2": 6.8577041626,
        "dvar": 43.8354911804,
        "dvar2": 74.1640090942,
        "max": 70.6578292847,
        "mean": 14.3348827362,
        "median": 10.8724012375,
        "min": 0.598788678646,
        "var": 149.971221924
    },
    "melbands_crest": {
        "dmean": 3.1559817791,
        "dmean2": 5.0838971138,
        "dvar": 10.4164800644,
        "dvar2": 24.4454517365,
        "max": 32.4727973938,
        "mean": 19.2294082642,
        "median": 19.2286491394,
        "min": 5.0049071312,
        "var": 28.825094223
    },
    "melbands_flatness_db": {
        "dmean": 0.0393166318536,
        "dmean2": 0.0518633462489,
        "dvar": 0.00162284751423,
        "dvar2": 0.00287701445632,
        "max": 0.605074524879,
        "mean": 0.359687715769,
        "median": 0.371600657701,
        "min": 0.060481172055,
        "var": 0.0106862746179
    },
    "melbands_kurtosis": {
        "dmean": 14.9944610596,
        "dmean2": 22.6425762177,
        "dvar": 1508.90637207,
        "dvar2": 3354.35400391,
        "max": 476.157592773,
        "mean": 19.6352462769,
        "median": 7.44434642792,
        "min": -1.77136492729,
        "var": 2062.8828125
    },
    "melbands_skewness": {
        "dmean": 1.08950614929,
        "dmean2": 1.56564104557,
        "dvar": 1.96480345726,
        "dvar2": 3.84078788757,
        "max": 14.7767572403,
        "mean": 2.12915039062,
        "median": 1.98745453358,
        "min": -3.21604442596,
        "var": 5.90559196472
    },
    "melbands_spread": {
        "dmean": 3.40911889076,
        "dmean2": 4.94657850266,
        "dvar": 34.2938842773,
        "dvar2": 71.650642395,
        "max": 71.7509460449,
        "mean": 8.99302864075,
        "median": 7.5496764183,
        "min": 0.405197560787,
        "var": 69.9715042114
    },
    "pitch_salience": {
        "dmean": 0.0790541917086,
        "dmean2": 0.130307286978,
        "dvar": 0.00824192166328,
        "dvar2": 0.021691435948,
        "max": 0.861994385719,
        "mean": 0.412353605032,
        "median": 0.408144444227,
        "min": 0.109754905105,
        "var": 0.015748064965
    },
    "silence_rate_20dB": {
        "dmean": 0,
        "dmean2": 0,
        "dvar": 0,
        "dvar2": 0,
        "max": 1,
        "mean": 1,
        "median": 1,
        "min": 1,
        "var": 0
    },
    "silence_rate_30dB": {
        "dmean": 0.0433436520398,
        "dmean2": 0.0859798640013,
        "dvar": 0.0414643809199,
        "dvar2": 0.11886523664,
        "max": 1,
        "mean": 0.976798117161,
        "median": 1,
        "min": 0,
        "var": 0.0226632133126
    },
    "silence_rate_60dB": {
        "dmean": 0.00464396271855,
        "dmean2": 0.00929511990398,
        "dvar": 0.00462238444015,
        "dvar2": 0.0107579063624,
        "max": 1,
        "mean": 0.00618716143072,
        "median": 0,
        "min": 0,
        "var": 0.00614886637777
    },
    "spectral_centroid": {
        "dmean": 139.161483765,
        "dmean2": 190.075836182,
        "dvar": 61936.0664062,
        "dvar2": 115422.429688,
        "max": 2959.47119141,
        "mean": 604.236328125,
        "median": 499.364013672,
        "min": 120.1379776,
        "var": 175782.921875
    },
    "spectral_complexity": {
        "dmean": 2.52631568909,
        "dmean2": 3.26955842972,
        "dvar": 20.6287498474,
        "dvar2": 20.7358493805,
        "max": 60,
        "mean": 10.1206493378,
        "median": 8,
        "min": 3,
        "var": 74.6460342407
    },
    "spectral_decrease": {
        "dmean": 3.78601283657e-09,
        "dmean2": 5.92519455722e-09,
        "dvar": 3.18343602027e-17,
        "dvar2": 7.11556644786e-17,
        "max": -2.50139686742e-10,
        "mean": -1.00592556507e-08,
        "median": -7.85611842247e-09,
        "min": -4.04487821015e-08,
        "var": 5.09265754781e-17
    },
    "spectral_energy": {
        "dmean": 0.0145808327943,
        "dmean2": 0.0227481350303,
        "dvar": 0.000462536147097,
        "dvar2": 0.00103394314647,
        "max": 0.154009118676,
        "mean": 0.039266128093,
        "median": 0.0308510065079,
        "min": 0.000998396193609,
        "var": 0.000750339939259
    },
    "spectral_energyband_high": {
        "dmean": 0.000245421688305,
        "dmean2": 0.000297594699077,
        "dvar": 3.10616968591e-07,
        "dvar2": 4.80447852169e-07,
        "max": 0.00599058251828,
        "mean": 0.000332766940119,
        "median": 1.76965131686e-05,
        "min": 4.92330116231e-07,
        "var": 6.75108367432e-07
    },
    "spectral_energyband_low": {
        "dmean": 0.0114333862439,
        "dmean2": 0.0182455647737,
        "dvar": 0.000495477113873,
        "dvar2": 0.0011286319932,
        "max": 0.148779481649,
        "mean": 0.0208480302244,
        "median": 0.0146031631157,
        "min": 7.67931305745e-06,
        "var": 0.000645063933916
    },
    "spectral_energyband_middle_high": {
        "dmean": 0.000550083525013,
        "dmean2": 0.000759597169235,
        "dvar": 1.71352917278e-06,
        "dvar2": 2.84004158857e-06,
        "max": 0.0159375909716,
        "mean": 0.00126466283109,
        "median": 0.000416314898757,
        "min": 3.42086013916e-06,
        "var": 6.28565976513e-06
    },
    "spectral_energyband_middle_low": {
        "dmean": 0.0073401699774,
        "dmean2": 0.0115605462343,
        "dvar": 0.000110332213808,
        "dvar2": 0.000266052637016,
        "max": 0.10707731545,
        "mean": 0.0176056921482,
        "median": 0.0111981313676,
        "min": 0.00078319030581,
        "var": 0.000275224098004
    },
    "spectral_entropy": {
        "dmean": 0.342211186886,
        "dmean2": 0.443274796009,
        "dvar": 0.13697257638,
        "dvar2": 0.209337234497,
        "max": 8.35929870605,
        "mean": 6.46003866196,
        "median": 6.31218624115,
        "min": 3.8810634613,
        "var": 0.745244622231
    },
    "spectral_flux": {
        "dmean": 0.0399645976722,
        "dmean2": 0.0633231922984,
        "dvar": 0.00269600725733,
        "dvar2": 0.00531878368929,
        "max": 0.329011231661,
        "mean": 0.0868791118264,
        "median": 0.0560656413436,
        "min": 0.012565006502,
        "var": 0.00505646970123
    },
    "spectral_kurtosis": {
        "dmean": 7.76848363876,
        "dmean2": 11.3397703171,
        "dvar": 102.419021606,
        "dvar2": 204.658065796,
        "max": 116.539009094,
        "mean": 17.4091815948,
        "median": 13.8394699097,
        "min": -0.244733333588,
        "var": 289.049255371
    },
    "spectral_rms": {
        "dmean": 0.00105811737012,
        "dmean2": 0.00161543115973,
        "dvar": 1.85348437753e-06,
        "dvar2": 3.84637814932e-06,
        "max": 0.0122577650473,
        "mean": 0.00585656845942,
        "median": 0.00548621406779,
        "min": 0.000986937200651,
        "var": 4.00899443775e-06
    },
    "spectral_rolloff": {
        "dmean": 184.365203857,
        "dmean2": 295.559539795,
        "dvar": 313852.65625,
        "dvar2": 586931.5,
        "max": 8376.41601562,
        "mean": 608.274536133,
        "median": 516.796875,
        "min": 64.599609375,
        "var": 493783.625
    },
    "spectral_skewness": {
        "dmean": 0.698754251003,
        "dmean2": 0.944316148758,
        "dvar": 0.563833236694,
        "dvar2": 0.99387294054,
        "max": 8.88291168213,
        "mean": 3.15137934685,
        "median": 3.18784117699,
        "min": 0.547971487045,
        "var": 2.37004590034
    },
    "spectral_spread": {
        "dmean": 1012394.3125,
        "dmean2": 1279930.875,
        "dvar": 1.29908985037e+12,
        "dvar2": 1.74562371174e+12,
        "max": 11067419,
        "mean": 4209464,
        "median": 3543063,
        "min": 918403.6875,
        "var": 5.45852122726e+12
    },
    "spectral_strongpeak": {
        "dmean": 0.492111623287,
        "dmean2": 0.805269598961,
        "dvar": 0.629554986954,
        "dvar2": 1.2365115881,
        "max": 7.52202510834,
        "mean": 1.32773113251,
        "median": 0.573493778706,
        "min": 0.0605323500931,
        "var": 2.03411817551
    },
    "zerocrossingrate": {
        "dmean": 0.0077966270037,
        "dmean2": 0.00784616172314,
        "dvar": 0.000113304995466,
        "dvar2": 0.00012106957729,
        "max": 0.1884765625,
        "mean": 0.0281024165452,
        "median": 0.02197265625,
        "min": 0.0029296875,
        "var": 0.000533127458766
    },
    "barkbands": {
        "dmean": [6.82280078763e-05, 0.00812959764153, 0.00529602682218, 0.00160841841716, 0.000988635933027, 0.00112394627649, 0.00232648663223, 0.00324564124458, 0.000385475694202, 7.12323162588e-05, 5.674159911e-05, 9.88515384961e-05, 0.000193548112293, 5.77498867642e-05, 4.44408069598e-05, 4.53892862424e-05, 4.44665674877e-05, 4.42133787146e-05, 7.39462193451e-05, 6.13512602285e-05, 7.08795851097e-05, 4.35905712948e-05, 3.27628804371e-05, 3.51468152076e-05, 2.9939261367e-05, 1.15930961329e-05, 7.24524396034e-09],
        "dmean2": [0.000112094414362, 0.0128652686253, 0.00955832097679, 0.00296607217751, 0.00173946318682, 0.00206693331711, 0.00345047889277, 0.00439385557547, 0.00049380294513, 0.000113475041871, 8.58048078953e-05, 0.000151143336552, 0.000277219252894, 8.08057229733e-05, 6.55613766867e-05, 6.66622800054e-05, 7.30818719603e-05, 6.31192524452e-05, 0.000108915875899, 7.55633809604e-05, 9.34821437113e-05, 5.521930143e-05, 4.25625221396e-05, 4.48507125839e-05, 3.80995115847e-05, 1.59794089996e-05, 1.2870390087e-08],
        "dvar": [3.11207131176e-08, 0.000265337555902, 0.000151340165758, 1.27975763462e-05, 4.85115333504e-06, 9.32217608351e-06, 1.82419989869e-05, 3.94070157199e-05, 2.03278136723e-06, 1.75822592041e-08, 1.304994246e-08, 9.23431926481e-08, 2.7990429885e-07, 3.98920860789e-08, 1.17217577866e-08, 2.05558112754e-08, 1.87370705618e-08, 2.42742608236e-08, 9.02138239667e-08, 3.84979976786e-08, 4.95658518673e-08, 1.12781153305e-08, 4.29759250409e-09, 4.95045959781e-09, 3.27755378393e-09, 4.15767781314e-10, 8.55032220529e-16],
        "dvar2": [7.7270243537e-08, 0.00055052532116, 0.000427712715464, 3.7564739614e-05, 1.29063573695e-05, 2.58750151261e-05, 3.09830684273e-05, 7.35773137421e-05, 1.9944432097e-06, 3.9430961607e-08, 2.92586879169e-08, 1.88015874869e-07, 5.40420955986e-07, 7.00851572333e-08, 2.04901322576e-08, 4.4771933716e-08, 4.69676493253e-08, 4.85151545604e-08, 2.12115949694e-07, 7.23675555037e-08, 8.6520735465e-08, 1.76379693073e-08, 7.66714602918e-09, 9.3640322163e-09, 5.3672928324e-09, 7.06109781756e-10, 2.09784057123e-15],
        "max": [0.00166248658206, 0.118059299886, 0.0779971703887, 0.0231387652457, 0.0152349779382, 0.0259215123951, 0.0846776589751, 0.102929569781, 0.0473572425544, 0.00196025450714, 0.00103914109059, 0.00276668951847, 0.0136205339804, 0.00181068410166, 0.0017860220978, 0.00172229285818, 0.00143228168599, 0.00162886269391, 0.00293163419701, 0.00255338847637, 0.00240211514756, 0.00129329832271, 0.000534025137313, 0.000570946314838, 0.000414104870288, 0.000181760056876, 4.21429916742e-07],
        "mean": [6.72331516398e-05, 0.0132421934977, 0.00676567852497, 0.00138695910573, 0.000971425964963, 0.00112647470087, 0.00544339464977, 0.00764520186931, 0.0010157629149, 0.000125637583551, 0.000109885782877, 0.000135019712616, 0.000436646805611, 7.91402999312e-05, 8.73282770044e-05, 6.9051689934e-05, 6.2645500293e-05, 5.49861542822e-05, 7.39199967938e-05, 7.37572117941e-05, 8.69437062647e-05, 5.58167776035e-05, 4.64043696411e-05, 4.62112548121e-05, 4.11310829804e-05, 1.73256175913e-05, 5.20204412879e-09],
        "median": [5.99920986133e-06, 0.00688556674868, 0.00262592732906, 0.00051445531426, 0.00034794700332, 0.000343834981322, 0.00251449155621, 0.00193860800937, 0.000175905253855, 4.39258146798e-05, 3.62504069926e-05, 2.56876064668e-05, 8.19222332211e-05, 6.81502433508e-06, 1.4474296222e-05, 6.50972469884e-06, 5.3830226534e-06, 3.9396795728e-06, 2.3703394163e-06, 2.54143014899e-06, 2.81336792796e-06, 2.15632144318e-06, 2.50410766967e-06, 2.47391949415e-06, 2.87238231067e-06, 3.15382180816e-06, 6.27701057798e-10],
        "min": [1.78322707711e-08, 4.52056838185e-07, 1.6176373947e-06, 6.66112043746e-07, 1.18739308164e-05, 3.34667242896e-06, 4.44512579634e-06, 2.52034806181e-06, 1.08394215204e-06, 5.13749796482e-07, 7.0825244336e-08, 1.62022843142e-07, 4.73510084475e-07, 1.16993298604e-07, 1.44948486991e-07, 1.5846758572e-07, 1.28263764054e-07, 8.83617019554e-08, 1.20419798577e-07, 6.44559321472e-08, 5.71611202815e-08, 7.06833915842e-08, 7.58047349336e-08, 4.79993893521e-08, 1.48659440313e-08, 3.13057810786e-08, 4.48676252401e-12],
        "var": [3.2204695799e-08, 0.000366174033843, 0.000109709253593, 8.22488800623e-06, 3.80093410968e-06, 7.25886275177e-06, 9.46275758906e-05, 0.000168539132574, 1.94610311155e-05, 5.17583416126e-08, 2.97746449718e-08, 1.28910571107e-07, 2.03901572604e-06, 7.24667756913e-08, 4.32264926076e-08, 3.81017102313e-08, 2.8685567699e-08, 3.81473874711e-08, 1.00756849974e-07, 6.80600535929e-08, 8.4044380344e-08, 2.30415224678e-08, 8.74696315378e-09, 9.25260579265e-09, 6.43034203662e-09, 8.97352914198e-10, 6.53373634002e-16]
    },
    "erbbands": {
        "dmean": [0.17494443059, 2.17479705811, 6.41425466537, 4.92097377777, 4.71257829666, 2.73891043663, 4.74347400665, 10.7962961197, 29.1764736176, 56.5972137451, 53.8358039856, 10.7083845139, 1.52223801613, 2.42159295082, 3.10685873032, 4.87979841232, 8.95254707336, 3.79173898697, 2.52175045013, 1.80011308193, 2.5155146122, 2.38092660904, 2.52150917053, 2.83142924309, 3.71507835388, 3.17886805534, 2.93832945824, 2.50056481361, 1.65536737442, 1.29386007786, 0.810351014137, 0.765562593937, 0.542738676071, 0.308959662914, 0.226150274277, 0.0864972621202, 0.016063908115, 0.000857017468661, 2.47657044383e-05, 1.67365651578e-05],
        "dmean2": [0.268147677183, 3.50069713593, 11.4222755432, 9.03854751587, 8.74987697601, 4.74409198761, 8.45036697388, 19.3250350952, 43.1497116089, 86.2041778564, 69.6030731201, 13.8057975769, 2.40996408463, 3.8300652504, 4.68280935287, 7.23909950256, 13.0529155731, 5.12583875656, 3.75872373581, 2.72552871704, 3.9842402935, 3.90179610252, 3.53081393242, 4.1539721489, 5.48302078247, 4.02990150452, 3.81569218636, 3.39394927025, 2.106798172, 1.6961710453, 1.01418745518, 1.00327932835, 0.680108487606, 0.403102457523, 0.292936235666, 0.121025815606, 0.0207601897418, 0.00121276988648, 3.36651974067e-05, 2.56816110777e-05],
        "dvar": [0.152787536383, 19.149810791, 215.854705811, 113.953170776, 147.89743042, 33.2115936279, 95.1825332642, 945.985290527, 4381.80566406, 10336.8876953, 19148.1132812, 711.43145752, 7.37439966202, 24.3451385498, 47.9225082397, 167.582824707, 527.641052246, 156.207015991, 36.6801528931, 35.5826950073, 70.1463699341, 55.2228393555, 77.605430603, 108.57421875, 226.350082397, 116.338417053, 102.810096741, 53.7014923096, 17.9417552948, 7.12173318863, 2.45313858986, 2.44465708733, 1.06694221497, 0.37208583951, 0.185207366943, 0.0257492456585, 0.000701249344274, 2.07070320357e-06, 1.29809551996e-09, 5.56028334486e-10],
        "dvar2": [0.327153116465, 44.3584747314, 608.880065918, 334.107727051, 418.030059814, 88.8239517212, 268.801971436, 2588.94287109, 7737.45019531, 22460.109375, 33965.9648438, 967.707092285, 18.1060066223, 56.6925125122, 104.081474304, 332.100067139, 1034.93334961, 265.790405273, 68.8213729858, 64.3593826294, 175.051544189, 131.193466187, 149.744415283, 241.347015381, 531.806640625, 241.904968262, 180.251876831, 97.7413253784, 28.1163711548, 13.599864006, 4.16174793243, 4.64040088654, 1.87836110592, 0.641416668892, 0.313735634089, 0.044819328934, 0.00114541710354, 4.27762461186e-06, 2.21012097512e-09, 1.21407284226e-09],
        "max": [2.78202772141, 32.2524681091, 90.8015823364, 81.2484283447, 89.9593963623, 44.553478241, 71.6643829346, 269.708343506, 1250.71374512, 1076.54199219, 2847.94702148, 688.831298828, 30.2424583435, 68.3968811035, 61.9431190491, 172.717468262, 600.283752441, 123.127334595, 115.168746948, 59.2809562683, 104.198959351, 77.0596313477, 103.42350769, 103.187812805, 150.918182373, 140.990356445, 113.637207031, 77.3928451538, 50.1696128845, 21.6011638641, 17.3212184906, 11.8750333786, 7.82081651688, 4.73616695404, 3.29144859314, 1.30836820602, 0.268438667059, 0.0140844052657, 0.000356753676897, 0.000166663128766],
        "mean": [0.20256985724, 3.56672620773, 9.00538349152, 5.47805166245, 4.048163414, 2.95271039009, 5.21661424637, 11.7099914551, 67.7447738647, 120.562454224, 139.442855835, 29.3034667969, 3.20623445511, 4.41463899612, 5.91659164429, 8.53109550476, 20.0985889435, 5.68043804169, 5.21651697159, 2.87684321404, 3.71070337296, 3.45376443863, 3.32124757767, 3.37355661392, 3.65492558479, 3.57884144783, 3.67524838448, 3.03693461418, 2.11207413673, 1.68962669373, 1.17231547832, 1.03359186649, 0.725559711456, 0.425795733929, 0.303002297878, 0.124298706651, 0.0241219960153, 0.0011899783276, 4.87541001348e-05, 4.63772921648e-05],
        "median": [0.0701528042555, 1.84799218178, 5.7038936615, 3.03326463699, 1.59037959576, 1.1576333046, 1.92786157131, 4.40339756012, 28.0439758301, 60.5188827515, 30.9870605469, 7.43264389038, 1.67984473705, 2.01832795143, 1.73018658161, 2.60295724869, 4.29605340958, 0.843204498291, 0.87651604414, 0.354424834251, 0.364163935184, 0.294210463762, 0.258203923702, 0.185637652874, 0.130205705762, 0.119329318404, 0.113346979022, 0.102713674307, 0.0762408077717, 0.0778460130095, 0.06915345788, 0.0563178695738, 0.0415934324265, 0.0288838464767, 0.0219383910298, 0.0140142980963, 0.00596418511122, 0.00040573294973, 2.73237092188e-05, 3.75870076823e-05],
        "min": [1.81526374945e-05, 0.000136661328725, 0.00127902487293, 0.0122838513926, 0.0169913489372, 0.0337551869452, 0.0325203761458, 0.209836453199, 0.10236839205, 0.0835733041167, 0.221185579896, 0.086405351758, 0.0543395020068, 0.0165199302137, 0.00469278590754, 0.0144778350368, 0.026348112151, 0.0069687734358, 0.00747651280835, 0.00731342518702, 0.00711733987555, 0.0073731597513, 0.00370326917619, 0.00644919276237, 0.0057077803649, 0.00319645297714, 0.00300794397481, 0.00268935365602, 0.00241285027005, 0.00228233891539, 0.0019524844829, 0.00125631643459, 0.000879053026438, 0.000446894671768, 0.000134627858642, 6.70857189107e-05, 4.55635308754e-05, 3.44519594364e-06, 1.2414259345e-06, 1.18399475468e-06],
        "var": [0.17709210515, 23.8276805878, 157.241195679, 76.9980239868, 93.4951629639, 27.6185855865, 85.4874954224, 705.112731934, 21054.0664062, 23884.8046875, 93897.171875, 5459.01123047, 17.4052810669, 58.9886779785, 95.2950897217, 382.150421143, 3813.24047852, 297.296783447, 159.205947876, 65.3877105713, 108.536430359, 90.5662612915, 121.848960876, 155.080596924, 243.185760498, 176.332275391, 175.20362854, 90.7377853394, 36.1232032776, 13.125658989, 5.67976140976, 4.50198984146, 2.12960076332, 0.709453225136, 0.352093011141, 0.0515024252236, 0.00161152193323, 3.79403377337e-06, 2.92391200141e-09, 9.46692724213e-10]
    },
    "gfcc": {
        "mean": [-63.637424469, 130.743453979, -67.3618545532, 11.5743608475, -65.4336624146, 15.6598567963, -31.3275547028, 16.8576202393, -7.97820901871, 18.518693924, -7.8944106102, -6.05829238892, -25.4265537262],
        "cov": [[4114.20751953, -2140.16064453, -688.871887207, 948.047607422, -502.795379639, 185.18132019, -527.434509277, -57.5434036255, -537.442138672, 141.283401489, -289.683166504, 167.2056427, -42.3696327209], [-2140.16064453, 1868.69873047, 249.902206421, -600.085083008, 634.101257324, -164.941741943, 352.932800293, -33.910118103, 401.249908447, -159.798904419, 232.307250977, -141.198425293, 47.4098205566], [-688.871887207, 249.902206421, 984.478027344, 173.992584229, -2.30628681183, 183.326644897, 268.047271729, 140.901199341, 134.645996094, 72.9245071411, 17.8360462189, -48.4246520996, 11.4247550964], [948.047607422, -600.085083008, 173.992584229, 681.32989502, -29.3063983917, 93.9803619385, -80.3810119629, -5.66934251785, -159.270614624, 9.89296531677, -94.3798522949, 35.5097389221, 69.2144470215], [-502.795379639, 634.101257324, -2.30628681183, -29.3063983917, 485.470001221, -25.4052371979, 69.2130813599, -47.6449623108, 94.1117477417, -84.5033035278, 83.412399292, 9.44447135925, 34.7923088074], [185.18132019, -164.941741943, 183.326644897, 93.9803619385, -25.4052371979, 183.956985474, 45.1877937317, 64.0304336548, 1.48044109344, 47.8885917664, -19.2519989014, 14.0629081726, -29.6270809174], [-527.434509277, 352.932800293, 268.047271729, -80.3810119629, 69.2130813599, 45.1877937317, 241.647064209, 101.416122437, 138.192718506, 8.78407096863, 37.1762123108, -67.5058288574, 6.31156015396], [-57.5434036255, -33.910118103, 140.901199341, -5.66934251785, -47.6449623108, 64.0304336548, 101.416122437, 127.213935852, 70.6647949219, 43.6530342102, -10.5997495651, -16.4741249084, -8.44941139221], [-537.442138672, 401.249908447, 134.645996094, -159.270614624, 94.1117477417, 1.48044109344, 138.192718506, 70.6647949219, 191.500030518, 14.3680973053, 63.3184432983, -53.0351066589, 0.318624287844], [141.283401489, -159.798904419, 72.9245071411, 9.89296531677, -84.5033035278, 47.8885917664, 8.78407096863, 43.6530342102, 14.3680973053, 99.4574508667, 16.7255592346, 25.5151081085, -20.0701999664], [-289.683166504, 232.307250977, 17.8360462189, -94.3798522949, 83.412399292, -19.2519989014, 37.1762123108, -10.5997495651, 63.3184432983, 16.7255592346, 98.4021606445, 19.0479869843, 6.71710729599], [167.2056427, -141.198425293, -48.4246520996, 35.5097389221, 9.44447135925, 14.0629081726, -67.5058288574, -16.4741249084, -53.0351066589, 25.5151081085, 19.0479869843, 96.0805892944, 5.17837381363], [-42.3696327209, 47.4098205566, 11.4247550964, 69.2144470215, 34.7923088074, -29.6270809174, 6.31156015396, -8.44941139221, 0.318624287844, -20.0701999664, 6.71710729599, 5.17837381363, 71.2140731812]],
        "icov": [[0.00104847480543, -0.00010568666039, 0.0010940162465, -0.00143823667895, 0.00041004299419, -0.000850734941196, 0.000494285486639, -0.000333051488269, 0.00061367219314, -0.00153706560377, 0.000832469377201, 1.81359646376e-05, 0.00076314387843], [-0.00010568666039, 0.00877018179744, -0.00300398725085, 0.00550603447482, -0.00681077921763, 0.0032785073854, -0.00397186959162, 0.00580638460815, -0.00569669576362, 0.00622622808442, -0.00464354828, 0.00420922460034, -0.00312652206048], [0.0010940162465, -0.00300398725085, 0.00415748590603, -0.00414716638625, 0.00320982257836, -0.00308526144363, -0.000729346880689, -0.00094012345653, 0.0011148552876, -0.00399760622531, 0.0026871918235, -0.0021855593659, 0.0018896831898], [-0.00143823667895, 0.00550603447482, -0.00414716638625, 0.00858250726014, -0.00589135522023, 0.00191771693062, -0.00132344814483, 0.00261193001643, -0.000809358723927, 0.00411149254069, -0.00267292093486, 0.00451780250296, -0.007008200977], [0.00041004299419, -0.00681077921763, 0.00320982257836, -0.00589135522023, 0.00984822772443, -0.00362832495011, 0.00101932545658, -0.00125351140741, 0.000447098078439, -0.000654509582091, 0.00243558129296, -0.00711576687172, 0.00353036774322], [-0.000850734941196, 0.0032785073854, -0.00308526144363, 0.00191771693062, -0.00362832495011, 0.0118929240853, -0.00279759755358, -0.000700629199855, -0.00159281073138, 0.00153201434296, -0.000784232688602, -0.000748504302464, 0.00339487334713], [0.000494285486639, -0.00397186959162, -0.000729346880689, -0.00132344814483, 0.00101932545658, -0.00279759755358, 0.0174558795989, -0.0133339483291, 0.00436351448298, -0.00209224247374, -0.00355553161353, 0.00744906719774, -0.00126488669775], [-0.000333051488269, 0.00580638460815, -0.00094012345653, 0.00261193001643, -0.00125351140741, -0.000700629199855, -0.0133339483291, 0.0292013157159, -0.0153611926362, -2.12816371459e-06, 0.00835804641247, -0.00650455942377, -0.00173131143674], [0.00061367219314, -0.00569669576362, 0.0011148552876, -0.000809358723927, 0.000447098078439, -0.00159281073138, 0.00436351448298, -0.0153611926362, 0.0249591208994, -0.00841185357422, -0.0060873394832, 0.00930920150131, -0.00091013108613], [-0.00153706560377, 0.00622622808442, -0.00399760622531, 0.00411149254069, -0.000654509582091, 0.00153201434296, -0.00209224247374, -2.12816371459e-06, -0.00841185357422, 0.0280871018767, -0.0117884911597, -0.00321393483318, 0.00202709320001], [0.000832469377201, -0.00464354828, 0.0026871918235, -0.00267292093486, 0.00243558129296, -0.000784232688602, -0.00355553161353, 0.00835804641247, -0.0060873394832, -0.0117884911597, 0.0289787370712, -0.0131201585755, 0.000469611462904], [1.81359646376e-05, 0.00420922460034, -0.0021855593659, 0.00451780250296, -0.00711576687172, -0.000748504302464, 0.00744906719774, -0.00650455942377, 0.00930920150131, -0.00321393483318, -0.0131201585755, 0.0276791155338, -0.0068212444894], [0.00076314387843, -0.00312652206048, 0.0018896831898, -0.007008200977, 0.00353036774322, 0.00339487334713, -0.00126488669775, -0.00173131143674, -0.00091013108613, 0.00202709320001, 0.000469611462904, -0.0068212444894, 0.0237072464079]]
    },
    "melbands": {
        "dmean": [0.0019022624474, 0.00312932091765, 0.00088425190188, 0.000249420583714, 0.000148070481373, 0.000239437664277, 0.000453761313111, 0.000659468467347, 0.000385895400541, 4.57244568679e-05, 7.11155462341e-06, 1.04943392216e-05, 8.28333395475e-06, 1.17667177619e-05, 2.04744992516e-05, 1.43696270243e-05, 6.42110080662e-06, 4.15376098317e-06, 2.72508691523e-06, 2.71259887086e-06, 3.25011205859e-06, 2.40957047026e-06, 3.06456308863e-06, 1.87826663023e-06, 2.29326542467e-06, 3.24798793372e-06, 2.10230678022e-06, 2.04216803468e-06, 1.85859528301e-06, 1.66426548276e-06, 1.5868963601e-06, 9.70408791545e-07, 8.12872940514e-07, 7.47479703023e-07, 4.57516449615e-07, 4.93153891057e-07, 4.840795782e-07, 4.04151592193e-07, 3.12173227712e-07, 2.60320689449e-07],
        "dmean2": [0.00295705394819, 0.00535622704774, 0.00163026084192, 0.000443997763796, 0.000264271307969, 0.000436906557297, 0.000664695748128, 0.000983090954833, 0.000482508883579, 6.11943178228e-05, 1.17597837743e-05, 1.66231002368e-05, 1.24776042867e-05, 1.82179319381e-05, 2.96261841868e-05, 2.12871964322e-05, 8.36678100313e-06, 6.44023066343e-06, 4.23133587901e-06, 4.21137519879e-06, 5.17756870977e-06, 4.12934286942e-06, 4.34982757724e-06, 2.62627486336e-06, 3.45172998095e-06, 4.95996027894e-06, 2.89554782285e-06, 2.55040549746e-06, 2.41610996454e-06, 2.24166342377e-06, 2.14458350456e-06, 1.20838456041e-06, 1.10037524337e-06, 1.03617628611e-06, 5.92929040977e-07, 6.73992985867e-07, 6.49391381558e-07, 5.21127049069e-07, 4.21968536557e-07, 3.46505544258e-07],
        "dvar": [1.4833336536e-05, 4.49031213066e-05, 3.62296691492e-06, 3.39148471085e-07, 9.28527157384e-08, 4.78690651562e-07, 9.69336269918e-07, 1.39286476042e-06, 1.06850961856e-06, 1.64458366925e-08, 1.93916022129e-10, 4.58303228701e-10, 2.86526108395e-10, 1.29555655093e-09, 3.51462614567e-09, 1.03432173937e-09, 4.86337470296e-10, 9.97015664472e-11, 7.01375277301e-11, 7.5633325991e-11, 1.42221359689e-10, 5.95395746594e-11, 9.98111454598e-11, 4.15976871004e-11, 7.19200879407e-11, 1.93602814336e-10, 5.23216886483e-11, 4.62204961804e-11, 4.19060688928e-11, 3.5272170601e-11, 1.93431156509e-11, 6.64487605564e-12, 3.33513511946e-12, 2.66665313962e-12, 8.37110491602e-13, 9.43252745876e-13, 1.0453806874e-12, 5.9431631708e-13, 4.06557003774e-13, 2.6430761876e-13],
        "dvar2": [2.76797891274e-05, 0.000122391109471, 1.04345817817e-05, 9.0717293233e-07, 2.59952201986e-07, 1.31775971113e-06, 1.65473636571e-06, 2.90953153126e-06, 1.7737388589e-06, 2.17104449973e-08, 4.91328921992e-10, 1.05623598756e-09, 6.27674690001e-10, 2.55910492797e-09, 6.75948452766e-09, 2.10288231273e-09, 7.94709187346e-10, 2.18714810152e-10, 1.21335011483e-10, 1.63900365502e-10, 3.72101738311e-10, 1.58549368079e-10, 2.05022165911e-10, 7.86992693236e-11, 1.648201714e-10, 4.67520466785e-10, 1.10460238179e-10, 9.32981678026e-11, 8.18852069484e-11, 7.01433355843e-11, 3.78076528418e-11, 1.07003520627e-11, 6.08357982046e-12, 5.77111318803e-12, 1.53495770781e-12, 1.59357520669e-12, 2.17860321797e-12, 1.10831927403e-12, 7.50340219645e-13, 4.67600459221e-13],
        "max": [0.0288993213326, 0.0396852716804, 0.0128867495805, 0.00430044159293, 0.00214987481013, 0.00601118197665, 0.0194137170911, 0.0129844686016, 0.0218988880515, 0.00369389052503, 0.000127644583699, 0.000308326591039, 0.000146206177305, 0.000323546351865, 0.00170696829446, 0.000705549726263, 0.000219140725676, 0.000192748921108, 8.2757716882e-05, 9.18036603252e-05, 0.000149279512698, 7.71833874751e-05, 0.000115947856102, 7.50946783228e-05, 8.43255402287e-05, 0.000135989772389, 7.83513532951e-05, 9.02852916624e-05, 7.23932389519e-05, 7.66830271459e-05, 4.92882063554e-05, 3.25016408169e-05, 2.31585763686e-05, 1.27607718241e-05, 9.95210029942e-06, 8.83779830474e-06, 7.7987806435e-06, 6.257658697e-06, 5.15504598297e-06, 4.23951951234e-06],
        "mean": [0.00284408591688, 0.0049499371089, 0.000971444533207, 0.000242755631916, 0.000165633638971, 0.00024106282217, 0.00106229423545, 0.00141645560507, 0.00102242548019, 0.000117428156955, 1.1287597772e-05, 1.82556377695e-05, 1.59555111168e-05, 1.74308825081e-05, 4.7385598009e-05, 2.78203388007e-05, 8.81648338691e-06, 8.16501960799e-06, 4.57240184915e-06, 4.09000404034e-06, 4.19812931796e-06, 3.09454821945e-06, 4.17824003307e-06, 2.4564094474e-06, 2.70730765806e-06, 2.98214399663e-06, 2.33917899095e-06, 2.33132391259e-06, 2.24612131206e-06, 2.00950307772e-06, 1.78913478521e-06, 1.22214601106e-06, 9.98243194772e-07, 9.24826281334e-07, 6.44627675683e-07, 7.00982070612e-07, 6.1077406599e-07, 5.26933263245e-07, 4.13971974922e-07, 3.4957000139e-07],
        "median": [0.00132066872902, 0.00392162427306, 0.000548686191905, 9.28277659114e-05, 6.44173051114e-05, 8.63638051669e-05, 0.000451779604191, 0.000679904653225, 0.000183340147487, 2.62727280642e-05, 4.62009847979e-06, 6.99245310898e-06, 5.29637918589e-06, 3.55409633812e-06, 1.0314719475e-05, 5.48890238861e-06, 6.35965193396e-07, 1.32513184781e-06, 7.07889171281e-07, 4.3624669388e-07, 3.56514846089e-07, 2.39060568674e-07, 3.22222518889e-07, 1.6310634976e-07, 1.38438664976e-07, 9.25297811705e-08, 8.98173979635e-08, 7.06223133307e-08, 6.89099408646e-08, 6.11330932543e-08, 5.56292363285e-08, 3.9563815335e-08, 4.46468959581e-08, 4.1824069541e-08, 3.96972374972e-08, 3.98091266618e-08, 2.9458476547e-08, 3.14045642824e-08, 2.16396749408e-08, 2.59097738819e-08],
        "min": [1.63558155464e-07, 5.90011040913e-07, 2.04095181289e-06, 2.18324612433e-06, 6.67777499075e-07, 7.34570221539e-07, 1.53999678787e-06, 6.7475934884e-07, 9.27229677927e-07, 1.77737504714e-07, 4.77970942825e-08, 3.48576740805e-08, 1.03846087285e-08, 1.73348784216e-08, 7.90540823914e-08, 4.51273720614e-08, 9.48485823216e-09, 9.62645074765e-09, 8.75052386107e-09, 7.63342455912e-09, 4.51177495364e-09, 7.00553481892e-09, 2.97919355852e-09, 3.80958731228e-09, 4.85648277149e-09, 4.41363745551e-09, 2.84652146298e-09, 1.83049542191e-09, 1.81205717098e-09, 1.18523102444e-09, 1.52858958824e-09, 1.3369387819e-09, 1.09959319428e-09, 1.0086208535e-09, 9.97313898132e-10, 6.92402080116e-10, 5.26613919138e-10, 5.69064795286e-10, 1.92084750883e-10, 4.30368865545e-11],
