{
"highlevel": {
    "danceability": {
        "all": {
            "danceable": 0.664625227451,
            "not_danceable": 0.335374772549
        },
        "probability": 0.664625227451,
        "value": "danceable"
    },
    "gender": {
        "all": {
            "female": 0.00928320921957,
            "male": 0.990716814995
        },
        "probability": 0.990716814995,
        "value": "male"
    },
    "genre_dortmund": {
        "all": {
            "alternative": 0.0822474882007,
            "blues": 0.144808724523,
            "electronic": 0.0231486130506,
            "folkcountry": 0.394651949406,
            "funksoulrnb": 0.0283401403576,
            "jazz": 0.0103702014312,
            "pop": 0.0489920713007,
            "raphiphop": 0.0229994338006,
            "rock": 0.244441375136
        },
        "probability": 0.394651949406,
        "value": "folkcountry"
    },
    "genre_electronic": {
        "all": {
            "ambient": 0.33705291152,
            "dnb": 0.320745408535,
            "house": 0.124927915633,
            "techno": 0.0207054745406,
            "trance": 0.196568280458
        },
        "probability": 0.33705291152,
        "value": "ambient"
    },
    "genre_rosamerica": {
        "all": {
            "cla": 0.0605901293457,
            "dan": 0.0174373686314,
            "hip": 0.0383521690965,
            "jaz": 0.0118886483833,
            "pop": 0.25287976861,
            "rhy": 0.366902112961,
            "roc": 0.245916962624,
            "spe": 0.0060328389518
        },
        "probability": 0.366902112961,
        "value": "rhy"
    },
    "genre_tzanetakis": {
        "all": {
            "blu": 0.0626613423228,
            "cla": 0.0348169617355,
            "cou": 0.104475811124,
            "dis": 0.0784321576357,
            "hip": 0.15692435205,
            "jaz": 0.313974827528,
            "met": 0.0448166541755,
            "pop": 0.0627359300852,
            "reg": 0.0627360641956,
            "roc": 0.0784258767962
        },
        "probability": 0.313974827528,
        "value": "jaz"
    },
    "ismir04_rhythm": {
        "all": {
            "ChaChaCha": 0.0243341885507,
            "Jive": 0.626574575901,
            "Quickstep": 0.0053559076041,
            "Rumba-American": 0.0043899952434,
            "Rumba-International": 0.0177891980857,
            "Rumba-Misc": 0.00165837130044,
            "Samba": 0.028864543885,
            "Tango": 0.0100335031748,
            "VienneseWaltz": 0.276387870312,
            "Waltz": 0.00461182231084
        },
        "probability": 0.626574575901,
        "value": "Jive"
    },
    "mood_acoustic": {
        "all": {
            "acoustic": 0.0899892598391,
            "not_acoustic": 0.910010755062
        },
        "probability": 0.910010755062,
        "value": "not_acoustic"
    },
    "mood_aggressive": {
        "all": {
            "aggressive": 0.00731315370649,
            "not_aggressive": 0.992686867714
        },
        "probability": 0.992686867714,
        "value": "not_aggressive"
    },
    "mood_electronic": {
        "all": {
            "electronic": 0.145699873567,
            "not_electronic": 0.854300141335
        },
        "probability": 0.854300141335,
        "value": "not_electronic"
    },
    "mood_happy": {
        "all": {
            "happy": 0.798155069351,
            "not_happy": 0.201844900846
        },
        "probability": 0.798155069351,
        "value": "happy"
    },
    "mood_party": {
        "all": {
            "not_party": 0.804007947445,
            "party": 0.195992082357
        },
        "probability": 0.804007947445,
        "value": "not_party"
    },
    "mood_relaxed": {
        "all": {
            "not_relaxed": 0.809746980667,
            "relaxed": 0.190253004432
        },
        "probability": 0.809746980667,
        "value": "not_relaxed"
    },
    "mood_sad": {
        "all": {
            "not_sad": 0.936026990414,
            "sad": 0.0639729946852
        },
        "probability": 0.936026990414,
        "value": "not_sad"
    },
    "moods_mirex": {
        "all": {
            "Cluster1": 0.100497588515,
            "Cluster2": 0.472977489233,
            "Cluster3": 0.084123685956,
            "Cluster4": 0.177736490965,
            "Cluster5": 0.16466473043
        },
        "probability": 0.472977489233,
        "value": "Cluster2"
    },
    "timbre": {
        "all": {
            "bright": 0.966533362865,
            "dark": 0.033466629684
        },
        "probability": 0.966533362865,
        "value": "bright"
    },
    "tonal_atonal": {
        "all": {
            "atonal": 0.356124132872,
            "tonal": 0.643875837326
        },
        "probability": 0.643875837326,
        "value": "tonal"
    },
    "voice_instrumental": {
        "all": {
            "instrumental": 0.0128080630675,
            "voice": 0.987191915512
        },
        "probability": 0.987191915512,
        "value": "voice"
    }
},
"lowlevel": {
    "average_loudness": 0.961111664772,
    "barkbands_crest": {
        "dmean": 2.66306829453,
        "dmean2": 4.37720823288,
        "dvar": 5.7952170372,
        "dvar2": 15.0334320068,
        "max": 24.9385757446,
        "mean": 8.70653247833,
        "median": 7.83994579315,
        "min": 2.59165883064,
        "var": 12.9123811722
    },
    "barkbands_flatness_db": {
        "dmean": 0.0228316783905,
        "dmean2": 0.0334047041833,
        "dvar": 0.000474910571938,
        "dvar2": 0.000945617328398,
        "max": 0.294516831636,
        "mean": 0.147027090192,
        "median": 0.14117026329,
        "min": 0.0637983828783,
        "var": 0.00160586938728
    },
    "barkbands_kurtosis": {
        "dmean": 1.67111670971,
        "dmean2": 2.67980790138,
        "dvar": 8.82953929901,
        "dvar2": 21.7541179657,
        "max": 46.962348938,
        "mean": 1.05914962292,
        "median": -0.0329542160034,
        "min": -1.85478532314,
        "var": 14.9612121582
    },
    "barkbands_skewness": {
        "dmean": 0.51574921608,
        "dmean2": 0.769345879555,
        "dvar": 0.298724591732,
        "dvar2": 0.671465694904,
        "max": 5.22600603104,
        "mean": 0.854952514172,
        "median": 0.79626005888,
        "min": -2.63436937332,
        "var": 0.988102257252
    },
    "barkbands_spread": {
        "dmean": 6.59888219833,
        "dmean2": 9.93837356567,
        "dvar": 52.0536422729,
        "dvar2": 116.864616394,
        "max": 92.6406936646,
        "mean": 27.206489563,
        "median": 25.324836731,
        "min": 1.64139544964,
        "var": 164.599349976
    },
    "dissonance": {
        "dmean": 0.0164496786892,
        "dmean2": 0.027557739988,
        "dvar": 0.000295945239486,
        "dvar2": 0.000799799105152,
        "max": 0.499956279993,
        "mean": 0.467947304249,
        "median": 0.474579930305,
        "min": 0.335142076015,
        "var": 0.000627720088232
    },
    "dynamic_complexity": 2.26860070229,
    "erbbands_crest": {
        "dmean": 2.87144112587,
        "dmean2": 4.63025283813,
        "dvar": 7.00456523895,
        "dvar2": 17.2277107239,
        "max": 30.4454135895,
        "mean": 9.75553035736,
        "median": 8.79744911194,
        "min": 2.59237337112,
        "var": 18.9290237427
    },
    "erbbands_flatness_db": {
        "dmean": 0.0256639905274,
        "dmean2": 0.033581789583,
        "dvar": 0.000555526290555,
        "dvar2": 0.000911848095711,
        "max": 0.346050083637,
        "mean": 0.188557609916,
        "median": 0.188052028418,
        "min": 0.0731589645147,
        "var": 0.00211871578358
    },
    "erbbands_kurtosis": {
        "dmean": 1.23414337635,
        "dmean2": 1.90157389641,
        "dvar": 3.81336593628,
        "dvar2": 8.01794052124,
        "max": 30.5250053406,
        "mean": 0.826339244843,
        "median": -0.088109254837,
        "min": -1.77876508236,
        "var": 10.0000934601
    },
    "erbbands_skewness": {
        "dmean": 0.42562738061,
        "dmean2": 0.637576520443,
        "dvar": 0.171639427543,
        "dvar2": 0.385306805372,
        "max": 5.04372739792,
        "mean": -0.249518156052,
        "median": -0.168750405312,
        "min": -4.40218639374,
        "var": 1.06950342655
    },
    "erbbands_spread": {
        "dmean": 9.5003900528,
        "dmean2": 14.560128212,
        "dvar": 106.518249512,
        "dvar2": 230.953857422,
        "max": 111.938598633,
        "mean": 35.8630714417,
        "median": 33.1348495483,
        "min": 4.42098522186,
        "var": 288.10848999
    },
    "hfc": {
        "dmean": 9.07037067413,
        "dmean2": 12.6823577881,
        "dvar": 121.816322327,
        "dvar2": 232.57194519,
        "max": 103.028373718,
        "mean": 24.2936115265,
        "median": 20.027141571,
        "min": 0.736903190613,
        "var": 321.410522461
    },
    "melbands_crest": {
        "dmean": 3.30068778992,
        "dmean2": 5.14118003845,
        "dvar": 8.29274749756,
        "dvar2": 19.6926994324,
        "max": 30.2344703674,
        "mean": 12.2091674805,
        "median": 11.3672389984,
        "min": 3.95520997047,
        "var": 22.6246337891
    },
    "melbands_flatness_db": {
        "dmean": 0.0276008471847,
        "dmean2": 0.0409158393741,
        "dvar": 0.000814207189251,
        "dvar2": 0.00172077922616,
        "max": 0.3630233109,
        "mean": 0.171853467822,
        "median": 0.166418835521,
        "min": 0.0607405528426,
        "var": 0.00297767529264
    },
    "melbands_kurtosis": {
        "dmean": 4.62288761139,
        "dmean2": 7.40580844879,
        "dvar": 85.0462722778,
        "dvar2": 210.859100342,
        "max": 132.958480835,
        "mean": 6.35886526108,
        "median": 3.22601413727,
        "min": -1.8995039463,
        "var": 115.8904953
    },
    "melbands_skewness": {
        "dmean": 0.690743684769,
        "dmean2": 1.04482746124,
        "dvar": 0.613374531269,
        "dvar2": 1.38921916485,
        "max": 10.7594385147,
        "mean": 1.91713738441,
        "median": 1.72649347782,
        "min": -1.09153485298,
        "var": 1.74445855618
    },
    "melbands_spread": {
        "dmean": 10.3350610733,
        "dmean2": 15.7444915771,
        "dvar": 162.679718018,
        "dvar2": 355.188232422,
        "max": 200.46043396,
        "mean": 35.8473739624,
        "median": 30.633644104,
        "min": 2.24391222,
        "var": 478.58416748
    },
    "pitch_salience": {
        "dmean": 0.0730620250106,
        "dmean2": 0.117939352989,
        "dvar": 0.00378957740031,
        "dvar2": 0.0100051956251,
        "max": 0.857661545277,
        "mean": 0.577038526535,
        "median": 0.587374806404,
        "min": 0.230563893914,
        "var": 0.00944796577096
    },
    "silence_rate_20dB": {
        "dmean": 0,
        "dmean2": 0,
        "dvar": 0,
        "dvar2": 0,
        "max": 1,
        "mean": 1,
        "median": 1,
        "min": 1,
        "var": 0
    },
    "silence_rate_30dB": {
        "dmean": 0,
        "dmean2": 0,
        "dvar": 0,
        "dvar2": 0,
        "max": 1,
        "mean": 1,
        "median": 1,
        "min": 1,
        "var": 0
    },
    "silence_rate_60dB": {
        "dmean": 0.00541795650497,
        "dmean2": 0.0108443070203,
        "dvar": 0.00538858678192,
        "dvar2": 0.0138248680159,
        "max": 1,
        "mean": 0.00464037107304,
        "median": 0,
        "min": 0,
        "var": 0.00461880257353
    },
    "spectral_centroid": {
        "dmean": 296.635101318,
        "dmean2": 451.997009277,
        "dvar": 107469.484375,
        "dvar2": 271534.90625,
        "max": 3955.65795898,
        "mean": 1721.61364746,
        "median": 1677.77197266,
        "min": 380.183746338,
        "var": 356940.125
    },
    "spectral_complexity": {
        "dmean": 4.75154781342,
        "dmean2": 6.71185112,
        "dvar": 30.2347316742,
        "dvar2": 52.3895950317,
        "max": 53,
        "mean": 20.3897914886,
        "median": 18,
        "min": 2,
        "var": 94.9602279663
    },
    "spectral_decrease": {
        "dmean": 1.9794146322e-09,
        "dmean2": 2.94787860788e-09,
        "dvar": 5.68154545842e-18,
        "dvar2": 1.29882369499e-17,
        "max": -3.66759206338e-10,
        "mean": -5.08619679707e-09,
        "median": -4.21766888081e-09,
        "min": -2.13913899927e-08,
        "var": 1.17819503636e-17
    },
    "spectral_energy": {
        "dmean": 0.00810381677002,
        "dmean2": 0.0119396289811,
        "dvar": 9.22906692722e-05,
        "dvar2": 0.00020709882665,
        "max": 0.0862054899335,
        "mean": 0.0213999822736,
        "median": 0.0178414881229,
        "min": 0.00162928528152,
        "var": 0.000198931011255
    },
    "spectral_energyband_high": {
        "dmean": 0.000700351898558,
        "dmean2": 0.00100252986886,
        "dvar": 1.43039619616e-06,
        "dvar2": 3.03803312818e-06,
        "max": 0.0135664399713,
        "mean": 0.00108226435259,
        "median": 0.000505004136357,
        "min": 4.83487519887e-06,
        "var": 2.30270347856e-06
    },
    "spectral_energyband_low": {
        "dmean": 0.00223872787319,
        "dmean2": 0.00324838794768,
        "dvar": 1.95597367565e-05,
        "dvar2": 4.0308725147e-05,
        "max": 0.0443267561495,
        "mean": 0.00320989266038,
        "median": 0.00116428628098,
        "min": 9.0557441581e-06,
        "var": 2.97090064123e-05
    },
    "spectral_energyband_middle_high": {
        "dmean": 0.00254794280045,
        "dmean2": 0.00364283123054,
        "dvar": 8.26271389087e-06,
        "dvar2": 1.74314536707e-05,
        "max": 0.0420000962913,
        "mean": 0.0071771396324,
        "median": 0.00559332454577,
        "min": 7.21229298506e-05,
        "var": 3.66479762306e-05
    },
    "spectral_energyband_middle_low": {
        "dmean": 0.00543508725241,
        "dmean2": 0.00884598027915,
        "dvar": 5.79872976232e-05,
        "dvar2": 0.000142443735967,
        "max": 0.0825123563409,
        "mean": 0.0105565274134,
        "median": 0.00714534008875,
        "min": 0.00042594561819,
        "var": 9.64157079579e-05
    },
    "spectral_entropy": {
        "dmean": 0.195805102587,
        "dmean2": 0.268631458282,
        "dvar": 0.0372728146613,
        "dvar2": 0.0687551423907,
        "max": 8.59139633179,
        "mean": 7.50713634491,
        "median": 7.50066804886,
        "min": 6.29659795761,
        "var": 0.141250893474
    },
    "spectral_flux": {
        "dmean": 0.0275120548904,
        "dmean2": 0.0403196066618,
        "dvar": 0.000796833832283,
        "dvar2": 0.00141191203147,
        "max": 0.239775687456,
        "mean": 0.0866137519479,
        "median": 0.0805789232254,
        "min": 0.0104066776112,
        "var": 0.00190293893684
    },
    "spectral_kurtosis": {
        "dmean": 2.15727257729,
        "dmean2": 3.63496303558,
        "dvar": 6.08050870895,
        "dvar2": 18.1883239746,
        "max": 28.9331188202,
        "mean": 4.09000968933,
        "median": 3.49610137939,
        "min": -1.30216634274,
        "var": 8.48979759216
    },
    "spectral_rms": {
        "dmean": 0.000837918312754,
        "dmean2": 0.00119367847219,
        "dvar": 8.09894174836e-07,
        "dvar2": 1.68250983279e-06,
        "max": 0.00917076412588,
        "mean": 0.00431534508243,
        "median": 0.00417208950967,
        "min": 0.00126077223103,
        "var": 2.25582198254e-06
    },
    "spectral_rolloff": {
        "dmean": 625.697387695,
        "dmean2": 1049.59057617,
        "dvar": 938502.8125,
        "dvar2": 2069303.375,
        "max": 10637.4023438,
        "mean": 2147.22558594,
        "median": 2024.12109375,
        "min": 86.1328125,
        "var": 1780738
    },
    "spectral_skewness": {
        "dmean": 0.268285185099,
        "dmean2": 0.442350149155,
        "dvar": 0.0692338123918,
        "dvar2": 0.198292583227,
        "max": 3.43636393547,
        "mean": 1.2555090189,
        "median": 1.26774072647,
        "min": 0.0475400276482,
        "var": 0.145881608129
    },
    "spectral_spread": {
        "dmean": 637764.25,
        "dmean2": 865438.8125,
        "dvar": 534711795712,
        "dvar2": 915138805760,
        "max": 14059424,
        "mean": 3846055,
        "median": 3663158.5,
        "min": 1478462.875,
        "var": 1.70456226202e+12
    },
    "spectral_strongpeak": {
        "dmean": 0.945605695248,
        "dmean2": 1.59837651253,
        "dvar": 2.09237504005,
        "dvar2": 4.67901468277,
        "max": 10.7998600006,
        "mean": 1.47504687309,
        "median": 0.678232073784,
        "min": 0.0425126068294,
        "var": 3.68106198311
    },
    "zerocrossingrate": {
        "dmean": 0.0118895731866,
        "dmean2": 0.0136597715318,
        "dvar": 0.000162280513905,
        "dvar2": 0.000195206361241,
        "max": 0.33837890625,
        "mean": 0.0734302476048,
        "median": 0.068359375,
        "min": 0.01806640625,
        "var": 0.000975242524873
    },
    "barkbands": {
        "dmean": [0.000171282634255, 0.00168212410063, 0.000728468468878, 0.00149805040564, 0.00190211040899, 0.00146708195098, 0.000845428206958, 0.000739502022043, 0.00124453834724, 0.00041250284994, 0.000760177092161, 0.000403685553465, 0.000334218872013, 0.000385508610634, 0.000421724631451, 0.000398112257244, 0.00048847036669, 0.000497092783917, 0.000159674862516, 0.000204432668397, 0.000181048962986, 0.000220424757572, 0.000127011706354, 9.72869820544e-05, 4.55584631709e-05, 1.76214580279e-05, 2.73249489702e-09],
        "dmean2": [0.000228537275689, 0.00254452135414, 0.00135897821747, 0.00268432009034, 0.00319723715074, 0.00223531364463, 0.00137678498868, 0.00116362213157, 0.00200142129324, 0.000666345120408, 0.00123915763106, 0.000669403001666, 0.000559791689739, 0.000602149346378, 0.000653417722788, 0.000591950374655, 0.000741311116144, 0.000733864377253, 0.000245893315878, 0.000306877424009, 0.000256661121966, 0.000347342749592, 0.000186736579053, 0.00014115855447, 6.69161672704e-05, 2.58282161667e-05, 4.85842921449e-09],
        "dvar": [1.22185596751e-07, 1.50755276991e-05, 3.95500501327e-06, 7.26951975594e-06, 1.03115717138e-05, 7.61975707064e-06, 2.79105074696e-06, 2.30139357882e-06, 1.36550024763e-05, 7.44313581436e-07, 2.83836084236e-06, 9.87195335256e-07, 4.42753901098e-07, 6.57476448396e-07, 1.10763369321e-06, 8.03827504114e-07, 6.75550040796e-07, 7.70858662236e-07, 6.98774300645e-08, 1.06562900726e-07, 1.1493379759e-07, 2.74870473049e-07, 6.29967829013e-08, 4.54975825903e-08, 9.08484221185e-09, 9.66172586381e-10, 2.02850308945e-16],
        "dvar2": [2.17025061033e-07, 3.53601863026e-05, 1.15744405775e-05, 2.06255681405e-05, 2.58150375885e-05, 1.64935136127e-05, 6.71912857797e-06, 4.84466590933e-06, 3.35398399329e-05, 1.89246168247e-06, 7.77346849645e-06, 2.57962960859e-06, 1.1593972431e-06, 1.46663012401e-06, 2.57318447439e-06, 1.53140888415e-06, 1.53674966441e-06, 1.42094836519e-06, 1.60387514825e-07, 2.01375627285e-07, 2.1895948521e-07, 7.22258960195e-07, 1.19103482632e-07, 9.5128882549e-08, 1.7775127148e-08, 2.04646055657e-09, 5.12358424272e-16],
        "max": [0.00278155854903, 0.0317814238369, 0.0210759490728, 0.0197917111218, 0.0231441576034, 0.0576507411897, 0.0221357587725, 0.0176577884704, 0.0796238854527, 0.0121015626937, 0.0283199734986, 0.0197356175631, 0.00746282422915, 0.0148566542193, 0.0133095821366, 0.0158723052591, 0.00988083705306, 0.0159007105976, 0.0039128633216, 0.00600595213473, 0.00498136971146, 0.00855079758912, 0.00417436473072, 0.00276753050275, 0.00172382884193, 0.000316768651828, 2.09682724517e-07],
        "mean": [0.000191265367903, 0.00180734985042, 0.000672604597639, 0.00153400236741, 0.00258083338849, 0.00237477524206, 0.00117260823026, 0.000949741224758, 0.00180471281055, 0.000634009891655, 0.00113303621765, 0.000572026357986, 0.000528777309228, 0.000633006507996, 0.000629983202089, 0.000706755672581, 0.00095958285965, 0.000976390263531, 0.000286669121124, 0.000360380567145, 0.000269479409326, 0.000263262161752, 0.000168835846125, 0.000118763462524, 5.17135704285e-05, 1.94175863726e-05, 1.9212786917e-09],
        "median": [9.89679574559e-06, 0.000106765102828, 0.000251850578934, 0.000700977398083, 0.00141540495679, 0.000987500767224, 0.000373800605303, 0.000203556832275, 0.000398721254896, 0.000234017847106, 0.000325943779899, 0.000119574040582, 0.000148140010424, 0.000177158974111, 0.000150174702867, 0.000223280847422, 0.000513474631589, 0.000437468173914, 0.00015132423141, 0.000184909644304, 9.42184051382e-05, 9.92540153675e-05, 5.19190070918e-05, 3.06822985294e-05, 9.88983720163e-06, 2.49117965723e-06, 3.2007441142e-10],
        "min": [5.76018832632e-09, 2.22595389232e-07, 1.00810257209e-06, 6.26367545919e-06, 4.50885345344e-05, 1.18271955216e-05, 1.35286654768e-06, 1.17521403808e-06, 1.70774671915e-06, 1.02621129372e-06, 3.89945057577e-07, 7.59679210205e-07, 7.89863975115e-07, 1.69908969383e-06, 2.42937835537e-06, 2.85649139187e-06, 7.58713940741e-06, 2.86096769742e-06, 1.88885587704e-06, 1.59702585734e-06, 1.46149693592e-06, 6.71317195611e-07, 2.58913264162e-08, 7.50798520577e-11, 3.26688914636e-12, 5.63074847165e-12, 7.60272053646e-12],
        "var": [1.84302308526e-07, 1.77863166755e-05, 2.30237287724e-06, 5.4336883295e-06, 1.06487086668e-05, 1.96779037651e-05, 3.88807120544e-06, 3.92370475311e-06, 2.84393099719e-05, 1.3158847878e-06, 5.39259099241e-06, 1.50907669649e-06, 8.78226273926e-07, 1.78095172032e-06, 1.83141810339e-06, 2.220747092e-06, 1.72492286765e-06, 2.22705671149e-06, 1.49388014847e-07, 2.40168276378e-07, 2.23428756385e-07, 2.47427067279e-07, 1.19668811749e-07, 7.26831359543e-08, 1.48319942994e-08, 1.39291533863e-09, 1.35573062748e-16]
    },
    "erbbands": {
        "dmean": [0.0635338947177, 0.352668017149, 0.739483833313, 2.80138397217, 8.78250789642, 4.50563621521, 5.49843788147, 14.340177536, 10.5102825165, 16.0255241394, 17.8415164948, 32.298122406, 12.9861984253, 15.3577318192, 29.5758113861, 13.2493896484, 14.7167711258, 12.6346340179, 22.383392334, 23.0192642212, 19.0486698151, 26.526517868, 26.8288936615, 12.3239545822, 7.7937245369, 9.99714946747, 8.70209884644, 6.07952833176, 6.70141458511, 7.45167922974, 3.28347706795, 2.6460943222, 1.35594749451, 0.666279733181, 0.26081776619, 0.0954468995333, 0.0329982489347, 0.0019652035553, 4.4703403546e-05, 1.2114067431e-05],
        "dmean2": [0.0887538865209, 0.589697897434, 1.36189293861, 5.08622503281, 15.2677049637, 7.44009590149, 9.00605487823, 21.8204994202, 17.6382904053, 25.332447052, 28.1543254852, 52.0213432312, 20.8618507385, 24.2827377319, 48.8421859741, 21.7681674957, 24.4818267822, 20.3711738586, 34.7575645447, 34.415927887, 28.2417430878, 39.5797691345, 39.2837524414, 18.200252533, 11.3053064346, 15.0189990997, 12.9059562683, 8.52449798584, 10.392411232, 11.6517543793, 4.99391651154, 3.91933107376, 1.99443662167, 0.998489975929, 0.38997772336, 0.147440388799, 0.0483679547906, 0.00302976486273, 6.54097093502e-05, 1.71285319084e-05],
        "dvar": [0.0200544074178, 0.807691574097, 4.22541284561, 28.9191455841, 282.968353271, 40.3347740173, 74.3838577271, 976.89050293, 516.577758789, 880.302429199, 1213.66748047, 11620.7382812, 573.424804688, 917.361938477, 3748.63378906, 806.508789062, 849.596191406, 526.83013916, 2642.24291992, 3333.02758789, 1163.49365234, 1820.98681641, 2209.78491211, 387.514160156, 158.500396729, 243.83821106, 248.012817383, 140.848144531, 220.390838623, 294.279449463, 53.0416870117, 35.7780914307, 9.33871555328, 2.00422930717, 0.344543218613, 0.0313006862998, 0.00367435719818, 1.50267169374e-05, 6.22601081801e-09, 2.12704992508e-10],
        "dvar2": [0.039070982486, 2.11663293839, 12.1329641342, 83.1959609985, 746.261169434, 102.597007751, 171.1353302, 2036.70056152, 1329.85083008, 1854.45251465, 2780.23364258, 28705.015625, 1339.40148926, 2208.19824219, 10457.9111328, 2157.01904297, 2235.04614258, 1301.22070312, 5316.64111328, 7172.93505859, 2431.56640625, 4259.15429688, 4189.73925781, 786.913513184, 292.563537598, 506.804412842, 521.962463379, 281.868438721, 555.492980957, 771.801147461, 105.565704346, 75.4387283325, 20.3992099762, 4.34515380859, 0.625282883644, 0.0677278935909, 0.00780873186886, 3.349949111e-05, 1.31735005127e-08, 4.38881708753e-10],
        "max": [1.10732161999, 7.04927062988, 22.1588535309, 43.3470191956, 123.609519958, 54.5187606812, 120.970581055, 704.613830566, 276.874359131, 418.90447998, 435.867950439, 2272.67724609, 388.777313232, 597.077758789, 930.147888184, 469.954803467, 327.067901611, 356.991149902, 810.094848633, 897.018493652, 457.221557617, 490.652496338, 623.800415039, 227.243347168, 273.882232666, 193.58454895, 216.829696655, 172.6222229, 238.713195801, 244.503417969, 121.893211365, 83.4890594482, 48.6594657898, 20.7309818268, 13.394071579, 2.29610061646, 0.733565092087, 0.0606728494167, 0.00113174552098, 0.000125651014969],
        "mean": [0.077761143446, 0.306044846773, 0.686669528484, 2.98381543159, 8.9220905304, 7.63203382492, 10.5695047379, 22.0711326599, 13.2016630173, 25.1831226349, 23.5509147644, 46.2031517029, 21.6564941406, 25.9560031891, 44.3289375305, 21.4357452393, 25.1083602905, 23.3609447479, 40.2607765198, 38.1259231567, 38.0560264587, 55.6921463013, 56.8518447876, 24.9019870758, 14.4929065704, 17.7729244232, 13.1603012085, 8.62379360199, 8.55687904358, 8.71521854401, 4.31327009201, 3.25464749336, 1.55428195, 0.734538972378, 0.296391576529, 0.105170160532, 0.0360857620835, 0.00205717654899, 5.91407479078e-05, 3.04221866827e-05],
        "median": [0.00329495966434, 0.0301025379449, 0.273629158735, 1.61660885811, 3.63218522072, 4.65218019485, 6.600004673, 7.94480514526, 4.90133047104, 7.46059608459, 5.97025823593, 9.18234539032, 10.1669816971, 11.0931148529, 15.0511713028, 6.80354261398, 8.37384319305, 8.23659229279, 9.95094776154, 11.20033741, 15.3328962326, 31.9267673492, 26.7808494568, 13.5301971436, 8.29323673248, 9.29229354858, 5.37622690201, 2.93092274666, 3.30394291878, 2.79768133163, 1.29341340065, 0.798210322857, 0.340531826019, 0.140953049064, 0.0493338257074, 0.0153650166467, 0.00402205903083, 0.000215886611841, 2.22714606934e-05, 2.54533424595e-05],
        "min": [2.01440052479e-05, 0.000245859409915, 0.001893135719, 0.0158028695732, 0.0812363699079, 0.131223201752, 0.14363335073, 0.119394510984, 0.07346714288, 0.0175662059337, 0.0509719662368, 0.0668915361166, 0.0749922320247, 0.041339289397, 0.0297915060073, 0.0289229657501, 0.0427304469049, 0.0926342532039, 0.138501644135, 0.197025164962, 0.325923889875, 0.568558871746, 0.201996654272, 0.173737511039, 0.162501186132, 0.104477748275, 0.113662272692, 0.0189169179648, 0.022005610168, 0.0153230279684, 0.00159985281061, 0.000186789737199, 1.83628690138e-05, 9.87256680673e-06, 5.17559965374e-06, 3.10414179694e-06, 1.58615989676e-06, 3.36205204121e-07, 1.171848794e-06, 2.18277682507e-06],
        "var": [0.0300632137805, 0.674938321114, 2.53667593002, 19.6361465454, 226.781860352, 68.3324813843, 178.080383301, 2411.95922852, 554.787597656, 1857.75732422, 2071.49291992, 23484.4648438, 1206.29064941, 1775.69396973, 6449.59423828, 1372.77758789, 1865.29101562, 1575.66516113, 7761.82666016, 6874.41357422, 3561.32470703, 4831.56689453, 6283.40234375, 1023.30352783, 379.918151855, 510.322662354, 440.35333252, 240.96534729, 224.304626465, 286.705108643, 90.5357131958, 57.3641586304, 13.0443687439, 2.79743885994, 0.619001150131, 0.0449488088489, 0.00510394433513, 1.91448216356e-05, 8.94172380583e-09, 4.46280373767e-10]
    },
    "gfcc": {
        "mean": [-7.58609104156, 94.7523956299, -148.929626465, 41.930103302, -66.41847229, -0.86825555563, -43.3714332581, 1.13884091377, -23.9293174744, -11.59623909, -18.427904129, 0.0162667110562, -8.41323661804],
        "cov": [[3789.83081055, -1911.93029785, 475.991333008, -483.167724609, -724.908203125, 601.809326172, -451.140228271, 407.622253418, -271.975830078, 453.750915527, -224.406097412, 77.6322631836, -359.381378174], [-1911.93029785, 1796.6373291, -524.733764648, 138.70753479, 498.409912109, -321.124053955, 463.613189697, -288.48626709, 295.732452393, -282.536651611, 314.221069336, -89.9729003906, 252.172332764], [475.991333008, -524.733764648, 846.860961914, 237.774383545, -39.8506698608, 218.698532104, -158.253051758, 230.785827637, -62.1889038086, 178.850875854, -123.993629456, 129.264221191, -42.2941246033], [-483.167724609, 138.70753479, 237.774383545, 558.76739502, 267.650238037, -189.331680298, 13.0261869431, 43.5194206238, 116.909164429, -34.5695915222, -20.8045749664, 43.0141563416, 128.899185181], [-724.908203125, 498.409912109, -39.8506698608, 267.650238037, 537.581970215, -118.792228699, 147.502365112, 36.5446662903, 112.648353577, -57.877368927, 32.8018684387, 61.5837059021, 130.798126221], [601.809326172, -321.124053955, 218.698532104, -189.331680298, -118.792228699, 443.432434082, -5.71621990204, 136.518218994, -43.752784729, 108.667388916, 0.636247396469, -2.44089579582, -72.0867919922], [-451.140228271, 463.613189697, -158.253051758, 13.0261869431, 147.502365112, -5.71621990204, 327.686187744, -46.8491592407, 64.7074279785, -47.199634552, 79.2907791138, -3.20974087715, 38.4166946411], [407.622253418, -288.48626709, 230.785827637, 43.5194206238, 36.5446662903, 136.518218994, -46.8491592407, 249.165084839, 31.2154121399, 102.55557251, -30.1656684875, 62.0435066223, -13.7385520935], [-271.975830078, 295.732452393, -62.1889038086, 116.909164429, 112.648353577, -43.752784729, 64.7074279785, 31.2154121399, 218.513320923, -9.23837757111, 66.2529983521, -25.4310417175, 64.6562576294], [453.750915527, -282.536651611, 178.850875854, -34.5695915222, -57.877368927, 108.667388916, -47.199634552, 102.55557251, -9.23837757111, 182.643859863, -27.0499839783, 34.7343521118, -34.3569068909], [-224.406097412, 314.221069336, -123.993629456, -20.8045749664, 32.8018684387, 0.636247396469, 79.2907791138, -30.1656684875, 66.2529983521, -27.0499839783, 172.703094482, 3.66175603867, 45.2738265991], [77.6322631836, -89.9729003906, 129.264221191, 43.0141563416, 61.5837059021, -2.44089579582, -3.20974087715, 62.0435066223, -25.4310417175, 34.7343521118, 3.66175603867, 142.128250122, 15.1189937592], [-359.381378174, 252.172332764, -42.2941246033, 128.899185181, 130.798126221, -72.0867919922, 38.4166946411, -13.7385520935, 64.6562576294, -34.3569068909, 45.2738265991, 15.1189937592, 137.409133911]],
        "icov": [[0.000834012811538, 0.00025149655994, 0.00052853312809, -0.00021029477648, 0.000577350554522, -0.000564281886909, 0.000383303762646, -0.00065863825148, 0.000159081959282, -0.00098627700936, 0.000184433592949, -0.000490279518999, 0.00073279463686], [0.00025149655994, 0.00583283556625, -0.00328383175656, 0.00434104306623, -0.00379416532815, 0.0032873195596, -0.00417225714773, 0.00363772944547, -0.00387496035546, 0.00350805395283, -0.00583817763254, 0.00428311200812, -0.004110426642], [0.00052853312809, -0.00328383175656, 0.0062305778265, -0.00574438925833, 0.00348608498462, -0.00464795297012, 0.00357145653106, -0.00321133201942, 0.00317102111876, -0.00433967122808, 0.00474294880405, -0.00533232791349, 0.00408569956198], [-0.00021029477648, 0.00434104306623, -0.00574438925833, 0.00897989980876, -0.00457892986014, 0.00550136668608, -0.00368759967387, 0.00274761277251, -0.0045518646948, 0.00438019214198, -0.00427579088137, 0.00503604440019, -0.00606640754268], [0.000577350554522, -0.00379416532815, 0.00348608498462, -0.00457892986014, 0.00672519113868, -0.0029303454794, 0.00202224799432, -0.00400473130867, 0.00244191195816, -0.00277665443718, 0.00491466047242, -0.00489770341665, 0.00201300764456], [-0.000564281886909, 0.0032873195596, -0.00464795297012, 0.00550136668608, -0.0029303454794, 0.00763977179304, -0.00390303856693, 0.000535115890671, -0.00199828972109, 0.00275530107319, -0.00497725605965, 0.00549970706925, -0.00349399866536], [0.000383303762646, -0.00417225714773, 0.00357145653106, -0.00368759967387, 0.00202224799432, -0.00390303856693, 0.00776614993811, -0.0020910629537, 0.00235123978928, -0.00322869489901, 0.00347081338987, -0.00417135609314, 0.00426680408418], [-0.00065863825148, 0.00363772944547, -0.00321133201942, 0.00274761277251, -0.00400473130867, 0.000535115890671, -0.0020910629537, 0.0111678633839, -0.00514707574621, 0.00121831998695, -0.00296194758266, 0.000702145451214, -0.00254526827484], [0.000159081959282, -0.00387496035546, 0.00317102111876, -0.0045518646948, 0.00244191195816, -0.00199828972109, 0.00235123978928, -0.00514707574621, 0.0105564324185, -0.00374422431923, 0.00142564729322, -0.000272138859145, 0.00188545417041], [-0.00098627700936, 0.00350805395283, -0.00433967122808, 0.00438019214198, -0.00277665443718, 0.00275530107319, -0.00322869489901, 0.00121831998695, -0.00374422431923, 0.0124478824437, -0.00378647772595, 0.00278782704845, -0.00353409023955], [0.000184433592949, -0.00583817763254, 0.00474294880405, -0.00427579088137, 0.00491466047242, -0.00497725605965, 0.00347081338987, -0.00296194758266, 0.00142564729322, -0.00378647772595, 0.0149071067572, -0.00711498968303, 0.00236521312036], [-0.000490279518999, 0.00428311200812, -0.00533232791349, 0.00503604440019, -0.00489770341665, 0.00549970706925, -0.00417135609314, 0.000702145451214, -0.000272138859145, 0.00278782704845, -0.00711498968303, 0.0151655208319, -0.00522361882031], [0.00073279463686, -0.004110426642, 0.00408569956198, -0.00606640754268, 0.00201300764456, -0.00349399866536, 0.00426680408418, -0.00254526827484, 0.00188545417041, -0.00353409023955, 0.00236521312036, -0.00522361882031, 0.0165138803422]]
    },
    "melbands": {
        "dmean": [0.000505694362801, 0.000376846408471, 0.000700681179296, 0.000485373922857, 0.00018615956651, 0.000309358583763, 0.000164561366546, 0.000174736313056, 0.000167618854903, 0.000186373814358, 6.3646795752e-05, 6.19213969912e-05, 0.000116843315482, 5.03761657455e-05, 2.93036719086e-05, 3.30215334543e-05, 2.44441907853e-05, 4.16108705394e-05, 3.14110511681e-05, 2.93301454803e-05, 2.38875927607e-05, 2.66296665359e-05, 3.41515478794e-05, 2.25969615713e-05, 9.41733742366e-06, 5.80420191909e-06, 6.88765612722e-06, 6.97216682966e-06, 6.27694544164e-06, 3.89753449781e-06, 3.6373119201e-06, 3.27174620907e-06, 5.21508945894e-06, 3.62582227353e-06, 1.8728625264e-06, 2.01804186872e-06, 1.51951098815e-06, 1.05747733414e-06, 6.78391359088e-07, 5.22109473877e-07],
        "dmean2": [0.000737966853194, 0.000639219942968, 0.00125604937784, 0.00082725629909, 0.000304464105284, 0.000470126571599, 0.000273494952125, 0.00027321948437, 0.000266715534963, 0.000299893436022, 0.000102201156551, 9.80169861577e-05, 0.000191733051906, 8.38751366246e-05, 4.89867925353e-05, 5.56432278245e-05, 3.95717397623e-05, 6.34508251096e-05, 4.86892568006e-05, 4.36355621787e-05, 3.60478406947e-05, 4.05908031098e-05, 5.01466711285e-05, 3.34990181727e-05, 1.40925349115e-05, 8.76834656083e-06, 1.03629699879e-05, 1.05566132333e-05, 9.49163495534e-06, 5.75266403757e-06, 5.21531592312e-06, 5.10337576998e-06, 8.31926445244e-06, 5.61300657864e-06, 2.84815928353e-06, 3.09950064548e-06, 2.28877456721e-06, 1.59034186709e-06, 1.03138029317e-06, 7.99106885552e-07],
        "dvar": [1.31379306367e-06, 9.45968452015e-07, 1.63265099218e-06, 7.16086674402e-07, 7.01234412759e-08, 3.97742269342e-07, 1.16151149143e-07, 1.02626707132e-07, 1.21483225257e-07, 3.69885867713e-07, 1.47320387001e-08, 1.46943426316e-08, 6.54558789392e-08, 1.6400006686e-08, 4.02371469477e-09, 4.1514933713e-09, 2.34450414638e-09, 9.31646670921e-09, 6.86267265237e-09, 6.54904663833e-09, 2.0086610153e-09, 1.9716568378e-09, 3.78566733517e-09, 1.78676029527e-09, 2.24158386297e-10, 1.14982239008e-10, 1.7577758693e-10, 1.22696144911e-10, 1.37651778864e-10, 5.13558119641e-11, 6.36406274901e-11, 4.45585512932e-11, 1.68933908529e-10, 5.70950127454e-11, 1.69884731283e-11, 2.59681182807e-11, 1.10887575164e-11, 5.69169017473e-12, 2.45830916387e-12, 1.23907741706e-12],
        "dvar2": [2.87581588054e-06, 2.51969572673e-06, 4.56070165455e-06, 1.82020539796e-06, 1.62750438903e-07, 8.48845047585e-07, 2.94379077559e-07, 2.14970654611e-07, 2.86953394379e-07, 9.26350878672e-07, 3.49838060743e-08, 3.50177842279e-08, 1.80677403705e-07, 4.39777068095e-08, 1.05475796985e-08, 1.09794804359e-08, 5.73507241697e-09, 1.85496560334e-08, 1.5395524855e-08, 1.28425670098e-08, 4.371386364e-09, 4.90090057426e-09, 7.26457116684e-09, 3.56164053805e-09, 4.70545657993e-10, 2.66940802796e-10, 2.85010043344e-10, 2.59867599661e-10, 3.0235491888e-10, 1.01252325968e-10, 1.36168520903e-10, 1.0827717889e-10, 4.45934289495e-10, 1.45302769816e-10, 3.62019997313e-11, 5.36611380331e-11, 2.42308534348e-11, 1.27079579498e-11, 5.41305542057e-12, 2.71020814298e-12],
        "max": [0.00898323953152, 0.0102062784135, 0.00913440436125, 0.00598533824086, 0.00366968242452, 0.0137261329219, 0.00372259854339, 0.00484554190189, 0.00593617139384, 0.012334886007, 0.00201944075525, 0.00236865924671, 0.00435050809756, 0.00256762816571, 0.000886720838025, 0.000672613445204, 0.000891442410648, 0.00174265867099, 0.00105547532439, 0.00156429421622, 0.000630129128695, 0.000561797642149, 0.0010755219264, 0.000579171872232, 0.000199970032554, 0.000204129639314, 0.000370135850972, 0.000148017075844, 0.000157575574121, 0.000103600992588, 0.000147276994539, 9.54653223744e-05, 0.000208731740713, 9.51614201767e-05, 7.1861584729e-05, 7.86985692685e-05, 4.43978133262e-05, 3.61785350833e-05, 2.45144219662e-05, 1.72388990904e-05],
        "mean": [0.000583667482715, 0.000367132917745, 0.000727320613805, 0.000621034705546, 0.000369219400454, 0.000479624053696, 0.000208778612432, 0.000265142123681, 0.000219580630073, 0.00026705901837, 0.000100552701042, 0.000100064360595, 0.000171657186002, 7.23588091205e-05, 4.67397512693e-05, 5.3255345847e-05, 4.06844555982e-05, 7.09905070835e-05, 4.74047592434e-05, 4.72329375043e-05, 4.36794143752e-05, 5.11232174176e-05, 6.86475905241e-05, 4.15756076109e-05, 1.77321107913e-05, 9.992168998e-06, 1.13981377581e-05, 1.17162771858e-05, 8.89892362466e-06, 5.61949036637e-06, 4.75061506222e-06, 4.26462565883e-06, 5.83147721045e-06, 4.3273562369e-06, 2.38549750975e-06, 2.34911090047e-06, 1.84571149475e-06, 1.17689342005e-06, 7.41958217532e-07, 5.63661842534e-07],
        "median": [3.02381886286e-05, 0.000120326469187, 0.000348644738551, 0.000330139242578, 0.000248483906034, 0.000181620154763, 7.1945192758e-05, 7.06307619112e-05, 4.99918314745e-05, 5.40746150364e-05, 4.58576650999e-05, 4.03606536565e-05, 5.40634100616e-05, 1.42233611768e-05, 1.81897830771e-05, 1.51075464601e-05, 1.3094062524e-05, 1.61631360243e-05, 1.1664734302e-05, 1.38407995109e-05, 1.56300211529e-05, 2.75383263215e-05, 2.8013750125e-05, 1.7639807993e-05, 8.6597929112e-06, 5.21892025063e-06, 5.73369334234e-06, 5.51299899598e-06, 3.45076432495e-06, 1.80617416845e-06, 1.44805301261e-06, 1.55283203185e-06, 1.90707885395e-06, 1.29882448618e-06, 6.65267805289e-07, 5.29368207935e-07, 4.48497786465e-07, 2.44083850021e-07, 1.36705381237e-07, 1.07926624082e-07],
        "min": [6.9564713101e-08, 7.72761836743e-07, 3.66476206182e-06, 7.56412055125e-06, 5.15995498063e-06, 2.49471759162e-06, 4.147583752e-07, 1.27647538761e-07, 3.57840775678e-07, 2.37998051489e-07, 1.08311091651e-07, 1.02816926528e-07, 7.26625160041e-08, 9.88750983311e-08, 7.15921828487e-08, 7.82857725312e-08, 1.1402790534e-07, 1.46114359723e-07, 1.6545632775e-07, 1.65947838582e-07, 1.12006532049e-07, 4.07589425322e-07, 2.30998907114e-07, 1.0969264963e-07, 9.68201803175e-08, 5.42564251305e-08, 1.11762929578e-07, 2.96795281685e-08, 6.8697211475e-08, 1.92402591637e-08, 2.9276903124e-09, 9.74108438356e-09, 1.47034215914e-08, 3.12058467955e-09, 3.80514481035e-10, 2.58488265514e-11, 3.69804794426e-12, 3.75937779171e-13, 2.81768179752e-13, 2.87139696785e-14],
