{
"highlevel": {
    "danceability": {
        "all": {
            "danceable": 0.966376960278,
            "not_danceable": 0.0336230657995
        },
        "probability": 0.966376960278,
        "value": "danceable"
    },
    "gender": {
        "all": {
            "female": 0.110045954585,
            "male": 0.889954030514
        },
        "probability": 0.889954030514,
        "value": "male"
    },
    "genre_dortmund": {
        "all": {
            "alternative": 0.118878304958,
            "blues": 0.0972389280796,
            "electronic": 0.283844679594,
            "folkcountry": 0.0187757089734,
            "funksoulrnb": 0.0103459134698,
            "jazz": 0.18907558918,
            "pop": 0.021665899083,
            "raphiphop": 0.0195175353438,
            "rock": 0.240657448769
        },
        "probability": 0.283844679594,
        "value": "electronic"
    },
    "genre_electronic": {
        "all": {
            "ambient": 0.162544667721,
            "dnb": 0.725103378296,
            "house": 0.0528289228678,
            "techno": 0.0212087649852,
            "trance": 0.0383142754436
        },
        "probability": 0.725103378296,
        "value": "dnb"
    },
    "genre_rosamerica": {
        "all": {
            "cla": 0.010189476423,
            "dan": 0.185437902808,
            "hip": 0.18812802434,
            "jaz": 0.0140142031014,
            "pop": 0.0787555724382,
            "rhy": 0.0217987038195,
            "roc": 0.478699296713,
            "spe": 0.0229768101126
        },
        "probability": 0.478699296713,
        "value": "roc"
    },
    "genre_tzanetakis": {
        "all": {
            "blu": 0.0626541376114,
            "cla": 0.0348133966327,
            "cou": 0.0783501937985,
            "dis": 0.104547761381,
            "hip": 0.15693578124,
            "jaz": 0.313987255096,
            "met": 0.044816005975,
            "pop": 0.0627349764109,
            "reg": 0.0627352520823,
            "roc": 0.0784252434969
        },
        "probability": 0.313987255096,
        "value": "jaz"
    },
    "ismir04_rhythm": {
        "all": {
            "ChaChaCha": 0.0522257350385,
            "Jive": 0.149660304189,
            "Quickstep": 0.0514785386622,
            "Rumba-American": 0.00905891321599,
            "Rumba-International": 0.00929241999984,
            "Rumba-Misc": 0.00472605973482,
            "Samba": 0.710928380489,
            "Tango": 0.00637565320358,
            "VienneseWaltz": 0.00438430393115,
            "Waltz": 0.00186972040683
        },
        "probability": 0.710928380489,
        "value": "Samba"
    },
    "mood_acoustic": {
        "all": {
            "acoustic": 0.00546559086069,
            "not_acoustic": 0.994534432888
        },
        "probability": 0.994534432888,
        "value": "not_acoustic"
    },
    "mood_aggressive": {
        "all": {
            "aggressive": 0.718912959099,
            "not_aggressive": 0.281087011099
        },
        "probability": 0.718912959099,
        "value": "aggressive"
    },
    "mood_electronic": {
        "all": {
            "electronic": 0.874881625175,
            "not_electronic": 0.125118359923
        },
        "probability": 0.874881625175,
        "value": "electronic"
    },
    "mood_happy": {
        "all": {
            "happy": 0.0430068261921,
            "not_happy": 0.956993162632
        },
        "probability": 0.956993162632,
        "value": "not_happy"
    },
    "mood_party": {
        "all": {
            "not_party": 0.361982941628,
            "party": 0.638017058372
        },
        "probability": 0.638017058372,
        "value": "party"
    },
    "mood_relaxed": {
        "all": {
            "not_relaxed": 0.936456084251,
            "relaxed": 0.0635439008474
        },
        "probability": 0.936456084251,
        "value": "not_relaxed"
    },
    "mood_sad": {
        "all": {
            "not_sad": 0.888644397259,
            "sad": 0.11135558784
        },
        "probability": 0.888644397259,
        "value": "not_sad"
    },
    "moods_mirex": {
        "all": {
            "Cluster1": 0.498387545347,
            "Cluster2": 0.0488180108368,
            "Cluster3": 0.0616671033204,
            "Cluster4": 0.0147636244074,
            "Cluster5": 0.376363694668
        },
        "probability": 0.498387545347,
        "value": "Cluster1"
    },
    "timbre": {
        "all": {
            "bright": 0.305173426867,
            "dark": 0.694826602936
        },
        "probability": 0.694826602936,
        "value": "dark"
    },
    "tonal_atonal": {
        "all": {
            "atonal": 0.0267660412937,
            "tonal": 0.973233938217
        },
        "probability": 0.973233938217,
        "value": "tonal"
    },
    "voice_instrumental": {
        "all": {
            "instrumental": 0.994118869305,
            "voice": 0.00588115351275
        },
        "probability": 0.994118869305,
        "value": "instrumental"
    }
},
"lowlevel": {
    "average_loudness": 0.972636580467,
    "barkbands_crest": {
        "dmean": 3.49271535873,
        "dmean2": 5.43116950989,
        "dvar": 7.6910610199,
        "dvar2": 16.7697467804,
        "max": 23.2840652466,
        "mean": 12.389623642,
        "median": 11.976433754,
        "min": 3.62154960632,
        "var": 16.9619083405
    },
    "barkbands_flatness_db": {
        "dmean": 0.03769518435,
        "dmean2": 0.0555873736739,
        "dvar": 0.00114320544526,
        "dvar2": 0.00232351454906,
        "max": 0.403920203447,
        "mean": 0.172974169254,
        "median": 0.168919101357,
        "min": 0.0716291740537,
        "var": 0.00258775032125
    },
    "barkbands_kurtosis": {
        "dmean": 6.60730171204,
        "dmean2": 10.1260299683,
        "dvar": 97.2954101562,
        "dvar2": 219.606506348,
        "max": 144.725128174,
        "mean": 8.53463935852,
        "median": 4.23206329346,
        "min": -1.87331879139,
        "var": 165.555496216
    },
    "barkbands_skewness": {
        "dmean": 0.893485367298,
        "dmean2": 1.34565448761,
        "dvar": 0.694342374802,
        "dvar2": 1.55543386936,
        "max": 10.2554502487,
        "mean": 2.42301440239,
        "median": 2.1610763073,
        "min": -0.616258084774,
        "var": 1.88667058945
    },
    "barkbands_spread": {
        "dmean": 7.72588682175,
        "dmean2": 11.9143886566,
        "dvar": 50.0894432068,
        "dvar2": 108.960220337,
        "max": 52.3737220764,
        "mean": 21.1532287598,
        "median": 20.1293907166,
        "min": 1.05009889603,
        "var": 134.062149048
    },
    "dissonance": {
        "dmean": 0.015157641843,
        "dmean2": 0.0256682019681,
        "dvar": 0.000192570514628,
        "dvar2": 0.00050425354857,
        "max": 0.499635666609,
        "mean": 0.474980920553,
        "median": 0.479106336832,
        "min": 0.348709613085,
        "var": 0.000315705983667
    },
    "dynamic_complexity": 1.50622332096,
    "erbbands_crest": {
        "dmean": 2.99026536942,
        "dmean2": 4.62439823151,
        "dvar": 8.56122684479,
        "dvar2": 17.2139148712,
        "max": 32.5028915405,
        "mean": 8.23555469513,
        "median": 6.93073129654,
        "min": 2.30436205864,
        "var": 22.0379695892
    },
    "erbbands_flatness_db": {
        "dmean": 0.0211498271674,
        "dmean2": 0.028958555311,
        "dvar": 0.00035473619937,
        "dvar2": 0.000605217472184,
        "max": 0.292071402073,
        "mean": 0.144901052117,
        "median": 0.1396625489,
        "min": 0.0788135156035,
        "var": 0.00107456697151
    },
    "erbbands_kurtosis": {
        "dmean": 1.14956355095,
        "dmean2": 1.73778033257,
        "dvar": 3.8427696228,
        "dvar2": 7.9616060257,
        "max": 36.6281166077,
        "mean": 0.26698589325,
        "median": -0.473423719406,
        "min": -1.68089449406,
        "var": 6.76028585434
    },
    "erbbands_skewness": {
        "dmean": 0.469733834267,
        "dmean2": 0.66095417738,
        "dvar": 0.167718008161,
        "dvar2": 0.299520134926,
        "max": 3.08877086639,
        "mean": -0.110508859158,
        "median": -0.138862341642,
        "min": -4.11452293396,
        "var": 0.788645625114
    },
    "erbbands_spread": {
        "dmean": 12.2112493515,
        "dmean2": 17.8794231415,
        "dvar": 98.7888793945,
        "dvar2": 199.152587891,
        "max": 119.623306274,
        "mean": 49.3392066956,
        "median": 48.2314414978,
        "min": 4.37194108963,
        "var": 355.214385986
    },
    "hfc": {
        "dmean": 10.1355628967,
        "dmean2": 14.7160749435,
        "dvar": 140.077896118,
        "dvar2": 285.171234131,
        "max": 95.4475097656,
        "mean": 21.8071975708,
        "median": 17.9290714264,
        "min": 1.26507544518,
        "var": 249.873809814
    },
    "melbands_crest": {
        "dmean": 4.22643756866,
        "dmean2": 6.70379590988,
        "dvar": 11.2709951401,
        "dvar2": 26.4810886383,
        "max": 30.814371109,
        "mean": 17.9250602722,
        "median": 17.5861549377,
        "min": 5.9472117424,
        "var": 23.3278827667
    },
    "melbands_flatness_db": {
        "dmean": 0.0453150868416,
        "dmean2": 0.066263332963,
        "dvar": 0.0017461925745,
        "dvar2": 0.00358056253754,
        "max": 0.520456016064,
        "mean": 0.236872017384,
        "median": 0.232241600752,
        "min": 0.0888613834977,
        "var": 0.0040647238493
    },
    "melbands_kurtosis": {
        "dmean": 16.8908348083,
        "dmean2": 26.238286972,
        "dvar": 518.08984375,
        "dvar2": 1191.44934082,
        "max": 275.292877197,
        "mean": 27.9748954773,
        "median": 18.5296936035,
        "min": -1.4792766571,
        "var": 942.215393066
    },
    "melbands_skewness": {
        "dmean": 1.23992621899,
        "dmean2": 1.87429940701,
        "dvar": 1.18535447121,
        "dvar2": 2.78702020645,
        "max": 12.6123876572,
        "mean": 4.13493680954,
        "median": 3.84173989296,
        "min": 0.508052289486,
        "var": 3.29667520523
    },
    "melbands_spread": {
        "dmean": 7.67451429367,
        "dmean2": 11.863904953,
        "dvar": 56.0361785889,
        "dvar2": 125.777580261,
        "max": 74.223991394,
        "mean": 16.6093997955,
        "median": 13.8791837692,
        "min": 0.85042566061,
        "var": 141.509750366
    },
    "pitch_salience": {
        "dmean": 0.109162844718,
        "dmean2": 0.171096533537,
        "dvar": 0.00783811789006,
        "dvar2": 0.0179107561707,
        "max": 0.807846903801,
        "mean": 0.471494406462,
        "median": 0.463432997465,
        "min": 0.157292127609,
        "var": 0.0144636286423
    },
    "silence_rate_20dB": {
        "dmean": 0,
        "dmean2": 0,
        "dvar": 0,
        "dvar2": 0,
        "max": 1,
        "mean": 1,
        "median": 1,
        "min": 1,
        "var": 0
    },
    "silence_rate_30dB": {
        "dmean": 0.0201238393784,
        "dmean2": 0.0402788519859,
        "dvar": 0.0197187326849,
        "dvar2": 0.0525993555784,
        "max": 1,
        "mean": 0.98530548811,
        "median": 1,
        "min": 0,
        "var": 0.0144782988355
    },
    "silence_rate_60dB": {
        "dmean": 0,
        "dmean2": 0,
        "dvar": 0,
        "dvar2": 0,
        "max": 0,
        "mean": 0,
        "median": 0,
        "min": 0,
        "var": 0
    },
    "spectral_centroid": {
        "dmean": 334.184997559,
        "dmean2": 520.770935059,
        "dvar": 96054.140625,
        "dvar2": 221016.46875,
        "max": 2858.19262695,
        "mean": 1360.43237305,
        "median": 1382.74780273,
        "min": 202.972000122,
        "var": 281421
    },
    "spectral_complexity": {
        "dmean": 7.89628505707,
        "dmean2": 11.3144845963,
        "dvar": 64.631690979,
        "dvar2": 122.488235474,
        "max": 59,
        "mean": 20.8940448761,
        "median": 19,
        "min": 2,
        "var": 136.241668701
    },
    "spectral_decrease": {
        "dmean": 4.72685712793e-09,
        "dmean2": 7.21500459377e-09,
        "dvar": 1.94151680932e-17,
        "dvar2": 4.71409999483e-17,
        "max": -1.37604772021e-09,
        "mean": -1.19956062861e-08,
        "median": -1.06383071241e-08,
        "min": -4.54931630145e-08,
        "var": 3.80380394346e-17
    },
    "spectral_energy": {
        "dmean": 0.0184076614678,
        "dmean2": 0.0280492305756,
        "dvar": 0.000295336649287,
        "dvar2": 0.000709562445991,
        "max": 0.17776620388,
        "mean": 0.0472521744668,
        "median": 0.0417913533747,
        "min": 0.00541244633496,
        "var": 0.000578842009418
    },
    "spectral_energyband_high": {
        "dmean": 0.000685025530402,
        "dmean2": 0.000932527938858,
        "dvar": 6.19496631771e-07,
        "dvar2": 1.1417952237e-06,
        "max": 0.00696323765442,
        "mean": 0.00097781966906,
        "median": 0.000577279657591,
        "min": 6.11057339484e-06,
        "var": 1.1507012232e-06
    },
    "spectral_energyband_low": {
        "dmean": 0.0151617862284,
        "dmean2": 0.0231842398643,
        "dvar": 0.000222795351874,
        "dvar2": 0.000553980527911,
        "max": 0.160670310259,
        "mean": 0.0307864006609,
        "median": 0.0255552846938,
        "min": 0.00132814189419,
        "var": 0.000405947503168
    },
    "spectral_energyband_middle_high": {
        "dmean": 0.00273551838472,
        "dmean2": 0.00418231496587,
        "dvar": 1.0744985957e-05,
        "dvar2": 2.36875912378e-05,
        "max": 0.0292789153755,
        "mean": 0.00529697258025,
        "median": 0.00404146593064,
        "min": 5.02079892613e-05,
        "var": 2.3105292712e-05
    },
    "spectral_energyband_middle_low": {
        "dmean": 0.00655621988699,
        "dmean2": 0.0105927698314,
        "dvar": 7.86654345575e-05,
        "dvar2": 0.000194389809621,
        "max": 0.0773282200098,
        "mean": 0.0111721260473,
        "median": 0.00812818109989,
        "min": 0.000545695365872,
        "var": 9.8173157312e-05
    },
    "spectral_entropy": {
        "dmean": 0.211141914129,
        "dmean2": 0.300886690617,
        "dvar": 0.0413501895964,
        "dvar2": 0.0849985852838,
        "max": 8.22219562531,
        "mean": 7.67002630234,
        "median": 7.70386171341,
        "min": 5.99706840515,
        "var": 0.0936554670334
    },
    "spectral_flux": {
        "dmean": 0.0360116623342,
        "dmean2": 0.0576682239771,
        "dvar": 0.00101506814826,
        "dvar2": 0.00220911437646,
        "max": 0.300844699144,
        "mean": 0.115280114114,
        "median": 0.107449762523,
        "min": 0.0226183626801,
        "var": 0.00200774194673
    },
    "spectral_kurtosis": {
        "dmean": 1.40650439262,
        "dmean2": 2.35091471672,
        "dvar": 2.1858394146,
        "dvar2": 5.77560758591,
        "max": 14.1133575439,
        "mean": 2.63258290291,
        "median": 2.30869102478,
        "min": -0.026004076004,
        "var": 2.8218164444
    },
    "spectral_rms": {
        "dmean": 0.00131740607321,
        "dmean2": 0.00198469660245,
        "dvar": 1.22914059375e-06,
        "dvar2": 2.87103580376e-06,
        "max": 0.0131692988798,
        "mean": 0.0065823760815,
        "median": 0.00638529937714,
        "min": 0.00229791970924,
        "var": 2.77201365861e-06
    },
    "spectral_rolloff": {
        "dmean": 504.71295166,
        "dmean2": 856.841796875,
        "dvar": 370297.5625,
        "dvar2": 857041.125,
        "max": 4435.83984375,
        "mean": 865.940917969,
        "median": 516.796875,
        "min": 86.1328125,
        "var": 600835.8125
    },
    "spectral_skewness": {
        "dmean": 0.220804199576,
        "dmean2": 0.355084776878,
        "dvar": 0.047357223928,
        "dvar2": 0.113040864468,
        "max": 3.24203228951,
        "mean": 1.11654567719,
        "median": 1.07910013199,
        "min": 0.276809990406,
        "var": 0.0807529985905
    },
    "spectral_spread": {
        "dmean": 522159.75,
        "dmean2": 732390.6875,
        "dvar": 212180090880,
        "dvar2": 396678037504,
        "max": 8891366,
        "mean": 4190611,
        "median": 4167454.5,
        "min": 2238139.25,
        "var": 603715207168
    },
    "spectral_strongpeak": {
        "dmean": 0.337780803442,
        "dmean2": 0.595617830753,
        "dvar": 0.723729014397,
        "dvar2": 1.64433717728,
        "max": 11.5399131775,
        "mean": 0.499640882015,
        "median": 0.330067366362,
        "min": 0,
        "var": 0.724896669388
    },
    "zerocrossingrate": {
        "dmean": 0.0111280502751,
        "dmean2": 0.0132698277012,
        "dvar": 7.26729776943e-05,
        "dvar2": 0.000110934517579,
        "max": 0.10546875,
        "mean": 0.0423071347177,
        "median": 0.04052734375,
        "min": 0.00390625,
        "var": 0.000309726281557
    },
    "barkbands": {
        "dmean": [0.000382389116567, 0.0106494193897, 0.0074659944512, 0.00147336523514, 0.00356663344428, 0.00134766893461, 0.000980208395049, 0.000657914555632, 0.000592435535509, 0.000655260460917, 0.000282955355942, 0.000303217675537, 0.000223377748625, 0.000211101243622, 0.000455153582152, 0.000769178033806, 0.000520858389791, 0.00038113584742, 0.000214768908336, 0.000168475220562, 0.000195429645828, 0.00028280337574, 0.000114899055916, 3.58515499101e-05, 2.42804017034e-05, 7.47614012653e-06, 7.78646747079e-09],
        "dmean2": [0.000564651214518, 0.0155760440975, 0.0126079423353, 0.00255430280231, 0.00606241216883, 0.0021505204495, 0.0016738655977, 0.00105366273783, 0.000937126926146, 0.000998110393994, 0.000467822130304, 0.000497758737765, 0.00036702878424, 0.000345204374753, 0.000720266310964, 0.00116793962661, 0.000840521068312, 0.000629700312857, 0.000345882785041, 0.000255106861005, 0.000287693575956, 0.000398737756768, 0.000165385514265, 5.16833388247e-05, 3.50225200236e-05, 1.09868433356e-05, 1.29248309833e-08],
        "dvar": [2.82231098936e-07, 0.00013021104678, 8.23935552035e-05, 7.52683172323e-06, 2.51352885243e-05, 3.67283610103e-06, 4.33142577094e-06, 2.61555032921e-06, 9.78376533567e-07, 1.51565564011e-06, 3.66750867897e-07, 2.04193966624e-07, 1.7775954575e-07, 1.55056739004e-07, 4.62054742911e-07, 1.55679413183e-06, 6.51894140447e-07, 3.59182763532e-07, 1.11027297578e-07, 5.43373914752e-08, 6.60778596284e-08, 1.01462305224e-07, 2.01366905372e-08, 3.52643803048e-09, 2.59354093757e-09, 1.78045120314e-10, 4.79138628526e-15],
        "dvar2": [5.5501652696e-07, 0.000305545749143, 0.000234676437685, 1.94242948055e-05, 6.67609419907e-05, 8.14552731754e-06, 1.07935884444e-05, 5.93986351305e-06, 2.32405864153e-06, 3.10467089548e-06, 8.57450061176e-07, 5.07021184148e-07, 4.39912128058e-07, 3.91581181702e-07, 1.00012573512e-06, 3.37724145538e-06, 1.59168962455e-06, 9.52896186845e-07, 2.72601909046e-07, 1.11763938548e-07, 1.36609813239e-07, 2.08377201716e-07, 4.1016498642e-08, 8.28210922066e-09, 6.18746032188e-09, 4.10953299168e-10, 6.22208634306e-15],
        "max": [0.010052440688, 0.114200271666, 0.0920490026474, 0.027662396431, 0.0407534316182, 0.0193032361567, 0.034914508462, 0.0170322488993, 0.00933380797505, 0.0156024862081, 0.01019954402, 0.00444467226043, 0.00577327562496, 0.00519342301413, 0.0072551202029, 0.0156123554334, 0.00771016115323, 0.00632973015308, 0.00398990884423, 0.00218220520765, 0.00211800122634, 0.00262840930372, 0.00128381198738, 0.0010267716134, 0.000863870372996, 0.000184499527677, 2.27927171181e-06],
        "mean": [0.000662744860165, 0.019476654008, 0.00972397811711, 0.00149181415327, 0.00483636278659, 0.00192423560657, 0.00132828124333, 0.000761519069783, 0.000737096066587, 0.000846037000883, 0.000304120476358, 0.00035460255458, 0.000237714411924, 0.000251615652815, 0.000645290769171, 0.00110016926192, 0.000677666801494, 0.000504303956404, 0.000291448697681, 0.000238928769249, 0.000275102182059, 0.000357437500497, 0.000145627360325, 4.4579810492e-05, 2.72037614195e-05, 7.67090750742e-06, 5.79765258024e-09],
        "median": [0.000480667978991, 0.0151694808155, 0.00659735035151, 0.00046594068408, 0.00315685733221, 0.000816967163701, 0.00054857210489, 0.000289372634143, 0.000303849432385, 0.000289608113235, 9.51721667661e-05, 0.000158483861014, 0.000102226302261, 0.000125574631966, 0.000289083225653, 0.000451440020697, 0.000331639224896, 0.000288118026219, 0.000182913776371, 0.000139738622238, 0.000153678003699, 0.000200626047445, 7.46334553696e-05, 2.02548199013e-05, 9.65306844591e-06, 2.34816843658e-06, 8.78184136521e-10],
        "min": [1.49672757743e-06, 0.000252126919804, 0.000105351806269, 2.82591850009e-06, 0.000113682668598, 1.90226710401e-05, 5.05364641867e-06, 1.60128831794e-06, 3.56125087819e-06, 3.63601338904e-06, 5.44842237105e-07, 3.65362734556e-06, 2.08961364478e-06, 2.05807646125e-06, 2.28899261856e-06, 3.39763528245e-06, 3.07226491714e-06, 3.13209193337e-06, 1.9808851448e-06, 1.74143758613e-06, 1.4779028561e-06, 2.15236946133e-06, 8.81055882473e-07, 1.46526019762e-07, 6.71221123127e-09, 1.08125164378e-09, 1.00515281862e-11],
        "var": [4.66719342285e-07, 0.000226600357564, 9.82721467153e-05, 7.42957854527e-06, 2.69623433269e-05, 7.56510371502e-06, 5.68262066736e-06, 2.92310051009e-06, 1.32331092573e-06, 2.5584188279e-06, 4.2593597982e-07, 2.43628420549e-07, 1.69812665263e-07, 1.5623948002e-07, 9.01028215594e-07, 3.11952248921e-06, 9.33820160753e-07, 4.08811757779e-07, 1.2343937783e-07, 7.94342298605e-08, 1.03722392453e-07, 1.63085587701e-07, 3.32977734274e-08, 4.43215952828e-09, 2.71676259267e-09, 2.00566396824e-10, 4.47579959681e-15]
    },
    "erbbands": {
        "dmean": [0.408279925585, 2.2128534317, 7.43563842773, 6.36419200897, 8.56473064423, 12.2484312057, 14.1611566544, 9.62813663483, 15.0603094101, 11.0027570724, 16.7142124176, 15.2887573242, 10.0853128433, 25.6294593811, 9.856590271, 11.9141387939, 10.4306678772, 10.1100692749, 16.6278553009, 37.0088386536, 31.5654182434, 28.1755599976, 22.6252975464, 12.7999830246, 9.81366634369, 8.02661705017, 7.25630235672, 8.48630619049, 9.84219932556, 7.88246154785, 2.53023552895, 0.949089229107, 0.533263862133, 0.316225022078, 0.14355763793, 0.0475228391588, 0.011822162196, 0.000839160755277, 2.54198675975e-05, 2.16130811168e-05],
        "dmean2": [0.560401976109, 3.385866642, 12.3402061462, 10.8498420715, 14.9393997192, 20.6159515381, 24.0733528137, 15.1267232895, 25.0460643768, 18.3404045105, 26.3206729889, 24.1107673645, 15.6507034302, 39.1103134155, 15.8033094406, 19.6591854095, 17.0104217529, 16.4889850616, 26.9510307312, 56.1011619568, 48.7181167603, 44.96616745, 37.2608757019, 20.9245376587, 15.437787056, 12.1117944717, 10.8346576691, 12.4937295914, 14.0473527908, 11.084526062, 3.62928533554, 1.39521253109, 0.776778042316, 0.453959912062, 0.211575508118, 0.0691412687302, 0.0178770329803, 0.00134654971771, 3.78256445401e-05, 3.26225526806e-05],
        "dvar": [0.162554383278, 6.18884658813, 67.6487121582, 85.4060058594, 211.922866821, 308.085296631, 442.510253906, 227.227706909, 995.685180664, 382.804290771, 1780.74133301, 680.178100586, 231.173782349, 3093.33935547, 262.530548096, 306.532226562, 401.145721436, 299.749267578, 707.248718262, 5321.18164062, 2503.74487305, 1666.05493164, 1370.25244141, 350.202606201, 210.716644287, 126.778503418, 104.299438477, 122.83556366, 130.135864258, 72.0840682983, 10.7347726822, 2.36986804008, 0.697674810886, 0.390463471413, 0.0955950319767, 0.00781022291631, 0.000452384992968, 9.69389748207e-06, 3.41331318765e-09, 4.17206186265e-10],
        "dvar2": [0.340834021568, 15.7165174484, 189.710830688, 224.291397095, 598.172485352, 803.972961426, 1130.29663086, 496.229766846, 2311.33886719, 998.072692871, 4031.03442383, 1598.5065918, 491.930755615, 5858.70703125, 662.086547852, 773.928039551, 995.952758789, 740.28125, 1643.44177246, 10603.9990234, 5265.17529297, 4010.84741211, 3518.05419922, 891.545532227, 492.124359131, 270.052276611, 210.803985596, 260.96673584, 273.444671631, 141.400650024, 21.10389328, 5.43701410294, 1.56174981594, 0.906360983849, 0.232577800751, 0.017952542752, 0.00106843642425, 2.71953667834e-05, 9.00019436756e-09, 9.66613789011e-10],
        "max": [5.50673389435, 23.1209659576, 76.5422286987, 105.308509827, 156.543380737, 151.096237183, 188.544143677, 187.393051147, 530.440368652, 243.116134644, 430.279785156, 290.659515381, 138.937606812, 1064.9810791, 162.852111816, 222.544219971, 304.678985596, 193.837905884, 321.477600098, 1304.06555176, 596.277526855, 509.013244629, 416.641204834, 181.998794556, 170.532394409, 131.46295166, 90.1454696655, 80.3713531494, 90.3239746094, 72.2791442871, 34.2437820435, 25.8675746918, 13.0241985321, 11.3678703308, 5.38582515717, 1.25551044941, 0.338306903839, 0.0626071766019, 0.00114444387145, 0.000205183023354],
        "mean": [0.763028383255, 3.71835613251, 10.0714836121, 8.36855125427, 10.0507278442, 16.6724624634, 15.8204784393, 14.663690567, 23.0892219543, 13.819735527, 19.3626556396, 19.2780952454, 14.1299543381, 31.2796783447, 12.455780983, 13.8637809753, 11.7337970734, 12.4170618057, 23.6612129211, 54.7878227234, 48.2171020508, 38.8655395508, 30.4619407654, 17.8816509247, 13.847038269, 11.3931121826, 10.6521472931, 11.3858070374, 12.3872833252, 9.9576215744, 3.18634605408, 1.17238712311, 0.66725820303, 0.362425088882, 0.155894696712, 0.0499197766185, 0.0117666404694, 0.000757968111429, 4.24574536737e-05, 5.57917519473e-05],
        "median": [0.616210639477, 2.89168548584, 7.37981319427, 4.54310560226, 5.60618925095, 10.3804550171, 8.76638698578, 5.66033554077, 8.24831867218, 7.01463985443, 7.56490325928, 7.76127719879, 5.98647403717, 10.4772224426, 5.56556177139, 6.7042093277, 5.49401569366, 6.64831352234, 12.408870697, 21.8459091187, 24.8073635101, 20.6856403351, 17.2488040924, 11.5430622101, 8.39576721191, 6.73220586777, 6.12946414948, 6.12595081329, 6.74288225174, 5.81280088425, 1.52992808819, 0.55387532711, 0.292816132307, 0.123163498938, 0.0515653081238, 0.0158381145447, 0.00342149101198, 0.000178506990778, 2.97038623103e-05, 4.92054277856e-05],
        "min": [0.0112148569897, 0.0328846313059, 0.232618629932, 0.173467084765, 0.124758914113, 0.32613992691, 0.28465372324, 0.189631715417, 0.115308061242, 0.0857537686825, 0.202597856522, 0.0752848163247, 0.117679521441, 0.129985749722, 0.11423239857, 0.13744610548, 0.127259045839, 0.123393163085, 0.116344645619, 0.15879958868, 0.145589977503, 0.190957635641, 0.164877742529, 0.104855298996, 0.124149046838, 0.0729981437325, 0.0691665709019, 0.0576207190752, 0.0896334648132, 0.0891526713967, 0.0135468216613, 0.00816939026117, 0.0028336008545, 0.000369099521777, 7.05724887666e-05, 2.02642495424e-05, 1.11833996925e-05, 1.10824191779e-06, 2.79102232525e-06, 6.18877038505e-06],
        "var": [0.369599342346, 8.72090148926, 85.8350296021, 118.196899414, 182.706008911, 343.236175537, 418.341400146, 531.491760254, 1808.94433594, 399.69152832, 1980.81982422, 952.079772949, 435.234100342, 5214.05615234, 308.62713623, 344.656311035, 386.353607178, 316.586242676, 1085.8104248, 12160.6542969, 4444.19677734, 2754.2097168, 1577.92724609, 405.620361328, 259.903137207, 179.893569946, 163.463256836, 181.811248779, 204.183395386, 121.736541748, 18.3768253326, 3.12394714355, 0.924159944057, 0.441804379225, 0.0943089574575, 0.00875296071172, 0.000482875766465, 6.37395714875e-06, 2.827485579e-09, 8.11919143029e-10]
    },
    "gfcc": {
        "mean": [17.8185443878, 113.821273804, -117.012565613, 69.8385543823, -49.1368255615, 18.0989151001, -29.6642131805, 7.41951799393, -7.84386539459, -0.919785857201, -16.3360366821, 3.8723757267, -2.27326273918],
        "cov": [[2369.3762207, -775.963745117, -238.534957886, -162.433120728, -281.975799561, 173.252685547, -208.730621338, 155.68145752, -309.791015625, 108.837013245, -193.352157593, 100.541030884, -154.815002441], [-775.963745117, 526.932434082, 25.6981391907, 4.45975399017, 73.46534729, -120.025032043, 114.076217651, -95.8856964111, 141.801681519, -84.9744186401, 125.609931946, -78.4342193604, 71.1957244873], [-238.534957886, 25.6981391907, 422.781158447, 15.9599885941, -74.9854278564, -20.2919692993, 10.9220714569, -46.0563011169, -21.3703460693, 70.9178619385, 16.8216457367, 41.1597099304, -65.1376876831], [-162.433120728, 4.45975399017, 15.9599885941, 151.669754028, 56.7009353638, -8.89886665344, -12.7383823395, -32.533821106, 49.1616134644, -10.7669868469, 29.8505458832, -27.0627117157, 27.2643184662], [-281.975799561, 73.46534729, -74.9854278564, 56.7009353638, 209.394180298, 16.952583313, 28.3929595947, 8.15453338623, 60.9144935608, -46.1261138916, -14.356593132, -20.260723114, 56.9275360107], [173.252685547, -120.025032043, -20.2919692993, -8.89886665344, 16.952583313, 105.851875305, 17.0377616882, 39.562877655, -37.8136672974, -7.16400146484, -43.9747657776, 4.6933927536, -3.83583021164], [-208.730621338, 114.076217651, 10.9220714569, -12.7383823395, 28.3929595947, 17.0377616882, 125.475700378, 10.3696060181, 28.1664962769, -34.091381073, 13.6990404129, -6.92527723312, 20.9844970703], [155.68145752, -95.8856964111, -46.0563011169, -32.533821106, 8.15453338623, 39.562877655, 10.3696060181, 98.7937774658, -6.88704395294, 3.22925305367, -44.5477600098, -0.229506194592, 0.246652424335], [-309.791015625, 141.801681519, -21.3703460693, 49.1616134644, 60.9144935608, -37.8136672974, 28.1664962769, -6.88704395294, 125.669265747, -9.05265522003, 35.1636657715, -39.6278839111, 36.5765647888], [108.837013245, -84.9744186401, 70.9178619385, -10.7669868469, -46.1261138916, -7.16400146484, -34.091381073, 3.22925305367, -9.05265522003, 92.5029678345, 16.5136623383, 23.2130470276, -36.167175293], [-193.352157593, 125.609931946, 16.8216457367, 29.8505458832, -14.356593132, -43.9747657776, 13.6990404129, -44.5477600098, 35.1636657715, 16.5136623383, 115.373779297, -2.88151144981, 14.4167366028], [100.541030884, -78.4342193604, 41.1597099304, -27.0627117157, -20.260723114, 4.6933927536, -6.92527723312, -0.229506194592, -39.6278839111, 23.2130470276, -2.88151144981, 88.2446060181, -8.50450325012], [-154.815002441, 71.1957244873, -65.1376876831, 27.2643184662, 56.9275360107, -3.83583021164, 20.9844970703, 0.246652424335, 36.5765647888, -36.167175293, 14.4167366028, -8.50450325012, 94.5461807251]],
        "icov": [[0.00134681374766, 0.000314589386107, 0.00120225630235, -0.000242761743721, 0.0013828339288, -0.000901880499441, 0.00089127762476, -0.000674430397339, 0.00141152786091, -0.000872076605447, 0.000853106437717, -0.000493271858431, 0.000747355341446], [0.000314589386107, 0.0232629925013, -0.00575580308214, 0.0167266670614, -0.00571984332055, 0.0134725663811, -0.00910796131939, 0.0123175401241, -0.0117648737505, 0.0180709306151, -0.0160938296467, 0.014414797537, -0.00459665432572], [0.00120225630235, -0.00575580308214, 0.00620840676129, -0.00595525885001, 0.00353246740997, -0.00374648300931, 0.00118178525008, -0.00211783591658, 0.00462019443512, -0.00812992174178, 0.00616183504462, -0.00536392768845, 0.00344236684032], [-0.000242761743721, 0.0167266670614, -0.00595525885001, 0.0223648231477, -0.00669446121901, 0.00760202948004, -0.00356842181645, 0.0114270644262, -0.0118810608983, 0.0146622126922, -0.0141824726015, 0.0124554596841, -0.00495577696711], [0.0013828339288, -0.00571984332055, 0.00353246740997, -0.00669446121901, 0.010655994527, -0.00605992693454, 0.00272542587481, -0.00359734753147, 0.00124917563517, -0.00415954180062, 0.00714021502063, -0.00549645535648, 2.05944797926e-05], [-0.000901880499441, 0.0134725663811, -0.00374648300931, 0.00760202948004, -0.00605992693454, 0.0239342749119, -0.0100338766351, 0.0037903864868, -0.00182329420932, 0.00945612508804, -0.00671347044408, 0.00979277212173, -0.00333117111586], [0.00089127762476, -0.00910796131939, 0.00118178525008, -0.00356842181645, 0.00272542587481, -0.0100338766351, 0.0166880041361, -0.00724327983335, 0.00190145522356, -0.00166989513673, 0.00314263487235, -0.00672060530633, 0.00196995260194], [-0.000674430397339, 0.0123175401241, -0.00211783591658, 0.0114270644262, -0.00359734753147, 0.0037903864868, -0.00724327983335, 0.0228994674981, -0.00933137070388, 0.00623356783763, -0.00383743201382, 0.0083375107497, -0.00393675081432], [0.00141152786091, -0.0117648737505, 0.00462019443512, -0.0118810608983, 0.00124917563517, -0.00182329420932, 0.00190145522356, -0.00933137070388, 0.0238794125617, -0.0140900639817, 0.00781706813723, -0.00262167910114, 0.000500168418512], [-0.000872076605447, 0.0180709306151, -0.00812992174178, 0.0146622126922, -0.00415954180062, 0.00945612508804, -0.00166989513673, 0.00623356783763, -0.0140900639817, 0.0343611910939, -0.0185431577265, 0.00784838851541, 0.000506183190737], [0.000853106437717, -0.0160938296467, 0.00616183504462, -0.0141824726015, 0.00714021502063, -0.00671347044408, 0.00314263487235, -0.00383743201382, 0.00781706813723, -0.0185431577265, 0.0266864970326, -0.0108698233962, 0.00142736767884], [-0.000493271858431, 0.014414797537, -0.00536392768845, 0.0124554596841, -0.00549645535648, 0.00979277212173, -0.00672060530633, 0.0083375107497, -0.00262167910114, 0.00784838851541, -0.0108698233962, 0.0245752688497, -0.00588846858591], [0.000747355341446, -0.00459665432572, 0.00344236684032, -0.00495577696711, 2.05944797926e-05, -0.00333117111586, 0.00196995260194, -0.00393675081432, 0.000500168418512, 0.000506183190737, 0.00142736767884, -0.00588846858591, 0.0177410263568]]
    },
    "melbands": {
        "dmean": [0.00324745033868, 0.00322155095637, 0.00111473340075, 0.000807437172625, 0.000498722482007, 0.00023054961639, 0.000223276991164, 0.00011365316459, 0.000142886157846, 8.6831911176e-05, 5.11826874572e-05, 0.000108651445771, 3.35950244335e-05, 3.69375193259e-05, 2.57621450146e-05, 2.05739761441e-05, 1.96991459234e-05, 2.4186232622e-05, 3.92544316128e-05, 6.02698237344e-05, 3.64935476682e-05, 3.2058054785e-05, 2.84369452856e-05, 1.77070451173e-05, 1.03422380562e-05, 7.85358406574e-06, 6.77846401231e-06, 5.19352306583e-06, 4.63470541945e-06, 4.58057775177e-06, 5.3285125432e-06, 5.31988871444e-06, 6.13376960246e-06, 3.82270491173e-06, 1.63188281022e-06, 7.78463913775e-07, 5.03779574501e-07, 3.88904396686e-07, 3.57488943337e-07, 2.40331530676e-07],
        "dmean2": [0.00462391413748, 0.00525015965104, 0.00189831305761, 0.00137653329875, 0.00084514846094, 0.000360344507499, 0.000372092530597, 0.000188066187548, 0.000225864641834, 0.000137338691275, 8.03837101557e-05, 0.000165767676663, 5.49062424398e-05, 6.03829575994e-05, 4.25009493483e-05, 3.37821074936e-05, 3.20992148772e-05, 3.93295740651e-05, 6.13494848949e-05, 9.07611974981e-05, 5.78070175834e-05, 5.13864943059e-05, 4.64872537123e-05, 2.90760181088e-05, 1.70860039361e-05, 1.26259637909e-05, 1.05458484541e-05, 7.94030893303e-06, 7.08033894625e-06, 6.89660691933e-06, 8.02380236564e-06, 7.76062643126e-06, 8.92725529411e-06, 5.44808290215e-06, 2.43304748437e-06, 1.16020407859e-06, 7.55430846766e-07, 5.83856319736e-07, 5.23565461208e-07, 3.57364143611e-07],
        "dvar": [1.14347512863e-05, 1.15284892672e-05, 2.45058981818e-06, 1.27787257043e-06, 5.58636372716e-07, 1.30287247657e-07, 2.18805340069e-07, 3.90333454448e-08, 1.15881235274e-07, 2.20665974382e-08, 6.48818154758e-09, 5.3848339121e-08, 3.58766771846e-09, 3.16016812718e-09, 1.73467984421e-09, 1.37969491387e-09, 1.1848241277e-09, 1.57928936595e-09, 3.87843890337e-09, 1.24132535362e-08, 3.66819130626e-09, 2.54905563324e-09, 2.50305109972e-09, 1.02974218041e-09, 2.5357302369e-10, 1.32224162175e-10, 9.91819751328e-11, 5.53806132897e-11, 4.64438106029e-11, 4.04990450897e-11, 5.43353279037e-11, 4.06755289173e-11, 4.92103094385e-11, 1.84932624769e-11, 4.80529244867e-12, 1.54850915077e-12, 6.79869301048e-13, 3.67239360666e-13, 3.82938770754e-13, 2.69509132893e-13],
        "dvar2": [2.540227797e-05, 3.17124540743e-05, 6.42781515126e-06, 3.4448723909e-06, 1.42712872275e-06, 2.79466632946e-07, 5.12011752107e-07, 9.85651595897e-08, 2.66556043016e-07, 5.28421573165e-08, 1.40354252665e-08, 1.03081902125e-07, 8.80567530004e-09, 7.88188980749e-09, 4.51896564613e-09, 3.33698180199e-09, 2.95472002421e-09, 3.79414943907e-09, 7.95308530144e-09, 2.71932201201e-08, 8.2115976241e-09, 6.15065198772e-09, 6.43667563693e-09, 2.64769117742e-09, 6.50466180918e-10, 3.21044801854e-10, 2.23474114214e-10, 1.24107862876e-10, 9.85582448987e-11, 8.58033713524e-11, 1.23051749346e-10, 8.56654400194e-11, 1.03256785067e-10, 3.80632608765e-11, 9.92823791929e-12, 3.41589560457e-12, 1.61263960085e-12, 8.4563839221e-13, 8.7601128608e-13, 6.31890373359e-13],
        "max": [0.0395752601326, 0.0332957357168, 0.0157778467983, 0.0094405086711, 0.00674446672201, 0.00435480847955, 0.00774776749313, 0.00213505490683, 0.00326377875172, 0.00170541054104, 0.000738803297281, 0.00421190168709, 0.000700995442457, 0.000546980940271, 0.000486195669509, 0.000423071236582, 0.000398706266424, 0.000581628584769, 0.000906877568923, 0.00160354259424, 0.000671307556331, 0.000724838522729, 0.0005280727637, 0.000401646335376, 0.00015601128689, 0.000126064056531, 0.000116878967674, 8.38932828628e-05, 8.116884419e-05, 6.0794998717e-05, 6.76943163853e-05, 5.29544013261e-05, 5.80519517825e-05, 3.56371856469e-05, 2.04248026421e-05, 1.73081207322e-05, 1.44519535752e-05, 9.32390048547e-06, 8.89298098627e-06, 9.91366050584e-06],
        "mean": [0.00598694849759, 0.00506139639765, 0.0014951772755, 0.00106496701483, 0.000584175693803, 0.000351987138856, 0.000338973623002, 0.000141483003972, 0.000166445053765, 0.00010707788897, 6.89219523338e-05, 0.000132862929604, 3.94689523091e-05, 4.27258491982e-05, 2.86832564598e-05, 2.23805636779e-05, 2.3146652893e-05, 3.16464247589e-05, 5.66909839108e-05, 8.35668179207e-05, 4.96106804349e-05, 4.13031884818e-05, 3.38836289302e-05, 2.22260587179e-05, 1.34734000312e-05, 1.05331973828e-05, 9.09613390832e-06, 7.0567707553e-06, 6.53129154671e-06, 6.32963838143e-06, 6.73371869198e-06, 6.71352063364e-06, 7.2791567618e-06, 4.78373522128e-06, 1.94185236069e-06, 9.48284821334e-07, 5.95286451244e-07, 4.76271253547e-07, 4.10020078334e-07, 2.6723429869e-07],
        "median": [0.0047477260232, 0.00388172268867, 0.000903364503756, 0.000664436782245, 0.00033789940062, 0.000130415952299, 0.000127745486679, 6.65380430291e-05, 6.58605422359e-05, 4.19108037022e-05, 2.59380176431e-05, 4.2082319851e-05, 1.55166962941e-05, 1.98783054657e-05, 1.25695314637e-05, 1.04136679511e-05, 1.11670133265e-05, 1.60510280693e-05, 2.4141430913e-05, 2.91043816105e-05, 2.34536582866e-05, 1.95785705728e-05, 1.61462576216e-05, 1.25310734802e-05, 7.92331411503e-06, 6.24329277343e-06, 5.28311147718e-06, 4.0540385271e-06, 3.73805960407e-06, 3.37196274813e-06, 3.56852569894e-06, 3.60758690476e-06, 4.00693943448e-06, 2.72784700428e-06, 8.63949026098e-07, 3.96608356823e-07, 2.86524198145e-07, 2.07085619763e-07, 1.54942341624e-07, 8.2510908328e-08],
        "min": [0.000100180986919, 0.000156402937137, 2.98167742585e-05, 1.99264468392e-05, 1.22357932923e-05, 1.83918564289e-06, 1.10826636046e-06, 1.09191284992e-06, 1.17833621971e-06, 4.21618153723e-07, 5.71693931306e-07, 4.74255926974e-07, 1.35258972023e-07, 5.35177491656e-07, 2.2735250127e-07, 2.34561454704e-07, 2.09404220186e-07, 1.84412513704e-07, 1.63046536272e-07, 2.62365517756e-07, 1.24063987528e-07, 1.95322513719e-07, 1.4727716291e-07, 1.50908903152e-07, 6.23913720688e-08, 9.34669444064e-08, 7.61773435443e-08, 3.78928390887e-08, 4.45757031287e-08, 3.21949400472e-08, 3.53524960417e-08, 4.50380213124e-08, 4.6245126839e-08, 4.79369965944e-08, 2.55385601555e-09, 1.58296587643e-11, 2.43510767106e-09, 2.1373460779e-09, 9.03186379853e-12, 8.18300635586e-12],
