{
"highlevel": {
    "danceability": {
        "all": {
            "danceable": 0.997094988823,
            "not_danceable": 0.00290500582196
        },
        "probability": 0.997094988823,
        "value": "danceable"
    },
    "gender": {
        "all": {
            "female": 0.834522247314,
            "male": 0.165477722883
        },
        "probability": 0.834522247314,
        "value": "female"
    },
    "genre_dortmund": {
        "all": {
            "alternative": 0.00536708906293,
            "blues": 0.0227214992046,
            "electronic": 0.05400814116,
            "folkcountry": 0.050154581666,
            "funksoulrnb": 0.0154258916155,
            "jazz": 0.107961677015,
            "pop": 0.0559093467891,
            "raphiphop": 0.681319236755,
            "rock": 0.00713255209848
        },
        "probability": 0.681319236755,
        "value": "raphiphop"
    },
    "genre_electronic": {
        "all": {
            "ambient": 0.111633822322,
            "dnb": 0.127625107765,
            "house": 0.684984922409,
            "techno": 0.0189378280193,
            "trance": 0.0568183250725
        },
        "probability": 0.684984922409,
        "value": "house"
    },
    "genre_rosamerica": {
        "all": {
            "cla": 0.00460388883948,
            "dan": 0.143690392375,
            "hip": 0.702815771103,
            "jaz": 0.00761804915965,
            "pop": 0.0457291379571,
            "rhy": 0.0887074023485,
            "roc": 0.0034596954938,
            "spe": 0.00337566132657
        },
        "probability": 0.702815771103,
        "value": "hip"
    },
    "genre_tzanetakis": {
        "all": {
            "blu": 0.0626613423228,
            "cla": 0.0348169617355,
            "cou": 0.104475811124,
            "dis": 0.0784321576357,
            "hip": 0.15692435205,
            "jaz": 0.313974827528,
            "met": 0.0448166541755,
            "pop": 0.0627359300852,
            "reg": 0.0627360641956,
            "roc": 0.0784258767962
        },
        "probability": 0.313974827528,
        "value": "jaz"
    },
    "ismir04_rhythm": {
        "all": {
            "ChaChaCha": 0.0550460517406,
            "Jive": 0.0355545729399,
            "Quickstep": 0.0166137907654,
            "Rumba-American": 0.00970298890024,
            "Rumba-International": 0.0771200358868,
            "Rumba-Misc": 0.0289917141199,
            "Samba": 0.748470425606,
            "Tango": 0.00253218482248,
            "VienneseWaltz": 0.00994470529258,
            "Waltz": 0.0160235445946
        },
        "probability": 0.748470425606,
        "value": "Samba"
    },
    "mood_acoustic": {
        "all": {
            "acoustic": 0.0761098712683,
            "not_acoustic": 0.923890113831
        },
        "probability": 0.923890113831,
        "value": "not_acoustic"
    },
    "mood_aggressive": {
        "all": {
            "aggressive": 0.0593999288976,
            "not_aggressive": 0.940600097179
        },
        "probability": 0.940600097179,
        "value": "not_aggressive"
    },
    "mood_electronic": {
        "all": {
            "electronic": 0.668485641479,
            "not_electronic": 0.331514358521
        },
        "probability": 0.668485641479,
        "value": "electronic"
    },
    "mood_happy": {
        "all": {
            "happy": 0.391368478537,
            "not_happy": 0.608631491661
        },
        "probability": 0.608631491661,
        "value": "not_happy"
    },
    "mood_party": {
        "all": {
            "not_party": 0.21339443326,
            "party": 0.786605596542
        },
        "probability": 0.786605596542,
        "value": "party"
    },
    "mood_relaxed": {
        "all": {
            "not_relaxed": 0.363274544477,
            "relaxed": 0.636725485325
        },
        "probability": 0.636725485325,
        "value": "relaxed"
    },
    "mood_sad": {
        "all": {
            "not_sad": 0.393755018711,
            "sad": 0.606244981289
        },
        "probability": 0.606244981289,
        "value": "sad"
    },
    "moods_mirex": {
        "all": {
            "Cluster1": 0.18652009964,
            "Cluster2": 0.408611267805,
            "Cluster3": 0.081504650414,
            "Cluster4": 0.123602107167,
            "Cluster5": 0.199761867523
        },
        "probability": 0.408611267805,
        "value": "Cluster2"
    },
    "timbre": {
        "all": {
            "bright": 0.990900039673,
            "dark": 0.00909998919815
        },
        "probability": 0.990900039673,
        "value": "bright"
    },
    "tonal_atonal": {
        "all": {
            "atonal": 0.113898262382,
            "tonal": 0.886101722717
        },
        "probability": 0.886101722717,
        "value": "tonal"
    },
    "voice_instrumental": {
        "all": {
            "instrumental": 0.00519957533106,
            "voice": 0.994800448418
        },
        "probability": 0.994800448418,
        "value": "voice"
    }
},
"lowlevel": {
    "average_loudness": 0.982121229172,
    "barkbands_crest": {
        "dmean": 3.59426784515,
        "dmean2": 5.58092498779,
        "dvar": 11.9220552444,
        "dvar2": 27.5241222382,
        "max": 26.7348251343,
        "mean": 13.8990249634,
        "median": 13.9377527237,
        "min": 3.33581209183,
        "var": 29.8172454834
    },
    "barkbands_flatness_db": {
        "dmean": 0.0377875305712,
        "dmean2": 0.0566994734108,
        "dvar": 0.00161846913397,
        "dvar2": 0.00326795666479,
        "max": 0.582332968712,
        "mean": 0.185140356421,
        "median": 0.169952005148,
        "min": 0.0589798539877,
        "var": 0.00543804839253
    },
    "barkbands_kurtosis": {
        "dmean": 10.9457139969,
        "dmean2": 16.3570919037,
        "dvar": 1468.8605957,
        "dvar2": 3031.96875,
        "max": 729.746154785,
        "mean": 14.4010400772,
        "median": 2.14776563644,
        "min": -1.8650135994,
        "var": 2529.28710938
    },
    "barkbands_skewness": {
        "dmean": 1.09612059593,
        "dmean2": 1.52187502384,
        "dvar": 2.39321255684,
        "dvar2": 5.4025220871,
        "max": 21.265537262,
        "mean": 2.27961063385,
        "median": 1.70186626911,
        "min": -2.35660243034,
        "var": 6.88118886948
    },
    "barkbands_spread": {
        "dmean": 9.75459194183,
        "dmean2": 15.0363283157,
        "dvar": 115.384796143,
        "dvar2": 269.534729004,
        "max": 102.938598633,
        "mean": 26.4919185638,
        "median": 24.3053207397,
        "min": 0.252278983593,
        "var": 285.627502441
    },
    "dissonance": {
        "dmean": 0.0234200879931,
        "dmean2": 0.0375461019576,
        "dvar": 0.000526575779077,
        "dvar2": 0.00131126097403,
        "max": 0.499785751104,
        "mean": 0.457455515862,
        "median": 0.465688765049,
        "min": 0.309828102589,
        "var": 0.0010535446927
    },
    "dynamic_complexity": 2.28172302246,
    "erbbands_crest": {
        "dmean": 3.62777471542,
        "dmean2": 5.74132394791,
        "dvar": 10.4824295044,
        "dvar2": 24.0832004547,
        "max": 31.70911026,
        "mean": 10.7087497711,
        "median": 9.50659179688,
        "min": 3.03221297264,
        "var": 27.4259357452
    },
    "erbbands_flatness_db": {
        "dmean": 0.0258178859949,
        "dmean2": 0.0359294079244,
        "dvar": 0.000593489559833,
        "dvar2": 0.00111067353282,
        "max": 0.449395596981,
        "mean": 0.166981443763,
        "median": 0.164129063487,
        "min": 0.0636310726404,
        "var": 0.00207670149393
    },
    "erbbands_kurtosis": {
        "dmean": 1.67597949505,
        "dmean2": 2.47991156578,
        "dvar": 10.8367557526,
        "dvar2": 19.9481201172,
        "max": 82.6003341675,
        "mean": 1.12353551388,
        "median": 0.102737903595,
        "min": -1.93625414371,
        "var": 23.64087677
    },
    "erbbands_skewness": {
        "dmean": 0.567038118839,
        "dmean2": 0.771999716759,
        "dvar": 0.310315817595,
        "dvar2": 0.626501560211,
        "max": 7.25096988678,
        "mean": 0.25968682766,
        "median": 0.197294205427,
        "min": -3.78336620331,
        "var": 1.25548267365
    },
    "erbbands_spread": {
        "dmean": 15.1117124557,
        "dmean2": 22.0537815094,
        "dvar": 282.103210449,
        "dvar2": 622.604309082,
        "max": 202.466537476,
        "mean": 48.3733825684,
        "median": 42.230922699,
        "min": 1.36657619476,
        "var": 762.66986084
    },
    "hfc": {
        "dmean": 10.8681001663,
        "dmean2": 15.7733402252,
        "dvar": 212.9402771,
        "dvar2": 498.074462891,
        "max": 111.382125854,
        "mean": 19.6328659058,
        "median": 14.6262798309,
        "min": 0.0178854987025,
        "var": 320.34274292
    },
    "melbands_crest": {
        "dmean": 4.56023406982,
        "dmean2": 7.09331798553,
        "dvar": 20.269777298,
        "dvar2": 46.3168830872,
        "max": 37.975189209,
        "mean": 20.8605957031,
        "median": 20.1216278076,
        "min": 3.59634017944,
        "var": 70.4219741821
    },
    "melbands_flatness_db": {
        "dmean": 0.0437486544251,
        "dmean2": 0.0641334280372,
        "dvar": 0.00223625730723,
        "dvar2": 0.00450833747163,
        "max": 0.671720504761,
        "mean": 0.216383323073,
        "median": 0.203159675002,
        "min": 0.0401642583311,
        "var": 0.00914793927222
    },
    "melbands_kurtosis": {
        "dmean": 41.8650245667,
        "dmean2": 62.4151153564,
        "dvar": 35776.9765625,
        "dvar2": 73014.15625,
        "max": 3911.77929688,
        "mean": 55.2720794678,
        "median": 13.023557663,
        "min": -1.59319972992,
        "var": 54568.6679688
    },
    "melbands_skewness": {
        "dmean": 1.75622582436,
        "dmean2": 2.51470756531,
        "dvar": 7.65281009674,
        "dvar2": 17.1410102844,
        "max": 53.633026123,
        "mean": 4.28802490234,
        "median": 3.3383026123,
        "min": -0.867289483547,
        "var": 19.9813804626
    },
    "melbands_spread": {
        "dmean": 12.4222755432,
        "dmean2": 18.5748271942,
        "dvar": 247.484451294,
        "dvar2": 585.977416992,
        "max": 159.826843262,
        "mean": 27.270778656,
        "median": 20.4659423828,
        "min": 0.0902305021882,
        "var": 577.227050781
    },
    "pitch_salience": {
        "dmean": 0.107889503241,
        "dmean2": 0.167072683573,
        "dvar": 0.012180284597,
        "dvar2": 0.0272265560925,
        "max": 0.869699478149,
        "mean": 0.447474360466,
        "median": 0.445261657238,
        "min": 0.0108391568065,
        "var": 0.0343336835504
    },
    "silence_rate_20dB": {
        "dmean": 0,
        "dmean2": 0,
        "dvar": 0,
        "dvar2": 0,
        "max": 1,
        "mean": 1,
        "median": 1,
        "min": 1,
        "var": 0
    },
    "silence_rate_30dB": {
        "dmean": 0,
        "dmean2": 0,
        "dvar": 0,
        "dvar2": 0,
        "max": 1,
        "mean": 1,
        "median": 1,
        "min": 1,
        "var": 0
    },
    "silence_rate_60dB": {
        "dmean": 0.0495356023312,
        "dmean2": 0.0991479456425,
        "dvar": 0.0470813885331,
        "dvar2": 0.112554207444,
        "max": 1,
        "mean": 0.0665119886398,
        "median": 0,
        "min": 0,
        "var": 0.0620884671807
    },
    "spectral_centroid": {
        "dmean": 402.09777832,
        "dmean2": 579.371643066,
        "dvar": 188391.453125,
        "dvar2": 392001.84375,
        "max": 5359.15625,
        "mean": 1686.3572998,
        "median": 1604.52514648,
        "min": 154.883361816,
        "var": 769933.5625
    },
    "spectral_complexity": {
        "dmean": 6.54102182388,
        "dmean2": 9.80402755737,
        "dvar": 64.0004959106,
        "dvar2": 133.130523682,
        "max": 51,
        "mean": 12.965970993,
        "median": 11,
        "min": 0,
        "var": 108.46749115
    },
    "spectral_decrease": {
        "dmean": 3.35789485106e-09,
        "dmean2": 4.83590012479e-09,
        "dvar": 1.88912848327e-17,
        "dvar2": 4.96076459175e-17,
        "max": -1.84945570143e-12,
        "mean": -6.95281832108e-09,
        "median": -4.83495909975e-09,
        "min": -2.95929591942e-08,
        "var": 4.03046731317e-17
    },
    "spectral_energy": {
        "dmean": 0.0133825792,
        "dmean2": 0.0191495381296,
        "dvar": 0.000290942902211,
        "dvar2": 0.000756769441068,
        "max": 0.113928362727,
        "mean": 0.0280222855508,
        "median": 0.0199943762273,
        "min": 8.60253112478e-06,
        "var": 0.000613708980381
    },
    "spectral_energyband_high": {
        "dmean": 0.000918402511161,
        "dmean2": 0.0013443416683,
        "dvar": 1.64833465988e-06,
        "dvar2": 3.74053161067e-06,
        "max": 0.0109619358554,
        "mean": 0.00142820330802,
        "median": 0.000695743132383,
        "min": 1.79801645572e-06,
        "var": 2.91605260827e-06
    },
    "spectral_energyband_low": {
        "dmean": 0.00634217774495,
        "dmean2": 0.00956773106009,
        "dvar": 0.000170603088918,
        "dvar2": 0.000495530257467,
        "max": 0.105315849185,
        "mean": 0.0136802466586,
        "median": 0.00194297090638,
        "min": 1.58442805542e-08,
        "var": 0.000434055167716
    },
    "spectral_energyband_middle_high": {
        "dmean": 0.00196439633146,
        "dmean2": 0.00303307757713,
        "dvar": 5.56454051548e-06,
        "dvar2": 1.32546374516e-05,
        "max": 0.019802050665,
        "mean": 0.00367021071725,
        "median": 0.00283085880801,
        "min": 2.7310150017e-06,
        "var": 1.05345097836e-05
    },
    "spectral_energyband_middle_low": {
        "dmean": 0.00734759774059,
        "dmean2": 0.00993737857789,
        "dvar": 0.000146079488331,
        "dvar2": 0.000306056841509,
        "max": 0.0862889513373,
        "mean": 0.0102958865464,
        "median": 0.00388177949935,
        "min": 3.97102382976e-07,
        "var": 0.000226643300266
    },
    "spectral_entropy": {
        "dmean": 0.258900165558,
        "dmean2": 0.376658767462,
        "dvar": 0.0692893862724,
        "dvar2": 0.140805974603,
        "max": 8.81714248657,
        "mean": 7.62609577179,
        "median": 7.69290113449,
        "min": 5.41469621658,
        "var": 0.201288729906
    },
    "spectral_flux": {
        "dmean": 0.0360295437276,
        "dmean2": 0.0547706969082,
        "dvar": 0.00157877290621,
        "dvar2": 0.00344893499278,
        "max": 0.301577448845,
        "mean": 0.0927852243185,
        "median": 0.0792726650834,
        "min": 0.00214463029988,
        "var": 0.00316731329076
    },
    "spectral_kurtosis": {
        "dmean": 1.07696282864,
        "dmean2": 1.72537267208,
        "dvar": 1.4911249876,
        "dvar2": 4.17334461212,
        "max": 18.5056209564,
        "mean": 2.42588233948,
        "median": 2.15005302429,
        "min": -1.23789393902,
        "var": 2.61442708969
    },
    "spectral_rms": {
        "dmean": 0.00122385227587,
        "dmean2": 0.00163015758153,
        "dvar": 1.66581605754e-06,
        "dvar2": 3.87266072721e-06,
        "max": 0.0105427522212,
        "mean": 0.00470147654414,
        "median": 0.0044166399166,
        "min": 9.16117496672e-05,
        "var": 5.23495964444e-06
    },
    "spectral_rolloff": {
        "dmean": 883.028076172,
        "dmean2": 1464.20861816,
        "dvar": 1781014.25,
        "dvar2": 4101493.5,
        "max": 10249.8046875,
        "mean": 1774.71557617,
        "median": 1227.39257812,
        "min": 43.06640625,
        "var": 3136579
    },
    "spectral_skewness": {
        "dmean": 0.218642190099,
        "dmean2": 0.329760253429,
        "dvar": 0.0473041385412,
        "dvar2": 0.109393902123,
        "max": 3.25339961052,
        "mean": 1.22449839115,
        "median": 1.18546557426,
        "min": 0.00965445581824,
        "var": 0.144081860781
    },
    "spectral_spread": {
        "dmean": 847640.75,
        "dmean2": 1235068.75,
        "dvar": 922689863680,
        "dvar2": 1.74023114752e+12,
        "max": 17219908,
        "mean": 5607935.5,
        "median": 5271430.5,
        "min": 2656286.75,
        "var": 2.94176790938e+12
    },
    "spectral_strongpeak": {
        "dmean": 0.435217499733,
        "dmean2": 0.720445930958,
        "dvar": 0.588324606419,
        "dvar2": 1.60670232773,
        "max": 8.24736976624,
        "mean": 0.742189824581,
        "median": 0.436115711927,
        "min": 0,
        "var": 0.706036865711
    },
    "zerocrossingrate": {
        "dmean": 0.015900131315,
        "dmean2": 0.0182702671736,
        "dvar": 0.000236960186157,
        "dvar2": 0.0003107379016,
        "max": 0.29150390625,
        "mean": 0.0691920593381,
        "median": 0.06396484375,
        "min": 0.001953125,
        "var": 0.00162458769046
    },
    "barkbands": {
        "dmean": [0.000727503502276, 0.00533409463242, 0.000703253026586, 0.00158613442909, 0.00439723115414, 0.0015891456278, 0.000732803833671, 0.000461413903395, 0.000338464305969, 0.000369222019799, 0.00046012958046, 0.000206962664379, 0.000216087209992, 0.000331023678882, 0.000398508273065, 0.000250323704677, 0.000234890234424, 0.000309240742354, 0.000217063512537, 0.000205346907023, 0.00027667885297, 0.000182556381333, 0.000153321045218, 0.000162129057571, 0.000119757161883, 4.91322243761e-05, 2.34521575493e-08],
        "dmean2": [0.00102613738272, 0.00862879678607, 0.00108975102194, 0.00177012186032, 0.00620332267135, 0.00254630041309, 0.00120664574206, 0.000722825876437, 0.00055049569346, 0.000506626209244, 0.000688029511366, 0.000315431301715, 0.000344257132383, 0.000514322193339, 0.000618357211351, 0.000426747777965, 0.00040600009379, 0.000491359969601, 0.000358332559699, 0.000321357045323, 0.000396589719458, 0.000281320128124, 0.000231094498304, 0.000253306468949, 0.000190485428902, 7.50409526518e-05, 4.34522355874e-08],
        "dvar": [2.6943262128e-06, 0.000141942975461, 3.92574293073e-06, 1.71942101588e-05, 6.57256459817e-05, 1.6367279386e-05, 6.15233875578e-06, 7.77601030677e-07, 3.54863601615e-07, 5.39887878404e-07, 7.20135062693e-07, 1.14303368548e-07, 1.62561562433e-07, 3.635779251e-07, 4.96517941428e-07, 3.11586063617e-07, 2.117725586e-07, 2.28781061651e-07, 1.67103962667e-07, 1.32407137698e-07, 2.45429504275e-07, 9.61192654358e-08, 4.99541172871e-08, 5.91812252537e-08, 6.93499373483e-08, 1.04279971325e-08, 1.02518193316e-14],
        "dvar2": [6.10984670857e-06, 0.000436710863141, 1.02085732578e-05, 2.67204104603e-05, 0.000142066695844, 4.21954828198e-05, 1.50166360982e-05, 1.7694591179e-06, 8.70818723797e-07, 1.04651871879e-06, 1.62242213264e-06, 2.4879975058e-07, 3.55859469892e-07, 7.67270648794e-07, 1.16086084745e-06, 8.36420269934e-07, 5.90707202264e-07, 5.29137594185e-07, 4.16972540052e-07, 2.87404418486e-07, 5.04329761952e-07, 2.36757429661e-07, 1.20573005802e-07, 1.37599343475e-07, 1.65943859542e-07, 2.44449527287e-08, 2.85531655557e-14],
        "max": [0.0166460387409, 0.0902649462223, 0.0157723147422, 0.0427395291626, 0.0515289716423, 0.0342952907085, 0.0206920318305, 0.0128255775198, 0.00730421673506, 0.0102401478216, 0.00780106429011, 0.00362553074956, 0.00437875231728, 0.00948192831129, 0.007590057794, 0.00761492270976, 0.00367114390247, 0.00774643709883, 0.00394851900637, 0.00451595941558, 0.00764786219224, 0.00250436458737, 0.00161130621564, 0.00313493283466, 0.00361268012784, 0.00103069969919, 9.21565629142e-07],
        "mean": [0.00186242465861, 0.0100378841162, 0.000771380378865, 0.0021697236225, 0.00474285939708, 0.00172574887984, 0.000580899475608, 0.000554091529921, 0.000420930504333, 0.000505251635332, 0.00059820804745, 0.000260530825472, 0.000247777992627, 0.000361187645467, 0.000498883251566, 0.000242491907557, 0.000247377553023, 0.000455131143099, 0.000219243680476, 0.00028090091655, 0.000426713842899, 0.000213079852983, 0.000200258582481, 0.000217109845835, 0.000132326822495, 4.98545196024e-05, 1.38480338308e-08],
        "median": [5.81744679948e-05, 0.00132518529426, 2.18354034587e-05, 1.54883236974e-05, 0.000303060864098, 0.000450502440799, 2.21527661779e-05, 0.000128838757519, 0.00013630738249, 9.59627868724e-05, 0.000100580728031, 7.95166342868e-05, 6.18434714852e-05, 9.99788608169e-05, 0.000128975865664, 6.43981911708e-05, 0.000113348112791, 0.000226615855354, 6.23423329671e-05, 8.3096747403e-05, 0.000122731507872, 6.58715944155e-05, 9.71357658273e-05, 0.000121391873108, 3.92573347199e-05, 7.44354520066e-06, 2.69067851333e-10],
        "min": [2.11204165268e-10, 4.60741755859e-09, 1.42501810352e-09, 4.34911795466e-09, 4.24534434273e-08, 1.10809153853e-07, 8.07498565791e-08, 2.0839397763e-08, 4.38166090078e-08, 5.13902236321e-08, 8.08798432672e-08, 6.0657207257e-08, 3.84747167459e-08, 7.32722327257e-08, 7.05645675225e-08, 3.27491136431e-08, 1.5988663904e-07, 1.98680808694e-07, 2.1877875156e-07, 2.89922326147e-07, 2.85550271428e-07, 1.31521019853e-07, 1.50355845108e-07, 4.64927403243e-08, 8.8287741562e-09, 6.48400734146e-12, 6.89064950932e-12],
        "var": [1.46516949826e-05, 0.000275501282886, 4.08608548241e-06, 4.23138662882e-05, 8.49078423926e-05, 1.52613138198e-05, 5.24864526597e-06, 1.10944381504e-06, 5.16732882261e-07, 1.07327070964e-06, 1.1953587773e-06, 1.95334166619e-07, 2.37896799149e-07, 5.04986530814e-07, 8.37458173919e-07, 2.80796513152e-07, 1.62570088946e-07, 4.55388430964e-07, 1.68444742599e-07, 2.39184601014e-07, 6.07272795605e-07, 1.1732782923e-07, 6.33573691289e-08, 8.57677449062e-08, 9.20811515925e-08, 1.18940821636e-08, 6.00856627772e-15]
    },
    "erbbands": {
        "dmean": [0.269108384848, 0.775110840797, 0.67770409584, 2.91673731804, 10.4687452316, 15.8329792023, 10.3389606476, 12.6365594864, 15.4747953415, 5.68645334244, 12.6050682068, 7.12416410446, 7.24870681763, 15.3021278381, 15.9378662109, 9.04270362854, 9.13738250732, 15.0165243149, 19.5620822906, 15.3019599915, 12.9343242645, 12.5063095093, 16.3213157654, 12.1502017975, 10.5179986954, 9.27331161499, 11.6458816528, 10.1842870712, 6.71479320526, 4.83278465271, 4.49249076843, 3.73498463631, 2.6279592514, 1.37681806087, 0.815245747566, 0.293167918921, 0.0880388692021, 0.0070542152971, 0.000142033182783, 2.16515181819e-05],
        "dmean2": [0.416782170534, 1.30723690987, 1.05168712139, 3.27766418457, 14.2745075226, 21.8640651703, 16.895526886, 20.6885032654, 26.034444809, 9.40377998352, 19.9354972839, 11.5873231888, 10.7921981812, 20.8749542236, 24.3532123566, 13.3587121964, 14.2680263519, 22.8776760101, 30.5228481293, 23.6359882355, 22.7007808685, 21.4466114044, 25.9039573669, 19.425786972, 17.5852222443, 14.0899810791, 17.053609848, 15.1834983826, 10.212143898, 7.38239479065, 6.91941738129, 6.04974412918, 4.1057343483, 2.22461938858, 1.31382632256, 0.463010519743, 0.134518027306, 0.0110775809735, 0.00021781376563, 3.16481709888e-05],
        "dvar": [0.363356173038, 3.39161467552, 3.82501912117, 44.9375648499, 417.244476318, 993.033935547, 438.788269043, 1480.48620605, 3651.06860352, 159.112945557, 614.087585449, 136.985092163, 369.103820801, 679.237548828, 1269.86975098, 192.262298584, 295.620239258, 615.356628418, 1148.10168457, 917.766906738, 1050.10998535, 565.550476074, 608.143981934, 426.793792725, 415.707824707, 238.526779175, 555.356445312, 344.204223633, 131.603530884, 56.0487861633, 42.7862281799, 29.822555542, 20.8359985352, 9.8764295578, 3.48106217384, 0.445361763239, 0.031727515161, 0.000210526297451, 7.90361767145e-08, 9.25456156153e-10],
        "dvar2": [1.05293178558, 9.84635257721, 9.5547914505, 58.7065925598, 786.797058105, 2104.29492188, 1208.17858887, 3911.11279297, 9391.96582031, 402.461425781, 1457.79138184, 343.72479248, 787.527709961, 1174.46398926, 3059.60644531, 440.711029053, 636.36706543, 1333.54309082, 2690.7824707, 2083.10107422, 2975.86083984, 1572.54077148, 1386.30285645, 1040.02270508, 1078.24926758, 531.713134766, 1160.71508789, 754.245361328, 330.624633789, 125.634872437, 101.713813782, 75.3985977173, 45.829875946, 23.9706745148, 8.33800601959, 1.02317619324, 0.0755653679371, 0.000526418094523, 1.95014152382e-07, 2.14807016619e-09],
        "max": [4.53588628769, 15.6408319473, 16.5091838837, 66.8009719849, 154.542984009, 197.949188232, 198.070678711, 313.88949585, 489.764129639, 123.789863586, 348.449523926, 113.54838562, 400.732513428, 351.526397705, 374.299499512, 149.353622437, 245.112426758, 373.830627441, 374.962860107, 375.993865967, 317.642791748, 204.077148438, 445.76385498, 173.83164978, 180.688201904, 170.744827271, 341.430908203, 282.088348389, 100.651161194, 49.7782402039, 57.3192062378, 44.0211601257, 82.4490890503, 45.6622505188, 25.751657486, 9.37585449219, 1.35953676701, 0.123157963157, 0.00240950565785, 0.000233389189816],
        "mean": [0.521282553673, 1.32309448719, 0.94472515583, 4.71316719055, 11.8323230743, 18.0433273315, 12.6362266541, 12.2797307968, 11.7271375656, 5.3009762764, 15.5969762802, 9.12201118469, 10.3086214066, 24.6083087921, 19.3000869751, 12.0652675629, 11.5477046967, 17.4772262573, 26.1663341522, 19.1301860809, 12.5633268356, 14.7266759872, 24.9446430206, 14.8977956772, 10.6709470749, 12.6979608536, 19.0134811401, 14.2565193176, 7.84645605087, 5.9770898819, 5.92263555527, 4.60902881622, 3.5449514389, 1.60675251484, 0.863957226276, 0.300525695086, 0.0878309458494, 0.00678211124614, 0.000153121698531, 4.23996461905e-05],
        "median": [0.0570341721177, 0.180268481374, 0.0963498055935, 0.0819238498807, 0.304733365774, 1.12242019176, 5.01590299606, 2.21269178391, 0.623053252697, 1.03137493134, 4.53938674927, 4.25052452087, 2.85397863388, 6.81152915955, 4.8780465126, 4.20488739014, 3.73273301125, 6.02031993866, 8.36716079712, 5.79883718491, 3.82023954391, 7.53944778442, 12.8291397095, 5.10122156143, 3.45127296448, 3.84408736229, 4.69565343857, 4.39171886444, 2.58627271652, 2.1042869091, 2.93993926048, 2.41891717911, 1.80746936798, 0.569862723351, 0.193935617805, 0.0520183742046, 0.00840798113495, 0.00053991144523, 3.3601449104e-05, 2.80557815131e-05],
        "min": [1.28269419974e-07, 1.08027620627e-06, 2.30603063756e-06, 1.5592755517e-05, 1.61713651323e-05, 0.000114537659101, 0.000634033582173, 0.000659971381538, 0.00138938252348, 0.000473141262773, 0.000756596797146, 0.000910393777303, 0.00202315300703, 0.00216127210297, 0.0035695687402, 0.00351040880196, 0.00169040623587, 0.00410328293219, 0.00551267201081, 0.00650145160034, 0.00948499701917, 0.012235969305, 0.0131545029581, 0.0134265339002, 0.0131301125512, 0.0146672772244, 0.0206898227334, 0.00801524706185, 0.00718899397179, 0.00229068682529, 0.00441289599985, 0.00275479373522, 0.000207667020732, 0.000162979704328, 2.79805117316e-05, 8.03297825769e-06, 1.90439243397e-06, 1.57699005854e-07, 2.40753550429e-08, 1.59702260305e-08],
        "var": [0.950773477554, 4.39206266403, 4.13278627396, 153.003219604, 635.05090332, 1366.47473145, 414.788513184, 1200.79919434, 2741.13330078, 152.502334595, 812.266174316, 174.426773071, 791.021728516, 1641.54699707, 1637.40270996, 348.098205566, 471.261505127, 902.073303223, 2168.79248047, 1335.93164062, 720.194580078, 462.142974854, 1349.22058105, 554.363037109, 376.354309082, 447.055206299, 1419.63183594, 644.813598633, 160.861465454, 74.8509216309, 54.432220459, 34.5064125061, 32.4789619446, 13.0700302124, 4.53690290451, 0.550387442112, 0.0340156592429, 0.000206681128475, 8.14196354781e-08, 1.54589829826e-09]
    },
    "gfcc": {
        "mean": [-26.4506378174, 51.4049491882, -122.844474792, 43.4024887085, -68.1706695557, 25.1389255524, -43.2920455933, 12.9063100815, -23.2791175842, 1.99446201324, -9.85425853729, 5.43135738373, 2.03484106064],
        "cov": [[6048.83837891, -80.3344345093, 464.921722412, 180.021835327, 205.060317993, 70.3589935303, 33.6008720398, 55.8363609314, -246.609008789, 109.888801575, -345.68637085, 133.18586731, -336.822418213], [-80.3344345093, 902.325866699, 213.813735962, 35.2563362122, 214.468460083, 209.296051025, 174.200149536, -1.06951546669, 74.3009109497, -123.996604919, 119.974372864, -146.529800415, 22.9237442017], [464.921722412, 213.813735962, 1617.03637695, 579.187866211, 441.087890625, 129.12020874, 2.38116168976, 134.754211426, -53.627407074, 28.0091342926, -174.418121338, -50.9925918579, -232.715484619], [180.021835327, 35.2563362122, 579.187866211, 740.477722168, 425.380126953, 79.3254547119, 160.66545105, 219.59967041, 133.925796509, 128.916427612, 40.9760437012, -17.8511867523, 44.9181594849], [205.060317993, 214.468460083, 441.087890625, 425.380126953, 695.200317383, 391.131347656, 248.333129883, 285.218353271, 246.094497681, 163.526733398, 75.5825271606, 9.582695961, 38.6337509155], [70.3589935303, 209.296051025, 129.12020874, 79.3254547119, 391.131347656, 657.575500488, 431.4737854, 301.40713501, 269.897064209, 138.740783691, 151.592315674, 18.9512825012, 66.4789657593], [33.6008720398, 174.200149536, 2.38116168976, 160.66545105, 248.333129883, 431.4737854, 620.716674805, 360.541290283, 268.567749023, 170.769287109, 146.495117188, 31.427022934, 76.9439849854], [55.8363609314, -1.06951546669, 134.754211426, 219.59967041, 285.218353271, 301.40713501, 360.541290283, 512.089904785, 345.743682861, 211.875488281, 156.779724121, 36.8017463684, 78.0813522339], [-246.609008789, 74.3009109497, -53.627407074, 133.925796509, 246.094497681, 269.897064209, 268.567749023, 345.743682861, 423.775634766, 208.038619995, 191.711608887, 30.7913627625, 113.364494324], [109.888801575, -123.996604919, 28.0091342926, 128.916427612, 163.526733398, 138.740783691, 170.769287109, 211.875488281, 208.038619995, 276.51776123, 107.984642029, 74.4697570801, 56.1466903687], [-345.68637085, 119.974372864, -174.418121338, 40.9760437012, 75.5825271606, 151.592315674, 146.495117188, 156.779724121, 191.711608887, 107.984642029, 316.186737061, 94.3072662354, 157.552963257], [133.18586731, -146.529800415, -50.9925918579, -17.8511867523, 9.582695961, 18.9512825012, 31.427022934, 36.8017463684, 30.7913627625, 74.4697570801, 94.3072662354, 201.938522339, 47.3317146301], [-336.822418213, 22.9237442017, -232.715484619, 44.9181594849, 38.6337509155, 66.4789657593, 76.9439849854, 78.0813522339, 113.364494324, 56.1466903687, 157.552963257, 47.3317146301, 215.373718262]],
        "icov": [[0.000244229886448, -0.000305649882648, 0.00019871412951, -0.00027093818062, 0.00013924499217, -0.000251924560871, 0.000264058355242, -0.000375108851586, 0.000419057090767, -0.000412223918829, 0.000535713799763, -0.000568152172491, 0.000399998680223], [-0.000305649882648, 0.00345881702378, -0.00127327174414, 0.00177939259447, -0.00189614028204, 0.00137970165815, -0.00230133719742, 0.00229114782996, -0.00151498091873, 0.00281340745278, -0.00354066584259, 0.00348240416497, -0.000798463763203], [0.00019871412951, -0.00127327174414, 0.001942917821, -0.00187881779857, 0.000540783570614, -0.00123509415425, 0.00152144499589, -0.00147637212649, 0.00125176715665, -0.00100430182647, 0.00156579155009, -0.00163554388564, 0.0020303602796], [-0.00027093818062, 0.00177939259447, -0.00187881779857, 0.00473359879106, -0.0030593983829, 0.00293695647269, -0.00245188479312, 0.00108652608469, -0.000659306941088, 0.00102594168857, -0.00232446938753, 0.00282481964678, -0.00234694429673], [0.00013924499217, -0.00189614028204, 0.000540783570614, -0.0030593983829, 0.00531592778862, -0.00334974238649, 0.00226658256724, -0.00130622216966, -0.000167019665241, -0.0017814016901, 0.00264769420028, -0.00232860678807, 0.000513351347763], [-0.000251924560871, 0.00137970165815, -0.00123509415425, 0.00293695647269, -0.00334974238649, 0.00568618997931, -0.0037060289178, 0.00124440551735, -0.00128899386618, 0.00153618259355, -0.0025101872161, 0.0021573046688, -0.00112912594341], [0.000264058355242, -0.00230133719742, 0.00152144499589, -0.00245188479312, 0.00226658256724, -0.0037060289178, 0.0059187267907, -0.00345892785117, 0.0014521923149, -0.00228620017879, 0.00261530093849, -0.00260354741476, 0.00118066964205], [-0.000375108851586, 0.00229114782996, -0.00147637212649, 0.00108652608469, -0.00130622216966, 0.00124440551735, -0.00345892785117, 0.00777722150087, -0.00470130285248, 0.00123948871624, -0.00264836032875, 0.0023885446135, -0.000822060450446], [0.000419057090767, -0.00151498091873, 0.00125176715665, -0.000659306941088, -0.000167019665241, -0.00128899386618, 0.0014521923149, -0.00470130285248, 0.00892678182572, -0.00389622407965, -1.31387214424e-05, -0.000352360046236, 0.00032415939495], [-0.000412223918829, 0.00281340745278, -0.00100430182647, 0.00102594168857, -0.0017814016901, 0.00153618259355, -0.00228620017879, 0.00123948871624, -0.00389622407965, 0.00935038924217, -0.00292090047151, 0.000839694868773, -0.000465056160465], [0.000535713799763, -0.00354066584259, 0.00156579155009, -0.00232446938753, 0.00264769420028, -0.0025101872161, 0.00261530093849, -0.00264836032875, -1.31387214424e-05, -0.00292090047151, 0.0107526462525, -0.00600648997352, -0.00206053350121], [-0.000568152172491, 0.00348240416497, -0.00163554388564, 0.00282481964678, -0.00232860678807, 0.0021573046688, -0.00260354741476, 0.0023885446135, -0.000352360046236, 0.000839694868773, -0.00600648997352, 0.0105282403529, -0.00175278855022], [0.000399998680223, -0.000798463763203, 0.0020303602796, -0.00234694429673, 0.000513351347763, -0.00112912594341, 0.00118066964205, -0.000822060450446, 0.00032415939495, -0.000465056160465, -0.00206053350121, -0.00175278855022, 0.0100127840415]]
    },
    "melbands": {
        "dmean": [0.00186242221389, 0.000485677272081, 0.000637856137473, 0.00110967666842, 0.000373054092051, 0.000308382586809, 0.000212473256397, 6.12866861047e-05, 0.00010653888603, 4.1350365791e-05, 3.70353591279e-05, 6.21662693447e-05, 5.91015414102e-05, 2.6889021683e-05, 2.34644339798e-05, 2.39414621319e-05, 3.00101910398e-05, 3.28828391503e-05, 2.81219217868e-05, 1.85633780347e-05, 1.49781926666e-05, 1.296051596e-05, 1.64726188814e-05, 1.4268315681e-05, 9.84880443866e-06, 8.40463417262e-06, 6.42129543849e-06, 6.62961610942e-06, 8.45203703648e-06, 6.77452680975e-06, 5.92317292103e-06, 4.03852209274e-06, 3.33049683832e-06, 2.57520378e-06, 2.69318934443e-06, 2.59427383753e-06, 2.25869075621e-06, 2.00471004064e-06, 1.58177260801e-06, 1.0631748637e-06],
        "dmean2": [0.00295790890232, 0.000794706458692, 0.000684386002831, 0.00153845420573, 0.000591149670072, 0.000509160163347, 0.000354293675628, 0.000100295677839, 0.000169307299075, 6.71466914355e-05, 5.53301761101e-05, 8.47250048537e-05, 8.91998934094e-05, 4.05398604926e-05, 3.53583818651e-05, 3.76803254767e-05, 4.65310586151e-05, 5.21960137121e-05, 4.37509552285e-05, 3.02855951304e-05, 2.68034946203e-05, 2.27697510127e-05, 2.65449125436e-05, 2.29634406423e-05, 1.59753726621e-05, 1.40913143696e-05, 1.04909113361e-05, 1.02250469354e-05, 1.28292358568e-05, 9.57966767601e-06, 9.01010298548e-06, 6.24380663794e-06, 5.30515217179e-06, 3.96000223191e-06, 4.18139643443e-06, 4.19104253524e-06, 3.71451983483e-06, 3.16194700645e-06, 2.50086918641e-06, 1.77481012997e-06],
        "dvar": [1.72244781425e-05, 1.32345871862e-06, 1.6686865365e-06, 4.4075036385e-06, 5.43705027667e-07, 8.91971922101e-07, 6.47799311082e-07, 1.5898773853e-08, 4.35775646679e-08, 4.81256856588e-09, 9.44693834271e-09, 1.20597549724e-08, 1.45789202932e-08, 2.45939757448e-09, 1.67894254055e-09, 1.85619952742e-09, 3.04077230062e-09, 3.5864418102e-09, 3.21164717043e-09, 1.74685632626e-09, 1.68367375597e-09, 7.11187497782e-10, 6.74597322448e-10, 5.18184495313e-10, 3.02438435407e-10, 2.9761812459e-10, 1.33502875421e-10, 1.41871625559e-10, 3.48530482253e-10, 1.76970910148e-10, 1.17346840578e-10, 5.06016478719e-11, 3.85362575184e-11, 1.47200151374e-11, 1.55774438487e-11, 1.53477040105e-11, 1.11811324088e-11, 1.15015670599e-11, 1.15108573714e-11, 6.41940580554e-12],
        "dvar2": [5.19487548445e-05, 3.07102095576e-06, 2.26135489356e-06, 9.1406991487e-06, 1.45644617078e-06, 2.35318429986e-06, 1.64467712693e-06, 4.03232505164e-08, 1.07723593601e-07, 1.16097114145e-08, 2.02720382703e-08, 2.06814938508e-08, 3.39651720083e-08, 5.68779690013e-09, 3.91915877529e-09, 4.02798505661e-09, 6.88522705516e-09, 8.16020051531e-09, 7.19911552594e-09, 4.31594493477e-09, 4.8485309101e-09, 1.99962513214e-09, 1.58222501767e-09, 1.25053878364e-09, 7.43942796255e-10, 7.82600095839e-10, 3.34215294329e-10, 3.18151033296e-10, 7.6650802372e-10, 3.22916554607e-10, 2.63535582246e-10, 1.27156465912e-10, 9.47593739586e-11, 3.32257762969e-11, 3.73627274952e-11, 3.79218045854e-11, 2.895114877e-11, 2.57490504613e-11, 2.68174493029e-11, 1.5791926794e-11],
        "max": [0.0297552440315, 0.00957080349326, 0.0150275193155, 0.0141281131655, 0.0059735160321, 0.00774294277653, 0.00647148070857, 0.00146182102617, 0.00262547191232, 0.00080098293256, 0.00193205603864, 0.00159564777277, 0.0012783377897, 0.000540185021237, 0.000521900714375, 0.000476224871818, 0.000886480673216, 0.000654882984236, 0.000636183249298, 0.000793424202129, 0.000400384684326, 0.000228082455578, 0.000452872831374, 0.000240430468693, 0.000164396304172, 0.000218808738282, 0.000111671404738, 0.000152721622726, 0.000298808939988, 0.000278049352346, 0.000137525959872, 7.38130111131e-05, 5.16325271747e-05, 2.79166088148e-05, 3.97713083657e-05, 3.14033713948e-05, 2.59423541138e-05, 6.19559068582e-05, 4.8311874707e-05, 3.8320908061e-05],
        "mean": [0.00363063253462, 0.00086794339586, 0.000950820860453, 0.00121358747128, 0.000470546860015, 0.000300672953017, 0.000161899486557, 5.92901014898e-05, 0.000131606473587, 5.2374216466e-05, 4.95919703098e-05, 9.69186876318e-05, 7.38726594136e-05, 3.1253137422e-05, 2.8707929232e-05, 2.64504033112e-05, 3.19757782563e-05, 4.04970342061e-05, 3.50126028934e-05, 1.98846937565e-05, 1.32237464641e-05, 1.33093772092e-05, 2.29047600442e-05, 2.02140090551e-05, 1.12155703391e-05, 7.79123092798e-06, 7.0422911449e-06, 8.75689511304e-06, 1.30534399432e-05, 9.61578462011e-06, 7.78289359005e-06, 4.54291603091e-06, 3.57473982149e-06, 3.18843399327e-06, 3.46634919879e-06, 3.15180659527e-06, 2.65037579084e-06, 2.69543329523e-06, 1.84369457656e-06, 1.16956698548e-06],
        "median": [0.000444791337941, 0.000119000796985, 1.04585424197e-05, 3.1335534004e-05, 0.000166706144228, 5.77349746891e-05, 6.18852072876e-06, 1.22264264064e-05, 3.95073111576e-05, 1.89760958165e-05, 9.87893599813e-06, 2.30724763242e-05, 1.48238514157e-05, 1.00240013126e-05, 8.02739032224e-06, 6.92946377967e-06, 9.57099291554e-06, 1.12653342512e-05, 9.02912688616e-06, 4.84903193865e-06, 3.91640924136e-06, 5.86058968111e-06, 1.26833192553e-05, 9.02406281966e-06, 3.105053338e-06, 2.18628679249e-06, 2.41089924202e-06, 2.36976802626e-06, 2.86814656647e-06, 2.36520099861e-06, 2.39677592617e-06, 1.3648083268e-06, 7.8509361856e-07, 1.20485844946e-06, 1.64863888585e-06, 1.54099382144e-06, 1.34845413413e-06, 1.37091274155e-06, 6.33876879874e-07, 3.75955494292e-07],
        "min": [1.87042070721e-09, 1.45974765609e-09, 2.08997597007e-09, 1.56474677659e-09, 8.6914457853e-09, 1.8184341144e-08, 1.97804546076e-08, 5.00602359566e-09, 7.23132265179e-09, 5.2708748477e-09, 1.00083683563e-08, 6.65181065784e-09, 1.01875725633e-08, 9.47386080696e-09, 3.85411569326e-09, 3.93645560592e-09, 6.05998984327e-09, 1.06700870361e-08, 7.0181829237e-09, 2.76152212209e-09, 1.22002452585e-08, 9.03840735589e-09, 8.41224157e-09, 8.0410886838e-09, 1.00414583315e-08, 6.61955112946e-09, 7.18954762391e-09, 8.50071746328e-09, 8.59260129715e-09, 6.57619203537e-09, 3.94015398086e-09, 1.14572673571e-09, 2.31144096918e-11, 1.49144169237e-10, 2.38831532329e-09, 2.56232524087e-09, 2.18224271986e-10, 4.73370518131e-12, 5.69276952509e-14, 1.00567835309e-11],
