{
"highlevel": {
    "danceability": {
        "all": {
            "danceable": 0.50636357069,
            "not_danceable": 0.49363642931
        },
        "probability": 0.50636357069,
        "value": "danceable"
    },
    "gender": {
        "all": {
            "female": 0.343993276358,
            "male": 0.65600669384
        },
        "probability": 0.65600669384,
        "value": "male"
    },
    "genre_dortmund": {
        "all": {
            "alternative": 0.0183866340667,
            "blues": 0.0764820277691,
            "electronic": 0.455074757338,
            "folkcountry": 0.0346517115831,
            "funksoulrnb": 0.00400830945,
            "jazz": 0.316542208195,
            "pop": 0.0113703422248,
            "raphiphop": 0.0501421429217,
            "rock": 0.0333418510854
        },
        "probability": 0.455074757338,
        "value": "electronic"
    },
    "genre_electronic": {
        "all": {
            "ambient": 0.291844636202,
            "dnb": 0.00928910449147,
            "house": 0.610185027122,
            "techno": 0.0660901367664,
            "trance": 0.0225910972804
        },
        "probability": 0.610185027122,
        "value": "house"
    },
    "genre_rosamerica": {
        "all": {
            "cla": 0.289108902216,
            "dan": 0.0127271823585,
            "hip": 0.0409564040601,
            "jaz": 0.120336443186,
            "pop": 0.0347647257149,
            "rhy": 0.315335601568,
            "roc": 0.0204448848963,
            "spe": 0.166325837374
        },
        "probability": 0.315335601568,
        "value": "rhy"
    },
    "genre_tzanetakis": {
        "all": {
            "blu": 0.51621478796,
            "cla": 0.0228562578559,
            "cou": 0.0092533044517,
            "dis": 0.0492527969182,
            "hip": 0.216674461961,
            "jaz": 0.0094239404425,
            "met": 0.00714174471796,
            "pop": 0.0273562278599,
            "reg": 0.0858093500137,
            "roc": 0.0560171380639
        },
        "probability": 0.51621478796,
        "value": "blu"
    },
    "ismir04_rhythm": {
        "all": {
            "ChaChaCha": 0.0830816552043,
            "Jive": 0.00796407368034,
            "Quickstep": 0.0149399610236,
            "Rumba-American": 0.0362140275538,
            "Rumba-International": 0.277297347784,
            "Rumba-Misc": 0.0596780590713,
            "Samba": 0.0145895015448,
            "Tango": 0.351833671331,
            "VienneseWaltz": 0.126554265618,
            "Waltz": 0.0278474166989
        },
        "probability": 0.351833671331,
        "value": "Tango"
    },
    "mood_acoustic": {
        "all": {
            "acoustic": 0.568469464779,
            "not_acoustic": 0.431530535221
        },
        "probability": 0.568469464779,
        "value": "acoustic"
    },
    "mood_aggressive": {
        "all": {
            "aggressive": 0.100768104196,
            "not_aggressive": 0.899231910706
        },
        "probability": 0.899231910706,
        "value": "not_aggressive"
    },
    "mood_electronic": {
        "all": {
            "electronic": 0.857364654541,
            "not_electronic": 0.142635315657
        },
        "probability": 0.857364654541,
        "value": "electronic"
    },
    "mood_happy": {
        "all": {
            "happy": 0.0544373318553,
            "not_happy": 0.945562660694
        },
        "probability": 0.945562660694,
        "value": "not_happy"
    },
    "mood_party": {
        "all": {
            "not_party": 0.95903468132,
            "party": 0.0409653000534
        },
        "probability": 0.95903468132,
        "value": "not_party"
    },
    "mood_relaxed": {
        "all": {
            "not_relaxed": 0.00561101641506,
            "relaxed": 0.994388997555
        },
        "probability": 0.994388997555,
        "value": "relaxed"
    },
    "mood_sad": {
        "all": {
            "not_sad": 0.55044144392,
            "sad": 0.44955855608
        },
        "probability": 0.55044144392,
        "value": "not_sad"
    },
    "moods_mirex": {
        "all": {
            "Cluster1": 0.283459216356,
            "Cluster2": 0.148032054305,
            "Cluster3": 0.270810723305,
            "Cluster4": 0.0908724442124,
            "Cluster5": 0.206825554371
        },
        "probability": 0.283459216356,
        "value": "Cluster1"
    },
    "timbre": {
        "all": {
            "bright": 0.313056737185,
            "dark": 0.686943233013
        },
        "probability": 0.686943233013,
        "value": "dark"
    },
    "tonal_atonal": {
        "all": {
            "atonal": 0.383026480675,
            "tonal": 0.616973519325
        },
        "probability": 0.616973519325,
        "value": "tonal"
    },
    "voice_instrumental": {
        "all": {
            "instrumental": 0.999998450279,
            "voice": 1.5577220438e-06
        },
        "probability": 0.999998450279,
        "value": "instrumental"
    }
},
"lowlevel": {
    "average_loudness": 0.97018122673,
    "barkbands_crest": {
        "dmean": 3.23418140411,
        "dmean2": 4.7633471489,
        "dvar": 7.58872270584,
        "dvar2": 15.1992340088,
        "max": 26.3447418213,
        "mean": 13.7567596436,
        "median": 12.8290328979,
        "min": 3.33240056038,
        "var": 25.8187389374
    },
    "barkbands_flatness_db": {
        "dmean": 0.0485430918634,
        "dmean2": 0.0668780058622,
        "dvar": 0.00239610439166,
        "dvar2": 0.00369699229486,
        "max": 0.733111023903,
        "mean": 0.369606047869,
        "median": 0.373085021973,
        "min": 0.133030474186,
        "var": 0.0112695302814
    },
    "barkbands_kurtosis": {
        "dmean": 20.8853378296,
        "dmean2": 32.3224716187,
        "dvar": 3362.10449219,
        "dvar2": 8258.890625,
        "max": 693.43951416,
        "mean": 26.4650344849,
        "median": 10.5136880875,
        "min": -1.37180709839,
        "var": 3415.6875
    },
    "barkbands_skewness": {
        "dmean": 1.27357804775,
        "dmean2": 2.02030062675,
        "dvar": 3.21874809265,
        "dvar2": 7.55837726593,
        "max": 20.1505813599,
        "mean": 2.43789553642,
        "median": 1.91544377804,
        "min": -1.55242109299,
        "var": 5.37897634506
    },
    "barkbands_spread": {
        "dmean": 1.72102832794,
        "dmean2": 2.6718890667,
        "dvar": 6.10677814484,
        "dvar2": 12.595905304,
        "max": 27.5796546936,
        "mean": 4.35538625717,
        "median": 2.5328309536,
        "min": 0.0688466951251,
        "var": 23.319890976
    },
    "dissonance": {
        "dmean": 0.0373216383159,
        "dmean2": 0.0625158548355,
        "dvar": 0.00119391735643,
        "dvar2": 0.00324812415056,
        "max": 0.499998301268,
        "mean": 0.412479937077,
        "median": 0.424831002951,
        "min": 0.210538759828,
        "var": 0.0033780282829
    },
    "dynamic_complexity": 2.58182573318,
    "erbbands_crest": {
        "dmean": 3.52056455612,
        "dmean2": 5.68403911591,
        "dvar": 9.60385036469,
        "dvar2": 24.7301464081,
        "max": 30.1617584229,
        "mean": 14.1774654388,
        "median": 13.6901941299,
        "min": 3.79222869873,
        "var": 29.4254436493
    },
    "erbbands_flatness_db": {
        "dmean": 0.0269459784031,
        "dmean2": 0.0417088121176,
        "dvar": 0.000677907548379,
        "dvar2": 0.00157997291535,
        "max": 0.472920417786,
        "mean": 0.315111726522,
        "median": 0.315236032009,
        "min": 0.149982452393,
        "var": 0.00270653073676
    },
    "erbbands_kurtosis": {
        "dmean": 4.69952774048,
        "dmean2": 7.22420978546,
        "dvar": 47.314491272,
        "dvar2": 113.034423828,
        "max": 75.775428772,
        "mean": 6.3232421875,
        "median": 2.86182403564,
        "min": -1.65692031384,
        "var": 88.0920257568
    },
    "erbbands_skewness": {
        "dmean": 0.737373292446,
        "dmean2": 1.14876997471,
        "dvar": 0.603030025959,
        "dvar2": 1.43691432476,
        "max": 7.55316114426,
        "mean": 1.81221735477,
        "median": 1.58738803864,
        "min": -0.973219454288,
        "var": 2.10705828667
    },
    "erbbands_spread": {
        "dmean": 5.80143404007,
        "dmean2": 9.26591014862,
        "dvar": 42.7222557068,
        "dvar2": 109.015586853,
        "max": 72.7673950195,
        "mean": 16.6247158051,
        "median": 14.3273744583,
        "min": 1.90875554085,
        "var": 103.020446777
    },
    "hfc": {
        "dmean": 5.33752965927,
        "dmean2": 8.56915473938,
        "dvar": 80.2669219971,
        "dvar2": 219.266387939,
        "max": 80.9260635376,
        "mean": 10.4092664719,
        "median": 7.93206453323,
        "min": 0.0423250943422,
        "var": 110.74974823
    },
    "melbands_crest": {
        "dmean": 4.08180809021,
        "dmean2": 6.47482061386,
        "dvar": 16.6207904816,
        "dvar2": 31.4651222229,
        "max": 37.8850326538,
        "mean": 19.5143432617,
        "median": 18.3304653168,
        "min": 4.78113365173,
        "var": 50.3670845032
    },
    "melbands_flatness_db": {
        "dmean": 0.0564325414598,
        "dmean2": 0.0761957317591,
        "dvar": 0.00336292991415,
        "dvar2": 0.00482402043417,
        "max": 0.895756602287,
        "mean": 0.475686579943,
        "median": 0.48882162571,
        "min": 0.149601072073,
        "var": 0.018176516518
    },
    "melbands_kurtosis": {
        "dmean": 22.3424186707,
        "dmean2": 36.5938835144,
        "dvar": 2196.69873047,
        "dvar2": 4645.66259766,
        "max": 731.719238281,
        "mean": 34.3531188965,
        "median": 18.2810134888,
        "min": -0.962617397308,
        "var": 3100.05981445
    },
    "melbands_skewness": {
        "dmean": 1.2257348299,
        "dmean2": 1.93319940567,
        "dvar": 2.49832296371,
        "dvar2": 5.36643314362,
        "max": 22.699388504,
        "mean": 3.11352562904,
        "median": 2.62072992325,
        "min": -1.32129383087,
        "var": 5.22317790985
    },
    "melbands_spread": {
        "dmean": 2.15312576294,
        "dmean2": 3.36943006516,
        "dvar": 11.9965047836,
        "dvar2": 25.4120864868,
        "max": 37.3332252502,
        "mean": 5.28454113007,
        "median": 2.68276977539,
        "min": 0.0854047909379,
        "var": 44.3463134766
    },
    "pitch_salience": {
        "dmean": 0.10422322154,
        "dmean2": 0.164036363363,
        "dvar": 0.0107460357249,
        "dvar2": 0.02158883214,
        "max": 0.853369653225,
        "mean": 0.479413598776,
        "median": 0.504698634148,
        "min": 0.0460815653205,
        "var": 0.0326208658516
    },
    "silence_rate_20dB": {
        "dmean": 0,
        "dmean2": 0,
        "dvar": 0,
        "dvar2": 0,
        "max": 1,
        "mean": 1,
        "median": 1,
        "min": 1,
        "var": 0
    },
    "silence_rate_30dB": {
        "dmean": 0.0959752351046,
        "dmean2": 0.192099153996,
        "dvar": 0.0867632552981,
        "dvar2": 0.167589232326,
        "max": 1,
        "mean": 0.86697602272,
        "median": 1,
        "min": 0,
        "var": 0.115328215063
    },
    "silence_rate_60dB": {
        "dmean": 0.0201238393784,
        "dmean2": 0.0402788519859,
        "dvar": 0.0197188127786,
        "dvar2": 0.0448530875146,
        "max": 1,
        "mean": 0.0371229685843,
        "median": 0,
        "min": 0,
        "var": 0.035744741559
    },
    "spectral_centroid": {
        "dmean": 83.6781158447,
        "dmean2": 123.718505859,
        "dvar": 16066.1425781,
        "dvar2": 29762.4101562,
        "max": 1579.59973145,
        "mean": 375.832061768,
        "median": 283.663909912,
        "min": 74.4396591187,
        "var": 74943.09375
    },
    "spectral_complexity": {
        "dmean": 2.4311144352,
        "dmean2": 3.48876833916,
        "dvar": 11.0284318924,
        "dvar2": 18.6403846741,
        "max": 41,
        "mean": 8.67517375946,
        "median": 6,
        "min": 1,
        "var": 71.0514984131
    },
    "spectral_decrease": {
        "dmean": 7.22180448776e-09,
        "dmean2": 1.08961604184e-08,
        "dvar": 1.0134945752e-16,
        "dvar2": 1.81078200538e-16,
        "max": -3.08543329774e-11,
        "mean": -1.30363160267e-08,
        "median": -7.84629961004e-09,
        "min": -6.69195046044e-08,
        "var": 2.07106596565e-16
    },
    "spectral_energy": {
        "dmean": 0.0276979766786,
        "dmean2": 0.0418607629836,
        "dvar": 0.00147621380165,
        "dvar2": 0.00266194320284,
        "max": 0.254007875919,
        "mean": 0.0501461923122,
        "median": 0.0305539257824,
        "min": 0.000120958560728,
        "var": 0.00299257412553
    },
    "spectral_energyband_high": {
        "dmean": 8.94017011888e-06,
        "dmean2": 1.32046725412e-05,
        "dvar": 3.61769503243e-10,
        "dvar2": 7.9419537613e-10,
        "max": 0.000232856822549,
        "mean": 1.25232809296e-05,
        "median": 4.20543074142e-07,
        "min": 3.38118089083e-09,
        "var": 9.71488001156e-10
    },
    "spectral_energyband_low": {
        "dmean": 0.0200261510909,
        "dmean2": 0.0287066008896,
        "dvar": 0.0013659466058,
        "dvar2": 0.00206275330856,
        "max": 0.250710040331,
        "mean": 0.0301957428455,
        "median": 0.0062410691753,
        "min": 3.81525268267e-07,
        "var": 0.00308519811369
    },
    "spectral_energyband_middle_high": {
        "dmean": 0.00112985877786,
        "dmean2": 0.00182362063788,
        "dvar": 1.20080549095e-05,
        "dvar2": 3.36681077897e-05,
        "max": 0.0411035008729,
        "mean": 0.00194448733237,
        "median": 0.000267734314548,
        "min": 1.32944239795e-06,
        "var": 1.73493244802e-05
    },
    "spectral_energyband_middle_low": {
        "dmean": 0.0126090580598,
        "dmean2": 0.0214406698942,
        "dvar": 0.000349095178535,
        "dvar2": 0.000956068455707,
        "max": 0.1456836164,
        "mean": 0.0212697256356,
        "median": 0.0155476639047,
        "min": 5.29706376255e-05,
        "var": 0.000452611158835
    },
    "spectral_entropy": {
        "dmean": 0.379356563091,
        "dmean2": 0.585477948189,
        "dvar": 0.13979203999,
        "dvar2": 0.319307714701,
        "max": 7.67418766022,
        "mean": 5.88575077057,
        "median": 5.74195861816,
        "min": 4.06962299347,
        "var": 0.602555274963
    },
    "spectral_flux": {
        "dmean": 0.0535842068493,
        "dmean2": 0.0833835154772,
        "dvar": 0.00414700387046,
        "dvar2": 0.00773556251079,
        "max": 0.494813680649,
        "mean": 0.120901159942,
        "median": 0.0883937552571,
        "min": 0.00663332082331,
        "var": 0.00912474375218
    },
    "spectral_kurtosis": {
        "dmean": 24.7789974213,
        "dmean2": 40.5865898132,
        "dvar": 619.143859863,
        "dvar2": 1502.18359375,
        "max": 299.535430908,
        "mean": 47.4427337646,
        "median": 41.3273925781,
        "min": 0.0583333969116,
        "var": 1479.63513184
    },
    "spectral_rms": {
        "dmean": 0.00181310460903,
        "dmean2": 0.00263832043856,
        "dvar": 4.38457209384e-06,
        "dvar2": 7.78104094934e-06,
        "max": 0.0157420635223,
        "mean": 0.00615592952818,
        "median": 0.00545973517001,
        "min": 0.000343523424817,
        "var": 1.10275896077e-05
    },
    "spectral_rolloff": {
        "dmean": 122.798881531,
        "dmean2": 201.020217896,
        "dvar": 57617.7148438,
        "dvar2": 124642.773438,
        "max": 2239.453125,
        "mean": 437.508850098,
        "median": 301.46484375,
        "min": 43.06640625,
        "var": 185180.828125
    },
    "spectral_skewness": {
        "dmean": 1.47927212715,
        "dmean2": 2.42914390564,
        "dvar": 1.70740520954,
        "dvar2": 4.27345228195,
        "max": 14.3028841019,
        "mean": 4.50150442123,
        "median": 4.37495708466,
        "min": 0.85543680191,
        "var": 4.91049861908
    },
    "spectral_spread": {
        "dmean": 411560.53125,
        "dmean2": 689800.4375,
        "dvar": 411304361984,
        "dvar2": 666214989824,
        "max": 19627572,
        "mean": 1480418.125,
        "median": 1376199.625,
        "min": 323150.78125,
        "var": 565684666368
    },
    "spectral_strongpeak": {
        "dmean": 0.3704623878,
        "dmean2": 0.599142253399,
        "dvar": 0.131322056055,
        "dvar2": 0.338318496943,
        "max": 3.38473582268,
        "mean": 0.848971426487,
        "median": 0.731595516205,
        "min": 0,
        "var": 0.35521671176
    },
    "zerocrossingrate": {
        "dmean": 0.00311940675601,
        "dmean2": 0.00326592451893,
        "dvar": 1.42720582517e-05,
        "dvar2": 1.3107111954e-05,
        "max": 0.06689453125,
        "mean": 0.0157333817333,
        "median": 0.01220703125,
        "min": 0.00146484375,
        "var": 0.000136025963002
    },
    "barkbands": {
        "dmean": [0.0017817231128, 0.0139334211126, 0.00851109344512, 0.00560404034331, 0.00525168189779, 0.00146766065154, 0.00192209274974, 0.000582569336984, 0.000206487253308, 0.000316346326144, 0.000237321757595, 0.000110617285827, 0.000238704495132, 0.000182173447683, 0.000177770431037, 0.00012010178034, 6.46907428745e-05, 2.58104028035e-05, 1.49728757606e-05, 6.19440606897e-06, 2.91467608804e-06, 2.74667218036e-06, 6.74618775065e-07, 1.45966893683e-07, 2.11363566649e-08, 7.17218640034e-09, 3.46323414391e-09],
        "dmean2": [0.00254284148104, 0.0179220624268, 0.0156889092177, 0.0098458211869, 0.00904460716993, 0.00249549909495, 0.00310937082395, 0.00107551482506, 0.000372768350644, 0.000503892777488, 0.000403985090088, 0.000193511063117, 0.000429784267908, 0.000318934646202, 0.00028275794466, 0.000183883443242, 9.93243302219e-05, 4.12262015743e-05, 2.15040890907e-05, 9.3792041298e-06, 4.0941640691e-06, 4.73719228467e-06, 1.08965309664e-06, 2.22019821194e-07, 2.68027502415e-08, 9.38554656216e-09, 5.1860502559e-09],
        "dvar": [1.5921310478e-05, 0.00108519592322, 0.000398631993448, 0.00012728733418, 7.21668620827e-05, 1.09899765448e-05, 1.77345955308e-05, 6.51086747894e-06, 4.03108856517e-07, 6.8460701641e-07, 7.40221821616e-07, 1.18200226495e-07, 1.15642922083e-06, 3.60255512533e-07, 2.15196848785e-07, 1.32062567104e-07, 2.99923321734e-08, 6.6842686941e-09, 1.88556925629e-09, 2.59002846947e-10, 5.93431762064e-11, 4.36169260432e-11, 2.3829566792e-12, 1.30993902791e-13, 2.41230426341e-14, 2.07066792369e-14, 2.57660519236e-15],
        "dvar2": [2.91161959467e-05, 0.00137945392635, 0.00111813819967, 0.000365322019206, 0.000189072292414, 2.9885175536e-05, 4.49829421996e-05, 1.86088545888e-05, 1.13970224902e-06, 1.79417509116e-06, 2.04324805964e-06, 3.29232079821e-07, 3.39124812854e-06, 1.06095762931e-06, 5.45451428025e-07, 3.19847458741e-07, 7.1547944458e-08, 1.83747399518e-08, 3.86131704389e-09, 6.0172317129e-10, 1.20659773839e-10, 1.19084020422e-10, 5.77793975859e-12, 2.70429891588e-13, 2.57913604211e-14, 2.07040415763e-14, 2.59374215119e-15],
        "max": [0.0330674722791, 0.236674919724, 0.111013688147, 0.114888846874, 0.089447721839, 0.0438186600804, 0.0438459441066, 0.0269368067384, 0.00934703368694, 0.00977769400924, 0.00914415251464, 0.00417167879641, 0.0149914724752, 0.00682122120634, 0.00592722510919, 0.00546698272228, 0.002065716777, 0.00105801492464, 0.000589110888541, 0.000223202980123, 0.000138903036714, 5.17016669619e-05, 1.65478504641e-05, 5.52997153136e-06, 5.3260414461e-06, 5.18210845257e-06, 1.82473718269e-06],
        "mean": [0.00195636274293, 0.0179337188601, 0.00708840694278, 0.00653751706704, 0.00842637661844, 0.00246063270606, 0.00305999466218, 0.000455404748209, 0.000205608070246, 0.000524365750607, 0.000278164428892, 0.000120642500406, 0.000253599428106, 0.000220385380089, 0.000278689956758, 0.000172562038642, 9.77267482085e-05, 3.53335817636e-05, 2.3559336114e-05, 8.95181528904e-06, 4.67221207145e-06, 2.5249751161e-06, 8.08672780295e-07, 1.92063041027e-07, 3.31080620697e-08, 8.7981453234e-09, 3.03686320535e-09],
        "median": [0.000295473000733, 0.00117124745157, 0.00130791612901, 0.00250008958392, 0.00332117825747, 0.000743982032873, 0.00047495108447, 2.35860843532e-05, 2.1817326342e-05, 5.95282908762e-05, 1.8488484784e-05, 1.10494984256e-05, 2.26554020628e-05, 1.63496151799e-05, 3.05389621644e-05, 1.37800407174e-05, 5.1984629863e-06, 1.6623018837e-06, 6.42400095785e-07, 4.13662718302e-07, 1.37408150636e-07, 4.62122962119e-08, 1.98428331544e-08, 1.02484012388e-08, 7.34727656493e-09, 3.77438169608e-09, 4.48929116104e-10],
        "min": [2.15652024016e-10, 3.77273545737e-09, 5.85436055189e-08, 8.84098881215e-07, 4.4765970415e-06, 1.08124868348e-06, 8.34821662465e-07, 8.02440354164e-08, 3.08599972243e-08, 4.70986023515e-08, 8.7901128154e-08, 3.03443457028e-08, 1.06875511108e-07, 6.11987331922e-08, 1.7158399146e-07, 1.8983723038e-08, 2.29576713195e-08, 6.69592292724e-09, 5.48205836282e-09, 3.19106141511e-09, 9.86438819517e-10, 1.06546341194e-10, 6.01676087425e-12, 5.04729374615e-12, 7.38617240287e-12, 1.07098201835e-11, 1.46457637684e-11],
        "var": [2.14369101741e-05, 0.00218563666567, 0.000274861144135, 0.000122496319818, 0.000138869057992, 1.77845267899e-05, 3.30517032125e-05, 4.07018660553e-06, 3.27464874772e-07, 1.41414432164e-06, 8.42941290102e-07, 1.16852767462e-07, 7.87518786183e-07, 3.89589729366e-07, 4.53826004332e-07, 2.35810347249e-07, 6.88354973022e-08, 1.03739674628e-08, 4.93900431664e-09, 5.71073022204e-10, 1.8087573106e-10, 3.81828180185e-11, 3.9659039941e-12, 2.83150347787e-13, 3.1008849595e-14, 2.0736528678e-14, 2.57727688949e-15]
    },
    "erbbands": {
        "dmean": [0.65688598156, 2.80288720131, 8.71369075775, 15.38560009, 19.6407108307, 17.2780838013, 10.0851821899, 13.515581131, 26.91639328, 24.3191318512, 8.53924274445, 4.85685062408, 8.33383083344, 10.8799352646, 6.99951410294, 5.18510007858, 12.049870491, 8.27198505402, 9.65143871307, 7.76585006714, 6.15541791916, 3.30530309677, 1.47382044792, 1.01045560837, 0.534486651421, 0.290597259998, 0.160683467984, 0.103936031461, 0.0782267674804, 0.0630658045411, 0.0191382225603, 0.00560054834932, 0.0011413685279, 0.000345380714862, 0.000118110896437, 3.97380099457e-05, 1.75361892616e-05, 3.4448680708e-06, 1.26754312078e-05, 3.02124899463e-05],
        "dmean2": [0.885403513908, 3.68524837494, 15.4254541397, 27.1281433105, 34.1310997009, 29.4307003021, 16.9082603455, 23.0268363953, 42.8325271606, 42.872013092, 15.4671611786, 8.77651786804, 13.8583564758, 17.1809921265, 12.3530673981, 9.10202503204, 21.7175312042, 14.5563936234, 15.7662267685, 11.8125753403, 10.1323041916, 4.95941162109, 2.28783679008, 1.55240952969, 0.739672243595, 0.441902190447, 0.239625751972, 0.154360994697, 0.131859049201, 0.108230009675, 0.031763702631, 0.00880175456405, 0.00157195108477, 0.00044404467917, 0.00015023733431, 5.06468531967e-05, 2.23104325414e-05, 4.60489718535e-06, 1.90248501895e-05, 4.57322021248e-05],
        "dvar": [2.67155480385, 43.191860199, 412.531066895, 1049.25952148, 1098.08422852, 959.161987305, 401.551147461, 1121.46203613, 3262.50463867, 8211.76660156, 1013.71643066, 219.598251343, 660.726013184, 917.410705566, 711.300476074, 315.984802246, 3046.02685547, 805.189880371, 772.467590332, 471.074157715, 318.392425537, 79.9192047119, 21.3840122223, 10.4147129059, 2.24518966675, 0.53444236517, 0.194024950266, 0.0626961514354, 0.0327638909221, 0.0242108087987, 0.00196584872901, 0.000167997219251, 1.23005247588e-05, 3.46769093085e-06, 1.11240683509e-06, 3.56069506324e-07, 6.83917917854e-08, 3.80382880749e-09, 3.40546951749e-10, 1.7378328776e-09],
        "dvar2": [3.82614088058, 73.162727356, 1127.47302246, 2969.97705078, 3147.05395508, 2571.66674805, 1032.86401367, 3060.81225586, 8421.38378906, 23380.4414062, 2879.23461914, 621.085876465, 1826.13049316, 2358.56933594, 2058.61328125, 878.422729492, 8931.92382812, 2357.52612305, 2112.67114258, 1120.10083008, 791.518676758, 181.06489563, 55.6880455017, 25.4778938293, 4.33732795715, 1.20313942432, 0.445216864347, 0.131403401494, 0.0869417116046, 0.0656922236085, 0.0049071284011, 0.000387883017538, 1.77876954695e-05, 4.1259045247e-06, 1.14494014269e-06, 3.56127713985e-07, 6.83974974436e-08, 3.80893672158e-09, 5.77129066759e-10, 3.1666720357e-09],
        "max": [10.6368370056, 50.0628471375, 134.656219482, 325.120269775, 342.937164307, 275.662841797, 331.166595459, 465.630462646, 764.499023438, 985.208190918, 272.370178223, 220.273605347, 338.952880859, 390.798736572, 290.02557373, 231.201751709, 772.931091309, 345.613067627, 334.360198975, 290.539306641, 212.936935425, 114.491706848, 63.2891159058, 53.6640357971, 18.3574810028, 8.60540962219, 7.32682514191, 3.88566231728, 1.73221087456, 1.24669706821, 0.434802979231, 0.137481972575, 0.0881398618221, 0.0596411973238, 0.0370071306825, 0.0214987639338, 0.00942645873874, 0.00222107861191, 0.000280294567347, 0.000273901008768],
        "mean": [0.748396754265, 3.1381456852, 7.3754734993, 16.6867713928, 27.186372757, 27.5048789978, 18.8885440826, 22.333530426, 46.4284744263, 25.1680240631, 7.62146663666, 4.90842723846, 10.6613845825, 19.5612640381, 7.59647750854, 6.08350276947, 12.541009903, 10.4356479645, 14.1916675568, 12.3609552383, 9.16338920593, 5.44331264496, 2.3033182621, 1.48883807659, 0.866883993149, 0.440793812275, 0.245516330004, 0.152671217918, 0.0818862617016, 0.0576619356871, 0.021103285253, 0.00694585870951, 0.0018168175593, 0.000571942946408, 0.000194299806026, 6.67474378133e-05, 2.96151738439e-05, 4.83911480842e-06, 2.31696885749e-05, 5.49581673113e-05],
        "median": [0.0432044565678, 0.210527732968, 1.4655547142, 6.24234342575, 11.775384903, 10.0208730698, 6.05786514282, 7.12191009521, 10.1583995819, 2.85980319977, 0.796874642372, 0.616993784904, 1.33035588264, 1.66473793983, 0.921577572823, 0.670740187168, 1.10912621021, 1.04215455055, 1.42482674122, 1.28426516056, 0.770087182522, 0.304007053375, 0.125228241086, 0.0564006604254, 0.0258139502257, 0.0211122129112, 0.00896218512207, 0.00389284826815, 0.00178392848466, 0.000962155230809, 0.000567312759813, 0.000289714662358, 0.000171510138898, 0.000129562788061, 6.7344015406e-05, 3.85681923945e-05, 1.97086283151e-05, 2.43533781941e-06, 1.45529966176e-05, 3.4225780837e-05],
        "min": [2.38882967096e-06, 2.2122701921e-05, 0.000300061423331, 0.00686822924763, 0.0254215486348, 0.00794392079115, 0.0138534065336, 0.0117612276226, 0.0239549130201, 0.00679268548265, 0.00270007969812, 0.00108173734043, 0.00146968488116, 0.00195973785594, 0.00487902807072, 0.00437604170293, 0.00455250078812, 0.00566321332008, 0.00885983277112, 0.00279388669878, 0.00141619495116, 0.00112385721877, 0.000488631310873, 0.000316912279231, 0.000213037405047, 0.000156977170263, 7.90703270468e-05, 1.6959518689e-05, 4.86784801979e-06, 2.01847865355e-06, 3.73812213184e-07, 2.08748446084e-07, 2.17929184032e-07, 1.86297697269e-07, 1.38971373076e-07, 1.11730003027e-07, 6.92021870918e-08, 1.73035576978e-08, 5.99298459747e-08, 1.35684786073e-07],
        "var": [4.45702457428, 69.6183929443, 300.09085083, 907.278808594, 1480.71813965, 1772.24035645, 1477.24377441, 1541.11743164, 6861.50976562, 5676.27978516, 716.982666016, 180.98878479, 714.41595459, 2399.32861328, 501.365142822, 301.325073242, 2040.60620117, 808.779296875, 1264.53601074, 1071.63916016, 604.521484375, 211.239028931, 40.6795768738, 19.6161022186, 6.462413311, 1.32145774364, 0.476959824562, 0.183050751686, 0.0367316827178, 0.0206184294075, 0.00257665361278, 0.000313405034831, 3.07876289298e-05, 5.4095012274e-06, 1.29570832996e-06, 3.58530257927e-07, 6.86170196218e-08, 3.80882170248e-09, 6.39141795045e-10, 3.49064110949e-09]
    },
    "gfcc": {
        "mean": [-162.274658203, 215.949493408, -102.089988708, 11.0936384201, -12.3262777328, -16.3163051605, -31.0569496155, -25.7492923737, -7.04979705811, -14.2043972015, -6.14155340195, -11.1471176147, 3.20613431931],
        "cov": [[6005.08251953, -727.101074219, -2253.50683594, 500.955535889, -1336.1315918, -154.407745361, 25.8796138763, -162.696365356, 231.056427002, -204.512939453, 11.0396585464, -139.035018921, -185.255935669], [-727.101074219, 695.142333984, 391.505432129, -373.573028564, 255.415679932, -140.972427368, -83.2467575073, -53.9680786133, -123.234977722, -16.7964267731, -33.6569137573, 4.32700157166, 48.4922676086], [-2253.50683594, 391.505432129, 2542.31225586, 402.521453857, 955.262268066, 497.523712158, 340.126159668, 173.012023926, 119.983009338, 175.750823975, 32.5726394653, 80.5902099609, 21.9138145447], [500.955535889, -373.573028564, 402.521453857, 776.623596191, 74.7354202271, 317.634979248, 253.637908936, 23.4541721344, 185.351150513, 9.95000743866, 20.2996997833, -27.2272853851, -90.6394577026], [-1336.1315918, 255.415679932, 955.262268066, 74.7354202271, 713.361328125, 205.046966553, 124.333396912, 81.9658660889, -35.1753196716, 84.8301010132, 17.1342105865, 23.0339488983, 44.593082428], [-154.407745361, -140.972427368, 497.523712158, 317.634979248, 205.046966553, 320.40814209, 200.076812744, 104.347305298, 108.871299744, 60.9099311829, 34.3283424377, 11.4014844894, -25.5676059723], [25.8796138763, -83.2467575073, 340.126159668, 253.637908936, 124.333396912, 200.076812744, 273.476501465, 119.578826904, 158.279937744, 65.1178436279, 46.247303009, 32.2709846497, -18.4277667999], [-162.696365356, -53.9680786133, 173.012023926, 23.4541721344, 81.9658660889, 104.347305298, 119.578826904, 170.065048218, 96.6343307495, 83.4724578857, 43.6644325256, 36.5919799805, 28.1319236755], [231.056427002, -123.234977722, 119.983009338, 185.351150513, -35.1753196716, 108.871299744, 158.279937744, 96.6343307495, 187.542877197, 70.46484375, 56.0807571411, 32.4046516418, -8.69488525391], [-204.512939453, -16.7964267731, 175.750823975, 9.95000743866, 84.8301010132, 60.9099311829, 65.1178436279, 83.4724578857, 70.46484375, 109.570251465, 61.6841201782, 37.7220497131, 25.380191803], [11.0396585464, -33.6569137573, 32.5726394653, 20.2996997833, 17.1342105865, 34.3283424377, 46.247303009, 43.6644325256, 56.0807571411, 61.6841201782, 80.4288482666, 41.2154769897, 23.4582881927], [-139.035018921, 4.32700157166, 80.5902099609, -27.2272853851, 23.0339488983, 11.4014844894, 32.2709846497, 36.5919799805, 32.4046516418, 37.7220497131, 41.2154769897, 75.2696914673, 44.4169235229], [-185.255935669, 48.4922676086, 21.9138145447, -90.6394577026, 44.593082428, -25.5676059723, -18.4277667999, 28.1319236755, -8.69488525391, 25.380191803, 23.4582881927, 44.4169235229, 82.6644287109]],
        "icov": [[0.000451400643215, -0.000292361248285, 0.000345628533978, -0.000444348144811, 0.000593646371271, -0.000235039493418, -0.00021894837846, 6.31308212178e-05, -0.000183309442946, 0.000254581129411, -0.000433053879533, 0.000479036825709, -9.08983129193e-05], [-0.000292361248285, 0.00402697222307, -0.0011841126252, 0.00262741115876, -0.00143352558371, 0.00192880840041, -0.0013400366297, 0.00189457472879, -0.000779969850555, 0.0014941614354, -0.00037473620614, 0.00137493992224, -0.000569513475057], [0.000345628533978, -0.0011841126252, 0.00158677110448, -0.00096461904468, -0.000552240642719, -0.00139420642518, 0.000357277080184, 0.000102526748378, -0.00065010500839, -0.00105691223871, 0.00133560248651, -0.00139957794454, 0.000531431403942], [-0.000444348144811, 0.00262741115876, -0.00096461904468, 0.00546851474792, -0.00122436939273, -0.00174615497235, -0.00160727638286, 0.00396326975897, -0.00346441753209, 0.00221202196553, -0.000367173284758, 0.00193748250604, 0.00014766860113], [0.000593646371271, -0.00143352558371, -0.000552240642719, -0.00122436939273, 0.00531508028507, -0.00142486474942, -0.00202508899383, -0.000668600201607, 0.00440281350166, -0.00224676704966, -0.000961624318734, 0.00224662595429, -0.0023379214108], [-0.000235039493418, 0.00192880840041, -0.00139420642518, -0.00174615497235, -0.00142486474942, 0.0111860577017, -0.00309978425503, -0.00336086167954, 0.00197164551355, 0.000595818914007, -0.00178248179145, 0.000972482783254, 0.00148567929864], [-0.00021894837846, -0.0013400366297, 0.000357277080184, -0.00160727638286, -0.00202508899383, -0.00309978425503, 0.0138349253684, -0.00456839613616, -0.0072344020009, 0.00273187691346, 0.000157228234457, -0.00465325685218, 0.00406681094319], [6.31308212178e-05, 0.00189457472879, 0.000102526748378, 0.00396326975897, -0.000668600201607, -0.00336086167954, -0.00456839613616, 0.0168666653335, -0.00514039071277, -0.00603920174763, 0.00336174434051, 0.0020553227514, -0.00483348453417], [-0.000183309442946, -0.000779969850555, -0.00065010500839, -0.00346441753209, 0.00440281350166, 0.00197164551355, -0.0072344020009, -0.00514039071277, 0.0210682693869, -0.00708811543882, -0.00278344959952, -0.00128073769156, 0.00066210370278], [0.000254581129411, 0.0014941614354, -0.00105691223871, 0.00221202196553, -0.00224676704966, 0.000595818914007, 0.00273187691346, -0.00603920174763, -0.00708811543882, 0.0281792562455, -0.0152850802988, 0.00168487557676, 0.000495074957144], [-0.000433053879533, -0.00037473620614, 0.00133560248651, -0.000367173284758, -0.000961624318734, -0.00178248179145, 0.000157228234457, 0.00336174434051, -0.00278344959952, -0.0152850802988, 0.0303470212966, -0.0105264177546, -0.00120452186093], [0.000479036825709, 0.00137493992224, -0.00139957794454, 0.00193748250604, 0.00224662595429, 0.000972482783254, -0.00465325685218, 0.0020553227514, -0.00128073769156, 0.00168487557676, -0.0105264177546, 0.0299843773246, -0.0136614590883], [-9.08983129193e-05, -0.000569513475057, 0.000531431403942, 0.00014766860113, -0.0023379214108, 0.00148567929864, 0.00406681094319, -0.00483348453417, 0.00066210370278, 0.000495074957144, -0.00120452186093, -0.0136614590883, 0.0241206791252]]
    },
    "melbands": {
        "dmean": [0.00454456126317, 0.00387653918006, 0.0027231099084, 0.00135915842839, 0.000402645295253, 0.000297820195556, 0.000401458470151, 0.000240014749579, 5.57234161533e-05, 2.9999162507e-05, 4.20338328695e-05, 4.47812853963e-05, 2.84805646515e-05, 1.18522439152e-05, 2.0415722247e-05, 2.31613794313e-05, 1.55051820911e-05, 1.64938101079e-05, 1.23676163639e-05, 8.74923171068e-06, 7.52849746277e-06, 3.95052302338e-06, 1.88439901194e-06, 1.08178130631e-06, 8.42987105898e-07, 5.50055290205e-07, 2.49518706141e-07, 1.86531764257e-07, 1.14587606959e-07, 7.05175651206e-08, 6.19538411684e-08, 4.79810893239e-08, 4.83220787828e-08, 2.65942077249e-08, 1.29837705032e-08, 5.2883786239e-09, 2.46416642646e-09, 8.86458351168e-10, 4.14669298898e-10, 2.49363640847e-10],
        "dmean2": [0.00607178919017, 0.00609881803393, 0.00478832703084, 0.00232502887957, 0.000681673001964, 0.000507978198584, 0.000638458470348, 0.000431318592746, 0.000100936529634, 5.40283799637e-05, 6.96951974533e-05, 7.03000114299e-05, 4.98556728417e-05, 2.06689801416e-05, 3.66341228073e-05, 4.15900394728e-05, 2.70045457e-05, 2.77728177025e-05, 1.91947219719e-05, 1.38960913318e-05, 1.28730534925e-05, 6.26559267403e-06, 2.96076723316e-06, 1.76549667685e-06, 1.31367085032e-06, 8.08763275018e-07, 3.5813559407e-07, 2.95920557392e-07, 1.7573195521e-07, 1.0225980418e-07, 9.75052714125e-08, 8.1379745609e-08, 8.41095157966e-08, 4.49672441505e-08, 2.17745981246e-08, 8.61936122476e-09, 3.73757735872e-09, 1.27540344952e-09, 5.7763299699e-10, 3.38426925373e-10],
        "dvar": [0.000124097015942, 6.87318970449e-05, 2.7113899705e-05, 4.9320888138e-06, 5.7145706478e-07, 4.98489328038e-07, 6.99106180946e-07, 8.82289043602e-07, 4.03577260499e-08, 8.30769142368e-09, 1.64005253822e-08, 1.44940681679e-08, 1.20512932966e-08, 1.22259680158e-09, 7.28585769494e-09, 1.0998327582e-08, 2.79114176216e-09, 2.38248998308e-09, 1.08431441603e-09, 8.03520638915e-10, 5.10117836861e-10, 1.22773222144e-10, 2.87571320923e-11, 1.36958526117e-11, 7.73863525344e-12, 2.66437024353e-12, 5.29592049468e-13, 2.30714156547e-13, 1.0477459422e-13, 3.65690245826e-14, 2.11539075509e-14, 1.2287834121e-14, 1.42676330277e-14, 4.04886280414e-15, 9.42278837558e-16, 1.43684634062e-16, 3.47840862671e-17, 7.71772332811e-18, 3.60083714763e-18, 2.1546561896e-18],
        "dvar2": [0.000160658251843, 0.000165436984389, 7.76289816713e-05, 1.31495244204e-05, 1.4922113678e-06, 1.33322555484e-06, 1.7778243091e-06, 2.52117479249e-06, 1.15531612721e-07, 2.34028156854e-08, 4.51751063224e-08, 3.70528354665e-08, 3.45786368428e-08, 3.35946093166e-09, 2.10782360455e-08, 3.21712789741e-08, 8.24841972502e-09, 6.63922339328e-09, 2.57427279493e-09, 2.0500463549e-09, 1.33287059167e-09, 2.98437691226e-10, 6.63589599936e-11, 3.88560884856e-11, 1.91837327274e-11, 5.64410193929e-12, 1.15734245104e-12, 5.47772168336e-13, 2.55418705934e-13, 7.81810732689e-14, 4.96728580577e-14, 3.28920206772e-14, 3.90298958517e-14, 1.07860963745e-14, 2.39031723627e-15, 3.42184237683e-16, 7.62312645695e-17, 1.21075336158e-17, 5.2530497711e-18, 2.56927571535e-18],
        "max": [0.0752762556076, 0.0653720274568, 0.05106408149, 0.0234388131648, 0.00955417286605, 0.00932388473302, 0.0105627793819, 0.00998699385673, 0.00179800973274, 0.00133980158716, 0.00168616138399, 0.00163844216149, 0.00121755746659, 0.000375472329324, 0.00115623651072, 0.00146955670789, 0.00069959636312, 0.000596074620262, 0.000398474308895, 0.000438802439021, 0.000278024817817, 0.00013121876691, 7.9202298366e-05, 5.24121824128e-05, 4.78369875054e-05, 2.00389731617e-05, 1.13608921311e-05, 5.48860589333e-06, 5.10810286869e-06, 2.90217008114e-06, 1.9902377062e-06, 1.04523292066e-06, 9.96083940663e-07, 5.24699487414e-07, 2.95620395718e-07, 1.29375933966e-07, 7.55993099233e-08, 6.42510755711e-08, 5.56008927788e-08, 4.72406185281e-08],
        "mean": [0.00571587076411, 0.00393790518865, 0.00320997741073, 0.00211034994572, 0.000741596450098, 0.000486099190312, 0.000698413117789, 0.000226602176554, 4.90464335599e-05, 3.04599325318e-05, 5.4069867474e-05, 8.10562123661e-05, 2.98977593047e-05, 1.36882863444e-05, 2.25703388423e-05, 2.44918537646e-05, 1.88569374586e-05, 2.2551863367e-05, 2.00944377866e-05, 1.23977661133e-05, 1.0566371202e-05, 6.00977955401e-06, 3.01459772345e-06, 1.46910508647e-06, 1.17669901556e-06, 8.29994348805e-07, 3.80201043981e-07, 2.69081965598e-07, 1.67138935581e-07, 1.04717948091e-07, 8.21718089128e-08, 4.86165099289e-08, 4.0845513638e-08, 2.62573180976e-08, 1.36229507675e-08, 6.31378194171e-09, 3.14286863201e-09, 1.36176259158e-09, 6.31867058676e-10, 3.77033460008e-10],
        "median": [0.000441103649791, 0.000638544443063, 0.00153655745089, 0.000800179375801, 0.000275569735095, 0.00014373549493, 0.000142241886351, 2.35790903389e-05, 3.4526105992e-06, 3.34991568707e-06, 6.62343063595e-06, 6.16728766545e-06, 2.57627402789e-06, 1.56467990564e-06, 1.89126978967e-06, 2.28204589803e-06, 1.53859355123e-06, 1.93387359104e-06, 2.0452962417e-06, 1.16523017368e-06, 7.21548303773e-07, 3.13532012797e-07, 1.56444286858e-07, 6.41477129193e-08, 4.11079703611e-08, 1.98249754391e-08, 1.46155443304e-08, 1.27855166454e-08, 6.02741945244e-09, 3.11168157907e-09, 1.85295667698e-09, 1.07450293108e-09, 6.62181864897e-10, 4.5720113806e-10, 3.27334104266e-10, 2.22428991892e-10, 1.45611370184e-10, 1.09561089368e-10, 8.39254221674e-11, 8.75717831583e-11],
