{
"highlevel": {
    "danceability": {
        "all": {
            "danceable": 0.999227821827,
            "not_danceable": 0.000772175728343
        },
        "probability": 0.999227821827,
        "value": "danceable"
    },
    "gender": {
        "all": {
            "female": 0.903480350971,
            "male": 0.0965196713805
        },
        "probability": 0.903480350971,
        "value": "female"
    },
    "genre_dortmund": {
        "all": {
            "alternative": 0.00929732993245,
            "blues": 0.026919817552,
            "electronic": 0.100097477436,
            "folkcountry": 0.0187507923692,
            "funksoulrnb": 0.0243145506829,
            "jazz": 0.0810285061598,
            "pop": 0.0550332479179,
            "raphiphop": 0.677417337894,
            "rock": 0.00714093772694
        },
        "probability": 0.677417337894,
        "value": "raphiphop"
    },
    "genre_electronic": {
        "all": {
            "ambient": 0.362197548151,
            "dnb": 0.167311817408,
            "house": 0.275451630354,
            "techno": 0.0839333757758,
            "trance": 0.11110560596
        },
        "probability": 0.362197548151,
        "value": "ambient"
    },
    "genre_rosamerica": {
        "all": {
            "cla": 0.0197405647486,
            "dan": 0.131261304021,
            "hip": 0.47605073452,
            "jaz": 0.0229271557182,
            "pop": 0.0586626492441,
            "rhy": 0.264220863581,
            "roc": 0.0137650677934,
            "spe": 0.0133716743439
        },
        "probability": 0.47605073452,
        "value": "hip"
    },
    "genre_tzanetakis": {
        "all": {
            "blu": 2.00933528442e-14,
            "cla": 1.10376880297e-14,
            "cou": 2.21312073892e-14,
            "dis": 1.76883671149e-14,
            "hip": 4.29576757196e-14,
            "jaz": 0.999999940395,
            "met": 2.0000017642e-08,
            "pop": 2.0000017642e-08,
            "reg": 1.66666822565e-08,
            "roc": 2.50000233848e-08
        },
        "probability": 0.999999940395,
        "value": "jaz"
    },
    "ismir04_rhythm": {
        "all": {
            "ChaChaCha": 0.31246766448,
            "Jive": 0.00853422936052,
            "Quickstep": 0.0822695493698,
            "Rumba-American": 0.0110734384507,
            "Rumba-International": 0.0502164810896,
            "Rumba-Misc": 0.00948538444936,
            "Samba": 0.483701109886,
            "Tango": 0.0341221056879,
            "VienneseWaltz": 0.0033175626304,
            "Waltz": 0.00481246085837
        },
        "probability": 0.483701109886,
        "value": "Samba"
    },
    "mood_acoustic": {
        "all": {
            "acoustic": 0.0184464082122,
            "not_acoustic": 0.98155361414
        },
        "probability": 0.98155361414,
        "value": "not_acoustic"
    },
    "mood_aggressive": {
        "all": {
            "aggressive": 0.192303985357,
            "not_aggressive": 0.807696044445
        },
        "probability": 0.807696044445,
        "value": "not_aggressive"
    },
    "mood_electronic": {
        "all": {
            "electronic": 0.864906609058,
            "not_electronic": 0.13509337604
        },
        "probability": 0.864906609058,
        "value": "electronic"
    },
    "mood_happy": {
        "all": {
            "happy": 0.586235761642,
            "not_happy": 0.413764208555
        },
        "probability": 0.586235761642,
        "value": "happy"
    },
    "mood_party": {
        "all": {
            "not_party": 0.212162598968,
            "party": 0.787837386131
        },
        "probability": 0.787837386131,
        "value": "party"
    },
    "mood_relaxed": {
        "all": {
            "not_relaxed": 0.316423416138,
            "relaxed": 0.683576583862
        },
        "probability": 0.683576583862,
        "value": "relaxed"
    },
    "mood_sad": {
        "all": {
            "not_sad": 0.903663754463,
            "sad": 0.0963362306356
        },
        "probability": 0.903663754463,
        "value": "not_sad"
    },
    "moods_mirex": {
        "all": {
            "Cluster1": 0.23267275095,
            "Cluster2": 0.275928646326,
            "Cluster3": 0.0951690599322,
            "Cluster4": 0.212349370122,
            "Cluster5": 0.18388018012
        },
        "probability": 0.275928646326,
        "value": "Cluster2"
    },
    "timbre": {
        "all": {
            "bright": 0.950115919113,
            "dark": 0.0498840883374
        },
        "probability": 0.950115919113,
        "value": "bright"
    },
    "tonal_atonal": {
        "all": {
            "atonal": 0.806171655655,
            "tonal": 0.193828374147
        },
        "probability": 0.806171655655,
        "value": "atonal"
    },
    "voice_instrumental": {
        "all": {
            "instrumental": 0.0457464680076,
            "voice": 0.954253554344
        },
        "probability": 0.954253554344,
        "value": "voice"
    }
},
"lowlevel": {
    "average_loudness": 0.955509781837,
    "barkbands_crest": {
        "dmean": 2.95274090767,
        "dmean2": 4.4833445549,
        "dvar": 9.78577518463,
        "dvar2": 20.2724990845,
        "max": 26.4540863037,
        "mean": 15.1587934494,
        "median": 15.1899995804,
        "min": 3.32310628891,
        "var": 33.8930397034
    },
    "barkbands_flatness_db": {
        "dmean": 0.0382391959429,
        "dmean2": 0.0534702464938,
        "dvar": 0.00144872325473,
        "dvar2": 0.00252035469748,
        "max": 0.555927395821,
        "mean": 0.214759722352,
        "median": 0.204591035843,
        "min": 0.0717554315925,
        "var": 0.00519846891984
    },
    "barkbands_kurtosis": {
        "dmean": 22.25715065,
        "dmean2": 32.9569664001,
        "dvar": 3229.39697266,
        "dvar2": 6227.44921875,
        "max": 737.979553223,
        "mean": 24.8002376556,
        "median": 2.67028665543,
        "min": -1.83522307873,
        "var": 4964.17773438
    },
    "barkbands_skewness": {
        "dmean": 1.58764123917,
        "dmean2": 2.24452114105,
        "dvar": 4.18299150467,
        "dvar2": 7.46181964874,
        "max": 22.6715393066,
        "mean": 2.87348842621,
        "median": 1.76807332039,
        "min": -5.54104995728,
        "var": 11.521894455
    },
    "barkbands_spread": {
        "dmean": 11.2832841873,
        "dmean2": 17.4967536926,
        "dvar": 177.94392395,
        "dvar2": 431.311035156,
        "max": 123.355484009,
        "mean": 23.9033565521,
        "median": 20.2133655548,
        "min": 0.135670498013,
        "var": 353.221557617
    },
    "dissonance": {
        "dmean": 0.0321740731597,
        "dmean2": 0.0530118271708,
        "dvar": 0.000985701219179,
        "dvar2": 0.0026070708409,
        "max": 0.499661535025,
        "mean": 0.44584685564,
        "median": 0.458987176418,
        "min": 0.209851190448,
        "var": 0.00197884836234
    },
    "dynamic_complexity": 3.19077301025,
    "erbbands_crest": {
        "dmean": 3.55503320694,
        "dmean2": 5.91113758087,
        "dvar": 10.6225481033,
        "dvar2": 27.2940483093,
        "max": 31.2439498901,
        "mean": 10.2985239029,
        "median": 9.3227596283,
        "min": 3.2422003746,
        "var": 19.5824661255
    },
    "erbbands_flatness_db": {
        "dmean": 0.0312914475799,
        "dmean2": 0.0457668937743,
        "dvar": 0.000760495080613,
        "dvar2": 0.0015863282606,
        "max": 0.337702065706,
        "mean": 0.171057358384,
        "median": 0.166253060102,
        "min": 0.0599444061518,
        "var": 0.00247346539982
    },
    "erbbands_kurtosis": {
        "dmean": 2.1194164753,
        "dmean2": 3.43100976944,
        "dvar": 7.74538469315,
        "dvar2": 18.8048362732,
        "max": 36.7775726318,
        "mean": 1.66097044945,
        "median": 0.542928218842,
        "min": -1.78256833553,
        "var": 12.2698669434
    },
    "erbbands_skewness": {
        "dmean": 0.694160282612,
        "dmean2": 1.06570923328,
        "dvar": 0.460105866194,
        "dvar2": 1.08316636086,
        "max": 4.06384468079,
        "mean": 0.264952033758,
        "median": 0.225022211671,
        "min": -3.33210706711,
        "var": 1.14839327335
    },
    "erbbands_spread": {
        "dmean": 15.6426115036,
        "dmean2": 24.0080509186,
        "dvar": 271.70111084,
        "dvar2": 615.723022461,
        "max": 175.219345093,
        "mean": 38.3585586548,
        "median": 31.9029579163,
        "min": 2.93168497086,
        "var": 573.290222168
    },
    "hfc": {
        "dmean": 9.96640396118,
        "dmean2": 15.73188591,
        "dvar": 191.957366943,
        "dvar2": 431.615753174,
        "max": 128.77456665,
        "mean": 14.8088674545,
        "median": 10.5986185074,
        "min": 0.225725516677,
        "var": 264.109954834
    },
    "melbands_crest": {
        "dmean": 3.52088713646,
        "dmean2": 5.21514415741,
        "dvar": 14.4641046524,
        "dvar2": 29.8998470306,
        "max": 37.4167671204,
        "mean": 25.7933769226,
        "median": 27.805683136,
        "min": 2.27219510078,
        "var": 62.0135345459
    },
    "melbands_flatness_db": {
        "dmean": 0.0504389666021,
        "dmean2": 0.0680150985718,
        "dvar": 0.00242767459713,
        "dvar2": 0.00406635878608,
        "max": 0.691426336765,
        "mean": 0.279996484518,
        "median": 0.270934522152,
        "min": 0.0161411296576,
        "var": 0.0104298815131
    },
    "melbands_kurtosis": {
        "dmean": 43.8862609863,
        "dmean2": 67.8535919189,
        "dvar": 7252.76953125,
        "dvar2": 16122.5888672,
        "max": 838.681152344,
        "mean": 54.1477241516,
        "median": 11.442152977,
        "min": -1.88809561729,
        "var": 11008.9443359
    },
    "melbands_skewness": {
        "dmean": 2.00185155869,
        "dmean2": 2.88685870171,
        "dvar": 5.57307195663,
        "dvar2": 11.0351476669,
        "max": 22.6408691406,
        "mean": 4.51512765884,
        "median": 3.16235971451,
        "min": -1.04628396034,
        "var": 15.7558031082
    },
    "melbands_spread": {
        "dmean": 11.627404213,
        "dmean2": 17.700056076,
        "dvar": 332.504608154,
        "dvar2": 792.093078613,
        "max": 231.602371216,
        "mean": 23.5961437225,
        "median": 18.3237609863,
        "min": 0.185706987977,
        "var": 556.25012207
    },
    "pitch_salience": {
        "dmean": 0.0928329005837,
        "dmean2": 0.14835460484,
        "dvar": 0.0113351326436,
        "dvar2": 0.0254113264382,
        "max": 0.846056699753,
        "mean": 0.364788115025,
        "median": 0.35124617815,
        "min": 0.0496681630611,
        "var": 0.0303483102471
    },
    "silence_rate_20dB": {
        "dmean": 0.00464396271855,
        "dmean2": 0.00929511990398,
        "dvar": 0.00462231691927,
        "dvar2": 0.0123073663563,
        "max": 1,
        "mean": 0.996906399727,
        "median": 1,
        "min": 0,
        "var": 0.00308398879133
    },
    "silence_rate_30dB": {
        "dmean": 0.0572755411267,
        "dmean2": 0.114639811218,
        "dvar": 0.0539951846004,
        "dvar2": 0.101498536766,
        "max": 1,
        "mean": 0.887084305286,
        "median": 1,
        "min": 0,
        "var": 0.100164994597
    },
    "silence_rate_60dB": {
        "dmean": 0.0263157896698,
        "dmean2": 0.0526723451912,
        "dvar": 0.0256234481931,
        "dvar2": 0.0607424154878,
        "max": 1,
        "mean": 0.0324825979769,
        "median": 0,
        "min": 0,
        "var": 0.031427487731
    },
    "spectral_centroid": {
        "dmean": 478.784332275,
        "dmean2": 725.616943359,
        "dvar": 359646.0625,
        "dvar2": 843310.8125,
        "max": 7516.14453125,
        "mean": 1680.2479248,
        "median": 1650.60827637,
        "min": 107.192245483,
        "var": 745251.0625
    },
    "spectral_complexity": {
        "dmean": 3.86919498444,
        "dmean2": 5.39891576767,
        "dvar": 25.9372844696,
        "dvar2": 41.6168937683,
        "max": 52,
        "mean": 10.6496515274,
        "median": 9,
        "min": 0,
        "var": 59.6940307617
    },
    "spectral_decrease": {
        "dmean": 5.48305445491e-09,
        "dmean2": 8.42379765942e-09,
        "dvar": 1.93791675386e-16,
        "dvar2": 3.88528851299e-16,
        "max": -4.40336482554e-11,
        "mean": -1.05331103839e-08,
        "median": -4.7646735446e-09,
        "min": -9.31356041178e-08,
        "var": 3.50891498153e-16
    },
    "spectral_energy": {
        "dmean": 0.0213897041976,
        "dmean2": 0.0329131484032,
        "dvar": 0.00280975364149,
        "dvar2": 0.00564795965329,
        "max": 0.353600591421,
        "mean": 0.0410975962877,
        "median": 0.018872924149,
        "min": 0.00033490016358,
        "var": 0.00508903339505
    },
    "spectral_energyband_high": {
        "dmean": 0.000618247431703,
        "dmean2": 0.00105095678009,
        "dvar": 1.16257399441e-06,
        "dvar2": 2.67394398179e-06,
        "max": 0.0107919424772,
        "mean": 0.000598400423769,
        "median": 0.000162922398886,
        "min": 1.00169735617e-07,
        "var": 1.2482640841e-06
    },
    "spectral_energyband_low": {
        "dmean": 0.0171637218446,
        "dmean2": 0.0246002934873,
        "dvar": 0.00227698800154,
        "dvar2": 0.00403369171545,
        "max": 0.350684583187,
        "mean": 0.0322983972728,
        "median": 0.0122031429783,
        "min": 7.14109319233e-07,
        "var": 0.00431275647134
    },
    "spectral_energyband_middle_high": {
        "dmean": 0.00241309218109,
        "dmean2": 0.00332720344886,
        "dvar": 1.2958977095e-05,
        "dvar2": 2.50521970884e-05,
        "max": 0.0382351092994,
        "mean": 0.0036860066466,
        "median": 0.00183121371083,
        "min": 2.28181379498e-05,
        "var": 2.31029953284e-05
    },
    "spectral_energyband_middle_low": {
        "dmean": 0.00790088251233,
        "dmean2": 0.0150251220912,
        "dvar": 0.000828804797493,
        "dvar2": 0.00243594241329,
        "max": 0.186694979668,
        "mean": 0.005699894391,
        "median": 0.00150412670337,
        "min": 6.85253471602e-05,
        "var": 0.000447932601674
    },
    "spectral_entropy": {
        "dmean": 0.36681702733,
        "dmean2": 0.544217169285,
        "dvar": 0.121548347175,
        "dvar2": 0.250772625208,
        "max": 8.80953884125,
        "mean": 7.43045806885,
        "median": 7.40031671524,
        "min": 5.80463695526,
        "var": 0.319238722324
    },
    "spectral_flux": {
        "dmean": 0.0505783632398,
        "dmean2": 0.079467728734,
        "dvar": 0.00768874166533,
        "dvar2": 0.0148738818243,
        "max": 0.682677984238,
        "mean": 0.0983450785279,
        "median": 0.0634181648493,
        "min": 0.00726697174832,
        "var": 0.0134145580232
    },
    "spectral_kurtosis": {
        "dmean": 2.86729598045,
        "dmean2": 4.37744140625,
        "dvar": 11.6979293823,
        "dvar2": 25.9532585144,
        "max": 32.4278411865,
        "mean": 5.33641195297,
        "median": 4.42883062363,
        "min": -1.43609166145,
        "var": 22.3678340912
    },
    "spectral_rms": {
        "dmean": 0.00120023568161,
        "dmean2": 0.00176450854633,
        "dvar": 5.45939701624e-06,
        "dvar2": 9.76077171799e-06,
        "max": 0.0185735356063,
        "mean": 0.00516425911337,
        "median": 0.00429099146277,
        "min": 0.000571604643483,
        "var": 1.34256742967e-05
    },
    "spectral_rolloff": {
        "dmean": 828.280761719,
        "dmean2": 1419.87426758,
        "dvar": 2433905,
        "dvar2": 5879379.5,
        "max": 12984.5214844,
        "mean": 1344.72021484,
        "median": 839.794921875,
        "min": 43.06640625,
        "var": 3520289
    },
    "spectral_skewness": {
        "dmean": 0.446102708578,
        "dmean2": 0.661509990692,
        "dvar": 0.206754937768,
        "dvar2": 0.446177154779,
        "max": 4.45592880249,
        "mean": 1.75040411949,
        "median": 1.79819262028,
        "min": -0.281100273132,
        "var": 0.484273046255
    },
    "spectral_spread": {
        "dmean": 1385243.5,
        "dmean2": 2061803.625,
        "dvar": 2.32967739802e+12,
        "dvar2": 4.36857470976e+12,
        "max": 18073250,
        "mean": 5482377,
        "median": 5070336,
        "min": 1720269.25,
        "var": 5.84394945331e+12
    },
    "spectral_strongpeak": {
        "dmean": 0.239017233253,
        "dmean2": 0.384004235268,
        "dvar": 0.431473493576,
        "dvar2": 1.18672025204,
        "max": 9.694190979,
        "mean": 0.462120950222,
        "median": 0.240190476179,
        "min": 0,
        "var": 0.40415880084
    },
    "zerocrossingrate": {
        "dmean": 0.0163064021617,
        "dmean2": 0.0197736881673,
        "dvar": 0.000471675972221,
        "dvar2": 0.000609196315054,
        "max": 0.47021484375,
        "mean": 0.0501430481672,
        "median": 0.041015625,
        "min": 0.00244140625,
        "var": 0.00193118129391
    },
    "barkbands": {
        "dmean": [0.000797976448666, 0.0148367229849, 0.00618674280122, 0.00383641337976, 0.00231787469238, 0.000547098228708, 0.000425237842137, 0.000379418372177, 0.000836190243717, 0.000403263256885, 0.000626669032499, 0.000443963537691, 0.000360680220183, 0.000345094042132, 0.000250932498602, 0.000222393849981, 0.000160479190527, 0.000233547980315, 0.000204262425541, 8.45310496516e-05, 4.73582731502e-05, 8.54387253639e-05, 0.000214832238271, 0.000151996719069, 0.000102218866232, 3.75857998733e-05, 3.22594964075e-08],
        "dmean2": [0.00118544592988, 0.0203448589891, 0.0117119178176, 0.00753918942064, 0.004488857463, 0.00100822548848, 0.00078438105993, 0.00064906408079, 0.00136425101664, 0.00064422050491, 0.000934420095291, 0.000677247182466, 0.000578630599193, 0.000552626675926, 0.000389425869798, 0.000349140755134, 0.000238671680563, 0.000350786256604, 0.000287437316729, 0.00012993812561, 7.70688930061e-05, 0.000143683253555, 0.000381526944693, 0.000255973776802, 0.000164318858879, 6.21486542514e-05, 5.97150986437e-08],
        "dvar": [3.65243272427e-06, 0.00195022416301, 0.000625888234936, 0.000263710244326, 8.9551183919e-05, 3.32693252858e-06, 1.90704224678e-06, 6.9505506417e-07, 2.18830882659e-06, 6.6792239295e-07, 1.80010465556e-06, 1.04220578123e-06, 8.19951139874e-07, 8.53972494497e-07, 3.16538546485e-07, 2.66490246759e-07, 1.12095058569e-07, 1.64411147807e-07, 1.29823391148e-07, 2.92956148229e-08, 1.92651334885e-08, 3.10108028145e-08, 1.43585396017e-07, 5.63877549098e-08, 1.17084056228e-07, 2.84907741843e-08, 1.21652538846e-13],
        "dvar2": [7.6260221249e-06, 0.00324074202217, 0.00180200987961, 0.000779617577791, 0.000262974033831, 9.64911032497e-06, 5.48512070964e-06, 1.67234463788e-06, 5.4355859902e-06, 1.45696026266e-06, 4.06192020819e-06, 2.24105906454e-06, 2.03211152439e-06, 2.06842150874e-06, 7.31323609671e-07, 6.55707538044e-07, 2.66594128107e-07, 3.40896150419e-07, 2.65862979631e-07, 6.92590162998e-08, 4.46551737809e-08, 7.2076332458e-08, 3.66962183307e-07, 1.3772844909e-07, 2.90992659302e-07, 6.68080204491e-08, 3.55930969377e-13],
        "max": [0.0181691367179, 0.337683945894, 0.153243452311, 0.0982926338911, 0.0633574575186, 0.0150509178638, 0.0125348428264, 0.0152922747657, 0.0132584851235, 0.00871599558741, 0.01341859065, 0.0117135969922, 0.0136726368219, 0.0122503666207, 0.00641220342368, 0.00658081145957, 0.00369942607358, 0.0037815712858, 0.00461611105129, 0.00172918429598, 0.00115324975923, 0.00121625477914, 0.00222123088315, 0.00161929300521, 0.00697518279776, 0.00268709030934, 7.66758148529e-06],
        "mean": [0.0022131416481, 0.0253048222512, 0.00363325397484, 0.00213780417107, 0.00139132130425, 0.000413902773289, 0.00034876781865, 0.000370780879166, 0.000972813693807, 0.000429307401646, 0.000716695212759, 0.000489328114782, 0.000373417278752, 0.000342228187947, 0.000267973315204, 0.000242992275162, 0.000208401761483, 0.000304304150632, 0.000278940511635, 8.97316203918e-05, 4.48996870546e-05, 7.68665704527e-05, 0.000154946901603, 0.000145008467371, 0.000106315084849, 3.96302493755e-05, 1.92667251042e-08],
        "median": [0.00119748606812, 0.00959334429353, 0.000105577782961, 5.75697195018e-05, 0.000128057406982, 8.59128631419e-05, 5.22531627212e-05, 6.26443725196e-05, 0.000263852038188, 7.94822990429e-05, 0.000117983086966, 6.57377677271e-05, 4.41734555352e-05, 3.64188563253e-05, 3.37983110512e-05, 2.96873422485e-05, 5.595607945e-05, 9.51837864704e-05, 7.26894286345e-05, 2.26702813961e-05, 4.70364557259e-06, 1.40828460644e-05, 7.75551870902e-06, 4.33814093412e-05, 3.15422730637e-05, 5.48678690393e-06, 3.24048510247e-10],
        "min": [2.95679397633e-10, 3.1621240737e-08, 5.39227016816e-07, 1.83373174423e-08, 4.96497477798e-07, 2.16106013795e-06, 6.0067850427e-07, 8.049811413e-07, 5.68982613913e-07, 3.41360561151e-07, 4.78168431073e-07, 4.61270218466e-07, 1.32174747591e-07, 7.67626247011e-08, 1.14076435409e-07, 8.07969229299e-08, 9.84234844736e-08, 7.05374958443e-08, 1.45683713981e-07, 2.46992613029e-08, 3.95976851308e-09, 1.13232010435e-08, 1.20608740009e-11, 1.92771683061e-08, 3.35722383227e-08, 1.13402376378e-09, 1.0069530279e-11],
        "var": [7.09541473043e-06, 0.00315660261549, 0.000351338239852, 0.00013902731007, 4.7770969104e-05, 1.90207867945e-06, 1.16994533528e-06, 8.11454583527e-07, 2.86913086711e-06, 8.24201492833e-07, 2.34917911257e-06, 1.26572706449e-06, 8.47145827265e-07, 8.8834252665e-07, 4.12217332268e-07, 3.26476651935e-07, 1.58158400154e-07, 2.60034028088e-07, 2.30261093748e-07, 3.3095414409e-08, 2.00896792535e-08, 3.14334016593e-08, 1.14305869658e-07, 5.67306130961e-08, 1.14894056935e-07, 2.88172827823e-08, 6.49765004713e-14]
    },
    "erbbands": {
        "dmean": [0.607612371445, 2.93738293648, 6.3346529007, 11.0745849609, 10.8023309708, 6.15769958496, 5.48552083969, 4.02540969849, 6.50180196762, 4.50980758667, 12.5987939835, 19.3209686279, 10.9681224823, 23.3479366302, 14.8385467529, 19.7255859375, 16.0701656342, 14.3077411652, 13.1388864517, 13.209072113, 10.1352176666, 9.41985988617, 11.463136673, 11.3905506134, 8.91008281708, 3.98578095436, 1.82647967339, 2.04428744316, 2.99210333824, 4.2862534523, 6.42230796814, 4.32391357422, 2.03608226776, 1.23881173134, 0.690089344978, 0.24546135962, 0.0601963661611, 0.0040034246631, 9.29263260332e-05, 2.8606835258e-05],
        "dmean2": [0.880350291729, 4.05857801437, 11.467505455, 21.5583877563, 21.1949386597, 11.8327169418, 10.0845546722, 7.47247076035, 12.1164321899, 7.96704721451, 20.6174850464, 31.1307945251, 18.2189311981, 35.3777427673, 21.8420791626, 29.6920986176, 25.2686634064, 22.152589798, 19.8144321442, 19.9629955292, 15.4100036621, 13.7625255585, 16.7685985565, 16.2120170593, 12.7297563553, 6.17722797394, 3.00207138062, 3.26090979576, 4.98174238205, 7.42347621918, 11.4373674393, 7.58692598343, 3.27174639702, 1.98382639885, 1.12662923336, 0.402486473322, 0.0980607941747, 0.00645577441901, 0.000148601277033, 4.43632816314e-05],
        "dvar": [3.58283472061, 75.8007659912, 606.385131836, 2169.58422852, 2038.03930664, 628.266906738, 356.026824951, 193.365447998, 522.053161621, 145.575241089, 562.637817383, 1329.109375, 486.044403076, 2568.546875, 838.824401855, 1960.43786621, 1751.29870605, 1295.73156738, 819.012939453, 858.521484375, 546.987548828, 350.784545898, 412.676239014, 396.507080078, 247.546844482, 71.126991272, 29.5419311523, 30.3068847656, 41.6503219604, 57.6465263367, 130.177108765, 59.163482666, 11.6932239532, 8.84519481659, 9.19429969788, 1.64634716511, 0.0511774532497, 0.000278158811852, 1.02619026165e-07, 3.67524521927e-09],
        "dvar2": [6.49786329269, 137.416717529, 1695.85632324, 6355.80273438, 6019.90576172, 1838.72058105, 1036.68762207, 559.459350586, 1517.27087402, 404.291625977, 1361.32885742, 3240.71679688, 1234.87841797, 5717.30078125, 1908.27087402, 4192.84375, 4444.41113281, 3007.84814453, 1716.38183594, 1977.60107422, 1324.15136719, 808.766662598, 828.183166504, 832.494506836, 502.402069092, 168.575668335, 68.7945098877, 71.2421646118, 95.9750061035, 141.885848999, 337.152770996, 156.292068481, 27.2435283661, 21.1598415375, 23.3204574585, 3.71870303154, 0.1288497895, 0.000683195714373, 2.4784191055e-07, 7.40404360045e-09],
        "max": [14.2462892532, 66.5165328979, 169.283859253, 276.143707275, 289.361663818, 172.423995972, 157.419891357, 130.07661438, 180.043380737, 216.222015381, 372.536346436, 363.333068848, 213.954910278, 628.545227051, 299.097991943, 429.203155518, 648.087097168, 399.408355713, 349.871704102, 355.29888916, 227.130096436, 208.395507812, 185.158508301, 197.379058838, 196.436141968, 87.0788726807, 46.9043273926, 48.0986480713, 50.1374588013, 46.7751693726, 64.203918457, 55.0906982422, 47.7124061584, 44.1175613403, 66.8154296875, 25.9314022064, 3.49272274971, 0.30791464448, 0.0058248094283, 0.000623600557446],
        "mean": [1.08829641342, 4.24701309204, 4.4686217308, 6.35056638718, 6.08060455322, 3.80879163742, 4.1233997345, 2.95567512512, 4.9296913147, 4.21836471558, 13.4690704346, 22.6644573212, 11.843170166, 28.8750305176, 17.5779266357, 22.4860706329, 17.8165111542, 15.5562267303, 14.8990631104, 15.5437164307, 11.8158874512, 12.7668066025, 15.4956674576, 15.5618276596, 12.042175293, 4.31620454788, 1.87875783443, 1.88033545017, 2.74365973473, 3.38028907776, 4.56281232834, 3.24079108238, 2.29211544991, 1.35072696209, 0.673667967319, 0.241970270872, 0.0650038793683, 0.004125488922, 0.000110696681077, 5.28723103344e-05],
        "median": [0.520890653133, 0.87184047699, 0.241104111075, 0.231350764632, 0.29697266221, 0.393899828196, 0.589949369431, 0.644531309605, 0.63356512785, 1.16186666489, 3.6145324707, 5.99062681198, 3.72738575935, 6.40703105927, 3.70960903168, 3.66209983826, 2.74731969833, 2.30819368362, 1.99933350086, 1.83889865875, 1.81135475636, 3.67442536354, 5.01472997665, 4.89396238327, 3.02012372017, 1.194201231, 0.306681752205, 0.229415729642, 0.475615113974, 0.37180018425, 0.234252110124, 0.48475959897, 0.905799329281, 0.465438812971, 0.137452155352, 0.0409595780075, 0.00706060463563, 0.000414500129409, 2.51350884355e-05, 2.53569705819e-05],
        "min": [4.55342615169e-07, 2.92582226393e-05, 0.000472610146971, 0.000484396034153, 0.000557504128665, 0.0040908115916, 0.0131041752174, 0.0234334822744, 0.0177509021014, 0.0151785733178, 0.0308484267443, 0.0475622937083, 0.0589841976762, 0.0313515774906, 0.0416644699872, 0.0167684294283, 0.00976946391165, 0.024609843269, 0.023746330291, 0.0111249312758, 0.00664972141385, 0.00576235307381, 0.00468085380271, 0.00404788041487, 0.00436610495672, 0.00244861422107, 0.000633153191302, 0.00027823226992, 0.000442302058218, 0.000175675231731, 5.11488215125e-05, 9.44298881222e-05, 0.000573905650526, 0.000348017580109, 0.000133450201247, 2.69868578471e-05, 4.49545450465e-06, 2.87025841317e-07, 3.54092520638e-07, 4.03409103455e-07],
        "var": [4.89817523956, 118.868545532, 386.517089844, 1166.44482422, 1074.93029785, 338.48614502, 205.057571411, 109.550201416, 299.32019043, 106.495307922, 687.871032715, 1745.47607422, 488.90512085, 3521.48950195, 1127.03198242, 2475.97729492, 1750.14709473, 1500.1661377, 1145.47631836, 1210.59875488, 674.23638916, 525.691467285, 679.593139648, 671.995483398, 414.799072266, 78.0664596558, 32.1631393433, 30.3739490509, 42.9594650269, 51.9585342407, 100.656990051, 45.0483398438, 14.4183912277, 10.1976690292, 8.26292419434, 1.65993416309, 0.0573088787496, 0.000311920972308, 1.15495758735e-07, 6.76510314435e-09]
    },
    "gfcc": {
        "mean": [-49.3675727844, 80.2215499878, -104.759605408, 28.2654800415, -45.0434913635, 36.5283699036, -29.6744613647, 41.3907928467, -19.4033412933, 2.70076918602, -0.250996083021, 2.86798286438, -3.71540379524],
        "cov": [[3922.16455078, -1183.89453125, -298.663238525, 435.466278076, -231.7059021, 421.735839844, 6.32929754257, -53.9368667603, 38.9219894409, 52.1969261169, -176.878952026, 155.990463257, -258.935424805], [-1183.89453125, 1757.0012207, 311.193389893, -88.3654708862, 506.275939941, -220.111068726, 250.890472412, 134.068359375, 4.82098770142, -211.188491821, 226.233825684, -193.914215088, 119.767448425], [-298.663238525, 311.193389893, 1709.59716797, 475.732330322, -176.567337036, 210.629165649, 170.412261963, -181.732299805, 157.420394897, 23.2783737183, -71.1528549194, 114.077293396, -50.5115623474], [435.466278076, -88.3654708862, 475.732330322, 703.552368164, 23.1009349823, 132.191665649, 95.7150192261, -86.4033432007, 224.70375061, 43.1190376282, -9.22004890442, 53.9952888489, 13.1008853912], [-231.7059021, 506.275939941, -176.567337036, 23.1009349823, 732.39465332, -48.0390968323, 35.7143936157, 190.25428772, 26.5867385864, 12.6353187561, 92.6175994873, -78.3699645996, 91.2238006592], [421.735839844, -220.111068726, 210.629165649, 132.191665649, -48.0390968323, 508.403198242, 217.479995728, -109.561096191, 37.4481010437, 39.2050819397, 10.0526952744, 84.0260620117, -52.6192359924], [6.32929754257, 250.890472412, 170.412261963, 95.7150192261, 35.7143936157, 217.479995728, 464.963867188, 1.46046221256, 4.13291692734, -3.91543102264, 85.8685379028, 21.4156913757, -24.2009143829], [-53.9368667603, 134.068359375, -181.732299805, -86.4033432007, 190.25428772, -109.561096191, 1.46046221256, 320.946899414, -7.04557514191, -10.8010549545, 67.3842849731, -40.0659103394, 49.7665214539], [38.9219894409, 4.82098770142, 157.420394897, 224.70375061, 26.5867385864, 37.4481010437, 4.13291692734, -7.04557514191, 267.657226562, 40.6897277832, -58.0536422729, 18.3285293579, -0.10443906486], [52.1969261169, -211.188491821, 23.2783737183, 43.1190376282, 12.6353187561, 39.2050819397, -3.91543102264, -10.8010549545, 40.6897277832, 175.643615723, -36.5040435791, 14.7881507874, 12.8783979416], [-176.878952026, 226.233825684, -71.1528549194, -9.22004890442, 92.6175994873, 10.0526952744, 85.8685379028, 67.3842849731, -58.0536422729, -36.5040435791, 164.364898682, -11.7408809662, 19.6565818787], [155.990463257, -193.914215088, 114.077293396, 53.9952888489, -78.3699645996, 84.0260620117, 21.4156913757, -40.0659103394, 18.3285293579, 14.7881507874, -11.7408809662, 182.718612671, -24.0407218933], [-258.935424805, 119.767448425, -50.5115623474, 13.1008853912, 91.2238006592, -52.6192359924, -24.2009143829, 49.7665214539, -0.10443906486, 12.8783979416, 19.6565818787, -24.0407218933, 135.762695312]],
        "icov": [[0.000494721694849, 2.04574134841e-05, 0.00028707931051, -0.000652230461128, 6.15092940279e-05, -0.000422284967499, 0.000113966896606, -0.000431980384747, 0.000517287116963, 5.192412209e-05, 0.000772959203459, -0.00015945645282, 0.000924255698919], [2.04574134841e-05, 0.0022875033319, -0.000939238350838, 0.00121599039994, -0.00132661254611, 0.00130627350882, -0.00133914256003, 0.00098226882983, -0.00144958635792, 0.00223897211254, -0.00225671706721, 0.00149206409696, -0.00126941502094], [0.00028707931051, -0.000939238350838, 0.00136167299934, -0.00136855326127, 0.000692239787895, -0.000833694532048, 0.000394111673813, -0.000516235537361, 0.000911162642296, -0.00080523849465, 0.00172011461109, -0.000931182526983, 0.0011491678888], [-0.000652230461128, 0.00121599039994, -0.00136855326127, 0.00403436413035, -0.000940694415476, 0.00114376621787, -0.000999366980977, 0.00173884280957, -0.00339483073913, 0.000998320290819, -0.00309728877619, 0.00081559602404, -0.00245979754254], [6.15092940279e-05, -0.00132661254611, 0.000692239787895, -0.000940694415476, 0.00262583256699, -0.000926755252294, 0.000756257795729, -0.00143373920582, 0.000632436829619, -0.00149864039849, 0.000757691916078, -0.000339513499057, 0.000145570884342], [-0.000422284967499, 0.00130627350882, -0.000833694532048, 0.00114376621787, -0.000926755252294, 0.00411848118529, -0.00213317968883, 0.00177909992635, -0.00140733073931, 0.00067973107798, -0.00212093885057, 0.000105321807496, -0.000931615300942], [0.000113966896606, -0.00133914256003, 0.000394111673813, -0.000999366980977, 0.000756257795729, -0.00213317968883, 0.00396542577073, -0.000971702858806, 0.000983477802947, -0.00128222920466, -3.81133941119e-05, -0.000657288939692, 0.00138144718949], [-0.000431980384747, 0.00098226882983, -0.000516235537361, 0.00173884280957, -0.00143373920582, 0.00177909992635, -0.000971702858806, 0.00531347841024, -0.00191625009757, 0.000847057788633, -0.0031096637249, 0.000723447883502, -0.00202183541842], [0.000517287116963, -0.00144958635792, 0.000911162642296, -0.00339483073913, 0.000632436829619, -0.00140733073931, 0.000983477802947, -0.00191625009757, 0.00743497116491, -0.00182713300455, 0.00463761296123, -0.00118136301171, 0.0021377268713], [5.192412209e-05, 0.00223897211254, -0.00080523849465, 0.000998320290819, -0.00149864039849, 0.00067973107798, -0.00128222920466, 0.000847057788633, -0.00182713300455, 0.0085673192516, -0.00060931238113, 0.00109831895679, -0.00207210192457], [0.000772959203459, -0.00225671706721, 0.00172011461109, -0.00309728877619, 0.000757691916078, -0.00212093885057, -3.81133941119e-05, -0.0031096637249, 0.00463761296123, -0.00060931238113, 0.0127065544948, -0.00191523670219, 0.0020883786492], [-0.00015945645282, 0.00149206409696, -0.000931182526983, 0.00081559602404, -0.000339513499057, 0.000105321807496, -0.000657288939692, 0.000723447883502, -0.00118136301171, 0.00109831895679, -0.00191523670219, 0.00739184534177, -0.000677819654811], [0.000924255698919, -0.00126941502094, 0.0011491678888, -0.00245979754254, 0.000145570884342, -0.000931615300942, 0.00138144718949, -0.00202183541842, 0.0021377268713, -0.00207210192457, 0.0020883786492, -0.000677819654811, 0.011217687279]]
    },
    "melbands": {
        "dmean": [0.00464976998046, 0.00307356379926, 0.00194297835696, 0.000600125640631, 0.000199764297577, 9.63761049206e-05, 9.4732225989e-05, 5.12259066454e-05, 0.000119712029118, 0.000119547330542, 5.45912989764e-05, 9.19023950701e-05, 6.51982263662e-05, 4.63639516965e-05, 5.08436605742e-05, 2.94409037451e-05, 2.99487710436e-05, 2.43439044425e-05, 2.10111211345e-05, 1.67658508872e-05, 1.12642910608e-05, 9.66853986029e-06, 1.0524829122e-05, 1.10204291559e-05, 9.49056811805e-06, 7.79314541433e-06, 4.8613137551e-06, 2.30348769037e-06, 1.11724500584e-06, 1.13506257549e-06, 1.26243696741e-06, 1.56810813223e-06, 1.96633050109e-06, 2.83994950223e-06, 4.01093257096e-06, 3.54957842319e-06, 2.23199549509e-06, 1.47203002143e-06, 1.24551445424e-06, 1.02258366041e-06],
        "dmean2": [0.00655123591423, 0.00473004346713, 0.00377807416953, 0.0011695837602, 0.00037082034396, 0.000178480913746, 0.000176065921551, 8.89108632691e-05, 0.000195436514332, 0.000192801962839, 9.16160133784e-05, 0.000139517884236, 9.70571345533e-05, 7.07405852154e-05, 7.89604819147e-05, 4.78337606182e-05, 4.69252845505e-05, 3.74759001716e-05, 3.30769798893e-05, 2.58651089098e-05, 1.71367191797e-05, 1.44311788972e-05, 1.57722879521e-05, 1.6369005607e-05, 1.38548548421e-05, 1.10677401608e-05, 7.28938948669e-06, 3.67640677723e-06, 1.87278260455e-06, 1.79605217454e-06, 2.06916251955e-06, 2.58302384282e-06, 3.36633206643e-06, 4.95454742122e-06, 7.17335888112e-06, 6.41194765194e-06, 3.86035071642e-06, 2.34805474975e-06, 2.02326009457e-06, 1.65902883964e-06],
        "dvar": [0.000198520996491, 0.000104927705252, 6.58907229081e-05, 6.17346267973e-06, 5.14333748924e-07, 1.08201867022e-07, 1.05913478876e-07, 1.55184292083e-08, 4.71959467063e-08, 4.98505769997e-08, 1.31057049657e-08, 3.8225039134e-08, 1.69693628038e-08, 1.39475462291e-08, 1.36211983914e-08, 5.46824585612e-09, 6.47879661031e-09, 3.51588824721e-09, 2.43618969442e-09, 1.46244893973e-09, 7.31458893455e-10, 4.04000027876e-10, 4.27254925883e-10, 3.94814181348e-10, 2.92097818155e-10, 1.75021511173e-10, 8.52863127343e-11, 3.18490026019e-11, 1.18297654658e-11, 1.01256962884e-11, 1.24585845113e-11, 1.30871025822e-11, 1.54760388532e-11, 2.43370653491e-11, 5.12270226238e-11, 4.44948834721e-11, 1.53935683644e-11, 5.48286763213e-12, 7.41742257893e-12, 7.22440770401e-12],
        "dvar2": [0.000332838942995, 0.000264315400273, 0.000193048428628, 1.8160269974e-05, 1.49988193243e-06, 3.13471360869e-07, 3.07213554152e-07, 4.18259986645e-08, 1.14581226285e-07, 1.21164291045e-07, 3.26365565684e-08, 8.50551273857e-08, 3.85388467805e-08, 3.22654862828e-08, 3.02936875585e-08, 1.36524498373e-08, 1.53265773406e-08, 8.04957434042e-09, 5.80464032396e-09, 3.46937145679e-09, 1.79158254898e-09, 9.53557788286e-10, 9.08932706878e-10, 7.83020537298e-10, 6.38144814769e-10, 3.40498212958e-10, 1.95952379323e-10, 7.82689815737e-11, 2.95963739627e-11, 2.17689390819e-11, 3.07067878069e-11, 3.00081660909e-11, 3.76924394474e-11, 6.0811015945e-11, 1.32689415011e-10, 1.19889057015e-10, 4.00339171536e-11, 1.26812163201e-11, 1.78680837487e-11, 1.82765642898e-11],
        "max": [0.109858393669, 0.0809721723199, 0.0479004457593, 0.0167865790427, 0.00552458874881, 0.00292870844714, 0.00249544181861, 0.00191202899441, 0.00257060420699, 0.00252742390148, 0.0011134177912, 0.00237726140767, 0.00142607686576, 0.00171926699113, 0.00115115195513, 0.00100950954948, 0.000935570453294, 0.000802825088613, 0.000681203673594, 0.000581029627938, 0.000282566237729, 0.000229006662266, 0.000239482789766, 0.000184819218703, 0.000162700525834, 0.000154910696438, 0.000111840759928, 6.52764283586e-05, 2.87915627268e-05, 3.15245670208e-05, 3.13879245368e-05, 2.98153590848e-05, 2.73294826911e-05, 2.96173438983e-05, 3.98971969844e-05, 3.99280070269e-05, 2.974218296e-05, 2.77762337646e-05, 4.96153115819e-05, 3.90114255424e-05],
        "mean": [0.00825311336666, 0.00340247363783, 0.00111512362491, 0.000347781577148, 0.000145421159687, 7.13574117981e-05, 7.36844885978e-05, 4.70409468107e-05, 0.000128287181724, 0.000139090538141, 5.44682625332e-05, 0.000112609443022, 7.39640599932e-05, 5.12191327289e-05, 5.54984762857e-05, 3.15314937325e-05, 3.02416010527e-05, 2.53324269579e-05, 2.26550764637e-05, 1.8553213522e-05, 1.27355924633e-05, 1.26582699522e-05, 1.38531777338e-05, 1.41173868542e-05, 1.23643922052e-05, 1.07738342194e-05, 5.43198120795e-06, 2.23597544391e-06, 1.06811103251e-06, 1.12283419185e-06, 1.08124754661e-06, 1.46796412537e-06, 1.65990786627e-06, 2.14187525671e-06, 2.83389999822e-06, 2.38476104641e-06, 1.76359276338e-06, 1.60931426763e-06, 1.42687667903e-06, 1.03811339613e-06],
        "median": [0.00364488572814, 0.000411086395616, 4.39775831182e-05, 2.47815314651e-05, 2.19944577111e-05, 1.5577310478e-05, 9.75284456217e-06, 9.82624806056e-06, 3.05734392896e-05, 3.23632339132e-05, 1.20876466099e-05, 2.40013850998e-05, 1.27971761685e-05, 7.56161898607e-06, 7.90006561147e-06, 4.51744881502e-06, 3.40044880431e-06, 2.84715315502e-06, 2.89843183054e-06, 1.88241847354e-06, 1.72177021796e-06, 3.18591673931e-06, 4.28682369602e-06, 3.87841100746e-06, 3.73904549633e-06, 2.4246094199e-06, 1.34798506224e-06, 4.23479775691e-07, 1.23213183656e-07, 1.08178376479e-07, 1.28524519027e-07, 2.51020225051e-07, 2.54202944916e-07, 1.51647370217e-07, 1.14286997643e-07, 1.66489385833e-07, 2.87635373297e-07, 6.15392480086e-07, 5.65612765513e-07, 2.81597323237e-07],
