{
"highlevel": {
    "danceability": {
        "all": {
            "danceable": 0.874470174313,
            "not_danceable": 0.125529795885
        },
        "probability": 0.874470174313,
        "value": "danceable"
    },
    "gender": {
        "all": {
            "female": 0.0480122864246,
            "male": 0.951987743378
        },
        "probability": 0.951987743378,
        "value": "male"
    },
    "genre_dortmund": {
        "all": {
            "alternative": 0.119680285454,
            "blues": 0.0232696160674,
            "electronic": 0.0780848711729,
            "folkcountry": 0.302393913269,
            "funksoulrnb": 0.00981515645981,
            "jazz": 0.0814059823751,
            "pop": 0.064897954464,
            "raphiphop": 0.105439379811,
            "rock": 0.215012833476
        },
        "probability": 0.302393913269,
        "value": "folkcountry"
    },
    "genre_electronic": {
        "all": {
            "ambient": 0.236536636949,
            "dnb": 0.0722807347775,
            "house": 0.511454761028,
            "techno": 0.0171693153679,
            "trance": 0.162558540702
        },
        "probability": 0.511454761028,
        "value": "house"
    },
    "genre_rosamerica": {
        "all": {
            "cla": 0.00954642985016,
            "dan": 0.149584785104,
            "hip": 0.0397240482271,
            "jaz": 0.0103869624436,
            "pop": 0.420266330242,
            "rhy": 0.296732455492,
            "roc": 0.0602446347475,
            "spe": 0.0135143818334
        },
        "probability": 0.420266330242,
        "value": "pop"
    },
    "genre_tzanetakis": {
        "all": {
            "blu": 0.0821110233665,
            "cla": 0.0364751070738,
            "cou": 0.0820695459843,
            "dis": 0.0656773895025,
            "hip": 0.109487108886,
            "jaz": 0.328569978476,
            "met": 0.0657098665833,
            "pop": 0.0656909942627,
            "reg": 0.0547359287739,
            "roc": 0.109473049641
        },
        "probability": 0.328569978476,
        "value": "jaz"
    },
    "ismir04_rhythm": {
        "all": {
            "ChaChaCha": 0.069845482707,
            "Jive": 0.332801640034,
            "Quickstep": 0.0262038540095,
            "Rumba-American": 0.0203007739037,
            "Rumba-International": 0.36672860384,
            "Rumba-Misc": 0.0412118323147,
            "Samba": 0.0579789802432,
            "Tango": 0.00940287392586,
            "VienneseWaltz": 0.0631337836385,
            "Waltz": 0.0123921595514
        },
        "probability": 0.36672860384,
        "value": "Rumba-International"
    },
    "mood_acoustic": {
        "all": {
            "acoustic": 0.287575542927,
            "not_acoustic": 0.712424457073
        },
        "probability": 0.712424457073,
        "value": "not_acoustic"
    },
    "mood_aggressive": {
        "all": {
            "aggressive": 0.121534004807,
            "not_aggressive": 0.878466010094
        },
        "probability": 0.878466010094,
        "value": "not_aggressive"
    },
    "mood_electronic": {
        "all": {
            "electronic": 0.198304161429,
            "not_electronic": 0.801695823669
        },
        "probability": 0.801695823669,
        "value": "not_electronic"
    },
    "mood_happy": {
        "all": {
            "happy": 0.342602878809,
            "not_happy": 0.657397091389
        },
        "probability": 0.657397091389,
        "value": "not_happy"
    },
    "mood_party": {
        "all": {
            "not_party": 0.709075808525,
            "party": 0.290924191475
        },
        "probability": 0.709075808525,
        "value": "not_party"
    },
    "mood_relaxed": {
        "all": {
            "not_relaxed": 0.178553730249,
            "relaxed": 0.821446239948
        },
        "probability": 0.821446239948,
        "value": "relaxed"
    },
    "mood_sad": {
        "all": {
            "not_sad": 0.172886356711,
            "sad": 0.827113628387
        },
        "probability": 0.827113628387,
        "value": "sad"
    },
    "moods_mirex": {
        "all": {
            "Cluster1": 0.114000603557,
            "Cluster2": 0.137475758791,
            "Cluster3": 0.344355732203,
            "Cluster4": 0.0571471303701,
            "Cluster5": 0.34702077508
        },
        "probability": 0.34702077508,
        "value": "Cluster5"
    },
    "timbre": {
        "all": {
            "bright": 0.960017383099,
            "dark": 0.0399826169014
        },
        "probability": 0.960017383099,
        "value": "bright"
    },
    "tonal_atonal": {
        "all": {
            "atonal": 0.00255761272274,
            "tonal": 0.997442364693
        },
        "probability": 0.997442364693,
        "value": "tonal"
    },
    "voice_instrumental": {
        "all": {
            "instrumental": 0.140835076571,
            "voice": 0.859164953232
        },
        "probability": 0.859164953232,
        "value": "voice"
    }
},
"lowlevel": {
    "average_loudness": 0.888499557972,
    "barkbands_crest": {
        "dmean": 2.6500313282,
        "dmean2": 4.36542844772,
        "dvar": 6.94371938705,
        "dvar2": 17.8648166656,
        "max": 24.361907959,
        "mean": 9.64109706879,
        "median": 8.98081111908,
        "min": 3.21055650711,
        "var": 12.9600143433
    },
    "barkbands_flatness_db": {
        "dmean": 0.0238629281521,
        "dmean2": 0.037490632385,
        "dvar": 0.000618401507381,
        "dvar2": 0.00153986283112,
        "max": 0.372922092676,
        "mean": 0.161604657769,
        "median": 0.154630795121,
        "min": 0.0603108182549,
        "var": 0.00232110358775
    },
    "barkbands_kurtosis": {
        "dmean": 5.02263021469,
        "dmean2": 8.15797996521,
        "dvar": 89.7589950562,
        "dvar2": 242.618652344,
        "max": 102.312934875,
        "mean": 8.57433319092,
        "median": 5.52144622803,
        "min": -1.88940310478,
        "var": 125.108314514
    },
    "barkbands_skewness": {
        "dmean": 0.661780893803,
        "dmean2": 1.01914799213,
        "dvar": 0.675777852535,
        "dvar2": 1.69260668755,
        "max": 9.8754863739,
        "mean": 2.32510781288,
        "median": 2.18669986725,
        "min": -1.72759652138,
        "var": 1.65686929226
    },
    "barkbands_spread": {
        "dmean": 6.49318981171,
        "dmean2": 9.89298725128,
        "dvar": 82.4731063843,
        "dvar2": 167.644363403,
        "max": 105.829032898,
        "mean": 21.144651413,
        "median": 15.760228157,
        "min": 1.23928487301,
        "var": 292.881958008
    },
    "dissonance": {
        "dmean": 0.0207413677126,
        "dmean2": 0.0339310504496,
        "dvar": 0.000353481067577,
        "dvar2": 0.000907846610062,
        "max": 0.500000059605,
        "mean": 0.449755996466,
        "median": 0.454747408628,
        "min": 0.324893176556,
        "var": 0.000947549473494
    },
    "dynamic_complexity": 2.83279204369,
    "erbbands_crest": {
        "dmean": 2.42505669594,
        "dmean2": 3.80725455284,
        "dvar": 5.61865282059,
        "dvar2": 12.9766759872,
        "max": 27.4651412964,
        "mean": 8.31621170044,
        "median": 7.49292755127,
        "min": 2.40492415428,
        "var": 14.9743404388
    },
    "erbbands_flatness_db": {
        "dmean": 0.0169916599989,
        "dmean2": 0.023907860741,
        "dvar": 0.000334566953825,
        "dvar2": 0.000562591361813,
        "max": 0.299509137869,
        "mean": 0.13961802423,
        "median": 0.132094606757,
        "min": 0.0551679208875,
        "var": 0.00159440073185
    },
    "erbbands_kurtosis": {
        "dmean": 0.929448187351,
        "dmean2": 1.43106245995,
        "dvar": 1.40996193886,
        "dvar2": 3.07401108742,
        "max": 14.6199092865,
        "mean": 0.432157695293,
        "median": 0.059707403183,
        "min": -1.71461594105,
        "var": 3.2854115963
    },
    "erbbands_skewness": {
        "dmean": 0.357717335224,
        "dmean2": 0.542994916439,
        "dvar": 0.120239213109,
        "dvar2": 0.25324395299,
        "max": 3.55158376694,
        "mean": 0.655268847942,
        "median": 0.695531249046,
        "min": -1.90195572376,
        "var": 0.539831340313
    },
    "erbbands_spread": {
        "dmean": 10.9598894119,
        "dmean2": 16.4175415039,
        "dvar": 137.465454102,
        "dvar2": 290.274627686,
        "max": 146.232208252,
        "mean": 52.0791931152,
        "median": 48.1957054138,
        "min": 8.3068447113,
        "var": 527.350463867
    },
    "hfc": {
        "dmean": 9.72674369812,
        "dmean2": 13.8270921707,
        "dvar": 525.230285645,
        "dvar2": 1051.10473633,
        "max": 449.820922852,
        "mean": 25.5779495239,
        "median": 14.0262203217,
        "min": 0.332482308149,
        "var": 1516.73864746
    },
    "melbands_crest": {
        "dmean": 3.4397585392,
        "dmean2": 5.51360845566,
        "dvar": 11.0100040436,
        "dvar2": 28.5624160767,
        "max": 33.0212173462,
        "mean": 14.4554901123,
        "median": 13.6695566177,
        "min": 5.36462020874,
        "var": 25.1098709106
    },
    "melbands_flatness_db": {
        "dmean": 0.0289194714278,
        "dmean2": 0.0447855964303,
        "dvar": 0.000975817092694,
        "dvar2": 0.00230170274153,
        "max": 0.463842749596,
        "mean": 0.219374209642,
        "median": 0.215205132961,
        "min": 0.0420982018113,
        "var": 0.00451413355768
    },
    "melbands_kurtosis": {
        "dmean": 13.9007825851,
        "dmean2": 22.6980876923,
        "dvar": 991.922790527,
        "dvar2": 2704.34130859,
        "max": 517.79296875,
        "mean": 25.9705924988,
        "median": 17.579158783,
        "min": -1.59492993355,
        "var": 1060.07067871
    },
    "melbands_skewness": {
        "dmean": 0.970865607262,
        "dmean2": 1.5226970911,
        "dvar": 1.69325852394,
        "dvar2": 4.09295415878,
        "max": 19.5674209595,
        "mean": 3.68682360649,
        "median": 3.40176057816,
        "min": 0.267350643873,
        "var": 3.44367837906
    },
    "melbands_spread": {
        "dmean": 6.32915639877,
        "dmean2": 9.78797245026,
        "dvar": 124.876197815,
        "dvar2": 261.808013916,
        "max": 195.088409424,
        "mean": 17.3191394806,
        "median": 12.5597848892,
        "min": 1.02055644989,
        "var": 343.256408691
    },
    "pitch_salience": {
        "dmean": 0.0717585980892,
        "dmean2": 0.115763314068,
        "dvar": 0.00499108759686,
        "dvar2": 0.0121849793941,
        "max": 0.817630469799,
        "mean": 0.567721605301,
        "median": 0.575010538101,
        "min": 0.133170381188,
        "var": 0.0102458763868
    },
    "silence_rate_20dB": {
        "dmean": 0.00773993786424,
        "dmean2": 0.0154918665066,
        "dvar": 0.00768002541736,
        "dvar2": 0.0229980777949,
        "max": 1,
        "mean": 0.996133029461,
        "median": 1,
        "min": 0,
        "var": 0.00385198788717
    },
    "silence_rate_30dB": {
        "dmean": 0.0325077399611,
        "dmean2": 0.0650658383965,
        "dvar": 0.031450919807,
        "dvar2": 0.0623818822205,
        "max": 1,
        "mean": 0.959783434868,
        "median": 1,
        "min": 0,
        "var": 0.0385992452502
    },
    "silence_rate_60dB": {
        "dmean": 0.0123839005828,
        "dmean2": 0.0247869864106,
        "dvar": 0.0122306700796,
        "dvar2": 0.0241723973304,
        "max": 1,
        "mean": 0.0587780363858,
        "median": 0,
        "min": 0,
        "var": 0.0553240254521
    },
    "spectral_centroid": {
        "dmean": 259.380889893,
        "dmean2": 406.600067139,
        "dvar": 122435.664062,
        "dvar2": 287416.90625,
        "max": 3961.20874023,
        "mean": 1034.75390625,
        "median": 844.151794434,
        "min": 215.028457642,
        "var": 431172.09375
    },
    "spectral_complexity": {
        "dmean": 3.21284818649,
        "dmean2": 5.12703323364,
        "dvar": 18.0838356018,
        "dvar2": 40.2549362183,
        "max": 55,
        "mean": 16.620262146,
        "median": 14,
        "min": 3,
        "var": 99.9230041504
    },
    "spectral_decrease": {
        "dmean": 4.83599649215e-09,
        "dmean2": 8.05800137726e-09,
        "dvar": 2.20675984971e-16,
        "dvar2": 5.69460038681e-16,
        "max": -1.45514419958e-10,
        "mean": -9.23910370432e-09,
        "median": -6.48156639471e-09,
        "min": -1.88128964851e-07,
        "var": 1.91085391884e-16
    },
    "spectral_energy": {
        "dmean": 0.0188278313726,
        "dmean2": 0.0312361977994,
        "dvar": 0.00321340165101,
        "dvar2": 0.00828163139522,
        "max": 0.716774344444,
        "mean": 0.0371905080974,
        "median": 0.0263457484543,
        "min": 0.000579443702009,
        "var": 0.0028550606221
    },
    "spectral_energyband_high": {
        "dmean": 0.000951213296503,
        "dmean2": 0.00133734627161,
        "dvar": 7.78751473263e-06,
        "dvar2": 1.62102351169e-05,
        "max": 0.0567976385355,
        "mean": 0.00201679370366,
        "median": 0.000621017650701,
        "min": 1.85370333838e-06,
        "var": 2.06107742997e-05
    },
    "spectral_energyband_low": {
        "dmean": 0.01473909989,
        "dmean2": 0.0249328073114,
        "dvar": 0.00317708775401,
        "dvar2": 0.00824763160199,
        "max": 0.702236533165,
        "mean": 0.018155535683,
        "median": 0.00967051368207,
        "min": 1.39567582664e-05,
        "var": 0.00242521241307
    },
    "spectral_energyband_middle_high": {
        "dmean": 0.000971192377619,
        "dmean2": 0.00149956718087,
        "dvar": 3.91413777834e-06,
        "dvar2": 9.35201478569e-06,
        "max": 0.0330141894519,
        "mean": 0.00260248431005,
        "median": 0.00173079967499,
        "min": 6.09548078501e-05,
        "var": 1.11626204671e-05
    },
    "spectral_energyband_middle_low": {
        "dmean": 0.005956038367,
        "dmean2": 0.00983364135027,
        "dvar": 6.59871366224e-05,
        "dvar2": 0.000174223954673,
        "max": 0.124952353537,
        "mean": 0.0163825172931,
        "median": 0.0130887096748,
        "min": 0.000412538385717,
        "var": 0.000185631433851
    },
    "spectral_entropy": {
        "dmean": 0.194363638759,
        "dmean2": 0.284897238016,
        "dvar": 0.0463973172009,
        "dvar2": 0.0899086073041,
        "max": 8.70143222809,
        "mean": 7.50899982452,
        "median": 7.5389084816,
        "min": 6.15721130371,
        "var": 0.223507106304
    },
    "spectral_flux": {
        "dmean": 0.0341549143195,
        "dmean2": 0.0549037754536,
        "dvar": 0.00406473362818,
        "dvar2": 0.00869750324637,
        "max": 0.737787187099,
        "mean": 0.092618368566,
        "median": 0.0745509117842,
        "min": 0.00872206874192,
        "var": 0.00682885525748
    },
    "spectral_kurtosis": {
        "dmean": 1.35353565216,
        "dmean2": 2.13314938545,
        "dvar": 3.70580267906,
        "dvar2": 9.49565505981,
        "max": 20.3304405212,
        "mean": 3.02740836143,
        "median": 2.22615909576,
        "min": -0.712015628815,
        "var": 8.35270404816
    },
    "spectral_rms": {
        "dmean": 0.00112689228263,
        "dmean2": 0.00178813026287,
        "dvar": 4.30179898103e-06,
        "dvar2": 1.00275728983e-05,
        "max": 0.0264441315085,
        "mean": 0.00537657365203,
        "median": 0.00506982952356,
        "min": 0.000751871615648,
        "var": 7.37582286092e-06
    },
    "spectral_rolloff": {
        "dmean": 523.230041504,
        "dmean2": 868.217346191,
        "dvar": 1645659.5,
        "dvar2": 3155085.5,
        "max": 12618.4570312,
        "mean": 1233.57128906,
        "median": 602.9296875,
        "min": 64.599609375,
        "var": 3757828.5
    },
    "spectral_skewness": {
        "dmean": 0.235333919525,
        "dmean2": 0.362595975399,
        "dvar": 0.0756556242704,
        "dvar2": 0.189634427428,
        "max": 3.30795502663,
        "mean": 1.42791962624,
        "median": 1.40928721428,
        "min": 0.253543585539,
        "var": 0.276043951511
    },
    "spectral_spread": {
        "dmean": 760819.75,
        "dmean2": 1035883.75,
        "dvar": 720749068288,
        "dvar2": 1.27922628198e+12,
        "max": 16359980,
        "mean": 5748699,
        "median": 5670148.5,
        "min": 1945651,
        "var": 3.56791877632e+12
    },
    "spectral_strongpeak": {
        "dmean": 0.353454530239,
        "dmean2": 0.587388932705,
        "dvar": 0.255791395903,
        "dvar2": 0.587381005287,
        "max": 8.45497989655,
        "mean": 0.627328395844,
        "median": 0.459623783827,
        "min": 0,
        "var": 0.381447702646
    },
    "zerocrossingrate": {
        "dmean": 0.0138460993767,
        "dmean2": 0.0158984530717,
        "dvar": 0.000327907357132,
        "dvar2": 0.000338813813869,
        "max": 0.3486328125,
        "mean": 0.0625487118959,
        "median": 0.05029296875,
        "min": 0.00341796875,
        "var": 0.00217072712258
    },
    "barkbands": {
        "dmean": [0.00114903738722, 0.0111617743969, 0.00301242177375, 0.00306180492043, 0.00247915671207, 0.00121299154125, 0.000796253676526, 0.000956033240072, 0.00062653189525, 0.000340959057212, 0.000150515770656, 0.000128735409817, 0.000200300026336, 0.000139928975841, 0.00012681746739, 0.00014937898959, 0.000140101605211, 0.000131169595988, 0.000129759398988, 0.000194836378796, 0.000191132538021, 0.000268008065177, 0.000148633975186, 0.000189878745005, 0.000171884646988, 8.42883382575e-05, 5.79698733461e-09],
        "dmean2": [0.00178358738776, 0.0192839149386, 0.00530319521204, 0.00511764036492, 0.00420830678195, 0.00185278442223, 0.00127019768115, 0.00141906586941, 0.000991233973764, 0.000517056672834, 0.000228515898925, 0.000201578135602, 0.000311642448651, 0.000226144853514, 0.000206440163311, 0.000244669470703, 0.000231149417232, 0.000221718146349, 0.000224050163524, 0.00032769414247, 0.000321117986459, 0.000415471469751, 0.000222180766286, 0.000266983028268, 0.000239993387368, 0.000119046970212, 9.65413438081e-09],
        "dvar": [1.94893291336e-05, 0.00258718873374, 5.26008152519e-05, 2.19741177716e-05, 1.46259189933e-05, 5.61152182854e-06, 6.65644574838e-06, 5.46462797502e-06, 2.14594842873e-06, 6.58559940803e-07, 7.56822657877e-08, 1.63098349049e-07, 1.87398498497e-07, 1.34299867227e-07, 5.62581377039e-08, 1.17275426703e-07, 1.50740504523e-07, 1.12360709181e-07, 1.35499419684e-07, 4.67991981168e-07, 9.45663089169e-07, 9.15309328775e-07, 2.00863539135e-07, 2.78362108475e-07, 2.60754234205e-07, 6.27162464184e-08, 7.32506893005e-15],
        "dvar2": [4.60667761217e-05, 0.00690572941676, 0.00015311743482, 6.14914606558e-05, 4.11648979934e-05, 1.38185096148e-05, 1.53883702296e-05, 1.43468896567e-05, 5.18357046531e-06, 1.44498494592e-06, 1.59007228717e-07, 4.01815498208e-07, 4.16423603156e-07, 3.34241747169e-07, 1.43154579746e-07, 2.79764492461e-07, 3.90407222994e-07, 2.98646455121e-07, 3.73420391497e-07, 1.34161518872e-06, 2.67710402113e-06, 2.11622273127e-06, 4.18987212925e-07, 4.63456245825e-07, 4.28423305721e-07, 1.0646936488e-07, 1.70188434742e-14],
        "max": [0.043751783669, 0.631969988346, 0.0744959935546, 0.0458734557033, 0.0605881735682, 0.0357037000358, 0.0721719488502, 0.0474826581776, 0.0249199159443, 0.0215768925846, 0.00611882843077, 0.00908499676734, 0.0114179188386, 0.00802907999605, 0.00495788501576, 0.00539182499051, 0.00787484645844, 0.00496064079925, 0.00609571067616, 0.0139693878591, 0.0243716277182, 0.0175025314093, 0.00887754745781, 0.0116017255932, 0.0101450197399, 0.00425602123141, 1.76977471256e-06],
        "mean": [0.00124984805007, 0.0105446623638, 0.00448069069535, 0.00494373170659, 0.0045793922618, 0.00235469685867, 0.00138765748125, 0.00182895699982, 0.00110547943041, 0.000607853347901, 0.000240406690864, 0.000205295335036, 0.000321406027069, 0.000195968692424, 0.000188865684322, 0.000207484001294, 0.000219435576582, 0.000195897766389, 0.000190206308616, 0.000298697123071, 0.000319538754411, 0.000491360726301, 0.000296511047054, 0.000355668133125, 0.00027566641802, 0.000105159640952, 4.19756540637e-09],
        "median": [8.82788881427e-05, 0.00308306911029, 0.00223210919648, 0.00247590267099, 0.00289057241753, 0.00126659718808, 0.000619685160927, 0.000617209356278, 0.000509920297191, 0.000320589868352, 0.000117523464723, 7.58308451623e-05, 0.000156494963448, 6.19025668129e-05, 8.53395322338e-05, 6.44460887997e-05, 8.23157752166e-05, 7.12809851393e-05, 4.74517655675e-05, 8.22428701213e-05, 7.49750324758e-05, 0.00010976473277, 6.94615519024e-05, 9.13777330425e-05, 4.89688682137e-05, 8.69071664056e-06, 3.69882791063e-10],
        "min": [1.00156176686e-08, 1.15539285162e-06, 5.91461116528e-07, 2.66975030172e-06, 4.18516974605e-05, 5.77169794269e-06, 3.57448379873e-06, 3.61141542271e-06, 4.84393331135e-06, 3.5207028759e-06, 1.42906014844e-06, 2.08232768273e-06, 6.56549616451e-07, 9.05613319446e-07, 7.17172952136e-07, 3.10035318307e-07, 2.32107424836e-07, 3.64427165778e-07, 2.84670335304e-07, 4.05578333584e-07, 2.91955615239e-07, 2.87400439447e-07, 1.01493483839e-07, 2.52578652438e-10, 2.09667717216e-11, 2.38661243546e-11, 2.91856851187e-11],
        "var": [1.98612906388e-05, 0.00179386860691, 4.591943798e-05, 4.0483319026e-05, 2.55067661783e-05, 1.08223666757e-05, 1.2083854017e-05, 1.23742693177e-05, 3.63357844435e-06, 1.31560273076e-06, 1.78429360176e-07, 3.19042243291e-07, 3.81895773671e-07, 1.94305258105e-07, 1.1439950498e-07, 1.81238021923e-07, 2.13234443436e-07, 1.44610723396e-07, 1.65819542985e-07, 5.17890441643e-07, 9.95557115857e-07, 1.97926874534e-06, 5.97230496169e-07, 7.98244172984e-07, 6.96170445735e-07, 1.26609634776e-07, 4.91806345066e-15]
    },
    "erbbands": {
        "dmean": [0.414366304874, 2.21586537361, 3.63011455536, 6.33446359634, 11.3382129669, 7.58249664307, 8.07122802734, 11.349152565, 9.96494483948, 17.6484031677, 17.5364570618, 16.2699565887, 9.38581848145, 9.06077766418, 7.48971271515, 5.20455694199, 8.98397636414, 7.55194997787, 7.68462610245, 5.52725887299, 7.51464939117, 7.28467845917, 7.44609308243, 5.86144781113, 7.12459850311, 9.14355278015, 7.79492473602, 8.61069583893, 9.93550205231, 6.36193752289, 3.91323661804, 3.861338377, 3.33931136131, 2.08531689644, 1.24869430065, 0.486809134483, 0.148598730564, 0.00937808584422, 0.00018997573352, 3.04308759951e-05],
        "dmean2": [0.712321579456, 3.96793580055, 6.47700214386, 10.6907596588, 19.5445652008, 12.4277362823, 12.8270978928, 16.8872203827, 15.0198297501, 26.7338485718, 25.8328762054, 25.4610824585, 14.2297277451, 13.646697998, 11.4345741272, 8.17129516602, 13.8481492996, 11.7746601105, 12.40625, 8.87430000305, 12.2249126434, 12.1830196381, 12.5266370773, 10.1475200653, 12.2730512619, 15.2992773056, 13.422326088, 14.1681060791, 16.0589962006, 9.40519332886, 5.81559324265, 5.61965799332, 4.71920251846, 2.88320589066, 1.77696573734, 0.669381678104, 0.222985848784, 0.0148021262139, 0.000288913055556, 4.66976853204e-05],
        "dvar": [3.327439785, 112.377403259, 125.196258545, 87.1002044678, 327.275360107, 162.119903564, 299.234344482, 447.32901001, 804.651245117, 2780.92138672, 1443.38830566, 1252.02148438, 909.74005127, 547.186889648, 241.403366089, 165.387207031, 423.420043945, 330.441711426, 202.206832886, 243.953704834, 254.610443115, 423.825653076, 354.888122559, 253.09312439, 543.850402832, 906.839782715, 1202.19921875, 1696.65710449, 1312.84570312, 438.348815918, 130.694900513, 99.3223342896, 93.0112686157, 46.0523910522, 12.3131732941, 2.29516291618, 0.235608890653, 0.000913264753763, 3.26280087393e-07, 5.3390469823e-09],
        "dvar2": [8.71070861816, 311.577880859, 360.881622314, 241.792022705, 1000.33404541, 423.937561035, 724.717834473, 1022.02069092, 1734.47302246, 7216.73144531, 3612.97167969, 2828.45458984, 2361.48095703, 1134.18200684, 533.844848633, 384.53515625, 897.186706543, 858.889648438, 529.784545898, 608.424682617, 634.581787109, 1091.31152344, 902.638244629, 713.922790527, 1519.00097656, 2554.82763672, 3394.75488281, 4631.44726562, 3174.77099609, 965.843994141, 270.1121521, 200.167236328, 148.601272583, 82.2584381104, 20.6643733978, 3.71600365639, 0.485221266747, 0.00211573345587, 7.00497537309e-07, 1.25681163254e-08],
        "max": [20.1590995789, 131.257247925, 123.677398682, 82.3746261597, 211.170166016, 205.654281616, 242.699005127, 342.691009521, 900.066955566, 886.832519531, 627.135803223, 756.137329102, 634.976989746, 784.830200195, 304.937225342, 262.103179932, 637.989807129, 258.585083008, 220.055145264, 405.216369629, 239.258926392, 357.863647461, 271.92755127, 230.344650269, 492.373748779, 587.394897461, 802.359008789, 997.578735352, 631.058654785, 518.157592773, 236.517669678, 208.035202026, 219.30065918, 154.46206665, 71.058807373, 28.3680438995, 8.59810447693, 0.683832287788, 0.0124388122931, 0.000792524020653],
        "mean": [0.36369073391, 2.14777493477, 5.12144756317, 10.7788667679, 18.4172420502, 13.5708770752, 14.5664548874, 22.0186595917, 19.1593971252, 30.5303916931, 34.243057251, 30.6525211334, 17.9008769989, 15.9371795654, 12.7865047455, 9.25281620026, 15.0427408218, 11.8730745316, 11.6675758362, 8.31450748444, 11.4308853149, 12.1167058945, 12.1622200012, 8.53608703613, 11.0704135895, 14.1593179703, 11.9409685135, 15.2789974213, 17.5857830048, 12.4873113632, 7.85237503052, 7.01643610001, 6.04584264755, 3.33910059929, 1.84747779369, 0.654210925102, 0.166702494025, 0.009720986709, 0.00023726967629, 6.02777799941e-05],
        "median": [0.0801348313689, 0.703417241573, 2.80101633072, 6.56839799881, 11.5952749252, 7.47261857986, 7.10679101944, 10.8013238907, 10.5837783813, 10.7547225952, 11.9795379639, 15.5543165207, 9.2903842926, 9.01930904388, 5.90615701675, 4.4356970787, 7.31635665894, 5.17214441299, 5.37664842606, 3.11662483215, 4.07606220245, 4.76074361801, 4.95161914825, 2.65627646446, 2.84293460846, 4.14979171753, 2.75890803337, 3.73942828178, 4.30786275864, 2.4878590107, 1.97470974922, 1.92538678646, 1.31118810177, 0.631353318691, 0.306012958288, 0.0704272612929, 0.0112549532205, 0.0006007522461, 4.0470957174e-05, 3.68454202544e-05],
        "min": [6.32843002677e-05, 0.000359964877134, 0.00248552951962, 0.0169387813658, 0.0819063559175, 0.130345329642, 0.068563349545, 0.138547509909, 0.235959291458, 0.104788653553, 0.150722250342, 0.168537825346, 0.185444906354, 0.122581794858, 0.176133841276, 0.0958786830306, 0.0530480109155, 0.0597229897976, 0.0457001030445, 0.0797831639647, 0.0555595420301, 0.0382225029171, 0.0195181164891, 0.0167154353112, 0.0185522343963, 0.0186134632677, 0.0143495006487, 0.0104311257601, 0.0110681094229, 0.00611336808652, 0.00311039946973, 0.00182842335198, 0.000341988838045, 2.58678846876e-05, 7.13117333362e-06, 1.28249234876e-06, 5.36240861493e-07, 1.1367126973e-07, 3.98661399004e-07, 6.96306244663e-07],
        "var": [2.41894292831, 71.0682678223, 88.1050949097, 154.165817261, 467.872924805, 313.156524658, 512.33190918, 1035.53076172, 1367.40527344, 4887.4375, 3743.36010742, 2522.81567383, 1170.43518066, 956.589904785, 610.136291504, 377.347320557, 916.432922363, 472.977874756, 344.43649292, 354.022094727, 455.024261475, 621.679748535, 525.448059082, 289.659606934, 624.404296875, 1097.64318848, 1236.75109863, 2092.46020508, 2451.20581055, 1338.56201172, 397.401184082, 249.752853394, 276.101470947, 117.180603027, 29.3016052246, 5.21111965179, 0.338599354029, 0.00106552697252, 4.64031955971e-07, 7.16115655663e-09]
    },
    "gfcc": {
        "mean": [3.6249973774, 98.6358108521, -97.8004608154, 42.0370483398, -74.5637664795, 20.0529708862, -41.5407333374, 8.76927280426, -24.3371067047, -0.619182050228, -17.9797897339, -6.23577213287, -9.53960990906],
        "cov": [[5126.31640625, -1970.78198242, 543.027160645, 408.525878906, -207.128677368, 218.237686157, -296.290527344, 311.598114014, -164.500900269, 390.845092773, -371.810699463, 174.176254272, -383.908905029], [-1970.78198242, 1699.30847168, -474.432037354, 21.1695480347, 332.001800537, -94.6374588013, 315.295562744, -209.699417114, 277.087615967, -278.148223877, 303.393737793, -152.523513794, 274.810516357], [543.027160645, -474.432037354, 818.754089355, 6.35194063187, 72.3763198853, 230.852996826, -103.882507324, 161.302352905, -109.494171143, 156.043136597, -122.609954834, 77.3793563843, -131.917022705], [408.525878906, 21.1695480347, 6.35194063187, 430.678222656, 43.6681632996, 69.0484695435, 110.393989563, -2.68495869637, 96.8171615601, -41.0937385559, 61.1609802246, -34.127243042, 56.5793457031], [-207.128677368, 332.001800537, 72.3763198853, 43.6681632996, 329.178955078, 53.2094192505, 107.256225586, 39.6812362671, 78.4924468994, 4.26899433136, 52.4707221985, 19.7743186951, 39.4561500549], [218.237686157, -94.6374588013, 230.852996826, 69.0484695435, 53.2094192505, 217.050521851, 20.7721004486, 54.0447158813, -8.93665790558, 37.8016471863, -18.1989841461, 6.6304936409, -10.6346530914], [-296.290527344, 315.295562744, -103.882507324, 110.393989563, 107.256225586, 20.7721004486, 258.398712158, -23.0466976166, 90.7616119385, -44.5005187988, 72.7961883545, -10.3856182098, 50.8840026855], [311.598114014, -209.699417114, 161.302352905, -2.68495869637, 39.6812362671, 54.0447158813, -23.0466976166, 161.260192871, -16.0432472229, 67.4740142822, -39.251247406, 25.9610919952, -30.3280639648], [-164.500900269, 277.087615967, -109.494171143, 96.8171615601, 78.4924468994, -8.93665790558, 90.7616119385, -16.0432472229, 170.664093018, -32.9743232727, 62.4521026611, -25.7978477478, 44.1770057678], [390.845092773, -278.148223877, 156.043136597, -41.0937385559, 4.26899433136, 37.8016471863, -44.5005187988, 67.4740142822, -32.9743232727, 151.676376343, -45.3283920288, 45.8274879456, -68.3350601196], [-371.810699463, 303.393737793, -122.609954834, 61.1609802246, 52.4707221985, -18.1989841461, 72.7961883545, -39.251247406, 62.4521026611, -45.3283920288, 143.72555542, -20.5732460022, 74.813873291], [174.176254272, -152.523513794, 77.3793563843, -34.127243042, 19.7743186951, 6.6304936409, -10.3856182098, 25.9610919952, -25.7978477478, 45.8274879456, -20.5732460022, 100.331344604, -20.5768280029], [-383.908905029, 274.810516357, -131.917022705, 56.5793457031, 39.4561500549, -10.6346530914, 50.8840026855, -30.3280639648, 44.1770057678, -68.3350601196, 74.813873291, -20.5768280029, 141.05090332]],
        "icov": [[0.000524785311427, 0.000289357150905, 0.00034576348844, -0.000809613906313, -0.000121054443298, -0.000272617064184, 0.000390509259887, -0.00029350456316, -1.4527005078e-05, -0.000465998920845, 0.000523146300111, -0.00038111579488, 0.000767757417634], [0.000289357150905, 0.00366456550546, -0.0003039711155, 0.00171107368078, -0.00258618989028, 0.000407442334108, -0.00130927888677, 0.00218760711141, -0.00239170854911, 0.00226073851809, -0.00247173616663, 0.00309776118957, -0.00201866822317], [0.00034576348844, -0.0003039711155, 0.00313816173002, -0.00125244504306, -0.00052041222807, -0.00253659696318, 0.00133982044645, -0.00145913951565, 0.00132311764173, -0.00119671481661, 0.00117675610818, -0.00152500125114, 0.00228710775264], [-0.000809613906313, 0.00171107368078, -0.00125244504306, 0.00574311707169, -0.00081528746523, -3.21052975778e-05, -0.00239136838354, 0.00175628415309, -0.00287499418482, 0.00265631708317, -0.00296510453336, 0.00314390310086, -0.00332770054229], [-0.000121054443298, -0.00258618989028, -0.00052041222807, -0.00081528746523, 0.00632617482916, -0.000586728914641, -0.000428849656601, -0.00250494293869, -2.63712081505e-05, -0.00167114124633, 0.000918917765375, -0.00313234701753, 0.000606070098002], [-0.000272617064184, 0.000407442334108, -0.00253659696318, -3.21052975778e-05, -0.000586728914641, 0.00785819161683, -0.0016134257894, 0.000110145745566, -5.07300028403e-05, -4.91271784995e-05, -0.000273863377515, 0.00195941887796, -0.00210976810195], [0.000390509259887, -0.00130927888677, 0.00133982044645, -0.00239136838354, -0.000428849656601, -0.0016134257894, 0.0069974642247, -0.000999028910883, -0.000235535888351, -0.000666562875267, 0.000434243149357, -0.0025499870535, 0.00223375624046], [-0.00029350456316, 0.00218760711141, -0.00145913951565, 0.00175628415309, -0.00250494293869, 0.000110145745566, -0.000999028910883, 0.0106298523024, -0.00190549367107, -0.000866138492711, -0.000614591874182, 0.00236985366791, -0.00292625976726], [-1.4527005078e-05, -0.00239170854911, 0.00132311764173, -0.00287499418482, -2.63712081505e-05, -5.07300028403e-05, -0.000235535888351, -0.00190549367107, 0.0109840948135, -0.0020574897062, 0.000429842300946, -0.000890964991413, 0.00189476425294], [-0.000465998920845, 0.00226073851809, -0.00119671481661, 0.00265631708317, -0.00167114124633, -4.91271784995e-05, -0.000666562875267, -0.000866138492711, -0.0020574897062, 0.0135739026591, -0.00306801078841, -0.000503985327668, 0.00143461988773], [0.000523146300111, -0.00247173616663, 0.00117675610818, -0.00296510453336, 0.000918917765375, -0.000273863377515, 0.000434243149357, -0.000614591874182, 0.000429842300946, -0.00306801078841, 0.0143920220435, -0.00241500791162, -0.0016438413877], [-0.00038111579488, 0.00309776118957, -0.00152500125114, 0.00314390310086, -0.00313234701753, 0.00195941887796, -0.0025499870535, 0.00236985366791, -0.000890964991413, -0.000503985327668, -0.00241500791162, 0.0159484390169, -0.00366424652748], [0.000767757417634, -0.00201866822317, 0.00228710775264, -0.00332770054229, 0.000606070098002, -0.00210976810195, 0.00223375624046, -0.00292625976726, 0.00189476425294, 0.00143461988773, -0.0016438413877, -0.00366424652748, 0.0152614479885]]
    },
    "melbands": {
        "dmean": [0.00333669944666, 0.00224995636381, 0.00126262963749, 0.000651708396617, 0.000273926038062, 0.00024016489624, 0.00015693489695, 0.000203743416932, 0.00013250070333, 0.00010327326163, 4.67522295367e-05, 4.0300154069e-05, 2.13743642234e-05, 1.77406163857e-05, 1.43053639476e-05, 2.07084412978e-05, 1.43768511407e-05, 1.29953577925e-05, 7.34655577617e-06, 1.08109743451e-05, 8.61096123117e-06, 7.90989179222e-06, 8.61835997057e-06, 5.80590676691e-06, 4.87638681079e-06, 5.24194820173e-06, 5.87750173509e-06, 6.52075686958e-06, 5.17141961609e-06, 4.91259743285e-06, 5.76147522224e-06, 6.33117406323e-06, 4.94728283229e-06, 3.41586883223e-06, 2.38748862103e-06, 2.29034844779e-06, 2.71828866971e-06, 2.67534005616e-06, 2.0566440071e-06, 1.83396196007e-06],
        "dmean2": [0.00574058806524, 0.00397982494906, 0.00212859222665, 0.00111544830725, 0.000435485417256, 0.000359304976882, 0.000239815664827, 0.000306874746457, 0.000196745793801, 0.000162369891768, 7.12888722774e-05, 6.08105474385e-05, 3.29668437189e-05, 2.73524747172e-05, 2.26865449804e-05, 3.2290823583e-05, 2.2852613256e-05, 2.0973613573e-05, 1.21493603729e-05, 1.73569551407e-05, 1.42835142469e-05, 1.33271623781e-05, 1.43942261275e-05, 9.6974627013e-06, 8.56682800077e-06, 9.01295607036e-06, 9.97657389235e-06, 1.10875607788e-05, 8.88246449904e-06, 8.40296615934e-06, 9.496241546e-06, 1.03965576272e-05, 7.67636447563e-06, 5.32742751602e-06, 3.57346630153e-06, 3.54943472303e-06, 3.97680742026e-06, 3.74122487301e-06, 3.01647150991e-06, 2.67238169727e-06],
        "dvar": [0.000224637726205, 7.48560196371e-05, 3.12615975417e-06, 8.94933748441e-07, 2.82819058839e-07, 2.03715032399e-07, 2.25678135735e-07, 3.31914122853e-07, 7.53321742764e-08, 5.15848483928e-08, 2.33555201845e-08, 1.08178257463e-08, 1.69611524825e-09, 2.38886554982e-09, 1.05778708015e-09, 2.24761631529e-09, 1.33314503881e-09, 6.99065139109e-10, 3.16259129995e-10, 8.51670844959e-10, 3.911501123e-10, 4.78344197585e-10, 6.77687128636e-10, 1.99954816593e-10, 1.77018483205e-10, 2.04989053509e-10, 5.17046794268e-10, 4.90026630384e-10, 3.6861691477e-10, 8.64323890237e-10, 6.57614851463e-10, 5.29008004069e-10, 3.13532949603e-10, 1.12776031569e-10, 5.17457986182e-11, 3.73209275983e-11, 5.20786469504e-11, 5.52852902347e-11, 4.78314818309e-11, 3.48056201915e-11],
        "dvar2": [0.000587521644775, 0.000211299528019, 8.96796063898e-06, 2.59280341197e-06, 6.58209501125e-07, 4.78046388253e-07, 4.87170041197e-07, 8.6588488557e-07, 1.84383154078e-07, 1.23143706787e-07, 6.12158288504e-08, 2.17875157915e-08, 3.79994835598e-09, 5.81034509395e-09, 2.46604758836e-09, 4.86588991322e-09, 3.43738548736e-09, 1.79405512668e-09, 8.53369319653e-10, 1.94877358695e-09, 1.02254216205e-09, 1.22373144951e-09, 1.86170112659e-09, 5.31573229878e-10, 5.02052011075e-10, 5.59311708059e-10, 1.49537415783e-09, 1.37944478062e-09, 1.02471209296e-09, 2.5517590263e-09, 1.74652214913e-09, 1.31392663416e-09, 7.23999971086e-10, 2.54113674547e-10, 1.05363648362e-10, 8.12289541186e-11, 1.06575061276e-10, 9.02716582041e-11, 8.76407904582e-11, 6.7511315982e-11],
        "max": [0.181806236506, 0.106969319284, 0.0168574228883, 0.0144957266748, 0.0104737812653, 0.00665763299912, 0.0150999529287, 0.00889055803418, 0.00410393951461, 0.00428261654451, 0.00314114266075, 0.00347832753323, 0.000822802947368, 0.00115631730296, 0.000767775578424, 0.0010315165855, 0.000592196010984, 0.000512781087309, 0.000381422898499, 0.000509269593749, 0.000290777970804, 0.000372110924218, 0.000449522602139, 0.0001883819059, 0.00019301714201, 0.00021384874708, 0.000513050181326, 0.000458223250462, 0.000342781189829, 0.000762380077504, 0.000594700686634, 0.000411466986407, 0.000458725728095, 0.000204441472306, 0.00016318942653, 0.000111685294542, 0.000126469851239, 0.000171190215042, 0.000146503691212, 0.00013014410797],
        "mean": [0.00313970446587, 0.00274295639247, 0.002234430518, 0.00115758855827, 0.000518045795616, 0.000463980570203, 0.000295396370348, 0.000361065118341, 0.000247308897087, 0.000187486657524, 8.45956383273e-05, 6.714934716e-05, 3.52908937202e-05, 3.05007961288e-05, 2.27266918955e-05, 3.41798768204e-05, 2.03017589229e-05, 1.87012155948e-05, 1.07825107989e-05, 1.46586053233e-05, 1.26670993268e-05, 1.209525999e-05, 1.33158182507e-05, 8.47562296258e-06, 6.54990890325e-06, 7.57968018661e-06, 8.67095695867e-06, 9.7433985502e-06, 7.25295740267e-06, 7.33739625502e-06, 9.74404247245e-06, 1.04418140836e-05, 8.62840715854e-06, 6.26864084552e-06, 4.48223818239e-06, 4.16166221839e-06, 4.43251519755e-06, 4.59926877738e-06, 3.39065127264e-06, 2.62122352979e-06],
        "median": [0.000859402993228, 0.00143485399894, 0.00139304134063, 0.000763596326578, 0.000270945689408, 0.000237085856497, 0.000152179738507, 0.000117732968647, 8.12374346424e-05, 8.82765380084e-05, 4.2307710828e-05, 3.64054176316e-05, 1.71420197148e-05, 1.35839754876e-05, 1.19853539218e-05, 1.51570466187e-05, 6.65804373057e-06, 7.89583464211e-06, 4.30787122241e-06, 4.2631377255e-06, 4.36311529484e-06, 4.20913056587e-06, 5.87877366343e-06, 2.95213521895e-06, 1.81541099664e-06, 1.67151586083e-06, 2.35460151998e-06, 2.59804232883e-06, 1.44343118791e-06, 1.73806461135e-06, 2.12712393477e-06, 2.62845969701e-06, 1.55841246396e-06, 1.22324854601e-06, 1.02634862742e-06, 1.02109663658e-06, 1.12969507882e-06, 9.82627398116e-07, 5.2651301985e-07, 4.65595945798e-07],
