{
"highlevel": {
    "danceability": {
        "all": {
            "danceable": 0.341352373362,
            "not_danceable": 0.658647596836
        },
        "probability": 0.658647596836,
        "value": "not_danceable"
    },
    "gender": {
        "all": {
            "female": 0.669830560684,
            "male": 0.330169439316
        },
        "probability": 0.669830560684,
        "value": "female"
    },
    "genre_dortmund": {
        "all": {
            "alternative": 0.102273367345,
            "blues": 0.0454672165215,
            "electronic": 0.00652463687584,
            "folkcountry": 0.0440017208457,
            "funksoulrnb": 0.0119730085135,
            "jazz": 0.010849324055,
            "pop": 0.0391955673695,
            "raphiphop": 0.00231558945961,
            "rock": 0.737399578094
        },
        "probability": 0.737399578094,
        "value": "rock"
    },
    "genre_electronic": {
        "all": {
            "ambient": 0.123569719493,
            "dnb": 0.0660646632314,
            "house": 0.0421183928847,
            "techno": 0.0180253703147,
            "trance": 0.750221848488
        },
        "probability": 0.750221848488,
        "value": "trance"
    },
    "genre_rosamerica": {
        "all": {
            "cla": 0.000300265790429,
            "dan": 0.00590511085466,
            "hip": 0.00356683717109,
            "jaz": 0.00189455295913,
            "pop": 0.10674071312,
            "rhy": 0.00255334051326,
            "roc": 0.878856003284,
            "spe": 0.00018319550145
        },
        "probability": 0.878856003284,
        "value": "roc"
    },
    "genre_tzanetakis": {
        "all": {
            "blu": 0.0626613423228,
            "cla": 0.0348169617355,
            "cou": 0.104475811124,
            "dis": 0.0784321576357,
            "hip": 0.15692435205,
            "jaz": 0.313974827528,
            "met": 0.0448166541755,
            "pop": 0.0627359300852,
            "reg": 0.0627360641956,
            "roc": 0.0784258767962
        },
        "probability": 0.313974827528,
        "value": "jaz"
    },
    "ismir04_rhythm": {
        "all": {
            "ChaChaCha": 0.437949627638,
            "Jive": 0.363941341639,
            "Quickstep": 0.0524735823274,
            "Rumba-American": 0.00669033592567,
            "Rumba-International": 0.009914573282,
            "Rumba-Misc": 0.00305289775133,
            "Samba": 0.0919682458043,
            "Tango": 0.0038427026011,
            "VienneseWaltz": 0.0280424337834,
            "Waltz": 0.00212425761856
        },
        "probability": 0.437949627638,
        "value": "ChaChaCha"
    },
    "mood_acoustic": {
        "all": {
            "acoustic": 0.0037172420416,
            "not_acoustic": 0.996282756329
        },
        "probability": 0.996282756329,
        "value": "not_acoustic"
    },
    "mood_aggressive": {
        "all": {
            "aggressive": 0.945899128914,
            "not_aggressive": 0.054100882262
        },
        "probability": 0.945899128914,
        "value": "aggressive"
    },
    "mood_electronic": {
        "all": {
            "electronic": 0.548782169819,
            "not_electronic": 0.451217830181
        },
        "probability": 0.548782169819,
        "value": "electronic"
    },
    "mood_happy": {
        "all": {
            "happy": 0.602262377739,
            "not_happy": 0.397737622261
        },
        "probability": 0.602262377739,
        "value": "happy"
    },
    "mood_party": {
        "all": {
            "not_party": 0.287652432919,
            "party": 0.712347567081
        },
        "probability": 0.712347567081,
        "value": "party"
    },
    "mood_relaxed": {
        "all": {
            "not_relaxed": 0.928051769733,
            "relaxed": 0.0719482079148
        },
        "probability": 0.928051769733,
        "value": "not_relaxed"
    },
    "mood_sad": {
        "all": {
            "not_sad": 0.921586215496,
            "sad": 0.0784137770534
        },
        "probability": 0.921586215496,
        "value": "not_sad"
    },
    "moods_mirex": {
        "all": {
            "Cluster1": 0.539315223694,
            "Cluster2": 0.0600208491087,
            "Cluster3": 0.0111700845882,
            "Cluster4": 0.0286597218364,
            "Cluster5": 0.360834121704
        },
        "probability": 0.539315223694,
        "value": "Cluster1"
    },
    "timbre": {
        "all": {
            "bright": 0.897709429264,
            "dark": 0.102290570736
        },
        "probability": 0.897709429264,
        "value": "bright"
    },
    "tonal_atonal": {
        "all": {
            "atonal": 0.422652184963,
            "tonal": 0.577347815037
        },
        "probability": 0.577347815037,
        "value": "tonal"
    },
    "voice_instrumental": {
        "all": {
            "instrumental": 0.000222456263145,
            "voice": 0.999777555466
        },
        "probability": 0.999777555466,
        "value": "voice"
    }
},
"lowlevel": {
    "average_loudness": 0.982462644577,
    "barkbands_crest": {
        "dmean": 2.96319055557,
        "dmean2": 4.83696508408,
        "dvar": 9.95826530457,
        "dvar2": 26.5714225769,
        "max": 23.8450946808,
        "mean": 8.19125556946,
        "median": 6.92393779755,
        "min": 2.45155000687,
        "var": 15.8792552948
    },
    "barkbands_flatness_db": {
        "dmean": 0.0188447441906,
        "dmean2": 0.03103486076,
        "dvar": 0.000389862369047,
        "dvar2": 0.00106405396946,
        "max": 0.257793843746,
        "mean": 0.0986765772104,
        "median": 0.0948553234339,
        "min": 0.0400789789855,
        "var": 0.000750338193029
    },
    "barkbands_kurtosis": {
        "dmean": 1.46484434605,
        "dmean2": 2.48782801628,
        "dvar": 10.6900129318,
        "dvar2": 29.4531764984,
        "max": 50.3357505798,
        "mean": 0.209462702274,
        "median": -0.678595542908,
        "min": -1.86447191238,
        "var": 10.1078538895
    },
    "barkbands_skewness": {
        "dmean": 0.526231646538,
        "dmean2": 0.815414011478,
        "dvar": 0.376930087805,
        "dvar2": 0.982821583748,
        "max": 6.97616815567,
        "mean": 0.780178487301,
        "median": 0.657506644726,
        "min": -1.22388041019,
        "var": 0.762308478355
    },
    "barkbands_spread": {
        "dmean": 8.01447582245,
        "dmean2": 12.404914856,
        "dvar": 75.6950149536,
        "dvar2": 166.655441284,
        "max": 105.432350159,
        "mean": 42.3650932312,
        "median": 40.239566803,
        "min": 4.92563915253,
        "var": 279.687286377
    },
    "dissonance": {
        "dmean": 0.010043929331,
        "dmean2": 0.016775900498,
        "dvar": 0.000116718452773,
        "dvar2": 0.000281479820842,
        "max": 0.499906003475,
        "mean": 0.482484668493,
        "median": 0.485701441765,
        "min": 0.338528692722,
        "var": 0.000209105404792
    },
    "dynamic_complexity": 1.23656404018,
    "erbbands_crest": {
        "dmean": 2.09964776039,
        "dmean2": 3.42132496834,
        "dvar": 3.87044715881,
        "dvar2": 9.86324882507,
        "max": 24.286605835,
        "mean": 6.94959783554,
        "median": 6.0569434166,
        "min": 2.40154409409,
        "var": 10.3089561462
    },
    "erbbands_flatness_db": {
        "dmean": 0.0127124004066,
        "dmean2": 0.0185153726488,
        "dvar": 0.000141403797898,
        "dvar2": 0.000282863038592,
        "max": 0.216235935688,
        "mean": 0.127390816808,
        "median": 0.124183662236,
        "min": 0.0717176049948,
        "var": 0.000649151566904
    },
    "erbbands_kurtosis": {
        "dmean": 0.729016840458,
        "dmean2": 1.12625515461,
        "dvar": 0.708988964558,
        "dvar2": 1.52865207195,
        "max": 8.56154537201,
        "mean": 0.174789354205,
        "median": -0.240108966827,
        "min": -1.66657221317,
        "var": 2.0194272995
    },
    "erbbands_skewness": {
        "dmean": 0.300556719303,
        "dmean2": 0.454416483641,
        "dvar": 0.0664164870977,
        "dvar2": 0.137348249555,
        "max": 1.60223186016,
        "mean": -0.390142828226,
        "median": -0.369977533817,
        "min": -2.51615381241,
        "var": 0.399315923452
    },
    "erbbands_spread": {
        "dmean": 9.83449840546,
        "dmean2": 15.0061092377,
        "dvar": 100.667251587,
        "dvar2": 238.473327637,
        "max": 124.211578369,
        "mean": 46.7087516785,
        "median": 43.8982772827,
        "min": 9.77151870728,
        "var": 359.060699463
    },
    "hfc": {
        "dmean": 9.92600345612,
        "dmean2": 14.2309408188,
        "dvar": 138.879898071,
        "dvar2": 277.709197998,
        "max": 160.957687378,
        "mean": 43.1718788147,
        "median": 40.9611358643,
        "min": 2.16848301888,
        "var": 593.621948242
    },
    "melbands_crest": {
        "dmean": 3.6606221199,
        "dmean2": 5.79544448853,
        "dvar": 12.6404485703,
        "dvar2": 32.0202484131,
        "max": 32.1978607178,
        "mean": 12.1975984573,
        "median": 11.2237539291,
        "min": 4.49900197983,
        "var": 23.6668987274
    },
    "melbands_flatness_db": {
        "dmean": 0.0255790390074,
        "dmean2": 0.0400776602328,
        "dvar": 0.000823616690468,
        "dvar2": 0.00214063795283,
        "max": 0.342306256294,
        "mean": 0.125781655312,
        "median": 0.117220200598,
        "min": 0.0326682180166,
        "var": 0.00200442527421
    },
    "melbands_kurtosis": {
        "dmean": 6.22917699814,
        "dmean2": 10.3931179047,
        "dvar": 184.425933838,
        "dvar2": 512.706481934,
        "max": 232.387313843,
        "mean": 7.79555845261,
        "median": 3.99805545807,
        "min": -1.45881342888,
        "var": 169.030731201
    },
    "melbands_skewness": {
        "dmean": 0.811011135578,
        "dmean2": 1.26922059059,
        "dvar": 1.05242168903,
        "dvar2": 2.7949655056,
        "max": 14.0081224442,
        "mean": 2.33451652527,
        "median": 2.07879924774,
        "min": -0.271099120378,
        "var": 1.8817037344
    },
    "melbands_spread": {
        "dmean": 13.1022367477,
        "dmean2": 19.8282604218,
        "dvar": 189.001800537,
        "dvar2": 431.217651367,
        "max": 160.023269653,
        "mean": 46.5485534668,
        "median": 42.2866210938,
        "min": 2.42173099518,
        "var": 651.405700684
    },
    "pitch_salience": {
        "dmean": 0.07281242311,
        "dmean2": 0.120174780488,
        "dvar": 0.00531836459413,
        "dvar2": 0.0143771125004,
        "max": 0.811533868313,
        "mean": 0.594613432884,
        "median": 0.60723143816,
        "min": 0.158319041133,
        "var": 0.00950115267187
    },
    "silence_rate_20dB": {
        "dmean": 0,
        "dmean2": 0,
        "dvar": 0,
        "dvar2": 0,
        "max": 1,
        "mean": 1,
        "median": 1,
        "min": 1,
        "var": 0
    },
    "silence_rate_30dB": {
        "dmean": 0,
        "dmean2": 0,
        "dvar": 0,
        "dvar2": 0,
        "max": 1,
        "mean": 1,
        "median": 1,
        "min": 1,
        "var": 0
    },
    "silence_rate_60dB": {
        "dmean": 0.0061919502914,
        "dmean2": 0.0123934932053,
        "dvar": 0.00615348760039,
        "dvar2": 0.015338785015,
        "max": 1,
        "mean": 0.00464037107304,
        "median": 0,
        "min": 0,
        "var": 0.00461878580973
    },
    "spectral_centroid": {
        "dmean": 331.07510376,
        "dmean2": 503.442138672,
        "dvar": 103075.570312,
        "dvar2": 247051.171875,
        "max": 4309.12207031,
        "mean": 2154.30615234,
        "median": 2094.8894043,
        "min": 623.381713867,
        "var": 433290.15625
    },
    "spectral_complexity": {
        "dmean": 5.17337465286,
        "dmean2": 7.89233160019,
        "dvar": 22.7036857605,
        "dvar2": 49.580078125,
        "max": 59,
        "mean": 32.5475654602,
        "median": 33,
        "min": 1,
        "var": 97.0844802856
    },
    "spectral_decrease": {
        "dmean": 1.97605576346e-09,
        "dmean2": 3.17418979989e-09,
        "dvar": 5.6307143826e-18,
        "dvar2": 1.44229196838e-17,
        "max": -2.51143272845e-10,
        "mean": -6.79800704617e-09,
        "median": -6.51051168532e-09,
        "min": -1.87970705667e-08,
        "var": 7.86732886806e-18
    },
    "spectral_energy": {
        "dmean": 0.0076957186684,
        "dmean2": 0.0122282532975,
        "dvar": 7.98299661255e-05,
        "dvar2": 0.000203771385713,
        "max": 0.0724799484015,
        "mean": 0.0295730233192,
        "median": 0.0285364575684,
        "min": 0.0011621909216,
        "var": 0.000121724246128
    },
    "spectral_energyband_high": {
        "dmean": 0.00104061374441,
        "dmean2": 0.00144876539707,
        "dvar": 2.06353320209e-06,
        "dvar2": 3.66907761418e-06,
        "max": 0.0184230078012,
        "mean": 0.00351696601138,
        "median": 0.00284419534728,
        "min": 4.10010288761e-05,
        "var": 9.73769147095e-06
    },
    "spectral_energyband_low": {
        "dmean": 0.00431746430695,
        "dmean2": 0.00712605006993,
        "dvar": 6.61788726575e-05,
        "dvar2": 0.000170838437043,
        "max": 0.0638936087489,
        "mean": 0.00763157336041,
        "median": 0.00507230870426,
        "min": 0.000208197860047,
        "var": 7.09771047696e-05
    },
    "spectral_energyband_middle_high": {
        "dmean": 0.00239053484984,
        "dmean2": 0.00354603212327,
        "dvar": 6.8649746936e-06,
        "dvar2": 1.52487618834e-05,
        "max": 0.0287762526423,
        "mean": 0.00775000452995,
        "median": 0.00640668859705,
        "min": 0.00026086618891,
        "var": 2.61355271505e-05
    },
    "spectral_energyband_middle_low": {
        "dmean": 0.00530270300806,
        "dmean2": 0.00850567594171,
        "dvar": 5.20634530403e-05,
        "dvar2": 0.000132990709972,
        "max": 0.0558245033026,
        "mean": 0.0116547960788,
        "median": 0.00913764629513,
        "min": 0.000372348586097,
        "var": 7.88347388152e-05
    },
    "spectral_entropy": {
        "dmean": 0.0999216362834,
        "dmean2": 0.145757764578,
        "dvar": 0.00857678800821,
        "dvar2": 0.0178018305451,
        "max": 8.71551799774,
        "mean": 8.02636909485,
        "median": 8.0326089859,
        "min": 7.24967861176,
        "var": 0.0487668067217
    },
    "spectral_flux": {
        "dmean": 0.0232885628939,
        "dmean2": 0.0354691408575,
        "dvar": 0.000616504519712,
        "dvar2": 0.00134856370278,
        "max": 0.240305766463,
        "mean": 0.102626152337,
        "median": 0.0973798930645,
        "min": 0.0212264265865,
        "var": 0.00131404038984
    },
    "spectral_kurtosis": {
        "dmean": 0.715234279633,
        "dmean2": 1.14450371265,
        "dvar": 0.505291879177,
        "dvar2": 1.29685950279,
        "max": 9.4932346344,
        "mean": 2.22067952156,
        "median": 2.05586957932,
        "min": -0.521466732025,
        "var": 1.74882984161
    },
    "spectral_rms": {
        "dmean": 0.000677552656271,
        "dmean2": 0.00105082790833,
        "dvar": 5.25458631273e-07,
        "dvar2": 1.28828924062e-06,
        "max": 0.00840905122459,
        "mean": 0.00527306180447,
        "median": 0.00527640478685,
        "min": 0.00106482149567,
        "var": 1.04653202015e-06
    },
    "spectral_rolloff": {
        "dmean": 909.512207031,
        "dmean2": 1429.83129883,
        "dvar": 1258563.25,
        "dvar2": 2556501.75,
        "max": 10120.6054688,
        "mean": 3178.15209961,
        "median": 2799.31640625,
        "min": 64.599609375,
        "var": 3994301
    },
    "spectral_skewness": {
        "dmean": 0.133995130658,
        "dmean2": 0.201633960009,
        "dvar": 0.0153797315434,
        "dvar2": 0.0310805663466,
        "max": 2.19380569458,
        "mean": 1.08905351162,
        "median": 1.0692088604,
        "min": 0.316137880087,
        "var": 0.0874137803912
    },
    "spectral_spread": {
        "dmean": 518348.375,
        "dmean2": 703797.1875,
        "dvar": 280063737856,
        "dvar2": 465678401536,
        "max": 10947014,
        "mean": 5271366.5,
        "median": 5028249,
        "min": 2845163.5,
        "var": 1.54497056768e+12
    },
    "spectral_strongpeak": {
        "dmean": 0.622061669827,
        "dmean2": 1.03871309757,
        "dvar": 1.00836467743,
        "dvar2": 2.35470795631,
        "max": 12.2867555618,
        "mean": 0.918537080288,
        "median": 0.415048897266,
        "min": 0.0252993367612,
        "var": 1.71667408943
    },
    "zerocrossingrate": {
        "dmean": 0.01549688261,
        "dmean2": 0.0182305537164,
        "dvar": 0.000264075875748,
        "dvar2": 0.00031222961843,
        "max": 0.28271484375,
        "mean": 0.10575235635,
        "median": 0.099609375,
        "min": 0.013671875,
        "var": 0.0019828309305
    },
    "barkbands": {
        "dmean": [0.000157133326866, 0.00309947505593, 0.00145986501593, 0.00119072315283, 0.00377854588442, 0.000879279221408, 0.000542103720363, 0.000978534226306, 0.00056202604901, 0.000484539166791, 0.000410349050071, 0.000336385419359, 0.000409929896705, 0.000359814235708, 0.000444797216915, 0.000593385484535, 0.000571163429413, 0.000447952159448, 0.00026098699891, 0.000312167685479, 0.000350780697772, 0.000262284884229, 0.000197883156943, 0.000237737884163, 0.000196457622224, 5.86671412748e-05, 5.58054971123e-08],
        "dmean2": [0.000269314303296, 0.0051291375421, 0.00259746657684, 0.0020628105849, 0.00614068098366, 0.00144269433804, 0.000879626779351, 0.00157177622896, 0.000872542732395, 0.000792103528511, 0.000631192757282, 0.000524143630173, 0.000652651942801, 0.000563619367313, 0.00069046166027, 0.000934817246161, 0.000924334977753, 0.000734220491722, 0.000429250998423, 0.000508669472765, 0.000560706655961, 0.000407747720601, 0.000297214020975, 0.000323211745126, 0.000272907607723, 9.27904475247e-05, 1.02866927421e-07],
        "dvar": [1.08572095314e-07, 4.1846629756e-05, 1.02715976027e-05, 2.49379422712e-06, 4.36732516391e-05, 1.69441398157e-06, 1.14034821763e-06, 3.09222014039e-06, 1.39690666856e-06, 8.12085545476e-07, 5.68157304315e-07, 3.95191847247e-07, 6.48020545668e-07, 4.86077169626e-07, 6.32491037322e-07, 1.53800442604e-06, 8.99958649825e-07, 4.09949166169e-07, 1.01377075623e-07, 1.55541854951e-07, 2.21931642841e-07, 1.1009800005e-07, 8.76333032807e-08, 1.61023365308e-07, 1.55624320541e-07, 1.48141978684e-08, 7.60372193269e-14],
        "dvar2": [3.06234909431e-07, 0.000111264547741, 2.98688355542e-05, 6.98493158779e-06, 0.000113713278552, 4.55139161204e-06, 2.43136287281e-06, 7.46130581319e-06, 3.15969191433e-06, 2.0497350306e-06, 1.18332900456e-06, 8.93279661796e-07, 1.61312505043e-06, 1.13689713999e-06, 1.31689228056e-06, 3.75238550987e-06, 2.01820262191e-06, 1.03463901269e-06, 2.6418501875e-07, 3.73233206119e-07, 5.29597798504e-07, 2.69026401156e-07, 1.81200306315e-07, 2.48151110327e-07, 2.81653626644e-07, 3.41458594733e-08, 2.28480564546e-13],
        "max": [0.00280425557867, 0.0531005226076, 0.0252906382084, 0.016894698143, 0.0480542853475, 0.0156353320926, 0.0192419588566, 0.0202064104378, 0.0176316015422, 0.0108858374879, 0.0103440042585, 0.00824418105185, 0.0135215679184, 0.0104567948729, 0.0157455187291, 0.0153538007289, 0.0124812666327, 0.00822563283145, 0.0031565092504, 0.00431274622679, 0.00545580033213, 0.0041922442615, 0.00481755612418, 0.00679023005068, 0.00676446640864, 0.00148488860577, 5.7722636484e-06],
        "mean": [0.000154758497956, 0.00479548377916, 0.00187174184248, 0.00166485330556, 0.00526365730911, 0.00136091967579, 0.000807280419394, 0.00143093999941, 0.000852070574183, 0.00074742367724, 0.000757258327212, 0.000598017591983, 0.000626205641311, 0.000580692954827, 0.000765902048443, 0.00101261981763, 0.00103838532232, 0.000879378174432, 0.000577103870455, 0.000720321782865, 0.00088500988204, 0.00064442778239, 0.000489183934405, 0.000579626997933, 0.000388543121517, 8.11994614196e-05, 3.57415039787e-08],
        "median": [4.49404433311e-05, 0.00237398594618, 0.00108723295853, 0.00109287281521, 0.00273682852276, 0.000729526567739, 0.000413967500208, 0.000663421291392, 0.000296815385809, 0.000345356471371, 0.000376758311177, 0.000318954873364, 0.000278257444734, 0.000258142797975, 0.00038831459824, 0.000423464458436, 0.00055379193509, 0.000635652104393, 0.00044997499208, 0.000561279477552, 0.000670024252031, 0.000514463405125, 0.000358636607416, 0.000320023507811, 0.000176531204488, 3.46512024407e-05, 1.11913489587e-09],
        "min": [1.82548973271e-07, 2.166008926e-05, 2.29820579989e-05, 1.2728261936e-05, 7.87882745499e-05, 5.37247524335e-06, 5.29040289621e-06, 1.5737952026e-06, 4.31053194916e-06, 2.24154791795e-06, 5.71153123019e-06, 2.41389943767e-06, 6.28505222267e-06, 5.21920856045e-06, 9.8811560747e-06, 1.11199497042e-05, 2.17310443986e-05, 2.2637346774e-05, 2.61267978203e-05, 9.87993098533e-06, 1.46490156112e-05, 9.38484390645e-06, 4.98197186971e-06, 2.09505651583e-06, 9.05006061203e-07, 8.63761044911e-08, 5.50842444574e-12],
        "var": [1.08179996516e-07, 4.31143125752e-05, 7.20168054613e-06, 3.20284902955e-06, 5.14477505931e-05, 2.75365891866e-06, 1.89903710179e-06, 4.35617130279e-06, 2.74226522379e-06, 1.50243920416e-06, 1.49377069647e-06, 9.11674760573e-07, 1.20192521536e-06, 1.01406556041e-06, 1.61353170824e-06, 3.04641298499e-06, 2.04173329621e-06, 7.30782858227e-07, 2.19022780357e-07, 4.03628575896e-07, 6.59052489027e-07, 3.13634956228e-07, 2.80356857729e-07, 6.39553320525e-07, 4.02466412197e-07, 2.10424619951e-08, 4.20718351108e-14]
    },
    "erbbands": {
        "dmean": [0.0893056839705, 0.725995004177, 1.59251451492, 2.98784136772, 10.9528388977, 11.5144195557, 10.8004198074, 5.18608188629, 5.88854551315, 13.5470819473, 19.2267990112, 13.6041383743, 14.0606842041, 14.4122180939, 15.1172437668, 13.5764398575, 16.8319625854, 16.5990467072, 17.8475074768, 25.1428070068, 31.0428390503, 30.7467899323, 26.6839103699, 12.8561153412, 14.0261650085, 15.1251783371, 15.2955503464, 13.2739467621, 10.680560112, 6.25962209702, 5.496342659, 5.225253582, 4.02812671661, 2.69050359726, 1.13365030289, 0.372677534819, 0.0874670371413, 0.00644999090582, 0.000132582368678, 1.50201703946e-05],
        "dmean2": [0.153849348426, 1.22171914577, 2.82396578789, 5.15348291397, 17.8322544098, 18.9890670776, 18.1445426941, 8.61927509308, 9.92750549316, 21.8654212952, 30.9583072662, 20.620344162, 22.0774517059, 22.6886768341, 22.829668045, 21.7043476105, 26.8320713043, 26.4743213654, 27.7912540436, 38.2775993347, 47.6927986145, 49.0205497742, 43.2995872498, 20.967508316, 23.2701129913, 24.4106197357, 24.3321743011, 21.0751724243, 16.9012794495, 9.57622337341, 8.36821365356, 7.34454441071, 5.50577783585, 3.75492215157, 1.62240767479, 0.567186594009, 0.144599094987, 0.0107531193644, 0.000214965446503, 2.25283656619e-05],
        "dvar": [0.0391261652112, 2.45989179611, 13.4993095398, 19.2624816895, 453.953430176, 325.948852539, 247.422134399, 97.3206634521, 93.5024108887, 612.28894043, 1375.51647949, 806.339172363, 731.439941406, 943.509094238, 881.398132324, 724.647644043, 1184.66003418, 1184.75378418, 705.172546387, 2735.87353516, 4345.82958984, 2664.56005859, 1393.93029785, 308.539367676, 268.655487061, 383.724060059, 456.954223633, 289.276489258, 193.435134888, 58.6943855286, 75.7060546875, 83.9751434326, 49.6611251831, 28.0445346832, 5.6584353447, 0.71006923914, 0.0308875478804, 0.000194148262381, 7.10560215111e-08, 4.12896827839e-10],
        "dvar2": [0.105001352727, 6.73458814621, 39.107711792, 55.1733627319, 1163.20776367, 873.421875, 689.627746582, 261.514129639, 226.804611206, 1320.81054688, 3352.86791992, 1758.48950195, 1627.90612793, 2752.85424805, 1758.76477051, 1703.62646484, 3038.85644531, 2953.69750977, 1673.84997559, 5745.79443359, 10428.2099609, 5923.08056641, 3441.39697266, 812.015075684, 724.262756348, 931.911621094, 1097.24023438, 715.576416016, 480.802337646, 123.094512939, 150.839324951, 146.360946655, 85.9164352417, 49.9003639221, 10.9238348007, 1.48903954029, 0.0768847987056, 0.000498058681842, 1.76341174551e-07, 8.88022433365e-10],
        "max": [1.70397830009, 12.6991386414, 29.570400238, 40.6190986633, 166.396026611, 132.651000977, 152.035049438, 134.407394409, 111.142158508, 322.157104492, 380.238433838, 470.166595459, 359.090026855, 593.181945801, 500.767791748, 371.934020996, 515.232788086, 575.822937012, 381.128509521, 983.377441406, 987.751342773, 885.769897461, 555.453918457, 242.397750854, 148.113464355, 207.839202881, 242.865005493, 176.650512695, 178.811157227, 117.431854248, 144.17338562, 141.050994873, 126.89667511, 83.7011489868, 40.6966819763, 11.4881887436, 1.75851929188, 0.149303123355, 0.00283141806722, 0.000286738068098],
        "mean": [0.109276130795, 1.16076266766, 2.30124425888, 4.34103775024, 13.2616024017, 16.6179428101, 16.3216781616, 8.14246845245, 9.04517459869, 22.1584358215, 27.0880908966, 21.4647312164, 22.979265213, 25.8213062286, 30.4125709534, 25.3715744019, 28.1900348663, 29.6585330963, 33.0678520203, 45.30701828, 58.4797363281, 58.1070289612, 55.7273521423, 29.0010414124, 31.4659824371, 34.9799690247, 37.1569900513, 32.6021080017, 25.3394908905, 16.3642845154, 13.474407196, 12.4499645233, 9.32577323914, 5.52705335617, 2.06969261169, 0.584795594215, 0.109121397138, 0.00709034362808, 0.000198170077056, 5.57024759473e-05],
        "median": [0.0546814464033, 0.582082152367, 1.61160492897, 3.15753960609, 5.55791282654, 10.2550973892, 8.95952320099, 4.50913190842, 5.17462491989, 12.2891244888, 12.1760168076, 8.35193061829, 8.8218126297, 14.9372968674, 12.5680475235, 14.125585556, 12.8828983307, 14.0712652206, 18.854888916, 22.2745456696, 26.3866767883, 33.4881248474, 40.4024162292, 22.7147979736, 25.1690654755, 26.0933876038, 27.3782119751, 26.8309516907, 19.7222900391, 12.4578475952, 9.72643852234, 7.15740442276, 5.04323101044, 2.48292994499, 0.957691073418, 0.252871185541, 0.0456478409469, 0.00258142431267, 0.000100695026049, 4.82755604025e-05],
        "min": [0.000785293697845, 0.0117353042588, 0.0279338099062, 0.0751664564013, 0.125278800726, 0.136804893613, 0.107227236032, 0.0492731146514, 0.0733397006989, 0.0996590927243, 0.0827579200268, 0.104200936854, 0.221667706966, 0.186348885298, 0.150805920362, 0.244105741382, 0.282241135836, 0.302300065756, 0.435159802437, 0.51157772541, 0.745759308338, 1.18114471436, 1.5459561348, 1.46786212921, 1.65698742867, 0.719883024693, 0.526250839233, 0.527833938599, 0.433637946844, 0.236906036735, 0.117419533432, 0.0603271685541, 0.0313022062182, 0.0139696383849, 0.00622022291645, 0.00164681638125, 5.01112881466e-05, 4.14607302446e-06, 2.93907214655e-06, 2.19985463445e-06],
        "var": [0.0344430916011, 2.43819856644, 9.52197647095, 19.0032024384, 486.093200684, 378.857635498, 404.254974365, 135.218719482, 134.193740845, 1002.20941162, 1856.49267578, 1785.52819824, 1501.91333008, 1353.20092773, 3179.12231445, 1481.66760254, 2261.09326172, 2500.18774414, 1590.44213867, 6413.32470703, 9686.42578125, 6076.18066406, 2735.94458008, 572.288146973, 571.036621094, 1055.84228516, 1255.09411621, 823.551147461, 511.118560791, 213.728485107, 240.058441162, 280.121002197, 176.470352173, 79.8418579102, 11.932636261, 1.21004855633, 0.0349971614778, 0.000185073775356, 8.37414404486e-08, 9.66612012654e-10]
    },
    "gfcc": {
        "mean": [60.3758049011, 60.059715271, -120.720031738, 56.0328102112, -65.6787109375, 23.9519519806, -45.3999557495, 14.1826934814, -28.8933162689, 2.20840978622, -20.4654445648, 0.0537162125111, -9.14944839478],
        "cov": [[1023.52825928, -456.752044678, 37.7042961121, -82.0545883179, -182.945236206, -75.9697494507, -165.598678589, -24.5217666626, -72.3363418579, 18.1183319092, -111.556381226, 7.16657018661, -48.0847930908], [-456.752044678, 699.872558594, -208.951141357, -150.72303772, 166.199996948, 7.46310472488, 139.7706604, 32.3545074463, 94.6429977417, -39.8806724548, 85.8455581665, -21.6428947449, 3.21268463135], [37.7042961121, -208.951141357, 351.666473389, 105.302314758, -19.1187648773, 35.6955680847, -56.7938270569, -6.27137374878, -62.5354537964, 34.6606254578, -7.57335996628, 23.5222682953, -11.6516532898], [-82.0545883179, -150.72303772, 105.302314758, 246.921142578, -7.1896033287, -3.3422729969, -23.0803012848, -14.6705055237, 15.3671417236, 7.14887571335, -6.67294597626, -10.0431909561, 40.5510520935], [-182.945236206, 166.199996948, -19.1187648773, -7.1896033287, 214.208251953, 38.7705116272, 81.1270980835, 59.4142913818, 66.9151000977, 25.2890167236, 15.8182067871, 13.9951953888, -19.4407138824], [-75.9697494507, 7.46310472488, 35.6955680847, -3.3422729969, 38.7705116272, 130.815826416, 82.19115448, 10.8866262436, -20.2217102051, 10.0924711227, 33.0349884033, 1.13025486469, 0.208401158452], [-165.598678589, 139.7706604, -56.7938270569, -23.0803012848, 81.1270980835, 82.19115448, 175.801742554, 42.9564552307, 16.2164974213, 8.53921222687, 34.7109870911, -0.0931680649519, -13.236948967], [-24.5217666626, 32.3545074463, -6.27137374878, -14.6705055237, 59.4142913818, 10.8866262436, 42.9564552307, 87.7754516602, 65.8432159424, 23.7103443146, 3.43090295792, 4.56371355057, -8.61174964905], [-72.3363418579, 94.6429977417, -62.5354537964, 15.3671417236, 66.9151000977, -20.2217102051, 16.2164974213, 65.8432159424, 132.716720581, 33.9130592346, -0.638793349266, -14.1967935562, -0.207024306059], [18.1183319092, -39.8806724548, 34.6606254578, 7.14887571335, 25.2890167236, 10.0924711227, 8.53921222687, 23.7103443146, 33.9130592346, 67.4372634888, 13.8358449936, 3.03162384033, -12.9688434601], [-111.556381226, 85.8455581665, -7.57335996628, -6.67294597626, 15.8182067871, 33.0349884033, 34.7109870911, 3.43090295792, -0.638793349266, 13.8358449936, 67.2915725708, 17.1240730286, 7.22798728943], [7.16657018661, -21.6428947449, 23.5222682953, -10.0431909561, 13.9951953888, 1.13025486469, -0.0931680649519, 4.56371355057, -14.1967935562, 3.03162384033, 17.1240730286, 61.4208488464, 14.1414461136], [-48.0847930908, 3.21268463135, -11.6516532898, 40.5510520935, -19.4407138824, 0.208401158452, -13.236948967, -8.61174964905, -0.207024306059, -12.9688434601, 7.22798728943, 14.1414461136, 57.1235427856]],
        "icov": [[0.00213130237535, 0.000737359863706, 0.000809208897408, 0.00062880612677, 0.00114111939911, -0.000478084781207, 0.0013406642247, -0.00105612492189, 0.000891330360901, -0.00135395908728, 0.00247912085615, -0.00117300695274, 0.00168535474222], [0.000737359863706, 0.0076181855984, -0.00228726561181, 0.00683767627925, -0.00494533544406, 0.00576847605407, -0.00526330014691, 0.00641185929999, -0.0075912931934, 0.00872729066759, -0.0104409269989, 0.00713835097849, -0.00557753583416], [0.000809208897408, -0.00228726561181, 0.00748268095776, -0.00557575980201, 0.00218771956861, -0.00525849452242, 0.00626463117078, -0.00675938185304, 0.0082007041201, -0.00712621165439, 0.00596852321178, -0.00548203894868, 0.00650434428826], [0.00062880612677, 0.00683767627925, -0.00557575980201, 0.0131108686328, -0.00489323865622, 0.00669725006446, -0.0065885335207, 0.00932002160698, -0.0101377787068, 0.00808512791991, -0.00912742875516, 0.00934801716357, -0.011471580714], [0.00114111939911, -0.00494533544406, 0.00218771956861, -0.00489323865622, 0.0121006919071, -0.00611270824447, 0.00262761302292, -0.00609372975305, 0.00215827184729, -0.00670067360625, 0.0100011620671, -0.00963968131691, 0.00859674066305], [-0.000478084781207, 0.00576847605407, -0.00525849452242, 0.00669725006446, -0.00611270824447, 0.0195786189288, -0.0116760684177, 0.00588512886316, -0.003660507733, 0.006524911616, -0.0135538540781, 0.0106847025454, -0.00998587906361], [0.0013406642247, -0.00526330014691, 0.00626463117078, -0.0065885335207, 0.00262761302292, -0.0116760684177, 0.0181375015527, -0.0121432291344, 0.0102667491883, -0.00786895025522, 0.00771630834788, -0.00653744442388, 0.00958128087223], [-0.00105612492189, 0.00641185929999, -0.00675938185304, 0.00932002160698, -0.00609372975305, 0.00588512886316, -0.0121432291344, 0.0327764973044, -0.022307086736, 0.00954750552773, -0.00903075188398, 0.00380652863532, -0.00692534772679], [0.000891330360901, -0.0075912931934, 0.0082007041201, -0.0101377787068, 0.00215827184729, -0.003660507733, 0.0102667491883, -0.022307086736, 0.031220825389, -0.0188306625932, 0.0125771639869, -0.00278197415173, 0.00474586989731], [-0.00135395908728, 0.00872729066759, -0.00712621165439, 0.00808512791991, -0.00670067360625, 0.006524911616, -0.00786895025522, 0.00954750552773, -0.0188306625932, 0.0350677594543, -0.0206159390509, 0.00834210962057, -0.00307524972595], [0.00247912085615, -0.0104409269989, 0.00596852321178, -0.00912742875516, 0.0100011620671, -0.0135538540781, 0.00771630834788, -0.00903075188398, 0.0125771639869, -0.0206159390509, 0.0409788563848, -0.0186781920493, 0.0090545238927], [-0.00117300695274, 0.00713835097849, -0.00548203894868, 0.00934801716357, -0.00963968131691, 0.0106847025454, -0.00653744442388, 0.00380652863532, -0.00278197415173, 0.00834210962057, -0.0186781920493, 0.0323745496571, -0.0171710886061], [0.00168535474222, -0.00557753583416, 0.00650434428826, -0.011471580714, 0.00859674066305, -0.00998587906361, 0.00958128087223, -0.00692534772679, 0.00474586989731, -0.00307524972595, 0.0090545238927, -0.0171710886061, 0.0352709814906]]
    },
    "melbands": {
        "dmean": [0.000831098936033, 0.000866173882969, 0.000635283999145, 0.000960760808084, 0.00035581109114, 0.000123470381368, 9.66021761997e-05, 0.000168579121237, 0.000145414131111, 8.52347657201e-05, 7.13268600521e-05, 5.98593069299e-05, 5.00522837683e-05, 4.01041615987e-05, 3.86547726521e-05, 3.91365101677e-05, 3.37034434779e-05, 3.02479365928e-05, 3.65224732377e-05, 3.86892752431e-05, 3.69193148799e-05, 3.26840090565e-05, 3.32688869094e-05, 2.17849647015e-05, 1.06373145172e-05, 1.08807807919e-05, 9.95715072349e-06, 1.19703036034e-05, 1.08325821202e-05, 9.78066418611e-06, 8.87893929757e-06, 7.56237659516e-06, 4.1596954361e-06, 3.70852103515e-06, 3.48256503457e-06, 3.66747076441e-06, 3.40268115906e-06, 3.13276723318e-06, 2.91512924377e-06, 2.24754376177e-06],
        "dmean2": [0.00138697319198, 0.00149623153266, 0.00106633303221, 0.00156413356308, 0.000596312514972, 0.000204065901926, 0.000160790979862, 0.000272511417279, 0.000232395206694, 0.000129555628519, 0.000112102497951, 9.45793726714e-05, 7.64708966017e-05, 6.06278372288e-05, 6.13286465523e-05, 6.323652633e-05, 5.34617174708e-05, 4.79978225485e-05, 5.57967214263e-05, 6.03907283221e-05, 5.74379919271e-05, 5.1576334954e-05, 5.42069137737e-05, 3.57191674993e-05, 1.74433189386e-05, 1.78137670446e-05, 1.67905473063e-05, 1.93328160094e-05, 1.74386659637e-05, 1.57601589308e-05, 1.44390560308e-05, 1.22434403238e-05, 6.61036392557e-06, 5.7368151829e-06, 5.42818997928e-06, 5.4862939578e-06, 4.84571592096e-06, 4.42637247033e-06, 4.22453103965e-06, 3.23894687426e-06],
        "dvar": [3.03001183966e-06, 3.55869519808e-06, 7.33736555958e-07, 3.13654095407e-06, 2.33508316683e-07, 4.64391867183e-08, 2.77209935007e-08, 8.79991617353e-08, 7.62664953413e-08, 3.42665806841e-08, 1.91150153483e-08, 1.63740097037e-08, 9.52606438176e-09, 5.26443955096e-09, 8.81853345902e-09, 4.92859086876e-09, 4.81464379476e-09, 2.39493513909e-09, 4.77931250131e-09, 6.42305719722e-09, 6.30426733039e-09, 3.22160342847e-09, 2.32657293431e-09, 1.16008946893e-09, 2.12404108191e-10, 1.73897354849e-10, 1.49267931349e-10, 2.6937030384e-10, 2.2753567086e-10, 1.91415022721e-10, 1.37036243464e-10, 1.03261940665e-10, 2.63607920215e-11, 2.27160634053e-11, 3.02282573972e-11, 3.76244937983e-11, 3.49247124276e-11, 2.72172683696e-11, 3.79491264801e-11, 2.01193870591e-11],
        "dvar2": [8.00885936769e-06, 1.00296892924e-05, 1.99545593205e-06, 8.23741174827e-06, 6.44017575269e-07, 1.25130696915e-07, 6.25095353257e-08, 1.97656405021e-07, 1.87053018408e-07, 7.38082022167e-08, 4.23685833084e-08, 4.78978101626e-08, 1.87309581179e-08, 1.13900053833e-08, 2.13333830601e-08, 1.2108930747e-08, 1.15641904941e-08, 5.76024428156e-09, 9.41198052828e-09, 1.49240584335e-08, 1.45282630371e-08, 6.84803103113e-09, 5.56799228946e-09, 3.06396641392e-09, 5.62926538716e-10, 4.67216654254e-10, 3.99643013127e-10, 6.51542209074e-10, 5.43964817634e-10, 4.58213134102e-10, 3.5611544269e-10, 2.70148819981e-10, 6.18890008686e-11, 4.97059823856e-11, 6.60261428864e-11, 7.64172475298e-11, 6.42082220725e-11, 5.07065535393e-11, 7.94752527677e-11, 3.69165600866e-11],
        "max": [0.0133506581187, 0.013981805183, 0.00606257095933, 0.012437094003, 0.00449048541486, 0.00295170512982, 0.00254078488797, 0.00357434921898, 0.00281968410127, 0.00330197368748, 0.00178498320747, 0.00237795501016, 0.00155727285892, 0.00118706782814, 0.00194904743694, 0.00102003861684, 0.00113702286035, 0.000860037689563, 0.00134408543818, 0.00088355288608, 0.00162394170184, 0.00101843848825, 0.000596398953348, 0.000513921957463, 0.00017765146913, 0.000132214670884, 0.000162618292961, 0.000176715329872, 0.000227553944569, 0.000181140057975, 0.000119248194096, 0.000127127539599, 5.49019205209e-05, 7.62776326155e-05, 8.37853003759e-05, 9.23401676118e-05, 9.79446922429e-05, 7.28060913389e-05, 0.000130451211589, 7.68189056544e-05],
        "mean": [0.00119632482529, 0.00138222740497, 0.000955405121204, 0.00119942927267, 0.000574401579797, 0.000195089523913, 0.000146629769006, 0.000272397825029, 0.000202393741347, 0.000132055822178, 0.000112480578537, 0.000101229175925, 9.78213065537e-05, 7.46654695831e-05, 6.30209615338e-05, 6.10935749137e-05, 5.48681164219e-05, 4.98437402712e-05, 6.14098753431e-05, 6.59666984575e-05, 6.67357380735e-05, 5.72955286771e-05, 6.06358553341e-05, 4.11597175116e-05, 2.08589954127e-05, 2.28475837503e-05, 2.07405100809e-05, 2.44437960646e-05, 2.35822753893e-05, 2.04949865292e-05, 1.87586520042e-05, 1.56198002514e-05, 9.84573762253e-06, 8.67050675879e-06, 7.76642991696e-06, 7.55777409722e-06, 7.71715713199e-06, 6.84666019879e-06, 5.72895487494e-06, 4.27310442319e-06],
        "median": [0.000610104354564, 0.000941633014008, 0.000652903923765, 0.000596630503424, 0.000369137153029, 0.000107492473035, 8.15982639324e-05, 0.000145786703797, 8.66487316671e-05, 4.69285987492e-05, 4.03031735914e-05, 5.63854555367e-05, 4.44223187515e-05, 3.84720406146e-05, 2.92412569252e-05, 2.94318051601e-05, 2.43335980485e-05, 2.70218515652e-05, 2.90134121315e-05, 2.75204110949e-05, 2.97568221868e-05, 3.07171903842e-05, 3.64710613212e-05, 2.93712982966e-05, 1.57259473781e-05, 1.70923467522e-05, 1.69567283592e-05, 1.71670162672e-05, 1.67223461176e-05, 1.47934688357e-05, 1.48775734488e-05, 1.15826123874e-05, 7.45471697883e-06, 6.53622691971e-06, 5.35522440259e-06, 4.66724486614e-06, 4.19297657572e-06, 3.76920820599e-06, 2.61068839791e-06, 1.85571423117e-06],
        "min": [7.699388334e-06, 2.63341062237e-05, 1.03069987745e-05, 1.13059031719e-05, 5.19825471201e-06, 8.86349027951e-07, 1.09146867544e-06, 1.0322446542e-06, 7.59857243793e-07, 5.70558370327e-07, 4.54054685406e-07, 5.91355842516e-07, 5.80500739034e-07, 4.10246400406e-07, 3.60245479669e-07, 5.75322815166e-07, 5.02326315654e-07, 6.00978523835e-07, 7.28867007638e-07, 1.02908006738e-06, 7.46061459722e-07, 1.13574708394e-06, 1.7122048348e-06, 1.1263974784e-06, 7.62260128795e-07, 1.05460276245e-06, 1.06510287878e-06, 4.12552395801e-07, 3.1194772987e-07, 2.67944869847e-07, 2.48670460223e-07, 2.57482810184e-07, 1.57367693987e-07, 1.01434537214e-07, 6.41453681283e-08, 4.70672461006e-08, 2.4983517477e-08, 2.09643200577e-08, 1.61230762075e-08, 1.073656275e-08],
