{
"highlevel": {
    "danceability": {
        "all": {
            "danceable": 0.941957771778,
            "not_danceable": 0.0580422244966
        },
        "probability": 0.941957771778,
        "value": "danceable"
    },
    "gender": {
        "all": {
            "female": 0.574706852436,
            "male": 0.425293147564
        },
        "probability": 0.574706852436,
        "value": "female"
    },
    "genre_dortmund": {
        "all": {
            "alternative": 0.132669121027,
            "blues": 0.00909298099577,
            "electronic": 0.379231780767,
            "folkcountry": 0.0268053673208,
            "funksoulrnb": 0.0089979255572,
            "jazz": 0.0240078549832,
            "pop": 0.0920332223177,
            "raphiphop": 0.054310336709,
            "rock": 0.272851407528
        },
        "probability": 0.379231780767,
        "value": "electronic"
    },
    "genre_electronic": {
        "all": {
            "ambient": 0.0293307900429,
            "dnb": 0.0285549480468,
            "house": 0.00673784781247,
            "techno": 0.00439081387594,
            "trance": 0.930985629559
        },
        "probability": 0.930985629559,
        "value": "trance"
    },
    "genre_rosamerica": {
        "all": {
            "cla": 9.69680399976e-07,
            "dan": 0.98813867569,
            "hip": 0.000426330545451,
            "jaz": 1.34912784233e-06,
            "pop": 0.000329900096403,
            "rhy": 1.46344818859e-05,
            "roc": 0.0110867908224,
            "spe": 1.3287120737e-06
        },
        "probability": 0.98813867569,
        "value": "dan"
    },
    "genre_tzanetakis": {
        "all": {
            "blu": 0.0626613423228,
            "cla": 0.0348169617355,
            "cou": 0.104475811124,
            "dis": 0.0784321576357,
            "hip": 0.15692435205,
            "jaz": 0.313974827528,
            "met": 0.0448166541755,
            "pop": 0.0627359300852,
            "reg": 0.0627360641956,
            "roc": 0.0784258767962
        },
        "probability": 0.313974827528,
        "value": "jaz"
    },
    "ismir04_rhythm": {
        "all": {
            "ChaChaCha": 0.247234150767,
            "Jive": 0.526488661766,
            "Quickstep": 0.00582003360614,
            "Rumba-American": 0.00431173713878,
            "Rumba-International": 0.00457435939461,
            "Rumba-Misc": 0.00182472378947,
            "Samba": 0.19835755229,
            "Tango": 0.00349793932401,
            "VienneseWaltz": 0.00653693173081,
            "Waltz": 0.00135388469789
        },
        "probability": 0.526488661766,
        "value": "Jive"
    },
    "mood_acoustic": {
        "all": {
            "acoustic": 2.52013933277e-07,
            "not_acoustic": 0.999999761581
        },
        "probability": 0.999999761581,
        "value": "not_acoustic"
    },
    "mood_aggressive": {
        "all": {
            "aggressive": 0.996630966663,
            "not_aggressive": 0.00336903519928
        },
        "probability": 0.996630966663,
        "value": "aggressive"
    },
    "mood_electronic": {
        "all": {
            "electronic": 0.865541398525,
            "not_electronic": 0.134458616376
        },
        "probability": 0.865541398525,
        "value": "electronic"
    },
    "mood_happy": {
        "all": {
            "happy": 0.912627577782,
            "not_happy": 0.0873724147677
        },
        "probability": 0.912627577782,
        "value": "happy"
    },
    "mood_party": {
        "all": {
            "not_party": 0.133116737008,
            "party": 0.866883277893
        },
        "probability": 0.866883277893,
        "value": "party"
    },
    "mood_relaxed": {
        "all": {
            "not_relaxed": 0.999336540699,
            "relaxed": 0.000663473794702
        },
        "probability": 0.999336540699,
        "value": "not_relaxed"
    },
    "mood_sad": {
        "all": {
            "not_sad": 0.978101193905,
            "sad": 0.0218988042325
        },
        "probability": 0.978101193905,
        "value": "not_sad"
    },
    "moods_mirex": {
        "all": {
            "Cluster1": 0.37556758523,
            "Cluster2": 0.045350342989,
            "Cluster3": 0.0661184862256,
            "Cluster4": 0.0717839598656,
            "Cluster5": 0.441179633141
        },
        "probability": 0.441179633141,
        "value": "Cluster5"
    },
    "timbre": {
        "all": {
            "bright": 0.682792425156,
            "dark": 0.317207604647
        },
        "probability": 0.682792425156,
        "value": "bright"
    },
    "tonal_atonal": {
        "all": {
            "atonal": 0.00481010647491,
            "tonal": 0.995189905167
        },
        "probability": 0.995189905167,
        "value": "tonal"
    },
    "voice_instrumental": {
        "all": {
            "instrumental": 0.0372128523886,
            "voice": 0.962787151337
        },
        "probability": 0.962787151337,
        "value": "voice"
    }
},
"lowlevel": {
    "average_loudness": 0.988373458385,
    "barkbands_crest": {
        "dmean": 3.44620060921,
        "dmean2": 5.28808498383,
        "dvar": 10.2156820297,
        "dvar2": 19.2240352631,
        "max": 25.046295166,
        "mean": 11.8971414566,
        "median": 10.4034614563,
        "min": 2.44502711296,
        "var": 36.2701034546
    },
    "barkbands_flatness_db": {
        "dmean": 0.0234366785735,
        "dmean2": 0.0336713567376,
        "dvar": 0.000468252575956,
        "dvar2": 0.0009247486596,
        "max": 0.264832288027,
        "mean": 0.111297339201,
        "median": 0.102282479405,
        "min": 0.0371157601476,
        "var": 0.00174786907155
    },
    "barkbands_kurtosis": {
        "dmean": 2.68790268898,
        "dmean2": 3.99001646042,
        "dvar": 14.1763057709,
        "dvar2": 31.0128936768,
        "max": 50.9621276855,
        "mean": 3.7284553051,
        "median": 1.70034694672,
        "min": -1.92948079109,
        "var": 35.1004638672
    },
    "barkbands_skewness": {
        "dmean": 0.569662511349,
        "dmean2": 0.820053696632,
        "dvar": 0.28914758563,
        "dvar2": 0.55757021904,
        "max": 6.59417486191,
        "mean": 1.80996716022,
        "median": 1.62653660774,
        "min": -0.389667481184,
        "var": 1.15828073025
    },
    "barkbands_spread": {
        "dmean": 8.98639297485,
        "dmean2": 13.6976089478,
        "dvar": 86.5384674072,
        "dvar2": 165.232711792,
        "max": 115.621421814,
        "mean": 34.9582672119,
        "median": 33.5715179443,
        "min": 2.62059283257,
        "var": 278.247711182
    },
    "dissonance": {
        "dmean": 0.0110049778596,
        "dmean2": 0.0187844000757,
        "dvar": 8.86453126441e-05,
        "dvar2": 0.000240641311393,
        "max": 0.499951392412,
        "mean": 0.482738912106,
        "median": 0.485486209393,
        "min": 0.421653956175,
        "var": 0.000134745932883
    },
    "dynamic_complexity": 1.00475764275,
    "erbbands_crest": {
        "dmean": 2.13480401039,
        "dmean2": 3.62950158119,
        "dvar": 4.33930444717,
        "dvar2": 11.7955350876,
        "max": 19.1149349213,
        "mean": 5.69677400589,
        "median": 5.11671543121,
        "min": 2.14829182625,
        "var": 6.53237295151
    },
    "erbbands_flatness_db": {
        "dmean": 0.0113470265642,
        "dmean2": 0.0181110240519,
        "dvar": 0.000101581397757,
        "dvar2": 0.000236283944105,
        "max": 0.186015233397,
        "mean": 0.100719168782,
        "median": 0.0987080186605,
        "min": 0.0566750839353,
        "var": 0.000331410439685
    },
    "erbbands_kurtosis": {
        "dmean": 0.443871974945,
        "dmean2": 0.720265924931,
        "dvar": 0.325195401907,
        "dvar2": 0.829425990582,
        "max": 8.26610279083,
        "mean": -0.623321056366,
        "median": -0.774781703949,
        "min": -1.6756221056,
        "var": 0.444292783737
    },
    "erbbands_skewness": {
        "dmean": 0.315474510193,
        "dmean2": 0.50723361969,
        "dvar": 0.081823579967,
        "dvar2": 0.191742196679,
        "max": 1.60796034336,
        "mean": -0.0252010580152,
        "median": -0.0678062289953,
        "min": -2.78231739998,
        "var": 0.209324687719
    },
    "erbbands_spread": {
        "dmean": 9.5087852478,
        "dmean2": 14.8498182297,
        "dvar": 73.6997909546,
        "dvar2": 175.925842285,
        "max": 119.294464111,
        "mean": 59.6073799133,
        "median": 58.7302627563,
        "min": 20.8049716949,
        "var": 224.302642822
    },
    "hfc": {
        "dmean": 15.4899349213,
        "dmean2": 22.1296081543,
        "dvar": 318.067596436,
        "dvar2": 760.789428711,
        "max": 186.559295654,
        "mean": 45.4450950623,
        "median": 36.983505249,
        "min": 4.19076919556,
        "var": 704.784790039
    },
    "melbands_crest": {
        "dmean": 4.28331804276,
        "dmean2": 6.46740865707,
        "dvar": 13.9642887115,
        "dvar2": 26.1993122101,
        "max": 32.3966026306,
        "mean": 17.0436763763,
        "median": 15.8945465088,
        "min": 4.22347259521,
        "var": 48.5968399048
    },
    "melbands_flatness_db": {
        "dmean": 0.0311830863357,
        "dmean2": 0.0446508824825,
        "dvar": 0.000842076085974,
        "dvar2": 0.00157818791922,
        "max": 0.366157531738,
        "mean": 0.165871500969,
        "median": 0.158704221249,
        "min": 0.0489735715091,
        "var": 0.00328816683032
    },
    "melbands_kurtosis": {
        "dmean": 9.57152557373,
        "dmean2": 14.2319669724,
        "dvar": 133.528961182,
        "dvar2": 287.867492676,
        "max": 149.085327148,
        "mean": 21.2513084412,
        "median": 14.8764972687,
        "min": -0.623520374298,
        "var": 382.972259521
    },
    "melbands_skewness": {
        "dmean": 0.887212872505,
        "dmean2": 1.30941033363,
        "dvar": 0.697781264782,
        "dvar2": 1.42666208744,
        "max": 10.7387685776,
        "mean": 3.79691576958,
        "median": 3.48894572258,
        "min": 0.408669114113,
        "var": 2.74983334541
    },
    "melbands_spread": {
        "dmean": 9.62005615234,
        "dmean2": 14.3945264816,
        "dvar": 112.912513733,
        "dvar2": 241.817901611,
        "max": 110.205787659,
        "mean": 26.3505439758,
        "median": 22.4880867004,
        "min": 2.2612118721,
        "var": 289.656768799
    },
    "pitch_salience": {
        "dmean": 0.100671596825,
        "dmean2": 0.152064755559,
        "dvar": 0.00739054940641,
        "dvar2": 0.0151619482785,
        "max": 0.834957718849,
        "mean": 0.521279573441,
        "median": 0.550761044025,
        "min": 0.14311863482,
        "var": 0.0258329939097
    },
    "silence_rate_20dB": {
        "dmean": 0,
        "dmean2": 0,
        "dvar": 0,
        "dvar2": 0,
        "max": 1,
        "mean": 1,
        "median": 1,
        "min": 1,
        "var": 0
    },
    "silence_rate_30dB": {
        "dmean": 0.00154798757285,
        "dmean2": 0.00309837330133,
        "dvar": 0.00154558068607,
        "dvar2": 0.00308871804737,
        "max": 1,
        "mean": 0.997679829597,
        "median": 1,
        "min": 0,
        "var": 0.00231489050202
    },
    "silence_rate_60dB": {
        "dmean": 0,
        "dmean2": 0,
        "dvar": 0,
        "dvar2": 0,
        "max": 0,
        "mean": 0,
        "median": 0,
        "min": 0,
        "var": 0
    },
    "spectral_centroid": {
        "dmean": 338.549743652,
        "dmean2": 539.959716797,
        "dvar": 79613.8046875,
        "dvar2": 191759.359375,
        "max": 4174.32666016,
        "mean": 1820.62939453,
        "median": 1811.03857422,
        "min": 257.85848999,
        "var": 219850.25
    },
    "spectral_complexity": {
        "dmean": 6.95820426941,
        "dmean2": 10.2819519043,
        "dvar": 36.5229225159,
        "dvar2": 76.8439254761,
        "max": 58,
        "mean": 33.3495750427,
        "median": 33,
        "min": 7,
        "var": 93.8701248169
    },
    "spectral_decrease": {
        "dmean": 3.51263751419e-09,
        "dmean2": 5.27785237736e-09,
        "dvar": 9.63531410365e-18,
        "dvar2": 1.94520537311e-17,
        "max": -1.50064438653e-09,
        "mean": -1.34423876474e-08,
        "median": -1.23069412439e-08,
        "min": -3.08659515724e-08,
        "var": 4.07730988951e-17
    },
    "spectral_energy": {
        "dmean": 0.0133855706081,
        "dmean2": 0.0204481445253,
        "dvar": 0.000141841228469,
        "dvar2": 0.000293141289148,
        "max": 0.118125528097,
        "mean": 0.0548566579819,
        "median": 0.0518875680864,
        "min": 0.00635404326022,
        "var": 0.000570943404455
    },
    "spectral_energyband_high": {
        "dmean": 0.00167672440875,
        "dmean2": 0.00244775856845,
        "dvar": 4.42188184024e-06,
        "dvar2": 1.01614668893e-05,
        "max": 0.0190558936447,
        "mean": 0.00367419887334,
        "median": 0.00262167514302,
        "min": 1.89658367162e-05,
        "var": 9.07946196094e-06
    },
    "spectral_energyband_low": {
        "dmean": 0.012950473465,
        "dmean2": 0.0186660308391,
        "dvar": 0.000164278477314,
        "dvar2": 0.000296467536828,
        "max": 0.110373921692,
        "mean": 0.0321091376245,
        "median": 0.0228512920439,
        "min": 0.00053031736752,
        "var": 0.00066847645212
    },
    "spectral_energyband_middle_high": {
        "dmean": 0.00209151487797,
        "dmean2": 0.00306303426623,
        "dvar": 4.024574082e-06,
        "dvar2": 9.32815328269e-06,
        "max": 0.0232091303915,
        "mean": 0.00642417790368,
        "median": 0.0057231830433,
        "min": 0.000329163245624,
        "var": 1.30345124489e-05
    },
    "spectral_energyband_middle_low": {
        "dmean": 0.00676220562309,
        "dmean2": 0.0107750035822,
        "dvar": 5.17389999004e-05,
        "dvar2": 0.000121276774735,
        "max": 0.0569286495447,
        "mean": 0.0141805363819,
        "median": 0.0118417367339,
        "min": 0.000886488240212,
        "var": 8.18080225145e-05
    },
    "spectral_entropy": {
        "dmean": 0.114112980664,
        "dmean2": 0.184393376112,
        "dvar": 0.0132767055184,
        "dvar2": 0.0314523205161,
        "max": 8.76872730255,
        "mean": 8.10773468018,
        "median": 8.11612033844,
        "min": 6.69253873825,
        "var": 0.0391408838332
    },
    "spectral_flux": {
        "dmean": 0.0330517701805,
        "dmean2": 0.0498762317002,
        "dvar": 0.000737789319828,
        "dvar2": 0.0016649219906,
        "max": 0.260256052017,
        "mean": 0.137630790472,
        "median": 0.129934579134,
        "min": 0.0609617158771,
        "var": 0.00176572834607
    },
    "spectral_kurtosis": {
        "dmean": 0.599758386612,
        "dmean2": 0.981008946896,
        "dvar": 0.453995645046,
        "dvar2": 0.908034741879,
        "max": 12.8728208542,
        "mean": 1.70784747601,
        "median": 1.54872989655,
        "min": -0.744944572449,
        "var": 1.19709980488
    },
    "spectral_rms": {
        "dmean": 0.000929730420467,
        "dmean2": 0.00141081295442,
        "dvar": 6.80280606957e-07,
        "dvar2": 1.38696191243e-06,
        "max": 0.0107351951301,
        "mean": 0.00712647568434,
        "median": 0.00711491517723,
        "min": 0.00248979241587,
        "var": 2.73207933787e-06
    },
    "spectral_rolloff": {
        "dmean": 1089.02697754,
        "dmean2": 1735.29846191,
        "dvar": 1945388.75,
        "dvar2": 4259873.5,
        "max": 12037.0605469,
        "mean": 1952.67675781,
        "median": 1184.32617188,
        "min": 64.599609375,
        "var": 3920809.25
    },
    "spectral_skewness": {
        "dmean": 0.135714247823,
        "dmean2": 0.214799925685,
        "dvar": 0.0202171131968,
        "dvar2": 0.0418659411371,
        "max": 2.79700613022,
        "mean": 1.08249437809,
        "median": 1.06377243996,
        "min": 0.275347232819,
        "var": 0.0534892305732
    },
    "spectral_spread": {
        "dmean": 608431.25,
        "dmean2": 908941.3125,
        "dvar": 479762677760,
        "dvar2": 951384408064,
        "max": 12220129,
        "mean": 5976313,
        "median": 5768532.5,
        "min": 2880135.25,
        "var": 1.60786481152e+12
    },
    "spectral_strongpeak": {
        "dmean": 0.316668182611,
        "dmean2": 0.554173767567,
        "dvar": 0.290444672108,
        "dvar2": 0.772292792797,
        "max": 7.9416012764,
        "mean": 0.577319800854,
        "median": 0.521774470806,
        "min": 0,
        "var": 0.34823590517
    },
    "zerocrossingrate": {
        "dmean": 0.0181960351765,
        "dmean2": 0.0198988784105,
        "dvar": 0.000301486026729,
        "dvar2": 0.00035711255623,
        "max": 0.28564453125,
        "mean": 0.076733417809,
        "median": 0.07421875,
        "min": 0.0078125,
        "var": 0.00184561486822
    },
    "barkbands": {
        "dmean": [0.000916364369914, 0.0119131179526, 0.00559807848185, 0.00248879147694, 0.00380766065791, 0.00175022950862, 0.000706717371941, 0.00119829294272, 0.00130546500441, 0.000584664521739, 0.000522490881849, 0.000482211587951, 0.000385564373573, 0.000413597357692, 0.000304859946482, 0.000336905679433, 0.000300124898786, 0.000296696292935, 0.00028767096228, 0.000354183866875, 0.000252718076808, 0.000348095520167, 0.000407999323215, 0.000362025515642, 0.0002549297933, 0.000130028260173, 1.05562378394e-07],
        "dmean2": [0.00147052563261, 0.016380077228, 0.00894683413208, 0.00426089810207, 0.00648646475747, 0.00293849338777, 0.0011472038459, 0.00201574200764, 0.00213097501546, 0.000991737702861, 0.000864106405061, 0.000789373880252, 0.000627510482445, 0.000682204845361, 0.000493258179631, 0.000548931362573, 0.0004782123724, 0.00046226195991, 0.000472875748528, 0.000569288269617, 0.000408687628806, 0.000561040244065, 0.000622814404778, 0.000543453672435, 0.000380375393433, 0.000203083502129, 1.83676050369e-07],
        "dvar": [1.23187112422e-06, 0.000184252246981, 6.751086039e-05, 1.85415992746e-05, 2.31449103012e-05, 9.50483081397e-06, 1.06999993932e-06, 2.8237971037e-06, 4.30515046901e-06, 7.1996890938e-07, 5.46165210835e-07, 4.41009888164e-07, 3.44736662328e-07, 2.24257178161e-07, 1.52488837557e-07, 2.73372194215e-07, 1.27098829239e-07, 1.21548865195e-07, 1.12177467315e-07, 1.52783712792e-07, 9.17348543794e-08, 2.03649193509e-07, 3.03124323864e-07, 3.16910472975e-07, 1.7033103461e-07, 7.1787482625e-08, 6.12730894668e-14],
        "dvar2": [3.1020406368e-06, 0.000310833391268, 0.000158832990564, 4.85458003823e-05, 6.24045860604e-05, 2.40548906731e-05, 2.52461632044e-06, 7.55326846047e-06, 1.10714963739e-05, 1.74783838247e-06, 1.34672097829e-06, 1.09427583084e-06, 8.69984773999e-07, 5.94878770244e-07, 3.72834591644e-07, 6.47218712402e-07, 2.9578103522e-07, 2.74519749155e-07, 2.90608483056e-07, 3.43237729794e-07, 2.3105238256e-07, 5.25053849287e-07, 6.77065202126e-07, 7.18548903933e-07, 3.88233473814e-07, 1.66631039633e-07, 1.49508159217e-13],
        "max": [0.00967306643724, 0.107957400382, 0.0562775954604, 0.031241344288, 0.0524849481881, 0.040644094348, 0.0171669889241, 0.0172774493694, 0.0203587096184, 0.0124986898154, 0.00904717482626, 0.00610892893746, 0.00825437065214, 0.00462873559445, 0.00429565040395, 0.00894564576447, 0.00429352093488, 0.00453031761572, 0.00309121073224, 0.0034047185909, 0.00332974758931, 0.00419646082446, 0.00671874592081, 0.00721024675295, 0.00665184203535, 0.0042275688611, 3.51309245161e-06],
        "mean": [0.00111968675628, 0.0236101876944, 0.00607370072976, 0.0023943905253, 0.00494766002521, 0.00213732104748, 0.000975719536655, 0.0015665582614, 0.00178719486576, 0.000829549389891, 0.000752163410652, 0.000738789036404, 0.000583238434047, 0.000666182371788, 0.000520380330272, 0.00057320779888, 0.000531555910129, 0.00056704058079, 0.000545849732589, 0.000711869972292, 0.00049718352966, 0.000688789004926, 0.000762922107242, 0.000662886770442, 0.000422169570811, 0.000190421415027, 8.35969231616e-08],
        "median": [0.000630111724604, 0.00933304801583, 0.00279794679955, 0.00112022063695, 0.00331583502702, 0.000986291677691, 0.000644017476588, 0.000839390384499, 0.000793410581537, 0.000526895280927, 0.000461634597741, 0.00045322132064, 0.00035301328171, 0.000475295266369, 0.000318347971188, 0.000279014289845, 0.000353709503543, 0.000392001238652, 0.000432831671787, 0.000584729714319, 0.000393827474909, 0.000519662746228, 0.000495536602102, 0.000369892659364, 0.000223519848078, 7.90245831013e-05, 8.81502870698e-09],
        "min": [3.54938129021e-06, 6.82510944898e-05, 1.44922350955e-05, 1.09080820039e-05, 0.000195162545424, 3.09792776534e-05, 2.04708903766e-05, 1.949819125e-05, 3.38078352797e-05, 1.70434832398e-05, 1.64963967109e-05, 2.43061931542e-05, 2.26291704166e-05, 2.51963429037e-05, 1.55512443598e-05, 6.47134447718e-06, 1.43583238241e-05, 5.35268372914e-06, 7.30528790882e-06, 4.99379757457e-06, 4.04703996537e-06, 4.06326080338e-06, 3.73038301404e-06, 2.15977183871e-06, 3.78762877062e-07, 7.61953333761e-10, 1.24123714779e-11],
        "var": [1.71774433966e-06, 0.000674467009958, 7.38916351111e-05, 1.46891570694e-05, 2.62953635684e-05, 1.07982450572e-05, 1.38579605391e-06, 3.92403353544e-06, 6.67452832204e-06, 9.9130579656e-07, 8.2946121438e-07, 7.24299241028e-07, 5.42647512702e-07, 3.98844775873e-07, 3.27438954173e-07, 7.89009561686e-07, 2.6936896802e-07, 2.7139523695e-07, 1.72554067035e-07, 2.49527317919e-07, 1.54096099436e-07, 3.14160303105e-07, 5.68225459574e-07, 6.2095358544e-07, 3.08609060085e-07, 1.38195062505e-07, 5.25015550782e-14]
    },
    "erbbands": {
        "dmean": [0.432506889105, 2.605656147, 5.23873329163, 7.91797637939, 9.15104007721, 14.8375759125, 15.4448814392, 14.3994474411, 11.2301607132, 15.1837587357, 26.3217945099, 30.5295391083, 21.3228683472, 15.8600358963, 21.2172985077, 17.6018447876, 16.1248283386, 17.8704166412, 18.4325618744, 14.1546154022, 19.1804256439, 16.5580539703, 17.0537128448, 12.3010749817, 15.3024530411, 16.5597496033, 12.0823936462, 10.8634471893, 12.2788534164, 12.213763237, 11.6590690613, 10.2638263702, 4.84694671631, 3.18575620651, 1.67679071426, 0.772414326668, 0.217578828335, 0.0153810158372, 0.000301504886011, 2.80235108221e-05],
        "dmean2": [0.541994690895, 3.67571401596, 8.05546855927, 12.824634552, 15.662563324, 25.2977790833, 26.3910312653, 24.2692718506, 18.4067630768, 24.8386631012, 44.0175056458, 49.9951972961, 36.31772995, 26.099357605, 35.1184082031, 28.6025218964, 26.2821121216, 29.5939922333, 30.0904178619, 22.2915973663, 31.2387905121, 26.2251834869, 26.3808765411, 19.5892314911, 25.6294536591, 26.7011547089, 19.2422657013, 17.7056064606, 19.9159240723, 19.4162597656, 17.9676589966, 15.8979444504, 7.2709980011, 4.80868673325, 2.54007506371, 1.21529710293, 0.340287268162, 0.0245839226991, 0.000475560635095, 4.42123964604e-05],
        "dvar": [0.284379422665, 8.96882247925, 49.3175048828, 145.974319458, 185.895614624, 420.127655029, 608.239868164, 787.658813477, 327.024230957, 430.236175537, 1613.90490723, 2484.18701172, 847.575378418, 604.096069336, 897.764099121, 539.983093262, 572.414794922, 436.358551025, 624.146362305, 311.032592773, 1032.72412109, 397.779785156, 402.183349609, 186.765197754, 369.139160156, 348.094665527, 180.518966675, 201.010482788, 275.873809814, 213.379959106, 263.41015625, 254.645614624, 51.3758964539, 22.7108440399, 8.79818153381, 2.48658895493, 0.194791838527, 0.000783084135037, 2.95787572213e-07, 1.11159070837e-09],
        "dvar2": [0.409959942102, 17.1544361115, 106.777450562, 358.299102783, 495.038909912, 1097.9810791, 1625.24267578, 2018.01318359, 774.393981934, 1121.26098633, 4109.38330078, 6265.47802734, 2128.93408203, 1464.59204102, 2227.1237793, 1358.79968262, 1415.32470703, 1106.05993652, 1571.18505859, 697.175170898, 2440.8918457, 898.860473633, 903.564880371, 419.7449646, 982.243896484, 781.887390137, 428.639373779, 528.373352051, 705.688720703, 503.449890137, 611.158447266, 557.881225586, 113.554222107, 53.4107627869, 20.9067001343, 5.98538160324, 0.42167070508, 0.00161978870165, 6.15784415459e-07, 2.4747339733e-09],
        "max": [4.62593889236, 23.6212081909, 52.0936317444, 102.380874634, 113.588661194, 283.073699951, 241.173614502, 344.940887451, 360.870513916, 218.037002563, 520.034545898, 496.458953857, 270.923919678, 361.201629639, 455.572479248, 263.172698975, 314.759338379, 263.487243652, 262.126525879, 236.586303711, 616.438659668, 249.272079468, 261.892303467, 187.965606689, 197.637832642, 191.663146973, 135.581680298, 161.241027832, 151.811599731, 169.421875, 189.732574463, 189.090866089, 98.365562439, 59.7482948303, 48.0298271179, 20.4760322571, 7.76586055756, 0.526132285595, 0.010146824643, 0.000612934760284],
        "mean": [0.785238742828, 4.86437511444, 7.0118522644, 8.83065605164, 10.3399038315, 17.8861408234, 18.6849765778, 17.5244178772, 15.380153656, 21.5013542175, 37.2816619873, 42.6470603943, 30.8381614685, 24.4048519135, 32.6153488159, 29.0250778198, 26.9029960632, 30.88671875, 31.1040935516, 26.8724384308, 34.2519569397, 31.180437088, 32.9179916382, 24.9352149963, 29.8056812286, 33.3713645935, 24.5619602203, 20.0636425018, 22.9726524353, 24.2336444855, 21.2968273163, 17.5239181519, 9.18427181244, 5.37225627899, 2.53613376617, 1.11748945713, 0.319461494684, 0.0199500583112, 0.000465662829811, 9.69029642874e-05],
        "median": [0.250618696213, 2.06991934776, 3.8978729248, 4.3413939476, 6.07806110382, 11.0721244812, 10.3216657639, 8.14694881439, 9.39043521881, 14.2058773041, 17.0932807922, 19.2196769714, 19.6884860992, 15.5459508896, 19.0708789825, 19.5268611908, 17.3934936523, 22.1519851685, 20.8403911591, 17.8113517761, 16.6534786224, 20.6230106354, 22.6012821198, 19.7270565033, 24.0715026855, 27.3981323242, 20.8655967712, 15.1369981766, 17.0718021393, 17.5888404846, 13.5918579102, 9.65641307831, 5.45034503937, 2.88867282867, 1.26412844658, 0.467784076929, 0.133220210671, 0.00760497432202, 0.000218540793867, 9.42108526942e-05],
        "min": [0.00333509687334, 0.0430306605995, 0.0356631986797, 0.203067705035, 0.442857503891, 0.42006662488, 0.528012514114, 0.582070469856, 0.566011786461, 1.30593168736, 0.715823709965, 0.928589820862, 1.58611702919, 1.29589128494, 1.08444738388, 1.43643438816, 1.30737626553, 1.50496125221, 1.13971960545, 0.64102691412, 0.537196516991, 1.08480942249, 0.445118248463, 0.331701248884, 0.382705420256, 0.184995144606, 0.1445068717, 0.170532390475, 0.159282177687, 0.134929940104, 0.0857960358262, 0.0619468539953, 0.0169650353491, 0.0114945415407, 0.00468569528311, 0.000569839321543, 7.54559368943e-05, 3.13820760312e-06, 9.17621491681e-06, 1.12219531729e-05],
        "var": [1.02640461922, 28.1535949707, 73.1978378296, 144.036987305, 164.562896729, 478.378387451, 619.787536621, 837.778991699, 442.326751709, 546.584594727, 2477.80810547, 3852.47802734, 1191.34338379, 888.614074707, 1569.51879883, 895.704162598, 967.646484375, 806.102355957, 985.472717285, 796.06829834, 3150.63989258, 863.774291992, 922.137756348, 380.362182617, 505.327087402, 554.92565918, 288.904449463, 295.872192383, 390.547515869, 400.553649902, 486.906555176, 456.451171875, 114.403709412, 44.1865158081, 13.6922101974, 4.43898057938, 0.39190235734, 0.00134584424086, 5.63794571917e-07, 2.79438649997e-09]
    },
    "gfcc": {
        "mean": [80.0517807007, 63.6915473938, -102.164833069, 50.7377662659, -65.1155776978, 30.752204895, -37.2708625793, 17.595199585, -24.3812923431, 7.23911333084, -17.106010437, 2.57601618767, -12.5681467056],
        "cov": [[742.954650879, -384.471893311, -17.6637306213, -80.1309509277, -92.2764282227, -25.5231208801, -134.877075195, 7.83600473404, -61.4693107605, -1.60213637352, -88.90599823, 29.6163291931, -84.9157791138], [-384.471893311, 517.146362305, -86.8706970215, 113.106704712, 90.2581253052, 4.14040899277, 130.109695435, 0.161256968975, 86.9637374878, -26.788974762, 99.6159362793, -34.8058700562, 74.3990325928], [-17.6637306213, -86.8706970215, 263.186859131, -4.0855255127, 15.3094005585, 31.7811450958, -12.9537210464, 15.8579702377, -5.2547917366, 43.5519180298, 4.43940925598, 31.6804428101, 4.60805559158], [-80.1309509277, 113.106704712, -4.0855255127, 150.591537476, 45.7647857666, 24.0046672821, 17.9808807373, -18.7246799469, 44.95129776, 3.81701588631, 46.7935752869, -17.1091594696, 51.4269180298], [-92.2764282227, 90.2581253052, 15.3094005585, 45.7647857666, 144.149032593, 43.4727935791, 46.4505157471, 24.7159061432, 47.301525116, 29.1477565765, 32.2199516296, 9.39362239838, 16.757604599], [-25.5231208801, 4.14040899277, 31.7811450958, 24.0046672821, 43.4727935791, 115.568969727, 76.2064056396, 31.5207767487, 12.7635536194, 17.3998203278, 31.9624156952, -10.2121343613, 5.27174377441], [-134.877075195, 130.109695435, -12.9537210464, 17.9808807373, 46.4505157471, 76.2064056396, 159.492462158, 58.5949478149, 36.9490356445, 10.1142148972, 51.6471862793, -1.81573998928, 11.7172908783], [7.83600473404, 0.161256968975, 15.8579702377, -18.7246799469, 24.7159061432, 31.5207767487, 58.5949478149, 99.9529342651, 56.4082756042, 16.7658462524, 3.66831874847, 2.29318976402, -9.7157459259], [-61.4693107605, 86.9637374878, -5.2547917366, 44.95129776, 47.301525116, 12.7635536194, 36.9490356445, 56.4082756042, 122.01978302, 29.9567050934, 31.1744232178, -4.20586872101, 21.1059932709], [-1.60213637352, -26.788974762, 43.5519180298, 3.81701588631, 29.1477565765, 17.3998203278, 10.1142148972, 16.7658462524, 29.9567050934, 73.0042190552, 29.3216056824, 15.9824714661, 8.00106811523], [-88.90599823, 99.6159362793, 4.43940925598, 46.7935752869, 32.2199516296, 31.9624156952, 51.6471862793, 3.66831874847, 31.1744232178, 29.3216056824, 91.9848861694, 26.884929657, 42.417388916], [29.6163291931, -34.8058700562, 31.6804428101, -17.1091594696, 9.39362239838, -10.2121343613, -1.81573998928, 2.29318976402, -4.20586872101, 15.9824714661, 26.884929657, 78.5277938843, 24.6779975891], [-84.9157791138, 74.3990325928, 4.60805559158, 51.4269180298, 16.757604599, 5.27174377441, 11.7172908783, -9.7157459259, 21.1059932709, 8.00106811523, 42.417388916, 24.6779975891, 77.4540710449]],
        "icov": [[0.00277640647255, 0.00116170453839, 0.00111882667989, -0.00128130032681, 0.000996157177724, -0.00124151760247, 0.00209695473313, -0.00162117939908, 0.000381217192626, -0.00024793492048, 0.000488437886816, -0.00231449911371, 0.00245223543607], [0.00116170453839, 0.0070735453628, 0.000176452682354, 0.000229818338994, -0.00314365094528, 0.00538826873526, -0.00486552622169, 0.00228002970107, -0.0025997904595, 0.00520243588835, -0.0058889426291, 0.0052130036056, -0.00261340942234], [0.00111882667989, 0.000176452682354, 0.00536897452548, -0.00138127675746, 0.000761248113122, -0.00279195373878, 0.0024635810405, -0.0021035335958, 0.00143820524681, -0.00321708223782, 0.00175323686562, -0.00335869379342, 0.00109398667701], [-0.00128130032681, 0.000229818338994, -0.00138127675746, 0.0144170643762, -0.00356983882375, -0.000199394897209, -0.00068318634294, 0.00591209856793, -0.00521895335987, 0.0037802523002, -0.0052937483415, 0.00778444716707, -0.00803437270224], [0.000996157177724, -0.00314365094528, 0.000761248113122, -0.00356983882375, 0.0121844355017, -0.00611571781337, 0.00244069611654, -0.00166257657111, -0.00082072900841, -0.0053063230589, 0.004860969726, -0.00686713308096, 0.00393672054633], [-0.00124151760247, 0.00538826873526, -0.00279195373878, -0.000199394897209, -0.00611571781337, 0.0217902045697, -0.0118046067655, 0.000366422318621, 0.00140314491, 0.00331143336371, -0.00839564483613, 0.0107952682301, -0.00413264567032], [0.00209695473313, -0.00486552622169, 0.0024635810405, -0.00068318634294, 0.00244069611654, -0.0118046067655, 0.0205096267164, -0.0107086142525, 0.00375763629563, -0.00193176174071, -0.00163861364126, -0.00552837736905, 0.00494345277548], [-0.00162117939908, 0.00228002970107, -0.0021035335958, 0.00591209856793, -0.00166257657111, 0.000366422318621, -0.0107086142525, 0.0251280460507, -0.01347202342, 0.00243121874519, 0.00237624836154, 0.00129393790849, -0.000954613671638], [0.000381217192626, -0.0025997904595, 0.00143820524681, -0.00521895335987, -0.00082072900841, 0.00140314491, 0.00375763629563, -0.01347202342, 0.0193214304745, -0.00681070098653, -0.000313653174089, 0.000401362631237, -0.000399057171308], [-0.00024793492048, 0.00520243588835, -0.00321708223782, 0.0037802523002, -0.0053063230589, 0.00331143336371, -0.00193176174071, 0.00243121874519, -0.00681070098653, 0.0252587720752, -0.0123399887234, 0.00467797555029, -0.00155363278463], [0.000488437886816, -0.0058889426291, 0.00175323686562, -0.0052937483415, 0.004860969726, -0.00839564483613, -0.00163861364126, 0.00237624836154, -0.000313653174089, -0.0123399887234, 0.0312791019678, -0.0141490092501, -0.00159316521604], [-0.00231449911371, 0.0052130036056, -0.00335869379342, 0.00778444716707, -0.00686713308096, 0.0107952682301, -0.00552837736905, 0.00129393790849, 0.000401362631237, 0.00467797555029, -0.0141490092501, 0.0289772823453, -0.0128405671567], [0.00245223543607, -0.00261340942234, 0.00109398667701, -0.00803437270224, 0.00393672054633, -0.00413264567032, 0.00494345277548, -0.000954613671638, -0.000399057171308, -0.00155363278463, -0.00159316521604, -0.0128405671567, 0.0271740239114]]
    },
    "melbands": {
        "dmean": [0.00351103092544, 0.00246930425055, 0.0012652449077, 0.000825930386782, 0.000580606516451, 0.000320984225255, 0.000163337303093, 0.000188100442756, 0.000221869253437, 0.00018677522894, 0.000106663144834, 6.48234199616e-05, 7.02641555108e-05, 5.79096995352e-05, 4.04625207011e-05, 3.70987836504e-05, 3.68072905985e-05, 3.40747101291e-05, 2.32630081882e-05, 1.97696936084e-05, 2.40212939389e-05, 1.7637390556e-05, 1.83112606464e-05, 1.41862856253e-05, 1.0373260011e-05, 1.25592714539e-05, 1.01087762232e-05, 1.28706860778e-05, 8.96445817489e-06, 6.75065120959e-06, 6.80287803334e-06, 7.4087674875e-06, 7.21054811947e-06, 6.99148404237e-06, 6.63452647132e-06, 7.94149673311e-06, 5.96511654294e-06, 3.73210878024e-06, 3.31112096319e-06, 2.58300269707e-06],
        "dmean2": [0.00458603957668, 0.00363639043644, 0.00197195541114, 0.00141352508217, 0.000981237157248, 0.000536032952368, 0.000265059381491, 0.000311527197482, 0.000373643066268, 0.000305558700347, 0.000182118397788, 0.000107381958514, 0.000114648544695, 9.42627157201e-05, 6.60638179397e-05, 6.08115078649e-05, 6.17707992205e-05, 5.5971013353e-05, 3.72674621758e-05, 3.22650375892e-05, 3.92138608731e-05, 2.84238176391e-05, 2.89604595309e-05, 2.23260522034e-05, 1.67945090652e-05, 2.09662030102e-05, 1.66519603226e-05, 2.08369838219e-05, 1.46269485413e-05, 1.09280399556e-05, 1.13927771963e-05, 1.22811261463e-05, 1.16051023724e-05, 1.11830740934e-05, 1.04088512671e-05, 1.25393198687e-05, 9.27226301428e-06, 5.67955521547e-06, 5.09841538587e-06, 4.03609601562e-06],
        "dvar": [1.64802713698e-05, 7.0835153565e-06, 3.21600100506e-06, 1.19311744129e-06, 6.92529567914e-07, 3.50886466549e-07, 6.04670233884e-08, 6.48414797411e-08, 1.15315224036e-07, 9.77105898414e-08, 2.20634834847e-08, 1.01938226749e-08, 9.92058790672e-09, 6.61380461509e-09, 2.42244690973e-09, 3.64624441751e-09, 1.84978987683e-09, 2.27868657277e-09, 9.06590413852e-10, 7.23221094123e-10, 1.66968006088e-09, 4.68091898576e-10, 4.62811899915e-10, 3.15404036222e-10, 1.32147529031e-10, 2.57785709445e-10, 1.16307741216e-10, 2.37738828623e-10, 1.02052942486e-10, 6.69130167941e-11, 8.28774826545e-11, 1.02894637255e-10, 7.13084521986e-11, 7.42470737669e-11, 8.69786950797e-11, 1.45838646715e-10, 8.93345605824e-11, 2.96966028157e-11, 2.47282732485e-11, 1.57593070538e-11],
        "dvar2": [2.55455215665e-05, 1.42556818901e-05, 7.42525662645e-06, 3.22334722114e-06, 1.84189025276e-06, 8.87237433744e-07, 1.42813718185e-07, 1.74613745685e-07, 2.95903390679e-07, 2.3782099845e-07, 5.53691990035e-08, 2.43777922293e-08, 2.4468828741e-08, 1.58216533208e-08, 6.10135675316e-09, 9.14155329212e-09, 4.77074868499e-09, 5.80563908059e-09, 2.25132623655e-09, 1.68241975906e-09, 3.89041510118e-09, 1.08065656423e-09, 1.07638498115e-09, 7.07474301365e-10, 3.05897196462e-10, 6.85430656677e-10, 3.0243113569e-10, 5.24251142497e-10, 2.43277120671e-10, 1.68561192782e-10, 2.20949383789e-10, 2.62388250016e-10, 1.82317216879e-10, 1.70451014414e-10, 2.08250680589e-10, 3.35331762358e-10, 2.00713917708e-10, 6.85144094237e-11, 5.75066522179e-11, 3.9102696775e-11],
        "max": [0.0349993556738, 0.0222506504506, 0.0147043475881, 0.00981100928038, 0.00751170748845, 0.00756312115118, 0.00462587084621, 0.00283213495277, 0.0043306001462, 0.00338388513774, 0.00142992415931, 0.00152232451364, 0.0011888621375, 0.000783109455369, 0.000511928577907, 0.000762999407016, 0.000535169674549, 0.000510559417307, 0.000339891877957, 0.000352062605089, 0.000804106122814, 0.000250564946327, 0.000213435865589, 0.000245449511567, 0.000146271428093, 0.000161473930348, 0.000100072917121, 0.000157158574439, 7.49338141759e-05, 0.000110622109787, 9.5925090136e-05, 9.3846465461e-05, 7.48175152694e-05, 9.95719528873e-05, 0.000117002928164, 0.000122711237054, 0.000136294431286, 7.29194216547e-05, 6.31545626675e-05, 4.63220094389e-05],
        "mean": [0.00689132791013, 0.00472799921408, 0.00154597172514, 0.00102356751449, 0.00072311371332, 0.000396974035539, 0.000224797899136, 0.000258285348536, 0.000320480932714, 0.00025534213637, 0.000148084334796, 9.42687693168e-05, 0.000105513900053, 8.93678297871e-05, 6.44631218165e-05, 5.59192740184e-05, 5.88938019064e-05, 5.30583456566e-05, 3.94045564462e-05, 3.42400526279e-05, 4.06441831728e-05, 3.07974114548e-05, 3.27525776811e-05, 2.56156181422e-05, 1.90121882042e-05, 2.18634431803e-05, 2.01809871214e-05, 2.35033021454e-05, 1.69980212377e-05, 1.20921122289e-05, 1.14310851131e-05, 1.28112169477e-05, 1.3737882e-05, 1.30944054035e-05, 1.17507133837e-05, 1.28037636387e-05, 9.91686192719e-06, 6.56326710669e-06, 5.63975254408e-06, 4.01190118282e-06],
        "median": [0.00263127894141, 0.00337751605548, 0.000819777022116, 0.000662323145662, 0.000424576428486, 0.0001884829544, 0.000141615470056, 0.000164835539181, 0.000136046335683, 0.000113748792501, 9.14483534871e-05, 5.79460611334e-05, 6.26968831057e-05, 5.34926766704e-05, 4.31658299931e-05, 3.22403720929e-05, 4.14448331867e-05, 3.46220585925e-05, 2.41102916334e-05, 2.10659854929e-05, 1.81869345397e-05, 2.05499000003e-05, 2.16375628952e-05, 1.78439458978e-05, 1.48131866808e-05, 1.67067191796e-05, 1.72569416463e-05, 1.83565443876e-05, 1.43127235788e-05, 9.07640333025e-06, 8.23524806037e-06, 9.07147023099e-06, 1.02732446976e-05, 9.18384375836e-06, 7.56417784942e-06, 7.35017010811e-06, 5.4391653066e-06, 3.86929787055e-06, 3.2050156733e-06, 2.1339169507e-06],
        "min": [2.30414771067e-05, 4.27656632382e-05, 4.2747160478e-05, 2.82664441329e-05, 1.70591447386e-05, 7.91875845607e-06, 9.43984923651e-06, 1.35898844746e-05, 5.04178478877e-06, 4.78695119455e-06, 6.95856624588e-06, 2.0071452127e-06, 2.95570430353e-06, 3.51756784767e-06, 1.81235611763e-06, 1.83334122994e-06, 2.26947031479e-06, 1.83562985967e-06, 1.32138029585e-06, 2.28676668712e-07, 7.23606490283e-07, 8.17794841623e-07, 7.70111512338e-07, 2.29220518122e-07, 2.09569691378e-07, 2.84139815676e-07, 1.74973436629e-07, 1.20678009807e-07, 8.37382074792e-08, 9.45374338812e-08, 9.73974110252e-08, 8.8265828424e-08, 5.23655430129e-08, 8.04752247063e-08, 4.50772681404e-08, 4.03278299643e-08, 3.48629605185e-08, 9.8556967032e-09, 1.02056842977e-08, 1.25195032119e-09],
