{
"highlevel": {
    "danceability": {
        "all": {
            "danceable": 0.603274166584,
            "not_danceable": 0.396725803614
        },
        "probability": 0.603274166584,
        "value": "danceable"
    },
    "gender": {
        "all": {
            "female": 0.0802921876311,
            "male": 0.919707834721
        },
        "probability": 0.919707834721,
        "value": "male"
    },
    "genre_dortmund": {
        "all": {
            "alternative": 0.258396625519,
            "blues": 0.0285615008324,
            "electronic": 0.00936303846538,
            "folkcountry": 0.169294431806,
            "funksoulrnb": 0.00456256698817,
            "jazz": 0.0397623814642,
            "pop": 0.0983725935221,
            "raphiphop": 0.000405889644753,
            "rock": 0.391280978918
        },
        "probability": 0.391280978918,
        "value": "rock"
    },
    "genre_electronic": {
        "all": {
            "ambient": 0.534896612167,
            "dnb": 0.171551138163,
            "house": 0.0575566701591,
            "techno": 0.0203637108207,
            "trance": 0.215631872416
        },
        "probability": 0.534896612167,
        "value": "ambient"
    },
    "genre_rosamerica": {
        "all": {
            "cla": 0.0158392637968,
            "dan": 0.0035702791065,
            "hip": 0.00127149606124,
            "jaz": 0.00333225354552,
            "pop": 0.152012273669,
            "rhy": 0.00961937289685,
            "roc": 0.812998354435,
            "spe": 0.00135668483563
        },
        "probability": 0.812998354435,
        "value": "roc"
    },
    "genre_tzanetakis": {
        "all": {
            "blu": 0.0626541376114,
            "cla": 0.0348133966327,
            "cou": 0.0783501937985,
            "dis": 0.104547761381,
            "hip": 0.15693578124,
            "jaz": 0.313987255096,
            "met": 0.044816005975,
            "pop": 0.0627349764109,
            "reg": 0.0627352520823,
            "roc": 0.0784252434969
        },
        "probability": 0.313987255096,
        "value": "jaz"
    },
    "ismir04_rhythm": {
        "all": {
            "ChaChaCha": 0.0933007821441,
            "Jive": 0.106387190521,
            "Quickstep": 0.0043033817783,
            "Rumba-American": 0.00364490784705,
            "Rumba-International": 0.00857252068818,
            "Rumba-Misc": 0.00413005612791,
            "Samba": 0.00841103680432,
            "Tango": 0.0179382115602,
            "VienneseWaltz": 0.739083647728,
            "Waltz": 0.0142282834277
        },
        "probability": 0.739083647728,
        "value": "VienneseWaltz"
    },
    "mood_acoustic": {
        "all": {
            "acoustic": 0.0255276691169,
            "not_acoustic": 0.974472343922
        },
        "probability": 0.974472343922,
        "value": "not_acoustic"
    },
    "mood_aggressive": {
        "all": {
            "aggressive": 0.555958747864,
            "not_aggressive": 0.444041281939
        },
        "probability": 0.555958747864,
        "value": "aggressive"
    },
    "mood_electronic": {
        "all": {
            "electronic": 0.0112003041431,
            "not_electronic": 0.9887996912
        },
        "probability": 0.9887996912,
        "value": "not_electronic"
    },
    "mood_happy": {
        "all": {
            "happy": 0.909919381142,
            "not_happy": 0.0900806188583
        },
        "probability": 0.909919381142,
        "value": "happy"
    },
    "mood_party": {
        "all": {
            "not_party": 0.853288412094,
            "party": 0.146711587906
        },
        "probability": 0.853288412094,
        "value": "not_party"
    },
    "mood_relaxed": {
        "all": {
            "not_relaxed": 0.638286232948,
            "relaxed": 0.361713767052
        },
        "probability": 0.638286232948,
        "value": "not_relaxed"
    },
    "mood_sad": {
        "all": {
            "not_sad": 0.468568474054,
            "sad": 0.531431496143
        },
        "probability": 0.531431496143,
        "value": "sad"
    },
    "moods_mirex": {
        "all": {
            "Cluster1": 0.17102971673,
            "Cluster2": 0.238009646535,
            "Cluster3": 0.31092441082,
            "Cluster4": 0.0513625703752,
            "Cluster5": 0.228673636913
        },
        "probability": 0.31092441082,
        "value": "Cluster3"
    },
    "timbre": {
        "all": {
            "bright": 0.982253909111,
            "dark": 0.0177461076528
        },
        "probability": 0.982253909111,
        "value": "bright"
    },
    "tonal_atonal": {
        "all": {
            "atonal": 0.000134279252961,
            "tonal": 0.999865710735
        },
        "probability": 0.999865710735,
        "value": "tonal"
    },
    "voice_instrumental": {
        "all": {
            "instrumental": 0.0410976596177,
            "voice": 0.958902359009
        },
        "probability": 0.958902359009,
        "value": "voice"
    }
},
"lowlevel": {
    "average_loudness": 0.969090461731,
    "barkbands_crest": {
        "dmean": 1.83696448803,
        "dmean2": 2.89352679253,
        "dvar": 3.23524260521,
        "dvar2": 8.00178909302,
        "max": 22.1580886841,
        "mean": 9.18496894836,
        "median": 8.39491462708,
        "min": 2.81738400459,
        "var": 13.3498687744
    },
    "barkbands_flatness_db": {
        "dmean": 0.0130143519491,
        "dmean2": 0.0206327624619,
        "dvar": 0.000136414368171,
        "dvar2": 0.000325219501974,
        "max": 0.216986268759,
        "mean": 0.128399670124,
        "median": 0.126535147429,
        "min": 0.0618859678507,
        "var": 0.00078574474901
    },
    "barkbands_kurtosis": {
        "dmean": 0.882880270481,
        "dmean2": 1.40270185471,
        "dvar": 1.07981276512,
        "dvar2": 2.82050490379,
        "max": 12.7028446198,
        "mean": 0.87816298008,
        "median": 0.535135030746,
        "min": -1.71880054474,
        "var": 3.29361367226
    },
    "barkbands_skewness": {
        "dmean": 0.260111540556,
        "dmean2": 0.413636445999,
        "dvar": 0.0614461861551,
        "dvar2": 0.158884704113,
        "max": 3.43747520447,
        "mean": 1.0400377512,
        "median": 0.98752361536,
        "min": -0.560843706131,
        "var": 0.321145951748
    },
    "barkbands_spread": {
        "dmean": 3.77816462517,
        "dmean2": 5.73373270035,
        "dvar": 11.3515281677,
        "dvar2": 25.2303733826,
        "max": 66.8420181274,
        "mean": 26.2759017944,
        "median": 24.8627567291,
        "min": 6.09872198105,
        "var": 90.8605499268
    },
    "dissonance": {
        "dmean": 0.013652020134,
        "dmean2": 0.0231236629188,
        "dvar": 0.000176861067303,
        "dvar2": 0.000486196920974,
        "max": 0.499948531389,
        "mean": 0.469482600689,
        "median": 0.475039839745,
        "min": 0.38315603137,
        "var": 0.000467263307655
    },
    "dynamic_complexity": 1.81528973579,
    "erbbands_crest": {
        "dmean": 2.26694822311,
        "dmean2": 3.67348670959,
        "dvar": 4.67971897125,
        "dvar2": 11.6256685257,
        "max": 23.5569972992,
        "mean": 8.3856420517,
        "median": 7.29061794281,
        "min": 2.51897335052,
        "var": 17.0641727448
    },
    "erbbands_flatness_db": {
        "dmean": 0.0115172341466,
        "dmean2": 0.017029562965,
        "dvar": 0.000115134746011,
        "dvar2": 0.000228349294048,
        "max": 0.268900305033,
        "mean": 0.152796804905,
        "median": 0.149639561772,
        "min": 0.0747137069702,
        "var": 0.00112358957995
    },
    "erbbands_kurtosis": {
        "dmean": 0.511225163937,
        "dmean2": 0.824362933636,
        "dvar": 0.385923475027,
        "dvar2": 0.952927470207,
        "max": 5.36098766327,
        "mean": -0.242416232824,
        "median": -0.581728458405,
        "min": -1.55400383472,
        "var": 1.13310492039
    },
    "erbbands_skewness": {
        "dmean": 0.287781834602,
        "dmean2": 0.438706099987,
        "dvar": 0.0624271072447,
        "dvar2": 0.142986252904,
        "max": 2.13001823425,
        "mean": 0.155758008361,
        "median": 0.0778459757566,
        "min": -1.55825138092,
        "var": 0.433878868818
    },
    "erbbands_spread": {
        "dmean": 4.88024663925,
        "dmean2": 7.70971345901,
        "dvar": 18.096660614,
        "dvar2": 44.4990730286,
        "max": 77.7978057861,
        "mean": 38.135761261,
        "median": 37.1670455933,
        "min": 11.2812786102,
        "var": 140.967391968
    },
    "hfc": {
        "dmean": 4.65160655975,
        "dmean2": 6.9355430603,
        "dvar": 27.9688682556,
        "dvar2": 56.5747299194,
        "max": 103.616119385,
        "mean": 28.5836982727,
        "median": 26.5643768311,
        "min": 3.88540172577,
        "var": 189.514434814
    },
    "melbands_crest": {
        "dmean": 2.06751799583,
        "dmean2": 3.33541488647,
        "dvar": 4.58926200867,
        "dvar2": 12.3812150955,
        "max": 25.2410449982,
        "mean": 11.3778629303,
        "median": 10.7437057495,
        "min": 4.72446346283,
        "var": 13.8123092651
    },
    "melbands_flatness_db": {
        "dmean": 0.0132557647303,
        "dmean2": 0.0209122244269,
        "dvar": 0.000183779149665,
        "dvar2": 0.000448907841928,
        "max": 0.253890931606,
        "mean": 0.156598135829,
        "median": 0.156684294343,
        "min": 0.0638817101717,
        "var": 0.00121002213564
    },
    "melbands_kurtosis": {
        "dmean": 2.20777916908,
        "dmean2": 3.59773802757,
        "dvar": 9.5918712616,
        "dvar2": 25.9783000946,
        "max": 48.6872024536,
        "mean": 6.04242086411,
        "median": 4.2985830307,
        "min": -1.03112626076,
        "var": 32.5169258118
    },
    "melbands_skewness": {
        "dmean": 0.353068619967,
        "dmean2": 0.566131174564,
        "dvar": 0.140248462558,
        "dvar2": 0.36805716157,
        "max": 5.96303892136,
        "mean": 1.99598121643,
        "median": 1.80670714378,
        "min": 0.0441346168518,
        "var": 0.857846915722
    },
    "melbands_spread": {
        "dmean": 5.2163734436,
        "dmean2": 8.05761146545,
        "dvar": 28.4549732208,
        "dvar2": 64.3877716064,
        "max": 115.891548157,
        "mean": 28.7003002167,
        "median": 26.2053718567,
        "min": 6.97884082794,
        "var": 168.964508057
    },
    "pitch_salience": {
        "dmean": 0.0489696711302,
        "dmean2": 0.0788979455829,
        "dvar": 0.00205883011222,
        "dvar2": 0.00514930067584,
        "max": 0.827191054821,
        "mean": 0.549723863602,
        "median": 0.545519828796,
        "min": 0.228858232498,
        "var": 0.00858815386891
    },
    "silence_rate_20dB": {
        "dmean": 0,
        "dmean2": 0,
        "dvar": 0,
        "dvar2": 0,
        "max": 1,
        "mean": 1,
        "median": 1,
        "min": 1,
        "var": 0
    },
    "silence_rate_30dB": {
        "dmean": 0,
        "dmean2": 0,
        "dvar": 0,
        "dvar2": 0,
        "max": 1,
        "mean": 1,
        "median": 1,
        "min": 1,
        "var": 0
    },
    "silence_rate_60dB": {
        "dmean": 0,
        "dmean2": 0,
        "dvar": 0,
        "dvar2": 0,
        "max": 0,
        "mean": 0,
        "median": 0,
        "min": 0,
        "var": 0
    },
    "spectral_centroid": {
        "dmean": 184.99029541,
        "dmean2": 289.324859619,
        "dvar": 26002.2480469,
        "dvar2": 55905.5,
        "max": 3695.18383789,
        "mean": 1623.42956543,
        "median": 1547.56640625,
        "min": 737.028625488,
        "var": 185837.46875
    },
    "spectral_complexity": {
        "dmean": 3.19582033157,
        "dmean2": 5.23470163345,
        "dvar": 8.19147872925,
        "dvar2": 19.4995975494,
        "max": 53,
        "mean": 28.1121425629,
        "median": 28,
        "min": 9,
        "var": 51.2333183289
    },
    "spectral_decrease": {
        "dmean": 1.47972167852e-09,
        "dmean2": 2.3513127001e-09,
        "dvar": 3.53247563309e-18,
        "dvar2": 9.55857490386e-18,
        "max": -8.80495065747e-10,
        "mean": -7.97815413733e-09,
        "median": -7.95122545583e-09,
        "min": -2.54402312549e-08,
        "var": 1.13967712298e-17
    },
    "spectral_energy": {
        "dmean": 0.00588545762002,
        "dmean2": 0.00932066887617,
        "dvar": 5.3926196415e-05,
        "dvar2": 0.000144787001773,
        "max": 0.0989061519504,
        "mean": 0.0327040329576,
        "median": 0.0324883200228,
        "min": 0.00367560843006,
        "var": 0.00018212624127
    },
    "spectral_energyband_high": {
        "dmean": 0.000270548975095,
        "dmean2": 0.000392732792534,
        "dvar": 3.72065812826e-07,
        "dvar2": 5.93910272073e-07,
        "max": 0.014532986097,
        "mean": 0.00105816032737,
        "median": 0.000710839405656,
        "min": 1.60326781042e-05,
        "var": 2.08025403481e-06
    },
    "spectral_energyband_low": {
        "dmean": 0.00259338226169,
        "dmean2": 0.00445742439479,
        "dvar": 3.40474871336e-05,
        "dvar2": 9.91541019175e-05,
        "max": 0.0825267657638,
        "mean": 0.00856513623148,
        "median": 0.0072672390379,
        "min": 1.2754688214e-05,
        "var": 5.49562937522e-05
    },
    "spectral_energyband_middle_high": {
        "dmean": 0.00159917108249,
        "dmean2": 0.00245066499338,
        "dvar": 3.58530792255e-06,
        "dvar2": 7.61635737945e-06,
        "max": 0.0484456196427,
        "mean": 0.00752043910325,
        "median": 0.00619500409812,
        "min": 0.00108321243897,
        "var": 3.10382856696e-05
    },
    "spectral_energyband_middle_low": {
        "dmean": 0.00434998283163,
        "dmean2": 0.00658656097949,
        "dvar": 2.5466137231e-05,
        "dvar2": 6.03560110903e-05,
        "max": 0.065440684557,
        "mean": 0.0163203906268,
        "median": 0.0134356822819,
        "min": 0.00161929591559,
        "var": 0.000111317225674
    },
    "spectral_entropy": {
        "dmean": 0.0777970403433,
        "dmean2": 0.119472451508,
        "dvar": 0.00632072472945,
        "dvar2": 0.0118641387671,
        "max": 8.48226928711,
        "mean": 7.67178583145,
        "median": 7.68165969849,
        "min": 6.72511672974,
        "var": 0.0599702969193
    },
    "spectral_flux": {
        "dmean": 0.015725562349,
        "dmean2": 0.0246195048094,
        "dvar": 0.000346083281329,
        "dvar2": 0.000765344360843,
        "max": 0.239612236619,
        "mean": 0.0765742361546,
        "median": 0.0719542205334,
        "min": 0.0192579180002,
        "var": 0.000926891574636
    },
    "spectral_kurtosis": {
        "dmean": 1.08975601196,
        "dmean2": 1.90941154957,
        "dvar": 1.42096447945,
        "dvar2": 4.26226139069,
        "max": 16.8415260315,
        "mean": 3.3326189518,
        "median": 3.08374071121,
        "min": 0.239454269409,
        "var": 2.59375143051
    },
    "spectral_rms": {
        "dmean": 0.000489277765155,
        "dmean2": 0.000767441408243,
        "dvar": 2.98156663803e-07,
        "dvar2": 7.88204204127e-07,
        "max": 0.00982312578708,
        "mean": 0.00551716098562,
        "median": 0.00562991341576,
        "min": 0.00189366296399,
        "var": 1.46732531903e-06
    },
    "spectral_rolloff": {
        "dmean": 384.714050293,
        "dmean2": 647.664978027,
        "dvar": 189945.78125,
        "dvar2": 424809.1875,
        "max": 6093.89648438,
        "mean": 1692.54248047,
        "median": 1636.5234375,
        "min": 172.265625,
        "var": 964424.6875
    },
    "spectral_skewness": {
        "dmean": 0.149520650506,
        "dmean2": 0.249430924654,
        "dvar": 0.016737036407,
        "dvar2": 0.0485100708902,
        "max": 2.28538489342,
        "mean": 1.24644434452,
        "median": 1.24982023239,
        "min": 0.345401018858,
        "var": 0.0603323504329
    },
    "spectral_spread": {
        "dmean": 278973.375,
        "dmean2": 426924.28125,
        "dvar": 343340384256,
        "dvar2": 401514266624,
        "max": 21703886,
        "mean": 4038719,
        "median": 3935810.75,
        "min": 1995658.5,
        "var": 696807915520
    },
    "spectral_strongpeak": {
        "dmean": 0.598164081573,
        "dmean2": 1.00070476532,
        "dvar": 0.923124432564,
        "dvar2": 2.2898144722,
        "max": 8.8540353775,
        "mean": 1.38444542885,
        "median": 0.470254480839,
        "min": 0.0688005834818,
        "var": 2.26571631432
    },
    "zerocrossingrate": {
        "dmean": 0.0065615628846,
        "dmean2": 0.00791802350432,
        "dvar": 3.4507986129e-05,
        "dvar2": 4.60203591501e-05,
        "max": 0.17431640625,
        "mean": 0.0652850568295,
        "median": 0.060546875,
        "min": 0.02197265625,
        "var": 0.000509998353664
    },
    "barkbands": {
        "dmean": [2.2584474209e-05, 0.00165124447085, 0.00109380856156, 0.000657271768432, 0.00131918804254, 0.00120998162311, 0.00074924348155, 0.000872529228218, 0.00236487528309, 0.000378916651243, 0.000604514381848, 0.0002865071001, 0.000353278563125, 0.00017404324899, 0.000495227286592, 0.000459371891338, 0.00037961662747, 0.00020252703689, 0.000262872548774, 0.000132805755129, 0.00011479954992, 0.000111072702566, 5.5028256611e-05, 3.38375721185e-05, 2.17113229155e-05, 1.2544747733e-05, 8.89519125025e-09],
        "dmean2": [3.48068024323e-05, 0.00283821672201, 0.00193688506261, 0.00111602596007, 0.00217668828554, 0.00186174386181, 0.00114739406854, 0.00128847593442, 0.0034095691517, 0.000552518875338, 0.000906987756025, 0.000446143763838, 0.000523548980709, 0.00028420102899, 0.000810455880128, 0.000765068340115, 0.000621654442511, 0.000341578066582, 0.000440735951997, 0.000223547584028, 0.000186872814083, 0.000163580014487, 8.77720303833e-05, 5.07035547344e-05, 3.27057969116e-05, 1.88520389202e-05, 1.53375214751e-08],
        "dvar": [3.4060654297e-09, 1.16871815408e-05, 8.84382734512e-06, 8.45884926548e-07, 5.00552414451e-06, 3.54896724275e-06, 1.56705527843e-06, 1.88664705547e-06, 1.9260267436e-05, 6.41959786662e-07, 2.58479417425e-06, 1.52374482809e-07, 4.70040106393e-07, 8.35491462681e-08, 4.24411922495e-07, 4.34637769331e-07, 2.17228034671e-07, 5.28192565241e-08, 8.46695513701e-08, 2.48718592388e-08, 7.07286105239e-08, 7.36909058219e-08, 1.27278321216e-08, 2.18449813794e-09, 1.56856039268e-09, 4.75056050053e-10, 1.98308412402e-15],
        "dvar2": [6.87293999491e-09, 3.40985607181e-05, 2.63718866336e-05, 2.35223251366e-06, 1.32995046442e-05, 9.04846456251e-06, 3.71422561329e-06, 4.0761319724e-06, 4.25022335548e-05, 1.09596226139e-06, 5.22379514223e-06, 3.91133852418e-07, 7.8602352005e-07, 2.04552264904e-07, 1.08629603801e-06, 1.08764402285e-06, 4.74151079288e-07, 1.45645003613e-07, 1.99493598529e-07, 6.14890467432e-08, 1.43796668794e-07, 1.29393100678e-07, 2.95985440601e-08, 4.49819692605e-09, 2.92747048825e-09, 1.14037734811e-09, 2.82960038118e-15],
        "max": [0.000523403694388, 0.0416460186243, 0.0427247807384, 0.00810828339309, 0.0262868646532, 0.0352385565639, 0.0246571097523, 0.0179365631193, 0.0520900525153, 0.0210459399968, 0.0334007404745, 0.00550466356799, 0.0166524127126, 0.00514476606622, 0.00890349131078, 0.00875946879387, 0.00801281630993, 0.00275341630913, 0.00466715963557, 0.00333750760183, 0.00573675474152, 0.00667711906135, 0.00244774180464, 0.000652497343253, 0.000829548458569, 0.00019801306189, 1.40730196563e-06],
        "mean": [2.56725688814e-05, 0.00593964243308, 0.00190436106641, 0.00122077006381, 0.00280519551598, 0.00293890130706, 0.00163134839386, 0.00236504548229, 0.00524551421404, 0.000790058868006, 0.00129241507966, 0.000546727620531, 0.000700603530277, 0.00029646337498, 0.000979492091574, 0.000852590077557, 0.000822205271106, 0.000424162979471, 0.000670790323056, 0.000351934315404, 0.000298002327327, 0.000288773386274, 0.000155734000145, 8.60602813191e-05, 5.18980014022e-05, 1.96744440473e-05, 7.05155844827e-09],
        "median": [3.40171459356e-06, 0.00360797136091, 0.000939742545597, 0.000917689350899, 0.00211286265403, 0.00214474112727, 0.00100750755519, 0.000944165047258, 0.00142630340997, 0.000363853207091, 0.000224597606575, 0.000359570491128, 0.000395336974179, 0.000167521007825, 0.000741812167689, 0.000533212150913, 0.000672483409289, 0.000340750208125, 0.000580107735004, 0.000293185585178, 0.000184367163456, 0.000157160757226, 9.21485770959e-05, 5.85362286074e-05, 2.50689681707e-05, 8.81611504155e-06, 7.79533104733e-10],
        "min": [6.83284007152e-09, 2.34302206081e-06, 5.20362959833e-07, 1.1487128404e-06, 0.000139131429023, 9.79870601441e-05, 1.42282233355e-05, 1.66528625414e-05, 2.84612797259e-05, 9.91561137198e-06, 4.19143952968e-06, 6.83407688484e-06, 1.36052512971e-05, 2.72985744232e-06, 2.26867268793e-05, 1.68322967511e-05, 4.13957204728e-05, 2.38553020608e-05, 1.38990399137e-05, 7.21184505892e-06, 4.81395954921e-06, 1.66651409472e-06, 5.03808280428e-07, 2.07221532378e-07, 8.56127400084e-08, 1.64852120843e-09, 7.96967613431e-12],
        "var": [5.14129139262e-09, 3.66990316252e-05, 8.64667708811e-06, 1.26110728615e-06, 6.7624937401e-06, 7.84461826697e-06, 6.04719434705e-06, 1.05606723082e-05, 7.36827860237e-05, 3.22939081343e-06, 1.10205810415e-05, 3.47574115267e-07, 1.76610717517e-06, 1.75754507836e-07, 7.18033902558e-07, 8.38626647237e-07, 4.91088030685e-07, 1.0255442362e-07, 2.14249595842e-07, 6.60475834025e-08, 2.59673754499e-07, 3.10102876711e-07, 4.86394569066e-08, 5.99927618694e-09, 6.9698566918e-09, 7.15616121916e-10, 1.90380078137e-15]
    },
    "erbbands": {
        "dmean": [0.0247642491013, 0.459798514843, 1.32160961628, 1.61354064941, 3.12328100204, 4.94807004929, 8.37076759338, 10.6681747437, 11.1898517609, 10.9426145554, 24.8872203827, 47.0323867798, 26.3136367798, 16.6936511993, 18.6986904144, 8.97177219391, 14.8485527039, 8.11621379852, 13.6633415222, 27.2423419952, 27.0471019745, 19.7244739532, 12.629242897, 12.077129364, 11.7878055573, 6.74102497101, 4.47268772125, 4.70350790024, 4.3656835556, 2.55540394783, 1.4105809927, 0.844059407711, 0.549406826496, 0.300299048424, 0.139690592885, 0.0394828617573, 0.0348565392196, 0.00377160287462, 6.29845599178e-05, 8.27214080346e-06],
        "dmean2": [0.0407032035291, 0.797824978828, 2.3544242382, 2.70727801323, 5.07886648178, 8.32244491577, 13.2712993622, 16.0211086273, 17.3632411957, 16.4105396271, 35.3118591309, 67.691192627, 39.7339439392, 24.3161354065, 28.6227493286, 13.8834962845, 21.7703208923, 13.0581007004, 22.6066055298, 44.7631340027, 44.0672454834, 32.1496429443, 21.1455745697, 20.1640510559, 19.8446540833, 11.1855802536, 7.26328325272, 7.26436328888, 6.48528432846, 3.90892863274, 2.22380161285, 1.33684384823, 0.83363288641, 0.464581042528, 0.215251967311, 0.0613350011408, 0.0520205795765, 0.00583112379536, 9.63165730354e-05, 1.27569692268e-05],
        "dvar": [0.00292065669782, 0.919657826424, 12.0039405823, 6.52988862991, 32.2762489319, 74.0510253906, 141.500091553, 369.665374756, 372.093444824, 409.114593506, 1706.04919434, 7828.17822266, 3630.19433594, 2087.44873047, 1988.65319824, 132.141067505, 906.700256348, 166.244842529, 288.307281494, 1869.52380371, 1695.17370605, 567.448425293, 197.054443359, 152.562133789, 246.742736816, 61.6519203186, 85.952041626, 131.170822144, 144.503723145, 43.9192314148, 5.23691415787, 1.49488508701, 0.772700309753, 0.256450921297, 0.0936152637005, 0.00379239115864, 0.00453958753496, 6.6587330366e-05, 1.74474656944e-08, 1.04847963645e-10],
        "dvar2": [0.00801131874323, 2.74540925026, 36.321056366, 17.811504364, 86.0766448975, 201.287536621, 372.791809082, 956.812255859, 1013.76422119, 829.256225586, 3902.43847656, 16395.2617188, 8575.93261719, 3203.46118164, 4586.74804688, 315.65322876, 1500.4375, 377.672790527, 760.000061035, 4591.92089844, 4262.03613281, 1336.01403809, 528.292602539, 404.301177979, 529.643371582, 154.400894165, 191.539093018, 250.109146118, 307.454223633, 87.4362945557, 11.2078380585, 3.29933142662, 1.68320703506, 0.516086399555, 0.196994543076, 0.00846341531724, 0.0107484394684, 0.000161824224051, 4.20882848573e-08, 2.58567528499e-10],
        "max": [0.788094878197, 11.2367649078, 52.2862091064, 26.7581558228, 72.0205001831, 93.0110626221, 226.766845703, 427.974060059, 381.373657227, 518.219543457, 693.81628418, 1146.96203613, 905.034790039, 1416.95056152, 715.972900391, 204.402877808, 671.962280273, 307.208770752, 203.939910889, 765.433776855, 579.995483398, 477.082702637, 190.691131592, 235.783035278, 318.470153809, 166.492324829, 214.352920532, 226.528778076, 290.134368896, 152.222259521, 50.3036956787, 15.4490194321, 18.3550357819, 10.1856107712, 7.09554243088, 1.02757894993, 0.607517957687, 0.0753414109349, 0.00124477583449, 0.000121709832456],
        "mean": [0.0889537408948, 1.59138202667, 2.74232506752, 3.38174390793, 5.57686471939, 9.57922649384, 18.7214279175, 25.311630249, 23.6647644043, 29.5325222015, 68.4984283447, 108.274002075, 56.7203025818, 42.0098953247, 41.3638381958, 21.356967926, 31.1735038757, 15.9167604446, 30.5416297913, 56.255657196, 50.2689819336, 45.1734886169, 30.734752655, 30.13530159, 29.7249851227, 17.7641906738, 11.7617464066, 12.0477628708, 11.0777568817, 6.612596035, 4.11346912384, 2.27635908127, 1.31746375561, 0.711389124393, 0.283869326115, 0.0784377008677, 0.045144777745, 0.00437895441428, 9.82223136816e-05, 4.38668321294e-05],
        "median": [0.0495998449624, 0.986540555954, 2.02492332458, 2.52483081818, 4.28346443176, 6.7461681366, 13.5418834686, 16.6318798065, 16.2219810486, 15.2528715134, 29.9478912354, 32.2137832642, 17.2151069641, 15.7531242371, 14.1967182159, 15.0739116669, 17.2206554413, 10.8447713852, 22.7061004639, 43.3249168396, 31.6736392975, 37.9112815857, 25.598028183, 26.1021575928, 24.4035167694, 14.9470081329, 8.04838752747, 7.05051612854, 6.16889810562, 3.44780397415, 2.52587747574, 1.58807218075, 0.852153420448, 0.358340591192, 0.120926395059, 0.0370614826679, 0.0163312572986, 0.00115523021668, 4.69400220027e-05, 4.30974832852e-05],
        "min": [3.40126825904e-05, 0.000925059255678, 0.00824934616685, 0.0362007953227, 0.16185605526, 0.422158151865, 0.954768955708, 0.661618292332, 0.313641637564, 0.650378763676, 0.879608809948, 0.735152721405, 0.683882772923, 1.00746154785, 0.57253998518, 0.972791075706, 1.09219527245, 0.310172140598, 1.21256363392, 1.87432265282, 1.63188552856, 2.51668596268, 2.43579006195, 1.31533670425, 0.81142282486, 0.566438913345, 0.353342890739, 0.107943229377, 0.0825279057026, 0.0264232717454, 0.00996544584632, 0.00706626474857, 0.00216593453661, 0.00086542358622, 0.000685922685079, 8.90147202881e-05, 8.40074699227e-06, 2.19057142203e-06, 4.50060952062e-06, 6.35812784822e-06],
        "var": [0.0104882530868, 2.52007269859, 11.0419626236, 9.68522357941, 32.7196655273, 97.4669418335, 331.48739624, 766.98059082, 830.479980469, 2588.77587891, 7597.85595703, 31657.3867188, 11519.9160156, 11843.90625, 6520.63818359, 437.558441162, 3525.82788086, 397.971832275, 697.024108887, 2868.58422852, 2926.18530273, 1318.90075684, 416.951568604, 427.711181641, 549.257019043, 159.783233643, 279.251983643, 490.063659668, 451.765136719, 179.36920166, 26.1726837158, 4.35111522675, 1.84437596798, 1.0854460001, 0.285510152578, 0.0117873316631, 0.00559642771259, 7.27053557057e-05, 1.99990086713e-08, 3.1537888967e-10]
    },
    "gfcc": {
        "mean": [43.8657455444, 93.1178131104, -135.295394897, 41.7317848206, -65.3280334473, 7.27266788483, -40.7517280579, 13.8298988342, -18.3628044128, 0.132117837667, -17.8046627045, -0.398493379354, -9.53990268707],
        "cov": [[1022.34521484, -313.30847168, 258.222991943, 15.7698059082, -35.0162010193, 202.095474243, 94.4603652954, 100.401756287, 25.4725322723, 101.9322052, -78.741897583, 59.1706047058, -73.1778488159], [-313.30847168, 517.604736328, -128.858535767, 10.2497463226, 126.770111084, -39.615562439, 94.7494125366, 23.9633159637, 125.812210083, -42.8987388611, 92.7452468872, -36.6296310425, 84.8546524048], [258.222991943, -128.858535767, 313.669006348, 89.1850738525, 66.4108428955, 81.787147522, 12.079167366, 47.7362480164, 11.3563556671, 96.9133758545, 23.9768791199, 61.7101097107, -34.8491783142], [15.7698059082, 10.2497463226, 89.1850738525, 240.61668396, 62.6783409119, 50.6406745911, -11.7671604156, -2.34413218498, 34.2319564819, 43.9863777161, 62.1747970581, -5.23564577103, 21.0630931854], [-35.0162010193, 126.770111084, 66.4108428955, 62.6783409119, 197.932159424, 29.9620018005, 41.8333892822, 33.7266197205, 49.697353363, 29.3417339325, 40.4697189331, 32.3314857483, 20.9574012756], [202.095474243, -39.615562439, 81.787147522, 50.6406745911, 29.9620018005, 150.643493652, 65.4271697998, 26.4654445648, -4.27153968811, 25.0434379578, 14.4383659363, 24.1189117432, -3.13332796097], [94.4603652954, 94.7494125366, 12.079167366, -11.7671604156, 41.8333892822, 65.4271697998, 130.052688599, 56.9661903381, 44.9234390259, -2.65758156776, 5.4939789772, 6.26008796692, 2.37089490891], [100.401756287, 23.9633159637, 47.7362480164, -2.34413218498, 33.7266197205, 26.4654445648, 56.9661903381, 112.433609009, 68.2425689697, 25.8297576904, -9.55183410645, -5.22387742996, 4.57154083252], [25.4725322723, 125.812210083, 11.3563556671, 34.2319564819, 49.697353363, -4.27153968811, 44.9234390259, 68.2425689697, 134.287033081, 32.2288742065, 18.0340824127, -17.9247722626, 22.7699050903], [101.9322052, -42.8987388611, 96.9133758545, 43.9863777161, 29.3417339325, 25.0434379578, -2.65758156776, 25.8297576904, 32.2288742065, 88.1681900024, 30.1602802277, 23.6969470978, -13.69810009], [-78.741897583, 92.7452468872, 23.9768791199, 62.1747970581, 40.4697189331, 14.4383659363, 5.4939789772, -9.55183410645, 18.0340824127, 30.1602802277, 101.021728516, 28.6153945923, 17.0365161896], [59.1706047058, -36.6296310425, 61.7101097107, -5.23564577103, 32.3314857483, 24.1189117432, 6.26008796692, -5.22387742996, -17.9247722626, 23.6969470978, 28.6153945923, 75.1590957642, 4.61598968506], [-73.1778488159, 84.8546524048, -34.8491783142, 21.0630931854, 20.9574012756, -3.13332796097, 2.37089490891, 4.57154083252, 22.7699050903, -13.69810009, 17.0365161896, 4.61598968506, 62.6036682129]],
        "icov": [[0.00240618945099, 0.000486618693685, -0.000583071669098, -0.000162109878147, 0.00111031485721, -0.00240846420638, -0.000651942682452, -0.000190417049453, -0.00153676979244, -0.00106830359437, 0.00251529482193, -0.00191511772573, 0.0012112694094], [0.000486618693685, 0.00935793295503, -0.000140187810757, 0.00322935148142, -0.00449718115851, 0.0024455615785, -0.00629848660901, 0.00376429781318, -0.00516074802727, 0.00388834672049, -0.00933406781405, 0.00798114296049, -0.00700872344896], [-0.000583071669098, -0.000140187810757, 0.00765110831708, -0.00247161858715, -0.000988215208054, -0.00103350589052, 0.00134587136563, -0.00288932863623, 0.00108434807044, -0.00402833707631, 0.00131812994368, -0.00482367351651, 0.003759379033], [-0.000162109878147, 0.00322935148142, -0.00247161858715, 0.00906555168331, -0.00322461104952, -0.00173318979796, 0.000197848145035, 0.00352199352346, -0.00289719249122, 0.00088996568229, -0.00750586390495, 0.00876530166715, -0.00561978435144], [0.00111031485721, -0.00449718115851, -0.000988215208054, -0.00322461104952, 0.0100925322622, -0.00189493270591, 0.00103502045386, -0.00242783571593, 0.000168055878021, -0.00215085106902, 0.00551352556795, -0.00804215855896, 0.00315373507328], [-0.00240846420638, 0.0024455615785, -0.00103350589052, -0.00173318979796, -0.00189493270591, 0.0158896949142, -0.00935242138803, 0.000820566434413, 0.00469385599717, -0.000357257173164, -0.00463494099677, 0.00368364481255, -0.00519400835037], [-0.000651942682452, -0.00629848660901, 0.00134587136563, 0.000197848145035, 0.00103502045386, -0.00935242138803, 0.021057870239, -0.00759830558673, -0.00175857299473, 0.00386022380553, 0.00358580076136, -0.00689236214384, 0.00841713510454], [-0.000190417049453, 0.00376429781318, -0.00288932863623, 0.00352199352346, -0.00242783571593, 0.000820566434413, -0.00759830558673, 0.0198456216604, -0.00849638786167, -0.001224461128, -0.00090433791047, 0.00645776372403, -0.00583349820226], [-0.00153676979244, -0.00516074802727, 0.00108434807044, -0.00289719249122, 0.000168055878021, 0.00469385599717, -0.00175857299473, -0.00849638786167, 0.020895190537, -0.0090035200119, 0.00227475981228, 0.00270452932455, -0.0027456197422], [-0.00106830359437, 0.00388834672049, -0.00402833707631, 0.00088996568229, -0.00215085106902, -0.000357257173164, 0.00386022380553, -0.001224461128, -0.0090035200119, 0.0272650178522, -0.0104969553649, -0.000235476938542, 0.00369880814105], [0.00251529482193, -0.00933406781405, 0.00131812994368, -0.00750586390495, 0.00551352556795, -0.00463494099677, 0.00358580076136, -0.00090433791047, 0.00227475981228, -0.0104969553649, 0.0293276812881, -0.0171155184507, 0.00686022499576], [-0.00191511772573, 0.00798114296049, -0.00482367351651, 0.00876530166715, -0.00804215855896, 0.00368364481255, -0.00689236214384, 0.00645776372403, 0.00270452932455, -0.000235476938542, -0.0171155184507, 0.0347286090255, -0.0149628352374], [0.0012112694094, -0.00700872344896, 0.003759379033, -0.00561978435144, 0.00315373507328, -0.00519400835037, 0.00841713510454, -0.00583349820226, -0.0027456197422, 0.00369880814105, 0.00686022499576, -0.0149628352374, 0.030708482489]]
    },
    "melbands": {
        "dmean": [0.000338659156114, 0.000675194780342, 0.000298483675579, 0.000300238985801, 0.000257425854215, 0.000234510662267, 0.000159047631314, 0.00013198745728, 0.000239726068685, 0.000313773256494, 0.000134762070957, 6.65282059344e-05, 7.95903979451e-05, 3.24074208038e-05, 3.91722787754e-05, 2.29951601796e-05, 1.6327632693e-05, 2.18816057895e-05, 3.55445081368e-05, 3.34679316438e-05, 3.20582075801e-05, 1.97589142772e-05, 1.94259155251e-05, 1.28726269395e-05, 1.11466861199e-05, 9.64899481914e-06, 7.61832097851e-06, 4.81951383335e-06, 2.98310374092e-06, 3.09659753839e-06, 3.05140406454e-06, 2.80542735709e-06, 2.33327705246e-06, 1.38150880957e-06, 8.92245338946e-07, 7.93221317963e-07, 6.09899871051e-07, 4.61958023834e-07, 3.54817871084e-07, 2.60374775962e-07],
        "dmean2": [0.00056891766144, 0.00118915259372, 0.000500724650919, 0.00049036758719, 0.000413607078372, 0.000352445815224, 0.000245274713961, 0.000195543121663, 0.000336824043188, 0.000452534906799, 0.000203541640076, 9.55139985308e-05, 0.000122135301353, 5.0718041166e-05, 5.91188581893e-05, 3.45234875567e-05, 2.63437032118e-05, 3.6238841858e-05, 5.79337865929e-05, 5.47166782781e-05, 5.20941612194e-05, 3.19946266245e-05, 3.21724073729e-05, 2.18890672841e-05, 1.87302794075e-05, 1.60714898811e-05, 1.29878671942e-05, 8.01541318651e-06, 4.83656731376e-06, 5.0655285122e-06, 4.67808104077e-06, 4.22931270805e-06, 3.58445709026e-06, 2.27866166824e-06, 1.43722672874e-06, 1.30408784571e-06, 9.64038349593e-07, 7.15658984518e-07, 5.53030020001e-07, 4.09367004295e-07],
        "dvar": [4.98500696722e-07, 2.58653062701e-06, 2.0099314213e-07, 3.21581097751e-07, 1.2200816002e-07, 1.5828935318e-07, 6.60111325601e-08, 5.07472996958e-08, 2.04747763632e-07, 3.47600888517e-07, 9.8399382864e-08, 3.03419973591e-08, 3.76976849736e-08, 2.87661761078e-09, 5.66096236554e-09, 1.42607081699e-09, 7.40009886702e-10, 6.6673921939e-10, 2.29447483235e-09, 1.859582488e-09, 2.5564079742e-09, 5.30729182824e-10, 6.11000749995e-10, 2.20855431166e-10, 1.36530689532e-10, 1.41077205473e-10, 9.26626345099e-11, 3.51242541996e-11, 3.0951421981e-11, 5.1088556996e-11, 5.38378404358e-11, 4.69883507104e-11, 3.80291145796e-11, 1.49124740334e-11, 2.25401945372e-12, 1.76372555883e-12, 7.98542764031e-13, 4.39094507282e-13, 3.80034355764e-13, 2.27959605402e-13],
        "dvar2": [1.41280520438e-06, 7.8383309301e-06, 5.50311142433e-07, 8.56827227835e-07, 3.21047764373e-07, 4.1296721065e-07, 1.77944983193e-07, 1.03270366481e-07, 4.67638557211e-07, 7.38542155432e-07, 2.30839944493e-07, 4.59757742988e-08, 7.97888830562e-08, 7.4921171489e-09, 1.00963548633e-08, 2.53327092636e-09, 1.70733760463e-09, 1.72991387881e-09, 5.94696469847e-09, 4.87591345077e-09, 6.23937124189e-09, 1.25958332653e-09, 1.47437950737e-09, 6.1831245679e-10, 3.63332669506e-10, 3.29061972115e-10, 2.1293458663e-10, 9.1661261914e-11, 6.6397720655e-11, 1.24503379828e-10, 1.06426555069e-10, 9.83445616609e-11, 7.90854326471e-11, 3.67459257467e-11, 5.23593408214e-12, 4.7149081514e-12, 1.75193193286e-12, 9.65446906448e-13, 8.72240485134e-13, 4.66819345766e-13],
        "max": [0.0100234188139, 0.0235611852258, 0.00427221739665, 0.00686597125605, 0.00673241307959, 0.00841929297894, 0.00495554227382, 0.00459864642471, 0.0085353590548, 0.00725817028433, 0.00460848025978, 0.00542081799358, 0.00305508333258, 0.00094062811695, 0.00198427797295, 0.000942545419093, 0.000665642146487, 0.000260212022113, 0.000606758869253, 0.000778660003562, 0.000774544314481, 0.000394759175833, 0.000447487022029, 0.000135836904519, 0.000224881252507, 0.000171183317434, 0.000183406024007, 0.000128810410388, 0.000137405120768, 0.000151139014633, 0.000167688791407, 0.000147111903061, 0.000147199476487, 8.65626134328e-05, 3.44821964973e-05, 2.53281050391e-05, 9.97419647319e-06, 1.16470027933e-05, 9.57146676228e-06, 8.92106345418e-06],
        "mean": [0.00131083268207, 0.00178508379031, 0.000619308266323, 0.000568804505747, 0.000603158434387, 0.000567413284443, 0.000346073298715, 0.000355992553523, 0.00063521618722, 0.000696127885021, 0.000278508814517, 0.000163575110491, 0.000176621164428, 6.11016439507e-05, 7.782971079e-05, 4.77370340377e-05, 2.78551196971e-05, 4.37725720985e-05, 7.02076140442e-05, 6.67091226205e-05, 5.44814902241e-05, 4.3202930101e-05, 3.89426495531e-05, 2.45295213972e-05, 2.4008220862e-05, 2.29866018344e-05, 1.72628460859e-05, 1.06829156721e-05, 6.99140900906e-06, 6.85389159116e-06, 7.12572409611e-06, 6.56926567899e-06, 5.02749935549e-06, 3.12345378006e-06, 2.31508329307e-06, 1.93499658963e-06, 1.27465239075e-06, 9.68224412645e-07, 7.49045000248e-07, 5.36437994469e-07],
        "median": [0.000768176396377, 0.00150013086386, 0.000482121889945, 0.000399931217544, 0.000454769120552, 0.00039611099055, 0.000238263615756, 0.000177930895006, 0.000264409347437, 0.00019181110838, 7.1866059443e-05, 5.67448623769e-05, 4.30315012636e-05, 3.80171368306e-05, 4.31378975918e-05, 2.8960626878e-05, 1.77286419785e-05, 3.20932995237e-05, 5.24892493559e-05, 5.31865880475e-05, 3.2579380786e-05, 3.63147773896e-05, 2.9040445952e-05, 1.91036433534e-05, 1.96505479835e-05, 1.88264493772e-05, 1.38867344504e-05, 8.43432371767e-06, 4.88501609652e-06, 4.12946246797e-06, 3.90565855923e-06, 3.73381544705e-06, 2.60049660028e-06, 1.6157674736e-06, 1.41756652283e-06, 1.19023036405e-06, 8.83001007423e-07, 6.48345064747e-07, 3.74154097926e-07, 2.58617063764e-07],
        "min": [4.97830740187e-07, 2.69042334367e-06, 6.91281547915e-06, 1.51326930791e-05, 4.13565576309e-05, 1.09681695903e-05, 4.01447050535e-06, 5.88515331401e-06, 4.26850965596e-06, 3.85784369428e-06, 1.15832699521e-06, 2.34874710259e-06, 1.0040160987e-06, 8.44297858293e-07, 2.62115850092e-06, 1.09949587568e-06, 2.32550874557e-07, 2.88350207711e-07, 1.4362993852e-06, 2.39499354393e-06, 1.12606073799e-06, 2.16902776629e-06, 1.43444958667e-06, 1.09011079985e-06, 6.60039290779e-07, 5.33682793957e-07, 2.15027426975e-07, 2.72545349844e-07, 1.89373835724e-07, 1.31634607214e-07, 4.24763335616e-08, 4.21875938628e-08, 8.90891271865e-09, 1.52466004266e-08, 5.18838660923e-09, 3.69264796518e-09, 3.46310735644e-09, 1.4206985588e-09, 6.0780358524e-10, 6.03084970852e-10],
