{
"highlevel": {
    "danceability": {
        "all": {
            "danceable": 0.532826960087,
            "not_danceable": 0.467173010111
        },
        "probability": 0.532826960087,
        "value": "danceable"
    },
    "gender": {
        "all": {
            "female": 0.274359256029,
            "male": 0.725640714169
        },
        "probability": 0.725640714169,
        "value": "male"
    },
    "genre_dortmund": {
        "all": {
            "alternative": 0.0602787919343,
            "blues": 0.149355620146,
            "electronic": 0.00878202356398,
            "folkcountry": 0.0727024078369,
            "funksoulrnb": 0.00536597659811,
            "jazz": 0.0044334824197,
            "pop": 0.0358977466822,
            "raphiphop": 0.00223490456119,
            "rock": 0.66094905138
        },
        "probability": 0.66094905138,
        "value": "rock"
    },
    "genre_electronic": {
        "all": {
            "ambient": 0.484327912331,
            "dnb": 0.440826654434,
            "house": 0.0519430190325,
            "techno": 0.00451019965112,
            "trance": 0.0183922369033
        },
        "probability": 0.484327912331,
        "value": "ambient"
    },
    "genre_rosamerica": {
        "all": {
            "cla": 0.0591078624129,
            "dan": 0.00851137749851,
            "hip": 0.0169773455709,
            "jaz": 0.0168483126909,
            "pop": 0.0653177201748,
            "rhy": 0.062998816371,
            "roc": 0.765283703804,
            "spe": 0.00495487358421
        },
        "probability": 0.765283703804,
        "value": "roc"
    },
    "genre_tzanetakis": {
        "all": {
            "blu": 0.0626613423228,
            "cla": 0.0348169617355,
            "cou": 0.104475811124,
            "dis": 0.0784321576357,
            "hip": 0.15692435205,
            "jaz": 0.313974827528,
            "met": 0.0448166541755,
            "pop": 0.0627359300852,
            "reg": 0.0627360641956,
            "roc": 0.0784258767962
        },
        "probability": 0.313974827528,
        "value": "jaz"
    },
    "ismir04_rhythm": {
        "all": {
            "ChaChaCha": 0.0230689141899,
            "Jive": 0.679660320282,
            "Quickstep": 0.0870291143656,
            "Rumba-American": 0.00539782922715,
            "Rumba-International": 0.0144370123744,
            "Rumba-Misc": 0.00495471060276,
            "Samba": 0.0294064544141,
            "Tango": 0.00732817035168,
            "VienneseWaltz": 0.0967770144343,
            "Waltz": 0.051940433681
        },
        "probability": 0.679660320282,
        "value": "Jive"
    },
    "mood_acoustic": {
        "all": {
            "acoustic": 0.0143906548619,
            "not_acoustic": 0.985609352589
        },
        "probability": 0.985609352589,
        "value": "not_acoustic"
    },
    "mood_aggressive": {
        "all": {
            "aggressive": 0.888943076134,
            "not_aggressive": 0.111056908965
        },
        "probability": 0.888943076134,
        "value": "aggressive"
    },
    "mood_electronic": {
        "all": {
            "electronic": 0.0558463260531,
            "not_electronic": 0.944153666496
        },
        "probability": 0.944153666496,
        "value": "not_electronic"
    },
    "mood_happy": {
        "all": {
            "happy": 0.728771746159,
            "not_happy": 0.271228253841
        },
        "probability": 0.728771746159,
        "value": "happy"
    },
    "mood_party": {
        "all": {
            "not_party": 0.355901032686,
            "party": 0.644098997116
        },
        "probability": 0.644098997116,
        "value": "party"
    },
    "mood_relaxed": {
        "all": {
            "not_relaxed": 0.716909468174,
            "relaxed": 0.283090502024
        },
        "probability": 0.716909468174,
        "value": "not_relaxed"
    },
    "mood_sad": {
        "all": {
            "not_sad": 0.747678816319,
            "sad": 0.252321183681
        },
        "probability": 0.747678816319,
        "value": "not_sad"
    },
    "moods_mirex": {
        "all": {
            "Cluster1": 0.507812619209,
            "Cluster2": 0.258893966675,
            "Cluster3": 0.0694269835949,
            "Cluster4": 0.0499881245196,
            "Cluster5": 0.113878294826
        },
        "probability": 0.507812619209,
        "value": "Cluster1"
    },
    "timbre": {
        "all": {
            "bright": 0.968859374523,
            "dark": 0.031140614301
        },
        "probability": 0.968859374523,
        "value": "bright"
    },
    "tonal_atonal": {
        "all": {
            "atonal": 0.0170436538756,
            "tonal": 0.98295634985
        },
        "probability": 0.98295634985,
        "value": "tonal"
    },
    "voice_instrumental": {
        "all": {
            "instrumental": 0.00165756756905,
            "voice": 0.998342454433
        },
        "probability": 0.998342454433,
        "value": "voice"
    }
},
"lowlevel": {
    "average_loudness": 0.965365886688,
    "barkbands_crest": {
        "dmean": 2.84235191345,
        "dmean2": 4.91349697113,
        "dvar": 6.04824209213,
        "dvar2": 18.1884670258,
        "max": 21.6823406219,
        "mean": 8.47195720673,
        "median": 7.90437364578,
        "min": 2.83812141418,
        "var": 10.0466365814
    },
    "barkbands_flatness_db": {
        "dmean": 0.0187445133924,
        "dmean2": 0.0306877885014,
        "dvar": 0.000257218867773,
        "dvar2": 0.000640991784167,
        "max": 0.250667303801,
        "mean": 0.147682443261,
        "median": 0.144860595465,
        "min": 0.0643100813031,
        "var": 0.00125007180031
    },
    "barkbands_kurtosis": {
        "dmean": 1.05174160004,
        "dmean2": 1.76748967171,
        "dvar": 1.58046400547,
        "dvar2": 4.12590408325,
        "max": 13.9958705902,
        "mean": 0.226812660694,
        "median": -0.270496606827,
        "min": -1.88282811642,
        "var": 3.37264704704
    },
    "barkbands_skewness": {
        "dmean": 0.419375211,
        "dmean2": 0.699021577835,
        "dvar": 0.127933055162,
        "dvar2": 0.349924743176,
        "max": 3.75191450119,
        "mean": 0.933351516724,
        "median": 0.912075161934,
        "min": -1.58061182499,
        "var": 0.459794342518
    },
    "barkbands_spread": {
        "dmean": 5.18430709839,
        "dmean2": 8.38304138184,
        "dvar": 18.8700122833,
        "dvar2": 46.002243042,
        "max": 86.8623733521,
        "mean": 28.936044693,
        "median": 28.3726921082,
        "min": 6.40901947021,
        "var": 92.0996627808
    },
    "dissonance": {
        "dmean": 0.0118078421801,
        "dmean2": 0.0198465082794,
        "dvar": 0.000124749683891,
        "dvar2": 0.000343664549291,
        "max": 0.499653249979,
        "mean": 0.479758411646,
        "median": 0.483006387949,
        "min": 0.383392214775,
        "var": 0.000217053951928
    },
    "dynamic_complexity": 1.58463478088,
    "erbbands_crest": {
        "dmean": 2.98180198669,
        "dmean2": 5.03329896927,
        "dvar": 8.66296958923,
        "dvar2": 23.9269485474,
        "max": 29.6308670044,
        "mean": 9.19323444366,
        "median": 7.67797231674,
        "min": 3.00966668129,
        "var": 23.5098571777
    },
    "erbbands_flatness_db": {
        "dmean": 0.0170855671167,
        "dmean2": 0.0257615111768,
        "dvar": 0.000233291953919,
        "dvar2": 0.000553350138944,
        "max": 0.322836965322,
        "mean": 0.182999610901,
        "median": 0.178001567721,
        "min": 0.0925268679857,
        "var": 0.00143877253868
    },
    "erbbands_kurtosis": {
        "dmean": 1.07114577293,
        "dmean2": 1.78898823261,
        "dvar": 2.94097590446,
        "dvar2": 7.90678119659,
        "max": 20.2813434601,
        "mean": 0.606242954731,
        "median": -0.0928609371185,
        "min": -1.66614091396,
        "var": 5.33462953568
    },
    "erbbands_skewness": {
        "dmean": 0.362191736698,
        "dmean2": 0.585255205631,
        "dvar": 0.111441776156,
        "dvar2": 0.291930884123,
        "max": 1.7618470192,
        "mean": -0.606318533421,
        "median": -0.53595417738,
        "min": -4.00323200226,
        "var": 0.555802166462
    },
    "erbbands_spread": {
        "dmean": 5.89703559875,
        "dmean2": 9.60337257385,
        "dvar": 22.9787120819,
        "dvar2": 59.7963981628,
        "max": 78.763420105,
        "mean": 30.8172512054,
        "median": 30.4863109589,
        "min": 6.82711458206,
        "var": 86.6023635864
    },
    "hfc": {
        "dmean": 6.85084295273,
        "dmean2": 10.4161710739,
        "dvar": 88.8962936401,
        "dvar2": 212.881240845,
        "max": 120.433624268,
        "mean": 22.7887878418,
        "median": 17.1780033112,
        "min": 4.00949716568,
        "var": 285.134002686
    },
    "melbands_crest": {
        "dmean": 2.99497318268,
        "dmean2": 5.05521011353,
        "dvar": 5.88386297226,
        "dvar2": 17.6378879547,
        "max": 24.3298606873,
        "mean": 12.7175159454,
        "median": 12.3301830292,
        "min": 5.19556808472,
        "var": 13.7908058167
    },
    "melbands_flatness_db": {
        "dmean": 0.0229014158249,
        "dmean2": 0.036462854594,
        "dvar": 0.000424424099037,
        "dvar2": 0.00100747402757,
        "max": 0.346579402685,
        "mean": 0.20172944665,
        "median": 0.199670568109,
        "min": 0.0576111339033,
        "var": 0.00277329608798
    },
    "melbands_kurtosis": {
        "dmean": 3.19923830032,
        "dmean2": 5.39347314835,
        "dvar": 13.7509565353,
        "dvar2": 36.4085998535,
        "max": 45.2694206238,
        "mean": 5.20634937286,
        "median": 3.98883533478,
        "min": -1.6569609642,
        "var": 27.3063468933
    },
    "melbands_skewness": {
        "dmean": 0.569887399673,
        "dmean2": 0.949633538723,
        "dvar": 0.243653744459,
        "dvar2": 0.663689494133,
        "max": 6.21495914459,
        "mean": 2.11100101471,
        "median": 2.08452939987,
        "min": -0.464361637831,
        "var": 0.769293665886
    },
    "melbands_spread": {
        "dmean": 8.54861354828,
        "dmean2": 14.2299146652,
        "dvar": 76.9061508179,
        "dvar2": 202.517593384,
        "max": 126.174880981,
        "mean": 31.9278907776,
        "median": 28.558172226,
        "min": 4.70136022568,
        "var": 247.234390259
    },
    "pitch_salience": {
        "dmean": 0.0714352279902,
        "dmean2": 0.120303839445,
        "dvar": 0.00329121015966,
        "dvar2": 0.00930924434215,
        "max": 0.81770080328,
        "mean": 0.546388924122,
        "median": 0.54758810997,
        "min": 0.211289018393,
        "var": 0.00823569949716
    },
    "silence_rate_20dB": {
        "dmean": 0,
        "dmean2": 0,
        "dvar": 0,
        "dvar2": 0,
        "max": 1,
        "mean": 1,
        "median": 1,
        "min": 1,
        "var": 0
    },
    "silence_rate_30dB": {
        "dmean": 0,
        "dmean2": 0,
        "dvar": 0,
        "dvar2": 0,
        "max": 1,
        "mean": 1,
        "median": 1,
        "min": 1,
        "var": 0
    },
    "silence_rate_60dB": {
        "dmean": 0,
        "dmean2": 0,
        "dvar": 0,
        "dvar2": 0,
        "max": 0,
        "mean": 0,
        "median": 0,
        "min": 0,
        "var": 0
    },
    "spectral_centroid": {
        "dmean": 233.546432495,
        "dmean2": 375.277313232,
        "dvar": 37993.0351562,
        "dvar2": 93590.1953125,
        "max": 3777.60449219,
        "mean": 1630.23937988,
        "median": 1604.31896973,
        "min": 466.698730469,
        "var": 205598.828125
    },
    "spectral_complexity": {
        "dmean": 3.33281731606,
        "dmean2": 5.24864435196,
        "dvar": 8.38615131378,
        "dvar2": 18.513671875,
        "max": 49,
        "mean": 25.0494976044,
        "median": 25,
        "min": 12,
        "var": 32.9566078186
    },
    "spectral_decrease": {
        "dmean": 1.93700744333e-09,
        "dmean2": 3.11608983061e-09,
        "dvar": 4.30824324826e-18,
        "dvar2": 8.96660888875e-18,
        "max": -1.54253709805e-09,
        "mean": -6.6092313844e-09,
        "median": -5.91527760108e-09,
        "min": -2.1645579551e-08,
        "var": 9.44525033276e-18
    },
    "spectral_energy": {
        "dmean": 0.00774132134393,
        "dmean2": 0.0124113922939,
        "dvar": 6.81078527123e-05,
        "dvar2": 0.000140042699059,
        "max": 0.0864705219865,
        "mean": 0.0270117856562,
        "median": 0.0240582879633,
        "min": 0.00633442588151,
        "var": 0.000160411087563
    },
    "spectral_energyband_high": {
        "dmean": 0.000185724813491,
        "dmean2": 0.000253521517152,
        "dvar": 2.49416189035e-07,
        "dvar2": 4.76582897591e-07,
        "max": 0.013490460813,
        "mean": 0.00044849148253,
        "median": 0.000159142742632,
        "min": 2.2555684609e-06,
        "var": 6.67021026857e-07
    },
    "spectral_energyband_low": {
        "dmean": 0.00512487581,
        "dmean2": 0.00853891856968,
        "dvar": 4.24624340667e-05,
        "dvar2": 9.90473636193e-05,
        "max": 0.0675721690059,
        "mean": 0.0107547845691,
        "median": 0.00881217140704,
        "min": 0.000903130334336,
        "var": 6.43738239887e-05
    },
    "spectral_energyband_middle_high": {
        "dmean": 0.00285552116111,
        "dmean2": 0.0044685206376,
        "dvar": 1.63506465469e-05,
        "dvar2": 4.02995865443e-05,
        "max": 0.0486822240055,
        "mean": 0.00821774080396,
        "median": 0.00613844627514,
        "min": 0.000920247577596,
        "var": 4.46952471975e-05
    },
    "spectral_energyband_middle_low": {
        "dmean": 0.00315889902413,
        "dmean2": 0.0051117837429,
        "dvar": 1.4215266674e-05,
        "dvar2": 3.45594271494e-05,
        "max": 0.0451125204563,
        "mean": 0.00868193525821,
        "median": 0.00684786448255,
        "min": 0.00145580444951,
        "var": 3.70775887859e-05
    },
    "spectral_entropy": {
        "dmean": 0.117500886321,
        "dmean2": 0.177063986659,
        "dvar": 0.0112115778029,
        "dvar2": 0.0252065211535,
        "max": 8.50267410278,
        "mean": 7.46182727814,
        "median": 7.46913766861,
        "min": 6.38559055328,
        "var": 0.0662947967649
    },
    "spectral_flux": {
        "dmean": 0.0192075744271,
        "dmean2": 0.0301070939749,
        "dvar": 0.000384173676139,
        "dvar2": 0.000919251819141,
        "max": 0.227448493242,
        "mean": 0.0873078852892,
        "median": 0.0823779925704,
        "min": 0.0330861397088,
        "var": 0.000874201825354
    },
    "spectral_kurtosis": {
        "dmean": 2.65991830826,
        "dmean2": 4.72565078735,
        "dvar": 8.45230102539,
        "dvar2": 26.2052211761,
        "max": 26.183757782,
        "mean": 6.33764982224,
        "median": 5.45214939117,
        "min": -0.499465465546,
        "var": 13.0502767563
    },
    "spectral_rms": {
        "dmean": 0.00071748055052,
        "dmean2": 0.00115058803931,
        "dvar": 4.52522698424e-07,
        "dvar2": 9.31036993279e-07,
        "max": 0.00918485037982,
        "mean": 0.00500645069405,
        "median": 0.00484473956749,
        "min": 0.00248594605364,
        "var": 1.2884025864e-06
    },
    "spectral_rolloff": {
        "dmean": 414.196502686,
        "dmean2": 717.951904297,
        "dvar": 232086.71875,
        "dvar2": 529226.875,
        "max": 7665.8203125,
        "mean": 1723.18811035,
        "median": 1744.18945312,
        "min": 107.666015625,
        "var": 655183.25
    },
    "spectral_skewness": {
        "dmean": 0.275959581137,
        "dmean2": 0.471941590309,
        "dvar": 0.0713108256459,
        "dvar2": 0.221273496747,
        "max": 2.91258859634,
        "mean": 1.47669446468,
        "median": 1.4554425478,
        "min": 0.131036832929,
        "var": 0.126161962748
    },
    "spectral_spread": {
        "dmean": 325426.8125,
        "dmean2": 468908.125,
        "dvar": 296890433536,
        "dvar2": 406345547776,
        "max": 17721096,
        "mean": 2991728.75,
        "median": 2887207.25,
        "min": 1461395.375,
        "var": 878094909440
    },
    "spectral_strongpeak": {
        "dmean": 0.791417062283,
        "dmean2": 1.43427670002,
        "dvar": 3.41411280632,
        "dvar2": 9.88205337524,
        "max": 12.3736209869,
        "mean": 0.844492316246,
        "median": 0.240943580866,
        "min": 0.0210035871714,
        "var": 3.20765352249
    },
    "zerocrossingrate": {
        "dmean": 0.00678491732106,
        "dmean2": 0.00869488622993,
        "dvar": 4.81580937048e-05,
        "dvar2": 6.46055268589e-05,
        "max": 0.20947265625,
        "mean": 0.0569276288152,
        "median": 0.0546875,
        "min": 0.0185546875,
        "var": 0.000381985184504
    },
    "barkbands": {
        "dmean": [0.000106036917714, 0.00415915669873, 0.0017941868864, 0.00135723885614, 0.00124106567819, 0.000831112498417, 0.000337462639436, 0.000513924285769, 0.000817488064058, 0.000329313857947, 0.000311704730848, 0.000573027296923, 0.000579997431487, 0.000413127738284, 0.000412260793382, 0.000725846504793, 0.00109804002568, 0.000420100725023, 0.000240863708314, 0.00013234965445, 3.4073869756e-05, 5.39015309187e-05, 5.31558725925e-05, 2.22560174734e-05, 1.3484765077e-05, 3.22446248902e-06, 4.35691616119e-09],
        "dmean2": [0.000185074153706, 0.00718436762691, 0.00301053049043, 0.00232540233992, 0.00204647169448, 0.00132027280051, 0.00054088816978, 0.00081600836711, 0.00127013318706, 0.000526465650182, 0.000497706292663, 0.000880485284142, 0.000880948966369, 0.000662714242935, 0.000672534457408, 0.00119329488371, 0.00188433390576, 0.000696921080817, 0.000390253757359, 0.000200772134122, 5.37136293133e-05, 8.15105522634e-05, 7.16905633453e-05, 3.06666479446e-05, 1.8930510123e-05, 4.7292724048e-06, 5.34846344991e-09],
        "dvar": [3.25493978437e-08, 2.92203330901e-05, 1.122228241e-05, 3.15542433782e-06, 2.63397782874e-06, 1.11718770768e-06, 1.9657932171e-07, 2.05818196264e-06, 4.7909411478e-06, 3.14753805242e-07, 3.22599163383e-07, 3.70179782294e-06, 2.12251961784e-06, 7.379071576e-07, 5.67139068153e-07, 1.82348719591e-06, 6.94259551892e-06, 7.59781471515e-07, 1.47202214862e-07, 7.26116979877e-08, 3.86990528511e-09, 2.58491663629e-08, 6.32303169823e-08, 8.09945355229e-09, 2.03822514422e-09, 7.30992558151e-11, 6.67791415901e-15],
        "dvar2": [1.00834121497e-07, 7.64659707784e-05, 3.03333417833e-05, 8.17450290924e-06, 7.03557725501e-06, 2.70489772447e-06, 5.02137083913e-07, 4.51721552963e-06, 1.13695668915e-05, 7.54206155307e-07, 7.4558624874e-07, 8.88597969606e-06, 4.41007659902e-06, 1.5086577605e-06, 1.35122388656e-06, 4.42515738541e-06, 1.97236604436e-05, 2.09611994251e-06, 3.46533141737e-07, 1.40838011475e-07, 8.65489990787e-09, 6.15343580534e-08, 1.24938139834e-07, 1.45971057464e-08, 3.5381668706e-09, 1.48671061573e-10, 6.6822484266e-15],
        "max": [0.00158703315537, 0.0568195134401, 0.0356973409653, 0.0220718979836, 0.016764651984, 0.0118687245995, 0.00743481516838, 0.0314238853753, 0.0429971292615, 0.00774587411433, 0.00794916599989, 0.0396427884698, 0.032914608717, 0.0170866325498, 0.0173519849777, 0.0232781302184, 0.0380379706621, 0.0127528626472, 0.00754540413618, 0.00645706057549, 0.000968722335529, 0.00361063657328, 0.00815301854163, 0.00278734252788, 0.0013608506415, 0.000168447237229, 2.21563277591e-06],
        "mean": [0.000132628891151, 0.00640103965998, 0.00316458498128, 0.00198592641391, 0.00225431099534, 0.00152542802971, 0.000680934579577, 0.000913289084565, 0.00127941987012, 0.000531994388439, 0.000501944392454, 0.000904436921701, 0.000873235869221, 0.000651710433885, 0.000645855616312, 0.00112749089021, 0.00172209902667, 0.000660440418869, 0.000477181194583, 0.000229299941566, 6.79620497976e-05, 0.000109871551103, 9.67844680417e-05, 4.35556030425e-05, 2.49941713264e-05, 5.38754102308e-06, 4.13241396657e-09],
        "median": [7.68696772866e-05, 0.00504936417565, 0.00189675297588, 0.00129952188581, 0.00161844224203, 0.00108798313886, 0.000513962178957, 0.000369416375179, 0.000513997860253, 0.000281461398117, 0.000207122313441, 0.000359687051969, 0.000378398690373, 0.000375839939807, 0.000401904835599, 0.000626062159427, 0.00081850058632, 0.000346951012034, 0.000259591732174, 0.000101748439192, 3.50718473783e-05, 1.7501623006e-05, 1.39611029226e-05, 7.45972465666e-06, 5.0799494602e-06, 1.25091503378e-06, 3.89294374514e-10],
        "min": [2.62169965737e-08, 6.04103552178e-05, 4.91033870276e-06, 2.86644444714e-06, 7.42541742511e-05, 3.88444204873e-05, 1.41936179716e-05, 5.74167188461e-06, 1.13219884952e-05, 1.11822664621e-05, 3.18626734952e-06, 2.5420649763e-05, 2.94245255645e-05, 1.71998708538e-05, 2.84714042209e-05, 4.05054379371e-05, 5.26408803125e-05, 1.53324363055e-05, 9.76655792329e-06, 3.11384292218e-06, 8.37149570998e-07, 7.82445539471e-08, 3.08204057831e-08, 1.67220761682e-08, 2.31461139144e-09, 1.18599045515e-11, 9.52701979806e-12],
        "var": [3.39615553457e-08, 3.28766946041e-05, 1.38858758874e-05, 5.07363165525e-06, 4.45237037638e-06, 2.02264277505e-06, 4.25897269452e-07, 6.6420989242e-06, 9.50821322476e-06, 5.82258621762e-07, 7.34683453629e-07, 6.8135186666e-06, 4.19897696702e-06, 1.54354938786e-06, 8.43239320147e-07, 3.10759287458e-06, 8.44929490995e-06, 1.03525167106e-06, 3.88457522149e-07, 2.26384983648e-07, 8.04237920704e-09, 5.77678171965e-08, 1.21045644619e-07, 1.79789694243e-08, 4.91860907559e-09, 1.6273492276e-10, 6.67891619899e-15]
    },
    "erbbands": {
        "dmean": [0.107989855111, 0.984294950962, 1.9024797678, 3.36464643478, 3.43170976639, 4.4416718483, 8.41970825195, 5.53657484055, 4.11657094955, 7.4608836174, 13.4498310089, 23.0315608978, 6.80659246445, 9.94623279572, 14.1783885956, 24.7652835846, 30.242307663, 17.3011131287, 24.9100570679, 20.2549743652, 43.3946266174, 68.2689285278, 17.5630016327, 17.6741752625, 11.4785966873, 7.2661986351, 2.11220645905, 1.30103349686, 1.75082290173, 1.61169755459, 1.54154634476, 0.725038766861, 0.266817927361, 0.190586596727, 0.0761912539601, 0.0213069356978, 0.00511680683121, 0.000409939006204, 1.12781053758e-05, 9.27391647565e-06],
        "dmean2": [0.193642407656, 1.67648434639, 3.09977936745, 5.74041032791, 5.90957784653, 7.20513868332, 13.9336452484, 8.43149852753, 6.71103143692, 11.9530715942, 21.1848201752, 35.7176780701, 10.6675596237, 15.9273443222, 22.4836978912, 37.659450531, 45.6275177002, 27.7263412476, 40.5603485107, 32.6920776367, 74.3046340942, 117.950065613, 28.7244358063, 29.887424469, 17.8927116394, 11.0980901718, 3.3189406395, 2.0218205452, 2.70535135269, 2.27157378197, 2.13454079628, 1.00710499287, 0.39512988925, 0.277866482735, 0.107472166419, 0.0310723315924, 0.00758159859106, 0.000622696301434, 1.62945561897e-05, 1.46574038808e-05],
        "dvar": [0.0216776020825, 1.59256875515, 10.4966955185, 20.8529548645, 26.2388401031, 31.1025180817, 122.52217865, 59.6934738159, 35.4241638184, 195.311141968, 1454.6920166, 4368.55712891, 182.259796143, 199.386962891, 637.396118164, 8056.31591797, 5998.41162109, 1305.19372559, 1596.08093262, 2183.32470703, 6788.2734375, 33621.2773438, 934.116760254, 1245.59191895, 535.412658691, 190.081817627, 15.6857070923, 9.09880924225, 26.1788158417, 62.617931366, 39.3547401428, 13.4381322861, 0.658249080181, 0.440932005644, 0.0676231533289, 0.00417345762253, 0.000145839541801, 1.26590043692e-06, 5.73734115772e-10, 9.80104747361e-11],
        "dvar2": [0.060712043196, 4.04587030411, 27.3932571411, 54.6471672058, 75.8651504517, 81.1193695068, 344.18069458, 135.614608765, 90.8377380371, 467.739105225, 3187.50048828, 10179.5263672, 440.727935791, 483.94152832, 1363.17956543, 18948.9238281, 12769.1777344, 2534.33813477, 3572.8918457, 3892.16772461, 17995.4296875, 96148.0078125, 2429.0300293, 3723.4609375, 1274.59521484, 399.717834473, 36.4867401123, 23.0064258575, 58.8758430481, 150.113388062, 73.4124145508, 22.2881526947, 1.15074908733, 0.843796730042, 0.115982845426, 0.00804671552032, 0.000319035752909, 2.975687039e-06, 1.03787167749e-09, 1.97110064382e-10],
        "max": [1.69190597534, 13.0481204987, 31.8744411469, 49.5276756287, 62.0840339661, 62.0925636292, 124.731391907, 81.1584091187, 82.2082901001, 282.793457031, 867.627441406, 1350.6237793, 229.410751343, 243.981369019, 361.704284668, 1813.62854004, 1809.28344727, 977.405700684, 661.981933594, 1464.80358887, 1398.90454102, 2665.46313477, 521.861083984, 412.85269165, 534.619384766, 286.253631592, 55.8998031616, 58.2300415039, 104.346801758, 181.469100952, 200.932235718, 124.364692688, 18.226518631, 17.1334705353, 8.16296005249, 1.5050265789, 0.258765816689, 0.0277098491788, 0.00046763010323, 0.000113310597953],
        "mean": [0.169556424022, 1.49665975571, 3.7538254261, 5.28813695908, 5.72197294235, 8.01276302338, 13.6206712723, 10.9646024704, 8.34540748596, 13.3579244614, 24.1835918427, 35.7295608521, 12.4858121872, 18.4760379791, 26.1880321503, 39.9226264954, 47.1343231201, 30.1331501007, 41.2870254517, 38.6721763611, 72.4802703857, 102.388908386, 34.0227050781, 30.6981010437, 22.6631546021, 12.8156633377, 4.06902456284, 2.83625197411, 3.52535128593, 2.94147872925, 2.96543693542, 1.39644181728, 0.513718426228, 0.339066058397, 0.1394456774, 0.0360936336219, 0.00810743309557, 0.000580099062063, 2.90146344923e-05, 3.36631710525e-05],
        "median": [0.119262076914, 1.17159080505, 2.50660085678, 3.9122273922, 3.65001392365, 5.58971881866, 9.28171157837, 7.32919788361, 5.99849033356, 8.70515346527, 9.32609558105, 13.6203765869, 7.29234457016, 11.2915830612, 12.5464582443, 16.6924858093, 21.0177001953, 17.8958854675, 26.333442688, 21.8292503357, 42.8187828064, 44.4936294556, 21.7348804474, 17.9136638641, 10.309091568, 5.69896316528, 2.0419511795, 1.04924488068, 0.624685049057, 0.466888427734, 0.373344093561, 0.210035771132, 0.0988932326436, 0.0642123818398, 0.0278086867183, 0.00762597983703, 0.00201036920771, 0.00012709130533, 1.7385740648e-05, 2.96040743706e-05],
        "min": [0.00185069197323, 0.0150912534446, 0.136293515563, 0.179874405265, 0.127864643931, 0.36368432641, 0.367685109377, 0.374169051647, 0.205058038235, 0.227056726813, 0.364540070295, 0.36433878541, 0.557302951813, 0.948955774307, 0.761839210987, 1.71424806118, 1.63749468327, 1.0287245512, 1.47920835018, 2.04124164581, 4.89469003677, 2.76220107079, 1.23105227947, 0.83417570591, 0.396383434534, 0.185008198023, 0.0662459805608, 0.0186277665198, 0.00424879556522, 0.00222624815069, 0.000744611024857, 0.000761977513321, 0.000336523808073, 7.44737262721e-05, 2.039975152e-05, 1.44755995279e-05, 8.75147270563e-06, 1.56053579303e-06, 4.16752436649e-06, 8.90342380444e-06],
        "var": [0.0275299269706, 1.82761120796, 14.3411397934, 24.9794769287, 38.3492431641, 59.9480247498, 191.440673828, 121.902603149, 64.1413192749, 285.942962646, 4919.82324219, 8372.86230469, 309.465667725, 457.167572021, 1628.9777832, 13130.1376953, 11328.2646484, 3027.4206543, 3053.9753418, 8657.51074219, 9002.17285156, 37540.4375, 1634.04992676, 1668.96960449, 1314.6015625, 540.850402832, 30.3205623627, 23.0987262726, 59.633556366, 84.5928726196, 97.3691253662, 28.0915622711, 1.63929855824, 1.04549503326, 0.149522185326, 0.008390750736, 0.000335241958965, 2.50630546361e-06, 1.37849365256e-09, 2.8193927748e-10]
    },
    "gfcc": {
        "mean": [4.39187860489, 129.178588867, -144.221206665, 44.681438446, -33.3453292847, 10.6752061844, -36.8411903381, 12.0348863602, -17.6893787384, -3.04731011391, -8.87936401367, -1.51558530331, -7.37412691116],
        "cov": [[1807.46728516, -1252.68530273, 168.54586792, 152.24710083, -573.131835938, 443.995300293, -171.204727173, 144.974700928, -141.345184326, 53.547618866, -138.721939087, 44.6669311523, -192.080169678], [-1252.68530273, 1134.73339844, -195.089569092, -100.246513367, 474.883575439, -439.62020874, 198.753570557, -136.009841919, 109.873176575, -71.7877044678, 140.992202759, -42.8888092041, 150.260223389], [168.54586792, -195.089569092, 234.628585815, -21.9719524384, -97.3630599976, 89.7166366577, -89.8495941162, 49.2352409363, -28.1360015869, 64.9754867554, -52.5549545288, 7.61216402054, -34.0292510986], [152.24710083, -100.246513367, -21.9719524384, 161.326889038, -21.1658611298, 34.53540802, -12.1048707962, -23.6875534058, 23.6104316711, -31.3015003204, 12.4080305099, 15.7009630203, 20.9244003296], [-573.131835938, 474.883575439, -97.3630599976, -21.1658611298, 448.899536133, -227.016693115, 109.945976257, -21.2197952271, 10.4596376419, -0.538441538811, 53.9137840271, 34.4687309265, 55.8241386414], [443.995300293, -439.62020874, 89.7166366577, 34.53540802, -227.016693115, 273.409118652, -66.2442398071, 41.0569839478, -27.2401561737, 4.03527259827, -40.1431503296, -4.8301153183, -53.1120796204], [-171.204727173, 198.753570557, -89.8495941162, -12.1048707962, 109.945976257, -66.2442398071, 153.444625854, -3.05345129967, 4.15486049652, -24.0267429352, 36.8220252991, 9.05278301239, 8.41806221008], [144.974700928, -136.009841919, 49.2352409363, -23.6875534058, -21.2197952271, 41.0569839478, -3.05345129967, 103.099205017, -13.4379673004, 27.1067256927, -21.1659145355, 6.94691133499, -23.1842250824], [-141.345184326, 109.873176575, -28.1360015869, 23.6104316711, 10.4596376419, -27.2401561737, 4.15486049652, -13.4379673004, 93.8531112671, -11.7402858734, 14.8942136765, -6.08550834656, 27.1510639191], [53.547618866, -71.7877044678, 64.9754867554, -31.3015003204, -0.538441538811, 4.03527259827, -24.0267429352, 27.1067256927, -11.7402858734, 94.1964797974, -13.9414291382, 4.80635356903, -20.4278507233], [-138.721939087, 140.992202759, -52.5549545288, 12.4080305099, 53.9137840271, -40.1431503296, 36.8220252991, -21.1659145355, 14.8942136765, -13.9414291382, 80.5216751099, 6.20460128784, 25.8000774384], [44.6669311523, -42.8888092041, 7.61216402054, 15.7009630203, 34.4687309265, -4.8301153183, 9.05278301239, 6.94691133499, -6.08550834656, 4.80635356903, 6.20460128784, 83.8375778198, 8.02072143555], [-192.080169678, 150.260223389, -34.0292510986, 20.9244003296, 55.8241386414, -53.1120796204, 8.41806221008, -23.1842250824, 27.1510639191, -20.4278507233, 25.8000774384, 8.02072143555, 80.4336471558]],
        "icov": [[0.00318760983646, 0.00307691493072, 0.000316344376188, -0.00171729375143, 0.00153173552826, 0.00154005200602, -0.000834163452964, -0.000780024565756, 0.00141994364094, 0.000271938479273, -0.000336129043717, -0.000295506935799, 0.00198805844411], [0.00307691493072, 0.0187670160085, -0.00685043493286, 0.00889013055712, -0.00527950003743, 0.0138430418447, -0.0102373808622, 0.0105809476227, -0.00919270329177, 0.00892502069473, -0.0103934928775, 0.0105033256114, -0.00833969097584], [0.000316344376188, -0.00685043493286, 0.0110874455422, -0.00444765063003, 0.00337582011707, -0.00661529786885, 0.00717988610268, -0.00677787931636, 0.00565322302282, -0.00746090011671, 0.00645059440285, -0.00591867603362, 0.00470242556185], [-0.00171729375143, 0.00889013055712, -0.00444765063003, 0.0158317964524, -0.00556251918897, 0.00554491998628, -0.00492531107739, 0.00933243520558, -0.00945487245917, 0.00735815148801, -0.00713553465903, 0.00556560233235, -0.00918747205287], [0.00153173552826, -0.00527950003743, 0.00337582011707, -0.00556251918897, 0.0081330537796, -0.00137335364707, 0.00195428915322, -0.00570215843618, 0.0059372112155, -0.00430567748845, 0.00365123059601, -0.00594891002402, 0.00432064570487], [0.00154005200602, 0.0138430418447, -0.00661529786885, 0.00554491998628, -0.00137335364707, 0.0182173717767, -0.00748709449545, 0.006556738168, -0.00637626694515, 0.00807110685855, -0.00811569951475, 0.00783162564039, -0.00474361469969], [-0.000834163452964, -0.0102373808622, 0.00717988610268, -0.00492531107739, 0.00195428915322, -0.00748709449545, 0.0162516236305, -0.00831555202603, 0.00611686799675, -0.00373736768961, 0.00361472833902, -0.00715863052756, 0.00759399821982], [-0.000780024565756, 0.0105809476227, -0.00677787931636, 0.00933243520558, -0.00570215843618, 0.006556738168, -0.00831555202603, 0.0208087041974, -0.00824135541916, 0.00419318722561, -0.00545244012028, 0.00681243883446, -0.00685282843187], [0.00141994364094, -0.00919270329177, 0.00565322302282, -0.00945487245917, 0.0059372112155, -0.00637626694515, 0.00611686799675, -0.00824135541916, 0.020324325189, -0.00595207652077, 0.00582717359066, -0.00602618604898, 0.00442815432325], [0.000271938479273, 0.00892502069473, -0.00746090011671, 0.00735815148801, -0.00430567748845, 0.00807110685855, -0.00373736768961, 0.00419318722561, -0.00595207652077, 0.0198004413396, -0.00648945989087, 0.00517084589228, -0.00257285241969], [-0.000336129043717, -0.0103934928775, 0.00645059440285, -0.00713553465903, 0.00365123059601, -0.00811569951475, 0.00361472833902, -0.00545244012028, 0.00582717359066, -0.00648945989087, 0.0231688674539, -0.00750671047717, 0.00305771850981], [-0.000295506935799, 0.0105033256114, -0.00591867603362, 0.00556560233235, -0.00594891002402, 0.00783162564039, -0.00715863052756, 0.00681243883446, -0.00602618604898, 0.00517084589228, -0.00750671047717, 0.0207011178136, -0.00857509300113], [0.00198805844411, -0.00833969097584, 0.00470242556185, -0.00918747205287, 0.00432064570487, -0.00474361469969, 0.00759399821982, -0.00685282843187, 0.00442815432325, -0.00257285241969, 0.00305771850981, -0.00857509300113, 0.0259643960744]]
    },
    "melbands": {
        "dmean": [0.00109729415271, 0.000993325258605, 0.000565914844628, 0.000265328009846, 0.000264130212599, 0.000129137653857, 6.31710863672e-05, 8.5184481577e-05, 0.00012244284153, 0.000130451982841, 3.39391190209e-05, 4.3766660383e-05, 5.09280980623e-05, 5.67631468584e-05, 6.79233417031e-05, 5.81073763897e-05, 3.13331729558e-05, 4.27769009548e-05, 2.47760199272e-05, 3.19123500958e-05, 5.92461510678e-05, 8.33075391711e-05, 2.66219103651e-05, 2.00861122721e-05, 1.47583541548e-05, 1.02141011666e-05, 6.51469963486e-06, 4.78856964037e-06, 1.32102559292e-06, 8.51705578953e-07, 9.74329282144e-07, 1.20262768633e-06, 8.55538814903e-07, 9.8361124401e-07, 9.41809162214e-07, 6.99536940374e-07, 4.12284236972e-07, 2.22664581884e-07, 1.43313130252e-07, 1.78063402245e-07],
        "dmean2": [0.0019371858798, 0.00159918959253, 0.000969854649156, 0.000436511269072, 0.000435614987509, 0.000199269634322, 0.000102304496977, 0.000133060282678, 0.000193095082068, 0.000201738730539, 5.40819928574e-05, 6.99119846104e-05, 8.13336955616e-05, 8.69907817105e-05, 0.000105284110759, 8.98391444935e-05, 5.06839387526e-05, 6.90468586981e-05, 4.09041604144e-05, 5.04859599459e-05, 0.000100556877442, 0.000144091187394, 4.41052470705e-05, 3.47250825143e-05, 2.51887795457e-05, 1.65690889844e-05, 9.94786569208e-06, 7.47606100049e-06, 2.09788800021e-06, 1.35649759159e-06, 1.57351655616e-06, 1.91887170331e-06, 1.22688652482e-06, 1.41930252084e-06, 1.38247037285e-06, 1.02083436104e-06, 6.03974172009e-07, 3.3748807482e-07, 2.16999353597e-07, 2.60072397396e-07],
        "dvar": [2.03472040994e-06, 2.0422153284e-06, 5.68891266539e-07, 1.40433556339e-07, 1.13266452217e-07, 3.09873513515e-08, 7.79392372863e-09, 3.17223012303e-08, 1.12120481788e-07, 1.47812357909e-07, 4.94750773683e-09, 4.12190237498e-09, 8.64720739457e-09, 3.02737426239e-08, 4.11787155485e-08, 2.18166782417e-08, 4.7370818379e-09, 5.61657564901e-09, 2.02001992911e-09, 4.1383763083e-09, 1.14326139666e-08, 4.97226437801e-08, 3.06228087332e-09, 2.06847805551e-09, 8.59300131051e-10, 2.78479850291e-10, 2.16418188925e-10, 7.91784693366e-11, 6.99483136343e-12, 2.1811437205e-12, 6.95315680033e-12, 1.18948149941e-11, 1.03881070412e-11, 2.80199717595e-11, 1.52332643027e-11, 1.34950210728e-11, 4.02471328834e-12, 5.78353987965e-13, 1.47173221418e-13, 4.27155896375e-13],
        "dvar2": [5.52612118554e-06, 4.86207136419e-06, 1.51407914473e-06, 3.69382945564e-07, 3.18529657761e-07, 7.14254539957e-08, 1.99890823893e-08, 7.18342434425e-08, 2.4478896421e-07, 3.42469633097e-07, 1.19156924328e-08, 9.94341409211e-09, 1.97142302483e-08, 7.107936284e-08, 9.44086337995e-08, 4.57556978972e-08, 9.24775189759e-09, 1.21148273635e-08, 4.64009541901e-09, 7.54006457271e-09, 3.01935649816e-08, 1.42338492992e-07, 8.0057143137e-09, 5.70529756772e-09, 2.60732124779e-09, 6.4241467701e-10, 4.33354574447e-10, 1.78349293667e-10, 1.66203960317e-11, 4.98073240637e-12, 1.884730913e-11, 2.97902987001e-11, 2.26992070973e-11, 6.7746114274e-11, 3.21313496643e-11, 2.12277816852e-11, 8.46341139532e-12, 1.034072784e-12, 3.15978661422e-13, 7.96600090579e-13],
        "max": [0.0149985551834, 0.0133640142158, 0.00748463068157, 0.00413809716702, 0.00372818857431, 0.00175295351073, 0.00138837005943, 0.00434445915744, 0.00689300335944, 0.00799071788788, 0.00121777225286, 0.00104862556327, 0.0013091545552, 0.00462591182441, 0.0040322332643, 0.003323180601, 0.00168547732756, 0.00145788979717, 0.00118519517127, 0.00202112342231, 0.00171518477146, 0.00317405676469, 0.000997024471872, 0.000706088496372, 0.000365105312085, 0.000294421042781, 0.000329800270265, 0.000164955825312, 4.46253943664e-05, 2.24068789976e-05, 4.55529188912e-05, 5.65611226193e-05, 8.66507471073e-05, 0.000133116933284, 0.000116511437227, 0.000118527757877, 6.23855376034e-05, 1.81736995728e-05, 8.54828613228e-06, 1.75773366209e-05],
        "mean": [0.00167262309697, 0.00199725455604, 0.000944848754443, 0.000487642741064, 0.000458244147012, 0.000250240409514, 0.000129426407511, 0.000150991720147, 0.000217014588998, 0.00019895141304, 5.69267212995e-05, 7.5788499089e-05, 8.49367352203e-05, 9.81309349299e-05, 0.000102597077785, 8.90023293323e-05, 4.96068932989e-05, 6.76711642882e-05, 4.46896629001e-05, 5.27374904777e-05, 9.23440311453e-05, 0.000118885865959, 4.41333359049e-05, 2.97126280202e-05, 2.42328951572e-05, 1.8684175302e-05, 1.21147504615e-05, 7.51470633986e-06, 2.30284808822e-06, 1.62265507697e-06, 1.84648479262e-06, 2.2035458187e-06, 1.72640397977e-06, 1.5607390651e-06, 1.74549893472e-06, 1.26701286263e-06, 7.17589273336e-07, 3.76618004339e-07, 2.56899767237e-07, 2.94944811685e-07],
        "median": [0.00131524109747, 0.00149937428068, 0.000709971704055, 0.000322133419104, 0.000323462969391, 0.00016867366503, 9.4495160738e-05, 9.70788678387e-05, 8.27429248602e-05, 7.60112452554e-05, 3.2749845559e-05, 4.57425121567e-05, 3.59762343578e-05, 3.88378466596e-05, 4.51319465355e-05, 4.28324310633e-05, 2.8306771128e-05, 4.20243450208e-05, 2.73901932815e-05, 3.01735290122e-05, 5.06826145283e-05, 4.90388374601e-05, 2.31810045079e-05, 1.6304975361e-05, 1.35565915116e-05, 9.3071930678e-06, 4.43434100816e-06, 3.14705266646e-06, 9.76941123554e-07, 8.95853247584e-07, 4.32481442658e-07, 3.30797973902e-07, 2.74707758763e-07, 2.27759770155e-07, 2.09154663366e-07, 1.67515949556e-07, 1.05972553399e-07, 6.20074231961e-08, 5.52504140217e-08, 4.74554937568e-08],
        "min": [1.72073541762e-05, 3.25885048369e-05, 4.03532903874e-05, 1.7754300643e-05, 1.58813509188e-05, 6.67686435918e-06, 2.80216227111e-06, 1.42866292663e-06, 2.10827238334e-06, 1.89020602193e-06, 1.39792155096e-06, 2.99847374663e-06, 1.09746292765e-06, 2.32844308812e-06, 3.54908115696e-06, 2.28497196986e-06, 8.73201031482e-07, 2.26845850193e-06, 2.01899206331e-06, 2.7236940241e-06, 4.65701896246e-06, 3.07263189825e-06, 8.54239544879e-07, 8.14835573237e-07, 5.85431848776e-07, 2.87760997253e-07, 1.12203309754e-07, 1.06956306922e-07, 1.50845593794e-08, 1.95091711674e-08, 2.75356848434e-09, 1.99180338889e-09, 9.26027809989e-10, 1.02387187617e-09, 4.57177129487e-10, 2.45757580952e-10, 3.5616751215e-10, 1.60364749258e-10, 1.16561996166e-10, 9.24030296723e-12],
