{
"highlevel": {
    "danceability": {
        "all": {
            "danceable": 0.06954652071,
            "not_danceable": 0.93045347929
        },
        "probability": 0.93045347929,
        "value": "not_danceable"
    },
    "gender": {
        "all": {
            "female": 0.664975523949,
            "male": 0.335024505854
        },
        "probability": 0.664975523949,
        "value": "female"
    },
    "genre_dortmund": {
        "all": {
            "alternative": 0.102116450667,
            "blues": 0.0517748445272,
            "electronic": 0.0205505061895,
            "folkcountry": 0.478590011597,
            "funksoulrnb": 0.00531490100548,
            "jazz": 0.148264795542,
            "pop": 0.112627185881,
            "raphiphop": 0.0300799049437,
            "rock": 0.0506814047694
        },
        "probability": 0.478590011597,
        "value": "folkcountry"
    },
    "genre_electronic": {
        "all": {
            "ambient": 0.741975843906,
            "dnb": 0.0295344255865,
            "house": 0.151724055409,
            "techno": 0.0547102205455,
            "trance": 0.0220554862171
        },
        "probability": 0.741975843906,
        "value": "ambient"
    },
    "genre_rosamerica": {
        "all": {
            "cla": 0.104588605464,
            "dan": 0.00235009449534,
            "hip": 0.0150546720251,
            "jaz": 0.665728390217,
            "pop": 0.0167876202613,
            "rhy": 0.157819896936,
            "roc": 0.00225596618839,
            "spe": 0.0354147776961
        },
        "probability": 0.665728390217,
        "value": "jaz"
    },
    "genre_tzanetakis": {
        "all": {
            "blu": 0.063729993999,
            "cla": 0.114647626877,
            "cou": 0.0613462366164,
            "dis": 0.0435907877982,
            "hip": 0.0423394814134,
            "jaz": 0.149384975433,
            "met": 0.0514925383031,
            "pop": 0.0999937132001,
            "reg": 0.0748343467712,
            "roc": 0.298640310764
        },
        "probability": 0.298640310764,
        "value": "roc"
    },
    "ismir04_rhythm": {
        "all": {
            "ChaChaCha": 0.0201491042972,
            "Jive": 0.00300052319653,
            "Quickstep": 0.02422016114,
            "Rumba-American": 0.0268664862961,
            "Rumba-International": 0.0549414344132,
            "Rumba-Misc": 0.0443632528186,
            "Samba": 0.0210002288222,
            "Tango": 0.451613277197,
            "VienneseWaltz": 0.0398263223469,
            "Waltz": 0.314019232988
        },
        "probability": 0.451613277197,
        "value": "Tango"
    },
    "mood_acoustic": {
        "all": {
            "acoustic": 0.992556214333,
            "not_acoustic": 0.00744376890361
        },
        "probability": 0.992556214333,
        "value": "acoustic"
    },
    "mood_aggressive": {
        "all": {
            "aggressive": 0.0513083487749,
            "not_aggressive": 0.948691666126
        },
        "probability": 0.948691666126,
        "value": "not_aggressive"
    },
    "mood_electronic": {
        "all": {
            "electronic": 0.134355470538,
            "not_electronic": 0.865644514561
        },
        "probability": 0.865644514561,
        "value": "not_electronic"
    },
    "mood_happy": {
        "all": {
            "happy": 0.129738509655,
            "not_happy": 0.870261490345
        },
        "probability": 0.870261490345,
        "value": "not_happy"
    },
    "mood_party": {
        "all": {
            "not_party": 0.965998053551,
            "party": 0.0340019240975
        },
        "probability": 0.965998053551,
        "value": "not_party"
    },
    "mood_relaxed": {
        "all": {
            "not_relaxed": 0.00252331746742,
            "relaxed": 0.997476696968
        },
        "probability": 0.997476696968,
        "value": "relaxed"
    },
    "mood_sad": {
        "all": {
            "not_sad": 0.0462634451687,
            "sad": 0.953736543655
        },
        "probability": 0.953736543655,
        "value": "sad"
    },
    "moods_mirex": {
        "all": {
            "Cluster1": 0.178717404604,
            "Cluster2": 0.187071070075,
            "Cluster3": 0.510052800179,
            "Cluster4": 0.114311695099,
            "Cluster5": 0.00984704680741
        },
        "probability": 0.510052800179,
        "value": "Cluster3"
    },
    "timbre": {
        "all": {
            "bright": 0.090662881732,
            "dark": 0.909337103367
        },
        "probability": 0.909337103367,
        "value": "dark"
    },
    "tonal_atonal": {
        "all": {
            "atonal": 0.0219947807491,
            "tonal": 0.978005230427
        },
        "probability": 0.978005230427,
        "value": "tonal"
    },
    "voice_instrumental": {
        "all": {
            "instrumental": 0.00720285717398,
            "voice": 0.992797136307
        },
        "probability": 0.992797136307,
        "value": "voice"
    }
},
"lowlevel": {
    "average_loudness": 0.760075330734,
    "barkbands_crest": {
        "dmean": 2.24473237991,
        "dmean2": 3.68293952942,
        "dvar": 4.26093912125,
        "dvar2": 10.6458015442,
        "max": 25.6328258514,
        "mean": 13.914059639,
        "median": 13.6816358566,
        "min": 4.05642366409,
        "var": 21.2311611176
    },
    "barkbands_flatness_db": {
        "dmean": 0.022480417043,
        "dmean2": 0.0348312631249,
        "dvar": 0.000525723968167,
        "dvar2": 0.00112089677714,
        "max": 0.503901839256,
        "mean": 0.302360773087,
        "median": 0.294846475124,
        "min": 0.0838179662824,
        "var": 0.0087033379823
    },
    "barkbands_kurtosis": {
        "dmean": 5.46291732788,
        "dmean2": 9.00931358337,
        "dvar": 70.1945114136,
        "dvar2": 195.500640869,
        "max": 160.775466919,
        "mean": 16.5202102661,
        "median": 9.03657436371,
        "min": -1.87150704861,
        "var": 367.972167969
    },
    "barkbands_skewness": {
        "dmean": 0.584333777428,
        "dmean2": 0.910087525845,
        "dvar": 0.365279793739,
        "dvar2": 0.851778864861,
        "max": 9.02384471893,
        "mean": 2.33622550964,
        "median": 2.11851549149,
        "min": -2.46229958534,
        "var": 4.01069116592
    },
    "barkbands_spread": {
        "dmean": 2.41197180748,
        "dmean2": 3.57760834694,
        "dvar": 35.1702957153,
        "dvar2": 61.0374183655,
        "max": 95.9011459351,
        "mean": 7.90697288513,
        "median": 4.30865907669,
        "min": 0.266620874405,
        "var": 172.367279053
    },
    "dissonance": {
        "dmean": 0.0372547991574,
        "dmean2": 0.0624390169978,
        "dvar": 0.00110999040771,
        "dvar2": 0.00304895965382,
        "max": 0.499957591295,
        "mean": 0.408212006092,
        "median": 0.422969073057,
        "min": 0.172585219145,
        "var": 0.00347184808925
    },
    "dynamic_complexity": 7.5450258255,
    "erbbands_crest": {
        "dmean": 2.88452076912,
        "dmean2": 4.64878511429,
        "dvar": 8.25606155396,
        "dvar2": 20.0020389557,
        "max": 31.0128326416,
        "mean": 13.5027837753,
        "median": 12.3817605972,
        "min": 3.80655217171,
        "var": 30.347202301
    },
    "erbbands_flatness_db": {
        "dmean": 0.019805893302,
        "dmean2": 0.030149884522,
        "dvar": 0.000408352905652,
        "dvar2": 0.000829254335258,
        "max": 0.397424161434,
        "mean": 0.257445573807,
        "median": 0.257939249277,
        "min": 0.0996400266886,
        "var": 0.00326772476546
    },
    "erbbands_kurtosis": {
        "dmean": 2.47846651077,
        "dmean2": 3.93995308876,
        "dvar": 13.8485469818,
        "dvar2": 34.7455863953,
        "max": 57.2559204102,
        "mean": 4.22267103195,
        "median": 2.4512462616,
        "min": -1.82745742798,
        "var": 37.4016304016
    },
    "erbbands_skewness": {
        "dmean": 0.463457137346,
        "dmean2": 0.69408673048,
        "dvar": 0.18741068244,
        "dvar2": 0.407225131989,
        "max": 5.30949449539,
        "mean": 1.22974383831,
        "median": 1.18946146965,
        "min": -2.88166236877,
        "var": 1.20760512352
    },
    "erbbands_spread": {
        "dmean": 5.50779151917,
        "dmean2": 8.38307285309,
        "dvar": 70.9646759033,
        "dvar2": 146.161895752,
        "max": 121.542503357,
        "mean": 21.8854732513,
        "median": 17.1388931274,
        "min": 1.60447669029,
        "var": 309.871765137
    },
    "hfc": {
        "dmean": 2.72240710258,
        "dmean2": 3.739767313,
        "dvar": 57.153678894,
        "dvar2": 90.6570510864,
        "max": 188.06362915,
        "mean": 8.76266002655,
        "median": 1.55758082867,
        "min": 0.0279259737581,
        "var": 252.275756836
    },
    "melbands_crest": {
        "dmean": 2.60957503319,
        "dmean2": 4.31427049637,
        "dvar": 6.50026845932,
        "dvar2": 17.1656227112,
        "max": 31.2082557678,
        "mean": 17.63580513,
        "median": 17.9816207886,
        "min": 5.02371358871,
        "var": 31.4582538605
    },
    "melbands_flatness_db": {
        "dmean": 0.0252568032593,
        "dmean2": 0.0372913777828,
        "dvar": 0.000746802485082,
        "dvar2": 0.00145270919893,
        "max": 0.648899614811,
        "mean": 0.3877427876,
        "median": 0.37590739131,
        "min": 0.0591444857419,
        "var": 0.0168602000922
    },
    "melbands_kurtosis": {
        "dmean": 7.09142112732,
        "dmean2": 11.5109434128,
        "dvar": 91.9295806885,
        "dvar2": 238.587646484,
        "max": 122.595207214,
        "mean": 21.5955791473,
        "median": 12.9441242218,
        "min": -1.78611290455,
        "var": 519.800048828
    },
    "melbands_skewness": {
        "dmean": 0.625037610531,
        "dmean2": 0.966607570648,
        "dvar": 0.414641618729,
        "dvar2": 0.954593420029,
        "max": 8.91033744812,
        "mean": 2.65510034561,
        "median": 2.6112267971,
        "min": -1.77264201641,
        "var": 4.08319997787
    },
    "melbands_spread": {
        "dmean": 3.47318267822,
        "dmean2": 4.69008207321,
        "dvar": 131.912811279,
        "dvar2": 178.922546387,
        "max": 226.504562378,
        "mean": 10.7423868179,
        "median": 5.13247442245,
        "min": 0.378571122885,
        "var": 646.780395508
    },
    "pitch_salience": {
        "dmean": 0.0649176836014,
        "dmean2": 0.105907067657,
        "dvar": 0.00327357230708,
        "dvar2": 0.00854529999197,
        "max": 0.833635151386,
        "mean": 0.463374614716,
        "median": 0.456493258476,
        "min": 0.0955365970731,
        "var": 0.0185357034206
    },
    "silence_rate_20dB": {
        "dmean": 0,
        "dmean2": 0,
        "dvar": 0,
        "dvar2": 0,
        "max": 1,
        "mean": 1,
        "median": 1,
        "min": 1,
        "var": 0
    },
    "silence_rate_30dB": {
        "dmean": 0,
        "dmean2": 0,
        "dvar": 0,
        "dvar2": 0,
        "max": 1,
        "mean": 1,
        "median": 1,
        "min": 1,
        "var": 0
    },
    "silence_rate_60dB": {
        "dmean": 0.039473682642,
        "dmean2": 0.0790085196495,
        "dvar": 0.037914801389,
        "dvar2": 0.0913555324078,
        "max": 1,
        "mean": 0.269914925098,
        "median": 0,
        "min": 0,
        "var": 0.197063446045
    },
    "spectral_centroid": {
        "dmean": 107.88508606,
        "dmean2": 149.815338135,
        "dvar": 68697.9765625,
        "dvar2": 102958.125,
        "max": 4778.20751953,
        "mean": 575.190002441,
        "median": 399.845214844,
        "min": 124.337287903,
        "var": 445302.4375
    },
    "spectral_complexity": {
        "dmean": 1.14551079273,
        "dmean2": 1.81022465229,
        "dvar": 2.09648966789,
        "dvar2": 4.19248056412,
        "max": 32,
        "mean": 6.296210289,
        "median": 5,
        "min": 0,
        "var": 23.61145401
    },
    "spectral_decrease": {
        "dmean": 9.2153240594e-10,
        "dmean2": 1.37429501113e-09,
        "dvar": 2.4451673974e-18,
        "dvar2": 4.74558149633e-18,
        "max": -1.04703979861e-11,
        "mean": -3.58997542804e-09,
        "median": -1.72655179043e-09,
        "min": -2.50603342522e-08,
        "var": 2.06439035341e-17
    },
    "spectral_energy": {
        "dmean": 0.00367508106865,
        "dmean2": 0.00545734539628,
        "dvar": 3.87447907997e-05,
        "dvar2": 7.49877071939e-05,
        "max": 0.0999225303531,
        "mean": 0.0143441818655,
        "median": 0.00686496216804,
        "min": 4.20506039518e-05,
        "var": 0.000330604612827
    },
    "spectral_energyband_high": {
        "dmean": 0.00014406243281,
        "dmean2": 0.000182231160579,
        "dvar": 7.77306638611e-07,
        "dvar2": 1.1049268096e-06,
        "max": 0.0237070713192,
        "mean": 0.000293775345199,
        "median": 2.1046960228e-06,
        "min": 1.4118779923e-08,
        "var": 2.15370346268e-06
    },
    "spectral_energyband_low": {
        "dmean": 0.00089260796085,
        "dmean2": 0.00153566733934,
        "dvar": 1.43152840337e-06,
        "dvar2": 3.96744280806e-06,
        "max": 0.0144703341648,
        "mean": 0.00314023671672,
        "median": 0.00293146329932,
        "min": 1.4036821085e-05,
        "var": 5.64973697692e-06
    },
    "spectral_energyband_middle_high": {
        "dmean": 0.000734795699827,
        "dmean2": 0.00115122797433,
        "dvar": 7.7139975474e-06,
        "dvar2": 1.6456726371e-05,
        "max": 0.0657546743751,
        "mean": 0.00194491329603,
        "median": 0.000121366705571,
        "min": 1.508839091e-06,
        "var": 4.619822721e-05
    },
    "spectral_energyband_middle_low": {
        "dmean": 0.0031659475062,
        "dmean2": 0.0046608382836,
        "dvar": 3.68368200725e-05,
        "dvar2": 7.29047023924e-05,
        "max": 0.09498821944,
        "mean": 0.00949844531715,
        "median": 0.00235909828916,
        "min": 7.83778705227e-06,
        "var": 0.000231647281907
    },
    "spectral_entropy": {
        "dmean": 0.203279286623,
        "dmean2": 0.304155290127,
        "dvar": 0.0491352938116,
        "dvar2": 0.099935695529,
        "max": 8.56954956055,
        "mean": 6.29017305374,
        "median": 6.25384998322,
        "min": 4.45079755783,
        "var": 0.551814556122
    },
    "spectral_flux": {
        "dmean": 0.014041274786,
        "dmean2": 0.0225486438721,
        "dvar": 0.000376803334802,
        "dvar2": 0.000876666686963,
        "max": 0.220779746771,
        "mean": 0.0419123992324,
        "median": 0.0284347552806,
        "min": 0.00216858484782,
        "var": 0.00151629466563
    },
    "spectral_kurtosis": {
        "dmean": 10.8728179932,
        "dmean2": 18.678730011,
        "dvar": 172.066497803,
        "dvar2": 479.986846924,
        "max": 156.50894165,
        "mean": 26.5383472443,
        "median": 18.0410137177,
        "min": -1.20826506615,
        "var": 676.781921387
    },
    "spectral_rms": {
        "dmean": 0.000418019451899,
        "dmean2": 0.000625531014521,
        "dvar": 3.00756681781e-07,
        "dvar2": 5.50127481347e-07,
        "max": 0.00987346936017,
        "mean": 0.00314088724554,
        "median": 0.00258795754053,
        "min": 0.000202546245418,
        "var": 4.12916097048e-06
    },
    "spectral_rolloff": {
        "dmean": 203.048233032,
        "dmean2": 332.13760376,
        "dvar": 643766.5625,
        "dvar2": 1098500.625,
        "max": 9883.74023438,
        "mean": 746.131530762,
        "median": 387.59765625,
        "min": 64.599609375,
        "var": 2447505.25
    },
    "spectral_skewness": {
        "dmean": 0.768691897392,
        "dmean2": 1.29303753376,
        "dvar": 0.602599978447,
        "dvar2": 1.66595208645,
        "max": 9.91761398315,
        "mean": 3.4939057827,
        "median": 3.23296451569,
        "min": -0.0860995650291,
        "var": 3.47417879105
    },
    "spectral_spread": {
        "dmean": 437996.46875,
        "dmean2": 678834.625,
        "dvar": 269410533376,
        "dvar2": 475159232512,
        "max": 11015283,
        "mean": 2682095.25,
        "median": 2133230.5,
        "min": 599374.5625,
        "var": 2.82797198541e+12
    },
    "spectral_strongpeak": {
        "dmean": 0.353345423937,
        "dmean2": 0.563076198101,
        "dvar": 0.417637884617,
        "dvar2": 1.02840363979,
        "max": 7.86238431931,
        "mean": 0.893886446953,
        "median": 0.257187515497,
        "min": 0.0103479977697,
        "var": 1.88199412823
    },
    "zerocrossingrate": {
        "dmean": 0.0054610404186,
        "dmean2": 0.00542215351015,
        "dvar": 0.000203723437153,
        "dvar2": 0.000130820466438,
        "max": 0.3564453125,
        "mean": 0.0283195581287,
        "median": 0.01708984375,
        "min": 0.00244140625,
        "var": 0.00208450271748
    },
    "barkbands": {
        "dmean": [8.85502595338e-06, 0.00039368859143, 0.000509957433678, 0.000330734677846, 0.000499442801811, 0.000754916749429, 0.000881540123373, 0.00147358817048, 0.00079412967898, 0.000604993721936, 0.000245878647547, 0.000110648608825, 6.97326977388e-05, 3.86937063013e-05, 3.9736594772e-05, 3.76521747967e-05, 1.66375411936e-05, 1.23265599541e-05, 8.57755367178e-06, 2.25662570301e-05, 3.74226183339e-05, 2.3849266654e-05, 1.73129374161e-05, 5.95023266214e-05, 1.97203007701e-05, 3.1724555356e-06, 8.69279370708e-10],
        "dmean2": [1.4972896679e-05, 0.000663793762214, 0.000862686953042, 0.000576113001443, 0.000827831972856, 0.00108016585, 0.00136331818067, 0.00222178432159, 0.00108674261719, 0.000959242635872, 0.000365942221833, 0.000171293737367, 0.000100212630059, 6.19856946287e-05, 5.97096441197e-05, 5.68304276385e-05, 2.55653285421e-05, 1.94183630811e-05, 1.30914695546e-05, 3.09407769237e-05, 4.85826203658e-05, 3.57897952199e-05, 2.29289835261e-05, 7.64985015849e-05, 2.57990814134e-05, 4.40576513938e-06, 1.52447021673e-09],
        "dvar": [4.89435492135e-10, 3.63985293461e-07, 6.22734660283e-07, 3.5330197079e-07, 1.00909198864e-06, 2.79851360574e-06, 5.13285294801e-06, 1.80192928383e-05, 9.276774108e-06, 7.75320859248e-06, 1.71476006017e-06, 2.2372346109e-07, 1.54562684429e-07, 3.75393689467e-08, 3.36259624589e-08, 5.25174002064e-08, 3.15757353597e-09, 1.33624078469e-09, 1.05496011926e-09, 1.18670095972e-08, 3.64973153921e-08, 1.17510747799e-08, 7.43551975546e-09, 1.82594178e-07, 1.76532335416e-08, 1.44625234011e-09, 3.28221296594e-17],
        "dvar2": [1.36790156979e-09, 9.60996203503e-07, 1.74215756488e-06, 1.03674324237e-06, 2.43770091402e-06, 5.13931627211e-06, 1.11475956146e-05, 3.92529800592e-05, 1.66712034115e-05, 1.69933391589e-05, 3.50957770934e-06, 5.45092859738e-07, 3.06786688498e-07, 9.63293729228e-08, 6.78666935983e-08, 1.26342712292e-07, 6.50978471128e-09, 3.39558892115e-09, 2.79843903606e-09, 2.2842382208e-08, 5.62123183556e-08, 2.66171831242e-08, 1.25035404253e-08, 3.00843254308e-07, 2.89015460453e-08, 3.04665270789e-09, 5.87345814341e-17],
        "max": [0.000322078325553, 0.0082597695291, 0.0111175384372, 0.00848039332777, 0.0186629686505, 0.0395810753107, 0.043241109699, 0.0702315494418, 0.0540333725512, 0.0610161535442, 0.0309894103557, 0.00938030425459, 0.00998791959137, 0.00394916720688, 0.00469560315832, 0.00608257157728, 0.000973131565843, 0.000620145932771, 0.000879551516846, 0.00289009348489, 0.00576554471627, 0.00183067657053, 0.0017908840673, 0.0118569452316, 0.00327638327144, 0.00121019466314, 1.61276830113e-07],
        "mean": [1.45939829963e-05, 0.00156772555783, 0.00127430364955, 0.00057849904988, 0.00106725748628, 0.00180240219925, 0.00149283348583, 0.00284627033398, 0.00128954777028, 0.00119011360221, 0.00037559561315, 0.000186431381735, 0.000106312523712, 4.97409128002e-05, 6.67191416142e-05, 6.39666250208e-05, 3.02649677906e-05, 1.92339794012e-05, 1.42055068864e-05, 3.59169425792e-05, 6.59909565002e-05, 3.94229136873e-05, 3.04006025544e-05, 9.99850963126e-05, 3.28196401824e-05, 3.64946231457e-06, 6.74911460052e-10],
        "median": [5.80741743761e-06, 0.0013976424234, 0.000609376002103, 0.000154107197886, 0.000388687651139, 0.000427579769166, 0.000118513489724, 4.06740073231e-05, 3.58040379069e-05, 2.63425099547e-05, 1.20858767332e-05, 1.15626644401e-05, 4.95126869282e-06, 4.1897187657e-06, 2.94989217764e-06, 1.96624296223e-06, 1.61776540608e-06, 1.62053765962e-06, 7.24648714368e-07, 8.44964063162e-07, 4.612498401e-07, 3.93019007561e-07, 1.70344534922e-07, 1.31643602685e-07, 3.34710286154e-08, 1.37917366416e-09, 1.19326493131e-10],
        "min": [2.7346313658e-08, 1.00643910628e-06, 4.25269308835e-06, 1.34024602971e-07, 3.00207602777e-07, 1.33039122829e-07, 1.62919661761e-07, 2.75046758702e-08, 7.66196706081e-08, 1.79223263785e-07, 9.87391004514e-08, 3.18865147619e-08, 3.05887759566e-08, 2.44083562251e-08, 4.94146945584e-08, 1.21588099589e-08, 5.96878813042e-09, 2.88655344072e-09, 9.54485046556e-10, 2.8224234061e-09, 4.03486488665e-09, 1.62435687123e-09, 4.08239914096e-10, 7.44556413051e-12, 5.93385800565e-12, 6.67335110782e-12, 9.26775496624e-12],
        "var": [6.82682133046e-10, 1.95304801309e-06, 2.5527708658e-06, 1.04801506495e-06, 2.85850296677e-06, 1.27819721456e-05, 1.43215102071e-05, 6.92834582878e-05, 2.58164491242e-05, 2.90508505714e-05, 3.65682990378e-06, 5.80659218485e-07, 3.44736918123e-07, 3.70552406537e-08, 7.08538294703e-08, 1.14547070496e-07, 8.07557842819e-09, 2.26087748523e-09, 2.33221086887e-09, 2.51322802569e-08, 1.06235567898e-07, 2.4752118577e-08, 2.10226449582e-08, 3.86720216738e-07, 4.39630625237e-08, 1.71006420135e-09, 2.68745273472e-17]
    },
    "erbbands": {
        "dmean": [0.00664226338267, 0.106599591672, 0.507090628147, 0.878595471382, 1.45962357521, 1.49723637104, 3.39506006241, 6.49937963486, 14.7322387695, 7.97983074188, 42.2743759155, 16.2462921143, 17.4632225037, 14.1964206696, 7.41096258163, 4.40291309357, 3.09841299057, 2.0757522583, 2.40096211433, 2.09510469437, 1.1905579567, 0.901954591274, 0.755542099476, 0.376655340195, 0.600095927715, 1.01967227459, 1.46896016598, 1.47529923916, 0.967721939087, 0.316335678101, 0.604192376137, 1.26808166504, 0.934553205967, 0.39707621932, 0.0465925559402, 0.0193284060806, 0.0055924821645, 0.000219411944272, 7.71669510868e-06, 4.81767301608e-06],
        "dmean2": [0.0106003200635, 0.181688547134, 0.859007060528, 1.5528960228, 2.45372104645, 2.50714874268, 4.86559009552, 9.31063747406, 22.4319915771, 12.2964639664, 63.249546051, 22.6825656891, 26.0335502625, 21.9481830597, 11.5392436981, 6.59783840179, 4.30181598663, 3.33553051949, 3.43786978722, 3.17993593216, 1.71921992302, 1.33055973053, 1.13295984268, 0.565100193024, 0.89420568943, 1.470952034, 2.00580096245, 2.0832631588, 1.45728564262, 0.453127741814, 0.8003013134, 1.74174666405, 1.19694590569, 0.519842028618, 0.060413710773, 0.0289800073951, 0.00796887371689, 0.000333785894327, 1.02808307929e-05, 6.99903057466e-06],
        "dvar": [0.000214781044633, 0.0241740662605, 0.504995286465, 2.09493112564, 7.94705867767, 8.52573871613, 162.347183228, 201.636459351, 1294.80859375, 929.205505371, 14950.6982422, 3732.30688477, 5438.46875, 6824.20361328, 1764.21386719, 349.736724854, 344.144714355, 70.7467498779, 194.218978882, 125.845817566, 34.7344856262, 9.11231708527, 4.76293468475, 1.56325638294, 8.64655208588, 24.9267501831, 72.7218322754, 53.1241226196, 19.2242622375, 2.27353668213, 10.0272302628, 77.8365478516, 46.2231063843, 6.99237251282, 0.100889235735, 0.0488295964897, 0.00412372965366, 3.60319154424e-06, 3.14718962002e-09, 1.01284348963e-10],
        "dvar2": [0.000514160725288, 0.0652445554733, 1.39221942425, 6.26629495621, 23.1756591797, 22.0562343597, 265.744689941, 401.009643555, 2819.30419922, 2090.35449219, 32910.3867188, 7290.68164062, 11610.3427734, 15781.1230469, 3549.35864258, 860.27923584, 666.150085449, 186.601318359, 389.780609131, 334.298034668, 72.9175033569, 19.1170539856, 11.5133447647, 3.77852678299, 20.1160354614, 50.2704353333, 136.213653564, 85.5504608154, 41.5008544922, 4.75696849823, 17.6621665955, 126.643890381, 82.0311431885, 11.3294458389, 0.192482054234, 0.0990894734859, 0.00971022062004, 8.37548759591e-06, 6.51347775715e-09, 1.82688766892e-10],
        "max": [0.27026501298, 2.1870238781, 9.70229148865, 18.6970176697, 44.752746582, 37.5261650085, 345.848632812, 357.889312744, 778.079162598, 612.664489746, 1880.94775391, 1519.41442871, 1981.06787109, 2106.92333984, 1394.0057373, 437.633728027, 500.898925781, 150.229705811, 456.710601807, 254.168731689, 156.133285522, 52.9987449646, 35.2336387634, 35.3402366638, 89.0347747803, 128.505599976, 275.619140625, 171.721481323, 80.1139068604, 28.441400528, 70.2942352295, 231.425476074, 188.355545044, 65.6972732544, 7.66860437393, 6.72056341171, 2.05708599091, 0.0578260719776, 0.00179890729487, 0.000244105016463],
        "mean": [0.0329492650926, 0.401827722788, 1.33374559879, 1.84170091152, 2.6929666996, 3.25800395012, 7.37853765488, 15.7076187134, 28.6126499176, 14.9388017654, 84.7091445923, 28.8602275848, 33.5806884766, 25.5098705292, 12.0175218582, 7.8828291893, 5.17242240906, 3.33387684822, 3.69025683403, 3.71198534966, 2.22068452835, 1.72445452213, 1.28428030014, 0.709556698799, 0.943724930286, 1.67992460728, 2.30781245232, 2.69875049591, 1.64320373535, 0.544786572456, 1.03080964088, 1.96293628216, 1.61510658264, 0.660818040371, 0.0697847604752, 0.0218046568334, 0.00646315095946, 0.000252137921052, 1.5790330508e-05, 1.77232504939e-05],
        "median": [0.0223990418017, 0.336069256067, 0.908090770245, 0.892885267735, 0.868884384632, 1.17498707771, 1.39715898037, 4.02008485794, 3.09150624275, 0.878334999084, 1.20200288296, 1.00968492031, 1.00915384293, 0.651015520096, 0.400369673967, 0.541531801224, 0.312306880951, 0.263776451349, 0.222538143396, 0.174780040979, 0.106851160526, 0.0923417806625, 0.102398976684, 0.0481411106884, 0.0477377548814, 0.0426398962736, 0.0218104571104, 0.0206972192973, 0.0171071905643, 0.00505726458505, 0.00507875019684, 0.00393563928083, 0.00145546719432, 0.00063439499354, 7.95187370386e-05, 1.64729899552e-05, 4.61421541331e-06, 6.10516508459e-07, 3.3348433135e-06, 7.73911688157e-06],
        "min": [3.32217314281e-05, 0.000390189117752, 0.00522259948775, 0.00572474813089, 0.00087358156452, 0.00164979510009, 0.00143998605199, 0.00122606009245, 0.00178012112156, 0.00270942039788, 0.0022135975305, 0.00234424788505, 0.00560363056138, 0.0106945056468, 0.00707703782246, 0.00295049278066, 0.00215003197081, 0.00163707695901, 0.00201316480525, 0.00251409993507, 0.000882668013219, 0.000344365515048, 0.000248086813372, 0.000184766104212, 0.000178250935278, 0.000135294700158, 0.000131297172629, 0.000120205644635, 5.5552161939e-05, 3.99864329665e-05, 1.37257893584e-05, 4.8437868827e-06, 1.84931263902e-06, 8.4974777792e-07, 2.49602379654e-07, 1.66263816936e-07, 9.93262005977e-08, 1.41256091268e-08, 2.37614905529e-08, 4.8878842307e-08],
        "var": [0.00117304571904, 0.131365299225, 1.75976490974, 6.60330486298, 17.6207351685, 25.0046482086, 598.012512207, 946.432800293, 4689.58398438, 2391.06494141, 58691.6210938, 9252.74121094, 21687.875, 15609.7597656, 3395.58032227, 944.750854492, 819.42364502, 125.824302673, 313.396118164, 230.529174805, 79.4999237061, 23.7578926086, 9.96888542175, 4.58293771744, 13.9614076614, 52.3548316956, 158.689819336, 157.136932373, 42.8488273621, 5.36403179169, 25.4181404114, 152.594406128, 100.703933716, 17.8136100769, 0.20255087316, 0.0563876517117, 0.0047643953003, 4.75710112369e-06, 4.89181228858e-09, 5.41909961349e-10]
    },
    "gfcc": {
        "mean": [-183.819244385, 176.588928223, -94.3090744019, 22.1534576416, -52.3968048096, 7.89797210693, -21.9126415253, -4.0606880188, -5.8608045578, -9.62007522583, -3.90347933769, -13.011007309, 1.05420172215],
        "cov": [[15790.4785156, -4558.63623047, -1830.45263672, 232.888381958, -3713.25195312, -92.1711349487, -1563.1685791, 1058.14221191, -237.835784912, 607.646850586, -142.688110352, 228.922821045, -267.150146484], [-4558.63623047, 2649.04003906, 369.245849609, -470.486938477, 1445.01391602, -282.939025879, 587.564697266, -393.403503418, 235.265472412, -323.557189941, 194.327926636, -63.6881637573, 42.0424957275], [-1830.45263672, 369.245849609, 1095.52819824, 80.9759216309, 317.385803223, 183.338592529, 214.204742432, -67.4400177002, -18.3892860413, -6.83110237122, -32.4902915955, -60.6137657166, -9.63567352295], [232.888381958, -470.486938477, 80.9759216309, 544.208435059, -113.632484436, 45.8231239319, -107.079879761, -71.9879837036, -10.8277988434, 71.1745071411, -8.03018760681, -10.3943796158, 96.4815673828], [-3713.25195312, 1445.01391602, 317.385803223, -113.632484436, 1295.10083008, -11.2187957764, 447.944763184, -245.633132935, 138.111862183, -140.900741577, 60.503276825, -10.7229528427, 57.7958641052], [-92.1711349487, -282.939025879, 183.338592529, 45.8231239319, -11.2187957764, 342.659820557, 109.368965149, 124.781578064, 4.30983924866, 26.4638156891, -31.9053401947, 6.37224817276, 4.76904249191], [-1563.1685791, 587.564697266, 214.204742432, -107.079879761, 447.944763184, 109.368965149, 421.621704102, 13.0952386856, 68.5058746338, -82.8078918457, 43.8620185852, -8.27523899078, 0.228361859918], [1058.14221191, -393.403503418, -67.4400177002, -71.9879837036, -245.633132935, 124.781578064, 13.0952386856, 306.113983154, 19.9078388214, 43.3747024536, -10.4314393997, 25.2703723907, -45.1291999817], [-237.835784912, 235.265472412, -18.3892860413, -10.8277988434, 138.111862183, 4.30983924866, 68.5058746338, 19.9078388214, 172.95501709, 16.3631916046, 38.31615448, 0.188442662358, 15.7890386581], [607.646850586, -323.557189941, -6.83110237122, 71.1745071411, -140.900741577, 26.4638156891, -82.8078918457, 43.3747024536, 16.3631916046, 164.747573853, 0.533950448036, 20.143201828, 1.12434732914], [-142.688110352, 194.327926636, -32.4902915955, -8.03018760681, 60.503276825, -31.9053401947, 43.8620185852, -10.4314393997, 38.31615448, 0.533950448036, 117.462799072, 21.6377353668, 15.8941879272], [228.922821045, -63.6881637573, -60.6137657166, -10.3943796158, -10.7229528427, 6.37224817276, -8.27523899078, 25.2703723907, 0.188442662358, 20.143201828, 21.6377353668, 85.109703064, 13.732383728], [-267.150146484, 42.0424957275, -9.63567352295, 96.4815673828, 57.7958641052, 4.76904249191, 0.228361859918, -45.1291999817, 15.7890386581, 1.12434732914, 15.8941879272, 13.732383728, 110.864356995]],
        "icov": [[0.000343211606378, -0.000128344690893, 0.000276006467175, -0.000202535855351, 0.000707342172973, 2.59573171206e-05, 0.000425942387665, -0.000614515854977, -5.01867325511e-05, -0.000371028989321, 0.000175636640051, -0.000575666432269, 0.000512099359185], [-0.000128344690893, 0.00441762432456, -0.00118916633073, 0.00303303520195, -0.00275383424014, 0.00270720059052, -0.00144512928091, 0.00242882058956, -0.00303485081531, 0.00369578087702, -0.00386641663499, 0.00215807766654, -0.0017348715337], [0.000276006467175, -0.00118916633073, 0.00175188307185, -0.00112074182834, 0.000981941120699, -0.00126454711426, 0.000182512128958, -0.000672887836117, 0.00112765375525, -0.00158132251818, 0.00125013547949, -0.000227845142945, 0.00121630181093], [-0.000202535855351, 0.00303303520195, -0.00112074182834, 0.00481567531824, -0.00181780615821, 0.00123007048387, -0.000631628441624, 0.00262251100503, -0.00208180886693, 0.00177431805059, -0.00277653010562, 0.00231016939506, -0.00357259996235], [0.000707342172973, -0.00275383424014, 0.000981941120699, -0.00181780615821, 0.00477631390095, -0.00135103752837, -0.000113631977001, -0.000941040809266, 0.000543021888006, -0.00241588312201, 0.00286184670404, -0.00291357864626, 0.00149919011164], [2.59573171206e-05, 0.00270720059052, -0.00126454711426, 0.00123007048387, -0.00135103752837, 0.00641777133569, -0.0022521878127, -0.000660931225866, -0.0016207669396, 0.00158814142924, -0.000857566774357, 0.000656118558254, -0.00172424316406], [0.000425942387665, -0.00144512928091, 0.000182512128958, -0.000631628441624, -0.000113631977001, -0.0022521878127, 0.00650372216478, -0.00270594097674, 0.000388181535527, 0.000158044000273, -0.000476787827211, -0.000707760162186, 0.0012803330319], [-0.000614515854977, 0.00242882058956, -0.000672887836117, 0.00262251100503, -0.000941040809266, -0.000660931225866, -0.00270594097674, 0.00840299576521, -0.00293255946599, 0.00183527835179, -0.00183623563498, 0.000556191254873, -0.000204071315238], [-5.01867325511e-05, -0.00303485081531, 0.00112765375525, -0.00208180886693, 0.000543021888006, -0.0016207669396, 0.000388181535527, -0.00293255946599, 0.00984305329621, -0.00415093731135, 0.0007576662465, 0.000274312624242, 2.94490673696e-05], [-0.000371028989321, 0.00369578087702, -0.00158132251818, 0.00177431805059, -0.00241588312201, 0.00158814142924, 0.000158044000273, 0.00183527835179, -0.00415093731135, 0.0115349758416, -0.00370946875773, 0.000296091719065, -0.00106996286195], [0.000175636640051, -0.00386641663499, 0.00125013547949, -0.00277653010562, 0.00286184670404, -0.000857566774357, -0.000476787827211, -0.00183623563498, 0.0007576662465, -0.00370946875773, 0.0141314808279, -0.00472043594345, 0.000701355107594], [-0.000575666432269, 0.00215807766654, -0.000227845142945, 0.00231016939506, -0.00291357864626, 0.000656118558254, -0.000707760162186, 0.000556191254873, 0.000274312624242, 0.000296091719065, -0.00472043594345, 0.0161382481456, -0.00388160720468], [0.000512099359185, -0.0017348715337, 0.00121630181093, -0.00357259996235, 0.00149919011164, -0.00172424316406, 0.0012803330319, -0.000204071315238, 2.94490673696e-05, -0.00106996286195, 0.000701355107594, -0.00388160720468, 0.0137205868959]]
    },
    "melbands": {
        "dmean": [8.1263075117e-05, 0.000219881898374, 0.000162856376846, 0.000106377148768, 0.000102276368125, 0.000163092088769, 0.000205402961001, 0.000108703497972, 0.000355663825758, 8.19341075839e-05, 9.12688628887e-05, 6.31200528005e-05, 2.81087977783e-05, 1.43899396789e-05, 7.06572973286e-06, 8.38983123685e-06, 3.86628744309e-06, 4.14489522882e-06, 2.64996469923e-06, 3.68832934328e-06, 9.98201699076e-07, 9.51001254634e-07, 1.09196548692e-06, 4.70155384846e-07, 3.11433041134e-07, 3.55259430762e-07, 6.18791204943e-07, 7.51410368593e-07, 8.45447175379e-07, 1.13433031856e-06, 8.60737202402e-07, 6.77071625432e-07, 3.06494086999e-07, 1.53482304199e-07, 3.31839117962e-07, 5.21255515196e-07, 9.23783716189e-07, 7.01767191913e-07, 5.76108277528e-07, 2.73777260418e-07],
        "dmean2": [0.000133676090627, 0.000374361465219, 0.00028293314972, 0.000181306997547, 0.000148631690536, 0.000236394029344, 0.000313883036142, 0.000161808769917, 0.00053489767015, 0.000111928347906, 0.000136424510856, 9.61911428021e-05, 4.51711930509e-05, 2.21936970775e-05, 1.0968659808e-05, 1.16105047709e-05, 6.51822347209e-06, 5.95887649979e-06, 4.17617820858e-06, 5.53892095922e-06, 1.57552744895e-06, 1.44061414176e-06, 1.7365854319e-06, 7.40930374832e-07, 4.79640505091e-07, 5.49840706299e-07, 8.43984594212e-07, 1.14467252388e-06, 1.20065271858e-06, 1.5826786921e-06, 1.27852683818e-06, 1.01628552329e-06, 4.53189215932e-07, 2.24639819635e-07, 4.74968913977e-07, 7.32362593681e-07, 1.29338775423e-06, 8.78462174114e-07, 8.1044208855e-07, 3.38975411296e-07],
        "dvar": [2.02735659371e-08, 8.67465530519e-08, 6.09868706647e-08, 3.94813461924e-08, 1.27370441305e-07, 1.2424109741e-07, 2.44832563112e-07, 1.39842228464e-07, 1.08451024516e-06, 1.09062796128e-07, 1.48021513269e-07, 1.26309998905e-07, 2.16816857801e-08, 4.2280614565e-09, 1.24507060217e-09, 2.52151455271e-09, 3.28069849065e-10, 7.64500407424e-10, 1.23812834985e-10, 5.55059442853e-10, 2.21916929277e-11, 1.06272950509e-11, 1.30076461755e-11, 1.93888568395e-12, 1.36217079283e-12, 1.92320985526e-12, 1.09267490889e-11, 1.4722407321e-11, 2.79530391889e-11, 3.63678462345e-11, 2.09127142686e-11, 9.26093837034e-12, 1.91762079306e-12, 6.47589946078e-13, 2.80096041846e-12, 1.07701104979e-11, 4.3980340203e-11, 2.47886450949e-11, 1.7824080753e-11, 3.0967719708e-12],
        "dvar2": [5.12482962733e-08, 2.39000229385e-07, 1.80693675134e-07, 1.13083700626e-07, 2.15770455725e-07, 2.49725047752e-07, 5.23654478002e-07, 2.86835415864e-07, 2.39889709519e-06, 2.05025727951e-07, 3.16142660495e-07, 2.79767334632e-07, 4.3321669807e-08, 9.89526238726e-09, 3.3283529266e-09, 4.77464867643e-09, 8.99393060028e-10, 1.62257185465e-09, 2.85807238987e-10, 1.32649158324e-09, 5.45532681528e-11, 2.22639615077e-11, 3.18344274552e-11, 4.65251708687e-12, 3.46746091041e-12, 4.87913442287e-12, 2.35217297029e-11, 3.11129837172e-11, 5.45939751739e-11, 6.72801814261e-11, 4.12739183109e-11, 2.1165633482e-11, 4.54800737001e-12, 1.20049890168e-12, 5.16632309849e-12, 2.13517727804e-11, 7.00342700499e-11, 4.23231484581e-11, 3.55247428696e-11, 5.3393305402e-12],
        "max": [0.0020187953487, 0.00348869431764, 0.00318635976873, 0.00279974541627, 0.00986764673144, 0.0084166796878, 0.0100319758058, 0.00704314885661, 0.0148255247623, 0.00844466779381, 0.0103514427319, 0.00890443846583, 0.0040898588486, 0.00129731395282, 0.00083478767192, 0.00129349553026, 0.000352782721166, 0.000904347281903, 0.000200332797249, 0.00063953147037, 0.000116150993563, 5.95411329414e-05, 5.94524171902e-05, 2.35956631514e-05, 3.19172213494e-05, 3.31294468197e-05, 9.7502823337e-05, 8.39072890813e-05, 0.000178329864866, 0.000158502240083, 7.66356097301e-05, 5.0599584938e-05, 2.4444247174e-05, 2.18552522711e-05, 3.16722689604e-05, 8.90062365215e-05, 0.000170614483068, 0.000135546317324, 0.000112056048238, 4.74430853501e-05],
        "mean": [0.000373280287022, 0.00066541187698, 0.000355091935489, 0.000207943390706, 0.000229902405408, 0.000387643842259, 0.000397624069592, 0.000195780899958, 0.000701355980709, 0.000138941511977, 0.000170100334799, 0.000110829590994, 4.45982950623e-05, 2.40499794018e-05, 1.20995136967e-05, 1.21207276607e-05, 5.26340681972e-06, 5.759114174e-06, 4.64334652861e-06, 6.02600175625e-06, 1.73042599272e-06, 1.71204408161e-06, 1.71711360508e-06, 7.64148353483e-07, 5.34722289558e-07, 5.36614379598e-07, 9.04306034499e-07, 1.17546414913e-06, 1.22565836591e-06, 1.81838413482e-06, 1.49509571656e-06, 1.06075606254e-06, 4.60516730527e-07, 2.43080506834e-07, 5.31623243205e-07, 8.08830236565e-07, 1.38747054734e-06, 1.182717142e-06, 9.45855106238e-07, 4.11933143596e-07],
        "median": [0.000328219874064, 0.000594765297137, 0.000187596830074, 8.17568288767e-05, 4.90882011945e-05, 9.19390658964e-05, 4.09644635511e-05, 6.43372277409e-06, 9.70627297647e-06, 5.42248290003e-06, 4.77313051306e-06, 2.45568230639e-06, 1.17571107694e-06, 1.34606386837e-06, 9.18661555716e-07, 5.19187153714e-07, 4.34564555007e-07, 3.54924935664e-07, 2.18452200329e-07, 1.96446308109e-07, 9.62565565032e-08, 9.55561390015e-08, 8.53036681292e-08, 6.99046296404e-08, 2.90750410414e-08, 2.5815390714e-08, 3.50952511496e-08, 2.15795594727e-08, 1.17723999438e-08, 1.12469527025e-08, 1.05533279893e-08, 1.01750936565e-08, 4.62116611644e-09, 1.84983428575e-09, 2.78376743879e-09, 2.80423706478e-09, 1.90857885052e-09, 6.65170252212e-10, 7.81589681864e-10, 4.43056341615e-10],
