{
"highlevel": {
    "danceability": {
        "all": {
            "danceable": 0.0268537830561,
            "not_danceable": 0.97314620018
        },
        "probability": 0.97314620018,
        "value": "not_danceable"
    },
    "gender": {
        "all": {
            "female": 0.657887220383,
            "male": 0.342112779617
        },
        "probability": 0.657887220383,
        "value": "female"
    },
    "genre_dortmund": {
        "all": {
            "alternative": 0.162646904588,
            "blues": 0.0620727017522,
            "electronic": 0.136263102293,
            "folkcountry": 0.192354038358,
            "funksoulrnb": 0.0247730836272,
            "jazz": 0.0620543248951,
            "pop": 0.0514711476862,
            "raphiphop": 0.00196049897932,
            "rock": 0.306404203176
        },
        "probability": 0.306404203176,
        "value": "rock"
    },
    "genre_electronic": {
        "all": {
            "ambient": 0.375469714403,
            "dnb": 0.204122871161,
            "house": 0.0954424738884,
            "techno": 0.0282744113356,
            "trance": 0.296690523624
        },
        "probability": 0.375469714403,
        "value": "ambient"
    },
    "genre_rosamerica": {
        "all": {
            "cla": 0.0144108776003,
            "dan": 0.00820963270962,
            "hip": 0.00261033186689,
            "jaz": 0.00994826015085,
            "pop": 0.0635514482856,
            "rhy": 0.00721369404346,
            "roc": 0.893112540245,
            "spe": 0.000943204620853
        },
        "probability": 0.893112540245,
        "value": "roc"
    },
    "genre_tzanetakis": {
        "all": {
            "blu": 0.0626613423228,
            "cla": 0.0348169617355,
            "cou": 0.104475811124,
            "dis": 0.0784321576357,
            "hip": 0.15692435205,
            "jaz": 0.313974827528,
            "met": 0.0448166541755,
            "pop": 0.0627359300852,
            "reg": 0.0627360641956,
            "roc": 0.0784258767962
        },
        "probability": 0.313974827528,
        "value": "jaz"
    },
    "ismir04_rhythm": {
        "all": {
            "ChaChaCha": 0.325971990824,
            "Jive": 0.214619487524,
            "Quickstep": 0.0904909446836,
            "Rumba-American": 0.0142730986699,
            "Rumba-International": 0.0257268119603,
            "Rumba-Misc": 0.0116234980524,
            "Samba": 0.12390255183,
            "Tango": 0.06156591326,
            "VienneseWaltz": 0.119066789746,
            "Waltz": 0.0127589199692
        },
        "probability": 0.325971990824,
        "value": "ChaChaCha"
    },
    "mood_acoustic": {
        "all": {
            "acoustic": 0.0855871737003,
            "not_acoustic": 0.914412796497
        },
        "probability": 0.914412796497,
        "value": "not_acoustic"
    },
    "mood_aggressive": {
        "all": {
            "aggressive": 0.548826813698,
            "not_aggressive": 0.451173186302
        },
        "probability": 0.548826813698,
        "value": "aggressive"
    },
    "mood_electronic": {
        "all": {
            "electronic": 0.367169648409,
            "not_electronic": 0.632830381393
        },
        "probability": 0.632830381393,
        "value": "not_electronic"
    },
    "mood_happy": {
        "all": {
            "happy": 0.608725368977,
            "not_happy": 0.391274631023
        },
        "probability": 0.608725368977,
        "value": "happy"
    },
    "mood_party": {
        "all": {
            "not_party": 0.660867154598,
            "party": 0.339132875204
        },
        "probability": 0.660867154598,
        "value": "not_party"
    },
    "mood_relaxed": {
        "all": {
            "not_relaxed": 0.911322712898,
            "relaxed": 0.0886772796512
        },
        "probability": 0.911322712898,
        "value": "not_relaxed"
    },
    "mood_sad": {
        "all": {
            "not_sad": 0.901124358177,
            "sad": 0.0988756194711
        },
        "probability": 0.901124358177,
        "value": "not_sad"
    },
    "moods_mirex": {
        "all": {
            "Cluster1": 0.359364032745,
            "Cluster2": 0.189863160253,
            "Cluster3": 0.131837397814,
            "Cluster4": 0.106187596917,
            "Cluster5": 0.212747827172
        },
        "probability": 0.359364032745,
        "value": "Cluster1"
    },
    "timbre": {
        "all": {
            "bright": 0.994089543819,
            "dark": 0.00591046828777
        },
        "probability": 0.994089543819,
        "value": "bright"
    },
    "tonal_atonal": {
        "all": {
            "atonal": 0.0011910184985,
            "tonal": 0.998808979988
        },
        "probability": 0.998808979988,
        "value": "tonal"
    },
    "voice_instrumental": {
        "all": {
            "instrumental": 0.00392218166962,
            "voice": 0.99607783556
        },
        "probability": 0.99607783556,
        "value": "voice"
    }
},
"lowlevel": {
    "average_loudness": 0.981858730316,
    "barkbands_crest": {
        "dmean": 2.94080615044,
        "dmean2": 4.71429777145,
        "dvar": 7.92216587067,
        "dvar2": 18.619260788,
        "max": 22.8879489899,
        "mean": 8.60097980499,
        "median": 7.60047101974,
        "min": 2.97653031349,
        "var": 13.7253265381
    },
    "barkbands_flatness_db": {
        "dmean": 0.0186075903475,
        "dmean2": 0.0295256413519,
        "dvar": 0.000278353516478,
        "dvar2": 0.000709828804247,
        "max": 0.259343534708,
        "mean": 0.135390937328,
        "median": 0.132605284452,
        "min": 0.0711271464825,
        "var": 0.00074205850251
    },
    "barkbands_kurtosis": {
        "dmean": 1.85238409042,
        "dmean2": 2.98720812798,
        "dvar": 7.12249755859,
        "dvar2": 17.8651599884,
        "max": 28.9241886139,
        "mean": 2.10384821892,
        "median": 1.21369457245,
        "min": -1.63304328918,
        "var": 10.5038900375
    },
    "barkbands_skewness": {
        "dmean": 0.467542767525,
        "dmean2": 0.741022229195,
        "dvar": 0.238535881042,
        "dvar2": 0.556558132172,
        "max": 5.15040636063,
        "mean": 1.36400210857,
        "median": 1.26462101936,
        "min": -0.323442697525,
        "var": 0.528167963028
    },
    "barkbands_spread": {
        "dmean": 4.66236352921,
        "dmean2": 7.43633985519,
        "dvar": 18.6259460449,
        "dvar2": 43.9283790588,
        "max": 58.0233879089,
        "mean": 22.095495224,
        "median": 21.1692256927,
        "min": 4.28964471817,
        "var": 58.0849533081
    },
    "dissonance": {
        "dmean": 0.0165205616504,
        "dmean2": 0.0279420614243,
        "dvar": 0.000201953473152,
        "dvar2": 0.000548343465198,
        "max": 0.498340457678,
        "mean": 0.467359185219,
        "median": 0.470714569092,
        "min": 0.380347788334,
        "var": 0.000374074792489
    },
    "dynamic_complexity": 1.06685042381,
    "erbbands_crest": {
        "dmean": 2.55282711983,
        "dmean2": 4.24530076981,
        "dvar": 5.27522230148,
        "dvar2": 14.3068904877,
        "max": 24.025478363,
        "mean": 7.81621742249,
        "median": 6.90934562683,
        "min": 2.81667542458,
        "var": 11.667429924
    },
    "erbbands_flatness_db": {
        "dmean": 0.0139999715611,
        "dmean2": 0.0204420089722,
        "dvar": 0.000164166282048,
        "dvar2": 0.000305831810692,
        "max": 0.249167770147,
        "mean": 0.156164228916,
        "median": 0.155121400952,
        "min": 0.0725094974041,
        "var": 0.000890656374395
    },
    "erbbands_kurtosis": {
        "dmean": 0.576776623726,
        "dmean2": 0.941261291504,
        "dvar": 0.297034800053,
        "dvar2": 0.769765496254,
        "max": 4.47906351089,
        "mean": 0.0334515124559,
        "median": -0.128625869751,
        "min": -1.46150898933,
        "var": 0.794733524323
    },
    "erbbands_skewness": {
        "dmean": 0.283725380898,
        "dmean2": 0.429184883833,
        "dvar": 0.0546757243574,
        "dvar2": 0.126040115952,
        "max": 2.09073734283,
        "mean": 0.276366770267,
        "median": 0.27406385541,
        "min": -1.47236430645,
        "var": 0.263919889927
    },
    "erbbands_spread": {
        "dmean": 7.14941120148,
        "dmean2": 11.190788269,
        "dvar": 39.5493774414,
        "dvar2": 93.4247207642,
        "max": 86.7432174683,
        "mean": 37.3342018127,
        "median": 35.1759414673,
        "min": 11.776432991,
        "var": 154.663757324
    },
    "hfc": {
        "dmean": 5.77553653717,
        "dmean2": 8.95141983032,
        "dvar": 46.897693634,
        "dvar2": 112.273368835,
        "max": 71.6080703735,
        "mean": 23.9246788025,
        "median": 21.6552505493,
        "min": 4.95665168762,
        "var": 101.288856506
    },
    "melbands_crest": {
        "dmean": 3.68674182892,
        "dmean2": 5.75088024139,
        "dvar": 12.2517938614,
        "dvar2": 27.9017333984,
        "max": 29.3391056061,
        "mean": 13.3589220047,
        "median": 12.1239910126,
        "min": 4.78328323364,
        "var": 24.0809230804
    },
    "melbands_flatness_db": {
        "dmean": 0.0234463252127,
        "dmean2": 0.0366049930453,
        "dvar": 0.000532033387572,
        "dvar2": 0.00125415250659,
        "max": 0.343163818121,
        "mean": 0.178696706891,
        "median": 0.177084818482,
        "min": 0.0735985040665,
        "var": 0.00139479956124
    },
    "melbands_kurtosis": {
        "dmean": 5.11445760727,
        "dmean2": 8.26096057892,
        "dvar": 60.1591148376,
        "dvar2": 148.839538574,
        "max": 99.4967193604,
        "mean": 8.51171684265,
        "median": 5.87093067169,
        "min": -0.935969352722,
        "var": 85.4924621582
    },
    "melbands_skewness": {
        "dmean": 0.676015734673,
        "dmean2": 1.07024824619,
        "dvar": 0.533159315586,
        "dvar2": 1.20931196213,
        "max": 8.5418214798,
        "mean": 2.33403587341,
        "median": 2.10075736046,
        "min": 0.173281788826,
        "var": 1.16191089153
    },
    "melbands_spread": {
        "dmean": 6.03294992447,
        "dmean2": 9.59496688843,
        "dvar": 39.4290275574,
        "dvar2": 95.1978988647,
        "max": 61.1539764404,
        "mean": 22.7330036163,
        "median": 21.5299530029,
        "min": 2.87065529823,
        "var": 88.9873809814
    },
    "pitch_salience": {
        "dmean": 0.0782494172454,
        "dmean2": 0.127873912454,
        "dvar": 0.00561587652192,
        "dvar2": 0.0145798940212,
        "max": 0.812091290951,
        "mean": 0.559047818184,
        "median": 0.567026913166,
        "min": 0.240395277739,
        "var": 0.00961985718459
    },
    "silence_rate_20dB": {
        "dmean": 0,
        "dmean2": 0,
        "dvar": 0,
        "dvar2": 0,
        "max": 1,
        "mean": 1,
        "median": 1,
        "min": 1,
        "var": 0
    },
    "silence_rate_30dB": {
        "dmean": 0,
        "dmean2": 0,
        "dvar": 0,
        "dvar2": 0,
        "max": 1,
        "mean": 1,
        "median": 1,
        "min": 1,
        "var": 0
    },
    "silence_rate_60dB": {
        "dmean": 0,
        "dmean2": 0,
        "dvar": 0,
        "dvar2": 0,
        "max": 0,
        "mean": 0,
        "median": 0,
        "min": 0,
        "var": 0
    },
    "spectral_centroid": {
        "dmean": 237.984832764,
        "dmean2": 380.15020752,
        "dvar": 49595.9023438,
        "dvar2": 123940.210938,
        "max": 2780.17651367,
        "mean": 1307.64990234,
        "median": 1248.66455078,
        "min": 430.450317383,
        "var": 164546.390625
    },
    "spectral_complexity": {
        "dmean": 3.87151694298,
        "dmean2": 6.04879951477,
        "dvar": 12.0702362061,
        "dvar2": 26.546710968,
        "max": 49,
        "mean": 26.2296981812,
        "median": 26,
        "min": 4,
        "var": 44.3347396851
    },
    "spectral_decrease": {
        "dmean": 3.42518879926e-09,
        "dmean2": 5.52456969061e-09,
        "dvar": 2.22765281071e-17,
        "dvar2": 5.2792598987e-17,
        "max": -2.02460426202e-09,
        "mean": -9.37107280663e-09,
        "median": -7.61726504095e-09,
        "min": -3.43142367853e-08,
        "var": 2.83294536723e-17
    },
    "spectral_energy": {
        "dmean": 0.0133116077632,
        "dmean2": 0.02137420699,
        "dvar": 0.000329052709276,
        "dvar2": 0.000780888425652,
        "max": 0.132098689675,
        "mean": 0.0375385843217,
        "median": 0.0308371651918,
        "min": 0.00848306808621,
        "var": 0.000424825266236
    },
    "spectral_energyband_high": {
        "dmean": 0.000238071996137,
        "dmean2": 0.000352642935468,
        "dvar": 9.52641556751e-08,
        "dvar2": 1.88497295994e-07,
        "max": 0.00385477999225,
        "mean": 0.000753651140258,
        "median": 0.000564350455534,
        "min": 6.34903117316e-05,
        "var": 3.48815518691e-07
    },
    "spectral_energyband_low": {
        "dmean": 0.0084771560505,
        "dmean2": 0.013309687376,
        "dvar": 0.000192203078768,
        "dvar2": 0.00041498124483,
        "max": 0.0953207015991,
        "mean": 0.0134283462539,
        "median": 0.00752838607877,
        "min": 0.000394277682062,
        "var": 0.000250469194725
    },
    "spectral_energyband_middle_high": {
        "dmean": 0.00216430914588,
        "dmean2": 0.00353562296368,
        "dvar": 6.58681210552e-06,
        "dvar2": 1.73322860064e-05,
        "max": 0.0299057848752,
        "mean": 0.00720099173486,
        "median": 0.00634664203972,
        "min": 0.000611939583905,
        "var": 1.52994471136e-05
    },
    "spectral_energyband_middle_low": {
        "dmean": 0.00833184178919,
        "dmean2": 0.0137034840882,
        "dvar": 0.000154668305186,
        "dvar2": 0.000407033105148,
        "max": 0.100095756352,
        "mean": 0.0191230662167,
        "median": 0.0158874243498,
        "min": 0.00292278314009,
        "var": 0.000181900133612
    },
    "spectral_entropy": {
        "dmean": 0.110626406968,
        "dmean2": 0.16849604249,
        "dvar": 0.0101339705288,
        "dvar2": 0.0247630346566,
        "max": 8.27475643158,
        "mean": 7.66839313507,
        "median": 7.67521572113,
        "min": 6.94354963303,
        "var": 0.0428849905729
    },
    "spectral_flux": {
        "dmean": 0.0322321616113,
        "dmean2": 0.0495296902955,
        "dvar": 0.00137982540764,
        "dvar2": 0.00269787292928,
        "max": 0.300186097622,
        "mean": 0.105373866856,
        "median": 0.0888627693057,
        "min": 0.0333815999329,
        "var": 0.00251881917939
    },
    "spectral_kurtosis": {
        "dmean": 1.19816672802,
        "dmean2": 2.05901026726,
        "dvar": 1.31569445133,
        "dvar2": 3.86382031441,
        "max": 10.3619670868,
        "mean": 3.36980628967,
        "median": 3.1250500679,
        "min": 0.0737154483795,
        "var": 2.65241742134
    },
    "spectral_rms": {
        "dmean": 0.000973128946498,
        "dmean2": 0.00152978266124,
        "dvar": 1.35189782213e-06,
        "dvar2": 3.07655773213e-06,
        "max": 0.0113523900509,
        "mean": 0.0058699529618,
        "median": 0.00548498285934,
        "min": 0.00287683238275,
        "var": 2.166717195e-06
    },
    "spectral_rolloff": {
        "dmean": 372.247375488,
        "dmean2": 624.880249023,
        "dvar": 197156.46875,
        "dvar2": 442016.375,
        "max": 5254.1015625,
        "mean": 1218.24719238,
        "median": 1162.79296875,
        "min": 86.1328125,
        "var": 412301.59375
    },
    "spectral_skewness": {
        "dmean": 0.172963202,
        "dmean2": 0.284112125635,
        "dvar": 0.0209595523775,
        "dvar2": 0.0563539229333,
        "max": 2.519780159,
        "mean": 1.32361793518,
        "median": 1.33189940453,
        "min": 0.308545053005,
        "var": 0.0764898955822
    },
    "spectral_spread": {
        "dmean": 373890.28125,
        "dmean2": 535352.875,
        "dvar": 232396357632,
        "dvar2": 483499180032,
        "max": 9965240,
        "mean": 4078343.25,
        "median": 3969301.25,
        "min": 2287835,
        "var": 771972333568
    },
    "spectral_strongpeak": {
        "dmean": 0.469188004732,
        "dmean2": 0.805841743946,
        "dvar": 0.422331124544,
        "dvar2": 1.09503448009,
        "max": 6.53600168228,
        "mean": 0.817447662354,
        "median": 0.527205049992,
        "min": 0.0468857325613,
        "var": 0.62189912796
    },
    "zerocrossingrate": {
        "dmean": 0.00772746652365,
        "dmean2": 0.00923838745803,
        "dvar": 4.57378955616e-05,
        "dvar2": 6.71529342071e-05,
        "max": 0.13671875,
        "mean": 0.053685259074,
        "median": 0.05126953125,
        "min": 0.0126953125,
        "var": 0.000252330995863
    },
    "barkbands": {
        "dmean": [0.000134211732075, 0.00491995643824, 0.00333977048285, 0.00452868035063, 0.00312130711973, 0.00151000125334, 0.000657514494378, 0.00101103866473, 0.00130682473537, 0.000755724322516, 0.000615945609752, 0.000529719924089, 0.0008244268829, 0.000467107398435, 0.000250946060987, 0.00016508086992, 0.000308811373543, 0.000309165770886, 0.000216524509597, 0.00015563267516, 7.5609277701e-05, 7.39131355658e-05, 4.02617333748e-05, 3.45573134837e-05, 2.73946807283e-05, 1.34050160341e-05, 3.49366691133e-09],
        "dmean2": [0.000203232746571, 0.00758364191279, 0.0060000801459, 0.00737439328805, 0.00530195701867, 0.00250082206912, 0.00101712963078, 0.00156871962827, 0.00211641727947, 0.00123900652397, 0.00102059962228, 0.000892873038538, 0.0014249321539, 0.000799208355602, 0.000407911575167, 0.000272856588708, 0.000504760129843, 0.000502465874888, 0.00035496414057, 0.000257235020399, 0.00012591102859, 0.000111060813651, 6.25498360023e-05, 5.1467675803e-05, 4.24597092206e-05, 1.8994714992e-05, 6.40371355942e-09],
        "dvar": [8.11449396565e-08, 0.000118246229249, 3.79991652153e-05, 8.82819440449e-05, 2.29764063988e-05, 6.47826118438e-06, 1.24941925606e-06, 3.38387621923e-06, 3.21975539919e-06, 8.66195250637e-07, 7.9630081018e-07, 6.48921854918e-07, 1.62421724781e-06, 5.5217691397e-07, 9.61293693535e-08, 7.93045913383e-08, 2.17253315782e-07, 6.04640376878e-07, 1.3335221638e-07, 2.87652763831e-08, 6.72440236826e-09, 1.40999540932e-08, 3.34120753287e-09, 5.0558135456e-09, 6.29850216427e-09, 1.14106268878e-09, 2.80480693272e-16],
        "dvar2": [1.63822150512e-07, 0.000264524423983, 0.000107903200842, 0.000225773997954, 6.45257969154e-05, 1.78448208317e-05, 2.92501999866e-06, 7.05056845618e-06, 7.90046669863e-06, 2.35541187976e-06, 2.14164242607e-06, 1.85339501968e-06, 4.77233334095e-06, 1.63714662449e-06, 2.37658454694e-07, 2.13212516087e-07, 5.57931400635e-07, 1.48556625845e-06, 3.16727380323e-07, 7.3981105686e-08, 1.69202714062e-08, 2.60133408148e-08, 6.74212508045e-09, 1.190287513e-08, 1.67873537293e-08, 2.27377028317e-09, 7.57238190422e-16],
        "max": [0.00239632581361, 0.0830826610327, 0.041244700551, 0.0764628127217, 0.0468435324728, 0.0327178016305, 0.0161297228187, 0.0438145659864, 0.0265301931649, 0.0156323164701, 0.0200969930738, 0.00808139704168, 0.0121765788645, 0.0159601960331, 0.00345299299806, 0.00546317920089, 0.00482003111392, 0.0101476544514, 0.00541699072346, 0.00249255867675, 0.00108694739174, 0.00244644586928, 0.000718936673366, 0.0011139594717, 0.00107588537503, 0.000387765030609, 3.53767148908e-07],
        "mean": [0.000168961210875, 0.0063835028559, 0.00426361197606, 0.00550493178889, 0.00510125420988, 0.00265218829736, 0.00106401450466, 0.00169942423236, 0.00248168734834, 0.0012367812451, 0.00105944741517, 0.000816241488792, 0.00111582374666, 0.000793797429651, 0.000506209966261, 0.000294239813229, 0.000525096198544, 0.00048379204236, 0.00041871322901, 0.000353966723196, 0.000185652490472, 0.000198979134439, 9.79674805421e-05, 7.09896048647e-05, 4.38367060269e-05, 1.7528227545e-05, 2.47234788198e-09],
        "median": [2.47637472057e-05, 0.00241407030262, 0.00266735232435, 0.00258795055561, 0.00327284145169, 0.00148947979324, 0.000612721662037, 0.000977278919891, 0.00139982276596, 0.000896136858501, 0.000719477829989, 0.00037634477485, 0.000706248043571, 0.000494034262374, 0.000344432890415, 0.000199739297386, 0.000333031406626, 0.000229384546401, 0.000283691828372, 0.00029048032593, 0.000140746429679, 0.000131523556774, 6.48275090498e-05, 4.58698850707e-05, 2.23426450248e-05, 2.56655744124e-06, 5.76136693908e-10],
        "min": [7.43294279459e-08, 6.34673824607e-06, 4.10987413488e-05, 1.2623800103e-05, 8.65359252202e-05, 1.64527918969e-05, 9.47603257373e-06, 2.60902252194e-05, 5.45588118257e-05, 4.73036343465e-05, 7.47490685171e-06, 2.26950851356e-05, 3.28616661136e-05, 1.55103334691e-05, 2.19914272748e-05, 8.98161306395e-06, 2.13553084905e-05, 2.05288233701e-05, 3.37517776643e-05, 3.52296337951e-05, 1.79898324859e-05, 5.90174477111e-06, 7.28665384031e-07, 2.33145101447e-07, 6.52073737228e-08, 3.73041250668e-11, 7.55141869174e-12],
        "var": [1.24533428902e-07, 0.000143585493788, 2.89476774924e-05, 8.9590997959e-05, 2.9966897273e-05, 1.11254812509e-05, 2.23280790124e-06, 6.65553307044e-06, 1.02684680314e-05, 1.29795364501e-06, 1.80705035291e-06, 1.21939353903e-06, 1.72751640548e-06, 9.77353124654e-07, 2.28157844617e-07, 1.14891783198e-07, 3.43077857679e-07, 7.47935303025e-07, 2.42496128067e-07, 6.26774081525e-08, 1.84518658131e-08, 5.57452572991e-08, 1.00772767908e-08, 8.88177709157e-09, 6.23070617323e-09, 1.76936076901e-09, 1.6828679866e-16]
    },
    "erbbands": {
        "dmean": [0.141007378697, 1.19681441784, 3.42255115509, 9.85015773773, 12.271440506, 9.9835729599, 11.9080219269, 13.0432252884, 11.2618951797, 13.6900911331, 22.8225479126, 32.8994216919, 24.0143890381, 18.4962730408, 23.5077800751, 24.4431209564, 39.586856842, 21.7826919556, 15.8358602524, 10.161907196, 9.84081077576, 15.8098106384, 17.0604038239, 12.3850955963, 9.26263713837, 7.76289415359, 3.99861526489, 2.45534968376, 2.80507874489, 1.85603487492, 1.09066343307, 0.784788310528, 0.573609530926, 0.383581221104, 0.149824723601, 0.0650445595384, 0.0288049764931, 0.00179887691047, 3.88308399124e-05, 1.60497511388e-05],
        "dmean2": [0.200775355101, 1.97584462166, 6.06581449509, 16.1646595001, 21.1884098053, 16.7892570496, 18.756072998, 21.7148647308, 17.45753479, 21.4453716278, 35.7279319763, 52.8963394165, 39.5652389526, 30.2595272064, 38.994758606, 40.8890228271, 68.7902374268, 37.3520507812, 26.0866279602, 16.7816619873, 16.0114955902, 25.7973041534, 27.8210048676, 20.4939460754, 15.3109340668, 12.994058609, 6.60085439682, 3.97084355354, 4.30627393723, 2.82597064972, 1.65200603008, 1.16888237, 0.894993901253, 0.616186916828, 0.227798610926, 0.0964885503054, 0.0406328216195, 0.00261975917965, 5.52285055164e-05, 2.49951826845e-05],
        "dvar": [0.0936563014984, 7.624792099, 44.5710487366, 340.188201904, 611.728942871, 244.857589722, 287.552947998, 623.141418457, 486.880950928, 427.212646484, 1803.94665527, 2148.27807617, 1027.86621094, 560.988464355, 1100.75219727, 1497.11572266, 4097.20263672, 878.711853027, 576.183776855, 171.796554565, 278.976989746, 800.513793945, 1782.98205566, 634.620422363, 206.628143311, 74.7932434082, 18.6706390381, 9.98818588257, 20.9683952332, 7.75498723984, 2.59331035614, 2.00941729546, 1.83965969086, 1.36742448807, 0.152812942863, 0.0262365788221, 0.0053804833442, 1.7357426259e-05, 6.61714327777e-09, 4.29760810272e-10],
        "dvar2": [0.182336956263, 18.5957889557, 124.648902893, 820.685058594, 1700.19641113, 662.379333496, 736.280639648, 1691.85144043, 1187.66967773, 1025.9276123, 3750.12890625, 5275.81884766, 2816.85351562, 1469.97436523, 2893.39916992, 4282.21240234, 12153.2939453, 2655.18408203, 1598.45349121, 430.589080811, 746.102416992, 2023.85375977, 4412.98144531, 1583.99694824, 457.129730225, 203.331359863, 48.4933662415, 23.3680839539, 40.4323768616, 16.2090072632, 5.27393770218, 4.38316392899, 4.64861011505, 3.73652982712, 0.37310218811, 0.0554127767682, 0.0108530428261, 3.60905396519e-05, 1.31988677765e-08, 9.97665838831e-10],
        "max": [2.06409502029, 20.9719486237, 53.0191726685, 150.87322998, 191.692657471, 156.587860107, 179.1121521, 399.475952148, 371.968536377, 296.351776123, 1079.69384766, 779.771850586, 509.809997559, 349.278656006, 787.296264648, 410.728302002, 636.137756348, 475.361175537, 447.729522705, 198.899581909, 311.599945068, 362.414337158, 601.175231934, 412.12789917, 181.39692688, 132.05531311, 51.3342895508, 42.2007713318, 97.1072387695, 43.3921661377, 23.733549118, 24.8184547424, 19.617231369, 16.1617984772, 5.79171895981, 1.70616102219, 0.927300810814, 0.0514045096934, 0.000962124671787, 0.000145936603076],
        "mean": [0.167479991913, 1.48696994781, 4.60675621033, 12.4228811264, 17.2108020782, 16.188709259, 20.6355457306, 21.8938331604, 18.5867271423, 23.7150840759, 41.9840927124, 64.7528610229, 39.8505783081, 34.1290893555, 42.0295600891, 42.24842453, 55.5360527039, 37.0407524109, 33.6144180298, 21.367773056, 18.6722698212, 28.3282852173, 28.5879859924, 22.7849407196, 19.5858211517, 17.5777111053, 9.62185287476, 6.35084199905, 7.39592790604, 4.79178524017, 2.55981230736, 1.61586308479, 1.11354732513, 0.624162197113, 0.227639228106, 0.0870864540339, 0.0357093662024, 0.002113427734, 6.42240411253e-05, 4.68330872536e-05],
        "median": [0.0229485072196, 0.663878977299, 3.18748378754, 5.69550657272, 11.8495454788, 8.16191577911, 12.0444946289, 11.0213098526, 10.0583744049, 13.2743968964, 26.6376552582, 35.7533378601, 28.8698120117, 25.0105724335, 29.2842235565, 22.0162372589, 35.8882408142, 26.2685775757, 22.2329750061, 15.3610200882, 12.9013776779, 17.1221809387, 14.3851881027, 13.8244504929, 14.2060146332, 14.3498325348, 7.51266384125, 4.54986667633, 4.89206075668, 3.20614147186, 1.62506175041, 0.937556684017, 0.728428602219, 0.341006308794, 0.0903517976403, 0.0180733986199, 0.00396617781371, 0.00018821581034, 2.69245829259e-05, 3.88658336306e-05],
        "min": [0.000581172876991, 0.00869407411665, 0.197619080544, 0.337785452604, 0.152496874332, 0.32305881381, 0.368137806654, 0.258353382349, 0.258699059486, 0.573708415031, 1.34549844265, 1.76005911827, 2.58876776695, 0.902006089687, 0.724477410316, 1.16912126541, 1.79971671104, 1.30677509308, 1.29163122177, 1.40918636322, 0.988665699959, 1.32032465935, 2.10817432404, 1.56530046463, 1.62461841106, 1.7961640358, 0.736336350441, 0.329838454723, 0.2043723315, 0.0767347440124, 0.0221056416631, 0.00579807814211, 0.00444119377062, 0.00125428894535, 0.000267703231657, 2.85733949568e-05, 7.51448624214e-06, 1.72129659859e-06, 5.8572945818e-06, 1.07403129732e-05],
        "var": [0.136669009924, 7.49080514908, 33.0247535706, 388.797210693, 493.029388428, 440.641784668, 566.136779785, 1019.61358643, 852.930969238, 962.391906738, 3568.00268555, 7558.828125, 1498.61865234, 907.988891602, 2569.52416992, 2940.05932617, 4265.10351562, 1272.6036377, 1344.94677734, 378.910614014, 397.666168213, 1291.74157715, 2233.62426758, 1029.96862793, 391.4921875, 153.977813721, 46.1929092407, 31.3744735718, 80.9924850464, 25.8115024567, 7.48290729523, 4.46896696091, 2.46155762672, 1.26401114464, 0.185745760798, 0.0391145460308, 0.00797661114484, 2.42348378379e-05, 1.01010275699e-08, 6.09760852921e-10]
    },
    "gfcc": {
        "mean": [36.1206436157, 111.506561279, -135.448471069, 41.6606140137, -65.7827758789, 18.170293808, -32.6826095581, 5.64168071747, -26.6521682739, -4.92688465118, -14.3532333374, -10.2405548096, -10.7253656387],
        "cov": [[808.786376953, -523.721679688, 312.170196533, -59.4243965149, 16.0092086792, 40.5717658997, -169.246017456, 88.8776168823, -113.551963806, 127.988510132, -146.044998169, 145.091400146, -124.909164429], [-523.721679688, 649.383361816, -272.51171875, 61.9351005554, 39.1431503296, -47.8547325134, 145.516357422, -78.878944397, 174.597106934, -101.955703735, 170.992218018, -113.889678955, 167.338760376], [312.170196533, -272.51171875, 422.395904541, -50.8159713745, -1.22892415524, -6.13045978546, -76.2727813721, 83.3393325806, -83.2570724487, 122.930053711, -107.110900879, 104.122436523, -73.3301773071], [-59.4243965149, 61.9351005554, -50.8159713745, 180.290786743, 27.4814300537, 18.1865119934, 28.7873325348, -21.8164825439, 45.6852836609, -55.9834442139, 56.1722984314, -36.0254135132, 36.9163017273], [16.0092086792, 39.1431503296, -1.22892415524, 27.4814300537, 187.651199341, 15.5491218567, 52.5830535889, 39.1249198914, -12.6509637833, 5.68880271912, 21.7415485382, 31.7311191559, -16.2947063446], [40.5717658997, -47.8547325134, -6.13045978546, 18.1865119934, 15.5491218567, 107.686286926, 20.2771053314, 18.1128196716, 12.9302148819, 8.26448154449, 17.7749958038, 5.14486646652, 14.8915910721], [-169.246017456, 145.516357422, -76.2727813721, 28.7873325348, 52.5830535889, 20.2771053314, 140.981338501, 15.612663269, 42.0234794617, -30.0071048737, 45.3921585083, -28.1038398743, 20.6063575745], [88.8776168823, -78.878944397, 83.3393325806, -21.8164825439, 39.1249198914, 18.1128196716, 15.612663269, 133.688583374, -0.647434651852, 47.3160743713, -1.11727654934, 41.6758766174, -7.87086248398], [-113.551963806, 174.597106934, -83.2570724487, 45.6852836609, -12.6509637833, 12.9302148819, 42.0234794617, -0.647434651852, 173.285751343, 15.3751497269, 40.1470375061, -30.6525096893, 60.1516227722], [127.988510132, -101.955703735, 122.930053711, -55.9834442139, 5.68880271912, 8.26448154449, -30.0071048737, 47.3160743713, 15.3751497269, 121.393959045, -29.6173667908, 56.396156311, -21.5148124695], [-146.044998169, 170.992218018, -107.110900879, 56.1722984314, 21.7415485382, 17.7749958038, 45.3921585083, -1.11727654934, 40.1470375061, -29.6173667908, 136.706481934, -10.7897787094, 69.8098831177], [145.091400146, -113.889678955, 104.122436523, -36.0254135132, 31.7311191559, 5.14486646652, -28.1038398743, 41.6758766174, -30.6525096893, 56.396156311, -10.7897787094, 108.769737244, -17.3138217926], [-124.909164429, 167.338760376, -73.3301773071, 36.9163017273, -16.2947063446, 14.8915910721, 20.6063575745, -7.87086248398, 60.1516227722, -21.5148124695, 69.8098831177, -17.3138217926, 114.529167175]],
        "icov": [[0.00343168107793, 0.001919177128, -0.000716336129699, 8.61368898768e-05, -0.00115003832616, -0.000639293226413, 0.00227313162759, -0.00026720733149, -0.0010106562404, 0.000319991377182, 0.000390222878195, -0.00119176332373, 0.000117219264212], [0.001919177128, 0.0130670992658, -0.00299458880909, 0.00707219960168, -0.0063927336596, 0.00751421414316, -0.00408942159265, 0.00596116809174, -0.00929076876491, 0.00613003131002, -0.00858098641038, 0.00630450434983, -0.00972265284508], [-0.000716336129699, -0.00299458880909, 0.00655936961994, -0.00406981213018, 0.00257216556929, -0.00100576807745, 0.00065991608426, -0.00321377255023, 0.00494329724461, -0.00623284466565, 0.00530450372025, -0.00368558452465, 0.0017053153133], [8.61368898768e-05, 0.00707219960168, -0.00406981213018, 0.0134000079706, -0.00554081052542, 0.00316243083216, -0.00175076699816, 0.00470144487917, -0.00870806444436, 0.00925391819328, -0.00865063257515, 0.00589141994715, -0.00525025697425], [-0.00115003832616, -0.0063927336596, 0.00257216556929, -0.00554081052542, 0.010760766454, -0.00353429093957, -0.00130731239915, -0.00428144447505, 0.00599962379783, -0.00421298062429, 0.00387163111009, -0.00587057694793, 0.00626068934798], [-0.000639293226413, 0.00751421414316, -0.00100576807745, 0.00316243083216, -0.00353429093957, 0.0155045613647, -0.00525116687641, 0.00297976727597, -0.00485475873575, 0.00193737598602, -0.00577704468742, 0.00437257485464, -0.0076127643697], [0.00227313162759, -0.00408942159265, 0.00065991608426, -0.00175076699816, -0.00130731239915, -0.00525116687641, 0.0148732541129, -0.00470841536298, 0.000421419099439, 0.00063473067712, 0.00176262448076, -0.00140100100543, 0.00554995890707], [-0.00026720733149, 0.00596116809174, -0.00321377255023, 0.00470144487917, -0.00428144447505, 0.00297976727597, -0.00470841536298, 0.013731027022, -0.00493104569614, 0.00143609254155, -0.00566800683737, 0.00235229125246, -0.00511013856158], [-0.0010106562404, -0.00929076876491, 0.00494329724461, -0.00870806444436, 0.00599962379783, -0.00485475873575, 0.000421419099439, -0.00493104569614, 0.0175359863788, -0.0119963549078, 0.00816526077688, -0.00313285691664, 0.00260033831], [0.000319991377182, 0.00613003131002, -0.00623284466565, 0.00925391819328, -0.00421298062429, 0.00193737598602, 0.00063473067712, 0.00143609254155, -0.0119963549078, 0.0231911763549, -0.00622720783576, -0.000579990970436, -0.00208279956132], [0.000390222878195, -0.00858098641038, 0.00530450372025, -0.00865063257515, 0.00387163111009, -0.00577704468742, 0.00176262448076, -0.00566800683737, 0.00816526077688, -0.00622720783576, 0.021232707426, -0.00802068226039, 0.000130397835164], [-0.00119176332373, 0.00630450434983, -0.00368558452465, 0.00589141994715, -0.00587057694793, 0.00437257485464, -0.00140100100543, 0.00235229125246, -0.00313285691664, -0.000579990970436, -0.00802068226039, 0.0207420699298, -0.00619910703972], [0.000117219264212, -0.00972265284508, 0.0017053153133, -0.00525025697425, 0.00626068934798, -0.0076127643697, 0.00554995890707, -0.00511013856158, 0.00260033831, -0.00208279956132, 0.000130397835164, -0.00619910703972, 0.0236064512283]]
    },
    "melbands": {
        "dmean": [0.00130013702437, 0.00165934907272, 0.00178755505476, 0.00070911826333, 0.000446823629318, 0.00029270115192, 0.000161876683705, 0.000167752164998, 0.000210512400372, 0.000186052930076, 0.000119637916214, 7.50579638407e-05, 8.86037450982e-05, 5.94849916524e-05, 8.4689418145e-05, 6.59432262182e-05, 4.46775957244e-05, 2.97261303785e-05, 1.8822018319e-05, 1.20799295473e-05, 1.34965057441e-05, 1.6835578208e-05, 2.00088343263e-05, 1.43632241816e-05, 1.05390263343e-05, 7.75302123657e-06, 6.98081976225e-06, 5.05600701217e-06, 2.72917077382e-06, 2.00592148758e-06, 1.66114648437e-06, 1.76807964181e-06, 1.54536098762e-06, 1.03243189642e-06, 7.15173939625e-07, 5.35605295227e-07, 5.21882327575e-07, 4.32624432278e-07, 4.18255524437e-07, 3.16666103117e-07],
        "dmean2": [0.00189755542669, 0.00285071833059, 0.00297718425281, 0.0012125398498, 0.000704427075107, 0.000483328942209, 0.000252279627603, 0.000261481065536, 0.000332359690219, 0.000301736814436, 0.000197103305254, 0.00012319124653, 0.000147487269714, 0.000100229779491, 0.00014517060481, 0.000114242793643, 7.72958082962e-05, 4.9341317208e-05, 3.07810369122e-05, 2.01257171284e-05, 2.21990922e-05, 2.76260943792e-05, 3.22822015733e-05, 2.36412033701e-05, 1.75910718099e-05, 1.29632371682e-05, 1.15627981359e-05, 8.48707804835e-06, 4.54897372038e-06, 3.36330299433e-06, 2.71009594144e-06, 2.74880835605e-06, 2.35198967857e-06, 1.62414380611e-06, 1.10151029276e-06, 8.2866398543e-07, 7.93024071299e-07, 6.799191965e-07, 6.79053073327e-07, 5.14819646469e-07],
        "dvar": [8.05578474683e-06, 1.08730191641e-05, 1.1487246411e-05, 1.43032320921e-06, 4.22190964855e-07, 2.85454518689e-07, 9.10587232283e-08, 6.87394461352e-08, 1.01679468401e-07, 6.62583303779e-08, 2.55812278027e-08, 1.00712247431e-08, 1.87013888819e-08, 6.82725520562e-09, 1.09507016788e-08, 1.28617756445e-08, 4.11038758585e-09, 2.8137496777e-09, 5.81040826564e-10, 3.58615248608e-10, 4.76007955275e-10, 8.75392258681e-10, 2.117743092e-09, 1.21076759729e-09, 4.49249776269e-10, 1.63650801244e-10, 7.18940532107e-11, 3.20268603304e-11, 1.04537324977e-11, 5.13848338879e-12, 4.94303079371e-12, 8.08402390168e-12, 6.73261186385e-12, 2.07557950861e-12, 9.94562505269e-13, 8.83933117674e-13, 8.83005474295e-13, 9.25891416488e-13, 1.24772642305e-12, 1.01691756144e-12],
        "dvar2": [1.6952129954e-05, 2.85384248855e-05, 2.94133424177e-05, 4.03931426263e-06, 1.07589983145e-06, 7.87019132531e-07, 2.22208697664e-07, 1.60000880101e-07, 2.1916498838e-07, 1.65914755712e-07, 6.91597676905e-08, 2.59053276608e-08, 4.95255818578e-08, 1.92704732171e-08, 3.14621289021e-08, 3.80759530572e-08, 1.23819594577e-08, 8.0321287399e-09, 1.44835776705e-09, 9.46942746438e-10, 1.30028043888e-09, 2.28011365344e-09, 5.27197885347e-09, 3.14812442781e-09, 1.13651776878e-09, 3.63420543659e-10, 1.80883266698e-10, 8.95186702543e-11, 2.7381106063e-11, 1.35901793291e-11, 1.19636921897e-11, 1.61782913455e-11, 1.43529233637e-11, 4.75071241027e-12, 2.11558786982e-12, 1.8527729264e-12, 2.01315093068e-12, 2.27633992385e-12, 3.38766384736e-12, 2.78586810738e-12],
        "max": [0.0200061649084, 0.0261495560408, 0.0286837089807, 0.0122868539765, 0.0080524533987, 0.00792352948338, 0.00493135955185, 0.00383786763996, 0.00736116105691, 0.00430265581235, 0.00264360709116, 0.00143276154995, 0.00330659025349, 0.000807771226391, 0.00101906468626, 0.00131660932675, 0.00118402403314, 0.0010427449597, 0.000298097613268, 0.000305781868519, 0.000336889177561, 0.000342766143149, 0.000753568660002, 0.000392783229472, 0.0003474697005, 0.000169896215084, 9.57147931331e-05, 7.42850315874e-05, 3.72820577468e-05, 2.70700511464e-05, 2.95315148833e-05, 5.91985262872e-05, 5.14671191922e-05, 1.81349441846e-05, 1.23552845253e-05, 1.50343321366e-05, 1.73948756128e-05, 1.23332974908e-05, 1.75979585038e-05, 1.47086293509e-05],
        "mean": [0.00162528501824, 0.00230579101481, 0.00241482141428, 0.00110784778371, 0.000787817989476, 0.000501844915561, 0.000265242968453, 0.000282880733721, 0.000394425034756, 0.000362843100447, 0.000185721466551, 0.000130711385282, 0.000150940642925, 9.65277213254e-05, 0.000131145759951, 8.94743934623e-05, 7.08504230715e-05, 5.78904764552e-05, 3.70149718947e-05, 2.13984403672e-05, 2.28068147408e-05, 2.81901448034e-05, 3.16995938192e-05, 2.16131629713e-05, 1.8165945221e-05, 1.49419665831e-05, 1.40051024573e-05, 1.06630150185e-05, 5.86521946389e-06, 4.39319501311e-06, 3.66536573893e-06, 4.29428246207e-06, 3.64348920812e-06, 2.31695435104e-06, 1.55454506512e-06, 1.04417472357e-06, 9.62049170994e-07, 7.90795297689e-07, 6.89111857355e-07, 4.70212455639e-07],
        "median": [0.000443414406618, 0.00149751128629, 0.00134121696465, 0.000794789288193, 0.000441602314822, 0.000257019564742, 0.000145086451084, 0.000151710934006, 0.000252106052358, 0.000208005410968, 0.000132065630169, 9.372097702e-05, 9.96516828309e-05, 5.25818250026e-05, 8.73293029144e-05, 5.60074331588e-05, 4.75701453979e-05, 3.61128004442e-05, 2.45269147854e-05, 1.38221939778e-05, 1.51047388499e-05, 1.6829051674e-05, 1.63294280355e-05, 1.07767546069e-05, 1.0852865671e-05, 1.00344450402e-05, 1.13485175461e-05, 8.36041363073e-06, 4.36789832747e-06, 3.39962730322e-06, 2.56205953519e-06, 2.75262073046e-06, 2.27957434618e-06, 1.61685420608e-06, 1.0047615433e-06, 5.95987216911e-07, 5.63089315619e-07, 5.01578597323e-07, 4.1314544319e-07, 2.35169935081e-07],
        "min": [1.31960064209e-06, 6.66764972266e-05, 5.72069511691e-05, 1.36487833515e-05, 1.59558367159e-05, 3.63126810043e-06, 2.47884690907e-06, 3.6104568153e-06, 1.15245220513e-05, 7.57021916797e-06, 9.10911694518e-06, 3.26895428771e-06, 1.57683234647e-06, 3.15238958137e-06, 2.4739406399e-06, 2.6163631901e-06, 1.65473329616e-06, 1.40270526572e-06, 1.79579797077e-06, 1.22832500438e-06, 8.9834946948e-07, 8.20030891191e-07, 1.73977753093e-06, 9.17617057894e-07, 9.13784674594e-07, 9.4723895927e-07, 1.29648003622e-06, 8.26902521567e-07, 4.37007741994e-07, 3.74572891815e-07, 8.68531202514e-08, 7.15232530979e-08, 2.07550687747e-08, 1.46887302321e-08, 1.42248479662e-08, 2.17985643425e-10, 1.01993646862e-09, 3.28016880324e-09, 1.83068216142e-09, 8.46156922307e-10],
