{
"highlevel": {
    "danceability": {
        "all": {
            "danceable": 0.016702407971,
            "not_danceable": 0.983297586441
        },
        "probability": 0.983297586441,
        "value": "not_danceable"
    },
    "gender": {
        "all": {
            "female": 0.231355413795,
            "male": 0.768644571304
        },
        "probability": 0.768644571304,
        "value": "male"
    },
    "genre_dortmund": {
        "all": {
            "alternative": 0.157561480999,
            "blues": 0.0113087240607,
            "electronic": 0.0118970451877,
            "folkcountry": 0.173053726554,
            "funksoulrnb": 0.0117725487798,
            "jazz": 0.575253009796,
            "pop": 0.0396837294102,
            "raphiphop": 0.0018969962839,
            "rock": 0.0175727419555
        },
        "probability": 0.575253009796,
        "value": "jazz"
    },
    "genre_electronic": {
        "all": {
            "ambient": 0.936289906502,
            "dnb": 0.00455677323043,
            "house": 0.0416366867721,
            "techno": 0.00671376939863,
            "trance": 0.010802840814
        },
        "probability": 0.936289906502,
        "value": "ambient"
    },
    "genre_rosamerica": {
        "all": {
            "cla": 0.282235324383,
            "dan": 0.0123720914125,
            "hip": 0.0193414036185,
            "jaz": 0.293041557074,
            "pop": 0.098684117198,
            "rhy": 0.221804156899,
            "roc": 0.0260812882334,
            "spe": 0.0464400313795
        },
        "probability": 0.293041557074,
        "value": "jaz"
    },
    "genre_tzanetakis": {
        "all": {
            "blu": 0.0626541376114,
            "cla": 0.0348133966327,
            "cou": 0.0783501937985,
            "dis": 0.104547761381,
            "hip": 0.15693578124,
            "jaz": 0.313987255096,
            "met": 0.044816005975,
            "pop": 0.0627349764109,
            "reg": 0.0627352520823,
            "roc": 0.0784252434969
        },
        "probability": 0.313987255096,
        "value": "jaz"
    },
    "ismir04_rhythm": {
        "all": {
            "ChaChaCha": 0.00931049138308,
            "Jive": 0.00224206503481,
            "Quickstep": 0.0161171685904,
            "Rumba-American": 0.0168448798358,
            "Rumba-International": 0.561256229877,
            "Rumba-Misc": 0.0389056131244,
            "Samba": 0.0122640291229,
            "Tango": 0.137809053063,
            "VienneseWaltz": 0.146083757281,
            "Waltz": 0.0591666735709
        },
        "probability": 0.561256229877,
        "value": "Rumba-International"
    },
    "mood_acoustic": {
        "all": {
            "acoustic": 0.957384645939,
            "not_acoustic": 0.042615365237
        },
        "probability": 0.957384645939,
        "value": "acoustic"
    },
    "mood_aggressive": {
        "all": {
            "aggressive": 0.012052975595,
            "not_aggressive": 0.987947046757
        },
        "probability": 0.987947046757,
        "value": "not_aggressive"
    },
    "mood_electronic": {
        "all": {
            "electronic": 0.418385535479,
            "not_electronic": 0.581614434719
        },
        "probability": 0.581614434719,
        "value": "not_electronic"
    },
    "mood_happy": {
        "all": {
            "happy": 0.0157597269863,
            "not_happy": 0.984240293503
        },
        "probability": 0.984240293503,
        "value": "not_happy"
    },
    "mood_party": {
        "all": {
            "not_party": 0.990511834621,
            "party": 0.00948816165328
        },
        "probability": 0.990511834621,
        "value": "not_party"
    },
    "mood_relaxed": {
        "all": {
            "not_relaxed": 0.00298447185196,
            "relaxed": 0.997015535831
        },
        "probability": 0.997015535831,
        "value": "relaxed"
    },
    "mood_sad": {
        "all": {
            "not_sad": 0.0598477683961,
            "sad": 0.940152227879
        },
        "probability": 0.940152227879,
        "value": "sad"
    },
    "moods_mirex": {
        "all": {
            "Cluster1": 0.0758382976055,
            "Cluster2": 0.108073651791,
            "Cluster3": 0.74967777729,
            "Cluster4": 0.0504625104368,
            "Cluster5": 0.0159477349371
        },
        "probability": 0.74967777729,
        "value": "Cluster3"
    },
    "timbre": {
        "all": {
            "bright": 0.311512351036,
            "dark": 0.688487648964
        },
        "probability": 0.688487648964,
        "value": "dark"
    },
    "tonal_atonal": {
        "all": {
            "atonal": 0.114658869803,
            "tonal": 0.885341107845
        },
        "probability": 0.885341107845,
        "value": "tonal"
    },
    "voice_instrumental": {
        "all": {
            "instrumental": 0.610698759556,
            "voice": 0.389301210642
        },
        "probability": 0.610698759556,
        "value": "instrumental"
    }
},
"lowlevel": {
    "average_loudness": 0.951995313168,
    "barkbands_crest": {
        "dmean": 2.32779884338,
        "dmean2": 3.70324110985,
        "dvar": 4.55120563507,
        "dvar2": 10.4587917328,
        "max": 25.9547252655,
        "mean": 11.7141160965,
        "median": 10.9435386658,
        "min": 4.48787641525,
        "var": 16.2469997406
    },
    "barkbands_flatness_db": {
        "dmean": 0.0285049583763,
        "dmean2": 0.0387618094683,
        "dvar": 0.00078945455607,
        "dvar2": 0.00135594292078,
        "max": 0.49039798975,
        "mean": 0.273702800274,
        "median": 0.263615459204,
        "min": 0.0943969637156,
        "var": 0.00432475795969
    },
    "barkbands_kurtosis": {
        "dmean": 4.79510784149,
        "dmean2": 7.59791040421,
        "dvar": 48.8884544373,
        "dvar2": 117.922828674,
        "max": 94.6794052124,
        "mean": 10.0803775787,
        "median": 6.31122684479,
        "min": -1.82858264446,
        "var": 123.323944092
    },
    "barkbands_skewness": {
        "dmean": 0.598395586014,
        "dmean2": 0.923311114311,
        "dvar": 0.41364172101,
        "dvar2": 0.989692270756,
        "max": 8.66796970367,
        "mean": 2.05271577835,
        "median": 1.78152263165,
        "min": -0.49184346199,
        "var": 1.66247832775
    },
    "barkbands_spread": {
        "dmean": 2.14460277557,
        "dmean2": 3.24275660515,
        "dvar": 24.2563037872,
        "dvar2": 53.5803565979,
        "max": 66.5368041992,
        "mean": 6.41321134567,
        "median": 5.30328035355,
        "min": 0.766974568367,
        "var": 31.6469326019
    },
    "dissonance": {
        "dmean": 0.0406566411257,
        "dmean2": 0.0672710165381,
        "dvar": 0.00118237384595,
        "dvar2": 0.00290487357415,
        "max": 0.498722314835,
        "mean": 0.393406927586,
        "median": 0.400820344687,
        "min": 0.186034202576,
        "var": 0.00331325386651
    },
    "dynamic_complexity": 2.23441004753,
    "erbbands_crest": {
        "dmean": 2.46060538292,
        "dmean2": 3.75097537041,
        "dvar": 5.63289690018,
        "dvar2": 12.39731884,
        "max": 31.0233020782,
        "mean": 12.1132001877,
        "median": 11.2464342117,
        "min": 3.70874834061,
        "var": 19.9802627563
    },
    "erbbands_flatness_db": {
        "dmean": 0.023222124204,
        "dmean2": 0.0329088866711,
        "dvar": 0.000668881461024,
        "dvar2": 0.00115013867617,
        "max": 0.428794384003,
        "mean": 0.235948562622,
        "median": 0.236030176282,
        "min": 0.104301624,
        "var": 0.00284210056998
    },
    "erbbands_kurtosis": {
        "dmean": 1.99034941196,
        "dmean2": 3.17185139656,
        "dvar": 6.5076084137,
        "dvar2": 16.5853881836,
        "max": 31.4756736755,
        "mean": 3.4766972065,
        "median": 2.59294033051,
        "min": -1.74285173416,
        "var": 13.6578168869
    },
    "erbbands_skewness": {
        "dmean": 0.434473276138,
        "dmean2": 0.654681742191,
        "dvar": 0.189602732658,
        "dvar2": 0.448001116514,
        "max": 4.22975206375,
        "mean": 1.21160531044,
        "median": 1.163636446,
        "min": -4.45760440826,
        "var": 0.661194264889
    },
    "erbbands_spread": {
        "dmean": 5.89891195297,
        "dmean2": 8.95226383209,
        "dvar": 121.628631592,
        "dvar2": 233.503631592,
        "max": 123.115600586,
        "mean": 19.9628772736,
        "median": 15.3481092453,
        "min": 3.01311278343,
        "var": 229.473083496
    },
    "hfc": {
        "dmean": 3.24202227592,
        "dmean2": 4.55878591537,
        "dvar": 17.6788673401,
        "dvar2": 41.1093940735,
        "max": 83.8152313232,
        "mean": 13.4766139984,
        "median": 11.8115787506,
        "min": 0.194151982665,
        "var": 81.4129714966
    },
    "melbands_crest": {
        "dmean": 3.0945494175,
        "dmean2": 4.66955900192,
        "dvar": 7.44322776794,
        "dvar2": 15.6350345612,
        "max": 30.6277942657,
        "mean": 16.5506038666,
        "median": 15.5482606888,
        "min": 5.42464923859,
        "var": 32.7778663635
    },
    "melbands_flatness_db": {
        "dmean": 0.0329839661717,
        "dmean2": 0.0433539971709,
        "dvar": 0.00119444390293,
        "dvar2": 0.00190173997544,
        "max": 0.605996131897,
        "mean": 0.345473080873,
        "median": 0.33034414053,
        "min": 0.0781798511744,
        "var": 0.00715350871906
    },
    "melbands_kurtosis": {
        "dmean": 7.09331321716,
        "dmean2": 11.2923126221,
        "dvar": 114.930519104,
        "dvar2": 277.346069336,
        "max": 148.5675354,
        "mean": 15.2312402725,
        "median": 8.26812839508,
        "min": -1.74154162407,
        "var": 307.028320312
    },
    "melbands_skewness": {
        "dmean": 0.674903571606,
        "dmean2": 1.04573321342,
        "dvar": 0.568487048149,
        "dvar2": 1.25748717785,
        "max": 8.83986949921,
        "mean": 2.42133617401,
        "median": 2.04464793205,
        "min": -0.0843484476209,
        "var": 2.32985115051
    },
    "melbands_spread": {
        "dmean": 2.16834807396,
        "dmean2": 3.29421925545,
        "dvar": 25.792257309,
        "dvar2": 65.6183319092,
        "max": 90.3029937744,
        "mean": 7.26198530197,
        "median": 5.93276262283,
        "min": 0.9149132967,
        "var": 33.3520355225
    },
    "pitch_salience": {
        "dmean": 0.066365249455,
        "dmean2": 0.101268388331,
        "dvar": 0.00381033308804,
        "dvar2": 0.00820790231228,
        "max": 0.76008439064,
        "mean": 0.494668662548,
        "median": 0.498379021883,
        "min": 0.129703655839,
        "var": 0.012495576404
    },
    "silence_rate_20dB": {
        "dmean": 0,
        "dmean2": 0,
        "dvar": 0,
        "dvar2": 0,
        "max": 1,
        "mean": 1,
        "median": 1,
        "min": 1,
        "var": 0
    },
    "silence_rate_30dB": {
        "dmean": 0.0263157896698,
        "dmean2": 0.0526723451912,
        "dvar": 0.0256232395768,
        "dvar2": 0.0607422888279,
        "max": 1,
        "mean": 0.976798117161,
        "median": 1,
        "min": 0,
        "var": 0.0226632710546
    },
    "silence_rate_60dB": {
        "dmean": 0.0139318881556,
        "dmean2": 0.0278853606433,
        "dvar": 0.0137380361557,
        "dvar2": 0.0302064195275,
        "max": 1,
        "mean": 0.0224284604192,
        "median": 0,
        "min": 0,
        "var": 0.0219256896526
    },
    "spectral_centroid": {
        "dmean": 88.9475402832,
        "dmean2": 128.39616394,
        "dvar": 31498.0214844,
        "dvar2": 64578.3242188,
        "max": 2624.41064453,
        "mean": 470.32019043,
        "median": 428.38973999,
        "min": 168.994003296,
        "var": 55311.9570312
    },
    "spectral_complexity": {
        "dmean": 1.56578946114,
        "dmean2": 2.46243214607,
        "dvar": 2.80601882935,
        "dvar2": 5.738904953,
        "max": 31,
        "mean": 9.89327144623,
        "median": 9,
        "min": 2,
        "var": 12.8223562241
    },
    "spectral_decrease": {
        "dmean": 2.92093726983e-09,
        "dmean2": 4.01319466548e-09,
        "dvar": 1.07687269051e-17,
        "dvar2": 1.80186721522e-17,
        "max": -1.96894556215e-10,
        "mean": -1.03477431068e-08,
        "median": -9.09450914577e-09,
        "min": -4.26547011045e-08,
        "var": 4.70390714445e-17
    },
    "spectral_energy": {
        "dmean": 0.0112651279196,
        "dmean2": 0.0154735762626,
        "dvar": 0.000159055765835,
        "dvar2": 0.000268718868028,
        "max": 0.163491174579,
        "mean": 0.0402771122754,
        "median": 0.035376328975,
        "min": 0.000760963594075,
        "var": 0.000700258649886
    },
    "spectral_energyband_high": {
        "dmean": 7.29252351448e-05,
        "dmean2": 0.000111918838229,
        "dvar": 5.31081880695e-08,
        "dvar2": 1.15106317367e-07,
        "max": 0.00296105211601,
        "mean": 0.000107100335299,
        "median": 4.22949924541e-05,
        "min": 9.04905448351e-08,
        "var": 6.1020443809e-08
    },
    "spectral_energyband_low": {
        "dmean": 0.00707005476579,
        "dmean2": 0.00893040932715,
        "dvar": 0.000110368600872,
        "dvar2": 0.000165193254361,
        "max": 0.117992073298,
        "mean": 0.0155615545809,
        "median": 0.00885754544288,
        "min": 1.55006164277e-05,
        "var": 0.000368251901818
    },
    "spectral_energyband_middle_high": {
        "dmean": 0.00106748566031,
        "dmean2": 0.00154412479606,
        "dvar": 7.6357709986e-06,
        "dvar2": 1.94289277715e-05,
        "max": 0.0643928349018,
        "mean": 0.00304636196233,
        "median": 0.00137854961213,
        "min": 6.8080780693e-06,
        "var": 1.65219371411e-05
    },
    "spectral_energyband_middle_low": {
        "dmean": 0.00658106710762,
        "dmean2": 0.0102907214314,
        "dvar": 5.59891050216e-05,
        "dvar2": 0.000135474780109,
        "max": 0.0847532451153,
        "mean": 0.0227724686265,
        "median": 0.0212490670383,
        "min": 0.00016532963491,
        "var": 0.00020942928677
    },
    "spectral_entropy": {
        "dmean": 0.279660582542,
        "dmean2": 0.388213187456,
        "dvar": 0.0962294563651,
        "dvar2": 0.168116733432,
        "max": 8.44543361664,
        "mean": 6.23703432083,
        "median": 6.24062252045,
        "min": 4.41697597504,
        "var": 0.348702013493
    },
    "spectral_flux": {
        "dmean": 0.027273317799,
        "dmean2": 0.0427219718695,
        "dvar": 0.000747366051655,
        "dvar2": 0.00178077071905,
        "max": 0.262273520231,
        "mean": 0.0745574384928,
        "median": 0.0690768659115,
        "min": 0.00669136503711,
        "var": 0.00144935166463
    },
    "spectral_kurtosis": {
        "dmean": 7.93191719055,
        "dmean2": 12.1046466827,
        "dvar": 128.637680054,
        "dvar2": 249.291641235,
        "max": 167.07661438,
        "mean": 20.3545207977,
        "median": 13.1444511414,
        "min": -0.588506221771,
        "var": 505.849090576
    },
    "spectral_rms": {
        "dmean": 0.000869114592206,
        "dmean2": 0.00118678307626,
        "dvar": 7.13337783509e-07,
        "dvar2": 1.18886316613e-06,
        "max": 0.0126294726506,
        "mean": 0.00591333024204,
        "median": 0.00587481819093,
        "min": 0.00086162838852,
        "var": 4.32724982602e-06
    },
    "spectral_rolloff": {
        "dmean": 140.365264893,
        "dmean2": 239.883377075,
        "dvar": 277847.75,
        "dvar2": 738372.4375,
        "max": 7795.01953125,
        "mean": 531.919372559,
        "median": 387.59765625,
        "min": 107.666015625,
        "var": 240886.796875
    },
    "spectral_skewness": {
        "dmean": 0.636287748814,
        "dmean2": 0.927847862244,
        "dvar": 0.520708322525,
        "dvar2": 1.00283122063,
        "max": 10.6011533737,
        "mean": 3.34737753868,
        "median": 3.03611111641,
        "min": 0.322043091059,
        "var": 2.2409362793
    },
    "spectral_spread": {
        "dmean": 587014.1875,
        "dmean2": 861648.625,
        "dvar": 576915374080,
        "dvar2": 1.0210679849e+12,
        "max": 13066321,
        "mean": 3054632.75,
        "median": 2914108,
        "min": 467429.625,
        "var": 1.56800018022e+12
    },
    "spectral_strongpeak": {
        "dmean": 0.420772403479,
        "dmean2": 0.710302054882,
        "dvar": 0.365805357695,
        "dvar2": 0.954050898552,
        "max": 7.79709434509,
        "mean": 1.07221007347,
        "median": 0.799688994884,
        "min": 0.061487454921,
        "var": 0.63789743185
    },
    "zerocrossingrate": {
        "dmean": 0.00507366564125,
        "dmean2": 0.00627352530137,
        "dvar": 6.56767297187e-05,
        "dvar2": 9.01380553842e-05,
        "max": 0.1572265625,
        "mean": 0.0238494984806,
        "median": 0.021484375,
        "min": 0.00439453125,
        "var": 0.000198091889615
    },
    "barkbands": {
        "dmean": [3.21387119584e-06, 0.00248830020428, 0.00444666063413, 0.00150161224883, 0.00375785725191, 0.0027543422766, 0.000471074454254, 0.00123524386436, 0.000234014107264, 0.000536787556484, 0.000104418955743, 0.00054617918795, 0.000237049986026, 4.96357788506e-05, 2.93441371468e-05, 1.25015667436e-05, 2.59838816419e-05, 1.99151836568e-05, 2.85126043309e-05, 1.85163280548e-05, 9.94179299596e-06, 2.45165592787e-05, 2.24699924729e-05, 1.01405003079e-05, 6.6895386226e-06, 2.11141400541e-06, 1.69928926486e-09],
        "dmean2": [5.18532169735e-06, 0.00293921609409, 0.00586191797629, 0.00247312360443, 0.00578869879246, 0.00454931333661, 0.000659798330162, 0.0017169828061, 0.000321973726386, 0.000799874833319, 0.000158031805768, 0.00084519671509, 0.000322009349475, 7.60191542213e-05, 4.09774220316e-05, 1.8219161575e-05, 3.89169363189e-05, 2.81685624941e-05, 4.22771336162e-05, 2.89217859972e-05, 1.551843161e-05, 3.72102804249e-05, 3.66294407286e-05, 1.62089054356e-05, 1.03651409518e-05, 3.47164018422e-06, 3.16336978834e-09],
        "dvar": [5.43417089105e-10, 1.61931147886e-05, 4.79007903778e-05, 7.39475672162e-06, 2.53496345977e-05, 1.82775384019e-05, 7.62861702697e-07, 4.97925748277e-06, 2.5752746069e-07, 1.77033757609e-06, 5.86020902915e-08, 5.20263802173e-06, 3.07238167352e-07, 1.37740734374e-08, 2.7864626162e-08, 1.66419145131e-09, 4.30963309483e-09, 1.61520463671e-09, 7.06756786428e-09, 2.84499823699e-09, 2.8149638176e-09, 5.55710677475e-09, 7.74878028409e-09, 1.14812526153e-09, 3.82473330784e-10, 4.66491116569e-11, 5.16145812982e-18],
        "dvar2": [5.8352150889e-10, 2.21338468691e-05, 7.62850395404e-05, 1.79739363375e-05, 6.19273996563e-05, 4.61780800833e-05, 1.3739578435e-06, 8.73188218975e-06, 4.27814370596e-07, 4.86029966851e-06, 1.35974104865e-07, 1.37006682053e-05, 5.27502038494e-07, 3.00661149311e-08, 4.27652331325e-08, 2.92673729696e-09, 9.20690812478e-09, 2.96894797636e-09, 1.41004701248e-08, 6.55395693272e-09, 6.97542423822e-09, 1.21401413367e-08, 1.91921394332e-08, 2.78358647243e-09, 8.28515311913e-10, 1.19482021499e-10, 1.54537223847e-17],
        "max": [0.000816262210719, 0.0440151207149, 0.0739689618349, 0.0367062836885, 0.0712381452322, 0.0550884753466, 0.012691420503, 0.0300250481814, 0.0156823005527, 0.0211123898625, 0.00523585267365, 0.059155754745, 0.00746558653191, 0.00205336790532, 0.00657207984477, 0.00129701080732, 0.00134405796416, 0.000846353941597, 0.001466495567, 0.0008661011816, 0.00130537967198, 0.00101089221425, 0.00149124243762, 0.00062329438515, 0.00029929439188, 0.000114255351946, 2.49418530274e-08],
        "mean": [3.05770390696e-06, 0.00469006178901, 0.00976028293371, 0.00246541155502, 0.00813191384077, 0.00622588256374, 0.00121571368072, 0.00398939009756, 0.000618345569819, 0.00122899503913, 0.000210594589589, 0.000900224142242, 0.000422113313107, 9.04945190996e-05, 5.31991317985e-05, 2.25866315304e-05, 4.56085545011e-05, 3.73412221961e-05, 4.37396411144e-05, 2.36002870224e-05, 1.15465272756e-05, 3.65740597772e-05, 2.82986020466e-05, 1.14373287943e-05, 8.45249905979e-06, 2.28524959311e-06, 1.32507893547e-09],
        "median": [9.32158513933e-07, 0.00129860709421, 0.0042279753834, 0.000896838610061, 0.00529727293178, 0.0033754282631, 0.000498140172567, 0.000508923607413, 0.000223718816414, 0.000307133537717, 5.5673513998e-05, 0.000265289738309, 6.9411136792e-05, 2.3966162189e-05, 1.4907493096e-05, 7.18515275366e-06, 1.45723133755e-05, 1.19190308396e-05, 9.25482254388e-06, 2.82242763205e-06, 2.83978943116e-06, 1.09641850941e-05, 9.54702954914e-06, 2.42245141635e-06, 2.58460249825e-06, 7.8521281921e-07, 5.48727896454e-10],
        "min": [3.72808717231e-09, 3.03190063278e-07, 2.75354227597e-06, 1.13722556705e-07, 5.51518951397e-06, 5.82912762184e-05, 6.56355041428e-07, 1.07674554783e-06, 1.08576205093e-06, 4.09278754887e-07, 1.73359651967e-07, 4.52512836091e-07, 4.24629888585e-07, 2.86252969772e-07, 1.54845906764e-07, 5.11346556209e-08, 5.27937018546e-08, 4.53541524337e-08, 1.63892206473e-08, 8.4622184815e-09, 1.10260804931e-08, 9.88574644367e-09, 8.86259243771e-09, 8.12428613273e-09, 1.25898080849e-09, 4.96319582655e-11, 1.86877041619e-11],
        "var": [5.41479805438e-10, 5.34506834811e-05, 0.000164402881637, 1.38643390528e-05, 6.8467190431e-05, 6.44146930426e-05, 3.58404327017e-06, 3.60715857823e-05, 1.99857890948e-06, 4.09851236327e-06, 1.59619602869e-07, 4.8060910558e-06, 8.5479672407e-07, 4.68232954631e-08, 8.13432379232e-08, 4.60793714296e-09, 9.56283408016e-09, 5.40635003432e-09, 1.37279396739e-08, 3.86211684855e-09, 2.36329911196e-09, 7.20336812421e-09, 6.5076890543e-09, 1.15196652217e-09, 4.61951393804e-10, 4.062237699e-11, 4.30719314247e-18]
    },
    "erbbands": {
        "dmean": [0.0113404132426, 0.811608374119, 5.35027360916, 3.53195214272, 8.34527778625, 13.4028987885, 21.0626659393, 21.6756954193, 8.70259189606, 12.387840271, 25.7701683044, 5.29688167572, 13.2279748917, 8.72877597809, 8.84345817566, 18.7740383148, 11.3891038895, 3.87291240692, 1.76990044117, 1.12251591682, 0.834252536297, 1.52442419529, 1.20520031452, 1.01956725121, 1.46402907372, 0.735720455647, 0.527497768402, 0.470007658005, 0.862056314945, 0.720549583435, 0.666384577751, 0.306598812342, 0.145664796233, 0.0869866684079, 0.0380648374557, 0.0152336964384, 0.00271225604229, 0.000192950610653, 8.23179289e-06, 1.25081542137e-05],
        "dmean2": [0.0134588442743, 0.970779359341, 6.86507797241, 5.43882369995, 13.4749145508, 20.7947158813, 34.0572967529, 34.1106338501, 12.5725421906, 16.5495376587, 35.623008728, 7.06227397919, 19.6815776825, 13.0485525131, 13.3136072159, 29.1804504395, 15.4276599884, 5.23185968399, 2.57022452354, 1.61953091621, 1.21651136875, 2.19288444519, 1.68439459801, 1.45124804974, 2.29929757118, 1.15709424019, 0.827532887459, 0.685153484344, 1.30492210388, 1.18649327755, 1.07518911362, 0.505376517773, 0.221952855587, 0.134393438697, 0.0598160251975, 0.0250719580799, 0.00445464951918, 0.000328324735165, 1.24713887999e-05, 1.7213047613e-05],
        "dvar": [0.000317334197462, 1.72380435467, 73.3424453735, 26.7997932434, 194.070236206, 490.330841064, 915.074951172, 1673.73254395, 315.432891846, 394.011993408, 2395.29589844, 106.625556946, 1150.140625, 302.184417725, 337.709716797, 11605.5048828, 854.094909668, 68.8207855225, 26.1948356628, 23.6891117096, 7.48040962219, 13.4770202637, 6.30680608749, 7.51923179626, 20.0438690186, 4.5225725174, 8.24233150482, 2.33353567123, 7.4864897728, 7.29308795929, 7.09034872055, 0.938134610653, 0.308103948832, 0.0726361498237, 0.0152340233326, 0.00248847831972, 6.62728416501e-05, 4.16881334786e-07, 2.09933154194e-10, 1.91048510345e-10],
        "dvar2": [0.000419611838879, 2.41356921196, 113.784721375, 62.0096817017, 477.549865723, 1211.33837891, 2280.6237793, 3602.62670898, 619.934326172, 706.109191895, 4331.80810547, 159.504180908, 3168.49755859, 792.594604492, 810.90045166, 31309.3886719, 1700.51806641, 133.035751343, 47.2058944702, 36.9305419922, 13.5928192139, 24.5907745361, 11.5447664261, 14.039850235, 45.1958732605, 10.3030252457, 21.750421524, 4.65054130554, 16.9386882782, 16.6694126129, 17.922586441, 2.38993787766, 0.709542632103, 0.165839284658, 0.0351695008576, 0.00638276943937, 0.000165818390087, 1.11385838863e-06, 5.24936205615e-10, 3.29817506639e-10],
        "max": [0.199545502663, 14.5170907974, 93.7630996704, 56.6343536377, 172.866012573, 335.659576416, 393.167449951, 615.617858887, 260.869476318, 309.219665527, 639.73449707, 424.228515625, 603.477966309, 226.604553223, 256.509735107, 2924.88842773, 477.58303833, 161.121124268, 174.185348511, 187.809188843, 83.1706542969, 94.8382263184, 55.7670059204, 48.9132728577, 75.9138412476, 31.620382309, 68.8297271729, 28.9455356598, 34.1832771301, 38.8935279846, 47.8586425781, 11.7100582123, 12.8370065689, 5.85120630264, 2.29308342934, 0.808028697968, 0.110829278827, 0.00846233870834, 0.000225360403419, 0.000178083937499],
        "mean": [0.022568223998, 1.57314121723, 11.3021659851, 8.13397598267, 13.7335004807, 29.7536334991, 41.9737358093, 56.7717514038, 27.1460266113, 39.3842887878, 79.114616394, 15.2982568741, 30.3121261597, 22.4853076935, 18.546503067, 28.3826885223, 21.2990989685, 7.97843122482, 3.32402777672, 2.14009332657, 1.59969830513, 2.9057996273, 2.39070630074, 1.86632275581, 2.026440382, 0.926469087601, 0.60116815567, 0.644843637943, 1.237839818, 1.02188682556, 0.798556506634, 0.351091951132, 0.168861165643, 0.110208123922, 0.0421961434186, 0.0162576213479, 0.00301103829406, 0.000184499338502, 2.3480199161e-05, 4.51720588899e-05],
        "median": [0.00740786083043, 0.455868035555, 4.0572271347, 6.41682767868, 7.30743789673, 15.2110710144, 28.9203834534, 25.7928085327, 10.2053785324, 14.5821819305, 11.7222337723, 7.44648122787, 9.09065818787, 10.0897226334, 7.69273424149, 8.88212776184, 4.60617542267, 1.84831857681, 1.33117628098, 0.756817162037, 0.537993490696, 1.01767778397, 0.775554180145, 0.518698215485, 0.423247635365, 0.145155757666, 0.108475290239, 0.142374277115, 0.352618843317, 0.373907834291, 0.238024368882, 0.089211717248, 0.0359324403107, 0.0309002175927, 0.0135459899902, 0.00525053031743, 0.000956426025368, 4.56878915429e-05, 2.03470972338e-05, 4.0217750211e-05],
        "min": [6.51162699796e-05, 0.000600378960371, 0.00372219574638, 0.00595956062898, 0.0121933771297, 0.0300798397511, 0.108166888356, 0.443578183651, 0.0695945620537, 0.0477526150644, 0.0877402201295, 0.165487214923, 0.0494861491024, 0.0355916135013, 0.0317169092596, 0.0264568813145, 0.0242650490254, 0.0162139870226, 0.0177334565669, 0.0053056939505, 0.00356929237023, 0.00354706309736, 0.00330568966456, 0.00115684245247, 0.000932553200983, 0.00117534201127, 0.000583833782002, 0.000398757867515, 0.0004081845982, 0.000223561844905, 0.000279068684904, 0.000168550875969, 0.000100242643384, 5.30687830178e-05, 3.58589895768e-05, 3.46884144165e-06, 7.91781531007e-07, 1.37588557436e-07, 4.52380675142e-07, 8.70105054673e-07],
        "var": [0.0011208463693, 5.62138223648, 243.904922485, 67.3820571899, 326.31854248, 1469.58874512, 1999.68969727, 7760.07910156, 1505.51477051, 2633.47558594, 14349.7910156, 860.834289551, 2554.30541992, 1062.21862793, 742.984069824, 8777.49804688, 2013.9317627, 311.510559082, 71.4503097534, 68.7844848633, 19.5405845642, 35.2245903015, 21.9504184723, 19.2530345917, 26.6976242065, 5.61511087418, 6.34938573837, 3.22088336945, 9.2265291214, 7.09616231918, 5.76767539978, 0.848707973957, 0.330732315779, 0.0821389108896, 0.0155807957053, 0.00214613019489, 6.16148026893e-05, 3.13919088057e-07, 3.30791144476e-10, 8.5225287938e-10]
    },
    "gfcc": {
        "mean": [-62.8971138, 155.458084106, -89.3131332397, 11.4593076706, -71.8947525024, 8.58856487274, -38.1686439514, -7.23984146118, -24.7835769653, -12.8842535019, -7.71417474747, -0.917124927044, -14.0772533417],
        "cov": [[4191.44482422, -1317.88146973, -648.092712402, 241.930648804, -467.563812256, 277.017974854, -307.2449646, 243.213058472, -96.5388870239, 132.583114624, -172.252426147, 154.327209473, -438.127960205], [-1317.88146973, 1236.07067871, 435.157318115, -239.789733887, 504.083770752, -113.055763245, 271.686462402, -140.282409668, 142.833282471, -77.8715744019, 154.423736572, -68.4608688354, 160.649627686], [-648.092712402, 435.157318115, 618.808654785, 169.397216797, 260.745880127, 15.2198667526, 105.035690308, -54.3972816467, 54.3913917542, 8.77525520325, 10.729973793, -55.9769134521, 107.329162598], [241.930648804, -239.789733887, 169.397216797, 583.526977539, 97.4569778442, 32.0940246582, -28.8479404449, 8.81478214264, -15.2125349045, 40.0376815796, -16.0877056122, -83.4969787598, 78.9451293945], [-467.563812256, 504.083770752, 260.745880127, 97.4569778442, 437.816314697, -6.94091176987, 96.7664031982, -63.9571418762, 46.4571304321, -3.65489864349, 51.4648246765, -72.359954834, 93.9810943604], [277.017974854, -113.055763245, 15.2198667526, 32.0940246582, -6.94091176987, 167.752944946, 14.218536377, 41.6162834167, 27.1860237122, 24.4018878937, -21.2682380676, 18.3579425812, -46.2100906372], [-307.2449646, 271.686462402, 105.035690308, -28.8479404449, 96.7664031982, 14.218536377, 241.274841309, 62.4602546692, 13.5907678604, 4.0044593811, 38.4612731934, -11.2249498367, 40.1004829407], [243.213058472, -140.282409668, -54.3972816467, 8.81478214264, -63.9571418762, 41.6162834167, 62.4602546692, 172.689147949, -1.08161425591, 33.378616333, -11.4544324875, 1.35154879093, -53.3073768616], [-96.5388870239, 142.833282471, 54.3913917542, -15.2125349045, 46.4571304321, 27.1860237122, 13.5907678604, -1.08161425591, 126.371284485, 11.4061222076, 24.5402317047, 1.66061389446, 3.17799210548], [132.583114624, -77.8715744019, 8.77525520325, 40.0376815796, -3.65489864349, 24.4018878937, 4.0044593811, 33.378616333, 11.4061222076, 107.916481018, 5.69610023499, -8.2936372757, -4.03039073944], [-172.252426147, 154.423736572, 10.729973793, -16.0877056122, 51.4648246765, -21.2682380676, 38.4612731934, -11.4544324875, 24.5402317047, 5.69610023499, 133.642028809, 27.4610557556, 37.7107963562], [154.327209473, -68.4608688354, -55.9769134521, -83.4969787598, -72.359954834, 18.3579425812, -11.2249498367, 1.35154879093, 1.66061389446, -8.2936372757, 27.4610557556, 127.109329224, 1.61137914658], [-438.127960205, 160.649627686, 107.329162598, 78.9451293945, 93.9810943604, -46.2100906372, 40.1004829407, -53.3073768616, 3.17799210548, -4.03039073944, 37.7107963562, 1.61137914658, 166.271118164]],
        "icov": [[0.000613563519437, -0.000456864217995, 0.000601463601924, -0.000878055929206, 0.000175610155566, -0.000526651740074, 0.000578777107876, -0.000386482075555, 0.000531543861143, -0.000716428854503, 0.00060630455846, -0.00127441331279, 0.00142501248047], [-0.000456864217995, 0.0103345131502, -0.00379480770789, 0.00638415850699, -0.0066143530421, 0.00460043083876, -0.00676951976493, 0.00429873727262, -0.0068639125675, 0.00492214504629, -0.00519891921431, 0.00513402326033, -0.00236267945729], [0.000601463601924, -0.00379480770789, 0.00427457969636, -0.00331668881699, 0.00137903203722, -0.00212703994475, 0.00174072687514, -0.000957733660471, 0.00191600702237, -0.00234695104882, 0.00290415529162, -0.00263556698337, 0.00124273297843], [-0.000878055929206, 0.00638415850699, -0.00331668881699, 0.00707564782351, -0.00407144986093, 0.00212722993456, -0.0032010152936, 0.00183808372822, -0.00371817080304, 0.00314024789259, -0.0037996310275, 0.00589600065723, -0.00449495017529], [0.000175610155566, -0.0066143530421, 0.00137903203722, -0.00407144986093, 0.0082789817825, -0.00337644014508, 0.00322341150604, -0.00141862372402, 0.00371368858032, -0.00278623495251, 0.00200808350928, -0.00101249967702, 0.000462139112642], [-0.000526651740074, 0.00460043083876, -0.00212703994475, 0.00212722993456, -0.00337644014508, 0.0103841843084, -0.0040949000977, 0.00144427653868, -0.00495707197115, 0.00120383547619, -0.000772251689341, 7.55450237193e-05, 0.00107379001565], [0.000578777107876, -0.00676951976493, 0.00174072687514, -0.0032010152936, 0.00322341150604, -0.0040949000977, 0.0113774295896, -0.00683331442997, 0.00525997579098, -0.00270844413899, 0.0020380881615, -0.0028664150741, -3.35003751388e-05], [-0.000386482075555, 0.00429873727262, -0.000957733660471, 0.00183808372822, -0.00141862372402, 0.00144427653868, -0.00683331442997, 0.0113373985514, -0.00320620113052, 3.12757447318e-06, -0.00174422992859, 0.0022299750708, 0.00149515364319], [0.000531543861143, -0.0068639125675, 0.00191600702237, -0.00371817080304, 0.00371368858032, -0.00495707197115, 0.00525997579098, -0.00320620113052, 0.0139357047155, -0.00409424956888, 0.00175454781856, -0.00346662569791, 0.00205786759034], [-0.000716428854503, 0.00492214504629, -0.00234695104882, 0.00314024789259, -0.00278623495251, 0.00120383547619, -0.00270844413899, 3.12757447318e-06, -0.00409424956888, 0.0133266635239, -0.00391921773553, 0.00435627158731, -0.00280794082209], [0.00060630455846, -0.00519891921431, 0.00290415529162, -0.0037996310275, 0.00200808350928, -0.000772251689341, 0.0020380881615, -0.00174422992859, 0.00175454781856, -0.00391921773553, 0.0127633865923, -0.00635119294748, 0.00118802161887], [-0.00127441331279, 0.00513402326033, -0.00263556698337, 0.00589600065723, -0.00101249967702, 7.55450237193e-05, -0.0028664150741, 0.0022299750708, -0.00346662569791, 0.00435627158731, -0.00635119294748, 0.0158051364124, -0.0059579918161], [0.00142501248047, -0.00236267945729, 0.00124273297843, -0.00449495017529, 0.000462139112642, 0.00107379001565, -3.35003751388e-05, 0.00149515364319, 0.00205786759034, -0.00280794082209, 0.00118802161887, -0.0059579918161, 0.0135895544663]]
    },
    "melbands": {
        "dmean": [0.000356783159077, 0.00219254964031, 0.000749743834604, 0.000729087914806, 0.00071955670137, 0.000486139993882, 0.000126699043903, 0.000183723910595, 0.000184074073331, 2.6502450055e-05, 7.30093815946e-05, 4.54130349681e-05, 2.13798139157e-05, 6.3874409534e-05, 3.1741856219e-05, 2.64011778199e-05, 5.14057819601e-06, 3.17541866934e-06, 2.64168488684e-06, 7.5339318073e-07, 1.04925811684e-06, 1.74815318132e-06, 1.35516529554e-06, 8.25258837267e-07, 8.57430222823e-07, 1.18222328638e-06, 1.01875286873e-06, 3.94026812955e-07, 3.73391372932e-07, 2.34682971723e-07, 3.16712743142e-07, 5.56182328637e-07, 4.30381817296e-07, 4.01580138032e-07, 3.98701160975e-07, 3.28087281787e-07, 1.37882807394e-07, 9.80964429687e-08, 9.99811646807e-08, 6.9293484728e-08],
        "dmean2": [0.00041997488006, 0.00276564154774, 0.00115899567027, 0.00112759741023, 0.00116130360402, 0.00078062096145, 0.000182525400305, 0.000246499694185, 0.000252025289228, 3.56305718014e-05, 0.000108729575004, 6.81945020915e-05, 3.25302098645e-05, 9.67599771684e-05, 4.96906577609e-05, 3.4912944102e-05, 7.40481436878e-06, 4.85654254589e-06, 3.67608276974e-06, 1.12432860533e-06, 1.55953568992e-06, 2.54185943049e-06, 1.95916732082e-06, 1.18634432056e-06, 1.23968140997e-06, 1.7797020746e-06, 1.6719731093e-06, 6.28461464203e-07, 5.86970088534e-07, 3.66202584701e-07, 4.51495822062e-07, 8.45804947858e-07, 6.81061351315e-07, 6.66975779495e-07, 6.40716734779e-07, 5.48147852442e-07, 2.29410417774e-07, 1.5286165933e-07, 1.49828295548e-07, 1.09757294808e-07],
        "dvar": [3.28782306269e-07, 1.21918174045e-05, 1.20997776776e-06, 1.09770292056e-06, 1.06052948468e-06, 7.35842775157e-07, 6.3234651293e-08, 8.56927044879e-08, 1.17826353119e-07, 3.6135168191e-09, 3.44899611093e-08, 9.27412546758e-09, 1.88560456138e-09, 4.10904767989e-08, 4.29952358161e-08, 4.62150184788e-09, 1.45711609445e-10, 5.29372969071e-11, 2.8030081034e-10, 2.54668031455e-12, 1.470785993e-11, 1.97929259788e-11, 9.33508305379e-12, 2.81864353906e-12, 5.55960139037e-12, 1.34559785189e-11, 9.32349336624e-12, 1.63974508884e-12, 3.27991431757e-12, 1.79923209578e-12, 9.57301187106e-13, 3.22728085575e-12, 1.88904122379e-12, 2.42359843132e-12, 2.77846430759e-12, 1.28660406981e-12, 2.02619144336e-13, 1.66496956738e-13, 1.0292607695e-13, 4.9132003804e-14],
        "dvar2": [4.42265502443e-07, 1.8439402993e-05, 2.84632801595e-06, 2.66848633146e-06, 2.53514508586e-06, 1.64381606282e-06, 1.24348972008e-07, 1.4867960374e-07, 2.16188752233e-07, 5.48218626051e-09, 9.49653724547e-08, 2.4793710196e-08, 4.71993466533e-09, 1.03378745564e-07, 1.1629948915e-07, 8.01108956949e-09, 2.88949530969e-10, 1.21233745265e-10, 4.31167074266e-10, 5.96998709149e-12, 2.61514265104e-11, 3.5328805853e-11, 2.10735109918e-11, 5.61507481137e-12, 1.05009317214e-11, 2.691228837e-11, 2.30156206593e-11, 3.77171427771e-12, 8.48759083849e-12, 4.6060130536e-12, 1.94312773337e-12, 7.08446452544e-12, 4.32165327829e-12, 5.63050907981e-12, 7.09522544884e-12, 3.34874229041e-12, 5.13931453817e-13, 3.8691662721e-13, 2.17975607724e-13, 1.16997936946e-13],
        "max": [0.00622634356841, 0.0386789254844, 0.0139286275953, 0.0161159783602, 0.0136948861182, 0.0126901352778, 0.00377977103926, 0.00430501392111, 0.00526185706258, 0.00260177254677, 0.00323390145786, 0.00122498872224, 0.000921648694202, 0.0045076450333, 0.00567342573777, 0.000963575032074, 0.000279991014395, 0.000145090030855, 0.000661520811263, 2.96954385703e-05, 0.000122997706058, 0.000115846472909, 6.89156513545e-05, 2.81953834929e-05, 4.22451739723e-05, 5.62409695704e-05, 4.70819686598e-05, 1.75240620592e-05, 4.1621078708e-05, 3.13966665999e-05, 1.89897637028e-05, 2.18946861423e-05, 1.9685303414e-05, 2.32447764574e-05, 3.08982853312e-05, 1.70437069755e-05, 5.6479293562e-06, 1.0040656889e-05, 5.84270401305e-06, 4.96628490509e-06],
        "mean": [0.000677525997162, 0.00459519028664, 0.00166983611416, 0.00145317695569, 0.00155642081518, 0.00122886244208, 0.000387628213502, 0.000592506374232, 0.000564171641599, 6.88064901624e-05, 0.000164053883054, 0.0001112399259, 4.46954472864e-05, 0.000104951497633, 4.45160003437e-05, 4.81009992654e-05, 9.82943129202e-06, 5.32739250048e-06, 4.74357102576e-06, 1.39583244163e-06, 1.77185040684e-06, 3.14201702167e-06, 2.59802914115e-06, 1.48520337007e-06, 1.498325787e-06, 1.7665086034e-06, 1.21877599213e-06, 4.65504456315e-07, 4.25591110798e-07, 2.48580505513e-07, 4.36896044675e-07, 7.79004437845e-07, 6.11331699929e-07, 5.3744889783e-07, 4.61535108798e-07, 3.78871277462e-07, 1.47661509686e-07, 1.04642033705e-07, 1.27315047393e-07, 8.21772090376e-08],
        "median": [0.000189308077097, 0.00177191733383, 0.0013896151213, 0.000875128025655, 0.00106523779687, 0.00060197187122, 0.000163875563885, 0.000149898754898, 9.20559104998e-05, 2.61033928837e-05, 4.24179670517e-05, 4.33328023064e-05, 2.19667144847e-05, 2.47694169957e-05, 1.21305165521e-05, 5.69348640056e-06, 2.23870938498e-06, 1.83439397006e-06, 1.06977199721e-06, 5.31122395842e-07, 5.13155043791e-07, 9.34807587782e-07, 7.41925816783e-07, 4.68291716516e-07, 3.58732194172e-07, 3.25942096424e-07, 1.81294780077e-07, 5.95670179848e-08, 5.96065916625e-08, 5.25668042428e-08, 8.50063273106e-08, 1.68128551081e-07, 2.11572398712e-07, 1.78276252427e-07, 1.21024527289e-07, 9.63919433161e-08, 2.60863828316e-08, 1.59962620927e-08, 2.77418266137e-08, 2.13368203106e-08],
