{
"highlevel": {
    "danceability": {
        "all": {
            "danceable": 0.998049497604,
            "not_danceable": 0.0019505150849
        },
        "probability": 0.998049497604,
        "value": "danceable"
    },
    "gender": {
        "all": {
            "female": 0.790752351284,
            "male": 0.209247648716
        },
        "probability": 0.790752351284,
        "value": "female"
    },
    "genre_dortmund": {
        "all": {
            "alternative": 0.0300471670926,
            "blues": 0.0352853573859,
            "electronic": 0.0814159810543,
            "folkcountry": 0.05095686391,
            "funksoulrnb": 0.0937208682299,
            "jazz": 0.0386331789196,
            "pop": 0.328405559063,
            "raphiphop": 0.264652103186,
            "rock": 0.0768829360604
        },
        "probability": 0.328405559063,
        "value": "pop"
    },
    "genre_electronic": {
        "all": {
            "ambient": 0.176754891872,
            "dnb": 0.333490550518,
            "house": 0.436746269464,
            "techno": 0.00818418804556,
            "trance": 0.0448240973055
        },
        "probability": 0.436746269464,
        "value": "house"
    },
    "genre_rosamerica": {
        "all": {
            "cla": 0.000273552082945,
            "dan": 0.00381772173569,
            "hip": 0.00774083659053,
            "jaz": 0.000950848741923,
            "pop": 0.53352534771,
            "rhy": 0.437644779682,
            "roc": 0.0156845618039,
            "spe": 0.000362328195479
        },
        "probability": 0.53352534771,
        "value": "pop"
    },
    "genre_tzanetakis": {
        "all": {
            "blu": 0.0626613423228,
            "cla": 0.0348169617355,
            "cou": 0.104475811124,
            "dis": 0.0784321576357,
            "hip": 0.15692435205,
            "jaz": 0.313974827528,
            "met": 0.0448166541755,
            "pop": 0.0627359300852,
            "reg": 0.0627360641956,
            "roc": 0.0784258767962
        },
        "probability": 0.313974827528,
        "value": "jaz"
    },
    "ismir04_rhythm": {
        "all": {
            "ChaChaCha": 0.0424033850431,
            "Jive": 0.0697318166494,
            "Quickstep": 0.0733645483851,
            "Rumba-American": 0.0127344643697,
            "Rumba-International": 0.468032956123,
            "Rumba-Misc": 0.0213495716453,
            "Samba": 0.279424160719,
            "Tango": 0.00240360060707,
            "VienneseWaltz": 0.0200877506286,
            "Waltz": 0.0104677556083
        },
        "probability": 0.468032956123,
        "value": "Rumba-International"
    },
    "mood_acoustic": {
        "all": {
            "acoustic": 0.0307279005647,
            "not_acoustic": 0.969272077084
        },
        "probability": 0.969272077084,
        "value": "not_acoustic"
    },
    "mood_aggressive": {
        "all": {
            "aggressive": 0.0196517687291,
            "not_aggressive": 0.980348229408
        },
        "probability": 0.980348229408,
        "value": "not_aggressive"
    },
    "mood_electronic": {
        "all": {
            "electronic": 0.679201602936,
            "not_electronic": 0.320798397064
        },
        "probability": 0.679201602936,
        "value": "electronic"
    },
    "mood_happy": {
        "all": {
            "happy": 0.245433717966,
            "not_happy": 0.754566311836
        },
        "probability": 0.754566311836,
        "value": "not_happy"
    },
    "mood_party": {
        "all": {
            "not_party": 0.698714613914,
            "party": 0.301285386086
        },
        "probability": 0.698714613914,
        "value": "not_party"
    },
    "mood_relaxed": {
        "all": {
            "not_relaxed": 0.408101499081,
            "relaxed": 0.591898500919
        },
        "probability": 0.591898500919,
        "value": "relaxed"
    },
    "mood_sad": {
        "all": {
            "not_sad": 0.605464577675,
            "sad": 0.394535452127
        },
        "probability": 0.605464577675,
        "value": "not_sad"
    },
    "moods_mirex": {
        "all": {
            "Cluster1": 0.132656857371,
            "Cluster2": 0.345923244953,
            "Cluster3": 0.189512684941,
            "Cluster4": 0.179405003786,
            "Cluster5": 0.152502194047
        },
        "probability": 0.345923244953,
        "value": "Cluster2"
    },
    "timbre": {
        "all": {
            "bright": 0.218456164002,
            "dark": 0.781543850899
        },
        "probability": 0.781543850899,
        "value": "dark"
    },
    "tonal_atonal": {
        "all": {
            "atonal": 0.609887182713,
            "tonal": 0.390112817287
        },
        "probability": 0.609887182713,
        "value": "atonal"
    },
    "voice_instrumental": {
        "all": {
            "instrumental": 0.0007709012134,
            "voice": 0.999229073524
        },
        "probability": 0.999229073524,
        "value": "voice"
    }
},
"lowlevel": {
    "average_loudness": 0.966655790806,
    "barkbands_crest": {
        "dmean": 2.75462341309,
        "dmean2": 4.15226221085,
        "dvar": 7.11410284042,
        "dvar2": 15.731962204,
        "max": 25.0120315552,
        "mean": 13.5018234253,
        "median": 13.0066776276,
        "min": 3.57440185547,
        "var": 25.4205608368
    },
    "barkbands_flatness_db": {
        "dmean": 0.0319999568164,
        "dmean2": 0.0459292903543,
        "dvar": 0.000949879467953,
        "dvar2": 0.00204779091291,
        "max": 0.41303768754,
        "mean": 0.199451804161,
        "median": 0.195495903492,
        "min": 0.0443655699492,
        "var": 0.00372938392684
    },
    "barkbands_kurtosis": {
        "dmean": 8.22548007965,
        "dmean2": 12.6876153946,
        "dvar": 186.166671753,
        "dvar2": 409.763549805,
        "max": 244.933425903,
        "mean": 13.1266794205,
        "median": 5.51667404175,
        "min": -1.94125592709,
        "var": 472.498840332
    },
    "barkbands_skewness": {
        "dmean": 0.911500811577,
        "dmean2": 1.36771798134,
        "dvar": 0.898104429245,
        "dvar2": 2.03989219666,
        "max": 11.8740262985,
        "mean": 2.56375002861,
        "median": 2.18243193626,
        "min": -3.11208987236,
        "var": 3.04941987991
    },
    "barkbands_spread": {
        "dmean": 7.78669071198,
        "dmean2": 12.168211937,
        "dvar": 135.257644653,
        "dvar2": 300.797332764,
        "max": 107.241882324,
        "mean": 17.2619686127,
        "median": 12.9483299255,
        "min": 0.521805584431,
        "var": 255.794906616
    },
    "dissonance": {
        "dmean": 0.0266586784273,
        "dmean2": 0.0427846461535,
        "dvar": 0.000628845300525,
        "dvar2": 0.00159072410315,
        "max": 0.498019993305,
        "mean": 0.43965691328,
        "median": 0.446196734905,
        "min": 0.278079301119,
        "var": 0.00146827660501
    },
    "dynamic_complexity": 1.84086549282,
    "erbbands_crest": {
        "dmean": 2.74832630157,
        "dmean2": 4.25357675552,
        "dvar": 6.61884450912,
        "dvar2": 15.2084169388,
        "max": 26.0115127563,
        "mean": 9.77233505249,
        "median": 8.75607395172,
        "min": 2.51684856415,
        "var": 20.2808952332
    },
    "erbbands_flatness_db": {
        "dmean": 0.0205093324184,
        "dmean2": 0.0298317093402,
        "dvar": 0.000387434149161,
        "dvar2": 0.000801220943686,
        "max": 0.295663148165,
        "mean": 0.156653061509,
        "median": 0.156633317471,
        "min": 0.0655820518732,
        "var": 0.00203634612262
    },
    "erbbands_kurtosis": {
        "dmean": 1.58599150181,
        "dmean2": 2.45942473412,
        "dvar": 5.02601289749,
        "dvar2": 10.8543558121,
        "max": 24.439743042,
        "mean": 1.5547426939,
        "median": 0.76167178154,
        "min": -1.8057911396,
        "var": 9.28926563263
    },
    "erbbands_skewness": {
        "dmean": 0.498409032822,
        "dmean2": 0.756126105785,
        "dvar": 0.277025550604,
        "dvar2": 0.549024641514,
        "max": 3.98515963554,
        "mean": 0.665096461773,
        "median": 0.671111345291,
        "min": -4.76935148239,
        "var": 0.861198425293
    },
    "erbbands_spread": {
        "dmean": 12.5939741135,
        "dmean2": 19.1873149872,
        "dvar": 217.867446899,
        "dvar2": 502.879058838,
        "max": 149.174072266,
        "mean": 41.2929420471,
        "median": 35.5596847534,
        "min": 6.50265789032,
        "var": 578.37310791
    },
    "hfc": {
        "dmean": 12.8079147339,
        "dmean2": 19.0310344696,
        "dvar": 427.076202393,
        "dvar2": 961.49621582,
        "max": 218.700592041,
        "mean": 29.1656551361,
        "median": 22.8052597046,
        "min": 0.188030466437,
        "var": 720.293395996
    },
    "melbands_crest": {
        "dmean": 3.53579902649,
        "dmean2": 5.41554927826,
        "dvar": 11.7413988113,
        "dvar2": 28.2704296112,
        "max": 36.0949020386,
        "mean": 19.5326251984,
        "median": 19.2129535675,
        "min": 5.65215110779,
        "var": 46.7424125671
    },
    "melbands_flatness_db": {
        "dmean": 0.0396450273693,
        "dmean2": 0.0552303940058,
        "dvar": 0.00154490594286,
        "dvar2": 0.00345122395083,
        "max": 0.527004420757,
        "mean": 0.260538339615,
        "median": 0.25583216548,
        "min": 0.0493956282735,
        "var": 0.00737625034526
    },
    "melbands_kurtosis": {
        "dmean": 16.2036247253,
        "dmean2": 25.4363708496,
        "dvar": 650.304077148,
        "dvar2": 1596.5,
        "max": 289.108398438,
        "mean": 28.8378067017,
        "median": 15.3170166016,
        "min": -1.96293997765,
        "var": 1337.58850098
    },
    "melbands_skewness": {
        "dmean": 1.10408782959,
        "dmean2": 1.66522586346,
        "dvar": 1.34842908382,
        "dvar2": 3.13275051117,
        "max": 13.383980751,
        "mean": 3.70490431786,
        "median": 3.37551689148,
        "min": -0.416931629181,
        "var": 4.69077110291
    },
    "melbands_spread": {
        "dmean": 7.72735452652,
        "dmean2": 11.88788414,
        "dvar": 207.227005005,
        "dvar2": 438.236633301,
        "max": 248.037475586,
        "mean": 15.9102630615,
        "median": 11.695476532,
        "min": 0.46126100421,
        "var": 376.529663086
    },
    "pitch_salience": {
        "dmean": 0.0785923451185,
        "dmean2": 0.122477024794,
        "dvar": 0.00577125232667,
        "dvar2": 0.0134890694171,
        "max": 0.839204549789,
        "mean": 0.452901721001,
        "median": 0.443829476833,
        "min": 0.0941089242697,
        "var": 0.0245589092374
    },
    "silence_rate_20dB": {
        "dmean": 0,
        "dmean2": 0,
        "dvar": 0,
        "dvar2": 0,
        "max": 1,
        "mean": 1,
        "median": 1,
        "min": 1,
        "var": 0
    },
    "silence_rate_30dB": {
        "dmean": 0.1037151739,
        "dmean2": 0.20759101212,
        "dvar": 0.0929588526487,
        "dvar2": 0.189282357693,
        "max": 1,
        "mean": 0.781902551651,
        "median": 1,
        "min": 0,
        "var": 0.170529931784
    },
    "silence_rate_60dB": {
        "dmean": 0.00773993786424,
        "dmean2": 0.0154918665066,
        "dvar": 0.00768005149439,
        "dvar2": 0.0183502621949,
        "max": 1,
        "mean": 0.0123743228614,
        "median": 0,
        "min": 0,
        "var": 0.0122212320566
    },
    "spectral_centroid": {
        "dmean": 316.563598633,
        "dmean2": 485.502380371,
        "dvar": 188426.46875,
        "dvar2": 393772.5625,
        "max": 5420.02246094,
        "mean": 1057.98510742,
        "median": 881.614135742,
        "min": 238.118759155,
        "var": 459174.59375
    },
    "spectral_complexity": {
        "dmean": 4.91253852844,
        "dmean2": 7.22850513458,
        "dvar": 37.827545166,
        "dvar2": 64.7988891602,
        "max": 57,
        "mean": 16.9010047913,
        "median": 14,
        "min": 2,
        "var": 97.6609115601
    },
    "spectral_decrease": {
        "dmean": 5.26551025004e-09,
        "dmean2": 7.72125741122e-09,
        "dvar": 5.47239829993e-17,
        "dvar2": 1.37298164459e-16,
        "max": -1.45320949718e-10,
        "mean": -1.7565323418e-08,
        "median": -1.50108157015e-08,
        "min": -7.04891931491e-08,
        "var": 1.52345810646e-16
    },
    "spectral_energy": {
        "dmean": 0.0202360395342,
        "dmean2": 0.0295546986163,
        "dvar": 0.000773796462454,
        "dvar2": 0.00193264207337,
        "max": 0.26863026619,
        "mean": 0.0689409822226,
        "median": 0.0596135109663,
        "min": 0.000565528054722,
        "var": 0.00220797630027
    },
    "spectral_energyband_high": {
        "dmean": 0.00122310197912,
        "dmean2": 0.00191743404139,
        "dvar": 6.39435756966e-06,
        "dvar2": 1.48170956891e-05,
        "max": 0.0294084791094,
        "mean": 0.00156165624503,
        "median": 0.000392882502638,
        "min": 1.61920638675e-06,
        "var": 9.1672554845e-06
    },
    "spectral_energyband_low": {
        "dmean": 0.0172153618187,
        "dmean2": 0.0260588377714,
        "dvar": 0.000897195888683,
        "dvar2": 0.0022693676874,
        "max": 0.253991603851,
        "mean": 0.0450604446232,
        "median": 0.0350718460977,
        "min": 2.77816729977e-06,
        "var": 0.00217059487477
    },
    "spectral_energyband_middle_high": {
        "dmean": 0.00257351296023,
        "dmean2": 0.00375528214499,
        "dvar": 1.19519781947e-05,
        "dvar2": 2.47096431849e-05,
        "max": 0.0365494638681,
        "mean": 0.00588732212782,
        "median": 0.00397734204307,
        "min": 2.6291820177e-05,
        "var": 3.91328285332e-05
    },
    "spectral_energyband_middle_low": {
        "dmean": 0.0064800856635,
        "dmean2": 0.00967238470912,
        "dvar": 7.6158081356e-05,
        "dvar2": 0.000189582555322,
        "max": 0.0835757255554,
        "mean": 0.0170952808112,
        "median": 0.0151733206585,
        "min": 0.000408300227718,
        "var": 0.000130425483803
    },
    "spectral_entropy": {
        "dmean": 0.264295995235,
        "dmean2": 0.37486872077,
        "dvar": 0.0768269002438,
        "dvar2": 0.163430020213,
        "max": 8.63637733459,
        "mean": 7.40369319916,
        "median": 7.34529924393,
        "min": 5.85617256165,
        "var": 0.250877261162
    },
    "spectral_flux": {
        "dmean": 0.0406573452055,
        "dmean2": 0.0604914464056,
        "dvar": 0.00177495228127,
        "dvar2": 0.00354049750604,
        "max": 0.418599069118,
        "mean": 0.113428384066,
        "median": 0.098139218986,
        "min": 0.00912777706981,
        "var": 0.00476555200294
    },
    "spectral_kurtosis": {
        "dmean": 1.81161034107,
        "dmean2": 2.84679484367,
        "dvar": 3.43864393234,
        "dvar2": 8.22707366943,
        "max": 17.8373622894,
        "mean": 4.33908891678,
        "median": 4.09593868256,
        "min": -1.08580780029,
        "var": 8.81099510193
    },
    "spectral_rms": {
        "dmean": 0.0011404119432,
        "dmean2": 0.00161736935843,
        "dvar": 1.63123240782e-06,
        "dvar2": 3.7888330553e-06,
        "max": 0.0161888319999,
        "mean": 0.00771099235862,
        "median": 0.00762623921037,
        "min": 0.000742788426578,
        "var": 7.80004756962e-06
    },
    "spectral_rolloff": {
        "dmean": 576.063232422,
        "dmean2": 987.492919922,
        "dvar": 1569697.25,
        "dvar2": 3702542.75,
        "max": 9797.60742188,
        "mean": 1034.77502441,
        "median": 516.796875,
        "min": 43.06640625,
        "var": 2313501.25
    },
    "spectral_skewness": {
        "dmean": 0.319830983877,
        "dmean2": 0.474023461342,
        "dvar": 0.105435714126,
        "dvar2": 0.222031593323,
        "max": 3.51456618309,
        "mean": 1.67568588257,
        "median": 1.72999584675,
        "min": -0.427449554205,
        "var": 0.356161534786
    },
    "spectral_spread": {
        "dmean": 877294.9375,
        "dmean2": 1324585.5,
        "dvar": 1.13897046016e+12,
        "dvar2": 2.44386050867e+12,
        "max": 19888276,
        "mean": 5171241,
        "median": 4801188,
        "min": 2180366,
        "var": 2.51928169677e+12
    },
    "spectral_strongpeak": {
        "dmean": 0.368766188622,
        "dmean2": 0.601624786854,
        "dvar": 0.378809303045,
        "dvar2": 0.932736039162,
        "max": 6.96211433411,
        "mean": 0.809186339378,
        "median": 0.497368603945,
        "min": 0,
        "var": 0.843441307545
    },
    "zerocrossingrate": {
        "dmean": 0.0128914564848,
        "dmean2": 0.0151628162712,
        "dvar": 0.000267208262812,
        "dvar2": 0.000304968067212,
        "max": 0.345703125,
        "mean": 0.0454902164638,
        "median": 0.03759765625,
        "min": 0.001953125,
        "var": 0.00142826966476
    },
    "barkbands": {
        "dmean": [0.00193421170115, 0.0154120028019, 0.00346377352253, 0.00149396515917, 0.00227447715588, 0.00220560724847, 0.0014440579107, 0.00114250089973, 0.000895172532182, 0.000848717521876, 0.000678333279211, 0.000500226335134, 0.000433851964772, 0.000408421765314, 0.000349627574906, 0.000262273126282, 0.000250619894359, 0.000236225081608, 0.000152325708768, 0.00018812646158, 0.000215639156522, 0.00024297235359, 0.000317236961564, 0.000294978322927, 0.000134614383569, 4.88487785333e-05, 6.4429492852e-08],
        "dmean2": [0.00296515435912, 0.0232804715633, 0.0062661874108, 0.0026103106793, 0.00362469675019, 0.00338708725758, 0.00229024584405, 0.0017631216906, 0.00133744941559, 0.00125707406551, 0.001028941595, 0.000768586236518, 0.000650344591122, 0.000625587068498, 0.000534654362127, 0.000408219784731, 0.000390575150959, 0.000394658331061, 0.000241835936322, 0.000296688725939, 0.00035374154686, 0.000404409569455, 0.000508993165568, 0.000471227016533, 0.000208676414331, 7.26896469132e-05, 1.11737001873e-07],
        "dvar": [1.35030140882e-05, 0.000732377113309, 0.00015404234, 1.74811775651e-05, 1.34083893499e-05, 1.18329990073e-05, 7.22970571587e-06, 4.76551940665e-06, 3.93568689105e-06, 3.69262079403e-06, 2.81739812635e-06, 1.50375956309e-06, 6.68702909934e-07, 7.15975488674e-07, 5.84851363783e-07, 2.9024226933e-07, 2.90153138849e-07, 2.19746695507e-07, 7.89248915112e-08, 1.38437343367e-07, 2.7729893759e-07, 2.67760725592e-07, 1.02777721622e-06, 4.47988156793e-07, 9.16997180411e-08, 1.42929499347e-08, 2.25770059115e-13],
        "dvar2": [3.29035756295e-05, 0.00193166453391, 0.000436573463958, 4.98997833347e-05, 3.63711187674e-05, 2.76552163996e-05, 1.83762549568e-05, 1.01501573226e-05, 8.65429410624e-06, 7.89753084973e-06, 6.72675969327e-06, 3.13893974635e-06, 1.43968406974e-06, 1.60457784659e-06, 1.32160892008e-06, 6.322459285e-07, 6.73628733239e-07, 5.85553550536e-07, 1.83186671165e-07, 2.94271274015e-07, 6.69869962167e-07, 6.79906349887e-07, 2.55407417171e-06, 1.09736845388e-06, 1.92076242911e-07, 2.83109375943e-08, 6.18272794073e-13],
        "max": [0.0437336564064, 0.228827863932, 0.120108760893, 0.0369814112782, 0.0347752571106, 0.03856677562, 0.0411786176264, 0.024954624474, 0.0248823277652, 0.0333235487342, 0.0300613548607, 0.0166623797268, 0.0156330633909, 0.0142508298159, 0.0098956245929, 0.00827781576663, 0.00817189179361, 0.00476139085367, 0.00341989262961, 0.00694862054661, 0.00811390113086, 0.00526493322104, 0.0202957559377, 0.00677106622607, 0.00288190227002, 0.00162045215257, 7.74663112679e-06],
        "mean": [0.00536775309592, 0.0358542837203, 0.00338816060685, 0.001639192109, 0.00460139941424, 0.00453760288656, 0.00248814746737, 0.00186265073717, 0.00157333014067, 0.00147842802107, 0.000945304520428, 0.000641362217721, 0.00071624876, 0.000588010123465, 0.000442700838903, 0.000329070840962, 0.000322158884956, 0.000270346034085, 0.000191974948393, 0.000271962577244, 0.000246627489105, 0.000279592495644, 0.000346592220012, 0.000324885128066, 0.000171591338585, 6.15547833149e-05, 4.45808545635e-08],
        "median": [0.0029335457366, 0.0250991247594, 0.000840665074065, 0.000684525992256, 0.00307273864746, 0.00302220648155, 0.00135718041565, 0.000477360328659, 0.000328513327986, 0.000251685240073, 0.000182632385986, 0.000123563950183, 0.000140602118336, 0.000137755923788, 0.000104078499135, 7.13335903129e-05, 9.73865899141e-05, 0.000112082387204, 7.44446660974e-05, 8.27322655823e-05, 4.28794155596e-05, 7.2160277341e-05, 6.56973716104e-05, 6.34219613858e-05, 3.67491520592e-05, 1.56101177708e-05, 8.45862269117e-10],
        "min": [6.98677393718e-10, 1.565009633e-08, 1.02733970664e-07, 2.59248463408e-06, 4.67894897156e-05, 9.30020269152e-06, 4.4844423428e-06, 3.3704920952e-06, 3.7728245843e-06, 7.78329990681e-07, 9.39146161727e-07, 5.62476088817e-07, 6.74787486332e-07, 6.1728081846e-07, 1.61363482221e-06, 1.0520707292e-06, 8.84121448053e-07, 9.31563022277e-07, 5.03047942857e-07, 5.53006657356e-07, 2.81857268192e-07, 2.81062227714e-07, 7.29267384258e-08, 4.65119462945e-08, 1.51232393275e-09, 9.28098570219e-11, 1.18747919484e-11],
        "var": [4.7693210945e-05, 0.00156487466302, 9.86107479548e-05, 1.19257192637e-05, 2.04616644623e-05, 2.07150696951e-05, 1.10259297799e-05, 1.00749139165e-05, 9.50380490394e-06, 9.97806728265e-06, 4.75295382785e-06, 2.35574088947e-06, 2.57944952864e-06, 1.89358206626e-06, 1.00474449027e-06, 5.27130850969e-07, 3.86463881341e-07, 1.91588512166e-07, 1.0488303559e-07, 2.45315959546e-07, 3.62348714589e-07, 3.03549768432e-07, 1.04036962512e-06, 5.29272426775e-07, 1.45958708231e-07, 2.32943850875e-08, 1.41724305902e-13]
    },
    "erbbands": {
        "dmean": [0.644015073776, 3.03711009026, 4.17040967941, 4.45124769211, 6.04075717926, 7.66514492035, 17.019651413, 16.9054641724, 19.9257221222, 23.310338974, 29.0191497803, 19.8792171478, 19.2263946533, 27.1241569519, 25.1293144226, 22.5228042603, 19.5925827026, 19.5297813416, 17.5621070862, 16.69764328, 14.7028274536, 13.1132612228, 12.2259845734, 8.39835929871, 9.39372444153, 8.42461299896, 9.51451778412, 7.56110525131, 8.16133499146, 9.55210113525, 8.75725269318, 8.09695529938, 3.97452163696, 1.86027216911, 0.830634832382, 0.294322788715, 0.0803451761603, 0.00530522223562, 0.000119802767585, 2.75372312899e-05],
        "dmean2": [0.97575622797, 4.70962619781, 6.92353105545, 7.98052835464, 9.82487201691, 12.555398941, 24.5784111023, 27.3640975952, 32.1821517944, 36.2010803223, 44.0868186951, 28.5092372894, 28.812505722, 40.8100204468, 37.1973228455, 33.6787033081, 28.5525455475, 30.0790805817, 27.1316757202, 24.9421195984, 22.9822273254, 20.1475086212, 19.7408428192, 13.5424003601, 14.9012775421, 13.249915123, 15.4256839752, 12.262134552, 13.5564832687, 15.8647003174, 14.1357774734, 13.4138507843, 6.33043527603, 2.93408417702, 1.32553863525, 0.445347189903, 0.122827924788, 0.00815688446164, 0.000178177884663, 3.9417809603e-05],
        "dvar": [1.29276907444, 36.5081710815, 165.615234375, 206.880996704, 137.168930054, 175.835571289, 821.452209473, 952.1484375, 1631.3885498, 1840.85412598, 3516.296875, 1833.03344727, 1770.76098633, 3937.72338867, 4463.81982422, 2987.4921875, 1319.59216309, 1480.88647461, 1282.91784668, 1336.20935059, 989.410400391, 805.588928223, 475.717834473, 292.074645996, 287.301574707, 293.855865479, 585.009887695, 277.6534729, 292.288330078, 864.511291504, 663.669006348, 407.122955322, 78.9831695557, 17.6472606659, 3.46904015541, 0.43655282259, 0.0524515919387, 0.000271798024187, 1.17959501722e-07, 1.34491395798e-09],
        "dvar2": [3.34469032288, 93.8282470703, 449.489868164, 586.67767334, 378.832214355, 476.879608154, 1803.28857422, 2369.75878906, 4176.81005859, 4450.35546875, 7454.04003906, 3739.75146484, 3787.77416992, 8529.36523438, 10415.8857422, 5953.47460938, 2675.14941406, 3216.74707031, 3038.12768555, 2905.27197266, 2343.45410156, 1798.7142334, 1206.20166016, 722.581970215, 683.881225586, 645.606506348, 1414.49157715, 647.440429688, 723.272583008, 2357.31225586, 1636.76879883, 1036.96228027, 192.474365234, 38.6170501709, 7.16201782227, 0.864377737045, 0.116518497467, 0.000593766162638, 2.50544900382e-07, 3.01693869886e-09],
        "max": [9.65824222565, 57.3816680908, 120.117424011, 128.095901489, 112.845367432, 145.045135498, 331.181671143, 410.599151611, 635.969116211, 494.47644043, 711.41619873, 555.099731445, 730.58392334, 1244.57104492, 1391.35742188, 851.606140137, 772.739562988, 531.752624512, 469.720336914, 624.199768066, 395.076080322, 385.355957031, 199.631332397, 146.965393066, 270.918395996, 303.645477295, 400.997924805, 209.27772522, 136.86630249, 616.672973633, 497.42678833, 197.39616394, 78.9452667236, 38.765914917, 18.5115890503, 8.32966423035, 2.94509768486, 0.216024726629, 0.0053584780544, 0.000438944320194],
        "mean": [1.37985217571, 6.43265867233, 6.19142913818, 4.81585741043, 9.60706710815, 13.2946987152, 37.6728820801, 28.7669429779, 34.4199867249, 39.3117294312, 51.3259086609, 39.395942688, 32.2937355042, 48.0852165222, 36.4162750244, 31.0571670532, 35.4683990479, 28.0058670044, 25.203622818, 22.5339622498, 18.4448833466, 17.7641963959, 15.5410718918, 9.76916980743, 12.5892028809, 12.0379714966, 11.2495632172, 8.83602619171, 9.29847145081, 10.7526865005, 9.59620952606, 8.14664745331, 4.61414766312, 2.28211641312, 1.06393659115, 0.382487297058, 0.0922902002931, 0.0058350446634, 0.000170108876773, 8.90853116289e-05],
        "median": [0.882129311562, 3.36355900764, 2.1828660965, 2.02973985672, 4.73605823517, 8.28267860413, 22.915517807, 17.2072372437, 18.6020641327, 17.8001327515, 13.8438673019, 10.1718139648, 9.6854839325, 12.2797803879, 10.8341789246, 8.45333862305, 8.30759620667, 8.37755393982, 6.46938371658, 4.95145559311, 4.53713226318, 6.03836202621, 6.98938274384, 3.7811665535, 5.32134485245, 3.68215322495, 1.98287725449, 1.61150956154, 2.15725040436, 2.76960706711, 1.72996234894, 1.2080385685, 1.10080134869, 0.488564252853, 0.212529540062, 0.101873077452, 0.0212568715215, 0.00104771880433, 6.61739977659e-05, 7.66323864809e-05],
        "min": [6.10448205407e-06, 7.33916676836e-05, 0.000273903016932, 0.00440075900406, 0.0224396884441, 0.194834545255, 0.605148971081, 0.521545648575, 0.36500492692, 0.24023899436, 0.115668445826, 0.100039541721, 0.0723095461726, 0.0872794613242, 0.080664396286, 0.0247023068368, 0.0320872105658, 0.0372109971941, 0.0898224785924, 0.0876348465681, 0.0620079562068, 0.0786494761705, 0.0577358305454, 0.0348506756127, 0.0480637699366, 0.0353583656251, 0.00919389631599, 0.0135079082102, 0.00889543350786, 0.00267317495309, 0.00155094801448, 0.00166972528677, 0.000203362113098, 2.85125042865e-05, 6.79033655615e-06, 1.80023016583e-06, 6.48396223824e-07, 1.86117588896e-07, 3.07803787791e-07, 6.33916670267e-07],
        "var": [2.71407294273, 67.5966186523, 150.378555298, 134.434661865, 178.603225708, 244.124847412, 1734.92810059, 1250.62817383, 2316.95019531, 3579.71728516, 7498.56689453, 5491.23095703, 3798.375, 10539.8681641, 6984.48339844, 4896.72607422, 6139.72851562, 3027.62963867, 2858.49560547, 2529.9855957, 1419.22619629, 1100.7947998, 521.692260742, 296.262481689, 401.511138916, 496.344390869, 782.472839355, 382.928161621, 336.782012939, 813.861450195, 699.228088379, 405.045043945, 100.562423706, 26.7544384003, 5.67110729218, 0.767169833183, 0.0644190981984, 0.000338260171702, 1.57558957881e-07, 3.86291088006e-09]
    },
    "gfcc": {
        "mean": [19.0344104767, 93.9518585205, -97.7782745361, 32.1339492798, -69.9124908447, 17.1994838715, -44.3912963867, 10.1394424438, -21.7287063599, 5.66976833344, -8.10391616821, 5.58310270309, -7.11898040771],
        "cov": [[3263.68847656, -861.013549805, -81.2137680054, 281.124786377, 71.5599136353, 488.955993652, 99.4205551147, 356.841247559, 51.7600440979, 274.576080322, -61.5466079712, 92.5194396973, -120.492782593], [-861.013549805, 1490.34008789, 430.997955322, -50.4932060242, 509.284057617, 157.769256592, 479.699554443, 91.8107223511, 237.214111328, -37.3120803833, 225.898345947, 3.1486594677, 120.729110718], [-81.2137680054, 430.997955322, 1247.01538086, 622.948059082, 474.111053467, 431.29598999, 411.111755371, 224.561355591, 229.006744385, 222.859176636, 179.790939331, 132.671646118, 98.9257354736], [281.124786377, -50.4932060242, 622.948059082, 798.149353027, 286.860229492, 173.910934448, 137.341781616, 88.8986663818, 189.543930054, 175.209457397, 94.6832580566, 48.8544845581, 111.152305603], [71.5599136353, 509.284057617, 474.111053467, 286.860229492, 589.023498535, 300.512268066, 271.952758789, 148.365356445, 198.699981689, 152.823989868, 128.356796265, 85.6004104614, 73.1526794434], [488.955993652, 157.769256592, 431.29598999, 173.910934448, 300.512268066, 531.586853027, 326.707092285, 178.080718994, 119.248527527, 152.997192383, 131.676956177, 80.1120147705, 18.0586986542], [99.4205551147, 479.699554443, 411.111755371, 137.341781616, 271.952758789, 326.707092285, 512.751464844, 177.397262573, 117.753540039, 93.0743865967, 143.74609375, 90.4063262939, 30.6480293274], [356.841247559, 91.8107223511, 224.561355591, 88.8986663818, 148.365356445, 178.080718994, 177.397262573, 219.022766113, 87.1547164917, 66.5396957397, 56.0691108704, 57.7214355469, 11.1061668396], [51.7600440979, 237.214111328, 229.006744385, 189.543930054, 198.699981689, 119.248527527, 117.753540039, 87.1547164917, 208.609130859, 71.7906799316, 61.2290763855, 25.0572776794, 53.8316993713], [274.576080322, -37.3120803833, 222.859176636, 175.209457397, 152.823989868, 152.997192383, 93.0743865967, 66.5396957397, 71.7906799316, 180.777267456, 52.4345855713, 51.5774536133, 9.3813419342], [-61.5466079712, 225.898345947, 179.790939331, 94.6832580566, 128.356796265, 131.676956177, 143.74609375, 56.0691108704, 61.2290763855, 52.4345855713, 152.205718994, 37.929977417, 39.6981048584], [92.5194396973, 3.1486594677, 132.671646118, 48.8544845581, 85.6004104614, 80.1120147705, 90.4063262939, 57.7214355469, 25.0572776794, 51.5774536133, 37.929977417, 117.364189148, 27.9809246063], [-120.492782593, 120.729110718, 98.9257354736, 111.152305603, 73.1526794434, 18.0586986542, 30.6480293274, 11.1061668396, 53.8316993713, 9.3813419342, 39.6981048584, 27.9809246063, 115.516242981]],
        "icov": [[0.000763543939684, -5.17190637765e-05, 0.000754034437705, -0.000720314274076, 0.000299629609799, -0.000962531834375, 0.000295453763101, -0.00137539650314, 0.000258718704572, -0.000745262310375, 0.000834251462948, -0.000422321347287, 0.000667987565976], [-5.17190637765e-05, 0.00470456574112, -0.00165589386597, 0.00339783076197, -0.00382955046371, 0.00297063915059, -0.00395089620724, 0.00207110610791, -0.00308139040135, 0.00299882772379, -0.00372978090309, 0.0043240240775, -0.00258557940833], [0.000754034437705, -0.00165589386597, 0.00328467437066, -0.00299536902457, 0.00123550463468, -0.00239953305572, 0.00108433584683, -0.0023547289893, 0.0013234897051, -0.00180305738468, 0.0019072383875, -0.00244064396247, 0.00158325769007], [-0.000720314274076, 0.00339783076197, -0.00299536902457, 0.0057466304861, -0.00303263263777, 0.00331757357344, -0.00275865430012, 0.00291881058365, -0.00325621943921, 0.00126796355471, -0.00332512427121, 0.0042462782003, -0.00388515298255], [0.000299629609799, -0.00382955046371, 0.00123550463468, -0.00303263263777, 0.00673893513158, -0.00338738551363, 0.00288929301314, -0.00210839509964, 0.000815289793536, -0.00348054757342, 0.00295884651132, -0.00407639890909, 0.00174635695294], [-0.000962531834375, 0.00297063915059, -0.00239953305572, 0.00331757357344, -0.00338738551363, 0.00728432461619, -0.00410205498338, 0.00184035091661, -0.00196216627955, 0.00104584055953, -0.00423488905653, 0.00354515085928, -0.00190218910575], [0.000295453763101, -0.00395089620724, 0.00108433584683, -0.00275865430012, 0.00288929301314, -0.00410205498338, 0.00770721305162, -0.00338853127323, 0.00237704301253, -0.00183800642844, 0.00159192946739, -0.00468403147534, 0.00288479658775], [-0.00137539650314, 0.00207110610791, -0.0023547289893, 0.00291881058365, -0.00210839509964, 0.00184035091661, -0.00338853127323, 0.0110845724121, -0.00372600392438, 0.00257314625196, -0.00259904866107, 0.000721928547136, -0.0012647366384], [0.000258718704572, -0.00308139040135, 0.0013234897051, -0.00325621943921, 0.000815289793536, -0.00196216627955, 0.00237704301253, -0.00372600392438, 0.0108871348202, -0.00302857114002, 0.00232214271091, -0.00118067103904, -0.000331463932525], [-0.000745262310375, 0.00299882772379, -0.00180305738468, 0.00126796355471, -0.00348054757342, 0.00104584055953, -0.00183800642844, 0.00257314625196, -0.00302857114002, 0.0125555936247, -0.00386059703305, 0.000287410308374, 0.000342174433172], [0.000834251462948, -0.00372978090309, 0.0019072383875, -0.00332512427121, 0.00295884651132, -0.00423488905653, 0.00159192946739, -0.00259904866107, 0.00232214271091, -0.00386059703305, 0.0142030483112, -0.00399834755808, 0.000269189418759], [-0.000422321347287, 0.0043240240775, -0.00244064396247, 0.0042462782003, -0.00407639890909, 0.00354515085928, -0.00468403147534, 0.000721928547136, -0.00118067103904, 0.000287410308374, -0.00399834755808, 0.0163386333734, -0.00581154832616], [0.000667987565976, -0.00258557940833, 0.00158325769007, -0.00388515298255, 0.00174635695294, -0.00190218910575, 0.00288479658775, -0.0012647366384, -0.000331463932525, 0.000342174433172, 0.000269189418759, -0.00581154832616, 0.0144278751686]]
    },
    "melbands": {
        "dmean": [0.00477818818763, 0.0025589640718, 0.000796329695731, 0.000499344489072, 0.000504711351823, 0.000396001181798, 0.000298119179206, 0.00023719483579, 0.000242581008933, 0.000111973829917, 9.94190268102e-05, 0.000113941685413, 9.67827509157e-05, 6.01752035436e-05, 5.33684033144e-05, 3.67557768186e-05, 3.9539016143e-05, 2.96244597848e-05, 2.46388135565e-05, 1.89952133951e-05, 1.89536003745e-05, 1.38087743835e-05, 1.36451108119e-05, 1.06863708424e-05, 6.58778890283e-06, 6.39216341369e-06, 7.23170887795e-06, 5.52773735762e-06, 6.05345258009e-06, 5.42457200936e-06, 4.28424982601e-06, 4.33210743722e-06, 5.77436185267e-06, 5.3678313634e-06, 5.15637930221e-06, 5.52071423954e-06, 4.70921258966e-06, 2.94669780487e-06, 2.01110037779e-06, 1.46301738368e-06],
        "dmean2": [0.00728298397735, 0.00405451236293, 0.00138456211425, 0.000822103000246, 0.000738192698918, 0.000632136070635, 0.000479778012959, 0.000372384674847, 0.000364762643585, 0.00016326981131, 0.000149526065798, 0.000171530700754, 0.00014524445578, 9.22961407923e-05, 7.90977355791e-05, 5.55513215659e-05, 6.10252536717e-05, 4.64857293991e-05, 3.72441681975e-05, 2.84753550659e-05, 3.0525981856e-05, 2.1417017706e-05, 2.17131400859e-05, 1.78673253686e-05, 1.06165525722e-05, 1.02453677755e-05, 1.18558637041e-05, 8.69530322234e-06, 9.67963569565e-06, 9.0247949629e-06, 6.88307181917e-06, 7.20642856322e-06, 9.87327439361e-06, 8.90162482392e-06, 8.45163231133e-06, 9.49962122831e-06, 7.6786691352e-06, 4.74147554996e-06, 3.26462782141e-06, 2.30952991842e-06],
        "dvar": [6.79643126205e-05, 3.77356627723e-05, 5.29279759576e-06, 7.00182908986e-07, 7.24702204025e-07, 4.50440211353e-07, 3.29291509615e-07, 1.74022247279e-07, 2.50803282142e-07, 5.68096467646e-08, 4.76397588045e-08, 7.63323342312e-08, 5.72226035445e-08, 2.30814247715e-08, 1.0504641601e-08, 4.47375381185e-09, 6.3260636729e-09, 4.13685929956e-09, 3.15279047314e-09, 1.4582632879e-09, 1.83430348688e-09, 9.13094377886e-10, 5.98615823577e-10, 5.15004761059e-10, 1.80109094305e-10, 1.39808983834e-10, 1.90123222721e-10, 1.44750780806e-10, 2.31585306487e-10, 1.78621992197e-10, 8.68670205212e-11, 8.05977784513e-11, 1.83160681066e-10, 4.40757097486e-10, 3.46076944879e-10, 2.32730709704e-10, 1.25715257648e-10, 4.40572613114e-11, 2.17570995942e-11, 1.08805985055e-11],
        "dvar2": [0.000178401285666, 9.37280638027e-05, 1.48657136378e-05, 1.89694731034e-06, 1.6434734107e-06, 1.10590156055e-06, 8.38026494421e-07, 4.2263880573e-07, 5.36392917638e-07, 1.16286955176e-07, 1.00933242209e-07, 1.64298228356e-07, 1.34321552991e-07, 4.95302110437e-08, 2.2402060651e-08, 9.81741887784e-09, 1.40128362247e-08, 1.0009048701e-08, 6.82277478958e-09, 2.99815772209e-09, 4.58917304158e-09, 2.05010830534e-09, 1.44944944935e-09, 1.3855711023e-09, 4.40433939319e-10, 3.45044187666e-10, 4.29169533245e-10, 3.3158720214e-10, 5.479301457e-10, 4.46977427293e-10, 2.03058986292e-10, 1.93327728826e-10, 5.00615215948e-10, 1.22237930889e-09, 9.21354659233e-10, 6.02089378354e-10, 3.11815157028e-10, 1.09359021838e-10, 4.87988052744e-11, 2.3679013611e-11],
        "max": [0.0676118209958, 0.0584931112826, 0.0206006318331, 0.0083264708519, 0.00991223752499, 0.00873201806098, 0.00947986636311, 0.00450559612364, 0.00577321322635, 0.00318848364986, 0.00360087421723, 0.00551542872563, 0.00456989137456, 0.00183465331793, 0.00147824606393, 0.00096048094565, 0.00120888487436, 0.00115388294216, 0.000825007853564, 0.000520310306456, 0.000618135614786, 0.000423747929744, 0.000305980414851, 0.000242279813392, 0.000119161210023, 0.000132148270495, 0.000232634673011, 0.000214919637074, 0.000237873318838, 0.000225493917242, 0.000106169463834, 6.89233202138e-05, 0.000154200854013, 0.000485519733047, 0.00037346049794, 0.00017323163047, 0.000111922192445, 6.12464427832e-05, 5.28809723619e-05, 2.95333047688e-05],
        "mean": [0.0112040154636, 0.00527417100966, 0.000951593916398, 0.000809754012153, 0.00112004508264, 0.000718485622201, 0.000526441552211, 0.000390506815165, 0.000435797730461, 0.000211584643694, 0.000159359799, 0.000199196714675, 0.000138082323247, 7.48244274291e-05, 8.85476911208e-05, 5.76916427235e-05, 5.38181666343e-05, 4.23816854891e-05, 3.14124190481e-05, 2.49841887126e-05, 2.16001153603e-05, 1.77298225026e-05, 1.822705417e-05, 1.12882589747e-05, 7.27429323888e-06, 8.02601425676e-06, 9.95163372863e-06, 7.52698269935e-06, 7.18439105185e-06, 5.96373638473e-06, 4.86258295496e-06, 4.85735426992e-06, 6.15065891907e-06, 5.91859907217e-06, 5.57730663786e-06, 5.35281833436e-06, 4.7659214033e-06, 3.36880702889e-06, 2.42910050474e-06, 1.73986882146e-06],
        "median": [0.00834344420582, 0.00244840839878, 0.000458050664747, 0.000421894772444, 0.000720172189176, 0.000440314179286, 0.000294471508823, 0.000184117103345, 9.61162077147e-05, 5.01138929394e-05, 3.83403530577e-05, 4.16667098762e-05, 3.40491315001e-05, 1.42076751217e-05, 2.02578812605e-05, 1.35873970066e-05, 1.29872605612e-05, 9.72478301264e-06, 6.69096016281e-06, 5.6811450122e-06, 4.9417367336e-06, 5.17419221069e-06, 7.71815848566e-06, 4.19318848799e-06, 2.38674783759e-06, 3.1882100302e-06, 3.46712340615e-06, 1.85470764791e-06, 1.19577407531e-06, 9.25970482513e-07, 8.83824554876e-07, 1.03290074094e-06, 1.60444835728e-06, 1.39211942951e-06, 1.01187981727e-06, 7.07875415173e-07, 7.37660286632e-07, 8.18162789074e-07, 5.09777919433e-07, 3.15480008339e-07],
        "min": [7.80824205293e-09, 1.42841670936e-07, 1.62587775776e-06, 2.21794448407e-06, 2.64113405137e-05, 7.92546052253e-06, 5.40505698154e-06, 1.70419968981e-06, 7.7541886867e-07, 5.08775656272e-07, 1.45596274592e-07, 2.22291603791e-07, 2.24306305086e-07, 5.74646641383e-08, 6.62202950252e-08, 7.71505881403e-08, 5.91882987067e-08, 1.0681021223e-07, 1.2857327647e-07, 4.99031180823e-08, 7.39081187362e-08, 4.82003059687e-08, 7.96459289631e-08, 1.78055596933e-08, 2.50252849554e-08, 2.11015542817e-08, 2.07195025581e-08, 2.22592930754e-08, 4.01427557861e-09, 7.89191645367e-09, 4.62991422978e-10, 2.96659297128e-09, 3.02739300295e-09, 4.85111863874e-12, 6.77934708371e-10, 9.36079991298e-10, 4.96245322612e-10, 1.46414491642e-10, 2.3486027359e-11, 2.05191278465e-13],
