{
"highlevel": {
    "danceability": {
        "all": {
            "danceable": 0.0975276976824,
            "not_danceable": 0.902472317219
        },
        "probability": 0.902472317219,
        "value": "not_danceable"
    },
    "gender": {
        "all": {
            "female": 0.919686853886,
            "male": 0.0803131610155
        },
        "probability": 0.919686853886,
        "value": "female"
    },
    "genre_dortmund": {
        "all": {
            "alternative": 0.118698701262,
            "blues": 0.0301317553967,
            "electronic": 0.038382448256,
            "folkcountry": 0.378550946712,
            "funksoulrnb": 0.0193380340934,
            "jazz": 0.165901333094,
            "pop": 0.183943197131,
            "raphiphop": 0.0117593817413,
            "rock": 0.0532941967249
        },
        "probability": 0.378550946712,
        "value": "folkcountry"
    },
    "genre_electronic": {
        "all": {
            "ambient": 0.987084984779,
            "dnb": 0.00444713281468,
            "house": 0.00367333809845,
            "techno": 0.00256978045218,
            "trance": 0.00222478969954
        },
        "probability": 0.987084984779,
        "value": "ambient"
    },
    "genre_rosamerica": {
        "all": {
            "cla": 0.0644378960133,
            "dan": 0.0096280593425,
            "hip": 0.0301766153425,
            "jaz": 0.129042297602,
            "pop": 0.168789073825,
            "rhy": 0.54574239254,
            "roc": 0.0127012757584,
            "spe": 0.0394823849201
        },
        "probability": 0.54574239254,
        "value": "rhy"
    },
    "genre_tzanetakis": {
        "all": {
            "blu": 0.0626541376114,
            "cla": 0.0348133966327,
            "cou": 0.0783501937985,
            "dis": 0.104547761381,
            "hip": 0.15693578124,
            "jaz": 0.313987255096,
            "met": 0.044816005975,
            "pop": 0.0627349764109,
            "reg": 0.0627352520823,
            "roc": 0.0784252434969
        },
        "probability": 0.313987255096,
        "value": "jaz"
    },
    "ismir04_rhythm": {
        "all": {
            "ChaChaCha": 0.00138810870703,
            "Jive": 0.000772944767959,
            "Quickstep": 0.0110783819109,
            "Rumba-American": 0.00586478225887,
            "Rumba-International": 0.172001689672,
            "Rumba-Misc": 0.00429651513696,
            "Samba": 0.00690367072821,
            "Tango": 0.0210294835269,
            "VienneseWaltz": 0.0347513258457,
            "Waltz": 0.741913080215
        },
        "probability": 0.741913080215,
        "value": "Waltz"
    },
    "mood_acoustic": {
        "all": {
            "acoustic": 0.996033608913,
            "not_acoustic": 0.0039663980715
        },
        "probability": 0.996033608913,
        "value": "acoustic"
    },
    "mood_aggressive": {
        "all": {
            "aggressive": 1.19130991152e-05,
            "not_aggressive": 0.999988079071
        },
        "probability": 0.999988079071,
        "value": "not_aggressive"
    },
    "mood_electronic": {
        "all": {
            "electronic": 0.239632382989,
            "not_electronic": 0.760367631912
        },
        "probability": 0.760367631912,
        "value": "not_electronic"
    },
    "mood_happy": {
        "all": {
            "happy": 0.00366182951257,
            "not_happy": 0.996338188648
        },
        "probability": 0.996338188648,
        "value": "not_happy"
    },
    "mood_party": {
        "all": {
            "not_party": 0.995441734791,
            "party": 0.00455826288089
        },
        "probability": 0.995441734791,
        "value": "not_party"
    },
    "mood_relaxed": {
        "all": {
            "not_relaxed": 0.0260969791561,
            "relaxed": 0.973903000355
        },
        "probability": 0.973903000355,
        "value": "relaxed"
    },
    "mood_sad": {
        "all": {
            "not_sad": 0.137002035975,
            "sad": 0.862997949123
        },
        "probability": 0.862997949123,
        "value": "sad"
    },
    "moods_mirex": {
        "all": {
            "Cluster1": 0.165565609932,
            "Cluster2": 0.323926836252,
            "Cluster3": 0.429211288691,
            "Cluster4": 0.0485129579902,
            "Cluster5": 0.0327833034098
        },
        "probability": 0.429211288691,
        "value": "Cluster3"
    },
    "timbre": {
        "all": {
            "bright": 0.11142718792,
            "dark": 0.88857281208
        },
        "probability": 0.88857281208,
        "value": "dark"
    },
    "tonal_atonal": {
        "all": {
            "atonal": 0.507002294064,
            "tonal": 0.492997676134
        },
        "probability": 0.507002294064,
        "value": "atonal"
    },
    "voice_instrumental": {
        "all": {
            "instrumental": 0.0761641040444,
            "voice": 0.923835873604
        },
        "probability": 0.923835873604,
        "value": "voice"
    }
},
"lowlevel": {
    "average_loudness": 0.929231107235,
    "barkbands_crest": {
        "dmean": 1.76216173172,
        "dmean2": 2.64427852631,
        "dvar": 2.73982095718,
        "dvar2": 6.0474114418,
        "max": 23.0046768188,
        "mean": 14.2474536896,
        "median": 14.3015947342,
        "min": 4.48081159592,
        "var": 14.3005771637
    },
    "barkbands_flatness_db": {
        "dmean": 0.015854479745,
        "dmean2": 0.0239443145692,
        "dvar": 0.000211333521293,
        "dvar2": 0.000440400763182,
        "max": 0.480251938105,
        "mean": 0.292840570211,
        "median": 0.285543888807,
        "min": 0.0693173110485,
        "var": 0.00728058116511
    },
    "barkbands_kurtosis": {
        "dmean": 2.23781299591,
        "dmean2": 3.31838989258,
        "dvar": 7.03362417221,
        "dvar2": 15.9689903259,
        "max": 35.8215332031,
        "mean": 5.9766163826,
        "median": 5.00176048279,
        "min": -1.25894594193,
        "var": 21.8330917358
    },
    "barkbands_skewness": {
        "dmean": 0.341346442699,
        "dmean2": 0.489250093699,
        "dvar": 0.118482634425,
        "dvar2": 0.239781528711,
        "max": 5.00342512131,
        "mean": 1.54095935822,
        "median": 1.59254682064,
        "min": -0.932015955448,
        "var": 0.933692991734
    },
    "barkbands_spread": {
        "dmean": 1.42010056973,
        "dmean2": 1.99302411079,
        "dvar": 5.76499557495,
        "dvar2": 9.98188114166,
        "max": 71.2028198242,
        "mean": 7.36506652832,
        "median": 5.46084165573,
        "min": 1.14718437195,
        "var": 37.6837730408
    },
    "dissonance": {
        "dmean": 0.0426654778421,
        "dmean2": 0.0715458020568,
        "dvar": 0.00134767545387,
        "dvar2": 0.00355102284811,
        "max": 0.496719032526,
        "mean": 0.381334155798,
        "median": 0.388328284025,
        "min": 0.167155012488,
        "var": 0.00373917957768
    },
    "dynamic_complexity": 3.83460903168,
    "erbbands_crest": {
        "dmean": 2.44322228432,
        "dmean2": 3.70904755592,
        "dvar": 4.5425863266,
        "dvar2": 10.3968238831,
        "max": 28.9824752808,
        "mean": 13.416387558,
        "median": 12.279419899,
        "min": 2.90011525154,
        "var": 26.2277259827
    },
    "erbbands_flatness_db": {
        "dmean": 0.0148551305756,
        "dmean2": 0.02108877711,
        "dvar": 0.000188785823411,
        "dvar2": 0.000353283248842,
        "max": 0.370712608099,
        "mean": 0.251967042685,
        "median": 0.262737244368,
        "min": 0.0714292451739,
        "var": 0.00392375001684
    },
    "erbbands_kurtosis": {
        "dmean": 2.84643864632,
        "dmean2": 4.21885967255,
        "dvar": 23.7905025482,
        "dvar2": 50.0295524597,
        "max": 76.4733123779,
        "mean": 6.90677785873,
        "median": 3.71097898483,
        "min": -1.74721097946,
        "var": 98.1887054443
    },
    "erbbands_skewness": {
        "dmean": 0.421697407961,
        "dmean2": 0.611010849476,
        "dvar": 0.185927629471,
        "dvar2": 0.387949705124,
        "max": 7.47469806671,
        "mean": 1.440310359,
        "median": 1.18338263035,
        "min": -1.33325982094,
        "var": 1.62036132812
    },
    "erbbands_spread": {
        "dmean": 3.58238697052,
        "dmean2": 5.02205610275,
        "dvar": 33.5641365051,
        "dvar2": 54.7338180542,
        "max": 112.477874756,
        "mean": 17.2417564392,
        "median": 13.2996044159,
        "min": 2.2077023983,
        "var": 221.615066528
    },
    "hfc": {
        "dmean": 2.4741897583,
        "dmean2": 3.56523537636,
        "dvar": 13.2687559128,
        "dvar2": 27.8926677704,
        "max": 50.5336303711,
        "mean": 12.0958251953,
        "median": 6.36579799652,
        "min": 0.883931994438,
        "var": 123.836761475
    },
    "melbands_crest": {
        "dmean": 1.67178976536,
        "dmean2": 2.57310509682,
        "dvar": 2.78420448303,
        "dvar2": 6.65831565857,
        "max": 25.4591636658,
        "mean": 15.6750125885,
        "median": 16.0311698914,
        "min": 5.32403516769,
        "var": 14.0939807892
    },
    "melbands_flatness_db": {
        "dmean": 0.0164817292243,
        "dmean2": 0.0228369031101,
        "dvar": 0.000274053891189,
        "dvar2": 0.000506412994582,
        "max": 0.61723524332,
        "mean": 0.389580518007,
        "median": 0.377284526825,
        "min": 0.129672497511,
        "var": 0.0134425302967
    },
    "melbands_kurtosis": {
        "dmean": 3.40943789482,
        "dmean2": 4.93602561951,
        "dvar": 22.8230419159,
        "dvar2": 45.9362945557,
        "max": 100.965766907,
        "mean": 9.3664264679,
        "median": 6.63383293152,
        "min": -1.12563347816,
        "var": 88.9923095703
    },
    "melbands_skewness": {
        "dmean": 0.398820161819,
        "dmean2": 0.566379010677,
        "dvar": 0.183619722724,
        "dvar2": 0.3427092731,
        "max": 8.56254768372,
        "mean": 1.85204458237,
        "median": 1.90484285355,
        "min": -1.20506608486,
        "var": 1.78795433044
    },
    "melbands_spread": {
        "dmean": 1.43880748749,
        "dmean2": 2.03431749344,
        "dvar": 4.00529193878,
        "dvar2": 7.60418653488,
        "max": 49.3880844116,
        "mean": 7.91535711288,
        "median": 6.24603700638,
        "min": 1.02622199059,
        "var": 35.2046279907
    },
    "pitch_salience": {
        "dmean": 0.0429814532399,
        "dmean2": 0.0684726834297,
        "dvar": 0.00152788788546,
        "dvar2": 0.00391828641295,
        "max": 0.730782389641,
        "mean": 0.45002758503,
        "median": 0.449144721031,
        "min": 0.207271113992,
        "var": 0.0073848660104
    },
    "silence_rate_20dB": {
        "dmean": 0,
        "dmean2": 0,
        "dvar": 0,
        "dvar2": 0,
        "max": 1,
        "mean": 1,
        "median": 1,
        "min": 1,
        "var": 0
    },
    "silence_rate_30dB": {
        "dmean": 0,
        "dmean2": 0,
        "dvar": 0,
        "dvar2": 0,
        "max": 1,
        "mean": 1,
        "median": 1,
        "min": 1,
        "var": 0
    },
    "silence_rate_60dB": {
        "dmean": 0,
        "dmean2": 0,
        "dvar": 0,
        "dvar2": 0,
        "max": 0,
        "mean": 0,
        "median": 0,
        "min": 0,
        "var": 0
    },
    "spectral_centroid": {
        "dmean": 57.7252426147,
        "dmean2": 81.0012893677,
        "dvar": 12822.9902344,
        "dvar2": 18050.8476562,
        "max": 3041.7265625,
        "mean": 521.645385742,
        "median": 449.450958252,
        "min": 170.813293457,
        "var": 92591.8515625
    },
    "spectral_complexity": {
        "dmean": 1.24767804146,
        "dmean2": 2.05267238617,
        "dvar": 1.47271978855,
        "dvar2": 3.3310675621,
        "max": 24,
        "mean": 9.53983020782,
        "median": 9,
        "min": 4,
        "var": 8.95066928864
    },
    "spectral_decrease": {
        "dmean": 1.37948352741e-09,
        "dmean2": 2.06563166572e-09,
        "dvar": 2.78919657045e-18,
        "dvar2": 6.39092976148e-18,
        "max": -1.72512293339e-09,
        "mean": -8.17490874994e-09,
        "median": -6.9367827038e-09,
        "min": -2.45973073021e-08,
        "var": 1.7849394603e-17
    },
    "spectral_energy": {
        "dmean": 0.00540216453373,
        "dmean2": 0.00809236057103,
        "dvar": 4.34560461144e-05,
        "dvar2": 9.94268630166e-05,
        "max": 0.0949160680175,
        "mean": 0.03195111081,
        "median": 0.0268957987428,
        "min": 0.00732061360031,
        "var": 0.000282192777377
    },
    "spectral_energyband_high": {
        "dmean": 4.96469438076e-05,
        "dmean2": 6.23030791758e-05,
        "dvar": 2.09448458577e-08,
        "dvar2": 2.20337206258e-08,
        "max": 0.00574923818931,
        "mean": 0.000157098067575,
        "median": 4.52807835245e-05,
        "min": 2.99821785177e-08,
        "var": 1.21078812754e-07
    },
    "spectral_energyband_low": {
        "dmean": 0.00166837126017,
        "dmean2": 0.00227004964836,
        "dvar": 3.18753973261e-06,
        "dvar2": 7.27116002963e-06,
        "max": 0.0350410379469,
        "mean": 0.0123170111328,
        "median": 0.0115510541946,
        "min": 0.00215587997809,
        "var": 3.29894755851e-05
    },
    "spectral_energyband_middle_high": {
        "dmean": 0.00084620132111,
        "dmean2": 0.00120271125343,
        "dvar": 3.60269928024e-06,
        "dvar2": 7.28043778508e-06,
        "max": 0.0329819619656,
        "mean": 0.00259201554582,
        "median": 0.000559290696401,
        "min": 2.2334530513e-05,
        "var": 2.06948607229e-05
    },
    "spectral_energyband_middle_low": {
        "dmean": 0.00470723910257,
        "dmean2": 0.00707955658436,
        "dvar": 4.19086209149e-05,
        "dvar2": 9.5407543995e-05,
        "max": 0.0795536637306,
        "mean": 0.0175727885216,
        "median": 0.00876080710441,
        "min": 0.000984064303339,
        "var": 0.000280408770777
    },
    "spectral_entropy": {
        "dmean": 0.148816496134,
        "dmean2": 0.212801158428,
        "dvar": 0.0224591866136,
        "dvar2": 0.0415776632726,
        "max": 8.18303489685,
        "mean": 6.26524448395,
        "median": 6.0893201828,
        "min": 5.10292768478,
        "var": 0.426773965359
    },
    "spectral_flux": {
        "dmean": 0.015999160707,
        "dmean2": 0.0267408564687,
        "dvar": 0.000380617071642,
        "dvar2": 0.000964000937529,
        "max": 0.213079065084,
        "mean": 0.0512206219137,
        "median": 0.0433649756014,
        "min": 0.00867014098912,
        "var": 0.00113116693683
    },
    "spectral_kurtosis": {
        "dmean": 10.3225593567,
        "dmean2": 17.7834186554,
        "dvar": 266.569030762,
        "dvar2": 791.102722168,
        "max": 196.945877075,
        "mean": 26.6917438507,
        "median": 13.5580825806,
        "min": -0.627681970596,
        "var": 942.426818848
    },
    "spectral_rms": {
        "dmean": 0.000440506846644,
        "dmean2": 0.000652512477245,
        "dvar": 2.24199197874e-07,
        "dvar2": 4.871631063e-07,
        "max": 0.0096229435876,
        "mean": 0.00539697567001,
        "median": 0.00512248044834,
        "min": 0.00267246365547,
        "var": 2.04444063456e-06
    },
    "spectral_rolloff": {
        "dmean": 81.8158340454,
        "dmean2": 137.538330078,
        "dvar": 47848.1171875,
        "dvar2": 101134.15625,
        "max": 5275.63476562,
        "mean": 471.917480469,
        "median": 409.130859375,
        "min": 86.1328125,
        "var": 146733.125
    },
    "spectral_skewness": {
        "dmean": 0.659916341305,
        "dmean2": 1.09664320946,
        "dvar": 0.68542611599,
        "dvar2": 2.05181932449,
        "max": 11.0594043732,
        "mean": 3.5441262722,
        "median": 3.1930077076,
        "min": 0.0454486832023,
        "var": 3.38144135475
    },
    "spectral_spread": {
        "dmean": 359452.1875,
        "dmean2": 540866.0625,
        "dvar": 151954915328,
        "dvar2": 262118703104,
        "max": 9397604,
        "mean": 3094881.75,
        "median": 3075929.25,
        "min": 474220.09375,
        "var": 3.25372162867e+12
    },
    "spectral_strongpeak": {
        "dmean": 0.346696406603,
        "dmean2": 0.559040367603,
        "dvar": 0.368319779634,
        "dvar2": 0.8872371912,
        "max": 6.79318809509,
        "mean": 1.20448815823,
        "median": 0.423857629299,
        "min": 0.0600183345377,
        "var": 1.69219851494
    },
    "zerocrossingrate": {
        "dmean": 0.00330307893455,
        "dmean2": 0.00393915502355,
        "dvar": 1.84955970326e-05,
        "dvar2": 2.36962441704e-05,
        "max": 0.14404296875,
        "mean": 0.0224639587104,
        "median": 0.0185546875,
        "min": 0.00439453125,
        "var": 0.000260633125436
    },
    "barkbands": {
        "dmean": [4.85005584778e-05, 0.00142880179919, 0.000335241638822, 0.000341541221133, 0.000995644717477, 0.000939318269957, 0.00276472233236, 0.00144852546509, 0.000355980853783, 0.000612131669186, 0.000327841553371, 0.00011058828386, 0.000107594962174, 0.00011253663979, 4.12179651903e-05, 2.2910120606e-05, 1.22121546156e-05, 2.44808888965e-05, 9.94785204966e-06, 2.02805495064e-05, 1.38619707286e-05, 1.16524406621e-05, 1.3871513147e-05, 1.23161353258e-05, 4.14589112552e-06, 1.85369503924e-06, 1.93364635415e-09],
        "dmean2": [8.16248648334e-05, 0.00190340855625, 0.000496333115734, 0.000601261679549, 0.00140577706043, 0.00141879252624, 0.00412882724777, 0.00215594563633, 0.000528384291101, 0.000878898310475, 0.000489544356242, 0.000157256974489, 0.000151253319927, 0.000168489073985, 5.70818920096e-05, 3.35971308232e-05, 1.86925008165e-05, 4.02885962103e-05, 1.57759313879e-05, 3.00100491586e-05, 1.75095592567e-05, 1.62259202625e-05, 1.99920741579e-05, 1.8895660105e-05, 6.19478896624e-06, 2.52455652117e-06, 2.96340596506e-09],
        "dvar": [2.87125279108e-09, 2.44163720708e-06, 2.27352686011e-07, 4.46338276561e-07, 6.16601209913e-06, 3.58422221325e-06, 2.92922832159e-05, 1.31723872983e-05, 1.56333828727e-06, 2.17846127271e-06, 1.07597224996e-06, 3.19475645938e-07, 1.20484159538e-07, 2.20620819391e-07, 4.74876529211e-08, 9.24501897259e-09, 1.89866522504e-09, 7.4670936101e-09, 3.07675973588e-09, 3.57714413646e-09, 4.73119587951e-09, 1.62217250743e-09, 1.67484315305e-09, 1.01191066637e-09, 9.87732950986e-11, 2.73081210422e-11, 3.24346623786e-16],
        "dvar2": [7.59295826214e-09, 5.56930353923e-06, 4.11897161712e-07, 1.3258177205e-06, 8.79920025909e-06, 7.54428583605e-06, 6.63003011141e-05, 2.90296429739e-05, 3.08665903503e-06, 4.19676189267e-06, 2.1562443635e-06, 6.18032856892e-07, 2.34871919247e-07, 4.99546274568e-07, 9.32744299575e-08, 1.65078741787e-08, 4.2885455187e-09, 1.8760085041e-08, 8.03352762091e-09, 7.59069518352e-09, 6.56352616701e-09, 3.17627080193e-09, 2.944628541e-09, 2.6275126519e-09, 2.12100823016e-10, 4.10283196306e-11, 3.27683139505e-16],
        "max": [0.000988630112261, 0.0332056507468, 0.0180474352092, 0.012508969754, 0.076719507575, 0.0392578206956, 0.067167840898, 0.0729460790753, 0.0273532103747, 0.0255623497069, 0.0180886965245, 0.0206928309053, 0.00617837440223, 0.00994693581015, 0.00592172890902, 0.00349167454988, 0.000989528838545, 0.00157720292918, 0.00160055502784, 0.00120656739455, 0.0030236588791, 0.000963639526162, 0.000851976219565, 0.000872212985996, 0.000168731043232, 0.000120726719615, 5.58763872505e-07],
        "mean": [0.000264843343757, 0.00992099475116, 0.0017555442173, 0.000691955036018, 0.00314303534105, 0.00219530472532, 0.00725557189435, 0.00306198163889, 0.000641660997644, 0.00134892179631, 0.000689123291522, 0.000174911867362, 0.000217305743718, 0.000213280334719, 7.25549107301e-05, 4.57845671917e-05, 2.1143721824e-05, 4.10759275837e-05, 1.9160197553e-05, 4.5216671424e-05, 2.64386580966e-05, 2.5858375011e-05, 3.24118009303e-05, 3.17512603942e-05, 1.03572592707e-05, 4.95741596751e-06, 1.74692071919e-09],
        "median": [0.000209885882214, 0.00930159725249, 0.00105571153108, 0.000258106621914, 0.000876022968441, 0.00113665463869, 0.00106541439891, 0.000630790891591, 0.00016922566283, 0.000316880032187, 4.7200039262e-05, 1.73551143234e-05, 8.79543767951e-06, 1.36593607749e-05, 6.86480143486e-06, 6.48946752335e-06, 4.54122982774e-06, 1.85082194548e-06, 4.90577394885e-06, 3.89685783375e-06, 2.9217987958e-06, 8.64780986376e-07, 1.91952790374e-06, 5.46459250472e-06, 2.2618469302e-06, 7.47218734887e-07, 4.8530868213e-10],
        "min": [2.1252726583e-06, 0.000652868649922, 1.43050838233e-05, 3.85294333682e-06, 2.84371308226e-05, 1.92481275008e-05, 2.24991163122e-05, 1.9794479158e-05, 2.00605381906e-06, 2.58036698142e-06, 2.73779903637e-07, 3.655245564e-07, 1.82405457849e-07, 8.80208972376e-08, 4.23905959224e-08, 1.66250160305e-08, 5.50627348161e-08, 4.94109464455e-08, 1.4625497613e-07, 8.39231173444e-09, 1.45772869331e-08, 2.15593209951e-09, 5.46534428825e-10, 6.16064144143e-10, 2.33487063017e-10, 1.03308507582e-11, 1.27284441667e-11],
        "var": [3.93435932722e-08, 2.20707679546e-05, 5.46503588339e-06, 1.81849679848e-06, 5.52546807739e-05, 1.37225979415e-05, 0.000146229212987, 3.89394954254e-05, 3.6898666167e-06, 8.09845914773e-06, 4.12325152865e-06, 6.65714821935e-07, 5.1282682989e-07, 6.34839921076e-07, 1.03338358315e-07, 3.880839472e-08, 3.63294327954e-09, 1.60082667122e-08, 3.39822148199e-09, 1.40794673698e-08, 1.68035558801e-08, 5.22874321618e-09, 7.58587948013e-09, 3.56782803301e-09, 3.86197435143e-10, 1.34257521767e-10, 3.24584401816e-16]
    },
    "erbbands": {
        "dmean": [0.0321253053844, 0.358236193657, 0.484661340714, 0.766934812069, 1.20058894157, 4.12642860413, 5.61516046524, 8.85262489319, 34.0403022766, 36.5018463135, 21.1506576538, 6.62102794647, 16.6070156097, 15.3512477875, 7.18967914581, 4.5174369812, 4.76898241043, 4.7915391922, 3.02638530731, 1.78035879135, 0.949122488499, 0.642701685429, 1.4883929491, 0.575359106064, 0.562469542027, 0.986483633518, 0.51716786623, 0.636929512024, 0.400684326887, 0.507478356361, 0.321473956108, 0.197466343641, 0.25812381506, 0.0749465972185, 0.0162982828915, 0.0114192115143, 0.00296912598424, 0.000212605737033, 5.57867861062e-06, 6.05620334682e-06],
        "dmean2": [0.0416639484465, 0.479145169258, 0.685303032398, 1.30061221123, 1.91177165508, 5.8108458519, 8.34328269958, 13.5613641739, 50.3320808411, 56.2618293762, 32.1218261719, 9.86187934875, 23.9398174286, 22.7340126038, 10.3962678909, 6.39434576035, 6.60772609711, 7.15299415588, 4.08917093277, 2.64725089073, 1.38844823837, 0.979437887669, 2.41496562958, 0.894142150879, 0.869829535484, 1.48492848873, 0.697626471519, 0.820638120174, 0.543948233128, 0.745551168919, 0.477954447269, 0.298222064972, 0.40518951416, 0.113315537572, 0.0244048703462, 0.0166640598327, 0.00399072607979, 0.000330137903802, 8.1496873463e-06, 9.07003595785e-06],
        "dvar": [0.0012470089132, 0.159763097763, 0.382951021194, 1.51581203938, 9.98758029938, 141.320541382, 146.035263062, 460.608886719, 4547.36816406, 6803.09765625, 3521.95166016, 523.110839844, 1927.03283691, 1747.15344238, 415.347808838, 879.353515625, 249.397491455, 412.120849609, 185.105987549, 61.2601890564, 13.9786186218, 4.21831226349, 31.8732337952, 4.22478914261, 7.62397813797, 8.62258625031, 2.81073665619, 11.1768312454, 2.1061065197, 2.84975934029, 0.904868483543, 0.550925433636, 0.349679470062, 0.0297331120819, 0.00209070183337, 0.000887726142537, 0.000119887394249, 6.4251207732e-07, 1.93498300716e-10, 5.44812389647e-11],
        "dvar2": [0.00293314247392, 0.365547835827, 0.753482937813, 4.17865610123, 21.8143501282, 178.296600342, 325.466827393, 978.333435059, 10120.2802734, 17298.0195312, 7598.43554688, 1148.30993652, 3608.2331543, 3674.50073242, 756.661132812, 1776.45947266, 503.804901123, 819.272766113, 309.385681152, 101.02721405, 25.7517127991, 9.10974788666, 79.005859375, 10.7827749252, 19.8873615265, 18.1798019409, 3.98132419586, 16.7703704834, 3.64661002159, 4.65350866318, 1.83378374577, 1.50970304012, 0.907230138779, 0.0673828870058, 0.00406017294154, 0.00174789957236, 0.000192475810763, 1.28055091864e-06, 3.3791447418e-10, 1.24836516124e-10],
        "max": [0.748511254787, 8.08025932312, 21.2877101898, 27.4033718109, 103.034828186, 415.413085938, 229.529663086, 490.110931396, 896.528259277, 1060.27099609, 1403.63903809, 514.22076416, 910.584228516, 738.042907715, 431.447601318, 1065.62268066, 320.618621826, 546.31060791, 550.105102539, 265.646362305, 114.03503418, 37.4731178284, 113.098045349, 43.3501358032, 73.5648193359, 49.5805854797, 62.283706665, 143.925689697, 43.0909461975, 42.7869148254, 24.5623722076, 21.4124069214, 13.5483493805, 3.19136881828, 0.973089039326, 0.580398738384, 0.269220650196, 0.018271535635, 0.000349119334714, 0.000104212929728],
        "mean": [0.246142491698, 2.28784227371, 3.03934860229, 1.97531878948, 3.30177593231, 12.6827602386, 15.2618618011, 23.0019283295, 92.8802871704, 95.1914901733, 45.9510574341, 14.8459672928, 41.2972145081, 34.3980865479, 15.0830011368, 7.89085388184, 10.1473522186, 10.6519603729, 5.97017908096, 3.83587622643, 2.08980464935, 1.30368518829, 2.4211742878, 1.21077156067, 1.12416625023, 2.20811295509, 1.1499568224, 1.20239293575, 0.891395747662, 1.24151623249, 0.752695262432, 0.410932958126, 0.662627637386, 0.19679774344, 0.0430938489735, 0.0300572887063, 0.00698681501672, 0.000413256289903, 2.47725201916e-05, 3.64955340046e-05],
        "median": [0.210496798158, 2.10280561447, 2.50022101402, 1.21808624268, 1.41895830631, 2.41925764084, 6.29770326614, 9.498295784, 16.2228164673, 19.3216991425, 10.2338323593, 5.02685642242, 11.031867981, 4.00433778763, 2.53971028328, 0.856385827065, 0.510436117649, 0.705846905708, 0.61399269104, 0.493823677301, 0.329641908407, 0.296927154064, 0.120452456176, 0.260398387909, 0.230846211314, 0.182075873017, 0.112132884562, 0.107215665281, 0.0326920710504, 0.0528066307306, 0.0684790089726, 0.0991624817252, 0.0928195789456, 0.039983484894, 0.00925745349377, 0.00441081169993, 0.00102825276554, 6.34927491774e-05, 1.75503519131e-05, 3.09018869302e-05],
        "min": [0.00556994741783, 0.224666744471, 0.261859923601, 0.0990090891719, 0.0683369189501, 0.0861328467727, 0.326412677765, 0.273689687252, 0.595300495625, 0.396374970675, 0.595007300377, 0.113542415202, 0.0605139397085, 0.124488927424, 0.0536926537752, 0.0272500738502, 0.0154337380081, 0.0119647895917, 0.00484927929938, 0.00378289539367, 0.00795089546591, 0.00424446351826, 0.005340853706, 0.00520626921207, 0.00445725768805, 0.0013241826091, 0.000478342670249, 0.000322676729411, 0.000117414812848, 4.74637672596e-05, 2.21379650611e-05, 2.3722575861e-05, 1.59040318977e-05, 1.1518141946e-05, 7.49678383727e-06, 5.85731777392e-06, 2.74023000202e-06, 2.3513200631e-07, 3.31791579811e-06, 8.01283113105e-06],
        "var": [0.0210069660097, 1.57106733322, 7.22986078262, 6.44833374023, 59.7870635986, 1221.86999512, 707.077514648, 1464.2142334, 25370.5683594, 27694.4492188, 11327.203125, 1246.95141602, 9131.70117188, 6755.07421875, 1385.59509277, 1448.55883789, 1057.53869629, 1431.66625977, 617.554321289, 252.315429688, 55.9638633728, 11.5314407349, 59.3057327271, 8.29211044312, 11.2987804413, 33.9563674927, 12.1971254349, 36.8574256897, 7.24651670456, 11.699005127, 3.57658338547, 1.13229691982, 1.46799015999, 0.124325625598, 0.00917400885373, 0.00383911910467, 0.000487863930175, 1.99183205041e-06, 8.25117973946e-10, 3.74755032562e-10]
    },
    "gfcc": {
        "mean": [-93.5535125732, 173.00112915, -78.0848312378, 15.0058517456, -57.9104614258, 2.2475168705, -18.3515644073, 16.222618103, -6.40625, 5.609770298, 2.02830314636, -5.14731121063, 2.22346305847],
        "cov": [[7996.69140625, -4929.87939453, -960.93170166, 206.7993927, -2218.93725586, 1962.16442871, -1359.43920898, 348.591369629, -137.982116699, 731.78704834, -282.954345703, 525.40612793, -363.39251709], [-4929.87939453, 3437.98022461, 373.183410645, -285.104278564, 1473.50354004, -1291.61157227, 951.191589355, -341.287811279, 74.6798400879, -524.055786133, 179.402084351, -389.69708252, 211.734954834], [-960.93170166, 373.183410645, 565.624206543, -85.5880661011, 142.091308594, -117.76058197, -16.7046604156, 87.3363800049, -18.4756546021, -17.410161972, 78.8648681641, -16.2357578278, 70.9953536987], [206.7993927, -285.104278564, -85.5880661011, 559.937805176, -7.41560316086, -99.781539917, -18.2876167297, -79.9799423218, 9.45535850525, -80.7699813843, -138.764663696, -12.8676233292, 8.20859909058], [-2218.93725586, 1473.50354004, 142.091308594, -7.41560316086, 804.465270996, -625.690490723, 384.116882324, -148.075759888, 32.1645355225, -238.680419922, 21.9490337372, -157.286117554, 90.0402755737], [1962.16442871, -1291.61157227, -117.76058197, -99.781539917, -625.690490723, 694.82635498, -391.704681396, 136.555679321, -34.2364807129, 200.918243408, -9.38405895233, 135.316604614, -87.4227523804], [-1359.43920898, 951.191589355, -16.7046604156, -18.2876167297, 384.116882324, -391.704681396, 425.918426514, -134.004592896, 15.4538450241, -154.383483887, 21.7515010834, -101.749664307, 21.9534740448], [348.591369629, -341.287811279, 87.3363800049, -79.9799423218, -148.075759888, 136.555679321, -134.004592896, 179.856903076, 16.1391677856, 94.7394332886, 30.7473182678, 49.2640075684, -0.541669905186], [-137.982116699, 74.6798400879, -18.4756546021, 9.45535850525, 32.1645355225, -34.2364807129, 15.4538450241, 16.1391677856, 85.0255813599, -9.58119487762, -8.05124378204, -3.6369843483, 10.4003210068], [731.78704834, -524.055786133, -17.410161972, -80.7699813843, -238.680419922, 200.918243408, -154.383483887, 94.7394332886, -9.58119487762, 202.933898926, 14.0682764053, 57.4055595398, -21.0586681366], [-282.954345703, 179.402084351, 78.8648681641, -138.764663696, 21.9490337372, -9.38405895233, 21.7515010834, 30.7473182678, -8.05124378204, 14.0682764053, 123.78540802, -15.8224411011, 13.0272197723], [525.40612793, -389.69708252, -16.2357578278, -12.8676233292, -157.286117554, 135.316604614, -101.749664307, 49.2640075684, -3.6369843483, 57.4055595398, -15.8224411011, 127.264152527, -28.4830207825], [-363.39251709, 211.734954834, 70.9953536987, 8.20859909058, 90.0402755737, -87.4227523804, 21.9534740448, -0.541669905186, 10.4003210068, -21.0586681366, 13.0272197723, -28.4830207825, 94.8647384644]],
        "icov": [[0.00378303881735, 0.00324915768579, 0.00340861664154, 0.00184329249896, 0.00286214239895, 0.000390977715142, 0.00333324144594, 0.00154014292639, 0.00216808542609, 0.000465794699267, 0.00242823781446, 0.000543973525055, 0.00110570364632], [0.00324915768579, 0.0205889288336, -0.00183421967085, 0.01330524683, -0.00715225050226, 0.0109760686755, -0.00631781714037, 0.0120838312432, -0.00644811382517, 0.0127578666434, -0.00569441495463, 0.0123285884038, -0.00682884315029], [0.00340861664154, -0.00183421967085, 0.0069837141782, -0.00135798135307, 0.00475364224985, -0.00186404667329, 0.00622401339933, -0.00316632445902, 0.00542000262067, -0.0022772194352, 0.00322751537897, -0.0028558135964, 0.00195356248878], [0.00184329249896, 0.01330524683, -0.00135798135307, 0.0118945762515, -0.00345132639632, 0.00909470394254, -0.00312568270601, 0.00855298619717, -0.00442286487669, 0.00979628041387, -0.000928601541091, 0.00867479015142, -0.0048279534094], [0.00286214239895, -0.00715225050226, 0.00475364224985, -0.00345132639632, 0.0129490084946, -0.00131056027021, 0.00769447861239, -0.00391652295366, 0.00572640961036, -0.0040092873387, 0.00700778979808, -0.0045386236161, 0.00452441023663], [0.000390977715142, 0.0109760686755, -0.00186404667329, 0.00909470394254, -0.00131056027021, 0.0137824555859, -0.00162963324692, 0.00676002399996, -0.00408104388043, 0.00846970360726, -0.00371393561363, 0.00742097105831, -0.00296585657634], [0.00333324144594, -0.00631781714037, 0.00622401339933, -0.00312568270601, 0.00769447861239, -0.00162963324692, 0.0145180569962, -0.00237068952993, 0.0059307217598, -0.00435174815357, 0.00546034472063, -0.00458156876266, 0.00656218314543], [0.00154014292639, 0.0120838312432, -0.00316632445902, 0.00855298619717, -0.00391652295366, 0.00676002399996, -0.00237068952993, 0.0178639348596, -0.00761472759768, 0.00514787063003, -0.00504185259342, 0.00612931372598, -0.00433348910883], [0.00216808542609, -0.00644811382517, 0.00542000262067, -0.00442286487669, 0.00572640961036, -0.00408104388043, 0.0059307217598, -0.00761472759768, 0.0186488255858, -0.00467436900362, 0.00617822865024, -0.00528847007081, 0.00289309723303], [0.000465794699267, 0.0127578666434, -0.0022772194352, 0.00979628041387, -0.0040092873387, 0.00846970360726, -0.00435174815357, 0.00514787063003, -0.00467436900362, 0.0183220375329, -0.00491866841912, 0.00817459914833, -0.00547757465392], [0.00242823781446, -0.00569441495463, 0.00322751537897, -0.000928601541091, 0.00700778979808, -0.00371393561363, 0.00546034472063, -0.00504185259342, 0.00617822865024, -0.00491866841912, 0.0178056862205, -0.00288501614705, 0.00322938710451], [0.000543973525055, 0.0123285884038, -0.0028558135964, 0.00867479015142, -0.0045386236161, 0.00742097105831, -0.00458156876266, 0.00612931372598, -0.00528847007081, 0.00817459914833, -0.00288501614705, 0.0194318443537, -0.00317973061465], [0.00110570364632, -0.00682884315029, 0.00195356248878, -0.0048279534094, 0.00452441023663, -0.00296585657634, 0.00656218314543, -0.00433348910883, 0.00289309723303, -0.00547757465392, 0.00322938710451, -0.00317973061465, 0.0174722000957]]
    },
    "melbands": {
        "dmean": [0.000342739775078, 0.000340461556334, 0.000134722067742, 0.000173546170117, 0.000206006065127, 0.000231683443417, 0.000527547264937, 0.000393619207898, 0.000149847968714, 4.21379154432e-05, 8.65240872372e-05, 6.53172028251e-05, 3.17503108818e-05, 1.39001986099e-05, 1.1388537132e-05, 1.07135401777e-05, 1.04138216557e-05, 6.57466580378e-06, 3.43008991877e-06, 2.16356920646e-06, 1.01555099263e-06, 6.21802257683e-07, 1.17576860248e-06, 1.20641891499e-06, 4.27869480291e-07, 4.8145193432e-07, 5.4735841104e-07, 7.27604174244e-07, 4.2758583163e-07, 2.74725806548e-07, 4.1381466076e-07, 2.56188599224e-07, 2.20336474399e-07, 3.59172815934e-07, 2.32698482705e-07, 1.09795756487e-07, 1.38168005037e-07, 2.06738945963e-07, 1.33746169695e-07, 5.36327995349e-08],
        "dmean2": [0.000454702007119, 0.000465177407023, 0.000230533085414, 0.000248897791607, 0.000299259641906, 0.000351408671122, 0.00077883474296, 0.000601777981501, 0.000229924713494, 6.2558305217e-05, 0.000125139107695, 9.66513689491e-05, 4.57832175016e-05, 1.92193638213e-05, 1.63917557074e-05, 1.51733629536e-05, 1.54213812493e-05, 9.15683813218e-06, 4.98717236042e-06, 3.32978447659e-06, 1.50548987676e-06, 9.79429501058e-07, 1.86808642866e-06, 1.95804341274e-06, 6.6594219561e-07, 7.8554552374e-07, 8.26613415938e-07, 1.1140720062e-06, 6.00310045229e-07, 3.51257824605e-07, 5.42530187886e-07, 3.64870203384e-07, 3.22518559415e-07, 5.19068350968e-07, 3.45155029891e-07, 1.69008586681e-07, 2.13468979382e-07, 3.28797483462e-07, 2.05937197961e-07, 8.32401738649e-08],
        "dvar": [1.44376372191e-07, 1.45699402765e-07, 5.67048417111e-08, 1.91525813875e-07, 2.36664661202e-07, 2.56080369354e-07, 1.01151442777e-06, 7.37725542876e-07, 1.78369873538e-07, 2.23567599988e-08, 5.05170589804e-08, 2.88042496521e-08, 8.55629256336e-09, 3.6452756369e-09, 2.26504925926e-09, 1.60301449892e-09, 2.22140594808e-09, 1.05145037121e-09, 2.83013390501e-10, 1.06154168789e-10, 1.82152834483e-11, 3.57609124604e-12, 2.26958521421e-11, 1.89412721618e-11, 2.27380484233e-12, 1.33728497026e-11, 4.29689530485e-12, 4.84389047969e-12, 1.81357934313e-12, 1.95264659476e-12, 4.21523449826e-12, 8.65943601547e-13, 6.19362200416e-13, 1.39770595271e-12, 4.78561092664e-13, 1.84405537173e-13, 2.65747845821e-13, 2.48298235271e-13, 7.63200334636e-14, 1.97715718038e-14],
        "dvar2": [3.33751700055e-07, 3.2466527955e-07, 1.58923882054e-07, 2.7803548619e-07, 4.25866772957e-07, 5.36905304216e-07, 2.22823859986e-06, 1.86328793461e-06, 3.97187847057e-07, 4.83579292165e-08, 9.51626191181e-08, 6.04741643428e-08, 1.65012217224e-08, 5.74650327323e-09, 4.89437157469e-09, 3.11986791957e-09, 4.19999590662e-09, 1.91695459506e-09, 5.58400270467e-10, 2.02589334197e-10, 3.32697480676e-11, 7.46376051242e-12, 5.56537246843e-11, 4.67118392578e-11, 5.7642224327e-12, 3.59194271549e-11, 9.92354115548e-12, 1.05654963944e-11, 3.29134094111e-12, 2.13916731551e-12, 6.74804613229e-12, 1.57431565614e-12, 1.383454332e-12, 2.32461771187e-12, 9.61408578616e-13, 4.85480741979e-13, 7.65911151775e-13, 6.60567954502e-13, 1.81839135763e-13, 4.71933893332e-14],
        "max": [0.00867497269064, 0.00843542255461, 0.00424205465242, 0.0135875307024, 0.012356730178, 0.0094987731427, 0.0117456112057, 0.0144341485575, 0.00927745364606, 0.00277675781399, 0.00467433221638, 0.00273741222918, 0.00159579096362, 0.00219820649363, 0.00126421905588, 0.000785898184404, 0.00125489663333, 0.00115153321531, 0.000427411752753, 0.000366744148778, 0.000106103565486, 4.048331175e-05, 8.8571337983e-05, 8.8599495939e-05, 3.73017974198e-05, 0.00010566363926, 6.00851053605e-05, 4.08566593251e-05, 3.94958151446e-05, 6.19566562818e-05, 8.46154434839e-05, 2.5128472771e-05, 2.17926917685e-05, 3.11718031298e-05, 1.55026409629e-05, 1.26418899526e-05, 1.32554669108e-05, 1.15882021419e-05, 4.08553478337e-06, 2.3145164505e-06],
        "mean": [0.00253479927778, 0.00220357789658, 0.000368034670828, 0.000525538926013, 0.000616287288722, 0.000585396424867, 0.00141834572423, 0.000993899069726, 0.000307465350488, 8.51194126881e-05, 0.000210601676372, 0.000142977281939, 6.48322529742e-05, 2.45844385063e-05, 1.83298943739e-05, 2.22620674322e-05, 2.06409167731e-05, 1.09838638309e-05, 5.98970609644e-06, 4.39483437731e-06, 1.84916405033e-06, 1.18498803658e-06, 1.90605010175e-06, 1.95698430616e-06, 8.65095501013e-07, 7.77051809564e-07, 1.08191943582e-06, 1.5746762756e-06, 8.67225651291e-07, 5.03182093325e-07, 7.42015743072e-07, 5.17184503224e-07, 4.58055723129e-07, 8.16021781702e-07, 5.26311964677e-07, 1.84007788562e-07, 2.59050892737e-07, 4.80700350636e-07, 3.59059271204e-07, 1.09735147191e-07],
        "median": [0.00241466891021, 0.00199973001145, 0.000213309380342, 0.000142812525155, 0.000217487497139, 0.000224749208428, 0.0002242741175, 0.000190282196854, 7.01429089531e-05, 2.21314967348e-05, 5.12438164151e-05, 1.50953674165e-05, 6.69420433042e-06, 3.53667019226e-06, 1.54864039814e-06, 8.23633399705e-07, 1.25951055452e-06, 8.95163111636e-07, 4.98110807712e-07, 5.61428123547e-07, 2.73538120155e-07, 3.04448462884e-07, 1.01195368529e-07, 1.07329583443e-07, 2.10125008948e-07, 1.53310793394e-07, 1.14561018449e-07, 9.93284103856e-08, 6.59387424662e-08, 5.28135686295e-08, 4.275376142e-08, 1.17140297462e-08, 1.58196584721e-08, 3.24590807566e-08, 2.18171809507e-08, 2.25071232762e-08, 3.62929490905e-08, 6.12638402231e-08, 5.00135435288e-08, 1.85377633244e-08],
        "min": [0.000100560180726, 0.000196245164261, 1.27432658701e-05, 5.10320069225e-06, 1.0418913007e-05, 6.15685530647e-06, 7.10889162292e-06, 2.43817021328e-06, 1.03516879335e-06, 2.5971849027e-07, 2.48242628231e-07, 3.58205369366e-07, 7.3809154344e-08, 7.80459430416e-08, 1.06167989955e-08, 1.94730755965e-08, 1.38969165064e-08, 5.04502839505e-09, 5.51271428506e-09, 1.81469506089e-09, 4.61155691411e-09, 3.35907990312e-09, 1.85116311169e-09, 3.48863871125e-09, 3.11511794138e-09, 2.28495067311e-09, 4.63156069053e-10, 1.9294603415e-10, 2.19736437379e-10, 1.85540638409e-10, 2.76122805176e-11, 6.24129610841e-12, 3.26295379605e-11, 3.78340154344e-12, 4.82606489494e-12, 6.76735753481e-14, 1.67805862521e-12, 4.83198767456e-12, 1.81210558711e-12, 2.43972463759e-12],
