{
"highlevel": {
    "danceability": {
        "all": {
            "danceable": 0.966987669468,
            "not_danceable": 0.0330123119056
        },
        "probability": 0.966987669468,
        "value": "danceable"
    },
    "gender": {
        "all": {
            "female": 0.629090130329,
            "male": 0.370909839869
        },
        "probability": 0.629090130329,
        "value": "female"
    },
    "genre_dortmund": {
        "all": {
            "alternative": 0.121751800179,
            "blues": 0.25489154458,
            "electronic": 0.0465495735407,
            "folkcountry": 0.109215818346,
            "funksoulrnb": 0.0210957173258,
            "jazz": 0.0275637209415,
            "pop": 0.0366095267236,
            "raphiphop": 0.019408384338,
            "rock": 0.362913906574
        },
        "probability": 0.362913906574,
        "value": "rock"
    },
    "genre_electronic": {
        "all": {
            "ambient": 0.665484011173,
            "dnb": 0.173339694738,
            "house": 0.031769528985,
            "techno": 0.0132966311648,
            "trance": 0.116110146046
        },
        "probability": 0.665484011173,
        "value": "ambient"
    },
    "genre_rosamerica": {
        "all": {
            "cla": 0.0221931412816,
            "dan": 0.0126858865842,
            "hip": 0.0101799191907,
            "jaz": 0.00761782564223,
            "pop": 0.6131477952,
            "rhy": 0.0427167229354,
            "roc": 0.286219656467,
            "spe": 0.00523907225579
        },
        "probability": 0.6131477952,
        "value": "pop"
    },
    "genre_tzanetakis": {
        "all": {
            "blu": 0.0514711923897,
            "cla": 0.0343172624707,
            "cou": 0.102957598865,
            "dis": 0.102972343564,
            "hip": 0.154464527965,
            "jaz": 0.308918893337,
            "met": 0.0441242903471,
            "pop": 0.0617748275399,
            "reg": 0.0617764480412,
            "roc": 0.0772226303816
        },
        "probability": 0.308918893337,
        "value": "jaz"
    },
    "ismir04_rhythm": {
        "all": {
            "ChaChaCha": 0.300548166037,
            "Jive": 0.0675817653537,
            "Quickstep": 0.0339542627335,
            "Rumba-American": 0.0641730055213,
            "Rumba-International": 0.118913516402,
            "Rumba-Misc": 0.0168171264231,
            "Samba": 0.12802760303,
            "Tango": 0.104070082307,
            "VienneseWaltz": 0.136767521501,
            "Waltz": 0.0291469562799
        },
        "probability": 0.300548166037,
        "value": "ChaChaCha"
    },
    "mood_acoustic": {
        "all": {
            "acoustic": 0.125928774476,
            "not_acoustic": 0.874071240425
        },
        "probability": 0.874071240425,
        "value": "not_acoustic"
    },
    "mood_aggressive": {
        "all": {
            "aggressive": 0.19670791924,
            "not_aggressive": 0.803292095661
        },
        "probability": 0.803292095661,
        "value": "not_aggressive"
    },
    "mood_electronic": {
        "all": {
            "electronic": 0.332742005587,
            "not_electronic": 0.667257964611
        },
        "probability": 0.667257964611,
        "value": "not_electronic"
    },
    "mood_happy": {
        "all": {
            "happy": 0.576304554939,
            "not_happy": 0.423695445061
        },
        "probability": 0.576304554939,
        "value": "happy"
    },
    "mood_party": {
        "all": {
            "not_party": 0.941561877728,
            "party": 0.058438103646
        },
        "probability": 0.941561877728,
        "value": "not_party"
    },
    "mood_relaxed": {
        "all": {
            "not_relaxed": 0.258857429028,
            "relaxed": 0.741142570972
        },
        "probability": 0.741142570972,
        "value": "relaxed"
    },
    "mood_sad": {
        "all": {
            "not_sad": 0.648697733879,
            "sad": 0.351302266121
        },
        "probability": 0.648697733879,
        "value": "not_sad"
    },
    "moods_mirex": {
        "all": {
            "Cluster1": 0.0973480567336,
            "Cluster2": 0.149888291955,
            "Cluster3": 0.300733685493,
            "Cluster4": 0.208769068122,
            "Cluster5": 0.243260890245
        },
        "probability": 0.300733685493,
        "value": "Cluster3"
    },
    "timbre": {
        "all": {
            "bright": 0.826824963093,
            "dark": 0.173175007105
        },
        "probability": 0.826824963093,
        "value": "bright"
    },
    "tonal_atonal": {
        "all": {
            "atonal": 0.0490953437984,
            "tonal": 0.950904667377
        },
        "probability": 0.950904667377,
        "value": "tonal"
    },
    "voice_instrumental": {
        "all": {
            "instrumental": 0.022416966036,
            "voice": 0.977583050728
        },
        "probability": 0.977583050728,
        "value": "voice"
    }
},
"lowlevel": {
    "average_loudness": 0.982257425785,
    "barkbands_crest": {
        "dmean": 2.61854100227,
        "dmean2": 4.30720472336,
        "dvar": 6.87709283829,
        "dvar2": 17.4253978729,
        "max": 24.2934703827,
        "mean": 10.4988908768,
        "median": 9.83852005005,
        "min": 3.23689365387,
        "var": 13.9849319458
    },
    "barkbands_flatness_db": {
        "dmean": 0.0269229840487,
        "dmean2": 0.0407450199127,
        "dvar": 0.000621589482762,
        "dvar2": 0.00144816329703,
        "max": 0.334014683962,
        "mean": 0.186079382896,
        "median": 0.185020461679,
        "min": 0.0731815099716,
        "var": 0.00214674160816
    },
    "barkbands_kurtosis": {
        "dmean": 2.56897830963,
        "dmean2": 4.2166185379,
        "dvar": 84.1535186768,
        "dvar2": 210.089538574,
        "max": 226.577896118,
        "mean": 2.67364788055,
        "median": 0.570901632309,
        "min": -1.86197519302,
        "var": 107.200889587
    },
    "barkbands_skewness": {
        "dmean": 0.48653498292,
        "dmean2": 0.759830653667,
        "dvar": 0.462189435959,
        "dvar2": 1.09777510166,
        "max": 12.7666683197,
        "mean": 1.08918309212,
        "median": 0.840475618839,
        "min": -1.03441274166,
        "var": 1.22368586063
    },
    "barkbands_spread": {
        "dmean": 3.61673521996,
        "dmean2": 5.55278491974,
        "dvar": 17.29621315,
        "dvar2": 39.0487098694,
        "max": 67.9895477295,
        "mean": 18.7125339508,
        "median": 16.4446754456,
        "min": 1.17861616611,
        "var": 84.25340271
    },
    "dissonance": {
        "dmean": 0.0203962605447,
        "dmean2": 0.0343209505081,
        "dvar": 0.000323905464029,
        "dvar2": 0.000792605686001,
        "max": 0.498198270798,
        "mean": 0.447542577982,
        "median": 0.451624512672,
        "min": 0.298113882542,
        "var": 0.00087970419554
    },
    "dynamic_complexity": 1.31816756725,
    "erbbands_crest": {
        "dmean": 2.5165002346,
        "dmean2": 3.91348314285,
        "dvar": 5.49982023239,
        "dvar2": 13.3768491745,
        "max": 30.4414958954,
        "mean": 12.1248569489,
        "median": 10.8502855301,
        "min": 3.55488443375,
        "var": 27.1671447754
    },
    "erbbands_flatness_db": {
        "dmean": 0.0271158311516,
        "dmean2": 0.0367273651063,
        "dvar": 0.000671458605211,
        "dvar2": 0.00124851544388,
        "max": 0.328309893608,
        "mean": 0.205382287502,
        "median": 0.205545201898,
        "min": 0.069094620645,
        "var": 0.0024778812658
    },
    "erbbands_kurtosis": {
        "dmean": 0.956368088722,
        "dmean2": 1.45925378799,
        "dvar": 1.27018117905,
        "dvar2": 2.93412065506,
        "max": 25.8832130432,
        "mean": 1.2407964468,
        "median": 0.620574712753,
        "min": -1.60837197304,
        "var": 4.98197603226
    },
    "erbbands_skewness": {
        "dmean": 0.329531282187,
        "dmean2": 0.511629521847,
        "dvar": 0.0964262634516,
        "dvar2": 0.230740740895,
        "max": 2.0825316906,
        "mean": 0.203176409006,
        "median": 0.348979562521,
        "min": -4.20005273819,
        "var": 0.774145007133
    },
    "erbbands_spread": {
        "dmean": 5.09855794907,
        "dmean2": 7.6190943718,
        "dvar": 39.1046066284,
        "dvar2": 85.210067749,
        "max": 99.6321563721,
        "mean": 23.2759723663,
        "median": 21.2377147675,
        "min": 6.1474199295,
        "var": 120.030654907
    },
    "hfc": {
        "dmean": 5.20553827286,
        "dmean2": 7.79548931122,
        "dvar": 51.5277862549,
        "dvar2": 104.072052002,
        "max": 163.612594604,
        "mean": 26.4525413513,
        "median": 24.4132556915,
        "min": 1.17439413071,
        "var": 230.464233398
    },
    "melbands_crest": {
        "dmean": 3.2522649765,
        "dmean2": 5.26631259918,
        "dvar": 11.0160684586,
        "dvar2": 26.038608551,
        "max": 31.318277359,
        "mean": 14.0612268448,
        "median": 13.0711364746,
        "min": 4.35845375061,
        "var": 27.3345355988
    },
    "melbands_flatness_db": {
        "dmean": 0.0305673759431,
        "dmean2": 0.0455226525664,
        "dvar": 0.000947611173615,
        "dvar2": 0.00223181978799,
        "max": 0.443529725075,
        "mean": 0.240712866187,
        "median": 0.239177167416,
        "min": 0.0746795609593,
        "var": 0.00360780628398
    },
    "melbands_kurtosis": {
        "dmean": 5.11457586288,
        "dmean2": 8.302775383,
        "dvar": 212.650863647,
        "dvar2": 512.340148926,
        "max": 313.502868652,
        "mean": 7.20067024231,
        "median": 2.62994480133,
        "min": -1.56412315369,
        "var": 341.523071289
    },
    "melbands_skewness": {
        "dmean": 0.607294440269,
        "dmean2": 0.954836130142,
        "dvar": 0.658342182636,
        "dvar2": 1.58659613132,
        "max": 12.4716320038,
        "mean": 1.82237815857,
        "median": 1.50997412205,
        "min": -0.468779325485,
        "var": 1.78164255619
    },
    "melbands_spread": {
        "dmean": 4.84314060211,
        "dmean2": 7.67372369766,
        "dvar": 35.0344161987,
        "dvar2": 78.3699645996,
        "max": 92.8215560913,
        "mean": 22.2004909515,
        "median": 19.9142398834,
        "min": 0.69332242012,
        "var": 155.4009552
    },
    "pitch_salience": {
        "dmean": 0.0661789253354,
        "dmean2": 0.10811303556,
        "dvar": 0.00405201362446,
        "dvar2": 0.0095652975142,
        "max": 0.802728593349,
        "mean": 0.48199775815,
        "median": 0.478482216597,
        "min": 0.175537243485,
        "var": 0.0117937028408
    },
    "silence_rate_20dB": {
        "dmean": 0,
        "dmean2": 0,
        "dvar": 0,
        "dvar2": 0,
        "max": 1,
        "mean": 1,
        "median": 1,
        "min": 1,
        "var": 0
    },
    "silence_rate_30dB": {
        "dmean": 0.00464396271855,
        "dmean2": 0.00929511990398,
        "dvar": 0.00462229317054,
        "dvar2": 0.0138559509069,
        "max": 1,
        "mean": 0.997679829597,
        "median": 1,
        "min": 0,
        "var": 0.00231487047859
    },
    "silence_rate_60dB": {
        "dmean": 0,
        "dmean2": 0,
        "dvar": 0,
        "dvar2": 0,
        "max": 0,
        "mean": 0,
        "median": 0,
        "min": 0,
        "var": 0
    },
    "spectral_centroid": {
        "dmean": 149.515762329,
        "dmean2": 233.448852539,
        "dvar": 28498.0957031,
        "dvar2": 61261.5898438,
        "max": 3128.23144531,
        "mean": 1098.27148438,
        "median": 992.663391113,
        "min": 236.435623169,
        "var": 214022.515625
    },
    "spectral_complexity": {
        "dmean": 2.94272446632,
        "dmean2": 4.69326114655,
        "dvar": 9.97506332397,
        "dvar2": 23.2676811218,
        "max": 42,
        "mean": 19.5630321503,
        "median": 19,
        "min": 5,
        "var": 31.2622318268
    },
    "spectral_decrease": {
        "dmean": 2.7007966974e-09,
        "dmean2": 4.44086412088e-09,
        "dvar": 1.34295568318e-17,
        "dvar2": 3.41131501461e-17,
        "max": -8.65305105346e-10,
        "mean": -1.11573372763e-08,
        "median": -1.06832800384e-08,
        "min": -3.59099630032e-08,
        "var": 2.0410142293e-17
    },
    "spectral_energy": {
        "dmean": 0.0103797530755,
        "dmean2": 0.0170495379716,
        "dvar": 0.000191458166228,
        "dvar2": 0.000484951015096,
        "max": 0.136622533202,
        "mean": 0.0445096902549,
        "median": 0.0429695397615,
        "min": 0.0033751395531,
        "var": 0.000304989574943
    },
    "spectral_energyband_high": {
        "dmean": 0.00024471670622,
        "dmean2": 0.000351065624272,
        "dvar": 6.90375827617e-07,
        "dvar2": 1.399469852e-06,
        "max": 0.0216585826129,
        "mean": 0.000334475655109,
        "median": 0.000125131366076,
        "min": 7.4900646041e-07,
        "var": 8.67963194651e-07
    },
    "spectral_energyband_low": {
        "dmean": 0.00936853326857,
        "dmean2": 0.015316455625,
        "dvar": 0.000250840297667,
        "dvar2": 0.000627128931228,
        "max": 0.132485359907,
        "mean": 0.0184070337564,
        "median": 0.0147142456844,
        "min": 5.44768408872e-05,
        "var": 0.00031372369267
    },
    "spectral_energyband_middle_high": {
        "dmean": 0.00225803698413,
        "dmean2": 0.0034384499304,
        "dvar": 7.60177272241e-06,
        "dvar2": 1.57868216775e-05,
        "max": 0.0464856624603,
        "mean": 0.00973410066217,
        "median": 0.00894488487393,
        "min": 0.000202046998311,
        "var": 4.50773077318e-05
    },
    "spectral_energyband_middle_low": {
        "dmean": 0.00467112241313,
        "dmean2": 0.007608409971,
        "dvar": 2.4357723305e-05,
        "dvar2": 6.29093847238e-05,
        "max": 0.0577495731413,
        "mean": 0.0169785544276,
        "median": 0.0149863930419,
        "min": 0.000852620403748,
        "var": 9.07354333322e-05
    },
    "spectral_entropy": {
        "dmean": 0.201971173286,
        "dmean2": 0.284070342779,
        "dvar": 0.0423789173365,
        "dvar2": 0.0876263156533,
        "max": 8.31720542908,
        "mean": 7.18383836746,
        "median": 7.17245721817,
        "min": 6.15095424652,
        "var": 0.128621444106
    },
    "spectral_flux": {
        "dmean": 0.0280932076275,
        "dmean2": 0.042613632977,
        "dvar": 0.00104174250737,
        "dvar2": 0.00207636458799,
        "max": 0.323210567236,
        "mean": 0.0909040570259,
        "median": 0.077992759645,
        "min": 0.0138062844053,
        "var": 0.00207216804847
    },
    "spectral_kurtosis": {
        "dmean": 3.70749545097,
        "dmean2": 6.41143321991,
        "dvar": 18.855260849,
        "dvar2": 51.8185081482,
        "max": 42.3109512329,
        "mean": 7.89940595627,
        "median": 6.41077709198,
        "min": -0.399069309235,
        "var": 29.2535552979
    },
    "spectral_rms": {
        "dmean": 0.000736558693461,
        "dmean2": 0.00119884009473,
        "dvar": 7.38368555631e-07,
        "dvar2": 1.79585140359e-06,
        "max": 0.0115451412275,
        "mean": 0.00646835193038,
        "median": 0.00647468166426,
        "min": 0.00181461265311,
        "var": 1.58451496191e-06
    },
    "spectral_rolloff": {
        "dmean": 216.931381226,
        "dmean2": 374.870635986,
        "dvar": 155094.8125,
        "dvar2": 364293.9375,
        "max": 6653.75976562,
        "mean": 1096.32434082,
        "median": 904.39453125,
        "min": 64.599609375,
        "var": 377223.0625
    },
    "spectral_skewness": {
        "dmean": 0.371637910604,
        "dmean2": 0.619914412498,
        "dvar": 0.124198958278,
        "dvar2": 0.334727019072,
        "max": 4.37760019302,
        "mean": 1.93816637993,
        "median": 1.87355875969,
        "min": 0.281431466341,
        "var": 0.292471647263
    },
    "spectral_spread": {
        "dmean": 717705.6875,
        "dmean2": 1057727.375,
        "dvar": 715709153280,
        "dvar2": 1.63811269018e+12,
        "max": 9363606,
        "mean": 3300040.25,
        "median": 3096331.25,
        "min": 1345479.5,
        "var": 1.50755593421e+12
    },
    "spectral_strongpeak": {
        "dmean": 0.817708492279,
        "dmean2": 1.45114326477,
        "dvar": 2.57660365105,
        "dvar2": 6.04259252548,
        "max": 16.0322208405,
        "mean": 1.47703826427,
        "median": 0.465674549341,
        "min": 0.0653605014086,
        "var": 4.5652012825
    },
    "zerocrossingrate": {
        "dmean": 0.00630117114633,
        "dmean2": 0.0076846620068,
        "dvar": 5.04733543494e-05,
        "dvar2": 6.93750844221e-05,
        "max": 0.18310546875,
        "mean": 0.0418615266681,
        "median": 0.03955078125,
        "min": 0.00439453125,
        "var": 0.000309944705805
    },
    "barkbands": {
        "dmean": [0.000584633555263, 0.0085813999176, 0.00139840343036, 0.000882768305019, 0.00110936583951, 0.00181507272646, 0.00140258227475, 0.00128854578361, 0.00115427176934, 0.000929021160118, 0.000312710384605, 0.000262097019004, 0.000491794256959, 0.000784598465543, 0.000547853298485, 0.000339066958986, 0.000446014717454, 6.73326649121e-05, 0.000147490005475, 6.73425893183e-05, 5.88446855545e-05, 6.26728651696e-05, 5.02785369463e-05, 3.44473337464e-05, 2.81802786049e-05, 1.67693287949e-05, 2.67319322234e-09],
        "dmean2": [0.000953335897066, 0.0143212024122, 0.00248181214556, 0.00147172436118, 0.00189841282554, 0.00310748117045, 0.00215951283462, 0.00200840481557, 0.00167505769059, 0.00138861429878, 0.000489768746775, 0.000384224578738, 0.000729732622858, 0.00120380474254, 0.00081015919568, 0.000495054351632, 0.000686659070197, 0.000106773652078, 0.000227215554332, 0.000106517203676, 8.78274586285e-05, 9.18928781175e-05, 7.39062816137e-05, 5.0416092563e-05, 4.49959479738e-05, 2.89213767246e-05, 5.03752684011e-09],
        "dvar": [1.78878576662e-06, 0.000216117288801, 6.30224030829e-06, 1.694061325e-06, 2.99859425468e-06, 6.38399433228e-06, 5.68156156078e-06, 6.40722100798e-06, 2.44523471338e-06, 3.49838933289e-06, 2.09283996355e-07, 5.42897680589e-07, 6.24873621291e-07, 1.87547971109e-06, 1.72359250428e-06, 1.41084831284e-06, 6.61178830796e-07, 1.24607968388e-08, 8.38079046162e-08, 4.94355916203e-08, 7.11449885671e-08, 8.58027746631e-08, 3.90448882115e-08, 4.3316656928e-09, 5.39083266915e-09, 1.77057024597e-09, 1.35963981688e-16],
        "dvar2": [4.29260353485e-06, 0.000557913270313, 1.88830599654e-05, 4.49687377113e-06, 8.05340187071e-06, 1.84140990314e-05, 1.39827961902e-05, 1.63915101439e-05, 5.37669029654e-06, 7.34058630769e-06, 5.429913017e-07, 1.00898682831e-06, 1.35449249683e-06, 4.2401020437e-06, 3.24034931509e-06, 2.09371751225e-06, 1.29884892885e-06, 2.76529448229e-08, 1.81050438641e-07, 1.17761388196e-07, 1.55836772819e-07, 1.89106970083e-07, 7.92297996099e-08, 9.28650845111e-09, 1.27733637001e-08, 4.5550900829e-09, 4.00128808692e-16],
        "max": [0.010464345105, 0.117711566389, 0.0211994312704, 0.0175172798336, 0.0163133665919, 0.0276145376265, 0.0322464555502, 0.0512563362718, 0.0279320403934, 0.0334271043539, 0.00614754110575, 0.0182244908065, 0.0121848909184, 0.0189937148243, 0.0238132234663, 0.0353741683066, 0.0186158828437, 0.00254310551099, 0.00621810927987, 0.00513834413141, 0.00697460677475, 0.00857230741531, 0.00529169663787, 0.00106339377817, 0.0013403550256, 0.000629235000815, 2.17576811679e-07],
        "mean": [0.000646093103569, 0.0151734994724, 0.00189905066509, 0.00170240458101, 0.00186863867566, 0.00322986696847, 0.00337244896218, 0.00300562614575, 0.00316162290983, 0.00263557792641, 0.000655728334095, 0.000454868306406, 0.00107576255687, 0.00188664230518, 0.00122175295837, 0.000720880692825, 0.000955656811129, 0.000129560416099, 0.000313680240652, 9.50054964051e-05, 7.57069938118e-05, 8.02249633125e-05, 6.48204731988e-05, 4.10281099903e-05, 3.07713053189e-05, 1.27890771182e-05, 1.92691018697e-09],
        "median": [0.000191534025362, 0.0119333527982, 0.00112459377851, 0.00102188240271, 0.00137050799094, 0.00198327447288, 0.00135747005697, 0.00149607146159, 0.00194105925038, 0.00072585925227, 0.000372426555259, 0.000141184369568, 0.00064892123919, 0.000677460920997, 0.000306151399855, 0.000318376667565, 0.000409694737755, 9.62194317253e-05, 0.00015875234385, 4.22775265179e-05, 2.92655586236e-05, 2.12938721234e-05, 1.97737008421e-05, 1.20555769172e-05, 6.76369336361e-06, 5.33895558874e-07, 6.88562817874e-10],
        "min": [1.83646235996e-07, 9.5074001365e-06, 2.72766601483e-06, 6.2808230723e-06, 4.72423307656e-05, 3.6408091546e-06, 3.35643630933e-06, 6.44991814625e-06, 1.13111373139e-05, 5.83108794672e-06, 1.14402519102e-05, 7.47561387016e-07, 1.5665899582e-06, 1.38154871365e-06, 5.68477958041e-07, 9.39532355915e-07, 6.28806105851e-07, 2.73693387953e-07, 1.80176542131e-07, 1.16640080705e-07, 1.32541231324e-07, 1.12101325556e-07, 4.3897308899e-08, 9.92783286136e-11, 2.65653662262e-11, 8.02937057121e-12, 1.27546063988e-11],
        "var": [1.94094218386e-06, 0.000248728669249, 5.79467223361e-06, 3.98251359002e-06, 3.37263986694e-06, 1.35268028316e-05, 2.32954462263e-05, 2.62036828644e-05, 1.1788763004e-05, 2.05495471164e-05, 5.52347557914e-07, 1.16602029721e-06, 1.70795669874e-06, 8.14657050796e-06, 7.997476132e-06, 4.89197554998e-06, 2.67027962764e-06, 2.40772326521e-08, 2.35433262219e-07, 6.77532412396e-08, 7.71273107603e-08, 9.22253988733e-08, 4.65064005084e-08, 6.8092829153e-09, 6.59102461498e-09, 1.44176515171e-09, 7.34068729116e-17]
    },
    "erbbands": {
        "dmean": [0.286920636892, 1.95503878593, 2.20621037483, 1.83640420437, 3.96401047707, 3.49054837227, 6.96727323532, 18.3318862915, 15.067191124, 33.8377456665, 18.7717895508, 30.9477615356, 17.3057994843, 26.8137798309, 11.6678285599, 12.7514667511, 22.5260772705, 41.8323059082, 17.3805885315, 32.527217865, 17.2643318176, 21.1139755249, 7.73459196091, 6.68503761292, 6.10954141617, 2.66200971603, 2.10455083847, 2.6046795845, 2.31434202194, 1.76212882996, 1.36296594143, 0.845670700073, 0.551710784435, 0.357759416103, 0.178864985704, 0.0751544237137, 0.033115208149, 0.00350810796954, 6.39244026388e-05, 1.31062961373e-05],
        "dmean2": [0.464328855276, 3.35945034027, 3.93449282646, 3.10566139221, 6.8349199295, 5.96449708939, 11.7743635178, 31.5169563293, 22.6315116882, 54.0256538391, 28.1981868744, 44.4055900574, 26.1427974701, 40.3108291626, 18.04845047, 18.6823482513, 32.8777427673, 64.0896453857, 28.2666873932, 46.369052887, 23.9847660065, 32.4283561707, 12.2057819366, 10.2265377045, 9.79337978363, 4.13090658188, 3.27059364319, 3.87158846855, 3.45983576775, 2.57839608192, 2.02813839912, 1.22988820076, 0.847982168198, 0.561796009541, 0.295634418726, 0.125947266817, 0.0589752979577, 0.00620139297098, 0.000110224063974, 2.08874134842e-05],
        "dvar": [0.273180514574, 11.6875505447, 17.658744812, 5.89836168289, 44.2516555786, 28.5878124237, 95.7299957275, 669.369873047, 668.012451172, 4277.21777344, 2088.01171875, 1802.60778809, 2064.95605469, 3257.58325195, 272.892578125, 1048.51171875, 1259.92041016, 5570.67871094, 777.305480957, 8944.4609375, 3944.99682617, 1365.69470215, 162.609710693, 257.301544189, 166.434661865, 38.5577278137, 37.0189208984, 248.359130859, 126.631072998, 61.5496635437, 23.0609149933, 3.29767155647, 1.3821259737, 0.816662669182, 0.243649721146, 0.0520417131484, 0.00691602705047, 6.87139763613e-05, 2.0029791159e-08, 2.59627569443e-10],
        "dvar2": [0.647621095181, 32.6900024414, 51.8544006348, 16.3976688385, 122.894943237, 77.0574188232, 258.751220703, 1975.13964844, 1352.86779785, 12485.1064453, 4174.30371094, 3926.95922852, 3715.68823242, 7239.82958984, 617.865234375, 1860.60498047, 2743.25805664, 12806.8242188, 2070.88427734, 17036.1289062, 4985.62451172, 3037.06518555, 376.519775391, 515.166992188, 357.741333008, 90.1407012939, 84.7084350586, 561.91607666, 293.85055542, 127.171951294, 46.3318023682, 6.89169597626, 3.12777018547, 1.98226475716, 0.561517059803, 0.132971018553, 0.0184446498752, 0.000180861199624, 5.22393861502e-08, 6.42448039212e-10],
        "max": [4.25919723511, 25.9536685944, 33.1442718506, 27.0886802673, 73.0729370117, 54.7340087891, 103.597106934, 275.59072876, 425.148895264, 779.292358398, 1396.67443848, 785.995300293, 1365.44445801, 1041.36584473, 253.429855347, 701.067260742, 541.028137207, 958.992370605, 413.692687988, 1771.97070312, 2292.03369141, 614.29486084, 212.99269104, 394.209442139, 274.352783203, 167.775100708, 114.861732483, 453.947570801, 322.390289307, 233.648117065, 120.8307724, 34.3680076599, 20.1168689728, 17.0274028778, 8.18532466888, 4.74805116653, 1.02836930752, 0.0654738098383, 0.00131254224107, 0.000151109241415],
        "mean": [0.463843405247, 3.18930768967, 3.36831235886, 3.7101483345, 6.7402806282, 5.78698396683, 12.4810161591, 31.8097324371, 39.2069664001, 73.0835723877, 57.5612373352, 86.5224914551, 48.2810897827, 80.4343948364, 29.0182209015, 26.0571670532, 52.5142974854, 104.295448303, 41.7998695374, 78.9245452881, 44.9386024475, 46.0770149231, 17.2739219666, 14.5888147354, 12.3302135468, 4.34991359711, 2.8688750267, 3.1674861908, 2.90523838997, 2.3414478302, 1.73608887196, 1.00306868553, 0.653536915779, 0.416370749474, 0.174423694611, 0.0611933320761, 0.0236697662622, 0.00248975818977, 6.78031792631e-05, 5.3726213082e-05],
        "median": [0.278598278761, 2.380443573, 2.43069314957, 2.7169034481, 3.78443980217, 3.99228143692, 8.11008262634, 20.1570262909, 16.013923645, 45.5722160339, 31.3050479889, 55.138420105, 19.2863922119, 23.8471336365, 20.4864406586, 11.6572256088, 33.4223060608, 33.2689399719, 29.5989780426, 13.4539260864, 21.6896724701, 21.2598342896, 9.20293521881, 7.20366954803, 6.71777820587, 2.27619123459, 1.29246377945, 0.943602919579, 0.804262340069, 0.734850168228, 0.517073333263, 0.305462867022, 0.178178414702, 0.103436417878, 0.0260971356183, 0.00431463588029, 0.000631592527498, 4.80331655126e-05, 2.69145239145e-05, 5.1002301916e-05],
        "min": [0.000597506994382, 0.00383442034945, 0.014158080332, 0.0615850500762, 0.137329623103, 0.182928591967, 0.195701524615, 0.0896114185452, 0.158505499363, 0.103203415871, 0.298537522554, 0.449171841145, 0.561138510704, 0.499105095863, 0.750769495964, 0.165766313672, 0.080111593008, 0.115349620581, 0.119883514941, 0.048210285604, 0.0728978812695, 0.0353967323899, 0.0162525679916, 0.0136653874069, 0.00565589033067, 0.00629185885191, 0.0038110294845, 0.00604756968096, 0.00449587963521, 0.00251090573147, 0.00155430880841, 0.000297729187878, 8.45061367727e-05, 1.89743332157e-05, 1.26678769448e-05, 9.43029772316e-06, 4.3348741201e-06, 6.78751746364e-07, 1.78279265128e-06, 3.76333264285e-06],
        "var": [0.357690364122, 10.9991378784, 14.8758506775, 11.2269849777, 65.3574295044, 32.480381012, 157.347717285, 1331.04467773, 3476.54370117, 10183.4150391, 15001.4570312, 8621.92773438, 12349.4736328, 19728.7382812, 756.277160645, 2481.58154297, 3605.65014648, 24451.34375, 1787.51928711, 42233.0703125, 19597.5527344, 4990.34912109, 500.319946289, 642.13861084, 358.485321045, 67.0455932617, 41.7312164307, 247.551437378, 125.688911438, 71.77734375, 28.24568367, 4.65963554382, 2.05874204636, 1.03221416473, 0.284412384033, 0.0454943664372, 0.00497036520392, 4.96148095408e-05, 1.53638701761e-08, 4.52597403999e-10]
    },
    "gfcc": {
        "mean": [7.31186103821, 141.44770813, -135.541275024, 28.470293045, -49.4645004272, 15.6546401978, -31.1019210815, 12.8356294632, -2.58658146858, -0.461017638445, -2.01486587524, -7.51263475418, -5.11471700668],
        "cov": [[2211.89379883, -1440.10217285, 246.604324341, -42.9545059204, -361.287872314, 333.271484375, -333.860351562, 242.311187744, -258.291809082, 411.649871826, -259.606048584, 284.479309082, -177.533615112], [-1440.10217285, 1410.36633301, -418.657714844, -5.471991539, 310.16104126, -291.861358643, 306.173675537, -214.605621338, 293.21762085, -309.553741455, 292.041931152, -271.915740967, 161.757736206], [246.604324341, -418.657714844, 842.073791504, -59.6727218628, -161.151672363, 219.387573242, -61.5556793213, 118.978279114, -291.424591064, 67.8664855957, -157.354553223, 236.269561768, -29.3450317383], [-42.9545059204, -5.471991539, -59.6727218628, 377.881591797, 121.960670471, 33.4466438293, 11.9450883865, -25.6004943848, 101.674873352, -68.8901443481, 38.6951675415, -111.592529297, 40.8102531433], [-361.287872314, 310.16104126, -161.151672363, 121.960670471, 490.830871582, -113.508789062, 102.803100586, 15.6583967209, 143.958282471, -4.01100969315, 32.2788658142, -113.558448792, -47.4670181274], [333.271484375, -291.861358643, 219.387573242, 33.4466438293, -113.508789062, 248.968017578, -40.911315918, 48.7633934021, -87.8000946045, 47.7217025757, -20.0404567719, 64.4037246704, 18.4241867065], [-333.860351562, 306.173675537, -61.5556793213, 11.9450883865, 102.803100586, -40.911315918, 164.357772827, -28.592622757, 72.3505020142, -57.5363883972, 55.6023712158, -49.4777679443, 18.3807144165], [242.311187744, -214.605621338, 118.978279114, -25.6004943848, 15.6583967209, 48.7633934021, -28.592622757, 129.815383911, -30.4476947784, 71.950340271, -64.5960922241, 56.6377296448, -32.8241119385], [-258.291809082, 293.21762085, -291.424591064, 101.674873352, 143.958282471, -87.8000946045, 72.3505020142, -30.4476947784, 248.064529419, -31.7448139191, 94.4750900269, -133.151885986, 18.5631313324], [411.649871826, -309.553741455, 67.8664855957, -68.8901443481, -4.01100969315, 47.7217025757, -57.5363883972, 71.950340271, -31.7448139191, 206.928039551, -49.381362915, 74.3474121094, -91.1820831299], [-259.606048584, 292.041931152, -157.354553223, 38.6951675415, 32.2788658142, -20.0404567719, 55.6023712158, -64.5960922241, 94.4750900269, -49.381362915, 163.930984497, -70.6077194214, 51.8042755127], [284.479309082, -271.915740967, 236.269561768, -111.592529297, -113.558448792, 64.4037246704, -49.4777679443, 56.6377296448, -133.151885986, 74.3474121094, -70.6077194214, 177.761871338, -18.277048111], [-177.533615112, 161.757736206, -29.3450317383, 40.8102531433, -47.4670181274, 18.4241867065, 18.3807144165, -32.8241119385, 18.5631313324, -91.1820831299, 51.8042755127, -18.277048111, 129.471130371]],
        "icov": [[0.00195871805772, 0.000474867265439, 0.00130952592008, -0.000901283405256, 0.000834174919873, -0.00141488492955, 0.000886683468707, -0.00129451428074, 0.00062753126258, -0.001658099005, 0.000801174144726, -0.00143073836807, 0.000946291955188], [0.000474867265439, 0.00711550889537, -0.00209013698623, 0.00433058803901, -0.00255076983012, 0.00368755706586, -0.004402033519, 0.00342699163593, -0.00237188232131, 0.00313108530827, -0.0053635686636, 0.00463876919821, -0.00469758128747], [0.00130952592008, -0.00209013698623, 0.00471524475142, -0.00283403834328, 0.00144593860023, -0.00368151254952, 0.00125179672614, -0.00317740091123, 0.00333080231212, -0.00153658352792, 0.00309747410938, -0.00505196209997, 0.00292752636597], [-0.000901283405256, 0.00433058803901, -0.00283403834328, 0.0077140587382, -0.00329053541645, 0.00159976701252, -0.00192785484251, 0.00384059059434, -0.0036946926266, 0.00402222527191, -0.00337493326515, 0.00599689409137, -0.0043475124985], [0.000834174919873, -0.00255076983012, 0.00144593860023, -0.00329053541645, 0.00498466938734, -0.000753464875743, 0.000316304329317, -0.00363520625979, 0.0010113917524, -0.00267798011191, 0.00233497587033, -0.00135503953788, 0.0035072399769], [-0.00141488492955, 0.00368755706586, -0.00368151254952, 0.00159976701252, -0.000753464875743, 0.0105936946347, -0.00367428851314, 0.00103840185329, -0.000189903032151, 0.000699183146935, -0.00542362360284, 0.00497581623495, -0.00549263367429], [0.000886683468707, -0.004402033519, 0.00125179672614, -0.00192785484251, 0.000316304329317, -0.00367428851314, 0.012805743143, -0.00219220411964, -0.000546658586245, -0.000467783364002, 0.00228242459707, -0.00411351397634, 0.00412706146017], [-0.00129451428074, 0.00342699163593, -0.00317740091123, 0.00384059059434, -0.00363520625979, 0.00103840185329, -0.00219220411964, 0.0162347145379, -0.00459452206269, 0.000542462512385, 0.000668309105095, 0.00164893676993, -0.00403464725241], [0.00062753126258, -0.00237188232131, 0.00333080231212, -0.0036946926266, 0.0010113917524, -0.000189903032151, -0.000546658586245, -0.00459452206269, 0.0121723264456, -0.00391988549381, -0.00048416320351, 0.00130775012076, 0.000926455133595], [-0.001658099005, 0.00313108530827, -0.00153658352792, 0.00402222527191, -0.00267798011191, 0.000699183146935, -0.000467783364002, 0.000542462512385, -0.00391988549381, 0.0142624070868, -0.00448092445731, -0.000563547597267, 0.00364092062227], [0.000801174144726, -0.0053635686636, 0.00309747410938, -0.00337493326515, 0.00233497587033, -0.00542362360284, 0.00228242459707, 0.000668309105095, -0.00048416320351, -0.00448092445731, 0.0160054787993, -0.00387135101482, 0.00100179936271], [-0.00143073836807, 0.00463876919821, -0.00505196209997, 0.00599689409137, -0.00135503953788, 0.00497581623495, -0.00411351397634, 0.00164893676993, 0.00130775012076, -0.000563547597267, -0.00387135101482, 0.0200893692672, -0.00719497073442], [0.000946291955188, -0.00469758128747, 0.00292752636597, -0.0043475124985, 0.0035072399769, -0.00549263367429, 0.00412706146017, -0.00403464725241, 0.000926455133595, 0.00364092062227, 0.00100179936271, -0.00719497073442, 0.0183977093548]]
    },
    "melbands": {
        "dmean": [0.00241756206378, 0.0016227447195, 0.000377200718503, 0.000269992538961, 0.000220745947445, 0.000380957382731, 0.0002416762145, 0.000361512706149, 0.000165433870279, 0.000176714005647, 8.67129128892e-05, 0.000117422270705, 4.37332273577e-05, 3.27244015352e-05, 4.29670035373e-05, 4.56030866189e-05, 9.04620974325e-05, 3.00619358313e-05, 3.26764893543e-05, 3.79911725759e-05, 2.10865146073e-05, 2.04273037525e-05, 2.08926558116e-05, 3.20704702972e-06, 6.18654394202e-06, 5.24634242538e-06, 4.02862042392e-06, 1.42804867664e-06, 1.26746124351e-06, 1.5612434936e-06, 1.56725548095e-06, 1.46387174027e-06, 1.04412026758e-06, 1.01411967535e-06, 8.23938989924e-07, 6.66119035486e-07, 4.79776645079e-07, 4.08760826076e-07, 3.48899163782e-07, 3.09116813924e-07],
        "dmean2": [0.00396847072989, 0.00284919911064, 0.000635959790088, 0.000464799930342, 0.000371814065147, 0.000654154049698, 0.000365384999895, 0.000573933764827, 0.000241694666329, 0.00025573457242, 0.000131041480927, 0.000176220637513, 6.80091106915e-05, 4.8009413149e-05, 6.33681484032e-05, 6.85384147801e-05, 0.000138104820508, 4.89222547913e-05, 4.79686095787e-05, 5.42570669495e-05, 2.86812701233e-05, 3.12975316774e-05, 3.28051100951e-05, 5.14647081218e-06, 9.45215560932e-06, 8.12679354567e-06, 6.44097508484e-06, 2.28043791139e-06, 2.02063392862e-06, 2.38226607507e-06, 2.34899653151e-06, 2.22992821364e-06, 1.62877893217e-06, 1.4946264173e-06, 1.24429163861e-06, 1.00849126738e-06, 7.27482870388e-07, 6.41460587758e-07, 5.54147504772e-07, 4.96880772971e-07],
        "dvar": [1.73785738298e-05, 9.18324167287e-06, 2.69785175533e-07, 1.77165503601e-07, 9.08485375817e-08, 2.89606276738e-07, 1.70274532252e-07, 4.67974672347e-07, 1.23537191143e-07, 5.71752245548e-08, 5.10044735336e-08, 6.55951026829e-08, 4.1444843113e-09, 1.01011989884e-08, 5.22298559957e-09, 6.48819220572e-09, 2.81067364938e-08, 2.57863974618e-09, 7.35688354681e-09, 1.10255680141e-08, 5.75389735857e-09, 1.31871080722e-09, 1.5104638651e-09, 2.02572993102e-11, 2.61605875851e-10, 7.76087805132e-11, 1.74888062365e-10, 8.26324252079e-12, 1.10188238742e-11, 4.66476926531e-11, 1.05314555687e-10, 6.01943772605e-11, 1.06861871782e-11, 2.66001734528e-11, 8.23174861608e-12, 3.86104863359e-12, 8.59585948428e-13, 8.21882709459e-13, 5.89880195471e-13, 8.22859900877e-13],
        "dvar2": [4.25115540565e-05, 2.62054472842e-05, 7.40544237487e-07, 4.87721877107e-07, 2.4740114668e-07, 8.46678460675e-07, 3.6455173813e-07, 1.37927008836e-06, 2.46477554811e-07, 1.26237210907e-07, 9.27592580524e-08, 1.46149275793e-07, 1.01340829062e-08, 2.00167828979e-08, 1.17144844936e-08, 1.3489596995e-08, 6.40744914904e-08, 6.68319088959e-09, 1.43479192971e-08, 2.10887307617e-08, 6.64818067264e-09, 2.76264167098e-09, 3.52799900405e-09, 4.88673476684e-11, 5.14975728727e-10, 1.69217292956e-10, 3.76057351925e-10, 1.99572806198e-11, 2.68267890541e-11, 1.05353593904e-10, 2.3966237328e-10, 1.44166720228e-10, 2.0355283431e-11, 6.03240027375e-11, 1.67301658638e-11, 7.82647037456e-12, 1.93332936466e-12, 1.88332097313e-12, 1.43135037243e-12, 2.09705885469e-12],
        "max": [0.0319151133299, 0.0226182229817, 0.00675379345194, 0.00412599602714, 0.00346318283118, 0.0062188426964, 0.00665095541626, 0.00828412361443, 0.0103295482695, 0.00435615424067, 0.00669257808477, 0.00467345910147, 0.000809453544207, 0.00277494546026, 0.00100064231083, 0.00139346555807, 0.00219785561785, 0.000766515324358, 0.00154937582556, 0.00195117678959, 0.00254499050789, 0.000716808310244, 0.000530406192411, 6.89117077854e-05, 0.000407698389608, 0.000147782120621, 0.00030961498851, 5.35971630597e-05, 6.333780766e-05, 0.000162836528034, 0.000302728381939, 0.000220889487537, 7.99513363745e-05, 0.000155203233589, 7.08281731931e-05, 4.40136245743e-05, 1.12933776109e-05, 1.58821931109e-05, 1.31959259306e-05, 1.9551413061e-05],
        "mean": [0.00422798888758, 0.00271956552751, 0.000772504834458, 0.000450338440714, 0.000414997135522, 0.000672610360198, 0.000620961829554, 0.000777808541898, 0.000507560675032, 0.000483810435981, 0.000230801175348, 0.000344239379046, 9.74124413915e-05, 5.77053906454e-05, 9.31302420213e-05, 9.96450762614e-05, 0.000219801411731, 6.45250620437e-05, 7.43417913327e-05, 8.8083317678e-05, 4.93985899084e-05, 4.4746837375e-05, 3.97130279453e-05, 6.23193909632e-06, 1.23315076053e-05, 1.04810715129e-05, 6.47355136607e-06, 2.039881565e-06, 1.64867412877e-06, 1.90566913716e-06, 1.81147538569e-06, 1.7353623889e-06, 1.40556221595e-06, 1.25496478631e-06, 1.02601302387e-06, 8.05170941476e-07, 5.37330038242e-07, 4.59532913055e-07, 4.0097174292e-07, 3.40119470366e-07],
        "median": [0.00310396356508, 0.00215306226164, 0.000522530113813, 0.000313561264193, 0.000293963967124, 0.000406311883125, 0.000238651919062, 0.000470793893328, 0.000286380527541, 0.00029524389538, 7.79363908805e-05, 9.05080378288e-05, 5.72294993617e-05, 2.35797288042e-05, 5.08390257892e-05, 6.01326610195e-05, 5.94480188738e-05, 4.06324033975e-05, 1.66128338606e-05, 2.07390294236e-05, 1.93075629795e-05, 2.12143186218e-05, 1.26468485178e-05, 4.53197026218e-06, 5.20137791682e-06, 5.49386595594e-06, 2.86621570922e-06, 9.95949108074e-07, 7.40817313272e-07, 7.38564551739e-07, 4.5157375439e-07, 4.07854713558e-07, 4.25731371934e-07, 3.5794340647e-07, 3.07035833202e-07, 2.15293752603e-07, 1.49294336893e-07, 1.14288674524e-07, 1.10623908256e-07, 6.97919162462e-08],
        "min": [4.61548233943e-06, 5.78585240874e-06, 1.9522567527e-05, 7.08864081389e-06, 7.65146523918e-06, 8.48592776492e-07, 2.30699743042e-06, 1.38264499583e-06, 2.67317273028e-06, 2.01738453143e-06, 9.68903577814e-07, 7.77273328367e-07, 2.56923317465e-06, 2.55520888004e-07, 5.75291565497e-08, 1.87698503851e-07, 1.10927743435e-07, 1.71063533116e-07, 3.36810579427e-08, 5.26174730453e-08, 8.75284200674e-08, 3.21674669124e-08, 1.46653187372e-08, 1.18693428419e-08, 1.0712245313e-08, 3.33862626434e-09, 3.61287444406e-09, 3.78304454429e-09, 1.82385562209e-09, 2.50073028951e-09, 2.89201884662e-09, 2.56754328909e-09, 1.11110964873e-09, 6.05063554815e-10, 9.36650312866e-10, 2.7880575626e-10, 2.28668039365e-11, 2.77040353549e-13, 2.49636547328e-13, 2.51998346235e-13],
