{
"highlevel": {
    "danceability": {
        "all": {
            "danceable": 0.0303611885756,
            "not_danceable": 0.969638824463
        },
        "probability": 0.969638824463,
        "value": "not_danceable"
    },
    "gender": {
        "all": {
            "female": 0.00557767413557,
            "male": 0.994422316551
        },
        "probability": 0.994422316551,
        "value": "male"
    },
    "genre_dortmund": {
        "all": {
            "alternative": 0.113622292876,
            "blues": 0.0238540638238,
            "electronic": 0.00674511771649,
            "folkcountry": 0.56053429842,
            "funksoulrnb": 0.00537637807429,
            "jazz": 0.222602948546,
            "pop": 0.0257618520409,
            "raphiphop": 0.000751925050281,
            "rock": 0.0407511033118
        },
        "probability": 0.56053429842,
        "value": "folkcountry"
    },
    "genre_electronic": {
        "all": {
            "ambient": 0.960988044739,
            "dnb": 0.00576100498438,
            "house": 0.027146531269,
            "techno": 0.00280889356509,
            "trance": 0.00329552381299
        },
        "probability": 0.960988044739,
        "value": "ambient"
    },
    "genre_rosamerica": {
        "all": {
            "cla": 0.857726991177,
            "dan": 0.00153034750838,
            "hip": 0.00284281908534,
            "jaz": 0.035562723875,
            "pop": 0.00576778035611,
            "rhy": 0.082911670208,
            "roc": 0.00284848641604,
            "spe": 0.0108091505244
        },
        "probability": 0.857726991177,
        "value": "cla"
    },
    "genre_tzanetakis": {
        "all": {
            "blu": 0.000985664897598,
            "cla": 0.000215317151742,
            "cou": 0.000525402952917,
            "dis": 0.000335288204951,
            "hip": 0.00236709299497,
            "jaz": 0.98484402895,
            "met": 0.000190650884178,
            "pop": 0.00851895660162,
            "reg": 0.00165883521549,
            "roc": 0.000358766497811
        },
        "probability": 0.98484402895,
        "value": "jaz"
    },
    "ismir04_rhythm": {
        "all": {
            "ChaChaCha": 0.00162882648874,
            "Jive": 0.00062677677488,
            "Quickstep": 0.00274069327861,
            "Rumba-American": 0.00641176570207,
            "Rumba-International": 0.0393605977297,
            "Rumba-Misc": 0.004550779704,
            "Samba": 0.00099342665635,
            "Tango": 0.0773295015097,
            "VienneseWaltz": 0.0306404922158,
            "Waltz": 0.835717141628
        },
        "probability": 0.835717141628,
        "value": "Waltz"
    },
    "mood_acoustic": {
        "all": {
            "acoustic": 0.98911523819,
            "not_acoustic": 0.0108847785741
        },
        "probability": 0.98911523819,
        "value": "acoustic"
    },
    "mood_aggressive": {
        "all": {
            "aggressive": 7.28749910195e-07,
            "not_aggressive": 0.999999284744
        },
        "probability": 0.999999284744,
        "value": "not_aggressive"
    },
    "mood_electronic": {
        "all": {
            "electronic": 0.0135832140222,
            "not_electronic": 0.986416757107
        },
        "probability": 0.986416757107,
        "value": "not_electronic"
    },
    "mood_happy": {
        "all": {
            "happy": 0.142963632941,
            "not_happy": 0.857036352158
        },
        "probability": 0.857036352158,
        "value": "not_happy"
    },
    "mood_party": {
        "all": {
            "not_party": 0.996721148491,
            "party": 0.00327883986756
        },
        "probability": 0.996721148491,
        "value": "not_party"
    },
    "mood_relaxed": {
        "all": {
            "not_relaxed": 0.0463569313288,
            "relaxed": 0.953643083572
        },
        "probability": 0.953643083572,
        "value": "relaxed"
    },
    "mood_sad": {
        "all": {
            "not_sad": 0.0939162522554,
            "sad": 0.906083762646
        },
        "probability": 0.906083762646,
        "value": "sad"
    },
    "moods_mirex": {
        "all": {
            "Cluster1": 0.0500664226711,
            "Cluster2": 0.0747270807624,
            "Cluster3": 0.79574650526,
            "Cluster4": 0.0710571557283,
            "Cluster5": 0.00840282253921
        },
        "probability": 0.79574650526,
        "value": "Cluster3"
    },
    "timbre": {
        "all": {
            "bright": 0.957901299,
            "dark": 0.0420986860991
        },
        "probability": 0.957901299,
        "value": "bright"
    },
    "tonal_atonal": {
        "all": {
            "atonal": 1.46495849549e-05,
            "tonal": 0.999985337257
        },
        "probability": 0.999985337257,
        "value": "tonal"
    },
    "voice_instrumental": {
        "all": {
            "instrumental": 0.415691912174,
            "voice": 0.584308087826
        },
        "probability": 0.584308087826,
        "value": "voice"
    }
},
"lowlevel": {
    "average_loudness": 0.847887158394,
    "barkbands_crest": {
        "dmean": 1.88375735283,
        "dmean2": 2.83231449127,
        "dvar": 4.49896764755,
        "dvar2": 10.8749980927,
        "max": 25.5449981689,
        "mean": 12.9340858459,
        "median": 12.3296699524,
        "min": 3.96387147903,
        "var": 18.1814308167
    },
    "barkbands_flatness_db": {
        "dmean": 0.0164567027241,
        "dmean2": 0.0238353405148,
        "dvar": 0.000323549262248,
        "dvar2": 0.000648417742923,
        "max": 0.449964016676,
        "mean": 0.280197769403,
        "median": 0.278480172157,
        "min": 0.0939956977963,
        "var": 0.0026022780221
    },
    "barkbands_kurtosis": {
        "dmean": 2.35727930069,
        "dmean2": 3.52542495728,
        "dvar": 9.53558826447,
        "dvar2": 20.4657211304,
        "max": 44.1645355225,
        "mean": 6.61072397232,
        "median": 5.07267665863,
        "min": -1.77687847614,
        "var": 39.0289802551
    },
    "barkbands_skewness": {
        "dmean": 0.377225965261,
        "dmean2": 0.548974454403,
        "dvar": 0.178523182869,
        "dvar2": 0.378528058529,
        "max": 5.70524597168,
        "mean": 1.7622730732,
        "median": 1.75282084942,
        "min": -1.85917162895,
        "var": 1.43152785301
    },
    "barkbands_spread": {
        "dmean": 1.30051934719,
        "dmean2": 1.90798664093,
        "dvar": 5.02510166168,
        "dvar2": 9.14798164368,
        "max": 53.2953834534,
        "mean": 6.08258867264,
        "median": 4.98849773407,
        "min": 0.766238331795,
        "var": 16.8158550262
    },
    "dissonance": {
        "dmean": 0.0343551523983,
        "dmean2": 0.0572768300772,
        "dvar": 0.000937555800192,
        "dvar2": 0.00253937533125,
        "max": 0.499999940395,
        "mean": 0.388285309076,
        "median": 0.393643945456,
        "min": 0.149739384651,
        "var": 0.00370606547222
    },
    "dynamic_complexity": 4.46091222763,
    "erbbands_crest": {
        "dmean": 1.96471357346,
        "dmean2": 2.98311829567,
        "dvar": 4.55535173416,
        "dvar2": 11.4726219177,
        "max": 26.741109848,
        "mean": 11.5950136185,
        "median": 10.3753957748,
        "min": 3.49780678749,
        "var": 19.433506012
    },
    "erbbands_flatness_db": {
        "dmean": 0.0128602450714,
        "dmean2": 0.0182154923677,
        "dvar": 0.000228552744375,
        "dvar2": 0.000443671073299,
        "max": 0.446683287621,
        "mean": 0.284189403057,
        "median": 0.276855200529,
        "min": 0.124795109034,
        "var": 0.00263310805894
    },
    "erbbands_kurtosis": {
        "dmean": 1.05422580242,
        "dmean2": 1.54922771454,
        "dvar": 2.26339888573,
        "dvar2": 4.63570690155,
        "max": 22.7352218628,
        "mean": 2.02159261703,
        "median": 1.10640144348,
        "min": -1.6280823946,
        "var": 10.6480360031
    },
    "erbbands_skewness": {
        "dmean": 0.28398424387,
        "dmean2": 0.414337992668,
        "dvar": 0.0881985872984,
        "dvar2": 0.203240096569,
        "max": 3.69579362869,
        "mean": 0.846596598625,
        "median": 0.896553039551,
        "min": -2.40037178993,
        "var": 0.470662713051
    },
    "erbbands_spread": {
        "dmean": 2.99330878258,
        "dmean2": 4.43398761749,
        "dvar": 16.8611354828,
        "dvar2": 38.4678077698,
        "max": 89.1385955811,
        "mean": 17.6653251648,
        "median": 16.8034572601,
        "min": 1.89454233646,
        "var": 88.1431503296
    },
    "hfc": {
        "dmean": 2.10140013695,
        "dmean2": 2.57392120361,
        "dvar": 25.9834918976,
        "dvar2": 39.2736587524,
        "max": 158.824020386,
        "mean": 9.72924900055,
        "median": 4.04525279999,
        "min": 0.0251117832959,
        "var": 261.666229248
    },
    "melbands_crest": {
        "dmean": 2.16002130508,
        "dmean2": 3.23038506508,
        "dvar": 5.23398303986,
        "dvar2": 12.4500684738,
        "max": 32.4093513489,
        "mean": 16.5396575928,
        "median": 16.0067653656,
        "min": 5.24300527573,
        "var": 30.3502235413
    },
    "melbands_flatness_db": {
        "dmean": 0.0170994270593,
        "dmean2": 0.023931670934,
        "dvar": 0.000438698625658,
        "dvar2": 0.000887566246092,
        "max": 0.489340603352,
        "mean": 0.340602129698,
        "median": 0.338106095791,
        "min": 0.0699396133423,
        "var": 0.00306506734341
    },
    "melbands_kurtosis": {
        "dmean": 3.20270204544,
        "dmean2": 4.81617259979,
        "dvar": 20.0904846191,
        "dvar2": 45.9163818359,
        "max": 53.3002281189,
        "mean": 9.02139091492,
        "median": 6.1563873291,
        "min": -1.63210391998,
        "var": 76.0051574707
    },
    "melbands_skewness": {
        "dmean": 0.419445306063,
        "dmean2": 0.610640704632,
        "dvar": 0.236245602369,
        "dvar2": 0.521133601665,
        "max": 6.44756793976,
        "mean": 1.99345970154,
        "median": 1.85522377491,
        "min": -1.58253395557,
        "var": 1.7711622715
    },
    "melbands_spread": {
        "dmean": 1.88714826107,
        "dmean2": 2.81596970558,
        "dvar": 16.5273990631,
        "dvar2": 31.6919937134,
        "max": 95.9517364502,
        "mean": 8.51460647583,
        "median": 6.9254527092,
        "min": 1.29552733898,
        "var": 44.4892196655
    },
    "pitch_salience": {
        "dmean": 0.0545208416879,
        "dmean2": 0.0826636776328,
        "dvar": 0.00309810508043,
        "dvar2": 0.00765877822414,
        "max": 0.866410315037,
        "mean": 0.538635671139,
        "median": 0.536281108856,
        "min": 0.119820609689,
        "var": 0.0150800412521
    },
    "silence_rate_20dB": {
        "dmean": 0,
        "dmean2": 0,
        "dvar": 0,
        "dvar2": 0,
        "max": 1,
        "mean": 1,
        "median": 1,
        "min": 1,
        "var": 0
    },
    "silence_rate_30dB": {
        "dmean": 0.00464396271855,
        "dmean2": 0.00929511990398,
        "dvar": 0.00462233275175,
        "dvar2": 0.0107581298798,
        "max": 1,
        "mean": 0.993812859058,
        "median": 1,
        "min": 0,
        "var": 0.00614880304784
    },
    "silence_rate_60dB": {
        "dmean": 0.0410216711462,
        "dmean2": 0.0813323035836,
        "dvar": 0.0393386483192,
        "dvar2": 0.0824629962444,
        "max": 1,
        "mean": 0.1252900213,
        "median": 0,
        "min": 0,
        "var": 0.109593898058
    },
    "spectral_centroid": {
        "dmean": 62.6952590942,
        "dmean2": 90.5572967529,
        "dvar": 16638.0332031,
        "dvar2": 30682.4257812,
        "max": 3465.6184082,
        "mean": 551.676147461,
        "median": 491.290252686,
        "min": 219.316467285,
        "var": 66259.6640625
    },
    "spectral_complexity": {
        "dmean": 1.1965944767,
        "dmean2": 1.88148725033,
        "dvar": 1.380869627,
        "dvar2": 2.73190188408,
        "max": 19,
        "mean": 8.18793487549,
        "median": 8,
        "min": 0,
        "var": 9.55399894714
    },
    "spectral_decrease": {
        "dmean": 9.27002308249e-10,
        "dmean2": 1.15360054842e-09,
        "dvar": 3.20372717429e-18,
        "dvar2": 4.99963968172e-18,
        "max": -8.26058752651e-12,
        "mean": -4.55643345276e-09,
        "median": -2.71417111009e-09,
        "min": -4.16103453915e-08,
        "var": 2.67024109141e-17
    },
    "spectral_energy": {
        "dmean": 0.00367751624435,
        "dmean2": 0.00457221921533,
        "dvar": 5.11861217092e-05,
        "dvar2": 7.96839012764e-05,
        "max": 0.17083530128,
        "mean": 0.0180794838816,
        "median": 0.0107192536816,
        "min": 3.34550604748e-05,
        "var": 0.00043345434824
    },
    "spectral_energyband_high": {
        "dmean": 4.79152686239e-06,
        "dmean2": 7.23867242414e-06,
        "dvar": 1.88177889937e-10,
        "dvar2": 4.75512906828e-10,
        "max": 0.000241411020397,
        "mean": 1.25330652736e-05,
        "median": 4.14459964304e-06,
        "min": 4.22065227212e-07,
        "var": 4.59193127966e-10
    },
    "spectral_energyband_low": {
        "dmean": 0.000331956194714,
        "dmean2": 0.000387089472497,
        "dvar": 5.17060300353e-07,
        "dvar2": 6.02392447036e-07,
        "max": 0.0213232729584,
        "mean": 0.00166314386297,
        "median": 0.000478402653243,
        "min": 6.2136609813e-07,
        "var": 7.76294746174e-06
    },
    "spectral_energyband_middle_high": {
        "dmean": 0.00110748130828,
        "dmean2": 0.00143105594907,
        "dvar": 1.80318002094e-05,
        "dvar2": 3.38670979545e-05,
        "max": 0.147171840072,
        "mean": 0.00346365338191,
        "median": 0.000523197173607,
        "min": 5.91172693021e-06,
        "var": 0.000122416109662
    },
    "spectral_energyband_middle_low": {
        "dmean": 0.0031016562134,
        "dmean2": 0.00391197949648,
        "dvar": 3.76311472792e-05,
        "dvar2": 5.6759967265e-05,
        "max": 0.12706181407,
        "mean": 0.0144649688154,
        "median": 0.00848832540214,
        "min": 1.98861580429e-05,
        "var": 0.000257388746832
    },
    "spectral_entropy": {
        "dmean": 0.151650413871,
        "dmean2": 0.212199553847,
        "dvar": 0.0351684577763,
        "dvar2": 0.0746344923973,
        "max": 8.11577987671,
        "mean": 6.24554824829,
        "median": 6.24277114868,
        "min": 5.02615737915,
        "var": 0.214178517461
    },
    "spectral_flux": {
        "dmean": 0.0123717393726,
        "dmean2": 0.0184580143541,
        "dvar": 0.000304228218738,
        "dvar2": 0.00064158893656,
        "max": 0.246265530586,
        "mean": 0.0357338003814,
        "median": 0.0262889936566,
        "min": 0.00409375876188,
        "var": 0.000960101780947
    },
    "spectral_kurtosis": {
        "dmean": 9.12845134735,
        "dmean2": 15.6384105682,
        "dvar": 71.1101913452,
        "dvar2": 201.587051392,
        "max": 94.8249893188,
        "mean": 22.6534061432,
        "median": 18.4439926147,
        "min": -0.45438337326,
        "var": 247.640823364
    },
    "spectral_rms": {
        "dmean": 0.00039492736687,
        "dmean2": 0.000477647670778,
        "dvar": 3.35372391191e-07,
        "dvar2": 4.42999663619e-07,
        "max": 0.012910018675,
        "mean": 0.00366562278941,
        "median": 0.00323385349475,
        "min": 0.000180662900675,
        "var": 4.2017263695e-06
    },
    "spectral_rolloff": {
        "dmean": 111.532348633,
        "dmean2": 189.345062256,
        "dvar": 83558.234375,
        "dvar2": 152398.71875,
        "max": 6330.76171875,
        "mean": 694.108459473,
        "median": 602.9296875,
        "min": 172.265625,
        "var": 225227.8125
    },
    "spectral_skewness": {
        "dmean": 0.654461026192,
        "dmean2": 1.10182714462,
        "dvar": 0.308359235525,
        "dvar2": 0.870093762875,
        "max": 7.94267416,
        "mean": 3.34684991837,
        "median": 3.13930034637,
        "min": 0.15235440433,
        "var": 1.4355891943
    },
    "spectral_spread": {
        "dmean": 264883.53125,
        "dmean2": 437281.65625,
        "dvar": 89165094912,
        "dvar2": 201689825280,
        "max": 5765475,
        "mean": 2084277.75,
        "median": 2035464.25,
        "min": 913473.4375,
        "var": 370752847872
    },
    "spectral_strongpeak": {
        "dmean": 0.340998828411,
        "dmean2": 0.52638310194,
        "dvar": 0.365187466145,
        "dvar2": 0.803943932056,
        "max": 12.7882270813,
        "mean": 1.19157147408,
        "median": 0.633789777756,
        "min": 0.00820570345968,
        "var": 2.21961021423
    },
    "zerocrossingrate": {
        "dmean": 0.00338017614558,
        "dmean2": 0.00403597904369,
        "dvar": 3.02014359477e-05,
        "dvar2": 2.8571981602e-05,
        "max": 0.19189453125,
        "mean": 0.0260711219162,
        "median": 0.02392578125,
        "min": 0.0078125,
        "var": 0.000186859353562
    },
    "barkbands": {
        "dmean": [4.17640251271e-07, 2.17664182856e-05, 0.000113606809464, 0.000582818116527, 0.00101989484392, 0.000857388251461, 0.000213573861402, 0.000551657867618, 0.000984043581411, 0.000825636088848, 0.000182331030373, 0.000125257531181, 0.000273547746474, 0.000177176538273, 6.28593188594e-05, 2.59970456682e-05, 2.67663090199e-05, 1.84979944606e-05, 3.41273744198e-06, 1.18816865324e-06, 1.53606561071e-06, 2.77950312011e-06, 1.08863832793e-06, 3.42184698354e-08, 1.30892336969e-08, 8.42427638759e-09, 1.24362853349e-09],
        "dmean2": [6.76982210734e-07, 3.86122374039e-05, 0.00014244535123, 0.000771183287725, 0.00144015694968, 0.00120993994642, 0.000319863174809, 0.000737788621336, 0.0011906453874, 0.00118274951819, 0.000246470299317, 0.000147828584886, 0.000353930372512, 0.000249790085945, 8.75897676451e-05, 3.88816115446e-05, 3.73226539523e-05, 2.80573949567e-05, 5.48260095456e-06, 1.80760548574e-06, 2.52303811976e-06, 4.22529637945e-06, 1.67208816038e-06, 5.80381787074e-08, 2.07864445656e-08, 1.33532562785e-08, 1.86738580155e-09],
        "dvar": [7.72270008359e-12, 1.19376708518e-09, 8.28637496397e-08, 2.06959975912e-06, 5.82351503908e-06, 8.67884591571e-06, 3.38938434652e-07, 1.58593365995e-06, 1.05872595668e-05, 1.76324974746e-05, 1.38727216381e-06, 3.37798780947e-07, 2.30498676501e-06, 6.64397873607e-07, 5.51113821246e-08, 6.52980958193e-09, 1.07857278664e-08, 2.5513433588e-09, 7.08128417015e-11, 1.20820983426e-11, 4.71492081489e-11, 4.51362835996e-11, 1.36867218947e-11, 1.60366884431e-14, 5.91267791292e-15, 2.84446919754e-15, 3.31644394962e-16],
        "dvar2": [8.64085972913e-12, 3.45099637755e-09, 9.80944605544e-08, 4.53679876955e-06, 1.12581255962e-05, 1.42181834235e-05, 7.75712692302e-07, 3.03827619064e-06, 1.69819413713e-05, 3.75451454602e-05, 2.4275375381e-06, 3.7043881207e-07, 2.86758881884e-06, 1.27134944705e-06, 1.13191077844e-07, 1.42230023314e-08, 2.23740030947e-08, 6.22334672684e-09, 1.9514796723e-10, 2.67404935e-11, 1.36500977188e-10, 9.20939921545e-11, 3.17002223083e-11, 3.71523524564e-14, 6.06754137019e-15, 2.93363699117e-15, 3.3572076749e-16],
        "max": [9.75531875156e-05, 0.000474986445624, 0.0137424822897, 0.0234925150871, 0.0468137860298, 0.0901537686586, 0.0174915269017, 0.0262431427836, 0.0678788945079, 0.123669691384, 0.0406492613256, 0.0209492314607, 0.0568616390228, 0.0225918870419, 0.00571926450357, 0.00163175922353, 0.00274836854078, 0.00129625550471, 0.000142570046592, 6.01745778113e-05, 0.000154236520757, 0.000102379424789, 8.38405903778e-05, 2.33880473388e-06, 2.77724916486e-06, 1.93329924514e-06, 6.5384148229e-07],
        "mean": [4.18246628442e-07, 3.40979895554e-05, 0.000420942582423, 0.00282153929584, 0.00314562022686, 0.00261757313274, 0.000691909168381, 0.0017143569421, 0.00299588032067, 0.00160033220891, 0.000434541376308, 0.000278602878097, 0.000615509634372, 0.00040033319965, 0.00012541731121, 5.95320525463e-05, 6.11098730587e-05, 4.06532817578e-05, 7.09348296368e-06, 2.28676503866e-06, 3.03384058498e-06, 6.30774547972e-06, 2.25796566156e-06, 9.25676673091e-08, 5.5102145069e-08, 3.26854951993e-08, 1.13948983582e-09],
        "median": [1.66142385183e-07, 1.58168149937e-05, 7.83184077591e-05, 0.000636814860627, 0.00131395913195, 0.000678739743307, 0.000222446673433, 0.000470650236821, 0.000390698522096, 0.000100703342468, 2.84150446532e-05, 3.27723246301e-05, 5.32689409738e-05, 2.22627459152e-05, 1.82586554729e-05, 1.20396025522e-05, 1.97539902729e-05, 8.40149186843e-06, 3.07922141474e-06, 5.85015072829e-07, 8.99549490896e-07, 1.48455706039e-06, 5.89974035847e-07, 7.78417899028e-08, 5.05706125864e-08, 3.04552507657e-08, 1.76595016388e-10],
        "min": [6.25492491135e-10, 2.96853414739e-07, 3.0843622767e-08, 5.84527910519e-08, 2.53899401059e-07, 1.16171736408e-06, 1.46718292626e-07, 7.52994111508e-08, 3.87303941807e-07, 2.60976719346e-07, 4.63221056179e-07, 3.08305345698e-07, 3.07274262923e-07, 1.78161556619e-07, 2.29986255817e-07, 1.8829204862e-07, 1.66490977449e-07, 6.18707574063e-08, 8.07885385257e-08, 1.844339792e-08, 5.48377947496e-08, 1.02042555739e-07, 7.19258821391e-08, 2.28370815591e-08, 1.69994027743e-08, 3.39825234619e-09, 1.41779218574e-11],
        "var": [7.70763661229e-12, 2.15936646342e-09, 1.51936035309e-06, 1.94272033696e-05, 2.85907826765e-05, 4.05962928198e-05, 1.90723790183e-06, 9.51358651946e-06, 6.15903263679e-05, 5.50818585907e-05, 6.69414293952e-06, 1.4661889054e-06, 1.0233269677e-05, 3.33164439326e-06, 1.5433791134e-07, 2.67386521813e-08, 2.91568156285e-08, 1.01490149618e-08, 1.29808885863e-10, 2.11274088502e-11, 5.12004570685e-11, 1.39827233125e-10, 4.35334650273e-11, 1.48986996785e-14, 6.05805036601e-15, 2.88714907017e-15, 3.3143208086e-16]
    },
    "erbbands": {
        "dmean": [0.000272114994004, 0.00711130071431, 0.0957856252789, 1.01350355148, 2.68559455872, 3.39050102234, 7.10076665878, 6.23965406418, 2.39561295509, 5.84360313416, 15.9883708954, 21.5879383087, 25.7827682495, 12.2539777756, 8.50588989258, 4.77654218674, 12.9786167145, 5.74247789383, 6.52304124832, 3.13523888588, 1.32539057732, 1.43046665192, 1.09721970558, 0.321660846472, 0.148266613483, 0.0530342310667, 0.0313390605152, 0.0854176878929, 0.110579259694, 0.0754015147686, 0.0228623207659, 0.00226145144552, 0.000506888667587, 0.000186491335626, 9.28597291932e-05, 4.18019080826e-05, 1.92026400327e-05, 2.91126616503e-06, 1.88280603197e-06, 4.16405009673e-06],
        "dmean2": [0.000476527697174, 0.0121234599501, 0.124490469694, 1.24406933784, 4.00877809525, 4.85336208344, 9.72554206848, 8.75992107391, 3.52237010002, 8.27766704559, 20.6606750488, 27.204656601, 36.3515701294, 17.7775535583, 11.0796699524, 5.56036615372, 16.5378684998, 7.45403957367, 9.29814624786, 4.1824798584, 1.95129597187, 2.05103373528, 1.60607755184, 0.491734862328, 0.237876981497, 0.0806604549289, 0.0486545152962, 0.14198563993, 0.171771839261, 0.113401912153, 0.0349119864404, 0.00365760736167, 0.000849042902701, 0.000299065955915, 0.000147449434735, 6.87532810844e-05, 3.01111285808e-05, 4.39326322521e-06, 2.32170555137e-06, 5.18808019478e-06],
        "dvar": [1.74557527544e-07, 0.000143337427289, 0.0528414994478, 5.17026853561, 44.9375114441, 77.7244186401, 705.199768066, 330.749847412, 25.2477073669, 174.444229126, 1473.34313965, 7293.64453125, 18969.1523438, 3063.7956543, 2818.06787109, 448.341949463, 4908.21533203, 777.285095215, 837.098754883, 106.497337341, 17.5370178223, 37.4966201782, 7.42917299271, 1.05522119999, 0.197790890932, 0.0254866387695, 0.00701895356178, 0.158331483603, 0.0774839296937, 0.0427276827395, 0.00568638974801, 6.268859579e-05, 3.16872456096e-06, 7.54909365241e-07, 2.80334546687e-07, 2.16104130146e-08, 1.4704624185e-08, 7.7762923878e-10, 1.97440935129e-11, 6.70257876978e-11],
        "dvar2": [4.17566525357e-07, 0.000392214395106, 0.0686178952456, 8.62998008728, 103.604919434, 145.164825439, 1484.48071289, 587.519104004, 47.3131484985, 352.823791504, 2556.48730469, 11626.8671875, 39399.515625, 5754.77978516, 4482.57763672, 462.347900391, 6695.90185547, 1546.39160156, 1704.84997559, 177.883865356, 38.0292243958, 86.0355072021, 15.5340280533, 2.63801074028, 0.518037140369, 0.0546222217381, 0.0172648448497, 0.46017280221, 0.179272517562, 0.0902082622051, 0.0131825534627, 0.000148014238221, 7.24903202354e-06, 8.09703635696e-07, 2.86438933017e-07, 2.4471198401e-08, 1.50102792418e-08, 7.89003029578e-10, 2.74514664472e-11, 1.03877892399e-10],
        "max": [0.0103347403929, 0.303572177887, 10.5706262589, 48.7296447754, 132.85017395, 196.455932617, 864.722839355, 445.278656006, 145.500656128, 295.070739746, 776.533508301, 2069.59448242, 4664.49169922, 1467.62731934, 1929.93798828, 699.639709473, 2580.03149414, 1053.41369629, 993.23449707, 229.379196167, 95.8338317871, 186.937210083, 61.3433647156, 32.8232116699, 7.44290208817, 3.91708469391, 1.34183490276, 8.94781589508, 3.95746612549, 4.45419311523, 1.4755153656, 0.138853624463, 0.0310786422342, 0.0309601854533, 0.0191319491714, 0.00523496232927, 0.00440054852515, 0.00100544875022, 0.000104954720882, 0.000201267554075],
        "mean": [0.000570709293243, 0.0173963755369, 0.410345762968, 5.06151533127, 8.38030433655, 10.8428449631, 20.7072906494, 20.1888580322, 8.41866779327, 19.1379261017, 53.4187736511, 68.6593399048, 52.4935302734, 25.7780475616, 22.5908184052, 11.4463167191, 28.96027565, 14.4267587662, 15.1474704742, 7.2275147438, 3.49557137489, 3.45045208931, 2.60797762871, 0.790776491165, 0.322138607502, 0.11461211741, 0.0765674486756, 0.158884987235, 0.233299002051, 0.166644990444, 0.0504414141178, 0.00541302608326, 0.00145839632023, 0.000721071381122, 0.00036327453563, 0.000165959194419, 6.68425273034e-05, 7.49535047362e-06, 9.08645051823e-06, 2.05412361538e-05],
        "median": [0.000337316072546, 0.00795014481992, 0.109050236642, 1.24014079571, 3.17139363289, 3.86446523666, 9.01119995117, 4.6548204422, 3.28038764, 9.17621326447, 14.3553934097, 9.60757637024, 7.92059373856, 2.2233941555, 2.3484351635, 1.4713447094, 2.51433801651, 1.3264824152, 1.04566526413, 1.1527351141, 0.794895291328, 1.19289469719, 0.616339743137, 0.259069621563, 0.152167379856, 0.0332455970347, 0.0214275736362, 0.0500096008182, 0.0559859387577, 0.0381550453603, 0.0139455003664, 0.0027097039856, 0.00123733922374, 0.000648307672236, 0.000330815993948, 0.000155719040777, 6.07050824328e-05, 6.01460851613e-06, 5.20358980793e-06, 1.1985911442e-05],
        "min": [1.16408473332e-05, 6.42349114059e-05, 0.000136064190883, 0.000533931946848, 0.00183627277147, 0.00336138391867, 0.0194275062531, 0.0156322512776, 0.00862539187074, 0.00693200109527, 0.0278423763812, 0.0252168718725, 0.0133828762919, 0.0181001666933, 0.0337179452181, 0.0302323531359, 0.0298282541335, 0.0112027386203, 0.0102435508743, 0.0193784534931, 0.0129875121638, 0.00924291554838, 0.00452513992786, 0.00446955999359, 0.00247152918018, 0.00124507280998, 0.0014018433867, 0.00306221819483, 0.00354176061228, 0.00274430657737, 0.00164498551749, 0.000909487192985, 0.000500268361066, 0.000291802512947, 0.000101320001704, 1.7900723833e-05, 6.57185000819e-06, 9.66702600635e-07, 1.0296376729e-07, 4.46005934407e-08],
        "var": [4.74110350979e-07, 0.00085559557192, 0.930112063885, 62.5615882874, 175.987487793, 399.429199219, 1852.76794434, 2659.70947266, 235.162384033, 787.165100098, 10540.5224609, 42600.078125, 57505.1445312, 10248.8359375, 15175.4443359, 2441.60229492, 21520.5390625, 3676.921875, 4004.6027832, 432.82019043, 84.8442306519, 67.2877502441, 36.3208465576, 4.93470716476, 0.383232653141, 0.0528746880591, 0.0215467121452, 0.161367490888, 0.200826689601, 0.137682154775, 0.0210878327489, 0.000137305716635, 2.80024187305e-06, 7.89270927726e-07, 2.87955231215e-07, 2.33057502186e-08, 1.50799657206e-08, 7.86309017897e-10, 1.21063950531e-10, 5.79918724153e-10]
    },
    "gfcc": {
        "mean": [-137.48399353, 168.983703613, -136.84375, -7.89008808136, -66.8825759888, -17.2839984894, -39.3466758728, -19.326915741, -9.7473487854, -22.4464836121, -24.2678756714, -5.63584089279, -16.0263614655],
        "cov": [[2180.1003418, 274.168334961, -789.429992676, -268.620635986, 7.22784376144, -263.448638916, 241.715988159, -275.862030029, 172.724197388, -222.515090942, -5.67620801926, -49.2449188232, 11.1910266876], [274.168334961, 650.500915527, 538.698425293, -30.3880939484, 148.277053833, -37.7339439392, 3.76636242867, 9.39859580994, -92.691078186, -152.072860718, -86.9618988037, -188.651931763, -157.230911255], [-789.429992676, 538.698425293, 1126.56506348, 267.752746582, 136.733505249, 74.8526992798, -106.623802185, 149.348327637, -157.925811768, -72.6903991699, -133.885757446, -184.83001709, -188.433349609], [-268.620635986, -30.3880939484, 267.752746582, 535.344909668, 74.8416671753, -79.9450912476, -95.2663726807, 25.4498119354, -20.1029434204, 13.8868894577, -83.7813415527, 13.8823919296, -8.26075744629], [7.22784376144, 148.277053833, 136.733505249, 74.8416671753, 163.603118896, 40.2223777771, -40.2440757751, 18.607831955, -21.4797306061, -34.4912071228, -44.9698638916, -52.24269104, -64.0641174316], [-263.448638916, -37.7339439392, 74.8526992798, -79.9450912476, 40.2223777771, 324.724975586, 91.0939331055, 4.64037179947, -18.7419776917, 14.1860580444, -16.2420692444, -48.4385223389, -111.296585083], [241.715988159, 3.76636242867, -106.623802185, -95.2663726807, -40.2440757751, 91.0939331055, 166.81993103, -10.7222576141, 19.8234062195, -28.3018703461, -6.88947534561, -40.5381660461, -37.9238510132], [-275.862030029, 9.39859580994, 149.348327637, 25.4498119354, 18.607831955, 4.64037179947, -10.7222576141, 144.953277588, 28.2351455688, 11.6644992828, -22.9704437256, -33.115524292, -24.5738925934], [172.724197388, -92.691078186, -157.925811768, -20.1029434204, -21.4797306061, -18.7419776917, 19.8234062195, 28.2351455688, 167.708328247, 29.8469829559, -22.3883018494, 0.266235858202, 4.4010014534], [-222.515090942, -152.072860718, -72.6903991699, 13.8868894577, -34.4912071228, 14.1860580444, -28.3018703461, 11.6644992828, 29.8469829559, 139.12286377, 64.746635437, 37.2772979736, 36.8907051086], [-5.67620801926, -86.9618988037, -133.885757446, -83.7813415527, -44.9698638916, -16.2420692444, -6.88947534561, -22.9704437256, -22.3883018494, 64.746635437, 129.469024658, 68.2015075684, 40.3960342407], [-49.2449188232, -188.651931763, -184.83001709, 13.8823919296, -52.24269104, -48.4385223389, -40.5381660461, -33.115524292, 0.266235858202, 37.2772979736, 68.2015075684, 148.84072876, 101.537353516], [11.1910266876, -157.230911255, -188.433349609, -8.26075744629, -64.0641174316, -111.296585083, -37.9238510132, -24.5738925934, 4.4010014534, 36.8907051086, 40.3960342407, 101.537353516, 168.423324585]],
        "icov": [[0.00704725785181, -0.00596325937659, 0.0054733636789, -0.0013411300024, -0.00300378329121, 0.00533114513382, -0.00786411203444, 0.008839068003, -0.00775343598798, 0.00710718519986, -0.00427197571844, 0.00221781129949, 0.000255315651884], [-0.00596325937659, 0.017583752051, -0.0117046209052, 0.00599120836705, -0.00700835650787, 0.00379806593992, 0.000540306849871, -0.000424601399573, 0.00558444019407, -0.00212645065039, 0.00139940611552, 0.00215955916792, 0.00259609078057], [0.0054733636789, -0.0117046209052, 0.0107565578073, -0.00465270131826, 0.0041130320169, -0.001166787697, -0.000401859259, 0.000806774944067, -0.00313095445745, 0.00397440558299, -0.0014744711807, 0.0016507973196, -9.37613367569e-05], [-0.0013411300024, 0.00599120836705, -0.00465270131826, 0.00568795390427, -0.00475111603737, 0.00416101980954, -0.00183693412691, 0.00162344623823, 0.00186484958977, -0.00313699920662, 0.00435070088133, -0.00268979393877, 0.00273785647005], [-0.00300378329121, -0.00700835650787, 0.0041130320169, -0.00475111603737, 0.0190587416291, -0.0110755059868, 0.0133770182729, -0.0101670110598, 0.00469697127119, -0.00251711928286, 0.00278373900801, 2.27606506087e-06, -0.000755512504838], [0.00533114513382, 0.00379806593992, -0.001166787697, 0.00416101980954, -0.0110755059868, 0.0163923501968, -0.0145809799433, 0.0119142150506, -0.0045356634073, 0.00260129454546, -0.000207775316085, -0.000500189024024, 0.00706484494731], [-0.00786411203444, 0.000540306849871, -0.000401859259, -0.00183693412691, 0.0133770182729, -0.0145809799433, 0.0248206499964, -0.0143299186602, 0.00858855620027, -0.00432338286191, 0.00307111348957, 0.00225942931138, -0.00193793990184], [0.008839068003, -0.000424601399573, 0.000806774944067, 0.00162344623823, -0.0101670110598, 0.0119142150506, -0.0143299186602, 0.0246514938772, -0.0133922696114, 0.00944441556931, -0.0064396657981, 0.00487704249099, 0.00126008084044], [-0.00775343598798, 0.00558444019407, -0.00313095445745, 0.00186484958977, 0.00469697127119, -0.0045356634073, 0.00858855620027, -0.0133922696114, 0.0194062758237, -0.0128772640601, 0.0116012422368, -0.0043544145301, 0.00324239279144], [0.00710718519986, -0.00212645065039, 0.00397440558299, -0.00313699920662, -0.00251711928286, 0.00260129454546, -0.00432338286191, 0.00944441556931, -0.0128772640601, 0.025111567229, -0.0169554483145, 0.0101491482928, -0.00421434687451], [-0.00427197571844, 0.00139940611552, -0.0014744711807, 0.00435070088133, 0.00278373900801, -0.000207775316085, 0.00307111348957, -0.0064396657981, 0.0116012422368, -0.0169554483145, 0.0251736938953, -0.0129854390398, 0.00602887570858], [0.00221781129949, 0.00215955916792, 0.0016507973196, -0.00268979393877, 2.27606506087e-06, -0.000500189024024, 0.00225942931138, 0.00487704249099, -0.0043544145301, 0.0101491482928, -0.0129854390398, 0.0232820231467, -0.00855638179928], [0.000255315651884, 0.00259609078057, -9.37613367569e-05, 0.00273785647005, -0.000755512504838, 0.00706484494731, -0.00193793990184, 0.00126008084044, 0.00324239279144, -0.00421434687451, 0.00602887570858, -0.00855638179928, 0.0170528069139]]
    },
    "melbands": {
        "dmean": [4.04533602705e-06, 3.30260263581e-05, 0.000223364855628, 0.000206867189263, 0.000229586279602, 0.000142391538247, 3.83935730497e-05, 7.61438132031e-05, 0.000150759980897, 0.000130872096634, 0.0001329240622, 5.68353570998e-05, 3.01262643916e-05, 1.69731356436e-05, 2.30614805332e-05, 2.3539758331e-05, 1.16458395496e-05, 1.42484886965e-05, 4.6177187869e-06, 2.53125745076e-06, 1.64072855569e-06, 1.59785702181e-06, 1.48141589307e-06, 7.41891085454e-07, 2.29137384622e-07, 1.29074308575e-07, 8.06319206959e-08, 2.95790822946e-08, 1.8017358272e-08, 3.79872595602e-08, 4.93533995893e-08, 6.0105392663e-08, 6.93408992447e-08, 3.68471475554e-08, 1.62973421425e-08, 4.47367387579e-09, 5.85215209625e-10, 4.34462354981e-10, 2.23646323683e-10, 1.70145439404e-10],
        "dmean2": [7.23709354133e-06, 4.48071841674e-05, 0.000301332533127, 0.000297981780022, 0.000311212119414, 0.000199034388061, 5.68405848753e-05, 0.00010488328553, 0.000189145241166, 0.000163129123393, 0.000189992730157, 8.35666796775e-05, 4.06083272537e-05, 2.0894480258e-05, 2.84259731416e-05, 3.09974238917e-05, 1.52129505295e-05, 2.02339015232e-05, 6.24822723694e-06, 3.39453345077e-06, 2.41427710534e-06, 2.32126876654e-06, 2.10181951843e-06, 1.11348265364e-06, 3.58341679885e-07, 2.12499216445e-07, 1.25518269556e-07, 4.54580018072e-08, 2.73034821419e-08, 6.19897022602e-08, 8.327376122e-08, 9.65083231108e-08, 1.04218216279e-07, 5.68242093379e-08, 2.54689282997e-08, 7.26306215171e-09, 1.00480779253e-09, 7.42013839261e-10, 3.69638347708e-10, 2.77090683731e-10],
        "dvar": [3.77778607008e-11, 6.51709486377e-09, 2.73649561677e-07, 3.32376544065e-07, 5.09567030349e-07, 1.79336879569e-07, 7.77476660829e-09, 2.42786093452e-08, 1.64475423503e-07, 2.68133732106e-07, 5.04639046994e-07, 6.88955026362e-08, 3.74624740118e-08, 7.3384249788e-09, 2.51780623017e-08, 9.99903004839e-09, 3.95009758236e-09, 4.35997593584e-09, 2.36097891237e-10, 6.76131997612e-11, 3.42618988736e-11, 6.49945236519e-11, 2.08049064088e-11, 7.96007010306e-12, 4.44722736285e-13, 1.04880425904e-13, 8.68505910094e-14, 7.64172711519e-15, 2.24003982714e-15, 2.37709445904e-14, 5.06148332339e-14, 2.27820370126e-14, 3.00754125109e-14, 1.4018214859e-14, 2.89118624095e-15, 2.28618930554e-16, 4.18189223687e-18, 2.45546517564e-18, 6.26474542699e-19, 5.28999424219e-19],
        "dvar2": [1.00373730161e-10, 9.05081076752e-09, 6.09844960309e-07, 6.21726371719e-07, 1.03941499674e-06, 2.94578882176e-07, 1.54748640568e-08, 4.5497834833e-08, 2.63328672645e-07, 4.48288631105e-07, 1.05533888473e-06, 1.36585910582e-07, 7.59889005053e-08, 8.59967741462e-09, 2.78661538289e-08, 1.59053268334e-08, 8.10009748164e-09, 8.66661142851e-09, 4.09284189873e-10, 1.13922205003e-10, 7.25024554282e-11, 1.52965390354e-10, 3.39686230533e-11, 1.90953156065e-11, 1.13488721459e-12, 2.92420276361e-13, 2.03182211182e-13, 1.57936967134e-14, 4.6625940786e-15, 6.77151545015e-14, 1.47700441829e-13, 5.45006646421e-14, 5.92578828888e-14, 3.13994097108e-14, 6.79332155104e-15, 5.71280788941e-16, 1.05954664812e-17, 6.30414528034e-18, 7.74705360167e-19, 5.61379616093e-19],
        "max": [0.000116432172945, 0.00382608943619, 0.008843222633, 0.0114148752764, 0.022341074422, 0.0117233302444, 0.00285180448554, 0.00321164238267, 0.00807516742498, 0.0134231001139, 0.0234380085021, 0.00600532395765, 0.00658329809085, 0.00310059892945, 0.00633132318035, 0.00298962905072, 0.00239243381657, 0.00225643045269, 0.000320558814565, 0.000200341048185, 0.000148328195792, 0.000252988393186, 0.000165279983776, 9.08462752705e-05, 1.88351350516e-05, 5.18558317708e-06, 6.37308039586e-06, 1.74507908923e-06, 8.6755517259e-07, 3.31519072461e-06, 5.06980677528e-06, 2.10846542359e-06, 3.08449330078e-06, 2.97084807244e-06, 1.13114572287e-06, 2.69770396244e-07, 3.3705163105e-08, 2.93403044083e-08, 2.66808850569e-08, 2.60540993224e-08],
        "mean": [6.46286434858e-06, 0.000122087163618, 0.00101689004805, 0.000662760750856, 0.000707260565832, 0.000455312314443, 0.000131785680423, 0.000245533359703, 0.000504110066686, 0.000396400660975, 0.000262926041614, 0.000118496842333, 6.99489100953e-05, 4.17237606598e-05, 4.72570318379e-05, 5.28960736119e-05, 2.66244715021e-05, 3.16614896292e-05, 1.01115865618e-05, 5.64513720747e-06, 3.94061771658e-06, 3.49868173544e-06, 3.46804472429e-06, 1.58855471e-06, 5.28227076302e-07, 2.59774083133e-07, 1.56103993731e-07, 5.72365550511e-08, 4.02108817354e-08, 7.29363804908e-08, 8.50156993693e-08, 1.20039004514e-07, 1.45283209463e-07, 7.38134389167e-08, 3.34074492514e-08, 7.98019872406e-09, 1.28776733721e-09, 1.00050245866e-09, 7.15281500696e-10, 5.43273759313e-10],
        "median": [3.21942343362e-06, 2.76147438854e-05, 0.000279228552245, 0.000298539787764, 0.000325944740325, 0.000109887507278, 4.43391218141e-05, 0.000108015257865, 0.000109178770799, 5.45440634596e-05, 3.07465925289e-05, 7.9197661762e-06, 6.00228349867e-06, 4.72620831715e-06, 3.9246151573e-06, 4.94636424264e-06, 2.08075925912e-06, 1.48436765812e-06, 1.38595260069e-06, 1.31904596401e-06, 6.33507454495e-07, 1.33572621053e-06, 7.08802929239e-07, 2.85842531866e-07, 1.44152522807e-07, 1.11644958167e-07, 4.97654220055e-08, 1.00196198005e-08, 7.87948017944e-09, 1.96775769012e-08, 2.64969930441e-08, 2.71884950109e-08, 2.85789987231e-08, 1.75374168521e-08, 7.93841081759e-09, 2.65948196798e-09, 1.05116004789e-09, 8.47582504182e-10, 6.42824571351e-10, 4.92920593231e-10],
