{
"highlevel": {
    "danceability": {
        "all": {
            "danceable": 0.104958981276,
            "not_danceable": 0.895040988922
        },
        "probability": 0.895040988922,
        "value": "not_danceable"
    },
    "gender": {
        "all": {
            "female": 0.437515467405,
            "male": 0.562484502792
        },
        "probability": 0.562484502792,
        "value": "male"
    },
    "genre_dortmund": {
        "all": {
            "alternative": 0.136051669717,
            "blues": 0.0349570438266,
            "electronic": 0.0680211111903,
            "folkcountry": 0.18587037921,
            "funksoulrnb": 0.0583096556365,
            "jazz": 0.202364206314,
            "pop": 0.117357231677,
            "raphiphop": 0.0405319817364,
            "rock": 0.156536713243
        },
        "probability": 0.202364206314,
        "value": "jazz"
    },
    "genre_electronic": {
        "all": {
            "ambient": 0.661435365677,
            "dnb": 0.0358065217733,
            "house": 0.0601033307612,
            "techno": 0.00527047179639,
            "trance": 0.237384319305
        },
        "probability": 0.661435365677,
        "value": "ambient"
    },
    "genre_rosamerica": {
        "all": {
            "cla": 0.0720822289586,
            "dan": 0.104594573379,
            "hip": 0.0195067077875,
            "jaz": 0.0430553406477,
            "pop": 0.487508058548,
            "rhy": 0.065760165453,
            "roc": 0.193272411823,
            "spe": 0.0142205078155
        },
        "probability": 0.487508058548,
        "value": "pop"
    },
    "genre_tzanetakis": {
        "all": {
            "blu": 0.0626541376114,
            "cla": 0.0348133966327,
            "cou": 0.0783501937985,
            "dis": 0.104547761381,
            "hip": 0.15693578124,
            "jaz": 0.313987255096,
            "met": 0.044816005975,
            "pop": 0.0627349764109,
            "reg": 0.0627352520823,
            "roc": 0.0784252434969
        },
        "probability": 0.313987255096,
        "value": "jaz"
    },
    "ismir04_rhythm": {
        "all": {
            "ChaChaCha": 0.0843914151192,
            "Jive": 0.424634039402,
            "Quickstep": 0.0472677983344,
            "Rumba-American": 0.0257239509374,
            "Rumba-International": 0.106377206743,
            "Rumba-Misc": 0.0155065599829,
            "Samba": 0.209401503205,
            "Tango": 0.0194503162056,
            "VienneseWaltz": 0.0550405532122,
            "Waltz": 0.0122066494077
        },
        "probability": 0.424634039402,
        "value": "Jive"
    },
    "mood_acoustic": {
        "all": {
            "acoustic": 0.3875233531,
            "not_acoustic": 0.6124766469
        },
        "probability": 0.6124766469,
        "value": "not_acoustic"
    },
    "mood_aggressive": {
        "all": {
            "aggressive": 0.029546957463,
            "not_aggressive": 0.970453023911
        },
        "probability": 0.970453023911,
        "value": "not_aggressive"
    },
    "mood_electronic": {
        "all": {
            "electronic": 0.806864440441,
            "not_electronic": 0.193135544658
        },
        "probability": 0.806864440441,
        "value": "electronic"
    },
    "mood_happy": {
        "all": {
            "happy": 0.58006632328,
            "not_happy": 0.419933706522
        },
        "probability": 0.58006632328,
        "value": "happy"
    },
    "mood_party": {
        "all": {
            "not_party": 0.631610274315,
            "party": 0.368389695883
        },
        "probability": 0.631610274315,
        "value": "not_party"
    },
    "mood_relaxed": {
        "all": {
            "not_relaxed": 0.692145228386,
            "relaxed": 0.307854741812
        },
        "probability": 0.692145228386,
        "value": "not_relaxed"
    },
    "mood_sad": {
        "all": {
            "not_sad": 0.61908018589,
            "sad": 0.38091981411
        },
        "probability": 0.61908018589,
        "value": "not_sad"
    },
    "moods_mirex": {
        "all": {
            "Cluster1": 0.297722935677,
            "Cluster2": 0.205301180482,
            "Cluster3": 0.193347379565,
            "Cluster4": 0.184492632747,
            "Cluster5": 0.11913587153
        },
        "probability": 0.297722935677,
        "value": "Cluster1"
    },
    "timbre": {
        "all": {
            "bright": 0.991185307503,
            "dark": 0.00881469249725
        },
        "probability": 0.991185307503,
        "value": "bright"
    },
    "tonal_atonal": {
        "all": {
            "atonal": 0.000709241605364,
            "tonal": 0.999290764332
        },
        "probability": 0.999290764332,
        "value": "tonal"
    },
    "voice_instrumental": {
        "all": {
            "instrumental": 0.538790285587,
            "voice": 0.46120968461
        },
        "probability": 0.538790285587,
        "value": "instrumental"
    }
},
"lowlevel": {
    "average_loudness": 0.978726446629,
    "barkbands_crest": {
        "dmean": 2.64425206184,
        "dmean2": 4.3151345253,
        "dvar": 5.86911964417,
        "dvar2": 15.7082958221,
        "max": 24.0238132477,
        "mean": 9.16229724884,
        "median": 8.27591609955,
        "min": 3.27085208893,
        "var": 14.347363472
    },
    "barkbands_flatness_db": {
        "dmean": 0.0248436611146,
        "dmean2": 0.0364777706563,
        "dvar": 0.000453408370959,
        "dvar2": 0.000960775534622,
        "max": 0.33386901021,
        "mean": 0.153751045465,
        "median": 0.14922401309,
        "min": 0.0613912977278,
        "var": 0.00190191844013
    },
    "barkbands_kurtosis": {
        "dmean": 1.98669755459,
        "dmean2": 3.20433330536,
        "dvar": 6.15872144699,
        "dvar2": 14.605006218,
        "max": 37.1431427002,
        "mean": 2.6907351017,
        "median": 1.48181533813,
        "min": -1.86026489735,
        "var": 16.1562995911
    },
    "barkbands_skewness": {
        "dmean": 0.496874123812,
        "dmean2": 0.795465946198,
        "dvar": 0.199057370424,
        "dvar2": 0.509463906288,
        "max": 5.77914905548,
        "mean": 1.42373585701,
        "median": 1.29770553112,
        "min": -0.720088422298,
        "var": 0.655053198338
    },
    "barkbands_spread": {
        "dmean": 4.47303915024,
        "dmean2": 6.7904458046,
        "dvar": 24.0926609039,
        "dvar2": 50.4267807007,
        "max": 73.4100723267,
        "mean": 18.6330223083,
        "median": 17.7109928131,
        "min": 2.69140791893,
        "var": 71.7013244629
    },
    "dissonance": {
        "dmean": 0.0222884994,
        "dmean2": 0.0372553169727,
        "dvar": 0.000473930180306,
        "dvar2": 0.00119325495325,
        "max": 0.499700725079,
        "mean": 0.453679561615,
        "median": 0.460779875517,
        "min": 0.272014826536,
        "var": 0.0009509625379
    },
    "dynamic_complexity": 2.18237328529,
    "erbbands_crest": {
        "dmean": 2.72810912132,
        "dmean2": 4.42211294174,
        "dvar": 6.24168920517,
        "dvar2": 15.0822610855,
        "max": 29.0768566132,
        "mean": 8.56322479248,
        "median": 7.5256114006,
        "min": 2.83770537376,
        "var": 16.1083259583
    },
    "erbbands_flatness_db": {
        "dmean": 0.0196300819516,
        "dmean2": 0.0283774863929,
        "dvar": 0.000314321106998,
        "dvar2": 0.00061806087615,
        "max": 0.317715167999,
        "mean": 0.165739640594,
        "median": 0.163677290082,
        "min": 0.0764387995005,
        "var": 0.00104615581222
    },
    "erbbands_kurtosis": {
        "dmean": 0.823684453964,
        "dmean2": 1.31684541702,
        "dvar": 0.945535600185,
        "dvar2": 2.40182924271,
        "max": 13.0844593048,
        "mean": 0.437511175871,
        "median": 0.00711894035339,
        "min": -1.77275490761,
        "var": 2.34280276299
    },
    "erbbands_skewness": {
        "dmean": 0.315652698278,
        "dmean2": 0.491184234619,
        "dvar": 0.0741598457098,
        "dvar2": 0.177581772208,
        "max": 2.17648530006,
        "mean": 0.33872577548,
        "median": 0.302440017462,
        "min": -1.78573608398,
        "var": 0.241984948516
    },
    "erbbands_spread": {
        "dmean": 7.08936929703,
        "dmean2": 10.9655256271,
        "dvar": 48.5246162415,
        "dvar2": 105.833259583,
        "max": 115.407165527,
        "mean": 32.9432067871,
        "median": 30.9493045807,
        "min": 6.97340631485,
        "var": 185.043655396
    },
    "hfc": {
        "dmean": 6.78912305832,
        "dmean2": 8.53837013245,
        "dvar": 51.4650535583,
        "dvar2": 96.0484771729,
        "max": 73.9987182617,
        "mean": 18.4944343567,
        "median": 15.9991083145,
        "min": 0.809521853924,
        "var": 153.973373413
    },
    "melbands_crest": {
        "dmean": 3.58180713654,
        "dmean2": 5.85337305069,
        "dvar": 9.7540473938,
        "dvar2": 27.3870391846,
        "max": 30.4216194153,
        "mean": 13.66776371,
        "median": 12.7185707092,
        "min": 4.31111621857,
        "var": 26.3621425629
    },
    "melbands_flatness_db": {
        "dmean": 0.0296192765236,
        "dmean2": 0.0423857159913,
        "dvar": 0.000715952191968,
        "dvar2": 0.00146603165194,
        "max": 0.425995379686,
        "mean": 0.199200287461,
        "median": 0.196566969156,
        "min": 0.0601021833718,
        "var": 0.00378934666514
    },
    "melbands_kurtosis": {
        "dmean": 4.92194318771,
        "dmean2": 7.85908317566,
        "dvar": 59.2563362122,
        "dvar2": 150.956161499,
        "max": 165.062850952,
        "mean": 8.56784248352,
        "median": 5.31861495972,
        "min": -0.707386016846,
        "var": 115.2449646
    },
    "melbands_skewness": {
        "dmean": 0.673184156418,
        "dmean2": 1.06874501705,
        "dvar": 0.418324947357,
        "dvar2": 1.04566419125,
        "max": 10.6518220901,
        "mean": 2.27043557167,
        "median": 2.02176833153,
        "min": 0.0535189211369,
        "var": 1.35251379013
    },
    "melbands_spread": {
        "dmean": 5.93000650406,
        "dmean2": 9.24420452118,
        "dvar": 54.3120269775,
        "dvar2": 121.549766541,
        "max": 143.732513428,
        "mean": 20.4086589813,
        "median": 18.9558486938,
        "min": 2.3521695137,
        "var": 132.344970703
    },
    "pitch_salience": {
        "dmean": 0.0746837481856,
        "dmean2": 0.118952378631,
        "dvar": 0.00396742392331,
        "dvar2": 0.00986979715526,
        "max": 0.795963346958,
        "mean": 0.545783996582,
        "median": 0.558030724525,
        "min": 0.181537091732,
        "var": 0.0122001320124
    },
    "silence_rate_20dB": {
        "dmean": 0,
        "dmean2": 0,
        "dvar": 0,
        "dvar2": 0,
        "max": 1,
        "mean": 1,
        "median": 1,
        "min": 1,
        "var": 0
    },
    "silence_rate_30dB": {
        "dmean": 0.0325077399611,
        "dmean2": 0.0650658383965,
        "dvar": 0.0314509160817,
        "dvar2": 0.0701279342175,
        "max": 1,
        "mean": 0.964423835278,
        "median": 1,
        "min": 0,
        "var": 0.0343110635877
    },
    "silence_rate_60dB": {
        "dmean": 0.0247678011656,
        "dmean2": 0.0495739728212,
        "dvar": 0.0241545606405,
        "dvar2": 0.0564108341932,
        "max": 1,
        "mean": 0.0247486457229,
        "median": 0,
        "min": 0,
        "var": 0.024135960266
    },
    "spectral_centroid": {
        "dmean": 227.615814209,
        "dmean2": 336.148742676,
        "dvar": 59975.0273438,
        "dvar2": 128389.304688,
        "max": 3512.58642578,
        "mean": 1132.21105957,
        "median": 1081.99853516,
        "min": 274.587982178,
        "var": 187388.34375
    },
    "spectral_complexity": {
        "dmean": 4.2654800415,
        "dmean2": 5.82261800766,
        "dvar": 19.0464076996,
        "dvar2": 31.9259414673,
        "max": 45,
        "mean": 20.2374324799,
        "median": 20,
        "min": 0,
        "var": 68.2351760864
    },
    "spectral_decrease": {
        "dmean": 3.36687611124e-09,
        "dmean2": 4.91946217096e-09,
        "dvar": 1.89276261858e-17,
        "dvar2": 4.53726499261e-17,
        "max": -9.69435851039e-11,
        "mean": -8.50653503193e-09,
        "median": -6.7674674753e-09,
        "min": -5.06201516259e-08,
        "var": 5.16583093741e-17
    },
    "spectral_energy": {
        "dmean": 0.013212733902,
        "dmean2": 0.0191075187176,
        "dvar": 0.000278920429992,
        "dvar2": 0.000661602942273,
        "max": 0.195000126958,
        "mean": 0.0337831638753,
        "median": 0.0270928442478,
        "min": 0.000531678146217,
        "var": 0.000778815243393
    },
    "spectral_energyband_high": {
        "dmean": 0.000209495148738,
        "dmean2": 0.000288959097816,
        "dvar": 9.29153998186e-08,
        "dvar2": 1.7905441041e-07,
        "max": 0.00265426910482,
        "mean": 0.000397074210923,
        "median": 0.000259897962678,
        "min": 2.85408987111e-06,
        "var": 1.7299241506e-07
    },
    "spectral_energyband_low": {
        "dmean": 0.0082489028573,
        "dmean2": 0.0139729380608,
        "dvar": 0.000263527210336,
        "dvar2": 0.000732904241886,
        "max": 0.169268459082,
        "mean": 0.0137124015018,
        "median": 0.00654928293079,
        "min": 1.30082207761e-06,
        "var": 0.00043958707829
    },
    "spectral_energyband_middle_high": {
        "dmean": 0.00302626355551,
        "dmean2": 0.00414726231247,
        "dvar": 1.32780041895e-05,
        "dvar2": 2.89495164907e-05,
        "max": 0.0429611802101,
        "mean": 0.00687398994341,
        "median": 0.00526018301025,
        "min": 7.16609501978e-05,
        "var": 3.65107734979e-05
    },
    "spectral_energyband_middle_low": {
        "dmean": 0.00609406363219,
        "dmean2": 0.00881885737181,
        "dvar": 5.01641370647e-05,
        "dvar2": 0.000109200467705,
        "max": 0.0734709873796,
        "mean": 0.0143294781446,
        "median": 0.0117762219161,
        "min": 0.000113441245048,
        "var": 0.000109279862954
    },
    "spectral_entropy": {
        "dmean": 0.178580164909,
        "dmean2": 0.239876031876,
        "dvar": 0.031923238188,
        "dvar2": 0.0589842796326,
        "max": 8.44756698608,
        "mean": 7.45019674301,
        "median": 7.47232246399,
        "min": 5.833360672,
        "var": 0.123944491148
    },
    "spectral_flux": {
        "dmean": 0.0281201358885,
        "dmean2": 0.0409435257316,
        "dvar": 0.000833675847389,
        "dvar2": 0.00163847417571,
        "max": 0.304413497448,
        "mean": 0.0925425589085,
        "median": 0.0831926390529,
        "min": 0.0151976933703,
        "var": 0.00247974833474
    },
    "spectral_kurtosis": {
        "dmean": 1.90300798416,
        "dmean2": 3.21252417564,
        "dvar": 4.41947841644,
        "dvar2": 11.7947883606,
        "max": 27.475528717,
        "mean": 5.07890701294,
        "median": 4.59194755554,
        "min": -0.643925189972,
        "var": 7.60812044144
    },
    "spectral_rms": {
        "dmean": 0.00107357371598,
        "dmean2": 0.00145653972868,
        "dvar": 1.10329142444e-06,
        "dvar2": 2.16419789467e-06,
        "max": 0.0137928975746,
        "mean": 0.00530296331272,
        "median": 0.00514121027663,
        "min": 0.000720215553883,
        "var": 4.83776648252e-06
    },
    "spectral_rolloff": {
        "dmean": 378.813842773,
        "dmean2": 621.028076172,
        "dvar": 369071.3125,
        "dvar2": 820397.5625,
        "max": 9194.67773438,
        "mean": 1174.38500977,
        "median": 1012.06054688,
        "min": 107.666015625,
        "var": 759250.3125
    },
    "spectral_skewness": {
        "dmean": 0.252520561218,
        "dmean2": 0.401272445917,
        "dvar": 0.0574951469898,
        "dvar2": 0.140813440084,
        "max": 3.84092354774,
        "mean": 1.67686784267,
        "median": 1.65031659603,
        "min": 0.0249645486474,
        "var": 0.16002137959
    },
    "spectral_spread": {
        "dmean": 567337.125,
        "dmean2": 808503.8125,
        "dvar": 539235155968,
        "dvar2": 984435458048,
        "max": 19009064,
        "mean": 4019929.75,
        "median": 3852942.75,
        "min": 1820776.875,
        "var": 1.34706652774e+12
    },
    "spectral_strongpeak": {
        "dmean": 0.442111879587,
        "dmean2": 0.765494942665,
        "dvar": 0.563456654549,
        "dvar2": 1.5334495306,
        "max": 6.70538711548,
        "mean": 0.693129003048,
        "median": 0.465715944767,
        "min": 0.0225599259138,
        "var": 0.545320212841
    },
    "zerocrossingrate": {
        "dmean": 0.0096099190414,
        "dmean2": 0.0105753922835,
        "dvar": 0.000108449166873,
        "dvar2": 0.000120556243928,
        "max": 0.27734375,
        "mean": 0.0499327071011,
        "median": 0.044921875,
        "min": 0.00732421875,
        "var": 0.000674163573422
    },
    "barkbands": {
        "dmean": [0.000171338644577, 0.0052868318744, 0.00316594075412, 0.0015318992082, 0.00279546133243, 0.00137080543209, 0.000601379317231, 0.00130781461485, 0.000619792961515, 0.0012997740414, 0.000692390021868, 0.000993934343569, 0.000430185900768, 0.000395213632146, 0.000391518056858, 0.000169660517713, 0.000157917136676, 0.000220301953959, 0.000119263750094, 0.000120479358884, 5.39049324288e-05, 4.26827828051e-05, 3.82777470804e-05, 2.77682593151e-05, 2.23264141823e-05, 1.14244512588e-05, 5.84217429989e-09],
        "dmean2": [0.000278034858638, 0.00905292481184, 0.00546968029812, 0.00254028267227, 0.00422859191895, 0.00213871267624, 0.00094248802634, 0.00201567681506, 0.000956055358984, 0.00205868063495, 0.00104792579077, 0.00158873421606, 0.000665225845296, 0.000626707915217, 0.000625687884167, 0.00025492394343, 0.00025431253016, 0.000340386730386, 0.000180338291102, 0.000181516064913, 7.86294258432e-05, 6.17492914898e-05, 5.3114068578e-05, 4.00598946726e-05, 3.484496483e-05, 1.8848122636e-05, 7.30795424175e-09],
        "dvar": [2.37226558397e-07, 0.000133933106554, 7.20683892723e-05, 9.34166109801e-06, 1.51644417201e-05, 3.61308366337e-06, 7.83262294135e-07, 4.05055925512e-06, 1.91387243831e-06, 7.90583089838e-06, 1.66993311268e-06, 2.54728001892e-06, 4.66109099762e-07, 3.59816226592e-07, 3.65396147117e-07, 8.70574723422e-08, 4.02511837194e-08, 1.02980436623e-07, 2.11639648029e-08, 3.51261597586e-08, 8.90197338066e-09, 4.84455187078e-09, 2.96369417896e-09, 1.74754333226e-09, 1.41912537277e-09, 4.44028896984e-10, 1.21670497638e-14],
        "dvar2": [5.72927092435e-07, 0.000372046255507, 0.000195756263565, 2.39987421082e-05, 3.51046910509e-05, 9.63604998105e-06, 1.90266166555e-06, 9.99395706458e-06, 4.62309662908e-06, 1.94943713723e-05, 4.06351864513e-06, 6.43649491394e-06, 1.1605148984e-06, 8.55715370562e-07, 1.01169121081e-06, 2.21206576612e-07, 1.04230103659e-07, 2.39401089175e-07, 4.85393769623e-08, 8.09164575344e-08, 2.04107344359e-08, 9.93519755355e-09, 6.10907013865e-09, 3.78726383587e-09, 3.23754467679e-09, 1.11095899147e-09, 1.22028267414e-14],
        "max": [0.00390482251532, 0.0988160893321, 0.0912746861577, 0.0295167304575, 0.036453705281, 0.0239994898438, 0.0115455454215, 0.0228199902922, 0.0220000613481, 0.0469762384892, 0.0223456677049, 0.018915804103, 0.00718020275235, 0.00793456565589, 0.00789591204375, 0.00549839483574, 0.00179128302261, 0.00301585975103, 0.00126844074111, 0.00259369984269, 0.00134761724621, 0.000656691787299, 0.000791904109064, 0.000565428985283, 0.000660072371829, 0.000203823059564, 3.49463653038e-06],
        "mean": [0.000166008423548, 0.00827724486589, 0.00428042933345, 0.0018203164218, 0.00508540729061, 0.00261010183021, 0.00102245435119, 0.00181051401887, 0.000934246345423, 0.00206244923174, 0.000993437948637, 0.00136459327769, 0.000615070806816, 0.000555389269721, 0.000591974298004, 0.000264101428911, 0.000252462021308, 0.000352518109139, 0.000210440761293, 0.000214301559026, 8.58823404997e-05, 6.4346830186e-05, 5.97167199885e-05, 4.58866379631e-05, 3.31883384206e-05, 1.06985125967e-05, 5.50486456419e-09],
        "median": [2.93400194096e-06, 0.00249391468242, 0.00187630427536, 0.000727511942387, 0.00306777539663, 0.00178257655352, 0.00061655434547, 0.000966631399933, 0.000457044603536, 0.000889091694262, 0.00046429579379, 0.000717724848073, 0.000295028585242, 0.000286480179057, 0.00033800516394, 0.000139269279316, 0.000153757137014, 0.000240894500166, 0.000160717769177, 0.000155952104251, 5.02058683196e-05, 3.67391039617e-05, 3.2716714486e-05, 2.75320235232e-05, 1.96007167688e-05, 3.05670005218e-06, 4.7311554674e-10],
        "min": [3.7601282088e-09, 3.88793409911e-07, 5.89577553001e-07, 3.30821507077e-07, 3.39108046319e-05, 5.922748187e-06, 3.10642144541e-06, 2.74299031844e-06, 1.49552738549e-06, 4.25162716056e-06, 7.36590379802e-07, 2.94601477435e-06, 8.7151408934e-07, 6.89039666213e-07, 1.56218106895e-06, 8.35171647395e-07, 6.36083029804e-07, 1.4411432403e-06, 5.13443865202e-07, 7.01242811374e-07, 4.9520497214e-07, 5.38741915079e-07, 8.0038643091e-07, 3.10092474365e-07, 3.507484303e-10, 1.19176855884e-11, 1.18258805526e-11],
        "var": [2.86755863499e-07, 0.000224241040996, 6.30883150734e-05, 9.03858745005e-06, 3.14863391395e-05, 7.28490249458e-06, 1.37100687425e-06, 5.68790846955e-06, 2.94544997814e-06, 1.58843413374e-05, 2.524542424e-06, 3.50262098436e-06, 7.01716373896e-07, 5.26613973761e-07, 5.59107547815e-07, 1.41635979389e-07, 7.6194830001e-08, 1.49837006802e-07, 3.90348020574e-08, 5.271057546e-08, 1.19617533656e-08, 7.06803149342e-09, 5.62424462558e-09, 3.62677998744e-09, 2.4008326438e-09, 3.93507032515e-10, 1.21642647195e-14]
    },
    "erbbands": {
        "dmean": [0.141115486622, 1.29241573811, 3.56232094765, 4.05631542206, 6.798848629, 10.5912628174, 15.0805196762, 8.98750686646, 8.76038360596, 10.3011846542, 33.459400177, 14.9767799377, 36.6851615906, 35.7252311707, 22.5144195557, 42.4727706909, 18.6086158752, 23.1461696625, 18.4244327545, 13.76171875, 9.37888717651, 6.83301448822, 12.4525556564, 7.41734981537, 6.84092617035, 5.26439428329, 2.68357181549, 1.92290425301, 1.50974261761, 1.35124635696, 1.02481043339, 0.638199865818, 0.454639732838, 0.267819941044, 0.161934778094, 0.0699157938361, 0.0172873269767, 0.00130191759672, 2.92331860692e-05, 1.55479192472e-05],
        "dmean2": [0.240036427975, 2.21294951439, 6.0298333168, 6.59270143509, 11.0491046906, 15.2900514603, 24.0425281525, 13.7217683792, 13.4171276093, 15.9158945084, 50.9138374329, 22.5122756958, 57.7425193787, 53.269115448, 34.1800575256, 67.647895813, 28.2188434601, 36.2277069092, 29.1183433533, 21.2265663147, 14.3972301483, 10.5964574814, 19.4985332489, 11.2352724075, 10.5448827744, 7.93552494049, 3.83250164986, 2.8425052166, 2.17945194244, 1.9149967432, 1.42180097103, 0.914822518826, 0.683918476105, 0.411670506001, 0.258775740862, 0.115430101752, 0.0284690707922, 0.00217835512012, 4.61267882201e-05, 2.19552584895e-05],
        "dvar": [0.113063797355, 8.07229709625, 81.1227874756, 77.1251602173, 180.447036743, 241.791870117, 465.254486084, 167.087661743, 174.775787354, 291.440948486, 2752.37646484, 1245.26489258, 8704.58203125, 4047.55639648, 1668.1373291, 4316.91845703, 849.637268066, 1118.28503418, 833.227844238, 478.936340332, 173.407470703, 73.2275543213, 369.929870605, 97.9112167358, 87.8546981812, 59.1189727783, 17.4880428314, 11.046713829, 6.70824670792, 3.95523428917, 2.03135609627, 0.862114429474, 0.514177978039, 0.211803242564, 0.0680903047323, 0.0163122471422, 0.000993269495666, 6.73958084008e-06, 2.57004684201e-09, 3.43654132928e-10],
        "dvar2": [0.325315237045, 22.0564460754, 218.812133789, 191.837539673, 472.923706055, 492.812591553, 1239.29907227, 418.770782471, 436.715911865, 674.746887207, 6635.27636719, 3167.05615234, 20809.78125, 9412.21875, 4097.77050781, 10851.5, 2097.04736328, 2609.97924805, 2287.04589844, 1190.44726562, 428.834136963, 171.386184692, 884.290466309, 235.54057312, 206.76473999, 131.059631348, 36.3395042419, 25.7266902924, 13.8219966888, 8.5782995224, 4.28302621841, 1.82858359814, 1.16553735733, 0.463657081127, 0.160249352455, 0.0410945527256, 0.00249162106775, 1.71391748154e-05, 5.98012706021e-09, 7.9391809793e-10],
        "max": [2.85021424294, 23.6577587128, 112.608169556, 128.617294312, 152.579483032, 174.819442749, 273.420532227, 137.54057312, 192.660140991, 205.442871094, 685.254272461, 635.964233398, 1764.85888672, 1081.5234375, 583.133178711, 616.064819336, 295.364990234, 456.433135986, 442.316375732, 286.00680542, 158.160507202, 91.0729904175, 189.221847534, 140.206085205, 89.7787399292, 96.7963867188, 53.1490249634, 43.2718849182, 27.3855266571, 19.9384021759, 21.9954910278, 14.8060522079, 7.70198249817, 9.85650348663, 2.68134403229, 1.05154812336, 0.317378938198, 0.0260835029185, 0.000588343595155, 0.000216124521103],
        "mean": [0.184438824654, 2.0344877243, 5.28465223312, 5.59188079834, 9.68023586273, 19.3401832581, 24.5427799225, 17.2985057831, 16.1136016846, 17.3638401031, 46.3123970032, 23.9365081787, 58.9689483643, 58.4500846863, 35.2886199951, 60.1823158264, 28.8972530365, 34.3932952881, 29.7379341125, 22.0881214142, 15.8623476028, 12.10297966, 19.7848434448, 12.9730062485, 11.7326145172, 9.65380096436, 4.58770370483, 3.05105781555, 2.31305217743, 1.9882465601, 1.60267972946, 1.06552600861, 0.703199267387, 0.411568641663, 0.21848796308, 0.0698688998818, 0.015907978639, 0.00109605758917, 4.16400398535e-05, 4.06402577937e-05],
        "median": [0.0231457669288, 0.657891988754, 2.35464096069, 2.97151041031, 4.7796292305, 9.52112483978, 15.1145963669, 10.4842243195, 10.2441902161, 9.44848632812, 25.1147022247, 13.880739212, 22.5254364014, 29.0704536438, 21.103761673, 31.7155990601, 15.7762908936, 19.1826267242, 17.233587265, 12.6261577606, 9.95837879181, 8.23295783997, 12.6552400589, 9.88225078583, 8.6158323288, 6.8273024559, 2.86161875725, 1.85015487671, 1.31984746456, 1.05660009384, 0.910963654518, 0.658694505692, 0.401484638453, 0.242083206773, 0.122825779021, 0.02506791614, 0.00381975411437, 0.000185796263395, 2.42695568886e-05, 3.32032941515e-05],
        "min": [3.44164709531e-06, 0.000188670717762, 0.000842088717036, 0.00141952710692, 0.0303965676576, 0.0856746584177, 0.0549999289215, 0.0353069789708, 0.0770963802934, 0.0770322456956, 0.117677018046, 0.1059300825, 0.0925166681409, 0.155641660094, 0.197411850095, 0.116749793291, 0.0890543684363, 0.0443282276392, 0.0858440920711, 0.0610760822892, 0.0456857271492, 0.0361442267895, 0.0924277231097, 0.0427494198084, 0.0381612665951, 0.0336496569216, 0.0248969849199, 0.0217490307987, 0.0189237054437, 0.0250752773136, 0.0200929287821, 0.00884418748319, 0.00202578585595, 0.0001262135047, 9.59098997555e-06, 3.07665686705e-06, 1.54142583142e-06, 2.99196187825e-07, 1.05060473743e-06, 1.68827125435e-06],
        "var": [0.180381864309, 12.498925209, 83.3382644653, 80.123336792, 200.852737427, 655.318908691, 778.504089355, 391.893432617, 312.934234619, 608.83013916, 3942.32250977, 1623.47888184, 18580.5585938, 7747.12158203, 2407.37548828, 6455.56982422, 1333.92614746, 1743.37524414, 1340.29248047, 744.344482422, 326.154541016, 156.144256592, 518.281921387, 165.980438232, 136.094451904, 99.577003479, 28.0656108856, 14.6382741928, 9.53528881073, 6.4234752655, 3.95626473427, 1.77857375145, 0.945485293865, 0.411816060543, 0.0945003852248, 0.014805668965, 0.000884623557795, 5.50797221877e-06, 2.61521360123e-09, 9.91618676061e-10]
    },
    "gfcc": {
        "mean": [7.27778339386, 113.076927185, -129.948104858, 29.8747062683, -64.6229553223, 16.4260368347, -39.4640083313, 6.34611797333, -30.2315750122, -3.8666331768, -11.0841655731, -5.68702459335, -8.49729061127],
        "cov": [[2497.85205078, -244.699127197, -156.824020386, 16.8291072845, 229.017272949, 113.578514099, 54.7769432068, 153.628463745, -132.849502563, 131.036407471, -132.222106934, 93.9066772461, -51.8648414612], [-244.699127197, 1243.36499023, 51.5152549744, 113.939544678, 331.361450195, 26.7729740143, 381.229187012, -55.3172645569, 340.122192383, -136.460906982, 233.167999268, -112.885543823, 99.8655929565], [-156.824020386, 51.5152549744, 476.391601562, 89.4453048706, 48.665271759, 94.3309173584, 69.4022827148, 73.0405960083, 70.0941925049, 65.7850494385, 4.76480102539, 24.463010788, -55.3160324097], [16.8291072845, 113.939544678, 89.4453048706, 240.233764648, 94.6037139893, 35.4794578552, 54.1550598145, 0.858744442463, 75.2054443359, -11.8314199448, 40.8028106689, -25.9888458252, 32.6821556091], [229.017272949, 331.361450195, 48.665271759, 94.6037139893, 339.164093018, 76.6871032715, 177.694702148, 53.6535606384, 100.128753662, 11.753988266, 19.558423996, 39.7250175476, 31.2528266907], [113.578514099, 26.7729740143, 94.3309173584, 35.4794578552, 76.6871032715, 159.09967041, 81.6042556763, 40.495803833, 19.2488822937, 22.3426418304, 15.4132623672, 4.73428297043, 10.2981796265], [54.7769432068, 381.229187012, 69.4022827148, 54.1550598145, 177.694702148, 81.6042556763, 274.736724854, 64.5087356567, 120.383308411, -19.963552475, 66.7935409546, -7.39025592804, 20.0719413757], [153.628463745, -55.3172645569, 73.0405960083, 0.858744442463, 53.6535606384, 40.495803833, 64.5087356567, 146.058776855, 17.2234477997, 47.8694152832, -14.9097356796, 24.5714664459, -8.44039821625], [-132.849502563, 340.122192383, 70.0941925049, 75.2054443359, 100.128753662, 19.2488822937, 120.383308411, 17.2234477997, 177.856903076, -12.1131076813, 65.4634628296, -34.9833526611, 21.9305362701], [131.036407471, -136.460906982, 65.7850494385, -11.8314199448, 11.753988266, 22.3426418304, -19.963552475, 47.8694152832, -12.1131076813, 98.9932250977, -11.281747818, 33.7321090698, -31.8346862793], [-132.222106934, 233.167999268, 4.76480102539, 40.8028106689, 19.558423996, 15.4132623672, 66.7935409546, -14.9097356796, 65.4634628296, -11.281747818, 131.069351196, -23.9950180054, 28.2485389709], [93.9066772461, -112.885543823, 24.463010788, -25.9888458252, 39.7250175476, 4.73428297043, -7.39025592804, 24.5714664459, -34.9833526611, 33.7321090698, -23.9950180054, 104.843269348, 2.21647977829], [-51.8648414612, 99.8655929565, -55.3160324097, 32.6821556091, 31.2528266907, 10.2981796265, 20.0719413757, -8.44039821625, 21.9305362701, -31.8346862793, 28.2485389709, 2.21647977829, 90.7510223389]],
        "icov": [[0.000659945246298, -0.000702601217199, 0.000767362304032, -0.000757459434681, 0.000188840233022, -0.000727643200662, 0.000172599073267, -0.000770900980569, 0.00109380064532, -0.00117987871636, 0.00107796175871, -0.000585866509937, 0.000799065397587], [-0.000702601217199, 0.00875633023679, -0.00315080676228, 0.005236457102, -0.00666260393336, 0.00469063548371, -0.00440681306645, 0.00517781078815, -0.00723523739725, 0.00669119600207, -0.00825515668839, 0.00650978367776, -0.00411892775446], [0.000767362304032, -0.00315080676228, 0.00506813498214, -0.00362210161984, 0.00306795351207, -0.00382599164732, 0.00132356269751, -0.00279912143014, 0.00123852631077, -0.00363308051601, 0.00367371807806, -0.00407289760187, 0.0045061823912], [-0.000757459434681, 0.005236457102, -0.00362210161984, 0.00942811276764, -0.00571548333392, 0.00296416319907, -0.00143240834586, 0.0035894876346, -0.00529450504109, 0.00481438543648, -0.00604803534225, 0.00599023746327, -0.00481123616919], [0.000188840233022, -0.00666260393336, 0.00306795351207, -0.00571548333392, 0.0115659274161, -0.00453776866198, 5.28662021679e-05, -0.00328375399113, 0.00308418809436, -0.00608067167923, 0.00805497076362, -0.0081011550501, 0.00239497702569], [-0.000727643200662, 0.00469063548371, -0.00382599164732, 0.00296416319907, -0.00453776866198, 0.012228038162, -0.00495561910793, 0.00285911979154, -0.00132953852881, 0.00141767982859, -0.00483194412664, 0.00558291468769, -0.00525375595316], [0.000172599073267, -0.00440681306645, 0.00132356269751, -0.00143240834586, 5.28662021679e-05, -0.00495561910793, 0.0119909550995, -0.00617555482313, 0.000331560033374, 0.00173884944525, 0.000664928811602, -0.00344815244898, 0.00399542506784], [-0.000770900980569, 0.00517781078815, -0.00279912143014, 0.0035894876346, -0.00328375399113, 0.00285911979154, -0.00617555482313, 0.0139755699784, -0.00447622453794, -0.00129829638172, -0.00236826855689, 0.00368774239905, -0.00439176522195], [0.00109380064532, -0.00723523739725, 0.00123852631077, -0.00529450504109, 0.00308418809436, -0.00132953852881, 0.000331560033374, -0.00447622453794, 0.0181290768087, -0.00708685908467, 0.00437258603051, -0.00111224758439, 0.00164682616014], [-0.00117987871636, 0.00669119600207, -0.00363308051601, 0.00481438543648, -0.00608067167923, 0.00141767982859, 0.00173884944525, -0.00129829638172, -0.00708685908467, 0.0238677561283, -0.00957125891, 0.000682121200953, 0.00248983642086], [0.00107796175871, -0.00825515668839, 0.00367371807806, -0.00604803534225, 0.00805497076362, -0.00483194412664, 0.000664928811602, -0.00236826855689, 0.00437258603051, -0.00957125891, 0.0196670647711, -0.00542635284364, 0.00112116930541], [-0.000585866509937, 0.00650978367776, -0.00407289760187, 0.00599023746327, -0.0081011550501, 0.00558291468769, -0.00344815244898, 0.00368774239905, -0.00111224758439, 0.000682121200953, -0.00542635284364, 0.0195360202342, -0.0071562808007], [0.000799065397587, -0.00411892775446, 0.0045061823912, -0.00481123616919, 0.00239497702569, -0.00525375595316, 0.00399542506784, -0.00439176522195, 0.00164682616014, 0.00248983642086, 0.00112116930541, -0.0071562808007, 0.0192682798952]]
    },
    "melbands": {
        "dmean": [0.00137203058694, 0.00178836635314, 0.000725513149519, 0.0006236290792, 0.000488259189297, 0.000213431703742, 0.000134513829835, 0.000131627210067, 0.000258058600593, 9.28429653868e-05, 0.00018445616297, 0.000146417180076, 7.62601266615e-05, 0.000123184145195, 5.55832993996e-05, 4.63143151137e-05, 4.56521556771e-05, 2.85396217805e-05, 2.61754212261e-05, 1.52970951603e-05, 1.14305257739e-05, 7.59785189075e-06, 1.03167903944e-05, 1.10787450467e-05, 5.98371934757e-06, 4.92773369842e-06, 5.20657386005e-06, 3.47854461324e-06, 1.79611004114e-06, 1.62469632414e-06, 1.0537991102e-06, 9.55350742515e-07, 7.56956751502e-07, 7.84471239967e-07, 6.58244687202e-07, 4.82946347802e-07, 3.82160834533e-07, 3.42711160783e-07, 2.8740214475e-07, 2.28310270245e-07],
        "dmean2": [0.00232467986643, 0.00301459524781, 0.00116335181519, 0.000958026619628, 0.000757744710427, 0.000325691769831, 0.000205812582863, 0.000203846575459, 0.000390335393604, 0.000142469449202, 0.000291927426588, 0.000220532223466, 0.000115836475743, 0.000199387272005, 8.63099485287e-05, 7.3045186582e-05, 7.2753718996e-05, 4.50080769951e-05, 4.16374496126e-05, 2.36433570535e-05, 1.80535607797e-05, 1.2026604054e-05, 1.6694304577e-05, 1.7322396161e-05, 9.3624503279e-06, 7.77336390456e-06, 8.10338951851e-06, 5.35899471288e-06, 2.6668103601e-06, 2.47500929618e-06, 1.59639762387e-06, 1.40415932037e-06, 1.09830511974e-06, 1.12026441457e-06, 9.50123421717e-07, 7.06482637725e-07, 5.64238575862e-07, 5.15083968367e-07, 4.58869124031e-07, 3.54354398269e-07],
        "dvar": [9.61431851465e-06, 1.62389460456e-05, 1.98131192519e-06, 1.0531927046e-06, 4.13156811874e-07, 8.51497716781e-08, 3.74425503935e-08, 4.36037019824e-08, 1.64422388593e-07, 5.23287368992e-08, 2.20538737494e-07, 7.41547552252e-08, 2.35707435792e-08, 4.1684266705e-08, 6.02274452532e-09, 6.36611652283e-09, 4.47230341649e-09, 1.97726301998e-09, 1.84029869121e-09, 8.39125380292e-10, 2.47787540486e-10, 8.78215972167e-11, 2.49188752965e-10, 2.72268790846e-10, 7.31369617646e-11, 3.92079146927e-11, 7.87081858022e-11, 2.32593822674e-11, 7.57114596711e-12, 1.03246812141e-11, 2.84027987761e-12, 3.01212093462e-12, 1.26312003391e-12, 1.37901701776e-12, 9.14288610099e-13, 4.50490447897e-13, 3.22881668234e-13, 2.84391650854e-13, 2.31096473338e-13, 1.69341916791e-13],
        "dvar2": [2.74103967968e-05, 4.41154370492e-05, 4.54100290881e-06, 2.47285629484e-06, 1.07045570985e-06, 2.17483588472e-07, 9.23558971522e-08, 1.04467240192e-07, 3.89483858498e-07, 1.31377561274e-07, 5.28928126187e-07, 1.75289656568e-07, 5.78964396425e-08, 1.07162364316e-07, 1.39661695542e-08, 1.62487019395e-08, 1.05487130142e-08, 5.27558530194e-09, 4.85948303819e-09, 2.17580553574e-09, 6.26245555413e-10, 2.16668682995e-10, 6.25533069787e-10, 6.53132825601e-10, 1.83291368194e-10, 9.45091296889e-11, 1.9431750653e-10, 5.13432074634e-11, 1.55461078039e-11, 2.54195952482e-11, 6.62430830675e-12, 6.42343903762e-12, 2.829197163e-12, 3.02267997958e-12, 2.0472480048e-12, 9.6191945468e-13, 6.98707313795e-13, 6.36743641754e-13, 5.56097106297e-13, 3.84991246782e-13],
        "max": [0.0274143889546, 0.0491768680513, 0.0184646099806, 0.00979949347675, 0.00725593511015, 0.00314834457822, 0.0027166781947, 0.00271034031175, 0.00565492128953, 0.00408517569304, 0.00886450521648, 0.00481114862487, 0.00290535949171, 0.00278925150633, 0.000674112408888, 0.000957334239502, 0.000779299356509, 0.000658781966195, 0.000550891272724, 0.000530394783709, 0.000173535285285, 8.98362559383e-05, 0.000167264515767, 0.000194088876015, 0.000122393714264, 5.78027647862e-05, 0.000122770376038, 5.28148084413e-05, 2.84514208033e-05, 4.55061854154e-05, 1.83447864401e-05, 1.85484714166e-05, 8.84909877641e-06, 1.43694878716e-05, 1.53138371388e-05, 7.87309090811e-06, 9.14015890885e-06, 6.66393952997e-06, 5.3425897022e-06, 9.58838427323e-06],
        "mean": [0.00200136401691, 0.00283387582749, 0.00106468051672, 0.00106364220846, 0.000847017974593, 0.000414453214034, 0.000246028299443, 0.000210745085496, 0.000358480436262, 0.000142630859045, 0.000293084740406, 0.000232503400184, 0.000112802008516, 0.000168571685208, 8.51448712638e-05, 6.44978354103e-05, 6.35849646642e-05, 4.41708616563e-05, 3.9565617044e-05, 2.31958565564e-05, 1.82255880645e-05, 1.24272228277e-05, 1.53372875502e-05, 1.74739325303e-05, 9.53121161729e-06, 8.03907460067e-06, 8.22442416393e-06, 6.15216049482e-06, 2.93860625789e-06, 2.28754061027e-06, 1.61200773618e-06, 1.38047312248e-06, 1.06731010874e-06, 1.12299790089e-06, 9.70196424532e-07, 7.64919093399e-07, 6.11247514826e-07, 5.23892026649e-07, 3.94739913645e-07, 3.34628225573e-07],
        "median": [0.00049610203132, 0.00126056838781, 0.000637709686998, 0.000513485167176, 0.000570344564039, 0.000269993382972, 0.00015890452778, 0.000122914963868, 0.000188479738426, 7.5566698797e-05, 0.000109496671939, 0.000111004723294, 6.0459577071e-05, 9.36288779485e-05, 4.67403842777e-05, 2.98168051813e-05, 3.3076525142e-05, 2.46019735641e-05, 2.12076211028e-05, 1.21499515444e-05, 1.04880227809e-05, 7.80451046012e-06, 9.38411540119e-06, 1.10014234451e-05, 6.22861534794e-06, 5.78196340939e-06, 5.54827829546e-06, 4.03549438488e-06, 1.71524538928e-06, 1.20950915061e-06, 9.89566956378e-07, 7.54498614697e-07, 5.98027099841e-07, 5.73719660224e-07, 5.09765811785e-07, 4.745476474e-07, 3.48232703118e-07, 2.871209972e-07, 2.17590823581e-07, 1.8398748125e-07],
        "min": [6.12758128682e-08, 3.8405602254e-07, 5.22445361639e-07, 7.55104883865e-06, 8.32489320146e-07, 9.30177122882e-07, 9.55062887442e-07, 8.98857194898e-07, 7.32683076876e-07, 3.71243089603e-07, 4.20566379944e-07, 5.42705038242e-07, 2.70608268238e-07, 4.14166663631e-07, 1.38945580375e-07, 8.94866687418e-08, 5.91512723247e-08, 1.05072075485e-07, 8.78907258084e-08, 6.04728143117e-08, 3.88384258088e-08, 3.27542082346e-08, 5.23997236712e-08, 9.13361546395e-08, 1.68737326334e-08, 2.35343140531e-08, 3.05578176096e-08, 1.84203479137e-08, 1.62222697497e-08, 8.12615663648e-09, 1.00835206851e-08, 9.65397983776e-09, 9.90921655841e-09, 1.25106831561e-08, 1.22872281239e-08, 7.96223798005e-09, 5.1105972787e-09, 5.734649422e-10, 8.05576785834e-11, 8.05092917246e-13],
