{
"highlevel": {
    "danceability": {
        "all": {
            "danceable": 0.974647641182,
            "not_danceable": 0.025352364406
        },
        "probability": 0.974647641182,
        "value": "danceable"
    },
    "gender": {
        "all": {
            "female": 0.199770689011,
            "male": 0.800229310989
        },
        "probability": 0.800229310989,
        "value": "male"
    },
    "genre_dortmund": {
        "all": {
            "alternative": 0.104973033071,
            "blues": 0.0915980488062,
            "electronic": 0.0717843994498,
            "folkcountry": 0.042420823127,
            "funksoulrnb": 0.0340842939913,
            "jazz": 0.0458514876664,
            "pop": 0.0211533550173,
            "raphiphop": 0.126789525151,
            "rock": 0.461345046759
        },
        "probability": 0.461345046759,
        "value": "rock"
    },
    "genre_electronic": {
        "all": {
            "ambient": 0.39421120286,
            "dnb": 0.114007391036,
            "house": 0.171057477593,
            "techno": 0.0147663652897,
            "trance": 0.305957585573
        },
        "probability": 0.39421120286,
        "value": "ambient"
    },
    "genre_rosamerica": {
        "all": {
            "cla": 0.0158420205116,
            "dan": 0.0712427049875,
            "hip": 0.140090033412,
            "jaz": 0.0109087256715,
            "pop": 0.366449356079,
            "rhy": 0.0505695417523,
            "roc": 0.334051281214,
            "spe": 0.0108463447541
        },
        "probability": 0.366449356079,
        "value": "pop"
    },
    "genre_tzanetakis": {
        "all": {
            "blu": 0.0626613423228,
            "cla": 0.0348169617355,
            "cou": 0.104475811124,
            "dis": 0.0784321576357,
            "hip": 0.15692435205,
            "jaz": 0.313974827528,
            "met": 0.0448166541755,
            "pop": 0.0627359300852,
            "reg": 0.0627360641956,
            "roc": 0.0784258767962
        },
        "probability": 0.313974827528,
        "value": "jaz"
    },
    "ismir04_rhythm": {
        "all": {
            "ChaChaCha": 0.0593969859183,
            "Jive": 0.171249642968,
            "Quickstep": 0.160308763385,
            "Rumba-American": 0.0164218042046,
            "Rumba-International": 0.0668134689331,
            "Rumba-Misc": 0.0227207876742,
            "Samba": 0.305634349585,
            "Tango": 0.0663072019815,
            "VienneseWaltz": 0.116042509675,
            "Waltz": 0.0151044819504
        },
        "probability": 0.305634349585,
        "value": "Samba"
    },
    "mood_acoustic": {
        "all": {
            "acoustic": 0.0669180303812,
            "not_acoustic": 0.93308198452
        },
        "probability": 0.93308198452,
        "value": "not_acoustic"
    },
    "mood_aggressive": {
        "all": {
            "aggressive": 0.481508553028,
            "not_aggressive": 0.518491446972
        },
        "probability": 0.518491446972,
        "value": "not_aggressive"
    },
    "mood_electronic": {
        "all": {
            "electronic": 0.817110478878,
            "not_electronic": 0.182889506221
        },
        "probability": 0.817110478878,
        "value": "electronic"
    },
    "mood_happy": {
        "all": {
            "happy": 0.867412507534,
            "not_happy": 0.132587477565
        },
        "probability": 0.867412507534,
        "value": "happy"
    },
    "mood_party": {
        "all": {
            "not_party": 0.663594841957,
            "party": 0.336405128241
        },
        "probability": 0.663594841957,
        "value": "not_party"
    },
    "mood_relaxed": {
        "all": {
            "not_relaxed": 0.884139120579,
            "relaxed": 0.11586086452
        },
        "probability": 0.884139120579,
        "value": "not_relaxed"
    },
    "mood_sad": {
        "all": {
            "not_sad": 0.779524862766,
            "sad": 0.220475122333
        },
        "probability": 0.779524862766,
        "value": "not_sad"
    },
    "moods_mirex": {
        "all": {
            "Cluster1": 0.487999022007,
            "Cluster2": 0.168344900012,
            "Cluster3": 0.0925032272935,
            "Cluster4": 0.107958458364,
            "Cluster5": 0.143194407225
        },
        "probability": 0.487999022007,
        "value": "Cluster1"
    },
    "timbre": {
        "all": {
            "bright": 0.885388314724,
            "dark": 0.114611700177
        },
        "probability": 0.885388314724,
        "value": "bright"
    },
    "tonal_atonal": {
        "all": {
            "atonal": 0.0238082744181,
            "tonal": 0.976191699505
        },
        "probability": 0.976191699505,
        "value": "tonal"
    },
    "voice_instrumental": {
        "all": {
            "instrumental": 0.00960710830986,
            "voice": 0.99039286375
        },
        "probability": 0.99039286375,
        "value": "voice"
    }
},
"lowlevel": {
    "average_loudness": 0.978954255581,
    "barkbands_crest": {
        "dmean": 3.35068750381,
        "dmean2": 5.19456481934,
        "dvar": 8.92165851593,
        "dvar2": 20.1152076721,
        "max": 25.4543495178,
        "mean": 11.3816757202,
        "median": 9.82211780548,
        "min": 3.22237205505,
        "var": 30.7120380402
    },
    "barkbands_flatness_db": {
        "dmean": 0.0276108179241,
        "dmean2": 0.0406186021864,
        "dvar": 0.000549833814148,
        "dvar2": 0.00118749483954,
        "max": 0.35601323843,
        "mean": 0.168775051832,
        "median": 0.163464441895,
        "min": 0.0586650744081,
        "var": 0.0020500740502
    },
    "barkbands_kurtosis": {
        "dmean": 3.70082974434,
        "dmean2": 5.39309453964,
        "dvar": 42.5221443176,
        "dvar2": 78.9717483521,
        "max": 88.1065826416,
        "mean": 4.63216924667,
        "median": 1.40406894684,
        "min": -1.77677977085,
        "var": 93.6777267456
    },
    "barkbands_skewness": {
        "dmean": 0.683521270752,
        "dmean2": 0.97521263361,
        "dvar": 0.44743040204,
        "dvar2": 0.844180583954,
        "max": 8.31795120239,
        "mean": 1.59934449196,
        "median": 1.248077631,
        "min": -0.742237985134,
        "var": 1.99876308441
    },
    "barkbands_spread": {
        "dmean": 5.25589895248,
        "dmean2": 8.13323020935,
        "dvar": 30.413854599,
        "dvar2": 64.3337554932,
        "max": 88.9091339111,
        "mean": 19.0942440033,
        "median": 17.5594825745,
        "min": 1.99394130707,
        "var": 96.1968231201
    },
    "dissonance": {
        "dmean": 0.0185269359499,
        "dmean2": 0.0307237748057,
        "dvar": 0.000286243914161,
        "dvar2": 0.00077893427806,
        "max": 0.499990552664,
        "mean": 0.467363834381,
        "median": 0.473823875189,
        "min": 0.327757567167,
        "var": 0.000595595221967
    },
    "dynamic_complexity": 1.62952053547,
    "erbbands_crest": {
        "dmean": 2.96686553955,
        "dmean2": 4.82531738281,
        "dvar": 7.19942140579,
        "dvar2": 18.057970047,
        "max": 28.24741745,
        "mean": 9.09353256226,
        "median": 7.95240449905,
        "min": 2.78297138214,
        "var": 18.2915859222
    },
    "erbbands_flatness_db": {
        "dmean": 0.0200221110135,
        "dmean2": 0.0278788264841,
        "dvar": 0.000332841533236,
        "dvar2": 0.000620661361609,
        "max": 0.315433293581,
        "mean": 0.18092943728,
        "median": 0.178937464952,
        "min": 0.0768421366811,
        "var": 0.00173247104976
    },
    "erbbands_kurtosis": {
        "dmean": 0.841545939445,
        "dmean2": 1.32516992092,
        "dvar": 0.916712164879,
        "dvar2": 2.30699777603,
        "max": 11.5572805405,
        "mean": 0.362876147032,
        "median": -0.195602893829,
        "min": -1.61259257793,
        "var": 2.42640900612
    },
    "erbbands_skewness": {
        "dmean": 0.364883303642,
        "dmean2": 0.558675944805,
        "dvar": 0.0857894793153,
        "dvar2": 0.203881159425,
        "max": 2.47461748123,
        "mean": 0.13926436007,
        "median": 0.13037212193,
        "min": -2.24520134926,
        "var": 0.456299632788
    },
    "erbbands_spread": {
        "dmean": 7.40252876282,
        "dmean2": 10.9111747742,
        "dvar": 53.3337364197,
        "dvar2": 106.345855713,
        "max": 107.020896912,
        "mean": 33.0605049133,
        "median": 30.2094268799,
        "min": 7.05487918854,
        "var": 226.476501465
    },
    "hfc": {
        "dmean": 6.01747226715,
        "dmean2": 8.64014625549,
        "dvar": 58.5877227783,
        "dvar2": 126.460945129,
        "max": 85.7815704346,
        "mean": 22.4110603333,
        "median": 20.4194221497,
        "min": 2.72562742233,
        "var": 157.920944214
    },
    "melbands_crest": {
        "dmean": 4.25282287598,
        "dmean2": 6.83338546753,
        "dvar": 14.2800235748,
        "dvar2": 35.4427757263,
        "max": 32.123134613,
        "mean": 15.8247365952,
        "median": 14.7132148743,
        "min": 3.99572372437,
        "var": 42.8102760315
    },
    "melbands_flatness_db": {
        "dmean": 0.0344016589224,
        "dmean2": 0.0495705492795,
        "dvar": 0.000852010736708,
        "dvar2": 0.00187653594185,
        "max": 0.453513592482,
        "mean": 0.23222745955,
        "median": 0.226780846715,
        "min": 0.0695477575064,
        "var": 0.00405815290287
    },
    "melbands_kurtosis": {
        "dmean": 8.93536663055,
        "dmean2": 12.8634109497,
        "dvar": 227.776290894,
        "dvar2": 437.275024414,
        "max": 198.816146851,
        "mean": 13.9335050583,
        "median": 5.25251102448,
        "min": -1.47301352024,
        "var": 544.997558594
    },
    "melbands_skewness": {
        "dmean": 0.922783076763,
        "dmean2": 1.31765162945,
        "dvar": 0.863559007645,
        "dvar2": 1.6652970314,
        "max": 11.9848337173,
        "mean": 2.64675807953,
        "median": 2.11248636246,
        "min": -0.502379655838,
        "var": 3.95803117752
    },
    "melbands_spread": {
        "dmean": 6.97874259949,
        "dmean2": 10.841588974,
        "dvar": 49.085144043,
        "dvar2": 111.559967041,
        "max": 81.8911590576,
        "mean": 20.918132782,
        "median": 18.8948116302,
        "min": 1.36766922474,
        "var": 159.365692139
    },
    "pitch_salience": {
        "dmean": 0.0882877111435,
        "dmean2": 0.137412652373,
        "dvar": 0.00584203191102,
        "dvar2": 0.0142876897007,
        "max": 0.80887067318,
        "mean": 0.496262639761,
        "median": 0.514707744122,
        "min": 0.10069450736,
        "var": 0.0176885891706
    },
    "silence_rate_20dB": {
        "dmean": 0,
        "dmean2": 0,
        "dvar": 0,
        "dvar2": 0,
        "max": 1,
        "mean": 1,
        "median": 1,
        "min": 1,
        "var": 0
    },
    "silence_rate_30dB": {
        "dmean": 0.0804953575134,
        "dmean2": 0.161115407944,
        "dvar": 0.0740156322718,
        "dvar2": 0.147549003363,
        "max": 1,
        "mean": 0.854601681232,
        "median": 1,
        "min": 0,
        "var": 0.124256908894
    },
    "silence_rate_60dB": {
        "dmean": 0,
        "dmean2": 0,
        "dvar": 0,
        "dvar2": 0,
        "max": 0,
        "mean": 0,
        "median": 0,
        "min": 0,
        "var": 0
    },
    "spectral_centroid": {
        "dmean": 245.431182861,
        "dmean2": 391.910736084,
        "dvar": 56930.484375,
        "dvar2": 141205.09375,
        "max": 2570.74438477,
        "mean": 1256.59277344,
        "median": 1165.6184082,
        "min": 382.501190186,
        "var": 208875.3125
    },
    "spectral_complexity": {
        "dmean": 3.91640877724,
        "dmean2": 6.02323770523,
        "dvar": 14.828956604,
        "dvar2": 28.4332580566,
        "max": 48,
        "mean": 22.8770294189,
        "median": 22,
        "min": 6,
        "var": 51.9206733704
    },
    "spectral_decrease": {
        "dmean": 4.54860238364e-09,
        "dmean2": 6.43824593638e-09,
        "dvar": 2.78615937004e-17,
        "dvar2": 5.54468892238e-17,
        "max": -1.02423935999e-09,
        "mean": -1.31459021446e-08,
        "median": -8.64974936121e-09,
        "min": -5.55715367057e-08,
        "var": 1.25265505578e-16
    },
    "spectral_energy": {
        "dmean": 0.0174648817629,
        "dmean2": 0.0247309152037,
        "dvar": 0.00040123204235,
        "dvar2": 0.000802696973551,
        "max": 0.211403101683,
        "mean": 0.0516483932734,
        "median": 0.034810449928,
        "min": 0.00422707060352,
        "var": 0.00181797391269
    },
    "spectral_energyband_high": {
        "dmean": 0.000266822957201,
        "dmean2": 0.000404363439884,
        "dvar": 3.11099910277e-07,
        "dvar2": 7.62744889471e-07,
        "max": 0.0078106559813,
        "mean": 0.000486277975142,
        "median": 0.000228973134654,
        "min": 6.65309244141e-06,
        "var": 5.03507465055e-07
    },
    "spectral_energyband_low": {
        "dmean": 0.0144879957661,
        "dmean2": 0.0194075033069,
        "dvar": 0.0003916118294,
        "dvar2": 0.000653339084238,
        "max": 0.205316200852,
        "mean": 0.0317059122026,
        "median": 0.0132137015462,
        "min": 0.000154917914188,
        "var": 0.00171379500534
    },
    "spectral_energyband_middle_high": {
        "dmean": 0.00262879882939,
        "dmean2": 0.00387157173827,
        "dvar": 9.84556572803e-06,
        "dvar2": 1.98165289476e-05,
        "max": 0.0393195413053,
        "mean": 0.00743372226134,
        "median": 0.00607124110684,
        "min": 0.000549858203158,
        "var": 3.26552108163e-05
    },
    "spectral_energyband_middle_low": {
        "dmean": 0.00815880578011,
        "dmean2": 0.0131843881682,
        "dvar": 0.000160539813805,
        "dvar2": 0.000391348497942,
        "max": 0.106341682374,
        "mean": 0.01489243377,
        "median": 0.0100884269923,
        "min": 0.000917723751627,
        "var": 0.000195432308828
    },
    "spectral_entropy": {
        "dmean": 0.161406382918,
        "dmean2": 0.245432317257,
        "dvar": 0.0242835730314,
        "dvar2": 0.0560199841857,
        "max": 8.38896465302,
        "mean": 7.44427013397,
        "median": 7.43257188797,
        "min": 6.41921281815,
        "var": 0.0830295234919
    },
    "spectral_flux": {
        "dmean": 0.0385360196233,
        "dmean2": 0.0634483546019,
        "dvar": 0.00151863496285,
        "dvar2": 0.00377206457779,
        "max": 0.33642989397,
        "mean": 0.116793252528,
        "median": 0.102194264531,
        "min": 0.0302430801094,
        "var": 0.00317019410431
    },
    "spectral_kurtosis": {
        "dmean": 2.42951321602,
        "dmean2": 4.06251144409,
        "dvar": 5.87589073181,
        "dvar2": 16.2243595123,
        "max": 24.1084938049,
        "mean": 5.27573823929,
        "median": 4.74864339828,
        "min": -1.24150145054,
        "var": 10.3299531937
    },
    "spectral_rms": {
        "dmean": 0.00116368883755,
        "dmean2": 0.00165182433557,
        "dvar": 1.31386445901e-06,
        "dvar2": 2.63596371042e-06,
        "max": 0.0143612995744,
        "mean": 0.00655813515186,
        "median": 0.00582764251158,
        "min": 0.00203075632453,
        "var": 7.37954997021e-06
    },
    "spectral_rolloff": {
        "dmean": 412.080749512,
        "dmean2": 691.414672852,
        "dvar": 426472.625,
        "dvar2": 1014041,
        "max": 8807.08007812,
        "mean": 1108.4185791,
        "median": 904.39453125,
        "min": 64.599609375,
        "var": 789543.5
    },
    "spectral_skewness": {
        "dmean": 0.274532675743,
        "dmean2": 0.439332187176,
        "dvar": 0.0580017380416,
        "dvar2": 0.152270123363,
        "max": 3.51763892174,
        "mean": 1.48993611336,
        "median": 1.45765995979,
        "min": 0.236816078424,
        "var": 0.18554957211
    },
    "spectral_spread": {
        "dmean": 446350.71875,
        "dmean2": 641220.625,
        "dvar": 345089245184,
        "dvar2": 586614767616,
        "max": 13824562,
        "mean": 3378707,
        "median": 3219797.75,
        "min": 1699815,
        "var": 1.490518016e+12
    },
    "spectral_strongpeak": {
        "dmean": 0.596123993397,
        "dmean2": 1.00327205658,
        "dvar": 0.769023120403,
        "dvar2": 1.9168035984,
        "max": 7.95293951035,
        "mean": 0.947348058224,
        "median": 0.590216577053,
        "min": 0,
        "var": 1.19199323654
    },
    "zerocrossingrate": {
        "dmean": 0.00796593818814,
        "dmean2": 0.00917560234666,
        "dvar": 5.97892212681e-05,
        "dvar2": 7.93924627942e-05,
        "max": 0.15673828125,
        "mean": 0.0434143580496,
        "median": 0.04248046875,
        "min": 0.00439453125,
        "var": 0.000425425911089
    },
    "barkbands": {
        "dmean": [0.000448315084213, 0.012411932461, 0.00336763076484, 0.00484195863828, 0.0022779351566, 0.000658145057969, 0.00113430561032, 0.00156231806614, 0.00100070773624, 0.00111354270484, 0.000572317687329, 0.000546827504877, 0.000515505671501, 0.000501232745592, 0.000319228071021, 0.000411911634728, 0.000315158162266, 0.000355221243808, 0.000150147388922, 0.000104645398096, 6.26593682682e-05, 7.99274566816e-05, 6.2316430558e-05, 3.18203237839e-05, 1.82483145181e-05, 8.26706218504e-06, 6.63110277799e-09],
        "dmean2": [0.000575593672693, 0.015849404037, 0.00538415694609, 0.00842480361462, 0.00394710898399, 0.00107826280873, 0.00177471933421, 0.00241390685551, 0.0015439724084, 0.00172392197419, 0.000901204708498, 0.000865490350407, 0.000820999732241, 0.000791499915067, 0.000502545852214, 0.000643630919512, 0.000487509532832, 0.000553966208827, 0.000242622874794, 0.000164556884556, 0.00010057946929, 0.000122335812193, 9.64881546679e-05, 4.93240913784e-05, 2.89614945359e-05, 1.31114711621e-05, 9.17953535406e-09],
        "dvar": [5.49127719296e-07, 0.000412192282965, 3.30029615725e-05, 0.000100984223536, 1.89537186088e-05, 1.67982602761e-06, 5.15975989401e-06, 9.09673053684e-06, 4.41010297436e-06, 4.3378781811e-06, 2.09990184885e-06, 1.96984865397e-06, 1.11843587547e-06, 8.7588250608e-07, 4.98771157709e-07, 4.70112780704e-07, 3.3689369161e-07, 4.37231619799e-07, 5.02689729842e-08, 2.79988370266e-08, 2.2678097622e-08, 3.11503320916e-08, 2.37376927004e-08, 1.13583418226e-08, 3.76261333201e-09, 6.86601109301e-10, 1.21910682301e-14],
        "dvar2": [8.48191859859e-07, 0.000607402762398, 8.36524559418e-05, 0.000262197572738, 5.23696908203e-05, 4.33301011071e-06, 1.23075724332e-05, 2.08201781788e-05, 8.09814719105e-06, 9.82605797617e-06, 4.55727786175e-06, 4.82347059005e-06, 2.2591727884e-06, 2.22340577238e-06, 1.25306735299e-06, 1.03903289528e-06, 7.75677108322e-07, 9.87737735159e-07, 1.37380325782e-07, 6.89758010708e-08, 6.2850148197e-08, 6.95417909924e-08, 5.198686992e-08, 2.40926674167e-08, 8.17732281888e-09, 1.71173997199e-09, 1.23374397585e-14],
        "max": [0.0150546450168, 0.198546200991, 0.0591105595231, 0.09007383883, 0.0392993465066, 0.0166073478758, 0.0375966839492, 0.0379098802805, 0.0408351756632, 0.0309579335153, 0.0240636784583, 0.0234489198774, 0.0205846913159, 0.0126931648701, 0.00994867365807, 0.00973026454449, 0.0119292614982, 0.00923623424023, 0.00276134652086, 0.00187626108527, 0.00296582537703, 0.00316473655403, 0.00329626747407, 0.00224055000581, 0.00108004990034, 0.000431430700701, 3.91221556129e-06],
        "mean": [0.000832572870422, 0.0236567221582, 0.0044407909736, 0.00490647973493, 0.00268957810476, 0.000918265082873, 0.00175950326957, 0.00268974155188, 0.0017249637749, 0.00176743289921, 0.000850212527439, 0.00078276329441, 0.000759823073167, 0.000720627198461, 0.000460358627606, 0.000668831751682, 0.000542161171325, 0.000613168289419, 0.000281311455183, 0.000182525414857, 0.000104555350845, 0.000123994701426, 9.29377492866e-05, 4.5586260967e-05, 2.41386114794e-05, 9.39779783948e-06, 5.99258376255e-09],
        "median": [0.000137781666126, 0.00573363061994, 0.00199567596428, 0.00168858899269, 0.00138068967499, 0.000505883363076, 0.000924732070416, 0.00100748566911, 0.000827846466564, 0.000754871696699, 0.000363573461073, 0.000387634965591, 0.000351068243617, 0.000394258153392, 0.000193229992874, 0.000376760959625, 0.000269071839284, 0.000317626807373, 0.000180349350558, 0.00011179849389, 4.69207298011e-05, 4.44637917099e-05, 3.11055518978e-05, 8.6205527623e-06, 4.52081030744e-06, 1.87465366253e-06, 6.66107113911e-10],
        "min": [8.34334969113e-07, 6.1327838921e-05, 7.53642507334e-06, 4.39875020675e-06, 1.41806904139e-05, 5.14796283824e-06, 5.77032551519e-06, 7.73167630541e-06, 2.40611425397e-05, 1.22810834e-05, 6.26376186119e-06, 9.08702349989e-06, 1.09879892989e-05, 1.67718644661e-05, 7.30914371161e-06, 8.82730455487e-06, 6.6447687459e-06, 7.09739060767e-06, 2.13398925553e-06, 1.87792886663e-06, 9.67124265117e-07, 6.51945811114e-07, 1.89785907878e-07, 2.89861041836e-08, 3.24945487185e-10, 6.79017215718e-12, 8.08661557855e-12],
        "var": [1.91641106539e-06, 0.00151890038978, 4.03884987463e-05, 8.66702612257e-05, 1.55584712047e-05, 2.11160045183e-06, 8.91785384738e-06, 2.21472419071e-05, 1.20172735478e-05, 1.01342448033e-05, 3.20032177115e-06, 2.36802225118e-06, 2.1190253392e-06, 1.05878939394e-06, 6.72404439683e-07, 8.45236172609e-07, 7.47229876197e-07, 7.97303073341e-07, 9.29193433308e-08, 4.66625564854e-08, 2.71076512348e-08, 5.0137920482e-08, 3.9871338231e-08, 2.34886705641e-08, 6.25245721864e-09, 7.81166353825e-10, 1.21655589858e-14]
    },
    "erbbands": {
        "dmean": [0.469870328903, 2.6787405014, 3.79260396957, 10.7492523193, 11.5427265167, 6.55536031723, 5.6123008728, 6.06536197662, 9.68947696686, 30.8784866333, 26.228767395, 21.4782524109, 24.701467514, 35.1626281738, 21.8141288757, 18.845123291, 23.1410923004, 25.4959335327, 17.9370594025, 16.2324905396, 24.7705974579, 18.1423130035, 19.5252971649, 10.1372423172, 6.05327272415, 5.06267261505, 2.69943332672, 2.73422980309, 2.65054631233, 2.40688538551, 1.77497601509, 0.996763050556, 0.378839105368, 0.217654839158, 0.125082716346, 0.0666707232594, 0.00740966480225, 0.000437501963461, 1.6519539713e-05, 1.95257598534e-05],
        "dmean2": [0.642335951328, 3.59822392464, 5.62875366211, 18.2694625854, 20.0394268036, 11.4061079025, 9.33142280579, 9.90412330627, 15.288819313, 48.726600647, 39.3017120361, 32.9913825989, 37.4326019287, 54.5337905884, 33.1887168884, 29.8143539429, 36.4588317871, 40.6311073303, 28.4957847595, 25.0977611542, 38.7428512573, 27.2380390167, 30.6798000336, 16.0113449097, 9.7865190506, 7.92357778549, 4.27720165253, 4.42760848999, 4.06473207474, 3.68864703178, 2.78423595428, 1.57349908352, 0.588582098484, 0.34470051527, 0.197279796004, 0.104819558561, 0.0121262706816, 0.00073289120337, 2.5133795134e-05, 2.74926733255e-05],
        "dvar": [0.71422547102, 20.8934326172, 37.9816322327, 460.597564697, 515.37713623, 167.322341919, 99.562538147, 179.016326904, 408.42956543, 3793.28979492, 2526.47241211, 3035.35205078, 1778.9597168, 3856.38305664, 2795.65087891, 2314.73925781, 2167.09008789, 2639.81103516, 1423.51086426, 890.833496094, 1815.4609375, 1176.01904297, 1434.78283691, 269.362762451, 102.57321167, 60.0058479309, 32.7197036743, 44.412776947, 34.9544448853, 44.2226715088, 17.874540329, 8.8145904541, 1.98367154598, 0.826586961746, 0.156878113747, 0.0421961769462, 0.000565520720556, 2.14061469705e-06, 1.43678002829e-09, 4.7098813738e-10],
        "dvar2": [1.15900480747, 32.9191665649, 83.3330535889, 1182.76733398, 1376.99597168, 464.686248779, 250.584869385, 475.93536377, 818.747009277, 9164.27929688, 5491.60986328, 5443.72851562, 3846.80859375, 9235.11816406, 5015.421875, 5745.87548828, 4356.71875, 6720.99169922, 3617.08642578, 2010.47827148, 3990.47021484, 2552.80908203, 3204.47900391, 670.60144043, 290.048980713, 148.468444824, 85.9666213989, 122.14679718, 77.3156738281, 105.324043274, 39.8460845947, 20.6411266327, 3.65411448479, 1.87724733353, 0.355295747519, 0.101287141442, 0.00147010292858, 5.80572623221e-06, 3.20710791257e-09, 9.50469702943e-10],
        "max": [6.91940402985, 41.5030899048, 69.3415908813, 175.794586182, 184.610275269, 125.616981506, 101.471305847, 195.741485596, 512.891723633, 888.252197266, 696.770812988, 1191.59973145, 652.633300781, 950.613098145, 1193.88317871, 993.73425293, 1016.19250488, 679.917541504, 490.464599609, 407.499359131, 665.058898926, 772.418823242, 549.448974609, 292.596099854, 122.043678284, 91.7506790161, 103.941925049, 117.40612793, 124.092735291, 143.574691772, 82.7628555298, 50.393913269, 36.9122543335, 19.7456054688, 9.57892036438, 3.26842856407, 0.316555917263, 0.0174510907382, 0.000595145334955, 0.000228672433877],
        "mean": [0.802654862404, 4.77378511429, 5.80433988571, 12.1873655319, 11.7851438522, 8.09679603577, 8.00839519501, 8.44054985046, 16.1197452545, 51.0310134888, 46.9911117554, 37.9133148193, 45.1404838562, 55.2799987793, 39.0343704224, 28.5746593475, 35.8694152832, 38.004940033, 27.2198581696, 25.2961330414, 41.3957023621, 34.2036972046, 35.3065681458, 19.2673778534, 11.8972291946, 9.00282287598, 4.87165927887, 4.19247770309, 4.11860370636, 3.71552395821, 2.64643311501, 1.4363399744, 0.536936998367, 0.278519332409, 0.16080442071, 0.0799911767244, 0.00791233871132, 0.000418615760282, 3.86804531445e-05, 5.99657978455e-05],
        "median": [0.160911232233, 1.24729585648, 2.8451564312, 5.17778158188, 5.15455007553, 3.90848731995, 4.05865621567, 4.18888902664, 8.92251777649, 26.377117157, 19.942773819, 17.4790668488, 25.2462692261, 28.1494121552, 20.0726566315, 15.924659729, 18.2865066528, 19.2679405212, 14.6298828125, 12.9225511551, 23.0532360077, 17.0512142181, 18.6726760864, 12.2839584351, 7.80443239212, 5.5808839798, 2.53833556175, 1.70890438557, 1.65592336655, 1.05700647831, 0.884618163109, 0.343226969242, 0.0789374783635, 0.0439582951367, 0.0315030701458, 0.0152472946793, 0.00141005648766, 6.10561983194e-05, 2.55730465142e-05, 4.27978302469e-05],
        "min": [0.00169992295559, 0.0128334509209, 0.00794129446149, 0.0160302314907, 0.0364343188703, 0.110169969499, 0.0861976072192, 0.169706091285, 0.166921406984, 0.534610450268, 0.847208499908, 0.841083586216, 0.761338293552, 1.27789020538, 0.677603602409, 0.877671062946, 0.914804697037, 1.02431499958, 0.510890364647, 0.713441133499, 0.603192090988, 0.452710449696, 0.457869648933, 0.373123317957, 0.202669546008, 0.100127719343, 0.0667629092932, 0.0321472622454, 0.0217701606452, 0.0157123841345, 0.00638126023114, 0.00196485244669, 0.000379704491934, 5.31414443685e-05, 2.52621284744e-05, 1.49293546201e-05, 6.52999824524e-06, 1.11726387786e-06, 2.49871891356e-06, 5.10749259774e-06],
        "var": [2.02205944061, 64.6910629272, 63.9097862244, 426.468048096, 415.304870605, 152.901885986, 142.901626587, 220.755172729, 1001.31884766, 6633.3125, 6190.35205078, 8634.296875, 4355.140625, 6675.64941406, 6129.60791016, 2561.51318359, 4258.40332031, 3256.38623047, 1778.12158203, 1514.34545898, 3412.8125, 3033.63745117, 2676.04418945, 500.493103027, 167.712524414, 112.130149841, 44.897441864, 51.3018951416, 52.9994430542, 66.0059051514, 29.9782600403, 15.6699352264, 4.81562805176, 1.247158885, 0.240274593234, 0.0525228641927, 0.00058857514523, 1.82678309102e-06, 1.99204830409e-09, 2.17638285172e-09]
    },
    "gfcc": {
        "mean": [8.63914680481, 132.004623413, -138.520645142, 39.991481781, -48.0816764832, 17.607542038, -22.657169342, 14.4779729843, -11.0354175568, -4.23212003708, -11.2841386795, -3.39318752289, -10.9796543121],
        "cov": [[1845.02636719, -822.074768066, 463.550842285, 212.42376709, -272.447235107, 257.578338623, -237.793777466, -14.093003273, -160.145370483, 97.1175079346, -231.622848511, 143.347564697, -114.42427063], [-822.074768066, 851.683532715, -275.523895264, -18.1477375031, 350.403686523, -244.41418457, 271.289825439, -40.4193611145, 129.964202881, -120.115516663, 163.903427124, -142.157974243, 67.6999206543], [463.550842285, -275.523895264, 695.847351074, 73.8276748657, -171.252410889, 275.025726318, -88.9759902954, 48.4789619446, -6.54542398453, 90.3056640625, -87.8432922363, 80.0754699707, -66.4417114258], [212.42376709, -18.1477375031, 73.8276748657, 247.0234375, 61.0332527161, 5.12507581711, 9.52700424194, -19.0001277924, 19.7024784088, -34.9724960327, 7.87071228027, -10.9587116241, 41.8521728516], [-272.447235107, 350.403686523, -171.252410889, 61.0332527161, 376.629516602, -122.359596252, 160.736679077, 28.3270187378, 41.0819664001, -32.3144950867, 53.3817481995, -59.535736084, 56.1067504883], [257.578338623, -244.41418457, 275.025726318, 5.12507581711, -122.359596252, 243.699447632, -36.9733161926, 19.8076171875, -14.9820575714, 48.5400314331, -34.824054718, 47.0788078308, -25.7145500183], [-237.793777466, 271.289825439, -88.9759902954, 9.52700424194, 160.736679077, -36.9733161926, 265.560119629, 11.2941026688, 68.4221115112, -13.0908689499, 62.3670845032, -17.0958747864, 31.163433075], [-14.093003273, -40.4193611145, 48.4789619446, -19.0001277924, 28.3270187378, 19.8076171875, 11.2941026688, 109.971412659, 26.3617477417, 26.020816803, 7.39671134949, 13.9020233154, 15.7278594971], [-160.145370483, 129.964202881, -6.54542398453, 19.7024784088, 41.0819664001, -14.9820575714, 68.4221115112, 26.3617477417, 134.935287476, 1.25284743309, 59.567943573, -12.6590900421, 19.2448444366], [97.1175079346, -120.115516663, 90.3056640625, -34.9724960327, -32.3144950867, 48.5400314331, -13.0908689499, 26.020816803, 1.25284743309, 107.87487793, -17.5813827515, 33.6000556946, -21.3825130463], [-231.622848511, 163.903427124, -87.8432922363, 7.87071228027, 53.3817481995, -34.824054718, 62.3670845032, 7.39671134949, 59.567943573, -17.5813827515, 130.541915894, -11.968085289, 40.4915275574], [143.347564697, -142.157974243, 80.0754699707, -10.9587116241, -59.535736084, 47.0788078308, -17.0958747864, 13.9020233154, -12.6590900421, 33.6000556946, -11.968085289, 108.08656311, -4.51850700378], [-114.42427063, 67.6999206543, -66.4417114258, 41.8521728516, 56.1067504883, -25.7145500183, 31.163433075, 15.7278594971, 19.2448444366, -21.3825130463, 40.4915275574, -4.51850700378, 101.405838013]],
        "icov": [[0.0013465648517, 0.00104337546509, -0.000278519466519, -0.00114700035192, -0.000174071552465, 0.000102982456156, -0.00018832355272, 0.000303102104226, 0.000402693782235, 1.30814496515e-05, 0.00063541426789, -0.000381853576982, 0.000902654603124], [0.00104337546509, 0.00915553793311, -0.00391467474401, 0.00407016184181, -0.00461574038491, 0.00606478890404, -0.00396779552102, 0.00564358802512, -0.00275664427318, 0.0054581980221, -0.00470180809498, 0.00485213426873, -0.000976269890089], [-0.000278519466519, -0.00391467474401, 0.00514678750187, -0.00351431057788, 0.00234614964575, -0.00564285414293, 0.00204741791822, -0.00364740472287, 0.000573846627958, -0.00336375599727, 0.00323498668149, -0.00284693134017, 0.00209255330265], [-0.00114700035192, 0.00407016184181, -0.00351431057788, 0.0096821282059, -0.00390876503661, 0.00368438288569, -0.00147812149953, 0.00507253454998, -0.0031507157255, 0.00499305361882, -0.00330433645286, 0.00334346666932, -0.0044264853932], [-0.000174071552465, -0.00461574038491, 0.00234614964575, -0.00390876503661, 0.0075418734923, -0.00149768032134, -0.000585464877076, -0.00489104399458, 0.0024623835925, -0.00343942386098, 0.00265973922797, -0.000974062946625, 0.000123448320664], [0.000102982456156, 0.00606478890404, -0.00564285414293, 0.00368438288569, -0.00149768032134, 0.0126458453014, -0.00378603767604, 0.00351239670999, -0.00108893436845, 0.00305207143538, -0.00405344227329, 0.00340681918897, -0.0018758836668], [-0.00018832355272, -0.00396779552102, 0.00204741791822, -0.00147812149953, -0.000585464877076, -0.00378603767604, 0.00782692898065, -0.00164657726418, -0.000926178705413, -0.00224876659922, 0.00133817864116, -0.00309397606179, 0.000631299684756], [0.000303102104226, 0.00564358802512, -0.00364740472287, 0.00507253454998, -0.00489104399458, 0.00351239670999, -0.00164657726418, 0.0155334267765, -0.00432111695409, 0.00187131518032, -0.00287526333705, 0.00219162274152, -0.00375500670634], [0.000402693782235, -0.00275664427318, 0.000573846627958, -0.0031507157255, 0.0024623835925, -0.00108893436845, -0.000926178705413, -0.00432111695409, 0.0122838383541, -0.00288046593778, -0.00228399340995, -0.000531408120878, 0.0012371110497], [1.30814496515e-05, 0.0054581980221, -0.00336375599727, 0.00499305361882, -0.00343942386098, 0.00305207143538, -0.00224876659922, 0.00187131518032, -0.00288046593778, 0.0160536952317, -0.00273780873977, 0.000718494527973, 0.000240869063418], [0.00063541426789, -0.00470180809498, 0.00323498668149, -0.00330433645286, 0.00265973922797, -0.00405344227329, 0.00133817864116, -0.00287526333705, -0.00228399340995, -0.00273780873977, 0.01522218436, -0.00374045711942, -0.00151419895701], [-0.000381853576982, 0.00485213426873, -0.00284693134017, 0.00334346666932, -0.000974062946625, 0.00340681918897, -0.00309397606179, 0.00219162274152, -0.000531408120878, 0.000718494527973, -0.00374045711942, 0.0149925984442, -0.00248774583451], [0.000902654603124, -0.000976269890089, 0.00209255330265, -0.0044264853932, 0.000123448320664, -0.0018758836668, 0.000631299684756, -0.00375500670634, 0.0012371110497, 0.000240869063418, -0.00151419895701, -0.00248774583451, 0.0148838032037]]
    },
    "melbands": {
        "dmean": [0.00374628440477, 0.00237120897509, 0.00185693381354, 0.000602753832936, 0.000208988509257, 0.00012831010099, 0.000168006212334, 0.00035874923924, 0.000195680200704, 0.000138379546115, 0.000130655433168, 0.000155077737872, 7.85743250162e-05, 6.42456507194e-05, 5.31132573087e-05, 5.01299400639e-05, 4.8803165555e-05, 3.28491660184e-05, 2.26564588957e-05, 2.06075583264e-05, 3.12807242153e-05, 2.03708932531e-05, 2.10945163417e-05, 1.67819052876e-05, 8.24251310405e-06, 6.01135843681e-06, 3.63048957297e-06, 3.50317236553e-06, 1.99484384211e-06, 1.50292294165e-06, 1.72237639617e-06, 1.5207318711e-06, 1.70989540038e-06, 1.23332154089e-06, 1.07883897726e-06, 9.34956744914e-07, 5.49788751414e-07, 2.95940736805e-07, 1.92288112544e-07, 1.96400890218e-07],
        "dmean2": [0.00483795441687, 0.00323153845966, 0.00318495719694, 0.00103906728327, 0.000347932131262, 0.000209471239941, 0.000263796391664, 0.000559769920073, 0.000290991389193, 0.000214556755964, 0.00019843535847, 0.000239974950091, 0.00012191478163, 0.00010105939873, 8.60019572428e-05, 7.97451430117e-05, 7.81221824582e-05, 5.26492694917e-05, 3.54607327608e-05, 3.26423651131e-05, 4.91771206725e-05, 3.11351723212e-05, 3.26330955431e-05, 2.73663281405e-05, 1.30760909087e-05, 9.96940252662e-06, 5.80398045713e-06, 5.55802125746e-06, 3.21992479257e-06, 2.46853278441e-06, 2.82036126009e-06, 2.37026188188e-06, 2.63832134806e-06, 1.91783419723e-06, 1.72260911313e-06, 1.45655235428e-06, 8.83882364633e-07, 4.67367613055e-07, 3.05116969912e-07, 3.18838999647e-07],
        "dvar": [3.95796341763e-05, 1.22975279737e-05, 1.35134469019e-05, 1.33021933379e-06, 1.34979885047e-07, 7.53014575139e-08, 1.105759182e-07, 4.54758691149e-07, 1.30587523017e-07, 1.01388422991e-07, 5.33024824279e-08, 7.67217613884e-08, 3.43121833168e-08, 2.74153268975e-08, 1.6033967043e-08, 1.27528334559e-08, 9.8552561667e-09, 4.71321071061e-09, 3.09106940044e-09, 1.13710318939e-09, 3.38709194025e-09, 1.86589121931e-09, 1.60740531996e-09, 1.09613151889e-09, 1.77248882238e-10, 1.08267818322e-10, 4.01736768851e-11, 2.93610379065e-11, 1.73938311671e-11, 1.60909792435e-11, 1.61051380565e-11, 1.20182613861e-11, 1.68882182544e-11, 1.37711361411e-11, 6.59131039679e-12, 5.55424282955e-12, 3.50841035911e-12, 1.22820417031e-12, 5.61569562553e-13, 7.19339952188e-13],
        "dvar2": [5.94679186179e-05, 2.2419328161e-05, 3.48215107806e-05, 3.57553312824e-06, 3.51877389448e-07, 1.98559561682e-07, 2.2572328362e-07, 1.07635673885e-06, 2.70857668738e-07, 1.82735206522e-07, 1.14801636641e-07, 1.82720256703e-07, 6.60798278318e-08, 6.32960706071e-08, 3.93569692392e-08, 2.38393482732e-08, 2.53665604077e-08, 1.18525775861e-08, 7.85464315811e-09, 2.67890021277e-09, 7.48485540214e-09, 3.99236466109e-09, 3.54861118268e-09, 2.70133937441e-09, 4.54727450139e-10, 3.21608684128e-10, 9.75483999133e-11, 7.21217113808e-11, 4.43098682745e-11, 4.5299104745e-11, 4.35228381113e-11, 2.83494304421e-11, 3.78369210963e-11, 3.30084466704e-11, 1.52439033618e-11, 1.24327726933e-11, 8.40250004991e-12, 2.28869896125e-12, 1.14925972385e-12, 1.75509227377e-12],
        "max": [0.0591634735465, 0.0337422862649, 0.0312727354467, 0.00955518241972, 0.00314997509122, 0.0038718439173, 0.00786237418652, 0.0097771352157, 0.00474788807333, 0.00654934998602, 0.00368527509272, 0.00374331604689, 0.00326679134741, 0.00306753441691, 0.00246314541437, 0.00264563993551, 0.00133977399673, 0.000889136164915, 0.000869305571541, 0.000443072756752, 0.000921084196307, 0.00107515603304, 0.000602098996751, 0.000577533850446, 0.000204790296266, 0.000162430966157, 7.08703955752e-05, 6.11163850408e-05, 6.31535294815e-05, 8.24310773169e-05, 5.97213656874e-05, 6.97001596563e-05, 8.1991951447e-05, 7.65744844102e-05, 4.21210934292e-05, 4.94013402204e-05, 3.73455477529e-05, 2.88464325422e-05, 1.28688807308e-05, 1.96443561435e-05],
        "mean": [0.00691717304289, 0.00420997524634, 0.00212423526682, 0.000675574934576, 0.000301449879771, 0.000178682355909, 0.000276004138868, 0.000617582874838, 0.000340141501511, 0.000237731394009, 0.000231457379414, 0.000238431210164, 0.000131378867081, 9.47052249103e-05, 7.10717722541e-05, 7.70554106566e-05, 6.9804074883e-05, 4.54556320619e-05, 3.1823561585e-05, 3.44183608831e-05, 4.94122978125e-05, 3.3910269849e-05, 3.56334858225e-05, 2.70267701126e-05, 1.43265342558e-05, 1.0567573554e-05, 6.59306306261e-06, 5.74700015932e-06, 3.35325512424e-06, 2.27989289669e-06, 2.45081218964e-06, 2.18959416998e-06, 2.60982869804e-06, 1.7969413193e-06, 1.54539168307e-06, 1.27046439502e-06, 7.34411855774e-07, 3.96128029934e-07, 2.49309124456e-07, 2.30604058515e-07],
        "median": [0.00156199547928, 0.00175076629966, 0.000968083855696, 0.00034294865327, 0.000153423563461, 9.24514824874e-05, 0.000152582200826, 0.000311663054163, 0.000150107807713, 0.000111410001409, 0.00012505655468, 0.000111048560939, 6.10723218415e-05, 4.63170290459e-05, 3.72771937691e-05, 3.74615265173e-05, 3.43716164934e-05, 2.30087516684e-05, 1.42630497066e-05, 1.93041305465e-05, 2.51988913078e-05, 1.57525591931e-05, 1.69242593984e-05, 1.42444650919e-05, 8.5507199401e-06, 6.46581565888e-06, 4.01334818889e-06, 3.24735378854e-06, 1.7031356947e-06, 8.4339814066e-07, 9.02245574252e-07, 8.40948814584e-07, 7.81024652952e-07, 4.88793716613e-07, 5.0424375786e-07, 3.54878409325e-07, 1.4179576624e-07, 4.63603875289e-08, 2.77986984543e-08, 3.41145209859e-08],
        "min": [1.40814463521e-05, 9.06310469873e-06, 4.69252790936e-06, 2.35238508139e-06, 5.6963112911e-06, 2.71939848062e-06, 1.02730223261e-06, 4.17367073169e-06, 3.84836994272e-06, 3.23331573782e-06, 3.42546286447e-06, 4.01768329539e-06, 1.06384140963e-06, 1.15371142329e-06, 1.4721269963e-06, 2.66428764917e-06, 9.41722532843e-07, 5.31099203727e-07, 3.67247395161e-07, 8.12171606412e-07, 5.21139895682e-07, 3.30870051357e-07, 2.93691357456e-07, 3.67128052403e-07, 2.14902271978e-07, 8.78489245792e-08, 1.16623013469e-07, 2.52745007145e-08, 3.81309135378e-08, 1.69257621252e-08, 1.22490497745e-08, 4.17517664886e-09, 9.15656617195e-09, 4.64583171933e-09, 1.85174453549e-09, 4.11523037869e-10, 1.47805212514e-10, 3.28778605903e-12, 7.61443750934e-13, 1.61938713307e-13],
