{
"highlevel": {
    "danceability": {
        "all": {
            "danceable": 0.992797076702,
            "not_danceable": 0.0072029386647
        },
        "probability": 0.992797076702,
        "value": "danceable"
    },
    "gender": {
        "all": {
            "female": 0.687768220901,
            "male": 0.312231808901
        },
        "probability": 0.687768220901,
        "value": "female"
    },
    "genre_dortmund": {
        "all": {
            "alternative": 0.00165447511245,
            "blues": 0.0212944336236,
            "electronic": 0.346606731415,
            "folkcountry": 0.0102959023789,
            "funksoulrnb": 0.00401753000915,
            "jazz": 0.0577759519219,
            "pop": 0.00595039734617,
            "raphiphop": 0.54909580946,
            "rock": 0.00330880424008
        },
        "probability": 0.54909580946,
        "value": "raphiphop"
    },
    "genre_electronic": {
        "all": {
            "ambient": 0.0590769574046,
            "dnb": 0.0161400549114,
            "house": 0.871560275555,
            "techno": 0.0486893132329,
            "trance": 0.00453341240063
        },
        "probability": 0.871560275555,
        "value": "house"
    },
    "genre_rosamerica": {
        "all": {
            "cla": 0.00178173324093,
            "dan": 0.00958214979619,
            "hip": 0.314673662186,
            "jaz": 0.00292392913252,
            "pop": 0.00932535529137,
            "rhy": 0.657673120499,
            "roc": 0.000536097970325,
            "spe": 0.0035039326176
        },
        "probability": 0.657673120499,
        "value": "rhy"
    },
    "genre_tzanetakis": {
        "all": {
            "blu": 0.00292654242367,
            "cla": 0.000939097604714,
            "cou": 0.00130738434382,
            "dis": 0.0223389267921,
            "hip": 0.879533529282,
            "jaz": 0.00170676596463,
            "met": 0.00193281413522,
            "pop": 0.0130238840356,
            "reg": 0.067129701376,
            "roc": 0.00916136614978
        },
        "probability": 0.879533529282,
        "value": "hip"
    },
    "ismir04_rhythm": {
        "all": {
            "ChaChaCha": 0.0352562479675,
            "Jive": 0.0168127734214,
            "Quickstep": 0.0414194613695,
            "Rumba-American": 0.00675347354263,
            "Rumba-International": 0.818270146847,
            "Rumba-Misc": 0.0174658093601,
            "Samba": 0.0502626039088,
            "Tango": 0.00625267159194,
            "VienneseWaltz": 0.00167052075267,
            "Waltz": 0.00583631778136
        },
        "probability": 0.818270146847,
        "value": "Rumba-International"
    },
    "mood_acoustic": {
        "all": {
            "acoustic": 0.013677935116,
            "not_acoustic": 0.986322045326
        },
        "probability": 0.986322045326,
        "value": "not_acoustic"
    },
    "mood_aggressive": {
        "all": {
            "aggressive": 0.0121010644361,
            "not_aggressive": 0.987898945808
        },
        "probability": 0.987898945808,
        "value": "not_aggressive"
    },
    "mood_electronic": {
        "all": {
            "electronic": 0.936027407646,
            "not_electronic": 0.0639725923538
        },
        "probability": 0.936027407646,
        "value": "electronic"
    },
    "mood_happy": {
        "all": {
            "happy": 0.124138869345,
            "not_happy": 0.875861108303
        },
        "probability": 0.875861108303,
        "value": "not_happy"
    },
    "mood_party": {
        "all": {
            "not_party": 0.356616199017,
            "party": 0.643383800983
        },
        "probability": 0.643383800983,
        "value": "party"
    },
    "mood_relaxed": {
        "all": {
            "not_relaxed": 0.0489441603422,
            "relaxed": 0.951055824757
        },
        "probability": 0.951055824757,
        "value": "relaxed"
    },
    "mood_sad": {
        "all": {
            "not_sad": 0.573437988758,
            "sad": 0.426562011242
        },
        "probability": 0.573437988758,
        "value": "not_sad"
    },
    "moods_mirex": {
        "all": {
            "Cluster1": 0.237557604909,
            "Cluster2": 0.116023369133,
            "Cluster3": 0.499479800463,
            "Cluster4": 0.102752387524,
            "Cluster5": 0.0441868379712
        },
        "probability": 0.499479800463,
        "value": "Cluster3"
    },
    "timbre": {
        "all": {
            "bright": 0.194578424096,
            "dark": 0.805421590805
        },
        "probability": 0.805421590805,
        "value": "dark"
    },
    "tonal_atonal": {
        "all": {
            "atonal": 0.685686349869,
            "tonal": 0.314313650131
        },
        "probability": 0.685686349869,
        "value": "atonal"
    },
    "voice_instrumental": {
        "all": {
            "instrumental": 0.203739002347,
            "voice": 0.796261012554
        },
        "probability": 0.796261012554,
        "value": "voice"
    }
},
"lowlevel": {
    "average_loudness": 0.91582274437,
    "barkbands_crest": {
        "dmean": 2.65827465057,
        "dmean2": 4.2844953537,
        "dvar": 7.97756004333,
        "dvar2": 19.9133358002,
        "max": 25.8225021362,
        "mean": 17.4682426453,
        "median": 18.419462204,
        "min": 3.65414476395,
        "var": 23.5993442535
    },
    "barkbands_flatness_db": {
        "dmean": 0.0437703095376,
        "dmean2": 0.0635902807117,
        "dvar": 0.00233852001838,
        "dvar2": 0.00473952293396,
        "max": 0.686169564724,
        "mean": 0.323582172394,
        "median": 0.314883112907,
        "min": 0.0756396278739,
        "var": 0.0131487762555
    },
    "barkbands_kurtosis": {
        "dmean": 49.1919822693,
        "dmean2": 78.7780685425,
        "dvar": 11186.6240234,
        "dvar2": 29144.25,
        "max": 1151.12036133,
        "mean": 80.7571640015,
        "median": 32.6666793823,
        "min": -1.82379186153,
        "var": 21430.9804688
    },
    "barkbands_skewness": {
        "dmean": 2.00474667549,
        "dmean2": 3.09032893181,
        "dvar": 7.49505138397,
        "dvar2": 18.2577342987,
        "max": 27.4750537872,
        "mean": 5.30976581573,
        "median": 4.26353788376,
        "min": -1.61550986767,
        "var": 21.1755428314
    },
    "barkbands_spread": {
        "dmean": 5.67200040817,
        "dmean2": 8.3748998642,
        "dvar": 111.901725769,
        "dvar2": 217.400314331,
        "max": 105.232131958,
        "mean": 10.5501852036,
        "median": 3.4691324234,
        "min": 0.10910012573,
        "var": 257.420257568
    },
    "dissonance": {
        "dmean": 0.0290100928396,
        "dmean2": 0.0500443130732,
        "dvar": 0.0012754217023,
        "dvar2": 0.00368766253814,
        "max": 0.499759316444,
        "mean": 0.451273173094,
        "median": 0.464784741402,
        "min": 0.253311812878,
        "var": 0.00192036188673
    },
    "dynamic_complexity": 7.36494874954,
    "erbbands_crest": {
        "dmean": 2.91250777245,
        "dmean2": 4.72579288483,
        "dvar": 8.62397098541,
        "dvar2": 19.8731899261,
        "max": 33.7446784973,
        "mean": 12.2132692337,
        "median": 11.1519794464,
        "min": 3.08745956421,
        "var": 33.6305046082
    },
    "erbbands_flatness_db": {
        "dmean": 0.0279875900596,
        "dmean2": 0.042784743011,
        "dvar": 0.000987533596344,
        "dvar2": 0.00218639825471,
        "max": 0.453700989485,
        "mean": 0.207796737552,
        "median": 0.193811237812,
        "min": 0.0776345729828,
        "var": 0.00467115594074
    },
    "erbbands_kurtosis": {
        "dmean": 4.26742744446,
        "dmean2": 6.98901748657,
        "dvar": 69.2108764648,
        "dvar2": 164.845062256,
        "max": 81.5019302368,
        "mean": 4.6771979332,
        "median": 1.18447589874,
        "min": -1.87539350986,
        "var": 97.4437408447
    },
    "erbbands_skewness": {
        "dmean": 0.807167470455,
        "dmean2": 1.21274006367,
        "dvar": 0.869795203209,
        "dvar2": 1.81845414639,
        "max": 7.15383815765,
        "mean": 1.0125361681,
        "median": 0.902753531933,
        "min": -4.99668693542,
        "var": 2.91230416298
    },
    "erbbands_spread": {
        "dmean": 16.8940429688,
        "dmean2": 27.194770813,
        "dvar": 440.121612549,
        "dvar2": 1039.35925293,
        "max": 172.307067871,
        "mean": 45.7662696838,
        "median": 37.9969100952,
        "min": 1.45473992825,
        "var": 1249.18395996
    },
    "hfc": {
        "dmean": 5.51123189926,
        "dmean2": 8.03572559357,
        "dvar": 184.032669067,
        "dvar2": 403.417572021,
        "max": 113.340194702,
        "mean": 6.7112569809,
        "median": 1.42654979229,
        "min": 0.0259123034775,
        "var": 238.717224121
    },
    "melbands_crest": {
        "dmean": 2.95424771309,
        "dmean2": 4.72528409958,
        "dvar": 9.1867389679,
        "dvar2": 23.3512363434,
        "max": 36.7561225891,
        "mean": 22.8471221924,
        "median": 22.6300621033,
        "min": 6.50545835495,
        "var": 43.2695808411
    },
    "melbands_flatness_db": {
        "dmean": 0.0534455031157,
        "dmean2": 0.0744947418571,
        "dvar": 0.00319831189699,
        "dvar2": 0.0060279215686,
        "max": 0.852460443974,
        "mean": 0.409732252359,
        "median": 0.40923511982,
        "min": 0.0572107061744,
        "var": 0.0207181293517
    },
    "melbands_kurtosis": {
        "dmean": 70.5941085815,
        "dmean2": 112.356872559,
        "dvar": 16863.828125,
        "dvar2": 38694.8242188,
        "max": 2199.98950195,
        "mean": 135.300384521,
        "median": 49.6355628967,
        "min": -1.73153090477,
        "var": 54280.2460938
    },
    "melbands_skewness": {
        "dmean": 2.15294122696,
        "dmean2": 3.35034203529,
        "dvar": 6.98660039902,
        "dvar2": 16.6917381287,
        "max": 34.2842407227,
        "mean": 6.37575006485,
        "median": 4.908203125,
        "min": -0.897859692574,
        "var": 25.8376502991
    },
    "melbands_spread": {
        "dmean": 5.23322868347,
        "dmean2": 7.6504611969,
        "dvar": 136.754547119,
        "dvar2": 307.572845459,
        "max": 184.148986816,
        "mean": 9.3022108078,
        "median": 2.16788625717,
        "min": 0.122046649456,
        "var": 245.935562134
    },
    "pitch_salience": {
        "dmean": 0.0786831006408,
        "dmean2": 0.124130837619,
        "dvar": 0.0067198225297,
        "dvar2": 0.0166586581618,
        "max": 0.792586743832,
        "mean": 0.365248501301,
        "median": 0.367757380009,
        "min": 0.0313261300325,
        "var": 0.0176109783351
    },
    "silence_rate_20dB": {
        "dmean": 0.0433436520398,
        "dmean2": 0.0867544561625,
        "dvar": 0.0414640642703,
        "dvar2": 0.088521271944,
        "max": 1,
        "mean": 0.955143094063,
        "median": 1,
        "min": 0,
        "var": 0.042843926698
    },
    "silence_rate_30dB": {
        "dmean": 0.0417956672609,
        "dmean2": 0.0836560800672,
        "dvar": 0.0400489903986,
        "dvar2": 0.0766571685672,
        "max": 1,
        "mean": 0.912606358528,
        "median": 1,
        "min": 0,
        "var": 0.0797554627061
    },
    "silence_rate_60dB": {
        "dmean": 0.0704334378242,
        "dmean2": 0.14020138979,
        "dvar": 0.0654718056321,
        "dvar2": 0.136035561562,
        "max": 1,
        "mean": 0.315545231104,
        "median": 0,
        "min": 0,
        "var": 0.215974569321
    },
    "spectral_centroid": {
        "dmean": 314.779663086,
        "dmean2": 469.763946533,
        "dvar": 260832.34375,
        "dvar2": 513519.78125,
        "max": 5080.28857422,
        "mean": 826.391601562,
        "median": 502.330200195,
        "min": 95.2979507446,
        "var": 747124.9375
    },
    "spectral_complexity": {
        "dmean": 2.02012372017,
        "dmean2": 2.87219214439,
        "dvar": 34.5521965027,
        "dvar2": 46.2819137573,
        "max": 62,
        "mean": 4.84300088882,
        "median": 3,
        "min": 0,
        "var": 73.8570861816
    },
    "spectral_decrease": {
        "dmean": 1.00636619038e-08,
        "dmean2": 1.62478954735e-08,
        "dvar": 1.12303132746e-15,
        "dvar2": 2.90746642596e-15,
        "max": -2.26804495324e-11,
        "mean": -1.10112212681e-08,
        "median": -1.77431402903e-09,
        "min": -2.69955677368e-07,
        "var": 1.09564283475e-15
    },
    "spectral_energy": {
        "dmean": 0.0384069383144,
        "dmean2": 0.0618511997163,
        "dvar": 0.0162407830358,
        "dvar2": 0.0420492291451,
        "max": 1.0256370306,
        "mean": 0.0421676002443,
        "median": 0.00701167806983,
        "min": 9.41500402405e-05,
        "var": 0.0158531814814
    },
    "spectral_energyband_high": {
        "dmean": 0.000265970651526,
        "dmean2": 0.000375419855118,
        "dvar": 1.07560606466e-06,
        "dvar2": 2.02286014428e-06,
        "max": 0.0132780950516,
        "mean": 0.00026739720488,
        "median": 7.16866952644e-06,
        "min": 2.89688557586e-08,
        "var": 1.42803901326e-06
    },
    "spectral_energyband_low": {
        "dmean": 0.0351451560855,
        "dmean2": 0.0572749711573,
        "dvar": 0.0150010464713,
        "dvar2": 0.0386607460678,
        "max": 1.01049542427,
        "mean": 0.0380410328507,
        "median": 0.00442180642858,
        "min": 3.90692075598e-05,
        "var": 0.0147468186915
    },
    "spectral_energyband_middle_high": {
        "dmean": 0.000650991569273,
        "dmean2": 0.000865124224219,
        "dvar": 4.7383527999e-06,
        "dvar2": 8.48027229949e-06,
        "max": 0.0418874248862,
        "mean": 0.00108195375651,
        "median": 3.25716355292e-05,
        "min": 1.99428811243e-07,
        "var": 1.11767349154e-05
    },
    "spectral_energyband_middle_low": {
        "dmean": 0.00651504378766,
        "dmean2": 0.0118018323556,
        "dvar": 0.000535517174285,
        "dvar2": 0.0015141859185,
        "max": 0.170058056712,
        "mean": 0.00486752996221,
        "median": 0.000586417794693,
        "min": 4.55523968412e-06,
        "var": 0.000328535912558
    },
    "spectral_entropy": {
        "dmean": 0.36496078968,
        "dmean2": 0.536117553711,
        "dvar": 0.17928108573,
        "dvar2": 0.368644982576,
        "max": 8.55425548553,
        "mean": 6.85656070709,
        "median": 6.92221212387,
        "min": 4.01887130737,
        "var": 0.849096655846
    },
    "spectral_flux": {
        "dmean": 0.0461410656571,
        "dmean2": 0.0724772885442,
        "dvar": 0.0109537020326,
        "dvar2": 0.0235916431993,
        "max": 0.880248606205,
        "mean": 0.0764620900154,
        "median": 0.0228143613786,
        "min": 0.0019714133814,
        "var": 0.0194745026529
    },
    "spectral_kurtosis": {
        "dmean": 6.64929246902,
        "dmean2": 10.6843700409,
        "dvar": 230.480865479,
        "dvar2": 581.498657227,
        "max": 280.000762939,
        "mean": 9.16827964783,
        "median": 3.24676275253,
        "min": -1.04922199249,
        "var": 314.195526123
    },
    "spectral_rms": {
        "dmean": 0.0015842076391,
        "dmean2": 0.00230766250752,
        "dvar": 1.36593280331e-05,
        "dvar2": 3.04686436721e-05,
        "max": 0.0316326022148,
        "mean": 0.00416381331161,
        "median": 0.00261546578258,
        "min": 0.000303073757095,
        "var": 2.38017564698e-05
    },
    "spectral_rolloff": {
        "dmean": 352.380340576,
        "dmean2": 610.872009277,
        "dvar": 1034284.1875,
        "dvar2": 2248537.5,
        "max": 7859.61914062,
        "mean": 595.05267334,
        "median": 129.19921875,
        "min": 64.599609375,
        "var": 1379365.375
    },
    "spectral_skewness": {
        "dmean": 0.640481233597,
        "dmean2": 0.949465453625,
        "dvar": 0.749040424824,
        "dvar2": 1.71078109741,
        "max": 14.1029758453,
        "mean": 1.88494765759,
        "median": 1.5706756115,
        "min": -0.28436845541,
        "var": 2.30290007591
    },
    "spectral_spread": {
        "dmean": 896083.4375,
        "dmean2": 1367446.875,
        "dvar": 903833583616,
        "dvar2": 2.1428741079e+12,
        "max": 9989149,
        "mean": 4250537.5,
        "median": 4169381.5,
        "min": 501177.6875,
        "var": 3.31089549722e+12
    },
    "spectral_strongpeak": {
        "dmean": 0.215698719025,
        "dmean2": 0.316346228123,
        "dvar": 0.228836417198,
        "dvar2": 0.41645309329,
        "max": 7.41664791107,
        "mean": 0.412377387285,
        "median": 0.17394682765,
        "min": 0,
        "var": 0.565052270889
    },
    "zerocrossingrate": {
        "dmean": 0.00915111601353,
        "dmean2": 0.0100466422737,
        "dvar": 0.000184620803338,
        "dvar2": 0.00020421409863,
        "max": 0.2109375,
        "mean": 0.0243778098375,
        "median": 0.0126953125,
        "min": 0.001953125,
        "var": 0.000831961457152
    },
    "barkbands": {
        "dmean": [0.00146917218808, 0.02598243393, 0.0067118788138, 0.00458523491398, 0.00164476234931, 0.000202088558581, 9.42938131629e-05, 6.46953121759e-05, 8.78608261701e-05, 0.000226417556405, 0.000121283570479, 7.72921994212e-05, 4.05309947382e-05, 5.03885348735e-05, 5.68674659007e-05, 4.3054784328e-05, 3.64714578609e-05, 5.00091919093e-05, 6.15315511823e-05, 6.97881987435e-05, 0.000114647351438, 7.21364704077e-05, 2.6411460567e-05, 1.26391405502e-05, 1.68263136402e-06, 2.16287318722e-07, 2.55528109783e-09],
        "dmean2": [0.00264997640625, 0.0435312278569, 0.0109737757593, 0.00857754889876, 0.00290103140287, 0.000313155906042, 0.000125063408632, 0.000118008552818, 0.00014535120863, 0.000309467781335, 0.000185406708624, 0.000125145277707, 6.31300354144e-05, 7.22742770449e-05, 7.20457101124e-05, 6.18607082288e-05, 5.22308910149e-05, 6.78300275467e-05, 8.61118824105e-05, 9.49770328589e-05, 0.000169733189978, 9.98724644887e-05, 3.7942740164e-05, 2.00954855245e-05, 2.49904474003e-06, 3.16271894008e-07, 4.45910197655e-09],
        "dvar": [2.94059864245e-05, 0.00816503167152, 0.000722598691937, 0.000409871339798, 5.35891958862e-05, 3.85469860475e-07, 1.1458031679e-07, 1.19434332646e-07, 1.81328346116e-07, 1.33558194193e-06, 3.17944540029e-07, 8.948497765e-08, 2.24279528283e-08, 3.51382247743e-08, 5.72288740841e-08, 3.08557410733e-08, 2.01098941943e-08, 4.81523656504e-08, 7.16117440902e-08, 8.36336297994e-08, 2.66407568006e-07, 7.77553950115e-08, 5.65208324588e-09, 9.81133951861e-10, 3.1525448918e-11, 1.45943868969e-12, 2.20125598843e-16],
        "dvar2": [8.53512174217e-05, 0.0211915224791, 0.00192018679809, 0.00117712875362, 0.000149116080138, 8.41624967052e-07, 1.29037530883e-07, 3.53493305738e-07, 4.69535592629e-07, 2.45834667112e-06, 7.29551516088e-07, 2.33928815874e-07, 5.52758550043e-08, 6.67037554081e-08, 7.72432571239e-08, 6.55470273614e-08, 3.87816037062e-08, 8.77793908671e-08, 1.37640356002e-07, 1.55991614292e-07, 5.91158368479e-07, 1.34271061825e-07, 1.03170298971e-08, 2.12117234888e-09, 6.04886904454e-11, 2.83163900314e-12, 3.42362935165e-16],
        "max": [0.0483488254249, 0.824931383133, 0.250964462757, 0.157116383314, 0.0770762786269, 0.0134487506002, 0.00893903058022, 0.0038414914161, 0.00744996126741, 0.0275103691965, 0.013837360777, 0.00348750525154, 0.00172144931275, 0.0032006171532, 0.0049733472988, 0.00210163206793, 0.00150968472008, 0.00272142002359, 0.00332056730986, 0.00377903110348, 0.00595028046519, 0.00358845479786, 0.00122366542928, 0.000466386030894, 0.000108328800707, 2.37347212533e-05, 4.60674698388e-07],
        "mean": [0.00128441955894, 0.0283669028431, 0.00631011463702, 0.00292612332851, 0.00124521926045, 0.000345470092725, 0.000163395918207, 5.52142992092e-05, 0.000113841342682, 0.000387516396586, 0.000198131834622, 7.81130365795e-05, 4.34993635281e-05, 6.79656805005e-05, 9.43952836678e-05, 4.42593081971e-05, 3.88182561437e-05, 5.14568455401e-05, 5.91099960729e-05, 7.05540296622e-05, 0.000101438781712, 7.70038604969e-05, 2.90537955152e-05, 1.35248810693e-05, 1.88620640529e-06, 2.11163978747e-07, 1.9666992479e-09],
        "median": [9.67902888078e-05, 0.00300566316582, 0.000470979663078, 0.000156859663548, 5.49344913452e-05, 7.04444173607e-05, 1.27066014102e-05, 2.19255321099e-06, 2.69350084636e-06, 6.83473899699e-06, 1.3632700302e-06, 2.41014959101e-06, 1.65796006968e-06, 1.08383835595e-06, 1.45458625411e-06, 9.1983878292e-07, 9.79087076303e-07, 8.94572906418e-07, 1.20682489069e-06, 1.27212717871e-06, 1.44223952248e-06, 1.69056215782e-06, 1.67849475474e-06, 6.97506720826e-07, 1.06413601486e-07, 6.54772680519e-09, 1.56466228862e-10],
        "min": [8.19497287807e-08, 1.07413998194e-05, 4.2854949811e-08, 3.48514532789e-08, 7.4723509158e-08, 2.8385985118e-08, 9.15644875477e-08, 1.14436211618e-08, 1.33892310572e-08, 4.34452473996e-08, 8.94916318828e-09, 8.41211278413e-09, 1.72919421004e-08, 9.11466457865e-09, 1.29848460872e-08, 1.45632839121e-08, 7.78071651553e-09, 5.20400567083e-09, 6.32922780852e-09, 4.54674164985e-09, 5.64554047955e-09, 3.89696674929e-09, 2.15392170766e-09, 5.53844262119e-11, 2.46463925657e-11, 4.59969978772e-11, 5.54656633123e-11],
        "var": [1.97833869606e-05, 0.00797822885215, 0.000573296798393, 0.000234591876506, 3.54817202606e-05, 6.55562189422e-07, 4.60642496591e-07, 7.96505048584e-08, 3.17220298029e-07, 3.29550653078e-06, 7.72629789481e-07, 8.39642666506e-08, 2.45893971851e-08, 7.90953578189e-08, 1.80508507697e-07, 3.69576937942e-08, 2.72160676218e-08, 6.46671978188e-08, 8.93661891155e-08, 1.1485914797e-07, 2.79733683328e-07, 1.14943496499e-07, 8.77753603135e-09, 1.38625100288e-09, 4.7859761293e-11, 1.93922634027e-12, 2.02886546073e-16]
    },
    "erbbands": {
        "dmean": [0.89939647913, 5.30501842499, 6.77142906189, 15.2844171524, 8.55739021301, 5.29853725433, 1.11330282688, 1.98735702038, 1.91598498821, 0.980073034763, 1.46030640602, 2.21538829803, 2.65352296829, 10.5811252594, 3.93709492683, 2.58830666542, 1.58445870876, 2.19990706444, 4.2349448204, 1.62868881226, 2.45089530945, 2.0679359436, 2.64788937569, 3.59054136276, 2.51828861237, 3.41852736473, 4.14458751678, 4.44927072525, 2.89285254478, 1.62225246429, 0.642805635929, 0.381805360317, 0.14330072701, 0.0335940383375, 0.00597784947604, 0.00151152571198, 0.000302134780213, 2.42909263761e-05, 1.77655801963e-05, 4.1846633394e-05],
        "dmean2": [1.61327934265, 8.69239425659, 9.82595062256, 28.2971897125, 15.7390241623, 9.16818904877, 1.75736773014, 3.14966058731, 2.62079286575, 1.54729199409, 2.62600159645, 3.67641806602, 4.05245351791, 13.7582178116, 6.18471574783, 3.91883635521, 2.4261405468, 3.24007582664, 5.34229230881, 2.22213578224, 3.73815107346, 2.91417264938, 3.70124530792, 5.06971025467, 3.37737560272, 4.67436885834, 5.942466259, 6.50304460526, 3.94330763817, 2.32485151291, 0.941046953201, 0.598996400833, 0.228593915701, 0.0502114742994, 0.0088223721832, 0.00218184594996, 0.000450395833468, 3.80152632715e-05, 2.79148553091e-05, 6.69852670399e-05],
        "dvar": [10.7329263687, 330.115966797, 593.615783691, 4576.41601562, 890.71295166, 544.59967041, 9.37842178345, 41.8941307068, 41.7271270752, 13.920797348, 55.8712310791, 138.728408813, 71.4318084717, 4232.43945312, 187.574066162, 91.0133361816, 31.8438949585, 63.1471786499, 459.378387451, 27.9140071869, 120.98941803, 62.94739151, 133.620681763, 258.304168701, 106.925125122, 204.464981079, 335.334075928, 399.756500244, 127.854949951, 30.1282539368, 3.47971940041, 0.916207313538, 0.143402040005, 0.0107639338821, 0.000378622615244, 6.00607781962e-05, 2.8075191949e-06, 1.56136525931e-08, 3.11251024954e-09, 1.89286719632e-08],
        "dvar2": [30.9375972748, 808.952453613, 1304.85339355, 13099.3730469, 2504.64697266, 1486.21789551, 20.7103404999, 98.0115203857, 60.4088592529, 35.1883239746, 161.3646698, 344.928375244, 175.254714966, 8037.30078125, 468.098846436, 213.051727295, 72.0143432617, 146.046905518, 557.848693848, 48.399887085, 288.52255249, 117.471122742, 257.647491455, 503.06729126, 176.197128296, 385.36151123, 720.198547363, 866.660522461, 233.153518677, 52.6704483032, 6.60648393631, 2.01083254814, 0.315451711416, 0.0206566471606, 0.000681169331074, 0.000112827277917, 6.07095580563e-06, 3.45562831683e-08, 7.93246623942e-09, 4.89830220829e-08],
        "max": [31.2046394348, 154.931716919, 248.273880005, 532.198730469, 198.77784729, 264.792358398, 28.4614048004, 142.983383179, 156.587173462, 41.8910446167, 78.1557693481, 235.30619812, 95.5756454468, 1715.90319824, 258.604370117, 117.846046448, 62.0579910278, 84.1581192017, 494.375976562, 62.0673141479, 123.914138794, 88.0171737671, 131.149963379, 199.066467285, 139.547241211, 154.936813354, 251.167800903, 213.198501587, 131.628982544, 68.7526397705, 34.3291015625, 14.7044944763, 5.50079250336, 1.83285009861, 0.341458797455, 0.158797487617, 0.0336875095963, 0.00247858138755, 0.000455059256637, 0.00110760843381],
        "mean": [0.887685954571, 5.92738866806, 7.97735834122, 10.6255273819, 5.70942258835, 4.12585067749, 1.50360369682, 3.45729398727, 3.60636329651, 1.28606176376, 1.30491220951, 2.90691399574, 4.13612270355, 18.3164634705, 5.7710609436, 2.85216879845, 1.88990235329, 2.59199953079, 7.48399209976, 2.2513833046, 2.26904225349, 2.24666976929, 2.67052221298, 3.39499163628, 2.76471781731, 3.42917990685, 3.75608062744, 4.0511469841, 2.93884992599, 1.70527696609, 0.713059067726, 0.404241889715, 0.151649162173, 0.038156375289, 0.00661654304713, 0.00157193501946, 0.000283273897367, 2.25896437769e-05, 2.02634437301e-05, 4.63157812192e-05],
        "median": [0.122050710022, 0.531826138496, 0.57417756319, 0.7112672925, 0.202125415206, 0.154044449329, 0.288948208094, 0.4769064188, 0.392170995474, 0.0996328368783, 0.0597005933523, 0.0673593133688, 0.163011848927, 0.205009490252, 0.0999893993139, 0.102377250791, 0.087823651731, 0.063883960247, 0.0756861045957, 0.0692168325186, 0.0578736290336, 0.0561764240265, 0.0534454472363, 0.0653189048171, 0.0726120695472, 0.0581752620637, 0.0603958815336, 0.0569390244782, 0.0607973597944, 0.0573400259018, 0.0451430082321, 0.0225101932883, 0.00693802442402, 0.00193540356122, 0.000444132252596, 8.88600843609e-05, 1.70181683643e-05, 1.57013698754e-06, 4.22793345933e-06, 8.0859153968e-06],
        "min": [0.000342081912095, 0.00279678078368, 0.00329537433572, 0.00083741749404, 0.000174836648512, 0.000368296517991, 0.000217752967728, 0.000636743323412, 0.00158378679771, 0.0014948170865, 0.000306287314743, 0.00031272060005, 0.000942668528296, 0.000880214967765, 0.000405970320571, 0.000467528996523, 0.000842009962071, 0.0011909030145, 0.000780108210165, 0.000584122492, 0.000617889512796, 0.000520257803146, 0.000326966168359, 0.000300758867525, 0.000277511193417, 0.000182417512406, 0.000252651894698, 0.000189074140508, 0.00014973396901, 8.72824166436e-05, 6.5246160375e-05, 2.25579697144e-05, 1.27174998852e-05, 5.48161824554e-06, 1.00812030723e-06, 5.04043896399e-07, 2.34663517062e-07, 5.22064915742e-08, 1.41418567523e-07, 1.45304653643e-07],
        "var": [7.83540868759, 364.286682129, 736.480407715, 2673.55615234, 552.892700195, 385.593414307, 11.4103393555, 69.904006958, 154.864822388, 18.0083446503, 39.47423172, 251.902389526, 131.245605469, 10484.9814453, 372.429534912, 98.8427352905, 42.4014053345, 81.5217666626, 1581.29675293, 49.9078559875, 116.0128479, 88.3275527954, 166.949188232, 309.659393311, 166.042114258, 276.702789307, 368.082550049, 439.286773682, 177.314102173, 44.0406532288, 5.11715555191, 1.22329223156, 0.2039937675, 0.0174627695233, 0.000590446172282, 8.4208943008e-05, 3.11868643621e-06, 1.66941518387e-08, 3.16087533925e-09, 1.85318462798e-08]
    },
    "gfcc": {
        "mean": [-189.622421265, 134.964889526, -80.5445404053, 71.7215576172, -43.350692749, 30.5395374298, -9.02609348297, -4.05635118484, -1.51614117622, -9.09819507599, 4.26528453827, -3.55946111679, 6.29624032974],
        "cov": [[8442.52734375, -955.99041748, -1689.96533203, 179.084274292, -921.801391602, -40.5980949402, -286.556671143, -184.14616394, -355.644470215, -65.2766036987, -150.367446899, -22.281578064, 67.2327728271], [-955.99041748, 2041.15783691, 195.910614014, -1000.51904297, 708.192321777, -469.951965332, 286.993652344, -228.956237793, 181.631622314, -227.743057251, 11.8324298859, -14.9185857773, 42.7022628784], [-1689.96533203, 195.910614014, 2182.10864258, 528.333496094, 314.770812988, 23.3611087799, 71.9989395142, -59.4588737488, 29.6178474426, -29.5322933197, 33.8513450623, -127.725234985, -91.2753982544], [179.084274292, -1000.51904297, 528.333496094, 971.954223633, -288.311553955, 196.484939575, -107.742462158, 24.6087989807, -61.9453849792, 31.5606517792, 37.5377044678, -74.1432266235, -14.8542366028], [-921.801391602, 708.192321777, 314.770812988, -288.311553955, 792.02746582, -106.148071289, 212.134643555, -27.8639259338, 54.9539299011, -82.4625854492, -68.376083374, -1.14298939705, -19.6995201111], [-40.5980949402, -469.951965332, 23.3611087799, 196.484939575, -106.148071289, 379.64755249, 49.1992797852, 59.1663169861, -15.6280193329, -34.8436126709, -13.3260202408, -77.1245193481, 14.9368257523], [-286.556671143, 286.993652344, 71.9989395142, -107.742462158, 212.134643555, 49.1992797852, 249.326919556, 5.11302089691, 27.8240337372, -104.359703064, -41.2267150879, -68.2086791992, 0.730681121349], [-184.14616394, -228.956237793, -59.4588737488, 24.6087989807, -27.8639259338, 59.1663169861, 5.11302089691, 154.996047974, -3.28303003311, 45.4857521057, -48.4936981201, -2.8659350872, -23.3341808319], [-355.644470215, 181.631622314, 29.6178474426, -61.9453849792, 54.9539299011, -15.6280193329, 27.8240337372, -3.28303003311, 181.188308716, 1.75728642941, 46.5269927979, -30.7150554657, 21.8271427155], [-65.2766036987, -227.743057251, -29.5322933197, 31.5606517792, -82.4625854492, -34.8436126709, -104.359703064, 45.4857521057, 1.75728642941, 205.727600098, 53.999382019, 53.1713142395, -40.4648170471], [-150.367446899, 11.8324298859, 33.8513450623, 37.5377044678, -68.376083374, -13.3260202408, -41.2267150879, -48.4936981201, 46.5269927979, 53.999382019, 185.219070435, 47.6053276062, 21.7806377411], [-22.281578064, -14.9185857773, -127.725234985, -74.1432266235, -1.14298939705, -77.1245193481, -68.2086791992, -2.8659350872, -30.7150554657, 53.1713142395, 47.6053276062, 150.079910278, 35.2893066406], [67.2327728271, 42.7022628784, -91.2753982544, -14.8542366028, -19.6995201111, 14.9368257523, 0.730681121349, -23.3341808319, 21.8271427155, -40.4648170471, 21.7806377411, 35.2893066406, 123.254440308]],
        "icov": [[0.000205623233342, 0.000310013041599, 0.000101963742054, 0.000193316169316, 7.39620591048e-05, 0.000361220183549, -3.25644432451e-05, 0.000545002694707, 0.000236450345255, 0.000183119685971, 7.58227179176e-05, 0.000423885445343, -0.000165862060385], [0.000310013041599, 0.00788420904428, -0.00141759263352, 0.00677108764648, -0.00161026534624, 0.00681533431634, -0.00241656904109, 0.00506214657798, -0.0014565163292, 0.00473641371354, -0.00267472444102, 0.0048834993504, -0.0023576526437], [0.000101963742054, -0.00141759263352, 0.00106935866643, -0.00176357477903, -4.04662278015e-05, -0.00103687343653, 0.000502753769979, -0.000440989533672, 0.000461419898784, -0.00083580770297, 0.000361231999705, -0.000291253323667, 0.00071104633389], [0.000193316169316, 0.00677108764648, -0.00176357477903, 0.00759400846437, -0.000972649082541, 0.00521806487814, -0.00138648645952, 0.00389433698729, -0.000712036329787, 0.00406973762438, -0.00275909691118, 0.00490871025249, -0.00234012445435], [7.39620591048e-05, -0.00161026534624, -4.04662278015e-05, -0.000972649082541, 0.00273370184004, -0.00102988851722, -0.00129997334443, -0.000296696729492, -0.000220053174417, -0.000981631572358, 0.00174251489807, -0.00223837676458, 0.00093326944625], [0.000361220183549, 0.00681533431634, -0.00103687343653, 0.00521806487814, -0.00102988851722, 0.00981554761529, -0.00288136396557, 0.0028118158225, -0.000316681485856, 0.00439798971638, -0.00303000863642, 0.00631510699168, -0.00327465264127], [-3.25644432451e-05, -0.00241656904109, 0.000502753769979, -0.00138648645952, -0.00129997334443, -0.00288136396557, 0.00860091298819, -0.00299635739066, 0.000831157667562, 0.00140133046079, -0.00030609066016, 0.00150776782539, 0.000518644868862], [0.000545002694707, 0.00506214657798, -0.000440989533672, 0.00389433698729, -0.000296696729492, 0.0028118158225, -0.00299635739066, 0.0135484179482, -0.00197246205062, -9.7816104244e-05, 0.00259173335508, 0.00133704580367, -0.000237419008045], [0.000236450345255, -0.0014565163292, 0.000461419898784, -0.000712036329787, -0.000220053174417, -0.000316681485856, 0.000831157667562, -0.00197246205062, 0.00857698358595, -0.00150433334056, -0.00248834560625, 0.00374633865431, -0.00238928920589], [0.000183119685971, 0.00473641371354, -0.00083580770297, 0.00406973762438, -0.000981631572358, 0.00439798971638, 0.00140133046079, -9.7816104244e-05, -0.00150433334056, 0.0116984406486, -0.00412522861734, 0.00108489207923, 0.00193937402219], [7.58227179176e-05, -0.00267472444102, 0.000361231999705, -0.00275909691118, 0.00174251489807, -0.00303000863642, -0.00030609066016, 0.00259173335508, -0.00248834560625, -0.00412522861734, 0.0102943861857, -0.00544105563313, 0.000783509574831], [0.000423885445343, 0.0048834993504, -0.000291253323667, 0.00490871025249, -0.00223837676458, 0.00631510699168, 0.00150776782539, 0.00133704580367, 0.00374633865431, 0.00108489207923, -0.00544105563313, 0.016996813938, -0.00663828477263], [-0.000165862060385, -0.0023576526437, 0.00071104633389, -0.00234012445435, 0.00093326944625, -0.00327465264127, 0.000518644868862, -0.000237419008045, -0.00238928920589, 0.00193937402219, 0.000783509574831, -0.00663828477263, 0.0125851090997]]
    },
    "melbands": {
        "dmean": [0.00782355759293, 0.00473454361781, 0.0023728790693, 0.000500407826621, 5.83925248065e-05, 4.25829675805e-05, 2.73169425782e-05, 1.14206786748e-05, 1.21220946312e-05, 1.38444447657e-05, 1.33664507302e-05, 4.37529852206e-05, 1.40193606057e-05, 1.10087466965e-05, 4.30793988926e-06, 3.60457852366e-06, 3.70960083274e-06, 8.00217458163e-06, 2.2012879981e-06, 2.5274696327e-06, 2.81091524812e-06, 1.86850434147e-06, 2.55845975516e-06, 2.34504568652e-06, 3.07503933072e-06, 2.01414718504e-06, 1.81938207788e-06, 2.44070656663e-06, 2.37031622419e-06, 3.11802500619e-06, 2.2775141133e-06, 1.61284549449e-06, 1.446054398e-06, 7.36786887501e-07, 3.86129130447e-07, 2.67641098617e-07, 2.13974672647e-07, 1.08508977803e-07, 5.1628088471e-08, 2.29831904619e-08],
        "dmean2": [0.01365421433, 0.00656580086797, 0.00438127014786, 0.000898277387023, 9.33319752221e-05, 6.70265144436e-05, 3.68132969015e-05, 1.93273062905e-05, 2.16608150367e-05, 2.28786539083e-05, 2.08564470086e-05, 5.73989309487e-05, 2.14321062231e-05, 1.81778123078e-05, 6.50433457849e-06, 5.56779377803e-06, 5.71279679207e-06, 1.00483221104e-05, 3.04502987092e-06, 3.53274526788e-06, 4.43468843514e-06, 2.64949972006e-06, 3.62158084499e-06, 3.2343834846e-06, 4.39055111201e-06, 2.79970777228e-06, 2.43037879954e-06, 3.41330951414e-06, 3.43766805599e-06, 4.64893400931e-06, 3.2730285966e-06, 2.16632656702e-06, 2.12327108784e-06, 1.05576339138e-06, 5.62166007967e-07, 4.13473230765e-07, 3.42623565075e-07, 1.7542934927e-07, 8.13193494764e-08, 3.40073427196e-08],
        "dvar": [0.000781361188274, 0.000246603041887, 0.000104309721792, 4.25722055297e-06, 3.26800453365e-08, 1.90374596087e-08, 8.01182409305e-09, 2.61411936542e-09, 3.76936482027e-09, 5.17202769501e-09, 2.03583039315e-09, 6.89175578827e-08, 2.69765254579e-09, 2.00313565735e-09, 2.47737275139e-10, 1.78403153361e-10, 2.16507894946e-10, 1.78458026134e-09, 4.60284518833e-11, 9.26318743932e-11, 1.80325240851e-10, 5.12942605058e-11, 1.05029922259e-10, 1.1019687246e-10, 1.95928440139e-10, 7.24152612874e-11, 5.82406761707e-11, 1.09508450918e-10, 1.12905330918e-10, 2.04770631007e-10, 1.01299406363e-10, 4.00137839529e-11, 3.40076682093e-11, 5.101460053e-12, 1.28758494752e-12, 5.07731877375e-13, 2.9122201612e-13, 8.52279604855e-14, 2.09312971279e-14, 6.0333978956e-15],
        "dvar2": [0.00217837747186, 0.000524536299054, 0.000298363156617, 1.19375672512e-05, 7.53599138648e-08, 4.35202203164e-08, 1.13568958682e-08, 7.36385041833e-09, 1.07961382056e-08, 1.30482602501e-08, 5.02045471862e-09, 1.30270350951e-07, 6.18525852758e-09, 5.38505062764e-09, 5.61950153077e-10, 4.22970825031e-10, 5.23607823766e-10, 2.13770379176e-09, 8.7351598177e-11, 1.63751498472e-10, 4.46122472297e-10, 9.30163168711e-11, 2.09028724885e-10, 2.13355541567e-10, 3.9151659692e-10, 1.28819815925e-10, 1.19960638645e-10, 2.10232456443e-10, 2.39053943307e-10, 4.72926087181e-10, 2.09655764971e-10, 7.75152858568e-11, 6.21573487125e-11, 9.38294494185e-12, 2.38858629056e-12, 1.14661947472e-12, 6.60788860695e-13, 1.86368891782e-13, 4.88906841173e-14, 1.07611571834e-14],
        "max": [0.256722927094, 0.134453013539, 0.0797689110041, 0.0211455132812, 0.00193566165399, 0.00308098131791, 0.00216501043178, 0.000575771206059, 0.000618808262516, 0.00141347781755, 0.000613314739894, 0.00685468688607, 0.00106639007572, 0.000505445874296, 0.000198914131033, 0.000149986866745, 0.000146718593896, 0.000986147671938, 7.89246696513e-05, 0.000131577136926, 0.000154746187036, 8.94627082744e-05, 0.000109887281724, 0.00013349634537, 0.000178096452146, 9.75437069428e-05, 0.00012145814253, 0.000116034840175, 0.000150190506247, 0.000157811969984, 0.000113602996862, 8.08336044429e-05, 6.64840990794e-05, 2.9531740438e-05, 2.06596832868e-05, 1.15562452265e-05, 8.03947023087e-06, 4.34785533798e-06, 2.44564171226e-06, 1.45277829233e-06],
        "mean": [0.00797569472343, 0.0056996406056, 0.00165540655144, 0.000353732088115, 6.57250275253e-05, 7.46585428715e-05, 5.15963984071e-05, 1.24612488435e-05, 1.04866730908e-05, 1.83905140148e-05, 2.0070676328e-05, 7.58333771955e-05, 2.24419527513e-05, 1.08305512185e-05, 4.80248399981e-06, 3.94483413402e-06, 3.69759231944e-06, 1.4066429685e-05, 3.1011838928e-06, 3.03126444123e-06, 2.42279406848e-06, 2.05573769563e-06, 2.61932586909e-06, 2.30528098655e-06, 2.84927386929e-06, 2.06742106457e-06, 1.88285389413e-06, 2.40244776251e-06, 2.1824068881e-06, 2.66984102382e-06, 2.16980811274e-06, 1.61114087405e-06, 1.4809647837e-06, 7.70125438976e-07, 4.30872461266e-07, 2.81621566955e-07, 2.22563585339e-07, 1.14712115362e-07, 5.19427416634e-08, 2.57310048823e-08],
        "median": [0.000914090720471, 0.000505423347931, 0.000111062952783, 1.01630230347e-05, 7.14585985406e-06, 1.13090018203e-05, 5.94297125645e-06, 6.88500392698e-07, 3.71278986222e-07, 3.74955703819e-07, 8.71500503763e-07, 8.34620379919e-07, 2.45378686259e-07, 2.71285358622e-07, 2.07626953852e-07, 1.35617469255e-07, 8.27615593835e-08, 1.22307199035e-07, 8.90968436806e-08, 6.0075365127e-08, 5.27204235823e-08, 5.4966498908e-08, 5.10271966903e-08, 4.09171256877e-08, 4.32363549407e-08, 4.52693598163e-08, 4.5888381095e-08, 3.31439373724e-08, 3.48738957712e-08, 3.59749634526e-08, 3.07932666033e-08, 3.30972369511e-08, 3.06899394786e-08, 3.21332862541e-08, 2.72580304994e-08, 1.90540490053e-08, 1.16994360866e-08, 4.88007145805e-09, 2.5773629897e-09, 1.07073006017e-09],
