{
"highlevel": {
    "danceability": {
        "all": {
            "danceable": 0.508228838444,
            "not_danceable": 0.491771131754
        },
        "probability": 0.508228838444,
        "value": "danceable"
    },
    "gender": {
        "all": {
            "female": 0.120993196964,
            "male": 0.879006803036
        },
        "probability": 0.879006803036,
        "value": "male"
    },
    "genre_dortmund": {
        "all": {
            "alternative": 0.0880804806948,
            "blues": 0.0519887506962,
            "electronic": 0.0279244873673,
            "folkcountry": 0.362720608711,
            "funksoulrnb": 0.012864055112,
            "jazz": 0.015264891088,
            "pop": 0.101359419525,
            "raphiphop": 0.0156354438514,
            "rock": 0.324161857367
        },
        "probability": 0.362720608711,
        "value": "folkcountry"
    },
    "genre_electronic": {
        "all": {
            "ambient": 0.305028885603,
            "dnb": 0.236559987068,
            "house": 0.141814306378,
            "techno": 0.0304304007441,
            "trance": 0.28616642952
        },
        "probability": 0.305028885603,
        "value": "ambient"
    },
    "genre_rosamerica": {
        "all": {
            "cla": 0.0113987587392,
            "dan": 0.0666556879878,
            "hip": 0.040736746043,
            "jaz": 0.00859551597387,
            "pop": 0.435953766108,
            "rhy": 0.299472093582,
            "roc": 0.131726875901,
            "spe": 0.00546057289466
        },
        "probability": 0.435953766108,
        "value": "pop"
    },
    "genre_tzanetakis": {
        "all": {
            "blu": 0.0626613423228,
            "cla": 0.0348169617355,
            "cou": 0.104475811124,
            "dis": 0.0784321576357,
            "hip": 0.15692435205,
            "jaz": 0.313974827528,
            "met": 0.0448166541755,
            "pop": 0.0627359300852,
            "reg": 0.0627360641956,
            "roc": 0.0784258767962
        },
        "probability": 0.313974827528,
        "value": "jaz"
    },
    "ismir04_rhythm": {
        "all": {
            "ChaChaCha": 0.14763225615,
            "Jive": 0.514029800892,
            "Quickstep": 0.0312221888453,
            "Rumba-American": 0.0128503972664,
            "Rumba-International": 0.07606510818,
            "Rumba-Misc": 0.00924028176814,
            "Samba": 0.0824990347028,
            "Tango": 0.00897030625492,
            "VienneseWaltz": 0.105709552765,
            "Waltz": 0.0117810899392
        },
        "probability": 0.514029800892,
        "value": "Jive"
    },
    "mood_acoustic": {
        "all": {
            "acoustic": 0.16510976851,
            "not_acoustic": 0.834890246391
        },
        "probability": 0.834890246391,
        "value": "not_acoustic"
    },
    "mood_aggressive": {
        "all": {
            "aggressive": 0.167445287108,
            "not_aggressive": 0.83255469799
        },
        "probability": 0.83255469799,
        "value": "not_aggressive"
    },
    "mood_electronic": {
        "all": {
            "electronic": 0.218165397644,
            "not_electronic": 0.781834602356
        },
        "probability": 0.781834602356,
        "value": "not_electronic"
    },
    "mood_happy": {
        "all": {
            "happy": 0.623820245266,
            "not_happy": 0.376179724932
        },
        "probability": 0.623820245266,
        "value": "happy"
    },
    "mood_party": {
        "all": {
            "not_party": 0.555947184563,
            "party": 0.444052815437
        },
        "probability": 0.555947184563,
        "value": "not_party"
    },
    "mood_relaxed": {
        "all": {
            "not_relaxed": 0.444177299738,
            "relaxed": 0.555822730064
        },
        "probability": 0.555822730064,
        "value": "relaxed"
    },
    "mood_sad": {
        "all": {
            "not_sad": 0.770349085331,
            "sad": 0.229650884867
        },
        "probability": 0.770349085331,
        "value": "not_sad"
    },
    "moods_mirex": {
        "all": {
            "Cluster1": 0.192804411054,
            "Cluster2": 0.349059134722,
            "Cluster3": 0.127192229033,
            "Cluster4": 0.196366518736,
            "Cluster5": 0.134577706456
        },
        "probability": 0.349059134722,
        "value": "Cluster2"
    },
    "timbre": {
        "all": {
            "bright": 0.967576086521,
            "dark": 0.0324238948524
        },
        "probability": 0.967576086521,
        "value": "bright"
    },
    "tonal_atonal": {
        "all": {
            "atonal": 0.159499913454,
            "tonal": 0.840500056744
        },
        "probability": 0.840500056744,
        "value": "tonal"
    },
    "voice_instrumental": {
        "all": {
            "instrumental": 4.23822930316e-05,
            "voice": 0.999957621098
        },
        "probability": 0.999957621098,
        "value": "voice"
    }
},
"lowlevel": {
    "average_loudness": 0.968988060951,
    "barkbands_crest": {
        "dmean": 2.64603924751,
        "dmean2": 4.30607128143,
        "dvar": 6.46274614334,
        "dvar2": 17.6175632477,
        "max": 21.3820972443,
        "mean": 9.32682704926,
        "median": 8.78670310974,
        "min": 3.12460112572,
        "var": 12.0599660873
    },
    "barkbands_flatness_db": {
        "dmean": 0.0208837203681,
        "dmean2": 0.0321037769318,
        "dvar": 0.000343643274391,
        "dvar2": 0.000741178402677,
        "max": 0.314444631338,
        "mean": 0.133545026183,
        "median": 0.129132598639,
        "min": 0.0497027039528,
        "var": 0.00158405583352
    },
    "barkbands_kurtosis": {
        "dmean": 2.37936210632,
        "dmean2": 3.67427515984,
        "dvar": 9.3200044632,
        "dvar2": 21.5740242004,
        "max": 48.0505752563,
        "mean": 3.4226231575,
        "median": 2.36233043671,
        "min": -1.84583938122,
        "var": 20.8729305267
    },
    "barkbands_skewness": {
        "dmean": 0.52595192194,
        "dmean2": 0.783261120319,
        "dvar": 0.268501937389,
        "dvar2": 0.585412144661,
        "max": 5.8930773735,
        "mean": 1.61129057407,
        "median": 1.56992101669,
        "min": -1.08679330349,
        "var": 0.880994558334
    },
    "barkbands_spread": {
        "dmean": 7.02879858017,
        "dmean2": 10.270362854,
        "dvar": 79.4419784546,
        "dvar2": 137.910369873,
        "max": 99.5739517212,
        "mean": 25.2934875488,
        "median": 19.9436206818,
        "min": 2.6721072197,
        "var": 281.807891846
    },
    "dissonance": {
        "dmean": 0.0173869449645,
        "dmean2": 0.0287789013237,
        "dvar": 0.000278429099126,
        "dvar2": 0.00075052405009,
        "max": 0.499808341265,
        "mean": 0.464384108782,
        "median": 0.469920486212,
        "min": 0.336964637041,
        "var": 0.000543526257388
    },
    "dynamic_complexity": 2.5385415554,
    "erbbands_crest": {
        "dmean": 2.43769335747,
        "dmean2": 4.00147676468,
        "dvar": 5.79880809784,
        "dvar2": 14.3889503479,
        "max": 26.0058078766,
        "mean": 7.52981805801,
        "median": 6.57087898254,
        "min": 2.30245780945,
        "var": 13.0411520004
    },
    "erbbands_flatness_db": {
        "dmean": 0.0201979056001,
        "dmean2": 0.0281833522022,
        "dvar": 0.000385243125493,
        "dvar2": 0.000717012735549,
        "max": 0.272558540106,
        "mean": 0.142026796937,
        "median": 0.141662567854,
        "min": 0.052094809711,
        "var": 0.00132161972579
    },
    "erbbands_kurtosis": {
        "dmean": 0.686311066151,
        "dmean2": 1.07989811897,
        "dvar": 0.729587674141,
        "dvar2": 1.75182855129,
        "max": 9.93915557861,
        "mean": -0.168256893754,
        "median": -0.534314632416,
        "min": -1.72814273834,
        "var": 1.61343550682
    },
    "erbbands_skewness": {
        "dmean": 0.360818505287,
        "dmean2": 0.528209388256,
        "dvar": 0.108237467706,
        "dvar2": 0.228950768709,
        "max": 3.09947156906,
        "mean": 0.225360870361,
        "median": 0.227945908904,
        "min": -2.22008180618,
        "var": 0.435001671314
    },
    "erbbands_spread": {
        "dmean": 10.0177907944,
        "dmean2": 15.3816804886,
        "dvar": 112.418045044,
        "dvar2": 249.787124634,
        "max": 117.871322632,
        "mean": 46.0359725952,
        "median": 43.1510543823,
        "min": 10.9979171753,
        "var": 297.911315918
    },
    "hfc": {
        "dmean": 8.77073669434,
        "dmean2": 12.0790462494,
        "dvar": 123.785980225,
        "dvar2": 227.934371948,
        "max": 100.315040588,
        "mean": 24.003238678,
        "median": 16.8877105713,
        "min": 1.19380819798,
        "var": 396.08996582
    },
    "melbands_crest": {
        "dmean": 3.53800725937,
        "dmean2": 5.85683870316,
        "dvar": 11.4057226181,
        "dvar2": 30.1450996399,
        "max": 30.75847435,
        "mean": 13.8428239822,
        "median": 13.0726594925,
        "min": 4.12312316895,
        "var": 24.2019901276
    },
    "melbands_flatness_db": {
        "dmean": 0.0264294855297,
        "dmean2": 0.0388352237642,
        "dvar": 0.000604822067544,
        "dvar2": 0.00118137756363,
        "max": 0.424890488386,
        "mean": 0.188239246607,
        "median": 0.186332166195,
        "min": 0.042813770473,
        "var": 0.00367747223936
    },
    "melbands_kurtosis": {
        "dmean": 6.84766769409,
        "dmean2": 10.8535041809,
        "dvar": 91.7464294434,
        "dvar2": 227.297393799,
        "max": 101.528144836,
        "mean": 12.9324579239,
        "median": 9.67234706879,
        "min": -1.1854840517,
        "var": 149.324584961
    },
    "melbands_skewness": {
        "dmean": 0.751900434494,
        "dmean2": 1.15742814541,
        "dvar": 0.667168200016,
        "dvar2": 1.56548595428,
        "max": 8.28679847717,
        "mean": 2.84559583664,
        "median": 2.67969751358,
        "min": 0.00536984950304,
        "var": 1.6727565527
    },
    "melbands_spread": {
        "dmean": 8.46514415741,
        "dmean2": 12.35384655,
        "dvar": 160.260055542,
        "dvar2": 308.054138184,
        "max": 175.016876221,
        "mean": 24.560131073,
        "median": 18.7987709045,
        "min": 2.14057636261,
        "var": 436.57699585
    },
    "pitch_salience": {
        "dmean": 0.0680123493075,
        "dmean2": 0.11186336726,
        "dvar": 0.00353749073111,
        "dvar2": 0.0102654024959,
        "max": 0.825978755951,
        "mean": 0.581973195076,
        "median": 0.587939023972,
        "min": 0.280506193638,
        "var": 0.00795874372125
    },
    "silence_rate_20dB": {
        "dmean": 0,
        "dmean2": 0,
        "dvar": 0,
        "dvar2": 0,
        "max": 1,
        "mean": 1,
        "median": 1,
        "min": 1,
        "var": 0
    },
    "silence_rate_30dB": {
        "dmean": 0,
        "dmean2": 0,
        "dvar": 0,
        "dvar2": 0,
        "max": 1,
        "mean": 1,
        "median": 1,
        "min": 1,
        "var": 0
    },
    "silence_rate_60dB": {
        "dmean": 0.0030959751457,
        "dmean2": 0.00619674660265,
        "dvar": 0.00308634503745,
        "dvar2": 0.00925656873733,
        "max": 1,
        "mean": 0.00154679035768,
        "median": 0,
        "min": 0,
        "var": 0.00154438999016
    },
    "spectral_centroid": {
        "dmean": 295.013702393,
        "dmean2": 432.4090271,
        "dvar": 106598.34375,
        "dvar2": 219795.0625,
        "max": 4147.14648438,
        "mean": 1339.37426758,
        "median": 1195.64904785,
        "min": 349.741790771,
        "var": 383210.6875
    },
    "spectral_complexity": {
        "dmean": 4.28173351288,
        "dmean2": 6.22850513458,
        "dvar": 19.4283447266,
        "dvar2": 32.7401008606,
        "max": 51,
        "mean": 20.5730857849,
        "median": 18,
        "min": 5,
        "var": 71.6691741943
    },
    "spectral_decrease": {
        "dmean": 2.69195754576e-09,
        "dmean2": 4.26356994154e-09,
        "dvar": 1.34270413756e-17,
        "dvar2": 3.17223665652e-17,
        "max": -5.38463995614e-10,
        "mean": -7.38843963788e-09,
        "median": -6.29785779083e-09,
        "min": -2.83662977552e-08,
        "var": 2.49060757174e-17
    },
    "spectral_energy": {
        "dmean": 0.0107074230909,
        "dmean2": 0.0168242119253,
        "dvar": 0.000207545977901,
        "dvar2": 0.000487312849145,
        "max": 0.113466180861,
        "mean": 0.0300628412515,
        "median": 0.0256264023483,
        "min": 0.00215691211633,
        "var": 0.000395418872358
    },
    "spectral_energyband_high": {
        "dmean": 0.000673132482916,
        "dmean2": 0.000879791623447,
        "dvar": 1.18709181152e-06,
        "dvar2": 1.95559027816e-06,
        "max": 0.0135969202965,
        "mean": 0.00129134207964,
        "median": 0.000551457516849,
        "min": 9.61657860898e-07,
        "var": 3.34647393174e-06
    },
    "spectral_energyband_low": {
        "dmean": 0.00415555108339,
        "dmean2": 0.0065222918056,
        "dvar": 5.32286248927e-05,
        "dvar2": 0.000116029383207,
        "max": 0.0645298063755,
        "mean": 0.00970694143325,
        "median": 0.00748528540134,
        "min": 1.21604662127e-05,
        "var": 0.000103579863207
    },
    "spectral_energyband_middle_high": {
        "dmean": 0.00229394785129,
        "dmean2": 0.00338891521096,
        "dvar": 1.35354412123e-05,
        "dvar2": 2.94162746286e-05,
        "max": 0.0437229648232,
        "mean": 0.0054718204774,
        "median": 0.00257388805039,
        "min": 0.000376928481273,
        "var": 3.96147916035e-05
    },
    "spectral_energyband_middle_low": {
        "dmean": 0.00727243768051,
        "dmean2": 0.0116819255054,
        "dvar": 0.000152820532094,
        "dvar2": 0.000407733576139,
        "max": 0.102916263044,
        "mean": 0.0146244680509,
        "median": 0.00970144290477,
        "min": 0.00120149506256,
        "var": 0.000190228252904
    },
    "spectral_entropy": {
        "dmean": 0.162340581417,
        "dmean2": 0.232673555613,
        "dvar": 0.0266811270267,
        "dvar2": 0.0510614924133,
        "max": 8.62226772308,
        "mean": 7.6759595871,
        "median": 7.66220188141,
        "min": 6.35893821716,
        "var": 0.123622179031
    },
    "spectral_flux": {
        "dmean": 0.029583401978,
        "dmean2": 0.0465291962028,
        "dvar": 0.00125377764925,
        "dvar2": 0.00262937531807,
        "max": 0.28631144762,
        "mean": 0.0939232483506,
        "median": 0.0827315971255,
        "min": 0.0159105118364,
        "var": 0.00266877305694
    },
    "spectral_kurtosis": {
        "dmean": 1.59228861332,
        "dmean2": 2.63601994514,
        "dvar": 4.1901102066,
        "dvar2": 11.807469368,
        "max": 25.1026172638,
        "mean": 3.59734249115,
        "median": 3.18072986603,
        "min": -0.789506435394,
        "var": 7.46504163742
    },
    "spectral_rms": {
        "dmean": 0.00091519561829,
        "dmean2": 0.00139957072679,
        "dvar": 1.20879133192e-06,
        "dvar2": 2.5752383408e-06,
        "max": 0.0105213457718,
        "mean": 0.00511987088248,
        "median": 0.00500013679266,
        "min": 0.00145062210504,
        "var": 3.11651501761e-06
    },
    "spectral_rolloff": {
        "dmean": 642.480651855,
        "dmean2": 1019.41693115,
        "dvar": 1431557.875,
        "dvar2": 2681296.5,
        "max": 11283.3984375,
        "mean": 1619.78674316,
        "median": 968.994140625,
        "min": 129.19921875,
        "var": 3586643.5
    },
    "spectral_skewness": {
        "dmean": 0.239907711744,
        "dmean2": 0.376726299524,
        "dvar": 0.0553828477859,
        "dvar2": 0.136466234922,
        "max": 3.4358420372,
        "mean": 1.37760019302,
        "median": 1.36279976368,
        "min": 0.154385462403,
        "var": 0.187985643744
    },
    "spectral_spread": {
        "dmean": 723638.5625,
        "dmean2": 1045728.1875,
        "dvar": 703417024512,
        "dvar2": 1.40882896486e+12,
        "max": 11047773,
        "mean": 4715009.5,
        "median": 4561224.5,
        "min": 1648099.875,
        "var": 2.2073311232e+12
    },
    "spectral_strongpeak": {
        "dmean": 0.441039890051,
        "dmean2": 0.736149251461,
        "dvar": 0.415372759104,
        "dvar2": 0.976676225662,
        "max": 5.21802663803,
        "mean": 0.746135354042,
        "median": 0.361470252275,
        "min": 0,
        "var": 0.772451162338
    },
    "zerocrossingrate": {
        "dmean": 0.0140029387549,
        "dmean2": 0.0149071393535,
        "dvar": 0.000315723416861,
        "dvar2": 0.000283505651169,
        "max": 0.2646484375,
        "mean": 0.0648409575224,
        "median": 0.0537109375,
        "min": 0.01025390625,
        "var": 0.00192824262194
    },
    "barkbands": {
        "dmean": [0.0005114582018, 0.00294318911619, 0.0013695784146, 0.00124041549861, 0.003971491009, 0.00197533844039, 0.00141767656896, 0.000761596253142, 0.000802732480224, 0.00058347749291, 0.000806037860457, 0.000450493185781, 0.000378106778953, 0.000364812614862, 0.000350580492523, 0.000229055134696, 0.000244063092396, 0.000172213462065, 0.000203875635634, 0.000156058405992, 0.000110061373562, 0.0001673851948, 0.000193385276361, 0.000135055408464, 7.86031450843e-05, 5.33687853022e-05, 4.67700793649e-08],
        "dmean2": [0.000817436317448, 0.00449789687991, 0.00231883837841, 0.00213351263665, 0.0067845559679, 0.00305615924299, 0.00219575269148, 0.00117825996131, 0.00129181460943, 0.000930289621465, 0.00133021280635, 0.000742349366192, 0.000589074508753, 0.000590703508351, 0.000560821790714, 0.000339282909408, 0.00036630028626, 0.000275727245025, 0.000300363142742, 0.000234342282056, 0.000162470227224, 0.000247112242505, 0.000268033269094, 0.000191587387235, 0.00011420455121, 8.10328419902e-05, 8.09349032238e-08],
        "dvar": [8.76074466305e-07, 2.72776487691e-05, 9.85037513601e-06, 3.84699296774e-06, 0.000101602519862, 1.24229509311e-05, 1.08172016553e-05, 2.50615198638e-06, 5.64482479604e-06, 3.22955634147e-06, 5.23563494426e-06, 1.2211005469e-06, 1.06475567918e-06, 6.24455196885e-07, 7.32651244562e-07, 2.4861304837e-07, 2.51544349794e-07, 8.87714719511e-08, 1.44789908063e-07, 7.36589029771e-08, 3.68289825303e-08, 1.40164019058e-07, 1.38778545988e-07, 7.04761333736e-08, 2.50499763155e-08, 1.34007782648e-08, 5.73583471301e-14],
        "dvar2": [2.21442155635e-06, 6.18415797362e-05, 2.66581682808e-05, 1.02653420981e-05, 0.000279319530819, 2.74985759461e-05, 2.41144298343e-05, 5.3701410252e-06, 1.42146700455e-05, 7.83218729339e-06, 1.31095721372e-05, 3.22460891766e-06, 2.47189859692e-06, 1.51155927597e-06, 1.77167351012e-06, 5.47772629034e-07, 5.38979008979e-07, 2.09509906313e-07, 2.66521681169e-07, 1.61505468554e-07, 7.82876767857e-08, 2.86499385993e-07, 2.55183863374e-07, 1.20820729421e-07, 4.41194067946e-08, 3.08913250535e-08, 1.0168385231e-13],
        "max": [0.01027767919, 0.0527081303298, 0.0282244458795, 0.020549191162, 0.0776690915227, 0.0441926270723, 0.0561160594225, 0.0198325775564, 0.0364230982959, 0.0280455984175, 0.0304274484515, 0.0125560751185, 0.0131472563371, 0.0102460142225, 0.0100083434954, 0.00678692478687, 0.0078802658245, 0.003196810605, 0.00705329189077, 0.00399656314403, 0.00215153954923, 0.00616365950555, 0.00413852883503, 0.00415027141571, 0.00287270918489, 0.00204203464091, 6.53085089652e-06],
        "mean": [0.000850434182212, 0.00590524636209, 0.00215615029447, 0.00185722927563, 0.00471905060112, 0.00321338209324, 0.0021481635049, 0.00112436548807, 0.00112943199929, 0.000816382816993, 0.00107666605618, 0.000611976254731, 0.000495259708259, 0.000498991867062, 0.000549802964088, 0.000367793516489, 0.000421145668952, 0.000293495424557, 0.000380549347028, 0.000281233922578, 0.000186304314411, 0.000268217758276, 0.000318266189424, 0.000216940898099, 0.000121164186567, 5.51850025658e-05, 3.31924105978e-08],
        "median": [0.000175184279215, 0.00385447102599, 0.00130205880851, 0.00121767050587, 0.00234024738893, 0.00131385261193, 0.000549832649995, 0.000388685351936, 0.000340458151186, 0.000237524043769, 0.000274146150332, 0.000270005490165, 0.000160727679031, 0.000184900520253, 0.000181718656677, 0.000151740910951, 0.000117160976515, 0.000145975791384, 0.000198372508748, 0.000135998998303, 8.40196880745e-05, 8.44034002512e-05, 9.43811610341e-05, 6.21312719886e-05, 4.4109638111e-05, 1.03526454041e-05, 8.00294608361e-10],
        "min": [1.41955410982e-07, 2.22489484258e-06, 7.93344611338e-07, 5.2861551012e-06, 0.000112468391308, 2.0440440494e-05, 1.02336180134e-05, 3.93834307033e-06, 9.53743528953e-06, 9.88684769254e-06, 7.55207656766e-06, 1.13465775939e-05, 5.14473595103e-06, 6.08890968579e-06, 6.86710745867e-06, 3.72633780898e-06, 3.38771542374e-06, 2.36845312429e-06, 1.78740958745e-06, 6.41786868982e-07, 1.97895829501e-07, 1.42641937373e-07, 1.66200120333e-08, 3.02825475806e-09, 1.14735637657e-10, 4.41934639925e-12, 6.40211538297e-12],
        "var": [1.86312070127e-06, 5.23634189449e-05, 8.81552841747e-06, 5.12771430294e-06, 7.59964314057e-05, 2.78938987321e-05, 1.79019989446e-05, 4.96455368193e-06, 6.55024723528e-06, 4.5363008212e-06, 7.52853384256e-06, 1.38357643209e-06, 1.37605104555e-06, 9.11968641049e-07, 1.46587080962e-06, 4.82350628772e-07, 5.81204858463e-07, 1.64532323765e-07, 3.16463740546e-07, 1.55158673465e-07, 6.72702284987e-08, 2.56857163095e-07, 3.28455570298e-07, 1.76022666665e-07, 5.60518067516e-08, 1.61071262994e-08, 4.83796318707e-14]
    },
    "erbbands": {
        "dmean": [0.135621994734, 0.527618229389, 1.56827604771, 2.49466300011, 10.4848976135, 13.9016876221, 13.2527017593, 15.2765398026, 18.3131504059, 18.5022926331, 17.9527320862, 17.8647842407, 20.801525116, 20.7593345642, 25.6425380707, 17.2506008148, 15.5392875671, 18.628742218, 15.2450275421, 13.7663221359, 11.620472908, 13.3791904449, 9.90343475342, 8.00405502319, 10.5752286911, 7.44326639175, 4.50000476837, 4.55668354034, 5.87844228745, 5.9332613945, 5.8505449295, 3.57936835289, 2.05347633362, 1.18272304535, 0.476414263248, 0.256193399429, 0.0959532931447, 0.0102098146453, 0.000183458803804, 1.88267767953e-05],
        "dmean2": [0.20469853282, 0.850611269474, 2.66384291649, 4.17755842209, 18.0424900055, 23.9119548798, 20.8702316284, 23.8416996002, 28.3076705933, 28.6936359406, 27.7175979614, 28.5285415649, 32.1311950684, 32.5577354431, 41.8293952942, 27.7772674561, 24.3645324707, 29.8299789429, 24.0418167114, 21.0208816528, 16.4766769409, 20.2294120789, 15.4604234695, 12.1423168182, 15.7844543457, 11.0160274506, 6.65883779526, 6.82786846161, 8.65689086914, 8.3468170166, 8.21292114258, 5.11128568649, 3.04230737686, 1.71085584164, 0.687649786472, 0.3789319098, 0.154394119978, 0.0166857969016, 0.000290067546302, 2.81921766145e-05],
        "dvar": [0.0644103884697, 1.08991396427, 15.6539812088, 14.3258161545, 625.659057617, 1285.83105469, 801.462036133, 874.869018555, 1787.88928223, 2342.96142578, 1752.45263672, 2706.74243164, 4830.375, 2974.41699219, 5759.56103516, 1820.78564453, 1859.04455566, 1757.51452637, 1508.91906738, 782.244445801, 780.522277832, 750.491394043, 293.576019287, 156.062789917, 400.706390381, 187.934997559, 58.8431167603, 69.9912109375, 152.75479126, 171.425064087, 134.431213379, 57.6151313782, 18.0088100433, 5.84513568878, 0.939209103584, 0.325377911329, 0.0543547868729, 0.000610897899605, 1.71895621293e-07, 7.16976422677e-10],
        "dvar2": [0.151552215219, 2.46050548553, 42.5972213745, 35.460773468, 1735.93395996, 3550.53564453, 1772.7722168, 2030.88830566, 3950.96289062, 5333.04443359, 4193.93212891, 6731.06591797, 11732.8789062, 7728.43603516, 13095.6035156, 4749.12109375, 4526.34716797, 4284.77587891, 3491.82617188, 1749.46496582, 1642.08312988, 1632.33081055, 679.153564453, 328.329620361, 806.59161377, 398.043060303, 121.469680786, 153.492385864, 313.207794189, 360.357574463, 249.451080322, 112.053939819, 36.8385658264, 11.6346359253, 1.70107507706, 0.710997104645, 0.135302051902, 0.00150205008686, 4.1572519649e-07, 1.5468567538e-09],
        "max": [2.48855924606, 10.6714458466, 38.2615814209, 56.9570388794, 225.110137939, 295.545166016, 445.229278564, 572.488037109, 537.307006836, 1050.98291016, 591.281188965, 700.638000488, 1099.40075684, 874.254760742, 1053.29260254, 605.761169434, 579.931030273, 608.865905762, 567.364685059, 334.706207275, 447.230651855, 432.10723877, 169.922714233, 197.914138794, 355.388793945, 208.884063721, 102.888710022, 82.0950012207, 205.438186646, 196.774719238, 141.948150635, 142.057403564, 59.9842681885, 36.587890625, 16.7551193237, 13.2375631332, 2.8437974453, 0.231396183372, 0.00387469003908, 0.000258092419244],
        "mean": [0.256515681744, 0.988430976868, 2.43587398529, 4.55358552933, 12.351442337, 16.0965194702, 20.8283615112, 23.9110088348, 28.900642395, 29.046125412, 26.8030357361, 25.2128505707, 29.6166095734, 30.383354187, 35.1129112244, 25.0638027191, 22.1206035614, 28.0751857758, 24.0494194031, 25.9978637695, 21.0107975006, 23.9352779388, 17.6896495819, 15.9432582855, 19.73595047, 13.5246534348, 7.7774720192, 7.69014644623, 9.268907547, 9.36092185974, 9.35086631775, 5.69718456268, 3.08734130859, 1.70807790756, 0.684459447861, 0.302634119987, 0.0848623886704, 0.00826864689589, 0.000177828042069, 4.58204413007e-05],
        "median": [0.140634268522, 0.668711960316, 1.56751036644, 3.39381170273, 5.71916007996, 7.93164157867, 8.44452095032, 9.46264648438, 8.61971950531, 9.26982975006, 10.438662529, 8.24620056152, 8.00118637085, 10.1898136139, 8.64369487762, 11.479300499, 8.23541927338, 11.1658430099, 9.28213405609, 9.44757270813, 7.89586591721, 7.17201089859, 8.02891159058, 8.81962585449, 10.3908491135, 6.12848329544, 3.93072271347, 3.27928638458, 2.9268476963, 2.55987715721, 2.90420913696, 1.60681653023, 0.810121774673, 0.511529862881, 0.23507077992, 0.0799247175455, 0.00969206355512, 0.000489011523314, 4.11499931943e-05, 3.81587888114e-05],
        "min": [6.56961419736e-05, 0.000572418968659, 0.0016338576097, 0.0366528965533, 0.192878693342, 0.301592558622, 0.481332659721, 0.281136482954, 0.315757036209, 0.198074653745, 0.254781037569, 0.263865411282, 0.236742421985, 0.568616271019, 0.378955215216, 0.733673810959, 0.568869352341, 0.886828005314, 0.848914861679, 0.450425982475, 0.390259921551, 0.165149584413, 0.13341794908, 0.070458561182, 0.0822269693017, 0.0275236032903, 0.0119558162987, 0.00455550430343, 0.00499472254887, 0.00220219814219, 0.000506237556692, 0.000509591889568, 4.58711729152e-05, 1.80622955668e-05, 8.9322866188e-06, 3.0982471344e-06, 1.3266304677e-06, 2.79116363799e-07, 1.36552421282e-06, 2.72119314104e-06],
        "var": [0.132472530007, 1.43537056446, 12.5509805679, 22.4278373718, 492.609527588, 941.41607666, 1586.1973877, 1754.62121582, 2940.96704102, 3730.29589844, 2318.17749023, 3286.17236328, 6398.08691406, 4923.64306641, 8569.17871094, 2190.71240234, 2230.24291992, 2866.62182617, 2262.66699219, 2303.97314453, 1663.39929199, 1727.88122559, 622.566101074, 380.621124268, 792.325378418, 409.076385498, 107.372253418, 124.706451416, 280.571838379, 345.333526611, 298.341339111, 124.193336487, 37.4386177063, 11.6080188751, 1.94534492493, 0.442238599062, 0.0527722686529, 0.000572794058826, 1.74780453222e-07, 1.23208110381e-09]
    },
    "gfcc": {
        "mean": [17.9023571014, 97.0797042847, -117.362876892, 41.9941368103, -63.2714500427, 18.351108551, -42.5222625732, 9.28224945068, -25.4761695862, 1.55828905106, -10.7747135162, -0.400071144104, -9.16263198853],
        "cov": [[3055.33447266, -1561.40246582, 355.2449646, 13.281671524, -464.467407227, 212.254989624, -180.713195801, 316.979888916, -70.4636154175, 200.968292236, -235.582168579, 258.869476318, -168.45123291], [-1561.40246582, 1618.08996582, -302.749145508, 16.9957675934, 505.708557129, -199.304580688, 246.478088379, -123.456886292, 166.616516113, -109.383201599, 214.458297729, -182.39654541, 151.521011353], [355.2449646, -302.749145508, 567.835144043, 69.3326644897, 73.1741638184, 112.18775177, -15.1612253189, 68.6551513672, -64.8790969849, 94.5261688232, -76.143661499, 98.9726104736, -84.6642150879], [13.281671524, 16.9957675934, 69.3326644897, 301.187408447, 50.9136886597, 30.240404129, 25.5607471466, -9.62258911133, 53.6023254395, -19.4037628174, 28.5139083862, -2.39672422409, 35.8209190369], [-464.467407227, 505.708557129, 73.1741638184, 50.9136886597, 421.226959229, -29.6839618683, 104.314056396, 2.49924683571, 54.3999176025, 26.6759662628, 37.1452865601, -16.57056427, 6.00441837311], [212.254989624, -199.304580688, 112.18775177, 30.240404129, -29.6839618683, 224.471679688, 40.461151123, 71.8751602173, -0.425729990005, 23.4478206635, -2.15351939201, 6.61477184296, -14.3211269379], [-180.713195801, 246.478088379, -15.1612253189, 25.5607471466, 104.314056396, 40.461151123, 204.246566772, 12.2236204147, 40.3651847839, -9.68242073059, 34.7358283997, -5.25632572174, -4.06034183502], [316.979888916, -123.456886292, 68.6551513672, -9.62258911133, 2.49924683571, 71.8751602173, 12.2236204147, 157.416656494, 14.6025848389, 44.0905075073, -14.1336154938, 20.5870742798, -7.89102506638], [-70.4636154175, 166.616516113, -64.8790969849, 53.6023254395, 54.3999176025, -0.425729990005, 40.3651847839, 14.6025848389, 119.930206299, -1.41184580326, 31.913312912, -27.6467418671, 36.2767906189], [200.968292236, -109.383201599, 94.5261688232, -19.4037628174, 26.6759662628, 23.4478206635, -9.68242073059, 44.0905075073, -1.41184580326, 97.3291397095, -13.1255064011, 37.082069397, -30.1908931732], [-235.582168579, 214.458297729, -76.143661499, 28.5139083862, 37.1452865601, -2.15351939201, 34.7358283997, -14.1336154938, 31.913312912, -13.1255064011, 112.553657532, -28.1145935059, 35.8806190491], [258.869476318, -182.39654541, 98.9726104736, -2.39672422409, -16.57056427, 6.61477184296, -5.25632572174, 20.5870742798, -27.6467418671, 37.082069397, -28.1145935059, 118.530654907, -22.3134307861], [-168.45123291, 151.521011353, -84.6642150879, 35.8209190369, 6.00441837311, -14.3211269379, -4.06034183502, -7.89102506638, 36.2767906189, -30.1908931732, 35.8806190491, -22.3134307861, 102.820579529]],
        "icov": [[0.000919580459595, 0.000458594877273, 0.000119883778098, -0.000304215674987, 0.000486336241011, 8.38428895804e-05, 8.13170845504e-05, -0.00121311412659, -0.000511687656399, -0.000600903178565, 0.000564372341614, -0.000823900511023, 0.000557178165764], [0.000458594877273, 0.00359798176214, -0.000212374856346, 0.00116532866377, -0.00271697621793, 0.00227941852063, -0.00236503733322, 0.000337772304192, -0.00138753582723, 0.00136695348192, -0.002754755551, 0.00221055722795, -0.00239105941728], [0.000119883778098, -0.000212374856346, 0.00347160897218, -0.00137013243511, -0.000675301824231, -0.0015481072478, 0.000779146153945, -0.000525640498381, 0.00161792791914, -0.00185026135296, 0.00161439494696, -0.00175678089727, 0.00160079437774], [-0.000304215674987, 0.00116532866377, -0.00137013243511, 0.00499764923006, -0.00143774843309, 0.000377249467419, -0.000881962478161, 0.00147359957919, -0.00248618563637, 0.00241937604733, -0.00215526041575, 0.000897942110896, -0.00233566132374], [0.000486336241011, -0.00271697621793, -0.000675301824231, -0.00143774843309, 0.0062460093759, -0.00061998720048, 0.000350994610926, -0.00136291293893, -0.000163184959092, -0.00295528676361, 0.00232176133431, -0.00169390439987, 0.00221562990919], [8.38428895804e-05, 0.00227941852063, -0.0015481072478, 0.000377249467419, -0.00061998720048, 0.00795504823327, -0.00336786336266, -0.00190426479094, -0.000508592871483, 0.00068791321246, -0.0026023038663, 0.00298064597882, -0.00182641344145], [8.13170845504e-05, -0.00236503733322, 0.000779146153945, -0.000881962478161, 0.000350994610926, -0.00336786336266, 0.00862922798842, -0.00100281625055, -0.000935716670938, 0.000817243068013, 0.000750004313886, -0.00324474973604, 0.00394571339712], [-0.00121311412659, 0.000337772304192, -0.000525640498381, 0.00147359957919, -0.00136291293893, -0.00190426479094, -0.00100281625055, 0.0106076495722, -0.00130174902733, -0.00172626774292, -0.000597468926571, 0.00131018552929, -0.00239733210765], [-0.000511687656399, -0.00138753582723, 0.00161792791914, -0.00248618563637, -0.000163184959092, -0.000508592871483, -0.000935716670938, -0.00130174902733, 0.0133543815464, -0.00289587676525, 0.000405432714615, 0.00147866667248, -0.00217589759268], [-0.000600903178565, 0.00136695348192, -0.00185026135296, 0.00241937604733, -0.00295528676361, 0.00068791321246, 0.000817243068013, -0.00172626774292, -0.00289587676525, 0.0175543557853, -0.00333507661708, -0.00173142272979, 0.0017671356909], [0.000564372341614, -0.002754755551, 0.00161439494696, -0.00215526041575, 0.00232176133431, -0.0026023038663, 0.000750004313886, -0.000597468926571, 0.000405432714615, -0.00333507661708, 0.0149742485955, -0.00159370352048, -0.000143587341881], [-0.000823900511023, 0.00221055722795, -0.00175678089727, 0.000897942110896, -0.00169390439987, 0.00298064597882, -0.00324474973604, 0.00131018552929, 0.00147866667248, -0.00173142272979, -0.00159370352048, 0.0142423277721, -0.00326344906352], [0.000557178165764, -0.00239105941728, 0.00160079437774, -0.00233566132374, 0.00221562990919, -0.00182641344145, 0.00394571339712, -0.00239733210765, -0.00217589759268, 0.0017671356909, -0.000143587341881, -0.00326344906352, 0.0165104251355]]
    },
    "melbands": {
        "dmean": [0.000963777885772, 0.000736326095648, 0.000603634864092, 0.000997387105599, 0.000433829321992, 0.000352499220753, 0.000280926004052, 0.000186706689419, 0.000156018708367, 0.000109850967419, 0.000104861319414, 8.05978779681e-05, 9.71125627984e-05, 5.64332804061e-05, 3.59077857865e-05, 4.05087412219e-05, 3.74081537302e-05, 2.48980559263e-05, 2.99167968478e-05, 1.49558818521e-05, 1.44635996548e-05, 1.440529104e-05, 1.29492491396e-05, 7.1643148658e-06, 6.80177618051e-06, 9.21225819184e-06, 6.62537831886e-06, 4.98324470755e-06, 2.92049026029e-06, 2.81923416878e-06, 2.84465386358e-06, 3.31876185555e-06, 3.8195335037e-06, 3.29033855451e-06, 3.66012500308e-06, 3.06407105199e-06, 2.04566481443e-06, 1.5042458017e-06, 1.38603820687e-06, 9.73075884758e-07],
        "dmean2": [0.00144570600241, 0.00121678109281, 0.00103996356484, 0.00171425321605, 0.000689113221597, 0.000547458534129, 0.000430667103501, 0.000289162533591, 0.000243502028752, 0.000176165689481, 0.000163111311849, 0.000127240156871, 0.000158923328854, 9.35756834224e-05, 5.71767195652e-05, 6.34124007775e-05, 6.04670640314e-05, 3.95495080738e-05, 4.77721368952e-05, 2.30533096328e-05, 2.0832860173e-05, 2.20300917135e-05, 2.01215061679e-05, 1.14739168566e-05, 1.0543535609e-05, 1.39405301525e-05, 1.01977002487e-05, 7.47278363633e-06, 4.35465290138e-06, 4.30458794654e-06, 4.36735763287e-06, 5.00837131767e-06, 5.63574803891e-06, 4.68490088679e-06, 5.21886386196e-06, 4.35491301687e-06, 2.96946018352e-06, 2.29018451137e-06, 2.16149987864e-06, 1.43922761708e-06],
        "dvar": [2.96096823149e-06, 3.12499673782e-06, 9.70731548477e-07, 7.00629880157e-06, 7.56503368393e-07, 4.11261822819e-07, 3.92393019411e-07, 2.17033800709e-07, 1.62172014484e-07, 1.01416901543e-07, 1.24086653841e-07, 4.42235865705e-08, 7.31546023758e-08, 2.23159251078e-08, 7.91122989341e-09, 1.25984724875e-08, 6.89097179318e-09, 4.16603995745e-09, 4.69667327252e-09, 1.02195285567e-09, 1.38398337235e-09, 9.77263936441e-10, 6.4154143109e-10, 1.33072899922e-10, 1.14594153611e-10, 3.94432708717e-10, 1.13808421021e-10, 1.0651368676e-10, 3.09184657044e-11, 2.78909204759e-11, 2.97602012478e-11, 4.4097312607e-11, 8.61110904804e-11, 4.8126534008e-11, 5.31615272636e-11, 4.0438988963e-11, 1.87037798444e-11, 1.01911873038e-11, 9.36929093337e-12, 4.61624488635e-12],
        "dvar2": [7.01796443536e-06, 8.02213071438e-06, 2.62312823907e-06, 1.93737269001e-05, 1.76360777004e-06, 9.43440397805e-07, 8.71625843502e-07, 4.87543445615e-07, 4.05540390602e-07, 2.4840869628e-07, 3.02763680793e-07, 1.13414124314e-07, 1.73315626739e-07, 5.79693590907e-08, 1.86795965362e-08, 3.00356752803e-08, 1.70443783531e-08, 9.74142011501e-09, 1.15084697327e-08, 2.21253726451e-09, 2.99248492652e-09, 2.1560047081e-09, 1.45267875507e-09, 3.1913779952e-10, 2.59055638052e-10, 7.69222519015e-10, 2.65280408751e-10, 2.25897203721e-10, 6.68112232205e-11, 6.44324871235e-11, 6.7289278316e-11, 9.4067989509e-11, 1.87966420206e-10, 1.01578474798e-10, 1.06399708488e-10, 7.91735982331e-11, 3.84103061857e-11, 2.09049444422e-11, 2.23433181679e-11, 9.74739126219e-12],
        "max": [0.0159252081066, 0.0177646223456, 0.00880601070821, 0.020447736606, 0.013423807919, 0.0109821436927, 0.0075905341655, 0.00966660026461, 0.00638579577208, 0.00405636196956, 0.00564631493762, 0.00321845570579, 0.00313862832263, 0.00177150312811, 0.00128509069327, 0.00161973654758, 0.00123239273671, 0.000835359212942, 0.000921831233427, 0.000422920129495, 0.000602696789429, 0.000459812028566, 0.000372399488697, 0.000160690949997, 0.000155745685333, 0.000384797574952, 0.000134401518153, 0.00017795606982, 0.000102583639091, 7.74586806074e-05, 5.79800980631e-05, 0.000107044746983, 0.000140163916512, 0.00010171476606, 8.29187556519e-05, 7.87927347119e-05, 8.35335740703e-05, 4.85317250423e-05, 4.60491392005e-05, 3.38531390298e-05],
        "mean": [0.0019167229766, 0.00126895518042, 0.000987765146419, 0.0011277917074, 0.00068503204966, 0.000570474076085, 0.000447455618996, 0.000297730584862, 0.000222482471145, 0.000154947687406, 0.000144525358337, 0.00011480160174, 0.000128390398459, 7.53412532504e-05, 5.04846502736e-05, 5.29179815203e-05, 5.31552032044e-05, 3.42492021446e-05, 4.8251455155e-05, 2.62851553998e-05, 2.37164731516e-05, 2.45823976002e-05, 2.13670118683e-05, 1.22444243971e-05, 1.25251162899e-05, 1.5712919776e-05, 1.20283675642e-05, 8.2504002421e-06, 4.66237133878e-06, 4.42387499788e-06, 4.49534491054e-06, 5.04211220687e-06, 5.56745590075e-06, 5.02813145431e-06, 5.57163457415e-06, 4.63330297862e-06, 3.01406657854e-06, 2.13312046071e-06, 1.88468072793e-06, 1.29973454932e-06],
        "median": [0.00119840668049, 0.000889190356247, 0.000689686217811, 0.000554435362574, 0.000302076135995, 0.000231815574807, 0.000127281513414, 9.02026076801e-05, 7.93637300376e-05, 4.68964171887e-05, 3.74862283934e-05, 3.84969935112e-05, 3.06410765916e-05, 2.92964014079e-05, 2.15569907596e-05, 1.62983105838e-05, 2.04094430956e-05, 1.2378754036e-05, 1.53228811541e-05, 1.09075781438e-05, 8.17305590317e-06, 7.07227809471e-06, 6.62681804897e-06, 6.71203861202e-06, 6.59190754959e-06, 7.57004545449e-06, 6.34278421785e-06, 3.32599483954e-06, 2.19432899939e-06, 1.95318830265e-06, 1.76095068127e-06, 1.60690217399e-06, 1.36305311571e-06, 1.26465329231e-06, 1.65336894042e-06, 1.25773101445e-06, 7.33045112611e-07, 4.72011379316e-07, 4.90068146064e-07, 3.62662916586e-07],
        "min": [7.8432447026e-07, 6.84516464844e-07, 9.02383908397e-06, 2.03808922379e-05, 1.58821640071e-05, 4.79439768242e-06, 3.32447552864e-06, 1.53630276145e-06, 7.45800036839e-07, 1.58836235187e-06, 8.43164798425e-07, 2.31879653256e-06, 9.74597128334e-07, 1.55127054313e-06, 1.34619074288e-06, 4.82654513689e-07, 9.07636831471e-07, 1.04659090994e-06, 6.76978402225e-07, 2.53089893931e-07, 3.36929048217e-07, 1.43783097428e-07, 9.2101643645e-08, 1.10817452992e-07, 4.0151501679e-08, 6.92582560191e-08, 3.93723169623e-08, 1.38469626876e-08, 9.15258535628e-09, 3.64867136504e-09, 1.68147529234e-09, 2.74207589968e-09, 1.09651077107e-09, 3.46926404271e-10, 1.90155322044e-10, 1.56633400694e-10, 5.28518166731e-11, 1.53997515152e-13, 1.05557876079e-13, 4.60256629358e-14],
