{
"highlevel": {
    "danceability": {
        "all": {
            "danceable": 0.17965182662,
            "not_danceable": 0.820348203182
        },
        "probability": 0.820348203182,
        "value": "not_danceable"
    },
    "gender": {
        "all": {
            "female": 0.469363361597,
            "male": 0.530636668205
        },
        "probability": 0.530636668205,
        "value": "male"
    },
    "genre_dortmund": {
        "all": {
            "alternative": 0.302912712097,
            "blues": 0.0346680097282,
            "electronic": 0.212511599064,
            "folkcountry": 0.0571232698858,
            "funksoulrnb": 0.0285411439836,
            "jazz": 0.139517590404,
            "pop": 0.044090308249,
            "raphiphop": 0.0260565597564,
            "rock": 0.154578790069
        },
        "probability": 0.302912712097,
        "value": "alternative"
    },
    "genre_electronic": {
        "all": {
            "ambient": 0.921025454998,
            "dnb": 0.0114062670618,
            "house": 0.0482492186129,
            "techno": 0.00589738925919,
            "trance": 0.0134216975421
        },
        "probability": 0.921025454998,
        "value": "ambient"
    },
    "genre_rosamerica": {
        "all": {
            "cla": 0.0399113707244,
            "dan": 0.0390538983047,
            "hip": 0.0432316884398,
            "jaz": 0.0270301941782,
            "pop": 0.0938159972429,
            "rhy": 0.670942544937,
            "roc": 0.0413923077285,
            "spe": 0.0446220040321
        },
        "probability": 0.670942544937,
        "value": "rhy"
    },
    "genre_tzanetakis": {
        "all": {
            "blu": 8.66839044988e-08,
            "cla": 4.75662105259e-08,
            "cou": 1.27148993556e-07,
            "dis": 9.80997469924e-08,
            "hip": 1.95764897626e-07,
            "jaz": 0.999892234802,
            "met": 7.28469089495e-08,
            "pop": 1.02730986384e-07,
            "reg": 0.000106904386485,
            "roc": 1.10413097332e-07
        },
        "probability": 0.999892234802,
        "value": "jaz"
    },
    "ismir04_rhythm": {
        "all": {
            "ChaChaCha": 0.0335338376462,
            "Jive": 0.0100447591394,
            "Quickstep": 0.00692766252905,
            "Rumba-American": 0.0641612410545,
            "Rumba-International": 0.770300984383,
            "Rumba-Misc": 0.0068581039086,
            "Samba": 0.0270452294499,
            "Tango": 0.0238702110946,
            "VienneseWaltz": 0.0389519408345,
            "Waltz": 0.0183060504496
        },
        "probability": 0.770300984383,
        "value": "Rumba-International"
    },
    "mood_acoustic": {
        "all": {
            "acoustic": 0.834507584572,
            "not_acoustic": 0.165492385626
        },
        "probability": 0.834507584572,
        "value": "acoustic"
    },
    "mood_aggressive": {
        "all": {
            "aggressive": 0.0209383182228,
            "not_aggressive": 0.979061663151
        },
        "probability": 0.979061663151,
        "value": "not_aggressive"
    },
    "mood_electronic": {
        "all": {
            "electronic": 0.706943452358,
            "not_electronic": 0.293056517839
        },
        "probability": 0.706943452358,
        "value": "electronic"
    },
    "mood_happy": {
        "all": {
            "happy": 0.195832982659,
            "not_happy": 0.804167032242
        },
        "probability": 0.804167032242,
        "value": "not_happy"
    },
    "mood_party": {
        "all": {
            "not_party": 0.945856571198,
            "party": 0.0541433990002
        },
        "probability": 0.945856571198,
        "value": "not_party"
    },
    "mood_relaxed": {
        "all": {
            "not_relaxed": 0.0380893982947,
            "relaxed": 0.961910605431
        },
        "probability": 0.961910605431,
        "value": "relaxed"
    },
    "mood_sad": {
        "all": {
            "not_sad": 0.0692670568824,
            "sad": 0.930732965469
        },
        "probability": 0.930732965469,
        "value": "sad"
    },
    "moods_mirex": {
        "all": {
            "Cluster1": 0.190210029483,
            "Cluster2": 0.129417777061,
            "Cluster3": 0.592455744743,
            "Cluster4": 0.0577144511044,
            "Cluster5": 0.0302019696683
        },
        "probability": 0.592455744743,
        "value": "Cluster3"
    },
    "timbre": {
        "all": {
            "bright": 0.277725428343,
            "dark": 0.722274541855
        },
        "probability": 0.722274541855,
        "value": "dark"
    },
    "tonal_atonal": {
        "all": {
            "atonal": 0.842206180096,
            "tonal": 0.157793790102
        },
        "probability": 0.842206180096,
        "value": "atonal"
    },
    "voice_instrumental": {
        "all": {
            "instrumental": 0.195505142212,
            "voice": 0.804494857788
        },
        "probability": 0.804494857788,
        "value": "voice"
    }
},
"lowlevel": {
    "average_loudness": 0.948114156723,
    "barkbands_crest": {
        "dmean": 3.01096224785,
        "dmean2": 4.78061246872,
        "dvar": 7.05394887924,
        "dvar2": 16.9326457977,
        "max": 25.4428424835,
        "mean": 13.3358888626,
        "median": 12.8066682816,
        "min": 4.02781820297,
        "var": 20.0712165833
    },
    "barkbands_flatness_db": {
        "dmean": 0.0339174792171,
        "dmean2": 0.0467868968844,
        "dvar": 0.00120764144231,
        "dvar2": 0.00208130897954,
        "max": 0.489983081818,
        "mean": 0.279268145561,
        "median": 0.27509790659,
        "min": 0.0827762186527,
        "var": 0.00693520810455
    },
    "barkbands_kurtosis": {
        "dmean": 8.38290119171,
        "dmean2": 13.1883955002,
        "dvar": 202.14024353,
        "dvar2": 441.234893799,
        "max": 223.183135986,
        "mean": 15.6770896912,
        "median": 9.38642787933,
        "min": -1.83366906643,
        "var": 507.502990723
    },
    "barkbands_skewness": {
        "dmean": 0.821192026138,
        "dmean2": 1.29647219181,
        "dvar": 0.79831558466,
        "dvar2": 1.98874366283,
        "max": 11.6975231171,
        "mean": 2.60137748718,
        "median": 2.35244846344,
        "min": -0.549919307232,
        "var": 2.55074954033
    },
    "barkbands_spread": {
        "dmean": 3.53640341759,
        "dmean2": 5.83008861542,
        "dvar": 60.4347953796,
        "dvar2": 159.1612854,
        "max": 85.7190704346,
        "mean": 7.27962684631,
        "median": 4.91944074631,
        "min": 0.371389716864,
        "var": 72.7862548828
    },
    "dissonance": {
        "dmean": 0.0336049832404,
        "dmean2": 0.0561566278338,
        "dvar": 0.000951623776928,
        "dvar2": 0.00255960621871,
        "max": 0.499709635973,
        "mean": 0.413938879967,
        "median": 0.42608076334,
        "min": 0.181137815118,
        "var": 0.00304529629648
    },
    "dynamic_complexity": 3.11167669296,
    "erbbands_crest": {
        "dmean": 2.56330418587,
        "dmean2": 4.10023450851,
        "dvar": 5.57766008377,
        "dvar2": 13.2226924896,
        "max": 26.6028728485,
        "mean": 10.3758525848,
        "median": 9.59270572662,
        "min": 3.59389448166,
        "var": 15.1191387177
    },
    "erbbands_flatness_db": {
        "dmean": 0.0216584485024,
        "dmean2": 0.0298295430839,
        "dvar": 0.000560369051527,
        "dvar2": 0.000960319186561,
        "max": 0.442370265722,
        "mean": 0.233823090792,
        "median": 0.209093883634,
        "min": 0.0747230574489,
        "var": 0.0075652403757
    },
    "erbbands_kurtosis": {
        "dmean": 2.07741570473,
        "dmean2": 3.1071202755,
        "dvar": 8.93468856812,
        "dvar2": 18.2036628723,
        "max": 49.2351646423,
        "mean": 2.97857999802,
        "median": 1.19963312149,
        "min": -1.85541653633,
        "var": 27.6731433868
    },
    "erbbands_skewness": {
        "dmean": 0.502361357212,
        "dmean2": 0.750769495964,
        "dvar": 0.258544534445,
        "dvar2": 0.607220828533,
        "max": 5.93221473694,
        "mean": 1.18689262867,
        "median": 1.05447840691,
        "min": -1.3266685009,
        "var": 1.01167666912
    },
    "erbbands_spread": {
        "dmean": 9.46568393707,
        "dmean2": 13.7789840698,
        "dvar": 213.233642578,
        "dvar2": 440.889770508,
        "max": 153.811569214,
        "mean": 29.4930934906,
        "median": 20.6525287628,
        "min": 3.11710882187,
        "var": 663.293701172
    },
    "hfc": {
        "dmean": 3.25100159645,
        "dmean2": 4.85973739624,
        "dvar": 18.581407547,
        "dvar2": 40.7685241699,
        "max": 43.6958427429,
        "mean": 10.0960083008,
        "median": 7.88236141205,
        "min": 0.101321138442,
        "var": 67.6246643066
    },
    "melbands_crest": {
        "dmean": 3.23120307922,
        "dmean2": 5.03714227676,
        "dvar": 8.79348468781,
        "dvar2": 19.8206291199,
        "max": 33.6589355469,
        "mean": 16.9474906921,
        "median": 15.8989601135,
        "min": 3.5227689743,
        "var": 33.4008598328
    },
    "melbands_flatness_db": {
        "dmean": 0.0397816039622,
        "dmean2": 0.053727645427,
        "dvar": 0.00187500577886,
        "dvar2": 0.00331077165902,
        "max": 0.619205415249,
        "mean": 0.366442084312,
        "median": 0.368898421526,
        "min": 0.066129527986,
        "var": 0.00997634511441
    },
    "melbands_kurtosis": {
        "dmean": 15.4324359894,
        "dmean2": 23.8458957672,
        "dvar": 867.490600586,
        "dvar2": 2112.66235352,
        "max": 496.938323975,
        "mean": 28.9417591095,
        "median": 15.781496048,
        "min": -1.23277688026,
        "var": 1646.72058105
    },
    "melbands_skewness": {
        "dmean": 0.987276613712,
        "dmean2": 1.53168642521,
        "dvar": 1.40652179718,
        "dvar2": 3.28274774551,
        "max": 17.1237297058,
        "mean": 3.33662033081,
        "median": 2.79581212997,
        "min": 0.0226644463837,
        "var": 4.55769252777
    },
    "melbands_spread": {
        "dmean": 3.08189606667,
        "dmean2": 5.11838388443,
        "dvar": 43.0760879517,
        "dvar2": 120.846122742,
        "max": 77.9852371216,
        "mean": 6.7958612442,
        "median": 5.34594392776,
        "min": 0.441847115755,
        "var": 44.8338241577
    },
    "pitch_salience": {
        "dmean": 0.078960865736,
        "dmean2": 0.119763351977,
        "dvar": 0.00569341611117,
        "dvar2": 0.0128048406914,
        "max": 0.844316422939,
        "mean": 0.529601693153,
        "median": 0.540854513645,
        "min": 0.121375538409,
        "var": 0.0167558677495
    },
    "silence_rate_20dB": {
        "dmean": 0,
        "dmean2": 0,
        "dvar": 0,
        "dvar2": 0,
        "max": 1,
        "mean": 1,
        "median": 1,
        "min": 1,
        "var": 0
    },
    "silence_rate_30dB": {
        "dmean": 0.0139318881556,
        "dmean2": 0.0278853606433,
        "dvar": 0.0137380538508,
        "dvar2": 0.0364032126963,
        "max": 1,
        "mean": 0.989945888519,
        "median": 1,
        "min": 0,
        "var": 0.00995305553079
    },
    "silence_rate_60dB": {
        "dmean": 0.0278637763113,
        "dmean2": 0.0557707212865,
        "dvar": 0.0270873941481,
        "dvar2": 0.0604060664773,
        "max": 1,
        "mean": 0.0618716180325,
        "median": 0,
        "min": 0,
        "var": 0.0580437481403
    },
    "spectral_centroid": {
        "dmean": 132.262786865,
        "dmean2": 218.762710571,
        "dvar": 65303.7695312,
        "dvar2": 172664.203125,
        "max": 2656.09692383,
        "mean": 463.357971191,
        "median": 391.326202393,
        "min": 130.672973633,
        "var": 82811.234375
    },
    "spectral_complexity": {
        "dmean": 2.13467502594,
        "dmean2": 3.24786996841,
        "dvar": 7.90444374084,
        "dvar2": 17.0260448456,
        "max": 30,
        "mean": 9.20726966858,
        "median": 8,
        "min": 1,
        "var": 24.227678299
    },
    "spectral_decrease": {
        "dmean": 3.16053028193e-09,
        "dmean2": 4.76285499929e-09,
        "dvar": 1.42696546968e-17,
        "dvar2": 3.18346050482e-17,
        "max": -1.14310054478e-10,
        "mean": -9.95674032112e-09,
        "median": -8.60810889236e-09,
        "min": -3.58873606388e-08,
        "var": 6.07390451992e-17
    },
    "spectral_energy": {
        "dmean": 0.0120957577601,
        "dmean2": 0.0182378478348,
        "dvar": 0.000208495635889,
        "dvar2": 0.000464999990072,
        "max": 0.137154012918,
        "mean": 0.0384947136045,
        "median": 0.0336883105338,
        "min": 0.000440622301539,
        "var": 0.000894880155101
    },
    "spectral_energyband_high": {
        "dmean": 0.000151721658767,
        "dmean2": 0.000227880169405,
        "dvar": 1.40952053584e-07,
        "dvar2": 3.5215208527e-07,
        "max": 0.0046717543155,
        "mean": 0.000203846866498,
        "median": 2.71415556199e-05,
        "min": 1.2017728146e-08,
        "var": 2.21952177526e-07
    },
    "spectral_energyband_low": {
        "dmean": 0.00892015825957,
        "dmean2": 0.0131015684456,
        "dvar": 0.000148713064846,
        "dvar2": 0.000343850435456,
        "max": 0.106872528791,
        "mean": 0.0187991149724,
        "median": 0.00961188971996,
        "min": 1.01742477909e-06,
        "var": 0.000465571472887
    },
    "spectral_energyband_middle_high": {
        "dmean": 0.000611075840425,
        "dmean2": 0.000904636748601,
        "dvar": 1.40481597555e-06,
        "dvar2": 3.15232955472e-06,
        "max": 0.0159649178386,
        "mean": 0.00138195313048,
        "median": 0.000547409290448,
        "min": 8.03650254966e-06,
        "var": 4.23855635745e-06
    },
    "spectral_energyband_middle_low": {
        "dmean": 0.00754196895286,
        "dmean2": 0.011518124491,
        "dvar": 9.77730232989e-05,
        "dvar2": 0.000207470380701,
        "max": 0.102998152375,
        "mean": 0.0199460648,
        "median": 0.0141378808767,
        "min": 0.000129520645714,
        "var": 0.000345010397723
    },
    "spectral_entropy": {
        "dmean": 0.303883820772,
        "dmean2": 0.426915705204,
        "dvar": 0.108381949365,
        "dvar2": 0.210712358356,
        "max": 8.45628643036,
        "mean": 6.49583864212,
        "median": 6.49788570404,
        "min": 4.60767221451,
        "var": 0.600328862667
    },
    "spectral_flux": {
        "dmean": 0.0302428379655,
        "dmean2": 0.0480113439262,
        "dvar": 0.000951997702941,
        "dvar2": 0.00241436413489,
        "max": 0.267190098763,
        "mean": 0.0837501361966,
        "median": 0.07633831352,
        "min": 0.00537422159687,
        "var": 0.00287338416092
    },
    "spectral_kurtosis": {
        "dmean": 11.0646238327,
        "dmean2": 18.5352077484,
        "dvar": 283.665771484,
        "dvar2": 811.971679688,
        "max": 166.410858154,
        "mean": 26.4035739899,
        "median": 12.6698570251,
        "min": -0.880647182465,
        "var": 1114.37084961
    },
    "spectral_rms": {
        "dmean": 0.000944998813793,
        "dmean2": 0.00138869136572,
        "dvar": 9.45382225837e-07,
        "dvar2": 1.96482983483e-06,
        "max": 0.0115675749257,
        "mean": 0.0055658663623,
        "median": 0.00573294376954,
        "min": 0.000655648880638,
        "var": 6.5769804678e-06
    },
    "spectral_rolloff": {
        "dmean": 241.447631836,
        "dmean2": 444.80847168,
        "dvar": 755578.125,
        "dvar2": 2120410.25,
        "max": 8720.94726562,
        "mean": 509.11920166,
        "median": 344.53125,
        "min": 64.599609375,
        "var": 518138.59375
    },
    "spectral_skewness": {
        "dmean": 0.841326475143,
        "dmean2": 1.3607198,
        "dvar": 0.959155201912,
        "dvar2": 2.86874699593,
        "max": 10.3941507339,
        "mean": 3.35233139992,
        "median": 2.90412354469,
        "min": 0.342417061329,
        "var": 3.78625941277
    },
    "spectral_spread": {
        "dmean": 775323.8125,
        "dmean2": 1090571.25,
        "dvar": 1.38860940493e+12,
        "dvar2": 2.32443687731e+12,
        "max": 20741286,
        "mean": 3382865.5,
        "median": 2939979.25,
        "min": 520235.53125,
        "var": 4.98443065754e+12
    },
    "spectral_strongpeak": {
        "dmean": 0.255202740431,
        "dmean2": 0.42587390542,
        "dvar": 0.11734880507,
        "dvar2": 0.326875984669,
        "max": 3.95124387741,
        "mean": 0.592045485973,
        "median": 0.510242760181,
        "min": 0,
        "var": 0.172842800617
    },
    "zerocrossingrate": {
        "dmean": 0.00646934844553,
        "dmean2": 0.00791197177023,
        "dvar": 8.19944471004e-05,
        "dvar2": 0.000109533830255,
        "max": 0.1572265625,
        "mean": 0.0244382303208,
        "median": 0.02001953125,
        "min": 0.001953125,
        "var": 0.000341187784215
    },
    "barkbands": {
        "dmean": [0.000253216945566, 0.00666355993599, 0.00319280195981, 0.00239377375692, 0.00510835880414, 0.00121965492144, 0.000958441756666, 0.000362922466593, 0.000601854466368, 0.000221576730837, 0.000145484242239, 0.000170074243215, 0.000140309348353, 0.000105799561425, 6.522298645e-05, 3.65875821444e-05, 2.43739377765e-05, 3.23579224641e-05, 1.34509073177e-05, 1.02229760159e-05, 2.56021012319e-05, 3.50411319232e-05, 3.69993540517e-05, 4.61991476186e-05, 1.86379438674e-05, 4.62870957563e-06, 8.72028138588e-09],
        "dmean2": [0.000350921764039, 0.00940747372806, 0.00568654667586, 0.00400493480265, 0.00787292420864, 0.00190929637756, 0.0014157659607, 0.000567733310163, 0.000953837647103, 0.000346071494278, 0.000223494818783, 0.000259272783296, 0.000219675624976, 0.000165852849022, 0.000111316869152, 5.88522161706e-05, 4.16654766013e-05, 5.71350683458e-05, 2.18450059037e-05, 1.64460998349e-05, 4.2641935579e-05, 4.82737777929e-05, 5.29701246705e-05, 7.89215337136e-05, 2.94627607218e-05, 7.65766435507e-06, 1.51175498786e-08],
        "dvar": [2.06522514645e-07, 0.000128474071971, 2.21068421524e-05, 1.62313463079e-05, 5.6796179706e-05, 4.80925154989e-06, 3.74299520445e-06, 6.86328405664e-07, 2.3281547783e-06, 3.79097798486e-07, 1.08968094992e-07, 1.59373087172e-07, 1.12262831919e-07, 8.26889916539e-08, 3.98638242416e-08, 7.55633511318e-09, 4.97611596373e-09, 1.61805733256e-08, 1.15675824475e-09, 3.4808383953e-10, 7.65668062286e-09, 9.40569488961e-09, 7.41623962242e-09, 2.02868495336e-08, 3.77571041099e-09, 3.30073773869e-10, 2.4622972491e-15],
        "dvar2": [3.02145906517e-07, 0.00026908935979, 6.61482044961e-05, 4.08739942941e-05, 0.000135249007144, 1.13947398859e-05, 7.81718426879e-06, 1.38866550969e-06, 5.45000239072e-06, 9.76370074568e-07, 2.62144368435e-07, 3.69118140497e-07, 2.77492546275e-07, 2.08854928019e-07, 1.12419989762e-07, 1.91136262373e-08, 1.43207659065e-08, 4.79512927143e-08, 2.99986480101e-09, 8.68339511406e-10, 2.11349018286e-08, 2.07685229014e-08, 1.75357754983e-08, 5.71561677987e-08, 9.93967486096e-09, 8.73569938609e-10, 5.5371238329e-15],
        "max": [0.00458377413452, 0.0849596709013, 0.0417157784104, 0.0499936081469, 0.0836632102728, 0.0295581631362, 0.0279490090907, 0.0218908619136, 0.0248912330717, 0.0097263418138, 0.006312741898, 0.00591978430748, 0.00439584627748, 0.00546601321548, 0.00207554502413, 0.0010961513035, 0.000981605960988, 0.00177107879426, 0.000563395442441, 0.000249741919106, 0.00163696252275, 0.00271552754566, 0.00092575448798, 0.00125568523072, 0.000659118231852, 0.000196252207388, 8.1526076201e-07],
        "mean": [0.000601449923124, 0.0122056528926, 0.00419680820778, 0.00406871549785, 0.0104974284768, 0.00203940435313, 0.00171082501765, 0.000593212782405, 0.000939846155234, 0.000319593702443, 0.000231460537179, 0.000266669667326, 0.000222275222768, 0.000170693427208, 7.88133838796e-05, 5.14720049978e-05, 3.32110757881e-05, 3.45642220054e-05, 2.10171801882e-05, 1.61760253832e-05, 2.58399359154e-05, 5.52420606255e-05, 4.5248423703e-05, 4.31621047028e-05, 2.14387073356e-05, 4.55650069853e-06, 6.51972431598e-09],
        "median": [8.31167708384e-05, 0.00225096172653, 0.00260755419731, 0.00125200557522, 0.00614971434698, 0.000730810628738, 0.000701697426848, 0.000204906435101, 0.000247678981395, 6.17668556515e-05, 5.79062470933e-05, 6.05516906944e-05, 4.29309002357e-05, 4.09683088947e-05, 1.93134801521e-05, 1.63582008099e-05, 1.13949899969e-05, 8.52736957313e-06, 7.67787696532e-06, 5.97036296313e-06, 2.16813145926e-06, 5.55256474399e-06, 2.43280919676e-06, 2.74884860119e-06, 2.9902598726e-06, 1.21506587902e-07, 6.19450712946e-10],
        "min": [1.0586236332e-09, 3.63565781925e-08, 1.00752245658e-07, 4.39264965735e-07, 1.80769784492e-05, 7.3719647844e-06, 1.75947127445e-06, 3.50003915628e-07, 5.55411816094e-07, 2.90463503916e-07, 6.88749764777e-07, 7.36103061172e-07, 3.39312464348e-07, 3.79170415954e-07, 7.95215910898e-08, 4.50489579862e-07, 1.36158021746e-07, 8.25424635309e-08, 4.62286280367e-08, 7.5918444864e-09, 4.38817766846e-11, 1.57382984423e-09, 1.5364263195e-09, 7.53814677346e-10, 1.22972257377e-10, 6.28928766705e-12, 7.94480453647e-12],
        "var": [1.15441321213e-06, 0.000350644637365, 2.65280086751e-05, 4.28662060585e-05, 0.000146732156281, 1.14810109153e-05, 8.7894659373e-06, 1.91778872249e-06, 4.50017887488e-06, 5.1188260386e-07, 2.44840350661e-07, 3.10935064363e-07, 2.44767306867e-07, 1.42228302025e-07, 3.87460055151e-08, 1.15019576086e-08, 4.22131885003e-09, 1.05464383893e-08, 1.46994727501e-09, 6.91469215219e-10, 7.63651897273e-09, 2.95755686608e-08, 1.08278248589e-08, 1.45485445913e-08, 3.7789571472e-09, 2.9401692192e-10, 1.82116234121e-15]
    },
    "erbbands": {
        "dmean": [0.213360086083, 1.44039487839, 3.26091527939, 5.49113798141, 14.7120656967, 19.8715362549, 12.3517961502, 8.6383638382, 12.367193222, 15.4923963547, 8.0827922821, 11.8650684357, 9.13569545746, 5.29866504669, 5.09004688263, 6.69942426682, 6.5234837532, 4.98748350143, 4.52976083755, 2.6239130497, 1.90001666546, 1.3668320179, 1.7501950264, 1.02414953709, 0.584822118282, 0.481510281563, 0.555559396744, 1.33322799206, 1.31757354736, 1.07532048225, 1.02441418171, 0.825282037258, 0.8791051507, 0.256710320711, 0.118215434253, 0.0286686252803, 0.00864376407117, 0.00104540027678, 2.32018228417e-05, 1.33546709549e-05],
        "dmean2": [0.2721978724, 2.21928977966, 5.76455688477, 9.2091255188, 24.9400100708, 28.9282989502, 19.6025714874, 13.390080452, 18.7069396973, 23.619260788, 12.0687351227, 18.6441478729, 14.3823099136, 8.12039661407, 7.75438213348, 10.1323537827, 10.1209831238, 7.5956568718, 7.48622465134, 4.33293676376, 3.09710407257, 2.32983374596, 3.09697365761, 1.74098908901, 0.968560397625, 0.766358196735, 0.890656411648, 2.17500948906, 1.83362936974, 1.460283041, 1.46511495113, 1.34659540653, 1.55261898041, 0.402730613947, 0.197893828154, 0.0489957518876, 0.0141875566915, 0.00183058669791, 3.92946785723e-05, 2.06265467568e-05],
        "dvar": [0.127968892455, 7.04916763306, 24.7484798431, 64.9120788574, 572.58380127, 993.700073242, 331.113922119, 215.18460083, 705.709533691, 1384.54736328, 554.077941895, 852.672912598, 588.141662598, 219.502197266, 132.115524292, 258.980560303, 226.87979126, 134.741775513, 171.974563599, 68.0848846436, 22.9113712311, 18.0226573944, 50.5712661743, 11.2817220688, 2.07871174812, 0.753583431244, 1.85309636593, 20.5152130127, 16.2070236206, 6.69210243225, 5.66075468063, 5.21525430679, 8.72622871399, 0.594516336918, 0.185943379998, 0.0133121423423, 0.00118731730618, 2.35583356698e-05, 6.96472390871e-09, 2.50716392092e-10],
        "dvar2": [0.17711250484, 16.6667938232, 72.1777801514, 173.453384399, 1541.88244629, 2088.25927734, 836.786865234, 508.07824707, 1775.82128906, 2931.76293945, 1010.38769531, 1934.94580078, 1581.37402344, 545.12487793, 284.528564453, 603.333007812, 562.862670898, 310.998535156, 470.807220459, 178.10508728, 59.3785324097, 52.13829422, 148.954437256, 32.862991333, 5.3218536377, 1.82933354378, 4.67945623398, 52.7334785461, 37.4300079346, 14.0339365005, 13.0549430847, 14.1902761459, 24.8719100952, 1.53051328659, 0.497756153345, 0.0365284867585, 0.0030951097142, 6.28703855909e-05, 1.87559212605e-08, 5.73101510692e-10],
        "max": [3.23576760292, 22.2250041962, 45.8328285217, 86.1376876831, 244.351455688, 392.496765137, 266.867553711, 211.992370605, 323.379333496, 591.269897461, 688.102050781, 561.449645996, 441.620666504, 286.464447021, 238.462295532, 261.638824463, 218.237503052, 223.897796631, 260.192596436, 121.093955994, 72.3973922729, 60.4266891479, 104.766998291, 58.522895813, 23.1106357574, 13.1861820221, 21.426399231, 93.8623428345, 114.241394043, 44.1166152954, 21.6798763275, 20.0368404388, 26.1136417389, 8.1336479187, 5.09039020538, 1.37208771706, 0.404927641153, 0.0611246079206, 0.00104160420597, 0.000149061947013],
        "mean": [0.485251963139, 2.22587585449, 4.60427522659, 9.74090099335, 24.2172737122, 40.7620697021, 23.8227920532, 15.0817728043, 19.5785064697, 25.3086395264, 15.2299365997, 18.6107444763, 14.0782957077, 8.78511619568, 9.08035564423, 10.6254701614, 11.0126800537, 8.97764778137, 6.36038684845, 3.30691146851, 2.80314064026, 1.90752696991, 1.90994369984, 1.40773367882, 0.9113509655, 0.786165297031, 0.671736478806, 1.48684930801, 2.01977229118, 1.56378448009, 1.23260998726, 0.850845277309, 0.777698040009, 0.315006941557, 0.117925867438, 0.0282459594309, 0.00818650703877, 0.000808973854873, 3.46921478922e-05, 4.37394919572e-05],
        "median": [0.0314251109958, 0.637347877026, 2.95543575287, 5.59984874725, 13.3002414703, 19.6424102783, 13.1333475113, 6.88082075119, 8.50714874268, 7.62811040878, 4.61470508575, 4.91274309158, 3.66621279716, 2.46229052544, 2.62241530418, 2.71073651314, 2.35582470894, 1.72347199917, 1.89737415314, 1.00069880486, 0.906712174416, 0.700178742409, 0.487274855375, 0.47396710515, 0.318594306707, 0.285154521465, 0.122986599803, 0.102044053376, 0.20624178648, 0.125429451466, 0.0614512749016, 0.0477041192353, 0.0472428202629, 0.0455257110298, 0.0123292319477, 0.00154875661246, 0.000219650333747, 1.71942701854e-05, 2.231050712e-05, 3.94829185097e-05],
        "min": [5.02156490256e-06, 5.97394209763e-05, 0.000542039517313, 0.00446903053671, 0.026844125241, 0.0734541863203, 0.091750472784, 0.0589141733944, 0.0590770579875, 0.135691195726, 0.0371784344316, 0.0152107160538, 0.0260193012655, 0.0270405132324, 0.0324613377452, 0.0252126157284, 0.0175946727395, 0.0273294318467, 0.0181708652526, 0.0175985656679, 0.0245181079954, 0.0150922005996, 0.00613549491391, 0.00341585883871, 0.0017777440371, 0.000394870556192, 8.61501612235e-05, 2.53561465797e-05, 7.04947960912e-05, 5.74635851081e-05, 4.21108888986e-05, 1.67698908626e-05, 1.47518885569e-05, 3.79524931304e-06, 2.30576756621e-06, 1.37884160267e-06, 2.89473689463e-07, 4.46493828576e-08, 2.22441286724e-07, 4.87157308271e-07],
        "var": [0.724694132805, 11.0281152725, 31.3180427551, 141.353027344, 896.276672363, 2915.42138672, 849.126647949, 475.638000488, 1059.90222168, 2718.18261719, 1788.44030762, 1941.96716309, 835.363220215, 327.731109619, 349.784210205, 469.678894043, 531.664855957, 391.881408691, 180.058242798, 72.395072937, 36.1496543884, 14.545258522, 32.6630096436, 9.31729698181, 2.7722299099, 1.58307790756, 2.19300818443, 28.8400402069, 45.0270881653, 15.4693508148, 8.26880645752, 4.43735790253, 5.87396812439, 0.669009029865, 0.160300582647, 0.0109768193215, 0.00106433674227, 1.67812177096e-05, 5.29375299152e-09, 1.07662545545e-09]
    },
    "gfcc": {
        "mean": [-93.1320800781, 166.896209717, -91.7545928955, 17.9190177917, -51.9820899963, 7.37706184387, -43.4620857239, -8.18942832947, -18.0021572113, -13.9013814926, -6.01691865921, -11.5389871597, -5.48139858246],
        "cov": [[9738.43457031, -3941.46704102, 1438.45959473, 2773.15673828, -1373.37939453, 2188.18530273, -14.3843154907, 731.105407715, -254.00819397, 1006.96313477, -322.612976074, 119.117088318, 59.7841529846], [-3941.46704102, 2591.52929688, -838.80657959, -1693.96203613, 761.425537109, -1094.09875488, 171.265869141, -343.834777832, 129.320556641, -490.530670166, 188.951171875, -152.8540802, 9.19552612305], [1438.45959473, -838.80657959, 1451.19702148, 1064.02648926, -135.966262817, 660.99017334, 81.8541793823, 157.007369995, 53.6196365356, 353.590423584, -71.707069397, 31.4266548157, 71.2671279907], [2773.15673828, -1693.96203613, 1064.02648926, 1925.46362305, -445.064178467, 956.308837891, -32.7880935669, 213.729904175, 104.925552368, 326.630889893, 17.6401596069, 1.56881141663, 135.906936646], [-1373.37939453, 761.425537109, -135.966262817, -445.064178467, 503.167419434, -286.956085205, 126.842201233, -30.8841094971, 32.2550354004, -60.0053024292, 50.9983863831, -18.9683818817, 18.6518955231], [2188.18530273, -1094.09875488, 660.99017334, 956.308837891, -286.956085205, 821.601989746, 71.3496704102, 223.819854736, 14.9721269608, 301.539398193, -32.0149497986, 10.3658266068, 43.4795036316], [-14.3843154907, 171.265869141, 81.8541793823, -32.7880935669, 126.842201233, 71.3496704102, 201.646896362, 54.228099823, 5.82448577881, 78.9332885742, 43.4958229065, -14.7980556488, 23.235874176], [731.105407715, -343.834777832, 157.007369995, 213.729904175, -30.8841094971, 223.819854736, 54.228099823, 194.755996704, 7.26414203644, 141.159622192, -6.96577262878, 32.8179283142, 3.5676419735], [-254.00819397, 129.320556641, 53.6196365356, 104.925552368, 32.2550354004, 14.9721269608, 5.82448577881, 7.26414203644, 154.781402588, -41.6562194824, 57.1425132751, -24.7850875854, 33.6910400391], [1006.96313477, -490.530670166, 353.590423584, 326.630889893, -60.0053024292, 301.539398193, 78.9332885742, 141.159622192, -41.6562194824, 283.319335938, -45.0273742676, 40.5349197388, 10.7692155838], [-322.612976074, 188.951171875, -71.707069397, 17.6401596069, 50.9983863831, -32.0149497986, 43.4958229065, -6.96577262878, 57.1425132751, -45.0273742676, 166.077438354, -16.8537521362, 22.7280311584], [119.117088318, -152.8540802, 31.4266548157, 1.56881141663, -18.9683818817, 10.3658266068, -14.7980556488, 32.8179283142, -24.7850875854, 40.5349197388, -16.8537521362, 93.6996688843, -10.2574625015], [59.7841529846, 9.19552612305, 71.2671279907, 135.906936646, 18.6518955231, 43.4795036316, 23.235874176, 3.5676419735, 33.6910400391, 10.7692155838, 22.7280311584, -10.2574625015, 106.573638916]],
        "icov": [[0.000547598989215, -0.000371874979464, 0.000341827486409, -0.000529760727659, 0.000914818316232, -0.00079393107444, 0.00018004719459, -0.000857008562889, 0.000920605962165, -0.000730572151951, 0.000651099311654, -0.000135077105369, -4.39387731603e-05], [-0.000371874979464, 0.00613648956642, -0.00163324049208, 0.00420392723754, -0.00305801257491, 0.00282976147719, -0.0036204692442, 0.00317962886766, -0.0043715396896, 0.0031363053713, -0.00310921808705, 0.00501736905426, -0.00231504160911], [0.000341827486409, -0.00163324049208, 0.00214720866643, -0.00192442780826, 0.00068206974538, -0.00146430509631, 0.00062030745903, -0.000231608748436, 0.000750256178435, -0.0022354030516, 0.00184811127838, -0.00172807346098, 0.000746203935705], [-0.000529760727659, 0.00420392723754, -0.00192442780826, 0.0050307684578, -0.0019799801521, 0.000661639496684, -0.00108283513691, 0.00256287748925, -0.00380484643392, 0.00214982335456, -0.00338705140166, 0.00368630560115, -0.00290450453758], [0.000914818316232, -0.00305801257491, 0.00068206974538, -0.0019799801521, 0.00640700291842, -0.000668775930535, -0.00060736562591, -0.00328681408428, 0.00237339106388, -0.00229274923913, 0.00204212591052, -0.00192583247554, 7.40132963983e-05], [-0.00079393107444, 0.00282976147719, -0.00146430509631, 0.000661639496684, -0.000668775930535, 0.00727022252977, -0.0035620033741, -0.000217549444642, -0.00265883537941, 0.000941976846661, -0.00137950968929, 0.00327975326218, -0.000373267597752], [0.00018004719459, -0.0036204692442, 0.00062030745903, -0.00108283513691, -0.00060736562591, -0.0035620033741, 0.0117776803672, -0.00247049494646, 0.00312113575637, -0.00443006586283, -0.00117831793614, -0.000810867408291, -0.000113961992611], [-0.000857008562889, 0.00317962886766, -0.000231608748436, 0.00256287748925, -0.00328681408428, -0.000217549444642, -0.00247049494646, 0.0129472091794, -0.00519181834534, -0.00138888030779, -0.00213671987876, -0.000405128201237, 6.05268505751e-05], [0.000920605962165, -0.0043715396896, 0.000750256178435, -0.00380484643392, 0.00237339106388, -0.00265883537941, 0.00312113575637, -0.00519181834534, 0.0134053202346, -4.36210975749e-05, 0.00042566403863, -0.00177561177406, -0.000121258672152], [-0.000730572151951, 0.0031363053713, -0.0022354030516, 0.00214982335456, -0.00229274923913, 0.000941976846661, -0.00443006586283, -0.00138888030779, -4.36210975749e-05, 0.012167298235, -0.00068183609983, 0.000458574970253, -0.00110432168003], [0.000651099311654, -0.00310921808705, 0.00184811127838, -0.00338705140166, 0.00204212591052, -0.00137950968929, -0.00117831793614, -0.00213671987876, 0.00042566403863, -0.00068183609983, 0.0105525134131, -0.00292807281949, 0.000922387349419], [-0.000135077105369, 0.00501736905426, -0.00172807346098, 0.00368630560115, -0.00192583247554, 0.00327975326218, -0.000810867408291, -0.000405128201237, -0.00177561177406, 0.000458574970253, -0.00292807281949, 0.0174054950476, -0.00189847464208], [-4.39387731603e-05, -0.00231504160911, 0.000746203935705, -0.00290450453758, 7.40132963983e-05, -0.000373267597752, -0.000113961992611, 6.05268505751e-05, -0.000121258672152, -0.00110432168003, 0.000922387349419, -0.00189847464208, 0.0127451671287]]
    },
    "melbands": {
        "dmean": [0.00188494892791, 0.00161581125576, 0.00113765359856, 0.00123837718274, 0.000520068977494, 0.000212378276046, 0.000175931258127, 0.000148613646161, 7.67723249737e-05, 7.65578151913e-05, 4.59832263005e-05, 2.26855718211e-05, 1.98842408281e-05, 1.22112505778e-05, 2.5521403586e-05, 1.16647579489e-05, 9.1872025223e-06, 8.33380636323e-06, 4.54046903542e-06, 2.76450896308e-06, 2.20969627662e-06, 1.41353939398e-06, 1.75377874712e-06, 1.36812002438e-06, 8.22293941383e-07, 4.76959485241e-07, 4.07223495813e-07, 3.17859985444e-07, 2.70039862471e-07, 6.72257442602e-07, 7.98840119387e-07, 7.7012134625e-07, 6.86346993461e-07, 6.03681428402e-07, 6.23542973699e-07, 5.95093865741e-07, 4.94976461596e-07, 8.4746562834e-07, 2.37988189156e-07, 2.18195197021e-07],
        "dmean2": [0.00255620107055, 0.00273225316778, 0.00190720974933, 0.00194239499979, 0.000799231696874, 0.000328568770783, 0.000264157424681, 0.000227065043873, 0.000117045092338, 0.000121378201584, 7.28693703422e-05, 3.50809677911e-05, 3.01318359561e-05, 1.86505712918e-05, 3.96706964239e-05, 1.81691048056e-05, 1.4109359654e-05, 1.38027044159e-05, 7.76940669311e-06, 4.50350808023e-06, 3.64653374163e-06, 2.4180519631e-06, 3.16595901495e-06, 2.39944642999e-06, 1.39797964493e-06, 7.79260290074e-07, 6.87873068728e-07, 4.9779720257e-07, 4.28508712957e-07, 1.15195200578e-06, 1.27707460251e-06, 1.08567098778e-06, 9.82583060249e-07, 8.44863166094e-07, 8.84627070263e-07, 9.90909143184e-07, 8.09375421795e-07, 1.53203916398e-06, 3.7146566001e-07, 3.44055479218e-07],
        "dvar": [9.80650656857e-06, 6.52620201436e-06, 2.69568022304e-06, 3.63409844795e-06, 5.08581706526e-07, 1.27779657078e-07, 1.32057820679e-07, 1.24721168504e-07, 6.27114502549e-08, 3.14624912789e-08, 1.50343559824e-08, 4.26818358434e-09, 2.11222150881e-09, 7.17636006176e-10, 4.93619056741e-09, 8.82850070827e-10, 4.89213114463e-10, 6.60022869692e-10, 2.35318264874e-10, 5.30269612942e-11, 3.24145744968e-11, 1.46473805307e-11, 6.79516234947e-11, 2.1616434337e-11, 7.19555881892e-12, 1.5134422578e-12, 7.63866780159e-13, 3.56332503651e-13, 3.15654539182e-13, 7.4484411694e-12, 6.05215703942e-12, 7.44263851937e-12, 2.84292446355e-12, 2.40745401045e-12, 2.21633323673e-12, 3.05126475302e-12, 1.86314071809e-12, 9.03985220013e-12, 3.16598120333e-13, 5.05068209478e-13],
        "dvar2": [1.77087295015e-05, 1.78903883352e-05, 6.86518751536e-06, 8.73370117915e-06, 1.15472550988e-06, 3.02494584048e-07, 3.18177796998e-07, 2.70068227337e-07, 1.22817965575e-07, 7.49228661334e-08, 4.05474018805e-08, 1.06968718327e-08, 4.80547690529e-09, 1.52871160175e-09, 1.22603172059e-08, 2.10123718425e-09, 1.15187037686e-09, 1.80872750111e-09, 6.68318234087e-10, 1.27857099907e-10, 8.73845301674e-11, 4.17172893452e-11, 2.0129381495e-10, 6.34810884415e-11, 2.09561552139e-11, 3.80871376104e-12, 2.07996987689e-12, 8.5011522561e-13, 7.64568313175e-13, 2.10295201392e-11, 1.44817604089e-11, 1.7905132238e-11, 6.08779216274e-12, 5.30081187278e-12, 4.80593516372e-12, 8.51767267829e-12, 5.02788479254e-12, 2.60023079457e-11, 8.17495919049e-13, 1.29923881983e-12],
        "max": [0.0226227138191, 0.0241406597197, 0.0176174379885, 0.0211811102927, 0.00758823240176, 0.00499933073297, 0.0042568477802, 0.0053570647724, 0.00603658892214, 0.00314299738966, 0.00219081784599, 0.00132302555721, 0.00102961377706, 0.000532570702489, 0.000836282910313, 0.000524842122104, 0.000365187675925, 0.000555343925953, 0.000193024068722, 0.000105375649582, 7.92272767285e-05, 5.10502941324e-05, 0.000129557054606, 5.67081297049e-05, 4.68036923849e-05, 1.98856068891e-05, 1.20074500956e-05, 1.09655402412e-05, 6.03171565672e-06, 5.36903135071e-05, 5.26440817339e-05, 8.14344748505e-05, 2.6912364774e-05, 3.12427873723e-05, 1.59164883371e-05, 1.65910423675e-05, 1.14204212878e-05, 2.68217227131e-05, 7.64774267736e-06, 8.06553271104e-06],
        "mean": [0.00375558319502, 0.00255616405047, 0.0020836815238, 0.00245873513632, 0.00108203489799, 0.000365165964467, 0.000291817734251, 0.00023697456345, 0.000133429843117, 0.000116509239888, 6.94945556461e-05, 3.58363577107e-05, 3.28964961227e-05, 2.15012714762e-05, 3.65633059118e-05, 1.98765246751e-05, 1.59811170306e-05, 1.12951829578e-05, 5.24419374415e-06, 3.63854974239e-06, 3.1237902931e-06, 1.98273028218e-06, 1.80382562576e-06, 1.55108193667e-06, 1.11425106297e-06, 7.23955224657e-07, 5.6849739849e-07, 5.07580011799e-07, 3.47342421492e-07, 6.04354909228e-07, 9.34153263188e-07, 1.17059084914e-06, 1.0225630831e-06, 8.08818299447e-07, 7.36519041311e-07, 6.01426336289e-07, 4.90432853439e-07, 6.63500713927e-07, 3.09167859314e-07, 2.47582391921e-07],
        "median": [0.000445940415375, 0.00168355228379, 0.00125847151503, 0.00134319672361, 0.000593978445977, 0.000161184376338, 0.000130352913402, 7.18474766472e-05, 2.77747312794e-05, 3.26477347699e-05, 1.52372367666e-05, 9.53048493102e-06, 8.44563965074e-06, 6.02779800829e-06, 7.34990544515e-06, 2.98898930851e-06, 2.9637683383e-06, 3.25796395373e-06, 1.3209522649e-06, 1.13036264793e-06, 9.56660528573e-07, 7.31809166155e-07, 4.53649363408e-07, 3.94588596464e-07, 3.84048973956e-07, 2.21559488978e-07, 1.96152768694e-07, 1.72179838387e-07, 7.3680183732e-08, 3.45626602893e-08, 6.05341483606e-08, 1.24599282003e-07, 8.0471394881e-08, 5.36255591044e-08, 3.36272094614e-08, 2.48507916467e-08, 2.75975047259e-08, 2.96701809788e-08, 4.07682740899e-08, 3.41863035658e-08],
