{
"highlevel": {
    "danceability": {
        "all": {
            "danceable": 0.631653904915,
            "not_danceable": 0.368346124887
        },
        "probability": 0.631653904915,
        "value": "danceable"
    },
    "gender": {
        "all": {
            "female": 0.445663571358,
            "male": 0.554336428642
        },
        "probability": 0.554336428642,
        "value": "male"
    },
    "genre_dortmund": {
        "all": {
            "alternative": 0.418892085552,
            "blues": 0.00999588053674,
            "electronic": 0.0391219742596,
            "folkcountry": 0.18130685389,
            "funksoulrnb": 0.0115358065814,
            "jazz": 0.0176119729877,
            "pop": 0.0919420048594,
            "raphiphop": 0.00550614763051,
            "rock": 0.224087283015
        },
        "probability": 0.418892085552,
        "value": "alternative"
    },
    "genre_electronic": {
        "all": {
            "ambient": 0.37446591258,
            "dnb": 0.17476837337,
            "house": 0.154540359974,
            "techno": 0.033863183111,
            "trance": 0.26236218214
        },
        "probability": 0.37446591258,
        "value": "ambient"
    },
    "genre_rosamerica": {
        "all": {
            "cla": 0.025522345677,
            "dan": 0.0189812351018,
            "hip": 0.00532045308501,
            "jaz": 0.0176955033094,
            "pop": 0.728983998299,
            "rhy": 0.0615423768759,
            "roc": 0.133930593729,
            "spe": 0.00802350789309
        },
        "probability": 0.728983998299,
        "value": "pop"
    },
    "genre_tzanetakis": {
        "all": {
            "blu": 0.0626613423228,
            "cla": 0.0348169617355,
            "cou": 0.104475811124,
            "dis": 0.0784321576357,
            "hip": 0.15692435205,
            "jaz": 0.313974827528,
            "met": 0.0448166541755,
            "pop": 0.0627359300852,
            "reg": 0.0627360641956,
            "roc": 0.0784258767962
        },
        "probability": 0.313974827528,
        "value": "jaz"
    },
    "ismir04_rhythm": {
        "all": {
            "ChaChaCha": 0.155256316066,
            "Jive": 0.0375888720155,
            "Quickstep": 0.282907664776,
            "Rumba-American": 0.0136197488755,
            "Rumba-International": 0.0948477387428,
            "Rumba-Misc": 0.0129612963647,
            "Samba": 0.0602153427899,
            "Tango": 0.0546467378736,
            "VienneseWaltz": 0.258937865496,
            "Waltz": 0.0290184170008
        },
        "probability": 0.282907664776,
        "value": "Quickstep"
    },
    "mood_acoustic": {
        "all": {
            "acoustic": 0.726498007774,
            "not_acoustic": 0.273501962423
        },
        "probability": 0.726498007774,
        "value": "acoustic"
    },
    "mood_aggressive": {
        "all": {
            "aggressive": 0.220111563802,
            "not_aggressive": 0.779888451099
        },
        "probability": 0.779888451099,
        "value": "not_aggressive"
    },
    "mood_electronic": {
        "all": {
            "electronic": 0.437082737684,
            "not_electronic": 0.562917292118
        },
        "probability": 0.562917292118,
        "value": "not_electronic"
    },
    "mood_happy": {
        "all": {
            "happy": 0.548592209816,
            "not_happy": 0.451407790184
        },
        "probability": 0.548592209816,
        "value": "happy"
    },
    "mood_party": {
        "all": {
            "not_party": 0.831016302109,
            "party": 0.168983727694
        },
        "probability": 0.831016302109,
        "value": "not_party"
    },
    "mood_relaxed": {
        "all": {
            "not_relaxed": 0.149559542537,
            "relaxed": 0.850440442562
        },
        "probability": 0.850440442562,
        "value": "relaxed"
    },
    "mood_sad": {
        "all": {
            "not_sad": 0.167632251978,
            "sad": 0.83236771822
        },
        "probability": 0.83236771822,
        "value": "sad"
    },
    "moods_mirex": {
        "all": {
            "Cluster1": 0.219154447317,
            "Cluster2": 0.211512669921,
            "Cluster3": 0.327975571156,
            "Cluster4": 0.203197687864,
            "Cluster5": 0.0381596200168
        },
        "probability": 0.327975571156,
        "value": "Cluster3"
    },
    "timbre": {
        "all": {
            "bright": 0.975406348705,
            "dark": 0.02459365502
        },
        "probability": 0.975406348705,
        "value": "bright"
    },
    "tonal_atonal": {
        "all": {
            "atonal": 0.0318170264363,
            "tonal": 0.968182981014
        },
        "probability": 0.968182981014,
        "value": "tonal"
    },
    "voice_instrumental": {
        "all": {
            "instrumental": 0.000720382086001,
            "voice": 0.999279618263
        },
        "probability": 0.999279618263,
        "value": "voice"
    }
},
"lowlevel": {
    "average_loudness": 0.979365885258,
    "barkbands_crest": {
        "dmean": 2.01179242134,
        "dmean2": 3.25438499451,
        "dvar": 3.39311146736,
        "dvar2": 8.72905063629,
        "max": 19.9357051849,
        "mean": 8.54199314117,
        "median": 7.92455720901,
        "min": 3.25082111359,
        "var": 8.81600761414
    },
    "barkbands_flatness_db": {
        "dmean": 0.0182836577296,
        "dmean2": 0.0282536782324,
        "dvar": 0.000283786095679,
        "dvar2": 0.00067707512062,
        "max": 0.283273637295,
        "mean": 0.165481477976,
        "median": 0.165206253529,
        "min": 0.062537305057,
        "var": 0.00100529217161
    },
    "barkbands_kurtosis": {
        "dmean": 1.71742463112,
        "dmean2": 2.76430535316,
        "dvar": 5.74881601334,
        "dvar2": 13.412733078,
        "max": 28.2440414429,
        "mean": 2.42148160934,
        "median": 1.6235165596,
        "min": -1.86201941967,
        "var": 11.569311142
    },
    "barkbands_skewness": {
        "dmean": 0.413183689117,
        "dmean2": 0.64456140995,
        "dvar": 0.194531947374,
        "dvar2": 0.440796524286,
        "max": 4.41518306732,
        "mean": 1.24987459183,
        "median": 1.15416204929,
        "min": -1.31757390499,
        "var": 0.53505563736
    },
    "barkbands_spread": {
        "dmean": 4.52098274231,
        "dmean2": 6.70091295242,
        "dvar": 50.587184906,
        "dvar2": 80.2560958862,
        "max": 91.8323135376,
        "mean": 18.6842803955,
        "median": 14.3224849701,
        "min": 3.17748737335,
        "var": 216.896270752
    },
    "dissonance": {
        "dmean": 0.0212621930987,
        "dmean2": 0.035405755043,
        "dvar": 0.000345872802427,
        "dvar2": 0.000901734048966,
        "max": 0.499452590942,
        "mean": 0.45174947381,
        "median": 0.455185294151,
        "min": 0.337289094925,
        "var": 0.000748486316297
    },
    "dynamic_complexity": 1.27967047691,
    "erbbands_crest": {
        "dmean": 2.60454416275,
        "dmean2": 4.17707681656,
        "dvar": 5.60161542892,
        "dvar2": 13.2704982758,
        "max": 25.0913143158,
        "mean": 9.37701225281,
        "median": 8.50183391571,
        "min": 2.75050640106,
        "var": 15.1627426147
    },
    "erbbands_flatness_db": {
        "dmean": 0.016271898523,
        "dmean2": 0.022666297853,
        "dvar": 0.000215846230276,
        "dvar2": 0.000418247451307,
        "max": 0.277171015739,
        "mean": 0.183828875422,
        "median": 0.184467881918,
        "min": 0.107169374824,
        "var": 0.000920344202314
    },
    "erbbands_kurtosis": {
        "dmean": 0.815926074982,
        "dmean2": 1.28352892399,
        "dvar": 0.63375890255,
        "dvar2": 1.53081774712,
        "max": 7.19935798645,
        "mean": 0.670850932598,
        "median": 0.487785577774,
        "min": -1.67905569077,
        "var": 1.89391112328
    },
    "erbbands_skewness": {
        "dmean": 0.336493581533,
        "dmean2": 0.513704895973,
        "dvar": 0.0987610071898,
        "dvar2": 0.204591065645,
        "max": 2.3311715126,
        "mean": 0.532392799854,
        "median": 0.589325904846,
        "min": -2.35446596146,
        "var": 0.432048559189
    },
    "erbbands_spread": {
        "dmean": 6.17878484726,
        "dmean2": 9.35844135284,
        "dvar": 54.1083221436,
        "dvar2": 114.929115295,
        "max": 104.715682983,
        "mean": 30.7297554016,
        "median": 26.7969608307,
        "min": 9.93999004364,
        "var": 237.873977661
    },
    "hfc": {
        "dmean": 6.55741167068,
        "dmean2": 9.1249704361,
        "dvar": 125.738365173,
        "dvar2": 227.515975952,
        "max": 155.739425659,
        "mean": 26.2258319855,
        "median": 20.3132648468,
        "min": 3.7204785347,
        "var": 442.136566162
    },
    "melbands_crest": {
        "dmean": 2.74141287804,
        "dmean2": 4.33783340454,
        "dvar": 6.2568821907,
        "dvar2": 15.3290081024,
        "max": 29.9079608917,
        "mean": 12.9383640289,
        "median": 12.1878604889,
        "min": 3.68671965599,
        "var": 21.6990776062
    },
    "melbands_flatness_db": {
        "dmean": 0.0231715515256,
        "dmean2": 0.0341680161655,
        "dvar": 0.000537373300176,
        "dvar2": 0.00118131877389,
        "max": 0.329732060432,
        "mean": 0.204539969563,
        "median": 0.207784816623,
        "min": 0.0329120606184,
        "var": 0.00234947586432
    },
    "melbands_kurtosis": {
        "dmean": 3.42913389206,
        "dmean2": 5.52900505066,
        "dvar": 26.1230373383,
        "dvar2": 63.8038749695,
        "max": 61.8705062866,
        "mean": 6.50354003906,
        "median": 4.43836736679,
        "min": -1.47245240211,
        "var": 47.4962310791
    },
    "melbands_skewness": {
        "dmean": 0.51277166605,
        "dmean2": 0.809256374836,
        "dvar": 0.318860381842,
        "dvar2": 0.77953094244,
        "max": 6.21360254288,
        "mean": 1.92287313938,
        "median": 1.76738667488,
        "min": 0.190350741148,
        "var": 0.846567988396
    },
    "melbands_spread": {
        "dmean": 6.19245481491,
        "dmean2": 9.3410282135,
        "dvar": 119.51764679,
        "dvar2": 212.954544067,
        "max": 162.48500061,
        "mean": 21.6695461273,
        "median": 16.8688030243,
        "min": 2.90203118324,
        "var": 382.02947998
    },
    "pitch_salience": {
        "dmean": 0.0634441375732,
        "dmean2": 0.104988485575,
        "dvar": 0.00367300584912,
        "dvar2": 0.00990794505924,
        "max": 0.799716353416,
        "mean": 0.560570895672,
        "median": 0.564070045948,
        "min": 0.253502339125,
        "var": 0.00879391282797
    },
    "silence_rate_20dB": {
        "dmean": 0,
        "dmean2": 0,
        "dvar": 0,
        "dvar2": 0,
        "max": 1,
        "mean": 1,
        "median": 1,
        "min": 1,
        "var": 0
    },
    "silence_rate_30dB": {
        "dmean": 0,
        "dmean2": 0,
        "dvar": 0,
        "dvar2": 0,
        "max": 1,
        "mean": 1,
        "median": 1,
        "min": 1,
        "var": 0
    },
    "silence_rate_60dB": {
        "dmean": 0,
        "dmean2": 0,
        "dvar": 0,
        "dvar2": 0,
        "max": 0,
        "mean": 0,
        "median": 0,
        "min": 0,
        "var": 0
    },
    "spectral_centroid": {
        "dmean": 220.688583374,
        "dmean2": 330.425964355,
        "dvar": 111086.789062,
        "dvar2": 198880.875,
        "max": 4312.89599609,
        "mean": 1091.17578125,
        "median": 890.457275391,
        "min": 286.122497559,
        "var": 427827.28125
    },
    "spectral_complexity": {
        "dmean": 3.13777089119,
        "dmean2": 4.67467069626,
        "dvar": 9.78444004059,
        "dvar2": 17.7780323029,
        "max": 49,
        "mean": 21.3302402496,
        "median": 20,
        "min": 9,
        "var": 40.204208374
    },
    "spectral_decrease": {
        "dmean": 2.60968846533e-09,
        "dmean2": 4.17900691829e-09,
        "dvar": 1.33099076378e-17,
        "dvar2": 3.41836788738e-17,
        "max": -1.13944564895e-09,
        "mean": -9.33355792654e-09,
        "median": -8.63020410691e-09,
        "min": -3.48768836034e-08,
        "var": 1.94118759143e-17
    },
    "spectral_energy": {
        "dmean": 0.0102148475125,
        "dmean2": 0.0163111630827,
        "dvar": 0.000194394044229,
        "dvar2": 0.000500101363286,
        "max": 0.134132027626,
        "mean": 0.0376057736576,
        "median": 0.0351764336228,
        "min": 0.00482150213793,
        "var": 0.000289094459731
    },
    "spectral_energyband_high": {
        "dmean": 0.000603591790423,
        "dmean2": 0.000792708538938,
        "dvar": 2.89993818114e-06,
        "dvar2": 5.10454674441e-06,
        "max": 0.0188257861882,
        "mean": 0.00124764954671,
        "median": 0.000245548813837,
        "min": 1.57798403961e-05,
        "var": 9.52622303885e-06
    },
    "spectral_energyband_low": {
        "dmean": 0.00591939035803,
        "dmean2": 0.00995108950883,
        "dvar": 0.000141687167343,
        "dvar2": 0.000388107961044,
        "max": 0.0918740928173,
        "mean": 0.0118073299527,
        "median": 0.00873558688909,
        "min": 5.45755137864e-05,
        "var": 0.000145680605783
    },
    "spectral_energyband_middle_high": {
        "dmean": 0.00170763907954,
        "dmean2": 0.00259796343744,
        "dvar": 3.75087824978e-06,
        "dvar2": 8.1710422819e-06,
        "max": 0.0340252816677,
        "mean": 0.0062205423601,
        "median": 0.00535618746653,
        "min": 0.000829812022857,
        "var": 1.62687065313e-05
    },
    "spectral_energyband_middle_low": {
        "dmean": 0.00698387529701,
        "dmean2": 0.0110489083454,
        "dvar": 8.15512612462e-05,
        "dvar2": 0.000206939570489,
        "max": 0.08321146667,
        "mean": 0.0202317070216,
        "median": 0.0185070578009,
        "min": 0.00236364430748,
        "var": 0.000135382448207
    },
    "spectral_entropy": {
        "dmean": 0.146519958973,
        "dmean2": 0.206531718373,
        "dvar": 0.0208711754531,
        "dvar2": 0.0381060503423,
        "max": 8.44497013092,
        "mean": 7.41101646423,
        "median": 7.35334539413,
        "min": 6.53064250946,
        "var": 0.119402959943
    },
    "spectral_flux": {
        "dmean": 0.0255405697972,
        "dmean2": 0.0397585593164,
        "dvar": 0.000895543198567,
        "dvar2": 0.00181142159272,
        "max": 0.296303600073,
        "mean": 0.092679426074,
        "median": 0.0813646316528,
        "min": 0.0273129343987,
        "var": 0.00183528126217
    },
    "spectral_kurtosis": {
        "dmean": 2.15433740616,
        "dmean2": 3.64724802971,
        "dvar": 4.4477148056,
        "dvar2": 12.4322900772,
        "max": 21.8627185822,
        "mean": 5.08599185944,
        "median": 4.70078659058,
        "min": -1.11847615242,
        "var": 10.3252668381
    },
    "spectral_rms": {
        "dmean": 0.000774752814323,
        "dmean2": 0.00120178551879,
        "dvar": 8.49305195061e-07,
        "dvar2": 2.0800450784e-06,
        "max": 0.0114394277334,
        "mean": 0.00591281987727,
        "median": 0.00585819687694,
        "min": 0.00216884864494,
        "var": 1.7271249817e-06
    },
    "spectral_rolloff": {
        "dmean": 422.380523682,
        "dmean2": 682.074462891,
        "dvar": 856517.0625,
        "dvar2": 1548362.5,
        "max": 8634.81445312,
        "mean": 1385.13635254,
        "median": 882.861328125,
        "min": 172.265625,
        "var": 2499127.75
    },
    "spectral_skewness": {
        "dmean": 0.271450310946,
        "dmean2": 0.428414285183,
        "dvar": 0.0632162690163,
        "dvar2": 0.143664628267,
        "max": 3.26264667511,
        "mean": 1.61800146103,
        "median": 1.69637358189,
        "min": -0.0956458076835,
        "var": 0.311813473701
    },
    "spectral_spread": {
        "dmean": 483531.59375,
        "dmean2": 645663.8125,
        "dvar": 285463117824,
        "dvar2": 481455276032,
        "max": 9962092,
        "mean": 3795507,
        "median": 3488148.5,
        "min": 1974522,
        "var": 1.54467867034e+12
    },
    "spectral_strongpeak": {
        "dmean": 0.537957549095,
        "dmean2": 0.918204069138,
        "dvar": 0.685024261475,
        "dvar2": 1.7765045166,
        "max": 14.2519216537,
        "mean": 1.08708393574,
        "median": 0.746887505054,
        "min": 0.0795337408781,
        "var": 0.889951467514
    },
    "zerocrossingrate": {
        "dmean": 0.00947499927133,
        "dmean2": 0.0104123800993,
        "dvar": 0.000208462355658,
        "dvar2": 0.000186095552635,
        "max": 0.26708984375,
        "mean": 0.0502922125161,
        "median": 0.03857421875,
        "min": 0.01611328125,
        "var": 0.00148313131649
    },
    "barkbands": {
        "dmean": [6.80714038026e-06, 0.00113394518849, 0.00385009753518, 0.00248787458986, 0.0025057499297, 0.00152201007586, 0.00143086619209, 0.00208848458715, 0.00116465170868, 0.000910161354113, 0.000495747895911, 0.000573184574023, 0.000331592746079, 0.000289140880341, 0.000332068215357, 0.000160216353834, 0.000122818455566, 0.000127750841784, 0.000109250366222, 0.000126794737298, 0.000198067806195, 0.000168324244441, 0.000125513412058, 0.000172067375388, 2.52488898695e-05, 3.00836018141e-06, 4.05291267214e-09],
        "dmean2": [1.22170158647e-05, 0.00183713354636, 0.00647430121899, 0.00433327211067, 0.00418804958463, 0.0023597383406, 0.00212878221646, 0.00317516922951, 0.00175260391552, 0.00133729423396, 0.000797363056336, 0.000912943680305, 0.000547620991711, 0.000460580107756, 0.000539813598152, 0.000261085224338, 0.000190893624676, 0.000194732187083, 0.000172027677763, 0.000186919627595, 0.000291787408059, 0.000248166004894, 0.000176257744897, 0.000217436725507, 3.42956955137e-05, 4.840388101e-06, 5.8115490198e-09],
        "dvar": [6.39678698899e-10, 3.35727077072e-06, 5.84234985581e-05, 3.11206786137e-05, 2.22105427383e-05, 3.6562034893e-06, 5.76921365791e-06, 8.73102453625e-06, 2.61864852291e-06, 2.18259060603e-06, 4.44166943225e-07, 8.03101841029e-07, 2.08065245033e-07, 1.95276228965e-07, 2.0833653025e-07, 7.08650347292e-08, 5.38294884223e-08, 4.09780440691e-08, 8.61180851075e-08, 1.79149594715e-07, 4.44395226395e-07, 3.10434785433e-07, 1.71474752619e-07, 4.27521428037e-07, 5.07999553534e-09, 3.7577094214e-11, 2.94450103575e-15],
        "dvar2": [1.7916991224e-09, 8.78540140548e-06, 0.000158652153914, 8.67942871992e-05, 6.05971981713e-05, 8.18529861135e-06, 1.17680610856e-05, 1.84401669685e-05, 5.90927447774e-06, 4.82762061438e-06, 1.10923349439e-06, 2.24293830797e-06, 5.07948925588e-07, 4.74560295061e-07, 5.41888709904e-07, 1.76272138219e-07, 1.38690637641e-07, 8.97450291859e-08, 2.43291538027e-07, 3.68393358485e-07, 9.25624533465e-07, 6.40280404696e-07, 3.57869367917e-07, 6.52995424844e-07, 7.72184183262e-09, 9.1767343724e-11, 3.00849501019e-15],
        "max": [0.000389667635318, 0.0225175339729, 0.0569306910038, 0.0637496560812, 0.0478792376816, 0.0255152247846, 0.0447303429246, 0.0382906123996, 0.0192124005407, 0.0277788396925, 0.0100750476122, 0.0137695390731, 0.00530240358785, 0.00428062910214, 0.00572483567521, 0.00403454946354, 0.00438736053184, 0.00271456385963, 0.0078774029389, 0.00919099617749, 0.0106830922887, 0.00710952701047, 0.00679478840902, 0.0149454642087, 0.00174491782673, 6.99928641552e-05, 1.67646908267e-06],
        "mean": [6.03641638008e-06, 0.0032272876706, 0.00699439737946, 0.00268755177967, 0.00402135681361, 0.00322178029455, 0.00326690496877, 0.00410462915897, 0.00227987533435, 0.00185997213703, 0.000799917208496, 0.00112390192226, 0.000624397303909, 0.000454916444141, 0.000544145528693, 0.000289401126793, 0.000241762885707, 0.00028009476955, 0.000220451125642, 0.000233646293054, 0.000319657323416, 0.000282819732092, 0.000201223156182, 0.000275416648947, 4.09451458836e-05, 3.32979766426e-06, 3.49803030986e-09],
        "median": [1.54112444761e-06, 0.00209878385067, 0.00335541344248, 0.00114397215657, 0.00240694521926, 0.00198467075825, 0.001770531293, 0.00221286062151, 0.0013115684269, 0.000906129891519, 0.000520434055943, 0.000684114871547, 0.000366142514395, 0.000244047492743, 0.000355670548743, 0.000184177668416, 0.000141333599458, 0.000144347650348, 0.000123529796838, 9.80348850135e-05, 6.5204782004e-05, 3.65812920791e-05, 2.76295540971e-05, 1.82473540917e-05, 9.21180253499e-06, 8.84596772721e-07, 5.35748667652e-10],
        "min": [7.05226588238e-09, 9.1826990456e-07, 1.31138194774e-05, 3.98497468268e-06, 7.40637915442e-05, 9.19417288969e-06, 1.7048778318e-05, 4.36284899479e-05, 3.54296862497e-05, 3.33510179189e-05, 1.38850427902e-05, 3.96479663323e-05, 1.26311597342e-05, 1.29487561935e-05, 3.14468416036e-05, 6.88801446813e-06, 1.29637173814e-05, 1.13995738502e-05, 9.00841496332e-06, 8.76434660313e-06, 2.45859791903e-06, 2.50992707151e-06, 1.27876785427e-06, 7.63951049976e-07, 2.91391821783e-09, 9.67040510169e-12, 1.13848479255e-11],
        "var": [3.96742499964e-10, 1.08025451482e-05, 8.05647505331e-05, 2.37359890889e-05, 2.33537029999e-05, 1.33268931677e-05, 1.75033947016e-05, 2.43641588895e-05, 6.6955976763e-06, 7.32275475457e-06, 8.2764262288e-07, 1.85226372196e-06, 5.05131367845e-07, 3.23635248378e-07, 3.20679788501e-07, 1.34903274329e-07, 1.1101285935e-07, 1.35641030852e-07, 2.07441345879e-07, 3.25277994762e-07, 7.89957709912e-07, 7.01465808106e-07, 4.06611064818e-07, 1.24759355913e-06, 1.55615591524e-08, 4.1449087218e-11, 2.93206002758e-15]
    },
    "erbbands": {
        "dmean": [0.0124261016026, 0.345913052559, 3.17542362213, 7.83045148849, 7.10954666138, 8.36114788055, 15.2375364304, 10.2361526489, 16.1563224792, 24.8234272003, 47.9449691772, 26.6356945038, 26.4659194946, 25.9247894287, 13.900349617, 23.2866706848, 13.8173589706, 14.0472993851, 12.7548732758, 12.9536828995, 7.65071725845, 6.01213121414, 6.91931772232, 6.36077356339, 5.49908304214, 5.9681725502, 7.03864908218, 8.46646404266, 6.64670562744, 3.92217087746, 3.69636201859, 4.61639547348, 2.23593592644, 0.484566479921, 0.112441331148, 0.0201629195362, 0.00465899985284, 0.000439913012087, 1.36644011945e-05, 1.24363305076e-05],
        "dmean2": [0.0199141632766, 0.564444899559, 5.19294500351, 13.7514781952, 12.3683443069, 13.9885129929, 23.5582370758, 16.117395401, 24.5528392792, 36.234703064, 73.5549545288, 40.2662506104, 38.3743782043, 39.4094772339, 22.4993934631, 36.9662094116, 22.4376850128, 22.3659877777, 20.1702194214, 21.3398532867, 12.2577409744, 9.18435764313, 10.5811777115, 10.0880384445, 8.30592250824, 8.70772266388, 10.6909341812, 12.8836278915, 9.86848735809, 5.53989458084, 5.07359457016, 5.90566015244, 2.95303559303, 0.671207845211, 0.156717345119, 0.030766883865, 0.00765910977498, 0.00074817071436, 1.99152927962e-05, 1.92062379938e-05],
        "dvar": [0.000398008996854, 0.302238851786, 33.4209022522, 335.105712891, 238.946792603, 220.33581543, 569.566223145, 181.692123413, 781.474914551, 1266.91210938, 5115.04638672, 1549.99145508, 2544.30273438, 1109.33569336, 370.314758301, 1718.79138184, 328.478485107, 533.466125488, 281.629669189, 425.805236816, 146.212158203, 144.20098877, 149.808685303, 68.6729278564, 461.236206055, 359.668395996, 468.481811523, 916.617675781, 489.854431152, 145.22883606, 165.257965088, 342.358886719, 75.0396652222, 2.57355952263, 0.0748955830932, 0.00121924909763, 0.000134417394293, 1.65773815297e-06, 6.52826459557e-10, 2.47216552784e-10],
        "dvar2": [0.00104141468182, 0.773513436317, 88.3065185547, 938.743103027, 671.299316406, 587.575256348, 1246.65795898, 454.869873047, 1764.60083008, 2654.24926758, 10960.8183594, 3579.09985352, 5901.98876953, 2508.7956543, 961.826416016, 4829.36425781, 773.663879395, 1274.90319824, 677.583190918, 1121.96520996, 370.636413574, 372.398498535, 324.733612061, 168.460632324, 1171.07885742, 722.776428223, 977.35748291, 2066.61743164, 1020.23675537, 304.608276367, 346.865081787, 580.658996582, 135.480957031, 4.11063432693, 0.146064341068, 0.0028642162215, 0.000322539213812, 4.17992714574e-06, 1.30775046348e-09, 6.2197080819e-10],
        "max": [0.205647781491, 6.91758966446, 44.7727355957, 178.010543823, 120.352966309, 153.659011841, 348.793212891, 162.264022827, 424.562225342, 639.83380127, 1041.1114502, 607.795227051, 936.507629395, 467.551300049, 313.881652832, 687.028442383, 226.80078125, 239.788146973, 260.758911133, 294.414581299, 201.594146729, 233.129821777, 185.180541992, 119.297386169, 517.085083008, 351.079528809, 344.183837891, 433.790557861, 307.977874756, 223.338989258, 209.29486084, 449.162902832, 144.978729248, 32.4038085938, 5.38945436478, 0.41075989604, 0.157697439194, 0.0156562812626, 0.000285351969069, 0.000147254162584],
        "mean": [0.0320780947804, 1.02094638348, 6.86302614212, 9.49095535278, 8.45729064941, 13.1535749435, 32.8135223389, 20.1325626373, 35.3442382812, 60.5413589478, 96.7925949097, 54.9074172974, 53.4618873596, 54.2643432617, 28.4364643097, 46.3116645813, 30.4960308075, 25.1949234009, 24.8574810028, 22.9699249268, 16.1834011078, 13.1858701706, 15.4987039566, 13.4341058731, 10.6426382065, 11.1510133743, 12.0820150375, 12.9725131989, 10.7791900635, 6.69205141068, 5.73697566986, 6.94082164764, 3.51703810692, 0.790737330914, 0.173580721021, 0.0267915744334, 0.00483727827668, 0.000402289675549, 3.44213804055e-05, 4.66744531877e-05],
        "median": [0.022488117218, 0.856765389442, 3.82119727135, 5.16361999512, 4.33546066284, 7.86343097687, 15.2986450195, 12.9760951996, 19.3439388275, 38.9332695007, 56.8095855713, 36.6043395996, 26.3052024841, 33.2904815674, 19.4463310242, 27.6677246094, 20.3523387909, 13.8384990692, 17.3671016693, 14.973608017, 10.8917169571, 7.8008518219, 7.89951133728, 8.75515556335, 4.27935695648, 4.58146238327, 3.56737756729, 2.18390655518, 1.4171359539, 1.00765430927, 0.719849467278, 0.458766669035, 0.244791835546, 0.131763011217, 0.0485607460141, 0.00834033451974, 0.00107812136412, 6.61020312691e-05, 2.31463363889e-05, 4.26493315899e-05],
        "min": [6.37589109829e-05, 0.00169040705077, 0.019100734964, 0.0366224944592, 0.118831939995, 0.349233657122, 0.308004647493, 0.346599787474, 0.551985919476, 1.41547989845, 1.85306692123, 2.35906219482, 1.51563084126, 2.23959803581, 0.886868357658, 1.69027864933, 1.00190246105, 0.985160529613, 1.87185025215, 2.09973955154, 0.969256162643, 1.17241299152, 0.869290649891, 0.659579455853, 0.40388071537, 0.366889238358, 0.249836608768, 0.120872616768, 0.116604208946, 0.0348625965416, 0.0237103700638, 0.0129629615694, 0.00777125032619, 0.00286134029739, 0.000198276917217, 3.03163651552e-05, 8.58120984049e-06, 1.43609759107e-06, 4.07277866543e-06, 6.67320409775e-06],
        "var": [0.00113970844541, 0.875228941441, 58.2477416992, 241.687820435, 171.480514526, 258.390350342, 2314.7355957, 431.10446167, 2048.67626953, 3995.49194336, 13792.1347656, 3397.08544922, 7074.63476562, 3710.39599609, 832.56237793, 3585.06005859, 929.575012207, 904.723693848, 566.475585938, 582.657531738, 314.252929688, 335.263366699, 463.913513184, 182.356964111, 1082.33435059, 731.434082031, 895.416442871, 1469.98498535, 1032.15930176, 408.403381348, 356.53036499, 886.382568359, 189.760467529, 7.47800588608, 0.178276762366, 0.00189776928164, 0.000133250039653, 1.39358405704e-06, 1.27253618754e-09, 4.67158423056e-10]
    },
    "gfcc": {
        "mean": [16.9688892365, 126.412750244, -136.427886963, 30.527929306, -73.4752426147, 13.3909826279, -36.1608505249, 5.2551317215, -18.4821243286, -5.10254526138, -12.1480579376, -14.1330509186, -7.73060321808],
        "cov": [[1088.22119141, -664.530578613, 209.445144653, 196.731079102, -209.795425415, 183.181991577, -74.5038452148, 61.0756835938, -83.3535003662, 60.9907608032, -107.017791748, 59.5397834778, -100.788345337], [-664.530578613, 1009.9296875, -118.078392029, -191.270462036, 379.90637207, -204.714126587, 143.440963745, 1.74157106876, 90.8084564209, -37.9610900879, 113.506195068, -66.7913513184, 66.1167602539], [209.445144653, -118.078392029, 403.296173096, 114.421012878, 18.2980556488, 163.478408813, -15.3619174957, 58.6469192505, 16.0803165436, 46.9488334656, -44.7150878906, 49.9763069153, -20.795589447], [196.731079102, -191.270462036, 114.421012878, 343.406799316, -58.9228553772, 106.565086365, 34.3007583618, -2.34367012978, 43.666431427, -27.4959430695, 0.375229805708, -16.4187088013, 41.3382492065], [-209.795425415, 379.90637207, 18.2980556488, -58.9228553772, 302.676361084, -54.7098617554, 64.8884277344, 61.0819587708, 11.3783102036, 11.9331626892, 7.15842103958, 18.2620944977, 1.34997677803], [183.181991577, -204.714126587, 163.478408813, 106.565086365, -54.7098617554, 252.201507568, 41.9003715515, 35.0860900879, 30.5594673157, 4.89605951309, -16.8793392181, 3.00376224518, -13.114780426], [-74.5038452148, 143.440963745, -15.3619174957, 34.3007583618, 64.8884277344, 41.9003715515, 162.185256958, 28.913230896, 30.7059249878, -8.26771640778, 14.1781587601, -22.1445198059, 11.0142259598], [61.0756835938, 1.74157106876, 58.6469192505, -2.34367012978, 61.0819587708, 35.0860900879, 28.913230896, 104.07535553, 15.3812360764, 18.794752121, -24.3856811523, 14.6995162964, -17.0626735687], [-83.3535003662, 90.8084564209, 16.0803165436, 43.666431427, 11.3783102036, 30.5594673157, 30.7059249878, 15.3812360764, 107.452728271, 8.0679101944, 28.6255283356, -25.7319583893, 24.3863773346], [60.9907608032, -37.9610900879, 46.9488334656, -27.4959430695, 11.9331626892, 4.89605951309, -8.26771640778, 18.794752121, 8.0679101944, 86.6153945923, 3.55872797966, 26.2915382385, -20.9792823792], [-107.017791748, 113.506195068, -44.7150878906, 0.375229805708, 7.15842103958, -16.8793392181, 14.1781587601, -24.3856811523, 28.6255283356, 3.55872797966, 82.1118087769, -3.35496354103, 25.0013542175], [59.5397834778, -66.7913513184, 49.9763069153, -16.4187088013, 18.2620944977, 3.00376224518, -22.1445198059, 14.6995162964, -25.7319583893, 26.2915382385, -3.35496354103, 83.7846221924, 5.59489250183], [-100.788345337, 66.1167602539, -20.795589447, 41.3382492065, 1.34997677803, -13.114780426, 11.0142259598, -17.0626735687, 24.3863773346, -20.9792823792, 25.0013542175, 5.59489250183, 78.3131942749]],
        "icov": [[0.00215785577893, -0.00019189727027, 0.00024132685212, -0.00164603022859, 0.00145013141446, -0.000723404227756, 0.000595828110818, -0.00135928590316, 0.00151129171718, -0.00133739411831, 0.00124126719311, -0.00126122171059, 0.00221095373854], [-0.00019189727027, 0.0085736727342, -0.00360432104208, 0.00525127258152, -0.00855085719377, 0.00531942024827, -0.00456096231937, 0.00282178493217, -0.00426204968244, 0.0047848559916, -0.0077175362967, 0.00729486439377, -0.00436828099191], [0.00024132685212, -0.00360432104208, 0.00636519351974, -0.00365742249414, 0.0025530224666, -0.00502236513421, 0.00349264312536, -0.00168016226962, 0.00131739256904, -0.00393867539242, 0.00517525710166, -0.0050342050381, 0.00247414503247], [-0.00164603022859, 0.00525127258152, -0.00365742249414, 0.00858399365097, -0.00529278162867, 0.00296595366672, -0.0039430516772, 0.0029246264603, -0.00429408159107, 0.00497332122177, -0.00536061869934, 0.00604000780731, -0.00632518483326], [0.00145013141446, -0.00855085719377, 0.0025530224666, -0.00529278162867, 0.0142626576126, -0.00348387961276, 0.00250549148768, -0.00612487830222, 0.00479847332463, -0.00479031726718, 0.00740900170058, -0.00874942727387, 0.0055233608], [-0.000723404227756, 0.00531942024827, -0.00502236513421, 0.00296595366672, -0.00348387961276, 0.0107952952385, -0.00548725156114, 0.000869317504112, -0.00434781750664, 0.0046616489999, -0.00538389524445, 0.00418555084616, -0.00146973435767], [0.000595828110818, -0.00456096231937, 0.00349264312536, -0.0039430516772, 0.00250549148768, -0.00548725156114, 0.0114095071331, -0.00360072846524, 0.00245311320759, -0.00309131667018, 0.00327826244757, -0.00188093609177, 0.00177076272666], [-0.00135928590316, 0.00282178493217, -0.00168016226962, 0.0029246264603, -0.00612487830222, 0.000869317504112, -0.00360072846524, 0.0166673902422, -0.00582745252177, 0.00127766618971, 0.00170280050952, 0.000104684455437, -0.000126805927721], [0.00151129171718, -0.00426204968244, 0.00131739256904, -0.00429408159107, 0.00479847332463, -0.00434781750664, 0.00245311320759, -0.00582745252177, 0.0180618315935, -0.00679001910612, -0.00021621324413, 0.00247237179428, -0.00181667588186], [-0.00133739411831, 0.0047848559916, -0.00393867539242, 0.00497332122177, -0.00479031726718, 0.0046616489999, -0.00309131667018, 0.00127766618971, -0.00679001910612, 0.019771123305, -0.00735455099493, -0.000790347985458, 0.00195966195315], [0.00124126719311, -0.0077175362967, 0.00517525710166, -0.00536061869934, 0.00740900170058, -0.00538389524445, 0.00327826244757, 0.00170280050952, -0.00021621324413, -0.00735455099493, 0.024922516197, -0.00891846418381, 0.00197542319074], [-0.00126122171059, 0.00729486439377, -0.0050342050381, 0.00604000780731, -0.00874942727387, 0.00418555084616, -0.00188093609177, 0.000104684455437, 0.00247237179428, -0.000790347985458, -0.00891846418381, 0.0254677832127, -0.0111217973754], [0.00221095373854, -0.00436828099191, 0.00247414503247, -0.00632518483326, 0.0055233608, -0.00146973435767, 0.00177076272666, -0.000126805927721, -0.00181667588186, 0.00195966195315, 0.00197542319074, -0.0111217973754, 0.0239350590855]]
    },
    "melbands": {
        "dmean": [0.00021212248248, 0.00124332762789, 0.00127712718677, 0.000539417378604, 0.0004709661589, 0.000243300251896, 0.000267205323325, 0.000297527149087, 0.000377631542506, 0.000167504505953, 0.000134644360514, 0.000109935128421, 5.0263821322e-05, 6.1284918047e-05, 5.08609846293e-05, 3.25495930156e-05, 2.82024466287e-05, 1.97732515517e-05, 3.11379153572e-05, 1.19110436572e-05, 8.97017616808e-06, 7.06357423041e-06, 6.64467006573e-06, 6.44465944788e-06, 5.63898720429e-06, 3.91571120417e-06, 4.80660628455e-06, 4.05877926823e-06, 4.29274859925e-06, 5.31477644472e-06, 5.13473514729e-06, 4.43611452283e-06, 2.63050901594e-06, 2.1586990897e-06, 1.9141307348e-06, 2.9732582334e-06, 3.02042803924e-06, 1.89357001545e-06, 7.9868055991e-07, 3.26964453734e-07],
        "dmean2": [0.000344748463249, 0.00203076680191, 0.00220862193964, 0.000934665673412, 0.000732036947738, 0.000381454214221, 0.000399107433623, 0.000435693160398, 0.000580726191401, 0.000252812023973, 0.00019398535369, 0.000165478966665, 8.07432370493e-05, 9.78390016826e-05, 7.97297034296e-05, 5.25576469954e-05, 4.51879059256e-05, 3.09970455419e-05, 5.0774851843e-05, 1.95655284188e-05, 1.45614039866e-05, 1.10566043077e-05, 1.03408819996e-05, 9.73497299128e-06, 9.13832900551e-06, 6.36715594737e-06, 6.9827160587e-06, 6.12522990195e-06, 6.76518038745e-06, 7.92782702774e-06, 7.83859195508e-06, 6.76698846291e-06, 3.87229420085e-06, 3.15812826557e-06, 2.76885293715e-06, 4.33492186858e-06, 4.00696399083e-06, 2.57550414062e-06, 1.15346870189e-06, 4.56502760926e-07],
        "dvar": [1.14694927333e-07, 4.90705042466e-06, 7.33995420887e-06, 1.48441984038e-06, 4.84632550979e-07, 9.11586894858e-08, 1.97695342763e-07, 1.64371840583e-07, 2.91405854114e-07, 6.42760014102e-08, 6.40289243847e-08, 2.09830250952e-08, 4.34006031114e-09, 1.03440491728e-08, 5.76542946717e-09, 2.36197350567e-09, 2.08635708709e-09, 8.79037620471e-10, 2.19925522238e-09, 4.57972076928e-10, 1.89609522527e-10, 2.24145188521e-10, 1.5405697551e-10, 1.07773297231e-10, 5.25316630473e-11, 2.35521879777e-10, 3.98310689986e-10, 1.29687968697e-10, 1.39256536857e-10, 3.72875758048e-10, 3.46498524317e-10, 2.36420882871e-10, 7.44761891047e-11, 4.49002640623e-11, 4.21702880948e-11, 1.65272670549e-10, 1.68428299085e-10, 5.74813495413e-11, 1.00503416353e-11, 1.01051361289e-12],
        "dvar2": [3.09383892727e-07, 1.29778145492e-05, 2.03155414056e-05, 4.20042169935e-06, 1.06102709196e-06, 2.24006953431e-07, 4.22740413342e-07, 3.36659439881e-07, 6.24299900664e-07, 1.49409260075e-07, 1.47978198584e-07, 4.49752093346e-08, 1.03772412885e-08, 2.89984143365e-08, 1.43519036655e-08, 6.00152949559e-09, 4.98957319905e-09, 2.11382422677e-09, 5.79741810114e-09, 1.17038556624e-09, 4.76609418598e-10, 5.67250191263e-10, 3.90151605467e-10, 2.17670492741e-10, 1.31429783723e-10, 7.03070657249e-10, 8.83827955267e-10, 2.61600741069e-10, 3.08900016677e-10, 7.90093490632e-10, 8.38555280769e-10, 5.1197762696e-10, 1.56456098077e-10, 9.97460655738e-11, 9.59849352777e-11, 3.65946523084e-10, 2.80303252831e-10, 1.05590841626e-10, 2.04420525646e-11, 1.65082953817e-12],
        "max": [0.0040351995267, 0.0181802008301, 0.027664443478, 0.0123328194022, 0.0101980585605, 0.00312259048223, 0.00665555382147, 0.00563415046781, 0.00820993632078, 0.00381350237876, 0.0045440075919, 0.00219524349086, 0.00111897604074, 0.00159952964168, 0.00108425458893, 0.000690085871611, 0.000461875082692, 0.000553284422494, 0.000592852942646, 0.00029806260136, 0.000189336758922, 0.000272345962003, 0.000189612212125, 0.000180154675036, 8.59329593368e-05, 0.000380518613383, 0.000478473026305, 0.000198149486096, 0.000168229278643, 0.000343471590895, 0.000316873105476, 0.000213216451812, 0.000141862154123, 0.00014315127919, 0.000103737591417, 0.000250095006777, 0.000334066746291, 0.000127051403979, 6.19332422502e-05, 2.48798605753e-05],
        "mean": [0.000583126326092, 0.00290039251558, 0.00165231782012, 0.000702747202013, 0.00103097269312, 0.000484227668494, 0.000606327783316, 0.000707545084879, 0.000759285350796, 0.000320998340612, 0.000265384122031, 0.000225829164265, 9.16265125852e-05, 0.000117085881357, 0.000103352358565, 5.71758646402e-05, 4.5848042646e-05, 3.5555978684e-05, 4.75674933114e-05, 2.09204808925e-05, 1.78440095624e-05, 1.36764338095e-05, 1.3036396922e-05, 1.41489208545e-05, 1.06407169369e-05, 7.07548588252e-06, 7.9046776591e-06, 7.1922368079e-06, 7.23097627997e-06, 7.67270830693e-06, 7.44663429941e-06, 6.65363768348e-06, 4.45046407549e-06, 3.37494770974e-06, 2.91699348054e-06, 4.08172763855e-06, 4.3517316044e-06, 2.86568138108e-06, 1.18025252505e-06, 4.79308823742e-07],
        "median": [0.000380451325327, 0.00199148152024, 0.00104133610148, 0.000436818052549, 0.000514863699209, 0.000306037254632, 0.000336895463988, 0.000457885937067, 0.000461822986836, 0.000199482863536, 0.000121833290905, 0.000128131461679, 6.28189663985e-05, 6.39819627395e-05, 5.75625381316e-05, 3.46493579855e-05, 2.417147698e-05, 2.15680629481e-05, 2.83580247924e-05, 1.2918626453e-05, 1.19491087389e-05, 8.01088845037e-06, 6.37263838144e-06, 6.96897905073e-06, 6.98806979926e-06, 3.14976841764e-06, 2.78912352769e-06, 3.01487852994e-06, 2.50840821536e-06, 1.42329395203e-06, 1.11593215024e-06, 8.85995973476e-07, 4.52187464361e-07, 5.89942999341e-07, 4.49072047104e-07, 2.91500583671e-07, 2.58399779796e-07, 1.56873781521e-07, 1.49491199863e-07, 9.18147478046e-08],
        "min": [2.44833671559e-07, 4.98643885294e-06, 1.20630347737e-05, 8.80806237546e-06, 1.32189124997e-05, 3.99917416871e-06, 7.70527458371e-06, 1.373658597e-05, 1.01565601653e-05, 7.53897893446e-06, 6.3899469751e-06, 6.54386076349e-06, 2.55116947301e-06, 4.0255085878e-06, 1.60203012456e-06, 1.50495270645e-06, 1.11308611395e-06, 1.7913944248e-06, 2.28765770771e-06, 9.91640263237e-07, 1.08705080493e-06, 8.46511227337e-07, 5.01018462273e-07, 5.12998667546e-07, 4.98233703183e-07, 2.65620997197e-07, 1.27056708266e-07, 1.87587943401e-07, 1.77324039896e-07, 6.04961556405e-08, 6.18244371253e-08, 7.18649317832e-08, 7.96016852433e-09, 1.13540066238e-08, 1.11593383423e-08, 6.05798877729e-09, 4.99825869582e-09, 2.12124917631e-09, 2.81106752459e-11, 2.76583929371e-11],
