{
"highlevel": {
    "danceability": {
        "all": {
            "danceable": 0.999999880791,
            "not_danceable": 1.00000008274e-07
        },
        "probability": 0.999999880791,
        "value": "danceable"
    },
    "gender": {
        "all": {
            "female": 0.726388335228,
            "male": 0.273611694574
        },
        "probability": 0.726388335228,
        "value": "female"
    },
    "genre_dortmund": {
        "all": {
            "alternative": 0.0214817896485,
            "blues": 0.00632314570248,
            "electronic": 0.416759878397,
            "folkcountry": 0.00768455024809,
            "funksoulrnb": 0.00940626859665,
            "jazz": 0.0939645469189,
            "pop": 0.0746492892504,
            "raphiphop": 0.333577930927,
            "rock": 0.0361525937915
        },
        "probability": 0.416759878397,
        "value": "electronic"
    },
    "genre_electronic": {
        "all": {
            "ambient": 0.0188958533108,
            "dnb": 0.072513692081,
            "house": 0.0362865366042,
            "techno": 0.0433192960918,
            "trance": 0.828984618187
        },
        "probability": 0.828984618187,
        "value": "trance"
    },
    "genre_rosamerica": {
        "all": {
            "cla": 6.64224862703e-05,
            "dan": 0.895679235458,
            "hip": 0.100294612348,
            "jaz": 0.000102154372144,
            "pop": 0.0017971873749,
            "rhy": 0.0010288732592,
            "roc": 0.000937323609833,
            "spe": 9.4172268291e-05
        },
        "probability": 0.895679235458,
        "value": "dan"
    },
    "genre_tzanetakis": {
        "all": {
            "blu": 0.0626613423228,
            "cla": 0.0348169617355,
            "cou": 0.104475811124,
            "dis": 0.0784321576357,
            "hip": 0.15692435205,
            "jaz": 0.313974827528,
            "met": 0.0448166541755,
            "pop": 0.0627359300852,
            "reg": 0.0627360641956,
            "roc": 0.0784258767962
        },
        "probability": 0.313974827528,
        "value": "jaz"
    },
    "ismir04_rhythm": {
        "all": {
            "ChaChaCha": 0.611755669117,
            "Jive": 0.00897152349353,
            "Quickstep": 0.0379003919661,
            "Rumba-American": 0.00318233459257,
            "Rumba-International": 0.00398212205619,
            "Rumba-Misc": 0.00143308087718,
            "Samba": 0.328704833984,
            "Tango": 0.00192031345796,
            "VienneseWaltz": 0.00120808533393,
            "Waltz": 0.000941605016124
        },
        "probability": 0.611755669117,
        "value": "ChaChaCha"
    },
    "mood_acoustic": {
        "all": {
            "acoustic": 5.39306030389e-11,
            "not_acoustic": 1
        },
        "probability": 1,
        "value": "not_acoustic"
    },
    "mood_aggressive": {
        "all": {
            "aggressive": 0.830611944199,
            "not_aggressive": 0.169388025999
        },
        "probability": 0.830611944199,
        "value": "aggressive"
    },
    "mood_electronic": {
        "all": {
            "electronic": 0.981028318405,
            "not_electronic": 0.0189716685563
        },
        "probability": 0.981028318405,
        "value": "electronic"
    },
    "mood_happy": {
        "all": {
            "happy": 0.62782227993,
            "not_happy": 0.37217772007
        },
        "probability": 0.62782227993,
        "value": "happy"
    },
    "mood_party": {
        "all": {
            "not_party": 0.0241041760892,
            "party": 0.975895822048
        },
        "probability": 0.975895822048,
        "value": "party"
    },
    "mood_relaxed": {
        "all": {
            "not_relaxed": 0.970952630043,
            "relaxed": 0.0290473457426
        },
        "probability": 0.970952630043,
        "value": "not_relaxed"
    },
    "mood_sad": {
        "all": {
            "not_sad": 0.880770385265,
            "sad": 0.119229629636
        },
        "probability": 0.880770385265,
        "value": "not_sad"
    },
    "moods_mirex": {
        "all": {
            "Cluster1": 0.383626461029,
            "Cluster2": 0.0652566328645,
            "Cluster3": 0.0336979925632,
            "Cluster4": 0.0506769344211,
            "Cluster5": 0.466741979122
        },
        "probability": 0.466741979122,
        "value": "Cluster5"
    },
    "timbre": {
        "all": {
            "bright": 0.874357879162,
            "dark": 0.125642135739
        },
        "probability": 0.874357879162,
        "value": "bright"
    },
    "tonal_atonal": {
        "all": {
            "atonal": 0.666572511196,
            "tonal": 0.333427459002
        },
        "probability": 0.666572511196,
        "value": "atonal"
    },
    "voice_instrumental": {
        "all": {
            "instrumental": 0.928777635098,
            "voice": 0.0712223574519
        },
        "probability": 0.928777635098,
        "value": "instrumental"
    }
},
"lowlevel": {
    "average_loudness": 0.985958456993,
    "barkbands_crest": {
        "dmean": 3.59629654884,
        "dmean2": 5.00707817078,
        "dvar": 13.6045560837,
        "dvar2": 23.7124500275,
        "max": 26.0611381531,
        "mean": 17.1525020599,
        "median": 19.244934082,
        "min": 2.84607625008,
        "var": 43.3516311646
    },
    "barkbands_flatness_db": {
        "dmean": 0.0450283363461,
        "dmean2": 0.0564323365688,
        "dvar": 0.00161301274784,
        "dvar2": 0.00244833272882,
        "max": 0.404411703348,
        "mean": 0.185227900743,
        "median": 0.172803014517,
        "min": 0.0481434836984,
        "var": 0.00751419225708
    },
    "barkbands_kurtosis": {
        "dmean": 18.0462093353,
        "dmean2": 28.7029647827,
        "dvar": 1240.00378418,
        "dvar2": 3128.11425781,
        "max": 379.732421875,
        "mean": 21.7063121796,
        "median": 3.28310203552,
        "min": -1.88033008575,
        "var": 1560.94348145
    },
    "barkbands_skewness": {
        "dmean": 1.52588510513,
        "dmean2": 2.16051793098,
        "dvar": 3.55613446236,
        "dvar2": 7.39150333405,
        "max": 17.8763942719,
        "mean": 3.22841358185,
        "median": 2.04670095444,
        "min": -1.92498791218,
        "var": 9.39326572418
    },
    "barkbands_spread": {
        "dmean": 13.9774465561,
        "dmean2": 19.8566875458,
        "dvar": 266.326538086,
        "dvar2": 485.585693359,
        "max": 107.882980347,
        "mean": 34.0907592773,
        "median": 29.083770752,
        "min": 0.865687310696,
        "var": 746.281616211
    },
    "dissonance": {
        "dmean": 0.0192144382745,
        "dmean2": 0.0328813381493,
        "dvar": 0.000503569084685,
        "dvar2": 0.00129144405946,
        "max": 0.499970287085,
        "mean": 0.474207907915,
        "median": 0.48330527544,
        "min": 0.325814843178,
        "var": 0.000875085243024
    },
    "dynamic_complexity": 1.66203761101,
    "erbbands_crest": {
        "dmean": 3.40780639648,
        "dmean2": 4.72716665268,
        "dvar": 12.9465522766,
        "dvar2": 20.4824066162,
        "max": 30.8515949249,
        "mean": 9.71514797211,
        "median": 7.14795207977,
        "min": 2.31376481056,
        "var": 44.1709518433
    },
    "erbbands_flatness_db": {
        "dmean": 0.0161936637014,
        "dmean2": 0.0237815845758,
        "dvar": 0.000203433068236,
        "dvar2": 0.000392338813981,
        "max": 0.245299682021,
        "mean": 0.120688974857,
        "median": 0.113421417773,
        "min": 0.0683027356863,
        "var": 0.000859363237396
    },
    "erbbands_kurtosis": {
        "dmean": 0.942425310612,
        "dmean2": 1.3670309782,
        "dvar": 1.2352616787,
        "dvar2": 2.2032597065,
        "max": 8.53568172455,
        "mean": 0.480573922396,
        "median": -0.196311950684,
        "min": -1.54206192493,
        "var": 3.59761214256
    },
    "erbbands_skewness": {
        "dmean": 0.407721370459,
        "dmean2": 0.604391336441,
        "dvar": 0.179505169392,
        "dvar2": 0.334183037281,
        "max": 2.80302524567,
        "mean": 0.0752823352814,
        "median": 0.162113085389,
        "min": -2.45751285553,
        "var": 0.726177930832
    },
    "erbbands_spread": {
        "dmean": 12.2627649307,
        "dmean2": 18.7407398224,
        "dvar": 141.054870605,
        "dvar2": 359.940948486,
        "max": 111.052658081,
        "mean": 53.3202514648,
        "median": 50.7131385803,
        "min": 14.1784706116,
        "var": 307.140625
    },
    "hfc": {
        "dmean": 24.4066829681,
        "dmean2": 31.7972259521,
        "dvar": 722.000366211,
        "dvar2": 1292.40075684,
        "max": 183.051956177,
        "mean": 46.6183586121,
        "median": 33.7196121216,
        "min": 1.88483822346,
        "var": 1492.12158203
    },
    "melbands_crest": {
        "dmean": 3.53631234169,
        "dmean2": 5.18880176544,
        "dvar": 11.5854473114,
        "dvar2": 22.3388824463,
        "max": 36.4920578003,
        "mean": 23.8201141357,
        "median": 22.2098350525,
        "min": 4.14458751678,
        "var": 64.0182800293
    },
    "melbands_flatness_db": {
        "dmean": 0.0546759068966,
        "dmean2": 0.0676073282957,
        "dvar": 0.00223515834659,
        "dvar2": 0.00343716144562,
        "max": 0.504592955112,
        "mean": 0.242780402303,
        "median": 0.233752265573,
        "min": 0.0241816360503,
        "var": 0.0112518556416
    },
    "melbands_kurtosis": {
        "dmean": 44.2636489868,
        "dmean2": 67.8070678711,
        "dvar": 6059.66455078,
        "dvar2": 14446.1445312,
        "max": 906.717895508,
        "mean": 69.2475738525,
        "median": 23.3811836243,
        "min": -1.54007697105,
        "var": 10680.5595703
    },
    "melbands_skewness": {
        "dmean": 2.08532166481,
        "dmean2": 2.94124698639,
        "dvar": 5.73399448395,
        "dvar2": 11.1120452881,
        "max": 23.0171928406,
        "mean": 5.86128330231,
        "median": 4.46978855133,
        "min": 0.100993871689,
        "var": 18.6805973053
    },
    "melbands_spread": {
        "dmean": 13.002746582,
        "dmean2": 19.2295360565,
        "dvar": 275.18347168,
        "dvar2": 608.559753418,
        "max": 185.360626221,
        "mean": 23.7246685028,
        "median": 16.5565700531,
        "min": 0.421917706728,
        "var": 528.098144531
    },
    "pitch_salience": {
        "dmean": 0.110890902579,
        "dmean2": 0.165638625622,
        "dvar": 0.0144856665283,
        "dvar2": 0.0328423529863,
        "max": 0.925154626369,
        "mean": 0.330098152161,
        "median": 0.320921748877,
        "min": 0.0383278653026,
        "var": 0.0365391597152
    },
    "silence_rate_20dB": {
        "dmean": 0,
        "dmean2": 0,
        "dvar": 0,
        "dvar2": 0,
        "max": 1,
        "mean": 1,
        "median": 1,
        "min": 1,
        "var": 0
    },
    "silence_rate_30dB": {
        "dmean": 0.117647059262,
        "dmean2": 0.235476374626,
        "dvar": 0.1038056463,
        "dvar2": 0.212561756372,
        "max": 1,
        "mean": 0.67130702734,
        "median": 1,
        "min": 0,
        "var": 0.220651462674
    },
    "silence_rate_60dB": {
        "dmean": 0.0255417954177,
        "dmean2": 0.0503485687077,
        "dvar": 0.0248893648386,
        "dvar2": 0.064855016768,
        "max": 1,
        "mean": 0.0170146953315,
        "median": 0,
        "min": 0,
        "var": 0.0167254228145
    },
    "spectral_centroid": {
        "dmean": 480.866729736,
        "dmean2": 717.030578613,
        "dvar": 253284.203125,
        "dvar2": 549571.875,
        "max": 4133.96386719,
        "mean": 2024.91784668,
        "median": 1912.38586426,
        "min": 567.367614746,
        "var": 720379.75
    },
    "spectral_complexity": {
        "dmean": 7.34597539902,
        "dmean2": 9.86289691925,
        "dvar": 61.311290741,
        "dvar2": 89.0744476318,
        "max": 59,
        "mean": 20.8917255402,
        "median": 19,
        "min": 0,
        "var": 200.611434937
    },
    "spectral_decrease": {
        "dmean": 4.89568874329e-09,
        "dmean2": 6.80598466474e-09,
        "dvar": 2.20136517628e-17,
        "dvar2": 4.19175892994e-17,
        "max": -1.94054772251e-10,
        "mean": -1.87192448209e-08,
        "median": -1.83865385139e-08,
        "min": -4.58457414254e-08,
        "var": 1.20982126138e-16
    },
    "spectral_energy": {
        "dmean": 0.0186494346708,
        "dmean2": 0.0263575036079,
        "dvar": 0.00032307242509,
        "dvar2": 0.000618026708253,
        "max": 0.174109846354,
        "mean": 0.0748791918159,
        "median": 0.0719532296062,
        "min": 0.00090846180683,
        "var": 0.00165950437076
    },
    "spectral_energyband_high": {
        "dmean": 0.00229016365483,
        "dmean2": 0.00300846295431,
        "dvar": 7.95298092271e-06,
        "dvar2": 1.48178041854e-05,
        "max": 0.019299313426,
        "mean": 0.00388100300916,
        "median": 0.00251978705637,
        "min": 9.91570996121e-05,
        "var": 1.66887020896e-05
    },
    "spectral_energyband_low": {
        "dmean": 0.0188891738653,
        "dmean2": 0.0257997736335,
        "dvar": 0.000326874811435,
        "dvar2": 0.000600212370045,
        "max": 0.172452926636,
        "mean": 0.0589292235672,
        "median": 0.0544807836413,
        "min": 4.94318810524e-05,
        "var": 0.00182566139847
    },
    "spectral_energyband_middle_high": {
        "dmean": 0.0042627598159,
        "dmean2": 0.00587624683976,
        "dvar": 2.61005552602e-05,
        "dvar2": 4.42508935521e-05,
        "max": 0.0370070673525,
        "mean": 0.00728283682838,
        "median": 0.00400005048141,
        "min": 8.91478994163e-05,
        "var": 5.87791219004e-05
    },
    "spectral_energyband_middle_low": {
        "dmean": 0.0050081666559,
        "dmean2": 0.0085920104757,
        "dvar": 0.000131609893288,
        "dvar2": 0.000375035422621,
        "max": 0.0776208788157,
        "mean": 0.0054949731566,
        "median": 0.00229942146689,
        "min": 6.52567032375e-05,
        "var": 8.93243413884e-05
    },
    "spectral_entropy": {
        "dmean": 0.166032001376,
        "dmean2": 0.254052609205,
        "dvar": 0.0299253519624,
        "dvar2": 0.0657864585519,
        "max": 8.75941467285,
        "mean": 8.13734912872,
        "median": 8.15902423859,
        "min": 7.22600221634,
        "var": 0.070089109242
    },
    "spectral_flux": {
        "dmean": 0.0449442826211,
        "dmean2": 0.0608676932752,
        "dvar": 0.00202982290648,
        "dvar2": 0.00363799231127,
        "max": 0.367608934641,
        "mean": 0.119780726731,
        "median": 0.1032268852,
        "min": 0.018693620339,
        "var": 0.00422730715945
    },
    "spectral_kurtosis": {
        "dmean": 0.627354681492,
        "dmean2": 1.00784397125,
        "dvar": 0.442197471857,
        "dvar2": 1.06946027279,
        "max": 5.58444881439,
        "mean": 1.48881328106,
        "median": 1.19046115875,
        "min": -0.0200972557068,
        "var": 0.951625108719
    },
    "spectral_rms": {
        "dmean": 0.0011608612258,
        "dmean2": 0.00159748643637,
        "dvar": 1.4064971765e-06,
        "dvar2": 2.33787727666e-06,
        "max": 0.0130331600085,
        "mean": 0.00813384819776,
        "median": 0.00837844051421,
        "min": 0.000941437319852,
        "var": 6.89319358571e-06
    },
    "spectral_rolloff": {
        "dmean": 1223.61035156,
        "dmean2": 1883.64660645,
        "dvar": 3270892,
        "dvar2": 5908014,
        "max": 11261.8652344,
        "mean": 2024.10693359,
        "median": 839.794921875,
        "min": 64.599609375,
        "var": 6436935.5
    },
    "spectral_skewness": {
        "dmean": 0.170481964946,
        "dmean2": 0.265340477228,
        "dvar": 0.0299269556999,
        "dvar2": 0.0708508118987,
        "max": 2.15701651573,
        "mean": 1.0964230299,
        "median": 1.07945966721,
        "min": 0.420070648193,
        "var": 0.0737987756729
    },
    "spectral_spread": {
        "dmean": 705078.1875,
        "dmean2": 1079454.5,
        "dvar": 413066559488,
        "dvar2": 1.07826020352e+12,
        "max": 10962634,
        "mean": 6980201.5,
        "median": 7177004.5,
        "min": 4268944,
        "var": 1.1298481111e+12
    },
    "spectral_strongpeak": {
        "dmean": 0.361476361752,
        "dmean2": 0.568449854851,
        "dvar": 0.480659663677,
        "dvar2": 1.05792665482,
        "max": 7.82018661499,
        "mean": 0.765221238136,
        "median": 0.674637675285,
        "min": 0.0312877781689,
        "var": 0.597439885139
    },
    "zerocrossingrate": {
        "dmean": 0.0242700725794,
        "dmean2": 0.0245891772211,
        "dvar": 0.000534695805982,
        "dvar2": 0.000549627060536,
        "max": 0.28466796875,
        "mean": 0.0738271400332,
        "median": 0.06103515625,
        "min": 0.005859375,
        "var": 0.0030507389456
    },
    "barkbands": {
        "dmean": [0.00133345543873, 0.0189919807017, 0.00311580393463, 0.00130715267733, 0.00161056756042, 0.000510002253577, 0.000337344914442, 0.00066274573328, 0.00083653483307, 0.00165193038993, 0.000335951976012, 0.00147275114432, 0.000425625737989, 0.000485501193907, 0.000249152828474, 0.000207814548048, 0.000283012224827, 0.00017207118799, 0.000247978401603, 0.000274156947853, 0.000307802722091, 0.000512524915393, 0.000503661867697, 0.000405546597904, 0.000477159075672, 0.000204749361728, 1.48762680396e-07],
        "dmean2": [0.00154585996643, 0.0262149572372, 0.00541301490739, 0.00253732525744, 0.00307420198806, 0.00090329447994, 0.000590675335843, 0.000927269575186, 0.00113040802535, 0.00226836674847, 0.00050817191368, 0.00211203796789, 0.000676576630212, 0.000787525263149, 0.00039781013038, 0.000318689009873, 0.000415631278884, 0.000243181522819, 0.000373842398403, 0.000383232225431, 0.000461502466351, 0.000725000107195, 0.00074095884338, 0.000581580854487, 0.00067971291719, 0.000301960710203, 2.59220598764e-07],
        "dvar": [2.3379727736e-06, 0.000368844368495, 5.14785861014e-05, 1.98288562387e-05, 2.64898153546e-05, 1.5799269022e-06, 5.51534697024e-07, 1.63951892773e-06, 2.45032947532e-06, 8.23680693429e-06, 4.35935589849e-07, 1.1380988326e-05, 6.92772857747e-07, 1.14824149477e-06, 1.5364675221e-07, 6.46109512559e-08, 2.02998862164e-07, 8.69960956607e-08, 1.40622290701e-07, 1.20402759762e-07, 1.08550167965e-07, 3.16778084652e-07, 4.70087201165e-07, 2.95163943065e-07, 4.2809492129e-07, 9.48740392914e-08, 1.06461761878e-13],
        "dvar2": [3.64068887393e-06, 0.000712721433956, 0.000140138494316, 5.75867270527e-05, 7.65554141253e-05, 4.60162345917e-06, 1.49042375597e-06, 2.3782874905e-06, 3.50769005308e-06, 1.23281315609e-05, 8.90715170954e-07, 1.76434314199e-05, 1.65163294241e-06, 3.05564367409e-06, 3.71102430563e-07, 1.29141383809e-07, 3.19807782034e-07, 1.51135296278e-07, 3.10168189799e-07, 2.27878686587e-07, 2.01256057153e-07, 6.21322442385e-07, 9.67887331171e-07, 5.27819736362e-07, 7.36369429433e-07, 2.08422420656e-07, 2.76807954813e-13],
        "max": [0.0140630202368, 0.163746610284, 0.043527353555, 0.030283741653, 0.0345040671527, 0.00995824113488, 0.00945772230625, 0.0154183655977, 0.0136554464698, 0.019569652155, 0.00679381517693, 0.035339076072, 0.00703841634095, 0.0118660228327, 0.0033999402076, 0.00197323318571, 0.00367775629275, 0.00266811344773, 0.0028958239127, 0.00265188096091, 0.00278071407229, 0.00486134598032, 0.00457350397483, 0.00396242225543, 0.00443247705698, 0.00235740700737, 3.0947508094e-06],
        "mean": [0.00311614200473, 0.0526366084814, 0.00286088883877, 0.000719400704838, 0.000960070581641, 0.000442183634732, 0.000391341047361, 0.000909077411052, 0.00126508343965, 0.00254618166946, 0.000411108369008, 0.00189676415175, 0.000455885194242, 0.000548245327082, 0.000320128980093, 0.000331021758029, 0.000384296203265, 0.000246364885243, 0.000316344347084, 0.000452975247754, 0.000508100609295, 0.000802293827292, 0.000721687858459, 0.000637444260065, 0.000721651827917, 0.000277822109638, 1.07093754309e-07],
        "median": [0.00158263521735, 0.0452777147293, 0.000993432477117, 2.77323269984e-05, 9.12576069823e-05, 0.000148239400005, 0.000209512218134, 0.00013344103354, 0.000259215536062, 0.000384256592952, 0.000162649899721, 0.000409869448049, 0.000125129066873, 0.000260759552475, 0.000119951553643, 0.000181602648809, 0.000150317835505, 0.000104377497337, 0.000153989574756, 0.000246186595177, 0.000387946463889, 0.00048202558537, 0.000422551063821, 0.000335418153554, 0.000414933892898, 0.00014884697157, 6.08210104502e-09],
        "min": [4.19934096385e-08, 3.90829736716e-05, 8.52765879245e-07, 1.92354420392e-07, 9.06784862309e-07, 1.86526028756e-06, 3.21548282045e-06, 5.29359522261e-06, 4.83576468469e-06, 2.65849575953e-06, 1.7436248072e-06, 5.22589243701e-06, 2.41773841481e-06, 2.13089310819e-06, 3.65019286619e-06, 3.98442671212e-06, 4.41945712737e-06, 2.32824777413e-06, 3.86079545933e-06, 7.98538712843e-06, 7.93866092863e-06, 9.72171437752e-06, 1.14814884e-05, 1.22771598399e-05, 1.08348158392e-05, 1.63347431226e-06, 1.01416566117e-11],
        "var": [1.25643528008e-05, 0.00174257834442, 3.57299068128e-05, 1.06337674879e-05, 1.45469057315e-05, 9.56857775236e-07, 4.94439348131e-07, 4.08993173551e-06, 6.01575629844e-06, 1.88726917258e-05, 6.58489511807e-07, 2.33881273743e-05, 7.27758049379e-07, 9.59938802225e-07, 1.9967316689e-07, 1.35959496106e-07, 3.70504892544e-07, 1.46503765563e-07, 1.93452621033e-07, 2.46304182383e-07, 2.09892164094e-07, 6.9201973929e-07, 7.72073008193e-07, 6.33973229469e-07, 7.95326684511e-07, 1.37907449016e-07, 8.10071139942e-14]
    },
    "erbbands": {
        "dmean": [0.785080194473, 3.83275270462, 4.12467908859, 3.9158205986, 5.26432037354, 5.17929601669, 3.7696993351, 4.52058124542, 5.20886659622, 5.6951675415, 16.6500053406, 23.0909023285, 51.5130386353, 22.2684345245, 20.5592575073, 63.3657493591, 20.7834911346, 18.4273757935, 25.3187866211, 9.99283218384, 12.8754730225, 13.8540401459, 10.2736692429, 13.9070892334, 10.2766532898, 13.7154302597, 9.76037502289, 15.25502491, 20.1109142303, 13.8125495911, 14.8833236694, 9.84032726288, 6.53827190399, 5.11251688004, 3.68772172928, 1.35453414917, 0.332723855972, 0.0195555835962, 0.000433179608081, 4.51635860372e-05],
        "dmean2": [0.87478941679, 5.80975055695, 6.48880910873, 7.35340356827, 10.156162262, 9.8222360611, 7.12141275406, 7.76650571823, 9.09651279449, 9.87227344513, 22.7370738983, 31.0623435974, 69.3051452637, 34.7613945007, 29.897359848, 89.4157485962, 31.5931663513, 27.9173221588, 42.7355957031, 15.8446073532, 18.3166885376, 21.4629096985, 14.1593179703, 20.635684967, 14.6298141479, 19.7027816772, 14.0741176605, 23.1894664764, 29.8253173828, 19.1540145874, 21.7363891602, 14.3759288788, 9.51678943634, 7.33681821823, 5.17627334595, 2.00733685493, 0.474238246679, 0.0301050581038, 0.000629621383268, 6.22061124886e-05],
        "dvar": [0.553973972797, 20.5424957275, 51.4501991272, 143.944290161, 291.597015381, 276.88583374, 153.026443481, 99.3475570679, 119.884864807, 137.622756958, 1083.64709473, 2177.94213867, 7473.16162109, 1214.09313965, 904.976379395, 28410.1171875, 1465.41137695, 733.895751953, 2528.93310547, 192.174804688, 301.159118652, 618.413696289, 276.537994385, 389.767944336, 227.635055542, 341.609405518, 134.499847412, 248.882614136, 492.165588379, 233.610412598, 479.59085083, 190.710357666, 84.7619628906, 45.0540275574, 26.1278629303, 3.99972081184, 0.28687492013, 0.00101785978768, 4.44875553285e-07, 2.41867303963e-09],
        "dvar2": [0.82179749012, 40.4501457214, 130.227523804, 410.859222412, 845.26348877, 798.567321777, 443.899505615, 287.51071167, 321.427062988, 385.008880615, 1446.38208008, 3059.9921875, 10717.4746094, 2428.72753906, 1458.52954102, 44595.4101562, 3426.99267578, 1710.63476562, 7063.8125, 450.273956299, 604.99029541, 1116.47998047, 466.808532715, 843.516479492, 428.951782227, 677.27557373, 256.334472656, 488.528717041, 1029.79064941, 453.014862061, 988.308959961, 355.312591553, 159.985015869, 75.4716491699, 49.0406227112, 9.11348056793, 0.608322262764, 0.0024573460687, 1.02930675894e-06, 5.48378187304e-09],
        "max": [8.23466300964, 35.3283958435, 47.6330299377, 77.1399154663, 114.126365662, 110.984146118, 103.714782715, 74.0445404053, 154.976455688, 74.8729476929, 410.808380127, 422.737884521, 661.795837402, 231.754211426, 243.726074219, 1740.50109863, 307.207946777, 254.284118652, 513.648498535, 119.609237671, 140.467773438, 205.648849487, 145.993774414, 175.555892944, 129.854888916, 148.212158203, 96.2663726807, 118.523986816, 184.983932495, 119.105400085, 163.054931641, 100.440315247, 83.438041687, 47.0149612427, 35.2659416199, 15.292178154, 3.61315059662, 0.20452709496, 0.00418297480792, 0.000352892879164],
        "mean": [2.1176211834, 9.19482326508, 5.86891412735, 2.69575405121, 3.01963353157, 3.13828468323, 2.52429389954, 4.25397968292, 6.18335485458, 6.66056871414, 24.0501194, 36.2374000549, 78.7261123657, 36.2230529785, 30.1022758484, 81.6847076416, 24.1234321594, 24.3612041473, 27.0923671722, 15.1803607941, 18.733373642, 19.7791996002, 14.9806480408, 18.4911994934, 14.2974758148, 22.7309627533, 17.2640533447, 23.9235038757, 30.1846847534, 21.9514942169, 21.4190654755, 15.1719865799, 10.0926303864, 7.61690711975, 5.28911018372, 1.86331319809, 0.431300282478, 0.020735071972, 0.000555096776225, 0.000129160354845],
        "median": [1.14432001114, 7.79148006439, 3.11317610741, 0.534101307392, 0.205587923527, 0.288943648338, 0.505897819996, 1.59107780457, 3.46810603142, 2.8187057972, 3.66291570663, 10.1209077835, 15.5924835205, 12.019411087, 13.785326004, 13.8053760529, 7.00961256027, 12.8687839508, 8.97883319855, 8.05322933197, 9.66007328033, 7.65055274963, 6.9963259697, 7.89537906647, 7.98930931091, 11.8636341095, 11.5153408051, 18.6251945496, 17.8465652466, 12.7526273727, 11.8839759827, 7.13587188721, 5.1716594696, 4.35670614243, 2.75201773643, 1.08174741268, 0.185271650553, 0.00749364448711, 0.000262623449089, 0.0001235747186],
        "min": [0.000465142627945, 0.0107898628339, 0.0146065261215, 0.00721485447139, 0.00231856387109, 0.00394904892892, 0.0134567450732, 0.0264146253467, 0.0493244342506, 0.0610226169229, 0.111757241189, 0.132048740983, 0.110043220222, 0.133721143007, 0.228020235896, 0.241049572825, 0.223242267966, 0.186714306474, 0.183005005121, 0.150631174445, 0.273977220058, 0.275351852179, 0.154139146209, 0.292322486639, 0.229935064912, 0.474772036076, 0.432097315788, 0.437762647867, 0.413675844669, 0.460874170065, 0.3840919137, 0.319247186184, 0.184801608324, 0.113807812333, 0.0829298496246, 0.0277116559446, 0.00262045208365, 7.18499868526e-05, 1.46064912769e-05, 3.20600975101e-06],
        "var": [4.57223987579, 58.0457496643, 57.4026298523, 82.3239898682, 157.96546936, 153.393844604, 83.8804550171, 66.2355422974, 113.772201538, 105.679016113, 2846.74951172, 5287.20361328, 16398.9941406, 2606.13085938, 1841.14038086, 56938.2695312, 1643.31433105, 966.150512695, 2066.9074707, 329.073974609, 532.473876953, 1051.08496094, 500.898742676, 606.72265625, 353.81161499, 639.834960938, 277.487609863, 446.771362305, 980.359802246, 543.561096191, 762.969421387, 381.54876709, 162.576263428, 85.1193695068, 46.8283462524, 5.65598392487, 0.423805505037, 0.00112209818326, 5.62015998185e-07, 4.22817469925e-09]
    },
    "gfcc": {
        "mean": [41.3565063477, 36.859210968, -95.6731643677, 45.1821174622, -54.2869529724, 55.5642929077, -14.3712406158, 35.791305542, -12.755147934, 22.2195396423, -12.9932279587, 11.3691577911, -5.93323850632],
        "cov": [[2887.74243164, -377.853302002, -439.084014893, -65.9999542236, -132.065811157, -159.168426514, -358.066467285, -103.151123047, -292.840179443, -258.473876953, -403.87387085, -164.270965576, -285.766479492], [-377.853302002, 828.444946289, -26.6272335052, -220.901077271, 61.2143592834, -97.3974609375, 91.4220733643, 0.701832234859, 90.6683120728, -23.2985801697, 73.8593978882, 6.88562631607, 92.051109314], [-439.084014893, -26.6272335052, 358.619567871, 136.899673462, 50.1391181946, 47.9488296509, 67.112159729, -22.0038757324, 25.4190273285, 56.9327583313, 57.7683143616, 27.5879001617, 5.70688724518], [-65.9999542236, -220.901077271, 136.899673462, 234.061965942, 77.5056304932, 70.6368408203, 27.8463859558, 13.6636981964, 0.764587759972, 9.95288181305, 0.65917634964, -14.2112140656, -9.03860855103], [-132.065811157, 61.2143592834, 50.1391181946, 77.5056304932, 234.575927734, 112.741668701, 139.458175659, 17.493303299, 2.51115703583, -25.2936592102, 39.8211250305, 44.7043075562, 31.3397808075], [-159.168426514, -97.3974609375, 47.9488296509, 70.6368408203, 112.741668701, 190.451187134, 156.657592773, 20.6010551453, -1.20479404926, -3.81059718132, 36.3664093018, 37.871295929, 18.0069789886], [-358.066467285, 91.4220733643, 67.112159729, 27.8463859558, 139.458175659, 156.657592773, 268.933135986, 85.9828567505, 75.9319992065, 44.2303276062, 63.1076278687, 43.4260787964, 58.5465011597], [-103.151123047, 0.701832234859, -22.0038757324, 13.6636981964, 17.493303299, 20.6010551453, 85.9828567505, 111.235267639, 95.8893432617, 44.0616950989, 12.9068183899, -14.8619508743, 36.9584312439], [-292.840179443, 90.6683120728, 25.4190273285, 0.764587759972, 2.51115703583, -1.20479404926, 75.9319992065, 95.8893432617, 155.341918945, 92.5174255371, 66.154800415, -7.10705661774, 51.6570968628], [-258.473876953, -23.2985801697, 56.9327583313, 9.95288181305, -25.2936592102, -3.81059718132, 44.2303276062, 44.0616950989, 92.5174255371, 127.413406372, 76.0623168945, 11.8414268494, 11.4970006943], [-403.87387085, 73.8593978882, 57.7683143616, 0.65917634964, 39.8211250305, 36.3664093018, 63.1076278687, 12.9068183899, 66.154800415, 76.0623168945, 134.058853149, 50.8992958069, 41.9460258484], [-164.270965576, 6.88562631607, 27.5879001617, -14.2112140656, 44.7043075562, 37.871295929, 43.4260787964, -14.8619508743, -7.10705661774, 11.8414268494, 50.8992958069, 75.3306121826, 41.3551254272], [-285.766479492, 92.051109314, 5.70688724518, -9.03860855103, 31.3397808075, 18.0069789886, 58.5465011597, 36.9584312439, 51.6570968628, 11.4970006943, 41.9460258484, 41.3551254272, 99.8718109131]],
        "icov": [[0.00098092854023, -8.35784740048e-05, 0.000867908878718, -0.000264061964117, -0.000259941705735, -5.3856671002e-05, 0.000688791566063, -0.000569461844862, -0.000178950969712, 0.000262984627625, 0.00215960247442, -0.00141021271702, 0.0024477369152], [-8.35784740048e-05, 0.00583038106561, -0.000784637581091, 0.00495960656554, -0.00250605680048, 0.00735959969461, -0.00697530712932, 0.00855777505785, -0.00533094722778, 0.00629530474544, -0.00459798425436, 0.00782162789255, -0.00401265686378], [0.000867908878718, -0.000784637581091, 0.00620497297496, -0.00495802843943, 0.00123532838188, 0.00116894033272, -0.00217273994349, 0.0043387664482, -0.00237733125687, -0.000930846203119, 0.00250209728256, -0.00412829406559, 0.00346835236996], [-0.000264061964117, 0.00495960656554, -0.00495802843943, 0.0141791775823, -0.00651577301323, 0.000383917213185, 0.000308887043502, 0.0018506012857, -0.000167056612554, 0.00088991591474, -0.00322330882773, 0.0130265830085, -0.00670704711229], [-0.000259941705735, -0.00250605680048, 0.00123532838188, -0.00651577301323, 0.0113467900082, -0.00143472128548, -0.00338124413975, -0.00188944058027, -0.000428597879363, 0.00474580796435, -0.00171431188937, -0.00835673231632, 0.00414089811966], [-5.3856671002e-05, 0.00735959969461, 0.00116894033272, 0.000383917213185, -0.00143472128548, 0.0256779249758, -0.0203415658325, 0.0133624430746, -0.00602996302769, 0.0129857193679, -0.00904248934239, 0.00513941096142, -0.000875592348166], [0.000688791566063, -0.00697530712932, -0.00217273994349, 0.000308887043502, -0.00338124413975, -0.0203415658325, 0.0264158584177, -0.0212325565517, 0.00845824833959, -0.0126269105822, 0.00836589280516, -0.00858148932457, 0.00277104158886], [-0.000569461844862, 0.00855777505785, 0.0043387664482, 0.0018506012857, -0.00188944058027, 0.0133624430746, -0.0212325565517, 0.0491077825427, -0.0277954433113, 0.00802433956414, 0.000805068353657, 0.0140420664102, -0.00983943138272], [-0.000178950969712, -0.00533094722778, -0.00237733125687, -0.000167056612554, -0.000428597879363, -0.00602996302769, 0.00845824833959, -0.0277954433113, 0.0400888845325, -0.0197888016701, -0.00541117601097, 0.00934201106429, -0.00898150261492], [0.000262984627625, 0.00629530474544, -0.000930846203119, 0.00088991591474, 0.00474580796435, 0.0129857193679, -0.0126269105822, 0.00802433956414, -0.0197888016701, 0.0348429605365, -0.0137100415304, -0.00293270149268, 0.00888291653246], [0.00215960247442, -0.00459798425436, 0.00250209728256, -0.00322330882773, -0.00171431188937, -0.00904248934239, 0.00836589280516, 0.000805068353657, -0.00541117601097, -0.0137100415304, 0.0294137578458, -0.0170325953513, 0.00602501584217], [-0.00141021271702, 0.00782162789255, -0.00412829406559, 0.0130265830085, -0.00835673231632, 0.00513941096142, -0.00858148932457, 0.0140420664102, 0.00934201106429, -0.00293270149268, -0.0170325953513, 0.0511134453118, -0.0268053617328], [0.0024477369152, -0.00401265686378, 0.00346835236996, -0.00670704711229, 0.00414089811966, -0.000875592348166, 0.00277104158886, -0.00983943138272, -0.00898150261492, 0.00888291653246, 0.00602501584217, -0.0268053617328, 0.0329771414399]]
    },
    "melbands": {
        "dmean": [0.00595935154706, 0.00280833919533, 0.000722806260455, 0.000395826878957, 0.000146652877447, 9.91908163996e-05, 7.77071545599e-05, 7.66208977439e-05, 0.000125303457025, 0.000151110594743, 0.000264033064013, 0.000106919120299, 5.33262791578e-05, 0.000181551382411, 7.39364404581e-05, 4.79851405544e-05, 3.50284281012e-05, 4.99303387187e-05, 1.4098959582e-05, 1.47679938891e-05, 1.67316029547e-05, 1.61460338859e-05, 1.27380881167e-05, 8.23678510642e-06, 1.24288299048e-05, 7.14102452548e-06, 1.06152865555e-05, 8.58562088979e-06, 6.02667660132e-06, 8.35964237922e-06, 1.00828365248e-05, 1.2192687791e-05, 9.59112821874e-06, 7.76926663093e-06, 9.12713949219e-06, 7.67338497099e-06, 5.75649710299e-06, 4.76790592074e-06, 4.07052493756e-06, 4.8329375204e-06],
        "dmean2": [0.00759858218953, 0.00418325932696, 0.00135198479984, 0.000756790162995, 0.000277133571217, 0.000172082669451, 0.000135906142532, 0.000125227190438, 0.000176069297595, 0.00019529130077, 0.000356624746928, 0.000165055840625, 8.05186355137e-05, 0.000261470617261, 0.000106108156615, 7.34123459551e-05, 5.55650149181e-05, 8.58895873534e-05, 2.24423038162e-05, 2.39199598582e-05, 2.4904638849e-05, 2.56296516454e-05, 1.85083208635e-05, 1.17607478387e-05, 1.87541136256e-05, 1.04545260911e-05, 1.54134959303e-05, 1.25801034301e-05, 8.62156048242e-06, 1.2788089407e-05, 1.57786726049e-05, 1.86239140021e-05, 1.37578417707e-05, 1.15209495561e-05, 1.37188371809e-05, 1.1446220924e-05, 8.51977165439e-06, 7.06467744749e-06, 6.23349706075e-06, 6.8769140853e-06],
        "dvar": [3.14489770972e-05, 1.24293355839e-05, 4.80251856061e-06, 1.58148736773e-06, 2.34708451785e-07, 5.07848163522e-08, 2.64995492216e-08, 2.04871977161e-08, 5.60783455228e-08, 9.30229688834e-08, 2.04396059189e-07, 3.32224665556e-08, 1.00333945596e-08, 1.65137976182e-07, 3.02752241055e-08, 1.05304112097e-08, 3.5397389464e-09, 1.1640861608e-08, 4.49140058478e-10, 3.48672146711e-10, 6.10972661352e-10, 8.43570158171e-10, 3.63884283816e-10, 2.04992217645e-10, 3.16399295652e-10, 1.35301728155e-10, 1.97542149305e-10, 1.378244463e-10, 5.02446487194e-11, 6.87878157213e-11, 1.18742821131e-10, 1.89178922527e-10, 1.13903247945e-10, 7.72396938076e-11, 1.80598785926e-10, 1.24774468535e-10, 6.23476270611e-11, 4.3739501604e-11, 3.18784096343e-11, 3.85654390367e-11],
        "dvar2": [5.69096009713e-05, 2.56772109424e-05, 1.36641783683e-05, 4.56936095361e-06, 6.79894355926e-07, 1.47346867152e-07, 7.13287633403e-08, 5.3008829326e-08, 7.86481635373e-08, 1.26062971617e-07, 2.93965655374e-07, 6.07403123354e-08, 1.89803817108e-08, 2.47247129437e-07, 5.45124905216e-08, 2.48655709356e-08, 8.61576765487e-09, 3.25886269081e-08, 9.90394655176e-10, 8.36754610045e-10, 1.34477029512e-09, 1.64651048351e-09, 6.76891986906e-10, 3.56818213865e-10, 7.38344441142e-10, 2.65302113611e-10, 4.17173684486e-10, 2.83675305468e-10, 1.02833595805e-10, 1.42125228253e-10, 2.5691820893e-10, 4.08805017615e-10, 2.16554663091e-10, 1.64759206278e-10, 3.88197279877e-10, 2.36578340251e-10, 1.25604110446e-10, 8.82796613588e-11, 6.24024026896e-11, 6.39973907202e-11],
        "max": [0.0556798279285, 0.027023082599, 0.0138704348356, 0.00826794467866, 0.00388723891228, 0.00169195176568, 0.00226448103786, 0.000964924227446, 0.00290878047235, 0.00275299861096, 0.00327643170021, 0.00133396615274, 0.00095299363602, 0.00436386838555, 0.00173583545256, 0.000934428710025, 0.000584455032367, 0.00114947417751, 0.000167092788615, 0.000142895019962, 0.000182755262358, 0.000223849900067, 0.000177271926077, 0.000128233077703, 0.000168365892023, 0.000107224252133, 0.000102552796307, 9.78394964477e-05, 6.02810141572e-05, 7.58580572437e-05, 8.75788682606e-05, 0.000102869387774, 9.116838919e-05, 6.70981389703e-05, 0.000103732541902, 8.11167992651e-05, 5.45723960386e-05, 6.13096781308e-05, 3.66546737496e-05, 4.6213506721e-05],
        "mean": [0.0164670255035, 0.00623659463599, 0.000479963462567, 0.000232919235714, 9.48648739723e-05, 9.07327703317e-05, 9.30472524487e-05, 9.33099581744e-05, 0.000177681926289, 0.000230478719459, 0.000402015633881, 0.000171923311427, 6.88589861966e-05, 0.000234661871218, 8.96605342859e-05, 5.29944409209e-05, 4.3979176553e-05, 4.9677953939e-05, 1.96318978851e-05, 2.24787181651e-05, 2.20932179218e-05, 2.13325329241e-05, 1.70974562934e-05, 1.09856164272e-05, 1.60198251251e-05, 9.50327921601e-06, 1.46236643559e-05, 1.42899862112e-05, 9.73985788733e-06, 1.22301507872e-05, 1.42353082992e-05, 1.71164574567e-05, 1.50907808347e-05, 1.12082616397e-05, 1.28745659822e-05, 1.0223649042e-05, 8.72549207998e-06, 7.28362010705e-06, 5.69427993469e-06, 6.82621111991e-06],
        "median": [0.0121934516355, 0.00457252655178, 7.63066491345e-05, 1.67146445165e-05, 1.77873716893e-05, 3.2784701034e-05, 5.30725483259e-05, 3.18628044624e-05, 2.85596797767e-05, 3.89332453778e-05, 7.56965746405e-05, 4.78574620502e-05, 3.11670555675e-05, 5.18819251738e-05, 1.33546536745e-05, 1.42764738484e-05, 2.24834584515e-05, 1.44309969983e-05, 8.59966985445e-06, 1.23183235701e-05, 1.03568190752e-05, 7.82012921263e-06, 7.07209028405e-06, 4.37396056441e-06, 6.76260333421e-06, 4.85766031488e-06, 6.38390019958e-06, 7.8927123468e-06, 5.77630908083e-06, 8.93925334822e-06, 1.07284868136e-05, 1.0131131603e-05, 8.6456993813e-06, 6.44702595309e-06, 7.3276414696e-06, 5.14669636686e-06, 3.61225488632e-06, 3.57922135663e-06, 2.94229153042e-06, 3.88352464142e-06],
        "min": [8.18732769403e-06, 1.09796246761e-05, 7.20996013115e-07, 2.1693007568e-07, 3.33862089974e-07, 4.07097559219e-07, 9.45308897826e-07, 3.73283370436e-07, 7.31346005978e-07, 8.23254538318e-07, 3.24101421256e-07, 3.1975517345e-07, 5.9305943978e-07, 6.79768163536e-07, 4.32308752352e-07, 1.96702387711e-07, 1.83036178214e-07, 2.08658534007e-07, 2.45935979137e-07, 2.11667668282e-07, 3.21107592072e-07, 2.50397107493e-07, 1.02297391891e-07, 9.00184176089e-08, 2.28721418694e-07, 1.60508022873e-07, 1.37553669788e-07, 2.58258495478e-07, 1.34706652943e-07, 1.484435046e-07, 5.98861689127e-08, 2.25552554411e-07, 1.65244600225e-07, 1.64051840557e-07, 1.89503765569e-07, 1.66329670037e-07, 1.59655016319e-07, 6.85147938384e-08, 1.64772959721e-08, 9.84441115293e-08],
