{
"highlevel": {
    "danceability": {
        "all": {
            "danceable": 0.999999821186,
            "not_danceable": 2.0415366464e-07
        },
        "probability": 0.999999821186,
        "value": "danceable"
    },
    "gender": {
        "all": {
            "female": 0.135325461626,
            "male": 0.864674508572
        },
        "probability": 0.864674508572,
        "value": "male"
    },
    "genre_dortmund": {
        "all": {
            "alternative": 0.00233827345073,
            "blues": 0.00171830621548,
            "electronic": 0.113801330328,
            "folkcountry": 0.00759502639994,
            "funksoulrnb": 0.00624053832144,
            "jazz": 0.0244792960584,
            "pop": 0.0508537553251,
            "raphiphop": 0.790354907513,
            "rock": 0.00261858245358
        },
        "probability": 0.790354907513,
        "value": "raphiphop"
    },
    "genre_electronic": {
        "all": {
            "ambient": 0.0403866022825,
            "dnb": 0.825385808945,
            "house": 0.118103936315,
            "techno": 0.00523840170354,
            "trance": 0.010885248892
        },
        "probability": 0.825385808945,
        "value": "dnb"
    },
    "genre_rosamerica": {
        "all": {
            "cla": 7.32269036234e-05,
            "dan": 0.0833689495921,
            "hip": 0.868989884853,
            "jaz": 0.000180415561772,
            "pop": 0.0152939483523,
            "rhy": 0.031503111124,
            "roc": 0.000316752732033,
            "spe": 0.000273683806881
        },
        "probability": 0.868989884853,
        "value": "hip"
    },
    "genre_tzanetakis": {
        "all": {
            "blu": 0.0620671063662,
            "cla": 0.034474901855,
            "cou": 0.103433981538,
            "dis": 0.0620971247554,
            "hip": 0.15527240932,
            "jaz": 0.310666948557,
            "met": 0.044346679002,
            "pop": 0.0620793737471,
            "reg": 0.0620816536248,
            "roc": 0.103479810059
        },
        "probability": 0.310666948557,
        "value": "jaz"
    },
    "ismir04_rhythm": {
        "all": {
            "ChaChaCha": 0.0171123985201,
            "Jive": 0.0251569021493,
            "Quickstep": 0.0114565771073,
            "Rumba-American": 0.0103301564232,
            "Rumba-International": 0.353134423494,
            "Rumba-Misc": 0.0315384306014,
            "Samba": 0.538966178894,
            "Tango": 0.00203449325636,
            "VienneseWaltz": 0.00547844311222,
            "Waltz": 0.00479196663946
        },
        "probability": 0.538966178894,
        "value": "Samba"
    },
    "mood_acoustic": {
        "all": {
            "acoustic": 1.06203924588e-05,
            "not_acoustic": 0.999989390373
        },
        "probability": 0.999989390373,
        "value": "not_acoustic"
    },
    "mood_aggressive": {
        "all": {
            "aggressive": 0.00420765206218,
            "not_aggressive": 0.995792329311
        },
        "probability": 0.995792329311,
        "value": "not_aggressive"
    },
    "mood_electronic": {
        "all": {
            "electronic": 0.948670327663,
            "not_electronic": 0.051329690963
        },
        "probability": 0.948670327663,
        "value": "electronic"
    },
    "mood_happy": {
        "all": {
            "happy": 0.428565919399,
            "not_happy": 0.571434080601
        },
        "probability": 0.571434080601,
        "value": "not_happy"
    },
    "mood_party": {
        "all": {
            "not_party": 0.0856343284249,
            "party": 0.914365649223
        },
        "probability": 0.914365649223,
        "value": "party"
    },
    "mood_relaxed": {
        "all": {
            "not_relaxed": 0.348342686892,
            "relaxed": 0.651657342911
        },
        "probability": 0.651657342911,
        "value": "relaxed"
    },
    "mood_sad": {
        "all": {
            "not_sad": 0.226511716843,
            "sad": 0.773488283157
        },
        "probability": 0.773488283157,
        "value": "sad"
    },
    "moods_mirex": {
        "all": {
            "Cluster1": 0.164260014892,
            "Cluster2": 0.262140184641,
            "Cluster3": 0.0917163416743,
            "Cluster4": 0.0634257793427,
            "Cluster5": 0.418457657099
        },
        "probability": 0.418457657099,
        "value": "Cluster5"
    },
    "timbre": {
        "all": {
            "bright": 0.0594050660729,
            "dark": 0.940594911575
        },
        "probability": 0.940594911575,
        "value": "dark"
    },
    "tonal_atonal": {
        "all": {
            "atonal": 0.89423251152,
            "tonal": 0.105767510831
        },
        "probability": 0.89423251152,
        "value": "atonal"
    },
    "voice_instrumental": {
        "all": {
            "instrumental": 0.00417554099113,
            "voice": 0.995824456215
        },
        "probability": 0.995824456215,
        "value": "voice"
    }
},
"lowlevel": {
    "average_loudness": 0.95901954174,
    "barkbands_crest": {
        "dmean": 2.97793579102,
        "dmean2": 4.69306945801,
        "dvar": 10.3128633499,
        "dvar2": 24.4525470734,
        "max": 26.127248764,
        "mean": 16.2014369965,
        "median": 17.6157093048,
        "min": 2.1962416172,
        "var": 33.4102478027
    },
    "barkbands_flatness_db": {
        "dmean": 0.0439932458103,
        "dmean2": 0.0603865459561,
        "dvar": 0.00155020982493,
        "dvar2": 0.00273909675889,
        "max": 0.499650597572,
        "mean": 0.220090836287,
        "median": 0.217286348343,
        "min": 0.0481442064047,
        "var": 0.00672350404784
    },
    "barkbands_kurtosis": {
        "dmean": 25.3748569489,
        "dmean2": 39.6975708008,
        "dvar": 2290.17871094,
        "dvar2": 5186.12939453,
        "max": 559.858642578,
        "mean": 33.6511535645,
        "median": 14.0475654602,
        "min": -1.95363652706,
        "var": 3259.40405273
    },
    "barkbands_skewness": {
        "dmean": 1.64447450638,
        "dmean2": 2.47646474838,
        "dvar": 3.40628314018,
        "dvar2": 7.07906913757,
        "max": 18.5210609436,
        "mean": 4.01395606995,
        "median": 3.50204372406,
        "min": -4.00225162506,
        "var": 9.93599414825
    },
    "barkbands_spread": {
        "dmean": 11.317732811,
        "dmean2": 17.6851558685,
        "dvar": 212.735656738,
        "dvar2": 464.894561768,
        "max": 117.586090088,
        "mean": 19.2187995911,
        "median": 11.6605901718,
        "min": 0.237612769008,
        "var": 416.059936523
    },
    "dissonance": {
        "dmean": 0.0292868241668,
        "dmean2": 0.0483253151178,
        "dvar": 0.000929179368541,
        "dvar2": 0.00233627483249,
        "max": 0.499872177839,
        "mean": 0.449170082808,
        "median": 0.461371064186,
        "min": 0.220700711012,
        "var": 0.00185903185047
    },
    "dynamic_complexity": 2.25086903572,
    "erbbands_crest": {
        "dmean": 3.53875422478,
        "dmean2": 5.82422971725,
        "dvar": 10.1848144531,
        "dvar2": 24.6254501343,
        "max": 27.6898670197,
        "mean": 9.35050106049,
        "median": 8.37942314148,
        "min": 2.71990776062,
        "var": 20.0493831635
    },
    "erbbands_flatness_db": {
        "dmean": 0.0263617318124,
        "dmean2": 0.0390286445618,
        "dvar": 0.000535357336048,
        "dvar2": 0.00115139654372,
        "max": 0.294793963432,
        "mean": 0.124959982932,
        "median": 0.115822583437,
        "min": 0.0478026382625,
        "var": 0.00187484151684
    },
    "erbbands_kurtosis": {
        "dmean": 1.75121486187,
        "dmean2": 2.81952023506,
        "dvar": 4.64853143692,
        "dvar2": 11.7177610397,
        "max": 25.9233360291,
        "mean": 1.06177687645,
        "median": 0.110016107559,
        "min": -1.87491846085,
        "var": 8.3600692749
    },
    "erbbands_skewness": {
        "dmean": 0.650704324245,
        "dmean2": 0.999707341194,
        "dvar": 0.378315657377,
        "dvar2": 0.863710045815,
        "max": 3.57595610619,
        "mean": 0.440224021673,
        "median": 0.517958462238,
        "min": -4.49254703522,
        "var": 0.979445278645
    },
    "erbbands_spread": {
        "dmean": 21.9964790344,
        "dmean2": 34.3426399231,
        "dvar": 481.726501465,
        "dvar2": 1082.08813477,
        "max": 204.409332275,
        "mean": 60.6796646118,
        "median": 56.2786064148,
        "min": 5.60030555725,
        "var": 1127.58398438
    },
    "hfc": {
        "dmean": 20.8898200989,
        "dmean2": 32.2067489624,
        "dvar": 1025.79174805,
        "dvar2": 1961.57421875,
        "max": 250.83241272,
        "mean": 29.0769233704,
        "median": 18.5501117706,
        "min": 0.22479493916,
        "var": 1407.66186523
    },
    "melbands_crest": {
        "dmean": 3.47911810875,
        "dmean2": 5.38423061371,
        "dvar": 15.3636245728,
        "dvar2": 35.4210205078,
        "max": 38.3078536987,
        "mean": 25.3636398315,
        "median": 28.1766796112,
        "min": 3.74191784859,
        "var": 89.9806213379
    },
    "melbands_flatness_db": {
        "dmean": 0.0519911274314,
        "dmean2": 0.0698345005512,
        "dvar": 0.00210703676566,
        "dvar2": 0.00355906225741,
        "max": 0.625485420227,
        "mean": 0.288254797459,
        "median": 0.296259790659,
        "min": 0.027671597898,
        "var": 0.01207089331
    },
    "melbands_kurtosis": {
        "dmean": 80.3892669678,
        "dmean2": 121.833496094,
        "dvar": 31277.3007812,
        "dvar2": 67645.7890625,
        "max": 2160.91064453,
        "mean": 114.776763916,
        "median": 39.2356185913,
        "min": -1.65049397945,
        "var": 47272.8242188
    },
    "melbands_skewness": {
        "dmean": 2.62410998344,
        "dmean2": 3.91545510292,
        "dvar": 11.434223175,
        "dvar2": 22.9257621765,
        "max": 38.6836662292,
        "mean": 6.93393802643,
        "median": 5.2532377243,
        "min": -1.74881362915,
        "var": 32.42628479
    },
    "melbands_spread": {
        "dmean": 10.016705513,
        "dmean2": 15.8840713501,
        "dvar": 413.579284668,
        "dvar2": 1037.71643066,
        "max": 184.34286499,
        "mean": 15.4971981049,
        "median": 6.76751995087,
        "min": 0.147984549403,
        "var": 607.646911621
    },
    "pitch_salience": {
        "dmean": 0.0954299941659,
        "dmean2": 0.14662258327,
        "dvar": 0.0091647664085,
        "dvar2": 0.0205059591681,
        "max": 0.816700994968,
        "mean": 0.372141778469,
        "median": 0.318556785583,
        "min": 0.0304414909333,
        "var": 0.0425206311047
    },
    "silence_rate_20dB": {
        "dmean": 0,
        "dmean2": 0,
        "dvar": 0,
        "dvar2": 0,
        "max": 1,
        "mean": 1,
        "median": 1,
        "min": 1,
        "var": 0
    },
    "silence_rate_30dB": {
        "dmean": 0.123839005828,
        "dmean2": 0.247095271945,
        "dvar": 0.108502015471,
        "dvar2": 0.232514634728,
        "max": 1,
        "mean": 0.545243620872,
        "median": 1,
        "min": 0,
        "var": 0.247954547405
    },
    "silence_rate_60dB": {
        "dmean": 0.0348297208548,
        "dmean2": 0.0697133988142,
        "dvar": 0.0336165614426,
        "dvar2": 0.0834436267614,
        "max": 1,
        "mean": 0.041763342917,
        "median": 0,
        "min": 0,
        "var": 0.0400188080966
    },
    "spectral_centroid": {
        "dmean": 488.050933838,
        "dmean2": 741.409973145,
        "dvar": 331142.5,
        "dvar2": 694478.75,
        "max": 6648.22802734,
        "mean": 1364.14306641,
        "median": 1127.875,
        "min": 173.867050171,
        "var": 815417.9375
    },
    "spectral_complexity": {
        "dmean": 4.6648607254,
        "dmean2": 6.61115407944,
        "dvar": 47.8389892578,
        "dvar2": 66.8605117798,
        "max": 58,
        "mean": 12.5514307022,
        "median": 10,
        "min": 0,
        "var": 105.152381897
    },
    "spectral_decrease": {
        "dmean": 5.58898172187e-09,
        "dmean2": 9.11901310019e-09,
        "dvar": 7.13475836156e-17,
        "dvar2": 1.86951765222e-16,
        "max": -3.44624780102e-11,
        "mean": -2.03386854025e-08,
        "median": -2.34341381855e-08,
        "min": -6.05093362083e-08,
        "var": 2.07345989252e-16
    },
    "spectral_energy": {
        "dmean": 0.0223530121148,
        "dmean2": 0.0360361635685,
        "dvar": 0.00105819385499,
        "dvar2": 0.00275262957439,
        "max": 0.229613795877,
        "mean": 0.0794002562761,
        "median": 0.0913598239422,
        "min": 0.000170483239344,
        "var": 0.00303672370501
    },
    "spectral_energyband_high": {
        "dmean": 0.00186473096255,
        "dmean2": 0.0029627380427,
        "dvar": 1.06633842734e-05,
        "dvar2": 2.01897692023e-05,
        "max": 0.0272527877241,
        "mean": 0.00202692253515,
        "median": 0.000740410469007,
        "min": 1.08515507691e-06,
        "var": 1.44172308865e-05
    },
    "spectral_energyband_low": {
        "dmean": 0.017979549244,
        "dmean2": 0.0301565676928,
        "dvar": 0.000856163620483,
        "dvar2": 0.00237043015659,
        "max": 0.226222202182,
        "mean": 0.0648659616709,
        "median": 0.0756940171123,
        "min": 6.10148731539e-08,
        "var": 0.0026902325917
    },
    "spectral_energyband_middle_high": {
        "dmean": 0.00204575574026,
        "dmean2": 0.00295059382915,
        "dvar": 1.2015532775e-05,
        "dvar2": 2.30086588999e-05,
        "max": 0.0358155891299,
        "mean": 0.0032655976247,
        "median": 0.00133148371242,
        "min": 1.03393031168e-05,
        "var": 2.19592257054e-05
    },
    "spectral_energyband_middle_low": {
        "dmean": 0.00685947388411,
        "dmean2": 0.0105742970482,
        "dvar": 0.000123481731862,
        "dvar2": 0.000295714649837,
        "max": 0.0911155715585,
        "mean": 0.00958772469312,
        "median": 0.00673016812652,
        "min": 9.75529655989e-06,
        "var": 0.000131620137836
    },
    "spectral_entropy": {
        "dmean": 0.335286557674,
        "dmean2": 0.498075902462,
        "dvar": 0.10001244396,
        "dvar2": 0.209805011749,
        "max": 8.9016160965,
        "mean": 7.70443248749,
        "median": 7.746322155,
        "min": 6.05644226074,
        "var": 0.261151343584
    },
    "spectral_flux": {
        "dmean": 0.0462666153908,
        "dmean2": 0.0705578699708,
        "dvar": 0.0031726739835,
        "dvar2": 0.00652001798153,
        "max": 0.449214220047,
        "mean": 0.115698643029,
        "median": 0.0930052995682,
        "min": 0.0113506587222,
        "var": 0.00604484695941
    },
    "spectral_kurtosis": {
        "dmean": 1.61741650105,
        "dmean2": 2.44287514687,
        "dvar": 4.28202009201,
        "dvar2": 9.89040470123,
        "max": 35.4927864075,
        "mean": 2.82989430428,
        "median": 2.14827251434,
        "min": -1.3075902462,
        "var": 7.29639482498
    },
    "spectral_rms": {
        "dmean": 0.00134119740687,
        "dmean2": 0.00202595442533,
        "dvar": 2.97453448184e-06,
        "dvar2": 6.77041134622e-06,
        "max": 0.0149670792744,
        "mean": 0.00799290370196,
        "median": 0.00944095011801,
        "min": 0.000407829764299,
        "var": 1.35773434522e-05
    },
    "spectral_rolloff": {
        "dmean": 1079.16064453,
        "dmean2": 1831.84179688,
        "dvar": 5817434,
        "dvar2": 13541294,
        "max": 13824.3164062,
        "mean": 1451.92590332,
        "median": 193.798828125,
        "min": 43.06640625,
        "var": 8632284
    },
    "spectral_skewness": {
        "dmean": 0.326536178589,
        "dmean2": 0.476782351732,
        "dvar": 0.102124780416,
        "dvar2": 0.223830506206,
        "max": 4.84625148773,
        "mean": 1.43400192261,
        "median": 1.37788319588,
        "min": -0.156533181667,
        "var": 0.291720360518
    },
    "spectral_spread": {
        "dmean": 1824447.25,
        "dmean2": 2729782,
        "dvar": 3.18050087731e+12,
        "dvar2": 6.79546454016e+12,
        "max": 20242468,
        "mean": 7171778.5,
        "median": 6634813,
        "min": 2236064,
        "var": 5.88528431923e+12
    },
    "spectral_strongpeak": {
        "dmean": 0.26701015234,
        "dmean2": 0.435722947121,
        "dvar": 0.212827980518,
        "dvar2": 0.558020949364,
        "max": 5.05621671677,
        "mean": 0.692352056503,
        "median": 0.581798613071,
        "min": 0,
        "var": 0.31874614954
    },
    "zerocrossingrate": {
        "dmean": 0.0228369738907,
        "dmean2": 0.0276032090187,
        "dvar": 0.000784996780567,
        "dvar2": 0.00115398317575,
        "max": 0.3720703125,
        "mean": 0.0587901212275,
        "median": 0.0341796875,
        "min": 0.001953125,
        "var": 0.00402609957382
    },
    "barkbands": {
        "dmean": [0.00191341468599, 0.0152643574402, 0.00562441069633, 0.00169837672729, 0.00250629056245, 0.0016071604332, 0.00148071150761, 0.000803270493634, 0.00101554463618, 0.000505468633492, 0.00039763370296, 0.000381671590731, 0.00029645106406, 0.000217245164094, 0.000243012109422, 0.00017439131625, 0.00013365187624, 0.000162559124874, 0.000239364322624, 0.000193539424799, 0.000259776337771, 0.000275030790363, 0.000337499892339, 0.000288003560854, 0.00031763658626, 0.000434678135207, 1.92607728877e-07],
        "dmean2": [0.00238719326444, 0.0252639632672, 0.0101516461, 0.00280032656156, 0.0042655877769, 0.00265228003263, 0.00237448886037, 0.00134516623802, 0.00154281104915, 0.000782892107964, 0.000620448729023, 0.000607370689977, 0.000469698949018, 0.000339923339197, 0.000377746066079, 0.000274983874988, 0.000202234034077, 0.000250629760558, 0.000370816735085, 0.000288825074676, 0.000380163808586, 0.000438361981651, 0.000556881248485, 0.000445510639111, 0.000508655735757, 0.000740812392905, 3.33239569272e-07],
        "dvar": [8.74505894899e-06, 0.000698181276675, 0.000237190615735, 1.64591001521e-05, 3.90138047806e-05, 1.13269397843e-05, 6.83946200297e-06, 2.04409707294e-06, 4.05247737945e-06, 1.19870037452e-06, 1.07986625153e-06, 7.75819614773e-07, 4.00786404953e-07, 2.35460987597e-07, 2.59359609345e-07, 1.34011983732e-07, 9.36374462412e-08, 2.2673084743e-07, 4.01662958893e-07, 3.50599464127e-07, 4.22304054837e-07, 5.10359939199e-07, 3.23023186866e-07, 2.82276971575e-07, 2.53093304536e-07, 3.49228201912e-07, 1.08578109611e-12],
        "dvar2": [1.33116727739e-05, 0.00207259459421, 0.000627173401881, 4.02982223022e-05, 0.00010655769438, 2.85949536192e-05, 1.62557516887e-05, 5.02808052261e-06, 8.68701408763e-06, 2.5903302685e-06, 2.34157005252e-06, 1.88205967788e-06, 8.73996611972e-07, 5.42382394997e-07, 6.39219138066e-07, 3.22988285006e-07, 2.02242944169e-07, 4.99394900544e-07, 8.29611224162e-07, 6.78794890518e-07, 7.55408620989e-07, 9.89621980807e-07, 7.0723706358e-07, 5.78229389703e-07, 4.87377860736e-07, 8.77490720086e-07, 2.8558774269e-12],
        "max": [0.0424395389855, 0.20565058291, 0.11005346477, 0.0304697621614, 0.0600777566433, 0.0434127859771, 0.0196546837687, 0.0135667184368, 0.0190012995154, 0.013380185701, 0.0186931379139, 0.0127103598788, 0.00784578267485, 0.00563096813858, 0.00638064136729, 0.00448822416365, 0.0032152030617, 0.00537578202784, 0.00579910492525, 0.00588641036302, 0.0059592211619, 0.00738502154127, 0.00499100983143, 0.00520287547261, 0.00427815085277, 0.00304823718034, 1.65907677001e-05],
        "mean": [0.00929823704064, 0.0513130426407, 0.00402930146083, 0.00148761866149, 0.0025032821577, 0.00176876911428, 0.00161142845172, 0.000839172280394, 0.00113997596782, 0.000623236934189, 0.000643171486445, 0.000413080968428, 0.00032103274134, 0.000229126497288, 0.000259246124187, 0.00019880241598, 0.000146365346154, 0.000177810768946, 0.000260769942543, 0.000211763195693, 0.000314271805109, 0.00030898017576, 0.000310499919578, 0.000313673866913, 0.000333958829287, 0.000343532650732, 1.25290611663e-07],
        "median": [0.00337069667876, 0.0620977506042, 0.000563147827052, 0.000285697780782, 0.00100700219627, 0.000494685547892, 0.000292034761515, 0.000162501615705, 0.000204499709071, 9.32694674702e-05, 6.45123291179e-05, 6.22588922852e-05, 4.58163376607e-05, 4.69099904876e-05, 4.59867187601e-05, 4.11588807765e-05, 3.79324774258e-05, 4.19851567131e-05, 6.11814757576e-05, 4.79521950183e-05, 8.48743802635e-05, 7.35432331567e-05, 7.94931329438e-05, 0.000117494339065, 0.000107250831206, 7.48001330066e-05, 1.17048148951e-09],
        "min": [2.47002951426e-09, 4.82825157633e-09, 1.01694030974e-08, 2.76007554589e-08, 1.24918059896e-07, 7.14872157914e-07, 1.02173567029e-06, 3.2596364008e-07, 1.82789028713e-06, 1.38659132176e-07, 1.07820426365e-07, 1.57119927735e-07, 2.39855808104e-07, 2.35867602782e-07, 2.0186635652e-07, 1.72936410081e-07, 1.42513727042e-07, 1.31925377289e-08, 5.35804076662e-07, 5.57909842769e-08, 2.419537104e-08, 6.7904764478e-08, 5.31296464601e-08, 7.97442467615e-08, 6.44432152086e-09, 8.84763107223e-09, 1.00598262359e-11],
        "var": [0.000136140937684, 0.001851130859, 0.000165476929396, 1.46126831169e-05, 2.8505713999e-05, 1.11428371383e-05, 8.51792356116e-06, 2.33224591284e-06, 5.75726153329e-06, 1.92158972823e-06, 3.51620337824e-06, 9.15600310236e-07, 5.99307838911e-07, 2.71005973218e-07, 2.89386719032e-07, 1.50577193381e-07, 1.10293704836e-07, 2.34588213743e-07, 4.42897487574e-07, 4.32254154248e-07, 5.88171246818e-07, 6.30332181117e-07, 3.60755905149e-07, 3.69061297079e-07, 3.50522640247e-07, 3.03857774497e-07, 7.61684064345e-13]
    },
    "erbbands": {
        "dmean": [0.65260052681, 2.84821414948, 6.11889457703, 5.60025072098, 9.48913669586, 7.0013885498, 7.38227367401, 15.3037700653, 18.5290412903, 21.8988342285, 16.9666309357, 22.5541801453, 16.1889762878, 15.7324714661, 16.7539348602, 14.3764591217, 12.4669857025, 11.4111309052, 12.0982875824, 10.3021411896, 8.66050052643, 7.75979423523, 8.76725673676, 10.2599906921, 12.685177803, 8.85640621185, 9.16097164154, 10.5851964951, 10.1275606155, 9.36889648438, 10.3697690964, 6.40616226196, 4.77542352676, 3.14674258232, 2.57194495201, 1.88468325138, 0.938781559467, 0.0449581556022, 0.000941920327023, 7.47401936678e-05],
        "dmean2": [1.02153551579, 4.89069700241, 10.9871778488, 9.42720603943, 16.284532547, 11.9226751328, 12.6050291061, 25.0141983032, 29.6244525909, 36.3762817383, 27.2289047241, 34.5439453125, 23.8823471069, 23.2318649292, 24.9202480316, 22.2120742798, 18.9795379639, 17.4946632385, 18.5231533051, 16.1034049988, 13.6328697205, 11.8877334595, 13.5198774338, 15.9527578354, 19.5746517181, 13.160607338, 13.7883834839, 15.5732746124, 16.0945129395, 15.3078794479, 17.0922298431, 10.0774669647, 7.55488872528, 5.02014732361, 4.13765287399, 3.15956401825, 1.63443756104, 0.0758079215884, 0.00158558471594, 0.000121310673421],
        "dvar": [1.28893148899, 26.6265563965, 275.771362305, 192.984451294, 593.311706543, 292.857543945, 311.86340332, 1065.05334473, 1018.99310303, 1600.51330566, 956.932250977, 2387.33789062, 1266.41589355, 1323.12768555, 1943.78076172, 1142.23498535, 617.974304199, 581.975097656, 685.445556641, 448.039825439, 363.647460938, 338.477874756, 715.786254883, 811.296447754, 1134.63574219, 791.544921875, 606.290893555, 665.606750488, 768.839660645, 295.738098145, 322.407043457, 169.575088501, 66.8788223267, 28.3748073578, 14.7520122528, 6.23348855972, 1.75496006012, 0.00372274476103, 1.57138515533e-06, 7.46515471661e-09],
        "dvar2": [3.56121015549, 75.8000488281, 746.640625, 458.509307861, 1604.40673828, 793.770019531, 831.581237793, 2686.73999023, 2293.32788086, 4030.18017578, 2341.39624023, 5223.75244141, 2631.09423828, 3073.0793457, 4359.44824219, 2666.22680664, 1298.79211426, 1273.8190918, 1598.64221191, 996.63293457, 914.977539062, 718.840881348, 1603.58581543, 1715.95617676, 2429.97827148, 1565.86779785, 1117.77954102, 1255.43286133, 1495.37878418, 593.63470459, 742.02734375, 342.767272949, 140.085479736, 56.4781646729, 31.0407447815, 15.2166233063, 4.4734416008, 0.009291972965, 3.87895579479e-06, 1.79765908825e-08],
        "max": [9.96080112457, 43.4085426331, 121.972175598, 99.8145446777, 256.131591797, 186.600585938, 168.687103271, 499.550689697, 309.564483643, 363.444396973, 396.591766357, 494.789428711, 498.66897583, 547.065185547, 656.329528809, 554.766235352, 302.026763916, 322.141265869, 340.597045898, 181.87612915, 281.326049805, 171.009216309, 295.99130249, 258.364562988, 325.705108643, 285.641693115, 201.441955566, 255.801986694, 263.461608887, 162.69859314, 160.898925781, 145.079620361, 70.2526473999, 47.9846115112, 35.8703613281, 15.1693248749, 6.68726634979, 0.394481390715, 0.0073549868539, 0.000555100210477],
        "mean": [2.75666832924, 6.39621019363, 5.12684583664, 4.97543859482, 8.12452125549, 7.68481349945, 7.73399972916, 16.8897209167, 21.2312831879, 22.6180419922, 20.4658184052, 25.2882614136, 21.925661087, 20.5106487274, 24.3472537994, 17.1503925323, 14.8262624741, 12.5596446991, 14.0031795502, 11.6865501404, 10.0337467194, 8.65304946899, 9.27832126617, 11.4922895432, 13.4987382889, 9.78942775726, 11.4784898758, 12.3597230911, 11.456700325, 9.12785148621, 9.27642917633, 6.68830871582, 5.22462749481, 3.38155126572, 2.52148628235, 1.58448195457, 0.69601804018, 0.0367763675749, 0.000808252138086, 0.000134881338454],
        "median": [2.66484427452, 5.07557439804, 1.20487654209, 0.994897961617, 2.19036149979, 3.7059700489, 2.76028847694, 4.66090345383, 5.7224354744, 5.31198358536, 4.63613796234, 4.86389636993, 3.85394525528, 3.3973531723, 2.99762296677, 2.72331762314, 2.45164871216, 2.62373733521, 2.84907221794, 2.69186091423, 2.71249866486, 2.25723099709, 2.4980301857, 3.11239624023, 3.34174561501, 2.21464061737, 2.93035650253, 3.40678215027, 2.73485064507, 1.98563098907, 2.34361290932, 2.14719009399, 1.98648226261, 1.17423129082, 0.732068777084, 0.419514298439, 0.131567403674, 0.00790754333138, 0.000211965219933, 0.00012437334226],
        "min": [8.23238565317e-07, 5.28498958374e-06, 1.45531439557e-05, 4.6861685405e-05, 0.000350838032318, 0.000432203465607, 0.00513179413974, 0.00717443786561, 0.0118780732155, 0.0165919270366, 0.0123733924702, 0.0375603735447, 0.0187700558454, 0.0150129543617, 0.00591876450926, 0.00870487000793, 0.0104084936902, 0.00783864501864, 0.0167893581092, 0.0106539148837, 0.0118317846209, 0.016390144825, 0.0113383643329, 0.0198288150132, 0.0264683403075, 0.0081652123481, 0.00234701996669, 0.00119590747636, 0.00148813822307, 0.00273911072873, 0.00188807561062, 0.000806800264399, 0.00149439787492, 0.000193645668332, 0.000128534607938, 0.000127366860397, 3.12220545311e-05, 1.9270314624e-06, 1.06379741283e-06, 4.72650953043e-07],
        "var": [5.99197244644, 45.0851860046, 192.339447021, 170.982528687, 422.515045166, 229.764648438, 261.224151611, 1066.82458496, 1282.70910645, 1772.38415527, 1311.5255127, 3061.71069336, 2380.23803711, 2009.18969727, 4667.41357422, 1532.41967773, 1090.94042969, 750.09173584, 829.092529297, 518.329345703, 386.560119629, 395.538360596, 711.604675293, 862.393371582, 1213.00854492, 955.063903809, 848.576965332, 877.945495605, 935.320983887, 369.369873047, 334.350921631, 208.812423706, 89.3344116211, 38.3461647034, 19.0471725464, 6.03574752808, 1.41972410679, 0.00343580241315, 1.46542527091e-06, 1.04699440229e-08]
    },
    "gfcc": {
        "mean": [2.70367980003, 60.1953048706, -71.2729263306, 36.1079788208, -60.3171272278, 24.8748626709, -35.4536743164, 20.9552650452, -20.8891963959, 15.3698701859, -14.0857200623, 7.98478651047, -9.66778850555],
        "cov": [[5011.23046875, -425.510192871, -171.346633911, -62.2729721069, 5.86851644516, 473.313842773, 145.48638916, 201.058853149, 29.3973999023, 298.73928833, -81.3523330688, 149.860931396, -88.2120895386], [-425.510192871, 2183.46411133, 200.511367798, 41.5008583069, 470.656738281, 231.999298096, 451.325805664, 117.885253906, 268.189849854, -76.7958908081, 278.618225098, -79.1329116821, 265.038116455], [-171.346633911, 200.511367798, 1266.84973145, 450.184509277, 354.839019775, 281.269256592, 242.078201294, 116.730834961, 145.019058228, 106.743797302, 72.47240448, 103.608459473, 16.9162025452], [-62.2729721069, 41.5008583069, 450.184509277, 825.128295898, 347.161895752, 114.885978699, 160.65977478, 94.5772247314, 186.304962158, 105.260627747, 122.967964172, 33.7046089172, 127.78817749], [5.86851644516, 470.656738281, 354.839019775, 347.161895752, 554.989624023, 271.921478271, 251.653366089, 167.510314941, 213.93951416, 107.311737061, 133.364898682, 22.5932197571, 120.419433594], [473.313842773, 231.999298096, 281.269256592, 114.885978699, 271.921478271, 432.752227783, 323.548309326, 203.799224854, 148.459457397, 107.425445557, 114.171440125, 50.556552887, 69.0040283203], [145.48638916, 451.325805664, 242.078201294, 160.65977478, 251.653366089, 323.548309326, 529.466796875, 263.95703125, 144.103897095, 62.0274085999, 165.552352905, 55.7276382446, 104.279785156], [201.058853149, 117.885253906, 116.730834961, 94.5772247314, 167.510314941, 203.799224854, 263.95703125, 264.705505371, 110.174278259, 62.153049469, 98.3589706421, 46.7674674988, 58.4528770447], [29.3973999023, 268.189849854, 145.019058228, 186.304962158, 213.93951416, 148.459457397, 144.103897095, 110.174278259, 265.180450439, 122.618492126, 109.058204651, 3.8339908123, 78.8884811401], [298.73928833, -76.7958908081, 106.743797302, 105.260627747, 107.311737061, 107.425445557, 62.0274085999, 62.153049469, 122.618492126, 208.352706909, 77.85521698, 9.49639129639, 18.8080673218], [-81.3523330688, 278.618225098, 72.47240448, 122.967964172, 133.364898682, 114.171440125, 165.552352905, 98.3589706421, 109.058204651, 77.85521698, 217.994049072, 31.4916801453, 67.2396621704], [149.860931396, -79.1329116821, 103.608459473, 33.7046089172, 22.5932197571, 50.556552887, 55.7276382446, 46.7674674988, 3.8339908123, 9.49639129639, 31.4916801453, 112.55015564, 18.893289566], [-88.2120895386, 265.038116455, 16.9162025452, 127.78817749, 120.419433594, 69.0040283203, 104.279785156, 58.4528770447, 78.8884811401, 18.8080673218, 67.2396621704, 18.893289566, 165.851074219]],
        "icov": [[0.000339669786626, -0.00020520920225, 0.000271371769486, -0.000250151060754, 0.000248925964115, -0.000651007459965, 0.000213855732, -0.000223680894123, 0.000306352099869, -0.000801228161436, 0.000663357379381, -0.000749225961044, 0.000469703925774], [-0.00020520920225, 0.00147836783435, -0.000485224096337, 0.00104082329199, -0.00108732946683, 0.000820820510853, -0.00113173865248, 0.00119489175268, -0.00117094349116, 0.00208930484951, -0.00176852417644, 0.00200095167384, -0.00167659856379], [0.000271371769486, -0.000485224096337, 0.00159725476988, -0.000990138505585, -4.41218844571e-06, -0.00112103950232, 9.94327347144e-05, 6.48182467557e-05, 0.000398714182666, -0.001100241323, 0.00123004650231, -0.00197576871142, 0.00156550016254], [-0.000250151060754, 0.00104082329199, -0.000990138505585, 0.00285514839925, -0.00164074427448, 0.00158742757048, -0.00089683488477, 0.000875342113432, -0.00122768839356, 0.001304937643, -0.00165317684878, 0.0015786344884, -0.00218264712021], [0.000248925964115, -0.00108732946683, -4.41218844571e-06, -0.00164074427448, 0.00489876279607, -0.00221459963359, 0.001000439981, -0.00139147788286, -0.000348680827301, -0.00140044419095, 0.00112591555808, -0.000743910612073, 0.000313534081215], [-0.000651007459965, 0.000820820510853, -0.00112103950232, 0.00158742757048, -0.00221459963359, 0.00730051798746, -0.00295737502165, -0.000320490769809, -0.00118236173876, 0.000600469298661, -0.00129053578712, 0.00134210020769, -0.00135918881278], [0.000213855732, -0.00113173865248, 9.94327347144e-05, -0.00089683488477, 0.001000439981, -0.00295737502165, 0.00633047893643, -0.00415192637593, 0.00107165693771, -0.000448870734544, -0.00032917689532, -0.00115818029735, 0.000396786053898], [-0.000223680894123, 0.00119489175268, 6.48182467557e-05, 0.000875342113432, -0.00139147788286, -0.000320490769809, -0.00415192637593, 0.00965202506632, -0.00203498499468, 0.00136110326275, -0.00146208982915, -0.000196041510208, -0.000928406312596], [0.000306352099869, -0.00117094349116, 0.000398714182666, -0.00122768839356, -0.000348680827301, -0.00118236173876, 0.00107165693771, -0.00203498499468, 0.00877656973898, -0.00469425925985, 0.000461589370389, -0.000335937773343, -6.32388328086e-05], [-0.000801228161436, 0.00208930484951, -0.001100241323, 0.001304937643, -0.00140044419095, 0.000600469298661, -0.000448870734544, 0.00136110326275, -0.00469425925985, 0.0112919630483, -0.00478407321498, 0.00364222936332, -0.00161171553191], [0.000663357379381, -0.00176852417644, 0.00123004650231, -0.00165317684878, 0.00112591555808, -0.00129053578712, -0.00032917689532, -0.00146208982915, 0.000461589370389, -0.00478407321498, 0.0101690590382, -0.00434288568795, 0.001463985187], [-0.000749225961044, 0.00200095167384, -0.00197576871142, 0.0015786344884, -0.000743910612073, 0.00134210020769, -0.00115818029735, -0.000196041510208, -0.000335937773343, 0.00364222936332, -0.00434288568795, 0.0144220814109, -0.00396735873073], [0.000469703925774, -0.00167659856379, 0.00156550016254, -0.00218264712021, 0.000313534081215, -0.00135918881278, 0.000396786053898, -0.000928406312596, -6.32388328086e-05, -0.00161171553191, 0.001463985187, -0.00396735873073, 0.0109675265849]]
    },
    "melbands": {
        "dmean": [0.00492642493919, 0.00301449932158, 0.0011361411307, 0.000643248611595, 0.000246245966991, 0.000334951619152, 0.000289894756861, 0.000227501281188, 0.000149610219523, 0.00014255043061, 8.07181422715e-05, 6.53487950331e-05, 5.60272455914e-05, 4.41656266048e-05, 3.46616943716e-05, 2.83986410068e-05, 2.07907360164e-05, 1.95039701794e-05, 1.7623840904e-05, 1.21278208098e-05, 1.01888736026e-05, 8.07659216662e-06, 8.72801683727e-06, 7.21387050362e-06, 8.71525571711e-06, 1.03463744381e-05, 8.44237274578e-06, 5.26054691363e-06, 5.50545792066e-06, 7.0376045187e-06, 5.91089701629e-06, 6.39009340375e-06, 4.67729068987e-06, 5.67808274354e-06, 5.83987639402e-06, 5.06369951836e-06, 3.79142647944e-06, 3.60346211892e-06, 2.62383491645e-06, 2.91425271826e-06],
        "dmean2": [0.0079290876165, 0.00525106070563, 0.00192837475333, 0.00109567982145, 0.000422471755883, 0.00054866541177, 0.000465588789666, 0.00037659984082, 0.00023567849712, 0.000217191132833, 0.000120579708891, 9.9035227322e-05, 8.32990699564e-05, 7.05029306118e-05, 5.30970501131e-05, 4.5267821406e-05, 3.23118001688e-05, 3.02383105009e-05, 2.77005456155e-05, 1.92502902792e-05, 1.63284457813e-05, 1.23983818412e-05, 1.36079079311e-05, 1.10004621092e-05, 1.35980544655e-05, 1.60329855134e-05, 1.32034474518e-05, 8.03156763141e-06, 8.4113316916e-06, 1.05027347672e-05, 8.82471431396e-06, 1.01569776234e-05, 7.4560439316e-06, 9.38445100473e-06, 9.7471920526e-06, 8.19710385258e-06, 5.96448035139e-06, 5.76301818001e-06, 4.15700105805e-06, 4.66448727821e-06],
        "dvar": [7.20932657714e-05, 4.66198980575e-05, 7.98753626441e-06, 2.64632058133e-06, 3.07283301026e-07, 4.71235210853e-07, 2.45807456167e-07, 1.55567590809e-07, 7.83966527251e-08, 9.19588174497e-08, 3.27072697814e-08, 2.28729621909e-08, 2.20657607741e-08, 1.04157660274e-08, 7.41224326362e-09, 3.73515440799e-09, 2.17829443372e-09, 2.10275752366e-09, 1.41106348828e-09, 5.87979553934e-10, 6.21086626573e-10, 3.49851425607e-10, 6.91697643607e-10, 4.00303984405e-10, 5.92869864313e-10, 7.70750907542e-10, 6.3071192713e-10, 2.8733401769e-10, 2.29755728332e-10, 3.20991677683e-10, 1.99621083552e-10, 3.33112704087e-10, 1.16179600662e-10, 8.86845250014e-11, 9.39449906756e-11, 1.17434145741e-10, 5.22353722776e-11, 4.30635666016e-11, 1.76361338727e-11, 2.51770670284e-11],
        "dvar2": [0.000208828336326, 0.000124260186567, 1.98241214093e-05, 7.17898728908e-06, 8.16686053895e-07, 1.18002776617e-06, 5.60210366984e-07, 3.91885521367e-07, 1.8344911723e-07, 2.02798986493e-07, 6.80693972299e-08, 5.2986532495e-08, 4.64957210511e-08, 2.51618423874e-08, 1.59264885724e-08, 8.55883897088e-09, 4.84736339956e-09, 5.05237762738e-09, 3.37923045102e-09, 1.32095623329e-09, 1.64353253229e-09, 7.81155362617e-10, 1.53894696986e-09, 8.58356996591e-10, 1.31588806518e-09, 1.68921465704e-09, 1.41725597924e-09, 5.64556235094e-10, 4.80952055959e-10, 6.07522365748e-10, 3.72729153097e-10, 6.87413514999e-10, 2.18525558759e-10, 1.89212770452e-10, 2.19204057683e-10, 2.57192656061e-10, 1.03859539025e-10, 9.11887579336e-11, 3.68831631903e-11, 5.28240090558e-11],
        "max": [0.0705022066832, 0.0507163740695, 0.0189726613462, 0.0157585255802, 0.00530251068994, 0.010026358068, 0.00419655814767, 0.00324267498218, 0.00326600973494, 0.00350319384597, 0.00251525989734, 0.00218644924462, 0.00280931591988, 0.00108315772377, 0.00157974730246, 0.000526819378138, 0.000675196177326, 0.000601075182203, 0.000543324102182, 0.000234551378526, 0.00040357754915, 0.000193654021132, 0.000301858817693, 0.000196297725779, 0.000239889268414, 0.000275081518339, 0.000251694989856, 0.000176569956238, 0.000138858726132, 0.00018272161833, 0.0001348733349, 0.000178218178917, 0.000111938825285, 8.28776101116e-05, 9.31583126658e-05, 0.000105203936982, 8.13416772871e-05, 5.5234246247e-05, 3.8138088712e-05, 4.74273401778e-05],
        "mean": [0.0187081582844, 0.00436941394582, 0.000973952875938, 0.00062703731237, 0.000269657117315, 0.000370476947865, 0.000332455121679, 0.000231839774642, 0.000177045672899, 0.000155569752678, 0.000106847248389, 8.00005800556e-05, 8.87944333954e-05, 4.84463780595e-05, 4.16393304477e-05, 2.90496500384e-05, 2.20192177949e-05, 2.18891436816e-05, 1.85299049917e-05, 1.39968406074e-05, 1.11237613964e-05, 8.65442598297e-06, 8.83984466782e-06, 8.22198398964e-06, 9.1963001978e-06, 1.07926871351e-05, 8.36646540847e-06, 5.8612513385e-06, 6.529996881e-06, 8.21657977212e-06, 6.8087724685e-06, 6.97269888406e-06, 5.02774992128e-06, 5.16741283718e-06, 5.16399768458e-06, 4.7765133786e-06, 3.9955448301e-06, 3.89547585655e-06, 2.81293750959e-06, 2.93749735647e-06],
        "median": [0.0205279719085, 0.00228864140809, 0.000202827213798, 0.00024182384368, 0.000114453898277, 0.000101498626464, 8.17593681859e-05, 4.73679501738e-05, 2.9896174965e-05, 2.8620897865e-05, 1.6919178961e-05, 1.19153664855e-05, 9.73190344666e-06, 7.45498073229e-06, 5.74034311285e-06, 4.20893411501e-06, 4.22257153332e-06, 4.03163403462e-06, 3.39403709404e-06, 2.64933760263e-06, 2.99172597806e-06, 2.11318410948e-06, 1.74073227299e-06, 1.91216327039e-06, 2.21318964577e-06, 2.39959990722e-06, 1.84686234661e-06, 1.17448541914e-06, 1.52774998696e-06, 2.04510979529e-06, 1.75954335191e-06, 1.51793267378e-06, 1.14223678338e-06, 1.08318977254e-06, 1.29884028865e-06, 1.26177326365e-06, 1.31365209199e-06, 1.46582431171e-06, 1.02775959476e-06, 9.24989024043e-07],
        "min": [1.83850656921e-09, 3.61030938478e-09, 1.98336138624e-08, 2.14476081339e-08, 1.34754927217e-07, 1.14871816947e-07, 1.96857897095e-07, 1.31407048798e-07, 1.32814960807e-07, 2.05339645731e-07, 6.22324236588e-08, 4.58911273427e-08, 1.63211240078e-08, 1.91980706887e-08, 2.76486140649e-08, 1.39717313274e-08, 1.13270450797e-08, 2.77026330764e-08, 1.30188455572e-08, 1.41982710034e-08, 1.62929780778e-09, 4.83057949197e-09, 8.84456063943e-09, 5.28957766477e-10, 1.05475503887e-08, 1.23521628481e-08, 5.33040944717e-09, 1.42164294226e-10, 5.08309727643e-10, 5.97783433864e-10, 6.44478970191e-10, 4.00393954103e-11, 1.64562571903e-10, 4.16480183674e-10, 5.20525844649e-10, 1.29737900978e-10, 2.61005817653e-11, 1.4004191036e-11, 4.19096389537e-11, 2.39949744102e-11],
