{
"highlevel": {
    "danceability": {
        "all": {
            "danceable": 0.781730651855,
            "not_danceable": 0.218269377947
        },
        "probability": 0.781730651855,
        "value": "danceable"
    },
    "gender": {
        "all": {
            "female": 0.902606606483,
            "male": 0.0973934158683
        },
        "probability": 0.902606606483,
        "value": "female"
    },
    "genre_dortmund": {
        "all": {
            "alternative": 0.0923175960779,
            "blues": 0.0473442524672,
            "electronic": 0.066746160388,
            "folkcountry": 0.0925591960549,
            "funksoulrnb": 0.0157123468816,
            "jazz": 0.461744517088,
            "pop": 0.0611217580736,
            "raphiphop": 0.0166828017682,
            "rock": 0.145771369338
        },
        "probability": 0.461744517088,
        "value": "jazz"
    },
    "genre_electronic": {
        "all": {
            "ambient": 0.247099623084,
            "dnb": 0.0860261470079,
            "house": 0.582280993462,
            "techno": 0.0244512166828,
            "trance": 0.0601420179009
        },
        "probability": 0.582280993462,
        "value": "house"
    },
    "genre_rosamerica": {
        "all": {
            "cla": 0.0247624516487,
            "dan": 0.200304746628,
            "hip": 0.0951059013605,
            "jaz": 0.0297787580639,
            "pop": 0.204205393791,
            "rhy": 0.186923742294,
            "roc": 0.240833669901,
            "spe": 0.0180853474885
        },
        "probability": 0.240833669901,
        "value": "roc"
    },
    "genre_tzanetakis": {
        "all": {
            "blu": 2.07100775331e-14,
            "cla": 1.13764673273e-14,
            "cou": 2.28104786849e-14,
            "dis": 1.51927285314e-14,
            "hip": 4.29852551123e-14,
            "jaz": 0.999999880791,
            "met": 2.0000017642e-08,
            "pop": 2.0000017642e-08,
            "reg": 1.66666822565e-08,
            "roc": 3.33333645131e-08
        },
        "probability": 0.999999880791,
        "value": "jaz"
    },
    "ismir04_rhythm": {
        "all": {
            "ChaChaCha": 0.160862997174,
            "Jive": 0.181813240051,
            "Quickstep": 0.0668933317065,
            "Rumba-American": 0.0182500798255,
            "Rumba-International": 0.0403353497386,
            "Rumba-Misc": 0.02758959122,
            "Samba": 0.35047763586,
            "Tango": 0.043474778533,
            "VienneseWaltz": 0.0970243886113,
            "Waltz": 0.0132786044851
        },
        "probability": 0.35047763586,
        "value": "Samba"
    },
    "mood_acoustic": {
        "all": {
            "acoustic": 0.0767706781626,
            "not_acoustic": 0.923229336739
        },
        "probability": 0.923229336739,
        "value": "not_acoustic"
    },
    "mood_aggressive": {
        "all": {
            "aggressive": 0.243871748447,
            "not_aggressive": 0.756128251553
        },
        "probability": 0.756128251553,
        "value": "not_aggressive"
    },
    "mood_electronic": {
        "all": {
            "electronic": 0.60891520977,
            "not_electronic": 0.39108479023
        },
        "probability": 0.60891520977,
        "value": "electronic"
    },
    "mood_happy": {
        "all": {
            "happy": 0.829377532005,
            "not_happy": 0.170622482896
        },
        "probability": 0.829377532005,
        "value": "happy"
    },
    "mood_party": {
        "all": {
            "not_party": 0.399049133062,
            "party": 0.600950837135
        },
        "probability": 0.600950837135,
        "value": "party"
    },
    "mood_relaxed": {
        "all": {
            "not_relaxed": 0.914578020573,
            "relaxed": 0.0854219943285
        },
        "probability": 0.914578020573,
        "value": "not_relaxed"
    },
    "mood_sad": {
        "all": {
            "not_sad": 0.814680755138,
            "sad": 0.185319259763
        },
        "probability": 0.814680755138,
        "value": "not_sad"
    },
    "moods_mirex": {
        "all": {
            "Cluster1": 0.374965131283,
            "Cluster2": 0.318032473326,
            "Cluster3": 0.114888302982,
            "Cluster4": 0.100014738739,
            "Cluster5": 0.0920993387699
        },
        "probability": 0.374965131283,
        "value": "Cluster1"
    },
    "timbre": {
        "all": {
            "bright": 0.982088923454,
            "dark": 0.0179110523313
        },
        "probability": 0.982088923454,
        "value": "bright"
    },
    "tonal_atonal": {
        "all": {
            "atonal": 0.0537532195449,
            "tonal": 0.946246802807
        },
        "probability": 0.946246802807,
        "value": "tonal"
    },
    "voice_instrumental": {
        "all": {
            "instrumental": 0.313712060452,
            "voice": 0.686287939548
        },
        "probability": 0.686287939548,
        "value": "voice"
    }
},
"lowlevel": {
    "average_loudness": 0.95605880022,
    "barkbands_crest": {
        "dmean": 3.33255171776,
        "dmean2": 5.43487930298,
        "dvar": 9.67728424072,
        "dvar2": 25.6672401428,
        "max": 24.2754306793,
        "mean": 10.8744802475,
        "median": 10.1849346161,
        "min": 2.47708439827,
        "var": 21.3496513367
    },
    "barkbands_flatness_db": {
        "dmean": 0.0376058891416,
        "dmean2": 0.0554040409625,
        "dvar": 0.00157806638163,
        "dvar2": 0.00365504296497,
        "max": 0.476543605328,
        "mean": 0.176955938339,
        "median": 0.153489649296,
        "min": 0.0562499687076,
        "var": 0.00577154429629
    },
    "barkbands_kurtosis": {
        "dmean": 8.14845371246,
        "dmean2": 12.8370513916,
        "dvar": 194.167129517,
        "dvar2": 484.054504395,
        "max": 176.642196655,
        "mean": 10.7428236008,
        "median": 2.55916166306,
        "min": -1.89656686783,
        "var": 385.598205566
    },
    "barkbands_skewness": {
        "dmean": 0.971847593784,
        "dmean2": 1.43039500713,
        "dvar": 0.987309336662,
        "dvar2": 2.53594064713,
        "max": 10.7614002228,
        "mean": 2.14849448204,
        "median": 1.77615296841,
        "min": -1.52652919292,
        "var": 3.43680977821
    },
    "barkbands_spread": {
        "dmean": 9.22428321838,
        "dmean2": 13.7920351028,
        "dvar": 99.580619812,
        "dvar2": 212.499908447,
        "max": 87.4233627319,
        "mean": 24.4319629669,
        "median": 23.29895401,
        "min": 0.489724606276,
        "var": 317.34664917
    },
    "dissonance": {
        "dmean": 0.0167663134634,
        "dmean2": 0.026022490114,
        "dvar": 0.000370033027139,
        "dvar2": 0.000872494361829,
        "max": 0.499770849943,
        "mean": 0.469039320946,
        "median": 0.476926624775,
        "min": 0.312695026398,
        "var": 0.000760493741836
    },
    "dynamic_complexity": 2.21370029449,
    "erbbands_crest": {
        "dmean": 2.76020598412,
        "dmean2": 4.33590650558,
        "dvar": 7.24661779404,
        "dvar2": 17.1634654999,
        "max": 27.1425113678,
        "mean": 8.38380813599,
        "median": 7.1471862793,
        "min": 2.39346766472,
        "var": 18.6398334503
    },
    "erbbands_flatness_db": {
        "dmean": 0.0295352973044,
        "dmean2": 0.0386859551072,
        "dvar": 0.000821241352241,
        "dvar2": 0.00157497636974,
        "max": 0.355859935284,
        "mean": 0.156539604068,
        "median": 0.150074273348,
        "min": 0.050551392138,
        "var": 0.00214693183079
    },
    "erbbands_kurtosis": {
        "dmean": 2.12224650383,
        "dmean2": 3.0946855545,
        "dvar": 22.2145709991,
        "dvar2": 47.8628349304,
        "max": 53.0605697632,
        "mean": 1.28093719482,
        "median": -0.355100154877,
        "min": -1.82115459442,
        "var": 30.7238140106
    },
    "erbbands_skewness": {
        "dmean": 0.575601458549,
        "dmean2": 0.810774862766,
        "dvar": 0.464457511902,
        "dvar2": 1.04468238354,
        "max": 5.81924533844,
        "mean": 0.177668258548,
        "median": -0.0566714555025,
        "min": -3.11537146568,
        "var": 1.5011742115
    },
    "erbbands_spread": {
        "dmean": 15.2176856995,
        "dmean2": 21.8958873749,
        "dvar": 221.422164917,
        "dvar2": 424.056549072,
        "max": 142.079666138,
        "mean": 49.3732147217,
        "median": 47.1114883423,
        "min": 3.30759334564,
        "var": 550.552001953
    },
    "hfc": {
        "dmean": 8.92004394531,
        "dmean2": 12.9578256607,
        "dvar": 107.012580872,
        "dvar2": 223.859649658,
        "max": 91.8909454346,
        "mean": 19.8470783234,
        "median": 14.7891025543,
        "min": 0.0055013326928,
        "var": 277.272247314
    },
    "melbands_crest": {
        "dmean": 3.56507062912,
        "dmean2": 5.74159049988,
        "dvar": 8.8634262085,
        "dvar2": 22.5181064606,
        "max": 31.2524986267,
        "mean": 16.1482086182,
        "median": 15.9057512283,
        "min": 5.35728406906,
        "var": 25.429775238
    },
    "melbands_flatness_db": {
        "dmean": 0.0473252013326,
        "dmean2": 0.066886395216,
        "dvar": 0.00225691497326,
        "dvar2": 0.00528571940958,
        "max": 0.60747885704,
        "mean": 0.226899087429,
        "median": 0.204287007451,
        "min": 0.0378668233752,
        "var": 0.011149412021
    },
    "melbands_kurtosis": {
        "dmean": 19.22240448,
        "dmean2": 29.8314571381,
        "dvar": 870.150756836,
        "dvar2": 2218.71044922,
        "max": 343.992218018,
        "mean": 29.916343689,
        "median": 15.4710674286,
        "min": -1.79730272293,
        "var": 1657.47546387
    },
    "melbands_skewness": {
        "dmean": 1.30994904041,
        "dmean2": 1.94246995449,
        "dvar": 1.80960512161,
        "dvar2": 4.12616443634,
        "max": 14.9955997467,
        "mean": 3.75315999985,
        "median": 3.37848496437,
        "min": -0.590053200722,
        "var": 5.6027173996
    },
    "melbands_spread": {
        "dmean": 9.83622741699,
        "dmean2": 14.2563114166,
        "dvar": 135.605316162,
        "dvar2": 267.733917236,
        "max": 145.432235718,
        "mean": 24.8132991791,
        "median": 17.3673229218,
        "min": 0.445904999971,
        "var": 568.603210449
    },
    "pitch_salience": {
        "dmean": 0.0954601764679,
        "dmean2": 0.159674167633,
        "dvar": 0.00847582425922,
        "dvar2": 0.0230375789106,
        "max": 0.896783769131,
        "mean": 0.513420343399,
        "median": 0.520045220852,
        "min": 0.147938609123,
        "var": 0.0138470353559
    },
    "silence_rate_20dB": {
        "dmean": 0,
        "dmean2": 0,
        "dvar": 0,
        "dvar2": 0,
        "max": 1,
        "mean": 1,
        "median": 1,
        "min": 1,
        "var": 0
    },
    "silence_rate_30dB": {
        "dmean": 0.0340557284653,
        "dmean2": 0.0681642144918,
        "dvar": 0.0328958705068,
        "dvar2": 0.0929523035884,
        "max": 1,
        "mean": 0.979891717434,
        "median": 1,
        "min": 0,
        "var": 0.0197039470077
    },
    "silence_rate_60dB": {
        "dmean": 0.00464396271855,
        "dmean2": 0.00929511990398,
        "dvar": 0.00462236860767,
        "dvar2": 0.0107579650357,
        "max": 1,
        "mean": 0.0108275329694,
        "median": 0,
        "min": 0,
        "var": 0.0107103139162
    },
    "spectral_centroid": {
        "dmean": 402.607055664,
        "dmean2": 586.595031738,
        "dvar": 159341.28125,
        "dvar2": 347849.78125,
        "max": 4185.9375,
        "mean": 1456.96887207,
        "median": 1445.21765137,
        "min": 146.643203735,
        "var": 769091.75
    },
    "spectral_complexity": {
        "dmean": 5.30417966843,
        "dmean2": 8.02013969421,
        "dvar": 39.1389427185,
        "dvar2": 84.3821792603,
        "max": 58,
        "mean": 17.6914157867,
        "median": 17,
        "min": 0,
        "var": 116.464881897
    },
    "spectral_decrease": {
        "dmean": 4.66071314875e-09,
        "dmean2": 7.32764116051e-09,
        "dvar": 4.93568315209e-17,
        "dvar2": 1.2017176707e-16,
        "max": -3.03527255413e-12,
        "mean": -8.14397438376e-09,
        "median": -5.48390621802e-09,
        "min": -4.90048002177e-08,
        "var": 6.48548775515e-17
    },
    "spectral_energy": {
        "dmean": 0.0180864986032,
        "dmean2": 0.0282669477165,
        "dvar": 0.000726492784452,
        "dvar2": 0.00176405301318,
        "max": 0.189662098885,
        "mean": 0.0325373746455,
        "median": 0.0223821159452,
        "min": 1.19547821669e-05,
        "var": 0.000962773687206
    },
    "spectral_energyband_high": {
        "dmean": 0.000751157931518,
        "dmean2": 0.00101972976699,
        "dvar": 8.77492823292e-07,
        "dvar2": 1.63604715908e-06,
        "max": 0.0111732967198,
        "mean": 0.00129735318478,
        "median": 0.00066175108077,
        "min": 2.37853939211e-07,
        "var": 2.62322964772e-06
    },
    "spectral_energyband_low": {
        "dmean": 0.0141866849735,
        "dmean2": 0.0227679461241,
        "dvar": 0.000540975190233,
        "dvar2": 0.00133581622504,
        "max": 0.164205953479,
        "mean": 0.0193405952305,
        "median": 0.00912943854928,
        "min": 4.58263275505e-06,
        "var": 0.000692724657711
    },
    "spectral_energyband_middle_high": {
        "dmean": 0.00169577519409,
        "dmean2": 0.00272256811149,
        "dvar": 5.42348243471e-06,
        "dvar2": 1.41206764965e-05,
        "max": 0.0253908094019,
        "mean": 0.00361226755194,
        "median": 0.00238663773052,
        "min": 5.23344795056e-07,
        "var": 1.43062152347e-05
    },
    "spectral_energyband_middle_low": {
        "dmean": 0.00726959342137,
        "dmean2": 0.0121028060094,
        "dvar": 0.000216150889173,
        "dvar2": 0.000577398866881,
        "max": 0.13234692812,
        "mean": 0.0119109051302,
        "median": 0.00762735260651,
        "min": 7.33404658604e-06,
        "var": 0.000203543968382
    },
    "spectral_entropy": {
        "dmean": 0.335159242153,
        "dmean2": 0.437027424574,
        "dvar": 0.144044175744,
        "dvar2": 0.290933400393,
        "max": 8.63025856018,
        "mean": 7.46479558945,
        "median": 7.59709453583,
        "min": 4.90737485886,
        "var": 0.401532262564
    },
    "spectral_flux": {
        "dmean": 0.0407706312835,
        "dmean2": 0.0588285177946,
        "dvar": 0.00216864957474,
        "dvar2": 0.00422956887633,
        "max": 0.36709934473,
        "mean": 0.0987828820944,
        "median": 0.0772379487753,
        "min": 0.00351210311055,
        "var": 0.00433279713616
    },
    "spectral_kurtosis": {
        "dmean": 3.01343083382,
        "dmean2": 4.70286560059,
        "dvar": 41.2921638489,
        "dvar2": 97.9424133301,
        "max": 96.7416915894,
        "mean": 4.47019958496,
        "median": 2.72939491272,
        "min": -0.13180565834,
        "var": 46.1927757263
    },
    "spectral_rms": {
        "dmean": 0.001356140594,
        "dmean2": 0.00201782211661,
        "dvar": 2.71122166851e-06,
        "dvar2": 6.14141436017e-06,
        "max": 0.0136028006673,
        "mean": 0.00512023316696,
        "median": 0.00467292312533,
        "min": 0.000107996303996,
        "var": 5.52698020329e-06
    },
    "spectral_rolloff": {
        "dmean": 809.197631836,
        "dmean2": 1289.97473145,
        "dvar": 1620358,
        "dvar2": 3139040.75,
        "max": 11347.9980469,
        "mean": 1692.61413574,
        "median": 839.794921875,
        "min": 86.1328125,
        "var": 3588746.5
    },
    "spectral_skewness": {
        "dmean": 0.404388338327,
        "dmean2": 0.575737893581,
        "dvar": 0.362339556217,
        "dvar2": 0.782288849354,
        "max": 7.72667169571,
        "mean": 1.3606222868,
        "median": 1.1956179142,
        "min": -0.231398701668,
        "var": 0.676647901535
    },
    "spectral_spread": {
        "dmean": 954790.8125,
        "dmean2": 1292945.5,
        "dvar": 1.0387987497e+12,
        "dvar2": 1.96076214682e+12,
        "max": 11213657,
        "mean": 4593124.5,
        "median": 4268610.5,
        "min": 759777.3125,
        "var": 2.40836254106e+12
    },
    "spectral_strongpeak": {
        "dmean": 0.487465202808,
        "dmean2": 0.851430416107,
        "dvar": 0.807977437973,
        "dvar2": 2.13684558868,
        "max": 9.43842601776,
        "mean": 0.755527317524,
        "median": 0.464626282454,
        "min": 0,
        "var": 0.922941446304
    },
    "zerocrossingrate": {
        "dmean": 0.0170116126537,
        "dmean2": 0.018491147086,
        "dvar": 0.000317077705404,
        "dvar2": 0.000392457615817,
        "max": 0.2392578125,
        "mean": 0.0630082935095,
        "median": 0.0556640625,
        "min": 0.0029296875,
        "var": 0.00204486004077
    },
    "barkbands": {
        "dmean": [0.000139073876198, 0.00827255472541, 0.00560552626848, 0.00421647774056, 0.00240831123665, 0.00151989259757, 0.000385780003853, 0.000155280300532, 0.000225833282457, 0.000143266835948, 0.000115915703645, 0.000156375477673, 0.000189900791156, 0.000481893483084, 0.000293838238576, 0.000228878416237, 0.000223767507123, 0.000329920760123, 0.000211533813854, 0.000270081480267, 0.000243205286097, 0.000147504892084, 0.000106756437162, 7.80064874562e-05, 7.99715271569e-05, 6.42664308543e-05, 2.74963110058e-08],
        "dmean2": [0.000218138011405, 0.0133438110352, 0.00958428904414, 0.0071532279253, 0.00418170215562, 0.0026317294687, 0.00062303134473, 0.000260594242718, 0.00034509471152, 0.000221038048039, 0.000183401454706, 0.000258656422375, 0.000318128237268, 0.000798312947154, 0.000487003591843, 0.00038202709402, 0.000379181030439, 0.000546451134142, 0.000339095713571, 0.000417241943069, 0.000357634969987, 0.000203718940611, 0.000145642407006, 0.00011338150216, 0.000116422437713, 9.50488320086e-05, 5.05863333444e-08],
        "dvar": [1.82137540605e-07, 0.000358942605089, 9.26915163291e-05, 7.9949371866e-05, 2.34796971199e-05, 1.67644484463e-05, 8.30333362956e-07, 1.73047240537e-07, 1.44572439353e-07, 6.96803112987e-08, 3.44409443187e-08, 1.38352291401e-07, 1.93699577267e-07, 1.7668082819e-06, 9.14272618502e-07, 2.22916938242e-07, 1.34763737947e-07, 3.40104975294e-07, 1.32990365387e-07, 1.65594855162e-07, 1.5340700088e-07, 5.59578516857e-08, 3.21140340986e-08, 1.4580058938e-08, 2.10350208363e-08, 2.03844248148e-08, 1.32392240684e-14],
        "dvar2": [3.6233160472e-07, 0.000903619511519, 0.000249762495514, 0.000210149562918, 6.60662117298e-05, 4.9178765039e-05, 2.13431462726e-06, 4.66938416821e-07, 3.28157938156e-07, 1.72476660509e-07, 8.4069036177e-08, 3.73010607291e-07, 4.83823953346e-07, 4.50404377261e-06, 2.97676615446e-06, 6.18582703282e-07, 3.49814229139e-07, 8.79428057488e-07, 3.22974130995e-07, 3.64929263696e-07, 3.31878112547e-07, 9.39795228305e-08, 6.26199820886e-08, 3.18899395779e-08, 4.49898109878e-08, 4.38581544415e-08, 3.4705382692e-14],
        "max": [0.0095054032281, 0.145220160484, 0.093976162374, 0.0820949673653, 0.0427984558046, 0.0375167876482, 0.0135274995118, 0.00641553010792, 0.00594966579229, 0.00395529344678, 0.00220266915858, 0.00640224525705, 0.00903806835413, 0.0196174830198, 0.0189652256668, 0.00736003462225, 0.00423398753628, 0.0110791772604, 0.0075722807087, 0.00518727628514, 0.00840156152844, 0.00384836131707, 0.00237304298207, 0.00106009782758, 0.00103693688288, 0.00104799622204, 1.34896595227e-06],
        "mean": [0.000145087004057, 0.00822249986231, 0.00737717514858, 0.00551178772002, 0.00342285190709, 0.0018094467232, 0.00052410463104, 0.000190771825146, 0.000423749850597, 0.000259890308371, 0.00019148379215, 0.000195720072952, 0.000324707565596, 0.000670276756864, 0.000382090860512, 0.000285269547021, 0.00030901611899, 0.000506229524035, 0.000287987437332, 0.000472736428492, 0.000383327598684, 0.000237308660871, 0.000156186288223, 9.92541099549e-05, 8.8250671979e-05, 6.02005056862e-05, 1.76021988096e-08],
        "median": [2.09411045944e-05, 0.00160403316841, 0.00257597770542, 0.00211417069659, 0.00187701696996, 0.000817909662146, 0.000103711958218, 5.79783554713e-05, 0.000234419014305, 0.000104095612187, 7.91674756329e-05, 7.51833213144e-05, 0.000200278911507, 0.00014763775107, 8.93146498129e-05, 8.47504416015e-05, 0.000121801407658, 0.000185024691746, 0.000147621511132, 0.000209483492654, 0.00015630555572, 8.20741261123e-05, 4.2524516175e-05, 2.78907937172e-05, 1.78484096978e-05, 3.69493523067e-06, 5.23640519834e-10],
        "min": [9.17248943466e-09, 5.55111682843e-07, 4.33170839642e-07, 1.66957840975e-06, 9.91651745608e-07, 1.24929181311e-06, 4.61946171981e-07, 4.29138111713e-08, 1.63974718248e-08, 6.9762400301e-09, 1.63220530425e-08, 2.6629756178e-08, 3.17807540284e-08, 3.16680726087e-08, 5.74028931055e-08, 4.83229456449e-08, 2.66830344486e-08, 3.99191257827e-08, 4.98476318e-08, 6.36461905401e-08, 4.16052081675e-08, 6.38363033545e-08, 2.70042495032e-08, 1.18657652592e-08, 2.62433685894e-10, 7.52347663335e-12, 7.51699917589e-12],
        "var": [2.03168283974e-07, 0.000335845979862, 0.000121115983347, 8.90837109182e-05, 2.11180795304e-05, 1.20661443361e-05, 1.25828057662e-06, 1.94448830371e-07, 3.09555304057e-07, 1.45650687955e-07, 7.76522242063e-08, 1.75099614808e-07, 2.94528007316e-07, 3.17852754961e-06, 1.20528829939e-06, 3.89480618423e-07, 2.64652641135e-07, 6.91638263106e-07, 1.82937611726e-07, 4.26866080261e-07, 3.71673905875e-07, 1.56998069656e-07, 7.04154317077e-08, 2.27879102255e-08, 2.80283778409e-08, 2.3593905496e-08, 8.59270116947e-15]
    },
    "erbbands": {
        "dmean": [0.21267619729, 1.98360049725, 5.15015411377, 12.401558876, 8.6875705719, 8.64527130127, 10.3714523315, 13.3296136856, 6.97675085068, 4.3773765564, 3.29941964149, 5.03842020035, 4.52776193619, 3.86836957932, 4.93812465668, 5.53644514084, 8.50800418854, 16.6182918549, 21.6672153473, 14.444527626, 10.8067722321, 13.1383981705, 17.5270557404, 12.1428012848, 10.8344898224, 13.1901350021, 11.5199136734, 7.60705471039, 5.58171701431, 3.93598341942, 2.9495215416, 1.99243938923, 1.13345003128, 0.738617241383, 0.663938105106, 0.403912752867, 0.0950000658631, 0.00542588159442, 0.000124398589833, 2.66448623734e-05],
        "dmean2": [0.334292531013, 3.27189731598, 8.82102966309, 20.8826198578, 15.1273326874, 15.2067527771, 17.5900173187, 23.1659526825, 11.6849241257, 7.12997579575, 5.43531894684, 7.66609668732, 6.83348369598, 6.18116903305, 8.05057811737, 9.279337883, 14.2073364258, 27.1637420654, 36.0627250671, 23.9780426025, 17.7502708435, 22.3229846954, 28.4698791504, 20.1170787811, 16.9335231781, 20.640581131, 17.4500904083, 10.7277374268, 7.82948732376, 5.32669353485, 4.06037473679, 2.87545275688, 1.66809511185, 1.07325291634, 0.984016001225, 0.605973780155, 0.140261366963, 0.00820753630251, 0.00018583794008, 3.97490475734e-05],
        "dvar": [0.227692499757, 20.8610649109, 69.3657608032, 663.673156738, 364.419342041, 317.270751953, 519.256835938, 1461.1842041, 354.153747559, 140.852905273, 52.6729393005, 74.6957397461, 69.5308456421, 67.0672683716, 81.6528701782, 142.885223389, 320.831329346, 1994.21264648, 4339.49316406, 1419.33654785, 339.138336182, 495.92098999, 804.640808105, 398.500061035, 411.904510498, 408.287841797, 334.172821045, 156.614303589, 78.3804626465, 39.649394989, 26.310382843, 8.92481899261, 3.13399076462, 1.46026039124, 1.74720275402, 0.804739654064, 0.0464405603707, 0.000165261692018, 6.88484718125e-08, 1.10816222865e-09],
        "dvar2": [0.551619887352, 53.9522399902, 192.504806519, 1697.79321289, 1005.20739746, 909.945800781, 1454.67590332, 4315.0234375, 965.199951172, 344.842987061, 138.945770264, 160.127288818, 172.116729736, 170.141113281, 216.737213135, 380.606750488, 797.99786377, 4487.49853516, 13182.5703125, 4041.46557617, 874.556945801, 1290.25854492, 2031.54467773, 1056.4005127, 910.072021484, 966.269104004, 729.25592041, 312.324829102, 138.531173706, 65.7586975098, 52.8574333191, 19.6741409302, 6.64411449432, 3.15726256371, 3.71277952194, 1.73231101036, 0.102183841169, 0.000371958158212, 1.49344899114e-07, 2.58759125238e-09],
        "max": [3.50185322762, 34.0777435303, 73.7250976562, 261.140075684, 261.495697021, 165.659805298, 280.339477539, 375.65838623, 287.059631348, 242.995346069, 93.469329834, 137.122283936, 185.269241333, 145.083374023, 116.68711853, 166.568618774, 277.688140869, 1046.53259277, 1114.08337402, 997.317687988, 210.062911987, 250.718017578, 417.146911621, 268.973937988, 524.210144043, 229.628570557, 337.040893555, 231.334197998, 141.168670654, 104.025939941, 67.0584182739, 23.2360706329, 14.1081905365, 9.89885807037, 9.46419525146, 6.86516904831, 1.56748569012, 0.136464685202, 0.00257261563092, 0.000269230251433],
        "mean": [0.202815204859, 2.02914476395, 6.90488052368, 16.7209358215, 11.7208757401, 11.7914962769, 14.6056909561, 15.1784076691, 8.93637084961, 5.916451931, 4.84514665604, 9.8669424057, 8.47094249725, 7.76873350143, 7.76744842529, 7.48332977295, 14.5750675201, 24.3179855347, 30.9916248322, 20.7411613464, 13.8561201096, 18.6563816071, 27.4744968414, 18.0855712891, 16.4571666718, 22.5448913574, 19.2704639435, 12.2491912842, 8.89963722229, 6.14777946472, 4.22056055069, 2.60299968719, 1.3852404356, 0.874164104462, 0.689290583134, 0.38540121913, 0.0868773385882, 0.00495720794424, 0.000128922081785, 4.59024813608e-05],
        "median": [0.0338133983314, 0.574112057686, 3.1913793087, 5.64840173721, 5.72665786743, 5.68583297729, 7.08560466766, 6.35359621048, 2.35207128525, 1.79746222496, 2.35282230377, 5.54283714294, 4.16161966324, 4.45875310898, 3.8674621582, 3.58823657036, 8.96126365662, 8.54742431641, 6.30408239365, 6.31688642502, 5.02881574631, 7.60846662521, 11.1333942413, 8.83757686615, 8.30702495575, 9.9456911087, 8.4464302063, 4.92992782593, 3.23427128792, 1.84234786034, 1.17408752441, 0.737414598465, 0.35834479332, 0.208638206124, 0.110930539668, 0.0300715621561, 0.00418109074235, 0.000191005223314, 2.77226263279e-05, 3.40984006471e-05],
        "min": [2.45487590291e-05, 0.00048354815226, 0.000728708517272, 0.00453622126952, 0.00618674932048, 0.00288482801989, 0.00602162117139, 0.0120861688629, 0.0104890437797, 0.00324277486652, 0.000944653467741, 0.000398948905058, 0.000329347443767, 0.000288401352009, 0.000816985033453, 0.00118664465845, 0.00166904937942, 0.0017597170081, 0.00324963196181, 0.00272498931736, 0.00276945834048, 0.00184364174493, 0.00206688279286, 0.00262327399105, 0.00178517214954, 0.00255829794332, 0.00249150558375, 0.00204178644344, 0.00198027468286, 0.000920358579606, 0.000878323626239, 0.000245702802204, 0.00016211833281, 1.91311646631e-05, 8.04830233392e-06, 4.44526904175e-07, 9.00438053009e-08, 1.75457515184e-08, 1.17390417387e-08, 1.44230360988e-08],
        "var": [0.224267616868, 18.6732578278, 83.8126144409, 828.203186035, 315.117034912, 296.378814697, 476.55960083, 1020.30609131, 357.464691162, 299.84161377, 61.7077102661, 174.305114746, 134.563461304, 109.559684753, 129.634963989, 177.606262207, 506.479309082, 3469.70581055, 6749.0859375, 2408.35375977, 504.601135254, 946.947692871, 1741.98474121, 656.598388672, 664.077819824, 971.757080078, 822.066772461, 408.086730957, 214.524215698, 108.798614502, 53.509552002, 15.2610120773, 4.83354711533, 2.20437788963, 2.16889166832, 0.92080873251, 0.0530340149999, 0.000185684068128, 8.10059219702e-08, 1.56237789373e-09]
    },
    "gfcc": {
        "mean": [-14.6032304764, 93.5218658447, -112.008407593, 59.2243919373, -57.4180259705, 12.9536142349, -40.317111969, -0.543585658073, -32.0877227783, -4.54792690277, -19.4691390991, -7.94236755371, -8.95887947083],
        "cov": [[5418.51806641, -2182.09716797, -840.466430664, 135.331329346, -107.377624512, 266.32119751, -345.375396729, 320.405151367, -394.526947021, 349.621887207, -308.583251953, 128.301269531, -303.71307373], [-2182.09716797, 2312.13720703, 438.087158203, 134.114730835, 373.780975342, -137.219116211, 443.078552246, -233.385543823, 439.354003906, -275.617553711, 389.839996338, -129.150985718, 353.557312012], [-840.466430664, 438.087158203, 1361.89343262, 154.061981201, 171.438751221, 135.553283691, 108.211036682, 79.7720108032, 132.054199219, 10.0728225708, 71.6118927002, 182.467147827, 76.7723617554], [135.331329346, 134.114730835, 154.061981201, 558.420349121, 75.7727050781, 50.1325836182, 56.2873344421, -14.8502445221, 132.659255981, -10.6514215469, 121.85660553, -10.9540987015, 115.400276184], [-107.377624512, 373.780975342, 171.438751221, 75.7727050781, 357.839324951, 103.937393188, 127.672393799, 37.4026756287, 93.5258026123, 19.980840683, 59.9948616028, 11.8607435226, 41.7473068237], [266.32119751, -137.219116211, 135.553283691, 50.1325836182, 103.937393188, 225.023269653, 61.7806091309, 69.0100708008, -23.3440589905, 29.0592536926, -12.3481836319, 36.7335700989, -19.7135124207], [-345.375396729, 443.078552246, 108.211036682, 56.2873344421, 127.672393799, 61.7806091309, 233.556793213, 5.82845640182, 77.3984375, -50.4806098938, 81.6962890625, -15.4753541946, 63.8313789368], [320.405151367, -233.385543823, 79.7720108032, -14.8502445221, 37.4026756287, 69.0100708008, 5.82845640182, 163.640029907, -14.8854455948, 57.1649208069, -44.4346427917, 57.0766296387, -36.0553665161], [-394.526947021, 439.354003906, 132.054199219, 132.659255981, 93.5258026123, -23.3440589905, 77.3984375, -14.8854455948, 206.586425781, -22.9089164734, 92.6368331909, -30.9348697662, 88.1355514526], [349.621887207, -275.617553711, 10.0728225708, -10.6514215469, 19.980840683, 29.0592536926, -50.4806098938, 57.1649208069, -22.9089164734, 148.475997925, -15.4458656311, 42.1426887512, -46.6731109619], [-308.583251953, 389.839996338, 71.6118927002, 121.85660553, 59.9948616028, -12.3481836319, 81.6962890625, -44.4346427917, 92.6368331909, -15.4458656311, 170.028762817, -7.85726928711, 82.6931304932], [128.301269531, -129.150985718, 182.467147827, -10.9540987015, 11.8607435226, 36.7335700989, -15.4753541946, 57.0766296387, -30.9348697662, 42.1426887512, -7.85726928711, 119.336601257, -8.66623973846], [-303.71307373, 353.557312012, 76.7723617554, 115.400276184, 41.7473068237, -19.7135124207, 63.8313789368, -36.0553665161, 88.1355514526, -46.6731109619, 82.6931304932, -8.66623973846, 130.624481201]],
        "icov": [[0.0003842463193, 0.000148080580402, 0.000274729914963, -0.000300615472952, -0.00012500876619, -0.000230225748965, 0.000145893471199, -0.000309577182634, 0.00021733030735, -0.000282984692603, 0.000129971536808, -0.000278386956779, 9.66755760601e-05], [0.000148080580402, 0.00394647894427, -0.000765637261793, 0.00185995199718, -0.00248051225208, 0.00217514135875, -0.00291615794413, 0.00223369710147, -0.00279184198007, 0.00306608900428, -0.00337104382925, 0.00132532475982, -0.00316683296114], [0.000274729914963, -0.000765637261793, 0.0015644878149, -0.000749626371544, 0.000355121912435, -0.00112387316767, 0.000614329008386, -0.000521028996445, -0.000199185597012, -0.000546726631001, 0.001019346877, -0.00267562037334, 0.000842954672407], [-0.000300615472952, 0.00185995199718, -0.000749626371544, 0.00383767532185, -0.000976416748017, 0.000234493258176, -0.00090576155344, 0.00127295940183, -0.00247549382038, 0.00161499448586, -0.0029247761704, 0.00148568907753, -0.00334416748956], [-0.00012500876619, -0.00248051225208, 0.000355121912435, -0.000976416748017, 0.00591443525627, -0.00293236877769, 0.000250448094448, -0.00141521368641, 0.000139970099553, -0.00298428488895, 0.00197730911896, -0.000810049357824, 0.00176512065809], [-0.000230225748965, 0.00217514135875, -0.00112387316767, 0.000234493258176, -0.00293236877769, 0.00862604286522, -0.00375075638294, -7.76084489189e-05, 0.000441272597527, 0.00155893724877, -0.00135101482738, 0.000949513458181, -0.000741323921829], [0.000145893471199, -0.00291615794413, 0.000614329008386, -0.00090576155344, 0.000250448094448, -0.00375075638294, 0.0101604340598, -0.00347075611353, 0.00176583707798, 0.000175722205313, -0.000324814434862, 0.000233003840549, 0.00119470758364], [-0.000309577182634, 0.00223369710147, -0.000521028996445, 0.00127295940183, -0.00141521368641, -7.76084489189e-05, -0.00347075611353, 0.0117185246199, -0.00372040760703, -0.000287155940896, 0.00102742167655, -0.00306980567984, -0.000659281038679], [0.00021733030735, -0.00279184198007, -0.000199185597012, -0.00247549382038, 0.000139970099553, 0.000441272597527, 0.00176583707798, -0.00372040760703, 0.0122787132859, -0.00313596054912, 0.000466514844447, 0.00292874476872, -0.00100828404538], [-0.000282984692603, 0.00306608900428, -0.000546726631001, 0.00161499448586, -0.00298428488895, 0.00155893724877, 0.000175722205313, -0.000287155940896, -0.00313596054912, 0.0130985099822, -0.00504335714504, -0.00112343532965, 0.000875939207617], [0.000129971536808, -0.00337104382925, 0.001019346877, -0.0029247761704, 0.00197730911896, -0.00135101482738, -0.000324814434862, 0.00102742167655, 0.000466514844447, -0.00504335714504, 0.0145312789828, -0.00310717988759, -0.000504345574882], [-0.000278386956779, 0.00132532475982, -0.00267562037334, 0.00148568907753, -0.000810049357824, 0.000949513458181, 0.000233003840549, -0.00306980567984, 0.00292874476872, -0.00112343532965, -0.00310717988759, 0.0162982400507, -0.00386265595444], [9.66755760601e-05, -0.00316683296114, 0.000842954672407, -0.00334416748956, 0.00176512065809, -0.000741323921829, 0.00119470758364, -0.000659281038679, -0.00100828404538, 0.000875939207617, -0.000504345574882, -0.00386265595444, 0.018525371328]]
    },
    "melbands": {
        "dmean": [0.00216896040365, 0.00262334942818, 0.00196137325838, 0.000557563325856, 0.000381040998036, 0.000292774464469, 9.82457349892e-05, 4.46776175522e-05, 2.8214924896e-05, 3.12248048431e-05, 2.37429539993e-05, 1.70467446878e-05, 1.67719517776e-05, 1.79931539606e-05, 1.54078952619e-05, 2.29711095017e-05, 3.41368904628e-05, 4.21304757765e-05, 1.8840048142e-05, 1.93543110072e-05, 1.16122218969e-05, 1.39469057103e-05, 1.3937264157e-05, 1.87697532965e-05, 9.40612972045e-06, 8.24422295409e-06, 8.64266621647e-06, 9.54630650085e-06, 8.04273986432e-06, 6.045957889e-06, 4.1792477532e-06, 3.28786927639e-06, 2.87207762995e-06, 2.08333790397e-06, 1.84160728622e-06, 1.44993271078e-06, 1.19341586924e-06, 8.08529023288e-07, 7.39324946153e-07, 5.96533766384e-07],
        "dmean2": [0.00344821554609, 0.00438298704103, 0.00328629952855, 0.000973424525, 0.000650937436149, 0.000508244440425, 0.000163639735547, 7.32392290956e-05, 4.56328962173e-05, 4.76119712403e-05, 3.5745320929e-05, 2.69631436822e-05, 2.70854652626e-05, 2.96225625789e-05, 2.62411176664e-05, 3.80595447496e-05, 5.5806041928e-05, 7.02395846019e-05, 3.1256407965e-05, 3.25730507029e-05, 1.92273582797e-05, 2.37792373809e-05, 2.31176345551e-05, 3.08751259581e-05, 1.56924215844e-05, 1.31722990773e-05, 1.36099251904e-05, 1.52597531269e-05, 1.25057777041e-05, 9.28042481974e-06, 6.02178715781e-06, 4.77890944239e-06, 4.0536187953e-06, 2.9609232115e-06, 2.63284914581e-06, 2.07048492484e-06, 1.80836445907e-06, 1.22251265111e-06, 1.10605651571e-06, 8.99727695014e-07],
        "dvar": [2.44913408096e-05, 1.90950831893e-05, 1.5457322661e-05, 1.32647562623e-06, 6.52666699352e-07, 6.7928988301e-07, 6.68028690143e-08, 1.41577354285e-08, 2.78866219006e-09, 2.74601275052e-09, 1.8361175913e-09, 1.25285359864e-09, 7.70403352224e-10, 2.37407604686e-09, 9.25155174691e-10, 3.24860449652e-09, 8.85284645591e-09, 1.61563278311e-08, 2.78438649914e-09, 2.53889953505e-09, 3.99650451621e-10, 6.67819133326e-10, 4.44050796133e-10, 1.48630929786e-09, 2.52441872961e-10, 2.15798073855e-10, 2.33839753117e-10, 2.40933384354e-10, 1.77405520829e-10, 1.82333814713e-10, 4.47749198829e-11, 2.9288866471e-11, 2.26831504968e-11, 1.08498331847e-11, 1.15910744544e-11, 5.55853193335e-12, 3.69055654093e-12, 1.63213203803e-12, 1.5779423124e-12, 9.99035706592e-13],
        "dvar2": [6.04381639278e-05, 5.13766135555e-05, 3.98197189497e-05, 3.74740329789e-06, 1.84146165338e-06, 2.00117278837e-06, 1.83274011079e-07, 3.55999461021e-08, 7.17504589076e-09, 5.9978293443e-09, 4.516027996e-09, 3.1751197227e-09, 1.91208870959e-09, 6.43165565251e-09, 2.60853827427e-09, 7.58669038703e-09, 2.02147933948e-08, 4.6340769444e-08, 8.77215811101e-09, 7.25928650525e-09, 9.98503058014e-10, 1.76810810437e-09, 1.07983966213e-09, 3.87864140805e-09, 6.70973665517e-10, 5.06780950538e-10, 5.01905794703e-10, 5.73410929849e-10, 3.82239906394e-10, 4.37210878612e-10, 8.92159610077e-11, 5.54619267179e-11, 3.98390972989e-11, 1.95951727067e-11, 2.50895085957e-11, 1.16506058273e-11, 8.52719977962e-12, 3.60727615313e-12, 3.36095691209e-12, 2.21941627403e-12],
        "max": [0.0379872396588, 0.0332889221609, 0.0367519706488, 0.0106245372444, 0.00981739722192, 0.00796273164451, 0.00374763319269, 0.00222950661555, 0.000615998404101, 0.000752795138396, 0.000915936485399, 0.000625947432127, 0.000299421895761, 0.000916457443964, 0.000293326505926, 0.00103772233706, 0.00211199442856, 0.00178146734834, 0.000897338963114, 0.000883875065483, 0.000259294785792, 0.000326040899381, 0.000269687327091, 0.000807653123047, 0.000181499810424, 0.000326694629621, 0.000342390441801, 0.000204365773243, 0.000198727313546, 0.000306144618662, 7.73444844526e-05, 8.40561478981e-05, 7.28499217075e-05, 4.82211944473e-05, 4.54669716419e-05, 2.82469900412e-05, 1.68622209458e-05, 1.13087507998e-05, 1.74097949639e-05, 8.8453416538e-06],
        "mean": [0.00212142593227, 0.00340084196068, 0.00273132743314, 0.000788083882071, 0.000536745879799, 0.000339866790455, 0.000124651458464, 5.88547409279e-05, 4.50759398518e-05, 5.92126962147e-05, 4.30175532529e-05, 3.35119402735e-05, 2.73996793112e-05, 2.26438278332e-05, 2.12294489756e-05, 3.75392119167e-05, 4.73626714665e-05, 5.882727055e-05, 2.48421056313e-05, 2.61214190687e-05, 1.3532921912e-05, 1.87371588254e-05, 2.03129075089e-05, 2.7751269954e-05, 1.28064648379e-05, 1.13358164526e-05, 1.32261493491e-05, 1.55188063218e-05, 1.32204377223e-05, 8.81361302163e-06, 6.41509086563e-06, 5.10003064846e-06, 4.29503961641e-06, 3.09453434966e-06, 2.52167933468e-06, 1.94634162654e-06, 1.45945750774e-06, 9.47718035604e-07, 8.6453133008e-07, 6.76714819292e-07],
        "median": [0.000379001488909, 0.00166786718182, 0.00108795287088, 0.000397080119001, 0.000272598350421, 0.000146923150169, 3.12200463668e-05, 1.61933603522e-05, 2.34722592722e-05, 3.22819505527e-05, 1.91423205251e-05, 1.84413875104e-05, 1.27340299514e-05, 8.28898373584e-06, 1.22176807054e-05, 2.14092415263e-05, 1.32787818075e-05, 8.98935286386e-06, 6.88210730004e-06, 6.25883103567e-06, 5.27834799868e-06, 6.03861599302e-06, 9.88810552371e-06, 8.40768188937e-06, 6.19514958089e-06, 5.75777494305e-06, 5.48458865524e-06, 6.2988042373e-06, 5.29685257789e-06, 3.34975902661e-06, 2.23368783736e-06, 1.72212844518e-06, 1.37685879054e-06, 8.38601806663e-07, 6.97722953191e-07, 5.33712579909e-07, 4.0256338707e-07, 2.5053273589e-07, 2.15650587165e-07, 1.57994776373e-07],
        "min": [1.73317758367e-07, 4.38870586095e-07, 8.77354409567e-07, 2.87351326733e-07, 2.50456423601e-07, 2.85784778953e-07, 1.67440248333e-07, 2.72375881849e-08, 4.61675586649e-09, 2.16320406032e-09, 1.55475210484e-09, 9.83398362742e-10, 2.4876449789e-09, 2.2868631433e-09, 2.60011412401e-09, 3.57770857384e-09, 3.00497360328e-09, 4.57373960927e-09, 4.396286446e-09, 3.78368980591e-09, 3.12431014393e-09, 1.84632309441e-09, 2.29721930367e-09, 1.27918187154e-09, 2.07859796042e-09, 1.44373757394e-09, 9.57019685721e-10, 1.87848647748e-09, 1.8284718184e-09, 1.00472608011e-09, 1.15956588775e-09, 1.05982977949e-09, 9.22452780827e-10, 3.80891068685e-10, 3.63501811984e-10, 3.36215028041e-10, 1.60052624366e-12, 1.6997696653e-11, 7.04884805039e-12, 1.67149258844e-12],
