{
"highlevel": {
    "danceability": {
        "all": {
            "danceable": 0.806110084057,
            "not_danceable": 0.193889915943
        },
        "probability": 0.806110084057,
        "value": "danceable"
    },
    "gender": {
        "all": {
            "female": 0.921715378761,
            "male": 0.0782846212387
        },
        "probability": 0.921715378761,
        "value": "female"
    },
    "genre_dortmund": {
        "all": {
            "alternative": 0.150820463896,
            "blues": 0.0785271674395,
            "electronic": 0.0206465981901,
            "folkcountry": 0.238517582417,
            "funksoulrnb": 0.0221043154597,
            "jazz": 0.186282142997,
            "pop": 0.147210985422,
            "raphiphop": 0.00718415621668,
            "rock": 0.148706585169
        },
        "probability": 0.238517582417,
        "value": "folkcountry"
    },
    "genre_electronic": {
        "all": {
            "ambient": 0.537676334381,
            "dnb": 0.0719675645232,
            "house": 0.260059177876,
            "techno": 0.0266448035836,
            "trance": 0.103652119637
        },
        "probability": 0.537676334381,
        "value": "ambient"
    },
    "genre_rosamerica": {
        "all": {
            "cla": 0.00583043228835,
            "dan": 0.0836570411921,
            "hip": 0.01779984124,
            "jaz": 0.0530437417328,
            "pop": 0.664947628975,
            "rhy": 0.117349252105,
            "roc": 0.0507365427911,
            "spe": 0.00663549359888
        },
        "probability": 0.664947628975,
        "value": "pop"
    },
    "genre_tzanetakis": {
        "all": {
            "blu": 0.0626613423228,
            "cla": 0.0348169617355,
            "cou": 0.104475811124,
            "dis": 0.0784321576357,
            "hip": 0.15692435205,
            "jaz": 0.313974827528,
            "met": 0.0448166541755,
            "pop": 0.0627359300852,
            "reg": 0.0627360641956,
            "roc": 0.0784258767962
        },
        "probability": 0.313974827528,
        "value": "jaz"
    },
    "ismir04_rhythm": {
        "all": {
            "ChaChaCha": 0.729025423527,
            "Jive": 0.0391615442932,
            "Quickstep": 0.051365159452,
            "Rumba-American": 0.0302078686655,
            "Rumba-International": 0.028059778735,
            "Rumba-Misc": 0.00548860337585,
            "Samba": 0.105382367969,
            "Tango": 0.00515315309167,
            "VienneseWaltz": 0.00423772633076,
            "Waltz": 0.00191839388572
        },
        "probability": 0.729025423527,
        "value": "ChaChaCha"
    },
    "mood_acoustic": {
        "all": {
            "acoustic": 0.349322974682,
            "not_acoustic": 0.650677025318
        },
        "probability": 0.650677025318,
        "value": "not_acoustic"
    },
    "mood_aggressive": {
        "all": {
            "aggressive": 0.124802641571,
            "not_aggressive": 0.875197350979
        },
        "probability": 0.875197350979,
        "value": "not_aggressive"
    },
    "mood_electronic": {
        "all": {
            "electronic": 0.480823457241,
            "not_electronic": 0.519176542759
        },
        "probability": 0.519176542759,
        "value": "not_electronic"
    },
    "mood_happy": {
        "all": {
            "happy": 0.348700255156,
            "not_happy": 0.651299774647
        },
        "probability": 0.651299774647,
        "value": "not_happy"
    },
    "mood_party": {
        "all": {
            "not_party": 0.563259601593,
            "party": 0.436740428209
        },
        "probability": 0.563259601593,
        "value": "not_party"
    },
    "mood_relaxed": {
        "all": {
            "not_relaxed": 0.0200490821153,
            "relaxed": 0.979950904846
        },
        "probability": 0.979950904846,
        "value": "relaxed"
    },
    "mood_sad": {
        "all": {
            "not_sad": 0.404398530722,
            "sad": 0.595601439476
        },
        "probability": 0.595601439476,
        "value": "sad"
    },
    "moods_mirex": {
        "all": {
            "Cluster1": 0.232886970043,
            "Cluster2": 0.356292814016,
            "Cluster3": 0.17878715694,
            "Cluster4": 0.175781980157,
            "Cluster5": 0.0562510937452
        },
        "probability": 0.356292814016,
        "value": "Cluster2"
    },
    "timbre": {
        "all": {
            "bright": 0.996668636799,
            "dark": 0.003331375774
        },
        "probability": 0.996668636799,
        "value": "bright"
    },
    "tonal_atonal": {
        "all": {
            "atonal": 0.0186318866909,
            "tonal": 0.981368124485
        },
        "probability": 0.981368124485,
        "value": "tonal"
    },
    "voice_instrumental": {
        "all": {
            "instrumental": 0.826130032539,
            "voice": 0.173869967461
        },
        "probability": 0.826130032539,
        "value": "instrumental"
    }
},
"lowlevel": {
    "average_loudness": 0.983500659466,
    "barkbands_crest": {
        "dmean": 3.32207584381,
        "dmean2": 5.2831196785,
        "dvar": 10.1855745316,
        "dvar2": 22.7590827942,
        "max": 25.4407024384,
        "mean": 11.0613622665,
        "median": 9.8853969574,
        "min": 3.08259606361,
        "var": 21.2472324371
    },
    "barkbands_flatness_db": {
        "dmean": 0.027856271714,
        "dmean2": 0.0431361235678,
        "dvar": 0.000668548454996,
        "dvar2": 0.00156421854626,
        "max": 0.471288383007,
        "mean": 0.160540193319,
        "median": 0.154802709818,
        "min": 0.067442856729,
        "var": 0.00273828534409
    },
    "barkbands_kurtosis": {
        "dmean": 9.30633640289,
        "dmean2": 13.9651098251,
        "dvar": 822.682495117,
        "dvar2": 1437.64733887,
        "max": 701.298950195,
        "mean": 13.4856319427,
        "median": 5.80203914642,
        "min": -1.95007181168,
        "var": 1895.76660156
    },
    "barkbands_skewness": {
        "dmean": 0.921262919903,
        "dmean2": 1.37078166008,
        "dvar": 1.32289719582,
        "dvar2": 2.53157687187,
        "max": 20.5681877136,
        "mean": 2.51878142357,
        "median": 2.25715279579,
        "min": -5.44463443756,
        "var": 4.09197330475
    },
    "barkbands_spread": {
        "dmean": 8.25129508972,
        "dmean2": 12.497590065,
        "dvar": 131.095993042,
        "dvar2": 280.486938477,
        "max": 120.503723145,
        "mean": 20.94465065,
        "median": 15.4686899185,
        "min": 0.31043240428,
        "var": 299.133392334
    },
    "dissonance": {
        "dmean": 0.0216319356114,
        "dmean2": 0.0352263264358,
        "dvar": 0.000402896432206,
        "dvar2": 0.0010381921893,
        "max": 0.499570220709,
        "mean": 0.454216748476,
        "median": 0.461546033621,
        "min": 0.304705530405,
        "var": 0.00100987451151
    },
    "dynamic_complexity": 1.65041744709,
    "erbbands_crest": {
        "dmean": 2.7097094059,
        "dmean2": 4.43002176285,
        "dvar": 6.82962322235,
        "dvar2": 16.820602417,
        "max": 28.8161506653,
        "mean": 8.47649383545,
        "median": 7.5074801445,
        "min": 2.1287894249,
        "var": 16.3119525909
    },
    "erbbands_flatness_db": {
        "dmean": 0.0196165982634,
        "dmean2": 0.0272766519338,
        "dvar": 0.000359970028512,
        "dvar2": 0.000637972785626,
        "max": 0.273188710213,
        "mean": 0.129987493157,
        "median": 0.125701650977,
        "min": 0.0557204596698,
        "var": 0.00147571391426
    },
    "erbbands_kurtosis": {
        "dmean": 1.15773940086,
        "dmean2": 1.7876098156,
        "dvar": 5.92918205261,
        "dvar2": 12.5729341507,
        "max": 53.3980560303,
        "mean": 0.72144061327,
        "median": 0.00795459747314,
        "min": -1.84976065159,
        "var": 11.8812866211
    },
    "erbbands_skewness": {
        "dmean": 0.435254305601,
        "dmean2": 0.639539718628,
        "dvar": 0.213671699166,
        "dvar2": 0.399180024862,
        "max": 4.82875967026,
        "mean": 0.584296941757,
        "median": 0.630187749863,
        "min": -5.22591495514,
        "var": 0.772867739201
    },
    "erbbands_spread": {
        "dmean": 12.7852935791,
        "dmean2": 19.0814819336,
        "dvar": 242.295959473,
        "dvar2": 511.628448486,
        "max": 168.837356567,
        "mean": 52.8528251648,
        "median": 47.0477256775,
        "min": 5.78127479553,
        "var": 692.288269043
    },
    "hfc": {
        "dmean": 7.03080654144,
        "dmean2": 9.83938980103,
        "dvar": 116.247276306,
        "dvar2": 264.45425415,
        "max": 111.491600037,
        "mean": 18.6786937714,
        "median": 14.7862415314,
        "min": 0.0219705067575,
        "var": 240.602111816
    },
    "melbands_crest": {
        "dmean": 4.54249429703,
        "dmean2": 7.05803012848,
        "dvar": 16.0569438934,
        "dvar2": 35.5042304993,
        "max": 36.1961021423,
        "mean": 16.2379550934,
        "median": 14.6761512756,
        "min": 5.21495056152,
        "var": 38.9126434326
    },
    "melbands_flatness_db": {
        "dmean": 0.0340774282813,
        "dmean2": 0.0510083697736,
        "dvar": 0.00112733023707,
        "dvar2": 0.00248587992974,
        "max": 0.581048607826,
        "mean": 0.219776198268,
        "median": 0.21150135994,
        "min": 0.0597849860787,
        "var": 0.00494915200397
    },
    "melbands_kurtosis": {
        "dmean": 25.0852966309,
        "dmean2": 38.8848228455,
        "dvar": 5929.54199219,
        "dvar2": 13820.8798828,
        "max": 1930.46044922,
        "mean": 38.0547294617,
        "median": 19.1396999359,
        "min": -1.89270234108,
        "var": 11081.9765625
    },
    "melbands_skewness": {
        "dmean": 1.29627764225,
        "dmean2": 1.95212674141,
        "dvar": 2.84173107147,
        "dvar2": 6.63843154907,
        "max": 31.2604084015,
        "mean": 4.02417182922,
        "median": 3.52689743042,
        "min": -1.361515522,
        "var": 7.10779190063
    },
    "melbands_spread": {
        "dmean": 7.73350524902,
        "dmean2": 11.7327528,
        "dvar": 241.572921753,
        "dvar2": 432.171173096,
        "max": 277.414093018,
        "mean": 18.2393379211,
        "median": 12.3379735947,
        "min": 0.201402336359,
        "var": 653.438537598
    },
    "pitch_salience": {
        "dmean": 0.0931425243616,
        "dmean2": 0.147337675095,
        "dvar": 0.00765043590218,
        "dvar2": 0.0189403928816,
        "max": 0.833414018154,
        "mean": 0.548342764378,
        "median": 0.56597661972,
        "min": 0.0881717801094,
        "var": 0.0164640955627
    },
    "silence_rate_20dB": {
        "dmean": 0,
        "dmean2": 0,
        "dvar": 0,
        "dvar2": 0,
        "max": 1,
        "mean": 1,
        "median": 1,
        "min": 1,
        "var": 0
    },
    "silence_rate_30dB": {
        "dmean": 0.0557275526226,
        "dmean2": 0.111541442573,
        "dvar": 0.0526216700673,
        "dvar2": 0.154869005084,
        "max": 1,
        "mean": 0.972157776356,
        "median": 1,
        "min": 0,
        "var": 0.0270667113364
    },
    "silence_rate_60dB": {
        "dmean": 0.0216718260199,
        "dmean2": 0.0433772280812,
        "dvar": 0.0212018471211,
        "dvar2": 0.0461425557733,
        "max": 1,
        "mean": 0.0332559943199,
        "median": 0,
        "min": 0,
        "var": 0.0321502573788
    },
    "spectral_centroid": {
        "dmean": 279.370147705,
        "dmean2": 416.370117188,
        "dvar": 162196.28125,
        "dvar2": 293926.78125,
        "max": 6639.546875,
        "mean": 996.130310059,
        "median": 796.075012207,
        "min": 148.198425293,
        "var": 514010.125
    },
    "spectral_complexity": {
        "dmean": 3.01315784454,
        "dmean2": 4.55073595047,
        "dvar": 10.5608968735,
        "dvar2": 22.5183353424,
        "max": 39,
        "mean": 14.5777263641,
        "median": 15,
        "min": 0,
        "var": 39.2554969788
    },
    "spectral_decrease": {
        "dmean": 4.66333993643e-09,
        "dmean2": 7.25296178672e-09,
        "dvar": 5.4735728964e-17,
        "dvar2": 1.24835199606e-16,
        "max": -4.42174560855e-11,
        "mean": -8.62473914509e-09,
        "median": -5.98710681032e-09,
        "min": -4.73682888469e-08,
        "var": 6.76095213402e-17
    },
    "spectral_energy": {
        "dmean": 0.0180003717542,
        "dmean2": 0.0279112439603,
        "dvar": 0.000807125878055,
        "dvar2": 0.00183731992729,
        "max": 0.183831498027,
        "mean": 0.0342459231615,
        "median": 0.0241588056087,
        "min": 0.00017643616593,
        "var": 0.00100137246773
    },
    "spectral_energyband_high": {
        "dmean": 0.00051505776355,
        "dmean2": 0.000740048126318,
        "dvar": 8.96574476883e-07,
        "dvar2": 1.95445682039e-06,
        "max": 0.011869921349,
        "mean": 0.00104351632763,
        "median": 0.000467557256343,
        "min": 1.67824694586e-07,
        "var": 2.13000066651e-06
    },
    "spectral_energyband_low": {
        "dmean": 0.010637790896,
        "dmean2": 0.0160296186805,
        "dvar": 0.000345709180692,
        "dvar2": 0.000660119752865,
        "max": 0.12176232785,
        "mean": 0.0158094801009,
        "median": 0.00733445072547,
        "min": 6.65574498271e-06,
        "var": 0.000540764420293
    },
    "spectral_energyband_middle_high": {
        "dmean": 0.00091016391525,
        "dmean2": 0.00131550512742,
        "dvar": 1.08792266929e-06,
        "dvar2": 2.30434261539e-06,
        "max": 0.0142670264468,
        "mean": 0.00273522455245,
        "median": 0.00211686640978,
        "min": 2.49137173114e-07,
        "var": 5.2707496252e-06
    },
    "spectral_energyband_middle_low": {
        "dmean": 0.0108723482117,
        "dmean2": 0.0180881507695,
        "dvar": 0.00052167288959,
        "dvar2": 0.00134587450884,
        "max": 0.169674605131,
        "mean": 0.0173417124897,
        "median": 0.0127119235694,
        "min": 1.22364699564e-05,
        "var": 0.000456720154034
    },
    "spectral_entropy": {
        "dmean": 0.237481296062,
        "dmean2": 0.342132896185,
        "dvar": 0.0531451292336,
        "dvar2": 0.108610406518,
        "max": 8.78856182098,
        "mean": 7.49003791809,
        "median": 7.47334527969,
        "min": 5.63178014755,
        "var": 0.209069907665
    },
    "spectral_flux": {
        "dmean": 0.0416136980057,
        "dmean2": 0.0636164695024,
        "dvar": 0.00258895871229,
        "dvar2": 0.0051896055229,
        "max": 0.368180543184,
        "mean": 0.102420024574,
        "median": 0.0796734690666,
        "min": 0.00581541331485,
        "var": 0.00451712030917
    },
    "spectral_kurtosis": {
        "dmean": 1.20751142502,
        "dmean2": 1.83525669575,
        "dvar": 1.6883379221,
        "dvar2": 4.11350059509,
        "max": 18.43998909,
        "mean": 3.35778713226,
        "median": 3.09053182602,
        "min": -1.37518000603,
        "var": 5.46004915237
    },
    "spectral_rms": {
        "dmean": 0.00132184638642,
        "dmean2": 0.00194395810831,
        "dvar": 2.90128400593e-06,
        "dvar2": 5.87217800785e-06,
        "max": 0.0133920796216,
        "mean": 0.00528989033774,
        "median": 0.0048548495397,
        "min": 0.000414888956584,
        "var": 5.42779389434e-06
    },
    "spectral_rolloff": {
        "dmean": 674.214050293,
        "dmean2": 1128.4173584,
        "dvar": 2418977.5,
        "dvar2": 5173151,
        "max": 13501.3183594,
        "mean": 1293.03930664,
        "median": 581.396484375,
        "min": 64.599609375,
        "var": 4048776.75
    },
    "spectral_skewness": {
        "dmean": 0.22215795517,
        "dmean2": 0.318756252527,
        "dvar": 0.0478011183441,
        "dvar2": 0.0942048281431,
        "max": 3.5839266777,
        "mean": 1.58107125759,
        "median": 1.62974774837,
        "min": -0.254200339317,
        "var": 0.239742621779
    },
    "spectral_spread": {
        "dmean": 915576.75,
        "dmean2": 1278158.875,
        "dvar": 1.30637692928e+12,
        "dvar2": 2.49180166554e+12,
        "max": 15632988,
        "mean": 6239490,
        "median": 5949220,
        "min": 2368569.25,
        "var": 4.11420249293e+12
    },
    "spectral_strongpeak": {
        "dmean": 0.385417461395,
        "dmean2": 0.640319764614,
        "dvar": 0.322828769684,
        "dvar2": 0.721567928791,
        "max": 9.86957359314,
        "mean": 0.696404457092,
        "median": 0.51763099432,
        "min": 0,
        "var": 0.497419297695
    },
    "zerocrossingrate": {
        "dmean": 0.0163101814687,
        "dmean2": 0.0182014312595,
        "dvar": 0.000529998913407,
        "dvar2": 0.000600268598646,
        "max": 0.41748046875,
        "mean": 0.0640732273459,
        "median": 0.05029296875,
        "min": 0.001953125,
        "var": 0.00268627447076
    },
    "barkbands": {
        "dmean": [0.000626411114354, 0.00705346977338, 0.00280622811988, 0.00584142236039, 0.00500372378156, 0.00116859213449, 0.000643089762889, 0.00055983918719, 0.000413619593019, 0.000293644901831, 0.000213631414226, 0.000139257521369, 0.000224627874559, 0.000154572626343, 0.000206019423786, 0.000122854107758, 0.000110136330477, 0.000117629722808, 6.35382311884e-05, 7.08612642484e-05, 7.00489399605e-05, 7.11710235919e-05, 0.000103642676549, 0.000126497281599, 0.000124340847833, 8.59507563291e-05, 1.24476287056e-07],
        "dmean2": [0.000887131143827, 0.0104972375557, 0.0049840467982, 0.0100374417379, 0.00872274674475, 0.00191328395158, 0.00103427376598, 0.000847921299282, 0.000635541218799, 0.000437426497228, 0.000318713544402, 0.000208256504266, 0.000331687508151, 0.00023238020367, 0.000320320861647, 0.000189076192328, 0.000168152386323, 0.000183352545719, 0.000100794255559, 0.000113648595288, 0.000104676131741, 0.000108876920422, 0.000157004309585, 0.000191881204955, 0.000183886935702, 0.000130990723846, 2.30060479112e-07],
        "dvar": [2.02332262234e-06, 0.000253739475738, 3.37294404744e-05, 0.000253916514339, 8.36735125631e-05, 3.7447291561e-06, 1.45926048845e-06, 8.72518057804e-07, 6.63286925828e-07, 3.03482437403e-07, 1.53078900667e-07, 8.07381965728e-08, 1.48824312873e-07, 7.88356118164e-08, 1.6340845832e-07, 7.36243421784e-08, 4.89118434643e-08, 4.18097521049e-08, 2.01599537064e-08, 1.60179816078e-08, 2.00693595076e-08, 1.54638115646e-08, 4.98405512417e-08, 9.05866883727e-08, 8.48218491001e-08, 4.18294447968e-08, 2.84792968288e-13],
        "dvar2": [3.8491275518e-06, 0.000466038327431, 9.46465515881e-05, 0.000671985151712, 0.00023976432567, 9.14822976483e-06, 3.67776874555e-06, 1.62115941293e-06, 1.52564507516e-06, 7.21854632957e-07, 2.97908769653e-07, 1.64032755379e-07, 2.94964650038e-07, 1.63799313668e-07, 3.42165833445e-07, 1.83092893735e-07, 1.03932926265e-07, 9.59730144245e-08, 5.61213724382e-08, 3.91450463155e-08, 4.72328132162e-08, 3.48972299946e-08, 1.13781219113e-07, 1.92938742316e-07, 1.73558319716e-07, 1.06016351253e-07, 8.13004286289e-13],
        "max": [0.010668582283, 0.109337098897, 0.0640271157026, 0.115565389395, 0.0831990838051, 0.0215601846576, 0.0160318501294, 0.0123967071995, 0.0118500422686, 0.00854933913797, 0.00703328521922, 0.00550244934857, 0.00924428459257, 0.00357305374928, 0.00522556388751, 0.00496574118733, 0.00471817748621, 0.00266513321549, 0.00259703188203, 0.00214274087921, 0.00213371054269, 0.00227865343913, 0.00353862484917, 0.00460570212454, 0.00573519105092, 0.00326904118992, 8.21849334898e-06],
        "mean": [0.000651050999295, 0.00889195222408, 0.00367491832003, 0.00575265707448, 0.00659236498177, 0.00207950407639, 0.000991887995042, 0.00108534819447, 0.000623776460998, 0.000552284996957, 0.000368642184185, 0.000261590670561, 0.00035969237797, 0.00026656454429, 0.000293068325846, 0.000185193843208, 0.000203739255085, 0.000201979069971, 0.000108946223918, 0.000126676197397, 0.000124449157738, 0.000131682332722, 0.000188981677638, 0.000228396223974, 0.000195167915081, 0.00010538227798, 7.44221893001e-08],
        "median": [2.21271984628e-05, 0.00177788757719, 0.001573872054, 0.00232192291878, 0.00451703323051, 0.00153319397941, 0.00053520873189, 0.000548510695808, 0.000318213773426, 0.000242283174885, 0.000158251699759, 0.000129498555907, 0.000183640338946, 9.83576101135e-05, 0.000113559428428, 7.24588899175e-05, 8.29196942504e-05, 8.60492582433e-05, 5.21731781191e-05, 6.50349538773e-05, 5.17389889865e-05, 3.81421741622e-05, 7.60080874898e-05, 0.00010449844558, 6.16468314547e-05, 2.62244466285e-05, 5.74808978193e-10],
        "min": [4.90144955734e-08, 2.19820663006e-06, 7.57489999614e-07, 1.81755581252e-07, 1.36497033054e-06, 1.29015859329e-07, 2.15354543087e-08, 1.63951341392e-08, 2.83459726802e-08, 2.02693328788e-08, 9.84430936768e-09, 1.07512567737e-08, 1.59728372751e-08, 9.34732824476e-09, 1.32878996695e-08, 8.7782456859e-09, 1.26742829565e-08, 1.90627797991e-08, 8.79483419425e-09, 3.44390755913e-08, 2.22676828088e-08, 2.52018654834e-08, 2.62235246851e-08, 3.05509111342e-08, 2.4472562643e-08, 1.09766510117e-11, 7.04114978128e-12],
        "var": [2.90228717859e-06, 0.00036721379729, 3.188725168e-05, 0.000190484133782, 6.83027537889e-05, 5.56712757316e-06, 1.97800704882e-06, 2.53782582149e-06, 1.01149748843e-06, 8.65524498295e-07, 4.70944399922e-07, 2.32342074469e-07, 4.14913074565e-07, 2.2938941413e-07, 3.08904816393e-07, 1.29023064233e-07, 1.53521838797e-07, 9.41734725757e-08, 3.40073746941e-08, 2.92141155711e-08, 3.5654977637e-08, 4.69896832556e-08, 1.02309023475e-07, 1.81964836088e-07, 1.82562843065e-07, 4.63264093753e-08, 1.62598856905e-13]
    },
    "erbbands": {
        "dmean": [0.295764386654, 1.4751046896, 3.12202072144, 10.922498703, 21.1478729248, 16.1456260681, 12.4533243179, 9.19564628601, 9.17980003357, 10.832157135, 11.4025259018, 9.71403884888, 7.72584724426, 8.57497119904, 7.2433886528, 6.52370882034, 9.19639396667, 7.87868022919, 8.87629795074, 9.48177242279, 5.56099414825, 4.79521751404, 6.77184724808, 2.82258343697, 3.66739082336, 3.33687543869, 2.47308850288, 3.12550592422, 2.72268462181, 2.61705470085, 3.1337313652, 2.69454813004, 2.21045684814, 1.60722064972, 0.795589387417, 0.404006659985, 0.163824766874, 0.0153404716402, 0.000282106426312, 3.10099203489e-05],
        "dmean2": [0.412323206663, 2.34654545784, 5.49325990677, 18.6560916901, 36.7600212097, 27.9356517792, 20.18891716, 15.1221389771, 15.2601423264, 17.0846977234, 16.8651351929, 14.8471565247, 11.8902711868, 12.5236330032, 10.9276132584, 9.84364509583, 13.7302722931, 11.7148971558, 13.6087474823, 14.8514795303, 8.28374671936, 7.10812997818, 10.4624862671, 4.2770819664, 5.78368425369, 5.27100229263, 3.70746660233, 4.78837490082, 4.11028528214, 4.01966381073, 4.701649189, 4.09172773361, 3.36258387566, 2.40286684036, 1.18038129807, 0.625461220741, 0.250598669052, 0.0246806293726, 0.000441602693172, 4.61564050056e-05],
        "dvar": [0.460874289274, 11.4455728531, 45.1587295532, 684.618835449, 2710.82495117, 607.570800781, 315.869598389, 329.614074707, 453.978942871, 352.070159912, 491.643005371, 372.235931396, 267.681030273, 315.694396973, 107.974243164, 175.459793091, 221.048126221, 200.389312744, 315.704101562, 409.397644043, 124.786949158, 74.5445480347, 146.540496826, 18.8695468903, 80.3677825928, 37.0180473328, 16.8158378601, 43.5195007324, 22.6996440887, 21.3696403503, 48.0552902222, 54.5617752075, 24.9392147064, 15.5077142715, 3.15736246109, 0.779165387154, 0.154282614589, 0.00291961035691, 7.78374669608e-07, 2.79859091457e-09],
        "dvar2": [0.786656975746, 26.5984363556, 126.92124939, 1801.71142578, 7348.35693359, 1802.4732666, 811.196838379, 865.824584961, 1206.01086426, 808.097961426, 875.085388184, 850.60357666, 619.244384766, 660.175415039, 213.464996338, 370.934967041, 486.116973877, 411.299346924, 627.849487305, 1075.23364258, 266.812347412, 144.631393433, 316.843658447, 42.3387145996, 215.657409668, 91.9016189575, 40.492855072, 103.565826416, 49.8988342285, 51.6244125366, 103.690925598, 117.48412323, 53.8643074036, 30.3363246918, 6.80207872391, 1.90140843391, 0.390122324228, 0.00801197811961, 2.08395499612e-06, 6.48577769269e-09],
        "max": [5.11519050598, 23.9990539551, 55.4539489746, 192.641433716, 423.502655029, 185.993743896, 211.482666016, 196.692657471, 283.869354248, 233.440490723, 389.108062744, 257.637359619, 303.454925537, 312.745544434, 226.590301514, 249.436508179, 392.839508057, 207.626434326, 295.948394775, 311.351531982, 206.534637451, 194.64666748, 194.529403687, 64.9247283936, 157.656219482, 82.4974365234, 63.8932342529, 90.9736480713, 106.844467163, 50.8423156738, 111.712356567, 128.615188599, 99.4541549683, 89.5340194702, 26.1560344696, 9.39997577667, 6.22455263138, 1.23739278316, 0.0194906927645, 0.000743397918995],
        "mean": [0.343774557114, 1.65409696102, 4.02866411209, 12.3002386093, 21.2473716736, 21.7399616241, 21.870262146, 14.714682579, 13.7704734802, 19.4485836029, 22.3969116211, 16.2410964966, 14.7089071274, 16.7853412628, 13.9832258224, 13.4940471649, 15.8884849548, 16.006980896, 14.2995681763, 13.6019659042, 10.3529558182, 10.4065561295, 12.4104862213, 5.43854951859, 6.40222835541, 6.08413934708, 5.09116506577, 5.14424514771, 4.91610527039, 4.53563308716, 5.64952945709, 4.71983528137, 3.84171938896, 2.52623510361, 1.20239448547, 0.520371437073, 0.193116739392, 0.0164251364768, 0.000332673283992, 5.72710159759e-05],
        "median": [0.0310928821564, 0.49042609334, 1.77910852432, 6.55083751678, 9.76672935486, 14.2984476089, 15.6286973953, 10.2937774658, 7.31616163254, 9.78689575195, 11.8396062851, 9.78145122528, 7.06583976746, 7.29720163345, 8.09894657135, 7.53380584717, 9.29265403748, 6.34991645813, 6.2625875473, 5.75335884094, 4.1985206604, 4.37357139587, 5.32326412201, 3.34522080421, 2.79478955269, 3.18258142471, 2.07215356827, 1.95740222931, 1.34655082226, 1.68069028854, 2.36405563354, 1.95956325531, 1.82210898399, 0.878295600414, 0.347289055586, 0.14597953856, 0.0402548387647, 0.00288159423508, 8.33376325318e-05, 3.67063839803e-05],
        "min": [5.06549549755e-05, 0.000646292173769, 0.00220831437036, 0.00205245590769, 0.00726854242384, 0.00355791812763, 0.00130599644035, 0.0011227724608, 0.000369310990209, 0.000270877906587, 0.000537383370101, 0.00054271396948, 0.00059650989715, 0.000575812940951, 0.000505785807036, 0.000637340708636, 0.000725652265828, 0.000642968807369, 0.000844693044201, 0.000471596838906, 0.000535340572242, 0.000783334195148, 0.000987274921499, 0.000513069797307, 0.00102147192229, 0.0016052754363, 0.000782940536737, 0.000857673876453, 0.000975912145805, 0.000501033617184, 0.000648760295007, 0.000613594136667, 0.000500818190631, 0.000311480427627, 0.00010880165064, 4.42977898274e-06, 6.02891873314e-07, 7.32259053393e-08, 1.44331579577e-07, 2.17731994212e-07],
        "var": [0.699732124805, 12.1781682968, 39.1974525452, 537.14074707, 1999.12646484, 602.844421387, 564.133666992, 365.353973389, 475.847991943, 805.973876953, 1400.27526855, 569.020568848, 711.667236328, 1018.11108398, 377.642120361, 499.896331787, 661.634887695, 730.419067383, 658.750854492, 606.338256836, 362.795349121, 301.773010254, 378.150421143, 40.9053878784, 137.735565186, 63.0626831055, 64.3812332153, 67.1355285645, 72.1253967285, 43.1929168701, 100.732788086, 98.2532272339, 51.0785675049, 35.3816375732, 5.97245121002, 0.950470685959, 0.172622904181, 0.00225156010129, 6.64311585297e-07, 3.50564777207e-09]
    },
    "gfcc": {
        "mean": [8.408452034, 81.9841918945, -88.5285491943, 34.6427841187, -64.0917282104, 22.781332016, -50.2026329041, 9.4920463562, -30.938829422, 1.09248483181, -18.2533931732, -1.97822320461, -13.6793584824],
        "cov": [[4417.56396484, -297.145263672, -197.412582397, -345.013305664, -195.398391724, -78.3341140747, -155.155059814, 52.2336196899, -185.001831055, 58.3469314575, -259.876556396, 115.924850464, -169.390686035], [-297.145263672, 1392.61413574, -221.217590332, -100.047973633, 163.523178101, -25.5308628082, 144.223205566, -75.3002700806, 111.709098816, -87.7552032471, 147.891662598, -76.9839019775, 140.530487061], [-197.412582397, -221.217590332, 765.960205078, 229.8956604, 141.712249756, 94.135269165, 71.3209686279, 11.3098526001, 13.0614051819, 84.3251113892, -76.7336425781, 99.2794647217, -25.9282035828], [-345.013305664, -100.047973633, 229.8956604, 431.279937744, 98.404914856, 20.3842372894, 55.509929657, 3.18879508972, 76.3976821899, 5.46464490891, -13.4807252884, 10.9129228592, 52.0591239929], [-195.398391724, 163.523178101, 141.712249756, 98.404914856, 235.888061523, 22.5473384857, 44.8834838867, 25.7856731415, 50.8614234924, 8.9523859024, -16.5968494415, 26.7039260864, 44.5066719055], [-78.3341140747, -25.5308628082, 94.135269165, 20.3842372894, 22.5473384857, 184.660675049, 101.803825378, 9.89316749573, 7.05559825897, 20.9226875305, 43.911315918, -9.42402935028, 12.1399431229], [-155.155059814, 144.223205566, 71.3209686279, 55.509929657, 44.8834838867, 101.803825378, 224.861557007, 8.3896856308, 26.4315776825, 41.6408996582, 43.7437438965, 2.12287735939, -0.733640789986], [52.2336196899, -75.3002700806, 11.3098526001, 3.18879508972, 25.7856731415, 9.89316749573, 8.3896856308, 139.400527954, 53.7788505554, 11.0122756958, 14.5524501801, 10.9989614487, 7.63820171356], [-185.001831055, 111.709098816, 13.0614051819, 76.3976821899, 50.8614234924, 7.05559825897, 26.4315776825, 53.7788505554, 120.53187561, 22.4305839539, 26.8121318817, 0.481592744589, 39.7716903687], [58.3469314575, -87.7552032471, 84.3251113892, 5.46464490891, 8.9523859024, 20.9226875305, 41.6408996582, 11.0122756958, 22.4305839539, 105.582008362, 2.67858529091, 27.8824443817, -20.8372745514], [-259.876556396, 147.891662598, -76.7336425781, -13.4807252884, -16.5968494415, 43.911315918, 43.7437438965, 14.5524501801, 26.8121318817, 2.67858529091, 133.055130005, -15.8156671524, 32.6000518799], [115.924850464, -76.9839019775, 99.2794647217, 10.9129228592, 26.7039260864, -9.42402935028, 2.12287735939, 10.9989614487, 0.481592744589, 27.8824443817, -15.8156671524, 92.6878509521, 6.22246170044], [-169.390686035, 140.530487061, -25.9282035828, 52.0591239929, 44.5066719055, 12.1399431229, -0.733640789986, 7.63820171356, 39.7716903687, -20.8372745514, 32.6000518799, 6.22246170044, 95.5025405884]],
        "icov": [[0.000387713778764, -0.000374573137378, 0.000323877378833, -0.00023164349841, 0.000449100305559, -0.000621337851044, 0.000500519876368, -0.000784211035352, 0.000828814052511, -0.000661692698486, 0.00112018478103, -0.000879323750269, 0.000574699311983], [-0.000374573137378, 0.00253401161171, -0.000640743703116, 0.00199510459788, -0.00196752487682, 0.00262416317128, -0.00269793067127, 0.00315081491135, -0.00330284330994, 0.00271455850452, -0.0027454115916, 0.00245271157473, -0.00259893178008], [0.000323877378833, -0.000640743703116, 0.00285705365241, -0.00173229305074, -0.000334260344971, -0.00240289792418, 0.00113778561354, -0.00103919720277, 0.0015292535536, -0.00186786463019, 0.00212767859921, -0.00307633122429, 0.0022200839594], [-0.00023164349841, 0.00199510459788, -0.00173229305074, 0.00520699238405, -0.00160864915233, 0.00273263081908, -0.00294725387357, 0.00313727860339, -0.00455114478245, 0.00288366130553, -0.00153391261119, 0.00276579521596, -0.00365866487846], [0.000449100305559, -0.00196752487682, -0.000334260344971, -0.00160864915233, 0.00766626978293, -0.00190144241787, 0.000934916140977, -0.00304383551702, 0.00127483345568, -0.00171390874311, 0.00397289777175, -0.00247666635551, -0.000702116347384], [-0.000621337851044, 0.00262416317128, -0.00240289792418, 0.00273263081908, -0.00190144241787, 0.0116385417059, -0.00626017618924, 0.00274923723191, -0.00224464247003, 0.00251687900163, -0.00527654914185, 0.00544931925833, -0.0050366781652], [0.000500519876368, -0.00269793067127, 0.00113778561354, -0.00294725387357, 0.000934916140977, -0.00626017618924, 0.00989281013608, -0.00298596429639, 0.00307618756779, -0.00458177924156, 0.00148612016346, -0.00322769442573, 0.00487034255639], [-0.000784211035352, 0.00315081491135, -0.00103919720277, 0.00313727860339, -0.00304383551702, 0.00274923723191, -0.00298596429639, 0.0134516712278, -0.00948516931385, 0.00448342878371, -0.00462389038876, 0.00199398514815, -0.00167261168826], [0.000828814052511, -0.00330284330994, 0.0015292535536, -0.00455114478245, 0.00127483345568, -0.00224464247003, 0.00307618756779, -0.00948516931385, 0.019788891077, -0.0082122432068, 0.00294404197484, -0.00146904948633, -0.00124240270816], [-0.000661692698486, 0.00271455850452, -0.00186786463019, 0.00288366130553, -0.00171390874311, 0.00251687900163, -0.00458177924156, 0.00448342878371, -0.0082122432068, 0.0167493429035, -0.00423937290907, -0.000747806567233, 0.00140820606612], [0.00112018478103, -0.0027454115916, 0.00212767859921, -0.00153391261119, 0.00397289777175, -0.00527654914185, 0.00148612016346, -0.00462389038876, 0.00294404197484, -0.00423937290907, 0.0153478961438, -0.00303021539003, -0.000551653909497], [-0.000879323750269, 0.00245271157473, -0.00307633122429, 0.00276579521596, -0.00247666635551, 0.00544931925833, -0.00322769442573, 0.00199398514815, -0.00146904948633, -0.000747806567233, -0.00303021539003, 0.0181813705713, -0.00693601090461], [0.000574699311983, -0.00259893178008, 0.0022200839594, -0.00365866487846, -0.000702116347384, -0.0050366781652, 0.00487034255639, -0.00167261168826, -0.00124240270816, 0.00140820606612, -0.000551653909497, -0.00693601090461, 0.0205151494592]]
    },
    "melbands": {
        "dmean": [0.00216699042358, 0.00165128731169, 0.00230486434884, 0.00128763378598, 0.000476566085126, 0.00020836495969, 0.00013433516142, 0.000116192772111, 9.65740182437e-05, 5.69810144952e-05, 3.86263054679e-05, 3.55572228727e-05, 2.82648998109e-05, 1.67939979292e-05, 2.09889039979e-05, 1.83675892913e-05, 1.60096933541e-05, 1.46928632603e-05, 1.51243684741e-05, 1.0948147974e-05, 6.57542204863e-06, 5.57155135539e-06, 6.74096554576e-06, 5.64933498026e-06, 2.078460966e-06, 3.00024225908e-06, 2.34591948356e-06, 2.40176836996e-06, 1.71744545696e-06, 1.65446442679e-06, 2.0893958208e-06, 1.75251818746e-06, 1.29995373754e-06, 1.64294056049e-06, 1.88516571598e-06, 1.90473667772e-06, 1.66979577898e-06, 1.55127611379e-06, 1.72340048721e-06, 1.30081400584e-06],
        "dmean2": [0.00311420462094, 0.00276848464273, 0.00395365664735, 0.0022130087018, 0.000784294912592, 0.000342816958437, 0.000220498681301, 0.00018228632689, 0.000142392076668, 8.76920676092e-05, 5.92236829107e-05, 5.21301481058e-05, 4.23816381954e-05, 2.46710915235e-05, 3.23854401358e-05, 2.72863599093e-05, 2.38731645368e-05, 2.25757794396e-05, 2.33512291743e-05, 1.72209256561e-05, 9.9488415799e-06, 8.46499006002e-06, 1.05168655864e-05, 8.63277273311e-06, 3.22768096339e-06, 4.81324741486e-06, 3.74953606297e-06, 3.83307587981e-06, 2.69623546956e-06, 2.48748960985e-06, 3.28404348693e-06, 2.68036592388e-06, 1.99724104277e-06, 2.58040745393e-06, 2.8467188713e-06, 2.98877671412e-06, 2.62016919805e-06, 2.4052635581e-06, 2.62522439698e-06, 1.98512225325e-06],
        "dvar": [2.46246418101e-05, 1.2871682884e-05, 3.35479780915e-05, 6.3601742113e-06, 4.04547790822e-07, 1.55759423137e-07, 8.83641249061e-08, 3.82263003473e-08, 3.75431881139e-08, 1.17756586704e-08, 6.77504630175e-09, 5.50184786619e-09, 2.20999574196e-09, 1.17865628368e-09, 1.56878388058e-09, 1.0756634472e-09, 9.5846763859e-10, 9.23607468284e-10, 1.28250987608e-09, 5.73893599309e-10, 2.12314749115e-10, 1.32246810725e-10, 1.64246699574e-10, 9.67430857646e-11, 1.15150987703e-11, 7.16014122992e-11, 2.37734484876e-11, 1.83594337649e-11, 9.74625675304e-12, 1.27064114439e-11, 1.87516582123e-11, 9.61215568945e-12, 6.34957494569e-12, 9.77645828876e-12, 1.59127867133e-11, 2.65201142297e-11, 2.31146837781e-11, 1.09295125034e-11, 1.79762576352e-11, 1.02225710535e-11],
        "dvar2": [4.18581767008e-05, 3.4441040043e-05, 8.89867878868e-05, 1.76505818672e-05, 1.09475683985e-06, 4.03251135594e-07, 2.32206957662e-07, 8.65716032195e-08, 7.0311870104e-08, 2.69591371449e-08, 1.57547805912e-08, 1.18262493132e-08, 4.285689581e-09, 2.28967711458e-09, 3.16188675242e-09, 2.1361648006e-09, 1.95060767538e-09, 1.80069836819e-09, 2.76798983734e-09, 1.52105328333e-09, 4.67365313117e-10, 2.79806455783e-10, 3.58873514239e-10, 2.12858883297e-10, 2.56094676715e-11, 2.04363317935e-10, 4.83301870746e-11, 4.80225720301e-11, 2.49346151365e-11, 3.08813391525e-11, 4.5345539823e-11, 2.20015065194e-11, 1.40119877506e-11, 2.43937404998e-11, 3.29211553851e-11, 6.58813767429e-11, 4.93117421896e-11, 2.41631801373e-11, 3.76956313386e-11, 2.08903814386e-11],
        "max": [0.0349416546524, 0.0256122071296, 0.0419622920454, 0.0225283019245, 0.00729634612799, 0.00382860074751, 0.00401628669351, 0.00232367659919, 0.00351475644857, 0.00150683254469, 0.00154991727322, 0.00135405303445, 0.000905275926925, 0.000754842360038, 0.00103820394725, 0.000683057238348, 0.000469035498099, 0.000493899628054, 0.000573676428758, 0.000445438839961, 0.000225419527851, 0.000250124983722, 0.000213651481317, 0.000129814987304, 5.55483711651e-05, 0.000169940161868, 0.000129710795591, 4.2307547119e-05, 5.64409019717e-05, 4.98884401168e-05, 5.7913006458e-05, 6.48772038403e-05, 3.80225246772e-05, 4.11862165492e-05, 5.0645598094e-05, 0.000101858226117, 8.68849965627e-05, 6.06826506555e-05, 8.7839202024e-05, 7.51145707909e-05],
        "mean": [0.00270349928178, 0.00210890895687, 0.00248177652247, 0.00155018013902, 0.00082468544133, 0.000342027138686, 0.000204937692615, 0.000213491672184, 0.000177401991095, 9.20180391404e-05, 7.06785867806e-05, 6.73223257763e-05, 5.05953939864e-05, 3.21042789437e-05, 3.63222134183e-05, 3.24174689013e-05, 2.944264088e-05, 2.17397064262e-05, 1.97888912226e-05, 1.58640359587e-05, 1.16528790386e-05, 1.05203289422e-05, 1.23697518575e-05, 9.37898767006e-06, 3.52192887476e-06, 4.80760127175e-06, 4.04906359108e-06, 4.04862203141e-06, 3.35984691446e-06, 2.6730274385e-06, 3.17470289701e-06, 3.00162537314e-06, 2.14795204556e-06, 2.66493975687e-06, 3.23135623148e-06, 3.19654964187e-06, 2.7749479159e-06, 2.5991205348e-06, 2.68880557996e-06, 1.9473516204e-06],
        "median": [0.000399205076974, 0.00098597665783, 0.00128162535839, 0.000875873607583, 0.000633958727121, 0.000238660373725, 0.000108994419861, 0.000111680506961, 8.69156865519e-05, 5.06291689817e-05, 3.14599710691e-05, 2.52532918239e-05, 2.42911464738e-05, 1.85010776477e-05, 1.89178972505e-05, 1.71836964e-05, 1.01930318124e-05, 9.32812145038e-06, 6.93665833751e-06, 6.99896918377e-06, 4.20495871367e-06, 4.14291389461e-06, 4.96324946653e-06, 4.0709901441e-06, 2.10424218494e-06, 1.87211560387e-06, 2.00664817385e-06, 1.94208064386e-06, 1.27689031615e-06, 1.04783964616e-06, 1.06124423382e-06, 7.6190258369e-07, 6.68809036597e-07, 9.59925273492e-07, 1.29815157379e-06, 1.24640314425e-06, 1.21574373679e-06, 1.18398804716e-06, 1.10721759938e-06, 5.92303138092e-07],
        "min": [6.83242774357e-07, 1.50267715071e-06, 4.21505433224e-07, 4.54384633031e-07, 6.18050819412e-08, 2.58756109872e-08, 4.31495017494e-09, 2.75207456824e-09, 4.60723637019e-09, 3.66442698407e-09, 2.85792145505e-09, 2.05525108044e-09, 1.50236889596e-09, 1.24908294818e-09, 1.67815306096e-09, 1.55372859023e-09, 7.02008229325e-10, 1.3955177014e-09, 7.0436539934e-10, 6.12676798184e-10, 4.46224751594e-10, 7.92913956715e-10, 6.53764486991e-10, 7.30126403781e-10, 1.83372872442e-10, 3.7338193648e-10, 1.07029718421e-09, 9.77933956037e-10, 4.32378827186e-10, 4.4049158765e-10, 4.82898054877e-10, 4.34491304047e-10, 3.43570200068e-10, 6.25397789111e-11, 3.23972154659e-10, 3.20234366802e-10, 4.1023492936e-10, 2.20753665348e-10, 3.25631965836e-10, 1.52581836055e-10],
