{
"highlevel": {
    "danceability": {
        "all": {
            "danceable": 3.00000096379e-14,
            "not_danceable": 1
        },
        "probability": 1,
        "value": "not_danceable"
    },
    "gender": {
        "all": {
            "female": 0.409454584122,
            "male": 0.590545415878
        },
        "probability": 0.590545415878,
        "value": "male"
    },
    "genre_dortmund": {
        "all": {
            "alternative": 0.312126278877,
            "blues": 0.0446846485138,
            "electronic": 0.0464130677283,
            "folkcountry": 0.134326353669,
            "funksoulrnb": 0.0213800761849,
            "jazz": 0.0126047199592,
            "pop": 0.0866096317768,
            "raphiphop": 0.0017327289097,
            "rock": 0.340122491121
        },
        "probability": 0.340122491121,
        "value": "rock"
    },
    "genre_electronic": {
        "all": {
            "ambient": 0.673568487167,
            "dnb": 0.105024419725,
            "house": 0.0140804396942,
            "techno": 0.00848978944123,
            "trance": 0.198836833239
        },
        "probability": 0.673568487167,
        "value": "ambient"
    },
    "genre_rosamerica": {
        "all": {
            "cla": 0.0490599498153,
            "dan": 0.00768454559147,
            "hip": 0.0028990812134,
            "jaz": 0.00716179795563,
            "pop": 0.0150049598888,
            "rhy": 0.00440299417824,
            "roc": 0.912667870522,
            "spe": 0.00111877650488
        },
        "probability": 0.912667870522,
        "value": "roc"
    },
    "genre_tzanetakis": {
        "all": {
            "blu": 0.0514711923897,
            "cla": 0.0343172624707,
            "cou": 0.102957598865,
            "dis": 0.102972343564,
            "hip": 0.154464527965,
            "jaz": 0.308918893337,
            "met": 0.0441242903471,
            "pop": 0.0617748275399,
            "reg": 0.0617764480412,
            "roc": 0.0772226303816
        },
        "probability": 0.308918893337,
        "value": "jaz"
    },
    "ismir04_rhythm": {
        "all": {
            "ChaChaCha": 0.0280173718929,
            "Jive": 0.0307824388146,
            "Quickstep": 0.0435295812786,
            "Rumba-American": 0.00868158973753,
            "Rumba-International": 0.0401079282165,
            "Rumba-Misc": 0.00319014955312,
            "Samba": 0.0494362935424,
            "Tango": 0.0256706867367,
            "VienneseWaltz": 0.729232549667,
            "Waltz": 0.0413514226675
        },
        "probability": 0.729232549667,
        "value": "VienneseWaltz"
    },
    "mood_acoustic": {
        "all": {
            "acoustic": 0.118037462234,
            "not_acoustic": 0.881962537766
        },
        "probability": 0.881962537766,
        "value": "not_acoustic"
    },
    "mood_aggressive": {
        "all": {
            "aggressive": 0.849577128887,
            "not_aggressive": 0.150422871113
        },
        "probability": 0.849577128887,
        "value": "aggressive"
    },
    "mood_electronic": {
        "all": {
            "electronic": 0.601073622704,
            "not_electronic": 0.398926407099
        },
        "probability": 0.601073622704,
        "value": "electronic"
    },
    "mood_happy": {
        "all": {
            "happy": 0.613807320595,
            "not_happy": 0.386192679405
        },
        "probability": 0.613807320595,
        "value": "happy"
    },
    "mood_party": {
        "all": {
            "not_party": 0.946341216564,
            "party": 0.0536587759852
        },
        "probability": 0.946341216564,
        "value": "not_party"
    },
    "mood_relaxed": {
        "all": {
            "not_relaxed": 0.841759741306,
            "relaxed": 0.158240228891
        },
        "probability": 0.841759741306,
        "value": "not_relaxed"
    },
    "mood_sad": {
        "all": {
            "not_sad": 0.769884645939,
            "sad": 0.23011533916
        },
        "probability": 0.769884645939,
        "value": "not_sad"
    },
    "moods_mirex": {
        "all": {
            "Cluster1": 0.427208840847,
            "Cluster2": 0.0429036319256,
            "Cluster3": 0.383811414242,
            "Cluster4": 0.0483237989247,
            "Cluster5": 0.0977523103356
        },
        "probability": 0.427208840847,
        "value": "Cluster1"
    },
    "timbre": {
        "all": {
            "bright": 0.344707787037,
            "dark": 0.655292212963
        },
        "probability": 0.655292212963,
        "value": "dark"
    },
    "tonal_atonal": {
        "all": {
            "atonal": 0.00151911471039,
            "tonal": 0.998480856419
        },
        "probability": 0.998480856419,
        "value": "tonal"
    },
    "voice_instrumental": {
        "all": {
            "instrumental": 0.0885903984308,
            "voice": 0.91140961647
        },
        "probability": 0.91140961647,
        "value": "voice"
    }
},
"lowlevel": {
    "average_loudness": 0.987095713615,
    "barkbands_crest": {
        "dmean": 1.94788563251,
        "dmean2": 3.26503562927,
        "dvar": 4.64840269089,
        "dvar2": 13.4891223907,
        "max": 20.434841156,
        "mean": 6.96341562271,
        "median": 6.40503644943,
        "min": 2.86298489571,
        "var": 6.18066835403
    },
    "barkbands_flatness_db": {
        "dmean": 0.0186615251005,
        "dmean2": 0.0268480051309,
        "dvar": 0.000257307867287,
        "dvar2": 0.000517046893947,
        "max": 0.247565120459,
        "mean": 0.138128578663,
        "median": 0.139744505286,
        "min": 0.0570330657065,
        "var": 0.001001435332
    },
    "barkbands_kurtosis": {
        "dmean": 0.72793161869,
        "dmean2": 1.17500245571,
        "dvar": 1.36235308647,
        "dvar2": 3.42708492279,
        "max": 21.7679271698,
        "mean": 0.229065299034,
        "median": -0.0869364738464,
        "min": -1.60501098633,
        "var": 2.02074980736
    },
    "barkbands_skewness": {
        "dmean": 0.287850022316,
        "dmean2": 0.456728428602,
        "dvar": 0.097844235599,
        "dvar2": 0.242985472083,
        "max": 4.45434331894,
        "mean": 0.84173732996,
        "median": 0.780846595764,
        "min": -0.455684244633,
        "var": 0.225344672799
    },
    "barkbands_spread": {
        "dmean": 3.76288580894,
        "dmean2": 5.76491641998,
        "dvar": 11.4507522583,
        "dvar2": 26.3141613007,
        "max": 51.4799003601,
        "mean": 25.4239177704,
        "median": 25.3017520905,
        "min": 9.06280040741,
        "var": 44.9293136597
    },
    "dissonance": {
        "dmean": 0.0142105463892,
        "dmean2": 0.0239353422076,
        "dvar": 0.000151439453475,
        "dvar2": 0.000410712207668,
        "max": 0.499510258436,
        "mean": 0.470840722322,
        "median": 0.473281025887,
        "min": 0.41042599082,
        "var": 0.000292553391773
    },
    "dynamic_complexity": 0.512628793716,
    "erbbands_crest": {
        "dmean": 1.85560500622,
        "dmean2": 2.97963619232,
        "dvar": 3.17345166206,
        "dvar2": 8.00892066956,
        "max": 21.6923160553,
        "mean": 7.86825037003,
        "median": 7.2722659111,
        "min": 3.20527529716,
        "var": 7.57326698303
    },
    "erbbands_flatness_db": {
        "dmean": 0.0214197039604,
        "dmean2": 0.0289575383067,
        "dvar": 0.000418032344896,
        "dvar2": 0.000753625237849,
        "max": 0.272936552763,
        "mean": 0.18525262177,
        "median": 0.185767829418,
        "min": 0.0906962901354,
        "var": 0.00129421066958
    },
    "erbbands_kurtosis": {
        "dmean": 0.343635618687,
        "dmean2": 0.549378573895,
        "dvar": 0.128028512001,
        "dvar2": 0.315604150295,
        "max": 3.33503007889,
        "mean": -0.524546384811,
        "median": -0.650579452515,
        "min": -1.69875204563,
        "var": 0.371708869934
    },
    "erbbands_skewness": {
        "dmean": 0.234744876623,
        "dmean2": 0.360412418842,
        "dvar": 0.0433153882623,
        "dvar2": 0.101678684354,
        "max": 1.25200796127,
        "mean": 0.0364545360208,
        "median": 0.0615897998214,
        "min": -1.4836653471,
        "var": 0.194721236825
    },
    "erbbands_spread": {
        "dmean": 4.87109470367,
        "dmean2": 7.44298887253,
        "dvar": 22.3210315704,
        "dvar2": 51.387840271,
        "max": 81.216835022,
        "mean": 33.9754524231,
        "median": 32.706577301,
        "min": 12.3708763123,
        "var": 77.0636138916
    },
    "hfc": {
        "dmean": 4.73883581161,
        "dmean2": 7.15718507767,
        "dvar": 18.9800949097,
        "dvar2": 40.1317558289,
        "max": 60.2336349487,
        "mean": 32.8021812439,
        "median": 32.4372406006,
        "min": 12.2106437683,
        "var": 78.3463134766
    },
    "melbands_crest": {
        "dmean": 2.7303853035,
        "dmean2": 4.55272197723,
        "dvar": 6.40900373459,
        "dvar2": 17.3766059875,
        "max": 23.5900554657,
        "mean": 10.5421600342,
        "median": 9.95085334778,
        "min": 4.46686935425,
        "var": 11.8543262482
    },
    "melbands_flatness_db": {
        "dmean": 0.0201931130141,
        "dmean2": 0.0294214393944,
        "dvar": 0.000328654597979,
        "dvar2": 0.000712396926247,
        "max": 0.317086398602,
        "mean": 0.179229676723,
        "median": 0.17893666029,
        "min": 0.0840402469039,
        "var": 0.00133564241696
    },
    "melbands_kurtosis": {
        "dmean": 2.12842392921,
        "dmean2": 3.45050048828,
        "dvar": 13.9357118607,
        "dvar2": 34.9887046814,
        "max": 79.5943069458,
        "mean": 3.79865479469,
        "median": 2.84676933289,
        "min": -1.04262387753,
        "var": 17.5162391663
    },
    "melbands_skewness": {
        "dmean": 0.412450641394,
        "dmean2": 0.654415905476,
        "dvar": 0.220919698477,
        "dvar2": 0.552704274654,
        "max": 7.58087778091,
        "mean": 1.70625162125,
        "median": 1.61518609524,
        "min": 0.332013845444,
        "var": 0.42245772481
    },
    "melbands_spread": {
        "dmean": 5.11787366867,
        "dmean2": 8.05455589294,
        "dvar": 25.4009227753,
        "dvar2": 59.962890625,
        "max": 67.7524490356,
        "mean": 29.8337631226,
        "median": 29.0058135986,
        "min": 4.77585887909,
        "var": 93.3308105469
    },
    "pitch_salience": {
        "dmean": 0.0552475638688,
        "dmean2": 0.0904799699783,
        "dvar": 0.00283755082637,
        "dvar2": 0.0080499490723,
        "max": 0.765017926693,
        "mean": 0.554283380508,
        "median": 0.553979158401,
        "min": 0.254177898169,
        "var": 0.00507093034685
    },
    "silence_rate_20dB": {
        "dmean": 0,
        "dmean2": 0,
        "dvar": 0,
        "dvar2": 0,
        "max": 1,
        "mean": 1,
        "median": 1,
        "min": 1,
        "var": 0
    },
    "silence_rate_30dB": {
        "dmean": 0,
        "dmean2": 0,
        "dvar": 0,
        "dvar2": 0,
        "max": 1,
        "mean": 1,
        "median": 1,
        "min": 1,
        "var": 0
    },
    "silence_rate_60dB": {
        "dmean": 0,
        "dmean2": 0,
        "dvar": 0,
        "dvar2": 0,
        "max": 0,
        "mean": 0,
        "median": 0,
        "min": 0,
        "var": 0
    },
    "spectral_centroid": {
        "dmean": 178.11920166,
        "dmean2": 274.689910889,
        "dvar": 26627.5507812,
        "dvar2": 60216.3164062,
        "max": 2638.68457031,
        "mean": 1607.86340332,
        "median": 1633.94104004,
        "min": 606.029541016,
        "var": 129406.875
    },
    "spectral_complexity": {
        "dmean": 3.49071216583,
        "dmean2": 5.54996109009,
        "dvar": 9.80576896667,
        "dvar2": 21.9267597198,
        "max": 48,
        "mean": 29.2869300842,
        "median": 29,
        "min": 14,
        "var": 27.8689727783
    },
    "spectral_decrease": {
        "dmean": 1.58999036159e-09,
        "dmean2": 2.6098152528e-09,
        "dvar": 2.42531651027e-18,
        "dvar2": 6.14099796658e-18,
        "max": -3.0090452352e-09,
        "mean": -9.78832304099e-09,
        "median": -9.49837719588e-09,
        "min": -1.9522236272e-08,
        "var": 4.08999164364e-18
    },
    "spectral_energy": {
        "dmean": 0.00615957938135,
        "dmean2": 0.0100694866851,
        "dvar": 3.44410618709e-05,
        "dvar2": 8.76283083926e-05,
        "max": 0.0757565647364,
        "mean": 0.0399186648428,
        "median": 0.0388892926276,
        "min": 0.0124662481248,
        "var": 5.97088946961e-05
    },
    "spectral_energyband_high": {
        "dmean": 0.00033241926576,
        "dmean2": 0.000466588302515,
        "dvar": 1.95014962401e-07,
        "dvar2": 3.85910880141e-07,
        "max": 0.00732095958665,
        "mean": 0.000788961828221,
        "median": 0.00051707867533,
        "min": 4.20784454036e-05,
        "var": 6.08440245742e-07
    },
    "spectral_energyband_low": {
        "dmean": 0.00518276775256,
        "dmean2": 0.00864836573601,
        "dvar": 4.47672791779e-05,
        "dvar2": 0.000110869979835,
        "max": 0.0586698427796,
        "mean": 0.0113274296746,
        "median": 0.00941966287792,
        "min": 0.00114695238881,
        "var": 5.95297060499e-05
    },
    "spectral_energyband_middle_high": {
        "dmean": 0.00255027762614,
        "dmean2": 0.00386163522489,
        "dvar": 5.78749404667e-06,
        "dvar2": 1.26297009047e-05,
        "max": 0.0357302427292,
        "mean": 0.0129133593291,
        "median": 0.0124684553593,
        "min": 0.0018444651505,
        "var": 2.10196485568e-05
    },
    "spectral_energyband_middle_low": {
        "dmean": 0.00398046523333,
        "dmean2": 0.00657664285973,
        "dvar": 1.82394342119e-05,
        "dvar2": 4.87886136398e-05,
        "max": 0.0461252965033,
        "mean": 0.0164628326893,
        "median": 0.015445034951,
        "min": 0.00304553308524,
        "var": 4.08230625908e-05
    },
    "spectral_entropy": {
        "dmean": 0.122659817338,
        "dmean2": 0.17103984952,
        "dvar": 0.0131807131693,
        "dvar2": 0.0239633154124,
        "max": 8.11601448059,
        "mean": 7.50773906708,
        "median": 7.48471164703,
        "min": 6.8776049614,
        "var": 0.0489905066788
    },
    "spectral_flux": {
        "dmean": 0.02050088346,
        "dmean2": 0.0318673290312,
        "dvar": 0.000373722868972,
        "dvar2": 0.000789624114987,
        "max": 0.221706241369,
        "mean": 0.0939324423671,
        "median": 0.0881608501077,
        "min": 0.0371058657765,
        "var": 0.000819199311081
    },
    "spectral_kurtosis": {
        "dmean": 2.03370785713,
        "dmean2": 3.58387517929,
        "dvar": 3.53475451469,
        "dvar2": 10.7747850418,
        "max": 14.039932251,
        "mean": 4.05821800232,
        "median": 3.82662820816,
        "min": -0.727813243866,
        "var": 4.98461008072
    },
    "spectral_rms": {
        "dmean": 0.000475734763313,
        "dmean2": 0.000776235596277,
        "dvar": 1.90027108715e-07,
        "dvar2": 4.8494331395e-07,
        "max": 0.00859702564776,
        "mean": 0.00621249480173,
        "median": 0.00615960825235,
        "min": 0.0034874335397,
        "var": 3.49993740656e-07
    },
    "spectral_rolloff": {
        "dmean": 339.697540283,
        "dmean2": 557.194641113,
        "dvar": 170319.578125,
        "dvar2": 367623.90625,
        "max": 4672.70507812,
        "mean": 1628.40991211,
        "median": 1658.05664062,
        "min": 150.732421875,
        "var": 439393.375
    },
    "spectral_skewness": {
        "dmean": 0.237487509847,
        "dmean2": 0.399016827345,
        "dvar": 0.0402342788875,
        "dvar2": 0.116229645908,
        "max": 2.21409916878,
        "mean": 1.19366395473,
        "median": 1.1937006712,
        "min": 0.181077748537,
        "var": 0.0863119959831
    },
    "spectral_spread": {
        "dmean": 416138.90625,
        "dmean2": 596933.625,
        "dvar": 186805649408,
        "dvar2": 380208316416,
        "max": 5865611,
        "mean": 3240961.75,
        "median": 3039793,
        "min": 1918938.125,
        "var": 588277022720
    },
    "spectral_strongpeak": {
        "dmean": 0.797798275948,
        "dmean2": 1.39607608318,
        "dvar": 1.37428545952,
        "dvar2": 3.22048521042,
        "max": 8.55781269073,
        "mean": 1.20152425766,
        "median": 0.551959037781,
        "min": 0.0715756192803,
        "var": 1.84367370605
    },
    "zerocrossingrate": {
        "dmean": 0.00673427525908,
        "dmean2": 0.00820168759674,
        "dvar": 3.22999694617e-05,
        "dvar2": 4.60718292743e-05,
        "max": 0.1083984375,
        "mean": 0.0556893646717,
        "median": 0.05517578125,
        "min": 0.01904296875,
        "var": 0.000204533484066
    },
    "barkbands": {
        "dmean": [0.000244143244345, 0.00362695660442, 0.00243125134148, 0.00147679785732, 0.00138719158713, 0.00155687297229, 0.00124132772908, 0.000895263510756, 0.000688793719746, 0.0018972044345, 0.000343468651408, 0.000366494001355, 0.000178100002813, 0.000769363949075, 0.00034906383371, 0.000296504993457, 0.000420313590439, 0.000491113343742, 0.000288727576844, 0.000185323486221, 0.000119877928228, 8.72729724506e-05, 4.82180912513e-05, 2.63336678472e-05, 1.60579093063e-05, 1.21401080833e-05, 7.03888769493e-09],
        "dmean2": [0.000402521109208, 0.00615696469322, 0.00423587113619, 0.00263185217045, 0.00225661043078, 0.00246599246748, 0.00194839097094, 0.00139094609767, 0.00107929576188, 0.0028154370375, 0.000523348047864, 0.000597217527684, 0.000279488565866, 0.00122164993081, 0.000559204665478, 0.000474437052617, 0.000687112973537, 0.000789239536971, 0.000474274449516, 0.000287376024062, 0.00018366673612, 0.000121466910059, 7.20101961633e-05, 3.69372246496e-05, 2.30931636906e-05, 1.90132977878e-05, 1.29335315791e-08],
        "dvar": [1.48154271074e-07, 3.67567809008e-05, 9.61007754086e-06, 6.33016225038e-06, 2.9193397495e-06, 4.48589480584e-06, 3.83826863981e-06, 1.49886420786e-06, 6.31183127098e-07, 4.47301999884e-06, 2.58042604173e-07, 3.18733754057e-07, 1.16618011248e-07, 1.38126017646e-06, 4.21934487349e-07, 2.8940647212e-07, 2.20647677907e-07, 5.54589178137e-07, 8.75715144844e-08, 4.66283083256e-08, 3.41694885719e-08, 2.15923314784e-08, 7.59809548612e-09, 1.94058635827e-09, 9.84200942966e-10, 8.3520845795e-10, 2.51160065468e-16],
        "dvar2": [3.3603575389e-07, 0.000101282348623, 2.72327833954e-05, 1.83058127732e-05, 7.63816660765e-06, 1.06553143269e-05, 9.72738962446e-06, 3.47557670466e-06, 1.54655958795e-06, 9.52845766733e-06, 5.38856284038e-07, 7.47061733364e-07, 2.45946239374e-07, 3.45657349499e-06, 9.80812274065e-07, 6.06944183801e-07, 5.61538115562e-07, 1.31578246965e-06, 2.21156923885e-07, 1.08835692458e-07, 7.60544054401e-08, 3.5952091082e-08, 1.66676024094e-08, 3.73169850576e-09, 1.85933901609e-09, 1.71801139981e-09, 6.94205863076e-16],
        "max": [0.00499166594818, 0.0541739165783, 0.0281605478376, 0.0256494432688, 0.0253588035703, 0.0348656997085, 0.0275111515075, 0.0191473402083, 0.0110514154658, 0.0274136215448, 0.00887561310083, 0.00883222557604, 0.00752172712237, 0.0171382501721, 0.0109492298216, 0.00806235335767, 0.00541211897507, 0.0103011094034, 0.00327469198965, 0.00328495819122, 0.00351572246291, 0.00265435641631, 0.00109231728129, 0.000534460647032, 0.000331962306518, 0.000402815145208, 1.36118387672e-07],
        "mean": [0.000299365696264, 0.00565807707608, 0.00432508578524, 0.00195034709759, 0.00312425429001, 0.00362133560702, 0.00293920072727, 0.00218713935465, 0.00162580970209, 0.00496844155714, 0.000801470247097, 0.000794296036474, 0.000354497838998, 0.00177741469815, 0.000756932247896, 0.000611327122897, 0.000990081112832, 0.00124901055824, 0.000791118131019, 0.000554543978069, 0.000240226727328, 0.000148251187056, 7.49445898691e-05, 4.22012599302e-05, 2.15822565224e-05, 1.17223526104e-05, 4.93180030148e-09],
        "median": [0.000139460258652, 0.00380144501105, 0.00325851817615, 0.00128066935576, 0.00228305673227, 0.00236877286807, 0.00173232483212, 0.00123345293105, 0.001137471525, 0.0043684518896, 0.00048127915943, 0.000490171951242, 0.000247744988883, 0.00100218749139, 0.000394043658162, 0.000389139400795, 0.000750954088289, 0.000798445718829, 0.000624494743533, 0.000410642940551, 0.00014158707927, 7.18894734746e-05, 2.48867399932e-05, 1.45627636812e-05, 5.42177394891e-06, 4.61771861637e-07, 1.17387044529e-09],
        "min": [7.30784847747e-07, 0.000104260783701, 8.986411558e-05, 1.82643489097e-05, 5.92822761973e-05, 5.74072109885e-05, 0.000105513710878, 3.42708663084e-05, 5.4681149777e-05, 0.000186115823453, 2.9493276088e-05, 3.30016191583e-05, 2.83762328763e-05, 5.70297888771e-05, 3.24996617564e-05, 3.9853493945e-05, 5.68926079723e-05, 4.4896187319e-05, 7.22386321286e-05, 3.83759361284e-05, 1.40575339174e-05, 5.74258729102e-06, 5.82640382163e-07, 5.28722665649e-08, 5.73425898778e-12, 4.9755633641e-12, 7.73956853467e-12],
        "var": [2.21288331659e-07, 3.80325327569e-05, 1.38898240039e-05, 5.7086290326e-06, 8.41800283524e-06, 1.34579076985e-05, 9.68619951891e-06, 7.72493513068e-06, 2.22941230277e-06, 1.29635045596e-05, 8.46151579026e-07, 8.26854659408e-07, 2.11884724877e-07, 4.29885585618e-06, 1.0846162013e-06, 6.78816604704e-07, 6.2782629584e-07, 1.65203857705e-06, 2.8719631473e-07, 2.06029710625e-07, 8.67428155971e-08, 4.97381691389e-08, 1.50203671723e-08, 4.74401895545e-09, 1.85717974333e-09, 1.12780718098e-09, 1.70403864867e-16]
    },
    "erbbands": {
        "dmean": [0.0921136513352, 0.881812870502, 2.56722617149, 3.68765449524, 4.35227584839, 5.13503360748, 10.2178182602, 11.5370006561, 18.9942760468, 16.6679134369, 16.1669635773, 13.0159807205, 47.4673423767, 27.2147884369, 13.3667383194, 15.1990118027, 8.12074565887, 20.9536323547, 32.2101593018, 18.0004310608, 12.4308156967, 25.2793674469, 27.7629699707, 16.6615219116, 11.2924613953, 7.91420602798, 6.12707853317, 3.81099772453, 3.38342738152, 2.1756875515, 1.35387313366, 0.738453745842, 0.339716374874, 0.202538758516, 0.101478330791, 0.061562333256, 0.0233463551849, 0.00121713138651, 2.74281846941e-05, 7.67344226915e-06],
        "dmean2": [0.156659379601, 1.49319624901, 4.41366195679, 6.51142311096, 7.32145929337, 8.44875621796, 16.0522251129, 18.8985729218, 29.949300766, 25.661857605, 25.5905857086, 20.5785179138, 70.5166473389, 40.8220977783, 20.5036411285, 24.7371482849, 12.741271019, 32.8852424622, 51.3080711365, 28.4110336304, 19.9761791229, 41.5518875122, 43.5469551086, 27.2606143951, 18.1457862854, 12.1218547821, 9.75244903564, 5.6288766861, 4.65692949295, 3.11996865273, 2.00257301331, 1.07323753834, 0.473845988512, 0.2930162251, 0.15388199687, 0.0961011424661, 0.0369748882949, 0.00195465632714, 4.28048915637e-05, 1.22309766084e-05],
        "dvar": [0.0263863857836, 2.10244774818, 10.5938720703, 28.7202129364, 37.7930145264, 56.0322494507, 266.094268799, 221.650512695, 1083.54907227, 599.923950195, 399.526519775, 201.986343384, 2775.77978516, 950.460693359, 501.728729248, 494.226776123, 148.112319946, 732.903076172, 2927.03393555, 1526.51513672, 370.967407227, 764.947875977, 1885.88684082, 382.29196167, 125.343673706, 95.2923431396, 79.1756439209, 38.9518852234, 29.9822731018, 17.4761276245, 5.35520172119, 1.68140125275, 0.319319397211, 0.165800780058, 0.0402382686734, 0.0203232355416, 0.00319121265784, 7.10640506441e-06, 3.06932923522e-09, 4.67643354596e-11],
        "dvar2": [0.0707183033228, 5.78220939636, 29.163980484, 82.9262771606, 105.866615295, 138.253341675, 624.26953125, 566.706298828, 2844.24462891, 1349.66833496, 993.718994141, 522.923461914, 5915.85107422, 2108.73925781, 989.100585938, 1147.55761719, 353.543823242, 1757.06152344, 7285.375, 3482.79516602, 794.290161133, 1987.0838623, 4571.51025391, 921.574645996, 309.383605957, 220.992080688, 198.743484497, 77.1807327271, 49.137928009, 35.933631897, 11.3271694183, 3.63223958015, 0.564755678177, 0.333655446768, 0.0746131613851, 0.0394076146185, 0.00713067688048, 1.54544104589e-05, 6.61476429187e-09, 1.13944527425e-10],
        "max": [1.36815106869, 12.5776548386, 29.7657661438, 47.3140830994, 66.3809814453, 129.109985352, 311.748565674, 167.835021973, 532.927429199, 368.658813477, 445.230316162, 191.167221069, 685.997802734, 456.995697021, 385.205810547, 369.141937256, 257.228973389, 491.703979492, 743.681884766, 725.650024414, 431.891143799, 350.393005371, 709.89630127, 213.157424927, 176.02746582, 193.572296143, 119.570762634, 143.100601196, 90.7796630859, 68.8583602905, 26.4289550781, 16.3971729279, 5.87471342087, 4.55198526382, 1.9806047678, 2.1344602108, 0.782001614571, 0.0321678072214, 0.000745154393371, 8.97323116078e-05],
        "mean": [0.135895207524, 1.39155483246, 4.78855276108, 6.08287906647, 8.07596111298, 10.8402957916, 24.3519363403, 26.3555107117, 45.4292259216, 44.760307312, 41.4930839539, 33.6099319458, 124.057899475, 76.5019989014, 33.5954971313, 35.9045944214, 19.9788284302, 55.9146194458, 73.2292098999, 43.4574737549, 33.464302063, 63.0529289246, 73.3870239258, 46.2364959717, 34.22133255, 24.3040008545, 14.1624746323, 7.6873588562, 5.74820804596, 3.2561109066, 2.14328169823, 1.10046136379, 0.559978783131, 0.291339457035, 0.126367583871, 0.0641884282231, 0.0214804131538, 0.00108715530951, 4.7142359108e-05, 4.95311032864e-05],
        "median": [0.0789007097483, 0.944342672825, 3.64635777473, 4.30329656601, 5.70645809174, 6.86130428314, 13.3562583923, 19.6068992615, 23.8990020752, 24.9699821472, 28.894317627, 25.4840126038, 103.357383728, 65.6156234741, 19.2715816498, 22.0485706329, 15.1966342926, 27.2779502869, 51.5908164978, 24.1170654297, 24.2981147766, 50.7165756226, 47.4042167664, 34.4522819519, 30.2281589508, 17.6374645233, 9.59087944031, 4.54866838455, 2.74705672264, 1.27061235905, 0.718001782894, 0.347450196743, 0.206901162863, 0.0957782119513, 0.0207763556391, 0.00324832485057, 0.000917578465305, 6.46807820885e-05, 2.60782890109e-05, 4.82293689856e-05],
        "min": [0.00356909725815, 0.0614962764084, 0.094790622592, 0.179668411613, 0.179264456034, 0.566922664642, 0.84127420187, 1.09376347065, 2.01876831055, 1.27601921558, 1.61497163773, 2.2899479866, 6.31684875488, 5.95629167557, 2.23317360878, 2.33885264397, 1.8089145422, 2.97950839996, 6.13529396057, 3.01747012138, 3.36700582504, 4.74976158142, 4.5443406105, 4.19371604919, 3.52807784081, 2.31545042992, 0.902802705765, 0.27965131402, 0.210038840771, 0.0532809048891, 0.0151327094063, 0.00440789572895, 0.000840314896777, 0.000170895509655, 3.50234477082e-05, 2.12122831726e-05, 1.24316647998e-05, 3.10186874231e-06, 1.21362500067e-05, 1.73084881681e-05],
        "var": [0.0297627039254, 2.11368775368, 14.5678024292, 33.2567024231, 63.9273071289, 140.236907959, 867.753295898, 519.448547363, 2651.59570312, 3122.14013672, 1422.78601074, 712.038818359, 9004.41894531, 2644.61572266, 1810.32971191, 1705.05126953, 347.945465088, 5201.52148438, 6298.68359375, 4083.0703125, 1015.74768066, 2069.77270508, 5579.79248047, 1219.99645996, 441.800354004, 394.729278564, 187.007537842, 98.0615844727, 74.2900009155, 30.267250061, 12.021024704, 3.56263208389, 0.794641196728, 0.308736592531, 0.0700001940131, 0.0297510158271, 0.00387657689862, 8.52680113894e-06, 3.92799215376e-09, 9.2182247946e-11]
    },
    "gfcc": {
        "mean": [35.4525947571, 132.360046387, -155.089294434, 46.1081924438, -56.9782676697, 1.67251503468, -24.3715114594, 9.68375682831, -13.8190479279, -7.17987012863, -8.21586799622, -7.51620292664, -2.01871109009],
        "cov": [[820.970947266, -875.203735352, 422.973449707, -74.839302063, -155.313690186, 228.361572266, -265.775970459, 174.268920898, -232.346282959, 232.889465332, -217.438247681, 195.523223877, -174.873214722], [-875.203735352, 1061.08044434, -501.714782715, 82.2364807129, 179.516113281, -261.7784729, 310.135894775, -221.216323853, 258.143829346, -269.673278809, 266.069213867, -245.719192505, 201.244400024], [422.973449707, -501.714782715, 440.226348877, -59.7001991272, -87.4372634888, 135.680480957, -162.458557129, 135.10585022, -144.799942017, 152.264465332, -163.111709595, 162.526092529, -105.173675537], [-74.839302063, 82.2364807129, -59.7001991272, 123.079040527, -13.8361215591, -0.621226787567, 16.5977745056, -42.1178665161, 44.3466682434, -58.3048820496, 53.649974823, -45.0673217773, 49.5554466248], [-155.313690186, 179.516113281, -87.4372634888, -13.8361215591, 165.244857788, -60.277973175, 78.2850112915, -10.2462348938, 34.2621040344, -13.9883670807, 22.8190765381, -2.48636770248, 2.23208808899], [228.361572266, -261.7784729, 135.680480957, -0.621226787567, -60.277973175, 169.123977661, -75.8479690552, 63.9231681824, -70.4767913818, 57.4020767212, -31.8698806763, 23.578546524, -20.7352027893], [-265.775970459, 310.135894775, -162.458557129, 16.5977745056, 78.2850112915, -75.8479690552, 171.280410767, -63.6521606445, 73.6380157471, -68.4461135864, 67.8338241577, -59.2217140198, 34.9782714844], [174.268920898, -221.216323853, 135.10585022, -42.1178665161, -10.2462348938, 63.9231681824, -63.6521606445, 138.383132935, -39.0459365845, 68.9011611938, -46.1165542603, 68.914642334, -19.4057674408], [-232.346282959, 258.143829346, -144.799942017, 44.3466682434, 34.2621040344, -70.4767913818, 73.6380157471, -39.0459365845, 136.701904297, -62.6425895691, 72.3141860962, -56.9221534729, 64.9438323975], [232.889465332, -269.673278809, 152.264465332, -58.3048820496, -13.9883670807, 57.4020767212, -68.4461135864, 68.9011611938, -62.6425895691, 139.769790649, -63.6135063171, 76.4860687256, -69.3251342773], [-217.438247681, 266.069213867, -163.111709595, 53.649974823, 22.8190765381, -31.8698806763, 67.8338241577, -46.1165542603, 72.3141860962, -63.6135063171, 152.307357788, -75.2124786377, 91.4886016846], [195.523223877, -245.719192505, 162.526092529, -45.0673217773, -2.48636770248, 23.578546524, -59.2217140198, 68.914642334, -56.9221534729, 76.4860687256, -75.2124786377, 151.022460938, -47.7255058289], [-174.873214722, 201.244400024, -105.173675537, 49.5554466248, 2.23208808899, -20.7352027893, 34.9782714844, -19.4057674408, 64.9438323975, -69.3251342773, 91.4886016846, -47.7255058289, 127.58291626]],
        "icov": [[0.0117818098515, 0.00540508981794, 0.00152777472977, -0.00161077594385, 0.00214474857785, -0.00273520476185, 0.00268986844458, -0.000726600876078, 0.00391161069274, -0.00398784084246, 0.0015018164413, -0.00177285447717, 0.002280021552], [0.00540508981794, 0.0228206031024, -0.00821116287261, 0.0108909588307, -0.00974296405911, 0.0100179994479, -0.00856511853635, 0.0106932092458, -0.00860395375639, 0.0127719985321, -0.0134215708822, 0.0133746154606, -0.00786639004946], [0.00152777472977, -0.00821116287261, 0.0125805530697, -0.00701973726973, 0.00684092193842, -0.00714423786849, 0.00546571379527, -0.00720219686627, 0.00719721382484, -0.00954852439463, 0.0103626754135, -0.0102978823707, 0.00413353880867], [-0.00161077594385, 0.0108909588307, -0.00701973726973, 0.0199602302164, -0.0062871389091, 0.00418595550582, -0.00429184408858, 0.00983305368572, -0.0100503442809, 0.0131643274799, -0.0110272951424, 0.00851367413998, -0.0061024511233], [0.00214474857785, -0.00974296405911, 0.00684092193842, -0.0062871389091, 0.0151689834893, -0.00476244511083, 0.00190100108739, -0.00796932261437, 0.0065160007216, -0.00948968343437, 0.00771549437195, -0.00946958269924, 0.00606822269037], [-0.00273520476185, 0.0100179994479, -0.00714423786849, 0.00418595550582, -0.00476244511083, 0.0182721316814, -0.00572593510151, 0.00257271598093, -0.00228309305385, 0.00665856758133, -0.0093286531046, 0.0115731041878, -0.00625327508897], [0.00268986844458, -0.00856511853635, 0.00546571379527, -0.00429184408858, 0.00190100108739, -0.00572593510151, 0.0172630883753, -0.003430953715, 0.00320343766361, -0.00541459582746, 0.00485633313656, -0.00689271558076, 0.0065177064389], [-0.000726600876078, 0.0106932092458, -0.00720219686627, 0.00983305368572, -0.00796932261437, 0.00257271598093, -0.003430953715, 0.0201272070408, -0.00849440973252, 0.00623207772151, -0.00744727859274, 0.00536575494334, -0.00800204370171], [0.00391161069274, -0.00860395375639, 0.00719721382484, -0.0100503442809, 0.0065160007216, -0.00228309305385, 0.00320343766361, -0.00849440973252, 0.0220394935459, -0.0101765254512, 0.00758951343596, -0.00649943016469, 0.0014923902927], [-0.00398784084246, 0.0127719985321, -0.00954852439463, 0.0131643274799, -0.00948968343437, 0.00665856758133, -0.00541459582746, 0.00623207772151, -0.0101765254512, 0.02912616916, -0.0144820977002, 0.00801990553737, -0.000524506496731], [0.0015018164413, -0.0134215708822, 0.0103626754135, -0.0110272951424, 0.00771549437195, -0.0093286531046, 0.00485633313656, -0.00744727859274, 0.00758951343596, -0.0144820977002, 0.0273803547025, -0.00830828398466, -0.00253502489068], [-0.00177285447717, 0.0133746154606, -0.0102978823707, 0.00851367413998, -0.00946958269924, 0.0115731041878, -0.00689271558076, 0.00536575494334, -0.00649943016469, 0.00801990553737, -0.00830828398466, 0.0240218285471, -0.00796016212553], [0.002280021552, -0.00786639004946, 0.00413353880867, -0.0061024511233, 0.00606822269037, -0.00625327508897, 0.0065177064389, -0.00800204370171, 0.0014923902927, -0.000524506496731, -0.00253502489068, -0.00796016212553, 0.0228180959821]]
    },
    "melbands": {
        "dmean": [0.000910731498152, 0.00121751311235, 0.000635313859675, 0.000328581780195, 0.000307399081066, 0.000280692533124, 0.000267088063993, 0.000193156767637, 0.000146694030263, 7.78437606641e-05, 0.000260325556155, 0.000146694350406, 4.14859969169e-05, 3.56001582986e-05, 4.2349605792e-05, 1.2779152712e-05, 4.93638617627e-05, 6.86642306391e-05, 2.58565905824e-05, 2.68652256636e-05, 1.49233255797e-05, 2.92990389426e-05, 2.49917411566e-05, 2.46113922913e-05, 1.44463829201e-05, 1.11304889288e-05, 7.93869730842e-06, 5.75029935135e-06, 4.41137763119e-06, 3.38405038747e-06, 2.04867887987e-06, 2.02887099476e-06, 1.66574398008e-06, 1.11785675472e-06, 9.17181466775e-07, 5.11048824592e-07, 4.59107837969e-07, 2.45889452799e-07, 2.33471922684e-07, 1.64597679486e-07],
        "dmean2": [0.0015438637929, 0.00204546959139, 0.00111704703886, 0.000549735559616, 0.000482332659885, 0.0004549366422, 0.000419131451054, 0.000296009646263, 0.000229952041991, 0.000123088539112, 0.000386661384255, 0.000218579050852, 6.37463235762e-05, 5.74608384341e-05, 6.64790786686e-05, 2.05748856388e-05, 7.72108542151e-05, 0.000108145010017, 4.01745273848e-05, 4.23510173277e-05, 2.45519895543e-05, 4.86862081743e-05, 3.97314943257e-05, 3.8878966734e-05, 2.42769401666e-05, 1.80094302777e-05, 1.24806256281e-05, 8.79156232259e-06, 7.14190809958e-06, 5.34976788913e-06, 3.07604295813e-06, 2.8708930131e-06, 2.4008429591e-06, 1.68147118984e-06, 1.39820008371e-06, 7.87151066106e-07, 6.77017339967e-07, 3.58405884526e-07, 3.26162847841e-07, 2.50244710287e-07],
        "dvar": [2.49046047429e-06, 2.35447964769e-06, 8.80108188994e-07, 1.92149002487e-07, 2.03607243066e-07, 1.29230485868e-07, 1.96004279474e-07, 7.68495311831e-08, 3.28393916504e-08, 7.47554551594e-09, 8.27480519661e-08, 2.92658643986e-08, 4.5771257895e-09, 2.89295942757e-09, 3.51985995906e-09, 3.82830739332e-10, 4.20190859884e-09, 1.43705243261e-08, 2.25542162724e-09, 2.70425748461e-09, 6.25729412729e-10, 1.16146481322e-09, 1.31787869506e-09, 1.96911176253e-09, 2.9150351577e-10, 1.24875151886e-10, 8.14870948496e-11, 5.72022915146e-11, 3.87118531675e-11, 3.37660489846e-11, 1.28175525749e-11, 1.05845835568e-11, 9.79255565525e-12, 5.03810274749e-12, 2.35657804035e-12, 8.76993085357e-13, 6.91300640863e-13, 1.59442920564e-13, 1.74561415127e-13, 1.24117296302e-13],
        "dvar2": [6.78035667079e-06, 6.28234511169e-06, 2.55973964158e-06, 5.23465587321e-07, 4.79781590457e-07, 3.30372557755e-07, 5.08124458065e-07, 1.75320309381e-07, 8.19393335405e-08, 1.89663751371e-08, 1.76583426992e-07, 6.30698906434e-08, 9.34696409161e-09, 6.84194567668e-09, 8.07859734664e-09, 9.23931264829e-10, 1.00751149645e-08, 3.60272380817e-08, 5.0722595013e-09, 5.36339417323e-09, 1.452255316e-09, 3.03608027608e-09, 2.86852896991e-09, 4.65594895971e-09, 7.09728109616e-10, 3.14363007847e-10, 1.86167706251e-10, 1.34209809932e-10, 9.98568658317e-11, 8.19277007347e-11, 2.54033426239e-11, 1.86355895992e-11, 1.85757416393e-11, 1.15584798677e-11, 5.08401133692e-12, 2.07201833816e-12, 1.51749890865e-12, 3.13187681084e-13, 3.15414578136e-13, 2.85728878708e-13],
        "max": [0.0143834725022, 0.0151864970103, 0.00930677819997, 0.00701862201095, 0.00805317144841, 0.00390293030068, 0.00678891735151, 0.00443039275706, 0.0037745477166, 0.00124192622025, 0.00344627466984, 0.00241611129604, 0.00135895458516, 0.000779448775575, 0.00135178328492, 0.000348263944034, 0.001118275919, 0.00170117651578, 0.000765127537306, 0.000836386985611, 0.000668486871291, 0.000461229559733, 0.00056903884979, 0.000515086518135, 0.000190670587472, 0.000151253334479, 0.000157717222464, 0.000174122265889, 8.27962794574e-05, 9.07749563339e-05, 8.49209318403e-05, 5.7108780311e-05, 5.26389703737e-05, 3.21895931847e-05, 1.73894550244e-05, 9.73654005065e-06, 1.03701777334e-05, 4.21880713475e-06, 4.32804517914e-06, 3.90286368201e-06],
        "mean": [0.00141948566306, 0.00232534273528, 0.00112535082735, 0.000681301753502, 0.000768070109189, 0.000669158413075, 0.000629869406112, 0.000497193657793, 0.00035881207441, 0.000191861501662, 0.000677381874993, 0.000389856635593, 9.81856646831e-05, 8.54054451338e-05, 9.10639428184e-05, 2.55085960816e-05, 0.000124273967231, 0.000142248318298, 5.66414237255e-05, 5.52042656636e-05, 3.42129278579e-05, 6.45535474177e-05, 6.69209039188e-05, 5.67730894545e-05, 3.53432733391e-05, 2.85577443719e-05, 2.12421764445e-05, 1.51117046698e-05, 9.85297447187e-06, 6.05736022408e-06, 3.84011400456e-06, 3.43066471942e-06, 2.44042053055e-06, 1.55160614668e-06, 1.40519239267e-06, 7.48866455069e-07, 6.39012000647e-07, 3.73638044948e-07, 3.57286893404e-07, 2.06212590115e-07],
        "median": [0.000899253296666, 0.00192607543431, 0.000835989427287, 0.000507879478391, 0.000451112369774, 0.000521864276379, 0.00036851526238, 0.000258379674051, 0.00024574433337, 0.000140700285556, 0.000584173307288, 0.000334717566147, 5.72141289013e-05, 4.61774761789e-05, 5.93054028286e-05, 1.86813867913e-05, 5.5931013776e-05, 9.12888281164e-05, 2.62843313976e-05, 2.96258676826e-05, 2.3862316084e-05, 4.82214272779e-05, 4.3723746785e-05, 3.41096420016e-05, 2.48134310823e-05, 2.27106174862e-05, 1.55822490342e-05, 1.06999004856e-05, 6.64337358103e-06, 3.42894577443e-06, 2.17379169953e-06, 1.73234650447e-06, 9.74616568783e-07, 5.79069592277e-07, 4.62238716636e-07, 2.55343707067e-07, 1.81573398095e-07, 1.37428727953e-07, 1.14145173313e-07, 6.07869665714e-08],
        "min": [3.59845507774e-05, 7.85124429967e-05, 3.36677803716e-05, 8.23464415589e-06, 1.81014929694e-05, 1.18730995382e-05, 1.85502321983e-05, 9.23184234125e-06, 1.47925620695e-05, 5.4515417105e-06, 2.86157155642e-05, 1.89490983757e-05, 5.272499493e-06, 5.61493925488e-06, 3.22126788888e-06, 2.75303159469e-06, 3.75936747332e-06, 8.5851379481e-06, 2.79613186649e-06, 2.07200605473e-06, 1.92823677025e-06, 3.43460396834e-06, 3.14952512781e-06, 2.41582119997e-06, 3.05947105517e-06, 2.474974508e-06, 1.45603348756e-06, 9.91289766716e-07, 5.5557069345e-07, 1.55004755698e-07, 1.50653704623e-07, 1.10745858706e-07, 4.7462886954e-08, 1.61994186954e-08, 9.83644188324e-09, 3.51029827428e-09, 3.62288421485e-10, 3.19781701119e-12, 1.85867467251e-12, 5.05765270159e-14],
