{
"highlevel": {
    "danceability": {
        "all": {
            "danceable": 0.997505486012,
            "not_danceable": 0.00249448628165
        },
        "probability": 0.997505486012,
        "value": "danceable"
    },
    "gender": {
        "all": {
            "female": 0.241196364164,
            "male": 0.758803606033
        },
        "probability": 0.758803606033,
        "value": "male"
    },
    "genre_dortmund": {
        "all": {
            "alternative": 0.112947791815,
            "blues": 0.0125570250675,
            "electronic": 0.0200369115919,
            "folkcountry": 0.15472446382,
            "funksoulrnb": 0.0308157335967,
            "jazz": 0.0381784401834,
            "pop": 0.192767977715,
            "raphiphop": 0.0093131037429,
            "rock": 0.428658545017
        },
        "probability": 0.428658545017,
        "value": "rock"
    },
    "genre_electronic": {
        "all": {
            "ambient": 0.335552096367,
            "dnb": 0.362186640501,
            "house": 0.0374975986779,
            "techno": 0.022606510669,
            "trance": 0.242157146335
        },
        "probability": 0.362186640501,
        "value": "dnb"
    },
    "genre_rosamerica": {
        "all": {
            "cla": 0.00081576249795,
            "dan": 0.00922415126115,
            "hip": 0.00167846109252,
            "jaz": 0.00208905246109,
            "pop": 0.684496283531,
            "rhy": 0.0147878881544,
            "roc": 0.286284476519,
            "spe": 0.000623909756541
        },
        "probability": 0.684496283531,
        "value": "pop"
    },
    "genre_tzanetakis": {
        "all": {
            "blu": 0.0626613423228,
            "cla": 0.0348169617355,
            "cou": 0.104475811124,
            "dis": 0.0784321576357,
            "hip": 0.15692435205,
            "jaz": 0.313974827528,
            "met": 0.0448166541755,
            "pop": 0.0627359300852,
            "reg": 0.0627360641956,
            "roc": 0.0784258767962
        },
        "probability": 0.313974827528,
        "value": "jaz"
    },
    "ismir04_rhythm": {
        "all": {
            "ChaChaCha": 0.0300126615912,
            "Jive": 0.301976889372,
            "Quickstep": 0.0482486635447,
            "Rumba-American": 0.00786301121116,
            "Rumba-International": 0.0389723144472,
            "Rumba-Misc": 0.0043040602468,
            "Samba": 0.466057240963,
            "Tango": 0.0102204540744,
            "VienneseWaltz": 0.0809388309717,
            "Waltz": 0.0114058628678
        },
        "probability": 0.466057240963,
        "value": "Samba"
    },
    "mood_acoustic": {
        "all": {
            "acoustic": 0.149159118533,
            "not_acoustic": 0.850840866566
        },
        "probability": 0.850840866566,
        "value": "not_acoustic"
    },
    "mood_aggressive": {
        "all": {
            "aggressive": 0.05382623896,
            "not_aggressive": 0.946173787117
        },
        "probability": 0.946173787117,
        "value": "not_aggressive"
    },
    "mood_electronic": {
        "all": {
            "electronic": 0.486803472042,
            "not_electronic": 0.513196527958
        },
        "probability": 0.513196527958,
        "value": "not_electronic"
    },
    "mood_happy": {
        "all": {
            "happy": 0.921701610088,
            "not_happy": 0.0782983675599
        },
        "probability": 0.921701610088,
        "value": "happy"
    },
    "mood_party": {
        "all": {
            "not_party": 0.680066823959,
            "party": 0.319933205843
        },
        "probability": 0.680066823959,
        "value": "not_party"
    },
    "mood_relaxed": {
        "all": {
            "not_relaxed": 0.921063661575,
            "relaxed": 0.0789363235235
        },
        "probability": 0.921063661575,
        "value": "not_relaxed"
    },
    "mood_sad": {
        "all": {
            "not_sad": 0.799793481827,
            "sad": 0.200206518173
        },
        "probability": 0.799793481827,
        "value": "not_sad"
    },
    "moods_mirex": {
        "all": {
            "Cluster1": 0.276009500027,
            "Cluster2": 0.330405771732,
            "Cluster3": 0.0607592947781,
            "Cluster4": 0.0732102692127,
            "Cluster5": 0.259615153074
        },
        "probability": 0.330405771732,
        "value": "Cluster2"
    },
    "timbre": {
        "all": {
            "bright": 0.958094894886,
            "dark": 0.0419050864875
        },
        "probability": 0.958094894886,
        "value": "bright"
    },
    "tonal_atonal": {
        "all": {
            "atonal": 0.0383047200739,
            "tonal": 0.961695253849
        },
        "probability": 0.961695253849,
        "value": "tonal"
    },
    "voice_instrumental": {
        "all": {
            "instrumental": 0.00812872499228,
            "voice": 0.991871297359
        },
        "probability": 0.991871297359,
        "value": "voice"
    }
},
"lowlevel": {
    "average_loudness": 0.975477099419,
    "barkbands_crest": {
        "dmean": 2.60339212418,
        "dmean2": 4.28417348862,
        "dvar": 6.0975279808,
        "dvar2": 15.9049625397,
        "max": 23.3210601807,
        "mean": 8.908659935,
        "median": 7.91810321808,
        "min": 2.73065519333,
        "var": 14.5152111053
    },
    "barkbands_flatness_db": {
        "dmean": 0.0187590271235,
        "dmean2": 0.0282015074044,
        "dvar": 0.000237372907577,
        "dvar2": 0.00053100445075,
        "max": 0.305667877197,
        "mean": 0.115711212158,
        "median": 0.109641417861,
        "min": 0.0432357341051,
        "var": 0.00169374013785
    },
    "barkbands_kurtosis": {
        "dmean": 1.32026124001,
        "dmean2": 2.06194281578,
        "dvar": 2.04621577263,
        "dvar2": 4.42574930191,
        "max": 19.293800354,
        "mean": 1.73522162437,
        "median": 1.13045930862,
        "min": -1.81192088127,
        "var": 6.18131494522
    },
    "barkbands_skewness": {
        "dmean": 0.391398429871,
        "dmean2": 0.603288829327,
        "dvar": 0.119325444102,
        "dvar2": 0.263700604439,
        "max": 3.77673816681,
        "mean": 1.01033127308,
        "median": 1.07755565643,
        "min": -2.54782104492,
        "var": 0.706065237522
    },
    "barkbands_spread": {
        "dmean": 6.32386636734,
        "dmean2": 9.44247817993,
        "dvar": 40.7444343567,
        "dvar2": 83.6767730713,
        "max": 102.507019043,
        "mean": 26.6824817657,
        "median": 24.7315158844,
        "min": 4.27166700363,
        "var": 135.984069824
    },
    "dissonance": {
        "dmean": 0.0231728162616,
        "dmean2": 0.0391951352358,
        "dvar": 0.000441734067863,
        "dvar2": 0.0012783157872,
        "max": 0.5,
        "mean": 0.455598443747,
        "median": 0.462029397488,
        "min": 0.26753205061,
        "var": 0.000803787494078
    },
    "dynamic_complexity": 1.32110667229,
    "erbbands_crest": {
        "dmean": 2.9786772728,
        "dmean2": 4.68920469284,
        "dvar": 7.955493927,
        "dvar2": 18.4486789703,
        "max": 28.1920661926,
        "mean": 10.0459079742,
        "median": 8.71380329132,
        "min": 2.35952353477,
        "var": 26.2287197113
    },
    "erbbands_flatness_db": {
        "dmean": 0.0188268069178,
        "dmean2": 0.0272209830582,
        "dvar": 0.000286054477328,
        "dvar2": 0.000559116248041,
        "max": 0.340839773417,
        "mean": 0.143316417933,
        "median": 0.134746551514,
        "min": 0.0606487877667,
        "var": 0.00209989654832
    },
    "erbbands_kurtosis": {
        "dmean": 0.953481197357,
        "dmean2": 1.43826436996,
        "dvar": 1.4725703001,
        "dvar2": 3.22285175323,
        "max": 22.3473033905,
        "mean": 1.13260114193,
        "median": 0.237933635712,
        "min": -1.62457060814,
        "var": 8.6435880661
    },
    "erbbands_skewness": {
        "dmean": 0.366643816233,
        "dmean2": 0.553786695004,
        "dvar": 0.101729638875,
        "dvar2": 0.220354363322,
        "max": 3.93960237503,
        "mean": 0.575413227081,
        "median": 0.580668866634,
        "min": -1.9119604826,
        "var": 0.448488175869
    },
    "erbbands_spread": {
        "dmean": 8.13290119171,
        "dmean2": 12.1881341934,
        "dvar": 59.5723152161,
        "dvar2": 120.438392639,
        "max": 95.2196502686,
        "mean": 38.1494140625,
        "median": 36.7402229309,
        "min": 2.93489909172,
        "var": 304.128509521
    },
    "hfc": {
        "dmean": 11.5502710342,
        "dmean2": 16.3807258606,
        "dvar": 167.875366211,
        "dvar2": 345.954559326,
        "max": 143.061019897,
        "mean": 35.5640335083,
        "median": 31.0444984436,
        "min": 3.41545081139,
        "var": 422.306213379
    },
    "melbands_crest": {
        "dmean": 3.21055459976,
        "dmean2": 5.19717073441,
        "dvar": 8.33711624146,
        "dvar2": 21.267408371,
        "max": 26.9198093414,
        "mean": 12.0995426178,
        "median": 11.4119081497,
        "min": 4.17958211899,
        "var": 17.9864807129
    },
    "melbands_flatness_db": {
        "dmean": 0.0211739744991,
        "dmean2": 0.0321301929653,
        "dvar": 0.000311755138682,
        "dvar2": 0.000683217367623,
        "max": 0.275113642216,
        "mean": 0.155294880271,
        "median": 0.152076035738,
        "min": 0.065524302423,
        "var": 0.00147697783541
    },
    "melbands_kurtosis": {
        "dmean": 3.3312599659,
        "dmean2": 5.21069002151,
        "dvar": 16.342206955,
        "dvar2": 35.9505691528,
        "max": 48.4202651978,
        "mean": 6.5977935791,
        "median": 4.89831638336,
        "min": -1.51851654053,
        "var": 41.7002754211
    },
    "melbands_skewness": {
        "dmean": 0.547357857227,
        "dmean2": 0.83112937212,
        "dvar": 0.246114268899,
        "dvar2": 0.518770217896,
        "max": 6.02789735794,
        "mean": 1.80655014515,
        "median": 1.76834249496,
        "min": -2.29567193985,
        "var": 1.332467556
    },
    "melbands_spread": {
        "dmean": 7.01633644104,
        "dmean2": 10.9071369171,
        "dvar": 62.5642662048,
        "dvar2": 138.876602173,
        "max": 124.012046814,
        "mean": 29.019361496,
        "median": 27.1325111389,
        "min": 5.98745346069,
        "var": 166.154556274
    },
    "pitch_salience": {
        "dmean": 0.0703782215714,
        "dmean2": 0.114929057658,
        "dvar": 0.00363868265413,
        "dvar2": 0.00892683584243,
        "max": 0.814539313316,
        "mean": 0.547938108444,
        "median": 0.547278881073,
        "min": 0.265535742044,
        "var": 0.00849789567292
    },
    "silence_rate_20dB": {
        "dmean": 0,
        "dmean2": 0,
        "dvar": 0,
        "dvar2": 0,
        "max": 1,
        "mean": 1,
        "median": 1,
        "min": 1,
        "var": 0
    },
    "silence_rate_30dB": {
        "dmean": 0,
        "dmean2": 0,
        "dvar": 0,
        "dvar2": 0,
        "max": 1,
        "mean": 1,
        "median": 1,
        "min": 1,
        "var": 0
    },
    "silence_rate_60dB": {
        "dmean": 0,
        "dmean2": 0,
        "dvar": 0,
        "dvar2": 0,
        "max": 0,
        "mean": 0,
        "median": 0,
        "min": 0,
        "var": 0
    },
    "spectral_centroid": {
        "dmean": 252.233627319,
        "dmean2": 388.342163086,
        "dvar": 69355.125,
        "dvar2": 152832.28125,
        "max": 3698.45581055,
        "mean": 1446.96960449,
        "median": 1399.92053223,
        "min": 530.080322266,
        "var": 187582.125
    },
    "spectral_complexity": {
        "dmean": 4.85526323318,
        "dmean2": 7.03563117981,
        "dvar": 21.5030765533,
        "dvar2": 41.9399375916,
        "max": 51,
        "mean": 22.3650417328,
        "median": 22,
        "min": 4,
        "var": 68.5242004395
    },
    "spectral_decrease": {
        "dmean": 2.93097257575e-09,
        "dmean2": 4.47675718718e-09,
        "dvar": 1.01799058307e-17,
        "dvar2": 2.38032007697e-17,
        "max": -9.38459643329e-10,
        "mean": -8.38119440516e-09,
        "median": -7.68667618445e-09,
        "min": -2.65705164537e-08,
        "var": 1.73575513564e-17
    },
    "spectral_energy": {
        "dmean": 0.0118405483663,
        "dmean2": 0.0179202165455,
        "dvar": 0.000163840624737,
        "dvar2": 0.000382032128982,
        "max": 0.108840234578,
        "mean": 0.0348583124578,
        "median": 0.03245325014,
        "min": 0.00385176111013,
        "var": 0.000283408677205
    },
    "spectral_energyband_high": {
        "dmean": 0.000938471988775,
        "dmean2": 0.00131364504341,
        "dvar": 1.58896477842e-06,
        "dvar2": 3.0901885566e-06,
        "max": 0.0140027888119,
        "mean": 0.00197208928876,
        "median": 0.00126578751951,
        "min": 5.98266597081e-05,
        "var": 4.28245220974e-06
    },
    "spectral_energyband_low": {
        "dmean": 0.00450607994571,
        "dmean2": 0.00728980591521,
        "dvar": 5.01753820572e-05,
        "dvar2": 0.000114103677333,
        "max": 0.0658436119556,
        "mean": 0.00821863673627,
        "median": 0.00652982015163,
        "min": 5.63903158763e-05,
        "var": 7.58995302022e-05
    },
    "spectral_energyband_middle_high": {
        "dmean": 0.00283901416697,
        "dmean2": 0.00418736319989,
        "dvar": 1.01804380392e-05,
        "dvar2": 2.32243146456e-05,
        "max": 0.0435687750578,
        "mean": 0.00928917620331,
        "median": 0.00717371050268,
        "min": 0.000479917856865,
        "var": 4.68770631414e-05
    },
    "spectral_energyband_middle_low": {
        "dmean": 0.00783966947347,
        "dmean2": 0.0126298349351,
        "dvar": 9.7489610198e-05,
        "dvar2": 0.000235897692619,
        "max": 0.0818651840091,
        "mean": 0.0160029847175,
        "median": 0.012812262401,
        "min": 0.000283599307295,
        "var": 0.000144966223161
    },
    "spectral_entropy": {
        "dmean": 0.161374717951,
        "dmean2": 0.227160677314,
        "dvar": 0.0193958636373,
        "dvar2": 0.0408184081316,
        "max": 8.68761253357,
        "mean": 7.73494958878,
        "median": 7.80608463287,
        "min": 5.55594730377,
        "var": 0.196683719754
    },
    "spectral_flux": {
        "dmean": 0.0312194414437,
        "dmean2": 0.0470642447472,
        "dvar": 0.000859762134496,
        "dvar2": 0.00171482714359,
        "max": 0.288776516914,
        "mean": 0.108470402658,
        "median": 0.103774182498,
        "min": 0.00899058394134,
        "var": 0.00205573043786
    },
    "spectral_kurtosis": {
        "dmean": 0.804383814335,
        "dmean2": 1.25698101521,
        "dvar": 0.628502130508,
        "dvar2": 1.52528178692,
        "max": 15.913444519,
        "mean": 2.6992995739,
        "median": 2.49003314972,
        "min": -1.06413829327,
        "var": 2.72642993927
    },
    "spectral_rms": {
        "dmean": 0.000949397450313,
        "dmean2": 0.00139891542494,
        "dvar": 8.71599013408e-07,
        "dvar2": 1.94502081285e-06,
        "max": 0.0103046391159,
        "mean": 0.00566600356251,
        "median": 0.00562687357888,
        "min": 0.00193850859068,
        "var": 1.90445507542e-06
    },
    "spectral_rolloff": {
        "dmean": 546.046264648,
        "dmean2": 908.764221191,
        "dvar": 934832.75,
        "dvar2": 2017644.25,
        "max": 11563.3300781,
        "mean": 1704.72180176,
        "median": 1507.32421875,
        "min": 258.3984375,
        "var": 1846304.625
    },
    "spectral_skewness": {
        "dmean": 0.159767627716,
        "dmean2": 0.24205185473,
        "dvar": 0.0190422926098,
        "dvar2": 0.0397452637553,
        "max": 3.18446922302,
        "mean": 1.40212762356,
        "median": 1.40488564968,
        "min": 0.247429788113,
        "var": 0.114730425179
    },
    "spectral_spread": {
        "dmean": 583248.25,
        "dmean2": 832290.5,
        "dvar": 355832856576,
        "dvar2": 666155614208,
        "max": 13266547,
        "mean": 5754584.5,
        "median": 5695025.5,
        "min": 2551708.25,
        "var": 1.50829006848e+12
    },
    "spectral_strongpeak": {
        "dmean": 0.940220236778,
        "dmean2": 1.59852766991,
        "dvar": 1.25067639351,
        "dvar2": 2.88269281387,
        "max": 8.56808662415,
        "mean": 1.78707993031,
        "median": 1.09813976288,
        "min": 0.0522410869598,
        "var": 3.2048997879
    },
    "zerocrossingrate": {
        "dmean": 0.0116144418716,
        "dmean2": 0.0134642329067,
        "dvar": 0.000179060880328,
        "dvar2": 0.000195094471565,
        "max": 0.36474609375,
        "mean": 0.0778908655047,
        "median": 0.07275390625,
        "min": 0.02001953125,
        "var": 0.000962101854384
    },
    "barkbands": {
        "dmean": [0.000191031038412, 0.00336248474196, 0.00154403992929, 0.000902029743884, 0.00292022293434, 0.00161193194799, 0.00119230477139, 0.00263660168275, 0.00197730422951, 0.00106868578587, 0.000596547790337, 0.0008270952967, 0.000663187121972, 0.00078053586185, 0.000361014710506, 0.000328420836013, 0.000211048376514, 0.000187929254025, 0.000148727514897, 0.00018461990112, 0.000255250779446, 0.000202832088689, 0.000193612926523, 0.00017001159722, 0.000162658820045, 7.01325770933e-05, 1.55722048589e-07],
        "dmean2": [0.000266731338343, 0.00558303156868, 0.0026462872047, 0.00155993399676, 0.00501223513857, 0.00265109166503, 0.0020039647352, 0.0042697833851, 0.00314443185925, 0.00164131785277, 0.000952217029408, 0.00130707700737, 0.00102256494574, 0.00123192241881, 0.000562412140425, 0.000521977839526, 0.000340088794474, 0.000297485821648, 0.000236900188611, 0.000289811199764, 0.000383189297281, 0.000299398845527, 0.000286566326395, 0.000259424152318, 0.000238892025664, 0.000110459353891, 2.80533811292e-07],
        "dvar": [1.18122805759e-07, 3.84279665013e-05, 7.78795401857e-06, 1.75789227796e-06, 2.73242712865e-05, 5.68592622585e-06, 3.89232491216e-06, 3.24844040733e-05, 1.18038215078e-05, 4.24362769991e-06, 1.52695361066e-06, 1.84994848951e-06, 1.50953565026e-06, 1.48251535848e-06, 3.1639447684e-07, 2.36822600641e-07, 1.19864509429e-07, 9.44048608176e-08, 4.63477043411e-08, 9.39788833421e-08, 2.36794420516e-07, 7.10560144057e-08, 6.77698750451e-08, 1.04788419719e-07, 1.08192175219e-07, 1.67248508376e-08, 2.36906739885e-13],
        "dvar2": [2.01943478828e-07, 9.36990618357e-05, 2.18534132728e-05, 4.85075588585e-06, 7.41250260035e-05, 1.43057441164e-05, 9.64871378528e-06, 7.60793991503e-05, 2.68458352366e-05, 1.01958175946e-05, 3.77168248633e-06, 4.34787216363e-06, 3.61336356036e-06, 3.8086504901e-06, 7.30726185338e-07, 5.67753716041e-07, 2.8212858183e-07, 2.16320131585e-07, 1.09712615881e-07, 2.17827874849e-07, 4.38898752009e-07, 1.52523924157e-07, 1.47319312305e-07, 2.38740454961e-07, 2.10373201526e-07, 3.67480623709e-08, 6.43176104823e-13],
        "max": [0.00450701825321, 0.0623450875282, 0.0241313949227, 0.00999493524432, 0.0450586974621, 0.0253768283874, 0.0235658437014, 0.0583342425525, 0.0386438891292, 0.0299427323043, 0.0202982835472, 0.017555680126, 0.0127547392622, 0.0180933717638, 0.00591244269162, 0.00549798924476, 0.0053348117508, 0.00741245085374, 0.00375127885491, 0.00491720391437, 0.00822204817086, 0.00332434452139, 0.00273916567676, 0.00645473925397, 0.00722869485617, 0.0020502738189, 7.10743279342e-06],
        "mean": [0.000316338817356, 0.00486150942743, 0.00257320725359, 0.00106215896085, 0.00378898740746, 0.0024196440354, 0.00165614578873, 0.00319456635043, 0.00358171202242, 0.0017841955414, 0.000944042520132, 0.00159875943791, 0.0010084916139, 0.00188861752395, 0.00057545612799, 0.00055926508503, 0.00033504574094, 0.000305829220451, 0.000282150693238, 0.000306064990582, 0.000438988528913, 0.00039347569691, 0.000348008354194, 0.000286395574221, 0.000262801651843, 8.6345593445e-05, 1.03769458804e-07],
        "median": [6.18403282715e-05, 0.00298708048649, 0.00163934915327, 0.000698462827131, 0.00199652323499, 0.0014175476972, 0.000859814754222, 0.000961442652624, 0.00106319005135, 0.000734190049116, 0.000340757454978, 0.000763229501899, 0.000337891513482, 0.00056966667762, 0.000241570189246, 0.000312954711262, 0.000222444941755, 0.000198453242774, 0.000198071720661, 0.000202700262889, 0.000222736329306, 0.000243843431235, 0.000201196264243, 0.000160125535331, 0.000147083832417, 3.3910095226e-05, 2.23801488453e-09],
        "min": [3.84513114682e-08, 1.19139367598e-05, 4.22542797196e-07, 7.377882838e-08, 7.41502371966e-05, 3.37448254868e-05, 5.60187845622e-06, 2.7324358598e-06, 6.67991969294e-07, 7.5621119322e-06, 3.93034582657e-08, 2.12352351809e-05, 6.21760409558e-06, 4.81423694509e-06, 4.92218987347e-07, 7.29570547264e-06, 5.42309408047e-07, 2.02633509616e-06, 1.89997388134e-06, 5.09348467403e-07, 2.8504355214e-06, 6.72108399158e-06, 6.69478595228e-07, 2.63055471805e-06, 1.13473299734e-06, 6.31643501947e-08, 6.32466691866e-12],
        "var": [3.37132007644e-07, 4.58594913653e-05, 8.30895896797e-06, 1.60959245932e-06, 2.7095871701e-05, 8.87812075234e-06, 6.70094459565e-06, 4.46134326921e-05, 2.85027090285e-05, 8.52696666698e-06, 2.81653456113e-06, 4.72457622891e-06, 2.93106018034e-06, 8.83543361851e-06, 7.15983617283e-07, 4.79026880384e-07, 1.73196085029e-07, 1.76644860517e-07, 9.0366775396e-08, 1.42563962413e-07, 5.30888144112e-07, 1.78650239491e-07, 1.67111295468e-07, 1.89654357996e-07, 2.43871937755e-07, 3.14664418966e-08, 1.55148355101e-13]
    },
    "erbbands": {
        "dmean": [0.0961753353477, 0.805703282356, 1.87595427036, 2.15156531334, 7.76384735107, 9.86136054993, 12.0194129944, 13.9962882996, 15.4178524017, 32.0456085205, 52.3968467712, 47.1219787598, 35.4789009094, 22.8431148529, 27.5770721436, 26.0472221375, 28.0570640564, 27.8255634308, 34.0494270325, 16.6090888977, 13.9740533829, 12.1822433472, 10.8155097961, 7.49922609329, 7.65690851212, 7.88125038147, 13.1871175766, 7.06818389893, 7.39573907852, 7.23129701614, 4.84929704666, 3.8185505867, 2.72412061691, 1.91079342365, 1.1468539238, 0.398187726736, 0.116115450859, 0.0108353411779, 0.000219264169573, 2.49693730439e-05],
        "dmean2": [0.150724455714, 1.35653495789, 3.16977143288, 3.72890400887, 13.5676288605, 17.2008018494, 19.2048397064, 23.1328125, 25.5698490143, 51.166179657, 84.9586257935, 74.4911575317, 54.7908782959, 36.0078811646, 42.6660423279, 41.361492157, 43.430809021, 41.1223678589, 52.4189453125, 25.793970108, 21.9036960602, 19.5241661072, 17.0494270325, 11.6620473862, 12.1934967041, 12.3057613373, 19.5916900635, 10.8196563721, 11.0020389557, 11.0506296158, 7.20914697647, 5.75832891464, 4.28039550781, 2.81945157051, 1.71873736382, 0.625259757042, 0.183001950383, 0.0171047318727, 0.00033796520438, 3.67276770703e-05],
        "dvar": [0.0344440490007, 2.28742408752, 10.1300754547, 12.0459079742, 224.652664185, 344.36819458, 346.213897705, 431.044403076, 728.563537598, 6166.65869141, 13244.3623047, 7574.84814453, 4055.5078125, 3095.91894531, 2592.77954102, 1998.38989258, 2672.9074707, 2123.88745117, 2621.3046875, 636.030639648, 401.780181885, 352.508911133, 291.102783203, 125.92301178, 129.176589966, 161.704345703, 901.730285645, 103.20841217, 93.9823455811, 109.053794861, 41.7110977173, 45.5556144714, 31.9152240753, 16.3841781616, 4.68048858643, 0.680673241615, 0.040163628757, 0.000357420765795, 1.33954799253e-07, 9.27022070218e-10],
        "dvar2": [0.0787121728063, 5.80361557007, 27.4332065582, 33.5581016541, 616.644348145, 924.762878418, 808.387451172, 1068.02050781, 1853.96826172, 12718.0517578, 32392.71875, 16901.1875, 9877.70507812, 7877.67675781, 5716.60400391, 4800.53857422, 6464.91650391, 4618.97851562, 6500.39355469, 1475.62817383, 907.359802246, 827.62487793, 632.776977539, 296.225128174, 313.766387939, 342.263275146, 1707.91381836, 220.769744873, 197.105514526, 240.624099731, 89.3546066284, 108.130447388, 72.2378692627, 33.9372749329, 8.72049808502, 1.43043470383, 0.0958173796535, 0.00083531223936, 3.09774890184e-07, 2.14537543286e-09],
        "max": [1.85799276829, 13.7175712585, 30.6301898956, 28.4815387726, 150.418563843, 166.154342651, 244.24005127, 228.354949951, 414.999786377, 944.328430176, 1298.4432373, 1189.23303223, 1016.69482422, 1159.17993164, 1014.84912109, 489.266113281, 571.352844238, 796.586914062, 676.191223145, 324.48815918, 289.430358887, 265.362976074, 370.947845459, 155.787826538, 218.970123291, 213.336669922, 543.968688965, 143.227203369, 114.83493042, 128.940216064, 80.3520355225, 120.685997009, 109.489929199, 86.9605331421, 48.9454154968, 16.6745796204, 3.04412221909, 0.172576442361, 0.00373867666349, 0.000324303633533],
        "mean": [0.13764230907, 1.09186196327, 3.17268848419, 3.08506894112, 8.25886917114, 11.6928701401, 18.3784370422, 21.6042232513, 24.6001396179, 38.3637466431, 68.7828826904, 87.5152893066, 65.4687652588, 38.2862243652, 53.3456840515, 55.595664978, 52.2531852722, 56.9492950439, 82.1008911133, 29.9577045441, 25.7922821045, 20.8695049286, 18.1391487122, 13.9904317856, 15.010433197, 13.7599782944, 21.4364070892, 12.7455224991, 14.0942544937, 13.7160024643, 8.74580001831, 6.26967144012, 4.52627706528, 3.19939994812, 1.71172916889, 0.530393838882, 0.13082484901, 0.0113248154521, 0.00026150298072, 5.9036170569e-05],
        "median": [0.0627381876111, 0.715684354305, 2.01647901535, 2.47493624687, 4.04546642303, 5.75824356079, 9.37001419067, 12.212635994, 14.6079111099, 13.6929035187, 25.8506069183, 28.3004150391, 35.9855613708, 19.9778270721, 22.8417034149, 27.724691391, 21.3997592926, 22.610874176, 34.86951828, 17.7238922119, 17.7344703674, 14.751490593, 12.2341451645, 9.69316864014, 10.5511922836, 9.55333709717, 9.09210968018, 8.31857776642, 9.22976970673, 7.5995759964, 5.07708120346, 3.59081292152, 2.54269790649, 1.78126513958, 0.912670791149, 0.219212889671, 0.0517261512578, 0.00391756929457, 0.000111468827527, 4.97774126416e-05],
        "min": [0.000300367857562, 0.0029978628736, 0.00823009666055, 0.00164863653481, 0.00885649304837, 0.249162763357, 0.392980635166, 0.175674214959, 0.0880952775478, 0.0369569063187, 0.0829803869128, 0.340845614672, 0.583621501923, 1.2075163126, 0.924078166485, 0.944244027138, 0.587694585323, 0.575755536556, 0.393078804016, 0.456383883953, 0.368553459644, 0.0922529250383, 0.159484326839, 0.1164906919, 0.0871182829142, 0.0291590895504, 0.092562764883, 0.445448458195, 0.285556733608, 0.225872442126, 0.0530554577708, 0.0414199456573, 0.0834237486124, 0.0144494744018, 0.00609982665628, 0.000721763644833, 0.000246079493081, 1.37510778586e-05, 6.73319391353e-06, 7.30659257897e-06],
        "var": [0.0509413592517, 2.27302503586, 11.8653726578, 10.6452522278, 178.561248779, 347.004760742, 617.041748047, 750.487243652, 1467.67138672, 7826.95654297, 17633.0078125, 19764.1894531, 7020.89013672, 3836.453125, 7358.58398438, 5553.41943359, 6234.23730469, 6595.81152344, 12913.3212891, 1194.86706543, 753.029846191, 554.101074219, 557.388122559, 237.869491577, 244.312286377, 264.489257812, 1896.38769531, 188.315139771, 237.694854736, 253.633285522, 106.207099915, 80.1555709839, 57.7400588989, 35.619392395, 10.9622220993, 1.51632249355, 0.0567211657763, 0.000406156294048, 1.70753139628e-07, 1.52261492303e-09]
    },
    "gfcc": {
        "mean": [54.925868988, 73.8363494873, -116.731742859, 28.9261264801, -71.1605148315, 29.4050292969, -41.2764320374, 12.6827020645, -23.7465839386, 9.9592218399, -19.1058635712, 1.97522866726, -9.28954029083],
        "cov": [[1709.09191895, -333.477905273, 278.439117432, 140.562347412, -86.9682388306, -178.943313599, -26.1010704041, 221.524871826, -94.6111068726, -16.3434810638, -158.983703613, -0.608238816261, -206.995986938], [-333.477905273, 402.259735107, -76.8733139038, 13.2409114838, 72.3622894287, -7.49332427979, 48.0742149353, -15.9522981644, 50.5366668701, -13.4514532089, 39.0433044434, -39.4839172363, 49.9248352051], [278.439117432, -76.8733139038, 388.898956299, 118.233833313, -6.71227407455, -80.5757827759, -13.473110199, 120.765830994, -58.277923584, 3.28136944771, -46.8103256226, 34.8846130371, -53.2162513733], [140.562347412, 13.2409114838, 118.233833313, 270.040710449, 44.6759033203, -62.0630683899, -10.189909935, 75.41796875, 12.7361450195, -12.7163705826, -25.2660655975, -17.9966869354, 7.48823070526], [-86.9682388306, 72.3622894287, -6.71227407455, 44.6759033203, 184.762710571, 64.7082061768, 18.0453491211, 4.82654285431, 8.46859264374, 11.5726528168, 14.5533332825, 3.97018122673, 23.3611316681], [-178.943313599, -7.49332427979, -80.5757827759, -62.0630683899, 64.7082061768, 228.817962646, 63.2981796265, -84.2378005981, 24.641916275, 18.0968952179, 50.2552947998, 11.4893836975, 27.6124038696], [-26.1010704041, 48.0742149353, -13.473110199, -10.189909935, 18.0453491211, 63.2981796265, 133.936187744, 50.915977478, 14.2456026077, 3.91504430771, 8.04761791229, 7.79003143311, -8.17903995514], [221.524871826, -15.9522981644, 120.765830994, 75.41796875, 4.82654285431, -84.2378005981, 50.915977478, 222.418487549, 15.6195230484, -20.5286235809, -46.6195335388, -1.92706775665, -20.2987518311], [-94.6111068726, 50.5366668701, -58.277923584, 12.7361450195, 8.46859264374, 24.641916275, 14.2456026077, 15.6195230484, 117.61933136, 26.8103179932, 2.25112867355, -21.3262443542, 27.7084159851], [-16.3434810638, -13.4514532089, 3.28136944771, -12.7163705826, 11.5726528168, 18.0968952179, 3.91504430771, -20.5286235809, 26.8103179932, 65.9039611816, 29.704158783, 6.59720516205, -3.00152683258], [-158.983703613, 39.0433044434, -46.8103256226, -25.2660655975, 14.5533332825, 50.2552947998, 8.04761791229, -46.6195335388, 2.25112867355, 29.704158783, 86.9254760742, 27.6410331726, 18.3545475006], [-0.608238816261, -39.4839172363, 34.8846130371, -17.9966869354, 3.97018122673, 11.4893836975, 7.79003143311, -1.92706775665, -21.3262443542, 6.59720516205, 27.6410331726, 73.8053817749, 13.8538303375], [-206.995986938, 49.9248352051, -53.2162513733, 7.48823070526, 23.3611316681, 27.6124038696, -8.17903995514, -20.2987518311, 27.7084159851, -3.00152683258, 18.3545475006, 13.8538303375, 103.035072327]],
        "icov": [[0.00119836907834, 0.000188320278539, 0.000414064968936, -0.000692238041665, 0.000442014366854, -0.000447707076091, 0.000735151290428, -0.00110765208956, 0.000864042085595, -0.00120217795484, 0.00196247547865, -0.00106137152761, 0.00196606502868], [0.000188320278539, 0.0055839875713, -0.00155834900215, 0.00117945193779, -0.00324060767889, 0.00462396675721, -0.00479766819626, 0.00296805053949, -0.00336451455951, 0.00530978245661, -0.00566030386835, 0.00512610934675, -0.00213993061334], [0.000414064968936, -0.00155834900215, 0.00592186069116, -0.00278302305378, 0.00186971644871, -0.00272066099569, 0.00350202666596, -0.00412123417482, 0.00429622502998, -0.00564318150282, 0.00542843388394, -0.00532144680619, 0.00304777850397], [-0.000692238041665, 0.00117945193779, -0.00278302305378, 0.00626670150086, -0.00285082776099, 0.00302999303676, -0.00191705080215, 0.00134344748221, -0.00289118452929, 0.00398096814752, -0.00385475344956, 0.004182794597, -0.00289042852819], [0.000442014366854, -0.00324060767889, 0.00186971644871, -0.00285082776099, 0.0091916276142, -0.00594918522984, 0.00400995649397, -0.00383838522248, 0.00390581763349, -0.00593120837584, 0.00479190936312, -0.00374878710136, 0.0011307959212], [-0.000447707076091, 0.00462396675721, -0.00272066099569, 0.00302999303676, -0.00594918522984, 0.0133659569547, -0.00985465478152, 0.00769851729274, -0.0058911293745, 0.00743292691186, -0.00852689892054, 0.00549333496019, -0.0036828937009], [0.000735151290428, -0.00479766819626, 0.00350202666596, -0.00191705080215, 0.00400995649397, -0.00985465478152, 0.0172252990305, -0.00922231096774, 0.00447193859145, -0.00714475754648, 0.00673981197178, -0.00702416617423, 0.00536501500756], [-0.00110765208956, 0.00296805053949, -0.00412123417482, 0.00134344748221, -0.00383838522248, 0.00769851729274, -0.00922231096774, 0.0127386422828, -0.00662839459255, 0.00806371122599, -0.00445792917162, 0.00376477185637, -0.00299955904484], [0.000864042085595, -0.00336451455951, 0.00429622502998, -0.00289118452929, 0.00390581763349, -0.0058911293745, 0.00447193859145, -0.00662839459255, 0.017169861123, -0.0131049510092, 0.00790039636195, -0.00115877715871, -0.000713177840225], [-0.00120217795484, 0.00530978245661, -0.00564318150282, 0.00398096814752, -0.00593120837584, 0.00743292691186, -0.00714475754648, 0.00806371122599, -0.0131049510092, 0.0311921350658, -0.0169365424663, 0.00659896666184, -0.00125498580746], [0.00196247547865, -0.00566030386835, 0.00542843388394, -0.00385475344956, 0.00479190936312, -0.00852689892054, 0.00673981197178, -0.00445792917162, 0.00790039636195, -0.0169365424663, 0.0297618974, -0.0144989248365, 0.00465429387987], [-0.00106137152761, 0.00512610934675, -0.00532144680619, 0.004182794597, -0.00374878710136, 0.00549333496019, -0.00702416617423, 0.00376477185637, -0.00115877715871, 0.00659896666184, -0.0144989248365, 0.0261106938124, -0.00853073690087], [0.00196606502868, -0.00213993061334, 0.00304777850397, -0.00289042852819, 0.0011307959212, -0.0036828937009, 0.00536501500756, -0.00299955904484, -0.000713177840225, -0.00125498580746, 0.00465429387987, -0.00853073690087, 0.0175149980932]]
    },
    "melbands": {
        "dmean": [0.00087562459521, 0.000992734334432, 0.00050229037879, 0.00067967036739, 0.000405417289585, 0.000308452203171, 0.000229687051615, 0.000429435225669, 0.000405199330999, 0.000302066939184, 0.00018324078701, 0.000106275510916, 7.9979065049e-05, 8.12089783722e-05, 8.16643951111e-05, 6.39801801299e-05, 5.78082253924e-05, 7.02995530446e-05, 2.50648463407e-05, 2.744984522e-05, 1.53720866365e-05, 1.4149697563e-05, 1.11442150228e-05, 8.14028317109e-06, 6.49558478472e-06, 6.17905516265e-06, 6.6245565904e-06, 5.43110309081e-06, 9.44653220358e-06, 5.70855081605e-06, 4.01839497499e-06, 4.48245100415e-06, 4.36141044702e-06, 4.38530651081e-06, 3.06689571516e-06, 2.56977136814e-06, 2.38895995608e-06, 2.03402237275e-06, 1.77662650458e-06, 1.71870351551e-06],
        "dmean2": [0.00142130174208, 0.00165020953864, 0.000865186855663, 0.00119944743346, 0.000645697524305, 0.000512400059961, 0.000381899124477, 0.000674254028127, 0.000649683293886, 0.000478726404253, 0.00028204053524, 0.000166764337337, 0.000124390178826, 0.000125338192447, 0.000128422761918, 0.000100309145637, 8.6233500042e-05, 0.000109404048999, 3.85612838727e-05, 4.44019206043e-05, 2.41231900873e-05, 2.30169880524e-05, 1.75988297997e-05, 1.29094869408e-05, 1.02161457107e-05, 1.00418046713e-05, 1.06723118733e-05, 8.52969515108e-06, 1.43378592838e-05, 8.65142192197e-06, 6.29414125797e-06, 6.84890301272e-06, 6.63504215481e-06, 6.82829204379e-06, 4.60210867459e-06, 3.95753750126e-06, 3.67543020729e-06, 3.26474150825e-06, 2.81350980913e-06, 2.58453178503e-06],
        "dvar": [2.77561389339e-06, 2.59081048171e-06, 5.8390810409e-07, 1.84972373063e-06, 3.44179767353e-07, 1.97307542749e-07, 1.40548380045e-07, 9.78125740403e-07, 7.73162071255e-07, 3.19761028322e-07, 1.0533834427e-07, 6.01804401867e-08, 2.30218937247e-08, 1.91387172777e-08, 2.85599490724e-08, 1.99653253929e-08, 9.50107992281e-09, 1.27554038443e-08, 1.68828928615e-09, 2.02239669456e-09, 5.30931798526e-10, 5.02738295438e-10, 3.50014461858e-10, 1.41496980799e-10, 9.75117972479e-11, 8.78205078103e-11, 1.45024492415e-10, 9.45434078248e-11, 4.96299279451e-10, 1.11073324149e-10, 3.22097418182e-11, 3.4883387845e-11, 4.19134657537e-11, 4.30121875616e-11, 1.72332738357e-11, 1.33569292779e-11, 2.08637603721e-11, 1.5922750965e-11, 1.70268035782e-11, 1.21770250133e-11],
        "dvar2": [6.70579584039e-06, 6.55500662106e-06, 1.59030093982e-06, 5.13609165864e-06, 8.08025674814e-07, 4.90897150485e-07, 3.58734894235e-07, 2.08184428629e-06, 1.91590265786e-06, 7.23056871266e-07, 2.56570956481e-07, 1.50475173655e-07, 5.31063300002e-08, 4.34859579457e-08, 7.34130836122e-08, 4.88389986231e-08, 2.03957473133e-08, 3.18650528186e-08, 3.8825205273e-09, 5.02519581502e-09, 1.19345944238e-09, 1.22728560648e-09, 7.81308073794e-10, 3.17242676573e-10, 2.29659097295e-10, 2.14568293688e-10, 3.84164422496e-10, 2.02715830233e-10, 1.0028538e-09, 2.25262322684e-10, 7.56022952575e-11, 7.74388470015e-11, 8.57256557407e-11, 9.90580881211e-11, 3.83522692771e-11, 2.99578591101e-11, 5.09598994947e-11, 3.66228262993e-11, 3.92927877735e-11, 2.45911138674e-11],
        "max": [0.0173362568021, 0.0151571007445, 0.00562964193523, 0.012029916048, 0.00670797657222, 0.0047466494143, 0.00542736705393, 0.0115587282926, 0.0108115440235, 0.00770244095474, 0.00496000051498, 0.00499225687236, 0.00272575556301, 0.00237416685559, 0.00229532527737, 0.00167385558598, 0.00147314998321, 0.00161334639415, 0.000498078705277, 0.000519186374731, 0.000325663510012, 0.000279206840787, 0.000337662611855, 0.000209320947761, 0.000127445047838, 0.000169989521964, 0.000181705792784, 0.000195498156245, 0.000386166910175, 0.000161454896443, 7.45307188481e-05, 7.51495899749e-05, 9.13040566957e-05, 8.48780837259e-05, 4.89919439133e-05, 5.38909880561e-05, 8.20565692266e-05, 7.70868573454e-05, 8.42440567794e-05, 7.57508023526e-05],
        "mean": [0.00128351955209, 0.00161229481455, 0.000684083381202, 0.000740442133974, 0.000635516131297, 0.000482455390738, 0.000349842564901, 0.000506553566083, 0.000530411954969, 0.00056235131342, 0.000327576795826, 0.000171703781234, 0.000143635625136, 0.00015820133558, 0.000165722318343, 9.71558038145e-05, 0.000115799375635, 0.000168528553331, 3.94157686969e-05, 4.3852491217e-05, 2.51071578532e-05, 2.21749396587e-05, 1.69863160409e-05, 1.39481944643e-05, 1.08319763967e-05, 1.13880505523e-05, 1.06225379568e-05, 8.344831258e-06, 1.43260458572e-05, 9.45754800341e-06, 6.69237169859e-06, 7.90278591012e-06, 7.86072814662e-06, 7.73295687395e-06, 5.32639933226e-06, 4.0068061935e-06, 3.70029033547e-06, 3.16148293678e-06, 2.89434979095e-06, 2.68631174549e-06],
        "median": [0.000691490247846, 0.00122663727961, 0.000497797154821, 0.000361819635145, 0.000334374199156, 0.000287572445814, 0.000200711670914, 0.000163225398865, 0.000190617138287, 0.000144720528624, 0.000170797356986, 8.0729907495e-05, 6.0432630562e-05, 7.97146349214e-05, 4.04998500017e-05, 3.03817596432e-05, 3.66163621948e-05, 6.0246555222e-05, 1.63406057254e-05, 2.13453258766e-05, 1.69357936102e-05, 1.43255283547e-05, 1.05340595837e-05, 8.85146710061e-06, 7.00627560946e-06, 7.57081988922e-06, 7.11376378604e-06, 5.22765321875e-06, 5.61548631595e-06, 4.73999489259e-06, 4.52207177659e-06, 5.13565782967e-06, 4.2263004616e-06, 4.14891565015e-06, 2.9886646189e-06, 2.28438989325e-06, 1.99405599233e-06, 1.76028640908e-06, 1.54016731813e-06, 1.49597155996e-06],
        "min": [2.78278116639e-06, 2.22109474635e-06, 1.5933414943e-07, 3.95245615437e-06, 9.08374022401e-06, 4.01252509619e-06, 1.12818054276e-06, 3.70944292172e-07, 5.0452740652e-07, 7.69457173533e-08, 2.86949853034e-06, 5.50553750145e-07, 9.83192727233e-09, 2.93823995889e-06, 6.48282593829e-07, 1.03558716091e-06, 4.78986578401e-07, 2.8430181942e-07, 3.24279376684e-08, 4.90438537781e-07, 8.09219002917e-08, 3.56375764454e-08, 7.32554639171e-08, 1.39389953802e-07, 6.2862319794e-08, 7.57595941536e-08, 1.51769938839e-08, 1.90555993207e-09, 3.05402192424e-09, 6.52662848211e-08, 2.2226515739e-07, 1.27305455067e-07, 1.33168995831e-07, 5.27577768139e-08, 4.11255607347e-09, 2.51582950028e-08, 1.77415540037e-08, 4.07384135315e-08, 2.84484862334e-08, 8.58654658487e-09],
