{
"highlevel": {
    "danceability": {
        "all": {
            "danceable": 0.0577871501446,
            "not_danceable": 0.942212820053
        },
        "probability": 0.942212820053,
        "value": "not_danceable"
    },
    "gender": {
        "all": {
            "female": 0.744787812233,
            "male": 0.255212187767
        },
        "probability": 0.744787812233,
        "value": "female"
    },
    "genre_dortmund": {
        "all": {
            "alternative": 0.0993688777089,
            "blues": 0.406400263309,
            "electronic": 0.0276083312929,
            "folkcountry": 0.170103594661,
            "funksoulrnb": 0.0117249917239,
            "jazz": 0.0655149742961,
            "pop": 0.044239513576,
            "raphiphop": 0.00345051335171,
            "rock": 0.171588942409
        },
        "probability": 0.406400263309,
        "value": "blues"
    },
    "genre_electronic": {
        "all": {
            "ambient": 0.26017665863,
            "dnb": 0.216306090355,
            "house": 0.417703807354,
            "techno": 0.026348086074,
            "trance": 0.0794653594494
        },
        "probability": 0.417703807354,
        "value": "house"
    },
    "genre_rosamerica": {
        "all": {
            "cla": 0.146311417222,
            "dan": 0.0566646568477,
            "hip": 0.166924804449,
            "jaz": 0.064004689455,
            "pop": 0.132844373584,
            "rhy": 0.203813329339,
            "roc": 0.190160498023,
            "spe": 0.0392762348056
        },
        "probability": 0.203813329339,
        "value": "rhy"
    },
    "genre_tzanetakis": {
        "all": {
            "blu": 0.0560817196965,
            "cla": 0.0304457787424,
            "cou": 0.0913432240486,
            "dis": 0.0693275928497,
            "hip": 0.274318754673,
            "jaz": 0.274718046188,
            "met": 0.0391501896083,
            "pop": 0.0548209585249,
            "reg": 0.0549711249769,
            "roc": 0.0548225976527
        },
        "probability": 0.274718046188,
        "value": "jaz"
    },
    "ismir04_rhythm": {
        "all": {
            "ChaChaCha": 0.0455380789936,
            "Jive": 0.0221447311342,
            "Quickstep": 0.0126038016751,
            "Rumba-American": 0.00278570735827,
            "Rumba-International": 0.00273627811112,
            "Rumba-Misc": 0.000803462986369,
            "Samba": 0.0219853669405,
            "Tango": 0.742009878159,
            "VienneseWaltz": 0.146156981587,
            "Waltz": 0.00323574244976
        },
        "probability": 0.742009878159,
        "value": "Tango"
    },
    "mood_acoustic": {
        "all": {
            "acoustic": 0.0537403747439,
            "not_acoustic": 0.946259617805
        },
        "probability": 0.946259617805,
        "value": "not_acoustic"
    },
    "mood_aggressive": {
        "all": {
            "aggressive": 0.24394351244,
            "not_aggressive": 0.75605648756
        },
        "probability": 0.75605648756,
        "value": "not_aggressive"
    },
    "mood_electronic": {
        "all": {
            "electronic": 0.203765198588,
            "not_electronic": 0.79623478651
        },
        "probability": 0.79623478651,
        "value": "not_electronic"
    },
    "mood_happy": {
        "all": {
            "happy": 0.663989722729,
            "not_happy": 0.336010247469
        },
        "probability": 0.663989722729,
        "value": "happy"
    },
    "mood_party": {
        "all": {
            "not_party": 0.167528629303,
            "party": 0.832471370697
        },
        "probability": 0.832471370697,
        "value": "party"
    },
    "mood_relaxed": {
        "all": {
            "not_relaxed": 0.981226742268,
            "relaxed": 0.0187732577324
        },
        "probability": 0.981226742268,
        "value": "not_relaxed"
    },
    "mood_sad": {
        "all": {
            "not_sad": 0.647531867027,
            "sad": 0.352468132973
        },
        "probability": 0.647531867027,
        "value": "not_sad"
    },
    "moods_mirex": {
        "all": {
            "Cluster1": 0.181901425123,
            "Cluster2": 0.178158327937,
            "Cluster3": 0.301895618439,
            "Cluster4": 0.111210487783,
            "Cluster5": 0.226834148169
        },
        "probability": 0.301895618439,
        "value": "Cluster3"
    },
    "timbre": {
        "all": {
            "bright": 0.188141673803,
            "dark": 0.811858355999
        },
        "probability": 0.811858355999,
        "value": "dark"
    },
    "tonal_atonal": {
        "all": {
            "atonal": 0.565345346928,
            "tonal": 0.43465462327
        },
        "probability": 0.565345346928,
        "value": "atonal"
    },
    "voice_instrumental": {
        "all": {
            "instrumental": 0.00338682439178,
            "voice": 0.996613204479
        },
        "probability": 0.996613204479,
        "value": "voice"
    }
},
"lowlevel": {
    "average_loudness": 0.938625216484,
    "barkbands_crest": {
        "dmean": 2.12954068184,
        "dmean2": 3.50152921677,
        "dvar": 4.0089097023,
        "dvar2": 11.4037866592,
        "max": 20.8759307861,
        "mean": 8.05623435974,
        "median": 7.55055189133,
        "min": 2.4879860878,
        "var": 8.83643627167
    },
    "barkbands_flatness_db": {
        "dmean": 0.0188314970583,
        "dmean2": 0.0300346072763,
        "dvar": 0.00031172731542,
        "dvar2": 0.000761374423746,
        "max": 0.26677814126,
        "mean": 0.149865746498,
        "median": 0.147675439715,
        "min": 0.0606171377003,
        "var": 0.00107203691732
    },
    "barkbands_kurtosis": {
        "dmean": 1.66183257103,
        "dmean2": 2.74452066422,
        "dvar": 10.83152771,
        "dvar2": 27.7893466949,
        "max": 53.4477348328,
        "mean": 1.2503644228,
        "median": -0.451740503311,
        "min": -1.8643257618,
        "var": 22.8879318237
    },
    "barkbands_skewness": {
        "dmean": 0.469965547323,
        "dmean2": 0.732799112797,
        "dvar": 0.226991936564,
        "dvar2": 0.530710577965,
        "max": 6.33309698105,
        "mean": 0.953198730946,
        "median": 0.797277927399,
        "min": -2.34539151192,
        "var": 1.13434696198
    },
    "barkbands_spread": {
        "dmean": 6.39026069641,
        "dmean2": 10.2477960587,
        "dvar": 48.4354667664,
        "dvar2": 113.562683105,
        "max": 88.2837524414,
        "mean": 32.8011817932,
        "median": 32.5746307373,
        "min": 2.83457398415,
        "var": 217.036178589
    },
    "dissonance": {
        "dmean": 0.0126448404044,
        "dmean2": 0.0210010241717,
        "dvar": 0.000155110828928,
        "dvar2": 0.000418821466155,
        "max": 0.499993294477,
        "mean": 0.474228531122,
        "median": 0.479114115238,
        "min": 0.351667165756,
        "var": 0.000357292359695
    },
    "dynamic_complexity": 1.70565068722,
    "erbbands_crest": {
        "dmean": 2.62916088104,
        "dmean2": 4.36729288101,
        "dvar": 6.52269458771,
        "dvar2": 17.1075057983,
        "max": 23.3700904846,
        "mean": 8.80900192261,
        "median": 7.904337883,
        "min": 2.21196079254,
        "var": 14.9919490814
    },
    "erbbands_flatness_db": {
        "dmean": 0.016574067995,
        "dmean2": 0.0244255252182,
        "dvar": 0.000212144863326,
        "dvar2": 0.000446136808023,
        "max": 0.286146610975,
        "mean": 0.185169965029,
        "median": 0.184746935964,
        "min": 0.0947715565562,
        "var": 0.00105800956953
    },
    "erbbands_kurtosis": {
        "dmean": 0.865839600563,
        "dmean2": 1.3777077198,
        "dvar": 1.23991632462,
        "dvar2": 2.90478825569,
        "max": 11.3457527161,
        "mean": 0.124614432454,
        "median": -0.571941375732,
        "min": -1.68488931656,
        "var": 3.58834481239
    },
    "erbbands_skewness": {
        "dmean": 0.365787923336,
        "dmean2": 0.569209873676,
        "dvar": 0.111877687275,
        "dvar2": 0.258655041456,
        "max": 2.50483012199,
        "mean": -0.398631930351,
        "median": -0.388901531696,
        "min": -2.95557665825,
        "var": 0.769795775414
    },
    "erbbands_spread": {
        "dmean": 8.11834335327,
        "dmean2": 12.3243923187,
        "dvar": 67.2153320312,
        "dvar2": 145.55090332,
        "max": 118.29360199,
        "mean": 43.7176971436,
        "median": 42.8492088318,
        "min": 7.16723489761,
        "var": 281.61529541
    },
    "hfc": {
        "dmean": 5.99859571457,
        "dmean2": 8.97547912598,
        "dvar": 85.8332443237,
        "dvar2": 172.965789795,
        "max": 203.897567749,
        "mean": 21.9533443451,
        "median": 16.8376598358,
        "min": 1.41364228725,
        "var": 415.727478027
    },
    "melbands_crest": {
        "dmean": 2.90776729584,
        "dmean2": 4.7548289299,
        "dvar": 6.64650344849,
        "dvar2": 17.0568351746,
        "max": 26.7914066315,
        "mean": 12.1722011566,
        "median": 11.4742698669,
        "min": 4.09396839142,
        "var": 19.1598758698
    },
    "melbands_flatness_db": {
        "dmean": 0.0231399293989,
        "dmean2": 0.0359948948026,
        "dvar": 0.000543214438949,
        "dvar2": 0.00124371703714,
        "max": 0.337964057922,
        "mean": 0.17053668201,
        "median": 0.16553850472,
        "min": 0.0360641926527,
        "var": 0.00277170422487
    },
    "melbands_kurtosis": {
        "dmean": 4.90786314011,
        "dmean2": 7.93182373047,
        "dvar": 79.9005813599,
        "dvar2": 201.260177612,
        "max": 140.407485962,
        "mean": 8.59216880798,
        "median": 4.31121587753,
        "min": -1.76953148842,
        "var": 163.601196289
    },
    "melbands_skewness": {
        "dmean": 0.615165948868,
        "dmean2": 0.951880395412,
        "dvar": 0.451810985804,
        "dvar2": 1.00998985767,
        "max": 9.54720783234,
        "mean": 2.33595085144,
        "median": 2.13678622246,
        "min": -0.653185486794,
        "var": 1.9114228487
    },
    "melbands_spread": {
        "dmean": 10.4768009186,
        "dmean2": 16.4855823517,
        "dvar": 146.883529663,
        "dvar2": 302.010131836,
        "max": 191.848876953,
        "mean": 39.8290061951,
        "median": 34.4880867004,
        "min": 2.03487873077,
        "var": 742.04309082
    },
    "pitch_salience": {
        "dmean": 0.0604283697903,
        "dmean2": 0.0964541882277,
        "dvar": 0.00269238720648,
        "dvar2": 0.00703706918284,
        "max": 0.806061148643,
        "mean": 0.53577786684,
        "median": 0.531692385674,
        "min": 0.258655250072,
        "var": 0.00659323204309
    },
    "silence_rate_20dB": {
        "dmean": 0,
        "dmean2": 0,
        "dvar": 0,
        "dvar2": 0,
        "max": 1,
        "mean": 1,
        "median": 1,
        "min": 1,
        "var": 0
    },
    "silence_rate_30dB": {
        "dmean": 0.00154798757285,
        "dmean2": 0.00309837330133,
        "dvar": 0.00154558534268,
        "dvar2": 0.00463792914525,
        "max": 1,
        "mean": 0.999226629734,
        "median": 1,
        "min": 0,
        "var": 0.000772796047386
    },
    "silence_rate_60dB": {
        "dmean": 0.00541795650497,
        "dmean2": 0.0100697129965,
        "dvar": 0.00538859795779,
        "dvar2": 0.0130666932091,
        "max": 1,
        "mean": 0.00541376648471,
        "median": 0,
        "min": 0,
        "var": 0.00538444286212
    },
    "spectral_centroid": {
        "dmean": 290.923278809,
        "dmean2": 463.693847656,
        "dvar": 87010.5546875,
        "dvar2": 198886.796875,
        "max": 4619.29296875,
        "mean": 2042.76367188,
        "median": 2020.56335449,
        "min": 258.612365723,
        "var": 597078.5
    },
    "spectral_complexity": {
        "dmean": 3.18188858032,
        "dmean2": 5.06971359253,
        "dvar": 13.9227485657,
        "dvar2": 30.258523941,
        "max": 50,
        "mean": 20.1771068573,
        "median": 19,
        "min": 3,
        "var": 50.9190788269
    },
    "spectral_decrease": {
        "dmean": 1.21367071948e-09,
        "dmean2": 1.88571491755e-09,
        "dvar": 3.5813785509e-18,
        "dvar2": 8.4099849925e-18,
        "max": -3.65864949448e-10,
        "mean": -4.42212133578e-09,
        "median": -4.04083788652e-09,
        "min": -3.18290283019e-08,
        "var": 6.88652137701e-18
    },
    "spectral_energy": {
        "dmean": 0.0048911049962,
        "dmean2": 0.00754662649706,
        "dvar": 5.48175885342e-05,
        "dvar2": 0.000127001199871,
        "max": 0.124025315046,
        "mean": 0.018681332469,
        "median": 0.0170077923685,
        "min": 0.00150908448268,
        "var": 0.000114464957733
    },
    "spectral_energyband_high": {
        "dmean": 0.000489366415422,
        "dmean2": 0.000726224679966,
        "dvar": 1.38697021157e-06,
        "dvar2": 2.78556103694e-06,
        "max": 0.0280437245965,
        "mean": 0.00119753065519,
        "median": 0.000426465849159,
        "min": 1.16365990834e-05,
        "var": 6.43546127321e-06
    },
    "spectral_energyband_low": {
        "dmean": 0.00242223008536,
        "dmean2": 0.00379905849695,
        "dvar": 1.3231057892e-05,
        "dvar2": 2.90056468657e-05,
        "max": 0.0546150952578,
        "mean": 0.00513330334798,
        "median": 0.0034415491391,
        "min": 0.000102231308119,
        "var": 3.0300599974e-05
    },
    "spectral_energyband_middle_high": {
        "dmean": 0.0014859160874,
        "dmean2": 0.00223967223428,
        "dvar": 3.291605708e-06,
        "dvar2": 7.14264660928e-06,
        "max": 0.0287503134459,
        "mean": 0.00507695646957,
        "median": 0.00376256578602,
        "min": 0.000148904291564,
        "var": 1.84705004358e-05
    },
    "spectral_energyband_middle_low": {
        "dmean": 0.00314519437961,
        "dmean2": 0.00504012731835,
        "dvar": 4.28726198152e-05,
        "dvar2": 0.000107478939753,
        "max": 0.113403141499,
        "mean": 0.00819691829383,
        "median": 0.00671230768785,
        "min": 0.00020003040845,
        "var": 6.23354208074e-05
    },
    "spectral_entropy": {
        "dmean": 0.137897849083,
        "dmean2": 0.212246730924,
        "dvar": 0.0224766414613,
        "dvar2": 0.0512054525316,
        "max": 8.31187725067,
        "mean": 7.49121332169,
        "median": 7.45405578613,
        "min": 6.70943307877,
        "var": 0.090065471828
    },
    "spectral_flux": {
        "dmean": 0.0165633987635,
        "dmean2": 0.0254288464785,
        "dvar": 0.000342422688846,
        "dvar2": 0.000714707828593,
        "max": 0.239422917366,
        "mean": 0.0709333345294,
        "median": 0.0642340108752,
        "min": 0.0212300308049,
        "var": 0.000882209686097
    },
    "spectral_kurtosis": {
        "dmean": 1.71198999882,
        "dmean2": 2.99493145943,
        "dvar": 2.35743761063,
        "dvar2": 7.19732904434,
        "max": 12.1954126358,
        "mean": 2.53107476234,
        "median": 2.16017389297,
        "min": -0.822687149048,
        "var": 4.07720756531
    },
    "spectral_rms": {
        "dmean": 0.000530291814357,
        "dmean2": 0.000804493378382,
        "dvar": 3.76370451249e-07,
        "dvar2": 8.10211929547e-07,
        "max": 0.0110000139102,
        "mean": 0.00412639183924,
        "median": 0.00407344661653,
        "min": 0.00121337443125,
        "var": 1.19859851111e-06
    },
    "spectral_rolloff": {
        "dmean": 582.163818359,
        "dmean2": 985.774780273,
        "dvar": 716611.875,
        "dvar2": 1577003.75,
        "max": 8118.01757812,
        "mean": 2464.19506836,
        "median": 2368.65234375,
        "min": 150.732421875,
        "var": 2630370.25
    },
    "spectral_skewness": {
        "dmean": 0.234110832214,
        "dmean2": 0.389541119337,
        "dvar": 0.0401977077127,
        "dvar2": 0.107978224754,
        "max": 2.51887512207,
        "mean": 0.795994520187,
        "median": 0.801319122314,
        "min": -0.398136377335,
        "var": 0.161477774382
    },
    "spectral_spread": {
        "dmean": 382265.46875,
        "dmean2": 552230,
        "dvar": 247241621504,
        "dvar2": 428030689280,
        "max": 14423414,
        "mean": 3599514,
        "median": 3383705.25,
        "min": 1986008.875,
        "var": 841310863360
    },
    "spectral_strongpeak": {
        "dmean": 0.833659291267,
        "dmean2": 1.43685090542,
        "dvar": 2.9985601902,
        "dvar2": 7.60661792755,
        "max": 13.1901197433,
        "mean": 1.18470168114,
        "median": 0.442354232073,
        "min": 0.0268317330629,
        "var": 4.21224880219
    },
    "zerocrossingrate": {
        "dmean": 0.00996781606227,
        "dmean2": 0.0114577785134,
        "dvar": 0.000112911060569,
        "dvar2": 0.000116035262181,
        "max": 0.24462890625,
        "mean": 0.0795041173697,
        "median": 0.072265625,
        "min": 0.01123046875,
        "var": 0.00148617115337
    },
    "barkbands": {
        "dmean": [6.52041271678e-05, 0.00154650432523, 0.000977052026428, 0.00131812191103, 0.00138473988045, 0.000704528181814, 0.000537533021998, 0.000381347112125, 0.000325692963088, 0.000251308083534, 0.000254817306995, 0.000179628492333, 0.000252559257206, 0.000179958122317, 0.000196054723347, 0.000225391151616, 0.000203023591894, 0.000160617419169, 0.000653377559502, 0.000309507595375, 0.000137175826239, 0.000151055093738, 0.000133430745336, 0.000102857004094, 1.33519561132e-05, 8.27960661809e-07, 3.54691636062e-08],
        "dmean2": [9.89636682789e-05, 0.0025460019242, 0.00159303366672, 0.0022161277011, 0.00231865956448, 0.00111075572204, 0.000785865006037, 0.000573503610212, 0.000499461137224, 0.000395653682062, 0.000395206967369, 0.000269787968136, 0.000356308679329, 0.000274187448667, 0.000301972293528, 0.000356802658644, 0.000336712168064, 0.000265674723778, 0.0010843538912, 0.000502883805893, 0.000209520876524, 0.000245336559601, 0.000190931925317, 0.000154977678903, 2.18889781536e-05, 1.46102922827e-06, 5.97808593739e-08],
        "dvar": [2.59964387794e-08, 8.23118807602e-06, 2.85300643554e-06, 7.67996971263e-06, 1.71374649653e-05, 1.58052614552e-06, 7.0312984235e-07, 4.67774782464e-07, 4.40555453451e-07, 2.26513265034e-07, 6.68436200613e-07, 3.24947535546e-07, 3.74746349507e-07, 1.86502830957e-07, 1.23298946164e-07, 3.18584085335e-07, 1.062613606e-07, 6.08466379504e-08, 1.32189052238e-06, 3.21427080507e-07, 9.08327280058e-08, 2.62722409161e-07, 1.77015408553e-07, 1.07151159057e-07, 4.35686020595e-09, 1.05807281339e-11, 3.07155857823e-13],
        "dvar2": [5.02376593658e-08, 2.22106245928e-05, 6.88166164764e-06, 1.86880970432e-05, 4.68164435006e-05, 3.86168494515e-06, 1.5999930838e-06, 1.08433005153e-06, 1.00200418274e-06, 5.02135378611e-07, 1.79490950813e-06, 5.79686741276e-07, 7.47505282561e-07, 4.22268584543e-07, 2.41828189473e-07, 7.9220257021e-07, 3.0528485695e-07, 1.55028175186e-07, 3.39963503393e-06, 8.23386642423e-07, 1.79786113108e-07, 7.33541469344e-07, 3.23789322465e-07, 2.50119626344e-07, 1.10441629175e-08, 3.08242008307e-11, 7.82851973351e-13],
        "max": [0.00198012683541, 0.0364044345915, 0.0262756645679, 0.0436428524554, 0.0751395374537, 0.0179348438978, 0.010206614621, 0.00989817176014, 0.0103138554841, 0.00806701183319, 0.0180003084242, 0.0120456861332, 0.0118458960205, 0.00623217225075, 0.00471346080303, 0.0120222754776, 0.00739998044446, 0.00520100817084, 0.0138971759006, 0.0102678379044, 0.00687533104792, 0.0136322593316, 0.0131937181577, 0.00597014976665, 0.00146543909796, 4.57662463305e-05, 1.63552576851e-05],
        "mean": [7.83919385867e-05, 0.00238311383873, 0.00182952568866, 0.00197617942467, 0.0021157853771, 0.00160838395823, 0.00108160194941, 0.000676897878293, 0.000615475233644, 0.000460654206108, 0.000386082741898, 0.00028542074142, 0.000474087690236, 0.000306662463117, 0.000354608549969, 0.000391221430618, 0.000378278724384, 0.000290380819933, 0.00131307856645, 0.000661050435156, 0.000307075446472, 0.000269033043878, 0.00026161732967, 0.000162473297678, 1.34962056109e-05, 7.30361080059e-07, 3.29676694832e-08],
        "median": [1.61497282534e-05, 0.00129687436856, 0.000777331530116, 0.000916598539334, 0.00112974399235, 0.000822031404823, 0.000549727061298, 0.000290548370685, 0.000331093557179, 0.000225817973842, 0.000106892010081, 8.27301773825e-05, 0.000114296984975, 0.000106423038233, 0.000179008915438, 0.000140976510011, 0.000279142986983, 0.00019954329764, 0.000587702321354, 0.000306773348711, 0.000128869927721, 8.18805274321e-05, 6.32113660686e-05, 1.8063632524e-05, 9.88051510831e-07, 6.26086489319e-08, 2.45130721277e-10],
        "min": [2.46564795248e-08, 6.94093796483e-06, 4.02607793148e-06, 9.89890122582e-06, 1.90600021597e-05, 3.98433303417e-06, 3.62761647921e-06, 4.04466936743e-06, 2.42528244598e-06, 7.22137610865e-06, 1.74674539721e-06, 7.6151019357e-07, 2.93326183964e-06, 2.88045157504e-06, 4.22827724833e-06, 2.06551317206e-06, 3.74063006348e-06, 5.0136277423e-06, 5.5704845181e-06, 2.54064798355e-06, 1.90433797798e-06, 1.49297522967e-06, 7.75918465479e-07, 1.54196466706e-09, 3.89359135211e-11, 1.14387206304e-11, 1.17593920712e-11],
        "var": [3.86406888708e-08, 1.15119455586e-05, 6.28880843578e-06, 1.40673973874e-05, 1.66530171555e-05, 4.64795493826e-06, 1.86089232557e-06, 1.26199142869e-06, 7.65903337197e-07, 5.48620221252e-07, 1.23480458569e-06, 6.63724108563e-07, 1.31815318127e-06, 4.44031314828e-07, 2.99904655776e-07, 6.36607296656e-07, 1.93788494585e-07, 1.09259445935e-07, 3.6966123389e-06, 1.05680953766e-06, 3.46569009935e-07, 4.68338129167e-07, 6.07251195106e-07, 2.36233049122e-07, 4.02443411929e-09, 9.35307820776e-12, 3.20648753859e-13]
    },
    "erbbands": {
        "dmean": [0.0388585627079, 0.38298484683, 1.0371645689, 2.55153512955, 5.97363758087, 3.96025729179, 4.06861400604, 6.23645448685, 7.02180242538, 9.4169216156, 6.16469717026, 8.19629573822, 6.85067749023, 7.64524793625, 11.1394586563, 5.93431377411, 11.0007076263, 7.80480861664, 9.19621276855, 11.0347747803, 11.1061449051, 8.08096218109, 9.12663459778, 29.3421802521, 24.1055850983, 12.9929132462, 6.51239919662, 5.27294445038, 4.81375217438, 4.87813854218, 3.3456184864, 2.52883148193, 1.46202361584, 0.286199450493, 0.0366819910705, 0.00509240664542, 0.00179490819573, 0.000175006847712, 1.11642902993e-05, 6.84280121277e-06],
        "dmean2": [0.0626542270184, 0.638230323792, 1.66769695282, 4.25200414658, 10.0391387939, 6.71540975571, 6.53230142593, 9.73099422455, 10.4934577942, 14.1135778427, 9.23765468597, 12.2525701523, 10.6065359116, 11.578959465, 16.8695812225, 8.75824928284, 15.976099968, 11.893576622, 14.2232599258, 17.0375785828, 17.8353805542, 13.3622665405, 15.1707391739, 48.199420929, 40.4024085999, 21.9620780945, 10.1537647247, 8.26030921936, 7.603992939, 7.45906591415, 4.86267948151, 3.86213326454, 2.16081261635, 0.448084235191, 0.0597600415349, 0.00888995733112, 0.00315316347405, 0.000317293452099, 1.82093081094e-05, 1.0564913282e-05],
        "dvar": [0.00803343579173, 0.449765145779, 2.53488707542, 21.691614151, 457.656677246, 45.3695793152, 52.9918441772, 138.144271851, 135.934204102, 254.441543579, 118.471702576, 228.138961792, 284.522766113, 344.765258789, 1394.10253906, 221.938690186, 738.932739258, 359.575653076, 417.386322021, 462.262237549, 1036.59448242, 137.110031128, 162.462219238, 2505.27807617, 2380.30737305, 329.52746582, 210.399597168, 215.326263428, 185.044021606, 260.186126709, 79.4409561157, 56.3215866089, 22.5952911377, 1.51533257961, 0.0234799403697, 0.000482032599393, 5.42326306459e-05, 5.52804522158e-07, 6.50380282963e-09, 1.91718238507e-10],
        "dvar2": [0.0209595821798, 1.22540843487, 6.20597743988, 54.2991638184, 1197.52612305, 135.431381226, 126.301437378, 327.428070068, 311.041351318, 624.847106934, 250.894851685, 513.720336914, 638.686645508, 757.034545898, 3408.63476562, 440.285339355, 1503.35253906, 778.61907959, 943.420227051, 898.347229004, 2504.73608398, 346.602661133, 400.606567383, 6495.18164062, 6020.80761719, 849.31072998, 428.073577881, 534.230102539, 486.256378174, 598.489318848, 145.216262817, 117.184921265, 51.3374061584, 3.70484972, 0.0615612529218, 0.00135112146381, 0.000158476133947, 1.57165118253e-06, 1.73618843746e-08, 4.29593860485e-10],
        "max": [1.12695145607, 7.91852426529, 25.5101356506, 65.4088897705, 385.463989258, 81.5956726074, 127.789718628, 206.290054321, 163.867706299, 189.077468872, 211.728866577, 216.880615234, 411.086547852, 494.959136963, 909.290466309, 250.137084961, 607.086914062, 354.761474609, 479.111419678, 362.75592041, 834.380737305, 232.037872314, 323.418273926, 611.755065918, 835.933288574, 233.65007019, 355.976318359, 395.236358643, 338.372528076, 484.221710205, 218.967330933, 170.841156006, 71.539680481, 27.2034130096, 2.86457371712, 0.507025122643, 0.148964107037, 0.010092722252, 0.00233986857347, 0.000338860350894],
        "mean": [0.0522611327469, 0.594534695148, 2.01470708847, 4.46058702469, 7.93495988846, 6.37291765213, 8.19825267792, 14.6418180466, 14.5844316483, 18.9257774353, 11.5400314331, 15.4601917267, 12.578827858, 14.196305275, 19.3627090454, 11.5254364014, 21.4934024811, 15.4993486404, 18.0440349579, 21.0497589111, 21.0988368988, 17.7885932922, 19.0167198181, 53.1947441101, 56.4019470215, 29.5132331848, 14.386472702, 11.3555822372, 9.00462913513, 9.39670085907, 6.35001134872, 4.52118492126, 2.0105741024, 0.334455817938, 0.0368835553527, 0.00466772867367, 0.00160187797155, 0.000159562448971, 2.26080865104e-05, 2.57840110862e-05],
        "median": [0.0202274061739, 0.321961402893, 1.13155519962, 2.25339579582, 3.49685263634, 3.59819531441, 4.21122121811, 7.01004457474, 8.67905139923, 7.56230401993, 7.06982088089, 8.70943927765, 6.39116716385, 5.95272684097, 5.00779628754, 3.98366427422, 5.78311252594, 4.37852859497, 8.2284450531, 10.599729538, 8.97313213348, 13.1487073898, 14.7301263809, 25.6762008667, 23.1235656738, 16.9155445099, 6.71908569336, 4.41308689117, 3.03844976425, 2.47339177132, 1.36710429192, 0.542110562325, 0.23724642396, 0.0386544838548, 0.00441865576431, 0.000743898912333, 0.000186362143722, 2.19500070671e-05, 1.24470489027e-05, 2.18479253817e-05],
        "min": [0.000186474644579, 0.00213992875069, 0.0218214318156, 0.0800429582596, 0.106519281864, 0.0479157753289, 0.0523655675352, 0.131998151541, 0.125567376614, 0.0851878747344, 0.101948909461, 0.163825958967, 0.182333752513, 0.157150804996, 0.211767494678, 0.169644683599, 0.152478098869, 0.233311250806, 0.25724285841, 0.299230873585, 0.138693138957, 0.229537531734, 0.395668178797, 0.265947550535, 0.209722131491, 0.131793469191, 0.130437523127, 0.0759212896228, 0.0562214031816, 0.0284391604364, 0.0210298411548, 0.00678007397801, 0.00109394954052, 0.000120544769743, 3.46002416336e-05, 1.04506352727e-05, 3.49287893187e-06, 6.66671894578e-07, 1.4745774024e-06, 2.70538589575e-06],
        "var": [0.00979675166309, 0.650285601616, 6.01394319534, 44.0396652222, 458.950836182, 71.4823303223, 127.875083923, 430, 316.289794922, 741.893676758, 272.162384033, 428.923980713, 459.945281982, 698.149047852, 3353.40405273, 599.680358887, 2638.85620117, 1103.59802246, 1082.48974609, 1058.22741699, 2114.44555664, 367.791870117, 338.543670654, 5438.13525391, 9467.46777344, 1216.14050293, 653.414550781, 583.008789062, 419.146087646, 767.055358887, 300.007202148, 187.656692505, 39.4212341309, 1.75958132744, 0.0213471557945, 0.000341660022968, 4.99276720802e-05, 5.09762685397e-07, 6.80537048936e-09, 4.25138757532e-10]
    },
    "gfcc": {
        "mean": [-14.8407411575, 114.565536499, -151.877746582, 70.4869155884, -70.321647644, 2.44600605965, -27.4623394012, -1.55803179741, -10.6249084473, -14.3726997375, -0.784634292126, -13.8910055161, -7.23701477051],
        "cov": [[1376.69311523, -660.665527344, 46.6002197266, 71.4125213623, -258.359588623, 281.21585083, -119.721565247, 100.86315155, -52.8814888, 74.6772537231, 5.10411787033, -20.354429245, 9.74218559265], [-660.665527344, 874.399169922, -60.6082382202, -126.64730072, 302.738616943, -268.337493896, 124.781791687, -97.2004547119, 86.7467956543, -56.0202636719, 37.4102859497, 27.915178299, 30.1740856171], [46.6002197266, -60.6082382202, 528.168151855, 129.461334229, -80.5443115234, 169.923324585, -76.0749206543, 25.9752750397, -47.1962089539, -16.4789638519, -27.2114505768, 26.6634025574, 17.9269561768], [71.4125213623, -126.64730072, 129.461334229, 331.638305664, -38.3205223083, -20.2069282532, -5.92030668259, 24.0563602448, 37.5078849792, -38.4682312012, 37.4912033081, -32.9403533936, 31.7292499542], [-258.359588623, 302.738616943, -80.5443115234, -38.3205223083, 286.256500244, -98.9700241089, 62.4885902405, -8.71403312683, 29.6540431976, 19.6533279419, -18.0259876251, 26.5036315918, -31.5601482391], [281.21585083, -268.337493896, 169.923324585, -20.2069282532, -98.9700241089, 429.556854248, 7.33700180054, 8.13500404358, -51.4544792175, -7.61165475845, -0.211784601212, -21.4523944855, -0.129164427519], [-119.721565247, 124.781791687, -76.0749206543, -5.92030668259, 62.4885902405, 7.33700180054, 190.923995972, -42.228187561, 11.1757516861, -10.6110887527, 30.8562297821, 26.5538139343, -32.5581626892], [100.86315155, -97.2004547119, 25.9752750397, 24.0563602448, -8.71403312683, 8.13500404358, -42.228187561, 136.927032471, 2.12462234497, 33.424621582, -5.02842855453, -8.50661182404, 12.6764545441], [-52.8814888, 86.7467956543, -47.1962089539, 37.5078849792, 29.6540431976, -51.4544792175, 11.1757516861, 2.12462234497, 127.343704224, 11.7741861343, 0.598142147064, -7.91307687759, 13.4615268707], [74.6772537231, -56.0202636719, -16.4789638519, -38.4682312012, 19.6533279419, -7.61165475845, -10.6110887527, 33.424621582, 11.7741861343, 92.5204925537, 7.77636098862, 26.575460434, -18.0900440216], [5.10411787033, 37.4102859497, -27.2114505768, 37.4912033081, -18.0259876251, -0.211784601212, 30.8562297821, -5.02842855453, 0.598142147064, 7.77636098862, 112.17754364, 11.6104259491, 27.5554828644], [-20.354429245, 27.915178299, 26.6634025574, -32.9403533936, 26.5036315918, -21.4523944855, 26.5538139343, -8.50661182404, -7.91307687759, 26.575460434, 11.6104259491, 88.5498886108, -1.11113095284], [9.74218559265, 30.1740856171, 17.9269561768, 31.7292499542, -31.5601482391, -0.129164427519, -32.5581626892, 12.6764545441, 13.4615268707, -18.0900440216, 27.5554828644, -1.11113095284, 85.9415359497]],
        "icov": [[0.00125355774071, 0.00037033870467, 0.000415945251007, -0.000399907905376, 0.000540279841516, -0.000661392055918, 0.00045015377691, -0.000264315167442, 0.000174688175321, -0.000848041032441, 0.000107924985059, -0.000329576258082, -4.90453312523e-05], [0.00037033870467, 0.00877156574279, -0.00540434289724, 0.00770262442529, -0.00780207384378, 0.00572291016579, -0.00452359067276, 0.0024954022374, -0.00526417279616, 0.00652505317703, -0.00636104680598, 0.00546719413251, -0.00546820834279], [0.000415945251007, -0.00540434289724, 0.0069585214369, -0.00690567027777, 0.00536522362381, -0.00541288917884, 0.00456559378654, -0.00176669878419, 0.00424309307709, -0.0041267699562, 0.00534007884562, -0.00635853083804, 0.00357302022167], [-0.000399907905376, 0.00770262442529, -0.00690567027777, 0.0119089195505, -0.00705968169495, 0.0065213595517, -0.00504998769611, 0.00131887092721, -0.00652104523033, 0.00813181325793, -0.00795149244368, 0.00728074880317, -0.00492894509807], [0.000540279841516, -0.00780207384378, 0.00536522362381, -0.00705968169495, 0.0120381964371, -0.00481088878587, 0.00303632998839, -0.00270350067876, 0.00429287459701, -0.00708296196535, 0.00689336098731, -0.00592003203928, 0.00567780900747], [-0.000661392055918, 0.00572291016579, -0.00541288917884, 0.0065213595517, -0.00481088878587, 0.00773091195151, -0.00478344876319, 0.00170237780549, -0.00306700496003, 0.00453005498275, -0.00466060405597, 0.00593740679324, -0.00402619875968], [0.00045015377691, -0.00452359067276, 0.00456559378654, -0.00504998769611, 0.00303632998839, -0.00478344876319, 0.0110858269036, -0.000455870002043, 0.00176974886563, -0.000974759634119, 0.000720262818504, -0.00671521387994, 0.00702397711575], [-0.000264315167442, 0.0024954022374, -0.00176669878419, 0.00131887092721, -0.00270350067876, 0.00170237780549, -0.000455870002043, 0.0101036829874, -0.00083250075113, -0.00251740403473, -0.00078419118654, 0.00324130337685, -0.0037239715457], [0.000174688175321, -0.00526417279616, 0.00424309307709, -0.00652104523033, 0.00429287459701, -0.00306700496003, 0.00176974886563, -0.00083250075113, 0.0131439864635, -0.00748888682574, 0.00571396527812, -0.00196663103998, 0.000223335111514], [-0.000848041032441, 0.00652505317703, -0.0041267699562, 0.00813181325793, -0.00708296196535, 0.00453005498275, -0.000974759634119, -0.00251740403473, -0.00748888682574, 0.0231608022004, -0.00874431896955, -0.0011661282042, 0.00190838449635], [0.000107924985059, -0.00636104680598, 0.00534007884562, -0.00795149244368, 0.00689336098731, -0.00466060405597, 0.000720262818504, -0.00078419118654, 0.00571396527812, -0.00874431896955, 0.0173027869314, -0.00517067499459, -0.00139443809167], [-0.000329576258082, 0.00546719413251, -0.00635853083804, 0.00728074880317, -0.00592003203928, 0.00593740679324, -0.00671521387994, 0.00324130337685, -0.00196663103998, -0.0011661282042, -0.00517067499459, 0.0204235669225, -0.00644649378955], [-4.90453312523e-05, -0.00546820834279, 0.00357302022167, -0.00492894509807, 0.00567780900747, -0.00402619875968, 0.00702397711575, -0.0037239715457, 0.000223335111514, 0.00190838449635, -0.00139443809167, -0.00644649378955, 0.0206554271281]]
    },
    "melbands": {
        "dmean": [0.000383729668101, 0.000502880779095, 0.000558128231205, 0.000346795102814, 0.000138436880661, 0.000136982591357, 0.000106528612378, 0.000101761288533, 4.799137605e-05, 5.07920049131e-05, 3.54490839527e-05, 3.22049345414e-05, 3.76747993869e-05, 2.18576260522e-05, 2.13957482629e-05, 2.45401079155e-05, 1.57802842295e-05, 1.61697789736e-05, 1.3315173419e-05, 1.67580092238e-05, 1.37618135341e-05, 7.19909530744e-06, 1.4873839973e-05, 7.49778018871e-06, 2.78274419543e-05, 2.31682497542e-05, 1.61675670824e-05, 7.82720871939e-06, 4.36067966803e-06, 4.2308402044e-06, 3.62254741049e-06, 3.29416297973e-06, 2.31863918998e-06, 3.08229209622e-06, 1.94284007193e-06, 1.95702295969e-06, 1.67682128449e-06, 1.32058926283e-06, 5.61468311844e-07, 1.55071333552e-07],
        "dmean2": [0.00062800955493, 0.00081037072232, 0.000931830785703, 0.000585469708312, 0.000222552102059, 0.000215448832023, 0.000158230322995, 0.000151817104779, 7.13974732207e-05, 7.64911383158e-05, 5.51464800083e-05, 4.92675608257e-05, 5.71513883187e-05, 3.24433713104e-05, 3.28887254e-05, 3.3907188481e-05, 2.37292370002e-05, 2.47372026934e-05, 1.99840796995e-05, 2.61517543549e-05, 2.22196285904e-05, 1.17550043797e-05, 2.51647306868e-05, 1.25802389448e-05, 4.57962960354e-05, 3.84999257221e-05, 2.66952101811e-05, 1.34126166813e-05, 6.90398064762e-06, 6.69128166919e-06, 5.96790823693e-06, 5.37842470294e-06, 3.52663914782e-06, 4.74047510579e-06, 2.85646456177e-06, 2.96671191791e-06, 2.59841158368e-06, 2.04868615583e-06, 8.74757290603e-07, 2.5612652621e-07],
        "dvar": [6.19562911197e-07, 5.64864421904e-07, 1.65740061675e-06, 1.10151040644e-06, 4.74564707531e-08, 6.27778717899e-08, 2.99097138168e-08, 2.92608035579e-08, 6.96148383383e-09, 9.85035519818e-09, 7.21637949397e-09, 5.79584913396e-09, 1.27408892325e-08, 4.51663462187e-09, 4.48884618365e-09, 4.14853440489e-09, 1.54336221581e-09, 1.65315372502e-09, 5.95484550558e-10, 1.38209810263e-09, 1.5977665857e-09, 1.34495845017e-10, 4.83003137486e-10, 2.06456615692e-10, 2.26221064104e-09, 1.71829506179e-09, 1.50206924676e-09, 1.22337348585e-10, 9.28388546595e-11, 1.00784942891e-10, 1.62523952629e-10, 1.22834215022e-10, 3.6643254403e-11, 1.18808504701e-10, 2.47344297821e-11, 3.26196812617e-11, 3.16924125832e-11, 1.89264090511e-11, 5.68171508106e-12, 4.11742119349e-13],
        "dvar2": [1.65212748016e-06, 1.35885295549e-06, 4.07247398471e-06, 2.97980682262e-06, 1.16045107745e-07, 1.51075681742e-07, 6.71007995834e-08, 7.23115292089e-08, 1.52950789811e-08, 2.176699887e-08, 1.5961019173e-08, 1.27299273345e-08, 3.29886269412e-08, 7.99515831318e-09, 1.09516706814e-08, 7.87673748448e-09, 3.34015837211e-09, 3.76873421359e-09, 1.06871134165e-09, 3.18354276274e-09, 3.88224963288e-09, 3.34921645972e-10, 1.28524846321e-09, 5.59503943176e-10, 5.85711390499e-09, 4.32378399751e-09, 3.7375782469e-09, 3.25284382763e-10, 2.11160547381e-10, 2.15087003763e-10, 4.60061183594e-10, 3.45412087821e-10, 7.93384524744e-11, 2.71884986747e-10, 4.68099344009e-11, 6.49442791212e-11, 6.96211907569e-11, 4.61111288041e-11, 1.36598744468e-11, 1.0454847708e-12],
        "max": [0.0103322379291, 0.00974899809808, 0.0198822692037, 0.01833239384, 0.00364858377725, 0.00416199956089, 0.00243537640199, 0.00181247922592, 0.0014596846886, 0.00135352753568, 0.00200011162087, 0.00194494682364, 0.00246279756539, 0.00169731362257, 0.0013406148646, 0.00113877945114, 0.000783527735621, 0.000987119274214, 0.000367536878912, 0.000565134861972, 0.0010468813125, 0.000277787883533, 0.00051570229698, 0.000247616117122, 0.000574822537601, 0.00061242445372, 0.000656062562484, 0.00018969894154, 0.00021632995049, 0.000225874842727, 0.000343033869285, 0.000285532121779, 0.000105068720586, 0.000354308547685, 0.000113624235382, 0.000135337715619, 0.000124087979202, 6.76236159052e-05, 5.10170575581e-05, 1.0556579582e-05],
        "mean": [0.000567885639612, 0.000989858526736, 0.000923875893932, 0.000520559493452, 0.000286038790364, 0.000321428058669, 0.000222252187086, 0.000199961854378, 8.99598162505e-05, 9.36508440645e-05, 6.15497847321e-05, 5.72718345211e-05, 6.190273416e-05, 3.72816321033e-05, 3.79200173484e-05, 4.44853067165e-05, 2.70726359304e-05, 2.95562458632e-05, 2.51310011663e-05, 2.90873631457e-05, 2.40671233769e-05, 1.51649637701e-05, 2.52855916187e-05, 1.32610903165e-05, 4.68864272989e-05, 4.79049922433e-05, 3.52556089638e-05, 1.52965712914e-05, 8.42418103275e-06, 8.03114744485e-06, 6.56059273751e-06, 5.53935888092e-06, 4.29494366472e-06, 5.69075882595e-06, 3.58146257895e-06, 3.32995318786e-06, 2.57643091572e-06, 1.63424965649e-06, 6.29768464933e-07, 1.51090674194e-07],
        "median": [0.00028536102036, 0.000618610531092, 0.000490285048727, 0.000273933779681, 0.000169063030626, 0.000165782694239, 0.000130451589939, 8.23584923637e-05, 5.58504070796e-05, 5.01556169183e-05, 2.98584345728e-05, 2.37130425376e-05, 1.66888457898e-05, 9.85226961348e-06, 1.2742945728e-05, 9.42767564993e-06, 7.79716356192e-06, 1.28134761326e-05, 1.23400868688e-05, 1.24556027004e-05, 1.0509216736e-05, 1.04724203993e-05, 1.64484954439e-05, 8.25219558465e-06, 2.23709484999e-05, 2.01219445444e-05, 1.15709935926e-05, 1.00155129985e-05, 3.88921307604e-06, 2.68881126431e-06, 2.64892833002e-06, 1.91963499674e-06, 1.09431948658e-06, 1.45671970131e-06, 8.15711814539e-07, 4.89451053909e-07, 2.54430659652e-07, 1.83266337217e-07, 6.39408952452e-08, 9.18488751722e-09],
