{
"highlevel": {
    "danceability": {
        "all": {
            "danceable": 0.075881883502,
            "not_danceable": 0.924118101597
        },
        "probability": 0.924118101597,
        "value": "not_danceable"
    },
    "gender": {
        "all": {
            "female": 0.668014466763,
            "male": 0.331985533237
        },
        "probability": 0.668014466763,
        "value": "female"
    },
    "genre_dortmund": {
        "all": {
            "alternative": 0.123140841722,
            "blues": 0.0308899730444,
            "electronic": 0.00673633115366,
            "folkcountry": 0.134522333741,
            "funksoulrnb": 0.00633093295619,
            "jazz": 0.00731339026242,
            "pop": 0.0823097229004,
            "raphiphop": 0.000663567800075,
            "rock": 0.608092904091
        },
        "probability": 0.608092904091,
        "value": "rock"
    },
    "genre_electronic": {
        "all": {
            "ambient": 0.40393692255,
            "dnb": 0.165454998612,
            "house": 0.105632394552,
            "techno": 0.0154774421826,
            "trance": 0.309498250484
        },
        "probability": 0.40393692255,
        "value": "ambient"
    },
    "genre_rosamerica": {
        "all": {
            "cla": 0.00541149545461,
            "dan": 0.0113021545112,
            "hip": 0.00900754984468,
            "jaz": 0.00309509318322,
            "pop": 0.079624183476,
            "rhy": 0.0125068947673,
            "roc": 0.878085672855,
            "spe": 0.000966975756455
        },
        "probability": 0.878085672855,
        "value": "roc"
    },
    "genre_tzanetakis": {
        "all": {
            "blu": 0.0626613423228,
            "cla": 0.0348169617355,
            "cou": 0.104475811124,
            "dis": 0.0784321576357,
            "hip": 0.15692435205,
            "jaz": 0.313974827528,
            "met": 0.0448166541755,
            "pop": 0.0627359300852,
            "reg": 0.0627360641956,
            "roc": 0.0784258767962
        },
        "probability": 0.313974827528,
        "value": "jaz"
    },
    "ismir04_rhythm": {
        "all": {
            "ChaChaCha": 0.251284450293,
            "Jive": 0.692715704441,
            "Quickstep": 0.0094932988286,
            "Rumba-American": 0.00291196629405,
            "Rumba-International": 0.00289551285096,
            "Rumba-Misc": 0.000328994705342,
            "Samba": 0.0258951541036,
            "Tango": 0.0030328433495,
            "VienneseWaltz": 0.0107059329748,
            "Waltz": 0.000736130226869
        },
        "probability": 0.692715704441,
        "value": "Jive"
    },
    "mood_acoustic": {
        "all": {
            "acoustic": 0.0283237565309,
            "not_acoustic": 0.971676230431
        },
        "probability": 0.971676230431,
        "value": "not_acoustic"
    },
    "mood_aggressive": {
        "all": {
            "aggressive": 0.352446556091,
            "not_aggressive": 0.647553443909
        },
        "probability": 0.647553443909,
        "value": "not_aggressive"
    },
    "mood_electronic": {
        "all": {
            "electronic": 0.116383463144,
            "not_electronic": 0.883616507053
        },
        "probability": 0.883616507053,
        "value": "not_electronic"
    },
    "mood_happy": {
        "all": {
            "happy": 0.798198103905,
            "not_happy": 0.201801910996
        },
        "probability": 0.798198103905,
        "value": "happy"
    },
    "mood_party": {
        "all": {
            "not_party": 0.472825497389,
            "party": 0.527174472809
        },
        "probability": 0.527174472809,
        "value": "party"
    },
    "mood_relaxed": {
        "all": {
            "not_relaxed": 0.994098782539,
            "relaxed": 0.00590123841539
        },
        "probability": 0.994098782539,
        "value": "not_relaxed"
    },
    "mood_sad": {
        "all": {
            "not_sad": 0.805119216442,
            "sad": 0.194880798459
        },
        "probability": 0.805119216442,
        "value": "not_sad"
    },
    "moods_mirex": {
        "all": {
            "Cluster1": 0.35527780652,
            "Cluster2": 0.381787478924,
            "Cluster3": 0.0551110394299,
            "Cluster4": 0.11835321784,
            "Cluster5": 0.0894704535604
        },
        "probability": 0.381787478924,
        "value": "Cluster2"
    },
    "timbre": {
        "all": {
            "bright": 0.983606755733,
            "dark": 0.0163932424039
        },
        "probability": 0.983606755733,
        "value": "bright"
    },
    "tonal_atonal": {
        "all": {
            "atonal": 0.00457887304947,
            "tonal": 0.995421111584
        },
        "probability": 0.995421111584,
        "value": "tonal"
    },
    "voice_instrumental": {
        "all": {
            "instrumental": 0.000704266887624,
            "voice": 0.999295711517
        },
        "probability": 0.999295711517,
        "value": "voice"
    }
},
"lowlevel": {
    "average_loudness": 0.963126003742,
    "barkbands_crest": {
        "dmean": 2.50168228149,
        "dmean2": 4.12287521362,
        "dvar": 6.28580284119,
        "dvar2": 16.1859169006,
        "max": 22.9651432037,
        "mean": 7.83144044876,
        "median": 6.82264661789,
        "min": 2.54550743103,
        "var": 13.6294813156
    },
    "barkbands_flatness_db": {
        "dmean": 0.0153005793691,
        "dmean2": 0.02467947267,
        "dvar": 0.00019577878993,
        "dvar2": 0.00047204294242,
        "max": 0.213735863566,
        "mean": 0.101992920041,
        "median": 0.097382850945,
        "min": 0.0556782111526,
        "var": 0.000648647837806
    },
    "barkbands_kurtosis": {
        "dmean": 0.947438597679,
        "dmean2": 1.54904961586,
        "dvar": 1.85082399845,
        "dvar2": 4.42989492416,
        "max": 20.7980670929,
        "mean": 0.186548888683,
        "median": -0.369277238846,
        "min": -1.86542308331,
        "var": 4.00167798996
    },
    "barkbands_skewness": {
        "dmean": 0.344887375832,
        "dmean2": 0.547333478928,
        "dvar": 0.12132716924,
        "dvar2": 0.271912813187,
        "max": 4.30278301239,
        "mean": 0.619378507137,
        "median": 0.539498567581,
        "min": -2.01467061043,
        "var": 0.536239564419
    },
    "barkbands_spread": {
        "dmean": 7.19013404846,
        "dmean2": 11.1872701645,
        "dvar": 42.063747406,
        "dvar2": 95.9278335571,
        "max": 98.2138137817,
        "mean": 34.6333503723,
        "median": 34.1817550659,
        "min": 7.23734712601,
        "var": 168.795211792
    },
    "dissonance": {
        "dmean": 0.0135712642223,
        "dmean2": 0.0228097140789,
        "dvar": 0.000175674373168,
        "dvar2": 0.000479878392071,
        "max": 0.499939739704,
        "mean": 0.478438258171,
        "median": 0.48346555233,
        "min": 0.39171642065,
        "var": 0.000290441355901
    },
    "dynamic_complexity": 2.23987388611,
    "erbbands_crest": {
        "dmean": 3.1204662323,
        "dmean2": 5.1335940361,
        "dvar": 9.60389900208,
        "dvar2": 25.3062419891,
        "max": 29.1782512665,
        "mean": 9.10500240326,
        "median": 7.55784416199,
        "min": 2.4619808197,
        "var": 26.9738368988
    },
    "erbbands_flatness_db": {
        "dmean": 0.0160576663911,
        "dmean2": 0.0238514710218,
        "dvar": 0.000208900179132,
        "dvar2": 0.000453359010862,
        "max": 0.270460546017,
        "mean": 0.145336925983,
        "median": 0.142662808299,
        "min": 0.060855012387,
        "var": 0.00126887275837
    },
    "erbbands_kurtosis": {
        "dmean": 0.722009718418,
        "dmean2": 1.19103658199,
        "dvar": 1.00373113155,
        "dvar2": 2.53309869766,
        "max": 15.8183059692,
        "mean": 0.0239061210304,
        "median": -0.34081697464,
        "min": -1.47452056408,
        "var": 1.82771110535
    },
    "erbbands_skewness": {
        "dmean": 0.37008535862,
        "dmean2": 0.581516087055,
        "dvar": 0.121147274971,
        "dvar2": 0.294761419296,
        "max": 2.80843758583,
        "mean": 0.0308182761073,
        "median": -0.0359280183911,
        "min": -3.13531112671,
        "var": 0.478593319654
    },
    "erbbands_spread": {
        "dmean": 6.79748439789,
        "dmean2": 10.725358963,
        "dvar": 43.4183616638,
        "dvar2": 99.1547164917,
        "max": 85.4957046509,
        "mean": 38.0683174133,
        "median": 34.9233322144,
        "min": 9.10035324097,
        "var": 235.560592651
    },
    "hfc": {
        "dmean": 9.82391452789,
        "dmean2": 14.5608539581,
        "dvar": 220.131668091,
        "dvar2": 530.596069336,
        "max": 228.283233643,
        "mean": 31.454000473,
        "median": 29.1282844543,
        "min": 0.80302387476,
        "var": 515.849304199
    },
    "melbands_crest": {
        "dmean": 3.1435406208,
        "dmean2": 5.23205709457,
        "dvar": 9.36116218567,
        "dvar2": 23.4192962646,
        "max": 29.5616588593,
        "mean": 11.0803165436,
        "median": 9.94608688354,
        "min": 2.59821081161,
        "var": 20.5567474365
    },
    "melbands_flatness_db": {
        "dmean": 0.0192397162318,
        "dmean2": 0.0302793886513,
        "dvar": 0.000336550583597,
        "dvar2": 0.000779805413913,
        "max": 0.313728660345,
        "mean": 0.126162871718,
        "median": 0.122600011528,
        "min": 0.0152988396585,
        "var": 0.00139149127062
    },
    "melbands_kurtosis": {
        "dmean": 2.69480800629,
        "dmean2": 4.31853437424,
        "dvar": 20.4546890259,
        "dvar2": 48.2908210754,
        "max": 77.6943054199,
        "mean": 4.72197723389,
        "median": 2.43407392502,
        "min": -1.83051931858,
        "var": 49.736579895
    },
    "melbands_skewness": {
        "dmean": 0.479962795973,
        "dmean2": 0.744326233864,
        "dvar": 0.254958599806,
        "dvar2": 0.566795825958,
        "max": 7.40596437454,
        "mean": 1.67971885204,
        "median": 1.452896595,
        "min": -0.59972858429,
        "var": 1.27983164787
    },
    "melbands_spread": {
        "dmean": 10.2129583359,
        "dmean2": 16.3496398926,
        "dvar": 135.428009033,
        "dvar2": 308.016357422,
        "max": 211.986862183,
        "mean": 43.4303627014,
        "median": 40.6742286682,
        "min": 5.00777006149,
        "var": 436.994720459
    },
    "pitch_salience": {
        "dmean": 0.0639790222049,
        "dmean2": 0.104806356132,
        "dvar": 0.00294157280587,
        "dvar2": 0.00729716056958,
        "max": 0.833026111126,
        "mean": 0.587314009666,
        "median": 0.596195697784,
        "min": 0.221493929625,
        "var": 0.00957566127181
    },
    "silence_rate_20dB": {
        "dmean": 0,
        "dmean2": 0,
        "dvar": 0,
        "dvar2": 0,
        "max": 1,
        "mean": 1,
        "median": 1,
        "min": 1,
        "var": 0
    },
    "silence_rate_30dB": {
        "dmean": 0,
        "dmean2": 0,
        "dvar": 0,
        "dvar2": 0,
        "max": 1,
        "mean": 1,
        "median": 1,
        "min": 1,
        "var": 0
    },
    "silence_rate_60dB": {
        "dmean": 0.00773993786424,
        "dmean2": 0.0154918665066,
        "dvar": 0.00768006267026,
        "dvar2": 0.0198995005339,
        "max": 1,
        "mean": 0.00928074214607,
        "median": 0,
        "min": 0,
        "var": 0.00919462740421
    },
    "spectral_centroid": {
        "dmean": 274.589324951,
        "dmean2": 442.583374023,
        "dvar": 67704.703125,
        "dvar2": 162441.609375,
        "max": 4555.19726562,
        "mean": 2124.32104492,
        "median": 2118.8659668,
        "min": 476.397338867,
        "var": 255215.546875
    },
    "spectral_complexity": {
        "dmean": 4.73838996887,
        "dmean2": 7.08985280991,
        "dvar": 23.0646495819,
        "dvar2": 47.7903137207,
        "max": 60,
        "mean": 27.6573867798,
        "median": 29,
        "min": 3,
        "var": 115.338905334
    },
    "spectral_decrease": {
        "dmean": 1.74938541431e-09,
        "dmean2": 2.78061773606e-09,
        "dvar": 4.31764829182e-18,
        "dvar2": 1.03346183838e-17,
        "max": -2.21905341324e-10,
        "mean": -5.09368236479e-09,
        "median": -4.45417303041e-09,
        "min": -1.75572854033e-08,
        "var": 8.8366257273e-18
    },
    "spectral_energy": {
        "dmean": 0.00734811509028,
        "dmean2": 0.011606768705,
        "dvar": 7.61575429351e-05,
        "dvar2": 0.000182116156793,
        "max": 0.0731745809317,
        "mean": 0.0220777001232,
        "median": 0.0196381192654,
        "min": 0.000917992845643,
        "var": 0.000163003089256
    },
    "spectral_energyband_high": {
        "dmean": 0.000769724720158,
        "dmean2": 0.00115079001989,
        "dvar": 2.44157263296e-06,
        "dvar2": 5.78447725275e-06,
        "max": 0.02736838907,
        "mean": 0.0018521421589,
        "median": 0.00133575662039,
        "min": 1.94315598492e-05,
        "var": 4.57383748653e-06
    },
    "spectral_energyband_low": {
        "dmean": 0.0024483515881,
        "dmean2": 0.00389841734432,
        "dvar": 1.82837138709e-05,
        "dvar2": 4.40107069153e-05,
        "max": 0.0482163392007,
        "mean": 0.00457373354584,
        "median": 0.0036116335541,
        "min": 4.37106609752e-05,
        "var": 1.94952353922e-05
    },
    "spectral_energyband_middle_high": {
        "dmean": 0.00358838122338,
        "dmean2": 0.00554509647191,
        "dvar": 2.4172853955e-05,
        "dvar2": 5.61813649256e-05,
        "max": 0.064491532743,
        "mean": 0.00967365223914,
        "median": 0.00735272234306,
        "min": 0.00012868885824,
        "var": 7.79135298217e-05
    },
    "spectral_energyband_middle_low": {
        "dmean": 0.00362666463479,
        "dmean2": 0.00591618800536,
        "dvar": 2.91318883683e-05,
        "dvar2": 7.32356929802e-05,
        "max": 0.0557114854455,
        "mean": 0.00755191547796,
        "median": 0.00506472913548,
        "min": 0.00036239423207,
        "var": 5.19121240359e-05
    },
    "spectral_entropy": {
        "dmean": 0.102120250463,
        "dmean2": 0.15498329699,
        "dvar": 0.0102540301159,
        "dvar2": 0.018807657063,
        "max": 8.70016384125,
        "mean": 7.89321947098,
        "median": 7.89312028885,
        "min": 6.83328390121,
        "var": 0.0483428575099
    },
    "spectral_flux": {
        "dmean": 0.0208915770054,
        "dmean2": 0.032021574676,
        "dvar": 0.000454839027952,
        "dvar2": 0.000971996691078,
        "max": 0.21764869988,
        "mean": 0.0857287868857,
        "median": 0.081146530807,
        "min": 0.0165550243109,
        "var": 0.00123161741067
    },
    "spectral_kurtosis": {
        "dmean": 0.911869883537,
        "dmean2": 1.54650890827,
        "dvar": 0.749089896679,
        "dvar2": 2.13506650925,
        "max": 9.65946292877,
        "mean": 2.7036883831,
        "median": 2.48176813126,
        "min": -0.427371740341,
        "var": 1.84842932224
    },
    "spectral_rms": {
        "dmean": 0.000730671104975,
        "dmean2": 0.00112691498362,
        "dvar": 6.01657291099e-07,
        "dvar2": 1.38222094392e-06,
        "max": 0.0084492508322,
        "mean": 0.0044552013278,
        "median": 0.00437711551785,
        "min": 0.000946362910327,
        "var": 1.69043289588e-06
    },
    "spectral_rolloff": {
        "dmean": 675.830322266,
        "dmean2": 1104.6328125,
        "dvar": 571038.125,
        "dvar2": 1182715.75,
        "max": 9754.54101562,
        "mean": 2660.92285156,
        "median": 2648.58398438,
        "min": 150.732421875,
        "var": 1790413.5
    },
    "spectral_skewness": {
        "dmean": 0.15012536943,
        "dmean2": 0.243746593595,
        "dvar": 0.0174137614667,
        "dvar2": 0.0434379801154,
        "max": 2.39292025566,
        "mean": 1.07161593437,
        "median": 1.04967594147,
        "min": 0.272612214088,
        "var": 0.0651348531246
    },
    "spectral_spread": {
        "dmean": 398464.65625,
        "dmean2": 578005.6875,
        "dvar": 252557557760,
        "dvar2": 422063964160,
        "max": 14563848,
        "mean": 4407929,
        "median": 4264792.5,
        "min": 2270476.5,
        "var": 1.04891613184e+12
    },
    "spectral_strongpeak": {
        "dmean": 0.860923111439,
        "dmean2": 1.40499210358,
        "dvar": 1.21665978432,
        "dvar2": 2.7789516449,
        "max": 8.90016460419,
        "mean": 1.49633467197,
        "median": 0.610733807087,
        "min": 0.0235832743347,
        "var": 2.95335125923
    },
    "zerocrossingrate": {
        "dmean": 0.0107856495306,
        "dmean2": 0.0126537084579,
        "dvar": 0.000133265770273,
        "dvar2": 0.000164201686857,
        "max": 0.28466796875,
        "mean": 0.0927900522947,
        "median": 0.08837890625,
        "min": 0.02392578125,
        "var": 0.000947582942899
    },
    "barkbands": {
        "dmean": [5.12436054123e-05, 0.0015202263603, 0.00090345798526, 0.00099147146102, 0.00082128070062, 0.000557076709811, 0.000611010240391, 0.000319711922202, 0.000918202335015, 0.00169525353704, 0.00113184808288, 0.000552753510419, 0.000325820205035, 0.000615992525127, 0.000483047333546, 0.000225214622333, 0.000311899726512, 0.00039427386946, 0.00038899332867, 0.000303468172206, 0.000207710399991, 0.000234440551139, 0.000164437937201, 9.44655621424e-05, 7.24267665646e-05, 4.71020684927e-05, 2.89971047174e-09],
        "dmean2": [8.23367081466e-05, 0.00256706937216, 0.00149705773219, 0.00169400044251, 0.00141081865877, 0.000950294604991, 0.0010544473771, 0.000530198041815, 0.00142472086009, 0.00270557799377, 0.001887054299, 0.000875047699083, 0.000528278877027, 0.00101226090919, 0.000775219115894, 0.000375611009076, 0.000512117228936, 0.000641603895929, 0.000643335166387, 0.000507946882863, 0.000336198048899, 0.00037089761463, 0.000247575080721, 0.000143253826536, 0.000112895526399, 7.21463875379e-05, 3.61172403096e-09],
        "dvar": [4.74470240874e-09, 9.51004130911e-06, 2.89488002636e-06, 2.99798716696e-06, 1.86152533388e-06, 8.68655718023e-07, 3.8690841393e-06, 6.77931382143e-07, 6.5296108005e-06, 1.8647278921e-05, 1.01751193142e-05, 2.42653845817e-06, 4.30091546377e-07, 1.39865676374e-06, 7.07132187472e-07, 1.41884214599e-07, 3.05779451537e-07, 3.20017164768e-07, 3.03002764213e-07, 1.87279027841e-07, 1.0084398383e-07, 1.71392542825e-07, 1.77138261392e-07, 1.05813597884e-07, 5.27278665174e-08, 1.0872403422e-08, 5.46366278297e-15],
        "dvar2": [1.07654738457e-08, 2.4669463528e-05, 7.38493645258e-06, 7.9713154264e-06, 5.37813593837e-06, 2.34351932704e-06, 1.03856964415e-05, 1.8681482743e-06, 1.48456956595e-05, 4.36990048911e-05, 2.70979089692e-05, 5.72933276999e-06, 9.96972175926e-07, 3.66914764527e-06, 1.46890840824e-06, 3.87316390515e-07, 8.1051956613e-07, 8.10791618733e-07, 7.67367794197e-07, 4.97130088206e-07, 2.51131922369e-07, 4.13280702105e-07, 4.08268221008e-07, 2.62643823135e-07, 1.2884245848e-07, 2.50586857931e-08, 5.46691369542e-15],
        "max": [0.000691839144565, 0.0336828604341, 0.0150201665238, 0.0161819346249, 0.0112243574113, 0.0132522545755, 0.0432353615761, 0.0173452664167, 0.0500781014562, 0.0498300604522, 0.0425840355456, 0.0266917683184, 0.0112995859236, 0.0207775533199, 0.0132328569889, 0.00542992725968, 0.0113818766549, 0.00835347175598, 0.00621236441657, 0.00467755319551, 0.0053244587034, 0.00694519560784, 0.00733976857737, 0.00878647435457, 0.00519480276853, 0.00159943895414, 2.65883727479e-06],
        "mean": [8.1398342445e-05, 0.00245424802415, 0.00130419537891, 0.00135339377448, 0.00125279580243, 0.000833807745948, 0.00076210743282, 0.000496035325341, 0.00132861337624, 0.00263250339776, 0.00177217763849, 0.000778713729233, 0.000514245941304, 0.00094606768107, 0.000816638872493, 0.00039397313958, 0.000579881540034, 0.00082637462765, 0.000762245443184, 0.000602778512985, 0.000453585409559, 0.000502058828715, 0.000295361678582, 0.000164348355611, 0.000101892161183, 6.82662939653e-05, 2.76823675094e-09],
        "median": [5.07157819811e-05, 0.00189765915275, 0.000769038568251, 0.000871152093168, 0.000813657359686, 0.000530052522663, 0.000381803169148, 0.000198559777346, 0.000340836384567, 0.000540824548807, 0.000211058271816, 0.000320362509228, 0.000249425851507, 0.000428673462011, 0.000381368212402, 0.000207087185117, 0.000390950590372, 0.000569533731323, 0.000566475559026, 0.000420785247115, 0.000338786136126, 0.000350825983332, 0.000160245414008, 7.10263921064e-05, 2.95120898954e-05, 2.10406851693e-05, 3.11055903257e-10],
        "min": [6.15832220774e-07, 4.07383504353e-06, 4.67292011308e-06, 1.24694006445e-05, 2.8355865652e-05, 1.98186098714e-05, 6.50920446787e-06, 2.64512664216e-06, 4.44430270363e-06, 3.95321785618e-06, 8.50314449963e-07, 2.92650338451e-06, 1.26119994093e-05, 2.78652714769e-06, 9.1422703008e-07, 7.1423778536e-07, 5.3731864682e-06, 3.09847496283e-06, 4.73692665537e-07, 3.23467270391e-06, 4.49152685178e-06, 4.25953703598e-06, 1.93626533473e-06, 1.87728585388e-06, 1.22635031019e-08, 2.22372797259e-11, 2.57665885156e-11],
        "var": [7.76510411526e-09, 8.08702770883e-06, 2.92656045531e-06, 3.13235841531e-06, 2.08496612686e-06, 9.8604368759e-07, 3.24174084199e-06, 9.28213864881e-07, 1.4140328858e-05, 3.87683794543e-05, 2.1297366402e-05, 3.24535835716e-06, 7.16181716598e-07, 2.04791467695e-06, 1.54969200139e-06, 3.44589409451e-07, 5.09264395987e-07, 8.26508710361e-07, 5.90170373016e-07, 3.37517462867e-07, 2.02011577244e-07, 3.66164186971e-07, 2.54090167573e-07, 1.28066730554e-07, 7.25029067894e-08, 1.75006693581e-08, 5.46157315269e-15]
    },
    "erbbands": {
        "dmean": [0.0380095131695, 0.3672491014, 0.90804952383, 2.28074979782, 2.75872445107, 2.82720398903, 3.38478183746, 5.39100933075, 9.42214775085, 7.23312091827, 7.65792274475, 19.5197124481, 60.1900634766, 30.8016643524, 40.5564613342, 24.4380607605, 14.7939176559, 29.1436901093, 22.453710556, 23.5095939636, 10.7178239822, 14.8289909363, 19.6792907715, 19.3942432404, 18.6322917938, 15.112616539, 9.09028816223, 8.57475662231, 8.60658550262, 7.1123046875, 4.22564315796, 2.39436340332, 1.42475509644, 0.905860722065, 0.484393179417, 0.220144569874, 0.0990975946188, 0.00850910786539, 0.000153010143549, 1.50945861606e-05],
        "dmean2": [0.0652965307236, 0.619743227959, 1.49779331684, 3.84976863861, 4.76636171341, 4.82375621796, 5.80175685883, 9.13263130188, 16.101644516, 12.0805025101, 12.2388715744, 30.6021976471, 97.7070617676, 48.005317688, 68.3980255127, 39.0564155579, 23.6699676514, 47.8402404785, 35.7591552734, 37.153755188, 17.2923355103, 24.1683158875, 31.3608665466, 32.1554794312, 30.9408187866, 25.4064102173, 15.0489311218, 13.6791143417, 13.5986652374, 11.1129465103, 6.40602684021, 3.66055369377, 2.18479394913, 1.41691017151, 0.758496463299, 0.346347928047, 0.152427554131, 0.013416973874, 0.000236838110141, 2.25162166316e-05],
        "dvar": [0.00575463706627, 0.585998177528, 3.22725820541, 11.3458776474, 27.5278816223, 20.436170578, 37.4771614075, 93.6229476929, 815.485778809, 265.975494385, 430.36807251, 3478.94848633, 24433.6582031, 6251.43212891, 13329.2382812, 5460.84667969, 956.849060059, 3010.74633789, 1405.36425781, 1894.58459473, 269.508728027, 640.083129883, 897.325195312, 758.001159668, 783.080810547, 508.83706665, 201.048187256, 188.858581543, 236.695892334, 213.801330566, 119.598381042, 45.8752059937, 30.1888942719, 7.84617471695, 2.64652752876, 0.330265402794, 0.0498088933527, 0.000368879467715, 1.10905531869e-07, 5.10631981143e-10],
        "dvar2": [0.0145932510495, 1.54976332188, 8.22336483002, 29.6730995178, 78.4897537231, 54.8582115173, 104.358161926, 251.739639282, 2097.1875, 740.143005371, 1136.80993652, 8628.24121094, 58759.9765625, 14679.4550781, 37160.046875, 13387.1289062, 2203.26098633, 7887.31933594, 3439.49072266, 4380.02539062, 683.380737305, 1608.53503418, 2325.45092773, 1861.40917969, 2031.60302734, 1358.8215332, 520.494262695, 454.837493896, 564.592834473, 524.000549316, 277.08795166, 105.807792664, 77.8900985718, 19.5896644592, 6.29348373413, 0.7955301404, 0.108670964837, 0.000799160334282, 2.41981581439e-07, 1.13424125647e-09],
        "max": [0.840852916241, 8.48326206207, 17.1604423523, 27.5935440063, 58.1628761292, 43.0912818909, 54.1307373047, 152.395446777, 745.687255859, 259.559814453, 335.239532471, 1083.34313965, 1807.33056641, 2456.03515625, 1795.60229492, 1341.52087402, 610.336486816, 848.514831543, 487.825042725, 653.333129883, 274.894470215, 582.320678711, 546.423278809, 467.222198486, 316.865386963, 252.061065674, 150.190338135, 273.667297363, 280.458404541, 191.641525269, 211.155441284, 162.133865356, 141.773910522, 60.8645706177, 37.5346603394, 7.51587247849, 4.79882526398, 0.442955613136, 0.00740604288876, 0.000415874470491],
        "mean": [0.0566619150341, 0.598576009274, 1.37085771561, 3.53920483589, 3.93656015396, 4.1395111084, 4.94573020935, 7.58580589294, 12.115228653, 9.83889007568, 12.3378744125, 28.4939422607, 92.0301742554, 53.0153274536, 68.3753890991, 35.5578613281, 25.6606464386, 48.4067840576, 39.0585479736, 40.5492973328, 22.1659965515, 31.1005992889, 43.5159301758, 41.8923301697, 37.2100296021, 30.2602710724, 18.8414077759, 18.4180164337, 17.7074699402, 14.0791521072, 7.62338685989, 4.36803150177, 2.19668674469, 1.29971730709, 0.647608757019, 0.300814539194, 0.139995843172, 0.0109247649089, 0.000219762368943, 4.02624282287e-05],
        "median": [0.0383181869984, 0.464550614357, 0.856804251671, 2.63885760307, 2.47628688812, 2.57594323158, 2.51739478111, 4.23192596436, 6.44365882874, 4.13989973068, 5.44629383087, 8.67965984344, 18.9087104797, 14.66102314, 11.7213306427, 15.7583189011, 13.738530159, 23.5075550079, 21.414932251, 19.2036762238, 13.9590873718, 22.6877841949, 31.9091682434, 29.3955440521, 27.8738536835, 20.8345508575, 14.0479211807, 12.6732749939, 12.1867017746, 8.61131191254, 4.2544054985, 2.08583927155, 0.825026988983, 0.395268410444, 0.179042249918, 0.0862557515502, 0.0410852134228, 0.00299549195915, 7.52710184315e-05, 3.29031718138e-05],
        "min": [0.000230758480029, 0.00140055583324, 0.0115784201771, 0.0423900336027, 0.0511362887919, 0.111429549754, 0.106739498675, 0.182390332222, 0.244299724698, 0.127931088209, 0.0999594330788, 0.123053260148, 0.233387455344, 0.0874648615718, 0.117435626686, 0.355616509914, 0.677993297577, 0.283832520247, 0.0583793446422, 0.0957078635693, 0.0766798481345, 0.278427809477, 0.270544707775, 0.10719832778, 0.0718866214156, 0.175303384662, 0.208940044045, 0.150775507092, 0.170225068927, 0.0999693349004, 0.0463818795979, 0.0387668535113, 0.0152684021741, 0.00937111210078, 0.00176644651219, 0.000259351538261, 4.19777170464e-05, 3.14177987093e-06, 9.35475554797e-07, 1.20888500987e-06],
        "var": [0.00507809780538, 0.481511175632, 3.05911612511, 12.7271108627, 25.8562240601, 26.0870666504, 41.7301330566, 104.102752686, 763.172119141, 268.423065186, 572.831848145, 5551.80517578, 47918.0976562, 18816.8808594, 27988.6191406, 6412.78320312, 1607.3380127, 4930.35058594, 2889.48852539, 3653.32592773, 729.788513184, 1394.94384766, 2154.63842773, 1962.75585938, 1352.09069824, 861.901184082, 328.892791748, 396.845703125, 483.336853027, 368.05090332, 174.845703125, 69.4622573853, 30.6440143585, 10.7211713791, 3.5157597065, 0.39124584198, 0.0896891877055, 0.00072109606117, 2.21291074354e-07, 1.11138664938e-09]
    },
    "gfcc": {
        "mean": [36.070274353, 66.9167785645, -132.843780518, 48.2344970703, -60.0580329895, 21.3511962891, -30.1136627197, 10.420539856, -26.6796474457, 3.75468301773, -20.0966339111, 4.52202796936, -15.3124303818],
        "cov": [[1718.65771484, -645.209777832, -64.0453948975, -201.179885864, -17.6832180023, 21.0090866089, 17.241985321, 115.77066803, -105.848426819, 7.7384557724, -127.886207581, 73.4491958618, -89.30859375], [-645.209777832, 581.737426758, -86.3230133057, 99.5015716553, 17.5626430511, -15.2326002121, 57.1130104065, -58.2461853027, 65.8815231323, -48.1985702515, 87.3531112671, -70.6747436523, 69.154914856], [-64.0453948975, -86.3230133057, 507.471740723, 82.4657897949, -23.4346733093, 26.2432937622, -128.519012451, 6.26281785965, -11.4859514236, 82.4181289673, -10.9994306564, 21.839509964, -55.3087997437], [-201.179885864, 99.5015716553, 82.4657897949, 238.81842041, 5.37507867813, -3.89813971519, -56.686252594, -26.6420154572, 57.7932281494, -13.7223615646, 27.2513484955, -36.2213439941, 31.2402610779], [-17.6832180023, 17.5626430511, -23.4346733093, 5.37507867813, 160.042205811, 6.60726261139, 29.4009132385, 12.5819072723, 10.9436264038, 7.23642110825, -34.4291572571, 12.0874710083, -17.4571800232], [21.0090866089, -15.2326002121, 26.2432937622, -3.89813971519, 6.60726261139, 144.150680542, 30.9473419189, -2.83962917328, -46.6810417175, -4.11029529572, 35.8438606262, -13.9076576233, 8.73153305054], [17.241985321, 57.1130104065, -128.519012451, -56.686252594, 29.4009132385, 30.9473419189, 156.503494263, 34.7822570801, -3.50161528587, -38.0181846619, -12.4561977386, 3.00202941895, 6.89692497253], [115.77066803, -58.2461853027, 6.26281785965, -26.6420154572, 12.5819072723, -2.83962917328, 34.7822570801, 98.4732513428, 27.2754268646, 3.66194868088, -37.6287651062, 2.12531137466, -9.95418548584], [-105.848426819, 65.8815231323, -11.4859514236, 57.7932281494, 10.9436264038, -46.6810417175, -3.50161528587, 27.2754268646, 105.38709259, 9.23735713959, -21.8541240692, -18.126537323, 1.79412102699], [7.7384557724, -48.1985702515, 82.4181289673, -13.7223615646, 7.23642110825, -4.11029529572, -38.0181846619, 3.66194868088, 9.23735713959, 83.4250259399, 14.6620674133, 6.84648370743, -38.0961227417], [-127.886207581, 87.3531112671, -10.9994306564, 27.2513484955, -34.4291572571, 35.8438606262, -12.4561977386, -37.6287651062, -21.8541240692, 14.6620674133, 108.74281311, 1.30339181423, 12.3090381622], [73.4491958618, -70.6747436523, 21.839509964, -36.2213439941, 12.0874710083, -13.9076576233, 3.00202941895, 2.12531137466, -18.126537323, 6.84648370743, 1.30339181423, 80.9012832642, 1.51541292667], [-89.30859375, 69.154914856, -55.3087997437, 31.2402610779, -17.4571800232, 8.73153305054, 6.89692497253, -9.95418548584, 1.79412102699, -38.0961227417, 12.3090381622, 1.51541292667, 85.9670028687]],
        "icov": [[0.00116076890845, 0.000985769904219, 0.000466287310701, -3.38956597261e-05, 0.000285233894829, -0.000149945903104, 0.000136649570777, -0.000852665223647, 0.000786727818195, 0.000219144829316, 0.00054198334692, -0.000248846918112, 0.000696150702424], [0.000985769904219, 0.00541960960254, -0.0014597986592, 0.00138109805994, -0.00229524332099, 0.00268062390387, -0.00307398242876, 0.00214444915764, -0.00312423775904, 0.00321642262861, -0.00571179855615, 0.00488569959998, -0.00279789068736], [0.000466287310701, -0.0014597986592, 0.00492465868592, -0.00303589785472, 0.00251992163248, -0.00309602124617, 0.00352291180752, -0.00252369814552, 0.00334994448349, -0.00419553695247, 0.00521468231454, -0.00440593296662, 0.00358352903277], [-3.38956597261e-05, 0.00138109805994, -0.00303589785472, 0.00908991135657, -0.00311083323322, 0.000986497965641, 0.000945043342654, 0.00261444761418, -0.00694057717919, 0.00576105993241, -0.00586942536756, 0.00477384543046, -0.00345358368941], [0.000285233894829, -0.00229524332099, 0.00251992163248, -0.00311083323322, 0.00974004436284, -0.00342651829123, 0.000374058960006, -0.00118878192734, 0.00246277917176, -0.00449792435393, 0.00777525268495, -0.00563170621172, 0.00399402109906], [-0.000149945903104, 0.00268062390387, -0.00309602124617, 0.000986497965641, -0.00342651829123, 0.0130050070584, -0.00525921070948, 0.000427454186138, 0.00264793355018, 0.00178303569555, -0.0080080665648, 0.00734179839492, -0.00445574801415], [0.000136649570777, -0.00307398242876, 0.00352291180752, 0.000945043342654, 0.000374058960006, -0.00525921070948, 0.0137789482251, -0.00546066649258, 0.0010878109606, 0.00258938595653, 0.00375502090901, -0.00477756466717, 0.00408162316307], [-0.000852665223647, 0.00214444915764, -0.00252369814552, 0.00261444761418, -0.00118878192734, 0.000427454186138, -0.00546066649258, 0.0171022117138, -0.00778295006603, 0.000599171966314, -0.000240201799897, 0.00276251044124, -0.00263744196855], [0.000786727818195, -0.00312423775904, 0.00334994448349, -0.00694057717919, 0.00246277917176, 0.00264793355018, 0.0010878109606, -0.00778295006603, 0.0214153118432, -0.00829496607184, 0.0080691780895, -0.00187133904546, 0.00200549396686], [0.000219144829316, 0.00321642262861, -0.00419553695247, 0.00576105993241, -0.00449792435393, 0.00178303569555, 0.00258938595653, 0.000599171966314, -0.00829496607184, 0.0252657812089, -0.011330015026, 0.00329017150216, 0.00454842904583], [0.00054198334692, -0.00571179855615, 0.00521468231454, -0.00586942536756, 0.00777525268495, -0.0080080665648, 0.00375502090901, -0.000240201799897, 0.0080691780895, -0.011330015026, 0.0246652085334, -0.00989738013595, 0.00416249688715], [-0.000248846918112, 0.00488569959998, -0.00440593296662, 0.00477384543046, -0.00563170621172, 0.00734179839492, -0.00477756466717, 0.00276251044124, -0.00187133904546, 0.00329017150216, -0.00989738013595, 0.0219904705882, -0.00741778081283], [0.000696150702424, -0.00279789068736, 0.00358352903277, -0.00345358368941, 0.00399402109906, -0.00445574801415, 0.00408162316307, -0.00263744196855, 0.00200549396686, 0.00454842904583, 0.00416249688715, -0.00741778081283, 0.0203061793]]
    },
    "melbands": {
        "dmean": [0.000385572115192, 0.000468194804853, 0.000408423657063, 0.000174235450686, 0.000127155522932, 0.000120589400467, 0.000138396266266, 7.62221970945e-05, 7.03885671101e-05, 0.000133775596623, 0.000303968292428, 0.000123649151647, 0.000156982583576, 7.16398935765e-05, 4.53352222394e-05, 3.31472692778e-05, 6.18644844508e-05, 3.90052809962e-05, 3.50611589965e-05, 2.36468586081e-05, 1.408231401e-05, 1.68987335201e-05, 1.85290318768e-05, 2.04526895686e-05, 1.69863069459e-05, 1.48552289829e-05, 1.31629512907e-05, 1.00295810626e-05, 6.5192848524e-06, 4.90506045026e-06, 5.81561107538e-06, 5.4977435866e-06, 4.53471920991e-06, 3.99139480578e-06, 2.79592154584e-06, 1.83288648259e-06, 1.43918919093e-06, 1.04963726244e-06, 9.23154289012e-07, 7.76569322625e-07],
        "dmean2": [0.000655002484564, 0.000769372156356, 0.000694515416399, 0.000298272323562, 0.000215738153202, 0.000202747367439, 0.000238434120547, 0.000126771847135, 0.0001113751714, 0.000211109683733, 0.000492279708851, 0.000193035142729, 0.000264724338194, 0.000115731512778, 7.25060672266e-05, 5.29394383193e-05, 0.000101474033727, 6.30805661785e-05, 5.55122605874e-05, 3.85820712836e-05, 2.31524663832e-05, 2.7597974622e-05, 2.966408465e-05, 3.35814729624e-05, 2.82328292087e-05, 2.47309017141e-05, 2.20833044295e-05, 1.6970503566e-05, 1.08290550997e-05, 7.88869147073e-06, 9.54388087848e-06, 8.75408113643e-06, 7.27603946871e-06, 6.18699095867e-06, 4.35800893683e-06, 2.74473381978e-06, 2.26342513088e-06, 1.66337690644e-06, 1.4761900502e-06, 1.22689687032e-06],
        "dvar": [5.90846070736e-07, 8.70621647664e-07, 4.30345039604e-07, 7.80513147447e-08, 5.30579846725e-08, 4.192505898e-08, 1.76245762873e-07, 2.76598992599e-08, 4.2747085871e-08, 1.39393662835e-07, 6.23188043392e-07, 1.10676666054e-07, 2.03621141281e-07, 2.86997838828e-08, 1.60870055055e-08, 5.17526999033e-09, 1.52115688934e-08, 5.20512744018e-09, 5.29692512075e-09, 1.57154222968e-09, 5.8032795236e-10, 1.04386499444e-09, 6.8941946596e-10, 1.01745800674e-09, 6.43342268347e-10, 4.23454077358e-10, 3.78971687365e-10, 2.38609076941e-10, 1.05264838512e-10, 5.25368255844e-11, 8.76415676143e-11, 1.00071208264e-10, 6.15227382927e-11, 7.8713827123e-11, 5.13564225868e-11, 2.1445260498e-11, 2.19749184127e-11, 1.99556569186e-11, 8.44694106328e-12, 5.32002827208e-12],
        "dvar2": [1.51309495777e-06, 2.19130447476e-06, 1.12319185064e-06, 2.17317889906e-07, 1.48450851611e-07, 1.11901940159e-07, 4.63858924604e-07, 7.62199761084e-08, 1.08158374701e-07, 3.31444908852e-07, 1.48923334109e-06, 2.59078802856e-07, 5.52864378278e-07, 6.94559219028e-08, 3.69615484885e-08, 1.20202381382e-08, 4.00878512608e-08, 1.29777442126e-08, 1.05675992401e-08, 4.16680157045e-09, 1.46704415283e-09, 2.73227462877e-09, 1.77499193121e-09, 2.63907828923e-09, 1.6272568848e-09, 1.07348019363e-09, 9.99779259381e-10, 6.35828056872e-10, 2.75458544863e-10, 1.28623625639e-10, 2.17378892664e-10, 2.44289283247e-10, 1.57500235076e-10, 1.91498317204e-10, 1.23754659298e-10, 4.57048704439e-11, 5.58028068198e-11, 5.28720470183e-11, 2.17734684449e-11, 1.31462158867e-11],
        "max": [0.00806358456612, 0.0094888843596, 0.00613198895007, 0.00263743987307, 0.00216526445001, 0.00308107375167, 0.0101641248912, 0.00228126114234, 0.00425411574543, 0.00637602293864, 0.00914938189089, 0.00981738604605, 0.00579904392362, 0.00251090549864, 0.00228377454914, 0.0013218333479, 0.00200380058959, 0.000952173490077, 0.0014168843627, 0.000485957658384, 0.000451076717582, 0.00067317916546, 0.000372322450858, 0.000598421320319, 0.00045836091158, 0.000244667084189, 0.000252839294262, 0.000145027908729, 9.98114192043e-05, 0.000113966700155, 0.000177051711944, 0.000172079046024, 0.000149168728967, 0.000128883781144, 0.000137339666253, 8.85665067472e-05, 0.000117101932119, 0.000116474504466, 6.39201898593e-05, 4.54510700365e-05],
        "mean": [0.000618966936599, 0.000778835848905, 0.000631492235698, 0.000277967134025, 0.000183332755114, 0.000174764514668, 0.000177731126314, 0.000104207807453, 0.000108286665636, 0.000195200074813, 0.000459171831608, 0.000202919880394, 0.000252567057032, 0.000107002793811, 6.57866112306e-05, 5.44296963199e-05, 9.63039201451e-05, 6.13256343058e-05, 5.86903770454e-05, 3.97010335291e-05, 2.48358155659e-05, 3.11730764224e-05, 3.72586546291e-05, 4.09510066675e-05, 3.3074629755e-05, 2.71982698905e-05, 2.45419014391e-05, 1.8662374714e-05, 1.20069553304e-05, 9.92436162051e-06, 1.12063671622e-05, 1.03507109088e-05, 9.00510349311e-06, 7.18774253983e-06, 4.69844462714e-06, 3.19328501064e-06, 2.42061173594e-06, 1.55870213803e-06, 1.24164580484e-06, 1.06724098714e-06],
        "median": [0.000469014514238, 0.000561581342481, 0.000456828100141, 0.000189224214409, 9.41400794545e-05, 0.000103390899312, 9.44788334891e-05, 4.20441065216e-05, 4.3935058784e-05, 5.35740073246e-05, 8.90002265805e-05, 4.76789427921e-05, 3.15158649755e-05, 3.87231812056e-05, 3.17005360557e-05, 2.59229709627e-05, 4.17366354668e-05, 2.98702780128e-05, 2.55365503108e-05, 1.88967223949e-05, 1.55468187586e-05, 2.19218145503e-05, 2.49704044109e-05, 2.6662430173e-05, 2.1562580514e-05, 1.94236381503e-05, 1.63337808772e-05, 1.24875632537e-05, 8.31487250252e-06, 6.95843345966e-06, 7.61055980547e-06, 6.8812214522e-06, 5.79683501201e-06, 3.96848190576e-06, 2.62144521912e-06, 1.6045950133e-06, 1.09771212919e-06, 5.48308833004e-07, 4.19155838927e-07, 2.85535378453e-07],
        "min": [2.03428726309e-06, 3.61583215636e-06, 8.22793572297e-06, 5.35756498721e-06, 5.10783274876e-06, 2.69597057923e-06, 2.00711997422e-06, 1.10385258267e-06, 4.88857551773e-07, 4.86016119794e-07, 8.25171753149e-07, 2.47335577797e-07, 2.67037563617e-07, 3.42735347658e-07, 1.29319209918e-06, 8.37993525238e-07, 2.64188116716e-07, 8.09265188195e-08, 7.57622728997e-08, 9.14331366175e-08, 5.17483620399e-08, 1.66460438322e-07, 4.54481465795e-07, 7.91032448433e-08, 4.70519374574e-08, 1.86912103572e-08, 8.39341680603e-08, 1.0507282866e-07, 5.69435734121e-08, 4.63755185365e-08, 6.54673897316e-08, 8.73953709402e-08, 9.4781356097e-08, 4.49518857693e-08, 1.93248066438e-08, 2.9146015379e-08, 8.59301696465e-09, 7.23881043996e-09, 4.25381907476e-09, 2.07436342409e-11],
