{
"highlevel": {
    "danceability": {
        "all": {
            "danceable": 0.435439825058,
            "not_danceable": 0.564560174942
        },
        "probability": 0.564560174942,
        "value": "not_danceable"
    },
    "gender": {
        "all": {
            "female": 0.123016372323,
            "male": 0.876983642578
        },
        "probability": 0.876983642578,
        "value": "male"
    },
    "genre_dortmund": {
        "all": {
            "alternative": 0.171087935567,
            "blues": 0.151985913515,
            "electronic": 0.13045501709,
            "folkcountry": 0.0488011650741,
            "funksoulrnb": 0.0227144770324,
            "jazz": 0.0499967783689,
            "pop": 0.0527147091925,
            "raphiphop": 0.083657078445,
            "rock": 0.288586944342
        },
        "probability": 0.288586944342,
        "value": "rock"
    },
    "genre_electronic": {
        "all": {
            "ambient": 0.303719252348,
            "dnb": 0.199264392257,
            "house": 0.073763564229,
            "techno": 0.0358632355928,
            "trance": 0.387389570475
        },
        "probability": 0.387389570475,
        "value": "trance"
    },
    "genre_rosamerica": {
        "all": {
            "cla": 0.00763303088024,
            "dan": 0.0961956530809,
            "hip": 0.014109544456,
            "jaz": 0.00431293109432,
            "pop": 0.17996391654,
            "rhy": 0.010260575451,
            "roc": 0.684374094009,
            "spe": 0.00315026892349
        },
        "probability": 0.684374094009,
        "value": "roc"
    },
    "genre_tzanetakis": {
        "all": {
            "blu": 0.074180662632,
            "cla": 0.0411817468703,
            "cou": 0.0741286799312,
            "dis": 0.0741638019681,
            "hip": 0.185513496399,
            "jaz": 0.185747429729,
            "met": 0.0742861703038,
            "pop": 0.123772397637,
            "reg": 0.0742403715849,
            "roc": 0.0927852392197
        },
        "probability": 0.185747429729,
        "value": "jaz"
    },
    "ismir04_rhythm": {
        "all": {
            "ChaChaCha": 0.865545213223,
            "Jive": 0.044733364135,
            "Quickstep": 0.00313563901,
            "Rumba-American": 0.00580095453188,
            "Rumba-International": 0.00612694583833,
            "Rumba-Misc": 0.00136715790723,
            "Samba": 0.0198485702276,
            "Tango": 0.0128274532035,
            "VienneseWaltz": 0.0385063253343,
            "Waltz": 0.00210840580985
        },
        "probability": 0.865545213223,
        "value": "ChaChaCha"
    },
    "mood_acoustic": {
        "all": {
            "acoustic": 0.0125883063301,
            "not_acoustic": 0.987411677837
        },
        "probability": 0.987411677837,
        "value": "not_acoustic"
    },
    "mood_aggressive": {
        "all": {
            "aggressive": 0.867214798927,
            "not_aggressive": 0.132785201073
        },
        "probability": 0.867214798927,
        "value": "aggressive"
    },
    "mood_electronic": {
        "all": {
            "electronic": 0.727752447128,
            "not_electronic": 0.272247552872
        },
        "probability": 0.727752447128,
        "value": "electronic"
    },
    "mood_happy": {
        "all": {
            "happy": 0.318718135357,
            "not_happy": 0.681281864643
        },
        "probability": 0.681281864643,
        "value": "not_happy"
    },
    "mood_party": {
        "all": {
            "not_party": 0.445999383926,
            "party": 0.554000616074
        },
        "probability": 0.554000616074,
        "value": "party"
    },
    "mood_relaxed": {
        "all": {
            "not_relaxed": 0.974046349525,
            "relaxed": 0.0259536597878
        },
        "probability": 0.974046349525,
        "value": "not_relaxed"
    },
    "mood_sad": {
        "all": {
            "not_sad": 0.846694767475,
            "sad": 0.153305262327
        },
        "probability": 0.846694767475,
        "value": "not_sad"
    },
    "moods_mirex": {
        "all": {
            "Cluster1": 0.256422162056,
            "Cluster2": 0.0612397789955,
            "Cluster3": 0.213010504842,
            "Cluster4": 0.0535480082035,
            "Cluster5": 0.415779531002
        },
        "probability": 0.415779531002,
        "value": "Cluster5"
    },
    "timbre": {
        "all": {
            "bright": 0.690748274326,
            "dark": 0.309251725674
        },
        "probability": 0.690748274326,
        "value": "bright"
    },
    "tonal_atonal": {
        "all": {
            "atonal": 0.0414310507476,
            "tonal": 0.958568930626
        },
        "probability": 0.958568930626,
        "value": "tonal"
    },
    "voice_instrumental": {
        "all": {
            "instrumental": 0.0343491919339,
            "voice": 0.96565079689
        },
        "probability": 0.96565079689,
        "value": "voice"
    }
},
"lowlevel": {
    "average_loudness": 0.975007772446,
    "barkbands_crest": {
        "dmean": 3.94556069374,
        "dmean2": 6.81298780441,
        "dvar": 11.1822729111,
        "dvar2": 32.2987937927,
        "max": 23.5364494324,
        "mean": 10.2785110474,
        "median": 9.26404857635,
        "min": 2.98518943787,
        "var": 19.4294567108
    },
    "barkbands_flatness_db": {
        "dmean": 0.0282534938306,
        "dmean2": 0.0482718162239,
        "dvar": 0.000651977316011,
        "dvar2": 0.00183846906293,
        "max": 0.304809510708,
        "mean": 0.154499992728,
        "median": 0.15217281878,
        "min": 0.0538445301354,
        "var": 0.00178502721246
    },
    "barkbands_kurtosis": {
        "dmean": 2.03644990921,
        "dmean2": 3.58278155327,
        "dvar": 6.80469369888,
        "dvar2": 20.0396823883,
        "max": 25.9329032898,
        "mean": 1.16068518162,
        "median": 0.105409383774,
        "min": -1.74227392673,
        "var": 9.08426570892
    },
    "barkbands_skewness": {
        "dmean": 0.639041960239,
        "dmean2": 1.09796559811,
        "dvar": 0.317675799131,
        "dvar2": 0.888031840324,
        "max": 4.85723686218,
        "mean": 1.17810809612,
        "median": 1.02176010609,
        "min": -0.962334513664,
        "var": 0.644114792347
    },
    "barkbands_spread": {
        "dmean": 6.49070453644,
        "dmean2": 10.8638916016,
        "dvar": 34.2993125916,
        "dvar2": 91.291053772,
        "max": 74.8579940796,
        "mean": 27.0592193604,
        "median": 26.335849762,
        "min": 5.22611236572,
        "var": 109.748634338
    },
    "dissonance": {
        "dmean": 0.0145433293656,
        "dmean2": 0.0244542229921,
        "dvar": 0.000189364101971,
        "dvar2": 0.000527147902176,
        "max": 0.499912947416,
        "mean": 0.473128527403,
        "median": 0.478479862213,
        "min": 0.3295763731,
        "var": 0.000410148961237
    },
    "dynamic_complexity": 1.35959136486,
    "erbbands_crest": {
        "dmean": 2.20922446251,
        "dmean2": 3.69423532486,
        "dvar": 4.56244754791,
        "dvar2": 11.5554332733,
        "max": 29.0318470001,
        "mean": 7.74647569656,
        "median": 6.74624156952,
        "min": 2.3773522377,
        "var": 12.151766777
    },
    "erbbands_flatness_db": {
        "dmean": 0.0169270858169,
        "dmean2": 0.0247893631458,
        "dvar": 0.000315903773298,
        "dvar2": 0.000541898887604,
        "max": 0.315387248993,
        "mean": 0.18071629107,
        "median": 0.187191233039,
        "min": 0.0746247470379,
        "var": 0.00178017711733
    },
    "erbbands_kurtosis": {
        "dmean": 0.566034972668,
        "dmean2": 0.943041563034,
        "dvar": 0.481326818466,
        "dvar2": 1.24829351902,
        "max": 11.0589103699,
        "mean": -0.187241703272,
        "median": -0.41795706749,
        "min": -1.65563428402,
        "var": 0.908345401287
    },
    "erbbands_skewness": {
        "dmean": 0.271505445242,
        "dmean2": 0.435240238905,
        "dvar": 0.0510689243674,
        "dvar2": 0.129492089152,
        "max": 2.12668442726,
        "mean": -0.189887344837,
        "median": -0.195929437876,
        "min": -2.04718160629,
        "var": 0.286743909121
    },
    "erbbands_spread": {
        "dmean": 6.60667276382,
        "dmean2": 10.4225959778,
        "dvar": 41.736743927,
        "dvar2": 89.8541259766,
        "max": 93.771484375,
        "mean": 33.5255661011,
        "median": 30.60729599,
        "min": 5.39753866196,
        "var": 159.738845825
    },
    "hfc": {
        "dmean": 6.18338918686,
        "dmean2": 9.43512535095,
        "dvar": 114.047592163,
        "dvar2": 266.606384277,
        "max": 154.297195435,
        "mean": 26.2275657654,
        "median": 23.1379127502,
        "min": 2.34754896164,
        "var": 239.656494141
    },
    "melbands_crest": {
        "dmean": 5.32752323151,
        "dmean2": 9.06509971619,
        "dvar": 19.1676139832,
        "dvar2": 52.4635467529,
        "max": 32.99634552,
        "mean": 16.1732025146,
        "median": 15.1417808533,
        "min": 4.28791570663,
        "var": 39.2604904175
    },
    "melbands_flatness_db": {
        "dmean": 0.0371721722186,
        "dmean2": 0.063175059855,
        "dvar": 0.00105751375668,
        "dvar2": 0.00294426106848,
        "max": 0.39571878314,
        "mean": 0.210682198405,
        "median": 0.207760319114,
        "min": 0.0571760982275,
        "var": 0.00331508554518
    },
    "melbands_kurtosis": {
        "dmean": 6.06770610809,
        "dmean2": 10.6641149521,
        "dvar": 51.1608200073,
        "dvar2": 148.032455444,
        "max": 66.265411377,
        "mean": 7.54236364365,
        "median": 4.62298154831,
        "min": -1.36314988136,
        "var": 70.2881851196
    },
    "melbands_skewness": {
        "dmean": 0.915557742119,
        "dmean2": 1.56736850739,
        "dvar": 0.666878283024,
        "dvar2": 1.85890984535,
        "max": 7.16926813126,
        "mean": 2.34149670601,
        "median": 2.13278007507,
        "min": -0.217052936554,
        "var": 1.34315359592
    },
    "melbands_spread": {
        "dmean": 9.84169864655,
        "dmean2": 16.6312656403,
        "dvar": 70.2957229614,
        "dvar2": 187.01953125,
        "max": 82.47996521,
        "mean": 27.8248653412,
        "median": 26.6501064301,
        "min": 3.54310393333,
        "var": 171.673248291
    },
    "pitch_salience": {
        "dmean": 0.0899549126625,
        "dmean2": 0.150892481208,
        "dvar": 0.00592546770349,
        "dvar2": 0.0158177763224,
        "max": 0.806707859039,
        "mean": 0.504179954529,
        "median": 0.515378654003,
        "min": 0.177031233907,
        "var": 0.0139174917713
    },
    "silence_rate_20dB": {
        "dmean": 0,
        "dmean2": 0,
        "dvar": 0,
        "dvar2": 0,
        "max": 1,
        "mean": 1,
        "median": 1,
        "min": 1,
        "var": 0
    },
    "silence_rate_30dB": {
        "dmean": 0.0185758508742,
        "dmean2": 0.0371804796159,
        "dvar": 0.0182309485972,
        "dvar2": 0.0466411188245,
        "max": 1,
        "mean": 0.986078858376,
        "median": 1,
        "min": 0,
        "var": 0.0137274637818
    },
    "silence_rate_60dB": {
        "dmean": 0,
        "dmean2": 0,
        "dvar": 0,
        "dvar2": 0,
        "max": 0,
        "mean": 0,
        "median": 0,
        "min": 0,
        "var": 0
    },
    "spectral_centroid": {
        "dmean": 270.434387207,
        "dmean2": 434.438720703,
        "dvar": 56964,
        "dvar2": 141685.46875,
        "max": 3590.47143555,
        "mean": 1708.6463623,
        "median": 1704.44177246,
        "min": 539.214904785,
        "var": 238449.34375
    },
    "spectral_complexity": {
        "dmean": 3.51702785492,
        "dmean2": 5.56312942505,
        "dvar": 12.0283203125,
        "dvar2": 25.3149528503,
        "max": 52,
        "mean": 26.5815925598,
        "median": 26,
        "min": 8,
        "var": 57.1064186096
    },
    "spectral_decrease": {
        "dmean": 4.85723283816e-09,
        "dmean2": 8.22438206427e-09,
        "dvar": 2.82863807234e-17,
        "dvar2": 8.09896111171e-17,
        "max": -1.27389576665e-09,
        "mean": -1.06719371118e-08,
        "median": -8.86546658307e-09,
        "min": -5.12913089779e-08,
        "var": 4.40215794357e-17
    },
    "spectral_energy": {
        "dmean": 0.0186307635158,
        "dmean2": 0.0314184688032,
        "dvar": 0.000411698565586,
        "dvar2": 0.00117339426652,
        "max": 0.196120128036,
        "mean": 0.042657263577,
        "median": 0.0358664244413,
        "min": 0.00514298817143,
        "var": 0.000657825323287
    },
    "spectral_energyband_high": {
        "dmean": 0.000344527506968,
        "dmean2": 0.000489996280521,
        "dvar": 1.26293207359e-06,
        "dvar2": 2.75082129519e-06,
        "max": 0.0157102700323,
        "mean": 0.000712452048901,
        "median": 0.000207044868148,
        "min": 2.88755518341e-06,
        "var": 2.84388283944e-06
    },
    "spectral_energyband_low": {
        "dmean": 0.0158987548202,
        "dmean2": 0.0276949442923,
        "dvar": 0.00035379541805,
        "dvar2": 0.00103969080374,
        "max": 0.181510552764,
        "mean": 0.02263164334,
        "median": 0.015512816608,
        "min": 1.87301429833e-05,
        "var": 0.000438961898908
    },
    "spectral_energyband_middle_high": {
        "dmean": 0.00214084726758,
        "dmean2": 0.0034588961862,
        "dvar": 3.65656137546e-06,
        "dvar2": 1.0037658285e-05,
        "max": 0.0245931148529,
        "mean": 0.0086246849969,
        "median": 0.00823713745922,
        "min": 0.000585164583754,
        "var": 1.33666744659e-05
    },
    "spectral_energyband_middle_low": {
        "dmean": 0.0069927573204,
        "dmean2": 0.0116787357256,
        "dvar": 0.000130388871185,
        "dvar2": 0.000345334323356,
        "max": 0.10469096899,
        "mean": 0.0131724653766,
        "median": 0.00942629761994,
        "min": 0.000917685625609,
        "var": 0.000165478108102
    },
    "spectral_entropy": {
        "dmean": 0.128340482712,
        "dmean2": 0.209878861904,
        "dvar": 0.0227150581777,
        "dvar2": 0.051688130945,
        "max": 8.39007568359,
        "mean": 7.44793462753,
        "median": 7.40854120255,
        "min": 6.60210752487,
        "var": 0.113256447017
    },
    "spectral_flux": {
        "dmean": 0.0339992493391,
        "dmean2": 0.0545735545456,
        "dvar": 0.00114860851318,
        "dvar2": 0.00268449657597,
        "max": 0.302720606327,
        "mean": 0.113688029349,
        "median": 0.102960735559,
        "min": 0.0294673275203,
        "var": 0.00240940111689
    },
    "spectral_kurtosis": {
        "dmean": 2.49645757675,
        "dmean2": 4.36271524429,
        "dvar": 6.65640115738,
        "dvar2": 20.0555686951,
        "max": 28.0154590607,
        "mean": 5.46322107315,
        "median": 4.74962234497,
        "min": 0.194980382919,
        "var": 11.3489542007
    },
    "spectral_rms": {
        "dmean": 0.00132201449014,
        "dmean2": 0.00218747765757,
        "dvar": 1.51455481046e-06,
        "dvar2": 4.18084573539e-06,
        "max": 0.0138324517757,
        "mean": 0.0061853826046,
        "median": 0.00591537263244,
        "min": 0.00223998865113,
        "var": 3.35786944561e-06
    },
    "spectral_rolloff": {
        "dmean": 624.813781738,
        "dmean2": 1078.86181641,
        "dvar": 489548.71875,
        "dvar2": 1215519.875,
        "max": 8247.21679688,
        "mean": 1508.10339355,
        "median": 1313.52539062,
        "min": 64.599609375,
        "var": 938109.125
    },
    "spectral_skewness": {
        "dmean": 0.270390152931,
        "dmean2": 0.45793735981,
        "dvar": 0.0595136359334,
        "dvar2": 0.17036755383,
        "max": 4.22736263275,
        "mean": 1.31301617622,
        "median": 1.29855084419,
        "min": 0.335939019918,
        "var": 0.13234038651
    },
    "spectral_spread": {
        "dmean": 336902.5625,
        "dmean2": 462841.15625,
        "dvar": 211603111936,
        "dvar2": 326281265152,
        "max": 9523863,
        "mean": 3132375.25,
        "median": 2677757,
        "min": 1697147.125,
        "var": 1.31380425523e+12
    },
    "spectral_strongpeak": {
        "dmean": 0.477475047112,
        "dmean2": 0.864298582077,
        "dvar": 0.810523927212,
        "dvar2": 2.17003941536,
        "max": 12.6688165665,
        "mean": 0.604936718941,
        "median": 0.338779628277,
        "min": 0,
        "var": 0.701447367668
    },
    "zerocrossingrate": {
        "dmean": 0.008285285905,
        "dmean2": 0.0103057222441,
        "dvar": 6.26891123829e-05,
        "dvar2": 8.19645720185e-05,
        "max": 0.1806640625,
        "mean": 0.0533654019237,
        "median": 0.0498046875,
        "min": 0.00830078125,
        "var": 0.000465800985694
    },
    "barkbands": {
        "dmean": [0.000726244004909, 0.0129058193415, 0.00273650302552, 0.00443092640489, 0.00189296586905, 0.00101678061765, 0.000800821813755, 0.000699719123077, 0.000714499037713, 0.00082602200564, 0.000503322284203, 0.000356486125384, 0.000642178172711, 0.000274434074527, 0.000404467980843, 0.000269762822427, 0.000655243813526, 0.000271370983683, 0.000281467975583, 0.000214516054257, 9.6644354926e-05, 6.47634587949e-05, 8.61280859681e-05, 3.09933348035e-05, 2.98744762404e-05, 3.02180469589e-05, 3.89869247996e-09],
        "dmean2": [0.00104260386433, 0.0227814409882, 0.0047317664139, 0.00798545591533, 0.00317716482095, 0.00169144524261, 0.00130854244344, 0.00112662441097, 0.00107573415153, 0.00133189035114, 0.000787209603004, 0.000596379279159, 0.00107692286838, 0.00045120890718, 0.000688877014909, 0.000423422286985, 0.00109462661203, 0.0004446451494, 0.000460669398308, 0.000343240215443, 0.000154367371579, 9.16574208532e-05, 0.000129205989651, 4.46225203632e-05, 4.39051473222e-05, 4.9363465223e-05, 7.20558190892e-09],
        "dvar": [7.46888701997e-07, 0.000299494626233, 2.09271656786e-05, 8.71009688126e-05, 9.11637198442e-06, 3.43515080203e-06, 9.72035650193e-07, 8.08119295925e-07, 8.78180628661e-07, 1.50702385326e-06, 7.65444610806e-07, 3.44628659832e-07, 1.01935779639e-06, 1.65802006791e-07, 2.14618765426e-07, 1.34871726232e-07, 5.86675923842e-07, 1.15006727697e-07, 9.83736754279e-08, 1.42962633731e-07, 7.59209228818e-08, 4.36807567894e-08, 1.24015073766e-07, 6.98073865379e-09, 1.90574738212e-08, 3.87360330478e-08, 7.76709254418e-16],
        "dvar2": [1.4496077938e-06, 0.000892415875569, 5.77266546316e-05, 0.000241909670876, 2.53227026406e-05, 9.73236456048e-06, 2.62811045104e-06, 1.94679182641e-06, 2.01672560252e-06, 4.14612713939e-06, 1.78007030627e-06, 9.16761848657e-07, 3.03976548821e-06, 3.92420986373e-07, 6.34381706277e-07, 3.24874093849e-07, 1.64074890563e-06, 3.05024116187e-07, 2.50906111887e-07, 3.03195349716e-07, 1.78207059776e-07, 8.31729920492e-08, 2.78473777371e-07, 1.21520606911e-08, 4.21998151978e-08, 1.03971458998e-07, 2.21614079254e-15],
        "max": [0.0103668533266, 0.167033687234, 0.0405831374228, 0.0656484290957, 0.0312932655215, 0.0269412193447, 0.0111151002347, 0.0197485201061, 0.0147006120533, 0.0195157155395, 0.0155852865428, 0.00767005374655, 0.0109824463725, 0.00545376678929, 0.00402649864554, 0.00462875049561, 0.0126911411062, 0.00496501196176, 0.00528462510556, 0.0078618619591, 0.00405837828293, 0.00334438169375, 0.00514530483633, 0.0016134880716, 0.00234412029386, 0.00267191720195, 6.36817844679e-07],
        "mean": [0.00128253316507, 0.0159879848361, 0.00315452017821, 0.00407025450841, 0.00258759269491, 0.00155163404997, 0.00154016714077, 0.0014255187707, 0.00149991130456, 0.00158148596529, 0.00103638670407, 0.000564713671338, 0.00107562367339, 0.000524548755493, 0.000764551572502, 0.000516943226103, 0.00126390787773, 0.000592968892306, 0.000629405898508, 0.000419055490056, 0.000178648391739, 0.00013017137826, 0.000143203506013, 6.3287341618e-05, 4.15365466324e-05, 3.0743136449e-05, 2.65460542437e-09],
        "median": [0.000746058707591, 0.010053910315, 0.00125122116879, 0.00100805342663, 0.00131539732683, 0.000881641404703, 0.000927609624341, 0.000900359300431, 0.000940688885748, 0.000895723351277, 0.000439243332949, 0.000304854911519, 0.000555907725357, 0.00030819902895, 0.000584000954404, 0.000331513001584, 0.000912623654585, 0.000452985957963, 0.000513174047228, 0.000259748194367, 6.36903350824e-05, 1.420231456e-05, 1.2806704035e-05, 6.65602965455e-06, 2.9167088087e-06, 1.12985048872e-06, 5.62521917935e-10],
        "min": [1.09356918188e-07, 6.2753306338e-06, 2.16449666368e-06, 4.61670015284e-06, 1.83832180483e-05, 3.80038945877e-05, 2.21012123802e-05, 1.41962473208e-05, 2.49909298873e-05, 1.18150883281e-05, 6.4563205342e-06, 4.84195743411e-06, 1.39609137477e-05, 9.45747069636e-06, 2.15040981857e-05, 7.8836837929e-06, 5.94152152189e-05, 1.79219641723e-05, 1.59894443641e-05, 4.78022320749e-06, 9.74289037003e-07, 2.0346134022e-07, 2.07145632203e-07, 8.99184158243e-08, 5.27632693093e-09, 1.20692483785e-11, 1.10145963531e-11],
        "var": [2.11280394069e-06, 0.000310933071887, 2.154628055e-05, 7.52309642849e-05, 1.13750038508e-05, 4.48899027106e-06, 2.51974029197e-06, 2.98958048006e-06, 2.92366348731e-06, 3.66496828974e-06, 2.619212637e-06, 6.2331537265e-07, 1.90021637536e-06, 4.75683435752e-07, 4.1207238155e-07, 3.04730804146e-07, 1.30995715608e-06, 2.44435796048e-07, 2.85615698203e-07, 3.04469949697e-07, 1.49246744741e-07, 1.37864418548e-07, 2.06838620898e-07, 2.45166518198e-08, 2.70914206624e-08, 3.27472555739e-08, 4.49892761967e-16]
    },
    "erbbands": {
        "dmean": [0.534156560898, 2.38564372063, 3.06706666946, 8.8249835968, 11.4318466187, 5.61713314056, 5.42961597443, 9.5887966156, 11.5069580078, 12.3965415955, 14.8247117996, 15.0375356674, 22.7537155151, 23.971950531, 14.6081457138, 18.0972557068, 29.7920951843, 11.4925823212, 12.9998006821, 24.4768886566, 16.563167572, 28.6010627747, 17.9726982117, 11.6006011963, 15.348649025, 10.9445123672, 4.20518302917, 3.62432050705, 2.50136375427, 2.36259889603, 2.3007068634, 1.06429409981, 0.466726481915, 0.358480572701, 0.197517096996, 0.191446572542, 0.041445132345, 0.00157243642025, 4.51593550679e-05, 2.26697520702e-05],
        "dmean2": [0.911612987518, 4.24099254608, 5.21805620193, 15.3924150467, 19.8455085754, 9.77448558807, 9.18375015259, 16.3651313782, 18.947145462, 19.788022995, 23.9952278137, 22.6558856964, 35.9607925415, 38.2902526855, 22.5080242157, 30.0437412262, 50.1750679016, 18.8148899078, 21.3692531586, 41.1743240356, 26.6268463135, 48.119644165, 29.9241504669, 18.9797840118, 25.047492981, 17.459066391, 6.65867948532, 5.60871982574, 3.59365582466, 3.56466341019, 3.39434862137, 1.54639351368, 0.672208666801, 0.540400624275, 0.300861895084, 0.32101303339, 0.0650146007538, 0.00247565866448, 7.06155697117e-05, 3.74036353605e-05],
        "dvar": [0.44492867589, 12.0345830917, 26.8113155365, 310.300140381, 422.566070557, 112.791564941, 103.716125488, 351.051116943, 244.243621826, 239.670883179, 472.339630127, 388.35534668, 1222.78857422, 933.18536377, 597.404052734, 713.523681641, 2209.34057617, 217.993804932, 354.541687012, 958.516723633, 475.50213623, 1140.39916992, 423.138702393, 165.320922852, 376.203735352, 509.566162109, 92.8988571167, 124.604515076, 70.8656692505, 70.2934494019, 87.2077178955, 12.3149118423, 1.70641279221, 2.43212413788, 0.856206655502, 1.62013614178, 0.0616656020284, 5.31092155143e-05, 4.48686492405e-08, 8.74872507772e-10],
        "dvar2": [1.27344584465, 36.2708816528, 72.906791687, 843.025146484, 1175.24291992, 326.92578125, 309.531494141, 995.823974609, 666.502990723, 575.38092041, 1176.74621582, 886.662963867, 3208.82104492, 2466.6887207, 1333.48022461, 1874.5657959, 6554.60595703, 522.766174316, 897.625854492, 2727.10058594, 1187.73815918, 3252.56860352, 1118.96911621, 422.644989014, 926.389404297, 1002.70098877, 232.245010376, 269.723236084, 148.794204712, 157.512710571, 190.034622192, 25.4412822723, 3.32312297821, 5.61053991318, 1.85135936737, 4.41487169266, 0.161417618394, 0.000133740410092, 1.14233479565e-07, 2.30846985971e-09],
        "max": [5.15723371506, 35.5435333252, 47.575214386, 131.674804688, 201.915145874, 167.076766968, 149.461578369, 224.880905151, 207.565032959, 230.706329346, 537.497253418, 268.879180908, 521.861999512, 368.057983398, 466.503173828, 391.405303955, 515.262634277, 273.621459961, 253.550018311, 286.662353516, 259.710174561, 539.359313965, 328.314025879, 229.391555786, 298.732421875, 517.855895996, 151.897628784, 155.67767334, 126.267883301, 121.09513855, 146.751464844, 53.0791282654, 25.0888538361, 26.6906318665, 16.3042850494, 17.6912231445, 3.41455841064, 0.096912138164, 0.00276610231958, 0.000335244403686],
        "mean": [0.64099752903, 2.84816050529, 3.85038805008, 9.66879844666, 11.324836731, 7.80423736572, 8.21458435059, 14.1400022507, 22.0490646362, 25.6496944427, 30.8408260345, 32.4622955322, 46.7874069214, 48.6921043396, 33.5181007385, 32.9144744873, 51.3429031372, 23.9257984161, 28.80991745, 46.780216217, 34.538772583, 58.7855453491, 42.4818840027, 30.066860199, 33.256893158, 21.9539318085, 8.15128231049, 6.70626926422, 4.79865837097, 4.35901594162, 3.90101718903, 1.9457526207, 0.86733430624, 0.527049183846, 0.250428974628, 0.189813196659, 0.0443367324769, 0.00174708722625, 6.73617032589e-05, 5.33279380761e-05],
        "median": [0.35941901803, 1.71948361397, 1.87311697006, 3.30580997467, 4.05049228668, 4.00376605988, 4.74935007095, 7.47961950302, 13.2182998657, 17.0793266296, 20.6755084991, 20.9307594299, 29.7620201111, 32.4363059998, 18.5127449036, 21.4180049896, 27.5819911957, 16.8106918335, 18.2714004517, 32.7064704895, 22.7514572144, 44.5961456299, 34.6943511963, 23.9179019928, 24.8715248108, 13.7736673355, 4.11110877991, 1.59458959103, 0.564622163773, 0.500299870968, 0.315695941448, 0.176426738501, 0.0849459990859, 0.045658711344, 0.0139056239277, 0.00537294894457, 0.00202583149076, 0.000131509033963, 2.63486253971e-05, 4.43621102022e-05],
        "min": [9.50154426391e-05, 0.000977806630544, 0.00285007944331, 0.0245627406985, 0.0487254373729, 0.0902473479509, 0.0895682871342, 0.333089917898, 0.419745355844, 0.316278457642, 0.398311883211, 0.715697407722, 1.23041558266, 1.18383586407, 1.14761340618, 0.849318623543, 0.826629221439, 0.847061753273, 1.11402463913, 2.40389966965, 1.44672548771, 3.12346768379, 2.38429737091, 1.52667975426, 0.952159643173, 0.536562860012, 0.107588104904, 0.0189962051809, 0.00938571058214, 0.00904975645244, 0.00532566988841, 0.00226805149578, 0.00126199517399, 0.000142356177093, 6.06354806223e-05, 2.44333859882e-05, 1.27773264467e-05, 1.96806149688e-06, 3.00795613839e-06, 6.27850522505e-06],
        "var": [0.528467655182, 11.7860460281, 29.6625785828, 313.88973999, 367.590240479, 131.410217285, 126.484565735, 420.616333008, 599.704101562, 776.108825684, 1501.59570312, 1185.64379883, 2849.04760742, 2343.85961914, 2039.24572754, 1457.91711426, 4130.27001953, 579.541137695, 986.717834473, 1833.36157227, 1092.53295898, 2549.81005859, 997.965087891, 574.125732422, 934.122802734, 1011.74206543, 193.126998901, 283.903076172, 180.755523682, 160.252883911, 155.705307007, 28.3635597229, 4.88149023056, 3.59838271141, 1.14575791359, 1.3233114481, 0.0559047572315, 5.35630642844e-05, 4.42370193809e-08, 1.3078964578e-09]
    },
    "gfcc": {
        "mean": [18.100610733, 128.454986572, -145.657089233, 42.2670249939, -41.0951194763, 8.28080177307, -23.4390163422, 19.7287807465, -14.8154964447, -2.1109483242, -4.19789457321, -3.20191121101, -5.95716714859],
        "cov": [[1872.91137695, -1022.88061523, 666.859985352, 197.536071777, -455.467346191, 353.839263916, -330.674468994, -87.0236129761, -212.966567993, 102.276412964, -366.213134766, 100.610099792, -205.221893311], [-1022.88061523, 1209.63415527, -448.955627441, -58.3187217712, 525.082702637, -290.067993164, 313.807647705, 55.3451347351, 221.318161011, -143.948074341, 328.277770996, -174.76965332, 169.742904663], [666.859985352, -448.955627441, 540.444274902, 77.8927078247, -205.16986084, 183.27835083, -154.612991333, -40.9543876648, -102.50769043, 42.1646347046, -193.23664856, 92.5441665649, -108.427459717], [197.536071777, -58.3187217712, 77.8927078247, 212.141036987, 33.2059707642, 49.7926101685, 11.7686395645, -21.7365932465, 6.67596721649, 13.1802587509, 6.52088117599, -37.9280128479, -4.88971185684], [-455.467346191, 525.082702637, -205.16986084, 33.2059707642, 393.015380859, -103.758178711, 177.171020508, 43.2379417419, 98.6844863892, -37.3110122681, 156.957580566, -72.7959442139, 55.3724861145], [353.839263916, -290.067993164, 183.27835083, 49.7926101685, -103.758178711, 170.08833313, -53.1921577454, -20.8478488922, -47.9856910706, 33.1024246216, -84.1610717773, 38.5813941956, -46.4850540161], [-330.674468994, 313.807647705, -154.612991333, 11.7686395645, 177.171020508, -53.1921577454, 184.060134888, 53.8201675415, 79.3710174561, -15.3719739914, 123.470527649, -38.1355934143, 67.3071975708], [-87.0236129761, 55.3451347351, -40.9543876648, -21.7365932465, 43.2379417419, -20.8478488922, 53.8201675415, 81.6288299561, 45.8094329834, 12.111831665, 33.0331840515, 13.2172431946, 27.0379009247], [-212.966567993, 221.318161011, -102.50769043, 6.67596721649, 98.6844863892, -47.9856910706, 79.3710174561, 45.8094329834, 130.875793457, 7.25702190399, 88.4369506836, -28.3891487122, 47.7185821533], [102.276412964, -143.948074341, 42.1646347046, 13.1802587509, -37.3110122681, 33.1024246216, -15.3719739914, 12.111831665, 7.25702190399, 97.0155563354, 4.54722738266, 28.5064525604, -22.9533100128], [-366.213134766, 328.277770996, -193.23664856, 6.52088117599, 156.957580566, -84.1610717773, 123.470527649, 33.0331840515, 88.4369506836, 4.54722738266, 194.553436279, -34.8024940491, 66.8934936523], [100.610099792, -174.76965332, 92.5441665649, -37.9280128479, -72.7959442139, 38.5813941956, -38.1355934143, 13.2172431946, -28.3891487122, 28.5064525604, -34.8024940491, 104.071594238, -9.39931964874], [-205.221893311, 169.742904663, -108.427459717, -4.88971185684, 55.3724861145, -46.4850540161, 67.3071975708, 27.0379009247, 47.7185821533, -22.9533100128, 66.8934936523, -9.39931964874, 100.206886292]],
        "icov": [[0.00163294817321, -0.000177459078259, -0.000467302423203, -0.00129298691172, 0.00062584830448, -0.0013694986701, 0.00115784490481, -0.00100675655995, 0.000617547717411, -0.000602911983151, 0.000859408697579, 0.000240978464717, 0.000605652166996], [-0.000177459078259, 0.009477336891, -0.0032726759091, 0.00530187040567, -0.00615295674652, 0.00574420113117, -0.00368587579578, 0.00479918345809, -0.00540847843513, 0.00733431894332, -0.00609018746763, 0.00669848453254, -0.0035049028229], [-0.000467302423203, -0.0032726759091, 0.00596340652555, -0.00332449260168, 0.00214422121644, -0.00361503940076, 0.00161041249521, -0.00151022127829, 0.00131012580823, -0.00197876128368, 0.00405191583559, -0.00540663534775, 0.00305185397156], [-0.00129298691172, 0.00530187040567, -0.00332449260168, 0.0108543923125, -0.0048105949536, 0.00206601573154, -0.00293884426355, 0.00495132571086, -0.00346941547468, 0.0028989398852, -0.00499861361459, 0.00744756450877, -0.00409031379968], [0.00062584830448, -0.00615295674652, 0.00214422121644, -0.0048105949536, 0.00982221867889, -0.00263178045861, -0.00124000385404, -0.00354583468288, 0.00280109001324, -0.00326000712812, 0.00268864864483, -0.00377491302788, 0.00470143184066], [-0.0013694986701, 0.00574420113117, -0.00361503940076, 0.00206601573154, -0.00263178045861, 0.0158172305673, -0.0061392034404, 0.0050734593533, -0.00321063655429, 0.00264542805962, -0.00170788133983, 0.00204738532193, -0.00133231747895], [0.00115784490481, -0.00368587579578, 0.00161041249521, -0.00293884426355, -0.00124000385404, -0.0061392034404, 0.0180878192186, -0.00857782643288, 0.00234775827266, -0.001899094088, -0.00196088827215, -0.000367539556464, -0.00206203456037], [-0.00100675655995, 0.00479918345809, -0.00151022127829, 0.00495132571086, -0.00354583468288, 0.0050734593533, -0.00857782643288, 0.0234341491014, -0.00851067248732, 0.0010158631485, -0.000348919595126, -0.00132748030592, -0.00343844667077], [0.000617547717411, -0.00540847843513, 0.00131012580823, -0.00346941547468, 0.00280109001324, -0.00321063655429, 0.00234775827266, -0.00851067248732, 0.0175823122263, -0.00658838823438, 0.000391508743633, -0.000360598583939, -0.000820233253762], [-0.000602911983151, 0.00733431894332, -0.00197876128368, 0.0028989398852, -0.00326000712812, 0.00264542805962, -0.001899094088, 0.0010158631485, -0.00658838823438, 0.0207244381309, -0.00877274852246, 0.00142499711365, 0.002246391261], [0.000859408697579, -0.00609018746763, 0.00405191583559, -0.00499861361459, 0.00268864864483, -0.00170788133983, -0.00196088827215, -0.000348919595126, 0.000391508743633, -0.00877274852246, 0.018504742533, -0.00592334661633, 0.000245615345193], [0.000240978464717, 0.00669848453254, -0.00540663534775, 0.00744756450877, -0.00377491302788, 0.00204738532193, -0.000367539556464, -0.00132748030592, -0.000360598583939, 0.00142499711365, -0.00592334661633, 0.0217510461807, -0.00620669871569], [0.000605652166996, -0.0035049028229, 0.00305185397156, -0.00409031379968, 0.00470143184066, -0.00133231747895, -0.00206203456037, -0.00343844667077, -0.000820233253762, 0.002246391261, 0.000245615345193, -0.00620669871569, 0.0195152126253]]
    },
    "melbands": {
        "dmean": [0.00403127586469, 0.00195271498524, 0.00165260210633, 0.000550218042918, 0.000200216498342, 0.000207827470149, 0.000170305342181, 0.000135597772896, 0.000123551988509, 9.55849172897e-05, 0.000117641488032, 0.000102827783849, 6.64987819619e-05, 3.59498117177e-05, 7.68379395595e-05, 3.94246453652e-05, 2.41308898694e-05, 2.31602662097e-05, 2.61359855358e-05, 2.72456836683e-05, 2.20548590733e-05, 2.82372911897e-05, 3.41769409715e-05, 1.61773132277e-05, 9.54377173912e-06, 1.34013007482e-05, 9.2193877208e-06, 7.01993621988e-06, 2.80576773548e-06, 2.24434620577e-06, 2.22107178161e-06, 1.49250661252e-06, 1.32870525249e-06, 1.47748335166e-06, 1.35279060487e-06, 1.28657757159e-06, 5.06863273131e-07, 3.48592777755e-07, 3.5396186604e-07, 3.02321410572e-07],
        "dmean2": [0.00705073960125, 0.00340794934891, 0.0028811362572, 0.000931238697376, 0.000343837658875, 0.000350885646185, 0.000278975232504, 0.000217683598748, 0.000199443034944, 0.000143401994137, 0.000186293196748, 0.00016460561892, 0.000102648627944, 5.96630488872e-05, 0.000130106869619, 6.59490760881e-05, 3.95636961912e-05, 3.79067387257e-05, 4.42739801656e-05, 4.46464000561e-05, 3.55395495717e-05, 4.73484906252e-05, 5.78513463552e-05, 2.67257182713e-05, 1.55703710334e-05, 2.17647393583e-05, 1.48963217725e-05, 1.11675617518e-05, 4.47433831141e-06, 3.50952132067e-06, 3.43061151398e-06, 2.18774380301e-06, 2.08827145798e-06, 2.37137533077e-06, 2.068699132e-06, 1.88933495338e-06, 7.53110896312e-07, 5.28709335867e-07, 5.27686211171e-07, 4.73835171988e-07],
        "dvar": [2.78267798421e-05, 8.54959853314e-06, 1.05467006506e-05, 7.43298699035e-07, 1.48105797848e-07, 1.50188469661e-07, 5.1000149881e-08, 2.79492144983e-08, 3.03296587845e-08, 1.53347148313e-08, 3.25780256105e-08, 1.86941733205e-08, 1.47866012767e-08, 3.17236548142e-09, 1.26198669292e-08, 3.07294212298e-09, 1.11778020173e-09, 1.3198691029e-09, 9.5037699932e-10, 1.20150966954e-09, 9.61174917435e-10, 1.02885389097e-09, 2.06896566546e-09, 5.23788679097e-10, 1.35270586399e-10, 2.88504081736e-10, 1.77452955108e-10, 2.1537534256e-10, 3.78720388383e-11, 4.24293794543e-11, 4.41870290357e-11, 2.51748257657e-11, 1.96848787271e-11, 2.96540222933e-11, 2.49016189613e-11, 3.27546705037e-11, 1.95322295664e-12, 8.75178944072e-13, 1.67808453765e-12, 1.81096728325e-12],
        "dvar2": [8.1596961536e-05, 2.47151456279e-05, 2.90422649414e-05, 2.05202672987e-06, 4.41866802703e-07, 4.23378537562e-07, 1.38350387147e-07, 6.59179377749e-08, 7.67765655496e-08, 3.5549483357e-08, 8.64709690518e-08, 5.01433845557e-08, 3.3374597308e-08, 8.09189515394e-09, 3.74686202065e-08, 8.9739220499e-09, 2.68051203456e-09, 3.19868931342e-09, 2.71066524782e-09, 3.09761705175e-09, 2.3759922918e-09, 2.8575632971e-09, 5.57297141768e-09, 1.42584233309e-09, 3.43797629254e-10, 7.02768288008e-10, 4.1222225633e-10, 4.25681268013e-10, 9.93061050059e-11, 1.02433131421e-10, 9.33984348195e-11, 5.23222090654e-11, 4.53923461319e-11, 7.16924089539e-11, 5.44324273155e-11, 7.37330127509e-11, 3.55132112953e-12, 1.89242068196e-12, 3.54697087673e-12, 4.38271120784e-12],
        "max": [0.0476162917912, 0.0249852985144, 0.0241747368127, 0.00810688920319, 0.00518442410976, 0.00443165004253, 0.0028855483979, 0.00250841188245, 0.00395091995597, 0.00179978844244, 0.00283537781797, 0.00160238682292, 0.00226611015387, 0.000842276553158, 0.00121124193538, 0.000639581645373, 0.000614946417045, 0.000543208618183, 0.000377790594939, 0.000436589034507, 0.000376967160264, 0.000406392558943, 0.000832535617519, 0.000320951716276, 0.000219402383664, 0.000346822169377, 0.000204332114663, 0.0003290863242, 0.000109976790554, 0.000104453407403, 8.54873360367e-05, 7.80978589319e-05, 8.27136827866e-05, 6.16362885921e-05, 7.28928644094e-05, 9.04627304408e-05, 3.01007676171e-05, 1.65502278833e-05, 2.55165559793e-05, 1.93544346985e-05],
        "mean": [0.00502214906737, 0.00260073062964, 0.0017585514579, 0.000664239574689, 0.000301267195027, 0.000314084958518, 0.000333990436047, 0.000281618587906, 0.000253610283835, 0.000202725059353, 0.00023688552028, 0.000201109534828, 0.000141276919749, 6.00632338319e-05, 0.00013196025975, 7.05134079908e-05, 4.46212216048e-05, 4.75454216939e-05, 5.15051651746e-05, 5.25942123204e-05, 4.06607723562e-05, 5.61864580959e-05, 6.3215418777e-05, 3.15563520417e-05, 2.18252971536e-05, 2.67686773441e-05, 1.9222674382e-05, 1.26655404529e-05, 5.0456678764e-06, 3.83229962608e-06, 3.92579295294e-06, 2.71775547844e-06, 2.38877919401e-06, 2.45738920057e-06, 2.2688707304e-06, 1.92636389329e-06, 9.30049282033e-07, 6.01772626396e-07, 5.47118588656e-07, 3.9861012624e-07],
        "median": [0.00303288432769, 0.00165125564672, 0.000621789251454, 0.000304731889628, 0.000171486317413, 0.000172306739842, 0.00020353027503, 0.000180850343895, 0.000174682354555, 0.00012752332259, 0.000151700136485, 0.000126076964079, 6.10803544987e-05, 3.52002571162e-05, 7.65834120102e-05, 4.58823960798e-05, 2.81014908978e-05, 2.57970168605e-05, 3.72305948986e-05, 3.53148607246e-05, 2.30790919886e-05, 4.10188222304e-05, 4.24624413426e-05, 2.27117197937e-05, 1.53996679728e-05, 1.90368355106e-05, 1.41336740853e-05, 6.73173008181e-06, 2.36646928897e-06, 1.19697438095e-06, 7.58903695441e-07, 2.89478236937e-07, 2.27776624229e-07, 2.84916751525e-07, 1.91944906192e-07, 1.23373780525e-07, 9.76381002715e-08, 6.20618223479e-08, 4.93672551727e-08, 3.29561018475e-08],
        "min": [1.44058810747e-06, 1.2417765447e-06, 7.77388777351e-06, 3.79640323445e-06, 2.08110532185e-06, 6.94103209753e-06, 5.59176442039e-06, 3.80792698707e-06, 2.50832977144e-06, 3.12902693622e-06, 4.13109910369e-06, 3.86444662581e-06, 9.68899939835e-07, 6.21163906089e-07, 1.91387380255e-06, 1.01934585928e-06, 8.89434829787e-07, 8.95889399999e-07, 1.1707475096e-06, 2.07246512218e-06, 1.12408349651e-06, 2.899790843e-06, 2.0039528863e-06, 8.63316188315e-07, 7.77857678713e-07, 6.16545150933e-07, 4.20152503011e-07, 2.52528575828e-08, 5.90810209644e-08, 2.10242276921e-08, 5.96601301694e-09, 5.02168484573e-09, 4.13350331741e-09, 4.77515849084e-09, 3.13907988492e-09, 1.41326927938e-09, 1.30522892494e-09, 8.889778913e-10, 1.23315441192e-10, 3.16108285381e-11],
