{
"highlevel": {
    "danceability": {
        "all": {
            "danceable": 0.999777555466,
            "not_danceable": 0.000222453702008
        },
        "probability": 0.999777555466,
        "value": "danceable"
    },
    "gender": {
        "all": {
            "female": 0.768096506596,
            "male": 0.231903478503
        },
        "probability": 0.768096506596,
        "value": "female"
    },
    "genre_dortmund": {
        "all": {
            "alternative": 0.0777815505862,
            "blues": 0.0962370857596,
            "electronic": 0.137622416019,
            "folkcountry": 0.0666171982884,
            "funksoulrnb": 0.0229669529945,
            "jazz": 0.122837603092,
            "pop": 0.111614257097,
            "raphiphop": 0.329546004534,
            "rock": 0.0347769409418
        },
        "probability": 0.329546004534,
        "value": "raphiphop"
    },
    "genre_electronic": {
        "all": {
            "ambient": 0.178630560637,
            "dnb": 0.0565834827721,
            "house": 0.238326951861,
            "techno": 0.0204915534705,
            "trance": 0.505967438221
        },
        "probability": 0.505967438221,
        "value": "trance"
    },
    "genre_rosamerica": {
        "all": {
            "cla": 0.00434637069702,
            "dan": 0.248373508453,
            "hip": 0.0882489457726,
            "jaz": 0.00515236938372,
            "pop": 0.475834518671,
            "rhy": 0.114354178309,
            "roc": 0.0593852214515,
            "spe": 0.00430487282574
        },
        "probability": 0.475834518671,
        "value": "pop"
    },
    "genre_tzanetakis": {
        "all": {
            "blu": 0.0626613423228,
            "cla": 0.0348169617355,
            "cou": 0.104475811124,
            "dis": 0.0784321576357,
            "hip": 0.15692435205,
            "jaz": 0.313974827528,
            "met": 0.0448166541755,
            "pop": 0.0627359300852,
            "reg": 0.0627360641956,
            "roc": 0.0784258767962
        },
        "probability": 0.313974827528,
        "value": "jaz"
    },
    "ismir04_rhythm": {
        "all": {
            "ChaChaCha": 0.0913339331746,
            "Jive": 0.0480236001313,
            "Quickstep": 0.0296768825501,
            "Rumba-American": 0.0404656082392,
            "Rumba-International": 0.316889643669,
            "Rumba-Misc": 0.0298829562962,
            "Samba": 0.136355802417,
            "Tango": 0.234767019749,
            "VienneseWaltz": 0.0492989197373,
            "Waltz": 0.0233056526631
        },
        "probability": 0.316889643669,
        "value": "Rumba-International"
    },
    "mood_acoustic": {
        "all": {
            "acoustic": 0.00442169606686,
            "not_acoustic": 0.995578289032
        },
        "probability": 0.995578289032,
        "value": "not_acoustic"
    },
    "mood_aggressive": {
        "all": {
            "aggressive": 0.0441168919206,
            "not_aggressive": 0.955883085728
        },
        "probability": 0.955883085728,
        "value": "not_aggressive"
    },
    "mood_electronic": {
        "all": {
            "electronic": 0.945110321045,
            "not_electronic": 0.0548896864057
        },
        "probability": 0.945110321045,
        "value": "electronic"
    },
    "mood_happy": {
        "all": {
            "happy": 0.399493277073,
            "not_happy": 0.600506722927
        },
        "probability": 0.600506722927,
        "value": "not_happy"
    },
    "mood_party": {
        "all": {
            "not_party": 0.40747487545,
            "party": 0.59252512455
        },
        "probability": 0.59252512455,
        "value": "party"
    },
    "mood_relaxed": {
        "all": {
            "not_relaxed": 0.51503276825,
            "relaxed": 0.484967201948
        },
        "probability": 0.51503276825,
        "value": "not_relaxed"
    },
    "mood_sad": {
        "all": {
            "not_sad": 0.619011640549,
            "sad": 0.380988359451
        },
        "probability": 0.619011640549,
        "value": "not_sad"
    },
    "moods_mirex": {
        "all": {
            "Cluster1": 0.229346185923,
            "Cluster2": 0.241576015949,
            "Cluster3": 0.13635353744,
            "Cluster4": 0.144066154957,
            "Cluster5": 0.248658105731
        },
        "probability": 0.248658105731,
        "value": "Cluster5"
    },
    "timbre": {
        "all": {
            "bright": 0.559571385384,
            "dark": 0.440428614616
        },
        "probability": 0.559571385384,
        "value": "bright"
    },
    "tonal_atonal": {
        "all": {
            "atonal": 0.994637966156,
            "tonal": 0.00536201708019
        },
        "probability": 0.994637966156,
        "value": "atonal"
    },
    "voice_instrumental": {
        "all": {
            "instrumental": 0.00860294140875,
            "voice": 0.991397082806
        },
        "probability": 0.991397082806,
        "value": "voice"
    }
},
"lowlevel": {
    "average_loudness": 0.973014056683,
    "barkbands_crest": {
        "dmean": 2.10441923141,
        "dmean2": 3.08585858345,
        "dvar": 6.34580755234,
        "dvar2": 13.5458450317,
        "max": 25.7502174377,
        "mean": 16.0133571625,
        "median": 16.0594882965,
        "min": 3.50098824501,
        "var": 16.4547786713
    },
    "barkbands_flatness_db": {
        "dmean": 0.029321283102,
        "dmean2": 0.0403773151338,
        "dvar": 0.00105564529076,
        "dvar2": 0.00178273732308,
        "max": 0.593448460102,
        "mean": 0.21513146162,
        "median": 0.202031701803,
        "min": 0.0548734590411,
        "var": 0.00442622927949
    },
    "barkbands_kurtosis": {
        "dmean": 8.56888866425,
        "dmean2": 13.0532083511,
        "dvar": 352.555450439,
        "dvar2": 784.512268066,
        "max": 323.305267334,
        "mean": 14.184548378,
        "median": 3.94243717194,
        "min": -1.81983721256,
        "var": 774.874633789
    },
    "barkbands_skewness": {
        "dmean": 0.82327413559,
        "dmean2": 1.21118915081,
        "dvar": 0.944851458073,
        "dvar2": 1.87222230434,
        "max": 14.4967365265,
        "mean": 2.77607822418,
        "median": 2.15857291222,
        "min": -1.26071894169,
        "var": 3.88592338562
    },
    "barkbands_spread": {
        "dmean": 6.5900554657,
        "dmean2": 9.66571331024,
        "dvar": 100.805770874,
        "dvar2": 179.210250854,
        "max": 98.2002029419,
        "mean": 18.4976272583,
        "median": 16.8088703156,
        "min": 0.113527879119,
        "var": 228.184631348
    },
    "dissonance": {
        "dmean": 0.0240601338446,
        "dmean2": 0.0404925793409,
        "dvar": 0.000531954457983,
        "dvar2": 0.00142776197754,
        "max": 0.499692618847,
        "mean": 0.452316254377,
        "median": 0.458829462528,
        "min": 0.321078121662,
        "var": 0.00107677001506
    },
    "dynamic_complexity": 2.41334915161,
    "erbbands_crest": {
        "dmean": 3.12490558624,
        "dmean2": 5.11104393005,
        "dvar": 9.14096927643,
        "dvar2": 22.885055542,
        "max": 28.7192878723,
        "mean": 10.2165870667,
        "median": 9.18887615204,
        "min": 2.86717581749,
        "var": 19.7607460022
    },
    "erbbands_flatness_db": {
        "dmean": 0.0213980004191,
        "dmean2": 0.0320679657161,
        "dvar": 0.000490263162646,
        "dvar2": 0.00103364884853,
        "max": 0.35176923871,
        "mean": 0.164099887013,
        "median": 0.158506169915,
        "min": 0.0603056177497,
        "var": 0.00195084779989
    },
    "erbbands_kurtosis": {
        "dmean": 1.14678406715,
        "dmean2": 1.81922566891,
        "dvar": 2.71551251411,
        "dvar2": 7.08776903152,
        "max": 25.6689109802,
        "mean": 1.05303370953,
        "median": 0.646589040756,
        "min": -1.71676826477,
        "var": 3.59364652634
    },
    "erbbands_skewness": {
        "dmean": 0.434935539961,
        "dmean2": 0.660554289818,
        "dvar": 0.202563524246,
        "dvar2": 0.449242383242,
        "max": 4.99030923843,
        "mean": -0.0173056330532,
        "median": -0.0425252094865,
        "min": -2.25517940521,
        "var": 0.552173554897
    },
    "erbbands_spread": {
        "dmean": 9.2685174942,
        "dmean2": 14.4521551132,
        "dvar": 132.80279541,
        "dvar2": 311.899841309,
        "max": 128.353042603,
        "mean": 33.3806991577,
        "median": 29.2895698547,
        "min": 4.56472682953,
        "var": 316.703948975
    },
    "hfc": {
        "dmean": 8.84958267212,
        "dmean2": 12.9263753891,
        "dvar": 182.975418091,
        "dvar2": 378.276397705,
        "max": 130.92906189,
        "mean": 24.6941547394,
        "median": 23.5325260162,
        "min": 8.48915078677e-05,
        "var": 335.561920166
    },
    "melbands_crest": {
        "dmean": 2.53101658821,
        "dmean2": 3.90255975723,
        "dvar": 10.4633684158,
        "dvar2": 24.3954849243,
        "max": 36.7785987854,
        "mean": 27.122253418,
        "median": 29.0261440277,
        "min": 4.32925510406,
        "var": 42.5354003906
    },
    "melbands_flatness_db": {
        "dmean": 0.0356654301286,
        "dmean2": 0.0483531355858,
        "dvar": 0.00174037518445,
        "dvar2": 0.00279854284599,
        "max": 0.747226297855,
        "mean": 0.289085298777,
        "median": 0.271609425545,
        "min": 0.0561638437212,
        "var": 0.00779261812568
    },
    "melbands_kurtosis": {
        "dmean": 16.4911270142,
        "dmean2": 24.8674736023,
        "dvar": 952.061706543,
        "dvar2": 2012.4128418,
        "max": 794.515869141,
        "mean": 31.9726295471,
        "median": 14.6138534546,
        "min": -1.46669888496,
        "var": 2507.57104492
    },
    "melbands_skewness": {
        "dmean": 1.03857851028,
        "dmean2": 1.55341982841,
        "dvar": 1.44021034241,
        "dvar2": 2.88687682152,
        "max": 20.9459228516,
        "mean": 4.20892524719,
        "median": 3.65467882156,
        "min": -0.446688592434,
        "var": 5.84460258484
    },
    "melbands_spread": {
        "dmean": 6.449862957,
        "dmean2": 9.529296875,
        "dvar": 124.45917511,
        "dvar2": 251.659225464,
        "max": 165.2371521,
        "mean": 16.1207275391,
        "median": 14.1926679611,
        "min": 0.162040755153,
        "var": 255.363357544
    },
    "pitch_salience": {
        "dmean": 0.063548900187,
        "dmean2": 0.0985861122608,
        "dvar": 0.0064658918418,
        "dvar2": 0.0157643835992,
        "max": 0.892570674419,
        "mean": 0.350581526756,
        "median": 0.328411996365,
        "min": 0.0475256927311,
        "var": 0.0188254546374
    },
    "silence_rate_20dB": {
        "dmean": 0,
        "dmean2": 0,
        "dvar": 0,
        "dvar2": 0,
        "max": 1,
        "mean": 1,
        "median": 1,
        "min": 1,
        "var": 0
    },
    "silence_rate_30dB": {
        "dmean": 0.0665634647012,
        "dmean2": 0.133230060339,
        "dvar": 0.0621328130364,
        "dvar2": 0.135619059205,
        "max": 1,
        "mean": 0.85692191124,
        "median": 1,
        "min": 0,
        "var": 0.122607506812
    },
    "silence_rate_60dB": {
        "dmean": 0.0061919502914,
        "dmean2": 0.0123934932053,
        "dvar": 0.00615360494703,
        "dvar2": 0.0153382727876,
        "max": 1,
        "mean": 0.0278422273695,
        "median": 0,
        "min": 0,
        "var": 0.0270669907331
    },
    "spectral_centroid": {
        "dmean": 343.73538208,
        "dmean2": 498.086517334,
        "dvar": 204107.671875,
        "dvar2": 384190.5,
        "max": 3851.09716797,
        "mean": 1406.88269043,
        "median": 1291.69384766,
        "min": 81.6474609375,
        "var": 572080.25
    },
    "spectral_complexity": {
        "dmean": 3.65866875648,
        "dmean2": 5.31371021271,
        "dvar": 24.2280082703,
        "dvar2": 40.8907051086,
        "max": 56,
        "mean": 17.5003871918,
        "median": 17,
        "min": 0,
        "var": 72.9677810669
    },
    "spectral_decrease": {
        "dmean": 3.74040265427e-09,
        "dmean2": 5.43717026957e-09,
        "dvar": 4.64951968831e-17,
        "dvar2": 8.1733934702e-17,
        "max": -1.85390507741e-14,
        "mean": -2.00966390196e-08,
        "median": -1.84915336376e-08,
        "min": -6.92495518706e-08,
        "var": 1.57872409459e-16
    },
    "spectral_energy": {
        "dmean": 0.014508950524,
        "dmean2": 0.021115552634,
        "dvar": 0.000665637548082,
        "dvar2": 0.00117408495862,
        "max": 0.262838691473,
        "mean": 0.0780891776085,
        "median": 0.0725819021463,
        "min": 8.68407283861e-08,
        "var": 0.00227598310448
    },
    "spectral_energyband_high": {
        "dmean": 0.000761643634178,
        "dmean2": 0.0012441847939,
        "dvar": 4.095425993e-06,
        "dvar2": 1.01005407487e-05,
        "max": 0.0185746252537,
        "mean": 0.000920318008866,
        "median": 0.000286079884972,
        "min": 2.03159733481e-09,
        "var": 4.19844036514e-06
    },
    "spectral_energyband_low": {
        "dmean": 0.0126884402707,
        "dmean2": 0.0187163054943,
        "dvar": 0.0007023436483,
        "dvar2": 0.00124113482889,
        "max": 0.257421076298,
        "mean": 0.0622884817421,
        "median": 0.0549034923315,
        "min": 2.87941248622e-09,
        "var": 0.00216812593862
    },
    "spectral_energyband_middle_high": {
        "dmean": 0.00264168763533,
        "dmean2": 0.0039265579544,
        "dvar": 1.46847251017e-05,
        "dvar2": 3.24212014675e-05,
        "max": 0.0400960333645,
        "mean": 0.00656299572438,
        "median": 0.00602144189179,
        "min": 2.33974084551e-08,
        "var": 2.97627793771e-05
    },
    "spectral_energyband_middle_low": {
        "dmean": 0.00459052855149,
        "dmean2": 0.00783126521856,
        "dvar": 0.000117718147521,
        "dvar2": 0.000334777811076,
        "max": 0.0917580500245,
        "mean": 0.00955723319203,
        "median": 0.0078258831054,
        "min": 1.84067054931e-08,
        "var": 9.30174064706e-05
    },
    "spectral_entropy": {
        "dmean": 0.233699023724,
        "dmean2": 0.338200896978,
        "dvar": 0.0648401454091,
        "dvar2": 0.127465307713,
        "max": 8.58975505829,
        "mean": 7.31921195984,
        "median": 7.29378700256,
        "min": 5.14644050598,
        "var": 0.198177069426
    },
    "spectral_flux": {
        "dmean": 0.0387539602816,
        "dmean2": 0.0586567893624,
        "dvar": 0.00252831564285,
        "dvar2": 0.00427597947419,
        "max": 0.446173489094,
        "mean": 0.0996718406677,
        "median": 0.078326061368,
        "min": 0.000166623154655,
        "var": 0.00627621123567
    },
    "spectral_kurtosis": {
        "dmean": 2.63752770424,
        "dmean2": 4.30588626862,
        "dvar": 16.163848877,
        "dvar2": 43.0123252869,
        "max": 61.6203842163,
        "mean": 6.26129961014,
        "median": 5.24775505066,
        "min": -0.90994644165,
        "var": 29.2070426941
    },
    "spectral_rms": {
        "dmean": 0.000781205599196,
        "dmean2": 0.00112607749179,
        "dvar": 1.54827012011e-06,
        "dvar2": 2.6540944873e-06,
        "max": 0.0160133689642,
        "mean": 0.00825345516205,
        "median": 0.00841496326029,
        "min": 9.20449110708e-06,
        "var": 8.06504431239e-06
    },
    "spectral_rolloff": {
        "dmean": 493.16317749,
        "dmean2": 810.507141113,
        "dvar": 1240125.875,
        "dvar2": 2423822,
        "max": 12855.3222656,
        "mean": 926.612548828,
        "median": 559.86328125,
        "min": 21.533203125,
        "var": 2400150.5
    },
    "spectral_skewness": {
        "dmean": 0.341841191053,
        "dmean2": 0.535960018635,
        "dvar": 0.138134241104,
        "dvar2": 0.31544315815,
        "max": 5.30370187759,
        "mean": 1.85153949261,
        "median": 1.81839776039,
        "min": 0.268068343401,
        "var": 0.380552232265
    },
    "spectral_spread": {
        "dmean": 856745.4375,
        "dmean2": 1254174,
        "dvar": 1.22948380262e+12,
        "dvar2": 2.5597879255e+12,
        "max": 13871011,
        "mean": 4408437,
        "median": 4106707,
        "min": 950995.875,
        "var": 2.91659238605e+12
    },
    "spectral_strongpeak": {
        "dmean": 0.143974676728,
        "dmean2": 0.23924651742,
        "dvar": 0.137902915478,
        "dvar2": 0.343670219183,
        "max": 5.36097240448,
        "mean": 0.540794730186,
        "median": 0.458319932222,
        "min": 0,
        "var": 0.191758081317
    },
    "zerocrossingrate": {
        "dmean": 0.0106707597151,
        "dmean2": 0.0118091441691,
        "dvar": 0.000237753862166,
        "dvar2": 0.000251441524597,
        "max": 0.3525390625,
        "mean": 0.0358790419996,
        "median": 0.029296875,
        "min": 0.001953125,
        "var": 0.00120374246035
    },
    "barkbands": {
        "dmean": [0.0019817170687, 0.0114569785073, 0.00492249056697, 0.00181046803482, 0.00121140910778, 0.000854353944305, 0.000619963335339, 0.000781290407758, 0.00104148639366, 0.000354035291821, 0.000381761870813, 0.000614781863987, 0.00055646977853, 0.000560845481232, 0.000560686108656, 0.000273282668786, 0.000410298845964, 0.000273788376944, 0.00023029113072, 0.000496313848998, 8.88705108082e-05, 9.46863583522e-05, 4.70155646326e-05, 0.000119124866615, 0.000105447667011, 2.68277781288e-05, 5.09809749971e-09],
        "dmean2": [0.00281414529309, 0.0156463198364, 0.00882580783218, 0.0033746350091, 0.00200248649344, 0.00144969427492, 0.000977365882136, 0.00122352293693, 0.00156584812794, 0.000529383018147, 0.000553472898901, 0.000965793151408, 0.00087942823302, 0.000887898379005, 0.000851617951412, 0.000422012846684, 0.000620415259618, 0.00042666081572, 0.000358669669367, 0.000831894110888, 0.000131767606945, 0.000143802157254, 7.54921056796e-05, 0.000178729795152, 0.000156558890012, 4.4327291107e-05, 8.79359962624e-09],
        "dvar": [1.10788832899e-05, 0.000546445546206, 0.000380718614906, 4.3727181037e-05, 1.00655279311e-05, 2.77544336313e-06, 1.65418316556e-06, 2.94579695037e-06, 5.22360551258e-06, 5.11115047175e-07, 1.33285902848e-06, 3.88526859751e-06, 1.47608955103e-06, 1.55520865519e-06, 9.75632019617e-07, 3.17136937156e-07, 6.55181395359e-07, 3.85286369919e-07, 2.29656279771e-07, 2.67402992904e-06, 5.44900871091e-08, 3.2965104424e-08, 9.77276659597e-09, 1.04538280254e-07, 8.72662013762e-08, 3.66129615514e-09, 2.79377115221e-16],
        "dvar2": [1.6427882656e-05, 0.000846294162329, 0.00106951931957, 0.000131293971208, 2.74905469269e-05, 7.22342065274e-06, 4.16389548263e-06, 7.08617426426e-06, 1.12771567728e-05, 1.10141650111e-06, 2.6902407626e-06, 1.02296835394e-05, 3.5175796711e-06, 4.05503487855e-06, 2.16941361941e-06, 6.89737532866e-07, 1.43301508615e-06, 8.47196758968e-07, 5.47795877992e-07, 7.16364456821e-06, 1.14878531576e-07, 6.36668815446e-08, 2.07027053278e-08, 1.76470578594e-07, 1.6453023477e-07, 8.70059313485e-09, 6.29210325115e-16],
        "max": [0.0395025536418, 0.233520060778, 0.143628001213, 0.0588745549321, 0.033916618675, 0.016584854573, 0.0204572565854, 0.0206212271005, 0.0366469547153, 0.0128185562789, 0.0265797749162, 0.0288605857641, 0.016876604408, 0.0149438697845, 0.00979548320174, 0.00610236544162, 0.0109003446996, 0.00697960518301, 0.00512585416436, 0.0171216074377, 0.00390626024455, 0.00227056792937, 0.00138878659345, 0.00430242577568, 0.00610257126391, 0.000938945449889, 2.69177888867e-07],
        "mean": [0.00919024180621, 0.0478588044643, 0.00416466547176, 0.00219518272206, 0.00165903859306, 0.00132862303872, 0.00108679675031, 0.00112836784683, 0.00181286316365, 0.000814838393126, 0.000650982314255, 0.000764280266594, 0.000792443403043, 0.000818644126412, 0.000966589839663, 0.000407647516113, 0.000639399106149, 0.000327621091856, 0.000321334373439, 0.000512875558343, 0.000113171838166, 0.000154715409735, 6.03104272159e-05, 0.000164496828802, 0.000129244741402, 2.60440665443e-05, 4.10999723144e-09],
        "median": [0.00414693681523, 0.0413424707949, 0.00155457830988, 0.000846452137921, 0.000838038162328, 0.000694340968039, 0.000618754362222, 0.000314208678901, 0.000339568156051, 0.000384159386158, 0.000230330042541, 0.000222583388677, 0.00023096842051, 0.000188226636965, 0.000199195506866, 0.000141072552651, 0.000219193272642, 8.87403803063e-05, 0.000127969702589, 0.000100578021375, 2.55576378549e-05, 6.1755781644e-05, 2.4620705517e-05, 3.95380193368e-05, 2.78888110188e-05, 7.73350348027e-06, 1.22895293941e-09],
        "min": [2.0154587721e-10, 1.58066726375e-10, 1.05728212643e-11, 2.64208598576e-12, 1.46978831883e-10, 3.34741434571e-09, 2.33772112779e-09, 2.3298474261e-09, 5.5814117772e-09, 1.19933429854e-09, 1.47847778464e-09, 1.29755184375e-09, 1.88381710231e-09, 3.21056292663e-09, 7.26633975212e-10, 2.64642596726e-09, 1.31672650561e-09, 2.71438371779e-10, 2.92571161742e-10, 2.56898974316e-10, 2.57572463358e-10, 2.56025090017e-10, 3.30745208998e-10, 6.05792152553e-12, 1.65049154899e-11, 6.35928766243e-12, 8.12417407653e-12],
        "var": [7.33112901798e-05, 0.0015100792516, 0.000228936230997, 2.59423777607e-05, 8.12788221083e-06, 3.13919122163e-06, 2.26040583584e-06, 4.48547416454e-06, 1.31381148094e-05, 1.58751947765e-06, 2.1199382445e-06, 3.7682848415e-06, 2.32424008573e-06, 2.30030241255e-06, 2.42007558882e-06, 5.77047103434e-07, 1.11548354198e-06, 4.75551331647e-07, 2.96127922184e-07, 2.10667667488e-06, 8.25151502681e-08, 7.44871044844e-08, 1.35583810845e-08, 1.99515312715e-07, 1.37737018235e-07, 4.09025258108e-09, 2.29551249132e-16]
    },
    "erbbands": {
        "dmean": [0.591051578522, 2.2997174263, 5.10623502731, 6.00477838516, 4.16943740845, 4.42679643631, 6.70350217819, 6.44011306763, 7.93562984467, 8.03723335266, 22.0528526306, 27.7997493744, 13.2718276978, 11.6077356339, 19.9527416229, 24.5259590149, 21.8762874603, 32.109085083, 30.0977191925, 15.5907459259, 15.169675827, 18.5010242462, 16.9801177979, 9.73700714111, 13.6380720139, 22.7557277679, 9.12633514404, 3.19619846344, 3.4902575016, 2.50983905792, 1.21981036663, 1.92736589909, 2.32239079475, 1.51541662216, 0.602740287781, 0.18155182898, 0.0402546003461, 0.00247780024074, 5.84374829486e-05, 1.84757736861e-05],
        "dmean2": [0.811503469944, 3.01593279839, 8.7857837677, 11.2023620605, 7.39977407455, 7.25540399551, 10.9634456635, 10.8635845184, 12.7177152634, 12.5097122192, 34.5609207153, 40.3598632812, 20.0814590454, 17.0391216278, 30.0214347839, 37.4259643555, 34.1944313049, 50.7365989685, 45.213848114, 23.3454284668, 22.9452915192, 28.0221996307, 26.1567611694, 15.2795209885, 20.3310470581, 39.0127639771, 15.5599088669, 4.82164573669, 5.29658222198, 3.77036452293, 1.95585930347, 2.91982412338, 3.41498804092, 2.23954486847, 0.922990739346, 0.294208556414, 0.0688133984804, 0.00429413188249, 9.60426550591e-05, 2.72414290521e-05],
        "dvar": [1.46235537529, 25.4265499115, 365.104400635, 542.226318359, 179.929550171, 129.623291016, 157.021484375, 191.88633728, 251.780212402, 201.201538086, 2386.30004883, 3929.97485352, 696.343322754, 429.605224609, 5728.35058594, 4697.00927734, 2369.12109375, 5382.99902344, 2902.77978516, 1167.22790527, 965.778808594, 1405.76379395, 1330.44396973, 545.58203125, 635.659301758, 6343.52832031, 868.644226074, 73.1268539429, 49.9175834656, 26.4437770844, 6.34035634995, 29.6103839874, 42.2446327209, 22.3259181976, 2.10054945946, 0.161989331245, 0.00828790105879, 5.63184148632e-05, 2.15070343756e-08, 8.18681789028e-10],
        "dvar2": [2.30560660362, 48.2202377319, 968.363586426, 1574.35766602, 526.939575195, 339.300354004, 379.671630859, 505.972991943, 647.553283691, 500.304473877, 5635.11279297, 8452.59375, 1577.77416992, 904.964477539, 13856.7607422, 10879.4550781, 5685.14941406, 14430.3427734, 6056.86230469, 2652.31689453, 2157.35742188, 3002.234375, 2856.11010742, 1304.58251953, 1356.58459473, 17146.8203125, 2318.65600586, 149.623840332, 97.5376815796, 54.5803527832, 13.0861692429, 53.1186218262, 75.8119888306, 41.1347465515, 4.1071896553, 0.359777003527, 0.0208355020732, 0.000150335137732, 5.42119664715e-08, 1.49231860203e-09],
        "max": [13.2712974548, 48.7006454468, 141.259429932, 208.49671936, 136.89994812, 104.703620911, 138.587036133, 156.026428223, 246.241577148, 171.392990112, 577.65637207, 1080.03320312, 504.629089355, 280.321716309, 1495.99108887, 936.682861328, 752.407226562, 899.281677246, 629.192382812, 580.112243652, 429.567199707, 499.446166992, 368.390533447, 224.231704712, 297.062896729, 854.183288574, 274.102844238, 130.332778931, 89.141456604, 84.4542312622, 36.7730979919, 93.6777191162, 114.598968506, 91.3789596558, 30.2337341309, 6.18492507935, 1.13078737259, 0.1703658849, 0.00328922783956, 0.000287663133349],
        "mean": [2.62158083916, 5.74868106842, 5.13800477982, 7.0405254364, 5.03531265259, 5.81791353226, 9.87739467621, 9.27426052094, 13.8650693893, 14.6730394363, 33.5380592346, 49.5655288696, 27.0810680389, 25.7371120453, 30.742389679, 35.1534538269, 34.1857337952, 49.8126602173, 58.566493988, 25.9116516113, 25.1111907959, 29.2222251892, 22.7213306427, 12.314748764, 21.2104263306, 23.5951499939, 8.39905261993, 4.28263950348, 5.44127035141, 4.07315778732, 1.54422473907, 2.50625681877, 3.15032219887, 1.8259729147, 0.724479496479, 0.191650748253, 0.036557585001, 0.00211219978519, 9.10785165615e-05, 9.23371408135e-05],
        "median": [2.29240870476, 4.30339336395, 2.13462471962, 2.61185503006, 2.60830450058, 2.62627434731, 5.33508825302, 4.04623699188, 8.74220180511, 8.51633262634, 11.9532804489, 10.7783842087, 13.0743160248, 13.0610656738, 9.77510070801, 12.7544250488, 12.1928949356, 18.0252857208, 14.822309494, 8.4349489212, 10.4818382263, 11.8879556656, 7.26498842239, 5.19097709656, 8.46531486511, 4.4751200676, 1.41333258152, 0.99553912878, 1.94762039185, 1.95638740063, 0.615748822689, 0.586590111256, 0.816137969494, 0.362727016211, 0.172733202577, 0.0591368302703, 0.0107285967097, 0.000513419683557, 5.56899067305e-05, 8.6969928816e-05],
        "min": [3.36962031611e-08, 8.39914360284e-09, 2.38977975187e-08, 2.16356355054e-08, 1.42391456848e-07, 7.21971503026e-07, 1.6174166376e-05, 1.91358067241e-05, 2.25817948376e-05, 5.19590648764e-05, 8.35514219943e-05, 0.00011504982831, 9.21476676012e-05, 0.000100704739452, 7.47085359762e-05, 5.82288739679e-05, 7.61359478929e-05, 0.000154146880959, 0.000120101161883, 5.82471620874e-05, 0.000171362247784, 8.61139560584e-05, 2.22601192945e-05, 1.36510379889e-05, 1.39156691148e-05, 1.20909471661e-05, 1.09674638225e-05, 1.07344212665e-05, 9.29735961108e-06, 8.50150354381e-06, 7.16084468877e-06, 1.10567452793e-06, 5.95180608798e-07, 8.37203174342e-07, 1.73811969262e-07, 3.65865986396e-08, 1.39974227764e-08, 5.84864112696e-09, 1.5821972621e-09, 3.80476677941e-10],
        "var": [4.04408597946, 47.4855422974, 256.329162598, 321.285400391, 116.644683838, 114.53993988, 213.522384644, 194.455337524, 300.497344971, 312.649871826, 3739.86694336, 9777.05078125, 1688.26098633, 1302.85009766, 6313.77246094, 6413.10302734, 3796.55908203, 7101.60693359, 8615.27539062, 1895.13867188, 1865.37805176, 2362.43066406, 1801.8572998, 552.88671875, 1139.92724609, 4805.25537109, 659.947021484, 121.058738708, 103.189735413, 49.4630508423, 9.05677223206, 52.6640434265, 75.0155792236, 35.3840065002, 3.2403113842, 0.20752684772, 0.00779503583908, 4.34084322478e-05, 2.03522425579e-08, 2.72988698313e-09]
    },
    "gfcc": {
        "mean": [-1.32409906387, 105.297912598, -110.742958069, 31.9878883362, -43.9295310974, 26.8217926025, -30.4575004578, 23.4355373383, -14.9816637039, 9.71206188202, -5.82466983795, -0.307390332222, -2.80135440826],
        "cov": [[10247.1337891, -480.619445801, 603.871948242, 1425.34716797, 145.506790161, 803.450500488, 33.0071983337, 292.328887939, -46.1588783264, 242.157623291, -116.87878418, -40.3170127869, -234.581481934], [-480.619445801, 1893.64343262, 324.492645264, -18.1988620758, 666.922424316, -14.984577179, 610.146789551, -70.5802688599, 404.109558105, -151.995300293, 242.336669922, 8.01514911652, 81.3596420288], [603.871948242, 324.492645264, 1124.45471191, 318.719848633, 118.172706604, 280.062316895, 139.98651123, 72.4916381836, 153.578094482, 6.69174432755, -3.68358516693, 61.2428359985, -51.4121704102], [1425.34716797, -18.1988620758, 318.719848633, 772.573364258, 155.745574951, 199.669448853, 135.76109314, 116.639900208, 220.170227051, 74.3361740112, 72.4753036499, 11.6421108246, 71.059425354], [145.506790161, 666.922424316, 118.172706604, 155.745574951, 491.525543213, 79.2855224609, 285.415435791, 51.297000885, 249.174057007, 20.7668457031, 87.9993133545, 33.7239494324, 60.5628585815], [803.450500488, -14.984577179, 280.062316895, 199.669448853, 79.2855224609, 368.902008057, 138.430831909, 95.1547164917, 135.683456421, 88.9194107056, 3.48192381859, 24.4094829559, -10.1106567383], [33.0071983337, 610.146789551, 139.98651123, 135.76109314, 285.415435791, 138.430831909, 497.746337891, 39.3120346069, 201.84979248, 16.8009738922, 95.3455657959, 46.1123847961, 47.5836677551], [292.328887939, -70.5802688599, 72.4916381836, 116.639900208, 51.297000885, 95.1547164917, 39.3120346069, 152.353637695, 84.245010376, 49.7139625549, 1.16878700256, 21.2347373962, 30.8926410675], [-46.1588783264, 404.109558105, 153.578094482, 220.170227051, 249.174057007, 135.683456421, 201.84979248, 84.245010376, 368.624725342, 45.8028564453, 69.7468032837, 24.4568443298, 61.1238212585], [242.157623291, -151.995300293, 6.69174432755, 74.3361740112, 20.7668457031, 88.9194107056, 16.8009738922, 49.7139625549, 45.8028564453, 177.376159668, -2.60165333748, 23.1279087067, 8.61523151398], [-116.87878418, 242.336669922, -3.68358516693, 72.4753036499, 87.9993133545, 3.48192381859, 95.3455657959, 1.16878700256, 69.7468032837, -2.60165333748, 138.286254883, 10.1445112228, 29.4981765747], [-40.3170127869, 8.01514911652, 61.2428359985, 11.6421108246, 33.7239494324, 24.4094829559, 46.1123847961, 21.2347373962, 24.4568443298, 23.1279087067, 10.1445112228, 112.148994446, 14.7392807007], [-234.581481934, 81.3596420288, -51.4121704102, 71.059425354, 60.5628585815, -10.1106567383, 47.5836677551, 30.8926410675, 61.1238212585, 8.61523151398, 29.4981765747, 14.7392807007, 147.433670044]],
        "icov": [[0.000242022419116, -0.000386255735066, 0.000240501089138, -0.000696162984241, 6.88581712893e-05, -0.000563213194255, 0.000308234040858, -0.000388970976928, 0.000686133920681, -0.00020441666129, 0.000553317659069, -0.000127078033984, 0.000562226399779], [-0.000386255735066, 0.00373827805743, -0.00144762964919, 0.00245907297358, -0.00261785904877, 0.00196995027363, -0.00240704184398, 0.00243419432081, -0.00271320180036, 0.00212170532905, -0.00336812087335, 0.00165678781923, -0.00138112250715], [0.000240501089138, -0.00144762964919, 0.00189667055383, -0.00157052068971, 0.00082083279267, -0.00170950440224, 0.000956305942964, -0.000931594055146, 0.00108364364132, -0.000201679547899, 0.00173454673495, -0.00130710378289, 0.00137816229835], [-0.000696162984241, 0.00245907297358, -0.00157052068971, 0.00452825147659, -0.00129264220595, 0.00168057775591, -0.00158570031635, 0.00130140641704, -0.00316996360198, 0.00100733421277, -0.00340504851192, 0.00151335238479, -0.00252417777665], [6.88581712893e-05, -0.00261785904877, 0.00082083279267, -0.00129264220595, 0.00591229228303, -0.000517888402101, 0.000156840134878, -0.00168453063816, -0.00028105409001, -0.00154785334598, 0.00164510635659, -0.00132215430494, 0.000311634212267], [-0.000563213194255, 0.00196995027363, -0.00170950440224, 0.00168057775591, -0.000517888402101, 0.00657007889822, -0.00246377591975, -4.55187182524e-05, -0.00285847741179, -0.000574210658669, -0.0015337234363, 0.00111032661516, -0.000506838783622], [0.000308234040858, -0.00240704184398, 0.000956305942964, -0.00158570031635, 0.000156840134878, -0.00246377591975, 0.00516048958525, -0.00115778960753, 0.00139286613557, -0.000949886802118, 0.00100698706228, -0.00178120390046, 0.000714798981789], [-0.000388970976928, 0.00243419432081, -0.000931594055146, 0.00130140641704, -0.00168453063816, -4.55187182524e-05, -0.00115778960753, 0.0109681105241, -0.00317552615888, 0.000277964660199, -0.00137032044586, 7.41849798942e-05, -0.00258293235675], [0.000686133920681, -0.00271320180036, 0.00108364364132, -0.00316996360198, -0.00028105409001, -0.00285847741179, 0.00139286613557, -0.00317552615888, 0.00813533738256, -0.0017643814208, 0.00204546796158, -0.000817897089291, 0.00103277678136], [-0.00020441666129, 0.00212170532905, -0.000201679547899, 0.00100733421277, -0.00154785334598, -0.000574210658669, -0.000949886802118, 0.000277964660199, -0.0017643814208, 0.00831578671932, -0.00156680762302, -0.000399698183173, -0.00060814851895], [0.000553317659069, -0.00336812087335, 0.00173454673495, -0.00340504851192, 0.00164510635659, -0.0015337234363, 0.00100698706228, -0.00137032044586, 0.00204546796158, -0.00156680762302, 0.0125874169171, -0.00187286129221, 0.00107853615191], [-0.000127078033984, 0.00165678781923, -0.00130710378289, 0.00151335238479, -0.00132215430494, 0.00111032661516, -0.00178120390046, 7.41849798942e-05, -0.000817897089291, -0.000399698183173, -0.00187286129221, 0.0108064608648, -0.00146627135109], [0.000562226399779, -0.00138112250715, 0.00137816229835, -0.00252417777665, 0.000311634212267, -0.000506838783622, 0.000714798981789, -0.00258293235675, 0.00103277678136, -0.00060814851895, 0.00107853615191, -0.00146627135109, 0.00982250832021]]
    },
    "melbands": {
        "dmean": [0.00394390383735, 0.00246548256837, 0.000971481960732, 0.000286965165287, 0.000217051143409, 0.000149016777868, 0.00012769944442, 8.83484681253e-05, 0.00018273362366, 0.000178689297172, 6.43912426312e-05, 4.80336639157e-05, 5.39907778148e-05, 7.67435485614e-05, 4.13355446653e-05, 6.64495746605e-05, 6.01840874879e-05, 4.98827976116e-05, 3.35025979439e-05, 2.27218661166e-05, 1.97165591089e-05, 2.06487129617e-05, 2.05009309866e-05, 1.2144192624e-05, 7.64806918596e-06, 9.98694576992e-06, 1.10448363557e-05, 1.91460949281e-05, 8.36142316984e-06, 1.98884981728e-06, 1.82451583441e-06, 1.98347834157e-06, 2.11002816286e-06, 1.17882484574e-06, 6.59872114284e-07, 7.86518398854e-07, 1.4339898371e-06, 1.70222176621e-06, 1.55731061113e-06, 1.26640190956e-06],
        "dmean2": [0.00530482130125, 0.00368157541379, 0.00177987175994, 0.000489395519253, 0.000355295371264, 0.000250827200944, 0.000202368319151, 0.000138374714879, 0.000285407761112, 0.000260855449596, 9.76025257842e-05, 7.05618513166e-05, 7.95032974565e-05, 0.000120677432278, 6.2632287154e-05, 0.000106432773464, 9.45286665228e-05, 7.4856026913e-05, 5.12360311404e-05, 3.37197016052e-05, 3.06225883833e-05, 3.15982360917e-05, 3.10906507366e-05, 1.92281240743e-05, 1.22687933981e-05, 1.5368226741e-05, 1.62005817401e-05, 3.4127759136e-05, 1.46723832586e-05, 2.99670568893e-06, 2.78048378277e-06, 3.02143484987e-06, 3.27101201947e-06, 1.81311281722e-06, 1.07642131297e-06, 1.28056626636e-06, 2.19985554395e-06, 2.56470934801e-06, 2.31807484852e-06, 1.88429498849e-06],
        "dvar": [6.11005816609e-05, 5.47472882317e-05, 1.34665206133e-05, 7.07177434833e-07, 1.66577365235e-07, 9.34135542252e-08, 6.354643034e-08, 2.02673522409e-08, 1.64820463056e-07, 1.74300680555e-07, 1.71779763747e-08, 7.98870036789e-09, 3.53699896039e-08, 6.29776621963e-08, 1.1297935032e-08, 2.43578082149e-08, 1.96086524795e-08, 8.50288639498e-09, 4.07575040384e-09, 2.48354203869e-09, 1.74023606636e-09, 1.91078508571e-09, 1.76004544272e-09, 9.19077480788e-10, 3.68256314331e-10, 4.21940343776e-10, 4.56290866202e-10, 5.81835246649e-09, 9.21567877565e-10, 2.40414441827e-11, 2.73373736842e-11, 1.85490268978e-11, 1.42473151332e-11, 7.26245669505e-12, 2.01424315595e-12, 3.73342806323e-12, 1.80851115333e-11, 2.20071200846e-11, 1.81418491341e-11, 1.92012239442e-11],
        "dvar2": [9.31434988161e-05, 0.000127945633722, 3.85599778383e-05, 1.98420457309e-06, 4.06049423418e-07, 2.46347070743e-07, 1.61442258673e-07, 5.07004109807e-08, 3.83777404522e-07, 3.68743656054e-07, 3.92844405894e-08, 1.72098442164e-08, 8.08987223877e-08, 1.65048120948e-07, 2.55372789582e-08, 6.20222166958e-08, 5.18794891491e-08, 1.75838401617e-08, 9.45620914905e-09, 5.21845988644e-09, 4.05347044818e-09, 4.25882795696e-09, 3.80610298834e-09, 2.1042312337e-09, 9.07532604622e-10, 9.72325331361e-10, 9.46209777197e-10, 1.61240638619e-08, 2.52489873453e-09, 4.95244886767e-11, 5.78715859956e-11, 3.71576554248e-11, 2.99136965198e-11, 1.54559941234e-11, 4.22968387745e-12, 7.84420271793e-12, 3.40584990766e-11, 4.04393116216e-11, 3.22263916941e-11, 3.90958654339e-11],
        "max": [0.0831131488085, 0.0600383915007, 0.0327505283058, 0.00888174865395, 0.00464925728738, 0.00324509642087, 0.00405098358169, 0.00150059885345, 0.00484169228002, 0.007187851239, 0.00249046133831, 0.00135766295716, 0.00374453281984, 0.00373835628852, 0.00136752484832, 0.00229404284619, 0.00176035705954, 0.00105108320713, 0.000734118977562, 0.000568211369682, 0.000542775145732, 0.00069135078229, 0.000540434673894, 0.000268240022706, 0.000229598546866, 0.000254443933954, 0.000274564954452, 0.00079938932322, 0.000282091816189, 7.34934947104e-05, 8.16310421214e-05, 5.74606347072e-05, 5.35068575118e-05, 4.43267563242e-05, 1.78680529643e-05, 3.79162556783e-05, 7.23202247173e-05, 7.43385680835e-05, 6.97380310157e-05, 9.42680271692e-05],
        "mean": [0.0175992920995, 0.00409532291815, 0.00114951014984, 0.000363230763469, 0.00031888455851, 0.000224027957302, 0.000229688201216, 0.00015774651547, 0.000270241434919, 0.00031400640728, 0.000124663260067, 0.000100413693872, 8.48731215228e-05, 0.000104621642095, 6.08110094618e-05, 8.95689590834e-05, 9.12352552405e-05, 9.23804254853e-05, 5.27990050614e-05, 3.23541244143e-05, 3.01305535686e-05, 3.16216282954e-05, 2.82274031633e-05, 1.41390855788e-05, 8.81722462509e-06, 1.33061912493e-05, 1.75191453309e-05, 1.63111362781e-05, 6.68469510856e-06, 2.52051017924e-06, 2.34988601733e-06, 2.81370557786e-06, 3.48002254213e-06, 1.75323020812e-06, 7.86071893799e-07, 8.78948469563e-07, 1.81484142558e-06, 2.32948377743e-06, 1.87863793144e-06, 1.44568161886e-06],
        "median": [0.0155522273853, 0.00243350560777, 0.000476028188132, 0.000170959989191, 0.000184741598787, 0.00010139146616, 0.000141395328683, 9.05958731892e-05, 8.21197827463e-05, 5.98799633735e-05, 5.80455889576e-05, 4.74036023661e-05, 2.66352617473e-05, 4.03256854042e-05, 1.87943587662e-05, 2.64550253632e-05, 2.22654343816e-05, 1.90149330592e-05, 1.10459232019e-05, 9.81664470601e-06, 1.15203656605e-05, 1.29334312078e-05, 8.40604116092e-06, 3.95590677726e-06, 2.95716222354e-06, 5.20639559909e-06, 5.42339103049e-06, 2.02423325391e-06, 7.28668965166e-07, 5.21867093539e-07, 5.06524770572e-07, 8.28343104331e-07, 1.46799345657e-06, 7.7193362813e-07, 3.03102552834e-07, 1.78192181011e-07, 3.64471560488e-07, 5.90498700603e-07, 4.06463840363e-07, 2.35644506574e-07],
        "min": [5.58220636382e-10, 7.59253857702e-12, 2.78927879058e-12, 3.04094804893e-11, 4.86384321707e-10, 4.90936125086e-10, 3.49221263019e-10, 5.0600040824e-10, 8.01810007278e-10, 7.51541218147e-10, 2.39994829565e-10, 3.87517878897e-10, 2.67503269535e-10, 1.47302156583e-10, 1.22699433946e-10, 2.41648118182e-10, 3.03024633164e-10, 2.37038222384e-10, 4.83403803098e-11, 4.5060618431e-11, 2.59650495549e-10, 1.01691537135e-10, 2.26569509681e-11, 1.26815155599e-11, 1.05304549802e-11, 1.07270121605e-11, 7.59601496286e-12, 6.82302478405e-12, 7.29023265367e-12, 6.12976813405e-12, 5.03148521111e-12, 4.92363962101e-12, 2.00399419281e-12, 4.83586825098e-12, 4.52266089163e-12, 3.96842498099e-13, 8.61174399478e-14, 7.31613730644e-14, 4.0717297291e-14, 1.24529496415e-13],
