{
"highlevel": {
    "danceability": {
        "all": {
            "danceable": 0.872768223286,
            "not_danceable": 0.127231806517
        },
        "probability": 0.872768223286,
        "value": "danceable"
    },
    "gender": {
        "all": {
            "female": 0.974595248699,
            "male": 0.0254047438502
        },
        "probability": 0.974595248699,
        "value": "female"
    },
    "genre_dortmund": {
        "all": {
            "alternative": 0.283089578152,
            "blues": 0.00669662421569,
            "electronic": 0.0219721328467,
            "folkcountry": 0.191878154874,
            "funksoulrnb": 0.00974662043154,
            "jazz": 0.0167082697153,
            "pop": 0.171662628651,
            "raphiphop": 0.00608886871487,
            "rock": 0.292157143354
        },
        "probability": 0.292157143354,
        "value": "rock"
    },
    "genre_electronic": {
        "all": {
            "ambient": 0.790560901165,
            "dnb": 0.0440612398088,
            "house": 0.0429142042994,
            "techno": 0.00789494346827,
            "trance": 0.114568717778
        },
        "probability": 0.790560901165,
        "value": "ambient"
    },
    "genre_rosamerica": {
        "all": {
            "cla": 0.0105180125684,
            "dan": 0.0639570578933,
            "hip": 0.00596699211746,
            "jaz": 0.00885846558958,
            "pop": 0.560002505779,
            "rhy": 0.143118560314,
            "roc": 0.203760445118,
            "spe": 0.00381796504371
        },
        "probability": 0.560002505779,
        "value": "pop"
    },
    "genre_tzanetakis": {
        "all": {
            "blu": 0.063259229064,
            "cla": 0.0351214334369,
            "cou": 0.0790196210146,
            "dis": 0.0526951625943,
            "hip": 0.158124744892,
            "jaz": 0.316520601511,
            "met": 0.0632875487208,
            "pop": 0.063269995153,
            "reg": 0.0632629841566,
            "roc": 0.105438686907
        },
        "probability": 0.316520601511,
        "value": "jaz"
    },
    "ismir04_rhythm": {
        "all": {
            "ChaChaCha": 0.029021024704,
            "Jive": 0.0296962149441,
            "Quickstep": 0.0213016867638,
            "Rumba-American": 0.0214780122042,
            "Rumba-International": 0.206957891583,
            "Rumba-Misc": 0.0233729761094,
            "Samba": 0.039709392935,
            "Tango": 0.13736525178,
            "VienneseWaltz": 0.404078751802,
            "Waltz": 0.0870187878609
        },
        "probability": 0.404078751802,
        "value": "VienneseWaltz"
    },
    "mood_acoustic": {
        "all": {
            "acoustic": 0.31545779109,
            "not_acoustic": 0.684542179108
        },
        "probability": 0.684542179108,
        "value": "not_acoustic"
    },
    "mood_aggressive": {
        "all": {
            "aggressive": 0.00382685195655,
            "not_aggressive": 0.996173143387
        },
        "probability": 0.996173143387,
        "value": "not_aggressive"
    },
    "mood_electronic": {
        "all": {
            "electronic": 0.137282714248,
            "not_electronic": 0.862717270851
        },
        "probability": 0.862717270851,
        "value": "not_electronic"
    },
    "mood_happy": {
        "all": {
            "happy": 0.825094938278,
            "not_happy": 0.174905061722
        },
        "probability": 0.825094938278,
        "value": "happy"
    },
    "mood_party": {
        "all": {
            "not_party": 0.937865614891,
            "party": 0.0621343776584
        },
        "probability": 0.937865614891,
        "value": "not_party"
    },
    "mood_relaxed": {
        "all": {
            "not_relaxed": 0.197401672602,
            "relaxed": 0.802598357201
        },
        "probability": 0.802598357201,
        "value": "relaxed"
    },
    "mood_sad": {
        "all": {
            "not_sad": 0.311193466187,
            "sad": 0.688806533813
        },
        "probability": 0.688806533813,
        "value": "sad"
    },
    "moods_mirex": {
        "all": {
            "Cluster1": 0.103538550436,
            "Cluster2": 0.209757179022,
            "Cluster3": 0.578406631947,
            "Cluster4": 0.0904488489032,
            "Cluster5": 0.017848815769
        },
        "probability": 0.578406631947,
        "value": "Cluster3"
    },
    "timbre": {
        "all": {
            "bright": 0.992127358913,
            "dark": 0.00787261966616
        },
        "probability": 0.992127358913,
        "value": "bright"
    },
    "tonal_atonal": {
        "all": {
            "atonal": 0.00163774285465,
            "tonal": 0.998362243176
        },
        "probability": 0.998362243176,
        "value": "tonal"
    },
    "voice_instrumental": {
        "all": {
            "instrumental": 0.000196414752281,
            "voice": 0.999803602695
        },
        "probability": 0.999803602695,
        "value": "voice"
    }
},
"lowlevel": {
    "average_loudness": 0.979507088661,
    "barkbands_crest": {
        "dmean": 2.65633749962,
        "dmean2": 4.09141921997,
        "dvar": 5.51706266403,
        "dvar2": 11.829782486,
        "max": 24.0246524811,
        "mean": 10.9089336395,
        "median": 10.5781745911,
        "min": 3.18297386169,
        "var": 14.4870967865
    },
    "barkbands_flatness_db": {
        "dmean": 0.0229036472738,
        "dmean2": 0.0344215072691,
        "dvar": 0.000494403939229,
        "dvar2": 0.00100006582215,
        "max": 0.350339531898,
        "mean": 0.187471926212,
        "median": 0.183742433786,
        "min": 0.0540582947433,
        "var": 0.00271611940116
    },
    "barkbands_kurtosis": {
        "dmean": 3.65891218185,
        "dmean2": 5.77910375595,
        "dvar": 32.6628417969,
        "dvar2": 81.6054153442,
        "max": 63.0233001709,
        "mean": 5.35962057114,
        "median": 2.86518573761,
        "min": -1.53428769112,
        "var": 57.6337051392
    },
    "barkbands_skewness": {
        "dmean": 0.602461695671,
        "dmean2": 0.890478909016,
        "dvar": 0.372008532286,
        "dvar2": 0.856719911098,
        "max": 7.08951616287,
        "mean": 1.67598068714,
        "median": 1.4858995676,
        "min": -1.21087014675,
        "var": 1.27082312107
    },
    "barkbands_spread": {
        "dmean": 4.70327043533,
        "dmean2": 7.08519458771,
        "dvar": 52.9596862793,
        "dvar2": 112.22013092,
        "max": 85.7973937988,
        "mean": 15.3681678772,
        "median": 11.8937911987,
        "min": 1.5339076519,
        "var": 154.783889771
    },
    "dissonance": {
        "dmean": 0.0302657224238,
        "dmean2": 0.0498538427055,
        "dvar": 0.000573494413402,
        "dvar2": 0.00154210440814,
        "max": 0.497691094875,
        "mean": 0.429154664278,
        "median": 0.435263812542,
        "min": 0.235348403454,
        "var": 0.00152394745965
    },
    "dynamic_complexity": 1.68021690845,
    "erbbands_crest": {
        "dmean": 2.90633225441,
        "dmean2": 4.72160482407,
        "dvar": 6.95710849762,
        "dvar2": 16.3384571075,
        "max": 30.2408657074,
        "mean": 9.98515415192,
        "median": 9.39788341522,
        "min": 2.9377746582,
        "var": 17.7745475769
    },
    "erbbands_flatness_db": {
        "dmean": 0.020551899448,
        "dmean2": 0.0287274681032,
        "dvar": 0.000419067102484,
        "dvar2": 0.00079491827637,
        "max": 0.341407954693,
        "mean": 0.176043510437,
        "median": 0.179898023605,
        "min": 0.0592927187681,
        "var": 0.00217573763803
    },
    "erbbands_kurtosis": {
        "dmean": 1.23942351341,
        "dmean2": 1.97404921055,
        "dvar": 3.08700895309,
        "dvar2": 6.13693237305,
        "max": 39.1544418335,
        "mean": 1.35080265999,
        "median": 0.744143486023,
        "min": -1.6976505518,
        "var": 7.10966253281
    },
    "erbbands_skewness": {
        "dmean": 0.401309728622,
        "dmean2": 0.629972994328,
        "dvar": 0.137622922659,
        "dvar2": 0.318883657455,
        "max": 5.11940479279,
        "mean": 0.68656373024,
        "median": 0.645385563374,
        "min": -1.62079429626,
        "var": 0.386414766312
    },
    "erbbands_spread": {
        "dmean": 8.47293949127,
        "dmean2": 12.5307178497,
        "dvar": 152.667053223,
        "dvar2": 300.646820068,
        "max": 142.80317688,
        "mean": 30.9644966125,
        "median": 24.3448753357,
        "min": 4.38323736191,
        "var": 527.796569824
    },
    "hfc": {
        "dmean": 6.50989341736,
        "dmean2": 9.95795440674,
        "dvar": 77.3228683472,
        "dvar2": 181.02104187,
        "max": 92.2768325806,
        "mean": 23.4892272949,
        "median": 20.5954456329,
        "min": 0.670683085918,
        "var": 229.882873535
    },
    "melbands_crest": {
        "dmean": 3.21786952019,
        "dmean2": 4.97673511505,
        "dvar": 8.8082408905,
        "dvar2": 18.6044559479,
        "max": 30.4241104126,
        "mean": 14.7833757401,
        "median": 14.2666835785,
        "min": 4.37307453156,
        "var": 26.3717041016
    },
    "melbands_flatness_db": {
        "dmean": 0.0276179127395,
        "dmean2": 0.0397766940296,
        "dvar": 0.000832944642752,
        "dvar2": 0.00157637509983,
        "max": 0.461793214083,
        "mean": 0.261500746012,
        "median": 0.257150381804,
        "min": 0.0949794054031,
        "var": 0.0047431178391
    },
    "melbands_kurtosis": {
        "dmean": 7.81060123444,
        "dmean2": 12.2546348572,
        "dvar": 229.9425354,
        "dvar2": 613.1640625,
        "max": 234.395782471,
        "mean": 12.6083860397,
        "median": 6.15762519836,
        "min": -1.48061907291,
        "var": 335.903930664
    },
    "melbands_skewness": {
        "dmean": 0.820370256901,
        "dmean2": 1.23343372345,
        "dvar": 0.825409293175,
        "dvar2": 1.92462384701,
        "max": 12.0083303452,
        "mean": 2.38465166092,
        "median": 2.02654862404,
        "min": -0.25597089529,
        "var": 2.71482825279
    },
    "melbands_spread": {
        "dmean": 4.1929807663,
        "dmean2": 6.23461532593,
        "dvar": 36.3286705017,
        "dvar2": 63.6781692505,
        "max": 173.833648682,
        "mean": 14.8702325821,
        "median": 13.2489709854,
        "min": 1.26641821861,
        "var": 128.8802948
    },
    "pitch_salience": {
        "dmean": 0.0781334340572,
        "dmean2": 0.117929399014,
        "dvar": 0.00500553008169,
        "dvar2": 0.0120018431917,
        "max": 0.825658559799,
        "mean": 0.506749033928,
        "median": 0.504777789116,
        "min": 0.161764010787,
        "var": 0.0105519015342
    },
    "silence_rate_20dB": {
        "dmean": 0,
        "dmean2": 0,
        "dvar": 0,
        "dvar2": 0,
        "max": 1,
        "mean": 1,
        "median": 1,
        "min": 1,
        "var": 0
    },
    "silence_rate_30dB": {
        "dmean": 0.0417956672609,
        "dmean2": 0.0836560800672,
        "dvar": 0.0400489717722,
        "dvar2": 0.106092326343,
        "max": 1,
        "mean": 0.970610976219,
        "median": 1,
        "min": 0,
        "var": 0.0285248924047
    },
    "silence_rate_60dB": {
        "dmean": 0.0030959751457,
        "dmean2": 0.00619674660265,
        "dvar": 0.00308638857678,
        "dvar2": 0.00770753761753,
        "max": 1,
        "mean": 0.00232018553652,
        "median": 0,
        "min": 0,
        "var": 0.0023148029577
    },
    "spectral_centroid": {
        "dmean": 150.40447998,
        "dmean2": 218.452285767,
        "dvar": 34193.09375,
        "dvar2": 68600.234375,
        "max": 3694.4921875,
        "mean": 760.174682617,
        "median": 718.493713379,
        "min": 189.718963623,
        "var": 110588.882812
    },
    "spectral_complexity": {
        "dmean": 2.72755408287,
        "dmean2": 4.19054985046,
        "dvar": 10.0867414474,
        "dvar2": 20.8715305328,
        "max": 41,
        "mean": 16.244392395,
        "median": 16,
        "min": 2,
        "var": 34.3223419189
    },
    "spectral_decrease": {
        "dmean": 3.71601838189e-09,
        "dmean2": 5.8515494672e-09,
        "dvar": 2.62318808032e-17,
        "dvar2": 6.73764483134e-17,
        "max": -2.71956568376e-10,
        "mean": -1.1854488946e-08,
        "median": -1.07181463704e-08,
        "min": -4.48975718825e-08,
        "var": 5.60893637143e-17
    },
    "spectral_energy": {
        "dmean": 0.0143274478614,
        "dmean2": 0.0225348565727,
        "dvar": 0.000383422826417,
        "dvar2": 0.000986653962173,
        "max": 0.171920076013,
        "mean": 0.0468721017241,
        "median": 0.042862854898,
        "min": 0.00156034319662,
        "var": 0.000826021423563
    },
    "spectral_energyband_high": {
        "dmean": 0.000278483319562,
        "dmean2": 0.000406953331549,
        "dvar": 4.47540202231e-07,
        "dvar2": 9.74112708718e-07,
        "max": 0.00776896066964,
        "mean": 0.000566617585719,
        "median": 0.000149522427819,
        "min": 1.43435386235e-07,
        "var": 1.11698705041e-06
    },
    "spectral_energyband_low": {
        "dmean": 0.0100668203086,
        "dmean2": 0.0161726400256,
        "dvar": 0.000277284096228,
        "dvar2": 0.000670388049912,
        "max": 0.13328884542,
        "mean": 0.0213703531772,
        "median": 0.0152782909572,
        "min": 5.20421017427e-05,
        "var": 0.000544842099771
    },
    "spectral_energyband_middle_high": {
        "dmean": 0.00257440353744,
        "dmean2": 0.00381911220029,
        "dvar": 1.88263857126e-05,
        "dvar2": 4.14542009821e-05,
        "max": 0.0534396953881,
        "mean": 0.00607240479439,
        "median": 0.00380387017503,
        "min": 2.29973556998e-05,
        "var": 4.98581284774e-05
    },
    "spectral_energyband_middle_low": {
        "dmean": 0.00959459412843,
        "dmean2": 0.015388940461,
        "dvar": 0.000213999519474,
        "dvar2": 0.000582139473408,
        "max": 0.108149886131,
        "mean": 0.0210069157183,
        "median": 0.0175809301436,
        "min": 0.000722289376426,
        "var": 0.000253441598034
    },
    "spectral_entropy": {
        "dmean": 0.211636215448,
        "dmean2": 0.298094719648,
        "dvar": 0.0544828996062,
        "dvar2": 0.10448885709,
        "max": 8.63964939117,
        "mean": 7.07502365112,
        "median": 7.02467393875,
        "min": 5.54979085922,
        "var": 0.248680472374
    },
    "spectral_flux": {
        "dmean": 0.0376819185913,
        "dmean2": 0.0580517575145,
        "dvar": 0.00189142662566,
        "dvar2": 0.00324679096229,
        "max": 0.348196148872,
        "mean": 0.106557272375,
        "median": 0.0912050306797,
        "min": 0.0040689939633,
        "var": 0.00398216210306
    },
    "spectral_kurtosis": {
        "dmean": 3.03090620041,
        "dmean2": 4.72387981415,
        "dvar": 13.6136169434,
        "dvar2": 31.0418968201,
        "max": 56.7733764648,
        "mean": 9.55943012238,
        "median": 9.00490665436,
        "min": -1.10510277748,
        "var": 40.3092689514
    },
    "spectral_rms": {
        "dmean": 0.00099208613392,
        "dmean2": 0.00149976520333,
        "dvar": 1.34263098062e-06,
        "dvar2": 3.13524128615e-06,
        "max": 0.0129509419203,
        "mean": 0.0064325532876,
        "median": 0.00646663922817,
        "min": 0.00123380962759,
        "var": 4.35115043729e-06
    },
    "spectral_rolloff": {
        "dmean": 423.463623047,
        "dmean2": 744.105529785,
        "dvar": 1466690.875,
        "dvar2": 3598939.25,
        "max": 11627.9296875,
        "mean": 999.002929688,
        "median": 689.0625,
        "min": 64.599609375,
        "var": 2164327.75
    },
    "spectral_skewness": {
        "dmean": 0.316239953041,
        "dmean2": 0.479150086641,
        "dvar": 0.100782893598,
        "dvar2": 0.215955615044,
        "max": 5.41717863083,
        "mean": 2.39368033409,
        "median": 2.40470099449,
        "min": 0.15556743741,
        "var": 0.416152715683
    },
    "spectral_spread": {
        "dmean": 797107.25,
        "dmean2": 1093061.375,
        "dvar": 1.55952375398e+12,
        "dvar2": 2.65674634035e+12,
        "max": 22238668,
        "mean": 4452039,
        "median": 3547500.5,
        "min": 1251660.5,
        "var": 7.26457699533e+12
    },
    "spectral_strongpeak": {
        "dmean": 0.677170455456,
        "dmean2": 1.13615572453,
        "dvar": 1.06847012043,
        "dvar2": 2.52565741539,
        "max": 8.56678295135,
        "mean": 1.29099059105,
        "median": 0.669587314129,
        "min": 0.0558249503374,
        "var": 1.82526803017
    },
    "zerocrossingrate": {
        "dmean": 0.00951014645398,
        "dmean2": 0.0108144273981,
        "dvar": 0.00018778865342,
        "dvar2": 0.000193127460079,
        "max": 0.357421875,
        "mean": 0.0441122278571,
        "median": 0.0341796875,
        "min": 0.00732421875,
        "var": 0.00143075536471
    },
    "barkbands": {
        "dmean": [0.000287442177068, 0.00653895735741, 0.00515610165894, 0.00351229659282, 0.00352778891101, 0.00220685359091, 0.00160171429161, 0.00100945972372, 0.00253137317486, 0.00116970250383, 0.000583792687394, 0.000720373063814, 0.000410722452216, 0.000437730603153, 0.000312868825858, 0.00022458517924, 0.000145449041156, 8.7622400315e-05, 7.9385456047e-05, 3.14450771839e-05, 2.33187784033e-05, 2.8727328754e-05, 4.77454705106e-05, 7.01628086972e-05, 9.92341083474e-05, 6.41827646177e-05, 9.29901755597e-09],
        "dmean2": [0.000358861550922, 0.00849274732172, 0.00910824630409, 0.00644942093641, 0.0060610785149, 0.00336961983703, 0.00256403023377, 0.00157024653163, 0.00379644846544, 0.0018584926147, 0.000960389908869, 0.001122301328, 0.000650561763905, 0.000677096308209, 0.000500674999785, 0.000365263374988, 0.000235639134189, 0.00014106099843, 0.000127030565636, 4.8130939831e-05, 3.71034184354e-05, 4.39354662376e-05, 7.51060215407e-05, 0.000104144703073, 0.000150782274432, 9.40977188293e-05, 1.5272373588e-08],
        "dvar": [3.11921695584e-07, 0.000122357305372, 0.000120204400446, 8.47689370858e-05, 4.63198484795e-05, 1.22695619211e-05, 9.46967520576e-06, 4.06576418754e-06, 1.70694165718e-05, 8.37311108626e-06, 1.63223944583e-06, 1.90399634903e-06, 5.66619632991e-07, 6.8504579076e-07, 5.66072003494e-07, 5.30167824309e-07, 1.08505219032e-07, 2.68252229318e-08, 2.51515377414e-08, 4.80444484197e-09, 3.70980957065e-09, 1.03565476195e-08, 1.14769678206e-08, 3.40025714252e-08, 7.7179080904e-08, 3.3657379106e-08, 6.57704693455e-15],
        "dvar2": [5.35361380116e-07, 0.000173513311893, 0.000347996945493, 0.00024178273452, 0.000128182655317, 2.4374026907e-05, 2.09629888559e-05, 9.49915374804e-06, 3.51886556018e-05, 1.83797365025e-05, 4.28841804023e-06, 4.3754989747e-06, 1.44169018768e-06, 1.40460485909e-06, 1.34349886594e-06, 1.24662460621e-06, 2.72293647186e-07, 6.39350261622e-08, 6.26340153076e-08, 1.11417230997e-08, 9.18191744859e-09, 2.59672390257e-08, 2.50465568286e-08, 7.1938067947e-08, 1.91458909171e-07, 7.02097082694e-08, 1.02953127794e-14],
        "max": [0.00542644737288, 0.101211443543, 0.0878484100103, 0.0624625757337, 0.0502972230315, 0.0531093738973, 0.03438391909, 0.0395498126745, 0.0469890832901, 0.0391817912459, 0.015390672721, 0.0227282177657, 0.0106440512463, 0.0143732391298, 0.0102646425366, 0.0135959163308, 0.00359794334508, 0.00287447799928, 0.00181415642146, 0.0010145684937, 0.000867429596838, 0.00121853698511, 0.00167154252995, 0.00263412646018, 0.00329878274351, 0.00280152820051, 2.13196085497e-06],
        "mean": [0.000383874255931, 0.0104611925781, 0.00844991952181, 0.00325777032413, 0.00467841140926, 0.0039763324894, 0.00251925573684, 0.00150765606668, 0.00489405170083, 0.00178599299397, 0.000754326174501, 0.00104956806172, 0.000610352202784, 0.000728895131033, 0.000462420401163, 0.000285884743789, 0.000203954899916, 0.000144790654304, 0.000121991208289, 5.57310631848e-05, 3.20963736158e-05, 3.43401916325e-05, 8.59198626131e-05, 0.000129991443828, 0.000157419868628, 0.00010000194743, 7.1638455168e-09],
        "median": [5.02427756146e-05, 0.00378638855182, 0.00464232033119, 0.0012772467453, 0.00273784669116, 0.0019902868662, 0.000912429066375, 0.000678081298247, 0.00188913359307, 0.000507442979142, 0.000286439899355, 0.000487682176754, 0.000291826348985, 0.000276189763099, 0.000138416973641, 0.00012037637498, 9.52225382207e-05, 7.77791137807e-05, 5.6685112213e-05, 3.01866002701e-05, 1.22102046589e-05, 7.2372977229e-06, 2.48178894253e-05, 1.6951265934e-05, 2.12302147702e-05, 1.341215102e-05, 8.03688060547e-10],
        "min": [7.93910770458e-10, 2.81034715499e-07, 1.81227424036e-05, 1.57490194397e-06, 2.51373203355e-05, 7.76555771154e-06, 1.0052383459e-06, 7.44937187847e-06, 1.44958121382e-05, 1.10764869987e-06, 2.12211216422e-06, 6.35524088466e-07, 3.58361774033e-07, 7.95748860583e-07, 1.125104518e-06, 1.32151194521e-06, 8.84559483438e-07, 1.14910776006e-07, 1.44555173165e-07, 2.80940266606e-08, 1.86397581814e-08, 8.3172801979e-09, 1.23762582405e-08, 1.00834913752e-08, 2.2815909162e-09, 4.27677858406e-11, 7.26046349778e-12],
        "var": [6.44487840873e-07, 0.000291339645628, 0.000113535315904, 5.21882175235e-05, 3.85410166928e-05, 3.11238618451e-05, 1.79843045771e-05, 6.9055804488e-06, 4.75109336548e-05, 1.90574683074e-05, 1.96599580704e-06, 3.08516086989e-06, 9.3694353609e-07, 1.46579270677e-06, 9.96054041025e-07, 5.34165565114e-07, 1.18000016869e-07, 4.99463048698e-08, 3.52118547653e-08, 6.40648778472e-09, 4.20128687395e-09, 9.92655468934e-09, 2.41653861366e-08, 1.00668380298e-07, 1.40739985e-07, 6.73887186053e-08, 5.7369888801e-15]
    },
    "erbbands": {
        "dmean": [0.26761302352, 1.24852752686, 4.57695674896, 10.2231779099, 10.5350294113, 11.0799236298, 20.7639350891, 16.2231121063, 24.8753395081, 16.9293422699, 27.4213123322, 48.9408454895, 43.2594108582, 31.4191837311, 21.1867179871, 23.3760528564, 17.8404502869, 21.4747543335, 17.0056190491, 15.9431085587, 9.31029224396, 8.7289981842, 4.37443447113, 4.94563293457, 2.54925131798, 1.5216742754, 0.88173520565, 1.00625681877, 0.853259861469, 1.18964421749, 1.57696962357, 1.52080368996, 1.25639009476, 1.14275515079, 0.729063391685, 0.399174839258, 0.0987008437514, 0.00820501334965, 0.000148517618072, 2.0391164071e-05],
        "dmean2": [0.331487089396, 1.72817504406, 8.0684928894, 18.5641288757, 19.3575191498, 19.1689682007, 32.7248153687, 24.4386959076, 40.30128479, 25.7919006348, 43.0994796753, 74.8066253662, 65.4318237305, 50.3089332581, 33.4208717346, 36.4940681458, 28.6211872101, 33.0815620422, 26.5673351288, 25.5957736969, 14.8965482712, 14.3241109848, 7.04868888855, 8.05284500122, 4.0296254158, 2.31971931458, 1.37640285492, 1.58747422695, 1.30487120152, 1.78756725788, 2.47378349304, 2.25943160057, 1.9082556963, 1.77877318859, 1.08686721325, 0.59615701437, 0.141882658005, 0.0124565409496, 0.000222773538553, 3.12548363581e-05],
        "dvar": [0.255692005157, 3.9337079525, 88.4929580688, 647.988586426, 746.233154297, 418.663421631, 700.492675781, 992.274841309, 2501.08007812, 1427.73022461, 2515.53417969, 6394.52490234, 7668.12939453, 5794.93701172, 1143.00866699, 2487.21899414, 1159.61572266, 2355.59887695, 1639.3848877, 1484.30627441, 496.114898682, 439.779846191, 76.8953323364, 97.0883865356, 28.4159545898, 9.20013141632, 3.41450881958, 9.36653518677, 8.18728923798, 12.0330200195, 12.4905061722, 12.9624671936, 15.145195961, 9.74906158447, 4.44486713409, 1.40844798088, 0.0732270181179, 0.000466863712063, 1.48253946008e-07, 7.42732320091e-10],
        "dvar2": [0.356543779373, 6.42555809021, 255.246170044, 1847.71276855, 2121.72314453, 1144.72521973, 1686.42736816, 1809.33581543, 5460.81689453, 3087.36230469, 6603.98583984, 13892.6865234, 15043.2226562, 12759.3642578, 2827.79833984, 5921.25585938, 2921.63305664, 4811.48388672, 3583.1340332, 3574.75683594, 1232.7668457, 1141.24926758, 188.9112854, 253.207366943, 70.5059356689, 20.7396583557, 8.23012638092, 23.3730163574, 19.5822677612, 27.2400550842, 28.4678783417, 27.81092453, 36.3468513489, 25.0834274292, 10.3992500305, 3.18444657326, 0.149421751499, 0.00102592562325, 3.0650474514e-07, 1.74905645522e-09],
        "max": [4.53306055069, 19.7710838318, 74.7708892822, 177.890823364, 192.728668213, 167.076629639, 351.436981201, 661.614440918, 614.182434082, 831.589111328, 708.293273926, 803.296813965, 901.308166504, 1401.36669922, 424.753509521, 870.357543945, 542.538574219, 925.433898926, 655.928161621, 536.70880127, 294.704467773, 243.770172119, 132.310134888, 83.4531402588, 85.5138778687, 45.8805732727, 28.6105308533, 45.9563789368, 33.3742179871, 42.8063087463, 57.8778991699, 56.2260398865, 58.910068512, 38.7455825806, 23.504365921, 15.4948682785, 4.52052307129, 0.303095936775, 0.00582343479618, 0.000371623027604],
        "mean": [0.376586467028, 2.1523141861, 8.04891777039, 12.11191082, 10.3962965012, 14.0178604126, 34.3925971985, 30.3301277161, 39.0090866089, 26.214384079, 53.6482620239, 93.9351119995, 73.4605712891, 50.1431884766, 32.6981811523, 35.7845230103, 30.0410327911, 36.9088783264, 26.7175502777, 23.394744873, 14.1760196686, 12.1201314926, 7.718791008, 8.24462127686, 4.30094814301, 2.71419811249, 1.47384691238, 1.23559689522, 1.05472290516, 1.66593551636, 2.77860045433, 2.79762172699, 2.1246972084, 1.64385020733, 1.15924656391, 0.596598446369, 0.149390488863, 0.0121437003836, 0.000260487518972, 6.68362336e-05],
        "median": [0.0765309855342, 1.12485122681, 4.46273612976, 6.09206676483, 4.93391275406, 8.281001091, 22.0800323486, 14.8111038208, 14.2081899643, 11.6302671432, 29.4311332703, 36.5535469055, 22.8344192505, 21.6820163727, 17.5214862823, 18.1820278168, 16.733133316, 12.3183670044, 10.0052204132, 8.97404289246, 7.28514814377, 5.66237831116, 4.32775306702, 4.285405159, 2.29513096809, 1.45425522327, 0.744245052338, 0.362203776836, 0.254198074341, 0.371415704489, 0.807687520981, 0.490150332451, 0.218600183725, 0.259314715862, 0.126422822475, 0.0673215985298, 0.0237342696637, 0.00161710998509, 6.45467007416e-05, 5.90615964029e-05],
        "min": [6.35081887594e-05, 0.00122512050439, 0.013000224717, 0.0276134368032, 0.0536696128547, 0.122253105044, 0.359896689653, 0.104950003326, 0.131056398153, 0.116340585053, 0.573813080788, 0.776770830154, 0.117019154131, 0.077388420701, 0.060078650713, 0.0381086468697, 0.0187780708075, 0.0268245227635, 0.0518091060221, 0.0687179043889, 0.0721762180328, 0.0500064045191, 0.0217983070761, 0.00743345823139, 0.00562294898555, 0.00154969375581, 0.00181431742385, 0.000522194604855, 0.000296453741612, 0.000263844849542, 0.000403807644034, 0.000208146579098, 0.000134538757266, 4.36306363554e-05, 1.58780785569e-05, 5.32478406967e-06, 1.6280781665e-06, 3.42380104712e-07, 1.32756883886e-06, 3.01686554849e-06],
        "var": [0.566968023777, 8.89736652374, 91.0871200562, 432.273834229, 464.574523926, 350.351348877, 1386.27624512, 2617.79980469, 4562.72753906, 2678.02124023, 4868.24267578, 17297.7734375, 19265.75, 12219.6894531, 1864.62915039, 3536.29589844, 1808.71325684, 5317.59912109, 3130.44750977, 2141.01611328, 583.10144043, 442.579956055, 121.064056396, 136.430953979, 37.1699867249, 13.5970973969, 4.46891975403, 10.0930490494, 8.20791912079, 15.5307760239, 25.2136878967, 37.573387146, 31.8076210022, 14.6879558563, 8.87742328644, 2.61942720413, 0.15024638176, 0.00084473885363, 3.05895497377e-07, 1.84748794041e-09]
    },
    "gfcc": {
        "mean": [8.65498447418, 120.816162109, -99.9228134155, 7.08853387833, -50.8955688477, 17.9852199554, -42.9951858521, 17.6697673798, -25.9910125732, -1.27087974548, -14.6964559555, -2.11914682388, -13.135679245],
        "cov": [[3246.59106445, -1460.84692383, 221.680770874, 105.035697937, -308.720397949, 450.588867188, -287.583557129, 324.357574463, -108.40083313, 320.217071533, -43.8709564209, 200.513015747, -67.1353378296], [-1460.84692383, 1852.71105957, -367.750396729, 130.964660645, 464.875518799, -275.3331604, 494.48034668, -243.147735596, 131.672546387, -144.410476685, 296.437530518, -166.192047119, 112.019821167], [221.680770874, -367.750396729, 582.390808105, 106.215324402, -72.143737793, 108.02519989, -121.444541931, 54.3745117188, -62.3955574036, 15.9812250137, -68.7571258545, 30.6158638, -33.65467453], [105.035697937, 130.964660645, 106.215324402, 339.543609619, 61.0142478943, 62.0865707397, 91.0152893066, -27.1614570618, 33.8336410522, -4.10961294174, 76.7941207886, -19.3211746216, 35.5988426208], [-308.720397949, 464.875518799, -72.143737793, 61.0142478943, 265.496459961, -30.7988243103, 158.395385742, -33.7228469849, 29.0357189178, -14.8730192184, 86.5731582642, -13.8483982086, 29.8455791473], [450.588867188, -275.3331604, 108.02519989, 62.0865707397, -30.7988243103, 256.193969727, 17.0467414856, 46.774105072, -1.68627667427, 30.4138259888, 8.82009887695, 15.8198547363, -7.76586532593], [-287.583557129, 494.48034668, -121.444541931, 91.0152893066, 158.395385742, 17.0467414856, 325.399261475, -59.9256591797, 43.1945419312, -9.81485176086, 102.038612366, -2.33282160759, 21.4060707092], [324.357574463, -243.147735596, 54.3745117188, -27.1614570618, -33.7228469849, 46.774105072, -59.9256591797, 156.349029541, 16.1445350647, 50.1544075012, -12.4135799408, 31.8723964691, -2.12119483948], [-108.40083313, 131.672546387, -62.3955574036, 33.8336410522, 29.0357189178, -1.68627667427, 43.1945419312, 16.1445350647, 119.764099121, 10.9857635498, 40.7598724365, -14.7586212158, 22.6758060455], [320.217071533, -144.410476685, 15.9812250137, -4.10961294174, -14.8730192184, 30.4138259888, -9.81485176086, 50.1544075012, 10.9857635498, 137.672119141, 29.8669815063, 47.0798683167, 2.31421089172], [-43.8709564209, 296.437530518, -68.7571258545, 76.7941207886, 86.5731582642, 8.82009887695, 102.038612366, -12.4135799408, 40.7598724365, 29.8669815063, 165.523925781, 3.42921328545, 34.5995903015], [200.513015747, -166.192047119, 30.6158638, -19.3211746216, -13.8483982086, 15.8198547363, -2.33282160759, 31.8723964691, -14.7586212158, 47.0798683167, 3.42921328545, 106.869827271, 0.929308712482], [-67.1353378296, 112.019821167, -33.65467453, 35.5988426208, 29.8455791473, -7.76586532593, 21.4060707092, -2.12119483948, 22.6758060455, 2.31421089172, 34.5995903015, 0.929308712482, 81.9052429199]],
        "icov": [[0.000850389129482, -2.54317274084e-05, 0.000502834678628, -0.000750995706767, 0.000395116512664, -0.00115965306759, 0.000639726524241, -0.000965075567365, 0.000943426101003, -0.00125264679082, 0.000109180342406, -0.000716465641744, 0.000554936006665], [-2.54317274084e-05, 0.00487243244424, -0.0006635353202, 0.00133775069844, -0.00329650868662, 0.00416667247191, -0.00416896725073, 0.00247251009569, -0.00149089633487, 0.00230278423987, -0.0050301188603, 0.00514607969671, -0.00237474450842], [0.000502834678628, -0.0006635353202, 0.00297925970517, -0.00195907475427, 0.00047860617633, -0.00195867591538, 0.00186499336269, -0.00139167369343, 0.00174292747397, -0.0010567069985, 0.00156947912183, -0.00173171167262, 0.00141570577398], [-0.000750995706767, 0.00133775069844, -0.00195907475427, 0.00543291773647, -0.00129366607871, 0.0014593009837, -0.00250921910629, 0.00233241007663, -0.00211371458136, 0.00191869982518, -0.00296401628293, 0.00287878606468, -0.00253511499614], [0.000395116512664, -0.00329650868662, 0.00047860617633, -0.00129366607871, 0.00837504211813, -0.00234697270207, 0.000597903213929, -0.00246835243888, 0.0016133566387, -0.00152426946443, 0.00173464347608, -0.00322684692219, 0.000997081166133], [-0.00115965306759, 0.00416667247191, -0.00195867591538, 0.0014593009837, -0.00234697270207, 0.00998593866825, -0.00546673964709, 0.00192776962649, -0.00220989342779, 0.00314615503885, -0.00469300383702, 0.00548365106806, -0.00236437353306], [0.000639726524241, -0.00416896725073, 0.00186499336269, -0.00250921910629, 0.000597903213929, -0.00546673964709, 0.00969393458217, -0.0011948448373, 0.00107796303928, -0.00248183985241, 0.00310418149456, -0.00610285578296, 0.00331202009693], [-0.000965075567365, 0.00247251009569, -0.00139167369343, 0.00233241007663, -0.00246835243888, 0.00192776962649, -0.0011948448373, 0.011280041188, -0.00410432647914, 0.000408838881413, -0.00225268281065, 0.00182353518903, -0.00201591313817], [0.000943426101003, -0.00149089633487, 0.00174292747397, -0.00211371458136, 0.0016133566387, -0.00220989342779, 0.00107796303928, -0.00410432647914, 0.0121875656769, -0.00275830202736, 0.000477822904941, -0.000301328691421, -0.000232900099945], [-0.00125264679082, 0.00230278423987, -0.0010567069985, 0.00191869982518, -0.00152426946443, 0.00314615503885, -0.00248183985241, 0.000408838881413, -0.00275830202736, 0.0129671022296, -0.00495063746348, -0.000180437316885, -0.00144076440483], [0.000109180342406, -0.0050301188603, 0.00156947912183, -0.00296401628293, 0.00173464347608, -0.00469300383702, 0.00310418149456, -0.00225268281065, 0.000477822904941, -0.00495063746348, 0.0151245081797, -0.00559748988599, 0.000637531455141], [-0.000716465641744, 0.00514607969671, -0.00173171167262, 0.00287878606468, -0.00322684692219, 0.00548365106806, -0.00610285578296, 0.00182353518903, -0.000301328691421, -0.000180437316885, -0.00559748988599, 0.0180659499019, -0.00400210823864], [0.000554936006665, -0.00237474450842, 0.00141570577398, -0.00253511499614, 0.000997081166133, -0.00236437353306, 0.00331202009693, -0.00201591313817, -0.000232900099945, -0.00144076440483, 0.000637531455141, -0.00400210823864, 0.0159714985639]]
    },
    "melbands": {
        "dmean": [0.00204560928978, 0.00187358818948, 0.00172304129228, 0.00073076528497, 0.000682664045598, 0.000387897860492, 0.000353422190528, 0.000192400722881, 0.000265687878709, 0.000320566614391, 0.000225991083425, 0.000143197845318, 8.23734662845e-05, 7.15114365448e-05, 6.7549481173e-05, 3.84921659133e-05, 3.91711510019e-05, 3.02543739963e-05, 2.21466416406e-05, 2.04261523322e-05, 9.77775562205e-06, 1.00047682281e-05, 4.60968385596e-06, 5.0934072533e-06, 4.30300406151e-06, 2.70811665359e-06, 1.34774666094e-06, 1.03497995951e-06, 6.21913727628e-07, 5.16736747613e-07, 6.09535788954e-07, 4.26774420248e-07, 7.40991765724e-07, 6.52788571642e-07, 9.35425589432e-07, 1.0439214293e-06, 9.83871814242e-07, 9.55667474045e-07, 8.73611554653e-07, 1.0707152569e-06],
        "dmean2": [0.00261288601905, 0.00317964353599, 0.0031142346561, 0.00131257111207, 0.00109843991231, 0.000584078079555, 0.000569353403989, 0.000290828058496, 0.000414131791331, 0.000482206436573, 0.000344111613231, 0.000228957258514, 0.000133417604957, 0.000113036352559, 0.000108227941382, 6.06180401519e-05, 6.03529697401e-05, 4.74483385915e-05, 3.59357291018e-05, 3.27619818563e-05, 1.59280752996e-05, 1.6262394638e-05, 7.75235912442e-06, 8.13950464362e-06, 7.0583237175e-06, 4.29280134995e-06, 2.14886131289e-06, 1.58628745339e-06, 9.96265157482e-07, 8.10794290373e-07, 9.83323843684e-07, 6.65422987822e-07, 1.19374590213e-06, 9.72044063019e-07, 1.48796766553e-06, 1.69834515873e-06, 1.42011163007e-06, 1.45720559885e-06, 1.38345205869e-06, 1.69953443674e-06],
        "dvar": [1.3589557966e-05, 1.23588888528e-05, 1.85102144314e-05, 3.00506303574e-06, 7.80780339937e-07, 4.72766089388e-07, 4.60553565063e-07, 1.55077927388e-07, 2.15439996509e-07, 2.86581666842e-07, 2.10723044347e-07, 1.25667298789e-07, 2.54408902833e-08, 2.00465386513e-08, 4.44593126758e-08, 5.90358562036e-09, 7.23987358953e-09, 5.05118169514e-09, 2.91895663196e-09, 5.61189983372e-09, 5.68681601809e-10, 5.45250511408e-10, 1.30931626652e-10, 1.08573879054e-10, 8.00162852643e-11, 2.56459679882e-11, 1.06097162306e-11, 4.48115242829e-12, 1.91288109484e-12, 2.22960040187e-12, 3.94090966457e-12, 1.72365767492e-12, 8.75653282523e-12, 2.650831811e-12, 4.68007793977e-12, 5.58532083431e-12, 5.84386011804e-12, 9.06109215437e-12, 6.51606936811e-12, 8.5674037309e-12],
        "dvar2": [1.89264083019e-05, 3.4517779568e-05, 5.25344075868e-05, 8.45572230901e-06, 1.8944679141e-06, 8.89993714281e-07, 1.0189698969e-06, 3.28141169348e-07, 5.67424535802e-07, 5.9621214632e-07, 4.15666363551e-07, 2.76384838571e-07, 6.60782646378e-08, 4.31136299994e-08, 1.11214660592e-07, 1.31246258306e-08, 1.47037590992e-08, 1.10221343164e-08, 7.20727078019e-09, 1.3073409022e-08, 1.48699019764e-09, 1.3804706267e-09, 3.6453517982e-10, 2.47247278207e-10, 2.10616510343e-10, 6.13215797585e-11, 2.7036720085e-11, 1.01808084532e-11, 4.83538990098e-12, 5.50784331338e-12, 1.03449653358e-11, 4.09811073965e-12, 2.28285342019e-11, 5.64221499383e-12, 1.08277128583e-11, 1.39596849705e-11, 1.20610830351e-11, 2.12308625541e-11, 1.73020712341e-11, 2.17613843612e-11],
        "max": [0.033086374402, 0.0300109069794, 0.0296668019146, 0.0126863587648, 0.0104849329218, 0.012956741266, 0.00804076623172, 0.0076691089198, 0.00628138519824, 0.00576025061309, 0.00488432543352, 0.00615835795179, 0.00213780463673, 0.00185236311518, 0.00417573889717, 0.00134514016099, 0.00156274379697, 0.00106339366175, 0.000914046599064, 0.00142909120768, 0.000384261104045, 0.000261615525233, 0.000120929704281, 0.000228668213822, 7.64762371546e-05, 7.15676287655e-05, 3.86775209336e-05, 4.03534395446e-05, 2.45753381023e-05, 2.81329012068e-05, 2.30576843023e-05, 1.30607886604e-05, 3.61097736459e-05, 2.23577935685e-05, 3.61639431503e-05, 2.94125329674e-05, 3.96044670197e-05, 4.5453562052e-05, 3.80847486667e-05, 3.47550594597e-05],
        "mean": [0.00307588488795, 0.00376084377058, 0.00206256401725, 0.000813497637864, 0.00112981477287, 0.000720584357623, 0.000546830648091, 0.000278117950074, 0.000539833505172, 0.000598206068389, 0.000373555783881, 0.000222081449465, 0.000114201924589, 0.000103284764918, 9.73791320575e-05, 6.08757218288e-05, 6.66339619784e-05, 4.44024481112e-05, 3.32703712047e-05, 2.53920425166e-05, 1.45387866723e-05, 1.33866287797e-05, 6.6618922574e-06, 8.14085615275e-06, 6.59304123474e-06, 4.23646042691e-06, 2.12997997551e-06, 1.70586690729e-06, 9.95105892798e-07, 7.07919866727e-07, 6.82023312493e-07, 5.19066134075e-07, 7.86134023656e-07, 9.37301365411e-07, 1.56106250415e-06, 1.73952093974e-06, 1.69957240814e-06, 1.55575924055e-06, 1.26012764667e-06, 1.4337514358e-06],
        "median": [0.000865727546625, 0.00264361407608, 0.00107507454231, 0.000461562915007, 0.000719053554349, 0.000370235124137, 0.000199100497412, 0.00011878334044, 0.000276444916381, 0.000210660451557, 9.9451674032e-05, 8.40057837195e-05, 5.2453178796e-05, 4.30767213402e-05, 3.9967642806e-05, 2.73988953268e-05, 2.1229214326e-05, 1.43584966281e-05, 1.00962297438e-05, 8.31235502119e-06, 6.73556496622e-06, 5.92263904764e-06, 3.19816604133e-06, 4.04731326853e-06, 3.11387702823e-06, 1.94441031454e-06, 1.14022122943e-06, 8.67786468461e-07, 4.90818024446e-07, 2.48653066137e-07, 1.67311156929e-07, 1.2804555638e-07, 1.23762873727e-07, 2.093012057e-07, 4.58732216657e-07, 4.45185577291e-07, 2.03018629463e-07, 1.12055523971e-07, 1.64981926787e-07, 2.19311004912e-07],
        "min": [8.31844459981e-08, 5.06986270921e-06, 7.24586516299e-06, 1.39810299515e-06, 9.87675866782e-06, 9.47748333147e-07, 1.8605130947e-07, 6.95322512456e-07, 5.12001679454e-06, 2.17624574361e-06, 4.8433737021e-08, 2.64236973635e-07, 2.48819929993e-07, 3.71416248868e-08, 7.77745867708e-08, 2.53041285703e-08, 4.7388574842e-08, 4.51622703679e-08, 6.62706725052e-08, 9.45244593709e-08, 5.58157182695e-08, 3.86417795539e-08, 2.5524096614e-08, 4.63709737275e-09, 4.48249126705e-09, 6.35885966105e-09, 8.13149547696e-10, 9.01454244584e-10, 1.37941058576e-09, 3.9579889366e-10, 2.91830365429e-10, 1.56608823132e-10, 1.11577871942e-10, 1.4451877195e-10, 3.12389003554e-11, 1.52993449073e-12, 7.85372461509e-11, 7.92908724789e-11, 3.37358775897e-13, 2.46700077901e-12],
