{
"highlevel": {
    "danceability": {
        "all": {
            "danceable": 7.90093337977e-12,
            "not_danceable": 1
        },
        "probability": 1,
        "value": "not_danceable"
    },
    "gender": {
        "all": {
            "female": 0.605347752571,
            "male": 0.394652247429
        },
        "probability": 0.605347752571,
        "value": "female"
    },
    "genre_dortmund": {
        "all": {
            "alternative": 0.301474153996,
            "blues": 0.0158827938139,
            "electronic": 0.105152383447,
            "folkcountry": 0.0611947625875,
            "funksoulrnb": 0.00416419282556,
            "jazz": 0.0160675421357,
            "pop": 0.0776412189007,
            "raphiphop": 0.00106529030018,
            "rock": 0.417357683182
        },
        "probability": 0.417357683182,
        "value": "rock"
    },
    "genre_electronic": {
        "all": {
            "ambient": 0.556687533855,
            "dnb": 0.177335262299,
            "house": 0.0348894223571,
            "techno": 0.0188335962594,
            "trance": 0.212254181504
        },
        "probability": 0.556687533855,
        "value": "ambient"
    },
    "genre_rosamerica": {
        "all": {
            "cla": 0.00685753673315,
            "dan": 0.00112593208905,
            "hip": 0.000748251099139,
            "jaz": 0.00028749613557,
            "pop": 0.00187213870231,
            "rhy": 0.000514996296261,
            "roc": 0.988465249538,
            "spe": 0.000128384475829
        },
        "probability": 0.988465249538,
        "value": "roc"
    },
    "genre_tzanetakis": {
        "all": {
            "blu": 0.0626541376114,
            "cla": 0.0348133966327,
            "cou": 0.0783501937985,
            "dis": 0.104547761381,
            "hip": 0.15693578124,
            "jaz": 0.313987255096,
            "met": 0.044816005975,
            "pop": 0.0627349764109,
            "reg": 0.0627352520823,
            "roc": 0.0784252434969
        },
        "probability": 0.313987255096,
        "value": "jaz"
    },
    "ismir04_rhythm": {
        "all": {
            "ChaChaCha": 0.071447879076,
            "Jive": 0.912373363972,
            "Quickstep": 0.00167914363556,
            "Rumba-American": 0.0015426739119,
            "Rumba-International": 0.000514665385708,
            "Rumba-Misc": 0.000195661297766,
            "Samba": 0.00341620878316,
            "Tango": 0.00260848854668,
            "VienneseWaltz": 0.00548960501328,
            "Waltz": 0.000732303131372
        },
        "probability": 0.912373363972,
        "value": "Jive"
    },
    "mood_acoustic": {
        "all": {
            "acoustic": 3.08447329189e-06,
            "not_acoustic": 0.999996900558
        },
        "probability": 0.999996900558,
        "value": "not_acoustic"
    },
    "mood_aggressive": {
        "all": {
            "aggressive": 0.989401519299,
            "not_aggressive": 0.0105985077098
        },
        "probability": 0.989401519299,
        "value": "aggressive"
    },
    "mood_electronic": {
        "all": {
            "electronic": 0.179256662726,
            "not_electronic": 0.820743322372
        },
        "probability": 0.820743322372,
        "value": "not_electronic"
    },
    "mood_happy": {
        "all": {
            "happy": 0.813871383667,
            "not_happy": 0.186128631234
        },
        "probability": 0.813871383667,
        "value": "happy"
    },
    "mood_party": {
        "all": {
            "not_party": 0.340575397015,
            "party": 0.659424602985
        },
        "probability": 0.659424602985,
        "value": "party"
    },
    "mood_relaxed": {
        "all": {
            "not_relaxed": 0.960692465305,
            "relaxed": 0.03930753842
        },
        "probability": 0.960692465305,
        "value": "not_relaxed"
    },
    "mood_sad": {
        "all": {
            "not_sad": 0.751922607422,
            "sad": 0.248077392578
        },
        "probability": 0.751922607422,
        "value": "not_sad"
    },
    "moods_mirex": {
        "all": {
            "Cluster1": 0.5315361619,
            "Cluster2": 0.0776948556304,
            "Cluster3": 0.215411677957,
            "Cluster4": 0.0664018839598,
            "Cluster5": 0.108955398202
        },
        "probability": 0.5315361619,
        "value": "Cluster1"
    },
    "timbre": {
        "all": {
            "bright": 0.999996542931,
            "dark": 3.43384249391e-06
        },
        "probability": 0.999996542931,
        "value": "bright"
    },
    "tonal_atonal": {
        "all": {
            "atonal": 0.00137234956492,
            "tonal": 0.998627662659
        },
        "probability": 0.998627662659,
        "value": "tonal"
    },
    "voice_instrumental": {
        "all": {
            "instrumental": 0.392983287573,
            "voice": 0.607016682625
        },
        "probability": 0.607016682625,
        "value": "voice"
    }
},
"lowlevel": {
    "average_loudness": 0.98465949297,
    "barkbands_crest": {
        "dmean": 1.6147185564,
        "dmean2": 2.75948214531,
        "dvar": 2.87855648994,
        "dvar2": 7.69154596329,
        "max": 15.2495756149,
        "mean": 5.89121389389,
        "median": 5.45296049118,
        "min": 2.56978392601,
        "var": 3.94104552269
    },
    "barkbands_flatness_db": {
        "dmean": 0.017389152199,
        "dmean2": 0.0266749393195,
        "dvar": 0.000214349885937,
        "dvar2": 0.00052086886717,
        "max": 0.183756351471,
        "mean": 0.100371181965,
        "median": 0.0981666892767,
        "min": 0.0512137822807,
        "var": 0.000516139087267
    },
    "barkbands_kurtosis": {
        "dmean": 0.573280274868,
        "dmean2": 1.02876222134,
        "dvar": 1.37751221657,
        "dvar2": 3.95648813248,
        "max": 10.0310697556,
        "mean": -0.796773612499,
        "median": -1.02351784706,
        "min": -1.69067978859,
        "var": 0.889087080956
    },
    "barkbands_skewness": {
        "dmean": 0.386034071445,
        "dmean2": 0.637891352177,
        "dvar": 0.237012594938,
        "dvar2": 0.628691256046,
        "max": 3.2005546093,
        "mean": 0.141115188599,
        "median": 0.0917336344719,
        "min": -1.58337461948,
        "var": 0.286855757236
    },
    "barkbands_spread": {
        "dmean": 5.40444898605,
        "dmean2": 8.7501373291,
        "dvar": 26.8029518127,
        "dvar2": 73.5431137085,
        "max": 71.8270187378,
        "mean": 33.8284263611,
        "median": 33.001953125,
        "min": 14.2842340469,
        "var": 60.4950866699
    },
    "dissonance": {
        "dmean": 0.00784400757402,
        "dmean2": 0.0130875185132,
        "dvar": 4.78042275063e-05,
        "dvar2": 0.000135244685225,
        "max": 0.499831944704,
        "mean": 0.483359247446,
        "median": 0.484778255224,
        "min": 0.43842741847,
        "var": 8.74283650774e-05
    },
    "dynamic_complexity": 1.14714431763,
    "erbbands_crest": {
        "dmean": 2.17705893517,
        "dmean2": 3.48001480103,
        "dvar": 3.96995067596,
        "dvar2": 9.60653018951,
        "max": 28.6000881195,
        "mean": 8.57619380951,
        "median": 8.02106761932,
        "min": 3.21469545364,
        "var": 9.97394657135
    },
    "erbbands_flatness_db": {
        "dmean": 0.024508593604,
        "dmean2": 0.0336242988706,
        "dvar": 0.00037122075446,
        "dvar2": 0.000812770042103,
        "max": 0.277459949255,
        "mean": 0.159821227193,
        "median": 0.158606752753,
        "min": 0.08207654953,
        "var": 0.00107524450868
    },
    "erbbands_kurtosis": {
        "dmean": 0.868035256863,
        "dmean2": 1.38286066055,
        "dvar": 1.03699696064,
        "dvar2": 2.44972872734,
        "max": 18.9263095856,
        "mean": 1.26240968704,
        "median": 0.940181016922,
        "min": -1.16131782532,
        "var": 2.29065132141
    },
    "erbbands_skewness": {
        "dmean": 0.256831675768,
        "dmean2": 0.389396578074,
        "dvar": 0.0497602410614,
        "dvar2": 0.115441247821,
        "max": 0.923204600811,
        "mean": -0.463620483875,
        "median": -0.4344188869,
        "min": -3.46985387802,
        "var": 0.177255913615
    },
    "erbbands_spread": {
        "dmean": 6.37177228928,
        "dmean2": 10.1803150177,
        "dvar": 52.238899231,
        "dvar2": 133.602294922,
        "max": 72.0645141602,
        "mean": 25.27318573,
        "median": 23.4743824005,
        "min": 6.80502128601,
        "var": 84.2643203735
    },
    "hfc": {
        "dmean": 9.10591125488,
        "dmean2": 12.7750120163,
        "dvar": 98.3418579102,
        "dvar2": 181.4009552,
        "max": 107.632827759,
        "mean": 34.0607833862,
        "median": 31.418920517,
        "min": 5.94490194321,
        "var": 240.140014648
    },
    "melbands_crest": {
        "dmean": 2.58552265167,
        "dmean2": 4.34338617325,
        "dvar": 6.80551671982,
        "dvar2": 16.8412227631,
        "max": 22.1470508575,
        "mean": 10.0653972626,
        "median": 9.39789581299,
        "min": 3.63229012489,
        "var": 13.7014245987
    },
    "melbands_flatness_db": {
        "dmean": 0.0226407125592,
        "dmean2": 0.0352311842144,
        "dvar": 0.00052348972531,
        "dvar2": 0.0013921422651,
        "max": 0.239028424025,
        "mean": 0.118259914219,
        "median": 0.112334631383,
        "min": 0.0408941730857,
        "var": 0.00110884651076
    },
    "melbands_kurtosis": {
        "dmean": 2.17709159851,
        "dmean2": 3.90856170654,
        "dvar": 24.5220737457,
        "dvar2": 68.9334869385,
        "max": 46.220703125,
        "mean": 1.06509578228,
        "median": 0.0385596752167,
        "min": -1.6950725317,
        "var": 16.185760498
    },
    "melbands_skewness": {
        "dmean": 0.523480653763,
        "dmean2": 0.87138235569,
        "dvar": 0.563573896885,
        "dvar2": 1.49859178066,
        "max": 6.21174478531,
        "mean": 1.116787076,
        "median": 0.985505878925,
        "min": -0.709769368172,
        "var": 0.606814146042
    },
    "melbands_spread": {
        "dmean": 9.66966247559,
        "dmean2": 16.2070865631,
        "dvar": 116.517318726,
        "dvar2": 324.983428955,
        "max": 85.1332778931,
        "mean": 51.0980567932,
        "median": 51.9403953552,
        "min": 8.22031402588,
        "var": 162.62059021
    },
    "pitch_salience": {
        "dmean": 0.0513501018286,
        "dmean2": 0.0825932398438,
        "dvar": 0.00188936165068,
        "dvar2": 0.00484202709049,
        "max": 0.777424633503,
        "mean": 0.603282034397,
        "median": 0.605183124542,
        "min": 0.368736177683,
        "var": 0.00489336578175
    },
    "silence_rate_20dB": {
        "dmean": 0,
        "dmean2": 0,
        "dvar": 0,
        "dvar2": 0,
        "max": 1,
        "mean": 1,
        "median": 1,
        "min": 1,
        "var": 0
    },
    "silence_rate_30dB": {
        "dmean": 0,
        "dmean2": 0,
        "dvar": 0,
        "dvar2": 0,
        "max": 1,
        "mean": 1,
        "median": 1,
        "min": 1,
        "var": 0
    },
    "silence_rate_60dB": {
        "dmean": 0,
        "dmean2": 0,
        "dvar": 0,
        "dvar2": 0,
        "max": 0,
        "mean": 0,
        "median": 0,
        "min": 0,
        "var": 0
    },
    "spectral_centroid": {
        "dmean": 226.073501587,
        "dmean2": 369.115936279,
        "dvar": 51993.7539062,
        "dvar2": 146649.296875,
        "max": 3108.01269531,
        "mean": 2069.26293945,
        "median": 2083.90380859,
        "min": 950.998840332,
        "var": 99264.578125
    },
    "spectral_complexity": {
        "dmean": 5.06656360626,
        "dmean2": 7.22618103027,
        "dvar": 20.7309131622,
        "dvar2": 39.436088562,
        "max": 56,
        "mean": 32.6094360352,
        "median": 32,
        "min": 11,
        "var": 71.6440353394
    },
    "spectral_decrease": {
        "dmean": 2.6389272989e-09,
        "dmean2": 4.37450164981e-09,
        "dvar": 2.53464302795e-17,
        "dvar2": 6.85281021018e-17,
        "max": -1.08224751383e-09,
        "mean": -6.13117245862e-09,
        "median": -5.01223063054e-09,
        "min": -3.30663496584e-08,
        "var": 2.05448139142e-17
    },
    "spectral_energy": {
        "dmean": 0.0106224678457,
        "dmean2": 0.0173057038337,
        "dvar": 0.000379734789021,
        "dvar2": 0.00101741764229,
        "max": 0.129294335842,
        "mean": 0.0262298434973,
        "median": 0.0219479221851,
        "min": 0.00462386524305,
        "var": 0.000325604371028
    },
    "spectral_energyband_high": {
        "dmean": 0.000682642275933,
        "dmean2": 0.000985414604656,
        "dvar": 6.49082721793e-07,
        "dvar2": 1.26381610244e-06,
        "max": 0.00898904819041,
        "mean": 0.00132105441298,
        "median": 0.000988603918813,
        "min": 2.65446615231e-05,
        "var": 1.40612451105e-06
    },
    "spectral_energyband_low": {
        "dmean": 0.00598957622424,
        "dmean2": 0.0108442362398,
        "dvar": 0.000243631962803,
        "dvar2": 0.000683193269651,
        "max": 0.101883865893,
        "mean": 0.00648841634393,
        "median": 0.00364101608284,
        "min": 7.4654511991e-05,
        "var": 0.000151722328155
    },
    "spectral_energyband_middle_high": {
        "dmean": 0.00254970090464,
        "dmean2": 0.003698870074,
        "dvar": 6.75560704622e-06,
        "dvar2": 1.3564753317e-05,
        "max": 0.0331050381064,
        "mean": 0.0115530826151,
        "median": 0.0109816472977,
        "min": 0.002526686294,
        "var": 2.10952803172e-05
    },
    "spectral_energyband_middle_low": {
        "dmean": 0.00430017895997,
        "dmean2": 0.00717648584396,
        "dvar": 5.68577670492e-05,
        "dvar2": 0.000157271599164,
        "max": 0.0728372558951,
        "mean": 0.00762022193521,
        "median": 0.00591320032254,
        "min": 0.000409402622608,
        "var": 4.77143694297e-05
    },
    "spectral_entropy": {
        "dmean": 0.133175656199,
        "dmean2": 0.182814538479,
        "dvar": 0.0108491089195,
        "dvar2": 0.0218677669764,
        "max": 8.40449142456,
        "mean": 7.86119890213,
        "median": 7.88714122772,
        "min": 6.97752809525,
        "var": 0.0476595163345
    },
    "spectral_flux": {
        "dmean": 0.0270669106394,
        "dmean2": 0.0417293533683,
        "dvar": 0.00167287909426,
        "dvar2": 0.00263594998978,
        "max": 0.302082449198,
        "mean": 0.0881197974086,
        "median": 0.072360098362,
        "min": 0.0240214858204,
        "var": 0.00261461664923
    },
    "spectral_kurtosis": {
        "dmean": 1.27785265446,
        "dmean2": 2.13092446327,
        "dvar": 1.41514635086,
        "dvar2": 3.94061994553,
        "max": 13.5713634491,
        "mean": 4.08672714233,
        "median": 3.80693817139,
        "min": 0.677946567535,
        "var": 2.77507042885
    },
    "spectral_rms": {
        "dmean": 0.00086628634017,
        "dmean2": 0.00133887201082,
        "dvar": 1.67608982338e-06,
        "dvar2": 4.26424003308e-06,
        "max": 0.0112312426791,
        "mean": 0.00486692367122,
        "median": 0.00462737586349,
        "min": 0.00212393235415,
        "var": 1.90312846371e-06
    },
    "spectral_rolloff": {
        "dmean": 486.214050293,
        "dmean2": 810.12310791,
        "dvar": 367790.1875,
        "dvar2": 924497.375,
        "max": 7558.15429688,
        "mean": 2495.17089844,
        "median": 2282.51953125,
        "min": 193.798828125,
        "var": 533205.0625
    },
    "spectral_skewness": {
        "dmean": 0.185388848186,
        "dmean2": 0.297744810581,
        "dvar": 0.026483938098,
        "dvar2": 0.0652204081416,
        "max": 2.59329986572,
        "mean": 1.3558768034,
        "median": 1.36007928848,
        "min": 0.659875869751,
        "var": 0.0601780489087
    },
    "spectral_spread": {
        "dmean": 712614.875,
        "dmean2": 996877,
        "dvar": 312563367936,
        "dvar2": 623383871488,
        "max": 8076212,
        "mean": 4000746.5,
        "median": 3853363.75,
        "min": 2196388.75,
        "var": 1.0826186752e+12
    },
    "spectral_strongpeak": {
        "dmean": 0.900908112526,
        "dmean2": 1.59233999252,
        "dvar": 1.86023116112,
        "dvar2": 4.50136995316,
        "max": 10.0911178589,
        "mean": 1.26289021969,
        "median": 0.406103610992,
        "min": 0.0334732457995,
        "var": 2.60742354393
    },
    "zerocrossingrate": {
        "dmean": 0.00962957181036,
        "dmean2": 0.0123568065464,
        "dvar": 6.79140575812e-05,
        "dvar2": 0.000100825927802,
        "max": 0.18017578125,
        "mean": 0.0904415473342,
        "median": 0.08740234375,
        "min": 0.0263671875,
        "var": 0.000416160590248
    },
    "barkbands": {
        "dmean": [9.5418006822e-05, 0.00243643834256, 0.00308233988471, 0.00137794087641, 0.00226894812658, 0.000364704988897, 0.000730365980417, 0.000218086031964, 0.000614648743067, 0.000341382721672, 0.00017100610421, 0.000278502295259, 0.000842017470859, 0.000632656097878, 0.000954003422521, 0.00089520070469, 0.000334158365149, 0.000346561893821, 0.000249169243034, 0.000262072368059, 0.00018067547353, 0.000146350299474, 0.000101036639535, 0.000134222122142, 7.92694409029e-05, 4.44277357019e-05, 2.01804652988e-08],
        "dmean2": [0.000152526277816, 0.00432974798605, 0.00575223192573, 0.00259866775014, 0.00393205415457, 0.000592312251683, 0.0010600927053, 0.000347821536707, 0.000825240858831, 0.000488493416924, 0.000279902480543, 0.000462593859993, 0.0012230030261, 0.00101242749952, 0.00158333207946, 0.00141605257522, 0.000533916114364, 0.000565590162296, 0.000374590803403, 0.000416696217144, 0.000273931480478, 0.000218784392928, 0.000151376138092, 0.000203821458854, 0.00012223207159, 6.79638542351e-05, 3.67164219028e-08],
        "dvar": [3.02361726767e-08, 3.41604172718e-05, 6.95154521964e-05, 1.38647783388e-05, 2.21037171286e-05, 2.44870250299e-07, 6.90144872806e-07, 2.23635595376e-07, 7.03763987531e-07, 1.71788244074e-07, 1.25111228044e-07, 1.71813837824e-07, 1.04743139673e-06, 4.40671783508e-07, 1.02983506167e-06, 8.0698379179e-07, 1.33975092353e-07, 1.44924953815e-07, 8.95150904512e-08, 9.3824688463e-08, 5.91592161925e-08, 4.06475351156e-08, 1.79080341667e-08, 3.35832766041e-08, 1.04253468081e-08, 3.34355521048e-09, 9.89517865026e-15],
        "dvar2": [7.31190823444e-08, 9.38023003982e-05, 0.000200483889785, 3.982105045e-05, 6.09469789197e-05, 6.74262366829e-07, 1.36730386657e-06, 4.68258576802e-07, 1.46581783156e-06, 3.22390036445e-07, 3.27662377231e-07, 4.43809511808e-07, 2.34162325796e-06, 1.15189027383e-06, 2.67820041699e-06, 1.94047129298e-06, 3.2716590681e-07, 3.80232506814e-07, 1.85727486723e-07, 2.13302598695e-07, 1.23090444504e-07, 8.75330314898e-08, 3.66217101089e-08, 7.5951120948e-08, 2.2284623924e-08, 6.91182355794e-09, 2.56417066399e-14],
        "max": [0.00156652508304, 0.0426975488663, 0.0612532868981, 0.0243478231132, 0.0507252775133, 0.0046944078058, 0.00880650989711, 0.00936076417565, 0.0121991513297, 0.00837912596762, 0.00652516586706, 0.00488711381331, 0.0109406094998, 0.00818746723235, 0.0105358958244, 0.0142093058676, 0.0035002483055, 0.00597756262869, 0.00378521159291, 0.00410289689898, 0.00261504552327, 0.00212857918814, 0.00153939367738, 0.00315626244992, 0.00104381155688, 0.000536061008461, 1.40987174291e-06],
        "mean": [9.31262038648e-05, 0.00245341425762, 0.00323535851203, 0.001064021606, 0.00292882951908, 0.000608441710938, 0.00140426401049, 0.000320068298606, 0.00120806717314, 0.000765895762015, 0.000259281427134, 0.000501139729749, 0.00168556859717, 0.00163582141977, 0.00232769455761, 0.00198403466493, 0.00069122586865, 0.000788670033216, 0.000554049911443, 0.000591185584199, 0.000363718339941, 0.00026628174237, 0.000157633519848, 0.000179892900633, 0.000105246726889, 5.6926983234e-05, 1.23583561162e-08],
        "median": [3.09226415993e-05, 0.000951055320911, 0.00156235520262, 0.000244321010541, 0.0017701855395, 0.000453348271549, 0.000907123088837, 0.000158698909217, 0.000834569218569, 0.000517345848493, 0.000138494855491, 0.000360128120519, 0.00119625462685, 0.00141244544648, 0.00199993210845, 0.00163382804021, 0.00055799249094, 0.000677252188325, 0.000425303092925, 0.000481669791043, 0.000287511153147, 0.000185239186976, 0.000102119323856, 8.71369193192e-05, 4.36215013906e-05, 2.15669806494e-05, 4.64800836708e-10],
        "min": [1.0043903842e-07, 1.30012758746e-05, 9.66931747826e-06, 1.44739863117e-06, 3.80375422537e-05, 1.22687206385e-05, 6.51751270198e-06, 7.33462366043e-06, 1.64115426742e-05, 1.25000024127e-05, 6.92560752213e-06, 2.29874040087e-05, 1.7965092411e-05, 0.000108279280539, 9.71578410827e-05, 4.50723491667e-05, 3.83356018574e-05, 1.63222284755e-05, 2.77017916233e-05, 1.853465983e-05, 8.51727418194e-06, 1.07608047983e-05, 4.91961600346e-07, 5.13541522196e-07, 1.79011010459e-07, 4.4642529673e-08, 7.89237338678e-12],
        "var": [2.94513995414e-08, 2.30841560551e-05, 4.19133502874e-05, 7.91420825408e-06, 1.66952449945e-05, 3.15289298669e-07, 1.97421536541e-06, 4.97189944326e-07, 1.63795118624e-06, 6.41914596144e-07, 2.33231972402e-07, 2.31341729773e-07, 2.08638380172e-06, 1.03872889667e-06, 2.4540877348e-06, 2.31599460676e-06, 2.57269277881e-07, 2.64157790753e-07, 1.94134386788e-07, 1.77579110527e-07, 1.0876338763e-07, 7.02229456806e-08, 3.20195603365e-08, 5.72970790813e-08, 2.04998737985e-08, 6.73324729306e-09, 6.18820290759e-15]
    },
    "erbbands": {
        "dmean": [0.0561589971185, 0.643940448761, 3.01997423172, 4.68532085419, 6.0621881485, 8.73901748657, 3.59801745415, 2.85025453568, 10.5403614044, 6.2592716217, 5.27344703674, 16.1998653412, 5.94239616394, 11.7447443008, 8.02220726013, 11.7560405731, 41.4586181641, 32.4140472412, 47.8618278503, 51.1598777771, 53.1135215759, 17.3259601593, 19.4388446808, 12.080370903, 13.2732229233, 11.6209211349, 8.53791332245, 6.22819328308, 5.19507455826, 3.95363974571, 2.90444278717, 2.79847788811, 2.12357211113, 0.811281859875, 0.657232582569, 0.292779713869, 0.0641027912498, 0.00351378577761, 8.43068992253e-05, 1.6975991457e-05],
        "dmean2": [0.0968490093946, 1.17733824253, 5.62882995605, 8.82361316681, 10.8572273254, 14.9528751373, 6.06707668304, 4.48981142044, 15.3416938782, 9.27481842041, 8.04902839661, 21.3929920197, 9.30965518951, 16.420583725, 13.2106590271, 18.955783844, 60.4877929688, 51.7195854187, 76.8575363159, 85.3456039429, 86.6443939209, 27.6191654205, 31.337934494, 18.9546699524, 20.2655715942, 18.2309169769, 13.1331996918, 9.41260528564, 7.79426431656, 5.8849067688, 4.38524580002, 4.25942659378, 3.2599170208, 1.25670659542, 1.01591575146, 0.444224745035, 0.0983520895243, 0.00547902472317, 0.000128252373543, 2.6001709557e-05],
        "dvar": [0.0167039856315, 2.56938028336, 64.9051513672, 165.656265259, 181.075637817, 283.007873535, 29.4944438934, 20.215555191, 155.29649353, 82.9497375488, 100.780387878, 535.486938477, 71.8440475464, 211.952865601, 196.987121582, 318.845092773, 2689.38720703, 1078.04858398, 3259.08447266, 2681.42578125, 3361.49951172, 363.050170898, 449.096313477, 218.224487305, 330.96762085, 155.9740448, 128.959899902, 73.7887268066, 52.9971466064, 28.7912006378, 14.5107002258, 13.8166627884, 9.23267555237, 1.15629541874, 0.763026118279, 0.144016548991, 0.00689861364663, 2.04909410968e-05, 1.07093560686e-08, 5.99608251939e-10],
        "dvar2": [0.0432431176305, 7.23967981339, 186.415542603, 477.86428833, 508.893157959, 777.114196777, 77.4959259033, 56.1889228821, 311.285369873, 164.352615356, 203.816467285, 1093.95166016, 159.45211792, 420.498535156, 512.687683105, 838.358337402, 5775.70068359, 2795.26416016, 8646.04882812, 7247.01855469, 8307.14160156, 886.642700195, 1155.16113281, 478.643737793, 638.358520508, 358.552947998, 286.822692871, 148.873458862, 114.081794739, 62.8012199402, 30.2440185547, 29.7106285095, 20.9623012543, 2.53633928299, 1.69510197639, 0.296909093857, 0.0145523315296, 4.52003187092e-05, 2.28583090234e-08, 1.50049150882e-09],
        "max": [1.03551101685, 10.1994304657, 60.9890289307, 81.2069244385, 136.238113403, 172.227371216, 53.1238594055, 53.7237586975, 127.329826355, 159.267913818, 260.032958984, 331.461914062, 143.258132935, 306.099578857, 232.684768677, 231.33921814, 569.504516602, 345.270935059, 685.476318359, 541.842651367, 969.43536377, 205.732696533, 350.075469971, 154.151702881, 374.988861084, 135.184936523, 132.097671509, 87.9413223267, 68.7013549805, 50.7063140869, 39.0351028442, 58.9605484009, 56.8445739746, 10.4383735657, 8.14301681519, 3.34309411049, 0.831152141094, 0.0419681705534, 0.00104967562947, 0.000184962991625],
        "mean": [0.0539851114154, 0.653986632824, 3.33886766434, 4.06476259232, 6.39155626297, 11.345369339, 5.45389604568, 5.23916387558, 19.9282550812, 11.7473230362, 10.6239976883, 31.6510868073, 13.8788442612, 25.882270813, 15.8078079224, 24.6204223633, 84.6941070557, 88.2566299438, 129.980209351, 88.1412200928, 114.488510132, 45.2534751892, 47.0978469849, 27.7470359802, 32.0745010376, 26.4752082825, 16.6986656189, 12.309800148, 9.4617805481, 7.13438510895, 4.36643409729, 3.77867794037, 2.81046390533, 1.08986616135, 0.827129840851, 0.372099548578, 0.0828722119331, 0.00440051127225, 0.000120921999041, 4.14600690419e-05],
        "median": [0.0164197850972, 0.301994681358, 1.67192387581, 1.79451262951, 3.37368392944, 7.11050462723, 3.80569958687, 4.01993608475, 12.1000947952, 8.17301845551, 7.30875730515, 21.6959762573, 10.1209363937, 17.8795967102, 10.7464170456, 19.3310699463, 58.8113136292, 76.908241272, 108.547332764, 71.2006072998, 90.3055419922, 39.5765457153, 41.8742027283, 21.8740577698, 25.1069011688, 21.9729976654, 13.00984478, 9.15567493439, 6.56620168686, 5.08126020432, 2.70157980919, 2.02904725075, 1.28877282143, 0.455200910568, 0.316667437553, 0.139860540628, 0.031797170639, 0.00174317788333, 6.01976062171e-05, 3.42265229847e-05],
        "min": [0.000142460572533, 0.00542342849076, 0.0336006060243, 0.0607966482639, 0.072345033288, 0.184938520193, 0.142493069172, 0.18872474134, 0.385377347469, 0.453065872192, 0.436394542456, 0.533539950848, 0.410974740982, 0.790075421333, 0.807334840298, 1.65688717365, 2.61051774025, 6.10582304001, 6.75849294662, 4.90496969223, 2.49054956436, 4.07742500305, 3.77590942383, 3.35462355614, 2.23330569267, 0.737750589848, 0.383068919182, 0.28785431385, 0.255430847406, 0.130107417703, 0.0290660243481, 0.0143207591027, 0.00583297619596, 0.00179236615077, 0.00099840562325, 0.000306753179757, 7.11546090315e-05, 5.557284112e-06, 3.15506190418e-06, 5.87583917877e-06],
        "var": [0.012788914144, 1.59723854065, 39.805355072, 92.7904968262, 119.959358215, 229.230911255, 29.7851238251, 24.4597969055, 417.100402832, 199.485549927, 255.739868164, 1231.04296875, 191.412322998, 721.649902344, 427.911193848, 414.763244629, 5316.97753906, 2613.45947266, 8102.88085938, 4272.59228516, 9409.4296875, 814.379760742, 843.669372559, 404.685516357, 727.994873047, 314.373657227, 221.864608765, 138.202972412, 91.3474197388, 49.4021148682, 25.4984588623, 24.0868911743, 15.2679538727, 2.08874106407, 1.42640292645, 0.292435497046, 0.0136548094451, 3.74041010218e-05, 2.08928465639e-08, 6.90169865702e-10]
    },
    "gfcc": {
        "mean": [47.1388168335, 75.4930114746, -147.868392944, 41.5759239197, -47.503276825, 20.3515834808, -47.2720870972, 6.47488355637, -24.6644001007, 8.69295501709, -22.8082809448, -5.32991075516, -14.6883983612],
        "cov": [[1247.58886719, -581.734619141, 423.974853516, -19.3243751526, -206.815475464, 154.575317383, -158.645706177, 140.782592773, -88.2309036255, 96.0451660156, -36.8880653381, 61.9680290222, -37.3033332825], [-581.734619141, 719.946594238, -319.839508057, 45.1388130188, 138.276306152, -164.514984131, 140.009170532, -125.669326782, 97.9051208496, -110.725837708, 63.7441902161, -60.4505119324, 37.4631156921], [423.974853516, -319.839508057, 401.870788574, -5.89530897141, -9.57180595398, 117.691635132, -94.2906799316, 99.7542266846, -79.1379318237, 70.786277771, -50.0694122314, 31.5679092407, -45.2534790039], [-19.3243751526, 45.1388130188, -5.89530897141, 133.298904419, 33.0844726562, 10.5847072601, 27.814994812, -32.0695457458, 16.6398200989, -17.2666244507, 18.1703796387, -9.20349788666, 28.9248771667], [-206.815475464, 138.276306152, -9.57180595398, 33.0844726562, 139.063934326, -7.30715179443, 32.9506263733, -11.3022470474, 10.7918434143, -16.9774456024, -7.02282619476, -2.62105441093, 5.91065597534], [154.575317383, -164.514984131, 117.691635132, 10.5847072601, -7.30715179443, 97.666809082, -3.03167510033, 42.0305595398, -24.5462284088, 26.5251483917, -9.94380474091, 16.5337982178, -2.54433226585], [-158.645706177, 140.009170532, -94.2906799316, 27.814994812, 32.9506263733, -3.03167510033, 96.6213226318, -13.0684156418, 27.0243663788, -23.5065917969, 21.4412460327, -7.68480300903, 15.7292394638], [140.782592773, -125.669326782, 99.7542266846, -32.0695457458, -11.3022470474, 42.0305595398, -13.0684156418, 86.9419555664, -0.867856800556, 40.0017623901, -8.7110490799, 20.5628833771, -13.0248708725], [-88.2309036255, 97.9051208496, -79.1379318237, 16.6398200989, 10.7918434143, -24.5462284088, 27.0243663788, -0.867856800556, 74.1401672363, 11.2945842743, 22.7679538727, -9.95770931244, 6.52615642548], [96.0451660156, -110.725837708, 70.786277771, -17.2666244507, -16.9774456024, 26.5251483917, -23.5065917969, 40.0017623901, 11.2945842743, 76.797454834, 19.1057510376, 20.250541687, -14.4607019424], [-36.8880653381, 63.7441902161, -50.0694122314, 18.1703796387, -7.02282619476, -9.94380474091, 21.4412460327, -8.7110490799, 22.7679538727, 19.1057510376, 59.8028717041, 13.2188816071, 11.1041984558], [61.9680290222, -60.4505119324, 31.5679092407, -9.20349788666, -2.62105441093, 16.5337982178, -7.68480300903, 20.5628833771, -9.95770931244, 20.250541687, 13.2188816071, 46.2553863525, 13.7964391708], [-37.3033332825, 37.4631156921, -45.2534790039, 28.9248771667, 5.91065597534, -2.54433226585, 15.7292394638, -13.0248708725, 6.52615642548, -14.4607019424, 11.1041984558, 13.7964391708, 46.6637763977]],
        "icov": [[0.00222099153325, -0.000498969224282, -0.00102318963036, -0.00154200429097, 0.00342126144096, -0.00149825413246, 0.00188612774946, -0.00167582859285, 0.000170050814631, 0.000334334996296, 0.000850265147164, -0.00210560695268, 0.00102107599378], [-0.000498969224282, 0.012423273176, -0.00690378667787, 0.00885199941695, -0.00942541938275, 0.0142901567742, -0.0111266355962, 0.00834499299526, -0.0107850469649, 0.0133415311575, -0.0166576486081, 0.0112244859338, -0.00821388978511], [-0.00102318963036, -0.00690378667787, 0.0154563784599, -0.00968109350652, 0.00194312562235, -0.0127233834937, 0.0114865256473, -0.0108836395666, 0.0135056944564, -0.0122851412743, 0.0133995115757, -0.00761541398242, 0.0112322894856], [-0.00154200429097, 0.00885199941695, -0.00968109350652, 0.0216396860778, -0.0101857660338, 0.00808518659323, -0.010838739574, 0.0139434831217, -0.0133353630081, 0.0123625416309, -0.0181360058486, 0.0148229720071, -0.0162357054651], [0.00342126144096, -0.00942541938275, 0.00194312562235, -0.0101857660338, 0.0204058904201, -0.00990781746805, 0.00614770175889, -0.00676598912105, 0.00603569578379, -0.00845404993743, 0.0163480862975, -0.0136098377407, 0.00808406434953], [-0.00149825413246, 0.0142901567742, -0.0127233834937, 0.00808518659323, -0.00990781746805, 0.0380460061133, -0.0209149830043, 0.00628954730928, -0.00790896080434, 0.0102246636525, -0.0163098759949, 0.0130810271949, -0.0135976132005], [0.00188612774946, -0.0111266355962, 0.0114865256473, -0.010838739574, 0.00614770175889, -0.0209149830043, 0.0314973853528, -0.0136764897034, 0.00815609004349, -0.00507837347686, 0.00863682851195, -0.00938345864415, 0.00994956400245], [-0.00167582859285, 0.00834499299526, -0.0108836395666, 0.0139434831217, -0.00676598912105, 0.00628954730928, -0.0136764897034, 0.0333190076053, -0.0167027339339, 0.00435615936294, -0.00747659429908, 0.00247665843926, -0.00739414058626], [0.000170050814631, -0.0107850469649, 0.0135056944564, -0.0133353630081, 0.00603569578379, -0.00790896080434, 0.00815609004349, -0.0167027339339, 0.0372239388525, -0.0229830518365, 0.0133722396567, -0.00196508783847, 0.00662169326097], [0.000334334996296, 0.0133415311575, -0.0122851412743, 0.0123625416309, -0.00845404993743, 0.0102246636525, -0.00507837347686, 0.00435615936294, -0.0229830518365, 0.0461922623217, -0.0317278057337, 0.00540626840666, -0.00198407587595], [0.000850265147164, -0.0166576486081, 0.0133995115757, -0.0181360058486, 0.0163480862975, -0.0163098759949, 0.00863682851195, -0.00747659429908, 0.0133722396567, -0.0317278057337, 0.0553041137755, -0.027213755995, 0.0135143958032], [-0.00210560695268, 0.0112244859338, -0.00761541398242, 0.0148229720071, -0.0136098377407, 0.0130810271949, -0.00938345864415, 0.00247665843926, -0.00196508783847, 0.00540626840666, -0.027213755995, 0.0525100789964, -0.0280755423009], [0.00102107599378, -0.00821388978511, 0.0112322894856, -0.0162357054651, 0.00808406434953, -0.0135976132005, 0.00994956400245, -0.00739414058626, 0.00662169326097, -0.00198407587595, 0.0135143958032, -0.0280755423009, 0.0461580380797]]
    },
    "melbands": {
        "dmean": [0.000583860906772, 0.00134219578467, 0.000804268289357, 0.000601473788265, 0.000150842606672, 6.35931792203e-05, 0.000161145668244, 6.16767647443e-05, 5.91228417761e-05, 9.08123911358e-05, 3.00319934468e-05, 5.16979598615e-05, 2.68865624093e-05, 3.04713921651e-05, 7.42970296415e-05, 6.62136008032e-05, 6.69496730552e-05, 8.18631815491e-05, 5.18980850757e-05, 5.8235371398e-05, 6.64995168336e-05, 1.73569987965e-05, 2.78519564745e-05, 1.45079602589e-05, 1.0463372746e-05, 1.0228452993e-05, 1.2295414308e-05, 7.11953134669e-06, 5.87912381889e-06, 4.35184983871e-06, 3.68711539522e-06, 3.30505372403e-06, 2.79207961285e-06, 2.02452019948e-06, 1.83065992587e-06, 1.4717530803e-06, 1.85822193544e-06, 1.81982647973e-06, 8.35557898426e-07, 6.52381572763e-07],
        "dmean2": [0.00101264251862, 0.00249005295336, 0.00150387024041, 0.00104787398595, 0.000257180596236, 0.000102202102426, 0.000233952960116, 9.35363350436e-05, 8.48807976581e-05, 0.000121334858704, 4.74941225548e-05, 7.2520429967e-05, 4.37423113908e-05, 4.9925485655e-05, 0.000107721258246, 9.91980487015e-05, 0.000106664010673, 0.000131072461954, 8.61784501467e-05, 9.6296396805e-05, 0.000109174019599, 2.80194926745e-05, 4.42221753474e-05, 2.39527016674e-05, 1.66034333233e-05, 1.61234711413e-05, 1.98920752155e-05, 1.10778119051e-05, 9.17464149097e-06, 6.61986632622e-06, 5.65861364521e-06, 5.0525595725e-06, 4.24912468588e-06, 3.0577916732e-06, 2.80175436274e-06, 2.24643690672e-06, 2.86721410703e-06, 2.80678477793e-06, 1.28357078211e-06, 1.02617798348e-06],
        "dvar": [1.86430906979e-06, 1.26178174469e-05, 4.47213596999e-06, 1.52718814661e-06, 6.37232702161e-08, 9.61241664044e-09, 3.51745939042e-08, 9.34787536266e-09, 8.22694712355e-09, 1.69144733775e-08, 1.90148585766e-09, 4.07555944548e-09, 2.56813748045e-09, 1.86063520147e-09, 8.29032220651e-09, 6.51391562911e-09, 5.14031617271e-09, 9.48184464278e-09, 2.75254175008e-09, 3.22950799436e-09, 5.60658941495e-09, 4.74508432546e-10, 8.10313205424e-10, 2.95959728946e-10, 1.66833671877e-10, 1.79197504058e-10, 2.45012649058e-10, 5.75568169514e-11, 5.99454652583e-11, 3.62771375439e-11, 2.4805921206e-11, 2.12072616412e-11, 1.61555838152e-11, 7.56447075118e-12, 5.65243121406e-12, 5.22095431124e-12, 6.44684999829e-12, 8.64401952794e-12, 1.2191833914e-12, 7.92885017625e-13],
        "dvar2": [4.99605812365e-06, 3.6127941712e-05, 1.2817874449e-05, 4.21838012699e-06, 1.70333279925e-07, 2.68799293934e-08, 6.9914499079e-08, 1.90558413493e-08, 1.69176352927e-08, 3.47281243762e-08, 4.19919032879e-09, 7.85147502569e-09, 6.7722294439e-09, 4.66624650031e-09, 1.83972286294e-08, 1.52335335457e-08, 1.3319279013e-08, 2.49506513228e-08, 7.0843508837e-09, 8.21096524106e-09, 1.39685676359e-08, 1.19489651507e-09, 2.04628713973e-09, 7.97942822928e-10, 3.71857267201e-10, 3.9060740753e-10, 5.2294069075e-10, 1.36414990415e-10, 1.38911465664e-10, 7.67394273127e-11, 5.28147837964e-11, 4.72731020995e-11, 3.82670700683e-11, 1.60663895382e-11, 1.24514357158e-11, 1.07318962744e-11, 1.49132373117e-11, 2.06690081717e-11, 2.69134649462e-12, 1.80128177998e-12],
        "max": [0.0108990045264, 0.025419043377, 0.0125568434596, 0.0131133627146, 0.00291382241994, 0.00107796792872, 0.00198369077407, 0.00174226553645, 0.00203067692928, 0.00195766915567, 0.000695330440067, 0.00136686756741, 0.000864066765644, 0.000566638773307, 0.000976127630565, 0.00105419231113, 0.000761223433074, 0.00113717815839, 0.000546210329048, 0.000671399058774, 0.00121228350326, 0.000224175979383, 0.000405148748541, 0.000214685554965, 0.000137843613629, 0.000207071367186, 0.000273285812, 7.4829076766e-05, 8.63478489919e-05, 6.05807945249e-05, 5.04561758135e-05, 4.40534859081e-05, 4.39631621703e-05, 3.39077305398e-05, 2.40644330916e-05, 4.18613562942e-05, 3.53921095666e-05, 6.09501621511e-05, 1.07889036371e-05, 8.3151689978e-06],
        "mean": [0.000591001240537, 0.00145441037603, 0.00070717028575, 0.000764266820624, 0.000226102871238, 0.000111163295514, 0.000307192647597, 0.000112821682706, 0.000119159711176, 0.000178832371603, 6.59664874547e-05, 0.000111397348519, 4.71041821584e-05, 5.37002742931e-05, 0.000142324890476, 0.000155249101226, 0.000158985087182, 0.000216616972466, 0.00010632466001, 0.000109378081106, 0.000134979971335, 3.51115741068e-05, 6.01245592406e-05, 2.95747995551e-05, 2.09910795093e-05, 2.16768330574e-05, 2.63535239355e-05, 1.47338187162e-05, 1.07199775812e-05, 8.12325833977e-06, 6.83668122292e-06, 5.47246781935e-06, 4.90041611556e-06, 3.46840943166e-06, 2.62690809905e-06, 2.01556417778e-06, 2.4201076485e-06, 2.33382388615e-06, 1.09890243039e-06, 8.38259722968e-07],
        "median": [0.000200973197934, 0.000802302791271, 0.000324486696627, 0.000460180221125, 0.000159601506311, 8.40809370857e-05, 0.000187095691217, 7.57876550779e-05, 8.12618527561e-05, 0.000122803801787, 4.6836114052e-05, 7.6411102782e-05, 2.95281060971e-05, 3.77905380446e-05, 9.84788130154e-05, 0.000127943101688, 0.00013292755466, 0.000180096511031, 9.12501345738e-05, 9.190858691e-05, 0.000101774756331, 2.68162893917e-05, 5.15869578521e-05, 2.36659943766e-05, 1.59947448992e-05, 1.68469214259e-05, 2.0846751795e-05, 1.18201678561e-05, 8.09501216281e-06, 6.01058354732e-06, 4.87185661768e-06, 3.62767536899e-06, 3.57177168553e-06, 2.42573764808e-06, 1.60707986652e-06, 1.16202829759e-06, 1.23160702969e-06, 1.03171100818e-06, 4.91806360969e-07, 3.1763696029e-07],
        "min": [3.15867600875e-06, 1.53645287355e-05, 1.62828928296e-05, 7.91698676039e-06, 5.26830854142e-06, 3.72913973479e-06, 4.98067538501e-06, 4.18300305682e-06, 3.62436071555e-06, 3.42579232893e-06, 1.15312002436e-06, 2.49280174103e-06, 1.89316324395e-06, 1.55359407472e-06, 3.02741887026e-06, 6.08064146945e-06, 8.93812193681e-06, 6.96301276548e-06, 7.88475426816e-06, 3.74175465367e-06, 3.04943296214e-06, 2.00274462259e-06, 2.58395630226e-06, 8.58722501107e-07, 2.50052994488e-06, 1.16067258205e-06, 1.06812467493e-06, 2.75331331068e-07, 2.03898324003e-07, 1.85695043342e-07, 1.51261744463e-07, 1.11704643757e-07, 1.55410234015e-07, 3.75567026367e-08, 9.60380130977e-09, 1.11233786626e-08, 8.70102567774e-09, 4.25098445334e-09, 2.08007322477e-09, 6.96734780981e-10],
