{
"highlevel": {
    "danceability": {
        "all": {
            "danceable": 0.285892128944,
            "not_danceable": 0.714107871056
        },
        "probability": 0.714107871056,
        "value": "not_danceable"
    },
    "gender": {
        "all": {
            "female": 0.903139412403,
            "male": 0.0968605875969
        },
        "probability": 0.903139412403,
        "value": "female"
    },
    "genre_dortmund": {
        "all": {
            "alternative": 0.0703764855862,
            "blues": 0.138004779816,
            "electronic": 0.0152605585754,
            "folkcountry": 0.100515730679,
            "funksoulrnb": 0.0230799391866,
            "jazz": 0.147203683853,
            "pop": 0.0816932246089,
            "raphiphop": 0.00824374239892,
            "rock": 0.415621846914
        },
        "probability": 0.415621846914,
        "value": "rock"
    },
    "genre_electronic": {
        "all": {
            "ambient": 0.415936738253,
            "dnb": 0.266416877508,
            "house": 0.254882335663,
            "techno": 0.0216284990311,
            "trance": 0.0411355383694
        },
        "probability": 0.415936738253,
        "value": "ambient"
    },
    "genre_rosamerica": {
        "all": {
            "cla": 0.0136740962043,
            "dan": 0.035138130188,
            "hip": 0.0201098695397,
            "jaz": 0.0372854918242,
            "pop": 0.205325096846,
            "rhy": 0.451196014881,
            "roc": 0.233899503946,
            "spe": 0.00337178423069
        },
        "probability": 0.451196014881,
        "value": "rhy"
    },
    "genre_tzanetakis": {
        "all": {
            "blu": 0.0620671063662,
            "cla": 0.034474901855,
            "cou": 0.103433981538,
            "dis": 0.0620971247554,
            "hip": 0.15527240932,
            "jaz": 0.310666948557,
            "met": 0.044346679002,
            "pop": 0.0620793737471,
            "reg": 0.0620816536248,
            "roc": 0.103479810059
        },
        "probability": 0.310666948557,
        "value": "jaz"
    },
    "ismir04_rhythm": {
        "all": {
            "ChaChaCha": 0.135275349021,
            "Jive": 0.143804252148,
            "Quickstep": 0.268465876579,
            "Rumba-American": 0.0370895676315,
            "Rumba-International": 0.0425159223378,
            "Rumba-Misc": 0.0184757467359,
            "Samba": 0.101867049932,
            "Tango": 0.0558210723102,
            "VienneseWaltz": 0.16632167995,
            "Waltz": 0.0303635001183
        },
        "probability": 0.268465876579,
        "value": "Quickstep"
    },
    "mood_acoustic": {
        "all": {
            "acoustic": 0.188982829452,
            "not_acoustic": 0.811017155647
        },
        "probability": 0.811017155647,
        "value": "not_acoustic"
    },
    "mood_aggressive": {
        "all": {
            "aggressive": 0.0898454263806,
            "not_aggressive": 0.91015458107
        },
        "probability": 0.91015458107,
        "value": "not_aggressive"
    },
    "mood_electronic": {
        "all": {
            "electronic": 0.18754696846,
            "not_electronic": 0.81245303154
        },
        "probability": 0.81245303154,
        "value": "not_electronic"
    },
    "mood_happy": {
        "all": {
            "happy": 0.559105455875,
            "not_happy": 0.440894514322
        },
        "probability": 0.559105455875,
        "value": "happy"
    },
    "mood_party": {
        "all": {
            "not_party": 0.801491618156,
            "party": 0.198508352041
        },
        "probability": 0.801491618156,
        "value": "not_party"
    },
    "mood_relaxed": {
        "all": {
            "not_relaxed": 0.589007139206,
            "relaxed": 0.410992830992
        },
        "probability": 0.589007139206,
        "value": "not_relaxed"
    },
    "mood_sad": {
        "all": {
            "not_sad": 0.365090578794,
            "sad": 0.634909451008
        },
        "probability": 0.634909451008,
        "value": "sad"
    },
    "moods_mirex": {
        "all": {
            "Cluster1": 0.258898973465,
            "Cluster2": 0.443345069885,
            "Cluster3": 0.165918618441,
            "Cluster4": 0.104623265564,
            "Cluster5": 0.0272140782326
        },
        "probability": 0.443345069885,
        "value": "Cluster2"
    },
    "timbre": {
        "all": {
            "bright": 0.700429916382,
            "dark": 0.299570083618
        },
        "probability": 0.700429916382,
        "value": "bright"
    },
    "tonal_atonal": {
        "all": {
            "atonal": 0.0559129305184,
            "tonal": 0.944087088108
        },
        "probability": 0.944087088108,
        "value": "tonal"
    },
    "voice_instrumental": {
        "all": {
            "instrumental": 0.0347546935081,
            "voice": 0.965245306492
        },
        "probability": 0.965245306492,
        "value": "voice"
    }
},
"lowlevel": {
    "average_loudness": 0.953432321548,
    "barkbands_crest": {
        "dmean": 2.15240335464,
        "dmean2": 3.48442292213,
        "dvar": 4.23332881927,
        "dvar2": 9.94068717957,
        "max": 21.1469039917,
        "mean": 9.97951412201,
        "median": 9.53888702393,
        "min": 3.01901817322,
        "var": 10.50481987
    },
    "barkbands_flatness_db": {
        "dmean": 0.0203650072217,
        "dmean2": 0.0294286496937,
        "dvar": 0.000433238077676,
        "dvar2": 0.000822323956527,
        "max": 0.487164616585,
        "mean": 0.163464084268,
        "median": 0.15545900166,
        "min": 0.0600373111665,
        "var": 0.00248589692637
    },
    "barkbands_kurtosis": {
        "dmean": 2.64341115952,
        "dmean2": 4.09964084625,
        "dvar": 27.0291786194,
        "dvar2": 55.2266769409,
        "max": 152.172195435,
        "mean": 4.63556957245,
        "median": 1.7637796402,
        "min": -1.64825975895,
        "var": 96.1273345947
    },
    "barkbands_skewness": {
        "dmean": 0.509107649326,
        "dmean2": 0.767843067646,
        "dvar": 0.305736958981,
        "dvar2": 0.645693659782,
        "max": 9.63201332092,
        "mean": 1.57861959934,
        "median": 1.42326784134,
        "min": -1.39908695221,
        "var": 1.48607087135
    },
    "barkbands_spread": {
        "dmean": 4.53256130219,
        "dmean2": 6.71755695343,
        "dvar": 29.0164813995,
        "dvar2": 63.2145195007,
        "max": 72.6416091919,
        "mean": 19.8845062256,
        "median": 18.1333446503,
        "min": 0.571051239967,
        "var": 110.464096069
    },
    "dissonance": {
        "dmean": 0.0190959554166,
        "dmean2": 0.0318250767887,
        "dvar": 0.000338469137205,
        "dvar2": 0.000877186073922,
        "max": 0.499351710081,
        "mean": 0.461126685143,
        "median": 0.468764513731,
        "min": 0.279550552368,
        "var": 0.000883083674125
    },
    "dynamic_complexity": 2.08244252205,
    "erbbands_crest": {
        "dmean": 3.11244630814,
        "dmean2": 4.92353153229,
        "dvar": 9.1867313385,
        "dvar2": 20.4715843201,
        "max": 29.3296527863,
        "mean": 9.71592998505,
        "median": 8.62001800537,
        "min": 2.84936213493,
        "var": 22.854927063
    },
    "erbbands_flatness_db": {
        "dmean": 0.0216027256101,
        "dmean2": 0.0302857775241,
        "dvar": 0.000486468023155,
        "dvar2": 0.000896383775398,
        "max": 0.328566014767,
        "mean": 0.163079470396,
        "median": 0.156414762139,
        "min": 0.0679407939315,
        "var": 0.00207499554381
    },
    "erbbands_kurtosis": {
        "dmean": 0.994630873203,
        "dmean2": 1.55286955833,
        "dvar": 3.26139903069,
        "dvar2": 6.91035747528,
        "max": 39.7117042542,
        "mean": 0.647504806519,
        "median": -0.0493538379669,
        "min": -1.71162080765,
        "var": 9.12213802338
    },
    "erbbands_skewness": {
        "dmean": 0.34130269289,
        "dmean2": 0.518564283848,
        "dvar": 0.100156776607,
        "dvar2": 0.220179766417,
        "max": 5.56873226166,
        "mean": 0.312941431999,
        "median": 0.271382182837,
        "min": -1.95212090015,
        "var": 0.465044409037
    },
    "erbbands_spread": {
        "dmean": 7.95752763748,
        "dmean2": 11.9554462433,
        "dvar": 68.7403793335,
        "dvar2": 157.93208313,
        "max": 105.535484314,
        "mean": 35.542350769,
        "median": 33.7133026123,
        "min": 4.28863811493,
        "var": 271.389129639
    },
    "hfc": {
        "dmean": 7.79775190353,
        "dmean2": 11.6177997589,
        "dvar": 140.668441772,
        "dvar2": 336.787445068,
        "max": 149.370391846,
        "mean": 20.7919445038,
        "median": 16.8246688843,
        "min": 0.404157668352,
        "var": 256.517120361
    },
    "melbands_crest": {
        "dmean": 2.3953742981,
        "dmean2": 3.92413783073,
        "dvar": 6.19837808609,
        "dvar2": 16.0183830261,
        "max": 30.7508468628,
        "mean": 12.6473026276,
        "median": 12.4292783737,
        "min": 4.01152896881,
        "var": 13.3583869934
    },
    "melbands_flatness_db": {
        "dmean": 0.0214264839888,
        "dmean2": 0.0311654917896,
        "dvar": 0.000631722155958,
        "dvar2": 0.00113012280781,
        "max": 0.619590103626,
        "mean": 0.212869554758,
        "median": 0.202458277345,
        "min": 0.0609238781035,
        "var": 0.00478308461607
    },
    "melbands_kurtosis": {
        "dmean": 6.51921701431,
        "dmean2": 10.0314054489,
        "dvar": 168.248962402,
        "dvar2": 374.770080566,
        "max": 244.077041626,
        "mean": 13.0738382339,
        "median": 7.18888282776,
        "min": -1.61832439899,
        "var": 402.02746582
    },
    "melbands_skewness": {
        "dmean": 0.690854549408,
        "dmean2": 1.04361331463,
        "dvar": 0.636286139488,
        "dvar2": 1.43086087704,
        "max": 10.6912212372,
        "mean": 2.55607199669,
        "median": 2.33711695671,
        "min": -1.16559481621,
        "var": 2.52828001976
    },
    "melbands_spread": {
        "dmean": 5.30896282196,
        "dmean2": 8.09289169312,
        "dvar": 39.4766082764,
        "dvar2": 88.2940750122,
        "max": 90.2413330078,
        "mean": 20.6634559631,
        "median": 18.1035499573,
        "min": 0.627158820629,
        "var": 160.53755188
    },
    "pitch_salience": {
        "dmean": 0.0636937990785,
        "dmean2": 0.100915566087,
        "dvar": 0.00382087659091,
        "dvar2": 0.00906330160797,
        "max": 0.838090121746,
        "mean": 0.533572554588,
        "median": 0.52920114994,
        "min": 0.167645812035,
        "var": 0.0107128350064
    },
    "silence_rate_20dB": {
        "dmean": 0,
        "dmean2": 0,
        "dvar": 0,
        "dvar2": 0,
        "max": 1,
        "mean": 1,
        "median": 1,
        "min": 1,
        "var": 0
    },
    "silence_rate_30dB": {
        "dmean": 0.0216718260199,
        "dmean2": 0.0433772280812,
        "dvar": 0.0212017782032,
        "dvar2": 0.0538889653981,
        "max": 1,
        "mean": 0.979118347168,
        "median": 1,
        "min": 0,
        "var": 0.0204456876963
    },
    "silence_rate_60dB": {
        "dmean": 0.0108359130099,
        "dmean2": 0.0216886140406,
        "dvar": 0.0107184061781,
        "dvar2": 0.0258661657572,
        "max": 1,
        "mean": 0.0170146953315,
        "median": 0,
        "min": 0,
        "var": 0.0167252477258
    },
    "spectral_centroid": {
        "dmean": 202.30796814,
        "dmean2": 310.475921631,
        "dvar": 44629.7773438,
        "dvar2": 97950.578125,
        "max": 2913.40893555,
        "mean": 1212.63964844,
        "median": 1167.41357422,
        "min": 135.231124878,
        "var": 258615.734375
    },
    "spectral_complexity": {
        "dmean": 4.20201253891,
        "dmean2": 6.14407444,
        "dvar": 18.5636692047,
        "dvar2": 35.7359924316,
        "max": 50,
        "mean": 19.3201847076,
        "median": 19,
        "min": 2,
        "var": 64.2518157959
    },
    "spectral_decrease": {
        "dmean": 3.01028535432e-09,
        "dmean2": 4.6107260232e-09,
        "dvar": 2.76773921585e-17,
        "dvar2": 6.36579869098e-17,
        "max": -9.72012401124e-11,
        "mean": -9.147904656e-09,
        "median": -7.44628581018e-09,
        "min": -7.14496124488e-08,
        "var": 5.62192840101e-17
    },
    "spectral_energy": {
        "dmean": 0.0119760530069,
        "dmean2": 0.0183070860803,
        "dvar": 0.000425208680099,
        "dvar2": 0.000978710711934,
        "max": 0.275754243135,
        "mean": 0.0364121757448,
        "median": 0.0295066330582,
        "min": 0.00042173609836,
        "var": 0.00085644389037
    },
    "spectral_energyband_high": {
        "dmean": 0.00029489203007,
        "dmean2": 0.000439177587396,
        "dvar": 5.22725997598e-07,
        "dvar2": 1.33569290028e-06,
        "max": 0.0135764461011,
        "mean": 0.000580275023822,
        "median": 0.000283000787022,
        "min": 3.88923893979e-07,
        "var": 7.10287281436e-07
    },
    "spectral_energyband_low": {
        "dmean": 0.00496025662869,
        "dmean2": 0.0074801906012,
        "dvar": 9.56764197326e-05,
        "dvar2": 0.000208647194086,
        "max": 0.124735996127,
        "mean": 0.0163868162781,
        "median": 0.0127299185842,
        "min": 1.29308509713e-05,
        "var": 0.000283438625047
    },
    "spectral_energyband_middle_high": {
        "dmean": 0.00304372399114,
        "dmean2": 0.00446176808327,
        "dvar": 1.80673141585e-05,
        "dvar2": 3.85445673601e-05,
        "max": 0.0654386878014,
        "mean": 0.00688785128295,
        "median": 0.00437357788906,
        "min": 5.0191470109e-06,
        "var": 4.9764457799e-05
    },
    "spectral_energyband_middle_low": {
        "dmean": 0.00713722826913,
        "dmean2": 0.0114739276469,
        "dvar": 0.000213677441934,
        "dvar2": 0.000523348338902,
        "max": 0.180539086461,
        "mean": 0.0151365092024,
        "median": 0.0100669525564,
        "min": 0.000222309186938,
        "var": 0.000301395484712
    },
    "spectral_entropy": {
        "dmean": 0.157593593001,
        "dmean2": 0.225117534399,
        "dvar": 0.0290639325976,
        "dvar2": 0.0555873773992,
        "max": 8.34255218506,
        "mean": 7.4340672493,
        "median": 7.49339199066,
        "min": 5.05164861679,
        "var": 0.140860676765
    },
    "spectral_flux": {
        "dmean": 0.0291251316667,
        "dmean2": 0.0444649159908,
        "dvar": 0.00144643441308,
        "dvar2": 0.00298686907627,
        "max": 0.373067706823,
        "mean": 0.0855070948601,
        "median": 0.071565784514,
        "min": 0.0105561036617,
        "var": 0.00274886726402
    },
    "spectral_kurtosis": {
        "dmean": 1.8334941864,
        "dmean2": 3.12246012688,
        "dvar": 5.29611158371,
        "dvar2": 14.7992506027,
        "max": 37.7526741028,
        "mean": 4.75755548477,
        "median": 3.9983291626,
        "min": 0.370775938034,
        "var": 9.96515750885
    },
    "spectral_rms": {
        "dmean": 0.00089904415654,
        "dmean2": 0.00132314488292,
        "dvar": 1.60005720318e-06,
        "dvar2": 3.38026416102e-06,
        "max": 0.0164020899683,
        "mean": 0.00556353107095,
        "median": 0.00536534795538,
        "min": 0.000641443592031,
        "var": 4.57115720565e-06
    },
    "spectral_rolloff": {
        "dmean": 303.864227295,
        "dmean2": 507.940643311,
        "dvar": 237486.421875,
        "dvar2": 555344.4375,
        "max": 7665.8203125,
        "mean": 1093.87939453,
        "median": 990.52734375,
        "min": 107.666015625,
        "var": 558717.875
    },
    "spectral_skewness": {
        "dmean": 0.229319930077,
        "dmean2": 0.371290802956,
        "dvar": 0.0525658503175,
        "dvar2": 0.13423268497,
        "max": 5.18124341965,
        "mean": 1.57240116596,
        "median": 1.50119769573,
        "min": 0.609885036945,
        "var": 0.209147676826
    },
    "spectral_spread": {
        "dmean": 567648.9375,
        "dmean2": 837535.8125,
        "dvar": 531986186240,
        "dvar2": 1.13386795827e+12,
        "max": 10004911,
        "mean": 4043601.25,
        "median": 3851672.5,
        "min": 1702258.625,
        "var": 1.30451007078e+12
    },
    "spectral_strongpeak": {
        "dmean": 0.565526366234,
        "dmean2": 0.962781429291,
        "dvar": 1.16672611237,
        "dvar2": 2.7950694561,
        "max": 8.93945026398,
        "mean": 0.952915787697,
        "median": 0.413857340813,
        "min": 0.0615991316736,
        "var": 1.6859048605
    },
    "zerocrossingrate": {
        "dmean": 0.00762807158753,
        "dmean2": 0.00924292579293,
        "dvar": 7.12752662366e-05,
        "dvar2": 8.2719780039e-05,
        "max": 0.14306640625,
        "mean": 0.0509949922562,
        "median": 0.048828125,
        "min": 0.00244140625,
        "var": 0.000510042358655
    },
    "barkbands": {
        "dmean": [0.000115055350761, 0.00340972142294, 0.00145913835149, 0.00229176692665, 0.00216790777631, 0.00195215560962, 0.00165268417913, 0.000384224054869, 0.000923518906347, 0.00101493741386, 0.00051076192176, 0.00062344269827, 0.00108843005728, 0.00038426235551, 0.000498806242831, 0.000227765471209, 0.000238575914409, 0.000159473929671, 0.000163592383615, 0.000121813187434, 6.05228124186e-05, 4.47389247711e-05, 7.08283187123e-05, 6.66996638756e-05, 3.97489275201e-05, 3.0924071325e-05, 2.2967470148e-09],
        "dmean2": [0.000196081295144, 0.00534767378122, 0.0024191820994, 0.00371174700558, 0.0036792086903, 0.00324817956425, 0.00280853779987, 0.000569153693505, 0.00140597578138, 0.00149608345237, 0.000733138353098, 0.000904266373254, 0.00167371425778, 0.000611019204371, 0.000732774264179, 0.000362537481124, 0.000401787721785, 0.000264284404693, 0.000267519644694, 0.000199032219825, 9.79902179097e-05, 6.81310484651e-05, 0.000119745411212, 0.000109420274384, 5.99723680352e-05, 4.86676035507e-05, 4.13803569188e-09],
        "dvar": [1.56258536776e-07, 5.55964106752e-05, 1.08259482658e-05, 2.59404423559e-05, 2.27537220781e-05, 2.09539666685e-05, 1.83199936146e-05, 6.69797316277e-07, 2.58427189692e-06, 3.99293685405e-06, 2.96070106742e-06, 3.43856117979e-06, 7.15717715138e-06, 1.24518624034e-06, 1.01749549231e-06, 1.63137883646e-07, 2.5982689067e-07, 1.04236498544e-07, 5.92125992682e-08, 3.0558272357e-08, 1.20171002038e-08, 5.95887783561e-09, 7.11983361157e-08, 5.70287141954e-08, 9.24787801893e-09, 7.83021825157e-09, 9.66872293597e-17],
        "dvar2": [4.13544512412e-07, 0.000135651949677, 2.60069809883e-05, 5.36611805728e-05, 6.09240050835e-05, 6.04808919888e-05, 5.12141086801e-05, 1.48335186623e-06, 5.51123457626e-06, 8.92750267667e-06, 5.74582873014e-06, 5.94499397266e-06, 1.63226122822e-05, 2.96451344184e-06, 2.07198786484e-06, 3.73938746634e-07, 5.99628322107e-07, 2.62694072717e-07, 1.50537417198e-07, 8.22407031364e-08, 3.06281968676e-08, 1.35735342965e-08, 2.03820704314e-07, 1.54975779765e-07, 1.96699296851e-08, 1.88076789698e-08, 2.41632506528e-16],
        "max": [0.00523173715919, 0.0891745984554, 0.0509379208088, 0.11251873523, 0.0541812032461, 0.0668198168278, 0.0421607345343, 0.014623218216, 0.0172904953361, 0.0234014615417, 0.0610884651542, 0.0454221516848, 0.0353175699711, 0.0313785821199, 0.0169589780271, 0.00464458530769, 0.00836212560534, 0.00566588761285, 0.00298629980534, 0.0017121854471, 0.00160384632181, 0.00100407819264, 0.00475474633276, 0.00487298937514, 0.00132292357739, 0.00152561441064, 1.64693119586e-07],
        "mean": [0.000133085020934, 0.0105004450306, 0.00357091170736, 0.00415724189952, 0.00308981887065, 0.00295541668311, 0.00206807325594, 0.000625297892839, 0.00151582551189, 0.00149812514428, 0.00079798308434, 0.000835992454085, 0.00143253430724, 0.000585262081586, 0.000747756974306, 0.000315217504976, 0.000333326082909, 0.000241210495005, 0.000295990903396, 0.000226728414418, 0.000108343636384, 9.18642836041e-05, 0.000101878846181, 9.79032556643e-05, 5.39833235962e-05, 3.19733262586e-05, 1.80522052862e-09],
        "median": [1.36724684126e-05, 0.00928477291018, 0.00139563565608, 0.00151520851068, 0.00132790370844, 0.00161234266125, 0.000731449224986, 0.000209927660762, 0.000636595534161, 0.000425804435508, 0.000155610425281, 0.000202035560505, 0.000342743122019, 0.000266060960712, 0.000301624299027, 0.000164481476531, 0.000178646747372, 0.000137110764626, 0.00019588462601, 0.000156548208906, 5.42832312931e-05, 3.86574647564e-05, 3.91165813198e-05, 3.53571012965e-05, 1.59397986863e-05, 3.26505050907e-06, 4.83867335088e-10],
        "min": [1.91371647418e-08, 9.30699570745e-07, 3.89109970911e-07, 3.33200773639e-07, 3.39420475939e-05, 1.3532965113e-06, 2.67864697889e-06, 3.073999153e-07, 6.1159789766e-07, 4.66860285542e-07, 1.99350566277e-07, 3.27168322656e-07, 4.04233674089e-07, 1.09308267326e-07, 1.54057318014e-07, 1.23551487263e-07, 1.25074478774e-07, 1.1643732023e-07, 1.38680292139e-07, 6.82290703935e-08, 9.21742540072e-08, 6.707389133e-08, 1.45779708305e-08, 6.33484953383e-09, 2.59328201274e-11, 2.63847624304e-11, 2.77809476812e-11],
        "var": [1.511975114e-07, 0.000104636506876, 3.31055089191e-05, 5.06118412886e-05, 2.52199934039e-05, 2.14835781662e-05, 1.66042427736e-05, 1.49493394019e-06, 5.56931308893e-06, 7.8070888776e-06, 8.71188058227e-06, 5.68407494939e-06, 1.08931817522e-05, 1.70956832335e-06, 2.16510079554e-06, 2.26076508625e-07, 3.18640616115e-07, 1.18540860683e-07, 1.13793511503e-07, 5.21979437451e-08, 2.26921539337e-08, 1.7449847789e-08, 5.54562902266e-08, 5.21752347993e-08, 1.3545281341e-08, 8.6965492585e-09, 7.49858151172e-17]
    },
    "erbbands": {
        "dmean": [0.0931173488498, 0.798954427242, 1.59894227982, 4.65267753601, 7.47968959808, 7.13148498535, 13.2372398376, 14.6100730896, 25.3577308655, 11.9292898178, 11.9134969711, 23.5062789917, 28.9903125763, 23.9865131378, 16.6887664795, 32.0990219116, 49.8444633484, 23.4744701385, 19.2361049652, 25.53606987, 11.944978714, 10.6843385696, 8.69362354279, 8.60808086395, 8.87849140167, 4.85679626465, 2.98231124878, 1.99426698685, 1.8045476675, 1.35634469986, 1.61770737171, 2.09939670563, 0.919139385223, 0.454732000828, 0.301716268063, 0.160172566772, 0.0553688183427, 0.00559857906774, 0.00010274451779, 1.7547281459e-05],
        "dmean2": [0.15123835206, 1.25529181957, 2.60661196709, 7.56814813614, 12.6181955338, 12.0066261292, 22.5098609924, 24.1537876129, 43.0423812866, 19.2280368805, 17.3210601807, 35.5714530945, 42.176815033, 36.2692337036, 23.5046234131, 47.2268600464, 76.5274353027, 36.7997055054, 29.5496253967, 35.9841079712, 19.5903873444, 17.741399765, 14.3361520767, 14.0343532562, 14.8571310043, 7.72730302811, 4.7621383667, 3.26732850075, 2.77016472816, 2.12398600578, 2.72553563118, 3.64779496193, 1.47709012032, 0.712870597839, 0.477398604155, 0.255152493715, 0.0871284678578, 0.00937359500676, 0.000165950186783, 2.64534446615e-05],
        "dvar": [0.054963350296, 2.86622333527, 11.2200708389, 88.2149581909, 341.13671875, 205.107299805, 1226.20593262, 990.50213623, 4407.15283203, 655.067565918, 544.500610352, 1688.67895508, 4015.86425781, 2608.61108398, 3166.88134766, 7508.31982422, 15169.2509766, 4734.34912109, 1308.88110352, 3236.05859375, 463.014892578, 373.736022949, 415.803070068, 166.72505188, 190.121292114, 49.5305595398, 26.5463523865, 15.8772716522, 10.0305986404, 7.82805490494, 34.9615364075, 92.7033538818, 5.17072677612, 1.05723297596, 0.602650105953, 0.226718038321, 0.0242870040238, 0.000340976606822, 9.73747944499e-08, 8.67114657854e-10],
        "dvar2": [0.139784425497, 6.93205070496, 26.0801944733, 191.165466309, 794.386779785, 538.700500488, 3491.16430664, 2795.48291016, 12277.0664062, 1674.16943359, 1190.06115723, 3532.42456055, 8470.84375, 5853.08154297, 5918.30224609, 14180.1611328, 34510.5234375, 11638.4560547, 2718.23754883, 6734.15185547, 1127.90515137, 869.54107666, 1072.85546875, 406.531799316, 537.039550781, 123.368270874, 64.2207794189, 41.3871841431, 23.3231697083, 18.0662269592, 99.1714401245, 261.98135376, 13.1938552856, 2.27438426018, 1.38068807125, 0.528385996819, 0.0588974654675, 0.000876541133039, 2.47172181389e-07, 2.0539292489e-09],
        "max": [2.35154676437, 22.6620788574, 48.9445915222, 181.850021362, 341.27835083, 179.542282104, 770.678466797, 354.116790771, 615.643920898, 394.664886475, 412.854644775, 491.432342529, 820.766296387, 749.271118164, 2025.73254395, 1908.6060791, 1688.7409668, 1819.95849609, 545.357727051, 1153.95031738, 287.892974854, 310.90713501, 408.873962402, 202.446105957, 181.211212158, 102.325378418, 90.9178009033, 63.2858848572, 37.0670318604, 42.3919258118, 108.253814697, 208.967834473, 32.6671295166, 11.3242549896, 11.6002483368, 9.41818714142, 2.07807660103, 0.260875463486, 0.00432500196621, 0.000308294140268],
        "mean": [0.247563898563, 2.52784872055, 4.38362598419, 9.91423892975, 11.0480165482, 11.0244197845, 18.8413562775, 22.1250972748, 32.340637207, 17.0309333801, 21.4330749512, 39.4111213684, 43.2312660217, 38.6675338745, 27.438375473, 44.9496040344, 66.9952545166, 35.4713554382, 31.0535488129, 37.6850013733, 18.5861949921, 16.9776477814, 13.2805233002, 15.4939279556, 15.1605854034, 9.54217433929, 5.61993169785, 3.84193277359, 3.55094408989, 2.56310296059, 2.37304592133, 2.77620339394, 1.43758070469, 0.645801365376, 0.367070704699, 0.172929421067, 0.0557494387031, 0.00493794586509, 0.000111194771307, 4.72004467156e-05],
        "median": [0.15224814415, 2.23037791252, 2.73570752144, 4.52893447876, 4.20127916336, 4.49637746811, 9.14052867889, 11.3972482681, 9.88879489899, 6.81549406052, 9.36595058441, 17.7542743683, 10.1071023941, 14.7838411331, 8.55760574341, 12.5566387177, 18.1790180206, 16.867893219, 16.1820468903, 15.0201835632, 10.4604463577, 10.1571521759, 7.847884655, 10.3713903427, 10.1922416687, 6.36721801758, 3.05321383476, 1.79290473461, 1.50166499615, 0.969739735126, 0.893666684628, 0.942332983017, 0.542286396027, 0.222913905978, 0.0836545601487, 0.0274091232568, 0.00404215883464, 0.000181687006261, 2.67844297923e-05, 3.71375354007e-05],
        "min": [1.6921570932e-05, 0.000380299781682, 0.00214978470467, 0.0044678482227, 0.031110342592, 0.0845342352986, 0.0528532974422, 0.0245484616607, 0.028613274917, 0.0134602803737, 0.0132847903296, 0.0127488290891, 0.020766062662, 0.0109202601016, 0.0096388394013, 0.0173022616655, 0.0292088221759, 0.00642691599205, 0.0159738324583, 0.0073889605701, 0.00379037391394, 0.00691171362996, 0.00782408192754, 0.00769751658663, 0.00544838793576, 0.00406166957691, 0.00392410345376, 0.00366790127009, 0.0026031692978, 0.00116034061648, 0.000393694092054, 0.000230729245231, 7.30355459382e-05, 2.62188514171e-05, 1.06679535747e-05, 4.91018590765e-06, 2.69009069598e-06, 3.768670922e-07, 8.77260333709e-07, 5.93667380144e-07],
        "var": [0.0984122008085, 5.82366514206, 33.6167221069, 200.213546753, 425.127410889, 305.539489746, 1381.49462891, 1102.91418457, 4055.5715332, 902.467590332, 1226.42883301, 3575.13452148, 8429.86816406, 5392.57763672, 9337.31542969, 12307.4257812, 23034.7617188, 5413.44677734, 2523.1550293, 6081.38085938, 669.755432129, 517.471618652, 420.157012939, 319.372802734, 283.469482422, 97.9054641724, 46.0494804382, 35.1466827393, 26.229391098, 16.6299495697, 28.0126152039, 70.3829116821, 6.82330179214, 1.59654700756, 0.769773304462, 0.254668325186, 0.0270800050348, 0.000315563287586, 9.5676938372e-08, 1.50916301678e-09]
    },
    "gfcc": {
        "mean": [9.00160598755, 110.182121277, -122.716003418, 39.8122596741, -55.5746459961, 20.1625061035, -37.9137954712, 10.8276386261, -22.3100090027, 2.17770528793, -7.81065177917, -6.36075782776, -6.78072977066],
        "cov": [[3145.97436523, -806.375976562, 307.512420654, 8.20657634735, -59.3609771729, 309.598602295, -52.0231513977, 252.475570679, -122.066978455, 232.671554565, -169.559616089, 214.074951172, -169.475112915], [-806.375976562, 1115.47460938, -81.2847137451, 66.1691970825, 187.490402222, -140.421539307, 208.11289978, -173.938522339, 159.938858032, -182.831390381, 139.293930054, -183.840286255, 138.184738159], [307.512420654, -81.2847137451, 1135.5201416, 155.963241577, 169.519012451, 115.051338196, 33.6982307434, 177.642150879, -88.0761642456, 108.636779785, -161.518600464, 94.9793395996, -131.093780518], [8.20657634735, 66.1691970825, 155.963241577, 430.265960693, 73.4385910034, 76.7610168457, 37.4526977539, -2.03529620171, 79.7501296997, -40.6284408569, 40.3488578796, -60.5799407959, 19.1566104889], [-59.3609771729, 187.490402222, 169.519012451, 73.4385910034, 306.494049072, 71.181388855, 70.0961074829, 19.5784931183, 33.8759269714, 24.8400249481, -22.3060359955, -29.7235813141, -39.3507041931], [309.598602295, -140.421539307, 115.051338196, 76.7610168457, 71.181388855, 217.074249268, 51.7935791016, 70.8237686157, -7.70605945587, 33.7587356567, 15.2587270737, 18.4864387512, -34.4966049194], [-52.0231513977, 208.11289978, 33.6982307434, 37.4526977539, 70.0961074829, 51.7935791016, 189.048782349, 24.207906723, 31.8081970215, -55.7012367249, 46.0653648376, -4.25796365738, 5.94455385208], [252.475570679, -173.938522339, 177.642150879, -2.03529620171, 19.5784931183, 70.8237686157, 24.207906723, 169.563674927, -10.0360040665, 35.2686347961, -43.8698043823, 51.6802978516, -40.0984115601], [-122.066978455, 159.938858032, -88.0761642456, 79.7501296997, 33.8759269714, -7.70605945587, 31.8081970215, -10.0360040665, 135.461578369, -14.4411897659, 40.6613349915, -48.92786026, 32.08934021], [232.671554565, -182.831390381, 108.636779785, -40.6284408569, 24.8400249481, 33.7587356567, -55.7012367249, 35.2686347961, -14.4411897659, 142.484542847, -30.8211174011, 44.8467407227, -43.5028495789], [-169.559616089, 139.293930054, -161.518600464, 40.3488578796, -22.3060359955, 15.2587270737, 46.0653648376, -43.8698043823, 40.6613349915, -30.8211174011, 156.078430176, -3.41522836685, 43.331073761], [214.074951172, -183.840286255, 94.9793395996, -60.5799407959, -29.7235813141, 18.4864387512, -4.25796365738, 51.6802978516, -48.92786026, 44.8467407227, -3.41522836685, 139.483413696, -24.049118042], [-169.475112915, 138.184738159, -131.093780518, 19.1566104889, -39.3507041931, -34.4966049194, 5.94455385208, -40.0984115601, 32.08934021, -43.5028495789, 43.331073761, -24.049118042, 105.166435242]],
        "icov": [[0.000522882735822, -0.000253582838923, 0.00026645467733, -0.000319704267895, 0.000462690193672, -0.000797544314992, 5.3989711887e-05, -0.000344399566529, 0.000234865277889, -0.000680720317177, 0.000839570595417, -0.000718938536011, 0.000479776732391], [-0.000253582838923, 0.005092327483, -0.00199013925157, 0.002100587124, -0.00309483590536, 0.00350439525209, -0.00343462149613, 0.00308301183395, -0.00282328762114, 0.00300964294001, -0.0038071165327, 0.00426473002881, -0.00395174603909], [0.00026645467733, -0.00199013925157, 0.00251925108023, -0.00194008939434, 0.000805213814601, -0.00126423279289, 0.000651508278679, -0.00212712399662, 0.00224751303904, -0.00220245984383, 0.00293710292317, -0.00249526160769, 0.00219921488315], [-0.000319704267895, 0.002100587124, -0.00194008939434, 0.00468567712232, -0.00155018595979, 0.000175869994564, -0.000376684038201, 0.00188971019816, -0.00340459262952, 0.00310391164385, -0.00287600280717, 0.00291622197255, -0.00215309904888], [0.000462690193672, -0.00309483590536, 0.000805213814601, -0.00155018595979, 0.00677479291335, -0.00344508048147, 0.00015236796753, -0.00103800848592, 0.000574679404963, -0.00332987774163, 0.00360424024984, -0.00172871397808, 0.00366561370902], [-0.000797544314992, 0.00350439525209, -0.00126423279289, 0.000175869994564, -0.00344508048147, 0.0104201612994, -0.00386956846341, -0.000462578726001, 0.00011378146155, 0.000520724570379, -0.00509888259694, 0.00410260120407, -0.00210681417957], [5.3989711887e-05, -0.00343462149613, 0.000651508278679, -0.000376684038201, 0.00015236796753, -0.00386956846341, 0.0111899990588, -0.00317016243935, 1.87360001291e-05, 0.00292168674059, -0.000208076948184, -0.00359442341141, 0.00289380922914], [-0.000344399566529, 0.00308301183395, -0.00212712399662, 0.00188971019816, -0.00103800848592, -0.000462578726001, -0.00317016243935, 0.0116261988878, -0.00410121306777, 0.00202558725141, 0.000175530250999, -5.15839637956e-05, -0.00152457784861], [0.000234865277889, -0.00282328762114, 0.00224751303904, -0.00340459262952, 0.000574679404963, 0.00011378146155, 1.87360001291e-05, -0.00410121306777, 0.013579884544, -0.0045190192759, 0.000427919614594, 0.000796645006631, 0.000190429476788], [-0.000680720317177, 0.00300964294001, -0.00220245984383, 0.00310391164385, -0.00332987774163, 0.000520724570379, 0.00292168674059, 0.00202558725141, -0.0045190192759, 0.0144231496379, -0.00326683442108, 9.66903098742e-05, -0.000117100011266], [0.000839570595417, -0.0038071165327, 0.00293710292317, -0.00287600280717, 0.00360424024984, -0.00509888259694, -0.000208076948184, 0.000175530250999, 0.000427919614594, -0.00326683442108, 0.0143248410895, -0.00638146651909, 0.00145184271969], [-0.000718938536011, 0.00426473002881, -0.00249526160769, 0.00291622197255, -0.00172871397808, 0.00410260120407, -0.00359442341141, -5.15839637956e-05, 0.000796645006631, 9.66903098742e-05, -0.00638146651909, 0.0153297958896, -0.00358970160596], [0.000479776732391, -0.00395174603909, 0.00219921488315, -0.00215309904888, 0.00366561370902, -0.00210681417957, 0.00289380922914, -0.00152457784861, 0.000190429476788, -0.000117100011266, 0.00145184271969, -0.00358970160596, 0.0170179549605]]
    },
    "melbands": {
        "dmean": [0.000903016480152, 0.000855537946336, 0.000882608816028, 0.000524002010934, 0.000400256540161, 0.000350365618942, 0.00036708189873, 0.000104000806459, 0.000118510157336, 0.000138367307954, 0.000145325902849, 9.98671675916e-05, 6.82709069224e-05, 6.21710132691e-05, 0.00011885342974, 8.56063707033e-05, 4.26300539402e-05, 3.10070026899e-05, 3.62766186299e-05, 2.3721542675e-05, 1.61002608365e-05, 1.41264172271e-05, 9.35884781939e-06, 6.51662139717e-06, 7.89545356383e-06, 5.91509979131e-06, 6.35204833088e-06, 3.13502528115e-06, 2.24541145144e-06, 1.72634065621e-06, 1.05838671516e-06, 1.14254544314e-06, 8.27706003292e-07, 8.19556305487e-07, 6.4132643729e-07, 2.07884158954e-06, 1.05024753339e-06, 7.96056895069e-07, 4.13611616068e-07, 3.79273416229e-07],
        "dmean2": [0.00142401189078, 0.00134996441193, 0.00143254676368, 0.000884540204424, 0.000678349460941, 0.000578422856051, 0.00062278250698, 0.0001658127876, 0.000172601823579, 0.000211018515984, 0.000211528036743, 0.000153200089699, 9.63946004049e-05, 8.81953237695e-05, 0.000177072113729, 0.000133300112793, 6.7424865847e-05, 4.80045237055e-05, 5.26139556314e-05, 3.51432499883e-05, 2.66675360763e-05, 2.35383613472e-05, 1.51515951075e-05, 1.08227295641e-05, 1.30377802634e-05, 9.791669072e-06, 1.07497135104e-05, 5.00918895341e-06, 3.56350665243e-06, 2.86695308205e-06, 1.72864849901e-06, 1.77504603016e-06, 1.27804946715e-06, 1.32418847443e-06, 1.04236312382e-06, 3.72688236894e-06, 1.75737557129e-06, 1.32096147354e-06, 6.4219750584e-07, 6.0238187416e-07],
        "dvar": [4.31482658314e-06, 2.94895517072e-06, 3.79948869522e-06, 1.40542795179e-06, 9.77743980002e-07, 5.88408113344e-07, 9.1394770152e-07, 4.41570158216e-08, 4.42303118575e-08, 5.78174663701e-08, 1.03222070891e-07, 4.62776696963e-08, 6.26559142347e-08, 4.3953864548e-08, 9.26130141465e-08, 3.39516041947e-08, 2.01064978e-08, 3.2075491152e-09, 6.23334672767e-09, 2.39009634306e-09, 1.09223208256e-09, 8.25734092214e-10, 3.46233736126e-10, 1.89460613864e-10, 1.47793596805e-10, 9.32536825538e-11, 1.03674499541e-10, 2.42767316666e-11, 1.50346297911e-11, 1.19720457506e-11, 4.14762755391e-12, 3.92423983933e-12, 2.2865567946e-12, 3.42703513137e-12, 3.52177727085e-12, 8.71093613908e-11, 2.05267886022e-11, 4.18613798139e-12, 7.93568769725e-13, 7.73708516959e-13],
        "dvar2": [1.06644565676e-05, 6.77173011354e-06, 8.02208342066e-06, 3.64356401406e-06, 2.77789195025e-06, 1.66942004398e-06, 2.55027521234e-06, 1.08116289255e-07, 9.42252711411e-08, 1.23630769622e-07, 2.19361425025e-07, 1.0562923336e-07, 1.16488159563e-07, 8.69954206451e-08, 2.13618108091e-07, 7.46316715095e-08, 5.01061485636e-08, 6.78975364821e-09, 1.17012781686e-08, 5.11801445668e-09, 2.57205323706e-09, 1.93707960783e-09, 8.07903466349e-10, 5.17579812342e-10, 3.65396324309e-10, 2.47095621742e-10, 2.92754626097e-10, 5.94558777212e-11, 3.75652078888e-11, 3.17492282464e-11, 1.09159972728e-11, 9.3017841693e-12, 5.36618015648e-12, 8.23874735795e-12, 9.49608100487e-12, 2.54746612693e-10, 5.55542833958e-11, 1.08380301261e-11, 1.83094359986e-12, 1.69076905254e-12],
        "max": [0.0212896242738, 0.0203363634646, 0.0424424931407, 0.0145227620378, 0.0210585724562, 0.00910318549722, 0.00861220806837, 0.0032777285669, 0.00327514647506, 0.00294833863154, 0.00416440796107, 0.00329226744361, 0.00941672362387, 0.00604215124622, 0.00458434037864, 0.0026645346079, 0.00385982263833, 0.000895218108781, 0.00118095148355, 0.000919182086363, 0.000445065525128, 0.000495975837111, 0.000260599510511, 0.000260029715719, 0.000204511758056, 0.000125920836581, 0.000111394299893, 7.89512851043e-05, 6.36594195385e-05, 6.85386621626e-05, 2.4529217626e-05, 2.66372426267e-05, 1.95916381927e-05, 3.17813719448e-05, 2.9339482353e-05, 0.000189199810848, 9.81057746685e-05, 2.58758736891e-05, 1.19345386338e-05, 1.12958105092e-05],
        "mean": [0.00267908838578, 0.00276149855927, 0.00178709090687, 0.000775525462814, 0.000608897011261, 0.000534128630534, 0.000472934276331, 0.000155359477503, 0.000209452744457, 0.000226715274039, 0.000209622477996, 0.000154344146722, 0.000109690583486, 7.96579624875e-05, 0.000153858258273, 0.000120022610645, 6.07676083746e-05, 4.73993386549e-05, 5.58367428312e-05, 3.35725490004e-05, 2.16588614421e-05, 1.98496836674e-05, 1.35049922392e-05, 9.68614403973e-06, 1.31457863972e-05, 1.01124005596e-05, 1.01176019598e-05, 5.61037268199e-06, 3.74758269572e-06, 2.88808405458e-06, 1.92281481759e-06, 2.13012094719e-06, 1.50106473029e-06, 1.41464363423e-06, 9.54257984631e-07, 2.49162394539e-06, 1.35467826112e-06, 1.18628884138e-06, 5.93032723373e-07, 5.00356236444e-07],
        "median": [0.00226470595226, 0.00215270230547, 0.000837624073029, 0.000308333081193, 0.000302826229017, 0.000272544100881, 0.000154986046255, 6.39062200207e-05, 9.35714488151e-05, 9.7857810033e-05, 4.03459998779e-05, 5.76023558096e-05, 2.33686005231e-05, 1.92473689822e-05, 4.06639192079e-05, 3.24470747728e-05, 2.57625324593e-05, 2.35594361584e-05, 2.09374356928e-05, 1.55354518938e-05, 9.56955136644e-06, 1.05608905869e-05, 7.72824751039e-06, 5.61602610105e-06, 8.43356519908e-06, 6.43249677523e-06, 6.66151254336e-06, 3.3888377402e-06, 2.05210380955e-06, 1.3704121784e-06, 8.5725810095e-07, 9.04378794075e-07, 5.85099030559e-07, 5.12161875577e-07, 3.32930170543e-07, 8.75950377122e-07, 4.05614542842e-07, 4.06939108188e-07, 1.88449746474e-07, 1.51321827957e-07],
        "min": [2.26150035587e-07, 1.62273659043e-06, 8.14456086573e-07, 3.44252930518e-06, 2.46612717092e-06, 2.3711852748e-07, 4.08001881169e-07, 1.09719664465e-07, 1.2716202491e-07, 6.53489493629e-08, 9.88065309571e-08, 3.92176104924e-08, 2.90104473777e-08, 4.10416234331e-08, 6.2159337233e-08, 2.0610324114e-08, 8.06471334158e-09, 2.42985827015e-08, 9.8150829686e-09, 9.47734779544e-09, 2.6064999048e-09, 7.42337169513e-09, 6.17920026258e-09, 6.56508758468e-09, 5.24600096696e-09, 5.64973134942e-09, 2.3726873799e-09, 2.55544341243e-09, 2.64526311966e-09, 1.24935817247e-09, 2.12300887981e-09, 1.32091837468e-09, 8.50127246377e-10, 2.11405670747e-10, 2.42059511324e-10, 1.44816506009e-10, 1.09674221094e-10, 1.717888852e-11, 7.21261646328e-13, 2.39835413899e-13],
