{
"highlevel": {
    "danceability": {
        "all": {
            "danceable": 0.910929620266,
            "not_danceable": 0.0890704020858
        },
        "probability": 0.910929620266,
        "value": "danceable"
    },
    "gender": {
        "all": {
            "female": 0.00291407853365,
            "male": 0.997085928917
        },
        "probability": 0.997085928917,
        "value": "male"
    },
    "genre_dortmund": {
        "all": {
            "alternative": 0.108033448458,
            "blues": 0.040361199528,
            "electronic": 0.0620142407715,
            "folkcountry": 0.0770940482616,
            "funksoulrnb": 0.0120411636308,
            "jazz": 0.0385608188808,
            "pop": 0.049754448235,
            "raphiphop": 0.0709871575236,
            "rock": 0.541153490543
        },
        "probability": 0.541153490543,
        "value": "rock"
    },
    "genre_electronic": {
        "all": {
            "ambient": 0.306944489479,
            "dnb": 0.201028764248,
            "house": 0.165258228779,
            "techno": 0.0260667335242,
            "trance": 0.300701767206
        },
        "probability": 0.306944489479,
        "value": "ambient"
    },
    "genre_rosamerica": {
        "all": {
            "cla": 0.00508276699111,
            "dan": 0.175072923303,
            "hip": 0.077923849225,
            "jaz": 0.0100474683568,
            "pop": 0.470490247011,
            "rhy": 0.0444972477853,
            "roc": 0.209446758032,
            "spe": 0.00743873836473
        },
        "probability": 0.470490247011,
        "value": "pop"
    },
    "genre_tzanetakis": {
        "all": {
            "blu": 0.0626613423228,
            "cla": 0.0348169617355,
            "cou": 0.104475811124,
            "dis": 0.0784321576357,
            "hip": 0.15692435205,
            "jaz": 0.313974827528,
            "met": 0.0448166541755,
            "pop": 0.0627359300852,
            "reg": 0.0627360641956,
            "roc": 0.0784258767962
        },
        "probability": 0.313974827528,
        "value": "jaz"
    },
    "ismir04_rhythm": {
        "all": {
            "ChaChaCha": 0.0604177042842,
            "Jive": 0.109906591475,
            "Quickstep": 0.0511521473527,
            "Rumba-American": 0.0441293939948,
            "Rumba-International": 0.0243997089565,
            "Rumba-Misc": 0.0169875752181,
            "Samba": 0.6254581213,
            "Tango": 0.0142205674201,
            "VienneseWaltz": 0.0449498742819,
            "Waltz": 0.00837831757963
        },
        "probability": 0.6254581213,
        "value": "Samba"
    },
    "mood_acoustic": {
        "all": {
            "acoustic": 0.268416911364,
            "not_acoustic": 0.731583058834
        },
        "probability": 0.731583058834,
        "value": "not_acoustic"
    },
    "mood_aggressive": {
        "all": {
            "aggressive": 0.577607989311,
            "not_aggressive": 0.422392010689
        },
        "probability": 0.577607989311,
        "value": "aggressive"
    },
    "mood_electronic": {
        "all": {
            "electronic": 0.684869110584,
            "not_electronic": 0.315130919218
        },
        "probability": 0.684869110584,
        "value": "electronic"
    },
    "mood_happy": {
        "all": {
            "happy": 0.686934173107,
            "not_happy": 0.313065826893
        },
        "probability": 0.686934173107,
        "value": "happy"
    },
    "mood_party": {
        "all": {
            "not_party": 0.549208343029,
            "party": 0.450791627169
        },
        "probability": 0.549208343029,
        "value": "not_party"
    },
    "mood_relaxed": {
        "all": {
            "not_relaxed": 0.565974295139,
            "relaxed": 0.434025675058
        },
        "probability": 0.565974295139,
        "value": "not_relaxed"
    },
    "mood_sad": {
        "all": {
            "not_sad": 0.839144945145,
            "sad": 0.160855069757
        },
        "probability": 0.839144945145,
        "value": "not_sad"
    },
    "moods_mirex": {
        "all": {
            "Cluster1": 0.503203451633,
            "Cluster2": 0.0921486392617,
            "Cluster3": 0.14074395597,
            "Cluster4": 0.0652215182781,
            "Cluster5": 0.198682412505
        },
        "probability": 0.503203451633,
        "value": "Cluster1"
    },
    "timbre": {
        "all": {
            "bright": 0.542749345303,
            "dark": 0.457250654697
        },
        "probability": 0.542749345303,
        "value": "bright"
    },
    "tonal_atonal": {
        "all": {
            "atonal": 0.0263238176703,
            "tonal": 0.973676204681
        },
        "probability": 0.973676204681,
        "value": "tonal"
    },
    "voice_instrumental": {
        "all": {
            "instrumental": 0.0534945428371,
            "voice": 0.946505486965
        },
        "probability": 0.946505486965,
        "value": "voice"
    }
},
"lowlevel": {
    "average_loudness": 0.965941786766,
    "barkbands_crest": {
        "dmean": 3.32573223114,
        "dmean2": 5.61004590988,
        "dvar": 7.99896001816,
        "dvar2": 21.9046936035,
        "max": 25.4207878113,
        "mean": 11.2401237488,
        "median": 10.1658353806,
        "min": 2.86723518372,
        "var": 23.5956554413
    },
    "barkbands_flatness_db": {
        "dmean": 0.0337304398417,
        "dmean2": 0.0515101626515,
        "dvar": 0.000927124579903,
        "dvar2": 0.00222585746087,
        "max": 0.422957926989,
        "mean": 0.169876739383,
        "median": 0.158937230706,
        "min": 0.0613763816655,
        "var": 0.00366193172522
    },
    "barkbands_kurtosis": {
        "dmean": 8.90330410004,
        "dmean2": 14.8111219406,
        "dvar": 284.175445557,
        "dvar2": 725.893371582,
        "max": 199.323486328,
        "mean": 12.8791675568,
        "median": 5.32866477966,
        "min": -1.87705719471,
        "var": 509.406616211
    },
    "barkbands_skewness": {
        "dmean": 0.928695082664,
        "dmean2": 1.47977018356,
        "dvar": 1.07491350174,
        "dvar2": 2.88557910919,
        "max": 11.3531904221,
        "mean": 2.54621887207,
        "median": 2.11516952515,
        "min": -1.12970662117,
        "var": 3.33604168892
    },
    "barkbands_spread": {
        "dmean": 6.38598108292,
        "dmean2": 9.46456432343,
        "dvar": 55.7043457031,
        "dvar2": 120.609642029,
        "max": 100.215522766,
        "mean": 16.138212204,
        "median": 13.2868652344,
        "min": 0.541804909706,
        "var": 157.53086853
    },
    "dissonance": {
        "dmean": 0.0218584705144,
        "dmean2": 0.0365809090436,
        "dvar": 0.000413165660575,
        "dvar2": 0.00109855236951,
        "max": 0.49998036027,
        "mean": 0.461921393871,
        "median": 0.469043552876,
        "min": 0.277711331844,
        "var": 0.000854170764796
    },
    "dynamic_complexity": 1.85680806637,
    "erbbands_crest": {
        "dmean": 2.66686320305,
        "dmean2": 4.30220651627,
        "dvar": 6.29183292389,
        "dvar2": 15.4830465317,
        "max": 32.2676506042,
        "mean": 8.1131772995,
        "median": 7.07305049896,
        "min": 2.42326331139,
        "var": 18.1694412231
    },
    "erbbands_flatness_db": {
        "dmean": 0.0244611874223,
        "dmean2": 0.0330072380602,
        "dvar": 0.000560330576263,
        "dvar2": 0.00100477738306,
        "max": 0.329277515411,
        "mean": 0.138287991285,
        "median": 0.130877152085,
        "min": 0.0482593625784,
        "var": 0.00221919221804
    },
    "erbbands_kurtosis": {
        "dmean": 1.20500254631,
        "dmean2": 1.83864474297,
        "dvar": 4.17933750153,
        "dvar2": 8.47112560272,
        "max": 35.8248710632,
        "mean": 0.742683529854,
        "median": -0.146226406097,
        "min": -1.64764547348,
        "var": 8.68234634399
    },
    "erbbands_skewness": {
        "dmean": 0.408453315496,
        "dmean2": 0.611634552479,
        "dvar": 0.156048193574,
        "dvar2": 0.331741213799,
        "max": 5.65593671799,
        "mean": 0.572846651077,
        "median": 0.488670676947,
        "min": -1.80570030212,
        "var": 0.560012459755
    },
    "erbbands_spread": {
        "dmean": 12.4729642868,
        "dmean2": 18.0154781342,
        "dvar": 153.249832153,
        "dvar2": 311.025726318,
        "max": 132.352935791,
        "mean": 45.1628952026,
        "median": 41.72813797,
        "min": 2.37431907654,
        "var": 542.420166016
    },
    "hfc": {
        "dmean": 7.8638677597,
        "dmean2": 11.0871715546,
        "dvar": 106.27596283,
        "dvar2": 205.472061157,
        "max": 191.588012695,
        "mean": 21.6257228851,
        "median": 18.1797866821,
        "min": 1.02726244926,
        "var": 281.524261475
    },
    "melbands_crest": {
        "dmean": 3.99654388428,
        "dmean2": 6.57819843292,
        "dvar": 11.1827583313,
        "dvar2": 28.2326660156,
        "max": 31.8355960846,
        "mean": 15.5800390244,
        "median": 14.9084596634,
        "min": 4.20441913605,
        "var": 31.7179775238
    },
    "melbands_flatness_db": {
        "dmean": 0.0419207066298,
        "dmean2": 0.0624179691076,
        "dvar": 0.00139630527701,
        "dvar2": 0.00318851694465,
        "max": 0.57180327177,
        "mean": 0.238394632936,
        "median": 0.228235334158,
        "min": 0.0580140538514,
        "var": 0.00662315683439
    },
    "melbands_kurtosis": {
        "dmean": 20.288482666,
        "dmean2": 33.1603813171,
        "dvar": 1355.06506348,
        "dvar2": 3674.02197266,
        "max": 441.404022217,
        "mean": 33.0851516724,
        "median": 14.9287090302,
        "min": -1.26306080818,
        "var": 2548.13427734
    },
    "melbands_skewness": {
        "dmean": 1.23416483402,
        "dmean2": 1.91942739487,
        "dvar": 1.67204034328,
        "dvar2": 4.41466760635,
        "max": 15.8260908127,
        "mean": 3.80068945885,
        "median": 3.24840402603,
        "min": -1.16214072704,
        "var": 6.16317033768
    },
    "melbands_spread": {
        "dmean": 5.57418346405,
        "dmean2": 8.63014888763,
        "dvar": 48.3226547241,
        "dvar2": 104.505966187,
        "max": 149.688354492,
        "mean": 13.9147481918,
        "median": 11.7935628891,
        "min": 0.570474088192,
        "var": 147.136291504
    },
    "pitch_salience": {
        "dmean": 0.093689262867,
        "dmean2": 0.159860789776,
        "dvar": 0.00625112606212,
        "dvar2": 0.0185473058373,
        "max": 0.833680927753,
        "mean": 0.554072380066,
        "median": 0.568239927292,
        "min": 0.137248322368,
        "var": 0.0145952915773
    },
    "silence_rate_20dB": {
        "dmean": 0,
        "dmean2": 0,
        "dvar": 0,
        "dvar2": 0,
        "max": 1,
        "mean": 1,
        "median": 1,
        "min": 1,
        "var": 0
    },
    "silence_rate_30dB": {
        "dmean": 0.0758513957262,
        "dmean2": 0.151820287108,
        "dvar": 0.0700972750783,
        "dvar2": 0.178346976638,
        "max": 1,
        "mean": 0.948955893517,
        "median": 1,
        "min": 0,
        "var": 0.048438500613
    },
    "silence_rate_60dB": {
        "dmean": 0,
        "dmean2": 0,
        "dvar": 0,
        "dvar2": 0,
        "max": 0,
        "mean": 0,
        "median": 0,
        "min": 0,
        "var": 0
    },
    "spectral_centroid": {
        "dmean": 272.264343262,
        "dmean2": 406.332641602,
        "dvar": 84698.6171875,
        "dvar2": 190724.46875,
        "max": 3374.09326172,
        "mean": 927.58013916,
        "median": 837.379272461,
        "min": 145.384002686,
        "var": 236769.1875
    },
    "spectral_complexity": {
        "dmean": 4.57198143005,
        "dmean2": 6.86212253571,
        "dvar": 22.5776977539,
        "dvar2": 46.44871521,
        "max": 55,
        "mean": 19.8878574371,
        "median": 19,
        "min": 2,
        "var": 93.3910293579
    },
    "spectral_decrease": {
        "dmean": 5.68381741672e-09,
        "dmean2": 9.04359165332e-09,
        "dvar": 4.5706122827e-17,
        "dvar2": 1.19530629304e-16,
        "max": -8.81197059766e-10,
        "mean": -1.21565815192e-08,
        "median": -9.93999460519e-09,
        "min": -5.76114125295e-08,
        "var": 6.67829495326e-17
    },
    "spectral_energy": {
        "dmean": 0.0218683481216,
        "dmean2": 0.0346881449223,
        "dvar": 0.000663922692183,
        "dvar2": 0.0017327220412,
        "max": 0.219809964299,
        "mean": 0.0478432439268,
        "median": 0.0398386195302,
        "min": 0.00469915289432,
        "var": 0.000975592411123
    },
    "spectral_energyband_high": {
        "dmean": 0.000545670103747,
        "dmean2": 0.00071059941547,
        "dvar": 1.05188212274e-06,
        "dvar2": 1.71938256699e-06,
        "max": 0.0219098217785,
        "mean": 0.000887020374648,
        "median": 0.00040123204235,
        "min": 6.83714119987e-07,
        "var": 2.47062416747e-06
    },
    "spectral_energyband_low": {
        "dmean": 0.0170923955739,
        "dmean2": 0.0281384307891,
        "dvar": 0.000624076114036,
        "dvar2": 0.00167656759731,
        "max": 0.203555837274,
        "mean": 0.0257891565561,
        "median": 0.0144845191389,
        "min": 1.70037801581e-05,
        "var": 0.000834262929857
    },
    "spectral_energyband_middle_high": {
        "dmean": 0.00201091170311,
        "dmean2": 0.00305874738842,
        "dvar": 8.47850878927e-06,
        "dvar2": 2.04181469599e-05,
        "max": 0.0499977096915,
        "mean": 0.00512350536883,
        "median": 0.00366928894073,
        "min": 1.11554472824e-05,
        "var": 3.01799973386e-05
    },
    "spectral_energyband_middle_low": {
        "dmean": 0.00882850121707,
        "dmean2": 0.0142482146621,
        "dvar": 0.000131359804072,
        "dvar2": 0.000320074817864,
        "max": 0.106641091406,
        "mean": 0.0188704673201,
        "median": 0.0144411027431,
        "min": 0.000469336198876,
        "var": 0.000233549362747
    },
    "spectral_entropy": {
        "dmean": 0.27109503746,
        "dmean2": 0.371663302183,
        "dvar": 0.0765817165375,
        "dvar2": 0.147897854447,
        "max": 8.65832614899,
        "mean": 7.52985715866,
        "median": 7.60056829453,
        "min": 5.33927583694,
        "var": 0.242045983672
    },
    "spectral_flux": {
        "dmean": 0.0396757498384,
        "dmean2": 0.0623432584107,
        "dvar": 0.00168793578632,
        "dvar2": 0.00363380974159,
        "max": 0.357736080885,
        "mean": 0.122780054808,
        "median": 0.108460262418,
        "min": 0.029920456931,
        "var": 0.00326381251216
    },
    "spectral_kurtosis": {
        "dmean": 2.65984869003,
        "dmean2": 4.00327539444,
        "dvar": 17.1477031708,
        "dvar2": 37.2935562134,
        "max": 63.4328384399,
        "mean": 5.17867326736,
        "median": 3.66331386566,
        "min": -0.614865064621,
        "var": 28.6902256012
    },
    "spectral_rms": {
        "dmean": 0.00147475907579,
        "dmean2": 0.00230050180107,
        "dvar": 2.07301013688e-06,
        "dvar2": 5.31250861968e-06,
        "max": 0.0146440686658,
        "mean": 0.00652001891285,
        "median": 0.00623433617875,
        "min": 0.00214115367271,
        "var": 4.16572765971e-06
    },
    "spectral_rolloff": {
        "dmean": 414.246612549,
        "dmean2": 685.2421875,
        "dvar": 705078.6875,
        "dvar2": 1550660.75,
        "max": 8979.34570312,
        "mean": 849.82019043,
        "median": 602.9296875,
        "min": 86.1328125,
        "var": 1345947.75
    },
    "spectral_skewness": {
        "dmean": 0.366568654776,
        "dmean2": 0.517862260342,
        "dvar": 0.177786096931,
        "dvar2": 0.374633073807,
        "max": 6.53421258926,
        "mean": 1.7316429615,
        "median": 1.59111666679,
        "min": 0.420004636049,
        "var": 0.451615393162
    },
    "spectral_spread": {
        "dmean": 860512.625,
        "dmean2": 1135007.875,
        "dvar": 784705912832,
        "dvar2": 1.41735205274e+12,
        "max": 10954112,
        "mean": 4959209,
        "median": 4753281,
        "min": 1367369.375,
        "var": 2.7112112128e+12
    },
    "spectral_strongpeak": {
        "dmean": 0.408329963684,
        "dmean2": 0.68413990736,
        "dvar": 0.284334391356,
        "dvar2": 0.695674657822,
        "max": 6.84855747223,
        "mean": 0.774817049503,
        "median": 0.465618729591,
        "min": 0,
        "var": 0.753993034363
    },
    "zerocrossingrate": {
        "dmean": 0.0115800509229,
        "dmean2": 0.0130349537358,
        "dvar": 0.000156013018568,
        "dvar2": 0.000165579593158,
        "max": 0.27392578125,
        "mean": 0.0451099351048,
        "median": 0.03857421875,
        "min": 0.00341796875,
        "var": 0.00100294966251
    },
    "barkbands": {
        "dmean": [0.00108343269676, 0.0113320192322, 0.00637082802132, 0.00451965304092, 0.00402104947716, 0.00131634296849, 0.000970618100837, 0.00125362735707, 0.000774901651312, 0.00109464011621, 0.000376623414923, 0.000433224922745, 0.000230864388868, 0.000201410643058, 0.00022396678105, 0.000218744986341, 0.000186109755305, 0.000154262583237, 0.000128442450659, 0.000112883593829, 9.75280636339e-05, 0.000108797030407, 0.000107998785097, 0.000126002079924, 6.52716626064e-05, 4.66334531666e-05, 6.08936678859e-09],
        "dmean2": [0.00194273306988, 0.0192428007722, 0.0111758159474, 0.00753136025742, 0.00670348620042, 0.00220877910033, 0.00161982618738, 0.00208392622881, 0.00126613699831, 0.00170724466443, 0.000614179298282, 0.000703694007825, 0.000384384940844, 0.000329824222717, 0.000349293433828, 0.00035887651029, 0.000302343745716, 0.000259693915723, 0.000211896243854, 0.000181710202014, 0.000144109711982, 0.000155583315063, 0.000149087209138, 0.00016744765162, 9.11971874302e-05, 6.51084337733e-05, 7.85858400576e-09],
        "dvar": [7.43984537621e-06, 0.000324172491673, 0.000120058561151, 5.39660832146e-05, 5.15115607413e-05, 4.94379446536e-06, 4.12075542044e-06, 7.95460528025e-06, 3.09443430524e-06, 6.13973770669e-06, 4.45565234486e-07, 9.68051836026e-07, 1.46792856981e-07, 1.21930440855e-07, 1.59848426051e-07, 1.75034756467e-07, 1.03546035746e-07, 7.42812673593e-08, 5.92896007845e-08, 3.02939824337e-08, 1.91469133881e-08, 2.48092639765e-08, 7.12656884616e-08, 2.62646040028e-07, 2.07243466832e-08, 1.24744605756e-08, 1.49939265105e-14],
        "dvar2": [2.07603734452e-05, 0.000918734294828, 0.000330261915224, 0.000129285632283, 0.000112206122139, 1.37585348057e-05, 1.05516246549e-05, 2.30917939916e-05, 7.45082661524e-06, 1.65520887094e-05, 1.17775448416e-06, 2.41801967604e-06, 3.72217328959e-07, 3.09287202072e-07, 3.78924738698e-07, 4.1788879912e-07, 2.73910728765e-07, 1.98733559387e-07, 1.64552773185e-07, 8.00291672931e-08, 4.43006662465e-08, 5.50719647663e-08, 1.07904043034e-07, 4.79609354898e-07, 4.18429557669e-08, 2.34056489745e-08, 1.5004504258e-14],
        "max": [0.020878450945, 0.16935801506, 0.100111156702, 0.0612107291818, 0.104059621692, 0.0311108268797, 0.0223947577178, 0.0362154506147, 0.0338787846267, 0.0455769263208, 0.00804132781923, 0.0168820712715, 0.00434085121378, 0.00453396793455, 0.00841521564871, 0.00549268117175, 0.005627295468, 0.00269568804651, 0.0023868184071, 0.00186027213931, 0.00142578524537, 0.00135997973848, 0.00487400311977, 0.0135511308908, 0.0023783587385, 0.00168461212888, 4.3097179514e-06],
        "mean": [0.000941908394452, 0.0153458947316, 0.00702952686697, 0.00535411946476, 0.00611547799781, 0.00209327158518, 0.00152394652832, 0.00190153287258, 0.00130668317433, 0.00190784735605, 0.000597853562795, 0.000668041349854, 0.00034254216007, 0.000319067097735, 0.000353313924279, 0.000346543558408, 0.000294360361295, 0.000243264163146, 0.0001843568607, 0.000171484425664, 0.000155012166942, 0.000162585813086, 0.000165483274031, 0.000169952327269, 8.93060132512e-05, 5.99310478719e-05, 5.67010172148e-09],
        "median": [0.000226509728236, 0.00621134601533, 0.00340059911832, 0.00259026396088, 0.0035894587636, 0.00115582975559, 0.000589390343521, 0.000628211593721, 0.000498137378599, 0.000736898276955, 0.000252403959166, 0.000272211473202, 0.000202148585231, 0.000163761666045, 0.000168456914253, 0.000167923397385, 0.000178776157554, 0.000114195157948, 0.000101536759757, 9.85695369309e-05, 7.51386542106e-05, 6.93739493727e-05, 6.17831392447e-05, 5.13714439876e-05, 3.06669644488e-05, 1.33081848617e-05, 7.40752403861e-10],
        "min": [3.92987999476e-07, 2.0537383989e-06, 1.12300278943e-06, 3.51656552766e-07, 7.50338494981e-06, 2.70441396424e-05, 6.46299304208e-06, 8.82463518792e-06, 1.98040811483e-06, 3.51676499122e-06, 1.8537861024e-06, 6.65677873712e-07, 2.82221975567e-07, 3.87522561596e-07, 1.26322689198e-07, 7.15087864478e-08, 1.20311568708e-07, 4.67011069816e-08, 2.50196485752e-08, 3.68494212921e-08, 4.96189684895e-08, 7.00092996908e-08, 2.53071910095e-08, 5.48094227781e-08, 3.71303272573e-08, 6.43769038078e-09, 2.65192989096e-11],
        "var": [5.43851501789e-06, 0.000431411230238, 0.000108200212708, 6.33191230008e-05, 8.87771966518e-05, 8.37813695398e-06, 6.61762669552e-06, 1.08446783997e-05, 6.62791671857e-06, 1.59665487445e-05, 8.71314057349e-07, 1.80362928859e-06, 2.18948926545e-07, 1.96755308934e-07, 3.50633740709e-07, 2.90419819748e-07, 1.630265416e-07, 1.19129495602e-07, 6.30139282976e-08, 4.29790141254e-08, 3.51623228312e-08, 4.49401795777e-08, 1.65065301871e-07, 4.38089955423e-07, 3.77279540942e-08, 2.06164187944e-08, 1.4991366777e-14]
    },
    "erbbands": {
        "dmean": [0.294571816921, 2.89120912552, 7.23547697067, 10.8700218201, 14.4903068542, 14.2250051498, 9.74905776978, 10.9957456589, 15.0857152939, 12.5288906097, 30.0990715027, 19.327835083, 25.7671089172, 27.3358535767, 16.9654464722, 18.8920478821, 10.344367981, 10.3966827393, 12.1105289459, 9.33345890045, 11.0195474625, 10.0096998215, 8.86854362488, 6.74225568771, 6.37770986557, 5.2481508255, 3.81564164162, 4.32067632675, 3.92168521881, 3.56188440323, 3.05568861961, 2.96166419983, 1.88013863564, 0.78725194931, 0.447555452585, 0.223888084292, 0.0931116342545, 0.00766043318436, 0.000144952820847, 2.874724305e-05],
        "dmean2": [0.494611799717, 5.1075387001, 12.7693300247, 18.3248310089, 23.9563007355, 23.7108249664, 16.6053848267, 18.4423542023, 24.8360500336, 20.2285442352, 50.3716278076, 31.8302097321, 40.6824607849, 43.7584915161, 27.0953540802, 30.6141643524, 17.2231636047, 17.0343894958, 18.4426803589, 15.0027685165, 17.6881866455, 16.130022049, 14.7289829254, 11.0952739716, 10.6150369644, 8.3824300766, 5.72346639633, 6.39977169037, 5.59941053391, 5.0369515419, 4.12947797775, 4.06326341629, 2.55212306976, 1.10911893845, 0.630161046982, 0.315253287554, 0.132990092039, 0.0113033466041, 0.000208505953196, 4.34650901298e-05],
        "dvar": [0.26906272769, 21.9909706116, 166.336334229, 253.805358887, 538.186767578, 740.632629395, 237.139221191, 392.033477783, 1074.29321289, 510.895477295, 5515.19091797, 2460.47631836, 6931.39257812, 1616.14709473, 945.923095703, 2156.23657227, 262.458557129, 302.625640869, 461.340270996, 288.61340332, 443.861358643, 282.250396729, 220.163528442, 194.592437744, 133.445419312, 70.5994567871, 33.0739479065, 37.1097755432, 32.8662719727, 34.0336990356, 71.2443389893, 171.825271606, 52.8239822388, 3.91788673401, 0.997580885887, 0.295508027077, 0.0520828962326, 0.000355291442247, 1.13350317577e-07, 1.01673158781e-09],
        "dvar2": [0.719513237476, 64.4861450195, 462.902099609, 647.001159668, 1328.4934082, 1517.71459961, 645.609436035, 1082.88549805, 2714.12084961, 1237.7121582, 16345.0410156, 6438.36425781, 19296.8183594, 3859.0612793, 2486.77563477, 5399.54150391, 644.157592773, 763.575683594, 989.024780273, 715.726257324, 1058.80358887, 735.526123047, 581.758056641, 542.500061035, 373.238494873, 187.829101562, 82.1235961914, 84.6638717651, 71.7892913818, 69.6171340942, 106.60118103, 372.984619141, 81.8512496948, 7.41865730286, 1.94810712337, 0.573385894299, 0.10173984617, 0.000792197068222, 2.39570510985e-07, 2.38258279772e-09],
        "max": [4.17713165283, 41.7465705872, 104.824317932, 123.632293701, 241.380767822, 385.961608887, 175.039993286, 290.258300781, 432.518310547, 337.082885742, 1051.25488281, 991.231689453, 1440.15979004, 535.877075195, 398.344299316, 801.254150391, 159.925445557, 204.202163696, 498.548126221, 195.908432007, 337.302337646, 274.474365234, 169.051849365, 153.012283325, 122.594741821, 95.0757522583, 61.7035598755, 53.147567749, 50.8113555908, 88.4940338135, 153.677459717, 357.72833252, 161.707183838, 33.4920883179, 20.930393219, 9.00247478485, 3.21294999123, 0.351269930601, 0.00603255163878, 0.000324346736306],
        "mean": [0.395662307739, 3.57727146149, 8.5496301651, 13.4151926041, 19.8863143921, 21.3723716736, 14.6616649628, 18.1437587738, 23.3999176025, 22.0277690887, 46.6884498596, 32.2698173523, 46.8502883911, 46.7745323181, 29.3627071381, 29.865978241, 16.8190059662, 16.8719863892, 21.8819179535, 15.3853340149, 18.2228279114, 16.5781745911, 14.8963003159, 10.0014286041, 9.05740833282, 7.98104953766, 6.00917434692, 6.64467859268, 5.89400196075, 5.25512075424, 4.62322950363, 3.93458509445, 2.55686759949, 1.09027898312, 0.597626566887, 0.289290130138, 0.115421921015, 0.00885048601776, 0.000192936859094, 6.39024146949e-05],
        "median": [0.10945866257, 1.66241550446, 4.45607709885, 7.85873699188, 11.124420166, 10.8334150314, 9.2785949707, 8.95328521729, 9.58028030396, 10.2583169937, 14.6496496201, 13.6553211212, 16.2036170959, 22.9771213531, 14.0671100616, 12.1722478867, 10.2391824722, 9.74450397491, 10.804851532, 8.52761650085, 9.1035823822, 10.0211658478, 7.29596090317, 5.38889884949, 5.12200212479, 4.53803110123, 2.84228539467, 3.17276072502, 2.4967777729, 2.29135775566, 1.53267467022, 1.21379649639, 0.740900814533, 0.378978043795, 0.19435916841, 0.0688365399837, 0.02489692159, 0.00168078124989, 6.22262305114e-05, 5.25904142705e-05],
        "min": [7.32325934223e-05, 0.000336758152116, 0.0026350421831, 0.0027716557961, 0.00785242021084, 0.105947569013, 0.164567008615, 0.353555321693, 0.159219071269, 0.106821715832, 0.254857927561, 0.0968553870916, 0.10289297998, 0.107873544097, 0.0615566112101, 0.0275523569435, 0.0161597169936, 0.0203451253474, 0.0123225031421, 0.00438083941117, 0.00648259650916, 0.00629825191572, 0.00278873904608, 0.00177251594141, 0.00125239114277, 0.00177091092337, 0.00125173362903, 0.00222314894199, 0.00293881539255, 0.00119244132657, 0.000754330481868, 0.000900523853488, 0.00108450569678, 0.000511243473738, 0.000255793216638, 0.000129346401081, 4.38741553808e-05, 4.98985082231e-06, 3.30051011588e-06, 5.46092633158e-06],
        "var": [0.382048130035, 24.2526073456, 148.920806885, 281.569244385, 711.558898926, 1399.72644043, 296.052581787, 809.183227539, 1584.38574219, 1094.27075195, 7838.65966797, 3957.54638672, 16944.7988281, 3619.72827148, 1939.71154785, 3946.05517578, 460.53692627, 470.91796875, 1264.66418457, 436.955688477, 817.617370605, 483.225921631, 431.353210449, 198.918640137, 142.605331421, 97.0049514771, 56.6650428772, 66.6035919189, 60.2612571716, 63.994102478, 164.245269775, 244.038116455, 96.576385498, 7.64153003693, 1.70818376541, 0.484821170568, 0.0806227475405, 0.000455931876786, 1.59646305065e-07, 1.72350667071e-09]
    },
    "gfcc": {
        "mean": [23.1038131714, 103.291305542, -96.8067092896, 34.996055603, -57.4069633484, 22.9728431702, -36.3708610535, 11.3640518188, -24.7393245697, -0.982000648975, -20.5834579468, 1.31987583637, -11.0190248489],
        "cov": [[2510.51635742, -976.929077148, -584.033691406, 223.822753906, -292.039428711, -43.6405334473, -137.204681396, 77.1797866821, -127.042762756, 84.0266036987, -123.534057617, 27.1056499481, -166.279251099], [-976.929077148, 1284.98486328, -156.783203125, -208.812164307, 257.154571533, -84.0960159302, 138.351882935, -94.4795074463, 109.55619812, -197.413909912, 116.806236267, -134.622085571, 118.879714966], [-584.033691406, -156.783203125, 1041.87902832, 256.997253418, 222.876113892, 218.626785278, 69.3230895996, 48.5812797546, 13.3145427704, 105.709030151, -61.2255897522, 86.2147445679, -19.8333683014], [223.822753906, -208.812164307, 256.997253418, 567.656311035, 134.039932251, 100.400947571, 42.1207809448, -34.3238868713, 17.3234195709, 32.8070487976, -16.6425609589, -5.74260854721, 8.78942680359], [-292.039428711, 257.154571533, 222.876113892, 134.039932251, 322.438446045, 82.4964599609, 63.5787963867, -12.0414361954, 40.2364616394, -8.48466491699, -3.24895167351, -4.05364465714, 36.1048049927], [-43.6405334473, -84.0960159302, 218.626785278, 100.400947571, 82.4964599609, 183.800827026, 61.5631103516, 16.4339504242, 6.3853263855, 29.8432598114, -18.7774124146, 24.2065181732, 10.4646072388], [-137.204681396, 138.351882935, 69.3230895996, 42.1207809448, 63.5787963867, 61.5631103516, 155.692138672, 34.9175415039, 16.8118171692, -11.2950878143, 23.9014148712, -12.5680742264, 16.1561527252], [77.1797866821, -94.4795074463, 48.5812797546, -34.3238868713, -12.0414361954, 16.4339504242, 34.9175415039, 98.4113540649, 19.3687114716, 33.1554718018, 1.81654441357, 16.3658618927, -26.2209873199], [-127.042762756, 109.55619812, 13.3145427704, 17.3234195709, 40.2364616394, 6.3853263855, 16.8118171692, 19.3687114716, 80.919052124, 10.5837011337, 23.233669281, -13.3092727661, 16.5169448853], [84.0266036987, -197.413909912, 105.709030151, 32.8070487976, -8.48466491699, 29.8432598114, -11.2950878143, 33.1554718018, 10.5837011337, 100.0364151, 2.85142636299, 39.9750595093, -21.5672054291], [-123.534057617, 116.806236267, -61.2255897522, -16.6425609589, -3.24895167351, -18.7774124146, 23.9014148712, 1.81654441357, 23.233669281, 2.85142636299, 89.9418182373, -0.863213479519, 11.0347776413], [27.1056499481, -134.622085571, 86.2147445679, -5.74260854721, -4.05364465714, 24.2065181732, -12.5680742264, 16.3658618927, -13.3092727661, 39.9750595093, -0.863213479519, 74.7990493774, 4.76885223389], [-166.279251099, 118.879714966, -19.8333683014, 8.78942680359, 36.1048049927, 10.4646072388, 16.1561527252, -26.2209873199, 16.5169448853, -21.5672054291, 11.0347776413, 4.76885223389, 75.4981765747]],
        "icov": [[0.00117539463099, 7.32737025828e-05, 0.00126806518529, -0.0010777892312, 0.000228701130254, -0.000518490967806, 0.000462021242129, -0.00131958641578, 0.00104878132697, -0.000580063089728, 0.00150766142178, -0.000891204574145, 0.00177805207204], [7.32737025828e-05, 0.00440849130973, -0.000631082395557, 0.00249082734808, -0.00303878774866, 0.00207452406175, -0.00296791805886, 0.00396144390106, -0.00403762608767, 0.00480665452778, -0.00345249287784, 0.00339426379651, -0.00151276169345], [0.00126806518529, -0.000631082395557, 0.00320971757174, -0.00191187614109, -9.13978146855e-05, -0.00193234754261, 0.000682727491949, -0.00211439258419, 0.00155533244833, -0.00212399545126, 0.00310701015405, -0.00299203465693, 0.00307125947438], [-0.0010777892312, 0.00249082734808, -0.00191187614109, 0.00480433413759, -0.00243418104947, 0.0011366327526, -0.00262053566985, 0.00507565401495, -0.00361896120012, 0.00224166247062, -0.00319589278661, 0.0036670260597, -0.0023596920073], [0.000228701130254, -0.00303878774866, -9.13978146855e-05, -0.00243418104947, 0.0068348236382, -0.00221654912457, 0.00115380401257, -0.00202080071904, 0.000969797489233, -0.00235021370463, 0.00300869066268, -0.00247654947452, 0.000471033388749], [-0.000518490967806, 0.00207452406175, -0.00193234754261, 0.0011366327526, -0.00221654912457, 0.0102844312787, -0.00486273085698, 0.00284668803215, -0.00231942813843, 0.000891740608495, -0.000311763637001, 0.000621742918156, -0.00261621503159], [0.000462021242129, -0.00296791805886, 0.000682727491949, -0.00262053566985, 0.00115380401257, -0.00486273085698, 0.0130894221365, -0.0092577598989, 0.00534311169758, -0.00120604329277, -0.000986932427622, 0.00102133874316, -0.00115251669195], [-0.00131958641578, 0.00396144390106, -0.00211439258419, 0.00507565401495, -0.00202080071904, 0.00284668803215, -0.0092577598989, 0.0230694301426, -0.0114281419665, 0.0021432810463, -0.0025297109969, -0.000649357389193, 0.0037979115732], [0.00104878132697, -0.00403762608767, 0.00155533244833, -0.00361896120012, 0.000969797489233, -0.00231942813843, 0.00534311169758, -0.0114281419665, 0.0238750390708, -0.00899903103709, 5.51804077986e-05, 0.00378429493867, -0.00379833742045], [-0.000580063089728, 0.00480665452778, -0.00212399545126, 0.00224166247062, -0.00235021370463, 0.000891740608495, -0.00120604329277, 0.0021432810463, -0.00899903103709, 0.0233139526099, -0.00640686135739, -0.00387798971497, 0.00214781798422], [0.00150766142178, -0.00345249287784, 0.00310701015405, -0.00319589278661, 0.00300869066268, -0.000311763637001, -0.000986932427622, -0.0025297109969, 5.51804077986e-05, -0.00640686135739, 0.0192331653088, -0.00651128636673, 0.00363999116234], [-0.000891204574145, 0.00339426379651, -0.00299203465693, 0.0036670260597, -0.00247654947452, 0.000621742918156, 0.00102133874316, -0.000649357389193, 0.00378429493867, -0.00387798971497, -0.00651128636673, 0.0268526487052, -0.0105464523658], [0.00177805207204, -0.00151276169345, 0.00307125947438, -0.0023596920073, 0.000471033388749, -0.00261621503159, -0.00115251669195, 0.0037979115732, -0.00379833742045, 0.00214781798422, 0.00363999116234, -0.0105464523658, 0.0239066332579]]
    },
    "melbands": {
        "dmean": [0.00283196358941, 0.00372063741088, 0.00193095998839, 0.0010832354892, 0.000345466571162, 0.000247476535151, 0.000221249996684, 0.000151787244249, 0.000238296968746, 0.00011752948194, 0.000134490852361, 0.000121725395729, 5.23345406691e-05, 5.27168776898e-05, 3.31059054588e-05, 2.32090333157e-05, 2.01689617825e-05, 1.9787439669e-05, 1.37668057505e-05, 1.60311265063e-05, 1.26897384689e-05, 1.14035738079e-05, 1.00897141238e-05, 6.92911862643e-06, 5.68607629248e-06, 4.94061168865e-06, 4.5644273996e-06, 3.45011335412e-06, 2.57483452515e-06, 2.36102277995e-06, 2.62984985966e-06, 2.34274125432e-06, 2.12059694604e-06, 2.03498234441e-06, 1.86623083209e-06, 1.82040855634e-06, 1.82608403065e-06, 1.43366264638e-06, 9.78793650575e-07, 5.76524655571e-07],
        "dmean2": [0.00477862171829, 0.00655435631052, 0.00323816668242, 0.00177457754035, 0.000587490038015, 0.000413475150708, 0.000363779370673, 0.000243448288529, 0.000399047363317, 0.000194136140635, 0.000211308040889, 0.000193943327758, 8.42847002787e-05, 8.55039688759e-05, 5.35841027158e-05, 3.80276287615e-05, 3.31555347657e-05, 3.03884735331e-05, 2.19901212404e-05, 2.63599977188e-05, 2.06374534173e-05, 1.8599208488e-05, 1.69121067302e-05, 1.1639335753e-05, 9.46910677158e-06, 8.38044252305e-06, 7.56636381993e-06, 5.5239224821e-06, 3.98971133109e-06, 3.56635518983e-06, 3.96541463488e-06, 3.42271141562e-06, 3.11993426294e-06, 2.97745896205e-06, 2.55905479207e-06, 2.58239447248e-06, 2.65003177446e-06, 2.03805279853e-06, 1.38092980251e-06, 8.58127179981e-07],
        "dvar": [2.1633986762e-05, 4.02683799621e-05, 8.48719537316e-06, 3.87701538784e-06, 2.48754815857e-07, 1.84167731732e-07, 2.10737994166e-07, 7.61955476491e-08, 3.54141377557e-07, 9.24762417753e-08, 1.82236973956e-07, 3.37374892467e-08, 9.09547281935e-09, 1.23968604271e-08, 4.40739933438e-09, 1.45813849883e-09, 1.14986409283e-09, 1.14544984609e-09, 6.66243726855e-10, 8.92854179479e-10, 5.76339254099e-10, 3.95659893737e-10, 3.35725752754e-10, 1.55694318549e-10, 1.42262077119e-10, 9.93034404706e-11, 4.98423385897e-11, 3.57198506884e-11, 1.59283836121e-11, 1.13531918242e-11, 1.43219333962e-11, 1.24309729177e-11, 1.00337498726e-11, 1.46789073951e-11, 2.19401042473e-11, 4.29669910762e-11, 8.26616483596e-11, 3.2463417371e-11, 1.17200858393e-11, 1.65129607037e-12],
        "dvar2": [5.93067961745e-05, 0.000114044240036, 2.07718076126e-05, 8.20511013444e-06, 6.68422387662e-07, 5.0674321983e-07, 5.3122312238e-07, 1.86389144119e-07, 1.04223352082e-06, 2.34062184745e-07, 5.05462196543e-07, 7.77248061468e-08, 2.42649349502e-08, 3.18760697837e-08, 1.05522692806e-08, 3.74943498471e-09, 2.92366153509e-09, 2.37465380692e-09, 1.67347835589e-09, 2.23896612361e-09, 1.41799472164e-09, 1.05049147159e-09, 9.31722254904e-10, 4.22862106442e-10, 3.96421423465e-10, 2.80863332591e-10, 1.34012703712e-10, 9.63798693632e-11, 4.00274639822e-11, 2.65240537867e-11, 3.36999976536e-11, 2.77548678485e-11, 2.31740841794e-11, 3.04977050558e-11, 3.17542242501e-11, 8.23397808269e-11, 1.92391061415e-10, 5.26125011613e-11, 2.00513737558e-11, 3.610045856e-12],
        "max": [0.0449644550681, 0.0495152808726, 0.0228658299893, 0.0288574770093, 0.00510735437274, 0.00581023143604, 0.00569019280374, 0.00337385176681, 0.00880568940192, 0.00632014544681, 0.00756986578926, 0.00258614122868, 0.0011239843443, 0.00209398032166, 0.0010061848443, 0.000481062888866, 0.000381251098588, 0.000737691647373, 0.000336623459589, 0.000308404560201, 0.000365343643352, 0.000379522854928, 0.000303117500152, 0.000126157843624, 0.000137684401125, 0.000121664103062, 5.97469625063e-05, 7.89121768321e-05, 4.15920039813e-05, 2.89876643365e-05, 3.30623261107e-05, 3.2427986298e-05, 3.55229858542e-05, 6.32217270322e-05, 0.000101738929516, 0.000134070549393, 0.000253738253377, 0.000119367825391, 6.61798767396e-05, 1.50335763465e-05],
        "mean": [0.00398268504068, 0.00469587184489, 0.00253818975762, 0.00162510399241, 0.000552679528482, 0.000404626654927, 0.000347674620571, 0.000257099483861, 0.000375535688363, 0.000189655896975, 0.000237980595557, 0.000200821756152, 8.57042323332e-05, 8.41567161842e-05, 5.33819475095e-05, 3.30181719619e-05, 3.07784794131e-05, 3.57107310265e-05, 2.09564823308e-05, 2.45255359914e-05, 1.97700683202e-05, 1.74616834556e-05, 1.58527254825e-05, 1.05708559204e-05, 7.85393331171e-06, 6.61073818264e-06, 6.28627094557e-06, 5.05689058627e-06, 3.81146855943e-06, 3.55606835001e-06, 3.89560227632e-06, 3.38330573868e-06, 3.05552362079e-06, 2.87269517685e-06, 2.68771123046e-06, 2.53939560935e-06, 2.30804243984e-06, 1.88894978237e-06, 1.32336435854e-06, 7.73516887875e-07],
        "median": [0.00140514690429, 0.00253496901132, 0.00155425304547, 0.000862515647896, 0.00035477700294, 0.000207776101888, 0.000140017975355, 0.000119318065117, 0.000111286892206, 7.63353746152e-05, 8.0113299191e-05, 9.32757902774e-05, 3.83356818929e-05, 3.7048383092e-05, 2.35108509514e-05, 1.8235461539e-05, 1.64519478858e-05, 1.78264654096e-05, 1.06231409518e-05, 1.23991758301e-05, 9.70229666564e-06, 1.00312463474e-05, 8.25018469186e-06, 5.1342185543e-06, 3.85044086215e-06, 3.50158643414e-06, 3.50644631908e-06, 2.62043931798e-06, 1.68389522059e-06, 1.73296928097e-06, 1.75900117938e-06, 1.34076788072e-06, 1.35674383728e-06, 1.28398278321e-06, 9.17737168038e-07, 7.88435102095e-07, 6.96667257216e-07, 5.18979334174e-07, 3.79747007173e-07, 2.7603965691e-07],
        "min": [9.24876133013e-07, 1.43840884448e-06, 4.13032068991e-07, 1.28076567307e-06, 6.40652024231e-06, 8.93659125722e-06, 1.55035479565e-06, 1.18029333862e-06, 1.81164477908e-06, 3.64636349559e-07, 4.62741269303e-07, 4.2603141992e-07, 2.38848144818e-07, 7.64519256791e-08, 5.45348868286e-08, 2.78020362288e-08, 3.87120451251e-08, 2.11709227926e-08, 7.51052198211e-09, 3.11179948476e-09, 8.77354189299e-09, 6.4390559551e-09, 3.42999273428e-09, 1.92731652859e-09, 1.37811795309e-09, 9.31675181448e-10, 9.41127065168e-10, 1.24323773498e-09, 7.1927419576e-10, 8.70842342682e-10, 1.2145638939e-09, 1.8571313376e-09, 9.69472058188e-10, 4.72114236594e-10, 4.17419016019e-10, 4.07712058559e-10, 5.77727921058e-10, 8.88329076965e-10, 4.40763203713e-10, 3.63525126668e-10],
