{
"highlevel": {
    "danceability": {
        "all": {
            "danceable": 0.0189686864614,
            "not_danceable": 0.981031298637
        },
        "probability": 0.981031298637,
        "value": "not_danceable"
    },
    "gender": {
        "all": {
            "female": 0.560289382935,
            "male": 0.439710617065
        },
        "probability": 0.560289382935,
        "value": "female"
    },
    "genre_dortmund": {
        "all": {
            "alternative": 0.198095411062,
            "blues": 0.0659181550145,
            "electronic": 0.00984042882919,
            "folkcountry": 0.503446996212,
            "funksoulrnb": 0.023512866348,
            "jazz": 0.0466991066933,
            "pop": 0.0702478215098,
            "raphiphop": 0.00191567873117,
            "rock": 0.0803235545754
        },
        "probability": 0.503446996212,
        "value": "folkcountry"
    },
    "genre_electronic": {
        "all": {
            "ambient": 0.899372518063,
            "dnb": 0.0167009998113,
            "house": 0.0614629685879,
            "techno": 0.00669116899371,
            "trance": 0.0157723445445
        },
        "probability": 0.899372518063,
        "value": "ambient"
    },
    "genre_rosamerica": {
        "all": {
            "cla": 0.270193785429,
            "dan": 0.00230288808234,
            "hip": 0.00316060939804,
            "jaz": 0.213130041957,
            "pop": 0.141966745257,
            "rhy": 0.319146573544,
            "roc": 0.0102659733966,
            "spe": 0.039833381772
        },
        "probability": 0.319146573544,
        "value": "rhy"
    },
    "genre_tzanetakis": {
        "all": {
            "blu": 0.0626934617758,
            "cla": 0.034811027348,
            "cou": 0.104457966983,
            "dis": 0.0784187018871,
            "hip": 0.156897366047,
            "jaz": 0.31392082572,
            "met": 0.0448089763522,
            "pop": 0.062725186348,
            "reg": 0.0628540441394,
            "roc": 0.0784124583006
        },
        "probability": 0.31392082572,
        "value": "jaz"
    },
    "ismir04_rhythm": {
        "all": {
            "ChaChaCha": 0.00891880318522,
            "Jive": 0.00289750588126,
            "Quickstep": 0.00966343004256,
            "Rumba-American": 0.00561574008316,
            "Rumba-International": 0.0145867560059,
            "Rumba-Misc": 0.0116883618757,
            "Samba": 0.00184529647231,
            "Tango": 0.0598505027592,
            "VienneseWaltz": 0.26403772831,
            "Waltz": 0.620895862579
        },
        "probability": 0.620895862579,
        "value": "Waltz"
    },
    "mood_acoustic": {
        "all": {
            "acoustic": 0.935142397881,
            "not_acoustic": 0.0648575872183
        },
        "probability": 0.935142397881,
        "value": "acoustic"
    },
    "mood_aggressive": {
        "all": {
            "aggressive": 0.0181654170156,
            "not_aggressive": 0.981834590435
        },
        "probability": 0.981834590435,
        "value": "not_aggressive"
    },
    "mood_electronic": {
        "all": {
            "electronic": 0.0840796679258,
            "not_electronic": 0.915920317173
        },
        "probability": 0.915920317173,
        "value": "not_electronic"
    },
    "mood_happy": {
        "all": {
            "happy": 0.275057524443,
            "not_happy": 0.72494250536
        },
        "probability": 0.72494250536,
        "value": "not_happy"
    },
    "mood_party": {
        "all": {
            "not_party": 0.990201771259,
            "party": 0.00979821197689
        },
        "probability": 0.990201771259,
        "value": "not_party"
    },
    "mood_relaxed": {
        "all": {
            "not_relaxed": 0.00799328181893,
            "relaxed": 0.992006719112
        },
        "probability": 0.992006719112,
        "value": "relaxed"
    },
    "mood_sad": {
        "all": {
            "not_sad": 0.489324629307,
            "sad": 0.510675370693
        },
        "probability": 0.510675370693,
        "value": "sad"
    },
    "moods_mirex": {
        "all": {
            "Cluster1": 0.118299543858,
            "Cluster2": 0.232559651136,
            "Cluster3": 0.44022205472,
            "Cluster4": 0.191744297743,
            "Cluster5": 0.0171744674444
        },
        "probability": 0.44022205472,
        "value": "Cluster3"
    },
    "timbre": {
        "all": {
            "bright": 0.771498262882,
            "dark": 0.228501737118
        },
        "probability": 0.771498262882,
        "value": "bright"
    },
    "tonal_atonal": {
        "all": {
            "atonal": 0.246184378862,
            "tonal": 0.75381565094
        },
        "probability": 0.75381565094,
        "value": "tonal"
    },
    "voice_instrumental": {
        "all": {
            "instrumental": 0.00142869935371,
            "voice": 0.998571276665
        },
        "probability": 0.998571276665,
        "value": "voice"
    }
},
"lowlevel": {
    "average_loudness": 0.870317518711,
    "barkbands_crest": {
        "dmean": 1.94281005859,
        "dmean2": 3.10326194763,
        "dvar": 3.03910207748,
        "dvar2": 7.70860099792,
        "max": 22.9878768921,
        "mean": 10.5740604401,
        "median": 10.0481777191,
        "min": 3.85895586014,
        "var": 13.0369415283
    },
    "barkbands_flatness_db": {
        "dmean": 0.0178325735033,
        "dmean2": 0.0265856590122,
        "dvar": 0.000356506585376,
        "dvar2": 0.00063560786657,
        "max": 0.426980316639,
        "mean": 0.229608118534,
        "median": 0.224502936006,
        "min": 0.0821834281087,
        "var": 0.0030412254855
    },
    "barkbands_kurtosis": {
        "dmean": 2.5255150795,
        "dmean2": 3.89012050629,
        "dvar": 21.2789783478,
        "dvar2": 49.5315628052,
        "max": 94.3438034058,
        "mean": 5.11076974869,
        "median": 2.32952642441,
        "min": -1.90018820763,
        "var": 82.8721160889
    },
    "barkbands_skewness": {
        "dmean": 0.408616095781,
        "dmean2": 0.602890729904,
        "dvar": 0.202220574021,
        "dvar2": 0.422856867313,
        "max": 8.43911838531,
        "mean": 1.3849811554,
        "median": 1.25244212151,
        "min": -0.869743287563,
        "var": 1.57068133354
    },
    "barkbands_spread": {
        "dmean": 2.59477806091,
        "dmean2": 3.65623044968,
        "dvar": 23.6586875916,
        "dvar2": 35.1378097534,
        "max": 73.4908447266,
        "mean": 12.2697076797,
        "median": 8.65238761902,
        "min": 0.874137341976,
        "var": 166.148605347
    },
    "dissonance": {
        "dmean": 0.0268424507231,
        "dmean2": 0.04481228441,
        "dvar": 0.000632505456451,
        "dvar2": 0.00168057030533,
        "max": 0.496555358171,
        "mean": 0.426902920008,
        "median": 0.433690786362,
        "min": 0.26876065135,
        "var": 0.00196239282377
    },
    "dynamic_complexity": 3.09306812286,
    "erbbands_crest": {
        "dmean": 2.41443824768,
        "dmean2": 3.80208683014,
        "dvar": 5.0137887001,
        "dvar2": 13.0554275513,
        "max": 29.4941711426,
        "mean": 12.3049440384,
        "median": 11.1679344177,
        "min": 3.62872743607,
        "var": 27.3179931641
    },
    "erbbands_flatness_db": {
        "dmean": 0.0147915799171,
        "dmean2": 0.0212562009692,
        "dvar": 0.000285749090835,
        "dvar2": 0.000474657310406,
        "max": 0.380660921335,
        "mean": 0.249298214912,
        "median": 0.252242773771,
        "min": 0.100377574563,
        "var": 0.0021479385905
    },
    "erbbands_kurtosis": {
        "dmean": 1.31513977051,
        "dmean2": 2.03923726082,
        "dvar": 3.80008840561,
        "dvar2": 8.89890766144,
        "max": 31.0719718933,
        "mean": 1.84511888027,
        "median": 0.762714624405,
        "min": -1.86541223526,
        "var": 15.3767747879
    },
    "erbbands_skewness": {
        "dmean": 0.357219696045,
        "dmean2": 0.532801151276,
        "dvar": 0.131081029773,
        "dvar2": 0.249192908406,
        "max": 5.16503810883,
        "mean": 0.55093318224,
        "median": 0.496659576893,
        "min": -3.93943119049,
        "var": 1.22270953655
    },
    "erbbands_spread": {
        "dmean": 4.89996147156,
        "dmean2": 7.2302107811,
        "dvar": 66.8092041016,
        "dvar2": 126.946929932,
        "max": 105.848442078,
        "mean": 23.1223087311,
        "median": 17.5482959747,
        "min": 2.36965036392,
        "var": 292.24597168
    },
    "hfc": {
        "dmean": 3.40886712074,
        "dmean2": 4.55135345459,
        "dvar": 26.8972797394,
        "dvar2": 44.1397094727,
        "max": 111.115608215,
        "mean": 16.8830127716,
        "median": 13.6280298233,
        "min": 0.415305584669,
        "var": 219.809356689
    },
    "melbands_crest": {
        "dmean": 2.37575483322,
        "dmean2": 3.90746641159,
        "dvar": 5.2370891571,
        "dvar2": 14.4949321747,
        "max": 28.1651058197,
        "mean": 12.7591209412,
        "median": 12.1730337143,
        "min": 4.64921474457,
        "var": 16.9173812866
    },
    "melbands_flatness_db": {
        "dmean": 0.0198715366423,
        "dmean2": 0.0275508873165,
        "dvar": 0.000541664252523,
        "dvar2": 0.000840378925204,
        "max": 0.546886563301,
        "mean": 0.286797076464,
        "median": 0.279537320137,
        "min": 0.0666566118598,
        "var": 0.00577282393351
    },
    "melbands_kurtosis": {
        "dmean": 3.6507806778,
        "dmean2": 5.45939350128,
        "dvar": 40.6774368286,
        "dvar2": 78.2160720825,
        "max": 150.330734253,
        "mean": 8.59787940979,
        "median": 5.10644721985,
        "min": -1.47457587719,
        "var": 159.903213501
    },
    "melbands_skewness": {
        "dmean": 0.440552800894,
        "dmean2": 0.664060175419,
        "dvar": 0.262084662914,
        "dvar2": 0.525009214878,
        "max": 9.14331912994,
        "mean": 1.9124815464,
        "median": 1.7967646122,
        "min": -0.689785480499,
        "var": 1.66211354733
    },
    "melbands_spread": {
        "dmean": 3.94508457184,
        "dmean2": 5.6217713356,
        "dvar": 58.4359283447,
        "dvar2": 92.2774658203,
        "max": 143.583175659,
        "mean": 16.17852211,
        "median": 11.549279213,
        "min": 1.01211166382,
        "var": 339.660614014
    },
    "pitch_salience": {
        "dmean": 0.0507574565709,
        "dmean2": 0.0805954709649,
        "dvar": 0.00214440515265,
        "dvar2": 0.00540848588571,
        "max": 0.830501377583,
        "mean": 0.564668536186,
        "median": 0.563263356686,
        "min": 0.233691051602,
        "var": 0.0114952949807
    },
    "silence_rate_20dB": {
        "dmean": 0,
        "dmean2": 0,
        "dvar": 0,
        "dvar2": 0,
        "max": 1,
        "mean": 1,
        "median": 1,
        "min": 1,
        "var": 0
    },
    "silence_rate_30dB": {
        "dmean": 0.00154798757285,
        "dmean2": 0.00309837330133,
        "dvar": 0.00154558871873,
        "dvar2": 0.00308876018971,
        "max": 1,
        "mean": 0.997679829597,
        "median": 1,
        "min": 0,
        "var": 0.00231482367963
    },
    "silence_rate_60dB": {
        "dmean": 0.0131578948349,
        "dmean2": 0.0255615804344,
        "dvar": 0.0129847684875,
        "dvar2": 0.0326541736722,
        "max": 1,
        "mean": 0.0317092016339,
        "median": 0,
        "min": 0,
        "var": 0.0307036489248
    },
    "spectral_centroid": {
        "dmean": 130.880340576,
        "dmean2": 177.67388916,
        "dvar": 59366.8671875,
        "dvar2": 79347.1328125,
        "max": 4066.15161133,
        "mean": 832.097961426,
        "median": 652.525024414,
        "min": 172.815261841,
        "var": 452950.65625
    },
    "spectral_complexity": {
        "dmean": 1.80804955959,
        "dmean2": 2.85592556,
        "dvar": 4.02658748627,
        "dvar2": 7.57796907425,
        "max": 38,
        "mean": 13.8136119843,
        "median": 14,
        "min": 2,
        "var": 33.6644134521
    },
    "spectral_decrease": {
        "dmean": 1.25223620362e-09,
        "dmean2": 1.80763237712e-09,
        "dvar": 2.47937214291e-18,
        "dvar2": 4.71399022797e-18,
        "max": -2.57342702703e-10,
        "mean": -6.26253982006e-09,
        "median": -5.58689983166e-09,
        "min": -3.02434592925e-08,
        "var": 2.00633170427e-17
    },
    "spectral_energy": {
        "dmean": 0.0049532414414,
        "dmean2": 0.00713195232674,
        "dvar": 3.87404652429e-05,
        "dvar2": 7.31215332053e-05,
        "max": 0.120545729995,
        "mean": 0.0251675955951,
        "median": 0.0222209636122,
        "min": 0.00118558411486,
        "var": 0.000320030347211
    },
    "spectral_energyband_high": {
        "dmean": 0.000159617717145,
        "dmean2": 0.000203510135179,
        "dvar": 4.79217533211e-07,
        "dvar2": 8.14477232325e-07,
        "max": 0.015794551,
        "mean": 0.000408009247622,
        "median": 3.23242238665e-05,
        "min": 3.42540076304e-08,
        "var": 2.51948154073e-06
    },
    "spectral_energyband_low": {
        "dmean": 0.000621426093858,
        "dmean2": 0.00102944485843,
        "dvar": 6.84415056185e-07,
        "dvar2": 1.93642517843e-06,
        "max": 0.0149360662326,
        "mean": 0.00238926243037,
        "median": 0.00151194503997,
        "min": 1.1806441762e-05,
        "var": 7.56228519094e-06
    },
    "spectral_energyband_middle_high": {
        "dmean": 0.00127588398755,
        "dmean2": 0.00173599808477,
        "dvar": 4.30776799476e-06,
        "dvar2": 7.81800281402e-06,
        "max": 0.0328618846834,
        "mean": 0.00548470346257,
        "median": 0.0027577066794,
        "min": 1.23235213323e-05,
        "var": 3.91037101508e-05
    },
    "spectral_energyband_middle_low": {
        "dmean": 0.00458229752257,
        "dmean2": 0.00673227058724,
        "dvar": 3.32445415552e-05,
        "dvar2": 6.59198485664e-05,
        "max": 0.109718650579,
        "mean": 0.0184494722635,
        "median": 0.0151789197698,
        "min": 0.000575202633627,
        "var": 0.000204575771932
    },
    "spectral_entropy": {
        "dmean": 0.156292557716,
        "dmean2": 0.221282839775,
        "dvar": 0.0359658896923,
        "dvar2": 0.0544627308846,
        "max": 8.43747806549,
        "mean": 6.60798835754,
        "median": 6.58499479294,
        "min": 4.86029529572,
        "var": 0.317516297102
    },
    "spectral_flux": {
        "dmean": 0.0147484550253,
        "dmean2": 0.0230680704117,
        "dvar": 0.000282885215711,
        "dvar2": 0.000627161294688,
        "max": 0.236397042871,
        "mean": 0.056114256382,
        "median": 0.0500040724874,
        "min": 0.00632353173569,
        "var": 0.000999183161184
    },
    "spectral_kurtosis": {
        "dmean": 6.27543878555,
        "dmean2": 10.4739217758,
        "dvar": 62.2878112793,
        "dvar2": 148.648788452,
        "max": 105.667915344,
        "mean": 16.4750766754,
        "median": 12.6028738022,
        "min": -0.376640081406,
        "var": 222.409118652
    },
    "spectral_rms": {
        "dmean": 0.000481544353534,
        "dmean2": 0.000697376264725,
        "dvar": 2.77710967111e-07,
        "dvar2": 5.45195234736e-07,
        "max": 0.0108446106315,
        "mean": 0.00463361712173,
        "median": 0.00465606991202,
        "min": 0.00107548467349,
        "var": 3.08335256705e-06
    },
    "spectral_rolloff": {
        "dmean": 231.164505005,
        "dmean2": 395.869934082,
        "dvar": 373904,
        "dvar2": 707255.0625,
        "max": 9194.67773438,
        "mean": 1118.38000488,
        "median": 753.662109375,
        "min": 172.265625,
        "var": 1492637.125
    },
    "spectral_skewness": {
        "dmean": 0.493400454521,
        "dmean2": 0.789067983627,
        "dvar": 0.269404172897,
        "dvar2": 0.586066365242,
        "max": 8.09145355225,
        "mean": 2.76125192642,
        "median": 2.67205619812,
        "min": 0.011598658748,
        "var": 1.65896940231
    },
    "spectral_spread": {
        "dmean": 340286.53125,
        "dmean2": 505092.90625,
        "dvar": 352422756352,
        "dvar2": 467837878272,
        "max": 14017834,
        "mean": 2685564,
        "median": 2448562.25,
        "min": 719459.125,
        "var": 1.43992343757e+12
    },
    "spectral_strongpeak": {
        "dmean": 0.514890789986,
        "dmean2": 0.832287490368,
        "dvar": 0.598590314388,
        "dvar2": 1.46916174889,
        "max": 7.55886554718,
        "mean": 1.54636180401,
        "median": 0.876116096973,
        "min": 0.0488875210285,
        "var": 2.40821671486
    },
    "zerocrossingrate": {
        "dmean": 0.00545499334112,
        "dmean2": 0.00575120421126,
        "dvar": 9.51282854658e-05,
        "dvar2": 6.40555736027e-05,
        "max": 0.22900390625,
        "mean": 0.0389386340976,
        "median": 0.03173828125,
        "min": 0.00439453125,
        "var": 0.00102209823672
    },
    "barkbands": {
        "dmean": [5.0399517022e-06, 0.000166628422448, 0.000290633819532, 0.000711141794454, 0.00177412631456, 0.00176299375016, 0.00121680286247, 0.000621933315415, 0.000769971578848, 0.000573352270294, 0.000222386865062, 0.000427084480179, 0.000254717044299, 0.000293461198453, 7.29583043722e-05, 7.7107353718e-05, 0.000124453188619, 7.42147312849e-05, 4.09553467762e-05, 6.92198664183e-05, 7.8303492046e-05, 3.72718350263e-05, 1.96847140614e-05, 1.75064415089e-05, 1.15137554531e-05, 1.5035323031e-06, 4.73130201684e-09],
        "dmean2": [8.61582429934e-06, 0.000265969487373, 0.000462870870251, 0.00120649114251, 0.00282125128433, 0.00258870935068, 0.00191147706937, 0.000842541921884, 0.00107429805212, 0.000770609709434, 0.000309378519887, 0.000595137767959, 0.000382379628718, 0.000452259089798, 0.000107033411041, 0.000111623317935, 0.000179266862688, 0.000104212260339, 6.01576721238e-05, 0.000108329026261, 0.00010824202036, 5.03739138367e-05, 2.6472409445e-05, 2.27887248911e-05, 1.50483228936e-05, 1.93940741156e-06, 5.62262369996e-09],
        "dvar": [6.88025261764e-11, 8.67081197953e-08, 1.58760229851e-07, 1.42117175983e-06, 8.40866232465e-06, 7.05106504029e-06, 4.56791212855e-06, 7.03764590071e-06, 4.51164942206e-06, 2.09461222767e-06, 4.16105251588e-07, 9.46946443037e-07, 7.28383156456e-07, 4.82132065827e-07, 5.58246000537e-08, 7.3856391225e-08, 9.7411074762e-08, 4.1673583695e-08, 1.03533119855e-08, 1.13799501378e-07, 1.22593505125e-07, 2.85564745184e-08, 1.07727187171e-08, 9.54476497839e-09, 1.08365645346e-08, 5.91083362811e-11, 1.60280182139e-14],
        "dvar2": [1.40706918339e-10, 2.19043570837e-07, 4.32324611666e-07, 4.44326224169e-06, 2.146456427e-05, 1.49268562382e-05, 9.56935127761e-06, 1.30024818645e-05, 8.88700833457e-06, 3.65398636859e-06, 7.12130486136e-07, 1.79001426659e-06, 1.57971464887e-06, 1.07780113012e-06, 1.12408081065e-07, 1.46792231703e-07, 1.93963956008e-07, 8.21047194677e-08, 2.10819255386e-08, 3.22742835124e-07, 2.25734453352e-07, 5.71820955031e-08, 2.25595648828e-08, 1.29432269347e-08, 2.44876741107e-08, 8.96782231807e-11, 1.60498547232e-14],
        "max": [0.000178267160663, 0.0108356205747, 0.00434855138883, 0.0142565406859, 0.0376959405839, 0.0343430005014, 0.0595239661634, 0.0924156159163, 0.0426432043314, 0.028056235984, 0.0145171955228, 0.0179584175348, 0.0145375877619, 0.0145248323679, 0.00530487671494, 0.00738630397245, 0.00706287426874, 0.00502387527376, 0.00202167406678, 0.00786607526243, 0.0059745372273, 0.00427108118311, 0.0034465927165, 0.00267452723347, 0.00339213968255, 0.000200769820367, 4.54886367152e-06],
        "mean": [5.50241202291e-06, 0.00094717607135, 0.000762252544519, 0.00155189528596, 0.00413950206712, 0.00514834886417, 0.00274503673427, 0.00133916386403, 0.00209091743454, 0.00187764980365, 0.0005110729835, 0.00125874718651, 0.000552572251763, 0.000931931019295, 0.000143055542139, 0.000129258842207, 0.000348614674294, 0.000136957212817, 8.14080849523e-05, 0.00011968146282, 0.000169695893419, 8.02065769676e-05, 3.84451523132e-05, 3.53014474967e-05, 1.98375801119e-05, 3.39503571922e-06, 4.51899451193e-09],
        "median": [3.04445643451e-06, 0.000260537228314, 0.000449642539024, 0.000929826288484, 0.00245091598481, 0.00382228172384, 0.00161605968606, 0.000185932251043, 0.000337957637385, 0.000203569390578, 0.000152341715875, 0.000248412368819, 0.000107300074887, 0.000122161392937, 4.02413970733e-05, 3.40994702128e-05, 4.54811088275e-05, 3.686367927e-05, 2.30170444411e-05, 1.0836913134e-05, 4.74983153254e-06, 8.22153833724e-06, 4.63185961053e-06, 1.31952867832e-06, 1.20321305985e-06, 1.65298601473e-07, 3.09592879111e-10],
        "min": [2.00486809376e-08, 2.57329077158e-07, 6.16178056134e-07, 5.33429374627e-06, 1.28640967887e-05, 4.03658668802e-05, 5.94481980443e-06, 9.37609001994e-07, 2.28009048442e-06, 5.70893234908e-07, 6.74772365983e-07, 9.41962184697e-07, 7.11133907316e-07, 1.99953191782e-07, 4.57174316182e-08, 5.33761408406e-08, 1.74348322446e-08, 4.21597761147e-08, 9.13512376854e-09, 1.84247408441e-08, 7.6259798476e-09, 3.35874439372e-09, 1.42242984058e-09, 1.31492511324e-10, 2.25905560924e-09, 6.61558793857e-11, 2.1259764782e-11],
        "var": [7.52123086034e-11, 3.49424385604e-06, 7.60216892104e-07, 3.0372434594e-06, 2.28658773267e-05, 2.22547387239e-05, 2.16245789488e-05, 2.69322245003e-05, 2.59364387603e-05, 2.06561180676e-05, 1.60802187565e-06, 6.63891887598e-06, 1.91301978703e-06, 3.6002716115e-06, 1.15285438085e-07, 1.76241158556e-07, 6.64535207306e-07, 1.18064100718e-07, 3.40133894383e-08, 1.87867144064e-07, 4.80137202885e-07, 1.14635518855e-07, 3.35408394392e-08, 3.56287479519e-08, 1.55264281432e-08, 2.44422204698e-10, 1.6017584462e-14]
    },
    "erbbands": {
        "dmean": [0.00127059931401, 0.0496394634247, 0.274883598089, 1.31971883774, 3.66449284554, 7.95391702652, 11.954823494, 13.0550355911, 18.4036865234, 12.0048980713, 13.5720300674, 15.7393846512, 23.827287674, 6.88993120193, 10.0792760849, 17.6952457428, 11.3366241455, 14.7701463699, 5.48558187485, 4.11979007721, 4.19659948349, 6.28160619736, 4.45389890671, 1.66272294521, 2.35742020607, 3.60758471489, 3.04453253746, 3.12449193001, 1.54687392712, 0.700088024139, 0.500788390636, 0.426381200552, 0.247959166765, 0.186923161149, 0.0495352260768, 0.0105556724593, 0.00234416453168, 0.000166333440575, 6.33391391602e-06, 5.90142735746e-06],
        "dmean2": [0.00204231287353, 0.0796729773283, 0.439196884632, 2.22790789604, 5.9625620842, 12.560634613, 17.4731082916, 19.9496803284, 30.0165576935, 17.0555114746, 18.4113178253, 21.8596000671, 32.5705299377, 9.81999874115, 13.345749855, 24.7284526825, 16.6227550507, 22.5161495209, 8.22924518585, 6.15639686584, 5.82077980042, 8.96751308441, 6.44600534439, 2.36008405685, 3.45174026489, 5.57661867142, 4.49783325195, 4.52073907852, 2.06307125092, 0.910817682743, 0.667991697788, 0.559571027756, 0.286150097847, 0.261757433414, 0.0612758994102, 0.0136110614985, 0.00327478488907, 0.000239737433731, 8.16319970909e-06, 8.29990312923e-06],
        "dvar": [4.40097619503e-06, 0.00757387047634, 0.148488402367, 4.2637052536, 39.0889549255, 168.515472412, 377.017303467, 558.04095459, 710.222412109, 1025.10314941, 4582.51904297, 1574.1496582, 3252.10522461, 315.513427734, 879.74420166, 1998.99438477, 1098.54003906, 1254.12011719, 161.979858398, 155.672561646, 238.155044556, 243.168930054, 157.427734375, 14.7851896286, 49.0214614868, 350.07989502, 169.734558105, 199.634613037, 48.063205719, 10.7441968918, 6.38196372986, 5.54481267929, 1.88920271397, 3.63858127594, 0.0923095345497, 0.00319876498543, 0.000173425520188, 6.74632417486e-07, 6.86924350735e-10, 5.54868824498e-11],
        "dvar2": [1.06406032501e-05, 0.0193427056074, 0.416137307882, 13.1976222992, 95.2820281982, 469.266174316, 858.075744629, 1254.41247559, 1844.12341309, 1924.51281738, 7885.32128906, 3254.86865234, 6100.65625, 537.557922363, 1524.04528809, 3936.59130859, 2355.09985352, 2687.21899414, 364.130249023, 311.572937012, 478.588653564, 476.226806641, 322.523651123, 27.1074981689, 97.9308395386, 1009.11590576, 381.074493408, 352.006774902, 90.1819000244, 18.7454185486, 13.2487726212, 8.55055904388, 2.52363014221, 8.84622478485, 0.154170095921, 0.00459195254371, 0.000322591367876, 1.42473595588e-06, 9.18965958885e-10, 1.01756145177e-10],
        "max": [0.0725312381983, 3.08237481117, 7.05783081055, 26.8388690948, 90.5539474487, 134.130889893, 323.500061035, 381.064239502, 405.719390869, 842.266784668, 2562.40649414, 687.359313965, 1062.18078613, 591.602355957, 913.184387207, 880.542114258, 691.444213867, 841.451171875, 299.469940186, 295.439666748, 427.733062744, 333.43170166, 354.433959961, 66.5552825928, 174.465957642, 443.049377441, 240.628372192, 254.478271484, 157.144943237, 123.875740051, 77.4889602661, 62.5175323486, 44.1319236755, 60.0708999634, 9.86278247833, 1.28326237202, 0.343982219696, 0.019699042663, 0.000703292957041, 0.000137380775413],
        "mean": [0.00717074703425, 0.27676564455, 0.973129630089, 3.09401535988, 8.11962890625, 17.7354240417, 30.5295314789, 36.7417182922, 43.2950286865, 28.5022907257, 37.1237297058, 45.74974823, 78.8898849487, 20.7541809082, 28.725151062, 52.5847473145, 29.0895690918, 46.2654037476, 16.8852310181, 8.63624095917, 9.51902103424, 18.0353946686, 10.1799764633, 3.84644317627, 4.83332252502, 6.02611207962, 5.96717357635, 6.59395217896, 3.23663973808, 1.5659211874, 1.03263103962, 0.858841001987, 0.47063973546, 0.299341648817, 0.0955677777529, 0.025520561263, 0.00454219803214, 0.00026250994415, 2.07560606214e-05, 3.00980846077e-05],
        "median": [0.0019528476987, 0.0822463557124, 0.528248608112, 2.04334878922, 4.71785259247, 11.0663909912, 20.6988754272, 26.4430770874, 29.3461837769, 11.6745300293, 5.88147544861, 8.85211753845, 8.76460647583, 7.81524515152, 8.05643177032, 9.06769657135, 7.71469163895, 7.74024820328, 3.87161898613, 3.45427417755, 2.07349300385, 2.58165693283, 2.55572772026, 1.19894719124, 0.93796736002, 0.59238255024, 0.214386865497, 0.238124743104, 0.291483312845, 0.21838863194, 0.114016443491, 0.0400400198996, 0.0221496112645, 0.016823200509, 0.00558736966923, 0.00145627895836, 0.000263031834038, 1.79814887815e-05, 1.34552437885e-05, 2.7211581255e-05],
        "min": [3.26465669787e-05, 0.000221447538934, 0.002379743848, 0.0205670036376, 0.0290135201067, 0.0975575745106, 0.286473929882, 0.326947331429, 0.17470356822, 0.228265196085, 0.0840671658516, 0.0778618827462, 0.0239036753774, 0.0272782649845, 0.047639079392, 0.0688487142324, 0.0364520959556, 0.0132785486057, 0.00479956623167, 0.00277446792461, 0.00279383221641, 0.00124701263849, 0.00261822761968, 0.00112485710997, 0.00066121382406, 0.000704134639818, 0.00052739540115, 0.000213193154195, 9.5324969152e-05, 0.000111359040602, 4.32645829278e-05, 4.51668456662e-05, 5.06047617819e-05, 2.40845874941e-05, 1.72894724528e-05, 8.91161653271e-06, 2.49414188147e-06, 2.07918034789e-07, 8.94353661351e-07, 1.66180336691e-06],
        "var": [0.000160548297572, 0.28216829896, 1.6505061388, 9.41307735443, 89.4671707153, 413.003875732, 1048.50878906, 1458.44824219, 2464.41308594, 4361.15332031, 27821.1445312, 10477.3710938, 30595.4003906, 2001.54040527, 3849.89916992, 14053.8564453, 3648.2277832, 7538.69433594, 1060.17626953, 375.959960938, 749.615600586, 1748.95324707, 562.552307129, 51.123374939, 175.236557007, 513.810058594, 539.883483887, 782.888671875, 185.359512329, 56.1658935547, 21.3806762695, 20.1742095947, 6.47678375244, 4.31277608871, 0.238437354565, 0.0132527314126, 0.000511991791427, 1.57272666002e-06, 1.61416691125e-09, 4.4627784801e-10]
    },
    "gfcc": {
        "mean": [-67.3744812012, 151.458206177, -128.346221924, 8.5979347229, -68.4232559204, -7.09303951263, -45.2432556152, -13.7204799652, -27.8551578522, -10.3021278381, -8.13622665405, -4.99804973602, -7.3116850853],
        "cov": [[5371.95166016, -1626.08325195, -1099.77258301, 455.128234863, -234.824905396, 655.661499023, -188.422149658, 175.414505005, 82.0928344727, 130.413391113, -94.3473205566, 150.172714233, -288.307342529], [-1626.08325195, 1787.90515137, 94.8496932983, -661.02154541, 619.533874512, -110.140708923, 252.395462036, -70.0335693359, 180.846923828, -223.338699341, 109.693061829, -71.1504669189, 19.2895317078], [-1099.77258301, 94.8496932983, 781.001220703, 64.8640289307, -45.3500022888, 98.6121368408, 193.997467041, 34.8835487366, -115.193023682, 175.771499634, -10.2613430023, -29.7673721313, 44.2989654541], [455.128234863, -661.02154541, 64.8640289307, 573.889892578, -135.882202148, -6.50578165054, -36.949092865, 57.5851516724, -74.6052398682, 91.5101852417, -11.01836586, 27.3487510681, 32.5032958984], [-234.824905396, 619.533874512, -45.3500022888, -135.882202148, 417.704620361, 75.5610275269, 106.918357849, 29.114982605, 85.0405960083, -61.9373435974, 43.3601913452, -8.98655128479, -27.7141456604], [655.661499023, -110.140708923, 98.6121368408, -6.50578165054, 75.5610275269, 449.685424805, 119.743591309, 53.7488021851, 30.9430561066, 130.97467041, -21.1758899689, 9.83606529236, -77.8405609131], [-188.422149658, 252.395462036, 193.997467041, -36.949092865, 106.918357849, 119.743591309, 261.234436035, 59.8174476624, -24.5808029175, 40.5123672485, -4.25497341156, -14.2701778412, -5.97386169434], [175.414505005, -70.0335693359, 34.8835487366, 57.5851516724, 29.114982605, 53.7488021851, 59.8174476624, 146.258956909, 16.1844120026, 12.8372325897, -4.45531511307, 4.09117078781, -16.8274440765], [82.0928344727, 180.846923828, -115.193023682, -74.6052398682, 85.0405960083, 30.9430561066, -24.5808029175, 16.1844120026, 163.254867554, -25.3349208832, 9.44768619537, 0.990064203739, -10.4901599884], [130.413391113, -223.338699341, 175.771499634, 91.5101852417, -61.9373435974, 130.97467041, 40.5123672485, 12.8372325897, -25.3349208832, 181.174453735, -10.7328233719, -9.0685043335, -14.7531290054], [-94.3473205566, 109.693061829, -10.2613430023, -11.01836586, 43.3601913452, -21.1758899689, -4.25497341156, -4.45531511307, 9.44768619537, -10.7328233719, 86.8360824585, 15.6177272797, -14.8907384872], [150.172714233, -71.1504669189, -29.7673721313, 27.3487510681, -8.98655128479, 9.83606529236, -14.2701778412, 4.09117078781, 0.990064203739, -9.0685043335, 15.6177272797, 74.0203933716, 8.75223731995], [-288.307342529, 19.2895317078, 44.2989654541, 32.5032958984, -27.7141456604, -77.8405609131, -5.97386169434, -16.8274440765, -10.4901599884, -14.7531290054, -14.8907384872, 8.75223731995, 117.95791626]],
        "icov": [[0.00083917909069, 1.5673438611e-05, 0.00155649881344, -0.000495981425047, 0.000540897191968, -0.00119994045235, -4.70146078442e-05, -0.000654523377307, 0.000370126683265, -0.000616457604337, 0.000631321570836, -0.000951593916398, 0.000946252606809], [1.5673438611e-05, 0.00977002643049, -0.00343261705711, 0.00640908116475, -0.00930146593601, 0.00378532335162, -0.0066793304868, 0.00577770872042, -0.00664919661358, 0.00605887267739, -0.00614105351269, 0.00475873053074, -0.00219960929826], [0.00155649881344, -0.00343261705711, 0.00639553321525, -0.00298980460502, 0.00440604798496, -0.00343547319062, 0.000982282916084, -0.0035394502338, 0.00413682311773, -0.0053080599755, 0.00288141169585, -0.00288130901754, 0.00138214672916], [-0.000495981425047, 0.00640908116475, -0.00298980460502, 0.00691062910482, -0.00621227361262, 0.00340196024626, -0.00375866075046, 0.00277495849878, -0.00354069238529, 0.00288978917524, -0.00449960911646, 0.00300822569989, -0.00279550603591], [0.000540897191968, -0.00930146593601, 0.00440604798496, -0.00621227361262, 0.0130425682291, -0.00510096596554, 0.00464698206633, -0.00591748347506, 0.00501179601997, -0.004498956725, 0.00439129164442, -0.00435672746971, 0.00275020953268], [-0.00119994045235, 0.00378532335162, -0.00343547319062, 0.00340196024626, -0.00510096596554, 0.00735529744998, -0.00379399792291, 0.00294241076335, -0.00395116070285, 0.000151497282786, -0.00153479201254, 0.0013320131693, 5.88234506722e-05], [-4.70146078442e-05, -0.0066793304868, 0.000982282916084, -0.00375866075046, 0.00464698206633, -0.00379399792291, 0.0113768065348, -0.00612746458501, 0.00620708242059, -0.00396858807653, 0.00443958630785, -0.00253417505883, 0.000738466624171], [-0.000654523377307, 0.00577770872042, -0.0035394502338, 0.00277495849878, -0.00591748347506, 0.00294241076335, -0.00612746458501, 0.0127329248935, -0.00603639148176, 0.00500592356548, -0.00337821338326, 0.00290141440928, -0.000474942993606], [0.000370126683265, -0.00664919661358, 0.00413682311773, -0.00354069238529, 0.00501179601997, -0.00395116070285, 0.00620708242059, -0.00603639148176, 0.013323802501, -0.00508101657033, 0.00399969564751, -0.00323785142973, 0.00073197617894], [-0.000616457604337, 0.00605887267739, -0.0053080599755, 0.00288978917524, -0.004498956725, 0.000151497282786, -0.00396858807653, 0.00500592356548, -0.00508101657033, 0.0151620302349, -0.0050121890381, 0.00540490215644, -0.00133356603328], [0.000631321570836, -0.00614105351269, 0.00288141169585, -0.00449960911646, 0.00439129164442, -0.00153479201254, 0.00443958630785, -0.00337821338326, 0.00399969564751, -0.0050121890381, 0.018416967243, -0.00773863820359, 0.00509480386972], [-0.000951593916398, 0.00475873053074, -0.00288130901754, 0.00300822569989, -0.00435672746971, 0.0013320131693, -0.00253417505883, 0.00290141440928, -0.00323785142973, 0.00540490215644, -0.00773863820359, 0.0192871019244, -0.00472984695807], [0.000946252606809, -0.00219960929826, 0.00138214672916, -0.00279550603591, 0.00275020953268, 5.88234506722e-05, 0.000738466624171, -0.000474942993606, 0.00073197617894, -0.00133356603328, 0.00509480386972, -0.00472984695807, 0.0129483547062]]
    },
    "melbands": {
        "dmean": [2.7341515306e-05, 0.000117426170618, 0.000272690900601, 0.000439661758719, 0.000361556187272, 0.000311282230541, 0.000266260060016, 0.000126945917145, 0.000117139978101, 0.000106497944216, 0.000119208481919, 2.85959195025e-05, 2.92933855235e-05, 4.02794285037e-05, 4.29268766311e-05, 2.17348369915e-05, 3.15797187795e-05, 1.21049979498e-05, 6.87363990437e-06, 5.41459030501e-06, 5.27271140527e-06, 7.45439820093e-06, 6.10145798419e-06, 2.44396369453e-06, 1.38589041399e-06, 1.56002204221e-06, 2.18096806748e-06, 2.72175884675e-06, 1.89007016616e-06, 2.30599380302e-06, 1.86491411114e-06, 1.05834647002e-06, 4.64320947913e-07, 4.29368213872e-07, 3.45648118127e-07, 2.33416685091e-07, 3.15354952818e-07, 2.12990869386e-07, 1.30586698788e-07, 1.77232863052e-07],
        "dmean2": [4.37845847046e-05, 0.000189308222616, 0.000455890898593, 0.000711321190465, 0.00053204264259, 0.000476611196063, 0.00042595519335, 0.000179977025255, 0.000158149836352, 0.000150305058924, 0.000163284086739, 4.09113563364e-05, 3.9028320316e-05, 5.5249696743e-05, 6.38869241811e-05, 3.20994804497e-05, 4.81097995362e-05, 1.75215463969e-05, 1.02021103885e-05, 8.21387311589e-06, 7.3855003393e-06, 1.06586703623e-05, 9.07421963348e-06, 3.761332664e-06, 2.00166277864e-06, 2.34167532653e-06, 3.22959181176e-06, 4.43577391707e-06, 3.00252759189e-06, 3.23377230416e-06, 2.80041308542e-06, 1.49780510128e-06, 5.78480921831e-07, 5.75558203764e-07, 4.82678103708e-07, 3.41101781487e-07, 4.27061706887e-07, 2.48071927444e-07, 1.81053451342e-07, 2.50055649076e-07],
        "dvar": [2.29468977153e-09, 2.9653421052e-08, 1.79803066658e-07, 5.89616718116e-07, 3.09898723572e-07, 2.52699948078e-07, 1.66881989117e-07, 1.21209453141e-07, 3.42620978699e-07, 6.91713282208e-08, 8.18541323611e-08, 5.63509372498e-09, 6.50024922777e-09, 8.22607493234e-09, 1.63256892449e-08, 3.90186727373e-09, 6.03482241956e-09, 9.29340104872e-10, 5.4623189305e-10, 3.95358856764e-10, 3.44352185655e-10, 3.78938241896e-10, 2.51376530702e-10, 5.8131530839e-11, 1.25033967555e-11, 2.12340492411e-11, 4.74177884457e-11, 2.55490628653e-10, 7.14758321974e-11, 1.11715012241e-10, 7.18341428008e-11, 2.60728730272e-11, 3.57309364388e-12, 4.90430395947e-12, 3.77979895647e-12, 1.54275821718e-12, 3.18602414416e-12, 1.35281770595e-12, 1.02481380587e-12, 3.18113374184e-12],
        "dvar2": [5.63739233073e-09, 8.0442831063e-08, 5.32350043159e-07, 1.5380047671e-06, 7.10986682861e-07, 5.53632332867e-07, 3.90719350207e-07, 2.36293757894e-07, 5.63324931591e-07, 1.50632232021e-07, 1.53199323449e-07, 9.43138367404e-09, 1.10891633653e-08, 1.40556268846e-08, 3.44787025597e-08, 8.79061889947e-09, 1.28985551129e-08, 2.00763383695e-09, 1.15470577544e-09, 8.28933421904e-10, 6.98208380001e-10, 7.53138496012e-10, 5.26840848725e-10, 1.28805979771e-10, 2.38896853688e-11, 4.60994090123e-11, 1.04253231048e-10, 7.65926877477e-10, 1.86072574015e-10, 2.16873033421e-10, 1.41148107091e-10, 5.61475449468e-11, 5.20974973231e-12, 9.70834090203e-12, 8.78265429133e-12, 3.39684205243e-12, 5.13726648027e-12, 1.97835628088e-12, 2.2306199856e-12, 7.79277857521e-12],
        "max": [0.00178990152199, 0.00415873760357, 0.00498588709161, 0.0103370007128, 0.00873314775527, 0.00736154802144, 0.00897786300629, 0.00739367119968, 0.0210047475994, 0.00495191244408, 0.00534116989002, 0.00250057992525, 0.00224580173381, 0.00180602970067, 0.00279354536906, 0.00110185262747, 0.00188424694352, 0.000760123832151, 0.000573201803491, 0.000467240693979, 0.00042780363583, 0.000434594025137, 0.000266987190116, 0.000194982014364, 6.55036055832e-05, 0.000100966994069, 0.000165880497661, 0.000373982620658, 0.000166920071933, 0.000193560219486, 0.000144648613059, 0.000107606399979, 5.92974902247e-05, 7.60529364925e-05, 6.15668468527e-05, 2.59171356447e-05, 4.32636443293e-05, 3.95989336539e-05, 3.21903644362e-05, 5.55694641662e-05],
        "mean": [0.00016222569684, 0.000476786546642, 0.000647121341899, 0.000980017590337, 0.000966463645454, 0.00090380461188, 0.000642334751319, 0.000280779669993, 0.000332766881911, 0.00029564354918, 0.000392160494812, 7.63041171012e-05, 7.51662810217e-05, 0.000124690326629, 0.000113194415462, 5.01820468344e-05, 9.81443008641e-05, 3.47776258423e-05, 1.34932015499e-05, 9.31433169171e-06, 1.15384691526e-05, 2.030208816e-05, 1.49886909639e-05, 4.83091071146e-06, 2.80058202407e-06, 2.99212797472e-06, 4.11180553783e-06, 3.89366414311e-06, 3.21209154208e-06, 4.4214252739e-06, 3.64004358744e-06, 2.00997033062e-06, 1.00920249224e-06, 8.26781786145e-07, 6.50654840229e-07, 4.28908407457e-07, 5.84348128996e-07, 3.73781432472e-07, 2.22407336992e-07, 2.6417038157e-07],
        "median": [4.41747324658e-05, 0.000233372062212, 0.000435168883996, 0.000578867737204, 0.000686742772814, 0.000690894550644, 0.000426977407187, 9.81897028396e-05, 4.07645675295e-05, 5.1428884035e-05, 3.67997818103e-05, 2.74401481875e-05, 1.95803786482e-05, 2.85347468889e-05, 1.83354823093e-05, 9.90124863165e-06, 1.25292372104e-05, 4.87641773361e-06, 3.96148152504e-06, 3.03213755615e-06, 2.00534918804e-06, 2.78840252577e-06, 2.27751343118e-06, 1.4609339587e-06, 7.71762643126e-07, 7.11812390364e-07, 5.27140628037e-07, 2.73510806892e-07, 1.08272985244e-07, 8.91024711791e-08, 1.40300613793e-07, 1.6098780975e-07, 1.04771046949e-07, 1.18665944626e-07, 6.78470968296e-08, 3.12792707291e-08, 1.59624757856e-08, 1.3927095921e-08, 1.37006939127e-08, 1.27903048153e-08],
