{
"highlevel": {
    "danceability": {
        "all": {
            "danceable": 0.0743843689561,
            "not_danceable": 0.925615608692
        },
        "probability": 0.925615608692,
        "value": "not_danceable"
    },
    "gender": {
        "all": {
            "female": 0.454455554485,
            "male": 0.545544445515
        },
        "probability": 0.545544445515,
        "value": "male"
    },
    "genre_dortmund": {
        "all": {
            "alternative": 0.328525006771,
            "blues": 0.0595309659839,
            "electronic": 0.067092269659,
            "folkcountry": 0.0713016688824,
            "funksoulrnb": 0.0089643932879,
            "jazz": 0.0631436854601,
            "pop": 0.0453617684543,
            "raphiphop": 0.00320733175613,
            "rock": 0.352872937918
        },
        "probability": 0.352872937918,
        "value": "rock"
    },
    "genre_electronic": {
        "all": {
            "ambient": 0.357167392969,
            "dnb": 0.164817377925,
            "house": 0.139362305403,
            "techno": 0.0241116341203,
            "trance": 0.31454128027
        },
        "probability": 0.357167392969,
        "value": "ambient"
    },
    "genre_rosamerica": {
        "all": {
            "cla": 0.0222885198891,
            "dan": 0.0204470083117,
            "hip": 0.00463217729703,
            "jaz": 0.0100688375533,
            "pop": 0.112126193941,
            "rhy": 0.0121933771297,
            "roc": 0.810096025467,
            "spe": 0.00814786646515
        },
        "probability": 0.810096025467,
        "value": "roc"
    },
    "genre_tzanetakis": {
        "all": {
            "blu": 0.0626613423228,
            "cla": 0.0348169617355,
            "cou": 0.104475811124,
            "dis": 0.0784321576357,
            "hip": 0.15692435205,
            "jaz": 0.313974827528,
            "met": 0.0448166541755,
            "pop": 0.0627359300852,
            "reg": 0.0627360641956,
            "roc": 0.0784258767962
        },
        "probability": 0.313974827528,
        "value": "jaz"
    },
    "ismir04_rhythm": {
        "all": {
            "ChaChaCha": 0.236485794187,
            "Jive": 0.0924452468753,
            "Quickstep": 0.0447233654559,
            "Rumba-American": 0.0406324565411,
            "Rumba-International": 0.0249453485012,
            "Rumba-Misc": 0.0134933069348,
            "Samba": 0.107554957271,
            "Tango": 0.272624611855,
            "VienneseWaltz": 0.144146904349,
            "Waltz": 0.0229480154812
        },
        "probability": 0.272624611855,
        "value": "Tango"
    },
    "mood_acoustic": {
        "all": {
            "acoustic": 0.0576617829502,
            "not_acoustic": 0.942338228226
        },
        "probability": 0.942338228226,
        "value": "not_acoustic"
    },
    "mood_aggressive": {
        "all": {
            "aggressive": 0.781590044498,
            "not_aggressive": 0.218409970403
        },
        "probability": 0.781590044498,
        "value": "aggressive"
    },
    "mood_electronic": {
        "all": {
            "electronic": 0.286385834217,
            "not_electronic": 0.713614165783
        },
        "probability": 0.713614165783,
        "value": "not_electronic"
    },
    "mood_happy": {
        "all": {
            "happy": 0.467764496803,
            "not_happy": 0.532235503197
        },
        "probability": 0.532235503197,
        "value": "not_happy"
    },
    "mood_party": {
        "all": {
            "not_party": 0.748795628548,
            "party": 0.251204371452
        },
        "probability": 0.748795628548,
        "value": "not_party"
    },
    "mood_relaxed": {
        "all": {
            "not_relaxed": 0.940502762794,
            "relaxed": 0.0594972297549
        },
        "probability": 0.940502762794,
        "value": "not_relaxed"
    },
    "mood_sad": {
        "all": {
            "not_sad": 0.691786408424,
            "sad": 0.308213591576
        },
        "probability": 0.691786408424,
        "value": "not_sad"
    },
    "moods_mirex": {
        "all": {
            "Cluster1": 0.35864931345,
            "Cluster2": 0.0490084215999,
            "Cluster3": 0.291312605143,
            "Cluster4": 0.116239920259,
            "Cluster5": 0.184789747
        },
        "probability": 0.35864931345,
        "value": "Cluster1"
    },
    "timbre": {
        "all": {
            "bright": 0.992892384529,
            "dark": 0.0071075912565
        },
        "probability": 0.992892384529,
        "value": "bright"
    },
    "tonal_atonal": {
        "all": {
            "atonal": 0.0216874405742,
            "tonal": 0.978312551975
        },
        "probability": 0.978312551975,
        "value": "tonal"
    },
    "voice_instrumental": {
        "all": {
            "instrumental": 0.0114552434534,
            "voice": 0.988544762135
        },
        "probability": 0.988544762135,
        "value": "voice"
    }
},
"lowlevel": {
    "average_loudness": 0.983324825764,
    "barkbands_crest": {
        "dmean": 2.37396001816,
        "dmean2": 3.87207627296,
        "dvar": 4.91586732864,
        "dvar2": 12.2994737625,
        "max": 23.7936496735,
        "mean": 10.1628494263,
        "median": 9.67661094666,
        "min": 2.53990983963,
        "var": 13.8853216171
    },
    "barkbands_flatness_db": {
        "dmean": 0.0213243663311,
        "dmean2": 0.0307243261486,
        "dvar": 0.000347089313436,
        "dvar2": 0.000712396402378,
        "max": 0.274805575609,
        "mean": 0.155214846134,
        "median": 0.1539542377,
        "min": 0.0638512969017,
        "var": 0.00155883631669
    },
    "barkbands_kurtosis": {
        "dmean": 1.61407625675,
        "dmean2": 2.6275165081,
        "dvar": 3.59690904617,
        "dvar2": 8.62065696716,
        "max": 17.6607017517,
        "mean": 1.77139484882,
        "median": 1.00652933121,
        "min": -1.6172503233,
        "var": 8.75860977173
    },
    "barkbands_skewness": {
        "dmean": 0.457623451948,
        "dmean2": 0.723947286606,
        "dvar": 0.200298726559,
        "dvar2": 0.487109750509,
        "max": 4.12653303146,
        "mean": 1.33592140675,
        "median": 1.27216815948,
        "min": -1.19913947582,
        "var": 0.586374342442
    },
    "barkbands_spread": {
        "dmean": 5.03407287598,
        "dmean2": 7.42026996613,
        "dvar": 27.2884674072,
        "dvar2": 52.6606903076,
        "max": 65.3777008057,
        "mean": 21.5812072754,
        "median": 18.736656189,
        "min": 5.42576885223,
        "var": 106.77734375
    },
    "dissonance": {
        "dmean": 0.015972327441,
        "dmean2": 0.0269887708127,
        "dvar": 0.000211151345866,
        "dvar2": 0.000551455595996,
        "max": 0.500000059605,
        "mean": 0.467819213867,
        "median": 0.472430855036,
        "min": 0.347191303968,
        "var": 0.00044695098768
    },
    "dynamic_complexity": 1.23544585705,
    "erbbands_crest": {
        "dmean": 2.5897321701,
        "dmean2": 4.30962848663,
        "dvar": 6.45267772675,
        "dvar2": 16.3362483978,
        "max": 23.1682167053,
        "mean": 8.521235466,
        "median": 7.72403430939,
        "min": 2.98155832291,
        "var": 12.1730918884
    },
    "erbbands_flatness_db": {
        "dmean": 0.0164100844413,
        "dmean2": 0.0230109672993,
        "dvar": 0.000209704681765,
        "dvar2": 0.00035908468999,
        "max": 0.281718999147,
        "mean": 0.181358724833,
        "median": 0.181361138821,
        "min": 0.113281540573,
        "var": 0.00100650812965
    },
    "erbbands_kurtosis": {
        "dmean": 0.578167915344,
        "dmean2": 0.943679988384,
        "dvar": 0.442915737629,
        "dvar2": 1.13440155983,
        "max": 6.7963924408,
        "mean": -0.182923838496,
        "median": -0.39069890976,
        "min": -1.62377011776,
        "var": 0.879432320595
    },
    "erbbands_skewness": {
        "dmean": 0.305947422981,
        "dmean2": 0.482303768396,
        "dvar": 0.0684233829379,
        "dvar2": 0.160909458995,
        "max": 1.79889881611,
        "mean": -0.0271749980748,
        "median": -0.0128627372906,
        "min": -2.24451780319,
        "var": 0.314610093832
    },
    "erbbands_spread": {
        "dmean": 7.3640370369,
        "dmean2": 11.6852560043,
        "dvar": 45.4852867126,
        "dvar2": 114.538261414,
        "max": 86.5227279663,
        "mean": 37.2739868164,
        "median": 35.9276199341,
        "min": 9.34551715851,
        "var": 150.643844604
    },
    "hfc": {
        "dmean": 6.86980581284,
        "dmean2": 9.37955379486,
        "dvar": 54.8624954224,
        "dvar2": 98.118560791,
        "max": 106.702377319,
        "mean": 26.814289093,
        "median": 24.1814918518,
        "min": 1.61534941196,
        "var": 206.309188843
    },
    "melbands_crest": {
        "dmean": 3.3632671833,
        "dmean2": 5.47941923141,
        "dvar": 10.6138286591,
        "dvar2": 27.0329265594,
        "max": 29.2025432587,
        "mean": 15.7889413834,
        "median": 15.6824359894,
        "min": 3.72293496132,
        "var": 29.2426738739
    },
    "melbands_flatness_db": {
        "dmean": 0.0258318781853,
        "dmean2": 0.0364130437374,
        "dvar": 0.000609057256952,
        "dvar2": 0.00124134088401,
        "max": 0.336217910051,
        "mean": 0.192548021674,
        "median": 0.191125094891,
        "min": 0.0418704934418,
        "var": 0.00280154589564
    },
    "melbands_kurtosis": {
        "dmean": 4.34832048416,
        "dmean2": 7.2372841835,
        "dvar": 32.0287284851,
        "dvar2": 83.0214309692,
        "max": 60.7466087341,
        "mean": 8.041223526,
        "median": 5.88264083862,
        "min": -1.41661787033,
        "var": 61.8914108276
    },
    "melbands_skewness": {
        "dmean": 0.638325989246,
        "dmean2": 1.0307725668,
        "dvar": 0.442494004965,
        "dvar2": 1.12948060036,
        "max": 7.17926073074,
        "mean": 2.39023780823,
        "median": 2.25665259361,
        "min": -0.254990130663,
        "var": 1.19436120987
    },
    "melbands_spread": {
        "dmean": 7.01584863663,
        "dmean2": 10.8841199875,
        "dvar": 67.0273513794,
        "dvar2": 154.914733887,
        "max": 93.3174743652,
        "mean": 23.7780151367,
        "median": 20.6217937469,
        "min": 4.02065849304,
        "var": 175.710601807
    },
    "pitch_salience": {
        "dmean": 0.0710234716535,
        "dmean2": 0.116426721215,
        "dvar": 0.00466061895713,
        "dvar2": 0.0122916325927,
        "max": 0.807906091213,
        "mean": 0.519546747208,
        "median": 0.520547389984,
        "min": 0.216506764293,
        "var": 0.0111609594896
    },
    "silence_rate_20dB": {
        "dmean": 0,
        "dmean2": 0,
        "dvar": 0,
        "dvar2": 0,
        "max": 1,
        "mean": 1,
        "median": 1,
        "min": 1,
        "var": 0
    },
    "silence_rate_30dB": {
        "dmean": 0,
        "dmean2": 0,
        "dvar": 0,
        "dvar2": 0,
        "max": 1,
        "mean": 1,
        "median": 1,
        "min": 1,
        "var": 0
    },
    "silence_rate_60dB": {
        "dmean": 0.000773993786424,
        "dmean2": 0.000774593325332,
        "dvar": 0.000773394829594,
        "dvar2": 0.000773993320763,
        "max": 1,
        "mean": 0.00077339517884,
        "median": 0,
        "min": 0,
        "var": 0.000772797095124
    },
    "spectral_centroid": {
        "dmean": 245.240661621,
        "dmean2": 366.248138428,
        "dvar": 73444.15625,
        "dvar2": 145265.59375,
        "max": 3489.55102539,
        "mean": 1263.70092773,
        "median": 1132.92834473,
        "min": 402.254333496,
        "var": 274086.125
    },
    "spectral_complexity": {
        "dmean": 4.65634679794,
        "dmean2": 6.61580181122,
        "dvar": 23.194688797,
        "dvar2": 36.9337120056,
        "max": 61,
        "mean": 25.2304725647,
        "median": 23,
        "min": 6,
        "var": 88.8621292114
    },
    "spectral_decrease": {
        "dmean": 2.44963116458e-09,
        "dmean2": 4.03243305414e-09,
        "dvar": 1.03733271277e-17,
        "dvar2": 2.68201700005e-17,
        "max": -5.02849650807e-10,
        "mean": -9.17384479493e-09,
        "median": -8.61640003791e-09,
        "min": -2.99573272855e-08,
        "var": 1.58522331884e-17
    },
    "spectral_energy": {
        "dmean": 0.0095438323915,
        "dmean2": 0.0156503096223,
        "dvar": 0.000151239160914,
        "dvar2": 0.000387363572372,
        "max": 0.115557618439,
        "mean": 0.0370563268661,
        "median": 0.0348382145166,
        "min": 0.00204438832588,
        "var": 0.000240995956119
    },
    "spectral_energyband_high": {
        "dmean": 0.00048201228492,
        "dmean2": 0.000598479935434,
        "dvar": 6.27320957847e-07,
        "dvar2": 9.49752916313e-07,
        "max": 0.0112575637177,
        "mean": 0.000981574412435,
        "median": 0.000386898696888,
        "min": 6.66029382046e-06,
        "var": 2.0943407435e-06
    },
    "spectral_energyband_low": {
        "dmean": 0.00516923051327,
        "dmean2": 0.00844649877399,
        "dvar": 0.00012321289978,
        "dvar2": 0.000315620098263,
        "max": 0.0999063923955,
        "mean": 0.0107323899865,
        "median": 0.00686040241271,
        "min": 2.24314808293e-05,
        "var": 0.000155570189236
    },
    "spectral_energyband_middle_high": {
        "dmean": 0.00255630398169,
        "dmean2": 0.00395005755126,
        "dvar": 7.6526284829e-06,
        "dvar2": 1.76046887645e-05,
        "max": 0.0445500873029,
        "mean": 0.00787784717977,
        "median": 0.00664117420092,
        "min": 0.000768300378695,
        "var": 2.39920700551e-05
    },
    "spectral_energyband_middle_low": {
        "dmean": 0.00652599940076,
        "dmean2": 0.0109311360866,
        "dvar": 6.52204616927e-05,
        "dvar2": 0.000181809955393,
        "max": 0.0656369775534,
        "mean": 0.0204232204705,
        "median": 0.0192021727562,
        "min": 0.000605987617746,
        "var": 0.000117656840303
    },
    "spectral_entropy": {
        "dmean": 0.157282501459,
        "dmean2": 0.202961727977,
        "dvar": 0.0214959103614,
        "dvar2": 0.0365609303117,
        "max": 8.29226970673,
        "mean": 7.5056385994,
        "median": 7.50014019012,
        "min": 6.48473596573,
        "var": 0.118767783046
    },
    "spectral_flux": {
        "dmean": 0.0268481560051,
        "dmean2": 0.0407972373068,
        "dvar": 0.000837491767015,
        "dvar2": 0.00187690695748,
        "max": 0.294819056988,
        "mean": 0.0959114953876,
        "median": 0.0873935222626,
        "min": 0.0230178106576,
        "var": 0.00171852088533
    },
    "spectral_kurtosis": {
        "dmean": 1.82211101055,
        "dmean2": 3.12288999557,
        "dvar": 3.92097067833,
        "dvar2": 11.9263467789,
        "max": 22.2074756622,
        "mean": 3.73505473137,
        "median": 3.1985783577,
        "min": -0.30641579628,
        "var": 5.95862197876
    },
    "spectral_rms": {
        "dmean": 0.000744129007217,
        "dmean2": 0.00120269763283,
        "dvar": 7.2028132081e-07,
        "dvar2": 1.77503432042e-06,
        "max": 0.0106178689748,
        "mean": 0.00588456168771,
        "median": 0.00582996569574,
        "min": 0.00141227664426,
        "var": 1.52437667111e-06
    },
    "spectral_rolloff": {
        "dmean": 471.213684082,
        "dmean2": 752.328125,
        "dvar": 373009.46875,
        "dvar2": 751827.75,
        "max": 6373.828125,
        "mean": 1497.93029785,
        "median": 1335.05859375,
        "min": 129.19921875,
        "var": 1098103.875
    },
    "spectral_skewness": {
        "dmean": 0.229839637876,
        "dmean2": 0.368185639381,
        "dvar": 0.0480491109192,
        "dvar2": 0.130955815315,
        "max": 4.01810026169,
        "mean": 1.32077169418,
        "median": 1.31722998619,
        "min": 0.335079580545,
        "var": 0.141232848167
    },
    "spectral_spread": {
        "dmean": 404683.21875,
        "dmean2": 549361.0625,
        "dvar": 138362208256,
        "dvar2": 246953885696,
        "max": 7037183.5,
        "mean": 3654761.25,
        "median": 3517538.25,
        "min": 1851546.875,
        "var": 672412794880
    },
    "spectral_strongpeak": {
        "dmean": 0.47154584527,
        "dmean2": 0.820984303951,
        "dvar": 0.507061302662,
        "dvar2": 1.30487155914,
        "max": 8.8749370575,
        "mean": 1.02989709377,
        "median": 0.81528866291,
        "min": 0.0780970901251,
        "var": 0.698943257332
    },
    "zerocrossingrate": {
        "dmean": 0.00927280820906,
        "dmean2": 0.0105300061405,
        "dvar": 8.76924605109e-05,
        "dvar2": 0.000104891085357,
        "max": 0.17529296875,
        "mean": 0.0530100464821,
        "median": 0.0478515625,
        "min": 0.0087890625,
        "var": 0.00064523058245
    },
    "barkbands": {
        "dmean": [6.73103859299e-05, 0.0018668291159, 0.00262533407658, 0.00321163586341, 0.00285185244866, 0.00145128101576, 0.00090453174198, 0.000922579260077, 0.00115534465294, 0.000580088992137, 0.000641462625936, 0.000360854843166, 0.000467053498141, 0.000754340260755, 0.00058601773344, 0.000507484190166, 0.000242910420639, 0.000316194433253, 0.000222086309805, 0.000173778302269, 0.000159861534485, 0.000154296678375, 0.000102580139355, 4.83665317006e-05, 1.86721772479e-05, 2.78050765701e-06, 1.01644053174e-08],
        "dmean2": [9.31675749598e-05, 0.00292283995077, 0.00426245294511, 0.00546889659017, 0.00472797779366, 0.00236391765065, 0.00141787785105, 0.00154309440404, 0.00181370205246, 0.00089269381715, 0.00103632302489, 0.000587630202062, 0.000760099210311, 0.00126412685495, 0.000970536551904, 0.000875027093571, 0.000375704665203, 0.000498204084579, 0.000345100997947, 0.000248177209869, 0.000216575208469, 0.000208603189094, 0.000138470291859, 6.52099697618e-05, 2.59045773419e-05, 4.16576995121e-06, 1.8295102322e-08],
        "dvar": [4.30405968643e-08, 4.33702080045e-05, 3.33735260938e-05, 3.27499656123e-05, 1.97795343411e-05, 5.17210219186e-06, 2.33398873206e-06, 2.11310180021e-06, 3.62885725735e-06, 1.37840879688e-06, 1.2761453263e-06, 3.68749141444e-07, 5.79431173264e-07, 1.43902946093e-06, 8.11868289929e-07, 8.04369847174e-07, 2.12477530681e-07, 1.98437803078e-07, 1.75500716182e-07, 9.37329787121e-08, 9.48655767274e-08, 7.71580062064e-08, 3.3242798736e-08, 1.16899032676e-08, 1.32896682548e-09, 2.6427712449e-11, 1.56233501291e-15],
        "dvar2": [8.47315817509e-08, 0.000104152284621, 8.65058536874e-05, 8.99832157302e-05, 5.47991476196e-05, 1.19936503324e-05, 5.67757342651e-06, 5.61743172511e-06, 8.68856841407e-06, 2.57795613834e-06, 2.98869258586e-06, 9.19801152577e-07, 1.53911798861e-06, 3.9868505155e-06, 2.04478783417e-06, 2.26344423027e-06, 4.69179582296e-07, 4.63091822667e-07, 4.08454837952e-07, 1.9810696017e-07, 1.55496010734e-07, 1.58797590188e-07, 6.71649971196e-08, 2.01577403658e-08, 2.50709808469e-09, 5.32422543553e-11, 4.11053103786e-15],
        "max": [0.00297771929763, 0.063298933208, 0.0518370419741, 0.0483458414674, 0.041541736573, 0.0292154103518, 0.0236020945013, 0.0224233046174, 0.0300562717021, 0.0198056157678, 0.0197133719921, 0.00808077771217, 0.00898355711251, 0.0210126936436, 0.00910839252174, 0.0194417629391, 0.00840505026281, 0.00651982147247, 0.00565924821422, 0.00351667683572, 0.00497188512236, 0.0034239096567, 0.00306812115014, 0.00239258096553, 0.000455461529782, 5.92963806412e-05, 5.61629633467e-07],
        "mean": [7.86245655036e-05, 0.00235116225667, 0.00552729610354, 0.00593493599445, 0.00573983928189, 0.00283861905336, 0.00178796343971, 0.00160521699581, 0.0021697327029, 0.00103790289722, 0.00100350647699, 0.000615178083535, 0.000783983443398, 0.00131486356258, 0.000970007444266, 0.000743562763091, 0.000413953530369, 0.000590949959587, 0.000426821905421, 0.000289430841804, 0.00028690075851, 0.000260339205852, 0.000176042842213, 8.12418438727e-05, 2.46319505095e-05, 3.60559761248e-06, 7.27799376321e-09],
        "median": [7.0496985245e-06, 0.000627219676971, 0.00220130081289, 0.00259531056508, 0.00352954096161, 0.00108851213008, 0.000975233735517, 0.000982895959169, 0.000962813559454, 0.000395699520595, 0.00039899192052, 0.000292701675789, 0.000462336291093, 0.000871573574841, 0.000608446367551, 0.000523576512933, 0.000180171395186, 0.000376589858206, 0.000252875877777, 0.000136574381031, 0.000109861124656, 0.000103068290628, 6.39940408291e-05, 2.22789985855e-05, 5.38240192327e-06, 8.99971553281e-07, 7.51534556809e-10],
        "min": [1.11519371515e-08, 1.66963002357e-06, 3.49488573193e-06, 6.49542153042e-06, 4.38720744569e-05, 3.06385009026e-05, 3.81935096812e-05, 2.68852854788e-05, 3.66265958291e-05, 1.23024856293e-05, 1.08816720967e-05, 8.20263267087e-06, 8.14248505776e-06, 7.13590998203e-06, 2.23479710257e-05, 5.75163312533e-06, 5.39228949492e-06, 1.90566115634e-05, 8.80835341377e-06, 4.16981265516e-06, 1.5755987306e-06, 8.45612134981e-07, 3.86501454841e-07, 6.51857092748e-08, 1.41824199953e-11, 5.81341225159e-12, 6.35783830097e-12],
        "var": [6.91905981398e-08, 4.28163621109e-05, 6.31246293779e-05, 5.30794168299e-05, 3.87052314181e-05, 1.86352881428e-05, 5.91311663811e-06, 3.64726838598e-06, 1.09606016849e-05, 3.73932857656e-06, 3.31467072101e-06, 8.22186677851e-07, 8.99292444956e-07, 2.3352442895e-06, 1.41743578297e-06, 7.89474427165e-07, 4.74137380024e-07, 4.34757026824e-07, 3.6875539422e-07, 1.76354021164e-07, 2.54486764106e-07, 1.73794731495e-07, 9.72278968447e-08, 3.79931499594e-08, 2.29649654848e-09, 4.19589432643e-11, 1.11534270352e-15]
    },
    "erbbands": {
        "dmean": [0.0318128764629, 0.542838275433, 2.68966388702, 6.45053625107, 12.7421722412, 8.99277210236, 7.4138469696, 13.727853775, 12.4981002808, 15.5481672287, 20.9287261963, 29.4608097076, 16.3053455353, 17.863073349, 23.8451099396, 14.7760028839, 20.5911006927, 35.5183105469, 26.7089214325, 40.1041297913, 18.0622406006, 12.2630681992, 18.4794979095, 12.8689889908, 9.98593616486, 8.28762149811, 6.88045787811, 6.09050369263, 5.5910320282, 4.342045784, 2.74327707291, 1.26570653915, 0.708610713482, 0.29255259037, 0.0875109061599, 0.0224915184081, 0.00359138729982, 0.000175680863322, 9.74186696112e-06, 1.09686661744e-05],
        "dmean2": [0.0524697937071, 0.857369840145, 4.48247718811, 11.0257425308, 21.1302852631, 14.4675273895, 11.9396333694, 22.5989665985, 20.0223197937, 25.7397918701, 34.4168243408, 46.1178321838, 25.055513382, 27.9614391327, 39.8433837891, 24.1359577179, 33.5408554077, 59.8480033875, 44.9202575684, 66.7896270752, 30.4458847046, 18.667678833, 28.8303031921, 20.6510238647, 14.9331789017, 12.079864502, 9.62734794617, 8.11767959595, 7.80184936523, 5.79261636734, 3.73635840416, 1.67401838303, 0.997066617012, 0.404566019773, 0.116896800697, 0.0321712642908, 0.00545139424503, 0.000266416842351, 1.33717912831e-05, 1.76164958248e-05],
        "dvar": [0.0104067055508, 3.5314347744, 46.7094306946, 111.396125793, 426.273895264, 234.720657349, 183.367126465, 551.562255859, 447.221038818, 712.168945312, 978.097717285, 2504.16357422, 742.535400391, 1988.52282715, 1615.53088379, 551.00177002, 1054.27124023, 2572.93334961, 2429.63061523, 4566.08984375, 1215.17602539, 483.208404541, 666.618835449, 654.655639648, 345.062316895, 210.681228638, 180.070388794, 123.826179504, 113.834571838, 54.488697052, 24.3135604858, 6.47375917435, 2.88013625145, 0.350923746824, 0.0259264800698, 0.00168429512996, 4.62374046037e-05, 1.24337134366e-07, 1.6969077532e-10, 1.84288320715e-10],
        "dvar2": [0.025534722954, 8.74233341217, 126.4141922, 303.555084229, 1188.1229248, 580.05065918, 409.716247559, 1272.34204102, 1058.52185059, 1863.48974609, 2512.79931641, 5871.35400391, 1432.43322754, 3734.81884766, 4289.05029297, 1405.60107422, 2782.68676758, 7209.79492188, 6558.77636719, 11803.3662109, 3200.05004883, 1039.84875488, 1596.30505371, 1666.72912598, 761.688415527, 441.779785156, 327.720306396, 206.27444458, 234.895233154, 112.453643799, 48.0170669556, 10.341258049, 5.39944219589, 0.681419909, 0.0440416932106, 0.00319440965541, 0.000100632794783, 2.91983951684e-07, 3.34985789108e-10, 4.49740855668e-10],
        "max": [1.01525568962, 17.1815567017, 59.3883171082, 106.704048157, 143.858566284, 180.607040405, 183.215957642, 305.338348389, 316.372528076, 476.785583496, 359.259643555, 817.980651855, 453.944946289, 929.42364502, 520.642456055, 396.31439209, 419.842773438, 614.809570312, 1172.24572754, 1002.98205566, 730.974609375, 382.030212402, 324.566925049, 434.806488037, 285.95880127, 169.02230835, 251.067855835, 181.781784058, 156.178771973, 131.604827881, 90.2386016846, 50.30991745, 34.0207328796, 9.54828262329, 1.36200618744, 0.418178796768, 0.073927462101, 0.00339789595455, 0.000163647346199, 0.000136331625981],
        "mean": [0.0393297001719, 0.707755506039, 5.30284404755, 13.9951257706, 21.8999977112, 18.4507312775, 14.6839008331, 25.9451122284, 25.4297351837, 29.0112438202, 40.1184463501, 54.8700332642, 33.5434646606, 33.9747428894, 38.6929588318, 28.2273025513, 38.0085945129, 65.4080581665, 48.9404602051, 62.3934593201, 30.2925186157, 22.9044742584, 33.9909210205, 24.0935878754, 19.9087867737, 14.2701683044, 11.958032608, 11.3021688461, 9.46588039398, 7.23973608017, 4.65685749054, 2.25544452667, 1.10056054592, 0.397566050291, 0.113040439785, 0.0292231328785, 0.00453589484096, 0.000209027290111, 2.89782474283e-05, 4.51645137218e-05],
        "median": [0.00819472502917, 0.238275438547, 2.1775405407, 9.31715488434, 14.2358818054, 9.20944690704, 6.26893472672, 10.4362277985, 13.0977907181, 17.4850578308, 24.98777771, 25.7439556122, 15.5786380768, 13.3192977905, 18.4155902863, 15.3992853165, 24.562128067, 44.9161376953, 35.1048278809, 38.0972709656, 19.799785614, 11.5449180603, 20.9670772552, 14.3873615265, 11.8335990906, 7.13839387894, 4.75539970398, 4.19815444946, 3.84854531288, 2.60070252419, 1.62183117867, 0.653303086758, 0.288660049438, 0.0881529226899, 0.0252240728587, 0.00708057591692, 0.00113246601541, 6.00879029662e-05, 2.27355794777e-05, 4.29605279351e-05],
        "min": [0.000109893364424, 0.00200523342937, 0.00869934819639, 0.0523158051074, 0.184441164136, 0.220912247896, 0.213253334165, 0.254382759333, 0.579916477203, 0.774365186691, 1.13271415234, 0.941024541855, 0.981930017471, 0.651928186417, 0.665490686893, 0.67546325922, 0.993478238583, 2.46489048004, 2.59110331535, 1.58962357044, 0.845432221889, 0.738474369049, 1.09894299507, 0.659959852695, 0.52332764864, 0.183328106999, 0.119158700109, 0.0497605390847, 0.0338921099901, 0.0222905576229, 0.0171857085079, 0.00308882282116, 0.000167779871845, 4.79556401842e-05, 2.26713491429e-05, 9.40993868426e-06, 3.9818478399e-06, 1.24082771435e-06, 1.54222107085e-06, 2.4265493721e-06],
        "var": [0.0125754028559, 3.22076010704, 62.3793258667, 197.717437744, 565.500244141, 607.94921875, 541.192565918, 1841.46362305, 1354.06005859, 1286.84350586, 2072.37231445, 7148.50488281, 2935.85888672, 5515.31689453, 3112.03173828, 1392.80712891, 1731.8503418, 4581.81445312, 3277.1887207, 6204.40429688, 1500.33203125, 1075.18371582, 1428.58874512, 987.857788086, 776.69329834, 393.842010498, 406.818206787, 371.464050293, 239.029586792, 142.60269165, 74.4970245361, 25.5174407959, 7.26182460785, 0.664705812931, 0.0451431646943, 0.00277480459772, 6.95229537087e-05, 1.54017087084e-07, 3.96414484571e-10, 3.36905836562e-10]
    },
    "gfcc": {
        "mean": [20.364402771, 117.712257385, -150.562347412, 42.5600204468, -66.7276763916, 10.0755596161, -41.2132835388, -6.34256410599, -18.2661781311, -9.39081001282, -16.6442337036, -17.0333156586, -14.4698991776],
        "cov": [[1356.08874512, -781.632629395, 169.524780273, 154.541351318, -295.747406006, 202.172821045, -131.345230103, 123.48664856, -127.630973816, 135.745376587, -103.327049255, 134.952575684, -37.7010803223], [-781.632629395, 913.623962402, -38.0604896545, -87.1566543579, 320.021148682, -135.324127197, 202.490585327, -69.8200454712, 193.809204102, -114.805076599, 113.323661804, -81.0249099731, 60.3558692932], [169.524780273, -38.0604896545, 298.006103516, 143.268127441, 29.0886745453, 91.0918731689, -9.70939826965, 47.1325073242, -7.16705322266, 57.5896072388, -25.0849380493, 1.62679493427, -17.6881809235], [154.541351318, -87.1566543579, 143.268127441, 303.960083008, 66.8830490112, 58.8599052429, -0.630307197571, 14.012796402, 16.5581874847, 21.4405555725, 6.64627885818, -35.1973457336, -3.25283360481], [-295.747406006, 320.021148682, 29.0886745453, 66.8830490112, 273.701202393, -21.1768913269, 80.8282089233, 2.04278755188, 69.8801727295, -24.4177894592, 28.3332672119, -37.3378372192, -4.91006660461], [202.172821045, -135.324127197, 91.0918731689, 58.8599052429, -21.1768913269, 149.452423096, 11.780377388, 40.2070617676, -11.9254369736, 40.9551277161, -0.708884418011, 16.7776889801, -1.0889197588], [-131.345230103, 202.490585327, -9.70939826965, -0.630307197571, 80.8282089233, 11.780377388, 135.740142822, 22.3874874115, 63.0376052856, -15.7209148407, 33.2511177063, -7.46287918091, 4.57099294662], [123.48664856, -69.8200454712, 47.1325073242, 14.012796402, 2.04278755188, 40.2070617676, 22.3874874115, 114.002807617, 25.182472229, 40.391658783, -12.0763339996, 20.404592514, -8.27713871002], [-127.630973816, 193.809204102, -7.16705322266, 16.5581874847, 69.8801727295, -11.9254369736, 63.0376052856, 25.182472229, 141.740447998, 13.4612493515, 37.2229614258, -11.8985834122, 16.7334003448], [135.745376587, -114.805076599, 57.5896072388, 21.4405555725, -24.4177894592, 40.9551277161, -15.7209148407, 40.391658783, 13.4612493515, 111.291748047, 17.8439750671, 29.5298461914, -5.45139122009], [-103.327049255, 113.323661804, -25.0849380493, 6.64627885818, 28.3332672119, -0.708884418011, 33.2511177063, -12.0763339996, 37.2229614258, 17.8439750671, 96.3998413086, 13.7381000519, 23.5426158905], [134.952575684, -81.0249099731, 1.62679493427, -35.1973457336, -37.3378372192, 16.7776889801, -7.46287918091, 20.404592514, -11.8985834122, 29.5298461914, 13.7381000519, 95.3866500854, 12.067656517], [-37.7010803223, 60.3558692932, -17.6881809235, -3.25283360481, -4.91006660461, -1.0889197588, 4.57099294662, -8.27713871002, 16.7334003448, -5.45139122009, 23.5426158905, 12.067656517, 70.5564651489]],
        "icov": [[0.00212464970537, 1.74798988155e-05, 0.000378518248908, -0.00158723769709, 0.00169952725992, -0.0014527979074, 0.000427163147833, -0.000968600681517, 0.000409424159443, -0.000793611980043, 0.00184636889026, -0.00248552393168, 0.000747211568523], [1.74798988155e-05, 0.014332271181, -0.00891224201769, 0.00928931683302, -0.0096498792991, 0.00823991093785, -0.00948328990489, 0.00632021296769, -0.00930843316019, 0.00930903386325, -0.00993631780148, 0.00683059263974, -0.00817137677222], [0.000378518248908, -0.00891224201769, 0.0113323004916, -0.00810998119414, 0.00545887695625, -0.00744869606569, 0.00624653557315, -0.00461231684312, 0.00623256945983, -0.00795388780534, 0.00842315051705, -0.00504771061242, 0.00557235954329], [-0.00158723769709, 0.00928931683302, -0.00810998119414, 0.0121648935601, -0.00848354957998, 0.0052136448212, -0.00536327622831, 0.00483012804762, -0.0067069013603, 0.00685030035675, -0.00892222300172, 0.00818036589772, -0.00616471702233], [0.00169952725992, -0.0096498792991, 0.00545887695625, -0.00848354957998, 0.0133479265496, -0.00538525357842, 0.00425831228495, -0.00492843287066, 0.00528121413663, -0.00586320506409, 0.00727997440845, -0.00572259072214, 0.00697616161779], [-0.0014527979074, 0.00823991093785, -0.00744869606569, 0.0052136448212, -0.00538525357842, 0.0157953258604, -0.00837989989668, 0.00249526370317, -0.00362422084436, 0.00397241441533, -0.00723261805251, 0.00515501294285, -0.00604921579361], [0.000427163147833, -0.00948328990489, 0.00624653557315, -0.00536327622831, 0.00425831228495, -0.00837989989668, 0.0189154911786, -0.00694179255515, 0.00243236776441, -0.00251703569666, 0.00348564540036, -0.00490557821468, 0.00669106701389], [-0.000968600681517, 0.00632021296769, -0.00461231684312, 0.00483012804762, -0.00492843287066, 0.00249526370317, -0.00694179255515, 0.0161546971649, -0.00670943781734, 0.000698024348821, -0.00114839302842, 0.00173580623232, -0.00308577553369], [0.000409424159443, -0.00930843316019, 0.00623256945983, -0.0067069013603, 0.00528121413663, -0.00362422084436, 0.00243236776441, -0.00670943781734, 0.0174338575453, -0.00872629042715, 0.00480088638142, -0.00291787227616, 0.00288988882676], [-0.000793611980043, 0.00930903386325, -0.00795388780534, 0.00685030035675, -0.00586320506409, 0.00397241441533, -0.00251703569666, 0.000698024348821, -0.00872629042715, 0.0210471637547, -0.0118226287887, 0.00283298455179, -0.0030111616943], [0.00184636889026, -0.00993631780148, 0.00842315051705, -0.00892222300172, 0.00727997440845, -0.00723261805251, 0.00348564540036, -0.00114839302842, 0.00480088638142, -0.0118226287887, 0.0243291500956, -0.00943039637059, 0.00266410876065], [-0.00248552393168, 0.00683059263974, -0.00504771061242, 0.00818036589772, -0.00572259072214, 0.00515501294285, -0.00490557821468, 0.00173580623232, -0.00291787227616, 0.00283298455179, -0.00943039637059, 0.0200364552438, -0.00722612719983], [0.000747211568523, -0.00817137677222, 0.00557235954329, -0.00616471702233, 0.00697616161779, -0.00604921579361, 0.00669106701389, -0.00308577553369, 0.00288988882676, -0.0030111616943, 0.00266410876065, -0.00722612719983, 0.0217006765306]]
    },
    "melbands": {
        "dmean": [0.000390427623643, 0.00116554519627, 0.00132523034699, 0.000764243653975, 0.000269163050689, 0.000294496916467, 0.000187152778381, 0.000176213507075, 0.000183548836503, 0.000175887922524, 8.23742157081e-05, 7.34385903343e-05, 9.40003228607e-05, 4.19211064582e-05, 4.02904843213e-05, 5.1138085837e-05, 7.31039544917e-05, 4.85368364025e-05, 4.02437581215e-05, 5.00905989611e-05, 1.86895904335e-05, 1.19193482533e-05, 1.96388300537e-05, 1.50029163706e-05, 1.10676655822e-05, 8.23810387374e-06, 6.988543646e-06, 5.59139562029e-06, 4.50541438113e-06, 4.33700597569e-06, 3.65887444786e-06, 3.47097875419e-06, 2.83673193735e-06, 2.38150278165e-06, 1.80550762252e-06, 1.09467168841e-06, 7.09531718712e-07, 5.66472692753e-07, 3.61813448535e-07, 2.14277378063e-07],
        "dmean2": [0.000601586420089, 0.00193060247693, 0.00224268459715, 0.00127462425735, 0.000422357174102, 0.000482958857901, 0.000298650033073, 0.000292950047879, 0.000297241553199, 0.000274728663499, 0.000128165556816, 0.000113252994197, 0.00015534015256, 6.82606550981e-05, 6.43869207124e-05, 8.44935639179e-05, 0.000123043253552, 8.15014718683e-05, 6.61630911054e-05, 8.47473711474e-05, 3.14062817779e-05, 1.85562821571e-05, 3.05685825879e-05, 2.39159744524e-05, 1.79529470188e-05, 1.28044002849e-05, 1.06134075395e-05, 8.45010890771e-06, 6.54012137602e-06, 6.2248445829e-06, 4.98772942592e-06, 5.01791191709e-06, 3.87454883821e-06, 3.35346430802e-06, 2.55547070083e-06, 1.4981486629e-06, 9.79592982731e-07, 8.16599481368e-07, 5.15175258897e-07, 3.0118212635e-07],
        "dvar": [1.78201730705e-06, 1.01471605376e-05, 4.42709642812e-06, 1.45095157222e-06, 1.80221647383e-07, 2.2819662604e-07, 9.89017081565e-08, 8.23408328188e-08, 7.17896924129e-08, 8.24160366619e-08, 2.06291215221e-08, 3.42978552226e-08, 2.64252015825e-08, 5.02011898718e-09, 5.04568298254e-09, 6.55676979378e-09, 1.22811600889e-08, 9.2626502024e-09, 4.2092240804e-09, 6.91219437243e-09, 1.45430212317e-09, 5.61256929821e-10, 1.08656572628e-09, 4.31710639459e-10, 5.67511815319e-10, 2.73878225654e-10, 1.77231979093e-10, 9.55090659338e-11, 7.12474176878e-11, 8.29480720221e-11, 4.16728075658e-11, 4.61412991148e-11, 2.8865455165e-11, 1.74917094697e-11, 1.13759531309e-11, 4.66707185051e-12, 2.5604629094e-12, 1.91367234559e-12, 7.74666734839e-13, 1.86099589515e-13],
        "dvar2": [4.07072047892e-06, 2.71735370916e-05, 1.21789662444e-05, 4.06460230806e-06, 3.90927482385e-07, 5.25639393345e-07, 2.38066377278e-07, 2.20779497795e-07, 1.82906603641e-07, 1.92483980754e-07, 3.97113417705e-08, 6.45587974191e-08, 6.79825333805e-08, 1.18349916534e-08, 1.18952705463e-08, 1.76817298581e-08, 3.45072308505e-08, 2.50854892414e-08, 1.0816315843e-08, 1.90448297133e-08, 3.57248874927e-09, 1.27793486904e-09, 2.54485144069e-09, 9.88194748253e-10, 1.49016854412e-09, 5.96297344835e-10, 4.20334017592e-10, 2.05527747599e-10, 1.39877776029e-10, 1.53750998044e-10, 7.74342187593e-11, 1.02288386095e-10, 6.40708250343e-11, 3.75894246285e-11, 2.50200016955e-11, 8.1606900057e-12, 4.48458067556e-12, 3.66354819745e-12, 1.5845760034e-12, 3.68209477665e-13],
        "max": [0.0131723862141, 0.0279753897339, 0.0172438398004, 0.0111868353561, 0.00542219588533, 0.00601897342131, 0.00469701830298, 0.00425781914964, 0.00385165214539, 0.0044658370316, 0.00242105149664, 0.00377393863164, 0.00227631977759, 0.00102031661663, 0.00189362512901, 0.000924517167732, 0.0014203437604, 0.00243263319135, 0.0010139348451, 0.00157979584765, 0.000673484988511, 0.000476024521049, 0.000529697514139, 0.000338890822604, 0.00042284472147, 0.000288306211587, 0.000156922571477, 0.000113513953693, 0.000147822021972, 0.000154701861902, 9.90787739283e-05, 0.000101220051874, 8.07757023722e-05, 8.36510662339e-05, 5.24874012626e-05, 4.41709380539e-05, 3.74196024495e-05, 2.74132271443e-05, 2.07906978176e-05, 5.71655709791e-06],
        "mean": [0.000503429153468, 0.00214358163066, 0.00275233434513, 0.00151968374848, 0.000554865924641, 0.000574822188355, 0.000382337428164, 0.000322184612742, 0.000345522799762, 0.000323222193401, 0.000158374939929, 0.00013301569561, 0.000146952981595, 7.02049146639e-05, 7.43742129998e-05, 8.7766937213e-05, 0.000128120649606, 8.08935874375e-05, 6.70080553391e-05, 7.49024766264e-05, 2.8661252145e-05, 2.02969204111e-05, 3.24804750562e-05, 2.81566281046e-05, 1.83696665772e-05, 1.5988609448e-05, 1.15220673251e-05, 8.94112963579e-06, 7.35306912247e-06, 7.14487850928e-06, 6.41890937914e-06, 5.59302225156e-06, 4.38275765191e-06, 3.86735700886e-06, 2.88536966764e-06, 1.84257612545e-06, 1.19825733691e-06, 8.36656226966e-07, 5.20836124451e-07, 2.64629420599e-07],
        "median": [0.000124222802697, 0.000869209761731, 0.00204664166085, 0.0010073321173, 0.000252826139331, 0.000234755541896, 0.000195485248696, 0.000206233075005, 0.000207502860576, 0.00014859069779, 6.21937579126e-05, 4.72023239126e-05, 6.09533017268e-05, 3.98669762944e-05, 4.24174722866e-05, 5.78231083637e-05, 8.18447297206e-05, 5.40332839591e-05, 4.30916770711e-05, 5.03380397276e-05, 1.50807318278e-05, 9.76074625214e-06, 1.69625418494e-05, 1.79166108865e-05, 1.0347679563e-05, 9.02259580471e-06, 5.52503934159e-06, 4.38363986177e-06, 2.91262449537e-06, 2.69693282462e-06, 2.24232326218e-06, 2.24257746595e-06, 1.64124685398e-06, 1.36362291414e-06, 1.02388139567e-06, 5.50451431991e-07, 3.1890789387e-07, 2.08649879596e-07, 1.13341748431e-07, 5.21585299396e-08],
        "min": [3.31295836986e-07, 2.02930573323e-06, 2.03449417313e-05, 5.53451445739e-06, 4.6572777137e-06, 4.71270323033e-06, 8.79815343069e-06, 8.75448768056e-06, 6.44505644232e-06, 5.95832398176e-06, 2.02172714125e-06, 1.62039953011e-06, 1.56108592364e-06, 8.32360058212e-07, 8.26770701678e-07, 7.89470789186e-07, 7.5382030218e-07, 1.00275201476e-06, 2.06294953387e-06, 4.4971741886e-07, 2.68468994591e-07, 3.10352334054e-07, 5.52133144538e-07, 1.22677045056e-06, 1.49957003259e-07, 3.16940031553e-07, 1.97115383571e-07, 1.17869667804e-07, 1.0313900134e-07, 3.92118373327e-08, 2.15317239594e-08, 1.87018134312e-08, 1.60424491469e-08, 1.12556097775e-08, 1.04537676293e-08, 2.5529547365e-09, 8.80930883795e-10, 3.14390440764e-13, 2.08769416685e-13, 1.26028731179e-13],
