{
"highlevel": {
    "danceability": {
        "all": {
            "danceable": 1.64019274962e-05,
            "not_danceable": 0.999983608723
        },
        "probability": 0.999983608723,
        "value": "not_danceable"
    },
    "gender": {
        "all": {
            "female": 0.656272947788,
            "male": 0.343727052212
        },
        "probability": 0.656272947788,
        "value": "female"
    },
    "genre_dortmund": {
        "all": {
            "alternative": 0.121445819736,
            "blues": 0.144739121199,
            "electronic": 0.0573976673186,
            "folkcountry": 0.223971456289,
            "funksoulrnb": 0.0607383586466,
            "jazz": 0.0533498600125,
            "pop": 0.120007075369,
            "raphiphop": 0.00479416083544,
            "rock": 0.213556483388
        },
        "probability": 0.223971456289,
        "value": "folkcountry"
    },
    "genre_electronic": {
        "all": {
            "ambient": 0.458463013172,
            "dnb": 0.102889493108,
            "house": 0.267872065306,
            "techno": 0.0150074046105,
            "trance": 0.155768036842
        },
        "probability": 0.458463013172,
        "value": "ambient"
    },
    "genre_rosamerica": {
        "all": {
            "cla": 0.231326550245,
            "dan": 0.0238581001759,
            "hip": 0.0142658939585,
            "jaz": 0.0213580224663,
            "pop": 0.109321601689,
            "rhy": 0.123308263719,
            "roc": 0.465511709452,
            "spe": 0.0110498694703
        },
        "probability": 0.465511709452,
        "value": "roc"
    },
    "genre_tzanetakis": {
        "all": {
            "blu": 0.044704515487,
            "cla": 0.0297224316746,
            "cou": 0.0891721844673,
            "dis": 0.0883775800467,
            "hip": 0.267573595047,
            "jaz": 0.267589211464,
            "met": 0.0382195003331,
            "pop": 0.0535078495741,
            "reg": 0.0676225945354,
            "roc": 0.0535105392337
        },
        "probability": 0.267589211464,
        "value": "jaz"
    },
    "ismir04_rhythm": {
        "all": {
            "ChaChaCha": 0.131975397468,
            "Jive": 0.225373268127,
            "Quickstep": 0.0268967710435,
            "Rumba-American": 0.00564235309139,
            "Rumba-International": 0.0120319835842,
            "Rumba-Misc": 0.00274153193459,
            "Samba": 0.0175193324685,
            "Tango": 0.128854498267,
            "VienneseWaltz": 0.440420538187,
            "Waltz": 0.00854432675987
        },
        "probability": 0.440420538187,
        "value": "VienneseWaltz"
    },
    "mood_acoustic": {
        "all": {
            "acoustic": 0.0637333989143,
            "not_acoustic": 0.936266601086
        },
        "probability": 0.936266601086,
        "value": "not_acoustic"
    },
    "mood_aggressive": {
        "all": {
            "aggressive": 0.0606354661286,
            "not_aggressive": 0.939364552498
        },
        "probability": 0.939364552498,
        "value": "not_aggressive"
    },
    "mood_electronic": {
        "all": {
            "electronic": 0.166200101376,
            "not_electronic": 0.833799898624
        },
        "probability": 0.833799898624,
        "value": "not_electronic"
    },
    "mood_happy": {
        "all": {
            "happy": 0.963101327419,
            "not_happy": 0.0368986576796
        },
        "probability": 0.963101327419,
        "value": "happy"
    },
    "mood_party": {
        "all": {
            "not_party": 0.533128738403,
            "party": 0.466871261597
        },
        "probability": 0.533128738403,
        "value": "not_party"
    },
    "mood_relaxed": {
        "all": {
            "not_relaxed": 0.981292665005,
            "relaxed": 0.0187073349953
        },
        "probability": 0.981292665005,
        "value": "not_relaxed"
    },
    "mood_sad": {
        "all": {
            "not_sad": 0.726973116398,
            "sad": 0.273026883602
        },
        "probability": 0.726973116398,
        "value": "not_sad"
    },
    "moods_mirex": {
        "all": {
            "Cluster1": 0.104580901563,
            "Cluster2": 0.34318241477,
            "Cluster3": 0.0810352265835,
            "Cluster4": 0.432129621506,
            "Cluster5": 0.0390718355775
        },
        "probability": 0.432129621506,
        "value": "Cluster4"
    },
    "timbre": {
        "all": {
            "bright": 0.997439742088,
            "dark": 0.00256022973917
        },
        "probability": 0.997439742088,
        "value": "bright"
    },
    "tonal_atonal": {
        "all": {
            "atonal": 0.794201791286,
            "tonal": 0.205798193812
        },
        "probability": 0.794201791286,
        "value": "atonal"
    },
    "voice_instrumental": {
        "all": {
            "instrumental": 0.00369302649051,
            "voice": 0.996306955814
        },
        "probability": 0.996306955814,
        "value": "voice"
    }
},
"lowlevel": {
    "average_loudness": 0.947009861469,
    "barkbands_crest": {
        "dmean": 2.38915061951,
        "dmean2": 3.91326832771,
        "dvar": 4.50868701935,
        "dvar2": 11.8145618439,
        "max": 23.4291591644,
        "mean": 8.53230571747,
        "median": 7.70874595642,
        "min": 2.54473280907,
        "var": 13.7526597977
    },
    "barkbands_flatness_db": {
        "dmean": 0.0179863777012,
        "dmean2": 0.0278150532395,
        "dvar": 0.000289849762339,
        "dvar2": 0.000659303681459,
        "max": 0.355884343386,
        "mean": 0.161882787943,
        "median": 0.153440579772,
        "min": 0.070571526885,
        "var": 0.00200392841361
    },
    "barkbands_kurtosis": {
        "dmean": 1.63143646717,
        "dmean2": 2.65073847771,
        "dvar": 22.5824794769,
        "dvar2": 66.1638717651,
        "max": 86.7297058105,
        "mean": 1.91440653801,
        "median": -0.0628113746643,
        "min": -1.81249070168,
        "var": 51.7464485168
    },
    "barkbands_skewness": {
        "dmean": 0.4106349051,
        "dmean2": 0.633251190186,
        "dvar": 0.214649826288,
        "dvar2": 0.534287929535,
        "max": 7.45253419876,
        "mean": 0.385762035847,
        "median": 0.101208642125,
        "min": -2.35366868973,
        "var": 1.32739591599
    },
    "barkbands_spread": {
        "dmean": 4.59224843979,
        "dmean2": 7.01218795776,
        "dvar": 25.4959888458,
        "dvar2": 51.8737602234,
        "max": 88.8822250366,
        "mean": 20.2550468445,
        "median": 19.0985164642,
        "min": 0.975632429123,
        "var": 125.103645325
    },
    "dissonance": {
        "dmean": 0.0163072515279,
        "dmean2": 0.0276946872473,
        "dvar": 0.000240934125031,
        "dvar2": 0.000691272492986,
        "max": 0.499962359667,
        "mean": 0.471487700939,
        "median": 0.476981461048,
        "min": 0.323426008224,
        "var": 0.000580227235332
    },
    "dynamic_complexity": 3.92838263512,
    "erbbands_crest": {
        "dmean": 2.85450911522,
        "dmean2": 4.68372631073,
        "dvar": 6.32624435425,
        "dvar2": 16.7110290527,
        "max": 25.8616714478,
        "mean": 9.93507385254,
        "median": 9.23110866547,
        "min": 3.0256383419,
        "var": 15.8804273605
    },
    "erbbands_flatness_db": {
        "dmean": 0.0173884630203,
        "dmean2": 0.0260675158352,
        "dvar": 0.000249611941399,
        "dvar2": 0.000549360120203,
        "max": 0.365044891834,
        "mean": 0.232374981046,
        "median": 0.229655921459,
        "min": 0.120661601424,
        "var": 0.00196715001948
    },
    "erbbands_kurtosis": {
        "dmean": 1.08868610859,
        "dmean2": 1.76097655296,
        "dvar": 2.85480642319,
        "dvar2": 7.76606369019,
        "max": 32.5479240417,
        "mean": 0.957883298397,
        "median": 0.360236167908,
        "min": -1.64130687714,
        "var": 5.82750558853
    },
    "erbbands_skewness": {
        "dmean": 0.339438378811,
        "dmean2": 0.544604003429,
        "dvar": 0.103610120714,
        "dvar2": 0.242095977068,
        "max": 3.17404055595,
        "mean": 0.12618470192,
        "median": 0.0710881501436,
        "min": -3.75724625587,
        "var": 0.573741912842
    },
    "erbbands_spread": {
        "dmean": 5.65340852737,
        "dmean2": 8.76450061798,
        "dvar": 40.7811126709,
        "dvar2": 98.0523452759,
        "max": 108.854415894,
        "mean": 24.2287597656,
        "median": 20.7227840424,
        "min": 2.25002217293,
        "var": 198.780578613
    },
    "hfc": {
        "dmean": 7.76551246643,
        "dmean2": 11.3312149048,
        "dvar": 139.370010376,
        "dvar2": 318.818054199,
        "max": 105.561416626,
        "mean": 25.375082016,
        "median": 20.9309616089,
        "min": 0.0491147115827,
        "var": 464.803497314
    },
    "melbands_crest": {
        "dmean": 3.04597258568,
        "dmean2": 5.0499958992,
        "dvar": 7.991065979,
        "dvar2": 20.5248756409,
        "max": 28.964756012,
        "mean": 10.886800766,
        "median": 9.53855228424,
        "min": 3.683614254,
        "var": 23.940776825
    },
    "melbands_flatness_db": {
        "dmean": 0.0227233488113,
        "dmean2": 0.0334360748529,
        "dvar": 0.000596104597207,
        "dvar2": 0.00122310360894,
        "max": 0.46607235074,
        "mean": 0.174316599965,
        "median": 0.159802258015,
        "min": 0.0354696959257,
        "var": 0.00491868238896
    },
    "melbands_kurtosis": {
        "dmean": 2.82975912094,
        "dmean2": 4.52393007278,
        "dvar": 58.749370575,
        "dvar2": 153.486846924,
        "max": 146.59552002,
        "mean": 4.46512413025,
        "median": 0.678057193756,
        "min": -1.57605016232,
        "var": 145.631576538
    },
    "melbands_skewness": {
        "dmean": 0.50352036953,
        "dmean2": 0.765670061111,
        "dvar": 0.292487472296,
        "dvar2": 0.676416873932,
        "max": 9.79661560059,
        "mean": 1.07118070126,
        "median": 0.71125203371,
        "min": -1.8826161623,
        "var": 1.92625296116
    },
    "melbands_spread": {
        "dmean": 8.12992477417,
        "dmean2": 12.7209949493,
        "dvar": 119.259284973,
        "dvar2": 290.429840088,
        "max": 159.012939453,
        "mean": 34.3141784668,
        "median": 33.2743644714,
        "min": 0.993345618248,
        "var": 394.182098389
    },
    "pitch_salience": {
        "dmean": 0.0600118860602,
        "dmean2": 0.0953812971711,
        "dvar": 0.00267829699442,
        "dvar2": 0.00671339454129,
        "max": 0.924827992916,
        "mean": 0.579215586185,
        "median": 0.579616546631,
        "min": 0.223480284214,
        "var": 0.00743843009695
    },
    "silence_rate_20dB": {
        "dmean": 0,
        "dmean2": 0,
        "dvar": 0,
        "dvar2": 0,
        "max": 1,
        "mean": 1,
        "median": 1,
        "min": 1,
        "var": 0
    },
    "silence_rate_30dB": {
        "dmean": 0,
        "dmean2": 0,
        "dvar": 0,
        "dvar2": 0,
        "max": 1,
        "mean": 1,
        "median": 1,
        "min": 1,
        "var": 0
    },
    "silence_rate_60dB": {
        "dmean": 0.0371517017484,
        "dmean2": 0.0743609592319,
        "dvar": 0.0357718616724,
        "dvar2": 0.0796766653657,
        "max": 1,
        "mean": 0.130703791976,
        "median": 0,
        "min": 0,
        "var": 0.113622121513
    },
    "spectral_centroid": {
        "dmean": 251.119918823,
        "dmean2": 386.987884521,
        "dvar": 81979.078125,
        "dvar2": 182155.203125,
        "max": 4035.73413086,
        "mean": 1910.27319336,
        "median": 2027.0032959,
        "min": 176.891983032,
        "var": 417263.875
    },
    "spectral_complexity": {
        "dmean": 4.06501531601,
        "dmean2": 5.66150283813,
        "dvar": 26.5886135101,
        "dvar2": 42.227016449,
        "max": 57,
        "mean": 22.1160087585,
        "median": 23,
        "min": 0,
        "var": 161.389663696
    },
    "spectral_decrease": {
        "dmean": 1.18619702949e-09,
        "dmean2": 1.64809899061e-09,
        "dvar": 1.82332072344e-18,
        "dvar2": 3.55029599861e-18,
        "max": -1.79420523577e-11,
        "mean": -4.24385948605e-09,
        "median": -3.71047303993e-09,
        "min": -1.85693984633e-08,
        "var": 1.06189286321e-17
    },
    "spectral_energy": {
        "dmean": 0.00505634583533,
        "dmean2": 0.00710426364094,
        "dvar": 3.42502680724e-05,
        "dvar2": 6.69489600114e-05,
        "max": 0.0736516937613,
        "mean": 0.0183189027011,
        "median": 0.0158932507038,
        "min": 7.29056118871e-05,
        "var": 0.000195223648916
    },
    "spectral_energyband_high": {
        "dmean": 0.000635056232568,
        "dmean2": 0.00100868777372,
        "dvar": 2.23531696975e-06,
        "dvar2": 5.72927729081e-06,
        "max": 0.0138329053298,
        "mean": 0.00101959658787,
        "median": 0.000529473996721,
        "min": 2.19069946183e-07,
        "var": 2.51390429185e-06
    },
    "spectral_energyband_low": {
        "dmean": 0.000883997592609,
        "dmean2": 0.00119552388787,
        "dvar": 6.14881446381e-06,
        "dvar2": 7.96937092673e-06,
        "max": 0.0491739287972,
        "mean": 0.00180172198452,
        "median": 0.000486907403683,
        "min": 1.963857585e-06,
        "var": 2.00101640075e-05
    },
    "spectral_energyband_middle_high": {
        "dmean": 0.00340695050545,
        "dmean2": 0.00478379568085,
        "dvar": 1.69922332134e-05,
        "dvar2": 3.61650963896e-05,
        "max": 0.0538851097226,
        "mean": 0.0112206172198,
        "median": 0.00847219210118,
        "min": 2.88423575512e-06,
        "var": 0.000105900537164
    },
    "spectral_energyband_middle_low": {
        "dmean": 0.00204079668038,
        "dmean2": 0.00319816078991,
        "dvar": 7.95990217739e-06,
        "dvar2": 2.03549352591e-05,
        "max": 0.0391504950821,
        "mean": 0.00475589325652,
        "median": 0.00378191843629,
        "min": 2.03029212571e-05,
        "var": 1.62801788974e-05
    },
    "spectral_entropy": {
        "dmean": 0.139491155744,
        "dmean2": 0.201158925891,
        "dvar": 0.0250722225755,
        "dvar2": 0.0516474954784,
        "max": 8.48821163177,
        "mean": 7.41827106476,
        "median": 7.43595838547,
        "min": 5.50937461853,
        "var": 0.162552058697
    },
    "spectral_flux": {
        "dmean": 0.0165880862623,
        "dmean2": 0.0254779160023,
        "dvar": 0.000322161387885,
        "dvar2": 0.000664296443574,
        "max": 0.180093765259,
        "mean": 0.0725826397538,
        "median": 0.0723936036229,
        "min": 0.0043278709054,
        "var": 0.00137343944516
    },
    "spectral_kurtosis": {
        "dmean": 2.57480955124,
        "dmean2": 4.50322628021,
        "dvar": 5.53469848633,
        "dvar2": 15.8486242294,
        "max": 33.6070899963,
        "mean": 5.2496380806,
        "median": 4.09101438522,
        "min": -0.830503463745,
        "var": 20.0810012817
    },
    "spectral_rms": {
        "dmean": 0.000579387531616,
        "dmean2": 0.000800390262157,
        "dvar": 3.65045110584e-07,
        "dvar2": 6.71957025133e-07,
        "max": 0.00847675092518,
        "mean": 0.00384839111939,
        "median": 0.00393771613017,
        "min": 0.000266697257757,
        "var": 3.0619851259e-06
    },
    "spectral_rolloff": {
        "dmean": 511.030273438,
        "dmean2": 847.151306152,
        "dvar": 555580.0625,
        "dvar2": 1190938.25,
        "max": 7945.75195312,
        "mean": 2108.66918945,
        "median": 1808.7890625,
        "min": 129.19921875,
        "var": 1313632
    },
    "spectral_skewness": {
        "dmean": 0.282093346119,
        "dmean2": 0.477390885353,
        "dvar": 0.067666336894,
        "dvar2": 0.171689033508,
        "max": 4.75029993057,
        "mean": 1.23613870144,
        "median": 1.05860221386,
        "min": -0.0248827952892,
        "var": 0.452481001616
    },
    "spectral_spread": {
        "dmean": 290460.1875,
        "dmean2": 430676.0625,
        "dvar": 150113976320,
        "dvar2": 259574661120,
        "max": 8974666,
        "mean": 2909350.75,
        "median": 2712272,
        "min": 1712636.375,
        "var": 611790815232
    },
    "spectral_strongpeak": {
        "dmean": 0.97258234024,
        "dmean2": 1.57622802258,
        "dvar": 1.40545463562,
        "dvar2": 3.5398004055,
        "max": 11.6364994049,
        "mean": 1.79836213589,
        "median": 1.12817466259,
        "min": 0,
        "var": 3.24529361725
    },
    "zerocrossingrate": {
        "dmean": 0.00836502853781,
        "dmean2": 0.00942447129637,
        "dvar": 9.77907766355e-05,
        "dvar2": 0.000116313793114,
        "max": 0.20849609375,
        "mean": 0.0725110843778,
        "median": 0.07373046875,
        "min": 0.00439453125,
        "var": 0.000701023207512
    },
    "barkbands": {
        "dmean": [4.73005002277e-06, 0.000272824428976, 0.000619315018412, 0.000158824084792, 0.00118267862126, 0.00027918771957, 0.000248727359576, 0.000319003564073, 0.000542560417671, 0.000790155085269, 0.000844439840876, 0.000996685470454, 0.00069838372292, 0.00159374810755, 0.000587583053857, 0.000268724194029, 0.00019420258468, 0.000311771873385, 0.000238699212787, 0.000368486595107, 0.000210511963814, 0.000104414153611, 7.12282708264e-05, 3.65218511433e-05, 7.6147011896e-06, 3.55132073082e-07, 1.46485135133e-09],
        "dmean2": [8.23413483886e-06, 0.000408590305597, 0.000819008797407, 0.000261916487943, 0.00190978928003, 0.000455229019281, 0.000396513962187, 0.000502511044033, 0.000870517280418, 0.00124734675046, 0.00141972047277, 0.00160954263993, 0.00113994872663, 0.00255629769526, 0.000876117264852, 0.000402848818339, 0.000309430732159, 0.000485584139824, 0.000372192327632, 0.000589000235777, 0.000337895966368, 0.000165751160239, 0.000110806569865, 5.78594772378e-05, 1.28044348457e-05, 6.29638691407e-07, 2.08701234072e-09],
        "dvar": [3.67967600834e-11, 3.90524803606e-07, 4.39010000264e-06, 7.45074615338e-08, 4.43517774329e-06, 2.16380783513e-07, 1.52273969434e-07, 3.8388975554e-07, 8.77142667832e-07, 1.424372158e-06, 3.56622649633e-06, 5.1897004596e-06, 2.42365604208e-06, 6.86609200784e-06, 1.02085311937e-06, 3.496932095e-07, 2.00457819233e-07, 1.90232597674e-07, 1.19642123764e-07, 3.33910918471e-07, 3.67119469047e-07, 1.09488645705e-07, 4.75411745526e-08, 1.69616782841e-08, 6.74919176102e-10, 2.47494581253e-12, 5.68755360208e-16],
        "dvar2": [8.94878823821e-11, 8.73975011473e-07, 5.11511007062e-06, 1.81085354711e-07, 1.18842672236e-05, 5.82394818593e-07, 3.79626300173e-07, 9.51083620748e-07, 2.27844543588e-06, 3.52845518137e-06, 9.39697929425e-06, 1.33567300509e-05, 6.75033516018e-06, 1.74137057911e-05, 2.22104108616e-06, 7.26821724584e-07, 4.8502312211e-07, 4.46206996685e-07, 2.79954861071e-07, 8.32169746445e-07, 9.72354314399e-07, 2.81270871483e-07, 1.18202194699e-07, 4.56251285641e-08, 1.85300863542e-09, 6.94676347696e-12, 5.68687279935e-16],
        "max": [0.000124883154058, 0.0101923746988, 0.0443533100188, 0.00313733890653, 0.0199437066913, 0.00497039500624, 0.00453370157629, 0.00842746254057, 0.0114349843934, 0.0122739719227, 0.0236194208264, 0.0424165762961, 0.0164353717119, 0.0325914844871, 0.0158757288009, 0.0111937867478, 0.0094226449728, 0.00538806337863, 0.00324985641055, 0.00599529687315, 0.00695017073303, 0.00353836384602, 0.00206096493639, 0.00209989352152, 0.000292151671601, 2.34110320889e-05, 8.53672759149e-07],
        "mean": [9.31860358833e-06, 0.00064252660377, 0.00105720933061, 0.000240206762101, 0.00188687629998, 0.000464679702418, 0.000368182372767, 0.000446612393716, 0.000774458691012, 0.00134163768962, 0.00130303704645, 0.00166337669361, 0.000987386098132, 0.00282702920958, 0.00108020217158, 0.00044659699779, 0.000325726490701, 0.000618947902694, 0.000506331038196, 0.000808914599475, 0.000288791808998, 0.000109376676846, 7.58710157243e-05, 3.77711548936e-05, 7.49644959797e-06, 3.47484984786e-07, 1.40292077955e-09],
        "median": [8.56732185639e-06, 0.000125302161905, 0.000119163145428, 0.000103397811472, 0.000960522156674, 0.000255344551988, 0.000196267137653, 0.000203505362151, 0.000401075812988, 0.000654735020362, 0.000375281495508, 0.000517024192959, 0.000191599421669, 0.00158581149299, 0.000412383669754, 0.000156732770847, 0.000129156105686, 0.000421892676968, 0.000356203207048, 0.000560836051591, 0.000112744462967, 1.55402958626e-05, 1.05873104985e-05, 5.85887801208e-06, 1.56691930897e-06, 1.0552739127e-07, 2.71750955072e-10],
        "min": [6.26834122386e-08, 1.44617558817e-07, 4.19929726547e-08, 2.44691449325e-08, 6.07917286288e-07, 4.87967042773e-07, 3.46463934875e-07, 3.42359868455e-07, 4.00155357738e-07, 1.71699809925e-07, 1.62713959639e-07, 2.18466652768e-07, 6.02088974233e-08, 9.94927660258e-08, 1.34470226953e-07, 4.35038245428e-08, 1.93514875235e-08, 9.04677932567e-08, 3.70773740599e-08, 2.01299101832e-08, 1.55396406853e-08, 1.3878784344e-08, 1.63968412181e-08, 2.55701486651e-08, 2.84218124591e-08, 2.21381787902e-10, 6.77616920908e-11],
        "var": [3.6754467525e-11, 1.04580703919e-06, 1.46218080772e-05, 1.34986549938e-07, 6.37211041976e-06, 3.79303145337e-07, 2.45769001594e-07, 5.62292882478e-07, 1.24110590605e-06, 3.28716896547e-06, 6.41020915282e-06, 1.10234768727e-05, 3.84564691558e-06, 1.46491120177e-05, 2.83754297925e-06, 8.50038134104e-07, 4.47219889566e-07, 4.64154879865e-07, 2.82953237729e-07, 7.18627745755e-07, 3.46828443298e-07, 1.03922957351e-07, 4.84107225418e-08, 1.45727101497e-08, 5.31671873194e-10, 1.61816903193e-12, 5.7052184742e-16]
    },
    "erbbands": {
        "dmean": [0.00327213993296, 0.0851524248719, 0.636539041996, 0.559744477272, 2.7546877861, 4.33933830261, 2.39729762077, 2.38346362114, 3.46187210083, 4.49323558807, 7.37325906754, 12.3718347549, 24.6630325317, 22.6780433655, 37.1077423096, 43.02085495, 36.279209137, 67.3857879639, 48.9515304565, 20.3498039246, 8.88907051086, 9.08176517487, 14.105884552, 13.2166156769, 12.8005828857, 20.1151103973, 10.3323001862, 7.12644052505, 3.98025035858, 2.68486499786, 1.96382653713, 1.08913803101, 0.449198067188, 0.137511476874, 0.0288326367736, 0.00393792800605, 0.000337240751833, 1.84371510841e-05, 4.78942956761e-06, 6.79682034388e-06],
        "dmean2": [0.00526370108128, 0.121967248619, 0.837094962597, 0.804824113846, 4.42415094376, 7.1940112114, 3.971326828, 3.87574577332, 5.57251548767, 7.10828971863, 11.7536621094, 19.8013629913, 39.8292045593, 35.0617828369, 62.0523643494, 69.4495849609, 57.7946281433, 108.038040161, 76.012336731, 30.1347160339, 13.1007995605, 13.9359359741, 22.0189208984, 20.5185260773, 19.7983169556, 32.7451286316, 16.5952091217, 11.9982213974, 6.28669595718, 4.20486736298, 3.07404184341, 1.71376407146, 0.713346123695, 0.22785140574, 0.0485151484609, 0.00678079295903, 0.000571788812522, 3.00942174363e-05, 7.05609136276e-06, 9.80939876172e-06],
        "dvar": [4.47566853836e-05, 0.041451074183, 4.39293479919, 1.55737495422, 23.4343414307, 74.3020935059, 20.5257167816, 14.655087471, 26.0827655792, 70.3854217529, 196.566116333, 560.378967285, 1541.64685059, 1682.26953125, 6321.93847656, 8669.20507812, 5755.06835938, 15366.1435547, 6521.66894531, 1252.45166016, 297.208343506, 342.967987061, 480.657989502, 367.320556641, 333.735198975, 995.863220215, 582.168334961, 618.1484375, 158.858764648, 74.4663925171, 37.9874191284, 13.9082593918, 2.49167752266, 0.214144036174, 0.0114730559289, 0.000245397590334, 1.64809455327e-06, 2.65037858327e-09, 8.56437074037e-11, 7.68516153493e-11],
        "dvar2": [0.000115933828056, 0.0814599692822, 5.28008031845, 2.39410567284, 60.7533874512, 199.78338623, 56.8892326355, 38.6265678406, 65.3754806519, 169.193527222, 469.215179443, 1421.62744141, 4053.94848633, 4050.7800293, 16505.2617188, 22301.8535156, 16322.6367188, 39360.5039062, 15492.0849609, 2712.27197266, 621.022644043, 796.000366211, 1113.75488281, 879.22088623, 735.674133301, 2552.53515625, 1475.01428223, 1699.47851562, 408.285522461, 189.911056519, 95.1721954346, 36.803653717, 6.70819139481, 0.586621582508, 0.0317205861211, 0.000681004137732, 4.58143676951e-06, 6.43456221638e-09, 1.93774593593e-10, 1.60233493141e-10],
        "max": [0.0942086651921, 3.40310096741, 42.8179664612, 24.689201355, 62.1252174377, 94.5548934937, 50.9556121826, 46.4864654541, 56.8900146484, 131.768295288, 214.056671143, 336.172149658, 494.279724121, 487.725311279, 918.08013916, 1583.2824707, 910.326904297, 1782.06420898, 1017.3616333, 601.723999023, 332.458679199, 407.683319092, 336.227294922, 306.657684326, 187.280792236, 415.29196167, 277.324279785, 283.767456055, 135.536834717, 94.8839569092, 60.9663619995, 60.6117210388, 18.615486145, 5.62195396423, 1.42982268333, 0.184915497899, 0.0176583845168, 0.000711647269782, 0.000132034023409, 8.6142688815e-05],
        "mean": [0.00711667397991, 0.198882460594, 1.15367746353, 0.98904889822, 4.51703214645, 5.96383810043, 3.87433505058, 3.92520093918, 5.34102535248, 6.59308624268, 10.9668178558, 18.1657066345, 37.9579544067, 39.508972168, 60.2486953735, 74.4053649902, 58.0152130127, 120.393608093, 99.3138885498, 40.6921424866, 17.8322734833, 17.2843837738, 28.6154747009, 28.9422588348, 28.776556015, 42.6123275757, 18.7013568878, 8.32082939148, 4.19169378281, 2.81821465492, 2.09414792061, 1.12600529194, 0.466310620308, 0.138943895698, 0.0273255165666, 0.00366085441783, 0.000441504555056, 3.33952011715e-05, 1.39962858157e-05, 2.40660356212e-05],
        "median": [0.00159678398632, 0.0419674068689, 0.148888453841, 0.382733315229, 1.95483577251, 2.8200302124, 2.05136942863, 2.21231603622, 3.16772127151, 3.13670444489, 5.37246131897, 9.13322639465, 22.6066932678, 12.8979139328, 21.9885063171, 27.9351215363, 17.2479858398, 61.1231193542, 51.0946235657, 20.9031391144, 8.40003681183, 8.34216594696, 18.7138996124, 21.209695816, 20.0266284943, 29.4304046631, 10.8195562363, 2.33758616447, 0.651232659817, 0.37221634388, 0.303762674332, 0.184237584472, 0.0746099352837, 0.0294175259769, 0.0051775216125, 0.000740004237741, 0.000220568981604, 2.28815079026e-05, 1.12987836474e-05, 2.0445249902e-05],
        "min": [7.18608043826e-06, 4.74593907711e-05, 5.68058603676e-05, 0.000158070703037, 0.000417377159465, 0.00188606022857, 0.00283928867429, 0.00505915703252, 0.0071518025361, 0.00491466280073, 0.00841777212918, 0.00718649290502, 0.00724320206791, 0.00789925083518, 0.00805004779249, 0.00960813462734, 0.00482463743538, 0.00470003439113, 0.00675384886563, 0.00792256277055, 0.00238614017144, 0.00131567800418, 0.00408843811601, 0.00278020068072, 0.00161406584084, 0.000963554834016, 0.000779077294283, 0.000559633306693, 0.000506713346113, 0.000495326064993, 0.000473000982311, 0.000510604178999, 0.000369918649085, 0.000304356799461, 0.000169579900103, 1.03978554762e-05, 9.49767411385e-07, 1.09173612373e-07, 1.31802025294e-07, 9.5032781644e-08],
        "var": [0.000144146266393, 0.115642942488, 14.3929681778, 4.8218588829, 46.0560340881, 85.6029281616, 29.6963176727, 25.5382652283, 40.147605896, 123.096115112, 321.229736328, 789.053955078, 2414.74291992, 3860.74365234, 11629.6582031, 18672.1015625, 9664.07226562, 30731.5917969, 19161.9550781, 3578.48950195, 999.574645996, 868.008300781, 1112.57397461, 895.635559082, 897.690856934, 2106.28613281, 701.410095215, 493.651550293, 150.007598877, 72.1748657227, 37.6517448425, 12.2688045502, 2.1448571682, 0.174579367042, 0.00848250929266, 0.000171401858097, 1.17522472465e-06, 2.46024711714e-09, 1.57803506373e-10, 3.41353001421e-10]
    },
    "gfcc": {
        "mean": [-50.8739891052, 108.044456482, -181.260314941, 30.8529644012, -60.6408729553, 5.45905971527, -28.0943660736, -7.03706550598, -31.2590961456, -6.21395158768, -4.18581390381, -19.4323558807, -1.74838411808],
        "cov": [[7428.19140625, -698.650756836, -1526.64575195, 1205.1652832, -496.964935303, 114.419891357, 80.0336990356, -268.230377197, 165.654006958, -315.658905029, 95.0195236206, -456.284240723, 130.094238281], [-698.650756836, 894.609130859, 568.903259277, 101.659385681, 463.38458252, -52.7115974426, 163.758956909, 46.9797286987, 29.6979179382, 38.7120780945, -46.9131202698, -55.2011299133, -56.4551620483], [-1526.64575195, 568.903259277, 1426.47790527, 366.513946533, 198.059402466, 29.4953594208, -153.201766968, 50.4540634155, 31.1334571838, 16.5159282684, -168.595184326, 111.385848999, -114.479393005], [1205.1652832, 101.659385681, 366.513946533, 784.460021973, 11.7017383575, -26.5872173309, -107.105697632, -24.1564922333, 134.540298462, -82.8096923828, -80.7601242065, -68.9457473755, 10.4935970306], [-496.964935303, 463.38458252, 198.059402466, 11.7017383575, 458.64755249, 43.0897216797, 157.605117798, 73.8409194946, 17.4853420258, 68.9481048584, -7.12469291687, -31.92045784, -12.4407043457], [114.419891357, -52.7115974426, 29.4953594208, -26.5872173309, 43.0897216797, 233.745452881, 97.7860336304, 11.7103357315, -26.1171264648, 10.2661046982, 29.5342712402, 5.75504016876, -22.6850891113], [80.0336990356, 163.758956909, -153.201766968, -107.105697632, 157.605117798, 97.7860336304, 253.908493042, 30.9468517303, -26.2010536194, 24.5022640228, 64.8948364258, -32.0521507263, -11.7260274887], [-268.230377197, 46.9797286987, 50.4540634155, -24.1564922333, 73.8409194946, 11.7103357315, 30.9468517303, 140.406799316, 71.1436386108, 48.2702178955, -3.02438545227, 10.7033815384, 12.0293312073], [165.654006958, 29.6979179382, 31.1334571838, 134.540298462, 17.4853420258, -26.1171264648, -26.2010536194, 71.1436386108, 145.085708618, 30.4473133087, -12.1010723114, -13.3121767044, 19.0043449402], [-315.658905029, 38.7120780945, 16.5159282684, -82.8096923828, 68.9481048584, 10.2661046982, 24.5022640228, 48.2702178955, 30.4473133087, 93.063911438, 21.8659915924, 17.6532344818, -0.212946936488], [95.0195236206, -46.9131202698, -168.595184326, -80.7601242065, -7.12469291687, 29.5342712402, 64.8948364258, -3.02438545227, -12.1010723114, 21.8659915924, 87.6279678345, 9.33421897888, 11.8465147018], [-456.284240723, -55.2011299133, 111.385848999, -68.9457473755, -31.92045784, 5.75504016876, -32.0521507263, 10.7033815384, -13.3121767044, 17.6532344818, 9.33421897888, 115.140548706, 11.2334480286], [130.094238281, -56.4551620483, -114.479393005, 10.4935970306, -12.4407043457, -22.6850891113, -11.7260274887, 12.0293312073, 19.0043449402, -0.212946936488, 11.8465147018, 11.2334480286, 63.5751991272]],
        "icov": [[0.000761603412684, -0.000689512002282, 0.00141708517913, -0.00170756876469, 0.000989523716271, -0.00118272542022, 0.000197148416191, 0.000237407948589, 0.000159225863172, 0.000105245489976, 0.000196927328943, 0.000624149746727, 0.000231648329645], [-0.000689512002282, 0.00738158635795, -0.00509240478277, 0.00306437700056, -0.00528361694887, 0.00553222140297, -0.00518103502691, 0.00266697816551, -0.00315683241934, 0.00225538038649, -0.00181901163887, 0.00372893782333, -0.00159866618924], [0.00141708517913, -0.00509240478277, 0.00687040807679, -0.00517774792388, 0.00324761914089, -0.00501925777644, 0.00421576015651, -0.0020291027613, 0.00282542686909, -0.00175210402813, 0.00354418484494, -0.00424375757575, 0.00504924403504], [-0.00170756876469, 0.00306437700056, -0.00517774792388, 0.00712841236964, -0.00334442197345, 0.00324512924999, -0.00128861772828, 0.00189889781177, -0.00457969494164, 0.00316765485331, -0.00144461996388, 0.00175354385283, -0.00303928484209], [0.000989523716271, -0.00528361694887, 0.00324761914089, -0.00334442197345, 0.00851198006421, -0.00388783705421, 6.09096205153e-05, -0.00206094351597, 0.00294306618161, -0.00442973012105, 0.00281349639408, -0.000100824683614, -0.00103822001256], [-0.00118272542022, 0.00553222140297, -0.00501925777644, 0.00324512924999, -0.00388783705421, 0.0103763369843, -0.0060007465072, 0.00084106560098, -0.00115696177818, 0.00101684848778, -0.00231386441737, 0.00131861353293, -1.7705206119e-05], [0.000197148416191, -0.00518103502691, 0.00421576015651, -0.00128861772828, 6.09096205153e-05, -0.0060007465072, 0.0132854906842, -0.0042445291765, 0.00339615577832, 0.000445297075203, -0.00400278531015, -0.0018831170164, 0.00398893095553], [0.000237407948589, 0.00266697816551, -0.0020291027613, 0.00189889781177, -0.00206094351597, 0.00084106560098, -0.0042445291765, 0.0147568359971, -0.00872353371233, -0.00119499710854, 0.00165156798903, 0.00155852769967, -0.00374243594706], [0.000159225863172, -0.00315683241934, 0.00282542686909, -0.00457969494164, 0.00294306618161, -0.00115696177818, 0.00339615577832, -0.00872353371233, 0.0167654231191, -0.00676248548552, 0.00125461025164, -0.000858252926264, 3.8206064346e-05], [0.000105245489976, 0.00225538038649, -0.00175210402813, 0.00316765485331, -0.00442973012105, 0.00101684848778, 0.000445297075203, -0.00119499710854, -0.00676248548552, 0.0206635147333, -0.00673627853394, 0.000528606178705, 0.00116635509767], [0.000196927328943, -0.00181901163887, 0.00354418484494, -0.00144461996388, 0.00281349639408, -0.00231386441737, -0.00400278531015, 0.00165156798903, 0.00125461025164, -0.00673627853394, 0.0222085528076, -0.00534936506301, -0.000314404780511], [0.000624149746727, 0.00372893782333, -0.00424375757575, 0.00175354385283, -0.000100824683614, 0.00131861353293, -0.0018831170164, 0.00155852769967, -0.000858252926264, 0.000528606178705, -0.00534936506301, 0.0183804258704, -0.00808108132333], [0.000231648329645, -0.00159866618924, 0.00504924403504, -0.00303928484209, -0.00103822001256, -1.7705206119e-05, 0.00398893095553, -0.00374243594706, 3.8206064346e-05, 0.00116635509767, -0.000314404780511, -0.00808108132333, 0.0261428859085]]
    },
    "melbands": {
        "dmean": [5.19299283042e-05, 0.000252778147114, 0.000140259071486, 0.00029642318259, 9.69166794675e-05, 5.39669708814e-05, 5.15445244673e-05, 5.12342849106e-05, 6.59943034407e-05, 8.04421142675e-05, 0.000123106510728, 8.81767409737e-05, 0.000131301974761, 0.000109038024675, 9.56234725891e-05, 8.1132951891e-05, 0.000141290220199, 9.60689649219e-05, 3.77328760806e-05, 2.42308979068e-05, 1.05829094537e-05, 1.02815229184e-05, 1.44898767758e-05, 1.49188545038e-05, 1.14595450214e-05, 9.41005600907e-06, 1.08234062282e-05, 1.49526676978e-05, 7.6056448961e-06, 5.03586352352e-06, 3.85218208976e-06, 2.43022009272e-06, 1.69566772001e-06, 1.39934365961e-06, 1.18799698612e-06, 9.07341984657e-07, 5.89317721733e-07, 3.43008537129e-07, 1.96679366127e-07, 8.92097489213e-08],
        "dmean2": [7.91970596765e-05, 0.000336190045346, 0.000207389006391, 0.000481138122268, 0.00015987236111, 8.71806332725e-05, 8.28098709462e-05, 8.1960883108e-05, 0.000105957828055, 0.00012904072355, 0.000198419409571, 0.000135580165079, 0.000220127287321, 0.000174611894181, 0.000151114683831, 0.000131304521346, 0.000228638426051, 0.000151484739035, 5.68295181438e-05, 3.76642456104e-05, 1.63355689438e-05, 1.61855241458e-05, 2.22251437663e-05, 2.36607684201e-05, 1.80140723387e-05, 1.4900966562e-05, 1.67013840837e-05, 2.4652814318e-05, 1.22632773127e-05, 8.30499539006e-06, 6.67503491059e-06, 3.93484060623e-06, 2.66412803285e-06, 2.20707033805e-06, 1.87172861388e-06, 1.43307022427e-06, 9.48357353536e-07, 5.496355584e-07, 3.25127246015e-07, 1.50875237637e-07],
        "dvar": [1.19562120204e-08, 6.04266858772e-07, 5.9457910595e-08, 2.98042323266e-07, 3.21223616595e-08, 7.21679604965e-09, 5.85126036512e-09, 9.8829548989e-09, 1.43140699294e-08, 2.21033999992e-08, 3.81127556182e-08, 2.87452390779e-08, 8.87804887384e-08, 8.85174600285e-08, 2.70046012218e-08, 2.91491382143e-08, 6.05225949357e-08, 2.86614838529e-08, 4.34432934071e-09, 3.18254333997e-09, 5.0257298323e-10, 7.03304470218e-10, 5.41007294519e-10, 4.49383558143e-10, 2.88750162669e-10, 2.06487854593e-10, 2.43968095726e-10, 5.60684665363e-10, 2.63644661658e-10, 2.36349884108e-10, 1.98807387219e-10, 6.42300448939e-11, 2.89930805059e-11, 2.05018588911e-11, 1.4359925575e-11, 7.79622373603e-12, 5.14373049362e-12, 1.45623996802e-12, 5.44319255467e-13, 8.86740699857e-14],
        "dvar2": [2.7628095367e-08, 7.61853812037e-07, 1.07873944444e-07, 8.03032094154e-07, 8.73771881515e-08, 1.87683202313e-08, 1.4816460947e-08, 2.4847164326e-08, 3.44272201858e-08, 5.6233531609e-08, 1.00080193022e-07, 6.89609009896e-08, 2.32345456652e-07, 2.31231751968e-07, 7.19009989325e-08, 8.01350736879e-08, 1.55484045194e-07, 7.06114917648e-08, 9.83652093112e-09, 6.58508980678e-09, 1.22265686464e-09, 1.67830638276e-09, 1.2769186819e-09, 1.13803200197e-09, 7.13824388487e-10, 4.82372308763e-10, 5.68338209828e-10, 1.45382739181e-09, 6.72976729899e-10, 6.31730168177e-10, 5.50773870955e-10, 1.682028683e-10, 7.29808158351e-11, 5.25740145862e-11, 3.5879754029e-11, 2.00151336477e-11, 1.39592807799e-11, 3.921817298e-12, 1.50447276165e-12, 2.44155065089e-13],
        "max": [0.0015414704103, 0.0154614783823, 0.00410032365471, 0.00511445011944, 0.00222293939441, 0.00102511723526, 0.000750336563215, 0.00126309052575, 0.00167415454052, 0.0019526934484, 0.00240370584652, 0.00206496287137, 0.00385398231447, 0.00635240646079, 0.00275724031962, 0.00248682731763, 0.00305529800244, 0.00248464057222, 0.00106691231485, 0.00108770257793, 0.00035521161044, 0.000629043206573, 0.000343517953297, 0.000253859063378, 0.000264839531155, 0.000156579684699, 0.000226977950661, 0.000296618469292, 0.000190222737729, 0.000171817751834, 0.000167059493833, 8.62613742356e-05, 5.48798707314e-05, 5.61806336918e-05, 4.09028762078e-05, 2.28962599067e-05, 4.37476337538e-05, 1.5443758457e-05, 8.27071926324e-06, 3.70836301045e-06],
        "mean": [0.000121600220155, 0.000491866085213, 0.000254630198469, 0.000436650036136, 0.000153574321303, 9.10143353394e-05, 7.90436097304e-05, 7.40076357033e-05, 9.66090883594e-05, 0.000115165683383, 0.000185810495168, 0.00014800914505, 0.000203144125408, 0.000182878633495, 0.000156644993694, 0.000116334689665, 0.000243758709985, 0.000183711148566, 7.16326176189e-05, 4.04239472118e-05, 1.80540755537e-05, 1.71200790646e-05, 2.45182673098e-05, 2.78893749055e-05, 2.30208715948e-05, 1.87841778825e-05, 2.30237328651e-05, 2.96104662993e-05, 1.3161613424e-05, 6.56099200569e-06, 4.02843897973e-06, 2.45802561949e-06, 1.78730601874e-06, 1.44614784858e-06, 1.26048564653e-06, 9.39280710099e-07, 5.95118990532e-07, 3.58940212664e-07, 1.90852674109e-07, 9.02119978718e-08],
        "median": [2.65805065283e-05, 8.97634599824e-05, 0.000110170461994, 0.000207761637284, 8.35902174003e-05, 5.16914842592e-05, 4.45563637186e-05, 3.41372324328e-05, 4.7974041081e-05, 5.79515581194e-05, 0.000107647254481, 4.20777541876e-05, 6.11080395174e-05, 5.85312955081e-05, 5.61477390875e-05, 2.81581742456e-05, 0.000117139155918, 8.25395036372e-05, 2.78687948594e-05, 1.36482967719e-05, 7.02766510585e-06, 6.38416622678e-06, 1.22706878756e-05, 1.85760527529e-05, 1.54391782416e-05, 1.20611457533e-05, 1.56963851623e-05, 1.91615090444e-05, 7.60093598728e-06, 2.31592548516e-06, 8.21892570002e-07, 3.22445970369e-07, 2.43044979698e-07, 1.70993942561e-07, 1.6884246179e-07, 1.59905837904e-07, 8.84019044634e-08, 5.47622960312e-08, 3.30325953257e-08, 2.02623500201e-08],
