{
"highlevel": {
    "danceability": {
        "all": {
            "danceable": 0.672463357449,
            "not_danceable": 0.327536612749
        },
        "probability": 0.672463357449,
        "value": "danceable"
    },
    "gender": {
        "all": {
            "female": 0.546368002892,
            "male": 0.453631997108
        },
        "probability": 0.546368002892,
        "value": "female"
    },
    "genre_dortmund": {
        "all": {
            "alternative": 0.300522893667,
            "blues": 0.00337192555889,
            "electronic": 0.0146662220359,
            "folkcountry": 0.13087387383,
            "funksoulrnb": 0.000892595911864,
            "jazz": 0.00730774132535,
            "pop": 0.0586896911263,
            "raphiphop": 0.000660287332721,
            "rock": 0.483014762402
        },
        "probability": 0.483014762402,
        "value": "rock"
    },
    "genre_electronic": {
        "all": {
            "ambient": 0.820362925529,
            "dnb": 0.0355756208301,
            "house": 0.00749752903357,
            "techno": 0.00355831184424,
            "trance": 0.13300563395
        },
        "probability": 0.820362925529,
        "value": "ambient"
    },
    "genre_rosamerica": {
        "all": {
            "cla": 0.0387855656445,
            "dan": 0.0302729457617,
            "hip": 0.00694848084822,
            "jaz": 0.0608647316694,
            "pop": 0.085673995316,
            "rhy": 0.0412399098277,
            "roc": 0.713011264801,
            "spe": 0.0232030879706
        },
        "probability": 0.713011264801,
        "value": "roc"
    },
    "genre_tzanetakis": {
        "all": {
            "blu": 0.0626613423228,
            "cla": 0.0348169617355,
            "cou": 0.104475811124,
            "dis": 0.0784321576357,
            "hip": 0.15692435205,
            "jaz": 0.313974827528,
            "met": 0.0448166541755,
            "pop": 0.0627359300852,
            "reg": 0.0627360641956,
            "roc": 0.0784258767962
        },
        "probability": 0.313974827528,
        "value": "jaz"
    },
    "ismir04_rhythm": {
        "all": {
            "ChaChaCha": 0.143576741219,
            "Jive": 0.0839611664414,
            "Quickstep": 0.278076857328,
            "Rumba-American": 0.0297638233751,
            "Rumba-International": 0.162714958191,
            "Rumba-Misc": 0.0109199797735,
            "Samba": 0.117200650275,
            "Tango": 0.0495461300015,
            "VienneseWaltz": 0.0615103729069,
            "Waltz": 0.0627293139696
        },
        "probability": 0.278076857328,
        "value": "Quickstep"
    },
    "mood_acoustic": {
        "all": {
            "acoustic": 0.838856458664,
            "not_acoustic": 0.161143526435
        },
        "probability": 0.838856458664,
        "value": "acoustic"
    },
    "mood_aggressive": {
        "all": {
            "aggressive": 0.636714696884,
            "not_aggressive": 0.363285273314
        },
        "probability": 0.636714696884,
        "value": "aggressive"
    },
    "mood_electronic": {
        "all": {
            "electronic": 0.332997173071,
            "not_electronic": 0.667002797127
        },
        "probability": 0.667002797127,
        "value": "not_electronic"
    },
    "mood_happy": {
        "all": {
            "happy": 0.214967995882,
            "not_happy": 0.78503203392
        },
        "probability": 0.78503203392,
        "value": "not_happy"
    },
    "mood_party": {
        "all": {
            "not_party": 0.9187759161,
            "party": 0.081224091351
        },
        "probability": 0.9187759161,
        "value": "not_party"
    },
    "mood_relaxed": {
        "all": {
            "not_relaxed": 0.195784434676,
            "relaxed": 0.804215550423
        },
        "probability": 0.804215550423,
        "value": "relaxed"
    },
    "mood_sad": {
        "all": {
            "not_sad": 0.268122762442,
            "sad": 0.731877207756
        },
        "probability": 0.731877207756,
        "value": "sad"
    },
    "moods_mirex": {
        "all": {
            "Cluster1": 0.531403779984,
            "Cluster2": 0.0458510257304,
            "Cluster3": 0.299959599972,
            "Cluster4": 0.0595804005861,
            "Cluster5": 0.0632051900029
        },
        "probability": 0.531403779984,
        "value": "Cluster1"
    },
    "timbre": {
        "all": {
            "bright": 0.165200755,
            "dark": 0.834799230099
        },
        "probability": 0.834799230099,
        "value": "dark"
    },
    "tonal_atonal": {
        "all": {
            "atonal": 0.000485645898152,
            "tonal": 0.999514341354
        },
        "probability": 0.999514341354,
        "value": "tonal"
    },
    "voice_instrumental": {
        "all": {
            "instrumental": 0.00124632753432,
            "voice": 0.998753666878
        },
        "probability": 0.998753666878,
        "value": "voice"
    }
},
"lowlevel": {
    "average_loudness": 0.976766705513,
    "barkbands_crest": {
        "dmean": 2.37676858902,
        "dmean2": 3.95087838173,
        "dvar": 4.58745193481,
        "dvar2": 12.1426124573,
        "max": 19.5906200409,
        "mean": 9.66637134552,
        "median": 9.26385402679,
        "min": 3.6129181385,
        "var": 9.2715587616
    },
    "barkbands_flatness_db": {
        "dmean": 0.0189512856305,
        "dmean2": 0.0300876051188,
        "dvar": 0.000293248565868,
        "dvar2": 0.00081905501429,
        "max": 0.280766308308,
        "mean": 0.159506112337,
        "median": 0.158408805728,
        "min": 0.0709065943956,
        "var": 0.000929746835027
    },
    "barkbands_kurtosis": {
        "dmean": 2.97750496864,
        "dmean2": 4.93817615509,
        "dvar": 21.4006061554,
        "dvar2": 58.4743118286,
        "max": 56.2465057373,
        "mean": 5.87113618851,
        "median": 4.88464355469,
        "min": -1.23249864578,
        "var": 26.1497306824
    },
    "barkbands_skewness": {
        "dmean": 0.502962887287,
        "dmean2": 0.815010905266,
        "dvar": 0.293221354485,
        "dvar2": 0.77833199501,
        "max": 6.50540828705,
        "mean": 2.02623152733,
        "median": 1.97563493252,
        "min": -0.0385265350342,
        "var": 0.629939854145
    },
    "barkbands_spread": {
        "dmean": 3.68292737007,
        "dmean2": 5.80804252625,
        "dvar": 13.5785360336,
        "dvar2": 33.9050598145,
        "max": 49.7750396729,
        "mean": 14.7176151276,
        "median": 13.3333330154,
        "min": 2.99306583405,
        "var": 40.4552536011
    },
    "dissonance": {
        "dmean": 0.0218023732305,
        "dmean2": 0.0362786799669,
        "dvar": 0.000334828480845,
        "dvar2": 0.000946625659708,
        "max": 0.499999970198,
        "mean": 0.455057293177,
        "median": 0.457604706287,
        "min": 0.343677848577,
        "var": 0.000591662654188
    },
    "dynamic_complexity": 1.3818628788,
    "erbbands_crest": {
        "dmean": 3.98476815224,
        "dmean2": 6.49152469635,
        "dvar": 12.3700504303,
        "dvar2": 30.5741424561,
        "max": 27.6636180878,
        "mean": 10.2158670425,
        "median": 8.88146686554,
        "min": 2.60586905479,
        "var": 24.9190597534
    },
    "erbbands_flatness_db": {
        "dmean": 0.0183946415782,
        "dmean2": 0.0280126035213,
        "dvar": 0.00023315542785,
        "dvar2": 0.000500896421727,
        "max": 0.277388751507,
        "mean": 0.157624781132,
        "median": 0.157214939594,
        "min": 0.0851235687733,
        "var": 0.00097527296748
    },
    "erbbands_kurtosis": {
        "dmean": 1.1966561079,
        "dmean2": 1.92007529736,
        "dvar": 1.80738925934,
        "dvar2": 4.62501573563,
        "max": 13.0392494202,
        "mean": 0.830367982388,
        "median": 0.426696300507,
        "min": -1.55075418949,
        "var": 3.19033384323
    },
    "erbbands_skewness": {
        "dmean": 0.404281198978,
        "dmean2": 0.635267317295,
        "dvar": 0.100971862674,
        "dvar2": 0.247136503458,
        "max": 3.28153657913,
        "mean": 0.80836468935,
        "median": 0.803028404713,
        "min": -0.904594302177,
        "var": 0.276679188013
    },
    "erbbands_spread": {
        "dmean": 8.91215896606,
        "dmean2": 13.919336319,
        "dvar": 60.3990707397,
        "dvar2": 135.162506104,
        "max": 118.267417908,
        "mean": 38.7053947449,
        "median": 35.718372345,
        "min": 9.11702156067,
        "var": 290.038299561
    },
    "hfc": {
        "dmean": 4.65831565857,
        "dmean2": 7.32407331467,
        "dvar": 24.2754974365,
        "dvar2": 58.3620796204,
        "max": 70.2952270508,
        "mean": 21.3527565002,
        "median": 18.482383728,
        "min": 4.03325366974,
        "var": 114.076370239
    },
    "melbands_crest": {
        "dmean": 3.14979815483,
        "dmean2": 5.32382202148,
        "dvar": 7.61689519882,
        "dvar2": 20.639497757,
        "max": 28.0249290466,
        "mean": 14.9069795609,
        "median": 14.7285013199,
        "min": 5.5438117981,
        "var": 17.1993560791
    },
    "melbands_flatness_db": {
        "dmean": 0.0210050512105,
        "dmean2": 0.0339305177331,
        "dvar": 0.00045839275117,
        "dvar2": 0.00121104158461,
        "max": 0.35616055131,
        "mean": 0.212641686201,
        "median": 0.210658505559,
        "min": 0.114424183965,
        "var": 0.00137017574161
    },
    "melbands_kurtosis": {
        "dmean": 7.31614494324,
        "dmean2": 12.1556386948,
        "dvar": 134.659057617,
        "dvar2": 364.155883789,
        "max": 129.213760376,
        "mean": 14.4395170212,
        "median": 10.7995319366,
        "min": -0.464510679245,
        "var": 181.819671631
    },
    "melbands_skewness": {
        "dmean": 0.830503880978,
        "dmean2": 1.34601759911,
        "dvar": 0.678414165974,
        "dvar2": 1.75086176395,
        "max": 8.48000049591,
        "mean": 2.78406214714,
        "median": 2.62478756905,
        "min": 0.0519472658634,
        "var": 1.65500414371
    },
    "melbands_spread": {
        "dmean": 3.43160128593,
        "dmean2": 5.5622959137,
        "dvar": 11.0405025482,
        "dvar2": 28.6319389343,
        "max": 39.1198616028,
        "mean": 13.8920316696,
        "median": 13.1255216599,
        "min": 2.02245259285,
        "var": 31.1100177765
    },
    "pitch_salience": {
        "dmean": 0.0708064287901,
        "dmean2": 0.118222497404,
        "dvar": 0.00372665375471,
        "dvar2": 0.0103372903541,
        "max": 0.823080658913,
        "mean": 0.528471469879,
        "median": 0.525222480297,
        "min": 0.211050644517,
        "var": 0.00919835083187
    },
    "silence_rate_20dB": {
        "dmean": 0,
        "dmean2": 0,
        "dvar": 0,
        "dvar2": 0,
        "max": 1,
        "mean": 1,
        "median": 1,
        "min": 1,
        "var": 0
    },
    "silence_rate_30dB": {
        "dmean": 0,
        "dmean2": 0,
        "dvar": 0,
        "dvar2": 0,
        "max": 1,
        "mean": 1,
        "median": 1,
        "min": 1,
        "var": 0
    },
    "silence_rate_60dB": {
        "dmean": 0,
        "dmean2": 0,
        "dvar": 0,
        "dvar2": 0,
        "max": 0,
        "mean": 0,
        "median": 0,
        "min": 0,
        "var": 0
    },
    "spectral_centroid": {
        "dmean": 139.608322144,
        "dmean2": 220.527862549,
        "dvar": 18280.1269531,
        "dvar2": 45467.5546875,
        "max": 1820.47497559,
        "mean": 796.496643066,
        "median": 751.234863281,
        "min": 254.356445312,
        "var": 58798.9492188
    },
    "spectral_complexity": {
        "dmean": 3.04179573059,
        "dmean2": 4.79318380356,
        "dvar": 5.90229415894,
        "dvar2": 14.5436162949,
        "max": 41,
        "mean": 20.5877799988,
        "median": 20,
        "min": 8,
        "var": 29.7998962402
    },
    "spectral_decrease": {
        "dmean": 2.96298030555e-09,
        "dmean2": 4.99209784621e-09,
        "dvar": 1.47222515321e-17,
        "dvar2": 4.18562488939e-17,
        "max": -2.78298872836e-09,
        "mean": -1.06125730426e-08,
        "median": -9.85227366357e-09,
        "min": -3.73359796413e-08,
        "var": 1.86575632963e-17
    },
    "spectral_energy": {
        "dmean": 0.0114620458335,
        "dmean2": 0.0192611459643,
        "dvar": 0.000215255917283,
        "dvar2": 0.000611118855886,
        "max": 0.143548190594,
        "mean": 0.0419910103083,
        "median": 0.0389001108706,
        "min": 0.010869435966,
        "var": 0.000285423768219
    },
    "spectral_energyband_high": {
        "dmean": 0.0001651912753,
        "dmean2": 0.000236781095737,
        "dvar": 6.4726705773e-08,
        "dvar2": 1.43383161344e-07,
        "max": 0.00385898351669,
        "mean": 0.000601484498475,
        "median": 0.000406542007113,
        "min": 2.7505278922e-05,
        "var": 3.50590084963e-07
    },
    "spectral_energyband_low": {
        "dmean": 0.00767832202837,
        "dmean2": 0.0132800778374,
        "dvar": 0.000177602603799,
        "dvar2": 0.000506208394654,
        "max": 0.123325198889,
        "mean": 0.0176529642195,
        "median": 0.0151803689077,
        "min": 0.000626379274763,
        "var": 0.000180650735274
    },
    "spectral_energyband_middle_high": {
        "dmean": 0.00135586375836,
        "dmean2": 0.00210861279629,
        "dvar": 3.42609200743e-06,
        "dvar2": 7.81542894401e-06,
        "max": 0.0322835110128,
        "mean": 0.00435164337978,
        "median": 0.00287481374107,
        "min": 0.000628905836493,
        "var": 1.65179262694e-05
    },
    "spectral_energyband_middle_low": {
        "dmean": 0.00799036957324,
        "dmean2": 0.0129279214889,
        "dvar": 5.93167023908e-05,
        "dvar2": 0.000162848169566,
        "max": 0.0763494595885,
        "mean": 0.0255427826196,
        "median": 0.0234738681465,
        "min": 0.00290407426655,
        "var": 0.000144027479109
    },
    "spectral_entropy": {
        "dmean": 0.141353219748,
        "dmean2": 0.220388889313,
        "dvar": 0.0147037664428,
        "dvar2": 0.0366876088083,
        "max": 8.27418136597,
        "mean": 7.51852893829,
        "median": 7.50646543503,
        "min": 6.73766613007,
        "var": 0.0634756535292
    },
    "spectral_flux": {
        "dmean": 0.0255579166114,
        "dmean2": 0.0420827195048,
        "dvar": 0.000816025072709,
        "dvar2": 0.00185001222417,
        "max": 0.315216004848,
        "mean": 0.0997769385576,
        "median": 0.0911931246519,
        "min": 0.036444272846,
        "var": 0.00154553621542
    },
    "spectral_kurtosis": {
        "dmean": 1.25788140297,
        "dmean2": 2.13528442383,
        "dvar": 1.73946905136,
        "dvar2": 5.02707099915,
        "max": 16.213300705,
        "mean": 3.96141338348,
        "median": 3.76764011383,
        "min": -0.390955448151,
        "var": 4.78654289246
    },
    "spectral_rms": {
        "dmean": 0.000839401036501,
        "dmean2": 0.00139085121918,
        "dvar": 8.72903285654e-07,
        "dvar2": 2.46101944867e-06,
        "max": 0.0118341464549,
        "mean": 0.00628501549363,
        "median": 0.00616046506912,
        "min": 0.00325642875396,
        "var": 1.46550723912e-06
    },
    "spectral_rolloff": {
        "dmean": 202.248275757,
        "dmean2": 345.348022461,
        "dvar": 87487.515625,
        "dvar2": 208178.1875,
        "max": 4974.16992188,
        "mean": 715.742736816,
        "median": 602.9296875,
        "min": 150.732421875,
        "var": 150281.453125
    },
    "spectral_skewness": {
        "dmean": 0.173779293895,
        "dmean2": 0.278233379126,
        "dvar": 0.0238296370953,
        "dvar2": 0.0618465729058,
        "max": 2.92139697075,
        "mean": 1.64145863056,
        "median": 1.66007304192,
        "min": 0.637812316418,
        "var": 0.124453395605
    },
    "spectral_spread": {
        "dmean": 425568.09375,
        "dmean2": 627349.4375,
        "dvar": 220632121344,
        "dvar2": 461091897344,
        "max": 9530928,
        "mean": 4596323.5,
        "median": 4443643.5,
        "min": 2290211,
        "var": 1.36016914022e+12
    },
    "spectral_strongpeak": {
        "dmean": 0.538165032864,
        "dmean2": 0.947622179985,
        "dvar": 0.58872038126,
        "dvar2": 1.48194205761,
        "max": 6.61191272736,
        "mean": 0.960997521877,
        "median": 0.742466390133,
        "min": 0.078542008996,
        "var": 0.659092903137
    },
    "zerocrossingrate": {
        "dmean": 0.00615264615044,
        "dmean2": 0.00804094411433,
        "dvar": 3.65389205399e-05,
        "dvar2": 6.05318928137e-05,
        "max": 0.13427734375,
        "mean": 0.0406636707485,
        "median": 0.0390625,
        "min": 0.0087890625,
        "var": 0.000252679776167
    },
    "barkbands": {
        "dmean": [2.83655517705e-05, 0.00202852510847, 0.00481350673363, 0.00349409179762, 0.00268509890884, 0.00183713063598, 0.00153507408686, 0.00391857372597, 0.00111300498247, 0.000562811037526, 0.000314570061164, 0.000379678647732, 0.000218685934669, 0.000288821494905, 0.000372090609744, 0.000237951273448, 0.000111469569674, 0.000102461315691, 6.86149724061e-05, 4.41927440988e-05, 3.69378649339e-05, 4.49548497272e-05, 5.13384620717e-05, 4.782144606e-05, 2.57377705566e-05, 1.09289549073e-05, 7.32845961693e-09],
        "dmean2": [4.88797959406e-05, 0.00356752122752, 0.00833236053586, 0.00604714732617, 0.00444371579215, 0.00298739760183, 0.00243684533052, 0.00614841934294, 0.00186313816812, 0.000907541601919, 0.000525288458448, 0.000628248613793, 0.00036658681347, 0.000489192723762, 0.000609792245086, 0.000372936832719, 0.000181780735147, 0.000167317019077, 0.000112647656351, 7.36410729587e-05, 5.86689639022e-05, 7.15928690624e-05, 8.05167946965e-05, 7.31491454644e-05, 3.97318763135e-05, 1.93286959984e-05, 1.09865965214e-08],
        "dvar": [3.84389720054e-09, 1.08521744551e-05, 9.30443129619e-05, 1.97187055164e-05, 2.59854823526e-05, 4.03490230383e-06, 4.63469132228e-06, 1.98407778953e-05, 4.84879683427e-06, 1.21471964576e-06, 4.22379514475e-07, 3.22318896906e-07, 2.32277557188e-07, 5.28529255917e-07, 6.6484085437e-07, 2.69988987611e-07, 9.17242530818e-08, 2.93353092928e-08, 1.19678000843e-08, 3.49560558277e-09, 2.96825741763e-09, 3.9868077728e-09, 7.25486337672e-09, 8.49497272526e-09, 2.89903234751e-09, 2.5424207184e-09, 8.00773598093e-15],
        "dvar2": [9.96589388791e-09, 3.08193157252e-05, 0.000265531387413, 5.88391521887e-05, 6.78571595927e-05, 1.09448137664e-05, 1.18867683341e-05, 4.97338151035e-05, 1.22227456814e-05, 2.91703304356e-06, 1.1218724012e-06, 7.48817058138e-07, 4.91192224672e-07, 1.56058229095e-06, 1.70550788425e-06, 5.69045937482e-07, 2.15780374901e-07, 7.19346218148e-08, 2.71555311571e-08, 9.76280301046e-09, 7.57183649114e-09, 9.11214481647e-09, 1.80719013088e-08, 1.6500562694e-08, 7.25660731504e-09, 7.29710558645e-09, 8.63400249597e-15],
        "max": [0.000653728027828, 0.0361059680581, 0.0879859179258, 0.0577753297985, 0.0558262355626, 0.0206030383706, 0.0257537476718, 0.0596269965172, 0.0319432131946, 0.0203941892833, 0.014300795272, 0.0116151701659, 0.00843380112201, 0.0121696470305, 0.0122427083552, 0.00905054342002, 0.00861271191388, 0.002479466144, 0.00204188679345, 0.000754580018111, 0.00118140084669, 0.000903648964595, 0.00173656654079, 0.00202055973932, 0.000649714842439, 0.000837689673062, 2.95189443023e-06],
        "mean": [3.31876399287e-05, 0.00292834639549, 0.00876181013882, 0.00823003333062, 0.00397031567991, 0.00314486166462, 0.00259422627278, 0.00552269257605, 0.00169107294641, 0.000803790346254, 0.000524948118255, 0.000625505577773, 0.000349806185113, 0.000504278461449, 0.000636808341369, 0.000439030118287, 0.000202023904421, 0.000220071829972, 0.00015480631555, 9.96251037577e-05, 0.000101261852251, 0.000125266597024, 0.00014302204363, 0.000117612747999, 5.59412401344e-05, 1.06647139546e-05, 6.00105209969e-09],
        "median": [9.8460004665e-06, 0.00175929011311, 0.00536511279643, 0.00698894960806, 0.00212195795029, 0.00245658797212, 0.00172607437707, 0.00372712383978, 0.000967114698142, 0.000473625637824, 0.000260911823716, 0.000389186170651, 0.000190737846424, 0.000202868934139, 0.000289065792458, 0.000205937380088, 0.0001279390126, 0.000134063651785, 0.000101681340311, 7.13917179382e-05, 6.87610809109e-05, 8.67092458066e-05, 8.44258975121e-05, 6.30993599771e-05, 2.86114081973e-05, 3.31249930241e-06, 6.65987820447e-10],
        "min": [2.07911217132e-08, 1.62785945577e-05, 8.9018169092e-05, 3.26445006067e-05, 9.42234619288e-05, 9.35773714446e-05, 8.07528485893e-05, 9.35618008953e-05, 4.21598306275e-05, 1.43214920172e-05, 1.54891713464e-05, 2.87018046947e-05, 3.32803538186e-05, 1.92435200006e-05, 1.96101336769e-05, 2.13191306102e-05, 1.29506670419e-05, 8.97459449334e-06, 1.19001279018e-05, 6.7865175879e-06, 8.46048988024e-06, 6.91894274496e-06, 3.60112494491e-06, 6.36474965177e-07, 3.3322093973e-09, 3.52178113061e-11, 8.17426681898e-12],
        "var": [4.1951278007e-09, 1.32876739372e-05, 0.000101188205008, 3.70207890228e-05, 3.1234940252e-05, 6.23381811238e-06, 8.535460438e-06, 3.20806902891e-05, 8.01020996732e-06, 2.04389993996e-06, 8.76993055954e-07, 7.71239797359e-07, 3.96531618208e-07, 1.14546742225e-06, 1.36192284117e-06, 6.461053772e-07, 1.14688688768e-07, 7.10609810994e-08, 3.15596793143e-08, 7.74560149353e-09, 1.03697539444e-08, 1.38073774636e-08, 2.87504633434e-08, 3.18150377154e-08, 7.37474215029e-09, 1.57073765106e-09, 7.87169401927e-15]
    },
    "erbbands": {
        "dmean": [0.0250380672514, 0.609320878983, 4.21134185791, 9.96147441864, 11.3102426529, 6.82372140884, 9.63653278351, 15.7242736816, 26.8510665894, 23.7810707092, 103.319778442, 27.6051883698, 21.3345336914, 10.9760046005, 11.5781526566, 16.0397586823, 9.75733184814, 10.2803421021, 20.3532352448, 16.3652954102, 10.0182027817, 5.35031080246, 5.3321928978, 4.43881082535, 3.0091137886, 1.94075298309, 1.4157230854, 1.52718734741, 1.64899969101, 1.80270004272, 1.44379591942, 1.23156189919, 0.698041796684, 0.328256726265, 0.176479026675, 0.0728117078543, 0.0142465615645, 0.00120674702339, 2.68513158517e-05, 1.31907718242e-05],
        "dmean2": [0.0420382097363, 1.07013869286, 7.2874174118, 17.2293663025, 18.7506408691, 11.6711931229, 15.0996170044, 25.9843654633, 42.5463218689, 38.4801445007, 163.467498779, 45.0018348694, 34.5184516907, 17.8214435577, 19.4306716919, 27.1966323853, 16.2911586761, 16.8375797272, 33.9783172607, 25.7454586029, 15.9854202271, 8.5704498291, 8.5446062088, 7.35129833221, 4.83256864548, 3.19815969467, 2.28138661385, 2.42409014702, 2.62096357346, 2.88208270073, 2.29254674911, 1.89433419704, 1.07779431343, 0.504311740398, 0.280166625977, 0.124452598393, 0.0253986883909, 0.00220060278662, 4.71304410894e-05, 2.21772352234e-05],
        "dvar": [0.00137340370566, 1.08575153351, 77.5528945923, 174.763778687, 376.279296875, 198.007965088, 125.88658905, 365.146911621, 980.875366211, 2350.4543457, 12591.6220703, 2042.83422852, 2076.29418945, 447.707977295, 569.638427734, 523.313537598, 440.92767334, 425.265045166, 2009.1895752, 1705.61975098, 455.592254639, 174.241271973, 100.530593872, 51.8363227844, 27.0301761627, 6.63104057312, 4.35081291199, 5.02720451355, 5.7290353775, 6.29311752319, 5.68707180023, 8.31309509277, 1.64455699921, 0.351740449667, 0.228071793914, 0.102754577994, 0.00394853251055, 8.27540934552e-05, 2.19943938617e-08, 2.95736740652e-10],
        "dvar2": [0.00362067227252, 3.11690998077, 220.514450073, 511.949249268, 963.199584961, 542.81072998, 298.633728027, 986.909057617, 2444.29272461, 5884.15429688, 31127.7578125, 5110.34277344, 4952.30615234, 1006.81933594, 1559.93994141, 1161.1685791, 940.126647949, 1132.08776855, 5626.96142578, 4073.91064453, 1020.87561035, 404.456848145, 245.966598511, 126.175918579, 61.8375358582, 17.722782135, 11.100733757, 12.5261650085, 13.6566286087, 15.5632629395, 13.9158554077, 15.7419633865, 3.92139053345, 0.741229116917, 0.630110621452, 0.293444186449, 0.0112845292315, 0.000243712609517, 6.40596695689e-08, 8.14702361129e-10],
        "max": [0.378834038973, 11.0419750214, 71.1524581909, 141.724777222, 191.517578125, 147.258010864, 114.343864441, 197.260864258, 319.428955078, 653.13067627, 1054.53344727, 798.169128418, 836.77154541, 427.095733643, 595.705993652, 510.206604004, 417.721618652, 344.591278076, 721.428405762, 603.84197998, 446.916015625, 373.687438965, 164.27961731, 157.139572144, 101.162368774, 32.5453529358, 35.2725639343, 49.6506614685, 35.2734375, 32.5323028564, 41.408290863, 77.4686050415, 25.8401603699, 9.66128921509, 7.92695856094, 5.86834764481, 0.789103031158, 0.2157150805, 0.003303472884, 0.0001737215498],
        "mean": [0.0464027673006, 0.884973526001, 7.16717576981, 25.1188430786, 18.5688762665, 10.048822403, 14.5673046112, 25.503528595, 43.9491081238, 38.6530075073, 144.788070679, 45.5105781555, 31.529176712, 20.4945335388, 22.0519752502, 26.0546989441, 17.0649852753, 20.1301288605, 37.4437065125, 29.5981845856, 20.2756137848, 11.270989418, 11.6553373337, 10.4285993576, 6.58609008789, 4.60846185684, 3.61730337143, 4.24386835098, 4.35679101944, 4.8167963028, 3.89873480797, 2.95117974281, 1.63306117058, 0.768178880215, 0.322076499462, 0.0829191058874, 0.0135073410347, 0.000989088788629, 4.62975476694e-05, 5.04933632328e-05],
        "median": [0.0276292841882, 0.550809264183, 4.48045349121, 23.1844844818, 11.1651887894, 5.6498465538, 9.8261013031, 18.6809158325, 31.0699100494, 21.4070720673, 97.6298828125, 29.7243022919, 17.1327037811, 10.660902977, 11.9045267105, 16.9386558533, 9.93361282349, 9.54506778717, 16.2824611664, 12.5036449432, 11.3136377335, 7.20055007935, 7.05737781525, 6.91020441055, 4.38028669357, 3.35380244255, 2.38979554176, 2.90718221664, 2.93807625771, 3.35531806946, 2.31370449066, 1.57750499249, 0.829406380653, 0.385923981667, 0.149421960115, 0.031057914719, 0.00372660206631, 0.000168817088706, 3.00607352983e-05, 4.64965996798e-05],
        "min": [0.00147788750473, 0.00936823431402, 0.175735518336, 0.568908929825, 0.611358046532, 0.341676622629, 0.389599204063, 1.00748825073, 2.08004522324, 2.2178132534, 2.01495957375, 1.14516806602, 1.96080112457, 1.11553549767, 1.49778175354, 1.57288193703, 1.82772302628, 1.73703575134, 2.10143637657, 1.57153522968, 1.23616230488, 0.918133854866, 0.64299082756, 0.83318322897, 0.494203984737, 0.38188791275, 0.157678708434, 0.225800037384, 0.22521841526, 0.23111154139, 0.0967430397868, 0.0220659393817, 0.0126199256629, 0.00155893038027, 9.45145948208e-05, 1.57061149366e-05, 5.65308164369e-06, 1.38109885484e-06, 5.87028398513e-06, 1.23095187519e-05],
        "var": [0.00298428605311, 1.13949513435, 70.5621566772, 292.75579834, 505.253967285, 244.064331055, 211.106369019, 542.604064941, 1749.35827637, 3513.63232422, 21383.125, 3422.56274414, 3539.78076172, 1269.73864746, 1133.21655273, 1142.4440918, 771.095458984, 1044.18566895, 5064.76855469, 3222.8815918, 1068.99707031, 267.202850342, 209.811431885, 138.863296509, 58.3119697571, 16.1053180695, 12.3850803375, 17.5107135773, 18.7647647858, 21.3368988037, 23.7390460968, 24.3661975861, 6.52980661392, 1.41421020031, 0.317022323608, 0.0684731304646, 0.0024435534142, 4.45733858214e-05, 1.25993944167e-08, 4.15557671607e-10]
    },
    "gfcc": {
        "mean": [27.5616111755, 117.186004639, -117.025123596, 37.7981872559, -75.1026611328, 20.4792747498, -45.7315826416, 7.86904907227, -13.7223091125, -5.59451913834, -16.7863578796, -14.566119194, -16.1432666779],
        "cov": [[813.899597168, -462.110137939, 75.7407455444, -84.1661224365, -23.8381633759, 33.8331756592, -118.4764328, 85.2129440308, -170.887390137, 107.675857544, -126.432106018, 67.1147232056, -91.7328796387], [-462.110137939, 545.500244141, -161.717407227, -25.6870231628, 86.6668319702, -72.189666748, 96.9891204834, -93.1154937744, 155.740341187, -106.664428711, 106.847923279, -50.8005867004, 75.0236129761], [75.7407455444, -161.717407227, 258.871002197, 38.7724647522, -20.8670005798, 60.5292053223, -23.0957813263, 44.2202720642, -64.6111450195, 57.0437660217, -20.6248836517, 44.1908226013, -13.4878940582], [-84.1661224365, -25.6870231628, 38.7724647522, 182.00189209, -30.6355457306, 27.0901966095, 1.69256687164, -15.6739702225, 22.2573127747, -29.6588077545, 47.2636413574, -19.1417484283, 42.1885452271], [-23.8381633759, 86.6668319702, -20.8670005798, -30.6355457306, 144.000610352, -1.57566142082, 5.97712802887, 4.10077810287, 11.8824157715, 6.77337265015, -10.6391639709, 18.5051212311, -9.03591918945], [33.8331756592, -72.189666748, 60.5292053223, 27.0901966095, -1.57566142082, 121.867935181, 28.0323505402, 21.6172561646, -20.2384338379, 23.3058834076, 15.0696659088, -4.85876893997, 12.4807605743], [-118.4764328, 96.9891204834, -23.0957813263, 1.69256687164, 5.97712802887, 28.0323505402, 103.639030457, -5.20747518539, 35.1061058044, -21.7717761993, 23.2595844269, -15.7485122681, 0.637671709061], [85.2129440308, -93.1154937744, 44.2202720642, -15.6739702225, 4.10077810287, 21.6172561646, -5.20747518539, 79.952911377, -6.03640508652, 37.4350166321, -23.4176387787, 8.4587097168, -16.9974517822], [-170.887390137, 155.740341187, -64.6111450195, 22.2573127747, 11.8824157715, -20.2384338379, 35.1061058044, -6.03640508652, 126.638427734, -26.2739906311, 35.1144371033, -34.5506210327, 19.2318668365], [107.675857544, -106.664428711, 57.0437660217, -29.6588077545, 6.77337265015, 23.3058834076, -21.7717761993, 37.4350166321, -26.2739906311, 84.0511779785, -16.8751049042, 26.9138145447, -19.0865764618], [-126.432106018, 106.847923279, -20.6248836517, 47.2636413574, -10.6391639709, 15.0696659088, 23.2595844269, -23.4176387787, 35.1144371033, -16.8751049042, 95.1716918945, 3.21163773537, 40.5923271179], [67.1147232056, -50.8005867004, 44.1908226013, -19.1417484283, 18.5051212311, -4.85876893997, -15.7485122681, 8.4587097168, -34.5506210327, 26.9138145447, 3.21163773537, 87.0911712646, 4.32391881943], [-91.7328796387, 75.0236129761, -13.4878940582, 42.1885452271, -9.03591918945, 12.4807605743, 0.637671709061, -16.9974517822, 19.2318668365, -19.0865764618, 40.5923271179, 4.32391881943, 74.0398101807]],
        "icov": [[0.00314858136699, 0.00175379985012, 0.0011679304298, 0.00073303154204, -0.000107362728158, -0.000794972816948, 0.00159341993276, -0.000724708603229, 0.00127947819419, -0.000264266855083, 0.000674028415233, -0.000990477390587, 0.00114760617726], [0.00175379985012, 0.0188706852496, -0.00387437967584, 0.0118892481551, -0.0117274271324, 0.0108969518915, -0.00917200557888, 0.00906054582447, -0.00867727026343, 0.00810354016721, -0.0138037297875, 0.0100641762838, -0.0142149310559], [0.0011679304298, -0.00387437967584, 0.00822450593114, -0.00515943719074, 0.00389513443224, -0.00550293549895, 0.00348015245982, -0.00412355177104, 0.00421043345705, -0.00431511551142, 0.00521652400494, -0.0060347514227, 0.00552383251488], [0.00073303154204, 0.0118892481551, -0.00515943719074, 0.0160320401192, -0.00684373825788, 0.00596139347181, -0.00450569717214, 0.00621700519696, -0.00679770251736, 0.00835489947349, -0.0118547920138, 0.00861792825162, -0.0116725862026], [-0.000107362728158, -0.0117274271324, 0.00389513443224, -0.00684373825788, 0.0155284302309, -0.00867177080363, 0.0064831818454, -0.00581721542403, 0.00416719261557, -0.00536069367081, 0.0106950597838, -0.00989406649023, 0.0105749228969], [-0.000794972816948, 0.0108969518915, -0.00550293549895, 0.00596139347181, -0.00867177080363, 0.0211039930582, -0.0121384672821, 0.00352857355028, -0.00195030751638, 0.00108065723907, -0.0115647027269, 0.0115514127538, -0.0136762717739], [0.00159341993276, -0.00917200557888, 0.00348015245982, -0.00450569717214, 0.0064831818454, -0.0121384672821, 0.0203431975096, -0.00559401558712, 0.00205315975472, -7.93113940745e-05, 0.00583836296573, -0.00716439029202, 0.0125111462548], [-0.000724708603229, 0.00906054582447, -0.00412355177104, 0.00621700519696, -0.00581721542403, 0.00352857355028, -0.00559401558712, 0.0233081970364, -0.00843268539757, -0.00143260275945, -0.00365814962424, 0.00502693234012, -0.00674509303644], [0.00127947819419, -0.00867727026343, 0.00421043345705, -0.00679770251736, 0.00416719261557, -0.00195030751638, 0.00205315975472, -0.00843268539757, 0.0187623910606, -0.0052483570762, 0.00366549915634, -0.00083553395234, 0.00571463443339], [-0.000264266855083, 0.00810354016721, -0.00431511551142, 0.00835489947349, -0.00536069367081, 0.00108065723907, -7.93113940745e-05, -0.00143260275945, -0.0052483570762, 0.0248803123832, -0.00797449797392, 0.000960373901762, -0.00315696862526], [0.000674028415233, -0.0138037297875, 0.00521652400494, -0.0118547920138, 0.0106950597838, -0.0115647027269, 0.00583836296573, -0.00365814962424, 0.00366549915634, -0.00797449797392, 0.0295373946428, -0.0128206992522, 0.00643910653889], [-0.000990477390587, 0.0100641762838, -0.0060347514227, 0.00861792825162, -0.00989406649023, 0.0115514127538, -0.00716439029202, 0.00502693234012, -0.00083553395234, 0.000960373901762, -0.0128206992522, 0.0245406962931, -0.0133135654032], [0.00114760617726, -0.0142149310559, 0.00552383251488, -0.0116725862026, 0.0105749228969, -0.0136762717739, 0.0125111462548, -0.00674509303644, 0.00571463443339, -0.00315696862526, 0.00643910653889, -0.0133135654032, 0.033878121525]]
    },
    "melbands": {
        "dmean": [0.000383460574085, 0.00171599118039, 0.00167168944608, 0.000679291086271, 0.00029300650931, 0.000386911910027, 0.000368014269043, 0.000297790305922, 0.000841780623887, 0.000135205409606, 0.00010797692812, 4.58795257146e-05, 4.34390858572e-05, 3.9766793634e-05, 3.47170935129e-05, 1.83850788744e-05, 2.09942663787e-05, 3.57417229679e-05, 2.40835597651e-05, 2.11280021176e-05, 1.15080028991e-05, 6.30769909549e-06, 5.62156583328e-06, 4.91210948894e-06, 4.01355646318e-06, 2.3443074042e-06, 2.08166920856e-06, 1.38856194098e-06, 9.02802696601e-07, 1.15423677016e-06, 1.01876025838e-06, 1.0441710856e-06, 9.98529003482e-07, 1.12764507776e-06, 9.30978387714e-07, 9.43329325764e-07, 8.08598656477e-07, 5.88942157265e-07, 4.04404630672e-07, 2.82792626649e-07],
        "dmean2": [0.0006615530001, 0.00297838449478, 0.00287571689114, 0.00113166007213, 0.000467608188046, 0.00063300068723, 0.00058466399787, 0.000479180220282, 0.00133774487767, 0.000227176220505, 0.000174292479642, 7.44863427826e-05, 7.27225124137e-05, 6.65748739266e-05, 5.79198494961e-05, 3.06627662212e-05, 3.53547256964e-05, 5.95284145675e-05, 3.93736590922e-05, 3.36504635925e-05, 1.84912914847e-05, 1.03770607893e-05, 8.82461881702e-06, 8.06119624031e-06, 6.63385026201e-06, 3.80944447897e-06, 3.48795492755e-06, 2.27495456784e-06, 1.47168157127e-06, 1.88580509075e-06, 1.64715379469e-06, 1.67237271853e-06, 1.59204580541e-06, 1.8261829382e-06, 1.49968366259e-06, 1.48453443671e-06, 1.27334726585e-06, 9.54200913839e-07, 6.17414684712e-07, 4.45480992539e-07],
        "dvar": [3.4495883483e-07, 1.20439535749e-05, 4.67312611363e-06, 1.72339423443e-06, 1.16562915764e-07, 1.94822376898e-07, 1.87904149129e-07, 3.1876373896e-07, 8.12656821836e-07, 7.8727467212e-08, 5.23194572111e-08, 9.88204895691e-09, 9.1226715071e-09, 3.35550542907e-09, 1.04013331281e-08, 1.18707377261e-09, 1.79296177905e-09, 7.4370491987e-09, 3.02390401608e-09, 2.79830514316e-09, 6.41570463422e-10, 2.96873026162e-10, 1.18997880993e-10, 6.72525438117e-11, 4.47569342699e-11, 1.64220113202e-11, 1.37743497164e-11, 3.61814115994e-12, 2.02169682904e-12, 3.30389968856e-12, 2.47220603364e-12, 2.41300295717e-12, 1.98381090201e-12, 2.43182579109e-12, 2.638215384e-12, 7.48683840618e-12, 2.70198468634e-12, 1.34778104476e-12, 5.55188761717e-13, 2.58646294486e-13],
        "dvar2": [9.58297164289e-07, 3.4308181057e-05, 1.35727095767e-05, 4.54815790363e-06, 2.88226146949e-07, 5.18655610904e-07, 4.7522019031e-07, 8.10706922039e-07, 1.98741486201e-06, 1.97167310034e-07, 1.23945767427e-07, 2.20143530072e-08, 2.51320049216e-08, 8.45020409201e-09, 1.95042932916e-08, 2.61436583493e-09, 4.8787893725e-09, 2.14889741557e-08, 7.31882510152e-09, 6.16040152224e-09, 1.41716194335e-09, 7.13584191736e-10, 2.71954292419e-10, 1.72646050234e-10, 1.09290639039e-10, 3.74064390574e-11, 3.57139699758e-11, 9.69602263062e-12, 5.30465992313e-12, 8.58245245705e-12, 6.62496273118e-12, 6.0158891757e-12, 4.93935231258e-12, 6.12206943126e-12, 6.58138430906e-12, 1.82955473688e-11, 5.69820926555e-12, 3.52154893787e-12, 1.20575901694e-12, 5.91355089896e-13],
        "max": [0.00573574844748, 0.0270722284913, 0.0242139268667, 0.0139195462689, 0.00308652408421, 0.00462734652683, 0.00433882512152, 0.00924235209823, 0.00860692001879, 0.00432383036241, 0.00405312515795, 0.00205818191171, 0.0023709195666, 0.00135229073931, 0.00270562199876, 0.000709514832124, 0.00061910378281, 0.00152516260277, 0.000951921218075, 0.000921689381357, 0.000685336766765, 0.000483622105094, 0.000179142909474, 0.00014365107927, 0.000154860623297, 7.01725730323e-05, 6.47168126306e-05, 2.2093186999e-05, 2.0280958779e-05, 3.22860105371e-05, 3.0907929613e-05, 2.59489333985e-05, 2.26213469432e-05, 2.10943762795e-05, 2.40510235017e-05, 7.9789373558e-05, 3.71038768208e-05, 2.33691571339e-05, 1.4617128727e-05, 7.91105048847e-06],
        "mean": [0.000619069265667, 0.00297748018056, 0.00403446471319, 0.000990826054476, 0.0004502653901, 0.000644448853564, 0.000623006897513, 0.000462481810246, 0.00117710698396, 0.000217966342461, 0.000152610446094, 7.97762913862e-05, 7.59175018175e-05, 6.94330810802e-05, 5.48425268789e-05, 3.13248165185e-05, 3.69307599613e-05, 6.26011678833e-05, 4.24915306212e-05, 3.58118304575e-05, 2.12756822293e-05, 1.15769053082e-05, 1.07109017335e-05, 1.02018020698e-05, 8.50633477967e-06, 4.89142121296e-06, 4.11719111071e-06, 2.87371290142e-06, 1.98020188691e-06, 2.65686549028e-06, 2.3651648462e-06, 2.41218708652e-06, 2.50402399615e-06, 2.72844954452e-06, 2.25526378017e-06, 2.0228617359e-06, 1.75345519438e-06, 1.22762060073e-06, 8.38084076804e-07, 5.78805440909e-07],
        "median": [0.000380310841138, 0.00196587271057, 0.00371019053273, 0.00051315757446, 0.000304326647893, 0.000491633021738, 0.000436771195382, 0.000263139198069, 0.000790972902905, 0.000128970757942, 8.09655393823e-05, 4.04765996791e-05, 3.85543862649e-05, 4.40667317889e-05, 3.08957751258e-05, 1.87166915566e-05, 1.69504965015e-05, 2.52736426773e-05, 2.01098428079e-05, 1.40686461236e-05, 1.26323730001e-05, 7.20246453056e-06, 6.28056068308e-06, 6.132560884e-06, 5.4932634157e-06, 3.15135093842e-06, 2.76945047517e-06, 1.94667541109e-06, 1.27731436805e-06, 1.64197183494e-06, 1.59317585258e-06, 1.63604408954e-06, 1.71017995854e-06, 1.8317454078e-06, 1.35568802762e-06, 1.02639705801e-06, 9.30332419102e-07, 5.87853264733e-07, 4.01648350135e-07, 2.69605124004e-07],
        "min": [3.95799042963e-06, 5.64529145777e-05, 0.000165546574863, 1.83366391866e-05, 1.07802816274e-05, 2.40082790697e-05, 2.46401668846e-05, 1.04504506453e-05, 1.44530831676e-05, 6.96627785146e-06, 4.14887063016e-06, 3.52281858795e-06, 3.86739338865e-06, 4.36229902334e-06, 3.12727229357e-06, 2.24270456783e-06, 2.11269002648e-06, 2.78908078144e-06, 1.10690473321e-06, 1.36332585043e-06, 1.17355318707e-06, 8.33264778066e-07, 5.33041827566e-07, 3.43640323308e-07, 6.12156952684e-07, 2.85795891841e-07, 2.03600677651e-07, 1.54140423092e-07, 5.83409160981e-08, 1.60025209084e-07, 7.04770570792e-08, 9.13764424126e-08, 1.04830903069e-07, 9.2264365037e-08, 5.06342914264e-08, 2.1142280815e-08, 3.43094730404e-09, 3.8891303511e-09, 4.49007009351e-09, 2.52067412082e-11],
