{
"highlevel": {
    "danceability": {
        "all": {
            "danceable": 0.276105642319,
            "not_danceable": 0.723894357681
        },
        "probability": 0.723894357681,
        "value": "not_danceable"
    },
    "gender": {
        "all": {
            "female": 0.045554254204,
            "male": 0.954445719719
        },
        "probability": 0.954445719719,
        "value": "male"
    },
    "genre_dortmund": {
        "all": {
            "alternative": 0.232853218913,
            "blues": 0.0330823436379,
            "electronic": 0.0122572230175,
            "folkcountry": 0.368308097124,
            "funksoulrnb": 0.0138410655782,
            "jazz": 0.0275679863989,
            "pop": 0.145174309611,
            "raphiphop": 0.0443728454411,
            "rock": 0.122542910278
        },
        "probability": 0.368308097124,
        "value": "folkcountry"
    },
    "genre_electronic": {
        "all": {
            "ambient": 0.854537129402,
            "dnb": 0.0247390009463,
            "house": 0.081866517663,
            "techno": 0.00542538613081,
            "trance": 0.0334319770336
        },
        "probability": 0.854537129402,
        "value": "ambient"
    },
    "genre_rosamerica": {
        "all": {
            "cla": 0.0365313105285,
            "dan": 0.00798416137695,
            "hip": 0.0179977398366,
            "jaz": 0.0295732654631,
            "pop": 0.330118775368,
            "rhy": 0.52012103796,
            "roc": 0.0292201600969,
            "spe": 0.0284535437822
        },
        "probability": 0.52012103796,
        "value": "rhy"
    },
    "genre_tzanetakis": {
        "all": {
            "blu": 0.0631970837712,
            "cla": 0.0351076424122,
            "cou": 0.105340525508,
            "dis": 0.0632559657097,
            "hip": 0.158187583089,
            "jaz": 0.316573172808,
            "met": 0.0527318492532,
            "pop": 0.063265889883,
            "reg": 0.0632615014911,
            "roc": 0.0790787860751
        },
        "probability": 0.316573172808,
        "value": "jaz"
    },
    "ismir04_rhythm": {
        "all": {
            "ChaChaCha": 0.009526995942,
            "Jive": 0.00463489675894,
            "Quickstep": 0.057118665427,
            "Rumba-American": 0.00948410853744,
            "Rumba-International": 0.622248113155,
            "Rumba-Misc": 0.0188646111637,
            "Samba": 0.0276486556977,
            "Tango": 0.0061645549722,
            "VienneseWaltz": 0.154885143042,
            "Waltz": 0.0894242674112
        },
        "probability": 0.622248113155,
        "value": "Rumba-International"
    },
    "mood_acoustic": {
        "all": {
            "acoustic": 0.982501387596,
            "not_acoustic": 0.0174986030906
        },
        "probability": 0.982501387596,
        "value": "acoustic"
    },
    "mood_aggressive": {
        "all": {
            "aggressive": 0.00785829406232,
            "not_aggressive": 0.992141723633
        },
        "probability": 0.992141723633,
        "value": "not_aggressive"
    },
    "mood_electronic": {
        "all": {
            "electronic": 0.23112437129,
            "not_electronic": 0.768875598907
        },
        "probability": 0.768875598907,
        "value": "not_electronic"
    },
    "mood_happy": {
        "all": {
            "happy": 0.304291307926,
            "not_happy": 0.695708692074
        },
        "probability": 0.695708692074,
        "value": "not_happy"
    },
    "mood_party": {
        "all": {
            "not_party": 0.891896605492,
            "party": 0.108103394508
        },
        "probability": 0.891896605492,
        "value": "not_party"
    },
    "mood_relaxed": {
        "all": {
            "not_relaxed": 0.0418091602623,
            "relaxed": 0.958190858364
        },
        "probability": 0.958190858364,
        "value": "relaxed"
    },
    "mood_sad": {
        "all": {
            "not_sad": 0.072209790349,
            "sad": 0.927790224552
        },
        "probability": 0.927790224552,
        "value": "sad"
    },
    "moods_mirex": {
        "all": {
            "Cluster1": 0.115084275603,
            "Cluster2": 0.10054384172,
            "Cluster3": 0.740153133869,
            "Cluster4": 0.03754087165,
            "Cluster5": 0.0066778822802
        },
        "probability": 0.740153133869,
        "value": "Cluster3"
    },
    "timbre": {
        "all": {
            "bright": 0.673214673996,
            "dark": 0.326785296202
        },
        "probability": 0.673214673996,
        "value": "bright"
    },
    "tonal_atonal": {
        "all": {
            "atonal": 0.0909183248878,
            "tonal": 0.909081697464
        },
        "probability": 0.909081697464,
        "value": "tonal"
    },
    "voice_instrumental": {
        "all": {
            "instrumental": 5.17511871294e-05,
            "voice": 0.999948263168
        },
        "probability": 0.999948263168,
        "value": "voice"
    }
},
"lowlevel": {
    "average_loudness": 0.950768947601,
    "barkbands_crest": {
        "dmean": 2.10720777512,
        "dmean2": 3.33538603783,
        "dvar": 4.05330562592,
        "dvar2": 10.6463766098,
        "max": 20.9356803894,
        "mean": 10.156332016,
        "median": 9.76941204071,
        "min": 2.90080952644,
        "var": 10.9958791733
    },
    "barkbands_flatness_db": {
        "dmean": 0.0241559036076,
        "dmean2": 0.0337368659675,
        "dvar": 0.000651153619401,
        "dvar2": 0.00129251519684,
        "max": 0.440655201674,
        "mean": 0.208524882793,
        "median": 0.195869863033,
        "min": 0.0615421570837,
        "var": 0.00452604005113
    },
    "barkbands_kurtosis": {
        "dmean": 3.98406362534,
        "dmean2": 6.19161319733,
        "dvar": 41.4196357727,
        "dvar2": 104.47769165,
        "max": 88.9646377563,
        "mean": 8.27644252777,
        "median": 4.69631481171,
        "min": -1.88864445686,
        "var": 108.72290802
    },
    "barkbands_skewness": {
        "dmean": 0.57185870409,
        "dmean2": 0.845186114311,
        "dvar": 0.478502780199,
        "dvar2": 1.09857320786,
        "max": 7.30161380768,
        "mean": 1.86434316635,
        "median": 1.68786001205,
        "min": -2.21520638466,
        "var": 1.88530623913
    },
    "barkbands_spread": {
        "dmean": 4.63585042953,
        "dmean2": 6.50521707535,
        "dvar": 74.8107452393,
        "dvar2": 136.247680664,
        "max": 104.104675293,
        "mean": 14.7632236481,
        "median": 9.24489784241,
        "min": 1.33041357994,
        "var": 307.480133057
    },
    "dissonance": {
        "dmean": 0.0285445321351,
        "dmean2": 0.0475825965405,
        "dvar": 0.000607339374255,
        "dvar2": 0.00152824423276,
        "max": 0.498521506786,
        "mean": 0.4218544662,
        "median": 0.431157469749,
        "min": 0.134048774838,
        "var": 0.00246414728463
    },
    "dynamic_complexity": 3.57401657104,
    "erbbands_crest": {
        "dmean": 2.42107486725,
        "dmean2": 3.75969934464,
        "dvar": 5.10926675797,
        "dvar2": 11.3332366943,
        "max": 26.9631443024,
        "mean": 10.8925676346,
        "median": 9.83401298523,
        "min": 2.32999920845,
        "var": 22.1836414337
    },
    "erbbands_flatness_db": {
        "dmean": 0.0223023369908,
        "dmean2": 0.0282988157123,
        "dvar": 0.000484294287162,
        "dvar2": 0.000766296230722,
        "max": 0.410132527351,
        "mean": 0.186516836286,
        "median": 0.188178017735,
        "min": 0.067915469408,
        "var": 0.0025724042207
    },
    "erbbands_kurtosis": {
        "dmean": 1.3468515873,
        "dmean2": 1.98838114738,
        "dvar": 3.46524548531,
        "dvar2": 5.85869407654,
        "max": 46.5654678345,
        "mean": 2.41505098343,
        "median": 1.14141464233,
        "min": -1.76439201832,
        "var": 21.1617927551
    },
    "erbbands_skewness": {
        "dmean": 0.385833233595,
        "dmean2": 0.559256970882,
        "dvar": 0.154620185494,
        "dvar2": 0.30390816927,
        "max": 4.86116218567,
        "mean": 0.905886232853,
        "median": 0.96766513586,
        "min": -2.63029503822,
        "var": 0.831315815449
    },
    "erbbands_spread": {
        "dmean": 8.30560779572,
        "dmean2": 12.085187912,
        "dvar": 142.29524231,
        "dvar2": 296.379272461,
        "max": 142.085266113,
        "mean": 31.5976600647,
        "median": 25.5773830414,
        "min": 1.35986876488,
        "var": 475.918304443
    },
    "hfc": {
        "dmean": 6.69959831238,
        "dmean2": 9.25843238831,
        "dvar": 206.589904785,
        "dvar2": 341.705780029,
        "max": 255.186416626,
        "mean": 19.295753479,
        "median": 9.43534946442,
        "min": 0.0693253874779,
        "var": 815.351806641
    },
    "melbands_crest": {
        "dmean": 2.39345693588,
        "dmean2": 3.73940229416,
        "dvar": 5.4180727005,
        "dvar2": 13.7415456772,
        "max": 29.1719169617,
        "mean": 13.9638328552,
        "median": 13.2073087692,
        "min": 3.68690085411,
        "var": 23.3657970428
    },
    "melbands_flatness_db": {
        "dmean": 0.0285380519927,
        "dmean2": 0.0385606251657,
        "dvar": 0.00111155339982,
        "dvar2": 0.00219254591502,
        "max": 0.511956036091,
        "mean": 0.269674122334,
        "median": 0.255605846643,
        "min": 0.0315106622875,
        "var": 0.00866255350411
    },
    "melbands_kurtosis": {
        "dmean": 8.28171920776,
        "dmean2": 13.2330102921,
        "dvar": 297.902648926,
        "dvar2": 799.491699219,
        "max": 217.692245483,
        "mean": 16.0929279327,
        "median": 8.89855098724,
        "min": -1.81672382355,
        "var": 465.207122803
    },
    "melbands_skewness": {
        "dmean": 0.702116906643,
        "dmean2": 1.0688533783,
        "dvar": 0.879218399525,
        "dvar2": 2.16214704514,
        "max": 11.9883174896,
        "mean": 2.55013275146,
        "median": 2.24748134613,
        "min": -0.990581035614,
        "var": 2.88062381744
    },
    "melbands_spread": {
        "dmean": 5.59788751602,
        "dmean2": 8.33378410339,
        "dvar": 204.115982056,
        "dvar2": 382.097076416,
        "max": 214.156036377,
        "mean": 16.585723877,
        "median": 9.76130199432,
        "min": 1.03733026981,
        "var": 618.102050781
    },
    "pitch_salience": {
        "dmean": 0.0580194033682,
        "dmean2": 0.0923171490431,
        "dvar": 0.00288772163913,
        "dvar2": 0.00784790888429,
        "max": 0.795749545097,
        "mean": 0.530848026276,
        "median": 0.537674963474,
        "min": 0.21571020782,
        "var": 0.0102650830522
    },
    "silence_rate_20dB": {
        "dmean": 0,
        "dmean2": 0,
        "dvar": 0,
        "dvar2": 0,
        "max": 1,
        "mean": 1,
        "median": 1,
        "min": 1,
        "var": 0
    },
    "silence_rate_30dB": {
        "dmean": 0.00154798757285,
        "dmean2": 0.00309837330133,
        "dvar": 0.00154558569193,
        "dvar2": 0.00463793054223,
        "max": 1,
        "mean": 0.999226629734,
        "median": 1,
        "min": 0,
        "var": 0.000772796105593
    },
    "silence_rate_60dB": {
        "dmean": 0.00464396271855,
        "dmean2": 0.00929511990398,
        "dvar": 0.00462236534804,
        "dvar2": 0.00920866709203,
        "max": 1,
        "mean": 0.039443153888,
        "median": 0,
        "min": 0,
        "var": 0.0378874950111
    },
    "spectral_centroid": {
        "dmean": 199.626739502,
        "dmean2": 286.369232178,
        "dvar": 128831.492188,
        "dvar2": 244258.5,
        "max": 4543.72558594,
        "mean": 853.530761719,
        "median": 602.570861816,
        "min": 187.012176514,
        "var": 542275.1875
    },
    "spectral_complexity": {
        "dmean": 2.53715181351,
        "dmean2": 4.12548398972,
        "dvar": 16.3741130829,
        "dvar2": 36.5639610291,
        "max": 47,
        "mean": 12.7501935959,
        "median": 11,
        "min": 0,
        "var": 52.7380371094
    },
    "spectral_decrease": {
        "dmean": 1.7846427669e-09,
        "dmean2": 2.80314971235e-09,
        "dvar": 1.07231583524e-17,
        "dvar2": 2.73881188265e-17,
        "max": -1.94741722748e-11,
        "mean": -6.55572840458e-09,
        "median": -5.53111290102e-09,
        "min": -3.84555534083e-08,
        "var": 2.16279539867e-17
    },
    "spectral_energy": {
        "dmean": 0.00714434124529,
        "dmean2": 0.0111758932471,
        "dvar": 0.000161399235367,
        "dvar2": 0.00041113505722,
        "max": 0.147592186928,
        "mean": 0.0264930482954,
        "median": 0.0226624440402,
        "min": 0.000115344715596,
        "var": 0.000345625972841
    },
    "spectral_energyband_high": {
        "dmean": 0.000534348830115,
        "dmean2": 0.000685479200911,
        "dvar": 2.95609220302e-06,
        "dvar2": 4.27155373472e-06,
        "max": 0.0316788256168,
        "mean": 0.000923853949644,
        "median": 9.19103404158e-05,
        "min": 8.95706619986e-08,
        "var": 1.13834148578e-05
    },
    "spectral_energyband_low": {
        "dmean": 0.00298387208022,
        "dmean2": 0.00497964490205,
        "dvar": 0.000129867577925,
        "dvar2": 0.000354852410965,
        "max": 0.136691197753,
        "mean": 0.0064718881622,
        "median": 0.00430267676711,
        "min": 1.99926580535e-05,
        "var": 0.000103770922578
    },
    "spectral_energyband_middle_high": {
        "dmean": 0.00148227845784,
        "dmean2": 0.00215888652019,
        "dvar": 9.20860293263e-06,
        "dvar2": 2.11621154449e-05,
        "max": 0.053235437721,
        "mean": 0.00400895997882,
        "median": 0.00123393512331,
        "min": 1.51741051013e-06,
        "var": 3.77036049031e-05
    },
    "spectral_energyband_middle_low": {
        "dmean": 0.00471184914932,
        "dmean2": 0.0070987129584,
        "dvar": 3.49058063875e-05,
        "dvar2": 7.92112550698e-05,
        "max": 0.062672264874,
        "mean": 0.016384376213,
        "median": 0.0131514966488,
        "min": 7.50448816689e-06,
        "var": 0.000156828158651
    },
    "spectral_entropy": {
        "dmean": 0.237574249506,
        "dmean2": 0.30735424161,
        "dvar": 0.0735089853406,
        "dvar2": 0.125254034996,
        "max": 8.63754558563,
        "mean": 6.92256736755,
        "median": 6.92250490189,
        "min": 4.63975667953,
        "var": 0.481987118721
    },
    "spectral_flux": {
        "dmean": 0.020396174863,
        "dmean2": 0.0316102057695,
        "dvar": 0.000859370455146,
        "dvar2": 0.00176863314118,
        "max": 0.329608589411,
        "mean": 0.0657679066062,
        "median": 0.0559165552258,
        "min": 0.00379771389998,
        "var": 0.00222746399231
    },
    "spectral_kurtosis": {
        "dmean": 3.86323714256,
        "dmean2": 6.17599964142,
        "dvar": 25.7252445221,
        "dvar2": 61.1164360046,
        "max": 73.6859970093,
        "mean": 9.41272163391,
        "median": 6.73013687134,
        "min": -1.04050600529,
        "var": 84.1587524414
    },
    "spectral_rms": {
        "dmean": 0.000621319981292,
        "dmean2": 0.000950627028942,
        "dvar": 7.81390724569e-07,
        "dvar2": 1.84485190857e-06,
        "max": 0.0119996825233,
        "mean": 0.00476687448099,
        "median": 0.00470209540799,
        "min": 0.000335457036272,
        "var": 3.12375641442e-06
    },
    "spectral_rolloff": {
        "dmean": 402.180053711,
        "dmean2": 646.415100098,
        "dvar": 1233181.625,
        "dvar2": 2439343.25,
        "max": 11046.5332031,
        "mean": 1180.19689941,
        "median": 559.86328125,
        "min": 107.666015625,
        "var": 3638068
    },
    "spectral_skewness": {
        "dmean": 0.392975598574,
        "dmean2": 0.593630313873,
        "dvar": 0.181165575981,
        "dvar2": 0.396041125059,
        "max": 7.1256685257,
        "mean": 2.245698452,
        "median": 2.10893273354,
        "min": 0.0761136412621,
        "var": 1.0139632225
    },
    "spectral_spread": {
        "dmean": 828410.4375,
        "dmean2": 1123016.375,
        "dvar": 923191934976,
        "dvar2": 1.6419496919e+12,
        "max": 12510645,
        "mean": 4284606,
        "median": 3769151,
        "min": 1200779.625,
        "var": 4.06670619443e+12
    },
    "spectral_strongpeak": {
        "dmean": 0.436645597219,
        "dmean2": 0.734828233719,
        "dvar": 0.626515984535,
        "dvar2": 1.60811948776,
        "max": 9.3119726181,
        "mean": 1.09835970402,
        "median": 0.590879976749,
        "min": 0,
        "var": 1.51384902
    },
    "zerocrossingrate": {
        "dmean": 0.010738408193,
        "dmean2": 0.0118571780622,
        "dvar": 0.000318045378663,
        "dvar2": 0.000281540909782,
        "max": 0.34423828125,
        "mean": 0.0455336421728,
        "median": 0.0322265625,
        "min": 0.00390625,
        "var": 0.00244224676862
    },
    "barkbands": {
        "dmean": [0.000116578499728, 0.00143522303551, 0.00119153410196, 0.00133467407431, 0.00230900966562, 0.000679264951032, 0.00113910413347, 0.00151479803026, 0.000477574591059, 0.000446370337158, 0.000216056083445, 0.000549964141101, 0.000276532402495, 0.000178041053005, 0.000111504836241, 6.51732989354e-05, 8.67003691383e-05, 8.30843491713e-05, 0.00013882118219, 0.000132407920319, 8.87278074515e-05, 0.000106265724753, 0.000117299088743, 0.000118232397654, 9.47499866015e-05, 2.80709646177e-05, 1.55065060792e-09],
        "dmean2": [0.000190991049749, 0.00255905208178, 0.00208642007783, 0.00208020745777, 0.0036591028329, 0.00104683975223, 0.00172018085141, 0.00232122419402, 0.000674334878568, 0.000639436824713, 0.000342441140674, 0.000842306180857, 0.000429864390753, 0.000272260018392, 0.00018607043603, 0.000110367393063, 0.000136761940666, 0.000136628223117, 0.000212218597881, 0.000207312201383, 0.000133576075314, 0.000144797886605, 0.000146521415445, 0.000152819367941, 0.000126598897623, 4.46046688012e-05, 2.52575738102e-09],
        "dvar": [3.47429875092e-07, 4.60729461338e-05, 1.72544769157e-05, 5.90413810642e-06, 1.19702335724e-05, 1.19384014852e-06, 4.87040551889e-06, 1.38848763527e-05, 1.29577961161e-06, 1.59022442858e-06, 2.9872973073e-07, 3.21371567225e-06, 4.50712917655e-07, 2.61724693473e-07, 1.17688173873e-07, 3.48778428361e-08, 3.75923967511e-08, 7.6443178898e-08, 1.24598500406e-07, 1.36269022732e-07, 1.15769132947e-07, 1.45582248479e-07, 3.62417097222e-07, 1.95039248752e-07, 1.40847248531e-07, 5.75192249386e-09, 1.85673949847e-16],
        "dvar2": [8.95149241842e-07, 0.000128257132019, 4.85189084429e-05, 1.5052625713e-05, 3.20726067002e-05, 2.96170992442e-06, 1.12547986646e-05, 3.07329610223e-05, 2.36182495428e-06, 3.08849189423e-06, 6.96092683938e-07, 7.06043419996e-06, 1.06473521555e-06, 5.90722038396e-07, 3.25765654452e-07, 9.51899821189e-08, 8.66409735067e-08, 1.91695349372e-07, 2.83246180288e-07, 3.27958673552e-07, 2.57451773678e-07, 2.58065341541e-07, 4.98172255448e-07, 3.049914028e-07, 2.37239632384e-07, 1.37361668706e-08, 1.91535192849e-16],
        "max": [0.00627051061019, 0.0860717594624, 0.0573888272047, 0.0292288064957, 0.0337007045746, 0.0141032291576, 0.0276071876287, 0.0489605478942, 0.0177710670978, 0.02800873667, 0.00913961883634, 0.0404354631901, 0.00995692051947, 0.00755807431415, 0.00351416063495, 0.00191564369015, 0.00245339912362, 0.00647392263636, 0.00745508819818, 0.0045402534306, 0.00941753573716, 0.00850173085928, 0.0191740840673, 0.00796067900956, 0.0113737098873, 0.00155067141168, 4.86051874304e-07],
        "mean": [9.66568113654e-05, 0.00288081425242, 0.00225888378918, 0.00282612489536, 0.00488000549376, 0.0014840986114, 0.00263161933981, 0.00340118026361, 0.00099875102751, 0.000993555411696, 0.000388088112231, 0.00105544133112, 0.000480892544147, 0.000298329076031, 0.000152158550918, 8.72168093338e-05, 0.00014834839385, 0.000127061837702, 0.000248368596658, 0.000192963882, 0.000117775227409, 0.000162897849805, 0.00020953261992, 0.000202177383471, 0.000139951123856, 3.01624222629e-05, 1.32821065257e-09],
        "median": [4.15487511418e-06, 0.00174324214458, 0.00123993807938, 0.00131592876278, 0.00296565704048, 0.000879955128767, 0.00082762981765, 0.000314526259899, 0.000241044341237, 0.000134065252496, 6.32940937066e-05, 0.000152102846187, 0.000104450002254, 5.04140116391e-05, 3.59137338819e-05, 2.92543136311e-05, 3.82359066862e-05, 2.36486666836e-05, 3.92181173083e-05, 2.4272743758e-05, 1.09589072963e-05, 1.09429684017e-05, 1.31178676384e-05, 1.70991079358e-05, 7.86632426752e-06, 3.3206590615e-06, 3.71164626811e-10],
        "min": [4.98106356162e-09, 1.94375530782e-07, 5.31257865077e-06, 6.13157453699e-07, 7.54597067498e-07, 3.69696408598e-07, 8.03567843377e-07, 1.85010463838e-07, 3.38068311123e-08, 2.56813649457e-07, 3.06105363279e-08, 4.92116072337e-08, 1.81778094799e-08, 7.58780771548e-08, 6.35599661791e-08, 2.48177798312e-08, 6.45305036073e-08, 3.53749811666e-08, 1.42881662057e-08, 2.53323246824e-08, 1.19131930987e-08, 8.93039420191e-09, 3.96329236096e-09, 1.48839107705e-09, 3.46999755318e-11, 1.78203493628e-11, 1.68360325681e-11],
        "var": [2.78642630747e-07, 3.29195499944e-05, 1.45963140312e-05, 1.38851555676e-05, 2.7041971407e-05, 2.94845222015e-06, 1.73871958395e-05, 4.60525880044e-05, 3.95351071347e-06, 7.38440348869e-06, 1.12683551379e-06, 8.92877778824e-06, 1.12700172394e-06, 6.18058720647e-07, 1.33081186959e-07, 3.37467405132e-08, 8.15299046053e-08, 1.64880447073e-07, 3.23504906419e-07, 2.24894094458e-07, 2.20389480887e-07, 4.30921431871e-07, 1.38937673455e-06, 6.78305866586e-07, 3.81614682965e-07, 9.12210573745e-09, 1.85647585947e-16]
    },
    "erbbands": {
        "dmean": [0.0383088067174, 0.345916390419, 1.1750203371, 2.96031999588, 6.96279525757, 8.10194969177, 7.09945440292, 6.09472942352, 14.2767906189, 21.3424034119, 29.0725307465, 10.3409080505, 13.2920103073, 10.2396097183, 15.911149025, 16.2278118134, 11.9740915298, 9.34532642365, 7.00732183456, 5.04754972458, 3.1258893013, 4.9017367363, 4.74435663223, 3.89139056206, 9.00410461426, 6.11798906326, 3.13949465752, 4.05794143677, 3.88981175423, 3.25120902061, 3.62050151825, 2.98845076561, 1.86305749416, 1.31806337833, 0.52778172493, 0.17491209507, 0.0450840853155, 0.00360154104419, 7.31661712052e-05, 1.19561627798e-05],
        "dmean2": [0.0662625655532, 0.61553812027, 2.06146216393, 4.74503231049, 11.4664583206, 12.852057457, 10.8655357361, 9.35481357574, 22.4309940338, 31.9385280609, 44.4334564209, 14.4045257568, 18.0765552521, 15.0867576599, 24.2710838318, 24.070306778, 18.2959365845, 14.7704696655, 10.5058937073, 8.59471321106, 5.05984687805, 7.57581949234, 7.524933815, 6.34416437149, 13.8267478943, 9.67836093903, 4.8140707016, 6.22041320801, 5.31715583801, 4.29997205734, 4.76774406433, 4.14803600311, 2.42434287071, 1.7365231514, 0.7353489995, 0.267902314663, 0.0720623806119, 0.00597159611061, 0.00011486569565, 1.79945363925e-05],
        "dvar": [0.0377917140722, 2.51389908791, 20.7349033356, 39.0697784424, 153.557403564, 196.300750732, 219.394302368, 90.2335510254, 806.368103027, 2298.61230469, 6230.28515625, 619.247131348, 1399.52880859, 820.438293457, 1826.99902344, 1996.42321777, 774.252685547, 747.380310059, 340.63659668, 304.591247559, 58.452381134, 118.42375946, 247.717849731, 136.873733521, 512.278259277, 335.104736328, 138.56072998, 222.242340088, 203.76499939, 162.373413086, 444.508209229, 167.776245117, 46.4895019531, 33.5217704773, 2.92299318314, 0.279396414757, 0.0133078005165, 8.61764347064e-05, 3.10026528894e-08, 4.340734161e-10],
        "dvar2": [0.102649204433, 7.17768573761, 58.5137176514, 100.367919922, 434.736938477, 493.848022461, 483.604797363, 233.523788452, 1966.40429688, 4680.89257812, 13490.1708984, 1114.75769043, 2355.09765625, 1880.77246094, 3897.53881836, 4601.38867188, 1794.95898438, 1769.89025879, 749.934875488, 863.397766113, 150.547286987, 256.366333008, 607.176147461, 343.143188477, 1161.10791016, 853.990783691, 299.859588623, 499.273529053, 372.500732422, 236.337356567, 789.352661133, 310.308685303, 66.6155319214, 55.2168312073, 4.66928100586, 0.605272293091, 0.0322539694607, 0.000212935105083, 7.30163094431e-08, 9.24898935217e-10],
        "max": [2.64294862747, 18.2043018341, 64.0762634277, 91.9707946777, 134.336700439, 164.091888428, 214.201934814, 117.753059387, 435.852203369, 600.538452148, 1187.09765625, 389.717407227, 761.605102539, 539.304992676, 967.493896484, 806.169067383, 389.271331787, 338.998565674, 301.401641846, 195.264190674, 77.2203674316, 141.103775024, 408.340667725, 211.245071411, 370.112518311, 254.948760986, 305.48449707, 341.014984131, 356.560638428, 344.370544434, 673.054382324, 269.006988525, 135.676483154, 184.290817261, 41.1911201477, 15.1098623276, 1.6856648922, 0.0821034610271, 0.0016160934465, 0.000314988690661],
        "mean": [0.053814522922, 0.744970321655, 2.48833346367, 6.39290952682, 14.275472641, 15.5672683716, 13.1312608719, 14.1658477783, 34.3222465515, 49.9110908508, 66.218788147, 22.9669113159, 29.970823288, 22.4717655182, 31.0195007324, 32.4305381775, 23.2667388916, 16.0252532959, 11.7306890488, 6.85775327682, 5.0458574295, 9.35462093353, 7.76792049408, 6.28831386566, 16.8915367126, 8.95544624329, 4.53481340408, 5.36804866791, 5.97523450851, 5.32959842682, 6.06304597855, 4.85174322128, 3.06265664101, 1.93092763424, 0.768216252327, 0.212045550346, 0.0440738834441, 0.00316589185968, 8.61439111759e-05, 3.73761467927e-05],
        "median": [0.0258045569062, 0.470609009266, 1.45058691502, 3.21748304367, 6.8356628418, 7.97954511642, 6.95267391205, 8.10667324066, 13.9846134186, 14.3800258636, 7.55511808395, 5.95158243179, 6.07197999954, 5.21996450424, 6.53750658035, 5.6096777916, 5.25038051605, 3.76827788353, 2.04515838623, 1.87958037853, 2.00649809837, 2.36027812958, 1.41951298714, 1.48162686825, 2.33860778809, 1.13513529301, 0.469776451588, 0.468668758869, 0.395375519991, 0.382926613092, 0.350473552942, 0.282812207937, 0.308271557093, 0.123482778668, 0.0334505811334, 0.0147416805848, 0.00568329868838, 0.000378870929126, 2.57843494182e-05, 2.97193691949e-05],
        "min": [0.000132799890707, 0.00134925462771, 0.0071712769568, 0.00359199335799, 0.00109801755752, 0.00300979451276, 0.00442500598729, 0.00477606011555, 0.00930399261415, 0.0135662853718, 0.00583210261539, 0.00102643633727, 0.00299679790623, 0.00988379307091, 0.00501515110955, 0.00364042702131, 0.00252501573414, 0.00449750712141, 0.0022820327431, 0.00261456659064, 0.00409788731486, 0.00438109319657, 0.00418056640774, 0.00125713774469, 0.00129711313639, 0.00111913005821, 0.000364661274944, 0.000425276171882, 0.000331905583153, 0.000361781509127, 8.02647991804e-05, 6.27289409749e-05, 2.51233632298e-05, 8.92375646799e-06, 2.45822639044e-06, 1.8201791363e-06, 1.03639445115e-06, 9.69834061948e-08, 3.06687979901e-07, 7.18352225704e-07],
        "var": [0.025812484324, 1.78974378109, 16.0024223328, 77.1486587524, 379.171447754, 404.233856201, 424.05670166, 257.6690979, 2570.40478516, 7780.17626953, 18799.8652344, 1914.90893555, 5198.08544922, 2611.73828125, 5893.09375, 5855.14648438, 2363.22827148, 1484.90368652, 884.934143066, 304.678192139, 78.7420578003, 321.887023926, 570.934814453, 282.078369141, 1294.18249512, 482.00213623, 306.578704834, 420.486114502, 598.715576172, 564.287353516, 1311.08215332, 539.844116211, 140.21711731, 81.0983963013, 10.1699171066, 0.636087834835, 0.0149082662538, 7.64880242059e-05, 3.8697987037e-08, 1.15319265248e-09]
    },
    "gfcc": {
        "mean": [-39.0920791626, 122.689285278, -95.2933959961, 26.4585418701, -63.9066734314, 11.4370203018, -40.4682121277, 6.53457403183, -27.3081798553, -1.66629302502, -8.26524925232, -5.35066843033, -13.2338991165],
        "cov": [[7331.21044922, -2683.58325195, -1156.60583496, -154.746154785, -1012.68518066, 303.774078369, -261.263366699, 526.07409668, -560.112670898, 248.136398315, -247.220199585, -17.4493083954, -476.318695068], [-2683.58325195, 2297.24755859, -33.4755630493, -331.075317383, 575.675842285, -368.78503418, 247.826477051, -207.1822052, 371.844512939, -272.356872559, 287.703521729, -106.850761414, 207.613952637], [-1156.60583496, -33.4755630493, 880.034179688, 184.840789795, 71.7670822144, 75.0296173096, -37.1550750732, -43.2975006104, 24.540763855, 103.743423462, -70.5915527344, 100.632026672, 76.863822937], [-154.746154785, -331.075317383, 184.840789795, 398.516723633, -7.83906888962, 87.3626937866, -47.3590736389, -47.8090858459, 17.9316234589, 48.192199707, -41.7264328003, -18.8659744263, 46.5239677429], [-1012.68518066, 575.675842285, 71.7670822144, -7.83906888962, 411.248016357, -71.2636260986, 35.4794960022, -84.2404251099, 119.089202881, -13.7875328064, 21.6833019257, 12.2539262772, 44.6627464294], [303.774078369, -368.78503418, 75.0296173096, 87.3626937866, -71.2636260986, 214.893722534, 9.53158378601, 28.2848148346, -59.2412986755, 50.7672767639, -41.1236610413, 35.0299987793, 14.9812927246], [-261.263366699, 247.826477051, -37.1550750732, -47.3590736389, 35.4794960022, 9.53158378601, 245.776245117, 53.3882675171, 34.8466835022, -27.1700057983, 49.9096984863, 9.72333335876, 16.2410926819], [526.07409668, -207.1822052, -43.2975006104, -47.8090858459, -84.2404251099, 28.2848148346, 53.3882675171, 180.362182617, -17.668586731, 50.3761138916, -0.863985598087, 10.243724823, -53.1231918335], [-560.112670898, 371.844512939, 24.540763855, 17.9316234589, 119.089202881, -59.2412986755, 34.8466835022, -17.668586731, 191.378143311, 24.8032913208, 64.8857269287, -28.1737766266, 52.7619590759], [248.136398315, -272.356872559, 103.743423462, 48.192199707, -13.7875328064, 50.7672767639, -27.1700057983, 50.3761138916, 24.8032913208, 176.422973633, -21.4099197388, 38.3801651001, -19.9243412018], [-247.220199585, 287.703521729, -70.5915527344, -41.7264328003, 21.6833019257, -41.1236610413, 49.9096984863, -0.863985598087, 64.8857269287, -21.4099197388, 140.383865356, -3.537981987, 27.6830101013], [-17.4493083954, -106.850761414, 100.632026672, -18.8659744263, 12.2539262772, 35.0299987793, 9.72333335876, 10.243724823, -28.1737766266, 38.3801651001, -3.537981987, 145.870391846, 27.3983440399], [-476.318695068, 207.613952637, 76.863822937, 46.5239677429, 44.6627464294, 14.9812927246, 16.2410926819, -53.1231918335, 52.7619590759, -19.9243412018, 27.6830101013, 27.3983440399, 144.432067871]],
        "icov": [[0.000578689621761, 4.6295896027e-05, 0.00079731142614, -3.94332128053e-05, 0.000700634671375, -0.000282456341665, 0.0004914329038, -0.000810133176856, 0.000562196306419, -0.000669194967486, 0.000467677484266, -0.000225285068154, 0.000545101298485], [4.6295896027e-05, 0.00470028119162, -0.00122904020827, 0.00358203193173, -0.00357416062616, 0.00282595842145, -0.00242362031713, 0.00192967709154, -0.00308191147633, 0.00371864717454, -0.00407713651657, 0.00339845870622, -0.00353350373916], [0.00079731142614, -0.00122904020827, 0.00300532532856, -0.00156697910279, 0.00180968130007, -0.00117391359527, 0.00134925462771, -0.00145241047721, 0.00143508298788, -0.00254395580851, 0.00250754109584, -0.00216302438639, 0.00123224314302], [-3.94332128053e-05, 0.00358203193173, -0.00156697910279, 0.00623566005379, -0.00260693929158, 0.000878368329722, -0.00160646310542, 0.00244232988916, -0.00290295295417, 0.00224604946561, -0.00262095523067, 0.0038974089548, -0.00352641381323], [0.000700634671375, -0.00357416062616, 0.00180968130007, -0.00260693929158, 0.00725499307737, -0.00201106932946, 0.0018032953376, -0.00080858822912, 0.000696589588188, -0.00344999250956, 0.0046205134131, -0.0038902387023, 0.00391187006608], [-0.000282456341665, 0.00282595842145, -0.00117391359527, 0.000878368329722, -0.00201106932946, 0.00887950882316, -0.00281894486398, 0.00101225788239, 0.000354429503204, 0.000627440400422, -0.00187705352437, 0.00177513016388, -0.00428161863238], [0.0004914329038, -0.00242362031713, 0.00134925462771, -0.00160646310542, 0.0018032953376, -0.00281894486398, 0.00709639443085, -0.00403824308887, 0.00126787810586, -0.000876098813023, 0.0012084733462, -0.00238870480098, 0.00199291598983], [-0.000810133176856, 0.00192967709154, -0.00145241047721, 0.00244232988916, -0.00080858822912, 0.00101225788239, -0.00403824308887, 0.0107807768509, -0.00279260193929, 0.00013517923071, -0.00218139076605, 0.00128371757455, 0.000318470178172], [0.000562196306419, -0.00308191147633, 0.00143508298788, -0.00290295295417, 0.000696589588188, 0.000354429503204, 0.00126787810586, -0.00279260193929, 0.0136232106015, -0.00696821697056, -0.000438205286628, 0.00105800468009, -0.00102098437492], [-0.000669194967486, 0.00371864717454, -0.00254395580851, 0.00224604946561, -0.00344999250956, 0.000627440400422, -0.000876098813023, 0.00013517923071, -0.00696821697056, 0.0130868013948, -0.00298682274297, 0.000181697439984, -0.000883080530912], [0.000467677484266, -0.00407713651657, 0.00250754109584, -0.00262095523067, 0.0046205134131, -0.00187705352437, 0.0012084733462, -0.00218139076605, -0.000438205286628, -0.00298682274297, 0.0142073677853, -0.00430329330266, 0.00258176052012], [-0.000225285068154, 0.00339845870622, -0.00216302438639, 0.0038974089548, -0.0038902387023, 0.00177513016388, -0.00238870480098, 0.00128371757455, 0.00105800468009, 0.000181697439984, -0.00430329330266, 0.0124382050708, -0.0058688800782], [0.000545101298485, -0.00353350373916, 0.00123224314302, -0.00352641381323, 0.00391187006608, -0.00428161863238, 0.00199291598983, 0.000318470178172, -0.00102098437492, -0.000883080530912, 0.00258176052012, -0.0058688800782, 0.014277825132]]
    },
    "melbands": {
        "dmean": [0.000367381231626, 0.000561149092391, 0.000604254717473, 0.000521404319443, 0.000275239814073, 0.000133667286718, 0.00021895080863, 0.000272543838946, 0.000202432827791, 6.37248158455e-05, 6.94645568728e-05, 4.74135231343e-05, 4.24263525929e-05, 7.17507136869e-05, 2.71502558462e-05, 2.84548314085e-05, 1.679901834e-05, 1.2298673937e-05, 8.38243613543e-06, 5.07422873852e-06, 3.61541378879e-06, 5.12207225256e-06, 5.3696426221e-06, 3.68935411643e-06, 3.14982207783e-06, 5.89311139265e-06, 6.67302356305e-06, 3.71085479856e-06, 1.89172249065e-06, 2.24084374167e-06, 2.47382445195e-06, 2.30621390074e-06, 2.00833505914e-06, 1.89956460872e-06, 2.2397880457e-06, 2.16891976379e-06, 1.80924962478e-06, 1.36104301873e-06, 1.31276749471e-06, 1.05789968075e-06],
        "dmean2": [0.000647353648674, 0.000998938106932, 0.0009771338664, 0.00083966110833, 0.00042023070273, 0.00020613061497, 0.000338936079061, 0.000411656044889, 0.000305905181449, 8.99448568816e-05, 9.47827720665e-05, 6.97163777659e-05, 6.47293709335e-05, 0.000110700158984, 4.02110454161e-05, 4.42621349066e-05, 2.68107160082e-05, 1.8074782929e-05, 1.42250264616e-05, 8.70558778843e-06, 5.83434211876e-06, 7.98040036898e-06, 8.32891691971e-06, 6.12488429397e-06, 5.2654022511e-06, 9.17412671697e-06, 1.03952743302e-05, 6.05742934567e-06, 2.90183947982e-06, 3.4957824937e-06, 3.81639529223e-06, 3.17257877214e-06, 2.9512123092e-06, 2.58595605374e-06, 3.20257163366e-06, 2.97435144603e-06, 2.56092766904e-06, 1.94704875867e-06, 1.77816912128e-06, 1.40449469654e-06],
        "dvar": [3.16510727316e-06, 5.35789422429e-06, 1.18234584079e-06, 6.67629137752e-07, 2.66544873284e-07, 4.29268744995e-08, 1.78128928496e-07, 3.46362497794e-07, 3.02334456137e-07, 2.2675020972e-08, 3.6299184103e-08, 1.87027655585e-08, 1.01326707025e-08, 5.5167014068e-08, 5.62185720199e-09, 5.67439295551e-09, 2.92773427724e-09, 1.22759369336e-09, 8.45490233381e-10, 2.96625113361e-10, 6.51331905077e-11, 1.2248260739e-10, 2.09037578913e-10, 2.06733422048e-10, 9.21900056294e-11, 2.88284396355e-10, 2.6649474294e-10, 1.6468021391e-10, 5.25548597696e-11, 8.96755031343e-11, 8.24558962775e-11, 7.1254273315e-11, 6.33383831494e-11, 6.99308250196e-11, 2.05648706397e-10, 1.1351508622e-10, 6.01673641465e-11, 2.3765328247e-11, 4.31715045657e-11, 2.0226736952e-11],
        "dvar2": [8.64977027959e-06, 1.51387266669e-05, 3.11390544994e-06, 1.8194700715e-06, 5.9527525309e-07, 1.11423837268e-07, 4.2384903054e-07, 7.3805779266e-07, 6.50844583561e-07, 3.93639609797e-08, 6.12648065612e-08, 4.10807032836e-08, 2.15676596582e-08, 1.26751146468e-07, 1.14875646773e-08, 1.34848292532e-08, 6.89641810325e-09, 2.40794317818e-09, 2.38474151537e-09, 8.43928482652e-10, 1.59251875576e-10, 2.60047705591e-10, 5.02820007853e-10, 4.94942864471e-10, 2.40373471128e-10, 6.79118039582e-10, 5.67967395337e-10, 4.39988018242e-10, 1.13677907365e-10, 2.05919781227e-10, 1.90727322824e-10, 1.31866323416e-10, 1.24328491946e-10, 1.02781241851e-10, 4.37168384826e-10, 1.97117405731e-10, 1.2176983033e-10, 3.92024572526e-11, 7.92044207998e-11, 3.26585043731e-11],
        "max": [0.0241354107857, 0.0292400997132, 0.014235063456, 0.00816822238266, 0.00751146161929, 0.00260368455201, 0.00660658162087, 0.0079744849354, 0.00844835024327, 0.00221518892795, 0.00380906369537, 0.00283173262142, 0.0018811635673, 0.00527392700315, 0.00142159115057, 0.00123085791711, 0.000687742896844, 0.000660065503325, 0.0003562985803, 0.000193922431208, 0.000120147604321, 0.000149194893311, 0.000305338064209, 0.000369865942048, 0.000146303500514, 0.000380662881071, 0.000269880139967, 0.000206064898521, 0.000147851053043, 0.000277881597867, 0.000161122297868, 0.000209322854062, 0.000165409728652, 0.000269274052698, 0.000443871540483, 0.000263877911493, 0.00015089797671, 8.39259519125e-05, 0.000214233179577, 0.000130204614834],
        "mean": [0.000647077860776, 0.00124142318964, 0.00137572642416, 0.001091570477, 0.000515937048476, 0.000300219835481, 0.000533607730176, 0.000642310827971, 0.000453194457805, 0.000134175905259, 0.000156261623488, 0.000100977209513, 8.22355068522e-05, 0.000130592175992, 5.38839776709e-05, 4.92570543429e-05, 2.62550474872e-05, 2.04537263926e-05, 1.04394903246e-05, 6.61198100715e-06, 5.50761251361e-06, 9.22994877328e-06, 9.09132722882e-06, 5.30415491085e-06, 4.46622243544e-06, 1.07168625618e-05, 1.17747085824e-05, 4.61009949504e-06, 2.72616671282e-06, 2.74616354545e-06, 3.19537321047e-06, 3.500559842e-06, 2.94771120934e-06, 3.05702178593e-06, 3.46857905242e-06, 3.45158764503e-06, 2.79615483123e-06, 2.18273567043e-06, 1.88969272585e-06, 1.53566213612e-06],
        "median": [0.00037287370651, 0.000785637996159, 0.000765219039749, 0.000610872521065, 0.000296357728075, 0.000168123224284, 0.000214222804061, 0.000136655726237, 4.95048370794e-05, 3.01502077491e-05, 2.87627808575e-05, 1.924775097e-05, 1.6055035303e-05, 1.87049045053e-05, 9.12947507459e-06, 1.16996352517e-05, 4.87849138153e-06, 2.84432439912e-06, 2.53133066508e-06, 1.93993241737e-06, 2.26627776101e-06, 2.45614410233e-06, 1.50181051595e-06, 1.00060333352e-06, 9.84606117527e-07, 1.51544736582e-06, 1.39808548738e-06, 5.20822595718e-07, 2.33392540849e-07, 2.26940613857e-07, 2.54420399415e-07, 2.18812459707e-07, 1.86395993751e-07, 2.01452024839e-07, 2.05099681239e-07, 1.48800893385e-07, 1.72415028032e-07, 2.18643123162e-07, 1.55159568749e-07, 7.48849089405e-08],
        "min": [5.53184662522e-08, 3.09453093905e-06, 6.59171632833e-07, 1.21154798194e-07, 1.69476834344e-07, 9.43923552654e-08, 1.5017432986e-07, 1.45880790114e-07, 2.94106587972e-08, 4.40477165853e-09, 1.47738008494e-08, 3.59987275544e-08, 1.126638427e-08, 6.26712903795e-09, 2.11610373668e-09, 3.6827283445e-09, 6.94637902754e-09, 2.49158782495e-09, 4.11656486676e-09, 2.79408163273e-09, 4.26425117439e-09, 3.49346751527e-09, 6.14555251133e-09, 1.19814580479e-09, 7.97101940009e-10, 6.79191147768e-10, 7.32800431447e-10, 4.08118427941e-10, 1.93596874642e-10, 2.05199066072e-10, 2.42232983672e-10, 1.6676401926e-10, 1.30953137223e-10, 3.765911194e-11, 3.48479994861e-11, 1.00120684313e-11, 8.01221589075e-12, 1.91813943201e-11, 7.33954043375e-12, 2.37156269015e-13],
