{
"highlevel": {
    "danceability": {
        "all": {
            "danceable": 0.522862136364,
            "not_danceable": 0.477137863636
        },
        "probability": 0.522862136364,
        "value": "danceable"
    },
    "gender": {
        "all": {
            "female": 0.128754138947,
            "male": 0.871245861053
        },
        "probability": 0.871245861053,
        "value": "male"
    },
    "genre_dortmund": {
        "all": {
            "alternative": 0.0800672248006,
            "blues": 0.0767218470573,
            "electronic": 0.0212130881846,
            "folkcountry": 0.168916031718,
            "funksoulrnb": 0.0115355569869,
            "jazz": 0.0386528372765,
            "pop": 0.0390078388155,
            "raphiphop": 0.00480369105935,
            "rock": 0.559081852436
        },
        "probability": 0.559081852436,
        "value": "rock"
    },
    "genre_electronic": {
        "all": {
            "ambient": 0.6123457551,
            "dnb": 0.166268974543,
            "house": 0.0529907122254,
            "techno": 0.00825454853475,
            "trance": 0.160140037537
        },
        "probability": 0.6123457551,
        "value": "ambient"
    },
    "genre_rosamerica": {
        "all": {
            "cla": 0.0300549287349,
            "dan": 0.0200269557536,
            "hip": 0.0213562566787,
            "jaz": 0.0161243062466,
            "pop": 0.160218983889,
            "rhy": 0.0896517038345,
            "roc": 0.650598526001,
            "spe": 0.0119683090597
        },
        "probability": 0.650598526001,
        "value": "roc"
    },
    "genre_tzanetakis": {
        "all": {
            "blu": 0.0626541376114,
            "cla": 0.0348133966327,
            "cou": 0.0783501937985,
            "dis": 0.104547761381,
            "hip": 0.15693578124,
            "jaz": 0.313987255096,
            "met": 0.044816005975,
            "pop": 0.0627349764109,
            "reg": 0.0627352520823,
            "roc": 0.0784252434969
        },
        "probability": 0.313987255096,
        "value": "jaz"
    },
    "ismir04_rhythm": {
        "all": {
            "ChaChaCha": 0.207597792149,
            "Jive": 0.189332216978,
            "Quickstep": 0.235368043184,
            "Rumba-American": 0.028264913708,
            "Rumba-International": 0.035708591342,
            "Rumba-Misc": 0.0153647204861,
            "Samba": 0.0952266529202,
            "Tango": 0.0231039598584,
            "VienneseWaltz": 0.154566600919,
            "Waltz": 0.0154665075243
        },
        "probability": 0.235368043184,
        "value": "Quickstep"
    },
    "mood_acoustic": {
        "all": {
            "acoustic": 0.614254653454,
            "not_acoustic": 0.385745346546
        },
        "probability": 0.614254653454,
        "value": "acoustic"
    },
    "mood_aggressive": {
        "all": {
            "aggressive": 0.0541990213096,
            "not_aggressive": 0.945800960064
        },
        "probability": 0.945800960064,
        "value": "not_aggressive"
    },
    "mood_electronic": {
        "all": {
            "electronic": 0.123116314411,
            "not_electronic": 0.876883685589
        },
        "probability": 0.876883685589,
        "value": "not_electronic"
    },
    "mood_happy": {
        "all": {
            "happy": 0.848149180412,
            "not_happy": 0.151850819588
        },
        "probability": 0.848149180412,
        "value": "happy"
    },
    "mood_party": {
        "all": {
            "not_party": 0.784872412682,
            "party": 0.215127572417
        },
        "probability": 0.784872412682,
        "value": "not_party"
    },
    "mood_relaxed": {
        "all": {
            "not_relaxed": 0.90799421072,
            "relaxed": 0.0920057892799
        },
        "probability": 0.90799421072,
        "value": "not_relaxed"
    },
    "mood_sad": {
        "all": {
            "not_sad": 0.530552387238,
            "sad": 0.469447612762
        },
        "probability": 0.530552387238,
        "value": "not_sad"
    },
    "moods_mirex": {
        "all": {
            "Cluster1": 0.443796426058,
            "Cluster2": 0.210461974144,
            "Cluster3": 0.0782566815615,
            "Cluster4": 0.108144789934,
            "Cluster5": 0.159340113401
        },
        "probability": 0.443796426058,
        "value": "Cluster1"
    },
    "timbre": {
        "all": {
            "bright": 0.845741987228,
            "dark": 0.15425799787
        },
        "probability": 0.845741987228,
        "value": "bright"
    },
    "tonal_atonal": {
        "all": {
            "atonal": 0.000120109689306,
            "tonal": 0.999879896641
        },
        "probability": 0.999879896641,
        "value": "tonal"
    },
    "voice_instrumental": {
        "all": {
            "instrumental": 0.000336796336342,
            "voice": 0.999663174152
        },
        "probability": 0.999663174152,
        "value": "voice"
    }
},
"lowlevel": {
    "average_loudness": 0.973286449909,
    "barkbands_crest": {
        "dmean": 3.11418366432,
        "dmean2": 5.15910720825,
        "dvar": 7.82451677322,
        "dvar2": 22.1563129425,
        "max": 21.3602848053,
        "mean": 9.42907714844,
        "median": 8.77471637726,
        "min": 2.77455091476,
        "var": 13.3896989822
    },
    "barkbands_flatness_db": {
        "dmean": 0.0217088591307,
        "dmean2": 0.0341060832143,
        "dvar": 0.000354240037268,
        "dvar2": 0.000894352328032,
        "max": 0.291356265545,
        "mean": 0.14320667088,
        "median": 0.135530978441,
        "min": 0.0543522275984,
        "var": 0.00147732219193
    },
    "barkbands_kurtosis": {
        "dmean": 2.17407083511,
        "dmean2": 3.4651017189,
        "dvar": 7.45735120773,
        "dvar2": 18.1695518494,
        "max": 26.9179859161,
        "mean": 3.04871416092,
        "median": 2.11123561859,
        "min": -1.58450317383,
        "var": 12.5649003983
    },
    "barkbands_skewness": {
        "dmean": 0.486149221659,
        "dmean2": 0.760504305363,
        "dvar": 0.208446532488,
        "dvar2": 0.517468094826,
        "max": 4.70024204254,
        "mean": 1.54652583599,
        "median": 1.45026171207,
        "min": -0.42954364419,
        "var": 0.616457939148
    },
    "barkbands_spread": {
        "dmean": 4.92069101334,
        "dmean2": 7.41170692444,
        "dvar": 22.6634864807,
        "dvar2": 50.4978713989,
        "max": 63.6994857788,
        "mean": 19.6125793457,
        "median": 18.6133575439,
        "min": 4.44994544983,
        "var": 61.1118354797
    },
    "dissonance": {
        "dmean": 0.0152182197198,
        "dmean2": 0.0249447654933,
        "dvar": 0.000204643787583,
        "dvar2": 0.000545758462977,
        "max": 0.500000119209,
        "mean": 0.470729887486,
        "median": 0.477474749088,
        "min": 0.365484923124,
        "var": 0.000525436131284
    },
    "dynamic_complexity": 2.32698273659,
    "erbbands_crest": {
        "dmean": 2.37244319916,
        "dmean2": 3.82525706291,
        "dvar": 6.22938728333,
        "dvar2": 14.8583536148,
        "max": 28.2273578644,
        "mean": 8.22713565826,
        "median": 6.84637117386,
        "min": 2.57738137245,
        "var": 19.1895771027
    },
    "erbbands_flatness_db": {
        "dmean": 0.0149085307494,
        "dmean2": 0.0221167579293,
        "dvar": 0.000206511802389,
        "dvar2": 0.000460347480839,
        "max": 0.238648727536,
        "mean": 0.162897869945,
        "median": 0.162490710616,
        "min": 0.0727712735534,
        "var": 0.00097994832322
    },
    "erbbands_kurtosis": {
        "dmean": 0.579965829849,
        "dmean2": 0.912555396557,
        "dvar": 0.596264183521,
        "dvar2": 1.3690032959,
        "max": 10.4419059753,
        "mean": 0.00672415783629,
        "median": -0.436448335648,
        "min": -1.66719007492,
        "var": 1.92206907272
    },
    "erbbands_skewness": {
        "dmean": 0.304148614407,
        "dmean2": 0.462614417076,
        "dvar": 0.0724007189274,
        "dvar2": 0.164784640074,
        "max": 2.75007414818,
        "mean": 0.334536194801,
        "median": 0.292301476002,
        "min": -1.40080845356,
        "var": 0.359831959009
    },
    "erbbands_spread": {
        "dmean": 6.49887132645,
        "dmean2": 9.90780639648,
        "dvar": 35.355796814,
        "dvar2": 82.9691848755,
        "max": 98.6004333496,
        "mean": 38.8675956726,
        "median": 38.6856040955,
        "min": 8.75536823273,
        "var": 199.633392334
    },
    "hfc": {
        "dmean": 5.24851942062,
        "dmean2": 7.03419351578,
        "dvar": 31.8318748474,
        "dvar2": 54.1804733276,
        "max": 74.053565979,
        "mean": 21.5598812103,
        "median": 16.9909229279,
        "min": 1.90277290344,
        "var": 200.095947266
    },
    "melbands_crest": {
        "dmean": 3.99663949013,
        "dmean2": 6.48885440826,
        "dvar": 11.3974399567,
        "dvar2": 30.7377357483,
        "max": 28.789560318,
        "mean": 13.6177129745,
        "median": 12.9577312469,
        "min": 4.46444177628,
        "var": 23.2267208099
    },
    "melbands_flatness_db": {
        "dmean": 0.0259225182235,
        "dmean2": 0.0388216860592,
        "dvar": 0.000540503067896,
        "dvar2": 0.00129483116325,
        "max": 0.370490044355,
        "mean": 0.190170377493,
        "median": 0.179188221693,
        "min": 0.0695506110787,
        "var": 0.00280524743721
    },
    "melbands_kurtosis": {
        "dmean": 5.44856119156,
        "dmean2": 8.76601791382,
        "dvar": 52.8676338196,
        "dvar2": 134.386459351,
        "max": 68.291809082,
        "mean": 10.3219356537,
        "median": 7.20593738556,
        "min": -0.857822179794,
        "var": 97.6240234375
    },
    "melbands_skewness": {
        "dmean": 0.677790880203,
        "dmean2": 1.07000279427,
        "dvar": 0.455356836319,
        "dvar2": 1.14057838917,
        "max": 6.95687103271,
        "mean": 2.46958136559,
        "median": 2.26294112206,
        "min": -0.164849668741,
        "var": 1.65601885319
    },
    "melbands_spread": {
        "dmean": 5.8158159256,
        "dmean2": 9.14912700653,
        "dvar": 32.1554870605,
        "dvar2": 80.6659622192,
        "max": 65.4650802612,
        "mean": 20.197889328,
        "median": 19.1578712463,
        "min": 2.9604139328,
        "var": 82.2366790771
    },
    "pitch_salience": {
        "dmean": 0.0793353617191,
        "dmean2": 0.126348942518,
        "dvar": 0.00432211020961,
        "dvar2": 0.0110407881439,
        "max": 0.803979158401,
        "mean": 0.582778096199,
        "median": 0.5891264081,
        "min": 0.29079324007,
        "var": 0.00976107735187
    },
    "silence_rate_20dB": {
        "dmean": 0,
        "dmean2": 0,
        "dvar": 0,
        "dvar2": 0,
        "max": 1,
        "mean": 1,
        "median": 1,
        "min": 1,
        "var": 0
    },
    "silence_rate_30dB": {
        "dmean": 0,
        "dmean2": 0,
        "dvar": 0,
        "dvar2": 0,
        "max": 1,
        "mean": 1,
        "median": 1,
        "min": 1,
        "var": 0
    },
    "silence_rate_60dB": {
        "dmean": 0,
        "dmean2": 0,
        "dvar": 0,
        "dvar2": 0,
        "max": 0,
        "mean": 0,
        "median": 0,
        "min": 0,
        "var": 0
    },
    "spectral_centroid": {
        "dmean": 243.770385742,
        "dmean2": 365.46875,
        "dvar": 49194.2734375,
        "dvar2": 114372.75,
        "max": 2731.31860352,
        "mean": 1227.00244141,
        "median": 1188.39208984,
        "min": 425.065185547,
        "var": 140046.609375
    },
    "spectral_complexity": {
        "dmean": 4.37538719177,
        "dmean2": 6.12161111832,
        "dvar": 13.7871255875,
        "dvar2": 25.3539409637,
        "max": 45,
        "mean": 22.4965190887,
        "median": 22,
        "min": 6,
        "var": 41.1764984131
    },
    "spectral_decrease": {
        "dmean": 2.94096080822e-09,
        "dmean2": 4.65686422757e-09,
        "dvar": 1.16087569413e-17,
        "dvar2": 2.78332445664e-17,
        "max": -1.2954702866e-09,
        "mean": -8.04981237224e-09,
        "median": -7.1631172105e-09,
        "min": -2.81614056519e-08,
        "var": 2.20763090398e-17
    },
    "spectral_energy": {
        "dmean": 0.0114453891292,
        "dmean2": 0.0180118400604,
        "dvar": 0.00017189947539,
        "dvar2": 0.000409682950703,
        "max": 0.109438449144,
        "mean": 0.032337423414,
        "median": 0.0290031321347,
        "min": 0.00529053760692,
        "var": 0.000346524291672
    },
    "spectral_energyband_high": {
        "dmean": 0.000203991890885,
        "dmean2": 0.000278495397652,
        "dvar": 5.73044225405e-08,
        "dvar2": 1.04116544719e-07,
        "max": 0.00306991906837,
        "mean": 0.000553681864403,
        "median": 0.000415971298935,
        "min": 8.40908887767e-06,
        "var": 2.06233437439e-07
    },
    "spectral_energyband_low": {
        "dmean": 0.00662122201174,
        "dmean2": 0.0106887090951,
        "dvar": 0.000131005203002,
        "dvar2": 0.000323728192598,
        "max": 0.0885104089975,
        "mean": 0.0100019397214,
        "median": 0.00514569692314,
        "min": 0.000265161972493,
        "var": 0.000161046205903
    },
    "spectral_energyband_middle_high": {
        "dmean": 0.00177818466909,
        "dmean2": 0.0023840686772,
        "dvar": 4.89886906507e-06,
        "dvar2": 9.18091791391e-06,
        "max": 0.0382404923439,
        "mean": 0.00632165931165,
        "median": 0.00401966134086,
        "min": 0.000403681042371,
        "var": 3.09438473778e-05
    },
    "spectral_energyband_middle_low": {
        "dmean": 0.00654222117737,
        "dmean2": 0.0104307234287,
        "dvar": 6.74842813169e-05,
        "dvar2": 0.000170466941199,
        "max": 0.0751847848296,
        "mean": 0.0170467179269,
        "median": 0.013147235848,
        "min": 0.00192519079428,
        "var": 0.000152510416228
    },
    "spectral_entropy": {
        "dmean": 0.122258983552,
        "dmean2": 0.181491032243,
        "dvar": 0.0122564323246,
        "dvar2": 0.0251627862453,
        "max": 8.36332607269,
        "mean": 7.59098958969,
        "median": 7.5827589035,
        "min": 6.83835220337,
        "var": 0.0532229170203
    },
    "spectral_flux": {
        "dmean": 0.0319102704525,
        "dmean2": 0.049168176949,
        "dvar": 0.00101075973362,
        "dvar2": 0.00181456480641,
        "max": 0.257449835539,
        "mean": 0.0987703576684,
        "median": 0.088074311614,
        "min": 0.020907105878,
        "var": 0.00223319022916
    },
    "spectral_kurtosis": {
        "dmean": 1.35444259644,
        "dmean2": 2.33599352837,
        "dvar": 1.93533241749,
        "dvar2": 5.90538406372,
        "max": 12.4694108963,
        "mean": 3.62563109398,
        "median": 3.44216585159,
        "min": -0.666182518005,
        "var": 3.4175055027
    },
    "spectral_rms": {
        "dmean": 0.000961624551564,
        "dmean2": 0.00147027161438,
        "dvar": 9.70443579718e-07,
        "dvar2": 2.19181015382e-06,
        "max": 0.0103329196572,
        "mean": 0.00538939330727,
        "median": 0.0053193741478,
        "min": 0.00227189343423,
        "var": 2.5031322366e-06
    },
    "spectral_rolloff": {
        "dmean": 385.680297852,
        "dmean2": 642.410095215,
        "dvar": 265674.0625,
        "dvar2": 605811.625,
        "max": 8462.54882812,
        "mean": 1133.66442871,
        "median": 1033.59375,
        "min": 107.666015625,
        "var": 481683.65625
    },
    "spectral_skewness": {
        "dmean": 0.198999717832,
        "dmean2": 0.324457705021,
        "dvar": 0.0348491929471,
        "dvar2": 0.0921860933304,
        "max": 2.58154535294,
        "mean": 1.37123286724,
        "median": 1.41134309769,
        "min": 0.11353585124,
        "var": 0.165935620666
    },
    "spectral_spread": {
        "dmean": 395829.21875,
        "dmean2": 589310.1875,
        "dvar": 208646111232,
        "dvar2": 410292518912,
        "max": 10750130,
        "mean": 4052546.5,
        "median": 4101421.75,
        "min": 1893461.5,
        "var": 1.05599873843e+12
    },
    "spectral_strongpeak": {
        "dmean": 0.616247355938,
        "dmean2": 1.04036426544,
        "dvar": 0.758807599545,
        "dvar2": 1.82829368114,
        "max": 7.68598985672,
        "mean": 1.17100954056,
        "median": 0.516553342342,
        "min": 0,
        "var": 1.86559355259
    },
    "zerocrossingrate": {
        "dmean": 0.00807478092611,
        "dmean2": 0.00984013453126,
        "dvar": 5.4299900512e-05,
        "dvar2": 7.88515171735e-05,
        "max": 0.185546875,
        "mean": 0.051783490926,
        "median": 0.05126953125,
        "min": 0.0107421875,
        "var": 0.00032934412593
    },
    "barkbands": {
        "dmean": [0.000571328680962, 0.00405724626034, 0.0027608636301, 0.00188790180255, 0.00330929644406, 0.000723450386431, 0.00124479702208, 0.00195290555712, 0.00131115072872, 0.000643685169052, 0.000332110765157, 0.000412490393501, 0.000380538083846, 0.000364966836059, 0.000481182767544, 0.000306814676151, 0.000206720738788, 0.000169980950886, 0.000133421926876, 0.000128328043502, 5.36451261723e-05, 5.84177651035e-05, 4.3868629291e-05, 3.32778436132e-05, 2.13193270611e-05, 8.29940654512e-06, 4.32959446073e-09],
        "dmean2": [0.000858722778503, 0.00685373879969, 0.00471971649677, 0.00311393127777, 0.005673204083, 0.00117416691501, 0.00190889660735, 0.00300542102195, 0.00189214374404, 0.000973128073383, 0.000512962578796, 0.000628774170764, 0.000581534288358, 0.000556042301469, 0.000727521372028, 0.000472321931738, 0.000328027002979, 0.000257715932094, 0.00020277913427, 0.000194621563423, 8.11460413388e-05, 8.52350494824e-05, 6.57717027934e-05, 4.8583780881e-05, 3.05074263451e-05, 1.32099921757e-05, 6.28099172673e-09],
        "dvar": [1.46698130266e-06, 6.60691875964e-05, 2.68089770543e-05, 5.60078206036e-06, 4.06057370128e-05, 9.11554252525e-07, 5.9450817389e-06, 1.64494504133e-05, 1.02251797216e-05, 2.4224259505e-06, 7.07236893049e-07, 5.97793302859e-07, 8.08427216725e-07, 5.63083403904e-07, 1.47086677771e-06, 2.4620104e-07, 7.74555175553e-08, 6.37175645579e-08, 2.70747868569e-08, 1.96535978603e-08, 4.12261513816e-09, 6.07850347834e-09, 3.70712283093e-09, 2.61578958494e-09, 2.46391063108e-09, 3.68665237227e-10, 5.69392699562e-15],
        "dvar2": [2.74797707789e-06, 0.000160915937158, 7.44683711673e-05, 1.51599306264e-05, 0.000112108107714, 2.43051795223e-06, 1.30741873363e-05, 3.70311972802e-05, 2.12788818317e-05, 4.59868988401e-06, 1.52653342411e-06, 1.28445276459e-06, 1.81518794307e-06, 1.28522015075e-06, 3.41847135132e-06, 4.77933383536e-07, 1.72835683543e-07, 1.41264791864e-07, 6.18055580048e-08, 3.98210637798e-08, 9.61835411317e-09, 1.34720412603e-08, 8.67314042807e-09, 5.57083756902e-09, 3.88645871041e-09, 9.6087282575e-10, 6.03658782168e-15],
        "max": [0.00947156362236, 0.0524063259363, 0.0515946149826, 0.0211537517607, 0.0464171692729, 0.0112114669755, 0.0412964858115, 0.0473510064185, 0.0598766691983, 0.0302440654486, 0.0264518689364, 0.0124316699803, 0.0138845974579, 0.0149440951645, 0.0196598507464, 0.00889529101551, 0.00412659114227, 0.00430799275637, 0.00215743808076, 0.0020593740046, 0.000646006315947, 0.000885953137185, 0.000710208027158, 0.00111313839443, 0.00115937436931, 0.000255456019659, 2.67382324637e-06],
        "mean": [0.000604217057116, 0.00475412234664, 0.00313849304803, 0.00310276914388, 0.00411461107433, 0.00133803416975, 0.00223040068522, 0.00370326056145, 0.00230314978398, 0.00110593938734, 0.000626830791589, 0.000890648749191, 0.000720893789548, 0.000629329995718, 0.000824317859951, 0.000549496558961, 0.00038217639667, 0.000347948924173, 0.000260030326899, 0.000251907040365, 0.000111476234451, 0.000127822291688, 9.32931216084e-05, 7.22352124285e-05, 4.38125207438e-05, 1.02205131043e-05, 3.66250141326e-09],
        "median": [7.30473184376e-05, 0.00172222184483, 0.00116736849304, 0.0022032763809, 0.00225748727098, 0.00100573222153, 0.0010758357821, 0.000743837095797, 0.000659984536469, 0.000434603192843, 0.000225379946642, 0.000414150679717, 0.000246216426603, 0.000295407779049, 0.000238449516473, 0.000331722025294, 0.000264264672296, 0.000202322713449, 0.000205635573366, 0.000191944141989, 8.58858111314e-05, 8.23575173854e-05, 6.1706341512e-05, 5.14819694217e-05, 2.55051236309e-05, 3.41672807735e-06, 4.64280613954e-10],
        "min": [1.16196119393e-07, 2.87884085992e-06, 2.04168259188e-06, 1.11887893581e-05, 4.30454892921e-05, 2.53753605648e-05, 3.56291675416e-05, 1.9103203158e-05, 2.84103898593e-05, 1.02744124888e-05, 1.36180115078e-05, 4.84550446345e-06, 9.36104697757e-06, 2.57902120211e-05, 1.54795834533e-05, 1.92800907826e-05, 1.16160363177e-05, 5.94902758166e-06, 7.10720223651e-06, 5.16725367561e-06, 2.42922601501e-06, 2.1497463365e-07, 1.68241669485e-07, 6.13890849266e-09, 3.25295651527e-10, 6.5562798246e-12, 8.3312697019e-12],
        "var": [1.93332402887e-06, 6.99012016412e-05, 2.5945057132e-05, 8.74758552527e-06, 3.3163556509e-05, 1.3830278931e-06, 1.29488898892e-05, 5.64835645491e-05, 2.23147781071e-05, 6.11792302152e-06, 2.41595762418e-06, 1.87162106613e-06, 1.73382045432e-06, 1.08931851628e-06, 3.05275898427e-06, 6.0093753973e-07, 1.64325825835e-07, 1.82234984436e-07, 4.61550300201e-08, 4.70794709884e-08, 8.01661403926e-09, 1.83110859808e-08, 9.83530501486e-09, 7.25871807106e-09, 5.74557956767e-09, 3.86200266211e-10, 5.60903989474e-15]
    },
    "erbbands": {
        "dmean": [0.142394021153, 0.990857958794, 3.09018063545, 4.64828014374, 7.58672380447, 13.548409462, 7.83274936676, 5.14174222946, 10.9434251785, 34.7128982544, 36.2380561829, 27.2137889862, 26.8181629181, 16.2697601318, 11.9229955673, 15.8119211197, 15.503443718, 18.1534042358, 22.7043514252, 18.3829784393, 14.3369941711, 11.0941858292, 8.82674121857, 7.30608654022, 6.42248344421, 6.83780145645, 2.57378125191, 1.94488108158, 2.11040377617, 1.8783326149, 1.18073260784, 0.872760415077, 0.458981126547, 0.268858790398, 0.152010127902, 0.0525506362319, 0.0136383045465, 0.000945478852373, 2.19682915485e-05, 1.3154066437e-05],
        "dmean2": [0.225566789508, 1.69948577881, 5.37148571014, 7.94925642014, 12.955988884, 23.2788448334, 12.6986122131, 8.31301021576, 17.1029453278, 53.9227905273, 53.2767601013, 38.5636634827, 41.3502807617, 23.3709220886, 18.6495628357, 23.859703064, 24.1161384583, 26.9422931671, 34.3123207092, 27.0467987061, 22.0156211853, 17.5209197998, 13.4930391312, 11.1575555801, 9.63422298431, 10.5086746216, 3.88625741005, 2.90445709229, 3.14628744125, 2.85969138145, 1.78902435303, 1.29572784901, 0.656432271004, 0.411689400673, 0.21692289412, 0.0799216628075, 0.0218843221664, 0.00155440415256, 3.34908581863e-05, 2.03299259738e-05],
        "dvar": [0.078906327486, 4.41933345795, 34.9382667542, 42.9521789551, 191.480239868, 624.426696777, 136.255462646, 42.2177276611, 385.033416748, 5158.83300781, 6114.53955078, 7012.34130859, 4306.16894531, 1781.74499512, 629.280883789, 990.797485352, 1548.04553223, 1703.17700195, 2552.3581543, 2545.37670898, 360.093597412, 169.869827271, 197.119308472, 89.7000808716, 65.2751541138, 58.9718017578, 8.83842182159, 6.75059318542, 8.31756687164, 7.32922267914, 2.71038603783, 1.96355235577, 0.472456425428, 0.274950563908, 0.211999803782, 0.0173743832856, 0.000892657786608, 3.91122193832e-06, 1.63525470942e-09, 2.17431267435e-10],
        "dvar2": [0.194658786058, 12.0951280594, 98.4637298584, 119.498268127, 523.317749023, 1746.91845703, 314.293823242, 111.926887512, 763.480224609, 12000.2529297, 13149.0908203, 15204.9833984, 9549.13085938, 3096.34375, 1441.45532227, 2021.90185547, 3813.48803711, 3714.63061523, 5964.30224609, 5937.51806641, 796.126220703, 400.581665039, 452.790222168, 198.788650513, 152.127075195, 124.727340698, 19.1965522766, 16.6962051392, 18.2510643005, 17.505689621, 6.38920116425, 4.58728981018, 0.933060526848, 0.60168170929, 0.373355299234, 0.0421086736023, 0.00234503229149, 1.01657087725e-05, 3.97388300044e-09, 5.03584451916e-10],
        "max": [1.80380368233, 13.6925897598, 52.3235206604, 52.4934272766, 102.215286255, 194.59854126, 200.147659302, 86.5309448242, 591.244445801, 826.693847656, 968.23260498, 1854.31640625, 820.47076416, 940.511047363, 531.128967285, 539.590332031, 686.234130859, 840.06036377, 921.412597656, 962.61541748, 301.405334473, 160.32800293, 272.925506592, 144.787521362, 138.088943481, 96.6868591309, 34.5862045288, 31.9603042603, 34.0266952515, 32.5653877258, 16.1131286621, 32.6601905823, 11.2706661224, 9.72054958344, 12.1400556564, 2.37797403336, 0.302034318447, 0.0237033963203, 0.000475960638141, 0.000124502475956],
        "mean": [0.161594182253, 0.996759235859, 3.43524289131, 7.36162662506, 9.82765293121, 17.1364746094, 13.7022228241, 10.0584430695, 20.9796504974, 61.128528595, 71.1373062134, 47.9981040955, 47.1736755371, 35.3746871948, 25.3518066406, 36.4142417908, 35.1718025208, 35.8079605103, 40.2703666687, 38.2915229797, 27.9896793365, 22.7749519348, 19.7651882172, 14.7868766785, 13.1896028519, 13.1431627274, 5.40299081802, 4.03860044479, 4.59453773499, 3.95507764816, 2.43628334999, 1.74957728386, 1.01652598381, 0.560511887074, 0.271304160357, 0.069194920361, 0.016137169674, 0.00108236959204, 4.21376244049e-05, 3.98921838496e-05],
        "median": [0.0413408353925, 0.397450596094, 1.24733626842, 5.50775051117, 5.9476313591, 8.2252368927, 10.0286531448, 7.90241003036, 13.4693498611, 19.7811508179, 17.3342761993, 18.6294364929, 16.2429580688, 13.8860683441, 14.5194129944, 16.9574184418, 16.9175128937, 15.4590768814, 18.0579319, 12.4543628693, 19.0767784119, 16.7239265442, 11.1634674072, 11.8013706207, 10.3272047043, 10.0823869705, 4.40168619156, 2.74201917648, 2.88634681702, 2.57599186897, 1.59238255024, 1.1818716526, 0.702954351902, 0.356841415167, 0.127242147923, 0.0261342823505, 0.00481365388259, 0.000300032552332, 2.89767704089e-05, 3.60738304153e-05],
        "min": [0.000297085643979, 0.00513765309006, 0.0179076492786, 0.107631675899, 0.224963068962, 0.252671003342, 0.225709676743, 0.399758368731, 0.768330454826, 1.20159399509, 0.888975799084, 0.675141990185, 0.744671940804, 0.752341389656, 0.948234796524, 0.384230494499, 0.714143872261, 1.21414375305, 1.37682628632, 1.20790755749, 1.35989785194, 0.605274379253, 0.376318663359, 0.441463857889, 0.335165292025, 0.30664652586, 0.147865191102, 0.0376395173371, 0.0116161070764, 0.0133900064975, 0.00380461174063, 0.000588594935834, 0.000496310414746, 7.79991605668e-05, 1.70262992469e-05, 7.24305482436e-06, 3.44403611052e-06, 6.9468677566e-07, 3.40129554388e-06, 6.80010543874e-06],
        "var": [0.0911043733358, 3.49930858612, 30.9068927765, 46.3250427246, 155.542678833, 580.852783203, 219.473419189, 67.9571456909, 1215.67163086, 10548.6376953, 20167.5175781, 11850.4140625, 8483.97949219, 7102.10351562, 1676.06750488, 3565.34887695, 3108.77441406, 3965.29882812, 4971.61328125, 7441.84472656, 828.951965332, 394.236236572, 611.131774902, 142.660140991, 121.625724792, 128.480514526, 16.8715591431, 13.6797103882, 24.0628509521, 18.0826797485, 6.94300460815, 4.75550079346, 1.3903683424, 0.603111386299, 0.37677526474, 0.0212280284613, 0.000913726224098, 4.1355256144e-06, 2.16929652019e-09, 4.95909924236e-10]
    },
    "gfcc": {
        "mean": [16.8171405792, 117.271789551, -135.301025391, 41.2329597473, -61.7152137756, 11.978553772, -37.6221313477, 7.90843820572, -19.325296402, -2.53246068954, -12.4734134674, -9.66738128662, -8.0380525589],
        "cov": [[2161.41552734, -1325.19799805, 268.505981445, -559.322998047, -497.755218506, 499.150817871, -444.131103516, 242.567489624, -167.549636841, 176.224624634, -280.52734375, 249.052825928, -380.005554199], [-1325.19799805, 1254.75878906, -284.345855713, 431.070007324, 495.188720703, -409.828308105, 450.049499512, -209.356521606, 198.557479858, -172.055709839, 228.466812134, -212.368972778, 309.704101562], [268.505981445, -284.345855713, 343.468536377, -89.8017272949, -77.2913742065, 143.615112305, -131.038467407, 89.1365890503, -75.1301422119, 86.1033172607, -49.3937187195, 100.833259583, -96.0627441406], [-559.322998047, 431.070007324, -89.8017272949, 426.531646729, 217.161300659, -184.940628052, 164.037902832, -93.5172271729, 107.568572998, -73.9805374146, 93.3754348755, -97.3508834839, 179.880706787], [-497.755218506, 495.188720703, -77.2913742065, 217.161300659, 350.890563965, -193.227050781, 212.645217896, -47.4464988708, 91.0834579468, -17.0618247986, 72.8644638062, -54.620929718, 124.429069519], [499.150817871, -409.828308105, 143.615112305, -184.940628052, -193.227050781, 292.057861328, -132.668731689, 87.1441345215, -78.0788650513, 29.5500469208, -48.8905639648, 73.5238571167, -98.1056442261], [-444.131103516, 450.049499512, -131.038467407, 164.037902832, 212.645217896, -132.668731689, 260.615020752, -48.0724716187, 78.1679382324, -49.8145637512, 91.4278259277, -70.9505691528, 103.976257324], [242.567489624, -209.356521606, 89.1365890503, -93.5172271729, -47.4464988708, 87.1441345215, -48.0724716187, 129.802276611, -5.15828418732, 69.0809555054, -24.740983963, 49.3148269653, -60.5655899048], [-167.549636841, 198.557479858, -75.1301422119, 107.568572998, 91.0834579468, -78.0788650513, 78.1679382324, -5.15828418732, 133.340286255, 2.94203472137, 46.2825965881, -39.6269607544, 42.5080833435], [176.224624634, -172.055709839, 86.1033172607, -73.9805374146, -17.0618247986, 29.5500469208, -49.8145637512, 69.0809555054, 2.94203472137, 118.755744934, -11.1488513947, 56.1093444824, -69.5231628418], [-280.52734375, 228.466812134, -49.3937187195, 93.3754348755, 72.8644638062, -48.8905639648, 91.4278259277, -24.740983963, 46.2825965881, -11.1488513947, 114.072547913, -31.4630813599, 60.0921096802], [249.052825928, -212.368972778, 100.833259583, -97.3508834839, -54.620929718, 73.5238571167, -70.9505691528, 49.3148269653, -39.6269607544, 56.1093444824, -31.4630813599, 103.373428345, -56.1480789185], [-380.005554199, 309.704101562, -96.0627441406, 179.880706787, 124.429069519, -98.1056442261, 103.976257324, -60.5655899048, 42.5080833435, -69.5231628418, 60.0921096802, -56.1480789185, 164.062438965]],
        "icov": [[0.00170310446993, 0.00127897737548, 0.000499144603964, 0.000302537053358, -0.000441351963673, -0.00106840813532, -9.57244046731e-05, 4.00068383897e-05, -0.00101113610435, 0.000446555000963, 0.00119058566634, -0.000994394067675, 0.000937074597459], [0.00127897737548, 0.0134488809854, -0.005146660842, 0.00631438335404, -0.00671508489177, 0.0056842379272, -0.00685817562044, 0.00662470050156, -0.00763291912153, 0.00905023142695, -0.00867906119674, 0.00636763405055, -0.00590710621327], [0.000499144603964, -0.005146660842, 0.00885755196214, -0.00479859625921, 0.000973182206508, -0.00516527099535, 0.00506024854258, -0.00449190149084, 0.00546881975606, -0.00517862662673, 0.0041952081956, -0.00599950319156, 0.00542584620416], [0.000302537053358, 0.00631438335404, -0.00479859625921, 0.00958466716111, -0.00392048805952, 0.00418875413015, -0.00342830107547, 0.00482570473105, -0.00643341150135, 0.00498483749107, -0.00514792185277, 0.0053776842542, -0.00759991817176], [-0.000441351963673, -0.00671508489177, 0.000973182206508, -0.00392048805952, 0.0122937969863, -9.32385155465e-05, -0.00240575755015, -0.00313974963501, 0.00269525265321, -0.00712068658322, 0.006406866014, -0.00409177364781, 4.53353641205e-05], [-0.00106840813532, 0.0056842379272, -0.00516527099535, 0.00418875413015, -9.32385155465e-05, 0.0120819937438, -0.00375866284594, -6.24150925432e-05, -0.00242784013972, 0.00737864151597, -0.00688128406182, 0.00289330421947, -0.00390095729381], [-9.57244046731e-05, -0.00685817562044, 0.00506024854258, -0.00342830107547, -0.00240575755015, -0.00375866284594, 0.0151483882219, -0.00526164844632, 0.00365165853873, -0.00148472026922, 0.000168026293977, -0.00280420156196, 0.00488395337015], [4.00068383897e-05, 0.00662470050156, -0.00449190149084, 0.00482570473105, -0.00313974963501, -6.24150925432e-05, -0.00526164844632, 0.0186544973403, -0.00674238195643, -0.00220548920333, -0.00285507086664, 0.00349731533788, -0.00471394788474], [-0.00101113610435, -0.00763291912153, 0.00546881975606, -0.00643341150135, 0.00269525265321, -0.00242784013972, 0.00365165853873, -0.00674238195643, 0.0175666045398, -0.00782387237996, 0.00249109347351, -0.00144578132313, 0.00474925711751], [0.000446555000963, 0.00905023142695, -0.00517862662673, 0.00498483749107, -0.00712068658322, 0.00737864151597, -0.00148472026922, -0.00220548920333, -0.00782387237996, 0.0265500377864, -0.0106209879741, -0.00118778343312, 0.00215358356945], [0.00119058566634, -0.00867906119674, 0.0041952081956, -0.00514792185277, 0.006406866014, -0.00688128406182, 0.000168026293977, -0.00285507086664, 0.00249109347351, -0.0106209879741, 0.0228768065572, -0.00522463209927, 0.00179405556992], [-0.000994394067675, 0.00636763405055, -0.00599950319156, 0.0053776842542, -0.00409177364781, 0.00289330421947, -0.00280420156196, 0.00349731533788, -0.00144578132313, -0.00118778343312, -0.00522463209927, 0.0234926082194, -0.00600596191362], [0.000937074597459, -0.00590710621327, 0.00542584620416, -0.00759991817176, 4.53353641205e-05, -0.00390095729381, 0.00488395337015, -0.00471394788474, 0.00474925711751, 0.00215358356945, 0.00179405556992, -0.00600596191362, 0.0206933040172]]
    },
    "melbands": {
        "dmean": [0.00112696713768, 0.0014810905559, 0.000824460294098, 0.000801432412118, 0.000324638822349, 0.000120474622236, 0.000185116979992, 0.000399014068535, 0.000271277531283, 0.000180811141036, 0.000137819006341, 7.02304023434e-05, 4.60161245428e-05, 3.9265891246e-05, 4.44370671175e-05, 3.88963271689e-05, 3.40792612405e-05, 3.6813562474e-05, 3.19203682011e-05, 2.18780151044e-05, 1.69637442013e-05, 1.16589581012e-05, 1.27206567413e-05, 6.50250376566e-06, 6.60290606902e-06, 4.83223629999e-06, 5.0908142839e-06, 4.51159257864e-06, 1.72415275301e-06, 1.43856880186e-06, 1.17760055218e-06, 1.32443392431e-06, 1.22413598547e-06, 1.09165603135e-06, 7.71479278683e-07, 5.90637228015e-07, 5.71059842969e-07, 3.65542888403e-07, 2.84635206071e-07, 2.34626341467e-07],
        "dmean2": [0.00180526461918, 0.0025884709321, 0.00139464705717, 0.00138496106956, 0.000532494450454, 0.000194893334992, 0.000288703042315, 0.000625553017017, 0.000400868564611, 0.000257313076872, 0.000213223262108, 0.000101138808532, 7.18466690159e-05, 5.83132714382e-05, 7.08859370206e-05, 5.8285339037e-05, 5.13817067258e-05, 5.62287932553e-05, 4.81021306769e-05, 3.32508825522e-05, 2.65166745521e-05, 1.89192451217e-05, 1.95331467694e-05, 1.01703608379e-05, 1.02279909697e-05, 7.46856267142e-06, 7.67668734625e-06, 6.98726171322e-06, 2.67069776783e-06, 2.19949288294e-06, 1.81164932656e-06, 2.04892785405e-06, 1.8483445956e-06, 1.72038687651e-06, 1.19817423183e-06, 8.87469241206e-07, 8.65453614551e-07, 5.4264614846e-07, 4.27116276569e-07, 3.71294703427e-07],
        "dvar": [4.68548387289e-06, 8.6400705186e-06, 1.18876528177e-06, 2.7386884085e-06, 2.10146012591e-07, 2.18216023029e-08, 1.26074539253e-07, 6.65860284244e-07, 3.58099725872e-07, 2.68048580665e-07, 1.08183002112e-07, 3.5965925349e-08, 1.28413066847e-08, 5.85782222728e-09, 1.02825703507e-08, 8.82682105185e-09, 5.92504534325e-09, 5.79302961157e-09, 9.55447898576e-09, 1.94816784926e-09, 5.56841295296e-10, 1.74666919817e-10, 4.04810407417e-10, 8.64627883179e-11, 8.1196160906e-11, 4.75091355145e-11, 3.54539141101e-11, 2.52394962569e-11, 4.34641645591e-12, 2.92651905313e-12, 2.80942066486e-12, 3.88551994399e-12, 2.70769843179e-12, 2.56306564514e-12, 1.18792454172e-12, 7.613073583e-13, 1.00860866967e-12, 3.22631054902e-13, 1.8695583818e-13, 2.62474802093e-13],
        "dvar2": [1.08459817056e-05, 2.42822625296e-05, 3.28253986481e-06, 7.56052986617e-06, 5.25768712123e-07, 5.77591272588e-08, 2.6229375294e-07, 1.5654662775e-06, 7.72837665863e-07, 5.76559614274e-07, 2.36564247302e-07, 6.24087519441e-08, 2.91357125093e-08, 1.10400142361e-08, 2.34679635724e-08, 1.90360207597e-08, 1.32030582023e-08, 1.3564396717e-08, 2.14881605842e-08, 4.0477323715e-09, 1.21128063135e-09, 4.19966172949e-10, 9.16150377783e-10, 2.09716480293e-10, 1.84128684522e-10, 1.14279710695e-10, 7.46235573335e-11, 5.60240673297e-11, 1.01689672308e-11, 6.95319062743e-12, 7.31270079213e-12, 8.81642849004e-12, 6.22002276074e-12, 6.32958399235e-12, 2.8945713014e-12, 1.85286313202e-12, 2.34757786127e-12, 7.01655476342e-13, 3.84447790443e-13, 6.29309646928e-13],
        "max": [0.0133466469124, 0.0206491798162, 0.00840485002846, 0.0118534089997, 0.00655253464356, 0.00180362956598, 0.00930986460298, 0.00972344633192, 0.00755817489699, 0.0110091129318, 0.00400110287592, 0.004128403496, 0.00305298180319, 0.00123667973094, 0.00156045542099, 0.00141516467556, 0.00154491642024, 0.00126472557895, 0.00214317720383, 0.00090089609148, 0.000430299929576, 0.000151517364429, 0.000322242674883, 0.000162538679433, 0.00015006911417, 0.000126371654915, 0.000107183055661, 5.86931346334e-05, 2.75707225228e-05, 1.53320634126e-05, 2.04874613701e-05, 2.53008111031e-05, 2.14922765736e-05, 2.14064402826e-05, 9.82628898782e-06, 1.07037731141e-05, 2.41787693085e-05, 9.00059967535e-06, 6.85713212079e-06, 1.02698359115e-05],
        "mean": [0.0013933921, 0.00162014004309, 0.00135916599538, 0.000973958522081, 0.00056165677961, 0.000233749597101, 0.000348629051587, 0.000736080575734, 0.000520267116372, 0.000311831274303, 0.000234092236497, 0.000145740035805, 9.03916006791e-05, 8.02409122116e-05, 9.54646384344e-05, 8.0572826846e-05, 6.03895241511e-05, 6.16670804447e-05, 5.64064830542e-05, 4.28748280683e-05, 2.98994873447e-05, 2.17315755435e-05, 2.47792941082e-05, 1.30801327032e-05, 1.19342839753e-05, 9.38312132348e-06, 9.7350730357e-06, 8.11861445982e-06, 3.27422617374e-06, 2.67403970611e-06, 2.21775417231e-06, 2.61627087639e-06, 2.48617880061e-06, 2.10182361116e-06, 1.49576283093e-06, 1.03255649719e-06, 1.10325561309e-06, 7.28138843442e-07, 5.74016780774e-07, 4.40181906924e-07],
        "median": [0.000440828327555, 0.000656890566461, 0.00103329273406, 0.000490917940624, 0.000401023135055, 0.000185899596545, 0.000207750767004, 0.000217600696487, 0.000120890566905, 9.27313230932e-05, 7.9264609667e-05, 5.35534054507e-05, 3.89686683775e-05, 4.37847265857e-05, 3.29430440615e-05, 2.86233444058e-05, 2.40648496401e-05, 2.88065984932e-05, 1.55660236487e-05, 1.95409138541e-05, 2.11891183426e-05, 1.63797194546e-05, 1.21363846119e-05, 8.62326032802e-06, 9.27879227675e-06, 7.03398063706e-06, 7.02850229573e-06, 6.19875709162e-06, 2.61791910816e-06, 1.96444511857e-06, 1.32558591304e-06, 1.51904214363e-06, 1.54178030698e-06, 1.31246258661e-06, 9.77894956122e-07, 6.15097462742e-07, 6.99862368947e-07, 4.76904801872e-07, 3.76190513407e-07, 2.5622162525e-07],
        "min": [7.41754433875e-07, 1.35161371873e-05, 2.06545955734e-05, 1.98527486646e-05, 6.51985919831e-06, 6.49618687021e-06, 6.856922937e-06, 9.04037278815e-06, 5.49708420294e-06, 4.16721059082e-06, 2.34728622672e-06, 9.82382744041e-07, 2.46657555181e-06, 1.51961307893e-06, 1.24278324165e-06, 1.03242882687e-06, 1.78482287083e-06, 1.67987604982e-06, 9.30072019401e-07, 1.44087675835e-06, 1.33656578782e-06, 6.92540425007e-07, 3.19475191191e-07, 2.78684638033e-07, 3.45291169879e-07, 2.54455954973e-07, 1.99588058081e-07, 1.95808823378e-07, 7.88797791529e-08, 5.36116715466e-08, 1.24764802933e-08, 4.78343809007e-09, 3.97607768932e-09, 5.64235991263e-09, 9.24829213211e-10, 1.16769566239e-10, 5.38883716296e-13, 6.65398708355e-11, 1.45484718023e-11, 2.99205972498e-12],
