{
"highlevel": {
    "danceability": {
        "all": {
            "danceable": 0.618793189526,
            "not_danceable": 0.381206840277
        },
        "probability": 0.618793189526,
        "value": "danceable"
    },
    "gender": {
        "all": {
            "female": 0.518775522709,
            "male": 0.481224477291
        },
        "probability": 0.518775522709,
        "value": "female"
    },
    "genre_dortmund": {
        "all": {
            "alternative": 0.204629421234,
            "blues": 0.0679076164961,
            "electronic": 0.0250399336219,
            "folkcountry": 0.113005168736,
            "funksoulrnb": 0.0166448168457,
            "jazz": 0.0760325416923,
            "pop": 0.0869339182973,
            "raphiphop": 0.00529439141974,
            "rock": 0.404512196779
        },
        "probability": 0.404512196779,
        "value": "rock"
    },
    "genre_electronic": {
        "all": {
            "ambient": 0.517236351967,
            "dnb": 0.103803016245,
            "house": 0.136989712715,
            "techno": 0.0123652061448,
            "trance": 0.229605734348
        },
        "probability": 0.517236351967,
        "value": "ambient"
    },
    "genre_rosamerica": {
        "all": {
            "cla": 0.0147381946445,
            "dan": 0.0907584875822,
            "hip": 0.0396853797138,
            "jaz": 0.0133825037628,
            "pop": 0.219287246466,
            "rhy": 0.14219610393,
            "roc": 0.473657220602,
            "spe": 0.00629486143589
        },
        "probability": 0.473657220602,
        "value": "roc"
    },
    "genre_tzanetakis": {
        "all": {
            "blu": 0.0626541376114,
            "cla": 0.0348133966327,
            "cou": 0.0783501937985,
            "dis": 0.104547761381,
            "hip": 0.15693578124,
            "jaz": 0.313987255096,
            "met": 0.044816005975,
            "pop": 0.0627349764109,
            "reg": 0.0627352520823,
            "roc": 0.0784252434969
        },
        "probability": 0.313987255096,
        "value": "jaz"
    },
    "ismir04_rhythm": {
        "all": {
            "ChaChaCha": 0.357044070959,
            "Jive": 0.0913587138057,
            "Quickstep": 0.0506598800421,
            "Rumba-American": 0.00939828436822,
            "Rumba-International": 0.026448706165,
            "Rumba-Misc": 0.0127725861967,
            "Samba": 0.355638861656,
            "Tango": 0.0426849238575,
            "VienneseWaltz": 0.0467620119452,
            "Waltz": 0.00723194004968
        },
        "probability": 0.357044070959,
        "value": "ChaChaCha"
    },
    "mood_acoustic": {
        "all": {
            "acoustic": 0.0527818053961,
            "not_acoustic": 0.947218179703
        },
        "probability": 0.947218179703,
        "value": "not_acoustic"
    },
    "mood_aggressive": {
        "all": {
            "aggressive": 0.730379939079,
            "not_aggressive": 0.269620060921
        },
        "probability": 0.730379939079,
        "value": "aggressive"
    },
    "mood_electronic": {
        "all": {
            "electronic": 0.209051698446,
            "not_electronic": 0.790948271751
        },
        "probability": 0.790948271751,
        "value": "not_electronic"
    },
    "mood_happy": {
        "all": {
            "happy": 0.759645581245,
            "not_happy": 0.240354388952
        },
        "probability": 0.759645581245,
        "value": "happy"
    },
    "mood_party": {
        "all": {
            "not_party": 0.342987716198,
            "party": 0.657012283802
        },
        "probability": 0.657012283802,
        "value": "party"
    },
    "mood_relaxed": {
        "all": {
            "not_relaxed": 0.613422334194,
            "relaxed": 0.386577665806
        },
        "probability": 0.613422334194,
        "value": "not_relaxed"
    },
    "mood_sad": {
        "all": {
            "not_sad": 0.562889277935,
            "sad": 0.437110722065
        },
        "probability": 0.562889277935,
        "value": "not_sad"
    },
    "moods_mirex": {
        "all": {
            "Cluster1": 0.469812750816,
            "Cluster2": 0.314919292927,
            "Cluster3": 0.074222907424,
            "Cluster4": 0.0990335270762,
            "Cluster5": 0.0420115403831
        },
        "probability": 0.469812750816,
        "value": "Cluster1"
    },
    "timbre": {
        "all": {
            "bright": 0.99311041832,
            "dark": 0.00688956677914
        },
        "probability": 0.99311041832,
        "value": "bright"
    },
    "tonal_atonal": {
        "all": {
            "atonal": 0.0303841326386,
            "tonal": 0.969615876675
        },
        "probability": 0.969615876675,
        "value": "tonal"
    },
    "voice_instrumental": {
        "all": {
            "instrumental": 0.357081025839,
            "voice": 0.642918944359
        },
        "probability": 0.642918944359,
        "value": "voice"
    }
},
"lowlevel": {
    "average_loudness": 0.967475712299,
    "barkbands_crest": {
        "dmean": 2.6143913269,
        "dmean2": 4.18864679337,
        "dvar": 6.70849752426,
        "dvar2": 16.3856315613,
        "max": 23.1109390259,
        "mean": 8.89184379578,
        "median": 8.37524414062,
        "min": 2.37529802322,
        "var": 13.3042736053
    },
    "barkbands_flatness_db": {
        "dmean": 0.0205907505006,
        "dmean2": 0.0318863727152,
        "dvar": 0.000452238979051,
        "dvar2": 0.00104395940434,
        "max": 0.285803437233,
        "mean": 0.129623815417,
        "median": 0.125176236033,
        "min": 0.0467073656619,
        "var": 0.00118051178288
    },
    "barkbands_kurtosis": {
        "dmean": 2.31556606293,
        "dmean2": 3.71106147766,
        "dvar": 26.0305538177,
        "dvar2": 56.6382713318,
        "max": 88.9296264648,
        "mean": 2.03423094749,
        "median": 0.403257846832,
        "min": -1.70584821701,
        "var": 35.2742843628
    },
    "barkbands_skewness": {
        "dmean": 0.580282509327,
        "dmean2": 0.886642158031,
        "dvar": 0.509054720402,
        "dvar2": 1.08832633495,
        "max": 8.81344604492,
        "mean": 1.00371527672,
        "median": 0.895900309086,
        "min": -2.01942873001,
        "var": 1.35548818111
    },
    "barkbands_spread": {
        "dmean": 5.98221874237,
        "dmean2": 9.01300144196,
        "dvar": 38.3557243347,
        "dvar2": 80.0000762939,
        "max": 80.0611343384,
        "mean": 26.7198505402,
        "median": 25.4394569397,
        "min": 2.62228560448,
        "var": 137.531311035
    },
    "dissonance": {
        "dmean": 0.0165630839765,
        "dmean2": 0.0280638560653,
        "dvar": 0.000230381934671,
        "dvar2": 0.000572158722207,
        "max": 0.499549716711,
        "mean": 0.466716527939,
        "median": 0.470298737288,
        "min": 0.336939692497,
        "var": 0.000422471784987
    },
    "dynamic_complexity": 2.38539767265,
    "erbbands_crest": {
        "dmean": 3.11780047417,
        "dmean2": 5.00534629822,
        "dvar": 7.40311765671,
        "dvar2": 18.628786087,
        "max": 30.3673229218,
        "mean": 10.1020898819,
        "median": 9.14335632324,
        "min": 2.45471000671,
        "var": 19.4749889374
    },
    "erbbands_flatness_db": {
        "dmean": 0.0178626142442,
        "dmean2": 0.0246368255466,
        "dvar": 0.000283963221591,
        "dvar2": 0.000489581143484,
        "max": 0.349122852087,
        "mean": 0.157993867993,
        "median": 0.144348412752,
        "min": 0.071893915534,
        "var": 0.00227624783292
    },
    "erbbands_kurtosis": {
        "dmean": 1.122610569,
        "dmean2": 1.75857269764,
        "dvar": 1.87551903725,
        "dvar2": 4.86767101288,
        "max": 15.5648555756,
        "mean": 1.40108633041,
        "median": 0.652349233627,
        "min": -1.51975274086,
        "var": 5.60192108154
    },
    "erbbands_skewness": {
        "dmean": 0.313114464283,
        "dmean2": 0.464656442404,
        "dvar": 0.0761272609234,
        "dvar2": 0.168495297432,
        "max": 2.20136213303,
        "mean": 0.0460034310818,
        "median": 0.0219782609493,
        "min": -2.37888050079,
        "var": 0.340367883444
    },
    "erbbands_spread": {
        "dmean": 8.38179588318,
        "dmean2": 12.7230348587,
        "dvar": 76.3596496582,
        "dvar2": 173.711166382,
        "max": 105.321350098,
        "mean": 32.6233825684,
        "median": 30.9563064575,
        "min": 3.7045135498,
        "var": 271.632507324
    },
    "hfc": {
        "dmean": 7.78687000275,
        "dmean2": 11.1543064117,
        "dvar": 86.6508789062,
        "dvar2": 178.713867188,
        "max": 132.914169312,
        "mean": 30.11926651,
        "median": 23.5541858673,
        "min": 3.23985815048,
        "var": 469.57598877
    },
    "melbands_crest": {
        "dmean": 2.91879272461,
        "dmean2": 4.69293117523,
        "dvar": 8.84385681152,
        "dvar2": 20.0000133514,
        "max": 28.7705459595,
        "mean": 13.1406011581,
        "median": 12.7609605789,
        "min": 4.09212446213,
        "var": 23.3564357758
    },
    "melbands_flatness_db": {
        "dmean": 0.0256316456944,
        "dmean2": 0.0380901247263,
        "dvar": 0.00087314855773,
        "dvar2": 0.00175890652463,
        "max": 0.385498344898,
        "mean": 0.161962553859,
        "median": 0.159349530935,
        "min": 0.0420263372362,
        "var": 0.00277160317637
    },
    "melbands_kurtosis": {
        "dmean": 7.21954298019,
        "dmean2": 11.3746795654,
        "dvar": 247.824325562,
        "dvar2": 541.176635742,
        "max": 280.114715576,
        "mean": 9.62628269196,
        "median": 4.33061027527,
        "min": -1.66063153744,
        "var": 345.080535889
    },
    "melbands_skewness": {
        "dmean": 0.858715772629,
        "dmean2": 1.31075561047,
        "dvar": 1.19295787811,
        "dvar2": 2.47954368591,
        "max": 13.3837003708,
        "mean": 2.16326475143,
        "median": 1.88939642906,
        "min": -1.62161540985,
        "var": 3.22584080696
    },
    "melbands_spread": {
        "dmean": 8.68203544617,
        "dmean2": 13.2384366989,
        "dvar": 89.0168304443,
        "dvar2": 187.294448853,
        "max": 125.391326904,
        "mean": 30.9951095581,
        "median": 28.805311203,
        "min": 1.55076479912,
        "var": 276.20916748
    },
    "pitch_salience": {
        "dmean": 0.0663709193468,
        "dmean2": 0.105860173702,
        "dvar": 0.00400672573596,
        "dvar2": 0.0108069470152,
        "max": 0.764496028423,
        "mean": 0.505564272404,
        "median": 0.509336352348,
        "min": 0.132106050849,
        "var": 0.00861126370728
    },
    "silence_rate_20dB": {
        "dmean": 0,
        "dmean2": 0,
        "dvar": 0,
        "dvar2": 0,
        "max": 1,
        "mean": 1,
        "median": 1,
        "min": 1,
        "var": 0
    },
    "silence_rate_30dB": {
        "dmean": 0.0572755411267,
        "dmean2": 0.114639811218,
        "dvar": 0.0539951957762,
        "dvar2": 0.14797244966,
        "max": 1,
        "mean": 0.965970635414,
        "median": 1,
        "min": 0,
        "var": 0.0328715778887
    },
    "silence_rate_60dB": {
        "dmean": 0.0061919502914,
        "dmean2": 0.0123934932053,
        "dvar": 0.00615357561037,
        "dvar2": 0.0184368286282,
        "max": 1,
        "mean": 0.00309358071536,
        "median": 0,
        "min": 0,
        "var": 0.00308399670757
    },
    "spectral_centroid": {
        "dmean": 239.247802734,
        "dmean2": 366.626037598,
        "dvar": 59966.390625,
        "dvar2": 141693.75,
        "max": 3532.6965332,
        "mean": 1645.03771973,
        "median": 1631.73059082,
        "min": 397.491577148,
        "var": 202377.390625
    },
    "spectral_complexity": {
        "dmean": 3.14551091194,
        "dmean2": 4.64523601532,
        "dvar": 11.7668361664,
        "dvar2": 19.0592556,
        "max": 51,
        "mean": 21.0680580139,
        "median": 20,
        "min": 7,
        "var": 45.1214179993
    },
    "spectral_decrease": {
        "dmean": 3.4773308677e-09,
        "dmean2": 5.30463095672e-09,
        "dvar": 3.5705082396e-17,
        "dvar2": 7.51500137775e-17,
        "max": -5.76697023469e-10,
        "mean": -8.64331539674e-09,
        "median": -6.54266996136e-09,
        "min": -4.89633400491e-08,
        "var": 5.88841290715e-17
    },
    "spectral_energy": {
        "dmean": 0.0135911637917,
        "dmean2": 0.0206565968692,
        "dvar": 0.000519276130944,
        "dvar2": 0.00108813203406,
        "max": 0.18760573864,
        "mean": 0.0353537648916,
        "median": 0.0270232707262,
        "min": 0.00255172071047,
        "var": 0.000892400450539
    },
    "spectral_energyband_high": {
        "dmean": 0.000453230255516,
        "dmean2": 0.000574060366489,
        "dvar": 4.2034301373e-07,
        "dvar2": 6.73027955145e-07,
        "max": 0.0117691447958,
        "mean": 0.0012177930912,
        "median": 0.000766970799305,
        "min": 0.000101444020402,
        "var": 1.75229820343e-06
    },
    "spectral_energyband_low": {
        "dmean": 0.0107750771567,
        "dmean2": 0.0167800914496,
        "dvar": 0.000475859531434,
        "dvar2": 0.00101014308166,
        "max": 0.172055870295,
        "mean": 0.0173493251204,
        "median": 0.0110950851813,
        "min": 4.7347009513e-07,
        "var": 0.000666561187245
    },
    "spectral_energyband_middle_high": {
        "dmean": 0.0033875212539,
        "dmean2": 0.00510981120169,
        "dvar": 2.02099363378e-05,
        "dvar2": 4.89085905429e-05,
        "max": 0.064157769084,
        "mean": 0.011103304103,
        "median": 0.00709025189281,
        "min": 0.0006946833455,
        "var": 0.000112446963612
    },
    "spectral_energyband_middle_low": {
        "dmean": 0.00386516447179,
        "dmean2": 0.00656879274175,
        "dvar": 5.97674224991e-05,
        "dvar2": 0.000169056816958,
        "max": 0.0591609850526,
        "mean": 0.007226775866,
        "median": 0.00587788876146,
        "min": 0.00040874662227,
        "var": 5.18078231835e-05
    },
    "spectral_entropy": {
        "dmean": 0.139720261097,
        "dmean2": 0.191687703133,
        "dvar": 0.016831850633,
        "dvar2": 0.0321416072547,
        "max": 8.48660469055,
        "mean": 7.70593690872,
        "median": 7.66978359222,
        "min": 6.92273950577,
        "var": 0.0739217251539
    },
    "spectral_flux": {
        "dmean": 0.0326474681497,
        "dmean2": 0.0511655211449,
        "dvar": 0.00205352366902,
        "dvar2": 0.00431519234553,
        "max": 0.360718935728,
        "mean": 0.0967303663492,
        "median": 0.076307952404,
        "min": 0.0213518980891,
        "var": 0.00402313983068
    },
    "spectral_kurtosis": {
        "dmean": 0.844452500343,
        "dmean2": 1.36388134956,
        "dvar": 0.675132989883,
        "dvar2": 1.7104408741,
        "max": 11.5114183426,
        "mean": 2.80342769623,
        "median": 2.53108739853,
        "min": -0.554214477539,
        "var": 2.32284331322
    },
    "spectral_rms": {
        "dmean": 0.00100037595257,
        "dmean2": 0.00149166514166,
        "dvar": 2.04169054996e-06,
        "dvar2": 3.93206937588e-06,
        "max": 0.0135288573802,
        "mean": 0.0054274937138,
        "median": 0.00513460487127,
        "min": 0.00157780980226,
        "var": 5.03386036144e-06
    },
    "spectral_rolloff": {
        "dmean": 539.07989502,
        "dmean2": 858.57611084,
        "dvar": 751084.5625,
        "dvar2": 1470283.375,
        "max": 9754.54101562,
        "mean": 1833.51489258,
        "median": 1636.5234375,
        "min": 86.1328125,
        "var": 1811054.25
    },
    "spectral_skewness": {
        "dmean": 0.141385287046,
        "dmean2": 0.217867970467,
        "dvar": 0.0138457361609,
        "dvar2": 0.0313794203103,
        "max": 2.54520106316,
        "mean": 1.36136746407,
        "median": 1.3442337513,
        "min": 0.40575876832,
        "var": 0.0686351433396
    },
    "spectral_spread": {
        "dmean": 487745.71875,
        "dmean2": 643543.875,
        "dvar": 257272397824,
        "dvar2": 390091767808,
        "max": 10240408,
        "mean": 5136914,
        "median": 5021780,
        "min": 2580243.75,
        "var": 1.24621186662e+12
    },
    "spectral_strongpeak": {
        "dmean": 0.976596713066,
        "dmean2": 1.6820782423,
        "dvar": 2.91121506691,
        "dvar2": 6.82264328003,
        "max": 18.0636997223,
        "mean": 1.57069277763,
        "median": 0.52618688345,
        "min": 0,
        "var": 5.67710542679
    },
    "zerocrossingrate": {
        "dmean": 0.0118445996195,
        "dmean2": 0.0129464501515,
        "dvar": 0.000154694425873,
        "dvar2": 0.000175231572939,
        "max": 0.2470703125,
        "mean": 0.0765600800514,
        "median": 0.07080078125,
        "min": 0.01123046875,
        "var": 0.00100170215592
    },
    "barkbands": {
        "dmean": [0.000268153322395, 0.00685653975233, 0.00510739581659, 0.00235532061197, 0.00101723906118, 0.000316283811117, 0.000385812367313, 0.000278222403722, 0.00055228517158, 0.00025646033464, 0.000745461322367, 0.00102001079358, 0.00105464365333, 0.000911031558644, 0.00101890356746, 0.000834944425151, 0.000337227858836, 0.000201578732231, 0.000111436958832, 9.14232223295e-05, 0.000117885239888, 0.000141036391142, 9.9831901025e-05, 8.9663612016e-05, 8.3436643763e-05, 1.89874681382e-05, 2.19196083506e-09],
        "dmean2": [0.000443691620603, 0.010447120294, 0.00890839193016, 0.00423527602106, 0.00174633576535, 0.000508996890858, 0.000600482453592, 0.00039197926526, 0.000796694075689, 0.000385011837352, 0.0010468729306, 0.00164684432093, 0.00167174485978, 0.00141505105421, 0.00161282392219, 0.00129240914248, 0.000559545354918, 0.000326291745296, 0.000179738228326, 0.000145144411363, 0.000185408207471, 0.000199942136533, 0.000145355603308, 0.000123811652884, 0.000107669329736, 2.55974846368e-05, 3.33486349646e-09],
        "dvar": [4.99676616528e-07, 0.000225149022299, 0.000145869533299, 3.17519152304e-05, 4.06922890761e-06, 3.79365104664e-07, 7.72239616254e-07, 4.38280068238e-07, 1.41923737829e-06, 3.21953905313e-07, 2.17266710933e-06, 3.54196208718e-06, 5.94235098106e-06, 3.43430929206e-06, 6.05540026299e-06, 7.6619153333e-06, 5.88083594266e-07, 1.02657374157e-07, 2.19918021571e-08, 1.21970078482e-08, 2.13070592281e-08, 4.77670667465e-08, 1.95500575728e-08, 2.41283224511e-08, 3.24002868979e-08, 9.86984716178e-10, 7.46668066274e-16],
        "dvar2": [1.23922666262e-06, 0.000466240511741, 0.000410984037444, 9.13025432965e-05, 1.16757419164e-05, 9.88594365481e-07, 2.0686602511e-06, 9.2365803539e-07, 2.80436347566e-06, 6.56129486742e-07, 4.01043917009e-06, 8.99218957784e-06, 1.48023791553e-05, 7.74368072598e-06, 1.40154452311e-05, 2.01878137887e-05, 1.49925460846e-06, 2.61648779087e-07, 5.2714831611e-08, 2.86983272701e-08, 4.75320902638e-08, 9.91799282701e-08, 3.78744182683e-08, 3.92118728598e-08, 6.08414083558e-08, 1.8895178755e-09, 7.5172474709e-16],
        "max": [0.0082873115316, 0.134305119514, 0.0967417731881, 0.0460184626281, 0.0211744457483, 0.00717377848923, 0.0192225538194, 0.0122567806393, 0.0258217602968, 0.0098124826327, 0.0374508798122, 0.040012575686, 0.0426669418812, 0.0311768017709, 0.0452922768891, 0.0499776676297, 0.0164469424635, 0.0039954604581, 0.00185245263856, 0.00127760961186, 0.00285947090015, 0.00488417549059, 0.00222815689631, 0.00289072608575, 0.00461149821058, 0.00027739116922, 9.75276861936e-07],
        "mean": [0.00026287115179, 0.00890166312456, 0.00666097691283, 0.00289744185284, 0.00155140145216, 0.00051866954891, 0.000765895354562, 0.000520296161994, 0.000921812898014, 0.000438686955022, 0.00117697590031, 0.00183579907753, 0.00199648295529, 0.00163268356118, 0.00167080259416, 0.00116628932301, 0.000555111619178, 0.000343496561982, 0.00021377352823, 0.000202071678359, 0.000262952060439, 0.00028438740992, 0.000208759665838, 0.000184086704394, 0.000150687032146, 2.97058504657e-05, 1.95733562691e-09],
        "median": [6.38996352791e-05, 0.00335676316172, 0.00426772749051, 0.00208402145654, 0.00106172892265, 0.000246441893978, 0.000438295712229, 0.000240844165091, 0.000397011288442, 0.000168325816048, 0.00062063196674, 0.000908951973543, 0.00051943102153, 0.000566300936043, 0.000550937780645, 0.000321157713188, 0.000283414323349, 0.000217526729102, 0.000155907560838, 0.000147726226714, 0.000193258005311, 0.000155703528435, 0.000128145926283, 8.80168154254e-05, 5.98973092565e-05, 1.14449039756e-05, 4.3912312675e-10],
        "min": [1.00660606961e-07, 5.74230973882e-08, 3.20932769249e-09, 3.52828588568e-09, 1.40879365063e-06, 9.24695450522e-06, 7.80531809141e-06, 2.21924437938e-06, 8.43065026856e-06, 5.74843443246e-06, 7.4609524745e-06, 2.29480010603e-05, 1.4156987163e-05, 4.50806601293e-06, 1.57996582857e-05, 1.32646182465e-05, 7.34414788894e-06, 5.65751224713e-06, 1.10421942736e-05, 1.23586005429e-05, 2.19472185563e-05, 1.57364847837e-05, 1.71395477082e-05, 8.01898477221e-06, 3.82759208151e-06, 1.52881696636e-07, 2.59028163502e-11],
        "var": [4.66337496619e-07, 0.000294662895612, 0.00011650408851, 2.16741082113e-05, 3.70942257177e-06, 5.28764530827e-07, 1.21966650113e-06, 9.91437900666e-07, 3.07432128466e-06, 8.03660725524e-07, 4.09392987422e-06, 9.27469409362e-06, 2.09423105844e-05, 8.93080050446e-06, 1.34330466608e-05, 1.05975950646e-05, 1.0649342812e-06, 1.56413179297e-07, 3.82212093086e-08, 3.0036609644e-08, 5.66106592714e-08, 1.5561482769e-07, 5.72387435227e-08, 8.53721005001e-08, 8.16437477624e-08, 1.81436332625e-09, 7.46437620372e-16]
    },
    "erbbands": {
        "dmean": [0.170124858618, 1.70646297932, 5.37266159058, 7.2453327179, 5.43075418472, 2.96531820297, 2.11492204666, 2.79312562943, 3.25253200531, 7.8771777153, 6.68219470978, 10.0518922806, 9.63749980927, 15.8688144684, 30.0162963867, 38.5932884216, 36.5848922729, 51.963924408, 41.9873352051, 41.9567337036, 49.6309700012, 15.7260093689, 10.4240446091, 7.45661401749, 4.32308149338, 4.70557451248, 5.13782978058, 4.23804330826, 4.92817211151, 4.22363328934, 2.59344673157, 2.07202100754, 1.48800861835, 1.41665554047, 0.360436052084, 0.118885397911, 0.0312805846334, 0.0025735530071, 5.3133124311e-05, 1.70748153323e-05],
        "dmean2": [0.257204264402, 2.76215219498, 9.19592857361, 12.9299945831, 9.41501045227, 5.14422607422, 3.49837064743, 4.49524259567, 5.1171131134, 12.1330738068, 9.08623218536, 14.2630062103, 14.5460186005, 22.4529304504, 43.7010116577, 61.0552940369, 57.7036094666, 80.5499801636, 66.2192611694, 64.9325866699, 77.4075622559, 25.1430644989, 16.8724441528, 11.5716333389, 6.77898979187, 7.60697793961, 8.14745521545, 6.39748048782, 7.14955377579, 6.03812932968, 3.765604496, 2.90079188347, 2.03206443787, 1.88936471939, 0.475600272417, 0.163808107376, 0.0434552393854, 0.00388995930552, 7.35829235055e-05, 2.51293895417e-05],
        "dvar": [0.171130284667, 14.0708990097, 154.346069336, 284.820037842, 140.454284668, 35.5806121826, 17.9329357147, 32.5072402954, 42.8580207825, 333.828979492, 272.781921387, 563.67590332, 432.614685059, 1171.55249023, 2460.66772461, 4048.31689453, 7767.52929688, 11826.9804688, 9007.74804688, 15217.8916016, 27762.8613281, 712.436279297, 210.485977173, 130.374298096, 29.0497722626, 31.6745090485, 37.7173614502, 40.3146591187, 69.9843292236, 36.7052879333, 14.1938428879, 10.7973041534, 7.81115674973, 9.17447853088, 0.526255786419, 0.0386999770999, 0.0029856027104, 2.52523004747e-05, 8.30374613514e-09, 6.53224363489e-10],
        "dvar2": [0.352656304836, 31.2179718018, 423.538330078, 805.551757812, 406.466247559, 100.862602234, 46.4895095825, 85.0588607788, 110.384635925, 886.011535645, 573.224060059, 985.076599121, 1035.81713867, 2188.8515625, 5524.76367188, 9970.6015625, 20398.1386719, 24275.8769531, 19653.3535156, 36455.4921875, 72260.9375, 1801.58947754, 520.756652832, 304.497283936, 66.2337493896, 76.0500030518, 90.9743270874, 87.7685394287, 147.067611694, 73.5840454102, 28.641084671, 18.6238517761, 12.2448616028, 17.3128490448, 1.08140194416, 0.0739965289831, 0.00590397417545, 5.66635353607e-05, 1.74366991956e-08, 1.30406740961e-09],
        "max": [4.33027648926, 30.414018631, 92.4256668091, 140.265274048, 97.5251159668, 72.3336486816, 37.8784637451, 77.3012771606, 91.6686401367, 381.742919922, 291.794799805, 637.580627441, 548.984375, 910.719848633, 748.069396973, 1189.09362793, 1367.92797852, 2117.99609375, 1408.86376953, 3371.44433594, 3237.83740234, 594.387268066, 171.106292725, 230.0912323, 51.6144104004, 72.0432891846, 133.781204224, 105.444381714, 193.933166504, 99.4211502075, 68.960395813, 69.3504867554, 60.4527206421, 74.4260559082, 15.7400808334, 2.37139368057, 0.51861166954, 0.051548641175, 0.000881193613168, 0.000208495548577],
        "mean": [0.206812903285, 2.20896267891, 7.09812736511, 9.41846847534, 8.02425289154, 4.462641716, 2.90709781647, 4.82557296753, 6.02797794342, 15.9396629333, 12.9506902695, 17.9048500061, 16.4023284912, 29.9755325317, 54.7004356384, 72.8312759399, 76.7521286011, 100.828605652, 86.7163619995, 64.4192810059, 76.2803573608, 30.411687851, 20.298122406, 13.5618200302, 10.368098259, 10.264465332, 11.0327186584, 9.03843593597, 9.8355474472, 8.9617099762, 5.456594944, 4.21869850159, 2.84640240669, 2.45969200134, 0.620501458645, 0.198464289308, 0.045844655484, 0.00312441471033, 9.0972171165e-05, 4.85263117298e-05],
        "median": [0.07402420789, 0.8675096035, 4.3310418129, 7.22774028778, 6.18567419052, 2.71885609627, 1.30261421204, 2.42832922935, 3.12405157089, 9.31696510315, 6.20450973511, 8.14521312714, 6.7042927742, 16.1077976227, 33.3848571777, 41.1892242432, 24.378900528, 36.384979248, 27.2398986816, 25.170173645, 21.504201889, 16.3902072906, 13.1152219772, 8.62390232086, 8.29702758789, 7.47045850754, 8.47292613983, 5.67817306519, 5.23964691162, 5.53884124756, 3.40849208832, 2.16140651703, 1.25176155567, 0.963529348373, 0.231275618076, 0.0814511924982, 0.0154309868813, 0.000859077495988, 4.58480681118e-05, 3.76065545424e-05],
        "min": [3.58569764103e-06, 4.43184671894e-06, 2.15702821151e-05, 0.000102573125332, 0.00065160554368, 0.00922491122037, 0.0371265001595, 0.0763170272112, 0.288630276918, 0.231150105596, 0.232667684555, 0.192593842745, 0.462413161993, 0.671060502529, 1.47745382786, 2.20577597618, 1.35063195229, 1.08161115646, 0.74728089571, 0.783912241459, 1.00660860538, 0.766983807087, 0.621566534042, 0.641955673695, 0.617288827896, 0.798874855042, 0.846681177616, 0.602061986923, 0.632763683796, 0.565971553326, 0.437526404858, 0.224778145552, 0.100466907024, 0.066714040935, 0.00824155472219, 0.00190515536815, 0.00031180944643, 1.46896136357e-05, 5.00234682477e-06, 3.8447510633e-06],
        "var": [0.201627209783, 17.0554523468, 135.728515625, 204.201156616, 112.36605835, 36.3696975708, 18.1192188263, 47.8316459656, 68.0609664917, 575.994995117, 628.578857422, 1279.60144043, 844.389221191, 2790.00146484, 5662.14111328, 9760.98730469, 23155.5039062, 40342.1132812, 27761.2597656, 27693.8847656, 42721.8632812, 2166.76049805, 407.164215088, 236.603347778, 61.2443885803, 75.4442214966, 91.4270782471, 107.424072266, 206.029937744, 111.914237976, 39.2023162842, 39.3684997559, 25.9750843048, 22.6919326782, 1.1738319397, 0.077522225678, 0.00486740423366, 3.14745593641e-05, 1.29030963691e-08, 1.300599628e-09]
    },
    "gfcc": {
        "mean": [28.852016449, 66.5950546265, -137.788650513, 36.0919914246, -57.9478874207, 40.1667861938, -37.4532203674, 11.1645107269, -21.7411575317, 7.19259595871, -14.305683136, 0.611759781837, -12.386724472],
        "cov": [[1841.02185059, 491.939544678, 877.615112305, 590.514099121, 534.082702637, 290.083312988, 40.4167823792, -43.6977653503, -177.599502563, -157.636016846, -307.752319336, -196.630096436, -172.496520996], [491.939544678, 1201.89477539, 759.48651123, 640.02520752, 480.742980957, 234.955612183, 206.494049072, -101.619621277, -116.765724182, -263.014831543, -138.327331543, -253.422454834, -128.694152832], [877.615112305, 759.48651123, 1254.34680176, 790.447875977, 443.673706055, 310.63293457, 134.557418823, 6.78777885437, -176.204849243, -220.922988892, -222.910964966, -191.371948242, -181.512741089], [590.514099121, 640.02520752, 790.447875977, 675.590881348, 401.098297119, 237.512985229, 101.530654907, -7.81301116943, -89.6577987671, -187.117340088, -158.947845459, -157.514587402, -97.4416351318], [534.082702637, 480.742980957, 443.673706055, 401.098297119, 409.84753418, 204.162231445, 92.3428344727, -23.9032592773, -50.9624443054, -103.150604248, -106.88520813, -119.854415894, -68.54637146], [290.083312988, 234.955612183, 310.63293457, 237.512985229, 204.162231445, 216.300750732, 112.158302307, 11.339805603, -32.0737991333, -53.1486778259, -48.8852767944, -68.1675643921, -48.4208755493], [40.4167823792, 206.494049072, 134.557418823, 101.530654907, 92.3428344727, 112.158302307, 155.849609375, 33.3655052185, -1.80077707767, -32.4180793762, -3.20301198959, -32.0038833618, -30.7018890381], [-43.6977653503, -101.619621277, 6.78777885437, -7.81301116943, -23.9032592773, 11.339805603, 33.3655052185, 107.03137207, 52.9785346985, 27.2638893127, 9.09027576447, 35.4021453857, 16.7451953888], [-177.599502563, -116.765724182, -176.204849243, -89.6577987671, -50.9624443054, -32.0737991333, -1.80077707767, 52.9785346985, 113.018615723, 71.6206512451, 41.570098877, 38.5845451355, 40.2798576355], [-157.636016846, -263.014831543, -220.922988892, -187.117340088, -103.150604248, -53.1486778259, -32.4180793762, 27.2638893127, 71.6206512451, 152.9322052, 86.2967758179, 64.7424316406, 25.8335914612], [-307.752319336, -138.327331543, -222.910964966, -158.947845459, -106.88520813, -48.8852767944, -3.20301198959, 9.09027576447, 41.570098877, 86.2967758179, 137.359603882, 69.9370880127, 37.7124443054], [-196.630096436, -253.422454834, -191.371948242, -157.514587402, -119.854415894, -68.1675643921, -32.0038833618, 35.4021453857, 38.5845451355, 64.7424316406, 69.9370880127, 118.040550232, 58.5787239075], [-172.496520996, -128.694152832, -181.512741089, -97.4416351318, -68.54637146, -48.4208755493, -30.7018890381, 16.7451953888, 40.2798576355, 25.8335914612, 37.7124443054, 58.5787239075, 105.069877625]],
        "icov": [[0.00149440439418, -4.18792114942e-05, -0.000183221214684, 0.000217275490286, -0.00137622270267, -0.000609805225395, 0.000783550494816, -0.000434161716839, 0.00161357561592, -0.00152722897474, 0.00260558421724, -0.000499482033774, 0.00050655961968], [-4.18792114942e-05, 0.00613423017785, -0.00268588238396, -0.000131391119794, -0.00372300622985, 0.00519936159253, -0.00643334817141, 0.00593664636835, -0.00462000630796, 0.00601947121322, -0.00519420206547, 0.00632003322244, -0.00154393701814], [-0.000183221214684, -0.00268588238396, 0.00641482276842, -0.00562510732561, 0.00300220400095, -0.00338367116638, 0.00257875421084, -0.00505282497033, 0.00675964914262, -0.00464410381392, 0.00411363085732, -0.00361797842197, 0.00332369958051], [0.000217275490286, -0.000131391119794, -0.00562510732561, 0.0113790072501, -0.00464257365093, -0.000767811376136, 0.00193400238641, 0.000345407665009, -0.0048516811803, 0.00564278056845, -0.00208741589449, 0.00199520494789, -0.00173207488842], [-0.00137622270267, -0.00372300622985, 0.00300220400095, -0.00464257365093, 0.0117260022089, -0.00647414475679, 0.00249022687785, -0.00108867895324, 0.00108786055353, -0.00392138073221, 0.00296249100938, -0.00271507585421, 0.000626429158729], [-0.000609805225395, 0.00519936159253, -0.00338367116638, -0.000767811376136, -0.00647414475679, 0.0184296872467, -0.0124062644318, 0.00456057209522, -0.00272255926393, 0.00294169061817, -0.00528085837141, 0.00679031573236, -0.00284251850098], [0.000783550494816, -0.00643334817141, 0.00257875421084, 0.00193400238641, 0.00249022687785, -0.0124062644318, 0.0205868091434, -0.0110070472583, 0.00393404951319, -0.00196929462254, 0.00178697844967, -0.00496317306533, 0.00443374924362], [-0.000434161716839, 0.00593664636835, -0.00505282497033, 0.000345407665009, -0.00108867895324, 0.00456057209522, -0.0110070472583, 0.024408467114, -0.0149016184732, 0.0058262553066, -0.002234517131, -0.000350947811967, -0.00228691007942], [0.00161357561592, -0.00462000630796, 0.00675964914262, -0.0048516811803, 0.00108786055353, -0.00272255926393, 0.00393404951319, -0.0149016184732, 0.0284441933036, -0.0158967580646, 0.00830103922635, -0.00244927220047, -0.00146194500849], [-0.00152722897474, 0.00601947121322, -0.00464410381392, 0.00564278056845, -0.00392138073221, 0.00294169061817, -0.00196929462254, 0.0058262553066, -0.0158967580646, 0.0262263584882, -0.0154537959024, 0.00486586196348, 0.00184914411511], [0.00260558421724, -0.00519420206547, 0.00411363085732, -0.00208741589449, 0.00296249100938, -0.00528085837141, 0.00178697844967, -0.002234517131, 0.00830103922635, -0.0154537959024, 0.0256532132626, -0.0120370145887, 0.00158409983851], [-0.000499482033774, 0.00632003322244, -0.00361797842197, 0.00199520494789, -0.00271507585421, 0.00679031573236, -0.00496317306533, -0.000350947811967, -0.00244927220047, 0.00486586196348, -0.0120370145887, 0.0275716688484, -0.00882396288216], [0.00050655961968, -0.00154393701814, 0.00332369958051, -0.00173207488842, 0.000626429158729, -0.00284251850098, 0.00443374924362, -0.00228691007942, -0.00146194500849, 0.00184914411511, 0.00158409983851, -0.00882396288216, 0.0178090650588]]
    },
    "melbands": {
        "dmean": [0.00171658035833, 0.00252805673517, 0.00120022078045, 0.00028330218629, 7.89419063949e-05, 6.10996648902e-05, 5.66655871808e-05, 8.00007037469e-05, 5.49340184079e-05, 7.22281183698e-05, 4.98252738907e-05, 6.13931260887e-05, 0.00011547516624, 0.000115817601909, 8.24358430691e-05, 0.000112301793706, 9.35679927352e-05, 6.85901613906e-05, 6.71609523124e-05, 4.67335376015e-05, 6.27335830359e-05, 1.80799033842e-05, 1.19426476886e-05, 1.28728052005e-05, 5.73413853999e-06, 4.51994401374e-06, 2.88252294922e-06, 3.40048245562e-06, 3.7939610138e-06, 3.00316287394e-06, 2.50543780567e-06, 2.85244323095e-06, 3.40785277331e-06, 2.39169412453e-06, 1.70217094819e-06, 1.39058283821e-06, 1.27821351725e-06, 1.10672181108e-06, 1.15525506317e-06, 1.24581083583e-06],
        "dmean2": [0.0025352970697, 0.0041928011924, 0.00212309672497, 0.000488671648782, 0.000130627784529, 9.7860036476e-05, 8.94268523552e-05, 0.000122877943795, 7.41577096051e-05, 0.000103956503153, 7.48585807742e-05, 8.71965894476e-05, 0.00016327179037, 0.000184941076441, 0.000134271438583, 0.000177764959517, 0.000144567849929, 0.000109330365376, 0.000101522338809, 7.22686309018e-05, 9.80659169727e-05, 2.87420753011e-05, 1.99502064788e-05, 2.10774232983e-05, 9.01679777598e-06, 7.31209638616e-06, 4.63298192699e-06, 5.55887390874e-06, 6.09911694482e-06, 4.86130784338e-06, 3.80225674235e-06, 4.32775686932e-06, 5.05049456478e-06, 3.59341470357e-06, 2.59698185801e-06, 1.94286758415e-06, 1.83831298273e-06, 1.5779946807e-06, 1.59217063356e-06, 1.67253267591e-06],
        "dvar": [1.4704663954e-05, 3.08114395011e-05, 7.71415307099e-06, 3.41651968938e-07, 2.22116423032e-08, 1.48208707529e-08, 1.37266962241e-08, 2.93465163281e-08, 1.76761130177e-08, 2.4608612037e-08, 1.1092198271e-08, 1.80810157957e-08, 3.8504271771e-08, 5.76086627291e-08, 3.4727072773e-08, 5.85698813893e-08, 3.62507819318e-08, 2.62291308673e-08, 3.44245698614e-08, 2.2775656916e-08, 4.6493550343e-08, 1.2697946028e-09, 4.46773479323e-10, 5.11160003214e-10, 9.14604433855e-11, 3.23024176851e-11, 1.17256187399e-11, 1.79866746497e-11, 2.19524988465e-11, 1.66053559791e-11, 1.66075660168e-11, 3.25556422098e-11, 2.27119989482e-11, 1.23990600773e-11, 6.25066925303e-12, 5.12537668557e-12, 4.72124683099e-12, 4.01136068806e-12, 6.63825027933e-12, 7.31612947308e-12],
        "dvar2": [2.96230318781e-05, 7.85726879258e-05, 2.18425993808e-05, 9.91157207864e-07, 5.78672789686e-08, 3.86292526855e-08, 3.59675240702e-08, 7.6415744843e-08, 3.46855237865e-08, 4.79284238963e-08, 2.660071452e-08, 3.43175408091e-08, 7.48307869003e-08, 1.44778198319e-07, 9.61472395034e-08, 1.30454111513e-07, 7.54428910454e-08, 5.87624704451e-08, 7.2629276815e-08, 5.4681148498e-08, 1.23513942185e-07, 2.94583846205e-09, 1.25488952563e-09, 1.30770916318e-09, 2.10885253704e-10, 7.74240740964e-11, 2.70854380591e-11, 4.35470409732e-11, 5.77507833222e-11, 3.98589182493e-11, 3.65347960218e-11, 7.62047161484e-11, 4.78435624451e-11, 2.8601034735e-11, 1.4081509396e-11, 9.88060414736e-12, 8.95617954799e-12, 6.94315091532e-12, 1.22006120484e-11, 1.50502926094e-11],
        "max": [0.0352953858674, 0.0412422604859, 0.0222834348679, 0.00579408649355, 0.00144131632987, 0.00163629162125, 0.00206946465187, 0.00339443376288, 0.00258348975331, 0.00340794329531, 0.00273683504201, 0.00339419604279, 0.00393612449989, 0.0059644151479, 0.0035213008523, 0.005060414318, 0.00356151815504, 0.00262342137285, 0.00433712173253, 0.0030554048717, 0.00350398663431, 0.000878941675182, 0.000258609856246, 0.000294235273032, 0.000203561605304, 7.00574237271e-05, 4.13925627072e-05, 6.23453524895e-05, 7.33605193091e-05, 5.96858772042e-05, 6.9349342084e-05, 0.000125854436192, 8.04905794212e-05, 5.54349026061e-05, 3.2849584386e-05, 5.85395864618e-05, 4.2393367039e-05, 4.54077126051e-05, 5.45790790056e-05, 6.81305464241e-05],
        "mean": [0.00220471154898, 0.00355026847683, 0.00166805181652, 0.000431855994975, 0.000116279588838, 0.000105855011498, 0.000108072614239, 0.00015968248772, 0.000102789163066, 0.000121917197248, 8.128900663e-05, 0.000113443304144, 0.000191430954146, 0.000212207261939, 0.000148258084664, 0.000218734130613, 0.000172341489815, 0.000138405448524, 0.000107049920189, 6.68900029268e-05, 9.10288581508e-05, 3.00117662846e-05, 2.14020619751e-05, 1.94616659428e-05, 9.43375380302e-06, 8.81198866409e-06, 6.4868663685e-06, 6.50847778161e-06, 7.25978179617e-06, 5.75126796321e-06, 4.98535018778e-06, 5.15614146934e-06, 6.34178741166e-06, 4.55240297015e-06, 3.22509481521e-06, 2.71344947578e-06, 2.44539705818e-06, 1.96935843633e-06, 2.0362892883e-06, 2.0377058263e-06],
        "median": [0.000821281108074, 0.00225821323693, 0.00136171630584, 0.000338817859301, 5.25329232914e-05, 5.27041047462e-05, 6.09903800068e-05, 9.38381999731e-05, 4.77160174341e-05, 5.33864440513e-05, 3.18136808346e-05, 5.68598115933e-05, 0.000110691747977, 9.5567178505e-05, 6.86068378855e-05, 6.21635554126e-05, 5.99229533691e-05, 3.54378025804e-05, 3.23269050568e-05, 2.52082827501e-05, 2.25514031627e-05, 1.5775394786e-05, 9.87418479781e-06, 1.14954573291e-05, 5.61954357181e-06, 6.69285282129e-06, 4.69754331789e-06, 4.53600750916e-06, 5.440212135e-06, 4.09978929383e-06, 2.89914487439e-06, 2.41898737841e-06, 3.67369329979e-06, 2.8373663099e-06, 2.08700953408e-06, 1.45063188484e-06, 1.19321782677e-06, 8.74300781106e-07, 8.27295593808e-07, 7.67358187659e-07],
        "min": [3.26771392167e-08, 7.22690796096e-09, 1.23870327329e-08, 1.01501328231e-07, 1.26224290398e-06, 1.37378845011e-06, 2.90063417197e-06, 2.24489508582e-06, 1.08977474156e-06, 1.27899454583e-06, 5.09158383011e-07, 2.28103704103e-06, 3.00940405396e-06, 2.5905928851e-06, 2.66319420916e-06, 1.41693692512e-06, 1.0939902495e-06, 6.64231265546e-07, 8.9541140369e-07, 1.52131678988e-06, 2.65994344772e-07, 2.65434096036e-07, 2.90408081582e-07, 1.95877333908e-07, 2.22448832687e-07, 4.76823032614e-07, 3.73705660195e-07, 3.33623489723e-07, 3.58909034048e-07, 3.32776551204e-07, 3.1877254969e-07, 2.91915000616e-07, 1.98282009478e-07, 2.81361025145e-07, 2.28118040013e-07, 1.77772292886e-07, 1.07382277292e-07, 5.91826179175e-08, 6.44403286287e-08, 2.10506438947e-08],
