{
"highlevel": {
    "danceability": {
        "all": {
            "danceable": 0.00930456910282,
            "not_danceable": 0.990695416927
        },
        "probability": 0.990695416927,
        "value": "not_danceable"
    },
    "gender": {
        "all": {
            "female": 0.970435917377,
            "male": 0.0295640677214
        },
        "probability": 0.970435917377,
        "value": "female"
    },
    "genre_dortmund": {
        "all": {
            "alternative": 0.0934823006392,
            "blues": 0.0151496855542,
            "electronic": 0.00374019821174,
            "folkcountry": 0.583703577518,
            "funksoulrnb": 0.00540180504322,
            "jazz": 0.0298105590045,
            "pop": 0.253273189068,
            "raphiphop": 0.000616387464106,
            "rock": 0.0148222977296
        },
        "probability": 0.583703577518,
        "value": "folkcountry"
    },
    "genre_electronic": {
        "all": {
            "ambient": 0.885113954544,
            "dnb": 0.0359702445567,
            "house": 0.0551383011043,
            "techno": 0.00815944839269,
            "trance": 0.0156180532649
        },
        "probability": 0.885113954544,
        "value": "ambient"
    },
    "genre_rosamerica": {
        "all": {
            "cla": 0.336452007294,
            "dan": 0.00466344272718,
            "hip": 0.00446145562455,
            "jaz": 0.0233680475503,
            "pop": 0.148306310177,
            "rhy": 0.457621484995,
            "roc": 0.0101696606725,
            "spe": 0.0149575816467
        },
        "probability": 0.457621484995,
        "value": "rhy"
    },
    "genre_tzanetakis": {
        "all": {
            "blu": 0.0626613423228,
            "cla": 0.0348169617355,
            "cou": 0.104475811124,
            "dis": 0.0784321576357,
            "hip": 0.15692435205,
            "jaz": 0.313974827528,
            "met": 0.0448166541755,
            "pop": 0.0627359300852,
            "reg": 0.0627360641956,
            "roc": 0.0784258767962
        },
        "probability": 0.313974827528,
        "value": "jaz"
    },
    "ismir04_rhythm": {
        "all": {
            "ChaChaCha": 0.00492030847818,
            "Jive": 0.000843497458845,
            "Quickstep": 0.00367169128731,
            "Rumba-American": 0.00192377320491,
            "Rumba-International": 0.0485185794532,
            "Rumba-Misc": 0.0103112990037,
            "Samba": 0.00162593717687,
            "Tango": 0.0062224692665,
            "VienneseWaltz": 0.453197240829,
            "Waltz": 0.468765199184
        },
        "probability": 0.468765199184,
        "value": "Waltz"
    },
    "mood_acoustic": {
        "all": {
            "acoustic": 0.95081114769,
            "not_acoustic": 0.0491888634861
        },
        "probability": 0.95081114769,
        "value": "acoustic"
    },
    "mood_aggressive": {
        "all": {
            "aggressive": 0.0479979850352,
            "not_aggressive": 0.952001988888
        },
        "probability": 0.952001988888,
        "value": "not_aggressive"
    },
    "mood_electronic": {
        "all": {
            "electronic": 0.0435253605247,
            "not_electronic": 0.956474661827
        },
        "probability": 0.956474661827,
        "value": "not_electronic"
    },
    "mood_happy": {
        "all": {
            "happy": 0.653386592865,
            "not_happy": 0.346613407135
        },
        "probability": 0.653386592865,
        "value": "happy"
    },
    "mood_party": {
        "all": {
            "not_party": 0.990427732468,
            "party": 0.00957227125764
        },
        "probability": 0.990427732468,
        "value": "not_party"
    },
    "mood_relaxed": {
        "all": {
            "not_relaxed": 0.245229244232,
            "relaxed": 0.754770755768
        },
        "probability": 0.754770755768,
        "value": "relaxed"
    },
    "mood_sad": {
        "all": {
            "not_sad": 0.0490143857896,
            "sad": 0.950985610485
        },
        "probability": 0.950985610485,
        "value": "sad"
    },
    "moods_mirex": {
        "all": {
            "Cluster1": 0.0256078932434,
            "Cluster2": 0.140435010195,
            "Cluster3": 0.789443194866,
            "Cluster4": 0.0403794683516,
            "Cluster5": 0.00413441704586
        },
        "probability": 0.789443194866,
        "value": "Cluster3"
    },
    "timbre": {
        "all": {
            "bright": 0.978662073612,
            "dark": 0.0213379263878
        },
        "probability": 0.978662073612,
        "value": "bright"
    },
    "tonal_atonal": {
        "all": {
            "atonal": 0.00628673937172,
            "tonal": 0.993713259697
        },
        "probability": 0.993713259697,
        "value": "tonal"
    },
    "voice_instrumental": {
        "all": {
            "instrumental": 0.010030948557,
            "voice": 0.989969074726
        },
        "probability": 0.989969074726,
        "value": "voice"
    }
},
"lowlevel": {
    "average_loudness": 0.847679376602,
    "barkbands_crest": {
        "dmean": 2.23382401466,
        "dmean2": 3.47874212265,
        "dvar": 4.61045980453,
        "dvar2": 10.9825496674,
        "max": 26.1748371124,
        "mean": 13.5703716278,
        "median": 12.8964557648,
        "min": 4.3237361908,
        "var": 21.7289104462
    },
    "barkbands_flatness_db": {
        "dmean": 0.0213907919824,
        "dmean2": 0.0325815044343,
        "dvar": 0.000560549262445,
        "dvar2": 0.00113996735308,
        "max": 0.467699319124,
        "mean": 0.225743606687,
        "median": 0.217373296618,
        "min": 0.082233838737,
        "var": 0.00285268365405
    },
    "barkbands_kurtosis": {
        "dmean": 7.94584608078,
        "dmean2": 12.0149173737,
        "dvar": 560.338989258,
        "dvar2": 1220.03417969,
        "max": 506.31829834,
        "mean": 16.3173809052,
        "median": 7.73872852325,
        "min": -1.94726157188,
        "var": 1019.32946777
    },
    "barkbands_skewness": {
        "dmean": 0.654740035534,
        "dmean2": 0.964322268963,
        "dvar": 0.901843190193,
        "dvar2": 1.94976127148,
        "max": 18.7539768219,
        "mean": 2.73891568184,
        "median": 2.42359423637,
        "min": -2.77143836021,
        "var": 3.6915409565
    },
    "barkbands_spread": {
        "dmean": 2.82611775398,
        "dmean2": 4.30394411087,
        "dvar": 37.1960868835,
        "dvar2": 84.4403610229,
        "max": 78.7815856934,
        "mean": 9.52002239227,
        "median": 7.68362188339,
        "min": 0.201446861029,
        "var": 85.6839370728
    },
    "dissonance": {
        "dmean": 0.0303119122982,
        "dmean2": 0.0504267327487,
        "dvar": 0.000723682693206,
        "dvar2": 0.00195705005899,
        "max": 0.499999940395,
        "mean": 0.422128349543,
        "median": 0.426798313856,
        "min": 0.247144266963,
        "var": 0.00180252618156
    },
    "dynamic_complexity": 2.49844574928,
    "erbbands_crest": {
        "dmean": 2.6342113018,
        "dmean2": 4.1216468811,
        "dvar": 6.69501304626,
        "dvar2": 14.9132184982,
        "max": 29.2654037476,
        "mean": 12.7311487198,
        "median": 11.6709089279,
        "min": 3.63429069519,
        "var": 26.6101417542
    },
    "erbbands_flatness_db": {
        "dmean": 0.0173733700067,
        "dmean2": 0.024907361716,
        "dvar": 0.000396306655603,
        "dvar2": 0.000748680962715,
        "max": 0.416791051626,
        "mean": 0.231589004397,
        "median": 0.230677202344,
        "min": 0.109518505633,
        "var": 0.00210787379183
    },
    "erbbands_kurtosis": {
        "dmean": 2.14497208595,
        "dmean2": 3.15075874329,
        "dvar": 24.3628387451,
        "dvar2": 40.3275718689,
        "max": 95.3101119995,
        "mean": 3.75297832489,
        "median": 2.12178611755,
        "min": -1.85525155067,
        "var": 65.2795715332
    },
    "erbbands_skewness": {
        "dmean": 0.406301766634,
        "dmean2": 0.594636440277,
        "dvar": 0.276287257671,
        "dvar2": 0.526743769646,
        "max": 7.74967193604,
        "mean": 1.38552820683,
        "median": 1.27741587162,
        "min": -4.63441610336,
        "var": 1.27782464027
    },
    "erbbands_spread": {
        "dmean": 6.4172077179,
        "dmean2": 9.40892601013,
        "dvar": 107.290489197,
        "dvar2": 225.056854248,
        "max": 126.69720459,
        "mean": 27.5756778717,
        "median": 21.796541214,
        "min": 1.41204595566,
        "var": 357.934997559
    },
    "hfc": {
        "dmean": 3.12240934372,
        "dmean2": 4.26946640015,
        "dvar": 17.7245540619,
        "dvar2": 31.6646881104,
        "max": 85.0224151611,
        "mean": 13.9248752594,
        "median": 10.2379999161,
        "min": 0.144650116563,
        "var": 172.27281189
    },
    "melbands_crest": {
        "dmean": 2.6091337204,
        "dmean2": 4.03418731689,
        "dvar": 6.00379943848,
        "dvar2": 14.2807254791,
        "max": 33.0214385986,
        "mean": 15.6426811218,
        "median": 14.7483615875,
        "min": 5.319876194,
        "var": 27.5147190094
    },
    "melbands_flatness_db": {
        "dmean": 0.0226839501411,
        "dmean2": 0.0331030450761,
        "dvar": 0.000770429265685,
        "dvar2": 0.00152884004638,
        "max": 0.543726861477,
        "mean": 0.271103709936,
        "median": 0.2622179389,
        "min": 0.0606873594224,
        "var": 0.00417954009026
    },
    "melbands_kurtosis": {
        "dmean": 9.85227489471,
        "dmean2": 14.7361392975,
        "dvar": 336.650543213,
        "dvar2": 788.212646484,
        "max": 302.327575684,
        "mean": 24.4855461121,
        "median": 14.7376441956,
        "min": -1.92271840572,
        "var": 988.303283691
    },
    "melbands_skewness": {
        "dmean": 0.696965098381,
        "dmean2": 0.996435165405,
        "dvar": 0.635228931904,
        "dvar2": 1.42510354519,
        "max": 12.6557216644,
        "mean": 3.18587946892,
        "median": 2.89957141876,
        "min": -0.416832715273,
        "var": 3.91237521172
    },
    "melbands_spread": {
        "dmean": 2.99991822243,
        "dmean2": 4.40449094772,
        "dvar": 60.2852783203,
        "dvar2": 93.8650054932,
        "max": 203.700759888,
        "mean": 11.6089992523,
        "median": 8.54507064819,
        "min": 0.329409390688,
        "var": 319.467193604
    },
    "pitch_salience": {
        "dmean": 0.0599877201021,
        "dmean2": 0.0940482020378,
        "dvar": 0.00378603348508,
        "dvar2": 0.00869144685566,
        "max": 0.807416796684,
        "mean": 0.509024858475,
        "median": 0.518483638763,
        "min": 0.117330044508,
        "var": 0.0158417001367
    },
    "silence_rate_20dB": {
        "dmean": 0,
        "dmean2": 0,
        "dvar": 0,
        "dvar2": 0,
        "max": 1,
        "mean": 1,
        "median": 1,
        "min": 1,
        "var": 0
    },
    "silence_rate_30dB": {
        "dmean": 0.0030959751457,
        "dmean2": 0.00619674660265,
        "dvar": 0.0030863659922,
        "dvar2": 0.00615835189819,
        "max": 1,
        "mean": 0.996133029461,
        "median": 1,
        "min": 0,
        "var": 0.00385200814344
    },
    "silence_rate_60dB": {
        "dmean": 0.0154798757285,
        "dmean2": 0.0309837330133,
        "dvar": 0.0152404392138,
        "dvar2": 0.0315731354058,
        "max": 1,
        "mean": 0.0464037135243,
        "median": 0,
        "min": 0,
        "var": 0.04425002262
    },
    "spectral_centroid": {
        "dmean": 126.045967102,
        "dmean2": 184.602737427,
        "dvar": 42375.21875,
        "dvar2": 76484.3046875,
        "max": 5205.13623047,
        "mean": 749.074645996,
        "median": 664.996459961,
        "min": 207.749221802,
        "var": 221209.984375
    },
    "spectral_complexity": {
        "dmean": 1.71517026424,
        "dmean2": 2.69635939598,
        "dvar": 3.44209218025,
        "dvar2": 6.82182836533,
        "max": 34,
        "mean": 11.1082754135,
        "median": 11,
        "min": 0,
        "var": 25.8119678497
    },
    "spectral_decrease": {
        "dmean": 1.57545532176e-09,
        "dmean2": 2.31850005861e-09,
        "dvar": 7.32295220795e-18,
        "dvar2": 1.3980373093e-17,
        "max": -5.22366420952e-11,
        "mean": -5.98063509827e-09,
        "median": -5.0158210918e-09,
        "min": -5.99485332486e-08,
        "var": 2.28441526783e-17
    },
    "spectral_energy": {
        "dmean": 0.00619472749531,
        "dmean2": 0.00908535718918,
        "dvar": 0.000109494030767,
        "dvar2": 0.000208790355828,
        "max": 0.230480179191,
        "mean": 0.0238353107125,
        "median": 0.0199360884726,
        "min": 0.000215579260839,
        "var": 0.000359054625733
    },
    "spectral_energyband_high": {
        "dmean": 8.49217831274e-05,
        "dmean2": 0.000118365634989,
        "dvar": 5.00000822967e-08,
        "dvar2": 8.7168167795e-08,
        "max": 0.00440234737471,
        "mean": 0.000210752987186,
        "median": 9.71848930931e-05,
        "min": 5.29755368461e-07,
        "var": 1.41372694884e-07
    },
    "spectral_energyband_low": {
        "dmean": 0.000287955976091,
        "dmean2": 0.000465677469037,
        "dvar": 6.25497250439e-07,
        "dvar2": 1.58741204359e-06,
        "max": 0.0125922774896,
        "mean": 0.000899024482351,
        "median": 0.000328063848428,
        "min": 2.8253742812e-07,
        "var": 2.20233687287e-06
    },
    "spectral_energyband_middle_high": {
        "dmean": 0.0012809013715,
        "dmean2": 0.00177918362897,
        "dvar": 7.6235328379e-06,
        "dvar2": 1.5372344933e-05,
        "max": 0.0731619596481,
        "mean": 0.00507747055963,
        "median": 0.00168503576424,
        "min": 3.75239778805e-06,
        "var": 0.000103773425508
    },
    "spectral_energyband_middle_low": {
        "dmean": 0.00564120523632,
        "dmean2": 0.00844381563365,
        "dvar": 0.0001040651332,
        "dvar2": 0.000201060291147,
        "max": 0.227465853095,
        "mean": 0.0183023680001,
        "median": 0.0158346351236,
        "min": 0.0001125954077,
        "var": 0.000247703137575
    },
    "spectral_entropy": {
        "dmean": 0.20254072547,
        "dmean2": 0.28862836957,
        "dvar": 0.0659496411681,
        "dvar2": 0.126395687461,
        "max": 8.36883354187,
        "mean": 6.69746589661,
        "median": 6.72962856293,
        "min": 4.48057079315,
        "var": 0.300570458174
    },
    "spectral_flux": {
        "dmean": 0.0210044104606,
        "dmean2": 0.0337392129004,
        "dvar": 0.000623393105343,
        "dvar2": 0.0015825885348,
        "max": 0.276295781136,
        "mean": 0.0607827678323,
        "median": 0.050344824791,
        "min": 0.0051440903917,
        "var": 0.00148540060036
    },
    "spectral_kurtosis": {
        "dmean": 2.7722465992,
        "dmean2": 4.67180871964,
        "dvar": 12.6737928391,
        "dvar2": 29.641374588,
        "max": 54.2826423645,
        "mean": 7.77632045746,
        "median": 6.8475446701,
        "min": -1.03431594372,
        "var": 27.7912712097
    },
    "spectral_rms": {
        "dmean": 0.000596156576648,
        "dmean2": 0.00085584068438,
        "dvar": 5.74652688101e-07,
        "dvar2": 1.03325498912e-06,
        "max": 0.0149952899665,
        "mean": 0.0044958293438,
        "median": 0.00441019749269,
        "min": 0.000458607915789,
        "var": 3.04150330521e-06
    },
    "spectral_rolloff": {
        "dmean": 223.464569092,
        "dmean2": 393.01751709,
        "dvar": 616255.625,
        "dvar2": 1380438.625,
        "max": 9733.0078125,
        "mean": 850.151794434,
        "median": 624.462890625,
        "min": 193.798828125,
        "var": 1245508
    },
    "spectral_skewness": {
        "dmean": 0.311310112476,
        "dmean2": 0.495108395815,
        "dvar": 0.121319547296,
        "dvar2": 0.256030738354,
        "max": 5.98851680756,
        "mean": 2.13955378532,
        "median": 2.10137343407,
        "min": -0.450251370668,
        "var": 0.458733588457
    },
    "spectral_spread": {
        "dmean": 512370.5625,
        "dmean2": 749170.4375,
        "dvar": 599202922496,
        "dvar2": 1.19569894605e+12,
        "max": 12904837,
        "mean": 3943109.5,
        "median": 3658971.75,
        "min": 1716763,
        "var": 1.93616347136e+12
    },
    "spectral_strongpeak": {
        "dmean": 0.44047626853,
        "dmean2": 0.691771745682,
        "dvar": 0.317826062441,
        "dvar2": 0.715774476528,
        "max": 9.83619880676,
        "mean": 1.49302232265,
        "median": 1.03572320938,
        "min": 0.0301525704563,
        "var": 2.39844989777
    },
    "zerocrossingrate": {
        "dmean": 0.0064077465795,
        "dmean2": 0.00793163944036,
        "dvar": 0.000129204869154,
        "dvar2": 0.000148231352796,
        "max": 0.29443359375,
        "mean": 0.0392415001988,
        "median": 0.03515625,
        "min": 0.00927734375,
        "var": 0.000958619231824
    },
    "barkbands": {
        "dmean": [1.87016285054e-05, 1.23329928101e-05, 0.000137139373692, 0.00091879372485, 0.00319430069067, 0.00178764353041, 0.000765700126067, 0.000555522216018, 0.000876134203281, 0.00061963085318, 0.000537535466719, 0.00020430170116, 0.000144483958138, 0.000124383470393, 0.000153616841999, 0.000109067368612, 5.96647441853e-05, 3.48995963577e-05, 5.55322039872e-05, 3.65129671991e-05, 2.53076377703e-05, 1.48564904521e-05, 1.41924892887e-05, 2.1262698283e-05, 1.30689568323e-05, 2.68943335868e-06, 1.31958555194e-09],
        "dmean2": [3.06970432575e-05, 2.01802704396e-05, 0.000228596836678, 0.00130387896206, 0.00500344857574, 0.00264224153943, 0.00118485814892, 0.000785227806773, 0.00116614613216, 0.000861920823809, 0.000758280104492, 0.000298102910165, 0.000213488630834, 0.000189314756426, 0.000237341053435, 0.000158057984663, 8.58425919432e-05, 5.32115554961e-05, 8.61797961988e-05, 5.27013144165e-05, 3.77686592401e-05, 2.27350101341e-05, 2.08571163967e-05, 3.15688594128e-05, 1.90074933926e-05, 4.30342515756e-06, 2.1945276707e-09],
        "dvar": [1.05120268046e-09, 1.36287159336e-09, 1.7514388162e-07, 9.17767101782e-06, 5.48813586647e-05, 6.80728680891e-06, 2.82750670522e-06, 2.3913514724e-06, 4.45442628916e-06, 3.64540483133e-06, 3.02024591292e-06, 6.37145717519e-07, 4.94230903314e-07, 2.70350483333e-07, 1.71916070713e-07, 9.12154618504e-08, 2.006563804e-08, 9.33224164612e-09, 1.37097710962e-08, 4.56573223673e-09, 4.48569492661e-09, 2.65157451551e-09, 3.39563221985e-09, 4.93826979309e-09, 1.92032256763e-09, 1.8075509145e-10, 7.89749366346e-17],
        "dvar2": [2.51392529016e-09, 3.19808313165e-09, 4.4293167889e-07, 1.57214217325e-05, 0.00011869485752, 1.3990559637e-05, 6.48827563055e-06, 4.73249110655e-06, 7.8605435192e-06, 7.44029193811e-06, 5.72458975512e-06, 1.58142472628e-06, 1.03187846889e-06, 5.07869913235e-07, 4.04572830348e-07, 1.79942318823e-07, 3.90454601984e-08, 1.95247924495e-08, 2.58651695617e-08, 9.20771192625e-09, 9.54022993938e-09, 5.72670488808e-09, 6.3121610161e-09, 8.82581563388e-09, 3.40201222748e-09, 4.75209482875e-10, 8.84544926289e-17],
        "max": [0.00035629796912, 0.00055075873388, 0.0113419834524, 0.0899108797312, 0.127176210284, 0.0290686152875, 0.0295014642179, 0.0348919890821, 0.0464700125158, 0.0359540134668, 0.0568238794804, 0.0215702988207, 0.0186490193009, 0.0110607845709, 0.00551422825083, 0.00614800304174, 0.00241174711846, 0.00206272606738, 0.00287457578816, 0.00155343045481, 0.00140440545511, 0.000965816841926, 0.00141724967398, 0.00191015121527, 0.00114974647295, 0.000296761019854, 3.10120697122e-07],
        "mean": [2.3013102691e-05, 1.56957248691e-05, 0.000380270124879, 0.00181285524741, 0.00629481999204, 0.00537683675066, 0.00176051666494, 0.00104329385795, 0.00170919403899, 0.00164522684645, 0.00177678780165, 0.000467789330287, 0.000238936030655, 0.000195008149603, 0.000302957749227, 0.000204303127248, 0.000133975278004, 7.1110574936e-05, 0.000108538741188, 0.000105426166556, 5.29056633241e-05, 2.53866055573e-05, 2.28201479331e-05, 4.01765028073e-05, 2.44831353484e-05, 2.99756811728e-06, 1.1195049332e-09],
        "median": [1.07843379737e-05, 3.70551560991e-06, 8.65614856593e-05, 0.000457260815892, 0.00347243458964, 0.00352169456892, 0.000435955706052, 0.000244135488174, 0.000340339931427, 0.000140243559144, 0.00010692171054, 0.000103791317088, 2.26767569984e-05, 4.18228810304e-05, 7.83599170973e-05, 5.94761950197e-05, 2.93709272228e-05, 2.25966887228e-05, 5.04338713654e-05, 2.95959489449e-05, 2.26892170758e-05, 5.98707674726e-06, 4.07674679082e-06, 1.48529261423e-05, 1.11730732897e-05, 4.24740193239e-07, 2.9766661358e-10],
        "min": [4.39036762501e-09, 9.23374621209e-09, 2.26476188914e-08, 4.52990676081e-08, 5.1977676776e-06, 2.62067987933e-05, 1.16888975299e-06, 1.51603376253e-06, 9.988242482e-07, 4.26304382017e-07, 3.02369699057e-07, 6.09330683687e-08, 3.76197633045e-08, 1.37238899356e-07, 1.96625919102e-07, 3.07619458795e-08, 1.87987154732e-08, 2.56395491505e-08, 4.22925197086e-08, 6.31927647987e-08, 9.70200915162e-08, 1.01470982727e-08, 1.88486060093e-10, 4.15300647205e-08, 2.90384827295e-09, 1.30060129333e-11, 1.09335240514e-11],
        "var": [1.30946598009e-09, 1.63940849784e-09, 7.9887973925e-07, 2.48241958616e-05, 9.63858838077e-05, 2.88478149741e-05, 9.26248685573e-06, 5.81212634643e-06, 1.15009133879e-05, 2.31512694882e-05, 4.22277516918e-05, 1.38713687647e-06, 9.85615997706e-07, 4.88460329962e-07, 4.22038283432e-07, 2.03162770163e-07, 8.5248181847e-08, 2.77011267258e-08, 3.70243391501e-08, 4.55388047271e-08, 1.04710942139e-08, 5.87528248275e-09, 8.07604383368e-09, 1.13224984943e-08, 4.98370589241e-09, 1.81276660349e-10, 7.79202681187e-17]
    },
    "erbbands": {
        "dmean": [0.000254031154327, 0.00546776736155, 0.117702893913, 1.33061933517, 9.54174041748, 9.70277786255, 14.1162424088, 13.4352827072, 8.2483921051, 13.045419693, 14.814950943, 16.8819484711, 19.8863830566, 22.2546195984, 11.2010202408, 6.84227752686, 5.66345214844, 6.4495639801, 5.52024269104, 7.55361700058, 5.38613796234, 3.49236702919, 1.72016608715, 2.73398542404, 2.26644635201, 1.39782297611, 1.36604273319, 0.618827939034, 0.55343413353, 0.475164353848, 0.395661234856, 0.425068020821, 0.396965950727, 0.203001707792, 0.0714986845851, 0.0183910578489, 0.00405685370788, 0.000263119087322, 7.64119886298e-06, 7.13621238901e-06],
        "dmean2": [0.000421396485763, 0.0085098426789, 0.189596772194, 1.97287595272, 14.7098388672, 15.2361841202, 21.3079719543, 18.8377895355, 11.963552475, 19.6156253815, 21.88712883, 22.5137348175, 26.1818962097, 31.6870346069, 16.2465286255, 9.71103668213, 8.09761047363, 8.97615814209, 8.51970481873, 11.7060098648, 7.77637338638, 4.92510128021, 2.48932218552, 4.2103471756, 3.4457013607, 2.02979850769, 2.03342628479, 0.91370755434, 0.834724068642, 0.723786056042, 0.603214561939, 0.6261677742, 0.587098002434, 0.299254953861, 0.100591622293, 0.0277583692223, 0.00670875096694, 0.000459766539279, 1.19281548905e-05, 1.04842902147e-05],
        "dvar": [1.46335423779e-06, 0.000264998932835, 0.126292228699, 16.089597702, 1146.16003418, 317.508422852, 401.96685791, 462.881835938, 318.421478271, 955.70489502, 1644.72387695, 2144.4387207, 3721.02514648, 5008.88476562, 1262.90026855, 984.006774902, 606.885681152, 790.151000977, 427.106323242, 464.358947754, 202.458648682, 66.2940979004, 23.5771617889, 35.5556297302, 24.7314319611, 6.75049877167, 13.3576927185, 2.2639644146, 3.8089120388, 4.05547952652, 2.87356829643, 1.85531115532, 2.2713227272, 0.374256312847, 0.107661858201, 0.00922240223736, 0.000293478107778, 1.74511376372e-06, 6.6856475911e-10, 1.3557815981e-10],
        "dvar2": [4.02844716518e-06, 0.000627286382951, 0.313437521458, 29.0374107361, 2264.43457031, 755.969238281, 846.460510254, 938.584411621, 623.120727539, 2012.1229248, 3213.26977539, 3643.40234375, 7816.13867188, 10353.0566406, 2369.63378906, 2469.05566406, 1257.4744873, 1456.15100098, 1146.90478516, 1006.98083496, 378.026977539, 131.294509888, 41.4729690552, 74.7083053589, 52.3631324768, 13.3620071411, 28.5402698517, 4.62563943863, 8.9443321228, 9.42760848999, 6.06275224686, 3.37591791153, 3.90722513199, 0.699304819107, 0.199775412679, 0.0233720038086, 0.000817683408968, 5.13244094691e-06, 1.8608777852e-09, 2.6104046702e-10],
        "max": [0.028441041708, 0.388844192028, 9.48934936523, 106.91595459, 771.332824707, 242.312179565, 231.251144409, 298.993988037, 357.850158691, 445.990234375, 813.434814453, 1176.00476074, 1313.26525879, 2378.83422852, 808.625488281, 930.491516113, 736.614746094, 698.001403809, 454.43447876, 353.139648438, 330.227905273, 168.250976562, 132.2318573, 133.107681274, 128.903244019, 41.3175125122, 80.0266113281, 23.5943851471, 40.5268669128, 42.8712348938, 38.3752975464, 33.2050514221, 44.7178955078, 13.4764757156, 10.9008731842, 1.95637285709, 0.309558838606, 0.0198440197855, 0.000459341215901, 0.000252180383541],
        "mean": [0.000379950739443, 0.0112870670855, 0.331278920174, 3.09521174431, 14.3494567871, 20.9987220764, 39.0451965332, 39.3748512268, 24.7547664642, 27.6974964142, 30.7182006836, 32.7521324158, 50.9807853699, 82.2723770142, 30.1525707245, 15.8794212341, 11.6724328995, 10.909236908, 10.3958444595, 15.7942209244, 12.068520546, 7.55861091614, 4.0830283165, 5.74317359924, 5.93597602844, 3.90393018723, 2.99970459938, 1.29246044159, 0.945596933365, 0.753871321678, 0.639298498631, 0.728692054749, 0.726817786694, 0.394019514322, 0.108528010547, 0.0232685785741, 0.00400087423623, 0.000240263369051, 1.8873868612e-05, 2.81314041786e-05],
        "median": [0.000186300298083, 0.00326830754057, 0.0945145115256, 1.03134858608, 3.92507624626, 13.0054130554, 22.7308235168, 26.0885887146, 11.0283174515, 7.22420358658, 8.21516132355, 7.55051136017, 7.33568191528, 8.39627838135, 6.74564599991, 4.19839096069, 1.72763681412, 1.89708673954, 2.97913718224, 5.51886463165, 3.17521119118, 2.23824524879, 1.31779015064, 2.54339838028, 2.35179781914, 1.32384932041, 1.32374954224, 0.618488430977, 0.251219630241, 0.097024679184, 0.144063398242, 0.248377472162, 0.257237493992, 0.192725628614, 0.0313432477415, 0.00317204464227, 0.000695548835211, 3.8418584154e-05, 1.33354487843e-05, 2.37310032389e-05],
        "min": [2.70489863397e-06, 9.49570312514e-06, 0.000249448814429, 0.00127817667089, 0.00357148353942, 0.0246031526476, 0.292823702097, 0.295468270779, 0.059169434011, 0.0699724853039, 0.0924336016178, 0.0243387147784, 0.0253433845937, 0.0337121896446, 0.00861184671521, 0.00400536414236, 0.00260217301548, 0.00631366670132, 0.0114919347689, 0.00652902759612, 0.00161434151232, 0.00131853797939, 0.00116547697689, 0.00237264647149, 0.00430631544441, 0.00269194948487, 0.00493772700429, 0.00126716808882, 0.000520786910783, 0.00014717313752, 0.000290065567242, 0.000567858864088, 0.00114056398161, 0.000423231336754, 6.15583558101e-05, 4.99029420098e-06, 1.32730463065e-06, 1.37014495749e-07, 1.88917738342e-07, 3.16278743639e-07],
        "var": [1.06252730347e-06, 0.000588131544646, 0.488511174917, 44.0779647827, 1904.60400391, 714.297058105, 1711.91943359, 1778.28039551, 1482.39111328, 2548.82299805, 3823.7644043, 4933.28808594, 17597.7480469, 75512.4375, 5341.96875, 1593.67431641, 1528.88122559, 1723.6550293, 540.764038086, 895.007080078, 596.958496094, 232.402694702, 97.088104248, 92.24949646, 117.422348022, 42.8708686829, 30.7827243805, 5.34882831573, 6.94659423828, 8.50176620483, 5.81930398941, 3.98098921776, 5.05157327652, 0.873506724834, 0.270414173603, 0.0123540274799, 0.000249786942732, 1.15647389975e-06, 6.86840806452e-10, 4.76376937897e-10]
    },
    "gfcc": {
        "mean": [-61.7266235352, 110.684638977, -132.625732422, 9.12518692017, -90.8209228516, -13.8652267456, -64.0675430298, -4.850086689, -39.954498291, -15.3694114685, -13.3672513962, -18.8323001862, 8.57032680511],
        "cov": [[3639.40258789, -335.47958374, -705.929626465, -61.4470291138, 112.139671326, 291.243377686, 113.945846558, 122.367202759, -163.59185791, -75.3356704712, -162.945755005, -9.19131660461, -194.762023926], [-335.47958374, 896.876525879, -64.7850112915, -64.6800689697, 286.399993896, -78.0459823608, 129.799346924, -107.288482666, -2.73093485832, -108.784225464, 139.195114136, -225.012451172, 102.814918518], [-705.929626465, -64.7850112915, 711.949645996, 227.691009521, 6.8509759903, 57.1924514771, -96.294593811, -40.5066337585, 34.5246124268, 18.9078922272, -103.809936523, 100.526016235, -121.722389221], [-61.4470291138, -64.6800689697, 227.691009521, 443.388214111, 82.2634048462, 25.7500419617, -60.3950920105, -36.0623703003, 58.587387085, -92.4012298584, -43.5106468201, 65.0629577637, -95.5258026123], [112.139671326, 286.399993896, 6.8509759903, 82.2634048462, 291.34677124, 45.8192253113, 23.360124588, -29.9041519165, -51.3628768921, -51.1450157166, 15.5141620636, -69.8153152466, 6.19704627991], [291.243377686, -78.0459823608, 57.1924514771, 25.7500419617, 45.8192253113, 286.409515381, 76.2697677612, -56.4284591675, -33.6933746338, 52.7414131165, -54.1077919006, -15.4444980621, -52.7373199463], [113.945846558, 129.799346924, -96.294593811, -60.3950920105, 23.360124588, 76.2697677612, 192.090011597, 4.17525053024, -43.1516075134, 17.874168396, 13.6103982925, -63.0669746399, 23.0310783386], [122.367202759, -107.288482666, -40.5066337585, -36.0623703003, -29.9041519165, -56.4284591675, 4.17525053024, 265.750366211, 40.4928665161, -30.1665229797, -33.5337295532, 13.7687721252, 0.67463093996], [-163.59185791, -2.73093485832, 34.5246124268, 58.587387085, -51.3628768921, -33.6933746338, -43.1516075134, 40.4928665161, 158.052963257, -11.4958820343, -19.2744026184, 27.555803299, -16.2891998291], [-75.3356704712, -108.784225464, 18.9078922272, -92.4012298584, -51.1450157166, 52.7414131165, 17.874168396, -30.1665229797, -11.4958820343, 161.603790283, -17.997756958, 17.2885704041, 10.8023481369], [-162.945755005, 139.195114136, -103.809936523, -43.5106468201, 15.5141620636, -54.1077919006, 13.6103982925, -33.5337295532, -19.2744026184, -17.997756958, 171.649627686, -38.2589836121, 60.8874092102], [-9.19131660461, -225.012451172, 100.526016235, 65.0629577637, -69.8153152466, -15.4444980621, -63.0669746399, 13.7687721252, 27.555803299, 17.2885704041, -38.2589836121, 185.80039978, -68.1692733765], [-194.762023926, 102.814918518, -121.722389221, -95.5258026123, 6.19704627991, -52.7373199463, 23.0310783386, 0.67463093996, -16.2891998291, 10.8023481369, 60.8874092102, -68.1692733765, 164.503890991]],
        "icov": [[0.000622255320195, 5.33717720828e-05, 0.000922565639485, -5.71460659557e-05, -0.000149166036863, -0.000585775123909, 0.000238364882534, -0.000260231929133, 0.000623514177278, 0.000308429618599, 0.000611029565334, -3.97719304601e-05, 0.000937179953326], [5.33717720828e-05, 0.0056075071916, -0.00144353625365, 0.00259390706196, -0.005380759947, 0.00296589871868, -0.00436017662287, 0.00303213763982, -0.00412785168737, 0.00297768926248, -0.00184529169928, 0.00319709070027, 0.000151723434101], [0.000922565639485, -0.00144353625365, 0.00381028954871, -0.00165505649056, 0.00122141628526, -0.00181029166561, 0.00225092074834, -0.00107306742575, 0.00218401616439, -0.00103575841058, 0.00204820325598, -0.00111132394522, 0.00198132102378], [-5.71460659557e-05, 0.00259390706196, -0.00165505649056, 0.00522826705128, -0.00361036905088, 0.00110910658259, -0.00196951092221, 0.00220836722292, -0.00345410313457, 0.00360505562276, -0.000755480723456, 0.000402401143219, 0.000748388527427], [-0.000149166036863, -0.005380759947, 0.00122141628526, -0.00361036905088, 0.00990631710738, -0.00343535188586, 0.00435922993347, -0.0028909991961, 0.00545327877626, -0.00194387044758, 0.00144810299389, -0.00129735225346, -0.000485281139845], [-0.000585775123909, 0.00296589871868, -0.00181029166561, 0.00110910658259, -0.00343535188586, 0.00751059642062, -0.00466086575761, 0.00279244827107, -0.00246473448351, -0.000439679919509, -0.000262340821791, 0.00233958428726, 0.000787036493421], [0.000238364882534, -0.00436017662287, 0.00225092074834, -0.00196951092221, 0.00435922993347, -0.00466086575761, 0.0108621409163, -0.00328364828601, 0.00475910399109, -0.00258276262321, 0.0012773902854, -0.000735051347874, 0.000226945950999], [-0.000260231929133, 0.00303213763982, -0.00107306742575, 0.00220836722292, -0.0028909991961, 0.00279244827107, -0.00328364828601, 0.00638538366184, -0.0037182320375, 0.00267900992185, 0.000116850838822, 0.00121883419342, -0.000359424884664], [0.000623514177278, -0.00412785168737, 0.00218401616439, -0.00345410313457, 0.00545327877626, -0.00246473448351, 0.00475910399109, -0.0037182320375, 0.011762698181, -0.00216586375609, 0.00234857294708, -0.00192653387785, 0.000921103870496], [0.000308429618599, 0.00297768926248, -0.00103575841058, 0.00360505562276, -0.00194387044758, -0.000439679919509, -0.00258276262321, 0.00267900992185, -0.00216586375609, 0.0107314921916, 0.000124940852402, 0.000133493667818, -0.000796073232777], [0.000611029565334, -0.00184529169928, 0.00204820325598, -0.000755480723456, 0.00144810299389, -0.000262340821791, 0.0012773902854, 0.000116850838822, 0.00234857294708, 0.000124940852402, 0.00903656892478, -0.000917363853659, -0.000864885747433], [-3.97719304601e-05, 0.00319709070027, -0.00111132394522, 0.000402401143219, -0.00129735225346, 0.00233958428726, -0.000735051347874, 0.00121883419342, -0.00192653387785, 0.000133493667818, -0.000917363853659, 0.0101159578189, 0.00259490287863], [0.000937179953326, 0.000151723434101, 0.00198132102378, 0.000748388527427, -0.000485281139845, 0.000787036493421, 0.000226945950999, -0.000359424884664, 0.000921103870496, -0.000796073232777, -0.000864885747433, 0.00259490287863, 0.0107734538615]]
    },
    "melbands": {
        "dmean": [2.99166322293e-06, 4.00612298108e-05, 0.000502045324538, 0.000692537578288, 0.000459680857603, 0.000305469409795, 0.000134131434606, 0.000131376014906, 0.000140920703416, 0.00010301702423, 0.000100773453596, 9.08866713871e-05, 5.28216914972e-05, 2.36183514062e-05, 1.49595134644e-05, 1.48677117977e-05, 1.19620308396e-05, 9.28561348701e-06, 1.29587433548e-05, 8.23655045679e-06, 6.45644286124e-06, 4.2364622459e-06, 1.71271642557e-06, 1.7087896822e-06, 2.50200082519e-06, 2.12991858461e-06, 1.50727930759e-06, 1.0464323168e-06, 1.02295859961e-06, 6.43062207928e-07, 3.12457302698e-07, 3.21068057474e-07, 3.47705025661e-07, 2.659096765e-07, 2.29873705848e-07, 2.88404436333e-07, 2.68669595016e-07, 3.16079166396e-07, 2.4686843858e-07, 1.60250920089e-07],
        "dmean2": [4.92976187161e-06, 6.58721692162e-05, 0.000740982883144, 0.00108720140997, 0.000701576238498, 0.00043387565529, 0.000198501293198, 0.000193523010239, 0.000209483710933, 0.000136882415973, 0.000132845889311, 0.000130186337628, 7.53623535275e-05, 3.24909451592e-05, 2.25761450565e-05, 2.16144599108e-05, 1.72783857124e-05, 1.49753104779e-05, 1.98344023374e-05, 1.22051533253e-05, 9.50947014644e-06, 6.03044099989e-06, 2.54115411735e-06, 2.51518099503e-06, 3.89871456719e-06, 3.38659356203e-06, 2.29075203606e-06, 1.61857428793e-06, 1.55908378474e-06, 9.68600602391e-07, 4.76677627148e-07, 4.99103350649e-07, 5.35664696599e-07, 4.08888297443e-07, 3.65459584373e-07, 4.2758532004e-07, 4.08021918474e-07, 4.81240419958e-07, 3.7017528598e-07, 2.4078266847e-07],
        "dvar": [9.04554486869e-11, 1.59466164718e-08, 2.98217378258e-06, 3.36880066243e-06, 3.89436280557e-07, 2.17991242835e-07, 7.18861556948e-08, 9.16009028629e-08, 1.33031306859e-07, 7.03449529738e-08, 9.67648858818e-08, 7.57465130619e-08, 2.3408205152e-08, 1.13275175906e-08, 2.73682054797e-09, 6.70426647531e-09, 2.87358314921e-09, 1.69954839091e-09, 1.09946896032e-09, 6.11002581863e-10, 3.58518020827e-10, 1.15281985347e-10, 1.92787574099e-11, 2.35860758008e-11, 3.05346997687e-11, 2.54722094112e-11, 1.05491119312e-11, 4.09897680034e-12, 9.09371623142e-12, 2.66286363619e-12, 6.53989395191e-13, 1.24784611897e-12, 1.87240891195e-12, 1.29773470615e-12, 1.01299871269e-12, 1.49449582484e-12, 6.61348417436e-13, 1.72146921284e-12, 7.05150944146e-13, 1.87981208833e-13],
        "dvar2": [2.35273078797e-10, 4.00031865411e-08, 5.36473999091e-06, 7.26458802092e-06, 8.41344558467e-07, 4.37032326772e-07, 1.49423399876e-07, 1.86522541412e-07, 2.6805548714e-07, 1.19004681665e-07, 2.00337311185e-07, 1.56617687708e-07, 4.39518359485e-08, 2.67211266447e-08, 5.59539570233e-09, 1.34535849128e-08, 5.379611423e-09, 4.62917704169e-09, 2.31396279915e-09, 1.23966081844e-09, 6.98381574793e-10, 2.14850512381e-10, 4.12593501031e-11, 4.67306054963e-11, 6.27849716661e-11, 5.13883553765e-11, 2.31047368737e-11, 9.15221457648e-12, 1.83787013386e-11, 5.82498762766e-12, 1.33715781503e-12, 3.05060187181e-12, 4.09804265175e-12, 3.20964045272e-12, 2.57920768076e-12, 2.21230238989e-12, 1.44706035349e-12, 3.17755262207e-12, 1.3686740543e-12, 3.47975717251e-13],
        "max": [0.00017876039783, 0.00349754258059, 0.0465477928519, 0.0326624326408, 0.00800628401339, 0.00610904442146, 0.00464165117592, 0.00411339756101, 0.00534979533404, 0.00631193537265, 0.0065815653652, 0.0088120745495, 0.00357965542935, 0.00304578384385, 0.00112190295476, 0.00256947055459, 0.00118074577767, 0.000879362749401, 0.000528764096089, 0.000531855446752, 0.000533355982043, 0.000214200801565, 9.33704068302e-05, 0.000150625652168, 0.000126661019749, 0.000102116864582, 7.54537395551e-05, 2.68329913524e-05, 8.04606388556e-05, 2.69502106676e-05, 1.48581484609e-05, 2.08044184546e-05, 3.56069831469e-05, 2.59592652583e-05, 2.01070197363e-05, 3.9699334593e-05, 1.54205572471e-05, 3.97539151891e-05, 1.85568223969e-05, 9.38572065934e-06],
        "mean": [3.88287526221e-06, 0.000107571366243, 0.000898827333003, 0.00125650782138, 0.00128562760074, 0.00091903435532, 0.000378566444851, 0.000279953179415, 0.000276104605291, 0.000200494279852, 0.000256486266153, 0.000331320334226, 0.000152136010001, 5.17410844623e-05, 2.9570703191e-05, 2.87708280666e-05, 1.8136235667e-05, 1.36813332574e-05, 2.75004222203e-05, 1.50282403411e-05, 1.35206100822e-05, 8.72341752256e-06, 3.55011161446e-06, 3.47657032762e-06, 4.85615919388e-06, 4.32279466622e-06, 4.22701486968e-06, 2.31926082961e-06, 2.06171557693e-06, 1.25272947571e-06, 5.56543454877e-07, 5.15474596341e-07, 5.10216068506e-07, 3.85518262647e-07, 3.26053850586e-07, 4.4804895083e-07, 4.39514536765e-07, 5.32152455435e-07, 4.51611811059e-07, 2.90408507908e-07],
        "median": [1.75025729732e-06, 2.49607983278e-05, 0.000258056155872, 0.000585964357015, 0.000894206867088, 0.000646158237942, 0.000166196419741, 6.54675022815e-05, 6.23146697762e-05, 3.68690234609e-05, 2.55724135059e-05, 3.07668633468e-05, 1.8721431843e-05, 9.25965196075e-06, 5.68467021367e-06, 2.20228230319e-06, 3.35209779223e-06, 3.45689750247e-06, 6.92172307026e-06, 4.55843473901e-06, 2.62005346485e-06, 2.08845472116e-06, 1.08357914996e-06, 1.16077762868e-06, 2.02456863008e-06, 1.8660995238e-06, 1.02261606116e-06, 7.18519515885e-07, 8.59912347551e-07, 5.10843676693e-07, 2.28071485253e-07, 1.30110734631e-07, 7.68691705844e-08, 3.09143288746e-08, 6.08460979379e-08, 1.15606901829e-07, 1.55629294341e-07, 1.66665870438e-07, 1.87570151411e-07, 1.44693075299e-07],
