{
"highlevel": {
    "danceability": {
        "all": {
            "danceable": 0.136504501104,
            "not_danceable": 0.863495469093
        },
        "probability": 0.863495469093,
        "value": "not_danceable"
    },
    "gender": {
        "all": {
            "female": 0.569254159927,
            "male": 0.430745840073
        },
        "probability": 0.569254159927,
        "value": "female"
    },
    "genre_dortmund": {
        "all": {
            "alternative": 0.0417863503098,
            "blues": 0.205937445164,
            "electronic": 0.220593035221,
            "folkcountry": 0.0485886223614,
            "funksoulrnb": 0.0112134413794,
            "jazz": 0.197018444538,
            "pop": 0.024981783703,
            "raphiphop": 0.0107002463192,
            "rock": 0.239180624485
        },
        "probability": 0.239180624485,
        "value": "rock"
    },
    "genre_electronic": {
        "all": {
            "ambient": 0.466948091984,
            "dnb": 0.371947944164,
            "house": 0.105205610394,
            "techno": 0.0285553336143,
            "trance": 0.0273430384696
        },
        "probability": 0.466948091984,
        "value": "ambient"
    },
    "genre_rosamerica": {
        "all": {
            "cla": 0.0220446623862,
            "dan": 0.0926252603531,
            "hip": 0.242301672697,
            "jaz": 0.115571029484,
            "pop": 0.15315015614,
            "rhy": 0.0551456697285,
            "roc": 0.299532622099,
            "spe": 0.0196289140731
        },
        "probability": 0.299532622099,
        "value": "roc"
    },
    "genre_tzanetakis": {
        "all": {
            "blu": 0.0626613423228,
            "cla": 0.0348169617355,
            "cou": 0.104475811124,
            "dis": 0.0784321576357,
            "hip": 0.15692435205,
            "jaz": 0.313974827528,
            "met": 0.0448166541755,
            "pop": 0.0627359300852,
            "reg": 0.0627360641956,
            "roc": 0.0784258767962
        },
        "probability": 0.313974827528,
        "value": "jaz"
    },
    "ismir04_rhythm": {
        "all": {
            "ChaChaCha": 0.04875754565,
            "Jive": 0.0318542681634,
            "Quickstep": 0.158487558365,
            "Rumba-American": 0.0176959522069,
            "Rumba-International": 0.03047513403,
            "Rumba-Misc": 0.0060043586418,
            "Samba": 0.596920669079,
            "Tango": 0.0688772648573,
            "VienneseWaltz": 0.0178360641003,
            "Waltz": 0.0230911970139
        },
        "probability": 0.596920669079,
        "value": "Samba"
    },
    "mood_acoustic": {
        "all": {
            "acoustic": 0.106625802815,
            "not_acoustic": 0.893374204636
        },
        "probability": 0.893374204636,
        "value": "not_acoustic"
    },
    "mood_aggressive": {
        "all": {
            "aggressive": 0.681382477283,
            "not_aggressive": 0.318617492914
        },
        "probability": 0.681382477283,
        "value": "aggressive"
    },
    "mood_electronic": {
        "all": {
            "electronic": 0.950793147087,
            "not_electronic": 0.0492068603635
        },
        "probability": 0.950793147087,
        "value": "electronic"
    },
    "mood_happy": {
        "all": {
            "happy": 0.209094882011,
            "not_happy": 0.790905117989
        },
        "probability": 0.790905117989,
        "value": "not_happy"
    },
    "mood_party": {
        "all": {
            "not_party": 0.543950736523,
            "party": 0.456049263477
        },
        "probability": 0.543950736523,
        "value": "not_party"
    },
    "mood_relaxed": {
        "all": {
            "not_relaxed": 0.415950506926,
            "relaxed": 0.584049522877
        },
        "probability": 0.584049522877,
        "value": "relaxed"
    },
    "mood_sad": {
        "all": {
            "not_sad": 0.837179601192,
            "sad": 0.162820383906
        },
        "probability": 0.837179601192,
        "value": "not_sad"
    },
    "moods_mirex": {
        "all": {
            "Cluster1": 0.390924364328,
            "Cluster2": 0.127094164491,
            "Cluster3": 0.0892308652401,
            "Cluster4": 0.0427020043135,
            "Cluster5": 0.350048601627
        },
        "probability": 0.390924364328,
        "value": "Cluster1"
    },
    "timbre": {
        "all": {
            "bright": 0.0779818668962,
            "dark": 0.922018110752
        },
        "probability": 0.922018110752,
        "value": "dark"
    },
    "tonal_atonal": {
        "all": {
            "atonal": 0.343799650669,
            "tonal": 0.656200349331
        },
        "probability": 0.656200349331,
        "value": "tonal"
    },
    "voice_instrumental": {
        "all": {
            "instrumental": 0.918458104134,
            "voice": 0.0815418809652
        },
        "probability": 0.918458104134,
        "value": "instrumental"
    }
},
"lowlevel": {
    "average_loudness": 0.952955365181,
    "barkbands_crest": {
        "dmean": 3.34099793434,
        "dmean2": 5.17074251175,
        "dvar": 7.25735235214,
        "dvar2": 17.8053627014,
        "max": 26.2157421112,
        "mean": 13.6161813736,
        "median": 12.9758014679,
        "min": 3.11682701111,
        "var": 22.1241798401
    },
    "barkbands_flatness_db": {
        "dmean": 0.03276534006,
        "dmean2": 0.0481651723385,
        "dvar": 0.000805955263786,
        "dvar2": 0.0015716397902,
        "max": 0.431113123894,
        "mean": 0.201229602098,
        "median": 0.195320531726,
        "min": 0.0711045116186,
        "var": 0.00343747087754
    },
    "barkbands_kurtosis": {
        "dmean": 8.60184383392,
        "dmean2": 12.6610813141,
        "dvar": 313.403900146,
        "dvar2": 637.412902832,
        "max": 265.895599365,
        "mean": 11.9583415985,
        "median": 3.54285955429,
        "min": -1.91085290909,
        "var": 669.53326416
    },
    "barkbands_skewness": {
        "dmean": 0.949406683445,
        "dmean2": 1.41742944717,
        "dvar": 1.07117021084,
        "dvar2": 2.11936116219,
        "max": 14.1188907623,
        "mean": 2.59910655022,
        "median": 2.13856363297,
        "min": -0.829209625721,
        "var": 4.06426954269
    },
    "barkbands_spread": {
        "dmean": 8.26015090942,
        "dmean2": 12.5836572647,
        "dvar": 58.0105018616,
        "dvar2": 134.547409058,
        "max": 70.3251800537,
        "mean": 24.2445220947,
        "median": 22.0457057953,
        "min": 0.656321108341,
        "var": 228.526824951
    },
    "dissonance": {
        "dmean": 0.0125132696703,
        "dmean2": 0.0213231500238,
        "dvar": 0.000144645935507,
        "dvar2": 0.000384283921449,
        "max": 0.499921411276,
        "mean": 0.478839457035,
        "median": 0.482710957527,
        "min": 0.377848237753,
        "var": 0.000242480644374
    },
    "dynamic_complexity": 1.6784003973,
    "erbbands_crest": {
        "dmean": 3.1745736599,
        "dmean2": 5.17143201828,
        "dvar": 8.4646062851,
        "dvar2": 20.4512557983,
        "max": 29.8244838715,
        "mean": 9.51981067657,
        "median": 8.44173049927,
        "min": 2.68221664429,
        "var": 21.2027168274
    },
    "erbbands_flatness_db": {
        "dmean": 0.0195713173598,
        "dmean2": 0.0275157447904,
        "dvar": 0.000308874121401,
        "dvar2": 0.000574025383685,
        "max": 0.29279974103,
        "mean": 0.164665713906,
        "median": 0.164039954543,
        "min": 0.0676590576768,
        "var": 0.00153148744721
    },
    "erbbands_kurtosis": {
        "dmean": 1.05982649326,
        "dmean2": 1.66589665413,
        "dvar": 1.75743854046,
        "dvar2": 3.92988562584,
        "max": 14.8768062592,
        "mean": 0.246632725,
        "median": -0.460726737976,
        "min": -1.79830753803,
        "var": 4.09788990021
    },
    "erbbands_skewness": {
        "dmean": 0.462720781565,
        "dmean2": 0.695276260376,
        "dvar": 0.175255015492,
        "dvar2": 0.38918954134,
        "max": 2.77711486816,
        "mean": -0.418434798717,
        "median": -0.427970856428,
        "min": -3.80271410942,
        "var": 0.741268515587
    },
    "erbbands_spread": {
        "dmean": 11.2769117355,
        "dmean2": 18.0643310547,
        "dvar": 103.423156738,
        "dvar2": 259.759643555,
        "max": 112.584770203,
        "mean": 49.8645248413,
        "median": 48.5951843262,
        "min": 10.1586351395,
        "var": 345.652954102
    },
    "hfc": {
        "dmean": 6.77493047714,
        "dmean2": 10.2020597458,
        "dvar": 60.5773620605,
        "dvar2": 124.065475464,
        "max": 115.033409119,
        "mean": 21.0236434937,
        "median": 17.310218811,
        "min": 1.25360846519,
        "var": 240.187133789
    },
    "melbands_crest": {
        "dmean": 3.25680541992,
        "dmean2": 5.05237674713,
        "dvar": 7.29470586777,
        "dvar2": 18.7521305084,
        "max": 28.6762046814,
        "mean": 17.758266449,
        "median": 17.689081192,
        "min": 5.18416261673,
        "var": 18.7014141083
    },
    "melbands_flatness_db": {
        "dmean": 0.0400082692504,
        "dmean2": 0.058645311743,
        "dvar": 0.00112204672769,
        "dvar2": 0.0023473945912,
        "max": 0.502914428711,
        "mean": 0.267685085535,
        "median": 0.261205017567,
        "min": 0.0796733051538,
        "var": 0.00516802677885
    },
    "melbands_kurtosis": {
        "dmean": 19.4403743744,
        "dmean2": 30.04596138,
        "dvar": 913.397155762,
        "dvar2": 1913.26062012,
        "max": 375.033966064,
        "mean": 35.9392967224,
        "median": 20.3400554657,
        "min": -1.31261062622,
        "var": 2187.80737305
    },
    "melbands_skewness": {
        "dmean": 1.26851713657,
        "dmean2": 1.97874200344,
        "dvar": 1.58284401894,
        "dvar2": 3.59961080551,
        "max": 14.7039842606,
        "mean": 4.5806055069,
        "median": 4.2019982338,
        "min": 0.493642419577,
        "var": 5.16632127762
    },
    "melbands_spread": {
        "dmean": 8.56889915466,
        "dmean2": 13.4087715149,
        "dvar": 99.1653442383,
        "dvar2": 238.597412109,
        "max": 116.807434082,
        "mean": 19.0658073425,
        "median": 14.4790353775,
        "min": 0.584011316299,
        "var": 281.132720947
    },
    "pitch_salience": {
        "dmean": 0.0870050117373,
        "dmean2": 0.137088820338,
        "dvar": 0.00520390365273,
        "dvar2": 0.0134804090485,
        "max": 0.76382547617,
        "mean": 0.435912460089,
        "median": 0.431189656258,
        "min": 0.0847456157207,
        "var": 0.0136334626004
    },
    "silence_rate_20dB": {
        "dmean": 0,
        "dmean2": 0,
        "dvar": 0,
        "dvar2": 0,
        "max": 1,
        "mean": 1,
        "median": 1,
        "min": 1,
        "var": 0
    },
    "silence_rate_30dB": {
        "dmean": 0,
        "dmean2": 0,
        "dvar": 0,
        "dvar2": 0,
        "max": 1,
        "mean": 1,
        "median": 1,
        "min": 1,
        "var": 0
    },
    "silence_rate_60dB": {
        "dmean": 0,
        "dmean2": 0,
        "dvar": 0,
        "dvar2": 0,
        "max": 0,
        "mean": 0,
        "median": 0,
        "min": 0,
        "var": 0
    },
    "spectral_centroid": {
        "dmean": 436.661956787,
        "dmean2": 674.966491699,
        "dvar": 158133.578125,
        "dvar2": 337905.28125,
        "max": 3912.79492188,
        "mean": 1798.81555176,
        "median": 1756.63867188,
        "min": 213.269927979,
        "var": 677989.25
    },
    "spectral_complexity": {
        "dmean": 5.28715181351,
        "dmean2": 7.94035625458,
        "dvar": 27.2942962646,
        "dvar2": 56.5286178589,
        "max": 52,
        "mean": 18.2219638824,
        "median": 16,
        "min": 2,
        "var": 107.368362427
    },
    "spectral_decrease": {
        "dmean": 3.10739767251e-09,
        "dmean2": 4.87940399196e-09,
        "dvar": 8.01380518375e-18,
        "dvar2": 2.15052268536e-17,
        "max": -8.5770018865e-10,
        "mean": -1.01533847996e-08,
        "median": -9.36310229349e-09,
        "min": -3.15630153125e-08,
        "var": 2.30317109191e-17
    },
    "spectral_energy": {
        "dmean": 0.0119439521804,
        "dmean2": 0.0187295340002,
        "dvar": 0.000117010677059,
        "dvar2": 0.000312610791298,
        "max": 0.12133321166,
        "mean": 0.0402281694114,
        "median": 0.0371291264892,
        "min": 0.00335086649284,
        "var": 0.000346598768374
    },
    "spectral_energyband_high": {
        "dmean": 0.000953361450229,
        "dmean2": 0.00145396683365,
        "dvar": 2.25000917453e-06,
        "dvar2": 4.59439661427e-06,
        "max": 0.0183131415397,
        "mean": 0.0016061012866,
        "median": 0.000846633745823,
        "min": 1.45315307236e-05,
        "var": 4.92253911943e-06
    },
    "spectral_energyband_low": {
        "dmean": 0.0115129845217,
        "dmean2": 0.0179639477283,
        "dvar": 0.000117042865895,
        "dvar2": 0.000320353399729,
        "max": 0.110035486519,
        "mean": 0.0282809361815,
        "median": 0.0250089764595,
        "min": 0.00113753427286,
        "var": 0.000282551773125
    },
    "spectral_energyband_middle_high": {
        "dmean": 0.00161109957844,
        "dmean2": 0.00252750725485,
        "dvar": 3.30970169671e-06,
        "dvar2": 7.43890495869e-06,
        "max": 0.0234804004431,
        "mean": 0.00437790015712,
        "median": 0.00311280367896,
        "min": 3.55727497663e-05,
        "var": 1.5054771211e-05
    },
    "spectral_energyband_middle_low": {
        "dmean": 0.00313323782757,
        "dmean2": 0.00495927361771,
        "dvar": 1.05634489955e-05,
        "dvar2": 2.62830217252e-05,
        "max": 0.0578874722123,
        "mean": 0.00763333076611,
        "median": 0.00610480317846,
        "min": 0.000259504740825,
        "var": 3.84261002182e-05
    },
    "spectral_entropy": {
        "dmean": 0.193287968636,
        "dmean2": 0.272818684578,
        "dvar": 0.0290104597807,
        "dvar2": 0.0602490082383,
        "max": 8.21060276031,
        "mean": 7.38189792633,
        "median": 7.41288900375,
        "min": 6.08427810669,
        "var": 0.112506724894
    },
    "spectral_flux": {
        "dmean": 0.0243827290833,
        "dmean2": 0.0388150289655,
        "dvar": 0.000403827201808,
        "dvar2": 0.00105120928492,
        "max": 0.24328880012,
        "mean": 0.0933985263109,
        "median": 0.0900920778513,
        "min": 0.0200942791998,
        "var": 0.00103469914757
    },
    "spectral_kurtosis": {
        "dmean": 1.51832640171,
        "dmean2": 2.62677955627,
        "dvar": 1.94008934498,
        "dvar2": 5.57650184631,
        "max": 11.3837604523,
        "mean": 3.05880117416,
        "median": 2.97553396225,
        "min": -0.760116815567,
        "var": 3.02856850624
    },
    "spectral_rms": {
        "dmean": 0.000938184210099,
        "dmean2": 0.00144927366637,
        "dvar": 5.95263259129e-07,
        "dvar2": 1.5119372847e-06,
        "max": 0.0108799757436,
        "mean": 0.00609420984983,
        "median": 0.00601859902963,
        "min": 0.00180807581637,
        "var": 2.10763118957e-06
    },
    "spectral_rolloff": {
        "dmean": 619.965148926,
        "dmean2": 1054.81079102,
        "dvar": 713352.875,
        "dvar2": 1655651.5,
        "max": 4952.63671875,
        "mean": 1117.5300293,
        "median": 559.86328125,
        "min": 86.1328125,
        "var": 1424768.375
    },
    "spectral_skewness": {
        "dmean": 0.276761889458,
        "dmean2": 0.454288780689,
        "dvar": 0.0618842504919,
        "dvar2": 0.152760967612,
        "max": 2.31820559502,
        "mean": 1.00571739674,
        "median": 1.02746927738,
        "min": -0.258211553097,
        "var": 0.178038626909
    },
    "spectral_spread": {
        "dmean": 428481.625,
        "dmean2": 640311.3125,
        "dvar": 206298120192,
        "dvar2": 443373256704,
        "max": 8015731.5,
        "mean": 3807043.5,
        "median": 3652989.75,
        "min": 2323265.75,
        "var": 615708884992
    },
    "spectral_strongpeak": {
        "dmean": 0.464560836554,
        "dmean2": 0.852426230907,
        "dvar": 2.75985002518,
        "dvar2": 7.77219295502,
        "max": 16.7702407837,
        "mean": 0.618066072464,
        "median": 0.376584559679,
        "min": 0.0678335502744,
        "var": 1.8538877964
    },
    "zerocrossingrate": {
        "dmean": 0.0104889767244,
        "dmean2": 0.0126370666549,
        "dvar": 8.11277423054e-05,
        "dvar2": 0.000109013468318,
        "max": 0.142578125,
        "mean": 0.0465494804084,
        "median": 0.04345703125,
        "min": 0.0029296875,
        "var": 0.000578412378673
    },
    "barkbands": {
        "dmean": [6.75532355672e-05, 0.00994265452027, 0.00393583485857, 0.00161219527945, 0.00140977127012, 0.00069616001565, 0.00042333980673, 0.000450267194537, 0.000490395352244, 0.000252792175161, 0.000238877750235, 0.000217767927097, 0.000256163970334, 0.000440233532572, 0.000314233941026, 0.000467375211883, 0.00016148170107, 0.000325186556438, 0.000215289648622, 0.000866724993102, 0.000203853327548, 4.06584294979e-05, 1.85242097359e-05, 1.24312400658e-05, 1.97718836716e-05, 9.11598635867e-06, 1.7869197233e-09],
        "dmean2": [0.000106825951661, 0.0151340737939, 0.00650968030095, 0.00275275646709, 0.00234443228692, 0.00115029420704, 0.00070950522786, 0.000716545269825, 0.000751471321564, 0.000416670256527, 0.000388030108297, 0.000370877358364, 0.000416599854361, 0.000706818245817, 0.000486920180265, 0.000694527290761, 0.000261904584477, 0.000505647214595, 0.000349138455931, 0.00134229683317, 0.000334683078108, 6.37986595393e-05, 3.01153340843e-05, 1.99495680135e-05, 2.81464090222e-05, 1.35086575028e-05, 2.57932342151e-09],
        "dvar": [6.29782714867e-09, 0.000100106728496, 1.5053228708e-05, 3.14398789669e-06, 3.27228690367e-06, 1.12839143185e-06, 6.40131702312e-07, 1.93546475202e-06, 1.97001486413e-06, 1.79863988592e-07, 2.42576845721e-07, 1.72327290215e-07, 2.04792840464e-07, 1.29613579247e-06, 3.85732477071e-07, 1.19875721794e-06, 6.21481177632e-08, 3.84965204603e-07, 1.10784213803e-07, 2.10319922189e-06, 1.68259418842e-07, 4.15478806914e-09, 1.45076262115e-09, 4.73018790803e-10, 1.40041600538e-09, 3.45424105985e-10, 4.86212158317e-16],
        "dvar2": [1.46994292294e-08, 0.000263152323896, 3.9594626287e-05, 8.25291499496e-06, 8.81653977558e-06, 2.70931536761e-06, 1.65472022218e-06, 4.69278029414e-06, 3.87393356505e-06, 4.16759633026e-07, 5.22533980529e-07, 5.13634347499e-07, 5.42344480436e-07, 3.06294100483e-06, 7.61232570312e-07, 2.12199006455e-06, 1.5991174962e-07, 8.48270644838e-07, 2.88232001822e-07, 4.47642241852e-06, 4.470874444e-07, 1.06447259896e-08, 3.23078719333e-09, 1.12426756793e-09, 2.80845191547e-09, 7.49676876133e-10, 4.88890211798e-16],
        "max": [0.00075059424853, 0.0949328169227, 0.0324745327234, 0.0147685129195, 0.0165856108069, 0.0145164215937, 0.0102793676779, 0.0328637547791, 0.034162376076, 0.00554389785975, 0.00716845970601, 0.00466362247244, 0.00604505138472, 0.0179923642427, 0.0098175201565, 0.0194510687143, 0.00246503902599, 0.00874313153327, 0.00515304831788, 0.017205407843, 0.00741254771128, 0.000746596662793, 0.000921336119063, 0.000257530395174, 0.000481645896798, 0.000214586936636, 6.21259061973e-07],
        "mean": [8.97033532965e-05, 0.0194474719465, 0.00714473379776, 0.0022176830098, 0.00219473382458, 0.00097821559757, 0.000570211617742, 0.000624147069175, 0.000881317595486, 0.000341299804859, 0.000331782503054, 0.000296379206702, 0.000363570987247, 0.000534596969374, 0.00055927032372, 0.000749439408537, 0.000237154614297, 0.000485192314954, 0.000349079986336, 0.00136195030063, 0.000311784533551, 7.02327597537e-05, 3.15157194564e-05, 1.81023115147e-05, 2.76865794149e-05, 1.09435786726e-05, 1.62806479409e-09],
        "median": [6.01726605964e-05, 0.01549157314, 0.0060366448015, 0.00164868251886, 0.00148156250361, 0.000545574759599, 0.000226977834245, 0.000134849527967, 0.000198181223823, 0.000128071726067, 0.000109677945147, 0.000111481444037, 0.000113765512651, 0.000164409546414, 0.000136398797622, 0.000161685966305, 0.000129427484353, 0.000235954474192, 0.000181844487088, 0.000570014701225, 0.000171257197508, 3.36744597007e-05, 1.20742224681e-05, 6.14528744336e-06, 5.82884422329e-06, 1.56536827944e-06, 3.23661236701e-10],
        "min": [2.63353399532e-07, 0.000117217634397, 3.73028633476e-05, 1.44892146636e-05, 1.34198489832e-05, 5.08794710186e-06, 5.33148977411e-06, 1.18362424928e-06, 1.10821463295e-06, 1.33843718686e-06, 4.63679612039e-07, 7.47909894017e-07, 1.62843241469e-06, 9.10165397272e-07, 1.20077584143e-06, 2.00791214411e-06, 1.20730487652e-06, 1.63890365457e-06, 2.16175112655e-06, 8.80283096194e-06, 3.6215842556e-06, 1.15705436343e-08, 1.06167179215e-10, 2.84460255351e-09, 2.22587209081e-11, 1.85896784077e-11, 2.01542116329e-11],
        "var": [8.6211251471e-09, 0.000245058530709, 3.25159890053e-05, 4.25140024163e-06, 4.96487473356e-06, 1.79538756129e-06, 9.54665665631e-07, 4.64380309495e-06, 9.21418904909e-06, 3.56670369683e-07, 3.83370917234e-07, 2.98784527786e-07, 4.65097770075e-07, 1.51837866724e-06, 1.30672140131e-06, 3.27760676555e-06, 8.71885461606e-08, 6.28319980933e-07, 2.09697148534e-07, 4.36843356511e-06, 2.06116496315e-07, 9.60931423322e-09, 4.26351487448e-09, 8.35170321789e-10, 2.39365927079e-09, 4.52183762656e-10, 4.863222726e-16]
    },
    "erbbands": {
        "dmean": [0.233111873269, 2.43401432037, 3.98097896576, 5.49708461761, 3.65459728241, 5.79935693741, 5.14209985733, 5.8933634758, 4.86957120895, 9.30224132538, 9.05951786041, 10.8510370255, 9.63280105591, 7.18204784393, 9.10177230835, 9.37005329132, 12.3866767883, 24.0129680634, 13.7880420685, 23.4988918304, 13.3603048325, 8.40109539032, 9.78604030609, 20.7467956543, 10.4318084717, 46.3726997375, 14.515838623, 7.7240114212, 2.14006948471, 0.953566014767, 0.544573783875, 0.270289152861, 0.214770972729, 0.189401507378, 0.166259005666, 0.0622764863074, 0.0135364262387, 0.000751471729018, 1.99277928914e-05, 1.3528971067e-05],
        "dmean2": [0.334415793419, 3.80769443512, 6.67717027664, 9.23858261108, 6.17847156525, 9.79010009766, 8.30401420593, 9.86680793762, 8.04520702362, 15.1956710815, 14.6799173355, 16.9624404907, 15.390458107, 11.305398941, 14.911740303, 15.8258523941, 20.1730365753, 38.1606559753, 22.4562835693, 34.9267272949, 20.4704265594, 13.5677576065, 15.3200435638, 32.2704124451, 16.7264499664, 72.00390625, 22.9264564514, 12.5927801132, 3.33696937561, 1.50942158699, 0.898724853992, 0.421820104122, 0.344565540552, 0.2870695889, 0.238297984004, 0.0912462472916, 0.020303286612, 0.00118574709632, 3.01604522974e-05, 2.09263525903e-05],
        "dvar": [0.0512813590467, 6.44804859161, 16.7867927551, 34.6308364868, 21.717672348, 63.0090408325, 52.936794281, 111.293945312, 59.341003418, 605.992248535, 1024.94299316, 919.589172363, 357.633239746, 157.772613525, 467.644256592, 273.689178467, 397.400787354, 2960.34643555, 1255.32678223, 1612.1151123, 722.981018066, 164.649185181, 177.883682251, 1755.44238281, 192.680297852, 6331.62695312, 402.257446289, 381.245849609, 10.5600948334, 2.96802973747, 1.31820058823, 0.203191354871, 0.176536351442, 0.130352750421, 0.106319524348, 0.0151592884213, 0.000809948774986, 2.88704245577e-06, 1.16002862871e-09, 1.44013037606e-10],
        "dvar2": [0.110702477396, 17.5709056854, 45.2019386292, 92.183013916, 61.8821716309, 171.463577271, 115.38104248, 286.777313232, 152.855499268, 1383.95812988, 2564.01928711, 1979.52282715, 794.24041748, 361.863769531, 980.466186523, 802.168212891, 1044.98657227, 6358.82324219, 3154.6262207, 3029.11279297, 1426.8939209, 427.383666992, 412.152313232, 3912.95922852, 438.933227539, 13540.9091797, 891.647644043, 1006.92352295, 24.9402732849, 6.84080505371, 3.19644570351, 0.477518647909, 0.417490452528, 0.268663316965, 0.227183401585, 0.0316501110792, 0.00182293716352, 6.83294865667e-06, 2.54749688011e-09, 3.79275527651e-10],
        "max": [1.97239100933, 23.9080505371, 47.7150650024, 51.9942626953, 42.5170974731, 72.3706359863, 128.083755493, 163.559143066, 97.7592849731, 474.005126953, 967.326171875, 697.827148438, 336.420074463, 246.069976807, 341.298278809, 186.477798462, 283.880523682, 681.603942871, 752.11730957, 726.171936035, 414.067596436, 133.90423584, 169.289428711, 574.919250488, 172.890625, 963.036010742, 211.291915894, 389.347717285, 45.9910964966, 33.2264442444, 25.9596118927, 6.19269371033, 4.9139957428, 5.26978492737, 3.98153328896, 1.34114575386, 0.353406637907, 0.0187998190522, 0.000363525061402, 0.000135809066705],
        "mean": [0.483301669359, 4.65960502625, 7.72375440598, 9.83694553375, 5.80444908142, 8.09472846985, 7.6383690834, 8.21857452393, 7.35460615158, 12.5815992355, 14.594367981, 20.2439422607, 13.4531402588, 10.6403055191, 12.5479536057, 13.8421001434, 18.5837593079, 30.8798065186, 22.836479187, 42.4251060486, 23.0378437042, 13.4162197113, 17.0653133392, 30.3194885254, 19.5557498932, 71.8867492676, 24.0863628387, 11.2908649445, 3.62086296082, 1.64314782619, 0.855146050453, 0.417838037014, 0.293566763401, 0.255742907524, 0.224557593465, 0.0788820907474, 0.0150735871866, 0.00075393402949, 4.00398057536e-05, 4.81645147374e-05],
        "median": [0.367125928402, 3.72589111328, 6.18271398544, 7.97807025909, 4.06956481934, 5.20529556274, 4.73345184326, 4.68407678604, 3.910551548, 3.39015340805, 3.28921341896, 4.6323390007, 4.36917543411, 4.30564260483, 4.38736867905, 6.16975593567, 7.66781663895, 10.9445362091, 8.78956413269, 17.5048618317, 7.74614572525, 8.53416824341, 10.2432699203, 12.3649978638, 13.3462934494, 28.0924949646, 14.2918233871, 5.17011642456, 1.96167111397, 0.635610461235, 0.314189910889, 0.152634710073, 0.0931965112686, 0.0604348368943, 0.044185757637, 0.0133468145505, 0.00205337489024, 8.60354411998e-05, 2.85801052087e-05, 4.59404800495e-05],
        "min": [0.00492132687941, 0.0536008961499, 0.183712556958, 0.260209470987, 0.162953078747, 0.0608598478138, 0.0656413212419, 0.0471167564392, 0.0729106068611, 0.0999089404941, 0.0654077082872, 0.0444352068007, 0.0482182130218, 0.0267398692667, 0.025761961937, 0.0794019401073, 0.109157636762, 0.0606895796955, 0.0379556640983, 0.136032387614, 0.0911539271474, 0.0865480601788, 0.0969407185912, 0.171588853002, 0.189104691148, 0.399241983891, 0.220248401165, 0.132511675358, 0.0504360795021, 0.0035918566864, 0.000821910274681, 0.000139451163705, 0.000294315716019, 8.4332023107e-05, 3.50506597897e-05, 1.38376681207e-05, 5.29521184944e-06, 5.78470860546e-07, 2.58598583969e-06, 4.18725903728e-06],
        "var": [0.163273096085, 14.4256258011, 45.0705528259, 56.6993560791, 32.5254936218, 81.0509414673, 100.117111206, 146.760498047, 96.0350418091, 1142.21325684, 2836.0637207, 5003.54052734, 766.259643555, 364.977294922, 684.078857422, 512.451416016, 911.71307373, 4159.17822266, 2075.31030273, 5025.59912109, 1932.21594238, 247.37689209, 419.999694824, 2874.23925781, 451.079406738, 13010.4375, 853.138549805, 407.190734863, 21.5577526093, 9.3230714798, 3.01431679726, 0.44357958436, 0.271028935909, 0.217881932855, 0.165347710252, 0.0216540396214, 0.000979124568403, 2.98469171867e-06, 1.51066292808e-09, 4.50345261083e-10]
    },
    "gfcc": {
        "mean": [-6.19486618042, 118.391105652, -121.199836731, 71.0531616211, -36.1640357971, 10.7774162292, -18.2383136749, 6.75108385086, -23.9166641235, 11.4392461777, -11.6870708466, -10.6182279587, -0.894776880741],
        "cov": [[2474.50146484, -830.72454834, -316.608917236, -394.266815186, -279.550079346, 130.491394043, -272.152099609, 395.557952881, -227.235610962, 151.154083252, -279.437896729, 162.114364624, -196.358932495], [-830.72454834, 743.478820801, -177.503723145, 146.103591919, 70.0435714722, -152.123672485, 215.265884399, -282.098815918, 215.838821411, -165.450973511, 195.747497559, -137.261734009, 102.493759155], [-316.608917236, -177.503723145, 782.645935059, -144.324539185, 23.228843689, 35.9480247498, -199.084899902, 186.669937134, -180.971847534, 122.551651001, -97.3080444336, 129.281402588, -64.7786102295], [-394.266815186, 146.103591919, -144.324539185, 310.429290771, 83.0129470825, -19.8201770782, 127.845832825, -168.790847778, 127.868263245, -95.4032974243, 102.045783997, -69.3735427856, 106.693016052], [-279.550079346, 70.0435714722, 23.228843689, 83.0129470825, 204.060028076, -0.766565442085, 53.2983016968, -36.0882644653, 17.3738384247, 24.2686672211, 14.5014257431, -14.8917617798, 47.5836334229], [130.491394043, -152.123672485, 35.9480247498, -19.8201770782, -0.766565442085, 169.079727173, -8.95201206207, 50.4162864685, 5.66657447815, 21.1631088257, -4.38069725037, -9.77959728241, -25.4657001495], [-272.152099609, 215.265884399, -199.084899902, 127.845832825, 53.2983016968, -8.95201206207, 281.902038574, -111.080932617, 101.923171997, -43.9561004639, 93.0951080322, -49.9068908691, 51.9806671143], [395.557952881, -282.098815918, 186.669937134, -168.790847778, -36.0882644653, 50.4162864685, -111.080932617, 258.653778076, -120.532196045, 71.4800186157, -94.4235610962, 78.182723999, -55.9555549622], [-227.235610962, 215.838821411, -180.971847534, 127.868263245, 17.3738384247, 5.66657447815, 101.923171997, -120.532196045, 237.550933838, -71.2504806519, 76.1737518311, -86.5136260986, 34.1491165161], [151.154083252, -165.450973511, 122.551651001, -95.4032974243, 24.2686672211, 21.1631088257, -43.9561004639, 71.4800186157, -71.2504806519, 172.425628662, -63.8065910339, 37.0551872253, -38.2776641846], [-279.437896729, 195.747497559, -97.3080444336, 102.045783997, 14.5014257431, -4.38069725037, 93.0951080322, -94.4235610962, 76.1737518311, -63.8065910339, 168.033752441, -32.5987014771, 46.1653938293], [162.114364624, -137.261734009, 129.281402588, -69.3735427856, -14.8917617798, -9.77959728241, -49.9068908691, 78.182723999, -86.5136260986, 37.0551872253, -32.5987014771, 151.390075684, -21.868221283], [-196.358932495, 102.493759155, -64.7786102295, 106.693016052, 47.5836334229, -25.4657001495, 51.9806671143, -55.9555549622, 34.1491165161, -38.2776641846, 46.1653938293, -21.868221283, 135.313873291]],
        "icov": [[0.00153316254728, 0.000189822530956, 0.00183882087003, -6.19574202574e-05, 0.00108693097718, -0.000769334146753, 0.000871276075486, -0.00153533997945, 0.000421045959229, -0.000726327300072, 0.00110087019857, -0.00118383509107, 0.00063495489303], [0.000189822530956, 0.0110145667568, -0.00295784207992, 0.00934459082782, -0.00330888386816, 0.00803249422461, -0.00434290524572, 0.00727118551731, -0.00514288898557, 0.00679668877274, -0.00606922898442, 0.00520187197253, -0.00336932041682], [0.00183882087003, -0.00295784207992, 0.00512586021796, -0.00308979302645, 0.00172361929435, -0.00345076830126, 0.00332225463353, -0.0046050301753, 0.00256209331565, -0.00344989821315, 0.00288672745228, -0.00378418434411, 0.00214393972419], [-6.19574202574e-05, 0.00934459082782, -0.00308979302645, 0.0157695822418, -0.00475951237604, 0.006344972644, -0.00460133049637, 0.00917058996856, -0.00568903423846, 0.00794450566173, -0.00585582153872, 0.00473948987201, -0.00620669592172], [0.00108693097718, -0.00330888386816, 0.00172361929435, -0.00475951237604, 0.00836319662631, -0.00317130167969, 0.00105578883085, -0.00332796783186, 0.00205047940835, -0.00462821824476, 0.00316560268402, -0.00213308935054, 9.05432316358e-05], [-0.000769334146753, 0.00803249422461, -0.00345076830126, 0.006344972644, -0.00317130167969, 0.0132763423026, -0.00381003133953, 0.00412305863574, -0.00481362454593, 0.00472271861508, -0.00592364789918, 0.00571116898209, -0.00157840934116], [0.000871276075486, -0.00434290524572, 0.00332225463353, -0.00460133049637, 0.00105578883085, -0.00381003133953, 0.00790339987725, -0.00355066661723, 0.00164609972853, -0.00378505978733, 0.00140620185994, -0.00310208182782, 0.00171251071151], [-0.00153533997945, 0.00727118551731, -0.0046050301753, 0.00917058996856, -0.00332796783186, 0.00412305863574, -0.00355066661723, 0.014689010568, -0.002854015911, 0.00561365159228, -0.00356191187166, 0.00324211246334, -0.00373906339519], [0.000421045959229, -0.00514288898557, 0.00256209331565, -0.00568903423846, 0.00205047940835, -0.00481362454593, 0.00164609972853, -0.002854015911, 0.00985834095627, -0.00263025402091, 0.00247922167182, -0.000818993547, 0.00256903772242], [-0.000726327300072, 0.00679668877274, -0.00344989821315, 0.00794450566173, -0.00462821824476, 0.00472271861508, -0.00378505978733, 0.00561365159228, -0.00263025402091, 0.0132987610996, -0.00271086744033, 0.00361464242451, -0.00189132010564], [0.00110087019857, -0.00606922898442, 0.00288672745228, -0.00585582153872, 0.00316560268402, -0.00592364789918, 0.00140620185994, -0.00356191187166, 0.00247922167182, -0.00271086744033, 0.0135210035369, -0.00442878855392, 0.00123144371901], [-0.00118383509107, 0.00520187197253, -0.00378418434411, 0.00473948987201, -0.00213308935054, 0.00571116898209, -0.00310208182782, 0.00324211246334, -0.000818993547, 0.00361464242451, -0.00442878855392, 0.0128552177921, -0.0020316739101], [0.00063495489303, -0.00336932041682, 0.00214393972419, -0.00620669592172, 9.05432316358e-05, -0.00157840934116, 0.00171251071151, -0.00373906339519, 0.00256903772242, -0.00189132010564, 0.00123144371901, -0.0020316739101, 0.0123191997409]]
    },
    "melbands": {
        "dmean": [0.00253466260619, 0.00228321412578, 0.000815319188405, 0.000321804982377, 0.000196443041204, 0.000129705251311, 7.78860412538e-05, 0.000101294106571, 7.97117245384e-05, 6.79617296555e-05, 4.75370543427e-05, 2.87137154373e-05, 2.932418829e-05, 2.22251001105e-05, 2.97816004604e-05, 2.80501008092e-05, 5.02299153595e-05, 2.04998868867e-05, 2.73907699011e-05, 4.70051090815e-05, 9.82812343864e-06, 8.88348768058e-06, 1.03961328932e-05, 1.10055480036e-05, 1.84628679563e-05, 7.67793244449e-06, 8.84628934728e-06, 4.22737539338e-05, 1.27279599837e-05, 4.12389272242e-06, 5.00624400956e-06, 1.26939164602e-06, 7.78327716944e-07, 4.6830459155e-07, 3.56749836783e-07, 2.23076085604e-07, 1.63172742873e-07, 1.56707557153e-07, 1.58652767368e-07, 1.79858233196e-07],
        "dmean2": [0.00373105541803, 0.00376893905923, 0.00135372485965, 0.000542222638614, 0.000321497995174, 0.00021506549092, 0.000128542320454, 0.000166428042576, 0.000125948936329, 0.000105636492663, 7.65356162447e-05, 4.54680412076e-05, 4.80313610751e-05, 3.72384820366e-05, 4.95173844683e-05, 4.58048998553e-05, 7.95547748567e-05, 3.36014272762e-05, 4.14956375607e-05, 6.9509842433e-05, 1.60511208378e-05, 1.46882903209e-05, 1.62753094628e-05, 1.70018101926e-05, 2.89155996143e-05, 1.24482767205e-05, 1.43144961839e-05, 6.53356983094e-05, 1.9945375243e-05, 6.82501695337e-06, 8.16110787127e-06, 2.00917179427e-06, 1.26592487959e-06, 7.59688134622e-07, 5.88302100368e-07, 3.56764189746e-07, 2.60848736389e-07, 2.54620971418e-07, 2.55757214518e-07, 2.77798875459e-07],
        "dvar": [6.16125544184e-06, 5.50738786842e-06, 6.89808985044e-07, 1.99097954123e-07, 6.16555553279e-08, 4.59390250285e-08, 1.56893857906e-08, 7.97242378781e-08, 7.97266181962e-08, 3.39748069678e-08, 8.64915072896e-09, 2.52281107116e-09, 4.56689708273e-09, 1.06792785726e-09, 3.70424868557e-09, 3.06071812339e-09, 1.40245282054e-08, 5.01556085553e-09, 3.07389957932e-09, 1.28697372759e-08, 4.86645390652e-10, 2.24196161636e-10, 2.17900933408e-10, 3.86296467036e-10, 1.42061229447e-09, 1.30224997452e-10, 1.99642205545e-10, 5.79613468332e-09, 3.61931234982e-10, 1.26240337628e-10, 1.4154766248e-10, 4.02451119305e-12, 2.0503830838e-12, 8.56367873749e-13, 5.76836592815e-13, 1.65815115544e-13, 8.82393116908e-14, 9.34088892931e-14, 9.2760895536e-14, 1.25000311209e-13],
        "dvar2": [1.49138259076e-05, 1.57552403834e-05, 1.84122598057e-06, 5.53525353553e-07, 1.40119979619e-07, 1.16077764289e-07, 4.01173387843e-08, 1.82069584298e-07, 1.90428707469e-07, 7.13252816809e-08, 1.91453786158e-08, 5.84553561112e-09, 9.51481293754e-09, 2.77826073258e-09, 1.05858690702e-08, 8.23216339541e-09, 3.01722451468e-08, 1.34983144662e-08, 5.74514569252e-09, 2.24297203033e-08, 1.29411992233e-09, 5.9422949894e-10, 5.17992759796e-10, 8.59153914679e-10, 3.18065374039e-09, 3.15065556977e-10, 4.61470889279e-10, 1.22624586041e-08, 7.74514452573e-10, 3.44328843216e-10, 3.49761747342e-10, 9.86873256725e-12, 5.39755089582e-12, 1.825741381e-12, 1.41406428667e-12, 3.81840745004e-13, 2.20519620359e-13, 2.29177733648e-13, 2.16517328697e-13, 2.62642094488e-13],
        "max": [0.0232254527509, 0.0231966227293, 0.00734599726275, 0.00429213000461, 0.00339342723601, 0.00323354941793, 0.00180489418563, 0.00512549234554, 0.00930298026651, 0.00375273614191, 0.00165166682564, 0.000964026956353, 0.00107112166006, 0.000357826211257, 0.000835523358546, 0.0006890083896, 0.00155861477833, 0.00169387145434, 0.000983377918601, 0.00204112706706, 0.000484187272377, 0.000169187231222, 0.00021695268515, 0.000262283254415, 0.000513610895723, 0.000146143313032, 0.000278168154182, 0.000876876001712, 0.000197827466764, 0.000249287142651, 0.000162206328241, 2.41624366026e-05, 2.1764108169e-05, 2.09712379728e-05, 1.65168221429e-05, 9.94828224066e-06, 4.42577993454e-06, 3.51638459506e-06, 3.32068975695e-06, 5.49098376723e-06],
        "mean": [0.0051407571882, 0.0049984860234, 0.00158053776249, 0.00047833865392, 0.000307163631078, 0.000183237192687, 0.000116614195576, 0.000140387346619, 0.000131452368805, 0.000122494384414, 6.24934909865e-05, 3.98760130338e-05, 4.05826722272e-05, 3.04430668621e-05, 4.30112340837e-05, 3.84218219551e-05, 6.14650125499e-05, 2.85930691462e-05, 4.8262438213e-05, 7.51570696593e-05, 1.51711356011e-05, 1.26652394101e-05, 1.61981261044e-05, 1.72761410795e-05, 2.5846009521e-05, 1.27065804918e-05, 1.4091414414e-05, 6.26165638096e-05, 1.99131700356e-05, 5.74414525545e-06, 6.78368178342e-06, 2.00433237296e-06, 1.14720967304e-06, 7.69091457187e-07, 5.18360309343e-07, 3.20177775848e-07, 2.28239102285e-07, 1.94728727365e-07, 2.00369612458e-07, 2.23592266479e-07],
        "median": [0.00408471794799, 0.00423473119736, 0.00137821992394, 0.000327927351464, 0.00020168966148, 0.000103657330328, 5.82063366892e-05, 3.3213153074e-05, 2.58708878391e-05, 2.88486062345e-05, 2.01220700546e-05, 1.32551394927e-05, 1.36992721309e-05, 1.66595891642e-05, 1.45071917359e-05, 1.20453514683e-05, 1.74088399945e-05, 1.05440994957e-05, 1.32436298372e-05, 1.56026326295e-05, 6.18601643509e-06, 6.99228166923e-06, 7.47138437873e-06, 8.6519485194e-06, 9.75287639449e-06, 6.20363971393e-06, 8.10715391708e-06, 1.83143547474e-05, 9.99337134999e-06, 2.8852266496e-06, 2.50931179835e-06, 1.02695139503e-06, 4.15188310399e-07, 2.71997691925e-07, 1.75549430992e-07, 1.16467461453e-07, 7.11711933832e-08, 5.52842287505e-08, 5.16975404707e-08, 4.64107650089e-08],
        "min": [4.07914994867e-05, 0.000142047996633, 4.05775826948e-05, 5.40937890037e-06, 2.11174506148e-06, 9.78698835752e-07, 1.02877652353e-06, 8.33798480926e-07, 3.40398827348e-07, 1.45943801044e-07, 1.90398722566e-07, 1.00144632142e-07, 7.16830044212e-08, 9.13875197739e-08, 1.84396867553e-07, 1.54874015834e-07, 1.0945521467e-07, 3.17877564271e-08, 8.58637889678e-08, 1.65441448985e-07, 4.9893678522e-08, 7.71722170612e-08, 9.04644963384e-08, 5.68610794005e-08, 1.12554658926e-07, 7.73668560328e-08, 8.57361328599e-08, 2.47271685794e-07, 1.7025388388e-07, 8.38145410853e-08, 6.0670458879e-08, 3.73468894699e-11, 1.71063840176e-11, 1.91966993517e-12, 5.22180877097e-13, 3.46919866966e-13, 4.24363533679e-13, 5.32784059926e-12, 2.29076740216e-12, 1.70285145576e-13],
