{
"highlevel": {
    "danceability": {
        "all": {
            "danceable": 3.00000096379e-14,
            "not_danceable": 1
        },
        "probability": 1,
        "value": "not_danceable"
    },
    "gender": {
        "all": {
            "female": 0.664141833782,
            "male": 0.33585819602
        },
        "probability": 0.664141833782,
        "value": "female"
    },
    "genre_dortmund": {
        "all": {
            "alternative": 0.205856338143,
            "blues": 0.0112203368917,
            "electronic": 0.00773875275627,
            "folkcountry": 0.0859751179814,
            "funksoulrnb": 0.00577825540677,
            "jazz": 0.0025242632255,
            "pop": 0.0857715383172,
            "raphiphop": 0.000316600111546,
            "rock": 0.59481883049
        },
        "probability": 0.59481883049,
        "value": "rock"
    },
    "genre_electronic": {
        "all": {
            "ambient": 0.0946875289083,
            "dnb": 0.110117658973,
            "house": 0.0970981195569,
            "techno": 0.0119838565588,
            "trance": 0.686112821102
        },
        "probability": 0.686112821102,
        "value": "trance"
    },
    "genre_rosamerica": {
        "all": {
            "cla": 6.27147965133e-05,
            "dan": 0.00279620010406,
            "hip": 0.000311805604724,
            "jaz": 9.51120237005e-05,
            "pop": 0.0458428375423,
            "rhy": 0.000401417259127,
            "roc": 0.950476765633,
            "spe": 1.31562392198e-05
        },
        "probability": 0.950476765633,
        "value": "roc"
    },
    "genre_tzanetakis": {
        "all": {
            "blu": 0.0626541376114,
            "cla": 0.0348133966327,
            "cou": 0.0783501937985,
            "dis": 0.104547761381,
            "hip": 0.15693578124,
            "jaz": 0.313987255096,
            "met": 0.044816005975,
            "pop": 0.0627349764109,
            "reg": 0.0627352520823,
            "roc": 0.0784252434969
        },
        "probability": 0.313987255096,
        "value": "jaz"
    },
    "ismir04_rhythm": {
        "all": {
            "ChaChaCha": 0.0747145116329,
            "Jive": 0.655094146729,
            "Quickstep": 0.0526832379401,
            "Rumba-American": 0.00552271958441,
            "Rumba-International": 0.0196480639279,
            "Rumba-Misc": 0.00206189090386,
            "Samba": 0.143523722887,
            "Tango": 0.00658811256289,
            "VienneseWaltz": 0.0351930893958,
            "Waltz": 0.00497051235288
        },
        "probability": 0.655094146729,
        "value": "Jive"
    },
    "mood_acoustic": {
        "all": {
            "acoustic": 4.41455449618e-06,
            "not_acoustic": 0.999995589256
        },
        "probability": 0.999995589256,
        "value": "not_acoustic"
    },
    "mood_aggressive": {
        "all": {
            "aggressive": 0.987259924412,
            "not_aggressive": 0.0127400606871
        },
        "probability": 0.987259924412,
        "value": "aggressive"
    },
    "mood_electronic": {
        "all": {
            "electronic": 0.151199027896,
            "not_electronic": 0.848800957203
        },
        "probability": 0.848800957203,
        "value": "not_electronic"
    },
    "mood_happy": {
        "all": {
            "happy": 0.952580749989,
            "not_happy": 0.0474192425609
        },
        "probability": 0.952580749989,
        "value": "happy"
    },
    "mood_party": {
        "all": {
            "not_party": 0.272357285023,
            "party": 0.727642714977
        },
        "probability": 0.727642714977,
        "value": "party"
    },
    "mood_relaxed": {
        "all": {
            "not_relaxed": 0.98815369606,
            "relaxed": 0.0118462769315
        },
        "probability": 0.98815369606,
        "value": "not_relaxed"
    },
    "mood_sad": {
        "all": {
            "not_sad": 0.972875833511,
            "sad": 0.0271241795272
        },
        "probability": 0.972875833511,
        "value": "not_sad"
    },
    "moods_mirex": {
        "all": {
            "Cluster1": 0.569570124149,
            "Cluster2": 0.110506854951,
            "Cluster3": 0.16054686904,
            "Cluster4": 0.0467299930751,
            "Cluster5": 0.112646147609
        },
        "probability": 0.569570124149,
        "value": "Cluster1"
    },
    "timbre": {
        "all": {
            "bright": 0.97280806303,
            "dark": 0.0271919090301
        },
        "probability": 0.97280806303,
        "value": "bright"
    },
    "tonal_atonal": {
        "all": {
            "atonal": 0.00678140902892,
            "tonal": 0.99321860075
        },
        "probability": 0.99321860075,
        "value": "tonal"
    },
    "voice_instrumental": {
        "all": {
            "instrumental": 0.000636006239802,
            "voice": 0.99936401844
        },
        "probability": 0.99936401844,
        "value": "voice"
    }
},
"lowlevel": {
    "average_loudness": 0.985718131065,
    "barkbands_crest": {
        "dmean": 2.20034813881,
        "dmean2": 3.77016210556,
        "dvar": 5.34107732773,
        "dvar2": 14.6139707565,
        "max": 19.1996116638,
        "mean": 7.12085151672,
        "median": 6.55541753769,
        "min": 2.79998517036,
        "var": 7.5213265419
    },
    "barkbands_flatness_db": {
        "dmean": 0.0145383914933,
        "dmean2": 0.0247397460043,
        "dvar": 0.000184209522558,
        "dvar2": 0.000532737234607,
        "max": 0.169135659933,
        "mean": 0.098006926477,
        "median": 0.0947896018624,
        "min": 0.0558082461357,
        "var": 0.000368461507605
    },
    "barkbands_kurtosis": {
        "dmean": 0.840434730053,
        "dmean2": 1.43147850037,
        "dvar": 1.45810782909,
        "dvar2": 4.06902647018,
        "max": 9.22957420349,
        "mean": -0.467106670141,
        "median": -0.839241027832,
        "min": -1.84039783478,
        "var": 1.72140991688
    },
    "barkbands_skewness": {
        "dmean": 0.414557486773,
        "dmean2": 0.659348785877,
        "dvar": 0.162578329444,
        "dvar2": 0.416987419128,
        "max": 3.12179851532,
        "mean": 0.704272866249,
        "median": 0.689986228943,
        "min": -1.65539991856,
        "var": 0.426763862371
    },
    "barkbands_spread": {
        "dmean": 7.14485454559,
        "dmean2": 11.6473407745,
        "dvar": 50.1062202454,
        "dvar2": 124.656600952,
        "max": 97.6534194946,
        "mean": 46.2749443054,
        "median": 44.8228492737,
        "min": 16.4906044006,
        "var": 169.078765869
    },
    "dissonance": {
        "dmean": 0.00791118759662,
        "dmean2": 0.0135245332494,
        "dvar": 4.67518148071e-05,
        "dvar2": 0.000133774898131,
        "max": 0.499629437923,
        "mean": 0.484557360411,
        "median": 0.486400157213,
        "min": 0.440370261669,
        "var": 7.68728496041e-05
    },
    "dynamic_complexity": 0.980255544186,
    "erbbands_crest": {
        "dmean": 1.82957625389,
        "dmean2": 3.12871623039,
        "dvar": 2.58958101273,
        "dvar2": 7.32332897186,
        "max": 17.6741008759,
        "mean": 6.12885713577,
        "median": 5.6708240509,
        "min": 2.88646388054,
        "var": 4.40575408936
    },
    "erbbands_flatness_db": {
        "dmean": 0.0112122865394,
        "dmean2": 0.0169121604413,
        "dvar": 8.61032312969e-05,
        "dvar2": 0.000185717915883,
        "max": 0.182270303369,
        "mean": 0.126476734877,
        "median": 0.125914677978,
        "min": 0.0685802400112,
        "var": 0.000313134136377
    },
    "erbbands_kurtosis": {
        "dmean": 0.603912055492,
        "dmean2": 0.95890134573,
        "dvar": 0.353255957365,
        "dvar2": 0.818511903286,
        "max": 7.29474258423,
        "mean": 0.174794718623,
        "median": -0.0658202171326,
        "min": -1.65353226662,
        "var": 1.10222876072
    },
    "erbbands_skewness": {
        "dmean": 0.247648850083,
        "dmean2": 0.399612158537,
        "dvar": 0.0402731224895,
        "dvar2": 0.104043796659,
        "max": 0.864465773106,
        "mean": -0.567555129528,
        "median": -0.563560545444,
        "min": -2.42763352394,
        "var": 0.202310577035
    },
    "erbbands_spread": {
        "dmean": 8.16556453705,
        "dmean2": 13.1198911667,
        "dvar": 68.9445114136,
        "dvar2": 170.136169434,
        "max": 98.2592544556,
        "mean": 43.494682312,
        "median": 42.396068573,
        "min": 16.7613620758,
        "var": 148.199676514
    },
    "hfc": {
        "dmean": 11.1168279648,
        "dmean2": 16.6689090729,
        "dvar": 327.410186768,
        "dvar2": 588.285217285,
        "max": 356.124694824,
        "mean": 49.8717689514,
        "median": 43.1035881042,
        "min": 12.8556480408,
        "var": 1145.88244629
    },
    "melbands_crest": {
        "dmean": 3.01658678055,
        "dmean2": 4.96716356277,
        "dvar": 7.05369901657,
        "dvar2": 19.431388855,
        "max": 28.3723678589,
        "mean": 14.9297475815,
        "median": 14.4214105606,
        "min": 4.88527727127,
        "var": 21.0671520233
    },
    "melbands_flatness_db": {
        "dmean": 0.0207955632359,
        "dmean2": 0.0335616581142,
        "dvar": 0.000400547229219,
        "dvar2": 0.00105431233533,
        "max": 0.243938311934,
        "mean": 0.124674715102,
        "median": 0.121410600841,
        "min": 0.0432706624269,
        "var": 0.00115254626144
    },
    "melbands_kurtosis": {
        "dmean": 3.94079732895,
        "dmean2": 6.58961248398,
        "dvar": 26.7058124542,
        "dvar2": 72.7113037109,
        "max": 51.3966674805,
        "mean": 6.25287246704,
        "median": 4.62395906448,
        "min": -1.61962878704,
        "var": 39.5441589355
    },
    "melbands_skewness": {
        "dmean": 0.628845155239,
        "dmean2": 1.01891613007,
        "dvar": 0.383464604616,
        "dvar2": 1.00736820698,
        "max": 6.70621824265,
        "mean": 2.3401465416,
        "median": 2.26313066483,
        "min": 0.186218261719,
        "var": 0.963754057884
    },
    "melbands_spread": {
        "dmean": 12.8380422592,
        "dmean2": 19.8867511749,
        "dvar": 185.349594116,
        "dvar2": 375.114471436,
        "max": 204.451782227,
        "mean": 48.4691886902,
        "median": 43.9295387268,
        "min": 8.74814605713,
        "var": 624.766174316
    },
    "pitch_salience": {
        "dmean": 0.0588908754289,
        "dmean2": 0.0966078266501,
        "dvar": 0.00255744787864,
        "dvar2": 0.00697310175747,
        "max": 0.806984722614,
        "mean": 0.55274939537,
        "median": 0.558479785919,
        "min": 0.27765622735,
        "var": 0.00566540611908
    },
    "silence_rate_20dB": {
        "dmean": 0,
        "dmean2": 0,
        "dvar": 0,
        "dvar2": 0,
        "max": 1,
        "mean": 1,
        "median": 1,
        "min": 1,
        "var": 0
    },
    "silence_rate_30dB": {
        "dmean": 0,
        "dmean2": 0,
        "dvar": 0,
        "dvar2": 0,
        "max": 1,
        "mean": 1,
        "median": 1,
        "min": 1,
        "var": 0
    },
    "silence_rate_60dB": {
        "dmean": 0,
        "dmean2": 0,
        "dvar": 0,
        "dvar2": 0,
        "max": 0,
        "mean": 0,
        "median": 0,
        "min": 0,
        "var": 0
    },
    "spectral_centroid": {
        "dmean": 309.183746338,
        "dmean2": 506.764770508,
        "dvar": 92658.6328125,
        "dvar2": 229208.0625,
        "max": 4386.68652344,
        "mean": 2412.61376953,
        "median": 2401.00854492,
        "min": 887.324707031,
        "var": 245730.03125
    },
    "spectral_complexity": {
        "dmean": 4.09597539902,
        "dmean2": 6.58094501495,
        "dvar": 11.2168035507,
        "dvar2": 27.0784072876,
        "max": 54,
        "mean": 35.0680580139,
        "median": 35,
        "min": 19,
        "var": 40.0370826721
    },
    "spectral_decrease": {
        "dmean": 1.97480032327e-09,
        "dmean2": 3.33123595375e-09,
        "dvar": 5.06629058676e-18,
        "dvar2": 1.36230194879e-17,
        "max": -2.45917575192e-09,
        "mean": -7.75760167215e-09,
        "median": -7.32904981149e-09,
        "min": -2.10159516456e-08,
        "var": 6.08880700583e-18
    },
    "spectral_energy": {
        "dmean": 0.00791843701154,
        "dmean2": 0.0132807074115,
        "dvar": 7.50782055547e-05,
        "dvar2": 0.000200823647901,
        "max": 0.0849218890071,
        "mean": 0.0338024944067,
        "median": 0.0322065874934,
        "min": 0.0107906544581,
        "var": 0.000101637131593
    },
    "spectral_energyband_high": {
        "dmean": 0.00125716172624,
        "dmean2": 0.00183832086623,
        "dvar": 5.29402359462e-06,
        "dvar2": 9.04647731659e-06,
        "max": 0.04519097507,
        "mean": 0.00408542947844,
        "median": 0.00295040616766,
        "min": 0.000386609433917,
        "var": 1.97849167307e-05
    },
    "spectral_energyband_low": {
        "dmean": 0.00450275745243,
        "dmean2": 0.0073155448772,
        "dvar": 3.19521677739e-05,
        "dvar2": 8.14518571133e-05,
        "max": 0.0678212866187,
        "mean": 0.0118855955079,
        "median": 0.0104387383908,
        "min": 0.000812756712548,
        "var": 5.13038175995e-05
    },
    "spectral_energyband_middle_high": {
        "dmean": 0.00218407600187,
        "dmean2": 0.00357366283424,
        "dvar": 4.77395451526e-06,
        "dvar2": 1.23584568428e-05,
        "max": 0.0319735184312,
        "mean": 0.00906433165073,
        "median": 0.00789351202548,
        "min": 0.00243806815706,
        "var": 1.99320402317e-05
    },
    "spectral_energyband_middle_low": {
        "dmean": 0.00509775662795,
        "dmean2": 0.00851613562554,
        "dvar": 6.97005016264e-05,
        "dvar2": 0.000186364442925,
        "max": 0.0584911070764,
        "mean": 0.00990336667746,
        "median": 0.00756320403889,
        "min": 0.00163754075766,
        "var": 6.56898482703e-05
    },
    "spectral_entropy": {
        "dmean": 0.0874583944678,
        "dmean2": 0.138377562165,
        "dvar": 0.00673564802855,
        "dvar2": 0.0153712462634,
        "max": 8.64536476135,
        "mean": 7.97567224503,
        "median": 7.96808242798,
        "min": 7.30990743637,
        "var": 0.0385438688099
    },
    "spectral_flux": {
        "dmean": 0.0199991092086,
        "dmean2": 0.0307947974652,
        "dvar": 0.00046496844152,
        "dvar2": 0.00102072162554,
        "max": 0.214287251234,
        "mean": 0.102047465742,
        "median": 0.0968634337187,
        "min": 0.041276562959,
        "var": 0.000953451206442
    },
    "spectral_kurtosis": {
        "dmean": 0.640282094479,
        "dmean2": 1.07119882107,
        "dvar": 0.354304015636,
        "dvar2": 0.939997553825,
        "max": 10.7663393021,
        "mean": 2.10063147545,
        "median": 2.05463218689,
        "min": -0.36997628212,
        "var": 0.933756411076
    },
    "spectral_rms": {
        "dmean": 0.000649704656098,
        "dmean2": 0.00107999972533,
        "dvar": 4.30394749174e-07,
        "dvar2": 1.13873738883e-06,
        "max": 0.00910223182291,
        "mean": 0.00568356225267,
        "median": 0.00560544896871,
        "min": 0.0032446058467,
        "var": 6.75150033658e-07
    },
    "spectral_rolloff": {
        "dmean": 822.945800781,
        "dmean2": 1356.94152832,
        "dvar": 792079.375,
        "dvar2": 1784936.75,
        "max": 9431.54296875,
        "mean": 3244.40014648,
        "median": 3057.71484375,
        "min": 129.19921875,
        "var": 2572634
    },
    "spectral_skewness": {
        "dmean": 0.126125529408,
        "dmean2": 0.200068250299,
        "dvar": 0.012453455478,
        "dvar2": 0.0283474884927,
        "max": 2.77665305138,
        "mean": 0.965442657471,
        "median": 0.967239499092,
        "min": 0.317709326744,
        "var": 0.0463939346373
    },
    "spectral_spread": {
        "dmean": 403741.90625,
        "dmean2": 605469.625,
        "dvar": 209480941568,
        "dvar2": 370602967040,
        "max": 9927862,
        "mean": 4758503.5,
        "median": 4572071,
        "min": 3091277.5,
        "var": 850689654784
    },
    "spectral_strongpeak": {
        "dmean": 0.386942028999,
        "dmean2": 0.695312619209,
        "dvar": 0.719992339611,
        "dvar2": 1.91292798519,
        "max": 9.37861633301,
        "mean": 0.595106005669,
        "median": 0.398817509413,
        "min": 0.0570976287127,
        "var": 0.674584031105
    },
    "zerocrossingrate": {
        "dmean": 0.0118411984295,
        "dmean2": 0.0144604621455,
        "dvar": 0.00017030381423,
        "dvar2": 0.000193357453099,
        "max": 0.294921875,
        "mean": 0.102447293699,
        "median": 0.0947265625,
        "min": 0.03369140625,
        "var": 0.00131205760408
    },
    "barkbands": {
        "dmean": [9.0801717306e-05, 0.00250752246939, 0.00263888807967, 0.00142588012386, 0.00325998663902, 0.000923480198253, 0.000229135621339, 0.000398411328206, 0.000565295573324, 0.000372975482605, 0.000424119527452, 0.000311144598527, 0.000516736763529, 0.000663719256409, 0.000517523963936, 0.000486445904244, 0.000429830368375, 0.000502317852806, 0.000466240599053, 0.000503112212755, 0.00032992855995, 0.000346458167769, 0.00031583069358, 0.000292264972813, 0.000139497278724, 6.56464981148e-05, 1.97197191909e-08],
        "dmean2": [0.000139560113894, 0.00414793007076, 0.00440454296768, 0.0024915416725, 0.00556706637144, 0.00148353527766, 0.000384002865758, 0.000645948341116, 0.000909248483367, 0.000618026359007, 0.000702493765857, 0.000528598378878, 0.000847376650199, 0.00115748564713, 0.000866257061716, 0.000819468928967, 0.000725656049326, 0.000818317115773, 0.000785045151133, 0.000850778713357, 0.000534124672413, 0.000536151230335, 0.00047290007933, 0.000437403999968, 0.000202722643735, 0.000102242083813, 3.7419439991e-08],
        "dvar": [5.79184344929e-08, 1.64230295923e-05, 1.11782255772e-05, 4.76036802866e-06, 4.14455280406e-05, 1.65279334396e-06, 8.146713526e-08, 6.38235803763e-07, 8.47076194077e-07, 3.96768768951e-07, 5.77838932259e-07, 3.87129006185e-07, 6.80135713083e-07, 1.07104187919e-06, 5.80339587941e-07, 4.23321210974e-07, 3.29404741706e-07, 3.49635001839e-07, 3.30669962523e-07, 2.65676220579e-07, 1.41665012166e-07, 2.55509917224e-07, 7.71114173403e-07, 6.55448957332e-07, 1.58009839879e-07, 2.0969553205e-08, 2.0142631527e-14],
        "dvar2": [1.29822879558e-07, 4.20794458478e-05, 3.1785803003e-05, 1.32190161821e-05, 0.000109639942821, 4.0388031266e-06, 2.24391996539e-07, 1.61911498253e-06, 2.01661578103e-06, 9.82390929494e-07, 1.45999024426e-06, 1.07277548977e-06, 1.8488826754e-06, 3.06218066726e-06, 1.61946047683e-06, 1.13290468562e-06, 8.41143162233e-07, 9.34999150104e-07, 8.54008760598e-07, 7.09108746832e-07, 3.58191158512e-07, 4.93990739869e-07, 1.28852343551e-06, 1.41713792345e-06, 3.14706937843e-07, 5.22281204951e-08, 5.98660593212e-14],
        "max": [0.00287632248364, 0.0476354919374, 0.0386703982949, 0.0168405286968, 0.0432203412056, 0.0154852988198, 0.00294738844968, 0.0123141771182, 0.00870464835316, 0.0124183110893, 0.0104028480127, 0.00797650404274, 0.00958133116364, 0.0142446244135, 0.0137486411259, 0.00677905511111, 0.00850654393435, 0.00799844786525, 0.00744927162305, 0.00717067858204, 0.00538857467473, 0.00954118184745, 0.022936059162, 0.0155574576929, 0.00768961384892, 0.00166165514383, 2.94340475193e-06],
        "mean": [0.000102589445305, 0.00536650186405, 0.00546307116747, 0.00181920174509, 0.00404803268611, 0.00169460976031, 0.000427923863754, 0.000637666322291, 0.000926915090531, 0.000688244646881, 0.000682329235133, 0.000485864526127, 0.000855476944707, 0.00105447554961, 0.000979977543466, 0.000940259429626, 0.000872602569871, 0.00109646143392, 0.000982873258181, 0.00114631676115, 0.000897384772543, 0.000943480059505, 0.000685794861056, 0.000640870246571, 0.000279929750832, 8.36340041133e-05, 1.2597693555e-08],
        "median": [4.15857939515e-05, 0.00445318548009, 0.00442739157006, 0.00095556647284, 0.00215409323573, 0.00105877185706, 0.000344637606759, 0.000331017334247, 0.000415655988036, 0.000386754487408, 0.000268453819444, 0.000289467046969, 0.000494549691211, 0.000688159489073, 0.00061222538352, 0.000539860920981, 0.000623315107077, 0.000825894006994, 0.000817608903162, 0.000969621993136, 0.000694110232871, 0.000703164201695, 0.000369937944924, 0.000267837574938, 9.57609954639e-05, 3.68735709344e-05, 6.83543832647e-10],
        "min": [8.68446932145e-08, 4.48164209956e-05, 3.25732617057e-05, 1.88509729924e-05, 8.79411891219e-05, 9.55756986514e-05, 9.17033048609e-06, 8.21319463284e-06, 2.02541577892e-05, 1.72408435901e-05, 7.88753823144e-06, 2.39658875216e-05, 2.46066902037e-05, 5.14195744472e-05, 5.05384196003e-05, 5.1485876611e-05, 6.86128914822e-05, 3.0482042348e-05, 0.000151722910232, 7.11444372428e-05, 8.44735986902e-05, 3.4295655496e-05, 1.27332950797e-05, 7.44705494071e-06, 1.70752207396e-06, 1.58372628789e-07, 1.05072469822e-11],
        "var": [6.3429396846e-08, 2.07424618566e-05, 1.69334034581e-05, 5.37094729225e-06, 3.59443329216e-05, 3.50911864189e-06, 1.19794904663e-07, 1.08257131615e-06, 1.64216589837e-06, 1.03454397049e-06, 1.42717715335e-06, 5.15839019499e-07, 1.21400125863e-06, 1.56644023264e-06, 1.10913447315e-06, 1.10169708023e-06, 8.169727721e-07, 8.25684992378e-07, 4.85311716147e-07, 5.38801373295e-07, 4.59321029211e-07, 8.26560210498e-07, 1.81228097063e-06, 1.68528595168e-06, 4.22907731945e-07, 2.17647873058e-08, 1.1437620565e-14]
    },
    "erbbands": {
        "dmean": [0.0520116724074, 0.661423504353, 2.82001233101, 3.54119634628, 11.2026205063, 8.80314350128, 6.70819997787, 7.78209495544, 3.80264258385, 4.47193574905, 10.1360731125, 13.7097053528, 13.0303258896, 9.04263877869, 17.4079818726, 14.3549928665, 22.7932815552, 32.7446670532, 25.2395057678, 28.4039573669, 23.0454273224, 17.0519218445, 23.8306484222, 24.6244564056, 24.700586319, 25.1593608856, 14.0941553116, 13.3360099792, 11.7255620956, 11.8285570145, 8.82732105255, 7.57455587387, 4.15319633484, 2.12827825546, 0.761901199818, 0.409894347191, 0.0960049554706, 0.00764401722699, 0.000148766121129, 1.66236241057e-05],
        "dmean2": [0.0842168405652, 1.10396289825, 4.67915439606, 6.08906555176, 19.0592079163, 15.1150360107, 10.8347063065, 12.5488262177, 6.24160432816, 7.42202425003, 16.1370639801, 21.9371242523, 22.0707836151, 14.3529405594, 29.3336048126, 24.2699699402, 37.465713501, 55.9115562439, 42.6315193176, 47.1079177856, 37.8622894287, 28.3926792145, 38.8507270813, 41.7459068298, 41.4942169189, 42.3426742554, 23.6361103058, 21.2998027802, 18.2941799164, 18.3500213623, 13.1755542755, 11.7550935745, 6.1602768898, 3.07939839363, 1.13554358482, 0.627179980278, 0.155808076262, 0.0128689762205, 0.000242033449467, 2.59190146608e-05],
        "dvar": [0.0169688966125, 0.882131457329, 12.5970306396, 20.8172397614, 561.576538086, 249.990280151, 112.568222046, 127.477539062, 20.5886363983, 36.5071487427, 488.437103271, 593.217712402, 528.961730957, 237.673858643, 911.27545166, 800.0078125, 1300.46142578, 3127.34082031, 1345.2467041, 1419.56640625, 961.857788086, 404.618011475, 1070.00537109, 707.946044922, 1243.80859375, 625.764343262, 222.301345825, 293.029571533, 304.519378662, 536.542419434, 662.260437012, 414.425018311, 145.17326355, 41.2121696472, 3.11775040627, 0.668383598328, 0.0573106594384, 0.000495485088322, 1.57203771778e-07, 6.46834252827e-10],
        "dvar2": [0.0405049808323, 2.33733820915, 34.8648529053, 57.5814285278, 1490.48474121, 671.895629883, 283.025421143, 315.574310303, 58.3146286011, 98.8855438232, 1206.92626953, 1419.33361816, 1454.13696289, 509.513366699, 2413.54638672, 2204.15625, 3515.46948242, 9362.93457031, 3573.02832031, 3729.97363281, 2507.40673828, 1045.86657715, 2752.03125, 1826.98181152, 3297.80664062, 1719.26281738, 586.761047363, 698.851928711, 583.733215332, 1130.68212891, 1142.06311035, 934.946655273, 279.702301025, 81.9765548706, 6.689453125, 1.58973121643, 0.151679307222, 0.00134666939266, 4.21208000034e-07, 1.52192702885e-09],
        "max": [1.32812893391, 10.6348991394, 40.4818077087, 36.2746086121, 161.308273315, 125.679016113, 139.590805054, 125.013473511, 54.6813316345, 78.2832260132, 384.572753906, 255.86579895, 396.017150879, 427.075775146, 508.089172363, 404.01260376, 417.199737549, 807.920593262, 564.716918945, 388.299621582, 538.113830566, 249.040664673, 471.703826904, 317.874572754, 476.624511719, 321.688964844, 207.217956543, 238.33416748, 301.496459961, 542.138977051, 652.608337402, 324.315032959, 252.446594238, 114.006866455, 27.8884544373, 7.97263908386, 2.68502736092, 0.244994908571, 0.00437327474356, 0.000375746487407],
        "mean": [0.0815187320113, 1.47980189323, 6.47180938721, 5.95812654495, 12.1523637772, 11.6685171127, 11.7871398926, 13.978849411, 7.39597702026, 7.8165678978, 16.8298149109, 23.0996570587, 23.0013122559, 18.4427566528, 29.6953086853, 24.70885849, 39.6659431458, 55.5592842102, 49.6208953857, 56.2376022339, 52.3427124023, 41.4209861755, 54.1329650879, 56.7156867981, 52.0538520813, 56.9738388062, 36.5849380493, 35.7003631592, 32.017375946, 28.9352607727, 19.059463501, 15.7722806931, 8.80758285522, 4.35520124435, 1.39902448654, 0.563377320766, 0.116841517389, 0.00777385523543, 0.000204738913453, 6.08968912275e-05],
        "median": [0.0536609590054, 1.24391317368, 5.28933095932, 3.95367574692, 5.38873243332, 6.69139957428, 7.69320631027, 8.213804245, 5.98820829391, 5.65374040604, 8.53258228302, 9.5161523819, 12.6919927597, 10.3230495453, 12.8527011871, 15.9362468719, 23.9060707092, 34.6273841858, 34.1811218262, 38.8330574036, 34.0779571533, 31.4075813293, 37.6681594849, 48.0055351257, 40.3673362732, 48.4548416138, 31.057674408, 26.0363636017, 23.5590190887, 19.479309082, 9.88996887207, 6.86447000504, 3.34874939919, 1.36390578747, 0.544166088104, 0.257780581713, 0.0501126982272, 0.00297878845595, 0.00010040779307, 5.144552415e-05],
        "min": [0.0008110787021, 0.0348138771951, 0.129440009594, 0.282344460487, 0.224274292588, 0.259153664112, 0.460009455681, 0.701347827911, 0.556898236275, 0.423100680113, 0.599320232868, 0.956355392933, 0.965682923794, 0.719502210617, 0.812852621078, 1.50430595875, 2.5450592041, 3.6984565258, 5.83667516708, 3.99722242355, 4.13156557083, 6.36985778809, 5.0931930542, 8.08170509338, 8.48948764801, 4.13507938385, 5.47260332108, 2.37217521667, 1.38542449474, 0.673887372017, 0.29111456871, 0.108312815428, 0.0851162523031, 0.0277177430689, 0.0028715103399, 0.000496955122799, 0.000169823309989, 1.43887200466e-05, 1.15256443678e-05, 1.83927386388e-05],
        "var": [0.0168726313859, 1.23001801968, 21.5377063751, 31.4010486603, 467.556945801, 227.328842163, 183.062591553, 271.174468994, 32.3415222168, 50.8203315735, 867.427124023, 1122.64709473, 982.285400391, 836.831176758, 2330.88769531, 1087.19628906, 2301.73657227, 4755.09179688, 2498.4465332, 2836.37548828, 3431.86108398, 1142.93688965, 2271.12109375, 1355.55175781, 1768.20922852, 1218.06103516, 517.054443359, 958.969543457, 986.987121582, 1205.25720215, 1560.4017334, 934.493164062, 408.354797363, 112.116081238, 7.67224979401, 0.84325414896, 0.0506590195, 0.000352203380316, 1.29381959368e-07, 1.28134747257e-09]
    },
    "gfcc": {
        "mean": [71.7559280396, 61.3970832825, -126.261260986, 63.0013999939, -58.5441360474, 25.5363426208, -39.9512901306, 8.76951026917, -27.911195755, 5.19271945953, -20.0702629089, -1.36802446842, -13.992606163],
        "cov": [[448.441955566, -344.63848877, 111.006637573, -77.9058990479, -87.2200088501, 84.1332092285, -67.8888626099, 34.8616638184, -26.3440341949, 0.119719326496, -49.0921821594, 35.9435386658, -34.6089096069], [-344.63848877, 499.173797607, -152.231399536, -8.55582618713, 89.9480819702, -123.638931274, 82.7771224976, -45.0980873108, 5.24111747742, -17.885345459, 32.9446868896, -33.9365234375, 20.8063240051], [111.006637573, -152.231399536, 237.423980713, 32.644733429, -31.2294807434, 11.7674293518, -48.559387207, 3.70422363281, -22.3720664978, 27.1479606628, -26.8307971954, 17.4762077332, -9.96835136414], [-77.9058990479, -8.55582618713, 32.644733429, 162.725341797, 11.5720319748, 0.132497549057, -24.2430152893, -20.0862731934, 38.8985900879, -8.73608493805, 20.9688663483, -18.104467392, 27.4179267883], [-87.2200088501, 89.9480819702, -31.2294807434, 11.5720319748, 94.9661636353, -19.1134243011, 28.679769516, -5.20632839203, -2.12260627747, 3.35635232925, -4.95250368118, 2.71174001694, -7.52088785172], [84.1332092285, -123.638931274, 11.7674293518, 0.132497549057, -19.1134243011, 117.738616943, 7.24118375778, 29.3411560059, 7.33997774124, -2.26589775085, 15.1027231216, -4.25982046127, 3.08724045753], [-67.8888626099, 82.7771224976, -48.559387207, -24.2430152893, 28.679769516, 7.24118375778, 101.096008301, 21.8518276215, -5.41467094421, 6.05281114578, 7.78359603882, -3.26917529106, -8.34896564484], [34.8616638184, -45.0980873108, 3.70422363281, -20.0862731934, -5.20632839203, 29.3411560059, 21.8518276215, 82.6419830322, 30.1146183014, 11.950302124, 5.09236812592, -1.31695401669, 0.514984607697], [-26.3440341949, 5.24111747742, -22.3720664978, 38.8985900879, -2.12260627747, 7.33997774124, -5.41467094421, 30.1146183014, 77.1413345337, 14.7822961807, 15.1445293427, -7.52083730698, 9.3673658371], [0.119719326496, -17.885345459, 27.1479606628, -8.73608493805, 3.35635232925, -2.26589775085, 6.05281114578, 11.950302124, 14.7822961807, 50.6190185547, 13.0787086487, 6.02020740509, -7.19349336624], [-49.0921821594, 32.9446868896, -26.8307971954, 20.9688663483, -4.95250368118, 15.1027231216, 7.78359603882, 5.09236812592, 15.1445293427, 13.0787086487, 62.2132415771, 2.27506351471, 17.446559906], [35.9435386658, -33.9365234375, 17.4762077332, -18.104467392, 2.71174001694, -4.25982046127, -3.26917529106, -1.31695401669, -7.52083730698, 6.02020740509, 2.27506351471, 49.3231201172, 7.02959251404], [-34.6089096069, 20.8063240051, -9.96835136414, 27.4179267883, -7.52088785172, 3.08724045753, -8.34896564484, 0.514984607697, 9.3673658371, -7.19349336624, 17.446559906, 7.02959251404, 48.8426704407]],
        "icov": [[0.00702193425968, 0.0031195548363, -0.000440793170128, 0.00269156810828, 0.00235124537721, -0.00165049755014, 0.00211356510408, -0.000869651092216, 8.62019805936e-05, 0.00162832124624, 0.00215815543197, -0.00265392637812, 0.00271701277234], [0.0031195548363, 0.00952308252454, -0.00126259110402, 0.00657307030633, -0.00519207445905, 0.0077199768275, -0.00533967791125, 0.00538597023115, -0.00540543207899, 0.00695990258828, -0.0064923549071, 0.00717712333426, -0.00470287725329], [-0.000440793170128, -0.00126259110402, 0.00904276967049, -0.00654425611719, 0.00382233387791, -0.00213548075408, 0.00413254229352, -0.00465724570677, 0.00797443557531, -0.00924115628004, 0.0065363291651, -0.0047383159399, 0.00268050911836], [0.00269156810828, 0.00657307030633, -0.00654425611719, 0.0179866328835, -0.00756152532995, 0.00505250366405, -0.00381638016552, 0.00994394626468, -0.0136916125193, 0.0118373259902, -0.00962728448212, 0.0104354377836, -0.00825999304652], [0.00235124537721, -0.00519207445905, 0.00382233387791, -0.00756152532995, 0.0195753891021, -0.00556493271142, 0.00229782774113, -0.0054646320641, 0.00698337797076, -0.00791022647172, 0.00992332305759, -0.010560776107, 0.00818999204785], [-0.00165049755014, 0.0077199768275, -0.00213548075408, 0.00505250366405, -0.00556493271142, 0.0194171909243, -0.00774781173095, 0.00269234552979, -0.00552937900648, 0.00880380999297, -0.0115774041042, 0.0101578906178, -0.0061366064474], [0.00211356510408, -0.00533967791125, 0.00413254229352, -0.00381638016552, 0.00229782774113, -0.00774781173095, 0.0196883641183, -0.00994594302028, 0.00908023864031, -0.00752982171252, 0.00557854026556, -0.00681656925008, 0.00720983091742], [-0.000869651092216, 0.00538597023115, -0.00465724570677, 0.00994394626468, -0.0054646320641, 0.00269234552979, -0.00994594302028, 0.0248951762915, -0.0160890538245, 0.00624819891527, -0.00643136585131, 0.00830056890845, -0.00730883749202], [8.62019805936e-05, -0.00540543207899, 0.00797443557531, -0.0136916125193, 0.00698337797076, -0.00552937900648, 0.00908023864031, -0.0160890538245, 0.0304901488125, -0.0160176828504, 0.00792070291936, -0.00676200725138, 0.00476091355085], [0.00162832124624, 0.00695990258828, -0.00924115628004, 0.0118373259902, -0.00791022647172, 0.00880380999297, -0.00752982171252, 0.00624819891527, -0.0160176828504, 0.0380614250898, -0.0171687100083, 0.00571443047374, 0.000518357148394], [0.00215815543197, -0.0064923549071, 0.0065363291651, -0.00962728448212, 0.00992332305759, -0.0115774041042, 0.00557854026556, -0.00643136585131, 0.00792070291936, -0.0171687100083, 0.0327461659908, -0.0114756105468, 0.000221391688683], [-0.00265392637812, 0.00717712333426, -0.0047383159399, 0.0104354377836, -0.010560776107, 0.0101578906178, -0.00681656925008, 0.00830056890845, -0.00676200725138, 0.00571443047374, -0.0114756105468, 0.0346852093935, -0.0140382703394], [0.00271701277234, -0.00470287725329, 0.00268050911836, -0.00825999304652, 0.00818999204785, -0.0061366064474, 0.00720983091742, -0.00730883749202, 0.00476091355085, 0.000518357148394, 0.000221391688683, -0.0140382703394, 0.0336494036019]]
    },
    "melbands": {
        "dmean": [0.000558250409085, 0.00120967626572, 0.00078059110092, 0.000820128712803, 0.000232159145526, 0.000170162762515, 5.39618376934e-05, 5.39262800885e-05, 8.93423712114e-05, 8.41513465275e-05, 6.42522281851e-05, 3.64550905942e-05, 5.90269519307e-05, 4.11408436776e-05, 3.71946844098e-05, 5.62254645047e-05, 6.9797199103e-05, 4.46800950158e-05, 3.41507220583e-05, 4.39180839749e-05, 3.11791882268e-05, 2.08166002267e-05, 2.63166330114e-05, 2.23645511142e-05, 2.1838608518e-05, 2.09596819332e-05, 1.77214387804e-05, 1.85026583495e-05, 9.52080881689e-06, 9.84760663414e-06, 8.85837744136e-06, 7.54705115469e-06, 7.45555280446e-06, 6.7462201514e-06, 5.43959185961e-06, 5.36475954505e-06, 4.72966166853e-06, 3.12499514621e-06, 2.73402883977e-06, 1.74913691353e-06],
        "dmean2": [0.000919773476198, 0.00200574845076, 0.00133981218096, 0.00141326303128, 0.0003746120492, 0.000273329496849, 8.93033866305e-05, 8.86019988684e-05, 0.000141077689477, 0.000136087692226, 0.000108753811219, 5.79714542255e-05, 9.80409022304e-05, 6.99210795574e-05, 6.21290673735e-05, 9.11828392418e-05, 0.000119847798487, 7.48236998334e-05, 5.62307832297e-05, 7.49432874727e-05, 5.17897460668e-05, 3.48686226062e-05, 4.35370784544e-05, 3.61856691597e-05, 3.71909045498e-05, 3.58198885806e-05, 2.99255916616e-05, 3.109899626e-05, 1.61246025527e-05, 1.62727119459e-05, 1.43638117152e-05, 1.20407030408e-05, 1.18557009046e-05, 1.0481911886e-05, 8.1909556684e-06, 8.36540948512e-06, 7.33026627131e-06, 4.61672789243e-06, 4.16919374402e-06, 2.62031267084e-06],
        "dvar": [1.24084795061e-06, 2.22418930207e-06, 1.31935428271e-06, 2.90957632387e-06, 1.17044187675e-07, 5.7924339103e-08, 4.25997948028e-09, 5.74646152884e-09, 3.50475524158e-08, 2.15070681264e-08, 1.29656285708e-08, 4.17224121918e-09, 1.07231441504e-08, 4.94849050625e-09, 2.56284882205e-09, 1.02215480524e-08, 1.54147130615e-08, 3.61104635083e-09, 3.01148928017e-09, 3.19322213116e-09, 2.43195863447e-09, 6.61348420472e-10, 1.35772337817e-09, 9.76718927959e-10, 5.79590042626e-10, 8.93165152949e-10, 5.90782645027e-10, 3.93697990875e-10, 1.1315989118e-10, 1.21593665692e-10, 1.57573371018e-10, 1.32446886791e-10, 1.12938852714e-10, 2.06621927901e-10, 2.18435089461e-10, 2.86910661895e-10, 1.30557564759e-10, 7.35250124673e-11, 7.39962049967e-11, 2.48569827915e-11],
        "dvar2": [3.08718858832e-06, 6.00259136263e-06, 3.60049807568e-06, 7.75908392825e-06, 2.93980150445e-07, 1.41851984381e-07, 1.19415330957e-08, 1.48404906142e-08, 8.46134753374e-08, 5.20806828774e-08, 3.57308280741e-08, 8.77744277261e-09, 2.71645195227e-08, 1.37522633281e-08, 6.75593447852e-09, 2.81346039799e-08, 4.56950424166e-08, 9.50838874303e-09, 8.40132852176e-09, 8.79973693912e-09, 6.05672267895e-09, 1.71948411065e-09, 3.55899798521e-09, 2.53245269199e-09, 1.50557899481e-09, 2.4209294569e-09, 1.47008005769e-09, 1.14505427362e-09, 3.22130155883e-10, 3.20168752621e-10, 3.94078658594e-10, 2.75407141537e-10, 2.25453017366e-10, 4.50396553386e-10, 4.07415018389e-10, 5.84301884654e-10, 3.00315883273e-10, 1.36078273649e-10, 1.6272432013e-10, 5.27994384325e-11],
        "max": [0.0123699549586, 0.0155055522919, 0.00810934603214, 0.0112260421738, 0.00410501891747, 0.00282482639886, 0.000750896637328, 0.00114773318637, 0.00346088316292, 0.00171387509909, 0.00193894235417, 0.00188228266779, 0.00140822783578, 0.000950612477027, 0.000620427192189, 0.00128431408666, 0.00173600600101, 0.000821984780487, 0.00100098899566, 0.000553058518562, 0.000859178137034, 0.000379507488105, 0.000511299120262, 0.000504289579112, 0.000282872410025, 0.000351011258317, 0.000389239896322, 0.000231261408771, 0.000126107028336, 0.000144073230331, 0.00018436643586, 0.000207286371733, 0.000204573138035, 0.000339894817444, 0.000374734925572, 0.000342288200045, 0.000196000808501, 0.000183678290341, 0.000173421693034, 6.69778237352e-05],
        "mean": [0.00107972603291, 0.0029691294767, 0.00122975860722, 0.000929836241994, 0.000427019287599, 0.000311978219543, 0.000105316881672, 9.1280482593e-05, 0.00014457773068, 0.000141994474689, 0.000110763307021, 6.9810259447e-05, 9.77886447799e-05, 6.72192909406e-05, 6.22918159934e-05, 9.08680813154e-05, 0.000108136911876, 8.00121342763e-05, 6.42574232188e-05, 7.76028682594e-05, 6.36448894511e-05, 4.35443689639e-05, 4.86888748128e-05, 5.02423135913e-05, 4.42694035883e-05, 3.84755403502e-05, 3.67471766367e-05, 3.81823520001e-05, 2.15361706069e-05, 2.29919278354e-05, 2.03352610697e-05, 1.77739184437e-05, 1.85426433745e-05, 1.45061121657e-05, 1.07818568722e-05, 1.03323309304e-05, 9.3148482847e-06, 6.21718481852e-06, 5.05092657477e-06, 3.26336794387e-06],
        "median": [0.000833239406347, 0.00255432608537, 0.000852745957673, 0.000441564188804, 0.000296496844385, 0.000191216357052, 8.73546305229e-05, 6.36959084659e-05, 6.85558843543e-05, 6.01801366429e-05, 5.86439964536e-05, 3.72118374798e-05, 4.01255965699e-05, 3.95928509533e-05, 4.45989244326e-05, 4.82853793073e-05, 6.37547127553e-05, 5.51943521714e-05, 3.9308473788e-05, 4.96698376082e-05, 3.76516654796e-05, 3.12879383273e-05, 3.47091590811e-05, 3.62160863006e-05, 3.70307425328e-05, 2.76713144558e-05, 2.75373477052e-05, 3.14581811836e-05, 1.79651233339e-05, 1.80639126484e-05, 1.40232423291e-05, 1.27187804537e-05, 1.30948192236e-05, 9.22782692214e-06, 5.62088735023e-06, 4.13727548221e-06, 4.15319209424e-06, 2.47481716542e-06, 1.45015940234e-06, 9.52001073529e-07],
        "min": [9.62237118074e-06, 9.39921083045e-05, 9.79662363534e-05, 1.07397372631e-05, 1.4172950614e-05, 1.45353824337e-05, 3.14312660521e-06, 2.92029130833e-06, 1.99411533686e-06, 4.7397952585e-06, 3.38311201631e-06, 1.87727232515e-06, 1.65194012425e-06, 2.88041178464e-06, 3.22646224049e-06, 4.12002600569e-06, 4.58113208879e-06, 5.79470361117e-06, 4.55862937088e-06, 2.36736696024e-06, 3.49529545929e-06, 3.30049078912e-06, 3.03832302961e-06, 1.83216729965e-06, 3.51464586856e-06, 3.32431977768e-06, 3.34162382387e-06, 2.27515056395e-06, 1.66981214988e-06, 2.22507333092e-06, 7.28357122171e-07, 6.85828524638e-07, 3.99201780965e-07, 3.11913225914e-07, 1.54135747721e-07, 6.62456898226e-08, 4.42479155538e-08, 3.78904552178e-08, 4.35381366515e-08, 1.19559295797e-08],
