{
"highlevel": {
    "danceability": {
        "all": {
            "danceable": 0.0138761866838,
            "not_danceable": 0.986123800278
        },
        "probability": 0.986123800278,
        "value": "not_danceable"
    },
    "gender": {
        "all": {
            "female": 0.133134648204,
            "male": 0.866865336895
        },
        "probability": 0.866865336895,
        "value": "male"
    },
    "genre_dortmund": {
        "all": {
            "alternative": 0.22647164762,
            "blues": 0.0215802099556,
            "electronic": 0.0144864320755,
            "folkcountry": 0.0172937642783,
            "funksoulrnb": 0.00386502221227,
            "jazz": 0.0100441183895,
            "pop": 0.0233457926661,
            "raphiphop": 0.00161548552569,
            "rock": 0.681297540665
        },
        "probability": 0.681297540665,
        "value": "rock"
    },
    "genre_electronic": {
        "all": {
            "ambient": 0.389827311039,
            "dnb": 0.272071003914,
            "house": 0.0397561527789,
            "techno": 0.0101859979331,
            "trance": 0.288159549236
        },
        "probability": 0.389827311039,
        "value": "ambient"
    },
    "genre_rosamerica": {
        "all": {
            "cla": 0.000377654330805,
            "dan": 0.000999348587357,
            "hip": 0.00022549770074,
            "jaz": 0.000181734721991,
            "pop": 0.0018843379803,
            "rhy": 0.000613334705122,
            "roc": 0.995493888855,
            "spe": 0.00022421675385
        },
        "probability": 0.995493888855,
        "value": "roc"
    },
    "genre_tzanetakis": {
        "all": {
            "blu": 0.0626541376114,
            "cla": 0.0348133966327,
            "cou": 0.0783501937985,
            "dis": 0.104547761381,
            "hip": 0.15693578124,
            "jaz": 0.313987255096,
            "met": 0.044816005975,
            "pop": 0.0627349764109,
            "reg": 0.0627352520823,
            "roc": 0.0784252434969
        },
        "probability": 0.313987255096,
        "value": "jaz"
    },
    "ismir04_rhythm": {
        "all": {
            "ChaChaCha": 0.452572524548,
            "Jive": 0.195203691721,
            "Quickstep": 0.0963717699051,
            "Rumba-American": 0.0121121192351,
            "Rumba-International": 0.0142320105806,
            "Rumba-Misc": 0.00858286581933,
            "Samba": 0.0707136914134,
            "Tango": 0.0414550416172,
            "VienneseWaltz": 0.0969973653555,
            "Waltz": 0.0117589058354
        },
        "probability": 0.452572524548,
        "value": "ChaChaCha"
    },
    "mood_acoustic": {
        "all": {
            "acoustic": 0.00413531577215,
            "not_acoustic": 0.99586468935
        },
        "probability": 0.99586468935,
        "value": "not_acoustic"
    },
    "mood_aggressive": {
        "all": {
            "aggressive": 0.984420657158,
            "not_aggressive": 0.0155793214217
        },
        "probability": 0.984420657158,
        "value": "aggressive"
    },
    "mood_electronic": {
        "all": {
            "electronic": 0.574222385883,
            "not_electronic": 0.425777614117
        },
        "probability": 0.574222385883,
        "value": "electronic"
    },
    "mood_happy": {
        "all": {
            "happy": 0.448542118073,
            "not_happy": 0.551457881927
        },
        "probability": 0.551457881927,
        "value": "not_happy"
    },
    "mood_party": {
        "all": {
            "not_party": 0.460462391376,
            "party": 0.539537608624
        },
        "probability": 0.539537608624,
        "value": "party"
    },
    "mood_relaxed": {
        "all": {
            "not_relaxed": 0.906561076641,
            "relaxed": 0.0934389010072
        },
        "probability": 0.906561076641,
        "value": "not_relaxed"
    },
    "mood_sad": {
        "all": {
            "not_sad": 0.886359453201,
            "sad": 0.113640539348
        },
        "probability": 0.886359453201,
        "value": "not_sad"
    },
    "moods_mirex": {
        "all": {
            "Cluster1": 0.347387880087,
            "Cluster2": 0.0209035556763,
            "Cluster3": 0.0164899453521,
            "Cluster4": 0.0169070661068,
            "Cluster5": 0.598311543465
        },
        "probability": 0.598311543465,
        "value": "Cluster5"
    },
    "timbre": {
        "all": {
            "bright": 0.256287097931,
            "dark": 0.743712902069
        },
        "probability": 0.743712902069,
        "value": "dark"
    },
    "tonal_atonal": {
        "all": {
            "atonal": 0.050970479846,
            "tonal": 0.949029505253
        },
        "probability": 0.949029505253,
        "value": "tonal"
    },
    "voice_instrumental": {
        "all": {
            "instrumental": 0.000261592154857,
            "voice": 0.999738395214
        },
        "probability": 0.999738395214,
        "value": "voice"
    }
},
"lowlevel": {
    "average_loudness": 0.960755169392,
    "barkbands_crest": {
        "dmean": 2.06959843636,
        "dmean2": 3.51485753059,
        "dvar": 3.60378932953,
        "dvar2": 9.76192474365,
        "max": 20.5343093872,
        "mean": 8.32915973663,
        "median": 7.75048589706,
        "min": 2.86739420891,
        "var": 9.09029197693
    },
    "barkbands_flatness_db": {
        "dmean": 0.0153965437785,
        "dmean2": 0.0258198566735,
        "dvar": 0.000153804838192,
        "dvar2": 0.000407188141253,
        "max": 0.27468252182,
        "mean": 0.127992302179,
        "median": 0.110191628337,
        "min": 0.0542818084359,
        "var": 0.00247428193688
    },
    "barkbands_kurtosis": {
        "dmean": 1.23834073544,
        "dmean2": 2.02757811546,
        "dvar": 2.26019477844,
        "dvar2": 5.82727622986,
        "max": 13.4769420624,
        "mean": 0.946590483189,
        "median": 0.193101167679,
        "min": -1.63204228878,
        "var": 5.2677025795
    },
    "barkbands_skewness": {
        "dmean": 0.401558786631,
        "dmean2": 0.644558131695,
        "dvar": 0.138271361589,
        "dvar2": 0.349297970533,
        "max": 3.58899641037,
        "mean": 1.18682384491,
        "median": 1.07771515846,
        "min": -0.671445310116,
        "var": 0.429085642099
    },
    "barkbands_spread": {
        "dmean": 5.45309209824,
        "dmean2": 8.28374004364,
        "dvar": 30.863451004,
        "dvar2": 68.1170730591,
        "max": 77.0017929077,
        "mean": 29.8870239258,
        "median": 28.1567592621,
        "min": 6.27719926834,
        "var": 152.09552002
    },
    "dissonance": {
        "dmean": 0.0126458620653,
        "dmean2": 0.02160147205,
        "dvar": 0.000147867191117,
        "dvar2": 0.000396731658839,
        "max": 0.499836981297,
        "mean": 0.47859454155,
        "median": 0.482197493315,
        "min": 0.380468457937,
        "var": 0.000242414447712
    },
    "dynamic_complexity": 2.15292906761,
    "erbbands_crest": {
        "dmean": 2.30265688896,
        "dmean2": 3.80245375633,
        "dvar": 5.04802894592,
        "dvar2": 12.8517532349,
        "max": 25.3880386353,
        "mean": 7.15706396103,
        "median": 6.25028371811,
        "min": 2.49636340141,
        "var": 11.9477119446
    },
    "erbbands_flatness_db": {
        "dmean": 0.0112107880414,
        "dmean2": 0.0163260288537,
        "dvar": 0.000116098293802,
        "dvar2": 0.000230892561376,
        "max": 0.308563023806,
        "mean": 0.14825181663,
        "median": 0.129163831472,
        "min": 0.0615186914802,
        "var": 0.00268245115876
    },
    "erbbands_kurtosis": {
        "dmean": 0.518961787224,
        "dmean2": 0.820097267628,
        "dvar": 0.374651372433,
        "dvar2": 0.853267490864,
        "max": 11.3768692017,
        "mean": -0.276995360851,
        "median": -0.512629508972,
        "min": -1.53550446033,
        "var": 1.02432596684
    },
    "erbbands_skewness": {
        "dmean": 0.255881398916,
        "dmean2": 0.403090685606,
        "dvar": 0.0477355755866,
        "dvar2": 0.117781639099,
        "max": 2.10621953011,
        "mean": -0.143183171749,
        "median": -0.2059250772,
        "min": -1.45467960835,
        "var": 0.219944149256
    },
    "erbbands_spread": {
        "dmean": 7.39790678024,
        "dmean2": 11.2545576096,
        "dvar": 48.4219017029,
        "dvar2": 99.8330078125,
        "max": 116.072631836,
        "mean": 42.9048538208,
        "median": 42.1042823792,
        "min": 6.22724962234,
        "var": 204.279586792
    },
    "hfc": {
        "dmean": 5.70874500275,
        "dmean2": 8.3555727005,
        "dvar": 49.0666847229,
        "dvar2": 96.9056549072,
        "max": 111.779457092,
        "mean": 28.3611240387,
        "median": 27.7233638763,
        "min": 1.73906183243,
        "var": 303.168731689
    },
    "melbands_crest": {
        "dmean": 2.79826593399,
        "dmean2": 4.74000501633,
        "dvar": 6.45224285126,
        "dvar2": 17.2842731476,
        "max": 23.4000492096,
        "mean": 12.3769798279,
        "median": 11.9560871124,
        "min": 4.22862386703,
        "var": 12.1829442978
    },
    "melbands_flatness_db": {
        "dmean": 0.0203181914985,
        "dmean2": 0.0326312445104,
        "dvar": 0.000331220042426,
        "dvar2": 0.000850761542097,
        "max": 0.348247349262,
        "mean": 0.169429078698,
        "median": 0.152306005359,
        "min": 0.0542624406517,
        "var": 0.00372876506299
    },
    "melbands_kurtosis": {
        "dmean": 4.0121011734,
        "dmean2": 6.55624198914,
        "dvar": 26.0652446747,
        "dvar2": 66.0195465088,
        "max": 59.3198699951,
        "mean": 7.98998880386,
        "median": 6.08467483521,
        "min": -1.38433897495,
        "var": 50.5371322632
    },
    "melbands_skewness": {
        "dmean": 0.584106624126,
        "dmean2": 0.929952263832,
        "dvar": 0.334767580032,
        "dvar2": 0.824923574924,
        "max": 7.01692676544,
        "mean": 2.46361207962,
        "median": 2.3862862587,
        "min": -0.636283814907,
        "var": 0.955077528954
    },
    "melbands_spread": {
        "dmean": 7.36778926849,
        "dmean2": 11.7741966248,
        "dvar": 51.0645065308,
        "dvar2": 128.546264648,
        "max": 77.6160049438,
        "mean": 28.8828239441,
        "median": 27.4793663025,
        "min": 6.26137971878,
        "var": 168.362243652
    },
    "pitch_salience": {
        "dmean": 0.0609130337834,
        "dmean2": 0.102976851165,
        "dvar": 0.00274557829835,
        "dvar2": 0.00755649944767,
        "max": 0.788876771927,
        "mean": 0.588118553162,
        "median": 0.592740595341,
        "min": 0.283705145121,
        "var": 0.00617641117424
    },
    "silence_rate_20dB": {
        "dmean": 0,
        "dmean2": 0,
        "dvar": 0,
        "dvar2": 0,
        "max": 1,
        "mean": 1,
        "median": 1,
        "min": 1,
        "var": 0
    },
    "silence_rate_30dB": {
        "dmean": 0,
        "dmean2": 0,
        "dvar": 0,
        "dvar2": 0,
        "max": 1,
        "mean": 1,
        "median": 1,
        "min": 1,
        "var": 0
    },
    "silence_rate_60dB": {
        "dmean": 0.00386996893212,
        "dmean2": 0.00697134016082,
        "dvar": 0.00385499373078,
        "dvar2": 0.0100211147219,
        "max": 1,
        "mean": 0.00464037107304,
        "median": 0,
        "min": 0,
        "var": 0.00461883563548
    },
    "spectral_centroid": {
        "dmean": 235.647613525,
        "dmean2": 365.522064209,
        "dvar": 47492.7617188,
        "dvar2": 119504.445312,
        "max": 2846.8059082,
        "mean": 1548.90771484,
        "median": 1513.62976074,
        "min": 511.30380249,
        "var": 261552.828125
    },
    "spectral_complexity": {
        "dmean": 4.28947353363,
        "dmean2": 6.6537566185,
        "dvar": 15.5492963791,
        "dvar2": 31.5540370941,
        "max": 57,
        "mean": 30.1005420685,
        "median": 32,
        "min": 4,
        "var": 125.117523193
    },
    "spectral_decrease": {
        "dmean": 2.62581001387e-09,
        "dmean2": 4.31930535782e-09,
        "dvar": 1.43937979632e-17,
        "dvar2": 3.68630690791e-17,
        "max": -5.32240029827e-10,
        "mean": -7.97929899932e-09,
        "median": -7.31650295904e-09,
        "min": -3.46115633931e-08,
        "var": 2.26523228768e-17
    },
    "spectral_energy": {
        "dmean": 0.0102221285924,
        "dmean2": 0.016725840047,
        "dvar": 0.000214778556256,
        "dvar2": 0.000547558767721,
        "max": 0.13460251689,
        "mean": 0.0326881483197,
        "median": 0.0302954055369,
        "min": 0.00221544597298,
        "var": 0.000362074701115
    },
    "spectral_energyband_high": {
        "dmean": 0.000459788105218,
        "dmean2": 0.000635374046396,
        "dvar": 4.61239977767e-07,
        "dvar2": 8.14865131815e-07,
        "max": 0.0114483358338,
        "mean": 0.00158946716692,
        "median": 0.00135653803591,
        "min": 3.4473875985e-06,
        "var": 2.2467997951e-06
    },
    "spectral_energyband_low": {
        "dmean": 0.00573642924428,
        "dmean2": 0.00999898836017,
        "dvar": 0.000119722812087,
        "dvar2": 0.000332844210789,
        "max": 0.105724327266,
        "mean": 0.0112426560372,
        "median": 0.0101044457406,
        "min": 4.42918862973e-05,
        "var": 0.000111664186988
    },
    "spectral_energyband_middle_high": {
        "dmean": 0.00187584687956,
        "dmean2": 0.00272023235448,
        "dvar": 4.60508454125e-06,
        "dvar2": 1.03782549559e-05,
        "max": 0.0280087161809,
        "mean": 0.00705943675712,
        "median": 0.00614000484347,
        "min": 0.000651278416626,
        "var": 2.4804558052e-05
    },
    "spectral_energyband_middle_low": {
        "dmean": 0.00649639125913,
        "dmean2": 0.0103648696095,
        "dvar": 9.77078234428e-05,
        "dvar2": 0.00024548053625,
        "max": 0.0815776363015,
        "mean": 0.0143355773762,
        "median": 0.0115155568346,
        "min": 0.000673097616527,
        "var": 0.000132733926876
    },
    "spectral_entropy": {
        "dmean": 0.0911158546805,
        "dmean2": 0.135508134961,
        "dvar": 0.00764011358842,
        "dvar2": 0.0152080897242,
        "max": 8.49975299835,
        "mean": 7.81521463394,
        "median": 7.9008398056,
        "min": 6.86966371536,
        "var": 0.0940079987049
    },
    "spectral_flux": {
        "dmean": 0.0236776862293,
        "dmean2": 0.035704229027,
        "dvar": 0.000771089922637,
        "dvar2": 0.00162803882267,
        "max": 0.264243513346,
        "mean": 0.0966155305505,
        "median": 0.0914484411478,
        "min": 0.0189945306629,
        "var": 0.00225097313523
    },
    "spectral_kurtosis": {
        "dmean": 1.44673061371,
        "dmean2": 2.52137923241,
        "dvar": 4.07344532013,
        "dvar2": 13.1563653946,
        "max": 19.468919754,
        "mean": 3.30041193962,
        "median": 2.58977985382,
        "min": -0.401374816895,
        "var": 6.26145172119
    },
    "spectral_rms": {
        "dmean": 0.000788985460531,
        "dmean2": 0.00126507331152,
        "dvar": 9.4252220606e-07,
        "dvar2": 2.28279941439e-06,
        "max": 0.0114594735205,
        "mean": 0.00539974076673,
        "median": 0.0054365885444,
        "min": 0.00147017370909,
        "var": 2.73365299108e-06
    },
    "spectral_rolloff": {
        "dmean": 523.998046875,
        "dmean2": 836.975708008,
        "dvar": 425826.28125,
        "dvar2": 962920.3125,
        "max": 7708.88671875,
        "mean": 1796.89868164,
        "median": 1679.58984375,
        "min": 172.265625,
        "var": 1224705.625
    },
    "spectral_skewness": {
        "dmean": 0.184317529202,
        "dmean2": 0.304900854826,
        "dvar": 0.0367821268737,
        "dvar2": 0.106351077557,
        "max": 3.41010713577,
        "mean": 1.22172009945,
        "median": 1.16697335243,
        "min": 0.253700733185,
        "var": 0.087327606976
    },
    "spectral_spread": {
        "dmean": 369735,
        "dmean2": 507525.15625,
        "dvar": 225556185088,
        "dvar2": 310232973312,
        "max": 10906144,
        "mean": 4293930,
        "median": 4443462,
        "min": 1760841.625,
        "var": 1.58722411725e+12
    },
    "spectral_strongpeak": {
        "dmean": 0.437450110912,
        "dmean2": 0.767904877663,
        "dvar": 0.629797279835,
        "dvar2": 1.64865994453,
        "max": 8.51915550232,
        "mean": 0.678083896637,
        "median": 0.380829185247,
        "min": 0.0481156483293,
        "var": 0.745479881763
    },
    "zerocrossingrate": {
        "dmean": 0.00891264434904,
        "dmean2": 0.0105387056246,
        "dvar": 7.66525045037e-05,
        "dvar2": 0.000101199824712,
        "max": 0.16552734375,
        "mean": 0.0686082392931,
        "median": 0.06591796875,
        "min": 0.01220703125,
        "var": 0.000761553354096
    },
    "barkbands": {
        "dmean": [0.000141432901728, 0.0033489880152, 0.00225453730673, 0.00320779206231, 0.00252873776481, 0.00112594245002, 0.000791340717115, 0.000728151237126, 0.00108676054515, 0.000396550982259, 0.00063493126072, 0.000385202438338, 0.000427672086516, 0.000536843785085, 0.000522385642398, 0.000450669787824, 0.000264275062364, 0.000140468328027, 0.000223649825784, 0.000152380947839, 0.000165893055964, 0.000159560644533, 0.000126553699374, 8.52811499499e-05, 3.82516991522e-05, 1.38692093969e-05, 1.4974851581e-08],
        "dmean2": [0.000248396710958, 0.00590125005692, 0.00396011397243, 0.00528520299122, 0.00410163309425, 0.00181246001739, 0.00134608137887, 0.00119343260303, 0.00169489218388, 0.000633970543277, 0.000950305722654, 0.000623509346042, 0.00071214028867, 0.00088368478464, 0.000839620770421, 0.000719577015843, 0.000429205334513, 0.000224188464927, 0.000362168822903, 0.000251995777944, 0.000268910953309, 0.000242907233769, 0.000188520760275, 0.000122422847198, 5.40422624908e-05, 2.00447429961e-05, 2.8056275525e-08],
        "dvar": [9.46367464394e-08, 4.2269777623e-05, 2.45658320637e-05, 2.88373048534e-05, 1.35707423397e-05, 2.60642400463e-06, 1.91318258658e-06, 1.84296766292e-06, 3.99077089241e-06, 4.57353166894e-07, 2.26515840041e-06, 7.66898381244e-07, 7.91018351265e-07, 6.63956654989e-07, 6.09815685948e-07, 6.11992220456e-07, 1.36906166404e-07, 2.70064877128e-08, 6.45897486606e-08, 3.4873028909e-08, 4.41779235416e-08, 6.37229717881e-08, 7.21083495137e-08, 3.41426016348e-08, 9.82356507251e-09, 8.18784207102e-10, 4.3054608476e-15],
        "dvar2": [2.7590746754e-07, 0.000117938870972, 6.97576033417e-05, 7.23458288121e-05, 3.65737760148e-05, 6.28000907454e-06, 5.35153776582e-06, 4.12047575082e-06, 8.53947040014e-06, 1.02530873392e-06, 4.83754547531e-06, 1.84505711331e-06, 1.9206329398e-06, 1.69896452462e-06, 1.39853000292e-06, 1.44201942476e-06, 3.34339972596e-07, 6.87584602588e-08, 1.65087087112e-07, 9.34196009439e-08, 1.09555713834e-07, 1.46145268332e-07, 1.38258315019e-07, 6.82511895889e-08, 1.85301765043e-08, 1.6780462575e-09, 1.20609275469e-14],
        "max": [0.00263149826787, 0.07950835675, 0.0482267551124, 0.0430259145796, 0.0317495949566, 0.0167785286903, 0.0167855303735, 0.0168278757483, 0.0276565123349, 0.0103584285825, 0.0234800092876, 0.0134331891313, 0.0111665306613, 0.0122373793274, 0.0153541043401, 0.0166968833655, 0.00741796661168, 0.00216806144454, 0.00284739304334, 0.00224037584849, 0.00260512181558, 0.00493269041181, 0.00598290096968, 0.00359974591993, 0.00214214599691, 0.000517355103511, 1.23189909118e-06],
        "mean": [0.000145979065564, 0.00570959225297, 0.00393026741222, 0.00372426607646, 0.00473661208525, 0.00187066779472, 0.0011764196679, 0.00103975657839, 0.00159195472952, 0.000582735054195, 0.00101901881862, 0.000577992759645, 0.000633996154647, 0.000939178920817, 0.000984788057394, 0.000833153433632, 0.000562754459679, 0.000328940950567, 0.000540600449312, 0.000372469599824, 0.000416839524405, 0.000378841185011, 0.000281052314676, 0.000194520733203, 8.65397669259e-05, 2.91876949632e-05, 9.38573219145e-09],
        "median": [2.71456119663e-05, 0.00508115720004, 0.00308346771635, 0.00146925018635, 0.00321401632391, 0.00121132598724, 0.000722793512978, 0.000499661429785, 0.000631547009107, 0.00032775325235, 0.000355740136001, 0.000316562975058, 0.000369770510588, 0.000657558615785, 0.000708700274117, 0.000516528321896, 0.00040762743447, 0.000284825480776, 0.000489742378704, 0.000305819616187, 0.000338577490766, 0.000258044165093, 0.000164646975463, 0.000118680065498, 5.84278895985e-05, 1.68248279806e-05, 5.96948879217e-10],
        "min": [7.25270066226e-09, 4.13188263337e-06, 7.28615623302e-06, 2.99236808132e-06, 0.00013153188047, 2.35464085563e-05, 1.79151193151e-05, 1.03710935946e-05, 1.58219390869e-05, 6.11823998042e-06, 7.27317910787e-06, 1.45358335431e-05, 1.51102112795e-05, 2.71003846137e-05, 4.18073068431e-05, 1.68818351085e-05, 1.25637425299e-05, 1.3884261989e-06, 1.19267460832e-05, 2.19280855163e-06, 2.23675078814e-06, 3.80245630538e-08, 1.1093597152e-08, 1.63351865368e-09, 5.37918078136e-11, 6.80866994729e-12, 8.88710199182e-12],
        "var": [9.195732531e-08, 4.04855854867e-05, 2.19714984269e-05, 3.13576165354e-05, 2.0675612177e-05, 4.44494662588e-06, 2.46415697802e-06, 3.27586121784e-06, 7.72913881519e-06, 7.2211605584e-07, 5.35135404789e-06, 1.09724862796e-06, 1.01261707641e-06, 9.32594048209e-07, 1.13355633857e-06, 1.23525694562e-06, 4.17993902602e-07, 7.77851667522e-08, 1.8318939965e-07, 1.04107847676e-07, 1.37315993243e-07, 1.82381938885e-07, 1.89386980765e-07, 7.37114476124e-08, 1.92197955329e-08, 2.11403183847e-09, 2.67077111566e-15]
    },
    "erbbands": {
        "dmean": [0.0896755307913, 0.804300487041, 2.16478443146, 6.45380067825, 12.0539560318, 8.27323532104, 7.34929895401, 10.4758281708, 10.7947664261, 12.3501968384, 17.9509220123, 25.6330356598, 17.8387184143, 14.4782028198, 23.8862857819, 13.2414255142, 17.819776535, 22.4770870209, 30.2352848053, 18.9161148071, 25.0506858826, 13.984752655, 7.9828004837, 11.0365791321, 9.69463634491, 6.64134073257, 6.76678657532, 7.06059980392, 6.50886917114, 4.29388141632, 3.77588582039, 2.14782953262, 1.30611240864, 0.564789414406, 0.236361980438, 0.0872108489275, 0.0213166531175, 0.00187395827379, 3.69565423171e-05, 1.22199007819e-05],
        "dmean2": [0.156069859862, 1.43057703972, 3.82733869553, 10.9384994507, 19.4146327972, 13.5457220078, 11.9009809494, 16.8610153198, 18.5150051117, 20.425453186, 28.8921051025, 39.9337692261, 27.9071388245, 22.4435024261, 35.2391090393, 21.4522438049, 29.4811153412, 36.6758422852, 48.1584663391, 29.560590744, 40.9878120422, 22.8092956543, 12.7734909058, 18.3440170288, 15.9767303467, 10.8233222961, 10.9662380219, 11.4792413712, 10.0810651779, 6.38383197784, 5.60527563095, 3.06153607368, 1.92050170898, 0.810589253902, 0.33897793293, 0.122141301632, 0.0319443009794, 0.0029928018339, 5.62565583095e-05, 1.94331914827e-05],
        "dvar": [0.0348238646984, 2.3389313221, 20.98777771, 115.348648071, 507.267608643, 121.392707825, 130.014144897, 235.460983276, 405.333190918, 397.524963379, 1223.61804199, 2897.90869141, 1197.78710938, 810.420043945, 3905.14672852, 635.402832031, 1530.73803711, 1457.1159668, 1696.51855469, 1097.69189453, 1497.76611328, 343.973693848, 92.3947906494, 164.983673096, 138.241226196, 74.0831222534, 79.6152648926, 86.7682647705, 99.4927749634, 56.7261695862, 86.2594146729, 26.2183742523, 7.57230329514, 2.40020799637, 0.319057941437, 0.036622852087, 0.001558318967, 1.05428816823e-05, 3.71916808461e-09, 2.91050072931e-10],
        "dvar2": [0.0961528420448, 6.60742282867, 60.2362976074, 306.446350098, 1280.4810791, 306.401824951, 305.636383057, 590.363098145, 1103.95397949, 913.25012207, 2680.26953125, 6709.86425781, 2586.50976562, 1764.04553223, 9049.29785156, 1480.70678711, 3613.04492188, 3798.8190918, 3768.24755859, 2658.44067383, 3613.34594727, 886.283203125, 236.083770752, 424.748443604, 364.263641357, 194.180938721, 212.098464966, 218.518997192, 236.465789795, 128.103744507, 174.348617554, 54.1405029297, 14.3570652008, 4.59737443924, 0.635991871357, 0.0676999613643, 0.00339267379604, 2.49687709584e-05, 8.15609091376e-09, 7.17187587096e-10],
        "max": [2.20868396759, 17.8917713165, 46.0900192261, 91.9498748779, 185.213256836, 146.013870239, 139.874755859, 187.3984375, 257.951568604, 360.146728516, 457.211853027, 853.487854004, 468.444122314, 558.44708252, 910.205078125, 337.774291992, 567.520507812, 652.519287109, 549.30065918, 560.450561523, 687.008178711, 281.432861328, 158.082962036, 174.463623047, 118.856910706, 114.120071411, 101.283531189, 100.350997925, 151.1927948, 143.34312439, 235.60168457, 94.5631866455, 61.8701629639, 34.7199935913, 9.78807926178, 3.7763838768, 0.499238967896, 0.0446267426014, 0.00092025147751, 0.000161544216098],
        "mean": [0.146882414818, 1.37089455128, 3.85027623177, 8.93703746796, 15.2141265869, 17.6260185242, 12.6729516983, 16.6893901825, 15.6783761978, 19.6712398529, 27.1334342957, 34.5639915466, 26.9177684784, 26.9046039581, 38.7152252197, 23.1561164856, 29.7772140503, 39.9095230103, 60.2345199585, 39.3501396179, 48.3170890808, 32.059425354, 19.6885929108, 25.8744735718, 23.5374317169, 16.9780769348, 16.8209133148, 16.90691185, 14.9392738342, 10.0602445602, 7.89969444275, 4.51094675064, 2.96347594261, 1.26404690742, 0.494012266397, 0.181249141693, 0.0434829778969, 0.00339555810206, 9.23866464291e-05, 4.5300275815e-05],
        "median": [0.0787820070982, 1.25619387627, 3.25997567177, 6.05289888382, 6.44376945496, 11.8128986359, 7.80583953857, 10.4574775696, 8.91179561615, 12.6237888336, 12.4280605316, 13.9335212708, 12.1997175217, 15.6735239029, 12.75299263, 14.2181682587, 18.0310630798, 27.3625469208, 44.6363868713, 27.7034893036, 30.659822464, 24.9200267792, 17.1988391876, 23.2957935333, 21.1803665161, 14.1492128372, 14.4144649506, 13.5206661224, 10.0261306763, 6.73510456085, 4.63869524002, 2.55739068985, 1.81931495667, 0.839411139488, 0.325118839741, 0.110155716538, 0.0263563599437, 0.0016168160364, 6.49832654744e-05, 4.19063071604e-05],
        "min": [7.92020873632e-05, 0.00176458025817, 0.0104262940586, 0.0356312282383, 0.114043317735, 0.274617344141, 0.254495888948, 0.353643149137, 0.204999983311, 0.408883094788, 0.547717213631, 0.354855716228, 0.460767894983, 0.66932284832, 0.636917769909, 0.814754962921, 1.00346112251, 1.52318227291, 2.52843809128, 1.27540779114, 1.37825620174, 0.783844470978, 0.405609190464, 0.437546610832, 0.445525288582, 0.114739730954, 0.114767864347, 0.047426123172, 0.00294976867735, 0.00150058744475, 0.000188570949831, 8.98361467989e-05, 1.63162712852e-05, 7.15796659279e-06, 3.45447870131e-06, 2.12580448533e-06, 1.19902915685e-06, 3.3374513464e-07, 1.2546660173e-06, 2.68234089162e-06],
        "var": [0.0379936695099, 2.13524651527, 17.0296192169, 109.872146606, 557.998596191, 357.480621338, 203.390319824, 368.804229736, 458.716369629, 608.992553711, 2345.0144043, 4227.38134766, 2326.01855469, 1719.890625, 8226.27734375, 992.843505859, 2084.47412109, 1855.68444824, 3299.48071289, 2049.45776367, 3506.50585938, 1106.14147949, 280.258575439, 432.137908936, 356.914672852, 215.741424561, 218.990219116, 249.21395874, 277.569702148, 158.581192017, 185.579284668, 51.5675697327, 17.3512554169, 4.52053165436, 0.592879116535, 0.0942345932126, 0.00386402313598, 2.76966984529e-05, 1.15614007257e-08, 6.72505939825e-10]
    },
    "gfcc": {
        "mean": [32.5423355103, 102.350372314, -133.646636963, 47.6364974976, -55.366027832, 15.2298135757, -37.555809021, 0.835296630859, -21.1533164978, 2.30354690552, -19.0723648071, -5.15939092636, -8.66975212097],
        "cov": [[5163.99121094, -2882.8828125, 1525.62866211, 418.726257324, -848.811340332, 1168.9296875, -645.443908691, 1118.57214355, -340.500915527, 395.778625488, -402.026824951, 355.827270508, -483.561035156], [-2882.8828125, 2103.62255859, -924.286376953, -218.189620972, 653.028198242, -718.124633789, 498.709991455, -686.551208496, 264.325164795, -249.867630005, 271.631072998, -231.016448975, 331.407348633], [1525.62866211, -924.286376953, 743.735595703, 155.64414978, -236.540390015, 428.307525635, -208.785751343, 395.851257324, -114.328285217, 157.31237793, -128.212738037, 138.216842651, -167.038864136], [418.726257324, -218.189620972, 155.64414978, 249.91708374, -45.2903785706, 126.644226074, -71.2144699097, 79.2303619385, 17.7630004883, 9.73661518097, 16.2567272186, 0.137040838599, -6.90198469162], [-848.811340332, 653.028198242, -236.540390015, -45.2903785706, 324.711303711, -187.000595093, 172.790084839, -177.492431641, 90.6736602783, -45.7695541382, 82.2249908447, -49.1337280273, 107.551361084], [1168.9296875, -718.124633789, 428.307525635, 126.644226074, -187.000595093, 395.078430176, -118.584594727, 285.771057129, -81.0996246338, 90.8426971436, -74.750579834, 95.3292312622, -112.459205627], [-645.443908691, 498.709991455, -208.785751343, -71.2144699097, 172.790084839, -118.584594727, 197.595214844, -126.229408264, 68.7049179077, -51.9724006653, 60.2270812988, -38.2639503479, 75.4281234741], [1118.57214355, -686.551208496, 395.851257324, 79.2303619385, -177.492431641, 285.771057129, -126.229408264, 341.974761963, -52.4756317139, 115.585403442, -99.4607467651, 92.9782485962, -108.888206482], [-340.500915527, 264.325164795, -114.328285217, 17.7630004883, 90.6736602783, -81.0996246338, 68.7049179077, -52.4756317139, 101.590583801, -11.6658687592, 44.6202774048, -34.2171554565, 53.4070358276], [395.778625488, -249.867630005, 157.31237793, 9.73661518097, -45.7695541382, 90.8426971436, -51.9724006653, 115.585403442, -11.6658687592, 90.9586257935, -27.247844696, 45.702922821, -44.9274368286], [-402.026824951, 271.631072998, -128.212738037, 16.2567272186, 82.2249908447, -74.750579834, 60.2270812988, -99.4607467651, 44.6202774048, -27.247844696, 90.1737289429, -18.1423912048, 57.6080131531], [355.827270508, -231.016448975, 138.216842651, 0.137040838599, -49.1337280273, 95.3292312622, -38.2639503479, 92.9782485962, -34.2171554565, 45.702922821, -18.1423912048, 82.4031448364, -23.4916973114], [-483.561035156, 331.407348633, -167.038864136, -6.90198469162, 107.551361084, -112.459205627, 75.4281234741, -108.888206482, 53.4070358276, -44.9274368286, 57.6080131531, -23.4916973114, 107.237350464]],
        "icov": [[0.00163154047914, -0.00111302861478, 0.000909014837816, -0.00195753690787, 0.00128422805574, -0.00226643146016, 0.00156407477334, -0.00214217742905, 0.00150383310392, -0.00201853900217, 0.00311892316677, -0.00233623478562, 0.00136473344173], [-0.00111302861478, 0.0131561066955, -0.00546144833788, 0.00599591247737, -0.00790545344353, 0.00941302627325, -0.0110133532435, 0.00685747526586, -0.00714137312025, 0.00920502562076, -0.0117276636884, 0.0102103380486, -0.00533840339631], [0.000909014837816, -0.00546144833788, 0.0084356656298, -0.00491233495995, 0.00241989968345, -0.00682861357927, 0.00573194166645, -0.00489298300818, 0.00478727323934, -0.00688799005002, 0.00769186718389, -0.00714010000229, 0.00424652174115], [-0.00195753690787, 0.00599591247737, -0.00491233495995, 0.0131439147517, -0.00516806915402, 0.00227718031965, -0.000415373709984, 0.00354355224408, -0.00846221111715, 0.00975281186402, -0.0127735957503, 0.0103338770568, -0.00527496123686], [0.00128422805574, -0.00790545344353, 0.00241989968345, -0.00516806915402, 0.0130049772561, -0.00440761167556, 0.00131187564693, -0.00265365536325, 0.00390035333112, -0.00928379502147, 0.00803837459534, -0.00653720414266, 0.00079397414811], [-0.00226643146016, 0.00941302627325, -0.00682861357927, 0.00227718031965, -0.00440761167556, 0.0192053131759, -0.0123664019629, 0.00148685020395, -0.00192500674166, 0.00856244750321, -0.0123479356989, 0.00639441329986, -0.00245104613714], [0.00156407477334, -0.0110133532435, 0.00573194166645, -0.000415373709984, 0.00131187564693, -0.0123664019629, 0.0244750715792, -0.00700884265825, 0.000585066329222, -0.00237131048925, 0.00742628332227, -0.00847897585481, 0.00424237223342], [-0.00214217742905, 0.00685747526586, -0.00489298300818, 0.00354355224408, -0.00265365536325, 0.00148685020395, -0.00700884265825, 0.0203730259091, -0.0100241480395, -0.000461672258098, 0.000416231254349, 0.00237247813493, -0.00331337982789], [0.00150383310392, -0.00714137312025, 0.00478727323934, -0.00846221111715, 0.00390035333112, -0.00192500674166, 0.000585066329222, -0.0100241480395, 0.027993997559, -0.0133355986327, 0.00350358360447, 0.000830241944641, -0.00198627775535], [-0.00201853900217, 0.00920502562076, -0.00688799005002, 0.00975281186402, -0.00928379502147, 0.00856244750321, -0.00237131048925, -0.000461672258098, -0.0133355986327, 0.0357125476003, -0.0151396486908, 0.00193007825874, 0.00199790042825], [0.00311892316677, -0.0117276636884, 0.00769186718389, -0.0127735957503, 0.00803837459534, -0.0123479356989, 0.00742628332227, 0.000416231254349, 0.00350358360447, -0.0151396486908, 0.0403174981475, -0.0178739037365, 0.00199273065664], [-0.00233623478562, 0.0102103380486, -0.00714010000229, 0.0103338770568, -0.00653720414266, 0.00639441329986, -0.00847897585481, 0.00237247813493, 0.000830241944641, 0.00193007825874, -0.0178739037365, 0.0365578308702, -0.0129050258547], [0.00136473344173, -0.00533840339631, 0.00424652174115, -0.00527496123686, 0.00079397414811, -0.00245104613714, 0.00424237223342, -0.00331337982789, -0.00198627775535, 0.00199790042825, 0.00199273065664, -0.0129050258547, 0.0264656860381]]
    },
    "melbands": {
        "dmean": [0.000874231453054, 0.00108770956285, 0.00136495078914, 0.000649375258945, 0.000273999728961, 0.000226354750339, 0.000161319243489, 0.000129763589939, 0.00015352635819, 0.000163330580108, 8.85351546458e-05, 5.70652555325e-05, 8.78641585587e-05, 4.80574999528e-05, 3.61730562872e-05, 4.35206566181e-05, 4.4356987928e-05, 5.48454590898e-05, 3.85656385333e-05, 2.58291565842e-05, 3.20858780469e-05, 1.61341868079e-05, 1.24216230688e-05, 6.68726943331e-06, 1.02933581729e-05, 9.01368275663e-06, 5.95933170189e-06, 4.71861903861e-06, 4.97451765114e-06, 4.42536793344e-06, 4.40361009169e-06, 4.45510295322e-06, 2.65348671746e-06, 2.47073830906e-06, 2.4305277293e-06, 1.86657155155e-06, 1.26997349525e-06, 1.10374912765e-06, 6.69895428018e-07, 4.66276787847e-07],
        "dmean2": [0.00152820337098, 0.0019454335561, 0.00225773802958, 0.00106191542, 0.000436355127022, 0.000362742401194, 0.000273709389148, 0.000213107821764, 0.000247774878517, 0.000256431376329, 0.000140524076414, 8.97005666047e-05, 0.000130447442643, 7.64934666222e-05, 5.9941172367e-05, 7.1809408837e-05, 7.35301800887e-05, 8.75027326401e-05, 6.06335343036e-05, 4.11890905525e-05, 5.31639743713e-05, 2.67778432317e-05, 2.04724437936e-05, 1.09365046228e-05, 1.71685296664e-05, 1.4605197066e-05, 9.91582692222e-06, 7.82110419095e-06, 8.18548051029e-06, 7.15140231478e-06, 7.27127735445e-06, 6.98454005033e-06, 4.14492706113e-06, 3.82259622711e-06, 3.71108012587e-06, 2.7982885058e-06, 1.87492946679e-06, 1.69064730926e-06, 9.91090701064e-07, 6.86130590566e-07],
        "dvar": [3.03265665025e-06, 4.65049151899e-06, 5.05789193994e-06, 1.00859517715e-06, 1.40979338425e-07, 1.04837674542e-07, 8.41368006377e-08, 4.41534488971e-08, 8.4358902086e-08, 1.15151173929e-07, 3.12827665994e-08, 1.25355583691e-08, 4.70828567245e-08, 1.43551588394e-08, 5.30850785552e-09, 7.99696486808e-09, 6.23180484993e-09, 5.9098481664e-09, 4.82585216233e-09, 3.79521258864e-09, 2.52365817133e-09, 5.19245757502e-10, 2.60302501776e-10, 6.79724262986e-11, 1.50653975406e-10, 1.17744536343e-10, 5.41318309621e-11, 3.70224718937e-11, 4.43634712299e-11, 3.74741904174e-11, 3.66980855426e-11, 5.12202259773e-11, 1.90847511405e-11, 1.92377069136e-11, 3.41683938088e-11, 2.20374569287e-11, 9.16653471877e-12, 5.29874408239e-12, 2.7334070337e-12, 1.84095837533e-12],
        "dvar2": [8.39057975099e-06, 1.3348047105e-05, 1.2905069525e-05, 2.6383520435e-06, 3.39258264148e-07, 2.60972370825e-07, 2.32969327385e-07, 1.00178844775e-07, 1.82222620992e-07, 2.61975003468e-07, 6.81020750903e-08, 2.68711648488e-08, 9.73156915052e-08, 3.39468826382e-08, 1.20941026083e-08, 1.99721146288e-08, 1.63934341657e-08, 1.35488562591e-08, 1.14790301708e-08, 8.97168295211e-09, 6.32031982306e-09, 1.31843869156e-09, 6.57554843908e-10, 1.87840965005e-10, 3.97371913152e-10, 3.18377296749e-10, 1.49513873504e-10, 9.93152574069e-11, 1.20845722318e-10, 9.75877573195e-11, 9.46269243518e-11, 1.26429935965e-10, 4.00292021752e-11, 4.53021752056e-11, 7.25543930491e-11, 4.58757129507e-11, 2.02671438659e-11, 1.08380231872e-11, 6.00495694836e-12, 3.67578016636e-12],
        "max": [0.0214079264551, 0.0208364594728, 0.0169759262353, 0.00789642613381, 0.00421946449205, 0.00391047354788, 0.00390661833808, 0.00364797259681, 0.00352146243677, 0.0049603912048, 0.00237812031992, 0.00205307407305, 0.0038814835716, 0.00194944126997, 0.0012003564043, 0.00149096699897, 0.00148464541417, 0.00098151830025, 0.00162545312196, 0.00145839538891, 0.000840915774461, 0.000388432847103, 0.000180776929483, 0.000150648527779, 0.000171742620296, 0.000115286544315, 7.44393692003e-05, 6.83109319652e-05, 7.09192463546e-05, 9.88818501355e-05, 6.74077527947e-05, 0.000105678955151, 8.3653445472e-05, 7.67483870732e-05, 0.000149034705828, 8.69907671586e-05, 5.31091609446e-05, 5.30731776962e-05, 3.24228494719e-05, 3.07331501972e-05],
        "mean": [0.00150429678615, 0.00200931448489, 0.00185723265167, 0.00114064535592, 0.000539162254427, 0.000363216240657, 0.000245069968514, 0.000206585391425, 0.00022722085123, 0.000223332914175, 0.000129343636218, 9.93522990029e-05, 0.000144392965012, 7.12475448381e-05, 5.88555194554e-05, 6.6314911237e-05, 7.29161693016e-05, 9.89675754681e-05, 7.10765307304e-05, 4.59238617623e-05, 5.7140365243e-05, 3.30028051394e-05, 2.43546910497e-05, 1.42307007991e-05, 2.18108707486e-05, 1.98360539798e-05, 1.30393427753e-05, 1.08693138827e-05, 1.06864927147e-05, 1.02523563328e-05, 9.25483436731e-06, 9.24602500163e-06, 5.90171021031e-06, 5.30092893314e-06, 4.74746775581e-06, 3.58342140316e-06, 2.44434795604e-06, 2.34607387029e-06, 1.3889150523e-06, 9.45039516864e-07],
        "median": [0.00117089797277, 0.00180423317943, 0.00110741623212, 0.000733419088647, 0.000378153519705, 0.00023412767041, 0.00014677249419, 0.000132321511046, 9.84365979093e-05, 8.29763521324e-05, 5.52280544071e-05, 5.92478390899e-05, 4.6050423407e-05, 3.33174175466e-05, 3.80224046239e-05, 3.90194509237e-05, 5.02816183143e-05, 7.1818671131e-05, 4.76016684843e-05, 2.7056050385e-05, 3.5403194488e-05, 2.32693655562e-05, 1.91290309886e-05, 1.20841323223e-05, 1.9115737814e-05, 1.7011017917e-05, 1.1002557585e-05, 8.69799441716e-06, 8.61474018166e-06, 8.13713722891e-06, 6.75746741763e-06, 5.69756957702e-06, 4.12612598666e-06, 3.35912545779e-06, 2.65224161922e-06, 1.82907876933e-06, 1.39223425322e-06, 1.3729187458e-06, 8.83279710706e-07, 6.11512291471e-07],
        "min": [1.04148205082e-06, 6.13796419202e-06, 6.35084052192e-06, 9.71484223555e-06, 1.27113416966e-05, 5.58665897188e-06, 3.00988040181e-06, 3.25856467498e-06, 4.48407536169e-06, 1.70490670826e-06, 1.61297714385e-06, 2.04983098229e-06, 2.16527269004e-06, 1.51192318754e-06, 1.82834594398e-06, 1.94873814507e-06, 3.13484406433e-06, 2.04109210244e-06, 1.9522101411e-06, 1.05161745978e-06, 1.36742244194e-06, 4.93392462886e-07, 4.67873320531e-07, 8.42060998707e-08, 3.34169214966e-07, 5.41821123079e-07, 7.44930872543e-08, 6.35049772768e-08, 7.7704726209e-08, 6.1315148514e-08, 1.31168853557e-08, 5.57639157073e-10, 9.88906734278e-10, 5.58338209e-10, 4.79178884072e-11, 8.02371849518e-11, 3.12541624525e-11, 8.02336409117e-12, 3.91378596198e-12, 1.94376687055e-13],
