{
"highlevel": {
    "danceability": {
        "all": {
            "danceable": 0.800481975079,
            "not_danceable": 0.199518039823
        },
        "probability": 0.800481975079,
        "value": "danceable"
    },
    "gender": {
        "all": {
            "female": 0.00441774819046,
            "male": 0.995582222939
        },
        "probability": 0.995582222939,
        "value": "male"
    },
    "genre_dortmund": {
        "all": {
            "alternative": 0.0759585946798,
            "blues": 0.0383591428399,
            "electronic": 0.0378037318587,
            "folkcountry": 0.0824248045683,
            "funksoulrnb": 0.0324102863669,
            "jazz": 0.0943669229746,
            "pop": 0.0699366256595,
            "raphiphop": 0.360769033432,
            "rock": 0.20797085762
        },
        "probability": 0.360769033432,
        "value": "raphiphop"
    },
    "genre_electronic": {
        "all": {
            "ambient": 0.713627696037,
            "dnb": 0.165351092815,
            "house": 0.0718646943569,
            "techno": 0.0104466108605,
            "trance": 0.0387099124491
        },
        "probability": 0.713627696037,
        "value": "ambient"
    },
    "genre_rosamerica": {
        "all": {
            "cla": 0.0375282391906,
            "dan": 0.0544550716877,
            "hip": 0.0973388999701,
            "jaz": 0.0495279543102,
            "pop": 0.425953775644,
            "rhy": 0.218395769596,
            "roc": 0.0689671933651,
            "spe": 0.0478330850601
        },
        "probability": 0.425953775644,
        "value": "pop"
    },
    "genre_tzanetakis": {
        "all": {
            "blu": 0.0626541376114,
            "cla": 0.0348133966327,
            "cou": 0.0783501937985,
            "dis": 0.104547761381,
            "hip": 0.15693578124,
            "jaz": 0.313987255096,
            "met": 0.044816005975,
            "pop": 0.0627349764109,
            "reg": 0.0627352520823,
            "roc": 0.0784252434969
        },
        "probability": 0.313987255096,
        "value": "jaz"
    },
    "ismir04_rhythm": {
        "all": {
            "ChaChaCha": 0.0391876138747,
            "Jive": 0.464843273163,
            "Quickstep": 0.194667741656,
            "Rumba-American": 0.00980491843075,
            "Rumba-International": 0.0446979999542,
            "Rumba-Misc": 0.0270317289978,
            "Samba": 0.132680207491,
            "Tango": 0.012960231863,
            "VienneseWaltz": 0.0642902329564,
            "Waltz": 0.00983605068177
        },
        "probability": 0.464843273163,
        "value": "Jive"
    },
    "mood_acoustic": {
        "all": {
            "acoustic": 0.310189843178,
            "not_acoustic": 0.689810156822
        },
        "probability": 0.689810156822,
        "value": "not_acoustic"
    },
    "mood_aggressive": {
        "all": {
            "aggressive": 0.391116589308,
            "not_aggressive": 0.608883440495
        },
        "probability": 0.608883440495,
        "value": "not_aggressive"
    },
    "mood_electronic": {
        "all": {
            "electronic": 0.576506853104,
            "not_electronic": 0.423493146896
        },
        "probability": 0.576506853104,
        "value": "electronic"
    },
    "mood_happy": {
        "all": {
            "happy": 0.431297898293,
            "not_happy": 0.568702101707
        },
        "probability": 0.568702101707,
        "value": "not_happy"
    },
    "mood_party": {
        "all": {
            "not_party": 0.236148953438,
            "party": 0.763851046562
        },
        "probability": 0.763851046562,
        "value": "party"
    },
    "mood_relaxed": {
        "all": {
            "not_relaxed": 0.812488734722,
            "relaxed": 0.187511250377
        },
        "probability": 0.812488734722,
        "value": "not_relaxed"
    },
    "mood_sad": {
        "all": {
            "not_sad": 0.659679710865,
            "sad": 0.340320289135
        },
        "probability": 0.659679710865,
        "value": "not_sad"
    },
    "moods_mirex": {
        "all": {
            "Cluster1": 0.211897477508,
            "Cluster2": 0.279224157333,
            "Cluster3": 0.175047248602,
            "Cluster4": 0.100203789771,
            "Cluster5": 0.233627334237
        },
        "probability": 0.279224157333,
        "value": "Cluster2"
    },
    "timbre": {
        "all": {
            "bright": 0.483083099127,
            "dark": 0.516916930676
        },
        "probability": 0.516916930676,
        "value": "dark"
    },
    "tonal_atonal": {
        "all": {
            "atonal": 0.0356018990278,
            "tonal": 0.964398086071
        },
        "probability": 0.964398086071,
        "value": "tonal"
    },
    "voice_instrumental": {
        "all": {
            "instrumental": 0.00514119444415,
            "voice": 0.994858801365
        },
        "probability": 0.994858801365,
        "value": "voice"
    }
},
"lowlevel": {
    "average_loudness": 0.979564189911,
    "barkbands_crest": {
        "dmean": 2.78975081444,
        "dmean2": 4.60797786713,
        "dvar": 6.20758247375,
        "dvar2": 14.9440536499,
        "max": 25.9786586761,
        "mean": 9.29816627502,
        "median": 8.52097702026,
        "min": 2.35353279114,
        "var": 15.1180000305
    },
    "barkbands_flatness_db": {
        "dmean": 0.0353221818805,
        "dmean2": 0.0511873848736,
        "dvar": 0.00117488240357,
        "dvar2": 0.00230934051797,
        "max": 0.426032483578,
        "mean": 0.160387828946,
        "median": 0.152738973498,
        "min": 0.0360858365893,
        "var": 0.00370604521595
    },
    "barkbands_kurtosis": {
        "dmean": 6.04673337936,
        "dmean2": 9.4480638504,
        "dvar": 248.600982666,
        "dvar2": 538.01171875,
        "max": 376.70022583,
        "mean": 6.3808131218,
        "median": 1.48229026794,
        "min": -1.90226459503,
        "var": 310.173278809
    },
    "barkbands_skewness": {
        "dmean": 0.918034672737,
        "dmean2": 1.34904003143,
        "dvar": 1.12024998665,
        "dvar2": 2.34262990952,
        "max": 17.7973270416,
        "mean": 1.53962945938,
        "median": 1.26103949547,
        "min": -5.97939491272,
        "var": 2.80580806732
    },
    "barkbands_spread": {
        "dmean": 9.86674213409,
        "dmean2": 15.0242271423,
        "dvar": 126.361923218,
        "dvar2": 283.04208374,
        "max": 107.011909485,
        "mean": 24.8329219818,
        "median": 20.8348484039,
        "min": 0.68476319313,
        "var": 309.592651367
    },
    "dissonance": {
        "dmean": 0.0241680555046,
        "dmean2": 0.0394836440682,
        "dvar": 0.000644482206553,
        "dvar2": 0.0017162701115,
        "max": 0.500000059605,
        "mean": 0.455262541771,
        "median": 0.466654211283,
        "min": 0.260218411684,
        "var": 0.00136489875149
    },
    "dynamic_complexity": 1.92698812485,
    "erbbands_crest": {
        "dmean": 3.37168860435,
        "dmean2": 5.49069595337,
        "dvar": 9.29274082184,
        "dvar2": 22.7341308594,
        "max": 28.6687107086,
        "mean": 9.49718856812,
        "median": 8.6329164505,
        "min": 2.75597810745,
        "var": 19.5452957153
    },
    "erbbands_flatness_db": {
        "dmean": 0.0297307111323,
        "dmean2": 0.0430848300457,
        "dvar": 0.000714896887075,
        "dvar2": 0.00146880652755,
        "max": 0.315919727087,
        "mean": 0.163969278336,
        "median": 0.158358633518,
        "min": 0.0654169395566,
        "var": 0.00233294651844
    },
    "erbbands_kurtosis": {
        "dmean": 2.07076716423,
        "dmean2": 3.26597380638,
        "dvar": 20.3955917358,
        "dvar2": 49.656211853,
        "max": 59.0428314209,
        "mean": 1.16150152683,
        "median": -0.220473527908,
        "min": -1.93880653381,
        "var": 24.0393600464
    },
    "erbbands_skewness": {
        "dmean": 0.62425416708,
        "dmean2": 0.923597991467,
        "dvar": 0.470253586769,
        "dvar2": 0.996142745018,
        "max": 6.29814291,
        "mean": 0.378504246473,
        "median": 0.337323725224,
        "min": -3.92775011063,
        "var": 1.26452708244
    },
    "erbbands_spread": {
        "dmean": 14.2347135544,
        "dmean2": 21.8624000549,
        "dvar": 223.01852417,
        "dvar2": 541.763916016,
        "max": 161.205810547,
        "mean": 43.2318229675,
        "median": 40.0727157593,
        "min": 3.53276968002,
        "var": 550.495361328
    },
    "hfc": {
        "dmean": 11.5857315063,
        "dmean2": 16.0666656494,
        "dvar": 137.983642578,
        "dvar2": 250.513656616,
        "max": 125.201301575,
        "mean": 24.732831955,
        "median": 19.7028236389,
        "min": 0.0864419788122,
        "var": 389.535400391
    },
    "melbands_crest": {
        "dmean": 3.7140827179,
        "dmean2": 6.00267124176,
        "dvar": 11.2727947235,
        "dvar2": 26.6503047943,
        "max": 32.475440979,
        "mean": 13.7628641129,
        "median": 13.3204965591,
        "min": 3.48713541031,
        "var": 27.0992603302
    },
    "melbands_flatness_db": {
        "dmean": 0.0427586473525,
        "dmean2": 0.0591468438506,
        "dvar": 0.00176481879316,
        "dvar2": 0.00320494035259,
        "max": 0.534896850586,
        "mean": 0.198889836669,
        "median": 0.190224781632,
        "min": 0.0259014740586,
        "var": 0.00717341294512
    },
    "melbands_kurtosis": {
        "dmean": 14.0725708008,
        "dmean2": 21.6874275208,
        "dvar": 830.418457031,
        "dvar2": 1828.95483398,
        "max": 494.404022217,
        "mean": 19.1149616241,
        "median": 7.21580696106,
        "min": -1.92569375038,
        "var": 1364.71459961
    },
    "melbands_skewness": {
        "dmean": 1.17978608608,
        "dmean2": 1.75239861012,
        "dvar": 1.61039352417,
        "dvar2": 3.51142573357,
        "max": 15.9857625961,
        "mean": 2.76023459435,
        "median": 2.37530755997,
        "min": -3.22829127312,
        "var": 4.32600545883
    },
    "melbands_spread": {
        "dmean": 14.2727870941,
        "dmean2": 22.1694641113,
        "dvar": 626.99407959,
        "dvar2": 1395.01489258,
        "max": 301.82409668,
        "mean": 29.1038379669,
        "median": 21.1019477844,
        "min": 0.484794974327,
        "var": 1084.21130371
    },
    "pitch_salience": {
        "dmean": 0.0755629017949,
        "dmean2": 0.123688131571,
        "dvar": 0.00528360856697,
        "dvar2": 0.0124380970374,
        "max": 0.904830694199,
        "mean": 0.569261312485,
        "median": 0.56269288063,
        "min": 0.0961898341775,
        "var": 0.0121405562386
    },
    "silence_rate_20dB": {
        "dmean": 0,
        "dmean2": 0,
        "dvar": 0,
        "dvar2": 0,
        "max": 1,
        "mean": 1,
        "median": 1,
        "min": 1,
        "var": 0
    },
    "silence_rate_30dB": {
        "dmean": 0,
        "dmean2": 0,
        "dvar": 0,
        "dvar2": 0,
        "max": 1,
        "mean": 1,
        "median": 1,
        "min": 1,
        "var": 0
    },
    "silence_rate_60dB": {
        "dmean": 0.0386996902525,
        "dmean2": 0.0774593353271,
        "dvar": 0.0372022278607,
        "dvar2": 0.0869504585862,
        "max": 1,
        "mean": 0.0378963649273,
        "median": 0,
        "min": 0,
        "var": 0.0364599153399
    },
    "spectral_centroid": {
        "dmean": 466.147399902,
        "dmean2": 678.051147461,
        "dvar": 271082.75,
        "dvar2": 525272.5625,
        "max": 6013.93798828,
        "mean": 1577.99438477,
        "median": 1383.61437988,
        "min": 162.727478027,
        "var": 906236.625
    },
    "spectral_complexity": {
        "dmean": 5.54411745071,
        "dmean2": 7.47095298767,
        "dvar": 35.12266922,
        "dvar2": 58.8859786987,
        "max": 52,
        "mean": 17.2706890106,
        "median": 16,
        "min": 0,
        "var": 129.965576172
    },
    "spectral_decrease": {
        "dmean": 2.34659225384e-09,
        "dmean2": 3.63357188782e-09,
        "dvar": 5.95689692714e-18,
        "dvar2": 1.34590127335e-17,
        "max": -1.76319861489e-11,
        "mean": -5.92919224829e-09,
        "median": -5.80321612986e-09,
        "min": -2.1392198235e-08,
        "var": 1.31297179219e-17
    },
    "spectral_energy": {
        "dmean": 0.0095130559057,
        "dmean2": 0.014648810029,
        "dvar": 9.28251247387e-05,
        "dvar2": 0.000206411088584,
        "max": 0.0842801108956,
        "mean": 0.0246214345098,
        "median": 0.0239729676396,
        "min": 8.64462926984e-05,
        "var": 0.000209283898585
    },
    "spectral_energyband_high": {
        "dmean": 0.000829320459161,
        "dmean2": 0.00113857816905,
        "dvar": 1.75908019173e-06,
        "dvar2": 3.108079909e-06,
        "max": 0.0151827177033,
        "mean": 0.00128496845718,
        "median": 0.000522194546647,
        "min": 2.30443447435e-06,
        "var": 3.94496328227e-06
    },
    "spectral_energyband_low": {
        "dmean": 0.00298924045637,
        "dmean2": 0.00471968576312,
        "dvar": 2.81890188489e-05,
        "dvar2": 6.55872063362e-05,
        "max": 0.0398648679256,
        "mean": 0.00617894530296,
        "median": 0.00174050952774,
        "min": 2.42369083026e-07,
        "var": 5.40070905117e-05
    },
    "spectral_energyband_middle_high": {
        "dmean": 0.00309222121723,
        "dmean2": 0.00423279078677,
        "dvar": 1.43515480886e-05,
        "dvar2": 2.73380464932e-05,
        "max": 0.0363742895424,
        "mean": 0.00558594567701,
        "median": 0.00313860992901,
        "min": 3.14851331495e-06,
        "var": 4.07046354667e-05
    },
    "spectral_energyband_middle_low": {
        "dmean": 0.0062378840521,
        "dmean2": 0.0100700482726,
        "dvar": 5.83849760005e-05,
        "dvar2": 0.000134475048981,
        "max": 0.0819276496768,
        "mean": 0.0123338671401,
        "median": 0.0104270959273,
        "min": 6.23802498012e-06,
        "var": 9.98994946713e-05
    },
    "spectral_entropy": {
        "dmean": 0.289574623108,
        "dmean2": 0.391924083233,
        "dvar": 0.0832536667585,
        "dvar2": 0.161255657673,
        "max": 8.80112743378,
        "mean": 7.5615234375,
        "median": 7.57708740234,
        "min": 4.92829751968,
        "var": 0.293470621109
    },
    "spectral_flux": {
        "dmean": 0.0324274413288,
        "dmean2": 0.0531924925745,
        "dvar": 0.000940386147704,
        "dvar2": 0.0023483519908,
        "max": 0.25393807888,
        "mean": 0.0990377217531,
        "median": 0.097550034523,
        "min": 0.00732061313465,
        "var": 0.0016515776515
    },
    "spectral_kurtosis": {
        "dmean": 1.79986691475,
        "dmean2": 2.70747089386,
        "dvar": 3.49374198914,
        "dvar2": 7.82574987411,
        "max": 20.8251972198,
        "mean": 4.33413791656,
        "median": 3.74854373932,
        "min": -0.929570436478,
        "var": 9.8918170929
    },
    "spectral_rms": {
        "dmean": 0.00100648694206,
        "dmean2": 0.00150225718971,
        "dvar": 9.3606001883e-07,
        "dvar2": 1.93806295101e-06,
        "max": 0.00906777288765,
        "mean": 0.00463349325582,
        "median": 0.00483614113182,
        "min": 0.000290409807349,
        "var": 2.55172562902e-06
    },
    "spectral_rolloff": {
        "dmean": 1065.24487305,
        "dmean2": 1732.09814453,
        "dvar": 2866543,
        "dvar2": 5692848.5,
        "max": 12596.9238281,
        "mean": 2261.43481445,
        "median": 1442.72460938,
        "min": 64.599609375,
        "var": 5864319.5
    },
    "spectral_skewness": {
        "dmean": 0.313803434372,
        "dmean2": 0.459267526865,
        "dvar": 0.0894397199154,
        "dvar2": 0.177453890443,
        "max": 3.95281004906,
        "mean": 1.52063512802,
        "median": 1.50756192207,
        "min": -0.142016276717,
        "var": 0.338886976242
    },
    "spectral_spread": {
        "dmean": 1045376.875,
        "dmean2": 1425092.75,
        "dvar": 1.12232470938e+12,
        "dvar2": 2.16840522957e+12,
        "max": 14380571,
        "mean": 5408669.5,
        "median": 4913267.5,
        "min": 2419163.5,
        "var": 3.93851410842e+12
    },
    "spectral_strongpeak": {
        "dmean": 0.626544892788,
        "dmean2": 1.04223823547,
        "dvar": 0.731702625751,
        "dvar2": 1.8027908802,
        "max": 7.53645658493,
        "mean": 0.964642465115,
        "median": 0.588163614273,
        "min": 0.00325591303408,
        "var": 0.926740348339
    },
    "zerocrossingrate": {
        "dmean": 0.0232500489801,
        "dmean2": 0.0252472795546,
        "dvar": 0.00076262105722,
        "dvar2": 0.000830428267363,
        "max": 0.39599609375,
        "mean": 0.0854707434773,
        "median": 0.06884765625,
        "min": 0.00439453125,
        "var": 0.00385446404107
    },
    "barkbands": {
        "dmean": [3.07540940412e-05, 0.00156964536291, 0.00148227787577, 0.00113725999836, 0.00177595601417, 0.00265224534087, 0.00117926392704, 0.00149997649714, 0.00127898692153, 0.000470401922939, 0.00035341407056, 0.000691321212798, 0.000843281508423, 0.000640871643554, 0.000284973764792, 0.000202943847398, 0.000239569882979, 0.000142519289511, 0.000345013540937, 0.000415680580772, 0.00014289059618, 0.000142595294164, 0.000181021430762, 0.00016183021944, 0.000122578436276, 6.51793234283e-05, 7.40201713256e-08],
        "dmean2": [5.10128629685e-05, 0.00243202969432, 0.00248242169619, 0.00189001776744, 0.00307988654822, 0.00420602271333, 0.00195764796808, 0.00237562251277, 0.00194142234977, 0.000748788064811, 0.000553409627173, 0.00106558634434, 0.00130644708406, 0.00101142271888, 0.000428170169471, 0.000309409486363, 0.000370724766981, 0.000217869979679, 0.000507098739035, 0.000587674265262, 0.000206425640499, 0.000202986760996, 0.000267606286798, 0.000233280734392, 0.000179206748726, 9.26032444113e-05, 1.29141156435e-07],
        "dvar": [6.11913675286e-09, 7.91403908806e-06, 9.88168449112e-06, 4.49421941084e-06, 1.00632059912e-05, 2.80258900602e-05, 6.39227891952e-06, 9.40251720749e-06, 4.98982217323e-06, 9.63911361396e-07, 6.62851618927e-07, 3.08104358737e-06, 3.42880252902e-06, 2.00290196517e-06, 2.81058675e-07, 1.42052513752e-07, 1.21451591895e-07, 5.49506999903e-08, 4.06994445257e-07, 5.53448955998e-07, 5.37193578509e-08, 8.12429234998e-08, 1.73887215738e-07, 1.54046503553e-07, 8.24327699434e-08, 1.02628598952e-08, 9.74858214986e-14],
        "dvar2": [1.76048633449e-08, 1.81221384992e-05, 2.55118720816e-05, 1.13487776616e-05, 2.76615191979e-05, 5.69464900764e-05, 1.57585163834e-05, 2.20915935643e-05, 1.11936760732e-05, 2.38047800849e-06, 1.39059034154e-06, 7.46901787352e-06, 7.89365094533e-06, 5.24102370036e-06, 6.41117082978e-07, 3.30329953613e-07, 2.84932013983e-07, 1.09334251874e-07, 8.90421574695e-07, 1.04762784758e-06, 1.05857111521e-07, 1.58370909276e-07, 3.4033269003e-07, 2.82982057342e-07, 1.8321601658e-07, 1.93297022832e-08, 2.61227725649e-13],
        "max": [0.000718865834642, 0.023363372311, 0.0245887283236, 0.0179466772825, 0.0269132722169, 0.077319458127, 0.0347146242857, 0.0412427820265, 0.0211091451347, 0.0144693804905, 0.0188169926405, 0.0239607132971, 0.0201472975314, 0.0174482855946, 0.00547345681116, 0.00401795143262, 0.00393885886297, 0.00243185157888, 0.00895408075303, 0.00929460581392, 0.00330764683895, 0.00343611091375, 0.00584810459986, 0.00488798739389, 0.00658051529899, 0.00158187560737, 5.20742969456e-06],
        "mean": [3.38844365615e-05, 0.00291738566011, 0.00254367408343, 0.0017969137989, 0.00254012877122, 0.0034260682296, 0.00124207930639, 0.00161352846771, 0.00154382491019, 0.000563481240533, 0.000452580221463, 0.000842618988827, 0.00100819673389, 0.000739489623811, 0.000367476954125, 0.000252565107075, 0.000325668253936, 0.00020008678257, 0.00046354130609, 0.00066143629374, 0.000213683917536, 0.000185217766557, 0.000232890612097, 0.0002115877287, 0.000158544833539, 8.48638592288e-05, 5.1746983587e-08],
        "median": [3.98456040784e-06, 0.000195760658244, 0.000370825175196, 0.000525339390151, 0.0011778769549, 0.00149214826524, 0.00040223923861, 0.000334250507876, 0.000514552812092, 0.000181371346116, 8.15606326796e-05, 0.000172585961991, 0.000194258245756, 0.000134194793645, 0.000124927420984, 8.11299178167e-05, 0.000126986240502, 8.86706911842e-05, 0.000150374980876, 0.000155436297064, 8.77202764968e-05, 5.29126082256e-05, 6.11674840911e-05, 5.17405969731e-05, 5.59108084417e-05, 3.80209203286e-05, 1.05160191666e-09],
        "min": [9.71955516071e-10, 5.03725416934e-09, 8.92481288872e-09, 4.28665671848e-08, 2.0268521439e-07, 3.28983958298e-07, 2.52153057545e-07, 2.52907625509e-07, 4.92647643568e-07, 2.44836570573e-07, 7.63874155041e-08, 1.87660887718e-07, 1.4831398687e-07, 1.77837463866e-07, 2.51655137617e-07, 2.87255431886e-07, 2.07499823546e-07, 2.10826044622e-07, 1.82729394282e-07, 3.03775976818e-07, 3.56646523869e-07, 5.80534695871e-08, 3.33505710159e-07, 4.3935401095e-08, 1.62758411193e-07, 3.51626226802e-07, 4.39600829696e-12],
        "var": [6.45280096023e-09, 1.76339799509e-05, 1.34794281621e-05, 6.29551095699e-06, 9.74498470896e-06, 4.41209376731e-05, 6.60054865875e-06, 1.29136124087e-05, 6.76674926581e-06, 1.29752459088e-06, 1.32060063152e-06, 4.49795743407e-06, 4.85856344312e-06, 2.55255417869e-06, 4.49287824722e-07, 2.01998460625e-07, 2.0112150878e-07, 9.58269623652e-08, 7.33483261683e-07, 1.56633075221e-06, 1.05554036622e-07, 1.40570946883e-07, 3.03527770029e-07, 2.87885114858e-07, 1.21537610198e-07, 1.75452861129e-08, 6.72471789625e-14]
    },
    "erbbands": {
        "dmean": [0.0233333595097, 0.426803350449, 1.57916009426, 2.75406169891, 5.07868337631, 6.30434513092, 7.74354362488, 29.1627559662, 21.4270172119, 19.8537387848, 33.3358726501, 24.436044693, 23.5780334473, 17.2433948517, 17.202545166, 25.9932556152, 33.3288192749, 37.2551307678, 19.3761234283, 12.340098381, 10.7872400284, 12.8678102493, 8.62975025177, 6.85836219788, 25.4844684601, 18.7434806824, 7.77863550186, 4.59549283981, 4.95593357086, 6.00451087952, 5.06968688965, 4.19877910614, 2.39905881882, 1.5812497139, 0.768073797226, 0.356252253056, 0.11379750818, 0.00989919155836, 0.000189778656932, 1.85697317647e-05],
        "dmean2": [0.0356175452471, 0.668135941029, 2.5067460537, 4.70763683319, 8.04844474792, 11.3831863403, 13.2683105469, 46.0609512329, 34.5123252869, 32.1542663574, 53.2077064514, 36.7051734924, 35.5274810791, 26.3543167114, 26.7517757416, 39.3229942322, 50.5124893188, 57.3485374451, 29.9626197815, 18.3783893585, 16.0894451141, 19.7396068573, 13.0549478531, 9.859623909, 36.5062675476, 26.291135788, 10.9792451859, 6.68905448914, 7.20334196091, 8.89466285706, 7.35640525818, 6.10616445541, 3.35782289505, 2.32866311073, 1.12328755856, 0.504353940487, 0.164271041751, 0.0142033454031, 0.000267904571956, 2.66853039648e-05],
        "dvar": [0.00236728880554, 0.608107924461, 9.53824806213, 39.3048210144, 65.0759048462, 207.679885864, 218.459747314, 3794.203125, 2322.58349609, 1929.77319336, 4643.70263672, 1855.16638184, 2423.20092773, 1071.375, 1427.77807617, 3793.18579102, 5289.46142578, 6742.04101562, 1313.80883789, 610.856384277, 317.910491943, 367.86239624, 173.556427002, 113.477180481, 2072.27124023, 1236.98144531, 186.430175781, 66.2810287476, 101.735923767, 184.129318237, 134.138793945, 115.592628479, 30.8687591553, 16.3619556427, 2.59410381317, 0.375136137009, 0.0291967578232, 0.000207164543099, 7.09482250727e-08, 4.03428429552e-10],
        "dvar2": [0.0047529512085, 1.38723862171, 23.0495185852, 104.187026978, 138.650222778, 586.563659668, 572.989624023, 7631.18261719, 5746.36865234, 4881.78417969, 11036.0283203, 4155.32470703, 5965.49462891, 2316.09545898, 3454.83374023, 8802.54882812, 11445.078125, 17155.5917969, 3161.87597656, 1351.31726074, 693.699279785, 869.719665527, 357.021820068, 208.563323975, 4504.01171875, 2401.07519531, 359.371948242, 120.015052795, 205.759292603, 396.704620361, 256.853179932, 228.19682312, 60.0762748718, 37.2029495239, 5.47419166565, 0.68315243721, 0.0580606684089, 0.000456454552477, 1.50524357423e-07, 7.8988943164e-10],
        "max": [0.476045131683, 6.32031869888, 26.1380653381, 56.8010215759, 71.7638092041, 114.304023743, 150.56578064, 936.804016113, 746.412963867, 622.285705566, 1052.22180176, 458.05657959, 813.972167969, 499.646972656, 556.123779297, 879.468811035, 1063.7175293, 1008.20483398, 397.779663086, 295.145996094, 240.380279541, 228.702026367, 137.628463745, 198.882369995, 667.03137207, 442.203033447, 259.313201904, 114.415336609, 115.849594116, 173.990447998, 157.501541138, 139.841293335, 63.7909049988, 85.4218826294, 32.9728317261, 9.81517505646, 2.38537573814, 0.125846132636, 0.00286081503145, 0.000285910995444],
        "mean": [0.039870608598, 0.799676299095, 3.0526444912, 4.23824071884, 9.38382053375, 6.71510601044, 8.92024803162, 36.6524772644, 25.1061477661, 22.3004741669, 35.7243347168, 29.6352901459, 29.4570121765, 22.1571998596, 23.4065723419, 32.5824241638, 42.1046943665, 44.4317741394, 24.5260448456, 16.4945850372, 14.4546442032, 18.1559352875, 13.0670537949, 10.4914627075, 38.0139198303, 29.3097934723, 12.3447360992, 6.29337835312, 6.27347660065, 7.53029918671, 6.4708108902, 5.24787998199, 3.02921795845, 1.9684548378, 0.995704054832, 0.477965801954, 0.139991745353, 0.0114278579131, 0.000241508227191, 4.39232971985e-05],
        "median": [0.00398083403707, 0.0777449831367, 0.495122551918, 1.08208441734, 3.53512263298, 2.42877483368, 2.72378897667, 14.5153017044, 11.155831337, 7.73102998734, 7.62909507751, 10.7772521973, 9.46058082581, 7.9887342453, 6.18490695953, 7.69230031967, 9.68173694611, 8.62777900696, 8.57124423981, 4.71965360641, 5.43510770798, 7.49751520157, 6.52445745468, 4.87440299988, 10.4725847244, 7.04578447342, 4.53240966797, 2.12908291817, 1.71269845963, 2.27699279785, 1.55365407467, 1.12190437317, 0.853595435619, 0.596628546715, 0.403000235558, 0.220011234283, 0.0568166524172, 0.00464990409091, 0.000111967230623, 3.85501625715e-05],
        "min": [1.16167484521e-06, 1.14697886602e-05, 4.82219948026e-05, 0.000210676647839, 0.000366696913261, 0.000940051511861, 0.00210839346983, 0.002734845737, 0.00695403758436, 0.00780122168362, 0.0100888498127, 0.0103368368, 0.0134418094531, 0.0100770350546, 0.00505603011698, 0.00865503307432, 0.00748076522723, 0.0106967799366, 0.0125933969393, 0.0106334332377, 0.0169968418777, 0.0113837774843, 0.0119180018082, 0.0144079187885, 0.0116755682975, 0.0149935465306, 0.0156728588045, 0.0127109577879, 0.00328125595115, 0.00647963536903, 0.00983728189021, 0.000813017948531, 0.00271982862614, 0.00245016207919, 0.000298417377053, 0.000506265147123, 0.000595225952566, 2.33483897318e-05, 1.96328301172e-06, 3.55307662403e-07],
        "var": [0.00516505306587, 1.32399475574, 16.4112949371, 46.5873985291, 149.460998535, 156.565536499, 252.31060791, 5948.68701172, 2349.88110352, 2031.40930176, 6398.046875, 2575.35986328, 2920.09350586, 1774.11962891, 2799.37817383, 5706.57910156, 8065.58251953, 8904.84570312, 1792.3729248, 1023.30944824, 507.712158203, 603.608032227, 331.093994141, 249.316940308, 4436.82470703, 3172.77612305, 414.549438477, 129.617416382, 167.988769531, 269.469085693, 241.322402954, 204.800796509, 52.7584724426, 22.5276012421, 4.19646263123, 0.666377067566, 0.0465266630054, 0.000282587046968, 1.07762481605e-07, 8.62938331903e-10]
    },
    "gfcc": {
        "mean": [-1.0679038763, 57.146194458, -111.89705658, 21.5532455444, -69.8854598999, 7.30364990234, -48.9279098511, 8.8071603775, -36.3213539124, 8.45859146118, -19.2764034271, -1.27656161785, -19.4557056427],
        "cov": [[3719.33740234, 35.8313751221, -686.471740723, -91.240776062, -137.207061768, -62.9994239807, 90.7091293335, 115.758491516, -60.4607696533, 73.5093688965, -59.858669281, -154.991882324, -73.2778549194], [35.8313751221, 1945.96655273, 343.680389404, 158.423248291, 660.306518555, -69.901473999, 178.334335327, 78.5143661499, 50.7029380798, -38.728553772, 152.29876709, -61.1906547546, 24.6741847992], [-686.471740723, 343.680389404, 1704.7487793, 1054.86743164, 467.69418335, 493.799865723, 125.230033875, 81.2763900757, 131.58303833, -32.5648574829, -15.0207023621, 68.1091537476, 71.4908752441], [-91.240776062, 158.423248291, 1054.86743164, 1216.72583008, 501.260681152, 316.581451416, 94.2182922363, 61.5158805847, 119.284492493, 1.98890352249, 9.93502616882, -47.6057548523, 77.7309570312], [-137.207061768, 660.306518555, 467.69418335, 501.260681152, 636.816162109, 195.547912598, 94.2391662598, 64.2160873413, 48.2363891602, -3.14892458916, 26.5002841949, -41.7697868347, 26.5036373138], [-62.9994239807, -69.901473999, 493.799865723, 316.581451416, 195.547912598, 494.252563477, 248.10093689, 72.675567627, -2.00462293625, -24.2731018066, -1.83472108841, 11.5650968552, -13.349146843], [90.7091293335, 178.334335327, 125.230033875, 94.2182922363, 94.2391662598, 248.10093689, 348.629486084, 115.414398193, -34.9130249023, -8.1749420166, 58.8113632202, -11.581952095, -5.45141887665], [115.758491516, 78.5143661499, 81.2763900757, 61.5158805847, 64.2160873413, 72.675567627, 115.414398193, 205.050338745, 91.867477417, 36.4298973083, 51.4736824036, 7.7783498764, 21.2957744598], [-60.4607696533, 50.7029380798, 131.58303833, 119.284492493, 48.2363891602, -2.00462293625, -34.9130249023, 91.867477417, 188.969589233, 61.9980964661, 19.1873264313, 33.8918838501, 35.1246299744], [73.5093688965, -38.728553772, -32.5648574829, 1.98890352249, -3.14892458916, -24.2731018066, -8.1749420166, 36.4298973083, 61.9980964661, 122.214515686, 32.6416893005, -11.824090004, 19.018743515], [-59.858669281, 152.29876709, -15.0207023621, 9.93502616882, 26.5002841949, -1.83472108841, 58.8113632202, 51.4736824036, 19.1873264313, 32.6416893005, 152.844589233, 48.0633468628, 13.5940656662], [-154.991882324, -61.1906547546, 68.1091537476, -47.6057548523, -41.7697868347, 11.5650968552, -11.581952095, 7.7783498764, 33.8918838501, -11.824090004, 48.0633468628, 154.805267334, 35.4840431213], [-73.2778549194, 24.6741847992, 71.4908752441, 77.7309570312, 26.5036373138, -13.349146843, -5.45141887665, 21.2957744598, 35.1246299744, 19.018743515, 13.5940656662, 35.4840431213, 97.8703918457]],
        "icov": [[0.000435470283264, -0.000484765972942, 0.000643833191134, -0.000742451811675, 0.000749118218664, -0.000620649079792, 0.000527312338818, -0.000880907173268, 0.000812032900285, -0.000823925074656, 0.000934537209105, -0.000568092800677, 0.000446010904852], [-0.000484765972942, 0.0027245178353, -0.0020213695243, 0.0026260248851, -0.00373937003314, 0.00330810947344, -0.00301551748998, 0.00254647806287, -0.00288979848847, 0.00296185771003, -0.00334621127695, 0.00280787446536, -0.00100884831045], [0.000643833191134, -0.0020213695243, 0.00345948571339, -0.00343045638874, 0.00274329376407, -0.00349308876321, 0.00263019418344, -0.00244743609801, 0.00226309266873, -0.00227604294196, 0.00328297447413, -0.00333569920622, 0.00103237549774], [-0.000742451811675, 0.0026260248851, -0.00343045638874, 0.00527222966775, -0.00443018553779, 0.00298550305888, -0.00290934881195, 0.00353089463897, -0.0040828762576, 0.00360456318595, -0.00436790427193, 0.00472490675747, -0.00256439810619], [0.000749118218664, -0.00373937003314, 0.00274329376407, -0.00443018553779, 0.00763788539916, -0.00495598372072, 0.00422097044066, -0.0038768213708, 0.00392442103475, -0.00372748449445, 0.00402193982154, -0.00302486028522, 0.00120659649838], [-0.000620649079792, 0.00330810947344, -0.00349308876321, 0.00298550305888, -0.00495598372072, 0.00913585349917, -0.00711948657408, 0.00330906151794, -0.00334126432426, 0.00311425235122, -0.00241073267534, 0.00201381812803, 0.000552006473299], [0.000527312338818, -0.00301551748998, 0.00263019418344, -0.00290934881195, 0.00422097044066, -0.00711948657408, 0.0104028014466, -0.00647032214329, 0.00599106773734, -0.00289161410183, 0.00148592167534, -0.00201674457639, 0.000354255287675], [-0.000880907173268, 0.00254647806287, -0.00244743609801, 0.00353089463897, -0.0038768213708, 0.00330906151794, -0.00647032214329, 0.0126857860014, -0.00880995579064, 0.00359262246639, -0.00520702637732, 0.00421462859958, -0.00227877800353], [0.000812032900285, -0.00288979848847, 0.00226309266873, -0.0040828762576, 0.00392442103475, -0.00334126432426, 0.00599106773734, -0.00880995579064, 0.0145655153319, -0.00789365079254, 0.00528759043664, -0.0061491872184, 0.00145989202429], [-0.000823925074656, 0.00296185771003, -0.00227604294196, 0.00360456318595, -0.00372748449445, 0.00311425235122, -0.00289161410183, 0.00359262246639, -0.00789365079254, 0.0153878834099, -0.00725820148364, 0.0068246088922, -0.00369597156532], [0.000934537209105, -0.00334621127695, 0.00328297447413, -0.00436790427193, 0.00402193982154, -0.00241073267534, 0.00148592167534, -0.00520702637732, 0.00528759043664, -0.00725820148364, 0.0145869422704, -0.00845705997199, 0.00296501722187], [-0.000568092800677, 0.00280787446536, -0.00333569920622, 0.00472490675747, -0.00302486028522, 0.00201381812803, -0.00201674457639, 0.00421462859958, -0.0061491872184, 0.0068246088922, -0.00845705997199, 0.0143538024276, -0.00553362583742], [0.000446010904852, -0.00100884831045, 0.00103237549774, -0.00256439810619, 0.00120659649838, 0.000552006473299, 0.000354255287675, -0.00227877800353, 0.00145989202429, -0.00369597156532, 0.00296501722187, -0.00553362583742, 0.0141413090751]]
    },
    "melbands": {
        "dmean": [0.000311475130729, 0.000712255656254, 0.000549037649762, 0.000380708515877, 0.000280461390503, 0.000607228372246, 0.000314881792292, 0.000248289405135, 0.000253197533311, 0.000168945582118, 0.00011858324433, 7.02050965629e-05, 5.09436576976e-05, 8.58632847667e-05, 7.13802728569e-05, 7.77195818955e-05, 6.96015995345e-05, 3.45810658473e-05, 1.96397613763e-05, 1.53051405505e-05, 1.3061457139e-05, 1.42244152812e-05, 1.16388919196e-05, 6.56114934827e-06, 5.06351580043e-06, 1.59399096447e-05, 2.15756026591e-05, 1.08904196168e-05, 5.44122576684e-06, 3.26985809807e-06, 2.68990584118e-06, 2.74995363725e-06, 3.11103735839e-06, 3.50410186911e-06, 2.99970974993e-06, 2.79165487882e-06, 2.55595068666e-06, 1.721687795e-06, 1.50957725964e-06, 1.34744914249e-06],
        "dmean2": [0.000484161893837, 0.00110481446609, 0.000909462047275, 0.000654241186567, 0.00048998935381, 0.000961702433415, 0.000505964271724, 0.000394044909626, 0.000403604382882, 0.000254680431681, 0.000180307964911, 0.00010879792535, 7.83736541052e-05, 0.000131984634208, 0.000111584093247, 0.000118760122859, 0.000108709442429, 5.42922825844e-05, 2.93471839541e-05, 2.32938327827e-05, 1.98540619749e-05, 2.19842077058e-05, 1.81708091986e-05, 9.92508194031e-06, 7.36280480851e-06, 2.33819773712e-05, 3.09315546474e-05, 1.57817194122e-05, 7.9210713011e-06, 4.78831043438e-06, 4.02373643738e-06, 4.06262506658e-06, 4.45121895609e-06, 5.29358430867e-06, 4.39819359599e-06, 4.07509878642e-06, 3.8119671899e-06, 2.44134002969e-06, 2.14368060369e-06, 2.05382571039e-06],
        "dvar": [3.32350907684e-07, 1.82238670732e-06, 1.01190539681e-06, 4.22079011742e-07, 3.17646879466e-07, 1.60143906669e-06, 4.3803669314e-07, 2.59157673099e-07, 2.41249125565e-07, 8.89174316399e-08, 6.11900645708e-08, 1.82423285366e-08, 1.10355529159e-08, 5.50649872366e-08, 3.42647901164e-08, 2.66471982258e-08, 2.60115147199e-08, 4.76124606408e-09, 1.5148818866e-09, 1.02243724598e-09, 5.03627750614e-10, 4.78840356255e-10, 3.16251913546e-10, 1.47173426224e-10, 7.24093077165e-11, 9.55003631731e-10, 1.34763433746e-09, 4.86748641393e-10, 9.62697491169e-11, 2.99570056261e-11, 2.6941327641e-11, 3.33415448028e-11, 4.54990593812e-11, 6.62056798273e-11, 4.91541078673e-11, 4.79290600264e-11, 4.66014449252e-11, 1.58145770784e-11, 1.18863642887e-11, 1.5333755099e-11],
        "dvar2": [7.54295967909e-07, 4.18642639488e-06, 2.54951419265e-06, 1.1308560488e-06, 8.57320912928e-07, 3.26184613186e-06, 1.07070911781e-06, 6.41986332539e-07, 5.72091380491e-07, 1.96619978965e-07, 1.50575459656e-07, 4.05107947188e-08, 2.50769431887e-08, 1.3090496509e-07, 8.15462044557e-08, 5.82395145443e-08, 6.83394603129e-08, 1.139657968e-08, 3.26932103611e-09, 2.46808284921e-09, 1.12846498812e-09, 1.14703802012e-09, 7.6362260959e-10, 3.04903019499e-10, 1.44831313609e-10, 2.04531858117e-09, 2.72655498179e-09, 9.77533942681e-10, 1.88659129985e-10, 6.14689202316e-11, 5.02147663728e-11, 6.96883245555e-11, 9.46654907241e-11, 1.4566026163e-10, 9.76519004547e-11, 9.13077113918e-11, 9.80225761671e-11, 3.20663079423e-11, 2.41686323732e-11, 3.74926860391e-11],
        "max": [0.00502314697951, 0.0113474428654, 0.00898748543113, 0.00574764655903, 0.00446252385154, 0.0186287686229, 0.00971781183034, 0.00717938458547, 0.00717988982797, 0.0029368463438, 0.00399158382788, 0.00184569880366, 0.0019218995003, 0.00361536978744, 0.0025125364773, 0.00173012458254, 0.00220416043885, 0.00076919933781, 0.000548697367776, 0.00037060448085, 0.000372548936866, 0.000240344990743, 0.000184104064829, 0.000140664473292, 0.000168950908119, 0.000404306454584, 0.000441880663857, 0.000275833735941, 0.000175365086761, 7.16742142686e-05, 7.80355549068e-05, 7.96830936451e-05, 9.9240714917e-05, 9.99055118882e-05, 0.000105037550384, 0.000114721107821, 8.8798267825e-05, 4.6658962674e-05, 4.47567399533e-05, 9.10717135412e-05],
        "mean": [0.000564815476537, 0.00147338281386, 0.000957639655098, 0.000572412332986, 0.000303875800455, 0.000770643644501, 0.000373346032575, 0.000274082121905, 0.000268695817795, 0.000203815623536, 0.000145721482113, 8.67279741215e-05, 6.86382554704e-05, 0.000104320468381, 8.39915810502e-05, 9.48120286921e-05, 7.98621913418e-05, 4.04710008297e-05, 2.54343322013e-05, 1.86817251233e-05, 1.65345427376e-05, 1.91259259736e-05, 1.57236900122e-05, 8.71837437444e-06, 6.94696609571e-06, 2.12986924453e-05, 3.37546225637e-05, 1.56005080498e-05, 8.40770462673e-06, 4.40387611889e-06, 3.35046638611e-06, 3.32372565026e-06, 3.94504695578e-06, 4.22915354648e-06, 3.69374379261e-06, 3.57732528755e-06, 3.03531601276e-06, 2.09183826883e-06, 1.87371313132e-06, 1.61193304393e-06],
        "median": [3.97914918722e-05, 0.000287303555524, 0.000315862969728, 0.000239167828113, 7.87676399341e-05, 0.000319907732774, 0.000167374397279, 8.02598660812e-05, 5.13093073096e-05, 6.60036093905e-05, 4.31256121374e-05, 2.96212492685e-05, 1.64722823683e-05, 2.11746810237e-05, 1.84101063496e-05, 1.76614685188e-05, 1.36307453431e-05, 1.21813100122e-05, 7.20768821338e-06, 4.96047414345e-06, 5.89886030866e-06, 7.28840268494e-06, 6.87745250616e-06, 3.84937538911e-06, 2.75769298241e-06, 6.07562287769e-06, 7.68954214436e-06, 3.17137232742e-06, 2.88929186354e-06, 1.5461704379e-06, 9.10256233055e-07, 8.42092163111e-07, 1.12418433673e-06, 1.23745257952e-06, 8.47957096539e-07, 7.67155711401e-07, 6.41738211016e-07, 5.87748957059e-07, 5.04829813508e-07, 4.8474379355e-07],
        "min": [2.06867034613e-09, 1.08543414257e-08, 4.87919820102e-08, 4.10124094685e-08, 5.59317001603e-08, 5.95571947315e-08, 1.02815917558e-07, 5.07288611118e-08, 9.15393769674e-08, 6.11085511082e-08, 4.07368361266e-08, 4.26968220779e-08, 1.27043682241e-08, 1.64207563103e-08, 2.68584354757e-08, 1.10482867299e-08, 1.69181326726e-08, 2.03694980883e-08, 1.90489259921e-08, 1.13880931352e-08, 1.82921251479e-08, 1.38644535852e-08, 7.82141817979e-09, 1.07709636765e-08, 1.17960343715e-08, 6.35830277318e-09, 7.93741872229e-09, 9.10481112726e-09, 3.44607897773e-09, 6.58578924728e-09, 1.6235865985e-09, 1.18191367804e-09, 7.34865279739e-10, 5.23995824508e-09, 4.59542137676e-09, 1.79600068151e-09, 4.04685104871e-11, 1.17672691036e-10, 2.7146427467e-11, 5.17615767956e-12],
