{
"highlevel": {
    "danceability": {
        "all": {
            "danceable": 0.00599943147972,
            "not_danceable": 0.994000554085
        },
        "probability": 0.994000554085,
        "value": "not_danceable"
    },
    "gender": {
        "all": {
            "female": 0.621767580509,
            "male": 0.378232419491
        },
        "probability": 0.621767580509,
        "value": "female"
    },
    "genre_dortmund": {
        "all": {
            "alternative": 0.455500364304,
            "blues": 0.00108158809599,
            "electronic": 0.0186609085649,
            "folkcountry": 0.0451737344265,
            "funksoulrnb": 0.002817413304,
            "jazz": 0.00636600749567,
            "pop": 0.0914865732193,
            "raphiphop": 0.00048736325698,
            "rock": 0.378426045179
        },
        "probability": 0.455500364304,
        "value": "alternative"
    },
    "genre_electronic": {
        "all": {
            "ambient": 0.403242349625,
            "dnb": 0.179030880332,
            "house": 0.0407382100821,
            "techno": 0.0291567388922,
            "trance": 0.347831815481
        },
        "probability": 0.403242349625,
        "value": "ambient"
    },
    "genre_rosamerica": {
        "all": {
            "cla": 0.000359418132575,
            "dan": 0.00621940148994,
            "hip": 9.88876854535e-05,
            "jaz": 0.00023754790891,
            "pop": 0.0110712544993,
            "rhy": 0.000536470324732,
            "roc": 0.981428384781,
            "spe": 4.86555654788e-05
        },
        "probability": 0.981428384781,
        "value": "roc"
    },
    "genre_tzanetakis": {
        "all": {
            "blu": 0.0631970837712,
            "cla": 0.0351076424122,
            "cou": 0.105340525508,
            "dis": 0.0632559657097,
            "hip": 0.158187583089,
            "jaz": 0.316573172808,
            "met": 0.0527318492532,
            "pop": 0.063265889883,
            "reg": 0.0632615014911,
            "roc": 0.0790787860751
        },
        "probability": 0.316573172808,
        "value": "jaz"
    },
    "ismir04_rhythm": {
        "all": {
            "ChaChaCha": 0.0807947739959,
            "Jive": 0.189414978027,
            "Quickstep": 0.0724317058921,
            "Rumba-American": 0.0177363771945,
            "Rumba-International": 0.0355191044509,
            "Rumba-Misc": 0.0234882310033,
            "Samba": 0.324523985386,
            "Tango": 0.0247828103602,
            "VienneseWaltz": 0.161097764969,
            "Waltz": 0.0702102780342
        },
        "probability": 0.324523985386,
        "value": "Samba"
    },
    "mood_acoustic": {
        "all": {
            "acoustic": 0.0281080175191,
            "not_acoustic": 0.971891999245
        },
        "probability": 0.971891999245,
        "value": "not_acoustic"
    },
    "mood_aggressive": {
        "all": {
            "aggressive": 0.836534738541,
            "not_aggressive": 0.163465231657
        },
        "probability": 0.836534738541,
        "value": "aggressive"
    },
    "mood_electronic": {
        "all": {
            "electronic": 0.26429516077,
            "not_electronic": 0.73570483923
        },
        "probability": 0.73570483923,
        "value": "not_electronic"
    },
    "mood_happy": {
        "all": {
            "happy": 0.197541505098,
            "not_happy": 0.802458524704
        },
        "probability": 0.802458524704,
        "value": "not_happy"
    },
    "mood_party": {
        "all": {
            "not_party": 0.119330607355,
            "party": 0.880669414997
        },
        "probability": 0.880669414997,
        "value": "party"
    },
    "mood_relaxed": {
        "all": {
            "not_relaxed": 0.939086079597,
            "relaxed": 0.0609139055014
        },
        "probability": 0.939086079597,
        "value": "not_relaxed"
    },
    "mood_sad": {
        "all": {
            "not_sad": 0.39056840539,
            "sad": 0.609431564808
        },
        "probability": 0.609431564808,
        "value": "sad"
    },
    "moods_mirex": {
        "all": {
            "Cluster1": 0.230723649263,
            "Cluster2": 0.0662970691919,
            "Cluster3": 0.475718438625,
            "Cluster4": 0.0989326611161,
            "Cluster5": 0.128328174353
        },
        "probability": 0.475718438625,
        "value": "Cluster3"
    },
    "timbre": {
        "all": {
            "bright": 0.98505449295,
            "dark": 0.0149455182254
        },
        "probability": 0.98505449295,
        "value": "bright"
    },
    "tonal_atonal": {
        "all": {
            "atonal": 0.000601112958975,
            "tonal": 0.999398887157
        },
        "probability": 0.999398887157,
        "value": "tonal"
    },
    "voice_instrumental": {
        "all": {
            "instrumental": 9.19138619793e-05,
            "voice": 0.999908089638
        },
        "probability": 0.999908089638,
        "value": "voice"
    }
},
"lowlevel": {
    "average_loudness": 0.985131382942,
    "barkbands_crest": {
        "dmean": 2.03220629692,
        "dmean2": 3.42311286926,
        "dvar": 3.09705972672,
        "dvar2": 8.93078422546,
        "max": 17.3969116211,
        "mean": 8.77748012543,
        "median": 8.20490550995,
        "min": 2.3964650631,
        "var": 10.5705318451
    },
    "barkbands_flatness_db": {
        "dmean": 0.0131470747292,
        "dmean2": 0.0221817623824,
        "dvar": 0.000129591615405,
        "dvar2": 0.000362523947842,
        "max": 0.204951390624,
        "mean": 0.121158964932,
        "median": 0.121365651488,
        "min": 0.0677554905415,
        "var": 0.000369228364434
    },
    "barkbands_kurtosis": {
        "dmean": 0.858596563339,
        "dmean2": 1.43772625923,
        "dvar": 0.743097901344,
        "dvar2": 2.06079411507,
        "max": 8.30548667908,
        "mean": 0.712899565697,
        "median": 0.516120433807,
        "min": -1.78315913677,
        "var": 1.27251970768
    },
    "barkbands_skewness": {
        "dmean": 0.331991165876,
        "dmean2": 0.551454663277,
        "dvar": 0.0808322355151,
        "dvar2": 0.222973361611,
        "max": 2.85492277145,
        "mean": 1.02639555931,
        "median": 1.01155352592,
        "min": -0.549387812614,
        "var": 0.212128892541
    },
    "barkbands_spread": {
        "dmean": 3.83464455605,
        "dmean2": 5.99234485626,
        "dvar": 14.5752696991,
        "dvar2": 31.2180366516,
        "max": 84.5222015381,
        "mean": 26.084903717,
        "median": 24.4506549835,
        "min": 8.95081710815,
        "var": 85.1348114014
    },
    "dissonance": {
        "dmean": 0.0154593428597,
        "dmean2": 0.0263712480664,
        "dvar": 0.000169230930624,
        "dvar2": 0.000484444579342,
        "max": 0.499560683966,
        "mean": 0.474486172199,
        "median": 0.477921009064,
        "min": 0.388377696276,
        "var": 0.00026324542705
    },
    "dynamic_complexity": 0.898927211761,
    "erbbands_crest": {
        "dmean": 2.53352856636,
        "dmean2": 4.30635070801,
        "dvar": 5.68869638443,
        "dvar2": 16.2109336853,
        "max": 25.1366939545,
        "mean": 7.73750543594,
        "median": 7.05449199677,
        "min": 2.96621322632,
        "var": 8.91162490845
    },
    "erbbands_flatness_db": {
        "dmean": 0.0150748584419,
        "dmean2": 0.0229913257062,
        "dvar": 0.000186624019989,
        "dvar2": 0.000433696084656,
        "max": 0.249347224832,
        "mean": 0.136037483811,
        "median": 0.135723635554,
        "min": 0.070811599493,
        "var": 0.000587043527048
    },
    "erbbands_kurtosis": {
        "dmean": 0.726837992668,
        "dmean2": 1.21725463867,
        "dvar": 0.778098404408,
        "dvar2": 2.22981667519,
        "max": 15.7803401947,
        "mean": 0.789133191109,
        "median": 0.641912221909,
        "min": -1.42784428596,
        "var": 1.14799034595
    },
    "erbbands_skewness": {
        "dmean": 0.223614901304,
        "dmean2": 0.370048344135,
        "dvar": 0.0333091877401,
        "dvar2": 0.0898057818413,
        "max": 1.52285289764,
        "mean": 0.176186487079,
        "median": 0.155316919088,
        "min": -0.756376564503,
        "var": 0.11114872247
    },
    "erbbands_spread": {
        "dmean": 6.26604604721,
        "dmean2": 10.0825147629,
        "dvar": 32.0230636597,
        "dvar2": 82.4189987183,
        "max": 98.1483078003,
        "mean": 32.4353294373,
        "median": 30.3803577423,
        "min": 6.23874521255,
        "var": 134.493347168
    },
    "hfc": {
        "dmean": 7.49955797195,
        "dmean2": 11.5524272919,
        "dvar": 71.0885162354,
        "dvar2": 134.785140991,
        "max": 221.170608521,
        "mean": 42.4149856567,
        "median": 38.3167915344,
        "min": 14.2269945145,
        "var": 521.108093262
    },
    "melbands_crest": {
        "dmean": 2.39481139183,
        "dmean2": 3.92830705643,
        "dvar": 5.09794569016,
        "dvar2": 12.9179553986,
        "max": 27.5333938599,
        "mean": 15.0714845657,
        "median": 13.9474182129,
        "min": 4.13665103912,
        "var": 35.3136367798
    },
    "melbands_flatness_db": {
        "dmean": 0.0152011364698,
        "dmean2": 0.0248318910599,
        "dvar": 0.000192859050003,
        "dvar2": 0.00053537794156,
        "max": 0.244865179062,
        "mean": 0.160218894482,
        "median": 0.161423519254,
        "min": 0.0781419724226,
        "var": 0.000762635550927
    },
    "melbands_kurtosis": {
        "dmean": 2.53968882561,
        "dmean2": 4.30206203461,
        "dvar": 7.98023986816,
        "dvar2": 22.9753780365,
        "max": 27.2556648254,
        "mean": 4.56660270691,
        "median": 3.64067983627,
        "min": -1.54969704151,
        "var": 14.548210144
    },
    "melbands_skewness": {
        "dmean": 0.490010648966,
        "dmean2": 0.811432123184,
        "dvar": 0.181997865438,
        "dvar2": 0.507191598415,
        "max": 4.79870414734,
        "mean": 1.8787997961,
        "median": 1.84918999672,
        "min": 0.0549767427146,
        "var": 0.591988325119
    },
    "melbands_spread": {
        "dmean": 5.10153245926,
        "dmean2": 8.45876121521,
        "dvar": 19.6754493713,
        "dvar2": 54.1708755493,
        "max": 73.9192581177,
        "mean": 27.6120967865,
        "median": 26.5297775269,
        "min": 9.26917362213,
        "var": 64.1375579834
    },
    "pitch_salience": {
        "dmean": 0.0570197254419,
        "dmean2": 0.0960769802332,
        "dvar": 0.0024504926987,
        "dvar2": 0.00675645144656,
        "max": 0.754033863544,
        "mean": 0.534464299679,
        "median": 0.543219029903,
        "min": 0.278234034777,
        "var": 0.00894451327622
    },
    "silence_rate_20dB": {
        "dmean": 0,
        "dmean2": 0,
        "dvar": 0,
        "dvar2": 0,
        "max": 1,
        "mean": 1,
        "median": 1,
        "min": 1,
        "var": 0
    },
    "silence_rate_30dB": {
        "dmean": 0,
        "dmean2": 0,
        "dvar": 0,
        "dvar2": 0,
        "max": 1,
        "mean": 1,
        "median": 1,
        "min": 1,
        "var": 0
    },
    "silence_rate_60dB": {
        "dmean": 0,
        "dmean2": 0,
        "dvar": 0,
        "dvar2": 0,
        "max": 0,
        "mean": 0,
        "median": 0,
        "min": 0,
        "var": 0
    },
    "spectral_centroid": {
        "dmean": 160.172592163,
        "dmean2": 263.067016602,
        "dvar": 18101.2519531,
        "dvar2": 48292.1601562,
        "max": 2839.24926758,
        "mean": 1376.47424316,
        "median": 1348.90246582,
        "min": 773.521179199,
        "var": 57674.3203125
    },
    "spectral_complexity": {
        "dmean": 3.45588231087,
        "dmean2": 5.8737411499,
        "dvar": 6.69852113724,
        "dvar2": 18.6401119232,
        "max": 47,
        "mean": 30.90873909,
        "median": 31,
        "min": 14,
        "var": 16.9908943176
    },
    "spectral_decrease": {
        "dmean": 2.21956031332e-09,
        "dmean2": 3.68481045676e-09,
        "dvar": 4.5418026573e-18,
        "dvar2": 1.24566906883e-17,
        "max": -3.91664478627e-09,
        "mean": -1.1615877149e-08,
        "median": -1.14821201436e-08,
        "min": -2.57893759681e-08,
        "var": 9.54983491351e-18
    },
    "spectral_energy": {
        "dmean": 0.00872997939587,
        "dmean2": 0.0145300226286,
        "dvar": 6.87588544679e-05,
        "dvar2": 0.000187098747119,
        "max": 0.100562624633,
        "mean": 0.0476881638169,
        "median": 0.0467537082732,
        "min": 0.0165592394769,
        "var": 0.000142485208926
    },
    "spectral_energyband_high": {
        "dmean": 0.000473690830404,
        "dmean2": 0.000677141477354,
        "dvar": 6.57579903418e-07,
        "dvar2": 9.79531591838e-07,
        "max": 0.020312583074,
        "mean": 0.0018714525504,
        "median": 0.00128324888647,
        "min": 0.00035981804831,
        "var": 5.34174296263e-06
    },
    "spectral_energyband_low": {
        "dmean": 0.00609823456034,
        "dmean2": 0.0102152694017,
        "dvar": 6.11319192103e-05,
        "dvar2": 0.000169977138285,
        "max": 0.0823967084289,
        "mean": 0.0164914336056,
        "median": 0.0155275939032,
        "min": 0.00042588141514,
        "var": 0.000153375789523
    },
    "spectral_energyband_middle_high": {
        "dmean": 0.00403237808496,
        "dmean2": 0.00671925302595,
        "dvar": 1.62705400726e-05,
        "dvar2": 4.6161323553e-05,
        "max": 0.0544495359063,
        "mean": 0.0146613698453,
        "median": 0.0134982652962,
        "min": 0.00491801369935,
        "var": 3.88564549212e-05
    },
    "spectral_energyband_middle_low": {
        "dmean": 0.00401462800801,
        "dmean2": 0.00645638490096,
        "dvar": 1.57912309078e-05,
        "dvar2": 4.07771294704e-05,
        "max": 0.0469802506268,
        "mean": 0.0163703523576,
        "median": 0.0151188522577,
        "min": 0.00270601036027,
        "var": 7.52526175347e-05
    },
    "spectral_entropy": {
        "dmean": 0.0815214291215,
        "dmean2": 0.128357723355,
        "dvar": 0.00522012030706,
        "dvar2": 0.0119428504258,
        "max": 8.6288690567,
        "mean": 7.84514570236,
        "median": 7.82523298264,
        "min": 7.35443592072,
        "var": 0.0267586652189
    },
    "spectral_flux": {
        "dmean": 0.0182487331331,
        "dmean2": 0.0282838791609,
        "dvar": 0.000277525687125,
        "dvar2": 0.00062343274476,
        "max": 0.221311435103,
        "mean": 0.105708159506,
        "median": 0.101914480329,
        "min": 0.0532128587365,
        "var": 0.000676680996548
    },
    "spectral_kurtosis": {
        "dmean": 0.772181808949,
        "dmean2": 1.3085706234,
        "dvar": 0.421727091074,
        "dvar2": 1.14881694317,
        "max": 11.3594293594,
        "mean": 3.5858631134,
        "median": 3.56450366974,
        "min": -0.270224094391,
        "var": 1.2987074852
    },
    "spectral_rms": {
        "dmean": 0.000619498081505,
        "dmean2": 0.00102684029844,
        "dvar": 3.11011319809e-07,
        "dvar2": 8.46173008995e-07,
        "max": 0.0099050430581,
        "mean": 0.00676767947152,
        "median": 0.0067537673749,
        "min": 0.00401937263086,
        "var": 7.23556752291e-07
    },
    "spectral_rolloff": {
        "dmean": 250.814651489,
        "dmean2": 412.600067139,
        "dvar": 291750.21875,
        "dvar2": 449213.375,
        "max": 11455.6640625,
        "mean": 1654.20727539,
        "median": 1356.59179688,
        "min": 215.33203125,
        "var": 1958511.875
    },
    "spectral_skewness": {
        "dmean": 0.131601601839,
        "dmean2": 0.215983584523,
        "dvar": 0.0126322237775,
        "dvar2": 0.0300669092685,
        "max": 2.88251495361,
        "mean": 1.52087974548,
        "median": 1.53306114674,
        "min": 0.81960105896,
        "var": 0.0442820489407
    },
    "spectral_spread": {
        "dmean": 408699.40625,
        "dmean2": 586715.8125,
        "dvar": 251391131648,
        "dvar2": 478414635008,
        "max": 12603327,
        "mean": 4993674.5,
        "median": 4672255,
        "min": 3487954.25,
        "var": 1.53793934131e+12
    },
    "spectral_strongpeak": {
        "dmean": 0.622855007648,
        "dmean2": 1.10400831699,
        "dvar": 1.22432720661,
        "dvar2": 3.19019675255,
        "max": 10.6210374832,
        "mean": 0.934933304787,
        "median": 0.574384629726,
        "min": 0.100840032101,
        "var": 1.11944448948
    },
    "zerocrossingrate": {
        "dmean": 0.00815679132938,
        "dmean2": 0.0100644184276,
        "dvar": 7.81202688813e-05,
        "dvar2": 7.89116602391e-05,
        "max": 0.28466796875,
        "mean": 0.0683318078518,
        "median": 0.0615234375,
        "min": 0.0302734375,
        "var": 0.00102748861536
    },
    "barkbands": {
        "dmean": [4.05204409617e-05, 0.00229338905774, 0.00413659214973, 0.00144531717524, 0.00201832200401, 0.00108921038918, 0.000827930751257, 0.000760560506023, 0.00176951906178, 0.00114751188084, 0.000896619458217, 0.00224260124378, 0.00164075847715, 0.00112793827429, 0.00067057996057, 0.000207676188438, 0.000120317024994, 0.000145666548633, 0.000127911451273, 0.000163425705978, 0.000141408483614, 9.34121999308e-05, 9.17462166399e-05, 7.18454466551e-05, 0.000103383470559, 0.000135126174428, 3.47383899424e-09],
        "dmean2": [6.23462474323e-05, 0.003603028832, 0.00719948392361, 0.00249762856402, 0.00331292743795, 0.00169947161339, 0.001258041244, 0.00124929007143, 0.00292412936687, 0.0018646774115, 0.00150090316311, 0.00388861470856, 0.00276246084832, 0.00189388531726, 0.00116691039875, 0.000348611152731, 0.000207341727219, 0.00025070348056, 0.000218462984776, 0.000276617181953, 0.000236801497522, 0.000155323097715, 0.000146157603012, 0.000110894427053, 0.000139270414365, 0.000200765163754, 5.54170176414e-09],
        "dvar": [1.00243724432e-08, 2.65927938017e-05, 2.58542822849e-05, 3.92444053432e-06, 7.33513752493e-06, 2.73302953246e-06, 1.30863656977e-06, 1.25821713937e-06, 4.63268270323e-06, 2.97621545542e-06, 1.21186712931e-06, 1.08171652755e-05, 3.16270620715e-06, 2.23263987209e-06, 5.31475052412e-07, 5.67101103854e-08, 2.26046452667e-08, 2.04318091335e-08, 1.65205964464e-08, 3.1656131938e-08, 2.18759907966e-08, 3.26834772579e-08, 2.33765522495e-08, 2.27025580557e-08, 1.42773586731e-07, 6.63739427864e-08, 1.1620370888e-15],
        "dvar2": [2.16763567096e-08, 6.36916593066e-05, 7.91695347289e-05, 1.1075682778e-05, 1.9487037207e-05, 6.93186484568e-06, 2.68468170361e-06, 2.83481631413e-06, 1.12451152745e-05, 7.86575037637e-06, 3.18157253787e-06, 3.11390249408e-05, 8.80454444996e-06, 6.25496431894e-06, 1.50897517415e-06, 1.48528258137e-07, 6.40773833993e-08, 5.39376827646e-08, 4.74140513518e-08, 8.1585881162e-08, 5.42136291415e-08, 8.19130505647e-08, 5.10615869587e-08, 4.87673155192e-08, 1.95599952235e-07, 1.46922161548e-07, 1.23027025138e-15],
        "max": [0.00103226245847, 0.0482107810676, 0.0506330505013, 0.0214297771454, 0.0325903110206, 0.0226835310459, 0.0210162773728, 0.0206930339336, 0.0257499944419, 0.0237329583615, 0.0102181751281, 0.0487835928798, 0.018737802282, 0.0190765336156, 0.00979579333216, 0.00320875411853, 0.00286859017797, 0.00193423114251, 0.00160559790675, 0.00445712171495, 0.00263933301903, 0.00338974036276, 0.00301265437156, 0.00348217226565, 0.0113974045962, 0.00410109851509, 1.20547758797e-06],
        "mean": [4.22021730628e-05, 0.00369400018826, 0.0113572804257, 0.00272668269463, 0.00498053291813, 0.00226133409888, 0.00196049408987, 0.00129496445879, 0.00274815876037, 0.001841276302, 0.00156031816732, 0.0034080746118, 0.00301507511176, 0.00208531902172, 0.00135551369749, 0.000439444120275, 0.000239377826802, 0.000338802608894, 0.000311306997901, 0.000460008741356, 0.000385249062674, 0.000240789391682, 0.000257427338511, 0.000171300838701, 0.000311944633722, 0.000201297269086, 2.91602142433e-09],
        "median": [6.37318589725e-06, 0.00270846113563, 0.0115644223988, 0.00201308075339, 0.00316026574001, 0.00139055657201, 0.00126791233197, 0.000873232842423, 0.00183871889021, 0.00100095500238, 0.000990831293166, 0.00236775167286, 0.00234155333601, 0.00137539126445, 0.00109334406443, 0.00032622780418, 0.000191421015188, 0.000286059628706, 0.000254429032793, 0.000415663729655, 0.000332676252583, 0.00016791051894, 0.000169237042428, 9.850171773e-05, 9.94540314423e-05, 7.26832513465e-05, 6.1479293878e-10],
        "min": [8.55019344215e-09, 2.19828208969e-07, 1.2081271052e-05, 2.39114797296e-05, 0.000148729392095, 5.19556415384e-05, 4.10475804529e-05, 3.82120997529e-05, 0.000120123761008, 3.67675784219e-05, 3.46475098922e-05, 8.14886298031e-05, 0.000310407514917, 8.26140312711e-05, 0.000183646465302, 4.90470156365e-05, 3.80173623853e-05, 3.34601645591e-05, 3.64271036233e-05, 9.04995104065e-05, 6.78516225889e-05, 3.02254375129e-05, 4.48603859695e-05, 6.7762953222e-06, 9.69768098003e-06, 1.60093895829e-06, 1.33556091533e-11],
        "var": [1.16002425443e-08, 3.31427654601e-05, 8.51694640005e-05, 6.89577473167e-06, 2.54269816651e-05, 6.69397195452e-06, 4.59501825389e-06, 2.52244103649e-06, 8.3257764345e-06, 5.47518629901e-06, 2.60954584519e-06, 1.1918888049e-05, 5.28859754922e-06, 4.50795596407e-06, 1.01062812519e-06, 1.42278494764e-07, 3.8443111805e-08, 4.95185119576e-08, 3.68594506028e-08, 6.04326757525e-08, 5.09274613592e-08, 7.43803738601e-08, 9.4579910126e-08, 9.11816613325e-08, 1.11805809411e-06, 1.97611697672e-07, 1.15065995401e-15]
    },
    "erbbands": {
        "dmean": [0.0562869496644, 0.595863819122, 3.57074785233, 4.93170452118, 6.19901752472, 7.43590688705, 5.37467241287, 10.7741804123, 13.3380069733, 11.8561182022, 23.2946014404, 34.7345695496, 37.6578865051, 24.6336193085, 32.0975532532, 82.7887954712, 77.5667190552, 41.6893196106, 39.668422699, 28.9495601654, 10.0975751877, 6.91468381882, 5.3278222084, 9.52348423004, 4.33179712296, 7.84317398071, 8.07114601135, 3.80303406715, 3.19173645973, 2.82950520515, 2.75330972672, 1.5912681818, 1.29588937759, 1.23850846291, 0.836199581623, 0.452631384134, 0.366193115711, 0.0222778562456, 0.000407638290199, 2.5274384825e-05],
        "dmean2": [0.0819811820984, 0.98954731226, 6.24622917175, 8.48927116394, 10.0023059845, 12.5272798538, 8.6902923584, 16.8891811371, 20.4743366241, 18.9706916809, 38.3000488281, 57.4496879578, 60.8741111755, 40.723575592, 53.812713623, 141.696212769, 131.032623291, 71.3487167358, 66.1903152466, 50.5042953491, 17.0394687653, 11.9397525787, 9.06587791443, 16.2235469818, 7.36845684052, 13.3135499954, 13.8112096786, 6.32966327667, 5.33389949799, 4.647315979, 4.47139835358, 2.50425219536, 1.93291294575, 1.82477772236, 1.25703990459, 0.622360944748, 0.573533296585, 0.0348995104432, 0.000628814741503, 3.8090372982e-05],
        "dvar": [0.0200280249119, 1.60740756989, 22.7475280762, 34.6739768982, 65.5838775635, 132.702941895, 41.0824546814, 311.438079834, 449.990814209, 185.265563965, 1000.43536377, 1654.81323242, 2992.25195312, 744.322387695, 1389.72094727, 14909.3408203, 7317.33105469, 2223.27294922, 2341.88012695, 1213.58618164, 161.971481323, 88.7276535034, 33.498298645, 81.8825531006, 24.3143997192, 71.5776138306, 73.3320541382, 31.5134391785, 39.1522331238, 30.3119869232, 24.948425293, 8.15098953247, 11.7868309021, 19.9833316803, 11.7198705673, 1.59042823315, 0.491673439741, 0.00193768704776, 6.19722527517e-07, 1.49706791408e-09],
        "dvar2": [0.0410884693265, 4.15781641006, 67.9613952637, 101.668922424, 178.987686157, 363.939300537, 104.308479309, 778.408691406, 960.860595703, 431.955413818, 2449.1003418, 3899.75439453, 7873.93896484, 1955.38781738, 3862.26220703, 42649.1914062, 20724.9121094, 6318.11425781, 6361.72607422, 3606.86743164, 450.303436279, 253.038925171, 92.7753219604, 219.50189209, 63.2117500305, 186.201538086, 186.750762939, 69.2107391357, 99.3124313354, 71.9200439453, 59.5317115784, 18.9219875336, 23.2073955536, 35.858745575, 23.3490200043, 2.6107275486, 1.18034756184, 0.00474894233048, 1.49399920701e-06, 3.39343508848e-09],
        "max": [1.11949968338, 13.100268364, 47.3126068115, 77.4939804077, 115.938011169, 109.467025757, 95.2051467896, 267.633392334, 361.944854736, 227.137268066, 543.17010498, 550.065246582, 675.339538574, 412.43460083, 402.77456665, 1834.31689453, 876.092712402, 545.250427246, 674.61907959, 518.024475098, 194.513183594, 171.012023926, 75.7204818726, 113.437950134, 79.8023834229, 204.748733521, 187.583404541, 100.054649353, 131.386871338, 110.653839111, 90.5928878784, 51.836566925, 95.1923904419, 125.663467407, 90.7943267822, 32.0654411316, 7.23494100571, 0.487805783749, 0.00820015836507, 0.000559192092624],
        "mean": [0.0722262188792, 1.17655611038, 11.3825454712, 10.8683481216, 15.5280647278, 14.8821401596, 12.045378685, 21.493927002, 27.0303611755, 26.9391040802, 41.5438537598, 56.3653945923, 62.1484680176, 51.7976226807, 66.5426177979, 139.572296143, 148.600891113, 93.7035064697, 85.9674224854, 60.2762641907, 22.7621822357, 14.9195280075, 14.5047683716, 23.2619857788, 12.8435592651, 21.9371700287, 22.4964294434, 11.0622615814, 8.44683170319, 7.45148324966, 7.26859092712, 3.8430981636, 3.03834581375, 3.37763357162, 2.17496156693, 0.96793872118, 0.433497697115, 0.0250651948154, 0.000527029449586, 8.62181404955e-05],
        "median": [0.017505818978, 0.972380936146, 9.77592658997, 9.4582567215, 9.39283561707, 10.0231637955, 8.96452713013, 12.5011901855, 14.0215206146, 19.7624111176, 28.8942050934, 40.1025085449, 34.4743347168, 39.790512085, 50.4220428467, 100.669258118, 121.470581055, 68.3233032227, 60.0645370483, 47.0178909302, 17.2859611511, 11.8755350113, 12.0836610794, 19.8964176178, 10.5001401901, 19.7375984192, 20.3571777344, 8.70439815521, 5.95596551895, 4.95781993866, 4.65350389481, 2.479596138, 1.4715487957, 1.17681419849, 0.596471786499, 0.261018484831, 0.157383859158, 0.0087553774938, 0.000206144235563, 6.99051524862e-05],
        "min": [0.000101536184957, 0.00194554915652, 0.0996071621776, 0.288522452116, 0.528773367405, 0.633403360844, 1.14574503899, 0.816207289696, 1.20262885094, 1.22226393223, 2.37804746628, 3.73731923103, 2.52057671547, 2.09410643578, 6.52786970139, 10.897562027, 19.1464080811, 13.3712873459, 12.1014556885, 7.69470119476, 3.72948503494, 2.54875993729, 2.88608336449, 3.8761036396, 2.79030966759, 3.86991333961, 3.74507188797, 2.38531136513, 1.48857438564, 1.4156485796, 1.06344151497, 0.230987802148, 0.168283164501, 0.11621684581, 0.0561826452613, 0.00669866707176, 0.00460702180862, 0.000192762134247, 2.37519197981e-05, 2.27215004998e-05],
        "var": [0.0273580756038, 2.06017518044, 93.0841522217, 45.045135498, 303.825836182, 213.897735596, 114.132286072, 692.686218262, 1274.23974609, 581.854431152, 1889.26757812, 3078.26074219, 5955.11132812, 1866.76025391, 2853.69555664, 16923.1503906, 10923.7158203, 5682.19970703, 4947.88964844, 2099.9597168, 366.61517334, 141.227081299, 74.6833343506, 173.034866333, 65.786277771, 132.222351074, 129.251159668, 92.8105697632, 81.8810577393, 74.578918457, 86.789276123, 24.1359596252, 54.0471839905, 117.124046326, 61.4844398499, 9.62736797333, 0.654458463192, 0.00226253597066, 8.88030228907e-07, 3.98198674034e-09]
    },
    "gfcc": {
        "mean": [77.3652038574, 76.7460021973, -122.642738342, 19.4441623688, -60.6915054321, 26.6347541809, -38.8089065552, 0.975142717361, -38.3769111633, 9.72664451599, -25.2627677917, -6.91988420486, -22.807050705],
        "cov": [[350.654388428, -182.694488525, 179.143310547, -77.7644119263, -3.61294603348, 19.0266189575, -28.3228740692, 60.733215332, -5.13799858093, 35.3296546936, -22.7673187256, 55.8894500732, -16.9434986115], [-182.694488525, 404.186431885, -106.413902283, 133.297805786, 102.438476562, 25.061958313, 97.9983596802, 20.9519023895, 75.5834884644, 1.03527808189, 78.164024353, -24.5563220978, 51.4047698975], [179.143310547, -106.413902283, 272.838562012, 49.4298782349, 91.9647064209, 75.187713623, 47.9918937683, 72.3184127808, 40.2858657837, 70.1030426025, 5.28502225876, 64.9770965576, -19.9338932037], [-77.7644119263, 133.297805786, 49.4298782349, 192.918930054, 111.727890015, 84.4371414185, 78.9697570801, 45.8726882935, 76.3927154541, 35.9222984314, 58.398563385, 14.9671125412, 21.8061847687], [-3.61294603348, 102.438476562, 91.9647064209, 111.727890015, 181.446502686, 78.805480957, 100.152709961, 56.2315826416, 64.986869812, 47.4660148621, 38.6262741089, 37.0026893616, 4.22043275833], [19.0266189575, 25.061958313, 75.187713623, 84.4371414185, 78.805480957, 124.813804626, 82.7039642334, 56.0255889893, 47.5279083252, 32.784072876, 33.9126052856, 16.9355602264, 14.1633749008], [-28.3228740692, 97.9983596802, 47.9918937683, 78.9697570801, 100.152709961, 82.7039642334, 131.767700195, 60.2848892212, 57.9657440186, 28.3659820557, 34.3408851624, 18.893404007, 0.736993014812], [60.733215332, 20.9519023895, 72.3184127808, 45.8726882935, 56.2315826416, 56.0255889893, 60.2848892212, 94.0094146729, 53.5434951782, 31.0119400024, 18.3029155731, 21.2576160431, 10.1285467148], [-5.13799858093, 75.5834884644, 40.2858657837, 76.3927154541, 64.986869812, 47.5279083252, 57.9657440186, 53.5434951782, 83.335647583, 43.7674026489, 38.6730041504, 17.9203872681, 7.61678028107], [35.3296546936, 1.03527808189, 70.1030426025, 35.9222984314, 47.4660148621, 32.784072876, 28.3659820557, 31.0119400024, 43.7674026489, 68.2503738403, 33.8222427368, 23.5847625732, 1.73076033592], [-22.7673187256, 78.164024353, 5.28502225876, 58.398563385, 38.6262741089, 33.9126052856, 34.3408851624, 18.3029155731, 38.6730041504, 33.8222427368, 65.7522277832, 24.7979393005, 15.0677452087], [55.8894500732, -24.5563220978, 64.9770965576, 14.9671125412, 37.0026893616, 16.9355602264, 18.893404007, 21.2576160431, 17.9203872681, 23.5847625732, 24.7979393005, 65.2676010132, 8.35115718842], [-16.9434986115, 51.4047698975, -19.9338932037, 21.8061847687, 4.22043275833, 14.1633749008, 0.736993014812, 10.1285467148, 7.61678028107, 1.73076033592, 15.0677452087, 8.35115718842, 51.7084083557]],
        "icov": [[0.00795549619943, -0.000382724829251, -0.00400072755292, 0.00471296906471, 7.98696055426e-05, -0.00277195614763, 0.00507502397522, -0.00569453230128, 0.000621256534941, -0.000120031188999, 0.000279898842564, -0.00343797495589, 0.00163949176203], [-0.000382724829251, 0.0110895475373, -5.77499995416e-05, -0.000633497955278, -0.00568729359657, 0.00921929907054, -0.00784335192293, 0.00308182602748, -0.00687574315816, 0.00911046378314, -0.0136145791039, 0.0119407130405, -0.0107112089172], [-0.00400072755292, -5.77499995416e-05, 0.0134249068797, -0.00534365000203, -0.000765991571825, -0.00366728706285, 0.000436815636931, -0.00240936805494, 0.00445763161406, -0.0106267379597, 0.0098572447896, -0.00857805926353, 0.00592017546296], [0.00471296906471, -0.000633497955278, -0.00534365000203, 0.0166593771428, -0.00491639086977, -0.00474713556468, 0.00405094726011, -0.000152703680214, -0.00822618044913, 0.00647024996579, -0.00790852028877, 0.00336445262656, -0.0024813618511], [7.98696055426e-05, -0.00568729359657, -0.000765991571825, -0.00491639086977, 0.0166792422533, -0.00448039686307, -0.00303607177921, -0.000690362649038, 0.00341977644712, -0.00840071123093, 0.0102571770549, -0.0100654922426, 0.00591659266502], [-0.00277195614763, 0.00921929907054, -0.00366728706285, -0.00474713556468, -0.00448039686307, 0.0279407035559, -0.0165070556104, 0.0018987939693, -0.00370045145974, 0.00836347322911, -0.0158839970827, 0.0159273892641, -0.0145880840719], [0.00507502397522, -0.00784335192293, 0.000436815636931, 0.00405094726011, -0.00303607177921, -0.0165070556104, 0.0293969884515, -0.0111880516633, 0.00143918045796, -0.00318502029404, 0.00736446958035, -0.011361381039, 0.0140455672517], [-0.00569453230128, 0.00308182602748, -0.00240936805494, -0.000152703680214, -0.000690362649038, 0.0018987939693, -0.0111880516633, 0.0292616710067, -0.0159407518804, 0.00548806600273, -0.00171476125252, 0.00642715161666, -0.0102040339261], [0.000621256534941, -0.00687574315816, 0.00445763161406, -0.00822618044913, 0.00341977644712, -0.00370045145974, 0.00143918045796, -0.0159407518804, 0.0415709167719, -0.0214028544724, 0.00668290723115, -0.00940129254013, 0.010226726532], [-0.000120031188999, 0.00911046378314, -0.0106267379597, 0.00647024996579, -0.00840071123093, 0.00836347322911, -0.00318502029404, 0.00548806600273, -0.0214028544724, 0.0457744300365, -0.0296203754842, 0.016343338415, -0.0109439687803], [0.000279898842564, -0.0136145791039, 0.0098572447896, -0.00790852028877, 0.0102571770549, -0.0158839970827, 0.00736446958035, -0.00171476125252, 0.00668290723115, -0.0296203754842, 0.0564869567752, -0.0308907795697, 0.0130418380722], [-0.00343797495589, 0.0119407130405, -0.00857805926353, 0.00336445262656, -0.0100654922426, 0.0159273892641, -0.011361381039, 0.00642715161666, -0.00940129254013, 0.016343338415, -0.0308907795697, 0.0442239977419, -0.0196640398353], [0.00163949176203, -0.0107112089172, 0.00592017546296, -0.0024813618511, 0.00591659266502, -0.0145880840719, 0.0140455672517, -0.0102040339261, 0.010226726532, -0.0109439687803, 0.0130418380722, -0.0196640398353, 0.0374002344906]]
    },
    "melbands": {
        "dmean": [0.000576861086302, 0.00146252801642, 0.000841132074129, 0.000502924085595, 0.00020777710597, 0.000241397312493, 0.000180438015377, 0.000134415458888, 0.000237282496528, 0.000214184474316, 0.000199542351766, 0.000110408851469, 0.000126369952341, 0.000144833917147, 0.000329720205627, 0.000117855197459, 8.75237237778e-05, 8.3307546447e-05, 5.46044793737e-05, 2.25404819503e-05, 1.16737828648e-05, 8.7436146714e-06, 4.78492620459e-06, 7.24281926523e-06, 8.79960498423e-06, 4.01267197958e-06, 3.89225760955e-06, 6.27784447715e-06, 6.04795923209e-06, 3.77319747713e-06, 2.63975425696e-06, 2.13123871617e-06, 1.92443212654e-06, 1.77567085302e-06, 1.76981416189e-06, 1.43373483752e-06, 9.79777496468e-07, 9.22950391669e-07, 1.075236014e-06, 1.28505371322e-06],
        "dmean2": [0.000857583014295, 0.00254003261216, 0.00144431984518, 0.000823715236038, 0.00034012409742, 0.000377076270524, 0.000277841259958, 0.000216615982936, 0.000390740198782, 0.000353412877303, 0.000322512030834, 0.000182704665349, 0.000211840102565, 0.000246102310484, 0.000564450805541, 0.000199156958843, 0.000149237050209, 0.000138824150781, 9.45870997384e-05, 3.88698099414e-05, 1.96114597202e-05, 1.52730863192e-05, 8.07222659205e-06, 1.24226053231e-05, 1.50366349772e-05, 6.83010284774e-06, 6.61146123093e-06, 1.06926545413e-05, 1.04231767182e-05, 6.39854624751e-06, 4.49234130429e-06, 3.57937574336e-06, 3.2241982808e-06, 2.89702734335e-06, 2.86347381007e-06, 2.35272477767e-06, 1.54932092755e-06, 1.41072121096e-06, 1.63570655332e-06, 2.0075356133e-06],
        "dvar": [1.838921321e-06, 3.88586977351e-06, 8.50006131259e-07, 4.66322916282e-07, 5.90888475926e-08, 1.38293287932e-07, 7.46038608668e-08, 2.56776875318e-08, 9.50943217504e-08, 7.21924706681e-08, 8.45288781193e-08, 1.57184949501e-08, 2.19009752556e-08, 3.41250796509e-08, 2.16336388803e-07, 1.40315643549e-08, 1.12164979527e-08, 1.26266961331e-08, 3.5893599204e-09, 7.07983394133e-10, 2.38171982136e-10, 1.61875401972e-10, 2.52331870676e-11, 5.87820764286e-11, 7.11433342793e-11, 2.01510752529e-11, 2.14361740164e-11, 4.81659226392e-11, 4.85356893565e-11, 1.748477578e-11, 1.68813157897e-11, 1.49964294455e-11, 1.79735011596e-11, 9.70004025019e-12, 8.68228926254e-12, 6.75956773194e-12, 2.83771183635e-12, 4.47306688217e-12, 1.25719183328e-11, 2.66698677032e-11],
        "dvar2": [4.15524709751e-06, 1.14972835945e-05, 2.49522622653e-06, 1.25066253531e-06, 1.53964919036e-07, 3.44771876826e-07, 1.60852323461e-07, 5.82178714126e-08, 2.44214675149e-07, 1.68119271393e-07, 2.22197968469e-07, 4.14134788684e-08, 5.80445913556e-08, 1.0130685979e-07, 6.2977341031e-07, 4.04167295187e-08, 3.1652980681e-08, 3.45839801241e-08, 1.02242250222e-08, 2.05741423898e-09, 6.78671174814e-10, 4.60075616493e-10, 6.93353360837e-11, 1.65875521652e-10, 1.92422883183e-10, 5.29401453231e-11, 5.65529498231e-11, 1.23689447573e-10, 1.2295454932e-10, 4.39649497364e-11, 3.94881800869e-11, 3.81695682006e-11, 4.51108733701e-11, 2.37235283501e-11, 2.10042122584e-11, 1.56365701637e-11, 6.97738308103e-12, 1.01109528736e-11, 2.1571617756e-11, 5.99287980352e-11],
        "max": [0.011126158759, 0.0207961257547, 0.0110634909943, 0.00831650942564, 0.00270144641399, 0.00533101800829, 0.0047193877399, 0.00232463236898, 0.00414444925264, 0.00341992918402, 0.00355781591497, 0.0017640858423, 0.00137829175219, 0.0023680254817, 0.00640151323751, 0.00126457132865, 0.00132702989504, 0.00155715667643, 0.000720925396308, 0.000329967326252, 0.000245411443757, 0.000232292892179, 8.06428797659e-05, 8.9830646175e-05, 0.000104928702058, 6.74089606036e-05, 8.26765099191e-05, 0.000172949003172, 0.000172481144546, 8.82804815774e-05, 7.42339907447e-05, 6.6378765041e-05, 7.92320715846e-05, 5.69413314224e-05, 5.55104343221e-05, 5.13242557645e-05, 2.25186322496e-05, 4.96031716466e-05, 0.000103184531326, 0.000131896682433],
        "mean": [0.000800546898972, 0.00437363190576, 0.00209227157757, 0.00121497770306, 0.000447784375865, 0.000500647118315, 0.000390582659747, 0.000279663625406, 0.000402119476348, 0.000339127262123, 0.000318410951877, 0.000218394663534, 0.000233484781347, 0.000253694626736, 0.000510018551722, 0.000228665274335, 0.000179177819518, 0.000157216214575, 0.000108282947622, 4.55013359897e-05, 2.20642450586e-05, 1.58653092512e-05, 1.08795611595e-05, 1.63786644407e-05, 1.97761582967e-05, 9.43465602177e-06, 9.76729552349e-06, 1.59313804033e-05, 1.55179459398e-05, 8.72378586791e-06, 6.23369260211e-06, 5.04107811139e-06, 4.05499440603e-06, 4.2818574002e-06, 4.40463827545e-06, 3.32852664542e-06, 1.96581549972e-06, 1.89513912119e-06, 2.47224852501e-06, 3.04085165226e-06],
        "median": [0.000413571222452, 0.00380085525103, 0.00190196139738, 0.000750548380893, 0.000341187522281, 0.000310378702125, 0.000226643925998, 0.00020417063206, 0.000272034376394, 0.000228324643103, 0.000173066262505, 0.000166739962879, 0.000163445060025, 0.000183303200174, 0.000360170466593, 0.000181329276529, 0.00012448184134, 0.000100993893284, 8.49798016134e-05, 3.43352330674e-05, 1.54062818183e-05, 1.1825240108e-05, 9.27221117308e-06, 1.33582079798e-05, 1.68221959029e-05, 7.30137298888e-06, 8.27851454233e-06, 1.43148281495e-05, 1.39893099913e-05, 7.33523938834e-06, 4.794040251e-06, 3.638316457e-06, 2.59973739958e-06, 2.90690331894e-06, 2.8933663998e-06, 2.06256959245e-06, 1.26587440263e-06, 9.68968834059e-07, 9.93402181848e-07, 1.00713748452e-06],
        "min": [9.82462324828e-08, 9.47714761423e-06, 4.9762744311e-05, 2.50079319812e-05, 3.94603703171e-05, 1.58052207553e-05, 1.5182563402e-05, 9.15575219551e-06, 9.56283020059e-06, 2.00876947929e-05, 9.34949184739e-06, 7.00749296811e-06, 9.82527490123e-06, 8.34571346786e-06, 3.74281480617e-05, 2.21191658056e-05, 9.9506614788e-06, 1.34184010676e-05, 9.44695420912e-06, 5.40885457667e-06, 2.10925281863e-06, 1.76598541657e-06, 1.42142357618e-06, 1.09490395062e-06, 2.86246222458e-06, 7.14609825536e-07, 1.06265736122e-06, 2.30957084568e-06, 2.31746730606e-06, 9.06856257643e-07, 1.22756568999e-06, 6.95484402513e-07, 4.4433593871e-07, 8.28175018341e-07, 6.30080478459e-07, 2.02582597808e-07, 8.22495351827e-08, 6.1446961297e-08, 9.36435426979e-08, 8.14647123093e-08],
