{
"highlevel": {
    "danceability": {
        "all": {
            "danceable": 0.173236116767,
            "not_danceable": 0.826763868332
        },
        "probability": 0.826763868332,
        "value": "not_danceable"
    },
    "gender": {
        "all": {
            "female": 0.149562940001,
            "male": 0.850437045097
        },
        "probability": 0.850437045097,
        "value": "male"
    },
    "genre_dortmund": {
        "all": {
            "alternative": 0.055194273591,
            "blues": 0.025839984417,
            "electronic": 0.111549898982,
            "folkcountry": 0.0073840431869,
            "funksoulrnb": 0.0074327820912,
            "jazz": 0.017786340788,
            "pop": 0.0179562810808,
            "raphiphop": 0.0397335402668,
            "rock": 0.717122852802
        },
        "probability": 0.717122852802,
        "value": "rock"
    },
    "genre_electronic": {
        "all": {
            "ambient": 0.0779662579298,
            "dnb": 0.887099325657,
            "house": 0.00380403525196,
            "techno": 0.00670139910653,
            "trance": 0.0244289953262
        },
        "probability": 0.887099325657,
        "value": "dnb"
    },
    "genre_rosamerica": {
        "all": {
            "cla": 0.000665276951622,
            "dan": 0.0261008217931,
            "hip": 0.00926127564162,
            "jaz": 0.00113600923214,
            "pop": 0.0109620178118,
            "rhy": 0.000882086693309,
            "roc": 0.950268924236,
            "spe": 0.000723589502741
        },
        "probability": 0.950268924236,
        "value": "roc"
    },
    "genre_tzanetakis": {
        "all": {
            "blu": 0.0626541376114,
            "cla": 0.0348133966327,
            "cou": 0.0783501937985,
            "dis": 0.104547761381,
            "hip": 0.15693578124,
            "jaz": 0.313987255096,
            "met": 0.044816005975,
            "pop": 0.0627349764109,
            "reg": 0.0627352520823,
            "roc": 0.0784252434969
        },
        "probability": 0.313987255096,
        "value": "jaz"
    },
    "ismir04_rhythm": {
        "all": {
            "ChaChaCha": 0.00623101647943,
            "Jive": 0.807229995728,
            "Quickstep": 0.00309352367185,
            "Rumba-American": 0.000691911031026,
            "Rumba-International": 0.000550883589312,
            "Rumba-Misc": 0.000145326470374,
            "Samba": 0.180077239871,
            "Tango": 0.000208913115785,
            "VienneseWaltz": 0.00151181302499,
            "Waltz": 0.000259384687524
        },
        "probability": 0.807229995728,
        "value": "Jive"
    },
    "mood_acoustic": {
        "all": {
            "acoustic": 0.00344319758005,
            "not_acoustic": 0.996556818485
        },
        "probability": 0.996556818485,
        "value": "not_acoustic"
    },
    "mood_aggressive": {
        "all": {
            "aggressive": 0.999253332615,
            "not_aggressive": 0.000746642472222
        },
        "probability": 0.999253332615,
        "value": "aggressive"
    },
    "mood_electronic": {
        "all": {
            "electronic": 0.608127892017,
            "not_electronic": 0.391872107983
        },
        "probability": 0.608127892017,
        "value": "electronic"
    },
    "mood_happy": {
        "all": {
            "happy": 0.554138362408,
            "not_happy": 0.445861667395
        },
        "probability": 0.554138362408,
        "value": "happy"
    },
    "mood_party": {
        "all": {
            "not_party": 0.152546912432,
            "party": 0.847453057766
        },
        "probability": 0.847453057766,
        "value": "party"
    },
    "mood_relaxed": {
        "all": {
            "not_relaxed": 0.945734024048,
            "relaxed": 0.054265961051
        },
        "probability": 0.945734024048,
        "value": "not_relaxed"
    },
    "mood_sad": {
        "all": {
            "not_sad": 0.931407630444,
            "sad": 0.0685923993587
        },
        "probability": 0.931407630444,
        "value": "not_sad"
    },
    "moods_mirex": {
        "all": {
            "Cluster1": 0.122081816196,
            "Cluster2": 0.0487924404442,
            "Cluster3": 0.0289723966271,
            "Cluster4": 0.0271240789443,
            "Cluster5": 0.773029267788
        },
        "probability": 0.773029267788,
        "value": "Cluster5"
    },
    "timbre": {
        "all": {
            "bright": 0.297924399376,
            "dark": 0.702075600624
        },
        "probability": 0.702075600624,
        "value": "dark"
    },
    "tonal_atonal": {
        "all": {
            "atonal": 0.9681250453,
            "tonal": 0.0318749472499
        },
        "probability": 0.9681250453,
        "value": "atonal"
    },
    "voice_instrumental": {
        "all": {
            "instrumental": 0.00106554280501,
            "voice": 0.998934447765
        },
        "probability": 0.998934447765,
        "value": "voice"
    }
},
"lowlevel": {
    "average_loudness": 0.979563236237,
    "barkbands_crest": {
        "dmean": 3.03387928009,
        "dmean2": 4.95662355423,
        "dvar": 9.15867996216,
        "dvar2": 20.7592487335,
        "max": 24.3228740692,
        "mean": 8.48921585083,
        "median": 7.30178403854,
        "min": 2.37131857872,
        "var": 18.3848056793
    },
    "barkbands_flatness_db": {
        "dmean": 0.0178477466106,
        "dmean2": 0.0287700537592,
        "dvar": 0.000306797068333,
        "dvar2": 0.000645152118523,
        "max": 0.249067366123,
        "mean": 0.0958240628242,
        "median": 0.091036491096,
        "min": 0.0360843613744,
        "var": 0.00083798635751
    },
    "barkbands_kurtosis": {
        "dmean": 1.43211305141,
        "dmean2": 2.38228082657,
        "dvar": 8.37173461914,
        "dvar2": 19.114528656,
        "max": 40.0187072754,
        "mean": 0.507397592068,
        "median": -0.476412296295,
        "min": -1.69875252247,
        "var": 10.501373291
    },
    "barkbands_skewness": {
        "dmean": 0.516112446785,
        "dmean2": 0.795717358589,
        "dvar": 0.299067974091,
        "dvar2": 0.628618478775,
        "max": 6.19984674454,
        "mean": 0.903075039387,
        "median": 0.711574196815,
        "min": -1.08191585541,
        "var": 0.722710549831
    },
    "barkbands_spread": {
        "dmean": 7.32211685181,
        "dmean2": 11.5572366714,
        "dvar": 51.9795608521,
        "dvar2": 103.24432373,
        "max": 81.7551193237,
        "mean": 36.0124359131,
        "median": 33.8497962952,
        "min": 5.52023935318,
        "var": 161.681655884
    },
    "dissonance": {
        "dmean": 0.00895019061863,
        "dmean2": 0.0150789972395,
        "dvar": 6.6017426434e-05,
        "dvar2": 0.000178484464413,
        "max": 0.500000059605,
        "mean": 0.485298931599,
        "median": 0.487938016653,
        "min": 0.43336981535,
        "var": 0.000113561291073
    },
    "dynamic_complexity": 1.53426671028,
    "erbbands_crest": {
        "dmean": 2.1727912426,
        "dmean2": 3.61878013611,
        "dvar": 4.57915639877,
        "dvar2": 11.2633705139,
        "max": 23.0032100677,
        "mean": 6.7651143074,
        "median": 6.13312482834,
        "min": 2.55000424385,
        "var": 8.12252616882
    },
    "erbbands_flatness_db": {
        "dmean": 0.0148989865556,
        "dmean2": 0.0225692745298,
        "dvar": 0.000192659339518,
        "dvar2": 0.000384291692171,
        "max": 0.253367006779,
        "mean": 0.130510956049,
        "median": 0.130328550935,
        "min": 0.0582119897008,
        "var": 0.000678061915096
    },
    "erbbands_kurtosis": {
        "dmean": 0.640074849129,
        "dmean2": 0.99970471859,
        "dvar": 0.475007653236,
        "dvar2": 1.17256975174,
        "max": 8.28929805756,
        "mean": -0.0445645190775,
        "median": -0.210708379745,
        "min": -1.58598518372,
        "var": 0.987680613995
    },
    "erbbands_skewness": {
        "dmean": 0.276620090008,
        "dmean2": 0.426670730114,
        "dvar": 0.0556809566915,
        "dvar2": 0.1221274212,
        "max": 1.84382379055,
        "mean": -0.221309587359,
        "median": -0.232065171003,
        "min": -1.5676857233,
        "var": 0.178759649396
    },
    "erbbands_spread": {
        "dmean": 8.79718112946,
        "dmean2": 13.5916528702,
        "dvar": 67.8812561035,
        "dvar2": 151.693481445,
        "max": 105.754722595,
        "mean": 41.1882820129,
        "median": 39.2940254211,
        "min": 8.61613941193,
        "var": 207.017211914
    },
    "hfc": {
        "dmean": 8.59115123749,
        "dmean2": 12.2240695953,
        "dvar": 65.5456390381,
        "dvar2": 132.502716064,
        "max": 90.7496337891,
        "mean": 34.2160949707,
        "median": 34.3967208862,
        "min": 3.08123588562,
        "var": 251.134735107
    },
    "melbands_crest": {
        "dmean": 3.81509065628,
        "dmean2": 6.01679086685,
        "dvar": 11.4115438461,
        "dvar2": 25.3358745575,
        "max": 30.8802566528,
        "mean": 12.8791952133,
        "median": 11.9229125977,
        "min": 2.93681454659,
        "var": 27.4700965881
    },
    "melbands_flatness_db": {
        "dmean": 0.0254505462945,
        "dmean2": 0.0395899191499,
        "dvar": 0.000644081854261,
        "dvar2": 0.00126897217706,
        "max": 0.329973816872,
        "mean": 0.135613977909,
        "median": 0.126836121082,
        "min": 0.0242788959295,
        "var": 0.00188003038056
    },
    "melbands_kurtosis": {
        "dmean": 5.78485250473,
        "dmean2": 9.31926250458,
        "dvar": 129.740005493,
        "dvar2": 288.520812988,
        "max": 147.738449097,
        "mean": 7.85913944244,
        "median": 3.53662443161,
        "min": -1.38849675655,
        "var": 182.134597778
    },
    "melbands_skewness": {
        "dmean": 0.81486082077,
        "dmean2": 1.24453723431,
        "dvar": 0.882824480534,
        "dvar2": 1.80053138733,
        "max": 11.0057153702,
        "mean": 2.26330661774,
        "median": 1.92821371555,
        "min": -0.669042468071,
        "var": 2.14254331589
    },
    "melbands_spread": {
        "dmean": 10.8525781631,
        "dmean2": 16.8335609436,
        "dvar": 92.3312911987,
        "dvar2": 194.582305908,
        "max": 101.5470047,
        "mean": 38.6163253784,
        "median": 38.1757545471,
        "min": 2.825278759,
        "var": 277.684020996
    },
    "pitch_salience": {
        "dmean": 0.0799338668585,
        "dmean2": 0.128190428019,
        "dvar": 0.0056178085506,
        "dvar2": 0.0124142514542,
        "max": 0.825173914433,
        "mean": 0.593883275986,
        "median": 0.614855110645,
        "min": 0.144948780537,
        "var": 0.0121777951717
    },
    "silence_rate_20dB": {
        "dmean": 0,
        "dmean2": 0,
        "dvar": 0,
        "dvar2": 0,
        "max": 1,
        "mean": 1,
        "median": 1,
        "min": 1,
        "var": 0
    },
    "silence_rate_30dB": {
        "dmean": 0,
        "dmean2": 0,
        "dvar": 0,
        "dvar2": 0,
        "max": 1,
        "mean": 1,
        "median": 1,
        "min": 1,
        "var": 0
    },
    "silence_rate_60dB": {
        "dmean": 0,
        "dmean2": 0,
        "dvar": 0,
        "dvar2": 0,
        "max": 0,
        "mean": 0,
        "median": 0,
        "min": 0,
        "var": 0
    },
    "spectral_centroid": {
        "dmean": 288.166442871,
        "dmean2": 455.53237915,
        "dvar": 61734.4335938,
        "dvar2": 143607.15625,
        "max": 3441.22436523,
        "mean": 2023.76086426,
        "median": 2029.5949707,
        "min": 711.723937988,
        "var": 180429.953125
    },
    "spectral_complexity": {
        "dmean": 5.06346750259,
        "dmean2": 7.73818731308,
        "dvar": 16.8441753387,
        "dvar2": 36.8514976501,
        "max": 56,
        "mean": 34.4818267822,
        "median": 36,
        "min": 5,
        "var": 85.9496154785
    },
    "spectral_decrease": {
        "dmean": 2.56067411719e-09,
        "dmean2": 3.87631438059e-09,
        "dvar": 9.8082279389e-18,
        "dvar2": 2.13911338317e-17,
        "max": -8.09512845645e-10,
        "mean": -7.55857065826e-09,
        "median": -6.92750301567e-09,
        "min": -2.58925041408e-08,
        "var": 1.69303969424e-17
    },
    "spectral_energy": {
        "dmean": 0.0100585203618,
        "dmean2": 0.0150684854016,
        "dvar": 0.000142115357448,
        "dvar2": 0.000311350915581,
        "max": 0.0998569130898,
        "mean": 0.0316312424839,
        "median": 0.0295483712107,
        "min": 0.00362402503379,
        "var": 0.000258669373579
    },
    "spectral_energyband_high": {
        "dmean": 0.000667087093461,
        "dmean2": 0.000976615818217,
        "dvar": 6.57990028685e-07,
        "dvar2": 1.25200540424e-06,
        "max": 0.00998762249947,
        "mean": 0.00201149331406,
        "median": 0.00158696027938,
        "min": 0.000163136021001,
        "var": 2.0204709017e-06
    },
    "spectral_energyband_low": {
        "dmean": 0.00659479573369,
        "dmean2": 0.0103149935603,
        "dvar": 0.000142981094541,
        "dvar2": 0.000294439843856,
        "max": 0.0921137183905,
        "mean": 0.0111118713394,
        "median": 0.00646396307275,
        "min": 2.71670287475e-05,
        "var": 0.000194504333194
    },
    "spectral_energyband_middle_high": {
        "dmean": 0.00300849531777,
        "dmean2": 0.00424730312079,
        "dvar": 1.12043708214e-05,
        "dvar2": 2.20879901462e-05,
        "max": 0.039169896394,
        "mean": 0.00891827140003,
        "median": 0.00777060864493,
        "min": 0.000549023796339,
        "var": 3.37039928127e-05
    },
    "spectral_energyband_middle_low": {
        "dmean": 0.00494597153738,
        "dmean2": 0.00807821564376,
        "dvar": 4.97631663166e-05,
        "dvar2": 0.000126638973597,
        "max": 0.0660805925727,
        "mean": 0.0106762750074,
        "median": 0.00834705401212,
        "min": 0.000655430776533,
        "var": 7.31346663088e-05
    },
    "spectral_entropy": {
        "dmean": 0.0960433334112,
        "dmean2": 0.144232362509,
        "dvar": 0.00738575449213,
        "dvar2": 0.0142962206155,
        "max": 8.57050609589,
        "mean": 8.00551986694,
        "median": 7.98444509506,
        "min": 7.46288013458,
        "var": 0.0315054245293
    },
    "spectral_flux": {
        "dmean": 0.0269156321883,
        "dmean2": 0.0420744381845,
        "dvar": 0.000791068421677,
        "dvar2": 0.00177007785533,
        "max": 0.257694631815,
        "mean": 0.110654592514,
        "median": 0.106826491654,
        "min": 0.0200737137347,
        "var": 0.00169903133065
    },
    "spectral_kurtosis": {
        "dmean": 0.837979078293,
        "dmean2": 1.34211945534,
        "dvar": 0.574521541595,
        "dvar2": 1.35051488876,
        "max": 11.0517549515,
        "mean": 2.82121515274,
        "median": 2.79947423935,
        "min": -0.0598917007446,
        "var": 1.74940824509
    },
    "spectral_rms": {
        "dmean": 0.000838268199004,
        "dmean2": 0.00123827240895,
        "dvar": 7.74955083216e-07,
        "dvar2": 1.6081449985e-06,
        "max": 0.00987022649497,
        "mean": 0.00538259698078,
        "median": 0.00536914123222,
        "min": 0.00188032828737,
        "var": 1.88736999007e-06
    },
    "spectral_rolloff": {
        "dmean": 756.429626465,
        "dmean2": 1204.35925293,
        "dvar": 860728.9375,
        "dvar2": 1775303.625,
        "max": 11649.4628906,
        "mean": 2374.41601562,
        "median": 2174.85351562,
        "min": 64.599609375,
        "var": 1981556
    },
    "spectral_skewness": {
        "dmean": 0.14834703505,
        "dmean2": 0.231433108449,
        "dvar": 0.0177933238447,
        "dvar2": 0.0348006375134,
        "max": 2.56004476547,
        "mean": 1.18945550919,
        "median": 1.22534716129,
        "min": 0.337519437075,
        "var": 0.0790864676237
    },
    "spectral_spread": {
        "dmean": 489872.65625,
        "dmean2": 714129.375,
        "dvar": 273469325312,
        "dvar2": 515728277504,
        "max": 9702045,
        "mean": 4658951,
        "median": 4453153,
        "min": 2429117.25,
        "var": 950660759552
    },
    "spectral_strongpeak": {
        "dmean": 0.536285042763,
        "dmean2": 0.910350859165,
        "dvar": 0.651692986488,
        "dvar2": 1.64145505428,
        "max": 6.69076728821,
        "mean": 0.744123935699,
        "median": 0.413560897112,
        "min": 0.0415268093348,
        "var": 0.774721562862
    },
    "zerocrossingrate": {
        "dmean": 0.0133676435798,
        "dmean2": 0.0157717484981,
        "dvar": 0.000164193173987,
        "dvar2": 0.000218548375415,
        "max": 0.2197265625,
        "mean": 0.0848110169172,
        "median": 0.080078125,
        "min": 0.01708984375,
        "var": 0.000876467092894
    },
    "barkbands": {
        "dmean": [0.000185512937605, 0.0054309014231, 0.00217042095028, 0.00178058783058, 0.00258465087973, 0.000687868276145, 0.00158423022367, 0.000717081828043, 0.000930595677346, 0.00044985988643, 0.000299474020721, 0.000489612924866, 0.00103632523678, 0.000867744733114, 0.000621672195848, 0.000573205179535, 0.000372698414139, 0.000299246457871, 0.000377118092729, 0.000319539860357, 0.000174229804543, 0.000193077328731, 0.000134728194098, 0.00011274573626, 9.46909422055e-05, 4.6769499022e-05, 8.50733670177e-08],
        "dmean2": [0.000262400775682, 0.00863026455045, 0.00388644891791, 0.00292201037519, 0.00437029683962, 0.00117045815568, 0.00258997268975, 0.00116947724018, 0.00151753542013, 0.000725223915651, 0.000496430555359, 0.000804002746008, 0.0016489328118, 0.00136996409856, 0.000991548411548, 0.000929326342884, 0.000610400515143, 0.000468290993012, 0.000591641815845, 0.000505398376845, 0.000285609916318, 0.000288446841296, 0.000197847548407, 0.000165100602317, 0.000139097071951, 7.42068805266e-05, 1.4647544333e-07],
        "dvar": [1.51682641558e-07, 0.000124973899801, 1.79602593562e-05, 9.0447238108e-06, 1.99950045499e-05, 1.50974494773e-06, 6.27944700682e-06, 2.10395364775e-06, 2.44158877649e-06, 8.65133984007e-07, 2.98656431141e-07, 8.91501144906e-07, 3.87419549952e-06, 3.28024270857e-06, 1.30128364617e-06, 4.53991361837e-07, 1.97860160256e-07, 2.33155944329e-07, 2.38442368072e-07, 2.47988793944e-07, 3.62674370535e-08, 6.46046629527e-08, 4.83175917054e-08, 3.57165959031e-08, 2.2587308024e-08, 1.081233858e-08, 2.36802883482e-14],
        "dvar2": [2.83227478803e-07, 0.000276221195236, 5.13590639457e-05, 2.24427640205e-05, 5.39588181709e-05, 3.97314670408e-06, 1.62022879522e-05, 4.72402280138e-06, 5.77814444114e-06, 2.0634493012e-06, 7.11482357474e-07, 2.17995375351e-06, 9.46988893702e-06, 7.5496232057e-06, 2.87151669909e-06, 1.11654389912e-06, 5.13745646913e-07, 5.03295154886e-07, 5.19161972079e-07, 5.86622377341e-07, 9.00538523751e-08, 1.32553964249e-07, 9.48878664531e-08, 7.00960640643e-08, 5.04433188553e-08, 2.76003220279e-08, 6.51705252264e-14],
        "max": [0.0035545360297, 0.0875329077244, 0.0367379039526, 0.0336386114359, 0.0403604507446, 0.0131900692359, 0.0199364963919, 0.0142751028761, 0.0168307218701, 0.0138737913221, 0.00740394089371, 0.013388575986, 0.0255125574768, 0.0267567560077, 0.0198850538582, 0.00812201201916, 0.00718409428373, 0.00680711353198, 0.00607098685578, 0.00879495404661, 0.00207903422415, 0.00337688066065, 0.00265972921625, 0.00281356810592, 0.00167184276506, 0.00153663149104, 1.68425196989e-06],
        "mean": [0.00022607880237, 0.00745625561103, 0.00242968439125, 0.00212930748239, 0.00335354474373, 0.000869982759468, 0.00208125985228, 0.000868761504535, 0.00123532349244, 0.000624277279712, 0.000473909574794, 0.000759314745665, 0.00162627338432, 0.00114617496729, 0.000953778682742, 0.00116710690781, 0.000713944085874, 0.000507612538058, 0.000764899887145, 0.000601958250627, 0.000472328654723, 0.000441081792815, 0.00026814895682, 0.000212902974454, 0.000176987770828, 7.03096811776e-05, 7.40980752312e-08],
        "median": [4.51176965726e-05, 0.00348509522155, 0.00135383196175, 0.000956904550549, 0.00169588555582, 0.000471459963592, 0.000964374165051, 0.000373351969756, 0.000598326849286, 0.000330305658281, 0.000309281545924, 0.000486226577777, 0.000914615578949, 0.000413720787037, 0.000543767644558, 0.000915665295906, 0.000578033854254, 0.000300121173495, 0.00052406929899, 0.000407779938541, 0.000414287438616, 0.000315662211506, 0.000137662325869, 0.000129761101562, 0.000102665064333, 3.13114469463e-05, 1.64874069952e-08],
        "min": [4.6788827035e-08, 1.16641649583e-06, 6.47754632155e-06, 1.92651623365e-06, 4.14013811678e-05, 2.52751087828e-05, 1.09833717943e-05, 1.00875840872e-05, 2.51062192547e-05, 3.10000541504e-06, 1.42902063089e-05, 1.35721356855e-05, 1.36864400702e-05, 1.81483774213e-05, 2.10907674045e-05, 8.43594971229e-05, 5.49280157429e-05, 1.57447448146e-05, 7.70113110775e-05, 3.60793455911e-05, 2.69082356681e-05, 2.93563589366e-05, 3.90652985516e-06, 7.39526001325e-07, 2.22792564841e-07, 6.88709089758e-10, 5.28135434691e-12],
        "var": [2.44095929247e-07, 0.000144585399539, 1.43960814967e-05, 1.10649398266e-05, 2.10469643207e-05, 1.61058585491e-06, 8.5298470367e-06, 2.81891561826e-06, 3.53734753844e-06, 1.04826654024e-06, 4.26089485472e-07, 1.05694311969e-06, 4.99627640238e-06, 4.48345917903e-06, 1.93446339836e-06, 8.82962410742e-07, 2.99266673665e-07, 4.04238619467e-07, 5.31917066837e-07, 4.1864663558e-07, 7.4027958874e-08, 1.58009811457e-07, 1.22268573932e-07, 7.01212599097e-08, 4.98548118344e-08, 1.51192818265e-08, 2.23736214424e-14]
    },
    "erbbands": {
        "dmean": [0.164734482765, 1.24662876129, 2.26981210709, 4.32132577896, 8.4127035141, 9.01095581055, 4.94755506516, 6.38512086868, 21.3408050537, 18.2930755615, 17.9922065735, 21.5784187317, 10.500828743, 14.4301233292, 10.9820175171, 21.0788192749, 43.5687141418, 44.5238227844, 35.8517608643, 31.1390533447, 28.3591480255, 17.6296749115, 16.5946235657, 17.3928947449, 17.2004985809, 14.8398180008, 8.60178661346, 7.3983092308, 7.4631280899, 4.84153604507, 4.07191467285, 2.57901740074, 1.78246223927, 1.1467192173, 0.68611741066, 0.269620984793, 0.0838488563895, 0.00649754563347, 0.000126002269099, 1.56521582539e-05],
        "dmean2": [0.262251526117, 2.01534485817, 3.9753806591, 7.3156876564, 13.9766778946, 15.2544765472, 8.53593540192, 10.7298307419, 35.1488647461, 30.7429008484, 28.6438179016, 35.190738678, 17.23279953, 22.7234401703, 18.0176525116, 34.0093688965, 67.9421386719, 69.1731872559, 56.2835083008, 51.105506897, 45.0458259583, 28.5750961304, 25.9151992798, 27.1928672791, 26.480676651, 23.33659935, 13.9660511017, 11.9650831223, 11.1288337708, 7.17889165878, 5.97672796249, 3.82238674164, 2.69725370407, 1.7244386673, 1.04942905903, 0.434140324593, 0.134071558714, 0.0104755796492, 0.000198479567189, 2.35657371377e-05],
        "dvar": [0.118425726891, 7.12556743622, 23.0477428436, 34.0627288818, 278.702728271, 227.324737549, 69.2274856567, 137.702362061, 1354.95910645, 952.994873047, 1279.82995605, 1424.9864502, 301.87789917, 1084.84033203, 308.778076172, 1693.50927734, 6740.13330078, 8612.78125, 4218.20410156, 2163.78393555, 1051.02685547, 372.186859131, 777.095092773, 489.777099609, 497.358734131, 659.483093262, 118.177185059, 61.9649276733, 97.1408996582, 46.2818374634, 46.480594635, 24.2759170532, 6.96023321152, 3.52555131912, 1.33062708378, 0.350356847048, 0.0331811867654, 0.000191487240954, 6.31186338751e-08, 3.15435594311e-10],
        "dvar2": [0.272110670805, 16.5864372253, 64.1357040405, 90.0266418457, 726.610351562, 592.345581055, 198.005050659, 355.901000977, 3489.67626953, 2504.58007812, 2717.56079102, 3393.32910156, 756.95098877, 2307.70019531, 796.920166016, 3968.21118164, 16240.3222656, 19868.828125, 9940.375, 5075.56103516, 2581.43798828, 933.527893066, 1693.31896973, 1091.26843262, 1096.53991699, 1554.74047852, 293.408081055, 151.799591064, 200.75958252, 87.5049209595, 92.4998550415, 48.4720916748, 13.6983394623, 7.66607522964, 3.22968649864, 0.907651305199, 0.0829646065831, 0.00045217043953, 1.50292621015e-07, 7.11930847608e-10],
        "max": [2.90937757492, 22.0493068695, 37.4348602295, 49.722366333, 151.863052368, 123.958442688, 79.374458313, 132.673843384, 300.863952637, 338.529083252, 374.693756104, 350.173370361, 216.616073608, 778.713439941, 227.887420654, 670.197998047, 1088.69372559, 1294.81774902, 1120.78820801, 849.686157227, 432.795349121, 219.80897522, 474.785644531, 227.521148682, 275.38470459, 501.884155273, 154.779037476, 81.797454834, 123.137512207, 105.65410614, 88.5413970947, 69.9251861572, 29.8575191498, 22.758354187, 13.2797079086, 9.34762477875, 2.30854654312, 0.156352847815, 0.00284458952956, 0.000197419794858],
        "mean": [0.22186294198, 1.63566064835, 2.73375225067, 5.47718429565, 10.2181310654, 11.1614570618, 6.53330373764, 8.37527370453, 28.0625915527, 23.7956581116, 23.6808662415, 28.2048835754, 17.4240837097, 21.6634120941, 19.9338989258, 35.2766342163, 71.1733474731, 63.6293754578, 52.9259109497, 61.4462127686, 58.990322113, 38.3356246948, 29.6242179871, 33.753944397, 34.6606483459, 28.462059021, 21.6552200317, 19.2837181091, 16.9151515961, 10.4492454529, 7.61490297318, 4.57790708542, 3.50079417229, 2.07270121574, 1.19712340832, 0.426341712475, 0.115978740156, 0.00830649398267, 0.000200440030312, 5.1940947742e-05],
        "median": [0.108910419047, 0.75886797905, 1.44688415527, 3.20188474655, 4.46134662628, 5.28205108643, 3.83064365387, 4.22249364853, 11.3526258469, 13.0683431625, 9.96825027466, 12.8331241608, 10.9885835648, 11.4401350021, 14.1174249649, 23.2803516388, 41.7209129333, 26.1934509277, 27.175775528, 43.4396514893, 46.8165206909, 32.6454162598, 17.8724746704, 23.2853755951, 23.3154373169, 19.9252109528, 18.1328029633, 16.5174369812, 12.2984781265, 6.70636034012, 3.74203109741, 2.35173392296, 2.29507017136, 1.20179212093, 0.663434863091, 0.208125948906, 0.0467611253262, 0.00255764159374, 9.88638057606e-05, 4.93446459586e-05],
        "min": [6.19744023425e-05, 0.000905975408386, 0.012770107016, 0.0366368107498, 0.169434607029, 0.10897616297, 0.109395816922, 0.207121357322, 0.214108943939, 0.42035189271, 0.443482786417, 0.419882595539, 0.448623806238, 0.239832282066, 0.42400342226, 0.758246243, 0.685632586479, 1.22651088238, 1.88965845108, 3.29394245148, 4.11815786362, 3.49511885643, 1.30577397346, 3.25832748413, 3.00201249123, 1.63577914238, 1.57727277279, 1.15984618664, 0.80880343914, 0.536849915981, 0.0809926688671, 0.00905749574304, 0.0197724886239, 0.00584449479356, 0.000909857684746, 0.000150534993736, 1.34344099934e-05, 2.58904969996e-06, 2.88345881927e-06, 4.99087127537e-06],
        "var": [0.134938359261, 7.38370847702, 19.2679309845, 38.8258743286, 291.03994751, 263.995147705, 67.4463195801, 160.653274536, 1904.60998535, 1030.20349121, 1787.11547852, 2000.84143066, 411.572937012, 1505.46496582, 482.006561279, 2177.86206055, 9021.17675781, 11631.5039062, 6464.29833984, 3774.38598633, 2037.96948242, 685.482543945, 1295.21960449, 1006.77056885, 1129.93981934, 1014.86468506, 232.773498535, 138.682159424, 227.998626709, 129.096832275, 111.483299255, 44.7517814636, 14.8459692001, 7.36789989471, 2.45623135567, 0.500384151936, 0.0446193180978, 0.000280781794572, 9.88266606328e-08, 7.15313308586e-10]
    },
    "gfcc": {
        "mean": [56.7399406433, 70.6308364868, -129.044464111, 49.1900482178, -57.032699585, 24.4265975952, -40.83984375, 12.3430585861, -24.3024482727, 12.3836221695, -19.5964393616, -1.34749174118, -11.6253833771],
        "cov": [[1113.03979492, -386.043395996, 192.332382202, -230.136703491, 74.6941375732, 62.4462661743, -82.2256469727, 102.669868469, -76.3601760864, 103.689605713, -38.348739624, 67.6036605835, -188.971237183], [-386.043395996, 525.97467041, -153.734359741, 105.782310486, -1.11702597141, -91.1851806641, 86.6449508667, -35.2749862671, 50.7507019043, -48.7360534668, 73.841255188, -50.22290802, 108.145042419], [192.332382202, -153.734359741, 366.336578369, 83.9312515259, 75.3774337769, 83.1525878906, -21.7634620667, 40.4402580261, -7.08645200729, 30.0371341705, -11.4127235413, 65.2270584106, -31.823638916], [-230.136703491, 105.782310486, 83.9312515259, 257.232086182, 12.6799411774, 27.2862453461, 30.7498722076, -25.8515892029, 62.0576400757, -56.020160675, 34.6278610229, 2.29658079147, 80.4263534546], [74.6941375732, -1.11702597141, 75.3774337769, 12.6799411774, 172.028778076, 53.8039970398, 34.5036354065, 38.3336906433, 9.29613685608, 57.4017677307, 9.82985115051, 30.6271533966, -10.1873521805], [62.4462661743, -91.1851806641, 83.1525878906, 27.2862453461, 53.8039970398, 158.958648682, 48.3169250488, 24.5837574005, 20.4720916748, 21.2138633728, 5.2978682518, 12.5844707489, -2.20110917091], [-82.2256469727, 86.6449508667, -21.7634620667, 30.7498722076, 34.5036354065, 48.3169250488, 139.932235718, 48.635219574, 37.9019432068, 7.81066942215, 21.2265834808, 5.23164892197, 25.6489086151], [102.669868469, -35.2749862671, 40.4402580261, -25.8515892029, 38.3336906433, 24.5837574005, 48.635219574, 116.080673218, 32.2739753723, 49.311252594, 14.2215471268, 17.746175766, -11.6888380051], [-76.3601760864, 50.7507019043, -7.08645200729, 62.0576400757, 9.29613685608, 20.4720916748, 37.9019432068, 32.2739753723, 93.4738006592, 24.6122741699, 29.7951946259, -3.94532752037, 25.9990749359], [103.689605713, -48.7360534668, 30.0371341705, -56.020160675, 57.4017677307, 21.2138633728, 7.81066942215, 49.311252594, 24.6122741699, 105.86819458, 21.9055328369, 21.7822666168, -20.9947223663], [-38.348739624, 73.841255188, -11.4127235413, 34.6278610229, 9.82985115051, 5.2978682518, 21.2265834808, 14.2215471268, 29.7951946259, 21.9055328369, 76.3899688721, 18.2563858032, 23.0017108917], [67.6036605835, -50.22290802, 65.2270584106, 2.29658079147, 30.6271533966, 12.5844707489, 5.23164892197, 17.746175766, -3.94532752037, 21.7822666168, 18.2563858032, 74.1320724487, 6.9382686615], [-188.971237183, 108.145042419, -31.823638916, 80.4263534546, -10.1873521805, -2.20110917091, 25.6489086151, -11.6888380051, 25.9990749359, -20.9947223663, 23.0017108917, 6.9382686615, 95.3772583008]],
        "icov": [[0.00190072855912, 0.000225905896514, -0.000335210497724, 0.000777612731326, -0.000192472332856, -0.000553868943825, 0.000969367451034, -0.00129523314536, 0.000444434583187, 0.000137649738463, -0.00029884497053, -0.00105716311373, 0.00234757433645], [0.000225905896514, 0.00577663211152, -0.000815359526314, 0.00150328269228, -0.00274178828113, 0.00467204675078, -0.00395658798516, 0.00241775484756, -0.00138652848545, 0.00269370269962, -0.00576159823686, 0.00539312465116, -0.00449867174029], [-0.000335210497724, -0.000815359526314, 0.00667908322066, -0.00563508737832, 0.000519094755873, -0.00306244939566, 0.0027648571413, -0.00307119893841, 0.00319786928594, -0.00298490235582, 0.00379283865914, -0.00536951143295, 0.00405266229063], [0.000777612731326, 0.00150328269228, -0.00563508737832, 0.0136818056926, -0.00357105396688, 0.00184699543752, -0.00150590995327, 0.00396482739598, -0.00887567177415, 0.00966165587306, -0.00617824867368, 0.00405494961888, -0.00728788832203], [-0.000192472332856, -0.00274178828113, 0.000519094755873, -0.00357105396688, 0.0104188965634, -0.00367042748258, 9.43628620007e-05, -0.00170647213235, 0.00352677656338, -0.00735562993214, 0.00418675737455, -0.00431064562872, 0.00342895067297], [-0.000553868943825, 0.00467204675078, -0.00306244939566, 0.00184699543752, -0.00367042748258, 0.0129405157641, -0.00697333272547, 0.00386303011328, -0.00287849525921, 0.00212888792157, -0.00479764584452, 0.00604186207056, -0.00474806595594], [0.000969367451034, -0.00395658798516, 0.0027648571413, -0.00150590995327, 9.43628620007e-05, -0.00697333272547, 0.0151032982394, -0.00771609554067, -9.32208713493e-05, 0.000527823460288, 0.00331508880481, -0.00529755745083, 0.00316863693297], [-0.00129523314536, 0.00241775484756, -0.00307119893841, 0.00396482739598, -0.00170647213235, 0.00386303011328, -0.00771609554067, 0.0172433368862, -0.00629074778408, -0.00115481426474, -0.00321610551327, 0.00299450824969, -0.00356220151298], [0.000444434583187, -0.00138652848545, 0.00319786928594, -0.00887567177415, 0.00352677656338, -0.00287849525921, -9.32208713493e-05, -0.00629074778408, 0.0223893113434, -0.0100466357544, 0.000395318027586, 0.000508335477207, 0.00212148786522], [0.000137649738463, 0.00269370269962, -0.00298490235582, 0.00966165587306, -0.00735562993214, 0.00212888792157, 0.000527823460288, -0.00115481426474, -0.0100466357544, 0.023784942925, -0.00896232947707, 0.00190273020416, -0.00294742407277], [-0.00029884497053, -0.00576159823686, 0.00379283865914, -0.00617824867368, 0.00418675737455, -0.00479764584452, 0.00331508880481, -0.00321610551327, 0.000395318027586, -0.00896232947707, 0.0251731947064, -0.0110867209733, 0.00412193220109], [-0.00105716311373, 0.00539312465116, -0.00536951143295, 0.00405494961888, -0.00431064562872, 0.00604186207056, -0.00529755745083, 0.00299450824969, 0.000508335477207, 0.00190273020416, -0.0110867209733, 0.0263379570097, -0.0109118977562], [0.00234757433645, -0.00449867174029, 0.00405266229063, -0.00728788832203, 0.00342895067297, -0.00474806595594, 0.00316863693297, -0.00356220151298, 0.00212148786522, -0.00294742407277, 0.00412193220109, -0.0109118977562, 0.0252751428634]]
    },
    "melbands": {
        "dmean": [0.00149708520621, 0.00128095736727, 0.000855211692397, 0.000656435964629, 0.000208302546525, 0.000153425615281, 0.000319652084727, 0.000185722470633, 0.00016267990577, 0.000127328254166, 5.53024474357e-05, 6.16977486061e-05, 3.80480923923e-05, 5.27210686414e-05, 7.49494938646e-05, 0.000109471060568, 8.39887943584e-05, 6.48200075375e-05, 4.58282047475e-05, 4.3472780817e-05, 3.6558983993e-05, 2.09032987186e-05, 1.88192498172e-05, 1.37492215799e-05, 1.54480949277e-05, 1.59643859661e-05, 1.05343706309e-05, 1.10369310278e-05, 7.02874467606e-06, 4.5311003305e-06, 4.86525004817e-06, 4.97721475767e-06, 3.4899971979e-06, 2.70364580501e-06, 2.74788703791e-06, 1.76390346951e-06, 1.69289216956e-06, 1.50610617311e-06, 1.07065261545e-06, 1.02873650576e-06],
        "dmean2": [0.00237566116266, 0.00207931734622, 0.00142367801163, 0.00110386463348, 0.000353079551132, 0.000256577477558, 0.000524830131326, 0.000310129136778, 0.000258419575403, 0.000207666846109, 9.15548953344e-05, 9.77041636361e-05, 6.31611837889e-05, 8.6932494014e-05, 0.000119580799947, 0.000171722451341, 0.000132402026793, 0.00010342283349, 7.45045690564e-05, 7.20043390174e-05, 5.8788813476e-05, 3.44275722455e-05, 3.02957432723e-05, 2.14353603951e-05, 2.45910705416e-05, 2.5006258511e-05, 1.65982783074e-05, 1.75337499968e-05, 1.16461433208e-05, 7.56470535634e-06, 7.82763891038e-06, 7.65178629081e-06, 5.25398763784e-06, 4.12621511714e-06, 4.15192198489e-06, 2.62651906269e-06, 2.56852263192e-06, 2.30544947044e-06, 1.62370736234e-06, 1.5937232547e-06],
        "dvar": [9.4947654361e-06, 6.63116315991e-06, 1.69453210219e-06, 1.28789872633e-06, 1.15440364823e-07, 7.40360022178e-08, 2.78332322523e-07, 9.36118738082e-08, 8.77709283031e-08, 4.88884595029e-08, 9.30968990787e-09, 1.985895004e-08, 4.52717152655e-09, 1.29955033401e-08, 2.03110275265e-08, 4.18478265374e-08, 3.39252608228e-08, 1.5836478795e-08, 7.64238627937e-09, 3.29168448054e-09, 1.8092825016e-09, 5.7016341648e-10, 7.70224162228e-10, 5.85611725779e-10, 4.1068121126e-10, 4.49861509155e-10, 2.35043401409e-10, 3.89191151529e-10, 1.04514730204e-10, 2.42533510636e-11, 3.00004535103e-11, 4.43149857088e-11, 1.99186257765e-11, 1.70503229591e-11, 2.34295308849e-11, 9.86349543708e-12, 1.04390272468e-11, 5.12723153864e-12, 2.61801973329e-12, 2.9578947798e-12],
        "dvar2": [2.10433227039e-05, 1.67110083567e-05, 4.37780408902e-06, 3.44495720128e-06, 3.19669794635e-07, 1.9206558477e-07, 7.1222848419e-07, 2.42506416726e-07, 1.85424298138e-07, 1.18361434431e-07, 2.3531386617e-08, 4.31236131249e-08, 1.19442891133e-08, 3.2725775867e-08, 4.9434614624e-08, 9.7992234771e-08, 7.91070533523e-08, 3.91822467805e-08, 1.71008274208e-08, 7.99360755366e-09, 4.51978277027e-09, 1.49583367914e-09, 1.87686932662e-09, 1.2477499034e-09, 9.50553302737e-10, 9.92652848808e-10, 5.36205357893e-10, 9.264276013e-10, 2.66596411613e-10, 6.36515354313e-11, 7.50501050195e-11, 9.65510865703e-11, 4.0425319342e-11, 3.50351553324e-11, 5.03192487677e-11, 1.86262463786e-11, 2.17038314404e-11, 1.07633815055e-11, 5.70573796543e-12, 6.68830138842e-12],
        "max": [0.023963144049, 0.0203931070864, 0.0135912336409, 0.00997014995664, 0.00302178529091, 0.0030187163502, 0.00437632296234, 0.00301405554637, 0.00302697648294, 0.00188190117478, 0.00127294356935, 0.00315209547989, 0.00105677277315, 0.00167608889751, 0.00225734361447, 0.00199991813861, 0.0024223853834, 0.00226444890723, 0.0013562887907, 0.000602996675298, 0.000455403293017, 0.000338925223332, 0.000318598060403, 0.000341655773809, 0.000203395611607, 0.000250522280112, 0.000219236753765, 0.000396149000153, 0.000141978482134, 5.30738798261e-05, 6.10377610428e-05, 7.98845940153e-05, 5.94206358073e-05, 6.55056646792e-05, 6.07364927419e-05, 5.03836236021e-05, 4.54735745734e-05, 2.92884342343e-05, 2.09166391869e-05, 2.06498134503e-05],
        "mean": [0.00207930197939, 0.00173332239501, 0.00109601626173, 0.000826790987048, 0.000273795914836, 0.000199889516807, 0.000425831764005, 0.000236661537201, 0.00021119286248, 0.000165441975696, 8.49702264532e-05, 8.93756223377e-05, 6.19705169811e-05, 8.10360070318e-05, 0.000119722797535, 0.000167326492374, 0.000111165405542, 8.70922012837e-05, 7.44881763239e-05, 8.13581573311e-05, 6.91691529937e-05, 4.0795908717e-05, 3.1304469303e-05, 2.24356153922e-05, 2.75693728327e-05, 2.98526374536e-05, 1.85341395991e-05, 1.95646516659e-05, 1.51049734995e-05, 1.07133982965e-05, 1.11594972623e-05, 1.02904168671e-05, 7.07891013008e-06, 5.23343624081e-06, 4.74377202409e-06, 3.04891887026e-06, 2.75160437013e-06, 2.71668591267e-06, 1.89083209534e-06, 1.68161216152e-06],
        "median": [0.00101965107024, 0.000882504333276, 0.000619591330178, 0.000385480496334, 0.000149904444697, 9.60159595707e-05, 0.000183386655408, 0.000123632489704, 8.42798108351e-05, 7.81133057899e-05, 5.29568133061e-05, 4.59034563391e-05, 4.22594384872e-05, 5.02036855323e-05, 7.60373295634e-05, 8.86021298356e-05, 3.889339132e-05, 4.07431180065e-05, 4.51464875368e-05, 5.9002875787e-05, 5.31664554728e-05, 3.38484205713e-05, 1.96240598598e-05, 1.29732470668e-05, 1.86077759281e-05, 1.93298310478e-05, 1.21260372907e-05, 1.30248326968e-05, 1.14740132631e-05, 9.26893426367e-06, 9.06403147383e-06, 7.2873526733e-06, 4.78105130242e-06, 3.09555412059e-06, 2.14788155972e-06, 1.40666986681e-06, 1.40547422234e-06, 1.73853027263e-06, 1.16689170682e-06, 9.02114948076e-07],
        "min": [5.41239160157e-07, 2.19541243496e-06, 6.03841726843e-06, 9.71604094957e-06, 4.96857001053e-06, 4.63769947601e-06, 2.61404215962e-06, 2.1133653263e-06, 1.82154542472e-06, 3.27991278937e-06, 1.01001228359e-06, 5.84299073125e-07, 1.7242340391e-06, 1.30608987092e-06, 2.07364678317e-06, 1.19180197089e-06, 1.54638007643e-06, 2.79208757092e-06, 9.22010428894e-07, 4.63398600914e-06, 3.26964595843e-06, 2.63716174231e-06, 1.46696265801e-06, 5.74319244606e-07, 2.15273985305e-06, 1.91234653357e-06, 1.02264732504e-06, 8.07724916285e-07, 7.14666782642e-07, 7.35367621019e-07, 6.22034178832e-07, 4.3796487148e-07, 3.96044157469e-07, 1.8555218162e-07, 2.49236986605e-08, 4.57287922806e-11, 3.57566788678e-11, 9.7485077788e-09, 7.49856710058e-09, 1.83697101974e-09],
