{
"highlevel": {
    "danceability": {
        "all": {
            "danceable": 0.999999344349,
            "not_danceable": 6.30562794868e-07
        },
        "probability": 0.999999344349,
        "value": "danceable"
    },
    "gender": {
        "all": {
            "female": 0.621115505695,
            "male": 0.378884494305
        },
        "probability": 0.621115505695,
        "value": "female"
    },
    "genre_dortmund": {
        "all": {
            "alternative": 0.201064914465,
            "blues": 0.00228179804981,
            "electronic": 0.103429280221,
            "folkcountry": 0.0338211767375,
            "funksoulrnb": 0.00209362036549,
            "jazz": 0.00694110384211,
            "pop": 0.0705263912678,
            "raphiphop": 0.00890406128019,
            "rock": 0.570937633514
        },
        "probability": 0.570937633514,
        "value": "rock"
    },
    "genre_electronic": {
        "all": {
            "ambient": 0.0834330841899,
            "dnb": 0.0251658055931,
            "house": 0.00714562321082,
            "techno": 0.00548284640536,
            "trance": 0.878772616386
        },
        "probability": 0.878772616386,
        "value": "trance"
    },
    "genre_rosamerica": {
        "all": {
            "cla": 0.000266403687419,
            "dan": 0.0899480581284,
            "hip": 0.00137568276841,
            "jaz": 0.000314204691676,
            "pop": 0.0518296062946,
            "rhy": 0.000644516083412,
            "roc": 0.855388224125,
            "spe": 0.000233292012126
        },
        "probability": 0.855388224125,
        "value": "roc"
    },
    "genre_tzanetakis": {
        "all": {
            "blu": 0.0626613423228,
            "cla": 0.0348169617355,
            "cou": 0.104475811124,
            "dis": 0.0784321576357,
            "hip": 0.15692435205,
            "jaz": 0.313974827528,
            "met": 0.0448166541755,
            "pop": 0.0627359300852,
            "reg": 0.0627360641956,
            "roc": 0.0784258767962
        },
        "probability": 0.313974827528,
        "value": "jaz"
    },
    "ismir04_rhythm": {
        "all": {
            "ChaChaCha": 0.0883887931705,
            "Jive": 0.120888285339,
            "Quickstep": 0.0215976964682,
            "Rumba-American": 0.00785618647933,
            "Rumba-International": 0.0626912638545,
            "Rumba-Misc": 0.0246342718601,
            "Samba": 0.583868145943,
            "Tango": 0.0164520293474,
            "VienneseWaltz": 0.0593497008085,
            "Waltz": 0.014273638837
        },
        "probability": 0.583868145943,
        "value": "Samba"
    },
    "mood_acoustic": {
        "all": {
            "acoustic": 3.11358450134e-09,
            "not_acoustic": 1
        },
        "probability": 1,
        "value": "not_acoustic"
    },
    "mood_aggressive": {
        "all": {
            "aggressive": 0.812233269215,
            "not_aggressive": 0.187766730785
        },
        "probability": 0.812233269215,
        "value": "aggressive"
    },
    "mood_electronic": {
        "all": {
            "electronic": 0.800277709961,
            "not_electronic": 0.199722290039
        },
        "probability": 0.800277709961,
        "value": "electronic"
    },
    "mood_happy": {
        "all": {
            "happy": 0.630502402782,
            "not_happy": 0.36949762702
        },
        "probability": 0.630502402782,
        "value": "happy"
    },
    "mood_party": {
        "all": {
            "not_party": 0.130336031318,
            "party": 0.869663953781
        },
        "probability": 0.869663953781,
        "value": "party"
    },
    "mood_relaxed": {
        "all": {
            "not_relaxed": 0.923370838165,
            "relaxed": 0.0766291767359
        },
        "probability": 0.923370838165,
        "value": "not_relaxed"
    },
    "mood_sad": {
        "all": {
            "not_sad": 0.839463055134,
            "sad": 0.160536929965
        },
        "probability": 0.839463055134,
        "value": "not_sad"
    },
    "moods_mirex": {
        "all": {
            "Cluster1": 0.536740005016,
            "Cluster2": 0.0686223432422,
            "Cluster3": 0.119281217456,
            "Cluster4": 0.0678680166602,
            "Cluster5": 0.207488387823
        },
        "probability": 0.536740005016,
        "value": "Cluster1"
    },
    "timbre": {
        "all": {
            "bright": 0.894138932228,
            "dark": 0.105861060321
        },
        "probability": 0.894138932228,
        "value": "bright"
    },
    "tonal_atonal": {
        "all": {
            "atonal": 0.000447398604592,
            "tonal": 0.999552607536
        },
        "probability": 0.999552607536,
        "value": "tonal"
    },
    "voice_instrumental": {
        "all": {
            "instrumental": 0.00109919614624,
            "voice": 0.998900830746
        },
        "probability": 0.998900830746,
        "value": "voice"
    }
},
"lowlevel": {
    "average_loudness": 0.978858590126,
    "barkbands_crest": {
        "dmean": 3.40567278862,
        "dmean2": 5.47778367996,
        "dvar": 9.21572971344,
        "dvar2": 21.2997112274,
        "max": 25.115896225,
        "mean": 14.2885837555,
        "median": 14.2444047928,
        "min": 3.23194622993,
        "var": 31.0139160156
    },
    "barkbands_flatness_db": {
        "dmean": 0.0257602166384,
        "dmean2": 0.0412532538176,
        "dvar": 0.000509597361088,
        "dvar2": 0.00130771636032,
        "max": 0.245571658015,
        "mean": 0.131012499332,
        "median": 0.12826564908,
        "min": 0.0488916374743,
        "var": 0.00140772631858
    },
    "barkbands_kurtosis": {
        "dmean": 3.42393136024,
        "dmean2": 5.59870147705,
        "dvar": 20.0662403107,
        "dvar2": 53.34141922,
        "max": 41.4999313354,
        "mean": 4.49688148499,
        "median": 2.83149957657,
        "min": -1.37792825699,
        "var": 30.2075271606
    },
    "barkbands_skewness": {
        "dmean": 0.657918453217,
        "dmean2": 1.04682815075,
        "dvar": 0.38850158453,
        "dvar2": 1.02713727951,
        "max": 6.18239545822,
        "mean": 2.00823068619,
        "median": 1.87592709064,
        "min": -0.0413604564965,
        "var": 0.965171813965
    },
    "barkbands_spread": {
        "dmean": 8.41713523865,
        "dmean2": 13.5986366272,
        "dvar": 58.0258331299,
        "dvar2": 137.884414673,
        "max": 75.7808990479,
        "mean": 29.3337650299,
        "median": 28.3020267487,
        "min": 6.36308145523,
        "var": 121.89213562
    },
    "dissonance": {
        "dmean": 0.0132201388478,
        "dmean2": 0.0224423091859,
        "dvar": 0.000128918080009,
        "dvar2": 0.000357783545041,
        "max": 0.499539375305,
        "mean": 0.476355224848,
        "median": 0.478936284781,
        "min": 0.403939992189,
        "var": 0.00021612814453
    },
    "dynamic_complexity": 1.0764850378,
    "erbbands_crest": {
        "dmean": 2.36200714111,
        "dmean2": 3.85805058479,
        "dvar": 4.22044706345,
        "dvar2": 10.495844841,
        "max": 21.0588932037,
        "mean": 7.3435997963,
        "median": 6.62810182571,
        "min": 2.5365049839,
        "var": 8.50099372864
    },
    "erbbands_flatness_db": {
        "dmean": 0.0137788578868,
        "dmean2": 0.0212400481105,
        "dvar": 0.000123455727589,
        "dvar2": 0.000313351163641,
        "max": 0.173435345292,
        "mean": 0.0982040241361,
        "median": 0.0973419770598,
        "min": 0.0553877390921,
        "var": 0.000349618028849
    },
    "erbbands_kurtosis": {
        "dmean": 0.56311070919,
        "dmean2": 0.881864607334,
        "dvar": 0.283923447132,
        "dvar2": 0.682083070278,
        "max": 6.3024559021,
        "mean": 0.454368680716,
        "median": 0.337811946869,
        "min": -1.09345579147,
        "var": 0.670836687088
    },
    "erbbands_skewness": {
        "dmean": 0.288257986307,
        "dmean2": 0.460059404373,
        "dvar": 0.0507196225226,
        "dvar2": 0.126945197582,
        "max": 1.91169118881,
        "mean": 0.0794278532267,
        "median": 0.0614283196628,
        "min": -1.21512031555,
        "var": 0.150011748075
    },
    "erbbands_spread": {
        "dmean": 8.82660007477,
        "dmean2": 13.2170476913,
        "dvar": 75.9957351685,
        "dvar2": 154.850402832,
        "max": 107.65914917,
        "mean": 42.8063468933,
        "median": 39.2917900085,
        "min": 15.1181240082,
        "var": 213.207824707
    },
    "hfc": {
        "dmean": 18.7158184052,
        "dmean2": 26.9912834167,
        "dvar": 577.629577637,
        "dvar2": 1170.27722168,
        "max": 205.470291138,
        "mean": 50.6891555786,
        "median": 40.7609558105,
        "min": 12.7752895355,
        "var": 977.781982422
    },
    "melbands_crest": {
        "dmean": 3.54651641846,
        "dmean2": 5.61847162247,
        "dvar": 9.68436908722,
        "dvar2": 23.2534427643,
        "max": 32.6083488464,
        "mean": 19.3381977081,
        "median": 19.1141147614,
        "min": 4.80837202072,
        "var": 34.5554199219
    },
    "melbands_flatness_db": {
        "dmean": 0.0319649390876,
        "dmean2": 0.0511932559311,
        "dvar": 0.000755585962906,
        "dvar2": 0.00188049557619,
        "max": 0.340792775154,
        "mean": 0.201279878616,
        "median": 0.201823085546,
        "min": 0.0688400119543,
        "var": 0.00234225206077
    },
    "melbands_kurtosis": {
        "dmean": 11.4643268585,
        "dmean2": 18.4585285187,
        "dvar": 208.668273926,
        "dvar2": 554.762329102,
        "max": 131.378479004,
        "mean": 19.4898319244,
        "median": 13.4041919708,
        "min": -0.56130695343,
        "var": 369.849304199
    },
    "melbands_skewness": {
        "dmean": 1.06988239288,
        "dmean2": 1.68602216244,
        "dvar": 1.00906598568,
        "dvar2": 2.61844277382,
        "max": 10.3260011673,
        "mean": 3.66018223763,
        "median": 3.37052464485,
        "min": 0.505512952805,
        "var": 2.84170293808
    },
    "melbands_spread": {
        "dmean": 7.26415491104,
        "dmean2": 11.6586999893,
        "dvar": 46.1704940796,
        "dvar2": 113.239013672,
        "max": 67.6740341187,
        "mean": 20.035402298,
        "median": 17.6672897339,
        "min": 2.78053164482,
        "var": 123.299667358
    },
    "pitch_salience": {
        "dmean": 0.0856895595789,
        "dmean2": 0.137013286352,
        "dvar": 0.00552493613213,
        "dvar2": 0.0123839331791,
        "max": 0.754883646965,
        "mean": 0.402969032526,
        "median": 0.407696396112,
        "min": 0.0974997803569,
        "var": 0.0169638264924
    },
    "silence_rate_20dB": {
        "dmean": 0,
        "dmean2": 0,
        "dvar": 0,
        "dvar2": 0,
        "max": 1,
        "mean": 1,
        "median": 1,
        "min": 1,
        "var": 0
    },
    "silence_rate_30dB": {
        "dmean": 0.153250768781,
        "dmean2": 0.306738972664,
        "dvar": 0.129764005542,
        "dvar2": 0.26841956377,
        "max": 1,
        "mean": 0.761794269085,
        "median": 1,
        "min": 0,
        "var": 0.181465640664
    },
    "silence_rate_60dB": {
        "dmean": 0,
        "dmean2": 0,
        "dvar": 0,
        "dvar2": 0,
        "max": 0,
        "mean": 0,
        "median": 0,
        "min": 0,
        "var": 0
    },
    "spectral_centroid": {
        "dmean": 221.754425049,
        "dmean2": 347.509094238,
        "dvar": 38264.1289062,
        "dvar2": 91268.8671875,
        "max": 2878.80908203,
        "mean": 1545.89001465,
        "median": 1540.07849121,
        "min": 618.294250488,
        "var": 90070.2890625
    },
    "spectral_complexity": {
        "dmean": 4.77244567871,
        "dmean2": 7.23160362244,
        "dvar": 18.5363407135,
        "dvar2": 39.3646202087,
        "max": 53,
        "mean": 29.6047954559,
        "median": 29,
        "min": 12,
        "var": 45.3218002319
    },
    "spectral_decrease": {
        "dmean": 7.44377759432e-09,
        "dmean2": 1.20893881572e-08,
        "dvar": 5.86110999123e-17,
        "dvar2": 1.53460836877e-16,
        "max": -3.94310983864e-09,
        "mean": -1.99110239407e-08,
        "median": -1.70072489425e-08,
        "min": -6.74701752246e-08,
        "var": 1.16322306727e-16
    },
    "spectral_energy": {
        "dmean": 0.02885966748,
        "dmean2": 0.0466881096363,
        "dvar": 0.000866100250278,
        "dvar2": 0.00223111198284,
        "max": 0.260605216026,
        "mean": 0.0797464475036,
        "median": 0.0684238299727,
        "min": 0.0163717549294,
        "var": 0.00175211753231
    },
    "spectral_energyband_high": {
        "dmean": 0.00144554523285,
        "dmean2": 0.00208141491748,
        "dvar": 4.20694414061e-06,
        "dvar2": 8.57151735545e-06,
        "max": 0.0166283324361,
        "mean": 0.00279942178167,
        "median": 0.00190581812058,
        "min": 0.000256057275692,
        "var": 6.95145581631e-06
    },
    "spectral_energyband_low": {
        "dmean": 0.0271969232708,
        "dmean2": 0.0443704947829,
        "dvar": 0.000860689615365,
        "dvar2": 0.00222813361324,
        "max": 0.244319170713,
        "mean": 0.0568530149758,
        "median": 0.0454501286149,
        "min": 0.00150731566828,
        "var": 0.00173592567444
    },
    "spectral_energyband_middle_high": {
        "dmean": 0.00303378887475,
        "dmean2": 0.00469349743798,
        "dvar": 1.33632565849e-05,
        "dvar2": 2.81812408502e-05,
        "max": 0.0463920235634,
        "mean": 0.00967733189464,
        "median": 0.00843268167228,
        "min": 0.00236805994064,
        "var": 2.70921518677e-05
    },
    "spectral_energyband_middle_low": {
        "dmean": 0.00528200250119,
        "dmean2": 0.00855836831033,
        "dvar": 5.02829934703e-05,
        "dvar2": 0.000131759981741,
        "max": 0.0590449012816,
        "mean": 0.012198603712,
        "median": 0.00942780822515,
        "min": 0.000946741551161,
        "var": 7.56073714001e-05
    },
    "spectral_entropy": {
        "dmean": 0.116550125182,
        "dmean2": 0.180842503905,
        "dvar": 0.0107071669772,
        "dvar2": 0.0260710529983,
        "max": 8.51990795135,
        "mean": 7.94880104065,
        "median": 7.93419027328,
        "min": 7.35333204269,
        "var": 0.0288959182799
    },
    "spectral_flux": {
        "dmean": 0.0432559251785,
        "dmean2": 0.0688339993358,
        "dvar": 0.00184031424578,
        "dvar2": 0.00410368479788,
        "max": 0.429026663303,
        "mean": 0.138282224536,
        "median": 0.119566574693,
        "min": 0.053242765367,
        "var": 0.00373215088621
    },
    "spectral_kurtosis": {
        "dmean": 0.78906327486,
        "dmean2": 1.23008775711,
        "dvar": 0.446514248848,
        "dvar2": 1.11888098717,
        "max": 8.0656747818,
        "mean": 3.32354354858,
        "median": 3.3605594635,
        "min": 0.406004190445,
        "var": 1.36623668671
    },
    "spectral_rms": {
        "dmean": 0.00155071832705,
        "dmean2": 0.00249189115129,
        "dvar": 2.04019670491e-06,
        "dvar2": 5.19384047948e-06,
        "max": 0.0159451868385,
        "mean": 0.00854546017945,
        "median": 0.00817037094384,
        "min": 0.0039965538308,
        "var": 4.77649291497e-06
    },
    "spectral_rolloff": {
        "dmean": 546.547363281,
        "dmean2": 933.350708008,
        "dvar": 539612.8125,
        "dvar2": 1388040.375,
        "max": 8505.61523438,
        "mean": 1084.35339355,
        "median": 904.39453125,
        "min": 64.599609375,
        "var": 751945.5625
    },
    "spectral_skewness": {
        "dmean": 0.146820232272,
        "dmean2": 0.228541746736,
        "dvar": 0.0130716757849,
        "dvar2": 0.0330362357199,
        "max": 2.21365261078,
        "mean": 1.53916609287,
        "median": 1.54336571693,
        "min": 0.804930925369,
        "var": 0.0431109406054
    },
    "spectral_spread": {
        "dmean": 768358.5625,
        "dmean2": 1145339.375,
        "dvar": 497636704256,
        "dvar2": 973651705856,
        "max": 10364655,
        "mean": 6007358,
        "median": 5779153,
        "min": 3296355.5,
        "var": 1.55700074906e+12
    },
    "spectral_strongpeak": {
        "dmean": 0.350628972054,
        "dmean2": 0.611336708069,
        "dvar": 0.638858318329,
        "dvar2": 1.64744377136,
        "max": 8.26867198944,
        "mean": 0.658367753029,
        "median": 0.528686285019,
        "min": 0.0747229009867,
        "var": 0.52654415369
    },
    "zerocrossingrate": {
        "dmean": 0.0147323375568,
        "dmean2": 0.0184525679797,
        "dvar": 0.000150382402353,
        "dvar2": 0.000228469260037,
        "max": 0.16796875,
        "mean": 0.0677385404706,
        "median": 0.0634765625,
        "min": 0.01611328125,
        "var": 0.00067981967004
    },
    "barkbands": {
        "dmean": [0.00108448427636, 0.0244051236659, 0.00714605534449, 0.00260052271187, 0.0014667325886, 0.000498965848237, 0.000670575420372, 0.00115087116137, 0.00147349538747, 0.000637593446299, 0.000492953171488, 0.000513337552547, 0.000455438537756, 0.00145553413313, 0.000569945317693, 0.000792294566054, 0.000387004751246, 0.000160550975124, 0.000153057553689, 0.000160134310136, 0.000157566420967, 0.000175815774128, 0.000170948755112, 0.000243759670411, 0.000483200041344, 0.000454864552012, 7.52707265406e-08],
        "dmean2": [0.00187800452113, 0.0398258492351, 0.0119193652645, 0.00459080422297, 0.00255396659486, 0.000823991023935, 0.00107474357355, 0.00165337778162, 0.00219211285003, 0.000930030713789, 0.000782885937952, 0.000807629199699, 0.000766765093431, 0.00234969099984, 0.00094841257669, 0.00129995599855, 0.000630976515822, 0.000269192882115, 0.000252683501458, 0.000261090695858, 0.000255767226918, 0.000254561193287, 0.000266384478891, 0.000367028696928, 0.000741739291698, 0.000731280713808, 1.38301516017e-07],
        "dvar": [1.75322497853e-06, 0.000829593802337, 0.000174213011633, 2.31547855947e-05, 5.86527994528e-06, 5.38657502602e-07, 2.97974884234e-06, 6.00420025876e-06, 3.8181610762e-06, 1.0829422763e-06, 3.09701420065e-07, 3.51860364844e-07, 2.29453362977e-07, 6.95331482348e-06, 6.10485528796e-07, 1.12777468075e-06, 2.58651766671e-07, 2.60956323217e-08, 3.00339380033e-08, 2.78507545914e-08, 3.1701421932e-08, 7.17826011964e-08, 5.63299842327e-08, 1.34635186555e-07, 7.24449819245e-07, 3.63729668607e-07, 8.86236274796e-14],
        "dvar2": [5.38233916814e-06, 0.00216934317723, 0.000414060399635, 6.22416046099e-05, 1.61675689014e-05, 1.48598530814e-06, 7.52207006371e-06, 1.46678230522e-05, 7.50375465941e-06, 1.9085096028e-06, 6.92609717134e-07, 8.2980886873e-07, 5.87861336498e-07, 1.48056542457e-05, 1.53706491801e-06, 2.83781469079e-06, 6.40952691811e-07, 6.99907758417e-08, 7.53947233534e-08, 6.918769202e-08, 7.85081013532e-08, 1.49030540797e-07, 1.32301565259e-07, 2.85890678242e-07, 1.50148480316e-06, 8.81090670646e-07, 2.43783319269e-13],
        "max": [0.00898441951722, 0.234280437231, 0.106442987919, 0.0413202270865, 0.0235034618527, 0.00727261509746, 0.0254201963544, 0.0447186566889, 0.0207563061267, 0.0218200199306, 0.00690147979185, 0.00630526151508, 0.00460994336754, 0.034048024565, 0.0139649715275, 0.0229903310537, 0.00733158923686, 0.00156949204393, 0.00152772048023, 0.00168315775227, 0.00183491490316, 0.0033418731764, 0.00195139832795, 0.00445142528042, 0.00801263842732, 0.004177398514, 3.25301334669e-06],
        "mean": [0.00126384035684, 0.0455222018063, 0.00836213771254, 0.00285883410834, 0.0022984361276, 0.000871551281307, 0.00110253680032, 0.00223314226605, 0.00267242267728, 0.00107960880268, 0.00085548881907, 0.000994681147859, 0.000772842555307, 0.00225821719505, 0.000958884775173, 0.00132856308483, 0.000691987457685, 0.000341292121448, 0.000303715176415, 0.000345938868122, 0.000344735599356, 0.000328351510689, 0.000315302284434, 0.000409971107729, 0.000623696076218, 0.000608041300438, 4.83156163966e-08],
        "median": [0.000745982804801, 0.034780189395, 0.00405665533617, 0.00120410288218, 0.00145216099918, 0.000585633621085, 0.000529356300831, 0.00107516930439, 0.00156069593504, 0.000588604772929, 0.000595712626819, 0.000760820694268, 0.000602977408562, 0.00124627910554, 0.000585834379308, 0.00097428978188, 0.000480078451801, 0.000295804464258, 0.00025094152079, 0.000294769677566, 0.000281989981886, 0.000226675809245, 0.000217985638301, 0.000266435235972, 0.000267776515102, 0.000398867152398, 1.88776794197e-09],
        "min": [6.82741756464e-06, 0.000737653172109, 2.39099190367e-05, 9.76603405434e-06, 2.7806207072e-05, 2.65873168246e-05, 1.22451601783e-05, 9.856041288e-06, 3.57073149644e-05, 1.44441391967e-05, 2.05454580282e-05, 2.42272017204e-05, 3.83984370274e-05, 6.36798213236e-05, 4.99805682921e-05, 7.39884271752e-05, 6.61807498545e-05, 5.07263248437e-05, 3.6994657421e-05, 2.99361145153e-05, 3.85659295716e-05, 2.35023599089e-05, 1.44896748679e-05, 3.97159908516e-07, 9.60733004263e-09, 7.89988907623e-11, 2.60510779615e-11],
        "var": [1.87927298612e-06, 0.00145613378845, 0.000169722014107, 2.0703584596e-05, 7.46752448322e-06, 7.1448403105e-07, 4.80470180264e-06, 1.48326926137e-05, 9.60647776083e-06, 2.62810499407e-06, 6.4056462179e-07, 7.38083940632e-07, 3.54868888053e-07, 1.15234161058e-05, 1.27779946979e-06, 1.63174286172e-06, 4.71737479302e-07, 3.89832912617e-08, 4.32403624018e-08, 4.80477915232e-08, 5.10766255957e-08, 1.1971505387e-07, 9.03063295254e-08, 2.10631711184e-07, 1.00742670384e-06, 4.41459320655e-07, 5.4815130706e-14]
    },
    "erbbands": {
        "dmean": [0.79870480299, 5.39463090897, 7.77136802673, 10.0369510651, 6.4685087204, 4.30598545074, 3.58321070671, 4.76671743393, 5.17226600647, 17.0793972015, 20.5542907715, 23.2938518524, 34.5711784363, 18.5930042267, 15.8705253601, 15.1383714676, 18.7723751068, 36.2556228638, 56.6492156982, 30.0614681244, 46.9979705811, 20.8212528229, 9.25551891327, 7.403175354, 7.7146282196, 7.00872468948, 6.53144598007, 6.15883970261, 6.49532794952, 5.45380020142, 5.04592561722, 4.90329742432, 4.45956754684, 3.22316908836, 5.11713790894, 2.09880042076, 1.00622785091, 0.088111191988, 0.00152335816529, 8.48687850521e-05],
        "dmean2": [1.2736748457, 8.83273887634, 12.4793958664, 17.6695098877, 11.1718053818, 7.51400566101, 5.84923601151, 8.00831890106, 8.07633113861, 26.9475097656, 29.5679187775, 34.764503479, 50.7689971924, 28.2549324036, 25.7659244537, 23.8201980591, 31.123544693, 59.1805458069, 91.5774841309, 48.9760169983, 78.4289474487, 33.9386062622, 15.5022106171, 12.0185909271, 12.6901044846, 11.3323688507, 10.7567901611, 9.78858184814, 9.64197731018, 7.90247297287, 7.78988075256, 7.57025051117, 6.81569051743, 5.16817903519, 7.85923814774, 3.32569646835, 1.65713167191, 0.147622466087, 0.00251580332406, 0.00013279124687],
        "dvar": [1.01601243019, 40.7600784302, 144.422470093, 411.726928711, 114.90877533, 49.0291595459, 26.6008014679, 42.1808738708, 96.7338562012, 1505.49743652, 1814.53662109, 902.711181641, 1869.49243164, 489.669464111, 307.46786499, 259.746734619, 387.278869629, 2323.18847656, 10389.953125, 1613.23339844, 4900.34179688, 614.108093262, 89.4905471802, 63.3215942383, 78.5225448608, 56.9030990601, 54.8085823059, 58.8061752319, 103.703781128, 54.3947372437, 49.0346984863, 55.0042800903, 43.7522239685, 21.9966583252, 101.811203003, 9.76065635681, 1.67376029491, 0.00970827322453, 2.95695463137e-06, 9.17654485733e-09],
        "dvar2": [2.53681850433, 108.508766174, 335.678283691, 1101.14196777, 308.634277344, 127.404678345, 73.3017883301, 114.417976379, 236.028656006, 3854.77685547, 4286.24609375, 1754.63500977, 3754.66894531, 981.083068848, 781.277282715, 624.58996582, 961.151428223, 4920.32666016, 22333.7792969, 3973.55200195, 12683.4814453, 1552.88183594, 244.173675537, 152.612747192, 204.236572266, 136.487670898, 139.489929199, 142.102966309, 230.69052124, 101.643867493, 114.094436646, 126.629928589, 93.5799255371, 53.1871566772, 214.01902771, 21.6207828522, 4.22180128098, 0.0252120494843, 7.52366577217e-06, 2.07480166381e-08],
        "max": [9.96192264557, 49.6251983643, 100.81590271, 166.228088379, 105.174232483, 124.515968323, 49.2921218872, 64.1595916748, 168.438659668, 546.762817383, 745.55279541, 413.613555908, 558.368896484, 282.70501709, 212.248931885, 174.688400269, 187.222396851, 584.38079834, 1277.15246582, 514.040100098, 1534.88415527, 324.381774902, 102.817932129, 77.0994949341, 101.222335815, 59.9348144531, 98.8854293823, 86.7441711426, 134.079360962, 75.4548721313, 66.9217758179, 88.4267349243, 64.9010314941, 36.7517051697, 93.5022583008, 21.3127384186, 10.7713661194, 0.81268787384, 0.0135752540082, 0.000807090604212],
        "mean": [1.34320414066, 9.89406490326, 11.5737533569, 10.6950912476, 8.66905403137, 6.96183252335, 6.46640014648, 7.82085609436, 9.94111061096, 32.7924003601, 41.56092453, 46.6095581055, 65.6412277222, 35.5298919678, 33.6435394287, 31.8600101471, 35.3217468262, 66.3163452148, 93.2113876343, 59.1213264465, 80.6340637207, 40.2045707703, 20.2437858582, 16.4210128784, 16.613904953, 15.089802742, 14.4373779297, 12.2294359207, 11.7765169144, 10.3709230423, 9.10596370697, 7.82986736298, 7.26111221313, 4.54608631134, 6.04004812241, 2.5988047123, 1.28061056137, 0.107896499336, 0.0019865038339, 0.000186217119335],
        "median": [0.850728571415, 7.5833067894, 7.02968978882, 4.7929520607, 4.14377737045, 3.8189432621, 4.63946866989, 5.38188076019, 6.5902056694, 16.3391056061, 21.8077926636, 28.5862751007, 46.2057342529, 25.1985607147, 26.0418701172, 25.7907066345, 28.5784130096, 48.2840423584, 55.2726631165, 39.7894096375, 58.3536262512, 31.2346954346, 17.6519584656, 13.7421512604, 14.1468811035, 12.6866073608, 11.9709701538, 9.4773645401, 8.05641746521, 6.83759021759, 6.18134355545, 5.24419403076, 4.64498519897, 2.68238973618, 2.09624671936, 1.45938777924, 0.835722088814, 0.0712726786733, 0.00133439479396, 0.000151146494318],
        "min": [0.0283723399043, 0.0820817947388, 0.3305580616, 0.251196295023, 0.174144998193, 0.113869078457, 0.167165145278, 0.206844598055, 0.288723438978, 0.705542325974, 0.723272740841, 1.1909481287, 2.21145415306, 3.43642997742, 2.73784589767, 1.52984368801, 3.05267548561, 4.47167444229, 4.84329843521, 6.65357542038, 6.34400272369, 5.72178411484, 3.62813663483, 1.90498900414, 1.8865339756, 1.86466920376, 1.58005607128, 1.22439885139, 0.611658036709, 0.624895691872, 0.675132751465, 0.259233623743, 0.0677130743861, 0.0299938935786, 0.00636579003185, 0.00106193812098, 0.000183052121429, 1.79411581485e-05, 2.03495783353e-05, 3.35127333528e-05],
        "var": [1.8697770834, 66.8038635254, 179.033416748, 324.590087891, 132.984542847, 104.761276245, 36.1959457397, 60.692691803, 169.046844482, 3014.52172852, 4644.91162109, 2547.61206055, 4440.82958984, 1101.93603516, 665.543640137, 589.589172363, 664.68737793, 4200.17041016, 16644.4492188, 3309.7265625, 6456.47998047, 1037.47058105, 128.230392456, 101.179176331, 117.142150879, 93.4863052368, 91.4573974609, 86.9722900391, 156.716278076, 116.959373474, 76.7126235962, 74.5185165405, 69.8793716431, 29.771320343, 130.612228394, 12.0963182449, 1.93382000923, 0.0120643097907, 3.76792831958e-06, 1.4731211806e-08]
    },
    "gfcc": {
        "mean": [91.7172012329, 58.7853660583, -94.1770324707, 29.4942378998, -37.2022476196, 37.7960891724, -30.6682281494, 27.5327777863, -16.9235916138, 16.9749622345, -27.1263179779, 5.15658140182, -14.2234382629],
        "cov": [[550.435974121, -217.28314209, 136.080627441, -20.0078659058, -42.2103538513, -22.5615272522, -76.2635269165, -21.79545784, -103.280944824, -9.6544046402, -77.8067932129, -30.6452636719, -69.606338501], [-217.28314209, 284.144287109, -109.108573914, 12.8733186722, 1.21863353252, -44.7521858215, 6.08219051361, -38.2500648499, 28.6127185822, -20.7810878754, 49.6326980591, -23.5051860809, 26.2348194122], [136.080627441, -109.108573914, 185.207946777, 3.57299351692, 23.8062705994, 18.434135437, 3.21978282928, 33.4176177979, -18.7400951385, 16.8436260223, -41.6356582642, 13.5025215149, -23.4195594788], [-20.0078659058, 12.8733186722, 3.57299351692, 114.714271545, 7.48270225525, 43.1448974609, 8.39479923248, 0.0148883024231, 14.5375404358, -20.4585895538, 17.5890388489, -8.25313568115, 19.5099010468], [-42.2103538513, 1.21863353252, 23.8062705994, 7.48270225525, 91.5375671387, 20.2562465668, 24.5857791901, -0.579509317875, 12.1035699844, 20.1071949005, 3.19717264175, 24.9490604401, 6.86374473572], [-22.5615272522, -44.7521858215, 18.434135437, 43.1448974609, 20.2562465668, 119.335647583, 53.6598701477, 41.3055839539, 14.3378105164, -13.477022171, 9.74360466003, -0.553976655006, 16.4640750885], [-76.2635269165, 6.08219051361, 3.21978282928, 8.39479923248, 24.5857791901, 53.6598701477, 94.6847305298, 42.9175376892, 34.4177970886, -6.54225683212, 8.96863746643, 12.9925823212, 8.92684078217], [-21.79545784, -38.2500648499, 33.4176177979, 0.0148883024231, -0.579509317875, 41.3055839539, 42.9175376892, 89.2472686768, 48.9573936462, 19.5668621063, -5.89768743515, 6.11010694504, 9.90045166016], [-103.280944824, 28.6127185822, -18.7400951385, 14.5375404358, 12.1035699844, 14.3378105164, 34.4177970886, 48.9573936462, 96.2277984619, 37.4324188232, 23.6042785645, 7.44610023499, 12.1321201324], [-9.6544046402, -20.7810878754, 16.8436260223, -20.4585895538, 20.1071949005, -13.477022171, -6.54225683212, 19.5668621063, 37.4324188232, 80.8680801392, 16.445728302, 15.1458768845, -5.20596504211], [-77.8067932129, 49.6326980591, -41.6356582642, 17.5890388489, 3.19717264175, 9.74360466003, 8.96863746643, -5.89768743515, 23.6042785645, 16.445728302, 62.3254203796, 12.4441156387, 18.1146526337], [-30.6452636719, -23.5051860809, 13.5025215149, -8.25313568115, 24.9490604401, -0.553976655006, 12.9925823212, 6.11010694504, 7.44610023499, 15.1458768845, 12.4441156387, 59.2802963257, 24.9697875977], [-69.606338501, 26.2348194122, -23.4195594788, 19.5099010468, 6.86374473572, 16.4640750885, 8.92684078217, 9.90045166016, 12.1321201324, -5.20596504211, 18.1146526337, 24.9697875977, 59.899887085]],
        "icov": [[0.00423632841557, 0.00248427013867, -0.00143874483183, -0.000511496851686, 0.000898702885024, 0.000853335426655, 0.00125611806288, 3.1551655411e-05, 0.00253231776878, -0.000168525395566, 0.000427115621278, 0.0017823271919, 0.00150920031592], [0.00248427013867, 0.0089310631156, 0.00017891038442, 0.000305384688545, -0.00207559252158, 0.00560140097514, -0.00173483067192, 0.00198861840181, -0.00113174156286, 0.00336547894403, -0.00529438443482, 0.00782362185419, -0.00356472074054], [-0.00143874483183, 0.00017891038442, 0.0103550814092, -0.00299398507923, -0.00231628376059, -0.000216844127863, 0.000198826179258, -0.00543208327144, 0.00368858710863, -0.00272517534904, 0.00447659101337, -0.00432149460539, 0.00393048161641], [-0.000511496851686, 0.000305384688545, -0.00299398507923, 0.0138590252027, -0.0013191428734, -0.00432991795242, 0.00231255893596, 0.00411197962239, -0.0062237768434, 0.00563754839823, -0.0046078870073, 0.00437174644321, -0.00477409781888], [0.000898702885024, -0.00207559252158, -0.00231628376059, -0.0013191428734, 0.0174935869873, -0.00477978633717, -0.00390223413706, 0.00707043427974, -0.000666119391099, -0.00697161769494, 0.0059244511649, -0.00704122101888, 0.000872145988978], [0.000853335426655, 0.00560140097514, -0.000216844127863, -0.00432991795242, -0.00477978633717, 0.0199552644044, -0.00760308979079, -0.00637008715421, 0.00372985308059, 0.00378998694941, -0.00749628758058, 0.00874245259911, -0.00469083944336], [0.00125611806288, -0.00173483067192, 0.000198826179258, 0.00231255893596, -0.00390223413706, -0.00760308979079, 0.0225149095058, -0.00771998474374, -0.00375972199254, 0.0071770385839, -0.00123716297094, -0.00608362443745, 0.00629693781957], [3.1551655411e-05, 0.00198861840181, -0.00543208327144, 0.00411197962239, 0.00707043427974, -0.00637008715421, -0.00771998474374, 0.0305941998959, -0.0142751699314, -0.00390740903094, 0.00645484635606, 0.00286392564885, -0.0078571466729], [0.00253231776878, -0.00113174156286, 0.00368858710863, -0.0062237768434, -0.000666119391099, 0.00372985308059, -0.00375972199254, -0.0142751699314, 0.0273685436696, -0.0106138214469, -0.0014857838396, 0.000175470151589, 0.00278903194703], [-0.000168525395566, 0.00336547894403, -0.00272517534904, 0.00563754839823, -0.00697161769494, 0.00378998694941, 0.0071770385839, -0.00390740903094, -0.0106138214469, 0.0264925211668, -0.0117442300543, 0.00038455115282, 0.00260541052558], [0.000427115621278, -0.00529438443482, 0.00447659101337, -0.0046078870073, 0.0059244511649, -0.00749628758058, -0.00123716297094, 0.00645484635606, -0.0014857838396, -0.0117442300543, 0.0323522128165, -0.0102406591177, 0.000330612121616], [0.0017823271919, 0.00782362185419, -0.00432149460539, 0.00437174644321, -0.00704122101888, 0.00874245259911, -0.00608362443745, 0.00286392564885, 0.000175470151589, 0.00038455115282, -0.0102406591177, 0.0359854064882, -0.0175378061831], [0.00150920031592, -0.00356472074054, 0.00393048161641, -0.00477409781888, 0.000872145988978, -0.00469083944336, 0.00629693781957, -0.0078571466729, 0.00278903194703, 0.00260541052558, 0.000330612121616, -0.0175378061831, 0.0315232127905]]
    },
    "melbands": {
        "dmean": [0.00699807610363, 0.00461003230885, 0.00158691022079, 0.000371198198991, 0.0001254320523, 9.99374169623e-05, 9.92883942672e-05, 0.000221270820475, 0.000137789131259, 0.000195229295059, 0.000180132483365, 8.1453792518e-05, 5.60833977943e-05, 6.33120725979e-05, 3.49370347976e-05, 6.06170651736e-05, 7.98783585196e-05, 0.000124119964312, 5.08418379468e-05, 4.41956872237e-05, 5.76466809434e-05, 2.56157418335e-05, 9.66899006016e-06, 8.37536481413e-06, 6.39468271402e-06, 6.41043652649e-06, 6.33154741081e-06, 5.08696211909e-06, 4.93878224006e-06, 4.10662823924e-06, 3.62006812793e-06, 3.92932315663e-06, 3.67666871171e-06, 3.23708218275e-06, 3.14534963763e-06, 3.22629557559e-06, 3.0992559914e-06, 3.70695534002e-06, 2.78398783848e-06, 2.72075021712e-06],
        "dmean2": [0.0113648977131, 0.0073728710413, 0.0027682625223, 0.000653239141684, 0.000206395954592, 0.000167056612554, 0.000156439113198, 0.00033433563658, 0.000199040965526, 0.000291287724394, 0.000263294903561, 0.000121989571198, 9.06018030946e-05, 0.000100069068139, 5.65074078622e-05, 0.000102280049759, 0.000129165622639, 0.000201132250368, 8.44514506753e-05, 7.15128117008e-05, 9.69117973e-05, 4.20628966822e-05, 1.62649357662e-05, 1.40125412145e-05, 1.04061600723e-05, 1.07542564365e-05, 1.05387716758e-05, 8.31921352074e-06, 8.32118894323e-06, 6.74774446452e-06, 5.73618217459e-06, 6.13169459029e-06, 5.32223111804e-06, 5.05487469127e-06, 4.97955579704e-06, 5.14058274348e-06, 4.91259970659e-06, 5.6751637203e-06, 4.4527969294e-06, 4.52500034953e-06],
        "dvar": [7.35859066481e-05, 2.99746952805e-05, 9.28644840315e-06, 3.7193785829e-07, 2.9845971028e-08, 1.93382536651e-08, 4.86185172122e-08, 2.11866179711e-07, 7.63817311622e-08, 6.396957275e-08, 5.09371496094e-08, 9.83490799911e-09, 3.80392473076e-09, 6.56470255933e-09, 1.77810088875e-09, 3.80207154649e-09, 1.47068925926e-08, 5.70176013071e-08, 5.92848081737e-09, 3.15952397578e-09, 7.67181784767e-09, 1.08121711584e-09, 9.16831749409e-11, 7.55236290173e-11, 4.86232373809e-11, 5.79335017459e-11, 5.2057094746e-11, 3.09697788248e-11, 3.80390753618e-11, 2.10072046564e-11, 1.9045759761e-11, 3.87050703987e-11, 3.01733360519e-11, 1.91011147871e-11, 2.06118004609e-11, 2.13680115269e-11, 2.28504090649e-11, 3.17565175545e-11, 1.63348310572e-11, 1.45602453705e-11],
        "dvar2": [0.000188896432519, 7.12658584234e-05, 2.43688118644e-05, 1.00780141565e-06, 8.08898832361e-08, 5.25888808056e-08, 1.19717057601e-07, 5.35441017746e-07, 1.79479201279e-07, 1.23847314626e-07, 1.01067833214e-07, 1.84472188636e-08, 9.50556966473e-09, 1.5395883679e-08, 4.40921121836e-09, 9.687537883e-09, 3.11042747114e-08, 1.22497695543e-07, 1.47694949604e-08, 7.31071203575e-09, 2.01522940557e-08, 2.7029327665e-09, 2.49071402392e-10, 1.99331398609e-10, 1.1978439074e-10, 1.51134535442e-10, 1.3579044833e-10, 7.6243983349e-11, 9.84321721353e-11, 5.42012407179e-11, 4.61019313003e-11, 9.03983346512e-11, 6.01351954344e-11, 4.25384831526e-11, 5.04296500392e-11, 4.93540520952e-11, 5.53022003191e-11, 6.68930327796e-11, 4.12914806514e-11, 3.69871355765e-11],
        "max": [0.076421558857, 0.0459019877017, 0.0232509393245, 0.00620020646602, 0.00168697896879, 0.00128610280808, 0.00337473349646, 0.00814894028008, 0.00490347156301, 0.00278799864464, 0.00310383806936, 0.00162112526596, 0.000710991211236, 0.000855264021084, 0.000588857859839, 0.000565421243664, 0.0015497810673, 0.00303048128262, 0.00154819677118, 0.000875812373124, 0.00182125240099, 0.000431934284279, 9.31287868298e-05, 8.72110467753e-05, 7.18317533028e-05, 6.80041630403e-05, 0.0001001327837, 4.38675015175e-05, 8.5246800154e-05, 5.02606599184e-05, 4.13018533436e-05, 8.16591200419e-05, 6.03501976002e-05, 3.95881725126e-05, 5.00891910633e-05, 4.17148439738e-05, 5.87122740399e-05, 5.71314740228e-05, 3.9474456571e-05, 2.99300663755e-05],
        "mean": [0.0126399267465, 0.0088280942291, 0.00182557606604, 0.00054660969181, 0.000238197928411, 0.000168857499375, 0.000179683993338, 0.000440713192802, 0.000274299760349, 0.000363718776498, 0.000337294419296, 0.000146864622366, 0.000112774221634, 0.000113270099973, 6.39390855213e-05, 9.9397097074e-05, 0.000135341382702, 0.000185569791938, 8.41918445076e-05, 7.76364177e-05, 9.29081070353e-05, 4.43917306256e-05, 1.87602945516e-05, 1.69533032022e-05, 1.27291596073e-05, 1.21388948173e-05, 1.22420533444e-05, 9.53588642005e-06, 9.71248482529e-06, 7.80432583269e-06, 6.61101648802e-06, 6.6606994551e-06, 6.40477537672e-06, 5.53367044631e-06, 5.33601087227e-06, 4.82713357997e-06, 4.72878400615e-06, 5.79246170673e-06, 3.69200120076e-06, 3.52884603672e-06],
        "median": [0.00903808698058, 0.00712878629565, 0.000913163414225, 0.000296054116916, 0.000173898646608, 0.000116115857963, 0.000107696068881, 0.000223864728468, 0.000144436096889, 0.000211246835534, 0.000234906809055, 0.000100000332168, 8.76476988196e-05, 7.78137691668e-05, 4.55357367173e-05, 7.69889666117e-05, 9.09960290301e-05, 9.33947303565e-05, 4.83487019665e-05, 5.57749590371e-05, 6.58239368931e-05, 3.08452181343e-05, 1.59244846145e-05, 1.44889445437e-05, 1.03807060441e-05, 9.83504105534e-06, 1.00679208117e-05, 7.69401049183e-06, 7.74814907345e-06, 6.26981727692e-06, 4.91770651934e-06, 4.54410474049e-06, 4.18483887188e-06, 3.55116208084e-06, 3.52982510776e-06, 3.19806190419e-06, 3.1426170608e-06, 3.55581732947e-06, 2.3365657853e-06, 2.13023940887e-06],
        "min": [0.000271320022875, 0.000224924166105, 4.76035202155e-05, 7.87027511251e-06, 5.14496650794e-06, 4.52940594187e-06, 1.90680566448e-06, 5.43789838048e-06, 7.51032666813e-06, 3.77759943149e-06, 7.97831580712e-06, 5.49839478481e-06, 6.86412522555e-06, 3.19305922858e-06, 1.9003171019e-06, 6.06462299402e-06, 5.85754378335e-06, 4.68597409053e-06, 4.09278391089e-06, 4.1089951992e-06, 4.17972842115e-06, 4.00699400416e-06, 2.12677196032e-06, 2.17700539906e-06, 9.73714691099e-07, 1.29787929382e-06, 4.86315627768e-07, 7.92604339495e-07, 6.74115597121e-07, 2.01443199899e-07, 1.64498786148e-07, 1.52298653688e-07, 3.00624293459e-07, 1.84955354143e-07, 1.24593725559e-07, 2.1598485489e-07, 4.88179408009e-09, 4.35356106721e-09, 1.49782946463e-11, 3.92217647249e-11],
