{
"highlevel": {
    "danceability": {
        "all": {
            "danceable": 0.163462668657,
            "not_danceable": 0.836537361145
        },
        "probability": 0.836537361145,
        "value": "not_danceable"
    },
    "gender": {
        "all": {
            "female": 0.0491241104901,
            "male": 0.950875878334
        },
        "probability": 0.950875878334,
        "value": "male"
    },
    "genre_dortmund": {
        "all": {
            "alternative": 0.132479608059,
            "blues": 0.0901604741812,
            "electronic": 0.0150769669563,
            "folkcountry": 0.0534310489893,
            "funksoulrnb": 0.0191549677402,
            "jazz": 0.0258571766317,
            "pop": 0.0972074195743,
            "raphiphop": 0.00924196653068,
            "rock": 0.557390391827
        },
        "probability": 0.557390391827,
        "value": "rock"
    },
    "genre_electronic": {
        "all": {
            "ambient": 0.165109440684,
            "dnb": 0.589663207531,
            "house": 0.0640753060579,
            "techno": 0.00778743205592,
            "trance": 0.17336460948
        },
        "probability": 0.589663207531,
        "value": "dnb"
    },
    "genre_rosamerica": {
        "all": {
            "cla": 0.00252408324741,
            "dan": 0.00742442347109,
            "hip": 0.00846651289612,
            "jaz": 0.0015612449497,
            "pop": 0.014845685102,
            "rhy": 0.00790402386338,
            "roc": 0.956534564495,
            "spe": 0.000739440030884
        },
        "probability": 0.956534564495,
        "value": "roc"
    },
    "genre_tzanetakis": {
        "all": {
            "blu": 0.0626541376114,
            "cla": 0.0348133966327,
            "cou": 0.0783501937985,
            "dis": 0.104547761381,
            "hip": 0.15693578124,
            "jaz": 0.313987255096,
            "met": 0.044816005975,
            "pop": 0.0627349764109,
            "reg": 0.0627352520823,
            "roc": 0.0784252434969
        },
        "probability": 0.313987255096,
        "value": "jaz"
    },
    "ismir04_rhythm": {
        "all": {
            "ChaChaCha": 0.105188503861,
            "Jive": 0.557862818241,
            "Quickstep": 0.0156684480608,
            "Rumba-American": 0.0038989612367,
            "Rumba-International": 0.0236089639366,
            "Rumba-Misc": 0.00575292715803,
            "Samba": 0.145050913095,
            "Tango": 0.00763578433543,
            "VienneseWaltz": 0.126673564315,
            "Waltz": 0.00865913648158
        },
        "probability": 0.557862818241,
        "value": "Jive"
    },
    "mood_acoustic": {
        "all": {
            "acoustic": 0.0080009130761,
            "not_acoustic": 0.991999089718
        },
        "probability": 0.991999089718,
        "value": "not_acoustic"
    },
    "mood_aggressive": {
        "all": {
            "aggressive": 0.826011955738,
            "not_aggressive": 0.173988059163
        },
        "probability": 0.826011955738,
        "value": "aggressive"
    },
    "mood_electronic": {
        "all": {
            "electronic": 0.266910254955,
            "not_electronic": 0.733089745045
        },
        "probability": 0.733089745045,
        "value": "not_electronic"
    },
    "mood_happy": {
        "all": {
            "happy": 0.726898312569,
            "not_happy": 0.273101687431
        },
        "probability": 0.726898312569,
        "value": "happy"
    },
    "mood_party": {
        "all": {
            "not_party": 0.284073382616,
            "party": 0.715926587582
        },
        "probability": 0.715926587582,
        "value": "party"
    },
    "mood_relaxed": {
        "all": {
            "not_relaxed": 0.981017887592,
            "relaxed": 0.0189821030945
        },
        "probability": 0.981017887592,
        "value": "not_relaxed"
    },
    "mood_sad": {
        "all": {
            "not_sad": 0.848080694675,
            "sad": 0.151919335127
        },
        "probability": 0.848080694675,
        "value": "not_sad"
    },
    "moods_mirex": {
        "all": {
            "Cluster1": 0.502442717552,
            "Cluster2": 0.162373766303,
            "Cluster3": 0.158617734909,
            "Cluster4": 0.0598492249846,
            "Cluster5": 0.116716533899
        },
        "probability": 0.502442717552,
        "value": "Cluster1"
    },
    "timbre": {
        "all": {
            "bright": 0.799680531025,
            "dark": 0.200319468975
        },
        "probability": 0.799680531025,
        "value": "bright"
    },
    "tonal_atonal": {
        "all": {
            "atonal": 0.186695545912,
            "tonal": 0.813304424286
        },
        "probability": 0.813304424286,
        "value": "tonal"
    },
    "voice_instrumental": {
        "all": {
            "instrumental": 0.00273234234191,
            "voice": 0.997267663479
        },
        "probability": 0.997267663479,
        "value": "voice"
    }
},
"lowlevel": {
    "average_loudness": 0.959719538689,
    "barkbands_crest": {
        "dmean": 2.43483495712,
        "dmean2": 3.99686455727,
        "dvar": 8.31288337708,
        "dvar2": 21.4989147186,
        "max": 24.5767307281,
        "mean": 8.76683235168,
        "median": 8.14987754822,
        "min": 2.90208649635,
        "var": 11.8195133209
    },
    "barkbands_flatness_db": {
        "dmean": 0.0181429870427,
        "dmean2": 0.0296801831573,
        "dvar": 0.000334549462423,
        "dvar2": 0.000903601699974,
        "max": 0.262867480516,
        "mean": 0.120352238417,
        "median": 0.114536479115,
        "min": 0.0594013445079,
        "var": 0.00104179012123
    },
    "barkbands_kurtosis": {
        "dmean": 1.33516263962,
        "dmean2": 2.31516480446,
        "dvar": 7.70315313339,
        "dvar2": 21.0864200592,
        "max": 35.9746589661,
        "mean": 0.232413709164,
        "median": -0.650664806366,
        "min": -1.8674980402,
        "var": 9.55794239044
    },
    "barkbands_skewness": {
        "dmean": 0.45982965827,
        "dmean2": 0.748427331448,
        "dvar": 0.34069237113,
        "dvar2": 0.87145447731,
        "max": 5.96467113495,
        "mean": 0.806527912617,
        "median": 0.724691271782,
        "min": -3.01416087151,
        "var": 0.834719359875
    },
    "barkbands_spread": {
        "dmean": 6.66309118271,
        "dmean2": 10.5189218521,
        "dvar": 48.7271232605,
        "dvar2": 117.749710083,
        "max": 85.0908355713,
        "mean": 38.2543716431,
        "median": 39.0796470642,
        "min": 5.64135169983,
        "var": 195.23866272
    },
    "dissonance": {
        "dmean": 0.00940243341029,
        "dmean2": 0.0159034430981,
        "dvar": 9.86100931186e-05,
        "dvar2": 0.000260880537098,
        "max": 0.499958664179,
        "mean": 0.48328524828,
        "median": 0.487059891224,
        "min": 0.384553730488,
        "var": 0.000183770811418
    },
    "dynamic_complexity": 1.75210893154,
    "erbbands_crest": {
        "dmean": 2.26363706589,
        "dmean2": 3.73540329933,
        "dvar": 4.54317712784,
        "dvar2": 11.3451290131,
        "max": 25.8338985443,
        "mean": 7.92438077927,
        "median": 7.02049684525,
        "min": 2.48052692413,
        "var": 12.8732404709
    },
    "erbbands_flatness_db": {
        "dmean": 0.0159167964011,
        "dmean2": 0.0226757787168,
        "dvar": 0.000238365551922,
        "dvar2": 0.000456169131212,
        "max": 0.365866810083,
        "mean": 0.155985832214,
        "median": 0.14257735014,
        "min": 0.0735188275576,
        "var": 0.00197915243916
    },
    "erbbands_kurtosis": {
        "dmean": 0.964672386646,
        "dmean2": 1.52251672745,
        "dvar": 1.10051631927,
        "dvar2": 2.44957470894,
        "max": 16.7716941833,
        "mean": 1.00730204582,
        "median": 0.381655454636,
        "min": -1.55843043327,
        "var": 4.83214139938
    },
    "erbbands_skewness": {
        "dmean": 0.283670455217,
        "dmean2": 0.442615896463,
        "dvar": 0.0594000741839,
        "dvar2": 0.141507819295,
        "max": 1.14708590508,
        "mean": -0.731484055519,
        "median": -0.695708274841,
        "min": -3.39981484413,
        "var": 0.413244813681
    },
    "erbbands_spread": {
        "dmean": 7.66769599915,
        "dmean2": 12.3039875031,
        "dvar": 64.4450836182,
        "dvar2": 158.934463501,
        "max": 93.1723937988,
        "mean": 36.1918067932,
        "median": 35.5080108643,
        "min": 4.89291095734,
        "var": 210.229888916
    },
    "hfc": {
        "dmean": 6.87149429321,
        "dmean2": 10.2670612335,
        "dvar": 67.9725570679,
        "dvar2": 146.526107788,
        "max": 117.533538818,
        "mean": 30.948261261,
        "median": 29.272693634,
        "min": 1.16604971886,
        "var": 308.605285645
    },
    "melbands_crest": {
        "dmean": 2.81326627731,
        "dmean2": 4.58397340775,
        "dvar": 8.34991455078,
        "dvar2": 21.420583725,
        "max": 28.0726032257,
        "mean": 15.1896762848,
        "median": 14.6649484634,
        "min": 3.59427857399,
        "var": 23.4805622101
    },
    "melbands_flatness_db": {
        "dmean": 0.0235667768866,
        "dmean2": 0.0373929291964,
        "dvar": 0.000727033126168,
        "dvar2": 0.00187095499132,
        "max": 0.316866129637,
        "mean": 0.152857527137,
        "median": 0.149777337909,
        "min": 0.0357867628336,
        "var": 0.00187177967746
    },
    "melbands_kurtosis": {
        "dmean": 5.00063848495,
        "dmean2": 8.58226394653,
        "dvar": 109.973297119,
        "dvar2": 291.888671875,
        "max": 176.800170898,
        "mean": 7.57152175903,
        "median": 4.11713266373,
        "min": -1.72943437099,
        "var": 149.198928833
    },
    "melbands_skewness": {
        "dmean": 0.675929546356,
        "dmean2": 1.1091530323,
        "dvar": 0.887509584427,
        "dvar2": 2.25616121292,
        "max": 12.0990839005,
        "mean": 2.33208799362,
        "median": 2.14352631569,
        "min": -1.46676397324,
        "var": 2.0541639328
    },
    "melbands_spread": {
        "dmean": 10.3963260651,
        "dmean2": 16.4232616425,
        "dvar": 155.433517456,
        "dvar2": 327.229797363,
        "max": 199.431030273,
        "mean": 40.5115509033,
        "median": 37.9682769775,
        "min": 3.12618160248,
        "var": 428.614746094
    },
    "pitch_salience": {
        "dmean": 0.0628507137299,
        "dmean2": 0.102046169341,
        "dvar": 0.00383846042678,
        "dvar2": 0.00959465373307,
        "max": 0.819819808006,
        "mean": 0.524986028671,
        "median": 0.522286295891,
        "min": 0.174707651138,
        "var": 0.0104732010514
    },
    "silence_rate_20dB": {
        "dmean": 0,
        "dmean2": 0,
        "dvar": 0,
        "dvar2": 0,
        "max": 1,
        "mean": 1,
        "median": 1,
        "min": 1,
        "var": 0
    },
    "silence_rate_30dB": {
        "dmean": 0.00464396271855,
        "dmean2": 0.00929511990398,
        "dvar": 0.00462231319398,
        "dvar2": 0.0138561250642,
        "max": 1,
        "mean": 0.997679829597,
        "median": 1,
        "min": 0,
        "var": 0.00231484230608
    },
    "silence_rate_60dB": {
        "dmean": 0.0123839005828,
        "dmean2": 0.0247869864106,
        "dvar": 0.0122306719422,
        "dvar2": 0.0257216002792,
        "max": 1,
        "mean": 0.0348027832806,
        "median": 0,
        "min": 0,
        "var": 0.0335919186473
    },
    "spectral_centroid": {
        "dmean": 260.91885376,
        "dmean2": 406.326690674,
        "dvar": 65446.6015625,
        "dvar2": 149683.75,
        "max": 4542.80712891,
        "mean": 2261.93164062,
        "median": 2256.68505859,
        "min": 724.985961914,
        "var": 261201.875
    },
    "spectral_complexity": {
        "dmean": 4.12616109848,
        "dmean2": 6.40356302261,
        "dvar": 17.1691246033,
        "dvar2": 33.602432251,
        "max": 54,
        "mean": 28.7262172699,
        "median": 30,
        "min": 1,
        "var": 112.265335083
    },
    "spectral_decrease": {
        "dmean": 2.75356937252e-09,
        "dmean2": 4.63902649628e-09,
        "dvar": 2.95991428253e-17,
        "dvar2": 7.72446336118e-17,
        "max": -1.89980933762e-10,
        "mean": -7.37427185982e-09,
        "median": -6.74578259918e-09,
        "min": -3.93657266784e-08,
        "var": 3.17410310686e-17
    },
    "spectral_energy": {
        "dmean": 0.0107603520155,
        "dmean2": 0.0180222708732,
        "dvar": 0.000430178799434,
        "dvar2": 0.00111766322516,
        "max": 0.151570335031,
        "mean": 0.0306393057108,
        "median": 0.0287740156054,
        "min": 0.000822797010187,
        "var": 0.000486842356622
    },
    "spectral_energyband_high": {
        "dmean": 0.000605741341133,
        "dmean2": 0.000870377290994,
        "dvar": 8.44694454827e-07,
        "dvar2": 1.56417002017e-06,
        "max": 0.0122007476166,
        "mean": 0.00164512870833,
        "median": 0.00114170787856,
        "min": 1.44239311339e-06,
        "var": 3.42792395713e-06
    },
    "spectral_energyband_low": {
        "dmean": 0.00752257136628,
        "dmean2": 0.0131201045588,
        "dvar": 0.000379094271921,
        "dvar2": 0.00102449464612,
        "max": 0.139007031918,
        "mean": 0.0147832855582,
        "median": 0.012839987874,
        "min": 2.90593902719e-06,
        "var": 0.000320832274156
    },
    "spectral_energyband_middle_high": {
        "dmean": 0.00190097349696,
        "dmean2": 0.00301858759485,
        "dvar": 3.98471502194e-06,
        "dvar2": 9.36914602789e-06,
        "max": 0.0236899163574,
        "mean": 0.00806162320077,
        "median": 0.00762845668942,
        "min": 0.000240044697421,
        "var": 2.05771411856e-05
    },
    "spectral_energyband_middle_low": {
        "dmean": 0.00398594327271,
        "dmean2": 0.00672654248774,
        "dvar": 7.74501240812e-05,
        "dvar2": 0.000203223375138,
        "max": 0.0780528187752,
        "mean": 0.00713668810204,
        "median": 0.00514354091138,
        "min": 9.62013145909e-05,
        "var": 7.41775584174e-05
    },
    "spectral_entropy": {
        "dmean": 0.118029035628,
        "dmean2": 0.169479638338,
        "dvar": 0.017164869234,
        "dvar2": 0.0346627086401,
        "max": 8.54426002502,
        "mean": 7.79809474945,
        "median": 7.84647321701,
        "min": 6.4744811058,
        "var": 0.0791286304593
    },
    "spectral_flux": {
        "dmean": 0.0258322935551,
        "dmean2": 0.0390505492687,
        "dvar": 0.00136393064167,
        "dvar2": 0.00267376797274,
        "max": 0.319233447313,
        "mean": 0.0916437655687,
        "median": 0.0807189196348,
        "min": 0.0179227236658,
        "var": 0.00270744762383
    },
    "spectral_kurtosis": {
        "dmean": 1.19665360451,
        "dmean2": 2.03365564346,
        "dvar": 2.38648223877,
        "dvar2": 6.90604782104,
        "max": 27.6796283722,
        "mean": 3.33850955963,
        "median": 2.84238672256,
        "min": -0.739374637604,
        "var": 4.60659408569
    },
    "spectral_rms": {
        "dmean": 0.000804076145869,
        "dmean2": 0.0012851706706,
        "dvar": 1.59446585712e-06,
        "dvar2": 3.88901526094e-06,
        "max": 0.0121603244916,
        "mean": 0.00516103953123,
        "median": 0.005298321601,
        "min": 0.000895951350685,
        "var": 3.25569476445e-06
    },
    "spectral_rolloff": {
        "dmean": 612.830749512,
        "dmean2": 1005.34002686,
        "dvar": 674646.0625,
        "dvar2": 1400160.625,
        "max": 9862.20703125,
        "mean": 2521.61376953,
        "median": 2519.38476562,
        "min": 86.1328125,
        "var": 1804409.375
    },
    "spectral_skewness": {
        "dmean": 0.162025585771,
        "dmean2": 0.266203075647,
        "dvar": 0.0278857089579,
        "dvar2": 0.0717654824257,
        "max": 3.07630085945,
        "mean": 1.11313486099,
        "median": 1.08726072311,
        "min": 0.215888887644,
        "var": 0.0804659500718
    },
    "spectral_spread": {
        "dmean": 469988.46875,
        "dmean2": 666530.625,
        "dvar": 258886877184,
        "dvar2": 512198967296,
        "max": 9734909,
        "mean": 4020102,
        "median": 4027566,
        "min": 1404328.875,
        "var": 924751036416
    },
    "spectral_strongpeak": {
        "dmean": 0.377679467201,
        "dmean2": 0.645678579807,
        "dvar": 0.743938028812,
        "dvar2": 1.79376673698,
        "max": 9.22612953186,
        "mean": 0.64875459671,
        "median": 0.41011595726,
        "min": 0,
        "var": 0.950846850872
    },
    "zerocrossingrate": {
        "dmean": 0.010858588852,
        "dmean2": 0.0132770137861,
        "dvar": 0.000156459122081,
        "dvar2": 0.000182840318303,
        "max": 0.29931640625,
        "mean": 0.0830131024122,
        "median": 0.07763671875,
        "min": 0.01220703125,
        "var": 0.000964100821875
    },
    "barkbands": {
        "dmean": [0.000340276630595, 0.00576926069334, 0.00214118440636, 0.00103065674193, 0.0023995754309, 0.000523825816344, 0.000652181159239, 0.000351788505213, 0.0003237882338, 0.000318668055115, 0.000220898349653, 0.00033207933302, 0.000340133527061, 0.000518824905157, 0.000504799536429, 0.000419566698838, 0.000428724946687, 0.000476873276057, 0.000342926388839, 0.000318389356835, 0.000250259938184, 0.000147670885781, 0.000119752308819, 0.000101372999779, 4.64101249236e-05, 1.77994679689e-05, 2.80175225242e-08],
        "dmean2": [0.000570103758946, 0.010218388401, 0.00377501221374, 0.00184959487524, 0.00409242371097, 0.000830178207252, 0.00103350472637, 0.000554038211703, 0.00051757087931, 0.000512935162988, 0.00034352322109, 0.000548051204532, 0.000560197921004, 0.000839672284201, 0.000767838908359, 0.000674325448927, 0.000698630698025, 0.000760569644626, 0.00055826123571, 0.000508220808115, 0.000390281231375, 0.000229442404816, 0.000174589164089, 0.000147653219756, 6.80651064613e-05, 2.79768810287e-05, 5.09209883148e-08],
        "dvar": [6.37980008378e-07, 0.000245517818257, 3.83845508622e-05, 5.5873256315e-06, 6.21262079221e-05, 9.12244956908e-07, 8.00226132469e-07, 5.72674423438e-07, 3.71699087509e-07, 3.81581884312e-07, 1.42633396649e-07, 2.25417664979e-07, 3.58581957016e-07, 5.64302183648e-07, 9.30968724333e-07, 4.33101945418e-07, 4.24286128009e-07, 4.23626062229e-07, 1.70722202597e-07, 1.71886384237e-07, 1.84263484471e-07, 6.8862462399e-08, 4.67498253442e-08, 6.90197765607e-08, 6.49156639554e-09, 1.46407741486e-09, 2.36027289293e-14],
        "dvar2": [1.71077465438e-06, 0.000670861219987, 0.0001122383037, 1.59784412972e-05, 0.000164195836987, 2.24731365961e-06, 2.01569150704e-06, 1.46985178162e-06, 8.90281171451e-07, 8.88427450718e-07, 3.17902930647e-07, 5.79406787438e-07, 8.7237617663e-07, 1.4276621414e-06, 1.98829889086e-06, 9.4662493666e-07, 1.02998171769e-06, 1.01967623323e-06, 4.56514896996e-07, 4.1061522893e-07, 4.32566025665e-07, 1.54301687871e-07, 9.36484809699e-08, 1.27826552898e-07, 1.1909739861e-08, 3.24163540455e-09, 5.88699282465e-14],
        "max": [0.00670441426337, 0.113532170653, 0.0538614653051, 0.0238375198096, 0.0654513835907, 0.0138496216387, 0.00936587154865, 0.0144215086475, 0.00955487973988, 0.00817736797035, 0.0049877744168, 0.00467183766887, 0.0089298710227, 0.00808356329799, 0.0114283179864, 0.0143172768876, 0.0125683937222, 0.0113959359005, 0.00481447437778, 0.00572738889605, 0.00581806898117, 0.00372445071116, 0.00426316820085, 0.00569846667349, 0.00118439050857, 0.000391315377783, 2.48861147156e-06],
        "mean": [0.000394149974454, 0.00869166105986, 0.00478275911883, 0.00157889002003, 0.00253245024942, 0.000809287419543, 0.00101460504811, 0.000550837197807, 0.0005473549827, 0.000510497251526, 0.000406652718084, 0.000551311590243, 0.000563498644624, 0.000939682417084, 0.000922452076338, 0.000869669078384, 0.000905907363631, 0.00112818193156, 0.000842177832965, 0.000704530568328, 0.000517610227689, 0.000314033881295, 0.000245861243457, 0.000208830126212, 8.25348615763e-05, 2.39006567426e-05, 1.75684888859e-08],
        "median": [7.09186278982e-05, 0.00582183292136, 0.0038663954474, 0.00100717623718, 0.000927370914724, 0.000363194703823, 0.000541036541108, 0.000244909373578, 0.000254103186307, 0.000212888480746, 0.000191927581909, 0.000321188301314, 0.000317245023325, 0.000528980977833, 0.000378687342163, 0.000447769183666, 0.000551721081138, 0.000791528844275, 0.000684695318341, 0.000469127611723, 0.000318572390825, 0.000190447215573, 0.000137699345942, 0.000101290679595, 4.15446011175e-05, 7.83622454037e-06, 5.40025690832e-10],
        "min": [7.26594606704e-08, 5.62476373034e-07, 5.79609107376e-08, 1.39201674187e-07, 9.78809475782e-06, 8.55276454104e-08, 1.27298108055e-06, 1.57179147209e-06, 6.22257346095e-07, 1.49732613863e-06, 7.51291736378e-07, 4.78293213746e-06, 3.67521965927e-06, 3.03046226691e-06, 5.04166609971e-06, 9.0105122581e-06, 9.5260083981e-06, 1.16061073641e-05, 8.71933843882e-06, 7.67766096033e-07, 6.63330240513e-07, 6.14758448592e-08, 1.34691946485e-08, 2.99763378564e-08, 1.51790189307e-08, 4.70688377163e-10, 7.06169237669e-12],
        "var": [7.73789679442e-07, 0.000187877129065, 3.2270570955e-05, 4.84081647301e-06, 4.75852029922e-05, 1.55296595494e-06, 1.55879899921e-06, 1.21448704249e-06, 9.50965954871e-07, 8.31763713904e-07, 3.97176336264e-07, 4.28918980333e-07, 6.33492732049e-07, 1.19871958759e-06, 2.3424788651e-06, 1.59488524787e-06, 1.19482490391e-06, 1.32492129978e-06, 4.67547664584e-07, 4.47449139074e-07, 4.36078011035e-07, 1.9801717599e-07, 1.38686161222e-07, 1.48714718762e-07, 1.50319401371e-08, 2.12714379444e-09, 1.54492050256e-14]
    },
    "erbbands": {
        "dmean": [0.14743077755, 1.40038561821, 2.66024541855, 3.04538345337, 4.79293489456, 11.0043811798, 4.00198459625, 5.14813899994, 9.49962711334, 8.35367679596, 6.91277980804, 6.50495243073, 9.31772041321, 8.04434776306, 8.54121112823, 11.8200712204, 13.7535963058, 22.6190109253, 23.5026683807, 26.4454460144, 22.4392414093, 24.7385005951, 27.509393692, 16.1571140289, 19.0535640717, 13.4008216858, 9.1499710083, 10.4327135086, 5.60411977768, 4.34397888184, 3.30336546898, 2.53105306625, 1.51134502888, 0.645297288895, 0.30030310154, 0.123460069299, 0.0226756520569, 0.00162316323258, 3.97270814574e-05, 1.39113326441e-05],
        "dmean2": [0.259826153517, 2.45583128929, 4.65459251404, 5.43427610397, 8.28066730499, 18.9451942444, 6.73185920715, 8.14604854584, 15.0357675552, 13.1341314316, 11.0541496277, 10.5767774582, 15.1456747055, 12.4157209396, 13.3650636673, 19.2632808685, 21.6677894592, 37.204624176, 35.5816879272, 40.3580551147, 35.521522522, 39.8672180176, 44.6565856934, 25.9151725769, 30.4321231842, 21.5358905792, 14.4783143997, 16.3291225433, 8.77292823792, 6.49460983276, 4.82955503464, 3.76249718666, 2.22706437111, 0.965035319328, 0.444653600454, 0.192647635937, 0.0362771935761, 0.00272655091248, 6.49829453323e-05, 2.27976415772e-05],
        "dvar": [0.118151448667, 15.5438957214, 56.6468772888, 57.9120979309, 107.653320312, 1621.72631836, 118.071159363, 99.8623657227, 204.878723145, 221.202133179, 202.115646362, 146.171447754, 271.246765137, 237.275588989, 255.694976807, 291.253112793, 601.333068848, 1621.2791748, 1438.41162109, 2825.09350586, 1335.98620605, 1577.94189453, 1693.44665527, 405.895751953, 586.995239258, 345.256011963, 316.679046631, 340.309509277, 90.2604141235, 61.0655288696, 40.6501922607, 37.8820343018, 16.1285896301, 1.81683766842, 0.27716422081, 0.0620577596128, 0.003001362551, 1.97732751985e-05, 8.65779536952e-09, 6.07540184827e-10],
        "dvar2": [0.330761581659, 42.5224456787, 162.568832397, 167.420730591, 288.902557373, 4293.28759766, 316.480041504, 240.656402588, 513.549743652, 538.02331543, 529.646789551, 335.727050781, 685.368896484, 497.260131836, 617.567687988, 751.337402344, 1406.66552734, 4501.33251953, 3057.62207031, 6340.73339844, 2932.36547852, 3868.85449219, 4201.87939453, 1018.34674072, 1531.7043457, 789.023071289, 803.593933105, 806.483825684, 198.105697632, 121.935852051, 80.8974609375, 71.7468109131, 30.0752925873, 3.26739215851, 0.554999649525, 0.136984691024, 0.00690128654242, 4.936019468e-05, 2.0856377958e-08, 1.53376766843e-09],
        "max": [2.53161525726, 27.3112430573, 58.3182830811, 85.8835906982, 93.5055847168, 328.500030518, 106.003448486, 168.73664856, 166.130905151, 180.044052124, 264.715820312, 194.466201782, 230.183731079, 243.319747925, 314.877838135, 196.061676025, 457.761657715, 575.701171875, 614.447570801, 754.916015625, 770.230041504, 899.936828613, 773.281188965, 373.195037842, 283.804901123, 270.127258301, 318.733001709, 253.222900391, 142.416030884, 156.547531128, 110.967247009, 140.088180542, 65.5918884277, 28.0017261505, 7.77692317963, 2.59039902687, 0.657880663872, 0.0533261857927, 0.000984287587926, 0.000195381580852],
        "mean": [0.192611142993, 2.13511991501, 5.67944908142, 5.76154232025, 6.40717840195, 10.1523666382, 5.02727508545, 8.01830768585, 14.5101661682, 13.5917453766, 11.8269777298, 11.1318483353, 15.0378417969, 15.8450775146, 17.2546138763, 21.3802318573, 25.8833827972, 41.100730896, 45.625328064, 52.6104850769, 50.0562210083, 57.1864967346, 66.061630249, 43.973323822, 46.8424186707, 31.121969223, 19.6537914276, 20.8282833099, 12.095334053, 9.0586681366, 6.61397695541, 5.11833429337, 2.83666348457, 1.18660402298, 0.48350545764, 0.171749278903, 0.0293368864805, 0.001787988469, 6.66508858558e-05, 4.28176062996e-05],
        "median": [0.0991646721959, 1.37699234486, 4.51767587662, 4.11663293839, 3.19915032387, 2.47742509842, 2.23009490967, 3.73434281349, 7.27930116653, 5.70421123505, 6.07234573364, 5.48462867737, 7.42333269119, 7.68359279633, 9.52833652496, 12.9295425415, 16.8261203766, 24.1125926971, 23.5297813416, 24.3731021881, 24.6566963196, 36.8057785034, 47.9726257324, 36.1941337585, 37.3215484619, 20.9672031403, 13.3997097015, 11.6237077713, 7.16096735001, 5.29137134552, 3.61311125755, 2.50351977348, 1.27524781227, 0.563069224358, 0.23343205452, 0.0676012709737, 0.00760031212121, 0.000372890091967, 3.37375022355e-05, 3.93910922867e-05],
        "min": [1.9969236746e-05, 9.75439033937e-05, 0.000144002275192, 0.00116167007945, 0.00380143686198, 0.0351545251906, 0.0109505588189, 0.00546472845599, 0.0111995795742, 0.0611289478838, 0.08537748456, 0.0525387749076, 0.157542422414, 0.125382855535, 0.129312828183, 0.163365840912, 0.307654380798, 0.277095884085, 0.803955614567, 1.02157664299, 0.298690497875, 0.650262832642, 1.02717924118, 0.837941169739, 0.171656817198, 0.0531669184566, 0.0369980446994, 0.0150564294308, 0.00309089152142, 0.0010017300956, 0.000326750625391, 0.000370448135072, 0.000622807361651, 0.000292921526125, 5.34366481588e-05, 2.55494323937e-05, 1.35629052238e-05, 1.59302067004e-06, 6.34667458144e-07, 1.05584490484e-06],
        "var": [0.100839316845, 11.5090284348, 45.7936515808, 50.0632400513, 99.9082183838, 1203.13232422, 103.295822144, 160.990341187, 374.189697266, 431.230194092, 422.840545654, 366.966827393, 491.572357178, 739.73059082, 599.914611816, 582.309692383, 1027.59863281, 2519.83129883, 3762.45581055, 7554.90966797, 5304.72119141, 4822.72998047, 4760.1015625, 1313.62585449, 1573.84265137, 892.028808594, 612.924377441, 805.32635498, 278.132446289, 182.966674805, 106.644844055, 81.8605804443, 32.5003128052, 4.19347763062, 0.540021717548, 0.0920071154833, 0.00409698951989, 2.13150360651e-05, 1.08459943249e-08, 8.43052905264e-10]
    },
    "gfcc": {
        "mean": [28.911108017, 76.6580810547, -140.883377075, 61.8331718445, -53.4501419067, 21.4246234894, -38.8232955933, 14.766377449, -21.3300361633, 3.78654074669, -10.9969244003, -3.84571409225, -11.5973529816],
        "cov": [[2610.98168945, -58.6805686951, 875.42364502, 482.023895264, 170.455490112, 387.647155762, 132.990753174, 214.068817139, -125.663459778, 124.018211365, -87.6807785034, 72.8758621216, -192.101715088], [-58.6805686951, 758.845336914, -53.8514823914, 7.63453960419, 268.11505127, -44.5084838867, 129.508728027, 16.0781154633, 51.6430854797, -81.1293258667, 70.1090011597, -37.1705665588, 23.8373756409], [875.42364502, -53.8514823914, 694.062988281, 296.272338867, 75.9504547119, 221.007614136, 42.0901145935, 122.398994446, -85.3803634644, 83.8972854614, -15.394487381, 68.1220397949, -112.298713684], [482.023895264, 7.63453960419, 296.272338867, 391.828979492, 117.591575623, 112.728096008, 32.3909301758, 60.1428756714, 33.9447135925, 8.14524364471, 37.4007759094, -2.96454381943, -29.9631061554], [170.455490112, 268.11505127, 75.9504547119, 117.591575623, 324.634094238, 54.5907554626, 60.7378578186, 69.9532165527, 45.6720275879, -17.1275959015, -2.60256958008, -24.4455890656, -13.78474617], [387.647155762, -44.5084838867, 221.007614136, 112.728096008, 54.5907554626, 239.610275269, 92.9145965576, 54.58644104, -26.8593864441, 29.501411438, -1.06803679466, 4.42065143585, -45.7629928589], [132.990753174, 129.508728027, 42.0901145935, 32.3909301758, 60.7378578186, 92.9145965576, 162.029830933, 48.8789901733, 2.06746315956, 4.03027153015, 18.1525154114, -3.8986260891, -18.5726928711], [214.068817139, 16.0781154633, 122.398994446, 60.1428756714, 69.9532165527, 54.58644104, 48.8789901733, 112.254875183, 17.978351593, 27.4482841492, 6.84066009521, 13.4391098022, -34.2356071472], [-125.663459778, 51.6430854797, -85.3803634644, 33.9447135925, 45.6720275879, -26.8593864441, 2.06746315956, 17.978351593, 103.983657837, -3.57371425629, 21.0348205566, -29.7994594574, 15.9509029388], [124.018211365, -81.1293258667, 83.8972854614, 8.14524364471, -17.1275959015, 29.501411438, 4.03027153015, 27.4482841492, -3.57371425629, 85.5721740723, 18.6503276825, 19.0513534546, -28.7418251038], [-87.6807785034, 70.1090011597, -15.394487381, 37.4007759094, -2.60256958008, -1.06803679466, 18.1525154114, 6.84066009521, 21.0348205566, 18.6503276825, 95.0431289673, 12.606344223, 2.37626934052], [72.8758621216, -37.1705665588, 68.1220397949, -2.96454381943, -24.4455890656, 4.42065143585, -3.8986260891, 13.4391098022, -29.7994594574, 19.0513534546, 12.606344223, 81.5336608887, 4.89874696732], [-192.101715088, 23.8373756409, -112.298713684, -29.9631061554, -13.78474617, -45.7629928589, -18.5726928711, -34.2356071472, 15.9509029388, -28.7418251038, 2.37626934052, 4.89874696732, 71.8475799561]],
        "icov": [[0.000948574044742, -0.000595728575718, 0.000158887865837, -0.0012613395229, 0.000476339744637, -0.000766135053709, 0.000329768663505, -0.000861313659698, 0.00093213643413, -0.00124788552057, 0.00194423401263, -0.00068502232898, 0.00101069570519], [-0.000595728575718, 0.00464405398816, -0.00259085092694, 0.00324538047425, -0.00394182372838, 0.00329755153507, -0.00403353665024, 0.00280120014213, -0.00177110626828, 0.00504614319652, -0.00601090304554, 0.00212388508953, -0.00172766996548], [0.000158887865837, -0.00259085092694, 0.00713789928705, -0.00530077284202, 0.00212408485822, -0.00370855908841, 0.00356199871749, -0.00401548156515, 0.00475890561938, -0.00495988875628, 0.00526524754241, -0.00398616306484, 0.00434016203508], [-0.0012613395229, 0.00324538047425, -0.00530077284202, 0.00909950118512, -0.00354895601049, 0.00200584088452, -0.00232603843324, 0.00342010101303, -0.00549320550635, 0.00648809876293, -0.00830693822354, 0.00348757277243, -0.00346248340793], [0.000476339744637, -0.00394182372838, 0.00212408485822, -0.00354895601049, 0.00765238096938, -0.00283470144495, 0.00256787845865, -0.00445057777688, 0.000339480204275, -0.00294953887351, 0.00569568527862, -0.000964538834523, 0.00124915782362], [-0.000766135053709, 0.00329755153507, -0.00370855908841, 0.00200584088452, -0.00283470144495, 0.0104854870588, -0.00682250037789, 0.00247152918018, -0.000569230178371, 0.00275313411839, -0.00415200414136, 0.00308220414445, -0.00139872671571], [0.000329768663505, -0.00403353665024, 0.00356199871749, -0.00232603843324, 0.00256787845865, -0.00682250037789, 0.0132987974212, -0.00591026479378, 0.00263538793661, -0.00304799247533, 0.00279479334131, -0.00130793172866, 0.0017783123767], [-0.000861313659698, 0.00280120014213, -0.00401548156515, 0.00342010101303, -0.00445057777688, 0.00247152918018, -0.00591026479378, 0.0189787857234, -0.00769623927772, 0.00190114602447, -0.00363584235311, -0.00222188397311, 0.00289465673268], [0.00093213643413, -0.00177110626828, 0.00475890561938, -0.00549320550635, 0.000339480204275, -0.000569230178371, 0.00263538793661, -0.00769623927772, 0.019216440618, -0.00559794809669, 0.00152502581477, 0.00391931366175, -0.00187951547559], [-0.00124788552057, 0.00504614319652, -0.00495988875628, 0.00648809876293, -0.00294953887351, 0.00275313411839, -0.00304799247533, 0.00190114602447, -0.00559794809669, 0.023393150419, -0.0112947551534, 0.000405460770708, 0.00219526491128], [0.00194423401263, -0.00601090304554, 0.00526524754241, -0.00830693822354, 0.00569568527862, -0.00415200414136, 0.00279479334131, -0.00363584235311, 0.00152502581477, -0.0112947551534, 0.023435022682, -0.00719607900828, 0.00425480073318], [-0.00068502232898, 0.00212388508953, -0.00398616306484, 0.00348757277243, -0.000964538834523, 0.00308220414445, -0.00130793172866, -0.00222188397311, 0.00391931366175, 0.000405460770708, -0.00719607900828, 0.020127536729, -0.00877317599952], [0.00101069570519, -0.00172766996548, 0.00434016203508, -0.00346248340793, 0.00124915782362, -0.00139872671571, 0.0017783123767, 0.00289465673268, -0.00187951547559, 0.00219526491128, 0.00425480073318, -0.00877317599952, 0.0254743173718]]
    },
    "melbands": {
        "dmean": [0.00147984060459, 0.00153832510114, 0.000521775626112, 0.00060838193167, 0.000205504198675, 0.000115122566058, 0.000134780479129, 8.95138873602e-05, 5.59061991225e-05, 4.25531470682e-05, 4.98181289004e-05, 3.63049402949e-05, 3.01872059936e-05, 2.82932742266e-05, 4.39710820501e-05, 3.77388496418e-05, 4.41850643256e-05, 4.34809553553e-05, 3.85533130611e-05, 3.25734254147e-05, 2.68058574875e-05, 2.85146197712e-05, 2.68001422228e-05, 2.40285153268e-05, 1.42444905578e-05, 1.50517244037e-05, 1.52027241711e-05, 8.50740343594e-06, 6.40172038402e-06, 6.26028167972e-06, 6.59627085042e-06, 3.45372245647e-06, 2.7930741453e-06, 2.62960111286e-06, 2.18618288272e-06, 1.69741986156e-06, 1.57617387231e-06, 1.2186717413e-06, 7.86189502833e-07, 5.40918847491e-07],
        "dmean2": [0.0026334694121, 0.00268699740991, 0.000938372104429, 0.0010378108127, 0.000350975635229, 0.000180865245056, 0.000213772291318, 0.000140604795888, 8.93694668775e-05, 6.84735714458e-05, 8.08813929325e-05, 5.6747077906e-05, 4.69517253805e-05, 4.59856346424e-05, 7.24721467122e-05, 6.28606940154e-05, 7.16996510164e-05, 6.66478808853e-05, 5.94520279265e-05, 5.16569489264e-05, 4.24703939643e-05, 4.64284894406e-05, 4.31982443843e-05, 3.84572849725e-05, 2.30288696912e-05, 2.42205933318e-05, 2.43046015385e-05, 1.38719296956e-05, 1.03440415842e-05, 9.6759695225e-06, 1.04729224404e-05, 5.4928523241e-06, 4.38322558693e-06, 3.96915947931e-06, 3.28703026753e-06, 2.51140409091e-06, 2.38827260546e-06, 1.81304369562e-06, 1.2001144114e-06, 8.44147621137e-07],
        "dvar": [1.46381044033e-05, 1.81073955901e-05, 1.56310090915e-06, 3.88971056964e-06, 4.17973978983e-07, 4.1765677139e-08, 3.66349830472e-08, 2.61486139408e-08, 1.08114877051e-08, 6.95393032046e-09, 7.78934339252e-09, 5.10954478727e-09, 2.68029731743e-09, 2.19040918736e-09, 4.61862104117e-09, 5.53668977332e-09, 5.19518916775e-09, 4.73126871015e-09, 5.97262772573e-09, 2.65549759959e-09, 1.9794290651e-09, 2.68202815512e-09, 1.44563239157e-09, 1.10920861385e-09, 3.40665995413e-10, 3.15911269366e-10, 4.48130754727e-10, 1.40583808483e-10, 1.65972999233e-10, 1.14561631015e-10, 1.46011702729e-10, 3.63862377728e-11, 3.10307751716e-11, 1.9602673651e-11, 1.70796658067e-11, 1.44739316019e-11, 1.51126194892e-11, 1.02529347859e-11, 3.91226200741e-12, 1.03480537941e-12],
        "dvar2": [4.03489721066e-05, 5.01070026075e-05, 4.50488869319e-06, 1.02142730611e-05, 1.12110899408e-06, 1.00666291303e-07, 9.12978279644e-08, 6.40593995627e-08, 2.75793432536e-08, 1.61362976314e-08, 1.96000140562e-08, 1.09604156862e-08, 6.11117823013e-09, 5.33355803967e-09, 1.20095258183e-08, 1.50230299312e-08, 1.39306068903e-08, 1.03834851828e-08, 1.3533050236e-08, 6.19866069584e-09, 4.50518022888e-09, 6.67889565875e-09, 3.5818630284e-09, 2.66380362213e-09, 8.86397455435e-10, 8.34675883965e-10, 1.14458609257e-09, 3.15565185094e-10, 4.43947989481e-10, 2.70942074332e-10, 3.57283674868e-10, 8.46685013767e-11, 7.09316633207e-11, 3.98468341656e-11, 3.5507846663e-11, 2.98368794949e-11, 2.94034345483e-11, 1.98226487308e-11, 7.34469256247e-12, 2.08508167329e-12],
        "max": [0.0288029145449, 0.0336236767471, 0.0132681168616, 0.0169100333005, 0.00539879174903, 0.00332260993309, 0.00227268575691, 0.001900609117, 0.00176300283056, 0.00141314510256, 0.00115210632794, 0.00108259043191, 0.000783609284554, 0.000599753984716, 0.000726838246919, 0.000955035095103, 0.000988882849924, 0.000967270985711, 0.000961431884207, 0.000851704273373, 0.000724093231838, 0.00108920980711, 0.000615203636698, 0.000444900331786, 0.000341587001458, 0.000204558687983, 0.000247394113103, 0.000162814627402, 0.00018954926054, 0.000167154736118, 0.000149016341311, 8.29642085591e-05, 0.000121211196529, 8.88126451173e-05, 7.4567302363e-05, 7.78628673288e-05, 8.67847993504e-05, 5.04461822857e-05, 4.25211401307e-05, 1.88449248526e-05],
        "mean": [0.00210971338674, 0.00305357668549, 0.00101138476748, 0.00063081580447, 0.000225090538152, 0.000183530151844, 0.000210029131267, 0.000142739139847, 9.44043276832e-05, 7.03187688487e-05, 7.75321095716e-05, 6.6222906753e-05, 5.78535618843e-05, 4.8817073548e-05, 7.04029444023e-05, 6.03450243943e-05, 7.72982166382e-05, 7.74731452111e-05, 6.75082046655e-05, 6.36547629256e-05, 5.32319681952e-05, 5.77603022975e-05, 6.00210296398e-05, 5.3155956266e-05, 3.28721471305e-05, 3.36307857651e-05, 3.26132540067e-05, 1.74734232132e-05, 1.17809695439e-05, 1.21075381685e-05, 1.19746973724e-05, 6.7516616582e-06, 5.41261624676e-06, 5.05310572407e-06, 4.00544968215e-06, 3.20760204886e-06, 3.03668934976e-06, 2.09033350984e-06, 1.39066025895e-06, 8.90226544925e-07],
        "median": [0.00127136486117, 0.00244396738708, 0.00078478991054, 0.000223285605898, 8.65688853082e-05, 8.91121599125e-05, 0.000117273673823, 5.56277955184e-05, 4.55715271528e-05, 3.2919273508e-05, 3.71860296582e-05, 2.9793856811e-05, 2.9549073588e-05, 2.65351372946e-05, 4.24250574724e-05, 3.25929904648e-05, 4.48791033705e-05, 3.41613085766e-05, 2.81537013507e-05, 3.05058056256e-05, 2.37489930441e-05, 3.08604212478e-05, 4.27370614489e-05, 3.65126034012e-05, 2.55014765571e-05, 2.69265274255e-05, 2.04251373361e-05, 1.1450767488e-05, 7.37856316846e-06, 7.77925470175e-06, 6.02201771471e-06, 3.67868256035e-06, 3.14322232953e-06, 2.76922833109e-06, 2.22670610128e-06, 1.50684149958e-06, 1.46870138451e-06, 9.0429341526e-07, 6.00258886152e-07, 4.35220528061e-07],
        "min": [2.46369552315e-07, 4.80460116137e-08, 9.33439281425e-08, 1.76007677055e-06, 4.05722005326e-07, 2.10150936653e-08, 1.81133316346e-07, 5.84252575209e-07, 3.29327804138e-07, 7.37748351298e-08, 8.70300311817e-07, 4.72345988101e-07, 2.54387089171e-07, 4.40876050334e-07, 1.87778780969e-07, 4.87206989419e-07, 4.18725306872e-07, 3.65974244687e-07, 6.16219040239e-07, 9.80596269073e-07, 1.63647911222e-07, 4.56648422187e-07, 5.41816348232e-07, 7.04782905814e-07, 2.85622036245e-07, 1.6340580089e-07, 3.20982920243e-08, 1.77082366548e-08, 2.57401335801e-08, 1.15131522094e-08, 5.64487834254e-09, 1.69064640065e-09, 7.21839032991e-10, 4.28090035642e-10, 1.12552550613e-10, 2.47279585697e-10, 1.91067883737e-10, 3.34421879078e-10, 4.40344316566e-10, 1.83040929636e-10],
