{
"highlevel": {
    "danceability": {
        "all": {
            "danceable": 0.0190464351326,
            "not_danceable": 0.980953574181
        },
        "probability": 0.980953574181,
        "value": "not_danceable"
    },
    "gender": {
        "all": {
            "female": 0.260066062212,
            "male": 0.73993396759
        },
        "probability": 0.73993396759,
        "value": "male"
    },
    "genre_dortmund": {
        "all": {
            "alternative": 0.33169656992,
            "blues": 0.0292778033763,
            "electronic": 0.00790661666542,
            "folkcountry": 0.211201816797,
            "funksoulrnb": 0.00680940691382,
            "jazz": 0.0174102932215,
            "pop": 0.0511190220714,
            "raphiphop": 0.000753113941755,
            "rock": 0.343825340271
        },
        "probability": 0.343825340271,
        "value": "rock"
    },
    "genre_electronic": {
        "all": {
            "ambient": 0.807687699795,
            "dnb": 0.0628632158041,
            "house": 0.0445094183087,
            "techno": 0.00849253870547,
            "trance": 0.0764471441507
        },
        "probability": 0.807687699795,
        "value": "ambient"
    },
    "genre_rosamerica": {
        "all": {
            "cla": 0.0877463147044,
            "dan": 0.0162496026605,
            "hip": 0.00612749205902,
            "jaz": 0.00846060458571,
            "pop": 0.0389389768243,
            "rhy": 0.083345964551,
            "roc": 0.755373775959,
            "spe": 0.00375729706138
        },
        "probability": 0.755373775959,
        "value": "roc"
    },
    "genre_tzanetakis": {
        "all": {
            "blu": 0.0626541376114,
            "cla": 0.0348133966327,
            "cou": 0.0783501937985,
            "dis": 0.104547761381,
            "hip": 0.15693578124,
            "jaz": 0.313987255096,
            "met": 0.044816005975,
            "pop": 0.0627349764109,
            "reg": 0.0627352520823,
            "roc": 0.0784252434969
        },
        "probability": 0.313987255096,
        "value": "jaz"
    },
    "ismir04_rhythm": {
        "all": {
            "ChaChaCha": 0.0281863361597,
            "Jive": 0.0153859565035,
            "Quickstep": 0.0308934841305,
            "Rumba-American": 0.0175070557743,
            "Rumba-International": 0.0366539806128,
            "Rumba-Misc": 0.00855098851025,
            "Samba": 0.0155392130837,
            "Tango": 0.311276555061,
            "VienneseWaltz": 0.487925827503,
            "Waltz": 0.0480806194246
        },
        "probability": 0.487925827503,
        "value": "VienneseWaltz"
    },
    "mood_acoustic": {
        "all": {
            "acoustic": 0.587924480438,
            "not_acoustic": 0.412075519562
        },
        "probability": 0.587924480438,
        "value": "acoustic"
    },
    "mood_aggressive": {
        "all": {
            "aggressive": 0.0929140374064,
            "not_aggressive": 0.907085955143
        },
        "probability": 0.907085955143,
        "value": "not_aggressive"
    },
    "mood_electronic": {
        "all": {
            "electronic": 0.225344568491,
            "not_electronic": 0.774655461311
        },
        "probability": 0.774655461311,
        "value": "not_electronic"
    },
    "mood_happy": {
        "all": {
            "happy": 0.434241324663,
            "not_happy": 0.565758705139
        },
        "probability": 0.565758705139,
        "value": "not_happy"
    },
    "mood_party": {
        "all": {
            "not_party": 0.935619533062,
            "party": 0.0643804445863
        },
        "probability": 0.935619533062,
        "value": "not_party"
    },
    "mood_relaxed": {
        "all": {
            "not_relaxed": 0.432846397161,
            "relaxed": 0.567153573036
        },
        "probability": 0.567153573036,
        "value": "relaxed"
    },
    "mood_sad": {
        "all": {
            "not_sad": 0.245926201344,
            "sad": 0.754073798656
        },
        "probability": 0.754073798656,
        "value": "sad"
    },
    "moods_mirex": {
        "all": {
            "Cluster1": 0.237638652325,
            "Cluster2": 0.171184271574,
            "Cluster3": 0.427650004625,
            "Cluster4": 0.0697830468416,
            "Cluster5": 0.0937440097332
        },
        "probability": 0.427650004625,
        "value": "Cluster3"
    },
    "timbre": {
        "all": {
            "bright": 0.898383796215,
            "dark": 0.101616196334
        },
        "probability": 0.898383796215,
        "value": "bright"
    },
    "tonal_atonal": {
        "all": {
            "atonal": 0.0009672215092,
            "tonal": 0.999032795429
        },
        "probability": 0.999032795429,
        "value": "tonal"
    },
    "voice_instrumental": {
        "all": {
            "instrumental": 0.00619764812291,
            "voice": 0.993802368641
        },
        "probability": 0.993802368641,
        "value": "voice"
    }
},
"lowlevel": {
    "average_loudness": 0.907091796398,
    "barkbands_crest": {
        "dmean": 2.12185573578,
        "dmean2": 3.44895219803,
        "dvar": 4.07372951508,
        "dvar2": 10.5547542572,
        "max": 22.533121109,
        "mean": 8.81517696381,
        "median": 8.05003166199,
        "min": 3.18550658226,
        "var": 11.5878248215
    },
    "barkbands_flatness_db": {
        "dmean": 0.0161757227033,
        "dmean2": 0.0259179249406,
        "dvar": 0.000230156001635,
        "dvar2": 0.000603864027653,
        "max": 0.291758328676,
        "mean": 0.160341516137,
        "median": 0.15609370172,
        "min": 0.0755021497607,
        "var": 0.000992256915197
    },
    "barkbands_kurtosis": {
        "dmean": 2.09219717979,
        "dmean2": 3.45012617111,
        "dvar": 10.2102832794,
        "dvar2": 26.8090896606,
        "max": 52.3804092407,
        "mean": 3.46823573112,
        "median": 2.24160385132,
        "min": -1.46848630905,
        "var": 19.4052524567
    },
    "barkbands_skewness": {
        "dmean": 0.423663496971,
        "dmean2": 0.674074113369,
        "dvar": 0.171542927623,
        "dvar2": 0.443073451519,
        "max": 5.97868824005,
        "mean": 1.57891798019,
        "median": 1.49179542065,
        "min": -0.00669990573078,
        "var": 0.667402982712
    },
    "barkbands_spread": {
        "dmean": 3.02053499222,
        "dmean2": 4.75112915039,
        "dvar": 9.34810829163,
        "dvar2": 22.9254779816,
        "max": 63.7283554077,
        "mean": 15.3847703934,
        "median": 14.5188808441,
        "min": 2.42983794212,
        "var": 44.5060462952
    },
    "dissonance": {
        "dmean": 0.0208889208734,
        "dmean2": 0.0358053222299,
        "dvar": 0.000329420203343,
        "dvar2": 0.000858734128997,
        "max": 0.499999940395,
        "mean": 0.456116050482,
        "median": 0.459725707769,
        "min": 0.296028375626,
        "var": 0.000586338341236
    },
    "dynamic_complexity": 2.5194029808,
    "erbbands_crest": {
        "dmean": 2.50642681122,
        "dmean2": 4.19692277908,
        "dvar": 5.83617353439,
        "dvar2": 15.0096597672,
        "max": 24.5769329071,
        "mean": 8.22321510315,
        "median": 7.42702960968,
        "min": 2.78011322021,
        "var": 11.6397638321
    },
    "erbbands_flatness_db": {
        "dmean": 0.0130729619414,
        "dmean2": 0.0195346474648,
        "dvar": 0.000140929390909,
        "dvar2": 0.000304754037643,
        "max": 0.245967656374,
        "mean": 0.17320394516,
        "median": 0.173460230231,
        "min": 0.0887325704098,
        "var": 0.000787329801824
    },
    "erbbands_kurtosis": {
        "dmean": 0.620886027813,
        "dmean2": 0.997123062611,
        "dvar": 0.454583406448,
        "dvar2": 1.09966218472,
        "max": 6.40523815155,
        "mean": 0.136748328805,
        "median": -0.0669972896576,
        "min": -1.53492069244,
        "var": 1.15724921227
    },
    "erbbands_skewness": {
        "dmean": 0.270743578672,
        "dmean2": 0.426962018013,
        "dvar": 0.0461046472192,
        "dvar2": 0.114187628031,
        "max": 2.13588643074,
        "mean": 0.409909039736,
        "median": 0.387384384871,
        "min": -1.03856694698,
        "var": 0.226804256439
    },
    "erbbands_spread": {
        "dmean": 5.59968519211,
        "dmean2": 8.49284267426,
        "dvar": 28.346704483,
        "dvar2": 62.7998962402,
        "max": 107.993118286,
        "mean": 32.1847190857,
        "median": 30.1647701263,
        "min": 10.9585676193,
        "var": 154.184066772
    },
    "hfc": {
        "dmean": 3.76023721695,
        "dmean2": 5.63528299332,
        "dvar": 19.6554412842,
        "dvar2": 45.001499176,
        "max": 81.8601989746,
        "mean": 19.527879715,
        "median": 19.0515575409,
        "min": 0.838349223137,
        "var": 156.491668701
    },
    "melbands_crest": {
        "dmean": 2.83649611473,
        "dmean2": 4.68661022186,
        "dvar": 6.47053146362,
        "dvar2": 17.044916153,
        "max": 29.3170166016,
        "mean": 12.3017816544,
        "median": 11.4206037521,
        "min": 4.43313312531,
        "var": 19.0572395325
    },
    "melbands_flatness_db": {
        "dmean": 0.0193371269852,
        "dmean2": 0.0299787539989,
        "dvar": 0.000347112712916,
        "dvar2": 0.000917174678762,
        "max": 0.375489890575,
        "mean": 0.214519292116,
        "median": 0.211242988706,
        "min": 0.110877990723,
        "var": 0.00141054240521
    },
    "melbands_kurtosis": {
        "dmean": 4.38570070267,
        "dmean2": 7.19006299973,
        "dvar": 46.9890556335,
        "dvar2": 125.989097595,
        "max": 121.712432861,
        "mean": 8.96487140656,
        "median": 6.4413318634,
        "min": -0.472838640213,
        "var": 83.1035385132
    },
    "melbands_skewness": {
        "dmean": 0.575845062733,
        "dmean2": 0.908067643642,
        "dvar": 0.319391191006,
        "dvar2": 0.829487323761,
        "max": 8.14376163483,
        "mean": 2.32162952423,
        "median": 2.20901441574,
        "min": 0.187741160393,
        "var": 1.14019918442
    },
    "melbands_spread": {
        "dmean": 3.56896853447,
        "dmean2": 5.71011352539,
        "dvar": 10.8004550934,
        "dvar2": 26.8082752228,
        "max": 51.2859115601,
        "mean": 16.6295146942,
        "median": 15.8519392014,
        "min": 1.56395363808,
        "var": 51.9229621887
    },
    "pitch_salience": {
        "dmean": 0.0632962584496,
        "dmean2": 0.102102711797,
        "dvar": 0.00269742053933,
        "dvar2": 0.00725936004892,
        "max": 0.790007650852,
        "mean": 0.573651194572,
        "median": 0.577009737492,
        "min": 0.242785155773,
        "var": 0.0066844522953
    },
    "silence_rate_20dB": {
        "dmean": 0,
        "dmean2": 0,
        "dvar": 0,
        "dvar2": 0,
        "max": 1,
        "mean": 1,
        "median": 1,
        "min": 1,
        "var": 0
    },
    "silence_rate_30dB": {
        "dmean": 0,
        "dmean2": 0,
        "dvar": 0,
        "dvar2": 0,
        "max": 1,
        "mean": 1,
        "median": 1,
        "min": 1,
        "var": 0
    },
    "silence_rate_60dB": {
        "dmean": 0.0139318881556,
        "dmean2": 0.0278853606433,
        "dvar": 0.013737953268,
        "dvar2": 0.0333047509193,
        "max": 1,
        "mean": 0.0239752512425,
        "median": 0,
        "min": 0,
        "var": 0.0234001968056
    },
    "spectral_centroid": {
        "dmean": 139.909072876,
        "dmean2": 223.264663696,
        "dvar": 14755.0449219,
        "dvar2": 37879.0664062,
        "max": 2039.1484375,
        "mean": 905.128356934,
        "median": 884.109069824,
        "min": 314.515930176,
        "var": 88602.390625
    },
    "spectral_complexity": {
        "dmean": 2.44969034195,
        "dmean2": 3.98993039131,
        "dvar": 4.25982141495,
        "dvar2": 10.5025568008,
        "max": 44,
        "mean": 19.6952819824,
        "median": 20,
        "min": 2,
        "var": 49.2391204834
    },
    "spectral_decrease": {
        "dmean": 2.29341856617e-09,
        "dmean2": 3.66586316858e-09,
        "dvar": 1.04286555845e-17,
        "dvar2": 2.80176429773e-17,
        "max": -4.09521111466e-10,
        "mean": -8.93837803773e-09,
        "median": -8.81451178714e-09,
        "min": -3.97118640194e-08,
        "var": 3.1233112394e-17
    },
    "spectral_energy": {
        "dmean": 0.00889350380749,
        "dmean2": 0.0141832502559,
        "dvar": 0.000152404201799,
        "dvar2": 0.000408762891311,
        "max": 0.151959255338,
        "mean": 0.0355067141354,
        "median": 0.0353247858584,
        "min": 0.00162166764494,
        "var": 0.000483198906295
    },
    "spectral_energyband_high": {
        "dmean": 0.000110745822894,
        "dmean2": 0.000157785369083,
        "dvar": 1.12958680631e-07,
        "dvar2": 2.35593773823e-07,
        "max": 0.00790190696716,
        "mean": 0.000320885534165,
        "median": 0.000202659721253,
        "min": 4.06787967222e-06,
        "var": 3.22958499055e-07
    },
    "spectral_energyband_low": {
        "dmean": 0.00520250527188,
        "dmean2": 0.0086941132322,
        "dvar": 0.000138491755934,
        "dvar2": 0.000374629744329,
        "max": 0.136515036225,
        "mean": 0.0109022334218,
        "median": 0.0086209019646,
        "min": 4.05749124184e-05,
        "var": 0.000158778697369
    },
    "spectral_energyband_middle_high": {
        "dmean": 0.00171923008747,
        "dmean2": 0.00272148568183,
        "dvar": 5.65706886846e-06,
        "dvar2": 1.45017056639e-05,
        "max": 0.0354266539216,
        "mean": 0.00643584411591,
        "median": 0.00473692221567,
        "min": 0.000139319425216,
        "var": 3.26356384903e-05
    },
    "spectral_energyband_middle_low": {
        "dmean": 0.00614902609959,
        "dmean2": 0.00982432626188,
        "dvar": 4.22147240897e-05,
        "dvar2": 0.000108744556201,
        "max": 0.0821231529117,
        "mean": 0.0204634815454,
        "median": 0.0188682600856,
        "min": 0.00124095496722,
        "var": 0.000165419070981
    },
    "spectral_entropy": {
        "dmean": 0.117011643946,
        "dmean2": 0.175487935543,
        "dvar": 0.0117296390235,
        "dvar2": 0.0261639598757,
        "max": 8.28234958649,
        "mean": 7.30840492249,
        "median": 7.31294536591,
        "min": 6.55527973175,
        "var": 0.0694167241454
    },
    "spectral_flux": {
        "dmean": 0.0212133619934,
        "dmean2": 0.0345361120999,
        "dvar": 0.00063496659277,
        "dvar2": 0.00152752513532,
        "max": 0.320925027132,
        "mean": 0.0863023325801,
        "median": 0.082529142499,
        "min": 0.0109898727387,
        "var": 0.00177538627759
    },
    "spectral_kurtosis": {
        "dmean": 2.08106064796,
        "dmean2": 3.59107112885,
        "dvar": 3.5941464901,
        "dvar2": 10.4421329498,
        "max": 20.6318645477,
        "mean": 5.63347482681,
        "median": 5.18835735321,
        "min": -0.416150093079,
        "var": 7.58716917038
    },
    "spectral_rms": {
        "dmean": 0.000702306104358,
        "dmean2": 0.00109812489245,
        "dvar": 6.19625097897e-07,
        "dvar2": 1.61168293289e-06,
        "max": 0.0121759157628,
        "mean": 0.00554696796462,
        "median": 0.00587053736672,
        "min": 0.00125782145187,
        "var": 3.87185855288e-06
    },
    "spectral_rolloff": {
        "dmean": 226.414886475,
        "dmean2": 382.37600708,
        "dvar": 93998.6171875,
        "dvar2": 206609.28125,
        "max": 6567.62695312,
        "mean": 923.077636719,
        "median": 796.728515625,
        "min": 129.19921875,
        "var": 216281.734375
    },
    "spectral_skewness": {
        "dmean": 0.229834139347,
        "dmean2": 0.383991122246,
        "dvar": 0.0368032678962,
        "dvar2": 0.0983683094382,
        "max": 3.54458069801,
        "mean": 1.73598122597,
        "median": 1.73304367065,
        "min": 0.624961555004,
        "var": 0.132730484009
    },
    "spectral_spread": {
        "dmean": 315152.125,
        "dmean2": 455327.6875,
        "dvar": 134872932352,
        "dvar2": 227784507392,
        "max": 9503989,
        "mean": 3524703.5,
        "median": 3342127.5,
        "min": 2070453.5,
        "var": 840113979392
    },
    "spectral_strongpeak": {
        "dmean": 0.510557115078,
        "dmean2": 0.870303750038,
        "dvar": 0.546523332596,
        "dvar2": 1.39978277683,
        "max": 5.80735111237,
        "mean": 0.840574741364,
        "median": 0.547086119652,
        "min": 0.0409268401563,
        "var": 0.740482330322
    },
    "zerocrossingrate": {
        "dmean": 0.00501055177301,
        "dmean2": 0.00649629626423,
        "dvar": 2.30710174947e-05,
        "dvar2": 3.53960531356e-05,
        "max": 0.14111328125,
        "mean": 0.0391803234816,
        "median": 0.03759765625,
        "min": 0.00927734375,
        "var": 0.000166299607372
    },
    "barkbands": {
        "dmean": [3.2840140193e-05, 0.00242257770151, 0.00263513159007, 0.00232505239546, 0.00307116517797, 0.00149134325329, 0.00109702895861, 0.00104232900776, 0.00118481751997, 0.00112697924487, 0.000545857648831, 0.000371168978745, 0.000316912657581, 0.000523544847965, 0.000246448034886, 0.000169880062458, 0.000219343084609, 0.000125734208268, 6.63423415972e-05, 7.06858409103e-05, 2.92264066957e-05, 2.85653495666e-05, 2.25543753913e-05, 2.60479082499e-05, 1.12510024337e-05, 2.32340084949e-06, 1.02716644079e-08],
        "dmean2": [5.46679038962e-05, 0.00417524576187, 0.00433767028153, 0.0038878058549, 0.00486418092623, 0.00244896346703, 0.00170640461147, 0.00166969723068, 0.00173972372431, 0.00184749672189, 0.000894101918675, 0.00058322265977, 0.000507196236867, 0.000860283966176, 0.000399574200856, 0.000274538033409, 0.000356280914275, 0.000197231958737, 0.000109365275421, 0.000115933471534, 4.57293099316e-05, 4.38634524471e-05, 3.16267978633e-05, 4.01774886996e-05, 1.70159164554e-05, 3.6636272398e-06, 1.65820157605e-08],
        "dvar": [1.25815073915e-08, 6.36651384411e-05, 2.64223690465e-05, 9.10503422347e-06, 1.89324291568e-05, 4.71875500807e-06, 3.12281508741e-06, 6.35949891148e-06, 3.17352032653e-06, 5.89095134274e-06, 7.23903440303e-07, 4.41282310248e-07, 3.34130447754e-07, 6.90755427968e-07, 1.28476656869e-07, 1.33716753226e-07, 1.42057075436e-07, 3.55627172155e-08, 1.14346265789e-08, 8.47153103223e-09, 2.3445341224e-09, 4.26285851063e-09, 6.79516576341e-09, 1.85484960724e-08, 4.06918543305e-09, 1.8819694067e-11, 2.26034786557e-15],
        "dvar2": [2.98581390723e-08, 0.000170072802575, 6.81380843162e-05, 2.51291021414e-05, 4.99139023304e-05, 1.32216846396e-05, 7.62930994824e-06, 1.47051387103e-05, 6.53024062558e-06, 1.49631432578e-05, 1.96415408027e-06, 1.12765201266e-06, 8.27588962693e-07, 1.92445168068e-06, 3.02652608752e-07, 3.17119628335e-07, 3.46554088537e-07, 7.72267014781e-08, 3.09534371468e-08, 2.28348469022e-08, 5.82156678419e-09, 9.80677494766e-09, 1.28041861558e-08, 4.42734169326e-08, 9.29562649077e-09, 4.63232403825e-11, 3.89711007537e-15],
        "max": [0.00170793465804, 0.084494240582, 0.0565805323422, 0.0354307554662, 0.0717134326696, 0.0285606291145, 0.0292933993042, 0.0332281887531, 0.0287669990212, 0.0322893112898, 0.0120323048905, 0.0125742992386, 0.0077095432207, 0.00871187821031, 0.00583462836221, 0.00638054823503, 0.00626325421035, 0.00375682301819, 0.00224818568677, 0.00122234644368, 0.000639291771222, 0.00143510627095, 0.0021680155769, 0.00306098046713, 0.00170487770811, 5.20278481417e-05, 1.41851376156e-06],
        "mean": [3.94705821236e-05, 0.00417078332976, 0.0047243242152, 0.0040495977737, 0.00646331626922, 0.00281199347228, 0.00202455883846, 0.00161697121803, 0.00238713319413, 0.00195344630629, 0.000911184004508, 0.000692369590979, 0.000554682279471, 0.000992625718936, 0.000496461114381, 0.000300344487187, 0.000445618614322, 0.000288960553007, 0.000157414455316, 0.000169781997101, 6.906507042e-05, 6.5629472374e-05, 4.80438066006e-05, 4.97607798025e-05, 1.96283508558e-05, 3.56157192982e-06, 1.03536184071e-08],
        "median": [7.34224431653e-06, 0.0026437509805, 0.00251592299901, 0.0024579600431, 0.00474454695359, 0.00181134743616, 0.00115648563951, 0.000754044740461, 0.00120013789274, 0.000488324498292, 0.000536054430995, 0.000357575307135, 0.000224179093493, 0.000580164312851, 0.000239896704443, 0.000156423411681, 0.00027460209094, 0.000155264817295, 0.000109554828668, 0.000124771526316, 4.384098429e-05, 3.86446954508e-05, 2.26157462748e-05, 1.55934903887e-05, 5.79883089813e-06, 2.08953269976e-06, 8.66276439471e-10],
        "min": [8.45294945151e-10, 4.3867663635e-07, 2.56178077507e-06, 1.43094057421e-05, 4.25769940193e-05, 2.6217148843e-05, 2.50399116339e-05, 6.82520476403e-06, 7.91279489931e-06, 2.86937665805e-06, 1.52818336119e-06, 1.42755027355e-06, 6.63610990159e-07, 6.39099107502e-06, 3.57644603355e-06, 2.27773034567e-06, 5.21910078533e-06, 4.29128067481e-06, 3.85324892704e-06, 1.82172220775e-06, 6.52553637792e-07, 4.10323167443e-07, 1.45819129216e-07, 8.72684466913e-08, 2.23755467488e-08, 5.70025623925e-11, 5.49895068716e-12],
        "var": [1.56761572612e-08, 5.28600648977e-05, 4.44810357294e-05, 2.23528859351e-05, 4.38558236056e-05, 1.00784145616e-05, 6.35833748674e-06, 9.84027064987e-06, 9.6449512057e-06, 1.37483075378e-05, 1.38280256579e-06, 1.14891804515e-06, 8.4790025312e-07, 1.26780628307e-06, 4.73861774708e-07, 2.31701690723e-07, 3.84964806699e-07, 1.54633582383e-07, 3.67574841675e-08, 2.92892892162e-08, 6.86765710967e-09, 1.0051018684e-08, 1.73215806143e-08, 3.7354197957e-08, 7.66288899001e-09, 2.57600399345e-11, 3.63908139327e-15]
    },
    "erbbands": {
        "dmean": [0.0428340248764, 0.646709024906, 2.48190450668, 5.44031095505, 9.81556892395, 12.3052301407, 9.9444475174, 12.4390792847, 13.7607650757, 21.3518352509, 23.1970081329, 23.2265014648, 44.31823349, 19.1066436768, 17.2701778412, 15.6020736694, 14.9970111847, 24.9274673462, 12.2602262497, 14.611371994, 8.69097900391, 9.6647977829, 7.37176418304, 4.11006879807, 2.72201895714, 3.80375862122, 1.34361279011, 1.07551276684, 1.01986443996, 0.804846048355, 0.688079059124, 0.61280220747, 0.392393022776, 0.196751818061, 0.0441534183919, 0.0128996511921, 0.00427273428068, 0.00041971297469, 1.09541624624e-05, 1.00797242339e-05],
        "dmean2": [0.0710813030601, 1.13373792171, 4.19375896454, 9.10200405121, 16.2707099915, 19.592874527, 16.5307540894, 20.1491584778, 22.309431076, 33.0809631348, 37.4039878845, 33.9797592163, 69.59009552, 30.9171905518, 27.9962501526, 24.8062896729, 24.166809082, 40.9112548828, 19.2901878357, 24.3656406403, 14.0466833115, 15.5094490051, 11.4517116547, 6.84438753128, 4.3079867363, 6.30458021164, 2.15006732941, 1.6937609911, 1.59980094433, 1.24989819527, 0.971632122993, 0.883356392384, 0.616249918938, 0.300715714693, 0.0689104273915, 0.0205823332071, 0.00676552532241, 0.000685084261931, 1.7056332581e-05, 1.5913077732e-05],
        "dvar": [0.0240992214531, 4.34898996353, 28.8153152466, 57.147857666, 184.005218506, 367.053436279, 240.761993408, 347.116882324, 506.951141357, 1018.93548584, 4379.51416016, 1432.30432129, 7961.32666016, 1305.69299316, 750.842895508, 1014.81152344, 836.179382324, 1677.64050293, 337.792816162, 599.333007812, 279.565979004, 229.674591064, 128.172698975, 50.6649627686, 14.0509872437, 26.6130809784, 4.76475667953, 3.45898747444, 5.28435611725, 4.32384824753, 8.12830448151, 9.01729488373, 4.03603696823, 1.39805912971, 0.0349516943097, 0.000996153918095, 6.63367463858e-05, 7.10773122137e-07, 4.08893724435e-10, 1.88989296435e-10],
        "dvar2": [0.0557271651924, 12.0245332718, 78.2383270264, 159.926879883, 507.792205811, 958.722290039, 680.609313965, 943.719665527, 1307.83703613, 2450.36474609, 9883.99707031, 3014.36279297, 19452.9394531, 3402.9987793, 2057.23461914, 2635.52563477, 2122.13769531, 4600.29882812, 824.822631836, 1473.38867188, 695.151123047, 546.689941406, 260.5831604, 142.247848511, 35.0926933289, 74.173576355, 12.2294588089, 8.05380058289, 12.4538040161, 9.8541097641, 16.0149669647, 19.4056968689, 9.7683429718, 3.23653268814, 0.0835231989622, 0.00238224887289, 0.000162109587109, 1.73419425664e-06, 9.3952001734e-10, 5.0307397137e-10],
        "max": [1.90276122093, 22.7846298218, 58.5854530334, 72.4977645874, 201.69984436, 228.367584229, 172.116485596, 260.441101074, 298.676849365, 398.045776367, 1033.62060547, 555.259521484, 1184.43774414, 517.025390625, 337.154693604, 640.206604004, 419.171600342, 504.714202881, 231.664794922, 448.593261719, 248.175704956, 231.611679077, 227.504638672, 163.687667847, 79.2023544312, 73.3494338989, 34.17993927, 29.7688922882, 46.0716896057, 52.6947593689, 75.9955825806, 72.8890686035, 45.5027122498, 30.6079750061, 3.88680386543, 0.584199130535, 0.127241805196, 0.0134757952765, 0.000391653535189, 0.000167863865499],
        "mean": [0.0740654394031, 1.12639153004, 4.52923679352, 10.7536067963, 18.3484554291, 23.0952281952, 17.1935386658, 24.2414169312, 25.1510620117, 38.0974884033, 38.3303489685, 47.56092453, 84.351234436, 38.4864006042, 32.4197769165, 31.2228775024, 30.1359119415, 48.9035758972, 28.7651424408, 27.0924720764, 18.5215759277, 21.6961097717, 18.5728302002, 10.0530357361, 7.49843215942, 8.67898082733, 3.44152832031, 2.5626809597, 2.26189374924, 1.81522023678, 1.38834762573, 1.17067110538, 0.722124099731, 0.336409002542, 0.0750171244144, 0.0199048500508, 0.00636443216354, 0.000526720192283, 3.04733785015e-05, 4.17510600528e-05],
        "median": [0.0423765815794, 0.786418795586, 3.05732131004, 7.09922933578, 11.873711586, 14.6659269333, 11.5789709091, 15.6092863083, 15.2689199448, 22.377155304, 16.6344451904, 25.7470989227, 33.0460090637, 17.1456050873, 21.2042503357, 17.4293422699, 15.6593618393, 29.9813213348, 14.285194397, 15.8770503998, 9.46455860138, 14.6747179031, 10.6149806976, 6.58201265335, 5.4300198555, 6.40400314331, 2.30683398247, 1.65909123421, 1.33273720741, 1.06109189987, 0.598178267479, 0.406902045012, 0.194545045495, 0.0836382582784, 0.0296787861735, 0.0100976945832, 0.00352236721665, 0.000250569399213, 2.61579825747e-05, 4.17565788666e-05],
        "min": [2.96989146591e-05, 0.00117603049148, 0.0145943695679, 0.134211391211, 0.345583081245, 0.202840223908, 0.169162273407, 0.676180064678, 0.307937830687, 0.458768993616, 0.136135786772, 0.145171508193, 0.387919872999, 0.0832289010286, 0.110814534128, 0.164134830236, 0.176033452153, 0.400241047144, 0.28455683589, 0.260663419962, 0.264144122601, 0.382430613041, 0.320972412825, 0.237398713827, 0.156076073647, 0.124670661986, 0.0620554201305, 0.0196525081992, 0.0136330174282, 0.00641720741987, 0.00395881477743, 0.00229558115825, 0.000452547654277, 0.000233183585806, 0.000139972573379, 2.27328837354e-05, 3.5518032746e-06, 3.36492064434e-07, 8.87874591626e-07, 1.85069040981e-06],
        "var": [0.0256083570421, 3.37830138206, 35.0740356445, 121.139404297, 421.601013184, 668.967102051, 344.595062256, 821.623962402, 924.984130859, 2088.7331543, 6888.44335938, 3673.60327148, 20148.7675781, 3419.64550781, 1387.73071289, 2465.62451172, 2163.72827148, 3064.11328125, 1227.58996582, 1261.12036133, 731.673156738, 725.484069824, 596.339782715, 153.258865356, 64.5867614746, 77.3779220581, 14.1749401093, 10.5010042191, 12.0936479568, 9.23175907135, 18.6306705475, 19.4897422791, 8.55989933014, 2.57041811943, 0.0642572417855, 0.00140201754402, 8.65470065037e-05, 7.94103186763e-07, 8.17991729907e-10, 6.60176691092e-10]
    },
    "gfcc": {
        "mean": [4.81824207306, 130.350799561, -130.570770264, 29.1976203918, -61.1895713806, 8.69936656952, -39.4172897339, 1.39163982868, -23.6122436523, -7.13902378082, -16.9081535339, -8.89228630066, -11.5660009384],
        "cov": [[3480.29345703, -389.361816406, 153.015090942, 299.913146973, 180.838760376, 528.068481445, 256.569793701, 354.063873291, 111.850753784, 180.824752808, 56.192111969, 162.429840088, 25.6361255646], [-389.361816406, 371.324249268, -84.9910354614, -40.2923278809, 93.3322219849, -111.382362366, 89.861656189, -52.4229736328, 33.5198135376, -26.7069377899, 42.1275863647, -41.0384712219, 17.1456069946], [153.015090942, -84.9910354614, 252.365570068, 73.5640563965, -7.80748033524, 62.6260643005, -21.1868038177, 41.2478561401, -17.7959346771, 32.2479820251, -0.137542977929, 18.1089706421, -11.9387569427], [299.913146973, -40.2923278809, 73.5640563965, 226.505508423, 58.5525169373, 82.7362213135, 48.2802505493, 43.2017211914, 30.793258667, 3.34527230263, 43.1442642212, 5.18632364273, 22.0132789612], [180.838760376, 93.3322219849, -7.80748033524, 58.5525169373, 184.545822144, 30.0558662415, 79.8996200562, 43.299118042, 19.4707336426, 29.4874744415, -1.00199627876, 21.4726524353, 3.00567030907], [528.068481445, -111.382362366, 62.6260643005, 82.7362213135, 30.0558662415, 189.786468506, 65.975479126, 70.7257614136, 16.6951217651, 31.8035907745, 20.2368583679, 19.1242084503, 8.79169750214], [256.569793701, 89.861656189, -21.1868038177, 48.2802505493, 79.8996200562, 65.975479126, 157.435134888, 56.9155921936, 27.3828449249, 19.8186988831, 31.1139469147, 12.2505311966, 0.30303761363], [354.063873291, -52.4229736328, 41.2478561401, 43.2017211914, 43.299118042, 70.7257614136, 56.9155921936, 111.903175354, 27.9083881378, 37.2280502319, 4.86091756821, 27.7178058624, 6.04078674316], [111.850753784, 33.5198135376, -17.7959346771, 30.793258667, 19.4707336426, 16.6951217651, 27.3828449249, 27.9083881378, 70.4885482788, 16.6168785095, 13.0037565231, 1.22607505322, 6.3628783226], [180.824752808, -26.7069377899, 32.2479820251, 3.34527230263, 29.4874744415, 31.8035907745, 19.8186988831, 37.2280502319, 16.6168785095, 69.0624847412, 10.824174881, 21.8445301056, -8.46363735199], [56.192111969, 42.1275863647, -0.137542977929, 43.1442642212, -1.00199627876, 20.2368583679, 31.1139469147, 4.86091756821, 13.0037565231, 10.824174881, 69.2688751221, 6.29428958893, 8.5470495224], [162.429840088, -41.0384712219, 18.1089706421, 5.18632364273, 21.4726524353, 19.1242084503, 12.2505311966, 27.7178058624, 1.22607505322, 21.8445301056, 6.29428958893, 68.2729721069, 8.81036663055], [25.6361255646, 17.1456069946, -11.9387569427, 22.0132789612, 3.00567030907, 8.79169750214, 0.30303761363, 6.04078674316, 6.3628783226, -8.46363735199, 8.5470495224, 8.81036663055, 59.0125846863]],
        "icov": [[0.000648296962027, 8.55112812133e-05, 0.000290310388664, -0.000348478642991, 5.30397919647e-05, -0.00123607600108, -7.70560800447e-05, -0.000808786426205, -0.000138201023219, -0.000530049903318, 0.000249319477007, -0.000741367752198, 0.000160338051501], [8.55112812133e-05, 0.02052038908, -0.00642977887765, 0.0109597127885, -0.0137573610991, 0.0132661266252, -0.0151292541996, 0.0104057583958, -0.0122676678002, 0.00901085231453, -0.0163239706308, 0.0123034035787, -0.0105089247227], [0.000290310388664, -0.00642977887765, 0.00831605494022, -0.00632650963962, 0.00544454343617, -0.00569170573726, 0.00654524471611, -0.00546950800344, 0.00678845262155, -0.00592374103144, 0.00627584476024, -0.00481730001047, 0.00510999932885], [-0.000348478642991, 0.0109597127885, -0.00632650963962, 0.0143117113039, -0.0103888371959, 0.00569450017065, -0.0074809663929, 0.0054720742628, -0.00940018240362, 0.00932860840112, -0.0136738605797, 0.00819845777005, -0.00738447997719], [5.30397919647e-05, -0.0137573610991, 0.00544454343617, -0.0103888371959, 0.0180547256023, -0.0077594271861, 0.0058119520545, -0.00709244608879, 0.00889488123357, -0.0100224651396, 0.0151849854738, -0.00994581822306, 0.00677249860018], [-0.00123607600108, 0.0132661266252, -0.00569170573726, 0.00569450017065, -0.0077594271861, 0.0197243448347, -0.0124411517754, 0.00549798784778, -0.00676724221557, 0.00489178905264, -0.0106553267688, 0.00948878284544, -0.00807744543999], [-7.70560800447e-05, -0.0151292541996, 0.00654524471611, -0.0074809663929, 0.0058119520545, -0.0124411517754, 0.0232899188995, -0.0119228642434, 0.0083356006071, -0.00455018505454, 0.00671090278774, -0.00835351739079, 0.00992608163506], [-0.000808786426205, 0.0104057583958, -0.00546950800344, 0.0054720742628, -0.00709244608879, 0.00549798784778, -0.0119228642434, 0.0235562548041, -0.0101810451597, 0.000745538796764, -0.00474779913202, 0.00380507903174, -0.00730343163013], [-0.000138201023219, -0.0122676678002, 0.00678845262155, -0.00940018240362, 0.00889488123357, -0.00676724221557, 0.0083356006071, -0.0101810451597, 0.0263581089675, -0.0101733859628, 0.00897963065654, -0.00511590437964, 0.00522085931152], [-0.000530049903318, 0.00901085231453, -0.00592374103144, 0.00932860840112, -0.0100224651396, 0.00489178905264, -0.00455018505454, 0.000745538796764, -0.0101733859628, 0.0283103529364, -0.013096800074, 0.00224755657837, -0.000618738587946], [0.000249319477007, -0.0163239706308, 0.00627584476024, -0.0136738605797, 0.0151849854738, -0.0106553267688, 0.00671090278774, -0.00474779913202, 0.00897963065654, -0.013096800074, 0.0340193547308, -0.0120180789381, 0.0062909447588], [-0.000741367752198, 0.0123034035787, -0.00481730001047, 0.00819845777005, -0.00994581822306, 0.00948878284544, -0.00835351739079, 0.00380507903174, -0.00511590437964, 0.00224755657837, -0.0120180789381, 0.0266441963613, -0.00990238878876], [0.000160338051501, -0.0105089247227, 0.00510999932885, -0.00738447997719, 0.00677249860018, -0.00807744543999, 0.00992608163506, -0.00730343163013, 0.00522085931152, -0.000618738587946, 0.0062909447588, -0.00990238878876, 0.0251882262528]]
    },
    "melbands": {
        "dmean": [0.00053588434821, 0.00114809174556, 0.00104035425466, 0.000715645321179, 0.00041010818677, 0.000290456257062, 0.000211082427995, 0.000224272560445, 0.000198244015337, 0.00015413913934, 0.000224825649639, 7.88601246313e-05, 7.32714179321e-05, 3.78603799618e-05, 4.18129020545e-05, 2.92469139822e-05, 5.22666014149e-05, 2.4709284844e-05, 1.71575320564e-05, 1.56976257131e-05, 1.20844397316e-05, 1.11058161565e-05, 1.13043952297e-05, 5.50712593395e-06, 3.66992958334e-06, 2.20420724872e-06, 2.59435159933e-06, 2.5707961413e-06, 9.64904984357e-07, 7.81205471867e-07, 6.63530784095e-07, 6.2446559923e-07, 6.01738236128e-07, 4.33708919445e-07, 4.3144132178e-07, 3.90841876197e-07, 4.07241429912e-07, 3.14105193411e-07, 2.23196551019e-07, 1.55486318931e-07],
        "dmean2": [0.000898932397831, 0.00196419493295, 0.001735278056, 0.00114077806938, 0.000672267749906, 0.000471590377856, 0.000340303231496, 0.00034729851177, 0.000313810131047, 0.000224773015361, 0.000351638882421, 0.000127511084429, 0.000119403688586, 5.9857571614e-05, 6.71036978019e-05, 4.72391511721e-05, 8.57735649333e-05, 3.88760672649e-05, 2.78914958471e-05, 2.59570242633e-05, 1.95189968508e-05, 1.80745955731e-05, 1.80053630174e-05, 8.86522047949e-06, 6.2348181018e-06, 3.60215517503e-06, 4.22420635005e-06, 4.26052611147e-06, 1.57733813921e-06, 1.27126065763e-06, 1.05747039925e-06, 9.98375639938e-07, 9.54350184657e-07, 6.83890505115e-07, 6.26308519713e-07, 5.70518977838e-07, 6.28215445886e-07, 5.01450983847e-07, 3.30586743758e-07, 2.47430222089e-07],
        "dvar": [3.38910058417e-06, 7.58071473683e-06, 1.71720853359e-06, 1.06476738893e-06, 3.49444746917e-07, 1.78064865963e-07, 1.15977364601e-07, 1.1591782112e-07, 3.09428372702e-07, 5.78866625744e-08, 2.05034936585e-07, 2.50635707744e-08, 1.37042830417e-08, 4.64252503107e-09, 5.27125054717e-09, 2.52739873474e-09, 7.77484476799e-09, 1.51009926785e-09, 7.70183805621e-10, 1.02806962943e-09, 6.28311236373e-10, 3.96894156429e-10, 3.18160497947e-10, 7.28935592442e-11, 4.68520812424e-11, 9.30684869449e-12, 1.3266473857e-11, 1.21350941448e-11, 2.50283886498e-12, 1.47913961895e-12, 1.5088098956e-12, 1.75857451431e-12, 1.87276778287e-12, 1.32342520189e-12, 2.96904081182e-12, 3.65539022662e-12, 4.12066041011e-12, 2.39846489024e-12, 1.42640987997e-12, 8.93972125059e-13],
        "dvar2": [8.65268248162e-06, 2.10855087062e-05, 4.88588057124e-06, 2.82159885501e-06, 9.62450826592e-07, 4.93700042625e-07, 2.93837473464e-07, 2.73882676538e-07, 6.79083541399e-07, 1.2099711455e-07, 5.01265674302e-07, 6.48276099469e-08, 3.80859574989e-08, 1.14785363436e-08, 1.33381083955e-08, 6.1434914933e-09, 2.14311004498e-08, 3.74985908991e-09, 1.64902147493e-09, 2.58451526847e-09, 1.55855106598e-09, 9.45731271074e-10, 7.87432896665e-10, 1.66997873863e-10, 1.35838923443e-10, 2.42524802324e-11, 3.38990606419e-11, 3.35067633361e-11, 6.2866955565e-12, 3.8055591664e-12, 3.55538103299e-12, 4.37167316236e-12, 4.14571328655e-12, 3.23275304095e-12, 6.34428750854e-12, 6.60546487299e-12, 9.96859365887e-12, 5.76079245071e-12, 3.33663717315e-12, 2.11546860758e-12],
        "max": [0.0203991048038, 0.0322613343596, 0.0137454383075, 0.0186867397279, 0.00640701130033, 0.00569135835394, 0.00522954389453, 0.00487101171166, 0.0091352192685, 0.00323478598148, 0.00608521932736, 0.00238979584537, 0.00167704781052, 0.00112146907486, 0.00097690417897, 0.000688501342665, 0.000915398821235, 0.000502955517732, 0.000626718858257, 0.000611458614003, 0.000394947826862, 0.000324227527017, 0.000261683308054, 0.000151411033585, 0.000155416768393, 5.71276686969e-05, 5.00946953252e-05, 4.58080503449e-05, 2.33034716075e-05, 1.92004627024e-05, 1.95382181118e-05, 2.57822375715e-05, 3.15931720252e-05, 2.80065905827e-05, 4.50073748652e-05, 4.65286830149e-05, 4.52883832622e-05, 3.34369542543e-05, 3.04111599689e-05, 2.33975279116e-05],
        "mean": [0.000935756717809, 0.00216450286098, 0.00213103904389, 0.00150164507795, 0.000726490980014, 0.000560044660233, 0.000394784670789, 0.000387406413211, 0.000323343061609, 0.000315981189488, 0.000420364493039, 0.00014966155868, 0.000126036873553, 7.12223045412e-05, 7.92978462414e-05, 5.93632830714e-05, 9.62605263339e-05, 4.94189735036e-05, 3.55297343049e-05, 2.70653035841e-05, 2.26044230658e-05, 2.26280990319e-05, 2.31241083384e-05, 1.22577666843e-05, 7.70064798417e-06, 5.11379812451e-06, 6.10095366937e-06, 5.40721157449e-06, 2.1371101866e-06, 1.67107111793e-06, 1.41793873354e-06, 1.28775707253e-06, 1.22566962091e-06, 8.92562752597e-07, 8.00428892944e-07, 7.33493152438e-07, 7.17940110917e-07, 5.51463585907e-07, 3.76891449605e-07, 2.46800169634e-07],
        "median": [0.000608820293564, 0.00167084985878, 0.00153126637451, 0.00104921683669, 0.000488318502903, 0.000354878953658, 0.000244484544965, 0.000219841604121, 0.000120683085697, 0.00015961646568, 0.000151886357344, 5.43992500752e-05, 7.75776206865e-05, 3.57509343303e-05, 4.17061855842e-05, 3.01579912048e-05, 5.44961476407e-05, 2.17185697693e-05, 1.80606202775e-05, 1.51052863657e-05, 9.61596560956e-06, 1.38602390507e-05, 1.15163093142e-05, 6.69078326609e-06, 4.58740078102e-06, 3.63751769328e-06, 4.48180617241e-06, 3.76697289539e-06, 1.28952558498e-06, 1.051761501e-06, 8.39526478558e-07, 7.34620925869e-07, 7.04943147412e-07, 5.01898625771e-07, 3.52918107183e-07, 2.39420387516e-07, 2.38523995222e-07, 1.38836242058e-07, 9.16113478411e-08, 6.02946812478e-08],
        "min": [9.70665183786e-08, 2.46041213359e-06, 2.47639381996e-05, 3.02819589706e-05, 4.58704835182e-06, 1.42064809552e-05, 4.30362388215e-06, 2.60516912931e-06, 6.82714528466e-07, 9.95933532977e-07, 1.75649176981e-06, 1.53880463927e-07, 2.04613613164e-07, 3.02823423226e-07, 2.85519888621e-07, 2.96826272006e-07, 5.81108054121e-07, 3.96831296712e-07, 2.93319232014e-07, 2.34308473068e-07, 1.86824323123e-07, 2.36605572468e-07, 2.21842114456e-07, 1.7998100077e-07, 1.28417013912e-07, 9.52082501726e-08, 7.6827632256e-08, 8.1629259796e-08, 3.01339326825e-08, 1.35442883575e-08, 8.96114027427e-09, 7.01181646079e-09, 3.49919426768e-09, 1.38286415652e-09, 2.16845519319e-09, 1.24431998039e-09, 7.78489994691e-10, 1.36405955975e-10, 1.14065472345e-10, 1.32863511859e-12],
