{
"highlevel": {
    "danceability": {
        "all": {
            "danceable": 0.999138712883,
            "not_danceable": 0.000861303473357
        },
        "probability": 0.999138712883,
        "value": "danceable"
    },
    "gender": {
        "all": {
            "female": 0.462322562933,
            "male": 0.537677466869
        },
        "probability": 0.537677466869,
        "value": "male"
    },
    "genre_dortmund": {
        "all": {
            "alternative": 0.0812025740743,
            "blues": 0.00261313631199,
            "electronic": 0.592544555664,
            "folkcountry": 0.00988546479493,
            "funksoulrnb": 0.00333666638471,
            "jazz": 0.0196652449667,
            "pop": 0.0262067839503,
            "raphiphop": 0.22416806221,
            "rock": 0.0403774939477
        },
        "probability": 0.592544555664,
        "value": "electronic"
    },
    "genre_electronic": {
        "all": {
            "ambient": 0.0264025498182,
            "dnb": 0.00578068383038,
            "house": 0.00445754546672,
            "techno": 0.0034141249489,
            "trance": 0.959945082664
        },
        "probability": 0.959945082664,
        "value": "trance"
    },
    "genre_rosamerica": {
        "all": {
            "cla": 7.51769839553e-05,
            "dan": 0.985383093357,
            "hip": 0.00049321266124,
            "jaz": 2.70907748927e-05,
            "pop": 0.00582083221525,
            "rhy": 7.8586555901e-05,
            "roc": 0.00809717271477,
            "spe": 2.4837861929e-05
        },
        "probability": 0.985383093357,
        "value": "dan"
    },
    "genre_tzanetakis": {
        "all": {
            "blu": 0.0626613423228,
            "cla": 0.0348169617355,
            "cou": 0.104475811124,
            "dis": 0.0784321576357,
            "hip": 0.15692435205,
            "jaz": 0.313974827528,
            "met": 0.0448166541755,
            "pop": 0.0627359300852,
            "reg": 0.0627360641956,
            "roc": 0.0784258767962
        },
        "probability": 0.313974827528,
        "value": "jaz"
    },
    "ismir04_rhythm": {
        "all": {
            "ChaChaCha": 0.300109684467,
            "Jive": 0.021485151723,
            "Quickstep": 0.00589558249339,
            "Rumba-American": 0.00489106448367,
            "Rumba-International": 0.0160326324403,
            "Rumba-Misc": 0.000922998122405,
            "Samba": 0.644369781017,
            "Tango": 0.00184012122918,
            "VienneseWaltz": 0.00379026914015,
            "Waltz": 0.000662727165036
        },
        "probability": 0.644369781017,
        "value": "Samba"
    },
    "mood_acoustic": {
        "all": {
            "acoustic": 5.35524655731e-08,
            "not_acoustic": 0.999999940395
        },
        "probability": 0.999999940395,
        "value": "not_acoustic"
    },
    "mood_aggressive": {
        "all": {
            "aggressive": 0.939780592918,
            "not_aggressive": 0.0602194294333
        },
        "probability": 0.939780592918,
        "value": "aggressive"
    },
    "mood_electronic": {
        "all": {
            "electronic": 0.986237466335,
            "not_electronic": 0.013762540184
        },
        "probability": 0.986237466335,
        "value": "electronic"
    },
    "mood_happy": {
        "all": {
            "happy": 0.354189485312,
            "not_happy": 0.645810544491
        },
        "probability": 0.645810544491,
        "value": "not_happy"
    },
    "mood_party": {
        "all": {
            "not_party": 0.0906462520361,
            "party": 0.909353733063
        },
        "probability": 0.909353733063,
        "value": "party"
    },
    "mood_relaxed": {
        "all": {
            "not_relaxed": 0.988064825535,
            "relaxed": 0.011935162358
        },
        "probability": 0.988064825535,
        "value": "not_relaxed"
    },
    "mood_sad": {
        "all": {
            "not_sad": 0.941797316074,
            "sad": 0.0582026802003
        },
        "probability": 0.941797316074,
        "value": "not_sad"
    },
    "moods_mirex": {
        "all": {
            "Cluster1": 0.520761907101,
            "Cluster2": 0.0635753795505,
            "Cluster3": 0.0359777398407,
            "Cluster4": 0.0674327835441,
            "Cluster5": 0.312252193689
        },
        "probability": 0.520761907101,
        "value": "Cluster1"
    },
    "timbre": {
        "all": {
            "bright": 0.854639530182,
            "dark": 0.145360440016
        },
        "probability": 0.854639530182,
        "value": "bright"
    },
    "tonal_atonal": {
        "all": {
            "atonal": 0.197746127844,
            "tonal": 0.802253842354
        },
        "probability": 0.802253842354,
        "value": "tonal"
    },
    "voice_instrumental": {
        "all": {
            "instrumental": 0.0242975018919,
            "voice": 0.975702524185
        },
        "probability": 0.975702524185,
        "value": "voice"
    }
},
"lowlevel": {
    "average_loudness": 0.986324369907,
    "barkbands_crest": {
        "dmean": 2.66815400124,
        "dmean2": 3.3490922451,
        "dvar": 6.66976594925,
        "dvar2": 10.505238533,
        "max": 26.3560733795,
        "mean": 12.8685321808,
        "median": 11.6666889191,
        "min": 2.0894882679,
        "var": 54.4145088196
    },
    "barkbands_flatness_db": {
        "dmean": 0.0254332777113,
        "dmean2": 0.0322678685188,
        "dvar": 0.000577729893848,
        "dvar2": 0.000891773030162,
        "max": 0.354441076517,
        "mean": 0.126490399241,
        "median": 0.105452939868,
        "min": 0.0302440561354,
        "var": 0.00390903279185
    },
    "barkbands_kurtosis": {
        "dmean": 3.6323029995,
        "dmean2": 4.47511816025,
        "dvar": 49.5214729309,
        "dvar2": 82.6089706421,
        "max": 184.91519165,
        "mean": 5.95960664749,
        "median": 0.337438344955,
        "min": -1.57927370071,
        "var": 170.593399048
    },
    "barkbands_skewness": {
        "dmean": 0.622239589691,
        "dmean2": 0.796811580658,
        "dvar": 0.429065942764,
        "dvar2": 0.616145968437,
        "max": 12.7224617004,
        "mean": 1.83968293667,
        "median": 1.15922749043,
        "min": -0.667829811573,
        "var": 3.06664443016
    },
    "barkbands_spread": {
        "dmean": 8.78948307037,
        "dmean2": 12.3204460144,
        "dvar": 86.9028015137,
        "dvar2": 166.504745483,
        "max": 83.2061157227,
        "mean": 31.9107208252,
        "median": 32.4315757751,
        "min": 1.08241689205,
        "var": 278.466033936
    },
    "dissonance": {
        "dmean": 0.0117773385718,
        "dmean2": 0.0199295487255,
        "dvar": 0.000112730769615,
        "dvar2": 0.00030886605964,
        "max": 0.499999463558,
        "mean": 0.480351626873,
        "median": 0.483453482389,
        "min": 0.399112850428,
        "var": 0.000183424941497
    },
    "dynamic_complexity": 0.999838352203,
    "erbbands_crest": {
        "dmean": 1.87795543671,
        "dmean2": 3.05490136147,
        "dvar": 3.22298550606,
        "dvar2": 7.87965583801,
        "max": 20.2498512268,
        "mean": 5.92759752274,
        "median": 5.24577283859,
        "min": 2.19040966034,
        "var": 6.25051641464
    },
    "erbbands_flatness_db": {
        "dmean": 0.0136875901371,
        "dmean2": 0.0198341906071,
        "dvar": 0.000143646451761,
        "dvar2": 0.00028299036785,
        "max": 0.209285706282,
        "mean": 0.118026569486,
        "median": 0.11615716666,
        "min": 0.062488310039,
        "var": 0.000570274249185
    },
    "erbbands_kurtosis": {
        "dmean": 0.528133511543,
        "dmean2": 0.82426160574,
        "dvar": 0.257494300604,
        "dvar2": 0.6596326828,
        "max": 4.02605295181,
        "mean": -0.153877392411,
        "median": -0.236748933792,
        "min": -1.46559393406,
        "var": 0.455214202404
    },
    "erbbands_skewness": {
        "dmean": 0.280785918236,
        "dmean2": 0.433443307877,
        "dvar": 0.0535944551229,
        "dvar2": 0.130407899618,
        "max": 1.37677824497,
        "mean": -0.0485895983875,
        "median": -0.0438353680074,
        "min": -1.3406162262,
        "var": 0.158435717225
    },
    "erbbands_spread": {
        "dmean": 9.63397216797,
        "dmean2": 13.9387636185,
        "dvar": 80.9696121216,
        "dvar2": 175.765335083,
        "max": 102.75554657,
        "mean": 44.2701644897,
        "median": 41.1288032532,
        "min": 13.1255731583,
        "var": 233.250366211
    },
    "hfc": {
        "dmean": 17.7329292297,
        "dmean2": 24.9314899445,
        "dvar": 418.633575439,
        "dvar2": 939.001037598,
        "max": 146.714584351,
        "mean": 41.5598526001,
        "median": 32.4024543762,
        "min": 7.10141658783,
        "var": 789.946594238
    },
    "melbands_crest": {
        "dmean": 3.48647212982,
        "dmean2": 4.79003667831,
        "dvar": 11.7235546112,
        "dvar2": 25.0705013275,
        "max": 34.6336669922,
        "mean": 20.4178943634,
        "median": 21.3829288483,
        "min": 2.28726696968,
        "var": 86.3773040771
    },
    "melbands_flatness_db": {
        "dmean": 0.0322384610772,
        "dmean2": 0.0411949194968,
        "dvar": 0.000986417056993,
        "dvar2": 0.00172140554059,
        "max": 0.444624572992,
        "mean": 0.176250323653,
        "median": 0.155015543103,
        "min": 0.0254833307117,
        "var": 0.00685713021085
    },
    "melbands_kurtosis": {
        "dmean": 11.154168129,
        "dmean2": 14.0950717926,
        "dvar": 337.273071289,
        "dvar2": 501.70614624,
        "max": 321.785766602,
        "mean": 24.9125728607,
        "median": 7.85845184326,
        "min": -1.11032962799,
        "var": 1384.57263184
    },
    "melbands_skewness": {
        "dmean": 0.913483023643,
        "dmean2": 1.19814395905,
        "dvar": 1.09439897537,
        "dvar2": 1.57927334309,
        "max": 14.4657859802,
        "mean": 3.66022920609,
        "median": 2.68941426277,
        "min": 0.252107799053,
        "var": 7.35772037506
    },
    "melbands_spread": {
        "dmean": 9.78384971619,
        "dmean2": 14.5491771698,
        "dvar": 139.540557861,
        "dvar2": 305.083282471,
        "max": 117.629638672,
        "mean": 30.1749019623,
        "median": 30.665927887,
        "min": 0.759604692459,
        "var": 415.849243164
    },
    "pitch_salience": {
        "dmean": 0.0772733092308,
        "dmean2": 0.101045571268,
        "dvar": 0.00583454687148,
        "dvar2": 0.0101860649884,
        "max": 0.818302452564,
        "mean": 0.424259573221,
        "median": 0.447416722775,
        "min": 0.05402655527,
        "var": 0.0367964506149
    },
    "silence_rate_20dB": {
        "dmean": 0,
        "dmean2": 0,
        "dvar": 0,
        "dvar2": 0,
        "max": 1,
        "mean": 1,
        "median": 1,
        "min": 1,
        "var": 0
    },
    "silence_rate_30dB": {
        "dmean": 0.0433436520398,
        "dmean2": 0.0867544561625,
        "dvar": 0.041464343667,
        "dvar2": 0.105562195182,
        "max": 1,
        "mean": 0.967517375946,
        "median": 1,
        "min": 0,
        "var": 0.0314275994897
    },
    "silence_rate_60dB": {
        "dmean": 0,
        "dmean2": 0,
        "dvar": 0,
        "dvar2": 0,
        "max": 0,
        "mean": 0,
        "median": 0,
        "min": 0,
        "var": 0
    },
    "spectral_centroid": {
        "dmean": 339.423217773,
        "dmean2": 515.307006836,
        "dvar": 99290.15625,
        "dvar2": 230322.296875,
        "max": 3320.05053711,
        "mean": 1992.00524902,
        "median": 1980.36975098,
        "min": 301.680541992,
        "var": 253930.765625
    },
    "spectral_complexity": {
        "dmean": 5.87074279785,
        "dmean2": 8.35011577606,
        "dvar": 27.626499176,
        "dvar2": 49.2716026306,
        "max": 61,
        "mean": 31.222738266,
        "median": 30,
        "min": 8,
        "var": 103.736671448
    },
    "spectral_decrease": {
        "dmean": 2.68529709579e-09,
        "dmean2": 3.71017438994e-09,
        "dvar": 7.88137770359e-18,
        "dvar2": 1.24362030789e-17,
        "max": -1.83560477929e-09,
        "mean": -1.3451599834e-08,
        "median": -1.20498997447e-08,
        "min": -3.40762049689e-08,
        "var": 5.14072732931e-17
    },
    "spectral_energy": {
        "dmean": 0.0105526465923,
        "dmean2": 0.014482812956,
        "dvar": 0.000107037085399,
        "dvar2": 0.000167685138877,
        "max": 0.129603654146,
        "mean": 0.0545390024781,
        "median": 0.050825279206,
        "min": 0.00870336778462,
        "var": 0.000710223976057
    },
    "spectral_energyband_high": {
        "dmean": 0.00184883421753,
        "dmean2": 0.00266864104196,
        "dvar": 5.56843087907e-06,
        "dvar2": 1.21774664876e-05,
        "max": 0.0154380025342,
        "mean": 0.00290859793313,
        "median": 0.00173828273546,
        "min": 6.89406442689e-05,
        "var": 9.02229385247e-06
    },
    "spectral_energyband_low": {
        "dmean": 0.00984239764512,
        "dmean2": 0.0130086261779,
        "dvar": 0.000153010158101,
        "dvar2": 0.000217664186493,
        "max": 0.128016114235,
        "mean": 0.0358880832791,
        "median": 0.0271564740688,
        "min": 6.03467196925e-06,
        "var": 0.00098792812787
    },
    "spectral_energyband_middle_high": {
        "dmean": 0.00266191456467,
        "dmean2": 0.00414399197325,
        "dvar": 8.58783459989e-06,
        "dvar2": 2.14974788832e-05,
        "max": 0.028260435909,
        "mean": 0.00838062074035,
        "median": 0.00795046985149,
        "min": 0.000478356640087,
        "var": 2.174436122e-05
    },
    "spectral_energyband_middle_low": {
        "dmean": 0.00433015730232,
        "dmean2": 0.0072369100526,
        "dvar": 6.81242308929e-05,
        "dvar2": 0.000185329045053,
        "max": 0.0630696192384,
        "mean": 0.00822691712528,
        "median": 0.00636281631887,
        "min": 0.000487917975988,
        "var": 5.76696620556e-05
    },
    "spectral_entropy": {
        "dmean": 0.150454267859,
        "dmean2": 0.216112911701,
        "dvar": 0.0210178755224,
        "dvar2": 0.0455141738057,
        "max": 8.58897781372,
        "mean": 8.01940917969,
        "median": 8.02631378174,
        "min": 7.01990413666,
        "var": 0.0619646310806
    },
    "spectral_flux": {
        "dmean": 0.029308045283,
        "dmean2": 0.0385487414896,
        "dvar": 0.000989726861008,
        "dvar2": 0.00121581437998,
        "max": 0.32201051712,
        "mean": 0.10884617269,
        "median": 0.0908848121762,
        "min": 0.036614485085,
        "var": 0.00304233143106
    },
    "spectral_kurtosis": {
        "dmean": 0.895849347115,
        "dmean2": 1.3966332674,
        "dvar": 0.696335613728,
        "dvar2": 1.67887485027,
        "max": 9.15734863281,
        "mean": 2.53442072868,
        "median": 2.50395870209,
        "min": -0.754636764526,
        "var": 1.62771487236
    },
    "spectral_rms": {
        "dmean": 0.000720869633369,
        "dmean2": 0.0009866891196,
        "dvar": 4.62429369463e-07,
        "dvar2": 6.92439982686e-07,
        "max": 0.0112446695566,
        "mean": 0.00706676580012,
        "median": 0.00704170716926,
        "min": 0.00291394768283,
        "var": 3.26967688125e-06
    },
    "spectral_rolloff": {
        "dmean": 876.829711914,
        "dmean2": 1374.68933105,
        "dvar": 1448047.875,
        "dvar2": 3179411,
        "max": 10723.5351562,
        "mean": 1845.47753906,
        "median": 1571.92382812,
        "min": 64.599609375,
        "var": 3085431
    },
    "spectral_skewness": {
        "dmean": 0.172399118543,
        "dmean2": 0.262378096581,
        "dvar": 0.0208680741489,
        "dvar2": 0.0486007556319,
        "max": 2.55755853653,
        "mean": 1.24699306488,
        "median": 1.2628903389,
        "min": 0.71106082201,
        "var": 0.0494810827076
    },
    "spectral_spread": {
        "dmean": 751451.5625,
        "dmean2": 997558.9375,
        "dvar": 545892696064,
        "dvar2": 883748044800,
        "max": 13531135,
        "mean": 5387003.5,
        "median": 5082649,
        "min": 2906160.75,
        "var": 2.1187877929e+12
    },
    "spectral_strongpeak": {
        "dmean": 0.367896020412,
        "dmean2": 0.637744009495,
        "dvar": 0.580086231232,
        "dvar2": 1.66271436214,
        "max": 6.31097745895,
        "mean": 0.642895877361,
        "median": 0.512382149696,
        "min": 0.0440693795681,
        "var": 0.483367055655
    },
    "zerocrossingrate": {
        "dmean": 0.0164685323834,
        "dmean2": 0.0193338189274,
        "dvar": 0.000229998287978,
        "dvar2": 0.00030270460411,
        "max": 0.22607421875,
        "mean": 0.0710349157453,
        "median": 0.06982421875,
        "min": 0.005859375,
        "var": 0.00170807784889
    },
    "barkbands": {
        "dmean": [0.000623457832262, 0.00962545070797, 0.00397046515718, 0.00209340709262, 0.00116605428047, 0.000617030833382, 0.000682154903188, 0.00056538102217, 0.000951348047238, 0.00053230667254, 0.000761079660151, 0.000416469469201, 0.000625554821454, 0.0005691772094, 0.000514761719387, 0.00041231859359, 0.000351060036337, 0.000425279635238, 0.000283907167614, 0.000416200637119, 0.000327463727444, 0.00032607204048, 0.000344534579199, 0.000407726853155, 0.000321119732689, 0.000117465497169, 8.39169658207e-08],
        "dmean2": [0.000730870466214, 0.011555204168, 0.00674958433956, 0.0038878323976, 0.0019712226931, 0.00102425646037, 0.00112577504478, 0.000935268006288, 0.00149512884673, 0.000898672966287, 0.00123562954832, 0.000693778682034, 0.00104760495014, 0.000922015984543, 0.000857110659126, 0.000654898525681, 0.000594231998548, 0.000689336506184, 0.000468693702715, 0.000665593252052, 0.00051585084293, 0.000483005074784, 0.000508617493324, 0.000603935972322, 0.000464013661258, 0.000180889124749, 1.54137552499e-07],
        "dvar": [5.28509247033e-07, 0.000164409226272, 0.000114951770229, 3.80528181267e-05, 7.14664201951e-06, 8.89004695637e-07, 8.41862060952e-07, 4.93222501063e-07, 1.35527045586e-06, 4.82260077206e-07, 1.11446877327e-06, 3.7146017462e-07, 5.77858486395e-07, 5.40301243745e-07, 4.17348843484e-07, 3.10865658548e-07, 2.93589351941e-07, 2.42770397563e-07, 1.49786117731e-07, 2.65123645704e-07, 1.68873512507e-07, 1.97276733616e-07, 2.22899302571e-07, 3.31418078758e-07, 2.04540640425e-07, 2.87779435837e-08, 6.61787993655e-14],
        "dvar2": [8.69203063303e-07, 0.000198135137907, 0.000298329337966, 0.000109225489723, 1.92615607375e-05, 2.34065646509e-06, 2.29003535424e-06, 1.34964886911e-06, 3.16801197187e-06, 1.33774892674e-06, 2.80965809907e-06, 1.00312331597e-06, 1.46302704707e-06, 1.39121721077e-06, 1.13416172098e-06, 7.91845650383e-07, 7.70210874634e-07, 6.15531916992e-07, 4.05425453209e-07, 6.61830029003e-07, 4.09732166418e-07, 4.37159826561e-07, 4.93971867854e-07, 7.22697905076e-07, 4.42392661171e-07, 6.64145787255e-08, 1.87338114314e-13],
        "max": [0.0105395242572, 0.126512914896, 0.0650057792664, 0.0409657135606, 0.0416537746787, 0.0103741781786, 0.00803609471768, 0.00657729292288, 0.0129526294768, 0.0120784789324, 0.0113306650892, 0.0066591356881, 0.00822904147208, 0.0101701496169, 0.00748548656702, 0.00542509090155, 0.0063564023003, 0.00506452610716, 0.00304594892077, 0.004907194525, 0.00297383661382, 0.00303236814216, 0.00336517696269, 0.00376593065448, 0.00450545502827, 0.00153010722715, 2.93585299005e-06],
        "mean": [0.00191880855709, 0.0297877267003, 0.00343267573044, 0.00168006529566, 0.00157076213509, 0.0010481076315, 0.00112405302934, 0.00101479212753, 0.00164596736431, 0.000876803300343, 0.00113827118184, 0.000643598206807, 0.000979857286438, 0.00103660568129, 0.000970809313003, 0.000668675871566, 0.000517685199156, 0.000776073953602, 0.00045226275688, 0.000727917707991, 0.000472548301332, 0.000465390388854, 0.000471080827992, 0.000549259479158, 0.000424204132287, 0.000145017664181, 5.41948423916e-08],
        "median": [0.000961358600762, 0.0162658281624, 0.000711510772817, 0.000472968851682, 0.000896742043551, 0.00069687544601, 0.000788147561252, 0.000671758840326, 0.00108846812509, 0.000581744650844, 0.000668598280754, 0.000445706857136, 0.00069883686956, 0.000711955362931, 0.000648761691991, 0.000457984191598, 0.000321327184793, 0.000591268239077, 0.000288813811494, 0.000532513309736, 0.000287507369649, 0.000220010391786, 0.000231194702792, 0.000214683881495, 0.00016342420713, 5.55161350348e-05, 2.14007322974e-09],
        "min": [1.66161617798e-09, 2.52310712767e-07, 2.72312604466e-07, 7.38824383006e-06, 1.65495512192e-05, 1.20118666018e-05, 8.95770881471e-06, 2.16909047595e-05, 1.51444601215e-05, 2.54283786489e-05, 9.69657412497e-06, 1.58528873726e-05, 4.84859228891e-05, 2.90602692985e-05, 2.25079311349e-05, 2.06557524507e-05, 2.46686540777e-05, 1.94503627426e-05, 1.55431062012e-05, 3.22561754729e-05, 2.13505954889e-05, 1.42056760524e-05, 6.02906948188e-06, 3.14354586806e-09, 7.88128033946e-08, 2.64863436739e-10, 1.0239044855e-11],
        "var": [4.263610208e-06, 0.00092448212672, 8.5719722847e-05, 2.2040989279e-05, 5.78352000957e-06, 1.26626991914e-06, 1.18111449865e-06, 1.01929435914e-06, 2.73610908152e-06, 8.90853641522e-07, 1.73387741143e-06, 4.61502480675e-07, 8.97082429674e-07, 1.09086499833e-06, 9.28304075387e-07, 4.4378228381e-07, 3.6335063669e-07, 4.45176368657e-07, 2.07207008884e-07, 4.13096216789e-07, 2.21077485207e-07, 2.89550058596e-07, 3.28653584347e-07, 5.02225589116e-07, 3.63151769989e-07, 4.38975717998e-08, 3.9541097176e-14]
    },
    "erbbands": {
        "dmean": [0.388858348131, 2.09876489639, 4.14268112183, 5.82834339142, 6.45304918289, 2.83121871948, 2.4313313961, 6.74618148804, 9.01166248322, 9.97856044769, 12.0857133865, 24.9710426331, 14.4001274109, 27.8040218353, 14.6337118149, 17.8327388763, 26.6812572479, 23.2639560699, 23.2394142151, 25.4969940186, 23.0943717957, 20.0284175873, 24.5895347595, 17.099363327, 14.4988708496, 19.5882663727, 13.5926809311, 13.0876522064, 12.1955814362, 11.0998325348, 9.56474304199, 10.0795850754, 5.74868488312, 3.9007153511, 2.1396548748, 0.78714799881, 0.175106212497, 0.0109504405409, 0.000239676737692, 2.58307009062e-05],
        "dmean2": [0.440757185221, 2.43489289284, 6.3727722168, 10.5433969498, 11.5182781219, 4.45219659805, 3.951649189, 11.0862388611, 15.1491985321, 16.430896759, 19.9504470825, 39.5598144531, 23.1891078949, 44.8534126282, 23.9799594879, 29.4801902771, 44.3690490723, 38.2207756042, 38.2174110413, 41.9622344971, 36.9372138977, 33.5993461609, 40.1700592041, 28.0618858337, 23.5167884827, 31.4849433899, 21.4329299927, 20.4084033966, 18.3550434113, 16.4516525269, 13.9583702087, 15.3975801468, 8.49164676666, 5.79009056091, 3.16284179688, 1.19661295414, 0.277234643698, 0.0185743048787, 0.000383644568501, 3.61834099749e-05],
        "dvar": [0.211352556944, 9.85617351532, 101.212554932, 284.859100342, 297.385009766, 24.658826828, 20.52734375, 98.4093933105, 177.771194458, 183.786758423, 247.173934937, 1063.0501709, 286.549865723, 1415.8326416, 379.450469971, 706.873535156, 1047.73352051, 902.58795166, 832.702087402, 1222.92199707, 889.461975098, 1020.80004883, 833.126525879, 557.383972168, 358.47869873, 578.718200684, 269.901519775, 304.169158936, 295.614685059, 238.401031494, 171.259170532, 222.154342651, 63.4369926453, 32.8090324402, 8.59213161469, 1.24512505531, 0.0723650977015, 0.000407831219491, 1.49050819687e-07, 8.71193506224e-10],
        "dvar2": [0.231522634625, 12.4613161087, 243.772964478, 792.418395996, 823.123168945, 66.278678894, 54.7036743164, 250.370056152, 495.091308594, 494.868164062, 657.215576172, 2490.96704102, 767.530212402, 3674.29711914, 957.579956055, 1870.00524902, 2600.09570312, 2195.44750977, 2218.98925781, 3259.73632812, 2173.86669922, 2689.89501953, 2220.00878906, 1426.64477539, 922.871398926, 1473.86364746, 651.775939941, 708.472717285, 675.697937012, 529.995910645, 384.744598389, 508.326263428, 133.689025879, 73.1765823364, 18.4370517731, 2.78481936455, 0.172141462564, 0.00101993663702, 3.59429606078e-07, 1.91502169677e-09],
        "max": [4.73005628586, 28.9074230194, 64.6614303589, 107.273376465, 196.804779053, 57.4004058838, 67.9194488525, 105.702224731, 122.307113647, 180.511978149, 167.536499023, 385.773895264, 275.039398193, 419.377319336, 243.05607605, 321.921295166, 379.180541992, 550.795410156, 362.832824707, 411.056427002, 348.674072266, 423.658355713, 336.943359375, 160.713592529, 181.348052979, 240.352005005, 124.708335876, 114.672668457, 127.763977051, 124.324050903, 89.6224746704, 106.159088135, 56.9848213196, 57.067024231, 28.156463623, 9.94368362427, 3.36045145988, 0.322913259268, 0.00548592489213, 0.000287252740236],
        "mean": [1.27982604504, 4.94335365295, 4.68660354614, 4.84380197525, 6.36254119873, 4.56234121323, 4.28690719604, 11.4489355087, 14.654214859, 18.4916400909, 23.2196102142, 41.5023078918, 27.4469051361, 47.4748573303, 24.8668689728, 28.7455158234, 44.4566688538, 45.0678291321, 49.5571327209, 49.415397644, 40.6230773926, 32.5022888184, 43.2208786011, 29.8247470856, 25.0601577759, 34.1089363098, 22.6251487732, 17.6064090729, 16.689371109, 15.8405008316, 12.9847555161, 12.8505039215, 7.87506198883, 5.14604091644, 2.72696042061, 0.963420152664, 0.213080316782, 0.0124372374266, 0.000323680433212, 8.85200497578e-05],
        "median": [0.694337010384, 2.14515423775, 1.44866263866, 1.38087451458, 2.32254815102, 2.85703277588, 2.73171496391, 7.35052967072, 9.70518684387, 13.6513357162, 16.0565795898, 26.5455818176, 21.0069026947, 32.1135292053, 16.7235641479, 19.5624370575, 32.3440055847, 34.4842987061, 35.7452735901, 33.0793952942, 29.3646297455, 21.3545417786, 33.2063407898, 20.6976013184, 17.4090690613, 25.0150871277, 15.3763055801, 9.16484165192, 7.58279466629, 8.19616985321, 6.12239265442, 5.2582116127, 2.97954320908, 1.76340699196, 1.05025851727, 0.360768586397, 0.0808297246695, 0.00453463895246, 0.000146035919897, 8.59384890646e-05],
        "min": [1.06327688627e-05, 0.000189704573131, 0.00270456983708, 0.0233757998794, 0.0557044558227, 0.0496128350496, 0.104240193963, 0.197254940867, 0.203610762954, 0.468128621578, 0.414542078972, 0.503219246864, 1.28409636021, 0.918657422066, 1.18516278267, 0.899142861366, 1.88618838787, 2.55735301971, 2.4551012516, 2.05054926872, 1.30310320854, 1.75283408165, 1.15686619282, 1.08863854408, 1.06646120548, 1.21817791462, 0.640079915524, 0.875847697258, 0.353480160236, 0.465554237366, 0.178982913494, 0.0549377836287, 0.0192432552576, 0.00933567807078, 0.000741901865695, 0.000263879162958, 3.58659381163e-05, 5.99136092205e-06, 7.14643374522e-06, 1.29107602334e-05],
        "var": [1.62615764141, 38.5774497986, 99.608543396, 177.02734375, 200.614929199, 30.074388504, 29.0822906494, 148.921722412, 237.642303467, 269.454742432, 487.912414551, 1969.22241211, 562.949707031, 2443.5637207, 643.738769531, 906.04699707, 1709.93774414, 1684.28369141, 1927.13085938, 2489.78930664, 1365.24719238, 1382.89147949, 1434.73303223, 805.532409668, 542.965759277, 863.240905762, 429.067626953, 378.290100098, 400.234832764, 348.852752686, 254.283432007, 290.149688721, 106.16506958, 55.5065803528, 14.6605215073, 1.93313622475, 0.106904290617, 0.000521122012287, 2.10533912082e-07, 1.92512694674e-09]
    },
    "gfcc": {
        "mean": [65.2159500122, 65.6353302002, -120.195823669, 42.4766426086, -56.1491203308, 34.1201858521, -32.430355072, 24.8778381348, -16.7160511017, 14.3063640594, -13.1528167725, 2.31420135498, -8.09986591339],
        "cov": [[1260.28515625, -772.630432129, 83.2598495483, -78.3653640747, -258.52545166, -27.4032001495, -288.731414795, 20.8820362091, -229.476272583, 16.2191295624, -186.498764038, 55.0624160767, -161.819351196], [-772.630432129, 924.048950195, -58.1877593994, 121.970733643, 211.098388672, -7.1735906601, 238.362548828, -26.4443969727, 184.092071533, -17.6254482269, 164.631027222, -57.1560554504, 124.536392212], [83.2598495483, -58.1877593994, 389.99319458, 134.081359863, 111.275688171, 138.080230713, 57.6664505005, 94.1788864136, 55.3790740967, 70.9418869019, 27.5436496735, 44.2144050598, 21.0048179626], [-78.3653640747, 121.970733643, 134.081359863, 230.53918457, 115.38306427, 73.3241119385, 88.3066177368, 22.4819068909, 84.479637146, -9.04342651367, 46.344783783, -6.72058057785, 38.0670852661], [-258.52545166, 211.098388672, 111.275688171, 115.38306427, 202.009307861, 71.9023895264, 134.981628418, 44.8539466858, 90.8349914551, 32.7071762085, 55.1362419128, 16.8912849426, 41.9941558838], [-27.4032001495, -7.1735906601, 138.080230713, 73.3241119385, 71.9023895264, 158.549377441, 79.0587081909, 77.3217544556, 61.5819473267, 41.9780311584, 55.7424583435, 24.6107158661, 47.5302772522], [-288.731414795, 238.362548828, 57.6664505005, 88.3066177368, 134.981628418, 79.0587081909, 212.479293823, 58.4143486023, 130.408233643, 44.9741134644, 83.0124282837, 25.5706443787, 47.9384994507], [20.8820362091, -26.4443969727, 94.1788864136, 22.4819068909, 44.8539466858, 77.3217544556, 58.4143486023, 121.292808533, 53.0957107544, 53.8652648926, 47.3793411255, 37.2935752869, 26.273973465], [-229.476272583, 184.092071533, 55.3790740967, 84.479637146, 90.8349914551, 61.5819473267, 130.408233643, 53.0957107544, 160.039855957, 58.6705322266, 86.418548584, 15.4442481995, 71.7565765381], [16.2191295624, -17.6254482269, 70.9418869019, -9.04342651367, 32.7071762085, 41.9780311584, 44.9741134644, 53.8652648926, 58.6705322266, 112.328598022, 40.9215431213, 40.1221542358, 27.9733161926], [-186.498764038, 164.631027222, 27.5436496735, 46.344783783, 55.1362419128, 55.7424583435, 83.0124282837, 47.3793411255, 86.418548584, 40.9215431213, 120.89705658, 36.4204406738, 69.8818893433], [55.0624160767, -57.1560554504, 44.2144050598, -6.72058057785, 16.8912849426, 24.6107158661, 25.5706443787, 37.2935752869, 15.4442481995, 40.1221542358, 36.4204406738, 89.3103408813, 21.0792007446], [-161.819351196, 124.536392212, 21.0048179626, 38.0670852661, 41.9941558838, 47.5302772522, 47.9384994507, 26.273973465, 71.7565765381, 27.9733161926, 69.8818893433, 21.0792007446, 113.486480713]],
        "icov": [[0.00330220256001, 1.7532169295e-05, 0.000364910665667, -0.00327588524669, 0.00366799649782, -0.00143714528531, 0.00242873304524, -0.00221625738777, 0.00191424367949, -0.00311374501325, 0.0038720339071, -0.00357081484981, 0.00228851987049], [1.7532169295e-05, 0.00397443957627, -0.000545928371139, 0.00122467626352, -0.00281613878906, 0.00336495810188, -0.00307782157324, 0.00178999605123, -0.000140104413731, 0.00193015462719, -0.00526080280542, 0.004432042595, -0.00209863507189], [0.000364910665667, -0.000545928371139, 0.00578528875485, -0.00344044994563, -0.000717255694326, -0.00381141295657, 0.00250348541886, -0.00206968537532, 0.000627837085631, -0.00334752025083, 0.0030793773476, -0.00257767830044, 0.00149676518049], [-0.00327588524669, 0.00122467626352, -0.00344044994563, 0.0130998333916, -0.00728521682322, 0.00131116749253, -0.00291616888717, 0.0045855473727, -0.00632193125784, 0.0087822470814, -0.0068223234266, 0.00595579482615, -0.00252811820246], [0.00366799649782, -0.00281613878906, -0.000717255694326, -0.00728521682322, 0.017042517662, -0.00339733506553, -0.00111886439845, -0.00368129042909, 0.00328008434735, -0.0056293788366, 0.00853170640767, -0.0068333921954, 0.00266764592379], [-0.00143714528531, 0.00336495810188, -0.00381141295657, 0.00131116749253, -0.00339733506553, 0.0171944517642, -0.00681761000305, -0.0024309582077, 0.00173021294177, 0.00269243004732, -0.00786837562919, 0.00706016691402, -0.00620161928236], [0.00242873304524, -0.00307782157324, 0.00250348541886, -0.00291616888717, -0.00111886439845, -0.00681761000305, 0.0185553357005, -0.00341326394118, -0.00730514060706, -0.00250115734525, 0.00509691657498, -0.00810924358666, 0.00718012498692], [-0.00221625738777, 0.00178999605123, -0.00206968537532, 0.0045855473727, -0.00368129042909, -0.0024309582077, -0.00341326394118, 0.0176794081926, -0.00346981477924, 0.00094838248333, -0.00699931755662, 0.00202579260804, -0.000656524905935], [0.00191424367949, -0.000140104413731, 0.000627837085631, -0.00632193125784, 0.00328008434735, 0.00173021294177, -0.00730514060706, -0.00346981477924, 0.0232216548175, -0.00933975633234, -0.0018754057819, 0.00247595016845, -0.00484741013497], [-0.00311374501325, 0.00193015462719, -0.00334752025083, 0.0087822470814, -0.0056293788366, 0.00269243004732, -0.00250115734525, 0.00094838248333, -0.00933975633234, 0.0210644993931, -0.00691361771896, 0.00166074000299, -0.00242981826887], [0.0038720339071, -0.00526080280542, 0.0030793773476, -0.0068223234266, 0.00853170640767, -0.00786837562919, 0.00509691657498, -0.00699931755662, -0.0018754057819, -0.00691361771896, 0.0308647453785, -0.0147513700649, -0.000757349014748], [-0.00357081484981, 0.004432042595, -0.00257767830044, 0.00595579482615, -0.0068333921954, 0.00706016691402, -0.00810924358666, 0.00202579260804, 0.00247595016845, 0.00166074000299, -0.0147513700649, 0.0251602120697, -0.0065123969689], [0.00228851987049, -0.00209863507189, 0.00149676518049, -0.00252811820246, 0.00266764592379, -0.00620161928236, 0.00718012498692, -0.000656524905935, -0.00484741013497, -0.00242981826887, -0.000757349014748, -0.0065123969689, 0.0190178696066]]
    },
    "melbands": {
        "dmean": [0.00298172282055, 0.00192798883654, 0.00106263579801, 0.000316354591632, 8.54266763781e-05, 0.000142237986438, 0.00013833072444, 0.000115218019346, 9.70538094407e-05, 0.000165868259501, 7.48022648622e-05, 0.000110018452688, 6.62788006593e-05, 4.09268250223e-05, 5.22882728546e-05, 7.59818503866e-05, 4.64736222057e-05, 4.45094156021e-05, 4.70643353765e-05, 2.81171942333e-05, 2.81206594082e-05, 2.25730254897e-05, 2.05148589885e-05, 2.0143639631e-05, 1.47418777487e-05, 1.10778400995e-05, 1.37369024742e-05, 1.36711232699e-05, 8.97399422684e-06, 7.93811250333e-06, 8.11667632661e-06, 6.75963792673e-06, 6.48298691885e-06, 6.38882966086e-06, 5.4908864513e-06, 6.30273279967e-06, 6.05171226198e-06, 4.04448155678e-06, 4.0691970753e-06, 3.18556476486e-06],
        "dmean2": [0.00343387713656, 0.00251396000385, 0.00189612596296, 0.000540649751201, 0.000135645794217, 0.000235116909607, 0.00023134201183, 0.000189052385394, 0.000160803392646, 0.000261511857389, 0.000121408149425, 0.000179100650712, 0.000109007640276, 6.82863465045e-05, 8.60304135131e-05, 0.000127266452182, 7.61946794228e-05, 7.35411886126e-05, 7.74363870732e-05, 4.55582157883e-05, 4.55338667962e-05, 3.83293408959e-05, 3.38329627994e-05, 3.30580733134e-05, 2.44451821345e-05, 1.82310286618e-05, 2.25497096835e-05, 2.21614554903e-05, 1.4360068235e-05, 1.27768771563e-05, 1.2774778952e-05, 1.02557160062e-05, 9.70699056779e-06, 9.60465513344e-06, 8.177548807e-06, 9.52817481448e-06, 9.37795994105e-06, 6.08194977758e-06, 6.26250584901e-06, 4.77050571135e-06],
        "dvar": [1.31863234856e-05, 1.34844513013e-05, 8.59040392243e-06, 5.5113741837e-07, 2.16418207799e-08, 4.31561772984e-08, 3.77452096245e-08, 2.23474465599e-08, 1.74829821731e-08, 4.68639242968e-08, 8.33628011065e-09, 2.05729193681e-08, 7.57139062557e-09, 3.76277675684e-09, 6.95936686057e-09, 9.62940216453e-09, 4.64121185928e-09, 3.54773788125e-09, 3.60800145316e-09, 1.81338022376e-09, 1.32204402981e-09, 1.30578603486e-09, 6.26830531925e-10, 6.57830234729e-10, 4.28102997496e-10, 2.37096009492e-10, 3.04506531101e-10, 3.04725106259e-10, 1.26931756772e-10, 9.39348043794e-11, 1.24315960304e-10, 8.8835827583e-11, 8.06385028196e-11, 8.08595898572e-11, 5.64474023079e-11, 8.21943763052e-11, 8.21768694759e-11, 3.10476193366e-11, 3.59026003371e-11, 2.27321200058e-11],
        "dvar2": [1.42948056236e-05, 2.58837262663e-05, 2.3660439183e-05, 1.49636639435e-06, 5.81436268021e-08, 1.11437856276e-07, 1.04093217601e-07, 6.01614971174e-08, 4.39495480009e-08, 1.08378344521e-07, 2.26977689977e-08, 5.38679785222e-08, 1.92269880017e-08, 1.03551505148e-08, 1.62311302176e-08, 2.49981191303e-08, 1.12286286935e-08, 9.6311074671e-09, 9.61642321329e-09, 4.83246065386e-09, 3.18933612853e-09, 3.45388406764e-09, 1.6423045146e-09, 1.76872483326e-09, 1.10257269981e-09, 6.35223207368e-10, 8.00361055209e-10, 7.81892217638e-10, 3.05717895444e-10, 2.24383039926e-10, 2.93927132633e-10, 2.03419364686e-10, 1.78606268664e-10, 1.82824880235e-10, 1.27482149836e-10, 1.8653062428e-10, 1.89351243018e-10, 6.47552497735e-11, 8.19456169587e-11, 4.98777824598e-11],
        "max": [0.0378640294075, 0.0309301689267, 0.0178965460509, 0.00987124163657, 0.00224776961841, 0.0020909064915, 0.00179776106961, 0.0018156056758, 0.00168438442051, 0.00255534891039, 0.00153625139501, 0.00157598976512, 0.000887436210178, 0.000777649343945, 0.00182306021452, 0.00113058555871, 0.00124907610007, 0.000808963959571, 0.000744143559132, 0.000488790916279, 0.000415268907091, 0.000464877550257, 0.000260234839516, 0.000265842478257, 0.000136186077725, 0.000136125585414, 0.000195265878574, 0.000198028370505, 8.0759084085e-05, 7.81204798841e-05, 7.79858673923e-05, 7.4414187111e-05, 6.53453826089e-05, 7.17131915735e-05, 5.43873393326e-05, 6.20210703346e-05, 6.02907130087e-05, 4.02170117013e-05, 5.94674456806e-05, 5.34842329216e-05],
        "mean": [0.00956776551902, 0.00380192953162, 0.000933430856094, 0.000390498782508, 0.000160393887199, 0.000243190937908, 0.000229258570471, 0.000218975968892, 0.000179250477231, 0.000270504999207, 0.000133240071591, 0.000190570062841, 0.000104442297015, 6.21324870735e-05, 8.44524256536e-05, 0.000107278123323, 8.34770617075e-05, 8.19953493192e-05, 8.48326890264e-05, 4.62779134978e-05, 4.69771584903e-05, 3.26748559019e-05, 3.39491161867e-05, 3.5879220377e-05, 2.31342837651e-05, 1.71048068296e-05, 2.19120429392e-05, 2.28204462474e-05, 1.44655186887e-05, 1.14945851237e-05, 9.9753979157e-06, 9.16677981877e-06, 9.03021464183e-06, 8.85674126039e-06, 7.36667061574e-06, 7.83994710218e-06, 7.66414996178e-06, 5.68092491449e-06, 4.85350210511e-06, 4.1477301238e-06],
        "median": [0.00526693509892, 0.00158718042076, 0.000296188722132, 0.000206528362469, 0.000104082741018, 0.00015705988335, 0.000158276219736, 0.000159631439601, 0.000119626340165, 0.000167589867488, 9.79124961304e-05, 0.000131304506795, 6.48609566269e-05, 4.37462695118e-05, 5.04180097778e-05, 6.98969815858e-05, 5.48094139958e-05, 5.48604475625e-05, 5.51457414986e-05, 2.97953120025e-05, 3.30627699441e-05, 2.00352369575e-05, 2.46793988481e-05, 2.71304506896e-05, 1.48842855197e-05, 1.05487433757e-05, 1.53746987053e-05, 1.64439097716e-05, 9.27592736844e-06, 7.05840875526e-06, 4.791379979e-06, 4.1161797526e-06, 4.29162037108e-06, 4.63263268102e-06, 3.58198963113e-06, 3.29890417561e-06, 3.01773457068e-06, 2.28433896154e-06, 1.54161045884e-06, 1.5038890524e-06],
        "min": [5.66938034297e-08, 1.31324597419e-07, 8.14042596176e-06, 4.31550961366e-06, 2.46516924562e-06, 4.62455045636e-06, 2.87172633762e-06, 5.15525698574e-06, 2.70323903351e-06, 1.69122608895e-06, 4.68449297841e-06, 3.17153944707e-06, 2.17730075747e-06, 2.1383789317e-06, 2.59281659964e-06, 5.14463499712e-06, 3.47682475876e-06, 3.90552349927e-06, 1.99042028726e-06, 1.35237792165e-06, 1.39838698487e-06, 1.30888304284e-06, 1.0916063502e-06, 9.46430191107e-07, 5.30183740466e-07, 4.36388887692e-07, 7.46327714296e-07, 6.7989492436e-07, 1.9327232792e-07, 5.69877954604e-07, 2.84617755142e-07, 1.25165414033e-07, 2.66873598775e-07, 1.5257933228e-07, 9.18571103625e-08, 9.15130371482e-09, 1.46796463873e-10, 8.61948446645e-12, 7.88746151725e-11, 2.66908384283e-10],
