{
"highlevel": {
    "danceability": {
        "all": {
            "danceable": 0.494480013847,
            "not_danceable": 0.505519986153
        },
        "probability": 0.505519986153,
        "value": "not_danceable"
    },
    "gender": {
        "all": {
            "female": 0.0982937440276,
            "male": 0.901706278324
        },
        "probability": 0.901706278324,
        "value": "male"
    },
    "genre_dortmund": {
        "all": {
            "alternative": 0.0568104088306,
            "blues": 0.16325673461,
            "electronic": 0.00370542961173,
            "folkcountry": 0.602846324444,
            "funksoulrnb": 0.00486076856032,
            "jazz": 0.0301517490298,
            "pop": 0.0393022708595,
            "raphiphop": 0.00916715525091,
            "rock": 0.0898991450667
        },
        "probability": 0.602846324444,
        "value": "folkcountry"
    },
    "genre_electronic": {
        "all": {
            "ambient": 0.715670108795,
            "dnb": 0.0683114752173,
            "house": 0.144386529922,
            "techno": 0.0244739372283,
            "trance": 0.0471579656005
        },
        "probability": 0.715670108795,
        "value": "ambient"
    },
    "genre_rosamerica": {
        "all": {
            "cla": 0.05394564569,
            "dan": 0.0183946397156,
            "hip": 0.155074283481,
            "jaz": 0.291091412306,
            "pop": 0.0407801643014,
            "rhy": 0.323625385761,
            "roc": 0.0224163401872,
            "spe": 0.0946721360087
        },
        "probability": 0.323625385761,
        "value": "rhy"
    },
    "genre_tzanetakis": {
        "all": {
            "blu": 0.0528452396393,
            "cla": 0.0342252627015,
            "cou": 0.102681450546,
            "dis": 0.103530757129,
            "hip": 0.154049575329,
            "jaz": 0.308088600636,
            "met": 0.0440057143569,
            "pop": 0.0616088286042,
            "reg": 0.0619494467974,
            "roc": 0.0770151391625
        },
        "probability": 0.308088600636,
        "value": "jaz"
    },
    "ismir04_rhythm": {
        "all": {
            "ChaChaCha": 0.0745173916221,
            "Jive": 0.0133460266516,
            "Quickstep": 0.0472534075379,
            "Rumba-American": 0.0160921718925,
            "Rumba-International": 0.0733830481768,
            "Rumba-Misc": 0.0150916725397,
            "Samba": 0.037845376879,
            "Tango": 0.544794976711,
            "VienneseWaltz": 0.155558034778,
            "Waltz": 0.0221178717911
        },
        "probability": 0.544794976711,
        "value": "Tango"
    },
    "mood_acoustic": {
        "all": {
            "acoustic": 0.812442064285,
            "not_acoustic": 0.187557935715
        },
        "probability": 0.812442064285,
        "value": "acoustic"
    },
    "mood_aggressive": {
        "all": {
            "aggressive": 0.0858096256852,
            "not_aggressive": 0.914190351963
        },
        "probability": 0.914190351963,
        "value": "not_aggressive"
    },
    "mood_electronic": {
        "all": {
            "electronic": 0.109541766346,
            "not_electronic": 0.890458226204
        },
        "probability": 0.890458226204,
        "value": "not_electronic"
    },
    "mood_happy": {
        "all": {
            "happy": 0.643661558628,
            "not_happy": 0.356338441372
        },
        "probability": 0.643661558628,
        "value": "happy"
    },
    "mood_party": {
        "all": {
            "not_party": 0.750640034676,
            "party": 0.249359935522
        },
        "probability": 0.750640034676,
        "value": "not_party"
    },
    "mood_relaxed": {
        "all": {
            "not_relaxed": 0.0147577337921,
            "relaxed": 0.985242247581
        },
        "probability": 0.985242247581,
        "value": "relaxed"
    },
    "mood_sad": {
        "all": {
            "not_sad": 0.483666837215,
            "sad": 0.516333162785
        },
        "probability": 0.516333162785,
        "value": "sad"
    },
    "moods_mirex": {
        "all": {
            "Cluster1": 0.217914119363,
            "Cluster2": 0.29427087307,
            "Cluster3": 0.262731552124,
            "Cluster4": 0.193319156766,
            "Cluster5": 0.0317642949522
        },
        "probability": 0.29427087307,
        "value": "Cluster2"
    },
    "timbre": {
        "all": {
            "bright": 0.993847846985,
            "dark": 0.00615213997662
        },
        "probability": 0.993847846985,
        "value": "bright"
    },
    "tonal_atonal": {
        "all": {
            "atonal": 0.128024563193,
            "tonal": 0.871975421906
        },
        "probability": 0.871975421906,
        "value": "tonal"
    },
    "voice_instrumental": {
        "all": {
            "instrumental": 0.000147572136484,
            "voice": 0.9998524189
        },
        "probability": 0.9998524189,
        "value": "voice"
    }
},
"lowlevel": {
    "average_loudness": 0.94953930378,
    "barkbands_crest": {
        "dmean": 2.54568815231,
        "dmean2": 4.08427619934,
        "dvar": 5.57892990112,
        "dvar2": 12.7192049026,
        "max": 25.0764427185,
        "mean": 11.6826105118,
        "median": 11.0240888596,
        "min": 2.99337005615,
        "var": 19.9127044678
    },
    "barkbands_flatness_db": {
        "dmean": 0.0299726910889,
        "dmean2": 0.0476130731404,
        "dvar": 0.000927965331357,
        "dvar2": 0.00202114530839,
        "max": 0.517379045486,
        "mean": 0.208662748337,
        "median": 0.198882266879,
        "min": 0.0566696189344,
        "var": 0.0034869776573
    },
    "barkbands_kurtosis": {
        "dmean": 5.97979927063,
        "dmean2": 9.43898773193,
        "dvar": 162.562438965,
        "dvar2": 354.589019775,
        "max": 279.751312256,
        "mean": 10.5563793182,
        "median": 4.53391742706,
        "min": -1.9278087616,
        "var": 353.434265137
    },
    "barkbands_skewness": {
        "dmean": 0.704041242599,
        "dmean2": 1.0797137022,
        "dvar": 0.636481881142,
        "dvar2": 1.32391631603,
        "max": 12.8718938828,
        "mean": 2.22552776337,
        "median": 1.92981791496,
        "min": -1.61470639706,
        "var": 2.77129411697
    },
    "barkbands_spread": {
        "dmean": 5.40527820587,
        "dmean2": 8.43452072144,
        "dvar": 66.4358673096,
        "dvar2": 128.347717285,
        "max": 99.0613937378,
        "mean": 15.9634962082,
        "median": 12.014169693,
        "min": 0.28143671155,
        "var": 239.515014648
    },
    "dissonance": {
        "dmean": 0.0233090613037,
        "dmean2": 0.0373651981354,
        "dvar": 0.000456187204691,
        "dvar2": 0.00115245347843,
        "max": 0.499146878719,
        "mean": 0.445328354836,
        "median": 0.453012347221,
        "min": 0.305483877659,
        "var": 0.0012367288582
    },
    "dynamic_complexity": 3.19341826439,
    "erbbands_crest": {
        "dmean": 2.56591296196,
        "dmean2": 4.16113901138,
        "dvar": 5.60573577881,
        "dvar2": 13.8670721054,
        "max": 28.3328475952,
        "mean": 9.46064472198,
        "median": 8.62872982025,
        "min": 2.78524494171,
        "var": 14.9722194672
    },
    "erbbands_flatness_db": {
        "dmean": 0.020611025393,
        "dmean2": 0.031068501994,
        "dvar": 0.000361242244253,
        "dvar2": 0.000752208172344,
        "max": 0.330714017153,
        "mean": 0.189533933997,
        "median": 0.189022704959,
        "min": 0.0997245684266,
        "var": 0.0015179667389
    },
    "erbbands_kurtosis": {
        "dmean": 1.08984529972,
        "dmean2": 1.70700454712,
        "dvar": 2.79759335518,
        "dvar2": 6.59006690979,
        "max": 20.3955154419,
        "mean": 0.717196762562,
        "median": 0.0526192188263,
        "min": -1.71125781536,
        "var": 5.97745847702
    },
    "erbbands_skewness": {
        "dmean": 0.43201109767,
        "dmean2": 0.655014336109,
        "dvar": 0.204809114337,
        "dvar2": 0.421956181526,
        "max": 4.12404632568,
        "mean": 0.498543232679,
        "median": 0.60873824358,
        "min": -3.70248317719,
        "var": 0.914566099644
    },
    "erbbands_spread": {
        "dmean": 8.69643306732,
        "dmean2": 12.9948549271,
        "dvar": 93.0875091553,
        "dvar2": 215.523376465,
        "max": 132.287399292,
        "mean": 37.5878982544,
        "median": 35.0457229614,
        "min": 4.69557142258,
        "var": 284.45602417
    },
    "hfc": {
        "dmean": 5.14175748825,
        "dmean2": 7.1491651535,
        "dvar": 79.7523422241,
        "dvar2": 157.825073242,
        "max": 119.702766418,
        "mean": 13.5412302017,
        "median": 6.11057281494,
        "min": 0.239306345582,
        "var": 289.700714111
    },
    "melbands_crest": {
        "dmean": 3.43260884285,
        "dmean2": 5.71290779114,
        "dvar": 9.95709228516,
        "dvar2": 25.067035675,
        "max": 31.2271957397,
        "mean": 16.7385101318,
        "median": 15.9167728424,
        "min": 5.25837469101,
        "var": 33.0940742493
    },
    "melbands_flatness_db": {
        "dmean": 0.0361589118838,
        "dmean2": 0.0562399663031,
        "dvar": 0.00139205530286,
        "dvar2": 0.00298247137107,
        "max": 0.606680691242,
        "mean": 0.265617370605,
        "median": 0.25773742795,
        "min": 0.0741305649281,
        "var": 0.00630710413679
    },
    "melbands_kurtosis": {
        "dmean": 11.7757558823,
        "dmean2": 18.7262973785,
        "dvar": 365.550933838,
        "dvar2": 847.409851074,
        "max": 293.939147949,
        "mean": 22.9864635468,
        "median": 12.3679571152,
        "min": -1.61665081978,
        "var": 815.87487793
    },
    "melbands_skewness": {
        "dmean": 0.909479677677,
        "dmean2": 1.39862835407,
        "dvar": 0.956728160381,
        "dvar2": 2.10995173454,
        "max": 11.7995901108,
        "mean": 3.27450323105,
        "median": 2.91882705688,
        "min": -0.760022521019,
        "var": 3.82130599022
    },
    "melbands_spread": {
        "dmean": 6.35861158371,
        "dmean2": 9.90974140167,
        "dvar": 129.879943848,
        "dvar2": 275.411102295,
        "max": 236.612075806,
        "mean": 16.9248466492,
        "median": 11.5424365997,
        "min": 0.397402614355,
        "var": 393.03036499
    },
    "pitch_salience": {
        "dmean": 0.0783407241106,
        "dmean2": 0.127132326365,
        "dvar": 0.00486525334418,
        "dvar2": 0.0129574462771,
        "max": 0.775848805904,
        "mean": 0.479008048773,
        "median": 0.484383374453,
        "min": 0.0959317684174,
        "var": 0.0137368263677
    },
    "silence_rate_20dB": {
        "dmean": 0,
        "dmean2": 0,
        "dvar": 0,
        "dvar2": 0,
        "max": 1,
        "mean": 1,
        "median": 1,
        "min": 1,
        "var": 0
    },
    "silence_rate_30dB": {
        "dmean": 0,
        "dmean2": 0,
        "dvar": 0,
        "dvar2": 0,
        "max": 1,
        "mean": 1,
        "median": 1,
        "min": 1,
        "var": 0
    },
    "silence_rate_60dB": {
        "dmean": 0.022445820272,
        "dmean2": 0.0441518202424,
        "dvar": 0.021941864863,
        "dvar2": 0.0530471280217,
        "max": 1,
        "mean": 0.0177880898118,
        "median": 0,
        "min": 0,
        "var": 0.0174718163908
    },
    "spectral_centroid": {
        "dmean": 267.496032715,
        "dmean2": 409.45791626,
        "dvar": 120306.078125,
        "dvar2": 248260.046875,
        "max": 5079.88183594,
        "mean": 1042.32006836,
        "median": 861.398620605,
        "min": 131.844543457,
        "var": 515162.59375
    },
    "spectral_complexity": {
        "dmean": 2.89938092232,
        "dmean2": 4.36638259888,
        "dvar": 11.8427495956,
        "dvar2": 23.1290931702,
        "max": 42,
        "mean": 12.0610980988,
        "median": 10,
        "min": 2,
        "var": 43.6567230225
    },
    "spectral_decrease": {
        "dmean": 1.93868432419e-09,
        "dmean2": 2.89491430827e-09,
        "dvar": 5.40575765193e-18,
        "dvar2": 1.15416974091e-17,
        "max": -2.05319483637e-10,
        "mean": -5.23328047564e-09,
        "median": -4.23783363956e-09,
        "min": -2.33647607928e-08,
        "var": 1.41274838562e-17
    },
    "spectral_energy": {
        "dmean": 0.00763918133453,
        "dmean2": 0.0113621307537,
        "dvar": 8.34443781059e-05,
        "dvar2": 0.000174755361513,
        "max": 0.0934942439198,
        "mean": 0.0209798235446,
        "median": 0.0168926566839,
        "min": 0.000796627311502,
        "var": 0.00022883170459
    },
    "spectral_energyband_high": {
        "dmean": 0.000197517307242,
        "dmean2": 0.000292974582408,
        "dvar": 5.30452439307e-07,
        "dvar2": 9.73219698608e-07,
        "max": 0.0153299029917,
        "mean": 0.000346427492332,
        "median": 6.56335178064e-05,
        "min": 2.7247062917e-07,
        "var": 1.57665601819e-06
    },
    "spectral_energyband_low": {
        "dmean": 0.00479458784685,
        "dmean2": 0.00776214385405,
        "dvar": 4.76594250358e-05,
        "dvar2": 0.000117669682368,
        "max": 0.0702798441052,
        "mean": 0.00927823316306,
        "median": 0.00633069127798,
        "min": 6.87504652888e-05,
        "var": 8.57132909005e-05
    },
    "spectral_energyband_middle_high": {
        "dmean": 0.00152577296831,
        "dmean2": 0.00207978719845,
        "dvar": 9.57267911872e-06,
        "dvar2": 1.76354897121e-05,
        "max": 0.0474183037877,
        "mean": 0.00344208138995,
        "median": 0.000937638513278,
        "min": 2.42962851189e-05,
        "var": 3.30113143718e-05
    },
    "spectral_energyband_middle_low": {
        "dmean": 0.0036714929156,
        "dmean2": 0.00548412464559,
        "dvar": 2.80987896986e-05,
        "dvar2": 6.21670478722e-05,
        "max": 0.0702577903867,
        "mean": 0.00863589998335,
        "median": 0.005615927279,
        "min": 0.000422573997639,
        "var": 7.21667529433e-05
    },
    "spectral_entropy": {
        "dmean": 0.259586215019,
        "dmean2": 0.385638177395,
        "dvar": 0.0625600516796,
        "dvar2": 0.133797779679,
        "max": 8.73753929138,
        "mean": 7.06373405457,
        "median": 7.06800031662,
        "min": 4.88844060898,
        "var": 0.241123229265
    },
    "spectral_flux": {
        "dmean": 0.0255624391139,
        "dmean2": 0.0408047698438,
        "dvar": 0.000648033164907,
        "dvar2": 0.00157812051475,
        "max": 0.237339630723,
        "mean": 0.0725898891687,
        "median": 0.0653548240662,
        "min": 0.0122915366665,
        "var": 0.00173978868406
    },
    "spectral_kurtosis": {
        "dmean": 3.25593233109,
        "dmean2": 5.38516902924,
        "dvar": 13.6397199631,
        "dvar2": 32.413433075,
        "max": 74.8475875854,
        "mean": 6.35582447052,
        "median": 5.05497360229,
        "min": -1.07555437088,
        "var": 38.1745681763
    },
    "spectral_rms": {
        "dmean": 0.000810544355772,
        "dmean2": 0.00117670348845,
        "dvar": 6.88170189278e-07,
        "dvar2": 1.3267531358e-06,
        "max": 0.00955059658736,
        "mean": 0.00424345722422,
        "median": 0.00405963556841,
        "min": 0.000881587970071,
        "var": 2.46117406277e-06
    },
    "spectral_rolloff": {
        "dmean": 395.996795654,
        "dmean2": 672.400634766,
        "dvar": 740416.625,
        "dvar2": 1523404.125,
        "max": 9474.609375,
        "mean": 1049.88220215,
        "median": 559.86328125,
        "min": 86.1328125,
        "var": 2000522.25
    },
    "spectral_skewness": {
        "dmean": 0.395083248615,
        "dmean2": 0.62629121542,
        "dvar": 0.132956027985,
        "dvar2": 0.308115392923,
        "max": 6.954433918,
        "mean": 1.66132807732,
        "median": 1.58830535412,
        "min": -0.204915836453,
        "var": 0.541898787022
    },
    "spectral_spread": {
        "dmean": 525982.9375,
        "dmean2": 810548.3125,
        "dvar": 377845448704,
        "dvar2": 713708339200,
        "max": 10538780,
        "mean": 3489685.5,
        "median": 3244163.25,
        "min": 1292759.625,
        "var": 1.39833350554e+12
    },
    "spectral_strongpeak": {
        "dmean": 0.424765914679,
        "dmean2": 0.688834011555,
        "dvar": 0.542320787907,
        "dvar2": 1.36929488182,
        "max": 11.3716068268,
        "mean": 0.840358674526,
        "median": 0.437433928251,
        "min": 0.0245589278638,
        "var": 1.0611474514
    },
    "zerocrossingrate": {
        "dmean": 0.00817190855742,
        "dmean2": 0.00929852388799,
        "dvar": 0.000151711457875,
        "dvar2": 0.000134773392347,
        "max": 0.2978515625,
        "mean": 0.0382267944515,
        "median": 0.03125,
        "min": 0.0048828125,
        "var": 0.00114123057574
    },
    "barkbands": {
        "dmean": [1.06432016764e-05, 0.00195308995899, 0.00301023432985, 0.000655226467643, 0.000971219036728, 0.000513728824444, 0.00107706990093, 0.00123879371677, 0.000848900701385, 0.00022972667648, 0.000231265512411, 0.00024024436425, 0.000264122063527, 0.000195645116037, 0.000307956361212, 0.000188890102436, 0.000244675058639, 0.000186219374882, 0.000211608276004, 0.000126588332932, 2.68023886747e-05, 4.27920422226e-05, 6.36342010694e-05, 4.62056923425e-05, 1.29497120724e-05, 1.41505279316e-06, 3.92700538754e-09],
        "dmean2": [1.86242141353e-05, 0.0032678511925, 0.00481677986681, 0.00106571801007, 0.001552786096, 0.000811332254671, 0.00168998423032, 0.00184722896665, 0.00116861739662, 0.000330838869559, 0.000326570589095, 0.000340525526553, 0.000389058113797, 0.000316452176776, 0.000478618312627, 0.00028795513208, 0.000350367714418, 0.000291624717647, 0.000314921635436, 0.000193485015188, 4.24826284871e-05, 6.85707782395e-05, 9.91528795566e-05, 6.48438945063e-05, 1.49567140397e-05, 2.27351324611e-06, 6.30613339325e-09],
        "dvar": [3.50943385463e-09, 9.246990885e-06, 2.39665932895e-05, 1.79236576514e-06, 2.26207612286e-06, 1.54635245053e-06, 6.90518891133e-06, 9.63257662079e-06, 6.56328666082e-06, 9.18617558909e-07, 7.32885609978e-07, 1.1259647863e-06, 1.50754124206e-06, 3.60500337138e-07, 1.00523880064e-06, 3.06691191554e-07, 3.78496935127e-07, 1.97836257598e-07, 3.32216700372e-07, 9.21712981494e-08, 4.63092941771e-09, 4.32173870024e-08, 1.0832105346e-07, 5.01634644934e-08, 4.16362189171e-09, 4.07479640308e-11, 1.81976706619e-15],
        "dvar2": [1.02335162566e-08, 2.36394407693e-05, 5.94179764448e-05, 4.47335924036e-06, 5.67592678635e-06, 3.91793264498e-06, 1.52610082296e-05, 2.04049265449e-05, 1.29327245304e-05, 2.08763412957e-06, 1.20960748973e-06, 2.0151883291e-06, 2.90698767458e-06, 9.29443444875e-07, 2.01194825422e-06, 7.42215718219e-07, 7.27186431959e-07, 4.78700826534e-07, 7.57802411044e-07, 2.16485901205e-07, 1.11276596826e-08, 1.14716513622e-07, 2.1331980804e-07, 1.02205888197e-07, 4.49135972858e-09, 7.85835632677e-11, 2.24361176508e-15],
        "max": [0.00146639929153, 0.0294254478067, 0.0616579055786, 0.024718683213, 0.0223825480789, 0.0256630387157, 0.034315764904, 0.0433448441327, 0.04926366359, 0.0238257683814, 0.0243229158223, 0.022695787251, 0.0369322001934, 0.00946950539947, 0.0228962823749, 0.00803616736084, 0.00938036013395, 0.00721482653171, 0.00750611256808, 0.0053992937319, 0.0010701600695, 0.00522729754448, 0.00646460289136, 0.00564373377711, 0.00173253915273, 0.000170284954947, 1.43298223065e-06],
        "mean": [1.07472542368e-05, 0.00294887274504, 0.00565058365464, 0.00108681072015, 0.00173089874443, 0.00080317776883, 0.00168298312929, 0.00182958308142, 0.00142036855686, 0.000341702747392, 0.000398848787881, 0.000320207909681, 0.00032748200465, 0.000270555668976, 0.000372838461772, 0.000256421393715, 0.000374310213374, 0.000304620451061, 0.000372378824977, 0.00018301171076, 3.75243180315e-05, 6.16992983851e-05, 0.000102215315565, 7.1416645369e-05, 1.90246119018e-05, 1.55173017902e-06, 3.19781179314e-09],
        "median": [3.86904503102e-06, 0.00144695490599, 0.00297409971245, 0.000543285859749, 0.00107936619315, 0.000443843222456, 0.000304565066472, 0.000164892175235, 0.000200454087462, 4.40182739112e-05, 0.000109659551526, 4.86434400955e-05, 5.89486589888e-05, 2.57238116319e-05, 3.51162125298e-05, 2.45313294727e-05, 3.23948261212e-05, 4.5046035666e-05, 4.85233686049e-05, 4.34455578215e-05, 1.24677826534e-05, 1.07464884422e-05, 6.25711118118e-06, 5.68205359741e-06, 1.73289481609e-06, 1.76709079369e-07, 3.47459089278e-10],
        "min": [4.84418949398e-09, 3.02039643429e-06, 2.65841990768e-05, 2.90033517558e-06, 4.52378226328e-05, 1.31048091134e-05, 3.49380638909e-06, 1.40217673561e-06, 3.93283471567e-06, 2.181951686e-07, 4.60622800347e-07, 8.73490648701e-07, 5.62945785987e-07, 2.72852560101e-07, 2.87134753307e-07, 2.35886744804e-07, 1.41127245001e-07, 2.18842657773e-07, 3.59991560117e-07, 6.45047251169e-08, 1.2169027741e-07, 4.92217182568e-08, 1.44434855187e-08, 1.21354206684e-08, 1.57879792573e-10, 7.07770344069e-12, 7.48948646156e-12],
        "var": [2.00359817626e-09, 1.69675076904e-05, 4.86064745928e-05, 3.75370473193e-06, 4.09235781262e-06, 1.75672425939e-06, 1.41812897709e-05, 2.10274047276e-05, 1.4580552488e-05, 1.23201152746e-06, 1.55831207849e-06, 2.00633348868e-06, 2.07745665648e-06, 6.52041592275e-07, 1.51706592533e-06, 5.09760866407e-07, 8.46514069508e-07, 4.6793815045e-07, 7.18966077784e-07, 1.38611525813e-07, 7.95998822412e-09, 5.88418238578e-08, 2.75381466963e-07, 1.27932565874e-07, 1.2856182785e-08, 7.41868788623e-11, 1.7336377915e-15]
    },
    "erbbands": {
        "dmean": [0.0202850457281, 0.587907791138, 3.2702922821, 2.57834649086, 2.9940226078, 3.41001009941, 2.89351582527, 4.55730295181, 12.3374633789, 18.5557289124, 30.055519104, 17.9752216339, 7.73096847534, 8.38830089569, 7.51332473755, 9.36087417603, 10.3630495071, 9.59338283539, 10.914598465, 14.4698457718, 10.6172361374, 12.431684494, 11.5254707336, 7.66759061813, 11.4779872894, 5.79882192612, 1.38934159279, 1.15698063374, 1.3585293293, 2.01926732063, 1.76964354515, 1.16644906998, 0.640859186649, 0.208278000355, 0.0657292678952, 0.0128197334707, 0.00152955786325, 9.70650435193e-05, 6.72910346111e-06, 9.05815159058e-06],
        "dmean2": [0.03242681548, 0.986164927483, 5.36556863785, 3.9928894043, 4.81953430176, 5.49666595459, 4.49023723602, 7.25993347168, 18.882226944, 28.1006813049, 45.0605964661, 24.7263202667, 10.8019866943, 12.1594085693, 10.663277626, 12.7730913162, 15.3952636719, 14.9265184402, 17.709487915, 21.7445049286, 15.71600914, 17.5530281067, 17.4609050751, 11.2374229431, 16.9761695862, 9.07635974884, 2.18643403053, 1.82652342319, 2.08998560905, 3.27955794334, 2.57421565056, 1.6406263113, 0.915797889233, 0.247476428747, 0.086406134069, 0.0189983900636, 0.0025505265221, 0.000166398720467, 9.484655493e-06, 1.32793411467e-05],
        "dvar": [0.00120831921231, 0.790862083435, 26.7088718414, 20.2633171082, 28.9195384979, 23.0868530273, 23.5384941101, 189.627304077, 808.296447754, 2485.79614258, 5354.61279297, 2727.8671875, 576.665100098, 1228.61169434, 1058.50561523, 1395.0982666, 3086.66503906, 840.040161133, 1013.02923584, 3106.06616211, 924.940185547, 1010.3782959, 713.164611816, 379.506591797, 1052.56384277, 238.263565063, 9.93124198914, 10.494137764, 24.5816478729, 137.899261475, 84.1451644897, 33.1382865906, 10.6970758438, 1.13658189774, 0.131656214595, 0.00418366864324, 3.14105855068e-05, 1.48046652271e-07, 2.10174641579e-10, 1.12331657864e-10],
        "dvar2": [0.00288807181641, 2.01745796204, 68.1341629028, 47.4000015259, 73.8598556519, 59.1013641357, 54.8414611816, 501.603607178, 1780.74975586, 5380.56835938, 12075.5966797, 5184.69238281, 1076.37524414, 3061.70849609, 2066.35375977, 2244.35253906, 6249.66845703, 2074.27929688, 2583.87207031, 5961.38330078, 2183.91699219, 1844.24975586, 1621.64367676, 858.802856445, 2500.51708984, 592.033569336, 25.7961883545, 24.9756336212, 58.4410629272, 343.718811035, 148.753967285, 62.4010353088, 22.7241458893, 1.1959220171, 0.20231756568, 0.0073934388347, 8.12409562059e-05, 4.09628398756e-07, 3.85719983731e-10, 2.30211974483e-10],
        "max": [0.496419698, 8.36324977875, 59.5968971252, 61.4327430725, 72.0621414185, 75.2766799927, 79.5403518677, 312.207733154, 405.501861572, 656.744812012, 1037.07141113, 959.073120117, 325.078186035, 863.572387695, 851.464416504, 954.994750977, 1808.52490234, 544.607299805, 483.632598877, 1300.17785645, 435.209899902, 661.688903809, 408.783172607, 304.923431396, 506.432037354, 294.927520752, 46.4128990173, 55.1395187378, 83.7427825928, 310.929473877, 178.879928589, 120.582504272, 76.901550293, 30.475736618, 8.95634269714, 1.67565703392, 0.111003957689, 0.00886443257332, 0.000317140744301, 0.000109279841126],
        "mean": [0.0384416021407, 0.906311810017, 5.71183347702, 5.33331203461, 5.07946062088, 5.57016324997, 5.28155422211, 6.93473291397, 18.5341434479, 29.9001922607, 47.3926544189, 30.9094104767, 11.9852190018, 15.2820234299, 13.2231063843, 13.9347887039, 14.3971881866, 15.1981601715, 15.3279275894, 18.0178852081, 15.3983850479, 21.0460796356, 20.2133026123, 14.5342063904, 19.693107605, 8.60005092621, 2.06126523018, 1.6464868784, 1.98139417171, 2.78204989433, 2.96228194237, 1.82650303841, 0.976858496666, 0.321376979351, 0.0911153554916, 0.0154113294557, 0.00155726110097, 9.41908656387e-05, 1.58342591021e-05, 2.53592934314e-05],
        "median": [0.0175951980054, 0.486113995314, 3.14100527763, 3.30935263634, 2.84725165367, 3.45448446274, 3.26466846466, 3.35501861572, 4.21362686157, 4.86076259613, 6.59083557129, 4.56594181061, 1.87328135967, 4.18565273285, 3.03846979141, 2.3523247242, 2.68759965897, 1.89681339264, 1.69579744339, 1.97389423847, 1.4892513752, 2.00864982605, 2.7311258316, 2.29678320885, 2.7484588623, 1.92654180527, 0.79659473896, 0.503248512745, 0.370429486036, 0.27734670043, 0.16573639214, 0.138863533735, 0.0760315582156, 0.0258124917746, 0.00935178995132, 0.00175238784868, 0.00021310824377, 1.39895428219e-05, 1.0410424693e-05, 2.05737196666e-05],
        "min": [0.000208885554457, 0.00403469055891, 0.0220140051097, 0.0619003809988, 0.0518571846187, 0.171402052045, 0.120460495353, 0.11369664222, 0.105001039803, 0.0967023745179, 0.0923289507627, 0.0996333435178, 0.0434162914753, 0.0761198252439, 0.0505163148046, 0.0559186637402, 0.0310661792755, 0.0171237103641, 0.026091620326, 0.0152676394209, 0.00991117395461, 0.00857603922486, 0.0109917186201, 0.024757552892, 0.012004012242, 0.00399972777814, 0.00523270014673, 0.00342714856379, 0.00249201036058, 0.000771263381466, 0.000428926548921, 0.000389757682569, 0.000139784126077, 2.09317659028e-05, 9.75526472757e-06, 3.90700051867e-06, 1.09557981887e-06, 1.66240397448e-07, 4.61159771703e-07, 8.92149216725e-07],
        "var": [0.00299302488565, 1.37685716152, 46.9354820251, 39.4073982239, 47.7211952209, 38.9338493347, 52.0528640747, 183.151107788, 1468.69494629, 5244.49169922, 10635.3955078, 6398.56103516, 1109.58093262, 1656.69995117, 2155.61328125, 3092.92944336, 4484.69238281, 1883.01916504, 1531.27197266, 4509.74462891, 1782.38208008, 2635.89550781, 1876.06860352, 986.155456543, 1945.0871582, 311.435668945, 15.3534126282, 17.336812973, 43.600112915, 205.26461792, 235.350158691, 86.9918212891, 25.2488937378, 3.64726424217, 0.312658429146, 0.00839888397604, 3.40446349583e-05, 1.25950364804e-07, 5.06014119495e-10, 3.48381629101e-10]
    },
    "gfcc": {
        "mean": [-59.0835380554, 136.409133911, -120.353645325, 49.511932373, -59.4086532593, 7.80686330795, -31.1856803894, 7.23967599869, -16.8883552551, -9.28307437897, -5.81640720367, -16.7841091156, -9.62453079224],
        "cov": [[3548.9597168, -1253.92602539, -1014.28063965, -31.9850215912, -224.229095459, -72.4411087036, -343.915527344, 587.744262695, 11.0403432846, 75.5283889771, -19.9028396606, -4.27731132507, -231.947265625], [-1253.92602539, 1129.91540527, 108.517936707, -212.230957031, 263.914489746, -161.28175354, 266.910095215, -201.928222656, 99.9166107178, -96.1515579224, 122.859771729, -92.2289276123, 61.7377357483], [-1014.28063965, 108.517936707, 886.076171875, 190.522735596, -2.13824272156, 210.127227783, 87.2498168945, -206.316680908, -53.3262252808, 40.2377128601, -64.4149246216, 62.4784355164, 60.9656066895], [-31.9850215912, -212.230957031, 190.522735596, 357.996337891, 21.0664253235, 28.9838466644, -79.0025482178, -23.3250465393, 30.8759002686, 8.40240287781, -6.67607736588, 14.4860830307, 78.5980758667], [-224.229095459, 263.914489746, -2.13824272156, 21.0664253235, 339.817993164, -90.4438781738, -20.1252231598, -1.9595426321, 54.1545066833, 21.7911281586, -21.586315155, -9.85519695282, 30.231967926], [-72.4411087036, -161.28175354, 210.127227783, 28.9838466644, -90.4438781738, 312.418884277, 86.9931564331, -73.111076355, -47.2279319763, 19.5494251251, -34.5975456238, 1.40742528439, -1.83954334259], [-343.915527344, 266.910095215, 87.2498168945, -79.0025482178, -20.1252231598, 86.9931564331, 264.254089355, -74.5955047607, -4.45016241074, -46.0162963867, 43.8762588501, -27.1706600189, -23.6757125854], [587.744262695, -201.928222656, -206.316680908, -23.3250465393, -1.9595426321, -73.111076355, -74.5955047607, 225.270675659, 28.0907993317, 22.4064292908, 11.0244340897, -2.31307888031, -28.370262146], [11.0403432846, 99.9166107178, -53.3262252808, 30.8759002686, 54.1545066833, -47.2279319763, -4.45016241074, 28.0907993317, 147.041259766, 14.7313604355, 22.4738922119, -37.3187484741, 12.1292705536], [75.5283889771, -96.1515579224, 40.2377128601, 8.40240287781, 21.7911281586, 19.5494251251, -46.0162963867, 22.4064292908, 14.7313604355, 122.518440247, -36.9472961426, 25.7984962463, -5.33064365387], [-19.9028396606, 122.859771729, -64.4149246216, -6.67607736588, -21.586315155, -34.5975456238, 43.8762588501, 11.0244340897, 22.4738922119, -36.9472961426, 124.818283081, -10.8838539124, 6.11198377609], [-4.27731132507, -92.2289276123, 62.4784355164, 14.4860830307, -9.85519695282, 1.40742528439, -27.1706600189, -2.31307888031, -37.3187484741, 25.7984962463, -10.8838539124, 120.807823181, 18.7453899384], [-231.947265625, 61.7377357483, 60.9656066895, 78.5980758667, 30.231967926, -1.83954334259, -23.6757125854, -28.370262146, 12.1292705536, -5.33064365387, 6.11198377609, 18.7453899384, 114.17931366]],
        "icov": [[0.00108435458969, 0.000731167383492, 0.0008418984944, -0.000183676558663, -1.98352336156e-05, -0.000333712203428, 0.000237462445511, -0.00126514874864, -0.00017802954244, 4.4847249228e-05, -0.000211921098526, -6.48391651339e-05, 0.00126210798044], [0.000731167383492, 0.00808480847627, -0.00168095971458, 0.00592283345759, -0.00454850262031, 0.00471264496446, -0.00451689818874, 0.00437124818563, -0.00315148336813, 0.00139780167956, -0.00511624896899, 0.00398237723857, -0.00461590196937], [0.0008418984944, -0.00168095971458, 0.00334742898121, -0.00296587427147, 0.00122587732039, -0.00235680490732, 0.000843659625389, -0.00125822902191, 0.00108018168248, -0.00105335807893, 0.00193299551029, -0.00198036665097, 0.00243093003519], [-0.000183676558663, 0.00592283345759, -0.00296587427147, 0.00908903684467, -0.00364590063691, 0.00345088751055, -0.00201226747595, 0.00413113739341, -0.00349294347689, 0.00177479919512, -0.00446756277233, 0.00339346984401, -0.00648259511217], [-1.98352336156e-05, -0.00454850262031, 0.00122587732039, -0.00364590063691, 0.00633776048198, -0.00162641168572, 0.00235097203404, -0.00286521646194, 0.000880316074472, -0.00151181698311, 0.00408574705943, -0.00205414392985, 0.00230001611635], [-0.000333712203428, 0.00471264496446, -0.00235680490732, 0.00345088751055, -0.00162641168572, 0.00834879651666, -0.00491965608671, 0.00412086490542, -0.000847704301123, -0.000567644601688, -0.00183271535207, 0.00347691657953, -0.00418340228498], [0.000237462445511, -0.00451689818874, 0.000843659625389, -0.00201226747595, 0.00235097203404, -0.00491965608671, 0.0092690680176, -0.00228975922801, 0.000964447157457, 0.00110811425839, 0.000548136013094, -0.0019720911514, 0.00475445669144], [-0.00126514874864, 0.00437124818563, -0.00125822902191, 0.00413113739341, -0.00286521646194, 0.00412086490542, -0.00228975922801, 0.0115624545142, -0.00258343387395, -0.000261773762759, -0.00371989910491, 0.00238673342392, -0.00381289934739], [-0.00017802954244, -0.00315148336813, 0.00108018168248, -0.00349294347689, 0.000880316074472, -0.000847704301123, 0.000964447157457, -0.00258343387395, 0.0105335889384, -0.0030451877974, 0.000537506479304, 0.00150315091014, 0.000944697763771], [4.4847249228e-05, 0.00139780167956, -0.00105335807893, 0.00177479919512, -0.00151181698311, -0.000567644601688, 0.00110811425839, -0.000261773762759, -0.0030451877974, 0.0113805988804, 0.00114278122783, -0.00178944086656, 0.000319310318446], [-0.000211921098526, -0.00511624896899, 0.00193299551029, -0.00446756277233, 0.00408574705943, -0.00183271535207, 0.000548136013094, -0.00371989910491, 0.000537506479304, 0.00114278122783, 0.0139663033187, -0.00313499127515, 0.00222050002776], [-6.48391651339e-05, 0.00398237723857, -0.00198036665097, 0.00339346984401, -0.00205414392985, 0.00347691657953, -0.0019720911514, 0.00238673342392, 0.00150315091014, -0.00178944086656, -0.00313499127515, 0.0126564102247, -0.00493284780532], [0.00126210798044, -0.00461590196937, 0.00243093003519, -0.00648259511217, 0.00230001611635, -0.00418340228498, 0.00475445669144, -0.00381289934739, 0.000944697763771, 0.000319310318446, 0.00222050002776, -0.00493284780532, 0.0169499795884]]
    },
    "melbands": {
        "dmean": [0.000355645548552, 0.00137738708872, 0.000444086850621, 0.000248388940236, 9.94049987639e-05, 0.000104850587377, 0.000195644795895, 0.0002118616394, 0.000248072145041, 0.000102192541817, 4.00660719606e-05, 3.50196241925e-05, 2.9129878385e-05, 2.27623404498e-05, 2.73967361863e-05, 2.28516855714e-05, 1.87447694771e-05, 1.72054369614e-05, 2.33766950259e-05, 1.5076060663e-05, 1.1921020814e-05, 1.20747008623e-05, 1.52926222654e-05, 8.61715216161e-06, 6.27091549177e-06, 9.31238173507e-06, 7.05275397195e-06, 3.26330791722e-06, 9.49281456997e-07, 5.9137801145e-07, 7.59531246786e-07, 7.70177791765e-07, 9.42578708418e-07, 1.29928969272e-06, 1.17712249903e-06, 8.47193405207e-07, 6.7913492785e-07, 5.10164852585e-07, 2.86532895188e-07, 1.53874140096e-07],
        "dmean2": [0.000586901151109, 0.0022685311269, 0.000687562685926, 0.00040084272041, 0.000152989581693, 0.000164931218023, 0.000304460147163, 0.000318091799272, 0.000377923977794, 0.00013930501882, 5.69073781662e-05, 5.0385868235e-05, 4.17625815317e-05, 3.1658601074e-05, 3.76349962607e-05, 3.48414832843e-05, 2.92674267257e-05, 2.82143446384e-05, 3.53279065166e-05, 2.2600430384e-05, 1.78467653313e-05, 1.75211607711e-05, 2.23484039452e-05, 1.3403478988e-05, 9.35015395953e-06, 1.37437036756e-05, 1.07854366433e-05, 5.15015381097e-06, 1.54155202381e-06, 9.25942686081e-07, 1.21871369174e-06, 1.21294669952e-06, 1.55483962772e-06, 2.12305667446e-06, 1.70170562797e-06, 1.18959314932e-06, 9.7712711522e-07, 7.55261737595e-07, 4.04560381639e-07, 1.8528133694e-07],
        "dvar": [3.23285973991e-07, 4.28953353548e-06, 5.53608117571e-07, 1.50897790263e-07, 2.40244126815e-08, 8.07560311955e-08, 2.1157586616e-07, 3.08635520696e-07, 3.95896563532e-07, 9.15568705295e-08, 1.68129083988e-08, 2.33833130636e-08, 1.82392643211e-08, 6.72293776205e-09, 2.29541452512e-08, 8.19009660091e-09, 3.51510931473e-09, 2.75500466884e-09, 5.76302605637e-09, 2.37288522165e-09, 1.11562148408e-09, 9.38399358219e-10, 1.34155542231e-09, 4.45810582894e-10, 2.73937400541e-10, 6.74656996935e-10, 3.98023919379e-10, 7.6611411659e-11, 5.1867590084e-12, 1.93285773671e-12, 5.23630921609e-12, 6.39708164912e-12, 2.54225616253e-11, 5.35400716817e-11, 3.72987023212e-11, 1.77305132382e-11, 1.20680045818e-11, 6.4839088959e-12, 2.47979132888e-12, 6.41947703762e-13],
        "dvar2": [8.14215695755e-07, 1.07996447696e-05, 1.32622596993e-06, 3.86313843137e-07, 5.74164360501e-08, 2.09748989732e-07, 4.67685737249e-07, 6.61352032694e-07, 9.10691028366e-07, 1.66441751048e-07, 3.17428110463e-08, 5.87885722325e-08, 3.37790773131e-08, 9.31620025568e-09, 4.02266913113e-08, 1.79099437503e-08, 8.96785135041e-09, 7.3297776737e-09, 1.08173168201e-08, 5.04069186391e-09, 2.60966870336e-09, 1.76885606162e-09, 2.74371236841e-09, 1.06753839102e-09, 6.493649507e-10, 1.5122932906e-09, 9.75773462031e-10, 1.9279246255e-10, 1.3764302198e-11, 4.60000830829e-12, 1.273369344e-11, 1.49823087964e-11, 6.80036096878e-11, 1.29429938989e-10, 7.10617814592e-11, 2.99213605282e-11, 2.49377914152e-11, 1.46268518131e-11, 3.92029724655e-12, 7.19469351717e-13],
        "max": [0.00680409185588, 0.0216885656118, 0.00898140668869, 0.0056263608858, 0.00257735583, 0.0061715808697, 0.00622788630426, 0.00853087473661, 0.00951667688787, 0.00518415123224, 0.00164551753551, 0.00381472543813, 0.00384085229598, 0.00266685150564, 0.00390423485078, 0.00229054037482, 0.00100634025875, 0.000839450978674, 0.0016868552193, 0.000834405480418, 0.000476262561278, 0.000685820239596, 0.000615611090325, 0.000309834082145, 0.000263172405539, 0.000356709322659, 0.000404476566473, 0.000143029552419, 2.81728280243e-05, 2.2464661015e-05, 3.90162022086e-05, 4.27640588896e-05, 0.000127464387333, 0.000184249322047, 0.000112040695967, 7.82575370977e-05, 8.12874131952e-05, 5.80543455726e-05, 3.76496936951e-05, 2.34927883866e-05],
        "mean": [0.000585621513892, 0.00241723936051, 0.000942824815866, 0.000414008274674, 0.000186040910194, 0.000164146069437, 0.000304251909256, 0.000337117904564, 0.00039775687037, 0.000174765547854, 5.61290034966e-05, 6.0601028963e-05, 4.90639868076e-05, 3.30570910592e-05, 3.88225707866e-05, 3.15214820148e-05, 2.70391046797e-05, 2.2691237973e-05, 2.86275499093e-05, 1.89382844837e-05, 1.72888194356e-05, 1.93558353203e-05, 2.41221187025e-05, 1.41381360663e-05, 1.08926124085e-05, 1.56843652803e-05, 1.10530554593e-05, 4.3972813728e-06, 1.27124496885e-06, 8.42493193431e-07, 9.99518988465e-07, 1.08839913082e-06, 1.22742153508e-06, 1.69462657595e-06, 1.84982411611e-06, 1.35706341098e-06, 1.01081934645e-06, 7.4364527336e-07, 4.30529780715e-07, 2.1807230155e-07],
        "median": [0.000280319276499, 0.00144821952563, 0.000625341141131, 0.000251322198892, 0.000122309094877, 7.5940588431e-05, 6.41242295387e-05, 4.47070997325e-05, 5.40780893061e-05, 2.37458934862e-05, 7.56155577619e-06, 1.58609436767e-05, 1.22992951219e-05, 5.65747404835e-06, 4.37330436398e-06, 6.35321930531e-06, 2.74779290521e-06, 2.38626671489e-06, 2.4490591386e-06, 2.21721211346e-06, 1.52872928538e-06, 1.84815382909e-06, 2.19338380703e-06, 2.12904888031e-06, 1.58635828029e-06, 1.84582052043e-06, 1.84714417628e-06, 9.6944836514e-07, 4.11059573935e-07, 2.75827261476e-07, 2.75661108162e-07, 2.15395843384e-07, 1.57967932068e-07, 1.34154703346e-07, 8.71761116628e-08, 7.65865451058e-08, 8.03259183613e-08, 5.8546334003e-08, 2.87623684869e-08, 1.60877267064e-08],
        "min": [4.67926042802e-07, 1.07423038571e-05, 1.55897923833e-05, 7.88635861682e-06, 2.34230424212e-06, 2.05037281376e-06, 6.80201537762e-07, 8.55117491483e-07, 7.5342376249e-07, 4.92583978939e-07, 1.61953167321e-07, 1.49330546151e-07, 5.75060212782e-08, 8.83944792918e-08, 1.03073389823e-07, 3.78481779251e-08, 3.12826209381e-08, 2.93750623825e-08, 2.16971560718e-08, 1.78687713515e-08, 9.37184552185e-09, 8.21061707512e-09, 7.90931764527e-09, 1.21879972781e-08, 2.03088621475e-08, 1.05270281381e-08, 2.82291368059e-09, 2.14043716085e-09, 2.539994437e-09, 4.09599687501e-09, 1.19925602782e-09, 1.54564228083e-09, 5.50346823669e-10, 3.17626508428e-10, 2.23147569867e-10, 1.87530185825e-10, 9.45392306106e-11, 9.11419117261e-12, 5.80005921763e-12, 1.62623506241e-12],
