{
"highlevel": {
    "danceability": {
        "all": {
            "danceable": 0.0667488798499,
            "not_danceable": 0.933251142502
        },
        "probability": 0.933251142502,
        "value": "not_danceable"
    },
    "gender": {
        "all": {
            "female": 0.812512516975,
            "male": 0.187487483025
        },
        "probability": 0.812512516975,
        "value": "female"
    },
    "genre_dortmund": {
        "all": {
            "alternative": 0.109848111868,
            "blues": 0.0251321829855,
            "electronic": 0.0140486443415,
            "folkcountry": 0.643583834171,
            "funksoulrnb": 0.00428763916716,
            "jazz": 0.0904033109546,
            "pop": 0.0655022040009,
            "raphiphop": 0.00175076338928,
            "rock": 0.0454432927072
        },
        "probability": 0.643583834171,
        "value": "folkcountry"
    },
    "genre_electronic": {
        "all": {
            "ambient": 0.951045811176,
            "dnb": 0.0136836385354,
            "house": 0.0221932791173,
            "techno": 0.00734446477145,
            "trance": 0.00573279522359
        },
        "probability": 0.951045811176,
        "value": "ambient"
    },
    "genre_rosamerica": {
        "all": {
            "cla": 0.374579906464,
            "dan": 0.00547963567078,
            "hip": 0.00410990649834,
            "jaz": 0.2628890872,
            "pop": 0.131363242865,
            "rhy": 0.173896864057,
            "roc": 0.0140892425552,
            "spe": 0.0335921049118
        },
        "probability": 0.374579906464,
        "value": "cla"
    },
    "genre_tzanetakis": {
        "all": {
            "blu": 0.0626541376114,
            "cla": 0.0348133966327,
            "cou": 0.0783501937985,
            "dis": 0.104547761381,
            "hip": 0.15693578124,
            "jaz": 0.313987255096,
            "met": 0.044816005975,
            "pop": 0.0627349764109,
            "reg": 0.0627352520823,
            "roc": 0.0784252434969
        },
        "probability": 0.313987255096,
        "value": "jaz"
    },
    "ismir04_rhythm": {
        "all": {
            "ChaChaCha": 0.0190264135599,
            "Jive": 0.00218191021122,
            "Quickstep": 0.029529845342,
            "Rumba-American": 0.00833412073553,
            "Rumba-International": 0.0289020445198,
            "Rumba-Misc": 0.00755719887093,
            "Samba": 0.00342585379258,
            "Tango": 0.107828892767,
            "VienneseWaltz": 0.103821925819,
            "Waltz": 0.689391791821
        },
        "probability": 0.689391791821,
        "value": "Waltz"
    },
    "mood_acoustic": {
        "all": {
            "acoustic": 0.984543681145,
            "not_acoustic": 0.0154563430697
        },
        "probability": 0.984543681145,
        "value": "acoustic"
    },
    "mood_aggressive": {
        "all": {
            "aggressive": 0.0313485786319,
            "not_aggressive": 0.968651413918
        },
        "probability": 0.968651413918,
        "value": "not_aggressive"
    },
    "mood_electronic": {
        "all": {
            "electronic": 0.05515743047,
            "not_electronic": 0.944842576981
        },
        "probability": 0.944842576981,
        "value": "not_electronic"
    },
    "mood_happy": {
        "all": {
            "happy": 0.376829266548,
            "not_happy": 0.623170733452
        },
        "probability": 0.623170733452,
        "value": "not_happy"
    },
    "mood_party": {
        "all": {
            "not_party": 0.98704791069,
            "party": 0.0129520744085
        },
        "probability": 0.98704791069,
        "value": "not_party"
    },
    "mood_relaxed": {
        "all": {
            "not_relaxed": 0.016634631902,
            "relaxed": 0.983365356922
        },
        "probability": 0.983365356922,
        "value": "relaxed"
    },
    "mood_sad": {
        "all": {
            "not_sad": 0.0243872608989,
            "sad": 0.97561275959
        },
        "probability": 0.97561275959,
        "value": "sad"
    },
    "moods_mirex": {
        "all": {
            "Cluster1": 0.114475496113,
            "Cluster2": 0.150708273053,
            "Cluster3": 0.552910745144,
            "Cluster4": 0.160905644298,
            "Cluster5": 0.0209998637438
        },
        "probability": 0.552910745144,
        "value": "Cluster3"
    },
    "timbre": {
        "all": {
            "bright": 0.999999880791,
            "dark": 9.80987522325e-08
        },
        "probability": 0.999999880791,
        "value": "bright"
    },
    "tonal_atonal": {
        "all": {
            "atonal": 0.0963754355907,
            "tonal": 0.903624534607
        },
        "probability": 0.903624534607,
        "value": "tonal"
    },
    "voice_instrumental": {
        "all": {
            "instrumental": 0.0082720220089,
            "voice": 0.991728007793
        },
        "probability": 0.991728007793,
        "value": "voice"
    }
},
"lowlevel": {
    "average_loudness": 0.94226962328,
    "barkbands_crest": {
        "dmean": 2.0152015686,
        "dmean2": 3.08974194527,
        "dvar": 3.5838508606,
        "dvar2": 8.16169834137,
        "max": 25.1382083893,
        "mean": 11.9710426331,
        "median": 11.4267578125,
        "min": 3.63984823227,
        "var": 17.1789741516
    },
    "barkbands_flatness_db": {
        "dmean": 0.0193857979029,
        "dmean2": 0.0287152733654,
        "dvar": 0.000368725741282,
        "dvar2": 0.000756016816013,
        "max": 0.368257790804,
        "mean": 0.228548243642,
        "median": 0.226951107383,
        "min": 0.0811582505703,
        "var": 0.0024834824726
    },
    "barkbands_kurtosis": {
        "dmean": 2.67768645287,
        "dmean2": 4.00531148911,
        "dvar": 19.8493366241,
        "dvar2": 44.4054756165,
        "max": 77.6944580078,
        "mean": 6.56921195984,
        "median": 4.62130880356,
        "min": -1.87811994553,
        "var": 62.5924797058
    },
    "barkbands_skewness": {
        "dmean": 0.395390093327,
        "dmean2": 0.578958928585,
        "dvar": 0.193878650665,
        "dvar2": 0.39831840992,
        "max": 7.25145101547,
        "mean": 1.93233454227,
        "median": 1.8421818018,
        "min": -1.34674882889,
        "var": 1.04209125042
    },
    "barkbands_spread": {
        "dmean": 2.1302716732,
        "dmean2": 3.09366703033,
        "dvar": 19.9898319244,
        "dvar2": 34.920791626,
        "max": 75.969291687,
        "mean": 9.54486942291,
        "median": 7.51995992661,
        "min": 1.02076375484,
        "var": 87.6385192871
    },
    "dissonance": {
        "dmean": 0.0251615867019,
        "dmean2": 0.0421292670071,
        "dvar": 0.000558768922929,
        "dvar2": 0.00152630533557,
        "max": 0.500000119209,
        "mean": 0.431282877922,
        "median": 0.437903732061,
        "min": 0.243235141039,
        "var": 0.00149278319441
    },
    "dynamic_complexity": 3.79993724823,
    "erbbands_crest": {
        "dmean": 2.1655766964,
        "dmean2": 3.27702498436,
        "dvar": 5.11526489258,
        "dvar2": 10.6130008698,
        "max": 29.5264511108,
        "mean": 11.5606012344,
        "median": 10.245675087,
        "min": 3.51509952545,
        "var": 28.4039936066
    },
    "erbbands_flatness_db": {
        "dmean": 0.0154913971201,
        "dmean2": 0.0213566534221,
        "dvar": 0.000296221085591,
        "dvar2": 0.000532832287718,
        "max": 0.362241476774,
        "mean": 0.239505499601,
        "median": 0.240402847528,
        "min": 0.091389849782,
        "var": 0.00215517566539
    },
    "erbbands_kurtosis": {
        "dmean": 0.979963481426,
        "dmean2": 1.4824886322,
        "dvar": 2.03515815735,
        "dvar2": 4.74585103989,
        "max": 25.9598178864,
        "mean": 1.16118299961,
        "median": 0.424253225327,
        "min": -1.76487123966,
        "var": 6.60064125061
    },
    "erbbands_skewness": {
        "dmean": 0.289552211761,
        "dmean2": 0.42035806179,
        "dvar": 0.099543094635,
        "dvar2": 0.198120832443,
        "max": 4.85664844513,
        "mean": 0.830276072025,
        "median": 0.774627149105,
        "min": -2.28315544128,
        "var": 0.537147164345
    },
    "erbbands_spread": {
        "dmean": 4.09707975388,
        "dmean2": 5.90483951569,
        "dvar": 41.0460853577,
        "dvar2": 77.6194229126,
        "max": 118.859039307,
        "mean": 23.4080810547,
        "median": 20.2978134155,
        "min": 6.19052600861,
        "var": 190.932312012
    },
    "hfc": {
        "dmean": 3.03644108772,
        "dmean2": 3.98265552521,
        "dvar": 17.461391449,
        "dvar2": 28.981842041,
        "max": 70.738899231,
        "mean": 13.0687274933,
        "median": 8.71249008179,
        "min": 0.37451761961,
        "var": 154.896697998
    },
    "melbands_crest": {
        "dmean": 2.61722803116,
        "dmean2": 3.99159002304,
        "dvar": 5.7127494812,
        "dvar2": 13.8080911636,
        "max": 30.9833831787,
        "mean": 15.7843494415,
        "median": 15.0015277863,
        "min": 5.822078228,
        "var": 25.7388134003
    },
    "melbands_flatness_db": {
        "dmean": 0.0213327649981,
        "dmean2": 0.030207734555,
        "dvar": 0.000545859278645,
        "dvar2": 0.00101935153361,
        "max": 0.4871545434,
        "mean": 0.285466790199,
        "median": 0.284693211317,
        "min": 0.0577647574246,
        "var": 0.00445999857038
    },
    "melbands_kurtosis": {
        "dmean": 3.72971558571,
        "dmean2": 5.65017223358,
        "dvar": 39.0206604004,
        "dvar2": 81.4058532715,
        "max": 117.031661987,
        "mean": 10.4036417007,
        "median": 7.71948242188,
        "min": -1.30931401253,
        "var": 126.441696167
    },
    "melbands_skewness": {
        "dmean": 0.438955724239,
        "dmean2": 0.652762889862,
        "dvar": 0.242866113782,
        "dvar2": 0.503502309322,
        "max": 7.23587083817,
        "mean": 2.2968120575,
        "median": 2.14395642281,
        "min": -0.380751103163,
        "var": 1.37497162819
    },
    "melbands_spread": {
        "dmean": 2.9164378643,
        "dmean2": 4.28001451492,
        "dvar": 58.0312271118,
        "dvar2": 113.387115479,
        "max": 186.921981812,
        "mean": 11.8915433884,
        "median": 9.21806049347,
        "min": 1.02852225304,
        "var": 170.880386353
    },
    "pitch_salience": {
        "dmean": 0.0539392754436,
        "dmean2": 0.0832360833883,
        "dvar": 0.00274452473968,
        "dvar2": 0.00619950937107,
        "max": 0.839846849442,
        "mean": 0.569675028324,
        "median": 0.57917457819,
        "min": 0.105450980365,
        "var": 0.011762929149
    },
    "silence_rate_20dB": {
        "dmean": 0,
        "dmean2": 0,
        "dvar": 0,
        "dvar2": 0,
        "max": 1,
        "mean": 1,
        "median": 1,
        "min": 1,
        "var": 0
    },
    "silence_rate_30dB": {
        "dmean": 0,
        "dmean2": 0,
        "dvar": 0,
        "dvar2": 0,
        "max": 1,
        "mean": 1,
        "median": 1,
        "min": 1,
        "var": 0
    },
    "silence_rate_60dB": {
        "dmean": 0.0348297208548,
        "dmean2": 0.068938806653,
        "dvar": 0.0336165614426,
        "dvar2": 0.0703834369779,
        "max": 1,
        "mean": 0.0959010049701,
        "median": 0,
        "min": 0,
        "var": 0.0867024511099
    },
    "spectral_centroid": {
        "dmean": 102.968276978,
        "dmean2": 149.872817993,
        "dvar": 45019.6484375,
        "dvar2": 88484.53125,
        "max": 4449.09277344,
        "mean": 693.295471191,
        "median": 583.397949219,
        "min": 247.610412598,
        "var": 182598.828125
    },
    "spectral_complexity": {
        "dmean": 1.6965944767,
        "dmean2": 2.69326114655,
        "dvar": 3.17885994911,
        "dvar2": 5.97716331482,
        "max": 28,
        "mean": 12.5877799988,
        "median": 13,
        "min": 2,
        "var": 22.6042385101
    },
    "spectral_decrease": {
        "dmean": 1.31253619085e-09,
        "dmean2": 1.81875059457e-09,
        "dvar": 2.83018295621e-18,
        "dvar2": 5.18833777742e-18,
        "max": -1.85752385695e-10,
        "mean": -5.58995072453e-09,
        "median": -4.44380132691e-09,
        "min": -2.05767705097e-08,
        "var": 1.90762870855e-17
    },
    "spectral_energy": {
        "dmean": 0.00520034693182,
        "dmean2": 0.00719233741984,
        "dvar": 4.43273202109e-05,
        "dvar2": 8.06592361187e-05,
        "max": 0.0815128311515,
        "mean": 0.0222831331193,
        "median": 0.0175521299243,
        "min": 0.000735041801818,
        "var": 0.000304974062601
    },
    "spectral_energyband_high": {
        "dmean": 4.57580608781e-05,
        "dmean2": 6.2513834564e-05,
        "dvar": 3.32353202737e-08,
        "dvar2": 5.22139558257e-08,
        "max": 0.00448050769046,
        "mean": 0.000111162640678,
        "median": 4.10550856031e-05,
        "min": 3.71150257195e-08,
        "var": 1.00053512142e-07
    },
    "spectral_energyband_low": {
        "dmean": 0.000226702395594,
        "dmean2": 0.000382234167773,
        "dvar": 1.75545764591e-07,
        "dvar2": 4.54433120467e-07,
        "max": 0.008200539276,
        "mean": 0.000706634367816,
        "median": 0.000349083304172,
        "min": 1.47108028159e-06,
        "var": 8.91813328963e-07
    },
    "spectral_energyband_middle_high": {
        "dmean": 0.000916303659324,
        "dmean2": 0.0011958067771,
        "dvar": 2.59905687017e-06,
        "dvar2": 4.47262482339e-06,
        "max": 0.0384461209178,
        "mean": 0.0032421934884,
        "median": 0.00157298322301,
        "min": 5.64711153856e-05,
        "var": 2.32352576859e-05
    },
    "spectral_energyband_middle_low": {
        "dmean": 0.00473934039474,
        "dmean2": 0.00667382963002,
        "dvar": 3.96466602979e-05,
        "dvar2": 7.37230657251e-05,
        "max": 0.076457567513,
        "mean": 0.0186420604587,
        "median": 0.0143046732992,
        "min": 0.000285854592221,
        "var": 0.000235584084294
    },
    "spectral_entropy": {
        "dmean": 0.162268683314,
        "dmean2": 0.230154618621,
        "dvar": 0.0321085825562,
        "dvar2": 0.058555752039,
        "max": 8.47121429443,
        "mean": 6.7006778717,
        "median": 6.65807676315,
        "min": 5.55811023712,
        "var": 0.217297643423
    },
    "spectral_flux": {
        "dmean": 0.018393073231,
        "dmean2": 0.0287722814828,
        "dvar": 0.000479675800307,
        "dvar2": 0.00118131609634,
        "max": 0.231635406613,
        "mean": 0.05094537884,
        "median": 0.0415482446551,
        "min": 0.0055577494204,
        "var": 0.00115036370698
    },
    "spectral_kurtosis": {
        "dmean": 5.80359792709,
        "dmean2": 10.0779066086,
        "dvar": 73.6615600586,
        "dvar2": 214.535125732,
        "max": 115.416366577,
        "mean": 15.5133228302,
        "median": 12.027970314,
        "min": -0.70690703392,
        "var": 193.174468994
    },
    "spectral_rms": {
        "dmean": 0.000539424014278,
        "dmean2": 0.000735199544579,
        "dvar": 3.81808064276e-07,
        "dvar2": 6.20887760761e-07,
        "max": 0.00891766324639,
        "mean": 0.00426006736234,
        "median": 0.0041381190531,
        "min": 0.000846825831104,
        "var": 3.5914615637e-06
    },
    "spectral_rolloff": {
        "dmean": 181.964935303,
        "dmean2": 305.233673096,
        "dvar": 340600.65625,
        "dvar2": 646842.0625,
        "max": 8893.21289062,
        "mean": 899.231811523,
        "median": 624.462890625,
        "min": 215.33203125,
        "var": 1096422.125
    },
    "spectral_skewness": {
        "dmean": 0.457306623459,
        "dmean2": 0.76725423336,
        "dvar": 0.274303257465,
        "dvar2": 0.760879397392,
        "max": 8.40619373322,
        "mean": 2.77502179146,
        "median": 2.73057198524,
        "min": 0.191203013062,
        "var": 0.95806568861
    },
    "spectral_spread": {
        "dmean": 379068.34375,
        "dmean2": 538799.6875,
        "dvar": 265074409472,
        "dvar2": 436202668032,
        "max": 10234530,
        "mean": 2956067.25,
        "median": 2856499.5,
        "min": 646300.125,
        "var": 1.75160177459e+12
    },
    "spectral_strongpeak": {
        "dmean": 0.421957820654,
        "dmean2": 0.67822521925,
        "dvar": 0.30877622962,
        "dvar2": 0.654174685478,
        "max": 7.48157548904,
        "mean": 1.31028819084,
        "median": 0.833858966827,
        "min": 0.0264496952295,
        "var": 1.64021861553
    },
    "zerocrossingrate": {
        "dmean": 0.0051730601117,
        "dmean2": 0.00599099555984,
        "dvar": 0.000105170998722,
        "dvar2": 8.87050337042e-05,
        "max": 0.27197265625,
        "mean": 0.0346566401422,
        "median": 0.029296875,
        "min": 0.0087890625,
        "var": 0.000709343119524
    },
    "barkbands": {
        "dmean": [6.25990026037e-07, 5.83150031161e-05, 0.000136194910738, 0.000324439926771, 0.00201944867149, 0.00156619399786, 0.000574876612518, 0.00122232642025, 0.000920077436604, 0.000330301350914, 0.000211866354221, 0.000234224688029, 0.000235044484725, 0.000174861837877, 0.00022138163331, 0.000131265274831, 5.03186965943e-05, 4.6229128202e-05, 3.69307854271e-05, 1.69324976014e-05, 1.17573836178e-05, 1.08660624392e-05, 6.19806132818e-06, 1.30776215883e-05, 6.01273404754e-06, 1.89074830814e-06, 9.72614988548e-10],
        "dmean2": [1.07555013074e-06, 9.37206859817e-05, 0.000224135699682, 0.000557212217245, 0.0030759179499, 0.00208594324067, 0.000824360467959, 0.00158168270718, 0.00123040913604, 0.000438110379037, 0.000286804250209, 0.000340963742929, 0.00033337721834, 0.000251077202847, 0.000321382714901, 0.000200428301468, 7.40170362405e-05, 6.93646361469e-05, 5.25166251464e-05, 2.47105999733e-05, 1.70169132616e-05, 1.58383008966e-05, 9.02754345589e-06, 1.77837991941e-05, 8.23365007818e-06, 2.74815170087e-06, 1.69865943533e-09],
        "dvar": [3.36003468972e-12, 1.40251907865e-08, 8.2318457828e-08, 6.30639704013e-07, 8.6750033006e-06, 1.12592051664e-05, 2.45349838224e-06, 6.41618407826e-06, 1.0198592463e-05, 5.43994076452e-07, 6.0403272073e-07, 6.09132882801e-07, 5.21802860476e-07, 2.40529629991e-07, 4.02312650749e-07, 3.47564935055e-07, 1.63343631954e-08, 2.68429563022e-08, 1.61718851643e-08, 1.46562906256e-09, 1.89844340248e-09, 3.92877019806e-09, 7.29107718644e-10, 3.59568619324e-09, 4.99730423709e-10, 5.31774312085e-11, 2.05888993321e-17],
        "dvar2": [9.26260457224e-12, 3.6314173002e-08, 1.99712403059e-07, 2.18764284909e-06, 2.1355899662e-05, 1.95954744413e-05, 5.40757264389e-06, 1.02248386611e-05, 1.79944381671e-05, 9.36981848554e-07, 1.03904619664e-06, 1.37800043376e-06, 1.07463176846e-06, 4.38989104623e-07, 8.40982465888e-07, 9.31707631935e-07, 3.06494065683e-08, 6.49978915135e-08, 2.50245992817e-08, 2.94600188688e-09, 4.03931110782e-09, 7.9645738893e-09, 1.58106494563e-09, 6.09914962979e-09, 8.23863310906e-10, 1.00884280096e-10, 2.40772986462e-17],
        "max": [2.78444131254e-05, 0.00165382376872, 0.00588360847905, 0.0130630647764, 0.0357588119805, 0.0642807632685, 0.0261318832636, 0.040607701987, 0.0682134330273, 0.0155394794419, 0.0201732814312, 0.0175826996565, 0.0170834679157, 0.00805376656353, 0.0145838186145, 0.0160071067512, 0.00326259993017, 0.00475336425006, 0.0042056995444, 0.00141965632793, 0.000907146371901, 0.00163971702568, 0.000504760886542, 0.00158107152674, 0.00069429987343, 0.00020877760835, 1.57317899152e-07],
        "mean": [6.80944253872e-07, 0.000132052504341, 0.000356445467332, 0.000977229559794, 0.00563241913915, 0.00408117938787, 0.00133132003248, 0.00387338059954, 0.00232923869044, 0.000703914440237, 0.00048992515076, 0.000506591342855, 0.000468176789582, 0.000314973731292, 0.000401375553338, 0.000273031299002, 0.000115857808851, 8.88777067303e-05, 8.0472753325e-05, 3.75737981813e-05, 2.14817519009e-05, 1.67187463376e-05, 1.02363428596e-05, 2.41698216996e-05, 1.21507227959e-05, 3.66131462215e-06, 7.96091526034e-10],
        "median": [1.70974075786e-07, 5.55421756872e-05, 0.000100787132396, 0.000382379308576, 0.00361815979704, 0.00128827709705, 0.00054451514734, 0.000549286836758, 0.000290806230623, 0.000206471755519, 0.000126477141748, 0.000159279094078, 0.000129297695821, 7.95594824012e-05, 9.1632900876e-05, 5.26750227436e-05, 3.58853030775e-05, 1.67413090821e-05, 1.56125806825e-05, 1.40428182931e-05, 5.20614275956e-06, 1.10948826659e-06, 1.71770557245e-06, 4.10173515775e-06, 3.4818056065e-06, 1.08087817807e-06, 1.94644064755e-10],
        "min": [3.86374349182e-10, 5.35120534551e-07, 1.62459613762e-07, 1.75396465352e-07, 2.72156848951e-05, 2.53046437138e-06, 4.13604357163e-06, 2.9197560707e-06, 1.94143649423e-06, 2.4572257189e-06, 1.53094106281e-06, 3.02433340948e-06, 1.6250154431e-06, 8.53762571751e-07, 8.63549644237e-07, 7.2578052368e-07, 5.57683051738e-07, 3.55719969036e-08, 6.80135130438e-08, 6.17781381607e-09, 5.73353409195e-09, 1.79558035107e-10, 2.16570580913e-11, 5.84736772891e-12, 6.88203487254e-12, 2.30295817139e-11, 1.35865312056e-11],
        "var": [4.17425772767e-12, 4.80705537598e-08, 4.7266038905e-07, 2.22879316425e-06, 3.35379118042e-05, 5.24315837538e-05, 7.39760844226e-06, 5.34902355867e-05, 4.85011769342e-05, 2.05649462259e-06, 2.54300198321e-06, 1.83052895864e-06, 1.21687480714e-06, 4.87992565468e-07, 1.06263598809e-06, 6.56337647342e-07, 7.83033655694e-08, 5.10954087929e-08, 6.73569928722e-08, 7.95722865377e-09, 3.89054743977e-09, 7.36042471416e-09, 1.55491097775e-09, 9.64714796936e-09, 1.32364597061e-09, 1.48130549493e-10, 2.03185783623e-17]
    },
    "erbbands": {
        "dmean": [0.000453722139355, 0.018461080268, 0.133444353938, 0.507081985474, 2.7423055172, 8.5643491745, 16.3492336273, 9.74927997589, 5.63355207443, 14.8981218338, 26.5471744537, 23.3564128876, 15.095416069, 5.19787311554, 9.49830722809, 8.13071632385, 8.78069114685, 10.3944711685, 11.0791139603, 6.39432048798, 5.24522066116, 2.3932299614, 1.9197936058, 2.59468626976, 0.912208378315, 0.762131929398, 0.618776738644, 0.402568370104, 0.38497620821, 0.140872061253, 0.199169188738, 0.323298990726, 0.179544463754, 0.0882480666041, 0.0350212194026, 0.013369910419, 0.00239793793298, 0.000122192388517, 4.74505395687e-06, 6.0408592617e-06],
        "dmean2": [0.000736214860808, 0.0296290703118, 0.216286092997, 0.863698601723, 4.50443744659, 12.9044008255, 23.9973526001, 12.1597995758, 7.93402576447, 20.4032173157, 34.3101501465, 31.407245636, 19.5552616119, 7.04258966446, 12.6515359879, 11.2195482254, 13.070098877, 14.4650011063, 16.2124576569, 8.95097637177, 8.06595039368, 3.32370352745, 2.65197396278, 3.57798743248, 1.34532284737, 1.11294138432, 0.904998004436, 0.565771400928, 0.550948441029, 0.202846720815, 0.292442321777, 0.442301690578, 0.254908651114, 0.122427172959, 0.0495072007179, 0.019034633413, 0.00340589345433, 0.000177929730853, 6.40999223833e-06, 8.3235963757e-06],
        "dvar": [8.67781238867e-07, 0.00126094499137, 0.0707986429334, 1.09423136711, 41.7535476685, 207.959945679, 1015.59240723, 658.764831543, 138.403747559, 1152.40991211, 3609.80615234, 5955.63085938, 1304.96081543, 119.938224792, 1446.04748535, 323.211456299, 581.474487305, 862.058410645, 1046.42285156, 379.17276001, 1107.79455566, 46.0709457397, 19.3871955872, 78.9642868042, 4.63429784775, 2.99886035919, 2.45257973671, 4.81031274796, 4.68141222, 0.658289551735, 0.824724912643, 2.04085350037, 0.778683006763, 0.11904092133, 0.0157596431673, 0.00220157112926, 9.81650518952e-05, 2.33088655932e-07, 1.27205718181e-10, 5.72873484761e-11],
        "dvar2": [2.26068755182e-06, 0.00327814882621, 0.17539472878, 3.60479211807, 143.291900635, 478.978881836, 2082.81542969, 812.864562988, 294.313232422, 2207.15698242, 5737.32080078, 10918.1953125, 2306.07836914, 237.995666504, 2273.27001953, 554.84765625, 1314.95629883, 1644.30554199, 2358.50439453, 789.989562988, 2930.99731445, 64.6822433472, 32.6147460938, 129.511291504, 9.35558986664, 5.06583118439, 4.73138237, 9.8497505188, 9.31978607178, 1.23569905758, 1.71746766567, 3.61756467819, 1.48733556271, 0.183371990919, 0.0284458957613, 0.00381223764271, 0.000168881189893, 4.29490512488e-07, 2.21655097055e-10, 1.04797955036e-10],
        "max": [0.0138342333958, 0.482956916094, 5.50661087036, 16.772562027, 98.4144973755, 220.736297607, 515.137634277, 645.068664551, 238.053009033, 514.231567383, 1117.94677734, 1823.28088379, 664.140991211, 304.872619629, 1140.8458252, 628.11920166, 558.04296875, 691.598449707, 899.576599121, 613.48223877, 1053.46520996, 183.914413452, 114.972595215, 295.045928955, 62.568157196, 62.3219528198, 49.963760376, 46.4557800293, 57.342124939, 22.5254459381, 19.3813533783, 32.6491699219, 24.1322002411, 11.3130607605, 3.31398773193, 1.3413670063, 0.299542337656, 0.00950215663761, 0.000231858823099, 9.48388478719e-05],
        "mean": [0.00117436773144, 0.0444346964359, 0.368211776018, 1.58394289017, 6.94437837601, 23.0041275024, 40.3268966675, 27.9558258057, 15.5920343399, 39.5807647705, 87.8479766846, 65.7456741333, 32.0726585388, 14.156908989, 26.4624538422, 21.5282249451, 19.8053722382, 21.6122894287, 24.4767055511, 15.3832855225, 10.2520961761, 6.04640769958, 4.63984823227, 6.02662420273, 2.18419528008, 1.76719498634, 1.32627105713, 0.712876915932, 0.652019023895, 0.233159467578, 0.339445859194, 0.578328847885, 0.323314249516, 0.169453814626, 0.0668310970068, 0.0258781127632, 0.00464227283373, 0.000222894974286, 1.71365136339e-05, 2.60825872829e-05],
        "median": [0.000573016062845, 0.0215170364827, 0.126721397042, 0.785712659359, 3.88948297501, 13.0900993347, 19.0799312592, 7.53099536896, 7.84671258926, 12.5135812759, 14.769821167, 11.8152942657, 9.892578125, 6.35112476349, 6.16370296478, 7.97518587112, 7.93943691254, 6.82062578201, 6.32252120972, 3.84269237518, 2.49578714371, 1.8369115591, 1.13200962543, 0.952982127666, 0.670807301998, 0.692807614803, 0.42826461792, 0.134883984923, 0.0530158914626, 0.0249461233616, 0.0554819963872, 0.0885764509439, 0.0567776970565, 0.0446275100112, 0.0183526370674, 0.00747522432357, 0.00125113152899, 5.44108333997e-05, 1.17351091831e-05, 2.02799601539e-05],
        "min": [9.1458150564e-06, 0.000139138122904, 0.000560813758057, 0.00643202476203, 0.0489568859339, 0.162335962057, 0.174716189504, 0.19233956933, 0.102346949279, 0.148880824447, 0.239694476128, 0.0818175300956, 0.122957579792, 0.135747358203, 0.23179641366, 0.144686505198, 0.126373395324, 0.0640624985099, 0.0608619004488, 0.0860901251435, 0.0398315154016, 0.0301666520536, 0.0100383125246, 0.00278370035812, 0.00170253904071, 0.000784950389061, 0.000399111479055, 0.000194613268832, 1.69959184859e-05, 6.07109996054e-06, 2.42993360189e-06, 1.65093410942e-06, 1.50374808072e-06, 1.41014459132e-06, 1.11094698241e-06, 9.03485840809e-07, 7.93177946434e-07, 1.48823502855e-07, 5.87214856296e-07, 9.19307865388e-07],
        "var": [2.87179841507e-06, 0.00436155218631, 0.402823358774, 4.56478118896, 77.4098892212, 817.464233398, 3682.93505859, 4521.87060547, 491.014648438, 4614.77929688, 34012.5625, 31875.5136719, 4289.77001953, 672.692260742, 8572.71679688, 2476.67944336, 1430.77990723, 2129.66503906, 4249.484375, 1453.08288574, 1379.70532227, 256.749359131, 100.091995239, 377.162719727, 25.2878246307, 17.6799125671, 9.60764026642, 8.69898605347, 9.93101787567, 1.34621417522, 1.71934700012, 5.30500888824, 1.8280980587, 0.308756828308, 0.0402190536261, 0.00666715949774, 0.000280530162854, 5.60583373499e-07, 4.40782910172e-10, 4.07428174531e-10]
    },
    "gfcc": {
        "mean": [-73.6374588013, 140.336578369, -131.962203979, -9.77742385864, -64.1374435425, -9.26537322998, -56.1493377686, -3.58494234085, -35.0610694885, -4.7707862854, -15.1012487411, -15.7512292862, -4.8034119606],
        "cov": [[4566.55957031, -1792.3770752, -293.226654053, 285.072601318, -683.258056641, 462.254608154, -386.356079102, 615.667602539, -81.435760498, 185.926391602, 81.3162536621, -77.8365249634, 32.2873802185], [-1792.3770752, 1853.62988281, -143.136276245, -386.976837158, 694.508361816, -430.525787354, 410.624084473, -469.064300537, 124.856933594, -197.336532593, -75.7674865723, -110.164764404, -40.5002098083], [-293.226654053, -143.136276245, 521.599975586, 68.525970459, -132.167877197, 152.530136108, -70.9787597656, 54.3282470703, -26.7640190125, 69.0499191284, -14.8049144745, 49.143737793, -49.2524223328], [285.072601318, -386.976837158, 68.525970459, 447.999328613, -131.994598389, 74.0962600708, 16.5502853394, 11.7900743484, 28.6976108551, 42.7509155273, -17.5205764771, 42.2595748901, -8.44489955902], [-683.258056641, 694.508361816, -132.167877197, -131.994598389, 419.7550354, -194.543365479, 140.96736145, -135.315933228, 37.4536247253, -72.7918548584, -30.5410556793, -31.7913265228, -6.02337217331], [462.254608154, -430.525787354, 152.530136108, 74.0962600708, -194.543365479, 315.542449951, -60.0549278259, 130.770614624, -11.071644783, 61.1592903137, 17.6239967346, 11.1899147034, -17.5668544769], [-386.356079102, 410.624084473, -70.9787597656, 16.5502853394, 140.96736145, -60.0549278259, 288.214752197, -163.135406494, 37.9363098145, -4.21569681168, -44.009563446, 5.12178277969, -26.4129924774], [615.667602539, -469.064300537, 54.3282470703, 11.7900743484, -135.315933228, 130.770614624, -163.135406494, 325.582946777, -26.3409767151, 57.7764854431, 50.4152450562, 0.57322704792, 12.0069036484], [-81.435760498, 124.856933594, -26.7640190125, 28.6976108551, 37.4536247253, -11.071644783, 37.9363098145, -26.3409767151, 118.607727051, -41.8311386108, -16.9235210419, 0.353756994009, -3.40038609505], [185.926391602, -197.336532593, 69.0499191284, 42.7509155273, -72.7918548584, 61.1592903137, -4.21569681168, 57.7764854431, -41.8311386108, 133.968170166, 15.1154203415, 10.1385993958, 8.69397068024], [81.3162536621, -75.7674865723, -14.8049144745, -17.5205764771, -30.5410556793, 17.6239967346, -44.009563446, 50.4152450562, -16.9235210419, 15.1154203415, 109.770591736, 10.0048828125, 24.6072635651], [-77.8365249634, -110.164764404, 49.143737793, 42.2595748901, -31.7913265228, 11.1899147034, 5.12178277969, 0.57322704792, 0.353756994009, 10.1385993958, 10.0048828125, 99.2209854126, 11.2003574371], [32.2873802185, -40.5002098083, -49.2524223328, -8.44489955902, -6.02337217331, -17.5668544769, -26.4129924774, 12.0069036484, -3.40038609505, 8.69397068024, 24.6072635651, 11.2003574371, 83.8497848511]],
        "icov": [[0.000502799928654, 0.000198564957827, 0.000586819311138, -9.0312481916e-05, 0.0003570538247, -0.000273296580417, 9.09545487957e-05, -0.000447222031653, -3.61345591955e-05, -0.000243676113314, 0.000149795290781, 0.000491694605444, 0.000213139428524], [0.000198564957827, 0.00639681238681, -0.00290141510777, 0.0032657540869, -0.00509865302593, 0.00296010449529, -0.00496991537511, 0.00297553651035, -0.00322258751839, 0.00289124809206, -0.00211125961505, 0.00557911535725, -0.000655941665173], [0.000586819311138, -0.00290141510777, 0.00503171840683, -0.00175142497756, 0.00296676158905, -0.00286995619535, 0.00364662450738, -0.00156225101091, 0.00158106954768, -0.00301689445041, 0.00186467042658, -0.00357345957309, 0.00244310009293], [-9.0312481916e-05, 0.0032657540869, -0.00175142497756, 0.00450408738106, -0.00188075890765, 0.0015866960166, -0.00296257645823, 0.00183563714381, -0.00268390635028, 0.000878906925209, -0.000662066915538, 0.00187612685841, -0.000218019718886], [0.0003570538247, -0.00509865302593, 0.00296676158905, -0.00188075890765, 0.00903943087906, -0.000729037506972, 0.0024125338532, -0.00305601931177, 0.0020930536557, -0.00166825344786, 0.0020023745019, -0.00330217508599, 0.00075852998998], [-0.000273296580417, 0.00296010449529, -0.00286995619535, 0.0015866960166, -0.000729037506972, 0.00714934431016, -0.00340796913952, 0.000162983589689, -0.00212310580537, 0.00114159553777, -0.00147801171988, 0.0029714924749, 0.000189963189769], [9.09545487957e-05, -0.00496991537511, 0.00364662450738, -0.00296257645823, 0.0024125338532, -0.00340796913952, 0.010539281182, 0.000312085350743, 0.00114569696598, -0.00501365121454, 0.0025839866139, -0.00543404696509, 0.00267646461725], [-0.000447222031653, 0.00297553651035, -0.00156225101091, 0.00183563714381, -0.00305601931177, 0.000162983589689, 0.000312085350743, 0.00743190338835, -0.00212408369407, -0.000287482893327, -0.00218585878611, 0.0021428624168, 2.42693822656e-05], [-3.61345591955e-05, -0.00322258751839, 0.00158106954768, -0.00268390635028, 0.0020930536557, -0.00212310580537, 0.00114569696598, -0.00212408369407, 0.0121551575139, 0.00222770008259, 0.00186254410073, -0.00279395212419, -0.000425056176027], [-0.000243676113314, 0.00289124809206, -0.00301689445041, 0.000878906925209, -0.00166825344786, 0.00114159553777, -0.00501365121454, -0.000287482893327, 0.00222770008259, 0.0127168111503, -0.00167497899383, 0.00290657766163, -0.00273696449585], [0.000149795290781, -0.00211125961505, 0.00186467042658, -0.000662066915538, 0.0020023745019, -0.00147801171988, 0.0025839866139, -0.00218585878611, 0.00186254410073, -0.00167497899383, 0.0117339501157, -0.00298679457046, -0.00188304483891], [0.000491694605444, 0.00557911535725, -0.00357345957309, 0.00187612685841, -0.00330217508599, 0.0029714924749, -0.00543404696509, 0.0021428624168, -0.00279395212419, 0.00290657766163, -0.00298679457046, 0.0168375652283, -0.00282513769343], [0.000213139428524, -0.000655941665173, 0.00244310009293, -0.000218019718886, 0.00075852998998, 0.000189963189769, 0.00267646461725, 2.42693822656e-05, -0.000425056176027, -0.00273696449585, -0.00188304483891, -0.00282513769343, 0.0150707224384]]
    },
    "melbands": {
        "dmean": [9.54644019657e-06, 5.39873690286e-05, 0.000147031096276, 0.00037027374492, 0.000520214787684, 0.000226329982979, 0.00010030692647, 0.000179103342816, 0.000214105195482, 0.000145491532749, 7.46827281546e-05, 2.03331001103e-05, 2.72466313618e-05, 2.81280572381e-05, 1.56310561579e-05, 2.68604035227e-05, 1.90217106137e-05, 1.7292702978e-05, 1.18480238598e-05, 1.15231705422e-05, 5.18824617757e-06, 3.20300205203e-06, 1.54425811161e-06, 2.35058041653e-06, 2.3836814762e-06, 9.58943246587e-07, 4.6606234605e-07, 5.77855189476e-07, 4.8859413937e-07, 2.27207763714e-07, 2.81808439695e-07, 2.68746163101e-07, 1.37897885111e-07, 5.99013461056e-08, 9.33115771318e-08, 1.96595493662e-07, 2.14449599412e-07, 1.62727886277e-07, 8.04812003707e-08, 8.12260267935e-08],
        "dmean2": [1.53552064148e-05, 8.65235342644e-05, 0.000253567122854, 0.000553160673007, 0.000774042971898, 0.000287230825052, 0.000139762312756, 0.000240753040998, 0.000278998137219, 0.000194753840333, 9.67368978309e-05, 2.82297387457e-05, 3.5395813029e-05, 3.82984981115e-05, 2.19216635742e-05, 3.93931986764e-05, 2.68061248789e-05, 2.56969924521e-05, 1.6980806322e-05, 1.64172906807e-05, 7.97161555965e-06, 4.61528952655e-06, 2.34010462918e-06, 3.45948865288e-06, 3.29392537424e-06, 1.42115402468e-06, 7.19604827282e-07, 8.40646862343e-07, 7.15153760211e-07, 3.45806910218e-07, 4.00843163106e-07, 3.94042700691e-07, 2.00467482614e-07, 8.75884751395e-08, 1.36708536047e-07, 3.00692221344e-07, 2.90411577453e-07, 2.39458472606e-07, 1.25479161284e-07, 1.11717710638e-07],
        "dvar": [3.99755922809e-10, 1.05358397562e-08, 1.42457267316e-07, 3.94169859419e-07, 7.81416474638e-07, 2.84990221644e-07, 5.18727567567e-08, 1.52265556608e-07, 2.80327469682e-07, 2.35460277054e-07, 3.32924123825e-08, 2.19868523388e-09, 9.95224613831e-09, 7.39846184317e-09, 9.37873667617e-10, 8.40725178364e-09, 2.64933985861e-09, 2.7149855697e-09, 9.26111021204e-10, 1.29875654675e-09, 1.40404066151e-09, 1.02333468088e-10, 1.26113832918e-11, 4.99280165822e-11, 7.18281892298e-11, 5.39839874192e-12, 1.27486736445e-12, 1.90001768659e-12, 1.34612199859e-12, 5.41783848687e-13, 3.0522455223e-12, 2.23608913504e-12, 6.5628004333e-13, 8.43509019143e-14, 1.66193732496e-13, 8.95795482063e-13, 7.84721951048e-13, 7.22656960314e-13, 1.05449211917e-13, 1.21558850225e-13],
        "dvar2": [1.02932706803e-09, 2.65193023097e-08, 5.14704424859e-07, 9.29721977627e-07, 1.66504082699e-06, 3.89342517337e-07, 1.11438744455e-07, 2.56591846437e-07, 4.35344304606e-07, 4.08035162991e-07, 5.919313395e-08, 4.38571534644e-09, 1.50810119948e-08, 1.27910775305e-08, 1.6948590309e-09, 1.84072170839e-08, 5.04861885631e-09, 5.96422511379e-09, 1.87760273995e-09, 2.77494960343e-09, 3.54180373918e-09, 1.71983094432e-10, 2.43738536299e-11, 1.05898782798e-10, 1.07987049858e-10, 1.15547224566e-11, 2.80134292499e-12, 3.19854039088e-12, 2.46864941683e-12, 1.22009206124e-12, 6.47039496635e-12, 4.84625664252e-12, 1.13192777634e-12, 1.73643299175e-13, 3.76768034089e-13, 1.93700155741e-12, 1.26445219312e-12, 1.57408157689e-12, 2.23163813275e-13, 2.32985993779e-13],
        "max": [0.000286104739644, 0.00199679099023, 0.00627930369228, 0.00901251845062, 0.013268510811, 0.0123750129715, 0.00414527207613, 0.00679419515654, 0.0095632513985, 0.0115294419229, 0.00338951079175, 0.00133655534592, 0.00300108338706, 0.00241063185968, 0.000735119741876, 0.00219848379493, 0.00114926951937, 0.00134284375235, 0.000584945315495, 0.000875585828908, 0.00120761001017, 0.000267817202257, 7.94760489953e-05, 0.000179794500582, 0.000299926206935, 5.09377714479e-05, 3.32960407832e-05, 5.01590584463e-05, 4.01839497499e-05, 1.51726071635e-05, 3.57168573828e-05, 3.87098116335e-05, 2.28521294048e-05, 6.50562333249e-06, 8.79910840013e-06, 1.69256400113e-05, 2.28162680287e-05, 2.09831450775e-05, 7.89252771938e-06, 1.12526804514e-05],
        "mean": [2.27395066759e-05, 0.000142224802403, 0.000430105719715, 0.00100421428215, 0.00136429036502, 0.000629289657809, 0.00025852600811, 0.000497906235978, 0.000684365280904, 0.000394138827687, 0.000147219121573, 5.24273091287e-05, 7.19511590432e-05, 7.11514512659e-05, 3.5666525946e-05, 5.42703564861e-05, 3.57037570211e-05, 3.83497826988e-05, 2.17337874346e-05, 2.57225092355e-05, 8.44941496325e-06, 7.26236476112e-06, 3.55462157131e-06, 4.77483536088e-06, 5.14383373229e-06, 1.96492396753e-06, 1.00019531146e-06, 1.22492849641e-06, 1.01479781733e-06, 4.08789418316e-07, 4.38573664496e-07, 4.27784499379e-07, 2.12353114648e-07, 9.25646617134e-08, 1.50287334577e-07, 3.15339718782e-07, 3.78053982786e-07, 2.57722575725e-07, 1.48460344462e-07, 1.40972147733e-07],
        "median": [9.65992421698e-06, 4.89458725497e-05, 0.000223717477638, 0.00053227331955, 0.000768616679125, 0.000172829488292, 0.00012066000636, 0.000136248054332, 9.19887243072e-05, 5.88220791542e-05, 3.86270148738e-05, 1.88375197467e-05, 1.69978065969e-05, 2.01194670808e-05, 1.52687352966e-05, 1.41898099173e-05, 9.33499904932e-06, 9.0660105343e-06, 5.12572751177e-06, 4.26853830504e-06, 2.15514137381e-06, 1.94506469597e-06, 1.21809716802e-06, 7.64066157899e-07, 7.09040023139e-07, 4.82946461489e-07, 3.64104778328e-07, 4.35359851281e-07, 2.9719694794e-07, 1.08445796343e-07, 4.71684344916e-08, 2.61869121942e-08, 1.17826068902e-08, 7.36175609362e-09, 2.23515179698e-08, 3.39592212129e-08, 4.96541048278e-08, 3.86323470991e-08, 2.84870775857e-08, 3.4712865471e-08],
