{
"highlevel": {
    "danceability": {
        "all": {
            "danceable": 0.0926752984524,
            "not_danceable": 0.90732473135
        },
        "probability": 0.90732473135,
        "value": "not_danceable"
    },
    "gender": {
        "all": {
            "female": 0.869930922985,
            "male": 0.130069062114
        },
        "probability": 0.869930922985,
        "value": "female"
    },
    "genre_dortmund": {
        "all": {
            "alternative": 0.00745520507917,
            "blues": 0.00953710172325,
            "electronic": 0.1465254426,
            "folkcountry": 0.01526996959,
            "funksoulrnb": 0.0266101527959,
            "jazz": 0.385744422674,
            "pop": 0.0223725922406,
            "raphiphop": 0.378651589155,
            "rock": 0.00783350877464
        },
        "probability": 0.385744422674,
        "value": "jazz"
    },
    "genre_electronic": {
        "all": {
            "ambient": 0.823718607426,
            "dnb": 0.00958930142224,
            "house": 0.123720802367,
            "techno": 0.031360425055,
            "trance": 0.0116108823568
        },
        "probability": 0.823718607426,
        "value": "ambient"
    },
    "genre_rosamerica": {
        "all": {
            "cla": 0.174642935395,
            "dan": 0.0135502517223,
            "hip": 0.135651707649,
            "jaz": 0.390427798033,
            "pop": 0.0211199037731,
            "rhy": 0.180173993111,
            "roc": 0.00961584225297,
            "spe": 0.0748175606132
        },
        "probability": 0.390427798033,
        "value": "jaz"
    },
    "genre_tzanetakis": {
        "all": {
            "blu": 0.00103281473275,
            "cla": 0.0231945365667,
            "cou": 0.00083078147145,
            "dis": 0.00303180213086,
            "hip": 0.000930882641114,
            "jaz": 0.0065436004661,
            "met": 0.000343318533851,
            "pop": 0.00537369213998,
            "reg": 0.00194246065803,
            "roc": 0.956776082516
        },
        "probability": 0.956776082516,
        "value": "roc"
    },
    "ismir04_rhythm": {
        "all": {
            "ChaChaCha": 0.0108459079638,
            "Jive": 0.00478567229584,
            "Quickstep": 0.0453979708254,
            "Rumba-American": 0.0132506936789,
            "Rumba-International": 0.646425545216,
            "Rumba-Misc": 0.0397739261389,
            "Samba": 0.0261870268732,
            "Tango": 0.0158771481365,
            "VienneseWaltz": 0.129939228296,
            "Waltz": 0.0675168931484
        },
        "probability": 0.646425545216,
        "value": "Rumba-International"
    },
    "mood_acoustic": {
        "all": {
            "acoustic": 0.25070682168,
            "not_acoustic": 0.749293208122
        },
        "probability": 0.749293208122,
        "value": "not_acoustic"
    },
    "mood_aggressive": {
        "all": {
            "aggressive": 0.165137603879,
            "not_aggressive": 0.834862411022
        },
        "probability": 0.834862411022,
        "value": "not_aggressive"
    },
    "mood_electronic": {
        "all": {
            "electronic": 0.743545651436,
            "not_electronic": 0.256454378366
        },
        "probability": 0.743545651436,
        "value": "electronic"
    },
    "mood_happy": {
        "all": {
            "happy": 0.0392630435526,
            "not_happy": 0.96073693037
        },
        "probability": 0.96073693037,
        "value": "not_happy"
    },
    "mood_party": {
        "all": {
            "not_party": 0.938474535942,
            "party": 0.0615254566073
        },
        "probability": 0.938474535942,
        "value": "not_party"
    },
    "mood_relaxed": {
        "all": {
            "not_relaxed": 0.0359422750771,
            "relaxed": 0.964057743549
        },
        "probability": 0.964057743549,
        "value": "relaxed"
    },
    "mood_sad": {
        "all": {
            "not_sad": 0.36621132493,
            "sad": 0.633788704872
        },
        "probability": 0.633788704872,
        "value": "sad"
    },
    "moods_mirex": {
        "all": {
            "Cluster1": 0.128640413284,
            "Cluster2": 0.220809012651,
            "Cluster3": 0.546797215939,
            "Cluster4": 0.0838953703642,
            "Cluster5": 0.0198579896241
        },
        "probability": 0.546797215939,
        "value": "Cluster3"
    },
    "timbre": {
        "all": {
            "bright": 0.0143307670951,
            "dark": 0.985669255257
        },
        "probability": 0.985669255257,
        "value": "dark"
    },
    "tonal_atonal": {
        "all": {
            "atonal": 0.856887996197,
            "tonal": 0.143112003803
        },
        "probability": 0.856887996197,
        "value": "atonal"
    },
    "voice_instrumental": {
        "all": {
            "instrumental": 0.574565589428,
            "voice": 0.42543438077
        },
        "probability": 0.574565589428,
        "value": "instrumental"
    }
},
"lowlevel": {
    "average_loudness": 0.931239366531,
    "barkbands_crest": {
        "dmean": 2.92474913597,
        "dmean2": 4.54291296005,
        "dvar": 8.21984958649,
        "dvar2": 17.3954048157,
        "max": 26.4678497314,
        "mean": 14.0469655991,
        "median": 13.0590219498,
        "min": 2.162784338,
        "var": 35.7813301086
    },
    "barkbands_flatness_db": {
        "dmean": 0.0398440882564,
        "dmean2": 0.0558896660805,
        "dvar": 0.0018023555167,
        "dvar2": 0.00274943537079,
        "max": 0.622825324535,
        "mean": 0.305994361639,
        "median": 0.322344154119,
        "min": 0.0546341128647,
        "var": 0.0100080436096
    },
    "barkbands_kurtosis": {
        "dmean": 25.0506439209,
        "dmean2": 35.4360694885,
        "dvar": 7608.90625,
        "dvar2": 13859.2148438,
        "max": 1582.41467285,
        "mean": 34.3475837708,
        "median": 7.89863109589,
        "min": -1.79521477222,
        "var": 12754.4521484
    },
    "barkbands_skewness": {
        "dmean": 1.29986464977,
        "dmean2": 1.9404951334,
        "dvar": 3.92248988152,
        "dvar2": 6.37505578995,
        "max": 33.0370483398,
        "mean": 2.32059645653,
        "median": 1.28288865089,
        "min": -2.08266210556,
        "var": 13.4063997269
    },
    "barkbands_spread": {
        "dmean": 3.78412365913,
        "dmean2": 5.82036685944,
        "dvar": 84.2535400391,
        "dvar2": 151.420120239,
        "max": 89.9169235229,
        "mean": 7.2504401207,
        "median": 3.51378798485,
        "min": 0.0774700716138,
        "var": 153.70451355
    },
    "dissonance": {
        "dmean": 0.0410860404372,
        "dmean2": 0.0681108236313,
        "dvar": 0.00159698259085,
        "dvar2": 0.00393268279731,
        "max": 0.499792993069,
        "mean": 0.402556598186,
        "median": 0.415498524904,
        "min": 0.115222230554,
        "var": 0.00456527806818
    },
    "dynamic_complexity": 5.64872169495,
    "erbbands_crest": {
        "dmean": 3.49039697647,
        "dmean2": 5.88783550262,
        "dvar": 10.4946451187,
        "dvar2": 27.2950057983,
        "max": 31.6415557861,
        "mean": 13.8939561844,
        "median": 13.075925827,
        "min": 2.86024022102,
        "var": 32.4108085632
    },
    "erbbands_flatness_db": {
        "dmean": 0.0325518250465,
        "dmean2": 0.0461384430528,
        "dvar": 0.00126298842952,
        "dvar2": 0.00191675999667,
        "max": 0.51377171278,
        "mean": 0.264889240265,
        "median": 0.271822571754,
        "min": 0.065330170095,
        "var": 0.00615458702669
    },
    "erbbands_kurtosis": {
        "dmean": 6.6791100502,
        "dmean2": 10.5754718781,
        "dvar": 168.893859863,
        "dvar2": 332.989440918,
        "max": 282.204406738,
        "mean": 12.3807096481,
        "median": 7.50683307648,
        "min": -1.76975655556,
        "var": 388.477142334
    },
    "erbbands_skewness": {
        "dmean": 0.769410312176,
        "dmean2": 1.23986303806,
        "dvar": 0.842870652676,
        "dvar2": 1.7761027813,
        "max": 12.7258558273,
        "mean": 2.10836601257,
        "median": 1.95066130161,
        "min": -1.60269594193,
        "var": 2.30506563187
    },
    "erbbands_spread": {
        "dmean": 9.09963035583,
        "dmean2": 13.8306455612,
        "dvar": 234.207504272,
        "dvar2": 477.037811279,
        "max": 135.694381714,
        "mean": 17.8772659302,
        "median": 9.10660266876,
        "min": 0.343909025192,
        "var": 443.147186279
    },
    "hfc": {
        "dmean": 3.78005313873,
        "dmean2": 5.4061832428,
        "dvar": 105.114959717,
        "dvar2": 227.927307129,
        "max": 91.6958999634,
        "mean": 6.60895872116,
        "median": 3.00503826141,
        "min": 3.05561286496e-07,
        "var": 134.470870972
    },
    "melbands_crest": {
        "dmean": 3.2650616169,
        "dmean2": 5.23990678787,
        "dvar": 11.6355199814,
        "dvar2": 28.5526332855,
        "max": 37.8943862915,
        "mean": 16.7027339935,
        "median": 15.5137529373,
        "min": 3.88368058205,
        "var": 51.3474159241
    },
    "melbands_flatness_db": {
        "dmean": 0.0469310209155,
        "dmean2": 0.0641333460808,
        "dvar": 0.0026791205164,
        "dvar2": 0.00407768366858,
        "max": 0.753223717213,
        "mean": 0.376414656639,
        "median": 0.393041551113,
        "min": 0.0163789354265,
        "var": 0.0151011617854
    },
    "melbands_kurtosis": {
        "dmean": 25.0328941345,
        "dmean2": 37.9114189148,
        "dvar": 5704.72753906,
        "dvar2": 11392.0361328,
        "max": 994.669494629,
        "mean": 35.6298866272,
        "median": 7.76720046997,
        "min": -1.31662881374,
        "var": 11570.0625
    },
    "melbands_skewness": {
        "dmean": 1.1593528986,
        "dmean2": 1.76735520363,
        "dvar": 2.29506540298,
        "dvar2": 4.69272327423,
        "max": 20.0266838074,
        "mean": 2.2439956665,
        "median": 1.37345731258,
        "min": -1.44544231892,
        "var": 8.55059242249
    },
    "melbands_spread": {
        "dmean": 4.2685585022,
        "dmean2": 6.49430036545,
        "dvar": 117.36315155,
        "dvar2": 248.003479004,
        "max": 164.30632019,
        "mean": 8.3888092041,
        "median": 4.57328510284,
        "min": 0.187111273408,
        "var": 202.94367981
    },
    "pitch_salience": {
        "dmean": 0.0800867602229,
        "dmean2": 0.121439427137,
        "dvar": 0.00727250706404,
        "dvar2": 0.0143383387476,
        "max": 0.856102585793,
        "mean": 0.509893357754,
        "median": 0.558314919472,
        "min": 0.0347435697913,
        "var": 0.0359836369753
    },
    "silence_rate_20dB": {
        "dmean": 0,
        "dmean2": 0,
        "dvar": 0,
        "dvar2": 0,
        "max": 1,
        "mean": 1,
        "median": 1,
        "min": 1,
        "var": 0
    },
    "silence_rate_30dB": {
        "dmean": 0.0108359130099,
        "dmean2": 0.0216886140406,
        "dvar": 0.0107184182853,
        "dvar2": 0.0320626944304,
        "max": 1,
        "mean": 0.994586229324,
        "median": 1,
        "min": 0,
        "var": 0.00538437999785
    },
    "silence_rate_60dB": {
        "dmean": 0.0448916405439,
        "dmean2": 0.0898528248072,
        "dvar": 0.042876072228,
        "dvar2": 0.0988194420934,
        "max": 1,
        "mean": 0.253673613071,
        "median": 0,
        "min": 0,
        "var": 0.189322978258
    },
    "spectral_centroid": {
        "dmean": 151.461730957,
        "dmean2": 234.179916382,
        "dvar": 119784.273438,
        "dvar2": 225570.40625,
        "max": 3864.8215332,
        "mean": 541.070495605,
        "median": 361.238830566,
        "min": 90.073348999,
        "var": 273348.625
    },
    "spectral_complexity": {
        "dmean": 2.19504642487,
        "dmean2": 3.18512773514,
        "dvar": 28.9092159271,
        "dvar2": 43.3514633179,
        "max": 57,
        "mean": 7.40061855316,
        "median": 6,
        "min": 0,
        "var": 56.2570343018
    },
    "spectral_decrease": {
        "dmean": 1.88554083458e-09,
        "dmean2": 2.53603804623e-09,
        "dvar": 1.12995336673e-17,
        "dvar2": 2.12739504631e-17,
        "max": -4.68704655659e-17,
        "mean": -5.45623546344e-09,
        "median": -2.31787522509e-09,
        "min": -2.99765261502e-08,
        "var": 4.59884726573e-17
    },
    "spectral_energy": {
        "dmean": 0.00742719136178,
        "dmean2": 0.0100023178384,
        "dvar": 0.000177515088581,
        "dvar2": 0.000341410952387,
        "max": 0.114142253995,
        "mean": 0.0211925543845,
        "median": 0.00894486997277,
        "min": 2.0850712823e-10,
        "var": 0.000687119434588
    },
    "spectral_energyband_high": {
        "dmean": 0.000157434245921,
        "dmean2": 0.000239810891799,
        "dvar": 2.50990410677e-07,
        "dvar2": 5.24906624833e-07,
        "max": 0.00398902501911,
        "mean": 0.00013537844643,
        "median": 3.05918388221e-06,
        "min": 1.84489125366e-11,
        "var": 2.66975831664e-07
    },
    "spectral_energyband_low": {
        "dmean": 0.00384077313356,
        "dmean2": 0.00440587755293,
        "dvar": 9.93477806333e-05,
        "dvar2": 0.000131127118948,
        "max": 0.106923446059,
        "mean": 0.00940161943436,
        "median": 0.00115740974434,
        "min": 3.95209039106e-11,
        "var": 0.000381308869692
    },
    "spectral_energyband_middle_high": {
        "dmean": 0.000866197398864,
        "dmean2": 0.00122819643002,
        "dvar": 1.364165837e-05,
        "dvar2": 2.84724519588e-05,
        "max": 0.0318855382502,
        "mean": 0.000847496092319,
        "median": 5.15368701599e-05,
        "min": 1.82941335691e-11,
        "var": 1.49981642608e-05
    },
    "spectral_energyband_middle_low": {
        "dmean": 0.00426722737029,
        "dmean2": 0.00623475247994,
        "dvar": 6.37569610262e-05,
        "dvar2": 0.000138823626912,
        "max": 0.099314764142,
        "mean": 0.0110681867227,
        "median": 0.00543910218403,
        "min": 2.79218870247e-11,
        "var": 0.000225608833716
    },
    "spectral_entropy": {
        "dmean": 0.388155966997,
        "dmean2": 0.546349108219,
        "dvar": 0.211674764752,
        "dvar2": 0.334394216537,
        "max": 8.59716510773,
        "mean": 6.28930521011,
        "median": 6.13906621933,
        "min": 3.5115749836,
        "var": 0.859032511711
    },
    "spectral_flux": {
        "dmean": 0.0209665056318,
        "dmean2": 0.0309788081795,
        "dvar": 0.00108712830115,
        "dvar2": 0.0019171241438,
        "max": 0.273094683886,
        "mean": 0.0542350336909,
        "median": 0.0344495177269,
        "min": 5.59231557418e-06,
        "var": 0.00289491331205
    },
    "spectral_kurtosis": {
        "dmean": 11.9772825241,
        "dmean2": 18.8823242188,
        "dvar": 238.935058594,
        "dvar2": 563.93145752,
        "max": 239.055618286,
        "mean": 24.3476676941,
        "median": 14.8015098572,
        "min": -0.325273513794,
        "var": 738.254455566
    },
    "spectral_rms": {
        "dmean": 0.000718268856872,
        "dmean2": 0.000941266131122,
        "dvar": 1.11150939119e-06,
        "dvar2": 1.90865694094e-06,
        "max": 0.0105526437983,
        "mean": 0.00374179217033,
        "median": 0.00295409932733,
        "min": 4.51022827974e-07,
        "var": 6.67463473292e-06
    },
    "spectral_rolloff": {
        "dmean": 284.713867188,
        "dmean2": 513.545043945,
        "dvar": 1139528.5,
        "dvar2": 2429978.25,
        "max": 9840.67382812,
        "mean": 653.723632812,
        "median": 387.59765625,
        "min": 43.06640625,
        "var": 1330861
    },
    "spectral_skewness": {
        "dmean": 0.919633448124,
        "dmean2": 1.39736843109,
        "dvar": 0.87938529253,
        "dvar2": 1.85626792908,
        "max": 12.5947446823,
        "mean": 3.50541973114,
        "median": 3.21276021004,
        "min": 0.484636068344,
        "var": 3.84553742409
    },
    "spectral_spread": {
        "dmean": 863543.1875,
        "dmean2": 1242327,
        "dvar": 1.26859516314e+12,
        "dvar2": 1.75304907162e+12,
        "max": 12388503,
        "mean": 3262947.5,
        "median": 2731622,
        "min": 474821.78125,
        "var": 4.22827497882e+12
    },
    "spectral_strongpeak": {
        "dmean": 0.280591249466,
        "dmean2": 0.450874507427,
        "dvar": 0.145995289087,
        "dvar2": 0.337454050779,
        "max": 3.90557575226,
        "mean": 0.643022894859,
        "median": 0.508947312832,
        "min": 0,
        "var": 0.380107313395
    },
    "zerocrossingrate": {
        "dmean": 0.00791794154793,
        "dmean2": 0.00938513595611,
        "dvar": 0.000297337915981,
        "dvar2": 0.000403520301916,
        "max": 0.2529296875,
        "mean": 0.0259725600481,
        "median": 0.01611328125,
        "min": 0.001953125,
        "var": 0.00101443543099
    },
    "barkbands": {
        "dmean": [9.23872430576e-05, 0.00343737658113, 0.00133992498741, 0.000618615362328, 0.00141152658034, 0.00208142353222, 0.00131602899637, 0.000209927253309, 0.000105032850115, 9.86420200206e-05, 0.000118214637041, 0.000130260814331, 0.00016900364426, 0.000124140002299, 7.19643430784e-05, 7.39607276046e-05, 5.11533507961e-05, 5.89461524214e-05, 2.20917718252e-05, 4.07862426073e-05, 3.64019906556e-05, 3.38849240507e-05, 2.88559403998e-05, 1.29783220473e-05, 2.07588946068e-05, 2.38012989939e-06, 2.12298889579e-09],
        "dmean2": [0.000111190456664, 0.0040499442257, 0.00236372742802, 0.00104749272577, 0.00226914789528, 0.00298831332475, 0.00221741921268, 0.000349987909431, 0.000147798418766, 0.000168521830346, 0.000188671241631, 0.000194278705749, 0.000282842520392, 0.000191984276171, 0.000113549205707, 0.000107982043119, 7.71939448896e-05, 8.97869394976e-05, 3.32890449499e-05, 6.25616594334e-05, 5.63796966162e-05, 5.34038554179e-05, 4.4025524403e-05, 2.12327213376e-05, 3.37267556461e-05, 3.87151612813e-06, 3.21676307813e-09],
        "dvar": [6.22085423174e-08, 9.38539815252e-05, 3.85102866858e-05, 2.95187442134e-06, 1.00074921647e-05, 1.22111860037e-05, 2.00788617803e-05, 3.76743940933e-07, 4.79885962079e-08, 2.64620666712e-07, 2.85238826336e-07, 2.97845843988e-07, 7.02094155258e-07, 3.6114980162e-07, 1.2882183853e-07, 1.36139306051e-07, 5.99974967486e-08, 8.71474696851e-08, 1.04038777593e-08, 3.37034187226e-08, 2.48317277851e-08, 1.235593583e-08, 8.07032840555e-09, 1.93972549134e-09, 5.65485924753e-09, 7.361024984e-11, 5.02879807955e-16],
        "dvar2": [8.80185524466e-08, 0.000139454205055, 0.000104597565951, 8.02036356617e-06, 2.59709613601e-05, 2.231993858e-05, 5.35272229172e-05, 9.76271167019e-07, 9.80347110158e-08, 7.21874073406e-07, 7.49456432914e-07, 5.71075815969e-07, 1.83802944775e-06, 8.12501866676e-07, 2.69070227432e-07, 3.17064973387e-07, 1.23951267028e-07, 1.97464871121e-07, 1.88138802315e-08, 7.52418500838e-08, 5.12700601973e-08, 2.88135648674e-08, 1.7729334445e-08, 4.75705741465e-09, 1.2417195272e-08, 1.60564589402e-10, 5.37521602613e-16],
        "max": [0.003237929428, 0.0946767479181, 0.0518658831716, 0.0150118079036, 0.0570797324181, 0.0446408689022, 0.0430851280689, 0.00632357085124, 0.00273157376796, 0.00666675390676, 0.00582315959036, 0.00618840800598, 0.0078983604908, 0.00610426813364, 0.00421117292717, 0.00566876586527, 0.00265597668476, 0.0037710738834, 0.00146497134119, 0.00178654829506, 0.00197033258155, 0.00107084726915, 0.00107327965088, 0.000572383694816, 0.000863991386723, 0.000104555554572, 6.83277392e-07],
        "mean": [0.000244621216552, 0.00791406165808, 0.00100031821057, 0.000605318287853, 0.00244743330404, 0.00574899185449, 0.00166517228354, 0.000323382962961, 0.000252125406405, 8.36853869259e-05, 0.000114120084618, 0.000164936645888, 0.000124884129036, 0.00010461700731, 6.74709226587e-05, 6.52981907479e-05, 4.55535482615e-05, 5.03592818859e-05, 2.22677881538e-05, 3.27782618115e-05, 3.53721989086e-05, 2.72985707852e-05, 2.42662190431e-05, 9.77629588306e-06, 1.65524215845e-05, 1.89788113403e-06, 1.79423154112e-09],
        "median": [1.15256425488e-05, 0.000528046570253, 9.11064344109e-05, 0.000147470811498, 0.000815950101241, 0.00216833245941, 0.000298587197904, 0.0001060124996, 9.41694379435e-05, 7.68920654082e-06, 1.28802184918e-05, 8.08895219961e-06, 3.98935208068e-06, 2.08729238693e-06, 1.10627502181e-06, 8.43453733523e-07, 4.70209783998e-07, 7.24986477962e-07, 6.17219996002e-07, 6.17740283815e-07, 6.18951844444e-07, 6.96837616943e-07, 6.77086575251e-07, 4.20292707304e-07, 4.33587494797e-08, 1.43991707446e-09, 1.78865144917e-10],
        "min": [7.090149301e-11, 3.15038332878e-13, 5.04483946479e-14, 1.22801467888e-13, 1.56485740165e-12, 4.97106652717e-12, 3.31578124332e-12, 1.7077140483e-12, 1.80137718978e-12, 8.52397742234e-13, 4.27299661583e-13, 1.42512922036e-12, 1.14964201353e-12, 7.75247921414e-13, 7.74447997051e-13, 9.94955962237e-13, 7.96545555209e-13, 1.06540178155e-12, 1.27215826849e-12, 1.04685194974e-12, 1.22839835092e-12, 1.63443997919e-12, 1.4288726452e-12, 2.13588912182e-12, 2.9076467796e-12, 3.15847239855e-12, 4.52151857622e-12],
        "var": [3.39714659958e-07, 0.000297551625408, 2.53757953033e-05, 2.19661455958e-06, 2.1415127776e-05, 7.22317854525e-05, 2.27352702495e-05, 5.38066956324e-07, 1.3002410526e-07, 1.81720338333e-07, 2.38791756146e-07, 3.89477349927e-07, 5.11627206379e-07, 3.38382164955e-07, 1.35013394242e-07, 1.32452157686e-07, 6.45232134389e-08, 8.31311979255e-08, 1.30753372574e-08, 3.19864703613e-08, 2.86571122388e-08, 1.13984883754e-08, 7.94735743881e-09, 1.58605750755e-09, 5.36586552968e-09, 7.07834277303e-11, 4.96534790027e-16]
    },
    "erbbands": {
        "dmean": [0.0994937047362, 0.858853280544, 1.55628073215, 1.58936905861, 2.69389390945, 6.08145046234, 11.9826831818, 18.8486728668, 15.5959796906, 14.6029310226, 4.57332181931, 2.29428267479, 3.07714605331, 3.26202702522, 5.64925193787, 4.97712659836, 7.02657651901, 5.75628328323, 5.55548477173, 3.90080332756, 3.61112260818, 2.96162199974, 3.07264018059, 1.72279798985, 1.19463706017, 1.82521629333, 1.77972888947, 1.24188947678, 1.35499763489, 0.863556563854, 0.868250906467, 0.357491761446, 0.209864467382, 0.280262947083, 0.107099443674, 0.0239134393632, 0.00134724739473, 3.93253321818e-05, 6.67180802338e-06, 8.89745479071e-06],
        "dmean2": [0.101899504662, 1.07415091991, 2.45318293571, 2.76723337173, 4.5183634758, 9.82205581665, 17.3879470825, 27.7527866364, 26.3711700439, 23.8813610077, 7.40667676926, 3.23668789864, 4.99729824066, 5.18693304062, 8.66325855255, 7.28182697296, 11.4992046356, 8.99951839447, 8.51535129547, 5.90026187897, 5.39560365677, 4.53165054321, 4.68473052979, 2.71231913567, 1.82443106174, 2.83598232269, 2.6346116066, 1.82664978504, 2.16049408913, 1.32857167721, 1.33692610264, 0.573836088181, 0.348351120949, 0.456997543573, 0.17040976882, 0.0387202426791, 0.00226853275672, 6.48062778055e-05, 9.78554544417e-06, 1.21068933367e-05],
        "dvar": [0.0607110671699, 6.6781835556, 42.2453956604, 21.1489067078, 58.2463722229, 277.377563477, 697.984863281, 1092.64575195, 3476.39404297, 1506.36242676, 139.514221191, 24.0410671234, 170.420761108, 202.005874634, 663.190856934, 447.887176514, 1140.48449707, 767.958435059, 758.485900879, 338.046386719, 345.109191895, 197.436172485, 239.298736572, 68.2146072388, 27.708360672, 65.6567230225, 61.3724136353, 25.471704483, 21.7598457336, 6.90112400055, 7.74384737015, 1.36443674564, 0.526120662689, 1.09605872631, 0.134908854961, 0.00703918747604, 2.41777142946e-05, 1.79242363174e-08, 1.8842961913e-10, 2.48946224746e-10],
        "dvar2": [0.0721034929156, 10.8290948868, 101.982841492, 57.0191230774, 155.976928711, 757.305664062, 1296.94970703, 2207.38208008, 9809.12109375, 3345.45556641, 349.420013428, 49.8055725098, 451.81652832, 516.503967285, 1657.06970215, 798.945861816, 2926.75561523, 1722.03796387, 1606.75634766, 659.51940918, 816.733703613, 406.271240234, 547.336120605, 126.543754578, 52.9938316345, 147.88482666, 120.778999329, 49.8350143433, 52.2987518311, 15.1794214249, 17.1019268036, 3.11789011955, 1.28605270386, 2.43048644066, 0.296644866467, 0.0152773959562, 5.48900097783e-05, 3.94992696329e-08, 4.00794814004e-10, 4.96832852637e-10],
        "max": [2.70687055588, 25.3210258484, 63.5225067139, 38.5185165405, 68.5802841187, 267.406616211, 501.566345215, 471.587860107, 539.065734863, 566.786315918, 99.7219085693, 60.524520874, 169.317092896, 174.929489136, 347.098510742, 223.237838745, 332.814056396, 313.66696167, 309.056945801, 194.30871582, 288.397949219, 156.521743774, 204.731643677, 93.4589157104, 69.2267837524, 81.9564361572, 90.7112503052, 59.5726852417, 47.5548057556, 21.6852531433, 36.3357887268, 15.4543657303, 8.54667568207, 13.4735145569, 4.36652088165, 0.916050612926, 0.0575939677656, 0.00150006567128, 0.000121859324281, 0.000124937214423],
        "mean": [0.268851280212, 1.5721218586, 1.61662197113, 1.49063670635, 3.45140337944, 9.89641571045, 31.4401435852, 46.3126373291, 23.7960605621, 21.7946891785, 8.15722465515, 4.98392820358, 4.26751422882, 3.24240732193, 5.82323455811, 6.14256095886, 5.42618131638, 4.91323757172, 5.10357379913, 3.62611365318, 3.19415354729, 2.65420818329, 2.62574911118, 1.68754422665, 1.14119005203, 1.45892333984, 1.70511043072, 1.19106507301, 1.06162393093, 0.724747240543, 0.72457909584, 0.291640609503, 0.154564365745, 0.221986308694, 0.0856278538704, 0.0192416850477, 0.00104511110112, 3.18481907016e-05, 1.25078158817e-05, 2.39760993281e-05],
        "median": [0.0197481978685, 0.108435302973, 0.147694259882, 0.424823403358, 0.830731511116, 3.09813022614, 10.5633087158, 16.7190608978, 5.32077884674, 4.83143758774, 2.73886227608, 2.13153147697, 1.1384125948, 0.576829969883, 0.400639504194, 0.306253731251, 0.210837706923, 0.123351842165, 0.0894807726145, 0.0504064969718, 0.0454967580736, 0.0329002887011, 0.0371495857835, 0.0325834788382, 0.0307073034346, 0.0292415991426, 0.0278389789164, 0.0238526295871, 0.0248788092285, 0.0219788383693, 0.0185175016522, 0.0126182055101, 0.00461290543899, 0.000849144649692, 0.000241511428612, 4.27346785727e-05, 7.4954223237e-06, 9.77744434749e-07, 5.5730256463e-06, 1.08860722321e-05],
        "min": [3.49248657772e-10, 6.81631209809e-11, 1.74662548313e-10, 2.9609176222e-10, 5.85083981264e-10, 6.81697542859e-09, 2.49938612029e-08, 4.6343114235e-08, 4.28360422688e-08, 4.89400697745e-08, 5.55998873608e-08, 5.73840353013e-08, 4.82995758944e-08, 4.9998416074e-08, 2.62798867112e-08, 5.1355879549e-08, 4.92039085032e-08, 6.48537294978e-08, 6.35882244637e-08, 4.34195186472e-08, 7.14095023113e-08, 4.31758309105e-08, 6.97079372003e-08, 5.12296622901e-08, 7.02469762359e-08, 5.09723179221e-08, 6.17761628519e-08, 3.81794826865e-08, 5.16771549997e-08, 5.62573667651e-08, 4.4990837722e-08, 4.68377479024e-08, 3.45564927784e-08, 2.67298290169e-08, 1.87814972463e-08, 9.63689306133e-09, 6.79522527136e-09, 2.20830376207e-09, 5.48858236638e-10, 6.42322167677e-11],
        "var": [0.320154637098, 15.541062355, 39.3406639099, 15.5197563171, 50.8998756409, 482.916137695, 2684.42211914, 5860.60498047, 3126.77172852, 3044.76806641, 240.951766968, 53.0911102295, 132.783477783, 169.497955322, 619.84753418, 599.884399414, 869.666381836, 725.337463379, 778.429138184, 384.312164307, 326.74597168, 213.0390625, 225.507522583, 81.9914245605, 32.5680503845, 61.4945678711, 72.3145217896, 30.4248352051, 19.0404243469, 6.89112854004, 7.51664447784, 1.24805724621, 0.428083926439, 1.02571320534, 0.128942862153, 0.00681935111061, 2.1843581635e-05, 1.67437068654e-08, 2.98975316726e-10, 8.57730941828e-10]
    },
    "gfcc": {
        "mean": [-180.576446533, 166.199508667, -80.39793396, 29.6540985107, -81.8585128784, 1.06358098984, -31.2178649902, -10.539855957, -3.98852705956, -6.45898723602, 10.8712177277, -3.79955554008, 6.8292350769],
        "cov": [[15624.8710938, 286.539215088, -313.980865479, 480.93081665, -662.205322266, 360.101165771, -354.996002197, 63.2336502075, -211.965362549, 241.566467285, -235.1746521, 147.403335571, -108.009719849], [286.539215088, 2785.27197266, 566.003234863, -734.050720215, 213.407699585, -321.024139404, 501.436676025, -532.12689209, 451.898071289, -251.871734619, 391.55090332, -229.273269653, 133.88092041], [-313.980865479, 566.003234863, 1265.50012207, 167.123962402, 117.945854187, -17.8992805481, 255.287246704, 40.1124801636, 212.884307861, 28.9572792053, 145.867858887, 5.55677986145, 40.2992019653], [480.93081665, -734.050720215, 167.123962402, 911.029968262, 0.123341277242, 192.522415161, 7.6922454834, 233.212478638, -3.61788439751, 18.1941890717, -53.7686653137, 31.358373642, -40.9516677856], [-662.205322266, 213.407699585, 117.945854187, 0.123341277242, 416.531829834, 67.933555603, 171.120147705, -13.2922668457, 77.3136520386, 7.73133850098, 26.9615459442, 3.19711780548, 2.57338070869], [360.101165771, -321.024139404, -17.8992805481, 192.522415161, 67.933555603, 240.268981934, 15.3974113464, 124.280090332, -40.3417472839, 52.9094657898, -45.6759338379, 32.46459198, -22.931016922], [-354.996002197, 501.436676025, 255.287246704, 7.6922454834, 171.120147705, 15.3974113464, 281.349639893, -40.4726219177, 172.204849243, -49.9866752625, 110.126556396, -27.2755241394, 23.7600345612], [63.2336502075, -532.12689209, 40.1124801636, 233.212478638, -13.2922668457, 124.280090332, -40.4726219177, 225.000915527, -55.578742981, 75.6521759033, -83.1697921753, 41.0212936401, -33.122756958], [-211.965362549, 451.898071289, 212.884307861, -3.61788439751, 77.3136520386, -40.3417472839, 172.204849243, -55.578742981, 210.958374023, -33.4270782471, 113.763885498, -33.9065818787, 41.2162322998], [241.566467285, -251.871734619, 28.9572792053, 18.1941890717, 7.73133850098, 52.9094657898, -49.9866752625, 75.6521759033, -33.4270782471, 106.444221497, -26.2077388763, 46.3799781799, -12.2220077515], [-235.1746521, 391.55090332, 145.867858887, -53.7686653137, 26.9615459442, -45.6759338379, 110.126556396, -83.1697921753, 113.763885498, -26.2077388763, 148.774002075, -5.02139806747, 56.5637817383], [147.403335571, -229.273269653, 5.55677986145, 31.358373642, 3.19711780548, 32.46459198, -27.2755241394, 41.0212936401, -33.9065818787, 46.3799781799, -5.02139806747, 93.3738174438, 19.3209381104], [-108.009719849, 133.88092041, 40.2992019653, -40.9516677856, 2.57338070869, -22.931016922, 23.7600345612, -33.122756958, 41.2162322998, -12.2220077515, 56.5637817383, 19.3209381104, 85.3952865601]],
        "icov": [[0.000131353532197, -0.000372732873075, 0.000112548055768, -0.000291679811198, 0.000336105615133, -0.000271208147751, 0.000141233598697, 0.000138830480864, -1.04450209619e-05, -0.000631973787677, 0.000623754807748, -0.000653234834317, 0.000138336996315], [-0.000372732873075, 0.00300414534286, -0.000880330218934, 0.00179754418787, -0.000976147654001, 0.000643849547487, -0.00177561468445, 0.00171623914503, -0.000642786966637, 0.0026220867876, -0.00286160968244, 0.00446153897792, -0.000970233289991], [0.000112548055768, -0.000880330218934, 0.00142082304228, -0.000782483373769, 0.00036408615415, 0.000408846855862, -0.000501374073792, -0.000868718780112, -3.51458111254e-05, -0.00181510846596, 0.000367861532141, -0.00120588403661, 0.000164479759405], [-0.000291679811198, 0.00179754418787, -0.000782483373769, 0.00299351220019, -0.000826812116429, -0.000521166366525, -1.24868647617e-05, -0.00128489662893, -0.00116599409375, 0.00399133982137, -0.00253014964983, 0.00207154848613, 0.000349041511072], [0.000336105615133, -0.000976147654001, 0.00036408615415, -0.000826812116429, 0.00466202711686, -0.00144934083801, -0.00296322884969, 0.00184338935651, 0.000169976483448, -0.00358146964572, 0.00360965635628, -0.00193667132407, -0.000150418374687], [-0.000271208147751, 0.000643849547487, 0.000408846855862, -0.000521166366525, -0.00144934083801, 0.00813579466194, -0.00291190808639, -0.00271691405214, 0.00239835586399, -0.00148692680523, -0.00105500151403, 0.00144381774589, -0.000808820710517], [0.000141233598697, -0.00177561468445, -0.000501374073792, -1.24868647617e-05, -0.00296322884969, -0.00291190808639, 0.014339919202, -0.00362898549065, -0.00633088639006, 0.00596458278596, -0.00345560419373, -0.00396807212383, 0.00419889762998], [0.000138830480864, 0.00171623914503, -0.000868718780112, -0.00128489662893, 0.00184338935651, -0.00271691405214, -0.00362898549065, 0.0144458506256, -0.000644857238512, -0.00613319966942, 0.00574563676491, 0.00140203430783, -0.00158305838704], [-1.04450209619e-05, -0.000642786966637, -3.51458111254e-05, -0.00116599409375, 0.000169976483448, 0.00239835586399, -0.00633088639006, -0.000644857238512, 0.0142843369395, -0.00347521412186, -0.00393596850336, 0.0037550709676, -0.00303203193471], [-0.000631973787677, 0.0026220867876, -0.00181510846596, 0.00399133982137, -0.00358146964572, -0.00148692680523, 0.00596458278596, -0.00613319966942, -0.00347521412186, 0.0239888336509, -0.00708703137934, -0.00311465584673, 0.00404026545584], [0.000623754807748, -0.00286160968244, 0.000367861532141, -0.00253014964983, 0.00360965635628, -0.00105500151403, -0.00345560419373, 0.00574563676491, -0.00393596850336, -0.00708703137934, 0.022629596293, -0.00590755557641, -0.006080951076], [-0.000653234834317, 0.00446153897792, -0.00120588403661, 0.00207154848613, -0.00193667132407, 0.00144381774589, -0.00396807212383, 0.00140203430783, 0.0037550709676, -0.00311465584673, -0.00590755557641, 0.0241018123925, -0.00796275213361], [0.000138336996315, -0.000970233289991, 0.000164479759405, 0.000349041511072, -0.000150418374687, -0.000808820710517, 0.00419889762998, -0.00158305838704, -0.00303203193471, 0.00404026545584, -0.006080951076, -0.00796275213361, 0.0193722657859]]
    },
    "melbands": {
        "dmean": [0.00091485370649, 0.000846593175083, 0.000322642648825, 0.000288210838335, 0.000365934480214, 0.000399622891564, 0.00025909949909, 0.000132299668621, 3.23135354847e-05, 1.40094571179e-05, 1.59228147822e-05, 1.32259829115e-05, 1.71330939338e-05, 1.59291739692e-05, 1.63196345966e-05, 1.44162604556e-05, 1.00015722637e-05, 1.00329543784e-05, 5.1251035984e-06, 5.41078270544e-06, 4.18003037339e-06, 3.27197199113e-06, 3.16299019687e-06, 2.32574211623e-06, 1.37145002554e-06, 7.87241049238e-07, 9.96097924144e-07, 1.285306098e-06, 1.2352942349e-06, 9.10562789613e-07, 6.90939032211e-07, 7.37629420655e-07, 6.89572459578e-07, 4.33407478795e-07, 5.45833415799e-07, 3.38542292866e-07, 1.87114039818e-07, 1.19635487295e-07, 2.03571019597e-07, 2.60749857262e-07],
        "dmean2": [0.00102453527506, 0.00112835026812, 0.000553254736587, 0.000466237193905, 0.00053697678959, 0.000582435284741, 0.000429640902439, 0.000215879001189, 5.10241734446e-05, 1.99585538212e-05, 2.62068715529e-05, 2.13100793189e-05, 2.70932832791e-05, 2.35122497543e-05, 2.50569573836e-05, 2.36196701735e-05, 1.54761200974e-05, 1.55346078827e-05, 8.05156287242e-06, 8.12102189229e-06, 6.40506959826e-06, 4.94248115501e-06, 4.99233692608e-06, 3.4675022107e-06, 2.12297277358e-06, 1.19855258163e-06, 1.57615113494e-06, 2.041489779e-06, 1.78295397291e-06, 1.48830508806e-06, 9.90026478576e-07, 1.17365709684e-06, 1.09893676381e-06, 6.67303254431e-07, 8.42011388613e-07, 5.25654797912e-07, 3.09818659616e-07, 2.04466374498e-07, 3.32301624439e-07, 4.24001228794e-07],
        "dvar": [5.64371384826e-06, 8.11203153717e-06, 7.72823000261e-07, 4.86502187869e-07, 6.2165622694e-07, 4.53940430134e-07, 8.27352721444e-07, 1.18688880946e-07, 6.39467767627e-09, 8.56880566502e-10, 4.87413309713e-09, 3.51669360299e-09, 6.3437282094e-09, 4.27593294106e-09, 5.66843771921e-09, 5.12210984738e-09, 2.28015739623e-09, 2.53422172136e-09, 6.29917118466e-10, 6.6876437721e-10, 4.90569029843e-10, 2.52559972935e-10, 2.70223066146e-10, 1.29827898432e-10, 4.2678676565e-11, 1.26664330066e-11, 1.98165008708e-11, 3.42310381429e-11, 3.15569341491e-11, 1.53359096255e-11, 7.49308167597e-12, 6.77132178453e-12, 4.9376969527e-12, 1.78834106811e-12, 3.07283885836e-12, 1.18633401713e-12, 4.12085865648e-13, 1.60837800869e-13, 6.11589446621e-13, 9.49697135169e-13],
        "dvar2": [7.27868109607e-06, 1.48975441334e-05, 2.03807076105e-06, 1.32204115744e-06, 1.20876450183e-06, 8.79180504398e-07, 2.27053533308e-06, 2.639790182e-07, 1.51938372994e-08, 1.86851889517e-09, 1.31233521827e-08, 9.1892635723e-09, 1.65900821969e-08, 8.03437938401e-09, 1.32213235915e-08, 1.31684618765e-08, 5.05996355926e-09, 5.41624611827e-09, 1.3490114581e-09, 1.40583589214e-09, 1.22288545956e-09, 5.35677446845e-10, 6.30384466849e-10, 2.8926130935e-10, 8.07794733881e-11, 2.33994247589e-11, 4.00674597667e-11, 8.20574441729e-11, 6.37666378034e-11, 3.32249054658e-11, 1.53059162566e-11, 1.62593931374e-11, 1.19124467235e-11, 4.02952584494e-12, 6.81549434944e-12, 2.57597914353e-12, 9.91287455766e-13, 4.03863845578e-13, 1.43959757309e-12, 2.08946271743e-12],
        "max": [0.0254502091557, 0.0295233968645, 0.00605913205072, 0.00883775670081, 0.0167766287923, 0.00936932209879, 0.00813885498792, 0.00500656338409, 0.000684254569933, 0.000387352833059, 0.000899863196537, 0.000750461302232, 0.000951113528572, 0.000791139609646, 0.00086150149582, 0.000704876845703, 0.00054936343804, 0.000583129643928, 0.000296772137517, 0.000354745541699, 0.000335272256052, 0.000176748988451, 0.000230600533541, 0.000163867749507, 8.41552682687e-05, 4.48922583018e-05, 5.38124404557e-05, 5.97537509748e-05, 6.76125564496e-05, 4.05828432122e-05, 2.8900016332e-05, 2.62096182269e-05, 2.13868588617e-05, 1.20739250633e-05, 2.16972639464e-05, 1.49265688378e-05, 8.63177501742e-06, 4.44047464043e-06, 9.39681194723e-06, 1.25099832076e-05],
        "mean": [0.00228895689361, 0.00130279688165, 0.000317426398396, 0.000428422499681, 0.000939226476476, 0.00102455797605, 0.000400616467232, 0.000203296134714, 5.77115133638e-05, 3.18844467984e-05, 2.10323687497e-05, 1.25131546156e-05, 1.6568123101e-05, 2.06580607482e-05, 1.44810364873e-05, 1.07375726657e-05, 8.55482903717e-06, 9.17699981073e-06, 4.50770676252e-06, 4.89430294692e-06, 3.51667085852e-06, 2.84335419565e-06, 2.61496938947e-06, 2.05042738344e-06, 1.30243176955e-06, 7.92671357885e-07, 8.9584585794e-07, 9.66417474046e-07, 1.13059854812e-06, 8.7930771997e-07, 6.15851206476e-07, 5.81720598802e-07, 5.40683913641e-07, 3.61212187272e-07, 4.50801820762e-07, 2.89956574306e-07, 1.44183474049e-07, 8.66992238002e-08, 1.52194118641e-07, 2.07543578767e-07],
        "median": [0.000152646942297, 0.000112274574349, 8.4824685473e-05, 0.00011219750013, 0.000344281812431, 0.000378820841433, 7.9696168541e-05, 4.79139744129e-05, 1.69632148754e-05, 1.31052765937e-05, 4.91956825499e-06, 2.01142074729e-06, 1.44306818584e-06, 1.05871390588e-06, 5.75966510041e-07, 3.16451320259e-07, 1.86274178304e-07, 1.42946547044e-07, 7.46464294821e-08, 5.56226282811e-08, 4.80336730391e-08, 2.84487722269e-08, 3.07734140392e-08, 3.15217683067e-08, 2.49250362572e-08, 2.32857075844e-08, 1.95174365558e-08, 1.91298319407e-08, 1.77343153496e-08, 1.47340566414e-08, 1.34650788297e-08, 1.39022482415e-08, 1.27533308358e-08, 1.19545093824e-08, 1.09045537044e-08, 9.33461663521e-09, 6.78377842789e-09, 3.78269282564e-09, 1.0481274737e-09, 4.60302018723e-10],
