{
"highlevel": {
    "danceability": {
        "all": {
            "danceable": 0.615745782852,
            "not_danceable": 0.384254217148
        },
        "probability": 0.615745782852,
        "value": "danceable"
    },
    "gender": {
        "all": {
            "female": 0.168994307518,
            "male": 0.831005692482
        },
        "probability": 0.831005692482,
        "value": "male"
    },
    "genre_dortmund": {
        "all": {
            "alternative": 0.0693746432662,
            "blues": 0.121295161545,
            "electronic": 0.0585464835167,
            "folkcountry": 0.54516428709,
            "funksoulrnb": 0.00968919787556,
            "jazz": 0.0328663736582,
            "pop": 0.0304424911737,
            "raphiphop": 0.00478425994515,
            "rock": 0.127837076783
        },
        "probability": 0.54516428709,
        "value": "folkcountry"
    },
    "genre_electronic": {
        "all": {
            "ambient": 0.703697443008,
            "dnb": 0.138955250382,
            "house": 0.0951460599899,
            "techno": 0.0125428494066,
            "trance": 0.0496584102511
        },
        "probability": 0.703697443008,
        "value": "ambient"
    },
    "genre_rosamerica": {
        "all": {
            "cla": 0.112665042281,
            "dan": 0.0280483681709,
            "hip": 0.0358359217644,
            "jaz": 0.0707662850618,
            "pop": 0.238620862365,
            "rhy": 0.134869173169,
            "roc": 0.343918144703,
            "spe": 0.0352762043476
        },
        "probability": 0.343918144703,
        "value": "roc"
    },
    "genre_tzanetakis": {
        "all": {
            "blu": 0.0624275766313,
            "cla": 0.0346780866385,
            "cou": 0.0780245885253,
            "dis": 0.0445854067802,
            "hip": 0.104034133255,
            "jaz": 0.312113434076,
            "met": 0.0520199611783,
            "pop": 0.0780294090509,
            "reg": 0.0780292898417,
            "roc": 0.156058117747
        },
        "probability": 0.312113434076,
        "value": "jaz"
    },
    "ismir04_rhythm": {
        "all": {
            "ChaChaCha": 0.0746767297387,
            "Jive": 0.106905207038,
            "Quickstep": 0.0636709332466,
            "Rumba-American": 0.0167880021036,
            "Rumba-International": 0.0286492612213,
            "Rumba-Misc": 0.0123681100085,
            "Samba": 0.0347889102995,
            "Tango": 0.196365222335,
            "VienneseWaltz": 0.446739822626,
            "Waltz": 0.0190478153527
        },
        "probability": 0.446739822626,
        "value": "VienneseWaltz"
    },
    "mood_acoustic": {
        "all": {
            "acoustic": 0.24665363133,
            "not_acoustic": 0.753346383572
        },
        "probability": 0.753346383572,
        "value": "not_acoustic"
    },
    "mood_aggressive": {
        "all": {
            "aggressive": 0.11931322515,
            "not_aggressive": 0.880686759949
        },
        "probability": 0.880686759949,
        "value": "not_aggressive"
    },
    "mood_electronic": {
        "all": {
            "electronic": 0.161606252193,
            "not_electronic": 0.838393747807
        },
        "probability": 0.838393747807,
        "value": "not_electronic"
    },
    "mood_happy": {
        "all": {
            "happy": 0.878989160061,
            "not_happy": 0.121010810137
        },
        "probability": 0.878989160061,
        "value": "happy"
    },
    "mood_party": {
        "all": {
            "not_party": 0.853434979916,
            "party": 0.146565020084
        },
        "probability": 0.853434979916,
        "value": "not_party"
    },
    "mood_relaxed": {
        "all": {
            "not_relaxed": 0.288415193558,
            "relaxed": 0.711584806442
        },
        "probability": 0.711584806442,
        "value": "relaxed"
    },
    "mood_sad": {
        "all": {
            "not_sad": 0.761236667633,
            "sad": 0.238763317466
        },
        "probability": 0.761236667633,
        "value": "not_sad"
    },
    "moods_mirex": {
        "all": {
            "Cluster1": 0.147240832448,
            "Cluster2": 0.288174301386,
            "Cluster3": 0.228946074843,
            "Cluster4": 0.27990886569,
            "Cluster5": 0.0557299293578
        },
        "probability": 0.288174301386,
        "value": "Cluster2"
    },
    "timbre": {
        "all": {
            "bright": 0.993413686752,
            "dark": 0.00658632162958
        },
        "probability": 0.993413686752,
        "value": "bright"
    },
    "tonal_atonal": {
        "all": {
            "atonal": 0.00155185570475,
            "tonal": 0.998448133469
        },
        "probability": 0.998448133469,
        "value": "tonal"
    },
    "voice_instrumental": {
        "all": {
            "instrumental": 0.00156025832985,
            "voice": 0.998439729214
        },
        "probability": 0.998439729214,
        "value": "voice"
    }
},
"lowlevel": {
    "average_loudness": 0.975586473942,
    "barkbands_crest": {
        "dmean": 2.62222099304,
        "dmean2": 4.342461586,
        "dvar": 5.78543615341,
        "dvar2": 14.5011119843,
        "max": 20.2660503387,
        "mean": 8.91016387939,
        "median": 8.18595218658,
        "min": 3.12507295609,
        "var": 11.8456897736
    },
    "barkbands_flatness_db": {
        "dmean": 0.0237684417516,
        "dmean2": 0.0352193452418,
        "dvar": 0.000419051473727,
        "dvar2": 0.000919980811886,
        "max": 0.308524906635,
        "mean": 0.168761491776,
        "median": 0.167027324438,
        "min": 0.0752787739038,
        "var": 0.0016260020202
    },
    "barkbands_kurtosis": {
        "dmean": 1.81476211548,
        "dmean2": 2.84934806824,
        "dvar": 4.75808858871,
        "dvar2": 11.3052778244,
        "max": 27.0044231415,
        "mean": 2.41110253334,
        "median": 1.63216638565,
        "min": -1.80766665936,
        "var": 11.2036962509
    },
    "barkbands_skewness": {
        "dmean": 0.445602893829,
        "dmean2": 0.676072835922,
        "dvar": 0.164129659534,
        "dvar2": 0.369717329741,
        "max": 4.75788021088,
        "mean": 1.25846934319,
        "median": 1.20602858067,
        "min": -1.32081198692,
        "var": 0.579658091068
    },
    "barkbands_spread": {
        "dmean": 4.68094825745,
        "dmean2": 7.02193689346,
        "dvar": 37.9587974548,
        "dvar2": 81.7269287109,
        "max": 109.121398926,
        "mean": 17.5343971252,
        "median": 15.5811367035,
        "min": 3.43250155449,
        "var": 96.360244751
    },
    "dissonance": {
        "dmean": 0.023109966889,
        "dmean2": 0.0391481630504,
        "dvar": 0.000412115972722,
        "dvar2": 0.0011774195591,
        "max": 0.499397277832,
        "mean": 0.456646203995,
        "median": 0.46136868,
        "min": 0.326708137989,
        "var": 0.000775094726123
    },
    "dynamic_complexity": 1.90787315369,
    "erbbands_crest": {
        "dmean": 2.88304710388,
        "dmean2": 4.61108398438,
        "dvar": 7.27881097794,
        "dvar2": 17.4937362671,
        "max": 28.5348815918,
        "mean": 9.48400878906,
        "median": 8.32307624817,
        "min": 3.20988607407,
        "var": 20.1276473999
    },
    "erbbands_flatness_db": {
        "dmean": 0.0224444456398,
        "dmean2": 0.0311115067452,
        "dvar": 0.000411064684158,
        "dvar2": 0.000806304509751,
        "max": 0.298224180937,
        "mean": 0.19446143508,
        "median": 0.198105230927,
        "min": 0.0610064268112,
        "var": 0.00161562405992
    },
    "erbbands_kurtosis": {
        "dmean": 0.753011763096,
        "dmean2": 1.13667452335,
        "dvar": 0.748487472534,
        "dvar2": 1.63602542877,
        "max": 10.3195447922,
        "mean": 0.297762453556,
        "median": -0.180159330368,
        "min": -1.60068809986,
        "var": 2.42168974876
    },
    "erbbands_skewness": {
        "dmean": 0.334900140762,
        "dmean2": 0.503462433815,
        "dvar": 0.08109600842,
        "dvar2": 0.181026235223,
        "max": 2.75767731667,
        "mean": 0.490779340267,
        "median": 0.474283516407,
        "min": -1.73813557625,
        "var": 0.398476719856
    },
    "erbbands_spread": {
        "dmean": 5.99835157394,
        "dmean2": 9.01790237427,
        "dvar": 39.0642433167,
        "dvar2": 88.4332122803,
        "max": 94.7565612793,
        "mean": 29.9405422211,
        "median": 29.1243858337,
        "min": 7.41152667999,
        "var": 134.422973633
    },
    "hfc": {
        "dmean": 5.60754203796,
        "dmean2": 7.37428569794,
        "dvar": 40.7591171265,
        "dvar2": 68.7850189209,
        "max": 84.3178482056,
        "mean": 19.5282382965,
        "median": 15.1310853958,
        "min": 1.08331668377,
        "var": 201.012542725
    },
    "melbands_crest": {
        "dmean": 3.08389282227,
        "dmean2": 4.98687028885,
        "dvar": 7.4109544754,
        "dvar2": 18.0509243011,
        "max": 26.2903003693,
        "mean": 12.0611257553,
        "median": 11.4320001602,
        "min": 4.12884187698,
        "var": 16.6301555634
    },
    "melbands_flatness_db": {
        "dmean": 0.028916535899,
        "dmean2": 0.0411771349609,
        "dvar": 0.000710540276486,
        "dvar2": 0.0013660119148,
        "max": 0.422318011522,
        "mean": 0.218955248594,
        "median": 0.214185640216,
        "min": 0.0528672300279,
        "var": 0.00338664720766
    },
    "melbands_kurtosis": {
        "dmean": 3.71764612198,
        "dmean2": 5.90482091904,
        "dvar": 24.4737739563,
        "dvar2": 58.5691757202,
        "max": 73.1190719604,
        "mean": 6.74431371689,
        "median": 4.92982959747,
        "min": -1.51391685009,
        "var": 51.9504241943
    },
    "melbands_skewness": {
        "dmean": 0.568635821342,
        "dmean2": 0.870166420937,
        "dvar": 0.286392599344,
        "dvar2": 0.635007143021,
        "max": 7.01458787918,
        "mean": 1.91704618931,
        "median": 1.81057715416,
        "min": -0.181317284703,
        "var": 0.994073212147
    },
    "melbands_spread": {
        "dmean": 5.70489358902,
        "dmean2": 8.7041053772,
        "dvar": 55.3098335266,
        "dvar2": 113.012077332,
        "max": 160.890625,
        "mean": 20.0837001801,
        "median": 17.9603824615,
        "min": 2.77863764763,
        "var": 138.08694458
    },
    "pitch_salience": {
        "dmean": 0.0713105499744,
        "dmean2": 0.115180008113,
        "dvar": 0.00323351914994,
        "dvar2": 0.00853189919144,
        "max": 0.808794140816,
        "mean": 0.580931663513,
        "median": 0.58067625761,
        "min": 0.284247517586,
        "var": 0.00893815048039
    },
    "silence_rate_20dB": {
        "dmean": 0,
        "dmean2": 0,
        "dvar": 0,
        "dvar2": 0,
        "max": 1,
        "mean": 1,
        "median": 1,
        "min": 1,
        "var": 0
    },
    "silence_rate_30dB": {
        "dmean": 0,
        "dmean2": 0,
        "dvar": 0,
        "dvar2": 0,
        "max": 1,
        "mean": 1,
        "median": 1,
        "min": 1,
        "var": 0
    },
    "silence_rate_60dB": {
        "dmean": 0,
        "dmean2": 0,
        "dvar": 0,
        "dvar2": 0,
        "max": 0,
        "mean": 0,
        "median": 0,
        "min": 0,
        "var": 0
    },
    "spectral_centroid": {
        "dmean": 212.93270874,
        "dmean2": 312.103881836,
        "dvar": 50647.1835938,
        "dvar2": 100073.921875,
        "max": 3924.02783203,
        "mean": 1124.50463867,
        "median": 1058.08972168,
        "min": 314.661560059,
        "var": 210768.453125
    },
    "spectral_complexity": {
        "dmean": 3.58978319168,
        "dmean2": 4.97676229477,
        "dvar": 10.1598825455,
        "dvar2": 16.9428939819,
        "max": 43,
        "mean": 20.0332565308,
        "median": 19,
        "min": 5,
        "var": 42.6181755066
    },
    "spectral_decrease": {
        "dmean": 2.47932563369e-09,
        "dmean2": 3.52324969199e-09,
        "dvar": 7.37981012172e-18,
        "dvar2": 1.34943118389e-17,
        "max": -5.13077746955e-10,
        "mean": -7.35107796856e-09,
        "median": -6.59743548681e-09,
        "min": -2.41097879439e-08,
        "var": 1.8630815584e-17
    },
    "spectral_energy": {
        "dmean": 0.00967356283218,
        "dmean2": 0.0136786848307,
        "dvar": 0.000110279790533,
        "dvar2": 0.000199944290216,
        "max": 0.0938398391008,
        "mean": 0.0295159686357,
        "median": 0.0267002470791,
        "min": 0.00205644359812,
        "var": 0.000291588075925
    },
    "spectral_energyband_high": {
        "dmean": 0.000193177183974,
        "dmean2": 0.000276362028671,
        "dvar": 2.59580531292e-07,
        "dvar2": 4.87832380713e-07,
        "max": 0.0099741704762,
        "mean": 0.000341173057677,
        "median": 0.000160546493134,
        "min": 5.05361504111e-06,
        "var": 4.22947266543e-07
    },
    "spectral_energyband_low": {
        "dmean": 0.00560141308233,
        "dmean2": 0.00857160892338,
        "dvar": 7.98116016085e-05,
        "dvar2": 0.000170839266502,
        "max": 0.0624131113291,
        "mean": 0.00928907748312,
        "median": 0.00559499161318,
        "min": 6.59177749185e-05,
        "var": 0.000115500261018
    },
    "spectral_energyband_middle_high": {
        "dmean": 0.00214226357639,
        "dmean2": 0.00289535382763,
        "dvar": 7.49092532715e-06,
        "dvar2": 1.33645207825e-05,
        "max": 0.0300941001624,
        "mean": 0.00605736486614,
        "median": 0.00375665538013,
        "min": 0.000200435257284,
        "var": 3.50822301698e-05
    },
    "spectral_energyband_middle_low": {
        "dmean": 0.0055281650275,
        "dmean2": 0.00821503810585,
        "dvar": 3.2691314118e-05,
        "dvar2": 6.52460221318e-05,
        "max": 0.072872787714,
        "mean": 0.0153374345973,
        "median": 0.0131145091727,
        "min": 0.0011030419264,
        "var": 0.000101789592009
    },
    "spectral_entropy": {
        "dmean": 0.163593247533,
        "dmean2": 0.235851451755,
        "dvar": 0.0235956143588,
        "dvar2": 0.0473800748587,
        "max": 8.4643907547,
        "mean": 7.34301424026,
        "median": 7.3219203949,
        "min": 6.46488618851,
        "var": 0.0870150849223
    },
    "spectral_flux": {
        "dmean": 0.0280343107879,
        "dmean2": 0.0428943857551,
        "dvar": 0.000666158506647,
        "dvar2": 0.00152014230844,
        "max": 0.239385858178,
        "mean": 0.094982765615,
        "median": 0.0860325023532,
        "min": 0.0267542973161,
        "var": 0.00169436447322
    },
    "spectral_kurtosis": {
        "dmean": 2.58034825325,
        "dmean2": 4.44419288635,
        "dvar": 5.08587646484,
        "dvar2": 15.1770849228,
        "max": 26.1712322235,
        "mean": 5.61175203323,
        "median": 5.1975774765,
        "min": -0.285458564758,
        "var": 9.85190296173
    },
    "spectral_rms": {
        "dmean": 0.000876443285961,
        "dmean2": 0.00120372825768,
        "dvar": 7.49359060137e-07,
        "dvar2": 1.29296290652e-06,
        "max": 0.00956823211163,
        "mean": 0.0051404600963,
        "median": 0.00510382419452,
        "min": 0.00141643441748,
        "var": 2.3717050226e-06
    },
    "spectral_rolloff": {
        "dmean": 400.430358887,
        "dmean2": 664.960693359,
        "dvar": 645939.875,
        "dvar2": 1535736.875,
        "max": 11821.7285156,
        "mean": 1163.79223633,
        "median": 925.927734375,
        "min": 150.732421875,
        "var": 940679
    },
    "spectral_skewness": {
        "dmean": 0.302028149366,
        "dmean2": 0.494739294052,
        "dvar": 0.0552721396089,
        "dvar2": 0.157227680087,
        "max": 3.67513155937,
        "mean": 1.61324203014,
        "median": 1.59469199181,
        "min": 0.611974716187,
        "var": 0.179145291448
    },
    "spectral_spread": {
        "dmean": 564185.3125,
        "dmean2": 846174.375,
        "dvar": 778658381824,
        "dvar2": 1.39896199578e+12,
        "max": 15182407,
        "mean": 3334854.75,
        "median": 2956718.5,
        "min": 1694294.5,
        "var": 1.95358018765e+12
    },
    "spectral_strongpeak": {
        "dmean": 0.654264450073,
        "dmean2": 1.07267975807,
        "dvar": 0.78777217865,
        "dvar2": 1.7840487957,
        "max": 9.91800308228,
        "mean": 1.15356791019,
        "median": 0.566325068474,
        "min": 0.0441723801196,
        "var": 1.6967061758
    },
    "zerocrossingrate": {
        "dmean": 0.00846102181822,
        "dmean2": 0.00982840918005,
        "dvar": 0.000122017096146,
        "dvar2": 0.000145479396451,
        "max": 0.2412109375,
        "mean": 0.0460755489767,
        "median": 0.041015625,
        "min": 0.01025390625,
        "var": 0.000590161245782
    },
    "barkbands": {
        "dmean": [0.000138667062856, 0.00424070330337, 0.00169157295022, 0.00140534888487, 0.00129526481032, 0.0014112413628, 0.00174596696161, 0.00148918968625, 0.00157703610603, 0.000891486823093, 0.000631321396213, 0.000347673514625, 0.000449652812677, 0.000270693388302, 0.000475466891658, 0.000363781291526, 0.000241655710852, 0.000150032094098, 0.000214198109461, 7.84044386819e-05, 4.71554812975e-05, 5.21967667737e-05, 2.23106635531e-05, 2.4687828045e-05, 4.08168561989e-05, 7.73272768129e-06, 2.45512121744e-09],
        "dmean2": [0.000224275863729, 0.00676638726145, 0.00273211789317, 0.00237364461645, 0.00213889288716, 0.00215125945397, 0.00266287801787, 0.00215114653111, 0.0023847380653, 0.0013324841857, 0.000970103486907, 0.000554482685402, 0.000672869151458, 0.000435477209976, 0.000687772291712, 0.000535550527275, 0.000365159328794, 0.000230139674386, 0.000304179644445, 0.000117888164823, 6.956254947e-05, 7.49538012315e-05, 3.35367985826e-05, 3.78101140086e-05, 6.2806691858e-05, 1.23683457787e-05, 3.43493189447e-09],
        "dvar": [6.88050079134e-08, 6.71026718919e-05, 5.2796754062e-06, 3.68633163816e-06, 2.40452845901e-06, 4.96763186675e-06, 8.45152862894e-06, 5.52895562578e-06, 8.76960984897e-06, 3.45770877175e-06, 2.11613109968e-06, 3.31706814904e-07, 9.7310135061e-07, 3.91098041064e-07, 1.19554692901e-06, 5.55917381462e-07, 1.18310587993e-07, 1.19127214759e-07, 1.40881709854e-07, 2.01212397855e-08, 1.23021592913e-08, 4.70999026447e-08, 4.83882356406e-09, 3.85271681225e-09, 3.02869374025e-08, 2.34872543636e-09, 2.04033211631e-15],
        "dvar2": [1.71491166157e-07, 0.000156010806677, 1.42095386764e-05, 9.93644152913e-06, 6.01555848334e-06, 1.0044442206e-05, 1.74254091689e-05, 1.11629879029e-05, 1.64739485626e-05, 6.20967648501e-06, 4.59706598122e-06, 8.15532530396e-07, 2.0456625407e-06, 9.1821453907e-07, 2.47080265581e-06, 1.10382336516e-06, 2.58154130961e-07, 2.38813584019e-07, 2.54968966829e-07, 4.25136832405e-08, 2.39248727496e-08, 8.86610322937e-08, 1.1884600859e-08, 9.32372756779e-09, 7.38436227721e-08, 4.84255657796e-09, 2.05085755947e-15],
        "max": [0.00179315893911, 0.0483847595751, 0.0299855954945, 0.0173222385347, 0.0162350200117, 0.036248460412, 0.0390216708183, 0.02449583821, 0.0588003434241, 0.0318895541131, 0.020873868838, 0.0079129403457, 0.0148232104257, 0.00750959804282, 0.0189266446978, 0.0150206508115, 0.00411422969773, 0.0100031550974, 0.0054429853335, 0.00297366804443, 0.00211018556729, 0.00543098757043, 0.00145491177682, 0.00105468102265, 0.00359088904224, 0.00114336330444, 1.62404774073e-06],
        "mean": [0.000163144504768, 0.00536017678678, 0.00262665725313, 0.00182586512528, 0.00214872788638, 0.00262570567429, 0.00273982645012, 0.00240476476029, 0.00272817956284, 0.00148877175525, 0.000920081103686, 0.000519257911947, 0.000704030622728, 0.000392647634726, 0.000743781682104, 0.000594273093157, 0.000432893401012, 0.00026259382139, 0.000423727818998, 0.000141448923387, 7.24674246158e-05, 7.54536667955e-05, 2.95747340715e-05, 3.38460449711e-05, 4.97313412779e-05, 8.33856393001e-06, 2.2251644971e-09],
        "median": [4.64546465082e-05, 0.00313423550688, 0.00134195573628, 0.00103630986996, 0.00152632337995, 0.00143101485446, 0.00119775580242, 0.000881784362718, 0.00102179963142, 0.000444631587015, 0.000296910322504, 0.000264748057816, 0.000291265110718, 0.000176294546691, 0.000187525511137, 0.00022129296849, 0.000254417245742, 0.000128062034491, 0.000144274861668, 8.24060407467e-05, 3.21915758832e-05, 2.20554047701e-05, 9.21821356314e-06, 9.93435696728e-06, 5.69789699512e-06, 2.1786331672e-07, 3.63821306415e-10],
        "min": [8.1260999707e-08, 4.93850438943e-06, 2.23138363253e-06, 1.3893315554e-05, 6.74698239891e-05, 2.95151112368e-05, 2.56302810158e-05, 3.04230961774e-05, 2.67722243734e-05, 1.1352911315e-05, 8.85367171577e-06, 5.44738668395e-06, 1.26705253933e-05, 7.0189453254e-06, 3.67942175217e-06, 6.83046027916e-06, 4.39214454673e-06, 4.03592775911e-06, 4.28221892435e-06, 3.71349324269e-06, 8.03797206572e-07, 2.1889364632e-07, 5.50164038771e-08, 5.18985909803e-10, 1.42726741884e-11, 1.46630884518e-11, 1.49822949186e-11],
        "var": [7.25905309196e-08, 6.95773851476e-05, 1.02985968624e-05, 4.70020813736e-06, 4.25120970249e-06, 1.43265269799e-05, 1.84495693247e-05, 1.38758623507e-05, 2.44689108513e-05, 9.79340711638e-06, 4.05400260206e-06, 5.61153115086e-07, 1.81105360753e-06, 5.38417623375e-07, 2.87996226689e-06, 1.48656920373e-06, 2.71484282166e-07, 2.80958545318e-07, 5.01311376411e-07, 3.74034385686e-08, 1.83863075875e-08, 6.55676899441e-08, 5.2897655145e-09, 5.31682919913e-09, 4.14567153939e-08, 3.59707263975e-09, 2.03981394391e-15]
    },
    "erbbands": {
        "dmean": [0.13461369276, 0.931828200817, 1.73289692402, 3.69023060799, 4.93792676926, 3.5175511837, 7.13914346695, 12.962843895, 22.3378658295, 33.7107467651, 26.2896347046, 36.5875549316, 33.1991157532, 18.1766300201, 26.4368038177, 15.3997573853, 20.7490501404, 14.4940452576, 19.3589801788, 19.8079471588, 15.2166566849, 11.0126047134, 9.26090049744, 9.25166416168, 9.37069606781, 3.76372432709, 2.24907398224, 1.72011089325, 1.9505995512, 1.25006437302, 0.56557238102, 0.524319410324, 0.440255790949, 0.436241835356, 0.288481593132, 0.0440743230283, 0.0197775438428, 0.0028563591186, 4.99359703099e-05, 1.21572711578e-05],
        "dmean2": [0.221748635173, 1.52666354179, 2.8599011898, 5.9303855896, 8.37507343292, 5.66835069656, 11.5247344971, 19.8819160461, 34.2066879272, 49.91847229, 38.532081604, 54.8696365356, 50.1038169861, 26.8370571136, 40.4641647339, 23.7418003082, 31.1557846069, 22.8337688446, 28.4350891113, 27.0133647919, 21.5064945221, 16.0148773193, 13.5253696442, 12.8560810089, 13.3853778839, 5.67710351944, 3.24440121651, 2.50686645508, 2.78364610672, 1.84903299809, 0.850284516811, 0.791085422039, 0.687328577042, 0.708111464977, 0.436400860548, 0.0688511133194, 0.031630858779, 0.00466639688239, 7.96622334747e-05, 1.75003697223e-05],
        "dvar": [0.0744693353772, 3.32326674461, 6.54276180267, 22.2162418365, 43.5440673828, 24.0407867432, 81.135559082, 583.849975586, 1597.68225098, 3429.21679688, 2085.48901367, 4861.12255859, 5230.88378906, 1608.38183594, 4769.41796875, 616.731384277, 2011.87731934, 918.925415039, 1752.27441406, 1717.65673828, 667.609069824, 214.011581421, 442.014068604, 229.407150269, 352.502319336, 41.730594635, 18.6691856384, 29.5711593628, 63.4913520813, 18.3226451874, 3.16070628166, 2.11049151421, 1.37966918945, 3.53032255173, 1.57211232185, 0.0494530014694, 0.0158853307366, 0.000420940690674, 1.02494603027e-07, 2.46530185155e-10],
        "dvar2": [0.188864901662, 7.65436935425, 17.3825702667, 57.7812271118, 115.861999512, 57.8089370728, 202.833892822, 1136.3795166, 3388.03759766, 6951.58935547, 4245.83496094, 9282.08789062, 10023.8408203, 3099.00634766, 10710.2216797, 1459.64660645, 4516.44824219, 2023.06530762, 3748.27075195, 2966.04223633, 1220.75280762, 449.442596436, 847.355224609, 436.735961914, 713.164001465, 88.4335403442, 39.1849861145, 51.4694900513, 117.245643616, 39.0719718933, 7.34382390976, 4.87773990631, 3.45814824104, 9.3528547287, 3.52143454552, 0.118124231696, 0.0332879833877, 0.00086127006216, 2.07428584531e-07, 4.83303452814e-10],
        "max": [1.63973975182, 11.4160652161, 28.698184967, 42.3691444397, 57.2407455444, 69.5143737793, 90.8944625854, 431.55770874, 508.666412354, 848.644775391, 572.015563965, 1382.2376709, 1246.9486084, 685.338806152, 981.967041016, 378.280975342, 671.311035156, 365.492218018, 652.986938477, 845.731384277, 501.663513184, 223.698699951, 651.100341797, 236.94708252, 289.272155762, 119.905944824, 78.8116226196, 122.393783569, 189.943450928, 81.9505004883, 38.2055091858, 27.2803478241, 20.6981887817, 43.0131530762, 21.8047657013, 4.66251134872, 2.87207007408, 0.475495934486, 0.00738954544067, 0.000283310102532],
        "mean": [0.160689592361, 1.17383086681, 2.58773040771, 5.71070051193, 6.59553337097, 5.99308109283, 12.1581792831, 23.2293586731, 37.8341445923, 53.4150733948, 47.9768447876, 65.8199005127, 56.6513671875, 31.5700740814, 40.1023864746, 26.2386703491, 33.5145874023, 23.865064621, 31.5248603821, 35.9451751709, 28.9359741211, 21.7598056793, 16.596496582, 18.2814750671, 18.2952651978, 7.11452674866, 3.96350908279, 2.55210328102, 2.82539749146, 1.74715995789, 0.756603121758, 0.691596090794, 0.567033350468, 0.48320287466, 0.3642180264, 0.0498305596411, 0.0213785134256, 0.00298348022625, 6.69465516694e-05, 3.70510206267e-05],
        "median": [0.0948797166348, 0.607066750526, 1.46356093884, 3.24045348167, 4.09140539169, 3.80725979805, 8.25049686432, 10.916343689, 15.5323886871, 23.7013969421, 20.7054233551, 26.6830368042, 19.0351352692, 11.4589204788, 12.5158281326, 14.6329393387, 14.7169752121, 11.835735321, 10.5517921448, 10.3193254471, 13.3796567917, 13.1522283554, 8.36008453369, 7.80458450317, 5.79374551773, 4.03399562836, 2.20669794083, 0.978984236717, 0.811779439449, 0.539690971375, 0.223814442754, 0.220582947135, 0.130160048604, 0.0649770721793, 0.0343585014343, 0.00412900466472, 0.000559776206501, 4.59467810288e-05, 1.89352867892e-05, 3.36765551765e-05],
        "min": [0.000121110089822, 0.00194785464555, 0.00850654579699, 0.0614609271288, 0.0912329480052, 0.156251057982, 0.306294798851, 0.509258389473, 0.381631761789, 0.491210520267, 0.563837528229, 0.469854444265, 0.453398704529, 0.40827485919, 0.394859939814, 0.475817888975, 0.388541191816, 0.69963735342, 0.260324209929, 0.31884086132, 0.4173643291, 0.247413098812, 0.204772770405, 0.212630107999, 0.0977148711681, 0.175383388996, 0.0673671811819, 0.0244944095612, 0.00788768846542, 0.00697800936177, 0.00135136046447, 0.000271002296358, 9.61403638939e-05, 2.26164866035e-05, 8.32572095533e-06, 4.39270297647e-06, 1.88691410585e-06, 3.34889506348e-07, 1.50180107994e-06, 2.43146018875e-06],
        "var": [0.0653324648738, 3.46000051498, 9.09587955475, 39.9105110168, 52.9947509766, 48.9999237061, 143.600219727, 1669.40039062, 3458.87890625, 7029.20117188, 5903.06396484, 13746.0761719, 14630.7636719, 3592.11474609, 8636.22167969, 1232.86364746, 3485.234375, 1530.54528809, 3789.62402344, 5623.31152344, 2247.45776367, 623.907165527, 1043.39099121, 719.897277832, 1189.38378906, 84.6643447876, 30.0633544922, 45.2486572266, 92.308265686, 22.5720653534, 3.78318357468, 2.55245637894, 1.86381602287, 3.72687864304, 2.50483870506, 0.0639042183757, 0.0240985956043, 0.000591139541939, 1.50530709675e-07, 5.86355297649e-10]
    },
    "gfcc": {
        "mean": [-9.6934671402, 140.100082397, -142.445251465, 32.6746864319, -57.3939170837, 4.61845302582, -30.6579589844, 9.96044063568, -14.0664319992, -2.04085183144, -5.99394083023, -10.3841934204, -4.06011152267],
        "cov": [[2397.29394531, -1432.02966309, 229.213867188, -105.668464661, -378.708312988, 463.157012939, -456.295562744, 441.319915771, -211.826293945, 123.191078186, -227.782485962, 122.970756531, -144.312637329], [-1432.02966309, 1585.10412598, -288.574462891, 189.891433716, 411.318054199, -355.449157715, 484.903442383, -360.506164551, 303.727661133, -163.488998413, 247.655059814, -164.971176147, 133.896697998], [229.213867188, -288.574462891, 736.250732422, -30.1926612854, 83.9322357178, 231.656860352, -96.0252075195, 175.075119019, -146.720321655, 133.644088745, -102.159805298, 116.040588379, -59.0481987], [-105.668464661, 189.891433716, -30.1926612854, 245.97102356, 90.4334640503, -44.0129470825, 58.1171569824, -52.126449585, 72.8855285645, -27.3189640045, 39.1183166504, -35.0026550293, 37.0671157837], [-378.708312988, 411.318054199, 83.9322357178, 90.4334640503, 348.792755127, -48.9325523376, 129.091461182, -42.6882514954, 73.4121551514, 16.7823295593, 34.5977935791, -19.5430450439, 10.5306396484], [463.157012939, -355.449157715, 231.656860352, -44.0129470825, -48.9325523376, 291.284729004, -77.6273498535, 146.675338745, -99.9294052124, 43.1471977234, -50.9015197754, 22.5079784393, -23.5582485199], [-456.295562744, 484.903442383, -96.0252075195, 58.1171569824, 129.091461182, -77.6273498535, 312.022918701, -98.363494873, 72.7534866333, -69.8748168945, 79.9860076904, -29.0088558197, 32.855266571], [441.319915771, -360.506164551, 175.075119019, -52.126449585, -42.6882514954, 146.675338745, -98.363494873, 224.641876221, -59.2138710022, 52.717830658, -56.0585632324, 36.4229888916, -32.3060493469], [-211.826293945, 303.727661133, -146.720321655, 72.8855285645, 73.4121551514, -99.9294052124, 72.7534866333, -59.2138710022, 187.941726685, -24.9938983917, 63.150352478, -53.1282272339, 20.1667118073], [123.191078186, -163.488998413, 133.644088745, -27.3189640045, 16.7823295593, 43.1471977234, -69.8748168945, 52.717830658, -24.9938983917, 125.266014099, -29.2731685638, 37.2670898438, -12.4929552078], [-227.782485962, 247.655059814, -102.159805298, 39.1183166504, 34.5977935791, -50.9015197754, 79.9860076904, -56.0585632324, 63.150352478, -29.2731685638, 126.276473999, -20.703918457, 36.9004859924], [122.970756531, -164.971176147, 116.040588379, -35.0026550293, -19.5430450439, 22.5079784393, -29.0088558197, 36.4229888916, -53.1282272339, 37.2670898438, -20.703918457, 108.286560059, -14.7693691254], [-144.312637329, 133.896697998, -59.0481987, 37.0671157837, 10.5306396484, -23.5582485199, 32.855266571, -32.3060493469, 20.1667118073, -12.4929552078, 36.9004859924, -14.7693691254, 88.873878479]],
        "icov": [[0.00130463368259, 0.00020674848929, 0.00072021537926, -0.000706996710505, 0.000499564455822, -0.00142933812458, 0.0006446094485, -0.00118992826901, -0.000268374627922, -0.000126920771436, 0.000734497152735, -0.00101224449463, 0.00104130606633], [0.00020674848929, 0.00526408245787, -0.00189118948765, 0.00135655689519, -0.00289625232108, 0.00250168284401, -0.00319112394936, 0.00300299376249, -0.00272866385058, 0.00265582534485, -0.00317860534415, 0.00405163923278, -0.00315421749838], [0.00072021537926, -0.00189118948765, 0.00414024619386, -0.00146337400656, 0.000223751572776, -0.00335408910178, 0.00160660687834, -0.00237777386792, 0.00186565972399, -0.00249471026473, 0.00239917403087, -0.0040591112338, 0.00256128050387], [-0.000706996710505, 0.00135655689519, -0.00146337400656, 0.00612043403089, -0.00203376472928, 0.00149195652921, -0.00100667425431, 0.00211996515281, -0.00210668356158, 0.00188313343097, -0.00146847078577, 0.00235821213573, -0.00319316703826], [0.000499564455822, -0.00289625232108, 0.000223751572776, -0.00203376472928, 0.00642657093704, -0.00133207871113, 0.000322237232467, -0.00209182943217, 0.000357605109457, -0.00297935120761, 0.00207206397317, -0.00170767877717, 0.00253339437768], [-0.00142933812458, 0.00250168284401, -0.00335408910178, 0.00149195652921, -0.00133207871113, 0.00968549679965, -0.00261710607447, -0.000173740147147, 0.00091739220079, 0.00153686641715, -0.00310284597799, 0.00552011746913, -0.00309760146774], [0.0006446094485, -0.00319112394936, 0.00160660687834, -0.00100667425431, 0.000322237232467, -0.00261710607447, 0.00767168914899, -0.00153084925842, 0.0011280545732, 0.000773418229073, 0.00072376121534, -0.00375003647059, 0.00214629340917], [-0.00118992826901, 0.00300299376249, -0.00237777386792, 0.00211996515281, -0.00209182943217, -0.000173740147147, -0.00153084925842, 0.0109246531501, -0.00242340425029, 0.00110859575216, -0.00172885309439, 0.0025131884031, -0.00234036473557], [-0.000268374627922, -0.00272866385058, 0.00186565972399, -0.00210668356158, 0.000357605109457, 0.00091739220079, 0.0011280545732, -0.00242340425029, 0.0108318934217, -0.00253991642967, -0.00108720944263, 0.000775084481575, 0.00246153655462], [-0.000126920771436, 0.00265582534485, -0.00249471026473, 0.00188313343097, -0.00297935120761, 0.00153686641715, 0.000773418229073, 0.00110859575216, -0.00253991642967, 0.0133801717311, -0.00144074531272, -4.87548604724e-05, -0.00272549572401], [0.000734497152735, -0.00317860534415, 0.00239917403087, -0.00146847078577, 0.00207206397317, -0.00310284597799, 0.00072376121534, -0.00172885309439, -0.00108720944263, -0.00144074531272, 0.0144717860967, -0.00425973767415, -0.000448410748504], [-0.00101224449463, 0.00405163923278, -0.0040591112338, 0.00235821213573, -0.00170767877717, 0.00552011746913, -0.00375003647059, 0.0025131884031, 0.000775084481575, -4.87548604724e-05, -0.00425973767415, 0.0175420045853, -0.0029617077671], [0.00104130606633, -0.00315421749838, 0.00256128050387, -0.00319316703826, 0.00253339437768, -0.00309760146774, 0.00214629340917, -0.00234036473557, 0.00246153655462, -0.00272549572401, -0.000448410748504, -0.0029617077671, 0.0167152546346]]
    },
    "melbands": {
        "dmean": [0.00120470568072, 0.00097112491494, 0.00063193612732, 0.000290273455903, 0.000225292300456, 0.000289970717859, 0.000346397893736, 0.000363352504792, 0.00022048689425, 0.000232616861467, 0.000164863042301, 7.39831011742e-05, 8.5569176008e-05, 4.93560437462e-05, 4.58595823147e-05, 3.83174119634e-05, 2.95335503324e-05, 2.85197038465e-05, 3.66582717106e-05, 3.02026437566e-05, 1.68465721799e-05, 1.2754873751e-05, 1.17974932436e-05, 7.40027280699e-06, 8.00946872914e-06, 8.7860489657e-06, 4.34966977991e-06, 2.520786893e-06, 1.5019094235e-06, 1.29989791731e-06, 9.91193132904e-07, 1.15801128686e-06, 1.01739453839e-06, 5.96932466124e-07, 3.26999611389e-07, 3.00406327369e-07, 3.54885372644e-07, 3.37610600809e-07, 3.48841325604e-07, 3.93541682797e-07],
        "dmean2": [0.0019490608247, 0.00153574883007, 0.00101982580964, 0.00048628487275, 0.000364770559827, 0.00044310031808, 0.000530208402779, 0.000534712627996, 0.000330444978317, 0.000351282214979, 0.000249767472269, 0.000109418855573, 0.000131782260723, 7.5526542787e-05, 7.00504460838e-05, 5.61188571737e-05, 4.75804590678e-05, 4.22589182563e-05, 5.13244231115e-05, 4.39698887931e-05, 2.44464117714e-05, 1.92709048861e-05, 1.78952104761e-05, 1.13344494821e-05, 1.14689391921e-05, 1.27044531837e-05, 6.4244168243e-06, 3.88224225389e-06, 2.18894592763e-06, 1.97053532247e-06, 1.46272213897e-06, 1.67097516623e-06, 1.48875142258e-06, 9.05929766759e-07, 5.09275537297e-07, 4.61977833766e-07, 5.4427005125e-07, 5.45502814475e-07, 5.37143250767e-07, 6.50153140214e-07],
        "dvar": [5.67756342207e-06, 2.3750303626e-06, 6.36805850718e-07, 1.34720323786e-07, 7.93061616378e-08, 2.61479925712e-07, 3.61038189567e-07, 3.89300765846e-07, 1.90322722915e-07, 1.82503299584e-07, 1.28521776332e-07, 2.89161725675e-08, 4.34981792807e-08, 7.92346810385e-09, 1.1997452809e-08, 5.80972914221e-09, 4.73854866456e-09, 3.44751915904e-09, 8.35055313786e-09, 4.42545955437e-09, 8.31860691441e-10, 3.12304598848e-10, 3.81356501933e-10, 4.87264728566e-10, 1.75908926314e-10, 2.93830959563e-10, 1.03256916906e-10, 1.65511875039e-11, 6.03444507905e-12, 1.16650257162e-11, 1.24711907468e-11, 2.14598391141e-11, 1.7512961567e-11, 3.15303057101e-12, 7.76387797368e-13, 1.4431713203e-12, 8.92543255016e-13, 8.85534321652e-13, 1.49416839578e-12, 3.29253573191e-12],
        "dvar2": [1.37179185913e-05, 5.68456880501e-06, 1.67493283243e-06, 3.50396220483e-07, 1.95051370611e-07, 5.07818072037e-07, 7.55089502036e-07, 7.83663608672e-07, 3.75862043711e-07, 3.58154267133e-07, 2.43948392153e-07, 5.51210987965e-08, 9.58896961833e-08, 1.87736368673e-08, 2.53003680228e-08, 1.2113804182e-08, 1.07918172176e-08, 7.44251149598e-09, 1.66760010245e-08, 8.89980178442e-09, 1.62342694843e-09, 6.68358646205e-10, 8.60800708491e-10, 9.03407237907e-10, 3.40590916581e-10, 5.63647073459e-10, 2.22278986883e-10, 3.55757749648e-11, 1.2068122543e-11, 2.65278268102e-11, 2.21971729192e-11, 3.89768252396e-11, 3.55884696712e-11, 7.38561989344e-12, 1.75376347559e-12, 3.5731565276e-12, 2.06361945761e-12, 2.39606099718e-12, 3.43412668094e-12, 9.26212231911e-12],
        "max": [0.014601145871, 0.0122322011739, 0.00675416458398, 0.00440612062812, 0.0028846967034, 0.00840377341956, 0.00826727971435, 0.00873104482889, 0.00628424622118, 0.00741110555828, 0.00618529738858, 0.00306102237664, 0.00308734085411, 0.00106181099545, 0.00189303653315, 0.00130940461531, 0.00080266140867, 0.000773749081418, 0.00195980933495, 0.00141073856503, 0.00059554510517, 0.000281343614915, 0.000241939691477, 0.00068227405427, 0.000228886099649, 0.000243475937168, 0.000184035830898, 5.6582292018e-05, 4.93002298754e-05, 5.26419171365e-05, 8.77746133483e-05, 0.000115619353892, 8.82771710167e-05, 3.10520408675e-05, 1.55254056153e-05, 3.0333208997e-05, 1.70636249095e-05, 1.42391436384e-05, 2.60063698079e-05, 4.16364600824e-05],
        "mean": [0.00148208276369, 0.00148249918129, 0.00100835610647, 0.000442396703875, 0.000390291621443, 0.00052983907517, 0.000585929024965, 0.000577931059524, 0.0004057821061, 0.00040412551607, 0.000270094868029, 0.000119365598948, 0.000126793573145, 7.68718091422e-05, 7.16060822015e-05, 6.21845829301e-05, 4.27047925768e-05, 4.32035958511e-05, 5.59792206332e-05, 4.83101248392e-05, 3.03607866954e-05, 2.30917685258e-05, 1.87714867934e-05, 1.25552169266e-05, 1.48268309204e-05, 1.63397598953e-05, 7.73713964008e-06, 4.20501964982e-06, 2.63923084276e-06, 1.81846428404e-06, 1.34918025196e-06, 1.66329618878e-06, 1.35299001158e-06, 7.93585513748e-07, 4.24020981882e-07, 3.65440570249e-07, 4.54007249573e-07, 4.13419741108e-07, 3.81733400445e-07, 4.05683039162e-07],
        "median": [0.000896164216101, 0.000857526785694, 0.000638442812487, 0.000294675322948, 0.000274366466329, 0.000257076637354, 0.000254316168139, 0.000239429296926, 0.000169375198311, 0.000159011236974, 8.2185579231e-05, 3.82673169952e-05, 4.10911015933e-05, 3.76061580027e-05, 3.22938940371e-05, 2.818214125e-05, 1.86522829608e-05, 1.49533061631e-05, 1.30382950374e-05, 1.50092037075e-05, 1.49085508383e-05, 1.31105889523e-05, 9.89418185782e-06, 5.5947580222e-06, 6.17611794951e-06, 4.57322857983e-06, 2.8157894576e-06, 2.38966686084e-06, 1.48652031839e-06, 7.73224485329e-07, 4.12787954929e-07, 4.45268568683e-07, 3.51219853201e-07, 2.37752942667e-07, 1.18946680061e-07, 1.01823729892e-07, 1.38205749067e-07, 8.979289845e-08, 5.61662751863e-08, 4.20947969815e-08],
        "min": [1.11478220788e-06, 6.33928902971e-06, 1.54417612066e-05, 1.40084930536e-05, 4.10477878177e-06, 6.64067010803e-06, 5.05959405928e-06, 4.2365477384e-06, 4.13474026573e-06, 3.22140385833e-06, 1.60517151926e-06, 1.01408841147e-06, 1.11965618999e-06, 1.10395569664e-06, 1.17496870189e-06, 1.13103112653e-06, 7.61422143114e-07, 4.20512520805e-07, 3.04659494077e-07, 2.83840961401e-07, 2.77227997003e-07, 2.23674518907e-07, 2.35517148894e-07, 1.42570542039e-07, 1.28348744965e-07, 6.43335553718e-08, 4.0789664979e-08, 6.72689424164e-08, 4.78510777668e-08, 1.20578595997e-08, 6.40701180998e-09, 2.23751883688e-09, 4.31261781841e-09, 2.58717292034e-09, 1.03582607769e-10, 6.13101444613e-11, 7.0780976566e-12, 1.55272246883e-12, 1.92423090266e-13, 1.25449997612e-13],
