{
"highlevel": {
    "danceability": {
        "all": {
            "danceable": 0.089085675776,
            "not_danceable": 0.910914301872
        },
        "probability": 0.910914301872,
        "value": "not_danceable"
    },
    "gender": {
        "all": {
            "female": 0.0363621748984,
            "male": 0.963637828827
        },
        "probability": 0.963637828827,
        "value": "male"
    },
    "genre_dortmund": {
        "all": {
            "alternative": 0.0700972303748,
            "blues": 0.215724512935,
            "electronic": 0.0121215237305,
            "folkcountry": 0.100023001432,
            "funksoulrnb": 0.0255260095,
            "jazz": 0.0212023109198,
            "pop": 0.0447641089559,
            "raphiphop": 0.00204368121922,
            "rock": 0.508497595787
        },
        "probability": 0.508497595787,
        "value": "rock"
    },
    "genre_electronic": {
        "all": {
            "ambient": 0.404899775982,
            "dnb": 0.387921929359,
            "house": 0.100390046835,
            "techno": 0.00599421048537,
            "trance": 0.100794062018
        },
        "probability": 0.404899775982,
        "value": "ambient"
    },
    "genre_rosamerica": {
        "all": {
            "cla": 0.0970662385225,
            "dan": 0.0184276401997,
            "hip": 0.0225000046194,
            "jaz": 0.0254094135016,
            "pop": 0.258800625801,
            "rhy": 0.0411786548793,
            "roc": 0.528280377388,
            "spe": 0.00833704601973
        },
        "probability": 0.528280377388,
        "value": "roc"
    },
    "genre_tzanetakis": {
        "all": {
            "blu": 0.0626613423228,
            "cla": 0.0348169617355,
            "cou": 0.104475811124,
            "dis": 0.0784321576357,
            "hip": 0.15692435205,
            "jaz": 0.313974827528,
            "met": 0.0448166541755,
            "pop": 0.0627359300852,
            "reg": 0.0627360641956,
            "roc": 0.0784258767962
        },
        "probability": 0.313974827528,
        "value": "jaz"
    },
    "ismir04_rhythm": {
        "all": {
            "ChaChaCha": 0.886429071426,
            "Jive": 0.0929586440325,
            "Quickstep": 0.00165355135687,
            "Rumba-American": 0.00139673345257,
            "Rumba-International": 0.00255143037066,
            "Rumba-Misc": 0.000236427105847,
            "Samba": 0.00719642313197,
            "Tango": 0.000998666277155,
            "VienneseWaltz": 0.00626113358885,
            "Waltz": 0.000317937054206
        },
        "probability": 0.886429071426,
        "value": "ChaChaCha"
    },
    "mood_acoustic": {
        "all": {
            "acoustic": 0.00398651929572,
            "not_acoustic": 0.996013462543
        },
        "probability": 0.996013462543,
        "value": "not_acoustic"
    },
    "mood_aggressive": {
        "all": {
            "aggressive": 0.907097518444,
            "not_aggressive": 0.0929024666548
        },
        "probability": 0.907097518444,
        "value": "aggressive"
    },
    "mood_electronic": {
        "all": {
            "electronic": 0.440978109837,
            "not_electronic": 0.559021890163
        },
        "probability": 0.559021890163,
        "value": "not_electronic"
    },
    "mood_happy": {
        "all": {
            "happy": 0.508262038231,
            "not_happy": 0.491737961769
        },
        "probability": 0.508262038231,
        "value": "happy"
    },
    "mood_party": {
        "all": {
            "not_party": 0.425768911839,
            "party": 0.574231088161
        },
        "probability": 0.574231088161,
        "value": "party"
    },
    "mood_relaxed": {
        "all": {
            "not_relaxed": 0.880899012089,
            "relaxed": 0.119101017714
        },
        "probability": 0.880899012089,
        "value": "not_relaxed"
    },
    "mood_sad": {
        "all": {
            "not_sad": 0.951179921627,
            "sad": 0.0488201007247
        },
        "probability": 0.951179921627,
        "value": "not_sad"
    },
    "moods_mirex": {
        "all": {
            "Cluster1": 0.165315613151,
            "Cluster2": 0.145859882236,
            "Cluster3": 0.0510633699596,
            "Cluster4": 0.135902747512,
            "Cluster5": 0.501858353615
        },
        "probability": 0.501858353615,
        "value": "Cluster5"
    },
    "timbre": {
        "all": {
            "bright": 0.763118982315,
            "dark": 0.236881002784
        },
        "probability": 0.763118982315,
        "value": "bright"
    },
    "tonal_atonal": {
        "all": {
            "atonal": 0.913900732994,
            "tonal": 0.0860992893577
        },
        "probability": 0.913900732994,
        "value": "atonal"
    },
    "voice_instrumental": {
        "all": {
            "instrumental": 0.0018079978181,
            "voice": 0.99819201231
        },
        "probability": 0.99819201231,
        "value": "voice"
    }
},
"lowlevel": {
    "average_loudness": 0.945306420326,
    "barkbands_crest": {
        "dmean": 2.34068346024,
        "dmean2": 3.87675261497,
        "dvar": 4.88430309296,
        "dvar2": 12.1603565216,
        "max": 22.4105682373,
        "mean": 7.04284572601,
        "median": 6.39286613464,
        "min": 2.45522665977,
        "var": 9.23075008392
    },
    "barkbands_flatness_db": {
        "dmean": 0.0154737057164,
        "dmean2": 0.0244308486581,
        "dvar": 0.000201452392503,
        "dvar2": 0.000449577753898,
        "max": 0.253738969564,
        "mean": 0.110713288188,
        "median": 0.106240406632,
        "min": 0.0509866140783,
        "var": 0.000823919661343
    },
    "barkbands_kurtosis": {
        "dmean": 0.800648808479,
        "dmean2": 1.26315486431,
        "dvar": 1.66817867756,
        "dvar2": 3.610476017,
        "max": 25.2776069641,
        "mean": -0.0962448641658,
        "median": -0.653077363968,
        "min": -1.78914237022,
        "var": 4.01420259476
    },
    "barkbands_skewness": {
        "dmean": 0.373323500156,
        "dmean2": 0.56651943922,
        "dvar": 0.119403637946,
        "dvar2": 0.254474014044,
        "max": 4.48966407776,
        "mean": 0.48748332262,
        "median": 0.413342118263,
        "min": -1.57452332973,
        "var": 0.610666513443
    },
    "barkbands_spread": {
        "dmean": 5.77940034866,
        "dmean2": 8.6572933197,
        "dvar": 27.9929676056,
        "dvar2": 62.7373504639,
        "max": 85.7915039062,
        "mean": 33.1755943298,
        "median": 31.4550209045,
        "min": 4.62992715836,
        "var": 150.097366333
    },
    "dissonance": {
        "dmean": 0.0119094708934,
        "dmean2": 0.0198576748371,
        "dvar": 0.000146640712046,
        "dvar2": 0.000399015872972,
        "max": 0.499999970198,
        "mean": 0.47891497612,
        "median": 0.482187122107,
        "min": 0.317779928446,
        "var": 0.000279345520539
    },
    "dynamic_complexity": 2.41740512848,
    "erbbands_crest": {
        "dmean": 2.47107887268,
        "dmean2": 4.06872749329,
        "dvar": 5.59724187851,
        "dvar2": 14.4264316559,
        "max": 24.3067264557,
        "mean": 7.76083278656,
        "median": 6.87846469879,
        "min": 2.26012897491,
        "var": 11.7699108124
    },
    "erbbands_flatness_db": {
        "dmean": 0.0149178700522,
        "dmean2": 0.021531239152,
        "dvar": 0.000175226683496,
        "dvar2": 0.000362766208127,
        "max": 0.256396412849,
        "mean": 0.160709381104,
        "median": 0.161863937974,
        "min": 0.070048995316,
        "var": 0.000994900241494
    },
    "erbbands_kurtosis": {
        "dmean": 0.75782930851,
        "dmean2": 1.18040525913,
        "dvar": 0.887405514717,
        "dvar2": 2.02112698555,
        "max": 12.9260292053,
        "mean": 0.367477566004,
        "median": -0.0443549156189,
        "min": -1.60557973385,
        "var": 2.30586290359
    },
    "erbbands_skewness": {
        "dmean": 0.291674643755,
        "dmean2": 0.426995426416,
        "dvar": 0.062310423702,
        "dvar2": 0.142597705126,
        "max": 1.74371910095,
        "mean": -0.310858696699,
        "median": -0.303095012903,
        "min": -2.61416172981,
        "var": 0.378856152296
    },
    "erbbands_spread": {
        "dmean": 5.95929765701,
        "dmean2": 9.17760848999,
        "dvar": 35.9950942993,
        "dvar2": 79.9044723511,
        "max": 96.3052215576,
        "mean": 32.6821327209,
        "median": 30.7968845367,
        "min": 5.23278903961,
        "var": 146.269500732
    },
    "hfc": {
        "dmean": 7.64782905579,
        "dmean2": 10.5709171295,
        "dvar": 71.2392883301,
        "dvar2": 142.72064209,
        "max": 110.397796631,
        "mean": 26.7647037506,
        "median": 22.5473194122,
        "min": 0.0966910421848,
        "var": 428.475494385
    },
    "melbands_crest": {
        "dmean": 3.11056256294,
        "dmean2": 5.00779151917,
        "dvar": 7.97268724442,
        "dvar2": 20.3369407654,
        "max": 29.8092937469,
        "mean": 10.3526229858,
        "median": 9.44754505157,
        "min": 3.16385960579,
        "var": 18.6938648224
    },
    "melbands_flatness_db": {
        "dmean": 0.0205071959645,
        "dmean2": 0.0304049868137,
        "dvar": 0.000382182595786,
        "dvar2": 0.000765293545555,
        "max": 0.335327059031,
        "mean": 0.131893321872,
        "median": 0.123527623713,
        "min": 0.0404755994678,
        "var": 0.00231713382527
    },
    "melbands_kurtosis": {
        "dmean": 2.37221550941,
        "dmean2": 3.67593407631,
        "dvar": 15.6850013733,
        "dvar2": 33.3863449097,
        "max": 66.1575164795,
        "mean": 3.4795832634,
        "median": 1.49484729767,
        "min": -1.61845600605,
        "var": 40.5421524048
    },
    "melbands_skewness": {
        "dmean": 0.487394064665,
        "dmean2": 0.733267724514,
        "dvar": 0.250317156315,
        "dvar2": 0.511315703392,
        "max": 7.43731546402,
        "mean": 1.54701018333,
        "median": 1.36438381672,
        "min": -1.11723899841,
        "var": 1.1065299511
    },
    "melbands_spread": {
        "dmean": 9.44597530365,
        "dmean2": 14.4351205826,
        "dvar": 83.0933151245,
        "dvar2": 171.162506104,
        "max": 202.748153687,
        "mean": 45.4236984253,
        "median": 42.5821037292,
        "min": 3.23357844353,
        "var": 453.252319336
    },
    "pitch_salience": {
        "dmean": 0.0665972009301,
        "dmean2": 0.106865786016,
        "dvar": 0.00344194239005,
        "dvar2": 0.00846785213798,
        "max": 0.81994330883,
        "mean": 0.612073898315,
        "median": 0.622566461563,
        "min": 0.215441644192,
        "var": 0.00861089490354
    },
    "silence_rate_20dB": {
        "dmean": 0,
        "dmean2": 0,
        "dvar": 0,
        "dvar2": 0,
        "max": 1,
        "mean": 1,
        "median": 1,
        "min": 1,
        "var": 0
    },
    "silence_rate_30dB": {
        "dmean": 0,
        "dmean2": 0,
        "dvar": 0,
        "dvar2": 0,
        "max": 1,
        "mean": 1,
        "median": 1,
        "min": 1,
        "var": 0
    },
    "silence_rate_60dB": {
        "dmean": 0.0247678011656,
        "dmean2": 0.0495739728212,
        "dvar": 0.0241544824094,
        "dvar2": 0.0548618845642,
        "max": 1,
        "mean": 0.0378963649273,
        "median": 0,
        "min": 0,
        "var": 0.036459967494
    },
    "spectral_centroid": {
        "dmean": 231.757080078,
        "dmean2": 348.008453369,
        "dvar": 43539.609375,
        "dvar2": 91555.5234375,
        "max": 4349.26367188,
        "mean": 2042.51818848,
        "median": 2049.50488281,
        "min": 579.297607422,
        "var": 275157.09375
    },
    "spectral_complexity": {
        "dmean": 4.88931894302,
        "dmean2": 6.84663057327,
        "dvar": 25.6078090668,
        "dvar2": 40.8950996399,
        "max": 55,
        "mean": 26.9644241333,
        "median": 27,
        "min": 0,
        "var": 142.210708618
    },
    "spectral_decrease": {
        "dmean": 1.3891816586e-09,
        "dmean2": 2.04406336302e-09,
        "dvar": 2.2984400324e-18,
        "dvar2": 4.62407652256e-18,
        "max": -5.21048135194e-11,
        "mean": -4.44145475953e-09,
        "median": -3.90163545916e-09,
        "min": -1.63741376014e-08,
        "var": 7.75128783583e-18
    },
    "spectral_energy": {
        "dmean": 0.00580591103062,
        "dmean2": 0.00844542495906,
        "dvar": 3.91213361581e-05,
        "dvar2": 7.83631330705e-05,
        "max": 0.0669368430972,
        "mean": 0.019190730527,
        "median": 0.0171244367957,
        "min": 0.000226636635489,
        "var": 0.00014531922352
    },
    "spectral_energyband_high": {
        "dmean": 0.000404292164603,
        "dmean2": 0.000548444106244,
        "dvar": 3.26011104335e-07,
        "dvar2": 6.22838456366e-07,
        "max": 0.00936089735478,
        "mean": 0.00115990859922,
        "median": 0.000662409933284,
        "min": 3.69511326426e-06,
        "var": 1.73357898348e-06
    },
    "spectral_energyband_low": {
        "dmean": 0.002264670562,
        "dmean2": 0.00348998443224,
        "dvar": 1.13790401883e-05,
        "dvar2": 2.45137925958e-05,
        "max": 0.0372069329023,
        "mean": 0.0038972015027,
        "median": 0.00274443719536,
        "min": 4.22485136369e-05,
        "var": 1.83077936526e-05
    },
    "spectral_energyband_middle_high": {
        "dmean": 0.00280089327134,
        "dmean2": 0.00410847133026,
        "dvar": 1.1461493159e-05,
        "dvar2": 2.47737716563e-05,
        "max": 0.0467806495726,
        "mean": 0.0085194259882,
        "median": 0.00629002647474,
        "min": 1.76765679498e-05,
        "var": 5.98468141106e-05
    },
    "spectral_energyband_middle_low": {
        "dmean": 0.00261348159984,
        "dmean2": 0.00405151071027,
        "dvar": 1.12631187221e-05,
        "dvar2": 2.69361225946e-05,
        "max": 0.0314296372235,
        "mean": 0.00613123876974,
        "median": 0.00493909651414,
        "min": 2.24564064411e-05,
        "var": 1.98777779588e-05
    },
    "spectral_entropy": {
        "dmean": 0.109023064375,
        "dmean2": 0.156585216522,
        "dvar": 0.0130952000618,
        "dvar2": 0.025181401521,
        "max": 8.55998706818,
        "mean": 7.79098749161,
        "median": 7.79984712601,
        "min": 6.7383055687,
        "var": 0.0714173987508
    },
    "spectral_flux": {
        "dmean": 0.0187204517424,
        "dmean2": 0.0275305453688,
        "dvar": 0.000368638342479,
        "dvar2": 0.000681044766679,
        "max": 0.222973287106,
        "mean": 0.0801919028163,
        "median": 0.0773615762591,
        "min": 0.00757609168068,
        "var": 0.001222275896
    },
    "spectral_kurtosis": {
        "dmean": 1.30925893784,
        "dmean2": 2.26767921448,
        "dvar": 2.07371425629,
        "dvar2": 6.38797664642,
        "max": 14.2103786469,
        "mean": 3.60259127617,
        "median": 3.21365737915,
        "min": -0.668063163757,
        "var": 3.35442304611
    },
    "spectral_rms": {
        "dmean": 0.000656812044326,
        "dmean2": 0.000930967740715,
        "dvar": 4.4746238359e-07,
        "dvar2": 8.07654259916e-07,
        "max": 0.00808110367507,
        "mean": 0.00409730151296,
        "median": 0.00408739130944,
        "min": 0.000470222206786,
        "var": 1.93478672372e-06
    },
    "spectral_rolloff": {
        "dmean": 545.629760742,
        "dmean2": 852.855712891,
        "dvar": 507995.4375,
        "dvar2": 1167059.25,
        "max": 10056.0058594,
        "mean": 2488.21118164,
        "median": 2476.31835938,
        "min": 107.666015625,
        "var": 1662639.875
    },
    "spectral_skewness": {
        "dmean": 0.176314309239,
        "dmean2": 0.293470561504,
        "dvar": 0.0293896328658,
        "dvar2": 0.0817898586392,
        "max": 2.71419882774,
        "mean": 1.24654090405,
        "median": 1.21514332294,
        "min": 0.418769806623,
        "var": 0.0742525458336
    },
    "spectral_spread": {
        "dmean": 394822.71875,
        "dmean2": 563185.25,
        "dvar": 366960967680,
        "dvar2": 621389479936,
        "max": 15549599,
        "mean": 3891126.75,
        "median": 3745779.5,
        "min": 2090504.5,
        "var": 1.09633162445e+12
    },
    "spectral_strongpeak": {
        "dmean": 0.922032952309,
        "dmean2": 1.613245368,
        "dvar": 2.11041760445,
        "dvar2": 5.24045181274,
        "max": 10.2051706314,
        "mean": 1.15344107151,
        "median": 0.293848693371,
        "min": 0.00833166018128,
        "var": 2.79690098763
    },
    "zerocrossingrate": {
        "dmean": 0.00998897943646,
        "dmean2": 0.0111030088738,
        "dvar": 0.000107052372186,
        "dvar2": 0.000124242258607,
        "max": 0.27001953125,
        "mean": 0.0850764960051,
        "median": 0.080078125,
        "min": 0.01708984375,
        "var": 0.00104785221629
    },
    "barkbands": {
        "dmean": [9.21657556319e-05, 0.00190081680194, 0.000568411545828, 0.000457012327388, 0.000856486614794, 0.000621433020569, 0.000268682459136, 0.000326231616782, 0.00106692127883, 0.000584439199883, 0.00048873887863, 0.0004458152398, 0.000548902025912, 0.000610407732893, 0.000718632363714, 0.000483068841277, 0.000556853949092, 0.000515922554769, 0.000262021261733, 0.000248553988058, 0.00010882231436, 0.000114039910841, 8.94502300071e-05, 6.69273431413e-05, 3.55760057573e-05, 1.42401486301e-05, 1.22453047702e-09],
        "dmean2": [0.000134053363581, 0.00299453991465, 0.000976421113592, 0.000776560802478, 0.00139476067852, 0.00100642989855, 0.0004299057764, 0.000538186461199, 0.00166891375557, 0.000948677305132, 0.000737712252885, 0.000710990629159, 0.000868896662723, 0.00093364843633, 0.00113309570588, 0.000776452594437, 0.000917691504583, 0.000816320825834, 0.000419651652919, 0.00039413291961, 0.000160868556122, 0.000169134858879, 0.000132866654894, 9.54479837674e-05, 5.12665574206e-05, 1.98198413273e-05, 1.9077439628e-09],
        "dvar": [1.93939513338e-08, 9.84675716609e-06, 9.94900005935e-07, 6.58493604533e-07, 2.21993104788e-06, 6.87951683176e-07, 1.92325046555e-07, 6.74182103921e-07, 3.8645953282e-06, 2.38276379605e-06, 9.15469911433e-07, 7.0614919423e-07, 1.85500084626e-06, 2.11714427678e-06, 2.01112902687e-06, 5.89083924751e-07, 9.28749273044e-07, 4.58312257479e-07, 1.15902729192e-07, 1.07362929214e-07, 2.93347159896e-08, 3.09259355902e-08, 2.28088001819e-08, 1.21894929705e-08, 1.03147810293e-08, 2.16275375386e-09, 2.40584938531e-16],
        "dvar2": [4.00216357832e-08, 2.131814108e-05, 2.76932087218e-06, 1.7564789232e-06, 6.10716915617e-06, 1.80752431334e-06, 4.54529299532e-07, 1.7789894855e-06, 9.06941113499e-06, 6.54831865177e-06, 1.93531673176e-06, 1.87380726402e-06, 4.68268854092e-06, 4.92779827255e-06, 4.82820314573e-06, 1.39918984132e-06, 2.43009230871e-06, 1.16287424134e-06, 2.93204152513e-07, 2.63738911599e-07, 6.73027500397e-08, 7.44547890008e-08, 5.45257350382e-08, 2.61407269164e-08, 2.47598208603e-08, 4.39020997334e-09, 2.42512203183e-16],
        "max": [0.00181714491919, 0.0355914272368, 0.00846751220524, 0.00644073076546, 0.0168109554797, 0.00916917435825, 0.00720179732889, 0.0175621118397, 0.0207972768694, 0.0219902656972, 0.0197562407702, 0.0112469885498, 0.0193503126502, 0.0244906637818, 0.0159046724439, 0.0103218387812, 0.0142249083146, 0.0071107018739, 0.00529809994623, 0.00386382546276, 0.00284931878559, 0.00312491878867, 0.00285223219544, 0.00143355282489, 0.00175144220702, 0.000783965922892, 5.57290661618e-07],
        "mean": [0.000122973055113, 0.00274122902192, 0.000748618331272, 0.00059614185011, 0.00154251174536, 0.00123211415485, 0.000471728621051, 0.000416725582909, 0.00141361379065, 0.000840058550239, 0.000822021160275, 0.000670584558975, 0.000700723088812, 0.000898268655874, 0.00111200043466, 0.000844786176458, 0.000966662133578, 0.00102108484134, 0.000538484193385, 0.000539585191291, 0.000240006309468, 0.000272975448752, 0.000208596437005, 0.00014343688963, 6.55673866277e-05, 2.02275914489e-05, 1.07480990774e-09],
        "median": [5.84711924603e-05, 0.00168070651125, 0.000386604428058, 0.000320672086673, 0.00117179669905, 0.000977700110525, 0.000307089358103, 0.000199822519789, 0.000415678019635, 0.000298726721667, 0.00031513729482, 0.000303683715174, 0.000226996126003, 0.000270624674158, 0.000532186066266, 0.000464708777145, 0.000554419180844, 0.000694198824931, 0.000387900392525, 0.000337527366355, 0.000124392536236, 0.000131016102387, 0.000104492137325, 6.31507209619e-05, 2.41377638304e-05, 4.93109746458e-06, 2.56943744059e-10],
        "min": [3.27500480068e-08, 1.7812484657e-05, 5.54189455215e-07, 2.88252834935e-07, 7.68204131418e-07, 1.47478772305e-06, 3.44554621279e-07, 4.85092584768e-07, 9.24038602079e-07, 4.04013235311e-07, 2.48566664141e-07, 6.08947630099e-07, 3.09766306827e-07, 8.51866900575e-07, 1.69773034031e-06, 1.65534163443e-06, 1.70431212609e-06, 2.18922195927e-06, 1.74450690338e-06, 1.34982633426e-06, 4.27771794875e-07, 3.02270905195e-07, 1.07068203192e-07, 1.7019502252e-07, 4.6305355994e-08, 1.26046248092e-11, 9.49419536045e-12],
        "var": [3.18148529743e-08, 1.29476911752e-05, 1.0157490351e-06, 6.63962453018e-07, 2.54781025433e-06, 1.05611684376e-06, 3.27915699927e-07, 6.26349788035e-07, 5.62118702874e-06, 3.61184174835e-06, 2.64236632574e-06, 1.01069031189e-06, 2.29546367336e-06, 4.17258297603e-06, 3.24575239574e-06, 1.34832373533e-06, 1.73573857865e-06, 1.05801905192e-06, 2.65476330696e-07, 3.18385474429e-07, 9.79540644153e-08, 1.24091897646e-07, 7.21702662076e-08, 4.01872455313e-08, 1.76727947832e-08, 3.77090936254e-09, 2.40678218034e-16]
    },
    "erbbands": {
        "dmean": [0.0641383826733, 0.412337034941, 0.671818494797, 1.08300721645, 2.46248531342, 3.01846456528, 3.50714707375, 6.18903779984, 4.35080385208, 4.04639863968, 9.24611759186, 25.0762901306, 25.0645294189, 14.7931184769, 18.5149173737, 17.1978855133, 21.8933372498, 32.9736404419, 32.5943565369, 25.2506446838, 30.4812278748, 25.1760425568, 29.8835086823, 15.8564395905, 13.0071592331, 12.3975229263, 5.26320743561, 3.92612433434, 4.27043581009, 3.49374675751, 2.50580883026, 1.54286301136, 1.12664175034, 0.47130459547, 0.227621257305, 0.0905349627137, 0.0226349271834, 0.00128359813243, 2.96955167869e-05, 8.70770145411e-06],
        "dmean2": [0.0994241386652, 0.655085504055, 1.10921251774, 1.8182425499, 4.12375450134, 4.97196340561, 5.68064594269, 10.0523443222, 6.92396783829, 6.39946985245, 15.1922836304, 39.0110282898, 40.6097106934, 22.5594463348, 28.4281253815, 27.4306373596, 35.122882843, 49.5220069885, 50.5406913757, 40.9813499451, 49.6597938538, 41.268863678, 47.4186477661, 24.9829826355, 20.4276580811, 19.5507659912, 7.82243871689, 5.88435602188, 6.4706325531, 5.13611793518, 3.68911767006, 2.25182104111, 1.62588906288, 0.67907589674, 0.330310881138, 0.12926723063, 0.0323006212711, 0.00197333120741, 4.2674731958e-05, 1.21528055388e-05],
        "dvar": [0.0124416779727, 0.465767294168, 1.04646945, 3.96614956856, 12.4843416214, 41.3226089478, 21.2962303162, 83.7494277954, 44.8876991272, 51.7928581238, 579.262451172, 2304.97680664, 3468.88427734, 1188.68054199, 1116.00793457, 924.282714844, 2552.19018555, 6027.234375, 4605.85546875, 2274.22583008, 2561.98168945, 1133.65002441, 1586.86499023, 414.377624512, 354.074188232, 289.436218262, 67.5324554443, 35.7574920654, 47.1974830627, 29.1155738831, 18.0536384583, 6.25250673294, 4.1976146698, 1.38381028175, 0.520234823227, 0.0905722081661, 0.00639620656148, 1.78301488631e-05, 7.71499220065e-09, 1.00101336942e-10],
        "dvar2": [0.0278599783778, 1.02611505985, 2.8625330925, 10.556479454, 34.3542709351, 112.618682861, 56.6355705261, 220.070922852, 111.682609558, 127.614120483, 1472.03540039, 5171.91992188, 9699.01269531, 2573.22949219, 2469.10742188, 2523.76611328, 6579.03662109, 14155.3759766, 10722.9150391, 5345.05126953, 6602.76757812, 2847.28222656, 3911.64208984, 1080.74560547, 875.239257812, 726.23260498, 160.361526489, 81.3209457397, 119.298377991, 66.3801269531, 43.3689575195, 14.1626310349, 9.25118923187, 3.2288620472, 1.24973189831, 0.188201129436, 0.0138612668961, 4.08040505135e-05, 1.66897216047e-08, 1.99903857356e-10],
        "max": [1.30394887924, 8.39528942108, 9.26491260529, 18.4420032501, 26.0198287964, 74.0311889648, 58.2857322693, 107.847000122, 86.7293930054, 101.070152283, 514.203979492, 570.223388672, 722.750793457, 586.876953125, 422.643615723, 366.909759521, 747.91418457, 1377.4342041, 1062.17272949, 726.818054199, 626.833679199, 406.323181152, 503.460296631, 236.212142944, 374.697143555, 206.297790527, 156.120452881, 112.992767334, 130.850234985, 91.7158966064, 74.3976364136, 39.0319213867, 28.2257003784, 19.6407318115, 11.3559179306, 5.57832622528, 1.2428497076, 0.0504628531635, 0.00115389632992, 0.000165741512319],
        "mean": [0.0884316936135, 0.568082153797, 0.968722224236, 1.5041270256, 4.02556228638, 4.73150110245, 7.38587808609, 10.3004302979, 7.32827615738, 7.3370552063, 12.0855340958, 33.7191314697, 35.0095977783, 27.8857975006, 30.8572292328, 27.9177474976, 30.8865375519, 51.9645309448, 53.8987579346, 44.9251441956, 56.8787765503, 49.7899589539, 57.5979614258, 34.7654876709, 28.0715389252, 26.241317749, 11.7232179642, 8.87992095947, 9.77709579468, 8.48643875122, 5.66981697083, 3.34540510178, 2.2227742672, 0.902513563633, 0.380641400814, 0.133325383067, 0.0305457413197, 0.00164135429077, 5.33642923983e-05, 2.87184811896e-05],
        "median": [0.0457211174071, 0.334696441889, 0.575775682926, 0.926544725895, 2.99062681198, 3.0065779686, 5.72560167313, 6.90351104736, 4.81062078476, 4.16136026382, 5.80221366882, 10.5744743347, 13.9303684235, 9.85856533051, 13.3832492828, 13.9018678665, 12.5950574875, 16.0774364471, 25.5630989075, 25.8453960419, 28.6361637115, 32.949131012, 40.4078140259, 25.0780639648, 19.9776172638, 15.7808618546, 6.87095928192, 4.86084747314, 4.61217832565, 4.30774927139, 2.77802920341, 1.49971711636, 0.915547430515, 0.367756336927, 0.123121678829, 0.0362645722926, 0.00665733776987, 0.000361078418791, 2.64283698925e-05, 2.54644546658e-05],
        "min": [9.91789202089e-05, 0.00385407591239, 0.00445253448561, 0.00383371138014, 0.00466179894283, 0.00463329907507, 0.00686004711315, 0.011712115258, 0.0128382025287, 0.0215146746486, 0.0368873886764, 0.0231303330511, 0.023712489754, 0.0461380816996, 0.0090481126681, 0.0273723378778, 0.0222395025194, 0.0321967341006, 0.066518060863, 0.0843049585819, 0.130909591913, 0.112769477069, 0.132944062352, 0.100317791104, 0.109813332558, 0.079036526382, 0.0224565286189, 0.0206519644707, 0.0127573888749, 0.00486593088135, 0.00271869800054, 0.0035762488842, 0.00179952452891, 0.00096452946309, 5.09793935635e-05, 9.92905734165e-06, 2.3236866582e-06, 1.96364965177e-07, 1.6217526877e-07, 3.00874347658e-07],
        "var": [0.015701610595, 0.598282217979, 1.23138082027, 4.01199674606, 15.1608982086, 39.3191833496, 40.9290161133, 116.418212891, 65.3686752319, 90.4060592651, 545.780212402, 3493.55712891, 4702.21240234, 3501.33105469, 2738.51074219, 1506.95214844, 3239.29589844, 12545.6484375, 7831.94140625, 4074.01538086, 6194.07226562, 2836.38061523, 3348.0065918, 1115.43139648, 834.123168945, 797.640197754, 194.337173462, 127.374420166, 166.063079834, 115.248451233, 56.2808456421, 22.1085910797, 10.934384346, 2.66707158089, 0.802661657333, 0.149626597762, 0.010260197334, 2.57314004557e-05, 1.29814772265e-08, 3.75555864185e-10]
    },
    "gfcc": {
        "mean": [12.4008836746, 87.0413513184, -145.975387573, 50.6945381165, -58.3549232483, 18.3477687836, -40.6755142212, 14.2162256241, -21.1524906158, -1.86052691936, -10.8343105316, 2.03880310059, -3.43710684776],
        "cov": [[3555.20361328, -1198.63867188, -131.660568237, -76.4683303833, -260.074188232, 332.754821777, -116.706291199, 90.8304290771, -122.220214844, 79.2862930298, -257.038787842, 45.7000961304, -192.821792603], [-1198.63867188, 1113.56591797, -187.313842773, -15.1961956024, 224.655303955, -177.906890869, 169.526428223, -130.180389404, 69.4537200928, -121.945289612, 133.803024292, -152.846740723, 92.3171539307], [-131.660568237, -187.313842773, 432.344390869, 59.0368537903, -16.1196575165, 27.8615760803, -54.3423156738, 71.0659637451, -47.7636222839, 72.3020706177, -65.0428085327, 69.1229858398, -38.2760467529], [-76.4683303833, -15.1961956024, 59.0368537903, 278.645355225, 48.2261390686, -21.9310417175, -10.7316017151, 14.2128696442, 67.0543518066, -49.025718689, -0.496353656054, -6.25094175339, 61.881893158], [-260.074188232, 224.655303955, -16.1196575165, 48.2261390686, 229.041870117, -21.6354007721, 44.1806335449, -6.81634521484, 33.8896751404, -25.9016609192, -9.7569770813, -3.23092484474, 10.9487409592], [332.754821777, -177.906890869, 27.8615760803, -21.9310417175, -21.6354007721, 166.244171143, 30.5421981812, 11.4508485794, -30.8779182434, 23.9369621277, -28.1359329224, 4.44768714905, -22.5734272003], [-116.706291199, 169.526428223, -54.3423156738, -10.7316017151, 44.1806335449, 30.5421981812, 146.759933472, 3.07517766953, 3.7349653244, -21.8324661255, 9.01671028137, -29.7871189117, -0.352781742811], [90.8304290771, -130.180389404, 71.0659637451, 14.2128696442, -6.81634521484, 11.4508485794, 3.07517766953, 95.4772262573, 18.703086853, 12.7999601364, -35.8739852905, 27.0352745056, -14.5619001389], [-122.220214844, 69.4537200928, -47.7636222839, 67.0543518066, 33.8896751404, -30.8779182434, 3.7349653244, 18.703086853, 97.9723358154, -16.418176651, 18.439289093, -12.4982051849, 29.326292038], [79.2862930298, -121.945289612, 72.3020706177, -49.025718689, -25.9016609192, 23.9369621277, -21.8324661255, 12.7999601364, -16.418176651, 93.2233657837, 4.90363836288, 29.1995124817, -33.7783851624], [-257.038787842, 133.803024292, -65.0428085327, -0.496353656054, -9.7569770813, -28.1359329224, 9.01671028137, -35.8739852905, 18.439289093, 4.90363836288, 111.436286926, 1.1574331522, 31.5395183563], [45.7000961304, -152.846740723, 69.1229858398, -6.25094175339, -3.23092484474, 4.44768714905, -29.7871189117, 27.0352745056, -12.4982051849, 29.1995124817, 1.1574331522, 97.0308456421, -0.970414459705], [-192.821792603, 92.3171539307, -38.2760467529, 61.881893158, 10.9487409592, -22.5734272003, -0.352781742811, -14.5619001389, 29.326292038, -33.7783851624, 31.5395183563, -0.970414459705, 82.100440979]],
        "icov": [[0.000707362603862, 0.000218960180064, 0.0010290677892, -0.000584671273828, 0.000470621860586, -0.000916163669899, 0.000496603897773, -0.000239532499108, 0.000519843422808, -0.000365609826986, 0.00126584863756, -0.000308712566039, 0.00115450297017], [0.000218960180064, 0.00567100849003, -0.00248032598756, 0.00355913280509, -0.00403444189578, 0.00428893789649, -0.00459452718496, 0.00409354455769, -0.00198789895512, 0.00380009575747, -0.00429597357288, 0.0065631926991, -0.00327642867342], [0.0010290677892, -0.00248032598756, 0.00720462808385, -0.00484809512272, 0.00256570777856, -0.00326046580449, 0.00372455571778, -0.00473774503917, 0.00495812576264, -0.00568638788536, 0.00549233844504, -0.0048151020892, 0.00387855106965], [-0.000584671273828, 0.00355913280509, -0.00484809512272, 0.00925310235471, -0.00372642860748, 0.00318267126568, -0.00296940398403, 0.0034081696067, -0.00581383798271, 0.00597162125632, -0.00412054220214, 0.00523908343166, -0.00646759523079], [0.000470621860586, -0.00403444189578, 0.00256570777856, -0.00372642860748, 0.00888170860708, -0.00318599585444, 0.00164118001703, -0.00120359053835, -0.000274774065474, -0.00260759936646, 0.0059491279535, -0.00664497585967, 0.00404120376334], [-0.000916163669899, 0.00428893789649, -0.00326046580449, 0.00318267126568, -0.00318599585444, 0.0124235339463, -0.00686209788546, 0.00363346049562, -0.000515270454343, 0.00117107189726, -0.00334056536667, 0.00549765909091, -0.00442348327488], [0.000496603897773, -0.00459452718496, 0.00372455571778, -0.00296940398403, 0.00164118001703, -0.00686209788546, 0.0136977937073, -0.00665704766288, 0.00337867345661, -0.00158407154959, 0.00230700755492, -0.00295954849571, 0.00429987022653], [-0.000239532499108, 0.00409354455769, -0.00473774503917, 0.0034081696067, -0.00120359053835, 0.00363346049562, -0.00665704766288, 0.0208982843906, -0.00949215982109, 0.0032712565735, 0.00156379758846, -0.000152717300807, -0.00097163830651], [0.000519843422808, -0.00198789895512, 0.00495812576264, -0.00581383798271, -0.000274774065474, -0.000515270454343, 0.00337867345661, -0.00949215982109, 0.0197068806738, -0.00465709948912, 8.31162760733e-05, 0.000346331478795, -0.000607503054198], [-0.000365609826986, 0.00380009575747, -0.00568638788536, 0.00597162125632, -0.00260759936646, 0.00117107189726, -0.00158407154959, 0.0032712565735, -0.00465709948912, 0.0217247772962, -0.00845889654011, 0.00204733456485, 0.00283484789543], [0.00126584863756, -0.00429597357288, 0.00549233844504, -0.00412054220214, 0.0059491279535, -0.00334056536667, 0.00230700755492, 0.00156379758846, 8.31162760733e-05, -0.00845889654011, 0.0205259080976, -0.00860086455941, 0.000548601499759], [-0.000308712566039, 0.0065631926991, -0.0048151020892, 0.00523908343166, -0.00664497585967, 0.00549765909091, -0.00295954849571, -0.000152717300807, 0.000346331478795, 0.00204733456485, -0.00860086455941, 0.0226730350405, -0.00765006430447], [0.00115450297017, -0.00327642867342, 0.00387855106965, -0.00646759523079, 0.00404120376334, -0.00442348327488, 0.00429987022653, -0.00097163830651, -0.000607503054198, 0.00283484789543, 0.000548601499759, -0.00765006430447, 0.024432040751]]
    },
    "melbands": {
        "dmean": [0.000542860245332, 0.000388712389395, 0.000212610684684, 0.000206903219805, 0.000115986753372, 0.000129902851768, 6.37977573206e-05, 4.42827404186e-05, 8.26994437375e-05, 0.000171961204614, 0.000123296602396, 5.81367748964e-05, 6.23492524028e-05, 5.37416308362e-05, 3.61136226275e-05, 6.54788309475e-05, 6.40405050945e-05, 5.1302537031e-05, 5.0858965551e-05, 3.3141066524e-05, 4.04718630307e-05, 3.07017071464e-05, 2.83047247649e-05, 2.32612965192e-05, 1.35451746246e-05, 1.00943552752e-05, 1.07521400423e-05, 7.99820736574e-06, 4.01631723435e-06, 2.90239700007e-06, 2.24935865845e-06, 2.47200955528e-06, 2.65440826297e-06, 2.00965723707e-06, 1.71101328306e-06, 1.11662598101e-06, 9.83039853963e-07, 9.32376735818e-07, 5.48056277694e-07, 3.87928253076e-07],
        "dmean2": [0.000850281561725, 0.000618940102868, 0.000357869284926, 0.000342823652318, 0.000188478588825, 0.000209990597796, 0.000101583042124, 7.10030435584e-05, 0.000135831811349, 0.000268457137281, 0.000200093767489, 8.93665564945e-05, 9.5144205261e-05, 8.63658860908e-05, 5.87051981711e-05, 0.000103500569821, 9.69090251601e-05, 7.95962696429e-05, 8.09808916529e-05, 5.28354903508e-05, 6.69647997711e-05, 5.09231831529e-05, 4.4997112127e-05, 3.71152600565e-05, 2.15323016164e-05, 1.62913056556e-05, 1.72062900674e-05, 1.26543291117e-05, 6.15905855739e-06, 4.47938145953e-06, 3.45930834555e-06, 3.81146423933e-06, 3.99161217501e-06, 3.07299910673e-06, 2.61503896581e-06, 1.68607027717e-06, 1.49284903728e-06, 1.40928659675e-06, 7.95603114057e-07, 5.81759309171e-07],
        "dvar": [8.5942900796e-07, 3.26240837012e-07, 1.27296218011e-07, 1.31869754227e-07, 2.86926322701e-08, 3.43409922721e-08, 9.59114920818e-09, 6.2411280588e-09, 4.6737941517e-08, 1.04845199189e-07, 8.59528839214e-08, 1.94364737638e-08, 1.24659456091e-08, 1.08563176227e-08, 6.37752872734e-09, 2.71242210914e-08, 2.40551010222e-08, 1.28353851991e-08, 1.27599051325e-08, 2.71027977838e-09, 6.00064486989e-09, 2.17622830867e-09, 1.36695066377e-09, 1.1638412456e-09, 3.14320763861e-10, 2.07411934849e-10, 2.34092162321e-10, 1.32155369981e-10, 4.68034430656e-11, 2.23080495049e-11, 1.05506948664e-11, 1.43723227763e-11, 1.93377796415e-11, 9.80121626221e-12, 8.37333154202e-12, 3.87505002045e-12, 2.70386707815e-12, 3.00470976225e-12, 1.42062197509e-12, 1.04148645003e-12],
        "dvar2": [1.86316958661e-06, 7.85575480222e-07, 3.37784882731e-07, 3.66239930827e-07, 7.70938228811e-08, 8.98722305465e-08, 2.34697896673e-08, 1.56910999749e-08, 1.17734430205e-07, 2.36370539142e-07, 2.39587706119e-07, 4.2149981283e-08, 2.72357496556e-08, 2.84544867668e-08, 1.72445737689e-08, 6.95126161077e-08, 5.49947927198e-08, 2.94139201884e-08, 3.13687031905e-08, 5.79683234747e-09, 1.59683555268e-08, 5.61805180155e-09, 3.42540285025e-09, 3.1067743933e-09, 8.31579138882e-10, 5.32258348507e-10, 5.79477466012e-10, 3.3942540445e-10, 1.18057688625e-10, 5.3505321701e-11, 2.45165554524e-11, 3.66187323519e-11, 4.87707998986e-11, 2.36566374129e-11, 2.06709701439e-11, 9.28932365057e-12, 6.38435658507e-12, 6.94304639823e-12, 3.17100035466e-12, 2.58421192431e-12],
        "max": [0.0107463281602, 0.00601859530434, 0.003244089894, 0.00364488642663, 0.00198976811953, 0.00216293637641, 0.00141453417018, 0.00104320410173, 0.00429499289021, 0.00385186565109, 0.00357765401714, 0.00231155660003, 0.00177041487768, 0.00145900680218, 0.00115973874927, 0.00226069102064, 0.00256984424777, 0.00189048645552, 0.00133684440516, 0.000686799641699, 0.00099220208358, 0.00059556029737, 0.000434822199168, 0.000467241770821, 0.000210332000279, 0.000198933834326, 0.00025318202097, 0.00014176555851, 0.000136446586112, 7.86447999417e-05, 5.57236890018e-05, 6.16007964709e-05, 7.2305163485e-05, 5.40273431398e-05, 4.60567498521e-05, 3.4229724406e-05, 2.77729341178e-05, 2.46466042881e-05, 1.88802405319e-05, 1.58204002219e-05],
        "mean": [0.00077554123709, 0.000602322281338, 0.000330132403178, 0.00033038642141, 0.000241739020566, 0.000231247773627, 0.000111171568278, 7.71178602008e-05, 0.000100427801954, 0.000229419310926, 0.00016763160238, 0.000104201491922, 0.000105288941995, 8.00053021521e-05, 5.54888756596e-05, 8.48480558489e-05, 9.58972668741e-05, 7.97728789621e-05, 7.67416495364e-05, 5.479565516e-05, 7.11319298716e-05, 5.42700690858e-05, 5.22337431903e-05, 4.4651224016e-05, 2.6557383535e-05, 1.93206669792e-05, 2.17112992686e-05, 1.57822923939e-05, 7.64910055295e-06, 5.70699648961e-06, 4.75288607049e-06, 5.24303641214e-06, 5.74234445594e-06, 4.38676579506e-06, 3.57081353286e-06, 2.23773349717e-06, 1.94888002625e-06, 1.73098544565e-06, 1.02042986327e-06, 6.66703556362e-07],
        "median": [0.000455541536212, 0.000408114137826, 0.000230716512306, 0.000232853548368, 0.000191527928109, 0.000166823665495, 7.23865523469e-05, 4.34196008428e-05, 4.4779630116e-05, 6.61085869069e-05, 6.39509380562e-05, 3.43291831086e-05, 4.49877225037e-05, 3.65342202713e-05, 2.51125638897e-05, 2.40709014179e-05, 2.74668182101e-05, 3.88991647924e-05, 3.47085151589e-05, 3.27640264004e-05, 3.06592701236e-05, 3.17292397085e-05, 3.60926860594e-05, 3.04179720843e-05, 1.80107090273e-05, 1.33943258334e-05, 1.44392079164e-05, 9.00027680473e-06, 4.3152535909e-06, 2.88297337647e-06, 2.55776785707e-06, 2.48749142884e-06, 2.52122572419e-06, 2.26327438213e-06, 1.7586486365e-06, 9.80887989499e-07, 8.37139509713e-07, 6.87956003276e-07, 4.15708939272e-07, 2.44355732093e-07],
        "min": [2.67575910584e-06, 3.03428919324e-06, 8.22024560421e-07, 2.97846469266e-07, 2.09328732126e-07, 3.01835314076e-07, 1.80661771765e-07, 1.54722428647e-07, 1.78316881261e-07, 1.3676394417e-07, 1.10872704795e-07, 3.3432208113e-08, 2.92772188715e-08, 3.42759207683e-08, 4.64182043913e-08, 2.58304009293e-08, 6.18043358713e-08, 9.66332791563e-08, 1.20655030855e-07, 9.13668500857e-08, 1.66829494219e-07, 9.79140111212e-08, 7.61619318723e-08, 1.00754597554e-07, 7.03753144649e-08, 6.26977083584e-08, 6.39101713773e-08, 5.30874260107e-08, 7.1612320518e-09, 7.39331884603e-09, 1.12256826057e-08, 3.33592509172e-09, 2.04200145681e-09, 2.11865502919e-09, 1.35720590322e-09, 1.98724126044e-09, 1.56892132619e-09, 1.15076503882e-09, 3.9204889335e-10, 1.92680094102e-10],
