{
"highlevel": {
    "danceability": {
        "all": {
            "danceable": 0.997457623482,
            "not_danceable": 0.00254238932393
        },
        "probability": 0.997457623482,
        "value": "danceable"
    },
    "gender": {
        "all": {
            "female": 0.696930408478,
            "male": 0.303069591522
        },
        "probability": 0.696930408478,
        "value": "female"
    },
    "genre_dortmund": {
        "all": {
            "alternative": 0.205307275057,
            "blues": 0.0164377652109,
            "electronic": 0.20244731009,
            "folkcountry": 0.0630122423172,
            "funksoulrnb": 0.0398399233818,
            "jazz": 0.0316245518625,
            "pop": 0.0869020670652,
            "raphiphop": 0.13146366179,
            "rock": 0.222965210676
        },
        "probability": 0.222965210676,
        "value": "rock"
    },
    "genre_electronic": {
        "all": {
            "ambient": 0.348338544369,
            "dnb": 0.158234536648,
            "house": 0.100641794503,
            "techno": 0.0243056733161,
            "trance": 0.368479430676
        },
        "probability": 0.368479430676,
        "value": "trance"
    },
    "genre_rosamerica": {
        "all": {
            "cla": 0.00310009089299,
            "dan": 0.309101015329,
            "hip": 0.0109455697238,
            "jaz": 0.0018513611285,
            "pop": 0.56308811903,
            "rhy": 0.0191006306559,
            "roc": 0.0915293619037,
            "spe": 0.00128384400159
        },
        "probability": 0.56308811903,
        "value": "pop"
    },
    "genre_tzanetakis": {
        "all": {
            "blu": 0.0620671063662,
            "cla": 0.034474901855,
            "cou": 0.103433981538,
            "dis": 0.0620971247554,
            "hip": 0.15527240932,
            "jaz": 0.310666948557,
            "met": 0.044346679002,
            "pop": 0.0620793737471,
            "reg": 0.0620816536248,
            "roc": 0.103479810059
        },
        "probability": 0.310666948557,
        "value": "jaz"
    },
    "ismir04_rhythm": {
        "all": {
            "ChaChaCha": 0.474758684635,
            "Jive": 0.0678591057658,
            "Quickstep": 0.0318071618676,
            "Rumba-American": 0.0327073521912,
            "Rumba-International": 0.0724083930254,
            "Rumba-Misc": 0.0157769676298,
            "Samba": 0.118605256081,
            "Tango": 0.0427067875862,
            "VienneseWaltz": 0.128178313375,
            "Waltz": 0.0151919899508
        },
        "probability": 0.474758684635,
        "value": "ChaChaCha"
    },
    "mood_acoustic": {
        "all": {
            "acoustic": 0.0190013870597,
            "not_acoustic": 0.980998635292
        },
        "probability": 0.980998635292,
        "value": "not_acoustic"
    },
    "mood_aggressive": {
        "all": {
            "aggressive": 0.794939279556,
            "not_aggressive": 0.205060750246
        },
        "probability": 0.794939279556,
        "value": "aggressive"
    },
    "mood_electronic": {
        "all": {
            "electronic": 0.575915932655,
            "not_electronic": 0.424084097147
        },
        "probability": 0.575915932655,
        "value": "electronic"
    },
    "mood_happy": {
        "all": {
            "happy": 0.808901786804,
            "not_happy": 0.191098213196
        },
        "probability": 0.808901786804,
        "value": "happy"
    },
    "mood_party": {
        "all": {
            "not_party": 0.300593674183,
            "party": 0.699406325817
        },
        "probability": 0.699406325817,
        "value": "party"
    },
    "mood_relaxed": {
        "all": {
            "not_relaxed": 0.978943765163,
            "relaxed": 0.0210562050343
        },
        "probability": 0.978943765163,
        "value": "not_relaxed"
    },
    "mood_sad": {
        "all": {
            "not_sad": 0.624845445156,
            "sad": 0.375154554844
        },
        "probability": 0.624845445156,
        "value": "not_sad"
    },
    "moods_mirex": {
        "all": {
            "Cluster1": 0.117156893015,
            "Cluster2": 0.31690338254,
            "Cluster3": 0.32763248682,
            "Cluster4": 0.1792280972,
            "Cluster5": 0.0590791516006
        },
        "probability": 0.32763248682,
        "value": "Cluster3"
    },
    "timbre": {
        "all": {
            "bright": 0.165188774467,
            "dark": 0.834811210632
        },
        "probability": 0.834811210632,
        "value": "dark"
    },
    "tonal_atonal": {
        "all": {
            "atonal": 0.170084998012,
            "tonal": 0.829914987087
        },
        "probability": 0.829914987087,
        "value": "tonal"
    },
    "voice_instrumental": {
        "all": {
            "instrumental": 0.00137892493512,
            "voice": 0.998621046543
        },
        "probability": 0.998621046543,
        "value": "voice"
    }
},
"lowlevel": {
    "average_loudness": 0.928897440434,
    "barkbands_crest": {
        "dmean": 2.97951221466,
        "dmean2": 4.6799826622,
        "dvar": 8.02425479889,
        "dvar2": 19.5844669342,
        "max": 23.6808929443,
        "mean": 12.1901454926,
        "median": 11.511220932,
        "min": 2.75924015045,
        "var": 19.8710384369
    },
    "barkbands_flatness_db": {
        "dmean": 0.0228092204779,
        "dmean2": 0.0346392728388,
        "dvar": 0.000485247262986,
        "dvar2": 0.00113462447189,
        "max": 0.327032625675,
        "mean": 0.158590406179,
        "median": 0.15069244802,
        "min": 0.045150950551,
        "var": 0.00299652596004
    },
    "barkbands_kurtosis": {
        "dmean": 2.2115380764,
        "dmean2": 3.34082269669,
        "dvar": 9.69406700134,
        "dvar2": 23.6747989655,
        "max": 29.4641532898,
        "mean": 3.39031505585,
        "median": 1.25112962723,
        "min": -1.82414793968,
        "var": 27.1763820648
    },
    "barkbands_skewness": {
        "dmean": 0.525848567486,
        "dmean2": 0.787720561028,
        "dvar": 0.285317480564,
        "dvar2": 0.682206511497,
        "max": 5.06006097794,
        "mean": 1.31096863747,
        "median": 1.14128553867,
        "min": -2.80377268791,
        "var": 1.11221718788
    },
    "barkbands_spread": {
        "dmean": 6.02292633057,
        "dmean2": 8.94841098785,
        "dvar": 67.5642471313,
        "dvar2": 152.159912109,
        "max": 106.800628662,
        "mean": 23.6230659485,
        "median": 22.6705532074,
        "min": 1.05976688862,
        "var": 236.288772583
    },
    "dissonance": {
        "dmean": 0.0264949612319,
        "dmean2": 0.0439118742943,
        "dvar": 0.000731057953089,
        "dvar2": 0.00193391519133,
        "max": 0.499998837709,
        "mean": 0.44989797473,
        "median": 0.463506132364,
        "min": 0.225142598152,
        "var": 0.00188712892123
    },
    "dynamic_complexity": 2.0118970871,
    "erbbands_crest": {
        "dmean": 3.04182767868,
        "dmean2": 4.75646686554,
        "dvar": 7.62992811203,
        "dvar2": 17.4566497803,
        "max": 29.8275127411,
        "mean": 11.3597106934,
        "median": 10.4677295685,
        "min": 2.36373782158,
        "var": 30.2732772827
    },
    "erbbands_flatness_db": {
        "dmean": 0.0198055263609,
        "dmean2": 0.0281596072018,
        "dvar": 0.000362559483619,
        "dvar2": 0.000684882688802,
        "max": 0.390441447496,
        "mean": 0.174627959728,
        "median": 0.16370280087,
        "min": 0.058869432658,
        "var": 0.0047299861908
    },
    "erbbands_kurtosis": {
        "dmean": 1.60451376438,
        "dmean2": 2.34523463249,
        "dvar": 4.87156105042,
        "dvar2": 10.2221565247,
        "max": 32.1076507568,
        "mean": 2.91825628281,
        "median": 1.58070755005,
        "min": -1.67378032207,
        "var": 22.771320343
    },
    "erbbands_skewness": {
        "dmean": 0.413572758436,
        "dmean2": 0.607179701328,
        "dvar": 0.139207288623,
        "dvar2": 0.283047646284,
        "max": 4.12333917618,
        "mean": 0.749680638313,
        "median": 0.627349436283,
        "min": -2.4813337326,
        "var": 0.993584930897
    },
    "erbbands_spread": {
        "dmean": 7.69786596298,
        "dmean2": 11.1406698227,
        "dvar": 86.1602935791,
        "dvar2": 186.604537964,
        "max": 123.073104858,
        "mean": 29.5918769836,
        "median": 24.547252655,
        "min": 1.76081645489,
        "var": 395.678894043
    },
    "hfc": {
        "dmean": 13.9317827225,
        "dmean2": 20.4243774414,
        "dvar": 596.737854004,
        "dvar2": 1225.86779785,
        "max": 304.609405518,
        "mean": 42.475856781,
        "median": 37.1164169312,
        "min": 0.702422320843,
        "var": 1251.76135254
    },
    "melbands_crest": {
        "dmean": 3.54534506798,
        "dmean2": 5.54532814026,
        "dvar": 12.2100763321,
        "dvar2": 32.3962440491,
        "max": 31.7820320129,
        "mean": 15.7597761154,
        "median": 15.4410867691,
        "min": 3.68515014648,
        "var": 25.4939823151
    },
    "melbands_flatness_db": {
        "dmean": 0.0262657199055,
        "dmean2": 0.0395694971085,
        "dvar": 0.00072134641232,
        "dvar2": 0.00168984150514,
        "max": 0.33474329114,
        "mean": 0.196570903063,
        "median": 0.198520109057,
        "min": 0.0368412956595,
        "var": 0.00250066816807
    },
    "melbands_kurtosis": {
        "dmean": 5.85943412781,
        "dmean2": 9.19628715515,
        "dvar": 112.363525391,
        "dvar2": 301.380706787,
        "max": 168.135162354,
        "mean": 10.6409435272,
        "median": 5.11046123505,
        "min": -1.72342228889,
        "var": 212.67388916
    },
    "melbands_skewness": {
        "dmean": 0.740970373154,
        "dmean2": 1.13142764568,
        "dvar": 0.694565594196,
        "dvar2": 1.73772168159,
        "max": 11.3862361908,
        "mean": 2.17436027527,
        "median": 1.8163087368,
        "min": -2.16826081276,
        "var": 2.6748623848
    },
    "melbands_spread": {
        "dmean": 7.81945323944,
        "dmean2": 11.8977375031,
        "dvar": 224.003585815,
        "dvar2": 490.199310303,
        "max": 197.442764282,
        "mean": 24.817949295,
        "median": 21.7388210297,
        "min": 2.02214360237,
        "var": 410.695129395
    },
    "pitch_salience": {
        "dmean": 0.0782747119665,
        "dmean2": 0.123897738755,
        "dvar": 0.00601316010579,
        "dvar2": 0.0150248399004,
        "max": 0.84748852253,
        "mean": 0.496724784374,
        "median": 0.482403814793,
        "min": 0.157679989934,
        "var": 0.0166183300316
    },
    "silence_rate_20dB": {
        "dmean": 0,
        "dmean2": 0,
        "dvar": 0,
        "dvar2": 0,
        "max": 1,
        "mean": 1,
        "median": 1,
        "min": 1,
        "var": 0
    },
    "silence_rate_30dB": {
        "dmean": 0.0371517017484,
        "dmean2": 0.0735863670707,
        "dvar": 0.0357716158032,
        "dvar2": 0.0883104652166,
        "max": 1,
        "mean": 0.972157776356,
        "median": 1,
        "min": 0,
        "var": 0.0270668528974
    },
    "silence_rate_60dB": {
        "dmean": 0.0232198145241,
        "dmean2": 0.0464756004512,
        "dvar": 0.0226809978485,
        "dvar2": 0.0474133975804,
        "max": 1,
        "mean": 0.0348027832806,
        "median": 0,
        "min": 0,
        "var": 0.0335926003754
    },
    "spectral_centroid": {
        "dmean": 246.363876343,
        "dmean2": 367.211791992,
        "dvar": 112223.109375,
        "dvar2": 256297.859375,
        "max": 5458.03369141,
        "mean": 1482.8729248,
        "median": 1437.48864746,
        "min": 534.339782715,
        "var": 309108.28125
    },
    "spectral_complexity": {
        "dmean": 4.24612998962,
        "dmean2": 6.38652229309,
        "dvar": 20.5616607666,
        "dvar2": 39.620513916,
        "max": 56,
        "mean": 22.1948947906,
        "median": 21,
        "min": 1,
        "var": 132.661376953
    },
    "spectral_decrease": {
        "dmean": 3.04592018274e-09,
        "dmean2": 4.6001447096e-09,
        "dvar": 1.8728366648e-17,
        "dvar2": 4.49854830773e-17,
        "max": -1.21138654663e-10,
        "mean": -1.1741392747e-08,
        "median": -1.10666036335e-08,
        "min": -4.53490542895e-08,
        "var": 6.10692027601e-17
    },
    "spectral_energy": {
        "dmean": 0.0120624518022,
        "dmean2": 0.018132885918,
        "dvar": 0.000282249326119,
        "dvar2": 0.000656586315017,
        "max": 0.17547467351,
        "mean": 0.0481674149632,
        "median": 0.0453091450036,
        "min": 0.000523288617842,
        "var": 0.000970545806922
    },
    "spectral_energyband_high": {
        "dmean": 0.00114466424566,
        "dmean2": 0.00163692119531,
        "dvar": 7.01564704286e-06,
        "dvar2": 1.40636084325e-05,
        "max": 0.0322746969759,
        "mean": 0.00207726075314,
        "median": 0.000832460587844,
        "min": 1.39966562074e-06,
        "var": 1.35664195113e-05
    },
    "spectral_energyband_low": {
        "dmean": 0.00825486145914,
        "dmean2": 0.0133989127353,
        "dvar": 0.00029023110983,
        "dvar2": 0.000761607720051,
        "max": 0.154097810388,
        "mean": 0.0215511471033,
        "median": 0.0136061664671,
        "min": 2.07374637284e-06,
        "var": 0.000631408882327
    },
    "spectral_energyband_middle_high": {
        "dmean": 0.00443004444242,
        "dmean2": 0.00661376817152,
        "dvar": 3.43263454852e-05,
        "dvar2": 8.0233287008e-05,
        "max": 0.069619178772,
        "mean": 0.0147521216422,
        "median": 0.0112042119727,
        "min": 0.000201497969101,
        "var": 0.000149875762872
    },
    "spectral_energyband_middle_low": {
        "dmean": 0.00486302142963,
        "dmean2": 0.00773806031793,
        "dvar": 5.33708371222e-05,
        "dvar2": 0.000130487285787,
        "max": 0.0927600115538,
        "mean": 0.0103394426405,
        "median": 0.00842292886227,
        "min": 8.3718674432e-05,
        "var": 7.3940915172e-05
    },
    "spectral_entropy": {
        "dmean": 0.169648215175,
        "dmean2": 0.239003151655,
        "dvar": 0.0356719493866,
        "dvar2": 0.0654416158795,
        "max": 8.9118680954,
        "mean": 7.58197593689,
        "median": 7.63362503052,
        "min": 6.15289926529,
        "var": 0.285552144051
    },
    "spectral_flux": {
        "dmean": 0.0306596811861,
        "dmean2": 0.0450175628066,
        "dvar": 0.00111748441122,
        "dvar2": 0.0021218508482,
        "max": 0.317273736,
        "mean": 0.105686478317,
        "median": 0.0949353277683,
        "min": 0.0155541514978,
        "var": 0.00318341352977
    },
    "spectral_kurtosis": {
        "dmean": 1.46694195271,
        "dmean2": 2.39002037048,
        "dvar": 3.99211716652,
        "dvar2": 10.1993560791,
        "max": 36.7290382385,
        "mean": 4.77000570297,
        "median": 3.90454769135,
        "min": -1.17223823071,
        "var": 14.8302230835
    },
    "spectral_rms": {
        "dmean": 0.000860380590893,
        "dmean2": 0.00125378684606,
        "dvar": 1.10183304969e-06,
        "dvar2": 2.31360240832e-06,
        "max": 0.0130841434002,
        "mean": 0.00640702154487,
        "median": 0.00664861220866,
        "min": 0.000714510621037,
        "var": 5.94270568399e-06
    },
    "spectral_rolloff": {
        "dmean": 530.731140137,
        "dmean2": 882.428161621,
        "dvar": 1456423.625,
        "dvar2": 2887832.25,
        "max": 13393.6523438,
        "mean": 1574.55603027,
        "median": 1184.32617188,
        "min": 86.1328125,
        "var": 2595392
    },
    "spectral_skewness": {
        "dmean": 0.209746986628,
        "dmean2": 0.325564622879,
        "dvar": 0.0526398271322,
        "dvar2": 0.110527850688,
        "max": 4.4587688446,
        "mean": 1.70591306686,
        "median": 1.6293412447,
        "min": 0.0227231737226,
        "var": 0.289919018745
    },
    "spectral_spread": {
        "dmean": 728021.75,
        "dmean2": 1058668.625,
        "dvar": 1.11462252544e+12,
        "dvar2": 2.08640802816e+12,
        "max": 14654221,
        "mean": 5261159,
        "median": 4896042.5,
        "min": 1686151.375,
        "var": 3.67449525453e+12
    },
    "spectral_strongpeak": {
        "dmean": 0.772291183472,
        "dmean2": 1.31464087963,
        "dvar": 1.77544224262,
        "dvar2": 4.52269029617,
        "max": 9.9535074234,
        "mean": 1.57587206364,
        "median": 0.621146142483,
        "min": 0,
        "var": 3.42875766754
    },
    "zerocrossingrate": {
        "dmean": 0.0136189656332,
        "dmean2": 0.016042932868,
        "dvar": 0.00041416901513,
        "dvar2": 0.000534416816663,
        "max": 0.3955078125,
        "mean": 0.0690546035767,
        "median": 0.06005859375,
        "min": 0.01171875,
        "var": 0.00149208784569
    },
    "barkbands": {
        "dmean": [0.000439956784248, 0.00696336664259, 0.0019746592734, 0.00116991531104, 0.00122942158487, 0.00067479891004, 0.00120114395395, 0.000928425404709, 0.00176558014937, 0.00101570552215, 0.00262240576558, 0.00154163036495, 0.000731108419131, 0.000744122429751, 0.000638933503069, 0.00033612374682, 0.000183862270205, 0.000214058542042, 0.00017231462698, 0.000223452138016, 0.000147761020344, 0.000170869767317, 0.000229240526096, 0.000287131260848, 0.000233102779021, 0.000135880967719, 8.18205236897e-08],
        "dmean2": [0.000736336514819, 0.0112083218992, 0.00353425834328, 0.00196846970357, 0.00200674519874, 0.00110902974848, 0.00191237870604, 0.00143225083593, 0.00274399016052, 0.00165073084645, 0.00381239992566, 0.00224555609748, 0.0011379175121, 0.00118007487617, 0.00105176598299, 0.00054493767675, 0.000299841340166, 0.000357764976798, 0.000274378660833, 0.00034765098826, 0.000215101710637, 0.000261206005234, 0.000353500363417, 0.000423712393967, 0.000350774847902, 0.000201272836421, 1.46970705828e-07],
        "dvar": [7.2930464512e-07, 0.000195849119336, 4.50115694548e-05, 1.52870798047e-05, 6.27471445114e-06, 1.23203687963e-06, 6.96873348716e-06, 4.17721730628e-06, 1.0890802514e-05, 4.03822059525e-06, 2.11660899367e-05, 8.82287986315e-06, 2.19401999857e-06, 1.52997699843e-06, 1.02859212348e-06, 4.16749969645e-07, 1.04504195519e-07, 1.77415913072e-07, 9.37249069466e-08, 1.76857668066e-07, 1.48136777511e-07, 1.40950689342e-07, 3.0084993341e-07, 7.58482656238e-07, 4.74920682336e-07, 1.2009712691e-07, 1.31285648043e-13],
        "dvar2": [2.00459521693e-06, 0.000529088778421, 0.000128749976284, 4.07663937949e-05, 1.55930210894e-05, 3.05390267386e-06, 1.61870193551e-05, 8.48835861689e-06, 2.60911656369e-05, 9.74979047896e-06, 4.63586802653e-05, 1.77130059456e-05, 4.64240110887e-06, 3.90897639591e-06, 2.66172287411e-06, 9.85753672467e-07, 2.37276537973e-07, 4.88225907702e-07, 2.29916182093e-07, 4.19156208409e-07, 3.25806240653e-07, 2.98324152936e-07, 6.62534318963e-07, 1.48534661548e-06, 1.12034501853e-06, 2.58599612835e-07, 3.87604363753e-13],
        "max": [0.00989179313183, 0.119720160961, 0.0706852450967, 0.0446848794818, 0.0295374561101, 0.00818927772343, 0.0254862457514, 0.0284240432084, 0.0541254580021, 0.0226590055972, 0.0464738197625, 0.0359044782817, 0.026715958491, 0.0161853693426, 0.0140713751316, 0.0078654922545, 0.00672552967444, 0.00418657111004, 0.00469841109589, 0.00746687408537, 0.0065631386824, 0.00463212141767, 0.00716360285878, 0.0153469508514, 0.0096544995904, 0.00471449363977, 5.07609638589e-06],
        "mean": [0.00126683327835, 0.0170397646725, 0.00281910854392, 0.00122946954798, 0.00164506735746, 0.00107760843821, 0.001812522416, 0.00144100387115, 0.00286351237446, 0.00141104322392, 0.00539218075573, 0.00286290748045, 0.00119779340457, 0.00127008126583, 0.00100344559178, 0.000511863792781, 0.000313986703986, 0.000348083151039, 0.000309043942252, 0.000467841688078, 0.000264125905233, 0.000292501586955, 0.000361498416169, 0.000441567710368, 0.000336376862833, 0.00018813709903, 5.53913714896e-08],
        "median": [0.0001781139581, 0.00818898808211, 0.000629587448202, 0.000286839815089, 0.000896815850865, 0.000411547196563, 0.000511490390636, 0.000299450126477, 0.00130127032753, 0.00044155435171, 0.00103259354364, 0.000928747118451, 0.000600499974098, 0.000495185959153, 0.000461300020106, 0.000270377640845, 0.000171576466528, 0.000227932556299, 0.000216325017391, 0.000288636278128, 9.57099691732e-05, 9.08244182938e-05, 0.000138956835144, 0.00012158206664, 9.36963115237e-05, 4.82739887957e-05, 1.09637587897e-09],
        "min": [2.05145211929e-09, 8.36197273202e-07, 1.97993887951e-08, 5.45231024773e-08, 3.26915437654e-06, 4.96060749811e-07, 3.32465049269e-07, 1.43547219977e-06, 4.39039922639e-06, 4.81688402942e-06, 7.32651096769e-06, 9.06904097064e-06, 1.42975670769e-06, 2.10790972233e-06, 8.16044575913e-06, 1.5214970972e-06, 1.57965916969e-06, 2.69680822385e-06, 1.60091929047e-06, 7.46741250168e-07, 2.32684087109e-07, 1.70989920889e-07, 1.70689105516e-07, 9.79313270477e-08, 2.75300884311e-08, 4.2440679443e-11, 1.09315395277e-11],
        "var": [3.36412085744e-06, 0.000423385907197, 3.50854315911e-05, 1.23720128613e-05, 6.35946616967e-06, 2.51521805694e-06, 1.22688297779e-05, 1.13241358122e-05, 1.90757837117e-05, 6.46247826808e-06, 6.25958491582e-05, 2.09571462619e-05, 3.85688417737e-06, 3.00429996969e-06, 1.70800683463e-06, 6.50101242172e-07, 2.17889237319e-07, 1.99429550207e-07, 1.32820801468e-07, 3.67453424133e-07, 2.88253033887e-07, 3.27632790231e-07, 4.70987572498e-07, 1.41169175549e-06, 5.5791235809e-07, 1.61997164128e-07, 8.80028675257e-14]
    },
    "erbbands": {
        "dmean": [0.223841056228, 1.58233761787, 2.63795375824, 2.54713487625, 4.52116346359, 4.11452960968, 5.04891824722, 5.77903270721, 11.1039524078, 22.0716953278, 19.8905792236, 35.279384613, 37.5127372742, 75.6445922852, 74.3261184692, 50.2053451538, 30.0492477417, 29.8947315216, 29.5071201324, 24.3571643829, 17.1483592987, 10.1506185532, 10.2745676041, 8.83516407013, 10.4866418839, 11.3350458145, 6.25802993774, 5.65831708908, 5.95044326782, 7.70954608917, 5.74342823029, 5.83521842957, 4.94161081314, 3.28462934494, 1.32885730267, 0.625346302986, 0.280642360449, 0.0232895631343, 0.000427253340604, 3.25064502249e-05],
        "dmean2": [0.357481718063, 2.54675269127, 4.62727308273, 4.39184188843, 7.36434316635, 6.81024265289, 8.4603767395, 9.34543228149, 17.8511714935, 35.5565834045, 29.9777431488, 54.5533027649, 60.5643386841, 105.522247314, 109.988067627, 72.7060623169, 45.4834594727, 46.9438591003, 46.4330406189, 39.6901016235, 27.6414051056, 16.5688648224, 17.2925109863, 14.3271722794, 16.5380725861, 17.4635028839, 9.71258163452, 8.3579750061, 9.10183906555, 11.9310646057, 8.93407821655, 8.80814933777, 7.39248657227, 5.06128931046, 1.93701016903, 0.928033351898, 0.4227861166, 0.0357420556247, 0.000640976650175, 4.7018234909e-05],
        "dvar": [0.178941383958, 11.3219614029, 68.7374343872, 49.5044174194, 168.631164551, 66.3283309937, 96.8086242676, 95.0667190552, 615.199035645, 2123.89257812, 1753.67700195, 6267.23193359, 4217.09814453, 14802.0683594, 32422.0429688, 7432.78466797, 4251.80029297, 3405.76831055, 2290.69897461, 1826.37536621, 1039.20007324, 311.556884766, 400.344238281, 234.887023926, 297.473571777, 454.447692871, 261.356750488, 205.376083374, 155.168930054, 371.575744629, 192.465942383, 347.091491699, 197.288162231, 113.310699463, 10.1930532455, 1.94740700722, 0.7053617239, 0.00460650911555, 1.47422133523e-06, 4.58823734562e-09],
        "dvar2": [0.516115665436, 29.5383358002, 191.173522949, 135.200149536, 427.133026123, 171.360519409, 251.884277344, 228.949264526, 1376.21557617, 5489.54931641, 3675.54907227, 14830.5605469, 10547.1982422, 29175.7460938, 84925.46875, 14525.8076172, 9244.31347656, 8452.57226562, 5679.45361328, 4699.32666016, 2364.34790039, 737.226196289, 1084.70458984, 614.959594727, 718.01159668, 1071.9407959, 646.302001953, 411.453430176, 320.525360107, 860.133605957, 417.617919922, 700.678283691, 388.760131836, 269.944274902, 21.8012542725, 4.1924405098, 1.55287241936, 0.00966139789671, 3.09088363792e-06, 9.34950872278e-09],
        "max": [3.42949795723, 29.5117301941, 76.2151947021, 71.8502731323, 154.580383301, 101.616905212, 130.222595215, 97.1817245483, 299.082702637, 573.815002441, 619.694824219, 1570.55627441, 648.080810547, 1530.8503418, 2317.91552734, 1268.16992188, 1445.296875, 1154.44750977, 543.79473877, 577.357971191, 437.727172852, 236.719329834, 200.086914062, 205.130767822, 224.820785522, 315.692565918, 314.616271973, 205.892944336, 163.923355103, 292.417633057, 183.777496338, 319.920684814, 236.114868164, 169.851867676, 42.7912063599, 20.6524925232, 11.2577524185, 0.987676978111, 0.0166089143604, 0.000833259080537],
        "mean": [0.527542412281, 3.53480005264, 4.76124572754, 3.05522060394, 5.04601097107, 5.51855754852, 6.87079334259, 9.64440441132, 17.312292099, 32.9814758301, 34.8371429443, 56.9883155823, 59.2340660095, 162.127532959, 149.520950317, 109.233169556, 56.8531036377, 57.9400024414, 57.296836853, 42.4281425476, 28.4645118713, 18.493976593, 17.0324783325, 16.3744335175, 20.1302318573, 22.490064621, 12.0128326416, 9.838722229, 10.4532165527, 11.794500351, 9.50606250763, 9.061170578, 7.26945066452, 4.53993463516, 1.93828225136, 0.860792517662, 0.377810806036, 0.0306627098471, 0.000604659086093, 8.94714758033e-05],
        "median": [0.232834383845, 1.41914105415, 2.1495950222, 1.28370285034, 1.81870496273, 2.80029702187, 3.04072523117, 3.47938942909, 6.47521162033, 11.225564003, 10.3813877106, 25.636428833, 28.7023067474, 41.6004600525, 50.0128097534, 40.7527542114, 29.6580448151, 32.2374534607, 26.4013690948, 23.3107299805, 17.4424591064, 9.80594062805, 10.9225921631, 11.4673538208, 14.8468446732, 12.6216650009, 5.71399641037, 2.89929771423, 3.22135829926, 4.12867736816, 3.59216284752, 2.524944067, 2.03542971611, 1.3731341362, 0.435282707214, 0.169276222587, 0.108002088964, 0.00841046404094, 0.000185542841791, 6.91272944096e-05],
        "min": [1.60775944096e-05, 0.000124738449813, 0.000102115940535, 0.000747405400034, 0.00163789559156, 0.0151096899062, 0.0365436114371, 0.0201215762645, 0.0311783086509, 0.0834968164563, 0.107825644314, 0.202799424529, 0.213937491179, 0.622789621353, 0.683655679226, 0.568304121494, 0.260091751814, 0.162122875452, 0.407554835081, 0.414533168077, 0.179268538952, 0.139599680901, 0.102390438318, 0.132971122861, 0.0844714269042, 0.0370882600546, 0.0142296291888, 0.0097062876448, 0.00660024490207, 0.00537384068593, 0.00442216452211, 0.0028156186454, 0.00109499914106, 0.000517720647622, 5.60459484404e-05, 4.76244395031e-06, 1.64338428021e-06, 3.75973883138e-07, 1.00505474165e-06, 7.15593557743e-07],
        "var": [0.384750723839, 21.4914207458, 65.0728302002, 39.9313926697, 150.236953735, 65.8042907715, 116.442321777, 255.449050903, 972.674316406, 2850.3581543, 4695.98388672, 10578.2548828, 7163.53515625, 59948.0390625, 65015.078125, 26601.2441406, 7971.97900391, 5601.53076172, 5028.82324219, 2766.37524414, 1661.91088867, 671.570495605, 454.610656738, 331.42276001, 487.621124268, 939.580749512, 439.636901855, 454.623657227, 400.736114502, 560.233398438, 316.495880127, 643.478027344, 327.168914795, 123.880531311, 15.8512048721, 3.08113193512, 0.848866403103, 0.00616780202836, 1.98731504497e-06, 8.04799249465e-09]
    },
    "gfcc": {
        "mean": [32.25440979, 61.3785476685, -126.791015625, 7.10502386093, -61.7268829346, 30.1199245453, -34.2376098633, 19.1676597595, -27.6938323975, 6.11949253082, -12.3780698776, 3.38327407837, -11.240439415],
        "cov": [[5129.62597656, -255.034667969, 1385.94055176, 1733.54138184, 709.965393066, 893.110778809, 438.69418335, 289.341796875, 106.155670166, 473.769744873, -343.36151123, 205.834335327, 50.727935791], [-255.034667969, 1202.21496582, -15.9315452576, 340.395935059, 335.370391846, 30.3158111572, 160.439941406, -63.2160644531, 145.165725708, 11.0501794815, 30.6308479309, -62.7002410889, 97.552406311], [1385.94055176, -15.9315452576, 1130.30578613, 772.975402832, 108.112602234, 337.955871582, 47.1618156433, 164.38633728, 217.081420898, 162.970367432, -90.400680542, 111.126113892, -23.4546451569], [1733.54138184, 340.395935059, 772.975402832, 1216.05822754, 464.217498779, 352.278961182, 182.723449707, 95.4876861572, 193.757461548, 231.83555603, -152.287704468, 48.4402732849, 48.4359474182], [709.965393066, 335.370391846, 108.112602234, 464.217498779, 451.754608154, 241.369049072, 164.138641357, 19.0593471527, 7.39873552322, 123.549743652, -54.960144043, -0.184456065297, 68.5998535156], [893.110778809, 30.3158111572, 337.955871582, 352.278961182, 241.369049072, 473.805908203, 263.63583374, 82.5454559326, 43.5313682556, 103.771492004, -43.7248954773, 72.6134262085, 34.6853218079], [438.69418335, 160.439941406, 47.1618156433, 182.723449707, 164.138641357, 263.63583374, 302.084564209, 74.0629653931, 29.2213802338, 49.0428314209, -17.2584781647, 43.5919799805, 42.9393577576], [289.341796875, -63.2160644531, 164.38633728, 95.4876861572, 19.0593471527, 82.5454559326, 74.0629653931, 149.012756348, 85.309928894, 53.5873298645, -16.2749938965, 39.1825828552, 11.9720926285], [106.155670166, 145.165725708, 217.081420898, 193.757461548, 7.39873552322, 43.5313682556, 29.2213802338, 85.309928894, 211.236022949, 62.3270606995, -3.68714547157, 14.3005981445, 8.8191242218], [473.769744873, 11.0501794815, 162.970367432, 231.83555603, 123.549743652, 103.771492004, 49.0428314209, 53.5873298645, 62.3270606995, 159.929107666, 5.49971151352, 33.3690109253, 10.7088298798], [-343.36151123, 30.6308479309, -90.400680542, -152.287704468, -54.960144043, -43.7248954773, -17.2584781647, -16.2749938965, -3.68714547157, 5.49971151352, 121.453826904, 30.9278678894, -0.308777451515], [205.834335327, -62.7002410889, 111.126113892, 48.4402732849, -0.184456065297, 72.6134262085, 43.5919799805, 39.1825828552, 14.3005981445, 33.3690109253, 30.9278678894, 97.9023361206, 23.6380615234], [50.727935791, 97.552406311, -23.4546451569, 48.4359474182, 68.5998535156, 34.6853218079, 42.9393577576, 11.9720926285, 8.8191242218, 10.7088298798, -0.308777451515, 23.6380615234, 74.9478225708]],
        "icov": [[0.000706982449628, 0.000151492422447, -0.000169787861523, -0.000598474289291, 4.27502745879e-05, -0.000312073330861, -0.000176240195287, -0.000319307524478, 0.000823759706691, -0.000968207721598, 0.00116037938278, -0.000660604855511, 0.000169751627254], [0.000151492422447, 0.00261880271137, -0.00111680303235, 0.000291120057227, -0.00284241465852, 0.00223505753092, -0.00281597510912, 0.00279981899075, -0.00264678313397, 0.00159541377798, -0.00182258908171, 0.00180803774856, -0.00180968944915], [-0.000169787861523, -0.00111680303235, 0.00429118843749, -0.0026092233602, 0.00307687371969, -0.00393576361239, 0.00430383998901, -0.0032785970252, 0.000294931756798, 0.000164937780937, 0.000502974551637, -0.002449470805, 0.00237718340941], [-0.000598474289291, 0.000291120057227, -0.0026092233602, 0.00486007286236, -0.0038678352721, 0.0026028517168, -0.00226499931887, 0.0033292172011, -0.00286530936137, -0.000660500722006, 0.00165148288943, -4.71665989608e-05, -0.000376542710001], [4.27502745879e-05, -0.00284241465852, 0.00307687371969, -0.0038678352721, 0.010958513245, -0.00558428373188, 0.00353293213993, -0.00392173370346, 0.00549380294979, -0.00442495848984, 0.00117323419545, 0.00153732334729, -0.00220455648378], [-0.000312073330861, 0.00223505753092, -0.00393576361239, 0.0026028517168, -0.00558428373188, 0.0102880876511, -0.00858265161514, 0.00465743476525, -0.0025486999657, 0.000768763711676, -0.000679736083839, 0.000136422371725, -0.000944231986068], [-0.000176240195287, -0.00281597510912, 0.00430383998901, -0.00226499931887, 0.00353293213993, -0.00858265161514, 0.0130168423057, -0.00713002867997, 0.00243510771543, 0.000369687622879, 0.000771989638451, -0.00287576578557, 0.00158562674187], [-0.000319307524478, 0.00279981899075, -0.0032785970252, 0.0033292172011, -0.00392173370346, 0.00465743476525, -0.00713002867997, 0.0166726801544, -0.00757770054042, -0.000879606348462, 0.00125963729806, -0.000816063082311, -0.00246996316127], [0.000823759706691, -0.00264678313397, 0.000294931756798, -0.00286530936137, 0.00549380294979, -0.0025486999657, 0.00243510771543, -0.00757770054042, 0.0127810770646, -0.0043863253668, 0.000865929119755, 0.00095033593243, -0.000375472998712], [-0.000968207721598, 0.00159541377798, 0.000164937780937, -0.000660500722006, -0.00442495848984, 0.000768763711676, 0.000369687622879, -0.000879606348462, -0.0043863253668, 0.0147168030962, -0.00649493560195, 0.000243208531174, 0.000990180531517], [0.00116037938278, -0.00182258908171, 0.000502974551637, 0.00165148288943, 0.00117323419545, -0.000679736083839, 0.000771989638451, 0.00125963729806, 0.000865929119755, -0.00649493560195, 0.0177662651986, -0.00963743217289, 0.00321312388405], [-0.000660604855511, 0.00180803774856, -0.002449470805, -4.71665989608e-05, 0.00153732334729, 0.000136422371725, -0.00287576578557, -0.000816063082311, 0.00095033593243, 0.000243208531174, -0.00963743217289, 0.0221951492131, -0.00952108297497], [0.000169751627254, -0.00180968944915, 0.00237718340941, -0.000376542710001, -0.00220455648378, -0.000944231986068, 0.00158562674187, -0.00246996316127, -0.000375472998712, 0.000990180531517, 0.00321312388405, -0.00952108297497, 0.0214302483946]]
    },
    "melbands": {
        "dmean": [0.00193664536346, 0.00156516092829, 0.000529466022272, 0.000290979194688, 0.000170269355294, 0.000126669401652, 0.000200777780265, 0.000236595398746, 0.000156148671522, 0.000256191910012, 0.000190551319974, 0.000290686555672, 0.000293527438771, 0.000183751952136, 8.29259806778e-05, 7.90048143244e-05, 5.96488462179e-05, 5.37273954251e-05, 5.86999631196e-05, 2.32495694945e-05, 2.06525164685e-05, 1.24007765407e-05, 6.84960650688e-06, 1.27751927721e-05, 6.89205808158e-06, 7.66711855249e-06, 8.81021242094e-06, 7.64279593568e-06, 4.358280421e-06, 3.82774669561e-06, 3.21871539199e-06, 3.2861089494e-06, 3.83322003472e-06, 4.8473316383e-06, 3.44228101312e-06, 3.75088825422e-06, 3.64632683159e-06, 3.58550755664e-06, 3.43067767972e-06, 2.74883541351e-06],
        "dmean2": [0.00310206995346, 0.00260865641758, 0.000889488554094, 0.000476587883895, 0.000284661859041, 0.000205197968171, 0.00032001992804, 0.000383346778108, 0.000237597254454, 0.000397529773181, 0.000305549154291, 0.000410637672758, 0.000425617414294, 0.000268234638497, 0.000125847305753, 0.000120511300338, 9.32397306315e-05, 8.5007668531e-05, 9.84498474281e-05, 3.79103839805e-05, 3.32698728016e-05, 2.04204679903e-05, 1.13456844701e-05, 2.1580090106e-05, 1.12073566925e-05, 1.22560059026e-05, 1.3693080291e-05, 1.19727556012e-05, 7.09342975824e-06, 5.71930058868e-06, 4.87644865643e-06, 5.14552993991e-06, 6.09268363405e-06, 7.71357372287e-06, 5.39250186193e-06, 5.91527759752e-06, 5.40640940017e-06, 5.30890429218e-06, 5.31010073246e-06, 4.31339458373e-06],
        "dvar": [1.3859590581e-05, 1.67418620549e-05, 2.33776336245e-06, 3.95967305167e-07, 1.11194147223e-07, 4.40675940183e-08, 1.97946974367e-07, 2.32463762018e-07, 1.05954846674e-07, 3.01437410144e-07, 1.08909425478e-07, 2.21457710836e-07, 3.52199009512e-07, 1.37913659159e-07, 2.98653084485e-08, 1.93220888178e-08, 1.2484373535e-08, 9.94220172856e-09, 9.99402871571e-09, 2.45605558113e-09, 1.61981617008e-09, 5.0809456642e-10, 1.13420536851e-10, 8.39981861844e-10, 1.45978992783e-10, 1.68864200401e-10, 2.86332318966e-10, 2.26080459909e-10, 1.18944826211e-10, 1.0566157671e-10, 5.92694643364e-11, 4.99130910214e-11, 7.93266285992e-11, 1.51528983805e-10, 6.07112346507e-11, 1.43705436439e-10, 1.33505193012e-10, 1.05629241465e-10, 1.14399316409e-10, 7.83858394859e-11],
        "dvar2": [3.8480720832e-05, 4.42897762696e-05, 6.22885772827e-06, 9.62360786616e-07, 2.92363068866e-07, 1.05812517859e-07, 4.41395087591e-07, 5.72601948079e-07, 2.29370911597e-07, 7.19071806543e-07, 2.70524964208e-07, 4.44176748715e-07, 8.64252569954e-07, 3.03780922195e-07, 6.02009961881e-08, 3.81194631416e-08, 3.20023509914e-08, 2.43674307399e-08, 2.62435086995e-08, 6.10851591532e-09, 3.58390828126e-09, 1.22081755816e-09, 2.84105683424e-10, 2.31741514867e-09, 3.81152998052e-10, 4.29197150043e-10, 6.96215030072e-10, 5.2806925499e-10, 3.08643777203e-10, 2.28452728956e-10, 1.15875385676e-10, 1.05554419372e-10, 1.82714204877e-10, 3.57680107754e-10, 1.34043678934e-10, 3.45517031652e-10, 2.62928873118e-10, 1.95103391776e-10, 2.715442593e-10, 1.90600160654e-10],
        "max": [0.0301469750702, 0.039184898138, 0.0169789083302, 0.00691722193733, 0.00468579260632, 0.00191833102144, 0.00503265252337, 0.00531433243304, 0.00599757162854, 0.0104985684156, 0.00316488440149, 0.00563746551052, 0.00617064768448, 0.00425039650872, 0.00246799434535, 0.00226779468358, 0.00204614666291, 0.00118922255933, 0.0014319519978, 0.000691865046974, 0.000601119943894, 0.000322008534567, 0.000144598161569, 0.000291672826279, 0.000157678936375, 0.000196793786017, 0.000358983670594, 0.00026419974165, 0.000198811787413, 0.000158193288371, 0.000117201183457, 0.000103714141005, 0.000122588811792, 0.000192069797777, 8.99532460608e-05, 0.000182534990017, 0.000210158148548, 0.000200267677428, 0.000175374909304, 0.000151894957526],
        "mean": [0.00474580284208, 0.00339475902729, 0.000632073031738, 0.000372123875422, 0.000241626607021, 0.000208020006539, 0.000318167731166, 0.000365195941413, 0.000274602003628, 0.00040293278289, 0.000278128747595, 0.000599804043304, 0.000573662400711, 0.000376889016479, 0.000149822357344, 0.000135539215989, 0.000104904014734, 9.62026970228e-05, 9.03981344891e-05, 3.4637087083e-05, 3.1475607102e-05, 2.05658307095e-05, 1.14489512271e-05, 1.88535559573e-05, 1.21391094581e-05, 1.30006937979e-05, 1.71963511093e-05, 1.40640595419e-05, 7.71167378844e-06, 6.24028189122e-06, 5.34272476216e-06, 5.6507710724e-06, 6.01293777436e-06, 6.9982511377e-06, 5.5660898397e-06, 5.2787063396e-06, 5.55883934794e-06, 5.25781479155e-06, 4.50698416898e-06, 3.58405691259e-06],
        "median": [0.00228404509835, 0.00168047496118, 0.000265861715889, 0.000182570933248, 0.00011283565982, 7.5078671216e-05, 0.000113516281999, 0.000119635718875, 7.15935093467e-05, 0.00017307770031, 0.000105378574517, 0.000139969764859, 0.000148370250827, 0.000113429647172, 5.85358757235e-05, 6.86573330313e-05, 4.74068110634e-05, 3.20615108649e-05, 3.8346835936e-05, 1.7853344616e-05, 1.77578403964e-05, 1.01184350569e-05, 7.13758481652e-06, 1.07008036139e-05, 8.20743571239e-06, 8.83081975189e-06, 1.15596631076e-05, 6.56345946481e-06, 3.46778688254e-06, 1.82951771421e-06, 1.46332831719e-06, 1.66771587828e-06, 1.83822214694e-06, 2.44606849265e-06, 2.10894609154e-06, 1.63461425018e-06, 1.42250257795e-06, 1.36785547511e-06, 1.39436269819e-06, 9.77293325377e-07],
        "min": [2.6452053703e-07, 1.34831523724e-07, 6.34581169834e-08, 2.52405754964e-07, 1.65500023286e-06, 9.6366619573e-08, 1.97720495976e-07, 9.77765850507e-08, 7.97987809165e-07, 8.73544252045e-07, 8.32926502881e-07, 1.50107393893e-06, 1.83358974937e-06, 8.3428403741e-07, 4.19014554609e-07, 1.56580867383e-07, 1.82006189675e-07, 4.13705322444e-07, 7.96695132976e-07, 1.39596338045e-07, 1.27469746758e-07, 7.76161357408e-08, 8.58499973333e-08, 1.09499218581e-07, 8.33419022683e-08, 5.79104479925e-08, 3.381647673e-08, 1.5277187515e-08, 8.52453219125e-09, 3.75111985917e-09, 5.18713350051e-10, 6.7963440431e-10, 3.37797056993e-09, 2.47252751606e-09, 1.93858773478e-09, 1.97618832409e-09, 1.41329947745e-09, 1.02755592923e-09, 1.97895588805e-10, 4.17069268011e-10],
