{
"highlevel": {
    "danceability": {
        "all": {
            "danceable": 0.390019744635,
            "not_danceable": 0.609980285168
        },
        "probability": 0.609980285168,
        "value": "not_danceable"
    },
    "gender": {
        "all": {
            "female": 0.0781298279762,
            "male": 0.921870172024
        },
        "probability": 0.921870172024,
        "value": "male"
    },
    "genre_dortmund": {
        "all": {
            "alternative": 0.126295551658,
            "blues": 0.213543057442,
            "electronic": 0.00641535874456,
            "folkcountry": 0.140055641532,
            "funksoulrnb": 0.00908821634948,
            "jazz": 0.0166950449347,
            "pop": 0.0164187923074,
            "raphiphop": 0.0040867626667,
            "rock": 0.467401564121
        },
        "probability": 0.467401564121,
        "value": "rock"
    },
    "genre_electronic": {
        "all": {
            "ambient": 0.708040058613,
            "dnb": 0.132467478514,
            "house": 0.0564587935805,
            "techno": 0.00673362845555,
            "trance": 0.0963000282645
        },
        "probability": 0.708040058613,
        "value": "ambient"
    },
    "genre_rosamerica": {
        "all": {
            "cla": 0.0616033524275,
            "dan": 0.0135470684618,
            "hip": 0.0223250836134,
            "jaz": 0.0357143804431,
            "pop": 0.208443328738,
            "rhy": 0.0336159616709,
            "roc": 0.614279031754,
            "spe": 0.0104718124494
        },
        "probability": 0.614279031754,
        "value": "roc"
    },
    "genre_tzanetakis": {
        "all": {
            "blu": 0.0626541376114,
            "cla": 0.0348133966327,
            "cou": 0.0783501937985,
            "dis": 0.104547761381,
            "hip": 0.15693578124,
            "jaz": 0.313987255096,
            "met": 0.044816005975,
            "pop": 0.0627349764109,
            "reg": 0.0627352520823,
            "roc": 0.0784252434969
        },
        "probability": 0.313987255096,
        "value": "jaz"
    },
    "ismir04_rhythm": {
        "all": {
            "ChaChaCha": 0.227851510048,
            "Jive": 0.132128730416,
            "Quickstep": 0.16399872303,
            "Rumba-American": 0.0434180796146,
            "Rumba-International": 0.0315191671252,
            "Rumba-Misc": 0.0130746196955,
            "Samba": 0.107305891812,
            "Tango": 0.163208857179,
            "VienneseWaltz": 0.0917857512832,
            "Waltz": 0.0257086791098
        },
        "probability": 0.227851510048,
        "value": "ChaChaCha"
    },
    "mood_acoustic": {
        "all": {
            "acoustic": 0.293041914701,
            "not_acoustic": 0.706958055496
        },
        "probability": 0.706958055496,
        "value": "not_acoustic"
    },
    "mood_aggressive": {
        "all": {
            "aggressive": 0.711412906647,
            "not_aggressive": 0.288587093353
        },
        "probability": 0.711412906647,
        "value": "aggressive"
    },
    "mood_electronic": {
        "all": {
            "electronic": 0.0695001631975,
            "not_electronic": 0.930499851704
        },
        "probability": 0.930499851704,
        "value": "not_electronic"
    },
    "mood_happy": {
        "all": {
            "happy": 0.53422409296,
            "not_happy": 0.46577590704
        },
        "probability": 0.53422409296,
        "value": "happy"
    },
    "mood_party": {
        "all": {
            "not_party": 0.858860909939,
            "party": 0.141139090061
        },
        "probability": 0.858860909939,
        "value": "not_party"
    },
    "mood_relaxed": {
        "all": {
            "not_relaxed": 0.940952956676,
            "relaxed": 0.0590470135212
        },
        "probability": 0.940952956676,
        "value": "not_relaxed"
    },
    "mood_sad": {
        "all": {
            "not_sad": 0.8441182971,
            "sad": 0.1558817029
        },
        "probability": 0.8441182971,
        "value": "not_sad"
    },
    "moods_mirex": {
        "all": {
            "Cluster1": 0.433743745089,
            "Cluster2": 0.0487416349351,
            "Cluster3": 0.0939420983195,
            "Cluster4": 0.0658719316125,
            "Cluster5": 0.357700586319
        },
        "probability": 0.433743745089,
        "value": "Cluster1"
    },
    "timbre": {
        "all": {
            "bright": 0.876414954662,
            "dark": 0.123585030437
        },
        "probability": 0.876414954662,
        "value": "bright"
    },
    "tonal_atonal": {
        "all": {
            "atonal": 0.019525308162,
            "tonal": 0.980474710464
        },
        "probability": 0.980474710464,
        "value": "tonal"
    },
    "voice_instrumental": {
        "all": {
            "instrumental": 0.00610653450713,
            "voice": 0.993893444538
        },
        "probability": 0.993893444538,
        "value": "voice"
    }
},
"lowlevel": {
    "average_loudness": 0.963807404041,
    "barkbands_crest": {
        "dmean": 2.53906321526,
        "dmean2": 4.21625185013,
        "dvar": 4.84031915665,
        "dvar2": 11.7675819397,
        "max": 19.1604232788,
        "mean": 8.41985702515,
        "median": 7.92641448975,
        "min": 2.39700651169,
        "var": 9.96637248993
    },
    "barkbands_flatness_db": {
        "dmean": 0.0208899267018,
        "dmean2": 0.0342832580209,
        "dvar": 0.000392374786315,
        "dvar2": 0.00100480823312,
        "max": 0.296874701977,
        "mean": 0.148757964373,
        "median": 0.139130488038,
        "min": 0.0758377164602,
        "var": 0.0015606173547
    },
    "barkbands_kurtosis": {
        "dmean": 2.20329356194,
        "dmean2": 3.64567279816,
        "dvar": 17.0755939484,
        "dvar2": 45.3269920349,
        "max": 54.943611145,
        "mean": 2.09804558754,
        "median": -0.117204904556,
        "min": -1.81875693798,
        "var": 30.9192256927
    },
    "barkbands_skewness": {
        "dmean": 0.546552181244,
        "dmean2": 0.877765536308,
        "dvar": 0.330216884613,
        "dvar2": 0.830670058727,
        "max": 6.55039453506,
        "mean": 1.15306305885,
        "median": 0.924019277096,
        "min": -1.09843051434,
        "var": 1.23884260654
    },
    "barkbands_spread": {
        "dmean": 5.25139665604,
        "dmean2": 8.36873245239,
        "dvar": 26.7112159729,
        "dvar2": 64.404510498,
        "max": 84.5112991333,
        "mean": 23.5983200073,
        "median": 24.4828586578,
        "min": 2.91610169411,
        "var": 92.0923156738
    },
    "dissonance": {
        "dmean": 0.0159757211804,
        "dmean2": 0.0270456653088,
        "dvar": 0.000191189523321,
        "dvar2": 0.000535364437383,
        "max": 0.5,
        "mean": 0.469780415297,
        "median": 0.474342703819,
        "min": 0.349439740181,
        "var": 0.000426139886258
    },
    "dynamic_complexity": 2.3520116806,
    "erbbands_crest": {
        "dmean": 2.67203021049,
        "dmean2": 4.31203842163,
        "dvar": 5.84484434128,
        "dvar2": 13.9401607513,
        "max": 25.3884963989,
        "mean": 9.47386646271,
        "median": 8.61944198608,
        "min": 2.92841815948,
        "var": 15.2980203629
    },
    "erbbands_flatness_db": {
        "dmean": 0.014777502045,
        "dmean2": 0.0214217212051,
        "dvar": 0.000169889535755,
        "dvar2": 0.000330901268171,
        "max": 0.31213581562,
        "mean": 0.175205245614,
        "median": 0.1747726053,
        "min": 0.0844909027219,
        "var": 0.000939993013162
    },
    "erbbands_kurtosis": {
        "dmean": 0.70861440897,
        "dmean2": 1.14250934124,
        "dvar": 0.721253097057,
        "dvar2": 1.76846337318,
        "max": 11.0828723907,
        "mean": -0.104076102376,
        "median": -0.370861291885,
        "min": -1.77492034435,
        "var": 1.50852882862
    },
    "erbbands_skewness": {
        "dmean": 0.365834563971,
        "dmean2": 0.58590221405,
        "dvar": 0.112737119198,
        "dvar2": 0.270599037409,
        "max": 2.34347724915,
        "mean": -0.160119310021,
        "median": -0.220473393798,
        "min": -2.5786485672,
        "var": 0.411504030228
    },
    "erbbands_spread": {
        "dmean": 7.09092617035,
        "dmean2": 11.1559619904,
        "dvar": 46.4079818726,
        "dvar2": 112.690765381,
        "max": 98.1393661499,
        "mean": 36.0075759888,
        "median": 33.7903785706,
        "min": 5.29681921005,
        "var": 201.913574219
    },
    "hfc": {
        "dmean": 4.95707988739,
        "dmean2": 7.39050388336,
        "dvar": 25.8653945923,
        "dvar2": 57.3089790344,
        "max": 69.7222366333,
        "mean": 22.9559612274,
        "median": 22.7175922394,
        "min": 0.317426562309,
        "var": 214.820495605
    },
    "melbands_crest": {
        "dmean": 3.791223526,
        "dmean2": 6.35434484482,
        "dvar": 10.5659894943,
        "dvar2": 26.9489955902,
        "max": 27.8247413635,
        "mean": 13.2238025665,
        "median": 12.4175977707,
        "min": 3.90097904205,
        "var": 21.9061222076
    },
    "melbands_flatness_db": {
        "dmean": 0.0276790205389,
        "dmean2": 0.0448630787432,
        "dvar": 0.000754028151277,
        "dvar2": 0.00186878978275,
        "max": 0.379046291113,
        "mean": 0.19188837707,
        "median": 0.17798307538,
        "min": 0.0435785204172,
        "var": 0.00350525439717
    },
    "melbands_kurtosis": {
        "dmean": 5.73108291626,
        "dmean2": 9.51583194733,
        "dvar": 118.003204346,
        "dvar2": 309.923248291,
        "max": 186.491119385,
        "mean": 8.83740711212,
        "median": 3.56964015961,
        "min": -1.56867539883,
        "var": 199.565338135
    },
    "melbands_skewness": {
        "dmean": 0.742175281048,
        "dmean2": 1.19402384758,
        "dvar": 0.646309792995,
        "dvar2": 1.64554595947,
        "max": 10.6576414108,
        "mean": 2.24577093124,
        "median": 1.8501830101,
        "min": -0.594323813915,
        "var": 2.22189378738
    },
    "melbands_spread": {
        "dmean": 8.52399253845,
        "dmean2": 13.5750761032,
        "dvar": 74.3633346558,
        "dvar2": 178.847763062,
        "max": 76.5808258057,
        "mean": 29.2123565674,
        "median": 28.8328990936,
        "min": 1.82823252678,
        "var": 255.584838867
    },
    "pitch_salience": {
        "dmean": 0.0715694054961,
        "dmean2": 0.119288049638,
        "dvar": 0.00355946086347,
        "dvar2": 0.00939749460667,
        "max": 0.806878507137,
        "mean": 0.553227782249,
        "median": 0.549440085888,
        "min": 0.305198937654,
        "var": 0.00868309754878
    },
    "silence_rate_20dB": {
        "dmean": 0,
        "dmean2": 0,
        "dvar": 0,
        "dvar2": 0,
        "max": 1,
        "mean": 1,
        "median": 1,
        "min": 1,
        "var": 0
    },
    "silence_rate_30dB": {
        "dmean": 0,
        "dmean2": 0,
        "dvar": 0,
        "dvar2": 0,
        "max": 1,
        "mean": 1,
        "median": 1,
        "min": 1,
        "var": 0
    },
    "silence_rate_60dB": {
        "dmean": 0.00773993786424,
        "dmean2": 0.0154918665066,
        "dvar": 0.00768002355471,
        "dvar2": 0.0183502044529,
        "max": 1,
        "mean": 0.0185614842921,
        "median": 0,
        "min": 0,
        "var": 0.0182175617665
    },
    "spectral_centroid": {
        "dmean": 271.320251465,
        "dmean2": 433.005096436,
        "dvar": 66184.703125,
        "dvar2": 158716.546875,
        "max": 3026.2355957,
        "mean": 1490.97033691,
        "median": 1570.91308594,
        "min": 289.708374023,
        "var": 287383
    },
    "spectral_complexity": {
        "dmean": 3.53018569946,
        "dmean2": 5.52517414093,
        "dvar": 10.2800207138,
        "dvar2": 23.2098827362,
        "max": 45,
        "mean": 22.7757148743,
        "median": 24,
        "min": 2,
        "var": 91.1934661865
    },
    "spectral_decrease": {
        "dmean": 2.40665487539e-09,
        "dmean2": 3.97775590244e-09,
        "dvar": 1.08226466734e-17,
        "dvar2": 2.94263050907e-17,
        "max": -3.07404962596e-10,
        "mean": -6.56140786148e-09,
        "median": -6.24649043601e-09,
        "min": -2.59192702856e-08,
        "var": 1.5456943426e-17
    },
    "spectral_energy": {
        "dmean": 0.00937630981207,
        "dmean2": 0.01539888978,
        "dvar": 0.000157159694936,
        "dvar2": 0.000426466023782,
        "max": 0.100955225527,
        "mean": 0.0268464256078,
        "median": 0.0259421300143,
        "min": 0.00119153270498,
        "var": 0.000247312651481
    },
    "spectral_energyband_high": {
        "dmean": 0.000142251927173,
        "dmean2": 0.000211662656511,
        "dvar": 4.08466576118e-08,
        "dvar2": 8.92119231821e-08,
        "max": 0.0026801766362,
        "mean": 0.000422732031438,
        "median": 0.000371324451407,
        "min": 6.069947176e-07,
        "var": 1.3747239791e-07
    },
    "spectral_energyband_low": {
        "dmean": 0.00570822926238,
        "dmean2": 0.00994866341352,
        "dvar": 0.000110255146865,
        "dvar2": 0.000312453514198,
        "max": 0.0771605223417,
        "mean": 0.00727214151993,
        "median": 0.0049297134392,
        "min": 3.2478067169e-06,
        "var": 8.36599137983e-05
    },
    "spectral_energyband_middle_high": {
        "dmean": 0.0024010099005,
        "dmean2": 0.00357016245835,
        "dvar": 7.70638689573e-06,
        "dvar2": 1.75656314241e-05,
        "max": 0.0295816641301,
        "mean": 0.00857972167432,
        "median": 0.00679181050509,
        "min": 2.86388440145e-05,
        "var": 5.03748160554e-05
    },
    "spectral_energyband_middle_low": {
        "dmean": 0.00587980821729,
        "dmean2": 0.00946534052491,
        "dvar": 4.96831635246e-05,
        "dvar2": 0.000122708588606,
        "max": 0.0658110007644,
        "mean": 0.0129407951608,
        "median": 0.010632192716,
        "min": 0.000597853213549,
        "var": 8.85454282979e-05
    },
    "spectral_entropy": {
        "dmean": 0.131874799728,
        "dmean2": 0.205039694905,
        "dvar": 0.0213159304112,
        "dvar2": 0.0465130247176,
        "max": 8.29670333862,
        "mean": 7.43804597855,
        "median": 7.51592111588,
        "min": 6.24564409256,
        "var": 0.096916154027
    },
    "spectral_flux": {
        "dmean": 0.026796516031,
        "dmean2": 0.0428035743535,
        "dvar": 0.000817335501779,
        "dvar2": 0.00171291804872,
        "max": 0.261120527983,
        "mean": 0.0926086977124,
        "median": 0.0892588570714,
        "min": 0.00739327585325,
        "var": 0.00180998572614
    },
    "spectral_kurtosis": {
        "dmean": 1.95369005203,
        "dmean2": 3.335698843,
        "dvar": 4.08678245544,
        "dvar2": 11.752576828,
        "max": 20.1784248352,
        "mean": 5.32087039948,
        "median": 4.699447155,
        "min": 0.701898336411,
        "var": 7.15963459015
    },
    "spectral_rms": {
        "dmean": 0.000843307992909,
        "dmean2": 0.00135099096224,
        "dvar": 8.98117150427e-07,
        "dvar2": 2.33371952163e-06,
        "max": 0.00992435961962,
        "mean": 0.00489415274933,
        "median": 0.00503084436059,
        "min": 0.00107817945536,
        "var": 2.23891470341e-06
    },
    "spectral_rolloff": {
        "dmean": 474.480804443,
        "dmean2": 797.813293457,
        "dvar": 325832.125,
        "dvar2": 774714.125,
        "max": 6998.29101562,
        "mean": 1647.98168945,
        "median": 1722.65625,
        "min": 129.19921875,
        "var": 865486.6875
    },
    "spectral_skewness": {
        "dmean": 0.231931045651,
        "dmean2": 0.388826370239,
        "dvar": 0.0552817583084,
        "dvar2": 0.14806586504,
        "max": 3.67193651199,
        "mean": 1.46905505657,
        "median": 1.41041231155,
        "min": 0.541762173176,
        "var": 0.130217730999
    },
    "spectral_spread": {
        "dmean": 326472.78125,
        "dmean2": 479244.4375,
        "dvar": 160224444416,
        "dvar2": 295618117632,
        "max": 9273217,
        "mean": 3394004,
        "median": 3283737.25,
        "min": 1774065.625,
        "var": 556701319168
    },
    "spectral_strongpeak": {
        "dmean": 0.831232130527,
        "dmean2": 1.42628312111,
        "dvar": 1.43182885647,
        "dvar2": 3.79730463028,
        "max": 9.34409141541,
        "mean": 1.23221755028,
        "median": 0.584096431732,
        "min": 0,
        "var": 2.03435230255
    },
    "zerocrossingrate": {
        "dmean": 0.0077826436609,
        "dmean2": 0.00977659318596,
        "dvar": 5.38814529136e-05,
        "dvar2": 7.06326245563e-05,
        "max": 0.16650390625,
        "mean": 0.0574159100652,
        "median": 0.05908203125,
        "min": 0.01025390625,
        "var": 0.000414360052673
    },
    "barkbands": {
        "dmean": [0.000108038388134, 0.00220351340249, 0.00246939877979, 0.00368561013602, 0.00198934110813, 0.000510626705363, 0.00037108239485, 0.00120312534273, 0.000743293378036, 0.000992541201413, 0.000265947630396, 0.000375512609025, 0.000680339231621, 0.000587029499002, 0.000423656019848, 0.000200798909646, 0.000742029165849, 0.000420340074925, 0.000210585902096, 0.000139074734761, 5.8359488321e-05, 3.65156993212e-05, 2.3565169613e-05, 1.06685329229e-05, 9.90968146652e-06, 8.39716085466e-06, 2.27385066331e-09],
        "dmean2": [0.000173636581167, 0.00392418215051, 0.00438431836665, 0.00612707110122, 0.00335068441927, 0.000832115649246, 0.000606100365985, 0.00184517214075, 0.00119593460113, 0.00151292514056, 0.000425361504313, 0.000616145203821, 0.00108167214785, 0.000912160787266, 0.000655335199554, 0.000322102889186, 0.00122247321997, 0.000691128487233, 0.000334486423526, 0.000226753516472, 9.32545226533e-05, 5.87153190281e-05, 3.68276450899e-05, 1.7495429347e-05, 1.43744828165e-05, 1.29499112518e-05, 4.11582101734e-09],
        "dvar": [6.46297735329e-08, 2.98817758448e-05, 2.5791940061e-05, 2.80260574073e-05, 6.23768664809e-06, 3.69689075796e-07, 5.06405001488e-07, 5.71547798245e-06, 2.99469843412e-06, 3.55456927537e-06, 4.21179151999e-07, 5.60975990993e-07, 1.31608726406e-06, 1.29333648147e-06, 8.37282129851e-07, 8.4714208981e-08, 9.3257710887e-07, 3.9051820977e-07, 9.44539451098e-08, 4.64822704771e-08, 7.70774910563e-09, 2.71572742072e-09, 1.39666778143e-09, 5.38438071906e-10, 4.30935093165e-10, 4.41377323579e-10, 7.38202779294e-17],
        "dvar2": [1.66952077052e-07, 8.3292790805e-05, 7.42963675293e-05, 7.17340662959e-05, 1.68837104866e-05, 9.00262932646e-07, 1.32561683586e-06, 1.08885787995e-05, 7.00841519574e-06, 8.24353628559e-06, 9.52333664372e-07, 1.31264278025e-06, 3.23564904647e-06, 2.76662399301e-06, 1.7406302959e-06, 2.23444416747e-07, 2.56553448708e-06, 9.70061819316e-07, 2.32771242281e-07, 1.12610472058e-07, 1.74860641522e-08, 6.61450849648e-09, 3.36738081863e-09, 1.3590650827e-09, 1.02303765459e-09, 1.10378484131e-09, 1.71374167578e-16],
        "max": [0.0022916032467, 0.0374999493361, 0.0422828495502, 0.0421832762659, 0.0203263126314, 0.00643630465493, 0.00970318261534, 0.0262151192874, 0.0335228182375, 0.0169002041221, 0.0100196134299, 0.0159829258919, 0.0149957146496, 0.0120817041025, 0.0141209755093, 0.00464498717338, 0.0107797728851, 0.00960353855044, 0.0057560284622, 0.0027064899914, 0.00134608207736, 0.000764255528338, 0.000376847106963, 0.000459266651887, 0.000204132928047, 0.000193791100173, 1.7355340276e-07],
        "mean": [0.000100039898825, 0.0022165547125, 0.0027657286264, 0.00467272195965, 0.00343283591792, 0.000971071014646, 0.000585060042795, 0.00181380449794, 0.00107508269139, 0.00162341829855, 0.000418798183091, 0.000623635365628, 0.00111215177458, 0.000863476772793, 0.0007322934689, 0.000441269599833, 0.0014679414453, 0.000899496430065, 0.000425928097684, 0.000281805085251, 0.000127595500089, 8.85777189978e-05, 5.2214909374e-05, 2.71060507657e-05, 1.7073833078e-05, 1.0772450878e-05, 1.66342273289e-09],
        "median": [6.85515897203e-06, 0.00088115199469, 0.00154397485312, 0.00257834861986, 0.00245757494122, 0.000746510108002, 0.000337179750204, 0.000443677476142, 0.000328081077896, 0.000302301894408, 9.52092523221e-05, 0.0002491750638, 0.000428063620348, 0.000222860675422, 0.000243972128374, 0.000329547183355, 0.00107694498729, 0.000593843287788, 0.000304141052766, 0.000187738070963, 9.84958096524e-05, 7.54231150495e-05, 4.17562332586e-05, 2.14410792978e-05, 9.55277118919e-06, 4.09994163419e-06, 3.71371572383e-10],
        "min": [5.4668678473e-09, 5.74415309984e-07, 2.08903952625e-06, 2.84758925773e-06, 1.65057790582e-05, 3.87655236409e-05, 6.446999123e-06, 1.11251245016e-06, 1.9235169475e-06, 1.41613725191e-06, 1.54316225576e-07, 2.48556204951e-07, 4.32991441812e-07, 2.27125440233e-07, 9.31934323489e-07, 9.00822101357e-07, 8.1414318629e-06, 1.33649984946e-06, 7.05057914274e-07, 2.21955389179e-07, 1.46819573388e-07, 1.52499893602e-07, 5.36331086209e-08, 3.94369017442e-08, 2.66858943831e-08, 8.38517089097e-10, 5.48267204206e-12],
        "var": [6.53845688703e-08, 2.15661311813e-05, 1.81282139238e-05, 3.65706473531e-05, 9.18749719858e-06, 7.10467645604e-07, 7.44728595237e-07, 1.22578585433e-05, 6.07031279287e-06, 8.59237297846e-06, 1.08194774384e-06, 1.67317091382e-06, 2.80194444713e-06, 2.43042313741e-06, 2.12377540265e-06, 1.86882374464e-07, 1.86579006822e-06, 1.08998438009e-06, 1.94993745595e-07, 1.03799287388e-07, 1.80885653123e-08, 6.6370042795e-09, 2.78925438302e-09, 1.01962782662e-09, 6.24705120966e-10, 4.80215645027e-10, 5.35489166909e-17]
    },
    "erbbands": {
        "dmean": [0.0420583188534, 0.585912704468, 2.41739535332, 7.72325849533, 10.5105199814, 5.86193370819, 4.77451896667, 4.38862752914, 5.0761256218, 9.08140659332, 29.3471755981, 19.4762020111, 20.2019996643, 27.3644123077, 12.3585090637, 17.5752944946, 22.475643158, 34.7018661499, 27.3254680634, 8.72359275818, 12.6236248016, 35.8859481812, 28.1931324005, 10.2339801788, 10.9187059402, 6.01983070374, 2.22242927551, 2.35265207291, 1.50039052963, 0.798099219799, 0.654014110565, 0.342693179846, 0.139889627695, 0.0785808265209, 0.0835967436433, 0.0633553937078, 0.00881944410503, 0.000806120457128, 1.84308955795e-05, 1.0939646927e-05],
        "dmean2": [0.0735022872686, 1.05798637867, 4.34749221802, 13.2524299622, 17.332365036, 9.78563690186, 7.80390167236, 7.32200145721, 8.21757984161, 13.7559394836, 45.2725143433, 31.4971256256, 31.1934394836, 40.3758621216, 19.1884346008, 28.4522781372, 35.456817627, 54.9384880066, 42.3515548706, 13.7559165955, 20.0216503143, 58.3531227112, 45.858707428, 16.3561038971, 17.1759471893, 9.81775379181, 3.53688931465, 3.82494163513, 2.40522170067, 1.24047744274, 1.00482392311, 0.562191545963, 0.21732082963, 0.121455304325, 0.123284727335, 0.0972952842712, 0.0136315207928, 0.0012721598614, 2.81359843939e-05, 1.76842459041e-05],
        "dvar": [0.00765455607325, 2.32242774963, 31.6705150604, 100.200454712, 262.343566895, 43.2552719116, 36.2794837952, 33.5577926636, 68.095161438, 377.944946289, 3706.10107422, 2368.09106445, 2535.77099609, 2980.80004883, 792.302734375, 1138.4239502, 1489.79309082, 4197.80957031, 3241.22216797, 582.668884277, 240.757980347, 2031.15234375, 1490.51867676, 155.189559937, 448.294250488, 88.0817947388, 14.2219295502, 10.8123369217, 4.39991283417, 1.21529531479, 1.29186141491, 0.418422311544, 0.104468129575, 0.018263541162, 0.035339191556, 0.025707129389, 0.000492342631333, 4.40914573119e-06, 1.66924074563e-09, 1.98076902103e-10],
        "dvar2": [0.0200183819979, 6.48401546478, 90.6668548584, 281.737487793, 643.32244873, 109.563735962, 86.57421875, 79.9934005737, 173.461227417, 874.98840332, 7146.29296875, 5388.34228516, 6100.01220703, 6324.96191406, 1732.3704834, 2727.41137695, 3755.57861328, 9506.98925781, 6930.85498047, 1398.03344727, 573.458190918, 5554.57617188, 3698.49926758, 398.537506104, 1130.95861816, 207.254241943, 32.529964447, 25.279127121, 11.0180425644, 2.93013501167, 3.10143518448, 1.03344023228, 0.272934168577, 0.0449450984597, 0.0835258811712, 0.0636355727911, 0.00125585333444, 1.11978361019e-05, 4.14041734231e-09, 5.2368420711e-10],
        "max": [0.626032710075, 10.3575019836, 43.0264587402, 91.1977844238, 128.73979187, 80.8160095215, 99.5852661133, 63.7202682495, 110.688247681, 345.783691406, 694.566650391, 909.520996094, 699.795654297, 562.097229004, 480.638946533, 711.147888184, 671.243896484, 676.091491699, 859.783081055, 608.588684082, 228.941268921, 447.499053955, 530.581176758, 139.263214111, 493.951660156, 136.375991821, 65.8483200073, 47.4056167603, 27.3089637756, 12.1310539246, 12.3806428909, 11.9256496429, 7.43105506897, 2.26874089241, 1.58028316498, 1.61464881897, 0.232713609934, 0.0215990245342, 0.000410997046856, 0.000114564027172],
        "mean": [0.0479976646602, 0.574420332909, 2.61661124229, 10.2670278549, 14.6513195038, 10.6128730774, 8.56231212616, 7.66624736786, 8.71797466278, 14.1269216537, 44.5120429993, 29.8136138916, 31.4871749878, 47.085319519, 22.55427742, 29.6346683502, 41.8858757019, 62.0073699951, 49.7883605957, 18.1665325165, 30.8450965881, 76.5112228394, 64.7740478516, 24.7454204559, 23.0484828949, 12.8646364212, 5.07933664322, 5.11803722382, 3.64689946175, 1.95799231529, 1.39582121372, 0.798113942146, 0.324406445026, 0.1603076756, 0.125750824809, 0.08057102561, 0.0118465721607, 0.000956602802034, 3.5417277104e-05, 3.36392404279e-05],
        "median": [0.0170026794076, 0.241508468986, 1.4710290432, 6.89486265182, 7.78561306, 7.53246450424, 6.20618677139, 5.31617641449, 5.25857019424, 6.53164100647, 12.3061351776, 10.5787830353, 8.75274658203, 9.19144439697, 8.60694885254, 12.9633722305, 20.2398319244, 22.6456508636, 18.2185287476, 11.8019266129, 24.8494281769, 60.7730789185, 48.3097114563, 19.7622890472, 15.0220298767, 9.3397808075, 4.03082132339, 3.99453759193, 3.07688617706, 1.75010502338, 1.07373309135, 0.610827922821, 0.254797637463, 0.120451502502, 0.0568782091141, 0.0279676076025, 0.00528228608891, 0.000337773584761, 2.48914911936e-05, 3.26679182763e-05],
        "min": [2.80318636214e-05, 0.000130057058414, 0.0014400043292, 0.00757051538676, 0.0241857115179, 0.0591788887978, 0.271905124187, 0.444344431162, 0.137045547366, 0.070225790143, 0.0622241683304, 0.0648830458522, 0.0194743257016, 0.0529965534806, 0.0106940791011, 0.0109006930143, 0.0210861321539, 0.0207506008446, 0.0460263900459, 0.0660668238997, 0.101298324764, 0.520317435265, 0.344543367624, 0.0680973976851, 0.0360536836088, 0.022204650566, 0.0103714494035, 0.00651389267296, 0.00563496863469, 0.00226417044178, 0.00150527013466, 0.0011509465985, 0.000274157064268, 0.000209434540011, 0.000171879350091, 5.25821196788e-05, 6.20892069492e-06, 2.84325864186e-07, 6.87013368861e-07, 1.34217827963e-06],
        "var": [0.00772711774334, 1.5505065918, 20.5069999695, 114.62146759, 351.686737061, 92.5104675293, 69.9542770386, 59.172328949, 134.600769043, 570.363342285, 7857.20361328, 5043.83056641, 5364.56103516, 8055.68310547, 2128.46337891, 2860.23071289, 3563.59545898, 9661.53125, 8520.4921875, 901.24420166, 731.646789551, 4448.83349609, 4569.57519531, 501.834259033, 752.607971191, 202.0206604, 29.8209037781, 27.1544799805, 11.2404136658, 2.97707390785, 2.3396832943, 0.923633575439, 0.143679395318, 0.0309249535203, 0.0469056107104, 0.0286455973983, 0.000506507523824, 4.37048083768e-06, 1.97066563068e-09, 3.76549486036e-10]
    },
    "gfcc": {
        "mean": [5.10717725754, 108.269081116, -137.529510498, 42.089553833, -48.6532821655, 6.0082950592, -42.7068519592, 8.02340221405, -27.6639060974, -8.38187408447, -21.3560256958, -3.20485639572, -18.9489974976],
        "cov": [[2953.46777344, -919.320251465, -648.745239258, -9.21419334412, -141.04901123, 381.12588501, 185.068069458, 64.6921310425, -239.164260864, 79.659362793, -129.159439087, -80.8328857422, -144.987854004], [-919.320251465, 711.666381836, 170.202545166, -35.1221504211, 179.822021484, -131.633346558, 65.3475265503, -0.481372326612, 135.234008789, -73.3880386353, 127.276702881, -34.5354919434, 56.0529823303], [-648.745239258, 170.202545166, 535.249572754, 79.4459838867, 19.2560787201, -102.502441406, -96.2205352783, -1.49670791626, 26.3274288177, 2.80863547325, -33.6159248352, 54.1648712158, 3.1833024025], [-9.21419334412, -35.1221504211, 79.4459838867, 227.265457153, 45.2580108643, 34.0517501831, 14.704621315, -7.78328704834, 34.1760139465, 7.98990011215, 12.371717453, 2.89981365204, 33.7832603455], [-141.04901123, 179.822021484, 19.2560787201, 45.2580108643, 177.509338379, 22.5650463104, 45.9218826294, 7.74166917801, 41.4389801025, -14.3307247162, 39.0690765381, 8.25714874268, 23.1732196808], [381.12588501, -131.633346558, -102.502441406, 34.0517501831, 22.5650463104, 177.639724731, 89.998298645, -1.09766280651, -30.4897384644, 13.1564750671, 2.14867377281, 6.30751943588, 16.8820457458], [185.068069458, 65.3475265503, -96.2205352783, 14.704621315, 45.9218826294, 89.998298645, 168.188842773, 33.5358123779, 4.56101226807, -10.7483177185, 40.6045722961, -6.63856172562, 11.2734556198], [64.6921310425, -0.481372326612, -1.49670791626, -7.78328704834, 7.74166917801, -1.09766280651, 33.5358123779, 78.1954116821, 28.2488880157, 1.87047278881, -4.64812088013, -1.58082532883, -10.6517362595], [-239.164260864, 135.234008789, 26.3274288177, 34.1760139465, 41.4389801025, -30.4897384644, 4.56101226807, 28.2488880157, 127.258934021, 23.8205623627, 17.2892894745, -16.6953163147, 21.9798431396], [79.659362793, -73.3880386353, 2.80863547325, 7.98990011215, -14.3307247162, 13.1564750671, -10.7483177185, 1.87047278881, 23.8205623627, 89.8738479614, 8.85565567017, -3.37103486061, -16.3860988617], [-129.159439087, 127.276702881, -33.6159248352, 12.371717453, 39.0690765381, 2.14867377281, 40.6045722961, -4.64812088013, 17.2892894745, 8.85565567017, 102.74571991, 5.50292301178, 12.3195438385], [-80.8328857422, -34.5354919434, 54.1648712158, 2.89981365204, 8.25714874268, 6.30751943588, -6.63856172562, -1.58082532883, -16.6953163147, -3.37103486061, 5.50292301178, 94.124382019, 26.6629371643], [-144.987854004, 56.0529823303, 3.1833024025, 33.7832603455, 23.1732196808, 16.8820457458, 11.2734556198, -10.6517362595, 21.9798431396, -16.3860988617, 12.3195438385, 26.6629371643, 88.900932312]],
        "icov": [[0.00111203372944, 0.000486912002089, 0.000923128507566, -0.000442843360361, -8.00871493993e-05, -0.000990473548882, -0.000462752155727, -0.00104810809717, 0.00144189049024, -0.000760786409955, 0.00101285870187, 0.000528568169102, 0.000988295301795], [0.000486912002089, 0.0151678100228, -0.00663990341127, 0.00869756843895, -0.00890125986189, 0.00856487825513, -0.00984063651413, 0.00790390279144, -0.0106130214408, 0.0108306957409, -0.0129650048912, 0.0100132087246, -0.00553432712331], [0.000923128507566, -0.00663990341127, 0.00681115454063, -0.00575973372906, 0.00355110992678, -0.00350013119169, 0.00480269594118, -0.00495537230745, 0.00641972757876, -0.0061692437157, 0.00818660669029, -0.00592710683122, 0.00409204047173], [-0.000442843360361, 0.00869756843895, -0.00575973372906, 0.0111193275079, -0.00585658475757, 0.00393423158675, -0.0054835062474, 0.00617197714746, -0.00846919137985, 0.00676535116509, -0.00882287696004, 0.00653783651069, -0.00540826981887], [-8.00871493993e-05, -0.00890125986189, 0.00355110992678, -0.00585658475757, 0.0128670921549, -0.00657148379833, 0.00473928498104, -0.0044129351154, 0.00369513686746, -0.00419040350243, 0.00559357041493, -0.00653661461547, 0.0038436895702], [-0.000990473548882, 0.00856487825513, -0.00350013119169, 0.00393423158675, -0.00657148379833, 0.0175311546773, -0.0113554801792, 0.00729300733656, -0.00427657179534, 0.0031443531625, -0.0055201263167, 0.00446136808023, -0.00662388000637], [-0.000462752155727, -0.00984063651413, 0.00480269594118, -0.0054835062474, 0.00473928498104, -0.0113554801792, 0.0186219736934, -0.0103975217789, 0.00642616068944, -0.00405612587929, 0.00358645315282, -0.00530669512227, 0.00343368714675], [-0.00104810809717, 0.00790390279144, -0.00495537230745, 0.00617197714746, -0.0044129351154, 0.00729300733656, -0.0103975217789, 0.0233626812696, -0.0128656076267, 0.00743627827615, -0.00534186931327, 0.00265179621056, -0.000481264170958], [0.00144189049024, -0.0106130214408, 0.00641972757876, -0.00846919137985, 0.00369513686746, -0.00427657179534, 0.00642616068944, -0.0128656076267, 0.0240293201059, -0.0146601041779, 0.0109896939248, -0.00285573792644, 0.000214663465158], [-0.000760786409955, 0.0108306957409, -0.0061692437157, 0.00676535116509, -0.00419040350243, 0.0031443531625, -0.00405612587929, 0.00743627827615, -0.0146601041779, 0.0238459836692, -0.0135956034064, 0.0058077275753, -0.000357102719136], [0.00101285870187, -0.0129650048912, 0.00818660669029, -0.00882287696004, 0.00559357041493, -0.0055201263167, 0.00358645315282, -0.00534186931327, 0.0109896939248, -0.0135956034064, 0.0263329017907, -0.00991429854184, 0.00548281008378], [0.000528568169102, 0.0100132087246, -0.00592710683122, 0.00653783651069, -0.00653661461547, 0.00446136808023, -0.00530669512227, 0.00265179621056, -0.00285573792644, 0.0058077275753, -0.00991429854184, 0.0207198634744, -0.00894012674689], [0.000988295301795, -0.00553432712331, 0.00409204047173, -0.00540826981887, 0.0038436895702, -0.00662388000637, 0.00343368714675, -0.000481264170958, 0.000214663465158, -0.000357102719136, 0.00548281008378, -0.00894012674689, 0.0198238845915]]
    },
    "melbands": {
        "dmean": [0.000496389169712, 0.00110710295849, 0.00145269220229, 0.000556876882911, 0.000170898274519, 9.49310851865e-05, 7.68830286688e-05, 0.000131823879201, 0.000227115189773, 0.000117327588669, 0.000103778940684, 0.000118930642202, 3.83794285881e-05, 4.72302199341e-05, 3.70619854948e-05, 7.55104483687e-05, 6.23623345746e-05, 4.65523407911e-05, 1.85029803106e-05, 1.37178958539e-05, 1.71164483618e-05, 3.63508443115e-05, 4.89678932354e-05, 1.58888451551e-05, 8.52372431837e-06, 9.21003083931e-06, 7.7926861195e-06, 3.80550841328e-06, 1.50904440943e-06, 1.60437252816e-06, 1.61195089277e-06, 9.46041097905e-07, 7.06244748017e-07, 4.62839892634e-07, 4.66823308898e-07, 2.65258108811e-07, 2.13308823049e-07, 1.12896188398e-07, 9.32109216478e-08, 6.76934277521e-08],
        "dmean2": [0.000869902956765, 0.00199599843472, 0.00243615824729, 0.000923581013922, 0.000281127402559, 0.000157219386892, 0.000124268801301, 0.000197384491912, 0.000351205817424, 0.00018838129472, 0.000160019655596, 0.000176576329977, 5.9400612372e-05, 7.64121577959e-05, 5.81958556722e-05, 0.000120954020531, 9.78782263701e-05, 7.30234896764e-05, 2.85328951577e-05, 2.2338312192e-05, 2.7492749723e-05, 5.95721357968e-05, 8.03221410024e-05, 2.57084830082e-05, 1.37348333737e-05, 1.45059402712e-05, 1.26805416585e-05, 6.21802473688e-06, 2.46913896262e-06, 2.59474450104e-06, 2.67886298388e-06, 1.54074552938e-06, 1.13076919206e-06, 7.42101974538e-07, 7.35482785785e-07, 4.24127620136e-07, 3.56864291007e-07, 1.80636874347e-07, 1.47809416262e-07, 1.06762477969e-07],
        "dvar": [1.29251748149e-06, 7.12115706847e-06, 3.92749416278e-06, 4.99945542742e-07, 4.23940420546e-08, 1.48902596919e-08, 1.72961645006e-08, 6.6876303606e-08, 2.01581400461e-07, 9.4884008206e-08, 6.42114272864e-08, 5.95047069396e-08, 8.63545679408e-09, 9.10276742871e-09, 4.71343453157e-09, 1.67965694686e-08, 1.42602951669e-08, 9.65575708278e-09, 2.01641614517e-09, 7.69506625087e-10, 4.50629589199e-10, 2.28698682214e-09, 4.48422587951e-09, 5.19999154847e-10, 1.10900781614e-10, 1.83499396234e-10, 2.95136692863e-10, 3.74093776789e-11, 7.30703258317e-12, 6.61843453306e-12, 5.31077092025e-12, 1.88450101878e-12, 9.31778851125e-13, 4.11541406422e-13, 7.25978034199e-13, 1.80668929253e-13, 1.76786929822e-13, 6.18045111617e-14, 3.37213608003e-14, 1.17458058796e-14],
        "dvar2": [3.52965480488e-06, 2.02419523703e-05, 1.0074139027e-05, 1.29557975015e-06, 1.00936290437e-07, 3.53440086087e-08, 4.46912125085e-08, 1.42642917922e-07, 3.96773032207e-07, 2.20583089572e-07, 1.55848141503e-07, 1.2724049725e-07, 1.90859434923e-08, 2.0357211028e-08, 9.18512110815e-09, 4.50066188762e-08, 3.17278399109e-08, 2.05475796378e-08, 4.06108702222e-09, 2.00178162935e-09, 1.10094411365e-09, 6.1788907324e-09, 1.17110676712e-08, 1.33563826665e-09, 2.90132473602e-10, 4.26603558035e-10, 7.7983047797e-10, 8.52930781559e-11, 1.70865942922e-11, 1.46692605979e-11, 1.34145359751e-11, 4.92297608928e-12, 2.31718398809e-12, 1.0255186457e-12, 1.79750973221e-12, 4.19550001294e-13, 4.56350289588e-13, 1.586963525e-13, 8.87994715195e-14, 2.97395673355e-14],
        "max": [0.00763164740056, 0.0201059803367, 0.0150876119733, 0.0054876524955, 0.00304459198378, 0.00142035260797, 0.00159403530415, 0.00382323935628, 0.00507232919335, 0.00631448207423, 0.00344527023844, 0.00251102470793, 0.00137421884574, 0.00246408605017, 0.00180746195838, 0.00132813758682, 0.00143339298666, 0.00133831833955, 0.000845104106702, 0.000653382099699, 0.000286231137579, 0.000553271500394, 0.00071546935942, 0.000250562967267, 0.000101693694887, 0.000192467923625, 0.000397908210289, 0.000103526494058, 4.54917826573e-05, 5.04514609929e-05, 2.8019228921e-05, 1.9144916223e-05, 1.17112185762e-05, 7.19529043636e-06, 8.64075900608e-06, 6.15874387222e-06, 7.7343565863e-06, 5.43614623894e-06, 3.86094234273e-06, 1.33708101657e-06],
        "mean": [0.000535126833711, 0.00118041795213, 0.00198357575573, 0.000926639419049, 0.000316403544275, 0.000170934843482, 0.000130280313897, 0.000199016722036, 0.000340390339261, 0.000172923901118, 0.000156390524353, 0.000201464063139, 6.34774114587e-05, 8.02180584287e-05, 6.04321321589e-05, 0.000132596178446, 0.000102718011476, 7.94164297986e-05, 3.20313047268e-05, 2.61592213064e-05, 3.66862368537e-05, 7.49961327529e-05, 9.24884734559e-05, 3.46028136846e-05, 1.76341709448e-05, 1.73583612195e-05, 1.44051746247e-05, 7.13150711817e-06, 2.86792305815e-06, 3.046388656e-06, 3.03455499306e-06, 2.15009686144e-06, 1.45148737829e-06, 1.01928060303e-06, 9.00131624348e-07, 5.80612379508e-07, 4.33784066445e-07, 2.20262677431e-07, 1.8310029759e-07, 1.17876609806e-07],
        "median": [0.00021454266971, 0.000662713893689, 0.00120670185424, 0.000627717992757, 0.000241762594669, 0.000121041870443, 7.80594782555e-05, 7.40679533919e-05, 9.66284424067e-05, 5.15174906468e-05, 3.93106893171e-05, 3.43586616509e-05, 1.80185706995e-05, 3.523360283e-05, 2.74484136753e-05, 4.93349070894e-05, 2.61757068074e-05, 2.4307257263e-05, 1.34224883368e-05, 1.85789085663e-05, 2.85899750452e-05, 5.65856171306e-05, 6.00722960371e-05, 2.32846141444e-05, 1.28542078528e-05, 1.12351417556e-05, 8.12280723039e-06, 4.79632035422e-06, 2.02640740099e-06, 2.19441221816e-06, 2.20303900278e-06, 1.72782347363e-06, 1.1721165265e-06, 8.50382718909e-07, 6.20068306034e-07, 4.46782081553e-07, 3.04136932527e-07, 1.6060657515e-07, 1.375000096e-07, 8.18300947003e-08],
        "min": [2.32145822565e-07, 5.76558704779e-07, 1.93755317923e-06, 3.95906818085e-06, 8.94765798876e-06, 1.06096558738e-05, 1.85463704838e-06, 7.77386901518e-07, 1.53042577722e-07, 2.51361115033e-07, 9.37090405273e-08, 1.6204326414e-07, 2.67176041291e-08, 2.49443292688e-08, 2.02279899497e-08, 5.42987024232e-08, 2.30896830544e-08, 6.78053098113e-08, 5.7094247552e-08, 3.76599729179e-08, 9.07135841999e-08, 4.4013245315e-07, 4.20911334231e-07, 3.33740253211e-08, 2.7555843829e-08, 2.17175184503e-08, 1.1524525334e-08, 2.41665754075e-09, 4.67658445302e-09, 3.11148795618e-09, 3.11087866578e-09, 2.48983100803e-09, 2.17139395353e-09, 9.07077080115e-10, 8.47085790401e-10, 8.22662771238e-10, 2.20667650819e-10, 6.00027894124e-13, 6.19299099849e-13, 4.05870042436e-12],
