{
"highlevel": {
    "danceability": {
        "all": {
            "danceable": 0.999099612236,
            "not_danceable": 0.000900358951185
        },
        "probability": 0.999099612236,
        "value": "danceable"
    },
    "gender": {
        "all": {
            "female": 0.861481547356,
            "male": 0.138518437743
        },
        "probability": 0.861481547356,
        "value": "female"
    },
    "genre_dortmund": {
        "all": {
            "alternative": 0.0137214818969,
            "blues": 0.0443636253476,
            "electronic": 0.110611654818,
            "folkcountry": 0.0665759667754,
            "funksoulrnb": 0.0209392048419,
            "jazz": 0.120456278324,
            "pop": 0.0945132747293,
            "raphiphop": 0.520790755749,
            "rock": 0.00802775844932
        },
        "probability": 0.520790755749,
        "value": "raphiphop"
    },
    "genre_electronic": {
        "all": {
            "ambient": 0.148779004812,
            "dnb": 0.54983574152,
            "house": 0.178436517715,
            "techno": 0.0141587797552,
            "trance": 0.108789972961
        },
        "probability": 0.54983574152,
        "value": "dnb"
    },
    "genre_rosamerica": {
        "all": {
            "cla": 0.00490075815469,
            "dan": 0.0536744855344,
            "hip": 0.612410843372,
            "jaz": 0.00627191504464,
            "pop": 0.207729563117,
            "rhy": 0.103564858437,
            "roc": 0.00898118782789,
            "spe": 0.0024664090015
        },
        "probability": 0.612410843372,
        "value": "hip"
    },
    "genre_tzanetakis": {
        "all": {
            "blu": 0.0642214938998,
            "cla": 0.0356696359813,
            "cou": 0.0802658647299,
            "dis": 0.0642494857311,
            "hip": 0.160689160228,
            "jaz": 0.321663022041,
            "met": 0.0643127858639,
            "pop": 0.0642928555608,
            "reg": 0.064283400774,
            "roc": 0.0803522914648
        },
        "probability": 0.321663022041,
        "value": "jaz"
    },
    "ismir04_rhythm": {
        "all": {
            "ChaChaCha": 0.384924024343,
            "Jive": 0.0590825937688,
            "Quickstep": 0.0747555121779,
            "Rumba-American": 0.010341014713,
            "Rumba-International": 0.0759540572762,
            "Rumba-Misc": 0.00563248060644,
            "Samba": 0.374043852091,
            "Tango": 0.00311823678203,
            "VienneseWaltz": 0.00418351544067,
            "Waltz": 0.00796469859779
        },
        "probability": 0.384924024343,
        "value": "ChaChaCha"
    },
    "mood_acoustic": {
        "all": {
            "acoustic": 0.0102398972958,
            "not_acoustic": 0.989760100842
        },
        "probability": 0.989760100842,
        "value": "not_acoustic"
    },
    "mood_aggressive": {
        "all": {
            "aggressive": 0.114826828241,
            "not_aggressive": 0.885173201561
        },
        "probability": 0.885173201561,
        "value": "not_aggressive"
    },
    "mood_electronic": {
        "all": {
            "electronic": 0.928560495377,
            "not_electronic": 0.0714395046234
        },
        "probability": 0.928560495377,
        "value": "electronic"
    },
    "mood_happy": {
        "all": {
            "happy": 0.609294176102,
            "not_happy": 0.390705823898
        },
        "probability": 0.609294176102,
        "value": "happy"
    },
    "mood_party": {
        "all": {
            "not_party": 0.0626970380545,
            "party": 0.937302947044
        },
        "probability": 0.937302947044,
        "value": "party"
    },
    "mood_relaxed": {
        "all": {
            "not_relaxed": 0.691269397736,
            "relaxed": 0.308730632067
        },
        "probability": 0.691269397736,
        "value": "not_relaxed"
    },
    "mood_sad": {
        "all": {
            "not_sad": 0.57961243391,
            "sad": 0.420387536287
        },
        "probability": 0.57961243391,
        "value": "not_sad"
    },
    "moods_mirex": {
        "all": {
            "Cluster1": 0.155927851796,
            "Cluster2": 0.471081912518,
            "Cluster3": 0.0956135094166,
            "Cluster4": 0.143894329667,
            "Cluster5": 0.133482396603
        },
        "probability": 0.471081912518,
        "value": "Cluster2"
    },
    "timbre": {
        "all": {
            "bright": 0.995685577393,
            "dark": 0.00431439559907
        },
        "probability": 0.995685577393,
        "value": "bright"
    },
    "tonal_atonal": {
        "all": {
            "atonal": 0.478613466024,
            "tonal": 0.521386504173
        },
        "probability": 0.521386504173,
        "value": "tonal"
    },
    "voice_instrumental": {
        "all": {
            "instrumental": 0.0156874880195,
            "voice": 0.984312534332
        },
        "probability": 0.984312534332,
        "value": "voice"
    }
},
"lowlevel": {
    "average_loudness": 0.979973256588,
    "barkbands_crest": {
        "dmean": 2.53649187088,
        "dmean2": 3.69295740128,
        "dvar": 8.93753814697,
        "dvar2": 16.7394371033,
        "max": 26.0522193909,
        "mean": 15.1775999069,
        "median": 15.64382267,
        "min": 2.64446353912,
        "var": 32.457321167
    },
    "barkbands_flatness_db": {
        "dmean": 0.0246040262282,
        "dmean2": 0.0334441587329,
        "dvar": 0.000633411749732,
        "dvar2": 0.00101192004513,
        "max": 0.389124929905,
        "mean": 0.170211628079,
        "median": 0.161958470941,
        "min": 0.0417733937502,
        "var": 0.00377013208345
    },
    "barkbands_kurtosis": {
        "dmean": 7.2504196167,
        "dmean2": 9.94894218445,
        "dvar": 345.757965088,
        "dvar2": 634.142028809,
        "max": 297.737213135,
        "mean": 11.4222068787,
        "median": 0.636029481888,
        "min": -1.93029117584,
        "var": 896.271972656
    },
    "barkbands_skewness": {
        "dmean": 0.807414233685,
        "dmean2": 1.09437429905,
        "dvar": 1.0031927824,
        "dvar2": 1.66668522358,
        "max": 16.1090641022,
        "mean": 2.22482085228,
        "median": 1.39035570621,
        "min": -0.584301173687,
        "var": 5.66318750381
    },
    "barkbands_spread": {
        "dmean": 9.12675285339,
        "dmean2": 12.9544363022,
        "dvar": 141.698013306,
        "dvar2": 234.883331299,
        "max": 123.1902771,
        "mean": 35.0895080566,
        "median": 35.5584106445,
        "min": 0.577181041241,
        "var": 523.361328125
    },
    "dissonance": {
        "dmean": 0.0173566266894,
        "dmean2": 0.0290585439652,
        "dvar": 0.000262069079326,
        "dvar2": 0.000724294339307,
        "max": 0.499983102083,
        "mean": 0.470428109169,
        "median": 0.475233823061,
        "min": 0.314648121595,
        "var": 0.000439132505562
    },
    "dynamic_complexity": 2.49348521233,
    "erbbands_crest": {
        "dmean": 2.65016341209,
        "dmean2": 4.19918394089,
        "dvar": 6.94569253922,
        "dvar2": 16.8824386597,
        "max": 26.4205169678,
        "mean": 8.56192874908,
        "median": 7.60082530975,
        "min": 2.40805196762,
        "var": 14.2179679871
    },
    "erbbands_flatness_db": {
        "dmean": 0.0183258354664,
        "dmean2": 0.0257688760757,
        "dvar": 0.000291986187221,
        "dvar2": 0.000566072063521,
        "max": 0.243661776185,
        "mean": 0.142786622047,
        "median": 0.142930716276,
        "min": 0.0625483468175,
        "var": 0.0011020724196
    },
    "erbbands_kurtosis": {
        "dmean": 0.929638564587,
        "dmean2": 1.45972573757,
        "dvar": 1.39466679096,
        "dvar2": 3.01556873322,
        "max": 15.7814750671,
        "mean": 0.426972121,
        "median": 0.01384973526,
        "min": -1.67086529732,
        "var": 2.57392787933
    },
    "erbbands_skewness": {
        "dmean": 0.365679293871,
        "dmean2": 0.543413043022,
        "dvar": 0.140517786145,
        "dvar2": 0.274226456881,
        "max": 1.91275119781,
        "mean": -0.134495586157,
        "median": -0.0734356418252,
        "min": -3.63554263115,
        "var": 0.485348790884
    },
    "erbbands_spread": {
        "dmean": 10.5684537888,
        "dmean2": 15.6566429138,
        "dvar": 125.540710449,
        "dvar2": 264.989044189,
        "max": 150.784545898,
        "mean": 41.0130653381,
        "median": 34.9294433594,
        "min": 9.98264026642,
        "var": 408.912017822
    },
    "hfc": {
        "dmean": 13.1706266403,
        "dmean2": 18.5634174347,
        "dvar": 558.743713379,
        "dvar2": 1072.61804199,
        "max": 211.822219849,
        "mean": 27.0643920898,
        "median": 18.9496555328,
        "min": 0.662034094334,
        "var": 983.528686523
    },
    "melbands_crest": {
        "dmean": 2.9380338192,
        "dmean2": 4.20811748505,
        "dvar": 14.4982089996,
        "dvar2": 25.3623561859,
        "max": 36.9062995911,
        "mean": 25.1971607208,
        "median": 26.1933345795,
        "min": 6.5965795517,
        "var": 58.6165847778
    },
    "melbands_flatness_db": {
        "dmean": 0.0300153717399,
        "dmean2": 0.039072688669,
        "dvar": 0.000962516758591,
        "dvar2": 0.00149591651279,
        "max": 0.484534651041,
        "mean": 0.224318355322,
        "median": 0.213366508484,
        "min": 0.0615232847631,
        "var": 0.00638305349275
    },
    "melbands_kurtosis": {
        "dmean": 17.3085155487,
        "dmean2": 24.5724506378,
        "dvar": 1122.59765625,
        "dvar2": 1942.01623535,
        "max": 672.850769043,
        "mean": 35.9575195312,
        "median": 10.6695175171,
        "min": -1.18581986427,
        "var": 4299.42626953
    },
    "melbands_skewness": {
        "dmean": 1.09210336208,
        "dmean2": 1.50015902519,
        "dvar": 1.48292720318,
        "dvar2": 2.4313519001,
        "max": 22.4414215088,
        "mean": 4.23657464981,
        "median": 3.19658374786,
        "min": 0.22847019136,
        "var": 9.96413612366
    },
    "melbands_spread": {
        "dmean": 10.2899971008,
        "dmean2": 14.7935848236,
        "dvar": 186.077209473,
        "dvar2": 365.613006592,
        "max": 123.42829895,
        "mean": 30.6300792694,
        "median": 25.7666854858,
        "min": 0.480791985989,
        "var": 591.741088867
    },
    "pitch_salience": {
        "dmean": 0.0765399187803,
        "dmean2": 0.113256722689,
        "dvar": 0.00720646884292,
        "dvar2": 0.0146383950487,
        "max": 0.725567162037,
        "mean": 0.33952331543,
        "median": 0.33482041955,
        "min": 0.0608294717968,
        "var": 0.0206171423197
    },
    "silence_rate_20dB": {
        "dmean": 0,
        "dmean2": 0,
        "dvar": 0,
        "dvar2": 0,
        "max": 1,
        "mean": 1,
        "median": 1,
        "min": 1,
        "var": 0
    },
    "silence_rate_30dB": {
        "dmean": 0,
        "dmean2": 0,
        "dvar": 0,
        "dvar2": 0,
        "max": 1,
        "mean": 1,
        "median": 1,
        "min": 1,
        "var": 0
    },
    "silence_rate_60dB": {
        "dmean": 0,
        "dmean2": 0,
        "dvar": 0,
        "dvar2": 0,
        "max": 0,
        "mean": 0,
        "median": 0,
        "min": 0,
        "var": 0
    },
    "spectral_centroid": {
        "dmean": 355.773071289,
        "dmean2": 507.176086426,
        "dvar": 161454.484375,
        "dvar2": 292684.3125,
        "max": 5634.58984375,
        "mean": 2195.51855469,
        "median": 2351.28808594,
        "min": 228.53427124,
        "var": 651789.0625
    },
    "spectral_complexity": {
        "dmean": 4.02786397934,
        "dmean2": 5.72269535065,
        "dvar": 28.6601657867,
        "dvar2": 41.5950164795,
        "max": 56,
        "mean": 15.638051033,
        "median": 15,
        "min": 1,
        "var": 91.9337921143
    },
    "spectral_decrease": {
        "dmean": 2.04276373594e-09,
        "dmean2": 2.87369195107e-09,
        "dvar": 8.66017404057e-18,
        "dvar2": 1.65916896426e-17,
        "max": -1.12188036638e-09,
        "mean": -7.45101580435e-09,
        "median": -6.77376599256e-09,
        "min": -2.87426900059e-08,
        "var": 1.95309882682e-17
    },
    "spectral_energy": {
        "dmean": 0.00863025989383,
        "dmean2": 0.0122077288106,
        "dvar": 0.000136570146424,
        "dvar2": 0.000255080929492,
        "max": 0.109643228352,
        "mean": 0.0305766537786,
        "median": 0.0272822063416,
        "min": 0.00433155335486,
        "var": 0.000313871074468
    },
    "spectral_energyband_high": {
        "dmean": 0.00132753001526,
        "dmean2": 0.00185755104758,
        "dvar": 7.20641901353e-06,
        "dvar2": 1.37748047564e-05,
        "max": 0.0215826407075,
        "mean": 0.00197990518063,
        "median": 0.000821986468509,
        "min": 1.00967563412e-05,
        "var": 1.10174923975e-05
    },
    "spectral_energyband_low": {
        "dmean": 0.00603959104046,
        "dmean2": 0.00850267615169,
        "dvar": 0.000108724649181,
        "dvar2": 0.00021102145547,
        "max": 0.10524854064,
        "mean": 0.0196045152843,
        "median": 0.0177422743291,
        "min": 0.0021932432428,
        "var": 0.000229835437494
    },
    "spectral_energyband_middle_high": {
        "dmean": 0.00170746212825,
        "dmean2": 0.00235089240596,
        "dvar": 5.43778196516e-06,
        "dvar2": 1.06616435005e-05,
        "max": 0.0259040594101,
        "mean": 0.00565523048863,
        "median": 0.00406926451251,
        "min": 3.48250359821e-05,
        "var": 2.63885012828e-05
    },
    "spectral_energyband_middle_low": {
        "dmean": 0.00301727396436,
        "dmean2": 0.00472700921819,
        "dvar": 3.03927663481e-05,
        "dvar2": 7.42134361644e-05,
        "max": 0.0405852533877,
        "mean": 0.0038071423769,
        "median": 0.00151125527918,
        "min": 9.52800110099e-05,
        "var": 3.35529985023e-05
    },
    "spectral_entropy": {
        "dmean": 0.185633584857,
        "dmean2": 0.258962750435,
        "dvar": 0.0354836583138,
        "dvar2": 0.0633048191667,
        "max": 8.81460189819,
        "mean": 7.69968938828,
        "median": 7.64222192764,
        "min": 6.50415372849,
        "var": 0.132307514548
    },
    "spectral_flux": {
        "dmean": 0.0306178405881,
        "dmean2": 0.0453186742961,
        "dvar": 0.001268760534,
        "dvar2": 0.00237144855782,
        "max": 0.311447560787,
        "mean": 0.0801540017128,
        "median": 0.0662268847227,
        "min": 0.0103476699442,
        "var": 0.00286413519643
    },
    "spectral_kurtosis": {
        "dmean": 1.02737605572,
        "dmean2": 1.63825929165,
        "dvar": 0.876261234283,
        "dvar2": 2.04170274734,
        "max": 10.2012281418,
        "mean": 2.80715894699,
        "median": 2.68743133545,
        "min": -1.30248439312,
        "var": 2.56546640396
    },
    "spectral_rms": {
        "dmean": 0.000729595660232,
        "dmean2": 0.00102707534097,
        "dvar": 8.33341573525e-07,
        "dvar2": 1.55718419137e-06,
        "max": 0.0103425821289,
        "mean": 0.00524541828781,
        "median": 0.00515914568678,
        "min": 0.00205570086837,
        "var": 2.31649482885e-06
    },
    "spectral_rolloff": {
        "dmean": 812.54675293,
        "dmean2": 1291.74414062,
        "dvar": 2000754.75,
        "dvar2": 3786969.75,
        "max": 11434.1308594,
        "mean": 1909.94445801,
        "median": 1442.72460938,
        "min": 64.599609375,
        "var": 4226930.5
    },
    "spectral_skewness": {
        "dmean": 0.182405307889,
        "dmean2": 0.270998507738,
        "dvar": 0.027108842507,
        "dvar2": 0.0542282052338,
        "max": 2.60922169685,
        "mean": 1.21254587173,
        "median": 1.19374477863,
        "min": -0.0295723378658,
        "var": 0.105526916683
    },
    "spectral_spread": {
        "dmean": 758080.5,
        "dmean2": 1051210.75,
        "dvar": 927482642432,
        "dvar2": 1.5289983959e+12,
        "max": 17519536,
        "mean": 5231088,
        "median": 4726230.5,
        "min": 2600298,
        "var": 3.5528638464e+12
    },
    "spectral_strongpeak": {
        "dmean": 0.177067443728,
        "dmean2": 0.31682997942,
        "dvar": 0.246657148004,
        "dvar2": 0.714449286461,
        "max": 5.19310998917,
        "mean": 0.36928960681,
        "median": 0.258308857679,
        "min": 0,
        "var": 0.203598693013
    },
    "zerocrossingrate": {
        "dmean": 0.0162686090916,
        "dmean2": 0.0174438562244,
        "dvar": 0.000361046084436,
        "dvar2": 0.000453810178442,
        "max": 0.28955078125,
        "mean": 0.0602949932218,
        "median": 0.05224609375,
        "min": 0.001953125,
        "var": 0.00189430941828
    },
    "barkbands": {
        "dmean": [0.000361146609066, 0.00555282225832, 0.00183403375559, 0.000870777643286, 0.000827794079669, 0.000857402570546, 0.000356076954631, 0.000244954891969, 0.000398664153181, 0.000306507135974, 0.000394280679757, 0.000303020060528, 0.000112506233563, 0.000303694279864, 0.00045247390517, 0.000199293164769, 0.000150918553118, 0.000236792504438, 0.000343339692336, 0.000407938758144, 0.000226184100029, 0.000289096700726, 0.000231373531278, 0.000232524078456, 0.0001852583664, 0.000104078731965, 3.86867498037e-07],
        "dmean2": [0.000491597689688, 0.00814422871917, 0.0033163127955, 0.00155995949171, 0.00126528250985, 0.00146563991439, 0.000616108009126, 0.000400632503442, 0.000658456410747, 0.000440817151684, 0.000576787337195, 0.00044508598512, 0.000170650964719, 0.000487048615469, 0.000710673106369, 0.000302971136989, 0.000226989301154, 0.000359473982826, 0.00053595774807, 0.000595673569478, 0.000330438168021, 0.000412981316913, 0.000337031990057, 0.000347917259205, 0.000278327352135, 0.000156259542564, 6.4665670152e-07],
        "dvar": [3.43530160762e-07, 0.000121290286188, 3.36774101015e-05, 6.66975620334e-06, 3.24931124851e-06, 5.42764973943e-06, 1.64103187217e-06, 3.75520642137e-07, 1.17399792998e-06, 3.37646326898e-07, 9.88716806205e-07, 8.23545519779e-07, 8.55176622849e-08, 2.75752228163e-07, 6.40839857624e-07, 1.79339096462e-07, 1.51246254632e-07, 2.07623074289e-07, 3.40968512091e-07, 5.61763386031e-07, 2.9962555459e-07, 3.82399150567e-07, 1.91532890881e-07, 2.49755203185e-07, 1.91144920336e-07, 6.36047801095e-08, 2.67512444488e-12],
        "dvar2": [5.25197265233e-07, 0.000266280578217, 9.41089092521e-05, 1.85134176718e-05, 7.50952312956e-06, 1.37689512485e-05, 4.3301797632e-06, 9.9778128515e-07, 3.05735989059e-06, 6.19948991698e-07, 2.21540881284e-06, 1.82901612789e-06, 1.84450399843e-07, 6.94551999914e-07, 1.63440097367e-06, 3.61918040426e-07, 3.47126984934e-07, 4.52545435792e-07, 7.92068760802e-07, 1.24156304082e-06, 5.68919858779e-07, 7.40698851587e-07, 3.89016634017e-07, 5.11944108439e-07, 4.22307806502e-07, 1.41676494536e-07, 6.79979293358e-12],
        "max": [0.00715723633766, 0.100424036384, 0.046682421118, 0.0202073454857, 0.0191809143871, 0.0180201418698, 0.0120002208278, 0.0121712731197, 0.0140946591273, 0.00746270501986, 0.0144394431263, 0.0146475350484, 0.00627240538597, 0.00591363944113, 0.0125681487843, 0.00539570627734, 0.00590111175552, 0.00502800242975, 0.00762941734865, 0.00930303521454, 0.00507546681911, 0.00714513799176, 0.00402476917952, 0.00416300911456, 0.00620360160246, 0.00184183195233, 1.86164343177e-05],
        "mean": [0.00146444910206, 0.0163786467165, 0.00146591465455, 0.000680760305841, 0.000919805024751, 0.000748630671296, 0.000286587048322, 0.000346978544258, 0.000469189224532, 0.000563101319131, 0.00102909060661, 0.000608507718425, 0.000178426038474, 0.000498366891406, 0.000992446672171, 0.00029134794022, 0.0002337784681, 0.00039355509216, 0.000652179529425, 0.000743126671296, 0.000274966703728, 0.000445399462478, 0.000342966755852, 0.000259340653429, 0.000205018703127, 0.000103774589661, 2.77455285413e-07],
        "median": [0.000944079714827, 0.0145725524053, 9.46688451222e-05, 6.31809743936e-05, 0.000215211388422, 0.00012938407599, 4.89871526952e-05, 0.000174974047695, 0.000156878391863, 0.000264317146502, 0.000202228635317, 0.000114282418508, 7.71187987993e-05, 0.000137249546242, 0.000252289872151, 9.43096965784e-05, 6.87972205924e-05, 0.000179197042598, 0.000230591133004, 0.000345853739418, 6.60929217702e-05, 0.000144427816849, 0.000140015865327, 4.34344547102e-05, 2.97600236081e-05, 1.34773408718e-05, 9.15628239895e-10],
        "min": [6.60363639327e-08, 0.000262646120973, 8.39048084345e-08, 2.0630444908e-07, 2.50403581958e-06, 2.61454579231e-06, 1.22495430332e-06, 4.61085710413e-06, 1.51196400111e-06, 1.41780333252e-06, 7.47011426938e-07, 9.62728222476e-07, 3.68733253708e-07, 1.45527883433e-06, 2.34099138652e-06, 9.33570674988e-07, 1.87214345715e-06, 2.311297294e-06, 2.14813212551e-06, 1.76690423359e-06, 1.07872870103e-06, 1.92826655621e-06, 6.11220002611e-07, 2.26330527653e-07, 9.5038068082e-08, 1.72889713657e-09, 5.49584770054e-12],
        "var": [2.26222800848e-06, 0.000192804567632, 2.19048961299e-05, 4.49937579106e-06, 3.83761607736e-06, 4.32190472566e-06, 1.16923877158e-06, 3.81026808327e-07, 1.15100397124e-06, 7.82415327194e-07, 3.03153137793e-06, 1.82830558515e-06, 1.38144642392e-07, 5.67438974031e-07, 1.77634763077e-06, 3.58034725423e-07, 3.25725466155e-07, 3.96302340278e-07, 8.60724298946e-07, 1.11592657959e-06, 4.23925143878e-07, 6.24873507604e-07, 3.03791580336e-07, 3.21987215557e-07, 2.3420591333e-07, 6.78895020201e-08, 2.01503072041e-12]
    },
    "erbbands": {
        "dmean": [0.194909915328, 1.2082529068, 2.06672930717, 2.61661696434, 2.79960250854, 2.62535762787, 3.63059926033, 7.81597900391, 8.20099925995, 2.88787317276, 6.32053565979, 9.47035217285, 10.3871326447, 13.1933517456, 10.7857217789, 12.6610918045, 5.36133003235, 16.0445404053, 15.6318225861, 17.5447978973, 8.95724487305, 7.88361597061, 10.3858098984, 14.9033308029, 18.8409957886, 18.4637432098, 11.7332744598, 7.92920827866, 9.0053653717, 10.7612457275, 6.01321172714, 5.12340831757, 3.62080001831, 2.35236692429, 1.31771373749, 0.755628526211, 0.0958805382252, 0.00353491818532, 0.000158248876687, 2.57066676568e-05],
        "dmean2": [0.261766821146, 1.85924994946, 3.55261301994, 4.69963216782, 4.50351572037, 3.9861998558, 5.55724096298, 13.6232528687, 14.3358955383, 4.70161390305, 10.4803791046, 15.4791841507, 15.0428857803, 18.742061615, 15.2409982681, 18.4776000977, 7.86946868896, 25.7761917114, 23.9261207581, 27.2214546204, 13.30164814, 11.7526359558, 15.5955257416, 23.6377315521, 27.9965591431, 27.7517032623, 16.8410987854, 11.2530479431, 12.6383705139, 15.6003494263, 8.70276641846, 7.76349878311, 5.31949615479, 3.60845661163, 1.97116434574, 1.15158641338, 0.141322508454, 0.00550095876679, 0.000239506582147, 3.76039424737e-05],
        "dvar": [0.139944151044, 6.82920837402, 31.2038269043, 65.1933898926, 35.3898010254, 35.5773391724, 82.0254898071, 511.978271484, 985.820129395, 42.3048934937, 221.913528442, 805.918823242, 458.480712891, 1081.79174805, 786.265197754, 1795.80249023, 148.278305054, 794.49029541, 791.390808105, 1112.18261719, 308.260559082, 434.20690918, 479.522644043, 866.369018555, 994.020996094, 1375.39758301, 704.536315918, 373.182952881, 371.720001221, 451.663757324, 137.419174194, 127.737892151, 58.3510246277, 31.5233955383, 9.21887969971, 3.48589658737, 0.0438303686678, 6.04259621468e-05, 1.42345129461e-07, 2.15321760422e-09],
        "dvar2": [0.263157218695, 16.1817951202, 83.0538787842, 180.537902832, 90.7078170776, 82.9379501343, 186.291244507, 1314.53869629, 2552.58349609, 102.975128174, 580.806213379, 2086.75976562, 830.78918457, 2188.81079102, 1474.36218262, 3825.39770508, 307.906524658, 2048.19750977, 1907.95532227, 2651.43481445, 586.084411621, 1046.86035156, 989.444702148, 2216.41601562, 2117.31201172, 3215.70166016, 1317.12243652, 696.80859375, 677.106018066, 953.824645996, 278.332214355, 272.848022461, 120.784881592, 72.5535888672, 19.3042945862, 7.89339971542, 0.0894511193037, 0.000141375276144, 3.143859999e-07, 4.52377824089e-09],
        "max": [3.95178151131, 24.3206386566, 54.8281784058, 66.2632369995, 45.5685539246, 70.3839111328, 102.963592529, 189.14112854, 292.498138428, 83.4134292603, 225.884490967, 359.008087158, 310.151855469, 462.882141113, 703.717590332, 733.923156738, 299.320617676, 319.370758057, 457.136749268, 454.496246338, 249.153274536, 378.476715088, 309.376342773, 338.141265869, 452.459197998, 459.387542725, 281.391784668, 216.550582886, 192.462310791, 286.952911377, 115.177062988, 93.5321121216, 78.3422164917, 77.7312393188, 37.3988227844, 14.4185333252, 1.46418619156, 0.0840254873037, 0.00353121571243, 0.000476300920127],
        "mean": [0.705720067024, 2.67568683624, 2.35927128792, 1.9355943203, 2.67696142197, 2.92249798775, 4.19295597076, 6.24259996414, 6.36017084122, 3.8719599247, 8.94034004211, 11.4076910019, 19.375831604, 35.4577484131, 23.2976016998, 26.4192276001, 11.5874118805, 28.0156211853, 32.5322303772, 39.5040054321, 16.4314403534, 12.3558120728, 17.7332706451, 26.7842922211, 38.2923660278, 30.6170463562, 19.7694587708, 10.1166305542, 13.1086969376, 17.6895046234, 8.66549015045, 5.6592040062, 4.05885744095, 2.59139442444, 1.42308056355, 0.746406674385, 0.102998547256, 0.00372506747954, 0.000172379586729, 5.28059681528e-05],
        "median": [0.556567192078, 1.56452393532, 0.352847367525, 0.208061411977, 0.420899450779, 0.651991903782, 1.18687856197, 0.80490809679, 0.701617836952, 1.69184327126, 4.61535215378, 3.85777616501, 8.04745006561, 9.21806144714, 5.97478342056, 6.41796588898, 5.24082612991, 8.68813896179, 13.0772743225, 12.8014383316, 6.67813682556, 4.06837558746, 6.95592737198, 15.5068159103, 14.9339542389, 15.5439462662, 4.62053060532, 2.64358997345, 4.20554971695, 7.07513666153, 3.22112607956, 1.09730494022, 0.678590357304, 0.37737467885, 0.175361961126, 0.0885680541396, 0.0167466104031, 0.000863594003022, 4.3807511247e-05, 3.75612507924e-05],
        "min": [0.00382161419839, 0.11176340282, 0.0177999231964, 0.00358311086893, 0.0104126296937, 0.0107101351023, 0.0126910097897, 0.0266382843256, 0.0266195368022, 0.101864926517, 0.175540283322, 0.106118544936, 0.122081816196, 0.0802150145173, 0.0516704805195, 0.0585255660117, 0.0589007399976, 0.104499034584, 0.152991205454, 0.0765597894788, 0.105871319771, 0.107215069234, 0.116861529648, 0.118783093989, 0.103889338672, 0.0845796391368, 0.0343562625349, 0.0410821251571, 0.0522872135043, 0.03779386729, 0.0193313341588, 0.00806187465787, 0.00851797033101, 0.0045238812454, 0.000995039357804, 0.000239162662183, 1.88048743439e-05, 1.1320402109e-06, 3.1930253499e-06, 4.9238410611e-06],
        "var": [0.350095659494, 9.57944869995, 27.0255393982, 41.9829368591, 33.8160896301, 42.2614364624, 97.2615737915, 389.791992188, 721.789367676, 46.7353668213, 238.920516968, 796.075500488, 1148.34985352, 3731.53588867, 1757.5916748, 3931.20336914, 305.479858398, 1680.07250977, 1858.0904541, 2877.49902344, 862.234558105, 716.090026855, 988.319213867, 1312.12524414, 3118.15527344, 2334.75952148, 1277.43103027, 543.409423828, 592.619812012, 784.384887695, 213.093383789, 156.304367065, 76.750793457, 36.4611053467, 11.5651626587, 3.63785624504, 0.054201208055, 6.59770230413e-05, 1.52398087039e-07, 2.76523115517e-09]
    },
    "gfcc": {
        "mean": [0.231331929564, 63.0453948975, -117.716079712, 51.7809791565, -50.174659729, 39.790397644, -19.9502220154, 26.9887428284, -16.072309494, 14.0760269165, -7.88302564621, 5.49147844315, -3.25592327118],
        "cov": [[3341.98535156, -1021.17260742, -385.400299072, 118.890953064, -271.512969971, 12.7377214432, -193.039550781, -288.119842529, -436.299499512, 11.8387708664, -246.425720215, 122.362915039, -129.76965332], [-1021.17260742, 1048.03894043, 57.5837173462, -53.0196647644, 232.673904419, -118.232727051, 111.435638428, -74.30027771, 81.8866577148, -140.193664551, 34.7332611084, -164.721435547, 2.32108259201], [-385.400299072, 57.5837173462, 889.796630859, -7.01575803757, -88.7245407104, -50.6294555664, -233.641876221, 71.816947937, -53.8777275085, -53.2877578735, -34.7583312988, -56.7865638733, -80.5567703247], [118.890953064, -53.0196647644, -7.01575803757, 165.616485596, 24.0143470764, -46.0450363159, -50.3604431152, -22.3921852112, 7.40648508072, -37.8785629272, -25.1274871826, -13.9162530899, 16.0548019409], [-271.512969971, 232.673904419, -88.7245407104, 24.0143470764, 212.388763428, -0.436378777027, 58.2239074707, -12.5602636337, 34.2761192322, -24.7761764526, -14.8966293335, -32.4487457275, 20.4854030609], [12.7377214432, -118.232727051, -50.6294555664, -46.0450363159, -0.436378777027, 204.793319702, 126.157653809, -11.9864645004, -17.3048591614, 24.9723110199, 20.8710365295, 3.01154994965, -3.95617365837], [-193.039550781, 111.435638428, -233.641876221, -50.3604431152, 58.2239074707, 126.157653809, 270.33795166, -20.7071151733, 23.3948326111, 19.4205532074, 49.0220298767, -5.51711034775, -2.57683253288], [-288.119842529, -74.30027771, 71.816947937, -22.3921852112, -12.5602636337, -11.9864645004, -20.7071151733, 176.646896362, 97.4975585938, 18.0330715179, 35.0640258789, 11.8525342941, 2.51288437843], [-436.299499512, 81.8866577148, -53.8777275085, 7.40648508072, 34.2761192322, -17.3048591614, 23.3948326111, 97.4975585938, 185.75100708, 21.3079051971, 59.6290931702, 4.09484958649, 49.0974388123], [11.8387708664, -140.193664551, -53.2877578735, -37.8785629272, -24.7761764526, 24.9723110199, 19.4205532074, 18.0330715179, 21.3079051971, 102.968894958, 34.5130386353, 33.1848831177, 10.371342659], [-246.425720215, 34.7332611084, -34.7583312988, -25.1274871826, -14.8966293335, 20.8710365295, 49.0220298767, 35.0640258789, 59.6290931702, 34.5130386353, 119.98613739, 29.4176998138, 15.990231514], [122.362915039, -164.721435547, -56.7865638733, -13.9162530899, -32.4487457275, 3.01154994965, -5.51711034775, 11.8525342941, 4.09484958649, 33.1848831177, 29.4176998138, 104.160240173, 18.3397045135], [-129.76965332, 2.32108259201, -80.5567703247, 16.0548019409, 20.4854030609, -3.95617365837, -2.57683253288, 2.51288437843, 49.0974388123, 10.371342659, 15.990231514, 18.3397045135, 103.995872498]],
        "icov": [[0.00107794522773, 0.0010567632271, 0.000760552764405, 0.000176333502168, 0.000329525442794, 0.00037727621384, 0.000644439249299, 0.00133395858575, 0.000849688833114, 0.000859348161612, 0.000627085450105, 0.000119415810332, 0.00121227523778], [0.0010567632271, 0.00727965077385, -0.000646106374916, 0.00591768790036, -0.00429078377783, 0.00647942489013, -0.00274282321334, 0.00669512385502, -0.00284908921458, 0.00804642774165, -0.00403728103265, 0.00686875917017, 0.000556182174478], [0.000760552764405, -0.000646106374916, 0.00275980308652, -0.000740246090572, 0.00145995349158, -0.00181030749809, 0.0032252271194, -0.00105052941944, 0.00183038786054, -0.000208494704566, 0.000833168451209, -0.000313473021379, 0.0020481988322], [0.000176333502168, 0.00591768790036, -0.000740246090572, 0.0129751572385, -0.00464950175956, 0.00612188270316, -0.00136082444806, 0.00651971949264, -0.00451648980379, 0.00909860432148, -0.00369219691493, 0.00651972880587, -0.000888202222995], [0.000329525442794, -0.00429078377783, 0.00145995349158, -0.00464950175956, 0.00953309237957, -0.00381695944816, 0.00106459413655, -0.0031332145445, 0.0016402984038, -0.00408457033336, 0.0049599558115, -0.00366007443517, -4.95558415423e-05], [0.00037727621384, 0.00647942489013, -0.00181030749809, 0.00612188270316, -0.00381695944816, 0.0138344075531, -0.00747040938586, 0.00542666297406, -0.00185634300578, 0.00602564727888, -0.00399670843035, 0.00654731551185, -0.00132391427178], [0.000644439249299, -0.00274282321334, 0.0032252271194, -0.00136082444806, 0.00106459413655, -0.00747040938586, 0.0109977992252, -0.00123974669259, 0.00151371769607, -0.00241511664353, 9.88297397271e-05, -0.00214074039832, 0.00327087147161], [0.00133395858575, 0.00669512385502, -0.00105052941944, 0.00651971949264, -0.0031332145445, 0.00542666297406, -0.00123974669259, 0.0159775391221, -0.00821040663868, 0.00711785908788, -0.00314936437644, 0.00473314709961, 0.00291761313565], [0.000849688833114, -0.00284908921458, 0.00183038786054, -0.00451648980379, 0.0016402984038, -0.00185634300578, 0.00151371769607, -0.00821040663868, 0.0144965508953, -0.00457996875048, -0.0005576244439, -0.00197785859928, -0.00287154410034], [0.000859348161612, 0.00804642774165, -0.000208494704566, 0.00909860432148, -0.00408457033336, 0.00602564727888, -0.00241511664353, 0.00711785908788, -0.00457996875048, 0.0220101214945, -0.00679136253893, 0.00548818148673, 0.000172178682988], [0.000627085450105, -0.00403728103265, 0.000833168451209, -0.00369219691493, 0.0049599558115, -0.00399670843035, 9.88297397271e-05, -0.00314936437644, -0.0005576244439, -0.00679136253893, 0.0164714474231, -0.0077452827245, 0.000811282894574], [0.000119415810332, 0.00686875917017, -0.000313473021379, 0.00651972880587, -0.00366007443517, 0.00654731551185, -0.00214074039832, 0.00473314709961, -0.00197785859928, 0.00548818148673, -0.0077452827245, 0.0199801977724, -0.00239716796204], [0.00121227523778, 0.000556182174478, 0.0020481988322, -0.000888202222995, -4.95558415423e-05, -0.00132391427178, 0.00327087147161, 0.00291761313565, -0.00287154410034, 0.000172178682988, 0.000811282894574, -0.00239716796204, 0.0144462147728]]
    },
    "melbands": {
        "dmean": [0.00162061722949, 0.00110619515181, 0.000456611451227, 0.00019624773995, 0.000119768694276, 0.000181460636668, 0.000112264191557, 3.31508817908e-05, 5.7043889683e-05, 6.06631801929e-05, 5.06786418555e-05, 5.05603966303e-05, 3.91190151277e-05, 3.32067684212e-05, 2.3904376576e-05, 1.08183457996e-05, 3.55946358468e-05, 2.05014312087e-05, 3.87688123737e-05, 1.82470412255e-05, 1.0001960618e-05, 9.15003329283e-06, 8.71905285749e-06, 1.09959064503e-05, 1.27171979329e-05, 1.5499199435e-05, 1.45908261402e-05, 1.20294707813e-05, 8.6075915533e-06, 5.3187022786e-06, 4.81211418446e-06, 4.75061779071e-06, 6.6282473199e-06, 5.81572294323e-06, 3.75791296392e-06, 2.73964656117e-06, 3.42153634847e-06, 2.38664074459e-06, 2.485296136e-06, 1.89688580576e-06],
        "dmean2": [0.00229015736841, 0.00177190836985, 0.000798200373538, 0.000302885164274, 0.000182277071872, 0.000315732700983, 0.000195818938664, 5.42025227332e-05, 9.42094920902e-05, 9.86295708572e-05, 7.36836809665e-05, 7.1846487117e-05, 5.67361603316e-05, 4.79491827718e-05, 3.52145762008e-05, 1.60515519383e-05, 5.74562800466e-05, 3.12943193421e-05, 6.2871062255e-05, 2.74688500213e-05, 1.49308971231e-05, 1.36224325615e-05, 1.34392530526e-05, 1.67671823874e-05, 2.04696370929e-05, 2.40045974351e-05, 2.19797402679e-05, 1.8427032046e-05, 1.25811229736e-05, 8.06457137514e-06, 6.9383418122e-06, 6.77204161548e-06, 9.80805180006e-06, 8.54832342156e-06, 5.51209814148e-06, 4.1145567593e-06, 5.22625668964e-06, 3.52117513103e-06, 3.66874610336e-06, 2.94354731523e-06],
        "dvar": [9.808233699e-06, 5.88720240557e-06, 1.68914868937e-06, 1.83794412578e-07, 9.43666975672e-08, 2.89031675038e-07, 1.80239098313e-07, 7.09607617111e-09, 1.7485669801e-08, 3.2301901598e-08, 1.11573772443e-08, 1.53033994366e-08, 8.85827233787e-09, 9.46411216063e-09, 3.88600351897e-09, 1.0637938308e-09, 4.01968369701e-09, 1.65582614287e-09, 5.78688297281e-09, 1.65390823259e-09, 5.17408116352e-10, 5.68545044377e-10, 4.33028363167e-10, 4.81772233218e-10, 6.53434528708e-10, 7.14145798053e-10, 6.44716224851e-10, 6.17266848746e-10, 3.4465308385e-10, 1.72271544252e-10, 1.40345179922e-10, 1.02613570419e-10, 2.0493447217e-10, 1.20950971461e-10, 5.16513255777e-11, 3.06576257436e-11, 6.1749140523e-11, 2.55455951531e-11, 2.96304959735e-11, 2.26623494276e-11],
        "dvar2": [2.03259751288e-05, 1.35336395033e-05, 4.62999787487e-06, 4.33372406405e-07, 2.2038354075e-07, 7.41860105791e-07, 4.65122184323e-07, 1.77838810345e-08, 4.52035280318e-08, 8.25703097007e-08, 2.01070680106e-08, 3.07420577883e-08, 1.86611206487e-08, 1.93258760106e-08, 8.81309691891e-09, 2.1826804808e-09, 1.03225525905e-08, 3.89053811389e-09, 1.54362211902e-08, 3.51666340492e-09, 1.05550002072e-09, 1.29680965966e-09, 1.02050945472e-09, 1.10222642125e-09, 1.70781333519e-09, 1.58432145181e-09, 1.40766676093e-09, 1.46805667622e-09, 6.76046496562e-10, 3.1187938343e-10, 2.91374618877e-10, 1.75013420423e-10, 4.47285930516e-10, 2.57143278892e-10, 1.07957497109e-10, 6.20389573047e-11, 1.37625078001e-10, 5.27473689726e-11, 6.43209582818e-11, 5.4062549576e-11],
        "max": [0.029747987166, 0.0268084220588, 0.0103573957458, 0.00378600577824, 0.00422515999526, 0.00446405773982, 0.00394989037886, 0.0015631330898, 0.00160403747577, 0.00251757842489, 0.00151933392044, 0.00172041379847, 0.00193823652808, 0.00163308496121, 0.00113556487486, 0.000827925337944, 0.000721371092368, 0.000718840281479, 0.00137578346767, 0.000447351922048, 0.000391996640246, 0.00039523866144, 0.000309575465508, 0.000225584255531, 0.00029131071642, 0.000428412633482, 0.000365122890798, 0.000255080172792, 0.000226850519539, 0.000115041621029, 0.000147163082147, 9.93815483525e-05, 0.000155079702381, 0.000141886339406, 7.14724810678e-05, 4.49941326224e-05, 7.11815664545e-05, 5.33477068529e-05, 6.26135224593e-05, 7.01620156178e-05],
        "mean": [0.00527057610452, 0.00202770973556, 0.000365730724297, 0.000206921977224, 0.000140648233355, 0.00014688448573, 8.77627535374e-05, 4.54163782706e-05, 7.64200813137e-05, 7.30418469175e-05, 9.06209534151e-05, 0.000129990439746, 9.1845933639e-05, 6.34056486888e-05, 5.40934852324e-05, 1.70617295225e-05, 5.91039934079e-05, 3.56125456165e-05, 8.80790539668e-05, 2.90354946628e-05, 1.66832433024e-05, 1.368338053e-05, 1.29136888063e-05, 1.71957071871e-05, 2.07979337574e-05, 3.11528419843e-05, 2.49102613452e-05, 1.86322795344e-05, 1.52376442202e-05, 6.65006155032e-06, 5.57533348911e-06, 6.6147290454e-06, 1.00400120573e-05, 9.44653129409e-06, 5.22134314451e-06, 3.45064768226e-06, 3.46811816598e-06, 2.69327961178e-06, 2.69915676654e-06, 2.05055289371e-06],
        "median": [0.00463437894359, 0.000821047462523, 4.44557517767e-05, 3.86777173844e-05, 4.26509504905e-05, 1.99076748686e-05, 1.00965607999e-05, 1.98420930246e-05, 3.66799358744e-05, 2.19198591367e-05, 3.27583838953e-05, 3.12674310408e-05, 1.86253746506e-05, 1.52691354742e-05, 1.21660532386e-05, 7.16061276762e-06, 1.5216812244e-05, 1.53305336426e-05, 1.78018181032e-05, 8.65270158101e-06, 5.68132873013e-06, 3.98517522626e-06, 3.5904527067e-06, 7.85083011579e-06, 1.00277311503e-05, 6.76757144902e-06, 1.14534886961e-05, 8.11620338936e-06, 2.73426985586e-06, 1.41884390814e-06, 1.19307105706e-06, 1.90602963812e-06, 3.231524488e-06, 3.58226611752e-06, 1.84008797532e-06, 9.60071929512e-07, 4.9261109325e-07, 4.60111664324e-07, 4.00637929943e-07, 2.76461975091e-07],
        "min": [5.84061417612e-05, 7.62278286857e-05, 4.78716287944e-07, 5.23347580383e-07, 4.48138962383e-07, 5.54215489501e-07, 2.89059357783e-07, 9.16607689305e-07, 9.97182041829e-07, 2.46692565042e-07, 3.72570355012e-07, 2.37305684436e-07, 1.75609741859e-07, 1.88310067983e-07, 1.42678658221e-07, 5.51676677674e-08, 1.68471771644e-07, 2.11895681446e-07, 1.86837397109e-07, 5.5220866102e-08, 9.62179314001e-08, 6.7698231021e-08, 2.89798922637e-08, 1.04229727071e-07, 7.58169562687e-08, 5.39277813516e-08, 7.14290067094e-08, 4.75111399112e-08, 1.51049981412e-08, 1.08136122279e-08, 2.63122812427e-09, 1.99765892717e-08, 2.5883858612e-08, 1.19803411636e-08, 7.7026678369e-09, 6.91331347724e-09, 1.14396514483e-09, 3.33162786248e-09, 8.8633789197e-10, 2.75445499742e-10],
