{
"highlevel": {
    "danceability": {
        "all": {
            "danceable": 0.515401244164,
            "not_danceable": 0.484598755836
        },
        "probability": 0.515401244164,
        "value": "danceable"
    },
    "gender": {
        "all": {
            "female": 0.871879637241,
            "male": 0.128120347857
        },
        "probability": 0.871879637241,
        "value": "female"
    },
    "genre_dortmund": {
        "all": {
            "alternative": 0.184032171965,
            "blues": 0.0384387150407,
            "electronic": 0.0182938612998,
            "folkcountry": 0.329301446676,
            "funksoulrnb": 0.0139069426805,
            "jazz": 0.213029190898,
            "pop": 0.0447393655777,
            "raphiphop": 0.00293695926666,
            "rock": 0.155321329832
        },
        "probability": 0.329301446676,
        "value": "folkcountry"
    },
    "genre_electronic": {
        "all": {
            "ambient": 0.871727108955,
            "dnb": 0.0310281459242,
            "house": 0.0771449804306,
            "techno": 0.00377679779194,
            "trance": 0.0163229815662
        },
        "probability": 0.871727108955,
        "value": "ambient"
    },
    "genre_rosamerica": {
        "all": {
            "cla": 0.0515842922032,
            "dan": 0.00390781927854,
            "hip": 0.00430242251605,
            "jaz": 0.606904327869,
            "pop": 0.161346718669,
            "rhy": 0.0746442526579,
            "roc": 0.0717110410333,
            "spe": 0.0255991015583
        },
        "probability": 0.606904327869,
        "value": "jaz"
    },
    "genre_tzanetakis": {
        "all": {
            "blu": 0.0626541376114,
            "cla": 0.0348133966327,
            "cou": 0.0783501937985,
            "dis": 0.104547761381,
            "hip": 0.15693578124,
            "jaz": 0.313987255096,
            "met": 0.044816005975,
            "pop": 0.0627349764109,
            "reg": 0.0627352520823,
            "roc": 0.0784252434969
        },
        "probability": 0.313987255096,
        "value": "jaz"
    },
    "ismir04_rhythm": {
        "all": {
            "ChaChaCha": 0.0809398517013,
            "Jive": 0.0135395536199,
            "Quickstep": 0.204799741507,
            "Rumba-American": 0.0432079285383,
            "Rumba-International": 0.0613881833851,
            "Rumba-Misc": 0.0258101709187,
            "Samba": 0.0150093333796,
            "Tango": 0.0945299491286,
            "VienneseWaltz": 0.367485404015,
            "Waltz": 0.0932898893952
        },
        "probability": 0.367485404015,
        "value": "VienneseWaltz"
    },
    "mood_acoustic": {
        "all": {
            "acoustic": 0.785919010639,
            "not_acoustic": 0.21408097446
        },
        "probability": 0.785919010639,
        "value": "acoustic"
    },
    "mood_aggressive": {
        "all": {
            "aggressive": 0.122889757156,
            "not_aggressive": 0.877110242844
        },
        "probability": 0.877110242844,
        "value": "not_aggressive"
    },
    "mood_electronic": {
        "all": {
            "electronic": 0.261672079563,
            "not_electronic": 0.738327920437
        },
        "probability": 0.738327920437,
        "value": "not_electronic"
    },
    "mood_happy": {
        "all": {
            "happy": 0.441112190485,
            "not_happy": 0.558887779713
        },
        "probability": 0.558887779713,
        "value": "not_happy"
    },
    "mood_party": {
        "all": {
            "not_party": 0.990947365761,
            "party": 0.00905262678862
        },
        "probability": 0.990947365761,
        "value": "not_party"
    },
    "mood_relaxed": {
        "all": {
            "not_relaxed": 0.00396569119766,
            "relaxed": 0.996034324169
        },
        "probability": 0.996034324169,
        "value": "relaxed"
    },
    "mood_sad": {
        "all": {
            "not_sad": 0.0686775073409,
            "sad": 0.931322515011
        },
        "probability": 0.931322515011,
        "value": "sad"
    },
    "moods_mirex": {
        "all": {
            "Cluster1": 0.152664482594,
            "Cluster2": 0.118564255536,
            "Cluster3": 0.519955873489,
            "Cluster4": 0.119649715722,
            "Cluster5": 0.0891656950116
        },
        "probability": 0.519955873489,
        "value": "Cluster3"
    },
    "timbre": {
        "all": {
            "bright": 0.433235645294,
            "dark": 0.566764354706
        },
        "probability": 0.566764354706,
        "value": "dark"
    },
    "tonal_atonal": {
        "all": {
            "atonal": 0.0100666955113,
            "tonal": 0.989933311939
        },
        "probability": 0.989933311939,
        "value": "tonal"
    },
    "voice_instrumental": {
        "all": {
            "instrumental": 0.0956478714943,
            "voice": 0.904352128506
        },
        "probability": 0.904352128506,
        "value": "voice"
    }
},
"lowlevel": {
    "average_loudness": 0.955396771431,
    "barkbands_crest": {
        "dmean": 2.05597853661,
        "dmean2": 3.26942920685,
        "dvar": 3.48566174507,
        "dvar2": 8.29636669159,
        "max": 22.9036617279,
        "mean": 9.85248088837,
        "median": 9.37895679474,
        "min": 3.47704911232,
        "var": 9.48265457153
    },
    "barkbands_flatness_db": {
        "dmean": 0.0204831548035,
        "dmean2": 0.0302489865571,
        "dvar": 0.000331336865202,
        "dvar2": 0.000660976627842,
        "max": 0.433363437653,
        "mean": 0.236051857471,
        "median": 0.214921563864,
        "min": 0.104929417372,
        "var": 0.00525013264269
    },
    "barkbands_kurtosis": {
        "dmean": 1.92495203018,
        "dmean2": 2.94454574585,
        "dvar": 5.29798936844,
        "dvar2": 13.3619117737,
        "max": 32.7751045227,
        "mean": 3.41925430298,
        "median": 2.08701086044,
        "min": -1.48718202114,
        "var": 16.262752533
    },
    "barkbands_skewness": {
        "dmean": 0.406820803881,
        "dmean2": 0.613294184208,
        "dvar": 0.131427466869,
        "dvar2": 0.313717335463,
        "max": 3.8552877903,
        "mean": 1.19135034084,
        "median": 1.13423287868,
        "min": -1.17406451702,
        "var": 0.645487189293
    },
    "barkbands_spread": {
        "dmean": 2.22182893753,
        "dmean2": 3.30504608154,
        "dvar": 7.10124731064,
        "dvar2": 13.7261180878,
        "max": 44.9161949158,
        "mean": 10.7594871521,
        "median": 8.73688697815,
        "min": 1.68555140495,
        "var": 44.2417144775
    },
    "dissonance": {
        "dmean": 0.0395829565823,
        "dmean2": 0.0661600530148,
        "dvar": 0.00116413866635,
        "dvar2": 0.0032231665682,
        "max": 0.499507695436,
        "mean": 0.404312700033,
        "median": 0.412204563618,
        "min": 0.167415246367,
        "var": 0.00304620503448
    },
    "dynamic_complexity": 2.00043344498,
    "erbbands_crest": {
        "dmean": 3.41182327271,
        "dmean2": 5.25158214569,
        "dvar": 8.34476852417,
        "dvar2": 19.8035526276,
        "max": 30.4416484833,
        "mean": 13.3450946808,
        "median": 12.5218734741,
        "min": 4.81459665298,
        "var": 25.5114459991
    },
    "erbbands_flatness_db": {
        "dmean": 0.0184733830392,
        "dmean2": 0.0259978864342,
        "dvar": 0.000310039584292,
        "dvar2": 0.00060604524333,
        "max": 0.42441791296,
        "mean": 0.247903391719,
        "median": 0.233456835151,
        "min": 0.124755188823,
        "var": 0.00424690777436
    },
    "erbbands_kurtosis": {
        "dmean": 1.66775560379,
        "dmean2": 2.57417654991,
        "dvar": 3.77496552467,
        "dvar2": 8.64587593079,
        "max": 22.1368770599,
        "mean": 2.75992584229,
        "median": 2.10388231277,
        "min": -1.54513549805,
        "var": 9.787525177
    },
    "erbbands_skewness": {
        "dmean": 0.409780025482,
        "dmean2": 0.616523623466,
        "dvar": 0.129713058472,
        "dvar2": 0.283631026745,
        "max": 3.62247562408,
        "mean": 0.817038118839,
        "median": 0.788006603718,
        "min": -1.79277765751,
        "var": 0.654958128929
    },
    "erbbands_spread": {
        "dmean": 4.71361112595,
        "dmean2": 6.91182947159,
        "dvar": 35.4559135437,
        "dvar2": 69.7882385254,
        "max": 105.549423218,
        "mean": 19.4736671448,
        "median": 15.970454216,
        "min": 2.37724375725,
        "var": 161.017807007
    },
    "hfc": {
        "dmean": 3.9050052166,
        "dmean2": 5.50548315048,
        "dvar": 18.9280109406,
        "dvar2": 37.7392158508,
        "max": 66.9334564209,
        "mean": 17.1595458984,
        "median": 14.8106832504,
        "min": 0.894069135189,
        "var": 123.915786743
    },
    "melbands_crest": {
        "dmean": 2.70416212082,
        "dmean2": 4.31367874146,
        "dvar": 6.40838527679,
        "dvar2": 14.6065750122,
        "max": 29.0966682434,
        "mean": 13.9470586777,
        "median": 12.9811544418,
        "min": 5.37357568741,
        "var": 24.4303703308
    },
    "melbands_flatness_db": {
        "dmean": 0.0228524301201,
        "dmean2": 0.0317647829652,
        "dvar": 0.000433479610365,
        "dvar2": 0.00077392073581,
        "max": 0.531942903996,
        "mean": 0.305674672127,
        "median": 0.282960504293,
        "min": 0.131783038378,
        "var": 0.00865695811808
    },
    "melbands_kurtosis": {
        "dmean": 2.89564466476,
        "dmean2": 4.483294487,
        "dvar": 15.8254013062,
        "dvar2": 37.2341995239,
        "max": 69.2367248535,
        "mean": 5.7250494957,
        "median": 3.82466602325,
        "min": -1.61497950554,
        "var": 41.9129562378
    },
    "melbands_skewness": {
        "dmean": 0.465613394976,
        "dmean2": 0.706658661366,
        "dvar": 0.19945679605,
        "dvar2": 0.436236649752,
        "max": 7.31633758545,
        "mean": 1.5453107357,
        "median": 1.46334719658,
        "min": -1.10105526447,
        "var": 0.911998808384
    },
    "melbands_spread": {
        "dmean": 2.65163946152,
        "dmean2": 3.95346498489,
        "dvar": 9.02354431152,
        "dvar2": 19.5778903961,
        "max": 48.9773216248,
        "mean": 13.1041307449,
        "median": 11.0021905899,
        "min": 2.0783727169,
        "var": 54.0628089905
    },
    "pitch_salience": {
        "dmean": 0.062184613198,
        "dmean2": 0.0977316200733,
        "dvar": 0.00303885992616,
        "dvar2": 0.00745199108496,
        "max": 0.822420656681,
        "mean": 0.511790812016,
        "median": 0.510226070881,
        "min": 0.218622282147,
        "var": 0.00920213758945
    },
    "silence_rate_20dB": {
        "dmean": 0,
        "dmean2": 0,
        "dvar": 0,
        "dvar2": 0,
        "max": 1,
        "mean": 1,
        "median": 1,
        "min": 1,
        "var": 0
    },
    "silence_rate_30dB": {
        "dmean": 0,
        "dmean2": 0,
        "dvar": 0,
        "dvar2": 0,
        "max": 1,
        "mean": 1,
        "median": 1,
        "min": 1,
        "var": 0
    },
    "silence_rate_60dB": {
        "dmean": 0.00154798757285,
        "dmean2": 0.00309837330133,
        "dvar": 0.00154558650684,
        "dvar2": 0.00463793473318,
        "max": 1,
        "mean": 0.00077339517884,
        "median": 0,
        "min": 0,
        "var": 0.000772796280216
    },
    "spectral_centroid": {
        "dmean": 94.2144851685,
        "dmean2": 135.358627319,
        "dvar": 13235.7412109,
        "dvar2": 24381.4570312,
        "max": 2019.75964355,
        "mean": 675.940490723,
        "median": 595.602783203,
        "min": 226.900863647,
        "var": 89987.6640625
    },
    "spectral_complexity": {
        "dmean": 1.96207427979,
        "dmean2": 3.15336942673,
        "dvar": 3.05197405815,
        "dvar2": 7.27004432678,
        "max": 31,
        "mean": 13.4617166519,
        "median": 13,
        "min": 4,
        "var": 19.5896339417
    },
    "spectral_decrease": {
        "dmean": 1.80257453408e-09,
        "dmean2": 2.70727396057e-09,
        "dvar": 3.23848923274e-18,
        "dvar2": 7.13343354909e-18,
        "max": -5.36644451099e-10,
        "mean": -8.35208435745e-09,
        "median": -7.725875939e-09,
        "min": -2.62460098099e-08,
        "var": 1.51819753555e-17
    },
    "spectral_energy": {
        "dmean": 0.00708888797089,
        "dmean2": 0.0106246806681,
        "dvar": 5.02517141285e-05,
        "dvar2": 0.000109737411549,
        "max": 0.103090122342,
        "mean": 0.0330791212618,
        "median": 0.0304927974939,
        "min": 0.00210651382804,
        "var": 0.000240568260779
    },
    "spectral_energyband_high": {
        "dmean": 8.38247433421e-05,
        "dmean2": 0.000115150542115,
        "dvar": 2.30584564775e-08,
        "dvar2": 4.01579285381e-08,
        "max": 0.00327178416774,
        "mean": 0.000232793681789,
        "median": 7.63003699831e-05,
        "min": 5.38532098915e-08,
        "var": 1.31948510784e-07
    },
    "spectral_energyband_low": {
        "dmean": 0.00288926507346,
        "dmean2": 0.00476895878091,
        "dvar": 8.22345646156e-06,
        "dvar2": 2.28204462474e-05,
        "max": 0.0261757411063,
        "mean": 0.00934046506882,
        "median": 0.00979342032224,
        "min": 4.21379954787e-05,
        "var": 2.94797828246e-05
    },
    "spectral_energyband_middle_high": {
        "dmean": 0.00140354258474,
        "dmean2": 0.00203617080115,
        "dvar": 4.47881438959e-06,
        "dvar2": 9.79235846899e-06,
        "max": 0.0351721011102,
        "mean": 0.00409893365577,
        "median": 0.00213529169559,
        "min": 4.40495314251e-05,
        "var": 2.46911404247e-05
    },
    "spectral_energyband_middle_low": {
        "dmean": 0.00597704807296,
        "dmean2": 0.00880292616785,
        "dvar": 4.85129203298e-05,
        "dvar2": 0.000107960309833,
        "max": 0.0974086076021,
        "mean": 0.0218432489783,
        "median": 0.0184475202113,
        "min": 0.00130568060558,
        "var": 0.000197374989511
    },
    "spectral_entropy": {
        "dmean": 0.170092135668,
        "dmean2": 0.243616700172,
        "dvar": 0.0269969049841,
        "dvar2": 0.0495531372726,
        "max": 7.85794782639,
        "mean": 6.56181192398,
        "median": 6.63091087341,
        "min": 5.24523067474,
        "var": 0.262720137835
    },
    "spectral_flux": {
        "dmean": 0.0198381319642,
        "dmean2": 0.0309958364815,
        "dvar": 0.000300923682516,
        "dvar2": 0.000709186599124,
        "max": 0.235698416829,
        "mean": 0.0780068263412,
        "median": 0.0751036331058,
        "min": 0.0165878403932,
        "var": 0.000960725999903
    },
    "spectral_kurtosis": {
        "dmean": 9.25916385651,
        "dmean2": 16.0145893097,
        "dvar": 186.686660767,
        "dvar2": 544.897705078,
        "max": 129.518569946,
        "mean": 21.4314098358,
        "median": 11.0899085999,
        "min": -1.04146194458,
        "var": 534.485107422
    },
    "spectral_rms": {
        "dmean": 0.000610675953794,
        "dmean2": 0.000909427006263,
        "dvar": 2.96866119243e-07,
        "dvar2": 6.23763980911e-07,
        "max": 0.0100287450477,
        "mean": 0.00552103668451,
        "median": 0.00545427110046,
        "min": 0.00143357436173,
        "var": 1.79044661763e-06
    },
    "spectral_rolloff": {
        "dmean": 140.015548706,
        "dmean2": 242.102142334,
        "dvar": 78912.1171875,
        "dvar2": 191661.265625,
        "max": 4823.4375,
        "mean": 777.291992188,
        "median": 645.99609375,
        "min": 129.19921875,
        "var": 188015.296875
    },
    "spectral_skewness": {
        "dmean": 0.633335530758,
        "dmean2": 1.06008434296,
        "dvar": 0.579414606094,
        "dvar2": 1.67726838589,
        "max": 8.84836769104,
        "mean": 3.11586308479,
        "median": 2.69058275223,
        "min": 0.285600751638,
        "var": 2.07234144211
    },
    "spectral_spread": {
        "dmean": 439272.625,
        "dmean2": 644779.25,
        "dvar": 449591377920,
        "dvar2": 655219425280,
        "max": 16700615,
        "mean": 2856403.25,
        "median": 2821804.5,
        "min": 525979.125,
        "var": 2.42007906714e+12
    },
    "spectral_strongpeak": {
        "dmean": 0.632182776928,
        "dmean2": 1.05254340172,
        "dvar": 0.825237095356,
        "dvar2": 1.82595741749,
        "max": 8.69190120697,
        "mean": 1.29830777645,
        "median": 0.725973010063,
        "min": 0.0568938888609,
        "var": 1.63263046741
    },
    "zerocrossingrate": {
        "dmean": 0.00462506664917,
        "dmean2": 0.0054508978501,
        "dvar": 2.36853684328e-05,
        "dvar2": 3.08489507006e-05,
        "max": 0.11572265625,
        "mean": 0.0326948277652,
        "median": 0.029296875,
        "min": 0.00634765625,
        "var": 0.000252391793765
    },
    "barkbands": {
        "dmean": [2.68653457169e-05, 0.00143101206049, 0.00142404099461, 0.00130625243764, 0.00169761572033, 0.00180172699038, 0.00183364853729, 0.00215762900189, 0.00188995734788, 0.000666276202537, 0.000268250965746, 0.000293466640869, 0.000291008822387, 0.000288433890091, 0.000265480135567, 0.000160753741511, 9.6113064501e-05, 9.21734317672e-05, 3.29182694259e-05, 2.11045098695e-05, 1.8475448087e-05, 2.4035172828e-05, 2.13679286389e-05, 2.83485915133e-05, 6.40952839603e-06, 1.24258656342e-06, 1.21258569852e-09],
        "dmean2": [4.60200935777e-05, 0.00238063232973, 0.00236116256565, 0.00208033132367, 0.00258203223348, 0.00282589904964, 0.0026049176231, 0.00325889303349, 0.00272843148559, 0.000975075468887, 0.000398035015678, 0.000424746947829, 0.000441633950686, 0.000429897598224, 0.000401000579586, 0.000245857343543, 0.000135182403028, 0.000130222178996, 4.91465470986e-05, 3.18079946737e-05, 2.74223002634e-05, 3.44977306668e-05, 3.23542044498e-05, 4.14144233218e-05, 9.82827350526e-06, 1.98741372515e-06, 2.21893659003e-09],
        "dvar": [1.79910264464e-09, 4.53363236375e-06, 2.76116043096e-06, 3.47782270183e-06, 8.61942680785e-06, 1.29085965455e-05, 8.68011466082e-06, 1.23321169667e-05, 1.05624121716e-05, 1.32597267566e-06, 2.74139381418e-07, 1.74967397015e-06, 8.79476772297e-07, 1.22491076127e-06, 3.88066069945e-07, 1.74619046334e-07, 1.70633583707e-07, 4.95819776347e-08, 7.18406889533e-09, 2.63069388495e-09, 2.581869607e-09, 3.34270899849e-09, 1.86500503929e-09, 2.67994537673e-09, 1.39867298299e-10, 5.76950509937e-12, 3.82763849107e-18],
        "dvar2": [4.82827156034e-09, 1.20978056657e-05, 7.49035780245e-06, 8.88650356501e-06, 1.87163859664e-05, 3.19138052873e-05, 1.68206679518e-05, 2.78908682958e-05, 1.78037116711e-05, 2.9294064916e-06, 5.94542768795e-07, 4.09690983361e-06, 1.88411354429e-06, 2.70958844339e-06, 8.43814348173e-07, 3.84727030678e-07, 3.09897899342e-07, 8.2687563463e-08, 1.67952496355e-08, 5.60979840358e-09, 5.11992270802e-09, 6.98264601695e-09, 3.67623154141e-09, 5.60380764014e-09, 3.30478672206e-10, 1.41561701597e-11, 9.94725218445e-18],
        "max": [0.000530829769559, 0.0201704204082, 0.0187893211842, 0.0208883583546, 0.0546856746078, 0.0563811436296, 0.0423654131591, 0.0417937748134, 0.0767480060458, 0.0198533385992, 0.00791619159281, 0.0293944124132, 0.0256737247109, 0.0180312022567, 0.0116983475164, 0.006084212102, 0.00841995701194, 0.0036793819163, 0.00139150279574, 0.00095574487932, 0.000862451852299, 0.0011138782138, 0.000811801990494, 0.000873091747053, 0.000163967604749, 3.85310413549e-05, 2.75325700017e-08],
        "mean": [2.93959947157e-05, 0.00317955529317, 0.00395260052755, 0.00315644335933, 0.00340867880732, 0.00319640804082, 0.00370190711692, 0.00421410426497, 0.00370066799223, 0.00131802086253, 0.000435590598499, 0.000492059160024, 0.000559942505788, 0.000437428388977, 0.000424861180363, 0.000247595831752, 0.000158263734193, 0.000169531151187, 5.70847805648e-05, 3.98113334086e-05, 3.68016444554e-05, 4.43168937636e-05, 4.17567862314e-05, 6.26794426353e-05, 1.13758715088e-05, 2.28237786359e-06, 9.69018199015e-10],
        "median": [1.23758800328e-05, 0.000981175224297, 0.00317383045331, 0.00136545160785, 0.00174009811599, 0.00168375147041, 0.0014381785877, 0.00225356896408, 0.00174400873948, 0.000449827814009, 0.000149006693391, 0.000102390404209, 0.000107095584099, 6.97198047419e-05, 0.00014022058167, 6.41577280476e-05, 2.37560361711e-05, 2.761394353e-05, 1.65970723174e-05, 8.46013244882e-06, 4.3133914005e-06, 7.15483020031e-06, 9.12643827178e-06, 1.04745331555e-05, 3.33175762535e-06, 5.72870305859e-07, 3.50488860157e-10],
        "min": [1.23850849576e-08, 1.81912264452e-06, 6.96967072145e-06, 3.73361694983e-06, 1.39044423122e-05, 7.70873339206e-06, 6.11195673628e-06, 3.78618351533e-05, 2.7127112844e-05, 2.32890511143e-06, 1.13821454306e-06, 4.01648463821e-07, 8.01404326012e-07, 8.4712894477e-07, 8.33854016946e-07, 7.13063400326e-07, 4.06346089221e-07, 1.76585999156e-07, 7.13218000215e-08, 2.94857347427e-08, 4.7516883761e-09, 1.08103712648e-08, 5.3816977541e-09, 6.30373486743e-09, 2.83805312584e-10, 8.91958642363e-12, 1.21413339452e-11],
        "var": [2.17213469433e-09, 1.92131137737e-05, 1.2647839867e-05, 1.45434942169e-05, 2.45896244451e-05, 2.20050587814e-05, 3.39016696671e-05, 2.96744783554e-05, 3.82245598303e-05, 5.36786274097e-06, 6.42345582946e-07, 3.50461755261e-06, 3.77018750441e-06, 2.13166026697e-06, 8.53918095345e-07, 3.63310959983e-07, 4.04955500244e-07, 1.5675921361e-07, 1.43245131312e-08, 7.59063123468e-09, 9.0299492328e-09, 1.03584874012e-08, 6.15039841279e-09, 1.16986935694e-08, 3.64165197997e-10, 1.39760251983e-11, 3.30399407904e-18]
    },
    "erbbands": {
        "dmean": [0.0189951788634, 0.392090350389, 1.3733433485, 3.40186858177, 3.00007104874, 6.81458377838, 13.3688468933, 14.8464984894, 17.4639434814, 44.9109649658, 42.2735290527, 52.2547225952, 14.6110572815, 19.325548172, 9.15909004211, 14.1931266785, 14.2594814301, 14.4041290283, 11.1819753647, 13.9880647659, 6.2495265007, 3.54162669182, 4.13042974472, 3.54780125618, 0.763950943947, 0.860989034176, 0.953602910042, 0.672668099403, 0.723196208477, 1.04764044285, 0.471427172422, 0.688592374325, 0.390210151672, 0.116829104722, 0.0194421131164, 0.00892761535943, 0.0017320655752, 0.000133553301566, 5.01820568388e-06, 8.01621445135e-06],
        "dmean2": [0.0318816900253, 0.652786970139, 2.28097105026, 5.37795066833, 4.68879127502, 10.4046869278, 20.231710434, 23.6465854645, 25.4265079498, 66.508392334, 62.6611289978, 77.0341033936, 20.5488872528, 29.6749153137, 13.6789236069, 20.9400978088, 20.510843277, 21.1566162109, 16.650598526, 21.6236133575, 8.79783630371, 5.29845237732, 5.73529195786, 5.13106441498, 1.12905335426, 1.32751405239, 1.33497619629, 1.03804850578, 1.00949239731, 1.53662264347, 0.71916359663, 1.00061416626, 0.561349213123, 0.176287636161, 0.0290111955255, 0.0137825012207, 0.00273514725268, 0.000216804735828, 7.60154716772e-06, 1.19694232126e-05],
        "dvar": [0.00068911537528, 0.341231554747, 2.53466486931, 20.1363658905, 20.8125076294, 193.893707275, 549.470031738, 1194.4864502, 1184.71887207, 5521.22119141, 5072.40576172, 8081.50390625, 664.362426758, 1457.86254883, 296.701660156, 4368.62792969, 1999.00488281, 3485.5456543, 1008.80310059, 1134.46801758, 337.488555908, 217.997436523, 159.436355591, 78.9509887695, 1.88358974457, 4.20741271973, 5.46352529526, 4.2382569313, 4.30054998398, 5.72423505783, 0.932268917561, 2.03695988655, 0.498177021742, 0.0456407628953, 0.00123414373957, 0.000301067397231, 1.2579349459e-05, 7.24477473568e-08, 2.94791205335e-11, 6.35278080141e-11],
        "dvar2": [0.00180071254726, 0.914869427681, 7.10791492462, 49.6008720398, 46.6594924927, 433.586853027, 1280.01403809, 2967.97412109, 2561.00708008, 11541.9345703, 11671.7138672, 14252.6845703, 1274.70898438, 3526.23632812, 637.791748047, 10238.9570312, 3764.25219727, 7770.72363281, 2059.37841797, 2838.46020508, 580.37677002, 510.579925537, 251.760116577, 159.179153442, 4.49541950226, 8.98581600189, 11.0695133209, 8.61277770996, 9.13492107391, 11.6893892288, 1.97038257122, 4.26216936111, 1.09378921986, 0.103868812323, 0.0027435598895, 0.000714665395208, 3.11476542265e-05, 1.8900101395e-07, 6.79412151539e-11, 1.36826938668e-10],
        "max": [0.227892845869, 5.53433132172, 18.137506485, 42.5354881287, 79.4400482178, 237.864532471, 329.157623291, 633.625976562, 522.901489258, 842.70489502, 1131.9251709, 2115.0222168, 596.291687012, 769.956848145, 368.05480957, 1478.48779297, 1273.80932617, 993.29510498, 752.357971191, 538.080749512, 347.339630127, 320.512359619, 263.712158203, 142.986297607, 20.8754463196, 48.576171875, 37.2043190002, 40.5247306824, 42.4678497314, 35.4045791626, 19.396987915, 24.7247505188, 13.821554184, 3.3777692318, 0.432472467422, 0.288459181786, 0.0468161478639, 0.00447737891227, 9.26079083001e-05, 0.000117175717605],
        "mean": [0.0333477072418, 0.925612807274, 4.04640197754, 9.34138202667, 6.83473110199, 13.0981607437, 24.1642837524, 25.0988368988, 37.3840942383, 87.8068695068, 89.9660720825, 103.916908264, 36.1369132996, 34.6738433838, 17.2489814758, 26.5790500641, 29.4588432312, 23.1919326782, 19.5868263245, 22.0198535919, 12.9036426544, 7.034055233, 8.29520320892, 6.84162521362, 1.62869274616, 1.73845875263, 1.95264220238, 1.3235026598, 1.30645906925, 2.10159683228, 0.965394258499, 1.39908850193, 0.843690514565, 0.226030156016, 0.0354676172137, 0.0149814812467, 0.00324937258847, 0.000225490439334, 2.21766003961e-05, 3.8306319766e-05],
        "median": [0.0148780867457, 0.299855262041, 3.01444888115, 5.33980369568, 3.86168193817, 5.66107606888, 12.5507793427, 14.145198822, 14.8117589951, 41.8881721497, 51.9362449646, 53.7727737427, 15.4765291214, 14.2866344452, 7.5262131691, 6.38413572311, 5.98840093613, 4.17939281464, 6.33435630798, 7.70490455627, 3.0250453949, 1.43919408321, 1.58224260807, 1.24828600883, 0.747055053711, 0.442815601826, 0.246267974377, 0.155578300357, 0.190576612949, 0.411552995443, 0.223087012768, 0.211878284812, 0.17098094523, 0.0553653798997, 0.0127922696993, 0.00391317764297, 0.000787661701906, 4.9982307246e-05, 2.05230517167e-05, 3.59037439921e-05],
        "min": [0.000187636935152, 0.00371372071095, 0.0243401322514, 0.024934342131, 0.0625453814864, 0.0686863139272, 0.373160123825, 0.139212831855, 0.363714367151, 0.65652179718, 1.68850278854, 1.32796633244, 0.506036400795, 0.462584376335, 0.119678422809, 0.0592052079737, 0.043321877718, 0.0529635623097, 0.0582811534405, 0.0917426422238, 0.0406425110996, 0.0227098893374, 0.0133160203695, 0.00598957529292, 0.00276870117523, 0.00165813532658, 0.000443179364083, 0.000128126252093, 0.000342154729879, 0.000321189756505, 0.000129654348711, 8.57307895785e-05, 0.000143871817272, 3.1429775845e-05, 6.75811043038e-06, 3.28066630573e-06, 1.66594657003e-06, 2.87862121695e-07, 1.0727363815e-06, 2.38174857259e-06],
        "var": [0.00176110491157, 1.46449005604, 12.191493988, 89.125579834, 78.0947494507, 488.373901367, 1205.23486328, 1594.9197998, 3995.78857422, 15269.5898438, 12232.8720703, 27639.1308594, 3534.84838867, 4360.22167969, 789.038696289, 8992.69042969, 9919.34960938, 5892.69140625, 2185.63476562, 1748.3873291, 1345.65686035, 495.651550293, 515.984558105, 193.207641602, 4.86646223068, 14.0446996689, 19.2966308594, 14.5688667297, 12.6496810913, 16.6975669861, 3.18879675865, 7.14174604416, 2.07198500633, 0.144962504506, 0.00309190293774, 0.000668318651151, 2.99144612654e-05, 1.81792728426e-07, 1.71619649048e-10, 3.24687970954e-10]
    },
    "gfcc": {
        "mean": [-48.1618041992, 164.827285767, -115.154579163, 5.10088157654, -62.8047409058, 5.84215784073, -39.2033500671, 7.41752529144, -5.76507472992, -12.0501842499, -9.19518470764, -18.0261478424, -10.2708292007],
        "cov": [[5644.40917969, -3597.0390625, -310.230224609, 1155.21582031, -1354.12817383, 985.006408691, -696.139282227, 339.171112061, -273.532470703, 568.700683594, -181.707229614, 502.909637451, -150.293411255], [-3597.0390625, 2824.06958008, 60.2929611206, -866.439819336, 1117.08898926, -753.662658691, 562.113830566, -224.573867798, 211.265701294, -397.548278809, 197.43951416, -347.736236572, 152.723495483], [-310.230224609, 60.2929611206, 486.601959229, 41.3036880493, -41.9726371765, 45.1675567627, -74.2451553345, 6.52316141129, 4.32404088974, -10.6881761551, -37.9767456055, 21.6587200165, -13.5328540802], [1155.21582031, -866.439819336, 41.3036880493, 487.778533936, -346.278381348, 194.711380005, -159.230957031, 68.1811065674, -23.9482822418, 109.420463562, -62.1222915649, 112.460258484, 2.04299354553], [-1354.12817383, 1117.08898926, -41.9726371765, -346.278381348, 640.211608887, -296.966552734, 225.246612549, -16.6022968292, 88.1058044434, -142.203842163, 82.2798843384, -107.260002136, 43.8864822388], [985.006408691, -753.662658691, 45.1675567627, 194.711380005, -296.966552734, 438.332519531, -84.1719207764, 56.4408760071, -38.2695732117, 150.298217773, -23.4257240295, 107.738197327, -35.032043457], [-696.139282227, 562.113830566, -74.2451553345, -159.230957031, 225.246612549, -84.1719207764, 305.904876709, -27.7238750458, 29.7299995422, -29.246175766, 61.4595756531, -59.4871368408, 23.3409328461], [339.171112061, -224.573867798, 6.52316141129, 68.1811065674, -16.6022968292, 56.4408760071, -27.7238750458, 164.232147217, 20.233423233, 44.5087280273, 14.9081306458, 48.2232170105, -7.72480964661], [-273.532470703, 211.265701294, 4.32404088974, -23.9482822418, 88.1058044434, -38.2695732117, 29.7299995422, 20.233423233, 147.156188965, -1.81191766262, 22.6830501556, -8.36471366882, 39.575214386], [568.700683594, -397.548278809, -10.6881761551, 109.420463562, -142.203842163, 150.298217773, -29.246175766, 44.5087280273, -1.81191766262, 190.529418945, 5.16580820084, 67.9642410278, -3.05417251587], [-181.707229614, 197.43951416, -37.9767456055, -62.1222915649, 82.2798843384, -23.4257240295, 61.4595756531, 14.9081306458, 22.6830501556, 5.16580820084, 132.949829102, -3.77568340302, -2.24834346771], [502.909637451, -347.736236572, 21.6587200165, 112.460258484, -107.260002136, 107.738197327, -59.4871368408, 48.2232170105, -8.36471366882, 67.9642410278, -3.77568340302, 158.083007812, -0.420512020588], [-150.293411255, 152.723495483, -13.5328540802, 2.04299354553, 43.8864822388, -35.032043457, 23.3409328461, -7.72480964661, 39.575214386, -3.05417251587, -2.24834346771, -0.420512020588, 128.978378296]],
        "icov": [[0.00150337407831, -0.000381750054657, 0.00172122824006, -0.00163062359206, 0.000929174362682, -0.00124727434013, 0.00176396209281, -0.00163698953111, 0.00159435987007, -0.00143425562419, 0.000684386992361, -0.00133504683618, 0.000822486064862], [-0.000381750054657, 0.0134830037132, -0.00638166163117, 0.0080103026703, -0.00875148549676, 0.00685879960656, -0.00925875268877, 0.00905276369303, -0.00720365298912, 0.00682894606143, -0.00774412043393, 0.0056678103283, -0.00789256114513], [0.00172122824006, -0.00638166163117, 0.00681672384962, -0.00526844616979, 0.00468367571011, -0.00463804509491, 0.00640934472904, -0.00565999466926, 0.00454976735637, -0.00413778563961, 0.00461717089638, -0.00408005155623, 0.00458176853135], [-0.00163062359206, 0.0080103026703, -0.00526844616979, 0.0100171007216, -0.0041610780172, 0.00497634382918, -0.0065137189813, 0.00562558835372, -0.00589592801407, 0.00491153774783, -0.00430318759754, 0.00347923557274, -0.00595165370032], [0.000929174362682, -0.00875148549676, 0.00468367571011, -0.0041610780172, 0.0100924391299, -0.00353829166852, 0.00513173919171, -0.00760697945952, 0.00418699719012, -0.00395625410601, 0.00467077922076, -0.00433031003922, 0.00491221668199], [-0.00124727434013, 0.00685879960656, -0.00463804509491, 0.00497634382918, -0.00353829166852, 0.00845346506685, -0.00625672517344, 0.00503833778203, -0.00446687731892, 0.00252964836545, -0.0042089400813, 0.00266251573339, -0.00384053657763], [0.00176396209281, -0.00925875268877, 0.00640934472904, -0.0065137189813, 0.00513173919171, -0.00625672517344, 0.0129104973748, -0.00693870056421, 0.00645192386582, -0.00659146904945, 0.00460891984403, -0.00420151604339, 0.00552782556042], [-0.00163698953111, 0.00905276369303, -0.00565999466926, 0.00562558835372, -0.00760697945952, 0.00503833778203, -0.00693870056421, 0.0149713233113, -0.0071455668658, 0.00478582223877, -0.00649651046842, 0.00351729616523, -0.00499663176015], [0.00159435987007, -0.00720365298912, 0.00454976735637, -0.00589592801407, 0.00418699719012, -0.00446687731892, 0.00645192386582, -0.0071455668658, 0.0134947299957, -0.00545196561143, 0.00370880682021, -0.00370096229017, 0.00250779511407], [-0.00143425562419, 0.00682894606143, -0.00413778563961, 0.00491153774783, -0.00395625410601, 0.00252964836545, -0.00659146904945, 0.00478582223877, -0.00545196561143, 0.012810180895, -0.00516638718545, 0.00237638759427, -0.00486278301105], [0.000684386992361, -0.00774412043393, 0.00461717089638, -0.00430318759754, 0.00467077922076, -0.0042089400813, 0.00460891984403, -0.00649651046842, 0.00370880682021, -0.00516638718545, 0.0137716094032, -0.00426851492375, 0.00553009519354], [-0.00133504683618, 0.0056678103283, -0.00408005155623, 0.00347923557274, -0.00433031003922, 0.00266251573339, -0.00420151604339, 0.00351729616523, -0.00370096229017, 0.00237638759427, -0.00426851492375, 0.0123864328489, -0.00442469725385], [0.000822486064862, -0.00789256114513, 0.00458176853135, -0.00595165370032, 0.00491221668199, -0.00384053657763, 0.00552782556042, -0.00499663176015, 0.00250779511407, -0.00486278301105, 0.00553009519354, -0.00442469725385, 0.0138153973967]]
    },
    "melbands": {
        "dmean": [0.000289812975097, 0.000641676655505, 0.000536554201972, 0.000304884510115, 0.000446685036877, 0.000330172566464, 0.000292673590593, 0.000489410536829, 0.000358735269401, 0.000297226855764, 6.93925758242e-05, 8.36319741211e-05, 3.73328912247e-05, 3.30955008394e-05, 3.60578087566e-05, 2.42451023951e-05, 3.0796869396e-05, 1.96113833226e-05, 1.80257557076e-05, 1.54524586833e-05, 8.20879358798e-06, 4.68185908176e-06, 2.96527673527e-06, 5.08717675984e-06, 3.00556575894e-06, 6.3811637574e-07, 3.56993126616e-07, 7.54232587497e-07, 7.72221653733e-07, 4.74623703894e-07, 4.10550029528e-07, 4.1714443455e-07, 5.29713929609e-07, 6.29640510397e-07, 2.97044721265e-07, 3.10125727765e-07, 5.26905353126e-07, 3.3910748698e-07, 1.93485846012e-07, 7.5212973627e-08],
        "dmean2": [0.000481624039821, 0.001065190183, 0.000854542304296, 0.000456338428194, 0.000672999944072, 0.000523564347532, 0.000419271585997, 0.000728242332116, 0.000526333693415, 0.000436867878307, 9.7048781754e-05, 0.000128919331473, 5.51232806174e-05, 4.67149329779e-05, 5.5451902881e-05, 3.52987844963e-05, 4.54832916148e-05, 2.94529818348e-05, 2.72469260381e-05, 2.35031457123e-05, 1.14005524665e-05, 7.15444002708e-06, 4.22639504905e-06, 7.14154793968e-06, 4.33380910181e-06, 9.72293037194e-07, 5.48382161014e-07, 1.17604577099e-06, 1.11861379537e-06, 6.89836213041e-07, 6.41536871626e-07, 6.09836320109e-07, 7.61697606322e-07, 9.30107944441e-07, 4.59771257511e-07, 4.67960603601e-07, 7.61217791023e-07, 4.93039465255e-07, 2.82964094822e-07, 1.17597295457e-07],
        "dvar": [1.76109750782e-07, 5.49014600892e-07, 4.55096909491e-07, 3.13648769179e-07, 5.53442987439e-07, 5.34918740414e-07, 2.79262764025e-07, 6.20051253009e-07, 3.36720205496e-07, 2.55092174939e-07, 1.69059628519e-08, 2.85649282006e-08, 5.2280633156e-09, 2.11877182466e-08, 1.2019266471e-08, 6.37204955467e-09, 1.76246128802e-08, 3.17657611326e-09, 1.73871572695e-09, 1.39878475469e-09, 8.16173129081e-10, 4.86934825794e-10, 7.90649212767e-11, 1.72782857466e-10, 6.46978443042e-11, 1.13699013312e-12, 1.438693999e-12, 3.52620298412e-12, 3.63808158946e-12, 2.39033532551e-12, 1.68248629005e-12, 1.75745952079e-12, 1.50963367241e-12, 1.93662707398e-12, 3.99774424719e-13, 4.93723497415e-13, 1.33412996362e-12, 4.19361865112e-13, 1.42597142861e-13, 2.51418335342e-14],
        "dvar2": [4.67198617571e-07, 1.53531323122e-06, 1.12929046736e-06, 6.85957388669e-07, 1.27003022499e-06, 1.31713966312e-06, 5.84355802857e-07, 1.33257765356e-06, 7.39976201203e-07, 4.60066956975e-07, 3.11820080867e-08, 6.83359289155e-08, 1.1287142776e-08, 4.77965826917e-08, 2.80452177037e-08, 1.22058274599e-08, 3.90945054107e-08, 6.7840781881e-09, 3.83284604055e-09, 3.46292461373e-09, 1.37269995371e-09, 1.1550266299e-09, 1.34506267235e-10, 3.11943970654e-10, 1.35457561834e-10, 2.65204373219e-12, 3.60179941428e-12, 7.55066842384e-12, 7.61649510822e-12, 4.52799603368e-12, 3.81290745505e-12, 3.85302423647e-12, 3.25673038884e-12, 3.80721669468e-12, 9.13304046106e-13, 1.07067935247e-12, 2.79909559073e-12, 9.46206546275e-13, 2.92374224874e-13, 6.03068755958e-14],
        "max": [0.0038969758898, 0.00697761541232, 0.00696041621268, 0.0106662763283, 0.0108079472557, 0.0123799806461, 0.00802142731845, 0.0102812321857, 0.00878520403057, 0.011418569833, 0.00297589576803, 0.00337154977024, 0.00112023286056, 0.00337960990146, 0.00258176075295, 0.0019147520652, 0.00227431859821, 0.00125755369663, 0.000996980001219, 0.000636663928162, 0.000567368697375, 0.000471154722618, 0.000171996289282, 0.000237581072724, 0.000130104337586, 1.47380742419e-05, 3.0088251151e-05, 4.40508920292e-05, 2.90834250336e-05, 3.38398094755e-05, 2.96928847092e-05, 2.47334755841e-05, 2.1936280973e-05, 1.92244933714e-05, 1.24409043565e-05, 1.18453854157e-05, 2.33647842833e-05, 9.73635633272e-06, 8.19944398245e-06, 2.90084153676e-06],
        "mean": [0.000594677578192, 0.00190327840392, 0.0014975881204, 0.000644719460979, 0.000835084938444, 0.000565951573662, 0.000619021942839, 0.000956306234002, 0.000755965709686, 0.000572501448914, 0.00016000989126, 0.000145534795593, 6.16108009126e-05, 5.57863641006e-05, 7.16337672202e-05, 4.40424155386e-05, 4.62322568637e-05, 3.06302572426e-05, 2.92313125101e-05, 2.26623105846e-05, 1.55134839588e-05, 8.07458854979e-06, 5.50907179786e-06, 9.38533048611e-06, 5.25411269336e-06, 1.24971199966e-06, 6.32765591035e-07, 1.3922430071e-06, 1.49816889916e-06, 8.64307764914e-07, 7.11581037649e-07, 6.66346352318e-07, 9.70663109001e-07, 1.21225684779e-06, 5.12620147219e-07, 5.41351369066e-07, 1.02668639101e-06, 6.7579384222e-07, 3.61303875707e-07, 1.22275878311e-07],
        "median": [0.000222534130444, 0.0013399644522, 0.000979410018772, 0.000292501063086, 0.000443190161604, 0.000317255937262, 0.000234532097238, 0.000501814298332, 0.000445088837296, 0.000286875438178, 5.45097755094e-05, 5.30456090928e-05, 2.08293768083e-05, 1.25129590742e-05, 1.7218033463e-05, 8.54215977597e-06, 6.41774477117e-06, 8.70867552294e-06, 9.19428202906e-06, 8.24400649435e-06, 2.30598857343e-06, 1.21805737763e-06, 1.26848590298e-06, 1.36971732445e-06, 7.79232721015e-07, 5.44472015918e-07, 2.5064230158e-07, 2.32243635878e-07, 1.36464407774e-07, 9.17226898878e-08, 6.12876362993e-08, 6.82623024773e-08, 1.55911010324e-07, 2.18068791469e-07, 8.4368046771e-08, 8.74568826248e-08, 1.11435362271e-07, 9.99514000455e-08, 5.27133749983e-08, 2.31278356466e-08],
        "min": [6.813793334e-07, 9.55834639171e-06, 9.78881689662e-06, 3.03718547912e-06, 1.02655085357e-05, 1.53518601564e-06, 3.57785961569e-06, 6.8635504249e-06, 7.72483053879e-06, 5.329963642e-06, 8.16971692075e-07, 9.51314461872e-07, 2.25568712153e-07, 7.54744959863e-08, 7.17485022506e-08, 8.95211940133e-08, 6.10195201034e-08, 7.41969756746e-08, 4.31429647563e-08, 6.4937097477e-08, 2.43453364135e-08, 2.03222398909e-08, 1.00734585118e-08, 7.49887973939e-09, 3.96443011752e-09, 2.18866413881e-09, 2.27229485228e-10, 8.73539518498e-10, 2.32788052723e-10, 7.70478472689e-11, 4.46644492225e-11, 1.85654139631e-12, 1.60798138693e-10, 1.46029202619e-10, 5.54381332507e-11, 4.45053976311e-12, 1.26299589277e-12, 4.30248718597e-12, 2.61432125948e-11, 1.29254625666e-12],
