{
"highlevel": {
    "danceability": {
        "all": {
            "danceable": 0.996053874493,
            "not_danceable": 0.0039461334236
        },
        "probability": 0.996053874493,
        "value": "danceable"
    },
    "gender": {
        "all": {
            "female": 0.940463721752,
            "male": 0.0595362707973
        },
        "probability": 0.940463721752,
        "value": "female"
    },
    "genre_dortmund": {
        "all": {
            "alternative": 0.112722337246,
            "blues": 0.0499087646604,
            "electronic": 0.0119901411235,
            "folkcountry": 0.155456334352,
            "funksoulrnb": 0.107886709273,
            "jazz": 0.179988145828,
            "pop": 0.176991060376,
            "raphiphop": 0.0720655247569,
            "rock": 0.132990986109
        },
        "probability": 0.179988145828,
        "value": "jazz"
    },
    "genre_electronic": {
        "all": {
            "ambient": 0.657853603363,
            "dnb": 0.119498550892,
            "house": 0.0964685678482,
            "techno": 0.014496833086,
            "trance": 0.111682467163
        },
        "probability": 0.657853603363,
        "value": "ambient"
    },
    "genre_rosamerica": {
        "all": {
            "cla": 0.0170637685806,
            "dan": 0.0110961645842,
            "hip": 0.0618682317436,
            "jaz": 0.0377420298755,
            "pop": 0.694474101067,
            "rhy": 0.0877056643367,
            "roc": 0.084021680057,
            "spe": 0.00602835137397
        },
        "probability": 0.694474101067,
        "value": "pop"
    },
    "genre_tzanetakis": {
        "all": {
            "blu": 0.0626613423228,
            "cla": 0.0348169617355,
            "cou": 0.104475811124,
            "dis": 0.0784321576357,
            "hip": 0.15692435205,
            "jaz": 0.313974827528,
            "met": 0.0448166541755,
            "pop": 0.0627359300852,
            "reg": 0.0627360641956,
            "roc": 0.0784258767962
        },
        "probability": 0.313974827528,
        "value": "jaz"
    },
    "ismir04_rhythm": {
        "all": {
            "ChaChaCha": 0.0663918927312,
            "Jive": 0.0194660592824,
            "Quickstep": 0.289452880621,
            "Rumba-American": 0.0143969599158,
            "Rumba-International": 0.0556460991502,
            "Rumba-Misc": 0.0252325665206,
            "Samba": 0.219720572233,
            "Tango": 0.0591897219419,
            "VienneseWaltz": 0.22703576088,
            "Waltz": 0.0234674904495
        },
        "probability": 0.289452880621,
        "value": "Quickstep"
    },
    "mood_acoustic": {
        "all": {
            "acoustic": 0.422014653683,
            "not_acoustic": 0.577985346317
        },
        "probability": 0.577985346317,
        "value": "not_acoustic"
    },
    "mood_aggressive": {
        "all": {
            "aggressive": 0.0114372568205,
            "not_aggressive": 0.988562762737
        },
        "probability": 0.988562762737,
        "value": "not_aggressive"
    },
    "mood_electronic": {
        "all": {
            "electronic": 0.352917760611,
            "not_electronic": 0.647082209587
        },
        "probability": 0.647082209587,
        "value": "not_electronic"
    },
    "mood_happy": {
        "all": {
            "happy": 0.591611325741,
            "not_happy": 0.408388674259
        },
        "probability": 0.591611325741,
        "value": "happy"
    },
    "mood_party": {
        "all": {
            "not_party": 0.794043719769,
            "party": 0.20595626533
        },
        "probability": 0.794043719769,
        "value": "not_party"
    },
    "mood_relaxed": {
        "all": {
            "not_relaxed": 0.266804426908,
            "relaxed": 0.733195543289
        },
        "probability": 0.733195543289,
        "value": "relaxed"
    },
    "mood_sad": {
        "all": {
            "not_sad": 0.298864930868,
            "sad": 0.701135098934
        },
        "probability": 0.701135098934,
        "value": "sad"
    },
    "moods_mirex": {
        "all": {
            "Cluster1": 0.321313232183,
            "Cluster2": 0.395001888275,
            "Cluster3": 0.157582446933,
            "Cluster4": 0.0655160322785,
            "Cluster5": 0.0605863891542
        },
        "probability": 0.395001888275,
        "value": "Cluster2"
    },
    "timbre": {
        "all": {
            "bright": 0.946964085102,
            "dark": 0.0530358999968
        },
        "probability": 0.946964085102,
        "value": "bright"
    },
    "tonal_atonal": {
        "all": {
            "atonal": 0.0211240556091,
            "tonal": 0.978875935078
        },
        "probability": 0.978875935078,
        "value": "tonal"
    },
    "voice_instrumental": {
        "all": {
            "instrumental": 0.00438795704395,
            "voice": 0.995612025261
        },
        "probability": 0.995612025261,
        "value": "voice"
    }
},
"lowlevel": {
    "average_loudness": 0.939626216888,
    "barkbands_crest": {
        "dmean": 2.8365354538,
        "dmean2": 4.51620388031,
        "dvar": 7.65322065353,
        "dvar2": 19.3465061188,
        "max": 25.4754180908,
        "mean": 11.0519399643,
        "median": 9.94280052185,
        "min": 3.04035997391,
        "var": 22.7021846771
    },
    "barkbands_flatness_db": {
        "dmean": 0.0329394191504,
        "dmean2": 0.0471620224416,
        "dvar": 0.00104813359212,
        "dvar2": 0.00213053124025,
        "max": 0.457169413567,
        "mean": 0.177093416452,
        "median": 0.167283669114,
        "min": 0.0573159046471,
        "var": 0.00382334413007
    },
    "barkbands_kurtosis": {
        "dmean": 4.14081335068,
        "dmean2": 6.26683712006,
        "dvar": 83.0463027954,
        "dvar2": 193.707061768,
        "max": 126.704116821,
        "mean": 5.80117845535,
        "median": 1.52933549881,
        "min": -1.75293755531,
        "var": 183.031097412
    },
    "barkbands_skewness": {
        "dmean": 0.660981357098,
        "dmean2": 0.95048636198,
        "dvar": 0.632932841778,
        "dvar2": 1.30898988247,
        "max": 9.66103458405,
        "mean": 1.45795989037,
        "median": 1.05112230778,
        "min": -3.19849300385,
        "var": 2.27153205872
    },
    "barkbands_spread": {
        "dmean": 7.05153179169,
        "dmean2": 11.3918857574,
        "dvar": 92.1930541992,
        "dvar2": 222.453231812,
        "max": 109.839920044,
        "mean": 18.2568454742,
        "median": 16.553194046,
        "min": 0.575284361839,
        "var": 148.60824585
    },
    "dissonance": {
        "dmean": 0.0286189634353,
        "dmean2": 0.0470023304224,
        "dvar": 0.00070140947355,
        "dvar2": 0.00192317157052,
        "max": 0.499443143606,
        "mean": 0.438068151474,
        "median": 0.444361537695,
        "min": 0.234967768192,
        "var": 0.00138128781691
    },
    "dynamic_complexity": 2.54603505135,
    "erbbands_crest": {
        "dmean": 3.10989284515,
        "dmean2": 4.97180700302,
        "dvar": 10.0413169861,
        "dvar2": 23.9167041779,
        "max": 29.1724071503,
        "mean": 10.3156967163,
        "median": 9.04116249084,
        "min": 3.19115352631,
        "var": 22.5777797699
    },
    "erbbands_flatness_db": {
        "dmean": 0.0310549214482,
        "dmean2": 0.0449695661664,
        "dvar": 0.00087118986994,
        "dvar2": 0.00178739614785,
        "max": 0.360965579748,
        "mean": 0.184783518314,
        "median": 0.186475679278,
        "min": 0.0622925274074,
        "var": 0.00235037971288
    },
    "erbbands_kurtosis": {
        "dmean": 1.59475696087,
        "dmean2": 2.53361320496,
        "dvar": 5.80842351913,
        "dvar2": 14.1138648987,
        "max": 31.6818885803,
        "mean": 1.70182192326,
        "median": 0.940051555634,
        "min": -1.65434634686,
        "var": 9.81740379333
    },
    "erbbands_skewness": {
        "dmean": 0.480477929115,
        "dmean2": 0.745423853397,
        "dvar": 0.236134082079,
        "dvar2": 0.562625288963,
        "max": 4.3974366188,
        "mean": 0.763977825642,
        "median": 0.68279749155,
        "min": -2.4394774437,
        "var": 0.629388093948
    },
    "erbbands_spread": {
        "dmean": 11.5752210617,
        "dmean2": 18.0606956482,
        "dvar": 235.674407959,
        "dvar2": 555.448242188,
        "max": 139.583496094,
        "mean": 30.3850784302,
        "median": 23.9717197418,
        "min": 3.66933965683,
        "var": 397.285491943
    },
    "hfc": {
        "dmean": 10.3325281143,
        "dmean2": 15.475651741,
        "dvar": 165.997436523,
        "dvar2": 388.62310791,
        "max": 155.385574341,
        "mean": 23.1769180298,
        "median": 18.6577606201,
        "min": 0.201583147049,
        "var": 373.649414062
    },
    "melbands_crest": {
        "dmean": 3.38442850113,
        "dmean2": 5.38960361481,
        "dvar": 11.1903505325,
        "dvar2": 28.1281204224,
        "max": 32.0605888367,
        "mean": 14.7452173233,
        "median": 13.6884479523,
        "min": 3.62006926537,
        "var": 37.616558075
    },
    "melbands_flatness_db": {
        "dmean": 0.0370433554053,
        "dmean2": 0.0522007532418,
        "dvar": 0.00163608859293,
        "dvar2": 0.00325195933692,
        "max": 0.572935223579,
        "mean": 0.221350982785,
        "median": 0.20565675199,
        "min": 0.0488914400339,
        "var": 0.00633462052792
    },
    "melbands_kurtosis": {
        "dmean": 8.82084178925,
        "dmean2": 13.6021566391,
        "dvar": 383.337738037,
        "dvar2": 889.62701416,
        "max": 404.410369873,
        "mean": 13.7762546539,
        "median": 4.48820543289,
        "min": -1.71654510498,
        "var": 773.352172852
    },
    "melbands_skewness": {
        "dmean": 0.88606595993,
        "dmean2": 1.33275067806,
        "dvar": 1.15778303146,
        "dvar2": 2.3309276104,
        "max": 14.6652498245,
        "mean": 2.19466519356,
        "median": 1.61162602901,
        "min": -0.635421574116,
        "var": 3.89412879944
    },
    "melbands_spread": {
        "dmean": 7.16399288177,
        "dmean2": 11.2203760147,
        "dvar": 166.350769043,
        "dvar2": 422.718383789,
        "max": 243.69619751,
        "mean": 20.6922683716,
        "median": 19.4374694824,
        "min": 0.436916857958,
        "var": 229.865570068
    },
    "pitch_salience": {
        "dmean": 0.0748782381415,
        "dmean2": 0.117309875786,
        "dvar": 0.0057169017382,
        "dvar2": 0.0135323712602,
        "max": 0.84825617075,
        "mean": 0.484186381102,
        "median": 0.489811897278,
        "min": 0.0905328169465,
        "var": 0.0165492054075
    },
    "silence_rate_20dB": {
        "dmean": 0,
        "dmean2": 0,
        "dvar": 0,
        "dvar2": 0,
        "max": 1,
        "mean": 1,
        "median": 1,
        "min": 1,
        "var": 0
    },
    "silence_rate_30dB": {
        "dmean": 0,
        "dmean2": 0,
        "dvar": 0,
        "dvar2": 0,
        "max": 1,
        "mean": 1,
        "median": 1,
        "min": 1,
        "var": 0
    },
    "silence_rate_60dB": {
        "dmean": 0.0278637763113,
        "dmean2": 0.0557707212865,
        "dvar": 0.0270874984562,
        "dvar2": 0.0604064390063,
        "max": 1,
        "mean": 0.0332559943199,
        "median": 0,
        "min": 0,
        "var": 0.0321502611041
    },
    "spectral_centroid": {
        "dmean": 257.310974121,
        "dmean2": 396.108825684,
        "dvar": 118473.039062,
        "dvar2": 277447,
        "max": 5535.66503906,
        "mean": 1090.05249023,
        "median": 1077.31030273,
        "min": 127.771156311,
        "var": 235974.40625
    },
    "spectral_complexity": {
        "dmean": 4.08436536789,
        "dmean2": 5.82184362411,
        "dvar": 20.2041606903,
        "dvar2": 40.5336685181,
        "max": 43,
        "mean": 16.0897140503,
        "median": 16,
        "min": 0,
        "var": 60.1760749817
    },
    "spectral_decrease": {
        "dmean": 2.83240275678e-09,
        "dmean2": 4.15399314946e-09,
        "dvar": 1.03891982421e-17,
        "dvar2": 2.53142198665e-17,
        "max": -6.24433560414e-11,
        "mean": -7.89839305071e-09,
        "median": -7.15622272551e-09,
        "min": -2.63606736439e-08,
        "var": 2.69187980536e-17
    },
    "spectral_energy": {
        "dmean": 0.0114247286692,
        "dmean2": 0.0167532674968,
        "dvar": 0.000163602177054,
        "dvar2": 0.000392784131691,
        "max": 0.107580982149,
        "mean": 0.0319125577807,
        "median": 0.0291622523218,
        "min": 0.000282766879536,
        "var": 0.000430805725046
    },
    "spectral_energyband_high": {
        "dmean": 0.000700227392372,
        "dmean2": 0.00117543898523,
        "dvar": 1.57513818522e-06,
        "dvar2": 3.98594329454e-06,
        "max": 0.0167679991573,
        "mean": 0.000747886835597,
        "median": 0.00023953334312,
        "min": 3.54942642389e-07,
        "var": 1.79588255378e-06
    },
    "spectral_energyband_low": {
        "dmean": 0.00466881273314,
        "dmean2": 0.00750145129859,
        "dvar": 7.58361202315e-05,
        "dvar2": 0.000229528639466,
        "max": 0.0867172628641,
        "mean": 0.0108948126435,
        "median": 0.00767254270613,
        "min": 5.99358827458e-06,
        "var": 0.000149260027683
    },
    "spectral_energyband_middle_high": {
        "dmean": 0.00289003713988,
        "dmean2": 0.0039186659269,
        "dvar": 1.37433007694e-05,
        "dvar2": 2.35252628045e-05,
        "max": 0.0430372916162,
        "mean": 0.00731301959604,
        "median": 0.00592382438481,
        "min": 2.33932569245e-05,
        "var": 4.79080263176e-05
    },
    "spectral_energyband_middle_low": {
        "dmean": 0.0072806798853,
        "dmean2": 0.0106912245974,
        "dvar": 8.054193313e-05,
        "dvar2": 0.00018631995772,
        "max": 0.0881153866649,
        "mean": 0.0135569442064,
        "median": 0.00900483317673,
        "min": 7.44875942473e-05,
        "var": 0.000177463880391
    },
    "spectral_entropy": {
        "dmean": 0.309005141258,
        "dmean2": 0.445790290833,
        "dvar": 0.0985313206911,
        "dvar2": 0.210218831897,
        "max": 8.79066085815,
        "mean": 7.29587030411,
        "median": 7.2988319397,
        "min": 5.20323705673,
        "var": 0.242639243603
    },
    "spectral_flux": {
        "dmean": 0.0330370701849,
        "dmean2": 0.0503378286958,
        "dvar": 0.00112933479249,
        "dvar2": 0.00235565658659,
        "max": 0.235869780183,
        "mean": 0.0875144377351,
        "median": 0.0805420577526,
        "min": 0.00609343312681,
        "var": 0.00238978001289
    },
    "spectral_kurtosis": {
        "dmean": 2.94974660873,
        "dmean2": 4.82694816589,
        "dvar": 11.9832429886,
        "dvar2": 31.1467247009,
        "max": 34.307434082,
        "mean": 5.39218187332,
        "median": 4.25058174133,
        "min": -1.37128973007,
        "var": 20.1025028229
    },
    "spectral_rms": {
        "dmean": 0.00102876021992,
        "dmean2": 0.00144802895375,
        "dvar": 1.14965484954e-06,
        "dvar2": 2.50775360655e-06,
        "max": 0.0102448547259,
        "mean": 0.00523446826264,
        "median": 0.00533394562081,
        "min": 0.000525233394001,
        "var": 3.73456236957e-06
    },
    "spectral_rolloff": {
        "dmean": 498.714263916,
        "dmean2": 870.052490234,
        "dvar": 1342877,
        "dvar2": 3415764.5,
        "max": 12080.1269531,
        "mean": 1193.90148926,
        "median": 1033.59375,
        "min": 86.1328125,
        "var": 1447467
    },
    "spectral_skewness": {
        "dmean": 0.370046079159,
        "dmean2": 0.592021465302,
        "dvar": 0.144318848848,
        "dvar2": 0.349266171455,
        "max": 4.38577747345,
        "mean": 1.74372935295,
        "median": 1.66423618793,
        "min": -0.0562044866383,
        "var": 0.292849898338
    },
    "spectral_spread": {
        "dmean": 1093381.875,
        "dmean2": 1655240.875,
        "dvar": 1.64641321779e+12,
        "dvar2": 3.54007226778e+12,
        "max": 15786018,
        "mean": 4430708,
        "median": 4000340.25,
        "min": 1405621.875,
        "var": 3.74826414899e+12
    },
    "spectral_strongpeak": {
        "dmean": 0.708272814751,
        "dmean2": 1.17821502686,
        "dvar": 1.08799147606,
        "dvar2": 2.60045933723,
        "max": 9.32047080994,
        "mean": 1.2792122364,
        "median": 0.55246835947,
        "min": 0.0180157646537,
        "var": 2.14849686623
    },
    "zerocrossingrate": {
        "dmean": 0.0119334124029,
        "dmean2": 0.0153666762635,
        "dvar": 0.000279625062831,
        "dvar2": 0.000347021530615,
        "max": 0.4150390625,
        "mean": 0.0487605296075,
        "median": 0.04443359375,
        "min": 0.00439453125,
        "var": 0.000935852120165
    },
    "barkbands": {
        "dmean": [6.43118401058e-05, 0.00248981290497, 0.00235018576495, 0.000371772563085, 0.00213179062121, 0.000932666647714, 0.00183555600233, 0.00123048876412, 0.0029153120704, 0.000760456838179, 0.000936547468882, 0.000811528414488, 0.000394937378587, 0.000337441626471, 0.000358586752554, 0.000284898764221, 0.000144438701682, 0.000127853505546, 0.000120566633996, 8.61864828039e-05, 0.000103522725112, 9.87924067886e-05, 9.80710028671e-05, 0.000285823334707, 9.84733560472e-05, 3.20637627738e-05, 2.19733813367e-08],
        "dmean2": [0.000105194361822, 0.00396353472024, 0.0039212401025, 0.000623299274594, 0.00312873767689, 0.00156776269432, 0.00285544269718, 0.00185638910625, 0.00466516939923, 0.00107327592559, 0.00130678818095, 0.0012154962169, 0.000615801953245, 0.000530610675924, 0.000549589516595, 0.000428034341894, 0.000216907195863, 0.000199148169486, 0.000192153456737, 0.000141370983329, 0.00017366791144, 0.000162662661751, 0.000157451999257, 0.000501157250255, 0.000170770144905, 5.71701129957e-05, 4.00890201036e-08],
        "dvar": [3.44829480525e-08, 2.16045445995e-05, 3.26560002577e-05, 7.31461909709e-07, 1.9363098545e-05, 4.36956224803e-06, 1.7486678189e-05, 6.19815591563e-06, 4.26564729423e-05, 2.94890560326e-06, 3.72380327462e-06, 2.74355716101e-06, 5.1787560551e-07, 4.66021134571e-07, 9.03901423044e-07, 6.35460992271e-07, 1.12055559498e-07, 3.5753970451e-08, 4.39207958891e-08, 1.8115121847e-08, 3.07808676325e-08, 2.77618870115e-08, 2.60765222748e-08, 3.95560874722e-07, 5.15852036642e-08, 4.81974238298e-09, 1.72892604367e-14],
        "dvar2": [8.13209481976e-08, 6.0935071815e-05, 0.000103181679151, 1.82923326975e-06, 4.15378926846e-05, 1.1655381968e-05, 4.41413321823e-05, 1.34334022732e-05, 0.000102551362943, 5.08767197971e-06, 6.05681907473e-06, 5.50940876565e-06, 1.18074910915e-06, 1.18668663163e-06, 2.08872074836e-06, 1.22040830774e-06, 2.31053462585e-07, 7.71453585457e-08, 1.14327356471e-07, 4.50530919238e-08, 7.75139881171e-08, 7.18433739166e-08, 6.31547010244e-08, 1.02489889287e-06, 1.24331151596e-07, 1.23881180869e-08, 4.8158901861e-14],
        "max": [0.00367348408327, 0.0433804914355, 0.0561573840678, 0.0121133327484, 0.0605656057596, 0.0278703607619, 0.0388361141086, 0.0340969562531, 0.0819472298026, 0.0364753454924, 0.0283973645419, 0.0246785860509, 0.012790444307, 0.014663644135, 0.0147384246811, 0.0118738114834, 0.00668694265187, 0.00190309598111, 0.00293915742077, 0.00119593006093, 0.00149954622611, 0.00133628479671, 0.00144952756818, 0.00963020697236, 0.00431444821879, 0.00086911872495, 1.73985438323e-06],
        "mean": [6.70493172947e-05, 0.00659564277157, 0.00393960252404, 0.000501598697156, 0.00269255321473, 0.0010802175384, 0.00223080511205, 0.00187760405242, 0.00473538506776, 0.00132182112429, 0.00175326084718, 0.00143764959648, 0.000846205279231, 0.000464338634629, 0.000513241102453, 0.000425405363785, 0.000239989254624, 0.000191238694242, 0.000183161813766, 0.000123476653243, 0.000111662615382, 0.000103033336927, 0.000115563794679, 0.000249309756327, 8.97224817891e-05, 2.30132136494e-05, 1.50872381255e-08],
        "median": [1.17302815852e-05, 0.00335801811889, 0.00105295307003, 0.000161210569786, 0.000682992686052, 0.000479961570818, 0.000823124253657, 0.000764483469538, 0.00130222749431, 0.000374431721866, 0.000501524074934, 0.000462172873085, 0.000248530530371, 0.000179947863217, 0.000204809242859, 0.000143297787872, 8.4084836999e-05, 0.000101083373011, 0.000118510375614, 7.75384978624e-05, 4.76454260934e-05, 3.31636438204e-05, 3.35920703947e-05, 3.40328697348e-05, 9.9509525171e-06, 1.82747578492e-06, 6.01360128361e-10],
        "min": [1.96691765098e-08, 1.15060140615e-06, 6.82217319081e-07, 5.90506829212e-07, 1.88935553069e-06, 2.46874469667e-06, 9.89527734419e-07, 5.39483380635e-07, 8.20736318019e-07, 1.19279957289e-06, 7.99241718141e-07, 1.27356247503e-06, 6.20654304839e-07, 2.89130213105e-07, 4.55549383105e-07, 3.62689519307e-07, 8.33083717566e-08, 2.0179271587e-07, 2.54950066392e-07, 1.14846720578e-07, 8.67205827149e-08, 4.51806734247e-08, 1.27439392372e-08, 1.01438661915e-08, 1.23951422043e-11, 1.03314232169e-11, 9.08714076209e-12],
        "var": [3.35047509736e-08, 5.95255623921e-05, 5.4481162806e-05, 1.11822453164e-06, 2.88259325316e-05, 3.90639524994e-06, 1.72532872966e-05, 1.08485473902e-05, 9.11891111173e-05, 6.47758679406e-06, 9.31719841901e-06, 5.85873794989e-06, 1.89460286038e-06, 6.34885509498e-07, 1.23572772281e-06, 1.13766964205e-06, 3.26589002952e-07, 6.58384280428e-08, 5.11224875765e-08, 2.2460502791e-08, 3.08101348878e-08, 2.8610603664e-08, 3.7294441313e-08, 3.96090086952e-07, 7.11025407441e-08, 4.00206134898e-09, 1.27801211996e-14]
    },
    "erbbands": {
        "dmean": [0.0514866970479, 0.657540500164, 2.73731732368, 1.56195187569, 2.20010304451, 8.16257572174, 10.3356695175, 8.27322673798, 11.7124700546, 38.515296936, 32.3328704834, 62.8889846802, 40.4941177368, 29.0168590546, 37.1959762573, 21.028799057, 14.5720949173, 16.4318618774, 13.5525693893, 17.7058963776, 15.5363960266, 8.37908649445, 6.68192863464, 6.29885292053, 5.79111099243, 4.06883621216, 4.28637504578, 3.71028113365, 3.38497757912, 3.38389182091, 2.72078561783, 6.41258239746, 3.87913346291, 1.48498106003, 0.584997117519, 0.187359720469, 0.0496316440403, 0.00417900271714, 8.93319884199e-05, 1.77978508873e-05],
        "dmean2": [0.0848959162831, 1.04101026058, 4.53034639359, 2.56735014915, 3.59914159775, 12.1732110977, 15.043466568, 13.8580770493, 18.1458511353, 60.1322669983, 49.7772369385, 102.222770691, 59.3892211914, 39.6645050049, 52.9976997375, 31.4696006775, 22.2723178864, 25.3644561768, 20.530172348, 26.5260887146, 22.9865226746, 12.4117126465, 10.2136611938, 9.97918319702, 9.26225757599, 6.68104362488, 7.16106939316, 6.26303386688, 5.71952533722, 5.36706781387, 4.41149187088, 11.2069501877, 6.81926488876, 2.57399272919, 1.02928984165, 0.331302583218, 0.0896883830428, 0.00762635236606, 0.000158828159329, 2.75008060271e-05],
        "dvar": [0.0139942048118, 1.57348418236, 42.6175384521, 8.70156002045, 24.0566482544, 312.948516846, 476.638214111, 375.842224121, 465.625244141, 7672.04248047, 4025.34375, 22049.2050781, 8729.2890625, 4347.87890625, 3827.84936523, 1352.66809082, 584.70501709, 1040.82678223, 583.46081543, 2629.80102539, 2275.73388672, 340.398376465, 110.904533386, 89.491355896, 125.350013733, 37.0615882874, 51.4316596985, 42.1295661926, 36.2566947937, 29.3476409912, 19.9831409454, 198.470687866, 87.7295684814, 13.438416481, 1.71501111984, 0.178819820285, 0.0120678544044, 9.77530362434e-05, 3.572190721e-08, 4.59825288956e-10],
        "dvar2": [0.0349501892924, 4.60802555084, 132.932495117, 24.5411624908, 55.3480834961, 688.495910645, 1056.7878418, 1017.09082031, 1130.72070312, 19434.6621094, 9480.27832031, 55151.484375, 17290.1484375, 6331.36328125, 7250.60107422, 2973.74560547, 1341.33190918, 2632.10449219, 1292.94299316, 6051.84472656, 4280.109375, 641.7578125, 227.603439331, 223.521621704, 329.915130615, 93.6979598999, 130.592254639, 108.127494812, 95.0756607056, 71.0031509399, 46.6460876465, 527.636291504, 227.6900177, 32.7277259827, 4.24927043915, 0.441850811243, 0.0327686518431, 0.000271724798949, 9.75171161599e-08, 1.14922393823e-09],
        "max": [1.72948002815, 12.9282798767, 62.6770973206, 27.0754928589, 63.6157264709, 220.389175415, 326.551696777, 235.352478027, 352.600738525, 801.087158203, 733.284301758, 1966.78991699, 1600.07531738, 1343.68115234, 730.850769043, 560.306091309, 432.354980469, 668.491394043, 566.088989258, 777.13848877, 802.472412109, 398.899627686, 143.828781128, 122.000686646, 178.049133301, 45.2073898315, 54.395275116, 55.1046180725, 44.1831550598, 45.8413391113, 47.9458122253, 155.719528198, 196.435562134, 77.2799606323, 23.111831665, 6.6973824501, 0.982242226601, 0.111503653228, 0.00194077205379, 0.000243687318289],
        "mean": [0.128606140614, 1.71011137962, 4.94845056534, 2.61340141296, 2.72792100906, 9.84629249573, 13.616815567, 9.45591545105, 16.4425926208, 48.5897674561, 54.4239883423, 97.4498596191, 70.9723052979, 56.468044281, 68.7904129028, 45.9948959351, 34.8529205322, 26.1473140717, 21.0363292694, 28.0028514862, 23.7103672028, 14.9368629456, 10.8966970444, 9.55422496796, 8.71963691711, 5.87752962112, 4.93720674515, 3.87126517296, 3.37904715538, 3.94732236862, 3.21770620346, 5.37785673141, 3.57502841949, 1.39781785011, 0.482541829348, 0.142035961151, 0.0344658270478, 0.00275626825169, 7.81199996709e-05, 4.24657118856e-05],
        "median": [0.0366598144174, 0.986318051815, 1.90611410141, 1.06661605835, 0.852621912956, 2.29916834831, 3.44001722336, 4.34194660187, 8.57171726227, 17.842294693, 23.5319576263, 29.95753479, 23.6519565582, 25.2373390198, 31.2625865936, 18.8640823364, 14.3894758224, 12.135436058, 10.9641342163, 12.5604791641, 8.06591701508, 5.93593072891, 6.13999414444, 6.29977178574, 5.43984937668, 3.92188477516, 2.4526412487, 1.62740242481, 1.17020428181, 1.18951332569, 0.876262545586, 0.702771961689, 0.510928869247, 0.162090942264, 0.044963080436, 0.0125228008255, 0.00232951436192, 0.000149473344209, 2.49264812737e-05, 3.67187021766e-05],
        "min": [3.98904157919e-05, 0.000228352408158, 0.00125044805463, 0.00361119071022, 0.00238522910513, 0.0080797681585, 0.00516762956977, 0.0296219978482, 0.021109810099, 0.0398968830705, 0.0277661010623, 0.116106368601, 0.0721212178469, 0.169945135713, 0.089206546545, 0.0858926698565, 0.0529248379171, 0.0484769046307, 0.043244432658, 0.0389038361609, 0.0235145203769, 0.00574748730287, 0.0106936022639, 0.0108263893053, 0.0108870156109, 0.00572677375749, 0.00654321722686, 0.00292771100067, 0.00202536629513, 0.000909708207473, 0.000366494787158, 0.000326964538544, 0.000111414381536, 8.01163332653e-06, 2.00706790565e-06, 7.50481603973e-07, 3.03456971551e-07, 4.25903756707e-08, 1.74043435663e-07, 3.43777827538e-07],
        "var": [0.0429523289204, 3.84648132324, 74.9399871826, 14.7420625687, 34.0399932861, 448.840087891, 715.690612793, 323.319610596, 600.059631348, 7628.41699219, 7049.66064453, 39703.4648438, 23577.6503906, 11339.3720703, 8712.78613281, 4016.59985352, 2763.14282227, 1568.63708496, 1095.8638916, 3442.35620117, 4146.39697266, 1064.84667969, 229.694488525, 120.23135376, 133.740081787, 47.4770050049, 53.2269363403, 38.9584922791, 33.0481796265, 39.2684516907, 31.2182674408, 173.246658325, 99.4597930908, 18.6067028046, 1.94338679314, 0.169522464275, 0.00860005710274, 6.16989345872e-05, 2.59427839211e-08, 8.82741435504e-10]
    },
    "gfcc": {
        "mean": [-11.17182827, 110.556396484, -128.413253784, 26.0177001953, -67.1942901611, 25.9821567535, -28.8611297607, 16.1178016663, -13.269826889, -1.71453487873, -6.66202259064, -6.65339803696, -5.88283443451],
        "cov": [[5416.16455078, -1787.24462891, -184.633605957, -151.880081177, -586.669372559, 304.545593262, -377.400177002, 438.953186035, -311.186096191, 248.741104126, -279.002227783, 217.119995117, -197.375656128], [-1787.24462891, 1620.64477539, -293.305725098, 32.9233512878, 391.026885986, -226.560028076, 382.534820557, -327.806854248, 216.29133606, -216.619949341, 272.975097656, -231.187301636, 144.053543091], [-184.633605957, -293.305725098, 1198.28503418, 318.149780273, 62.9061126709, 106.236602783, -146.306518555, 78.1879730225, -73.6178436279, 97.9828033447, -74.7963485718, 141.503341675, -71.3008575439], [-151.880081177, 32.9233512878, 318.149780273, 374.894042969, 99.6002578735, 12.3297243118, -40.5690231323, 3.27074241638, 39.4326248169, -21.1293849945, 35.0181007385, -4.52625608444, 41.3560295105], [-586.669372559, 391.026885986, 62.9061126709, 99.6002578735, 334.027252197, 14.4661903381, 157.465087891, -28.7893352509, 76.0581893921, -7.46016645432, 29.4960308075, -27.5824756622, 45.1968193054], [304.545593262, -226.560028076, 106.236602783, 12.3297243118, 14.4661903381, 206.163848877, 38.8352279663, 95.3936462402, -12.2002792358, 31.9235916138, -27.4786071777, 23.3112335205, -22.229845047], [-377.400177002, 382.534820557, -146.306518555, -40.5690231323, 157.465087891, 38.8352279663, 282.376037598, -14.207201004, 62.6353645325, -27.0106239319, 76.6953125, -60.1835708618, 12.4015340805], [438.953186035, -327.806854248, 78.1879730225, 3.27074241638, -28.7893352509, 95.3936462402, -14.207201004, 225.739654541, 49.6987457275, 89.1778106689, -45.4449996948, 61.7036514282, -16.6005401611], [-311.186096191, 216.29133606, -73.6178436279, 39.4326248169, 76.0581893921, -12.2002792358, 62.6353645325, 49.6987457275, 219.426620483, 1.02571713924, 53.9758071899, -19.2320480347, 59.9482803345], [248.741104126, -216.619949341, 97.9828033447, -21.1293849945, -7.46016645432, 31.9235916138, -27.0106239319, 89.1778106689, 1.02571713924, 167.919754028, -4.52364730835, 77.8326950073, -18.8789100647], [-279.002227783, 272.975097656, -74.7963485718, 35.0181007385, 29.4960308075, -27.4786071777, 76.6953125, -45.4449996948, 53.9758071899, -4.52364730835, 161.192276001, -19.1919364929, 43.2507553101], [217.119995117, -231.187301636, 141.503341675, -4.52625608444, -27.5824756622, 23.3112335205, -60.1835708618, 61.7036514282, -19.2320480347, 77.8326950073, -19.1919364929, 146.53237915, 17.3356933594], [-197.375656128, 144.053543091, -71.3008575439, 41.3560295105, 45.1968193054, -22.229845047, 12.4015340805, -16.6005401611, 59.9482803345, -18.8789100647, 43.2507553101, 17.3356933594, 131.231170654]],
        "icov": [[0.000367369764717, -3.11150724883e-05, 0.000314000702929, -0.000309940864099, 0.000417654315243, -0.000402256497182, 0.00017871617456, -0.000461570685729, 0.000428891129559, -0.000264040718321, 0.000279881671304, -0.000295856239973, 0.000280640640995], [-3.11150724883e-05, 0.00489043537527, -0.00113414030056, 0.00193389283959, -0.00318562053144, 0.00356685137376, -0.00287182955071, 0.00310086156242, -0.00235949759372, 0.00247048819438, -0.00407264148816, 0.00333880074322, -0.0019412713591], [0.000314000702929, -0.00113414030056, 0.00215375772677, -0.00215370603837, 0.000676375289913, -0.001682950533, 0.00121022353414, -0.000752446067054, 0.00101991998963, -0.00107099022716, 0.00150752929039, -0.00253515178338, 0.00205660285428], [-0.000309940864099, 0.00193389283959, -0.00215370603837, 0.00606244476512, -0.00329196942039, 0.00156888563652, 0.000779582071118, 0.000470961967949, -0.00134575762786, 0.00250079506077, -0.00392425758764, 0.0033012710046, -0.00245246873237], [0.000417654315243, -0.00318562053144, 0.000676375289913, -0.00329196942039, 0.0084284665063, -0.00261517660692, -0.00205859309062, -0.000663659709971, 0.000709473330062, -0.0034019574523, 0.00532515347004, -0.00237026996911, 3.93033988075e-05], [-0.000402256497182, 0.00356685137376, -0.001682950533, 0.00156888563652, -0.00261517660692, 0.0100737586617, -0.00416101282462, -0.000551783363335, -0.000766856363043, 0.00239873654209, -0.00270119518973, 0.00280816387385, -0.00178394047543], [0.00017871617456, -0.00287182955071, 0.00121022353414, 0.000779582071118, -0.00205859309062, -0.00416101282462, 0.00983390118927, -0.00301748723723, 0.00136084097903, -0.000216127678868, -0.00147646246478, -0.000543980335351, 0.00243192887865], [-0.000461570685729, 0.00310086156242, -0.000752446067054, 0.000470961967949, -0.000663659709971, -0.000551783363335, -0.00301748723723, 0.0118716442958, -0.00555644836277, -0.00171050685458, 0.000319037761074, 0.000332744792104, -0.000590207520872], [0.000428891129559, -0.00235949759372, 0.00101991998963, -0.00134575762786, 0.000709473330062, -0.000766856363043, 0.00136084097903, -0.00555644836277, 0.00891942437738, -0.00118248048238, 0.00033495988464, -0.000231970698223, -0.00131676485762], [-0.000264040718321, 0.00247048819438, -0.00107099022716, 0.00250079506077, -0.0034019574523, 0.00239873654209, -0.000216127678868, -0.00171050685458, -0.00118248048238, 0.0117086330429, -0.0048235245049, -0.00211406196468, 0.000996612594463], [0.000279881671304, -0.00407264148816, 0.00150752929039, -0.00392425758764, 0.00532515347004, -0.00270119518973, -0.00147646246478, 0.000319037761074, 0.00033495988464, -0.0048235245049, 0.0138992043212, -0.00328059238382, -0.000158829250722], [-0.000295856239973, 0.00333880074322, -0.00253515178338, 0.0033012710046, -0.00237026996911, 0.00280816387385, -0.000543980335351, 0.000332744792104, -0.000231970698223, -0.00211406196468, -0.00328059238382, 0.0152288638055, -0.00627094134688], [0.000280640640995, -0.0019412713591, 0.00205660285428, -0.00245246873237, 3.93033988075e-05, -0.00178394047543, 0.00243192887865, -0.000590207520872, -0.00131676485762, 0.000996612594463, -0.000158829250722, -0.00627094134688, 0.0130688725039]]
    },
    "melbands": {
        "dmean": [0.000562103057746, 0.00122393027414, 0.00028859928716, 0.000321988685755, 0.000422721583163, 0.000182326271897, 0.000238733642618, 0.000384953862522, 0.000304808316287, 0.000411452667322, 0.000203873234568, 0.000114927788673, 0.000131375170895, 9.27880682866e-05, 4.82338036818e-05, 3.0146113204e-05, 3.31071423716e-05, 2.29830384342e-05, 3.12842639687e-05, 1.98735069716e-05, 1.72910567926e-05, 9.47023454501e-06, 6.09761127635e-06, 6.76443823977e-06, 5.24009556102e-06, 4.59204511571e-06, 3.77950823349e-06, 2.54781457443e-06, 2.86297995444e-06, 2.62671142082e-06, 2.10723032978e-06, 1.97158783521e-06, 2.00709496312e-06, 1.96976930056e-06, 1.3814697013e-06, 2.06706340578e-06, 5.17143871548e-06, 2.80651443063e-06, 1.8401132138e-06, 1.15058151096e-06],
        "dmean2": [0.00090184941655, 0.00198855949566, 0.00047379580792, 0.000500330352224, 0.000613443087786, 0.00030674377922, 0.000366846332327, 0.000590512820054, 0.000479186070152, 0.000666291511152, 0.000299418432405, 0.000159234521561, 0.00018400324916, 0.000140283227665, 7.56050503696e-05, 4.6320452384e-05, 5.16575746587e-05, 3.51339476765e-05, 4.82837094751e-05, 3.06124493363e-05, 2.56791790889e-05, 1.41412592711e-05, 9.4191318567e-06, 1.06929937829e-05, 8.45849899633e-06, 7.46048544897e-06, 6.19774527877e-06, 4.23003621108e-06, 4.80831477034e-06, 4.35843685409e-06, 3.58498709829e-06, 3.39370762958e-06, 3.34903847943e-06, 3.14770727528e-06, 2.21906043407e-06, 3.45858006767e-06, 9.16241606319e-06, 4.9400118769e-06, 3.19358014167e-06, 1.9733499812e-06],
        "dvar": [1.10862481506e-06, 7.17838656783e-06, 2.83621062636e-07, 3.75900242489e-07, 8.7107332547e-07, 1.79803052447e-07, 2.17945142822e-07, 6.55414396533e-07, 3.97599052349e-07, 9.40152858675e-07, 2.32386184962e-07, 6.65799362309e-08, 4.99062373649e-08, 4.09179179428e-08, 8.13114553466e-09, 3.74237130174e-09, 4.78946882154e-09, 1.54748480696e-09, 7.84001752407e-09, 2.79705703043e-09, 3.17181059195e-09, 5.10030184753e-10, 1.25791377314e-10, 1.16048587406e-10, 6.44182970855e-11, 8.80370568113e-11, 4.26843907442e-11, 1.60911318992e-11, 2.52035371739e-11, 2.29260933154e-11, 1.64046987799e-11, 1.51985472818e-11, 1.3049701944e-11, 1.17197779259e-11, 5.58074983795e-12, 1.34955796538e-11, 1.5968909528e-10, 5.2996562e-11, 1.77109247407e-11, 9.4486068275e-12],
        "dvar2": [2.828016477e-06, 2.22448870772e-05, 7.86182624779e-07, 8.71580709827e-07, 1.86566921911e-06, 4.84441159188e-07, 5.31546106686e-07, 1.61312846103e-06, 9.623013284e-07, 2.2799990802e-06, 4.64480308437e-07, 9.57358778919e-08, 8.35133420196e-08, 8.30842949995e-08, 1.90280218249e-08, 8.47297076945e-09, 1.22405774405e-08, 3.52322571118e-09, 1.83637265394e-08, 6.03964345203e-09, 5.4585953535e-09, 1.00684738324e-09, 2.74643197073e-10, 2.51080906066e-10, 1.64299587824e-10, 2.33910418812e-10, 1.0527928529e-10, 4.156400224e-11, 6.55564075247e-11, 5.64990554341e-11, 4.35221580997e-11, 4.04803933429e-11, 3.38076788786e-11, 2.89661367808e-11, 1.32083059767e-11, 3.20251707098e-11, 4.35508656915e-10, 1.42438574824e-10, 4.29473921704e-11, 2.36557093358e-11],
        "max": [0.0118353469297, 0.0247625298798, 0.00499048829079, 0.00572175579146, 0.0140626160428, 0.00575754698366, 0.00471390550956, 0.00719471741468, 0.00804967805743, 0.0117625212297, 0.00804410874844, 0.00512851262465, 0.00287610176019, 0.00332589470781, 0.00135068234522, 0.00115597841796, 0.00155888684094, 0.000661143916659, 0.00119218509644, 0.000881788495462, 0.0010406607762, 0.000586877635214, 0.00017736175505, 0.000129216423375, 0.000103570353531, 0.000159815244842, 7.01962271705e-05, 3.56878445018e-05, 4.51006199e-05, 6.33841264062e-05, 4.34898392996e-05, 3.6012592318e-05, 3.61094753316e-05, 3.3897737012e-05, 2.63143174379e-05, 4.5618358854e-05, 0.000155888134032, 0.000157429807587, 8.42208173708e-05, 6.51379305054e-05],
        "mean": [0.00152748089749, 0.00254338956438, 0.000478839239804, 0.000390633940697, 0.000550426193513, 0.000211544829654, 0.00031340381247, 0.000504863040987, 0.000508044555318, 0.00063581392169, 0.000347439752659, 0.000217672641156, 0.0002542459697, 0.000152299573529, 0.000120535005408, 5.64685215068e-05, 4.91109094582e-05, 3.26382396452e-05, 4.3873085815e-05, 3.06163165078e-05, 2.53083253483e-05, 1.60215768119e-05, 9.68573112914e-06, 9.61572732194e-06, 7.49438368075e-06, 6.69873679726e-06, 5.49621336177e-06, 3.45258422385e-06, 3.11649341711e-06, 2.75490288004e-06, 2.04822072192e-06, 1.81105599495e-06, 2.16059538616e-06, 2.23254778575e-06, 1.67964833508e-06, 2.10289476854e-06, 4.01091983804e-06, 2.59746775555e-06, 1.69189490862e-06, 1.02248577605e-06],
        "median": [0.000639998470433, 0.00153086602222, 0.00021628983086, 0.000111591441964, 0.000124631245853, 9.36588039622e-05, 0.00014185346663, 0.000195275511942, 0.000184579461347, 0.000175918714376, 9.42322367337e-05, 8.64328249008e-05, 9.92264176602e-05, 5.27428383066e-05, 2.82264791167e-05, 1.96139117179e-05, 1.9740071366e-05, 1.41487462315e-05, 1.62741125678e-05, 1.27437479023e-05, 7.37284517527e-06, 5.4194333643e-06, 4.64660524813e-06, 4.59088505522e-06, 4.77303046864e-06, 3.75072704628e-06, 3.33320099344e-06, 2.0443790163e-06, 1.46565116665e-06, 1.05733784039e-06, 7.87435567418e-07, 5.50614572603e-07, 6.0028878579e-07, 6.61499370835e-07, 4.69803012493e-07, 3.99109495675e-07, 4.0738405005e-07, 3.70957025098e-07, 1.97397199031e-07, 9.98144216169e-08],
        "min": [2.64276025064e-07, 6.62496290715e-07, 5.60399882943e-07, 1.62446596619e-07, 1.70248526388e-07, 5.88076488839e-07, 3.48222954472e-07, 2.59452093587e-07, 1.22825213111e-07, 1.90634310115e-07, 1.6933361735e-07, 9.28595724758e-08, 1.79347082963e-07, 9.8731078424e-08, 9.79860317329e-08, 7.15769132853e-08, 7.31169293999e-08, 4.32666205086e-08, 4.80946944492e-08, 2.6482526394e-08, 7.93532439758e-09, 5.9359783755e-09, 4.6403014764e-09, 8.54886739177e-09, 8.78404371463e-09, 7.73226904727e-09, 6.55307941244e-09, 2.81303935701e-09, 4.26856194835e-09, 2.27007213027e-09, 1.22935772673e-09, 1.19625187534e-09, 5.92966342694e-10, 4.11674055956e-10, 1.96992047674e-10, 1.60390839499e-10, 7.66746874326e-11, 2.51446571897e-11, 1.00451140461e-11, 9.31674171405e-14],
