{
"highlevel": {
    "danceability": {
        "all": {
            "danceable": 0.633919417858,
            "not_danceable": 0.366080582142
        },
        "probability": 0.633919417858,
        "value": "danceable"
    },
    "gender": {
        "all": {
            "female": 0.0431517548859,
            "male": 0.956848263741
        },
        "probability": 0.956848263741,
        "value": "male"
    },
    "genre_dortmund": {
        "all": {
            "alternative": 0.0323399752378,
            "blues": 0.122042007744,
            "electronic": 0.0346667021513,
            "folkcountry": 0.51133197546,
            "funksoulrnb": 0.0393651649356,
            "jazz": 0.0872559398413,
            "pop": 0.064045034349,
            "raphiphop": 0.00973716843873,
            "rock": 0.0992160439491
        },
        "probability": 0.51133197546,
        "value": "folkcountry"
    },
    "genre_electronic": {
        "all": {
            "ambient": 0.412210524082,
            "dnb": 0.297911971807,
            "house": 0.256606698036,
            "techno": 0.0106949089095,
            "trance": 0.0225759167224
        },
        "probability": 0.412210524082,
        "value": "ambient"
    },
    "genre_rosamerica": {
        "all": {
            "cla": 0.00983696430922,
            "dan": 0.00191614427604,
            "hip": 0.0148289669305,
            "jaz": 0.0193391144276,
            "pop": 0.333105772734,
            "rhy": 0.590016186237,
            "roc": 0.029188297689,
            "spe": 0.00176856387407
        },
        "probability": 0.590016186237,
        "value": "rhy"
    },
    "genre_tzanetakis": {
        "all": {
            "blu": 0.0607384443283,
            "cla": 0.0337369628251,
            "cou": 0.0759031102061,
            "dis": 0.0505959652364,
            "hip": 0.1517791152,
            "jaz": 0.151757359505,
            "met": 0.0505812093616,
            "pop": 0.0606983527541,
            "reg": 0.060700122267,
            "roc": 0.303509354591
        },
        "probability": 0.303509354591,
        "value": "roc"
    },
    "ismir04_rhythm": {
        "all": {
            "ChaChaCha": 0.0555339641869,
            "Jive": 0.225235432386,
            "Quickstep": 0.210096821189,
            "Rumba-American": 0.013339268975,
            "Rumba-International": 0.104126922786,
            "Rumba-Misc": 0.0135129466653,
            "Samba": 0.282195776701,
            "Tango": 0.0100813759491,
            "VienneseWaltz": 0.0638101100922,
            "Waltz": 0.0220673773438
        },
        "probability": 0.282195776701,
        "value": "Samba"
    },
    "mood_acoustic": {
        "all": {
            "acoustic": 0.774848997593,
            "not_acoustic": 0.225151002407
        },
        "probability": 0.774848997593,
        "value": "acoustic"
    },
    "mood_aggressive": {
        "all": {
            "aggressive": 0.0291667543352,
            "not_aggressive": 0.97083324194
        },
        "probability": 0.97083324194,
        "value": "not_aggressive"
    },
    "mood_electronic": {
        "all": {
            "electronic": 0.334607094526,
            "not_electronic": 0.665392935276
        },
        "probability": 0.665392935276,
        "value": "not_electronic"
    },
    "mood_happy": {
        "all": {
            "happy": 0.940552353859,
            "not_happy": 0.0594476237893
        },
        "probability": 0.940552353859,
        "value": "happy"
    },
    "mood_party": {
        "all": {
            "not_party": 0.746431946754,
            "party": 0.253568023443
        },
        "probability": 0.746431946754,
        "value": "not_party"
    },
    "mood_relaxed": {
        "all": {
            "not_relaxed": 0.87747502327,
            "relaxed": 0.12252496928
        },
        "probability": 0.87747502327,
        "value": "not_relaxed"
    },
    "mood_sad": {
        "all": {
            "not_sad": 0.402032345533,
            "sad": 0.597967624664
        },
        "probability": 0.597967624664,
        "value": "sad"
    },
    "moods_mirex": {
        "all": {
            "Cluster1": 0.0913425683975,
            "Cluster2": 0.527778625488,
            "Cluster3": 0.166536435485,
            "Cluster4": 0.174987539649,
            "Cluster5": 0.0393548086286
        },
        "probability": 0.527778625488,
        "value": "Cluster2"
    },
    "timbre": {
        "all": {
            "bright": 0.999999880791,
            "dark": 1.18653161962e-07
        },
        "probability": 0.999999880791,
        "value": "bright"
    },
    "tonal_atonal": {
        "all": {
            "atonal": 0.000268665549811,
            "tonal": 0.999731361866
        },
        "probability": 0.999731361866,
        "value": "tonal"
    },
    "voice_instrumental": {
        "all": {
            "instrumental": 0.0126216057688,
            "voice": 0.987378418446
        },
        "probability": 0.987378418446,
        "value": "voice"
    }
},
"lowlevel": {
    "average_loudness": 0.970790863037,
    "barkbands_crest": {
        "dmean": 2.33821153641,
        "dmean2": 3.90893959999,
        "dvar": 4.44654417038,
        "dvar2": 11.3492164612,
        "max": 22.910982132,
        "mean": 8.40207576752,
        "median": 7.57276296616,
        "min": 2.34326052666,
        "var": 9.73948574066
    },
    "barkbands_flatness_db": {
        "dmean": 0.0210970621556,
        "dmean2": 0.0322604849935,
        "dvar": 0.000419441494159,
        "dvar2": 0.000878324732184,
        "max": 0.353406488895,
        "mean": 0.143710538745,
        "median": 0.138426080346,
        "min": 0.0525810793042,
        "var": 0.00168272899464
    },
    "barkbands_kurtosis": {
        "dmean": 2.58047580719,
        "dmean2": 4.07928705215,
        "dvar": 22.4116840363,
        "dvar2": 57.3366203308,
        "max": 74.6261367798,
        "mean": 3.62409472466,
        "median": 1.9892616272,
        "min": -1.85741722584,
        "var": 36.0456581116
    },
    "barkbands_skewness": {
        "dmean": 0.500824570656,
        "dmean2": 0.786889791489,
        "dvar": 0.298669546843,
        "dvar2": 0.711253166199,
        "max": 6.39016151428,
        "mean": 1.39918100834,
        "median": 1.29666137695,
        "min": -0.714875400066,
        "var": 0.845943689346
    },
    "barkbands_spread": {
        "dmean": 6.98920249939,
        "dmean2": 11.0427246094,
        "dvar": 75.4151000977,
        "dvar2": 166.838027954,
        "max": 95.0539398193,
        "mean": 21.0950565338,
        "median": 18.4671936035,
        "min": 1.07122409344,
        "var": 148.854736328
    },
    "dissonance": {
        "dmean": 0.0234571415931,
        "dmean2": 0.0395214706659,
        "dvar": 0.000461420044303,
        "dvar2": 0.0012618266046,
        "max": 0.49921604991,
        "mean": 0.456541925669,
        "median": 0.461828738451,
        "min": 0.249994128942,
        "var": 0.000829125288874
    },
    "dynamic_complexity": 2.49316692352,
    "erbbands_crest": {
        "dmean": 3.25501894951,
        "dmean2": 5.26687479019,
        "dvar": 8.05690097809,
        "dvar2": 20.5585765839,
        "max": 29.1578769684,
        "mean": 10.3051204681,
        "median": 9.42031097412,
        "min": 2.80027461052,
        "var": 21.6571788788
    },
    "erbbands_flatness_db": {
        "dmean": 0.0190657153726,
        "dmean2": 0.028804525733,
        "dvar": 0.000333963980665,
        "dvar2": 0.000718133873306,
        "max": 0.287236601114,
        "mean": 0.161589533091,
        "median": 0.159875765443,
        "min": 0.0677922517061,
        "var": 0.00118278665468
    },
    "erbbands_kurtosis": {
        "dmean": 1.30560612679,
        "dmean2": 2.07654190063,
        "dvar": 3.57699465752,
        "dvar2": 8.97547721863,
        "max": 34.3381652832,
        "mean": 0.844107627869,
        "median": 0.206599235535,
        "min": -1.65257644653,
        "var": 6.22118520737
    },
    "erbbands_skewness": {
        "dmean": 0.446476459503,
        "dmean2": 0.697794318199,
        "dvar": 0.187757343054,
        "dvar2": 0.448076635599,
        "max": 4.9581155777,
        "mean": 0.733844637871,
        "median": 0.739586949348,
        "min": -1.63693130016,
        "var": 0.513380587101
    },
    "erbbands_spread": {
        "dmean": 10.098405838,
        "dmean2": 15.7552919388,
        "dvar": 118.935119629,
        "dvar2": 285.593292236,
        "max": 122.337203979,
        "mean": 37.0653343201,
        "median": 34.3037528992,
        "min": 5.28804779053,
        "var": 275.789215088
    },
    "hfc": {
        "dmean": 12.1096839905,
        "dmean2": 19.237783432,
        "dvar": 390.048400879,
        "dvar2": 1007.6920166,
        "max": 154.161178589,
        "mean": 19.9088668823,
        "median": 11.9629831314,
        "min": 0.297281324863,
        "var": 496.341217041
    },
    "melbands_crest": {
        "dmean": 2.81730127335,
        "dmean2": 4.66889095306,
        "dvar": 6.22379922867,
        "dvar2": 16.4146366119,
        "max": 25.3820953369,
        "mean": 11.5308275223,
        "median": 11.1577177048,
        "min": 3.96631407738,
        "var": 12.9142417908
    },
    "melbands_flatness_db": {
        "dmean": 0.0283054113388,
        "dmean2": 0.0424217544496,
        "dvar": 0.000855394348036,
        "dvar2": 0.0017538133543,
        "max": 0.454863756895,
        "mean": 0.181193441153,
        "median": 0.175566881895,
        "min": 0.0409112460911,
        "var": 0.0034963672515
    },
    "melbands_kurtosis": {
        "dmean": 5.01385641098,
        "dmean2": 7.94811868668,
        "dvar": 66.1245193481,
        "dvar2": 164.622787476,
        "max": 131.073165894,
        "mean": 9.57396411896,
        "median": 6.46420669556,
        "min": -1.29558289051,
        "var": 122.593589783
    },
    "melbands_skewness": {
        "dmean": 0.632899999619,
        "dmean2": 0.979175031185,
        "dvar": 0.419428169727,
        "dvar2": 0.996820867062,
        "max": 7.88262462616,
        "mean": 2.14437007904,
        "median": 2.01498627663,
        "min": -0.392988353968,
        "var": 1.41195321083
    },
    "melbands_spread": {
        "dmean": 8.52210903168,
        "dmean2": 13.5863037109,
        "dvar": 145.689910889,
        "dvar2": 350.579162598,
        "max": 119.958007812,
        "mean": 23.5668621063,
        "median": 20.1481380463,
        "min": 1.07891833782,
        "var": 242.484527588
    },
    "pitch_salience": {
        "dmean": 0.0685715898871,
        "dmean2": 0.114251241088,
        "dvar": 0.00341794919223,
        "dvar2": 0.0091537963599,
        "max": 0.81647592783,
        "mean": 0.574908554554,
        "median": 0.578097641468,
        "min": 0.236840307713,
        "var": 0.00738449953496
    },
    "silence_rate_20dB": {
        "dmean": 0,
        "dmean2": 0,
        "dvar": 0,
        "dvar2": 0,
        "max": 1,
        "mean": 1,
        "median": 1,
        "min": 1,
        "var": 0
    },
    "silence_rate_30dB": {
        "dmean": 0,
        "dmean2": 0,
        "dvar": 0,
        "dvar2": 0,
        "max": 1,
        "mean": 1,
        "median": 1,
        "min": 1,
        "var": 0
    },
    "silence_rate_60dB": {
        "dmean": 0.0139318881556,
        "dmean2": 0.0278853606433,
        "dvar": 0.0137378294021,
        "dvar2": 0.0302061531693,
        "max": 1,
        "mean": 0.0146945090964,
        "median": 0,
        "min": 0,
        "var": 0.0144785642624
    },
    "spectral_centroid": {
        "dmean": 350.260437012,
        "dmean2": 536.79876709,
        "dvar": 164866.234375,
        "dvar2": 360383.5,
        "max": 3887.33959961,
        "mean": 1319.40625,
        "median": 1219.17907715,
        "min": 207.941680908,
        "var": 402381.75
    },
    "spectral_complexity": {
        "dmean": 4.61145496368,
        "dmean2": 7.04182815552,
        "dvar": 26.6726799011,
        "dvar2": 56.6427192688,
        "max": 50,
        "mean": 17.2467136383,
        "median": 15,
        "min": 3,
        "var": 83.9692993164
    },
    "spectral_decrease": {
        "dmean": 2.09144457308e-09,
        "dmean2": 3.19141646443e-09,
        "dvar": 7.51799064305e-18,
        "dvar2": 1.7577007336e-17,
        "max": -2.49440273992e-10,
        "mean": -5.01016961252e-09,
        "median": -3.98459576445e-09,
        "min": -2.8353214887e-08,
        "var": 1.47547431865e-17
    },
    "spectral_energy": {
        "dmean": 0.00884799193591,
        "dmean2": 0.0134960971773,
        "dvar": 0.000135077891173,
        "dvar2": 0.000319511134876,
        "max": 0.118299491704,
        "mean": 0.0207153242081,
        "median": 0.0165425948799,
        "min": 0.00103211810347,
        "var": 0.000258749118075
    },
    "spectral_energyband_high": {
        "dmean": 0.00107065017801,
        "dmean2": 0.00179797282908,
        "dvar": 4.97242399433e-06,
        "dvar2": 1.31668321046e-05,
        "max": 0.0186588391662,
        "mean": 0.00108299264684,
        "median": 0.000371404719772,
        "min": 1.70662553955e-06,
        "var": 4.04034017265e-06
    },
    "spectral_energyband_low": {
        "dmean": 0.00135859090369,
        "dmean2": 0.00210088607855,
        "dvar": 4.07342486142e-06,
        "dvar2": 9.21089394978e-06,
        "max": 0.0254426859319,
        "mean": 0.00352623593062,
        "median": 0.00278403190896,
        "min": 1.91646686289e-05,
        "var": 9.55545601755e-06
    },
    "spectral_energyband_middle_high": {
        "dmean": 0.00280125415884,
        "dmean2": 0.00422812113538,
        "dvar": 2.30349705816e-05,
        "dvar2": 5.37875130249e-05,
        "max": 0.0547600723803,
        "mean": 0.00516027770936,
        "median": 0.00244631315582,
        "min": 3.07732370857e-05,
        "var": 5.20099747519e-05
    },
    "spectral_energyband_middle_low": {
        "dmean": 0.00590981543064,
        "dmean2": 0.00935180485249,
        "dvar": 7.31930413167e-05,
        "dvar2": 0.000172929110704,
        "max": 0.074305742979,
        "mean": 0.0115367537364,
        "median": 0.00844492949545,
        "min": 0.000425647682277,
        "var": 0.000110877612315
    },
    "spectral_entropy": {
        "dmean": 0.204715698957,
        "dmean2": 0.304167181253,
        "dvar": 0.0487717054784,
        "dvar2": 0.103302188218,
        "max": 8.61796760559,
        "mean": 7.51972532272,
        "median": 7.57544946671,
        "min": 5.46591234207,
        "var": 0.160420715809
    },
    "spectral_flux": {
        "dmean": 0.0273773614317,
        "dmean2": 0.0420952476561,
        "dvar": 0.000960249104537,
        "dvar2": 0.00211478117853,
        "max": 0.289538532495,
        "mean": 0.0788946375251,
        "median": 0.0725777819753,
        "min": 0.00967122521251,
        "var": 0.00190669123549
    },
    "spectral_kurtosis": {
        "dmean": 1.55711770058,
        "dmean2": 2.61122441292,
        "dvar": 3.75368022919,
        "dvar2": 10.9519376755,
        "max": 30.5933914185,
        "mean": 3.39080858231,
        "median": 2.92673397064,
        "min": -1.11369109154,
        "var": 6.68822288513
    },
    "spectral_rms": {
        "dmean": 0.000907527864911,
        "dmean2": 0.00133935711347,
        "dvar": 9.75336661213e-07,
        "dvar2": 2.22911830861e-06,
        "max": 0.0107430974022,
        "mean": 0.00420895218849,
        "median": 0.00401735212654,
        "min": 0.00100346619729,
        "var": 2.49479626291e-06
    },
    "spectral_rolloff": {
        "dmean": 661.963500977,
        "dmean2": 1135.13879395,
        "dvar": 1501159.5,
        "dvar2": 3439441.5,
        "max": 12316.9921875,
        "mean": 1450.78552246,
        "median": 968.994140625,
        "min": 193.798828125,
        "var": 1840485.75
    },
    "spectral_skewness": {
        "dmean": 0.264611333609,
        "dmean2": 0.419348835945,
        "dvar": 0.0694055408239,
        "dvar2": 0.172306448221,
        "max": 4.48468446732,
        "mean": 1.3818461895,
        "median": 1.33521807194,
        "min": 0.365441709757,
        "var": 0.188992679119
    },
    "spectral_spread": {
        "dmean": 539962.6875,
        "dmean2": 835103.5,
        "dvar": 561053499392,
        "dvar2": 1.29160170701e+12,
        "max": 12848220,
        "mean": 4593258,
        "median": 4422634,
        "min": 1975723,
        "var": 1.36148497203e+12
    },
    "spectral_strongpeak": {
        "dmean": 0.642225861549,
        "dmean2": 1.05148649216,
        "dvar": 0.97143226862,
        "dvar2": 2.33988308907,
        "max": 10.9977731705,
        "mean": 1.05116069317,
        "median": 0.593330204487,
        "min": 0,
        "var": 1.64960038662
    },
    "zerocrossingrate": {
        "dmean": 0.0114560909569,
        "dmean2": 0.0137796672061,
        "dvar": 0.000137700655614,
        "dvar2": 0.000198668072699,
        "max": 0.22509765625,
        "mean": 0.0600287616253,
        "median": 0.056640625,
        "min": 0.009765625,
        "var": 0.000697769341059
    },
    "barkbands": {
        "dmean": [0.000130988657475, 0.00052859284915, 0.000745471043047, 0.000808726530522, 0.00191425182857, 0.00110556266736, 0.000899074133486, 0.0015739161754, 0.00146483373828, 0.000854426878504, 0.00050217914395, 0.000555092876311, 0.000699360622093, 0.000472006999189, 0.000197053188458, 0.000231342375628, 0.000166671961779, 0.000155614703544, 0.000230420919252, 0.00032541557448, 0.000242411260842, 0.000279126950772, 0.000182232732186, 9.39006567933e-05, 4.97273940709e-05, 4.70182567369e-05, 2.91867952029e-09],
        "dmean2": [0.000142149059684, 0.000861538632307, 0.00115974002983, 0.00131994078401, 0.00300073367544, 0.00185213261284, 0.00153456977569, 0.00257472530939, 0.00234345113859, 0.00134572037496, 0.000835963874124, 0.000941928999964, 0.00106705049984, 0.000760729075409, 0.000314200704452, 0.000383996899473, 0.000279145257082, 0.000260725762928, 0.000353678507963, 0.000551640987396, 0.000398946664063, 0.000477741385112, 0.000319336279063, 0.000161339019542, 8.68296119734e-05, 8.79346989677e-05, 4.19066026325e-09],
        "dvar": [6.64839660658e-07, 6.41656072276e-07, 1.60727267939e-06, 2.06995650842e-06, 1.50399500853e-05, 8.93310971151e-06, 3.12483984999e-06, 1.07945979835e-05, 1.40081483551e-05, 4.64323420601e-06, 1.43593501889e-06, 3.90387185689e-06, 5.29177259523e-06, 2.2288825221e-06, 2.71864536217e-07, 3.06654669657e-07, 1.1818450929e-07, 9.72129399202e-08, 2.27866863156e-07, 4.57905827034e-07, 2.33629350532e-07, 6.80598645886e-07, 2.00589767019e-07, 4.53849615667e-08, 2.05593693181e-08, 5.84541126614e-08, 1.77762675355e-15],
        "dvar2": [9.12621828775e-07, 1.66896825249e-06, 3.82361167794e-06, 5.40601922694e-06, 3.51392009179e-05, 2.42758669629e-05, 8.44786063681e-06, 2.69936444965e-05, 2.94675046462e-05, 9.63027832768e-06, 3.90670629713e-06, 1.05645312942e-05, 1.16309438454e-05, 5.74444311496e-06, 5.88067393892e-07, 8.14005716165e-07, 3.252161207e-07, 2.56768913687e-07, 4.53754722685e-07, 1.20950790006e-06, 5.93515494529e-07, 1.83602958259e-06, 5.45131683793e-07, 1.23239487948e-07, 5.82658508108e-08, 1.69969254671e-07, 1.93011640097e-15],
        "max": [0.0227611884475, 0.0109610557556, 0.0168842766434, 0.0153591996059, 0.0533001199365, 0.0375406742096, 0.0209055487067, 0.044053144753, 0.0704856961966, 0.0588277615607, 0.0167928580195, 0.0368673503399, 0.0426230058074, 0.0277164150029, 0.00964129064232, 0.00737649109215, 0.0052151218988, 0.00389152555726, 0.00774989975616, 0.00607400108129, 0.00618251878768, 0.00908348988742, 0.00452039763331, 0.00183997617569, 0.00148091418669, 0.00298816408031, 1.35616721764e-06],
        "mean": [0.000257075938862, 0.00134800735395, 0.00159006915055, 0.00118335534353, 0.00311008747667, 0.00125086912885, 0.00120453420095, 0.00210215593688, 0.00210580532439, 0.0012781979749, 0.000584985187743, 0.000597916368861, 0.000947161344811, 0.000589959847275, 0.000279812695226, 0.000284355017357, 0.000212900617043, 0.000186202407349, 0.000384428654797, 0.000355912576197, 0.000279313884676, 0.000243684859015, 0.000161186166224, 9.73935602815e-05, 4.85354030388e-05, 3.14247736242e-05, 2.47824716304e-09],
        "median": [4.14563328377e-06, 0.00119577511214, 0.00100639706943, 0.000647555745672, 0.00172851874959, 0.000411312707001, 0.000493801780976, 0.000800409179647, 0.000547586125322, 0.000378604570869, 0.000127802588395, 8.26176910778e-05, 0.000174285698449, 0.000101877143607, 7.11647662683e-05, 0.000100799938082, 9.03508334886e-05, 5.65865120734e-05, 0.0001253963419, 0.00012040866568, 8.33104568301e-05, 6.77404023008e-05, 4.83834846818e-05, 3.21163715853e-05, 1.56472651724e-05, 4.31464559369e-06, 2.78578771162e-10],
        "min": [8.6283213907e-10, 1.2780101315e-06, 6.28351381238e-06, 1.51361496137e-06, 4.31278240285e-05, 8.06405387266e-06, 4.73375575893e-06, 8.56917540659e-06, 7.53324547986e-06, 3.62831633538e-06, 3.9871433728e-06, 2.53755138147e-06, 2.91079857107e-07, 4.5254839165e-07, 1.31733031594e-06, 6.80193181779e-07, 3.75467749336e-07, 3.82044873959e-07, 4.1078033064e-07, 3.86370402339e-07, 3.79361807745e-07, 4.06461794e-07, 4.40219139364e-07, 1.27175709963e-07, 4.92039253785e-09, 2.89005382126e-11, 1.77008512015e-11],
        "var": [2.22708922593e-06, 1.67216717273e-06, 3.22139226228e-06, 2.62846356236e-06, 2.16682437895e-05, 7.20686284694e-06, 3.62871151083e-06, 1.45734793477e-05, 2.22793660214e-05, 9.04644639377e-06, 1.74873798642e-06, 3.54446751771e-06, 8.54004883877e-06, 3.03269894175e-06, 5.23140897712e-07, 3.57208278956e-07, 1.28430514224e-07, 1.03017917752e-07, 5.31228693035e-07, 4.02021896662e-07, 2.4697467893e-07, 4.84109079935e-07, 1.4411199345e-07, 3.82754805628e-08, 1.44018041937e-08, 3.17251966919e-08, 1.74139290752e-15]
    },
    "erbbands": {
        "dmean": [0.00743845943362, 0.146710932255, 0.698667168617, 1.8207552433, 5.29690504074, 5.4519944191, 8.85389614105, 9.31373310089, 10.1177034378, 22.5416088104, 31.2188167572, 35.7342185974, 26.7131843567, 22.7227325439, 20.5408382416, 21.9768218994, 26.8694152832, 25.3763942719, 16.6550559998, 9.47569274902, 13.6962108612, 7.55430746078, 7.17431926727, 11.6211538315, 10.5238666534, 15.5040283203, 13.2293453217, 11.012339592, 9.08666038513, 5.49621009827, 5.07179832458, 2.43990540504, 1.40068721771, 0.571180999279, 0.359444707632, 0.231892287731, 0.0874424874783, 0.00511510064825, 0.00010736353579, 1.72108975676e-05],
        "dmean2": [0.0122653590515, 0.238800361753, 1.08048832417, 2.91493225098, 8.00620269775, 9.00226211548, 14.7090187073, 15.7347173691, 17.2796154022, 37.3778648376, 50.26404953, 57.2950401306, 40.8201141357, 37.4779968262, 33.7310409546, 36.736000061, 41.4717254639, 40.9312744141, 25.3055534363, 15.0018472672, 22.3668823242, 12.6104545593, 11.8507032394, 18.2309303284, 16.5216770172, 26.1312294006, 21.9691028595, 18.3624038696, 15.4882421494, 9.48985767365, 8.89977931976, 4.17718315125, 2.443120718, 0.964666008949, 0.645334422588, 0.431988030672, 0.163981601596, 0.00949044525623, 0.000197320900043, 2.79349878838e-05],
        "dvar": [0.000158638169523, 0.0490144379437, 1.13419473171, 11.0837030411, 187.331665039, 108.606208801, 499.317810059, 639.440246582, 663.110412598, 1609.35375977, 5497.05761719, 9008.20800781, 5698.09228516, 2438.37280273, 2927.97583008, 6825.64941406, 7837.44824219, 7462.89550781, 2103.44238281, 746.645507812, 1055.17211914, 253.387512207, 210.55039978, 552.949768066, 392.311279297, 1102.04309082, 617.982910156, 806.055236816, 669.628051758, 163.487472534, 158.95211792, 31.1376399994, 10.7357845306, 1.76467645168, 1.93706440926, 1.26064431667, 0.218830302358, 0.000736509042326, 2.79192221342e-07, 1.24650045841e-09],
        "dvar2": [0.000419468735345, 0.124977461994, 2.67789530754, 26.5378608704, 425.524536133, 277.532073975, 1282.25305176, 1731.97070312, 1844.00292969, 3971.63085938, 13443.3164062, 19115.6777344, 10692.8359375, 6541.38867188, 8145.828125, 18279.4433594, 17795.4375, 18679.7460938, 4721.40380859, 1668.94482422, 2849.19726562, 702.90838623, 558.971252441, 1151.76965332, 924.943359375, 2890.5402832, 1532.77001953, 2135.84716797, 1800.20043945, 437.10369873, 435.243255615, 83.8436660767, 29.4328594208, 4.65513324738, 5.62639808655, 3.6750690937, 0.636209726334, 0.00212211371399, 8.05192541975e-07, 3.4638827362e-09],
        "max": [0.170984357595, 2.99625730515, 13.6144542694, 46.0420570374, 207.408676147, 119.575027466, 231.758483887, 280.464233398, 309.943389893, 561.415466309, 1465.18554688, 1864.79711914, 2230.43701172, 744.97052002, 708.33190918, 1794.10388184, 2040.484375, 1671.95446777, 761.16192627, 504.702270508, 396.454681396, 213.011489868, 186.048660278, 364.305603027, 263.651489258, 322.498504639, 202.288818359, 343.599517822, 278.592254639, 127.056037903, 104.178894043, 48.2602844238, 34.0479469299, 23.3890686035, 17.8442268372, 14.7578611374, 6.76991701126, 0.455158948898, 0.00837638601661, 0.00042697309982],
        "mean": [0.0175445806235, 0.384577363729, 1.69955122471, 3.10352373123, 8.90419387817, 8.04533481598, 11.3073854446, 10.219865799, 13.3091812134, 31.3422851562, 43.9034690857, 52.6583404541, 44.8734550476, 31.729309082, 26.1025981903, 26.1995353699, 38.5437431335, 34.8065643311, 23.9120674133, 13.5442152023, 16.8300151825, 10.6739940643, 9.88532066345, 16.8042697906, 17.4098205566, 17.2042293549, 14.6047229767, 11.1455087662, 8.17601013184, 5.09480571747, 4.47872829437, 2.45656132698, 1.44608867168, 0.612463057041, 0.310888856649, 0.161923214793, 0.056943770498, 0.00344660039991, 8.38422929519e-05, 3.00678675558e-05],
        "median": [0.0102668665349, 0.339633643627, 1.20037746429, 1.81513381004, 4.20982170105, 4.78937101364, 4.65599870682, 3.50513863564, 5.65217018127, 16.1342773438, 16.4985923767, 15.6839962006, 13.8455057144, 10.3188066483, 6.0660161972, 4.78345394135, 8.38238430023, 7.59608125687, 4.53809738159, 4.26584482193, 6.80351781845, 4.41354799271, 3.5828204155, 5.6348233223, 6.32115459442, 5.93263339996, 4.45531797409, 3.10108566284, 2.41626238823, 1.7183328867, 1.33093357086, 0.779373645782, 0.508789241314, 0.210506737232, 0.0885958895087, 0.0272272285074, 0.00611153291538, 0.000392718822695, 2.12340091821e-05, 2.11577244045e-05],
        "min": [6.14896707702e-05, 0.000885985558853, 0.00614638021216, 0.0182138457894, 0.0464064702392, 0.211035087705, 0.103383138776, 0.166041985154, 0.190746054053, 0.241028264165, 0.122163452208, 0.150672197342, 0.214926272631, 0.169478967786, 0.11353289336, 0.196413785219, 0.040773242712, 0.0471019931138, 0.111662611365, 0.0778565108776, 0.0452418141067, 0.0199826583266, 0.0175575949252, 0.0225673951209, 0.0150809818879, 0.0182410404086, 0.0123536996543, 0.016398249194, 0.0130931502208, 0.0121025238186, 0.00777728203684, 0.00506155472249, 0.000848774681799, 0.000111906047096, 1.3755652617e-05, 2.61096647591e-06, 1.19413505217e-06, 1.97690710024e-07, 6.88171155616e-07, 1.43201998526e-06],
        "var": [0.000396924791858, 0.135375320911, 2.92350673676, 16.3905239105, 305.46472168, 120.414428711, 484.730773926, 513.252990723, 612.547424316, 2129.94384766, 7743.01953125, 13714.1064453, 14786.8476562, 3608.95556641, 3648.61645508, 6470.2109375, 12524.0126953, 9261.10253906, 3816.99389648, 1159.96008301, 1167.05334473, 321.568817139, 256.934234619, 1121.30163574, 766.513366699, 970.253479004, 638.112976074, 670.166992188, 483.524597168, 122.41506958, 112.878601074, 25.6449623108, 8.91859531403, 1.68695056438, 1.13112366199, 0.685211837292, 0.118563517928, 0.000403353653383, 1.53563178173e-07, 1.03956177e-09]
    },
    "gfcc": {
        "mean": [-4.40359401703, 95.3839416504, -122.835594177, 36.1830368042, -77.0646591187, 14.2783031464, -35.5632209778, 8.08200740814, -26.3566322327, 0.229734882712, -20.7233409882, -10.1860084534, -13.9758052826],
        "cov": [[3116.62548828, -1115.0546875, -565.776611328, 32.7192764282, -86.4264450073, 150.451980591, 60.0054244995, 178.855499268, -130.52897644, 202.673522949, -38.0550918579, 72.9615020752, -107.282409668], [-1115.0546875, 998.368103027, 136.973236084, 26.1297073364, 125.229431152, -83.1691055298, 97.8028335571, -87.7798461914, 124.579864502, -150.553771973, 111.784645081, -87.1313095093, 86.1991424561], [-565.776611328, 136.973236084, 607.630859375, 55.1569213867, 22.4808578491, -16.1184158325, -106.172477722, -32.6756019592, -17.292640686, -18.120973587, -60.2186889648, 68.6537857056, -6.82505702972], [32.7192764282, 26.1297073364, 55.1569213867, 198.436065674, 37.7932281494, 20.1430778503, -29.0639266968, -3.84585475922, 72.7276229858, -6.67535734177, 1.30942285061, -13.9558706284, 33.8178138733], [-86.4264450073, 125.229431152, 22.4808578491, 37.7932281494, 192.934967041, 43.8235054016, 39.6292762756, -8.95939922333, 5.85959100723, 16.2372760773, -9.85420894623, -2.18568825722, 3.39779734612], [150.451980591, -83.1691055298, -16.1184158325, 20.1430778503, 43.8235054016, 173.831985474, 86.8639984131, 46.1206512451, -20.7510871887, 11.9269790649, 19.3277854919, 2.19441390038, -9.91414260864], [60.0054244995, 97.8028335571, -106.172477722, -29.0639266968, 39.6292762756, 86.8639984131, 216.015045166, 63.0718536377, -18.8346252441, -15.823015213, 43.9729537964, -12.8612060547, -14.631234169], [178.855499268, -87.7798461914, -32.6756019592, -3.84585475922, -8.95939922333, 46.1206512451, 63.0718536377, 153.843658447, 32.4459533691, 12.0603189468, -6.51600217819, 1.90672540665, -8.38025856018], [-130.52897644, 124.579864502, -17.292640686, 72.7276229858, 5.85959100723, -20.7510871887, -18.8346252441, 32.4459533691, 158.126144409, 4.10907363892, 5.80012273788, -34.0613632202, 35.9258346558], [202.673522949, -150.553771973, -18.120973587, -6.67535734177, 16.2372760773, 11.9269790649, -15.823015213, 12.0603189468, 4.10907363892, 112.300514221, -10.1614522934, 15.4879608154, -20.6034965515], [-38.0550918579, 111.784645081, -60.2186889648, 1.30942285061, -9.85420894623, 19.3277854919, 43.9729537964, -6.51600217819, 5.80012273788, -10.1614522934, 108.256660461, 5.87657022476, 11.7940273285], [72.9615020752, -87.1313095093, 68.6537857056, -13.9558706284, -2.18568825722, 2.19441390038, -12.8612060547, 1.90672540665, -34.0613632202, 15.4879608154, 5.87657022476, 98.5854187012, 6.8724193573], [-107.282409668, 86.1991424561, -6.82505702972, 33.8178138733, 3.39779734612, -9.91414260864, -14.631234169, -8.38025856018, 35.9258346558, -20.6034965515, 11.7940273285, 6.8724193573, 82.4119873047]],
        "icov": [[0.000725407793652, 0.000490495876875, 0.00064729899168, -0.000701013079379, 7.38074886613e-05, 3.68258451999e-06, -7.65696095186e-05, -0.000452551670605, 0.000509922625497, -0.000441918266006, 3.74409282813e-05, -0.000438165850937, 0.000408749911003], [0.000490495876875, 0.00552368257195, -0.00231295335107, 0.00204388191923, -0.00384292099625, 0.00365392304957, -0.00382666289806, 0.0024264245294, -0.00380786252208, 0.00416524056345, -0.0054674805142, 0.00426266109571, -0.0028756079264], [0.00064729899168, -0.00231295335107, 0.00425977958366, -0.00256552826613, 0.00179516430944, -0.00221100077033, 0.00288076675497, -0.00166579103097, 0.00256392336451, -0.00173244276084, 0.00393540831283, -0.00463755149394, 0.00294220843352], [-0.000701013079379, 0.00204388191923, -0.00256552826613, 0.00913930684328, -0.00304898200557, -7.62732743169e-05, -0.000533286423888, 0.00232003815472, -0.00562911527231, 0.00313567905687, -0.00301476870663, 0.00320122065023, -0.00335305859335], [7.38074886613e-05, -0.00384292099625, 0.00179516430944, -0.00304898200557, 0.00930266175419, -0.00384293380193, 0.000842513923999, -0.000458048889413, 0.00277285813354, -0.00471662636846, 0.00558628374711, -0.00348699907772, 0.00187594490126], [3.68258451999e-06, 0.00365392304957, -0.00221100077033, -7.62732743169e-05, -0.00384293380193, 0.0111515810713, -0.00534267956391, -0.00015657536278, -0.000630288850516, 0.00181244686246, -0.00492520816624, 0.00368013675325, -0.00230748043396], [-7.65696095186e-05, -0.00382666289806, 0.00288076675497, -0.000533286423888, 0.000842513923999, -0.00534267956391, 0.0112450290471, -0.00491759134457, 0.00382635346614, -0.00108594843186, 0.00117227842566, -0.00251332763582, 0.0032814538572], [-0.000452551670605, 0.0024264245294, -0.00166579103097, 0.00232003815472, -0.000458048889413, -0.00015657536278, -0.00491759134457, 0.0112148132175, -0.00613254448399, 0.00207166327164, -0.000394225498894, 0.000735235516913, -0.000763246789575], [0.000509922625497, -0.00380786252208, 0.00256392336451, -0.00562911527231, 0.00277285813354, -0.000630288850516, 0.00382635346614, -0.00613254448399, 0.0144602041692, -0.00557140028104, 0.00285956263542, 0.00014446170826, -0.00108332186937], [-0.000441918266006, 0.00416524056345, -0.00173244276084, 0.00313567905687, -0.00471662636846, 0.00181244686246, -0.00108594843186, 0.00207166327164, -0.00557140028104, 0.015112166293, -0.00407689763233, 0.00122325902339, 0.000756543129683], [3.74409282813e-05, -0.0054674805142, 0.00393540831283, -0.00301476870663, 0.00558628374711, -0.00492520816624, 0.00117227842566, -0.000394225498894, 0.00285956263542, -0.00407689763233, 0.0175942964852, -0.00722747435793, 0.0024946751073], [-0.000438165850937, 0.00426266109571, -0.00463755149394, 0.00320122065023, -0.00348699907772, 0.00368013675325, -0.00251332763582, 0.000735235516913, 0.00014446170826, 0.00122325902339, -0.00722747435793, 0.0181756615639, -0.00675010262057], [0.000408749911003, -0.0028756079264, 0.00294220843352, -0.00335305859335, 0.00187594490126, -0.00230748043396, 0.0032814538572, -0.000763246789575, -0.00108332186937, 0.000756543129683, 0.0024946751073, -0.00675010262057, 0.0183109175414]]
    },
    "melbands": {
        "dmean": [0.000109489628812, 0.000298512662994, 0.0004057236074, 0.00037577317562, 0.000314427656122, 0.000208086683415, 0.000161676900461, 0.000281140586594, 0.000251698686043, 0.000224316478125, 0.000132365981699, 9.41134057939e-05, 6.99095253367e-05, 6.24690728728e-05, 5.87135691603e-05, 6.8531211582e-05, 4.61213530798e-05, 3.2462659874e-05, 1.28269721245e-05, 1.47544560605e-05, 1.73343505594e-05, 8.63745117385e-06, 7.31031195755e-06, 6.50333595331e-06, 1.03635711639e-05, 9.12139785214e-06, 6.79365575706e-06, 1.20294498629e-05, 1.05328890641e-05, 4.89087005917e-06, 7.73741885496e-06, 6.76652280163e-06, 2.68532130576e-06, 3.23155995829e-06, 3.10623659061e-06, 2.3295185656e-06, 1.28507599584e-06, 1.15210593776e-06, 6.02202135269e-07, 4.36794351799e-07],
        "dmean2": [0.000179230584763, 0.000467839447083, 0.000631091184914, 0.000585468660574, 0.00052140612388, 0.000351309223333, 0.000276010512607, 0.000461902469397, 0.000403638579883, 0.000359092780855, 0.000202912240638, 0.000156093330588, 0.000115058908705, 0.000106994702946, 9.41186008276e-05, 0.0001045211975, 7.59797694627e-05, 4.96362772537e-05, 2.03817762667e-05, 2.40910849243e-05, 2.86844315269e-05, 1.45310214066e-05, 1.22283272503e-05, 1.09208531285e-05, 1.62316246133e-05, 1.39429148476e-05, 1.09858156065e-05, 2.05727046705e-05, 1.76045869011e-05, 8.1132448031e-06, 1.31479200718e-05, 1.16112851174e-05, 4.68018242827e-06, 5.61875685889e-06, 5.46672208657e-06, 4.1102148316e-06, 2.17603746933e-06, 2.02524552151e-06, 1.03644674709e-06, 7.29712553493e-07],
        "dvar": [2.92246724598e-08, 1.91981001763e-07, 5.64300989936e-07, 7.3960205782e-07, 5.79495633701e-07, 3.16177221293e-07, 1.435789585e-07, 2.80553621224e-07, 4.13809715383e-07, 3.28338273903e-07, 1.43451487133e-07, 4.56837447871e-08, 3.08177945385e-08, 4.18524201962e-08, 4.89787943536e-08, 4.37536940012e-08, 2.57385117663e-08, 9.56244594619e-09, 1.20571874707e-09, 1.36754685354e-09, 1.67156855024e-09, 3.43091804966e-10, 2.61715621397e-10, 1.45486761527e-10, 4.83572626386e-10, 4.26593399494e-10, 1.58398877348e-10, 7.32300053929e-10, 4.39552422238e-10, 1.02880835795e-10, 5.03756092396e-10, 4.59161902944e-10, 3.7769936484e-11, 6.58417972921e-11, 6.24237883606e-11, 3.6035670975e-11, 8.88431342383e-12, 8.08598240448e-12, 2.11438267068e-12, 1.05964878799e-12],
        "dvar2": [7.65901972954e-08, 4.42495348807e-07, 1.33954620196e-06, 1.7259175138e-06, 1.46865750139e-06, 8.57545842337e-07, 3.97903960447e-07, 6.9533138003e-07, 9.99374947241e-07, 7.09696053036e-07, 2.73626341141e-07, 1.22077025821e-07, 8.53421511238e-08, 1.14199949053e-07, 1.20358592426e-07, 9.35682820113e-08, 6.58236700701e-08, 2.17307256634e-08, 2.5887676447e-09, 3.34769389987e-09, 4.55889903606e-09, 9.54072931769e-10, 7.12931047531e-10, 3.78548276059e-10, 9.88493842335e-10, 9.68265578827e-10, 4.05798949998e-10, 1.93883020749e-09, 1.08876929694e-09, 2.66454497355e-10, 1.3496770368e-09, 1.23667542873e-09, 1.0309811338e-10, 1.76521672279e-10, 1.70986197423e-10, 9.99174770699e-11, 2.3785114503e-11, 2.26530114111e-11, 5.67030060059e-12, 2.72453175472e-12],
        "max": [0.00226856395602, 0.00611781934276, 0.00864533055574, 0.0135757997632, 0.00815735105425, 0.00671554682776, 0.00467289425433, 0.00824866257608, 0.0132738128304, 0.0103543447331, 0.0111724622548, 0.00337302871048, 0.00259923748672, 0.00277498760261, 0.00414654240012, 0.00446353014559, 0.00321527011693, 0.00178229215089, 0.000633070711046, 0.000600413244683, 0.000569687981624, 0.000256533850916, 0.000219793699216, 0.000143234108691, 0.000358135526767, 0.000356005970389, 0.000145282916492, 0.000245588133112, 0.000180387563887, 0.000135462658363, 0.000241608810029, 0.000237887477851, 6.97635041433e-05, 9.46889340412e-05, 7.73608480813e-05, 5.72776953049e-05, 3.23361709889e-05, 3.10181203531e-05, 2.17744909605e-05, 1.95383508981e-05],
        "mean": [0.000272667530226, 0.000789713580161, 0.000725065241568, 0.000621600367595, 0.000409577623941, 0.00022839178564, 0.000213997409446, 0.000384298124118, 0.000346413027728, 0.00032922392711, 0.000215425083297, 0.000127178573166, 8.5915249656e-05, 6.82606332703e-05, 7.19100280548e-05, 9.42760307225e-05, 6.05262575846e-05, 4.38094284618e-05, 1.77570564119e-05, 1.886237078e-05, 2.02555347641e-05, 1.1408114915e-05, 9.7751217254e-06, 7.88904435467e-06, 1.4319127331e-05, 1.41168320624e-05, 1.03344618765e-05, 1.18659099826e-05, 1.08566237031e-05, 5.81841959502e-06, 7.1145423135e-06, 5.81486938245e-06, 2.53274993156e-06, 2.91171477329e-06, 2.67492032435e-06, 2.10759549191e-06, 1.3185606349e-06, 1.16004139272e-06, 6.32834883163e-07, 4.62765399334e-07],
        "median": [0.000227518001338, 0.000607882044278, 0.000435324909631, 0.000342854997143, 0.000186073040823, 7.85318698036e-05, 9.06378045329e-05, 0.00018539535813, 0.000130105850985, 8.89221701073e-05, 5.97158759774e-05, 3.60267440556e-05, 1.83128631761e-05, 1.0590319107e-05, 1.24316984511e-05, 1.81825271284e-05, 1.18190364446e-05, 6.43670955469e-06, 4.7263806664e-06, 6.55933899907e-06, 8.06454318081e-06, 4.54214523415e-06, 2.89340005111e-06, 2.78706079371e-06, 4.36218397226e-06, 3.9141450543e-06, 3.83657015846e-06, 3.42412522514e-06, 2.92364893539e-06, 1.72273303178e-06, 1.79155972546e-06, 1.42631608924e-06, 9.26982522742e-07, 8.83368215909e-07, 7.63762329825e-07, 6.07691106325e-07, 4.14933310822e-07, 3.71630648033e-07, 2.24613458499e-07, 1.46760811504e-07],
        "min": [3.59820148788e-07, 2.80374661088e-06, 4.82013047076e-06, 9.30232090468e-06, 3.26187455357e-06, 2.30453542827e-06, 2.18792456508e-06, 6.17069929376e-07, 7.02312377143e-07, 1.03153001874e-06, 6.10270888046e-07, 5.76473553338e-07, 4.50421453024e-07, 3.05491909103e-07, 3.12413732217e-07, 2.50516283273e-08, 6.0348121167e-08, 1.58841217512e-07, 1.15236780118e-07, 3.07125063159e-08, 4.41251231109e-08, 2.05007744114e-08, 1.57078545726e-08, 1.71433871543e-08, 1.83355943761e-08, 1.13141105373e-08, 1.0118665017e-08, 1.0250393423e-08, 7.22398896258e-09, 8.68985949865e-09, 9.49018819085e-09, 5.43354383709e-09, 5.16065856715e-09, 7.67086660858e-09, 3.79415920904e-09, 3.91664434218e-09, 4.59736110292e-10, 3.4007299754e-10, 1.41184893637e-11, 2.09629015535e-12],
