{
"highlevel": {
    "danceability": {
        "all": {
            "danceable": 0.00649110134691,
            "not_danceable": 0.99350887537
        },
        "probability": 0.99350887537,
        "value": "not_danceable"
    },
    "gender": {
        "all": {
            "female": 0.487354308367,
            "male": 0.512645661831
        },
        "probability": 0.512645661831,
        "value": "male"
    },
    "genre_dortmund": {
        "all": {
            "alternative": 0.16507640481,
            "blues": 0.0226356964558,
            "electronic": 0.00286249327473,
            "folkcountry": 0.12610425055,
            "funksoulrnb": 0.0175543501973,
            "jazz": 0.0220244377851,
            "pop": 0.170434772968,
            "raphiphop": 0.0010239809053,
            "rock": 0.472283601761
        },
        "probability": 0.472283601761,
        "value": "rock"
    },
    "genre_electronic": {
        "all": {
            "ambient": 0.644064545631,
            "dnb": 0.173395067453,
            "house": 0.0915504842997,
            "techno": 0.0146041726694,
            "trance": 0.0763857066631
        },
        "probability": 0.644064545631,
        "value": "ambient"
    },
    "genre_rosamerica": {
        "all": {
            "cla": 0.00451714312658,
            "dan": 0.00519352359697,
            "hip": 0.000653786410112,
            "jaz": 0.00357325188816,
            "pop": 0.346746861935,
            "rhy": 0.0175899360329,
            "roc": 0.621224224567,
            "spe": 0.000501283851918
        },
        "probability": 0.621224224567,
        "value": "roc"
    },
    "genre_tzanetakis": {
        "all": {
            "blu": 0.0626613423228,
            "cla": 0.0348169617355,
            "cou": 0.104475811124,
            "dis": 0.0784321576357,
            "hip": 0.15692435205,
            "jaz": 0.313974827528,
            "met": 0.0448166541755,
            "pop": 0.0627359300852,
            "reg": 0.0627360641956,
            "roc": 0.0784258767962
        },
        "probability": 0.313974827528,
        "value": "jaz"
    },
    "ismir04_rhythm": {
        "all": {
            "ChaChaCha": 0.174372300506,
            "Jive": 0.243581026793,
            "Quickstep": 0.160405859351,
            "Rumba-American": 0.0173275340348,
            "Rumba-International": 0.0935115814209,
            "Rumba-Misc": 0.0146140931174,
            "Samba": 0.0611179694533,
            "Tango": 0.0293533746153,
            "VienneseWaltz": 0.158595710993,
            "Waltz": 0.0471205487847
        },
        "probability": 0.243581026793,
        "value": "Jive"
    },
    "mood_acoustic": {
        "all": {
            "acoustic": 0.0246404670179,
            "not_acoustic": 0.975359559059
        },
        "probability": 0.975359559059,
        "value": "not_acoustic"
    },
    "mood_aggressive": {
        "all": {
            "aggressive": 0.430959105492,
            "not_aggressive": 0.569040894508
        },
        "probability": 0.569040894508,
        "value": "not_aggressive"
    },
    "mood_electronic": {
        "all": {
            "electronic": 0.181539550424,
            "not_electronic": 0.818460464478
        },
        "probability": 0.818460464478,
        "value": "not_electronic"
    },
    "mood_happy": {
        "all": {
            "happy": 0.836718738079,
            "not_happy": 0.16328124702
        },
        "probability": 0.836718738079,
        "value": "happy"
    },
    "mood_party": {
        "all": {
            "not_party": 0.793802678585,
            "party": 0.206197351217
        },
        "probability": 0.793802678585,
        "value": "not_party"
    },
    "mood_relaxed": {
        "all": {
            "not_relaxed": 0.245134472847,
            "relaxed": 0.754865527153
        },
        "probability": 0.754865527153,
        "value": "relaxed"
    },
    "mood_sad": {
        "all": {
            "not_sad": 0.334730088711,
            "sad": 0.665269911289
        },
        "probability": 0.665269911289,
        "value": "sad"
    },
    "moods_mirex": {
        "all": {
            "Cluster1": 0.500599086285,
            "Cluster2": 0.30005684495,
            "Cluster3": 0.108506388962,
            "Cluster4": 0.0616315081716,
            "Cluster5": 0.0292061623186
        },
        "probability": 0.500599086285,
        "value": "Cluster1"
    },
    "timbre": {
        "all": {
            "bright": 0.99998241663,
            "dark": 1.75960776687e-05
        },
        "probability": 0.99998241663,
        "value": "bright"
    },
    "tonal_atonal": {
        "all": {
            "atonal": 0.0102922422811,
            "tonal": 0.989707767963
        },
        "probability": 0.989707767963,
        "value": "tonal"
    },
    "voice_instrumental": {
        "all": {
            "instrumental": 0.0150184733793,
            "voice": 0.984981536865
        },
        "probability": 0.984981536865,
        "value": "voice"
    }
},
"lowlevel": {
    "average_loudness": 0.978762745857,
    "barkbands_crest": {
        "dmean": 2.14721775055,
        "dmean2": 3.57073235512,
        "dvar": 5.26339006424,
        "dvar2": 14.6821126938,
        "max": 20.5009994507,
        "mean": 7.91346740723,
        "median": 7.22925519943,
        "min": 2.75814509392,
        "var": 9.20889186859
    },
    "barkbands_flatness_db": {
        "dmean": 0.0172654725611,
        "dmean2": 0.0281548704952,
        "dvar": 0.000306848698528,
        "dvar2": 0.000847654766403,
        "max": 0.321503192186,
        "mean": 0.12511138618,
        "median": 0.114791609347,
        "min": 0.0481426864862,
        "var": 0.00210438389331
    },
    "barkbands_kurtosis": {
        "dmean": 1.69903409481,
        "dmean2": 2.83233880997,
        "dvar": 8.82667446136,
        "dvar2": 24.5102367401,
        "max": 36.6917304993,
        "mean": 1.90465247631,
        "median": 0.889599084854,
        "min": -1.81100332737,
        "var": 12.3840770721
    },
    "barkbands_skewness": {
        "dmean": 0.424795299768,
        "dmean2": 0.681924343109,
        "dvar": 0.262472897768,
        "dvar2": 0.690368652344,
        "max": 5.61852550507,
        "mean": 1.2567499876,
        "median": 1.19083380699,
        "min": -0.539113521576,
        "var": 0.551256358624
    },
    "barkbands_spread": {
        "dmean": 6.12767314911,
        "dmean2": 9.52108478546,
        "dvar": 50.7144126892,
        "dvar2": 116.926460266,
        "max": 83.2914123535,
        "mean": 27.2479572296,
        "median": 24.3782329559,
        "min": 3.9445374012,
        "var": 180.059158325
    },
    "dissonance": {
        "dmean": 0.015849204734,
        "dmean2": 0.026868218556,
        "dvar": 0.000259190797806,
        "dvar2": 0.000764667231124,
        "max": 0.498821109533,
        "mean": 0.464405834675,
        "median": 0.470401138067,
        "min": 0.290100485086,
        "var": 0.000626516062766
    },
    "dynamic_complexity": 1.24108672142,
    "erbbands_crest": {
        "dmean": 1.95527350903,
        "dmean2": 3.15081548691,
        "dvar": 4.06247186661,
        "dvar2": 10.1528902054,
        "max": 27.4094371796,
        "mean": 7.96627950668,
        "median": 6.9646396637,
        "min": 2.59779167175,
        "var": 14.6026926041
    },
    "erbbands_flatness_db": {
        "dmean": 0.0145631516352,
        "dmean2": 0.0205219760537,
        "dvar": 0.000182824558578,
        "dvar2": 0.000333236908773,
        "max": 0.269977480173,
        "mean": 0.139669001102,
        "median": 0.135916337371,
        "min": 0.0638955160975,
        "var": 0.00148415681906
    },
    "erbbands_kurtosis": {
        "dmean": 0.490416616201,
        "dmean2": 0.770638048649,
        "dvar": 0.394583851099,
        "dvar2": 1.0194593668,
        "max": 8.86170387268,
        "mean": -0.252183288336,
        "median": -0.509657859802,
        "min": -1.61256527901,
        "var": 1.09474825859
    },
    "erbbands_skewness": {
        "dmean": 0.267293393612,
        "dmean2": 0.411008417606,
        "dvar": 0.051889937371,
        "dvar2": 0.126588523388,
        "max": 2.28198194504,
        "mean": 0.28832873702,
        "median": 0.284235447645,
        "min": -1.24169123173,
        "var": 0.278905957937
    },
    "erbbands_spread": {
        "dmean": 7.72207260132,
        "dmean2": 11.4726247787,
        "dvar": 66.4069061279,
        "dvar2": 142.569030762,
        "max": 110.02255249,
        "mean": 42.7063941956,
        "median": 39.2581481934,
        "min": 10.4038438797,
        "var": 282.156005859
    },
    "hfc": {
        "dmean": 9.68200778961,
        "dmean2": 14.0465698242,
        "dvar": 214.729202271,
        "dvar2": 476.59072876,
        "max": 177.531234741,
        "mean": 31.4433841705,
        "median": 26.9537696838,
        "min": 2.88675260544,
        "var": 415.278747559
    },
    "melbands_crest": {
        "dmean": 2.73040509224,
        "dmean2": 4.54325723648,
        "dvar": 7.61749076843,
        "dvar2": 19.3803653717,
        "max": 26.5028934479,
        "mean": 11.1646766663,
        "median": 10.4520292282,
        "min": 4.4053106308,
        "var": 15.2035055161
    },
    "melbands_flatness_db": {
        "dmean": 0.0214996803552,
        "dmean2": 0.0339815728366,
        "dvar": 0.000572158547584,
        "dvar2": 0.00153208884876,
        "max": 0.399813652039,
        "mean": 0.174824625254,
        "median": 0.164054140449,
        "min": 0.0565255843103,
        "var": 0.00320645375177
    },
    "melbands_kurtosis": {
        "dmean": 4.60012865067,
        "dmean2": 7.78718900681,
        "dvar": 90.9296112061,
        "dvar2": 254.526000977,
        "max": 116.065582275,
        "mean": 7.88415288925,
        "median": 5.27367019653,
        "min": -1.12563383579,
        "var": 93.4885025024
    },
    "melbands_skewness": {
        "dmean": 0.584235668182,
        "dmean2": 0.948423147202,
        "dvar": 0.678697884083,
        "dvar2": 1.81448602676,
        "max": 8.9564409256,
        "mean": 2.17228484154,
        "median": 1.98031044006,
        "min": 0.120221160352,
        "var": 1.10172116756
    },
    "melbands_spread": {
        "dmean": 6.88032054901,
        "dmean2": 10.6503334045,
        "dvar": 61.9542007446,
        "dvar2": 145.468231201,
        "max": 136.773788452,
        "mean": 26.8371543884,
        "median": 24.4410705566,
        "min": 2.96285152435,
        "var": 194.135406494
    },
    "pitch_salience": {
        "dmean": 0.0578751452267,
        "dmean2": 0.095554612577,
        "dvar": 0.00322046433575,
        "dvar2": 0.00870393030345,
        "max": 0.790347993374,
        "mean": 0.575482547283,
        "median": 0.580743670464,
        "min": 0.272700607777,
        "var": 0.00789739005268
    },
    "silence_rate_20dB": {
        "dmean": 0,
        "dmean2": 0,
        "dvar": 0,
        "dvar2": 0,
        "max": 1,
        "mean": 1,
        "median": 1,
        "min": 1,
        "var": 0
    },
    "silence_rate_30dB": {
        "dmean": 0,
        "dmean2": 0,
        "dvar": 0,
        "dvar2": 0,
        "max": 1,
        "mean": 1,
        "median": 1,
        "min": 1,
        "var": 0
    },
    "silence_rate_60dB": {
        "dmean": 0,
        "dmean2": 0,
        "dvar": 0,
        "dvar2": 0,
        "max": 0,
        "mean": 0,
        "median": 0,
        "min": 0,
        "var": 0
    },
    "spectral_centroid": {
        "dmean": 219.332229614,
        "dmean2": 343.771026611,
        "dvar": 46437.5898438,
        "dvar2": 114136.34375,
        "max": 3372.93725586,
        "mean": 1445.36364746,
        "median": 1408.44763184,
        "min": 330.715606689,
        "var": 230669.515625
    },
    "spectral_complexity": {
        "dmean": 3.54334354401,
        "dmean2": 5.44694042206,
        "dvar": 12.088719368,
        "dvar2": 23.6864585876,
        "max": 47,
        "mean": 25.063419342,
        "median": 25,
        "min": 6,
        "var": 66.161605835
    },
    "spectral_decrease": {
        "dmean": 2.54752308138e-09,
        "dmean2": 4.35661373643e-09,
        "dvar": 1.78900885804e-17,
        "dvar2": 4.99611597503e-17,
        "max": -1.826110263e-09,
        "mean": -8.15818701483e-09,
        "median": -7.53802531506e-09,
        "min": -3.24207611868e-08,
        "var": 1.61859327367e-17
    },
    "spectral_energy": {
        "dmean": 0.0101048471406,
        "dmean2": 0.0170951224864,
        "dvar": 0.000263527937932,
        "dvar2": 0.000729254679754,
        "max": 0.124951899052,
        "mean": 0.0336428433657,
        "median": 0.0310984924436,
        "min": 0.00776123022661,
        "var": 0.000251455232501
    },
    "spectral_energyband_high": {
        "dmean": 0.000800928100944,
        "dmean2": 0.00117785122711,
        "dvar": 2.20019819608e-06,
        "dvar2": 4.82248424305e-06,
        "max": 0.0158463735133,
        "mean": 0.00142425391823,
        "median": 0.000721558870282,
        "min": 2.28473777497e-06,
        "var": 4.00663702749e-06
    },
    "spectral_energyband_low": {
        "dmean": 0.00668233446777,
        "dmean2": 0.0121869929135,
        "dvar": 0.000273994286545,
        "dvar2": 0.000777516514063,
        "max": 0.105050414801,
        "mean": 0.00837347749621,
        "median": 0.00522133428603,
        "min": 0.000394087284803,
        "var": 0.000177892361535
    },
    "spectral_energyband_middle_high": {
        "dmean": 0.00198068493046,
        "dmean2": 0.00298540713266,
        "dvar": 5.38438507647e-06,
        "dvar2": 1.1532039025e-05,
        "max": 0.0373478755355,
        "mean": 0.00730606354773,
        "median": 0.00635338854045,
        "min": 0.000275289494311,
        "var": 2.29435554502e-05
    },
    "spectral_energyband_middle_low": {
        "dmean": 0.00495677022263,
        "dmean2": 0.00786872487515,
        "dvar": 3.17977937812e-05,
        "dvar2": 8.20700879558e-05,
        "max": 0.0539913214743,
        "mean": 0.0174493566155,
        "median": 0.0161682292819,
        "min": 0.0020864540711,
        "var": 7.13531189831e-05
    },
    "spectral_entropy": {
        "dmean": 0.133054703474,
        "dmean2": 0.18567982316,
        "dvar": 0.0151830930263,
        "dvar2": 0.0280554518104,
        "max": 8.53740119934,
        "mean": 7.5600528717,
        "median": 7.60846471786,
        "min": 5.84996604919,
        "var": 0.19646205008
    },
    "spectral_flux": {
        "dmean": 0.0276618283242,
        "dmean2": 0.0424149259925,
        "dvar": 0.00129547470715,
        "dvar2": 0.00226169545203,
        "max": 0.289659321308,
        "mean": 0.0903284698725,
        "median": 0.0782794654369,
        "min": 0.00933546479791,
        "var": 0.00236482452601
    },
    "spectral_kurtosis": {
        "dmean": 1.31456005573,
        "dmean2": 2.09450292587,
        "dvar": 2.20550942421,
        "dvar2": 5.62116193771,
        "max": 23.836681366,
        "mean": 4.98413038254,
        "median": 4.61981201172,
        "min": -0.660069942474,
        "var": 9.48094081879
    },
    "spectral_rms": {
        "dmean": 0.000775462540332,
        "dmean2": 0.00127419759519,
        "dvar": 1.12318934953e-06,
        "dvar2": 3.01548379866e-06,
        "max": 0.0110410274938,
        "mean": 0.00560032157227,
        "median": 0.00550817511976,
        "min": 0.00275171431713,
        "var": 1.45872786561e-06
    },
    "spectral_rolloff": {
        "dmean": 632.54864502,
        "dmean2": 1045.18713379,
        "dvar": 1081395.125,
        "dvar2": 2433462.75,
        "max": 11111.1328125,
        "mean": 1795.21533203,
        "median": 1464.2578125,
        "min": 107.666015625,
        "var": 2359588.75
    },
    "spectral_skewness": {
        "dmean": 0.16789971292,
        "dmean2": 0.26779204607,
        "dvar": 0.0271807573736,
        "dvar2": 0.0599735714495,
        "max": 4.01206064224,
        "mean": 1.66123008728,
        "median": 1.65794980526,
        "min": 0.42868694663,
        "var": 0.160387441516
    },
    "spectral_spread": {
        "dmean": 622801.0625,
        "dmean2": 880001.375,
        "dvar": 450706210816,
        "dvar2": 807179124736,
        "max": 10633118,
        "mean": 4830411,
        "median": 4560203,
        "min": 2224613,
        "var": 2.0036878336e+12
    },
    "spectral_strongpeak": {
        "dmean": 0.603846132755,
        "dmean2": 1.03359138966,
        "dvar": 0.808069467545,
        "dvar2": 2.02643060684,
        "max": 9.04608249664,
        "mean": 1.14469945431,
        "median": 0.855963230133,
        "min": 0,
        "var": 1.27925157547
    },
    "zerocrossingrate": {
        "dmean": 0.0121862450615,
        "dmean2": 0.0145232472569,
        "dvar": 0.000179506314453,
        "dvar2": 0.000232964710449,
        "max": 0.22607421875,
        "mean": 0.073890209198,
        "median": 0.06787109375,
        "min": 0.015625,
        "var": 0.00118032726459
    },
    "barkbands": {
        "dmean": [0.000278351624729, 0.00472589116544, 0.00184965645894, 0.000895204255357, 0.00199738773517, 0.00196592439897, 0.00107367546298, 0.00087131280452, 0.000950318528339, 0.000785312440712, 0.000229360492085, 0.000541258021258, 0.000285471091047, 0.000439783878392, 0.000306532281684, 0.000238059656112, 0.000371611386072, 0.000275146536296, 0.00019382397295, 0.000227615557378, 0.000105333849206, 8.14656959847e-05, 0.000175336244865, 0.000114661357657, 0.000317712285323, 5.11920443387e-05, 5.02627051091e-09],
        "dmean2": [0.000471145176562, 0.00860164593905, 0.0034528602846, 0.00156265869737, 0.00314936134964, 0.00321707362309, 0.00166426307987, 0.00135164882522, 0.00141239305958, 0.00120958918706, 0.000356667675078, 0.000861053937115, 0.000462288968265, 0.000696442031767, 0.000491946120746, 0.000383053702535, 0.00059697276447, 0.000452223845059, 0.000322965992382, 0.000364507548511, 0.000165382429259, 0.000132799395942, 0.000265448790742, 0.000169837439898, 0.000503127637785, 8.13191218185e-05, 9.27446919263e-09],
        "dvar": [2.59466077068e-07, 0.000129008214572, 2.7823547498e-05, 2.67119594355e-06, 7.6325786722e-06, 6.16049192104e-06, 3.9615915739e-06, 2.27129748964e-06, 2.54380893239e-06, 2.42615624302e-06, 1.22150922266e-07, 1.30392186293e-06, 2.39161835225e-07, 6.35291939943e-07, 1.84833083949e-07, 2.33934002836e-07, 3.99418183861e-07, 1.23208906189e-07, 5.45029266164e-08, 1.01878377734e-07, 4.16461638508e-08, 4.18602716934e-08, 1.61978647384e-07, 1.4359524414e-07, 6.58612691495e-07, 1.54489949722e-08, 6.02087853688e-16],
        "dvar2": [6.60762339066e-07, 0.000366487773135, 8.06603638921e-05, 7.54391203373e-06, 2.06735403481e-05, 1.71724204847e-05, 9.6969133665e-06, 5.05562275066e-06, 6.3153793235e-06, 5.14563635079e-06, 2.90539361458e-07, 2.94293181469e-06, 6.39405357106e-07, 1.58458192345e-06, 4.39336645286e-07, 5.59733905448e-07, 1.06736206362e-06, 3.16410364576e-07, 1.39848509662e-07, 2.39643497935e-07, 9.82252927884e-08, 9.55246122203e-08, 3.45679552538e-07, 2.58176328316e-07, 1.7160208472e-06, 3.96732140473e-08, 1.43148652789e-15],
        "max": [0.00514996564016, 0.0864092260599, 0.0397943109274, 0.0140743255615, 0.0305153131485, 0.0362543128431, 0.0213562101126, 0.024560013786, 0.0224274024367, 0.0250270590186, 0.00459179002792, 0.0275091677904, 0.00715384352952, 0.0160578265786, 0.00691455975175, 0.00736416596919, 0.0100722024217, 0.00352018116973, 0.00339521933347, 0.0052257142961, 0.00207067420706, 0.00342946918681, 0.00597856659442, 0.00751772429794, 0.010090556927, 0.00222258246504, 4.87992963372e-07],
        "mean": [0.000336820870871, 0.00574212381616, 0.00171294400934, 0.00122145854402, 0.00506630865857, 0.00498362677172, 0.00171913777012, 0.00165993324481, 0.00214662938379, 0.00158900395036, 0.000397649040679, 0.00110237987246, 0.000484602409415, 0.000839737185743, 0.00062002800405, 0.000443056545919, 0.000781589769758, 0.000590608804487, 0.000484856398543, 0.000533732294571, 0.000163403936313, 0.000110530396341, 0.000278374762274, 0.000215450374526, 0.000354952091584, 6.39345089439e-05, 3.34116689871e-09],
        "median": [0.000151837331941, 0.00343538541347, 0.000765511766076, 0.000787521596067, 0.00424378085881, 0.00365122966468, 0.000896339886822, 0.00094330497086, 0.000990016269498, 0.000806644326076, 0.000235500672716, 0.000466450699605, 0.000279813481029, 0.000401875848183, 0.000394867733121, 0.00022711022757, 0.00042485279846, 0.000434610876255, 0.000367322762031, 0.000337231089361, 8.39499698486e-05, 3.98870470235e-05, 9.51186593738e-05, 5.86455753364e-05, 0.000132775792736, 3.10743525915e-05, 6.88594625764e-10],
        "min": [2.97139486349e-08, 0.000124562793644, 1.66610989254e-05, 1.95221400645e-06, 0.000169034407008, 6.6501495894e-05, 3.32604554387e-06, 6.10909910392e-06, 3.79996413358e-06, 1.7596203179e-05, 7.33210356429e-07, 2.96757775686e-06, 2.32341804463e-07, 6.88758859724e-07, 4.63143976503e-07, 7.60756336149e-07, 4.62693105874e-06, 6.0409370235e-06, 4.90593401992e-06, 1.89340050838e-06, 2.37175484585e-07, 5.28655803578e-08, 1.34187033041e-07, 1.38572261221e-07, 4.79152902244e-07, 4.90079159476e-08, 9.55266248048e-12],
        "var": [2.58002359033e-07, 8.49111238495e-05, 1.62099058798e-05, 2.16638841266e-06, 1.33307594297e-05, 1.90576047316e-05, 5.56080931347e-06, 4.93285733683e-06, 8.12670805317e-06, 6.77185107634e-06, 2.67454197456e-07, 4.88329669679e-06, 4.32543771467e-07, 1.54741690039e-06, 5.27591907939e-07, 5.10964468958e-07, 1.22091000776e-06, 2.85376842157e-07, 1.75039943429e-07, 3.4076498423e-07, 5.61657671483e-08, 5.33592121599e-08, 3.42447208368e-07, 3.81127961191e-07, 5.68020368519e-07, 1.33039108619e-08, 4.08525605117e-16]
    },
    "erbbands": {
        "dmean": [0.113292068243, 1.15336060524, 2.36266469955, 2.39811849594, 6.01620721817, 6.14757871628, 15.374671936, 14.6368122101, 13.9934301376, 17.4480037689, 21.3194046021, 18.1992416382, 27.0003623962, 19.7274703979, 9.42516422272, 24.1520328522, 13.4533348083, 22.5167369843, 14.7950077057, 14.5490703583, 14.803858757, 17.1971340179, 12.8170518875, 11.9388551712, 10.4905910492, 11.1908349991, 3.79109621048, 5.37700557709, 3.08589315414, 3.55534815788, 5.11622285843, 2.81344485283, 1.77849721909, 1.17721259594, 4.27095031738, 0.423499852419, 0.0963448807597, 0.0060856975615, 0.000139151263284, 2.09059999179e-05],
        "dmean2": [0.198443830013, 2.13923001289, 4.41777086258, 4.26026439667, 10.0920858383, 9.65627765656, 24.2469444275, 24.1243038177, 22.1837825775, 28.3248634338, 32.2520141602, 27.9266490936, 39.2228050232, 30.4644680023, 14.6012220383, 38.7176246643, 21.7072467804, 35.7560539246, 23.7452526093, 22.6452293396, 23.500705719, 27.7604141235, 20.602350235, 19.8470363617, 17.0039176941, 17.9416351318, 5.91400241852, 8.57436656952, 4.97961854935, 5.38144016266, 7.76067876816, 4.1053404808, 2.63004994392, 1.75928795338, 6.88514232635, 0.672493994236, 0.14856992662, 0.00943933054805, 0.000211165825021, 3.24988177454e-05],
        "dvar": [0.0487420037389, 9.05190753937, 47.7296867371, 27.5233078003, 109.536628723, 62.2530059814, 346.021148682, 543.683837891, 610.463439941, 1738.36804199, 1395.29870605, 1044.00634766, 3246.34838867, 1078.64086914, 140.582992554, 3137.63256836, 577.726013184, 1665.79272461, 480.321289062, 657.957946777, 722.246154785, 1004.65045166, 277.858978271, 215.392166138, 175.25958252, 299.217010498, 33.1060791016, 157.939117432, 60.8914527893, 75.1938934326, 155.673187256, 85.7232513428, 34.9958648682, 5.16055250168, 136.461425781, 1.13964831829, 0.0385709516704, 0.000127693274408, 7.40980965475e-08, 1.1218909135e-09],
        "dvar2": [0.130268573761, 26.2473678589, 138.063476562, 78.7303771973, 301.350891113, 158.500320435, 863.659545898, 1478.15808105, 1417.25463867, 4529.16894531, 3002.79003906, 2820.73828125, 6675.02099609, 2628.78662109, 344.210235596, 6910.63427734, 1587.3092041, 3935.21533203, 1341.04223633, 1411.60888672, 1752.55126953, 2684.59448242, 683.387084961, 548.46484375, 449.87399292, 723.687927246, 78.6161804199, 388.932189941, 143.651092529, 160.727127075, 350.155181885, 161.545776367, 72.0499267578, 11.0702934265, 357.559204102, 2.93414139748, 0.0917181670666, 0.000293258315651, 1.6875368658e-07, 2.6684450205e-09],
        "max": [1.61570644379, 21.7748222351, 46.8191337585, 43.8417778015, 97.7831192017, 88.9305267334, 264.414916992, 330.188903809, 441.082305908, 411.720550537, 671.37286377, 594.271606445, 962.752502441, 607.59161377, 154.877990723, 1427.35900879, 351.100982666, 893.735961914, 265.663787842, 425.588867188, 506.540771484, 467.958740234, 237.941116333, 180.773483276, 226.925476074, 272.540374756, 76.8710479736, 129.060668945, 119.692955017, 170.173233032, 193.701538086, 135.508422852, 122.645561218, 26.6337795258, 141.060958862, 16.1954135895, 2.88464736938, 0.125917524099, 0.00291679333895, 0.000365997781046],
        "mean": [0.179033324122, 1.21306073666, 2.12068367004, 3.37335729599, 9.54062747955, 15.6866025925, 39.0387306213, 35.1904411316, 27.5456542969, 25.0821228027, 43.2603302002, 40.1064872742, 65.691696167, 38.4326438904, 20.8428096771, 49.863948822, 25.5682888031, 44.3860855103, 30.956281662, 30.0892448425, 31.2458724976, 38.1554603577, 31.1659355164, 28.7039070129, 26.6560115814, 26.2301025391, 8.4336977005, 7.10311841965, 4.10507678986, 5.59652471542, 8.01023483276, 5.18849372864, 3.1519100666, 1.9067029953, 4.23310709, 0.467730343342, 0.130295455456, 0.00861078035086, 0.000214265368413, 5.5961903854e-05],
        "median": [0.114515021443, 0.679187119007, 0.921123743057, 2.22990012169, 6.31755590439, 11.7639780045, 27.8781108856, 21.2029209137, 16.8520412445, 11.2823724747, 25.9129619598, 23.2946205139, 28.6977748871, 25.6932258606, 15.3169651031, 19.5225849152, 16.215801239, 22.8602924347, 21.5275421143, 16.9865627289, 16.7636890411, 22.5778064728, 23.4902839661, 21.9263858795, 19.6216907501, 16.1779937744, 4.83724355698, 3.12967562675, 1.56366920471, 1.83811438084, 2.6918156147, 1.36966860294, 0.894441485405, 0.804191172123, 1.30891036987, 0.1933054775, 0.0680902078748, 0.00430081645027, 0.000117991810839, 4.59746697743e-05],
        "min": [0.00419706013054, 0.0344653464854, 0.0282450523227, 0.103619746864, 0.382377207279, 0.54338735342, 1.12819337845, 0.857730567455, 0.0917936116457, 0.201232090592, 0.20262734592, 0.33953294158, 1.26967179775, 0.835923135281, 0.313098996878, 0.21646361053, 0.172111168504, 0.0489021353424, 0.0435987114906, 0.0344330258667, 0.104519933462, 0.42002171278, 0.326481461525, 0.284039735794, 0.268471121788, 0.0982315689325, 0.0209468379617, 0.00789017789066, 0.00303928391077, 0.00255449209362, 0.00367907434702, 0.00247702398337, 0.00273304898292, 0.00401349877939, 0.00373578397557, 0.00117707357276, 0.000494497886393, 4.51341184089e-05, 6.23886216999e-06, 1.1087022358e-05],
        "var": [0.0444360934198, 5.43812417984, 27.5620594025, 19.1195144653, 106.010490417, 164.882476807, 1325.05871582, 1657.64733887, 1097.06408691, 1883.28942871, 3211.33154297, 2363.29858398, 10594.8115234, 1935.13500977, 367.991333008, 12388.2363281, 992.630432129, 4152.24462891, 1097.14807129, 2059.25708008, 2013.49963379, 2718.32299805, 792.992675781, 567.965942383, 581.957580566, 969.363769531, 94.9199829102, 164.066665649, 71.0721130371, 140.265014648, 309.841430664, 216.099243164, 80.2571792603, 11.1259641647, 111.065155029, 0.964103519917, 0.0413949005306, 0.000162848751643, 9.06962469571e-08, 1.33160416027e-09]
    },
    "gfcc": {
        "mean": [49.3690719604, 88.1454238892, -111.820716858, 27.48645401, -56.7379760742, 11.64432621, -45.2590751648, 23.1456317902, -35.1349105835, 6.84223031998, -12.2590293884, 4.82869243622, -7.69627714157],
        "cov": [[1721.15307617, -883.590820312, -135.974502563, 106.392936707, -312.336486816, 174.079223633, -204.4868927, -23.5154094696, 186.732162476, 260.201019287, -212.226119995, 9.39654159546, -201.535552979], [-883.590820312, 767.404968262, -84.876373291, -149.243637085, 277.044403076, -171.676986694, 113.301094055, 27.1172084808, -84.5868682861, -133.106430054, 126.225669861, -53.4646911621, 119.550102234], [-135.974502563, -84.876373291, 321.033325195, 87.9939041138, -48.1515655518, 43.5574874878, 12.1991357803, -11.8569536209, -20.6740894318, -10.1814165115, -22.4434890747, 45.5812644958, -6.44716072083], [106.392936707, -149.243637085, 87.9939041138, 175.942001343, -44.8816070557, 40.1381416321, -5.93767929077, 4.88421344757, 25.2516593933, 4.05117368698, -5.12210607529, 3.86607980728, -6.93822860718], [-312.336486816, 277.044403076, -48.1515655518, -44.8816070557, 210.851409912, -42.5116539001, 44.8461532593, 23.6661586761, -39.0459365845, -41.1718330383, 24.7004356384, -20.5902042389, 45.5719146729], [174.079223633, -171.676986694, 43.5574874878, 40.1381416321, -42.5116539001, 175.58052063, 16.3612365723, -16.9691181183, 21.5707321167, 13.7521343231, -7.12202119827, -31.7669792175, -28.8399715424], [-204.4868927, 113.301094055, 12.1991357803, -5.93767929077, 44.8461532593, 16.3612365723, 114.038345337, 17.3859043121, -46.9598083496, -22.9618110657, 37.6612815857, -12.3735456467, 6.65803146362], [-23.5154094696, 27.1172084808, -11.8569536209, 4.88421344757, 23.6661586761, -16.9691181183, 17.3859043121, 82.2295532227, 28.6673851013, -6.42757701874, 6.28709554672, 9.68316173553, 6.74865007401], [186.732162476, -84.5868682861, -20.6740894318, 25.2516593933, -39.0459365845, 21.5707321167, -46.9598083496, 28.6673851013, 104.230918884, 35.6878509521, -24.547460556, 3.82799601555, -17.0726566315], [260.201019287, -133.106430054, -10.1814165115, 4.05117368698, -41.1718330383, 13.7521343231, -22.9618110657, -6.42757701874, 35.6878509521, 117.713432312, -38.0134887695, 9.40740299225, -43.1907691956], [-212.226119995, 126.225669861, -22.4434890747, -5.12210607529, 24.7004356384, -7.12202119827, 37.6612815857, 6.28709554672, -24.547460556, -38.0134887695, 112.028190613, -5.20574998856, 27.6134872437], [9.39654159546, -53.4646911621, 45.5812644958, 3.86607980728, -20.5902042389, -31.7669792175, -12.3735456467, 9.68316173553, 3.82799601555, 9.40740299225, -5.20574998856, 98.0962905884, 1.65630066395], [-201.535552979, 119.550102234, -6.44716072083, -6.93822860718, 45.5719146729, -28.8399715424, 6.65803146362, 6.74865007401, -17.0726566315, -43.1907691956, 27.6134872437, 1.65630066395, 90.2631149292]],
        "icov": [[0.00301602622494, 0.00158815621398, 0.00220229267143, -0.000753758242354, 0.000955783645622, -0.00125383539125, 0.0021904038731, -0.000786509830505, -5.27418487763e-05, -0.00239758659154, 0.00204138993286, 3.87781619793e-05, 0.00196159328334], [0.00158815621398, 0.0100135942921, -0.00115529028699, 0.00483625009656, -0.00688832113519, 0.00763586256653, -0.00559608265758, 0.00370550062507, -0.00629122182727, 0.00268146255985, -0.00431685242802, 0.00540102738887, -0.00205955212004], [0.00220229267143, -0.00115529028699, 0.00669043743983, -0.0039167329669, 0.00311694364063, -0.00412411801517, 0.00278063793667, -0.00145264482126, 0.00320831732824, -0.0019881753251, 0.00417382176965, -0.00373039301485, 0.0020833350718], [-0.000753758242354, 0.00483625009656, -0.0039167329669, 0.010504912585, -0.00354868313298, 0.00430474849418, -0.00442213285714, 0.00203856779262, -0.00537378108129, 0.00298201385885, -0.00409731455147, 0.00375475292094, -0.0026247985661], [0.000955783645622, -0.00688832113519, 0.00311694364063, -0.00354868313298, 0.0130486628041, -0.00614976417273, 0.00441772770137, -0.00541268289089, 0.00649322383106, -0.00333308638074, 0.0055613797158, -0.00296615273692, 0.000719484058209], [-0.00125383539125, 0.00763586256653, -0.00412411801517, 0.00430474849418, -0.00614976417273, 0.0160492900759, -0.00997618120164, 0.00668993731961, -0.00899398326874, 0.00474801147357, -0.00570797082037, 0.00764664029703, -0.00223147450015], [0.0021904038731, -0.00559608265758, 0.00278063793667, -0.00442213285714, 0.00441772770137, -0.00997618120164, 0.0217925235629, -0.00987944379449, 0.0126880705357, -0.00545840943232, 0.00196150923148, -0.00291083869524, 0.0051157749258], [-0.000786509830505, 0.00370550062507, -0.00145264482126, 0.00203856779262, -0.00541268289089, 0.00668993731961, -0.00987944379449, 0.0203620325774, -0.0123016089201, 0.00432279380038, -0.00279571511783, 0.000413738685893, -0.00194499047939], [-5.27418487763e-05, -0.00629122182727, 0.00320831732824, -0.00537378108129, 0.00649322383106, -0.00899398326874, 0.0126880705357, -0.0123016089201, 0.023473104462, -0.00609183451161, 0.00418098177761, -0.00358432531357, 0.00217426684685], [-0.00239758659154, 0.00268146255985, -0.0019881753251, 0.00298201385885, -0.00333308638074, 0.00474801147357, -0.00545840943232, 0.00432279380038, -0.00609183451161, 0.0157878082246, -0.00145326857455, 0.000844889204018, 0.00129305175506], [0.00204138993286, -0.00431685242802, 0.00417382176965, -0.00409731455147, 0.0055613797158, -0.00570797082037, 0.00196150923148, -0.00279571511783, 0.00418098177761, -0.00145326857455, 0.0162500590086, -0.00366031308658, 0.0008827028214], [3.87781619793e-05, 0.00540102738887, -0.00373039301485, 0.00375475292094, -0.00296615273692, 0.00764664029703, -0.00291083869524, 0.000413738685893, -0.00358432531357, 0.000844889204018, -0.00366031308658, 0.0160696655512, -0.00236898101866], [0.00196159328334, -0.00205955212004, 0.0020833350718, -0.0026247985661, 0.000719484058209, -0.00223147450015, 0.0051157749258, -0.00194499047939, 0.00217426684685, 0.00129305175506, 0.0008827028214, -0.00236898101866, 0.0176285672933]]
    },
    "melbands": {
        "dmean": [0.00117591256276, 0.00137603969779, 0.000490182486828, 0.000472248997539, 0.000443849072326, 0.000333309231792, 0.000216989908949, 0.000177622438059, 0.000168838072568, 0.000127116349177, 0.000137771508889, 8.50471187732e-05, 3.34148971888e-05, 5.94577613811e-05, 4.52970307379e-05, 3.19889295497e-05, 4.43584576715e-05, 2.43543217948e-05, 2.24457598961e-05, 1.69850227394e-05, 2.06959084608e-05, 2.06535714824e-05, 1.61836924235e-05, 1.49018087541e-05, 1.00564047898e-05, 8.01381338533e-06, 8.7712687673e-06, 7.70679253037e-06, 3.06115884996e-06, 1.86989404938e-06, 3.73527359443e-06, 1.98899806492e-06, 1.23457584777e-06, 2.7210328426e-06, 3.82619555239e-06, 1.82574831342e-06, 1.82121789294e-06, 1.39928386034e-06, 1.00348120213e-06, 6.97494954238e-07],
        "dmean2": [0.00211203028448, 0.00255454727449, 0.000859264633618, 0.000756606750656, 0.000699081167113, 0.00055123976199, 0.000341375940479, 0.000288553797873, 0.000253896228969, 0.000191210885532, 0.000200278736884, 0.000131660053739, 5.13962004334e-05, 9.35504504014e-05, 7.44589269743e-05, 5.1052262279e-05, 7.02705729054e-05, 3.8720183511e-05, 3.57010030712e-05, 2.66496044787e-05, 3.34544529323e-05, 3.37265300914e-05, 2.5601921152e-05, 2.4790817406e-05, 1.68371079781e-05, 1.33007388285e-05, 1.41148757393e-05, 1.23388308566e-05, 4.93760535392e-06, 2.92299887406e-06, 6.10578672422e-06, 3.29983026859e-06, 1.93128062165e-06, 4.21932736572e-06, 5.92085643802e-06, 2.61475611296e-06, 2.7170631256e-06, 2.13028556573e-06, 1.48729441207e-06, 1.0686907217e-06],
        "dvar": [6.60246632833e-06, 1.4991597709e-05, 8.84819087332e-07, 5.15831402481e-07, 2.66669900384e-07, 2.49490454962e-07, 1.29686725359e-07, 1.59920105602e-07, 8.20359602471e-08, 4.64058196314e-08, 8.27770847422e-08, 2.11798472094e-08, 2.4188859804e-09, 1.51463961373e-08, 9.43749611793e-09, 2.40923991868e-09, 6.8332610681e-09, 1.63147884091e-09, 1.1458372029e-09, 1.39231681739e-09, 1.52049228763e-09, 1.84325033015e-09, 7.42071293303e-10, 3.89597576422e-10, 1.61660268505e-10, 9.77409958525e-11, 1.3069802185e-10, 1.6168495709e-10, 2.85267538758e-11, 1.10067181064e-11, 8.61977364486e-11, 2.86935249866e-11, 1.31712930493e-11, 3.88285827102e-11, 7.78462572182e-11, 3.48706723219e-11, 3.74026573602e-11, 2.44407914046e-11, 6.92490943061e-12, 1.9307157869e-12],
        "dvar2": [1.84247091966e-05, 4.34477442468e-05, 2.50118000622e-06, 1.40229553836e-06, 6.56954398437e-07, 6.74902025821e-07, 3.06149843254e-07, 4.16063187458e-07, 1.83487927075e-07, 1.19357565609e-07, 1.70171603031e-07, 5.14196933921e-08, 5.84924331193e-09, 3.43859412055e-08, 2.36940405074e-08, 5.75188208174e-09, 1.60538853322e-08, 4.67715643993e-09, 2.56445442659e-09, 3.39458128273e-09, 3.79768883008e-09, 5.08292963275e-09, 1.76397363383e-09, 1.05509567749e-09, 4.18225704069e-10, 2.42129066796e-10, 3.36509986543e-10, 3.9093675519e-10, 7.28510585191e-11, 2.52055511879e-11, 2.18030440924e-10, 7.33978572365e-11, 2.69972724731e-11, 8.6200456495e-11, 1.87179868827e-10, 6.42927169836e-11, 7.42234260165e-11, 5.35484781516e-11, 1.29108598812e-11, 4.11884068519e-12],
        "max": [0.0200209468603, 0.0241132862866, 0.00756758078933, 0.00808856636286, 0.00782061647624, 0.00720131583512, 0.00569072319195, 0.00400099204853, 0.0049693165347, 0.00326567934826, 0.00475388905033, 0.00270357518457, 0.000643367005978, 0.00282802479342, 0.00182280584704, 0.000861187756527, 0.00160008005332, 0.000558627711143, 0.000589907052927, 0.000725716061424, 0.000718449125998, 0.000684406259097, 0.000575581681915, 0.00018797966186, 0.000148663399159, 0.00018737083883, 0.000141317330417, 0.000205245974939, 8.11513891676e-05, 3.47248387698e-05, 0.000108778542199, 6.13148731645e-05, 8.68134957273e-05, 0.000105835162685, 0.000132320215926, 9.22417457332e-05, 0.000109896303911, 0.000106718885945, 4.68193647976e-05, 1.81748855539e-05],
        "mean": [0.00160934915766, 0.00131792819593, 0.00071099383058, 0.000941082951613, 0.00117205828428, 0.000809068384115, 0.000422912242357, 0.000267417955911, 0.000336864992278, 0.000281249725958, 0.000328430876834, 0.000157215006766, 6.29726637271e-05, 0.000121924997075, 8.25312745292e-05, 5.58200954401e-05, 8.59602441778e-05, 4.72227002319e-05, 4.55950175819e-05, 3.13204109261e-05, 3.98801494157e-05, 4.08409214288e-05, 3.33171010425e-05, 2.98916111205e-05, 2.20788115257e-05, 1.88910416909e-05, 1.93515625142e-05, 1.69944905792e-05, 5.95311666984e-06, 3.03670117319e-06, 4.44734041594e-06, 2.33920491155e-06, 1.83845543233e-06, 3.98543352276e-06, 5.37332880413e-06, 3.44910495187e-06, 3.04827563014e-06, 2.3122966013e-06, 1.72324087089e-06, 1.16131536743e-06],
        "median": [0.00100335665047, 0.00064283242682, 0.00049615179887, 0.000684085884131, 0.000883051776327, 0.000532736477908, 0.000271034659818, 0.000130908520077, 0.00021006091265, 0.000140646036016, 0.00013959298667, 9.66365842032e-05, 4.08261512348e-05, 5.08634475409e-05, 4.03867670684e-05, 3.33491589117e-05, 3.92071233364e-05, 2.77317230939e-05, 2.60360247921e-05, 1.60432864504e-05, 1.9795674234e-05, 2.19577250391e-05, 1.90991140698e-05, 2.06437489396e-05, 1.64196680998e-05, 1.42947210406e-05, 1.32725799631e-05, 9.31473186938e-06, 2.88021010419e-06, 1.59556032031e-06, 1.73720866314e-06, 8.65887670898e-07, 5.46816011138e-07, 1.33434252803e-06, 1.82131418569e-06, 8.84904125087e-07, 7.88261161233e-07, 6.00205737555e-07, 5.31192426934e-07, 4.98408041949e-07],
        "min": [5.85973648413e-05, 3.13304153678e-05, 3.03500928567e-05, 3.10914037982e-05, 4.5268679969e-05, 1.60231338668e-05, 6.62412958263e-07, 1.73189414454e-06, 1.67772884652e-06, 1.48264768995e-06, 2.63886613538e-06, 2.20474043999e-06, 2.12356226825e-07, 3.50290576989e-07, 2.98994137893e-07, 2.57453276475e-08, 6.47988898095e-08, 7.30434095431e-08, 3.43111814516e-08, 3.06601997124e-08, 1.01165390731e-07, 2.23822326006e-07, 1.89913450299e-07, 3.03636255694e-07, 2.1525396221e-07, 1.76415269948e-07, 9.74739151616e-08, 4.008235166e-08, 1.25785186711e-08, 5.48149747814e-10, 3.95562915756e-09, 1.57148427604e-09, 5.54676249376e-10, 1.87187243483e-09, 1.65006730501e-09, 1.44289979964e-09, 1.52796142405e-09, 1.71539904503e-09, 1.64065017128e-09, 3.72113406755e-09],
