{
"highlevel": {
    "danceability": {
        "all": {
            "danceable": 0.989181935787,
            "not_danceable": 0.0108180884272
        },
        "probability": 0.989181935787,
        "value": "danceable"
    },
    "gender": {
        "all": {
            "female": 0.0308507848531,
            "male": 0.969149231911
        },
        "probability": 0.969149231911,
        "value": "male"
    },
    "genre_dortmund": {
        "all": {
            "alternative": 0.0845827236772,
            "blues": 0.0270543210208,
            "electronic": 0.438308030367,
            "folkcountry": 0.0481428988278,
            "funksoulrnb": 0.0357533469796,
            "jazz": 0.114447385073,
            "pop": 0.061039108783,
            "raphiphop": 0.112873263657,
            "rock": 0.0777989402413
        },
        "probability": 0.438308030367,
        "value": "electronic"
    },
    "genre_electronic": {
        "all": {
            "ambient": 0.670379817486,
            "dnb": 0.112014912069,
            "house": 0.0732884258032,
            "techno": 0.0102061070502,
            "trance": 0.134110718966
        },
        "probability": 0.670379817486,
        "value": "ambient"
    },
    "genre_rosamerica": {
        "all": {
            "cla": 0.0370873436332,
            "dan": 0.178182393312,
            "hip": 0.129209980369,
            "jaz": 0.0526265390217,
            "pop": 0.378034114838,
            "rhy": 0.111379235983,
            "roc": 0.0867633074522,
            "spe": 0.026717081666
        },
        "probability": 0.378034114838,
        "value": "pop"
    },
    "genre_tzanetakis": {
        "all": {
            "blu": 0.0626541376114,
            "cla": 0.0348133966327,
            "cou": 0.0783501937985,
            "dis": 0.104547761381,
            "hip": 0.15693578124,
            "jaz": 0.313987255096,
            "met": 0.044816005975,
            "pop": 0.0627349764109,
            "reg": 0.0627352520823,
            "roc": 0.0784252434969
        },
        "probability": 0.313987255096,
        "value": "jaz"
    },
    "ismir04_rhythm": {
        "all": {
            "ChaChaCha": 0.0302414987236,
            "Jive": 0.42175167799,
            "Quickstep": 0.0218408387154,
            "Rumba-American": 0.0111900335178,
            "Rumba-International": 0.30392074585,
            "Rumba-Misc": 0.016727803275,
            "Samba": 0.101034909487,
            "Tango": 0.0126148136333,
            "VienneseWaltz": 0.0605470202863,
            "Waltz": 0.0201306678355
        },
        "probability": 0.42175167799,
        "value": "Jive"
    },
    "mood_acoustic": {
        "all": {
            "acoustic": 0.212356701493,
            "not_acoustic": 0.787643313408
        },
        "probability": 0.787643313408,
        "value": "not_acoustic"
    },
    "mood_aggressive": {
        "all": {
            "aggressive": 0.0270775165409,
            "not_aggressive": 0.972922503948
        },
        "probability": 0.972922503948,
        "value": "not_aggressive"
    },
    "mood_electronic": {
        "all": {
            "electronic": 0.668500840664,
            "not_electronic": 0.331499129534
        },
        "probability": 0.668500840664,
        "value": "electronic"
    },
    "mood_happy": {
        "all": {
            "happy": 0.0816364064813,
            "not_happy": 0.918363571167
        },
        "probability": 0.918363571167,
        "value": "not_happy"
    },
    "mood_party": {
        "all": {
            "not_party": 0.642686247826,
            "party": 0.357313752174
        },
        "probability": 0.642686247826,
        "value": "not_party"
    },
    "mood_relaxed": {
        "all": {
            "not_relaxed": 0.782817065716,
            "relaxed": 0.217182904482
        },
        "probability": 0.782817065716,
        "value": "not_relaxed"
    },
    "mood_sad": {
        "all": {
            "not_sad": 0.814239442348,
            "sad": 0.185760527849
        },
        "probability": 0.814239442348,
        "value": "not_sad"
    },
    "moods_mirex": {
        "all": {
            "Cluster1": 0.140651881695,
            "Cluster2": 0.0828801393509,
            "Cluster3": 0.130602031946,
            "Cluster4": 0.0665402114391,
            "Cluster5": 0.579325735569
        },
        "probability": 0.579325735569,
        "value": "Cluster5"
    },
    "timbre": {
        "all": {
            "bright": 0.861141562462,
            "dark": 0.138858437538
        },
        "probability": 0.861141562462,
        "value": "bright"
    },
    "tonal_atonal": {
        "all": {
            "atonal": 0.179351314902,
            "tonal": 0.820648670197
        },
        "probability": 0.820648670197,
        "value": "tonal"
    },
    "voice_instrumental": {
        "all": {
            "instrumental": 0.823102533817,
            "voice": 0.176897466183
        },
        "probability": 0.823102533817,
        "value": "instrumental"
    }
},
"lowlevel": {
    "average_loudness": 0.983190476894,
    "barkbands_crest": {
        "dmean": 3.03027439117,
        "dmean2": 4.85519695282,
        "dvar": 7.54690122604,
        "dvar2": 18.1243305206,
        "max": 24.4792938232,
        "mean": 10.7720451355,
        "median": 9.95274448395,
        "min": 3.14261627197,
        "var": 16.2682857513
    },
    "barkbands_flatness_db": {
        "dmean": 0.0254871323705,
        "dmean2": 0.037485294044,
        "dvar": 0.000662833917886,
        "dvar2": 0.00147476501297,
        "max": 0.308720976114,
        "mean": 0.156793698668,
        "median": 0.152506902814,
        "min": 0.0476843044162,
        "var": 0.00172573747113
    },
    "barkbands_kurtosis": {
        "dmean": 3.38710165024,
        "dmean2": 5.05070161819,
        "dvar": 31.2026500702,
        "dvar2": 69.7246856689,
        "max": 77.6994552612,
        "mean": 4.90291881561,
        "median": 2.57702302933,
        "min": -1.78272926807,
        "var": 56.989982605
    },
    "barkbands_skewness": {
        "dmean": 0.629490733147,
        "dmean2": 0.940549492836,
        "dvar": 0.502439498901,
        "dvar2": 1.14126694202,
        "max": 7.74133968353,
        "mean": 1.68286907673,
        "median": 1.48293912411,
        "min": -1.07118272781,
        "var": 1.32868731022
    },
    "barkbands_spread": {
        "dmean": 6.4124546051,
        "dmean2": 9.76710414886,
        "dvar": 75.5971298218,
        "dvar2": 184.104217529,
        "max": 98.7542648315,
        "mean": 20.0845909119,
        "median": 17.9693107605,
        "min": 2.15032148361,
        "var": 136.887481689
    },
    "dissonance": {
        "dmean": 0.0260278210044,
        "dmean2": 0.0435405783355,
        "dvar": 0.00053405208746,
        "dvar2": 0.00137825403363,
        "max": 0.49999833107,
        "mean": 0.451327800751,
        "median": 0.456382125616,
        "min": 0.267760813236,
        "var": 0.000983276870102
    },
    "dynamic_complexity": 1.95409846306,
    "erbbands_crest": {
        "dmean": 2.92904758453,
        "dmean2": 4.67482852936,
        "dvar": 7.0800280571,
        "dvar2": 15.5749120712,
        "max": 28.4453811646,
        "mean": 9.66269874573,
        "median": 8.69295215607,
        "min": 2.53552222252,
        "var": 18.2084121704
    },
    "erbbands_flatness_db": {
        "dmean": 0.0215902533382,
        "dmean2": 0.0299646295607,
        "dvar": 0.000437677372247,
        "dvar2": 0.000791160680819,
        "max": 0.307915598154,
        "mean": 0.161993324757,
        "median": 0.157965809107,
        "min": 0.0517418310046,
        "var": 0.00206311536022
    },
    "erbbands_kurtosis": {
        "dmean": 1.20306634903,
        "dmean2": 1.80133795738,
        "dvar": 2.36245107651,
        "dvar2": 4.76408624649,
        "max": 27.4907951355,
        "mean": 0.998422324657,
        "median": 0.217945575714,
        "min": -1.73376059532,
        "var": 6.96024179459
    },
    "erbbands_skewness": {
        "dmean": 0.428130626678,
        "dmean2": 0.649314045906,
        "dvar": 0.188692033291,
        "dvar2": 0.426465958357,
        "max": 4.17191028595,
        "mean": 0.660196423531,
        "median": 0.608075082302,
        "min": -2.08897352219,
        "var": 0.614635229111
    },
    "erbbands_spread": {
        "dmean": 9.34010314941,
        "dmean2": 13.3563566208,
        "dvar": 125.716522217,
        "dvar2": 281.315490723,
        "max": 122.774780273,
        "mean": 34.8018493652,
        "median": 31.3383789062,
        "min": 4.79817962646,
        "var": 307.120483398
    },
    "hfc": {
        "dmean": 8.22309207916,
        "dmean2": 11.5376033783,
        "dvar": 103.371589661,
        "dvar2": 217.111221313,
        "max": 90.8305282593,
        "mean": 20.9927005768,
        "median": 18.6633758545,
        "min": 0.485688865185,
        "var": 205.129562378
    },
    "melbands_crest": {
        "dmean": 4.11739730835,
        "dmean2": 6.47443151474,
        "dvar": 15.5651168823,
        "dvar2": 31.5959796906,
        "max": 37.9130439758,
        "mean": 16.413187027,
        "median": 15.6220331192,
        "min": 4.37017869949,
        "var": 40.3370361328
    },
    "melbands_flatness_db": {
        "dmean": 0.030941747129,
        "dmean2": 0.0448122397065,
        "dvar": 0.00110655743629,
        "dvar2": 0.00251737004146,
        "max": 0.387513756752,
        "mean": 0.207924708724,
        "median": 0.202349826694,
        "min": 0.0469279326499,
        "var": 0.00319956848398
    },
    "melbands_kurtosis": {
        "dmean": 7.56318044662,
        "dmean2": 11.6675395966,
        "dvar": 177.62739563,
        "dvar2": 405.813446045,
        "max": 148.037612915,
        "mean": 12.2867422104,
        "median": 6.40933609009,
        "min": -1.69609761238,
        "var": 303.08303833
    },
    "melbands_skewness": {
        "dmean": 0.827566325665,
        "dmean2": 1.22873139381,
        "dvar": 1.0040718317,
        "dvar2": 2.18191075325,
        "max": 10.3821382523,
        "mean": 2.44795250893,
        "median": 2.03399944305,
        "min": -0.280949890614,
        "var": 2.66818118095
    },
    "melbands_spread": {
        "dmean": 7.50150203705,
        "dmean2": 12.0304803848,
        "dvar": 126.002029419,
        "dvar2": 326.215606689,
        "max": 108.276069641,
        "mean": 20.5007381439,
        "median": 17.8230190277,
        "min": 1.47456896305,
        "var": 180.287063599
    },
    "pitch_salience": {
        "dmean": 0.0843528285623,
        "dmean2": 0.136968925595,
        "dvar": 0.00712816556916,
        "dvar2": 0.01664143987,
        "max": 0.843077719212,
        "mean": 0.538084924221,
        "median": 0.537664353848,
        "min": 0.100399300456,
        "var": 0.0159925892949
    },
    "silence_rate_20dB": {
        "dmean": 0,
        "dmean2": 0,
        "dvar": 0,
        "dvar2": 0,
        "max": 1,
        "mean": 1,
        "median": 1,
        "min": 1,
        "var": 0
    },
    "silence_rate_30dB": {
        "dmean": 0,
        "dmean2": 0,
        "dvar": 0,
        "dvar2": 0,
        "max": 1,
        "mean": 1,
        "median": 1,
        "min": 1,
        "var": 0
    },
    "silence_rate_60dB": {
        "dmean": 0.0263157896698,
        "dmean2": 0.0526723451912,
        "dvar": 0.0256232302636,
        "dvar2": 0.0591931752861,
        "max": 1,
        "mean": 0.0232018567622,
        "median": 0,
        "min": 0,
        "var": 0.0226632189006
    },
    "spectral_centroid": {
        "dmean": 291.32119751,
        "dmean2": 451.313720703,
        "dvar": 150588.703125,
        "dvar2": 340281.15625,
        "max": 4454.18408203,
        "mean": 1220.17297363,
        "median": 1104.61901855,
        "min": 249.828262329,
        "var": 327392.78125
    },
    "spectral_complexity": {
        "dmean": 5.27786397934,
        "dmean2": 7.53214550018,
        "dvar": 37.507270813,
        "dvar2": 71.2806015015,
        "max": 52,
        "mean": 17.7981433868,
        "median": 16,
        "min": 1,
        "var": 82.3064956665
    },
    "spectral_decrease": {
        "dmean": 2.88310286756e-09,
        "dmean2": 4.01427557861e-09,
        "dvar": 1.26761888541e-17,
        "dvar2": 2.43933048013e-17,
        "max": -1.34340455427e-10,
        "mean": -7.77678987873e-09,
        "median": -6.42022923714e-09,
        "min": -3.04869764989e-08,
        "var": 3.00935552949e-17
    },
    "spectral_energy": {
        "dmean": 0.011464622803,
        "dmean2": 0.0158728957176,
        "dvar": 0.000194312000531,
        "dvar2": 0.000369088316802,
        "max": 0.118823170662,
        "mean": 0.0312554910779,
        "median": 0.0262784399092,
        "min": 0.000565631955396,
        "var": 0.000465230608825
    },
    "spectral_energyband_high": {
        "dmean": 0.00045337411575,
        "dmean2": 0.000621168990619,
        "dvar": 4.60967328308e-07,
        "dvar2": 9.66389052337e-07,
        "max": 0.0064344923012,
        "mean": 0.000796965614427,
        "median": 0.000424403813668,
        "min": 3.16826094604e-06,
        "var": 8.35050968817e-07
    },
    "spectral_energyband_low": {
        "dmean": 0.00490825856104,
        "dmean2": 0.00731419725344,
        "dvar": 0.000104993203422,
        "dvar2": 0.000229652403505,
        "max": 0.098277553916,
        "mean": 0.010600656271,
        "median": 0.0071592181921,
        "min": 2.72965678505e-07,
        "var": 0.000232009508181
    },
    "spectral_energyband_middle_high": {
        "dmean": 0.00242509949021,
        "dmean2": 0.00353881064802,
        "dvar": 7.4646527537e-06,
        "dvar2": 1.45257981785e-05,
        "max": 0.0380235314369,
        "mean": 0.00540967937559,
        "median": 0.00433201389387,
        "min": 7.31743784854e-05,
        "var": 2.15338714042e-05
    },
    "spectral_energyband_middle_low": {
        "dmean": 0.0073145092465,
        "dmean2": 0.0105543015525,
        "dvar": 0.000108170410385,
        "dvar2": 0.00021873669175,
        "max": 0.101267270744,
        "mean": 0.0155722759664,
        "median": 0.011532724835,
        "min": 0.000179876398761,
        "var": 0.000219683468458
    },
    "spectral_entropy": {
        "dmean": 0.188720926642,
        "dmean2": 0.263135105371,
        "dvar": 0.0370459593832,
        "dvar2": 0.0668865144253,
        "max": 8.38680458069,
        "mean": 7.49441576004,
        "median": 7.50491762161,
        "min": 6.32725811005,
        "var": 0.127687171102
    },
    "spectral_flux": {
        "dmean": 0.0344122722745,
        "dmean2": 0.0545316189528,
        "dvar": 0.00136686197948,
        "dvar2": 0.00329356407747,
        "max": 0.291029542685,
        "mean": 0.0950928032398,
        "median": 0.0860007256269,
        "min": 0.0143704488873,
        "var": 0.00243491702713
    },
    "spectral_kurtosis": {
        "dmean": 1.9031842947,
        "dmean2": 2.97675275803,
        "dvar": 4.81681394577,
        "dvar2": 11.6524658203,
        "max": 31.2110557556,
        "mean": 5.36033582687,
        "median": 4.43924808502,
        "min": 0.193561077118,
        "var": 13.0265035629
    },
    "spectral_rms": {
        "dmean": 0.00102099683136,
        "dmean2": 0.00136141991243,
        "dvar": 1.239826247e-06,
        "dvar2": 2.18674063035e-06,
        "max": 0.0107668498531,
        "mean": 0.00518538523465,
        "median": 0.00506334891543,
        "min": 0.000742856704164,
        "var": 3.60493368134e-06
    },
    "spectral_rolloff": {
        "dmean": 504.830413818,
        "dmean2": 856.009216309,
        "dvar": 895131.0625,
        "dvar2": 2072720.125,
        "max": 11240.3320312,
        "mean": 1241.38183594,
        "median": 990.52734375,
        "min": 43.06640625,
        "var": 1218166.125
    },
    "spectral_skewness": {
        "dmean": 0.280470073223,
        "dmean2": 0.416213423014,
        "dvar": 0.0790181234479,
        "dvar2": 0.165890783072,
        "max": 4.16931676865,
        "mean": 1.74689042568,
        "median": 1.6916179657,
        "min": 0.50594496727,
        "var": 0.284761279821
    },
    "spectral_spread": {
        "dmean": 674896.9375,
        "dmean2": 979659.125,
        "dvar": 739541647360,
        "dvar2": 1.54670832026e+12,
        "max": 21054356,
        "mean": 4761414,
        "median": 4704086,
        "min": 1555357.125,
        "var": 2.00204497715e+12
    },
    "spectral_strongpeak": {
        "dmean": 0.562632203102,
        "dmean2": 0.926604270935,
        "dvar": 0.626825630665,
        "dvar2": 1.54111075401,
        "max": 9.08961677551,
        "mean": 0.997091948986,
        "median": 0.655256986618,
        "min": 0,
        "var": 0.971858620644
    },
    "zerocrossingrate": {
        "dmean": 0.0111677329987,
        "dmean2": 0.0135406330228,
        "dvar": 0.000178251444595,
        "dvar2": 0.000244407070568,
        "max": 0.27734375,
        "mean": 0.0550926998258,
        "median": 0.052734375,
        "min": 0.0048828125,
        "var": 0.000737877679057
    },
    "barkbands": {
        "dmean": [0.000750220729969, 0.00304490374401, 0.00193645013496, 0.00143355480395, 0.0033097860869, 0.00114657904487, 0.00200842996128, 0.00114658731036, 0.00134746800177, 0.000423474208219, 0.00058673962485, 0.000476716697449, 0.000510123849381, 0.000449442421086, 0.000414156646002, 0.000322262349073, 0.000283583940472, 0.000242991591222, 0.000188447418623, 0.000161650852533, 0.000118961630506, 0.000121777920867, 6.1383798311e-05, 4.66965029773e-05, 5.92971882725e-05, 4.98549488839e-05, 1.07285256234e-08],
        "dmean2": [0.00117629871238, 0.00507893273607, 0.00289537687786, 0.00209533958696, 0.00492017576471, 0.00181207165588, 0.00309211201966, 0.00177965359762, 0.00197169627063, 0.000627442204859, 0.000882941298187, 0.000734626781195, 0.000768716738094, 0.000690124696121, 0.00063149316702, 0.000508861441631, 0.000478121364722, 0.000392035319237, 0.000323486863635, 0.000249027041718, 0.000175214125193, 0.000174120970769, 8.33781741676e-05, 6.71951638651e-05, 8.81513115019e-05, 7.50153703848e-05, 1.97377261202e-08],
        "dvar": [2.04414254767e-06, 4.37866983702e-05, 3.79229022656e-05, 1.48903645822e-05, 6.82804820826e-05, 4.55162125945e-06, 8.77964248502e-06, 5.3219646361e-06, 3.58234046871e-06, 8.97956226709e-07, 1.11624717647e-06, 8.28200143133e-07, 1.37730842198e-06, 7.38927326438e-07, 6.03172168212e-07, 3.77190161771e-07, 3.73056394665e-07, 1.39734439131e-07, 1.82809770877e-07, 7.4504953318e-08, 3.37476926404e-08, 3.94893433509e-08, 9.13165809635e-09, 6.8025989286e-09, 1.57092774344e-08, 5.5254218978e-09, 2.44938719643e-15],
        "dvar2": [4.65634047941e-06, 0.000116855713713, 7.78547910159e-05, 3.01681775454e-05, 0.000134444620926, 1.1342277503e-05, 2.05552478292e-05, 1.22457622638e-05, 7.43246937418e-06, 1.51792846736e-06, 2.41485008701e-06, 1.86904992461e-06, 2.65228641183e-06, 1.55139332492e-06, 1.2866129282e-06, 8.63468585521e-07, 1.0075997352e-06, 3.62977345958e-07, 5.05982939103e-07, 1.67655258565e-07, 7.0044784195e-08, 8.76214727441e-08, 1.64411115833e-08, 1.35249642597e-08, 3.60983491987e-08, 1.26477557316e-08, 6.85954893961e-15],
        "max": [0.0205110255629, 0.0577534325421, 0.0787955150008, 0.0596725940704, 0.0806308239698, 0.022241236642, 0.0319178514183, 0.0316280312836, 0.027537625283, 0.0215389542282, 0.0139417443424, 0.0127816079184, 0.0287279188633, 0.0104716569185, 0.0114433206618, 0.00877093616873, 0.00591032998636, 0.00345553946681, 0.00437862193212, 0.00396312959492, 0.00186597544234, 0.00158818333875, 0.000777094974183, 0.00126435956918, 0.00132158445194, 0.000701169017702, 8.94691709163e-07],
        "mean": [0.00140615692362, 0.00586317898706, 0.00225561880507, 0.00202131574042, 0.00446766521782, 0.00158246560022, 0.00333094014786, 0.00163298356347, 0.00243490166031, 0.000643824110739, 0.00091883254936, 0.000671019079164, 0.0006534238928, 0.00062585080741, 0.000600104162004, 0.000427760416642, 0.000318111822708, 0.000320717896102, 0.000177863214049, 0.000229638899327, 0.000174105851329, 0.000180020055268, 8.86337656993e-05, 6.88897125656e-05, 7.93992076069e-05, 8.20524510345e-05, 6.98214419614e-09],
        "median": [0.000540609413292, 0.00376228475943, 0.000105800645542, 0.000104458915303, 0.000900281069335, 0.000679271877743, 0.00161489343736, 0.000549615884665, 0.00124542566482, 0.000258287764154, 0.000360257079592, 0.000269122654572, 0.000182611911441, 0.000193796207896, 0.000175549896085, 0.00013585157285, 0.000120073302242, 0.000160445357324, 5.48804782738e-05, 8.30397329992e-05, 5.47478193766e-05, 5.01989707118e-05, 2.8374057365e-05, 2.83460576611e-05, 3.47433669958e-05, 4.14488858951e-05, 5.6131088666e-10],
        "min": [4.82635087451e-09, 3.37868506506e-08, 2.06072119369e-08, 1.08008038069e-07, 3.0076244002e-06, 4.87751549372e-06, 5.93734193899e-06, 3.46329284184e-06, 2.20199922296e-06, 3.81580639441e-06, 3.32863942276e-06, 1.20044398955e-06, 2.09859422284e-06, 1.17439913083e-06, 6.83606401708e-07, 1.12787472517e-06, 1.77469860319e-06, 2.09759127756e-06, 1.24272276025e-06, 5.03067155933e-07, 5.469523785e-07, 4.08279930753e-07, 2.69459548008e-07, 2.43443647463e-08, 2.72617595165e-10, 1.61059166004e-10, 6.64566015066e-12],
        "var": [4.65862240162e-06, 6.15232565906e-05, 4.98071131005e-05, 3.46790729964e-05, 0.000110250432044, 6.01617284701e-06, 1.6548212443e-05, 8.78708942764e-06, 1.02026378954e-05, 1.86974762073e-06, 2.35250536207e-06, 1.33317735163e-06, 2.24062227971e-06, 1.35744642193e-06, 1.29525949433e-06, 6.61277965719e-07, 3.59209280987e-07, 1.70312006276e-07, 1.2950185635e-07, 1.20600603282e-07, 6.4445487169e-08, 6.75247022741e-08, 1.61970081791e-08, 1.14037703725e-08, 2.00638048398e-08, 1.08587769887e-08, 1.47544351445e-15]
    },
    "erbbands": {
        "dmean": [0.134217023849, 0.55629503727, 1.69521665573, 3.7842502594, 8.5262670517, 11.56366539, 8.96488285065, 9.64418792725, 21.4855461121, 31.0438632965, 26.2953929901, 26.2131595612, 17.4930706024, 18.309463501, 16.3067703247, 19.0126266479, 19.3255519867, 22.4481525421, 23.2201023102, 17.7633666992, 15.3811616898, 16.1442623138, 12.9792280197, 11.6551351547, 8.4362411499, 7.51134538651, 5.63708543777, 4.49500370026, 4.71694993973, 2.61288237572, 1.67490899563, 1.10297858715, 0.792743504047, 0.645264267921, 0.424078136683, 0.25870898366, 0.090430803597, 0.00897234957665, 0.000156451380462, 1.780664752e-05],
        "dmean2": [0.22018186748, 0.916461288929, 2.51826715469, 5.21111917496, 12.5234298706, 17.4055366516, 13.9210004807, 15.1292676926, 32.3671188354, 48.8106880188, 39.2056694031, 38.4767150879, 25.1735038757, 26.8409156799, 24.2014408112, 28.77409935, 28.7358665466, 32.0202865601, 34.0264930725, 28.1966342926, 24.4218006134, 27.1025543213, 20.9236927032, 19.6775627136, 14.0095081329, 11.6626310349, 8.35176563263, 6.66562366486, 6.75523519516, 3.63427853584, 2.28620123863, 1.55392289162, 1.15447580814, 0.946408748627, 0.653024375439, 0.391289055347, 0.139165312052, 0.0143556809053, 0.000245814939262, 2.49670029007e-05],
        "dvar": [0.0860164836049, 1.82779812813, 27.6682929993, 95.6371154785, 487.872344971, 1112.41772461, 333.824737549, 345.631469727, 1036.58007812, 3324.63378906, 2301.90356445, 1471.55603027, 859.474365234, 1299.19067383, 798.274841309, 1494.02636719, 1458.70495605, 2223.67236328, 2291.56689453, 800.054199219, 722.355773926, 1028.22045898, 391.19619751, 657.352233887, 331.092712402, 158.721374512, 73.3940200806, 57.4725952148, 61.4530105591, 15.2037887573, 7.08706235886, 3.93270754814, 2.04100799561, 1.73598837852, 0.722540140152, 0.1966124475, 0.0181399211287, 0.000222805159865, 6.15142141669e-08, 4.8095499805e-10],
        "dvar2": [0.241812214255, 4.50217628479, 55.6324005127, 171.738037109, 1005.17895508, 2231.77099609, 775.877075195, 866.213684082, 2194.85717773, 7829.59472656, 5307.49023438, 3011.50317383, 1733.30749512, 2614.20922852, 1663.33349609, 3421.28588867, 2947.74731445, 4112.53417969, 4831.03466797, 1834.84436035, 1753.56774902, 2785.19628906, 1026.56152344, 1821.58691406, 900.430786133, 363.037994385, 146.171051025, 128.322250366, 137.948455811, 30.4787025452, 13.0771837234, 8.4558839798, 4.07348394394, 3.68390154839, 1.7283949852, 0.444114297628, 0.0426424406469, 0.000543282949366, 1.4787222824e-07, 9.37565580728e-10],
        "max": [2.87282204628, 12.3092079163, 71.5233840942, 133.135253906, 207.084014893, 415.772064209, 187.646743774, 218.828308105, 372.622131348, 629.549743652, 653.828430176, 508.206573486, 457.037261963, 889.605041504, 369.857971191, 538.178222656, 573.517028809, 998.526306152, 746.331420898, 309.903045654, 389.69329834, 305.205841064, 177.210876465, 246.312561035, 163.296783447, 177.417602539, 79.0107192993, 96.2620849609, 63.7098083496, 30.7025604248, 19.3950023651, 22.7428417206, 23.302904129, 13.8909072876, 8.82553100586, 4.22582960129, 1.54587090015, 0.228554099798, 0.00344181177206, 0.000202284485567],
        "mean": [0.281991660595, 0.885684907436, 2.11648201942, 5.9091629982, 10.9451761246, 15.4691982269, 12.0224809647, 14.8112630844, 38.1412391663, 46.5241851807, 44.0665473938, 46.5793800354, 31.7793006897, 30.4446411133, 28.015827179, 27.56391716, 27.4923286438, 33.1863098145, 37.4568634033, 25.1411247253, 21.0802383423, 19.5397968292, 17.5103855133, 12.2199087143, 9.06017875671, 10.6256475449, 8.47665596008, 6.37819099426, 6.8528175354, 3.95570731163, 2.36878466606, 1.52182066441, 1.15257608891, 0.868034541607, 0.560866773129, 0.380799502134, 0.149084687233, 0.0132554015145, 0.000256606959738, 4.8269124818e-05],
        "median": [0.183235496283, 0.294224768877, 0.197639018297, 0.383797854185, 1.62369132042, 3.24189424515, 3.31271696091, 6.82571411133, 17.8356189728, 21.2292537689, 17.3511238098, 23.3369140625, 15.6647052765, 14.6629037857, 12.4100217819, 11.1428546906, 10.3508338928, 11.0293426514, 10.9968881607, 9.83485031128, 7.68093729019, 8.23132133484, 8.88698387146, 4.8130645752, 3.23179197311, 3.73748779297, 2.70780348778, 2.06744885445, 1.92203378677, 1.26062524319, 0.780910730362, 0.61541479826, 0.468473821878, 0.326461076736, 0.22954852879, 0.172122776508, 0.0741756036878, 0.00545844016597, 0.000122444776935, 4.11099354096e-05],
        "min": [7.07064191374e-06, 1.16309320219e-05, 0.000175458932063, 0.00164465722628, 0.004360223189, 0.0107320286334, 0.0278360601515, 0.0874376147985, 0.10459921509, 0.0586965680122, 0.310805171728, 0.0932194888592, 0.0572163499892, 0.196384981275, 0.17939183116, 0.151445537806, 0.154713794589, 0.13377225399, 0.11678943038, 0.0694425478578, 0.090154632926, 0.123562559485, 0.136169597507, 0.113195292652, 0.0808129683137, 0.0283089019358, 0.031321991235, 0.0334438979626, 0.017159583047, 0.0113481022418, 0.00609513930976, 0.00222377572209, 0.000647104345262, 4.55278168374e-05, 1.24005619e-05, 7.60836928748e-06, 3.71011287825e-06, 5.69144560814e-07, 7.2095269843e-07, 8.14055852061e-07],
        "var": [0.121706329286, 2.40766334534, 37.001953125, 258.049926758, 718.708984375, 1705.05895996, 489.189758301, 480.175750732, 2740.1628418, 4729.59765625, 4738.36230469, 4053.56811523, 2126.76928711, 2634.14086914, 1802.07556152, 2370.01806641, 2562.30761719, 4200.00976562, 5884.83154297, 1422.42272949, 1251.09667969, 1051.93664551, 498.885498047, 475.650238037, 261.067657471, 259.106567383, 150.5052948, 92.7693634033, 103.123764038, 28.4434394836, 12.0639753342, 5.70335149765, 3.50215482712, 2.51132178307, 0.893965482712, 0.310231715441, 0.038495156914, 0.000433801033068, 1.23593181911e-07, 1.06979436421e-09]
    },
    "gfcc": {
        "mean": [7.55532121658, 78.2139358521, -118.886756897, 11.1890153885, -65.8560333252, 8.18299293518, -38.5016212463, 16.2093219757, -21.0270957947, 14.1256132126, -18.8975772858, 8.09519004822, -12.2333192825],
        "cov": [[3020.03686523, -397.148651123, 200.345703125, 410.719390869, 13.6217632294, 202.585617065, -101.59274292, -6.52895832062, -141.878112793, -35.7765007019, -214.740859985, -5.19875907898, -57.7586097717], [-397.148651123, 1102.63452148, 77.0750045776, 222.850234985, 333.135772705, 127.609947205, 223.564117432, 52.3223075867, 278.143890381, -64.3704376221, 194.582275391, -64.5296020508, 79.11693573], [200.345703125, 77.0750045776, 953.01171875, 365.50894165, 225.606735229, 196.461639404, 58.8364753723, 146.106384277, -37.0717430115, 82.5877380371, -29.1520843506, 60.5078849792, -13.2122440338], [410.719390869, 222.850234985, 365.50894165, 821.87322998, 212.001480103, 214.652694702, 143.359451294, 54.227481842, 130.633789062, -40.510345459, 25.3097839355, -22.0581417084, 97.9245605469], [13.6217632294, 333.135772705, 225.606735229, 212.001480103, 458.744049072, 203.342086792, 135.528533936, 181.593582153, 166.732971191, 58.3614845276, 64.0884933472, -24.3914222717, 6.16680812836], [202.585617065, 127.609947205, 196.461639404, 214.652694702, 203.342086792, 399.660491943, 253.733352661, 154.098907471, 122.575050354, 72.3344955444, 76.2333068848, 29.1947536469, 25.884393692], [-101.59274292, 223.564117432, 58.8364753723, 143.359451294, 135.528533936, 253.733352661, 376.250244141, 112.48588562, 128.120574951, 80.1149215698, 112.181365967, 65.7034835815, 51.6953849792], [-6.52895832062, 52.3223075867, 146.106384277, 54.227481842, 181.593582153, 154.098907471, 112.48588562, 274.063049316, 148.9190979, 85.095123291, 61.1053848267, 51.7275123596, 45.283821106], [-141.878112793, 278.143890381, -37.0717430115, 130.633789062, 166.732971191, 122.575050354, 128.120574951, 148.9190979, 285.178466797, 67.977684021, 88.9084854126, -14.0555124283, 74.3447952271], [-35.7765007019, -64.3704376221, 82.5877380371, -40.510345459, 58.3614845276, 72.3344955444, 80.1149215698, 85.095123291, 67.977684021, 197.423171997, 53.9044113159, 37.4807395935, 17.0594787598], [-214.740859985, 194.582275391, -29.1520843506, 25.3097839355, 64.0884933472, 76.2333068848, 112.181365967, 61.1053848267, 88.9084854126, 53.9044113159, 176.516220093, 58.8467140198, 46.5365638733], [-5.19875907898, -64.5296020508, 60.5078849792, -22.0581417084, -24.3914222717, 29.1947536469, 65.7034835815, 51.7275123596, -14.0555124283, 37.4807395935, 58.8467140198, 168.432449341, 52.4605979919], [-57.7586097717, 79.11693573, -13.2122440338, 97.9245605469, 6.16680812836, 25.884393692, 51.6953849792, 45.283821106, 74.3447952271, 17.0594787598, 46.5365638733, 52.4605979919, 127.588722229]],
        "icov": [[0.000491430633701, -0.00014200687292, 0.000302228232613, -0.000463336793473, 0.000111171597382, -0.000591829419136, 0.000504494528286, -0.000246151845204, 0.000442429969553, -0.000408458901802, 0.000811107223853, -0.000490452104714, 0.000397714524297], [-0.00014200687292, 0.00316224060953, -0.0013923504157, 0.00113926432095, -0.0018249808345, 0.00120960862841, -0.00184669764712, 0.00239807716571, -0.00294299609959, 0.00331186922267, -0.00334990164265, 0.00207188981585, -0.00166184734553], [0.000302228232613, -0.0013923504157, 0.00276807928458, -0.00178377621341, 0.000215364576434, -0.0011723897187, 0.00149279634934, -0.00209957268089, 0.00283376779407, -0.00266357348301, 0.00243472703733, -0.00199383520521, 0.00166037026793], [-0.000463336793473, 0.00113926432095, -0.00178377621341, 0.00321213412099, -0.00111674563959, 0.000184647098649, -0.00134433596395, 0.00217464356683, -0.00225485744886, 0.00269929156639, -0.00167345488444, 0.00187139608897, -0.00298297172412], [0.000111171597382, -0.0018249808345, 0.000215364576434, -0.00111674563959, 0.00526096811518, -0.00127517967485, 0.0009431464714, -0.00303584174253, 0.000442343414761, -0.00170730636455, 0.00114255701192, -8.64977118908e-05, 0.00235051522031], [-0.000591829419136, 0.00120960862841, -0.0011723897187, 0.000184647098649, -0.00127517967485, 0.00690767401829, -0.00430291192606, -0.00046439410653, -0.00129468447994, 0.00133704580367, -0.00221577472985, 0.00170790450647, -3.10488539981e-05], [0.000504494528286, -0.00184669764712, 0.00149279634934, -0.00134433596395, 0.0009431464714, -0.00430291192606, 0.00720325158909, -0.00101631588768, 0.00123131205328, -0.00290633481927, 0.00135222752579, -0.00314799975604, 0.00130166183226], [-0.000246151845204, 0.00239807716571, -0.00209957268089, 0.00217464356683, -0.00303584174253, -0.00046439410653, -0.00101631588768, 0.0100384550169, -0.00585686834529, 0.00209754379466, -0.00200622854754, -0.000644164974801, -0.00226614694111], [0.000442429969553, -0.00294299609959, 0.00283376779407, -0.00225485744886, 0.000442343414761, -0.00129468447994, 0.00123131205328, -0.00585686834529, 0.0118339825422, -0.00478875497356, 0.00174553343095, 0.00107941101305, -0.00146537413821], [-0.000408458901802, 0.00331186922267, -0.00266357348301, 0.00269929156639, -0.00170730636455, 0.00133704580367, -0.00290633481927, 0.00209754379466, -0.00478875497356, 0.0107792606577, -0.00484635028988, 0.00212585437112, -0.00209906511009], [0.000811107223853, -0.00334990164265, 0.00243472703733, -0.00167345488444, 0.00114255701192, -0.00221577472985, 0.00135222752579, -0.00200622854754, 0.00174553343095, -0.00484635028988, 0.0134362960234, -0.00568477343768, 0.00160695367958], [-0.000490452104714, 0.00207188981585, -0.00199383520521, 0.00187139608897, -8.64977118908e-05, 0.00170790450647, -0.00314799975604, -0.000644164974801, 0.00107941101305, 0.00212585437112, -0.00568477343768, 0.0122202225029, -0.00585208740085], [0.000397714524297, -0.00166184734553, 0.00166037026793, -0.00298297172412, 0.00235051522031, -3.10488539981e-05, 0.00130166183226, -0.00226614694111, -0.00146537413821, -0.00209906511009, 0.00160695367958, -0.00585208740085, 0.0146337961778]]
    },
    "melbands": {
        "dmean": [0.000998705159873, 0.000798712018877, 0.000698642048519, 0.000789334531873, 0.000337538600434, 0.000221464695642, 0.00034677356598, 0.000320037914207, 0.000224053161219, 0.000174706437974, 8.95527991815e-05, 7.36920410418e-05, 6.75116316415e-05, 4.33948698628e-05, 5.31266086909e-05, 5.77116188651e-05, 4.0639519284e-05, 4.37545750174e-05, 2.95704194286e-05, 2.54325077549e-05, 1.70016592165e-05, 1.74691012944e-05, 1.51501108121e-05, 1.10835735541e-05, 9.77573745331e-06, 6.40358211967e-06, 5.90261697653e-06, 5.07577078679e-06, 4.15989779867e-06, 2.76194737125e-06, 2.73384216598e-06, 3.03049796457e-06, 2.08664891943e-06, 1.293416517e-06, 1.04523201117e-06, 8.29385214729e-07, 6.54826749269e-07, 5.68265647871e-07, 6.08435357208e-07, 5.52884046101e-07],
        "dmean2": [0.00164260074962, 0.00118829100393, 0.000986954430118, 0.00119150464889, 0.000507440709043, 0.000342635379639, 0.000530517601874, 0.000498896813951, 0.000331739865942, 0.000254383427091, 0.000131440334371, 0.00010932997975, 0.000101114797872, 6.64557010168e-05, 8.28712218208e-05, 8.48762501846e-05, 5.85944471823e-05, 6.5647662268e-05, 4.66191449959e-05, 4.10465727327e-05, 2.6905152481e-05, 2.93289940601e-05, 2.54401857092e-05, 1.81033792614e-05, 1.67714169947e-05, 1.08169679152e-05, 9.76693536359e-06, 7.89766363596e-06, 6.20291712039e-06, 4.1486664486e-06, 4.14387341152e-06, 4.4853345571e-06, 2.99652060676e-06, 1.83384588581e-06, 1.46232605402e-06, 1.21003779441e-06, 9.59436306402e-07, 8.33412173051e-07, 9.15784880817e-07, 8.19250487893e-07],
        "dvar": [4.60408227809e-06, 4.79509299112e-06, 2.44201896749e-06, 4.15013164456e-06, 5.91015634654e-07, 1.6644759171e-07, 2.50480582054e-07, 3.37878418577e-07, 1.61212497574e-07, 6.35825472273e-08, 2.41474307217e-08, 2.10154240676e-08, 1.57682080726e-08, 7.10853376162e-09, 1.49569494567e-08, 1.71238081492e-08, 7.02103841732e-09, 9.12861519708e-09, 2.94337776374e-09, 2.80405387798e-09, 9.69800018069e-10, 1.28857513548e-09, 8.78560557638e-10, 3.15671183637e-10, 5.18539100547e-10, 1.71502229085e-10, 1.6492530952e-10, 7.93235754859e-11, 4.24111266939e-11, 2.02465579024e-11, 2.4224873843e-11, 2.90525364183e-11, 1.01772045652e-11, 4.01621140858e-12, 2.96586496681e-12, 2.12760863615e-12, 1.48131301062e-12, 9.39781672621e-13, 1.58461872096e-12, 1.2822773442e-12],
        "dvar2": [1.27070979943e-05, 9.80407276074e-06, 4.54566588814e-06, 8.12228608993e-06, 1.24454061279e-06, 4.23186151011e-07, 5.5899357676e-07, 7.823060173e-07, 3.5191283132e-07, 1.28639996433e-07, 4.74562398267e-08, 4.01009359052e-08, 3.22905826522e-08, 1.51802392878e-08, 3.53150468868e-08, 3.42221468941e-08, 1.32659447871e-08, 1.9658743966e-08, 6.57766241474e-09, 6.31584962107e-09, 2.32299579572e-09, 3.4512495084e-09, 2.39404474023e-09, 8.35186586556e-10, 1.44544143321e-09, 4.62897303821e-10, 4.41681108354e-10, 1.65144745101e-10, 8.58362894651e-11, 4.37921678087e-11, 5.57360130271e-11, 6.76079053852e-11, 2.15544092991e-11, 7.72904223262e-12, 5.49573277511e-12, 4.73592822944e-12, 3.24753657126e-12, 1.81461269622e-12, 3.66167773186e-12, 2.72511895862e-12],
        "max": [0.0208800695837, 0.0276994556189, 0.0204290207475, 0.0189638584852, 0.0092202341184, 0.00485367048532, 0.00612060818821, 0.00720676966012, 0.00604923767969, 0.00338366883807, 0.00235200556926, 0.0034415521659, 0.00180151383393, 0.00124505616259, 0.00157258566469, 0.00287390919402, 0.00159999995958, 0.00130309397355, 0.000672942085657, 0.000853937817737, 0.000442591990577, 0.000376792741008, 0.000446304387879, 0.000241127185291, 0.000233854283579, 0.000111487213871, 0.000131339809741, 0.000169821170857, 8.38237174321e-05, 5.43212554476e-05, 7.32955086278e-05, 4.29941319453e-05, 3.89657543565e-05, 1.59872797667e-05, 1.2873142623e-05, 1.51290232679e-05, 1.48702083607e-05, 1.53249111463e-05, 1.63322474691e-05, 1.265161427e-05],
        "mean": [0.00206296332181, 0.00112835410982, 0.00110136007424, 0.00103197619319, 0.000470706087071, 0.000348976813257, 0.0006026935298, 0.000471784675028, 0.000375197996618, 0.000304658926325, 0.000155625632033, 0.000120330412756, 0.000110713379399, 6.64719264023e-05, 6.72991300235e-05, 7.41644689697e-05, 5.58043939236e-05, 6.48507193546e-05, 3.84999366361e-05, 3.21913103107e-05, 2.19102221308e-05, 2.03068448172e-05, 1.75160148501e-05, 1.43834595292e-05, 9.44728799368e-06, 6.24922404313e-06, 6.83702273818e-06, 7.20176240065e-06, 5.98586257183e-06, 3.82421239919e-06, 3.6408619053e-06, 4.17758656113e-06, 3.02034277411e-06, 1.88459898709e-06, 1.40769986956e-06, 1.10639632567e-06, 8.55840880831e-07, 8.06752495919e-07, 7.87288911397e-07, 7.09038260993e-07],
        "median": [0.00159260444343, 0.000190266466234, 0.000111081360956, 0.00018977317086, 0.000118158917758, 0.000159741655807, 0.000303229520796, 0.000189490849152, 0.000113883907034, 0.000150071529788, 7.20956304576e-05, 5.65088339499e-05, 4.43815915787e-05, 2.65923190454e-05, 2.29753150052e-05, 2.03923027584e-05, 1.66745776369e-05, 1.60239196703e-05, 1.41762448038e-05, 9.9758426586e-06, 7.34742843633e-06, 7.68630434322e-06, 7.86440887168e-06, 6.60110163153e-06, 3.21679658555e-06, 1.92994798454e-06, 2.40412782659e-06, 2.22775543079e-06, 1.68798419509e-06, 1.14599697554e-06, 1.02837759641e-06, 1.03258116724e-06, 8.60523243773e-07, 5.26620453911e-07, 3.96046857531e-07, 3.85620836596e-07, 3.32680997417e-07, 3.14367468945e-07, 2.50119882139e-07, 2.4676219823e-07],
        "min": [1.85533863828e-08, 1.2157167717e-08, 2.08343067243e-07, 2.93566017717e-07, 5.77837170113e-07, 8.67812161687e-07, 1.49820345996e-06, 3.78699610337e-07, 2.28151020565e-06, 3.9535999008e-07, 1.63057080727e-07, 7.59807335271e-07, 5.14586474765e-07, 3.26305723775e-07, 2.89932330588e-07, 1.55738391072e-07, 2.01307344128e-07, 1.60579162412e-07, 5.1576595439e-08, 1.05261300121e-07, 8.80263115732e-08, 1.14909653348e-07, 1.19624814943e-07, 7.54427205152e-08, 7.32032603423e-08, 3.64875383241e-08, 2.66874984334e-08, 1.35668649648e-08, 1.98342071656e-08, 1.3343506744e-08, 1.07377184921e-09, 8.30766389015e-09, 3.50390427784e-09, 6.4353433693e-09, 2.72586286876e-09, 1.77049896966e-09, 7.52556003625e-11, 1.36159777897e-10, 2.86723401098e-12, 5.18318196794e-14],
