{
"highlevel": {
    "danceability": {
        "all": {
            "danceable": 0.997471153736,
            "not_danceable": 0.0025288388133
        },
        "probability": 0.997471153736,
        "value": "danceable"
    },
    "gender": {
        "all": {
            "female": 0.987946629524,
            "male": 0.0120533779263
        },
        "probability": 0.987946629524,
        "value": "female"
    },
    "genre_dortmund": {
        "all": {
            "alternative": 0.0565162785351,
            "blues": 0.00803060829639,
            "electronic": 0.164942741394,
            "folkcountry": 0.00936543103307,
            "funksoulrnb": 0.00833325833082,
            "jazz": 0.0435319580138,
            "pop": 0.0198207329959,
            "raphiphop": 0.629330098629,
            "rock": 0.0601288713515
        },
        "probability": 0.629330098629,
        "value": "raphiphop"
    },
    "genre_electronic": {
        "all": {
            "ambient": 0.142284333706,
            "dnb": 0.0600012876093,
            "house": 0.741369724274,
            "techno": 0.029446888715,
            "trance": 0.0268977470696
        },
        "probability": 0.741369724274,
        "value": "house"
    },
    "genre_rosamerica": {
        "all": {
            "cla": 0.0100559499115,
            "dan": 0.289019018412,
            "hip": 0.147086203098,
            "jaz": 0.0115133719519,
            "pop": 0.208521991968,
            "rhy": 0.28314730525,
            "roc": 0.0326390936971,
            "spe": 0.0180170685053
        },
        "probability": 0.289019018412,
        "value": "dan"
    },
    "genre_tzanetakis": {
        "all": {
            "blu": 0.0511791408062,
            "cla": 0.136490538716,
            "cou": 0.10239084065,
            "dis": 0.0819187313318,
            "hip": 0.102400943637,
            "jaz": 0.136534705758,
            "met": 0.102396331728,
            "pop": 0.136521339417,
            "reg": 0.0819093436003,
            "roc": 0.0682580843568
        },
        "probability": 0.136534705758,
        "value": "jaz"
    },
    "ismir04_rhythm": {
        "all": {
            "ChaChaCha": 0.291203349829,
            "Jive": 0.0458956249058,
            "Quickstep": 0.0202408842742,
            "Rumba-American": 0.0549324117601,
            "Rumba-International": 0.166569560766,
            "Rumba-Misc": 0.0388803370297,
            "Samba": 0.11122007668,
            "Tango": 0.184899359941,
            "VienneseWaltz": 0.0673937872052,
            "Waltz": 0.0187645945698
        },
        "probability": 0.291203349829,
        "value": "ChaChaCha"
    },
    "mood_acoustic": {
        "all": {
            "acoustic": 0.00900628138334,
            "not_acoustic": 0.990993738174
        },
        "probability": 0.990993738174,
        "value": "not_acoustic"
    },
    "mood_aggressive": {
        "all": {
            "aggressive": 0.0518113188446,
            "not_aggressive": 0.948188662529
        },
        "probability": 0.948188662529,
        "value": "not_aggressive"
    },
    "mood_electronic": {
        "all": {
            "electronic": 0.923470556736,
            "not_electronic": 0.0765294134617
        },
        "probability": 0.923470556736,
        "value": "electronic"
    },
    "mood_happy": {
        "all": {
            "happy": 0.034223601222,
            "not_happy": 0.965776383877
        },
        "probability": 0.965776383877,
        "value": "not_happy"
    },
    "mood_party": {
        "all": {
            "not_party": 0.740460693836,
            "party": 0.259539306164
        },
        "probability": 0.740460693836,
        "value": "not_party"
    },
    "mood_relaxed": {
        "all": {
            "not_relaxed": 0.712971866131,
            "relaxed": 0.287028163671
        },
        "probability": 0.712971866131,
        "value": "not_relaxed"
    },
    "mood_sad": {
        "all": {
            "not_sad": 0.560955584049,
            "sad": 0.439044415951
        },
        "probability": 0.560955584049,
        "value": "not_sad"
    },
    "moods_mirex": {
        "all": {
            "Cluster1": 0.346922576427,
            "Cluster2": 0.202583491802,
            "Cluster3": 0.18503549695,
            "Cluster4": 0.0908887013793,
            "Cluster5": 0.174569740891
        },
        "probability": 0.346922576427,
        "value": "Cluster1"
    },
    "timbre": {
        "all": {
            "bright": 0.0473428331316,
            "dark": 0.952657163143
        },
        "probability": 0.952657163143,
        "value": "dark"
    },
    "tonal_atonal": {
        "all": {
            "atonal": 0.91594594717,
            "tonal": 0.0840540528297
        },
        "probability": 0.91594594717,
        "value": "atonal"
    },
    "voice_instrumental": {
        "all": {
            "instrumental": 0.362985372543,
            "voice": 0.637014627457
        },
        "probability": 0.637014627457,
        "value": "voice"
    }
},
"lowlevel": {
    "average_loudness": 0.8743237257,
    "barkbands_crest": {
        "dmean": 2.34608268738,
        "dmean2": 3.38530087471,
        "dvar": 7.52454566956,
        "dvar2": 15.3168087006,
        "max": 26.5414924622,
        "mean": 13.2138547897,
        "median": 11.5495128632,
        "min": 2.46939778328,
        "var": 35.3400650024
    },
    "barkbands_flatness_db": {
        "dmean": 0.0402155630291,
        "dmean2": 0.054117705673,
        "dvar": 0.00226320815273,
        "dvar2": 0.00390186510049,
        "max": 0.48062095046,
        "mean": 0.256127625704,
        "median": 0.260002225637,
        "min": 0.0390872694552,
        "var": 0.0080165984109
    },
    "barkbands_kurtosis": {
        "dmean": 16.3655261993,
        "dmean2": 20.7971248627,
        "dvar": 1892.88098145,
        "dvar2": 3084.29077148,
        "max": 734.29486084,
        "mean": 25.3310642242,
        "median": 3.86220836639,
        "min": -1.84095883369,
        "var": 4385.72558594
    },
    "barkbands_skewness": {
        "dmean": 1.0701366663,
        "dmean2": 1.34468328953,
        "dvar": 2.45866322517,
        "dvar2": 4.02780008316,
        "max": 22.5022907257,
        "mean": 2.95309638977,
        "median": 1.73667442799,
        "min": -2.53702926636,
        "var": 11.4890861511
    },
    "barkbands_spread": {
        "dmean": 7.31775331497,
        "dmean2": 11.4372930527,
        "dvar": 212.223800659,
        "dvar2": 489.568634033,
        "max": 103.119674683,
        "mean": 13.2855806351,
        "median": 8.26681423187,
        "min": 0.192781031132,
        "var": 233.718490601
    },
    "dissonance": {
        "dmean": 0.0260421819985,
        "dmean2": 0.0422014333308,
        "dvar": 0.000585453642998,
        "dvar2": 0.0015860889107,
        "max": 0.499753266573,
        "mean": 0.442475140095,
        "median": 0.452685385942,
        "min": 0.272457808256,
        "var": 0.00181408785284
    },
    "dynamic_complexity": 2.14625024796,
    "erbbands_crest": {
        "dmean": 2.78529977798,
        "dmean2": 4.4007267952,
        "dvar": 7.36002492905,
        "dvar2": 16.4420108795,
        "max": 28.0698375702,
        "mean": 10.1022615433,
        "median": 9.26335906982,
        "min": 2.81970667839,
        "var": 19.5296230316
    },
    "erbbands_flatness_db": {
        "dmean": 0.0249275323004,
        "dmean2": 0.0345024578273,
        "dvar": 0.000843470392283,
        "dvar2": 0.00156327919103,
        "max": 0.406344532967,
        "mean": 0.200455054641,
        "median": 0.201753169298,
        "min": 0.0561080127954,
        "var": 0.00618761219084
    },
    "erbbands_kurtosis": {
        "dmean": 1.20321810246,
        "dmean2": 1.86603474617,
        "dvar": 2.52148556709,
        "dvar2": 5.54870939255,
        "max": 23.9778728485,
        "mean": 1.08772599697,
        "median": 0.486315727234,
        "min": -1.72933471203,
        "var": 5.71927928925
    },
    "erbbands_skewness": {
        "dmean": 0.436113238335,
        "dmean2": 0.660967588425,
        "dvar": 0.217674687505,
        "dvar2": 0.530470490456,
        "max": 4.46222782135,
        "mean": 0.529437482357,
        "median": 0.525545418262,
        "min": -1.95828163624,
        "var": 0.609967291355
    },
    "erbbands_spread": {
        "dmean": 11.2538022995,
        "dmean2": 16.1131896973,
        "dvar": 220.346557617,
        "dvar2": 425.763031006,
        "max": 148.347671509,
        "mean": 36.6166267395,
        "median": 26.9856243134,
        "min": 3.66914391518,
        "var": 773.01739502
    },
    "hfc": {
        "dmean": 17.4751777649,
        "dmean2": 27.3778076172,
        "dvar": 1796.42321777,
        "dvar2": 4588.05371094,
        "max": 306.982421875,
        "mean": 25.2550926208,
        "median": 11.9627943039,
        "min": 2.52864837646,
        "var": 1728.75
    },
    "melbands_crest": {
        "dmean": 2.97227048874,
        "dmean2": 4.43651103973,
        "dvar": 11.7982473373,
        "dvar2": 27.599199295,
        "max": 35.7616271973,
        "mean": 18.7188301086,
        "median": 17.3328857422,
        "min": 3.41894125938,
        "var": 54.6135368347
    },
    "melbands_flatness_db": {
        "dmean": 0.0475720390677,
        "dmean2": 0.0625978559256,
        "dvar": 0.00366170075722,
        "dvar2": 0.006564442534,
        "max": 0.60815089941,
        "mean": 0.329762458801,
        "median": 0.335991293192,
        "min": 0.0341688655317,
        "var": 0.0127961309627
    },
    "melbands_kurtosis": {
        "dmean": 31.6022853851,
        "dmean2": 44.3398780823,
        "dvar": 6293.88330078,
        "dvar2": 13001.6455078,
        "max": 765.352172852,
        "mean": 53.765499115,
        "median": 9.18159389496,
        "min": -1.61527991295,
        "var": 13022.5117188
    },
    "melbands_skewness": {
        "dmean": 1.26931726933,
        "dmean2": 1.83948087692,
        "dvar": 4.52519845963,
        "dvar2": 9.65745258331,
        "max": 22.5214710236,
        "mean": 4.18456554413,
        "median": 2.55508160591,
        "min": -2.00661206245,
        "var": 17.1578979492
    },
    "melbands_spread": {
        "dmean": 6.05341529846,
        "dmean2": 9.76663589478,
        "dvar": 137.670272827,
        "dvar2": 342.004577637,
        "max": 103.408424377,
        "mean": 12.161233902,
        "median": 7.97833824158,
        "min": 0.308901339769,
        "var": 187.706237793
    },
    "pitch_salience": {
        "dmean": 0.0728055015206,
        "dmean2": 0.106964573264,
        "dvar": 0.0086724916473,
        "dvar2": 0.0174648743123,
        "max": 0.839714229107,
        "mean": 0.442845642567,
        "median": 0.481508016586,
        "min": 0.0363859608769,
        "var": 0.0338564664125
    },
    "silence_rate_20dB": {
        "dmean": 0,
        "dmean2": 0,
        "dvar": 0,
        "dvar2": 0,
        "max": 1,
        "mean": 1,
        "median": 1,
        "min": 1,
        "var": 0
    },
    "silence_rate_30dB": {
        "dmean": 0.0557275526226,
        "dmean2": 0.111541442573,
        "dvar": 0.0526216626167,
        "dvar2": 0.105294637382,
        "max": 1,
        "mean": 0.765661239624,
        "median": 1,
        "min": 0,
        "var": 0.179425686598
    },
    "silence_rate_60dB": {
        "dmean": 0.00154798757285,
        "dmean2": 0.00309837330133,
        "dvar": 0.00154558534268,
        "dvar2": 0.00308874296024,
        "max": 1,
        "mean": 0.00696055684239,
        "median": 0,
        "min": 0,
        "var": 0.00691219884902
    },
    "spectral_centroid": {
        "dmean": 307.768066406,
        "dmean2": 479.231750488,
        "dvar": 280119.78125,
        "dvar2": 650850.5,
        "max": 3745.15917969,
        "mean": 866.214111328,
        "median": 620.554199219,
        "min": 129.536880493,
        "var": 463615
    },
    "spectral_complexity": {
        "dmean": 5.08900928497,
        "dmean2": 8.02091407776,
        "dvar": 63.6505126953,
        "dvar2": 132.079086304,
        "max": 67,
        "mean": 15.3155450821,
        "median": 12,
        "min": 4,
        "var": 107.125495911
    },
    "spectral_decrease": {
        "dmean": 4.1797143524e-09,
        "dmean2": 5.9286442422e-09,
        "dvar": 4.93971416865e-17,
        "dvar2": 9.41991627214e-17,
        "max": -3.42667366704e-10,
        "mean": -1.85781789952e-08,
        "median": -7.86656784157e-09,
        "min": -8.1461266177e-08,
        "var": 3.6302069232e-16
    },
    "spectral_energy": {
        "dmean": 0.0157743375748,
        "dmean2": 0.0225966125727,
        "dvar": 0.000674453156535,
        "dvar2": 0.00132468494121,
        "max": 0.310971647501,
        "mean": 0.0724090859294,
        "median": 0.0324895121157,
        "min": 0.00187611393631,
        "var": 0.00527130626142
    },
    "spectral_energyband_high": {
        "dmean": 0.00164233346004,
        "dmean2": 0.00261785066687,
        "dvar": 2.10358139157e-05,
        "dvar2": 5.40840919712e-05,
        "max": 0.0339598208666,
        "mean": 0.00148969283327,
        "median": 6.3330604462e-05,
        "min": 5.70200427319e-07,
        "var": 1.77540532604e-05
    },
    "spectral_energyband_low": {
        "dmean": 0.0161216259003,
        "dmean2": 0.0227669235319,
        "dvar": 0.000996536575258,
        "dvar2": 0.00192585180048,
        "max": 0.306350886822,
        "mean": 0.0572269670665,
        "median": 0.0147617673501,
        "min": 1.4744377097e-07,
        "var": 0.00559802539647
    },
    "spectral_energyband_middle_high": {
        "dmean": 0.00228410470299,
        "dmean2": 0.00346488854848,
        "dvar": 2.19147459575e-05,
        "dvar2": 5.23615599377e-05,
        "max": 0.0417654886842,
        "mean": 0.00366059178486,
        "median": 0.00183377135545,
        "min": 8.35843966343e-05,
        "var": 2.64942827926e-05
    },
    "spectral_energyband_middle_low": {
        "dmean": 0.00457578897476,
        "dmean2": 0.00754788890481,
        "dvar": 7.1010326792e-05,
        "dvar2": 0.000186929290066,
        "max": 0.0712943822145,
        "mean": 0.0116751575842,
        "median": 0.00916185975075,
        "min": 1.25764618133e-05,
        "var": 9.00317900232e-05
    },
    "spectral_entropy": {
        "dmean": 0.298577517271,
        "dmean2": 0.413821518421,
        "dvar": 0.150866851211,
        "dvar2": 0.287314981222,
        "max": 8.64113140106,
        "mean": 7.04680490494,
        "median": 6.92754507065,
        "min": 5.54622125626,
        "var": 0.49425598979
    },
    "spectral_flux": {
        "dmean": 0.0376976281404,
        "dmean2": 0.0500215776265,
        "dvar": 0.00214733090252,
        "dvar2": 0.0035026348196,
        "max": 0.50635010004,
        "mean": 0.0972078517079,
        "median": 0.0619450956583,
        "min": 0.0174813438207,
        "var": 0.0077187824063
    },
    "spectral_kurtosis": {
        "dmean": 6.06860637665,
        "dmean2": 9.72762298584,
        "dvar": 64.9259262085,
        "dvar2": 164.952514648,
        "max": 85.5059356689,
        "mean": 11.1729917526,
        "median": 6.49211120605,
        "min": -0.739990711212,
        "var": 160.900543213
    },
    "spectral_rms": {
        "dmean": 0.00082640722394,
        "dmean2": 0.00118734175339,
        "dvar": 1.25110568661e-06,
        "dvar2": 2.35338211496e-06,
        "max": 0.017418006435,
        "mean": 0.00745953060687,
        "median": 0.0056300163269,
        "min": 0.0013529061107,
        "var": 1.49984334712e-05
    },
    "spectral_rolloff": {
        "dmean": 560.399414062,
        "dmean2": 992.113098145,
        "dvar": 2109550.5,
        "dvar2": 5503325.5,
        "max": 9625.34179688,
        "mean": 851.899536133,
        "median": 452.197265625,
        "min": 64.599609375,
        "var": 1781823
    },
    "spectral_skewness": {
        "dmean": 0.548854708672,
        "dmean2": 0.853283107281,
        "dvar": 0.338965654373,
        "dvar2": 0.794129908085,
        "max": 7.13539791107,
        "mean": 2.14630746841,
        "median": 1.95957815647,
        "min": -0.0538113154471,
        "var": 1.22816407681
    },
    "spectral_spread": {
        "dmean": 893801.6875,
        "dmean2": 1277219.875,
        "dvar": 1.63447518003e+12,
        "dvar2": 3.1226504151e+12,
        "max": 13460522,
        "mean": 3750399.5,
        "median": 2842091,
        "min": 934761.75,
        "var": 5.2583947305e+12
    },
    "spectral_strongpeak": {
        "dmean": 0.286469399929,
        "dmean2": 0.465777724981,
        "dvar": 0.299287289381,
        "dvar2": 0.707266807556,
        "max": 6.83009386063,
        "mean": 0.755216240883,
        "median": 0.490209847689,
        "min": 0.0921262055635,
        "var": 0.425300627947
    },
    "zerocrossingrate": {
        "dmean": 0.0123355267569,
        "dmean2": 0.0145035795867,
        "dvar": 0.000331693619955,
        "dvar2": 0.00043950372492,
        "max": 0.18115234375,
        "mean": 0.0338092297316,
        "median": 0.0224609375,
        "min": 0.001953125,
        "var": 0.00102405238431
    },
    "barkbands": {
        "dmean": [0.00102434074506, 0.0147768547758, 0.00659261643887, 0.00199980451725, 0.00160427030642, 0.0010771045927, 0.000890868657734, 0.000591170974076, 0.000586114241742, 0.000655032403301, 0.000182783129276, 0.000335527263815, 0.000302979897242, 0.000200033580768, 0.000243276284891, 0.000203479372431, 0.000221626003622, 0.000182666030014, 0.000155527610332, 0.000233862054301, 0.000295862671919, 0.00027523751487, 0.000205450429348, 0.000282505061477, 0.000319624959957, 0.000224685310968, 5.38711297793e-08],
        "dmean2": [0.000831450277474, 0.0197124667466, 0.0107265124097, 0.00352759612724, 0.0026671832893, 0.00164079223759, 0.00142651505303, 0.00091505527962, 0.000943407823797, 0.0010119411163, 0.000305431894958, 0.000524575822055, 0.00048047141172, 0.000316200428642, 0.0004100681399, 0.000337265111739, 0.000367853877833, 0.000300663319649, 0.000254156155279, 0.000387801032048, 0.00049168773694, 0.000441363517893, 0.000326250679791, 0.000460270297481, 0.00052586424863, 0.000387721986044, 1.01197002778e-07],
        "dvar": [4.57780333818e-06, 0.000883992237505, 0.000403124984587, 4.46342164651e-05, 9.38065750233e-06, 3.07049094772e-06, 2.43657109422e-06, 1.04269474832e-06, 1.04357752662e-06, 1.20674883419e-06, 1.95179296725e-07, 1.00948398085e-06, 4.16198616904e-07, 2.26915318535e-07, 5.63941455312e-07, 3.81573954655e-07, 3.80313593951e-07, 2.29134599294e-07, 1.53066039843e-07, 3.2393421634e-07, 6.36433526324e-07, 6.00857561039e-07, 3.66540859886e-07, 5.73933277792e-07, 8.82505730715e-07, 5.76995034862e-07, 6.73649436472e-14],
        "dvar2": [3.35376580551e-06, 0.00143734551966, 0.00109425047413, 0.00013189065794, 2.60380729742e-05, 4.98476038047e-06, 6.2224244175e-06, 2.35824995798e-06, 2.63774654741e-06, 2.84624184133e-06, 5.33237198397e-07, 1.93767027667e-06, 1.02383137346e-06, 4.67088938194e-07, 1.43833506172e-06, 9.79438027571e-07, 9.31362819756e-07, 5.44476563391e-07, 3.45801879575e-07, 8.17853447188e-07, 1.63780941875e-06, 1.52117240759e-06, 9.37907657317e-07, 1.48084870943e-06, 2.28029352911e-06, 1.59066166816e-06, 1.91234384556e-13],
        "max": [0.0231288578361, 0.303003013134, 0.154713794589, 0.0592500343919, 0.029208380729, 0.0568513944745, 0.0195907037705, 0.0130402911454, 0.00807234365493, 0.0156694334, 0.00631058542058, 0.0188529193401, 0.00747591210529, 0.00621324079111, 0.0065386085771, 0.00634252466261, 0.00775447767228, 0.00517837516963, 0.00515516102314, 0.00467035593465, 0.00539434282109, 0.00692241033539, 0.0056613185443, 0.00570791400969, 0.00802482757717, 0.00639385357499, 2.84602219836e-06],
        "mean": [0.00221795961261, 0.0441933907568, 0.00935365911573, 0.00244658044539, 0.00269398652017, 0.00254706572741, 0.00165456335526, 0.00101965281647, 0.00100433116313, 0.00125135993585, 0.000210513098864, 0.000416634749854, 0.000527781143319, 0.000253627280472, 0.000223332812311, 0.00019223325944, 0.000230570614804, 0.000180191680556, 0.000164314027643, 0.0002395867632, 0.000263220543275, 0.000243640854023, 0.000193194646272, 0.000250265235081, 0.000267738476396, 0.000169753533555, 3.23083959586e-08],
        "median": [1.04763275885e-05, 0.0114805158228, 0.00332258665003, 0.000604186381679, 0.00167429121211, 0.00156366929878, 0.000779482070357, 0.000436716683907, 0.000527079100721, 0.000545153568964, 0.000103334059531, 9.4456707302e-05, 0.000119502547022, 6.93738547852e-05, 4.27229060733e-05, 4.50701481896e-05, 4.33120476373e-05, 2.870656499e-05, 2.09694244404e-05, 2.57725569099e-05, 2.3125898224e-05, 7.10212907507e-06, 3.1271588341e-06, 1.90119430954e-06, 7.31872717097e-07, 2.1115222637e-07, 7.14852732564e-10],
        "min": [1.81982678926e-10, 4.1455625599e-09, 5.16037168552e-08, 2.42675781692e-08, 2.61328636952e-06, 1.78677524332e-07, 5.57678731639e-07, 5.17573766956e-07, 2.10149224245e-07, 4.09645565469e-07, 3.43533145042e-07, 5.76679042297e-07, 4.95204358231e-06, 1.48610990891e-06, 1.03723857592e-06, 8.41569601562e-07, 4.71695699389e-07, 3.85501181199e-07, 1.92936411736e-07, 1.13089249965e-07, 1.71484202838e-07, 2.49119427309e-08, 2.87592927251e-09, 3.86320891943e-10, 6.78543896418e-12, 1.19861377768e-11, 1.41390232855e-11],
        "var": [2.65311027761e-05, 0.00467028841376, 0.000336577300914, 3.05155735987e-05, 9.72794623522e-06, 1.17295467135e-05, 5.36232118975e-06, 2.64391474047e-06, 1.47606465362e-06, 3.16609657602e-06, 1.50257321252e-07, 1.77506876753e-06, 9.49297884745e-07, 3.29842464453e-07, 4.57913984064e-07, 3.33138672204e-07, 3.80252856758e-07, 2.48974288297e-07, 1.8759706677e-07, 3.32695577754e-07, 5.44126180557e-07, 5.14025032317e-07, 3.1225465591e-07, 5.13453755957e-07, 7.07945048362e-07, 3.7898314531e-07, 3.96949183593e-14]
    },
    "erbbands": {
        "dmean": [0.530622184277, 3.56333947182, 7.60997819901, 6.88239431381, 5.16021347046, 5.67434883118, 6.87404060364, 9.50951194763, 14.9824705124, 11.1043481827, 10.5088272095, 11.9665374756, 20.08867836, 11.4330129623, 8.31772518158, 12.0822839737, 14.7404279709, 10.5373773575, 14.7143058777, 8.15478038788, 13.4471101761, 11.818277359, 10.1040124893, 7.9240026474, 9.64441776276, 11.0763788223, 11.9060487747, 11.0403690338, 10.3389091492, 7.55323076248, 5.4009180069, 5.20374107361, 5.08174514771, 3.72546124458, 2.27509784698, 1.35279500484, 0.32420065999, 0.023669200018, 0.000468057987746, 3.96617760998e-05],
        "dmean2": [0.60784971714, 4.74578475952, 11.3735141754, 11.9692831039, 8.77108383179, 9.18791007996, 10.5400428772, 14.7077999115, 24.1503162384, 16.9329929352, 16.5134868622, 19.3277339935, 32.1207809448, 18.3216590881, 13.9064979553, 18.9534549713, 22.5878658295, 16.8378334045, 24.0820522308, 13.2974500656, 22.8679866791, 19.6460132599, 16.5244960785, 12.8220806122, 15.7043094635, 18.3489704132, 19.5768890381, 18.3730506897, 16.6000003815, 12.0874767303, 8.55510997772, 8.53607845306, 8.36902999878, 6.11787986755, 3.74575304985, 2.36420035362, 0.554886519909, 0.0410698838532, 0.000811635225546, 6.58454810036e-05],
        "dvar": [1.16221284866, 57.041809082, 444.720245361, 553.732788086, 182.423217773, 114.600318909, 110.123680115, 237.569122314, 773.533508301, 491.235290527, 219.647109985, 465.986114502, 1194.52636719, 496.25289917, 393.942840576, 1271.33410645, 919.87121582, 780.460449219, 1778.99230957, 492.17401123, 1812.87207031, 929.583190918, 612.934814453, 389.087677002, 546.375732422, 741.511108398, 1059.37805176, 902.080505371, 819.057067871, 494.020324707, 242.286254883, 187.075241089, 197.134933472, 112.31665802, 47.5947570801, 23.5632228851, 0.965213000774, 0.00573476916179, 2.22193671107e-06, 9.0410203768e-09],
        "dvar2": [1.4887778759, 89.4145507812, 1099.84130859, 1608.49169922, 524.563842773, 290.136230469, 207.290985107, 468.654876709, 1973.21362305, 1187.71850586, 514.072021484, 1217.6192627, 2829.26171875, 1271.70031738, 1058.46862793, 2426.20605469, 2080.81591797, 1680.24731445, 4489.78125, 1162.10192871, 4788.61669922, 2225.76342773, 1387.33093262, 886.919250488, 1285.44238281, 1890.6940918, 2713.25195312, 2338.56884766, 2062.3190918, 1262.77404785, 621.190429688, 480.108642578, 510.445281982, 288.872619629, 125.357368469, 64.904548645, 2.63749527931, 0.0157864224166, 6.07901165495e-06, 2.50365363996e-08],
        "max": [12.2593240738, 74.0330505371, 180.050552368, 194.439971924, 117.837944031, 169.415344238, 306.870666504, 399.324188232, 358.552886963, 356.057769775, 142.283004761, 177.412322998, 611.332214355, 238.795883179, 239.363388062, 673.406616211, 385.557800293, 343.911010742, 395.022338867, 213.606842041, 406.579528809, 345.368896484, 244.018920898, 224.95652771, 296.978027344, 193.427459717, 287.134277344, 227.1771698, 247.724990845, 218.521728516, 144.436462402, 108.267669678, 105.752967834, 88.8269805908, 52.6773147583, 40.6895599365, 8.94895172119, 0.743525028229, 0.014045547694, 0.000892682815902],
        "mean": [1.54077935219, 8.66782855988, 13.1130561829, 8.88160514832, 7.55761957169, 9.4359588623, 15.6151981354, 21.3336315155, 28.3292007446, 20.7820167542, 18.9930953979, 20.0162162781, 39.567401886, 19.4607753754, 9.86656951904, 15.9259204865, 26.9924163818, 13.4860506058, 15.5825996399, 8.78231906891, 12.1616353989, 12.6932067871, 10.4519281387, 8.68583202362, 9.93102931976, 11.0575904846, 11.0109577179, 9.62853431702, 9.08765029907, 6.93195343018, 5.13887548447, 4.80898571014, 4.33154821396, 3.15659284592, 1.84051930904, 1.00424408913, 0.246051639318, 0.0180663522333, 0.000400031160098, 0.000103606194898],
        "median": [0.121408231556, 3.00767374039, 6.36147356033, 2.50443196297, 3.77761054039, 5.50375413895, 10.4542951584, 13.0390634537, 13.9647827148, 9.99563503265, 12.099770546, 11.0965270996, 15.8743448257, 9.70317173004, 4.78691911697, 4.0592918396, 5.95605659485, 4.00776052475, 3.2637398243, 2.33725953102, 2.66092205048, 2.62501859665, 1.95449912548, 1.43273353577, 1.22388279438, 1.08495306969, 1.21502220631, 0.603203713894, 0.288797497749, 0.147722169757, 0.0744302421808, 0.0400566421449, 0.0291330460459, 0.011188171804, 0.0042615076527, 0.00168249406852, 0.000344399741152, 1.83495194506e-05, 3.71962050849e-05, 5.15614628966e-05],
        "min": [2.32458560845e-07, 3.37014216711e-06, 9.11779352464e-05, 0.00017378568009, 0.00105407822412, 0.00910236593336, 0.00590382283553, 0.00151433621068, 0.00542469089851, 0.0110464831814, 0.0122504560277, 0.006452918984, 0.0111917546019, 0.0111287320033, 0.0187155548483, 0.0421023219824, 0.298202514648, 0.11288035661, 0.104106061161, 0.0764431133866, 0.0468517281115, 0.0329936593771, 0.0226068682969, 0.0280034318566, 0.0155683178455, 0.0076859514229, 0.0105784712359, 0.00553264282644, 0.00157420989126, 0.000386866071494, 8.80591687746e-05, 3.21685620293e-05, 1.44376335811e-05, 7.7606027844e-06, 5.48390562471e-06, 4.15652266383e-06, 2.54531073551e-06, 4.77916103137e-07, 2.15877298615e-06, 3.15454690281e-06],
        "var": [8.05806541443, 190.48626709, 491.618530273, 376.743103027, 150.248214722, 147.084915161, 373.906616211, 783.093078613, 1622.40600586, 1077.32275391, 463.922851562, 569.691467285, 3330.23120117, 703.964782715, 305.605102539, 2301.26416016, 2486.76074219, 974.686279297, 1764.66259766, 507.593475342, 1425.01184082, 1002.88323975, 720.764465332, 476.780029297, 654.463317871, 743.491149902, 896.026123047, 783.733764648, 708.909362793, 414.541870117, 210.488235474, 175.390655518, 167.462051392, 93.0304794312, 36.2604484558, 15.3147478104, 0.664089202881, 0.00379959214479, 1.5116246459e-06, 1.39894478224e-08]
    },
    "gfcc": {
        "mean": [-36.8272323608, 147.916671753, -107.159690857, 31.7396831512, -46.1437606812, 2.88739347458, -17.0189819336, 2.84422302246, -13.0215463638, 2.22237682343, -9.53405475616, -3.74404406548, -2.13812208176],
        "cov": [[7117.75634766, -5226.76074219, 1790.32800293, 1000.21990967, -788.707397461, 2103.44555664, -1002.93389893, 1220.04797363, -740.836242676, 547.383483887, -414.299530029, 485.791168213, -424.997772217], [-5226.76074219, 5257.31298828, -1100.73242188, -1032.77966309, 789.890563965, -1617.30114746, 934.972412109, -887.466918945, 578.046630859, -498.929321289, 349.362457275, -402.556945801, 389.773773193], [1790.32800293, -1100.73242188, 1909.99597168, 367.49307251, 122.945541382, 1027.31506348, -93.5793304443, 626.876953125, -97.3021316528, 244.146713257, -70.5346755981, 256.604522705, -86.3562088013], [1000.21990967, -1032.77966309, 367.49307251, 560.089355469, -41.1373710632, 466.222900391, -77.7453308105, 202.411315918, -4.86487960815, 87.6358184814, 27.202835083, 52.9939842224, -39.3838348389], [-788.707397461, 789.890563965, 122.945541382, -41.1373710632, 535.577209473, -37.7318191528, 255.670684814, -67.3805618286, 136.526428223, -10.339474678, 89.924987793, -24.4854621887, 53.8254508972], [2103.44555664, -1617.30114746, 1027.31506348, 466.222900391, -37.7318191528, 1126.56640625, -213.166870117, 517.815124512, -123.883872986, 202.749038696, -0.912816941738, 162.428939819, -58.4234771729], [-1002.93389893, 934.972412109, -93.5793304443, -77.7453308105, 255.670684814, -213.166870117, 332.658996582, -125.638916016, 168.56942749, -70.0954666138, 99.3318634033, -50.683265686, 83.1680145264], [1220.04797363, -887.466918945, 626.876953125, 202.411315918, -67.3805618286, 517.815124512, -125.638916016, 418.992828369, -87.5617599487, 110.435600281, -47.8911628723, 138.838363647, -39.2817268372], [-740.836242676, 578.046630859, -97.3021316528, -4.86487960815, 136.526428223, -123.883872986, 168.56942749, -87.5617599487, 205.257888794, -33.9575538635, 113.182060242, -46.8362121582, 81.9501419067], [547.383483887, -498.929321289, 244.146713257, 87.6358184814, -10.339474678, 202.749038696, -70.0954666138, 110.435600281, -33.9575538635, 160.296035767, -5.89656448364, 64.5026092529, -41.1486549377], [-414.299530029, 349.362457275, -70.5346755981, 27.202835083, 89.924987793, -0.912816941738, 99.3318634033, -47.8911628723, 113.182060242, -5.89656448364, 176.025177002, -29.8172073364, 70.9055099487], [485.791168213, -402.556945801, 256.604522705, 52.9939842224, -24.4854621887, 162.428939819, -50.683265686, 138.838363647, -46.8362121582, 64.5026092529, -29.8172073364, 132.775726318, -17.4092845917], [-424.997772217, 389.773773193, -86.3562088013, -39.3838348389, 53.8254508972, -58.4234771729, 83.1680145264, -39.2817268372, 81.9501419067, -41.1486549377, 70.9055099487, -17.4092845917, 130.82093811]],
        "icov": [[0.00103468250018, 5.47577510588e-05, 0.000253011909081, -0.000465397781227, 0.000474452855997, -0.00107029138599, 0.000362927414244, -0.000769565871451, 0.00122066831682, -0.000747073558159, 0.000671130081173, -0.000552905199584, 0.000653148570564], [5.47577510588e-05, 0.00215535052121, -0.000989575055428, 0.00216821674258, -0.000970525608864, 0.00158402521629, -0.00168872135691, 0.000380653393222, -0.00060647650389, 0.00225725839846, -0.00183806696441, 0.00229443400167, -0.00155823200475], [0.000253011909081, -0.000989575055428, 0.0020282457117, -0.000952213944402, 0.000222953065531, -0.00197101151571, 0.000310314848321, -0.00136429350823, 0.000211691658478, -0.00166059110779, 0.00176751462277, -0.00201132404618, 0.00136304041371], [-0.000465397781227, 0.00216821674258, -0.000952213944402, 0.0054461620748, -0.000878813385498, 0.000693687587045, -0.00195369147696, 0.000714709400199, -0.00252701155841, 0.00265837926418, -0.00240938528441, 0.00261573796161, -0.000759829126764], [0.000474452855997, -0.000970525608864, 0.000222953065531, -0.000878813385498, 0.00401331158355, -0.00175231322646, -0.00159131921828, 0.000248184107477, 0.000524996430613, -0.00191371317487, 0.00103687937371, -0.00122188578825, 0.00131254002918], [-0.00107029138599, 0.00158402521629, -0.00197101151571, 0.000693687587045, -0.00175231322646, 0.00610330421478, -0.000399446027586, -0.00120390066877, -0.000354708929081, 0.00177327380516, -0.00380487949587, 0.0033781256061, -0.00265792990103], [0.000362927414244, -0.00168872135691, 0.000310314848321, -0.00195369147696, -0.00159131921828, -0.000399446027586, 0.00967561174184, -0.000548809766769, -0.00245519611053, -0.000272435630905, 0.000715394096915, -0.00228021317162, 0.000748689635657], [-0.000769565871451, 0.000380653393222, -0.00136429350823, 0.000714709400199, 0.000248184107477, -0.00120390066877, -0.000548809766769, 0.00866702571511, -0.00119571969844, 0.00129458529409, 0.00020995560044, -0.0026082675904, -0.00131271395367], [0.00122066831682, -0.00060647650389, 0.000211691658478, -0.00252701155841, 0.000524996430613, -0.000354708929081, -0.00245519611053, -0.00119571969844, 0.0140309678391, -0.00258651003242, -0.00288634444587, 0.000433721288573, -0.00200191885233], [-0.000747073558159, 0.00225725839846, -0.00166059110779, 0.00265837926418, -0.00191371317487, 0.00177327380516, -0.000272435630905, 0.00129458529409, -0.00258651003242, 0.0131074320525, -0.00400611944497, -0.00036090874346, 0.000559388194233], [0.000671130081173, -0.00183806696441, 0.00176751462277, -0.00240938528441, 0.00103687937371, -0.00380487949587, 0.000715394096915, 0.00020995560044, -0.00288634444587, -0.00400611944497, 0.012955239974, -0.00189598253928, -0.00114558730274], [-0.000552905199584, 0.00229443400167, -0.00201132404618, 0.00261573796161, -0.00122188578825, 0.0033781256061, -0.00228021317162, -0.0026082675904, 0.000433721288573, -0.00036090874346, -0.00189598253928, 0.0162721201777, -0.00368691072799], [0.000653148570564, -0.00155823200475, 0.00136304041371, -0.000759829126764, 0.00131254002918, -0.00265792990103, 0.000748689635657, -0.00131271395367, -0.00200191885233, 0.000559388194233, -0.00114558730274, -0.00368691072799, 0.0140426913276]]
    },
    "melbands": {
        "dmean": [0.00430782279, 0.00386579451151, 0.00112011411693, 0.000372078502551, 0.000237380663748, 0.000216651402297, 0.000204400028451, 0.000128440515255, 9.09808877623e-05, 7.52866471885e-05, 0.000104850958451, 5.32741760253e-05, 2.61493205471e-05, 2.83631779894e-05, 4.0109083784e-05, 3.0944145692e-05, 1.80002389243e-05, 2.43147769652e-05, 1.53898017743e-05, 1.00516317616e-05, 1.74122687895e-05, 1.28280298668e-05, 1.09748216346e-05, 8.3837121565e-06, 6.20068522039e-06, 6.46782245894e-06, 8.65111633175e-06, 6.8069198278e-06, 6.89051466907e-06, 8.01239184511e-06, 6.00015346208e-06, 6.0114198277e-06, 5.18172282682e-06, 4.13941506849e-06, 3.31393471242e-06, 2.64587924903e-06, 3.50923460246e-06, 3.72434283236e-06, 3.26369263348e-06, 3.18428692481e-06],
        "dmean2": [0.00506312446669, 0.00527729699388, 0.0019106635591, 0.000625553773716, 0.000366626656614, 0.000332223076839, 0.000329712871462, 0.000194255509996, 0.000142159857205, 0.00012388092, 0.000166695361258, 8.41056826175e-05, 4.35160909547e-05, 4.6485751227e-05, 6.08987102169e-05, 4.81545248476e-05, 2.88021274173e-05, 3.95488568756e-05, 2.59306689259e-05, 1.60926647368e-05, 3.00487627101e-05, 2.1265257601e-05, 1.8267908672e-05, 1.38758032335e-05, 1.00208062577e-05, 1.07134346763e-05, 1.47459759319e-05, 1.12169218482e-05, 1.1307684872e-05, 1.35801719807e-05, 1.00427860161e-05, 9.63950424193e-06, 8.51231470733e-06, 6.73150270813e-06, 5.27023257746e-06, 4.34580169895e-06, 5.85080715609e-06, 6.25937627774e-06, 5.27747579326e-06, 5.35233266419e-06],
        "dvar": [6.5955107857e-05, 8.17825784907e-05, 1.32004015541e-05, 5.99353484176e-07, 1.27899781432e-07, 1.20160251527e-07, 1.35217078423e-07, 6.54010534618e-08, 1.66590456985e-08, 2.07528323415e-08, 3.18823865086e-08, 9.83734782523e-09, 3.8782896894e-09, 4.70489824878e-09, 1.78947754392e-08, 4.49786785595e-09, 2.37804975711e-09, 4.48906911643e-09, 1.97102356658e-09, 7.32913008061e-10, 3.35642469373e-09, 1.10551934274e-09, 8.43989989008e-10, 4.84192796968e-10, 2.32189503735e-10, 3.16467074768e-10, 4.44375675146e-10, 2.68907729417e-10, 3.5989919378e-10, 4.81081841031e-10, 2.82338680213e-10, 2.82309203792e-10, 2.27837942957e-10, 1.54761869986e-10, 9.4659877159e-11, 5.38069692968e-11, 8.39084565718e-11, 1.09525236103e-10, 7.72228808676e-11, 8.64665422595e-11],
        "dvar2": [9.71576373558e-05, 0.000170207000338, 3.7674952182e-05, 1.68550468516e-06, 2.71753378911e-07, 2.24031367679e-07, 3.49175564907e-07, 1.54896682147e-07, 3.86867888835e-08, 5.45501208649e-08, 7.52391287051e-08, 2.45666686993e-08, 1.05238306958e-08, 1.20218528465e-08, 3.17109041248e-08, 1.03414103947e-08, 4.91326579422e-09, 1.11496740729e-08, 4.93205076779e-09, 1.71114156178e-09, 9.0230223293e-09, 2.68828959094e-09, 1.96621630089e-09, 1.17781717712e-09, 5.32202393266e-10, 7.40176808733e-10, 1.13165077309e-09, 6.76111888698e-10, 9.13346509535e-10, 1.23847310185e-09, 7.40893346673e-10, 7.092297305e-10, 5.8840704531e-10, 3.96658539348e-10, 2.42969450115e-10, 1.39606659566e-10, 2.16417078702e-10, 2.87123241849e-10, 1.9290914699e-10, 2.26246202328e-10],
        "max": [0.090326718986, 0.0805109590292, 0.0292465630919, 0.0064550312236, 0.00860277190804, 0.00982712674886, 0.00459760660306, 0.00377822504379, 0.00128116249107, 0.00122639513575, 0.0030314438045, 0.00105174025521, 0.000883495784365, 0.000638617377263, 0.00272582424805, 0.000800676876679, 0.000663699174765, 0.000686208950356, 0.000376679352485, 0.000278366613202, 0.000571847485844, 0.000358691962902, 0.00034440777381, 0.000250942859566, 0.000173034306499, 0.000265588285401, 0.000166079058545, 0.00012348612654, 0.000186550794751, 0.000154930981807, 0.000144256118801, 0.000150210762513, 0.000162717959029, 0.000116018825793, 9.86307277344e-05, 5.94621742493e-05, 6.42621234874e-05, 7.68630634411e-05, 6.27315821475e-05, 8.03413568065e-05],
        "mean": [0.0128499418497, 0.00859658513218, 0.00153818598483, 0.000607657420915, 0.000521321140695, 0.000505294243339, 0.000385663704947, 0.000227460754104, 0.000161796720931, 0.000124218815472, 0.000206919983611, 9.39265228226e-05, 3.00867777696e-05, 3.19427344948e-05, 6.03492953815e-05, 5.46483133803e-05, 2.00687372853e-05, 2.70921082119e-05, 1.43480165207e-05, 1.08208969323e-05, 1.4737118363e-05, 1.3369928638e-05, 1.11830504466e-05, 8.37804873299e-06, 6.75630872138e-06, 6.53471943224e-06, 8.62741308083e-06, 6.72523310641e-06, 6.48051764074e-06, 6.92152525517e-06, 5.14720431966e-06, 5.26457006345e-06, 4.48899618277e-06, 3.76015327674e-06, 3.03796923617e-06, 2.5754904982e-06, 3.10350105792e-06, 3.07089567286e-06, 2.87049965664e-06, 2.59411922343e-06],
        "median": [0.0022473228164, 0.00346384220757, 0.000486642617034, 0.000353039940819, 0.000375019590138, 0.000325462373439, 0.000200762355234, 9.62949852692e-05, 0.000109311258711, 6.04625965934e-05, 8.27961339382e-05, 4.38140668848e-05, 1.49640045493e-05, 1.19309161164e-05, 9.97600909614e-06, 1.16953679026e-05, 5.48794378119e-06, 5.41539156984e-06, 3.15066040457e-06, 2.8674207897e-06, 2.8416850455e-06, 2.61009176938e-06, 1.84820908089e-06, 1.44232660659e-06, 1.08410165467e-06, 8.01989244792e-07, 8.05759611922e-07, 6.33268200545e-07, 8.08773336303e-07, 5.62794809866e-07, 2.40858241796e-07, 1.62291769357e-07, 1.04586867167e-07, 6.88743071464e-08, 4.77740300653e-08, 2.58240451245e-08, 2.24663860848e-08, 1.84668866865e-08, 1.37588997973e-08, 5.74678526988e-09],
        "min": [1.2036998065e-09, 2.80085821203e-08, 5.23613614689e-08, 4.39646612449e-07, 2.97593686582e-07, 2.8501858651e-08, 8.90939446663e-08, 1.11355639376e-07, 9.88582584682e-08, 3.35770593551e-08, 5.24212353525e-08, 3.94162213979e-08, 5.7503083184e-08, 5.66413547176e-08, 1.55241281163e-07, 2.60552326381e-07, 1.31089507249e-07, 1.04970709458e-07, 1.09858277142e-07, 3.94275296856e-08, 1.7170521005e-08, 2.68632085465e-08, 2.86935453175e-09, 2.12275832467e-08, 1.87604367596e-08, 7.40017647161e-09, 4.7614054921e-09, 3.74755754207e-10, 7.06853198196e-09, 3.76516462453e-09, 1.79104386877e-09, 7.38369920761e-10, 8.66622815177e-11, 6.48746473209e-11, 6.92012549694e-12, 8.45717419706e-12, 2.42689722485e-12, 2.12303850715e-12, 1.36627173334e-13, 5.41983145375e-14],
