{
"highlevel": {
    "danceability": {
        "all": {
            "danceable": 0.995273530483,
            "not_danceable": 0.0047264653258
        },
        "probability": 0.995273530483,
        "value": "danceable"
    },
    "gender": {
        "all": {
            "female": 0.00410905107856,
            "male": 0.995890974998
        },
        "probability": 0.995890974998,
        "value": "male"
    },
    "genre_dortmund": {
        "all": {
            "alternative": 0.122173570096,
            "blues": 0.0233524683863,
            "electronic": 0.0790907740593,
            "folkcountry": 0.0174269210547,
            "funksoulrnb": 0.0145068056881,
            "jazz": 0.132262945175,
            "pop": 0.0257153306156,
            "raphiphop": 0.116998128593,
            "rock": 0.468473047018
        },
        "probability": 0.468473047018,
        "value": "rock"
    },
    "genre_electronic": {
        "all": {
            "ambient": 0.120785005391,
            "dnb": 0.120150856674,
            "house": 0.309003829956,
            "techno": 0.0180123019964,
            "trance": 0.432047992945
        },
        "probability": 0.432047992945,
        "value": "trance"
    },
    "genre_rosamerica": {
        "all": {
            "cla": 0.000282788008917,
            "dan": 0.956781685352,
            "hip": 0.0110408160836,
            "jaz": 0.00055697147036,
            "pop": 0.00399592751637,
            "rhy": 0.0169533360749,
            "roc": 0.00879706814885,
            "spe": 0.00159138673916
        },
        "probability": 0.956781685352,
        "value": "dan"
    },
    "genre_tzanetakis": {
        "all": {
            "blu": 0.0626541376114,
            "cla": 0.0348133966327,
            "cou": 0.0783501937985,
            "dis": 0.104547761381,
            "hip": 0.15693578124,
            "jaz": 0.313987255096,
            "met": 0.044816005975,
            "pop": 0.0627349764109,
            "reg": 0.0627352520823,
            "roc": 0.0784252434969
        },
        "probability": 0.313987255096,
        "value": "jaz"
    },
    "ismir04_rhythm": {
        "all": {
            "ChaChaCha": 0.0123209087178,
            "Jive": 0.0123444069177,
            "Quickstep": 0.00419906247407,
            "Rumba-American": 0.00541823729873,
            "Rumba-International": 0.0130451787263,
            "Rumba-Misc": 0.00106006616261,
            "Samba": 0.950364649296,
            "Tango": 0.000557713210583,
            "VienneseWaltz": 0.00023169555061,
            "Waltz": 0.000458096241346
        },
        "probability": 0.950364649296,
        "value": "Samba"
    },
    "mood_acoustic": {
        "all": {
            "acoustic": 0.158945903182,
            "not_acoustic": 0.841054081917
        },
        "probability": 0.841054081917,
        "value": "not_acoustic"
    },
    "mood_aggressive": {
        "all": {
            "aggressive": 0.405995368958,
            "not_aggressive": 0.594004631042
        },
        "probability": 0.594004631042,
        "value": "not_aggressive"
    },
    "mood_electronic": {
        "all": {
            "electronic": 0.933208286762,
            "not_electronic": 0.0667917355895
        },
        "probability": 0.933208286762,
        "value": "electronic"
    },
    "mood_happy": {
        "all": {
            "happy": 0.354954332113,
            "not_happy": 0.645045697689
        },
        "probability": 0.645045697689,
        "value": "not_happy"
    },
    "mood_party": {
        "all": {
            "not_party": 0.442760080099,
            "party": 0.557239949703
        },
        "probability": 0.557239949703,
        "value": "party"
    },
    "mood_relaxed": {
        "all": {
            "not_relaxed": 0.931822061539,
            "relaxed": 0.0681779161096
        },
        "probability": 0.931822061539,
        "value": "not_relaxed"
    },
    "mood_sad": {
        "all": {
            "not_sad": 0.348883777857,
            "sad": 0.651116192341
        },
        "probability": 0.651116192341,
        "value": "sad"
    },
    "moods_mirex": {
        "all": {
            "Cluster1": 0.568311154842,
            "Cluster2": 0.0879491567612,
            "Cluster3": 0.0625345557928,
            "Cluster4": 0.0366806387901,
            "Cluster5": 0.244524508715
        },
        "probability": 0.568311154842,
        "value": "Cluster1"
    },
    "timbre": {
        "all": {
            "bright": 0.819088220596,
            "dark": 0.180911794305
        },
        "probability": 0.819088220596,
        "value": "bright"
    },
    "tonal_atonal": {
        "all": {
            "atonal": 0.0137747563422,
            "tonal": 0.986225247383
        },
        "probability": 0.986225247383,
        "value": "tonal"
    },
    "voice_instrumental": {
        "all": {
            "instrumental": 0.248051330447,
            "voice": 0.751948654652
        },
        "probability": 0.751948654652,
        "value": "voice"
    }
},
"lowlevel": {
    "average_loudness": 0.981704831123,
    "barkbands_crest": {
        "dmean": 3.11135959625,
        "dmean2": 4.60613536835,
        "dvar": 8.33651828766,
        "dvar2": 14.3589572906,
        "max": 26.0249271393,
        "mean": 11.6373491287,
        "median": 10.3297729492,
        "min": 2.1843996048,
        "var": 29.1561107635
    },
    "barkbands_flatness_db": {
        "dmean": 0.0346384420991,
        "dmean2": 0.0460452586412,
        "dvar": 0.000920048449188,
        "dvar2": 0.00167433498427,
        "max": 0.375675708055,
        "mean": 0.162078231573,
        "median": 0.150956571102,
        "min": 0.0406437963247,
        "var": 0.00370971788652
    },
    "barkbands_kurtosis": {
        "dmean": 10.6300344467,
        "dmean2": 14.6249027252,
        "dvar": 394.656585693,
        "dvar2": 614.78125,
        "max": 359.988494873,
        "mean": 15.7635354996,
        "median": 5.12679386139,
        "min": -1.865883708,
        "var": 929.891418457
    },
    "barkbands_skewness": {
        "dmean": 1.06216919422,
        "dmean2": 1.41518092155,
        "dvar": 1.42162883282,
        "dvar2": 2.00923037529,
        "max": 17.0556240082,
        "mean": 2.90703701973,
        "median": 2.24254775047,
        "min": -3.24347257614,
        "var": 5.65359830856
    },
    "barkbands_spread": {
        "dmean": 8.77865695953,
        "dmean2": 13.0460987091,
        "dvar": 93.2976531982,
        "dvar2": 206.552429199,
        "max": 94.6375045776,
        "mean": 21.2039222717,
        "median": 17.6902294159,
        "min": 0.684848129749,
        "var": 216.109649658
    },
    "dissonance": {
        "dmean": 0.0151473712176,
        "dmean2": 0.0243024583906,
        "dvar": 0.000236820007558,
        "dvar2": 0.000560529937502,
        "max": 0.499999880791,
        "mean": 0.468573063612,
        "median": 0.476012915373,
        "min": 0.362609565258,
        "var": 0.000631358765531
    },
    "dynamic_complexity": 1.81857848167,
    "erbbands_crest": {
        "dmean": 2.63563036919,
        "dmean2": 4.29991292953,
        "dvar": 6.57467746735,
        "dvar2": 15.553153038,
        "max": 25.5867271423,
        "mean": 7.45775461197,
        "median": 6.44258785248,
        "min": 2.48643136024,
        "var": 14.8891763687
    },
    "erbbands_flatness_db": {
        "dmean": 0.0172839295119,
        "dmean2": 0.024717207998,
        "dvar": 0.000270664750133,
        "dvar2": 0.000523065042216,
        "max": 0.235895872116,
        "mean": 0.122157178819,
        "median": 0.11705622077,
        "min": 0.0705818235874,
        "var": 0.00079780962551
    },
    "erbbands_kurtosis": {
        "dmean": 0.761458516121,
        "dmean2": 1.15084397793,
        "dvar": 1.30116629601,
        "dvar2": 2.69527459145,
        "max": 15.8460845947,
        "mean": -0.270668953657,
        "median": -0.800905704498,
        "min": -1.75148868561,
        "var": 2.69498991966
    },
    "erbbands_skewness": {
        "dmean": 0.393629997969,
        "dmean2": 0.601278424263,
        "dvar": 0.130390137434,
        "dvar2": 0.307813316584,
        "max": 2.66706180573,
        "mean": 0.289085358381,
        "median": 0.257564544678,
        "min": -3.13510131836,
        "var": 0.437984973192
    },
    "erbbands_spread": {
        "dmean": 13.7810821533,
        "dmean2": 19.1683921814,
        "dvar": 158.057769775,
        "dvar2": 283.527435303,
        "max": 141.368453979,
        "mean": 64.4803390503,
        "median": 63.281211853,
        "min": 8.36823654175,
        "var": 697.532775879
    },
    "hfc": {
        "dmean": 12.160317421,
        "dmean2": 17.3037090302,
        "dvar": 268.560699463,
        "dvar2": 561.790649414,
        "max": 267.516479492,
        "mean": 25.1965427399,
        "median": 20.1393070221,
        "min": 1.27791726589,
        "var": 444.300476074
    },
    "melbands_crest": {
        "dmean": 3.87968969345,
        "dmean2": 6.06501150131,
        "dvar": 13.4246416092,
        "dvar2": 26.5628967285,
        "max": 34.548374176,
        "mean": 16.3241424561,
        "median": 14.7613077164,
        "min": 4.08830118179,
        "var": 43.6226043701
    },
    "melbands_flatness_db": {
        "dmean": 0.0427331998944,
        "dmean2": 0.0555854104459,
        "dvar": 0.00149131077342,
        "dvar2": 0.00272022699937,
        "max": 0.481174588203,
        "mean": 0.214420631528,
        "median": 0.2067014575,
        "min": 0.0260528493673,
        "var": 0.00686626788229
    },
    "melbands_kurtosis": {
        "dmean": 32.6747817993,
        "dmean2": 45.1253318787,
        "dvar": 3475.28979492,
        "dvar2": 5583.09814453,
        "max": 623.725402832,
        "mean": 57.3268966675,
        "median": 22.0264110565,
        "min": -1.8158839941,
        "var": 9099.90136719
    },
    "melbands_skewness": {
        "dmean": 1.59612643719,
        "dmean2": 2.10852265358,
        "dvar": 3.51725149155,
        "dvar2": 4.83597898483,
        "max": 22.5481529236,
        "mean": 5.13694095612,
        "median": 4.11932039261,
        "min": -1.26767933369,
        "var": 14.8584651947
    },
    "melbands_spread": {
        "dmean": 8.64839744568,
        "dmean2": 12.9997367859,
        "dvar": 185.586074829,
        "dvar2": 388.828735352,
        "max": 206.464309692,
        "mean": 18.4603042603,
        "median": 13.2959318161,
        "min": 0.466478317976,
        "var": 429.259674072
    },
    "pitch_salience": {
        "dmean": 0.0854200199246,
        "dmean2": 0.126836746931,
        "dvar": 0.00671063037589,
        "dvar2": 0.0118226418272,
        "max": 0.839373469353,
        "mean": 0.515948593616,
        "median": 0.547636091709,
        "min": 0.0595767572522,
        "var": 0.02298967354
    },
    "silence_rate_20dB": {
        "dmean": 0,
        "dmean2": 0,
        "dvar": 0,
        "dvar2": 0,
        "max": 1,
        "mean": 1,
        "median": 1,
        "min": 1,
        "var": 0
    },
    "silence_rate_30dB": {
        "dmean": 0.0727554187179,
        "dmean2": 0.145623549819,
        "dvar": 0.0674627497792,
        "dvar2": 0.124419078231,
        "max": 1,
        "mean": 0.832173228264,
        "median": 1,
        "min": 0,
        "var": 0.139661878347
    },
    "silence_rate_60dB": {
        "dmean": 0.00928792543709,
        "dmean2": 0.018590239808,
        "dvar": 0.00920150987804,
        "dvar2": 0.0197936724871,
        "max": 1,
        "mean": 0.0116009283811,
        "median": 0,
        "min": 0,
        "var": 0.0114662535489
    },
    "spectral_centroid": {
        "dmean": 353.99307251,
        "dmean2": 539.788208008,
        "dvar": 125285.398438,
        "dvar2": 269777.5625,
        "max": 4555.63085938,
        "mean": 1226.3704834,
        "median": 1065.18103027,
        "min": 253.3465271,
        "var": 423993.15625
    },
    "spectral_complexity": {
        "dmean": 7.66253852844,
        "dmean2": 10.9597215652,
        "dvar": 56.647731781,
        "dvar2": 122.244796753,
        "max": 51,
        "mean": 18.8522815704,
        "median": 16,
        "min": 2,
        "var": 108.110427856
    },
    "spectral_decrease": {
        "dmean": 5.94321969416e-09,
        "dmean2": 8.39502867223e-09,
        "dvar": 7.28158225854e-17,
        "dvar2": 1.01590047964e-16,
        "max": -3.25681120961e-10,
        "mean": -1.4897607592e-08,
        "median": -9.0616483206e-09,
        "min": -6.89942467602e-08,
        "var": 2.3888195232e-16
    },
    "spectral_energy": {
        "dmean": 0.0230736751109,
        "dmean2": 0.0326123945415,
        "dvar": 0.00105054839514,
        "dvar2": 0.00146203441545,
        "max": 0.262769281864,
        "mean": 0.0585123412311,
        "median": 0.0362396687269,
        "min": 0.00169943296351,
        "var": 0.00345346308313
    },
    "spectral_energyband_high": {
        "dmean": 0.00112197257113,
        "dmean2": 0.00165389245376,
        "dvar": 4.40211533714e-06,
        "dvar2": 8.67993094289e-06,
        "max": 0.03792527318,
        "mean": 0.00160452071577,
        "median": 0.000922678620555,
        "min": 3.03305951093e-05,
        "var": 6.85676559442e-06
    },
    "spectral_energyband_low": {
        "dmean": 0.0185881052166,
        "dmean2": 0.0259877275676,
        "dvar": 0.0011332690483,
        "dvar2": 0.0015679995995,
        "max": 0.259302526712,
        "mean": 0.0387708880007,
        "median": 0.0147854927927,
        "min": 7.19145327821e-06,
        "var": 0.00354850990698
    },
    "spectral_energyband_middle_high": {
        "dmean": 0.0019733090885,
        "dmean2": 0.0029383439105,
        "dvar": 5.64593574381e-06,
        "dvar2": 1.21346147353e-05,
        "max": 0.0275608729571,
        "mean": 0.00362273701467,
        "median": 0.00242653209716,
        "min": 0.000140723481309,
        "var": 1.19763153634e-05
    },
    "spectral_energyband_middle_low": {
        "dmean": 0.00905048381537,
        "dmean2": 0.0149006666616,
        "dvar": 0.000178113870788,
        "dvar2": 0.000475715147331,
        "max": 0.12721568346,
        "mean": 0.017270853743,
        "median": 0.0142084946856,
        "min": 0.000282708730083,
        "var": 0.000215859967284
    },
    "spectral_entropy": {
        "dmean": 0.234742462635,
        "dmean2": 0.337448358536,
        "dvar": 0.0465334914625,
        "dvar2": 0.103724353015,
        "max": 8.59194660187,
        "mean": 7.74135828018,
        "median": 7.78326177597,
        "min": 6.57364225388,
        "var": 0.124435327947
    },
    "spectral_flux": {
        "dmean": 0.0509312413633,
        "dmean2": 0.0794015526772,
        "dvar": 0.00293576414697,
        "dvar2": 0.00675304559991,
        "max": 0.426333367825,
        "mean": 0.123204737902,
        "median": 0.0980024635792,
        "min": 0.0214301813394,
        "var": 0.00644178921357
    },
    "spectral_kurtosis": {
        "dmean": 0.909909367561,
        "dmean2": 1.4325722456,
        "dvar": 0.802787780762,
        "dvar2": 1.92487204075,
        "max": 8.78005123138,
        "mean": 2.22602987289,
        "median": 1.98646450043,
        "min": -0.580880880356,
        "var": 1.74578297138
    },
    "spectral_rms": {
        "dmean": 0.00145745114423,
        "dmean2": 0.00205872021616,
        "dvar": 2.97486622003e-06,
        "dvar2": 3.87843738281e-06,
        "max": 0.016011254862,
        "mean": 0.00678886007518,
        "median": 0.00594607228413,
        "min": 0.00128762703389,
        "var": 1.0996551282e-05
    },
    "spectral_rolloff": {
        "dmean": 659.414245605,
        "dmean2": 1070.7244873,
        "dvar": 1276882.875,
        "dvar2": 2698448.75,
        "max": 10443.6035156,
        "mean": 1147.17126465,
        "median": 602.9296875,
        "min": 64.599609375,
        "var": 2515850.75
    },
    "spectral_skewness": {
        "dmean": 0.188202410936,
        "dmean2": 0.27928391099,
        "dvar": 0.0296050831676,
        "dvar2": 0.0674928948283,
        "max": 2.33351922035,
        "mean": 1.20721662045,
        "median": 1.16956698895,
        "min": 0.12095567584,
        "var": 0.100787773728
    },
    "spectral_spread": {
        "dmean": 633931.625,
        "dmean2": 941671.6875,
        "dvar": 374148169728,
        "dvar2": 823243505664,
        "max": 12011611,
        "mean": 5620965.5,
        "median": 5492634,
        "min": 3182219,
        "var": 912931749888
    },
    "spectral_strongpeak": {
        "dmean": 0.419791430235,
        "dmean2": 0.702494680882,
        "dvar": 0.407626360655,
        "dvar2": 0.935263872147,
        "max": 8.1967048645,
        "mean": 0.79596054554,
        "median": 0.619828462601,
        "min": 0,
        "var": 0.572980582714
    },
    "zerocrossingrate": {
        "dmean": 0.0163362585008,
        "dmean2": 0.0181885715574,
        "dvar": 0.000254646263784,
        "dvar2": 0.000283523258986,
        "max": 0.2646484375,
        "mean": 0.0581016913056,
        "median": 0.05078125,
        "min": 0.00341796875,
        "var": 0.00144688843284
    },
    "barkbands": {
        "dmean": [0.000987046747468, 0.014105274342, 0.00829837750643, 0.00401589646935, 0.00470231892541, 0.000861145672388, 0.000671096378937, 0.00089356553508, 0.000767970806919, 0.000568811025005, 0.00031475716969, 0.000299704173813, 0.000233868297073, 0.000250717421295, 0.000222365939408, 0.000228500313824, 0.000169525068486, 0.000129039093736, 0.000201752744033, 0.000221483016503, 0.000253918289673, 0.000249380536843, 0.000227569777053, 0.000205366217415, 0.000148277307744, 4.61883100797e-05, 1.94048137558e-08],
        "dmean2": [0.00139665754978, 0.016854563728, 0.0137678971514, 0.00727803260088, 0.00772897573188, 0.00143131124787, 0.000972118810751, 0.00121758913156, 0.00110780145042, 0.000865250767674, 0.000484684424009, 0.000493090774398, 0.000385014136555, 0.00039996652049, 0.000353708310286, 0.00036579585867, 0.000275450380286, 0.000203851202969, 0.000319376937114, 0.000347866123775, 0.000402712292271, 0.000379872828489, 0.000354546151357, 0.000313486525556, 0.00022956324392, 7.37919617677e-05, 3.46346489266e-08],
        "dvar": [5.96930840402e-06, 0.000928019406274, 0.000374654860934, 9.31244430831e-05, 3.35148470185e-05, 3.81927020499e-06, 1.56713281285e-06, 8.01553414931e-06, 3.47192576555e-06, 1.901394171e-06, 3.89435257375e-07, 2.41282009483e-07, 1.42615263599e-07, 1.17315657633e-07, 1.18341212385e-07, 1.17454383997e-07, 4.7732900299e-08, 3.04990521727e-08, 5.68033620141e-08, 1.86266717606e-07, 4.77468176996e-07, 5.26601922957e-07, 1.47544540141e-07, 1.21918745322e-07, 9.87241222106e-08, 4.99000041287e-09, 9.67232089371e-15],
        "dvar2": [1.29841746457e-05, 0.00107557314914, 0.000975773553364, 0.000262180226855, 8.87876958586e-05, 1.04325081338e-05, 3.08049470732e-06, 1.15671273306e-05, 7.3546875683e-06, 4.05594028052e-06, 7.90774720372e-07, 6.20108778548e-07, 3.56029602244e-07, 2.86097275648e-07, 2.92414313208e-07, 2.74989019999e-07, 1.13005967251e-07, 7.62748797456e-08, 1.40776037938e-07, 4.1715441057e-07, 1.09333041109e-06, 9.08150354917e-07, 3.50262752136e-07, 2.92301194804e-07, 2.51069849355e-07, 1.27541071038e-08, 2.17345825175e-14],
        "max": [0.0193064827472, 0.249327689409, 0.152089387178, 0.0885486006737, 0.0490569062531, 0.0281445682049, 0.0182220172137, 0.0518356412649, 0.032613646239, 0.0275853332132, 0.00921246409416, 0.00513785611838, 0.00571234850213, 0.00402578478679, 0.00598003715277, 0.00391166331246, 0.00299010449089, 0.00176835583989, 0.00221850513481, 0.00818553939462, 0.0159593746066, 0.0211944319308, 0.00609657214954, 0.00467304000631, 0.00474504148588, 0.000517331063747, 2.06704362427e-06],
        "mean": [0.000995867536403, 0.0246044937521, 0.01051556319, 0.0042567756027, 0.00758987851441, 0.00123116956092, 0.00114373129327, 0.00161134102382, 0.00122986931819, 0.000811812875327, 0.00044700410217, 0.000369526009308, 0.000287102971924, 0.000327419373207, 0.000295503647067, 0.000325137458276, 0.000234200822888, 0.000199612564757, 0.000296771206195, 0.000287042174023, 0.000351203634636, 0.000353759940481, 0.000281445565633, 0.000246589712333, 0.000173156164237, 4.63908982056e-05, 1.3307042579e-08],
        "median": [2.04668649531e-05, 0.00337747880258, 0.00563055695966, 0.00235352944583, 0.00547510292381, 0.000485921162181, 0.000416310562287, 0.000212046230445, 0.000244978233241, 0.000166449040989, 0.000140517717227, 0.000184894088306, 0.000128457293613, 0.000179799506441, 0.000162675292813, 0.000195839427761, 0.000141354423249, 0.000130296233692, 0.000197427434614, 0.000170533035998, 0.000214499028516, 0.000204528318136, 0.000136262970045, 0.000119930482469, 8.89721559361e-05, 1.76294815901e-05, 8.8802604159e-10],
        "min": [2.65651163289e-08, 7.68103632254e-07, 7.54013228743e-07, 4.25539292337e-06, 4.16081165895e-05, 5.40114706382e-06, 2.62500157078e-06, 6.50898925869e-07, 1.49039726693e-06, 1.89070715351e-06, 9.28938277411e-07, 3.65940650227e-06, 2.24049517783e-06, 2.08720734918e-06, 5.72942963117e-06, 2.19764683607e-06, 4.01912575398e-06, 1.39813789701e-06, 4.72456713396e-06, 5.68205086893e-06, 4.66358824269e-06, 2.87313014269e-06, 2.14358010453e-06, 1.56322721523e-06, 9.18680200357e-07, 2.5165307338e-11, 1.07941849903e-11],
        "var": [7.84630174167e-06, 0.00267668045126, 0.000303226523101, 5.92481301283e-05, 5.35662511538e-05, 6.22377592663e-06, 3.72266549675e-06, 2.37816930166e-05, 7.88806210039e-06, 3.64328525393e-06, 8.59895180838e-07, 2.6864040592e-07, 1.8610036534e-07, 1.60696799867e-07, 1.37813216838e-07, 1.64421095405e-07, 7.00725877323e-08, 4.39038991829e-08, 8.23560384333e-08, 2.33087575907e-07, 5.4414368833e-07, 7.79891252023e-07, 1.82488875566e-07, 1.42208548937e-07, 9.12843134415e-08, 4.85428186536e-09, 7.09411607962e-15]
    },
    "erbbands": {
        "dmean": [0.611906766891, 3.02547049522, 9.20478439331, 11.7645788193, 13.6353807449, 18.0480442047, 10.2747392654, 4.93466281891, 5.25170183182, 14.9019403458, 22.9735927582, 15.6814785004, 17.5476799011, 15.3272705078, 9.91204166412, 10.6731557846, 9.95696258545, 12.4882984161, 11.2933712006, 13.4345216751, 11.08045578, 9.81466960907, 6.97694396973, 9.4219827652, 10.0778427124, 10.0826768875, 10.3368263245, 9.83631324768, 9.14234733582, 7.99460601807, 5.8744635582, 4.62486743927, 3.40058326721, 2.13244962692, 0.789537727833, 0.27814412117, 0.0728237256408, 0.00567451771349, 0.000122068049677, 3.04457880702e-05],
        "dmean2": [0.759987652302, 3.53523349762, 14.8899393082, 20.018945694, 23.2752723694, 30.1527042389, 16.5064620972, 8.17098426819, 7.94886302948, 21.0444221497, 30.6793060303, 22.2682991028, 26.5331172943, 22.385061264, 15.4185857773, 17.4695682526, 15.9929437637, 19.741601944, 17.9215335846, 21.3054866791, 17.3828239441, 15.8384008408, 11.012465477, 15.1769275665, 15.7887372971, 15.7359972, 15.9705514908, 15.6262998581, 14.1299247742, 12.5318279266, 9.02372455597, 7.12367868423, 5.22255992889, 3.33271694183, 1.22872447968, 0.441302418709, 0.118903674185, 0.00943873729557, 0.000194453372387, 4.32991946582e-05],
        "dvar": [2.12689042091, 36.8972892761, 477.017791748, 626.662780762, 532.976257324, 544.403076172, 278.975708008, 125.282722473, 83.6709823608, 916.16796875, 5854.76367188, 1695.80395508, 1744.90283203, 979.401000977, 315.061279297, 295.995849609, 226.678451538, 288.205688477, 388.117248535, 376.00213623, 220.263397217, 172.801757812, 94.8828277588, 130.351379395, 160.39793396, 416.451965332, 970.246826172, 494.10458374, 680.797668457, 288.222106934, 97.2431335449, 78.0537414551, 30.1059494019, 23.3899478912, 1.83096385002, 0.183781713247, 0.0138664124534, 0.000103100588603, 3.85348002396e-08, 1.44049006057e-09],
        "dvar2": [2.94316315651, 46.5161476135, 1221.62976074, 1624.39477539, 1463.28625488, 1465.38928223, 708.788818359, 339.743041992, 184.063400269, 1799.4901123, 8365.92285156, 3500.546875, 3932.67749023, 2010.89831543, 630.370056152, 751.660217285, 550.817016602, 678.080200195, 998.13470459, 883.221130371, 507.832824707, 408.653656006, 237.256149292, 321.13571167, 398.050201416, 882.49987793, 2097.04711914, 1078.2355957, 1183.9432373, 614.553161621, 227.390853882, 185.119110107, 71.5415649414, 59.3153762817, 4.60348510742, 0.470727652311, 0.0348558053374, 0.000264125672402, 9.80089538416e-08, 2.17818230119e-09],
        "max": [10.8303747177, 50.1038169861, 168.267745972, 269.858703613, 208.102508545, 222.555648804, 239.864105225, 176.392471313, 139.772659302, 430.928924561, 1429.82116699, 743.223937988, 1034.51953125, 404.682281494, 328.748901367, 186.873962402, 179.785095215, 210.450897217, 337.965209961, 209.966247559, 253.964767456, 200.644287109, 105.133255005, 140.894439697, 117.642211914, 409.117370605, 907.823913574, 400.058807373, 737.138305664, 382.393280029, 150.377304077, 156.691589355, 65.9717025757, 73.0560531616, 19.5139465332, 4.68086290359, 0.80884885788, 0.0841538980603, 0.00156907481141, 0.000297119288007],
        "mean": [0.820827007294, 5.09548902512, 11.3956336975, 15.1540994644, 17.4147624969, 29.6984386444, 18.0843143463, 7.21835565567, 9.36608695984, 26.4310779572, 40.7591094971, 26.2707042694, 28.3215866089, 22.4359779358, 14.2779979706, 14.2051172256, 13.6646680832, 15.7999229431, 15.4622306824, 18.2071762085, 17.050491333, 13.9043750763, 10.7182645798, 15.140712738, 13.6352901459, 13.3618783951, 14.1362266541, 13.831870079, 13.2351016998, 10.3383159637, 7.20620203018, 5.51157712936, 3.9704349041, 2.32595205307, 0.99567013979, 0.320983618498, 0.0652919784188, 0.00468426104635, 0.000135657188366, 7.5268369983e-05],
        "median": [0.0682822912931, 0.967182576656, 5.92854785919, 10.1816673279, 11.4859285355, 18.4071140289, 8.83694934845, 3.44498443604, 4.55615329742, 6.11596822739, 6.92861127853, 5.9998216629, 6.58342504501, 6.7434926033, 5.86790847778, 7.58557510376, 7.07222175598, 8.1633014679, 9.36110973358, 10.79662323, 10.7763671875, 8.43313217163, 6.92645645142, 10.6168699265, 8.84859275818, 7.81881809235, 8.63816356659, 8.36706161499, 8.11402606964, 5.13123941422, 3.58269357681, 2.69927334785, 1.89994192123, 1.00776302814, 0.572730183601, 0.160709276795, 0.0184617694467, 0.000679229327943, 5.81367567065e-05, 4.99775051139e-05],
        "min": [2.38354041358e-05, 0.000329317088472, 0.00145052617881, 0.0194725003093, 0.0388617515564, 0.13103081286, 0.0658568665385, 0.0813950747252, 0.038512956351, 0.0272143036127, 0.0856077820063, 0.0688120946288, 0.0629669874907, 0.0712861865759, 0.0579506866634, 0.263977319002, 0.242284297943, 0.31027841568, 0.444568097591, 0.358344584703, 0.194363206625, 0.240893870592, 0.202688738704, 0.33452963829, 0.320953041315, 0.247327163815, 0.313500344753, 0.183046191931, 0.129970312119, 0.0536526404321, 0.060554921627, 0.0464495383203, 0.0233682114631, 0.0105077056214, 0.00534687656909, 0.000449935061624, 2.44696821028e-05, 2.36558344113e-06, 2.3174773105e-06, 3.80448454962e-06],
        "var": [4.24643945694, 104.396812439, 412.54776001, 498.137237549, 448.979797363, 1003.20166016, 612.232910156, 175.473953247, 193.356567383, 2193.4855957, 17012.9042969, 3921.72998047, 3612.15014648, 1966.93408203, 629.815185547, 370.903747559, 347.271759033, 422.238494873, 406.142303467, 466.130706787, 380.656188965, 260.800506592, 135.239013672, 219.024749756, 192.985870361, 541.22644043, 1173.84033203, 654.327575684, 997.709716797, 370.13180542, 125.956291199, 90.5116958618, 34.704120636, 21.4325084686, 1.8574603796, 0.187893584371, 0.012597729452, 8.39724089019e-05, 3.51111424379e-08, 4.42689795932e-09]
    },
    "gfcc": {
        "mean": [31.2994365692, 78.6294937134, -100.062164307, 58.5732421875, -62.2537117004, 26.9244365692, -42.7847251892, 8.50694274902, -29.5865020752, 0.673255205154, -23.0707836151, -5.24236869812, -9.08905315399],
        "cov": [[1998.53149414, -326.581359863, 102.01789856, -292.931427002, -127.214271545, 18.0233898163, -11.9871788025, 128.969894409, -107.847671509, 43.2840118408, -173.501403809, 27.0186634064, -149.484008789], [-326.581359863, 752.772949219, 153.087219238, -51.9918289185, 84.5235977173, -38.6552581787, 157.78944397, 32.9254150391, 68.5670089722, -43.108669281, 12.1115627289, -72.0316238403, 43.6944274902], [102.01789856, 153.087219238, 500.318023682, 281.733215332, 251.479415894, 126.160301208, 140.63319397, 66.2720870972, 82.403503418, 17.7661533356, 56.4669494629, 3.59342432022, -4.43090438843], [-292.931427002, -51.9918289185, 281.733215332, 555.707458496, 294.84854126, 143.061340332, 38.3566551208, -26.8214015961, 86.8799819946, -11.3624324799, 128.740478516, -2.53824019432, 39.6634712219], [-127.214271545, 84.5235977173, 251.479415894, 294.84854126, 308.148590088, 150.402862549, 103.545318604, 4.41893911362, 58.5982666016, -4.44198656082, 66.9838943481, 3.92602992058, 11.0558538437], [18.0233898163, -38.6552581787, 126.160301208, 143.061340332, 150.402862549, 219.294769287, 127.989685059, -5.21706438065, 34.4155158997, 5.54820632935, 56.021320343, -7.96549081802, 10.3847160339], [-11.9871788025, 157.78944397, 140.63319397, 38.3566551208, 103.545318604, 127.989685059, 205.11769104, 58.4354438782, 56.3316078186, 9.18801593781, 32.7663917542, -10.9110183716, 21.993894577], [128.969894409, 32.9254150391, 66.2720870972, -26.8214015961, 4.41893911362, -5.21706438065, 58.4354438782, 121.721130371, 56.7835655212, 22.0297470093, -22.47082901, 8.68890857697, 6.08224582672], [-107.847671509, 68.5670089722, 82.403503418, 86.8799819946, 58.5982666016, 34.4155158997, 56.3316078186, 56.7835655212, 110.999916077, 25.6765060425, 42.5672111511, 0.840214431286, 28.1765918732], [43.2840118408, -43.108669281, 17.7661533356, -11.3624324799, -4.44198656082, 5.54820632935, 9.18801593781, 22.0297470093, 25.6765060425, 59.3251876831, 16.8707561493, 17.3581104279, -4.50229263306], [-173.501403809, 12.1115627289, 56.4669494629, 128.740478516, 66.9838943481, 56.021320343, 32.7663917542, -22.47082901, 42.5672111511, 16.8707561493, 115.265350342, 17.7932300568, 29.4898681641], [27.0186634064, -72.0316238403, 3.59342432022, -2.53824019432, 3.92602992058, -7.96549081802, -10.9110183716, 8.68890857697, 0.840214431286, 17.3581104279, 17.7932300568, 57.5666542053, 7.07645177841], [-149.484008789, 43.6944274902, -4.43090438843, 39.6634712219, 11.0558538437, 10.3847160339, 21.993894577, 6.08224582672, 28.1765918732, -4.50229263306, 29.4898681641, 7.07645177841, 68.5986328125]],
        "icov": [[0.000921799452044, 0.0002913409553, -0.000656319141854, 0.00045099077397, 0.000347034278093, -0.00074147322448, 0.00039898219984, -0.00121205556206, 0.000925102678593, -0.000105959836219, 0.000418476178311, -0.000108794192784, 0.00100022694096], [0.0002913409553, 0.00423396378756, -0.00167670287192, 0.00299659091979, -0.00290598068386, 0.00483960099518, -0.00356003874913, 0.00207372382283, -0.00220579653978, 0.00281136040576, -0.00168754986953, 0.00522159505635, -0.00193230120931], [-0.000656319141854, -0.00167670287192, 0.00549601158127, -0.00300725852139, -0.00109919684473, -0.000409201253206, -0.00114561826922, -0.0017097031232, 0.00051549251657, -0.0017888401635, 0.000530896417331, -0.00210279016756, 0.00214912346564], [0.00045099077397, 0.00299659091979, -0.00300725852139, 0.00840848125517, -0.00603339960799, 0.00174836977385, 0.00186610140372, 0.00119064631872, -0.00299962074496, 0.00376771716401, -0.00473535154015, 0.00566974794492, -0.00304792937823], [0.000347034278093, -0.00290598068386, -0.00109919684473, -0.00603339960799, 0.0129748089239, -0.00644341157749, 0.000227292024647, -0.000573574274313, 0.000905876047909, -0.000449876009952, 0.00337410555221, -0.00702589703724, 0.00375966518186], [-0.00074147322448, 0.00483960099518, -0.000409201253206, 0.00174836977385, -0.00644341157749, 0.017460366711, -0.0114967357367, 0.00674815056846, -0.00307336845435, 0.00169700291008, -0.00314662512392, 0.0069455713965, -0.0022427556105], [0.00039898219984, -0.00356003874913, -0.00114561826922, 0.00186610140372, 0.000227292024647, -0.0114967357367, 0.0173705238849, -0.00834047887474, 0.00214919261634, -0.00100145745091, -0.00191101699602, -0.000532605510671, -0.00121397839393], [-0.00121205556206, 0.00207372382283, -0.0017097031232, 0.00119064631872, -0.000573574274313, 0.00674815056846, -0.00834047887474, 0.0221404805779, -0.0129560334608, -0.000412466353737, 0.00702158268541, -0.00217907922342, -0.00247818185017], [0.000925102678593, -0.00220579653978, 0.00051549251657, -0.00299962074496, 0.000905876047909, -0.00307336845435, 0.00214919261634, -0.0129560334608, 0.0234542414546, -0.007837950252, -0.00470187002793, 0.00228594569489, -0.00239518098533], [-0.000105959836219, 0.00281136040576, -0.0017888401635, 0.00376771716401, -0.000449876009952, 0.00169700291008, -0.00100145745091, -0.000412466353737, -0.007837950252, 0.026343068108, -0.00560442311689, -0.00254079676233, 0.00347737246193], [0.000418476178311, -0.00168754986953, 0.000530896417331, -0.00473535154015, 0.00337410555221, -0.00314662512392, -0.00191101699602, 0.00702158268541, -0.00470187002793, -0.00560442311689, 0.0203359946609, -0.00897137634456, -0.00157158577349], [-0.000108794192784, 0.00522159505635, -0.00210279016756, 0.00566974794492, -0.00702589703724, 0.0069455713965, -0.000532605510671, -0.00217907922342, 0.00228594569489, -0.00254079676233, -0.00897137634456, 0.0303608253598, -0.00691312970594], [0.00100022694096, -0.00193230120931, 0.00214912346564, -0.00304792937823, 0.00375966518186, -0.0022427556105, -0.00121397839393, -0.00247818185017, -0.00239518098533, 0.00347737246193, -0.00157158577349, -0.00691312970594, 0.022832384333]]
    },
    "melbands": {
        "dmean": [0.00452453317121, 0.00421785283834, 0.00195929617621, 0.00120215234347, 0.000421487551648, 0.000124541838886, 9.28628796828e-05, 0.000165664823726, 0.000188578720554, 9.61213372648e-05, 9.11207025638e-05, 6.75411283737e-05, 3.9898630348e-05, 2.83730387309e-05, 2.95005556836e-05, 2.46941908699e-05, 2.30307432503e-05, 1.94487911358e-05, 1.77380206878e-05, 1.80829520104e-05, 1.25460801428e-05, 1.12642819659e-05, 7.5625066529e-06, 5.74864543523e-06, 8.30324006529e-06, 7.35019966669e-06, 7.69723646954e-06, 6.84669339535e-06, 6.26258997727e-06, 6.90220622346e-06, 5.47052786715e-06, 5.34752643944e-06, 4.91936316394e-06, 4.65665016236e-06, 3.41252280123e-06, 3.09457118419e-06, 2.89993454317e-06, 2.40563190346e-06, 2.30825162362e-06, 1.67512632743e-06],
        "dmean2": [0.00523157184944, 0.00597722968087, 0.00327851134352, 0.0019983893726, 0.000682133075316, 0.000206572454772, 0.000138005765621, 0.000232013408095, 0.000252775207628, 0.000137626950163, 0.000138793737278, 9.87418461591e-05, 6.14281816524e-05, 4.797834481e-05, 4.7581281251e-05, 4.03432968596e-05, 3.66560416296e-05, 3.12496922561e-05, 2.85945025098e-05, 2.87667207886e-05, 1.9909321054e-05, 1.83074334927e-05, 1.20605791381e-05, 9.13818075787e-06, 1.35411301017e-05, 1.15101101983e-05, 1.23427844301e-05, 1.08039521365e-05, 9.87091334537e-06, 1.12037923827e-05, 8.69893756317e-06, 8.37978495838e-06, 7.7128124758e-06, 7.4056174526e-06, 5.29812768946e-06, 4.78802621728e-06, 4.57348323835e-06, 3.68037012777e-06, 3.66388871953e-06, 2.65085486717e-06],
        "dvar": [0.000100921213743, 7.26048674551e-05, 1.5991528926e-05, 2.52485665442e-06, 3.1325640748e-07, 7.68417294239e-08, 2.43657680699e-08, 1.00799205427e-07, 3.53831921984e-07, 5.79433567793e-08, 4.61592897238e-08, 2.05061425618e-08, 6.36864516679e-09, 2.40705544385e-09, 2.41478326224e-09, 1.689891449e-09, 1.02191133333e-09, 1.11835463112e-09, 6.13466000221e-10, 8.7786872216e-10, 3.14987286254e-10, 2.25393786968e-10, 1.33653657586e-10, 5.6164663198e-11, 1.07777599345e-10, 8.74172956244e-11, 1.23815013797e-10, 2.56457882708e-10, 3.15591969224e-10, 5.07109465531e-10, 1.37557812363e-10, 2.59657989554e-10, 1.91090102075e-10, 7.31117250075e-11, 3.35705664656e-11, 3.56180883399e-11, 3.03108337041e-11, 1.43271427708e-11, 1.87435449106e-11, 1.80137207234e-11],
        "dvar2": [0.000123295088997, 0.000159209550475, 4.10689608543e-05, 6.80310131429e-06, 7.79228685133e-07, 2.09472915458e-07, 4.98902039681e-08, 1.97008219516e-07, 5.28333885086e-07, 1.22070375141e-07, 1.03089782044e-07, 4.20592236594e-08, 1.23185559531e-08, 6.48375886314e-09, 5.76128611485e-09, 4.11321376959e-09, 2.39533126667e-09, 2.86173085229e-09, 1.46670908752e-09, 2.10808992485e-09, 7.45582762196e-10, 5.46461598194e-10, 3.29867411164e-10, 1.43574360734e-10, 2.66088651113e-10, 2.24219504075e-10, 3.06296876751e-10, 5.53770307388e-10, 6.77429778939e-10, 1.15218445895e-09, 2.68790240066e-10, 4.67453964426e-10, 3.42474354431e-10, 1.75480102671e-10, 8.05130268011e-11, 7.87618581466e-11, 7.62318472236e-11, 3.34948839498e-11, 4.5172390134e-11, 4.70369368455e-11],
        "max": [0.0815995559096, 0.0744971185923, 0.0409672632813, 0.0131388669834, 0.00640670070425, 0.00389975402504, 0.00272928527556, 0.00387205719016, 0.0109463008121, 0.00434776721522, 0.00526232598349, 0.001798160607, 0.00147251377348, 0.000442212069174, 0.000701894285157, 0.000638761848677, 0.000468231883133, 0.000476097018691, 0.000332240015268, 0.000385515682865, 0.000277195766103, 0.000196887514903, 0.000132025947096, 9.2012269306e-05, 0.00013641831174, 8.97819118109e-05, 0.000185888507986, 0.000352743954863, 0.000471186795039, 0.000515815336257, 0.000266692804871, 0.000434594287071, 0.000409988861065, 0.000143170138472, 9.20961829252e-05, 0.000121425589896, 8.03337898105e-05, 4.01081088057e-05, 6.15133249084e-05, 7.7511271229e-05],
        "mean": [0.00705995224416, 0.00633733486757, 0.00262843305245, 0.00178651907481, 0.000788461009506, 0.000179810012924, 0.000163905424415, 0.000298436090816, 0.000322883948684, 0.000157266345923, 0.000143258279422, 9.5532326668e-05, 5.70141528442e-05, 3.22696178046e-05, 4.09031417803e-05, 2.87943621515e-05, 2.93625562335e-05, 2.56552411884e-05, 2.32420552493e-05, 2.41585094045e-05, 1.84657601494e-05, 1.51000676851e-05, 1.05617900772e-05, 8.72464352142e-06, 1.29219361042e-05, 1.0237643437e-05, 9.51453239395e-06, 8.68749430083e-06, 8.4539387899e-06, 8.97412974155e-06, 7.620983979e-06, 7.67852998251e-06, 6.47813885735e-06, 5.71328610022e-06, 4.11531300415e-06, 3.6815661133e-06, 3.2840869153e-06, 2.79289747596e-06, 2.54182214121e-06, 1.73998603259e-06],
        "median": [0.000789038836956, 0.00279504060745, 0.0018644296797, 0.00117236108053, 0.000443453784101, 7.80135742389e-05, 7.3888208135e-05, 5.93249205849e-05, 4.51010528195e-05, 3.0094442991e-05, 3.12815063808e-05, 2.69519059657e-05, 1.94934182218e-05, 1.56204550876e-05, 1.92339412024e-05, 1.19893447845e-05, 1.51790318341e-05, 1.49131674334e-05, 1.28650508486e-05, 1.41181335493e-05, 1.0999729966e-05, 8.85434383235e-06, 6.57548525851e-06, 5.3824396673e-06, 8.78874652699e-06, 6.8062158789e-06, 5.65875780012e-06, 4.97190148963e-06, 5.20881258126e-06, 5.18653951076e-06, 4.57625765193e-06, 4.69054202767e-06, 3.51055223291e-06, 2.68390385827e-06, 1.9971328129e-06, 1.77087338216e-06, 1.53309463258e-06, 1.30125067699e-06, 1.17210038297e-06, 7.01802434833e-07],
        "min": [2.02220689971e-07, 6.5028359586e-07, 3.49361562257e-06, 8.71827160154e-06, 3.62810305887e-06, 9.44809585235e-07, 6.07761990068e-07, 5.86239607969e-08, 2.60974246657e-07, 2.3996864229e-07, 2.722965462e-07, 2.83251267774e-07, 1.52781623797e-07, 4.20055442873e-07, 4.12081277545e-07, 2.3871783128e-07, 1.81581270908e-07, 3.92618005662e-07, 4.73858364103e-07, 1.80681880124e-07, 8.60842206407e-08, 2.0060109307e-07, 2.23928807941e-07, 4.69964689387e-08, 2.2359826346e-07, 1.86195336482e-07, 6.33832044628e-08, 1.29089684719e-07, 2.21646246246e-07, 1.24460740381e-07, 8.16722618424e-08, 8.16024225969e-08, 4.5466119758e-08, 6.75846667519e-09, 3.16481560958e-08, 2.68929802871e-08, 1.24934098622e-08, 1.2278293049e-08, 4.11274569956e-09, 5.82951187322e-11],
