{
"highlevel": {
    "danceability": {
        "all": {
            "danceable": 0.677268028259,
            "not_danceable": 0.322731971741
        },
        "probability": 0.677268028259,
        "value": "danceable"
    },
    "gender": {
        "all": {
            "female": 0.694732904434,
            "male": 0.305267095566
        },
        "probability": 0.694732904434,
        "value": "female"
    },
    "genre_dortmund": {
        "all": {
            "alternative": 0.121408484876,
            "blues": 0.0312590114772,
            "electronic": 0.139111176133,
            "folkcountry": 0.0851930379868,
            "funksoulrnb": 0.015022595413,
            "jazz": 0.0289602056146,
            "pop": 0.147971004248,
            "raphiphop": 0.0547295659781,
            "rock": 0.376344919205
        },
        "probability": 0.376344919205,
        "value": "rock"
    },
    "genre_electronic": {
        "all": {
            "ambient": 0.239968419075,
            "dnb": 0.430887311697,
            "house": 0.0405796021223,
            "techno": 0.0161953847855,
            "trance": 0.272369295359
        },
        "probability": 0.430887311697,
        "value": "dnb"
    },
    "genre_rosamerica": {
        "all": {
            "cla": 0.00228292378597,
            "dan": 0.0435275398195,
            "hip": 0.00808357167989,
            "jaz": 0.00167698739097,
            "pop": 0.184051930904,
            "rhy": 0.00575646571815,
            "roc": 0.753944158554,
            "spe": 0.00067640049383
        },
        "probability": 0.753944158554,
        "value": "roc"
    },
    "genre_tzanetakis": {
        "all": {
            "blu": 0.0631970837712,
            "cla": 0.0351076424122,
            "cou": 0.105340525508,
            "dis": 0.0632559657097,
            "hip": 0.158187583089,
            "jaz": 0.316573172808,
            "met": 0.0527318492532,
            "pop": 0.063265889883,
            "reg": 0.0632615014911,
            "roc": 0.0790787860751
        },
        "probability": 0.316573172808,
        "value": "jaz"
    },
    "ismir04_rhythm": {
        "all": {
            "ChaChaCha": 0.100486285985,
            "Jive": 0.060410361737,
            "Quickstep": 0.135331556201,
            "Rumba-American": 0.00556237483397,
            "Rumba-International": 0.0165580343455,
            "Rumba-Misc": 0.00231488374993,
            "Samba": 0.64005279541,
            "Tango": 0.00747762015089,
            "VienneseWaltz": 0.0243587922305,
            "Waltz": 0.00744729768485
        },
        "probability": 0.64005279541,
        "value": "Samba"
    },
    "mood_acoustic": {
        "all": {
            "acoustic": 0.00275638210587,
            "not_acoustic": 0.997243642807
        },
        "probability": 0.997243642807,
        "value": "not_acoustic"
    },
    "mood_aggressive": {
        "all": {
            "aggressive": 0.527155101299,
            "not_aggressive": 0.472844898701
        },
        "probability": 0.527155101299,
        "value": "aggressive"
    },
    "mood_electronic": {
        "all": {
            "electronic": 0.800106227398,
            "not_electronic": 0.199893757701
        },
        "probability": 0.800106227398,
        "value": "electronic"
    },
    "mood_happy": {
        "all": {
            "happy": 0.697711110115,
            "not_happy": 0.302288889885
        },
        "probability": 0.697711110115,
        "value": "happy"
    },
    "mood_party": {
        "all": {
            "not_party": 0.133920013905,
            "party": 0.866079986095
        },
        "probability": 0.866079986095,
        "value": "party"
    },
    "mood_relaxed": {
        "all": {
            "not_relaxed": 0.912922918797,
            "relaxed": 0.0870770812035
        },
        "probability": 0.912922918797,
        "value": "not_relaxed"
    },
    "mood_sad": {
        "all": {
            "not_sad": 0.964286327362,
            "sad": 0.0357136800885
        },
        "probability": 0.964286327362,
        "value": "not_sad"
    },
    "moods_mirex": {
        "all": {
            "Cluster1": 0.296552866697,
            "Cluster2": 0.242790028453,
            "Cluster3": 0.0691399127245,
            "Cluster4": 0.123949736357,
            "Cluster5": 0.267567455769
        },
        "probability": 0.296552866697,
        "value": "Cluster1"
    },
    "timbre": {
        "all": {
            "bright": 0.363891124725,
            "dark": 0.636108875275
        },
        "probability": 0.636108875275,
        "value": "dark"
    },
    "tonal_atonal": {
        "all": {
            "atonal": 0.970010817051,
            "tonal": 0.0299892108887
        },
        "probability": 0.970010817051,
        "value": "atonal"
    },
    "voice_instrumental": {
        "all": {
            "instrumental": 0.0011136487592,
            "voice": 0.998886346817
        },
        "probability": 0.998886346817,
        "value": "voice"
    }
},
"lowlevel": {
    "average_loudness": 0.978932917118,
    "barkbands_crest": {
        "dmean": 2.2301158905,
        "dmean2": 3.5999481678,
        "dvar": 5.06317090988,
        "dvar2": 13.0444517136,
        "max": 23.1539783478,
        "mean": 8.94482421875,
        "median": 8.02830791473,
        "min": 2.83291530609,
        "var": 14.341501236
    },
    "barkbands_flatness_db": {
        "dmean": 0.0175283458084,
        "dmean2": 0.0283264555037,
        "dvar": 0.000315822748234,
        "dvar2": 0.000858293147758,
        "max": 0.42391577363,
        "mean": 0.116789117455,
        "median": 0.101646929979,
        "min": 0.032156355679,
        "var": 0.00301362131722
    },
    "barkbands_kurtosis": {
        "dmean": 1.29461276531,
        "dmean2": 2.08444595337,
        "dvar": 6.62704324722,
        "dvar2": 16.4577884674,
        "max": 52.4249763489,
        "mean": 0.844565153122,
        "median": -0.281330347061,
        "min": -1.74575936794,
        "var": 13.7247848511
    },
    "barkbands_skewness": {
        "dmean": 0.413969516754,
        "dmean2": 0.628040969372,
        "dvar": 0.22783370316,
        "dvar2": 0.534780859947,
        "max": 6.78645086288,
        "mean": 0.869350671768,
        "median": 0.68865275383,
        "min": -3.78352093697,
        "var": 0.739443361759
    },
    "barkbands_spread": {
        "dmean": 6.60930490494,
        "dmean2": 10.1718044281,
        "dvar": 44.352897644,
        "dvar2": 101.947631836,
        "max": 101.628555298,
        "mean": 34.8937301636,
        "median": 34.117401123,
        "min": 2.60894370079,
        "var": 258.366455078
    },
    "dissonance": {
        "dmean": 0.0149467047304,
        "dmean2": 0.0254332777113,
        "dvar": 0.000259446474956,
        "dvar2": 0.000737109454349,
        "max": 0.499699950218,
        "mean": 0.473090142012,
        "median": 0.478986084461,
        "min": 0.279707491398,
        "var": 0.00050197931705
    },
    "dynamic_complexity": 1.80786991119,
    "erbbands_crest": {
        "dmean": 2.37351489067,
        "dmean2": 3.95583558083,
        "dvar": 5.06842422485,
        "dvar2": 12.5282449722,
        "max": 25.6383361816,
        "mean": 7.60945034027,
        "median": 6.68143415451,
        "min": 2.48307681084,
        "var": 13.739906311
    },
    "erbbands_flatness_db": {
        "dmean": 0.0138657987118,
        "dmean2": 0.021283948794,
        "dvar": 0.000174670218257,
        "dvar2": 0.000368002249161,
        "max": 0.348132610321,
        "mean": 0.146132811904,
        "median": 0.138129979372,
        "min": 0.0632559359074,
        "var": 0.00180324935354
    },
    "erbbands_kurtosis": {
        "dmean": 0.705058217049,
        "dmean2": 1.17096102238,
        "dvar": 0.747212469578,
        "dvar2": 1.89480888844,
        "max": 8.80357933044,
        "mean": 0.223366245627,
        "median": -0.148618459702,
        "min": -1.65711462498,
        "var": 1.90425944328
    },
    "erbbands_skewness": {
        "dmean": 0.328598558903,
        "dmean2": 0.520325779915,
        "dvar": 0.0737980976701,
        "dvar2": 0.180391713977,
        "max": 2.82493495941,
        "mean": 0.0578304640949,
        "median": 0.0103112766519,
        "min": -2.25807523727,
        "var": 0.413839697838
    },
    "erbbands_spread": {
        "dmean": 6.87299108505,
        "dmean2": 10.6865634918,
        "dvar": 48.0688400269,
        "dvar2": 99.5504837036,
        "max": 101.809799194,
        "mean": 36.1414489746,
        "median": 34.113243103,
        "min": 5.90993213654,
        "var": 235.250411987
    },
    "hfc": {
        "dmean": 8.97113037109,
        "dmean2": 13.4879665375,
        "dvar": 163.979293823,
        "dvar2": 394.460266113,
        "max": 208.47744751,
        "mean": 33.1414375305,
        "median": 27.977891922,
        "min": 0.715493261814,
        "var": 603.429443359
    },
    "melbands_crest": {
        "dmean": 3.16461420059,
        "dmean2": 5.05448293686,
        "dvar": 9.10008621216,
        "dvar2": 22.0786437988,
        "max": 32.9016456604,
        "mean": 15.1368732452,
        "median": 14.6734905243,
        "min": 3.57956552505,
        "var": 27.6685638428
    },
    "melbands_flatness_db": {
        "dmean": 0.0218235310167,
        "dmean2": 0.0339805595577,
        "dvar": 0.00054227450164,
        "dvar2": 0.00136624602601,
        "max": 0.52486872673,
        "mean": 0.157520711422,
        "median": 0.139957740903,
        "min": 0.0235248729587,
        "var": 0.00505665736273
    },
    "melbands_kurtosis": {
        "dmean": 4.10475730896,
        "dmean2": 6.6007475853,
        "dvar": 62.4390830994,
        "dvar2": 153.812545776,
        "max": 150.550643921,
        "mean": 6.56860113144,
        "median": 2.98369169235,
        "min": -1.52841079235,
        "var": 135.782791138
    },
    "melbands_skewness": {
        "dmean": 0.606921434402,
        "dmean2": 0.943113803864,
        "dvar": 0.56088668108,
        "dvar2": 1.34427905083,
        "max": 10.2636051178,
        "mean": 1.98510861397,
        "median": 1.68474960327,
        "min": -0.842940092087,
        "var": 1.77836358547
    },
    "melbands_spread": {
        "dmean": 9.27115440369,
        "dmean2": 13.9358930588,
        "dvar": 121.813072205,
        "dvar2": 252.481338501,
        "max": 211.98890686,
        "mean": 37.9674339294,
        "median": 36.2478561401,
        "min": 2.35803079605,
        "var": 430.257385254
    },
    "pitch_salience": {
        "dmean": 0.0632627233863,
        "dmean2": 0.101201072335,
        "dvar": 0.0042338417843,
        "dvar2": 0.0114146051928,
        "max": 0.836198270321,
        "mean": 0.525694847107,
        "median": 0.535072565079,
        "min": 0.207370519638,
        "var": 0.0100497817621
    },
    "silence_rate_20dB": {
        "dmean": 0,
        "dmean2": 0,
        "dvar": 0,
        "dvar2": 0,
        "max": 1,
        "mean": 1,
        "median": 1,
        "min": 1,
        "var": 0
    },
    "silence_rate_30dB": {
        "dmean": 0,
        "dmean2": 0,
        "dvar": 0,
        "dvar2": 0,
        "max": 1,
        "mean": 1,
        "median": 1,
        "min": 1,
        "var": 0
    },
    "silence_rate_60dB": {
        "dmean": 0.00464396271855,
        "dmean2": 0.00929511990398,
        "dvar": 0.00462229317054,
        "dvar2": 0.013856635429,
        "max": 1,
        "mean": 0.00232018553652,
        "median": 0,
        "min": 0,
        "var": 0.00231478526257
    },
    "spectral_centroid": {
        "dmean": 245.986572266,
        "dmean2": 371.234283447,
        "dvar": 59085.6210938,
        "dvar2": 118731.375,
        "max": 4935.74316406,
        "mean": 1934.34179688,
        "median": 1974.06274414,
        "min": 273.09274292,
        "var": 410311.875
    },
    "spectral_complexity": {
        "dmean": 4.36764717102,
        "dmean2": 6.60573196411,
        "dvar": 16.5606460571,
        "dvar2": 37.2736206055,
        "max": 57,
        "mean": 28.6821346283,
        "median": 29,
        "min": 1,
        "var": 146.09147644
    },
    "spectral_decrease": {
        "dmean": 2.22576557185e-09,
        "dmean2": 3.62239727103e-09,
        "dvar": 1.31539038558e-17,
        "dvar2": 3.52023948116e-17,
        "max": -6.51473652802e-10,
        "mean": -7.08463954169e-09,
        "median": -6.59393073477e-09,
        "min": -2.99832514372e-08,
        "var": 1.77839282206e-17
    },
    "spectral_energy": {
        "dmean": 0.00886339694262,
        "dmean2": 0.0143986484036,
        "dvar": 0.000197286019102,
        "dvar2": 0.000527396099642,
        "max": 0.11878657341,
        "mean": 0.0297450684011,
        "median": 0.0280777681619,
        "min": 0.00278834369965,
        "var": 0.000287789793219
    },
    "spectral_energyband_high": {
        "dmean": 0.00077759672422,
        "dmean2": 0.00113550759852,
        "dvar": 1.76308242317e-06,
        "dvar2": 3.99470218326e-06,
        "max": 0.0219044312835,
        "mean": 0.00208746129647,
        "median": 0.00125890481286,
        "min": 4.72812793362e-08,
        "var": 5.74370187678e-06
    },
    "spectral_energyband_low": {
        "dmean": 0.00635572057217,
        "dmean2": 0.0104887252674,
        "dvar": 0.000181113253348,
        "dvar2": 0.000489857920911,
        "max": 0.101936675608,
        "mean": 0.0123817613348,
        "median": 0.0087341889739,
        "min": 1.31738479467e-05,
        "var": 0.000191158353118
    },
    "spectral_energyband_middle_high": {
        "dmean": 0.00262201926671,
        "dmean2": 0.00408215681091,
        "dvar": 9.41905636864e-06,
        "dvar2": 2.18262412091e-05,
        "max": 0.0413266085088,
        "mean": 0.00885371863842,
        "median": 0.00814027059823,
        "min": 3.30095499521e-05,
        "var": 3.22908781527e-05
    },
    "spectral_energyband_middle_low": {
        "dmean": 0.00307531398721,
        "dmean2": 0.00461252359673,
        "dvar": 2.07538505492e-05,
        "dvar2": 4.872162026e-05,
        "max": 0.0498276799917,
        "mean": 0.0072717377916,
        "median": 0.0058886106126,
        "min": 0.000283943634713,
        "var": 3.43371721101e-05
    },
    "spectral_entropy": {
        "dmean": 0.110949113965,
        "dmean2": 0.167123824358,
        "dvar": 0.0139279896393,
        "dvar2": 0.0307034105062,
        "max": 8.69464302063,
        "mean": 7.81150388718,
        "median": 7.89459753036,
        "min": 5.23037719727,
        "var": 0.204108312726
    },
    "spectral_flux": {
        "dmean": 0.0234806034714,
        "dmean2": 0.0388051941991,
        "dvar": 0.000942401180509,
        "dvar2": 0.00193273217883,
        "max": 0.291013896465,
        "mean": 0.0916076004505,
        "median": 0.0875021144748,
        "min": 0.00360115594231,
        "var": 0.00188970030285
    },
    "spectral_kurtosis": {
        "dmean": 1.30062460899,
        "dmean2": 2.19862723351,
        "dvar": 10.6570720673,
        "dvar2": 29.1649036407,
        "max": 74.8824462891,
        "mean": 4.10542154312,
        "median": 3.01147603989,
        "min": -0.593348026276,
        "var": 30.0831031799
    },
    "spectral_rms": {
        "dmean": 0.000729150371626,
        "dmean2": 0.00115695456043,
        "dvar": 9.12581242574e-07,
        "dvar2": 2.3388097361e-06,
        "max": 0.0107651911676,
        "mean": 0.00518192816526,
        "median": 0.00523382704705,
        "min": 0.00164934387431,
        "var": 2.16720968638e-06
    },
    "spectral_rolloff": {
        "dmean": 626.047363281,
        "dmean2": 992.42980957,
        "dvar": 815178.625,
        "dvar2": 1653251,
        "max": 12295.4589844,
        "mean": 2197.77270508,
        "median": 1830.32226562,
        "min": 86.1328125,
        "var": 2723767.75
    },
    "spectral_skewness": {
        "dmean": 0.169378608465,
        "dmean2": 0.274299621582,
        "dvar": 0.0568900331855,
        "dvar2": 0.143471613526,
        "max": 6.38057136536,
        "mean": 1.37635910511,
        "median": 1.2520210743,
        "min": 0.395302891731,
        "var": 0.298566311598
    },
    "spectral_spread": {
        "dmean": 453177.5,
        "dmean2": 670432.6875,
        "dvar": 309434449920,
        "dvar2": 523290214400,
        "max": 12806857,
        "mean": 4503859.5,
        "median": 4343218,
        "min": 1051004,
        "var": 1.69397020262e+12
    },
    "spectral_strongpeak": {
        "dmean": 0.592325568199,
        "dmean2": 1.07297861576,
        "dvar": 1.21039438248,
        "dvar2": 3.38047742844,
        "max": 9.63856220245,
        "mean": 0.757524609566,
        "median": 0.236622080207,
        "min": 0,
        "var": 1.21930873394
    },
    "zerocrossingrate": {
        "dmean": 0.0113491378725,
        "dmean2": 0.013162035495,
        "dvar": 0.000192115418031,
        "dvar2": 0.000215868698433,
        "max": 0.3779296875,
        "mean": 0.0785524845123,
        "median": 0.0732421875,
        "min": 0.01025390625,
        "var": 0.00158559496049
    },
    "barkbands": {
        "dmean": [0.000704143894836, 0.00418388424441, 0.00177088589408, 0.000791831465904, 0.000750967126805, 0.000725585443433, 0.000891478324775, 0.00067236967152, 0.000630580005236, 0.00107007741462, 0.00057857320644, 0.000753655273002, 0.00054779893253, 0.000523420982063, 0.000304996734485, 0.000450541818282, 0.000323186221067, 0.000310126197292, 0.000400132441428, 0.000214946165215, 0.000251226214459, 0.000149226238136, 0.000139386902447, 0.000151574175106, 0.000143570330692, 5.62778113817e-05, 2.68848214802e-08],
        "dmean2": [0.00113542296458, 0.00705373799428, 0.00291851093061, 0.0011265372159, 0.00125541829038, 0.00117627019063, 0.00139127997681, 0.00102408218663, 0.000971721019596, 0.00170404999517, 0.000927956018131, 0.00121960788965, 0.000900765706319, 0.000881504034624, 0.000499537854921, 0.000765862525441, 0.000525435316376, 0.000503298011608, 0.00063938164385, 0.000358215445885, 0.000401995843276, 0.000233996193856, 0.000223511975491, 0.000237930667936, 0.000210039841477, 8.8067354227e-05, 4.53851711768e-08],
        "dvar": [1.72748752902e-06, 0.000108919521153, 1.78326536115e-05, 6.97373707226e-06, 2.89674539999e-06, 1.89600064004e-06, 3.42455132341e-06, 1.4832035049e-06, 1.36176686283e-06, 2.54110113929e-06, 1.27868941036e-06, 1.60892966505e-06, 8.44072644668e-07, 1.4817982219e-06, 4.50984884992e-07, 4.27316621199e-07, 4.12389198345e-07, 2.69368030104e-07, 4.52193205547e-07, 7.62649818853e-08, 1.35817117553e-07, 4.6592443681e-08, 7.19952879535e-08, 1.63068520465e-07, 1.7762454263e-07, 4.32107611914e-08, 4.13050974988e-14],
        "dvar2": [4.28228031524e-06, 0.000305243302137, 4.14225032728e-05, 1.34060346682e-05, 8.13383121567e-06, 4.6103546083e-06, 8.12485541246e-06, 3.33707475875e-06, 3.19909554491e-06, 6.12502435615e-06, 3.05211642626e-06, 4.22803441325e-06, 2.14209239857e-06, 3.77408582608e-06, 1.15443071991e-06, 1.04446053228e-06, 1.04230616671e-06, 6.84853546318e-07, 1.03996012513e-06, 2.03441501867e-07, 3.30405043769e-07, 1.16997959765e-07, 1.79423267355e-07, 3.75014167275e-07, 3.45513853972e-07, 1.03082768987e-07, 5.82837407894e-14],
        "max": [0.0136888846755, 0.0884776934981, 0.0316014178097, 0.0285977125168, 0.0189299751073, 0.0170843880624, 0.021852478385, 0.0162290055305, 0.0158814415336, 0.0184469334781, 0.0141948126256, 0.0221581086516, 0.00943851750344, 0.0247533768415, 0.0110868858173, 0.0103386351839, 0.0113743953407, 0.0073334123008, 0.00901334639639, 0.0031673333142, 0.00474944710732, 0.00261628255248, 0.00474645849317, 0.00856283959001, 0.0103745665401, 0.0045787054114, 6.50043693895e-06],
        "mean": [0.00150228047278, 0.00748755317181, 0.00269884290174, 0.00109843094833, 0.00133097323123, 0.00113584799692, 0.00137781898957, 0.00103177165147, 0.00105345633347, 0.00160024838988, 0.000914713076781, 0.00126138422638, 0.000883416796569, 0.000779494410381, 0.000472560059279, 0.000806851545349, 0.000540566979907, 0.000666267646011, 0.000816055457108, 0.000480065384181, 0.00058020837605, 0.000341111561283, 0.000264425761998, 0.000262822111836, 0.000272413628409, 8.55072430568e-05, 1.89265882966e-08],
        "median": [0.000776124594267, 0.00559667125344, 0.000834054197185, 0.00030502260779, 0.000785397365689, 0.000566041388083, 0.000546031224076, 0.000495754822623, 0.00052771292394, 0.000872924691066, 0.000292628887109, 0.000879302620888, 0.000497179920785, 0.00047724583419, 0.000265179434791, 0.000576579128392, 0.000346763903508, 0.000401894649258, 0.000476692337543, 0.000364192121197, 0.000384889717679, 0.000184789576451, 0.000107828316686, 9.41973630688e-05, 8.17049076431e-05, 2.11098686123e-05, 6.40694275411e-10],
        "min": [9.49054594912e-08, 1.24765608689e-06, 8.21588841404e-09, 1.73000017867e-07, 3.32259078277e-05, 5.03601950186e-06, 1.87084822301e-06, 1.08968220047e-06, 2.55641392499e-08, 1.15864884265e-06, 5.40873998034e-07, 1.46746333485e-06, 1.42833880545e-06, 8.54787515436e-07, 9.26890777464e-08, 5.3514230558e-07, 2.01472602157e-07, 1.55997952334e-07, 1.07583154829e-07, 2.92342026142e-08, 6.99147184591e-09, 1.71510039504e-09, 1.30723221137e-09, 6.14096551388e-10, 5.53737784792e-12, 4.23271001582e-11, 8.34028679453e-12],
        "var": [4.13564430346e-06, 9.56601652433e-05, 2.95145091513e-05, 1.0174988347e-05, 3.06438482767e-06, 2.92099230137e-06, 5.32338253834e-06, 2.74435205938e-06, 2.75026786767e-06, 4.67521340397e-06, 3.00912915918e-06, 2.30091768572e-06, 1.54021086018e-06, 1.61739376381e-06, 6.57141697502e-07, 8.47871888254e-07, 6.43339888029e-07, 7.71353427353e-07, 1.18019579531e-06, 1.92425503087e-07, 3.89064780393e-07, 1.63004415299e-07, 1.68183930782e-07, 2.77254514458e-07, 4.69568732342e-07, 6.56188845483e-08, 3.77436051705e-14]
    },
    "erbbands": {
        "dmean": [0.143212810159, 0.92002427578, 1.95567905903, 2.88147926331, 1.85803294182, 2.35229635239, 5.00463962555, 6.76104545593, 15.6298465729, 7.64732694626, 13.5464611053, 13.5501585007, 26.5409107208, 25.1485824585, 22.8890724182, 23.4097805023, 25.0797653198, 18.9380989075, 22.717918396, 18.0024261475, 20.1023254395, 19.1339130402, 17.5652065277, 20.1568546295, 13.3392801285, 9.65723896027, 10.840089798, 8.54643630981, 5.72171831131, 4.52317333221, 3.90936899185, 3.14813327789, 2.57614707947, 1.97279667854, 0.904931306839, 0.367314785719, 0.079070083797, 0.00495658069849, 0.000105430925032, 1.59886349138e-05],
        "dmean2": [0.227739915252, 1.60485851765, 3.38041305542, 4.06615924835, 3.13761615753, 3.95511817932, 7.70982170105, 10.9629392624, 24.0556411743, 12.0301771164, 20.7502441406, 21.070980072, 42.3366165161, 39.77917099, 37.1233139038, 38.6062583923, 41.4235496521, 31.8236370087, 37.2233161926, 29.6078071594, 33.2326927185, 31.4038314819, 29.0465641022, 32.2473869324, 21.423210144, 15.9391384125, 17.7015953064, 13.5226449966, 8.99832820892, 6.89804029465, 6.22643947601, 5.04245233536, 3.94677996635, 2.99846601486, 1.3259960413, 0.580246686935, 0.120676159859, 0.00802284106612, 0.000165472069057, 2.50851553574e-05],
        "dvar": [0.0775007084012, 7.34057855606, 25.8928527832, 73.1550369263, 33.7392120361, 29.1669464111, 81.0227355957, 198.143417358, 1047.19628906, 222.3019104, 544.774902344, 718.987304688, 1596.06274414, 1702.95471191, 1802.44616699, 1770.05993652, 1739.49047852, 2778.93188477, 1780.59191895, 825.378295898, 1030.29504395, 1207.45166016, 868.684692383, 1087.8795166, 445.404846191, 152.004470825, 233.489471436, 177.564346313, 65.7620315552, 65.5704421997, 54.6864280701, 62.2716789246, 50.7705307007, 34.2510108948, 6.02158069611, 1.94917678833, 0.0793230459094, 0.000244570255745, 1.02911030808e-07, 8.16712253382e-10],
        "dvar2": [0.19596157968, 21.2062892914, 70.5814285278, 133.96572876, 92.1962890625, 83.3479995728, 185.282791138, 490.457580566, 2472.75561523, 532.50189209, 1183.63208008, 1512.10241699, 3929.28857422, 4229.91992188, 4524.69775391, 4876.68310547, 4539.20068359, 7070.71044922, 4266.84716797, 2117.57080078, 2455.53710938, 3066.07763672, 2191.61743164, 2478.2487793, 1056.45690918, 410.581054688, 566.901550293, 426.970336914, 161.868301392, 151.513076782, 144.616668701, 155.929992676, 101.765579224, 63.8583831787, 12.1833982468, 4.6970872879, 0.182245030999, 0.000615627563093, 2.48543557291e-07, 1.93934979187e-09],
        "max": [3.50137782097, 21.2131290436, 39.2035522461, 82.3145980835, 65.0416030884, 69.8303070068, 101.328529358, 191.986297607, 386.642608643, 236.390914917, 297.390197754, 433.889984131, 439.076629639, 505.320526123, 710.001098633, 784.39263916, 467.414276123, 1357.63000488, 809.686340332, 424.456634521, 809.920837402, 588.944030762, 363.581054688, 502.383239746, 329.354644775, 118.1929245, 172.906738281, 182.971542358, 87.1272277832, 158.08164978, 113.326469421, 160.900588989, 143.013473511, 149.188064575, 56.1923561096, 32.9140167236, 5.29441738129, 0.248771980405, 0.0052290763706, 0.000510477810167],
        "mean": [0.313751846552, 1.28166425228, 2.74620485306, 4.4373049736, 2.45696854591, 4.27093744278, 8.74632072449, 10.8394899368, 24.3780612946, 12.5150995255, 22.6626720428, 23.4601230621, 44.1905288696, 43.6153793335, 41.5003242493, 43.3265342712, 42.7041969299, 31.4991359711, 37.7409477234, 33.1047782898, 38.7710762024, 34.0495529175, 37.5846786499, 44.7028999329, 28.8867149353, 22.2486534119, 26.3373355865, 18.9533443451, 12.8954210281, 9.38066673279, 7.32478952408, 5.42064905167, 4.44940519333, 3.57880544662, 1.63878822327, 0.559947490692, 0.121803216636, 0.00730217341334, 0.000188433594303, 5.08077573613e-05],
        "median": [0.248859986663, 0.77586877346, 1.13773131371, 1.11400210857, 1.2271502018, 2.37370181084, 3.68388175964, 5.71198034286, 9.56609630585, 7.42347335815, 11.2437791824, 12.0730781555, 27.0524368286, 23.5676956177, 22.9393215179, 31.0273990631, 25.3190746307, 20.7253837585, 24.8415870667, 23.4159164429, 29.3457927704, 22.4726524353, 23.8185920715, 26.2455539703, 18.8824520111, 17.1967315674, 18.9898986816, 11.4762153625, 7.05182695389, 3.96094155312, 3.08491325378, 1.99312841892, 1.60272276402, 1.16938829422, 0.445415139198, 0.153414025903, 0.0259715337306, 0.00116505788174, 6.0396756453e-05, 4.16959992435e-05],
        "min": [6.15566823399e-05, 0.000605805718806, 0.00644718762487, 0.00485858507454, 0.0287535749376, 0.0746267512441, 0.052216514945, 0.110547728837, 0.114759385586, 0.109660193324, 0.0456820689142, 0.0111459605396, 0.0270389653742, 0.0398736819625, 0.0536293424666, 0.0626758486032, 0.0649143159389, 0.0500701293349, 0.129264593124, 0.0393510684371, 0.01780763641, 0.0119592221454, 0.010254336521, 0.00676014879718, 0.00323760113679, 0.00150296161883, 0.000816618092358, 0.000159051414812, 7.83382420195e-05, 3.37707933795e-05, 4.33736349805e-05, 2.78753086604e-05, 5.93497406953e-06, 3.29844624503e-06, 3.16695604852e-06, 6.6710158535e-06, 2.75999536825e-06, 7.28909810732e-07, 1.5239691038e-06, 3.56749569619e-06],
        "var": [0.103178419173, 5.23785257339, 24.1080474854, 138.272735596, 26.3691654205, 32.5016899109, 176.192092896, 284.638519287, 1682.64233398, 293.275177002, 1138.78283691, 1548.57983398, 3031.52758789, 3719.13916016, 4180.74316406, 2501.15112305, 3114.31665039, 2783.94189453, 2731.43774414, 1413.76464844, 2082.36425781, 2094.74755859, 2316.74121094, 3510.55566406, 1024.38452148, 395.468811035, 699.970336914, 455.896331787, 223.159606934, 198.066864014, 121.226966858, 97.0054321289, 107.834442139, 95.1169281006, 14.4024085999, 2.83318018913, 0.134113237262, 0.00045885698637, 1.94631297745e-07, 1.77190595529e-09]
    },
    "gfcc": {
        "mean": [35.5119285583, 77.8679275513, -130.668685913, 40.4085388184, -57.2265510559, 27.2119560242, -31.4884052277, 21.5323543549, -25.0709438324, 12.7073774338, -10.0064210892, 5.12721920013, -3.35625529289],
        "cov": [[4219.94726562, -1892.75036621, -84.863822937, 557.018066406, -506.164001465, 453.647796631, -93.8095397949, 407.817565918, 38.2273025513, 60.5649986267, -343.132263184, 113.991035461, -224.572433472], [-1892.75036621, 1291.07397461, -61.9424934387, -276.379516602, 293.565765381, -200.622360229, 133.023925781, -244.085281372, 19.9561748505, -48.0702629089, 205.474380493, -60.4247169495, 147.929428101], [-84.863822937, -61.9424934387, 382.06137085, 41.0970458984, 76.3905105591, -18.9134483337, -65.9769210815, 5.75637578964, -20.5191173553, 34.3314857483, -11.9121398926, 27.1529178619, -39.7967681885], [557.018066406, -276.379516602, 41.0970458984, 406.39151001, -17.0313777924, 106.422912598, -19.9744167328, 51.1441078186, 67.1055984497, -55.1061935425, -31.3760795593, -14.8416624069, -15.7708282471], [-506.164001465, 293.565765381, 76.3905105591, -17.0313777924, 282.390686035, -4.4573597908, 45.9536781311, -54.1560134888, -11.611035347, 23.0935630798, 42.592502594, 11.8818950653, 39.641418457], [453.647796631, -200.622360229, -18.9134483337, 106.422912598, -4.4573597908, 225.413726807, 48.926197052, 44.462310791, 8.39861869812, -7.9349398613, -39.5237884521, -25.127658844, -9.71288490295], [-93.8095397949, 133.023925781, -65.9769210815, -19.9744167328, 45.9536781311, 48.926197052, 127.517860413, 12.6514453888, 11.4812250137, -7.24094104767, 16.823802948, -4.30016422272, 16.3367176056], [407.817565918, -244.085281372, 5.75637578964, 51.1441078186, -54.1560134888, 44.462310791, 12.6514453888, 169.747238159, 31.6665287018, 29.3138332367, -30.4346027374, 17.8538913727, -0.94150519371], [38.2273025513, 19.9561748505, -20.5191173553, 67.1055984497, -11.611035347, 8.39861869812, 11.4812250137, 31.6665287018, 111.538551331, 9.80680847168, 20.6535835266, 4.50119400024, 2.58795666695], [60.5649986267, -48.0702629089, 34.3314857483, -55.1061935425, 23.0935630798, -7.9349398613, -7.24094104767, 29.3138332367, 9.80680847168, 113.743629456, 23.5806541443, 29.3542137146, -5.48549079895], [-343.132263184, 205.474380493, -11.9121398926, -31.3760795593, 42.592502594, -39.5237884521, 16.823802948, -30.4346027374, 20.6535835266, 23.5806541443, 110.873466492, 11.4363889694, 47.9594306946], [113.991035461, -60.4247169495, 27.1529178619, -14.8416624069, 11.8818950653, -25.127658844, -4.30016422272, 17.8538913727, 4.50119400024, 29.3542137146, 11.4363889694, 78.1060409546, 14.4840450287], [-224.572433472, 147.929428101, -39.7967681885, -15.7708282471, 39.641418457, -9.71288490295, 16.3367176056, -0.94150519371, 2.58795666695, -5.48549079895, 47.9594306946, 14.4840450287, 105.026100159]],
        "icov": [[0.00112823280506, 0.000396244577132, 0.000632809533272, -0.000998461735435, 0.00102436100133, -0.00133386277594, 0.000316723628202, -0.000671234156471, 0.000525602081325, -0.000909858790692, 0.00132588145789, -0.00223571271636, 0.00102131161839], [0.000396244577132, 0.00528964074329, -0.000661204918288, 0.00217395718209, -0.0025105336681, 0.00302489520982, -0.00441687600687, 0.00395866809413, -0.00342371081933, 0.00217138975859, -0.00295836688019, 0.00486431317404, -0.00369957997464], [0.000632809533272, -0.000661204918288, 0.00422127265483, -0.00140582281165, -0.000568699499127, -0.00136386009399, 0.00316868722439, -0.00185710459482, 0.00177334819455, -0.00119614892174, 0.000857248727698, -0.00329620484263, 0.00320878601633], [-0.000998461735435, 0.00217395718209, -0.00140582281165, 0.00610920693725, -0.00282426946796, 0.000897092511877, -0.000698036514223, 0.00164413172752, -0.00469758734107, 0.0048022181727, -0.00317333778366, 0.0044569238089, -0.00233903108165], [0.00102436100133, -0.0025105336681, -0.000568699499127, -0.00282426946796, 0.00790135376155, -0.0028854731936, -0.000233497150475, -0.000621707295068, 0.00286895013414, -0.00404786551371, 0.00326873664744, -0.00504627497867, 0.000789595535025], [-0.00133386277594, 0.00302489520982, -0.00136386009399, 0.000897092511877, -0.0028854731936, 0.010665288195, -0.00672513945028, 0.00318601587787, -0.00224558240734, 0.000965778017417, -0.00142941519152, 0.00856275297701, -0.0047670812346], [0.000316723628202, -0.00441687600687, 0.00316868722439, -0.000698036514223, -0.000233497150475, -0.00672513945028, 0.016333989799, -0.00623608427122, 0.00223283679225, 0.000471533683594, 0.000596215424594, -0.00631731143221, 0.00543239247054], [-0.000671234156471, 0.00395866809413, -0.00185710459482, 0.00164413172752, -0.000621707295068, 0.00318601587787, -0.00623608427122, 0.0128474580124, -0.00510277925059, -0.00111685716547, 0.000229915007367, 0.00473327934742, -0.00654372712597], [0.000525602081325, -0.00342371081933, 0.00177334819455, -0.00469758734107, 0.00286895013414, -0.00224558240734, 0.00223283679225, -0.00510277925059, 0.0146871749312, -0.0035027093254, -0.000213243896724, -0.00512552866712, 0.00448851985857], [-0.000909858790692, 0.00217138975859, -0.00119614892174, 0.0048022181727, -0.00404786551371, 0.000965778017417, 0.000471533683594, -0.00111685716547, -0.0035027093254, 0.0157553069293, -0.00725997006521, 0.000716209528036, 0.00092339044204], [0.00132588145789, -0.00295836688019, 0.000857248727698, -0.00317333778366, 0.00326873664744, -0.00142941519152, 0.000596215424594, 0.000229915007367, -0.000213243896724, -0.00725997006521, 0.0195202138275, -0.00564111722633, -0.00311612174846], [-0.00223571271636, 0.00486431317404, -0.00329620484263, 0.0044569238089, -0.00504627497867, 0.00856275297701, -0.00631731143221, 0.00473327934742, -0.00512552866712, 0.000716209528036, -0.00564111722633, 0.0265111215413, -0.00940644741058], [0.00102131161839, -0.00369957997464, 0.00320878601633, -0.00233903108165, 0.000789595535025, -0.0047670812346, 0.00543239247054, -0.00654372712597, 0.00448851985857, 0.00092339044204, -0.00311612174846, -0.00940644741058, 0.0187960397452]]
    },
    "melbands": {
        "dmean": [0.00120156654157, 0.00110034830868, 0.000424423487857, 0.000134049536427, 0.000167863283423, 0.000159817122039, 0.000210276077269, 0.000104520346213, 0.000102458703623, 9.28637746256e-05, 0.000143691373523, 0.00011673312838, 6.94783739164e-05, 8.58709900058e-05, 6.69482833473e-05, 5.76514794375e-05, 3.80157180189e-05, 4.5599983423e-05, 2.53385733231e-05, 3.55143456545e-05, 2.1613041099e-05, 2.27455930144e-05, 1.34845340654e-05, 1.72241343535e-05, 1.86031466001e-05, 1.55040888785e-05, 7.67206347518e-06, 7.14553425496e-06, 7.31964018996e-06, 6.65190600557e-06, 4.81641563965e-06, 3.74864043806e-06, 2.64915888692e-06, 2.78411721411e-06, 2.40633949034e-06, 2.0941170078e-06, 2.12582813219e-06, 1.93110122382e-06, 1.89311924714e-06, 1.82448684427e-06],
        "dmean2": [0.0019669982139, 0.00192273000721, 0.000601247069426, 0.000235716972384, 0.000259281601757, 0.000257158477325, 0.000323906191625, 0.000161838790518, 0.000158054215717, 0.000144023011671, 0.000229343233514, 0.000183540643775, 0.000112574198283, 0.000137272756547, 0.000110367029265, 9.6053314337e-05, 6.45093459752e-05, 7.46374571463e-05, 4.11865657952e-05, 6.09120324953e-05, 3.49467736669e-05, 3.72979047825e-05, 2.28314384003e-05, 2.78898223769e-05, 2.98723462038e-05, 2.47061634582e-05, 1.30968801386e-05, 1.19167725643e-05, 1.21452530948e-05, 1.048663853e-05, 7.73773626861e-06, 6.09153084952e-06, 4.08157802667e-06, 4.48147693533e-06, 3.93883647121e-06, 3.28032115249e-06, 3.52762776856e-06, 2.92406389235e-06, 2.92316576633e-06, 2.78687753053e-06],
        "dvar": [6.60826708554e-06, 9.33033152251e-06, 1.47260755057e-06, 1.54108008132e-07, 8.60359676835e-08, 9.91683180018e-08, 1.84570836836e-07, 3.84486078531e-08, 3.02466176549e-08, 3.29340750227e-08, 4.64815421708e-08, 3.24454596523e-08, 1.74789107632e-08, 2.44636115809e-08, 1.27217862911e-08, 1.09467128695e-08, 1.43324090374e-08, 7.68877495005e-09, 3.81086451284e-09, 3.20950577226e-09, 1.9867816281e-09, 1.86652049372e-09, 5.25139709495e-10, 1.02387232026e-09, 9.55510115475e-10, 8.11839984127e-10, 1.17206133687e-10, 8.27529295089e-11, 1.05322243982e-10, 9.74747921267e-11, 6.2664769207e-11, 2.72407599949e-11, 1.95227861655e-11, 2.86823204076e-11, 1.98699216802e-11, 1.65581159894e-11, 3.41907717416e-11, 2.61616492359e-11, 3.57162736886e-11, 2.7692407395e-11],
        "dvar2": [1.78314257937e-05, 2.63474757958e-05, 2.68036410489e-06, 4.52318204225e-07, 2.01409704914e-07, 2.45565871637e-07, 4.35163400425e-07, 8.97123300092e-08, 6.71525484108e-08, 7.06921881033e-08, 1.12888855597e-07, 8.1223724635e-08, 4.436365586e-08, 6.22072988676e-08, 3.5419571276e-08, 2.84289747299e-08, 3.66801096163e-08, 1.83846751156e-08, 9.63852109237e-09, 8.11570988191e-09, 4.47130243941e-09, 4.71710492889e-09, 1.42835321348e-09, 2.64101784886e-09, 2.19019136161e-09, 1.74724934521e-09, 3.13919862327e-10, 2.27176139012e-10, 2.70733269137e-10, 2.30180152716e-10, 1.5839497769e-10, 6.95002458362e-11, 4.39580281897e-11, 6.80411491039e-11, 5.44384815004e-11, 3.96395694047e-11, 8.96111726489e-11, 5.52405968191e-11, 7.62007748567e-11, 5.39581747339e-11],
        "max": [0.0277125947177, 0.0234264060855, 0.0119272312149, 0.00420163804665, 0.00355997728184, 0.00402952730656, 0.00515632238239, 0.00269498629496, 0.00225940812379, 0.00301815429702, 0.00246988539584, 0.00238063093275, 0.00186544924509, 0.00282852561213, 0.00152352254372, 0.00126523163635, 0.00310437427834, 0.00179406732786, 0.00120996171609, 0.00100569124334, 0.00135780323762, 0.000750491570216, 0.000374892173568, 0.000468825659482, 0.000501941714901, 0.000471420149552, 0.000119086180348, 8.29802957014e-05, 0.000133345194627, 0.000140344403917, 9.5453891845e-05, 5.34241407877e-05, 6.83664839016e-05, 9.92634304566e-05, 5.98767655902e-05, 6.12312505837e-05, 0.000120792647067, 0.000100054094219, 0.000139528448926, 0.000138805102324],
        "mean": [0.00244398228824, 0.00158214790281, 0.000691561494023, 0.000208611469134, 0.000298424623907, 0.000260522647295, 0.000330273906002, 0.000160263065482, 0.000171964318724, 0.000153196102474, 0.000233683196711, 0.000192493011127, 0.000120810997032, 0.000141472875839, 0.000107233674498, 8.8641027105e-05, 5.56137019885e-05, 6.88990257913e-05, 3.77702563128e-05, 5.95533674641e-05, 3.8887214032e-05, 3.6735276808e-05, 2.65070484602e-05, 3.50996779162e-05, 3.72937029169e-05, 2.90510433842e-05, 1.45049161802e-05, 1.48793742483e-05, 1.68519345607e-05, 1.41574473673e-05, 9.79885680863e-06, 7.73497504269e-06, 5.64076026421e-06, 5.03110459249e-06, 4.30000591223e-06, 3.63278104487e-06, 3.21831703332e-06, 3.10372433887e-06, 3.01848172057e-06, 3.08050721287e-06],
        "median": [0.00192348111887, 0.000782219169196, 0.000208759942325, 0.000123370147776, 0.000136706701596, 0.000135557347676, 0.00013523659436, 7.98003165983e-05, 8.13195438241e-05, 7.6116193668e-05, 0.000138811854413, 0.000101449542854, 5.47543531866e-05, 9.0710229415e-05, 5.65436275792e-05, 4.67632708023e-05, 3.448721327e-05, 4.23531309934e-05, 2.13977546082e-05, 3.91917456e-05, 2.70830132649e-05, 2.26737192861e-05, 1.84605305549e-05, 1.94952081074e-05, 2.09645768336e-05, 1.71194824361e-05, 9.77395211521e-06, 1.17686549856e-05, 1.25956848933e-05, 8.41632481752e-06, 5.80250525672e-06, 4.16225338995e-06, 2.29700913223e-06, 2.0091024453e-06, 1.79131723144e-06, 1.47459581967e-06, 1.08204721982e-06, 1.11409838155e-06, 1.00766703781e-06, 9.88439865068e-07],
        "min": [4.89034277962e-07, 2.80172753264e-06, 5.24300730831e-07, 5.45724788026e-06, 1.82695816875e-06, 1.47791274685e-06, 8.61801481733e-07, 1.08242784336e-06, 1.2853054443e-07, 5.08062036886e-09, 1.4228193379e-07, 1.67680141772e-07, 7.01124207581e-08, 1.72027029066e-07, 1.01417704457e-07, 9.10685216127e-08, 7.38676320111e-08, 1.21504953654e-07, 1.09689546335e-08, 4.81280437725e-08, 1.25474848289e-08, 1.11593365659e-08, 8.08261457763e-09, 8.20416534708e-09, 4.77615014205e-09, 3.37434635789e-09, 1.09680486915e-09, 1.11570408468e-09, 6.43271824696e-10, 1.29095817369e-10, 6.44974421093e-11, 4.41133206353e-11, 1.55774265015e-11, 1.94760423067e-11, 2.04299372558e-11, 4.39214376674e-12, 1.13128239415e-11, 2.85689722747e-12, 8.03460054564e-13, 2.7979842835e-14],
