{
"highlevel": {
    "danceability": {
        "all": {
            "danceable": 2.68458449915e-10,
            "not_danceable": 1
        },
        "probability": 1,
        "value": "not_danceable"
    },
    "gender": {
        "all": {
            "female": 0.428590327501,
            "male": 0.571409702301
        },
        "probability": 0.571409702301,
        "value": "male"
    },
    "genre_dortmund": {
        "all": {
            "alternative": 0.163016721606,
            "blues": 0.00859231129289,
            "electronic": 0.00951564032584,
            "folkcountry": 0.0496755763888,
            "funksoulrnb": 0.00363125815056,
            "jazz": 0.00161336327437,
            "pop": 0.0452220514417,
            "raphiphop": 0.000406357983593,
            "rock": 0.718326747417
        },
        "probability": 0.718326747417,
        "value": "rock"
    },
    "genre_electronic": {
        "all": {
            "ambient": 0.526009142399,
            "dnb": 0.126849770546,
            "house": 0.0211558155715,
            "techno": 0.0115147009492,
            "trance": 0.314470559359
        },
        "probability": 0.526009142399,
        "value": "ambient"
    },
    "genre_rosamerica": {
        "all": {
            "cla": 0.000180789633305,
            "dan": 0.000110066859634,
            "hip": 5.46420378669e-05,
            "jaz": 6.23249870841e-05,
            "pop": 0.00141870672815,
            "rhy": 5.2212850278e-05,
            "roc": 0.998082220554,
            "spe": 3.90435379813e-05
        },
        "probability": 0.998082220554,
        "value": "roc"
    },
    "genre_tzanetakis": {
        "all": {
            "blu": 0.0626541376114,
            "cla": 0.0348133966327,
            "cou": 0.0783501937985,
            "dis": 0.104547761381,
            "hip": 0.15693578124,
            "jaz": 0.313987255096,
            "met": 0.044816005975,
            "pop": 0.0627349764109,
            "reg": 0.0627352520823,
            "roc": 0.0784252434969
        },
        "probability": 0.313987255096,
        "value": "jaz"
    },
    "ismir04_rhythm": {
        "all": {
            "ChaChaCha": 0.115333616734,
            "Jive": 0.794112801552,
            "Quickstep": 0.0276599563658,
            "Rumba-American": 0.00283057196066,
            "Rumba-International": 0.00179722020403,
            "Rumba-Misc": 0.000583805609494,
            "Samba": 0.0223271436989,
            "Tango": 0.0187504217029,
            "VienneseWaltz": 0.0143231907859,
            "Waltz": 0.00228128116578
        },
        "probability": 0.794112801552,
        "value": "Jive"
    },
    "mood_acoustic": {
        "all": {
            "acoustic": 0.00567464809865,
            "not_acoustic": 0.994325339794
        },
        "probability": 0.994325339794,
        "value": "not_acoustic"
    },
    "mood_aggressive": {
        "all": {
            "aggressive": 0.99533867836,
            "not_aggressive": 0.00466132583097
        },
        "probability": 0.99533867836,
        "value": "aggressive"
    },
    "mood_electronic": {
        "all": {
            "electronic": 0.0741254612803,
            "not_electronic": 0.925874531269
        },
        "probability": 0.925874531269,
        "value": "not_electronic"
    },
    "mood_happy": {
        "all": {
            "happy": 0.823526799679,
            "not_happy": 0.176473215222
        },
        "probability": 0.823526799679,
        "value": "happy"
    },
    "mood_party": {
        "all": {
            "not_party": 0.29383841157,
            "party": 0.706161618233
        },
        "probability": 0.706161618233,
        "value": "party"
    },
    "mood_relaxed": {
        "all": {
            "not_relaxed": 0.952603459358,
            "relaxed": 0.0473965257406
        },
        "probability": 0.952603459358,
        "value": "not_relaxed"
    },
    "mood_sad": {
        "all": {
            "not_sad": 0.982605040073,
            "sad": 0.0173949562013
        },
        "probability": 0.982605040073,
        "value": "not_sad"
    },
    "moods_mirex": {
        "all": {
            "Cluster1": 0.679428458214,
            "Cluster2": 0.0750654935837,
            "Cluster3": 0.0531177446246,
            "Cluster4": 0.0524796023965,
            "Cluster5": 0.13990868628
        },
        "probability": 0.679428458214,
        "value": "Cluster1"
    },
    "timbre": {
        "all": {
            "bright": 0.894282162189,
            "dark": 0.105717808008
        },
        "probability": 0.894282162189,
        "value": "bright"
    },
    "tonal_atonal": {
        "all": {
            "atonal": 0.00839814264327,
            "tonal": 0.991601884365
        },
        "probability": 0.991601884365,
        "value": "tonal"
    },
    "voice_instrumental": {
        "all": {
            "instrumental": 0.000983017263934,
            "voice": 0.999017000198
        },
        "probability": 0.999017000198,
        "value": "voice"
    }
},
"lowlevel": {
    "average_loudness": 0.985794663429,
    "barkbands_crest": {
        "dmean": 1.9222137928,
        "dmean2": 3.20692753792,
        "dvar": 3.42115736008,
        "dvar2": 8.87524700165,
        "max": 17.0355548859,
        "mean": 5.76169967651,
        "median": 5.06844234467,
        "min": 2.13395285606,
        "var": 5.8254776001
    },
    "barkbands_flatness_db": {
        "dmean": 0.0114461760968,
        "dmean2": 0.0182547178119,
        "dvar": 0.000106514184154,
        "dvar2": 0.000284649111563,
        "max": 0.141237229109,
        "mean": 0.0745350793004,
        "median": 0.0731022432446,
        "min": 0.0300919022411,
        "var": 0.00026998433168
    },
    "barkbands_kurtosis": {
        "dmean": 0.451225668192,
        "dmean2": 0.751321732998,
        "dvar": 0.352279603481,
        "dvar2": 0.936978459358,
        "max": 4.39270114899,
        "mean": -0.717442989349,
        "median": -0.896518468857,
        "min": -1.67658782005,
        "var": 0.473416179419
    },
    "barkbands_skewness": {
        "dmean": 0.296681314707,
        "dmean2": 0.469883441925,
        "dvar": 0.076237089932,
        "dvar2": 0.194708898664,
        "max": 2.31026768684,
        "mean": 0.316257178783,
        "median": 0.348336815834,
        "min": -1.33470630646,
        "var": 0.253931492567
    },
    "barkbands_spread": {
        "dmean": 4.76277542114,
        "dmean2": 7.65110301971,
        "dvar": 18.1417579651,
        "dvar2": 43.5001716614,
        "max": 82.1525878906,
        "mean": 36.0922546387,
        "median": 35.6688537598,
        "min": 14.3499155045,
        "var": 62.689414978
    },
    "dissonance": {
        "dmean": 0.00831393897533,
        "dmean2": 0.0142730884254,
        "dvar": 5.68245850445e-05,
        "dvar2": 0.000152568769408,
        "max": 0.499900043011,
        "mean": 0.485443502665,
        "median": 0.487232446671,
        "min": 0.435420632362,
        "var": 0.000101080382592
    },
    "dynamic_complexity": 0.72900390625,
    "erbbands_crest": {
        "dmean": 2.30763840675,
        "dmean2": 3.7974627018,
        "dvar": 5.17762899399,
        "dvar2": 13.0130186081,
        "max": 24.9858455658,
        "mean": 7.60262537003,
        "median": 6.37327623367,
        "min": 2.92387938499,
        "var": 14.5429582596
    },
    "erbbands_flatness_db": {
        "dmean": 0.0129372859374,
        "dmean2": 0.0196655672044,
        "dvar": 0.000112515692308,
        "dvar2": 0.000237965941778,
        "max": 0.213618218899,
        "mean": 0.141675576568,
        "median": 0.142174556851,
        "min": 0.0770669057965,
        "var": 0.000421262870077
    },
    "erbbands_kurtosis": {
        "dmean": 0.559308648109,
        "dmean2": 0.90306019783,
        "dvar": 0.358886957169,
        "dvar2": 0.951479673386,
        "max": 6.68189620972,
        "mean": 0.138204038143,
        "median": -0.185713291168,
        "min": -1.49984204769,
        "var": 1.23669362068
    },
    "erbbands_skewness": {
        "dmean": 0.238997399807,
        "dmean2": 0.380141705275,
        "dvar": 0.0367539264262,
        "dvar2": 0.094854593277,
        "max": 1.45010411739,
        "mean": -0.256324708462,
        "median": -0.302106052637,
        "min": -1.50437676907,
        "var": 0.209526792169
    },
    "erbbands_spread": {
        "dmean": 5.02453899384,
        "dmean2": 7.96301412582,
        "dvar": 19.2927341461,
        "dvar2": 44.9758262634,
        "max": 70.2527084351,
        "mean": 31.9232883453,
        "median": 31.6989688873,
        "min": 9.09023571014,
        "var": 79.5716705322
    },
    "hfc": {
        "dmean": 6.64898014069,
        "dmean2": 10.0500421524,
        "dvar": 45.0523338318,
        "dvar2": 83.991394043,
        "max": 142.113250732,
        "mean": 41.1255607605,
        "median": 38.7317008972,
        "min": 13.9920635223,
        "var": 259.988861084
    },
    "melbands_crest": {
        "dmean": 2.5790977478,
        "dmean2": 4.26849508286,
        "dvar": 5.86789417267,
        "dvar2": 14.9432992935,
        "max": 26.5417575836,
        "mean": 10.0681276321,
        "median": 9.3820848465,
        "min": 3.09858822823,
        "var": 13.0287427902
    },
    "melbands_flatness_db": {
        "dmean": 0.0156566165388,
        "dmean2": 0.0244699679315,
        "dvar": 0.000244345719693,
        "dvar2": 0.00063742895145,
        "max": 0.224431574345,
        "mean": 0.111242651939,
        "median": 0.110269509256,
        "min": 0.0203227270395,
        "var": 0.00071661057882
    },
    "melbands_kurtosis": {
        "dmean": 1.47625732422,
        "dmean2": 2.43853187561,
        "dvar": 5.09072446823,
        "dvar2": 13.791472435,
        "max": 23.6481628418,
        "mean": 1.58265161514,
        "median": 1.08667945862,
        "min": -1.54111552238,
        "var": 6.2619638443
    },
    "melbands_skewness": {
        "dmean": 0.391411423683,
        "dmean2": 0.628430068493,
        "dvar": 0.169029682875,
        "dvar2": 0.440160781145,
        "max": 4.66950178146,
        "mean": 1.30091536045,
        "median": 1.24705946445,
        "min": -0.119161784649,
        "var": 0.376356035471
    },
    "melbands_spread": {
        "dmean": 8.53873634338,
        "dmean2": 13.4435844421,
        "dvar": 59.9868240356,
        "dvar2": 142.097824097,
        "max": 150.465209961,
        "mean": 50.6265182495,
        "median": 48.0477790833,
        "min": 13.7730941772,
        "var": 286.380065918
    },
    "pitch_salience": {
        "dmean": 0.0554073154926,
        "dmean2": 0.0910617038608,
        "dvar": 0.00243133259937,
        "dvar2": 0.00678238039836,
        "max": 0.809209287167,
        "mean": 0.611811518669,
        "median": 0.616055607796,
        "min": 0.341069549322,
        "var": 0.00505863688886
    },
    "silence_rate_20dB": {
        "dmean": 0,
        "dmean2": 0,
        "dvar": 0,
        "dvar2": 0,
        "max": 1,
        "mean": 1,
        "median": 1,
        "min": 1,
        "var": 0
    },
    "silence_rate_30dB": {
        "dmean": 0,
        "dmean2": 0,
        "dvar": 0,
        "dvar2": 0,
        "max": 1,
        "mean": 1,
        "median": 1,
        "min": 1,
        "var": 0
    },
    "silence_rate_60dB": {
        "dmean": 0,
        "dmean2": 0,
        "dvar": 0,
        "dvar2": 0,
        "max": 0,
        "mean": 0,
        "median": 0,
        "min": 0,
        "var": 0
    },
    "spectral_centroid": {
        "dmean": 202.161254883,
        "dmean2": 322.233276367,
        "dvar": 30625.6015625,
        "dvar2": 74807.3515625,
        "max": 3564.37426758,
        "mean": 2265.24194336,
        "median": 2263.29052734,
        "min": 1143.36669922,
        "var": 120470.164062
    },
    "spectral_complexity": {
        "dmean": 3.94969034195,
        "dmean2": 6.56390380859,
        "dvar": 9.68869304657,
        "dvar2": 25.8756408691,
        "max": 56,
        "mean": 41.3124504089,
        "median": 41,
        "min": 16,
        "var": 22.9449119568
    },
    "spectral_decrease": {
        "dmean": 1.43836931255e-09,
        "dmean2": 2.3099706592e-09,
        "dvar": 2.79204289894e-18,
        "dvar2": 7.05774569586e-18,
        "max": -2.82170886656e-09,
        "mean": -6.76510625297e-09,
        "median": -6.41958308734e-09,
        "min": -1.87357631631e-08,
        "var": 4.04446982658e-18
    },
    "spectral_energy": {
        "dmean": 0.00575951253995,
        "dmean2": 0.00920907314867,
        "dvar": 4.14681708207e-05,
        "dvar2": 0.000104261060187,
        "max": 0.0747975409031,
        "mean": 0.0292632449418,
        "median": 0.0279169883579,
        "min": 0.0119189070538,
        "var": 6.33617237327e-05
    },
    "spectral_energyband_high": {
        "dmean": 0.00052472925745,
        "dmean2": 0.000758217007387,
        "dvar": 4.92690276133e-07,
        "dvar2": 7.43472583054e-07,
        "max": 0.0161608941853,
        "mean": 0.00204405584373,
        "median": 0.00163168471772,
        "min": 0.000416718161432,
        "var": 2.94304982162e-06
    },
    "spectral_energyband_low": {
        "dmean": 0.00311854016036,
        "dmean2": 0.00527726998553,
        "dvar": 3.0222157875e-05,
        "dvar2": 8.18496773718e-05,
        "max": 0.053552262485,
        "mean": 0.00655085686594,
        "median": 0.00529437558725,
        "min": 0.000884622975718,
        "var": 2.83955032501e-05
    },
    "spectral_energyband_middle_high": {
        "dmean": 0.00256386655383,
        "dmean2": 0.00416221888736,
        "dvar": 5.49427841179e-06,
        "dvar2": 1.43617453432e-05,
        "max": 0.0336813740432,
        "mean": 0.0125914849341,
        "median": 0.0117907626554,
        "min": 0.00397539371625,
        "var": 2.09585741686e-05
    },
    "spectral_energyband_middle_low": {
        "dmean": 0.00340171973221,
        "dmean2": 0.00532435486093,
        "dvar": 1.79905455298e-05,
        "dvar2": 4.36399132013e-05,
        "max": 0.0408740416169,
        "mean": 0.00945004448295,
        "median": 0.00802798196673,
        "min": 0.00169390370138,
        "var": 3.19561004289e-05
    },
    "spectral_entropy": {
        "dmean": 0.0681612715125,
        "dmean2": 0.105777539313,
        "dvar": 0.00342990714125,
        "dvar2": 0.00713148340583,
        "max": 8.5869474411,
        "mean": 7.89719438553,
        "median": 7.88215970993,
        "min": 7.59246015549,
        "var": 0.0184846743941
    },
    "spectral_flux": {
        "dmean": 0.0159128326923,
        "dmean2": 0.0239964276552,
        "dvar": 0.000254767306615,
        "dvar2": 0.000497314962558,
        "max": 0.200515806675,
        "mean": 0.095394693315,
        "median": 0.0901191085577,
        "min": 0.0492269732058,
        "var": 0.000612503034063
    },
    "spectral_kurtosis": {
        "dmean": 1.03040981293,
        "dmean2": 1.76198971272,
        "dvar": 0.751025974751,
        "dvar2": 2.12124180794,
        "max": 10.4631109238,
        "mean": 3.94189596176,
        "median": 3.86354637146,
        "min": 0.0155198574066,
        "var": 1.52711713314
    },
    "spectral_rms": {
        "dmean": 0.000504189578351,
        "dmean2": 0.00079876446398,
        "dvar": 2.62737671619e-07,
        "dvar2": 6.45436784907e-07,
        "max": 0.00854243617505,
        "mean": 0.00529848085716,
        "median": 0.00521882064641,
        "min": 0.00341001502238,
        "var": 4.75565542501e-07
    },
    "spectral_rolloff": {
        "dmean": 482.71295166,
        "dmean2": 785.686828613,
        "dvar": 370898.6875,
        "dvar2": 783530.625,
        "max": 10917.3339844,
        "mean": 2851.40942383,
        "median": 2713.18359375,
        "min": 452.197265625,
        "var": 1317333.875
    },
    "spectral_skewness": {
        "dmean": 0.163861274719,
        "dmean2": 0.27138581872,
        "dvar": 0.0209195017815,
        "dvar2": 0.0505439937115,
        "max": 2.83250164986,
        "mean": 1.22687149048,
        "median": 1.24479138851,
        "min": 0.47780713439,
        "var": 0.0468402728438
    },
    "spectral_spread": {
        "dmean": 324965.75,
        "dmean2": 481731.90625,
        "dvar": 148841119744,
        "dvar2": 227941679104,
        "max": 10648126,
        "mean": 3848355.25,
        "median": 3698637.5,
        "min": 2432052.5,
        "var": 674109915136
    },
    "spectral_strongpeak": {
        "dmean": 1.01530432701,
        "dmean2": 1.73083221912,
        "dvar": 2.10109186172,
        "dvar2": 5.4267616272,
        "max": 12.2725248337,
        "mean": 1.58445560932,
        "median": 0.491912305355,
        "min": 0.0277495030314,
        "var": 4.17989206314
    },
    "zerocrossingrate": {
        "dmean": 0.00849805865437,
        "dmean2": 0.0105890082195,
        "dvar": 9.23808984226e-05,
        "dvar2": 9.45390274865e-05,
        "max": 0.2900390625,
        "mean": 0.0939773395658,
        "median": 0.08984375,
        "min": 0.03857421875,
        "var": 0.000808035663795
    },
    "barkbands": {
        "dmean": [8.32877194625e-05, 0.00173409970012, 0.00152889231686, 0.000748413964175, 0.00134531909134, 0.00109907495789, 0.000488098507049, 0.00093315547565, 0.000721438264009, 0.000849572476, 0.000461944204289, 0.000629119109362, 0.00061386404559, 0.000677812553477, 0.000890337803867, 0.000560608459637, 0.00062173634069, 0.000407888699556, 0.000515761727002, 0.000315308279824, 0.000200449678232, 0.000142326010973, 8.85142362677e-05, 8.34123275126e-05, 5.81733729632e-05, 6.26223118161e-05, 1.33955367687e-07],
        "dmean2": [0.000126781276776, 0.00289882300422, 0.00268801907077, 0.00126941874623, 0.00220432574861, 0.00185918028001, 0.000797401298769, 0.00146682618652, 0.00116681854706, 0.001291556051, 0.000755451270379, 0.00100794248283, 0.000971085042693, 0.00110409990884, 0.0014969445765, 0.000934374111239, 0.00104331236798, 0.000698193733115, 0.00086866680067, 0.000517313135788, 0.000327237416059, 0.000217286404222, 0.000131065185997, 0.000120055621665, 8.22572037578e-05, 9.65202852967e-05, 2.20286665353e-07],
        "dvar": [1.9508004101e-08, 1.2903775314e-05, 6.540081813e-06, 9.61937530519e-07, 5.62116292713e-06, 5.99186523687e-06, 5.88357011111e-07, 2.03686727218e-06, 2.15685167859e-06, 1.49550282913e-06, 5.00457304042e-07, 7.74001762238e-07, 9.10813014343e-07, 6.20989283107e-07, 2.48560695582e-06, 8.91917352419e-07, 6.52370033549e-07, 2.52223514963e-07, 2.0122492117e-07, 1.26644422949e-07, 4.14446184038e-08, 3.49276518818e-08, 2.61451145178e-08, 6.08832451121e-08, 4.81780446648e-08, 1.14219682601e-08, 6.36344885748e-14],
        "dvar2": [3.91584222825e-08, 3.41002705682e-05, 1.8772583644e-05, 2.68226654043e-06, 1.28406227304e-05, 1.56707028509e-05, 1.47798425587e-06, 4.69425731353e-06, 5.51915945834e-06, 3.1227011732e-06, 1.35553750624e-06, 2.04251955438e-06, 2.03046761271e-06, 1.54588019541e-06, 6.10107190369e-06, 2.24431005336e-06, 1.79068024408e-06, 7.37516927529e-07, 5.66218318454e-07, 3.32028974981e-07, 1.11711173645e-07, 7.68878507529e-08, 5.11466460296e-08, 1.13246500177e-07, 8.39450819967e-08, 2.59411674364e-08, 1.43906344089e-13],
        "max": [0.001841528574, 0.0372329503298, 0.0245661139488, 0.0133094713092, 0.0216134488583, 0.0305978376418, 0.0121291764081, 0.0231955442578, 0.0187468081713, 0.0216824226081, 0.00921816751361, 0.0129774138331, 0.0155052663758, 0.0090888030827, 0.02235423401, 0.0150322839618, 0.0117081496865, 0.00756581733003, 0.00577270518988, 0.00630096765235, 0.00273881619796, 0.00388326076791, 0.0034786791075, 0.00747349532321, 0.00485532637686, 0.00209653261118, 4.34365392721e-06],
        "mean": [0.000124550962937, 0.00276900175959, 0.00269272457808, 0.00137093104422, 0.00205086148344, 0.00172556180041, 0.000874453049619, 0.00168583448976, 0.00115639227442, 0.00162627210375, 0.000818130560219, 0.00123823131435, 0.00110415159725, 0.0012236116454, 0.00161672593094, 0.00108205503784, 0.00133032992017, 0.000936394848395, 0.00142379652243, 0.000858975748997, 0.000572798249777, 0.000364171020919, 0.000185082419193, 0.000195370404981, 0.000137948256452, 9.87621315289e-05, 1.4128650605e-07],
        "median": [6.42667364446e-05, 0.00185532600153, 0.00219453126192, 0.00104624906089, 0.00122264330275, 0.00103701942135, 0.000565608788747, 0.000939978053793, 0.000653883616906, 0.000843866670039, 0.000551776844077, 0.000938182231039, 0.000671447021887, 0.000949048844632, 0.000643053848762, 0.000670198351145, 0.00102944497485, 0.000731343927328, 0.00128289323766, 0.000719599949662, 0.000480562943267, 0.000270253891358, 0.000111518951599, 0.000104836377432, 5.44189060747e-05, 5.486774171e-05, 5.33301687256e-08],
        "min": [3.23520794154e-07, 3.16202858812e-05, 8.03827497293e-05, 1.19672604342e-05, 4.99732304888e-05, 6.6311476985e-05, 3.76269599656e-05, 3.58991383109e-05, 6.35665346636e-05, 6.76982672303e-05, 4.1938641516e-05, 8.62040469656e-05, 4.68464895675e-05, 0.000120946788229, 8.6939369794e-05, 0.000123953155708, 0.000244780647336, 0.00015936892305, 0.000320458842907, 0.000140019255923, 0.000118092699267, 3.34609576385e-05, 4.4265075303e-06, 4.26429960498e-06, 8.89385720626e-09, 2.47467060177e-08, 7.61590790432e-12],
        "var": [3.24510480709e-08, 1.20739205158e-05, 5.62341938348e-06, 1.39402789046e-06, 7.38492826713e-06, 6.53100096315e-06, 1.06379900444e-06, 4.95276026413e-06, 3.11887583848e-06, 5.99053146288e-06, 8.08438755939e-07, 1.37627387176e-06, 2.02516753234e-06, 1.00594331798e-06, 6.15128419668e-06, 1.922937372e-06, 1.14892952752e-06, 5.58369038117e-07, 4.22083104468e-07, 2.98297976542e-07, 1.05725426636e-07, 1.12458842239e-07, 7.64585976754e-08, 2.24356540457e-07, 2.02922436188e-07, 2.61277417479e-08, 8.8918516918e-14]
    },
    "erbbands": {
        "dmean": [0.0461782701313, 0.436945527792, 1.58071446419, 2.24916291237, 3.25428462029, 4.48087406158, 9.57514572144, 7.85510540009, 8.2227935791, 8.29305458069, 22.9597797394, 19.7220916748, 21.7960853577, 20.498210907, 19.5418968201, 30.3315296173, 30.5358028412, 29.7109832764, 31.8340778351, 47.1681480408, 23.136423111, 29.3858509064, 23.4187316895, 27.9122123718, 19.2660140991, 14.4818658829, 11.0449323654, 7.1869392395, 5.4271068573, 2.86182403564, 2.51842451096, 1.95129096508, 1.34846043587, 0.813190937042, 0.368381768465, 0.281102746725, 0.119715571404, 0.010938230902, 0.000197690111236, 1.33005387397e-05],
        "dmean2": [0.0730055049062, 0.757272183895, 2.79357838631, 3.8745367527, 5.33567857742, 7.51851224899, 15.9577951431, 13.1163005829, 13.2520437241, 13.6493616104, 35.9612503052, 31.9427490234, 34.4690437317, 30.9636268616, 31.3640651703, 48.3903656006, 48.1646537781, 48.3032455444, 52.5614395142, 77.5447845459, 38.7842407227, 49.8926506042, 40.116973877, 48.2250328064, 32.8709564209, 23.9929466248, 18.5276622772, 11.4105558395, 8.33868598938, 4.30954360962, 3.7930996418, 2.83402776718, 1.95067417622, 1.23271107674, 0.558676242828, 0.441196233034, 0.181227400899, 0.017398616299, 0.000303119100863, 1.92068764591e-05],
        "dvar": [0.007956283167, 0.897689223289, 8.04692745209, 9.88811016083, 42.7772865295, 59.3395576477, 491.80166626, 276.189056396, 180.354949951, 227.585601807, 1270.36120605, 1864.81604004, 960.430725098, 1594.84973145, 682.928894043, 1925.15039062, 2268.15698242, 1324.11047363, 4303.28369141, 9724.32128906, 876.998535156, 1059.38964844, 1029.9876709, 639.848693848, 340.855712891, 292.715301514, 200.75982666, 54.8254890442, 44.7826347351, 32.9288597107, 21.6405639648, 21.6403083801, 17.9305706024, 9.60510826111, 1.7845261097, 0.526981890202, 0.0301531329751, 0.000164161625435, 5.51687335815e-08, 2.42462272482e-10],
        "dvar2": [0.0183493755758, 2.48499727249, 22.9336395264, 28.0350322723, 97.328956604, 147.89666748, 1215.16186523, 728.628173828, 425.562072754, 563.727905273, 2942.9362793, 4880.08203125, 2352.5715332, 3079.93969727, 1752.68981934, 5149.65625, 4990.93554688, 3221.20166016, 10995.6943359, 25561.2070312, 2375.60205078, 2994.5847168, 3097.16870117, 1815.06933594, 893.925415039, 741.410705566, 547.938232422, 130.066925049, 95.9227218628, 68.1408996582, 45.6579399109, 34.6511039734, 35.6243057251, 19.5823154449, 3.07259726524, 1.2096683979, 0.0723743215203, 0.000376150739612, 1.20699752415e-07, 4.57879539839e-10],
        "max": [1.0060710907, 8.54067230225, 31.1271533966, 29.8341007233, 69.1299133301, 82.6942672729, 276.737213135, 199.714767456, 202.612564087, 241.800857544, 643.40802002, 586.227966309, 451.094329834, 884.538574219, 459.150238037, 625.094848633, 769.823913574, 487.8331604, 1141.58312988, 1654.45483398, 400.67779541, 437.624023438, 509.344146729, 234.945159912, 251.067871094, 390.093902588, 209.071807861, 103.780502319, 111.755973816, 143.110717773, 102.576622009, 127.046180725, 119.914428711, 68.5439453125, 28.6760120392, 16.088722229, 3.16258072853, 0.180030360818, 0.00390172889456, 0.000302585918689],
        "mean": [0.0736639201641, 0.651314854622, 2.86797356606, 4.51644897461, 4.9288187027, 6.24872303009, 13.3128004074, 12.0978498459, 14.8107175827, 15.9504623413, 41.3343734741, 32.622718811, 36.700592041, 47.1399154663, 40.2147674561, 59.7259597778, 59.2537345886, 58.3929023743, 65.0578918457, 96.9965820312, 55.8868675232, 69.5647735596, 57.6830635071, 68.9778747559, 56.3651504517, 40.5052719116, 31.2055931091, 21.0016880035, 14.1204776764, 6.85270214081, 5.07034301758, 4.67922210693, 2.87505555153, 1.81413292885, 0.795890510082, 0.450712680817, 0.185259968042, 0.0140365874395, 0.000306238012854, 5.44387585251e-05],
        "median": [0.0372887700796, 0.43336468935, 2.20337724686, 3.63130950928, 2.65062332153, 3.76209521294, 6.8754196167, 7.14341402054, 9.0269536972, 8.09148311615, 24.8277606964, 18.9295959473, 24.8424854279, 19.8648681641, 30.295085907, 43.9610099792, 38.5669784546, 45.7053451538, 39.5841598511, 37.0028610229, 39.9017982483, 57.4444351196, 45.4807395935, 61.8819656372, 49.1057128906, 34.5294189453, 23.3160591125, 17.5880661011, 10.6374101639, 4.42344713211, 3.13786387444, 2.59047818184, 1.51929688454, 0.725945234299, 0.296573609114, 0.228785350919, 0.107421040535, 0.00824671983719, 0.000191293554963, 4.79860391351e-05],
        "min": [0.00115788157564, 0.0258697550744, 0.153797701001, 0.219910383224, 0.102070987225, 0.137582093477, 0.352200955153, 0.523923933506, 0.503987967968, 0.809842884541, 1.80029380322, 2.31142067909, 2.63010573387, 1.9644626379, 4.79249382019, 4.24373102188, 3.60302782059, 7.14780521393, 7.36894083023, 5.64292287827, 8.68161678314, 15.1070957184, 12.0693073273, 17.973608017, 12.8436946869, 8.5732793808, 6.15255022049, 3.77509331703, 1.25349652767, 0.419184237719, 0.134530976415, 0.126474782825, 0.0233301427215, 0.00665208417922, 0.000672843132634, 0.000125055637909, 7.49614773667e-05, 1.08208114398e-05, 1.19481865113e-05, 1.79145554284e-05],
        "var": [0.0109781101346, 0.712020397186, 7.21726608276, 12.0227088928, 50.7595024109, 68.4480285645, 556.879577637, 321.199493408, 358.66519165, 601.355041504, 2841.92773438, 2445.91772461, 1696.89208984, 8726.6640625, 1324.26403809, 3488.50512695, 4999.39501953, 2184.35888672, 10794.7744141, 25850.5839844, 2152.81738281, 2068.23193359, 2135.27075195, 997.53112793, 789.362548828, 643.169250488, 594.164489746, 164.637191772, 153.931640625, 99.6870117188, 58.5842208862, 105.382949829, 50.8025245667, 32.2875175476, 7.46492767334, 1.17849326134, 0.0634830966592, 0.000264306756435, 1.23034936905e-07, 8.43120850913e-10]
    },
    "gfcc": {
        "mean": [69.6628570557, 67.898475647, -138.756759644, 39.2630500793, -51.4669418335, 14.0627269745, -32.9506988525, 14.0679330826, -30.1425457001, 8.04210472107, -20.2989788055, 2.34945702553, -17.7781105042],
        "cov": [[314.960357666, -260.678222656, 135.524261475, -49.7277679443, -47.6438522339, 38.1068649292, -93.5555725098, 14.7166748047, -19.3520050049, 20.1065940857, -34.1468086243, 32.2770385742, -13.0804271698], [-260.678222656, 405.114562988, -107.981315613, 34.9118995667, 35.2355957031, -66.1964263916, 104.565910339, -29.9332695007, 17.6146697998, -34.7420692444, 40.2556343079, -34.7948646545, 12.27161026], [135.524261475, -107.981315613, 166.659805298, -29.9666156769, -16.9100265503, 13.3340959549, -48.4171295166, 13.8443050385, -23.6740875244, 5.40287256241, -12.9083662033, 21.9703044891, -30.864408493], [-49.7277679443, 34.9118995667, -29.9666156769, 101.480552673, 39.4689712524, -0.893179416656, -13.1334838867, -7.86538553238, 28.49766922, 1.32300329208, 17.6964530945, -2.15284895897, 29.5550708771], [-47.6438522339, 35.2355957031, -16.9100265503, 39.4689712524, 105.135276794, -0.497429519892, 7.00315284729, -3.6345846653, 22.706161499, 19.1569519043, 3.91140794754, 12.2641572952, 7.11864233017], [38.1068649292, -66.1964263916, 13.3340959549, -0.893179416656, -0.497429519892, 85.2741546631, 21.6040706635, 25.8667545319, -8.40489006042, 3.41795444489, 0.39430564642, -9.16106796265, 4.96959638596], [-93.5555725098, 104.565910339, -48.4171295166, -13.1334838867, 7.00315284729, 21.6040706635, 135.695053101, 14.1177997589, -4.17438840866, -18.6393489838, 4.03394174576, -12.5737743378, -25.3851528168], [14.7166748047, -29.9332695007, 13.8443050385, -7.86538553238, -3.6345846653, 25.8667545319, 14.1177997589, 65.8554992676, 16.6380844116, 13.8316230774, -0.205048501492, -5.98179912567, 8.3100643158], [-19.3520050049, 17.6146697998, -23.6740875244, 28.49766922, 22.706161499, -8.40489006042, -4.17438840866, 16.6380844116, 65.0496902466, 24.0205402374, 10.6826877594, 3.10753846169, 13.8484621048], [20.1065940857, -34.7420692444, 5.40287256241, 1.32300329208, 19.1569519043, 3.41795444489, -18.6393489838, 13.8316230774, 24.0205402374, 54.4821853638, 16.3313598633, 10.0391921997, 6.07591104507], [-34.1468086243, 40.2556343079, -12.9083662033, 17.6964530945, 3.91140794754, 0.39430564642, 4.03394174576, -0.205048501492, 10.6826877594, 16.3313598633, 51.3594894409, 11.1259851456, 8.09279251099], [32.2770385742, -34.7948646545, 21.9703044891, -2.15284895897, 12.2641572952, -9.16106796265, -12.5737743378, -5.98179912567, 3.10753846169, 10.0391921997, 11.1259851456, 53.3073959351, 13.7198820114], [-13.0804271698, 12.27161026, -30.864408493, 29.5550708771, 7.11864233017, 4.96959638596, -25.3851528168, 8.3100643158, 13.8484621048, 6.07591104507, 8.09279251099, 13.7198820114, 73.6325073242]],
        "icov": [[0.0101641286165, 0.0033700959757, -0.00413463125005, 0.0017390542198, 0.00281888223253, -0.002809117781, 0.0026681383606, 0.00145114399493, -0.00167577981483, -0.00127127266023, 0.00345554598607, -0.00292163575068, 7.06207429175e-05], [0.0033700959757, 0.00983845070004, -0.00325283175334, 0.00250848173164, -0.00318495207466, 0.00826917588711, -0.00743678258732, 0.00429010670632, -0.00268572568893, 0.00500139873475, -0.00829888135195, 0.00957869365811, -0.00748983863741], [-0.00413463125005, -0.00325283175334, 0.0136652765796, -0.00166603410617, 0.000569395604543, -0.00346032041125, 0.00669712992385, -0.00686112511903, 0.00486832391471, -0.00026651652297, 0.00260776560754, -0.00855569913983, 0.00988003704697], [0.0017390542198, 0.00250848173164, -0.00166603410617, 0.0181344039738, -0.00669896602631, 0.00019489954866, 0.00054349435959, 0.00461113918573, -0.00766273867339, 0.00739730615169, -0.00807857513428, 0.00685333879665, -0.00734323076904], [0.00281888223253, -0.00318495207466, 0.000569395604543, -0.00669896602631, 0.0164529941976, -0.00552585395053, 0.00248515838757, -1.27906851048e-05, -0.000340370432241, -0.00903749559075, 0.00972419138998, -0.0100925657898, 0.00522116431966], [-0.002809117781, 0.00826917588711, -0.00346032041125, 0.00019489954866, -0.00552585395053, 0.0260977558792, -0.0130942435935, -0.00116135610733, 0.00262752990238, 0.0033859515097, -0.0112329078838, 0.0155720636249, -0.0114567605779], [0.0026681383606, -0.00743678258732, 0.00669712992385, 0.00054349435959, 0.00248515838757, -0.0130942435935, 0.0216828808188, -0.00842723250389, 0.00200852612033, 0.000906446715817, 0.00716711347923, -0.0134104294702, 0.014630805701], [0.00145114399493, 0.00429010670632, -0.00686112511903, 0.00461113918573, -1.27906851048e-05, -0.00116135610733, -0.00842723250389, 0.0261952206492, -0.00956595502794, -0.00231969566084, -0.00270528742112, 0.00996100343764, -0.0105342399329], [-0.00167577981483, -0.00268572568893, 0.00486832391471, -0.00766273867339, -0.000340370432241, 0.00262752990238, 0.00200852612033, -0.00956595502794, 0.0267077423632, -0.0105486791581, 0.00285108224489, -0.00411152467132, 0.00319400709122], [-0.00127127266023, 0.00500139873475, -0.00026651652297, 0.00739730615169, -0.00903749559075, 0.0033859515097, 0.000906446715817, -0.00231969566084, -0.0105486791581, 0.0346115380526, -0.0162928104401, 0.00532532529905, -0.00299439649098], [0.00345554598607, -0.00829888135195, 0.00260776560754, -0.00807857513428, 0.00972419138998, -0.0112329078838, 0.00716711347923, -0.00270528742112, 0.00285108224489, -0.0162928104401, 0.0377527289093, -0.0190178323537, 0.0091293649748], [-0.00292163575068, 0.00957869365811, -0.00855569913983, 0.00685333879665, -0.0100925657898, 0.0155720636249, -0.0134104294702, 0.00996100343764, -0.00411152467132, 0.00532532529905, -0.0190178323537, 0.0417966134846, -0.0196391362697], [7.06207429175e-05, -0.00748983863741, 0.00988003704697, -0.00734323076904, 0.00522116431966, -0.0114567605779, 0.014630805701, -0.0105342399329, 0.00319400709122, -0.00299439649098, 0.0091293649748, -0.0196391362697, 0.0307343453169]]
    },
    "melbands": {
        "dmean": [0.000437638664152, 0.000722276512533, 0.000378636206733, 0.000269342097454, 0.000297214864986, 0.00018528891087, 0.000115553099022, 0.000102429788967, 0.000190489721717, 0.000114186223072, 0.000109144537419, 8.6489446403e-05, 6.63654645905e-05, 6.45082254778e-05, 7.88497272879e-05, 5.11477846885e-05, 6.48732820991e-05, 5.27124211658e-05, 6.47223860142e-05, 5.41832559975e-05, 3.08660673909e-05, 3.53730210918e-05, 3.25287182932e-05, 1.70861439983e-05, 2.73125369858e-05, 1.92314819287e-05, 1.11841154649e-05, 1.06039406091e-05, 9.53685139393e-06, 4.73418458569e-06, 4.48803393738e-06, 3.93935488319e-06, 2.0640634375e-06, 1.6800809135e-06, 1.58108116466e-06, 1.3932561842e-06, 1.33102628297e-06, 1.09545464966e-06, 8.97266659194e-07, 7.0480245995e-07],
        "dmean2": [0.000709193118382, 0.00127533194609, 0.000651421840303, 0.000445401179604, 0.000491555430926, 0.000308206042973, 0.000186545454198, 0.000166843135958, 0.000296725804219, 0.000185894008609, 0.000172338142875, 0.00013006523659, 0.000106767532998, 0.000103984653833, 0.000125882288557, 8.04225783213e-05, 0.000105138853542, 8.66355549078e-05, 0.000106210522063, 8.94510012586e-05, 5.20421781403e-05, 5.97043363086e-05, 5.52095989406e-05, 2.95920417557e-05, 4.75516062579e-05, 3.2636551623e-05, 1.89518450497e-05, 1.75932582351e-05, 1.61418574862e-05, 7.95437517809e-06, 7.176382951e-06, 6.16550050836e-06, 3.25833048009e-06, 2.56776411334e-06, 2.45693718171e-06, 2.17454271478e-06, 1.9747924398e-06, 1.65123617535e-06, 1.31964316097e-06, 1.10119094643e-06],
        "dvar": [7.71411521328e-07, 1.9086426164e-06, 2.84102185333e-07, 2.53342051337e-07, 4.07083462051e-07, 1.47087305891e-07, 3.55170506339e-08, 3.50543594152e-08, 8.11481015717e-08, 6.79229046341e-08, 2.45213147565e-08, 3.00710318868e-08, 9.39406685774e-09, 7.21738580012e-09, 1.17026228708e-08, 4.98848029551e-09, 6.00362159986e-09, 1.12694999999e-08, 1.30527739728e-08, 1.15122720246e-08, 1.88380844257e-09, 2.01745353756e-09, 1.52145351873e-09, 3.16880632845e-10, 6.47208231452e-10, 3.45919931588e-10, 1.01055684654e-10, 1.5636825168e-10, 2.13554229855e-10, 2.2976138353e-11, 2.55548048e-11, 2.22022730062e-11, 1.50023621998e-11, 1.15651420732e-11, 9.96983225143e-12, 6.37080492527e-12, 1.26231022163e-11, 1.0305266189e-11, 9.33826453664e-12, 7.5794769766e-12],
        "dvar2": [1.94087851924e-06, 5.37446703675e-06, 7.75451383106e-07, 5.81775225328e-07, 9.8703662843e-07, 3.86876394032e-07, 8.39218969872e-08, 8.49668992942e-08, 1.89104568449e-07, 1.79091784958e-07, 5.97190066287e-08, 5.85931303476e-08, 2.45303244384e-08, 1.90611491035e-08, 2.98637949925e-08, 1.07959570173e-08, 1.47708227871e-08, 2.95278930196e-08, 3.09156433786e-08, 3.09566416945e-08, 5.10108355556e-09, 5.48849099502e-09, 4.41249703442e-09, 9.08805364297e-10, 1.83084558625e-09, 9.26517973454e-10, 2.62669996864e-10, 3.97476607183e-10, 5.85854031954e-10, 5.95532165248e-11, 6.01092439712e-11, 5.11772325906e-11, 3.57180500454e-11, 2.41285671998e-11, 2.36564639405e-11, 1.19721333541e-11, 2.21685499818e-11, 2.19655561101e-11, 1.95222778915e-11, 1.72366270562e-11],
        "max": [0.0099954418838, 0.0147140175104, 0.00585885439068, 0.00445768935606, 0.00790917314589, 0.00466200243682, 0.00288458541036, 0.00309695489705, 0.00511825364083, 0.00366633059457, 0.00230500637554, 0.00380219845101, 0.00116567476653, 0.00130624056328, 0.0014702284243, 0.0010873178253, 0.000931019778363, 0.00210431590676, 0.00149575981777, 0.00170382962096, 0.000528306351043, 0.000656505406369, 0.00054928852478, 0.000253304373473, 0.000221290596528, 0.00031368737109, 0.000116884722956, 0.00027050243807, 0.000210827347473, 6.66800915496e-05, 7.64939832152e-05, 5.44456015632e-05, 8.0074496509e-05, 8.87333517312e-05, 6.77276329952e-05, 5.57911807846e-05, 0.000109753382276, 9.26579086808e-05, 6.15601675236e-05, 5.82466745982e-05],
        "mean": [0.000687883351929, 0.00130405835807, 0.000773999723606, 0.000386147381505, 0.000429960200563, 0.000296710873954, 0.000210190366488, 0.000190990598639, 0.000345651205862, 0.000180030649062, 0.000177024601726, 0.000190725608263, 0.00012523442274, 0.000132957226015, 0.000154995286721, 9.80260592769e-05, 0.000114992915769, 0.000100526100141, 0.0001196053272, 0.000108055857709, 6.14837845205e-05, 7.38163143978e-05, 6.71917805448e-05, 3.91212488466e-05, 5.89422561461e-05, 4.95196873089e-05, 2.87908387691e-05, 2.6196556064e-05, 2.32084148593e-05, 1.22945357361e-05, 1.17872668852e-05, 9.25814310904e-06, 4.49693470728e-06, 3.49221227225e-06, 2.91331389235e-06, 2.72674674306e-06, 2.97153383144e-06, 2.13414023165e-06, 1.75543505065e-06, 1.39822657275e-06],
        "median": [0.00041213032091, 0.000990497646853, 0.00061415694654, 0.00021573054255, 0.000236314488575, 0.000179624941666, 0.000127976993099, 9.3278955319e-05, 0.000207165983738, 0.000103605227196, 0.000118774274597, 7.1781934821e-05, 8.61395164975e-05, 0.000102574114862, 0.000112197485578, 6.78695651004e-05, 8.54712488945e-05, 6.20569771854e-05, 5.23164453625e-05, 4.7098747018e-05, 4.40195435658e-05, 5.6549510191e-05, 5.12788683409e-05, 3.30916773237e-05, 5.20389330632e-05, 4.17116971221e-05, 2.52851714322e-05, 2.12041722989e-05, 1.49236711877e-05, 1.05239832919e-05, 9.34484887694e-06, 6.64618073642e-06, 3.02558328258e-06, 1.97446524908e-06, 1.79229755304e-06, 1.56454427724e-06, 1.52415327648e-06, 1.16170372166e-06, 7.30291844775e-07, 5.23508674632e-07],
        "min": [9.09033769858e-06, 9.51240217546e-05, 4.845453077e-05, 1.18743955682e-05, 8.79646722751e-06, 8.89626699063e-06, 7.04913964e-06, 7.11911070539e-06, 1.26629638544e-05, 1.09322136268e-05, 1.09352058644e-05, 6.36201002635e-06, 7.88319539424e-06, 7.81012113293e-06, 1.00336737887e-05, 3.87590171158e-06, 9.02577539819e-06, 8.6573390945e-06, 5.74711020818e-06, 8.74297529663e-06, 8.21973299026e-06, 1.06159695861e-05, 1.06404077087e-05, 5.68704945181e-06, 9.93297089735e-06, 8.80900552147e-06, 4.74410126117e-06, 3.26125336869e-06, 3.28862711285e-06, 1.93628352463e-06, 1.69672955508e-06, 6.61255910472e-07, 1.45902902204e-07, 2.3952986794e-07, 3.81023923524e-08, 6.27687199994e-08, 7.94483341338e-08, 8.14499045987e-09, 4.69370986522e-10, 1.67339996027e-11],
