{
"highlevel": {
    "danceability": {
        "all": {
            "danceable": 0.951079785824,
            "not_danceable": 0.0489201955497
        },
        "probability": 0.951079785824,
        "value": "danceable"
    },
    "gender": {
        "all": {
            "female": 0.638504266739,
            "male": 0.361495763063
        },
        "probability": 0.638504266739,
        "value": "female"
    },
    "genre_dortmund": {
        "all": {
            "alternative": 0.147855818272,
            "blues": 0.0201083682477,
            "electronic": 0.00529558956623,
            "folkcountry": 0.265912055969,
            "funksoulrnb": 0.00818654149771,
            "jazz": 0.114283770323,
            "pop": 0.189787790179,
            "raphiphop": 0.00234697223641,
            "rock": 0.24622310698
        },
        "probability": 0.265912055969,
        "value": "folkcountry"
    },
    "genre_electronic": {
        "all": {
            "ambient": 0.248589411378,
            "dnb": 0.148141801357,
            "house": 0.165524676442,
            "techno": 0.0301463715732,
            "trance": 0.407597750425
        },
        "probability": 0.407597750425,
        "value": "trance"
    },
    "genre_rosamerica": {
        "all": {
            "cla": 0.000966413819697,
            "dan": 0.0446727871895,
            "hip": 0.00287469709292,
            "jaz": 0.0035296860151,
            "pop": 0.222671568394,
            "rhy": 0.00356946955435,
            "roc": 0.721370875835,
            "spe": 0.000344522792147
        },
        "probability": 0.721370875835,
        "value": "roc"
    },
    "genre_tzanetakis": {
        "all": {
            "blu": 0.0626541376114,
            "cla": 0.0348133966327,
            "cou": 0.0783501937985,
            "dis": 0.104547761381,
            "hip": 0.15693578124,
            "jaz": 0.313987255096,
            "met": 0.044816005975,
            "pop": 0.0627349764109,
            "reg": 0.0627352520823,
            "roc": 0.0784252434969
        },
        "probability": 0.313987255096,
        "value": "jaz"
    },
    "ismir04_rhythm": {
        "all": {
            "ChaChaCha": 0.553956985474,
            "Jive": 0.105429977179,
            "Quickstep": 0.0941609442234,
            "Rumba-American": 0.00981765240431,
            "Rumba-International": 0.12260825932,
            "Rumba-Misc": 0.00551097467542,
            "Samba": 0.0682944580913,
            "Tango": 0.0134940166026,
            "VienneseWaltz": 0.0138109829277,
            "Waltz": 0.0129157369956
        },
        "probability": 0.553956985474,
        "value": "ChaChaCha"
    },
    "mood_acoustic": {
        "all": {
            "acoustic": 6.59719898977e-06,
            "not_acoustic": 0.999993383884
        },
        "probability": 0.999993383884,
        "value": "not_acoustic"
    },
    "mood_aggressive": {
        "all": {
            "aggressive": 0.0273456610739,
            "not_aggressive": 0.972654342651
        },
        "probability": 0.972654342651,
        "value": "not_aggressive"
    },
    "mood_electronic": {
        "all": {
            "electronic": 0.0901789292693,
            "not_electronic": 0.909821093082
        },
        "probability": 0.909821093082,
        "value": "not_electronic"
    },
    "mood_happy": {
        "all": {
            "happy": 0.426899641752,
            "not_happy": 0.573100328445
        },
        "probability": 0.573100328445,
        "value": "not_happy"
    },
    "mood_party": {
        "all": {
            "not_party": 0.568314254284,
            "party": 0.431685745716
        },
        "probability": 0.568314254284,
        "value": "not_party"
    },
    "mood_relaxed": {
        "all": {
            "not_relaxed": 0.969914138317,
            "relaxed": 0.030085882172
        },
        "probability": 0.969914138317,
        "value": "not_relaxed"
    },
    "mood_sad": {
        "all": {
            "not_sad": 0.668616950512,
            "sad": 0.331383019686
        },
        "probability": 0.668616950512,
        "value": "not_sad"
    },
    "moods_mirex": {
        "all": {
            "Cluster1": 0.64136993885,
            "Cluster2": 0.143385648727,
            "Cluster3": 0.0847196578979,
            "Cluster4": 0.0585408210754,
            "Cluster5": 0.07198394835
        },
        "probability": 0.64136993885,
        "value": "Cluster1"
    },
    "timbre": {
        "all": {
            "bright": 0.999996781349,
            "dark": 3.2405876027e-06
        },
        "probability": 0.999996781349,
        "value": "bright"
    },
    "tonal_atonal": {
        "all": {
            "atonal": 0.00108763307799,
            "tonal": 0.998912394047
        },
        "probability": 0.998912394047,
        "value": "tonal"
    },
    "voice_instrumental": {
        "all": {
            "instrumental": 0.799483478069,
            "voice": 0.200516536832
        },
        "probability": 0.799483478069,
        "value": "instrumental"
    }
},
"lowlevel": {
    "average_loudness": 0.979670584202,
    "barkbands_crest": {
        "dmean": 2.3911883831,
        "dmean2": 3.88851904869,
        "dvar": 7.26270961761,
        "dvar2": 18.2285861969,
        "max": 22.0148277283,
        "mean": 8.69005775452,
        "median": 7.72491884232,
        "min": 2.86365008354,
        "var": 13.7326183319
    },
    "barkbands_flatness_db": {
        "dmean": 0.0161311104894,
        "dmean2": 0.0267510414124,
        "dvar": 0.000323612650391,
        "dvar2": 0.0008504135767,
        "max": 0.272686481476,
        "mean": 0.116363599896,
        "median": 0.110228300095,
        "min": 0.0625493973494,
        "var": 0.000840707332827
    },
    "barkbands_kurtosis": {
        "dmean": 1.61756980419,
        "dmean2": 2.68124008179,
        "dvar": 13.4824819565,
        "dvar2": 35.1642341614,
        "max": 59.4537963867,
        "mean": 1.52969837189,
        "median": -0.0789048671722,
        "min": -1.84419894218,
        "var": 21.6114959717
    },
    "barkbands_skewness": {
        "dmean": 0.417343318462,
        "dmean2": 0.674750506878,
        "dvar": 0.312190502882,
        "dvar2": 0.722398281097,
        "max": 7.43339586258,
        "mean": 1.25722336769,
        "median": 1.0307508707,
        "min": -1.75241100788,
        "var": 0.92878729105
    },
    "barkbands_spread": {
        "dmean": 6.80405187607,
        "dmean2": 11.0128231049,
        "dvar": 76.8406219482,
        "dvar2": 180.138015747,
        "max": 102.145896912,
        "mean": 40.6890335083,
        "median": 40.4724884033,
        "min": 5.24835014343,
        "var": 196.565856934
    },
    "dissonance": {
        "dmean": 0.0129054542631,
        "dmean2": 0.0212460942566,
        "dvar": 0.000147099868627,
        "dvar2": 0.00037107479875,
        "max": 0.499677747488,
        "mean": 0.466328978539,
        "median": 0.471016317606,
        "min": 0.345649033785,
        "var": 0.000507841294166
    },
    "dynamic_complexity": 1.53911459446,
    "erbbands_crest": {
        "dmean": 1.77134156227,
        "dmean2": 2.86731076241,
        "dvar": 2.88384437561,
        "dvar2": 7.60768079758,
        "max": 19.2851772308,
        "mean": 7.73997592926,
        "median": 7.33213949203,
        "min": 2.88937568665,
        "var": 7.43091630936
    },
    "erbbands_flatness_db": {
        "dmean": 0.00961964856833,
        "dmean2": 0.0147497113794,
        "dvar": 9.16243079701e-05,
        "dvar2": 0.000188243517186,
        "max": 0.192259252071,
        "mean": 0.115502908826,
        "median": 0.114637538791,
        "min": 0.0563171505928,
        "var": 0.00040192148299
    },
    "erbbands_kurtosis": {
        "dmean": 0.433868587017,
        "dmean2": 0.684504806995,
        "dvar": 0.447290837765,
        "dvar2": 0.956159949303,
        "max": 13.6117839813,
        "mean": -0.27893525362,
        "median": -0.548621892929,
        "min": -1.69782602787,
        "var": 1.06831288338
    },
    "erbbands_skewness": {
        "dmean": 0.219512790442,
        "dmean2": 0.338204473257,
        "dvar": 0.0553463809192,
        "dvar2": 0.12164812535,
        "max": 1.63893461227,
        "mean": -0.0773898139596,
        "median": 0.00957101397216,
        "min": -2.85265254974,
        "var": 0.35491925478
    },
    "erbbands_spread": {
        "dmean": 7.68574476242,
        "dmean2": 12.2825708389,
        "dvar": 89.4880065918,
        "dvar2": 231.778823853,
        "max": 134.869644165,
        "mean": 53.4453010559,
        "median": 50.0035705566,
        "min": 15.1162805557,
        "var": 279.323852539
    },
    "hfc": {
        "dmean": 7.01800012589,
        "dmean2": 9.98658370972,
        "dvar": 105.906349182,
        "dvar2": 176.883728027,
        "max": 228.583816528,
        "mean": 39.4969940186,
        "median": 37.946647644,
        "min": 1.06278264523,
        "var": 457.704650879
    },
    "melbands_crest": {
        "dmean": 3.01463270187,
        "dmean2": 5.10034894943,
        "dvar": 8.69488811493,
        "dvar2": 22.8953399658,
        "max": 29.3481273651,
        "mean": 14.1982116699,
        "median": 13.5610675812,
        "min": 4.48069620132,
        "var": 20.5182971954
    },
    "melbands_flatness_db": {
        "dmean": 0.0215749740601,
        "dmean2": 0.0347839295864,
        "dvar": 0.000653580180369,
        "dvar2": 0.0015409354819,
        "max": 0.376317232847,
        "mean": 0.153190821409,
        "median": 0.146464854479,
        "min": 0.044188734144,
        "var": 0.00244286702946
    },
    "melbands_kurtosis": {
        "dmean": 6.73369312286,
        "dmean2": 11.2184114456,
        "dvar": 222.587997437,
        "dvar2": 589.619262695,
        "max": 267.026580811,
        "mean": 13.3856573105,
        "median": 6.98850727081,
        "min": -1.68172371387,
        "var": 343.015289307
    },
    "melbands_skewness": {
        "dmean": 0.679090261459,
        "dmean2": 1.11186432838,
        "dvar": 0.874864220619,
        "dvar2": 2.07879304886,
        "max": 13.4322290421,
        "mean": 2.91986632347,
        "median": 2.45366835594,
        "min": 0.296913564205,
        "var": 2.42907619476
    },
    "melbands_spread": {
        "dmean": 8.37037658691,
        "dmean2": 13.5178260803,
        "dvar": 129.035705566,
        "dvar2": 280.558929443,
        "max": 209.88130188,
        "mean": 35.4279975891,
        "median": 34.3103866577,
        "min": 1.56280386448,
        "var": 361.221557617
    },
    "pitch_salience": {
        "dmean": 0.0658586248755,
        "dmean2": 0.106956072152,
        "dvar": 0.00445740157738,
        "dvar2": 0.0112368129194,
        "max": 0.809313952923,
        "mean": 0.502115190029,
        "median": 0.502450406551,
        "min": 0.168268337846,
        "var": 0.00969515088946
    },
    "silence_rate_20dB": {
        "dmean": 0,
        "dmean2": 0,
        "dvar": 0,
        "dvar2": 0,
        "max": 1,
        "mean": 1,
        "median": 1,
        "min": 1,
        "var": 0
    },
    "silence_rate_30dB": {
        "dmean": 0,
        "dmean2": 0,
        "dvar": 0,
        "dvar2": 0,
        "max": 1,
        "mean": 1,
        "median": 1,
        "min": 1,
        "var": 0
    },
    "silence_rate_60dB": {
        "dmean": 0.00232198135927,
        "dmean2": 0.00464755995199,
        "dvar": 0.00231658830307,
        "dvar2": 0.00462596584111,
        "max": 1,
        "mean": 0.00773395225406,
        "median": 0,
        "min": 0,
        "var": 0.00767412502319
    },
    "spectral_centroid": {
        "dmean": 245.097503662,
        "dmean2": 404.798065186,
        "dvar": 81539.953125,
        "dvar2": 215477.125,
        "max": 4405.03808594,
        "mean": 1906.90075684,
        "median": 1984.02893066,
        "min": 444.41897583,
        "var": 303201.71875
    },
    "spectral_complexity": {
        "dmean": 3.6540248394,
        "dmean2": 5.7079782486,
        "dvar": 16.4259052277,
        "dvar2": 33.210811615,
        "max": 52,
        "mean": 22.3472537994,
        "median": 21,
        "min": 0,
        "var": 59.344959259
    },
    "spectral_decrease": {
        "dmean": 2.2729744753e-09,
        "dmean2": 3.56777762889e-09,
        "dvar": 1.25980682627e-17,
        "dvar2": 2.88590180092e-17,
        "max": -3.71341256356e-11,
        "mean": -7.6499784285e-09,
        "median": -6.97871405109e-09,
        "min": -3.11379828588e-08,
        "var": 1.79715559445e-17
    },
    "spectral_energy": {
        "dmean": 0.00881984829903,
        "dmean2": 0.013630034402,
        "dvar": 0.000181771509233,
        "dvar2": 0.000410477659898,
        "max": 0.119713500142,
        "mean": 0.0324552580714,
        "median": 0.0300344806165,
        "min": 0.000236550287809,
        "var": 0.000280991516775
    },
    "spectral_energyband_high": {
        "dmean": 0.000693187816069,
        "dmean2": 0.000976709648967,
        "dvar": 1.48672268097e-06,
        "dvar2": 2.48138826464e-06,
        "max": 0.0323148630559,
        "mean": 0.00284281931818,
        "median": 0.00255516264588,
        "min": 0.000112281828478,
        "var": 4.58717522633e-06
    },
    "spectral_energyband_low": {
        "dmean": 0.00658663455397,
        "dmean2": 0.0105930333957,
        "dvar": 0.00014307841775,
        "dvar2": 0.000313064578222,
        "max": 0.115426339209,
        "mean": 0.0129131823778,
        "median": 0.00971372798085,
        "min": 2.39181445068e-05,
        "var": 0.00018444818852
    },
    "spectral_energyband_middle_high": {
        "dmean": 0.0012884743046,
        "dmean2": 0.00193188118283,
        "dvar": 2.49409436037e-06,
        "dvar2": 5.25272253071e-06,
        "max": 0.0286763701588,
        "mean": 0.00643007736653,
        "median": 0.00619489140809,
        "min": 4.71184575872e-05,
        "var": 1.47108648889e-05
    },
    "spectral_energyband_middle_low": {
        "dmean": 0.00450153741986,
        "dmean2": 0.00763162784278,
        "dvar": 0.000102036101453,
        "dvar2": 0.000293784105452,
        "max": 0.101929269731,
        "mean": 0.0110280485824,
        "median": 0.00889118202031,
        "min": 5.97819343966e-05,
        "var": 9.26997381612e-05
    },
    "spectral_entropy": {
        "dmean": 0.103735990822,
        "dmean2": 0.162766963243,
        "dvar": 0.0114888306707,
        "dvar2": 0.0274152252823,
        "max": 8.73544788361,
        "mean": 7.80479621887,
        "median": 7.78865528107,
        "min": 6.99942684174,
        "var": 0.0538629665971
    },
    "spectral_flux": {
        "dmean": 0.0249782595783,
        "dmean2": 0.0368866175413,
        "dvar": 0.00100710184779,
        "dvar2": 0.00185263110325,
        "max": 0.272204726934,
        "mean": 0.0847433134913,
        "median": 0.0661245509982,
        "min": 0.0178820546716,
        "var": 0.00234989472665
    },
    "spectral_kurtosis": {
        "dmean": 0.477156549692,
        "dmean2": 0.75383245945,
        "dvar": 0.205686897039,
        "dvar2": 0.437176346779,
        "max": 7.17935562134,
        "mean": 2.19426321983,
        "median": 2.04077911377,
        "min": -0.111355781555,
        "var": 1.10603141785
    },
    "spectral_rms": {
        "dmean": 0.000698978896253,
        "dmean2": 0.00104934291448,
        "dvar": 8.58394116676e-07,
        "dvar2": 1.77582785454e-06,
        "max": 0.0108071118593,
        "mean": 0.00545021751896,
        "median": 0.00541312620044,
        "min": 0.000480396469356,
        "var": 1.9588142095e-06
    },
    "spectral_rolloff": {
        "dmean": 805.796264648,
        "dmean2": 1389.78479004,
        "dvar": 1704153,
        "dvar2": 4031469.25,
        "max": 10938.8671875,
        "mean": 2559.16577148,
        "median": 2627.05078125,
        "min": 107.666015625,
        "var": 3027014
    },
    "spectral_skewness": {
        "dmean": 0.0990486815572,
        "dmean2": 0.149410590529,
        "dvar": 0.008888496086,
        "dvar2": 0.0165153276175,
        "max": 2.27793622017,
        "mean": 1.27629816532,
        "median": 1.25069260597,
        "min": 0.433308243752,
        "var": 0.0667634904385
    },
    "spectral_spread": {
        "dmean": 502768.53125,
        "dmean2": 813466.5,
        "dvar": 359416856576,
        "dvar2": 854282207232,
        "max": 14562013,
        "mean": 6571974,
        "median": 6436490.5,
        "min": 4073806.5,
        "var": 1.38768377446e+12
    },
    "spectral_strongpeak": {
        "dmean": 0.459483772516,
        "dmean2": 0.823737561703,
        "dvar": 0.615616798401,
        "dvar2": 1.64096212387,
        "max": 8.07788181305,
        "mean": 0.805226504803,
        "median": 0.411171019077,
        "min": 0,
        "var": 0.92264765501
    },
    "zerocrossingrate": {
        "dmean": 0.0131488246843,
        "dmean2": 0.0166242551059,
        "dvar": 0.000195786982658,
        "dvar2": 0.000298410130199,
        "max": 0.27197265625,
        "mean": 0.0986970067024,
        "median": 0.09814453125,
        "min": 0.02685546875,
        "var": 0.000993426539935
    },
    "barkbands": {
        "dmean": [5.1000937674e-05, 0.00458407215774, 0.00331054744311, 0.00141719763633, 0.00254335161299, 0.000716451904736, 0.000320974271744, 0.000778832647484, 0.000388986751204, 0.000248512864346, 0.000146625068737, 0.000210590980714, 0.0001506091794, 0.000154943263624, 0.0001505240798, 0.000390340574086, 0.000312573742121, 0.00042837485671, 0.00024971991661, 0.000156257287017, 0.000181825947948, 0.000228467251873, 0.000119882832223, 0.000154589462909, 0.000167934951605, 0.000106367544504, 4.77076200767e-09],
        "dmean2": [8.52204102557e-05, 0.00750815821812, 0.00593150965869, 0.00263208895922, 0.0044454857707, 0.00108711037319, 0.000500055204611, 0.0010936348699, 0.000561944150832, 0.000345091044437, 0.000220334899495, 0.000303930719383, 0.000228578297538, 0.000252132798778, 0.00023164349841, 0.000618442718405, 0.000505077710841, 0.000712167180609, 0.000417206145357, 0.000244912313065, 0.0002891443728, 0.000350964226527, 0.000172756102984, 0.000246385141509, 0.000266000744887, 0.000160126859555, 9.03500296801e-09],
        "dvar": [9.46883549346e-09, 9.22181861824e-05, 4.20283504354e-05, 7.69762755226e-06, 6.03752851021e-05, 3.11819485432e-06, 1.36557105179e-06, 2.42287615038e-06, 1.28728311211e-06, 1.54999014512e-07, 2.43951916445e-07, 1.69878902057e-07, 5.07480315548e-08, 9.44577749351e-08, 1.04417843261e-07, 4.20245044097e-07, 2.09704538179e-07, 3.22830658206e-07, 1.0280514573e-07, 5.74247742691e-08, 9.16137778972e-08, 1.23781973116e-07, 9.38462108024e-08, 9.37170270277e-08, 6.27150384958e-08, 3.42434880451e-08, 4.87695683585e-16],
        "dvar2": [2.36883312965e-08, 0.000231432190049, 0.000115904484119, 2.33644259424e-05, 0.000174153101398, 7.01448789187e-06, 2.80181711787e-06, 5.57699559067e-06, 2.89916579277e-06, 2.67228045914e-07, 5.54842984002e-07, 3.39059795351e-07, 1.19548417388e-07, 2.55027771345e-07, 1.81862233717e-07, 9.78381194727e-07, 4.68853500024e-07, 8.28114593787e-07, 2.52995505434e-07, 1.17119789422e-07, 2.19172605398e-07, 2.73630604397e-07, 1.81615973815e-07, 1.89441976772e-07, 1.41505395845e-07, 8.07483715448e-08, 1.45002723208e-15],
        "max": [0.000990357017145, 0.0834104344249, 0.054684817791, 0.0242687296122, 0.0755222886801, 0.0275106690824, 0.0228614490479, 0.0247437711805, 0.0263697206974, 0.00718446541578, 0.0116909369826, 0.00877007097006, 0.00295329024084, 0.0060370657593, 0.0096019282937, 0.0117515418679, 0.00672913948074, 0.00860957801342, 0.0047119720839, 0.00590476347134, 0.00620646681637, 0.00738247064874, 0.00919434428215, 0.00693003088236, 0.00331580732018, 0.00224190787412, 3.56938954837e-07],
        "mean": [6.2940409407e-05, 0.00770144164562, 0.00441470462829, 0.00149872165639, 0.00360037619248, 0.00183428777382, 0.000640156504232, 0.00235951459035, 0.00105654052459, 0.000917243596632, 0.000392470770748, 0.000562594737858, 0.000325502362102, 0.000263337715296, 0.000339552643709, 0.00108511350118, 0.000741155992728, 0.00104589771945, 0.000593700271565, 0.000382306636311, 0.000516042870004, 0.000675813644193, 0.000314193748636, 0.000424922705861, 0.000512363796588, 0.000194367516087, 3.12781733847e-09],
        "median": [3.78298354917e-05, 0.0048236688599, 0.00284116063267, 0.000684269703925, 0.0018358976813, 0.0011796093313, 0.000236276478972, 0.000757063855417, 0.000268548435997, 0.000297585153021, 7.73231440689e-05, 0.000189765327377, 0.000181037656148, 0.000164219571161, 0.000229026380111, 0.000719715026207, 0.000409548723837, 0.000697524112184, 0.000430748943472, 0.000296246085782, 0.000380247656722, 0.000551315606572, 0.000200181748369, 0.000334927346557, 0.00036411214387, 0.000122444806038, 6.407405162e-10],
        "min": [1.40706752916e-08, 1.78963875896e-06, 5.87927115703e-06, 5.29028420715e-06, 3.12455376843e-05, 6.84968472342e-06, 2.2646013349e-06, 7.9334330394e-07, 1.83791644304e-06, 2.18956870413e-06, 5.08850291681e-07, 9.83846462077e-07, 3.51331976844e-07, 1.05142657958e-06, 2.08537562685e-06, 6.81709207129e-06, 3.14929525302e-06, 6.94188838679e-06, 6.13015299677e-06, 3.47047148352e-06, 6.12410713074e-06, 2.60382171291e-06, 8.69368614076e-06, 1.95652664843e-05, 1.02984904515e-05, 7.64716823198e-09, 8.12239251552e-12],
        "var": [9.13009134962e-09, 9.60996185313e-05, 3.59536606993e-05, 6.13431348029e-06, 4.68038160761e-05, 5.94302809986e-06, 3.75935337615e-06, 9.40598511079e-06, 4.27512213719e-06, 1.3812313e-06, 8.00945144874e-07, 6.80124571772e-07, 1.50166883373e-07, 1.263453413e-07, 4.08660270068e-07, 1.35830759973e-06, 9.66077777775e-07, 1.17039394354e-06, 3.09942407739e-07, 1.34671893193e-07, 2.92136036251e-07, 3.8591153384e-07, 1.78220091129e-07, 2.06538970815e-07, 1.74219337623e-07, 4.96138561346e-08, 2.64381323332e-16]
    },
    "erbbands": {
        "dmean": [0.0795800685883, 1.2171421051, 3.63949155807, 3.89852404594, 9.01739597321, 6.29220151901, 8.43192958832, 4.26897573471, 3.87650632858, 5.95007181168, 19.7588729858, 10.325255394, 3.5606546402, 9.25753974915, 6.31281661987, 9.03046131134, 5.16457128525, 9.2876033783, 5.56446552277, 15.8029899597, 21.1800327301, 14.5690803528, 21.3182106018, 14.9013204575, 10.9456281662, 7.50067949295, 5.90687942505, 8.494972229, 7.8612780571, 5.39909124374, 3.37719416618, 3.43470072746, 2.59493207932, 2.08435082436, 1.25690436363, 0.560758292675, 0.19771720469, 0.0146986171603, 0.000267483643256, 1.89509792108e-05],
        "dmean2": [0.130739524961, 2.00186300278, 6.3071770668, 7.12967920303, 16.6452083588, 10.6961040497, 12.6936206818, 6.58070230484, 5.96585798264, 9.27100372314, 27.5803909302, 14.8668470383, 5.07187891006, 12.948638916, 8.93110847473, 12.8728399277, 7.85119485855, 14.7546310425, 8.59114742279, 24.5566444397, 34.6100692749, 22.9583091736, 34.7473945618, 24.8278217316, 17.9069633484, 11.9162082672, 9.48062038422, 13.501367569, 12.2739458084, 8.0864906311, 4.8652920723, 5.45341968536, 4.17412757874, 3.28062677383, 2.00318813324, 0.842049539089, 0.304363965988, 0.0231300778687, 0.000411822431488, 2.70985583484e-05],
        "dvar": [0.0267755519599, 6.44008255005, 52.3129959106, 44.4974632263, 1004.16107178, 258.456573486, 404.780487061, 92.0127868652, 130.832199097, 520.934936523, 1252.20715332, 911.138671875, 51.2624549866, 192.344451904, 577.066101074, 176.739044189, 49.1989593506, 262.70111084, 327.74887085, 561.153564453, 1219.43554688, 558.817871094, 933.79095459, 334.751159668, 214.349868774, 115.678504944, 98.4852905273, 197.985900879, 133.344421387, 140.489929199, 69.1341323853, 55.724029541, 23.6854228973, 9.12828445435, 3.83436989784, 0.967707574368, 0.126919448376, 0.000859168474562, 2.62421053776e-07, 8.29189106266e-10],
        "dvar2": [0.0678628385067, 16.0368595123, 138.540405273, 125.041183472, 2983.52856445, 712.551879883, 967.348205566, 220.324813843, 268.751617432, 1183.44970703, 2756.01757812, 2174.61962891, 110.845756531, 329.676116943, 1296.7479248, 352.946289062, 118.770622253, 666.92755127, 555.255981445, 1272.54663086, 3084.08398438, 1183.87316895, 2237.88916016, 852.674072266, 534.020690918, 250.603240967, 212.843292236, 459.401000977, 295.419830322, 302.091156006, 134.024093628, 113.971191406, 51.7054672241, 19.8356132507, 9.16774368286, 2.31837773323, 0.293485939503, 0.00202419329435, 6.10617632901e-07, 1.72884040417e-09],
        "max": [1.48069500923, 22.7835845947, 63.1572952271, 61.6202926636, 328.259643555, 149.205917358, 456.895599365, 168.377990723, 296.722229004, 539.969909668, 684.754638672, 738.875732422, 174.897018433, 264.216583252, 699.419128418, 195.562667847, 81.5881271362, 269.767913818, 565.057800293, 420.755371094, 605.041931152, 438.692718506, 578.598327637, 254.68649292, 207.236618042, 251.572021484, 232.900268555, 258.976623535, 211.47807312, 329.659210205, 245.577072144, 178.377441406, 86.7266845703, 45.4137496948, 26.3505191803, 11.2765321732, 4.48813390732, 0.480552822351, 0.00804501399398, 0.000367368484149],
        "mean": [0.149135068059, 2.00071883202, 5.3581495285, 4.93610906601, 9.17496204376, 10.0054664612, 20.5423049927, 10.3504972458, 8.73053836823, 12.5610055923, 65.9908981323, 32.0260276794, 10.8356599808, 35.876701355, 17.6842594147, 26.347114563, 11.9637937546, 18.6764125824, 12.9820642471, 45.1118659973, 53.1752700806, 37.2005462646, 56.2942771912, 40.9986877441, 25.7678852081, 19.5500011444, 15.4187316895, 25.7416095734, 24.372756958, 14.1772966385, 8.86388206482, 8.6892375946, 7.21802568436, 5.92000818253, 3.42420053482, 1.17916357517, 0.310191780329, 0.022612458095, 0.000484249147121, 7.15294154361e-05],
        "median": [0.0736449360847, 1.28480839729, 3.36410355568, 3.00559687614, 2.75887298584, 5.48966932297, 12.848531723, 6.78165245056, 4.1112537384, 6.15528821945, 30.2102031708, 14.3052129745, 7.7765045166, 21.0046253204, 7.10803461075, 9.09185695648, 8.76116371155, 9.51607513428, 7.20088481903, 27.2297935486, 36.2702941895, 21.6272716522, 37.7929153442, 30.3641586304, 18.2999210358, 15.3828725815, 11.3911342621, 18.2003421783, 19.7499885559, 11.4475822449, 5.49612236023, 6.43331289291, 5.4380865097, 3.93326950073, 2.61144542694, 0.798656880856, 0.16525362432, 0.0117717785761, 0.000294412806397, 6.33134914096e-05],
        "min": [9.84640500974e-05, 0.00178851932287, 0.0047056498006, 0.0161749310791, 0.0408829115331, 0.116870701313, 0.180762887001, 0.0519220121205, 0.0222237575799, 0.041227992624, 0.0181398466229, 0.0323478728533, 0.0602760054171, 0.0835143178701, 0.0388862155378, 0.0554453209043, 0.0278618596494, 0.0485694222152, 0.0558995902538, 0.220984891057, 0.542283892632, 0.259347498417, 0.294293940067, 0.452288597822, 0.267198204994, 0.208347842097, 0.27232041955, 0.155959963799, 0.17361433804, 0.22291405499, 0.382952392101, 0.209736809134, 0.274241954088, 0.147154763341, 0.0608280971646, 0.0203441027552, 0.000998610048555, 6.89913213137e-05, 4.81988354295e-06, 1.19127446396e-06],
        "var": [0.0338072143495, 6.59648084641, 49.0224113464, 37.2983856201, 723.210876465, 246.379211426, 780.482971191, 177.147674561, 461.429382324, 897.682922363, 6104.29492188, 2851.68017578, 154.866424561, 1674.80493164, 1651.21130371, 1171.42175293, 132.481079102, 593.744995117, 1437.4041748, 2374.68164062, 2995.98535156, 2105.47851562, 3690.25512695, 1266.45703125, 627.700622559, 304.494018555, 243.170440674, 853.33795166, 489.489654541, 242.474243164, 136.120071411, 111.804969788, 52.3373260498, 28.583065033, 8.0028295517, 1.46655869484, 0.173869162798, 0.00111399637535, 3.61653860637e-07, 1.73397063374e-09]
    },
    "gfcc": {
        "mean": [60.4516868591, 50.462600708, -100.354248047, 47.8239059448, -61.9202690125, 21.596868515, -47.3449249268, 26.3995704651, -28.9976005554, 4.98522472382, -24.3906650543, 5.68455696106, -11.154841423],
        "cov": [[1232.22216797, -267.995849609, -165.073440552, -75.0143280029, -69.2432937622, -31.6296863556, 203.283279419, -17.3410224915, 34.6466217041, 24.1349372864, -82.8173675537, 113.838897705, -95.9923706055], [-267.995849609, 404.945129395, 75.7297363281, 15.5107812881, 93.8338699341, 86.2969436646, 19.2832374573, 31.3218784332, 23.2673931122, 36.7125167847, 58.4372215271, -52.6956939697, 49.2908935547], [-165.073440552, 75.7297363281, 470.362701416, 95.5101547241, 84.2947616577, 0.861896336079, -22.1303329468, 64.8786239624, 12.7277927399, 21.1758785248, 3.91449904442, 18.3609008789, -11.8158426285], [-75.0143280029, 15.5107812881, 95.5101547241, 330.546447754, 85.3232650757, -1.85300254822, -52.5647392273, 0.828171849251, 35.1644363403, 29.9216594696, 48.9065055847, 12.3687105179, 68.0930938721], [-69.2432937622, 93.8338699341, 84.2947616577, 85.3232650757, 255.431381226, 30.1061420441, -60.1513710022, 39.5927314758, 22.4958171844, 29.1772136688, 4.53073644638, 5.1536693573, 42.5000762939], [-31.6296863556, 86.2969436646, 0.861896336079, -1.85300254822, 30.1061420441, 161.09173584, 99.415763855, -18.3875141144, 10.5034160614, 36.8102531433, 23.8011283875, -28.1934680939, -3.18473625183], [203.283279419, 19.2832374573, -22.1303329468, -52.5647392273, -60.1513710022, 99.415763855, 215.635864258, 6.1674323082, 14.7666969299, 43.6939048767, 13.3217897415, 15.9964351654, -52.5264015198], [-17.3410224915, 31.3218784332, 64.8786239624, 0.828171849251, 39.5927314758, -18.3875141144, 6.1674323082, 135.21685791, 53.0497169495, -7.54795122147, 16.7031764984, 27.9383926392, 27.9310302734], [34.6466217041, 23.2673931122, 12.7277927399, 35.1644363403, 22.4958171844, 10.5034160614, 14.7666969299, 53.0497169495, 88.2786865234, 27.3718624115, 3.71129083633, 18.8999347687, 23.4303245544], [24.1349372864, 36.7125167847, 21.1758785248, 29.9216594696, 29.1772136688, 36.8102531433, 43.6939048767, -7.54795122147, 27.3718624115, 83.8186340332, 36.5973968506, 2.94459033012, -1.04944467545], [-82.8173675537, 58.4372215271, 3.91449904442, 48.9065055847, 4.53073644638, 23.8011283875, 13.3217897415, 16.7031764984, 3.71129083633, 36.5973968506, 87.7880859375, 10.02643013, 20.1963691711], [113.838897705, -52.6956939697, 18.3609008789, 12.3687105179, 5.1536693573, -28.1934680939, 15.9964351654, 27.9383926392, 18.8999347687, 2.94459033012, 10.02643013, 72.5265426636, 16.1381149292], [-95.9923706055, 49.2908935547, -11.8158426285, 68.0930938721, 42.5000762939, -3.18473625183, -52.5264015198, 27.9310302734, 23.4303245544, -1.04944467545, 20.1963691711, 16.1381149292, 87.8791275024]],
        "icov": [[0.00167230551597, 0.000270050601102, 0.000779546506237, -0.000420225318521, -0.000261241017142, 0.000516053871252, -0.00132353894878, -4.14049864048e-05, -0.000100750032288, -0.000814001599792, 0.00196989323013, -0.00257640262134, 0.00151031231508], [0.000270050601102, 0.00543374475092, -0.0016939380439, 0.00216846121475, -0.00284917769022, 0.00211592600681, -0.00417738268152, 0.00264459708706, -0.00320974551141, 0.00270148389973, -0.00528122065589, 0.00725233461708, -0.00577362626791], [0.000779546506237, -0.0016939380439, 0.00412266422063, -0.00247929408215, 0.00116063549649, -0.00243010954, 0.00286757480353, -0.00441392930225, 0.00337895820849, -0.00381441903301, 0.00484412489459, -0.00570544181392, 0.00573256332427], [-0.000420225318521, 0.00216846121475, -0.00247929408215, 0.00624909391627, -0.00288553908467, 0.00317207002081, -0.00298178708181, 0.00530266063288, -0.0050296750851, 0.0035364178475, -0.00678519206122, 0.00548455491662, -0.00687248911709], [-0.000261241017142, -0.00284917769022, 0.00116063549649, -0.00288553908467, 0.00884536094964, -0.00665790541098, 0.00780772604048, -0.00665492983535, 0.00549803348258, -0.00750024989247, 0.00740103982389, -0.0068724709563, 0.00397320650518], [0.000516053871252, 0.00211592600681, -0.00243010954, 0.00317207002081, -0.00665790541098, 0.0190114937723, -0.0146582862362, 0.0095387538895, -0.00743987085298, 0.00650148186833, -0.00866556912661, 0.0132486475632, -0.00967224314809], [-0.00132353894878, -0.00417738268152, 0.00286757480353, -0.00298178708181, 0.00780772604048, -0.0146582862362, 0.020449180156, -0.0100538218394, 0.00702025787905, -0.0104230381548, 0.00796731747687, -0.0135470535606, 0.0133648421615], [-4.14049864048e-05, 0.00264459708706, -0.00441392930225, 0.00530266063288, -0.00665492983535, 0.0095387538895, -0.0100538218394, 0.0214955769479, -0.0157097503543, 0.013867918402, -0.0131722958758, 0.00779621116817, -0.00955829489976], [-0.000100750032288, -0.00320974551141, 0.00337895820849, -0.0050296750851, 0.00549803348258, -0.00743987085298, 0.00702025787905, -0.0157097503543, 0.0270841177553, -0.016004011035, 0.0142310131341, -0.0100997984409, 0.00347432726994], [-0.000814001599792, 0.00270148389973, -0.00381441903301, 0.0035364178475, -0.00750024989247, 0.00650148186833, -0.0104230381548, 0.013867918402, -0.016004011035, 0.0300229657441, -0.01856877096, 0.0103491749614, -0.00543978717178], [0.00196989323013, -0.00528122065589, 0.00484412489459, -0.00678519206122, 0.00740103982389, -0.00866556912661, 0.00796731747687, -0.0131722958758, 0.0142310131341, -0.01856877096, 0.030777906999, -0.016572734341, 0.00803225394338], [-0.00257640262134, 0.00725233461708, -0.00570544181392, 0.00548455491662, -0.0068724709563, 0.0132486475632, -0.0135470535606, 0.00779621116817, -0.0100997984409, 0.0103491749614, -0.016572734341, 0.037968184799, -0.0190175715834], [0.00151031231508, -0.00577362626791, 0.00573256332427, -0.00687248911709, 0.00397320650518, -0.00967224314809, 0.0133648421615, -0.00955829489976, 0.00347432726994, -0.00543978717178, 0.00803225394338, -0.0190175715834, 0.0317726954818]]
    },
    "melbands": {
        "dmean": [0.00102367857471, 0.00170914269984, 0.000833203841466, 0.000600246479735, 0.000265896262135, 0.000102039186459, 6.34858515696e-05, 7.92188293417e-05, 0.000155424902914, 5.54082835151e-05, 1.83206830116e-05, 4.00441240345e-05, 2.12906561501e-05, 2.60679644271e-05, 1.3005575056e-05, 1.78740210686e-05, 1.63092299772e-05, 9.4671795523e-06, 1.31042424982e-05, 2.32555939874e-05, 2.95736717817e-05, 1.71558494912e-05, 1.61374682648e-05, 2.8273121643e-05, 1.20347358461e-05, 9.00064515008e-06, 6.6683123805e-06, 5.45924922335e-06, 4.04438060286e-06, 4.2712404138e-06, 6.16676243226e-06, 5.14810881214e-06, 4.59381180917e-06, 2.6242421427e-06, 2.14002238863e-06, 2.14747205973e-06, 2.50908487942e-06, 1.99509622689e-06, 1.99422902369e-06, 2.00634485736e-06],
        "dmean2": [0.00165640003979, 0.00283678341657, 0.00152406981215, 0.00107121409383, 0.000404867663747, 0.000155076020746, 9.84112630249e-05, 0.000120704069559, 0.000217928783968, 8.05278832559e-05, 2.61667682935e-05, 5.57522907911e-05, 3.01707241306e-05, 3.76555690309e-05, 1.88348330994e-05, 2.80835993181e-05, 2.60165943473e-05, 1.45571075336e-05, 1.98711841222e-05, 3.56477976311e-05, 4.84727788717e-05, 2.72486140602e-05, 2.63337860815e-05, 4.72384017485e-05, 2.0282335754e-05, 1.47630935317e-05, 1.07136447696e-05, 8.75944624568e-06, 6.65053630655e-06, 6.77243770042e-06, 1.00142497104e-05, 8.14272789285e-06, 7.32084026822e-06, 3.88879425373e-06, 3.22349796988e-06, 3.34361766363e-06, 4.03440435548e-06, 3.23858330376e-06, 3.25129121848e-06, 3.20043545798e-06],
        "dvar": [4.54230257674e-06, 1.0872607163e-05, 2.65476501227e-06, 4.15650038121e-06, 3.44542939956e-07, 5.41169917767e-08, 4.14780707558e-08, 6.5511954972e-08, 7.60387948162e-08, 3.664421655e-08, 1.17038123637e-09, 3.77205200408e-09, 4.65406513328e-09, 2.86152967988e-09, 2.88491286415e-10, 8.25357115986e-10, 7.73332564652e-10, 1.00402386405e-09, 5.23046328471e-10, 1.59199742278e-09, 2.34697350443e-09, 8.18433210092e-10, 6.57841947582e-10, 1.6086579846e-09, 2.63796984257e-10, 1.3400970611e-10, 1.02960501236e-10, 7.30047897135e-11, 4.88903952045e-11, 5.38780686732e-11, 9.30996876813e-11, 5.19693940659e-11, 7.14461753648e-11, 3.73011725674e-11, 2.77982983854e-11, 2.3159068413e-11, 2.67328936765e-11, 1.4895067818e-11, 9.15756272896e-12, 8.2075422847e-12],
        "dvar2": [1.14612885227e-05, 2.65869584837e-05, 7.73423471401e-06, 1.21044995467e-05, 8.36413789784e-07, 1.25985494037e-07, 8.5737930533e-08, 1.56186828804e-07, 1.6853388729e-07, 8.8263732323e-08, 2.36534281051e-09, 6.43625108765e-09, 1.00643759993e-08, 6.2843801274e-09, 5.83492476558e-10, 2.02419414563e-09, 1.97065386232e-09, 1.90411642009e-09, 1.06126418764e-09, 3.40420580613e-09, 6.0557945325e-09, 1.9229104975e-09, 1.58072344103e-09, 4.18551104886e-09, 6.63641752663e-10, 3.4002162197e-10, 2.38357056315e-10, 1.72576120061e-10, 1.05519253057e-10, 1.1990941573e-10, 2.32264305011e-10, 1.22706567129e-10, 1.70001041022e-10, 7.79139391893e-11, 5.99408578328e-11, 4.58491404565e-11, 5.86839396521e-11, 3.24648641303e-11, 2.20575415572e-11, 1.8364545995e-11],
        "max": [0.0173290744424, 0.0298108756542, 0.0152877960354, 0.0196041353047, 0.0140502965078, 0.00351574644446, 0.00489628640935, 0.00542447157204, 0.00587977049872, 0.00497159222141, 0.000703511817846, 0.00116705754772, 0.00176193309017, 0.00117686053272, 0.000305543188006, 0.000449754268629, 0.00045574264368, 0.0011278585298, 0.000550576776732, 0.000877778802533, 0.000816427054815, 0.00044339208398, 0.000366566586308, 0.000554488506168, 0.000232012956985, 0.000200735245016, 0.000136057627969, 0.000206628625165, 0.000154922134243, 0.000144474674016, 0.000171143707121, 9.88600295386e-05, 0.000202262250241, 0.000171187755768, 0.000149746498209, 0.000112262940092, 0.000115587150503, 7.38220478524e-05, 5.16948457516e-05, 4.50520601589e-05],
        "mean": [0.00180349627044, 0.00283822207712, 0.00100336538162, 0.000698435003869, 0.000651819515042, 0.000252061901847, 0.000136501257657, 0.000180648799869, 0.00053122616373, 0.000154603112605, 5.17530243087e-05, 0.000154126493726, 6.00098392169e-05, 6.73365866533e-05, 3.46511878888e-05, 3.64558509318e-05, 3.1943738577e-05, 1.83589309017e-05, 3.38727440976e-05, 6.51375084999e-05, 6.75641203998e-05, 3.80525161745e-05, 3.43878855347e-05, 6.74905313645e-05, 2.8400143492e-05, 1.99424212042e-05, 1.46271495396e-05, 1.30088810693e-05, 8.92481239134e-06, 1.04721229945e-05, 1.70340317709e-05, 1.49654970301e-05, 1.12984544103e-05, 6.28053840046e-06, 5.00911119161e-06, 4.83445910504e-06, 5.75542435399e-06, 4.89012290927e-06, 5.23804646946e-06, 4.96103439218e-06],
        "median": [0.000967266445514, 0.00205274461769, 0.000559091800824, 0.000263961992459, 0.000420398282586, 0.000163397096912, 5.99932427576e-05, 8.26627801871e-05, 0.000309445662424, 4.39300347352e-05, 2.70942982752e-05, 7.96823005658e-05, 1.39307976497e-05, 2.36217401834e-05, 2.20120946324e-05, 1.92400293599e-05, 1.6510281057e-05, 8.1617899923e-06, 2.08802084671e-05, 3.44480104104e-05, 4.01414654334e-05, 2.05113883567e-05, 1.80301794899e-05, 4.31792796007e-05, 1.91574945347e-05, 1.39577468872e-05, 9.820336345e-06, 8.63758577907e-06, 6.28218913334e-06, 6.42382383376e-06, 1.14413724077e-05, 1.19282776723e-05, 9.01178646018e-06, 4.60007458969e-06, 2.8016925171e-06, 3.18012826028e-06, 4.07115612688e-06, 3.69897907149e-06, 3.35826644005e-06, 3.17829540109e-06],
        "min": [6.50020638204e-07, 2.437103376e-06, 5.3872290664e-06, 4.93042898597e-06, 6.74668171996e-06, 8.82591791651e-07, 3.91679520817e-07, 3.91184642012e-07, 1.51810183979e-07, 2.33214265677e-07, 2.93979269372e-07, 2.39070061525e-07, 1.2021185114e-07, 1.33875431629e-07, 5.77031649129e-08, 5.07802511152e-08, 9.0583085921e-08, 9.53373060497e-08, 1.71428666818e-07, 2.56379962593e-07, 5.12222698035e-07, 1.95260511759e-07, 8.77270949218e-08, 4.18732128082e-07, 3.26196129663e-07, 2.33880030009e-07, 1.33484661546e-07, 1.04725430106e-07, 8.66818936629e-08, 1.62325875408e-07, 1.70510237041e-08, 6.03156351531e-08, 6.08008789982e-08, 1.01826387322e-08, 1.38737476618e-07, 1.30177213009e-07, 1.20079022281e-07, 2.00565494879e-07, 1.00658596125e-07, 8.25570154461e-08],
