{
"highlevel": {
    "danceability": {
        "all": {
            "danceable": 0.998997271061,
            "not_danceable": 0.00100271659903
        },
        "probability": 0.998997271061,
        "value": "danceable"
    },
    "gender": {
        "all": {
            "female": 0.118447363377,
            "male": 0.881552636623
        },
        "probability": 0.881552636623,
        "value": "male"
    },
    "genre_dortmund": {
        "all": {
            "alternative": 0.0761266499758,
            "blues": 0.0440927445889,
            "electronic": 0.0837517827749,
            "folkcountry": 0.0467860363424,
            "funksoulrnb": 0.0178113132715,
            "jazz": 0.0440121814609,
            "pop": 0.0381553433836,
            "raphiphop": 0.559294939041,
            "rock": 0.0899689942598
        },
        "probability": 0.559294939041,
        "value": "raphiphop"
    },
    "genre_electronic": {
        "all": {
            "ambient": 0.160800054669,
            "dnb": 0.139077782631,
            "house": 0.256604790688,
            "techno": 0.0408244766295,
            "trance": 0.402692914009
        },
        "probability": 0.402692914009,
        "value": "trance"
    },
    "genre_rosamerica": {
        "all": {
            "cla": 0.00835504289716,
            "dan": 0.492204248905,
            "hip": 0.242838069797,
            "jaz": 0.00905490387231,
            "pop": 0.115431241691,
            "rhy": 0.0639652833343,
            "roc": 0.0457429252565,
            "spe": 0.0224082861096
        },
        "probability": 0.492204248905,
        "value": "dan"
    },
    "genre_tzanetakis": {
        "all": {
            "blu": 0.0626613423228,
            "cla": 0.0348169617355,
            "cou": 0.104475811124,
            "dis": 0.0784321576357,
            "hip": 0.15692435205,
            "jaz": 0.313974827528,
            "met": 0.0448166541755,
            "pop": 0.0627359300852,
            "reg": 0.0627360641956,
            "roc": 0.0784258767962
        },
        "probability": 0.313974827528,
        "value": "jaz"
    },
    "ismir04_rhythm": {
        "all": {
            "ChaChaCha": 0.431151539087,
            "Jive": 0.0386832728982,
            "Quickstep": 0.00903237704188,
            "Rumba-American": 0.00661105010659,
            "Rumba-International": 0.0187418218702,
            "Rumba-Misc": 0.00927081052214,
            "Samba": 0.44626313448,
            "Tango": 0.0115219969302,
            "VienneseWaltz": 0.0269561633468,
            "Waltz": 0.00176784791984
        },
        "probability": 0.44626313448,
        "value": "Samba"
    },
    "mood_acoustic": {
        "all": {
            "acoustic": 0.210325524211,
            "not_acoustic": 0.789674460888
        },
        "probability": 0.789674460888,
        "value": "not_acoustic"
    },
    "mood_aggressive": {
        "all": {
            "aggressive": 0.39827132225,
            "not_aggressive": 0.60172867775
        },
        "probability": 0.60172867775,
        "value": "not_aggressive"
    },
    "mood_electronic": {
        "all": {
            "electronic": 0.821462988853,
            "not_electronic": 0.178537040949
        },
        "probability": 0.821462988853,
        "value": "electronic"
    },
    "mood_happy": {
        "all": {
            "happy": 0.652786910534,
            "not_happy": 0.347213089466
        },
        "probability": 0.652786910534,
        "value": "happy"
    },
    "mood_party": {
        "all": {
            "not_party": 0.5,
            "party": 0.5
        },
        "probability": 0.5,
        "value": "not_party"
    },
    "mood_relaxed": {
        "all": {
            "not_relaxed": 0.938689649105,
            "relaxed": 0.0613103583455
        },
        "probability": 0.938689649105,
        "value": "not_relaxed"
    },
    "mood_sad": {
        "all": {
            "not_sad": 0.722804903984,
            "sad": 0.277195096016
        },
        "probability": 0.722804903984,
        "value": "not_sad"
    },
    "moods_mirex": {
        "all": {
            "Cluster1": 0.221987828612,
            "Cluster2": 0.111065112054,
            "Cluster3": 0.102028012276,
            "Cluster4": 0.254806429148,
            "Cluster5": 0.31011262536
        },
        "probability": 0.31011262536,
        "value": "Cluster5"
    },
    "timbre": {
        "all": {
            "bright": 0.414851397276,
            "dark": 0.585148632526
        },
        "probability": 0.585148632526,
        "value": "dark"
    },
    "tonal_atonal": {
        "all": {
            "atonal": 0.810150682926,
            "tonal": 0.189849302173
        },
        "probability": 0.810150682926,
        "value": "atonal"
    },
    "voice_instrumental": {
        "all": {
            "instrumental": 0.00616570468992,
            "voice": 0.99383431673
        },
        "probability": 0.99383431673,
        "value": "voice"
    }
},
"lowlevel": {
    "average_loudness": 0.982071459293,
    "barkbands_crest": {
        "dmean": 3.89886641502,
        "dmean2": 6.63336324692,
        "dvar": 10.005022049,
        "dvar2": 25.7645835876,
        "max": 25.1243610382,
        "mean": 12.5956172943,
        "median": 11.9783697128,
        "min": 3.31637692451,
        "var": 25.9738368988
    },
    "barkbands_flatness_db": {
        "dmean": 0.0359085947275,
        "dmean2": 0.0591335333884,
        "dvar": 0.0010751017835,
        "dvar2": 0.00273321336135,
        "max": 0.356461673975,
        "mean": 0.173125132918,
        "median": 0.166383191943,
        "min": 0.0577832385898,
        "var": 0.0029443630483
    },
    "barkbands_kurtosis": {
        "dmean": 8.54127979279,
        "dmean2": 14.9037208557,
        "dvar": 229.54208374,
        "dvar2": 635.026794434,
        "max": 210.103881836,
        "mean": 9.23347568512,
        "median": 3.99667406082,
        "min": -1.82369279861,
        "var": 259.510162354
    },
    "barkbands_skewness": {
        "dmean": 1.04610276222,
        "dmean2": 1.71670114994,
        "dvar": 1.33341240883,
        "dvar2": 3.45620250702,
        "max": 12.5798950195,
        "mean": 2.27583289146,
        "median": 1.85903656483,
        "min": -0.939837694168,
        "var": 2.78586888313
    },
    "barkbands_spread": {
        "dmean": 8.74297237396,
        "dmean2": 13.6398096085,
        "dvar": 121.844062805,
        "dvar2": 240.558288574,
        "max": 104.652915955,
        "mean": 21.3108119965,
        "median": 15.8251905441,
        "min": 0.901606500149,
        "var": 341.113189697
    },
    "dissonance": {
        "dmean": 0.0229913890362,
        "dmean2": 0.0381143465638,
        "dvar": 0.00039112061495,
        "dvar2": 0.00100911012851,
        "max": 0.499261468649,
        "mean": 0.454831659794,
        "median": 0.459722429514,
        "min": 0.344125390053,
        "var": 0.000794340157881
    },
    "dynamic_complexity": 2.15922427177,
    "erbbands_crest": {
        "dmean": 3.45189595222,
        "dmean2": 5.5840177536,
        "dvar": 10.1781435013,
        "dvar2": 25.6185379028,
        "max": 29.2286396027,
        "mean": 9.73999118805,
        "median": 8.69651699066,
        "min": 2.58212375641,
        "var": 23.4565868378
    },
    "erbbands_flatness_db": {
        "dmean": 0.0225518122315,
        "dmean2": 0.0333754643798,
        "dvar": 0.000469369377242,
        "dvar2": 0.000918621604796,
        "max": 0.339499145746,
        "mean": 0.148601055145,
        "median": 0.148405045271,
        "min": 0.0519088953733,
        "var": 0.00157433666755
    },
    "erbbands_kurtosis": {
        "dmean": 1.0478361845,
        "dmean2": 1.64433550835,
        "dvar": 1.97517263889,
        "dvar2": 4.45268201828,
        "max": 15.3283138275,
        "mean": 0.316837370396,
        "median": -0.157299280167,
        "min": -1.73236751556,
        "var": 4.08624696732
    },
    "erbbands_skewness": {
        "dmean": 0.438386648893,
        "dmean2": 0.667731404305,
        "dvar": 0.148708969355,
        "dvar2": 0.347742259502,
        "max": 3.60414791107,
        "mean": 0.441975474358,
        "median": 0.388880968094,
        "min": -2.01288509369,
        "var": 0.523161947727
    },
    "erbbands_spread": {
        "dmean": 13.5842504501,
        "dmean2": 20.3267307281,
        "dvar": 234.569656372,
        "dvar2": 470.022857666,
        "max": 158.480926514,
        "mean": 47.0488853455,
        "median": 41.3452186584,
        "min": 5.53243017197,
        "var": 675.711730957
    },
    "hfc": {
        "dmean": 7.82686948776,
        "dmean2": 11.087266922,
        "dvar": 83.1590652466,
        "dvar2": 162.58203125,
        "max": 93.006439209,
        "mean": 24.4304103851,
        "median": 24.2257900238,
        "min": 1.11296236515,
        "var": 240.923095703
    },
    "melbands_crest": {
        "dmean": 5.07113552094,
        "dmean2": 8.59429550171,
        "dvar": 18.5004558563,
        "dvar2": 44.2437095642,
        "max": 35.3368759155,
        "mean": 18.3928279877,
        "median": 17.8088111877,
        "min": 4.08523321152,
        "var": 48.7066574097
    },
    "melbands_flatness_db": {
        "dmean": 0.0431259870529,
        "dmean2": 0.0684475004673,
        "dvar": 0.00149688951205,
        "dvar2": 0.00327916070819,
        "max": 0.460729151964,
        "mean": 0.238076448441,
        "median": 0.231639921665,
        "min": 0.046739500016,
        "var": 0.00511480588466
    },
    "melbands_kurtosis": {
        "dmean": 23.9209861755,
        "dmean2": 41.589553833,
        "dvar": 1961.90551758,
        "dvar2": 5468.98583984,
        "max": 378.104064941,
        "mean": 28.4688339233,
        "median": 12.69576931,
        "min": -1.45674681664,
        "var": 2030.3416748
    },
    "melbands_skewness": {
        "dmean": 1.56265068054,
        "dmean2": 2.55221390724,
        "dvar": 3.50316858292,
        "dvar2": 8.88182830811,
        "max": 16.6717853546,
        "mean": 3.72235631943,
        "median": 3.10310506821,
        "min": -0.403459876776,
        "var": 6.78221225739
    },
    "melbands_spread": {
        "dmean": 7.96559286118,
        "dmean2": 12.147195816,
        "dvar": 108.932395935,
        "dvar2": 209.332809448,
        "max": 153.818969727,
        "mean": 18.0806808472,
        "median": 14.0933265686,
        "min": 0.678116381168,
        "var": 285.966125488
    },
    "pitch_salience": {
        "dmean": 0.103579580784,
        "dmean2": 0.173462748528,
        "dvar": 0.0086821783334,
        "dvar2": 0.0221720319241,
        "max": 0.784358620644,
        "mean": 0.471710652113,
        "median": 0.484887570143,
        "min": 0.0962015241385,
        "var": 0.0210410114378
    },
    "silence_rate_20dB": {
        "dmean": 0,
        "dmean2": 0,
        "dvar": 0,
        "dvar2": 0,
        "max": 1,
        "mean": 1,
        "median": 1,
        "min": 1,
        "var": 0
    },
    "silence_rate_30dB": {
        "dmean": 0.12074303627,
        "dmean2": 0.241673126817,
        "dvar": 0.106164477766,
        "dvar2": 0.203407838941,
        "max": 1,
        "mean": 0.782675921917,
        "median": 1,
        "min": 0,
        "var": 0.170091956854
    },
    "silence_rate_60dB": {
        "dmean": 0.00773993786424,
        "dmean2": 0.0154918665066,
        "dvar": 0.00768015533686,
        "dvar2": 0.0198996569961,
        "max": 1,
        "mean": 0.00541376648471,
        "median": 0,
        "min": 0,
        "var": 0.00538430549204
    },
    "spectral_centroid": {
        "dmean": 315.219848633,
        "dmean2": 467.367492676,
        "dvar": 104741.984375,
        "dvar2": 219011.9375,
        "max": 3778.18701172,
        "mean": 1154.64428711,
        "median": 1023.43218994,
        "min": 226.801467896,
        "var": 309059.90625
    },
    "spectral_complexity": {
        "dmean": 4.01935005188,
        "dmean2": 6.20526742935,
        "dvar": 19.2217750549,
        "dvar2": 40.1010932922,
        "max": 45,
        "mean": 17.2954368591,
        "median": 16,
        "min": 5,
        "var": 45.9111671448
    },
    "spectral_decrease": {
        "dmean": 8.44487946239e-09,
        "dmean2": 1.46246268429e-08,
        "dvar": 1.22592044603e-16,
        "dvar2": 3.38728634426e-16,
        "max": -4.48209136472e-10,
        "mean": -1.48679140111e-08,
        "median": -9.48866674122e-09,
        "min": -7.21974657836e-08,
        "var": 1.91277787477e-16
    },
    "spectral_energy": {
        "dmean": 0.0322565957904,
        "dmean2": 0.0557107552886,
        "dvar": 0.00176866794936,
        "dvar2": 0.00487908301875,
        "max": 0.275960117579,
        "mean": 0.0583308935165,
        "median": 0.0383976884186,
        "min": 0.00181410298683,
        "var": 0.00278452364728
    },
    "spectral_energyband_high": {
        "dmean": 0.000482167291921,
        "dmean2": 0.000663003651425,
        "dvar": 6.21068522833e-07,
        "dvar2": 1.13515466182e-06,
        "max": 0.00809367466718,
        "mean": 0.000995718524791,
        "median": 0.000423381832661,
        "min": 4.31634498455e-06,
        "var": 2.02191426979e-06
    },
    "spectral_energyband_low": {
        "dmean": 0.0299868602306,
        "dmean2": 0.0537604950368,
        "dvar": 0.00189020368271,
        "dvar2": 0.00535379396752,
        "max": 0.267916291952,
        "mean": 0.0383532568812,
        "median": 0.0134461680427,
        "min": 5.99736667937e-05,
        "var": 0.00252723158337
    },
    "spectral_energyband_middle_high": {
        "dmean": 0.00217957282439,
        "dmean2": 0.00320172659121,
        "dvar": 9.77569925453e-06,
        "dvar2": 2.0827190383e-05,
        "max": 0.038084693253,
        "mean": 0.00489165121689,
        "median": 0.00323195708916,
        "min": 0.000347660126863,
        "var": 2.43981703534e-05
    },
    "spectral_energyband_middle_low": {
        "dmean": 0.00666177971289,
        "dmean2": 0.00998147111386,
        "dvar": 6.35094402242e-05,
        "dvar2": 0.000149376777699,
        "max": 0.0753499045968,
        "mean": 0.0152054205537,
        "median": 0.0121954204515,
        "min": 0.000544848677237,
        "var": 0.000164437064086
    },
    "spectral_entropy": {
        "dmean": 0.208709970117,
        "dmean2": 0.303496658802,
        "dvar": 0.0376690886915,
        "dvar2": 0.0753534734249,
        "max": 8.66784477234,
        "mean": 7.53433132172,
        "median": 7.45247173309,
        "min": 6.57692718506,
        "var": 0.166844457388
    },
    "spectral_flux": {
        "dmean": 0.0531978681684,
        "dmean2": 0.0867199897766,
        "dvar": 0.00346002564766,
        "dvar2": 0.00731264101341,
        "max": 0.437290728092,
        "mean": 0.14111430943,
        "median": 0.118538141251,
        "min": 0.0179447811097,
        "var": 0.00682212412357
    },
    "spectral_kurtosis": {
        "dmean": 1.74540305138,
        "dmean2": 2.83025693893,
        "dvar": 3.59167790413,
        "dvar2": 9.03748703003,
        "max": 22.1854286194,
        "mean": 4.02773475647,
        "median": 4.05544376373,
        "min": -1.32982230186,
        "var": 8.05418968201
    },
    "spectral_rms": {
        "dmean": 0.0018851874629,
        "dmean2": 0.00309657724574,
        "dvar": 4.17996761826e-06,
        "dvar2": 1.00483266579e-05,
        "max": 0.0164082106203,
        "mean": 0.00685545662418,
        "median": 0.00612055230886,
        "min": 0.00133035960607,
        "var": 9.91094930214e-06
    },
    "spectral_rolloff": {
        "dmean": 697.530639648,
        "dmean2": 1176.48632812,
        "dvar": 2119358.25,
        "dvar2": 4335452.5,
        "max": 10012.9394531,
        "mean": 1247.45959473,
        "median": 602.9296875,
        "min": 64.599609375,
        "var": 3875446.75
    },
    "spectral_skewness": {
        "dmean": 0.260955989361,
        "dmean2": 0.400621712208,
        "dvar": 0.0560827031732,
        "dvar2": 0.124064743519,
        "max": 3.00352478027,
        "mean": 1.54767596722,
        "median": 1.59612321854,
        "min": 0.049089871347,
        "var": 0.208319202065
    },
    "spectral_spread": {
        "dmean": 951898.0625,
        "dmean2": 1341561,
        "dvar": 1.43157598618e+12,
        "dvar2": 2.47553196032e+12,
        "max": 14405296,
        "mean": 5190533,
        "median": 4390733.5,
        "min": 1949065.625,
        "var": 5.70115489792e+12
    },
    "spectral_strongpeak": {
        "dmean": 0.538250923157,
        "dmean2": 0.880574941635,
        "dvar": 0.498628258705,
        "dvar2": 1.1383510828,
        "max": 5.43663930893,
        "mean": 0.857736706734,
        "median": 0.478084474802,
        "min": 0,
        "var": 0.928373634815
    },
    "zerocrossingrate": {
        "dmean": 0.0145970396698,
        "dmean2": 0.0158564709127,
        "dvar": 0.000350931892172,
        "dvar2": 0.000368350010831,
        "max": 0.3173828125,
        "mean": 0.0528593733907,
        "median": 0.03955078125,
        "min": 0.0029296875,
        "var": 0.00201086397283
    },
    "barkbands": {
        "dmean": [0.00186049658805, 0.0209228377789, 0.0114499256015, 0.00181105802767, 0.00281520886347, 0.000660721620079, 0.0024790847674, 0.00166681839619, 0.00113232817966, 0.000738184142392, 0.000619862868916, 0.00029829502455, 0.000308440095978, 0.000307364272885, 0.000325397675624, 0.000216963046114, 0.000272944394965, 0.000246950425208, 0.000168473517988, 0.000128882296849, 4.77284193039e-05, 8.36336621433e-05, 0.000115417911729, 0.000163028380484, 0.000128622865304, 3.12207957904e-05, 4.05725808506e-09],
        "dmean2": [0.0028430048842, 0.0367821641266, 0.0200726334006, 0.00314143602736, 0.00428254483268, 0.00105321104638, 0.00363112450577, 0.00272579304874, 0.00178743281867, 0.00110634008888, 0.000980080803856, 0.000499863293953, 0.000499291811138, 0.000486968143377, 0.000519816414453, 0.000340231141308, 0.000429696490755, 0.00039147134521, 0.000268114235951, 0.000191805374925, 7.41029289202e-05, 0.000123407924548, 0.000168562241015, 0.000238965454628, 0.000184483928024, 4.8740505008e-05, 6.35250430037e-09],
        "dvar": [9.78694060905e-06, 0.000911146518774, 0.000754162378144, 1.50962996486e-05, 1.77499150595e-05, 1.90889591067e-06, 2.80423300865e-05, 1.89780785149e-05, 6.18339799985e-06, 2.43625413532e-06, 2.20316474042e-06, 4.18724567908e-07, 7.77767638738e-07, 6.43290093194e-07, 6.20446883204e-07, 1.80854698328e-07, 2.83991539618e-07, 1.60663347515e-07, 1.21185053104e-07, 5.0604690216e-08, 8.54334381017e-09, 1.91162339291e-08, 5.13117264234e-08, 8.769406179e-08, 6.79707952145e-08, 5.36394928474e-09, 1.64197114479e-15],
        "dvar2": [2.34528888541e-05, 0.00250943307765, 0.00200391048566, 4.12653243984e-05, 3.82347534469e-05, 4.24035715696e-06, 5.55514125153e-05, 4.72404135508e-05, 1.52835582412e-05, 4.68424195788e-06, 4.96495476909e-06, 1.06351092199e-06, 2.02092292056e-06, 1.37364645525e-06, 1.44297860061e-06, 4.22314883508e-07, 6.95995765909e-07, 3.80958226742e-07, 3.2473178635e-07, 1.04683522295e-07, 1.81084143236e-08, 4.115837271e-08, 1.03291164066e-07, 1.78687884045e-07, 1.23905778082e-07, 1.29670354454e-08, 1.67416739651e-15],
        "max": [0.0245710536838, 0.208371728659, 0.174454301596, 0.053981281817, 0.0391787849367, 0.0230643171817, 0.0599035099149, 0.0472261942923, 0.0332802757621, 0.0252675954252, 0.0233706347644, 0.010578148067, 0.0136783672497, 0.01125719212, 0.00939604640007, 0.00441678380594, 0.00585334701464, 0.00446128612384, 0.00427114637569, 0.00254707015119, 0.00168372574262, 0.00202329573222, 0.00302903377451, 0.00381277152337, 0.0032664986793, 0.00104933290277, 1.35483549002e-06],
        "mean": [0.00216383556835, 0.0262091327459, 0.0090454891324, 0.00196779123507, 0.00467076525092, 0.00103700975887, 0.00379302236252, 0.00188455590978, 0.00153284182306, 0.00113070826046, 0.000798212655354, 0.000399444135837, 0.000360541569535, 0.000420827651396, 0.000418876908952, 0.000328080641339, 0.000387127598515, 0.000392506510252, 0.000253780890489, 0.000209826001083, 7.49972095946e-05, 0.000139826297527, 0.000202615614398, 0.000279000407318, 0.000192081890418, 3.79734992748e-05, 3.40098149643e-09],
        "median": [0.000699618540239, 0.00886970944703, 0.00134373363107, 0.000815639679786, 0.00229265983216, 0.000524746370502, 0.00065142463427, 0.000366735155694, 0.000470609054901, 0.000465894991066, 0.000289507879643, 0.000195192202227, 0.000115297232696, 9.70005203271e-05, 9.95906375465e-05, 0.000105332183011, 0.000127101040562, 0.000144466379425, 0.00012425580644, 7.9066863691e-05, 3.52068054781e-05, 5.74418227188e-05, 6.0368591221e-05, 8.09922130429e-05, 3.3670978155e-05, 7.71935083321e-06, 6.51076415004e-10],
        "min": [1.98013503905e-06, 1.17636500363e-05, 6.98220446793e-06, 3.37439928444e-06, 3.00951687677e-05, 1.08282793008e-05, 9.87026760413e-06, 5.51547509531e-06, 8.13289807411e-06, 2.18254590436e-05, 7.96174299467e-06, 9.68503172771e-06, 6.78046581015e-06, 5.62348941457e-06, 5.1969532251e-06, 8.58878775034e-06, 5.68014047531e-06, 6.12544135947e-06, 5.48733987671e-06, 3.00310944112e-06, 8.32909677229e-07, 1.94485622274e-07, 7.12350711751e-08, 9.25557319675e-09, 8.7730387191e-12, 1.38442477968e-11, 1.59645335146e-11],
        "var": [1.26435052152e-05, 0.00130146788433, 0.00055396638345, 1.41619329952e-05, 3.9802849642e-05, 3.508756663e-06, 6.68282664265e-05, 2.17264769162e-05, 8.33049307403e-06, 5.79435936743e-06, 2.96667667499e-06, 5.2715830634e-07, 7.40455448067e-07, 1.05634001102e-06, 9.58414148045e-07, 3.71703464452e-07, 3.98222454123e-07, 3.12471286179e-07, 1.36519972216e-07, 1.27308808828e-07, 1.77603247664e-08, 4.560340372e-08, 1.29967261842e-07, 2.55331059407e-07, 1.60742530397e-07, 8.39927682961e-09, 1.64012186011e-15]
    },
    "erbbands": {
        "dmean": [0.780574560165, 4.42578649521, 13.0191717148, 7.9861125946, 6.82202959061, 12.082444191, 7.587870121, 6.15548801422, 19.9619827271, 51.8399353027, 25.6168632507, 24.541179657, 23.9161148071, 23.2190685272, 19.9826164246, 11.6346073151, 13.816906929, 12.9364376068, 17.4445819855, 13.4020910263, 11.8318843842, 14.2740879059, 14.8816299438, 7.48061561584, 9.11880111694, 5.47274780273, 2.33664298058, 1.92076206207, 2.90539240837, 3.36815810204, 3.37636780739, 3.11509251595, 3.06334161758, 1.81299209595, 0.727692723274, 0.226754978299, 0.0407876335084, 0.00258018542081, 6.38139317743e-05, 3.6480203562e-05],
        "dmean2": [1.32617807388, 7.86647033691, 22.801618576, 13.6278686523, 11.0358448029, 18.4162807465, 11.788819313, 9.67046356201, 28.9978733063, 77.7563018799, 42.5866661072, 38.5929832458, 35.7493400574, 36.1801071167, 30.8604183197, 19.1047477722, 22.1641902924, 20.4369773865, 26.6349372864, 21.3279743195, 18.0618438721, 22.3812599182, 23.1574687958, 12.07563591, 14.1077136993, 8.06553936005, 3.60130190849, 2.9610657692, 4.31293773651, 5.0543255806, 5.05356931686, 4.71025276184, 4.46328353882, 2.56263041496, 1.0834877491, 0.34907990694, 0.0664785131812, 0.00435460265726, 0.000103087360912, 6.1474442191e-05],
        "dvar": [1.2894141674, 47.8418502808, 936.886108398, 283.78527832, 141.301574707, 439.356994629, 210.846603394, 238.359329224, 2034.36706543, 13454.2402344, 4715.33398438, 3718.62109375, 2152.61425781, 2043.07446289, 3222.52880859, 765.748840332, 1643.42895508, 1037.99194336, 2032.89453125, 795.399353027, 470.932861328, 704.785827637, 565.75012207, 313.514953613, 254.740158081, 109.850524902, 20.3373908997, 13.5933656693, 25.2374515533, 36.2011260986, 45.254234314, 32.8641624451, 36.5167350769, 13.9896564484, 2.37732505798, 0.271810859442, 0.0103892190382, 6.63602768327e-05, 2.36337580617e-08, 2.00093075442e-09],
        "dvar2": [3.48461771011, 127.735466003, 2537.75561523, 750.32598877, 348.784393311, 938.419372559, 516.561706543, 522.838439941, 3789.92480469, 28419.9746094, 12478.0654297, 9246.58691406, 4364.17529297, 4237.93359375, 7245.96289062, 1966.78198242, 4277.13232422, 2368.76977539, 4392.90966797, 2029.98950195, 1059.92810059, 1734.43188477, 1325.67114258, 861.662780762, 633.267944336, 227.047561646, 44.511013031, 28.5336914062, 54.4992675781, 80.7870559692, 93.6897735596, 70.3776702881, 73.8556289673, 23.6615066528, 5.19534254074, 0.624080955982, 0.0257444586605, 0.000174202490598, 5.98704872345e-08, 5.52863577141e-09],
        "max": [7.08010578156, 46.4333229065, 201.062545776, 148.449981689, 154.911437988, 219.245956421, 214.84765625, 289.825378418, 972.307312012, 1352.22412109, 815.941833496, 961.237548828, 689.124572754, 840.59552002, 980.885437012, 508.595428467, 670.674499512, 590.338562012, 526.151733398, 274.288085938, 256.516418457, 319.120635986, 232.222091675, 222.596084595, 199.340652466, 127.555770874, 82.0856552124, 59.2380409241, 73.6226806641, 76.5845413208, 85.4959564209, 92.4927902222, 79.0115814209, 54.5721588135, 14.7482872009, 7.39622926712, 1.5406922102, 0.140216723084, 0.00249017821625, 0.000316549732815],
        "mean": [0.99082416296, 4.95135879517, 10.9506206512, 7.84397888184, 9.25034427643, 19.3546905518, 11.4105463028, 10.0665245056, 33.8755226135, 73.2100219727, 31.2095565796, 33.7429046631, 36.4821548462, 37.3493080139, 26.4946231842, 16.1511669159, 17.0145931244, 18.1051025391, 25.6086673737, 18.518529892, 18.9865036011, 22.7249031067, 24.5784454346, 11.7821569443, 14.8029432297, 9.23376083374, 3.73372173309, 3.05327987671, 4.75985908508, 5.60218143463, 5.88989257812, 5.16747331619, 5.02190971375, 2.82827782631, 0.993745684624, 0.295531839132, 0.0464815534651, 0.00255258311518, 9.90450353129e-05, 7.33719498385e-05],
        "median": [0.369425922632, 1.51781988144, 1.81267309189, 2.89602398872, 4.78294038773, 7.11294841766, 5.92048168182, 4.67239713669, 7.81404447556, 11.7074232101, 10.7771291733, 10.9048957825, 14.8948602676, 19.8661365509, 10.9309177399, 7.84299230576, 5.74209737778, 5.22218322754, 5.37437677383, 5.68021583557, 6.49354219437, 8.28305435181, 9.6104631424, 6.69168663025, 6.83377504349, 3.86952567101, 1.93655920029, 1.27316784859, 1.88438463211, 2.03256821632, 1.66743505001, 1.65547716618, 1.19511759281, 0.501983225346, 0.150577783585, 0.0592137537897, 0.0106370598078, 0.000520671892446, 5.35696199222e-05, 5.42776979273e-05],
        "min": [0.000281155778794, 0.00288111786358, 0.0104166092351, 0.037268511951, 0.0759601071477, 0.150362998247, 0.187950626016, 0.173831760883, 0.191617056727, 0.205553755164, 0.433497160673, 0.416148483753, 0.82182019949, 0.924826800823, 1.04824244976, 0.671218574047, 0.39601200819, 0.412481993437, 0.37924900651, 0.525037944317, 0.48311945796, 0.434795498848, 0.392348498106, 0.22002568841, 0.340220421553, 0.0995079874992, 0.0709611549973, 0.0253017544746, 0.0102547910064, 0.00973859243095, 0.00276150205173, 0.000740122399293, 0.000100351615401, 8.53484380059e-06, 2.77343974631e-06, 1.58091802405e-06, 9.05003275875e-07, 2.46692849259e-07, 1.11291899429e-06, 2.20057881961e-06],
        "var": [1.97099471092, 57.50573349, 708.715637207, 239.610626221, 179.715789795, 979.185913086, 296.955749512, 431.851348877, 6806.47705078, 25481.2285156, 4571.67626953, 5066.55126953, 4495.87841797, 4013.79223633, 4131.6953125, 973.449035645, 1632.02355957, 1455.01501465, 3767.2277832, 1172.61364746, 1054.9362793, 1078.33703613, 1139.78430176, 298.908233643, 408.462921143, 242.217254639, 33.9405975342, 31.0538043976, 56.9903373718, 82.3082885742, 112.353439331, 78.0949249268, 110.185966492, 38.0986938477, 4.19365978241, 0.464358210564, 0.0132505632937, 5.7849996665e-05, 2.62461288258e-08, 3.36200867146e-09]
    },
    "gfcc": {
        "mean": [16.3607292175, 105.070571899, -105.378204346, 40.8426094055, -58.7810745239, 26.0930271149, -35.203578949, 23.4435253143, -17.4952087402, -3.16122555733, -7.66673994064, -0.114854723215, -5.08384656906],
        "cov": [[2547.00878906, -1071.54504395, 379.27645874, 142.241210938, -185.47505188, 182.05897522, -371.883453369, 275.786407471, -84.5122833252, 201.768920898, -126.144226074, 76.7800140381, -272.039001465], [-1071.54504395, 1303.69238281, -502.469818115, -18.9811248779, 360.033050537, -308.484832764, 320.002288818, -167.857192993, 186.945556641, -157.885421753, 193.422363281, -133.977355957, 124.305534363], [379.27645874, -502.469818115, 700.672607422, 106.818656921, -72.4735412598, 256.701782227, -93.6884841919, 94.1163330078, -97.4179534912, 80.8453369141, -73.7730712891, 88.6260757446, -34.6442489624], [142.241210938, -18.9811248779, 106.818656921, 300.305084229, 51.1062927246, 28.1325092316, 8.34869384766, -38.4620056152, 67.2730407715, -32.3464393616, 24.2472858429, -16.5366649628, 23.7055225372], [-185.47505188, 360.033050537, -72.4735412598, 51.1062927246, 342.089202881, -38.9963493347, 117.862533569, -24.9480667114, 63.1929664612, -16.3264694214, 6.27012872696, -38.9181404114, 33.7265510559], [182.05897522, -308.484832764, 256.701782227, 28.1325092316, -38.9963493347, 299.901519775, 1.21657836437, 46.4090080261, -21.9726409912, 41.3970565796, -31.0103130341, -5.7641453743, 21.506357193], [-371.883453369, 320.002288818, -93.6884841919, 8.34869384766, 117.862533569, 1.21657836437, 253.717956543, -19.9405498505, 69.5595092773, -25.9805984497, 55.061882019, -16.5901737213, 58.7411880493], [275.786407471, -167.857192993, 94.1163330078, -38.4620056152, -24.9480667114, 46.4090080261, -19.9405498505, 166.917434692, 13.3976831436, 56.44480896, 10.4192743301, 25.2919921875, -22.3265323639], [-84.5122833252, 186.945556641, -97.4179534912, 67.2730407715, 63.1929664612, -21.9726409912, 69.5595092773, 13.3976831436, 200.579956055, -2.9711227417, 65.7881698608, -34.4593849182, 31.3677196503], [201.768920898, -157.885421753, 80.8453369141, -32.3464393616, -16.3264694214, 41.3970565796, -25.9805984497, 56.44480896, -2.9711227417, 118.445915222, -5.55270719528, 12.3846817017, -39.4902076721], [-126.144226074, 193.422363281, -73.7730712891, 24.2472858429, 6.27012872696, -31.0103130341, 55.061882019, 10.4192743301, 65.7881698608, -5.55270719528, 160.967300415, -5.58625984192, 22.2201766968], [76.7800140381, -133.977355957, 88.6260757446, -16.5366649628, -38.9181404114, -5.7641453743, -16.5901737213, 25.2919921875, -34.4593849182, 12.3846817017, -5.58625984192, 123.691940308, -8.69147014618], [-272.039001465, 124.305534363, -34.6442489624, 23.7055225372, 33.7265510559, 21.506357193, 58.7411880493, -22.3265323639, 31.3677196503, -39.4902076721, 22.2201766968, -8.69147014618, 113.177658081]],
        "icov": [[0.0010044593364, 0.000252422556514, 0.000440871779574, -0.000974538736045, -0.000149593426613, -0.000498958630487, 0.000772670784499, -0.00129261834081, 0.000134793837788, -0.000384500483051, 0.000246248557232, -0.000290797441266, 0.00171736779157], [0.000252422556514, 0.00539766997099, -0.000835104496218, 0.00243024458177, -0.00335066835396, 0.00424180412665, -0.00289437314495, 0.0025967117399, -0.0015059694415, 0.00313087319955, -0.00423937803134, 0.00382546987385, -0.00124345847871], [0.000440871779574, -0.000835104496218, 0.0037180990912, -0.00257477792911, 0.000413987145294, -0.00336183607578, 0.00135978986509, -0.00212663691491, 0.00158689322416, -0.00164935493376, 0.00143503863364, -0.00281602307223, 0.00153121422045], [-0.000974538736045, 0.00243024458177, -0.00257477792911, 0.00724042998627, -0.00210829824209, 0.00287736672908, -0.00169677275699, 0.00433466397226, -0.00308521441184, 0.00351588823833, -0.00318145938218, 0.0028709594626, -0.00257213017903], [-0.000149593426613, -0.00335066835396, 0.000413987145294, -0.00210829824209, 0.00597840221599, -0.00179863010999, 6.37939410808e-06, -0.00163901573978, 0.000494313251693, -0.00239274813794, 0.00355972582474, -0.00141957972664, 0.000342675426509], [-0.000498958630487, 0.00424180412665, -0.00336183607578, 0.00287736672908, -0.00179863010999, 0.00979366246611, -0.00389130273834, 0.00248797168024, -0.00130607793108, 0.00166825472843, -0.00294935447164, 0.00558761227876, -0.0043522939086], [0.000772670784499, -0.00289437314495, 0.00135978986509, -0.00169677275699, 6.37939410808e-06, -0.00389130273834, 0.00830754172057, -0.00219589821063, 2.82952737507e-06, -0.00170917483047, 0.0012442447478, -0.00315341190435, 0.000716805516277], [-0.00129261834081, 0.0025967117399, -0.00212663691491, 0.00433466397226, -0.00163901573978, 0.00248797168024, -0.00219589821063, 0.0116521008313, -0.0028292760253, -5.3766212659e-05, -0.00367390993051, 0.00151977711357, -0.00246054655872], [0.000134793837788, -0.0015059694415, 0.00158689322416, -0.00308521441184, 0.000494313251693, -0.00130607793108, 2.82952737507e-06, -0.0028292760253, 0.00827238243073, -0.00220255949534, -0.000395075592678, -0.000107434803795, -0.000340651895385], [-0.000384500483051, 0.00313087319955, -0.00164935493376, 0.00351588823833, -0.00239274813794, 0.00166825472843, -0.00170917483047, -5.3766212659e-05, -0.00220255949534, 0.014340877533, -0.00315752392635, 0.00234258291312, 0.00208242237568], [0.000246248557232, -0.00423937803134, 0.00143503863364, -0.00318145938218, 0.00355972582474, -0.00294935447164, 0.0012442447478, -0.00367390993051, -0.000395075592678, -0.00315752392635, 0.0115408673882, -0.00350315240212, 0.00095578545006], [-0.000290797441266, 0.00382546987385, -0.00281602307223, 0.0028709594626, -0.00141957972664, 0.00558761227876, -0.00315341190435, 0.00151977711357, -0.000107434803795, 0.00234258291312, -0.00350315240212, 0.0132911279798, -0.00251054740511], [0.00171736779157, -0.00124345847871, 0.00153121422045, -0.00257213017903, 0.000342675426509, -0.0043522939086, 0.000716805516277, -0.00246054655872, -0.000340651895385, 0.00208242237568, 0.00095578545006, -0.00251054740511, 0.0156448464841]]
    },
    "melbands": {
        "dmean": [0.00619558664039, 0.00624465150759, 0.00138680962846, 0.000667162297759, 0.000331762741553, 0.000134261121275, 0.000365995336324, 0.00053702754667, 0.000189852915355, 0.000164393131854, 0.000122349956655, 9.72758061835e-05, 7.89900950622e-05, 3.7001518649e-05, 3.51494018105e-05, 2.7028927434e-05, 2.61606583081e-05, 2.97235837934e-05, 2.21289228648e-05, 1.59615956363e-05, 1.44621044456e-05, 1.49443076225e-05, 1.7878581275e-05, 1.01776367956e-05, 6.02402178629e-06, 6.87014971845e-06, 6.75036017128e-06, 3.24701068166e-06, 1.66854636063e-06, 1.0453223922e-06, 1.24917823996e-06, 1.60401441462e-06, 2.02796923077e-06, 1.99485339181e-06, 2.07241942007e-06, 2.12064537664e-06, 1.96089831661e-06, 2.22079347623e-06, 2.20051356337e-06, 1.41670261655e-06],
        "dmean2": [0.0105176921934, 0.010978821665, 0.00232590758242, 0.00101513566915, 0.000512440165039, 0.00021335479687, 0.000533841375727, 0.000809182412922, 0.000313492520945, 0.000259649968939, 0.000183275260497, 0.000152319247718, 0.000125042701256, 6.04201122769e-05, 5.88704897382e-05, 4.40418043581e-05, 4.1774019337e-05, 4.67117351945e-05, 3.56536693289e-05, 2.56820476352e-05, 2.21541104111e-05, 2.35371371673e-05, 2.87190068775e-05, 1.62312244356e-05, 9.95165100903e-06, 1.08300300781e-05, 1.04485416159e-05, 4.8862125368e-06, 2.61927971223e-06, 1.6318829239e-06, 1.93998903342e-06, 2.41269185608e-06, 3.12348788611e-06, 3.03475962937e-06, 3.092071438e-06, 3.27391262545e-06, 2.97899441648e-06, 3.31592468683e-06, 3.17591934618e-06, 2.02826117857e-06],
        "dvar": [7.82293063821e-05, 0.00015654785966, 7.81315520726e-06, 1.06405184397e-06, 3.66472761471e-07, 1.00060127295e-07, 6.10000256529e-07, 1.37889639973e-06, 2.42126105832e-07, 1.63990563351e-07, 5.74415892629e-08, 3.91598078409e-08, 4.74804906503e-08, 6.61164634153e-09, 1.20716299179e-08, 5.31550581329e-09, 4.87090323631e-09, 6.72507693977e-09, 2.71092148729e-09, 1.17916498787e-09, 7.67692465153e-10, 7.87503173783e-10, 9.60639234826e-10, 3.16702997161e-10, 2.3234549007e-10, 1.70092093188e-10, 1.35796790479e-10, 4.48368321637e-11, 1.11851075277e-11, 4.56503758406e-12, 6.32998731556e-12, 8.3814361701e-12, 1.20750865903e-11, 1.4474504928e-11, 1.7734102381e-11, 1.919425556e-11, 1.24633307147e-11, 2.11060925681e-11, 2.18868326241e-11, 8.4857407559e-12],
        "dvar2": [0.000220763293328, 0.000433187495219, 2.05078522413e-05, 2.32933643929e-06, 8.47749333843e-07, 2.17090388333e-07, 1.15852765248e-06, 3.02603802993e-06, 6.33563445263e-07, 4.11512161236e-07, 1.1676460332e-07, 7.9756908633e-08, 1.1040634007e-07, 1.64780598055e-08, 3.30994112119e-08, 1.35568845039e-08, 1.13260618662e-08, 1.43702587607e-08, 6.25478335792e-09, 2.97994695586e-09, 1.67282687702e-09, 1.93266314064e-09, 2.32267671763e-09, 7.42971462131e-10, 6.44113873349e-10, 4.37530872643e-10, 3.03781555466e-10, 9.46889372466e-11, 2.47510328205e-11, 1.02915722819e-11, 1.38729852259e-11, 1.78467345069e-11, 2.89961422928e-11, 3.19706761065e-11, 3.89647480947e-11, 4.20041293414e-11, 2.71712149308e-11, 4.62238754217e-11, 4.20367317344e-11, 1.4952230426e-11],
        "max": [0.0589919351041, 0.0827418267727, 0.0274826660752, 0.0108405118808, 0.00815262272954, 0.00565358111635, 0.0142600033432, 0.0120932925493, 0.00552222039551, 0.00633605755866, 0.00353452144191, 0.00370231037959, 0.00379495997913, 0.00133804907091, 0.00133313250262, 0.0010159536032, 0.00135028187651, 0.00117848918308, 0.000797486456577, 0.000375195289962, 0.000407597370213, 0.000294588273391, 0.000391939596739, 0.000204839481739, 0.000187764875591, 0.000169123522937, 0.000128778992803, 9.17248398764e-05, 6.46928165224e-05, 2.78593597614e-05, 4.00880016969e-05, 4.28654930147e-05, 4.37630915258e-05, 4.88169862365e-05, 5.41706613149e-05, 4.8569028877e-05, 6.35352771496e-05, 6.60838850308e-05, 7.71888080635e-05, 4.0659084334e-05],
        "mean": [0.00792150385678, 0.00600928394124, 0.00143440789543, 0.00105373910628, 0.000524193455931, 0.000212535436731, 0.000600376224611, 0.000742958043702, 0.000225437281188, 0.000217090302613, 0.000181831317605, 0.00015273875033, 0.000100866112916, 4.96125212521e-05, 3.99631062464e-05, 3.30160182784e-05, 3.38224272127e-05, 4.28619969171e-05, 2.86786871584e-05, 2.14514166146e-05, 2.24828763749e-05, 2.12974464375e-05, 2.8559788916e-05, 1.57914746524e-05, 8.49476873555e-06, 1.02726862679e-05, 1.07380019472e-05, 4.96362827107e-06, 2.47782622864e-06, 1.5538274738e-06, 1.81671668997e-06, 2.48395645031e-06, 3.12907673106e-06, 3.14112230626e-06, 3.42852263202e-06, 3.29118347508e-06, 3.03911383526e-06, 3.45893204212e-06, 3.36777975463e-06, 2.07214384318e-06],
        "median": [0.00294225430116, 0.00155884970445, 0.000568487041164, 0.000505506934132, 0.00024667539401, 9.88284591585e-05, 0.000125473816297, 0.000118455012853, 7.28498780518e-05, 6.4206062234e-05, 7.10149179213e-05, 8.03108559921e-05, 4.05093305744e-05, 2.35825664276e-05, 1.50727455548e-05, 1.12348789116e-05, 8.99529095477e-06, 7.90287322161e-06, 7.91508864495e-06, 7.08807783667e-06, 7.27670749257e-06, 7.14575571692e-06, 9.64697483141e-06, 5.96161498834e-06, 4.26214592153e-06, 4.56062252852e-06, 3.75350418835e-06, 1.84993450603e-06, 1.15619297958e-06, 6.79207289522e-07, 5.96911831963e-07, 8.50618619097e-07, 1.1282190826e-06, 9.97451707008e-07, 8.78835408002e-07, 8.39948199882e-07, 1.00324996311e-06, 8.2185812289e-07, 5.27210033852e-07, 3.25018504554e-07],
        "min": [3.21133893522e-06, 6.82991003487e-06, 4.5277015488e-06, 1.2483986211e-05, 7.64493506722e-06, 3.35003846885e-06, 2.37607537201e-06, 1.00405145531e-06, 3.27357452079e-06, 1.26939994516e-06, 2.08878964258e-06, 3.20517619912e-06, 2.19403818846e-06, 1.20858760511e-06, 6.08475943409e-07, 5.3222919405e-07, 5.06520677845e-07, 2.87949603717e-07, 4.45678551841e-07, 6.12641201769e-07, 4.24932721899e-07, 3.73140551346e-07, 3.73395266706e-07, 2.95179773957e-07, 1.36162540798e-07, 2.20157687636e-07, 1.22436574657e-07, 2.79597998087e-08, 4.6160032241e-08, 1.22312826534e-08, 1.49434919994e-09, 2.71083211434e-10, 4.15227896511e-09, 1.1680526546e-09, 4.28144519837e-10, 2.88349455424e-10, 1.17287402013e-10, 5.29781427061e-11, 4.87250281897e-14, 6.6019109938e-14],
