{
"highlevel": {
    "danceability": {
        "all": {
            "danceable": 0.839056193829,
            "not_danceable": 0.160943821073
        },
        "probability": 0.839056193829,
        "value": "danceable"
    },
    "gender": {
        "all": {
            "female": 0.899409890175,
            "male": 0.100590124726
        },
        "probability": 0.899409890175,
        "value": "female"
    },
    "genre_dortmund": {
        "all": {
            "alternative": 0.0292906221002,
            "blues": 0.142633467913,
            "electronic": 0.076833166182,
            "folkcountry": 0.151022583246,
            "funksoulrnb": 0.0517147630453,
            "jazz": 0.225809797645,
            "pop": 0.0513392053545,
            "raphiphop": 0.224271178246,
            "rock": 0.0470852218568
        },
        "probability": 0.225809797645,
        "value": "jazz"
    },
    "genre_electronic": {
        "all": {
            "ambient": 0.326099306345,
            "dnb": 0.0670619532466,
            "house": 0.526337385178,
            "techno": 0.027026263997,
            "trance": 0.0534750558436
        },
        "probability": 0.526337385178,
        "value": "house"
    },
    "genre_rosamerica": {
        "all": {
            "cla": 0.0136980079114,
            "dan": 0.0350439250469,
            "hip": 0.190051347017,
            "jaz": 0.0354114323854,
            "pop": 0.061941396445,
            "rhy": 0.640970766544,
            "roc": 0.00812599621713,
            "spe": 0.0147571414709
        },
        "probability": 0.640970766544,
        "value": "rhy"
    },
    "genre_tzanetakis": {
        "all": {
            "blu": 0.0626613423228,
            "cla": 0.0348169617355,
            "cou": 0.104475811124,
            "dis": 0.0784321576357,
            "hip": 0.15692435205,
            "jaz": 0.313974827528,
            "met": 0.0448166541755,
            "pop": 0.0627359300852,
            "reg": 0.0627360641956,
            "roc": 0.0784258767962
        },
        "probability": 0.313974827528,
        "value": "jaz"
    },
    "ismir04_rhythm": {
        "all": {
            "ChaChaCha": 0.788799762726,
            "Jive": 0.0708243697882,
            "Quickstep": 0.0280051641166,
            "Rumba-American": 0.0199854355305,
            "Rumba-International": 0.013516115956,
            "Rumba-Misc": 0.00681710103527,
            "Samba": 0.0243429578841,
            "Tango": 0.0378569811583,
            "VienneseWaltz": 0.00787634961307,
            "Waltz": 0.00197575148195
        },
        "probability": 0.788799762726,
        "value": "ChaChaCha"
    },
    "mood_acoustic": {
        "all": {
            "acoustic": 0.17679977417,
            "not_acoustic": 0.82320022583
        },
        "probability": 0.82320022583,
        "value": "not_acoustic"
    },
    "mood_aggressive": {
        "all": {
            "aggressive": 0.130409866571,
            "not_aggressive": 0.869590163231
        },
        "probability": 0.869590163231,
        "value": "not_aggressive"
    },
    "mood_electronic": {
        "all": {
            "electronic": 0.811864078045,
            "not_electronic": 0.188135936856
        },
        "probability": 0.811864078045,
        "value": "electronic"
    },
    "mood_happy": {
        "all": {
            "happy": 0.440984338522,
            "not_happy": 0.55901569128
        },
        "probability": 0.55901569128,
        "value": "not_happy"
    },
    "mood_party": {
        "all": {
            "not_party": 0.303649246693,
            "party": 0.696350753307
        },
        "probability": 0.696350753307,
        "value": "party"
    },
    "mood_relaxed": {
        "all": {
            "not_relaxed": 0.769999861717,
            "relaxed": 0.230000138283
        },
        "probability": 0.769999861717,
        "value": "not_relaxed"
    },
    "mood_sad": {
        "all": {
            "not_sad": 0.741944372654,
            "sad": 0.258055657148
        },
        "probability": 0.741944372654,
        "value": "not_sad"
    },
    "moods_mirex": {
        "all": {
            "Cluster1": 0.210511669517,
            "Cluster2": 0.356751561165,
            "Cluster3": 0.149666890502,
            "Cluster4": 0.225722745061,
            "Cluster5": 0.0573471263051
        },
        "probability": 0.356751561165,
        "value": "Cluster2"
    },
    "timbre": {
        "all": {
            "bright": 0.92429792881,
            "dark": 0.0757020413876
        },
        "probability": 0.92429792881,
        "value": "bright"
    },
    "tonal_atonal": {
        "all": {
            "atonal": 0.31588691473,
            "tonal": 0.68411308527
        },
        "probability": 0.68411308527,
        "value": "tonal"
    },
    "voice_instrumental": {
        "all": {
            "instrumental": 0.0057413787581,
            "voice": 0.994258642197
        },
        "probability": 0.994258642197,
        "value": "voice"
    }
},
"lowlevel": {
    "average_loudness": 0.956688463688,
    "barkbands_crest": {
        "dmean": 3.7199575901,
        "dmean2": 6.25090503693,
        "dvar": 10.0984811783,
        "dvar2": 28.315120697,
        "max": 24.4175205231,
        "mean": 11.6355991364,
        "median": 10.9462060928,
        "min": 2.60523056984,
        "var": 22.3021259308
    },
    "barkbands_flatness_db": {
        "dmean": 0.0349650755525,
        "dmean2": 0.0553110837936,
        "dvar": 0.0012728770962,
        "dvar2": 0.00304583716206,
        "max": 0.444019526243,
        "mean": 0.184804275632,
        "median": 0.175905972719,
        "min": 0.048155028373,
        "var": 0.00440057832748
    },
    "barkbands_kurtosis": {
        "dmean": 8.0628156662,
        "dmean2": 13.4610452652,
        "dvar": 269.325836182,
        "dvar2": 760.244140625,
        "max": 252.001800537,
        "mean": 9.53148078918,
        "median": 4.38389444351,
        "min": -1.95322024822,
        "var": 300.339996338
    },
    "barkbands_skewness": {
        "dmean": 1.05639839172,
        "dmean2": 1.67123389244,
        "dvar": 1.40794599056,
        "dvar2": 3.75052380562,
        "max": 14.2231006622,
        "mean": 1.98736965656,
        "median": 1.9295296669,
        "min": -4.65323352814,
        "var": 3.56374549866
    },
    "barkbands_spread": {
        "dmean": 11.9417152405,
        "dmean2": 19.8012962341,
        "dvar": 296.420379639,
        "dvar2": 766.191162109,
        "max": 105.9871521,
        "mean": 23.4189872742,
        "median": 15.3149709702,
        "min": 0.542126536369,
        "var": 527.210693359
    },
    "dissonance": {
        "dmean": 0.0229131635278,
        "dmean2": 0.0368902459741,
        "dvar": 0.000574441161007,
        "dvar2": 0.00145074329339,
        "max": 0.5,
        "mean": 0.45266264677,
        "median": 0.462510615587,
        "min": 0.226652190089,
        "var": 0.00151273945812
    },
    "dynamic_complexity": 3.26814436913,
    "erbbands_crest": {
        "dmean": 3.03016972542,
        "dmean2": 4.94624853134,
        "dvar": 7.52843046188,
        "dvar2": 18.2776985168,
        "max": 30.7813358307,
        "mean": 9.85954475403,
        "median": 8.39544487,
        "min": 2.9183306694,
        "var": 27.2962474823
    },
    "erbbands_flatness_db": {
        "dmean": 0.0227906722575,
        "dmean2": 0.0343905165792,
        "dvar": 0.000465245568193,
        "dvar2": 0.00103379029315,
        "max": 0.344995379448,
        "mean": 0.172940924764,
        "median": 0.167970895767,
        "min": 0.0619845800102,
        "var": 0.00187242496759
    },
    "erbbands_kurtosis": {
        "dmean": 2.01911211014,
        "dmean2": 3.34676861763,
        "dvar": 12.7136726379,
        "dvar2": 33.2335319519,
        "max": 37.116859436,
        "mean": 1.52507102489,
        "median": -0.0310077667236,
        "min": -1.87863838673,
        "var": 18.7179317474
    },
    "erbbands_skewness": {
        "dmean": 0.659536361694,
        "dmean2": 1.05792415142,
        "dvar": 0.598096609116,
        "dvar2": 1.51868927479,
        "max": 4.48636198044,
        "mean": 0.329354047775,
        "median": 0.482245534658,
        "min": -5.1004114151,
        "var": 1.55840575695
    },
    "erbbands_spread": {
        "dmean": 15.1906900406,
        "dmean2": 24.5755004883,
        "dvar": 318.344055176,
        "dvar2": 861.874145508,
        "max": 147.883026123,
        "mean": 44.1620407104,
        "median": 39.0490074158,
        "min": 3.47175812721,
        "var": 669.831604004
    },
    "hfc": {
        "dmean": 11.97174263,
        "dmean2": 18.7446784973,
        "dvar": 425.999755859,
        "dvar2": 1004.29437256,
        "max": 155.543060303,
        "mean": 16.1647777557,
        "median": 6.30519628525,
        "min": 0.0544682815671,
        "var": 562.405761719
    },
    "melbands_crest": {
        "dmean": 4.25920581818,
        "dmean2": 7.10934495926,
        "dvar": 13.275021553,
        "dvar2": 37.4706268311,
        "max": 33.7793273926,
        "mean": 15.5864315033,
        "median": 15.3491687775,
        "min": 3.08985853195,
        "var": 31.2781887054
    },
    "melbands_flatness_db": {
        "dmean": 0.0454835221171,
        "dmean2": 0.0693087503314,
        "dvar": 0.00203123595566,
        "dvar2": 0.00439886143431,
        "max": 0.574170947075,
        "mean": 0.241599738598,
        "median": 0.23135112226,
        "min": 0.0373709835112,
        "var": 0.00920092035085
    },
    "melbands_kurtosis": {
        "dmean": 18.3396492004,
        "dmean2": 30.3680953979,
        "dvar": 1323.41015625,
        "dvar2": 3719.43115234,
        "max": 463.873779297,
        "mean": 25.785900116,
        "median": 13.8206634521,
        "min": -1.89056372643,
        "var": 1641.83508301
    },
    "melbands_skewness": {
        "dmean": 1.30267429352,
        "dmean2": 2.06157565117,
        "dvar": 2.16966676712,
        "dvar2": 5.84080266953,
        "max": 19.1811027527,
        "mean": 3.38250803947,
        "median": 3.06367468834,
        "min": -2.92482614517,
        "var": 5.8966794014
    },
    "melbands_spread": {
        "dmean": 15.5020017624,
        "dmean2": 25.5113620758,
        "dvar": 776.31451416,
        "dvar2": 2013.92468262,
        "max": 236.756439209,
        "mean": 26.4464492798,
        "median": 14.1636066437,
        "min": 0.576070904732,
        "var": 1245.01184082
    },
    "pitch_salience": {
        "dmean": 0.102101683617,
        "dmean2": 0.168141484261,
        "dvar": 0.00828158203512,
        "dvar2": 0.0219976007938,
        "max": 0.839839696884,
        "mean": 0.536763906479,
        "median": 0.538460433483,
        "min": 0.132331058383,
        "var": 0.0180923044682
    },
    "silence_rate_20dB": {
        "dmean": 0,
        "dmean2": 0,
        "dvar": 0,
        "dvar2": 0,
        "max": 1,
        "mean": 1,
        "median": 1,
        "min": 1,
        "var": 0
    },
    "silence_rate_30dB": {
        "dmean": 0.0479876175523,
        "dmean2": 0.0960495769978,
        "dvar": 0.0456852503121,
        "dvar2": 0.110061883926,
        "max": 1,
        "mean": 0.960556864738,
        "median": 1,
        "min": 0,
        "var": 0.0378876999021
    },
    "silence_rate_60dB": {
        "dmean": 0.0588235296309,
        "dmean2": 0.117738187313,
        "dvar": 0.0553634800017,
        "dvar2": 0.122465021908,
        "max": 1,
        "mean": 0.0897138416767,
        "median": 0,
        "min": 0,
        "var": 0.0816656276584
    },
    "spectral_centroid": {
        "dmean": 464.329223633,
        "dmean2": 741.013427734,
        "dvar": 411781.875,
        "dvar2": 927490.875,
        "max": 5892.54394531,
        "mean": 1322.64782715,
        "median": 959.264770508,
        "min": 157.692382812,
        "var": 1069036.25
    },
    "spectral_complexity": {
        "dmean": 3.51702785492,
        "dmean2": 4.62974452972,
        "dvar": 33.5933609009,
        "dvar2": 48.2843208313,
        "max": 62,
        "mean": 10.5746326447,
        "median": 8,
        "min": 0,
        "var": 100.65133667
    },
    "spectral_decrease": {
        "dmean": 3.80000786393e-09,
        "dmean2": 6.32781871346e-09,
        "dvar": 6.37106022142e-17,
        "dvar2": 1.599764393e-16,
        "max": -2.67740291743e-11,
        "mean": -5.926821256e-09,
        "median": -2.84203949263e-09,
        "min": -5.37350608454e-08,
        "var": 7.59213762423e-17
    },
    "spectral_energy": {
        "dmean": 0.015171404928,
        "dmean2": 0.025085715577,
        "dvar": 0.000937620003242,
        "dvar2": 0.00234336196445,
        "max": 0.20507979393,
        "mean": 0.0238353479654,
        "median": 0.0120581835508,
        "min": 0.000108290318167,
        "var": 0.0011279223254
    },
    "spectral_energyband_high": {
        "dmean": 0.00109085731674,
        "dmean2": 0.0018301482778,
        "dvar": 3.72157796846e-06,
        "dvar2": 9.90499756881e-06,
        "max": 0.0141862714663,
        "mean": 0.00110572844278,
        "median": 0.000117464915093,
        "min": 3.36785213051e-08,
        "var": 4.52988615507e-06
    },
    "spectral_energyband_low": {
        "dmean": 0.0111483801156,
        "dmean2": 0.0195945668966,
        "dvar": 0.000790466670878,
        "dvar2": 0.00208071898669,
        "max": 0.193164721131,
        "mean": 0.0130234071985,
        "median": 0.00417238799855,
        "min": 3.20997855852e-06,
        "var": 0.000806063821074
    },
    "spectral_energyband_middle_high": {
        "dmean": 0.00207987683825,
        "dmean2": 0.00290640583262,
        "dvar": 3.98859119741e-05,
        "dvar2": 8.97524150787e-05,
        "max": 0.0553953573108,
        "mean": 0.00328041496687,
        "median": 0.000652636343148,
        "min": 7.67783876654e-06,
        "var": 5.76876227569e-05
    },
    "spectral_energyband_middle_low": {
        "dmean": 0.00438338145614,
        "dmean2": 0.00744193140417,
        "dvar": 8.1734280684e-05,
        "dvar2": 0.000216549102333,
        "max": 0.0860342308879,
        "mean": 0.00735737103969,
        "median": 0.0045328643173,
        "min": 1.97837362066e-05,
        "var": 9.10931194085e-05
    },
    "spectral_entropy": {
        "dmean": 0.297673881054,
        "dmean2": 0.460634499788,
        "dvar": 0.0941514000297,
        "dvar2": 0.233677938581,
        "max": 8.64602565765,
        "mean": 7.44263362885,
        "median": 7.40835523605,
        "min": 5.43888378143,
        "var": 0.320916473866
    },
    "spectral_flux": {
        "dmean": 0.0360968671739,
        "dmean2": 0.0548161938787,
        "dvar": 0.00295299617574,
        "dvar2": 0.00527239078656,
        "max": 0.412773281336,
        "mean": 0.0909727141261,
        "median": 0.0664108395576,
        "min": 0.00458972202614,
        "var": 0.00602836441249
    },
    "spectral_kurtosis": {
        "dmean": 2.71161174774,
        "dmean2": 4.36844491959,
        "dvar": 17.9580402374,
        "dvar2": 42.904209137,
        "max": 89.4018707275,
        "mean": 4.69654464722,
        "median": 3.38426303864,
        "min": -1.16304838657,
        "var": 45.1620368958
    },
    "spectral_rms": {
        "dmean": 0.00125592527911,
        "dmean2": 0.00195331661962,
        "dvar": 3.3649780562e-06,
        "dvar2": 7.59297790864e-06,
        "max": 0.0141448881477,
        "mean": 0.00409219879657,
        "median": 0.00342988059856,
        "min": 0.000325037050061,
        "var": 6.50793163004e-06
    },
    "spectral_rolloff": {
        "dmean": 1039.6439209,
        "dmean2": 1844.38366699,
        "dvar": 3705490.75,
        "dvar2": 9580699,
        "max": 9151.61132812,
        "mean": 1685.50231934,
        "median": 602.9296875,
        "min": 64.599609375,
        "var": 5265582
    },
    "spectral_skewness": {
        "dmean": 0.42359188199,
        "dmean2": 0.660910665989,
        "dvar": 0.196905255318,
        "dvar2": 0.466742128134,
        "max": 6.95362091064,
        "mean": 1.44231903553,
        "median": 1.44492065907,
        "min": -0.275119185448,
        "var": 0.658710896969
    },
    "spectral_spread": {
        "dmean": 971816.4375,
        "dmean2": 1430077.125,
        "dvar": 1.44717053952e+12,
        "dvar2": 2.95632319283e+12,
        "max": 15381411,
        "mean": 4774332.5,
        "median": 4192489.75,
        "min": 674672.875,
        "var": 4.25109697331e+12
    },
    "spectral_strongpeak": {
        "dmean": 0.407474815845,
        "dmean2": 0.680530846119,
        "dvar": 0.55794864893,
        "dvar2": 1.34665167332,
        "max": 6.79405736923,
        "mean": 0.667825758457,
        "median": 0.304322034121,
        "min": 0,
        "var": 0.988601207733
    },
    "zerocrossingrate": {
        "dmean": 0.0176144056022,
        "dmean2": 0.0202082619071,
        "dvar": 0.000466489291284,
        "dvar2": 0.0005354314344,
        "max": 0.26123046875,
        "mean": 0.0616661831737,
        "median": 0.044921875,
        "min": 0.00390625,
        "var": 0.00265671894886
    },
    "barkbands": {
        "dmean": [0.000683205551468, 0.00786096788943, 0.00430732266977, 0.00175706576556, 0.00125763507094, 0.00100137328263, 0.00046426942572, 0.000577983795665, 0.000320192077197, 0.000653457711451, 0.000388832064345, 0.000223750670557, 0.000199986083317, 0.000237630112679, 0.000194792912225, 0.000306509464281, 0.000185757031431, 0.000176123314304, 0.000149724932271, 0.000130376109155, 0.000162050870131, 0.000178668124136, 0.000504921015818, 0.00020063498232, 4.42568125436e-05, 7.9278506746e-06, 6.16446058643e-08],
        "dmean2": [0.00120735459495, 0.0139111150056, 0.00808820873499, 0.00328393583186, 0.00201604934409, 0.0016875131987, 0.000782511313446, 0.000918849662412, 0.000512484984938, 0.000989230582491, 0.000635114498436, 0.000367564149201, 0.00033059285488, 0.00040126775275, 0.000329036440235, 0.00041436945321, 0.000280541484244, 0.000267586961854, 0.000213980747503, 0.000204443771509, 0.000256898230873, 0.000288252194878, 0.00090594048379, 0.000346078682924, 7.13943518349e-05, 1.25121177916e-05, 1.12326425494e-07],
        "dvar": [2.19368257603e-06, 0.000353198149242, 0.000247452408075, 2.45406754402e-05, 8.79591880221e-06, 5.39052280146e-06, 1.23833171983e-06, 2.23929805543e-06, 5.06531989686e-07, 3.78620757147e-06, 1.57403269441e-06, 4.33371951658e-07, 3.21324989727e-07, 5.74298383071e-07, 3.90543135609e-07, 1.3588071397e-06, 4.77465960103e-07, 4.33217962836e-07, 1.97294028226e-07, 1.00512295376e-07, 2.26707285833e-07, 1.39345928574e-07, 1.13429814519e-06, 1.4202555576e-07, 9.45463263236e-09, 6.52273235424e-10, 8.43917492312e-14],
        "dvar2": [6.23336927674e-06, 0.00101330399048, 0.000711402099114, 7.49509345042e-05, 1.93703272089e-05, 1.51048370753e-05, 3.23964491145e-06, 5.66158269066e-06, 1.27721102672e-06, 8.61731041368e-06, 3.67023721992e-06, 1.10119651708e-06, 8.94556706044e-07, 1.49737809352e-06, 1.00347585885e-06, 2.09860877476e-06, 9.6836913599e-07, 9.92669924926e-07, 3.56095114284e-07, 2.31807902651e-07, 4.87918839553e-07, 3.23730176888e-07, 3.37939422934e-06, 3.9713503952e-07, 2.12995523441e-08, 1.55240287292e-09, 2.32216698128e-13],
        "max": [0.0181956700981, 0.134831145406, 0.123293220997, 0.0352530293167, 0.0444815121591, 0.0304344017059, 0.0127958888188, 0.0173369646072, 0.00960147380829, 0.027763446793, 0.0238328315318, 0.00826506037265, 0.0049044014886, 0.00733987987041, 0.00587327685207, 0.0113149099052, 0.00776136945933, 0.0062724808231, 0.00533058447763, 0.00276294467039, 0.00646172603592, 0.00495628034696, 0.00578803522512, 0.00331329414621, 0.00163417879958, 0.000338768673828, 3.47528748534e-06],
        "mean": [0.000729080289602, 0.0086455559358, 0.00302437809296, 0.00151538790669, 0.00209965137765, 0.00145731249359, 0.000476273067761, 0.000770227459725, 0.000396944669774, 0.00101605267264, 0.000520711124409, 0.000275948084891, 0.000242121852352, 0.000273855228443, 0.000231366953813, 0.00037533804425, 0.00020259708981, 0.000187522789929, 0.000198240755708, 0.000155284127686, 0.000204041192774, 0.000197391476831, 0.000390250788769, 0.00018938476569, 5.12229853484e-05, 9.20474030863e-06, 4.00980653126e-08],
        "median": [0.000177870068001, 0.00274202949367, 0.000437488895841, 0.000395060633309, 0.000859160150867, 0.000518935499713, 0.000132395332912, 0.000179131675395, 6.85310078552e-05, 6.95072594681e-05, 8.01765854703e-05, 5.73525067011e-05, 2.84378911601e-05, 3.45746157109e-05, 4.24481549999e-05, 1.73090920725e-05, 1.8785629436e-05, 2.84391389869e-05, 3.12965603371e-05, 2.97229089483e-05, 1.39466756082e-05, 1.44358036778e-05, 2.26017109526e-05, 2.70348191407e-05, 4.22508628617e-06, 7.39575170883e-07, 2.90473090026e-10],
        "min": [1.22189076635e-08, 2.19904086407e-06, 7.5821034784e-08, 9.35574107075e-08, 3.58906822839e-06, 1.20372214951e-06, 3.79564369268e-07, 3.37421425911e-07, 9.20518459679e-07, 6.42305508336e-07, 8.12486291579e-07, 6.16344664195e-07, 2.35824742845e-07, 3.08556877826e-07, 5.08280038503e-07, 1.42114799928e-07, 9.12167976708e-08, 7.67031238524e-08, 5.80945034301e-08, 9.14209064007e-09, 7.39479988354e-09, 4.36425917627e-09, 3.0440512333e-09, 2.33005459371e-09, 5.49346679257e-12, 6.00915714757e-12, 4.72930592257e-12],
        "var": [2.47881075666e-06, 0.0003414946259, 0.000145563913975, 1.5104988961e-05, 1.50385585584e-05, 6.26130668024e-06, 1.19299704693e-06, 2.51334813584e-06, 6.75448859511e-07, 9.24466257857e-06, 2.9380023534e-06, 4.61764471993e-07, 3.42654715269e-07, 5.97023927185e-07, 4.61755575998e-07, 2.2692188395e-06, 5.99654413236e-07, 4.69674517944e-07, 3.12645084932e-07, 1.28105128283e-07, 3.57580745458e-07, 2.05786818697e-07, 8.04919579878e-07, 1.5669985487e-07, 1.96754168513e-08, 9.26675403079e-10, 5.37756654256e-14]
    },
    "erbbands": {
        "dmean": [0.221665248275, 1.95924782753, 4.85163211823, 5.54358196259, 5.18337965012, 3.67116594315, 7.34695625305, 7.57061767578, 7.58625268936, 6.64498710632, 13.1868467331, 7.42493534088, 19.4152851105, 16.0344467163, 11.1150197983, 9.32040023804, 8.8450088501, 13.0212240219, 9.53006649017, 11.0385026932, 17.2198753357, 10.700138092, 9.93703556061, 8.30256843567, 7.02215766907, 6.50691890717, 5.97034358978, 6.62135219574, 6.67154693604, 9.81169986725, 13.9171009064, 6.76510667801, 2.25185346603, 0.795352697372, 0.184834599495, 0.0553683452308, 0.0120615437627, 0.000643316830974, 3.3294872992e-05, 2.06990916922e-05],
        "dmean2": [0.387427687645, 3.54510307312, 8.76970863342, 10.4840803146, 8.8976650238, 5.95944261551, 12.4614934921, 12.6411924362, 12.4943294525, 10.3787326813, 20.8960189819, 11.6826152802, 29.534526825, 25.4757480621, 18.7324256897, 15.0257797241, 14.2865657806, 22.6856327057, 15.2340183258, 18.155752182, 22.4856491089, 16.5598773956, 15.1122055054, 12.0458164215, 10.4875564575, 10.2037849426, 9.52933502197, 10.1533851624, 10.5688991547, 16.9460430145, 25.0214271545, 11.8767976761, 3.7729871273, 1.31023204327, 0.292050182819, 0.0862180218101, 0.0189980082214, 0.00106002914254, 5.44617250853e-05, 3.37453748216e-05],
        "dvar": [0.227789208293, 24.1542720795, 278.636962891, 324.543792725, 139.58782959, 88.7617111206, 390.243011475, 339.798217773, 329.497955322, 268.808868408, 1064.98864746, 259.097442627, 3465.74291992, 2657.40625, 1338.94396973, 716.68182373, 615.541320801, 1932.23852539, 857.0234375, 1598.09216309, 4156.29003906, 1610.5925293, 1348.0291748, 871.275756836, 296.329620361, 277.91986084, 336.580627441, 327.312591553, 182.857177734, 332.8671875, 873.060058594, 171.865005493, 20.1647529602, 3.25714969635, 0.14854285121, 0.0278953835368, 0.00154594809283, 4.05973105444e-06, 5.09774222834e-09, 1.25844290544e-09],
        "dvar2": [0.631727993488, 71.6858596802, 794.98223877, 968.129455566, 380.824432373, 192.826858521, 1117.88439941, 898.195800781, 835.025878906, 600.083862305, 2666.99658203, 668.604125977, 7676.10839844, 5859.64501953, 3741.05932617, 1776.03271484, 1644.34118652, 5306.64404297, 2060.90600586, 3680.13330078, 6727.44873047, 3170.74951172, 3095.18969727, 1705.61291504, 611.86151123, 641.090454102, 796.551391602, 668.852600098, 423.452545166, 936.067077637, 2591.22143555, 506.635070801, 50.5328979492, 7.44893217087, 0.341565728188, 0.0667524784803, 0.00363093055785, 1.02090343717e-05, 1.29115695913e-08, 3.10217229682e-09],
        "max": [4.23385334015, 34.4483146667, 132.32850647, 133.61416626, 129.63243103, 137.990951538, 249.265319824, 253.496520996, 229.387649536, 240.542602539, 394.392486572, 166.532394409, 848.717895508, 935.839782715, 562.597595215, 397.700958252, 209.709274292, 395.266784668, 267.026062012, 385.860778809, 645.643615723, 365.86340332, 343.437957764, 337.685791016, 189.882064819, 146.428436279, 201.297821045, 263.356018066, 167.912353516, 128.382232666, 152.736755371, 68.146812439, 69.1036529541, 33.6753425598, 4.90430688858, 2.23241949081, 0.520055055618, 0.0273737031966, 0.000617327634245, 0.000251444696914],
        "mean": [0.246530294418, 1.90463507175, 3.8008787632, 4.40651130676, 7.18596220016, 5.73306846619, 10.143699646, 10.4650821686, 9.09260368347, 9.14096832275, 16.1025257111, 10.21393013, 33.4332275391, 24.9221897125, 13.537024498, 12.3976402283, 11.6985445023, 14.4192342758, 11.918844223, 14.2563514709, 19.3570709229, 12.3232440948, 10.6457862854, 9.91771411896, 9.62499713898, 7.57971096039, 7.10399198532, 8.35619354248, 7.33960294724, 8.63228702545, 10.7315912247, 5.75177526474, 2.29339385033, 0.88447779417, 0.21426448226, 0.0635025277734, 0.0138663509861, 0.000683377322275, 3.93103764509e-05, 3.15846918966e-05],
        "median": [0.0722666755319, 0.535186588764, 0.668867111206, 1.02843606472, 2.8460059166, 1.85655069351, 1.90404093266, 4.47552251816, 2.84941101074, 2.44777488708, 3.78999948502, 2.37744021416, 2.4500181675, 2.6840364933, 2.58367753029, 2.68364548683, 1.85078060627, 2.01419019699, 2.15247297287, 1.79913830757, 0.897734642029, 1.19245648384, 1.57296705246, 1.4301097393, 2.00981998444, 1.34567332268, 0.590293645859, 0.509343087673, 0.500750124454, 0.589602470398, 0.666220366955, 0.658724308014, 0.342654079199, 0.0690757259727, 0.0206936690956, 0.0055946377106, 0.000921728031244, 4.27509548899e-05, 1.19648520922e-05, 1.60410545504e-05],
        "min": [3.66401400242e-05, 0.000380476471037, 0.000696799892467, 0.00126540695783, 0.00529197463766, 0.0139990802854, 0.0144182685763, 0.0093100015074, 0.0169892217964, 0.0110367499292, 0.0138410739601, 0.0190594960004, 0.0247448161244, 0.0146673694253, 0.0450035445392, 0.0212462674826, 0.0150544736534, 0.0157014895231, 0.0296509303153, 0.0196402538568, 0.00819008145481, 0.00613018032163, 0.00450912071392, 0.00282059446909, 0.00224503525533, 0.000466106692329, 0.000368174543837, 0.000266515329713, 0.000182526491699, 0.000180985822226, 9.86612940324e-05, 0.000107642583316, 3.6195757275e-05, 5.37156302016e-06, 1.20732170217e-06, 3.34699677751e-07, 1.55190704731e-07, 3.50170061836e-08, 6.75309053122e-08, 1.28277918066e-07],
        "var": [0.259583950043, 19.6189155579, 176.328491211, 190.348999023, 151.117706299, 154.385604858, 510.108551025, 333.518829346, 362.237518311, 407.540802002, 1171.71826172, 357.49911499, 10741.8115234, 6865.28759766, 1270.5390625, 853.571350098, 722.81628418, 1739.3079834, 1072.37060547, 2199.62988281, 6496.42138672, 2137.45678711, 1484.62683105, 1173.54626465, 463.69934082, 335.302215576, 429.170776367, 573.523071289, 286.562896729, 306.381469727, 617.197387695, 143.12336731, 29.1760902405, 6.1741194725, 0.307998299599, 0.0438713505864, 0.00214616348967, 4.93168272442e-06, 5.85650417051e-09, 1.58652158078e-09]
    },
    "gfcc": {
        "mean": [-59.4867362976, 107.891242981, -110.001014709, 48.2717208862, -65.4228210449, 25.3835639954, -34.48853302, 6.3649392128, -17.2281341553, -6.32445859909, -2.55997276306, -5.90858221054, -5.39704799652],
        "cov": [[5803.76904297, -1821.61535645, -92.3509521484, 155.786773682, -811.074157715, 458.161712646, -135.146911621, 278.035552979, -39.2869529724, 349.456085205, -212.060302734, 150.486083984, -149.148178101], [-1821.61535645, 2820.66235352, -281.996856689, -434.965667725, 977.015197754, -556.97277832, 303.213439941, -115.260070801, 230.711761475, -333.422332764, 390.868408203, -224.38331604, 135.426696777], [-92.3509521484, -281.996856689, 1108.95007324, 347.099945068, -88.0559539795, 240.286697388, -40.5497245789, -92.3977737427, -2.46175026894, 98.001411438, -54.6653251648, 70.5444488525, 4.81493473053], [155.786773682, -434.965667725, 347.099945068, 535.250732422, -40.7869644165, 166.55015564, 6.69308710098, -71.1259536743, 66.2746047974, 64.0246200562, -18.0806159973, 71.9348297119, 96.590423584], [-811.074157715, 977.015197754, -88.0559539795, -40.7869644165, 702.003356934, -168.747055054, 208.505996704, 2.30932998657, 73.915687561, -54.4356269836, 85.6551818848, -38.4299812317, 115.946304321], [458.161712646, -556.97277832, 240.286697388, 166.55015564, -168.747055054, 388.329040527, 68.6021652222, 40.1528778076, 30.5362968445, 50.0733833313, -68.7496185303, 69.3187561035, -12.9078960419], [-135.146911621, 303.213439941, -40.5497245789, 6.69308710098, 208.505996704, 68.6021652222, 417.188415527, 82.9597702026, 52.1752319336, -0.473996371031, 37.3592529297, 18.4359607697, 68.1517333984], [278.035552979, -115.260070801, -92.3977737427, -71.1259536743, 2.30932998657, 40.1528778076, 82.9597702026, 200.568710327, 14.4960651398, 56.4654350281, -13.3061704636, 1.1475135088, -20.9360370636], [-39.2869529724, 230.711761475, -2.46175026894, 66.2746047974, 73.915687561, 30.5362968445, 52.1752319336, 14.4960651398, 216.032608032, -24.9661693573, 62.0813789368, -0.272937595844, 27.3781356812], [349.456085205, -333.422332764, 98.001411438, 64.0246200562, -54.4356269836, 50.0733833313, -0.473996371031, 56.4654350281, -24.9661693573, 169.2605896, -43.5675506592, 24.2473220825, -7.14107084274], [-212.060302734, 390.868408203, -54.6653251648, -18.0806159973, 85.6551818848, -68.7496185303, 37.3592529297, -13.3061704636, 62.0813789368, -43.5675506592, 172.117614746, -27.7674388885, 20.7173233032], [150.486083984, -224.38331604, 70.5444488525, 71.9348297119, -38.4299812317, 69.3187561035, 18.4359607697, 1.1475135088, -0.272937595844, 24.2473220825, -27.7674388885, 132.381057739, 39.9790840149], [-149.148178101, 135.426696777, 4.81493473053, 96.590423584, 115.946304321, -12.9078960419, 68.1517333984, -20.9360370636, 27.3781356812, -7.14107084274, 20.7173233032, 39.9790840149, 144.541488647]],
        "icov": [[0.000259423133684, -8.40932625579e-05, 0.000150008883793, -0.000122487632325, 0.00026750456891, -0.000223875118536, 8.52738376125e-05, -0.000227794691455, 7.32789158064e-06, -0.000446714635473, 0.000123701509438, -0.000196965207579, 0.000128850835608], [-8.40932625579e-05, 0.00333073409274, -0.00111760431901, 0.002543018898, -0.00263497186825, 0.00215425621718, -0.00125718407799, 0.00150584778748, -0.00215061567724, 0.00289599271491, -0.00311364652589, 0.00247059180401, -0.00143931037746], [0.000150008883793, -0.00111760431901, 0.00177113618702, -0.00149661616888, 0.00076311948942, -0.00145436055027, 0.000573158089537, 8.73890166986e-05, 0.000880292383954, -0.00173830159474, 0.000991754233837, -0.00108107551932, 0.00104767119046], [-0.000122487632325, 0.002543018898, -0.00149661616888, 0.00540500460193, -0.0018558910815, 0.000686361454427, -0.000768709229305, 0.00242192670703, -0.00261346180923, 0.00107402680442, -0.00235790712759, 0.00183714460582, -0.00342992087826], [0.00026750456891, -0.00263497186825, 0.00076311948942, -0.0018558910815, 0.0046020639129, -0.000720857467968, -7.10788663127e-05, -0.001344843884, 0.00111594225746, -0.00234217057005, 0.00250385096297, -0.00139954790939, -0.000256513099885], [-0.000223875118536, 0.00215425621718, -0.00145436055027, 0.000686361454427, -0.000720857467968, 0.00620949873701, -0.00217140326276, 0.000169350023498, -0.00218586949632, 0.00257810018957, -0.000713012821507, 0.000515038263984, 2.26333522733e-05], [8.52738376125e-05, -0.00125718407799, 0.000573158089537, -0.000768709229305, -7.10788663127e-05, -0.00217140326276, 0.00417876103893, -0.00193974329159, 0.000866980699357, -0.00102987897117, 0.000498073699418, -0.00108388753142, -0.000614349613898], [-0.000227794691455, 0.00150584778748, 8.73890166986e-05, 0.00242192670703, -0.001344843884, 0.000169350023498, -0.00193974329159, 0.00834743864834, -0.00190662231762, -0.001543264254, -0.00113466824405, 0.0011871708557, 6.94362752256e-05], [7.32789158064e-06, -0.00215061567724, 0.000880292383954, -0.00261346180923, 0.00111594225746, -0.00218586949632, 0.000866980699357, -0.00190662231762, 0.0073953489773, -0.000809392950032, -9.08961883397e-05, -0.00147942081094, 0.000945825537201], [-0.000446714635473, 0.00289599271491, -0.00173830159474, 0.00107402680442, -0.00234217057005, 0.00257810018957, -0.00102987897117, -0.001543264254, -0.000809392950032, 0.01127605699, -0.0017171978252, 0.00175872771069, -0.000992960762233], [0.000123701509438, -0.00311364652589, 0.000991754233837, -0.00235790712759, 0.00250385096297, -0.000713012821507, 0.000498073699418, -0.00113466824405, -9.08961883397e-05, -0.0017171978252, 0.010646850802, -0.00134754553437, 0.000895288132597], [-0.000196965207579, 0.00247059180401, -0.00108107551932, 0.00183714460582, -0.00139954790939, 0.000515038263984, -0.00108388753142, 0.0011871708557, -0.00147942081094, 0.00175872771069, -0.00134754553437, 0.0117756649852, -0.00455483188853], [0.000128850835608, -0.00143931037746, 0.00104767119046, -0.00342992087826, -0.000256513099885, 2.26333522733e-05, -0.000614349613898, 6.94362752256e-05, 0.000945825537201, -0.000992960762233, 0.000895288132597, -0.00455483188853, 0.0120679037645]]
    },
    "melbands": {
        "dmean": [0.00204360904172, 0.00248315837234, 0.000953816343099, 0.000300409592455, 0.000229638520977, 0.000174619359314, 0.000107341009425, 8.30812350614e-05, 0.000102707992482, 4.69550250273e-05, 9.72612178884e-05, 6.41202059342e-05, 4.33047534898e-05, 2.59494900092e-05, 1.9000717657e-05, 2.60546366917e-05, 2.36463019974e-05, 1.50242358359e-05, 1.45832773342e-05, 1.88591584447e-05, 2.10566377064e-05, 1.20882486954e-05, 8.43095040182e-06, 9.16932458495e-06, 6.68851998853e-06, 5.53635345568e-06, 5.01206477566e-06, 4.14196438214e-06, 3.6206142795e-06, 4.20584910898e-06, 4.01263741878e-06, 3.77902733817e-06, 3.52770712198e-06, 7.16385420674e-06, 9.39104484132e-06, 6.33593663224e-06, 3.31725959768e-06, 1.8064639562e-06, 8.69865289133e-07, 6.15772023593e-07],
        "dmean2": [0.00355855259113, 0.00449922168627, 0.00178540672641, 0.000496473512612, 0.000389126915252, 0.000290674797725, 0.000176004352397, 0.000129998486955, 0.000162673633895, 7.34634013497e-05, 0.000148854363943, 0.000102880701888, 7.20700409147e-05, 4.30183972639e-05, 2.84700472548e-05, 4.55018307548e-05, 4.04710153816e-05, 2.39426190092e-05, 2.45879728027e-05, 2.80404165096e-05, 2.81674565485e-05, 1.94634158106e-05, 1.20322638395e-05, 1.50386395035e-05, 9.64357332123e-06, 8.28678003018e-06, 7.82883125794e-06, 6.59922625346e-06, 5.84419149163e-06, 6.7466658038e-06, 6.11387076788e-06, 5.9751560002e-06, 5.80686173635e-06, 1.27067542053e-05, 1.69599225046e-05, 1.14109116112e-05, 5.74591786062e-06, 3.07162122226e-06, 1.38196537591e-06, 1.03451350242e-06],
        "dvar": [2.05158794415e-05, 5.73891447857e-05, 8.55595862959e-06, 5.20879211763e-07, 3.6400422232e-07, 1.69925613136e-07, 6.22649949378e-08, 4.86838764857e-08, 6.47127009756e-08, 9.99767202359e-09, 8.83498216808e-08, 4.4090590734e-08, 1.86785893419e-08, 6.41096420395e-09, 1.92482962902e-09, 7.9083699589e-09, 5.66009861203e-09, 1.93643079349e-09, 2.40569630883e-09, 5.44766898258e-09, 6.6473755389e-09, 2.20574247756e-09, 7.84058984404e-10, 1.35064837092e-09, 5.57296431225e-10, 2.38731867608e-10, 1.36456290711e-10, 1.16528106608e-10, 1.31933616809e-10, 1.91185164922e-10, 1.10371954631e-10, 8.06797198494e-11, 3.94642131474e-11, 2.02236782876e-10, 4.10579042986e-10, 1.74155426191e-10, 3.80520649712e-11, 1.29340930327e-11, 4.08938724897e-12, 2.2526813314e-12],
        "dvar2": [5.76363017899e-05, 0.000161860574735, 2.54208061961e-05, 1.21249740914e-06, 1.01104626538e-06, 4.53265982969e-07, 1.57080478402e-07, 1.15171879145e-07, 1.60878528277e-07, 2.49582221556e-08, 1.95100966494e-07, 9.61721440262e-08, 4.91720051343e-08, 1.6915466361e-08, 4.25470370047e-09, 2.28760619336e-08, 1.51282861793e-08, 4.49594450558e-09, 6.22667117867e-09, 1.03830695153e-08, 1.2458716725e-08, 4.73659911293e-09, 1.55650436984e-09, 3.43428552263e-09, 1.05550135299e-09, 4.45290998519e-10, 3.18941068e-10, 2.7055307994e-10, 3.27198351746e-10, 4.13754558393e-10, 2.40672204388e-10, 1.85437984412e-10, 1.01263213093e-10, 5.9235666372e-10, 1.2264100846e-09, 5.15490816699e-10, 1.09798108106e-10, 3.33775819483e-11, 8.64609599194e-12, 5.48882250415e-12],
        "max": [0.0344231761992, 0.0552576333284, 0.0213788729161, 0.0106995915994, 0.00763207580894, 0.00553348241374, 0.00300775468349, 0.00311556505039, 0.00345025514252, 0.00097345613176, 0.00417572259903, 0.0037993597798, 0.0019123138627, 0.00105914101005, 0.000434190500528, 0.000711121014319, 0.000686772866175, 0.000361817306839, 0.000494843756314, 0.000725264777429, 0.000817210879177, 0.00044282557792, 0.000316208403092, 0.000365114537999, 0.000278240564512, 0.000184497257578, 0.000103477017547, 9.00870145415e-05, 0.000162056283443, 0.000234560066019, 0.000138941351906, 0.000121938915981, 5.48003627046e-05, 9.30871101446e-05, 0.000113992588012, 7.64117066865e-05, 4.77002140542e-05, 5.27315969521e-05, 3.8080233935e-05, 2.66289243882e-05],
        "mean": [0.00234332145192, 0.00226477719843, 0.000878933758941, 0.000467364676297, 0.000324191059917, 0.000250828452408, 0.000127525971038, 0.000113595859148, 0.000121704688354, 6.42108134343e-05, 0.000164827535627, 9.57533120527e-05, 5.33112834091e-05, 3.18651436828e-05, 2.73644272966e-05, 2.72100187431e-05, 2.6568359317e-05, 1.86746074178e-05, 1.71974970726e-05, 2.50059638347e-05, 2.11704609683e-05, 1.29958179969e-05, 9.54480947257e-06, 9.14587235457e-06, 7.80829941505e-06, 7.58998385209e-06, 6.34421712675e-06, 4.5284305088e-06, 3.88243097404e-06, 5.18268961969e-06, 4.77007051813e-06, 4.27889290222e-06, 3.45433090843e-06, 5.86968189964e-06, 6.9875563895e-06, 4.88445903102e-06, 2.98001236843e-06, 1.76416335762e-06, 9.8924942904e-07, 6.57949897231e-07],
        "median": [0.000746377743781, 0.000552873651031, 0.000298232538626, 0.000189074140508, 6.29874848528e-05, 0.00010726491746, 4.05761529692e-05, 3.01760810544e-05, 2.54381666309e-05, 1.20202421385e-05, 1.10299852167e-05, 9.97851111606e-06, 9.50389585341e-06, 6.73807471685e-06, 6.50221090837e-06, 2.56412567978e-06, 3.37192523148e-06, 3.13414443553e-06, 3.00574902212e-06, 1.65287667642e-06, 8.31551517422e-07, 1.11244264644e-06, 1.35133291224e-06, 1.35845573368e-06, 9.75342118181e-07, 1.2894398651e-06, 1.28413637412e-06, 6.04406466209e-07, 3.16669741096e-07, 3.14575913762e-07, 2.69029357014e-07, 2.56194084614e-07, 2.80333296132e-07, 3.35181624678e-07, 3.67854795513e-07, 3.56521553613e-07, 3.8996822127e-07, 2.63788393795e-07, 8.77511041608e-08, 4.3129418259e-08],
        "min": [5.16105501447e-07, 2.7174954198e-07, 3.82214921046e-07, 6.6776959784e-07, 3.94781011437e-07, 1.74091780991e-07, 2.06093105248e-07, 7.75656019414e-08, 9.01136658626e-08, 1.33308290629e-07, 1.04305719617e-07, 4.91909162292e-08, 1.24692860481e-07, 1.12497325233e-07, 2.89445321044e-08, 2.04982111285e-08, 2.87104509056e-08, 4.17091712279e-08, 4.16931662528e-08, 1.12981553002e-08, 8.47959569228e-09, 3.58607832318e-09, 4.78357087275e-09, 3.14098458354e-09, 2.1683268514e-09, 1.15159104475e-09, 7.70599473121e-10, 1.71593531051e-10, 1.48089387975e-10, 1.73396672021e-10, 1.13120825207e-10, 7.66595120716e-11, 3.41951779392e-11, 1.58312252196e-11, 6.92372418079e-12, 2.43083816964e-11, 4.01043746823e-11, 2.93059743139e-11, 1.88634264459e-13, 4.63848320105e-14],
