{
"highlevel": {
    "danceability": {
        "all": {
            "danceable": 0.032888058573,
            "not_danceable": 0.967111945152
        },
        "probability": 0.967111945152,
        "value": "not_danceable"
    },
    "gender": {
        "all": {
            "female": 0.0414952039719,
            "male": 0.958504796028
        },
        "probability": 0.958504796028,
        "value": "male"
    },
    "genre_dortmund": {
        "all": {
            "alternative": 0.0678081065416,
            "blues": 0.0821762681007,
            "electronic": 0.0100609296933,
            "folkcountry": 0.045077547431,
            "funksoulrnb": 0.0423441790044,
            "jazz": 0.0271115023643,
            "pop": 0.0156268458813,
            "raphiphop": 0.0013821022585,
            "rock": 0.708412528038
        },
        "probability": 0.708412528038,
        "value": "rock"
    },
    "genre_electronic": {
        "all": {
            "ambient": 0.237978816032,
            "dnb": 0.619032204151,
            "house": 0.0269707981497,
            "techno": 0.00640576751903,
            "trance": 0.1096124053
        },
        "probability": 0.619032204151,
        "value": "dnb"
    },
    "genre_rosamerica": {
        "all": {
            "cla": 0.0398957021534,
            "dan": 0.00748983211815,
            "hip": 0.0142200803384,
            "jaz": 0.00363647961058,
            "pop": 0.0228182021528,
            "rhy": 0.0072527769953,
            "roc": 0.902893483639,
            "spe": 0.00179346452933
        },
        "probability": 0.902893483639,
        "value": "roc"
    },
    "genre_tzanetakis": {
        "all": {
            "blu": 0.0626613423228,
            "cla": 0.0348169617355,
            "cou": 0.104475811124,
            "dis": 0.0784321576357,
            "hip": 0.15692435205,
            "jaz": 0.313974827528,
            "met": 0.0448166541755,
            "pop": 0.0627359300852,
            "reg": 0.0627360641956,
            "roc": 0.0784258767962
        },
        "probability": 0.313974827528,
        "value": "jaz"
    },
    "ismir04_rhythm": {
        "all": {
            "ChaChaCha": 0.138471662998,
            "Jive": 0.617332398891,
            "Quickstep": 0.0299407243729,
            "Rumba-American": 0.00482446141541,
            "Rumba-International": 0.00623650290072,
            "Rumba-Misc": 0.00303744152188,
            "Samba": 0.101040653884,
            "Tango": 0.00697836326435,
            "VienneseWaltz": 0.0828177779913,
            "Waltz": 0.00932002719492
        },
        "probability": 0.617332398891,
        "value": "Jive"
    },
    "mood_acoustic": {
        "all": {
            "acoustic": 0.0326791964471,
            "not_acoustic": 0.967320799828
        },
        "probability": 0.967320799828,
        "value": "not_acoustic"
    },
    "mood_aggressive": {
        "all": {
            "aggressive": 0.711299538612,
            "not_aggressive": 0.288700431585
        },
        "probability": 0.711299538612,
        "value": "aggressive"
    },
    "mood_electronic": {
        "all": {
            "electronic": 0.130470514297,
            "not_electronic": 0.869529485703
        },
        "probability": 0.869529485703,
        "value": "not_electronic"
    },
    "mood_happy": {
        "all": {
            "happy": 0.153700828552,
            "not_happy": 0.846299171448
        },
        "probability": 0.846299171448,
        "value": "not_happy"
    },
    "mood_party": {
        "all": {
            "not_party": 0.583136975765,
            "party": 0.416863024235
        },
        "probability": 0.583136975765,
        "value": "not_party"
    },
    "mood_relaxed": {
        "all": {
            "not_relaxed": 0.933999896049,
            "relaxed": 0.0660000815988
        },
        "probability": 0.933999896049,
        "value": "not_relaxed"
    },
    "mood_sad": {
        "all": {
            "not_sad": 0.903154850006,
            "sad": 0.0968451350927
        },
        "probability": 0.903154850006,
        "value": "not_sad"
    },
    "moods_mirex": {
        "all": {
            "Cluster1": 0.186431095004,
            "Cluster2": 0.0816642418504,
            "Cluster3": 0.0796158090234,
            "Cluster4": 0.090958610177,
            "Cluster5": 0.561330258846
        },
        "probability": 0.561330258846,
        "value": "Cluster5"
    },
    "timbre": {
        "all": {
            "bright": 0.893718421459,
            "dark": 0.106281593442
        },
        "probability": 0.893718421459,
        "value": "bright"
    },
    "tonal_atonal": {
        "all": {
            "atonal": 0.0267776232213,
            "tonal": 0.973222374916
        },
        "probability": 0.973222374916,
        "value": "tonal"
    },
    "voice_instrumental": {
        "all": {
            "instrumental": 0.00105794682167,
            "voice": 0.99894207716
        },
        "probability": 0.99894207716,
        "value": "voice"
    }
},
"lowlevel": {
    "average_loudness": 0.96590667963,
    "barkbands_crest": {
        "dmean": 2.96180319786,
        "dmean2": 4.9886302948,
        "dvar": 10.0032691956,
        "dvar2": 25.1050739288,
        "max": 22.2655162811,
        "mean": 7.60246276855,
        "median": 6.38671541214,
        "min": 2.47968578339,
        "var": 15.9994459152
    },
    "barkbands_flatness_db": {
        "dmean": 0.0220836028457,
        "dmean2": 0.0368847437203,
        "dvar": 0.000488228281029,
        "dvar2": 0.0013249538606,
        "max": 0.286309361458,
        "mean": 0.126081645489,
        "median": 0.117160923779,
        "min": 0.0585576072335,
        "var": 0.0013112052111
    },
    "barkbands_kurtosis": {
        "dmean": 1.73791348934,
        "dmean2": 3.05350852013,
        "dvar": 12.1276512146,
        "dvar2": 33.5395927429,
        "max": 37.5140151978,
        "mean": 0.376383572817,
        "median": -0.571718215942,
        "min": -1.71467888355,
        "var": 9.12389183044
    },
    "barkbands_skewness": {
        "dmean": 0.538417637348,
        "dmean2": 0.875078499317,
        "dvar": 0.460278123617,
        "dvar2": 1.173417449,
        "max": 5.51852798462,
        "mean": 0.692217886448,
        "median": 0.487032562494,
        "min": -1.02637970448,
        "var": 0.650915801525
    },
    "barkbands_spread": {
        "dmean": 6.35924482346,
        "dmean2": 10.4227647781,
        "dvar": 34.6729011536,
        "dvar2": 89.1452941895,
        "max": 53.0575752258,
        "mean": 27.3820209503,
        "median": 27.3889217377,
        "min": 3.67799472809,
        "var": 77.9181976318
    },
    "dissonance": {
        "dmean": 0.0139255896211,
        "dmean2": 0.0238728243858,
        "dvar": 0.000163501812494,
        "dvar2": 0.000462530995719,
        "max": 0.5,
        "mean": 0.476133942604,
        "median": 0.480513215065,
        "min": 0.40639051795,
        "var": 0.000272284261882
    },
    "dynamic_complexity": 2.17586064339,
    "erbbands_crest": {
        "dmean": 2.46818733215,
        "dmean2": 4.06135368347,
        "dvar": 6.11208677292,
        "dvar2": 15.549826622,
        "max": 25.7003536224,
        "mean": 7.86746311188,
        "median": 6.65918779373,
        "min": 2.90811085701,
        "var": 14.7136898041
    },
    "erbbands_flatness_db": {
        "dmean": 0.01568957977,
        "dmean2": 0.0236869733781,
        "dvar": 0.000222743343329,
        "dvar2": 0.000473705498734,
        "max": 0.298985183239,
        "mean": 0.179533928633,
        "median": 0.173424869776,
        "min": 0.0942057073116,
        "var": 0.00152345700189
    },
    "erbbands_kurtosis": {
        "dmean": 0.525808632374,
        "dmean2": 0.879678308964,
        "dvar": 0.274969786406,
        "dvar2": 0.739571392536,
        "max": 4.48045110703,
        "mean": -0.314839482307,
        "median": -0.457642316818,
        "min": -1.5905739069,
        "var": 0.521910190582
    },
    "erbbands_skewness": {
        "dmean": 0.322529494762,
        "dmean2": 0.51915448904,
        "dvar": 0.0807868540287,
        "dvar2": 0.214189618826,
        "max": 2.04456734657,
        "mean": -0.0491335131228,
        "median": -0.133324280381,
        "min": -1.64408802986,
        "var": 0.282086104155
    },
    "erbbands_spread": {
        "dmean": 6.85051012039,
        "dmean2": 11.2170181274,
        "dvar": 56.8959236145,
        "dvar2": 145.276229858,
        "max": 80.7720565796,
        "mean": 33.1207199097,
        "median": 31.3027267456,
        "min": 12.3657712936,
        "var": 114.527687073
    },
    "hfc": {
        "dmean": 5.19579458237,
        "dmean2": 8.06261920929,
        "dvar": 31.9013671875,
        "dvar2": 77.6816940308,
        "max": 72.7600402832,
        "mean": 24.2183017731,
        "median": 23.4750957489,
        "min": 0.601714909077,
        "var": 174.17237854
    },
    "melbands_crest": {
        "dmean": 3.80704283714,
        "dmean2": 6.43692731857,
        "dvar": 13.8942060471,
        "dvar2": 34.8034095764,
        "max": 28.2085075378,
        "mean": 11.6698474884,
        "median": 10.79712677,
        "min": 3.24947667122,
        "var": 22.1102371216
    },
    "melbands_flatness_db": {
        "dmean": 0.0282257627696,
        "dmean2": 0.044776301831,
        "dvar": 0.000920879130717,
        "dvar2": 0.00226371269673,
        "max": 0.371123164892,
        "mean": 0.148224011064,
        "median": 0.133430108428,
        "min": 0.0511256419122,
        "var": 0.00244221067987
    },
    "melbands_kurtosis": {
        "dmean": 4.86533355713,
        "dmean2": 8.42992019653,
        "dvar": 105.314399719,
        "dvar2": 289.043121338,
        "max": 103.271453857,
        "mean": 4.40982484818,
        "median": 1.62866401672,
        "min": -1.30466914177,
        "var": 81.6833953857
    },
    "melbands_skewness": {
        "dmean": 0.727384269238,
        "dmean2": 1.17829465866,
        "dvar": 0.979348123074,
        "dvar2": 2.49028038979,
        "max": 8.38384151459,
        "mean": 1.61545300484,
        "median": 1.30970489979,
        "min": -0.268583118916,
        "var": 1.35991084576
    },
    "melbands_spread": {
        "dmean": 9.99636936188,
        "dmean2": 16.076051712,
        "dvar": 81.0655593872,
        "dvar2": 193.410507202,
        "max": 83.4406967163,
        "mean": 36.7894058228,
        "median": 38.2303123474,
        "min": 2.31859397888,
        "var": 192.605773926
    },
    "pitch_salience": {
        "dmean": 0.071936622262,
        "dmean2": 0.123092591763,
        "dvar": 0.00422425381839,
        "dvar2": 0.0117631461471,
        "max": 0.803278803825,
        "mean": 0.585355877876,
        "median": 0.593716740608,
        "min": 0.250469982624,
        "var": 0.00730674061924
    },
    "silence_rate_20dB": {
        "dmean": 0,
        "dmean2": 0,
        "dvar": 0,
        "dvar2": 0,
        "max": 1,
        "mean": 1,
        "median": 1,
        "min": 1,
        "var": 0
    },
    "silence_rate_30dB": {
        "dmean": 0,
        "dmean2": 0,
        "dvar": 0,
        "dvar2": 0,
        "max": 1,
        "mean": 1,
        "median": 1,
        "min": 1,
        "var": 0
    },
    "silence_rate_60dB": {
        "dmean": 0.00541795650497,
        "dmean2": 0.0100697129965,
        "dvar": 0.00538861798123,
        "dvar2": 0.0099683040753,
        "max": 1,
        "mean": 0.00696055684239,
        "median": 0,
        "min": 0,
        "var": 0.00691213924438
    },
    "spectral_centroid": {
        "dmean": 317.765441895,
        "dmean2": 508.773040771,
        "dvar": 93556.5625,
        "dvar2": 230462.140625,
        "max": 3233.72558594,
        "mean": 1903.92810059,
        "median": 1978.27453613,
        "min": 423.643341064,
        "var": 227271.03125
    },
    "spectral_complexity": {
        "dmean": 3.67414855957,
        "dmean2": 5.73973655701,
        "dvar": 9.04009342194,
        "dvar2": 22.7967338562,
        "max": 50,
        "mean": 29.4972934723,
        "median": 31,
        "min": 4,
        "var": 73.40234375
    },
    "spectral_decrease": {
        "dmean": 3.00012703569e-09,
        "dmean2": 5.1394977163e-09,
        "dvar": 2.35833196193e-17,
        "dvar2": 6.35816215957e-17,
        "max": -2.2041815595e-10,
        "mean": -6.04318772801e-09,
        "median": -5.02629005084e-09,
        "min": -3.2901574798e-08,
        "var": 2.42368717126e-17
    },
    "spectral_energy": {
        "dmean": 0.0116844763979,
        "dmean2": 0.0199694223702,
        "dvar": 0.000345759821357,
        "dvar2": 0.000932513969019,
        "max": 0.126737698913,
        "mean": 0.0250050779432,
        "median": 0.0213080886751,
        "min": 0.000935753399972,
        "var": 0.000372933020117
    },
    "spectral_energyband_high": {
        "dmean": 0.000204289128305,
        "dmean2": 0.000300288142171,
        "dvar": 5.37641611231e-08,
        "dvar2": 1.1121811383e-07,
        "max": 0.00440948177129,
        "mean": 0.000824895279948,
        "median": 0.000740636722185,
        "min": 7.21221795175e-07,
        "var": 3.76288227244e-07
    },
    "spectral_energyband_low": {
        "dmean": 0.00523539632559,
        "dmean2": 0.00905802845955,
        "dvar": 0.000194028049009,
        "dvar2": 0.000532333739102,
        "max": 0.100755646825,
        "mean": 0.00588973937556,
        "median": 0.00279565202072,
        "min": 7.7979559137e-05,
        "var": 0.000145620477269
    },
    "spectral_energyband_middle_high": {
        "dmean": 0.00217771087773,
        "dmean2": 0.00341764697805,
        "dvar": 1.03670672615e-05,
        "dvar2": 2.65562412096e-05,
        "max": 0.0574443265796,
        "mean": 0.00807409919798,
        "median": 0.00661774305627,
        "min": 0.000143212993862,
        "var": 3.09419629048e-05
    },
    "spectral_energyband_middle_low": {
        "dmean": 0.00756513001397,
        "dmean2": 0.0129440817982,
        "dvar": 0.000183271666174,
        "dvar2": 0.000482583622215,
        "max": 0.106112740934,
        "mean": 0.0112741217017,
        "median": 0.0066633829847,
        "min": 0.000284363457467,
        "var": 0.00019097099721
    },
    "spectral_entropy": {
        "dmean": 0.10133767128,
        "dmean2": 0.164036735892,
        "dvar": 0.0104354377836,
        "dvar2": 0.0250102784485,
        "max": 8.13201236725,
        "mean": 7.67893314362,
        "median": 7.73610830307,
        "min": 6.49672269821,
        "var": 0.0615309365094
    },
    "spectral_flux": {
        "dmean": 0.0290960334241,
        "dmean2": 0.0472694300115,
        "dvar": 0.00165781984106,
        "dvar2": 0.00375195383094,
        "max": 0.30776771903,
        "mean": 0.0923994109035,
        "median": 0.0818052068353,
        "min": 0.0147372931242,
        "var": 0.00272491085343
    },
    "spectral_kurtosis": {
        "dmean": 1.65140473843,
        "dmean2": 2.88549423218,
        "dvar": 3.70990228653,
        "dvar2": 11.1213169098,
        "max": 22.5823326111,
        "mean": 3.62738776207,
        "median": 3.11349916458,
        "min": 0.152971744537,
        "var": 4.80026817322
    },
    "spectral_rms": {
        "dmean": 0.000978491618298,
        "dmean2": 0.00161621964071,
        "dvar": 1.77323931894e-06,
        "dvar2": 4.63081232738e-06,
        "max": 0.0111196460202,
        "mean": 0.00463411398232,
        "median": 0.00455942749977,
        "min": 0.000955473806243,
        "var": 2.92021627502e-06
    },
    "spectral_rolloff": {
        "dmean": 596.397094727,
        "dmean2": 963.30645752,
        "dvar": 336223.3125,
        "dvar2": 777528.625,
        "max": 4586.57226562,
        "mean": 2161.66040039,
        "median": 2347.11914062,
        "min": 150.732421875,
        "var": 740865.4375
    },
    "spectral_skewness": {
        "dmean": 0.201605707407,
        "dmean2": 0.342096954584,
        "dvar": 0.0389052629471,
        "dvar2": 0.103863634169,
        "max": 2.99667286873,
        "mean": 1.10368275642,
        "median": 1.07885444164,
        "min": 0.428832262754,
        "var": 0.0730678960681
    },
    "spectral_spread": {
        "dmean": 262647.9375,
        "dmean2": 400202.125,
        "dvar": 136531058688,
        "dvar2": 206818787328,
        "max": 11869330,
        "mean": 3367551.5,
        "median": 3410652.75,
        "min": 1690904.375,
        "var": 554827317248
    },
    "spectral_strongpeak": {
        "dmean": 0.765906095505,
        "dmean2": 1.31377196312,
        "dvar": 0.874730050564,
        "dvar2": 2.22701859474,
        "max": 8.5313129425,
        "mean": 1.17509591579,
        "median": 0.620452225208,
        "min": 0.031975608319,
        "var": 1.52188754082
    },
    "zerocrossingrate": {
        "dmean": 0.00835331343114,
        "dmean2": 0.0103681283072,
        "dvar": 5.16981017427e-05,
        "dvar2": 8.40164429974e-05,
        "max": 0.14501953125,
        "mean": 0.0720858722925,
        "median": 0.072265625,
        "min": 0.017578125,
        "var": 0.000296285521472
    },
    "barkbands": {
        "dmean": [9.2128146207e-05, 0.00199777400121, 0.0028216522187, 0.00144111481495, 0.00439684418961, 0.000512710190378, 0.000431676366134, 0.000749119499233, 0.00192145642359, 0.000809126882814, 0.000758099195082, 0.000313003285555, 0.000437993236119, 0.000581015017815, 0.000345865119016, 0.000211182021303, 0.000336504977895, 0.000200615468202, 0.00023245193006, 0.000282358611003, 7.84383082646e-05, 4.80731869175e-05, 3.04685090668e-05, 1.87721961993e-05, 9.15763848752e-06, 6.96310962667e-06, 4.31876934215e-09],
        "dmean2": [0.000132344081067, 0.00326196919195, 0.00517412554473, 0.00265291426331, 0.00758759165183, 0.000895786623005, 0.000692601839546, 0.00123184954282, 0.003111530561, 0.00127187313046, 0.00125045515597, 0.000485872878926, 0.000691916735377, 0.00095670716837, 0.000567354320083, 0.000346450833604, 0.00057035475038, 0.000328102556523, 0.000380123121431, 0.000452466803836, 0.000119212258141, 7.3449285992e-05, 4.63830474473e-05, 2.84294364974e-05, 1.36652452056e-05, 9.8051959867e-06, 6.65995925075e-09],
        "dvar": [5.35936841572e-08, 2.36037321883e-05, 5.49884607608e-05, 1.0159111298e-05, 0.000138398885611, 5.91165132846e-07, 4.19024615894e-07, 3.14432918458e-06, 2.0178134946e-05, 5.56704753762e-06, 2.29453007705e-06, 1.06091579255e-06, 9.24780863443e-07, 1.0831262216e-06, 2.47789785135e-07, 6.04797278925e-08, 1.25197729517e-07, 4.09820195557e-08, 7.00270916809e-08, 1.27695940932e-07, 8.50489367821e-09, 3.3144746947e-09, 1.42358080879e-09, 5.75659964142e-10, 2.07352301995e-10, 4.25974866491e-10, 2.23346431037e-15],
        "dvar2": [9.01843932866e-08, 5.7606244809e-05, 0.000159303497639, 2.9586315577e-05, 0.000366441119695, 1.66846939464e-06, 1.04981700133e-06, 7.43471355236e-06, 5.5414493545e-05, 1.37059605549e-05, 6.29468468105e-06, 2.43294994107e-06, 2.20649008043e-06, 3.01086515719e-06, 7.04370222593e-07, 1.54333491764e-07, 3.45900929233e-07, 1.11734948405e-07, 1.76071225155e-07, 3.15435812581e-07, 1.9025060638e-08, 7.57586882116e-09, 3.24812710062e-09, 1.20026022454e-09, 4.4870016036e-10, 7.93293430945e-10, 2.42148106071e-15],
        "max": [0.00160612072796, 0.0340990237892, 0.0526783168316, 0.0237951297313, 0.0877409800887, 0.00714273937047, 0.00721181184053, 0.0288820080459, 0.0650215446949, 0.0497167147696, 0.0225537829101, 0.0240848641843, 0.0156342871487, 0.0104284882545, 0.00836292374879, 0.00310787977651, 0.004444017075, 0.00213297246955, 0.00276233279146, 0.00582934729755, 0.00138768565375, 0.000937886594329, 0.0006720207748, 0.000463370000944, 0.000201854971237, 0.000276874139672, 1.63698234701e-06],
        "mean": [9.85759979812e-05, 0.00222671357915, 0.00277798087336, 0.00145502819214, 0.00385062233545, 0.000747649522964, 0.000708447070792, 0.00106316851452, 0.0028908282984, 0.00132509181276, 0.00132565782405, 0.000508054392412, 0.000689031789079, 0.00104658771306, 0.000689521722961, 0.000474310712889, 0.000780241098255, 0.000485862779897, 0.000601709471084, 0.000707435887307, 0.000229436627706, 0.000144308476592, 9.26229113247e-05, 5.52690107725e-05, 2.1679830752e-05, 9.25169752009e-06, 3.46754869263e-09],
        "median": [5.28302734892e-06, 0.000903279404156, 0.00126574095339, 0.000763512565754, 0.000953520473558, 0.000483175943373, 0.000494192354381, 0.000472434912808, 0.000875825935509, 0.000583325512707, 0.000597386853769, 0.000197807996301, 0.000268453644821, 0.000481285445858, 0.000494302425068, 0.00040264101699, 0.00071040156763, 0.000443836906925, 0.000508947239723, 0.000531318015419, 0.000167978432728, 0.000125145394122, 7.60440307204e-05, 4.65106604679e-05, 1.42925937325e-05, 1.83730332992e-06, 3.83501758128e-10],
        "min": [1.66445990324e-09, 2.20756955969e-05, 9.34591298574e-06, 5.74623982175e-06, 1.0779573131e-05, 3.57563385478e-06, 5.19126069776e-06, 5.11581401952e-06, 4.81965525978e-06, 6.46933585813e-06, 1.38255445563e-05, 7.24694064047e-06, 4.69480619358e-06, 2.16312446355e-06, 2.57856390817e-06, 2.24194059228e-06, 2.97590236187e-06, 1.47866842326e-06, 1.73144042037e-06, 5.43629369076e-07, 2.77676605265e-07, 6.40604440605e-08, 3.14085433217e-08, 8.59105897533e-10, 6.05948017457e-12, 5.08591562962e-12, 7.11472287335e-12],
        "var": [7.63391838632e-08, 2.16215066757e-05, 3.59682017006e-05, 6.49381763651e-06, 0.000105475613964, 6.51713435218e-07, 5.81971562497e-07, 4.79634491057e-06, 3.49285910488e-05, 8.17509771878e-06, 4.46830154033e-06, 1.91571734831e-06, 1.55232874022e-06, 2.05452215596e-06, 4.80379924284e-07, 1.27240639358e-07, 2.36140010657e-07, 1.00622443711e-07, 1.97070718855e-07, 4.29767197829e-07, 3.99658190986e-08, 1.5143726273e-08, 7.3732642214e-09, 2.87356582973e-09, 6.76930456134e-10, 6.78416267608e-10, 2.19259242957e-15]
    },
    "erbbands": {
        "dmean": [0.0483934134245, 0.530988276005, 2.70161342621, 4.54824399948, 12.2085237503, 14.6260480881, 3.65461325645, 4.8013677597, 4.88596010208, 10.960062027, 22.979681015, 43.8064422607, 25.3012294769, 25.2753829956, 23.969789505, 15.3568582535, 19.4197826385, 26.2216949463, 21.3637065887, 16.1355991364, 12.2661237717, 16.1101779938, 9.86229515076, 11.5627393723, 13.0644550323, 13.8589229584, 3.28402590752, 3.52571678162, 1.83562493324, 1.19991528988, 0.774084329605, 0.521617949009, 0.274209141731, 0.124318495393, 0.0687736421824, 0.0360957160592, 0.0128515260294, 0.000954432005528, 2.08684159588e-05, 1.32198792926e-05],
        "dmean2": [0.076970346272, 0.938857614994, 4.94548225403, 8.37880897522, 21.372587204, 25.3852939606, 6.24182701111, 8.43039131165, 7.84438323975, 18.1124839783, 36.241230011, 70.7482833862, 39.738822937, 41.1417160034, 38.7659378052, 24.099401474, 30.3511352539, 43.1960639954, 34.8396606445, 26.2007865906, 19.7297668457, 27.4595947266, 16.2359828949, 19.269153595, 20.5681190491, 22.0278835297, 5.17880535126, 5.40335702896, 2.80904221535, 1.8247127533, 1.17515146732, 0.79480445385, 0.426112800837, 0.193744122982, 0.101262301207, 0.052145704627, 0.0187713392079, 0.00147434463724, 3.1285417208e-05, 2.21490190597e-05],
        "dvar": [0.0174726322293, 1.75387322903, 46.8221855164, 135.317199707, 869.632568359, 1578.640625, 48.2219161987, 50.6492958069, 43.3763160706, 399.332214355, 3121.93383789, 13264.1611328, 2627.34936523, 5005.85400391, 1856.10559082, 2623.88525391, 1990.2755127, 2805.8828125, 1084.1920166, 396.817810059, 172.640686035, 329.283233643, 102.25491333, 131.775863647, 273.361602783, 294.046539307, 14.1349058151, 19.556137085, 5.6639289856, 2.11525940895, 0.905824542046, 0.474301040173, 0.131013929844, 0.0317015387118, 0.0165329966694, 0.0106327012181, 0.00158272823319, 9.60054603638e-06, 2.88150547867e-09, 4.09824202352e-10],
        "dvar2": [0.0327737294137, 4.81772851944, 136.144180298, 391.572387695, 2300.97460938, 4223.59619141, 130.809371948, 146.696334839, 107.580581665, 1053.42443848, 7524.06835938, 36687.7070312, 6056.48681641, 12609.0732422, 4916.32177734, 6236.91308594, 4691.98242188, 7576.65917969, 3052.08569336, 982.581542969, 451.438842773, 930.676635742, 269.658996582, 369.447113037, 649.59777832, 739.254150391, 35.1438102722, 43.6563491821, 12.9946174622, 4.93073368073, 1.99469733238, 1.03189611435, 0.317857891321, 0.075715303421, 0.0334914587438, 0.0199605375528, 0.00315221049823, 1.90959308384e-05, 5.42681366511e-09, 1.09765130318e-09],
        "max": [0.825360059738, 9.28533554077, 48.1385192871, 88.9119110107, 214.423141479, 303.617553711, 56.9193496704, 72.9955291748, 70.6428985596, 258.947509766, 796.63659668, 1649.14038086, 604.326538086, 1669.46313477, 589.935241699, 1173.82287598, 625.101013184, 605.651428223, 488.40234375, 271.719787598, 179.50012207, 279.943847656, 142.575439453, 103.488174438, 205.340133667, 258.554962158, 55.6142425537, 57.0304718018, 42.047542572, 27.1877250671, 16.3328762054, 11.5987586975, 6.82965993881, 3.07934951782, 1.76278531551, 1.44709169865, 0.496510535479, 0.0681980773807, 0.00109856680501, 0.000139557640068],
        "mean": [0.0510588288307, 0.564034461975, 2.80573487282, 4.58164739609, 10.7739276886, 12.5745258331, 4.77856445312, 6.97626495361, 8.83989620209, 16.0652313232, 34.4624710083, 67.9569625854, 45.2813987732, 42.5008926392, 45.2228813171, 26.4082889557, 32.890586853, 46.7696113586, 43.7221031189, 33.8773460388, 31.6214466095, 38.7419776917, 26.8680458069, 30.1181545258, 35.091709137, 34.0512695312, 10.4543476105, 9.96394538879, 5.54030513763, 3.64857912064, 2.35941314697, 1.48816502094, 0.71919465065, 0.292880773544, 0.140184029937, 0.0515884310007, 0.015850128606, 0.00113443087321, 3.86363863072e-05, 3.23359163303e-05],
        "median": [0.00815071444958, 0.273117899895, 1.43401122093, 2.24752926826, 2.99326181412, 3.04826402664, 2.82715439796, 4.51627922058, 6.31376504898, 10.1908178329, 11.8094387054, 21.5707302094, 20.7960662842, 20.8136749268, 25.2087211609, 10.8559827805, 14.0266275406, 23.3517589569, 28.1754722595, 25.2679958344, 27.861125946, 35.013671875, 24.7836875916, 28.5788822174, 25.3383674622, 26.5675926208, 8.95216178894, 7.20690870285, 4.69418430328, 3.20199608803, 1.94410336018, 1.22442090511, 0.577681720257, 0.19894631207, 0.0780313685536, 0.0150492694229, 0.00228358944878, 0.000109801949293, 2.0744446374e-05, 2.85622281808e-05],
        "min": [0.000361107377103, 0.00811208225787, 0.0184445902705, 0.0517300702631, 0.03059909679, 0.0433876216412, 0.0431642830372, 0.0735132470727, 0.166691541672, 0.0894242450595, 0.13595020771, 0.150604814291, 0.178620964289, 0.526383519173, 0.767704606056, 0.620933592319, 0.410769581795, 0.620973527431, 0.523787677288, 0.201875701547, 0.132704481483, 0.163130134344, 0.0877601206303, 0.105715937912, 0.0788055881858, 0.0308671183884, 0.014639230445, 0.00891331862658, 0.00253612617962, 0.0020447105635, 0.000745129364077, 0.000172776257386, 8.89721468411e-06, 3.16574778481e-06, 2.13367320612e-06, 1.43739919167e-06, 5.811941719e-07, 9.64234700973e-08, 8.47375872581e-07, 1.19488902328e-06],
        "var": [0.0199837423861, 1.27727258205, 30.5298881531, 86.2588577271, 673.846923828, 1160.12341309, 42.325592041, 56.9261398315, 73.5439529419, 431.851470947, 5605.02197266, 23299.3476562, 5608.07421875, 6406.32324219, 3764.2668457, 4219.95263672, 3261.75292969, 4586.19873047, 2186.48657227, 912.001342773, 415.683380127, 572.416687012, 249.331115723, 328.84753418, 1005.57666016, 951.661254883, 60.2644271851, 85.3306350708, 24.2719154358, 10.339261055, 4.58319091797, 2.08860874176, 0.539083302021, 0.119615145028, 0.0391050502658, 0.0170303918421, 0.00237234844826, 1.61634125107e-05, 5.47436362908e-09, 5.26027055248e-10]
    },
    "gfcc": {
        "mean": [10.8266134262, 107.119926453, -161.093673706, 47.2692489624, -60.2408332825, 10.8345594406, -29.4421310425, 7.44906997681, -20.3869018555, -8.58143520355, -15.8025770187, -12.7291240692, -8.6029882431],
        "cov": [[3085.19921875, -1625.21362305, 781.861938477, -62.8830184937, -498.103027344, 459.35067749, -352.093231201, 429.606414795, -508.142700195, 313.978240967, -444.754058838, 58.8269577026, -275.428039551], [-1625.21362305, 1224.94750977, -410.435455322, 69.699798584, 366.87600708, -324.614379883, 244.422698975, -320.635345459, 314.784942627, -217.843917847, 284.425537109, -76.1963195801, 167.98286438], [781.861938477, -410.435455322, 519.984619141, 27.4580383301, -80.3346405029, 123.954177856, -169.244430542, 132.574768066, -140.421875, 117.390846252, -141.231140137, 71.7805404663, -96.3084869385], [-62.8830184937, 69.699798584, 27.4580383301, 169.745193481, 31.2160625458, 25.3262195587, -3.93817090988, 12.1411504745, 49.7240028381, -32.3976478577, 40.2979507446, -20.2275352478, 41.471408844], [-498.103027344, 366.87600708, -80.3346405029, 31.2160625458, 246.959991455, -77.7039871216, 104.03087616, -98.4635238647, 84.7618789673, -42.0941352844, 72.1137924194, 4.23723983765, 35.4879112244], [459.35067749, -324.614379883, 123.954177856, 25.3262195587, -77.7039871216, 205.067504883, -22.4692230225, 95.9439315796, -91.7600708008, 54.8923950195, -43.0105628967, 17.7748088837, -23.1317081451], [-352.093231201, 244.422698975, -169.244430542, -3.93817090988, 104.03087616, -22.4692230225, 183.565093994, -46.878326416, 66.2266769409, -43.2894325256, 70.1728057861, -16.4002876282, 31.0825901031], [429.606414795, -320.635345459, 132.574768066, 12.1411504745, -98.4635238647, 95.9439315796, -46.878326416, 179.024932861, -31.3908901215, 65.9776916504, -80.3656005859, 5.27563142776, -48.8330154419], [-508.142700195, 314.784942627, -140.421875, 49.7240028381, 84.7618789673, -91.7600708008, 66.2266769409, -31.3908901215, 191.44921875, -41.3215179443, 73.3425979614, -45.7030448914, 48.3303642273], [313.978240967, -217.843917847, 117.390846252, -32.3976478577, -42.0941352844, 54.8923950195, -43.2894325256, 65.9776916504, -41.3215179443, 105.783218384, -49.0420303345, 17.0517539978, -53.8253479004], [-444.754058838, 284.425537109, -141.231140137, 40.2979507446, 72.1137924194, -43.0105628967, 70.1728057861, -80.3656005859, 73.3425979614, -49.0420303345, 133.642120361, -4.88954734802, 52.9329109192], [58.8269577026, -76.1963195801, 71.7805404663, -20.2275352478, 4.23723983765, 17.7748088837, -16.4002876282, 5.27563142776, -45.7030448914, 17.0517539978, -4.88954734802, 82.0906600952, -4.26978969574], [-275.428039551, 167.98286438, -96.3084869385, 41.471408844, 35.4879112244, -23.1317081451, 31.0825901031, -48.8330154419, 48.3303642273, -53.8253479004, 52.9329109192, -4.26978969574, 81.0963745117]],
        "icov": [[0.0017241416499, 0.000749088765588, -0.000754308770411, -0.000784230767749, 0.000876813370269, -0.000437128037447, -0.000471634411952, -4.60723749711e-05, 0.00185125810094, -0.000916623685043, 0.00157273514196, 0.00123959232587, 0.000780990056228], [0.000749088765588, 0.0131751568988, -0.00611406611279, 0.00397208007053, -0.00583816831931, 0.00827717687935, -0.00539991864935, 0.00548614142463, -0.00553933018818, 0.0078816767782, -0.0123426625505, 0.00929165631533, -0.00667216721922], [-0.000754308770411, -0.00611406611279, 0.00873110163957, -0.0046983929351, 0.00113975431304, -0.00465614208952, 0.00556117948145, -0.00258192722686, 0.00266928924248, -0.00520342728123, 0.00832936819643, -0.00830225273967, 0.00644303672016], [-0.000784230767749, 0.00397208007053, -0.0046983929351, 0.0134836221114, -0.00461070751771, 0.00060264050262, 0.000668839027639, -0.00149610603694, -0.0046563767828, 0.00737768877298, -0.0100946510211, 0.00688968226314, -0.00771053973585], [0.000876813370269, -0.00583816831931, 0.00113975431304, -0.00461070751771, 0.0118596581742, -0.0030358559452, -0.00246494403109, 0.0017200068105, 0.00154265458696, -0.00545175559819, 0.00798411760479, -0.0060296007432, 0.00464059365913], [-0.000437128037447, 0.00827717687935, -0.00465614208952, 0.00060264050262, -0.0030358559452, 0.0164492204785, -0.0064877923578, -0.000658475852106, 0.00128261919599, 0.0017902442487, -0.0105993524194, 0.00681779673323, -0.00865595601499], [-0.000471634411952, -0.00539991864935, 0.00556117948145, 0.000668839027639, -0.00246494403109, -0.0064877923578, 0.0139260087162, -0.00412101252005, 0.000933107978199, -0.000667966203764, 0.00236801127903, -0.00375913642347, 0.00451191933826], [-4.60723749711e-05, 0.00548614142463, -0.00258192722686, -0.00149610603694, 0.0017200068105, -0.000658475852106, -0.00412101252005, 0.0170712135732, -0.00807488337159, 0.000644024927169, 0.0012620416237, 0.000673970789649, 0.00154849491082], [0.00185125810094, -0.00553933018818, 0.00266928924248, -0.0046563767828, 0.00154265458696, 0.00128261919599, 0.000933107978199, -0.00807488337159, 0.0182664487511, -0.00767622375861, 0.00389934983104, 0.00236262916587, -0.000618197896983], [-0.000916623685043, 0.0078816767782, -0.00520342728123, 0.00737768877298, -0.00545175559819, 0.0017902442487, -0.000667966203764, 0.000644024927169, -0.00767622375861, 0.0255127828568, -0.0107005415484, 0.00399718200788, 0.00285159284249], [0.00157273514196, -0.0123426625505, 0.00832936819643, -0.0100946510211, 0.00798411760479, -0.0105993524194, 0.00236801127903, 0.0012620416237, 0.00389934983104, -0.0107005415484, 0.0330689847469, -0.0133213419467, 0.00758516928181], [0.00123959232587, 0.00929165631533, -0.00830225273967, 0.00688968226314, -0.0060296007432, 0.00681779673323, -0.00375913642347, 0.000673970789649, 0.00236262916587, 0.00399718200788, -0.0133213419467, 0.0260519236326, -0.0106779774651], [0.000780990056228, -0.00667216721922, 0.00644303672016, -0.00771053973585, 0.00464059365913, -0.00865595601499, 0.00451191933826, 0.00154849491082, -0.000618197896983, 0.00285159284249, 0.00758516928181, -0.0106779774651, 0.0318501777947]]
    },
    "melbands": {
        "dmean": [0.000466681405669, 0.00117635447532, 0.000902756350115, 0.00117512838915, 0.00017826326075, 0.00010329351062, 7.71132981754e-05, 0.000124587997561, 0.000240280627622, 0.000260197062744, 0.000124892772874, 0.000106130108179, 0.000102155201603, 3.35197000823e-05, 5.66989801882e-05, 3.25227156281e-05, 5.63743815292e-05, 4.06572689826e-05, 2.12945615203e-05, 1.815323958e-05, 1.75748282345e-05, 1.99657279154e-05, 1.41674508995e-05, 1.07805290099e-05, 1.05204644569e-05, 8.28498468763e-06, 1.28277906697e-05, 9.21967784961e-06, 2.5411200113e-06, 1.9960307327e-06, 2.30948103308e-06, 1.28964313717e-06, 8.43463169531e-07, 7.69604866946e-07, 5.419012723e-07, 3.88918550698e-07, 3.61250585001e-07, 2.46588029995e-07, 1.32405361342e-07, 1.10298181255e-07],
        "dmean2": [0.000736715679523, 0.00213733618148, 0.00163384003099, 0.00203428859822, 0.000308970542392, 0.000181167328265, 0.00012321016402, 0.000205389762414, 0.000382365862606, 0.000419807620347, 0.000196587701794, 0.000172010841197, 0.000166909419931, 5.27024058101e-05, 8.93892211025e-05, 5.0931059377e-05, 9.28919253056e-05, 6.55125186313e-05, 3.500220555e-05, 2.94600777124e-05, 2.8529930205e-05, 3.41138074873e-05, 2.3870374207e-05, 1.78492846317e-05, 1.75333334482e-05, 1.34419688038e-05, 2.0233068426e-05, 1.48212520799e-05, 4.19471598434e-06, 3.15849638355e-06, 3.56569512405e-06, 2.01817806555e-06, 1.37855465709e-06, 1.21287405364e-06, 8.61205023739e-07, 5.97095038302e-07, 5.62469438137e-07, 3.94460954567e-07, 2.05609026693e-07, 1.75907615585e-07],
        "dvar": [1.42835767747e-06, 9.16545923246e-06, 3.58744227924e-06, 9.97270399239e-06, 1.59707226999e-07, 2.32470380723e-08, 1.07889901457e-08, 5.32272181886e-08, 3.40527520848e-07, 4.10205245771e-07, 7.12316676754e-08, 1.04437923198e-07, 4.00578592519e-08, 8.87363338364e-09, 1.67398361839e-08, 4.50434489707e-09, 1.34811877217e-08, 4.06932265662e-09, 9.09373798486e-10, 4.40986885897e-10, 3.18176929248e-10, 4.72526517914e-10, 2.64592792121e-10, 1.32505922901e-10, 1.09549598559e-10, 9.21644704999e-11, 3.00881541904e-10, 1.38926897764e-10, 8.7119617076e-12, 6.6706653222e-12, 8.74157950886e-12, 3.18323188989e-12, 9.25304646272e-13, 1.0165467643e-12, 4.6022875181e-13, 2.73017421388e-13, 2.32368432222e-13, 1.06644470273e-13, 3.24992853809e-14, 2.46174642357e-14],
        "dvar2": [3.05796515931e-06, 2.6341775083e-05, 1.02582480395e-05, 2.64166992565e-05, 4.41839887344e-07, 6.68103083967e-08, 2.64984603149e-08, 1.36739103596e-07, 8.60522106905e-07, 1.12750490189e-06, 1.66003545132e-07, 2.64023668706e-07, 1.07262970062e-07, 2.11239008507e-08, 4.04606801396e-08, 1.05343271883e-08, 3.65569157168e-08, 1.1293495028e-08, 2.56473153826e-09, 1.091467694e-09, 8.17253487106e-10, 1.34743316504e-09, 7.12195136199e-10, 3.55002971464e-10, 3.11773912243e-10, 2.24459603682e-10, 7.39150629592e-10, 3.51270512677e-10, 2.4017258668e-11, 1.51442330898e-11, 1.98355099706e-11, 7.77921217027e-12, 2.23497327416e-12, 2.50046836535e-12, 1.06214722347e-12, 6.74465529e-13, 5.18561376565e-13, 2.7694120326e-13, 8.18340282148e-14, 6.01259832395e-14],
        "max": [0.00780402310193, 0.0208941325545, 0.0135873919353, 0.0234416965395, 0.00320735340938, 0.00149663409684, 0.000977065064944, 0.0033614966087, 0.00780815677717, 0.00890428572893, 0.00300985504873, 0.00764296669513, 0.00304882321507, 0.00197857362218, 0.0020220214501, 0.000927122891881, 0.00121797656175, 0.000837117491756, 0.000520527712069, 0.00028405917692, 0.000209232588531, 0.000303127046209, 0.000175755252712, 0.000123627003632, 9.70867622527e-05, 0.000127094695927, 0.000261705252342, 0.000211480582948, 4.51973101008e-05, 4.68816106149e-05, 3.34162141371e-05, 2.83153203782e-05, 1.22355804706e-05, 1.86304732779e-05, 1.18523776109e-05, 9.53566450335e-06, 8.26235282148e-06, 4.95474751006e-06, 3.0680744203e-06, 2.28705630434e-06],
        "mean": [0.000525333394762, 0.00125236297026, 0.000918172707316, 0.00100331846625, 0.000210022422834, 0.000151936488692, 0.000137689014082, 0.000179298061994, 0.000347911729477, 0.000407165643992, 0.000215750900679, 0.000166627025465, 0.000180244140211, 5.96658064751e-05, 8.91705494723e-05, 5.27004340256e-05, 9.60708493949e-05, 7.73128849687e-05, 4.35602960351e-05, 3.72531940229e-05, 3.99193486373e-05, 4.37466369476e-05, 2.91316264338e-05, 2.41000088863e-05, 2.43513604801e-05, 2.10939197132e-05, 3.04777404381e-05, 2.0611247237e-05, 6.57272676108e-06, 5.0102626119e-06, 5.97518555878e-06, 3.28917531078e-06, 2.25861140279e-06, 1.95325651475e-06, 1.43274189668e-06, 1.00589068097e-06, 8.90964372502e-07, 5.69734879718e-07, 2.82770997728e-07, 2.27381818263e-07],
        "median": [0.000158386610565, 0.000638098455966, 0.000433248176705, 0.000223281051149, 0.000113297552161, 9.97875686153e-05, 9.90154294414e-05, 0.000108698557597, 9.39158780966e-05, 0.000130472806632, 8.82846507011e-05, 7.60946204537e-05, 8.30623175716e-05, 2.84779271169e-05, 2.86363883788e-05, 2.48886117333e-05, 4.27829909313e-05, 4.49903636763e-05, 3.33381794917e-05, 2.98550112348e-05, 3.33246243827e-05, 3.86898573197e-05, 2.41390534939e-05, 2.15090058191e-05, 2.26040046982e-05, 1.67068828887e-05, 1.94502281374e-05, 1.55835496116e-05, 5.58987539989e-06, 3.55361817128e-06, 4.18630725108e-06, 2.52223958341e-06, 2.04280058824e-06, 1.56385340233e-06, 1.17696492907e-06, 8.04485353001e-07, 6.91022421506e-07, 4.62958666958e-07, 1.72713654933e-07, 1.46411125002e-07],
        "min": [4.68853431812e-06, 1.5577996237e-05, 1.06726174636e-05, 2.2302351681e-06, 1.75835714344e-06, 1.38604411859e-06, 1.32511274842e-06, 6.59475745124e-07, 1.08275946786e-06, 7.09918992925e-07, 6.16542365606e-07, 2.03759100259e-06, 2.41888938035e-06, 9.51630681811e-07, 1.13253372547e-06, 3.88123169159e-07, 2.33216709944e-07, 5.52494157091e-07, 1.93490080846e-07, 1.59738561933e-07, 1.7813813713e-07, 1.95322584773e-07, 9.61344355233e-08, 7.22325026459e-08, 8.37548199684e-08, 7.44956238918e-08, 2.78264327136e-08, 1.70843499347e-08, 8.97438567904e-09, 7.24404491947e-09, 3.93359034234e-09, 7.76917419287e-10, 1.0946391571e-09, 9.03979557876e-10, 4.43467679245e-10, 2.44639725144e-10, 2.9290271597e-11, 1.44150804574e-13, 8.32204517429e-14, 6.20217039619e-14],
