{
"highlevel": {
    "danceability": {
        "all": {
            "danceable": 0.366623729467,
            "not_danceable": 0.63337624073
        },
        "probability": 0.63337624073,
        "value": "not_danceable"
    },
    "gender": {
        "all": {
            "female": 0.851277470589,
            "male": 0.14872251451
        },
        "probability": 0.851277470589,
        "value": "female"
    },
    "genre_dortmund": {
        "all": {
            "alternative": 0.162243977189,
            "blues": 0.0820739418268,
            "electronic": 0.0144451223314,
            "folkcountry": 0.245852172375,
            "funksoulrnb": 0.00763533217832,
            "jazz": 0.0898111835122,
            "pop": 0.0858200490475,
            "raphiphop": 0.0161204133183,
            "rock": 0.295997798443
        },
        "probability": 0.295997798443,
        "value": "rock"
    },
    "genre_electronic": {
        "all": {
            "ambient": 0.909895837307,
            "dnb": 0.0173720512539,
            "house": 0.055812433362,
            "techno": 0.00378230493516,
            "trance": 0.0131373628974
        },
        "probability": 0.909895837307,
        "value": "ambient"
    },
    "genre_rosamerica": {
        "all": {
            "cla": 0.0128013798967,
            "dan": 0.00886829663068,
            "hip": 0.0455139577389,
            "jaz": 0.259153395891,
            "pop": 0.180967360735,
            "rhy": 0.456951081753,
            "roc": 0.0152536593378,
            "spe": 0.0204908717424
        },
        "probability": 0.456951081753,
        "value": "rhy"
    },
    "genre_tzanetakis": {
        "all": {
            "blu": 0.0626613423228,
            "cla": 0.0348169617355,
            "cou": 0.104475811124,
            "dis": 0.0784321576357,
            "hip": 0.15692435205,
            "jaz": 0.313974827528,
            "met": 0.0448166541755,
            "pop": 0.0627359300852,
            "reg": 0.0627360641956,
            "roc": 0.0784258767962
        },
        "probability": 0.313974827528,
        "value": "jaz"
    },
    "ismir04_rhythm": {
        "all": {
            "ChaChaCha": 0.0698523297906,
            "Jive": 0.00531840184703,
            "Quickstep": 0.0160043183714,
            "Rumba-American": 0.0368842706084,
            "Rumba-International": 0.497703492641,
            "Rumba-Misc": 0.0333309657872,
            "Samba": 0.025767236948,
            "Tango": 0.210124850273,
            "VienneseWaltz": 0.0782763585448,
            "Waltz": 0.0267377700657
        },
        "probability": 0.497703492641,
        "value": "Rumba-International"
    },
    "mood_acoustic": {
        "all": {
            "acoustic": 0.977592647076,
            "not_acoustic": 0.0224073361605
        },
        "probability": 0.977592647076,
        "value": "acoustic"
    },
    "mood_aggressive": {
        "all": {
            "aggressive": 0.151510745287,
            "not_aggressive": 0.848489224911
        },
        "probability": 0.848489224911,
        "value": "not_aggressive"
    },
    "mood_electronic": {
        "all": {
            "electronic": 0.276240944862,
            "not_electronic": 0.723759055138
        },
        "probability": 0.723759055138,
        "value": "not_electronic"
    },
    "mood_happy": {
        "all": {
            "happy": 0.106359824538,
            "not_happy": 0.893640160561
        },
        "probability": 0.893640160561,
        "value": "not_happy"
    },
    "mood_party": {
        "all": {
            "not_party": 0.983458042145,
            "party": 0.0165419783443
        },
        "probability": 0.983458042145,
        "value": "not_party"
    },
    "mood_relaxed": {
        "all": {
            "not_relaxed": 0.0974426791072,
            "relaxed": 0.902557313442
        },
        "probability": 0.902557313442,
        "value": "relaxed"
    },
    "mood_sad": {
        "all": {
            "not_sad": 0.0298460628837,
            "sad": 0.970153927803
        },
        "probability": 0.970153927803,
        "value": "sad"
    },
    "moods_mirex": {
        "all": {
            "Cluster1": 0.183071151376,
            "Cluster2": 0.232116058469,
            "Cluster3": 0.513366520405,
            "Cluster4": 0.0449258983135,
            "Cluster5": 0.0265203882009
        },
        "probability": 0.513366520405,
        "value": "Cluster3"
    },
    "timbre": {
        "all": {
            "bright": 0.832036972046,
            "dark": 0.167963042855
        },
        "probability": 0.832036972046,
        "value": "bright"
    },
    "tonal_atonal": {
        "all": {
            "atonal": 0.0198384765536,
            "tonal": 0.980161547661
        },
        "probability": 0.980161547661,
        "value": "tonal"
    },
    "voice_instrumental": {
        "all": {
            "instrumental": 0.000137708033435,
            "voice": 0.999862313271
        },
        "probability": 0.999862313271,
        "value": "voice"
    }
},
"lowlevel": {
    "average_loudness": 0.945048928261,
    "barkbands_crest": {
        "dmean": 2.29571247101,
        "dmean2": 3.69605565071,
        "dvar": 5.11076259613,
        "dvar2": 12.331905365,
        "max": 23.9082260132,
        "mean": 12.8221340179,
        "median": 12.2862176895,
        "min": 4.58469438553,
        "var": 14.4909152985
    },
    "barkbands_flatness_db": {
        "dmean": 0.0225918572396,
        "dmean2": 0.0341809764504,
        "dvar": 0.000518406042829,
        "dvar2": 0.00106901105028,
        "max": 0.391921699047,
        "mean": 0.236889839172,
        "median": 0.239417687058,
        "min": 0.0907709598541,
        "var": 0.00249204644933
    },
    "barkbands_kurtosis": {
        "dmean": 5.17222309113,
        "dmean2": 8.20122623444,
        "dvar": 52.7389335632,
        "dvar2": 125.74937439,
        "max": 91.7385025024,
        "mean": 13.7542219162,
        "median": 10.6368789673,
        "min": -1.84792006016,
        "var": 191.898666382
    },
    "barkbands_skewness": {
        "dmean": 0.588849127293,
        "dmean2": 0.895987391472,
        "dvar": 0.418288469315,
        "dvar2": 0.933423161507,
        "max": 8.82985687256,
        "mean": 2.37834763527,
        "median": 2.55241012573,
        "min": -1.73695373535,
        "var": 3.0281765461
    },
    "barkbands_spread": {
        "dmean": 3.00326347351,
        "dmean2": 4.36754131317,
        "dvar": 40.388885498,
        "dvar2": 72.1755218506,
        "max": 98.8226852417,
        "mean": 9.90234947205,
        "median": 6.93216466904,
        "min": 0.818967759609,
        "var": 111.158424377
    },
    "dissonance": {
        "dmean": 0.0364048741758,
        "dmean2": 0.0596027746797,
        "dvar": 0.0011631604284,
        "dvar2": 0.00332563184202,
        "max": 0.497972667217,
        "mean": 0.414589077234,
        "median": 0.424467653036,
        "min": 0.21309427917,
        "var": 0.0028840417508
    },
    "dynamic_complexity": 3.45340538025,
    "erbbands_crest": {
        "dmean": 2.63433074951,
        "dmean2": 4.18186998367,
        "dvar": 7.05075788498,
        "dvar2": 16.4875202179,
        "max": 32.0390586853,
        "mean": 12.0512485504,
        "median": 10.5891418457,
        "min": 3.0925526619,
        "var": 30.1008319855
    },
    "erbbands_flatness_db": {
        "dmean": 0.0200072173029,
        "dmean2": 0.0277417935431,
        "dvar": 0.000467729929369,
        "dvar2": 0.00081941409735,
        "max": 0.353522151709,
        "mean": 0.19489531219,
        "median": 0.19156318903,
        "min": 0.0740277469158,
        "var": 0.00297456886619
    },
    "erbbands_kurtosis": {
        "dmean": 2.30567884445,
        "dmean2": 3.49999547005,
        "dvar": 11.5748262405,
        "dvar2": 27.1702651978,
        "max": 51.0579147339,
        "mean": 4.45772600174,
        "median": 2.23221158981,
        "min": -1.78542709351,
        "var": 45.8208427429
    },
    "erbbands_skewness": {
        "dmean": 0.447492331266,
        "dmean2": 0.675167918205,
        "dvar": 0.195675387979,
        "dvar2": 0.411402285099,
        "max": 5.1191649437,
        "mean": 0.992786049843,
        "median": 1.06915831566,
        "min": -2.78240203857,
        "var": 1.40291118622
    },
    "erbbands_spread": {
        "dmean": 7.84701824188,
        "dmean2": 11.4652576447,
        "dvar": 142.79057312,
        "dvar2": 286.088409424,
        "max": 163.29019165,
        "mean": 29.7059440613,
        "median": 24.5716247559,
        "min": 2.2136619091,
        "var": 514.387573242
    },
    "hfc": {
        "dmean": 4.33193588257,
        "dmean2": 6.10935163498,
        "dvar": 57.7784385681,
        "dvar2": 113.986557007,
        "max": 106.924613953,
        "mean": 15.4816713333,
        "median": 7.56272125244,
        "min": 0.695208013058,
        "var": 271.148529053
    },
    "melbands_crest": {
        "dmean": 2.61079573631,
        "dmean2": 4.15376377106,
        "dvar": 6.03316783905,
        "dvar2": 16.264125824,
        "max": 30.485118866,
        "mean": 16.1795215607,
        "median": 15.8850021362,
        "min": 6.09846162796,
        "var": 18.0153198242
    },
    "melbands_flatness_db": {
        "dmean": 0.0249958150089,
        "dmean2": 0.0360190309584,
        "dvar": 0.000755866523832,
        "dvar2": 0.00142393331043,
        "max": 0.489068806171,
        "mean": 0.310909956694,
        "median": 0.314462661743,
        "min": 0.122331500053,
        "var": 0.00433144625276
    },
    "melbands_kurtosis": {
        "dmean": 10.723025322,
        "dmean2": 16.9754600525,
        "dvar": 493.460083008,
        "dvar2": 1131.76672363,
        "max": 341.314544678,
        "mean": 25.0397148132,
        "median": 18.0998840332,
        "min": -1.80882048607,
        "var": 924.885070801
    },
    "melbands_skewness": {
        "dmean": 0.782187819481,
        "dmean2": 1.1972925663,
        "dvar": 0.941552102566,
        "dvar2": 2.07202076912,
        "max": 13.6278953552,
        "mean": 3.04596090317,
        "median": 3.15556621552,
        "min": -1.53664505482,
        "var": 4.55492162704
    },
    "melbands_spread": {
        "dmean": 2.79152703285,
        "dmean2": 4.20784044266,
        "dvar": 26.2611408234,
        "dvar2": 50.141708374,
        "max": 104.092658997,
        "mean": 10.5679073334,
        "median": 6.404109478,
        "min": 1.08104777336,
        "var": 109.35382843
    },
    "pitch_salience": {
        "dmean": 0.061612688005,
        "dmean2": 0.10073029995,
        "dvar": 0.00415730662644,
        "dvar2": 0.0106701347977,
        "max": 0.784828066826,
        "mean": 0.48714569211,
        "median": 0.483930826187,
        "min": 0.222329989076,
        "var": 0.0116001414135
    },
    "silence_rate_20dB": {
        "dmean": 0,
        "dmean2": 0,
        "dvar": 0,
        "dvar2": 0,
        "max": 1,
        "mean": 1,
        "median": 1,
        "min": 1,
        "var": 0
    },
    "silence_rate_30dB": {
        "dmean": 0.030959751457,
        "dmean2": 0.0619674660265,
        "dvar": 0.0300014745444,
        "dvar2": 0.0720698535442,
        "max": 1,
        "mean": 0.975251376629,
        "median": 1,
        "min": 0,
        "var": 0.0241359677166
    },
    "silence_rate_60dB": {
        "dmean": 0.00464396271855,
        "dmean2": 0.00929511990398,
        "dvar": 0.00462235510349,
        "dvar2": 0.00920875743032,
        "max": 1,
        "mean": 0.00773395225406,
        "median": 0,
        "min": 0,
        "var": 0.00767418835312
    },
    "spectral_centroid": {
        "dmean": 97.4638290405,
        "dmean2": 143.414596558,
        "dvar": 31158.390625,
        "dvar2": 56807.8632812,
        "max": 3270.94555664,
        "mean": 574.561706543,
        "median": 459.44430542,
        "min": 186.743331909,
        "var": 128366.585938
    },
    "spectral_complexity": {
        "dmean": 1.93111455441,
        "dmean2": 2.79318356514,
        "dvar": 8.29640102386,
        "dvar2": 11.9161529541,
        "max": 45,
        "mean": 10.0943546295,
        "median": 9,
        "min": 3,
        "var": 27.5193252563
    },
    "spectral_decrease": {
        "dmean": 2.54446241854e-09,
        "dmean2": 3.99272837015e-09,
        "dvar": 2.28168904597e-17,
        "dvar2": 5.23068652965e-17,
        "max": -4.40269487534e-10,
        "mean": -8.17701817368e-09,
        "median": -6.19874818142e-09,
        "min": -4.81287720788e-08,
        "var": 4.66808195212e-17
    },
    "spectral_energy": {
        "dmean": 0.00990266632289,
        "dmean2": 0.0154874408618,
        "dvar": 0.000336234807037,
        "dvar2": 0.000766572367866,
        "max": 0.187576293945,
        "mean": 0.032266177237,
        "median": 0.0244675651193,
        "min": 0.00172954658046,
        "var": 0.000720533833373
    },
    "spectral_energyband_high": {
        "dmean": 0.000207591190701,
        "dmean2": 0.00027307056007,
        "dvar": 4.39800771801e-07,
        "dvar2": 7.99793838269e-07,
        "max": 0.011871792376,
        "mean": 0.000343909428921,
        "median": 5.28509590367e-05,
        "min": 8.62130775658e-08,
        "var": 9.2620371106e-07
    },
    "spectral_energyband_low": {
        "dmean": 0.00602950900793,
        "dmean2": 0.00979892350733,
        "dvar": 0.000259384542005,
        "dvar2": 0.000605730048846,
        "max": 0.171787962317,
        "mean": 0.0131369959563,
        "median": 0.00977308209985,
        "min": 3.38702848239e-05,
        "var": 0.00031726816087
    },
    "spectral_energyband_middle_high": {
        "dmean": 0.00134264375083,
        "dmean2": 0.00191177299712,
        "dvar": 9.37165532378e-06,
        "dvar2": 1.86787601706e-05,
        "max": 0.0516145266593,
        "mean": 0.00408729212359,
        "median": 0.000673757342156,
        "min": 3.31631017616e-05,
        "var": 6.38132696622e-05
    },
    "spectral_energyband_middle_low": {
        "dmean": 0.00571015011519,
        "dmean2": 0.00885969400406,
        "dvar": 0.000109088025056,
        "dvar2": 0.000271976634394,
        "max": 0.153891324997,
        "mean": 0.0170568767935,
        "median": 0.010544299148,
        "min": 0.00121669983491,
        "var": 0.000284339592326
    },
    "spectral_entropy": {
        "dmean": 0.232234120369,
        "dmean2": 0.3153039217,
        "dvar": 0.0747466981411,
        "dvar2": 0.124834693968,
        "max": 8.52093791962,
        "mean": 6.63738203049,
        "median": 6.54802274704,
        "min": 4.98582649231,
        "var": 0.360972076654
    },
    "spectral_flux": {
        "dmean": 0.0273112189025,
        "dmean2": 0.0439507588744,
        "dvar": 0.00157402083278,
        "dvar2": 0.00400235131383,
        "max": 0.367596924305,
        "mean": 0.0684252604842,
        "median": 0.0505431219935,
        "min": 0.00985469855368,
        "var": 0.00300386967137
    },
    "spectral_kurtosis": {
        "dmean": 3.92326426506,
        "dmean2": 6.23919630051,
        "dvar": 29.1964321136,
        "dvar2": 72.5327911377,
        "max": 83.6716918945,
        "mean": 11.255897522,
        "median": 9.33811378479,
        "min": -1.2425750494,
        "var": 85.3767929077
    },
    "spectral_rms": {
        "dmean": 0.000748901918996,
        "dmean2": 0.00114797207061,
        "dvar": 1.1771849131e-06,
        "dvar2": 2.50468679042e-06,
        "max": 0.0135277956724,
        "mean": 0.00520751299337,
        "median": 0.00488577457145,
        "min": 0.00129898521118,
        "var": 4.36101618106e-06
    },
    "spectral_rolloff": {
        "dmean": 173.58164978,
        "dmean2": 295.459381104,
        "dvar": 463976.0625,
        "dvar2": 858215.9375,
        "max": 9582.27539062,
        "mean": 645.76184082,
        "median": 430.6640625,
        "min": 86.1328125,
        "var": 885918.1875
    },
    "spectral_skewness": {
        "dmean": 0.393568098545,
        "dmean2": 0.581117033958,
        "dvar": 0.188382938504,
        "dvar2": 0.394102007151,
        "max": 6.71736717224,
        "mean": 2.62622404099,
        "median": 2.61362290382,
        "min": 0.264152050018,
        "var": 0.87913441658
    },
    "spectral_spread": {
        "dmean": 695173.6875,
        "dmean2": 961330.25,
        "dvar": 894357536768,
        "dvar2": 1.39953805722e+12,
        "max": 16715616,
        "mean": 4251519,
        "median": 3649146.75,
        "min": 876197.5,
        "var": 3.58383747072e+12
    },
    "spectral_strongpeak": {
        "dmean": 0.528092026711,
        "dmean2": 0.875475823879,
        "dvar": 1.13245332241,
        "dvar2": 2.41516375542,
        "max": 10.510052681,
        "mean": 1.52042591572,
        "median": 0.62616443634,
        "min": 0.0556939728558,
        "var": 4.01928710938
    },
    "zerocrossingrate": {
        "dmean": 0.00641265977174,
        "dmean2": 0.00745092239231,
        "dvar": 0.000114257643872,
        "dvar2": 0.000141034179251,
        "max": 0.2412109375,
        "mean": 0.0312972031534,
        "median": 0.02587890625,
        "min": 0.00537109375,
        "var": 0.000527715717908
    },
    "barkbands": {
        "dmean": [0.000110638691694, 0.00364422658458, 0.00187767122407, 0.00204171519727, 0.00231384602375, 0.000915199052542, 0.000759731978178, 0.00101363100111, 0.00129129609559, 0.000162714539329, 0.000286658236291, 0.000561642402317, 0.000326723704347, 0.000244368624408, 0.000146424412378, 5.70749834878e-05, 6.07422080066e-05, 3.53271025233e-05, 3.06676847686e-05, 2.65092803602e-05, 3.51557864633e-05, 3.21355910273e-05, 4.45691221103e-05, 5.26169678778e-05, 3.8389229303e-05, 1.63723143487e-05, 1.64750146858e-09],
        "dmean2": [0.000190395017853, 0.00593235343695, 0.00313239800744, 0.0034874943085, 0.00358167197555, 0.00138778204564, 0.00114318728447, 0.00151097262278, 0.00194514950272, 0.000248451833613, 0.000458245776827, 0.000749473401811, 0.000438937131548, 0.000389562803321, 0.000212449187529, 9.06183777261e-05, 8.21203939267e-05, 5.44356225873e-05, 4.30834152212e-05, 3.38995996572e-05, 4.76598579553e-05, 4.45995392511e-05, 6.19831043878e-05, 7.49108221498e-05, 5.62758905289e-05, 2.30892055697e-05, 2.97980995434e-09],
        "dvar": [1.54262508545e-07, 0.000195918342797, 1.43098923218e-05, 4.48565988336e-05, 1.63748554769e-05, 5.00872147313e-06, 5.15759575137e-06, 1.61144907906e-05, 1.66266381711e-05, 2.92385692546e-07, 1.50415996814e-06, 3.63223739441e-06, 1.6096496438e-06, 2.8947440569e-06, 9.01536623132e-07, 3.77578608379e-08, 5.8411011139e-08, 1.09235438472e-08, 7.16984382976e-09, 9.88420101322e-09, 9.46696054882e-09, 1.25036372367e-08, 2.0859603822e-08, 3.93554913103e-08, 2.88627237666e-08, 2.9998119544e-09, 1.22739284406e-17],
        "dvar2": [4.02619633633e-07, 0.000451095489552, 3.78160366381e-05, 0.000123648307635, 3.42558050761e-05, 9.77853233053e-06, 1.08628191811e-05, 3.54459662049e-05, 3.60282538168e-05, 7.36319464067e-07, 3.21092829836e-06, 6.03373882768e-06, 2.23578126679e-06, 7.45020315662e-06, 1.88052354133e-06, 1.00493871003e-07, 9.78857741529e-08, 2.39574369232e-08, 1.20659064962e-08, 2.00219911761e-08, 1.79520842636e-08, 2.19674145541e-08, 4.08203781888e-08, 8.37516367369e-08, 6.38664090502e-08, 6.15047390795e-09, 3.45967265496e-17],
        "max": [0.00385859166272, 0.131028473377, 0.0510770082474, 0.124142676592, 0.0569537952542, 0.0454426817596, 0.041950777173, 0.0715239197016, 0.0673859417439, 0.0105883432552, 0.0284124463797, 0.0473891049623, 0.0387593209743, 0.0479903779924, 0.0281236264855, 0.00508721591905, 0.00738512026146, 0.00182090292219, 0.00230135559104, 0.0021226699464, 0.00141077395529, 0.00230632023886, 0.00204171566293, 0.00458693690598, 0.00357525399886, 0.00107197242323, 4.59623556992e-08],
        "mean": [0.000107376763481, 0.00486695207655, 0.00582182081416, 0.00350842019543, 0.00509990332648, 0.00179143669084, 0.00151349056978, 0.00199245661497, 0.00307037425227, 0.000260228494881, 0.000589068396948, 0.00183908478357, 0.000589478062466, 0.000306593225105, 0.000230662204558, 9.47755106608e-05, 0.000116828479804, 5.31299920112e-05, 5.53683858016e-05, 3.59217010555e-05, 5.38925851288e-05, 4.65619450551e-05, 6.63763785269e-05, 7.90405028965e-05, 5.13685554324e-05, 2.55630711763e-05, 1.31141186799e-09],
        "median": [2.935324801e-06, 0.00114727707114, 0.00412363884971, 0.00203622924164, 0.00236979103647, 0.000725665478967, 0.000410257373005, 0.000227563054068, 0.000167600301211, 6.29665300949e-05, 2.15398140426e-05, 4.51043306384e-05, 5.13059458171e-05, 2.54177721217e-05, 2.73477853625e-05, 1.63904351211e-05, 2.09263234865e-05, 9.69134271145e-06, 1.33661278596e-05, 3.29788190356e-06, 8.08492677606e-06, 3.8741654862e-06, 8.89752300282e-06, 8.46815873956e-06, 3.92581887354e-06, 4.95524136568e-06, 4.04569738821e-10],
        "min": [9.94062876458e-09, 1.35053016947e-06, 1.96829114429e-05, 4.67091103928e-06, 2.0710467652e-05, 1.22275077956e-05, 4.09887024944e-06, 9.99189069262e-07, 4.80100516143e-06, 1.45195053847e-06, 3.21538664139e-07, 2.04987372854e-07, 5.7389416952e-07, 1.39318032666e-07, 4.01187691068e-07, 1.26029007674e-07, 2.32244602216e-07, 7.17448571663e-08, 3.12994998808e-08, 3.69083181795e-08, 2.52826843905e-08, 2.50052689665e-09, 8.70790017871e-09, 5.24922372236e-09, 6.46876441301e-10, 1.98706832238e-11, 8.77795492543e-12],
        "var": [1.70061255744e-07, 0.000206186625292, 3.19841274177e-05, 3.86846768379e-05, 4.73609361507e-05, 1.6077348846e-05, 1.74170381797e-05, 4.80871203763e-05, 7.69783728174e-05, 3.77002635332e-07, 5.90944137002e-06, 4.21142758569e-05, 6.03901025897e-06, 3.5259051856e-06, 1.88780757071e-06, 7.84303324508e-08, 1.90323163451e-07, 2.08756496534e-08, 2.02128322968e-08, 1.53687942372e-08, 2.04278371996e-08, 2.60866457324e-08, 4.05157294381e-08, 6.10810673152e-08, 3.95283237253e-08, 5.28424282109e-09, 9.77635087963e-18]
    },
    "erbbands": {
        "dmean": [0.0762761160731, 0.914658606052, 1.91913688183, 5.07572031021, 6.35658359528, 8.87561035156, 10.6782026291, 6.50223588943, 8.62912845612, 15.49447155, 20.8294410706, 27.6452026367, 17.398393631, 7.27659845352, 17.5733261108, 15.2114896774, 15.4814252853, 9.4717874527, 9.42008781433, 6.47699785233, 2.72516393661, 3.13437342644, 1.91972160339, 1.61732661724, 1.44975733757, 1.15215682983, 1.48007905483, 1.28313827515, 1.22868251801, 1.09086978436, 1.34756422043, 1.10338234901, 0.948143720627, 0.582171559334, 0.17812910676, 0.0968845710158, 0.0272245649248, 0.00201621674933, 4.1193641664e-05, 1.24096286527e-05],
        "dmean2": [0.128906220198, 1.47187244892, 3.15758943558, 8.46415424347, 10.1089420319, 14.0704803467, 16.5458545685, 9.98934745789, 12.986823082, 22.5398921967, 30.8743972778, 41.0473518372, 24.3560943604, 10.6717777252, 24.6071281433, 20.2846298218, 20.8336277008, 14.9977684021, 14.3552036285, 9.31828117371, 4.0440363884, 4.25019454956, 2.86767840385, 2.36224579811, 1.90933084488, 1.42511796951, 2.0568780899, 1.72207605839, 1.75352156162, 1.53444230556, 1.86802625656, 1.60272932053, 1.34883236885, 0.855171024799, 0.253538429737, 0.136458098888, 0.0382945649326, 0.00321690365672, 6.09327071288e-05, 1.87856239791e-05],
        "dvar": [0.0521213673055, 13.8500099182, 24.5495128632, 190.260894775, 358.914978027, 243.88482666, 568.380615234, 299.065307617, 787.730895996, 2334.59838867, 7832.0234375, 8226.31933594, 5515.33691406, 763.816101074, 2232.18310547, 2277.22607422, 4488.47314453, 3878.07080078, 2686.19042969, 880.137390137, 75.1557312012, 179.460128784, 23.7373256683, 20.0577850342, 23.3674907684, 14.7233953476, 19.0687274933, 13.6916484833, 19.1737613678, 11.8451766968, 19.4175300598, 14.7353420258, 16.9437007904, 6.42441558838, 0.448097616434, 0.10753159225, 0.00873060617596, 5.63155554119e-05, 2.05262917774e-08, 5.28443011572e-10],
        "dvar2": [0.137181520462, 31.1687278748, 61.1645240784, 526.644592285, 895.009216309, 515.337219238, 1144.38305664, 659.765563965, 1673.84936523, 4477.37548828, 19014.6777344, 16658.1289062, 12514.4921875, 1586.40466309, 4185.8671875, 3783.26025391, 6037.59765625, 10522.8828125, 6174.12060547, 1798.71459961, 153.401855469, 234.452728271, 49.6095733643, 45.4069595337, 32.5653877258, 25.4838638306, 38.7166748047, 23.5205898285, 34.8318824768, 22.5187492371, 37.0289001465, 31.9852714539, 37.8997955322, 14.4217176437, 0.899958014488, 0.214720144868, 0.0191508196294, 0.000139830459375, 4.81529021101e-08, 1.14734810541e-09],
        "max": [2.09893965721, 36.0520401001, 68.4053421021, 258.190643311, 237.531173706, 228.253616333, 421.489196777, 342.284912109, 616.944213867, 931.297607422, 1759.02087402, 1585.07312012, 1909.16845703, 668.342651367, 896.57409668, 1236.61242676, 2054.54125977, 1385.33007812, 1375.05126953, 795.71472168, 240.223739624, 521.010131836, 87.0454101562, 50.1817703247, 153.469314575, 72.8735198975, 59.1474685669, 70.6197128296, 71.3009185791, 62.4270133972, 64.095451355, 78.3261184692, 99.6906585693, 55.0791854858, 11.3958959579, 6.06153964996, 1.92633891106, 0.168178111315, 0.0032088032458, 0.000259921507677],
        "mean": [0.102206155658, 1.26182591915, 5.39731502533, 11.6165361404, 10.6122217178, 19.0113735199, 21.6672096252, 13.0871744156, 19.225561142, 32.6929283142, 37.7943649292, 60.3020896912, 43.6774749756, 15.1646337509, 52.6563415527, 47.0152168274, 28.8554134369, 14.0871152878, 13.810210228, 10.2556753159, 5.93211889267, 6.47645521164, 3.51313304901, 2.61124777794, 2.61858224869, 1.69552886486, 2.10704135895, 2.06721353531, 1.73933541775, 1.65861153603, 1.99670338631, 1.56588459015, 1.380017519, 0.762835264206, 0.245774835348, 0.142573297024, 0.0420442335308, 0.00269728363492, 7.19632662367e-05, 4.0293634811e-05],
        "median": [0.0175459310412, 0.361931860447, 3.92093586922, 8.42063713074, 6.08688735962, 7.67289209366, 7.44173240662, 5.73050308228, 5.95837163925, 6.66073322296, 6.49991464615, 4.04972314835, 3.60850930214, 3.35059833527, 1.82115828991, 2.28309345245, 2.47732186317, 1.76205909252, 1.9923363924, 0.844117641449, 1.17190361023, 1.1396394968, 0.832398116589, 0.569240152836, 0.563900887966, 0.185012996197, 0.30083194375, 0.224031507969, 0.144416555762, 0.208356827497, 0.260251790285, 0.167155742645, 0.118961729109, 0.0459381081164, 0.0253477804363, 0.0214947201312, 0.00783322099596, 0.000454072258435, 2.56982530118e-05, 2.96453126793e-05],
        "min": [5.20944995515e-05, 0.000994268804789, 0.0119236037135, 0.0699655637145, 0.231718555093, 0.103758379817, 0.286641746759, 0.239178329706, 0.273826926947, 0.200016573071, 0.131525740027, 0.148220479488, 0.0703321546316, 0.0426158607006, 0.0469216182828, 0.0719146952033, 0.0564136952162, 0.0368565320969, 0.0342141985893, 0.0299929827452, 0.0163423325866, 0.0159154292196, 0.00852235592902, 0.00332717131823, 0.00222128722817, 0.0015722902026, 0.00158458168153, 0.000726340920664, 0.00013867848611, 0.000128708605189, 0.000235547558987, 0.00012348643213, 9.39633027883e-05, 3.90162895201e-05, 3.58257534572e-06, 1.64889661391e-06, 9.54207621362e-07, 1.55249182399e-07, 8.45202578148e-07, 1.94711014956e-06],
        "var": [0.0694441497326, 14.0036916733, 36.8304252625, 188.368164062, 372.777404785, 839.393066406, 2045.70898438, 702.98046875, 3379.51391602, 8284.86328125, 15288.9697266, 31221.6640625, 20607.1386719, 2160.32568359, 18842.8242188, 24584.9882812, 16089.9384766, 3680.10400391, 4516.30615234, 1744.99560547, 314.260437012, 595.620727539, 65.9129180908, 38.7091598511, 65.1380157471, 28.6012306213, 36.2614784241, 32.6419525146, 36.640171051, 26.1463737488, 38.3972396851, 24.4589576721, 22.2340354919, 8.63298416138, 0.748665630817, 0.187603399158, 0.0142607102171, 6.7460219725e-05, 2.8973566657e-08, 1.23536259e-09]
    },
    "gfcc": {
        "mean": [-48.2389717102, 128.285079956, -79.9840927124, 21.5185947418, -58.4160995483, 17.618270874, -43.4119644165, 4.90666055679, -24.2937507629, -5.48477745056, -17.3984012604, -5.9243388176, -16.2077999115],
        "cov": [[4631.63916016, -2013.09729004, -323.434631348, -5.46472597122, -366.886291504, 311.606872559, -15.4959278107, 423.92880249, -293.530853271, 242.355361938, -439.366088867, 382.41494751, -196.202407837], [-2013.09729004, 1403.2713623, -76.9531478882, -311.791412354, 312.350097656, -110.674560547, 237.693572998, -202.409683228, 144.433654785, -144.785766602, 257.876922607, -175.798446655, 91.9087600708], [-323.434631348, -76.9531478882, 669.424133301, 220.940811157, -147.61315918, -23.1966762543, -166.717010498, 29.5220050812, 73.576210022, 3.81638813019, 10.4031744003, 36.1923675537, 55.589881897], [-5.46472597122, -311.791412354, 220.940811157, 532.581237793, -60.998966217, -65.8992004395, -228.685775757, -17.0697460175, 49.4299621582, 20.6057739258, -12.1365289688, -62.7910232544, 53.9559898376], [-366.886291504, 312.350097656, -147.61315918, -60.998966217, 303.976318359, 28.2024269104, 88.0631408691, -49.9249916077, 24.0111522675, 0.886873722076, 30.961473465, -31.3753356934, 20.3149852753], [311.606872559, -110.674560547, -23.1966762543, -65.8992004395, 28.2024269104, 217.805145264, 114.782371521, 24.2049102783, -39.8409156799, 35.7768287659, -1.1544547081, 58.1319122314, -5.64228487015], [-15.4959278107, 237.693572998, -166.717010498, -228.685775757, 88.0631408691, 114.782371521, 338.659393311, 44.9532546997, -64.5243835449, -24.7326393127, 53.8998641968, 26.262676239, -50.5199775696], [423.92880249, -202.409683228, 29.5220050812, -17.0697460175, -49.9249916077, 24.2049102783, 44.9532546997, 170.137374878, -18.8411102295, 11.4392080307, -40.1563224792, 45.4237136841, -26.3420124054], [-293.530853271, 144.433654785, 73.576210022, 49.4299621582, 24.0111522675, -39.8409156799, -64.5243835449, -18.8411102295, 132.629333496, -0.384077042341, 6.90057420731, -42.8000221252, 45.6763191223], [242.355361938, -144.785766602, 3.81638813019, 20.6057739258, 0.886873722076, 35.7768287659, -24.7326393127, 11.4392080307, -0.384077042341, 125.878227234, -11.155125618, -1.88849496841, -9.24681472778], [-439.366088867, 257.876922607, 10.4031744003, -12.1365289688, 30.961473465, -1.1544547081, 53.8998641968, -40.1563224792, 6.90057420731, -11.155125618, 155.005523682, -9.85103702545, 19.1930217743], [382.41494751, -175.798446655, 36.1923675537, -62.7910232544, -31.3753356934, 58.1319122314, 26.262676239, 45.4237136841, -42.8000221252, -1.88849496841, -9.85103702545, 182.352050781, 0.700738132], [-196.202407837, 91.9087600708, 55.589881897, 53.9559898376, 20.3149852753, -5.64228487015, -50.5199775696, -26.3420124054, 45.6763191223, -9.24681472778, 19.1930217743, 0.700738132, 106.700668335]],
        "icov": [[0.000973726506345, 0.00114847056102, 0.000531955098268, 0.000269463373115, 0.000207367527764, -0.000198445370188, -0.000353156035999, -0.000599394843448, -4.11931760027e-05, -0.00053088425193, 0.000699044496287, -0.000625424145255, -0.000127332954435], [0.00114847056102, 0.0090048443526, -0.00156767957378, 0.00501743750647, -0.00406704423949, 0.00417005131021, -0.00520132202655, 0.00404633535072, -0.00494096474722, 0.00401601055637, -0.00619598990306, 0.00458724796772, -0.00428648525849], [0.000531955098268, -0.00156767957378, 0.00314253917895, -0.00181694678031, 0.00221537402831, -0.00175164674874, 0.00172441848554, -0.00212629651651, 0.000217311200686, -0.00142699317075, 0.00177636230364, -0.00252653518692, 0.000867565104272], [0.000269463373115, 0.00501743750647, -0.00181694678031, 0.00600721454248, -0.00275666243397, 0.0023171082139, -0.00105386145879, 0.00219353009015, -0.0023609274067, 0.00270100170746, -0.00451753288507, 0.0043356330134, -0.00319867790677], [0.000207367527764, -0.00406704423949, 0.00221537402831, -0.00275666243397, 0.00698296772316, -0.00270257168449, 0.00118833500892, -0.0015774507774, 0.00135743827559, -0.00318077858537, 0.00412107026204, -0.00295634474605, 0.00124651438091], [-0.000198445370188, 0.00417005131021, -0.00175164674874, 0.0023171082139, -0.00270257168449, 0.00967044290155, -0.0058056502603, 0.00346994586289, -0.00191845255904, 0.00014104427828, -0.0030266509857, 0.00140776438639, -0.00371358008124], [-0.000353156035999, -0.00520132202655, 0.00172441848554, -0.00105386145879, 0.00118833500892, -0.0058056502603, 0.0105156339705, -0.00526092434302, 0.00447847833857, -0.000578076636884, 0.00123438693117, -0.00203286670148, 0.00443628104404], [-0.000599394843448, 0.00404633535072, -0.00212629651651, 0.00219353009015, -0.0015774507774, 0.00346994586289, -0.00526092434302, 0.0113289635628, -0.00368226435967, 0.00216395244934, -0.00236789439805, 0.00192977034021, -0.00162213563453], [-4.11931760027e-05, -0.00494096474722, 0.000217311200686, -0.0023609274067, 0.00135743827559, -0.00191845255904, 0.00447847833857, -0.00368226435967, 0.0142680890858, -0.00313652632758, 0.00432015769184, -0.000861932931002, -0.00103874120396], [-0.00053088425193, 0.00401601055637, -0.00142699317075, 0.00270100170746, -0.00318077858537, 0.00014104427828, -0.000578076636884, 0.00216395244934, -0.00313652632758, 0.012399260886, -0.00506796780974, 0.00427211122587, -0.000883497763425], [0.000699044496287, -0.00619598990306, 0.00177636230364, -0.00451753288507, 0.00412107026204, -0.0030266509857, 0.00123438693117, -0.00236789439805, 0.00432015769184, -0.00506796780974, 0.015220538713, -0.00548554444686, 0.00204622768797], [-0.000625424145255, 0.00458724796772, -0.00252653518692, 0.0043356330134, -0.00295634474605, 0.00140776438639, -0.00203286670148, 0.00192977034021, -0.000861932931002, 0.00427211122587, -0.00548554444686, 0.0116285346448, -0.00417671073228], [-0.000127332954435, -0.00428648525849, 0.000867565104272, -0.00319867790677, 0.00124651438091, -0.00371358008124, 0.00443628104404, -0.00162213563453, -0.00103874120396, -0.000883497763425, 0.00204622768797, -0.00417671073228, 0.0152893774211]]
    },
    "melbands": {
        "dmean": [0.000875732570421, 0.00112458143849, 0.000876736245118, 0.000485523487441, 0.000383041828172, 0.000150619962369, 0.000135126480018, 0.000186819801456, 0.000165595847648, 0.000187293888303, 8.67575436132e-05, 2.82682085526e-05, 5.32004596607e-05, 7.73041974753e-05, 2.65341150225e-05, 2.8396896596e-05, 1.84341515705e-05, 1.79986564035e-05, 1.24932857943e-05, 5.06066726302e-06, 3.35218237524e-06, 3.28170858666e-06, 3.06356969304e-06, 1.56114174388e-06, 1.37194945182e-06, 1.1072442021e-06, 1.0134834838e-06, 7.54089853672e-07, 9.98583459477e-07, 7.936355928e-07, 7.91431716607e-07, 7.04874537405e-07, 6.47241733986e-07, 6.52203027585e-07, 8.24624407869e-07, 7.43103726109e-07, 6.82409961428e-07, 6.52857636396e-07, 6.94928473877e-07, 4.49530745072e-07],
        "dmean2": [0.0014391366858, 0.0017964191502, 0.00145640224218, 0.000762466108426, 0.000594542128965, 0.000230363599258, 0.000206165932468, 0.000274540710961, 0.000242644760874, 0.000281484070001, 0.000122502242448, 4.14463756897e-05, 7.87371754996e-05, 0.000101678124338, 3.6048986658e-05, 4.09879721701e-05, 2.96455746138e-05, 2.78078496194e-05, 1.77399324457e-05, 8.18078115117e-06, 4.92315712108e-06, 4.64973163616e-06, 4.71120210932e-06, 2.24551763495e-06, 2.06923709811e-06, 1.55249927047e-06, 1.35833010972e-06, 9.62821104622e-07, 1.3912653003e-06, 1.13321027584e-06, 1.10314772428e-06, 1.04716946225e-06, 9.03654154172e-07, 9.40344364153e-07, 1.13551652703e-06, 1.09242148483e-06, 9.92602508632e-07, 9.39662811561e-07, 1.00458908037e-06, 6.60732894175e-07],
        "dvar": [9.47511489358e-06, 1.23007848742e-05, 6.74510101817e-06, 8.31116722111e-07, 6.11446182575e-07, 1.48152494717e-07, 1.79875996764e-07, 3.5631384776e-07, 4.43172183395e-07, 3.74060931563e-07, 1.38774524316e-07, 1.15183826921e-08, 2.81097669586e-08, 7.37797734018e-08, 1.19999672421e-08, 1.40296441131e-08, 1.66624491982e-08, 1.3270394561e-08, 8.70153549215e-09, 3.6923170077e-10, 1.34523323037e-10, 2.80716450085e-10, 7.40718250625e-11, 3.16936650535e-11, 1.53839024852e-11, 8.00753647417e-12, 2.12561478835e-11, 5.95601996542e-12, 9.55351076026e-12, 4.29593209963e-12, 5.68654455121e-12, 6.32874785564e-12, 6.27259355568e-12, 4.08541603325e-12, 6.61107280031e-12, 7.45402177482e-12, 4.68850088961e-12, 6.05697046338e-12, 1.39200933766e-11, 3.08890131355e-12],
        "dvar2": [2.24654286285e-05, 2.84961879515e-05, 1.83263036888e-05, 1.79666449185e-06, 1.22936512525e-06, 3.11588962632e-07, 3.83498758083e-07, 7.17528962468e-07, 1.07977348307e-06, 7.66914752148e-07, 3.09967248313e-07, 2.37644215417e-08, 5.97521250256e-08, 1.19245825658e-07, 1.78767702863e-08, 2.50338558772e-08, 4.49466810437e-08, 3.14529344791e-08, 1.7779990813e-08, 9.22931397973e-10, 2.36248326457e-10, 4.21926604766e-10, 1.3650987285e-10, 6.82091327864e-11, 3.62452880209e-11, 1.27848174755e-11, 4.39961851673e-11, 9.86255434959e-12, 1.97199010593e-11, 8.87162305424e-12, 1.00277390558e-11, 1.20864325492e-11, 1.2560117009e-11, 8.38404345949e-12, 1.2627683621e-11, 1.60832649282e-11, 1.02812541466e-11, 1.30672000997e-11, 3.30295998885e-11, 6.93807684915e-12],
        "max": [0.0279826167971, 0.0394440703094, 0.0455925799906, 0.0109787415713, 0.0154960360378, 0.00688317650929, 0.00874115806073, 0.0102787613869, 0.0122100664303, 0.0104017732665, 0.00940025132149, 0.00248584663495, 0.00358640868217, 0.00686808628961, 0.00315581960604, 0.00285385455936, 0.00300150038674, 0.00348915858194, 0.00283161131665, 0.00040460244054, 0.000304585177219, 0.000573070719838, 0.000176454064786, 0.000133552559419, 4.82340292365e-05, 7.30730680516e-05, 0.000102920450445, 3.27755260514e-05, 4.11894470744e-05, 3.45629341609e-05, 4.25352300226e-05, 3.38807112712e-05, 6.27989284112e-05, 2.70428536169e-05, 3.83480473829e-05, 5.18769775226e-05, 3.97410185542e-05, 6.01671417826e-05, 8.33574667922e-05, 3.47632994817e-05],
        "mean": [0.00114984787069, 0.0025438289158, 0.00193784025032, 0.00101840810385, 0.000826269621029, 0.000294708763249, 0.000296945887385, 0.00040680746315, 0.000279063533526, 0.000431815511547, 0.000214254410821, 5.12147962581e-05, 0.000133653273224, 0.000259268679656, 4.36693517258e-05, 5.23208873346e-05, 2.43755657721e-05, 2.44995862886e-05, 1.92317238543e-05, 7.69788857724e-06, 6.82154040987e-06, 6.4780087996e-06, 5.12935184815e-06, 2.43439581027e-06, 2.02882938538e-06, 2.08712117455e-06, 1.46615207086e-06, 1.05991330202e-06, 1.33153787374e-06, 1.2106105487e-06, 1.22136088976e-06, 9.71773033598e-07, 8.82658923729e-07, 9.56797066465e-07, 1.20287586469e-06, 9.99849930849e-07, 9.41759083162e-07, 9.5673431133e-07, 9.07296339392e-07, 5.57674695756e-07],
        "median": [0.000242156893364, 0.00170068780426, 0.00141030945815, 0.000501492002513, 0.000292705924949, 0.000122088109492, 9.30829846766e-05, 7.06361388438e-05, 4.28516577813e-05, 2.19635167014e-05, 1.58562706929e-05, 1.02576996142e-05, 4.96871962241e-06, 5.62885861655e-06, 4.50434754384e-06, 5.01671775055e-06, 2.55886016021e-06, 2.70767327493e-06, 1.61042999025e-06, 7.25949860225e-07, 1.28224633045e-06, 9.863960031e-07, 1.15932721201e-06, 3.70846606756e-07, 3.80897489549e-07, 4.94110906857e-07, 2.30113855082e-07, 7.65637224731e-08, 1.43131813957e-07, 2.03781439723e-07, 9.49163947439e-08, 6.40581063749e-08, 7.95591788005e-08, 1.19298491086e-07, 1.54867578317e-07, 1.00055004282e-07, 9.73655502889e-08, 8.34251636661e-08, 6.16747328763e-08, 3.0598052092e-08],
        "min": [2.74938258826e-07, 5.10691779709e-06, 1.3677534298e-05, 7.89303248894e-06, 7.09644791641e-06, 2.55876784649e-06, 4.04304273616e-06, 1.86184854556e-06, 9.44287023685e-07, 7.27315011773e-07, 8.58920543578e-08, 1.29821955852e-07, 1.01201607094e-07, 3.40175922986e-08, 9.87700659039e-08, 4.27214530418e-08, 1.70551786027e-08, 3.15043315879e-08, 2.16791420371e-08, 7.84284548416e-09, 9.08090047602e-09, 7.31039406787e-09, 8.26854584801e-09, 2.90639734501e-09, 1.51292101069e-09, 1.29066668464e-09, 7.55312146161e-10, 9.14131381702e-10, 4.52110154869e-10, 7.00430102807e-10, 2.66839633722e-10, 6.88350834666e-11, 3.32991065277e-11, 8.2970054438e-11, 1.15496431863e-10, 1.25876475909e-10, 2.02776406777e-11, 1.0023756998e-11, 5.22315394061e-12, 7.74829159167e-12],
