{
"highlevel": {
    "danceability": {
        "all": {
            "danceable": 0.588107705116,
            "not_danceable": 0.411892324686
        },
        "probability": 0.588107705116,
        "value": "danceable"
    },
    "gender": {
        "all": {
            "female": 0.560642063618,
            "male": 0.439357936382
        },
        "probability": 0.560642063618,
        "value": "female"
    },
    "genre_dortmund": {
        "all": {
            "alternative": 0.183244615793,
            "blues": 0.00792518537492,
            "electronic": 0.0149354226887,
            "folkcountry": 0.110223509371,
            "funksoulrnb": 0.00954704452306,
            "jazz": 0.0162380710244,
            "pop": 0.080818913877,
            "raphiphop": 0.00237266183831,
            "rock": 0.574694573879
        },
        "probability": 0.574694573879,
        "value": "rock"
    },
    "genre_electronic": {
        "all": {
            "ambient": 0.378809809685,
            "dnb": 0.19752292335,
            "house": 0.0494090020657,
            "techno": 0.0342188552022,
            "trance": 0.340039402246
        },
        "probability": 0.378809809685,
        "value": "ambient"
    },
    "genre_rosamerica": {
        "all": {
            "cla": 0.000332287861966,
            "dan": 0.0607495382428,
            "hip": 0.000844934664201,
            "jaz": 0.000912375748158,
            "pop": 0.388479948044,
            "rhy": 0.0156397111714,
            "roc": 0.532648384571,
            "spe": 0.000392818095861
        },
        "probability": 0.532648384571,
        "value": "roc"
    },
    "genre_tzanetakis": {
        "all": {
            "blu": 0.0626541376114,
            "cla": 0.0348133966327,
            "cou": 0.0783501937985,
            "dis": 0.104547761381,
            "hip": 0.15693578124,
            "jaz": 0.313987255096,
            "met": 0.044816005975,
            "pop": 0.0627349764109,
            "reg": 0.0627352520823,
            "roc": 0.0784252434969
        },
        "probability": 0.313987255096,
        "value": "jaz"
    },
    "ismir04_rhythm": {
        "all": {
            "ChaChaCha": 0.132624343038,
            "Jive": 0.367218106985,
            "Quickstep": 0.0650282278657,
            "Rumba-American": 0.0145097114146,
            "Rumba-International": 0.149907067418,
            "Rumba-Misc": 0.0109762623906,
            "Samba": 0.148331925273,
            "Tango": 0.00995801575482,
            "VienneseWaltz": 0.0924709662795,
            "Waltz": 0.00897537637502
        },
        "probability": 0.367218106985,
        "value": "Jive"
    },
    "mood_acoustic": {
        "all": {
            "acoustic": 0.11878105998,
            "not_acoustic": 0.881218969822
        },
        "probability": 0.881218969822,
        "value": "not_acoustic"
    },
    "mood_aggressive": {
        "all": {
            "aggressive": 0.0453311577439,
            "not_aggressive": 0.954668819904
        },
        "probability": 0.954668819904,
        "value": "not_aggressive"
    },
    "mood_electronic": {
        "all": {
            "electronic": 0.327039808035,
            "not_electronic": 0.672960221767
        },
        "probability": 0.672960221767,
        "value": "not_electronic"
    },
    "mood_happy": {
        "all": {
            "happy": 0.624568581581,
            "not_happy": 0.375431418419
        },
        "probability": 0.624568581581,
        "value": "happy"
    },
    "mood_party": {
        "all": {
            "not_party": 0.789494991302,
            "party": 0.210505023599
        },
        "probability": 0.789494991302,
        "value": "not_party"
    },
    "mood_relaxed": {
        "all": {
            "not_relaxed": 0.412946015596,
            "relaxed": 0.587054014206
        },
        "probability": 0.587054014206,
        "value": "relaxed"
    },
    "mood_sad": {
        "all": {
            "not_sad": 0.688338875771,
            "sad": 0.311661094427
        },
        "probability": 0.688338875771,
        "value": "not_sad"
    },
    "moods_mirex": {
        "all": {
            "Cluster1": 0.153177693486,
            "Cluster2": 0.181291386485,
            "Cluster3": 0.097397364676,
            "Cluster4": 0.0887732580304,
            "Cluster5": 0.479360312223
        },
        "probability": 0.479360312223,
        "value": "Cluster5"
    },
    "timbre": {
        "all": {
            "bright": 0.790318608284,
            "dark": 0.209681406617
        },
        "probability": 0.790318608284,
        "value": "bright"
    },
    "tonal_atonal": {
        "all": {
            "atonal": 0.0492614209652,
            "tonal": 0.950738608837
        },
        "probability": 0.950738608837,
        "value": "tonal"
    },
    "voice_instrumental": {
        "all": {
            "instrumental": 0.0376407317817,
            "voice": 0.962359249592
        },
        "probability": 0.962359249592,
        "value": "voice"
    }
},
"lowlevel": {
    "average_loudness": 0.982313752174,
    "barkbands_crest": {
        "dmean": 2.39754509926,
        "dmean2": 3.92652106285,
        "dvar": 7.07843875885,
        "dvar2": 17.7519340515,
        "max": 22.0976352692,
        "mean": 8.67891120911,
        "median": 7.7826385498,
        "min": 3.02321791649,
        "var": 11.9103651047
    },
    "barkbands_flatness_db": {
        "dmean": 0.018269399181,
        "dmean2": 0.0289221331477,
        "dvar": 0.000363871600712,
        "dvar2": 0.000955684343353,
        "max": 0.241115406156,
        "mean": 0.12262378633,
        "median": 0.118878312409,
        "min": 0.0487072914839,
        "var": 0.00100771489087
    },
    "barkbands_kurtosis": {
        "dmean": 2.51196217537,
        "dmean2": 4.02306175232,
        "dvar": 15.9896678925,
        "dvar2": 42.4986457825,
        "max": 46.3681907654,
        "mean": 4.53159189224,
        "median": 3.38720655441,
        "min": -1.47900402546,
        "var": 25.550775528
    },
    "barkbands_skewness": {
        "dmean": 0.456170618534,
        "dmean2": 0.718853414059,
        "dvar": 0.317778021097,
        "dvar2": 0.818030238152,
        "max": 5.76096582413,
        "mean": 1.85788810253,
        "median": 1.79402065277,
        "min": 0.0557690300047,
        "var": 0.674410164356
    },
    "barkbands_spread": {
        "dmean": 6.17425060272,
        "dmean2": 9.56279087067,
        "dvar": 45.7590293884,
        "dvar2": 110.476737976,
        "max": 72.4573669434,
        "mean": 25.1574516296,
        "median": 22.8614616394,
        "min": 2.74784851074,
        "var": 137.366989136
    },
    "dissonance": {
        "dmean": 0.0175434574485,
        "dmean2": 0.0292880553752,
        "dvar": 0.000276444538031,
        "dvar2": 0.000757859030273,
        "max": 0.500000119209,
        "mean": 0.462009519339,
        "median": 0.467935144901,
        "min": 0.277747154236,
        "var": 0.000698892923538
    },
    "dynamic_complexity": 1.34226107597,
    "erbbands_crest": {
        "dmean": 2.21353816986,
        "dmean2": 3.54861021042,
        "dvar": 5.28025054932,
        "dvar2": 13.6879463196,
        "max": 28.1285991669,
        "mean": 7.52365970612,
        "median": 6.38430786133,
        "min": 2.21105957031,
        "var": 16.6471576691
    },
    "erbbands_flatness_db": {
        "dmean": 0.0133151449263,
        "dmean2": 0.0192516036332,
        "dvar": 0.000150079344166,
        "dvar2": 0.000358111050446,
        "max": 0.24314250052,
        "mean": 0.110944002867,
        "median": 0.106151275337,
        "min": 0.0547750033438,
        "var": 0.000980229815468
    },
    "erbbands_kurtosis": {
        "dmean": 0.779652655125,
        "dmean2": 1.25574445724,
        "dvar": 3.05375170708,
        "dvar2": 8.35025978088,
        "max": 28.6608715057,
        "mean": 0.26621684432,
        "median": -0.54690861702,
        "min": -1.63945829868,
        "var": 8.2790145874
    },
    "erbbands_skewness": {
        "dmean": 0.301145404577,
        "dmean2": 0.462088376284,
        "dvar": 0.0778544843197,
        "dvar2": 0.190581098199,
        "max": 4.46920728683,
        "mean": 0.577218592167,
        "median": 0.457885563374,
        "min": -1.04409229755,
        "var": 0.480597704649
    },
    "erbbands_spread": {
        "dmean": 8.38141536713,
        "dmean2": 12.394900322,
        "dvar": 56.6563873291,
        "dvar2": 119.425239563,
        "max": 108.688163757,
        "mean": 51.473941803,
        "median": 51.5168800354,
        "min": 6.40900802612,
        "var": 344.332519531
    },
    "hfc": {
        "dmean": 7.53611707687,
        "dmean2": 10.077542305,
        "dvar": 69.4803085327,
        "dvar2": 119.896507263,
        "max": 119.520515442,
        "mean": 32.8647232056,
        "median": 28.0629634857,
        "min": 1.27062010765,
        "var": 309.132568359
    },
    "melbands_crest": {
        "dmean": 3.15229892731,
        "dmean2": 4.82654953003,
        "dvar": 10.5081033707,
        "dvar2": 21.7847175598,
        "max": 32.444984436,
        "mean": 12.9368867874,
        "median": 11.6628437042,
        "min": 4.52647066116,
        "var": 25.7224235535
    },
    "melbands_flatness_db": {
        "dmean": 0.0220535062253,
        "dmean2": 0.034083712846,
        "dvar": 0.000641768972855,
        "dvar2": 0.00164218142163,
        "max": 0.323420912027,
        "mean": 0.181649729609,
        "median": 0.181299358606,
        "min": 0.0763843357563,
        "var": 0.00182950031012
    },
    "melbands_kurtosis": {
        "dmean": 7.81453990936,
        "dmean2": 12.6685962677,
        "dvar": 213.448745728,
        "dvar2": 542.659973145,
        "max": 149.676437378,
        "mean": 16.1345252991,
        "median": 12.2430114746,
        "min": -0.163419246674,
        "var": 269.132080078
    },
    "melbands_skewness": {
        "dmean": 0.741672992706,
        "dmean2": 1.15687835217,
        "dvar": 0.867274343967,
        "dvar2": 2.08579158783,
        "max": 10.4502887726,
        "mean": 3.03106927872,
        "median": 2.90876626968,
        "min": -0.147867038846,
        "var": 2.09248614311
    },
    "melbands_spread": {
        "dmean": 4.93246507645,
        "dmean2": 7.82331562042,
        "dvar": 33.6460723877,
        "dvar2": 87.8557281494,
        "max": 60.830329895,
        "mean": 19.4920806885,
        "median": 17.5486717224,
        "min": 2.81431508064,
        "var": 88.2509460449
    },
    "pitch_salience": {
        "dmean": 0.0643926486373,
        "dmean2": 0.102758854628,
        "dvar": 0.0041034175083,
        "dvar2": 0.00963004585356,
        "max": 0.810496330261,
        "mean": 0.5662971735,
        "median": 0.575333178043,
        "min": 0.176750034094,
        "var": 0.00912683829665
    },
    "silence_rate_20dB": {
        "dmean": 0,
        "dmean2": 0,
        "dvar": 0,
        "dvar2": 0,
        "max": 1,
        "mean": 1,
        "median": 1,
        "min": 1,
        "var": 0
    },
    "silence_rate_30dB": {
        "dmean": 0.0294117648154,
        "dmean2": 0.0588690936565,
        "dvar": 0.0285470951349,
        "dvar2": 0.0848371610045,
        "max": 1,
        "mean": 0.98530548811,
        "median": 1,
        "min": 0,
        "var": 0.0144784208387
    },
    "silence_rate_60dB": {
        "dmean": 0.0030959751457,
        "dmean2": 0.00619674660265,
        "dvar": 0.00308638717979,
        "dvar2": 0.00615834910423,
        "max": 1,
        "mean": 0.00464037107304,
        "median": 0,
        "min": 0,
        "var": 0.00461883330718
    },
    "spectral_centroid": {
        "dmean": 217.437835693,
        "dmean2": 351.429046631,
        "dvar": 53222.3945312,
        "dvar2": 137703.5,
        "max": 2943.26879883,
        "mean": 1270.84887695,
        "median": 1213.88757324,
        "min": 400.219329834,
        "var": 179547.703125
    },
    "spectral_complexity": {
        "dmean": 3.83436536789,
        "dmean2": 5.91789293289,
        "dvar": 15.5096979141,
        "dvar2": 30.0490989685,
        "max": 55,
        "mean": 24.2351112366,
        "median": 23,
        "min": 6,
        "var": 61.4173660278
    },
    "spectral_decrease": {
        "dmean": 3.3036957614e-09,
        "dmean2": 5.24007104374e-09,
        "dvar": 2.26150004876e-17,
        "dvar2": 5.40671420359e-17,
        "max": -4.2407569123e-10,
        "mean": -1.18198988375e-08,
        "median": -1.08843565272e-08,
        "min": -3.81535762983e-08,
        "var": 3.30645134312e-17
    },
    "spectral_energy": {
        "dmean": 0.0127256279811,
        "dmean2": 0.0200378131121,
        "dvar": 0.000325448898366,
        "dvar2": 0.000771027465817,
        "max": 0.147016599774,
        "mean": 0.0475919321179,
        "median": 0.0440887846053,
        "min": 0.00178002426401,
        "var": 0.000492958643008
    },
    "spectral_energyband_high": {
        "dmean": 0.000707993865944,
        "dmean2": 0.000908012269065,
        "dvar": 8.68798792908e-07,
        "dvar2": 1.49728157339e-06,
        "max": 0.0140838939697,
        "mean": 0.0019682131242,
        "median": 0.0013679896947,
        "min": 3.46713350154e-05,
        "var": 3.46945671481e-06
    },
    "spectral_energyband_low": {
        "dmean": 0.00937043782324,
        "dmean2": 0.0144443241879,
        "dvar": 0.000335725519108,
        "dvar2": 0.000793358718511,
        "max": 0.138421088457,
        "mean": 0.0201246924698,
        "median": 0.0147201912478,
        "min": 0.000122682075016,
        "var": 0.00043542945059
    },
    "spectral_energyband_middle_high": {
        "dmean": 0.001711502322,
        "dmean2": 0.00263684638776,
        "dvar": 5.53676864001e-06,
        "dvar2": 1.1997594811e-05,
        "max": 0.0495575107634,
        "mean": 0.00582208670676,
        "median": 0.00430213101208,
        "min": 0.000243628121098,
        "var": 2.82936634903e-05
    },
    "spectral_energyband_middle_low": {
        "dmean": 0.00672794785351,
        "dmean2": 0.0110505744815,
        "dvar": 7.93431318016e-05,
        "dvar2": 0.000223110575462,
        "max": 0.0823188945651,
        "mean": 0.021127095446,
        "median": 0.0184805057943,
        "min": 0.000968177220784,
        "var": 0.000139529307489
    },
    "spectral_entropy": {
        "dmean": 0.127589538693,
        "dmean2": 0.182045027614,
        "dvar": 0.0132375275716,
        "dvar2": 0.0294416174293,
        "max": 8.40759086609,
        "mean": 7.74949407578,
        "median": 7.78232955933,
        "min": 6.36597585678,
        "var": 0.102703414857
    },
    "spectral_flux": {
        "dmean": 0.0311006046832,
        "dmean2": 0.0460697300732,
        "dvar": 0.00145406136289,
        "dvar2": 0.00272805499844,
        "max": 0.350577026606,
        "mean": 0.102620735765,
        "median": 0.0868219733238,
        "min": 0.0157704371959,
        "var": 0.00285665551201
    },
    "spectral_kurtosis": {
        "dmean": 0.671268522739,
        "dmean2": 1.06782865524,
        "dvar": 0.460751801729,
        "dvar2": 1.20732426643,
        "max": 10.9430131912,
        "mean": 2.87490439415,
        "median": 2.72908592224,
        "min": 0.432797431946,
        "var": 1.71320950985
    },
    "spectral_rms": {
        "dmean": 0.000859920633957,
        "dmean2": 0.00132903235499,
        "dvar": 1.18769719393e-06,
        "dvar2": 2.695236617e-06,
        "max": 0.0119762616232,
        "mean": 0.00663288589567,
        "median": 0.00655846390873,
        "min": 0.00131780467927,
        "var": 2.43609838435e-06
    },
    "spectral_rolloff": {
        "dmean": 465.613922119,
        "dmean2": 775.780334473,
        "dvar": 621427.375,
        "dvar2": 1476175.875,
        "max": 6610.69335938,
        "mean": 1135.03027344,
        "median": 753.662109375,
        "min": 64.599609375,
        "var": 1068876.125
    },
    "spectral_skewness": {
        "dmean": 0.131492286921,
        "dmean2": 0.201974764466,
        "dvar": 0.014091652818,
        "dvar2": 0.0317638069391,
        "max": 2.75084424019,
        "mean": 1.40674769878,
        "median": 1.39295053482,
        "min": 0.683709323406,
        "var": 0.0858730301261
    },
    "spectral_spread": {
        "dmean": 485841.9375,
        "dmean2": 723607.125,
        "dvar": 205686505472,
        "dvar2": 454376587264,
        "max": 8951243,
        "mean": 5822127,
        "median": 5717227.5,
        "min": 3362379,
        "var": 890876985344
    },
    "spectral_strongpeak": {
        "dmean": 0.493491023779,
        "dmean2": 0.842591106892,
        "dvar": 0.532230854034,
        "dvar2": 1.28944718838,
        "max": 8.12155151367,
        "mean": 0.808121979237,
        "median": 0.418398827314,
        "min": 0,
        "var": 0.958405375481
    },
    "zerocrossingrate": {
        "dmean": 0.011497663334,
        "dmean2": 0.0139301987365,
        "dvar": 0.000102330566733,
        "dvar2": 0.000147470884258,
        "max": 0.166015625,
        "mean": 0.0685451701283,
        "median": 0.0634765625,
        "min": 0.017578125,
        "var": 0.000678002252243
    },
    "barkbands": {
        "dmean": [0.00138053426053, 0.00726043339819, 0.00257502752356, 0.00217311060987, 0.00303808110766, 0.00142500421498, 0.00136121164542, 0.0015614713775, 0.00120166898705, 0.000774703803472, 0.000637578137685, 0.000361492129741, 0.000182340052561, 0.000298411061522, 0.000235053754295, 0.000226411837502, 0.00015586434165, 0.000210866608541, 0.00010717150144, 0.000202732859179, 0.000156711277668, 0.000148891471326, 0.000165484758327, 9.7790529253e-05, 7.73628198658e-05, 0.000147030732478, 2.36520913965e-09],
        "dmean2": [0.00190217397176, 0.0115652848035, 0.00458855135366, 0.00368645903654, 0.00513898953795, 0.00221527786925, 0.00209149555303, 0.00255350815132, 0.00182091002353, 0.00123415142298, 0.000989481573924, 0.000569213763811, 0.000300075829728, 0.000478465633933, 0.00037981767673, 0.000369392219, 0.000248420896241, 0.000359855883289, 0.000176479545189, 0.000324953027302, 0.000235132261878, 0.000208762634429, 0.000234635183006, 0.000142142656841, 0.000112144116429, 0.000219880937948, 4.20740153828e-09],
        "dvar": [6.53170309306e-06, 0.000241903195274, 3.39984835591e-05, 1.72552281583e-05, 2.29038178077e-05, 3.87452519135e-06, 5.74137584408e-06, 1.40964548336e-05, 3.93786785935e-06, 2.54988685811e-06, 3.23107201439e-06, 3.04730093603e-07, 5.08068787042e-08, 2.52264726441e-07, 1.3278175004e-07, 1.09215356758e-07, 3.57897782521e-08, 5.8854862317e-08, 1.84935622372e-08, 8.4207684381e-08, 6.29740313229e-08, 5.29544266215e-08, 4.82418194281e-08, 1.75962391324e-08, 1.1847410164e-08, 5.21324956537e-08, 6.80848193202e-17],
        "dvar2": [9.89518775896e-06, 0.000589398434386, 0.000100657271105, 4.8252473789e-05, 6.66332634864e-05, 9.45836836763e-06, 1.5013918528e-05, 4.0277667722e-05, 8.99468705029e-06, 6.71097996019e-06, 6.08685013503e-06, 7.35775699923e-07, 1.24863163364e-07, 5.94723076119e-07, 3.41523104908e-07, 2.80852788137e-07, 8.93322606998e-08, 1.55887178721e-07, 4.83055906386e-08, 1.95763618649e-07, 1.30727826786e-07, 1.15381830312e-07, 9.53150873784e-08, 3.38993366711e-08, 2.36812631726e-08, 1.14033767318e-07, 1.48295974072e-16],
        "max": [0.0233436189592, 0.11387296021, 0.0536658726633, 0.0426637865603, 0.0424950048327, 0.0321575216949, 0.0547901205719, 0.0533449426293, 0.0275810398161, 0.0189827140421, 0.0433545336127, 0.0086669055745, 0.00248129875399, 0.00871291197836, 0.00593299791217, 0.00510394340381, 0.00218694168143, 0.0037106401287, 0.00152246467769, 0.00544295879081, 0.00514636607841, 0.00281369173899, 0.0026635536924, 0.00239459378645, 0.0014909155434, 0.00238612992689, 1.84265871894e-07],
        "mean": [0.00204719463363, 0.0124978758395, 0.00421154499054, 0.00357892061584, 0.00622553052381, 0.00349717633799, 0.00260475673713, 0.00277028861456, 0.00229009892792, 0.0012080760207, 0.00104260642547, 0.000705676677171, 0.000326249632053, 0.000517506618053, 0.000468808546429, 0.000452821463114, 0.000323134241626, 0.000450165942311, 0.000218538029003, 0.000454621127574, 0.000356303324224, 0.000293442164548, 0.000376970274374, 0.000243881906499, 0.000172792628291, 0.000256987899775, 1.97006566616e-09],
        "median": [0.000629482092336, 0.00840786565095, 0.00316922087222, 0.0023431899026, 0.0049368403852, 0.0025524625089, 0.00149928405881, 0.00108900445048, 0.00119474425446, 0.000440760690253, 0.000308874965413, 0.000385670777177, 0.000208063749596, 0.000252121622907, 0.000235811370658, 0.000347992696334, 0.000252214667853, 0.000371872272808, 0.000166647208971, 0.000354714051355, 0.00022554503812, 0.000165949371876, 0.000240223424044, 0.000167135818629, 0.000119607349916, 0.000156117210281, 7.44309835987e-10],
        "min": [5.03132540075e-08, 3.42736757375e-06, 1.80468832696e-05, 7.98548353487e-06, 0.000138750430779, 4.0305982111e-05, 1.12424822873e-05, 7.06545961293e-06, 4.10554748669e-05, 4.44475654149e-06, 1.05120398075e-05, 1.91911931324e-05, 3.79595826416e-06, 1.19509486467e-05, 5.97452708462e-06, 8.80959669303e-06, 1.34212314151e-06, 1.29357740661e-05, 4.24896643381e-06, 1.39265848702e-05, 5.01208069181e-06, 2.36640403273e-06, 4.88704108648e-06, 1.51252129399e-06, 6.5167560237e-09, 2.1117928739e-08, 1.01604228503e-11],
        "var": [1.42588542076e-05, 0.000263673457084, 2.37046897382e-05, 1.84563159564e-05, 2.6746552976e-05, 1.32620407385e-05, 1.27224066091e-05, 3.0048091503e-05, 1.06498409878e-05, 4.70307941214e-06, 7.33130491426e-06, 9.58717919275e-07, 1.06561017787e-07, 6.47240767648e-07, 4.29110201594e-07, 1.97043775074e-07, 8.36102174162e-08, 1.23561349596e-07, 3.52124622793e-08, 1.92626217199e-07, 1.981255906e-07, 1.30492651351e-07, 1.51563980921e-07, 6.12728570104e-08, 3.59591005861e-08, 9.61461381621e-08, 5.09047478361e-17]
    },
    "erbbands": {
        "dmean": [0.316495895386, 1.52089083195, 3.03229093552, 4.84462594986, 9.09814357758, 10.613284111, 13.0374794006, 11.1641702652, 14.5615730286, 25.3971290588, 40.3026924133, 22.6248893738, 19.0068264008, 27.996301651, 16.4106140137, 12.3473844528, 8.92366981506, 12.3252954483, 11.3916692734, 15.8661260605, 10.6992368698, 8.6073102951, 10.8035821915, 7.52490758896, 5.13486194611, 10.2363023758, 7.2170290947, 5.90169715881, 5.36014318466, 4.31096076965, 4.61057519913, 3.07319068909, 1.53388035297, 1.00580537319, 0.56258648634, 1.00345683098, 0.174401894212, 0.014075900428, 0.000262093730271, 2.24551695283e-05],
        "dmean2": [0.495520323515, 2.58152341843, 5.38045167923, 8.39069271088, 15.1930732727, 17.535036087, 21.0325832367, 17.3351573944, 22.6341686249, 39.3606567383, 64.8657302856, 34.681476593, 30.3512592316, 45.0402450562, 25.2709388733, 19.5128211975, 14.3025922775, 19.5410957336, 18.5545158386, 25.3352890015, 17.5238304138, 13.9599752426, 18.3925571442, 12.5309801102, 8.20027637482, 16.3697338104, 11.2542228699, 8.46595096588, 7.63347959518, 6.33552742004, 6.65662527084, 4.49352931976, 2.22363972664, 1.48271048069, 0.85028386116, 1.52143061161, 0.260225147009, 0.0222315248102, 0.000405438651796, 2.98008199024e-05],
        "dvar": [0.44365721941, 11.8007574081, 47.2544517517, 75.9156951904, 345.93536377, 232.78314209, 515.471435547, 301.107543945, 495.188659668, 2578.16381836, 8774.14355469, 1282.20581055, 1000.8614502, 3765.52392578, 1947.01391602, 254.714035034, 112.838417053, 565.258605957, 415.331451416, 906.212463379, 150.122848511, 132.033081055, 174.101104736, 78.1086273193, 45.366104126, 194.34425354, 129.893783569, 111.878227234, 71.9905853271, 40.8109321594, 36.734046936, 16.9657001495, 4.62173366547, 1.94115555286, 0.696769475937, 2.62055778503, 0.0654808804393, 0.000454012537375, 1.52522673602e-07, 6.61172061545e-10],
        "dvar2": [1.02998840809, 32.3040924072, 140.411758423, 218.487030029, 969.595397949, 642.623718262, 1568.30505371, 721.613891602, 1152.61633301, 6374.19580078, 25083.8378906, 2995.03540039, 2509.33203125, 9403.703125, 3624.17089844, 643.874572754, 271.986022949, 1230.73449707, 1110.63537598, 2281.39404297, 399.161590576, 339.881439209, 475.802429199, 204.414001465, 106.313598633, 425.98614502, 315.761962891, 231.593078613, 158.706314087, 81.9337615967, 75.073677063, 34.979927063, 10.1714849472, 3.71679353714, 1.47856891155, 6.00222063065, 0.141849249601, 0.000998607254587, 3.16347239959e-07, 1.1984584436e-09],
        "max": [4.96316242218, 25.2293281555, 57.9522323608, 102.400817871, 163.598556519, 152.366088867, 328.570068359, 312.280303955, 331.31842041, 1259.07531738, 1160.30566406, 598.971313477, 321.58493042, 1347.23571777, 882.832641602, 192.498016357, 148.879379272, 358.825775146, 387.611633301, 448.326629639, 152.820648193, 147.280609131, 187.033340454, 122.857551575, 79.4905395508, 330.923034668, 234.605285645, 240.235992432, 107.56602478, 74.3395385742, 77.8346710205, 58.1017341614, 31.7662353516, 18.8985080719, 9.19608402252, 18.1140079498, 2.41231274605, 0.208782687783, 0.00403429521248, 0.000294424738968],
        "mean": [0.456756651402, 2.34301590919, 5.19713592529, 8.57548713684, 16.306842804, 21.7902488708, 24.9405422211, 29.3054828644, 30.5346813202, 51.918800354, 72.0014343262, 44.7985725403, 35.1013526917, 47.638961792, 33.1801452637, 25.156211853, 16.9818820953, 21.508687973, 22.4467811584, 31.7969589233, 24.2788982391, 19.5472660065, 23.0525856018, 16.7000865936, 11.9511404037, 22.5624313354, 17.1103096008, 12.7565736771, 10.6196184158, 9.008228302, 10.4887866974, 7.19463205338, 3.49718427658, 2.21364355087, 1.14664566517, 1.59647619724, 0.329319864511, 0.0239506661892, 0.000505947798956, 8.37864499772e-05],
        "median": [0.225623682141, 1.52254450321, 4.15715074539, 6.4244594574, 12.0515136719, 16.1405639648, 14.6846580505, 21.0753631592, 19.0956306458, 24.7321834564, 28.5612888336, 25.7958679199, 17.4299755096, 18.6940097809, 13.1503095627, 16.1445980072, 12.0623607635, 10.4390029907, 12.3470430374, 16.0915546417, 20.0946445465, 16.2318210602, 19.0628700256, 13.4719772339, 9.35278892517, 17.3318996429, 11.7457714081, 7.31729125977, 5.80053758621, 5.50420093536, 6.78655099869, 4.8088054657, 2.33525967598, 1.52495539188, 0.755131065845, 0.90062135458, 0.221326977015, 0.0139476340264, 0.000326744659105, 7.43004129617e-05],
        "min": [0.000293703895295, 0.00204629846849, 0.020133331418, 0.0515865571797, 0.106826245785, 0.537019431591, 0.705307126045, 0.508510768414, 0.379896074533, 0.217570826411, 0.454866141081, 0.773079931736, 0.145704135299, 0.912931501865, 0.584876418114, 0.917684197426, 0.541881978512, 0.870086848736, 0.465311855078, 0.381325721741, 0.524064958096, 0.151395112276, 0.647718250751, 0.25320994854, 0.321566939354, 0.575457692146, 0.250497668982, 0.293476760387, 0.0859170630574, 0.0964261293411, 0.117888905108, 0.0591726824641, 0.0247820354998, 0.0101424288005, 0.000826552161016, 0.000220688249101, 1.31263550429e-05, 1.0498474694e-06, 2.61951890934e-06, 2.51994356404e-06],
        "var": [0.547364294529, 9.52930927277, 31.8050689697, 72.1446075439, 320.244598389, 380.692687988, 1081.76928711, 900.572692871, 1350.48144531, 6832.09375, 17035.6933594, 3209.29003906, 2292.94848633, 9052.20800781, 5102.74462891, 708.934753418, 252.475204468, 1097.73535156, 1206.06225586, 2086.08105469, 398.362091064, 262.903167725, 340.202636719, 154.491424561, 106.063682556, 513.130065918, 330.543670654, 328.335113525, 179.896743774, 102.332321167, 114.882675171, 51.4470329285, 14.8912973404, 6.08814001083, 1.66096305847, 4.27332019806, 0.135263979435, 0.000868647301104, 3.19136972848e-07, 1.90244953124e-09]
    },
    "gfcc": {
        "mean": [68.816947937, 75.2336959839, -93.1913375854, 36.5446777344, -64.0591430664, 17.9606189728, -40.4832954407, 17.6255474091, -26.5490684509, 8.34523105621, -22.9612617493, 6.34926128387, -15.3003902435],
        "cov": [[1027.26745605, -330.452575684, 64.58618927, 59.7968330383, 88.0815429688, 113.419059753, 49.7116851807, 61.4705352783, -13.6553583145, 24.0820465088, -93.4277572632, 20.4977550507, -37.3430709839], [-330.452575684, 435.948760986, -25.383934021, -37.7301254272, -0.654028952122, -74.6747741699, 10.8244171143, -5.73126125336, 69.3796234131, -6.45261192322, 97.5953979492, 2.43553352356, 25.689201355], [64.58618927, -25.383934021, 311.406677246, 81.7590866089, 5.92720985413, -9.27005195618, 27.460105896, 15.5319890976, 33.1957130432, 52.9447364807, 6.10538768768, 37.9013786316, -40.0437469482], [59.7968330383, -37.7301254272, 81.7590866089, 162.214935303, 44.7599182129, 18.8460426331, 16.7939395905, -4.01563024521, 10.3521766663, 12.0092935562, 23.4101848602, 16.9500579834, 7.37046718597], [88.0815429688, -0.654028952122, 5.92720985413, 44.7599182129, 136.101882935, 65.8015518188, 25.9372463226, 10.0747814178, 2.29710650444, -7.27976942062, -7.70905256271, 14.3387556076, 1.8914077282], [113.419059753, -74.6747741699, -9.27005195618, 18.8460426331, 65.8015518188, 119.727073669, 49.7109870911, 1.96213006973, -26.1337566376, -5.90866041183, -13.8528957367, -0.310127049685, 9.48574447632], [49.7116851807, 10.8244171143, 27.460105896, 16.7939395905, 25.9372463226, 49.7109870911, 78.9952468872, 24.9458656311, 6.91849088669, 10.175122261, 10.7130289078, 12.8118982315, -3.57781505585], [61.4705352783, -5.73126125336, 15.5319890976, -4.01563024521, 10.0747814178, 1.96213006973, 24.9458656311, 83.7016220093, 31.2048301697, -0.599535226822, -9.58623600006, -14.5373840332, 1.95431947708], [-13.6553583145, 69.3796234131, 33.1957130432, 10.3521766663, 2.29710650444, -26.1337566376, 6.91849088669, 31.2048301697, 80.2464370728, 31.6459789276, 20.4031333923, 9.15368747711, -4.66930341721], [24.0820465088, -6.45261192322, 52.9447364807, 12.0092935562, -7.27976942062, -5.90866041183, 10.175122261, -0.599535226822, 31.6459789276, 74.2471847534, 37.4456100464, 21.476682663, -11.5192298889], [-93.4277572632, 97.5953979492, 6.10538768768, 23.4101848602, -7.70905256271, -13.8528957367, 10.7130289078, -9.58623600006, 20.4031333923, 37.4456100464, 91.5815200806, 33.7179412842, 13.4974575043], [20.4977550507, 2.43553352356, 37.9013786316, 16.9500579834, 14.3387556076, -0.310127049685, 12.8118982315, -14.5373840332, 9.15368747711, 21.476682663, 33.7179412842, 82.7549285889, 10.7867956161], [-37.3430709839, 25.689201355, -40.0437469482, 7.37046718597, 1.8914077282, 9.48574447632, -3.57781505585, 1.95431947708, -4.66930341721, -11.5192298889, 13.4974575043, 10.7867956161, 58.3668060303]],
        "icov": [[0.0015723106917, 0.000607508409303, 0.000262782064965, -0.000509960518684, -0.000272856734227, -0.000784535659477, 5.36934931006e-05, -0.0012462757295, 0.000135891823447, -0.00101987202652, 0.00144240388181, -0.00105306180194, 0.00083527615061], [0.000607508409303, 0.00900114234537, -0.00202134717256, 0.00551466271281, -0.00550825661048, 0.00762056931853, -0.00732155423611, 0.0066682389006, -0.00855270400643, 0.00905301701277, -0.011511570774, 0.00658661173657, -0.00484097469598], [0.000262782064965, -0.00202134717256, 0.00587161583826, -0.00438493397087, 0.00216836412437, -0.00147442950401, 0.000975197704975, -0.00325871538371, 0.00211447966285, -0.00536798732355, 0.00535917421803, -0.00453656353056, 0.00468692230061], [-0.000509960518684, 0.00551466271281, -0.00438493397087, 0.0127427587286, -0.00652424013242, 0.00559771293774, -0.00547279464081, 0.00686834426597, -0.00621046964079, 0.00759369088337, -0.0109071731567, 0.00655179377645, -0.00632141763344], [-0.000272856734227, -0.00550825661048, 0.00216836412437, -0.00652424013242, 0.0157670136541, -0.012652862817, 0.0069062593393, -0.00601587584242, 0.00229449477047, -0.0031035549473, 0.00782542675734, -0.00774132227525, 0.00592356501147], [-0.000784535659477, 0.00762056931853, -0.00147442950401, 0.00559771293774, -0.012652862817, 0.0273974724114, -0.0189054831862, 0.00975776929408, -0.0013252326753, 0.00464014802128, -0.00764187099412, 0.00983912777156, -0.0103440713137], [5.36934931006e-05, -0.00732155423611, 0.000975197704975, -0.00547279464081, 0.0069062593393, -0.0189054831862, 0.0300943590701, -0.0139290131629, 0.00595566350967, -0.00649076141417, 0.00552492309362, -0.009965387173, 0.0095363073051], [-0.0012462757295, 0.0066682389006, -0.00325871538371, 0.00686834426597, -0.00601587584242, 0.00975776929408, -0.0139290131629, 0.0257236137986, -0.0147226927802, 0.0102334572002, -0.00841754302382, 0.0115656582639, -0.00929035805166], [0.000135891823447, -0.00855270400643, 0.00211447966285, -0.00621046964079, 0.00229449477047, -0.0013252326753, 0.00595566350967, -0.0147226927802, 0.0297292154282, -0.0174393169582, 0.010910037905, -0.00722710322589, 0.00483444938436], [-0.00101987202652, 0.00905301701277, -0.00536798732355, 0.00759369088337, -0.0031035549473, 0.00464014802128, -0.00649076141417, 0.0102334572002, -0.0174393169582, 0.035043746233, -0.0226579383016, 0.00645735301077, -0.00110546988435], [0.00144240388181, -0.011511570774, 0.00535917421803, -0.0109071731567, 0.00782542675734, -0.00764187099412, 0.00552492309362, -0.00841754302382, 0.010910037905, -0.0226579383016, 0.0368369705975, -0.0147172883153, 0.00325479335152], [-0.00105306180194, 0.00658661173657, -0.00453656353056, 0.00655179377645, -0.00774132227525, 0.00983912777156, -0.009965387173, 0.0115656582639, -0.00722710322589, 0.00645735301077, -0.0147172883153, 0.0242953393608, -0.0102491742], [0.00083527615061, -0.00484097469598, 0.00468692230061, -0.00632141763344, 0.00592356501147, -0.0103440713137, 0.0095363073051, -0.00929035805166, 0.00483444938436, -0.00110546988435, 0.00325479335152, -0.0102491742, 0.0275067780167]]
    },
    "melbands": {
        "dmean": [0.00227563432418, 0.00170466164127, 0.00095936737489, 0.000650963454973, 0.000469645572593, 0.00025356709375, 0.000237327243667, 0.000290117313853, 0.000331359071424, 0.000136052811285, 0.000102037745819, 0.000118552707136, 7.1226277214e-05, 3.89801025449e-05, 3.18914244417e-05, 1.97810823011e-05, 2.42662154051e-05, 2.12588311115e-05, 1.93122614291e-05, 1.7473290427e-05, 1.38841887747e-05, 9.760769899e-06, 9.06837158254e-06, 1.11271529022e-05, 6.24572521701e-06, 4.1635321395e-06, 5.03747924085e-06, 7.86762029747e-06, 5.55907263333e-06, 4.15446857005e-06, 3.5212574403e-06, 3.29781391883e-06, 2.92467302643e-06, 2.46166837314e-06, 2.45823594014e-06, 3.72907334167e-06, 1.51494236889e-06, 1.18431296414e-06, 1.0190243529e-06, 9.14157510579e-07],
        "dmean2": [0.00354765518568, 0.00297657144256, 0.00164403312374, 0.00108312792145, 0.000762062263675, 0.000394155067625, 0.000371811591322, 0.000454206921859, 0.000523454742506, 0.000209035584703, 0.000163178570801, 0.000190384409507, 0.000108024600195, 6.1754748458e-05, 5.00378118886e-05, 3.18336024066e-05, 3.87501713703e-05, 3.4600681829e-05, 3.16775876854e-05, 2.80273525277e-05, 2.2686615921e-05, 1.57548129209e-05, 1.51277072291e-05, 1.89348829736e-05, 1.04465761979e-05, 6.90057458996e-06, 8.09699758975e-06, 1.29134314193e-05, 8.95475568541e-06, 6.35152855466e-06, 5.15407054991e-06, 4.86500402985e-06, 4.34909225078e-06, 3.75333161173e-06, 3.70714474229e-06, 5.6602548284e-06, 2.29872171076e-06, 1.80598681254e-06, 1.56119619987e-06, 1.36478865898e-06],
        "dvar": [2.26658794418e-05, 1.47451864905e-05, 3.10752648147e-06, 1.32137802211e-06, 5.6237405488e-07, 1.46818138091e-07, 1.33196635943e-07, 3.02804352259e-07, 5.00808823745e-07, 4.09123508405e-08, 3.10257597391e-08, 6.28905993949e-08, 3.99241990579e-08, 5.04669905865e-09, 2.54749843442e-09, 9.10905573193e-10, 2.16232165506e-09, 1.53003809622e-09, 8.56070048183e-10, 1.17052367798e-09, 2.68064570541e-10, 1.84690124305e-10, 1.21845644685e-10, 1.70840133706e-10, 5.72923375408e-11, 2.85677505957e-11, 4.94335024304e-11, 1.21256116259e-10, 8.84074688456e-11, 5.38302562247e-11, 4.1308019505e-11, 2.69808012737e-11, 2.51910384913e-11, 1.28440634864e-11, 1.08696090323e-11, 3.1016657992e-11, 4.35561482715e-12, 2.74957227125e-12, 2.24168665401e-12, 1.54913061545e-12],
        "dvar2": [5.21554611623e-05, 4.27009617852e-05, 8.81134201336e-06, 3.70758243662e-06, 1.74314493506e-06, 3.46943977547e-07, 3.28232005131e-07, 7.63356638345e-07, 1.35834750381e-06, 9.72698472879e-08, 7.75166242306e-08, 1.60915050174e-07, 7.24915736328e-08, 1.26233539177e-08, 5.81682968459e-09, 2.12692463641e-09, 4.84830620096e-09, 4.13570822033e-09, 2.14628270712e-09, 2.93789303996e-09, 7.03241576083e-10, 4.62231031229e-10, 3.37599920242e-10, 4.50262271912e-10, 1.51050630337e-10, 7.38613822882e-11, 1.0950750029e-10, 2.92561419535e-10, 2.26507063106e-10, 1.19798795883e-10, 8.85254716754e-11, 6.1853654143e-11, 5.83573467328e-11, 2.70210850223e-11, 2.25716650232e-11, 7.10372385915e-11, 9.65975563427e-12, 6.40481548006e-12, 4.83619741476e-12, 3.27697070868e-12],
        "max": [0.0342209786177, 0.0287101455033, 0.0175520442426, 0.0107142366469, 0.0105837900192, 0.00670114485547, 0.00492931343615, 0.0113292541355, 0.00849221926183, 0.00323530845344, 0.00182471890002, 0.00510960817337, 0.0034048599191, 0.00110949610826, 0.000582969922107, 0.000467464968096, 0.000628684589174, 0.000722335535102, 0.000369063491235, 0.000549128977582, 0.000244137423579, 0.000200813869014, 0.000125092177768, 0.000194013366126, 9.82441488304e-05, 6.02941290708e-05, 0.000139012219734, 0.000208930345252, 0.000214384534047, 0.0001596508082, 0.000146720485645, 6.18589983787e-05, 7.67430392443e-05, 4.5422482799e-05, 4.25284233643e-05, 6.35656688246e-05, 3.6142027966e-05, 2.27891359827e-05, 2.08899509744e-05, 1.5717203496e-05],
        "mean": [0.00374047039077, 0.00295677199028, 0.00177416065708, 0.00135633756872, 0.000918107456528, 0.000659514393192, 0.000491500075441, 0.000579230487347, 0.000594916695263, 0.000260186207015, 0.00017685162311, 0.000197194458451, 0.000128292027512, 8.0110388808e-05, 5.32107333129e-05, 3.38183308486e-05, 4.02199111704e-05, 3.72906397388e-05, 3.88251974073e-05, 3.35472977895e-05, 2.83875251625e-05, 1.94914900931e-05, 1.82222356671e-05, 2.25730673264e-05, 1.26113209262e-05, 8.14318536868e-06, 1.04631471913e-05, 1.60793388204e-05, 1.15777365863e-05, 8.4719795268e-06, 6.93998754286e-06, 6.16389752395e-06, 5.28783584741e-06, 4.89228477818e-06, 5.44880094822e-06, 7.14830639481e-06, 3.42200041814e-06, 2.53296934716e-06, 2.04876391763e-06, 1.80310860287e-06],
        "median": [0.00234320550226, 0.00226778467186, 0.00138667761348, 0.00106980698183, 0.000587611924857, 0.000497254775837, 0.000308419548674, 0.000263573485427, 0.000219995199586, 0.00015467107005, 7.75688677095e-05, 7.36232323106e-05, 4.34918547398e-05, 3.78192598873e-05, 2.93543598673e-05, 1.89369093277e-05, 1.76631911017e-05, 1.79999260581e-05, 2.10798298212e-05, 1.76546636794e-05, 2.2139867724e-05, 1.45849580804e-05, 1.47039809235e-05, 1.83947777259e-05, 9.89496402326e-06, 6.14488226347e-06, 7.61602495913e-06, 1.1912267837e-05, 7.83794439485e-06, 5.0583621487e-06, 3.59014734386e-06, 3.39163352692e-06, 2.86135446004e-06, 3.08875087285e-06, 3.56843429472e-06, 4.26402630183e-06, 2.42145893026e-06, 1.73369994627e-06, 1.26353063479e-06, 1.23389816054e-06],
        "min": [2.01650209419e-06, 1.53907712956e-05, 1.05752042145e-05, 1.65204564837e-05, 5.32150843355e-05, 1.14669219329e-05, 6.50529727864e-06, 2.27490181715e-06, 3.59504610969e-06, 5.10184827363e-06, 4.60520965362e-07, 2.63799506683e-06, 1.49811853589e-06, 7.47231865716e-07, 1.75639615918e-06, 5.49061496713e-07, 1.41997645642e-06, 5.42695488548e-07, 5.21263416431e-07, 4.93825837111e-07, 2.22313602194e-07, 5.418787552e-08, 4.02376656439e-07, 4.73629597764e-07, 1.58058782063e-07, 1.6484996479e-07, 2.43394111976e-07, 3.75472552605e-07, 9.53284455818e-08, 1.37094247066e-07, 1.57714211468e-07, 5.10406827914e-08, 2.80579453005e-08, 3.1826520086e-08, 8.08280873343e-08, 2.85946075707e-08, 1.97398790647e-08, 1.83780244356e-08, 4.4762052398e-10, 2.23265191057e-11],
