{
"highlevel": {
    "danceability": {
        "all": {
            "danceable": 0.212486192584,
            "not_danceable": 0.787513792515
        },
        "probability": 0.787513792515,
        "value": "not_danceable"
    },
    "gender": {
        "all": {
            "female": 0.144243732095,
            "male": 0.855756282806
        },
        "probability": 0.855756282806,
        "value": "male"
    },
    "genre_dortmund": {
        "all": {
            "alternative": 0.0648389607668,
            "blues": 0.366878241301,
            "electronic": 0.014208773151,
            "folkcountry": 0.101415716112,
            "funksoulrnb": 0.0135913239792,
            "jazz": 0.0264787357301,
            "pop": 0.0215993858874,
            "raphiphop": 0.00292522809468,
            "rock": 0.388063639402
        },
        "probability": 0.388063639402,
        "value": "rock"
    },
    "genre_electronic": {
        "all": {
            "ambient": 0.734219908714,
            "dnb": 0.0913822427392,
            "house": 0.0769812017679,
            "techno": 0.0124900583178,
            "trance": 0.0849265605211
        },
        "probability": 0.734219908714,
        "value": "ambient"
    },
    "genre_rosamerica": {
        "all": {
            "cla": 0.399715304375,
            "dan": 0.0634308159351,
            "hip": 0.0663268119097,
            "jaz": 0.0230724029243,
            "pop": 0.0491954870522,
            "rhy": 0.135157555342,
            "roc": 0.220747500658,
            "spe": 0.0423541180789
        },
        "probability": 0.399715304375,
        "value": "cla"
    },
    "genre_tzanetakis": {
        "all": {
            "blu": 0.0626613423228,
            "cla": 0.0348169617355,
            "cou": 0.104475811124,
            "dis": 0.0784321576357,
            "hip": 0.15692435205,
            "jaz": 0.313974827528,
            "met": 0.0448166541755,
            "pop": 0.0627359300852,
            "reg": 0.0627360641956,
            "roc": 0.0784258767962
        },
        "probability": 0.313974827528,
        "value": "jaz"
    },
    "ismir04_rhythm": {
        "all": {
            "ChaChaCha": 0.169785425067,
            "Jive": 0.29048627615,
            "Quickstep": 0.0210249982774,
            "Rumba-American": 0.00646359100938,
            "Rumba-International": 0.00932385586202,
            "Rumba-Misc": 0.00399223808199,
            "Samba": 0.0381564833224,
            "Tango": 0.0720180571079,
            "VienneseWaltz": 0.382246911526,
            "Waltz": 0.00650215242058
        },
        "probability": 0.382246911526,
        "value": "VienneseWaltz"
    },
    "mood_acoustic": {
        "all": {
            "acoustic": 0.0253810565919,
            "not_acoustic": 0.974618971348
        },
        "probability": 0.974618971348,
        "value": "not_acoustic"
    },
    "mood_aggressive": {
        "all": {
            "aggressive": 0.662326216698,
            "not_aggressive": 0.337673813105
        },
        "probability": 0.662326216698,
        "value": "aggressive"
    },
    "mood_electronic": {
        "all": {
            "electronic": 0.297405064106,
            "not_electronic": 0.702594935894
        },
        "probability": 0.702594935894,
        "value": "not_electronic"
    },
    "mood_happy": {
        "all": {
            "happy": 0.68023532629,
            "not_happy": 0.319764703512
        },
        "probability": 0.68023532629,
        "value": "happy"
    },
    "mood_party": {
        "all": {
            "not_party": 0.77227461338,
            "party": 0.22772538662
        },
        "probability": 0.77227461338,
        "value": "not_party"
    },
    "mood_relaxed": {
        "all": {
            "not_relaxed": 0.943119525909,
            "relaxed": 0.0568804703653
        },
        "probability": 0.943119525909,
        "value": "not_relaxed"
    },
    "mood_sad": {
        "all": {
            "not_sad": 0.809323549271,
            "sad": 0.190676420927
        },
        "probability": 0.809323549271,
        "value": "not_sad"
    },
    "moods_mirex": {
        "all": {
            "Cluster1": 0.339404374361,
            "Cluster2": 0.263366520405,
            "Cluster3": 0.0882543325424,
            "Cluster4": 0.172263264656,
            "Cluster5": 0.136711522937
        },
        "probability": 0.339404374361,
        "value": "Cluster1"
    },
    "timbre": {
        "all": {
            "bright": 0.965602517128,
            "dark": 0.0343974903226
        },
        "probability": 0.965602517128,
        "value": "bright"
    },
    "tonal_atonal": {
        "all": {
            "atonal": 0.0536143071949,
            "tonal": 0.946385681629
        },
        "probability": 0.946385681629,
        "value": "tonal"
    },
    "voice_instrumental": {
        "all": {
            "instrumental": 0.0471239350736,
            "voice": 0.952876091003
        },
        "probability": 0.952876091003,
        "value": "voice"
    }
},
"lowlevel": {
    "average_loudness": 0.95083206892,
    "barkbands_crest": {
        "dmean": 2.64773869514,
        "dmean2": 4.30913972855,
        "dvar": 8.70855617523,
        "dvar2": 17.6685409546,
        "max": 24.9095783234,
        "mean": 8.98802852631,
        "median": 7.67077445984,
        "min": 2.50216603279,
        "var": 19.0697402954
    },
    "barkbands_flatness_db": {
        "dmean": 0.0196133479476,
        "dmean2": 0.0309298262,
        "dvar": 0.000392949441448,
        "dvar2": 0.000851122487802,
        "max": 0.341921001673,
        "mean": 0.145415410399,
        "median": 0.142027109861,
        "min": 0.054545160383,
        "var": 0.00117129273713
    },
    "barkbands_kurtosis": {
        "dmean": 1.55760931969,
        "dmean2": 2.50337934494,
        "dvar": 22.7531986237,
        "dvar2": 36.5434303284,
        "max": 132.038253784,
        "mean": 0.843060255051,
        "median": -0.475854873657,
        "min": -1.77878975868,
        "var": 40.1014251709
    },
    "barkbands_skewness": {
        "dmean": 0.471199244261,
        "dmean2": 0.730489909649,
        "dvar": 0.322129279375,
        "dvar2": 0.572497069836,
        "max": 10.7268676758,
        "mean": 0.780193448067,
        "median": 0.692236661911,
        "min": -2.07296180725,
        "var": 1.15700113773
    },
    "barkbands_spread": {
        "dmean": 5.39340591431,
        "dmean2": 8.55675601959,
        "dvar": 24.0176029205,
        "dvar2": 56.38022995,
        "max": 63.8826408386,
        "mean": 27.9572181702,
        "median": 27.7005519867,
        "min": 1.47805845737,
        "var": 89.3947601318
    },
    "dissonance": {
        "dmean": 0.011761425063,
        "dmean2": 0.0199605226517,
        "dvar": 0.000132027591462,
        "dvar2": 0.00035060357186,
        "max": 0.499999970198,
        "mean": 0.479356527328,
        "median": 0.482995867729,
        "min": 0.353773534298,
        "var": 0.000261913723079
    },
    "dynamic_complexity": 2.55987167358,
    "erbbands_crest": {
        "dmean": 2.63843131065,
        "dmean2": 4.27402162552,
        "dvar": 6.06890439987,
        "dvar2": 13.9913110733,
        "max": 28.4154758453,
        "mean": 9.40027713776,
        "median": 8.31677532196,
        "min": 2.69419765472,
        "var": 18.0867786407
    },
    "erbbands_flatness_db": {
        "dmean": 0.0174657143652,
        "dmean2": 0.0253493599594,
        "dvar": 0.000256089057075,
        "dvar2": 0.000507582037244,
        "max": 0.291639983654,
        "mean": 0.186731368303,
        "median": 0.185296535492,
        "min": 0.092274107039,
        "var": 0.00150836643297
    },
    "erbbands_kurtosis": {
        "dmean": 0.7245054245,
        "dmean2": 1.13828575611,
        "dvar": 1.02533304691,
        "dvar2": 2.53136634827,
        "max": 19.9075660706,
        "mean": 0.202648028731,
        "median": -0.255540847778,
        "min": -1.71856558323,
        "var": 3.22309541702
    },
    "erbbands_skewness": {
        "dmean": 0.285743653774,
        "dmean2": 0.450050443411,
        "dvar": 0.0683629214764,
        "dvar2": 0.159508302808,
        "max": 2.28963208199,
        "mean": -0.331818848848,
        "median": -0.339184373617,
        "min": -2.36543560028,
        "var": 0.358351826668
    },
    "erbbands_spread": {
        "dmean": 6.48191452026,
        "dmean2": 9.94954013824,
        "dvar": 40.3629608154,
        "dvar2": 86.5484924316,
        "max": 104.238502502,
        "mean": 34.1289138794,
        "median": 32.7162322998,
        "min": 6.39187240601,
        "var": 205.858016968
    },
    "hfc": {
        "dmean": 5.13633346558,
        "dmean2": 7.78709793091,
        "dvar": 30.6460571289,
        "dvar2": 73.3256759644,
        "max": 111.848175049,
        "mean": 25.3925762177,
        "median": 24.3586769104,
        "min": 0.108573809266,
        "var": 270.886108398
    },
    "melbands_crest": {
        "dmean": 3.23402309418,
        "dmean2": 5.17313051224,
        "dvar": 11.8281850815,
        "dvar2": 23.6020774841,
        "max": 31.1294536591,
        "mean": 11.9912567139,
        "median": 10.5771636963,
        "min": 3.5517373085,
        "var": 28.2576065063
    },
    "melbands_flatness_db": {
        "dmean": 0.0238977018744,
        "dmean2": 0.0364805310965,
        "dvar": 0.000747476646211,
        "dvar2": 0.0014346500393,
        "max": 0.440065383911,
        "mean": 0.170063734055,
        "median": 0.161871507764,
        "min": 0.0645874813199,
        "var": 0.00250207679346
    },
    "melbands_kurtosis": {
        "dmean": 4.64911651611,
        "dmean2": 7.11002254486,
        "dvar": 141.893066406,
        "dvar2": 229.294494629,
        "max": 343.748474121,
        "mean": 6.47723150253,
        "median": 2.66171360016,
        "min": -1.58194565773,
        "var": 287.622253418
    },
    "melbands_skewness": {
        "dmean": 0.648978531361,
        "dmean2": 1.00227987766,
        "dvar": 0.694293439388,
        "dvar2": 1.26558494568,
        "max": 14.4169988632,
        "mean": 1.91465222836,
        "median": 1.71160495281,
        "min": -0.840548276901,
        "var": 2.11367845535
    },
    "melbands_spread": {
        "dmean": 8.45787620544,
        "dmean2": 13.7244262695,
        "dvar": 77.1172027588,
        "dvar2": 178.131576538,
        "max": 109.297302246,
        "mean": 36.4517593384,
        "median": 34.9203910828,
        "min": 0.960613250732,
        "var": 312.60635376
    },
    "pitch_salience": {
        "dmean": 0.0730300545692,
        "dmean2": 0.116306379437,
        "dvar": 0.00537649448961,
        "dvar2": 0.0107629559934,
        "max": 0.809871912003,
        "mean": 0.555957973003,
        "median": 0.568472027779,
        "min": 0.115720383823,
        "var": 0.0135104320943
    },
    "silence_rate_20dB": {
        "dmean": 0,
        "dmean2": 0,
        "dvar": 0,
        "dvar2": 0,
        "max": 1,
        "mean": 1,
        "median": 1,
        "min": 1,
        "var": 0
    },
    "silence_rate_30dB": {
        "dmean": 0,
        "dmean2": 0,
        "dvar": 0,
        "dvar2": 0,
        "max": 1,
        "mean": 1,
        "median": 1,
        "min": 1,
        "var": 0
    },
    "silence_rate_60dB": {
        "dmean": 0.011609907262,
        "dmean2": 0.0224632062018,
        "dvar": 0.0114751057699,
        "dvar2": 0.0219587162137,
        "max": 1,
        "mean": 0.0332559943199,
        "median": 0,
        "min": 0,
        "var": 0.0321500115097
    },
    "spectral_centroid": {
        "dmean": 228.812911987,
        "dmean2": 365.951049805,
        "dvar": 38477.15625,
        "dvar2": 94948.0390625,
        "max": 3145.20239258,
        "mean": 1850.24169922,
        "median": 1904.43103027,
        "min": 469.596160889,
        "var": 235139.4375
    },
    "spectral_complexity": {
        "dmean": 3.76857590675,
        "dmean2": 5.97366380692,
        "dvar": 11.5277833939,
        "dvar2": 26.5181312561,
        "max": 52,
        "mean": 26.0038661957,
        "median": 27,
        "min": 0,
        "var": 119.907493591
    },
    "spectral_decrease": {
        "dmean": 1.95051708118e-09,
        "dmean2": 3.06350811385e-09,
        "dvar": 7.30911182195e-18,
        "dvar2": 1.62477644875e-17,
        "max": -9.85426237138e-12,
        "mean": -6.36855901348e-09,
        "median": -5.7073479276e-09,
        "min": -2.4584050351e-08,
        "var": 1.83915502831e-17
    },
    "spectral_energy": {
        "dmean": 0.00764995906502,
        "dmean2": 0.0119665144011,
        "dvar": 0.000105825325591,
        "dvar2": 0.000235336337937,
        "max": 0.095827832818,
        "mean": 0.026339540258,
        "median": 0.0242244340479,
        "min": 4.74430780741e-05,
        "var": 0.000291075761197
    },
    "spectral_energyband_high": {
        "dmean": 0.0002860648965,
        "dmean2": 0.00042431379552,
        "dvar": 2.10086653851e-07,
        "dvar2": 4.78575998386e-07,
        "max": 0.00462129665539,
        "mean": 0.000678531127051,
        "median": 0.00048769111163,
        "min": 1.26507927689e-06,
        "var": 4.27480358667e-07
    },
    "spectral_energyband_low": {
        "dmean": 0.00540550472215,
        "dmean2": 0.00881019514054,
        "dvar": 0.000114955459139,
        "dvar2": 0.000255615654169,
        "max": 0.0795703008771,
        "mean": 0.00835403241217,
        "median": 0.00373672856949,
        "min": 2.92219169751e-06,
        "var": 0.000162143580383
    },
    "spectral_energyband_middle_high": {
        "dmean": 0.00204063230194,
        "dmean2": 0.00310098612681,
        "dvar": 6.30531894785e-06,
        "dvar2": 1.57259910338e-05,
        "max": 0.060206387192,
        "mean": 0.0086169121787,
        "median": 0.00731416326016,
        "min": 2.48880551226e-05,
        "var": 5.01689501107e-05
    },
    "spectral_energyband_middle_low": {
        "dmean": 0.00337089691311,
        "dmean2": 0.00541577348486,
        "dvar": 2.06348067877e-05,
        "dvar2": 5.23527123732e-05,
        "max": 0.0748461857438,
        "mean": 0.00930733326823,
        "median": 0.00714322458953,
        "min": 1.14413396659e-05,
        "var": 6.17366749793e-05
    },
    "spectral_entropy": {
        "dmean": 0.110841363668,
        "dmean2": 0.168006628752,
        "dvar": 0.010642179288,
        "dvar2": 0.0206930693239,
        "max": 8.32508850098,
        "mean": 7.63814783096,
        "median": 7.61893320084,
        "min": 6.78484964371,
        "var": 0.0523528978229
    },
    "spectral_flux": {
        "dmean": 0.0252205077559,
        "dmean2": 0.040216203779,
        "dvar": 0.000709298590664,
        "dvar2": 0.0017597208498,
        "max": 0.232150360942,
        "mean": 0.0861441344023,
        "median": 0.0796018317342,
        "min": 0.00502924621105,
        "var": 0.00157591397874
    },
    "spectral_kurtosis": {
        "dmean": 1.74430799484,
        "dmean2": 3.04896569252,
        "dvar": 2.90420794487,
        "dvar2": 8.86565685272,
        "max": 14.1548442841,
        "mean": 3.97897362709,
        "median": 3.55357933044,
        "min": -0.247268438339,
        "var": 5.3209028244
    },
    "spectral_rms": {
        "dmean": 0.000696293602232,
        "dmean2": 0.001054686727,
        "dvar": 6.57034831875e-07,
        "dvar2": 1.28705880797e-06,
        "max": 0.00966905243695,
        "mean": 0.00478136492893,
        "median": 0.00486143957824,
        "min": 0.000215141655644,
        "var": 2.83565077552e-06
    },
    "spectral_rolloff": {
        "dmean": 484.413513184,
        "dmean2": 821.264404297,
        "dvar": 317190.09375,
        "dvar2": 706465.9375,
        "max": 5964.69726562,
        "mean": 2019.25817871,
        "median": 2067.1875,
        "min": 64.599609375,
        "var": 862642.1875
    },
    "spectral_skewness": {
        "dmean": 0.212560996413,
        "dmean2": 0.359647214413,
        "dvar": 0.0347013622522,
        "dvar2": 0.102866597474,
        "max": 2.51332306862,
        "mean": 1.12975037098,
        "median": 1.11523723602,
        "min": 0.206460550427,
        "var": 0.0957716554403
    },
    "spectral_spread": {
        "dmean": 336194.46875,
        "dmean2": 495167.0625,
        "dvar": 195157508096,
        "dvar2": 340966572032,
        "max": 11748939,
        "mean": 3351548.75,
        "median": 3164005.25,
        "min": 1860167.75,
        "var": 845027737600
    },
    "spectral_strongpeak": {
        "dmean": 0.774833858013,
        "dmean2": 1.30557405949,
        "dvar": 1.47954249382,
        "dvar2": 3.37990021706,
        "max": 12.5427370071,
        "mean": 1.38212239742,
        "median": 0.515798330307,
        "min": 0.0119938952848,
        "var": 3.35543441772
    },
    "zerocrossingrate": {
        "dmean": 0.00871725659817,
        "dmean2": 0.0100288661197,
        "dvar": 6.22553852736e-05,
        "dvar2": 7.99259796622e-05,
        "max": 0.15673828125,
        "mean": 0.0681822672486,
        "median": 0.0703125,
        "min": 0.00537109375,
        "var": 0.000489324622322
    },
    "barkbands": {
        "dmean": [7.41834592191e-05, 0.00462958682328, 0.00112585211173, 0.00077441619942, 0.00070694234455, 0.00144228292629, 0.00140362977982, 0.00059439742472, 0.000334216048941, 0.000212073922739, 0.000117794937978, 0.000134962057928, 0.000624173437245, 0.000954949704465, 0.000612255942542, 0.000240964625846, 0.000322793115629, 0.000545239192434, 0.000343150721164, 0.000126871178509, 0.00012788688764, 7.52643318265e-05, 4.48669270554e-05, 2.15506406676e-05, 8.97342215467e-06, 2.73464684142e-06, 5.16686737839e-09],
        "dmean2": [0.000108457141323, 0.0075602363795, 0.00195649801753, 0.00131756986957, 0.00119833112694, 0.00236870418303, 0.00227308529429, 0.000968216103502, 0.000533653364982, 0.000336643744959, 0.000185243901797, 0.000216344109504, 0.00098701461684, 0.00145436415914, 0.00102631992195, 0.000390755129047, 0.000527707568835, 0.000926547509152, 0.000561260210816, 0.000207409990253, 0.000209463207284, 0.000114449612738, 6.65588013362e-05, 3.29550566676e-05, 1.34385318233e-05, 4.26815267929e-06, 8.50886294756e-09],
        "dvar": [3.29123182041e-08, 0.000101963989437, 4.99788166053e-06, 1.52037557655e-06, 1.17951299217e-06, 1.00816287159e-05, 7.68963491282e-06, 1.17626530027e-06, 5.42704583495e-07, 2.59104069755e-07, 6.401329955e-08, 1.00124744051e-07, 8.93522724255e-07, 3.64663310393e-06, 1.61082209615e-06, 1.45283138409e-07, 1.90337345884e-07, 7.04752153524e-07, 2.24444278274e-07, 2.89802439823e-08, 3.60031151558e-08, 2.38841302291e-08, 7.0171415345e-09, 2.38838948619e-09, 2.90313023621e-10, 4.14086750999e-11, 1.51435684332e-15],
        "dvar2": [6.69270505682e-08, 0.000222166345338, 1.40251195262e-05, 4.18252693635e-06, 3.2332363844e-06, 2.5314902814e-05, 1.88547219295e-05, 2.81727670881e-06, 1.39330461479e-06, 6.4528154553e-07, 1.3389539788e-07, 2.29212389513e-07, 2.37932204072e-06, 8.25980168884e-06, 4.8873716878e-06, 3.56875602847e-07, 4.67825600481e-07, 1.93171604224e-06, 5.42502277767e-07, 7.26486675262e-08, 9.17971121339e-08, 5.39386526555e-08, 1.47935761419e-08, 5.43621192506e-09, 6.35318131437e-10, 9.7602502469e-11, 2.3167098614e-15],
        "max": [0.00122202304192, 0.0716066807508, 0.0189692117274, 0.010366378352, 0.00995017681271, 0.0708281770349, 0.0516030974686, 0.0225744377822, 0.0107465945184, 0.00766389723867, 0.00599552784115, 0.00616698339581, 0.0148729924113, 0.0447556488216, 0.0246901195496, 0.00975190941244, 0.00492862658575, 0.0091999778524, 0.00855368003249, 0.002084587235, 0.00189739884809, 0.00149346690159, 0.000852636236232, 0.000769248348661, 0.000211156497244, 8.68038841872e-05, 1.1670550748e-06],
        "mean": [6.73044996802e-05, 0.00621721474454, 0.00154663540889, 0.00111149880104, 0.00105452619027, 0.00264614610933, 0.00259036920033, 0.0011472334154, 0.000574970326852, 0.000404233956942, 0.000193653075257, 0.00024266645778, 0.00125207891688, 0.00205200514756, 0.00121631613001, 0.000515061605256, 0.000726703263354, 0.00110329221934, 0.000858213054016, 0.000277198298136, 0.00027422333369, 0.000135071881232, 7.50458275434e-05, 3.88449407183e-05, 1.57410831889e-05, 3.31627620653e-06, 3.96617894083e-09],
        "median": [2.40873623625e-06, 0.00102900492493, 0.000883745437022, 0.000809928285889, 0.000772928004153, 0.00137861748226, 0.000970661290921, 0.000525975774508, 0.000238094682572, 0.000124227517517, 8.12747020973e-05, 0.000101403122244, 0.000625232467428, 0.000589174567722, 0.000588118564337, 0.000356944423402, 0.000507301418111, 0.000690671498887, 0.000609834387433, 0.000221924026846, 0.000201359405764, 5.65288792131e-05, 2.96361631626e-05, 1.600199721e-05, 6.41152746539e-06, 9.59534872891e-07, 3.80528636379e-10],
        "min": [6.42372599557e-10, 4.44048396275e-07, 3.51043041746e-07, 7.51909226437e-07, 1.98622774406e-06, 5.34851437806e-07, 9.50770186137e-07, 4.15931424413e-07, 7.17735758826e-07, 1.52240190232e-07, 2.70627538157e-07, 3.28483935164e-07, 3.99481450586e-07, 6.98656720033e-07, 1.95762186195e-06, 1.56090652581e-06, 5.52220126337e-06, 1.4072330714e-06, 1.14060730994e-06, 7.0346686698e-07, 2.04863965791e-07, 1.24047076611e-07, 2.71138901553e-07, 3.37145316109e-08, 4.77125061682e-10, 4.36340156715e-12, 5.24352783415e-12],
        "var": [3.73419304367e-08, 0.000136356713483, 4.23770916314e-06, 1.44210616781e-06, 1.22630410715e-06, 2.20330894081e-05, 2.47489078902e-05, 3.3836977309e-06, 1.04361924969e-06, 6.11790881067e-07, 1.59514101483e-07, 2.56019689004e-07, 2.77968774753e-06, 1.34509309646e-05, 3.31721662405e-06, 4.22442667514e-07, 5.04308900418e-07, 1.60178785791e-06, 8.00618579433e-07, 6.73101112625e-08, 7.39948120554e-08, 3.84484124538e-08, 1.4042282892e-08, 4.47234249634e-09, 5.17701992386e-10, 4.79121534114e-11, 1.34680260905e-15]
    },
    "erbbands": {
        "dmean": [0.130341351032, 1.13670217991, 1.61159551144, 1.72590506077, 2.79431080818, 2.39827394485, 7.64258623123, 11.4812631607, 16.6205825806, 22.0648155212, 10.9634828568, 7.47598600388, 7.28410339355, 4.69429779053, 4.56399965286, 6.65321302414, 28.4248142242, 47.9309692383, 32.9137992859, 20.8614635468, 12.1501712799, 17.592300415, 26.5103607178, 20.1123390198, 12.9282722473, 6.10752105713, 6.00375080109, 4.0708155632, 2.64954400063, 2.21636223793, 1.15349674225, 0.597837507725, 0.292217463255, 0.132459253073, 0.0508828423917, 0.0174741894007, 0.00464299367741, 0.000310569099383, 9.56659550866e-06, 8.95966331882e-06],
        "dmean2": [0.177940234542, 1.90186023712, 2.81148672104, 2.93058156967, 4.83307933807, 4.02387666702, 12.6706190109, 18.7080211639, 27.6427459717, 34.8814544678, 17.6566047668, 11.9806785583, 11.9341154099, 7.20022201538, 6.89499425888, 10.5575056076, 45.2393989563, 72.9758911133, 54.4977607727, 33.9601631165, 19.7100124359, 28.5541820526, 44.7409248352, 33.4241752625, 21.1205444336, 9.89147853851, 9.8202419281, 6.54203367233, 4.12586688995, 3.29823207855, 1.72939920425, 0.921868085861, 0.437163800001, 0.197653755546, 0.0763861462474, 0.0262952912599, 0.00751785840839, 0.000515624822583, 1.44587493196e-05, 1.38266459544e-05],
        "dvar": [0.0838582739234, 6.00885629654, 11.3473701477, 6.17448663712, 29.4117469788, 9.22393417358, 311.077575684, 558.762023926, 1597.12939453, 1867.41113281, 342.022033691, 332.446105957, 362.338012695, 139.778427124, 107.690193176, 134.578155518, 1731.53015137, 9913.77734375, 6135.7734375, 1302.96728516, 275.631988525, 529.045227051, 1585.59399414, 838.761230469, 369.667724609, 59.2121658325, 78.7930679321, 48.2161903381, 29.4274978638, 18.9884681702, 4.92787361145, 1.80827987194, 0.385503709316, 0.0602863766253, 0.0112576987594, 0.00154960562941, 0.000144073099364, 5.3000258049e-07, 2.84563483888e-10, 1.28548158229e-10],
        "dvar2": [0.150573834777, 14.9221773148, 31.8825035095, 16.9072284698, 81.4762268066, 25.6729125977, 857.650085449, 1276.72973633, 4130.54980469, 4047.78808594, 815.94519043, 835.710021973, 1034.46228027, 287.813049316, 219.318069458, 334.43145752, 4618.40527344, 22928.1191406, 18027.8535156, 3193.30688477, 706.088623047, 1293.30078125, 4212.96191406, 2121.12402344, 948.421875, 151.810409546, 202.607711792, 122.740325928, 69.1764831543, 39.2546463013, 10.8800210953, 4.19732522964, 0.859196960926, 0.13320761919, 0.0256480332464, 0.00353290420026, 0.000358983757906, 1.30841772261e-06, 6.38278041531e-10, 2.83816470326e-10],
        "max": [1.99797654152, 18.8072471619, 23.0837116241, 18.8334121704, 49.7349014282, 31.86759758, 368.400787354, 478.133850098, 794.874023438, 761.285522461, 416.359741211, 275.695617676, 349.021057129, 191.766357422, 282.84274292, 230.984130859, 578.499023438, 2154.03417969, 1652.92773438, 917.266418457, 205.998550415, 240.742248535, 536.729858398, 559.278625488, 277.865661621, 94.2100372314, 99.7238616943, 87.3656158447, 55.1167793274, 39.234790802, 28.6990509033, 17.6588058472, 10.4584531784, 3.24253296852, 1.2560005188, 0.582285106182, 0.185959979892, 0.00906866695732, 0.000217993321712, 0.000107644649688],
        "mean": [0.152653470635, 1.46030116081, 2.10466885567, 2.85428071022, 3.75315403938, 3.71490073204, 12.6360092163, 21.4019680023, 27.4885959625, 43.4515266418, 22.9637317657, 12.7550983429, 14.1635522842, 9.16023635864, 8.75584983826, 13.9792060852, 57.1173553467, 106.186820984, 74.6952514648, 45.8725357056, 29.3083705902, 42.4085235596, 57.7397956848, 52.1667938232, 32.6329650879, 14.5096950531, 12.9455976486, 8.17411994934, 4.8792347908, 3.70365810394, 1.91884052753, 1.03821372986, 0.508906841278, 0.228214964271, 0.0835391879082, 0.0242407247424, 0.0048161894083, 0.000304666493321, 2.37003096117e-05, 3.30660150212e-05],
        "median": [0.0206608455628, 0.289202690125, 1.4349398613, 2.14786148071, 2.60012722015, 2.74405431747, 6.29627370834, 11.639421463, 12.3553590775, 14.8605480194, 11.855676651, 6.77982234955, 4.79649877548, 3.85671615601, 3.52104854584, 8.08355903625, 30.5832290649, 34.4272232056, 29.7919864655, 29.5944309235, 23.1361846924, 30.7801246643, 40.5497207642, 35.6055374146, 23.0068798065, 12.3052072525, 9.17411613464, 6.00786304474, 2.21805787086, 1.31942498684, 0.774469852448, 0.397992402315, 0.213631048799, 0.0926975160837, 0.0329675525427, 0.00857164990157, 0.00119042361621, 6.39568825136e-05, 1.95603170141e-05, 3.13578966598e-05],
        "min": [5.92647120357e-06, 5.80377018196e-05, 0.000534044578671, 0.00394965568557, 0.0066219298169, 0.00699138175696, 0.00501022022218, 0.00237276009284, 0.00795479118824, 0.0298324618489, 0.0192085709423, 0.0186658017337, 0.00744325201958, 0.0105516342446, 0.007500377018, 0.0146565400064, 0.0253888498992, 0.0425600931048, 0.0695025697351, 0.390491127968, 0.103969320655, 0.32505106926, 0.0748460143805, 0.050215754658, 0.0682212933898, 0.0251577552408, 0.0112321451306, 0.00523277651519, 0.00376973347738, 0.00436152564362, 0.00492890924215, 0.00194075249601, 0.000341731385561, 0.000141874901601, 1.0809608284e-05, 1.36666915296e-06, 4.34432052998e-07, 1.04647405408e-07, 6.93703725574e-08, 1.00468710684e-07],
        "var": [0.12192786485, 6.95630598068, 8.94735050201, 7.08075857162, 23.150604248, 12.4960336685, 483.145965576, 1438.05407715, 3642.0144043, 6677.54931641, 1074.35595703, 432.755126953, 828.662231445, 363.903686523, 319.695922852, 419.024597168, 5213.83935547, 36309.0585938, 18775.0585938, 3920.38818359, 689.24432373, 1574.28991699, 3859.26757812, 3105.93041992, 1122.44665527, 155.737213135, 188.869689941, 71.2558822632, 44.8537788391, 34.4150466919, 9.39695549011, 3.501049757, 0.673265755177, 0.110172353685, 0.0175649989396, 0.00209538429044, 0.00013507255062, 4.98126041748e-07, 4.08637484961e-10, 4.04639544094e-10]
    },
    "gfcc": {
        "mean": [1.60508966446, 106.481803894, -153.388916016, 54.6050567627, -53.926612854, 2.38110327721, -44.4507446289, 4.52221250534, -14.6035881042, 7.39499950409, -6.02462720871, -10.4946699142, -12.5583667755],
        "cov": [[2310.92211914, -83.966796875, 42.3333358765, 54.0800247192, 107.640190125, 98.4273910522, 152.119308472, 58.5767097473, -23.1582164764, 349.001068115, 69.6177368164, 85.8143463135, -94.9713897705], [-83.966796875, 731.335144043, -128.18649292, 9.18056678772, 241.695632935, -162.868789673, 198.144271851, -54.0815658569, 136.602676392, 120.190559387, 160.74772644, -82.114982605, 89.7254486084], [42.3333358765, -128.18649292, 487.525390625, 114.119522095, -62.3695526123, 171.505126953, -43.2850914001, 62.4478759766, 25.7999134064, -9.74431324005, -37.4249038696, 130.661056519, -8.10017776489], [54.0800247192, 9.18056678772, 114.119522095, 262.063140869, 47.4144477844, 38.6232528687, 15.1929225922, -1.2227152586, 99.8479309082, 12.7144823074, 28.6542491913, -22.3942775726, 20.1783161163], [107.640190125, 241.695632935, -62.3695526123, 47.4144477844, 336.490600586, -88.1768798828, 104.01411438, 56.8567695618, 69.2996902466, 154.394790649, 92.4793624878, -18.5700378418, 20.4094219208], [98.4273910522, -162.868789673, 171.505126953, 38.6232528687, -88.1768798828, 286.657470703, 57.5897216797, 46.4013366699, -4.15813207626, -76.7528152466, -29.869058609, 62.9358863831, -6.28268718719], [152.119308472, 198.144271851, -43.2850914001, 15.1929225922, 104.01411438, 57.5897216797, 220.545272827, 34.8899879456, 39.1462440491, 36.9668769836, 56.7380981445, -4.46641683578, 13.2663516998], [58.5767097473, -54.0815658569, 62.4478759766, -1.2227152586, 56.8567695618, 46.4013366699, 34.8899879456, 129.872772217, 39.187713623, 8.9364233017, -2.38522291183, 27.6484584808, -2.01715683937], [-23.1582164764, 136.602676392, 25.7999134064, 99.8479309082, 69.2996902466, -4.15813207626, 39.1462440491, 39.187713623, 170.076751709, 41.5362434387, 37.3701934814, -34.8636512756, 29.3059520721], [349.001068115, 120.190559387, -9.74431324005, 12.7144823074, 154.394790649, -76.7528152466, 36.9668769836, 8.9364233017, 41.5362434387, 223.617095947, 70.4563980103, 0.102423168719, -15.6085538864], [69.6177368164, 160.74772644, -37.4249038696, 28.6542491913, 92.4793624878, -29.869058609, 56.7380981445, -2.38522291183, 37.3701934814, 70.4563980103, 131.12878418, 6.70607757568, 18.0697460175], [85.8143463135, -82.114982605, 130.661056519, -22.3942775726, -18.5700378418, 62.9358863831, -4.46641683578, 27.6484584808, -34.8636512756, 0.102423168719, 6.70607757568, 110.466415405, 1.40140795708], [-94.9713897705, 89.7254486084, -8.10017776489, 20.1783161163, 20.4094219208, -6.28268718719, 13.2663516998, -2.01715683937, 29.3059520721, -15.6085538864, 18.0697460175, 1.40140795708, 80.2177810669]],
        "icov": [[0.000776938803028, -0.000153499015141, 0.000573665252887, -0.000729323073756, 0.000643105071504, -0.000476694927784, -0.000280813575955, -0.000576639606152, 0.000569788215216, -0.00180571025703, 0.000428526836913, -0.000882530468516, 0.000523270515259], [-0.000153499015141, 0.00731370970607, -0.00397842051461, 0.00476414244622, -0.00280822021887, 0.00387013400905, -0.0061724241823, 0.00636395113543, -0.0042883977294, 0.00187183811795, -0.00481968652457, 0.00570692587644, -0.00484712375328], [0.000573665252887, -0.00397842051461, 0.00773554295301, -0.00549267744645, 0.00239105243236, -0.00388193619438, 0.0043235970661, -0.00454565184191, 0.00145969644655, -0.00313754635863, 0.0047343345359, -0.00960836932063, 0.00350782112218], [-0.000729323073756, 0.00476414244622, -0.00549267744645, 0.0104011269286, -0.00376095506363, 0.00189548393246, -0.00328599871136, 0.00671598920599, -0.00605589477345, 0.00363818230107, -0.00477603916079, 0.00760942557827, -0.00368237611838], [0.000643105071504, -0.00280822021887, 0.00239105243236, -0.00376095506363, 0.00835640262812, 7.8871344158e-05, -4.23506935476e-05, -0.00624376442283, 0.00276951538399, -0.00537430029362, 0.000770431244746, -0.00243255286478, 0.000631476228591], [-0.000476694927784, 0.00387013400905, -0.00388193619438, 0.00189548393246, 7.8871344158e-05, 0.00903852470219, -0.00619680248201, 0.00207193172537, -0.00214824266732, 0.00334934075363, -0.00228440039791, 0.00180159101728, -0.00207760208286], [-0.000280813575955, -0.0061724241823, 0.0043235970661, -0.00328599871136, -4.23506935476e-05, -0.00619680248201, 0.0126849310473, -0.00553718628362, 0.00269507593475, -0.000728532089852, 0.00202951976098, -0.00404587294906, 0.00361024285667], [-0.000576639606152, 0.00636395113543, -0.00454565184191, 0.00671598920599, -0.00624376442283, 0.00207193172537, -0.00553718628362, 0.0179188903421, -0.00826275255531, 0.00422423798591, -0.00236285571009, 0.00254144286737, -0.00250370311551], [0.000569788215216, -0.0042883977294, 0.00145969644655, -0.00605589477345, 0.00276951538399, -0.00214824266732, 0.00269507593475, -0.00826275255531, 0.0139902206138, -0.00390177429654, 0.00103185640182, 0.00164478598163, -0.000515804102179], [-0.00180571025703, 0.00187183811795, -0.00313754635863, 0.00363818230107, -0.00537430029362, 0.00334934075363, -0.000728532089852, 0.00422423798591, -0.00390177429654, 0.0128773897886, -0.00417664274573, 0.00233911559917, 0.0012239330681], [0.000428526836913, -0.00481968652457, 0.0047343345359, -0.00477603916079, 0.000770431244746, -0.00228440039791, 0.00202951976098, -0.00236285571009, 0.00103185640182, -0.00417664274573, 0.015824528411, -0.0090383766219, 0.00221137097105], [-0.000882530468516, 0.00570692587644, -0.00960836932063, 0.00760942557827, -0.00243255286478, 0.00180159101728, -0.00404587294906, 0.00254144286737, 0.00164478598163, 0.00233911559917, -0.0090383766219, 0.0258120857179, -0.00738021032885], [0.000523270515259, -0.00484712375328, 0.00350782112218, -0.00368237611838, 0.000631476228591, -0.00207760208286, 0.00361024285667, -0.00250370311551, -0.000515804102179, 0.0012239330681, 0.00221137097105, -0.00738021032885, 0.018861675635]]
    },
    "melbands": {
        "dmean": [0.00120604794938, 0.00108220416587, 0.000330419832608, 0.000181003953912, 0.000218870540266, 0.000263091846136, 0.000256196799455, 0.000217160137254, 8.40319989948e-05, 4.59796174255e-05, 3.67472493963e-05, 2.0171963115e-05, 1.62425858434e-05, 1.41457694554e-05, 4.93338338856e-05, 6.71662492095e-05, 9.36544529395e-05, 5.73498800804e-05, 3.96273972001e-05, 1.99017867999e-05, 1.55441503011e-05, 1.93487230717e-05, 1.93587711692e-05, 3.34673459292e-05, 1.66663267009e-05, 1.47805849338e-05, 5.64963374927e-06, 4.21915729021e-06, 4.72501369586e-06, 2.79007576864e-06, 2.26420274885e-06, 1.56232295012e-06, 1.51421136252e-06, 1.20809113469e-06, 7.46724253986e-07, 4.9801184332e-07, 3.364249892e-07, 2.30715045291e-07, 1.59738576144e-07, 1.0536138717e-07],
        "dmean2": [0.00186071440112, 0.00187311880291, 0.000560264161322, 0.000308273039991, 0.000362151447916, 0.000430158135714, 0.000422248442192, 0.000343447813066, 0.000135087015224, 7.27081860532e-05, 6.04323795415e-05, 3.09808747261e-05, 2.49392978731e-05, 2.23677743634e-05, 7.77988898335e-05, 0.000109281943878, 0.000141985583468, 9.49170425883e-05, 6.521713658e-05, 3.22806226905e-05, 2.53112557402e-05, 3.16250807373e-05, 3.19824830513e-05, 5.69673866266e-05, 2.73983878287e-05, 2.43868125835e-05, 9.29869838728e-06, 6.96282313584e-06, 7.86671625974e-06, 4.62659500045e-06, 3.63668414138e-06, 2.49187201007e-06, 2.32350430451e-06, 1.80373490366e-06, 1.15326668038e-06, 7.86991734003e-07, 5.27783811322e-07, 3.533174322e-07, 2.42516108528e-07, 1.62931826253e-07],
        "dvar": [7.18583851267e-06, 4.96541269968e-06, 2.69241013484e-07, 8.98594549881e-08, 2.37661183178e-07, 2.96354102147e-07, 3.44783245509e-07, 1.69298047581e-07, 1.79319812332e-08, 1.40963258843e-08, 8.90950513366e-09, 2.90606694264e-09, 1.20182530594e-09, 1.72496550377e-09, 5.24066257057e-09, 1.33346143016e-08, 3.90075172163e-08, 2.07585486578e-08, 5.09695574635e-09, 1.31521926683e-09, 4.51018472569e-10, 6.4396010746e-10, 7.50379425263e-10, 3.1264246747e-09, 5.95344162857e-10, 5.16421128083e-10, 5.03819451436e-11, 3.31503921536e-11, 5.61465977877e-11, 1.9431511955e-11, 1.73001838549e-11, 1.0365289356e-11, 9.62710727109e-12, 5.43968949746e-12, 2.14462844185e-12, 1.10382623181e-12, 5.77861055447e-13, 2.41224249777e-13, 9.82236278532e-14, 3.8099040524e-14],
        "dvar2": [1.37772012749e-05, 1.3590258277e-05, 7.39511904158e-07, 2.49647598594e-07, 6.46372768642e-07, 7.01811757153e-07, 8.6902809926e-07, 3.68572443676e-07, 4.30078017644e-08, 3.61373331259e-08, 2.51171261567e-08, 6.05160810352e-09, 2.49224929583e-09, 3.87037646377e-09, 1.35634596887e-08, 3.50736790722e-08, 8.34987901044e-08, 5.94505884521e-08, 1.40351783529e-08, 3.07115022302e-09, 1.19336474036e-09, 1.61343527427e-09, 1.92592475301e-09, 8.68358451811e-09, 1.47122813932e-09, 1.31331157061e-09, 1.33448654904e-10, 8.64627744401e-11, 1.44846856731e-10, 4.92479911018e-11, 4.37835080691e-11, 2.47735547354e-11, 2.19366001059e-11, 1.15060305034e-11, 4.86173818218e-12, 2.67072843875e-12, 1.35905815681e-12, 5.43507730141e-13, 2.24087011425e-13, 9.08891898918e-14],
        "max": [0.0196869075298, 0.0173837430775, 0.00413534231484, 0.00279853562824, 0.0103692505509, 0.0115772671998, 0.0120542244986, 0.00727497693151, 0.00271789799444, 0.0017565152375, 0.00168184726499, 0.00088793359464, 0.000888211128768, 0.000914014526643, 0.00103714875877, 0.00172363221645, 0.00489857513458, 0.00286417640746, 0.00108921958599, 0.00104921276215, 0.000271733268164, 0.000272679695627, 0.000350520742359, 0.00063473865157, 0.000504394993186, 0.000325908884406, 6.88158033881e-05, 7.19888121239e-05, 9.86247614492e-05, 4.6916797146e-05, 5.35711296834e-05, 3.67743050447e-05, 3.57086173608e-05, 2.3712625989e-05, 1.93025116459e-05, 1.2855800378e-05, 1.19561436804e-05, 8.68044116942e-06, 4.16964485339e-06, 2.91402193398e-06],
        "mean": [0.00159933522809, 0.00145870749839, 0.000543378992006, 0.000261329347268, 0.000378171331249, 0.000488562567625, 0.000449929415481, 0.000428665691288, 0.000166025201906, 7.41759940865e-05, 6.98189323884e-05, 3.70964917238e-05, 2.85589521809e-05, 2.54317037616e-05, 8.15004459582e-05, 0.000145983227412, 0.000199882590096, 0.000124648038764, 7.86498203524e-05, 4.20387441409e-05, 3.24124921462e-05, 4.26953993156e-05, 4.13014568039e-05, 6.26259934506e-05, 3.96974646719e-05, 3.28513197019e-05, 1.22670599012e-05, 8.62018168846e-06, 9.01773273654e-06, 5.95840083406e-06, 4.10345501223e-06, 2.74338958661e-06, 2.45238834395e-06, 1.88059664197e-06, 1.17356808005e-06, 7.72319140196e-07, 5.60124931326e-07, 3.71495389118e-07, 2.65718426817e-07, 1.65947682262e-07],
        "median": [0.000248597294558, 0.000765346107073, 0.000434257701272, 0.000184836622793, 0.0002104958985, 0.000267707044259, 0.000199192189029, 0.000155016750796, 8.3604354586e-05, 3.31159681082e-05, 2.13426374103e-05, 1.46559568748e-05, 1.12928773888e-05, 9.19888407225e-06, 4.15035392507e-05, 6.30924841971e-05, 5.58871251997e-05, 3.73690018023e-05, 4.14839851146e-05, 2.80023523374e-05, 2.34397793974e-05, 2.88895244012e-05, 2.98394897982e-05, 3.59327277693e-05, 2.70635064226e-05, 2.19602061406e-05, 9.34681065701e-06, 6.62539514451e-06, 5.464545211e-06, 4.31640955867e-06, 2.78416018773e-06, 1.24153621073e-06, 8.54032634834e-07, 6.12898361396e-07, 4.44794011401e-07, 3.06739934786e-07, 2.15302705442e-07, 1.54389411477e-07, 1.10154509514e-07, 6.3815129181e-08],
        "min": [7.52233830781e-08, 1.67707696619e-07, 7.53148754029e-07, 5.20198852882e-07, 2.06334902941e-07, 5.59696040625e-08, 1.60171595098e-07, 2.82570113086e-07, 8.59626254623e-08, 1.10552257127e-07, 3.20761017747e-08, 4.11888372298e-08, 3.13446655298e-08, 2.90244912549e-08, 4.53028299319e-08, 4.93578475869e-08, 7.71844028691e-08, 8.18690040205e-08, 1.96757298454e-07, 2.38363142557e-07, 8.36023730244e-08, 3.80730114102e-07, 1.09214752797e-07, 4.45301928664e-08, 3.70231632019e-08, 4.48405579334e-08, 2.9780201416e-08, 5.33485122745e-09, 2.59264698599e-09, 5.4870676891e-09, 2.17832107907e-09, 1.72928904529e-09, 2.31932717476e-09, 2.44557685214e-09, 3.25720050931e-09, 1.2456899956e-09, 7.95171151147e-10, 1.59411234213e-10, 2.035726622e-12, 3.10242608513e-12],
