{
"highlevel": {
    "danceability": {
        "all": {
            "danceable": 0.00555488513783,
            "not_danceable": 0.994445085526
        },
        "probability": 0.994445085526,
        "value": "not_danceable"
    },
    "gender": {
        "all": {
            "female": 0.598974227905,
            "male": 0.401025801897
        },
        "probability": 0.598974227905,
        "value": "female"
    },
    "genre_dortmund": {
        "all": {
            "alternative": 0.0541234835982,
            "blues": 0.486654549837,
            "electronic": 0.0810589119792,
            "folkcountry": 0.025812394917,
            "funksoulrnb": 0.0349897816777,
            "jazz": 0.06757555902,
            "pop": 0.0089697772637,
            "raphiphop": 0.00484484666958,
            "rock": 0.235970690846
        },
        "probability": 0.486654549837,
        "value": "blues"
    },
    "genre_electronic": {
        "all": {
            "ambient": 0.969776511192,
            "dnb": 0.012809141539,
            "house": 0.0128886792809,
            "techno": 0.00236750976183,
            "trance": 0.00215815985575
        },
        "probability": 0.969776511192,
        "value": "ambient"
    },
    "genre_rosamerica": {
        "all": {
            "cla": 0.973059356213,
            "dan": 0.000101218502095,
            "hip": 0.000990427914076,
            "jaz": 0.0108388382941,
            "pop": 0.000618214427959,
            "rhy": 0.00503526674584,
            "roc": 0.00058189209085,
            "spe": 0.00877477042377
        },
        "probability": 0.973059356213,
        "value": "cla"
    },
    "genre_tzanetakis": {
        "all": {
            "blu": 0.0112177096307,
            "cla": 0.927328526974,
            "cou": 0.00366903073154,
            "dis": 0.0320092812181,
            "hip": 0.00287112430669,
            "jaz": 0.0108690746129,
            "met": 0.000458610942587,
            "pop": 0.00171442294959,
            "reg": 0.00814394373447,
            "roc": 0.00171827711165
        },
        "probability": 0.927328526974,
        "value": "cla"
    },
    "ismir04_rhythm": {
        "all": {
            "ChaChaCha": 0.00408129673451,
            "Jive": 0.00924214441329,
            "Quickstep": 0.0985295623541,
            "Rumba-American": 0.00092740583932,
            "Rumba-International": 0.000349886511685,
            "Rumba-Misc": 0.000367059663404,
            "Samba": 0.00169599510264,
            "Tango": 0.847799479961,
            "VienneseWaltz": 0.0226811226457,
            "Waltz": 0.0143260452896
        },
        "probability": 0.847799479961,
        "value": "Tango"
    },
    "mood_acoustic": {
        "all": {
            "acoustic": 0.37723955512,
            "not_acoustic": 0.622760474682
        },
        "probability": 0.622760474682,
        "value": "not_acoustic"
    },
    "mood_aggressive": {
        "all": {
            "aggressive": 0.695946156979,
            "not_aggressive": 0.304053843021
        },
        "probability": 0.695946156979,
        "value": "aggressive"
    },
    "mood_electronic": {
        "all": {
            "electronic": 0.0789739713073,
            "not_electronic": 0.921026051044
        },
        "probability": 0.921026051044,
        "value": "not_electronic"
    },
    "mood_happy": {
        "all": {
            "happy": 0.779873490334,
            "not_happy": 0.220126509666
        },
        "probability": 0.779873490334,
        "value": "happy"
    },
    "mood_party": {
        "all": {
            "not_party": 0.992852807045,
            "party": 0.007147165481
        },
        "probability": 0.992852807045,
        "value": "not_party"
    },
    "mood_relaxed": {
        "all": {
            "not_relaxed": 0.513650476933,
            "relaxed": 0.486349523067
        },
        "probability": 0.513650476933,
        "value": "not_relaxed"
    },
    "mood_sad": {
        "all": {
            "not_sad": 0.578996360302,
            "sad": 0.4210036695
        },
        "probability": 0.578996360302,
        "value": "not_sad"
    },
    "moods_mirex": {
        "all": {
            "Cluster1": 0.22461040318,
            "Cluster2": 0.170732244849,
            "Cluster3": 0.0779648721218,
            "Cluster4": 0.149458914995,
            "Cluster5": 0.377233564854
        },
        "probability": 0.377233564854,
        "value": "Cluster5"
    },
    "timbre": {
        "all": {
            "bright": 0.361451864243,
            "dark": 0.638548135757
        },
        "probability": 0.638548135757,
        "value": "dark"
    },
    "tonal_atonal": {
        "all": {
            "atonal": 0.961888790131,
            "tonal": 0.0381112061441
        },
        "probability": 0.961888790131,
        "value": "atonal"
    },
    "voice_instrumental": {
        "all": {
            "instrumental": 0.999990940094,
            "voice": 9.06683635549e-06
        },
        "probability": 0.999990940094,
        "value": "instrumental"
    }
},
"lowlevel": {
    "average_loudness": 0.873917758465,
    "barkbands_crest": {
        "dmean": 2.44385504723,
        "dmean2": 3.72077775002,
        "dvar": 5.42912960052,
        "dvar2": 13.265581131,
        "max": 24.601556778,
        "mean": 11.3430080414,
        "median": 10.6541061401,
        "min": 3.78371477127,
        "var": 22.3592090607
    },
    "barkbands_flatness_db": {
        "dmean": 0.0213562250137,
        "dmean2": 0.0305567439646,
        "dvar": 0.000442846823717,
        "dvar2": 0.000766865676269,
        "max": 0.574471116066,
        "mean": 0.392448753119,
        "median": 0.393720477819,
        "min": 0.211078062654,
        "var": 0.00438491208479
    },
    "barkbands_kurtosis": {
        "dmean": 1.1784555912,
        "dmean2": 1.85142695904,
        "dvar": 3.03071570396,
        "dvar2": 7.1502289772,
        "max": 38.2423019409,
        "mean": 1.80320286751,
        "median": 0.714244365692,
        "min": -1.61408305168,
        "var": 11.3154172897
    },
    "barkbands_skewness": {
        "dmean": 0.329582184553,
        "dmean2": 0.484978020191,
        "dvar": 0.0997835025191,
        "dvar2": 0.212403744459,
        "max": 2.82409477234,
        "mean": -0.455534249544,
        "median": -0.394497692585,
        "min": -5.25068187714,
        "var": 1.10810375214
    },
    "barkbands_spread": {
        "dmean": 0.899565339088,
        "dmean2": 1.3348184824,
        "dvar": 0.870890319347,
        "dvar2": 2.08096957207,
        "max": 13.782409668,
        "mean": 4.6922545433,
        "median": 4.52141952515,
        "min": 0.902544379234,
        "var": 4.3299870491
    },
    "dissonance": {
        "dmean": 0.0207425616682,
        "dmean2": 0.035631492734,
        "dvar": 0.000723235891201,
        "dvar2": 0.00199054088444,
        "max": 0.499999970198,
        "mean": 0.468537569046,
        "median": 0.481919139624,
        "min": 0.299642205238,
        "var": 0.00135433091782
    },
    "dynamic_complexity": 6.04425001144,
    "erbbands_crest": {
        "dmean": 2.93733382225,
        "dmean2": 4.39509010315,
        "dvar": 7.68312978745,
        "dvar2": 17.9046382904,
        "max": 31.7154026031,
        "mean": 14.087937355,
        "median": 13.2414102554,
        "min": 4.47539567947,
        "var": 35.4952735901
    },
    "erbbands_flatness_db": {
        "dmean": 0.0149330152199,
        "dmean2": 0.0206439867616,
        "dvar": 0.000244577036938,
        "dvar2": 0.000405904313084,
        "max": 0.607270002365,
        "mean": 0.48821914196,
        "median": 0.489770889282,
        "min": 0.334031909704,
        "var": 0.00255852937698
    },
    "erbbands_kurtosis": {
        "dmean": 1.14566624165,
        "dmean2": 1.76053833961,
        "dvar": 2.16069293022,
        "dvar2": 5.10812044144,
        "max": 26.0010623932,
        "mean": 2.02340626717,
        "median": 1.05049753189,
        "min": -1.29131436348,
        "var": 8.93021392822
    },
    "erbbands_skewness": {
        "dmean": 0.314493089914,
        "dmean2": 0.450066804886,
        "dvar": 0.0896432176232,
        "dvar2": 0.188298150897,
        "max": 2.35833334923,
        "mean": -0.406308472157,
        "median": -0.325300991535,
        "min": -4.06789112091,
        "var": 1.00330877304
    },
    "erbbands_spread": {
        "dmean": 1.16405308247,
        "dmean2": 1.76406729221,
        "dvar": 1.43863201141,
        "dvar2": 3.50201201439,
        "max": 16.8430709839,
        "mean": 5.92189359665,
        "median": 5.68570804596,
        "min": 1.22512412071,
        "var": 5.92510652542
    },
    "hfc": {
        "dmean": 3.82461714745,
        "dmean2": 4.6286482811,
        "dvar": 38.3310966492,
        "dvar2": 54.0688362122,
        "max": 113.595458984,
        "mean": 18.6446590424,
        "median": 9.15005970001,
        "min": 0.0468400083482,
        "var": 542.141845703
    },
    "melbands_crest": {
        "dmean": 2.66184997559,
        "dmean2": 4.03148508072,
        "dvar": 7.23037052155,
        "dvar2": 16.0796699524,
        "max": 31.7902622223,
        "mean": 11.8515338898,
        "median": 10.6923599243,
        "min": 4.04631280899,
        "var": 29.9024429321
    },
    "melbands_flatness_db": {
        "dmean": 0.0187457930297,
        "dmean2": 0.0261720344424,
        "dvar": 0.000402823730838,
        "dvar2": 0.000623722444288,
        "max": 0.548356235027,
        "mean": 0.378146409988,
        "median": 0.374160647392,
        "min": 0.220652595162,
        "var": 0.00447084195912
    },
    "melbands_kurtosis": {
        "dmean": 0.947263836861,
        "dmean2": 1.44618558884,
        "dvar": 1.65004503727,
        "dvar2": 3.85355305672,
        "max": 18.7152347565,
        "mean": 1.27867305279,
        "median": 0.388076543808,
        "min": -1.71972286701,
        "var": 6.62782621384
    },
    "melbands_skewness": {
        "dmean": 0.308120161295,
        "dmean2": 0.462675601244,
        "dvar": 0.0862948521972,
        "dvar2": 0.189788207412,
        "max": 3.10064959526,
        "mean": -0.221077784896,
        "median": -0.180248737335,
        "min": -3.98462104797,
        "var": 0.792309582233
    },
    "melbands_spread": {
        "dmean": 2.05494070053,
        "dmean2": 2.98103189468,
        "dvar": 4.81865167618,
        "dvar2": 10.9402160645,
        "max": 34.5737419128,
        "mean": 11.6637268066,
        "median": 11.0865249634,
        "min": 1.89869022369,
        "var": 30.1420154572
    },
    "pitch_salience": {
        "dmean": 0.0631884783506,
        "dmean2": 0.0946628004313,
        "dvar": 0.00398875121027,
        "dvar2": 0.00882672704756,
        "max": 0.921437442303,
        "mean": 0.719312846661,
        "median": 0.757340550423,
        "min": 0.293085575104,
        "var": 0.0146931381896
    },
    "silence_rate_20dB": {
        "dmean": 0,
        "dmean2": 0,
        "dvar": 0,
        "dvar2": 0,
        "max": 1,
        "mean": 1,
        "median": 1,
        "min": 1,
        "var": 0
    },
    "silence_rate_30dB": {
        "dmean": 0,
        "dmean2": 0,
        "dvar": 0,
        "dvar2": 0,
        "max": 1,
        "mean": 1,
        "median": 1,
        "min": 1,
        "var": 0
    },
    "silence_rate_60dB": {
        "dmean": 0.0773993805051,
        "dmean2": 0.153369486332,
        "dvar": 0.0714077875018,
        "dvar2": 0.142241761088,
        "max": 1,
        "mean": 0.3952049613,
        "median": 0,
        "min": 0,
        "var": 0.239020347595
    },
    "spectral_centroid": {
        "dmean": 95.0232696533,
        "dmean2": 131.016906738,
        "dvar": 13177.5322266,
        "dvar2": 24862.0996094,
        "max": 2992.78930664,
        "mean": 1842.50622559,
        "median": 1858.95043945,
        "min": 1011.81494141,
        "var": 151601.453125
    },
    "spectral_complexity": {
        "dmean": 1.91021668911,
        "dmean2": 3.02091407776,
        "dvar": 4.24894523621,
        "dvar2": 8.29467105865,
        "max": 30,
        "mean": 8.39520454407,
        "median": 9,
        "min": 0,
        "var": 25.9590606689
    },
    "spectral_decrease": {
        "dmean": 5.65958446774e-10,
        "dmean2": 6.59474419518e-10,
        "dvar": 9.09541745374e-19,
        "dvar2": 1.06336052977e-18,
        "max": -6.16726548303e-12,
        "mean": -2.9325697426e-09,
        "median": -1.15687803781e-09,
        "min": -1.84530275504e-08,
        "var": 1.48071334978e-17
    },
    "spectral_energy": {
        "dmean": 0.00247892807238,
        "dmean2": 0.00290168565698,
        "dvar": 1.71260035131e-05,
        "dvar2": 2.0557161406e-05,
        "max": 0.0772285833955,
        "mean": 0.0127593260258,
        "median": 0.00532931089401,
        "min": 2.75251222774e-05,
        "var": 0.000274666439509
    },
    "spectral_energyband_high": {
        "dmean": 6.42638383397e-07,
        "dmean2": 9.7554095646e-07,
        "dvar": 1.51174342142e-12,
        "dvar2": 3.2739869843e-12,
        "max": 2.28978569794e-05,
        "mean": 1.41510940921e-06,
        "median": 8.0589160234e-07,
        "min": 1.22407275427e-08,
        "var": 3.81243083977e-12
    },
    "spectral_energyband_low": {
        "dmean": 1.60608788491e-08,
        "dmean2": 2.71723941125e-08,
        "dvar": 1.41546087629e-15,
        "dvar2": 1.90524010211e-15,
        "max": 1.26161114622e-06,
        "mean": 4.22778683173e-08,
        "median": 3.72022057604e-08,
        "min": 1.42577798457e-08,
        "var": 1.45725739943e-15
    },
    "spectral_energyband_middle_high": {
        "dmean": 0.00240413309075,
        "dmean2": 0.00284718791954,
        "dvar": 1.62570631801e-05,
        "dvar2": 1.97168428713e-05,
        "max": 0.0770063921809,
        "mean": 0.0120866596699,
        "median": 0.00511275464669,
        "min": 2.62644680333e-05,
        "var": 0.000256171799265
    },
    "spectral_energyband_middle_low": {
        "dmean": 0.000245026749326,
        "dmean2": 0.000295743811876,
        "dvar": 3.26822714669e-07,
        "dvar2": 5.56908162253e-07,
        "max": 0.00914303213358,
        "mean": 0.000789043435361,
        "median": 0.000222446804401,
        "min": 9.02072315512e-07,
        "var": 1.59956960033e-06
    },
    "spectral_entropy": {
        "dmean": 0.120767526329,
        "dmean2": 0.155966475606,
        "dvar": 0.0171007215977,
        "dvar2": 0.0222365856171,
        "max": 7.56871843338,
        "mean": 6.65265035629,
        "median": 6.65360641479,
        "min": 5.60652112961,
        "var": 0.194692328572
    },
    "spectral_flux": {
        "dmean": 0.0174032002687,
        "dmean2": 0.0260190889239,
        "dvar": 0.000471210252726,
        "dvar2": 0.00100337713957,
        "max": 0.268974483013,
        "mean": 0.0471971668303,
        "median": 0.0359560959041,
        "min": 0.0037179926876,
        "var": 0.00156143633649
    },
    "spectral_kurtosis": {
        "dmean": 22.7594566345,
        "dmean2": 40.1441841125,
        "dvar": 316.955169678,
        "dvar2": 973.985351562,
        "max": 112.07610321,
        "mean": 40.7031059265,
        "median": 37.5007247925,
        "min": 1.18309116364,
        "var": 616.168212891
    },
    "spectral_rms": {
        "dmean": 0.00037027336657,
        "dmean2": 0.000421784032369,
        "dvar": 2.46035597229e-07,
        "dvar2": 2.62441943732e-07,
        "max": 0.00868014711887,
        "mean": 0.00283752288669,
        "median": 0.00228020339273,
        "min": 0.000163871227414,
        "var": 4.39656650997e-06
    },
    "spectral_rolloff": {
        "dmean": 136.79876709,
        "dmean2": 217.51663208,
        "dvar": 35486.8046875,
        "dvar2": 81449.203125,
        "max": 3273.046875,
        "mean": 2039.09179688,
        "median": 2067.1875,
        "min": 990.52734375,
        "var": 215960.328125
    },
    "spectral_skewness": {
        "dmean": 1.47994148731,
        "dmean2": 2.61851024628,
        "dvar": 1.32273137569,
        "dvar2": 4.1907491684,
        "max": 7.50052928925,
        "mean": 2.91434526443,
        "median": 2.7169175148,
        "min": 0.0228745583445,
        "var": 2.37904119492
    },
    "spectral_spread": {
        "dmean": 146790.8125,
        "dmean2": 255165.203125,
        "dvar": 17329063936,
        "dvar2": 53191102464,
        "max": 1783587,
        "mean": 913759.75,
        "median": 886618.625,
        "min": 492285.9375,
        "var": 38847320064
    },
    "spectral_strongpeak": {
        "dmean": 0.957063913345,
        "dmean2": 1.40601158142,
        "dvar": 1.40943801403,
        "dvar2": 2.78599452972,
        "max": 15.8546562195,
        "mean": 3.18925452232,
        "median": 2.45529437065,
        "min": 0.023420387879,
        "var": 10.0532751083
    },
    "zerocrossingrate": {
        "dmean": 0.00354910921305,
        "dmean2": 0.0038279586006,
        "dvar": 1.38931873153e-05,
        "dvar2": 1.62363958225e-05,
        "max": 0.13037109375,
        "mean": 0.0768232941628,
        "median": 0.07763671875,
        "min": 0.03759765625,
        "var": 0.0002602993045
    },
    "barkbands": {
        "dmean": [1.24496524201e-09, 5.18565235197e-09, 6.61345200825e-09, 4.11146068302e-08, 5.21882611793e-07, 7.04273361407e-07, 3.29029739987e-06, 0.000110881024739, 9.16137723834e-05, 0.000527849711943, 0.00055712251924, 0.000441474403488, 0.000688597734552, 0.000854332116432, 0.000902210944332, 0.000414075679146, 0.00023999948462, 0.000100997232948, 2.35990755755e-05, 1.9749211333e-06, 1.88905318055e-07, 1.14806395501e-08, 2.65415200928e-09, 1.36373423665e-09, 1.28673993682e-09, 7.51926521048e-10, 4.62674593082e-10],
        "dmean2": [1.94113636276e-09, 8.71731664631e-09, 1.15260103684e-08, 7.21414821214e-08, 9.02477722775e-07, 1.17143576972e-06, 4.27258191849e-06, 0.000138113871799, 0.000122526340419, 0.000647812907118, 0.000685455685016, 0.000640614249278, 0.000876736012287, 0.00119817117229, 0.00115819415078, 0.000544607872143, 0.00032225708128, 0.000147510931129, 3.53897667082e-05, 3.01263798974e-06, 2.93799899964e-07, 1.79121233401e-08, 4.66301486313e-09, 2.4723121328e-09, 2.40513098326e-09, 1.40013056704e-09, 8.59245674611e-10],
        "dvar": [1.3701816713e-16, 2.63848566078e-16, 1.03834625718e-16, 3.00333763833e-15, 5.76785472682e-13, 2.82084815575e-12, 9.47699210774e-11, 1.02014503511e-07, 7.77894157977e-08, 3.77642004423e-06, 4.56896532341e-06, 1.09365680601e-06, 3.46572301169e-06, 6.81814708514e-06, 5.05612433699e-06, 1.24882217278e-06, 3.06170534259e-07, 5.47790186545e-08, 2.50769116583e-09, 1.57582297905e-11, 1.45653915361e-13, 1.87916334579e-15, 5.0578211341e-16, 7.93362557436e-17, 1.27268156163e-16, 1.96845080268e-17, 1.05204718053e-18],
        "dvar2": [1.41086426671e-16, 2.81587447697e-16, 1.65334253564e-16, 8.38432598224e-15, 1.68680748622e-12, 6.13416045389e-12, 1.41834655132e-10, 1.67226914982e-07, 1.35013934255e-07, 5.78188564759e-06, 5.6336466514e-06, 2.14231681639e-06, 4.72644569527e-06, 1.47916707647e-05, 7.66158518672e-06, 2.08142409974e-06, 5.13347572451e-07, 1.12250845063e-07, 5.37386624089e-09, 3.26521171212e-11, 3.39628011044e-13, 4.58694556608e-15, 1.41704218092e-15, 2.31752767171e-16, 3.76799800789e-16, 5.75350107273e-17, 3.26367109213e-18],
        "max": [4.12329654864e-07, 5.93704498897e-07, 3.18620095641e-07, 4.26920507834e-07, 9.91253000393e-06, 3.93447880924e-05, 0.000163107353728, 0.00608960818499, 0.0047444133088, 0.0334498547018, 0.0661860704422, 0.0164711624384, 0.0406142696738, 0.0436478592455, 0.0548268631101, 0.0257600937039, 0.0115329166874, 0.00449512898922, 0.00106269924436, 6.52528906357e-05, 6.11799350736e-06, 1.0497127505e-06, 5.65898290006e-07, 1.86585396023e-07, 2.75007096207e-07, 1.03918722516e-07, 9.95878401966e-09],
        "mean": [1.34050337497e-09, 2.055245929e-08, 1.08803304144e-08, 4.51026558324e-08, 7.43571149542e-07, 1.33390733481e-06, 6.91478362569e-06, 0.000326334382407, 0.00020893078181, 0.00158205884509, 0.00183389545418, 0.000999840325676, 0.00178074324504, 0.00169987301342, 0.00243080756627, 0.000932434340939, 0.000683405145537, 0.000218531306018, 4.88386176585e-05, 4.13442239733e-06, 4.00183552074e-07, 2.51673348828e-08, 3.61605989596e-09, 1.40966838202e-09, 1.03323805067e-09, 6.90450419061e-10, 4.31905622378e-10],
        "median": [5.45686718034e-10, 1.96525018481e-08, 9.85328618697e-09, 2.35981545416e-08, 4.94133018947e-07, 4.46254603048e-07, 6.11500297509e-07, 2.06748409255e-05, 1.48610015458e-05, 0.000113222355139, 0.000116570357932, 0.000160278112162, 0.000281369430013, 0.000272532197414, 0.000366115622455, 0.000239737069933, 0.000151564614498, 7.68396348576e-05, 2.03064391826e-05, 2.02773799174e-06, 2.02135126415e-07, 1.5198942549e-08, 1.65742009006e-09, 4.11625428187e-10, 1.91210727807e-10, 1.76341316549e-10, 1.04994887784e-10],
        "min": [1.08727827089e-12, 9.57274348679e-09, 2.51749787683e-10, 2.8468316593e-10, 2.07577013356e-08, 1.23127588125e-08, 1.43051446244e-08, 2.57765009337e-08, 4.70641978723e-08, 4.22255283183e-07, 1.12566476673e-06, 1.41617829286e-06, 1.07769028546e-06, 1.16067622002e-06, 3.82491271012e-06, 1.71960232365e-06, 1.20644779145e-06, 2.77478989119e-07, 1.49291366824e-07, 6.76039846326e-08, 3.87247656164e-09, 4.16031931127e-10, 3.29461423421e-11, 2.99875436982e-11, 2.03088830475e-11, 2.42308013931e-11, 4.10956685348e-11],
        "var": [1.37078981449e-16, 2.75713962422e-16, 1.11104544068e-16, 3.41013071697e-15, 6.98709427989e-13, 9.57186413464e-12, 3.20263787712e-10, 6.71391489959e-07, 3.42182460145e-07, 1.86091838259e-05, 4.30743093602e-05, 4.00729959438e-06, 2.19419835048e-05, 2.32131023949e-05, 3.8805505028e-05, 5.71429154661e-06, 1.68835958902e-06, 1.3174043545e-07, 6.47652464991e-09, 4.38118430424e-11, 3.94643573463e-13, 2.22877915939e-15, 3.36271497725e-16, 6.14376091526e-17, 7.56343578046e-17, 1.35567697654e-17, 8.65966542789e-19]
    },
    "erbbands": {
        "dmean": [1.99896078357e-07, 1.15610430385e-06, 5.05988782606e-06, 6.02807267569e-05, 0.000659891462419, 0.00244547822513, 0.00276082707569, 0.00727837672457, 0.0210844334215, 0.3038418293, 3.20641446114, 2.17385149002, 6.52846002579, 21.6843643188, 20.7629890442, 18.7774524689, 25.0839710236, 42.6637077332, 47.5564537048, 25.2744674683, 14.768409729, 9.02825069427, 6.13235092163, 2.32370138168, 0.403390794992, 0.0875167772174, 0.0162576604635, 0.00276009761728, 0.000506792741362, 0.000162796393852, 7.51119223423e-05, 3.35256518156e-05, 2.64046448137e-05, 1.91058024939e-05, 9.95016671368e-06, 5.1923097999e-06, 2.27543205256e-06, 7.97637312644e-07, 1.56047155997e-06, 3.16969794767e-06],
        "dmean2": [3.31431920131e-07, 1.94697281586e-06, 8.64166304382e-06, 0.000106641899038, 0.00115820136853, 0.00426854193211, 0.00472182082012, 0.0120277293026, 0.028333671391, 0.372255623341, 4.00685977936, 2.73816514015, 7.83290624619, 26.2623214722, 25.4492549896, 26.0645027161, 31.56757164, 54.3426017761, 61.4953231812, 33.3393592834, 19.8779258728, 11.7612581253, 8.41335201263, 3.39546537399, 0.576603055, 0.129461988807, 0.0242587495595, 0.00413527619094, 0.000764843309298, 0.000262169836788, 0.000127084000269, 5.5689823057e-05, 4.54878136225e-05, 3.32318159053e-05, 1.65459277923e-05, 8.20115474198e-06, 3.37596611644e-06, 1.08498863938e-06, 1.84215059562e-06, 3.72773979507e-06],
        "dvar": [3.19255472753e-13, 1.15512608159e-11, 1.08034810264e-10, 6.50864517837e-09, 7.48022500829e-07, 1.45306621562e-05, 1.54539211508e-05, 0.000386399507988, 0.00338449678384, 0.413070052862, 90.981048584, 48.6599273682, 426.310424805, 5925.70263672, 4544.21679688, 1794.30285645, 5446.85546875, 16177.4052734, 16549.3535156, 3496.67651367, 1546.22106934, 349.172973633, 199.430877686, 20.5656147003, 0.551167905331, 0.0275930520147, 0.00102152279578, 2.69901556749e-05, 3.04518152916e-06, 9.94674678623e-07, 3.70624462676e-07, 3.49852378179e-08, 2.94159558933e-08, 2.36792150332e-08, 3.76321684925e-09, 6.37097208323e-10, 6.43257461186e-11, 2.03161272527e-12, 6.40455700626e-12, 2.73428311243e-11],
        "dvar2": [3.59464953463e-13, 1.23769059238e-11, 1.39274328181e-10, 1.75813514858e-08, 2.15432942241e-06, 4.2884486902e-05, 4.31621010648e-05, 0.000825122289825, 0.00485194753855, 0.666557252407, 155.164703369, 81.0200881958, 682.899719238, 8793.13183594, 4525.47509766, 2967.50073242, 6940.97216797, 29958.2929688, 25442.3535156, 5917.60107422, 2863.30639648, 473.14730835, 363.401733398, 39.5581626892, 1.00304877758, 0.053865339607, 0.00215489580296, 5.78860017413e-05, 7.32375747248e-06, 2.64927689386e-06, 1.02877231711e-06, 9.8275748428e-08, 8.51982377981e-08, 7.03008851133e-08, 1.08712168156e-08, 1.79664916278e-09, 1.75756922904e-10, 4.05655890823e-12, 8.12186776167e-12, 3.38593111882e-11],
        "max": [2.02845385502e-05, 0.000124388607219, 0.000357886136044, 0.000795387022663, 0.00764341419563, 0.0521454624832, 0.0516291968524, 0.51083356142, 1.47454798222, 12.1096038818, 167.958221436, 143.747070312, 399.271911621, 1672.78466797, 2030.59326172, 709.720275879, 2138.37402344, 2227.73901367, 3436.14697266, 1209.92077637, 941.56427002, 440.629302979, 317.012359619, 87.7328033447, 17.318939209, 2.89705824852, 0.546812236309, 0.102937042713, 0.0425710231066, 0.0236361566931, 0.0153591614217, 0.00435065617785, 0.00386913167313, 0.00379688921385, 0.00150868599303, 0.000630375463516, 0.000207632125239, 3.73997936549e-05, 4.51112537121e-05, 9.30799506023e-05],
        "mean": [7.66341429426e-07, 4.35306583313e-06, 1.0916208339e-05, 8.39192143758e-05, 0.000848705763929, 0.00311703956686, 0.00432962924242, 0.0146268904209, 0.0617190636694, 1.10258460045, 9.2043504715, 6.19062900543, 18.9232368469, 68.3675537109, 73.6241149902, 56.2155036926, 76.0838851929, 106.126472473, 140.111724854, 69.1602325439, 42.9795570374, 29.5269870758, 16.4303073883, 6.0654797554, 1.08170986176, 0.217932060361, 0.0401149652898, 0.00738815916702, 0.00138865679037, 0.000378286786145, 0.000139156836667, 6.7702945671e-05, 4.69266742584e-05, 3.28280548274e-05, 2.24593059102e-05, 1.48152766997e-05, 8.14437771623e-06, 3.37188680533e-06, 7.90416106611e-06, 1.61827647389e-05],
        "median": [7.26514201688e-07, 4.11378778153e-06, 9.89101863524e-06, 5.26439507667e-05, 0.000517601438332, 0.0019249151228, 0.00271107116714, 0.00563536630943, 0.0228596236557, 0.244694367051, 0.759867012501, 0.904961526394, 3.41388988495, 6.46156215668, 10.3733453751, 10.5431947708, 15.5184631348, 19.26420784, 21.1483097076, 17.1392097473, 12.5464019775, 7.99992847443, 5.25437116623, 2.72626423836, 0.586077868938, 0.118515349925, 0.0240065902472, 0.00465475954115, 0.000986591796391, 0.000257616193267, 7.41135518183e-05, 3.23395433952e-05, 2.02593655558e-05, 1.35817508635e-05, 9.97997358354e-06, 6.80435914546e-06, 3.94095286538e-06, 1.73243165591e-06, 3.58715942639e-06, 7.04571630195e-06],
        "min": [3.11505402806e-07, 2.10503731068e-06, 1.87629893844e-06, 5.32888952876e-06, 1.69311442733e-05, 7.71160412114e-05, 0.000102124286059, 0.000187029319932, 0.00028989178827, 0.000647144042887, 0.000786502554547, 0.00120170530863, 0.00780097674578, 0.0274663101882, 0.0568116009235, 0.0703640207648, 0.0708167999983, 0.0683589503169, 0.183760389686, 0.205286666751, 0.0930055454373, 0.0718602612615, 0.0256407540292, 0.0211469642818, 0.00952094886452, 0.00325124105439, 0.000543508445844, 7.03196419636e-05, 1.7611479052e-05, 9.3664502856e-06, 3.96170162276e-06, 1.74532669917e-06, 6.60274736219e-07, 3.3784488096e-07, 2.59235775957e-07, 1.56194332135e-07, 7.98563846161e-08, 3.65039447559e-08, 2.58878074533e-08, 3.69097605812e-08],
        "var": [3.34367407893e-13, 1.21673504605e-11, 1.1591274468e-10, 7.95819499189e-09, 9.61068849392e-07, 1.49525658344e-05, 2.60569340753e-05, 0.0013347924687, 0.0192110463977, 3.61129188538, 524.010253906, 241.775253296, 1714.09106445, 35716.125, 48973.8046875, 9893.12792969, 42455.7539062, 75271.7734375, 138142, 17818.2851562, 7768.52685547, 2901.83300781, 800.078857422, 77.5008926392, 2.34982442856, 0.0894546583295, 0.00296367518604, 8.78561040736e-05, 4.21656250182e-06, 8.19242643502e-07, 2.68233947054e-07, 3.35156293829e-08, 2.40431798915e-08, 1.54252433049e-08, 3.28610916256e-09, 7.69512786825e-10, 1.41594375114e-10, 1.74235331024e-11, 9.95910784396e-11, 4.30455476819e-10]
    },
    "gfcc": {
        "mean": [-269.203979492, 100.715370178, -298.35748291, -71.3613510132, 3.73848628998, -34.3407669067, -11.6318645477, -1.02306222916, -14.7932949066, -12.6755876541, -4.80051708221, -9.5251789093, -0.521239519119],
        "cov": [[3578.00610352, -604.849853516, -776.247558594, -1625.2487793, -257.963287354, 37.986831665, 262.058135986, 570.660522461, 449.74130249, 77.9351425171, -87.8362731934, -349.123687744, -276.004058838], [-604.849853516, 311.607177734, 198.265609741, 143.460098267, -55.133266449, -23.5310134888, -35.4283981323, -133.636871338, -86.6191482544, 14.3549346924, 14.3120613098, 13.2493877411, 20.279750824], [-776.247558594, 198.265609741, 273.482727051, 328.677886963, 21.4926605225, -10.6848497391, -102.96912384, -144.091690063, -116.235305786, -41.5691833496, 5.07399272919, 68.8581771851, 49.3883857727], [-1625.2487793, 143.460098267, 328.677886963, 1093.78613281, 147.804443359, -163.033203125, -185.224380493, -270.702178955, -209.695159912, -73.1173095703, 2.62211585045, 204.724441528, 145.847335815], [-257.963287354, -55.133266449, 21.4926605225, 147.804443359, 191.316955566, 28.4767551422, -99.7268981934, -25.8098659515, -38.2308502197, -53.3679428101, 5.39018821716, 39.3790893555, 40.138256073], [37.986831665, -23.5310134888, -10.6848497391, -163.033203125, 28.4767551422, 186.44758606, 70.7079925537, -25.0921573639, -27.5073833466, -12.9521608353, -7.47293424606, -28.1731624603, -2.71965503693], [262.058135986, -35.4283981323, -102.96912384, -185.224380493, -99.7268981934, 70.7079925537, 204.854980469, 35.932723999, -23.8822479248, 23.0021018982, 4.81879472733, -42.2056999207, -21.5629463196], [570.660522461, -133.636871338, -144.091690063, -270.702178955, -25.8098659515, -25.0921573639, 35.932723999, 183.790359497, 115.897819519, 3.78319215775, -4.98798322678, -45.4772148132, -53.3951072693], [449.74130249, -86.6191482544, -116.235305786, -209.695159912, -38.2308502197, -27.5073833466, -23.8822479248, 115.897819519, 181.410476685, 54.8785743713, -30.5317630768, -49.0940971375, -52.3829231262], [77.9351425171, 14.3549346924, -41.5691833496, -73.1173095703, -53.3679428101, -12.9521608353, 23.0021018982, 3.78319215775, 54.8785743713, 89.3355712891, 26.0713577271, -26.2445449829, -19.2339477539], [-87.8362731934, 14.3120613098, 5.07399272919, 2.62211585045, 5.39018821716, -7.47293424606, 4.81879472733, -4.98798322678, -30.5317630768, 26.0713577271, 76.4096221924, 33.4768333435, -4.15633773804], [-349.123687744, 13.2493877411, 68.8581771851, 204.724441528, 39.3790893555, -28.1731624603, -42.2056999207, -45.4772148132, -49.0940971375, -26.2445449829, 33.4768333435, 98.9700088501, 52.6347579956], [-276.004058838, 20.279750824, 49.3883857727, 145.847335815, 40.138256073, -2.71965503693, -21.5629463196, -53.3951072693, -52.3829231262, -19.2339477539, -4.15633773804, 52.6347579956, 80.2521133423]],
        "icov": [[0.00737183913589, 0.0101924864575, 0.00750294141471, 0.00981763750315, 0.00795429479331, 0.00742416828871, 0.0064221820794, 0.0044354442507, 0.00509605417028, 0.00429193070158, 0.00561044411734, 0.00224264198914, 0.00444260844961], [0.0101924864575, 0.0253303982317, -0.000611249590293, 0.0162511505187, 0.0101251099259, 0.0169112607837, 0.00359891611151, 0.0154002867639, 0.00164978846442, 0.00901930779219, 0.00165826128796, 0.0097417999059, 0.00315255788155], [0.00750294141471, -0.000611249590293, 0.0338914208114, 0.00444340752438, 0.0199324786663, -0.00687907263637, 0.0265604760498, -0.0068511008285, 0.0226684007794, -0.00110939936712, 0.0151997832581, -0.00711575103924, 0.00938654597849], [0.00981763750315, 0.0162511505187, 0.00444340752438, 0.0190191008151, 0.00460561737418, 0.0170783046633, 0.00483404984698, 0.0103778671473, 0.0100879287347, -0.000732433632948, 0.0166812762618, -0.00644979719073, 0.010341337882], [0.00795429479331, 0.0101251099259, 0.0199324786663, 0.00460561737418, 0.0308034084737, -0.00545609137043, 0.0246004853398, -0.00118290097453, 0.0102391140535, 0.0132837006822, -0.00408548396081, 0.0111755365506, -0.00328156654723], [0.00742416828871, 0.0169112607837, -0.00687907263637, 0.0170783046633, -0.00545609137043, 0.0295857153833, -0.0121714482084, 0.0223021265119, -0.00865797232836, 0.012510580942, 0.000387950567529, 0.0063543417491, 0.00295505835675], [0.0064221820794, 0.00359891611151, 0.0265604760498, 0.00483404984698, 0.0246004853398, -0.0121714482084, 0.0388687439263, -0.017456009984, 0.0377060398459, -0.0175608154386, 0.0249480865896, -0.0114345764741, 0.0113545274362], [0.0044354442507, 0.0154002867639, -0.0068511008285, 0.0103778671473, -0.00118290097453, 0.0223021265119, -0.017456009984, 0.0449007861316, -0.0383420884609, 0.0427063964307, -0.0331598371267, 0.0258415453136, -0.0102073922753], [0.00509605417028, 0.00164978846442, 0.0226684007794, 0.0100879287347, 0.0102391140535, -0.00865797232836, 0.0377060398459, -0.0383420884609, 0.0811018273234, -0.0685433298349, 0.077766738832, -0.0516600199044, 0.0384512878954], [0.00429193070158, 0.00901930779219, -0.00110939936712, -0.000732433632948, 0.0132837006822, 0.012510580942, -0.0175608154386, 0.0427063964307, -0.0685433298349, 0.0950330719352, -0.0832319036126, 0.0659613758326, -0.0375647954643], [0.00561044411734, 0.00165826128796, 0.0151997832581, 0.0166812762618, -0.00408548396081, 0.000387950567529, 0.0249480865896, -0.0331598371267, 0.077766738832, -0.0832319036126, 0.110654324293, -0.0777026563883, 0.0534095875919], [0.00224264198914, 0.0097417999059, -0.00711575103924, -0.00644979719073, 0.0111755365506, 0.0063543417491, -0.0114345764741, 0.0258415453136, -0.0516600199044, 0.0659613758326, -0.0777026563883, 0.0816513076425, -0.0453889407218], [0.00444260844961, 0.00315255788155, 0.00938654597849, 0.010341337882, -0.00328156654723, 0.00295505835675, 0.0113545274362, -0.0102073922753, 0.0384512878954, -0.0375647954643, 0.0534095875919, -0.0453889407218, 0.049003854394]]
    },
    "melbands": {
        "dmean": [1.53625501209e-09, 2.06997352592e-09, 2.30308447868e-08, 1.06140710443e-07, 1.00844907536e-07, 1.57964166192e-07, 3.65040932593e-07, 5.17396165378e-06, 2.85114983853e-05, 1.26316899696e-05, 3.5895700421e-05, 8.96448691492e-05, 7.78505273047e-05, 5.09995479661e-05, 5.99547020101e-05, 5.98145124968e-05, 8.63505702e-05, 7.75560401962e-05, 5.41639201401e-05, 3.85652965633e-05, 1.77388392331e-05, 1.08313497549e-05, 8.93464493856e-06, 4.75276920042e-06, 1.89813761153e-06, 4.48522200713e-07, 1.36981455512e-07, 4.49462760344e-08, 1.21826744248e-08, 4.42837411185e-09, 9.55858836527e-10, 3.1367411446e-10, 1.47627673974e-10, 6.92029003546e-11, 4.4244503894e-11, 2.48181718232e-11, 1.59958244567e-11, 1.56757107295e-11, 1.72728966547e-11, 1.31981708548e-11],
        "dmean2": [2.54065524175e-09, 3.51453688374e-09, 4.09262455037e-08, 1.85968389133e-07, 1.7349803727e-07, 2.61001275703e-07, 4.83465385059e-07, 6.42759005132e-06, 3.61511592928e-05, 1.56677306222e-05, 4.51967898698e-05, 0.000107909567305, 9.37847871683e-05, 7.09462256054e-05, 7.82705683378e-05, 7.56039880798e-05, 0.000112103800348, 0.000101830693893, 6.89005828463e-05, 4.90014426759e-05, 2.51816618402e-05, 1.44305195136e-05, 1.18220441436e-05, 6.8163940341e-06, 2.81798020296e-06, 6.68758787015e-07, 2.00289321128e-07, 6.93140975727e-08, 1.87120861028e-08, 6.9985306439e-09, 1.5138230669e-09, 4.98229624224e-10, 2.40370084947e-10, 1.18664675308e-10, 7.81563910812e-11, 4.39022568299e-11, 2.84190570382e-11, 2.86338678462e-11, 3.24133983542e-11, 2.4662412737e-11],
        "dvar": [2.82599241787e-17, 2.60641219575e-17, 9.23191691245e-16, 2.43460325278e-14, 2.19306350694e-14, 1.6261154207e-13, 1.1511632576e-12, 1.3266006349e-10, 6.98735425075e-09, 1.58989987842e-09, 1.32962734156e-08, 1.06105169095e-07, 8.20833463422e-08, 1.27780781511e-08, 2.31361632075e-08, 2.64674699935e-08, 6.73204638701e-08, 4.67615492994e-08, 1.8485964759e-08, 1.28279360467e-08, 2.40872743973e-09, 5.00743946308e-10, 4.89888962729e-10, 1.11091233435e-10, 1.44989749373e-11, 8.26727737917e-13, 6.51191272671e-14, 7.73126781508e-15, 5.85881519369e-16, 8.44883865848e-17, 4.05573561293e-18, 1.06707343335e-18, 4.24408303574e-19, 2.73380736756e-19, 1.48772943887e-19, 3.16917288035e-20, 8.45019764127e-21, 1.07920832803e-20, 2.39872958767e-20, 1.55041887256e-20],
        "dvar2": [2.99499865191e-17, 2.98808507635e-17, 2.58700548641e-15, 7.09999347184e-14, 6.31407225766e-14, 3.27591930362e-13, 1.56471981639e-12, 2.24330817811e-10, 1.23845618205e-08, 2.56169419011e-09, 2.17496474164e-08, 1.53196381802e-07, 7.42766275152e-08, 2.37062387498e-08, 3.31497069794e-08, 3.67256340894e-08, 1.22468335917e-07, 7.4494728608e-08, 2.90782633527e-08, 2.26853451579e-08, 5.06750419405e-09, 7.37294836295e-10, 6.17371154199e-10, 2.36074382265e-10, 2.94344756901e-11, 1.67812660469e-12, 1.31386600818e-13, 1.59762509483e-14, 1.28650783925e-15, 2.04855249166e-16, 9.22359322556e-18, 2.58363639797e-18, 1.07799335481e-18, 7.57523578074e-19, 4.16209909728e-19, 8.80338534513e-20, 2.46700785424e-20, 3.07065534628e-20, 7.18335922403e-20, 4.61879042486e-20],
        "max": [1.93631308321e-07, 1.8282727865e-07, 2.53117889315e-07, 1.99006444745e-06, 1.71656301973e-06, 9.81992707239e-06, 2.33262690017e-05, 0.000202776660444, 0.00136440305505, 0.000793731305748, 0.00206520780921, 0.00639170082286, 0.0097467424348, 0.0015979744494, 0.00392864365131, 0.0035938709043, 0.00509731890634, 0.00532411457971, 0.00296044442803, 0.00253113009967, 0.00139249302447, 0.000532902078703, 0.000627120374702, 0.000192988518393, 7.55099681555e-05, 2.21199406951e-05, 4.25006192017e-06, 1.45004673868e-06, 4.07141754977e-07, 1.3804401533e-07, 3.60586049908e-08, 2.44468001398e-08, 1.46350771502e-08, 1.27468728905e-08, 9.5380352505e-09, 4.32062075006e-09, 1.88813609192e-09, 2.08976147498e-09, 3.65889563092e-09, 3.02742964031e-09],
        "mean": [6.36592689673e-09, 5.23252685625e-09, 2.8376566874e-08, 1.42430039318e-07, 1.55240243771e-07, 3.04410804119e-07, 8.19747469905e-07, 1.82276125997e-05, 7.66416633269e-05, 3.32051677105e-05, 9.57610391197e-05, 0.000274561170954, 0.000260395667283, 0.000132946865051, 0.000167439124198, 0.000156940935994, 0.000199515387067, 0.000210094018257, 0.000130001630168, 8.76412159414e-05, 4.43585231551e-05, 3.30491893692e-05, 2.23128736252e-05, 1.07655432657e-05, 4.26955193689e-06, 9.94554511635e-07, 3.0126543038e-07, 9.29500671987e-08, 2.49371492345e-08, 9.2296010834e-09, 2.04929384573e-09, 6.69289679234e-10, 2.76230427421e-10, 1.07688406803e-10, 5.43483209825e-11, 2.88419461925e-11, 1.80702067892e-11, 1.58084656476e-11, 1.32149629781e-11, 1.01916808326e-11],
        "median": [6.08280847914e-09, 4.85613904644e-09, 1.62395075165e-08, 9.22971707951e-08, 9.95158018213e-08, 9.25671415075e-08, 1.26848973991e-07, 2.73515706795e-06, 4.62924390376e-06, 3.27568432112e-06, 1.28294223032e-05, 1.51767362695e-05, 2.40429362748e-05, 2.2903073841e-05, 3.47806453647e-05, 2.81768770947e-05, 2.88543087663e-05, 2.84213128907e-05, 2.48501892202e-05, 1.95157481357e-05, 1.16546725621e-05, 8.40543270897e-06, 5.57304110771e-06, 3.79966354558e-06, 1.61999730608e-06, 4.77755065731e-07, 1.37618755502e-07, 4.53472637219e-08, 1.28387371845e-08, 4.40903491494e-09, 1.25267973772e-09, 4.03520966641e-10, 1.68637812048e-10, 5.57305486482e-11, 2.27920841922e-11, 9.97688216764e-12, 6.20305152729e-12, 4.37228855552e-12, 2.23435723049e-12, 1.80802399961e-12],
