{
"highlevel": {
    "danceability": {
        "all": {
            "danceable": 0.996543347836,
            "not_danceable": 0.00345663842745
        },
        "probability": 0.996543347836,
        "value": "danceable"
    },
    "gender": {
        "all": {
            "female": 0.564421713352,
            "male": 0.43557831645
        },
        "probability": 0.564421713352,
        "value": "female"
    },
    "genre_dortmund": {
        "all": {
            "alternative": 0.0248463302851,
            "blues": 0.0486059822142,
            "electronic": 0.0131707163528,
            "folkcountry": 0.184612318873,
            "funksoulrnb": 0.0913468077779,
            "jazz": 0.362448364496,
            "pop": 0.144345507026,
            "raphiphop": 0.0632770657539,
            "rock": 0.0673469156027
        },
        "probability": 0.362448364496,
        "value": "jazz"
    },
    "genre_electronic": {
        "all": {
            "ambient": 0.57514244318,
            "dnb": 0.163139134645,
            "house": 0.124800898135,
            "techno": 0.0169531200081,
            "trance": 0.119964443147
        },
        "probability": 0.57514244318,
        "value": "ambient"
    },
    "genre_rosamerica": {
        "all": {
            "cla": 0.0094554182142,
            "dan": 0.0127388359979,
            "hip": 0.0580753013492,
            "jaz": 0.0624291822314,
            "pop": 0.449128091335,
            "rhy": 0.373121440411,
            "roc": 0.0250884816051,
            "spe": 0.00996325816959
        },
        "probability": 0.449128091335,
        "value": "pop"
    },
    "genre_tzanetakis": {
        "all": {
            "blu": 0.0626613423228,
            "cla": 0.0348169617355,
            "cou": 0.104475811124,
            "dis": 0.0784321576357,
            "hip": 0.15692435205,
            "jaz": 0.313974827528,
            "met": 0.0448166541755,
            "pop": 0.0627359300852,
            "reg": 0.0627360641956,
            "roc": 0.0784258767962
        },
        "probability": 0.313974827528,
        "value": "jaz"
    },
    "ismir04_rhythm": {
        "all": {
            "ChaChaCha": 0.0960057526827,
            "Jive": 0.130100309849,
            "Quickstep": 0.232857108116,
            "Rumba-American": 0.0396649464965,
            "Rumba-International": 0.117630392313,
            "Rumba-Misc": 0.0223211348057,
            "Samba": 0.193956926465,
            "Tango": 0.0128015363589,
            "VienneseWaltz": 0.107142388821,
            "Waltz": 0.0475195087492
        },
        "probability": 0.232857108116,
        "value": "Quickstep"
    },
    "mood_acoustic": {
        "all": {
            "acoustic": 0.938479602337,
            "not_acoustic": 0.0615204051137
        },
        "probability": 0.938479602337,
        "value": "acoustic"
    },
    "mood_aggressive": {
        "all": {
            "aggressive": 0.0088528227061,
            "not_aggressive": 0.99114716053
        },
        "probability": 0.99114716053,
        "value": "not_aggressive"
    },
    "mood_electronic": {
        "all": {
            "electronic": 0.205622389913,
            "not_electronic": 0.794377624989
        },
        "probability": 0.794377624989,
        "value": "not_electronic"
    },
    "mood_happy": {
        "all": {
            "happy": 0.9996920228,
            "not_happy": 0.000307964714011
        },
        "probability": 0.9996920228,
        "value": "happy"
    },
    "mood_party": {
        "all": {
            "not_party": 0.903630137444,
            "party": 0.0963698923588
        },
        "probability": 0.903630137444,
        "value": "not_party"
    },
    "mood_relaxed": {
        "all": {
            "not_relaxed": 0.645300924778,
            "relaxed": 0.35469904542
        },
        "probability": 0.645300924778,
        "value": "not_relaxed"
    },
    "mood_sad": {
        "all": {
            "not_sad": 0.0774016454816,
            "sad": 0.922598361969
        },
        "probability": 0.922598361969,
        "value": "sad"
    },
    "moods_mirex": {
        "all": {
            "Cluster1": 0.147593140602,
            "Cluster2": 0.364860594273,
            "Cluster3": 0.346583843231,
            "Cluster4": 0.0904991179705,
            "Cluster5": 0.0504633262753
        },
        "probability": 0.364860594273,
        "value": "Cluster2"
    },
    "timbre": {
        "all": {
            "bright": 0.999999165535,
            "dark": 8.3626707692e-07
        },
        "probability": 0.999999165535,
        "value": "bright"
    },
    "tonal_atonal": {
        "all": {
            "atonal": 0.000601842300966,
            "tonal": 0.999398171902
        },
        "probability": 0.999398171902,
        "value": "tonal"
    },
    "voice_instrumental": {
        "all": {
            "instrumental": 0.0046676537022,
            "voice": 0.995332360268
        },
        "probability": 0.995332360268,
        "value": "voice"
    }
},
"lowlevel": {
    "average_loudness": 0.978398442268,
    "barkbands_crest": {
        "dmean": 2.62799572945,
        "dmean2": 4.22689723969,
        "dvar": 6.26671504974,
        "dvar2": 15.5654935837,
        "max": 23.9808654785,
        "mean": 11.3589401245,
        "median": 10.9610233307,
        "min": 2.47274303436,
        "var": 15.2158689499
    },
    "barkbands_flatness_db": {
        "dmean": 0.0225408151746,
        "dmean2": 0.0342571735382,
        "dvar": 0.000465490447823,
        "dvar2": 0.00115542870481,
        "max": 0.342615813017,
        "mean": 0.155842706561,
        "median": 0.152995020151,
        "min": 0.0613549128175,
        "var": 0.00133844884112
    },
    "barkbands_kurtosis": {
        "dmean": 2.25063681602,
        "dmean2": 3.5487139225,
        "dvar": 14.3461732864,
        "dvar2": 33.7663002014,
        "max": 65.5205841064,
        "mean": 2.91907095909,
        "median": 1.7127623558,
        "min": -1.92484939098,
        "var": 26.9346237183
    },
    "barkbands_skewness": {
        "dmean": 0.506181061268,
        "dmean2": 0.768628716469,
        "dvar": 0.331315040588,
        "dvar2": 0.768642187119,
        "max": 7.34047651291,
        "mean": 1.41653549671,
        "median": 1.27507483959,
        "min": -1.84961926937,
        "var": 0.874143242836
    },
    "barkbands_spread": {
        "dmean": 8.500248909,
        "dmean2": 13.2414493561,
        "dvar": 126.427978516,
        "dvar2": 273.579986572,
        "max": 106.726272583,
        "mean": 26.1481361389,
        "median": 22.1529445648,
        "min": 1.74949574471,
        "var": 294.00012207
    },
    "dissonance": {
        "dmean": 0.025955170393,
        "dmean2": 0.0432575754821,
        "dvar": 0.000537047977559,
        "dvar2": 0.00140937231481,
        "max": 0.499347567558,
        "mean": 0.441425412893,
        "median": 0.447600126266,
        "min": 0.295798957348,
        "var": 0.00131643284112
    },
    "dynamic_complexity": 2.49729084969,
    "erbbands_crest": {
        "dmean": 3.16170954704,
        "dmean2": 5.04015111923,
        "dvar": 8.36883640289,
        "dvar2": 21.1046047211,
        "max": 27.0832061768,
        "mean": 11.9177274704,
        "median": 11.2858829498,
        "min": 2.92463803291,
        "var": 24.5332298279
    },
    "erbbands_flatness_db": {
        "dmean": 0.0226027127355,
        "dmean2": 0.0336825624108,
        "dvar": 0.000462407944724,
        "dvar2": 0.000902996514924,
        "max": 0.31623083353,
        "mean": 0.165044978261,
        "median": 0.165957644582,
        "min": 0.0697125121951,
        "var": 0.00163325446192
    },
    "erbbands_kurtosis": {
        "dmean": 0.993257880211,
        "dmean2": 1.58287405968,
        "dvar": 1.42030930519,
        "dvar2": 3.27086019516,
        "max": 11.8776931763,
        "mean": 0.545241653919,
        "median": -0.0222189426422,
        "min": -1.76838123798,
        "var": 3.99537324905
    },
    "erbbands_skewness": {
        "dmean": 0.429097741842,
        "dmean2": 0.645216226578,
        "dvar": 0.171730935574,
        "dvar2": 0.390732169151,
        "max": 3.30012249947,
        "mean": 0.712825417519,
        "median": 0.765379309654,
        "min": -3.22889018059,
        "var": 0.63286370039
    },
    "erbbands_spread": {
        "dmean": 12.5356807709,
        "dmean2": 19.4138660431,
        "dvar": 238.545715332,
        "dvar2": 524.260070801,
        "max": 155.310913086,
        "mean": 45.1694259644,
        "median": 39.8345909119,
        "min": 9.41396522522,
        "var": 640.945068359
    },
    "hfc": {
        "dmean": 11.0110521317,
        "dmean2": 16.4258403778,
        "dvar": 155.563217163,
        "dvar2": 350.174621582,
        "max": 96.5779495239,
        "mean": 27.3530330658,
        "median": 27.4207019806,
        "min": 0.683393597603,
        "var": 312.330688477
    },
    "melbands_crest": {
        "dmean": 3.17633199692,
        "dmean2": 5.04871559143,
        "dvar": 10.281036377,
        "dvar2": 25.9661560059,
        "max": 31.5956230164,
        "mean": 15.1848745346,
        "median": 14.2104988098,
        "min": 4.38017988205,
        "var": 27.6115684509
    },
    "melbands_flatness_db": {
        "dmean": 0.0256967451423,
        "dmean2": 0.0383384302258,
        "dvar": 0.000726963917259,
        "dvar2": 0.00176411331631,
        "max": 0.417973846197,
        "mean": 0.181722939014,
        "median": 0.179905340075,
        "min": 0.0393666438758,
        "var": 0.00196576467715
    },
    "melbands_kurtosis": {
        "dmean": 6.94029521942,
        "dmean2": 10.9470691681,
        "dvar": 181.527145386,
        "dvar2": 479.515197754,
        "max": 176.080276489,
        "mean": 12.2551059723,
        "median": 7.34303188324,
        "min": -1.4545494318,
        "var": 246.303237915
    },
    "melbands_skewness": {
        "dmean": 0.751293897629,
        "dmean2": 1.13512408733,
        "dvar": 0.958019256592,
        "dvar2": 2.34493637085,
        "max": 11.3433055878,
        "mean": 2.50969839096,
        "median": 2.17501735687,
        "min": -0.042297936976,
        "var": 2.42196989059
    },
    "melbands_spread": {
        "dmean": 8.3644285202,
        "dmean2": 12.9481945038,
        "dvar": 172.852172852,
        "dvar2": 390.046539307,
        "max": 204.52645874,
        "mean": 25.7549209595,
        "median": 22.3392543793,
        "min": 1.33408534527,
        "var": 327.917724609
    },
    "pitch_salience": {
        "dmean": 0.0676601529121,
        "dmean2": 0.107243403792,
        "dvar": 0.00443303352222,
        "dvar2": 0.0113605363294,
        "max": 0.807590901852,
        "mean": 0.495725780725,
        "median": 0.494802474976,
        "min": 0.0822739824653,
        "var": 0.0107915485278
    },
    "silence_rate_20dB": {
        "dmean": 0,
        "dmean2": 0,
        "dvar": 0,
        "dvar2": 0,
        "max": 1,
        "mean": 1,
        "median": 1,
        "min": 1,
        "var": 0
    },
    "silence_rate_30dB": {
        "dmean": 0,
        "dmean2": 0,
        "dvar": 0,
        "dvar2": 0,
        "max": 1,
        "mean": 1,
        "median": 1,
        "min": 1,
        "var": 0
    },
    "silence_rate_60dB": {
        "dmean": 0.030959751457,
        "dmean2": 0.0619674660265,
        "dvar": 0.030001539737,
        "dvar2": 0.0612260699272,
        "max": 1,
        "mean": 0.040989946574,
        "median": 0,
        "min": 0,
        "var": 0.0393094085157
    },
    "spectral_centroid": {
        "dmean": 278.444000244,
        "dmean2": 420.686096191,
        "dvar": 98331.90625,
        "dvar2": 236035.9375,
        "max": 4411.58544922,
        "mean": 1425.7142334,
        "median": 1353.91918945,
        "min": 282.028503418,
        "var": 290804.71875
    },
    "spectral_complexity": {
        "dmean": 2.94195055962,
        "dmean2": 4.28659963608,
        "dvar": 11.9788751602,
        "dvar2": 24.2013492584,
        "max": 41,
        "mean": 14.2412996292,
        "median": 15,
        "min": 1,
        "var": 40.8946533203
    },
    "spectral_decrease": {
        "dmean": 2.3886110867e-09,
        "dmean2": 3.33773031436e-09,
        "dvar": 8.12595267684e-18,
        "dvar2": 1.72509310841e-17,
        "max": -1.07866784949e-10,
        "mean": -6.63989929706e-09,
        "median": -6.07776673434e-09,
        "min": -2.90885662224e-08,
        "var": 1.99149853609e-17
    },
    "spectral_energy": {
        "dmean": 0.00980995502323,
        "dmean2": 0.0137580279261,
        "dvar": 0.000132674686029,
        "dvar2": 0.00027917366242,
        "max": 0.11825402081,
        "mean": 0.0275415219367,
        "median": 0.0255687069148,
        "min": 0.000484671501908,
        "var": 0.000326275534462
    },
    "spectral_energyband_high": {
        "dmean": 0.000849993433803,
        "dmean2": 0.00138555059675,
        "dvar": 1.35731124828e-06,
        "dvar2": 3.32284457727e-06,
        "max": 0.00911004655063,
        "mean": 0.00123233930208,
        "median": 0.000770415877923,
        "min": 6.51924347039e-06,
        "var": 1.77144806912e-06
    },
    "spectral_energyband_low": {
        "dmean": 0.00174515938852,
        "dmean2": 0.00266618747264,
        "dvar": 1.26185341287e-05,
        "dvar2": 2.98496634059e-05,
        "max": 0.0312245767564,
        "mean": 0.00475518964231,
        "median": 0.00306524219923,
        "min": 2.49681693276e-06,
        "var": 2.51022047451e-05
    },
    "spectral_energyband_middle_high": {
        "dmean": 0.0021439162083,
        "dmean2": 0.00292162899859,
        "dvar": 1.00412207757e-05,
        "dvar2": 1.77992169483e-05,
        "max": 0.0441507026553,
        "mean": 0.00601131282747,
        "median": 0.00457867328078,
        "min": 4.65966659249e-05,
        "var": 3.50880764017e-05
    },
    "spectral_energyband_middle_low": {
        "dmean": 0.00748368166387,
        "dmean2": 0.0108057642356,
        "dvar": 9.2815120297e-05,
        "dvar2": 0.000209951642319,
        "max": 0.103870213032,
        "mean": 0.0162454992533,
        "median": 0.0128902914003,
        "min": 9.24003834371e-05,
        "var": 0.000182580741239
    },
    "spectral_entropy": {
        "dmean": 0.261557519436,
        "dmean2": 0.385112762451,
        "dvar": 0.063187815249,
        "dvar2": 0.130768790841,
        "max": 8.65932846069,
        "mean": 7.46822738647,
        "median": 7.42781162262,
        "min": 6.13577413559,
        "var": 0.189607620239
    },
    "spectral_flux": {
        "dmean": 0.0326838418841,
        "dmean2": 0.0488021932542,
        "dvar": 0.00102873321157,
        "dvar2": 0.00219071772881,
        "max": 0.264054268599,
        "mean": 0.0807201936841,
        "median": 0.0713716447353,
        "min": 0.010937480256,
        "var": 0.00192632526159
    },
    "spectral_kurtosis": {
        "dmean": 1.18794465065,
        "dmean2": 1.85090458393,
        "dvar": 1.05965518951,
        "dvar2": 2.59370589256,
        "max": 13.8794059753,
        "mean": 2.71758103371,
        "median": 2.7321228981,
        "min": -1.24303901196,
        "var": 2.85901927948
    },
    "spectral_rms": {
        "dmean": 0.000937270408031,
        "dmean2": 0.00126600684598,
        "dvar": 9.99482267616e-07,
        "dvar2": 1.88153978797e-06,
        "max": 0.01074103266,
        "mean": 0.00486127007753,
        "median": 0.00499450508505,
        "min": 0.000687641091645,
        "var": 3.23779795508e-06
    },
    "spectral_rolloff": {
        "dmean": 899.628112793,
        "dmean2": 1511.72717285,
        "dvar": 2690593.5,
        "dvar2": 5736230.5,
        "max": 12273.9257812,
        "mean": 1996.67358398,
        "median": 1335.05859375,
        "min": 86.1328125,
        "var": 4642293.5
    },
    "spectral_skewness": {
        "dmean": 0.207414895296,
        "dmean2": 0.323223501444,
        "dvar": 0.0346450060606,
        "dvar2": 0.0777992680669,
        "max": 2.92469596863,
        "mean": 1.35022222996,
        "median": 1.37857842445,
        "min": 0.0729083120823,
        "var": 0.118414446712
    },
    "spectral_spread": {
        "dmean": 1132190.375,
        "dmean2": 1644368.75,
        "dvar": 1.48251423539e+12,
        "dvar2": 2.76122697728e+12,
        "max": 16368708,
        "mean": 5950903.5,
        "median": 5371720,
        "min": 2461131.5,
        "var": 4.73142027878e+12
    },
    "spectral_strongpeak": {
        "dmean": 0.70107203722,
        "dmean2": 1.13288450241,
        "dvar": 0.809405326843,
        "dvar2": 1.85535359383,
        "max": 7.76539468765,
        "mean": 1.71301019192,
        "median": 1.31603896618,
        "min": 0.0273364633322,
        "var": 2.0589184761
    },
    "zerocrossingrate": {
        "dmean": 0.017081907019,
        "dmean2": 0.0203115157783,
        "dvar": 0.000426270591561,
        "dvar2": 0.000466792465886,
        "max": 0.40087890625,
        "mean": 0.0765461102128,
        "median": 0.064453125,
        "min": 0.0087890625,
        "var": 0.00213936856017
    },
    "barkbands": {
        "dmean": [1.40408728839e-05, 0.000697522191331, 0.000811896345112, 0.000541226647329, 0.00171365751885, 0.000780806993134, 0.00170606561005, 0.00253269146197, 0.00228576012887, 0.000649777473882, 0.000470059749205, 0.000315212615533, 0.000361219921615, 0.000467998557724, 0.000249503995292, 0.000140485441079, 0.000139682699228, 0.000218715606024, 9.84039579635e-05, 0.000253359903581, 8.25886818347e-05, 0.000121383855003, 0.00020794806187, 0.000225879441132, 0.000172213040059, 6.46165935905e-05, 3.82551190725e-09],
        "dmean2": [2.21565787797e-05, 0.0011484248098, 0.00124614627566, 0.000823945680168, 0.00260492297821, 0.00125960691366, 0.00275286776014, 0.00386956240982, 0.00337720965035, 0.000959338445682, 0.000666687672492, 0.000477482972201, 0.000546909577679, 0.000719677482266, 0.000365420506569, 0.000210988117033, 0.000221257170779, 0.000329989590682, 0.00014833912428, 0.000373541930458, 0.000137933340739, 0.0001959590154, 0.000336147728376, 0.000385160266887, 0.000281637039734, 0.000109884633275, 4.80739936748e-09],
        "dvar": [1.84328852182e-09, 4.02869454774e-06, 3.9575656956e-06, 1.74727631475e-06, 1.19888909467e-05, 2.14672513721e-06, 1.40378915603e-05, 2.77855215245e-05, 2.97330043395e-05, 2.0438556021e-06, 2.09359382097e-06, 7.10295523731e-07, 1.90002435829e-06, 1.16319529297e-06, 2.84097239955e-07, 8.83960211695e-08, 9.0632582328e-08, 9.65645483575e-08, 1.77309082972e-08, 1.85097391636e-07, 2.21662705968e-08, 2.76770197871e-08, 9.40052728993e-08, 1.40238725521e-07, 8.66274234568e-08, 1.3375420771e-08, 4.75003540733e-15],
        "dvar2": [3.30827121253e-09, 9.46884210862e-06, 9.47165699472e-06, 3.93726395487e-06, 2.76490900433e-05, 5.32801595909e-06, 3.40476872225e-05, 6.79771546857e-05, 6.27023473498e-05, 4.06208664572e-06, 3.57145177077e-06, 1.40173096952e-06, 4.49187973572e-06, 2.39352857534e-06, 5.854428764e-07, 1.9319502087e-07, 2.10958603475e-07, 2.09718962196e-07, 3.9010746633e-08, 3.32549149107e-07, 6.04064069876e-08, 6.98050683923e-08, 2.28633965094e-07, 3.59798036698e-07, 1.9991790623e-07, 3.13175441136e-08, 4.75893094734e-15],
        "max": [0.00105126795825, 0.0281059108675, 0.0220667012036, 0.0158572234213, 0.0360283106565, 0.0185368619859, 0.0471827611327, 0.0595318675041, 0.069888189435, 0.018437596038, 0.020393056795, 0.0215201117098, 0.0251025948673, 0.0137927467003, 0.00735025852919, 0.00579717149958, 0.00545929791406, 0.00417756661773, 0.00161179911811, 0.00657289056107, 0.00183220091276, 0.00135448237415, 0.00356524274684, 0.00333266612142, 0.00341867748648, 0.00101917120628, 2.04138541449e-06],
        "mean": [1.41081400216e-05, 0.00242842151783, 0.00165868189652, 0.00100750441197, 0.00264352979138, 0.0011112971697, 0.00226279604249, 0.0046179080382, 0.00455399975181, 0.00131089775823, 0.000719777948689, 0.000798613182269, 0.000465374498162, 0.000756691733841, 0.000499788904563, 0.000253321690252, 0.000224446688662, 0.000459704751847, 0.000199845570023, 0.00052980449982, 8.91246163519e-05, 0.000153296452481, 0.000270909251412, 0.000238441862166, 0.000207729288377, 6.55080802971e-05, 3.61867646959e-09],
        "median": [3.40916994901e-06, 0.000324448890751, 0.000461811374407, 0.000199638263439, 0.000942034297623, 0.000555864535272, 0.00026882608654, 0.000920190184843, 0.000702943536453, 0.000201415867195, 8.94945405889e-05, 0.000108578176878, 8.91459931154e-05, 0.000184416901902, 0.000136034374009, 0.000114857481094, 0.000117482857604, 0.000194075808395, 0.000140592441312, 0.000242503563641, 4.73460568173e-05, 9.38542361837e-05, 0.000153139888425, 9.80346885626e-05, 8.44722089823e-05, 1.84164018719e-05, 3.84032000644e-10],
        "min": [1.96506402261e-08, 3.52306528839e-07, 4.40351897169e-07, 2.13005307614e-07, 8.28997144708e-07, 1.72075715454e-06, 1.46865579609e-06, 1.15524471767e-06, 7.30182591724e-07, 4.83799624362e-07, 7.96971789896e-07, 3.24680712538e-07, 5.46191586182e-07, 9.91552383312e-07, 2.18029595089e-06, 1.19661433473e-06, 1.57056069838e-06, 3.03590331896e-06, 2.14858619074e-06, 4.15069143855e-06, 1.19459980397e-06, 8.95272648904e-07, 7.03570378846e-07, 1.714745963e-07, 1.76744904934e-07, 5.81023729129e-10, 1.83144211602e-11],
        "var": [1.84085768851e-09, 1.48458711919e-05, 7.43432838135e-06, 3.50635423274e-06, 1.79647104233e-05, 2.73695513897e-06, 2.48174583248e-05, 5.56462364329e-05, 8.12143407529e-05, 7.50375147618e-06, 4.10976917919e-06, 5.75923377255e-06, 1.96954101739e-06, 2.14138799493e-06, 8.33653814425e-07, 2.14186414382e-07, 1.33169194783e-07, 3.46640291582e-07, 3.88722263267e-08, 5.35688286618e-07, 1.72305796298e-08, 2.98922202546e-08, 1.14708299748e-07, 1.4941947768e-07, 1.29928920956e-07, 1.782447967e-08, 4.74835192934e-15]
    },
    "erbbands": {
        "dmean": [0.0155376335606, 0.181254908442, 0.763532161713, 1.6406263113, 2.11172175407, 5.4253950119, 11.2755346298, 5.66679906845, 13.4845943451, 47.0565338135, 58.6341438293, 59.1648597717, 13.333108902, 24.3312397003, 15.0442504883, 13.1118555069, 17.170873642, 13.941362381, 21.239988327, 10.5275535583, 5.61414766312, 6.80970859528, 10.68800354, 5.55994129181, 6.78373384476, 13.2704305649, 3.9579846859, 3.45260882378, 3.80025744438, 5.82128238678, 5.94916152954, 5.47369003296, 3.19802904129, 2.20476436615, 1.133852005, 0.378892630339, 0.111971072853, 0.00835888367146, 0.000167246878846, 1.98726302187e-05],
        "dmean2": [0.025991493836, 0.295830607414, 1.17263877392, 2.47501301765, 3.28054380417, 8.29345989227, 17.1553478241, 9.32699775696, 20.1958560944, 75.5360031128, 87.8078231812, 85.1539382935, 18.6980228424, 34.7149085999, 21.6205024719, 19.3064289093, 26.2246990204, 21.0875511169, 30.4944324493, 15.1603269577, 8.70475769043, 10.2195129395, 15.9935388565, 8.18414783478, 10.0416975021, 19.3028106689, 6.50423145294, 5.69040155411, 6.24434614182, 9.36914730072, 9.68720340729, 9.53266716003, 5.39289426804, 3.63458299637, 1.85860025883, 0.638419628143, 0.18714261055, 0.0146845458075, 0.000286331982352, 3.03386659652e-05],
        "dvar": [0.00245846807957, 0.245751798153, 3.56704616547, 12.6932277679, 53.0378036499, 114.306632996, 490.853027344, 126.060096741, 1279.98754883, 11342.1435547, 14543.3066406, 19434.0839844, 854.229187012, 2537.58837891, 1816.09619141, 1090.43493652, 5062.55859375, 840.500793457, 1987.47192383, 680.230773926, 119.999839783, 197.355743408, 239.167160034, 53.5330467224, 99.962890625, 547.802612305, 43.3734512329, 30.3841362, 30.1097583771, 63.9074821472, 82.732208252, 110.989585876, 23.7692089081, 13.1326732635, 4.15102005005, 0.446253359318, 0.0472325198352, 0.000290804542601, 9.77533929358e-08, 5.47450029753e-10],
        "dvar2": [0.00604480598122, 0.56955319643, 8.40885543823, 29.8417625427, 129.811569214, 276.039245605, 1139.00244141, 309.635040283, 2763.15161133, 30599.7578125, 33330.3554688, 39757.5898438, 1436.33312988, 5027.72705078, 3035.54101562, 2333.29638672, 12121.4160156, 1828.03857422, 3854.27954102, 1358.17224121, 262.821655273, 406.479919434, 497.883178711, 111.156677246, 209.905456543, 1018.96734619, 109.544250488, 80.4931335449, 78.3249511719, 158, 201.671035767, 292.708618164, 57.562713623, 31.4536056519, 9.60615348816, 1.0624461174, 0.107174731791, 0.000758643553127, 2.46270673188e-07, 1.2962966256e-09],
        "max": [0.926159977913, 7.16627836227, 21.3049716949, 33.7078514099, 113.161460876, 98.0807495117, 190.793167114, 149.054031372, 727.516540527, 1131.71520996, 1629.61364746, 1565.05871582, 521.765075684, 698.94543457, 662.011779785, 991.577636719, 1309.45275879, 354.238830566, 656.93536377, 625.472412109, 175.586517334, 354.897521973, 241.82434082, 113.530845642, 111.717430115, 382.311645508, 60.8041915894, 60.2254943848, 45.4224052429, 106.046638489, 111.043823242, 138.367233276, 50.6138954163, 41.4300918579, 22.2681121826, 7.77410316467, 2.35181188583, 0.195187225938, 0.00339483027346, 0.000176604749868],
        "mean": [0.0470508262515, 0.638761401176, 1.76786983013, 3.14419198036, 3.50984311104, 8.02550125122, 16.8533096313, 8.65465068817, 23.593788147, 55.3745346069, 119.300987244, 122.430137634, 27.8878917694, 52.1790771484, 28.2624225616, 34.6540794373, 24.2688732147, 26.1585216522, 39.3774871826, 23.6924552917, 11.6574888229, 13.7960605621, 23.6332569122, 13.3552360535, 14.6795768738, 27.1379699707, 5.88944816589, 3.90615749359, 4.54670715332, 8.70572948456, 7.27444648743, 5.00985383987, 4.08247089386, 2.84645080566, 1.15070426464, 0.385989665985, 0.11171759665, 0.00704204989597, 0.000168149053934, 4.46723024652e-05],
        "median": [0.00410454394296, 0.12410158664, 0.882284164429, 1.21397340298, 0.783105969429, 2.72275424004, 6.94185256958, 3.82797217369, 3.59042716026, 13.9858808517, 45.1202659607, 20.9255104065, 10.3544788361, 11.5751876831, 8.13791465759, 5.6124329567, 6.04847145081, 9.29090118408, 11.8667421341, 8.03872013092, 5.87972736359, 7.14820718765, 11.5058059692, 8.10043907166, 9.93460083008, 12.1106891632, 3.56473064423, 2.11613345146, 2.69476556778, 5.67216348648, 3.98936104774, 1.4036462307, 2.10703659058, 1.35912108421, 0.336369663477, 0.110155984759, 0.0298817679286, 0.00149275572039, 5.76260063099e-05, 4.07278457715e-05],
        "min": [2.59077642113e-05, 0.000193892046809, 0.000658056815155, 0.00232911854982, 0.00282497494482, 0.0164699889719, 0.0227325931191, 0.0298216175288, 0.0420207977295, 0.0966785177588, 0.0469694770873, 0.0376170799136, 0.0562632009387, 0.0807453468442, 0.0836547464132, 0.0603503920138, 0.0560032874346, 0.0683813914657, 0.102954700589, 0.10397824645, 0.0846715420485, 0.0975721776485, 0.166532739997, 0.169927433133, 0.182905942202, 0.181521296501, 0.0667867511511, 0.050626616925, 0.0343062281609, 0.0244129560888, 0.0198772531003, 0.00446271430701, 0.00452138017863, 0.00318008405156, 0.000644122716039, 3.62257742381e-05, 5.36420793651e-06, 5.19543675637e-07, 8.45901865887e-07, 8.43659279326e-07],
        "var": [0.00767729431391, 0.909670233727, 6.83149576187, 22.4483299255, 72.8560180664, 164.561355591, 749.893737793, 181.785064697, 3791.31469727, 12262.1748047, 33001.9921875, 59375.4921875, 2571.99438477, 10797.4140625, 3710.00073242, 12145.3623047, 5021.93017578, 2009.48449707, 4612.56396484, 2299.62475586, 292.055603027, 439.318817139, 909.894897461, 208.180130005, 235.771942139, 1546.67041016, 48.8413391113, 26.738117218, 28.4771575928, 86.2143783569, 97.9375686646, 100.545219421, 32.3862495422, 19.9735107422, 5.66708660126, 0.585331022739, 0.0658579394221, 0.000276170729194, 1.06703872405e-07, 9.17302844794e-10]
    },
    "gfcc": {
        "mean": [12.2859792709, 64.142250061, -120.676971436, 27.6036834717, -79.8666305542, 15.3962726593, -45.5044021606, 20.6870517731, -23.9468402863, 2.97118377686, -17.9260311127, -7.65291690826, -16.6350517273],
        "cov": [[2577.17382812, -185.059783936, -109.482269287, -330.475463867, -55.1125793457, 170.094665527, 110.082504272, 180.343597412, 42.919128418, 124.500823975, -22.7826480865, 25.0282039642, -64.0361557007], [-185.059783936, 996.330505371, -263.129638672, 114.439651489, 194.894210815, 24.297870636, 248.979370117, -12.8597450256, 133.465744019, -46.1703262329, 168.976119995, -34.6170768738, 75.5], [-109.482269287, -263.129638672, 945.389831543, 314.948364258, 38.3333587646, 138.932479858, -87.8648300171, -16.8893680573, -68.6105270386, 32.4660072327, -76.7800521851, 65.0127182007, -60.4330062866], [-330.475463867, 114.439651489, 314.948364258, 409.126098633, 144.276535034, -11.7419309616, -36.9068565369, -6.03020572662, 50.9688110352, 8.41569232941, -19.3250980377, -21.6776943207, 14.7879924774], [-55.1125793457, 194.894210815, 38.3333587646, 144.276535034, 237.830154419, 114.1563797, 75.043510437, 78.2549591064, 77.0211105347, 28.7729740143, 27.845249176, -24.2164726257, 27.2773075104], [170.094665527, 24.297870636, 138.932479858, -11.7419309616, 114.1563797, 375.422607422, 227.353927612, 115.708374023, 56.0513267517, 33.2358398438, 66.2192306519, 57.9926109314, 4.86808347702], [110.082504272, 248.979370117, -87.8648300171, -36.9068565369, 75.043510437, 227.353927612, 350.692962646, 118.374671936, 69.910987854, 26.3482456207, 117.808135986, 54.9080886841, 0.0530871115625], [180.343597412, -12.8597450256, -16.8893680573, -6.03020572662, 78.2549591064, 115.708374023, 118.374671936, 181.941680908, 96.7532501221, 60.2284545898, 32.7936782837, 13.1151332855, 8.57573699951], [42.919128418, 133.465744019, -68.6105270386, 50.9688110352, 77.0211105347, 56.0513267517, 69.910987854, 96.7532501221, 180.088348389, 59.6863861084, 41.9450149536, 8.06802272797, 30.4892730713], [124.500823975, -46.1703262329, 32.4660072327, 8.41569232941, 28.7729740143, 33.2358398438, 26.3482456207, 60.2284545898, 59.6863861084, 109.632362366, 37.4122467041, 19.4514102936, 3.43682575226], [-22.7826480865, 168.976119995, -76.7800521851, -19.3250980377, 27.845249176, 66.2192306519, 117.808135986, 32.7936782837, 41.9450149536, 37.4122467041, 142.749359131, 60.1355209351, 37.3928031921], [25.0282039642, -34.6170768738, 65.0127182007, -21.6776943207, -24.2164726257, 57.9926109314, 54.9080886841, 13.1151332855, 8.06802272797, 19.4514102936, 60.1355209351, 143.57194519, 50.262878418], [-64.0361557007, 75.5, -60.4330062866, 14.7879924774, 27.2773075104, 4.86808347702, 0.0530871115625, 8.57573699951, 30.4892730713, 3.43682575226, 37.3928031921, 50.262878418, 109.724182129]],
        "icov": [[0.000524515809957, -0.000257447711192, 7.00614327798e-05, 0.000350696966052, 0.00023411148868, -0.000333247531671, 0.000263666472165, -0.000574153324123, 0.000263954541879, -0.000786681717727, 0.000668108579703, -0.000315044249874, 0.000343842315488], [-0.000257447711192, 0.0037164404057, -0.000730321276933, 0.000541202374734, -0.00300187710673, 0.0026763016358, -0.00383900664747, 0.00367256253958, -0.0032145625446, 0.00348735344596, -0.00373248104006, 0.00291182287037, -0.00211819238029], [7.00614327798e-05, -0.000730321276933, 0.00336159393191, -0.00325402943417, 0.00169016036671, -0.00308475643396, 0.00254819914699, -0.0012494106777, 0.00257816584781, -0.00215825485066, 0.00194307148922, -0.00317407399416, 0.00278956769034], [0.000350696966052, 0.000541202374734, -0.00325402943417, 0.00709751201794, -0.00437248405069, 0.00336302048527, -0.00207045627758, 0.00203882087953, -0.00329448259436, 0.00144740729593, -0.000596165016759, 0.00206676940434, -0.0020105522126], [0.00023411148868, -0.00300187710673, 0.00169016036671, -0.00437248405069, 0.011528304778, -0.00538593670353, 0.00363421998918, -0.00505696749315, 0.00273977802135, -0.00352875608951, 0.00230289134197, 0.000408310123021, -0.000133727065986], [-0.000333247531671, 0.0026763016358, -0.00308475643396, 0.00336302048527, -0.00538593670353, 0.00940488092601, -0.00695670163259, 0.00226751994342, -0.00339460023679, 0.00361371110193, -0.00265242275782, 0.00210048467852, -0.00266865547746], [0.000263666472165, -0.00383900664747, 0.00254819914699, -0.00207045627758, 0.00363421998918, -0.00695670163259, 0.0121918665245, -0.00666318600997, 0.00373927108012, -0.001835635514, -0.000413400412071, -0.00488644046709, 0.00579577684402], [-0.000574153324123, 0.00367256253958, -0.0012494106777, 0.00203882087953, -0.00505696749315, 0.00226751994342, -0.00666318600997, 0.0152646349743, -0.00717995641753, 0.000191616389202, -0.00146364618558, 0.00323300925083, -0.00285140378401], [0.000263954541879, -0.0032145625446, 0.00257816584781, -0.00329448259436, 0.00273977802135, -0.00339460023679, 0.00373927108012, -0.00717995641753, 0.0135530242696, -0.00677751889452, 0.00316878245212, -0.00293733295985, 0.000970743014477], [-0.000786681717727, 0.00348735344596, -0.00215825485066, 0.00144740729593, -0.00352875608951, 0.00361371110193, -0.001835635514, 0.000191616389202, -0.00677751889452, 0.0183375701308, -0.00844013690948, 0.00239285570569, -0.000450592284324], [0.000668108579703, -0.00373248104006, 0.00194307148922, -0.000596165016759, 0.00230289134197, -0.00265242275782, -0.000413400412071, -0.00146364618558, 0.00316878245212, -0.00844013690948, 0.0181041322649, -0.0069029154256, 0.000144781806739], [-0.000315044249874, 0.00291182287037, -0.00317407399416, 0.00206676940434, 0.000408310123021, 0.00210048467852, -0.00488644046709, 0.00323300925083, -0.00293733295985, 0.00239285570569, -0.0069029154256, 0.0161328557879, -0.00895572081208], [0.000343842315488, -0.00211819238029, 0.00278956769034, -0.0020105522126, -0.000133727065986, -0.00266865547746, 0.00579577684402, -0.00285140378401, 0.000970743014477, -0.000450592284324, 0.000144781806739, -0.00895572081208, 0.016748521477]]
    },
    "melbands": {
        "dmean": [0.000168964907061, 0.000346623157384, 0.000280754844425, 0.000239317014348, 0.000393310387153, 0.000131349035655, 0.00023551544291, 0.000527994241565, 0.00051685346989, 0.000324752851157, 6.0556398239e-05, 0.000103022117401, 6.3264509663e-05, 3.49620786437e-05, 3.7691937905e-05, 3.30168804794e-05, 2.7751624657e-05, 4.2319737986e-05, 1.53366945597e-05, 1.23006984722e-05, 6.32143201074e-06, 6.54892119201e-06, 1.17492372738e-05, 1.0338843822e-05, 4.38957249571e-06, 3.71896931028e-06, 8.47809951665e-06, 9.22708841244e-06, 2.81105917566e-06, 1.94847780222e-06, 2.09774498217e-06, 1.92101833818e-06, 3.06289712171e-06, 3.53636619366e-06, 3.45414855474e-06, 3.63577601092e-06, 3.25223868458e-06, 2.1108664896e-06, 2.4207442948e-06, 1.83285783351e-06],
        "dmean2": [0.000277875573374, 0.000536872947123, 0.000423247955041, 0.000373022485292, 0.000593731587287, 0.000215460939216, 0.000361736951163, 0.000840234919451, 0.000763984571677, 0.000468189507956, 8.48384952405e-05, 0.000148931721924, 8.84204200702e-05, 5.24603274243e-05, 5.73830147914e-05, 4.95829663123e-05, 4.23227647843e-05, 6.19512793492e-05, 2.19517696678e-05, 1.81065297511e-05, 1.00338957054e-05, 1.01431560324e-05, 1.7948961613e-05, 1.52942593559e-05, 6.50321635476e-06, 5.7300694607e-06, 1.25468768601e-05, 1.35927302836e-05, 4.57371197626e-06, 3.32426748173e-06, 3.4728323044e-06, 3.23874496644e-06, 4.91570790473e-06, 5.70338215766e-06, 5.61559818379e-06, 6.19204502073e-06, 5.67625556869e-06, 3.57299518328e-06, 4.08366395277e-06, 3.0565513498e-06],
        "dvar": [2.59520987811e-07, 6.49486992188e-07, 3.5027679246e-07, 3.94163663486e-07, 6.21386448074e-07, 6.56047731695e-08, 3.02798866869e-07, 1.29825298245e-06, 1.02681019598e-06, 6.18092485638e-07, 2.4745238747e-08, 4.47844357154e-08, 3.92110806047e-08, 1.08393551912e-08, 1.46217535857e-08, 1.14833058618e-08, 4.18742640562e-09, 9.58823154207e-09, 1.07084197065e-09, 8.24287027523e-10, 1.5566375966e-10, 2.18844345423e-10, 4.10976197518e-10, 2.66160454787e-10, 3.65051773532e-11, 3.10523169678e-11, 2.31682451002e-10, 3.05764052966e-10, 2.15029487272e-11, 1.36488190541e-11, 1.14609866736e-11, 8.85903069653e-12, 2.3386062184e-11, 2.41239840604e-11, 2.46142013022e-11, 5.98814539621e-11, 3.76032434357e-11, 1.03504548682e-11, 1.73766504658e-11, 1.089231743e-11],
        "dvar2": [6.13615668499e-07, 1.54059785018e-06, 8.21149569674e-07, 9.75878037934e-07, 1.40085899147e-06, 1.57740075224e-07, 6.55645294501e-07, 3.48299022335e-06, 2.3003201477e-06, 1.26171119064e-06, 4.00312956117e-08, 8.9576289497e-08, 6.49889173587e-08, 2.00253396088e-08, 3.43245325496e-08, 2.6856216806e-08, 9.14646136607e-09, 1.87849611422e-08, 2.05218486649e-09, 1.8066914631e-09, 3.34242161726e-10, 4.85828266505e-10, 8.15362277695e-10, 5.54024437438e-10, 7.51811043975e-11, 7.3956681057e-11, 4.18721834983e-10, 6.28648133549e-10, 5.22426997496e-11, 3.72661693171e-11, 3.05725618432e-11, 2.35251366998e-11, 5.9255496343e-11, 6.0147838099e-11, 5.95707719264e-11, 1.55445184502e-10, 1.00167076023e-10, 2.58342930382e-11, 4.38661537649e-11, 2.65467682559e-11],
        "max": [0.00791103765368, 0.00853517092764, 0.00655097234994, 0.00976160820574, 0.00699196150526, 0.00313475518487, 0.00991063099355, 0.0135018099099, 0.0175337363034, 0.0089009180665, 0.00273590697907, 0.00294220028445, 0.00310487719253, 0.00326489144936, 0.00207401067019, 0.00181404629257, 0.000880249484908, 0.0014689109521, 0.000540364650078, 0.000601278501563, 0.000190229155123, 0.000325494678691, 0.000284553418169, 0.000254715356277, 7.30905885575e-05, 8.86927591637e-05, 0.000255197490333, 0.000255615916103, 3.94196467823e-05, 4.09254353144e-05, 3.55448901246e-05, 3.25083346979e-05, 5.36722764082e-05, 6.37610573904e-05, 5.02140719618e-05, 0.00013864376524, 6.36502809357e-05, 3.69620211131e-05, 3.92683432437e-05, 3.56079035555e-05],
        "mean": [0.000582095817663, 0.000929635134526, 0.000538611144293, 0.000364110019291, 0.000599460792728, 0.000200690134079, 0.000372952839825, 0.000663648184855, 0.00105054595042, 0.000659906188957, 0.00011627857748, 0.000220157104195, 0.000105523387901, 8.87842761585e-05, 6.40850921627e-05, 4.96217726322e-05, 4.82661489514e-05, 7.30905594537e-05, 3.33814095939e-05, 2.40855297307e-05, 1.15874236144e-05, 1.13417245302e-05, 2.26106076298e-05, 2.15503605432e-05, 9.39350502449e-06, 7.23665380065e-06, 1.76636203832e-05, 1.77451001946e-05, 3.93487334804e-06, 1.9664410047e-06, 2.27289069699e-06, 2.06511685974e-06, 3.9680971895e-06, 5.15550482305e-06, 4.37162952949e-06, 3.38004542755e-06, 2.83439953819e-06, 2.63212336904e-06, 3.07608706862e-06, 2.21366690312e-06],
        "median": [6.99280935805e-05, 0.000552342098672, 0.000217305394472, 0.000112892783363, 0.000236241539824, 8.32821751828e-05, 5.03056471644e-05, 0.000153098764713, 0.000336001539836, 9.73523419816e-05, 2.45488245127e-05, 4.41497868451e-05, 1.92776496988e-05, 1.18753614515e-05, 1.11873123387e-05, 1.10438095362e-05, 1.28134197439e-05, 1.50479618242e-05, 9.60353827395e-06, 8.45844988362e-06, 6.05552713751e-06, 6.01024021307e-06, 8.51708591654e-06, 8.98483358469e-06, 5.27925658389e-06, 5.05910202264e-06, 8.37177503854e-06, 7.67845813243e-06, 2.03603508453e-06, 9.40509664815e-07, 1.19289802569e-06, 1.12066391011e-06, 2.3214720386e-06, 3.19186779052e-06, 2.59207808995e-06, 9.81811126621e-07, 7.3044839155e-07, 1.33772698518e-06, 1.55598547735e-06, 9.82192659649e-07],
        "min": [1.49616766976e-07, 2.96842273428e-07, 4.17710509737e-07, 1.3923796871e-07, 7.63062416809e-07, 5.07424999796e-07, 1.61981120073e-07, 8.94617471658e-07, 2.47814170962e-07, 1.04879852358e-07, 9.88911779132e-08, 2.55868940258e-07, 2.15413976434e-07, 6.43475814854e-08, 5.70174840675e-08, 1.09487444888e-07, 7.37893941505e-08, 3.67830601533e-08, 1.4784662028e-07, 1.10847530266e-07, 8.27659931701e-08, 8.39198293079e-08, 7.4860110999e-08, 1.47353603097e-07, 1.2343404876e-07, 6.92802686331e-08, 1.03021655207e-07, 8.18337611008e-08, 2.64736712552e-08, 5.76982572831e-10, 1.01470840619e-08, 7.47056583261e-10, 1.23318040224e-08, 1.29954136341e-08, 1.10303499667e-08, 3.45240369626e-09, 1.61477442528e-10, 2.58833376954e-09, 3.32730820674e-09, 2.47613402005e-10],
