{
"highlevel": {
    "danceability": {
        "all": {
            "danceable": 0.900967359543,
            "not_danceable": 0.0990326553583
        },
        "probability": 0.900967359543,
        "value": "danceable"
    },
    "gender": {
        "all": {
            "female": 0.910116493702,
            "male": 0.0898835286498
        },
        "probability": 0.910116493702,
        "value": "female"
    },
    "genre_dortmund": {
        "all": {
            "alternative": 0.124297603965,
            "blues": 0.0644235089421,
            "electronic": 0.0149979218841,
            "folkcountry": 0.419487386942,
            "funksoulrnb": 0.0342139080167,
            "jazz": 0.0689069330692,
            "pop": 0.168482288718,
            "raphiphop": 0.00594273582101,
            "rock": 0.0992477089167
        },
        "probability": 0.419487386942,
        "value": "folkcountry"
    },
    "genre_electronic": {
        "all": {
            "ambient": 0.318829983473,
            "dnb": 0.113031297922,
            "house": 0.125795379281,
            "techno": 0.0353942848742,
            "trance": 0.406949073076
        },
        "probability": 0.406949073076,
        "value": "trance"
    },
    "genre_rosamerica": {
        "all": {
            "cla": 0.021202178672,
            "dan": 0.339649885893,
            "hip": 0.0207578130066,
            "jaz": 0.0464314185083,
            "pop": 0.262253820896,
            "rhy": 0.0726287290454,
            "roc": 0.225116103888,
            "spe": 0.0119600398466
        },
        "probability": 0.339649885893,
        "value": "dan"
    },
    "genre_tzanetakis": {
        "all": {
            "blu": 0.0620671063662,
            "cla": 0.034474901855,
            "cou": 0.103433981538,
            "dis": 0.0620971247554,
            "hip": 0.15527240932,
            "jaz": 0.310666948557,
            "met": 0.044346679002,
            "pop": 0.0620793737471,
            "reg": 0.0620816536248,
            "roc": 0.103479810059
        },
        "probability": 0.310666948557,
        "value": "jaz"
    },
    "ismir04_rhythm": {
        "all": {
            "ChaChaCha": 0.0604365244508,
            "Jive": 0.0386112518609,
            "Quickstep": 0.0285896845162,
            "Rumba-American": 0.0233127493411,
            "Rumba-International": 0.104240052402,
            "Rumba-Misc": 0.0156305413693,
            "Samba": 0.0628421083093,
            "Tango": 0.164314687252,
            "VienneseWaltz": 0.482951372862,
            "Waltz": 0.0190710164607
        },
        "probability": 0.482951372862,
        "value": "VienneseWaltz"
    },
    "mood_acoustic": {
        "all": {
            "acoustic": 0.169340908527,
            "not_acoustic": 0.830659091473
        },
        "probability": 0.830659091473,
        "value": "not_acoustic"
    },
    "mood_aggressive": {
        "all": {
            "aggressive": 0.169775977731,
            "not_aggressive": 0.83022403717
        },
        "probability": 0.83022403717,
        "value": "not_aggressive"
    },
    "mood_electronic": {
        "all": {
            "electronic": 0.233793228865,
            "not_electronic": 0.766206800938
        },
        "probability": 0.766206800938,
        "value": "not_electronic"
    },
    "mood_happy": {
        "all": {
            "happy": 0.961512386799,
            "not_happy": 0.0384876169264
        },
        "probability": 0.961512386799,
        "value": "happy"
    },
    "mood_party": {
        "all": {
            "not_party": 0.801628649235,
            "party": 0.198371335864
        },
        "probability": 0.801628649235,
        "value": "not_party"
    },
    "mood_relaxed": {
        "all": {
            "not_relaxed": 0.11950198561,
            "relaxed": 0.880497992039
        },
        "probability": 0.880497992039,
        "value": "relaxed"
    },
    "mood_sad": {
        "all": {
            "not_sad": 0.528708517551,
            "sad": 0.471291482449
        },
        "probability": 0.528708517551,
        "value": "not_sad"
    },
    "moods_mirex": {
        "all": {
            "Cluster1": 0.207184284925,
            "Cluster2": 0.304166525602,
            "Cluster3": 0.276415199041,
            "Cluster4": 0.19417399168,
            "Cluster5": 0.018059996888
        },
        "probability": 0.304166525602,
        "value": "Cluster2"
    },
    "timbre": {
        "all": {
            "bright": 0.999989569187,
            "dark": 1.04087184809e-05
        },
        "probability": 0.999989569187,
        "value": "bright"
    },
    "tonal_atonal": {
        "all": {
            "atonal": 0.0417473465204,
            "tonal": 0.958252668381
        },
        "probability": 0.958252668381,
        "value": "tonal"
    },
    "voice_instrumental": {
        "all": {
            "instrumental": 0.00665147509426,
            "voice": 0.993348538876
        },
        "probability": 0.993348538876,
        "value": "voice"
    }
},
"lowlevel": {
    "average_loudness": 0.985213637352,
    "barkbands_crest": {
        "dmean": 2.3178331852,
        "dmean2": 3.66238856316,
        "dvar": 6.25163888931,
        "dvar2": 14.800450325,
        "max": 25.3991031647,
        "mean": 12.7368221283,
        "median": 12.1679773331,
        "min": 2.6709754467,
        "var": 22.2534046173
    },
    "barkbands_flatness_db": {
        "dmean": 0.021158432588,
        "dmean2": 0.0332173332572,
        "dvar": 0.000435757712694,
        "dvar2": 0.000967965228483,
        "max": 0.310595184565,
        "mean": 0.16851747036,
        "median": 0.166495546699,
        "min": 0.0655913203955,
        "var": 0.00160461221822
    },
    "barkbands_kurtosis": {
        "dmean": 2.87777614594,
        "dmean2": 4.4830121994,
        "dvar": 24.6602554321,
        "dvar2": 51.8568382263,
        "max": 87.4258346558,
        "mean": 5.09459877014,
        "median": 2.56914758682,
        "min": -1.84004020691,
        "var": 64.7431030273
    },
    "barkbands_skewness": {
        "dmean": 0.502549469471,
        "dmean2": 0.766526162624,
        "dvar": 0.300452947617,
        "dvar2": 0.617362439632,
        "max": 8.60945892334,
        "mean": 1.86791336536,
        "median": 1.73105788231,
        "min": -0.591236233711,
        "var": 1.31734132767
    },
    "barkbands_spread": {
        "dmean": 4.78997659683,
        "dmean2": 7.29201889038,
        "dvar": 27.405008316,
        "dvar2": 61.3246154785,
        "max": 77.5124588013,
        "mean": 20.1651496887,
        "median": 19.9035129547,
        "min": 2.10866641998,
        "var": 80.1935501099
    },
    "dissonance": {
        "dmean": 0.0229539200664,
        "dmean2": 0.0382355488837,
        "dvar": 0.000387300184229,
        "dvar2": 0.00107806373853,
        "max": 0.499231517315,
        "mean": 0.451075583696,
        "median": 0.456344366074,
        "min": 0.329744011164,
        "var": 0.000833432597574
    },
    "dynamic_complexity": 1.24389779568,
    "erbbands_crest": {
        "dmean": 2.63445544243,
        "dmean2": 4.29203987122,
        "dvar": 6.70640230179,
        "dvar2": 17.3805770874,
        "max": 29.4520072937,
        "mean": 9.23961353302,
        "median": 8.44052028656,
        "min": 2.56399345398,
        "var": 16.3251266479
    },
    "erbbands_flatness_db": {
        "dmean": 0.0198850762099,
        "dmean2": 0.0284551475197,
        "dvar": 0.000356060510967,
        "dvar2": 0.000777965062298,
        "max": 0.275596469641,
        "mean": 0.154899254441,
        "median": 0.152434915304,
        "min": 0.0491784326732,
        "var": 0.00151836767327
    },
    "erbbands_kurtosis": {
        "dmean": 0.72766327858,
        "dmean2": 1.17158794403,
        "dvar": 0.753823459148,
        "dvar2": 1.90046024323,
        "max": 10.0875940323,
        "mean": 0.23087182641,
        "median": -0.0605530738831,
        "min": -1.70922541618,
        "var": 1.86713540554
    },
    "erbbands_skewness": {
        "dmean": 0.299015134573,
        "dmean2": 0.464572697878,
        "dvar": 0.0662874504924,
        "dvar2": 0.155894845724,
        "max": 2.61080145836,
        "mean": 0.378032237291,
        "median": 0.386868089437,
        "min": -1.57837951183,
        "var": 0.307169884443
    },
    "erbbands_spread": {
        "dmean": 7.93709945679,
        "dmean2": 11.9027585983,
        "dvar": 73.7891921997,
        "dvar2": 136.239822388,
        "max": 138.202224731,
        "mean": 40.8848686218,
        "median": 37.5670166016,
        "min": 8.32863712311,
        "var": 352.588439941
    },
    "hfc": {
        "dmean": 7.18573188782,
        "dmean2": 11.2259750366,
        "dvar": 55.859664917,
        "dvar2": 129.906082153,
        "max": 76.6861114502,
        "mean": 29.6298103333,
        "median": 28.6316394806,
        "min": 2.23910951614,
        "var": 173.843154907
    },
    "melbands_crest": {
        "dmean": 2.56856989861,
        "dmean2": 4.09158849716,
        "dvar": 7.71910238266,
        "dvar2": 17.4623699188,
        "max": 28.7249412537,
        "mean": 17.5087051392,
        "median": 18.1488361359,
        "min": 4.82994842529,
        "var": 26.4084854126
    },
    "melbands_flatness_db": {
        "dmean": 0.0237951353192,
        "dmean2": 0.0360334180295,
        "dvar": 0.000732707383577,
        "dvar2": 0.00146005058195,
        "max": 0.405073195696,
        "mean": 0.218391224742,
        "median": 0.217179477215,
        "min": 0.0771580785513,
        "var": 0.00316180940717
    },
    "melbands_kurtosis": {
        "dmean": 8.00096416473,
        "dmean2": 12.3445129395,
        "dvar": 188.75402832,
        "dvar2": 404.143554688,
        "max": 209.084640503,
        "mean": 17.1942443848,
        "median": 10.382060051,
        "min": -1.28500235081,
        "var": 497.143890381
    },
    "melbands_skewness": {
        "dmean": 0.7518273592,
        "dmean2": 1.14411771297,
        "dvar": 0.69995701313,
        "dvar2": 1.45789051056,
        "max": 12.6689853668,
        "mean": 3.07495331764,
        "median": 2.87774515152,
        "min": -0.562490940094,
        "var": 2.9900829792
    },
    "melbands_spread": {
        "dmean": 4.80937480927,
        "dmean2": 7.24501752853,
        "dvar": 30.9382476807,
        "dvar2": 63.1452102661,
        "max": 93.9638290405,
        "mean": 18.4602146149,
        "median": 17.2463417053,
        "min": 1.34651434422,
        "var": 108.856254578
    },
    "pitch_salience": {
        "dmean": 0.0661973655224,
        "dmean2": 0.106409370899,
        "dvar": 0.004496446345,
        "dvar2": 0.0104330694303,
        "max": 0.799885988235,
        "mean": 0.434596508741,
        "median": 0.411910325289,
        "min": 0.140423342586,
        "var": 0.0151031147689
    },
    "silence_rate_20dB": {
        "dmean": 0,
        "dmean2": 0,
        "dvar": 0,
        "dvar2": 0,
        "max": 1,
        "mean": 1,
        "median": 1,
        "min": 1,
        "var": 0
    },
    "silence_rate_30dB": {
        "dmean": 0.0061919502914,
        "dmean2": 0.0123934932053,
        "dvar": 0.00615351600572,
        "dvar2": 0.0184371285141,
        "max": 1,
        "mean": 0.996906399727,
        "median": 1,
        "min": 0,
        "var": 0.00308398390189
    },
    "silence_rate_60dB": {
        "dmean": 0.00154798757285,
        "dmean2": 0.00309837330133,
        "dvar": 0.0015455809189,
        "dvar2": 0.00463790539652,
        "max": 1,
        "mean": 0.00077339517884,
        "median": 0,
        "min": 0,
        "var": 0.000772795290686
    },
    "spectral_centroid": {
        "dmean": 210.436172485,
        "dmean2": 317.300506592,
        "dvar": 35551.1796875,
        "dvar2": 75567.8671875,
        "max": 2660.17602539,
        "mean": 1354.39599609,
        "median": 1363.35620117,
        "min": 388.053192139,
        "var": 180433.8125
    },
    "spectral_complexity": {
        "dmean": 3.25232195854,
        "dmean2": 5.03020906448,
        "dvar": 9.30163860321,
        "dvar2": 19.377035141,
        "max": 42,
        "mean": 20.2405261993,
        "median": 20,
        "min": 7,
        "var": 37.9831771851
    },
    "spectral_decrease": {
        "dmean": 2.93942048479e-09,
        "dmean2": 4.59300641964e-09,
        "dvar": 1.57114271958e-17,
        "dvar2": 3.68199630431e-17,
        "max": -6.95081991964e-10,
        "mean": -1.36251756544e-08,
        "median": -1.45051561873e-08,
        "min": -3.39947661132e-08,
        "var": 3.44635537797e-17
    },
    "spectral_energy": {
        "dmean": 0.0114318383858,
        "dmean2": 0.0178383402526,
        "dvar": 0.000227137614274,
        "dvar2": 0.000528251111973,
        "max": 0.131996572018,
        "mean": 0.0541120544076,
        "median": 0.0576551221311,
        "min": 0.00282649602741,
        "var": 0.00050259946147
    },
    "spectral_energyband_high": {
        "dmean": 0.000376932352083,
        "dmean2": 0.000595324265305,
        "dvar": 2.59184901097e-07,
        "dvar2": 6.25642883278e-07,
        "max": 0.00638045463711,
        "mean": 0.000822579662781,
        "median": 0.000632065173704,
        "min": 2.61907462118e-05,
        "var": 4.91869798225e-07
    },
    "spectral_energyband_low": {
        "dmean": 0.0087275672704,
        "dmean2": 0.0141852926463,
        "dvar": 0.000242461363086,
        "dvar2": 0.000592490134295,
        "max": 0.104390546679,
        "mean": 0.030400024727,
        "median": 0.0334193482995,
        "min": 6.52979952065e-06,
        "var": 0.000498639827128
    },
    "spectral_energyband_middle_high": {
        "dmean": 0.00273053185083,
        "dmean2": 0.0039991713129,
        "dvar": 9.31794420467e-06,
        "dvar2": 1.82585572475e-05,
        "max": 0.0406587943435,
        "mean": 0.00932725239545,
        "median": 0.00694358628243,
        "min": 0.000362482533092,
        "var": 6.08391783317e-05
    },
    "spectral_energyband_middle_low": {
        "dmean": 0.00517988298088,
        "dmean2": 0.00808652769774,
        "dvar": 3.07164045807e-05,
        "dvar2": 7.0891706855e-05,
        "max": 0.0564923323691,
        "mean": 0.0144518995658,
        "median": 0.0128525402397,
        "min": 0.00171424809378,
        "var": 6.97675714036e-05
    },
    "spectral_entropy": {
        "dmean": 0.182062134147,
        "dmean2": 0.270030647516,
        "dvar": 0.0326335094869,
        "dvar2": 0.0721315965056,
        "max": 8.31161499023,
        "mean": 7.3576259613,
        "median": 7.35658216476,
        "min": 6.41028547287,
        "var": 0.116976767778
    },
    "spectral_flux": {
        "dmean": 0.0354581661522,
        "dmean2": 0.0532093122602,
        "dvar": 0.00147085997742,
        "dvar2": 0.00350605556741,
        "max": 0.316175937653,
        "mean": 0.0972444415092,
        "median": 0.0851243436337,
        "min": 0.0250445641577,
        "var": 0.00239931116812
    },
    "spectral_kurtosis": {
        "dmean": 1.31545901299,
        "dmean2": 2.20728707314,
        "dvar": 1.2344763279,
        "dvar2": 3.55668759346,
        "max": 11.455332756,
        "mean": 3.99934101105,
        "median": 3.98553848267,
        "min": -0.94242978096,
        "var": 3.0792517662
    },
    "spectral_rms": {
        "dmean": 0.000792267906945,
        "dmean2": 0.00119094806723,
        "dvar": 9.95269601844e-07,
        "dvar2": 2.00388831217e-06,
        "max": 0.0113480016589,
        "mean": 0.00706849154085,
        "median": 0.00749992672354,
        "min": 0.00166058936156,
        "var": 2.82876203528e-06
    },
    "spectral_rolloff": {
        "dmean": 341.930664062,
        "dmean2": 568.554077148,
        "dvar": 525952.5,
        "dvar2": 1024003.25,
        "max": 9496.14257812,
        "mean": 1069.61645508,
        "median": 861.328125,
        "min": 86.1328125,
        "var": 1008511.875
    },
    "spectral_skewness": {
        "dmean": 0.200622752309,
        "dmean2": 0.326222807169,
        "dvar": 0.0273865591735,
        "dvar2": 0.069249920547,
        "max": 2.4271094799,
        "mean": 1.51224970818,
        "median": 1.52693986893,
        "min": 0.494904369116,
        "var": 0.0732029154897
    },
    "spectral_spread": {
        "dmean": 707672.5,
        "dmean2": 1032165.125,
        "dvar": 971699060736,
        "dvar2": 1.73247968051e+12,
        "max": 18165460,
        "mean": 4659983,
        "median": 4167158.5,
        "min": 2978190,
        "var": 2.76832269107e+12
    },
    "spectral_strongpeak": {
        "dmean": 0.460689395666,
        "dmean2": 0.790361404419,
        "dvar": 1.0284974575,
        "dvar2": 2.40555047989,
        "max": 9.51630496979,
        "mean": 1.09008085728,
        "median": 0.714033842087,
        "min": 0.0724764540792,
        "var": 1.51735055447
    },
    "zerocrossingrate": {
        "dmean": 0.00913297571242,
        "dmean2": 0.0107766054571,
        "dvar": 0.00010810852109,
        "dvar2": 0.000120393429825,
        "max": 0.24853515625,
        "mean": 0.0479286015034,
        "median": 0.04443359375,
        "min": 0.0048828125,
        "var": 0.000599113001954
    },
    "barkbands": {
        "dmean": [9.79065225692e-05, 0.00703359907493, 0.0023439778015, 0.00044234879897, 0.00175310182385, 0.00164060469251, 0.00151370919775, 0.00100831396412, 0.0015613354044, 0.000792318198364, 0.000939862453379, 0.000889154791366, 0.000574652396608, 0.000497886619996, 0.00026068414445, 0.000198436944629, 0.000197906178073, 0.000295998732327, 0.000280943757389, 0.000218017739826, 6.20888677076e-05, 4.26786828029e-05, 4.81212227896e-05, 9.49346358539e-05, 8.08149270597e-05, 8.54858153616e-05, 4.01373823067e-09],
        "dmean2": [0.000158961556735, 0.0114457858726, 0.00383077538572, 0.000752354797442, 0.00274774176069, 0.00262298993766, 0.00258531305008, 0.0015841104323, 0.00237504113466, 0.0012412131764, 0.0013712112559, 0.00131194887217, 0.000909119786229, 0.000721425807569, 0.000410937413108, 0.000318204431096, 0.000305176130496, 0.000466444384074, 0.000432889413787, 0.00034353765659, 9.9997043435e-05, 7.03635232639e-05, 7.67391684349e-05, 0.000141809752677, 0.000126891347463, 0.000158166178153, 6.02943650563e-09],
        "dvar": [3.40972619028e-08, 0.000174856380909, 1.99316618819e-05, 5.25972154719e-07, 6.47039178148e-06, 6.34364823782e-06, 7.86290547694e-06, 6.06953153692e-06, 1.1568091395e-05, 2.67066411652e-06, 3.55072506864e-06, 2.69369252237e-06, 1.36117228067e-06, 1.46711602156e-06, 5.022166647e-07, 1.55834840143e-07, 1.65010703768e-07, 1.34249191319e-07, 1.79772527531e-07, 7.37438696774e-08, 7.11582259783e-09, 2.98700331136e-09, 6.26738927423e-09, 3.80406994793e-08, 3.03956397829e-08, 4.51217339048e-08, 1.92893288419e-15],
        "dvar2": [8.58233946133e-08, 0.000432393804658, 4.04514357797e-05, 1.48967683344e-06, 1.54081171786e-05, 1.53442742885e-05, 2.13539497054e-05, 1.40088777698e-05, 2.81342872768e-05, 5.84927192904e-06, 6.63972741677e-06, 5.43964824828e-06, 3.35186882694e-06, 2.47226284955e-06, 1.18978005048e-06, 4.11925412891e-07, 3.61488332601e-07, 2.92169829663e-07, 3.76989220285e-07, 1.86776233591e-07, 1.6767380373e-08, 7.69854402449e-09, 1.36704834119e-08, 7.7747088767e-08, 6.13934147964e-08, 1.28920518705e-07, 1.94015543547e-15],
        "max": [0.00297281448729, 0.0976388901472, 0.0429672189057, 0.0101915672421, 0.0279965531081, 0.0286028571427, 0.0352492667735, 0.0412952080369, 0.0379839390516, 0.0268447902054, 0.0265233833343, 0.0311248190701, 0.0177214425057, 0.0236910283566, 0.0122411279008, 0.00539829488844, 0.0083007318899, 0.00430601229891, 0.00619923463091, 0.00349580612965, 0.000858821324073, 0.000551416946109, 0.00112164393067, 0.00263552484103, 0.00311760697514, 0.00169485190418, 1.14054353162e-06],
        "mean": [0.000149629195221, 0.0209511220455, 0.00883219949901, 0.000756791210733, 0.00341505324468, 0.00307773356326, 0.00223638536409, 0.00166656693909, 0.0026467461139, 0.0013590255985, 0.00163165561389, 0.00182833219878, 0.00104411586653, 0.0010384505149, 0.00039507105248, 0.000307342241285, 0.000425748818088, 0.000581866886932, 0.000605661072768, 0.000519843946677, 0.000115012211609, 8.60963045852e-05, 9.61600017035e-05, 0.000166172569152, 0.000112985180749, 6.6372580477e-05, 3.6021718941e-09],
        "median": [2.2643522243e-05, 0.0130769684911, 0.00322734168731, 0.000469568360131, 0.00171581108589, 0.0018600281328, 0.00126055511646, 0.000670577748679, 0.000923276355024, 0.000518105865922, 0.000602511689067, 0.000536996987648, 0.000373047922039, 0.000244575319812, 0.000129759908305, 0.000150066465721, 0.000169131395523, 0.00036191023537, 0.000353520998033, 0.000342730781995, 8.7676482508e-05, 6.61721278448e-05, 7.37809605198e-05, 9.64982173173e-05, 4.07623338106e-05, 1.2354120372e-05, 8.61347049241e-10],
        "min": [1.52711940871e-08, 5.82725192544e-07, 8.64564384528e-08, 3.70643192582e-07, 2.46007457463e-05, 2.03701692953e-05, 5.46482942809e-06, 1.00239412859e-05, 7.11608072379e-06, 1.37126935442e-05, 8.82215954334e-06, 6.73449449096e-06, 8.13739097794e-06, 7.11141638021e-06, 5.28732562088e-06, 2.58200634562e-06, 5.3296535043e-06, 6.4810819822e-06, 1.13972628242e-05, 9.8246109701e-06, 1.4121770846e-06, 7.87679937275e-07, 5.7937057818e-07, 1.41670636822e-06, 2.44539393179e-07, 3.81261654192e-11, 1.68652487809e-11],
        "var": [1.03716800481e-07, 0.000454028573586, 0.000102720892755, 8.4982724502e-07, 1.63092936418e-05, 1.41109412652e-05, 9.21622267924e-06, 9.81774246611e-06, 2.02298815566e-05, 6.68988877806e-06, 8.65035690367e-06, 1.22106530398e-05, 2.78394304587e-06, 7.73435385781e-06, 7.30464421395e-07, 2.33888172829e-07, 6.42352858904e-07, 3.95092115468e-07, 5.04366937548e-07, 2.32546511825e-07, 1.08901740958e-08, 5.37447863991e-09, 1.06301660807e-08, 7.3172479631e-08, 5.85538835196e-08, 2.73855960131e-08, 1.9341122789e-15]
    },
    "erbbands": {
        "dmean": [0.157067999244, 1.73627460003, 3.17721176147, 1.74314248562, 2.39913916588, 7.02208900452, 12.9929361343, 13.026427269, 21.6172561646, 17.3099803925, 26.551612854, 35.0743789673, 26.3961277008, 24.2539482117, 29.5166625977, 37.6274986267, 25.7746105194, 24.712808609, 14.7274532318, 11.528673172, 9.53461456299, 10.2528085709, 13.0256490707, 18.284860611, 11.3506479263, 9.25012111664, 3.02762842178, 2.55778312683, 1.73056364059, 1.18835878372, 1.45891714096, 1.99899148941, 1.63464617729, 1.02001714706, 0.521972060204, 0.356616973877, 0.180801212788, 0.0110405404121, 0.000215045831283, 2.02976552828e-05],
        "dmean2": [0.249142929912, 2.88608288765, 5.25564289093, 2.80127811432, 3.90492129326, 11.0524721146, 20.4699459076, 20.6411037445, 36.7393569946, 28.4117469788, 41.0283699036, 53.5831184387, 40.7567520142, 36.7628517151, 43.5825538635, 56.5099105835, 41.1594581604, 36.49741745, 22.4143486023, 17.6828842163, 15.1130456924, 15.3129720688, 20.1745948792, 28.6019973755, 17.2996139526, 14.2221479416, 4.80071878433, 4.16925907135, 2.85441493988, 1.9509087801, 2.30658841133, 3.08803582191, 2.47044110298, 1.61004555225, 0.847945868969, 0.63944029808, 0.336836338043, 0.0206795912236, 0.000398459262215, 3.29872818838e-05],
        "dvar": [0.0888885781169, 10.8724737167, 33.0511016846, 7.91743516922, 23.4920330048, 110.190727234, 405.376220703, 548.897399902, 1493.34912109, 1558.91772461, 3455.46020508, 7414.24462891, 3049.52441406, 2394.28393555, 3513.5480957, 5364.16503906, 2134.83837891, 3356.99536133, 836.238708496, 637.232177734, 405.269470215, 431.59954834, 361.029205322, 856.078674316, 192.623397827, 180.385116577, 13.8719673157, 14.4584646225, 4.96983385086, 2.60706186295, 6.95494127274, 17.962978363, 13.1890010834, 6.87543773651, 1.09020793438, 0.645119011402, 0.218653693795, 0.000830731820315, 2.91457780577e-07, 8.83030315535e-10],
        "dvar2": [0.20363034308, 27.0536251068, 75.7201385498, 17.3349933624, 56.4857177734, 277.539581299, 918.44732666, 1250.24816895, 4105.38183594, 3916.59960938, 7973.23486328, 18672.6679688, 6797.09130859, 5360.60302734, 7457.26025391, 11092.6220703, 5353.67138672, 5880.64013672, 1789.91040039, 1421.79919434, 1061.80505371, 930.153076172, 768.704345703, 1808.59106445, 422.833374023, 417.131591797, 33.8545532227, 34.3491592407, 12.8800230026, 6.42064332962, 15.0535316467, 37.3325119019, 27.059879303, 14.5895309448, 2.29841041565, 1.8218960762, 0.621195137501, 0.00239356420934, 8.38535697767e-07, 2.30055996475e-09],
        "max": [2.87654185295, 24.0374031067, 51.5758285522, 28.6560401917, 80.7603759766, 115.960586548, 293.790161133, 359.727508545, 539.175109863, 666.831542969, 897.449401855, 1156.7199707, 910.297119141, 870.337158203, 848.752624512, 1422.95275879, 718.385925293, 1099.4498291, 392.968109131, 415.793792725, 338.136657715, 419.768218994, 279.634307861, 478.920227051, 196.63621521, 240.999282837, 48.9866065979, 46.2210540771, 21.8957195282, 21.343290329, 37.3889160156, 73.5027542114, 65.9838180542, 43.6583824158, 15.6210603714, 7.50338745117, 3.37312173843, 0.251677960157, 0.00448342366144, 0.000266207556706],
        "mean": [0.423383742571, 5.30347394943, 11.5992736816, 5.41101980209, 4.35675573349, 13.0182199478, 24.1124324799, 25.156665802, 34.6141853333, 28.6833209991, 46.3019676208, 59.9552688599, 46.7291641235, 49.8312759399, 56.3382530212, 81.0565109253, 55.0101737976, 52.0519371033, 28.7550392151, 19.8333702087, 18.634431839, 23.3036022186, 28.7066364288, 39.8070449829, 28.4524211884, 22.3144493103, 6.65612602234, 4.7054977417, 3.41696429253, 2.35134410858, 2.86792516708, 3.50814247131, 2.68296647072, 1.517177701, 0.653853237629, 0.320677191019, 0.129136011004, 0.00791563559324, 0.000189183614566, 7.20455936971e-05],
        "median": [0.107457697392, 3.7870080471, 8.76369190216, 3.65220022202, 2.43267869949, 6.45193386078, 13.7467784882, 13.5253705978, 20.179441452, 12.9056720734, 19.1883029938, 21.9972343445, 21.329416275, 21.0141487122, 23.1844825745, 28.3946990967, 24.6155643463, 15.4347190857, 10.9172868729, 9.6833114624, 9.15484619141, 9.490026474, 17.3384857178, 25.0363903046, 21.0217418671, 14.673661232, 5.3991060257, 3.47319674492, 2.60959601402, 1.81801688671, 2.08168148994, 2.17362546921, 1.41271662712, 0.629312634468, 0.199023887515, 0.0785937979817, 0.016753507778, 0.00099193060305, 5.74998630327e-05, 7.23030243535e-05],
        "min": [3.1321626011e-05, 0.000242417299887, 0.000935346935876, 0.00588383944705, 0.0480166263878, 0.0792400762439, 0.0736700966954, 0.299555659294, 0.459807157516, 0.319758117199, 0.744658946991, 0.6857188344, 0.900184631348, 0.838844120502, 0.534908413887, 0.550990641117, 0.750699698925, 0.520207941532, 0.52206158638, 0.239696994424, 0.288106590509, 0.289135366678, 0.340970754623, 0.558216571808, 0.625524759293, 0.644255280495, 0.207169190049, 0.0477356053889, 0.0303326696157, 0.0474555790424, 0.0563280172646, 0.0404376164079, 0.0218308959156, 0.00478619057685, 0.000924222869799, 6.23893720331e-05, 1.412376605e-05, 2.78716129287e-06, 3.51633025275e-06, 3.68405790141e-06],
        "var": [0.348420679569, 26.2065238953, 111.648155212, 35.2460327148, 43.8296585083, 275.294525146, 911.933410645, 1343.76916504, 1878.48205566, 2444.64746094, 5628.53076172, 12337.6279297, 7574.9296875, 8558.33691406, 8872.72167969, 23192.3789062, 5783.50439453, 14948.9902344, 2468.00756836, 1105.28613281, 798.545715332, 1755.45983887, 1109.42504883, 2303.04589844, 660.050048828, 522.717102051, 25.8066291809, 20.0068359375, 8.93071746826, 4.39107084274, 11.7059726715, 31.3307933807, 23.9419898987, 11.8672113419, 1.95029950142, 0.449363380671, 0.130788400769, 0.000501435308252, 1.77338165486e-07, 1.09550568617e-09]
    },
    "gfcc": {
        "mean": [39.9720115662, 94.6386947632, -118.216239929, 35.2861633301, -62.4953308105, 18.7676334381, -34.1630554199, 19.7625637054, -28.0011787415, 3.60375237465, -1.41259479523, -1.86019217968, -10.1294612885],
        "cov": [[1083.91113281, -286.57232666, 217.428619385, -104.858192444, 287.671844482, 171.939575195, 85.1820373535, 192.191375732, -115.694717407, 177.412857056, -136.405105591, 87.7813262939, -166.237075806], [-286.57232666, 744.368103027, 77.6471862793, 359.157043457, 123.093360901, 0.179310917854, 187.797729492, -57.1878852844, 171.089431763, -141.328933716, 136.457519531, -122.790771484, 64.2367706299], [217.428619385, 77.6471862793, 798.111328125, 270.455383301, 217.742141724, 205.130096436, 88.3277053833, 118.010856628, 93.5992965698, 96.6050415039, -79.7126464844, 92.0162582397, -68.8222427368], [-104.858192444, 359.157043457, 270.455383301, 438.472045898, 168.550308228, 40.8791618347, 71.3089599609, 44.4281196594, 197.179870605, -47.7075996399, 39.6541290283, -31.7463092804, 68.9614868164], [287.671844482, 123.093360901, 217.742141724, 168.550308228, 393.863647461, 113.797706604, 114.111190796, 105.154388428, 42.6154136658, 65.7876586914, -29.9125270844, 11.3653411865, -50.0662498474], [171.939575195, 0.179310917854, 205.130096436, 40.8791618347, 113.797706604, 310.685211182, 126.059486389, 38.1784667969, 1.744104743, 72.7376098633, 7.25997209549, -4.07785272598, -32.701965332], [85.1820373535, 187.797729492, 88.3277053833, 71.3089599609, 114.111190796, 126.059486389, 266.810119629, 30.8627243042, 14.6570043564, 31.82513237, 44.9217948914, -0.25269523263, -46.8945121765], [192.191375732, -57.1878852844, 118.010856628, 44.4281196594, 105.154388428, 38.1784667969, 30.8627243042, 176.637237549, 58.2173423767, 49.8163833618, 3.71130418777, 25.0198287964, 1.60667824745], [-115.694717407, 171.089431763, 93.5992965698, 197.179870605, 42.6154136658, 1.744104743, 14.6570043564, 58.2173423767, 218.595932007, 17.3482303619, 37.7747840881, -6.72995758057, 73.6594390869], [177.412857056, -141.328933716, 96.6050415039, -47.7075996399, 65.7876586914, 72.7376098633, 31.82513237, 49.8163833618, 17.3482303619, 171.183380127, -15.61257267, 56.0178794861, -32.5128555298], [-136.405105591, 136.457519531, -79.7126464844, 39.6541290283, -29.9125270844, 7.25997209549, 44.9217948914, 3.71130418777, 37.7747840881, -15.61257267, 159.527130127, -18.9238853455, 50.9217224121], [87.7813262939, -122.790771484, 92.0162582397, -31.7463092804, 11.3653411865, -4.07785272598, -0.25269523263, 25.0198287964, -6.72995758057, 56.0178794861, -18.9238853455, 141.758544922, 10.0079126358], [-166.237075806, 64.2367706299, -68.8222427368, 68.9614868164, -50.0662498474, -32.701965332, -46.8945121765, 1.60667824745, 73.6594390869, -32.5128555298, 50.9217224121, 10.0079126358, 142.18006897]],
        "icov": [[0.00222518015653, -0.000575288548134, 0.000625954184216, -0.000319043028867, -0.000481399911223, -0.000932203198317, 0.000611694646068, -0.00262332358398, 0.00171043549199, -0.00135825446341, 0.00146271532867, -0.00117282522842, 0.00152876321226], [-0.000575288548134, 0.00720327114686, -0.00185329793021, -0.000540157139767, -0.00243991008028, 0.00270736846142, -0.00502990046516, 0.00559236900881, -0.00416730623692, 0.00470216013491, -0.00407344102859, 0.00450688740239, -0.00214491225779], [0.000625954184216, -0.00185329793021, 0.00394473411143, -0.00306203006767, 0.00116001605056, -0.00270672515035, 0.00209693796933, -0.00316969212145, 0.00180541956797, -0.00205914676189, 0.00248818914406, -0.00385899492539, 0.00345144676976], [-0.000319043028867, -0.000540157139767, -0.00306203006767, 0.00919902697206, -0.00302530964836, 0.00111770397052, -0.000966387917288, 0.00223716534674, -0.00561977969483, 0.00356931588612, -0.00105829595122, 0.00206737499684, -0.00326404464431], [-0.000481399911223, -0.00243991008028, 0.00116001605056, -0.00302530964836, 0.00609199143946, -0.0014509629691, 0.000957955315243, -0.00365465530194, 0.00277481880039, -0.00303038978018, 0.00227500451729, -0.00163090776186, 0.00190656352788], [-0.000932203198317, 0.00270736846142, -0.00270672515035, 0.00111770397052, -0.0014509629691, 0.00688878074288, -0.00417379429564, 0.00328350812197, -0.00121559179388, 0.000347344466718, -0.00234660599381, 0.00437937257811, -0.0032642702572], [0.000611694646068, -0.00502990046516, 0.00209693796933, -0.000966387917288, 0.000957955315243, -0.00417379429564, 0.00966650154442, -0.00427861185744, 0.00289792078547, -0.00317563675344, 0.000750992738176, -0.00459175230935, 0.0049121119082], [-0.00262332358398, 0.00559236900881, -0.00316969212145, 0.00223716534674, -0.00365465530194, 0.00328350812197, -0.00427861185744, 0.014839139767, -0.00739260343835, 0.00435416027904, -0.00519750127569, 0.00430050259456, -0.00393942650408], [0.00171043549199, -0.00416730623692, 0.00180541956797, -0.00561977969483, 0.00277481880039, -0.00121559179388, 0.00289792078547, -0.00739260343835, 0.014638254419, -0.0075217760168, 0.00318117183633, -0.00187778123654, -0.00109169993084], [-0.00135825446341, 0.00470216013491, -0.00205914676189, 0.00356931588612, -0.00303038978018, 0.000347344466718, -0.00317563675344, 0.00435416027904, -0.0075217760168, 0.0139772640541, -0.00368256447837, 0.000165549470694, -0.000123962468933], [0.00146271532867, -0.00407344102859, 0.00248818914406, -0.00105829595122, 0.00227500451729, -0.00234660599381, 0.000750992738176, -0.00519750127569, 0.00318117183633, -0.00368256447837, 0.0117808505893, -0.00238877860829, -0.000705242506228], [-0.00117282522842, 0.00450688740239, -0.00385899492539, 0.00206737499684, -0.00163090776186, 0.00437937257811, -0.00459175230935, 0.00430050259456, -0.00187778123654, 0.000165549470694, -0.00238877860829, 0.0141297727823, -0.00653661042452], [0.00152876321226, -0.00214491225779, 0.00345144676976, -0.00326404464431, 0.00190656352788, -0.0032642702572, 0.0049121119082, -0.00393942650408, -0.00109169993084, -0.000123962468933, -0.000705242506228, -0.00653661042452, 0.015878804028]]
    },
    "melbands": {
        "dmean": [0.00171851238701, 0.00190333614592, 0.000301072432194, 0.000313911907142, 0.000432741449913, 0.000301388005028, 0.000316760240821, 0.000184865217307, 0.000246076000622, 0.000218237764784, 0.000131537075504, 9.48248343775e-05, 0.000105679355329, 9.4263246865e-05, 9.10616581677e-05, 5.40338405699e-05, 5.14848215971e-05, 2.79314772342e-05, 2.40269855567e-05, 1.43525203384e-05, 1.20348977362e-05, 1.23418822113e-05, 1.17798281281e-05, 1.37734559758e-05, 1.6870251784e-05, 8.16942065285e-06, 1.02455369415e-05, 5.61970909985e-06, 2.42778469328e-06, 1.71582257735e-06, 1.50623736772e-06, 1.07342418687e-06, 8.25831477869e-07, 6.94365382969e-07, 8.03122247817e-07, 1.21990478874e-06, 1.3385715647e-06, 1.26138115775e-06, 1.0614879784e-06, 8.77462014159e-07],
        "dmean2": [0.00275207031518, 0.00315022119321, 0.000480872025946, 0.000503579969518, 0.00067593442509, 0.000480731541757, 0.000540902663488, 0.000299761508359, 0.000380186422262, 0.000334626092808, 0.000202655268367, 0.000144164892845, 0.000152702370542, 0.00013452352141, 0.000139479961945, 8.65061956574e-05, 7.5784882938e-05, 4.20135947934e-05, 3.79676494049e-05, 2.22844519158e-05, 1.94934182218e-05, 1.86343495443e-05, 1.81115865416e-05, 2.16174321395e-05, 2.65873277385e-05, 1.24371936181e-05, 1.62803171406e-05, 8.69087944011e-06, 3.91092862628e-06, 2.77420599559e-06, 2.46902391154e-06, 1.77543029167e-06, 1.35223649522e-06, 1.15445573101e-06, 1.30070532123e-06, 1.94498034034e-06, 2.08994993045e-06, 1.97768326871e-06, 1.62736557741e-06, 1.42365513511e-06],
        "dvar": [1.04913924588e-05, 1.13971973406e-05, 2.17229413124e-07, 2.38457090518e-07, 3.89094651609e-07, 2.32397979971e-07, 3.33506619654e-07, 2.03481363314e-07, 2.90050422791e-07, 3.08807983629e-07, 7.71166099867e-08, 3.58477372231e-08, 4.8143089515e-08, 3.68097623493e-08, 3.53421540922e-08, 1.30844979296e-08, 1.68705742709e-08, 3.47044659676e-09, 5.11490050314e-09, 7.36881555774e-10, 8.08178690637e-10, 7.68752783653e-10, 4.43169723141e-10, 3.63098606737e-10, 7.95860932712e-10, 1.29653204839e-10, 1.68625821639e-10, 7.81559400531e-11, 1.05376592868e-11, 6.3774463141e-12, 5.9462886004e-12, 1.94076352211e-12, 1.27162321471e-12, 8.57803086375e-13, 2.03281293708e-12, 5.90022692162e-12, 7.6814310121e-12, 8.41691560199e-12, 5.94280050517e-12, 5.99306628629e-12],
        "dvar2": [2.52672452916e-05, 2.81721222564e-05, 4.63403665663e-07, 6.10144013535e-07, 8.59432020661e-07, 5.47052763977e-07, 9.17686293178e-07, 4.92382355333e-07, 6.59235013245e-07, 7.76640490585e-07, 1.71224314727e-07, 8.05206283871e-08, 9.08149360157e-08, 6.79765363998e-08, 7.59392975169e-08, 3.2415584883e-08, 2.94077242557e-08, 6.34268237931e-09, 1.23615970793e-08, 1.66220426312e-09, 2.16261564212e-09, 1.60200341881e-09, 9.75976743867e-10, 8.13211664674e-10, 1.6929688762e-09, 2.93968210885e-10, 4.48035386569e-10, 1.76447509381e-10, 2.67547182325e-11, 1.50434786156e-11, 1.44223443951e-11, 5.16377522339e-12, 3.2911939233e-12, 2.04029479943e-12, 4.66713083111e-12, 1.302311297e-11, 1.61862103581e-11, 1.85627156007e-11, 1.26697437264e-11, 1.3230800136e-11],
        "max": [0.0271395239979, 0.0253454074264, 0.00484137004241, 0.00644591357559, 0.00826779194176, 0.00696107000113, 0.00776631757617, 0.00886291917413, 0.00694007938728, 0.00735520804301, 0.00472735567018, 0.00342384190299, 0.00348289124668, 0.00419512670487, 0.00333423726261, 0.00156899390277, 0.00252634542994, 0.00106117688119, 0.00131264165975, 0.00037416012492, 0.000519565364812, 0.000564621936064, 0.000456736073829, 0.000225785624934, 0.000450842897408, 0.000200757043785, 0.000181304145372, 0.000161047413712, 5.20834910276e-05, 3.25422151946e-05, 3.38540012308e-05, 1.40958663906e-05, 1.35589416459e-05, 1.25862306959e-05, 2.12804770854e-05, 3.02925200231e-05, 5.33674610779e-05, 5.46358642168e-05, 4.57202040707e-05, 4.16487528128e-05],
        "mean": [0.00497428560629, 0.00667349807918, 0.000953123555519, 0.000576105026994, 0.000834878184833, 0.000581175205298, 0.000498963519931, 0.000304507149849, 0.00042284236406, 0.000368495704606, 0.000224018265726, 0.000190598206245, 0.00018950458616, 0.000175909633981, 0.000206507407711, 9.24354753806e-05, 0.00010444115469, 5.28004165972e-05, 3.55037009285e-05, 2.25223193411e-05, 2.15086329263e-05, 2.59194384853e-05, 2.30279019888e-05, 2.69397551165e-05, 3.41104969266e-05, 1.75647201104e-05, 2.31807880482e-05, 1.25816723084e-05, 4.5024839892e-06, 2.96521420751e-06, 2.4620314889e-06, 1.9903404791e-06, 1.47262483097e-06, 1.23285042264e-06, 1.4651886886e-06, 2.15169870899e-06, 2.13149928641e-06, 1.92995048565e-06, 1.61967329859e-06, 1.17593299365e-06],
        "median": [0.00227035745047, 0.00756486970931, 0.000630907656159, 0.000310587347485, 0.00049599527847, 0.000343110354152, 0.000288959679892, 0.000116094655823, 0.000141533717397, 0.000126597835333, 8.97172649275e-05, 7.35140129109e-05, 6.92393732606e-05, 6.76235213177e-05, 6.58226563246e-05, 2.98541981465e-05, 2.43967733695e-05, 1.71848860191e-05, 1.06277584564e-05, 1.08802760224e-05, 9.79864125839e-06, 9.25375024963e-06, 9.73834630713e-06, 1.85117005458e-05, 1.8966391508e-05, 1.19426085803e-05, 1.57990489242e-05, 7.17552393326e-06, 3.4356667129e-06, 1.98886618819e-06, 1.7024058252e-06, 1.3893176174e-06, 1.05859282939e-06, 9.19678313949e-07, 1.03197100998e-06, 1.45427145526e-06, 1.20819333915e-06, 9.81365587904e-07, 7.85663530678e-07, 4.0311937255e-07],
        "min": [2.58229079009e-07, 2.74349332585e-07, 9.04941657609e-07, 3.97750227421e-06, 1.71406634308e-06, 5.53265954295e-06, 1.83968506917e-06, 1.44529929003e-06, 3.86683268516e-06, 2.68957205662e-06, 1.02830006199e-06, 1.62240155532e-06, 1.21782977658e-06, 9.0351761628e-07, 8.69020084338e-07, 6.64044591758e-07, 7.27935912437e-07, 6.53242977933e-07, 3.76173545646e-07, 2.84065635014e-07, 3.30634236434e-07, 2.82028452148e-07, 3.18855029491e-07, 3.34280713332e-07, 3.59489177981e-07, 2.11558003116e-07, 4.36283158933e-07, 7.28068414446e-08, 8.47776888691e-08, 4.15563974343e-08, 3.6657901159e-09, 2.65741051386e-09, 1.48330450145e-08, 3.22411874976e-09, 1.14479359326e-08, 5.4044040354e-09, 2.01726617632e-08, 8.7799989501e-09, 2.41254949351e-09, 8.30013488495e-12],
