{
"highlevel": {
    "danceability": {
        "all": {
            "danceable": 0.0650361403823,
            "not_danceable": 0.934963881969
        },
        "probability": 0.934963881969,
        "value": "not_danceable"
    },
    "gender": {
        "all": {
            "female": 0.210263639688,
            "male": 0.789736330509
        },
        "probability": 0.789736330509,
        "value": "male"
    },
    "genre_dortmund": {
        "all": {
            "alternative": 0.0687178000808,
            "blues": 0.0391901060939,
            "electronic": 0.038229200989,
            "folkcountry": 0.567298948765,
            "funksoulrnb": 0.0055955061689,
            "jazz": 0.022158017382,
            "pop": 0.0727548748255,
            "raphiphop": 0.000918505189475,
            "rock": 0.185137018561
        },
        "probability": 0.567298948765,
        "value": "folkcountry"
    },
    "genre_electronic": {
        "all": {
            "ambient": 0.735242009163,
            "dnb": 0.0753073915839,
            "house": 0.0787379816175,
            "techno": 0.00684092240408,
            "trance": 0.103871688247
        },
        "probability": 0.735242009163,
        "value": "ambient"
    },
    "genre_rosamerica": {
        "all": {
            "cla": 0.055316567421,
            "dan": 0.0149172963575,
            "hip": 0.00683856150135,
            "jaz": 0.0154959512874,
            "pop": 0.191273227334,
            "rhy": 0.0274912249297,
            "roc": 0.68449395895,
            "spe": 0.00417319964617
        },
        "probability": 0.68449395895,
        "value": "roc"
    },
    "genre_tzanetakis": {
        "all": {
            "blu": 0.0620671063662,
            "cla": 0.034474901855,
            "cou": 0.103433981538,
            "dis": 0.0620971247554,
            "hip": 0.15527240932,
            "jaz": 0.310666948557,
            "met": 0.044346679002,
            "pop": 0.0620793737471,
            "reg": 0.0620816536248,
            "roc": 0.103479810059
        },
        "probability": 0.310666948557,
        "value": "jaz"
    },
    "ismir04_rhythm": {
        "all": {
            "ChaChaCha": 0.108691103756,
            "Jive": 0.39539963007,
            "Quickstep": 0.0124666504562,
            "Rumba-American": 0.0117953326553,
            "Rumba-International": 0.0381947718561,
            "Rumba-Misc": 0.0073934965767,
            "Samba": 0.0354736447334,
            "Tango": 0.060114197433,
            "VienneseWaltz": 0.299323141575,
            "Waltz": 0.0311480276287
        },
        "probability": 0.39539963007,
        "value": "Jive"
    },
    "mood_acoustic": {
        "all": {
            "acoustic": 0.0846146196127,
            "not_acoustic": 0.915385365486
        },
        "probability": 0.915385365486,
        "value": "not_acoustic"
    },
    "mood_aggressive": {
        "all": {
            "aggressive": 0.0919635295868,
            "not_aggressive": 0.908036470413
        },
        "probability": 0.908036470413,
        "value": "not_aggressive"
    },
    "mood_electronic": {
        "all": {
            "electronic": 0.144082829356,
            "not_electronic": 0.855917155743
        },
        "probability": 0.855917155743,
        "value": "not_electronic"
    },
    "mood_happy": {
        "all": {
            "happy": 0.954276323318,
            "not_happy": 0.045723695308
        },
        "probability": 0.954276323318,
        "value": "happy"
    },
    "mood_party": {
        "all": {
            "not_party": 0.33424910903,
            "party": 0.665750861168
        },
        "probability": 0.665750861168,
        "value": "party"
    },
    "mood_relaxed": {
        "all": {
            "not_relaxed": 0.967455744743,
            "relaxed": 0.0325442664325
        },
        "probability": 0.967455744743,
        "value": "not_relaxed"
    },
    "mood_sad": {
        "all": {
            "not_sad": 0.680984258652,
            "sad": 0.319015741348
        },
        "probability": 0.680984258652,
        "value": "not_sad"
    },
    "moods_mirex": {
        "all": {
            "Cluster1": 0.149601906538,
            "Cluster2": 0.163423284888,
            "Cluster3": 0.339487969875,
            "Cluster4": 0.298783421516,
            "Cluster5": 0.0487034134567
        },
        "probability": 0.339487969875,
        "value": "Cluster3"
    },
    "timbre": {
        "all": {
            "bright": 0.999999880791,
            "dark": 1.01412830134e-07
        },
        "probability": 0.999999880791,
        "value": "bright"
    },
    "tonal_atonal": {
        "all": {
            "atonal": 2.60510914813e-05,
            "tonal": 0.99997395277
        },
        "probability": 0.99997395277,
        "value": "tonal"
    },
    "voice_instrumental": {
        "all": {
            "instrumental": 0.531371355057,
            "voice": 0.468628644943
        },
        "probability": 0.531371355057,
        "value": "instrumental"
    }
},
"lowlevel": {
    "average_loudness": 0.947952032089,
    "barkbands_crest": {
        "dmean": 2.41425871849,
        "dmean2": 3.89111280441,
        "dvar": 6.10618114471,
        "dvar2": 16.0594234467,
        "max": 23.5711154938,
        "mean": 7.80949783325,
        "median": 6.80508375168,
        "min": 2.63719511032,
        "var": 12.4161958694
    },
    "barkbands_flatness_db": {
        "dmean": 0.0175217837095,
        "dmean2": 0.0272886957973,
        "dvar": 0.000267945724772,
        "dvar2": 0.000664342544042,
        "max": 0.266561865807,
        "mean": 0.120158925653,
        "median": 0.116825982928,
        "min": 0.0470833331347,
        "var": 0.000858351704665
    },
    "barkbands_kurtosis": {
        "dmean": 1.24877715111,
        "dmean2": 2.05295014381,
        "dvar": 4.02387332916,
        "dvar2": 10.5767908096,
        "max": 27.2103023529,
        "mean": 0.717356264591,
        "median": 0.0324175357819,
        "min": -1.59180891514,
        "var": 5.39845275879
    },
    "barkbands_skewness": {
        "dmean": 0.424938440323,
        "dmean2": 0.665938436985,
        "dvar": 0.201494291425,
        "dvar2": 0.475517094135,
        "max": 5.03040266037,
        "mean": 0.796916723251,
        "median": 0.744254589081,
        "min": -2.34071660042,
        "var": 0.595686197281
    },
    "barkbands_spread": {
        "dmean": 4.81331014633,
        "dmean2": 7.38218307495,
        "dvar": 21.638376236,
        "dvar2": 51.3744316101,
        "max": 61.8605384827,
        "mean": 25.0424461365,
        "median": 25.1077766418,
        "min": 2.39639830589,
        "var": 78.94165802
    },
    "dissonance": {
        "dmean": 0.0157175119966,
        "dmean2": 0.0265077613294,
        "dvar": 0.000264898670139,
        "dvar2": 0.000741771189496,
        "max": 0.499799966812,
        "mean": 0.468269467354,
        "median": 0.473191440105,
        "min": 0.341875255108,
        "var": 0.000473875959869
    },
    "dynamic_complexity": 1.68511664867,
    "erbbands_crest": {
        "dmean": 2.70763754845,
        "dmean2": 4.26995658875,
        "dvar": 7.01591539383,
        "dvar2": 16.1448345184,
        "max": 30.3004570007,
        "mean": 9.29755115509,
        "median": 8.07527542114,
        "min": 2.60852026939,
        "var": 22.9008865356
    },
    "erbbands_flatness_db": {
        "dmean": 0.0216960273683,
        "dmean2": 0.0292116757482,
        "dvar": 0.000508767610881,
        "dvar2": 0.000902425323147,
        "max": 0.37183791399,
        "mean": 0.161785036325,
        "median": 0.161236196756,
        "min": 0.0613311640918,
        "var": 0.00199609482661
    },
    "erbbands_kurtosis": {
        "dmean": 0.867098391056,
        "dmean2": 1.34505093098,
        "dvar": 2.49020123482,
        "dvar2": 5.52677965164,
        "max": 25.0744190216,
        "mean": 0.501998305321,
        "median": -0.186507940292,
        "min": -1.49523174763,
        "var": 5.55608463287
    },
    "erbbands_skewness": {
        "dmean": 0.319626271725,
        "dmean2": 0.484602451324,
        "dvar": 0.0953201949596,
        "dvar2": 0.204910412431,
        "max": 2.83344697952,
        "mean": 0.0507843196392,
        "median": 0.0276539530605,
        "min": -4.45034217834,
        "var": 0.453394144773
    },
    "erbbands_spread": {
        "dmean": 6.5609254837,
        "dmean2": 9.92300987244,
        "dvar": 52.4379043579,
        "dvar2": 117.527061462,
        "max": 104.174850464,
        "mean": 31.6464080811,
        "median": 30.2030181885,
        "min": 3.35425710678,
        "var": 199.332366943
    },
    "hfc": {
        "dmean": 6.81227636337,
        "dmean2": 9.60248565674,
        "dvar": 78.8930282593,
        "dvar2": 158.552841187,
        "max": 156.886825562,
        "mean": 26.0288219452,
        "median": 22.4824142456,
        "min": 1.35281693935,
        "var": 257.282989502
    },
    "melbands_crest": {
        "dmean": 3.23897576332,
        "dmean2": 5.17419624329,
        "dvar": 10.1043100357,
        "dvar2": 25.1503562927,
        "max": 29.6762161255,
        "mean": 11.5263175964,
        "median": 10.1783618927,
        "min": 3.45874524117,
        "var": 24.7430896759
    },
    "melbands_flatness_db": {
        "dmean": 0.0202582739294,
        "dmean2": 0.0324709936976,
        "dvar": 0.000441430107458,
        "dvar2": 0.0011266922811,
        "max": 0.289775341749,
        "mean": 0.152203992009,
        "median": 0.149060890079,
        "min": 0.0601586923003,
        "var": 0.00129356246907
    },
    "melbands_kurtosis": {
        "dmean": 3.35645627975,
        "dmean2": 5.58981609344,
        "dvar": 46.7459030151,
        "dvar2": 124.435806274,
        "max": 126.914916992,
        "mean": 4.32894277573,
        "median": 2.27675533295,
        "min": -1.76962149143,
        "var": 52.3651809692
    },
    "melbands_skewness": {
        "dmean": 0.573544502258,
        "dmean2": 0.899274051189,
        "dvar": 0.487693101168,
        "dvar2": 1.16167902946,
        "max": 9.59127902985,
        "mean": 1.5785984993,
        "median": 1.41726338863,
        "min": -1.42071962357,
        "var": 1.21524786949
    },
    "melbands_spread": {
        "dmean": 6.93018054962,
        "dmean2": 10.9607057571,
        "dvar": 42.4520378113,
        "dvar2": 104.060646057,
        "max": 75.7666015625,
        "mean": 31.38879776,
        "median": 30.5779037476,
        "min": 3.84044647217,
        "var": 160.484558105
    },
    "pitch_salience": {
        "dmean": 0.0640462189913,
        "dmean2": 0.105366937816,
        "dvar": 0.00339065236039,
        "dvar2": 0.00949259195477,
        "max": 0.818079531193,
        "mean": 0.556842625141,
        "median": 0.55943530798,
        "min": 0.223893344402,
        "var": 0.00890240166336
    },
    "silence_rate_20dB": {
        "dmean": 0,
        "dmean2": 0,
        "dvar": 0,
        "dvar2": 0,
        "max": 1,
        "mean": 1,
        "median": 1,
        "min": 1,
        "var": 0
    },
    "silence_rate_30dB": {
        "dmean": 0.00154798757285,
        "dmean2": 0.00309837330133,
        "dvar": 0.00154558278155,
        "dvar2": 0.00463791564107,
        "max": 1,
        "mean": 0.999226629734,
        "median": 1,
        "min": 0,
        "var": 0.000772795581724
    },
    "silence_rate_60dB": {
        "dmean": 0.00154798757285,
        "dmean2": 0.00309837330133,
        "dvar": 0.00154558580834,
        "dvar2": 0.00463793147355,
        "max": 1,
        "mean": 0.00077339517884,
        "median": 0,
        "min": 0,
        "var": 0.000772796163801
    },
    "spectral_centroid": {
        "dmean": 216.806793213,
        "dmean2": 345.485168457,
        "dvar": 38459.0390625,
        "dvar2": 96947.9609375,
        "max": 3472.17504883,
        "mean": 1606.4831543,
        "median": 1582.85705566,
        "min": 554.523498535,
        "var": 183316.140625
    },
    "spectral_complexity": {
        "dmean": 3.34055733681,
        "dmean2": 5.04725027084,
        "dvar": 9.85769367218,
        "dvar2": 19.3541183472,
        "max": 53,
        "mean": 23.7378196716,
        "median": 23,
        "min": 7,
        "var": 54.1810760498
    },
    "spectral_decrease": {
        "dmean": 2.09439954268e-09,
        "dmean2": 3.33740324265e-09,
        "dvar": 9.93350196113e-18,
        "dvar2": 2.47003046138e-17,
        "max": -5.86263537716e-10,
        "mean": -6.18720585877e-09,
        "median": -5.08357267393e-09,
        "min": -2.68083741872e-08,
        "var": 1.73892968939e-17
    },
    "spectral_energy": {
        "dmean": 0.00837846286595,
        "dmean2": 0.0132178626955,
        "dvar": 0.000151214931975,
        "dvar2": 0.000370849098545,
        "max": 0.108905993402,
        "mean": 0.0257128495723,
        "median": 0.0214812252671,
        "min": 0.00233539775945,
        "var": 0.000281939661363
    },
    "spectral_energyband_high": {
        "dmean": 0.000352902367013,
        "dmean2": 0.000486172939418,
        "dvar": 3.191045721e-07,
        "dvar2": 5.93591948927e-07,
        "max": 0.00634876592085,
        "mean": 0.000776192813646,
        "median": 0.00046117749298,
        "min": 7.89603654994e-06,
        "var": 7.78612843533e-07
    },
    "spectral_energyband_low": {
        "dmean": 0.00440014572814,
        "dmean2": 0.0073804766871,
        "dvar": 0.000101849873317,
        "dvar2": 0.000269720883807,
        "max": 0.0713365226984,
        "mean": 0.00562646472827,
        "median": 0.0023917730432,
        "min": 6.87208103045e-06,
        "var": 8.94193144632e-05
    },
    "spectral_energyband_middle_high": {
        "dmean": 0.00271696504205,
        "dmean2": 0.00390018592589,
        "dvar": 1.55434772751e-05,
        "dvar2": 2.50220182352e-05,
        "max": 0.0780682340264,
        "mean": 0.00942269712687,
        "median": 0.00754438014701,
        "min": 0.000549567863345,
        "var": 6.42392260488e-05
    },
    "spectral_energyband_middle_low": {
        "dmean": 0.00458135642111,
        "dmean2": 0.00722904270515,
        "dvar": 5.40714936506e-05,
        "dvar2": 0.000135829584906,
        "max": 0.0917151272297,
        "mean": 0.0119235813618,
        "median": 0.00883529148996,
        "min": 0.00083814910613,
        "var": 0.000103382830275
    },
    "spectral_entropy": {
        "dmean": 0.152513578534,
        "dmean2": 0.216085284948,
        "dvar": 0.0228021647781,
        "dvar2": 0.0453026592731,
        "max": 8.27975273132,
        "mean": 7.52042102814,
        "median": 7.53778648376,
        "min": 6.30789470673,
        "var": 0.0920699313283
    },
    "spectral_flux": {
        "dmean": 0.0250457581133,
        "dmean2": 0.0395671874285,
        "dvar": 0.0010143899126,
        "dvar2": 0.00219811871648,
        "max": 0.273224711418,
        "mean": 0.0834745168686,
        "median": 0.0724032893777,
        "min": 0.0223201792687,
        "var": 0.00179686478805
    },
    "spectral_kurtosis": {
        "dmean": 1.45154380798,
        "dmean2": 2.4580616951,
        "dvar": 2.36171603203,
        "dvar2": 6.52478790283,
        "max": 28.8451423645,
        "mean": 5.03610658646,
        "median": 4.69724798203,
        "min": 0.82640004158,
        "var": 4.71999311447
    },
    "spectral_rms": {
        "dmean": 0.000749561411794,
        "dmean2": 0.00115307746455,
        "dvar": 8.53264907619e-07,
        "dvar2": 1.95881443688e-06,
        "max": 0.010307751596,
        "mean": 0.00477836839855,
        "median": 0.00457791378722,
        "min": 0.00150944921188,
        "var": 2.25289591071e-06
    },
    "spectral_rolloff": {
        "dmean": 436.180389404,
        "dmean2": 741.087036133,
        "dvar": 321174.5625,
        "dvar2": 827383.4375,
        "max": 10120.6054688,
        "mean": 1900.16918945,
        "median": 1959.52148438,
        "min": 150.732421875,
        "var": 619844.0625
    },
    "spectral_skewness": {
        "dmean": 0.201582491398,
        "dmean2": 0.328923225403,
        "dvar": 0.0296020004898,
        "dvar2": 0.0748632028699,
        "max": 3.20907497406,
        "mean": 1.59406518936,
        "median": 1.54467010498,
        "min": 0.806014835835,
        "var": 0.110171608627
    },
    "spectral_spread": {
        "dmean": 600139.75,
        "dmean2": 848021.8125,
        "dvar": 461946060800,
        "dvar2": 905422503936,
        "max": 8623626,
        "mean": 4083154.75,
        "median": 3820489.25,
        "min": 1744231,
        "var": 1.37975942349e+12
    },
    "spectral_strongpeak": {
        "dmean": 0.886271297932,
        "dmean2": 1.47704327106,
        "dvar": 1.4602855444,
        "dvar2": 3.30978751183,
        "max": 14.4451808929,
        "mean": 1.57448422909,
        "median": 0.963376820087,
        "min": 0.0462240502238,
        "var": 3.06918931007
    },
    "zerocrossingrate": {
        "dmean": 0.00958799943328,
        "dmean2": 0.0113159464672,
        "dvar": 9.57806478254e-05,
        "dvar2": 0.000122039913549,
        "max": 0.20361328125,
        "mean": 0.0745537132025,
        "median": 0.0712890625,
        "min": 0.0244140625,
        "var": 0.000512987375259
    },
    "barkbands": {
        "dmean": [5.28551063326e-05, 0.00231842906214, 0.00147521856707, 0.00237540900707, 0.00140666903462, 0.000783806259278, 0.000846273556817, 0.000701765180565, 0.000430080137448, 0.000883499742486, 0.00105760898441, 0.000474774336908, 0.000355465512257, 0.000703712867107, 0.000707169470843, 0.000356431934051, 0.000432823551819, 0.00029450978036, 0.000292789074592, 0.000158249240485, 9.08364818315e-05, 6.94237533025e-05, 5.02543116454e-05, 4.26596488978e-05, 4.36376976722e-05, 0.000109271481051, 2.25708052248e-09],
        "dmean2": [8.17009204184e-05, 0.00407147035003, 0.00263782846741, 0.00399303296581, 0.00241147750057, 0.00117860618047, 0.00123323407024, 0.00103004067205, 0.000655619194731, 0.00126091472339, 0.00145080988295, 0.000722183147445, 0.0005227100919, 0.00111589021981, 0.00113274715841, 0.000585918605793, 0.000693956913892, 0.000488933059387, 0.000484053744003, 0.000268505158601, 0.000143791432492, 0.000107184270746, 7.3825722211e-05, 6.41926380922e-05, 6.5043423092e-05, 0.000154031644342, 3.04224911929e-09],
        "dvar": [1.41683127453e-08, 4.93081097375e-05, 1.32876248244e-05, 3.24881184497e-05, 6.1517098402e-06, 2.0574032078e-06, 1.59154012636e-06, 1.97318354367e-06, 1.34215429171e-06, 2.25866870096e-06, 9.21184891922e-06, 1.0683952496e-06, 4.39487223503e-07, 1.84670705039e-06, 1.76292155629e-06, 3.35520297767e-07, 8.11897848507e-07, 1.64690149518e-07, 1.29409124838e-06, 5.41819176192e-08, 1.69099880765e-08, 1.34955255859e-08, 9.82888170853e-09, 5.72004621446e-09, 7.04606106794e-09, 4.91846385842e-08, 1.31276575473e-15],
        "dvar2": [3.1890397878e-08, 0.000133700625156, 3.80306773877e-05, 8.62347951625e-05, 1.73872631422e-05, 4.92797380502e-06, 3.6611993437e-06, 4.52013182439e-06, 2.92342110697e-06, 3.74843125428e-06, 1.35798500196e-05, 1.92494053408e-06, 8.09601772289e-07, 3.91862295146e-06, 3.68770270143e-06, 8.38850212403e-07, 2.10123221223e-06, 4.38468106267e-07, 3.25752353092e-06, 1.45609405422e-07, 4.0958390457e-08, 2.92833455262e-08, 1.98268921281e-08, 1.24160326465e-08, 1.51859289588e-08, 9.85888775062e-08, 1.31377266515e-15],
        "max": [0.00117147015408, 0.0534484162927, 0.0280568525195, 0.0746826082468, 0.0311289168894, 0.0336040258408, 0.0195084139705, 0.0280717089772, 0.0291178431362, 0.0328056290746, 0.056293644011, 0.0216978359967, 0.0125153316185, 0.0333080366254, 0.0303349159658, 0.00881902407855, 0.0226806104183, 0.00794011820108, 0.0337277166545, 0.00320163927972, 0.00188764731865, 0.00159945944324, 0.00167685141787, 0.00121138803661, 0.000995116075501, 0.00259234663099, 1.18825641948e-06],
        "mean": [6.72106980346e-05, 0.00216208468191, 0.00186305795796, 0.00313762389123, 0.00235442142002, 0.00155456992798, 0.00179151108023, 0.00138016755227, 0.000789713812992, 0.00165195029695, 0.00183730223216, 0.000805547344498, 0.000639260106254, 0.00109328550752, 0.00117182917893, 0.000629341870081, 0.000753408414312, 0.000553775054868, 0.000524185539689, 0.000275841710391, 0.000182855146704, 0.000137104827445, 8.9390334324e-05, 7.80821574153e-05, 6.32564479019e-05, 0.00012607993267, 2.11675987849e-09],
        "median": [1.85680055438e-05, 0.000542263151146, 0.000797950546257, 0.00096354901325, 0.00137692654971, 0.000902123749256, 0.000977710355073, 0.000540814420674, 0.000266753340838, 0.000831996672787, 0.000520661531482, 0.000356602336979, 0.000298772123642, 0.000522475573234, 0.000613883137703, 0.000340350641636, 0.000463172560558, 0.000371142406948, 0.000290532800136, 0.000192193663679, 0.00012882448209, 8.32685691421e-05, 4.18746749347e-05, 3.82536818506e-05, 2.0965546355e-05, 1.62116521096e-05, 3.44081985126e-10],
        "min": [1.14935794215e-08, 1.42238832268e-06, 7.73634383222e-07, 2.59139756054e-06, 2.75980928564e-05, 1.56730675371e-05, 2.46603340202e-05, 8.870712918e-06, 1.11824083433e-05, 1.5517054635e-05, 4.28040493716e-06, 6.31566035736e-06, 9.05520482775e-06, 1.74406995939e-05, 1.06315028461e-05, 6.88573800289e-06, 1.6269959815e-05, 1.06184434117e-05, 3.76796879209e-06, 3.58215675078e-06, 1.75079492237e-06, 9.96554149424e-07, 4.94839753173e-07, 3.59395471605e-07, 1.18836418039e-07, 4.52200846213e-11, 2.70201933744e-11],
        "var": [1.74830887545e-08, 3.43378633261e-05, 1.03253887573e-05, 3.50741538568e-05, 8.16397550807e-06, 5.99486975261e-06, 4.65957555207e-06, 5.29776525582e-06, 2.80476683656e-06, 7.17630064173e-06, 2.26532538363e-05, 2.43095496444e-06, 1.29133775317e-06, 3.65487289855e-06, 3.99055124944e-06, 7.30232102342e-07, 1.31237413825e-06, 3.44335546743e-07, 1.80816925877e-06, 8.25924999504e-08, 3.350286093e-08, 2.89169257428e-08, 2.21051230653e-08, 1.32166197986e-08, 1.13824212278e-08, 7.42136165854e-08, 1.31377181811e-15]
    },
    "erbbands": {
        "dmean": [0.0493190959096, 0.58968859911, 1.58362460136, 4.98170232773, 6.70607423782, 4.10353422165, 4.75656652451, 7.20872592926, 10.1598005295, 15.7327775955, 13.6064033508, 11.3817901611, 25.0348892212, 23.8241004944, 42.1071128845, 22.167175293, 17.3402309418, 35.9708099365, 27.5457344055, 35.8670310974, 19.4689235687, 18.1173801422, 15.222486496, 16.8848342896, 11.9895792007, 8.64754581451, 4.07291555405, 3.22738742828, 2.38603973389, 2.02338242531, 1.42405772209, 0.978086233139, 0.738402426243, 0.513675153255, 0.32539114356, 0.395257592201, 0.243831455708, 0.0204769168049, 0.000359905214282, 2.31711528613e-05],
        "dmean2": [0.0808335319161, 1.05799078941, 2.78961515427, 8.41502952576, 11.5015354156, 6.94102144241, 7.60659885406, 10.5946083069, 15.272564888, 22.8416728973, 18.7189998627, 16.8031864166, 35.0665664673, 35.0239372253, 57.5591049194, 32.6278038025, 25.3516960144, 57.0161895752, 44.8864097595, 57.8706016541, 31.3665943146, 29.1342983246, 25.2011108398, 28.2494773865, 19.5490131378, 14.7456855774, 6.68494987488, 5.06502437592, 3.73436021805, 3.0795853138, 2.09361410141, 1.50928211212, 1.13357031345, 0.763494074345, 0.505338311195, 0.581071376801, 0.351167082787, 0.0306557491422, 0.000528205768205, 3.29156355292e-05],
        "dvar": [0.0178913325071, 3.37953710556, 17.7995910645, 115.727600098, 188.361999512, 61.0687942505, 77.8544464111, 219.447433472, 258.097320557, 905.041625977, 946.630249023, 861.036071777, 2628.87817383, 1929.3984375, 15847.7753906, 2628.46411133, 1079.74645996, 5112.26855469, 1960.95361328, 9641.53222656, 1200.25878906, 921.020874023, 407.038787842, 750.775512695, 4510.89453125, 212.453582764, 34.4878349304, 24.4933013916, 15.4471979141, 15.3719482422, 6.50482463837, 3.82650780678, 1.75451719761, 0.967268884182, 0.403253704309, 0.685664057732, 0.25471958518, 0.00200471957214, 5.91547291151e-07, 1.47303702569e-09],
        "dvar2": [0.0451311059296, 9.38467216492, 49.9064178467, 311.801635742, 507.920654297, 171.095336914, 207.265029907, 459.554321289, 604.821289062, 2061.1784668, 1835.89294434, 1695.75817871, 4157.75048828, 4103.08544922, 22127.8457031, 4499.44335938, 2022.7857666, 10942.9316406, 5026.81347656, 19860.5800781, 2978.49536133, 2437.03344727, 1069.11560059, 2130.58251953, 11057.7880859, 574.359680176, 87.7583236694, 58.6182899475, 32.6003570557, 31.8621921539, 12.794254303, 9.40797424316, 3.84760904312, 2.05739593506, 0.919888794422, 1.41707456112, 0.5130392313, 0.00433435058221, 1.25547694552e-06, 3.05162695113e-09],
        "max": [0.96984398365, 13.4084711075, 37.9755516052, 133.467575073, 182.412658691, 144.052337646, 151.640869141, 410.372009277, 210.235229492, 580.378051758, 778.928588867, 768.269042969, 1252.55871582, 743.895080566, 2814.05444336, 1117.50146484, 631.321105957, 1748.79260254, 522.38079834, 2422.66259766, 690.424682617, 631.409362793, 378.470977783, 489.528869629, 2093.92871094, 205.227493286, 72.8888549805, 68.790184021, 52.3293533325, 53.8236694336, 35.835067749, 39.4443244934, 13.9436988831, 11.3872480392, 6.60178470612, 9.88428115845, 6.07901382446, 0.433259963989, 0.00772544089705, 0.000416677561589],
        "mean": [0.0517527125776, 0.523140132427, 1.93460643291, 6.88813495636, 9.63074588776, 6.83568763733, 8.90498638153, 14.3441457748, 20.9933948517, 33.1970825195, 27.6914100647, 22.7343769073, 47.4493255615, 43.9795303345, 75.481262207, 40.7227516174, 33.3028717041, 59.1821174622, 49.5057678223, 59.3748245239, 39.8527183533, 34.7717285156, 31.280330658, 31.4503269196, 21.0714931488, 14.8110904694, 8.04668331146, 6.5350189209, 4.79178524017, 3.8692138195, 2.52561020851, 1.72780525684, 1.21183037758, 0.755441129208, 0.432415187359, 0.476199746132, 0.273483395576, 0.0217226129025, 0.000405575876357, 4.93181942147e-05],
        "median": [0.0120094567537, 0.125417396426, 0.774189829826, 2.70982956886, 3.54687070847, 4.14201831818, 5.30531740189, 6.54972362518, 12.98396492, 12.9510879517, 11.8636951447, 9.26933193207, 23.3525810242, 21.8813800812, 25.3374137878, 19.0039825439, 17.0388431549, 29.8968582153, 26.093629837, 29.2216053009, 24.6407413483, 22.2340908051, 21.0735931396, 18.7777309418, 11.7164239883, 9.96283245087, 5.69533443451, 4.18947982788, 3.0372107029, 1.98971188068, 1.2881320715, 0.850589096546, 0.547386825085, 0.287534028292, 0.127807125449, 0.0768469646573, 0.029603285715, 0.00205956096761, 5.52734018129e-05, 3.24776992784e-05],
        "min": [3.95466267946e-05, 0.000226241565542, 0.00170746108051, 0.0192949529737, 0.0295915137976, 0.13481760025, 0.162904888391, 0.174159601331, 0.202189832926, 0.126725122333, 0.267267197371, 0.697229623795, 1.24057734013, 0.684390127659, 0.835659086704, 1.22350788116, 0.877301156521, 1.49632024765, 1.30098581314, 0.397063583136, 1.01955580711, 0.916876137257, 0.839188158512, 0.664070785046, 0.31407302618, 0.161919459701, 0.0790882706642, 0.0611938275397, 0.0401387214661, 0.0272772051394, 0.0201382189989, 0.00988259259611, 0.00550846057013, 0.00279949046671, 0.000465410819743, 3.13346026815e-05, 2.4114315238e-06, 4.88137288812e-07, 1.26344912132e-06, 2.69554448096e-06],
        "var": [0.015265956521, 2.19486451149, 13.2035388947, 124.46875, 240.228469849, 74.4133224487, 151.664367676, 726.091430664, 594.00402832, 2862.09570312, 2736.82568359, 1897.30297852, 8174.3984375, 4139.70263672, 39981.5078125, 6423.09765625, 3150.71630859, 10270.171875, 4505.75683594, 19209.1425781, 2736.57666016, 1786.53515625, 1009.01470947, 1380.92126465, 6133.12988281, 294.208374023, 60.5912246704, 49.8144264221, 33.585483551, 34.3402252197, 14.2117996216, 7.50830411911, 3.4042994976, 1.5575568676, 0.587725758553, 1.0100684166, 0.369245320559, 0.0025900171604, 7.97944494479e-07, 2.45234921259e-09]
    },
    "gfcc": {
        "mean": [30.082403183, 81.9181213379, -137.754837036, 24.2905406952, -56.9204559326, 10.3810997009, -43.2497520447, 8.87507915497, -30.0757331848, 2.87930417061, -21.7800502777, 0.61333489418, -15.356672287],
        "cov": [[1530.74060059, -489.346893311, 615.934509277, 81.2314758301, 119.612701416, 87.1493988037, 3.81609034538, 113.743545532, -122.454856873, 63.3011665344, -171.657669067, 112.303710938, -159.648544312], [-489.346893311, 806.842956543, -316.216918945, 149.309555054, 66.0372467041, -8.59141540527, 64.4315872192, -54.1146736145, 124.760566711, -86.0970916748, 159.129852295, -104.381988525, 139.831329346], [615.934509277, -316.216918945, 723.294799805, 45.3804588318, 124.612167358, 66.4447402954, 16.5694694519, 69.0304489136, -71.4867858887, 114.678649902, -129.134536743, 99.8792877197, -136.120300293], [81.2314758301, 149.309555054, 45.3804588318, 361.725341797, 61.4741134644, 47.6592750549, 30.9217662811, 13.6067609787, 24.4189529419, -40.578540802, 27.8568325043, -35.0318717957, 35.5882072449], [119.612701416, 66.0372467041, 124.612167358, 61.4741134644, 221.253479004, 70.0123138428, 33.35572052, 24.1651096344, -0.6609146595, 34.0353355408, 4.81205177307, 30.36967659, -7.08411645889], [87.1493988037, -8.59141540527, 66.4447402954, 47.6592750549, 70.0123138428, 148.520965576, 52.2374343872, 8.30752277374, -2.68748569489, 7.22358751297, 8.64824199677, 6.76328802109, 1.08567321301], [3.81609034538, 64.4315872192, 16.5694694519, 30.9217662811, 33.35572052, 52.2374343872, 118.909034729, 30.9518966675, 14.4621725082, -4.09130048752, 5.28721761703, 4.30287599564, 4.61756134033], [113.743545532, -54.1146736145, 69.0304489136, 13.6067609787, 24.1651096344, 8.30752277374, 30.9518966675, 106.203994751, 11.9964122772, 14.3534097672, -19.6542053223, 13.963675499, -13.4157209396], [-122.454856873, 124.760566711, -71.4867858887, 24.4189529419, -0.6609146595, -2.68748569489, 14.4621725082, 11.9964122772, 88.1852645874, 16.0657501221, 31.653553009, -23.6501617432, 23.1333370209], [63.3011665344, -86.0970916748, 114.678649902, -40.578540802, 34.0353355408, 7.22358751297, -4.09130048752, 14.3534097672, 16.0657501221, 110.983009338, 6.68306779861, 29.5946712494, -41.2767868042], [-171.657669067, 159.129852295, -129.134536743, 27.8568325043, 4.81205177307, 8.64824199677, 5.28721761703, -19.6542053223, 31.653553009, 6.68306779861, 108.511199951, -0.873145163059, 38.7602081299], [112.303710938, -104.381988525, 99.8792877197, -35.0318717957, 30.36967659, 6.76328802109, 4.30287599564, 13.963675499, -23.6501617432, 29.5946712494, -0.873145163059, 97.3621749878, -3.32827425003], [-159.648544312, 139.831329346, -136.120300293, 35.5882072449, -7.08411645889, 1.08567321301, 4.61756134033, -13.4157209396, 23.1333370209, -41.2767868042, 38.7602081299, -3.32827425003, 102.044937134]],
        "icov": [[0.00125055783428, 0.000115792543511, -0.000426732498454, -0.000442207034212, -9.44542698562e-05, -0.000461444375105, 0.000386134750443, -0.000740165181924, 0.000604416825809, 0.000231340294704, 0.000784042291343, -0.000774779240601, 0.000899860460777], [0.000115792543511, 0.0044666165486, -0.0011097578099, 0.000288867478957, -0.00259976391681, 0.00246048322879, -0.00241746963002, 0.00196220004, -0.00380820757709, 0.00366632710211, -0.00544779933989, 0.0041785906069, -0.00280790752731], [-0.000426732498454, -0.0011097578099, 0.00426233699545, -0.00142231595237, 7.20092793927e-05, -0.00138260086533, 0.000587740039919, -0.000718801631592, 0.00199139467441, -0.0038936054334, 0.00492556579411, -0.00361997960135, 0.00291799474508], [-0.000442207034212, 0.000288867478957, -0.00142231595237, 0.0041993688792, -0.000977142248303, 6.86577914166e-05, -0.00042426949949, 7.50934714233e-06, -0.00147423008457, 0.00268279039301, -0.00286903209053, 0.00284340558574, -0.00189595553093], [-9.44542698562e-05, -0.00259976391681, 7.20092793927e-05, -0.000977142248303, 0.00769394217059, -0.00350690400228, 0.00101706117857, -0.00163127889391, 0.00235180463642, -0.00347525486723, 0.00270597613417, -0.00338202551939, 0.00108544016257], [-0.000461444375105, 0.00246048322879, -0.00138260086533, 6.86577914166e-05, -0.00350690400228, 0.0111168595031, -0.00522072520107, 0.00223117088899, -0.00126992538571, 0.00191548548173, -0.00479509262368, 0.00381664466113, -0.00278537580743], [0.000386134750443, -0.00241746963002, 0.000587740039919, -0.00042426949949, 0.00101706117857, -0.00522072520107, 0.0126883918419, -0.00417826091871, 0.000275318569038, -0.000201392889721, 0.0029856893234, -0.00346987950616, 0.00246027717367], [-0.000740165181924, 0.00196220004, -0.000718801631592, 7.50934714233e-06, -0.00163127889391, 0.00223117088899, -0.00417826091871, 0.0131141785532, -0.00497448910028, 0.00137588893995, -0.000679182005115, 0.000686033279635, -0.00106742850039], [0.000604416825809, -0.00380820757709, 0.00199139467441, -0.00147423008457, 0.00235180463642, -0.00126992538571, 0.000275318569038, -0.00497448910028, 0.0213955081999, -0.00982980336994, 0.00315402843989, 0.000876645150129, -0.00115104450379], [0.000231340294704, 0.00366632710211, -0.0038936054334, 0.00268279039301, -0.00347525486723, 0.00191548548173, -0.000201392889721, 0.00137588893995, -0.00982980336994, 0.0205300375819, -0.00966575089842, 0.000786166463513, 0.00336669641547], [0.000784042291343, -0.00544779933989, 0.00492556579411, -0.00286903209053, 0.00270597613417, -0.00479509262368, 0.0029856893234, -0.000679182005115, 0.00315402843989, -0.00966575089842, 0.0238149333745, -0.0093792648986, 0.00230066850781], [-0.000774779240601, 0.0041785906069, -0.00361997960135, 0.00284340558574, -0.00338202551939, 0.00381664466113, -0.00346987950616, 0.000686033279635, 0.000876645150129, 0.000786166463513, -0.0093792648986, 0.0208277441561, -0.00842547975481], [0.000899860460777, -0.00280790752731, 0.00291799474508, -0.00189595553093, 0.00108544016257, -0.00278537580743, 0.00246027717367, -0.00106742850039, -0.00115104450379, 0.00336669641547, 0.00230066850781, -0.00842547975481, 0.01993608661]]
    },
    "melbands": {
        "dmean": [0.000548798008822, 0.000824890157674, 0.000931823102292, 0.000351458962541, 0.000167553749634, 0.000158856229973, 0.000158887560247, 0.000162857453688, 0.000105292536318, 7.17946968507e-05, 0.00012555324065, 9.43177365116e-05, 0.000150363819557, 6.94943882991e-05, 4.20652322646e-05, 3.6790559534e-05, 7.69718244555e-05, 4.41124975623e-05, 4.11047330999e-05, 4.26225924457e-05, 2.43051690632e-05, 2.40799872699e-05, 1.52137754412e-05, 1.61786465469e-05, 1.45074982356e-05, 1.14677814054e-05, 6.01607280259e-06, 5.59458248972e-06, 2.87719331027e-06, 2.62852495325e-06, 1.82347287137e-06, 1.47444973209e-06, 1.49485038037e-06, 1.07888661205e-06, 9.52995492298e-07, 6.89386922659e-07, 5.99172039983e-07, 5.71467978716e-07, 4.69335475373e-07, 4.57294760281e-07],
        "dmean2": [0.000939429155551, 0.00143459474202, 0.00157695834059, 0.000594144046772, 0.000268769392278, 0.000234321167227, 0.00023541165865, 0.000238320950302, 0.000140956879477, 0.000107541993202, 0.000175744440639, 0.000140075178933, 0.000206787575735, 9.89877662505e-05, 6.20502178208e-05, 5.58974243177e-05, 0.00012129641982, 7.14473208063e-05, 6.58409844618e-05, 6.93824331393e-05, 3.89004962926e-05, 3.88960434066e-05, 2.48609485425e-05, 2.69038191618e-05, 2.44372404268e-05, 1.88711073861e-05, 1.01192154034e-05, 9.57599240792e-06, 4.77843059343e-06, 4.18767831434e-06, 2.88613432531e-06, 2.34545564126e-06, 2.34302251556e-06, 1.67907455761e-06, 1.43515171658e-06, 1.08100800844e-06, 9.412685813e-07, 9.02653653156e-07, 7.42327358694e-07, 6.84273175011e-07],
        "dvar": [2.53960593e-06, 5.15812735102e-06, 4.07432526117e-06, 3.91219998619e-07, 9.87464616742e-08, 9.32006614107e-08, 5.8469776576e-08, 9.54439940415e-08, 5.33242889844e-08, 3.03909644117e-08, 6.51891411962e-08, 3.23019584414e-08, 1.89316480714e-07, 2.9864892781e-08, 6.4040026615e-09, 3.89665189005e-09, 2.4585110836e-08, 5.05122077499e-09, 7.24608284486e-09, 9.11105235701e-09, 2.79946665849e-09, 2.04691641414e-09, 4.9899179233e-10, 5.89760906777e-10, 5.53223411526e-10, 4.79767114925e-09, 1.5846574053e-10, 7.99454807909e-11, 1.86464350904e-11, 1.4895808545e-11, 8.61070242886e-12, 6.01655097271e-12, 7.32615444005e-12, 5.27823141097e-12, 2.61398238124e-12, 1.97530403492e-12, 1.83701751727e-12, 1.02865068893e-12, 8.66925834505e-13, 7.73875538304e-13],
        "dvar2": [6.74883358442e-06, 1.42715543916e-05, 1.0902829672e-05, 1.07035657493e-06, 2.69130111974e-07, 2.05100505468e-07, 1.37798934929e-07, 2.22500673885e-07, 9.43987643609e-08, 6.27970067058e-08, 1.02878601638e-07, 7.1797906287e-08, 2.84661865635e-07, 4.38143672454e-08, 1.21265149033e-08, 8.07021738325e-09, 5.1840032711e-08, 1.28610553318e-08, 1.50361589846e-08, 1.99121856781e-08, 6.84254919392e-09, 5.35080690867e-09, 1.28786958875e-09, 1.59033919367e-09, 1.57316781824e-09, 1.15735927508e-08, 4.05079997323e-10, 2.18829565579e-10, 4.91761388555e-11, 3.69343652884e-11, 2.17459227708e-11, 1.42209360607e-11, 1.67469354356e-11, 1.15198467085e-11, 5.25387329128e-12, 4.75515156764e-12, 4.79341262863e-12, 2.29468549197e-12, 2.10092360176e-12, 1.61122254861e-12],
        "max": [0.0121567901224, 0.0190406367183, 0.0256229154766, 0.00628571258858, 0.00488902581856, 0.00795028917491, 0.00325470836833, 0.00571984890848, 0.00599917583168, 0.00418906705454, 0.00622757012025, 0.00286725442857, 0.00817636214197, 0.00360078574158, 0.00125117739663, 0.000914347125217, 0.00401508994401, 0.000846389913931, 0.00202598120086, 0.00227497261949, 0.00124026590493, 0.000975946139079, 0.000341730104992, 0.000425911508501, 0.000368987472029, 0.00215715565719, 0.000329413422151, 0.000125987018691, 5.07543554704e-05, 4.97262117278e-05, 4.04717138736e-05, 3.35897530022e-05, 4.07599727623e-05, 3.62613500329e-05, 2.38911361521e-05, 2.10703710763e-05, 3.20897415804e-05, 1.24515972857e-05, 1.00298757388e-05, 1.00785946415e-05],
        "mean": [0.000526603602339, 0.000919651531149, 0.00133057474159, 0.000563442066777, 0.000319467450026, 0.00031740940176, 0.000332816998707, 0.000342831946909, 0.000205372693017, 0.000136614951771, 0.000233555547311, 0.000164277618751, 0.000265581940766, 0.000122126250062, 7.81424241723e-05, 6.59285433358e-05, 0.000118562180432, 7.64355499996e-05, 6.86670973664e-05, 6.9870686275e-05, 4.51535597676e-05, 4.00366006943e-05, 2.90251427941e-05, 2.84090110654e-05, 2.51347646554e-05, 1.7574573576e-05, 1.05157841972e-05, 9.05795150175e-06, 4.9754585234e-06, 4.73852651339e-06, 3.36434368364e-06, 2.66718097919e-06, 2.64134905592e-06, 1.90026537439e-06, 1.57917361321e-06, 1.10058147129e-06, 9.9829253486e-07, 9.12195503133e-07, 6.52331891615e-07, 6.38746655568e-07],
        "median": [0.000134244386572, 0.000333652831614, 0.000522134825587, 0.000295905920211, 0.000193541534827, 0.00015440727293, 0.000208523328183, 0.000134912668727, 8.29410055303e-05, 5.3197145462e-05, 0.000112799876661, 7.56556109991e-05, 7.72739294916e-05, 5.06867581862e-05, 3.77651485906e-05, 3.38380123139e-05, 5.48430725757e-05, 3.85278435715e-05, 3.82217695005e-05, 3.68118671759e-05, 2.51254768955e-05, 2.37803160417e-05, 1.65654637385e-05, 1.89736965694e-05, 1.39680278153e-05, 8.29497093946e-06, 6.85081113261e-06, 6.17927435087e-06, 3.36576476911e-06, 3.05016737912e-06, 2.02878959499e-06, 1.62610558618e-06, 1.45454816902e-06, 8.3462521161e-07, 7.84547864896e-07, 4.9704402727e-07, 4.69579390483e-07, 4.00960033176e-07, 2.79391429103e-07, 2.15166181761e-07],
        "min": [4.10491907132e-07, 4.11276772638e-07, 3.49302581526e-06, 5.41831377632e-06, 4.97465134686e-06, 3.17689682561e-06, 2.79977939499e-06, 1.05665094452e-06, 1.40705481044e-06, 2.62587877842e-06, 3.84156419386e-06, 1.38740506372e-06, 1.50848529756e-06, 1.61149989708e-06, 7.71333020566e-07, 1.01982993783e-06, 2.71794169748e-06, 1.41945122323e-06, 9.18910814107e-07, 3.14319407835e-07, 4.95520964705e-07, 1.17635329389e-06, 4.14905798607e-07, 4.23208376787e-07, 3.57398334927e-07, 8.21413976837e-08, 1.59036304126e-07, 6.75692248819e-08, 4.13272793764e-08, 4.38334026853e-08, 3.07453582593e-08, 1.87098674331e-08, 2.06000052572e-08, 1.30210713323e-08, 9.59528190236e-09, 5.59091217767e-09, 3.24531823637e-09, 3.50812423555e-09, 1.78048942256e-09, 6.41566688664e-10],
