{
"highlevel": {
    "danceability": {
        "all": {
            "danceable": 0.974925339222,
            "not_danceable": 0.0250746738166
        },
        "probability": 0.974925339222,
        "value": "danceable"
    },
    "gender": {
        "all": {
            "female": 0.345676720142,
            "male": 0.654323279858
        },
        "probability": 0.654323279858,
        "value": "male"
    },
    "genre_dortmund": {
        "all": {
            "alternative": 0.0847204700112,
            "blues": 0.0248165689409,
            "electronic": 0.115602195263,
            "folkcountry": 0.0204850044101,
            "funksoulrnb": 0.0212413165718,
            "jazz": 0.046456348151,
            "pop": 0.049601521343,
            "raphiphop": 0.135355591774,
            "rock": 0.501720964909
        },
        "probability": 0.501720964909,
        "value": "rock"
    },
    "genre_electronic": {
        "all": {
            "ambient": 0.351728439331,
            "dnb": 0.348790049553,
            "house": 0.0591490343213,
            "techno": 0.0151605876163,
            "trance": 0.225171908736
        },
        "probability": 0.351728439331,
        "value": "ambient"
    },
    "genre_rosamerica": {
        "all": {
            "cla": 0.00226761843078,
            "dan": 0.112379558384,
            "hip": 0.00843806285411,
            "jaz": 0.00241832248867,
            "pop": 0.0663096606731,
            "rhy": 0.00656527793035,
            "roc": 0.800657391548,
            "spe": 0.000964124570601
        },
        "probability": 0.800657391548,
        "value": "roc"
    },
    "genre_tzanetakis": {
        "all": {
            "blu": 0.0626541376114,
            "cla": 0.0348133966327,
            "cou": 0.0783501937985,
            "dis": 0.104547761381,
            "hip": 0.15693578124,
            "jaz": 0.313987255096,
            "met": 0.044816005975,
            "pop": 0.0627349764109,
            "reg": 0.0627352520823,
            "roc": 0.0784252434969
        },
        "probability": 0.313987255096,
        "value": "jaz"
    },
    "ismir04_rhythm": {
        "all": {
            "ChaChaCha": 0.165123343468,
            "Jive": 0.129607886076,
            "Quickstep": 0.0605151057243,
            "Rumba-American": 0.0131944026798,
            "Rumba-International": 0.0300460979342,
            "Rumba-Misc": 0.00510796392336,
            "Samba": 0.560948908329,
            "Tango": 0.013433479704,
            "VienneseWaltz": 0.0137043856084,
            "Waltz": 0.00831845216453
        },
        "probability": 0.560948908329,
        "value": "Samba"
    },
    "mood_acoustic": {
        "all": {
            "acoustic": 0.0148327192292,
            "not_acoustic": 0.985167264938
        },
        "probability": 0.985167264938,
        "value": "not_acoustic"
    },
    "mood_aggressive": {
        "all": {
            "aggressive": 0.52822715044,
            "not_aggressive": 0.471772819757
        },
        "probability": 0.52822715044,
        "value": "aggressive"
    },
    "mood_electronic": {
        "all": {
            "electronic": 0.877991139889,
            "not_electronic": 0.12200884521
        },
        "probability": 0.877991139889,
        "value": "electronic"
    },
    "mood_happy": {
        "all": {
            "happy": 0.316718637943,
            "not_happy": 0.683281362057
        },
        "probability": 0.683281362057,
        "value": "not_happy"
    },
    "mood_party": {
        "all": {
            "not_party": 0.391881346703,
            "party": 0.608118653297
        },
        "probability": 0.608118653297,
        "value": "party"
    },
    "mood_relaxed": {
        "all": {
            "not_relaxed": 0.954880714417,
            "relaxed": 0.0451193079352
        },
        "probability": 0.954880714417,
        "value": "not_relaxed"
    },
    "mood_sad": {
        "all": {
            "not_sad": 0.941385507584,
            "sad": 0.0586144700646
        },
        "probability": 0.941385507584,
        "value": "not_sad"
    },
    "moods_mirex": {
        "all": {
            "Cluster1": 0.45278775692,
            "Cluster2": 0.108935564756,
            "Cluster3": 0.0913640782237,
            "Cluster4": 0.109274573624,
            "Cluster5": 0.237638041377
        },
        "probability": 0.45278775692,
        "value": "Cluster1"
    },
    "timbre": {
        "all": {
            "bright": 0.428250670433,
            "dark": 0.571749329567
        },
        "probability": 0.571749329567,
        "value": "dark"
    },
    "tonal_atonal": {
        "all": {
            "atonal": 0.400291949511,
            "tonal": 0.599708020687
        },
        "probability": 0.599708020687,
        "value": "tonal"
    },
    "voice_instrumental": {
        "all": {
            "instrumental": 0.0211670473218,
            "voice": 0.978832960129
        },
        "probability": 0.978832960129,
        "value": "voice"
    }
},
"lowlevel": {
    "average_loudness": 0.969174861908,
    "barkbands_crest": {
        "dmean": 3.46637105942,
        "dmean2": 5.77413129807,
        "dvar": 8.73649787903,
        "dvar2": 23.8988437653,
        "max": 23.4787693024,
        "mean": 9.85637950897,
        "median": 8.83281898499,
        "min": 2.74305486679,
        "var": 19.4313526154
    },
    "barkbands_flatness_db": {
        "dmean": 0.0236714370549,
        "dmean2": 0.0383236035705,
        "dvar": 0.000444046541816,
        "dvar2": 0.00121632835362,
        "max": 0.391185432673,
        "mean": 0.138054803014,
        "median": 0.118931017816,
        "min": 0.0521989613771,
        "var": 0.00372733874246
    },
    "barkbands_kurtosis": {
        "dmean": 2.27701425552,
        "dmean2": 3.82055187225,
        "dvar": 11.1166172028,
        "dvar2": 32.0715484619,
        "max": 36.9453125,
        "mean": 2.18808817863,
        "median": 1.01348400116,
        "min": -1.60895240307,
        "var": 14.1636743546
    },
    "barkbands_skewness": {
        "dmean": 0.546899735928,
        "dmean2": 0.88600730896,
        "dvar": 0.279266297817,
        "dvar2": 0.744464874268,
        "max": 5.86705780029,
        "mean": 1.24606513977,
        "median": 1.12678587437,
        "min": -1.46938109398,
        "var": 0.773096740246
    },
    "barkbands_spread": {
        "dmean": 6.19239091873,
        "dmean2": 9.74122428894,
        "dvar": 31.3620414734,
        "dvar2": 81.2414398193,
        "max": 71.7939453125,
        "mean": 23.8807010651,
        "median": 22.7850971222,
        "min": 2.39628505707,
        "var": 115.550949097
    },
    "dissonance": {
        "dmean": 0.0194818470627,
        "dmean2": 0.0327849425375,
        "dvar": 0.000329823989887,
        "dvar2": 0.000886086549144,
        "max": 0.500000059605,
        "mean": 0.463904291391,
        "median": 0.470355063677,
        "min": 0.235846668482,
        "var": 0.000794970605057
    },
    "dynamic_complexity": 2.1585354805,
    "erbbands_crest": {
        "dmean": 2.89774370193,
        "dmean2": 4.6173157692,
        "dvar": 7.24717473984,
        "dvar2": 16.8479232788,
        "max": 28.6793365479,
        "mean": 9.00624275208,
        "median": 7.71000862122,
        "min": 2.65944552422,
        "var": 22.3428173065
    },
    "erbbands_flatness_db": {
        "dmean": 0.0161959957331,
        "dmean2": 0.0243811123073,
        "dvar": 0.000258030777331,
        "dvar2": 0.000477256136946,
        "max": 0.419832110405,
        "mean": 0.1582352072,
        "median": 0.137554779649,
        "min": 0.0734076201916,
        "var": 0.00415934342891
    },
    "erbbands_kurtosis": {
        "dmean": 0.879656910896,
        "dmean2": 1.36660385132,
        "dvar": 1.40121841431,
        "dvar2": 3.03766846657,
        "max": 20.6637115479,
        "mean": 0.56506550312,
        "median": 0.0229535102844,
        "min": -1.49087691307,
        "var": 3.75346660614
    },
    "erbbands_skewness": {
        "dmean": 0.354216098785,
        "dmean2": 0.536020934582,
        "dvar": 0.101529836655,
        "dvar2": 0.226509839296,
        "max": 2.94933128357,
        "mean": 0.4288212955,
        "median": 0.372823387384,
        "min": -1.60648453236,
        "var": 0.378265380859
    },
    "erbbands_spread": {
        "dmean": 6.75645256042,
        "dmean2": 10.7321281433,
        "dvar": 38.2379875183,
        "dvar2": 91.6572647095,
        "max": 91.3847198486,
        "mean": 34.4795417786,
        "median": 34.9634819031,
        "min": 2.73216438293,
        "var": 198.796905518
    },
    "hfc": {
        "dmean": 6.46405410767,
        "dmean2": 9.55965995789,
        "dvar": 54.7381057739,
        "dvar2": 113.727775574,
        "max": 81.8402557373,
        "mean": 28.0643615723,
        "median": 27.2264442444,
        "min": 0.275134623051,
        "var": 286.338256836
    },
    "melbands_crest": {
        "dmean": 4.61417579651,
        "dmean2": 7.66312980652,
        "dvar": 16.8522949219,
        "dvar2": 47.4479255676,
        "max": 34.998008728,
        "mean": 14.7546920776,
        "median": 13.389122963,
        "min": 5.04921770096,
        "var": 39.4184761047
    },
    "melbands_flatness_db": {
        "dmean": 0.0297887288034,
        "dmean2": 0.0471045598388,
        "dvar": 0.000664608553052,
        "dvar2": 0.00175310694613,
        "max": 0.453761041164,
        "mean": 0.192686006427,
        "median": 0.171478241682,
        "min": 0.0628633052111,
        "var": 0.00565060973167
    },
    "melbands_kurtosis": {
        "dmean": 5.51086235046,
        "dmean2": 9.26238822937,
        "dvar": 77.3888702393,
        "dvar2": 223.457351685,
        "max": 111.715766907,
        "mean": 8.11326503754,
        "median": 5.11849784851,
        "min": -1.43715882301,
        "var": 101.343704224
    },
    "melbands_skewness": {
        "dmean": 0.739726483822,
        "dmean2": 1.19611227512,
        "dvar": 0.592711567879,
        "dvar2": 1.55873155594,
        "max": 9.41010951996,
        "mean": 2.14634418488,
        "median": 1.98477602005,
        "min": -1.01582634449,
        "var": 1.6420109272
    },
    "melbands_spread": {
        "dmean": 7.21028661728,
        "dmean2": 11.6229686737,
        "dvar": 43.273399353,
        "dvar2": 111.26259613,
        "max": 85.4357833862,
        "mean": 24.0808506012,
        "median": 22.7514896393,
        "min": 2.33673167229,
        "var": 130.0443573
    },
    "pitch_salience": {
        "dmean": 0.0842062160373,
        "dmean2": 0.142622038722,
        "dvar": 0.00609381776303,
        "dvar2": 0.0163175631315,
        "max": 0.780237257481,
        "mean": 0.534477710724,
        "median": 0.55266392231,
        "min": 0.108364336193,
        "var": 0.0124476281926
    },
    "silence_rate_20dB": {
        "dmean": 0,
        "dmean2": 0,
        "dvar": 0,
        "dvar2": 0,
        "max": 1,
        "mean": 1,
        "median": 1,
        "min": 1,
        "var": 0
    },
    "silence_rate_30dB": {
        "dmean": 0.0665634647012,
        "dmean2": 0.133230060339,
        "dvar": 0.0621329918504,
        "dvar2": 0.130971074104,
        "max": 1,
        "mean": 0.921113669872,
        "median": 1,
        "min": 0,
        "var": 0.0726642683148
    },
    "silence_rate_60dB": {
        "dmean": 0.0154798757285,
        "dmean2": 0.0309837330133,
        "dvar": 0.0152402883396,
        "dvar2": 0.0377697236836,
        "max": 1,
        "mean": 0.0154679045081,
        "median": 0,
        "min": 0,
        "var": 0.0152286021039
    },
    "spectral_centroid": {
        "dmean": 235.3515625,
        "dmean2": 364.210388184,
        "dvar": 46583.6757812,
        "dvar2": 114859.25,
        "max": 2865.76586914,
        "mean": 1362.16345215,
        "median": 1350.75598145,
        "min": 387.003326416,
        "var": 224819.484375
    },
    "spectral_complexity": {
        "dmean": 3.92337465286,
        "dmean2": 6.09682416916,
        "dvar": 14.4438352585,
        "dvar2": 29.8163967133,
        "max": 57,
        "mean": 26.0742454529,
        "median": 26,
        "min": 1,
        "var": 122.593414307
    },
    "spectral_decrease": {
        "dmean": 4.80660444779e-09,
        "dmean2": 7.71805286348e-09,
        "dvar": 4.31250711616e-17,
        "dvar2": 1.24753368282e-16,
        "max": -1.5312984214e-10,
        "mean": -1.07146780337e-08,
        "median": -8.11026268366e-09,
        "min": -7.11379186669e-08,
        "var": 8.41481572727e-17
    },
    "spectral_energy": {
        "dmean": 0.0184875074774,
        "dmean2": 0.0295980460942,
        "dvar": 0.00061768933665,
        "dvar2": 0.00177791435272,
        "max": 0.271636754274,
        "mean": 0.0429851971567,
        "median": 0.0332530848682,
        "min": 0.000602902495302,
        "var": 0.00125561922323
    },
    "spectral_energyband_high": {
        "dmean": 0.000414016307332,
        "dmean2": 0.000586478447076,
        "dvar": 3.54592771146e-07,
        "dvar2": 7.65322511143e-07,
        "max": 0.00619721319526,
        "mean": 0.00128136214335,
        "median": 0.00100711837877,
        "min": 8.04316400149e-08,
        "var": 1.44353850828e-06
    },
    "spectral_energyband_low": {
        "dmean": 0.0146615020931,
        "dmean2": 0.0244149081409,
        "dvar": 0.000681950536091,
        "dvar2": 0.00199759192765,
        "max": 0.258264034986,
        "mean": 0.0195727944374,
        "median": 0.00810879189521,
        "min": 7.54488646635e-05,
        "var": 0.000947057676967
    },
    "spectral_energyband_middle_high": {
        "dmean": 0.00248565827496,
        "dmean2": 0.00395372556522,
        "dvar": 1.04092005131e-05,
        "dvar2": 2.65430026047e-05,
        "max": 0.0404848493636,
        "mean": 0.0079647237435,
        "median": 0.00681995414197,
        "min": 0.000133596142405,
        "var": 3.42196544807e-05
    },
    "spectral_energyband_middle_low": {
        "dmean": 0.00697727454826,
        "dmean2": 0.011107891798,
        "dvar": 6.3449908339e-05,
        "dvar2": 0.00015938404249,
        "max": 0.0788503736258,
        "mean": 0.0150932492688,
        "median": 0.0123259723186,
        "min": 0.000125452133943,
        "var": 0.000123384757899
    },
    "spectral_entropy": {
        "dmean": 0.13122522831,
        "dmean2": 0.19247302413,
        "dvar": 0.0185226649046,
        "dvar2": 0.0370337031782,
        "max": 8.36980438232,
        "mean": 7.64892625809,
        "median": 7.77091217041,
        "min": 5.15523815155,
        "var": 0.213875189424
    },
    "spectral_flux": {
        "dmean": 0.0309239737689,
        "dmean2": 0.0489093102515,
        "dvar": 0.00119911169168,
        "dvar2": 0.00259725353681,
        "max": 0.414455235004,
        "mean": 0.116147257388,
        "median": 0.105220526457,
        "min": 0.0074453544803,
        "var": 0.00363584980369
    },
    "spectral_kurtosis": {
        "dmean": 2.18735456467,
        "dmean2": 3.74190425873,
        "dvar": 20.9841804504,
        "dvar2": 55.8620185852,
        "max": 76.8838272095,
        "mean": 5.49141693115,
        "median": 3.27660894394,
        "min": 0.177284479141,
        "var": 59.4410209656
    },
    "spectral_rms": {
        "dmean": 0.00123204581905,
        "dmean2": 0.00191467418335,
        "dvar": 1.54964448029e-06,
        "dvar2": 4.13397947341e-06,
        "max": 0.0162791740149,
        "mean": 0.00601295055822,
        "median": 0.00569579098374,
        "min": 0.000766940414906,
        "var": 5.78113440497e-06
    },
    "spectral_rolloff": {
        "dmean": 454.097900391,
        "dmean2": 754.713134766,
        "dvar": 380126.34375,
        "dvar2": 933793.3125,
        "max": 7924.21875,
        "mean": 1272.35766602,
        "median": 1119.7265625,
        "min": 64.599609375,
        "var": 703580.6875
    },
    "spectral_skewness": {
        "dmean": 0.235391572118,
        "dmean2": 0.38305363059,
        "dvar": 0.0990672856569,
        "dvar2": 0.267225772142,
        "max": 6.56024599075,
        "mean": 1.57429516315,
        "median": 1.4349167347,
        "min": 0.701308727264,
        "var": 0.397611618042
    },
    "spectral_spread": {
        "dmean": 420392.53125,
        "dmean2": 601574.0625,
        "dvar": 441934839808,
        "dvar2": 698514931712,
        "max": 16747520,
        "mean": 4360698,
        "median": 4475311.5,
        "min": 925861.5625,
        "var": 2.32496378675e+12
    },
    "spectral_strongpeak": {
        "dmean": 0.636924266815,
        "dmean2": 1.10034024715,
        "dvar": 0.677504837513,
        "dvar2": 1.69885134697,
        "max": 7.18576717377,
        "mean": 0.91708612442,
        "median": 0.490921616554,
        "min": 0,
        "var": 1.06332266331
    },
    "zerocrossingrate": {
        "dmean": 0.00960236042738,
        "dmean2": 0.0118802497163,
        "dvar": 8.71641896083e-05,
        "dvar2": 0.000112316149171,
        "max": 0.169921875,
        "mean": 0.0589849799871,
        "median": 0.0556640625,
        "min": 0.00927734375,
        "var": 0.000707770232111
    },
    "barkbands": {
        "dmean": [0.00221288274042, 0.0122420564294, 0.00238500465639, 0.00195520976558, 0.00238905963488, 0.00181917625014, 0.00180616148282, 0.00132690463215, 0.00119681784417, 0.000995614682324, 0.000883280590642, 0.000714721856639, 0.000619564787485, 0.000395883485908, 0.000341016304446, 0.000395261566155, 0.000244393129833, 0.000154118097271, 0.000146696838783, 0.00019329584029, 0.000127089791931, 9.70324836089e-05, 5.97193320573e-05, 8.37321495055e-05, 6.40961079625e-05, 3.96158138756e-05, 9.70327551642e-09],
        "dmean2": [0.00356440059841, 0.0216255765408, 0.00414823088795, 0.0034402073361, 0.0040013412945, 0.00289825093932, 0.00298836827278, 0.00210614548996, 0.00186730280984, 0.00160291860811, 0.00142845907249, 0.00117741758004, 0.00102967314888, 0.000659156183247, 0.000564068206586, 0.000660384772345, 0.000402319710702, 0.000259193649981, 0.00024015699455, 0.000312551565003, 0.000192069157492, 0.000144591875141, 9.03889449546e-05, 0.000125613616547, 9.90931730485e-05, 5.98502301727e-05, 1.74211223225e-08],
        "dvar": [1.97001063498e-05, 0.000644333660603, 2.42053047259e-05, 1.53555829456e-05, 1.51143731273e-05, 1.62748201546e-05, 1.28017109091e-05, 8.15513794805e-06, 3.98253177991e-06, 3.29865474669e-06, 2.98209101857e-06, 2.91835976896e-06, 1.10976964152e-06, 3.78451119332e-07, 3.61520250181e-07, 6.82986751599e-07, 1.55833731696e-07, 6.91730122071e-08, 4.81425779242e-08, 8.25860624332e-08, 3.32764891198e-08, 1.96091090032e-08, 9.9727675007e-09, 1.91754363499e-08, 1.86738571273e-08, 8.15214029615e-09, 1.40611937343e-15],
        "dvar2": [5.10926984134e-05, 0.00193395512179, 6.88081781846e-05, 4.16307811975e-05, 3.83637525374e-05, 3.94991111534e-05, 3.41317972925e-05, 2.15437939914e-05, 9.01271869225e-06, 8.17719046609e-06, 7.74906584411e-06, 7.19477066013e-06, 2.84566317532e-06, 9.74020508693e-07, 9.20293246054e-07, 2.05379956242e-06, 4.20889392672e-07, 1.84621185895e-07, 1.19685708455e-07, 2.0827850733e-07, 7.45627417587e-08, 4.324581937e-08, 2.34225581153e-08, 4.2233960329e-08, 4.15106562457e-08, 1.89518285509e-08, 3.58025071992e-15],
        "max": [0.0384131222963, 0.233326941729, 0.0444679073989, 0.03731366992, 0.0503533184528, 0.0546331703663, 0.0450844094157, 0.0404841899872, 0.0332422368228, 0.0260875020176, 0.0297405607998, 0.0314970500767, 0.0159301273525, 0.00713311135769, 0.00869929790497, 0.0119675258175, 0.00535535020754, 0.00339532084763, 0.00245860032737, 0.0035570228938, 0.00214451993816, 0.00200157775544, 0.00111919024494, 0.00147465709597, 0.00218164199032, 0.00174518791027, 7.36324409445e-07],
        "mean": [0.00288378144614, 0.0130221378058, 0.00309538049623, 0.00204221904278, 0.00341226370074, 0.00258281687275, 0.00254988949746, 0.00191781530157, 0.00198166305199, 0.00155415595509, 0.00131607742514, 0.00113509991206, 0.000955045281444, 0.0006717791548, 0.000584458059166, 0.000681759323925, 0.000474020256661, 0.000299733394058, 0.000330523675075, 0.00043258475489, 0.000310789968353, 0.000235515122768, 0.000128383660922, 0.000191975952475, 0.000130251341034, 6.50649162708e-05, 7.67602426066e-09],
        "median": [0.000644761836156, 0.00362206855789, 0.00154063978698, 0.000917500176001, 0.0017231561942, 0.000886115070898, 0.00114885414951, 0.000771025603171, 0.000947840162553, 0.000680420955177, 0.000666151638143, 0.000564053654671, 0.00058228924172, 0.000409439613577, 0.00033933884697, 0.000330466602463, 0.000276535371086, 0.000203376650461, 0.000241445639404, 0.000300983403577, 0.000213848150452, 0.000164333934663, 8.09677076177e-05, 0.000123530218843, 7.35145222279e-05, 2.50588127528e-05, 5.6004756388e-10],
        "min": [9.6199357813e-08, 1.06882762339e-05, 1.2214088656e-06, 3.78931815703e-07, 1.61723085057e-06, 5.71559780838e-07, 4.51546384284e-06, 1.70033927134e-05, 8.93995093065e-06, 1.98529892259e-06, 1.56792452799e-06, 4.43191856903e-06, 4.65782107995e-07, 3.29621798301e-06, 4.01962154228e-07, 2.84878910861e-06, 4.26233839335e-07, 1.27672024064e-07, 1.30549125288e-07, 3.17224113644e-08, 2.18569748967e-08, 1.28348283113e-08, 1.07389714898e-08, 5.66746649611e-11, 1.64151487542e-11, 7.3420896099e-12, 1.11480009252e-11],
        "var": [2.85336845991e-05, 0.00066740415059, 2.14683877857e-05, 1.34999245347e-05, 2.39399505517e-05, 2.46318213613e-05, 1.75231853063e-05, 1.04827577161e-05, 1.10908695206e-05, 6.63184846417e-06, 4.73201453133e-06, 4.78271749671e-06, 1.62360026934e-06, 6.84004021423e-07, 5.86957185078e-07, 1.19339063076e-06, 3.22336461522e-07, 1.12711390443e-07, 1.05601401401e-07, 2.19393044176e-07, 1.12619758852e-07, 6.50837037597e-08, 2.25222489547e-08, 5.04828321368e-08, 3.83147771288e-08, 1.41407872079e-08, 1.37238469812e-15]
    },
    "erbbands": {
        "dmean": [0.60801756382, 1.88589787483, 2.38668680191, 4.97956800461, 6.8312625885, 8.36763095856, 11.9152460098, 16.4007492065, 26.5421886444, 25.9486618042, 21.0704479218, 31.0702190399, 32.0605964661, 24.4633026123, 35.2656822205, 24.3920059204, 27.6001682281, 18.4334812164, 18.5729694366, 17.3205299377, 15.7550582886, 12.8265256882, 8.30305194855, 7.13184642792, 8.12896823883, 9.23563861847, 6.01721143723, 4.69131278992, 3.7505106926, 2.50250291824, 1.72009277344, 2.05325841904, 1.32987999916, 0.769148528576, 0.478680342436, 0.208163231611, 0.0739484503865, 0.00726340664551, 0.000127021761728, 2.35787629208e-05],
        "dmean2": [1.08843433857, 3.12346053123, 3.97789144516, 8.75697231293, 11.9714031219, 13.8007717133, 19.230173111, 25.8736896515, 43.612613678, 42.6307411194, 33.3019943237, 48.5241546631, 50.5075759888, 40.2746009827, 57.7435379028, 41.0898475647, 45.7338485718, 30.7669963837, 29.8891029358, 28.7176856995, 25.8322467804, 21.2531433105, 13.8902921677, 11.6905202866, 13.2370481491, 14.9346103668, 9.44197177887, 6.97374105453, 5.68662643433, 3.82876944542, 2.59529185295, 3.18164205551, 2.03230023384, 1.20968663692, 0.728980779648, 0.319145351648, 0.115355052054, 0.0119872288778, 0.000205560558243, 3.7335066736e-05],
        "dvar": [1.57465386391, 15.7799758911, 18.7427501678, 99.3293075562, 183.668395996, 258.716461182, 829.711669922, 1599.55187988, 3457.15991211, 2431.12768555, 1634.32702637, 3319.51782227, 2970.89208984, 2538.15991211, 4216.15185547, 1951.19140625, 2461.02001953, 913.206481934, 846.916320801, 1128.39221191, 724.438903809, 529.243713379, 165.389846802, 143.986557007, 149.486328125, 215.217315674, 78.5862121582, 48.3680992126, 29.3583469391, 18.9093322754, 8.16878318787, 11.023525238, 5.26653671265, 2.06344437599, 1.28269016743, 0.260149747133, 0.0253005251288, 0.000304450455587, 8.42719742877e-08, 8.04225019913e-10],
        "dvar2": [4.93118429184, 44.3904380798, 47.8642807007, 275.853210449, 485.663452148, 634.585754395, 2040.6439209, 3842.92993164, 8643.70996094, 6496.29492188, 4154.96337891, 7550.37011719, 7378.38183594, 6813.10839844, 9933.92578125, 5186.94873047, 6184.94628906, 2400.95800781, 2097.78686523, 3178.48583984, 2023.44885254, 1419.21105957, 427.42098999, 382.702911377, 384.007537842, 534.794616699, 181.380630493, 109.971954346, 65.5801620483, 46.0022468567, 19.3270702362, 25.541891098, 12.3211317062, 4.88921880722, 2.8384103775, 0.60584872961, 0.0609440952539, 0.000793369021267, 2.13549995465e-07, 2.25708784996e-09],
        "max": [9.15238952637, 41.8800849915, 39.170211792, 96.7644348145, 133.920166016, 261.489868164, 407.91897583, 690.997558594, 802.674560547, 659.718444824, 563.174194336, 959.754394531, 720.610595703, 792.613464355, 1432.35498047, 642.991577148, 869.27935791, 414.701293945, 368.647583008, 517.256469727, 426.174041748, 368.993652344, 134.322647095, 199.569747925, 141.28956604, 177.580993652, 129.686508179, 79.868850708, 83.123588562, 62.261051178, 34.5503578186, 38.5411643982, 27.5493125916, 17.1360683441, 22.7829627991, 11.2960720062, 2.06991052628, 0.174011453986, 0.00278716883622, 0.000300091400277],
        "mean": [0.568310141563, 2.17733645439, 3.61153197289, 5.50019407272, 8.12836265564, 12.0312404633, 16.0673122406, 24.3930187225, 37.6437454224, 40.2763328552, 33.6897544861, 52.0609169006, 51.7643547058, 41.7643127441, 56.426448822, 42.4356155396, 45.6116828918, 34.8959007263, 35.2087783813, 33.137008667, 32.0174217224, 26.5212650299, 17.3401737213, 15.8487062454, 18.4064292908, 20.4181995392, 14.3878135681, 11.2272939682, 8.94981765747, 5.48058605194, 3.64317750931, 4.23174905777, 2.89801645279, 1.58022284508, 0.850266933441, 0.344222724438, 0.112636119127, 0.00900079030544, 0.000198077759705, 6.06783069088e-05],
        "median": [0.102222204208, 0.767297506332, 1.92547821999, 2.72948527336, 3.78250813484, 5.55202722549, 6.80643558502, 7.33587551117, 14.7620725632, 21.4708042145, 16.4216384888, 24.8060703278, 26.1207962036, 21.9611530304, 30.8169193268, 26.1226730347, 28.0388870239, 22.270072937, 22.423456192, 19.1690006256, 18.2344226837, 15.3817434311, 12.4906978607, 11.8371734619, 14.3603410721, 13.9990205765, 9.91090583801, 7.56519317627, 6.33451080322, 3.70363664627, 2.28026747704, 2.55051636696, 1.85088050365, 0.964507102966, 0.406215876341, 0.137301966548, 0.0407592691481, 0.00244715856388, 9.05942579266e-05, 4.96281827509e-05],
        "min": [7.08637962816e-05, 0.00463184341788, 0.00912718567997, 0.00368715054356, 0.00813018158078, 0.00382552715018, 0.00333231966943, 0.0199438240379, 0.0521811321378, 0.333924025297, 1.17562913895, 0.589113712311, 0.231557220221, 0.169498696923, 0.31126704812, 0.200577795506, 0.10821056366, 0.443461507559, 0.211634352803, 0.196365088224, 0.16768167913, 0.0268214996904, 0.00945159047842, 0.0101999239996, 0.00369388679974, 0.00156798947137, 0.00116654671729, 0.000751972722355, 0.000499181915075, 0.000326863897499, 0.000219050387386, 3.40028200299e-05, 1.00304878288e-05, 6.58952603771e-06, 4.30752106695e-06, 1.50222615503e-06, 4.50800541785e-07, 9.36819191111e-08, 3.02051887502e-07, 6.80657478824e-07],
        "var": [1.57521593571, 16.4459018707, 22.1758804321, 80.6349487305, 189.537307739, 438.066741943, 953.415283203, 2553.00610352, 5270.63623047, 3074.91040039, 2489.54956055, 9094.20507812, 6219.3125, 4098.91503906, 7351.55371094, 3618.52050781, 3637.50854492, 1668.71960449, 1660.92687988, 1975.9161377, 1692.29077148, 1099.45568848, 318.804412842, 263.768890381, 325.204833984, 518.445129395, 244.929504395, 159.1902771, 95.5707015991, 39.9927902222, 18.3900356293, 26.0076999664, 12.8508663177, 4.29640197754, 2.37669754028, 0.41183540225, 0.0426840037107, 0.000367001019185, 1.16956591967e-07, 1.95998484109e-09]
    },
    "gfcc": {
        "mean": [28.4128684998, 103.324920654, -125.457641602, 29.9873409271, -56.1163597107, 21.197303772, -29.6108436584, 14.4479608536, -19.7511386871, 7.97143363953, -13.007144928, -1.62061190605, -7.76713180542],
        "cov": [[7335.73291016, -3748.97485352, 1264.46679688, 834.737060547, -1065.14660645, 710.598571777, -1094.10473633, 280.61505127, -1088.28137207, 624.904174805, -363.497467041, 704.84979248, -129.593521118], [-3748.97485352, 2394.88842773, -729.584716797, -336.552062988, 660.977539062, -367.989105225, 708.306945801, -185.1171875, 620.848999023, -413.664001465, 222.997390747, -442.301025391, 92.3296585083], [1264.46679688, -729.584716797, 471.053741455, 97.0794677734, -192.754501343, 156.071350098, -252.817581177, 64.0865631104, -227.734695435, 128.905822754, -83.9368896484, 148.229675293, -44.9800682068], [834.737060547, -336.552062988, 97.0794677734, 356.409881592, -47.7204399109, 73.7261276245, -100.987007141, 2.97698354721, -76.0978469849, 37.0833473206, -13.7860870361, 72.4435958862, 36.2891921997], [-1065.14660645, 660.977539062, -192.754501343, -47.7204399109, 319.194335938, -87.7839508057, 218.712432861, -52.8713188171, 201.758972168, -103.634773254, 51.6841430664, -117.287094116, 26.9080104828], [710.598571777, -367.989105225, 156.071350098, 73.7261276245, -87.7839508057, 211.750946045, -44.2495994568, 52.3596458435, -124.77053833, 40.8366622925, -18.8261375427, 52.2465896606, -15.3927869797], [-1094.10473633, 708.306945801, -252.817581177, -100.987007141, 218.712432861, -44.2495994568, 366.812591553, -33.7758369446, 183.525588989, -131.019210815, 73.1013641357, -141.584686279, 1.9107272625], [280.61505127, -185.1171875, 64.0865631104, 2.97698354721, -52.8713188171, 52.3596458435, -33.7758369446, 92.4045410156, -13.8250656128, 46.9484367371, -9.94499874115, 27.5760536194, 4.76010751724], [-1088.28137207, 620.848999023, -227.734695435, -76.0978469849, 201.758972168, -124.77053833, 183.525588989, -13.8250656128, 284.702484131, -68.0819778442, 76.8941955566, -114.395957947, 42.9941596985], [624.904174805, -413.664001465, 128.905822754, 37.0833473206, -103.634773254, 40.8366622925, -131.019210815, 46.9484367371, -68.0819778442, 146.389038086, -7.46026468277, 98.1583328247, -10.2812013626], [-363.497467041, 222.997390747, -83.9368896484, -13.7860870361, 51.6841430664, -18.8261375427, 73.1013641357, -9.94499874115, 76.8941955566, -7.46026468277, 99.3079681396, -10.2912836075, 26.2083892822], [704.84979248, -442.301025391, 148.229675293, 72.4435958862, -117.287094116, 52.2465896606, -141.584686279, 27.5760536194, -114.395957947, 98.1583328247, -10.2912836075, 150.03515625, 7.02996110916], [-129.593521118, 92.3296585083, -44.9800682068, 36.2891921997, 26.9080104828, -15.3927869797, 1.9107272625, 4.76010751724, 42.9941596985, -10.2812013626, 26.2083892822, 7.02996110916, 90.982131958]],
        "icov": [[0.00119491782971, 0.000418853538577, -0.000116754963528, -0.00152920302935, 0.000832548947074, -0.00101192574948, 0.000101934514532, -0.00044651934877, 0.00105723517481, -0.0013270706404, 0.00127433123998, -0.000603604014032, 0.000462962809252], [0.000418853538577, 0.00632007000968, -0.00120567891281, 0.00138498586603, -0.00269580073655, 0.00347258709371, -0.00308805168606, 0.00243989145383, -0.00179030641448, 0.00546963419765, -0.00578890088946, 0.00530330184847, -0.00292167393491], [-0.000116754963528, -0.00120567891281, 0.00577433547005, -0.000194341482711, -0.000457570626168, -0.00288357096724, 0.00282539869659, -0.00165808224119, 0.00133765186183, -0.00153198395856, 0.00250242347829, -0.00291628483683, 0.00236361753196], [-0.00152920302935, 0.00138498586603, -0.000194341482711, 0.00618467712775, -0.00246146670543, 0.00105212442577, -0.000312355317874, 0.00246960553341, -0.00206317240372, 0.00365774729289, -0.00320450775325, 0.00139559363015, -0.00315968133509], [0.000832548947074, -0.00269580073655, -0.000457570626168, -0.00246146670543, 0.0101188896224, -0.00257244077511, -0.0013311727671, 0.00172741885763, -0.00260900706053, -0.00317229609936, 0.00507380114868, -0.00258876569569, 0.000799748348072], [-0.00101192574948, 0.00347258709371, -0.00288357096724, 0.00105212442577, -0.00257244077511, 0.0129971373826, -0.00461470289156, -0.00281038950197, 0.00256225466728, 0.00471076136455, -0.00724842539057, 0.00545391906053, -0.00261886720546], [0.000101934514532, -0.00308805168606, 0.00282539869659, -0.000312355317874, -0.0013311727671, -0.00461470289156, 0.0100222826004, -0.0026624056045, 0.00015306455316, 0.000324209744576, 0.00037811146467, -0.0019828134682, 0.00435076560825], [-0.00044651934877, 0.00243989145383, -0.00165808224119, 0.00246960553341, 0.00172741885763, -0.00281038950197, -0.0026624056045, 0.0192721411586, -0.00635116454214, -0.00197123875841, 0.000505016942043, 0.00269997376017, -0.00443111825734], [0.00105723517481, -0.00179030641448, 0.00133765186183, -0.00206317240372, -0.00260900706053, 0.00256225466728, 0.00015306455316, -0.00635116454214, 0.0149257378653, -0.00579877849668, -0.00155764317606, 0.00293091312051, -0.00114514713641], [-0.0013270706404, 0.00546963419765, -0.00153198395856, 0.00365774729289, -0.00317229609936, 0.00471076136455, 0.000324209744576, -0.00197123875841, -0.00579877849668, 0.0240775458515, -0.00992740876973, -0.00223174341954, 0.000667507527396], [0.00127433123998, -0.00578890088946, 0.00250242347829, -0.00320450775325, 0.00507380114868, -0.00724842539057, 0.00037811146467, 0.000505016942043, -0.00155764317606, -0.00992740876973, 0.0243326686323, -0.0102861020714, 0.000843566085678], [-0.000603604014032, 0.00530330184847, -0.00291628483683, 0.00139559363015, -0.00258876569569, 0.00545391906053, -0.0019828134682, 0.00269997376017, 0.00293091312051, -0.00223174341954, -0.0102861020714, 0.0243788734078, -0.00720917806029], [0.000462962809252, -0.00292167393491, 0.00236361753196, -0.00315968133509, 0.000799748348072, -0.00261886720546, 0.00435076560825, -0.00443111825734, -0.00114514713641, 0.000667507527396, 0.000843566085678, -0.00720917806029, 0.0174358356744]]
    },
    "melbands": {
        "dmean": [0.00422874931246, 0.00142268941272, 0.000918856530916, 0.00049262214452, 0.000421753182309, 0.000375417701434, 0.000382699741749, 0.000298291764921, 0.000159021190484, 0.000204334661248, 0.000161754302098, 0.000104481427115, 0.00011432734027, 8.81550076883e-05, 6.77072748658e-05, 5.79560146434e-05, 3.67147040379e-05, 3.34423493769e-05, 2.40572753682e-05, 3.46123852069e-05, 1.57901795319e-05, 1.68839651451e-05, 8.25057486509e-06, 7.56032022764e-06, 6.24942049399e-06, 6.25465781923e-06, 6.82500012772e-06, 6.77086654832e-06, 4.2656097321e-06, 3.54916937795e-06, 2.84805832962e-06, 2.36821620092e-06, 1.91146364159e-06, 1.32770458094e-06, 1.0441874565e-06, 1.09148220417e-06, 1.43506508721e-06, 1.0792549574e-06, 8.96727783584e-07, 6.46312741992e-07],
        "dmean2": [0.00751818763092, 0.00227076164447, 0.00161410111468, 0.000833928061184, 0.000675097922795, 0.000597008503973, 0.000633229210507, 0.000485663593281, 0.000253588223131, 0.000318550301017, 0.000255724589806, 0.000172693107743, 0.00018544626073, 0.000143361336086, 0.00011592656665, 9.59535464062e-05, 6.12736112089e-05, 5.42281231901e-05, 3.9752205339e-05, 5.86092210142e-05, 2.57273914031e-05, 2.82178079942e-05, 1.36775561259e-05, 1.29739264594e-05, 1.034502111e-05, 1.02785334093e-05, 1.10632172436e-05, 1.10015553219e-05, 6.83613143337e-06, 5.67107508687e-06, 4.21365984948e-06, 3.64750030712e-06, 3.03677120428e-06, 2.05604328585e-06, 1.62726689723e-06, 1.66861264006e-06, 2.27276404985e-06, 1.67645976035e-06, 1.42247790791e-06, 1.03362083337e-06],
        "dvar": [7.54155189497e-05, 6.0217371356e-06, 3.18017532663e-06, 6.59229044686e-07, 8.34150000628e-07, 7.20291382095e-07, 6.43257408228e-07, 3.52350497224e-07, 8.35514768482e-08, 1.43647866935e-07, 7.9982029888e-08, 4.39782681383e-08, 4.36155680461e-08, 5.01225194682e-08, 1.55417438918e-08, 9.41237754404e-09, 3.93897847673e-09, 2.69836419875e-09, 2.05212313809e-09, 6.56635945617e-09, 5.61238056029e-10, 1.01114150386e-09, 1.4036991014e-10, 1.82586126773e-10, 1.06999957505e-10, 8.64312649229e-11, 8.65113952697e-11, 1.29739663457e-10, 4.70373670569e-11, 2.89757835781e-11, 1.65610788971e-11, 1.18504104099e-11, 8.16721430069e-12, 5.61983922939e-12, 2.8712776514e-12, 3.52779068978e-12, 5.483260547e-12, 3.38094699806e-12, 2.65180173827e-12, 1.46584393929e-12],
        "dvar2": [0.000228920063819, 1.40125448524e-05, 8.70723215485e-06, 1.70933424215e-06, 2.06310278372e-06, 1.73695127614e-06, 1.62868593634e-06, 9.28282815948e-07, 2.05790271934e-07, 3.22591461099e-07, 1.98009075802e-07, 1.17609332051e-07, 1.11133182656e-07, 1.26540811607e-07, 4.37547100773e-08, 2.31458621158e-08, 1.03951807162e-08, 6.73114142202e-09, 5.22896481669e-09, 2.01928500587e-08, 1.44865408558e-09, 2.75893108359e-09, 3.67287200653e-10, 4.92111074113e-10, 2.87166984636e-10, 2.22336871136e-10, 2.14634324203e-10, 3.28773674951e-10, 1.1435031394e-10, 7.11897416017e-11, 3.69875761963e-11, 2.68172619527e-11, 1.94623397259e-11, 1.38256151319e-11, 6.91825719976e-12, 8.33688413443e-12, 1.32360953795e-11, 7.89498588033e-12, 6.89590398673e-12, 3.49921285524e-12],
        "max": [0.0727680325508, 0.0268804989755, 0.0159829258919, 0.00879471097142, 0.0124235982075, 0.0133459698409, 0.0105603858829, 0.00830057542771, 0.00405723089352, 0.00651052081957, 0.00388811109588, 0.00293029448949, 0.0040343599394, 0.00412148749456, 0.00195401278324, 0.00157883274369, 0.0008494425565, 0.000595480145421, 0.000780852045864, 0.00106353417505, 0.000327303132508, 0.000448668171884, 0.000154440669576, 0.000172151383595, 0.000169193634065, 0.000110177490569, 0.000109724096546, 0.000139681927976, 0.000107773397758, 7.36584188417e-05, 4.25113430538e-05, 5.89522969676e-05, 3.26948938891e-05, 3.50825830537e-05, 1.84836608241e-05, 2.94708825095e-05, 2.40189219767e-05, 2.13498624362e-05, 1.95487227757e-05, 1.54385561473e-05],
        "mean": [0.00440945615992, 0.00222043297254, 0.00106124428567, 0.000689544191118, 0.000597369100433, 0.000554604688659, 0.000550361408386, 0.000454615743365, 0.000252456375165, 0.000333057134412, 0.000254295504419, 0.00016806043277, 0.000178857488208, 0.000142580232932, 0.000104205224488, 9.00128216017e-05, 6.30093200016e-05, 5.82001557632e-05, 4.13045054302e-05, 5.66080780118e-05, 3.12271768053e-05, 3.09611277771e-05, 1.62074229593e-05, 1.4203945284e-05, 1.24572179629e-05, 1.28983638206e-05, 1.44052282849e-05, 1.34585534397e-05, 9.23797233554e-06, 7.59332579037e-06, 6.11424957242e-06, 5.24196912011e-06, 4.06726394431e-06, 2.62350317826e-06, 2.03706781576e-06, 2.09715381061e-06, 2.79094797406e-06, 2.14181591218e-06, 1.621931915e-06, 1.22104756883e-06],
        "median": [0.00102791085374, 0.00118761812337, 0.000557918217964, 0.000361434416845, 0.000267517112661, 0.000177156864083, 0.000222703441978, 0.000208709956496, 0.000120019889437, 0.000144728808664, 0.000119336800708, 8.37111438159e-05, 9.54484639806e-05, 6.94388509146e-05, 6.22824736638e-05, 5.28160890099e-05, 3.5135748476e-05, 3.57025855919e-05, 2.48127016675e-05, 2.51268374996e-05, 1.86067318282e-05, 1.63719669217e-05, 1.11689896585e-05, 9.37620461627e-06, 8.91515992407e-06, 9.17029137781e-06, 1.00540846688e-05, 8.47457067721e-06, 5.90767558606e-06, 5.07023787577e-06, 3.89208116758e-06, 3.64894685845e-06, 2.70106806965e-06, 1.65951814779e-06, 1.22457390717e-06, 1.18364414448e-06, 1.58452291998e-06, 1.225117785e-06, 9.66169409367e-07, 6.87823160206e-07],
        "min": [1.57328929618e-06, 1.88890553545e-05, 1.80966333119e-06, 5.16088562108e-07, 6.85539802703e-08, 1.46500127585e-07, 7.805539326e-07, 8.93034098226e-07, 5.08287939738e-06, 9.5551808954e-07, 9.6121380011e-07, 2.9957834613e-07, 2.41905638632e-07, 5.45725697521e-07, 7.04543055008e-08, 3.28406386529e-08, 3.34418871262e-07, 2.54669089372e-07, 2.86196506494e-08, 3.30652227376e-07, 1.24015997471e-07, 2.14782485131e-08, 6.21974471926e-09, 5.33536193004e-09, 7.49335793415e-09, 2.29478813729e-09, 1.26350463425e-09, 4.38974773198e-10, 6.61972088256e-10, 5.25256504957e-10, 3.28011867667e-10, 2.4175214608e-10, 1.92024326995e-10, 1.85333429159e-10, 8.28911037032e-11, 4.39175388764e-12, 7.5860243651e-13, 6.60832879303e-13, 5.66789453912e-13, 1.52150956222e-13],
