{
"highlevel": {
    "danceability": {
        "all": {
            "danceable": 0.999579489231,
            "not_danceable": 0.000420503230998
        },
        "probability": 0.999579489231,
        "value": "danceable"
    },
    "gender": {
        "all": {
            "female": 0.44436621666,
            "male": 0.55563378334
        },
        "probability": 0.55563378334,
        "value": "male"
    },
    "genre_dortmund": {
        "all": {
            "alternative": 0.018135400489,
            "blues": 0.0391039215028,
            "electronic": 0.255270332098,
            "folkcountry": 0.0240432880819,
            "funksoulrnb": 0.0149415768683,
            "jazz": 0.0211504194885,
            "pop": 0.139402702451,
            "raphiphop": 0.43135792017,
            "rock": 0.0565944463015
        },
        "probability": 0.43135792017,
        "value": "raphiphop"
    },
    "genre_electronic": {
        "all": {
            "ambient": 0.142680570483,
            "dnb": 0.734570741653,
            "house": 0.0487127564847,
            "techno": 0.00753134489059,
            "trance": 0.0665045529604
        },
        "probability": 0.734570741653,
        "value": "dnb"
    },
    "genre_rosamerica": {
        "all": {
            "cla": 0.00159694696777,
            "dan": 0.0733055770397,
            "hip": 0.250139772892,
            "jaz": 0.00216144905426,
            "pop": 0.616530835629,
            "rhy": 0.0213237516582,
            "roc": 0.0340368673205,
            "spe": 0.000904813176021
        },
        "probability": 0.616530835629,
        "value": "pop"
    },
    "genre_tzanetakis": {
        "all": {
            "blu": 0.0626613423228,
            "cla": 0.0348169617355,
            "cou": 0.104475811124,
            "dis": 0.0784321576357,
            "hip": 0.15692435205,
            "jaz": 0.313974827528,
            "met": 0.0448166541755,
            "pop": 0.0627359300852,
            "reg": 0.0627360641956,
            "roc": 0.0784258767962
        },
        "probability": 0.313974827528,
        "value": "jaz"
    },
    "ismir04_rhythm": {
        "all": {
            "ChaChaCha": 0.0195462480187,
            "Jive": 0.0145136546344,
            "Quickstep": 0.0474910400808,
            "Rumba-American": 0.00940908864141,
            "Rumba-International": 0.0115752378479,
            "Rumba-Misc": 0.00319802574813,
            "Samba": 0.873005270958,
            "Tango": 0.00356971775182,
            "VienneseWaltz": 0.00556570291519,
            "Waltz": 0.0121260080487
        },
        "probability": 0.873005270958,
        "value": "Samba"
    },
    "mood_acoustic": {
        "all": {
            "acoustic": 1.13688593046e-05,
            "not_acoustic": 0.999988615513
        },
        "probability": 0.999988615513,
        "value": "not_acoustic"
    },
    "mood_aggressive": {
        "all": {
            "aggressive": 0.372697114944,
            "not_aggressive": 0.627302885056
        },
        "probability": 0.627302885056,
        "value": "not_aggressive"
    },
    "mood_electronic": {
        "all": {
            "electronic": 0.653067052364,
            "not_electronic": 0.346932947636
        },
        "probability": 0.653067052364,
        "value": "electronic"
    },
    "mood_happy": {
        "all": {
            "happy": 0.950913310051,
            "not_happy": 0.0490867048502
        },
        "probability": 0.950913310051,
        "value": "happy"
    },
    "mood_party": {
        "all": {
            "not_party": 0.118928782642,
            "party": 0.881071209908
        },
        "probability": 0.881071209908,
        "value": "party"
    },
    "mood_relaxed": {
        "all": {
            "not_relaxed": 0.986600697041,
            "relaxed": 0.0133993057534
        },
        "probability": 0.986600697041,
        "value": "not_relaxed"
    },
    "mood_sad": {
        "all": {
            "not_sad": 0.969061791897,
            "sad": 0.0309381820261
        },
        "probability": 0.969061791897,
        "value": "not_sad"
    },
    "moods_mirex": {
        "all": {
            "Cluster1": 0.189300850034,
            "Cluster2": 0.164675056934,
            "Cluster3": 0.0372756458819,
            "Cluster4": 0.134237289429,
            "Cluster5": 0.474511146545
        },
        "probability": 0.474511146545,
        "value": "Cluster5"
    },
    "timbre": {
        "all": {
            "bright": 0.554950475693,
            "dark": 0.445049494505
        },
        "probability": 0.554950475693,
        "value": "bright"
    },
    "tonal_atonal": {
        "all": {
            "atonal": 0.870483458042,
            "tonal": 0.129516527057
        },
        "probability": 0.870483458042,
        "value": "atonal"
    },
    "voice_instrumental": {
        "all": {
            "instrumental": 0.00109280878678,
            "voice": 0.998907208443
        },
        "probability": 0.998907208443,
        "value": "voice"
    }
},
"lowlevel": {
    "average_loudness": 0.96201980114,
    "barkbands_crest": {
        "dmean": 3.18696260452,
        "dmean2": 5.03699874878,
        "dvar": 8.07901954651,
        "dvar2": 18.3852176666,
        "max": 25.4166660309,
        "mean": 11.7879991531,
        "median": 11.1973381042,
        "min": 2.76128387451,
        "var": 22.5090751648
    },
    "barkbands_flatness_db": {
        "dmean": 0.0261175911874,
        "dmean2": 0.0401941090822,
        "dvar": 0.000749527825974,
        "dvar2": 0.00168104970362,
        "max": 0.409717530012,
        "mean": 0.145802214742,
        "median": 0.132208332419,
        "min": 0.0440632477403,
        "var": 0.00332242134027
    },
    "barkbands_kurtosis": {
        "dmean": 5.55987787247,
        "dmean2": 8.88259887695,
        "dvar": 515.920166016,
        "dvar2": 1408.03894043,
        "max": 543.167419434,
        "mean": 5.97690486908,
        "median": 0.513964176178,
        "min": -1.95382583141,
        "var": 580.084533691
    },
    "barkbands_skewness": {
        "dmean": 0.718204915524,
        "dmean2": 1.07001578808,
        "dvar": 1.06982493401,
        "dvar2": 2.51151919365,
        "max": 21.0184803009,
        "mean": 1.59242129326,
        "median": 1.19572424889,
        "min": -1.81074166298,
        "var": 3.2156662941
    },
    "barkbands_spread": {
        "dmean": 9.96413516998,
        "dmean2": 14.8466625214,
        "dvar": 140.517883301,
        "dvar2": 278.375671387,
        "max": 119.789649963,
        "mean": 38.3888206482,
        "median": 36.6492729187,
        "min": 0.488535106182,
        "var": 470.47567749
    },
    "dissonance": {
        "dmean": 0.0154931684956,
        "dmean2": 0.0252836328,
        "dvar": 0.000272153964033,
        "dvar2": 0.000671748945024,
        "max": 0.499951541424,
        "mean": 0.470580071211,
        "median": 0.478082448244,
        "min": 0.269221395254,
        "var": 0.000708817737177
    },
    "dynamic_complexity": 2.63621091843,
    "erbbands_crest": {
        "dmean": 2.93788099289,
        "dmean2": 4.81822967529,
        "dvar": 7.70374917984,
        "dvar2": 19.4625473022,
        "max": 26.7108688354,
        "mean": 8.79310798645,
        "median": 7.76687383652,
        "min": 2.39668154716,
        "var": 18.2643032074
    },
    "erbbands_flatness_db": {
        "dmean": 0.0161182954907,
        "dmean2": 0.0239141099155,
        "dvar": 0.000228751363466,
        "dvar2": 0.000466511555715,
        "max": 0.234791740775,
        "mean": 0.133950427175,
        "median": 0.131761103868,
        "min": 0.0484910234809,
        "var": 0.00109372462612
    },
    "erbbands_kurtosis": {
        "dmean": 1.078297019,
        "dmean2": 1.70979845524,
        "dvar": 3.78220582008,
        "dvar2": 8.14669799805,
        "max": 38.5967330933,
        "mean": 0.57417422533,
        "median": -0.11320400238,
        "min": -1.80689454079,
        "var": 7.73628139496
    },
    "erbbands_skewness": {
        "dmean": 0.433860421181,
        "dmean2": 0.644249379635,
        "dvar": 0.249673396349,
        "dvar2": 0.481260746717,
        "max": 4.12546348572,
        "mean": 0.0680978819728,
        "median": 0.0447265505791,
        "min": -5.94094896317,
        "var": 0.835122942924
    },
    "erbbands_spread": {
        "dmean": 10.2397727966,
        "dmean2": 15.333530426,
        "dvar": 150.466110229,
        "dvar2": 336.435791016,
        "max": 193.384963989,
        "mean": 43.9475212097,
        "median": 39.5620269775,
        "min": 10.1017208099,
        "var": 454.99395752
    },
    "hfc": {
        "dmean": 9.96533584595,
        "dmean2": 13.5793638229,
        "dvar": 145.604827881,
        "dvar2": 263.269378662,
        "max": 132.521621704,
        "mean": 30.9915103912,
        "median": 25.370929718,
        "min": 0.330129951239,
        "var": 605.216430664
    },
    "melbands_crest": {
        "dmean": 4.31230592728,
        "dmean2": 6.9502453804,
        "dvar": 14.5270051956,
        "dvar2": 35.3941230774,
        "max": 35.4254646301,
        "mean": 21.07995224,
        "median": 21.2524280548,
        "min": 3.90645194054,
        "var": 45.6269645691
    },
    "melbands_flatness_db": {
        "dmean": 0.0325946323574,
        "dmean2": 0.0484267622232,
        "dvar": 0.00118369504344,
        "dvar2": 0.00258799130097,
        "max": 0.524668335915,
        "mean": 0.188919380307,
        "median": 0.173314839602,
        "min": 0.045839484781,
        "var": 0.00647717807442
    },
    "melbands_kurtosis": {
        "dmean": 15.2698698044,
        "dmean2": 24.0723400116,
        "dvar": 1988.93908691,
        "dvar2": 4683.41894531,
        "max": 867.508056641,
        "mean": 23.7587680817,
        "median": 8.29378128052,
        "min": -1.22824788094,
        "var": 4152.46044922
    },
    "melbands_skewness": {
        "dmean": 1.06773841381,
        "dmean2": 1.61434555054,
        "dvar": 1.75914204121,
        "dvar2": 3.82724952698,
        "max": 20.735868454,
        "mean": 3.24134230614,
        "median": 2.63144803047,
        "min": -0.0124971996993,
        "var": 6.62407779694
    },
    "melbands_spread": {
        "dmean": 11.5768852234,
        "dmean2": 17.3813037872,
        "dvar": 248.319274902,
        "dvar2": 554.622436523,
        "max": 217.465240479,
        "mean": 34.9351768494,
        "median": 29.222410202,
        "min": 0.390439391136,
        "var": 735.365478516
    },
    "pitch_salience": {
        "dmean": 0.0859133899212,
        "dmean2": 0.138043627143,
        "dvar": 0.00674663251266,
        "dvar2": 0.0159352459013,
        "max": 0.793883502483,
        "mean": 0.444331347942,
        "median": 0.447306752205,
        "min": 0.0800452679396,
        "var": 0.0182202756405
    },
    "silence_rate_20dB": {
        "dmean": 0,
        "dmean2": 0,
        "dvar": 0,
        "dvar2": 0,
        "max": 1,
        "mean": 1,
        "median": 1,
        "min": 1,
        "var": 0
    },
    "silence_rate_30dB": {
        "dmean": 0,
        "dmean2": 0,
        "dvar": 0,
        "dvar2": 0,
        "max": 1,
        "mean": 1,
        "median": 1,
        "min": 1,
        "var": 0
    },
    "silence_rate_60dB": {
        "dmean": 0.00928792543709,
        "dmean2": 0.018590239808,
        "dvar": 0.0092016402632,
        "dvar2": 0.0197937563062,
        "max": 1,
        "mean": 0.0193348806351,
        "median": 0,
        "min": 0,
        "var": 0.0189610477537
    },
    "spectral_centroid": {
        "dmean": 345.302032471,
        "dmean2": 515.32611084,
        "dvar": 173183.078125,
        "dvar2": 321981.75,
        "max": 6109.51416016,
        "mean": 2080.65917969,
        "median": 2169.68603516,
        "min": 204.961364746,
        "var": 713188.5625
    },
    "spectral_complexity": {
        "dmean": 4.57662534714,
        "dmean2": 6.4298992157,
        "dvar": 28.775138855,
        "dvar2": 43.6844367981,
        "max": 61,
        "mean": 20.7099761963,
        "median": 18,
        "min": 1,
        "var": 166.864990234
    },
    "spectral_decrease": {
        "dmean": 2.23965490598e-09,
        "dmean2": 3.4740115229e-09,
        "dvar": 7.57263667585e-18,
        "dvar2": 1.77252000514e-17,
        "max": -3.95401544839e-10,
        "mean": -7.3646049259e-09,
        "median": -6.92363189003e-09,
        "min": -3.46061632683e-08,
        "var": 2.11110703286e-17
    },
    "spectral_energy": {
        "dmean": 0.00887248385698,
        "dmean2": 0.013754571788,
        "dvar": 0.000112435060146,
        "dvar2": 0.000258758780546,
        "max": 0.131734445691,
        "mean": 0.0306067317724,
        "median": 0.0289282500744,
        "min": 0.00160093302839,
        "var": 0.00033914524829
    },
    "spectral_energyband_high": {
        "dmean": 0.000839447020553,
        "dmean2": 0.00114951853175,
        "dvar": 1.37540348533e-06,
        "dvar2": 2.53708844866e-06,
        "max": 0.0131076648831,
        "mean": 0.00211452576332,
        "median": 0.00146576552652,
        "min": 2.29114675676e-07,
        "var": 4.62518255517e-06
    },
    "spectral_energyband_low": {
        "dmean": 0.00720327720046,
        "dmean2": 0.0111549347639,
        "dvar": 0.000112697700388,
        "dvar2": 0.000270332559012,
        "max": 0.129616528749,
        "mean": 0.016537649557,
        "median": 0.0142649170011,
        "min": 6.54721807223e-05,
        "var": 0.000200261056307
    },
    "spectral_energyband_middle_high": {
        "dmean": 0.00271922489628,
        "dmean2": 0.00385759491473,
        "dvar": 1.46936608871e-05,
        "dvar2": 3.08485723508e-05,
        "max": 0.0433560721576,
        "mean": 0.00704627018422,
        "median": 0.00338755291887,
        "min": 7.27357110009e-06,
        "var": 6.42349259579e-05
    },
    "spectral_energyband_middle_low": {
        "dmean": 0.00274814665318,
        "dmean2": 0.00439725350589,
        "dvar": 1.67731996044e-05,
        "dvar2": 4.37308553956e-05,
        "max": 0.0469843074679,
        "mean": 0.00492917886004,
        "median": 0.00353217334487,
        "min": 7.69104954088e-05,
        "var": 2.30060413742e-05
    },
    "spectral_entropy": {
        "dmean": 0.154315173626,
        "dmean2": 0.215742707253,
        "dvar": 0.0346774198115,
        "dvar2": 0.0637339875102,
        "max": 8.84385204315,
        "mean": 7.90356636047,
        "median": 7.93764162064,
        "min": 6.18944835663,
        "var": 0.175296619534
    },
    "spectral_flux": {
        "dmean": 0.023480495438,
        "dmean2": 0.0360836572945,
        "dvar": 0.000589411531109,
        "dvar2": 0.0013354831608,
        "max": 0.29148119688,
        "mean": 0.0924103409052,
        "median": 0.0862273871899,
        "min": 0.00819803588092,
        "var": 0.00186817161739
    },
    "spectral_kurtosis": {
        "dmean": 1.00352394581,
        "dmean2": 1.53127920628,
        "dvar": 2.79420924187,
        "dvar2": 5.83233785629,
        "max": 43.107711792,
        "mean": 2.72061824799,
        "median": 2.49312543869,
        "min": -1.54839503765,
        "var": 7.29277706146
    },
    "spectral_rms": {
        "dmean": 0.000776064931415,
        "dmean2": 0.00119504879694,
        "dvar": 6.3501954628e-07,
        "dvar2": 1.36076209856e-06,
        "max": 0.0113367279992,
        "mean": 0.00519364047796,
        "median": 0.00531250238419,
        "min": 0.00124975433573,
        "var": 2.88637374979e-06
    },
    "spectral_rolloff": {
        "dmean": 968.26159668,
        "dmean2": 1600.76379395,
        "dvar": 2519470,
        "dvar2": 5292761.5,
        "max": 12295.4589844,
        "mean": 2300.93530273,
        "median": 1636.5234375,
        "min": 64.599609375,
        "var": 5598455
    },
    "spectral_skewness": {
        "dmean": 0.175853297114,
        "dmean2": 0.254267960787,
        "dvar": 0.040542408824,
        "dvar2": 0.0715297088027,
        "max": 4.6929602623,
        "mean": 1.25981557369,
        "median": 1.239361763,
        "min": -0.425841838121,
        "var": 0.189057424664
    },
    "spectral_spread": {
        "dmean": 764992.9375,
        "dmean2": 1028909.8125,
        "dvar": 886087680000,
        "dvar2": 1.34117248205e+12,
        "max": 17743866,
        "mean": 5914136,
        "median": 5289366,
        "min": 1436774.5,
        "var": 4.84578217165e+12
    },
    "spectral_strongpeak": {
        "dmean": 0.33123254776,
        "dmean2": 0.587833821774,
        "dvar": 0.680200099945,
        "dvar2": 1.78475272655,
        "max": 8.1487493515,
        "mean": 0.45401969552,
        "median": 0.184853628278,
        "min": 0.0302714295685,
        "var": 0.636045634747
    },
    "zerocrossingrate": {
        "dmean": 0.0167444180697,
        "dmean2": 0.0188701227307,
        "dvar": 0.000375989562599,
        "dvar2": 0.000412446650444,
        "max": 0.4013671875,
        "mean": 0.0831312984228,
        "median": 0.0751953125,
        "min": 0.001953125,
        "var": 0.00263722776435
    },
    "barkbands": {
        "dmean": [0.00074671197217, 0.00650578597561, 0.00157081475481, 0.000343935214914, 0.000524556497112, 0.000921797938645, 0.000873187032994, 0.000183331125299, 0.000831678858958, 0.000914530595765, 0.000802928523626, 0.000253737147432, 0.000639946840238, 0.000256474333582, 0.000495186599437, 0.000282066466752, 0.000288293900667, 0.000320719409501, 0.000387739099097, 0.000265901908278, 0.000201235408895, 0.000138487492222, 0.000157952192239, 0.000199418660486, 0.0001962762326, 7.29343155399e-05, 4.45889680734e-09],
        "dmean2": [0.00116837606765, 0.0102250631899, 0.00280874269083, 0.000608253991231, 0.000933970150072, 0.00159516581334, 0.00139948201831, 0.00032294302946, 0.00128470745403, 0.00149348785635, 0.0012587220408, 0.000404461286962, 0.00109127082396, 0.000396634713979, 0.000790663529187, 0.000428881088737, 0.000444711651653, 0.00049597362522, 0.000593006028794, 0.000401051860536, 0.000290220283205, 0.000211450271308, 0.000238272114075, 0.000283911504084, 0.000289692805381, 0.000107498468424, 6.71889610615e-09],
        "dvar": [1.21372374906e-06, 0.000109199354483, 2.07340108318e-05, 6.7202313403e-07, 1.78535083251e-06, 2.99699217976e-06, 3.78375807486e-06, 4.02195013294e-07, 3.0156709272e-06, 5.65703930988e-06, 3.46438878296e-06, 4.25257383085e-07, 1.68520909938e-06, 2.20425519615e-07, 1.01423825072e-06, 2.9041518701e-07, 4.40725983708e-07, 6.13183203768e-07, 4.29305146099e-07, 1.7224756732e-07, 9.46078486663e-08, 4.7039037554e-08, 6.22780973458e-08, 1.38096453384e-07, 1.39116195896e-07, 2.36734596371e-08, 3.6514044521e-15],
        "dvar2": [2.79038067674e-06, 0.000278696796158, 5.71187993046e-05, 1.86969180049e-06, 5.08602988702e-06, 8.06347543403e-06, 9.11656661629e-06, 1.12272095976e-06, 6.45456748316e-06, 1.52958982653e-05, 8.83645498106e-06, 8.89541752258e-07, 4.29126657764e-06, 4.86823864776e-07, 2.62831690634e-06, 6.25285849765e-07, 9.41143127875e-07, 1.24319126371e-06, 1.01188754797e-06, 4.15664743514e-07, 1.83529323294e-07, 9.85627011119e-08, 1.31535415449e-07, 2.78231539141e-07, 2.93888376746e-07, 4.87818745398e-08, 4.10953873877e-15],
        "max": [0.0153725733981, 0.119977809489, 0.0324403867126, 0.00671657873318, 0.0115232486278, 0.0193324070424, 0.0440385527909, 0.0114632602781, 0.0352328456938, 0.0305014122277, 0.0261820610613, 0.00889303721488, 0.0182762872428, 0.00620313128456, 0.0174214299768, 0.00630308734253, 0.0114431092516, 0.0160555373877, 0.00794940814376, 0.00370645499788, 0.00489497184753, 0.00263668806292, 0.00231800694019, 0.00422891136259, 0.00416111387312, 0.00256195198745, 2.08765754905e-06],
        "mean": [0.00269184820354, 0.0124354287982, 0.00143454351928, 0.000291389878839, 0.000636159384158, 0.00119091244414, 0.00126128224656, 0.000176887042471, 0.00132998661138, 0.00120128819253, 0.00110724486876, 0.00033757352503, 0.000908443820663, 0.000377819174901, 0.000770289101638, 0.000444486911874, 0.000474269822007, 0.000509282632265, 0.000669408938847, 0.000496760301758, 0.00043085103971, 0.000300855288515, 0.000317101861583, 0.000355346739525, 0.000342635757988, 0.000114675749501, 3.78086184583e-09],
        "median": [0.00296076480299, 0.0104641439393, 0.000426943821367, 8.90968804015e-05, 0.000265894108452, 0.000541162327863, 0.000475305772852, 4.96831380588e-05, 0.000450214312878, 0.000187178186025, 0.000219506953727, 6.89264415996e-05, 0.000377911695978, 0.000122939280118, 0.000235505402088, 0.000147390994243, 0.000213737919694, 0.000189779195352, 0.000294016470434, 0.000255017832387, 0.000217525448534, 0.000176306872163, 0.000138827730552, 0.000134309666464, 0.000160656461958, 3.24214015563e-05, 4.59950327825e-10],
        "min": [2.09455279787e-08, 5.96503332417e-06, 1.34202207391e-06, 7.00624013916e-07, 6.83861890138e-06, 1.06643401523e-05, 3.30078819388e-07, 6.06832486483e-07, 7.0037401656e-07, 4.11547262047e-07, 3.0517412597e-07, 4.6101075668e-07, 2.69774375283e-07, 2.00394865146e-07, 1.26414434476e-07, 1.30374075979e-07, 1.44107787037e-07, 4.47251657931e-08, 1.34214815262e-07, 1.14300902965e-07, 7.22760873373e-08, 2.2214349471e-08, 1.37207489814e-09, 1.04200568174e-08, 2.38070979597e-10, 9.12280806453e-11, 1.00760753907e-11],
        "var": [5.90669560552e-06, 0.000149080296978, 1.38868763315e-05, 4.48674143172e-07, 1.30432522383e-06, 3.16963473779e-06, 6.66948471917e-06, 2.80952576759e-07, 5.69034773434e-06, 9.15300915949e-06, 6.02515956416e-06, 6.92361425081e-07, 2.69429756372e-06, 3.87934704804e-07, 1.99344003704e-06, 6.22024515451e-07, 8.79794981756e-07, 9.93240178104e-07, 8.5484060719e-07, 3.86708563838e-07, 3.05683329316e-07, 1.34594330348e-07, 1.72801591702e-07, 3.35742072366e-07, 2.75126922133e-07, 5.74078455884e-08, 3.58359141786e-15]
    },
    "erbbands": {
        "dmean": [0.288081735373, 1.1754963398, 1.85226976871, 1.30594015121, 0.974689483643, 1.95851445198, 6.14187479019, 7.37525844574, 11.949801445, 8.49436187744, 6.2893576622, 23.1334247589, 9.53724765778, 39.1739006042, 25.2561988831, 12.08203125, 30.9211502075, 11.1437997818, 27.7712936401, 14.9938249588, 15.0940628052, 14.3385000229, 16.2219429016, 17.2971801758, 18.999294281, 13.8107814789, 9.99460029602, 6.96594524384, 5.01440954208, 4.17963981628, 4.9931230545, 4.52255678177, 3.22879981995, 2.36588978767, 1.36539852619, 0.472770392895, 0.112108133733, 0.00789139512926, 0.000159432369401, 1.85798544408e-05],
        "dmean2": [0.466792851686, 1.78836143017, 3.12722706795, 2.34716653824, 1.63122665882, 3.42518782616, 11.0001916885, 12.3590078354, 19.1003780365, 13.6942367554, 10.3771324158, 35.5029144287, 15.6661787033, 62.261756897, 39.3488349915, 18.8455524445, 52.2396278381, 17.5424594879, 43.9009819031, 23.8521595001, 22.5720100403, 21.6208343506, 24.2444858551, 25.7595062256, 28.6899757385, 21.1218929291, 14.5891208649, 10.2620382309, 7.66869258881, 6.19300031662, 7.60648298264, 6.69653892517, 4.58416700363, 3.5522749424, 1.97670149803, 0.714302837849, 0.165355667472, 0.0112861692905, 0.000225044423132, 2.71271946986e-05],
        "dvar": [0.182333379984, 4.31744766235, 22.3794708252, 12.3096885681, 4.48929595947, 23.4549236298, 183.920959473, 177.596008301, 824.363098145, 380.474517822, 247.863555908, 2394.62182617, 418.298706055, 8712.98144531, 3664.85327148, 877.880249023, 3579.86499023, 472.947998047, 3400.55761719, 698.463500977, 963.331359863, 987.1953125, 2247.27124023, 963.559692383, 1180.9083252, 476.604187012, 239.411987305, 121.702011108, 64.6874923706, 43.7562637329, 60.8157730103, 65.3417816162, 42.6196517944, 25.281129837, 5.72234630585, 0.835397362709, 0.0753724649549, 0.000659259385429, 1.84288992955e-07, 5.53895762589e-10],
        "dvar2": [0.509494841099, 9.85722160339, 58.0840492249, 34.5193786621, 12.2036876678, 65.4817733765, 516.836303711, 469.951477051, 2071.27539062, 927.245239258, 657.989562988, 4933.53271484, 1137.48266602, 21858.3183594, 9517.17089844, 2015.8939209, 9253.015625, 1149.94128418, 8781.73632812, 1667.52709961, 2125.65600586, 2055.24169922, 4263.16259766, 2266.06982422, 2816.7878418, 1154.85754395, 521.946228027, 239.173126221, 144.964157104, 96.3784942627, 134.661956787, 135.859725952, 88.5665054321, 56.892288208, 11.5585861206, 1.83028125763, 0.135903537273, 0.00131065608002, 3.51219370032e-07, 1.09849973562e-09],
        "max": [3.72037315369, 25.6231937408, 38.0258178711, 29.5507526398, 14.5558509827, 40.7431716919, 113.753662109, 152.680587769, 657.408691406, 229.941268921, 231.726593018, 976.372070312, 310.568878174, 1258.47106934, 903.698791504, 422.985321045, 949.868164062, 349.057739258, 1029.49377441, 308.751434326, 410.302520752, 527.448486328, 1076.62060547, 457.249328613, 446.184661865, 232.340011597, 224.731018066, 172.977600098, 82.5770645142, 68.5785064697, 72.0452575684, 95.1004943848, 82.522895813, 63.3668670654, 29.1342716217, 11.0413331985, 5.14483499527, 0.748054027557, 0.0118620702997, 0.000448118807981],
        "mean": [0.604559361935, 1.80237412453, 2.02648973465, 1.17302441597, 1.04211235046, 2.54648089409, 7.20905780792, 9.80750274658, 17.052400589, 11.3562221527, 9.0755777359, 35.8373146057, 14.4695472717, 56.3847999573, 36.1576194763, 18.7530441284, 43.8450164795, 18.7184047699, 43.7721557617, 25.3350524902, 23.9695453644, 25.5907897949, 27.2511787415, 31.2725696564, 33.4156074524, 26.1748561859, 19.7435207367, 14.9066019058, 11.1802959442, 8.23839664459, 9.70907688141, 8.04250526428, 5.62502336502, 4.05468177795, 2.29338884354, 0.733004629612, 0.179800525308, 0.011879786849, 0.00027511359076, 5.64391157241e-05],
        "median": [0.566546738148, 1.13999927044, 0.777546584606, 0.462171405554, 0.41538348794, 0.867206990719, 3.72096014023, 4.68457269669, 7.31586408615, 2.77576541901, 4.2533249855, 12.0377616882, 5.32387828827, 11.2116031647, 8.56644535065, 6.72095441818, 17.8447589874, 7.50150156021, 12.1427745819, 12.8957586288, 7.92720127106, 11.875954628, 11.5855846405, 12.9887866974, 14.389169693, 13.6357221603, 9.88110923767, 7.69327259064, 6.72372531891, 4.0770907402, 3.99412870407, 3.13099932671, 2.11858725548, 1.8217010498, 1.00319957733, 0.26203763485, 0.0425108522177, 0.00207839440554, 8.58126659296e-05, 4.94410232932e-05],
        "min": [0.000184081523912, 0.00149851304013, 0.0108355712146, 0.031202590093, 0.0343431644142, 0.0322417020798, 0.0157444663346, 0.0797939524055, 0.0167506895959, 0.0101948631927, 0.0159439686686, 0.0233264602721, 0.0217293910682, 0.0353835001588, 0.0386709682643, 0.018376622349, 0.0196139980108, 0.0150938592851, 0.00879983883351, 0.0136816576123, 0.0104370396584, 0.00947579182684, 0.00546260364354, 0.00658961385489, 0.00586031097919, 0.00593432877213, 0.00363260461017, 0.0022670829203, 0.000969478511252, 0.000380959070753, 0.000311173760565, 0.000384600280086, 5.97376129008e-05, 3.77240539819e-05, 1.45260555655e-05, 1.00075949376e-05, 1.38220957524e-06, 1.71670009763e-07, 1.14231897896e-06, 2.11463520827e-06],
        "var": [0.252450704575, 6.11624622345, 18.7362670898, 7.63807725906, 3.5216691494, 20.9206237793, 135.041091919, 202.55619812, 1373.96789551, 602.581054688, 252.627685547, 4452.60498047, 672.034118652, 15755.5673828, 5781.09326172, 1420.98791504, 5888.65917969, 927.254943848, 6730.08837891, 1390.55554199, 1953.7376709, 2109.78125, 3518.86694336, 2118.484375, 2389.62060547, 1104.84655762, 638.679321289, 370.176330566, 183.675628662, 121.007820129, 160.712097168, 158.244689941, 92.363861084, 43.979385376, 11.9764738083, 1.55181777477, 0.222932770848, 0.00188717909623, 5.54980999823e-07, 1.82147874561e-09]
    },
    "gfcc": {
        "mean": [20.5406627655, 59.0813140869, -109.766540527, 45.2800140381, -58.383556366, 33.1366233826, -32.3150863647, 26.777513504, -22.4482212067, 18.5110397339, -5.9383058548, 8.21012210846, -0.853412330151],
        "cov": [[3985.27246094, -1067.38537598, -1090.7869873, -19.7600517273, -168.316253662, -5.0613322258, -38.9913063049, 256.90536499, 8.89663600922, 255.089950562, 33.2907524109, 281.572174072, 0.84640032053], [-1067.38537598, 1112.0012207, -80.4255599976, -93.9541854858, 138.08706665, -109.387069702, 157.08253479, -95.3167724609, 58.287689209, -91.1611022949, 68.7873382568, -118.478668213, 108.780097961], [-1090.7869873, -80.4255599976, 1131.09924316, 66.7688446045, 35.7350997925, 48.0372505188, -149.909729004, 9.66405677795, -34.4973182678, -22.1768226624, -24.4167156219, -29.1216812134, -85.5096435547], [-19.7600517273, -93.9541854858, 66.7688446045, 334.941070557, 38.8790435791, 20.3832550049, -9.82676696777, -21.5534152985, 101.707420349, -18.8854579926, 35.6163368225, 30.3531646729, -6.60190629959], [-168.316253662, 138.08706665, 35.7350997925, 38.8790435791, 232.222564697, -38.7947769165, 38.83385849, 35.5249633789, 7.36287546158, 8.35614490509, 8.6251001358, 6.8144197464, 0.461020737886], [-5.0613322258, -109.387069702, 48.0372505188, 20.3832550049, -38.7947769165, 204.533569336, 36.6578025818, -41.319229126, 23.8425445557, -6.41529369354, 5.94077157974, -14.5938692093, -8.40479373932], [-38.9913063049, 157.08253479, -149.909729004, -9.82676696777, 38.83385849, 36.6578025818, 193.270050049, 41.5970649719, 21.2898292542, 2.19565033913, 22.8065853119, -19.5892524719, 23.1872825623], [256.90536499, -95.3167724609, 9.66405677795, -21.5534152985, 35.5249633789, -41.319229126, 41.5970649719, 234.001815796, 28.3067893982, 49.0050735474, 19.787311554, 21.0162582397, 32.5493049622], [8.89663600922, 58.287689209, -34.4973182678, 101.707420349, 7.36287546158, 23.8425445557, 21.2898292542, 28.3067893982, 183.85585022, 21.3152141571, 49.1746063232, 25.9807281494, 11.9979448318], [255.089950562, -91.1611022949, -22.1768226624, -18.8854579926, 8.35614490509, -6.41529369354, 2.19565033913, 49.0050735474, 21.3152141571, 113.544784546, 40.2301826477, 32.852645874, 14.9330997467], [33.2907524109, 68.7873382568, -24.4167156219, 35.6163368225, 8.6251001358, 5.94077157974, 22.8065853119, 19.787311554, 49.1746063232, 40.2301826477, 116.771934509, 32.6535873413, 29.6534500122], [281.572174072, -118.478668213, -29.1216812134, 30.3531646729, 6.8144197464, -14.5938692093, -19.5892524719, 21.0162582397, 25.9807281494, 32.852645874, 32.6535873413, 105.451118469, 3.19772744179], [0.84640032053, 108.780097961, -85.5096435547, -6.60190629959, 0.461020737886, -8.40479373932, 23.1872825623, 32.5493049622, 11.9979448318, 14.9330997467, 29.6534500122, 3.19772744179, 109.650489807]],
        "icov": [[0.000779355294071, 0.000260777509538, 0.000882518477738, -0.00020977317763, 0.000328572408762, -0.000390535162296, 0.000558583473321, -0.000863872352056, 0.000445941084763, -0.000993185909465, 0.000243506656261, -0.00117648288142, 0.000572789809667], [0.000260777509538, 0.00352730811574, -0.000295428006211, 0.00209261081181, -0.00170611788053, 0.00297174532898, -0.00251857144758, 0.00273230602033, -0.00257855653763, 0.00273643666878, -0.00270540616475, 0.00280616921373, -0.00308995950036], [0.000882518477738, -0.000295428006211, 0.00227724923752, -0.000860324129462, 0.000309314025799, -0.00156380177941, 0.00226708478294, -0.00203426857479, 0.00130153284408, -0.00148675811943, 0.000433755340055, -0.00127395079471, 0.00199355953373], [-0.00020977317763, 0.00209261081181, -0.000860324129462, 0.0054976278916, -0.00195716228336, 0.00188404892106, -0.00157305086032, 0.00266258534975, -0.00405243458226, 0.00355158839375, -0.0024883649312, 0.00138256826904, -0.00212702248245], [0.000328572408762, -0.00170611788053, 0.000309314025799, -0.00195716228336, 0.00611637765542, -0.000508122320753, 5.42544621567e-05, -0.00221417122521, 0.00185224914458, -0.00242093717679, 0.00171162746847, -0.00245641591027, 0.00213032681495], [-0.000390535162296, 0.00297174532898, -0.00156380177941, 0.00188404892106, -0.000508122320753, 0.00904477201402, -0.00479015428573, 0.00454676151276, -0.00353257684037, 0.00283628515899, -0.00255101220682, 0.00376710505225, -0.003112237202], [0.000558583473321, -0.00251857144758, 0.00226708478294, -0.00157305086032, 5.42544621567e-05, -0.00479015428573, 0.0101218409836, -0.00469351746142, 0.00228278595023, -0.0022564153187, 0.000762806506827, -0.00127794581931, 0.00294144428335], [-0.000863872352056, 0.00273230602033, -0.00203426857479, 0.00266258534975, -0.00221417122521, 0.00454676151276, -0.00469351746142, 0.00928616151214, -0.00388715369627, 0.00181878043804, -0.00197451864369, 0.00324974115938, -0.00491941487417], [0.000445941084763, -0.00257855653763, 0.00130153284408, -0.00405243458226, 0.00185224914458, -0.00353257684037, 0.00228278595023, -0.00388715369627, 0.0100565655157, -0.00359560968354, 0.000357037060894, -0.00353428185917, 0.00311403837986], [-0.000993185909465, 0.00273643666878, -0.00148675811943, 0.00355158839375, -0.00242093717679, 0.00283628515899, -0.0022564153187, 0.00181878043804, -0.00359560968354, 0.0158846490085, -0.00614950899035, 0.00201304606162, -0.0036533321254], [0.000243506656261, -0.00270540616475, 0.000433755340055, -0.0024883649312, 0.00171162746847, -0.00255101220682, 0.000762806506827, -0.00197451864369, 0.000357037060894, -0.00614950899035, 0.0146009735763, -0.00547873275355, 0.000102145408164], [-0.00117648288142, 0.00280616921373, -0.00127395079471, 0.00138256826904, -0.00245641591027, 0.00376710505225, -0.00127794581931, 0.00324974115938, -0.00353428185917, 0.00201304606162, -0.00547873275355, 0.0168529916555, -0.00297766528092], [0.000572789809667, -0.00308995950036, 0.00199355953373, -0.00212702248245, 0.00213032681495, -0.003112237202, 0.00294144428335, -0.00491941487417, 0.00311403837986, -0.0036533321254, 0.000102145408164, -0.00297766528092, 0.0144142843783]]
    },
    "melbands": {
        "dmean": [0.00212763808668, 0.000981164281256, 0.00022441141482, 8.95488265087e-05, 0.000190863516764, 0.000166755344253, 0.000181059192983, 7.84110088716e-05, 7.66228913562e-05, 0.000130124433781, 5.28738128196e-05, 0.000164186203619, 0.000109260996396, 2.61171880993e-05, 6.77545613144e-05, 4.79305163026e-05, 2.05114447454e-05, 4.49143299193e-05, 2.61515815509e-05, 1.97363606276e-05, 1.76138200914e-05, 1.28143819893e-05, 2.26434913202e-05, 1.50724154082e-05, 1.47136624946e-05, 1.79482431122e-05, 1.00306933746e-05, 9.30453097681e-06, 7.67396159063e-06, 5.04363697473e-06, 4.18049648943e-06, 3.14059298034e-06, 2.64830828201e-06, 2.51894130088e-06, 2.92171898764e-06, 3.11133385367e-06, 2.89920058094e-06, 2.43719682658e-06, 2.15603427023e-06, 2.12855388781e-06],
        "dmean2": [0.00338591542095, 0.00149855739437, 0.000393603462726, 0.000154922148795, 0.000338383106282, 0.000282670283923, 0.000287986593321, 0.000126456434373, 0.000123265053844, 0.000200815848075, 8.89686780283e-05, 0.000261332839727, 0.000170866565895, 4.10269676649e-05, 0.000113423862786, 7.96662134235e-05, 3.21294064634e-05, 7.07588624209e-05, 4.24066893174e-05, 3.09224851662e-05, 2.73428140645e-05, 2.00837475859e-05, 3.41439299518e-05, 2.35171974055e-05, 2.24304167205e-05, 2.75074307865e-05, 1.57675385708e-05, 1.4529490727e-05, 1.19477081171e-05, 7.48024876884e-06, 6.37658013147e-06, 4.80822745885e-06, 4.15677550336e-06, 3.89106480725e-06, 4.51266032542e-06, 4.71390558232e-06, 4.30442651123e-06, 3.46446017829e-06, 3.23725771523e-06, 3.25656992572e-06],
        "dvar": [1.0649880096e-05, 3.59592831956e-06, 3.33724671009e-07, 4.21518144833e-08, 1.83342308446e-07, 8.97036400715e-08, 1.83309964541e-07, 3.29116467412e-08, 3.12061700924e-08, 7.46171338051e-08, 1.55015875691e-08, 1.61233856488e-07, 6.72642386235e-08, 4.62305127513e-09, 2.761829343e-08, 6.68237642998e-09, 1.67056912748e-09, 8.96476404222e-09, 2.67278643662e-09, 1.31114397117e-09, 1.37022126978e-09, 9.17290965408e-10, 3.09991632363e-09, 1.45310041777e-09, 7.26597559897e-10, 1.0475624812e-09, 2.61284244241e-10, 2.3036092478e-10, 1.68551797519e-10, 6.15523187975e-11, 4.55322481108e-11, 2.61724617673e-11, 1.56083097835e-11, 1.72794729913e-11, 2.42662747535e-11, 2.8606134822e-11, 2.81668195712e-11, 2.43371971881e-11, 1.92876825622e-11, 1.92040567476e-11],
        "dvar2": [2.84987163468e-05, 7.53744734538e-06, 9.28511838083e-07, 1.16512012482e-07, 5.17490491347e-07, 2.37358889876e-07, 4.48128247399e-07, 8.01289345986e-08, 7.8760919564e-08, 1.5202317627e-07, 4.33204263572e-08, 4.1243450255e-07, 1.69758308743e-07, 9.95632287726e-09, 7.08571974428e-08, 1.75481496001e-08, 3.99240729365e-09, 2.30366872245e-08, 6.58045706814e-09, 2.96563995583e-09, 3.06498515457e-09, 2.07263584073e-09, 6.27388763164e-09, 3.32333671693e-09, 1.77831416259e-09, 2.52348586471e-09, 6.46627418277e-10, 5.64633007016e-10, 4.13971024127e-10, 1.24524793255e-10, 9.70740987594e-11, 5.91686213913e-11, 3.48835300923e-11, 4.1747553331e-11, 5.68353211716e-11, 6.18460074819e-11, 6.00586455568e-11, 5.06968564351e-11, 4.3616645018e-11, 4.39298770971e-11],
        "max": [0.0336631163955, 0.0178981162608, 0.0047972057946, 0.00166646530852, 0.00366498646326, 0.00340995355509, 0.0100995237008, 0.00217855069786, 0.00278744939715, 0.00532860402018, 0.00192263757344, 0.00540117453784, 0.00383753003553, 0.000870749063324, 0.00270543107763, 0.00132214394398, 0.000600560219027, 0.00180283410009, 0.000682494195644, 0.000526729272678, 0.000513417762704, 0.000620642851572, 0.00102419836912, 0.000810925266705, 0.000379991688533, 0.000444038829301, 0.0001773146505, 0.000184957068996, 0.00018820236437, 0.000121760785987, 0.000114440561447, 5.28304371983e-05, 4.56559318991e-05, 4.4516818889e-05, 5.90462332184e-05, 6.71798115945e-05, 6.58463613945e-05, 6.69201181154e-05, 5.42749294254e-05, 5.03606024722e-05],
        "mean": [0.00439098291099, 0.00148645741865, 0.000208498662687, 0.00011676113354, 0.000234352424741, 0.000221258203965, 0.000260788714513, 9.99929688987e-05, 0.000115823138913, 0.000200067122933, 6.81565215928e-05, 0.000233140570344, 0.000153509929078, 3.47474815499e-05, 9.52294722083e-05, 6.72423557262e-05, 3.00834963127e-05, 6.97291106917e-05, 4.30750624218e-05, 3.02069984173e-05, 2.57426581811e-05, 2.17352207983e-05, 3.3838859963e-05, 2.2777239792e-05, 2.45359515247e-05, 2.89794916171e-05, 1.73394291778e-05, 1.67497528309e-05, 1.33949370138e-05, 9.70543442236e-06, 8.1614807641e-06, 6.31896818959e-06, 5.50002005184e-06, 4.211425221e-06, 5.38123640581e-06, 5.67672850593e-06, 4.68316693514e-06, 4.03212970923e-06, 3.44666887031e-06, 3.44845329892e-06],
        "median": [0.00397792691365, 0.000754865119234, 8.39558779262e-05, 3.98865558964e-05, 0.000133521098178, 0.000107143401692, 0.000106852829049, 2.37427339016e-05, 4.28703970101e-05, 6.82154714013e-05, 1.83159991138e-05, 4.44633587904e-05, 3.02064490825e-05, 7.72467137722e-06, 3.75028030248e-05, 3.02339412883e-05, 8.32230125525e-06, 1.86695197044e-05, 1.56870137289e-05, 1.19585856737e-05, 7.97175653133e-06, 1.0174981071e-05, 1.30508815346e-05, 7.48098364056e-06, 9.71348708845e-06, 1.13293244794e-05, 8.4549346866e-06, 8.70810890774e-06, 5.97744383413e-06, 4.85066857436e-06, 4.37443759438e-06, 3.70002726413e-06, 2.66852543973e-06, 1.95138227355e-06, 2.15118234337e-06, 2.17736919694e-06, 1.56139583396e-06, 1.47002867834e-06, 1.27567750496e-06, 1.57975341608e-06],
        "min": [1.63596746461e-06, 3.49712013303e-06, 2.5466988518e-06, 1.04590822048e-06, 4.06198381597e-07, 1.9262506612e-06, 1.83778936957e-07, 7.96047459062e-08, 1.16451126075e-07, 1.09675205806e-07, 8.68026006628e-08, 1.16268502381e-07, 8.23561592256e-08, 6.02391665439e-08, 3.63610830334e-08, 3.52920679347e-08, 2.11060626754e-08, 1.17595302385e-08, 1.35991360395e-08, 1.27064900823e-08, 5.8576321571e-09, 7.8876061238e-09, 4.27856594598e-09, 1.99117167199e-09, 4.54449367027e-09, 4.17741574665e-09, 3.44414918807e-09, 3.59934904104e-09, 2.15533635384e-09, 2.14277973143e-09, 9.50792888865e-10, 5.47631717751e-10, 1.74235001427e-10, 2.3023702736e-11, 5.74202198376e-13, 7.39833107971e-12, 1.75226805288e-10, 3.62341302795e-11, 3.99338461604e-12, 1.84326425651e-12],
