{
"highlevel": {
    "danceability": {
        "all": {
            "danceable": 0.998727560043,
            "not_danceable": 0.00127242039889
        },
        "probability": 0.998727560043,
        "value": "danceable"
    },
    "gender": {
        "all": {
            "female": 0.842736542225,
            "male": 0.157263472676
        },
        "probability": 0.842736542225,
        "value": "female"
    },
    "genre_dortmund": {
        "all": {
            "alternative": 0.0538669377565,
            "blues": 0.0970272272825,
            "electronic": 0.0435569025576,
            "folkcountry": 0.0521697178483,
            "funksoulrnb": 0.0537914969027,
            "jazz": 0.305819809437,
            "pop": 0.111681655049,
            "raphiphop": 0.191507950425,
            "rock": 0.0905783176422
        },
        "probability": 0.305819809437,
        "value": "jazz"
    },
    "genre_electronic": {
        "all": {
            "ambient": 0.199067264795,
            "dnb": 0.0729967057705,
            "house": 0.391036838293,
            "techno": 0.0206094291061,
            "trance": 0.316289782524
        },
        "probability": 0.391036838293,
        "value": "house"
    },
    "genre_rosamerica": {
        "all": {
            "cla": 0.00305110914633,
            "dan": 0.642391324043,
            "hip": 0.146526902914,
            "jaz": 0.00599678652361,
            "pop": 0.143106386065,
            "rhy": 0.0456551089883,
            "roc": 0.00922441203147,
            "spe": 0.00404797540978
        },
        "probability": 0.642391324043,
        "value": "dan"
    },
    "genre_tzanetakis": {
        "all": {
            "blu": 0.0626613423228,
            "cla": 0.0348169617355,
            "cou": 0.104475811124,
            "dis": 0.0784321576357,
            "hip": 0.15692435205,
            "jaz": 0.313974827528,
            "met": 0.0448166541755,
            "pop": 0.0627359300852,
            "reg": 0.0627360641956,
            "roc": 0.0784258767962
        },
        "probability": 0.313974827528,
        "value": "jaz"
    },
    "ismir04_rhythm": {
        "all": {
            "ChaChaCha": 0.0397931188345,
            "Jive": 0.0218780692667,
            "Quickstep": 0.0231662914157,
            "Rumba-American": 0.0210693571717,
            "Rumba-International": 0.0112715978175,
            "Rumba-Misc": 0.00240751565434,
            "Samba": 0.874430954456,
            "Tango": 0.00372827122919,
            "VienneseWaltz": 0.0010159475496,
            "Waltz": 0.00123885180801
        },
        "probability": 0.874430954456,
        "value": "Samba"
    },
    "mood_acoustic": {
        "all": {
            "acoustic": 0.0248488597572,
            "not_acoustic": 0.975151121616
        },
        "probability": 0.975151121616,
        "value": "not_acoustic"
    },
    "mood_aggressive": {
        "all": {
            "aggressive": 0.0184263810515,
            "not_aggressive": 0.9815736413
        },
        "probability": 0.9815736413,
        "value": "not_aggressive"
    },
    "mood_electronic": {
        "all": {
            "electronic": 0.715250849724,
            "not_electronic": 0.284749180079
        },
        "probability": 0.715250849724,
        "value": "electronic"
    },
    "mood_happy": {
        "all": {
            "happy": 0.47645765543,
            "not_happy": 0.52354234457
        },
        "probability": 0.52354234457,
        "value": "not_happy"
    },
    "mood_party": {
        "all": {
            "not_party": 0.266318053007,
            "party": 0.733681917191
        },
        "probability": 0.733681917191,
        "value": "party"
    },
    "mood_relaxed": {
        "all": {
            "not_relaxed": 0.798315763474,
            "relaxed": 0.201684251428
        },
        "probability": 0.798315763474,
        "value": "not_relaxed"
    },
    "mood_sad": {
        "all": {
            "not_sad": 0.620419502258,
            "sad": 0.379580497742
        },
        "probability": 0.620419502258,
        "value": "not_sad"
    },
    "moods_mirex": {
        "all": {
            "Cluster1": 0.258935451508,
            "Cluster2": 0.212393596768,
            "Cluster3": 0.10428377986,
            "Cluster4": 0.191032230854,
            "Cluster5": 0.233354955912
        },
        "probability": 0.258935451508,
        "value": "Cluster1"
    },
    "timbre": {
        "all": {
            "bright": 0.999999761581,
            "dark": 2.31015519603e-07
        },
        "probability": 0.999999761581,
        "value": "bright"
    },
    "tonal_atonal": {
        "all": {
            "atonal": 0.142791509628,
            "tonal": 0.857208490372
        },
        "probability": 0.857208490372,
        "value": "tonal"
    },
    "voice_instrumental": {
        "all": {
            "instrumental": 0.310338616371,
            "voice": 0.689661383629
        },
        "probability": 0.689661383629,
        "value": "voice"
    }
},
"lowlevel": {
    "average_loudness": 0.981743037701,
    "barkbands_crest": {
        "dmean": 3.40129876137,
        "dmean2": 5.44593906403,
        "dvar": 10.6360778809,
        "dvar2": 25.3604755402,
        "max": 25.1562900543,
        "mean": 12.5156126022,
        "median": 12.0397453308,
        "min": 2.70329904556,
        "var": 25.9756793976
    },
    "barkbands_flatness_db": {
        "dmean": 0.0289651565254,
        "dmean2": 0.0437566153705,
        "dvar": 0.000875220284797,
        "dvar2": 0.00197002012283,
        "max": 0.374878704548,
        "mean": 0.152589455247,
        "median": 0.14340916276,
        "min": 0.0380061939359,
        "var": 0.00315225170925
    },
    "barkbands_kurtosis": {
        "dmean": 6.73075008392,
        "dmean2": 10.8647317886,
        "dvar": 242.264709473,
        "dvar2": 632.973571777,
        "max": 225.767868042,
        "mean": 8.53245162964,
        "median": 2.22884273529,
        "min": -1.90492105484,
        "var": 364.920684814
    },
    "barkbands_skewness": {
        "dmean": 0.850387692451,
        "dmean2": 1.28076910973,
        "dvar": 1.19799053669,
        "dvar2": 2.73804211617,
        "max": 13.939573288,
        "mean": 2.13109564781,
        "median": 1.63208067417,
        "min": -2.80134797096,
        "var": 3.40905690193
    },
    "barkbands_spread": {
        "dmean": 9.38110542297,
        "dmean2": 14.5470790863,
        "dvar": 125.358901978,
        "dvar2": 269.415283203,
        "max": 106.113006592,
        "mean": 28.0635299683,
        "median": 24.8483543396,
        "min": 0.794630050659,
        "var": 309.618865967
    },
    "dissonance": {
        "dmean": 0.0210842192173,
        "dmean2": 0.0347782559693,
        "dvar": 0.0003691346501,
        "dvar2": 0.00100510416087,
        "max": 0.499808132648,
        "mean": 0.459486216307,
        "median": 0.465803951025,
        "min": 0.346836298704,
        "var": 0.000775749504101
    },
    "dynamic_complexity": 2.0651807785,
    "erbbands_crest": {
        "dmean": 2.77220439911,
        "dmean2": 4.2756652832,
        "dvar": 6.7857427597,
        "dvar2": 14.6878948212,
        "max": 25.7751483917,
        "mean": 9.53751659393,
        "median": 8.48587226868,
        "min": 2.6973900795,
        "var": 20.5872840881
    },
    "erbbands_flatness_db": {
        "dmean": 0.0190098267049,
        "dmean2": 0.0262355431914,
        "dvar": 0.000334380660206,
        "dvar2": 0.000634513853583,
        "max": 0.28015717864,
        "mean": 0.132849946618,
        "median": 0.132330074906,
        "min": 0.0620440468192,
        "var": 0.00125196506269
    },
    "erbbands_kurtosis": {
        "dmean": 0.99172526598,
        "dmean2": 1.54463493824,
        "dvar": 4.22362089157,
        "dvar2": 11.1319828033,
        "max": 40.7667617798,
        "mean": 0.169102922082,
        "median": -0.331515312195,
        "min": -1.81924688816,
        "var": 4.43996620178
    },
    "erbbands_skewness": {
        "dmean": 0.394480884075,
        "dmean2": 0.578697741032,
        "dvar": 0.179622128606,
        "dvar2": 0.390363097191,
        "max": 5.47855234146,
        "mean": 0.440229445696,
        "median": 0.429987877607,
        "min": -3.29158830643,
        "var": 0.577445685863
    },
    "erbbands_spread": {
        "dmean": 14.5558319092,
        "dmean2": 20.778711319,
        "dvar": 279.671356201,
        "dvar2": 483.982421875,
        "max": 172.419250488,
        "mean": 55.5752601624,
        "median": 48.8877601624,
        "min": 5.53243207932,
        "var": 791.015563965
    },
    "hfc": {
        "dmean": 13.6975593567,
        "dmean2": 20.6384334564,
        "dvar": 433.987426758,
        "dvar2": 1055.36425781,
        "max": 143.702804565,
        "mean": 26.1022491455,
        "median": 19.8921108246,
        "min": 0.184248924255,
        "var": 557.052978516
    },
    "melbands_crest": {
        "dmean": 3.64754343033,
        "dmean2": 5.68140363693,
        "dvar": 12.5574617386,
        "dvar2": 28.584733963,
        "max": 36.1034393311,
        "mean": 17.4912624359,
        "median": 16.9700908661,
        "min": 3.18829274178,
        "var": 39.6020965576
    },
    "melbands_flatness_db": {
        "dmean": 0.0362153500319,
        "dmean2": 0.0531543456018,
        "dvar": 0.00148724694736,
        "dvar2": 0.00304119335487,
        "max": 0.477544218302,
        "mean": 0.206345394254,
        "median": 0.195989459753,
        "min": 0.0385131165385,
        "var": 0.00614000530913
    },
    "melbands_kurtosis": {
        "dmean": 24.5180988312,
        "dmean2": 38.4890365601,
        "dvar": 2839.09985352,
        "dvar2": 6509.74414062,
        "max": 757.883300781,
        "mean": 36.0238113403,
        "median": 12.1680746078,
        "min": -1.78634285927,
        "var": 5225.28808594
    },
    "melbands_skewness": {
        "dmean": 1.40263235569,
        "dmean2": 2.06527471542,
        "dvar": 3.34616112709,
        "dvar2": 6.79847812653,
        "max": 22.5372943878,
        "mean": 3.98372197151,
        "median": 3.03360104561,
        "min": -0.164251804352,
        "var": 9.7838640213
    },
    "melbands_spread": {
        "dmean": 9.10886001587,
        "dmean2": 13.9511566162,
        "dvar": 160.723098755,
        "dvar2": 300.544891357,
        "max": 225.672088623,
        "mean": 24.1945266724,
        "median": 20.6841526031,
        "min": 0.52814000845,
        "var": 404.817047119
    },
    "pitch_salience": {
        "dmean": 0.0923335626721,
        "dmean2": 0.146537452936,
        "dvar": 0.00776713481173,
        "dvar2": 0.0198336094618,
        "max": 0.828008115292,
        "mean": 0.461195856333,
        "median": 0.453763753176,
        "min": 0.0727392882109,
        "var": 0.0186488348991
    },
    "silence_rate_20dB": {
        "dmean": 0,
        "dmean2": 0,
        "dvar": 0,
        "dvar2": 0,
        "max": 1,
        "mean": 1,
        "median": 1,
        "min": 1,
        "var": 0
    },
    "silence_rate_30dB": {
        "dmean": 0.0572755411267,
        "dmean2": 0.114639811218,
        "dvar": 0.0539951920509,
        "dvar2": 0.135578498244,
        "max": 1,
        "mean": 0.959783434868,
        "median": 1,
        "min": 0,
        "var": 0.0385992452502
    },
    "silence_rate_60dB": {
        "dmean": 0.0170278642327,
        "dmean2": 0.0340821072459,
        "dvar": 0.0167378857732,
        "dvar2": 0.0375681333244,
        "max": 1,
        "mean": 0.0170146953315,
        "median": 0,
        "min": 0,
        "var": 0.0167253986001
    },
    "spectral_centroid": {
        "dmean": 340.892913818,
        "dmean2": 504.718231201,
        "dvar": 135181.03125,
        "dvar2": 255956.671875,
        "max": 4776.01318359,
        "mean": 1529.45739746,
        "median": 1451.89538574,
        "min": 228.45022583,
        "var": 476601.03125
    },
    "spectral_complexity": {
        "dmean": 5.0154800415,
        "dmean2": 7.58017063141,
        "dvar": 38.0154876709,
        "dvar2": 78.784362793,
        "max": 53,
        "mean": 16.3263721466,
        "median": 15,
        "min": 1,
        "var": 82.7101287842
    },
    "spectral_decrease": {
        "dmean": 4.25544799398e-09,
        "dmean2": 6.44372777359e-09,
        "dvar": 4.13877172513e-17,
        "dvar2": 8.24454092905e-17,
        "max": -8.07786199042e-11,
        "mean": -8.66717542181e-09,
        "median": -5.81481574002e-09,
        "min": -4.39602629854e-08,
        "var": 6.45174738884e-17
    },
    "spectral_energy": {
        "dmean": 0.0166869815439,
        "dmean2": 0.0252813082188,
        "dvar": 0.000624827807769,
        "dvar2": 0.00122168427333,
        "max": 0.168638750911,
        "mean": 0.0350794605911,
        "median": 0.0238179955631,
        "min": 0.000329913513269,
        "var": 0.000985008780845
    },
    "spectral_energyband_high": {
        "dmean": 0.00127100187819,
        "dmean2": 0.00193469051737,
        "dvar": 3.97772146243e-06,
        "dvar2": 9.54573715717e-06,
        "max": 0.0170939862728,
        "mean": 0.00183484877925,
        "median": 0.00100363639649,
        "min": 2.764222927e-06,
        "var": 5.22116761204e-06
    },
    "spectral_energyband_low": {
        "dmean": 0.011292421259,
        "dmean2": 0.0172442868352,
        "dvar": 0.000500180060044,
        "dvar2": 0.00104146031663,
        "max": 0.159605026245,
        "mean": 0.01915002428,
        "median": 0.00988787785172,
        "min": 1.72296074652e-06,
        "var": 0.000781458220445
    },
    "spectral_energyband_middle_high": {
        "dmean": 0.00142598559614,
        "dmean2": 0.00219572894275,
        "dvar": 3.37564347319e-06,
        "dvar2": 8.65657966642e-06,
        "max": 0.0211811065674,
        "mean": 0.00372712849639,
        "median": 0.0030219682958,
        "min": 1.74523702299e-05,
        "var": 1.01965715658e-05
    },
    "spectral_energyband_middle_low": {
        "dmean": 0.00801114272326,
        "dmean2": 0.0127095030621,
        "dvar": 0.000227323718718,
        "dvar2": 0.000545297982171,
        "max": 0.107804298401,
        "mean": 0.0114859230816,
        "median": 0.00676055578515,
        "min": 0.000144599442137,
        "var": 0.000239519635215
    },
    "spectral_entropy": {
        "dmean": 0.230507045984,
        "dmean2": 0.319254755974,
        "dvar": 0.0542861483991,
        "dvar2": 0.113518334925,
        "max": 8.67232513428,
        "mean": 7.65308141708,
        "median": 7.66148948669,
        "min": 5.54788351059,
        "var": 0.149391889572
    },
    "spectral_flux": {
        "dmean": 0.0425384752452,
        "dmean2": 0.066784620285,
        "dvar": 0.00257859588601,
        "dvar2": 0.00506518874317,
        "max": 0.352671772242,
        "mean": 0.100182130933,
        "median": 0.0736639350653,
        "min": 0.00977928284556,
        "var": 0.00507028447464
    },
    "spectral_kurtosis": {
        "dmean": 0.99567002058,
        "dmean2": 1.53816282749,
        "dvar": 1.28874444962,
        "dvar2": 2.86732602119,
        "max": 16.0576324463,
        "mean": 2.30635070801,
        "median": 2.01761674881,
        "min": -0.922605514526,
        "var": 2.89538383484
    },
    "spectral_rms": {
        "dmean": 0.00124597211834,
        "dmean2": 0.00183048681356,
        "dvar": 2.58175509771e-06,
        "dvar2": 4.77625326312e-06,
        "max": 0.0128267537802,
        "mean": 0.0053893532604,
        "median": 0.00482048420236,
        "min": 0.000567333074287,
        "var": 5.17873286299e-06
    },
    "spectral_rolloff": {
        "dmean": 842.180725098,
        "dmean2": 1417.65563965,
        "dvar": 2007803,
        "dvar2": 4161101,
        "max": 11950.9277344,
        "mean": 1674.27648926,
        "median": 968.994140625,
        "min": 43.06640625,
        "var": 3945358.25
    },
    "spectral_skewness": {
        "dmean": 0.202642977238,
        "dmean2": 0.296262413263,
        "dvar": 0.0425181239843,
        "dvar2": 0.0831255242229,
        "max": 3.43892168999,
        "mean": 1.2762169838,
        "median": 1.25826001167,
        "min": -0.0218399669975,
        "var": 0.13733060658
    },
    "spectral_spread": {
        "dmean": 900679.3125,
        "dmean2": 1303371.25,
        "dvar": 914861588480,
        "dvar2": 1.99448369562e+12,
        "max": 14972400,
        "mean": 6261549,
        "median": 6042595,
        "min": 2552503.5,
        "var": 3.12388091904e+12
    },
    "spectral_strongpeak": {
        "dmean": 0.473773360252,
        "dmean2": 0.814644396305,
        "dvar": 0.60282099247,
        "dvar2": 1.52195072174,
        "max": 8.11401557922,
        "mean": 0.777931690216,
        "median": 0.410462737083,
        "min": 0,
        "var": 0.856206357479
    },
    "zerocrossingrate": {
        "dmean": 0.0166178140789,
        "dmean2": 0.0194665752351,
        "dvar": 0.000320565421134,
        "dvar2": 0.000370701658539,
        "max": 0.3701171875,
        "mean": 0.0726783797145,
        "median": 0.06494140625,
        "min": 0.0048828125,
        "var": 0.00181359704584
    },
    "barkbands": {
        "dmean": [0.000379047036404, 0.0100010680035, 0.00282415747643, 0.00236635655165, 0.00463589420542, 0.000808089156635, 0.000455759756733, 0.000569383613765, 0.000824528571684, 0.000397942145355, 0.000297201273497, 0.000196863853489, 0.00018117261061, 0.000163228498423, 0.000198768597329, 0.000162338648806, 0.000301120249787, 0.000191777231521, 0.000221897498704, 0.000170633924427, 0.000149820334627, 0.000229474811931, 0.000256719533354, 0.00034980365308, 0.000243792921538, 0.000107468003989, 7.43623672861e-07],
        "dmean2": [0.000588704831898, 0.0164759345353, 0.0046073673293, 0.00437675183639, 0.00731475371867, 0.00127222132869, 0.000772489001974, 0.000862587417942, 0.00124516221695, 0.00062172167236, 0.000442915130407, 0.000301522406517, 0.000273398385616, 0.000245105882641, 0.000315550336381, 0.000265508919256, 0.000508159399033, 0.000316562975058, 0.000368623324903, 0.000269959564321, 0.000229155892157, 0.000354559597326, 0.000405683094868, 0.000544490641914, 0.000388896616641, 0.00018092506798, 1.25266785744e-06],
        "dvar": [7.50014805817e-07, 0.00047036720207, 5.49785763724e-05, 3.55998963641e-05, 0.000137161638122, 1.89895160929e-06, 8.65593392518e-07, 9.33904004796e-07, 1.73968123818e-06, 8.7898001766e-07, 2.70071979003e-07, 1.8363017773e-07, 1.1286223156e-07, 7.80415021495e-08, 1.2560994378e-07, 1.22459681506e-07, 4.44353503326e-07, 1.35381597488e-07, 1.06067702177e-07, 5.70241063258e-08, 6.68041408858e-08, 1.66564333881e-07, 1.57673724743e-07, 3.31987280333e-07, 1.91617147038e-07, 4.51368258325e-08, 3.86280157166e-12],
        "dvar2": [1.70027203694e-06, 0.001216743025, 0.000141813594382, 0.000103962156572, 0.000309564697091, 4.13623729401e-06, 2.1286334686e-06, 1.94306903722e-06, 3.54632334165e-06, 2.10635653275e-06, 5.43551095689e-07, 4.04238193141e-07, 2.37121980717e-07, 1.57246120125e-07, 2.8974929478e-07, 2.77438033436e-07, 1.22391941204e-06, 3.56812279279e-07, 2.81369068489e-07, 1.39011376632e-07, 1.59005381306e-07, 4.11300959513e-07, 3.79521964078e-07, 7.94550715e-07, 4.77623245843e-07, 1.16888323021e-07, 9.89111917371e-12],
        "max": [0.0116434916854, 0.140268564224, 0.0652889162302, 0.037866152823, 0.103414021432, 0.0175823010504, 0.0123461075127, 0.0141644664109, 0.0187897477299, 0.0110517963767, 0.00745712360367, 0.00778042385355, 0.00855501927435, 0.00411672284827, 0.00524462945759, 0.00660731736571, 0.00896009244025, 0.00376269314438, 0.00292866048403, 0.00223000324331, 0.00355906318873, 0.00830335170031, 0.0032743990887, 0.00444068806246, 0.00344230141491, 0.0021186103113, 1.86279958143e-05],
        "mean": [0.000619884813204, 0.0140924006701, 0.0035039933864, 0.00176833511796, 0.00466579152271, 0.00119788572192, 0.000642031023744, 0.000948212807998, 0.00187222950626, 0.000745669938624, 0.000622187741101, 0.000316404824844, 0.000343510211678, 0.00027752071037, 0.000275019177934, 0.000216029933654, 0.000378782744519, 0.000250058772508, 0.000363346101949, 0.000292751210509, 0.000210886762943, 0.000321429164615, 0.000334462296451, 0.000413487199694, 0.000298063881928, 0.000108435873699, 5.45225873338e-07],
        "median": [4.54767105111e-05, 0.00613091792911, 0.00124644488096, 0.000353794719558, 0.000799111614469, 0.000379176810384, 0.000209637422813, 0.000343843712471, 0.000669214176014, 0.000130650834762, 0.000194335763808, 0.000110017470433, 0.000124415790197, 9.21780665522e-05, 8.11805439298e-05, 6.50981455692e-05, 9.03854597709e-05, 7.62985946494e-05, 0.000192958425032, 0.000185411117855, 9.49026652961e-05, 0.000144978286698, 0.000166213416378, 0.000167104255524, 0.000110676184704, 2.63499496214e-05, 1.75171077643e-09],
        "min": [2.22603802058e-08, 6.51775735605e-08, 6.40526351958e-08, 1.44600036833e-07, 7.27836459191e-06, 2.77643539448e-06, 6.06433729899e-07, 2.21022492042e-06, 3.73501325157e-06, 4.87341992539e-07, 3.0462180689e-07, 3.10011216698e-07, 2.93048628919e-07, 1.19882457739e-07, 5.64664389913e-07, 1.55011392167e-07, 3.47527333133e-07, 4.83235055526e-07, 1.21279003906e-06, 1.51396056935e-06, 5.93522145209e-07, 3.69648631704e-07, 1.52892482674e-07, 1.16662342009e-07, 3.14198833617e-10, 8.58205086857e-12, 6.65887484042e-12],
        "var": [2.05134119824e-06, 0.000524210336152, 5.07158547407e-05, 2.2072410502e-05, 0.000139796713484, 4.36880281995e-06, 1.48170204284e-06, 2.40759072767e-06, 7.64989636082e-06, 2.7295086511e-06, 1.14677254714e-06, 4.05958900274e-07, 3.59139619377e-07, 2.42361522851e-07, 2.32327252547e-07, 2.20944727403e-07, 5.90111483234e-07, 1.7860682533e-07, 1.887660801e-07, 1.03582927125e-07, 1.17027923352e-07, 2.43086617502e-07, 1.99160098191e-07, 3.93095234585e-07, 2.3982630637e-07, 4.65477292266e-08, 3.04801778435e-12]
    },
    "erbbands": {
        "dmean": [0.250337809324, 2.37409234047, 3.01588487625, 6.1997628212, 16.0061397552, 12.7012290955, 8.64147567749, 6.06318759918, 5.38494348526, 9.30220603943, 12.9976444244, 22.1595420837, 12.5788555145, 10.5044298172, 11.1666536331, 8.98744869232, 7.58934020996, 8.91358470917, 9.41874027252, 9.2629776001, 9.95970344543, 15.17253685, 11.1680250168, 9.60680770874, 10.718126297, 8.36537456512, 6.37155342102, 6.77317047119, 8.24500274658, 8.12249183655, 7.57681512833, 6.64957904816, 5.89951515198, 3.224142313, 1.64613366127, 0.634294033051, 0.181847900152, 0.0141687141731, 0.000362051447155, 4.22950579377e-05],
        "dmean2": [0.39327019453, 3.95439887047, 4.88379859924, 11.0946731567, 26.145898819, 20.5427742004, 14.8197116852, 9.57112979889, 9.03549385071, 15.0384693146, 18.9616279602, 32.8709526062, 20.1717033386, 16.1113948822, 16.4631137848, 13.5152606964, 11.3452272415, 13.2223672867, 14.8802604675, 14.7706537247, 16.4567279816, 25.7369499207, 18.5001716614, 15.5809602737, 17.679479599, 13.0901565552, 9.68131160736, 10.6314468384, 12.954990387, 12.4015188217, 11.9683008194, 10.5412359238, 9.19261741638, 5.11872959137, 2.69991588593, 1.07444560528, 0.304488807917, 0.0248827319592, 0.000609540147707, 6.42343075015e-05],
        "dvar": [0.264828205109, 31.4255218506, 51.5947761536, 292.756103516, 1557.43823242, 1385.08789062, 353.038085938, 108.117416382, 136.95690918, 313.837982178, 470.349060059, 1367.3449707, 953.094909668, 595.399841309, 336.959472656, 417.524780273, 152.073074341, 261.159423828, 332.170257568, 256.780609131, 524.829406738, 1194.72241211, 471.240325928, 193.962051392, 266.030975342, 141.546722412, 101.297355652, 156.832122803, 243.242965698, 157.550613403, 150.44468689, 118.837387085, 95.6685333252, 30.3824710846, 10.1397256851, 1.53904354572, 0.138123467565, 0.00119563215412, 6.57256919112e-07, 5.36155519981e-09],
        "dvar2": [0.65070605278, 83.0246429443, 103.519546509, 843.878967285, 3666.71069336, 3426.15185547, 938.618408203, 222.21333313, 335.187805176, 755.442932129, 927.151611328, 2854.54711914, 2381.4387207, 1371.17004395, 645.078674316, 918.887695312, 320.701202393, 544.032348633, 814.595581055, 640.227172852, 1269.84191895, 3361.17773438, 1259.54846191, 491.602783203, 722.728149414, 342.901275635, 234.023330688, 395.686981201, 632.122497559, 379.107971191, 356.520904541, 288.452575684, 224.3309021, 72.3862075806, 26.3753833771, 3.97109794617, 0.369561433792, 0.00328343757428, 1.75504749222e-06, 1.25458008426e-08],
        "max": [5.68437194824, 37.619972229, 64.1436233521, 113.673538208, 289.562866211, 417.736602783, 225.38772583, 187.355010986, 185.750091553, 310.720794678, 398.885101318, 562.722961426, 440.919799805, 360.200927734, 309.178741455, 401.480712891, 225.526794434, 370.227203369, 198.410369873, 174.7240448, 392.453674316, 271.829376221, 216.906768799, 136.587661743, 190.76701355, 111.884429932, 79.2510070801, 208.935150146, 321.81539917, 196.838897705, 87.633972168, 89.087348938, 71.9533309937, 41.5122146606, 25.8675937653, 13.5481023788, 2.88564348221, 0.379090189934, 0.00661378493533, 0.000617126992438],
        "mean": [0.400065332651, 3.08473348618, 4.6928524971, 5.60129022598, 13.5424489975, 13.3784227371, 10.5731430054, 9.31377124786, 7.70973348618, 14.8502388, 26.2426567078, 51.037197113, 25.1483268738, 19.5930194855, 23.9609336853, 15.8153924942, 15.2457389832, 17.0245895386, 14.566450119, 12.8834180832, 13.8159017563, 18.3987617493, 16.0812797546, 15.1413383484, 17.9569473267, 14.4397783279, 9.34869289398, 9.23632240295, 10.9899311066, 11.6656112671, 9.44838905334, 8.0308713913, 6.84531736374, 3.91832232475, 1.8771545887, 0.638607025146, 0.183096110821, 0.0120808416978, 0.000345372012816, 6.72369715176e-05],
        "median": [0.122617967427, 1.4162478447, 1.98074531555, 1.73833739758, 1.66188883781, 2.68465566635, 3.37223052979, 2.89368963242, 2.77959942818, 6.60949802399, 11.7331037521, 18.7373714447, 8.54637718201, 6.31751489639, 9.68994903564, 6.8843255043, 7.16397714615, 5.70205545425, 5.38753414154, 4.79882526398, 3.82039308548, 4.57499265671, 4.87901306152, 8.55029392242, 10.0900211334, 9.25811958313, 4.71450901031, 4.08677959442, 4.6517457962, 5.70324468613, 4.45746707916, 3.4482114315, 2.41393113136, 1.31566238403, 0.641480505466, 0.161234453321, 0.0462990552187, 0.00263624126092, 8.94882687135e-05, 3.83589649573e-05],
        "min": [1.28626916194e-05, 2.61472105194e-05, 0.000133043562528, 0.00129611918237, 0.00101762905251, 0.0277747027576, 0.0512715242803, 0.0240562446415, 0.0527991130948, 0.0694137141109, 0.0881266668439, 0.0781901851296, 0.0658328458667, 0.0188546273857, 0.0229900144041, 0.0152496900409, 0.0160618536174, 0.0391705781221, 0.0322106145322, 0.0137690501288, 0.0105802547187, 0.0251724477857, 0.0406561866403, 0.0967601463199, 0.0352733694017, 0.06418633461, 0.0304430499673, 0.0185239315033, 0.012750425376, 0.0119816660881, 0.00337342498824, 0.00128467718605, 0.00153773615602, 5.79678417125e-05, 8.53026722325e-06, 2.02260034712e-05, 2.11266205952e-06, 4.29264389368e-07, 2.70965841764e-07, 4.05294457551e-07],
        "var": [0.464212298393, 29.7033939362, 67.3114318848, 192.099456787, 1446.41748047, 1205.24975586, 375.831573486, 335.147979736, 263.845306396, 542.397644043, 1469.8918457, 5949.01708984, 2755.77099609, 1582.40026855, 1404.57678223, 950.290405273, 440.683837891, 1048.57373047, 603.646789551, 434.72177124, 987.148681641, 1276.33898926, 673.596923828, 326.968139648, 465.692138672, 253.352554321, 152.385665894, 262.650360107, 322.442657471, 249.861129761, 177.395568848, 140.552352905, 116.217254639, 41.5099830627, 10.9052667618, 1.60640919209, 0.131952419877, 0.000897890888155, 5.37968560366e-07, 6.28094154465e-09]
    },
    "gfcc": {
        "mean": [16.5710735321, 66.8972625732, -98.8469619751, 43.0019035339, -68.9062652588, 29.1066017151, -33.990234375, 23.0088977814, -23.9376907349, 5.67820119858, -14.4003887177, -2.76785302162, -12.5695152283],
        "cov": [[3385.38476562, -980.446228027, 69.7705383301, -19.3490371704, -99.5554733276, 125.366065979, -234.76802063, -34.137172699, -248.799804688, -92.2978286743, -286.628570557, 142.315307617, -183.675720215], [-980.446228027, 1017.18914795, -14.2205018997, 72.1052246094, 167.754348755, 15.4156751633, 250.478302002, -39.9277992249, 101.878860474, -13.5203056335, 203.225738525, -114.425331116, 74.9425048828], [69.7705383301, -14.2205018997, 1021.8394165, 274.243896484, 223.394470215, 153.529418945, 40.7658233643, 63.762802124, -51.8206138611, 80.1399383545, -43.7484779358, 27.6001148224, -73.3911056519], [-19.3490371704, 72.1052246094, 274.243896484, 456.190063477, 149.847244263, 49.6864929199, 54.3601989746, 40.799495697, 147.739471436, -7.20998811722, 24.1100730896, -45.6753120422, 40.6913490295], [-99.5554733276, 167.754348755, 223.394470215, 149.847244263, 346.030670166, 82.5252914429, 61.9520530701, 83.9827880859, 71.1996154785, 33.6868667603, 5.52717781067, -10.8018064499, -23.2539863586], [125.366065979, 15.4156751633, 153.529418945, 49.6864929199, 82.5252914429, 264.012786865, 211.816101074, 85.7916488647, 20.6735649109, 59.6994361877, 30.0037612915, -31.5890331268, -44.3015899658], [-234.76802063, 250.478302002, 40.7658233643, 54.3601989746, 61.9520530701, 211.816101074, 447.38961792, 104.017234802, 55.244934082, 59.8913154602, 83.0841293335, -57.2992744446, -47.6000823975], [-34.137172699, -39.9277992249, 63.762802124, 40.799495697, 83.9827880859, 85.7916488647, 104.017234802, 210.16998291, 95.8805541992, 50.5848083496, 16.4041538239, -7.25686311722, -9.10369205475], [-248.799804688, 101.878860474, -51.8206138611, 147.739471436, 71.1996154785, 20.6735649109, 55.244934082, 95.8805541992, 268.149078369, 25.8989658356, 33.791519165, -10.4358587265, 51.9039649963], [-92.2978286743, -13.5203056335, 80.1399383545, -7.20998811722, 33.6868667603, 59.6994361877, 59.8913154602, 50.5848083496, 25.8989658356, 120.17540741, 37.3332290649, 7.44066858292, 4.01313447952], [-286.628570557, 203.225738525, -43.7484779358, 24.1100730896, 5.52717781067, 30.0037612915, 83.0841293335, 16.4041538239, 33.791519165, 37.3332290649, 157.464355469, -1.15501916409, 43.179977417], [142.315307617, -114.425331116, 27.6001148224, -45.6753120422, -10.8018064499, -31.5890331268, -57.2992744446, -7.25686311722, -10.4358587265, 7.44066858292, -1.15501916409, 126.688697815, 10.6560382843], [-183.675720215, 74.9425048828, -73.3911056519, 40.6913490295, -23.2539863586, -44.3015899658, -47.6000823975, -9.10369205475, 51.9039649963, 4.01313447952, 43.179977417, 10.6560382843, 128.472137451]],
        "icov": [[0.000543782196473, 0.000180766990525, 0.000261422595941, -0.000462003285065, 0.000124023485114, -0.000774158921558, 0.000359690078767, -0.000107403036964, 0.000517774373293, 0.000191266619368, 0.000565197435208, -0.000702685385477, 0.000501974020153], [0.000180766990525, 0.00333734764718, -0.000878102320712, 0.00176634767558, -0.00222053355537, 0.00163272104692, -0.00221737637185, 0.00228380481713, -0.00147673755419, 0.00246746395715, -0.00355607341044, 0.0028348362539, -0.00176845886745], [0.000261422595941, -0.000878102320712, 0.00229399139062, -0.00232862797566, 0.000219905166887, -0.00161124707665, 0.00120861956384, -0.00101322587579, 0.00204135943204, -0.00197162432596, 0.00195845612325, -0.00214913976379, 0.00155107467435], [-0.000462003285065, 0.00176634767558, -0.00232862797566, 0.00605431012809, -0.00224991329014, 0.00180560525041, -0.00197503087111, 0.00222047441639, -0.00397889269516, 0.00324871623889, -0.00319995172322, 0.00400541443378, -0.00304846302606], [0.000124023485114, -0.00222053355537, 0.000219905166887, -0.00224991329014, 0.00563455792144, -0.00193743046839, 0.0019147695275, -0.00250440603122, 0.000717692484614, -0.00183668988757, 0.00255507952534, -0.00228666560724, 0.00229295156896], [-0.000774158921558, 0.00163272104692, -0.00161124707665, 0.00180560525041, -0.00193743046839, 0.00963522028178, -0.00472853472456, 0.000489246682264, -0.00134058634285, -0.000313117488986, -0.00288626784459, 0.0034439037554, -0.0010611738544], [0.000359690078767, -0.00221737637185, 0.00120861956384, -0.00197503087111, 0.0019147695275, -0.00472853472456, 0.00635697180405, -0.00245390995406, 0.00124407501426, -0.00184530904517, 0.0011323542567, -0.00172296678647, 0.00333851249889], [-0.000107403036964, 0.00228380481713, -0.00101322587579, 0.00222047441639, -0.00250440603122, 0.000489246682264, -0.00245390995406, 0.00896213110536, -0.00388456648216, 0.000350236339727, -0.00231920368969, 0.00225381157361, -0.00117560732178], [0.000517774373293, -0.00147673755419, 0.00204135943204, -0.00397889269516, 0.000717692484614, -0.00134058634285, 0.00124407501426, -0.00388456648216, 0.0081733269617, -0.00233811629005, 0.00279556494206, -0.00288748810999, -4.77748035337e-05], [0.000191266619368, 0.00246746395715, -0.00197162432596, 0.00324871623889, -0.00183668988757, -0.000313117488986, -0.00184530904517, 0.000350236339727, -0.00233811629005, 0.0136956879869, -0.00489435531199, 0.00172576645855, -0.00240183132701], [0.000565197435208, -0.00355607341044, 0.00195845612325, -0.00319995172322, 0.00255507952534, -0.00288626784459, 0.0011323542567, -0.00231920368969, 0.00279556494206, -0.00489435531199, 0.0137583408505, -0.00486778048798, -0.000459856179077], [-0.000702685385477, 0.0028348362539, -0.00214913976379, 0.00400541443378, -0.00228666560724, 0.0034439037554, -0.00172296678647, 0.00225381157361, -0.00288748810999, 0.00172576645855, -0.00486778048798, 0.0130540486425, -0.00319365691394], [0.000501974020153, -0.00176845886745, 0.00155107467435, -0.00304846302606, 0.00229295156896, -0.0010611738544, 0.00333851249889, -0.00117560732178, -4.77748035337e-05, -0.00240183132701, -0.000459856179077, -0.00319365691394, 0.0131012136117]]
    },
    "melbands": {
        "dmean": [0.00257831229828, 0.00208653719164, 0.00131150346715, 0.00116870854981, 0.000324457039824, 0.000135129812406, 8.4628656623e-05, 0.000103657774162, 0.000115963928693, 0.000130388070829, 6.10648785369e-05, 4.34261419286e-05, 4.11522451031e-05, 2.45423907472e-05, 1.94083695533e-05, 1.86076795217e-05, 1.76269768417e-05, 1.520823389e-05, 1.27155244627e-05, 1.24207654153e-05, 1.34747670018e-05, 1.81963805517e-05, 1.10935616249e-05, 1.07319574454e-05, 7.87412955106e-06, 9.05811793928e-06, 6.28166753813e-06, 6.02651834924e-06, 4.44421857537e-06, 3.5932944229e-06, 4.34530056737e-06, 4.93541847391e-06, 4.57253918285e-06, 4.95719677929e-06, 4.91986611451e-06, 3.45394050782e-06, 4.44182933279e-06, 4.69313499707e-06, 3.15675038109e-06, 2.71049907496e-06],
        "dmean2": [0.0042193303816, 0.00322560011409, 0.00229624519125, 0.0018821679987, 0.000558934232686, 0.000211311577004, 0.00014324260701, 0.00016576370399, 0.000168762024259, 0.000195326341782, 9.90711705526e-05, 6.63466125843e-05, 6.10379429418e-05, 3.75081144739e-05, 2.9644856113e-05, 2.81561624433e-05, 2.62842495431e-05, 2.40989138547e-05, 2.03908584808e-05, 2.01157399715e-05, 2.22196777031e-05, 3.13779964927e-05, 1.81335999514e-05, 1.77921883733e-05, 1.28051533466e-05, 1.51874528456e-05, 1.00512816061e-05, 9.51576294028e-06, 6.92938965585e-06, 5.45687589693e-06, 6.95973176335e-06, 7.93559865997e-06, 7.09726009518e-06, 7.76383149059e-06, 7.87061344454e-06, 5.4220331549e-06, 7.15406713425e-06, 7.38119297239e-06, 4.99944144394e-06, 4.35451738667e-06],
        "dvar": [2.77701037703e-05, 2.22053186008e-05, 9.21378523344e-06, 9.33108094614e-06, 5.17487308116e-07, 5.15259550582e-08, 3.38993153548e-08, 3.6423017491e-08, 3.09412158117e-08, 5.05628641179e-08, 2.41525643929e-08, 1.14037455035e-08, 5.17070342099e-09, 2.56253818165e-09, 9.1836155347e-10, 1.3864034365e-09, 1.06328379434e-09, 8.51748893638e-10, 5.5387455733e-10, 5.25810839314e-10, 1.13838871663e-09, 2.08471973018e-09, 3.60955904055e-10, 4.74275618778e-10, 1.33153280069e-10, 2.00771663184e-10, 7.45954339965e-11, 8.16799197723e-11, 4.40950539971e-11, 3.79917521054e-11, 7.90502108217e-11, 8.02019561874e-11, 8.14882675226e-11, 5.66304711458e-11, 6.32479832396e-11, 3.37668712436e-11, 5.42646864943e-11, 6.18375767258e-11, 2.88000821108e-11, 2.17246845513e-11],
        "dvar2": [7.11216125637e-05, 4.70400700578e-05, 2.57471801888e-05, 2.14974952542e-05, 1.40477004607e-06, 1.05637241177e-07, 8.38518303681e-08, 8.88583215897e-08, 6.1956228592e-08, 1.05473901613e-07, 6.09406356489e-08, 2.59689585391e-08, 1.00607229214e-08, 5.48681500234e-09, 2.15333306741e-09, 2.9556070924e-09, 2.11881245882e-09, 2.10980211079e-09, 1.21291399147e-09, 1.34983058064e-09, 2.66363420209e-09, 5.92519722176e-09, 9.03250307882e-10, 1.2765423163e-09, 3.30975691298e-10, 5.44854217299e-10, 1.93886864897e-10, 2.00996913557e-10, 1.0441400522e-10, 8.86011264356e-11, 2.08268499668e-10, 2.11086204072e-10, 2.04194328113e-10, 1.41799239017e-10, 1.52290999256e-10, 8.10627190373e-11, 1.34446745403e-10, 1.48003817535e-10, 6.79597905728e-11, 5.21187711044e-11],
        "max": [0.041516315192, 0.0363982617855, 0.0176751036197, 0.029007088393, 0.00802601128817, 0.00361570506357, 0.00272407289594, 0.00300992326811, 0.00317476154305, 0.00371732655913, 0.00223151501268, 0.00162869715132, 0.00109053880442, 0.000834770849906, 0.000468131882371, 0.000884916924406, 0.000599953287747, 0.000332385214278, 0.000442324089818, 0.000336577795679, 0.000637342163827, 0.000381435471354, 0.000317837373586, 0.000196915192646, 0.000130748536321, 0.000141530341352, 0.000101838544651, 8.76872800291e-05, 5.23844100826e-05, 8.52305311128e-05, 0.000177033871296, 0.000152519263793, 0.000208746278076, 9.57769152592e-05, 5.82720131206e-05, 6.0083297285e-05, 6.47080451017e-05, 6.43058156129e-05, 4.78322399431e-05, 4.66008204967e-05],
        "mean": [0.00379200093448, 0.00317396130413, 0.00115247536451, 0.00110664393287, 0.000386780477129, 0.000209280740819, 0.000119750053273, 0.000166251047631, 0.000249405595241, 0.000294072844554, 0.000114186252176, 7.520672807e-05, 8.90313676791e-05, 4.05398350267e-05, 3.54769763362e-05, 3.35725126206e-05, 3.13905184157e-05, 2.28866265388e-05, 1.70771709236e-05, 1.60768795467e-05, 1.77783967956e-05, 2.03131785383e-05, 1.65401870618e-05, 1.31692859213e-05, 1.17576919365e-05, 1.3703897821e-05, 1.11828421723e-05, 9.35412117542e-06, 6.20158834863e-06, 4.80750259158e-06, 5.50308595848e-06, 6.15102771917e-06, 6.27596182312e-06, 6.6728694037e-06, 5.8900222939e-06, 4.17467572333e-06, 5.16355339641e-06, 5.19378227182e-06, 3.71314717995e-06, 3.1869490158e-06],
        "median": [0.00157942750957, 0.00159449421335, 0.00032760904287, 0.000155548477778, 0.000138347284519, 6.6518492531e-05, 3.91287612729e-05, 7.96300228103e-05, 0.000108265470772, 0.000108833788545, 2.69128595392e-05, 2.05281285162e-05, 2.83006211248e-05, 1.68519145518e-05, 1.71800493263e-05, 1.17219351523e-05, 8.9109835244e-06, 8.31165289128e-06, 5.42733505426e-06, 5.44511112821e-06, 4.32082151747e-06, 4.507281119e-06, 4.31143644164e-06, 3.77896299142e-06, 5.56192253498e-06, 6.70928602631e-06, 6.69406608722e-06, 5.66907738175e-06, 3.20654135066e-06, 1.88666660961e-06, 2.28138583225e-06, 2.38768598138e-06, 2.91119840767e-06, 3.09926599584e-06, 2.62064304479e-06, 1.78261927886e-06, 2.13295197682e-06, 1.72912461949e-06, 1.0733721183e-06, 1.00921511148e-06],
        "min": [1.00305314277e-07, 3.77600031243e-08, 1.46116107658e-07, 1.30250114694e-07, 1.42090300415e-06, 3.86651777262e-07, 3.13018347242e-07, 6.7679792437e-07, 6.97632003721e-07, 4.83843109578e-07, 1.4311990526e-07, 3.81568376895e-08, 7.70100143654e-08, 3.97126704854e-08, 1.8895581988e-08, 2.68761599642e-08, 3.3922503917e-08, 4.48594832392e-08, 3.05310372539e-08, 1.31221851163e-08, 1.18555281148e-08, 1.86785911183e-08, 2.87716890313e-08, 2.01073326878e-08, 6.73688163033e-08, 8.11593370287e-09, 2.84276335805e-08, 3.93023604772e-08, 1.90490574425e-08, 1.29042581065e-08, 6.45443365421e-10, 1.51907542101e-10, 4.48694237321e-09, 2.78345768656e-09, 2.14811857191e-09, 5.7466041474e-12, 2.08424488606e-12, 1.06557263013e-09, 4.4835324689e-12, 3.14817638104e-12],
