{
"highlevel": {
    "danceability": {
        "all": {
            "danceable": 0.167889326811,
            "not_danceable": 0.832110702991
        },
        "probability": 0.832110702991,
        "value": "not_danceable"
    },
    "gender": {
        "all": {
            "female": 0.176936149597,
            "male": 0.823063850403
        },
        "probability": 0.823063850403,
        "value": "male"
    },
    "genre_dortmund": {
        "all": {
            "alternative": 0.174199208617,
            "blues": 0.143635183573,
            "electronic": 0.0215795338154,
            "folkcountry": 0.0214889645576,
            "funksoulrnb": 0.00824119430035,
            "jazz": 0.0133732762188,
            "pop": 0.044164262712,
            "raphiphop": 0.00715137785301,
            "rock": 0.566166996956
        },
        "probability": 0.566166996956,
        "value": "rock"
    },
    "genre_electronic": {
        "all": {
            "ambient": 0.266455888748,
            "dnb": 0.199289947748,
            "house": 0.0827917978168,
            "techno": 0.0288978330791,
            "trance": 0.422564536333
        },
        "probability": 0.422564536333,
        "value": "trance"
    },
    "genre_rosamerica": {
        "all": {
            "cla": 0.000560412590858,
            "dan": 0.00541561795399,
            "hip": 0.00317912967876,
            "jaz": 0.000761536532082,
            "pop": 0.138885989785,
            "rhy": 0.00108899164479,
            "roc": 0.849666118622,
            "spe": 0.000442194490461
        },
        "probability": 0.849666118622,
        "value": "roc"
    },
    "genre_tzanetakis": {
        "all": {
            "blu": 0.0626613423228,
            "cla": 0.0348169617355,
            "cou": 0.104475811124,
            "dis": 0.0784321576357,
            "hip": 0.15692435205,
            "jaz": 0.313974827528,
            "met": 0.0448166541755,
            "pop": 0.0627359300852,
            "reg": 0.0627360641956,
            "roc": 0.0784258767962
        },
        "probability": 0.313974827528,
        "value": "jaz"
    },
    "ismir04_rhythm": {
        "all": {
            "ChaChaCha": 0.440984725952,
            "Jive": 0.0876968353987,
            "Quickstep": 0.0624050050974,
            "Rumba-American": 0.0332682654262,
            "Rumba-International": 0.00924415886402,
            "Rumba-Misc": 0.00483383843675,
            "Samba": 0.29085662961,
            "Tango": 0.028092622757,
            "VienneseWaltz": 0.0351373329759,
            "Waltz": 0.00748057384044
        },
        "probability": 0.440984725952,
        "value": "ChaChaCha"
    },
    "mood_acoustic": {
        "all": {
            "acoustic": 0.00375423324294,
            "not_acoustic": 0.996245741844
        },
        "probability": 0.996245741844,
        "value": "not_acoustic"
    },
    "mood_aggressive": {
        "all": {
            "aggressive": 0.985700666904,
            "not_aggressive": 0.0142993265763
        },
        "probability": 0.985700666904,
        "value": "aggressive"
    },
    "mood_electronic": {
        "all": {
            "electronic": 0.287391573191,
            "not_electronic": 0.712608397007
        },
        "probability": 0.712608397007,
        "value": "not_electronic"
    },
    "mood_happy": {
        "all": {
            "happy": 0.487664043903,
            "not_happy": 0.512335956097
        },
        "probability": 0.512335956097,
        "value": "not_happy"
    },
    "mood_party": {
        "all": {
            "not_party": 0.227071672678,
            "party": 0.772928357124
        },
        "probability": 0.772928357124,
        "value": "party"
    },
    "mood_relaxed": {
        "all": {
            "not_relaxed": 0.919013857841,
            "relaxed": 0.0809861645103
        },
        "probability": 0.919013857841,
        "value": "not_relaxed"
    },
    "mood_sad": {
        "all": {
            "not_sad": 0.941471278667,
            "sad": 0.0585287064314
        },
        "probability": 0.941471278667,
        "value": "not_sad"
    },
    "moods_mirex": {
        "all": {
            "Cluster1": 0.587052881718,
            "Cluster2": 0.0333052352071,
            "Cluster3": 0.0549936555326,
            "Cluster4": 0.0457935333252,
            "Cluster5": 0.27885466814
        },
        "probability": 0.587052881718,
        "value": "Cluster1"
    },
    "timbre": {
        "all": {
            "bright": 0.0789695233107,
            "dark": 0.921030461788
        },
        "probability": 0.921030461788,
        "value": "dark"
    },
    "tonal_atonal": {
        "all": {
            "atonal": 0.525933086872,
            "tonal": 0.474066913128
        },
        "probability": 0.525933086872,
        "value": "atonal"
    },
    "voice_instrumental": {
        "all": {
            "instrumental": 0.00239986553788,
            "voice": 0.997600138187
        },
        "probability": 0.997600138187,
        "value": "voice"
    }
},
"lowlevel": {
    "average_loudness": 0.972796082497,
    "barkbands_crest": {
        "dmean": 2.02890944481,
        "dmean2": 3.26528429985,
        "dvar": 5.65442419052,
        "dvar2": 13.6365098953,
        "max": 23.6331672668,
        "mean": 9.12930965424,
        "median": 8.22820949554,
        "min": 3.35260272026,
        "var": 14.2872886658
    },
    "barkbands_flatness_db": {
        "dmean": 0.0157872550189,
        "dmean2": 0.0246615186334,
        "dvar": 0.000249071017606,
        "dvar2": 0.000650916714221,
        "max": 0.296881377697,
        "mean": 0.145209372044,
        "median": 0.133888483047,
        "min": 0.0406261794269,
        "var": 0.00337379984558
    },
    "barkbands_kurtosis": {
        "dmean": 1.58956432343,
        "dmean2": 2.47849082947,
        "dvar": 10.9192342758,
        "dvar2": 23.4177532196,
        "max": 41.4491271973,
        "mean": 1.44467818737,
        "median": -0.292383670807,
        "min": -1.82817053795,
        "var": 24.2173042297
    },
    "barkbands_skewness": {
        "dmean": 0.415897756815,
        "dmean2": 0.628387153149,
        "dvar": 0.26098304987,
        "dvar2": 0.531810879707,
        "max": 5.89153766632,
        "mean": 1.12733137608,
        "median": 0.903706431389,
        "min": -0.523419976234,
        "var": 1.07954251766
    },
    "barkbands_spread": {
        "dmean": 4.40113592148,
        "dmean2": 6.76368188858,
        "dvar": 26.6662540436,
        "dvar2": 59.4893493652,
        "max": 88.7487030029,
        "mean": 28.1046714783,
        "median": 27.5919208527,
        "min": 3.52798604965,
        "var": 106.276321411
    },
    "dissonance": {
        "dmean": 0.0139356246218,
        "dmean2": 0.0236178953201,
        "dvar": 0.000268640404101,
        "dvar2": 0.000759326096158,
        "max": 0.500000059605,
        "mean": 0.47747194767,
        "median": 0.482572793961,
        "min": 0.366758853197,
        "var": 0.000366235646652
    },
    "dynamic_complexity": 1.41501677036,
    "erbbands_crest": {
        "dmean": 2.56050682068,
        "dmean2": 4.10907554626,
        "dvar": 6.65488100052,
        "dvar2": 14.6186218262,
        "max": 30.0761222839,
        "mean": 9.96990871429,
        "median": 8.07674694061,
        "min": 2.32000684738,
        "var": 38.2911758423
    },
    "erbbands_flatness_db": {
        "dmean": 0.0130610950291,
        "dmean2": 0.0192872267216,
        "dvar": 0.00017704408674,
        "dvar2": 0.000328499329044,
        "max": 0.339348852634,
        "mean": 0.174766138196,
        "median": 0.157068222761,
        "min": 0.0791352167726,
        "var": 0.00331246014684
    },
    "erbbands_kurtosis": {
        "dmean": 0.867544531822,
        "dmean2": 1.34798431396,
        "dvar": 1.32575821877,
        "dvar2": 3.11493134499,
        "max": 13.7395801544,
        "mean": 1.19607329369,
        "median": 0.176367282867,
        "min": -1.59210395813,
        "var": 6.58455991745
    },
    "erbbands_skewness": {
        "dmean": 0.257912188768,
        "dmean2": 0.394600868225,
        "dvar": 0.0666373819113,
        "dvar2": 0.135229215026,
        "max": 1.60072159767,
        "mean": -0.183322310448,
        "median": -0.13072514534,
        "min": -2.952450037,
        "var": 0.388962119818
    },
    "erbbands_spread": {
        "dmean": 6.14414548874,
        "dmean2": 9.2745141983,
        "dvar": 47.4602813721,
        "dvar2": 93.6018753052,
        "max": 112.836784363,
        "mean": 34.1259155273,
        "median": 32.8926963806,
        "min": 4.76329421997,
        "var": 342.49420166
    },
    "hfc": {
        "dmean": 6.32771253586,
        "dmean2": 9.7060585022,
        "dvar": 79.475692749,
        "dvar2": 177.923187256,
        "max": 147.737014771,
        "mean": 32.6163291931,
        "median": 29.9651222229,
        "min": 2.57952570915,
        "var": 312.916870117
    },
    "melbands_crest": {
        "dmean": 2.69905209541,
        "dmean2": 4.34312343597,
        "dvar": 8.93098449707,
        "dvar2": 22.3277282715,
        "max": 31.7004833221,
        "mean": 15.1521930695,
        "median": 14.0216112137,
        "min": 4.52719211578,
        "var": 27.1759376526
    },
    "melbands_flatness_db": {
        "dmean": 0.0194580834359,
        "dmean2": 0.0299557950348,
        "dvar": 0.000435614376329,
        "dvar2": 0.00108060811181,
        "max": 0.401490718126,
        "mean": 0.198033928871,
        "median": 0.185988798738,
        "min": 0.067725174129,
        "var": 0.00426692003384
    },
    "melbands_kurtosis": {
        "dmean": 5.04911994934,
        "dmean2": 7.91061544418,
        "dvar": 103.555160522,
        "dvar2": 222.885528564,
        "max": 139.699920654,
        "mean": 9.21273231506,
        "median": 4.31173276901,
        "min": -1.48127484322,
        "var": 233.267868042
    },
    "melbands_skewness": {
        "dmean": 0.611734271049,
        "dmean2": 0.937696218491,
        "dvar": 0.620517671108,
        "dvar2": 1.2500026226,
        "max": 9.84707736969,
        "mean": 2.41401553154,
        "median": 2.02075982094,
        "min": -0.0887900814414,
        "var": 2.37922787666
    },
    "melbands_spread": {
        "dmean": 5.83730697632,
        "dmean2": 8.85241794586,
        "dvar": 41.3542366028,
        "dvar2": 93.2927398682,
        "max": 85.7548065186,
        "mean": 29.4976711273,
        "median": 29.5666065216,
        "min": 2.0608484745,
        "var": 179.637939453
    },
    "pitch_salience": {
        "dmean": 0.0646918118,
        "dmean2": 0.103987880051,
        "dvar": 0.00435153162107,
        "dvar2": 0.0111553445458,
        "max": 0.801241576672,
        "mean": 0.525568187237,
        "median": 0.52353566885,
        "min": 0.138824403286,
        "var": 0.0132275056094
    },
    "silence_rate_20dB": {
        "dmean": 0,
        "dmean2": 0,
        "dvar": 0,
        "dvar2": 0,
        "max": 1,
        "mean": 1,
        "median": 1,
        "min": 1,
        "var": 0
    },
    "silence_rate_30dB": {
        "dmean": 0.0061919502914,
        "dmean2": 0.0123934932053,
        "dvar": 0.00615352625027,
        "dvar2": 0.0184370856732,
        "max": 1,
        "mean": 0.996906399727,
        "median": 1,
        "min": 0,
        "var": 0.00308398413472
    },
    "silence_rate_60dB": {
        "dmean": 0,
        "dmean2": 0,
        "dvar": 0,
        "dvar2": 0,
        "max": 0,
        "mean": 0,
        "median": 0,
        "min": 0,
        "var": 0
    },
    "spectral_centroid": {
        "dmean": 171.922897339,
        "dmean2": 265.616699219,
        "dvar": 28628.8789062,
        "dvar2": 63740.5351562,
        "max": 3024.74780273,
        "mean": 1566.76025391,
        "median": 1561.13061523,
        "min": 430.870269775,
        "var": 184580.953125
    },
    "spectral_complexity": {
        "dmean": 4.19582033157,
        "dmean2": 6.46553039551,
        "dvar": 13.7703733444,
        "dvar2": 30.4067821503,
        "max": 57,
        "mean": 29.8716163635,
        "median": 31,
        "min": 4,
        "var": 141.624740601
    },
    "spectral_decrease": {
        "dmean": 1.9684052166e-09,
        "dmean2": 3.1581506299e-09,
        "dvar": 8.06364447002e-18,
        "dvar2": 2.04200651516e-17,
        "max": -2.7827644633e-09,
        "mean": -1.01947588149e-08,
        "median": -9.67227542503e-09,
        "min": -3.61756278267e-08,
        "var": 1.46627425045e-17
    },
    "spectral_energy": {
        "dmean": 0.0076914941892,
        "dmean2": 0.0122971199453,
        "dvar": 0.000115121300041,
        "dvar2": 0.000289579067612,
        "max": 0.13913539052,
        "mean": 0.0414357297122,
        "median": 0.0396568961442,
        "min": 0.010792628862,
        "var": 0.00023106347362
    },
    "spectral_energyband_high": {
        "dmean": 0.000450666877441,
        "dmean2": 0.000715709058568,
        "dvar": 1.12839131816e-06,
        "dvar2": 2.67365066975e-06,
        "max": 0.0160661395639,
        "mean": 0.00129778997507,
        "median": 0.000854560348671,
        "min": 7.51393736209e-06,
        "var": 2.61799914369e-06
    },
    "spectral_energyband_low": {
        "dmean": 0.00656556291506,
        "dmean2": 0.0108118709177,
        "dvar": 0.000138828807394,
        "dvar2": 0.000345115724485,
        "max": 0.125720947981,
        "mean": 0.0194403640926,
        "median": 0.0167291052639,
        "min": 9.15521377465e-05,
        "var": 0.000171884268639
    },
    "spectral_energyband_middle_high": {
        "dmean": 0.00272044655867,
        "dmean2": 0.00414484413341,
        "dvar": 7.69583675719e-06,
        "dvar2": 1.60049257829e-05,
        "max": 0.0353796668351,
        "mean": 0.0119570605457,
        "median": 0.0113036343828,
        "min": 0.000451859581517,
        "var": 5.39719694643e-05
    },
    "spectral_energyband_middle_low": {
        "dmean": 0.0029812939465,
        "dmean2": 0.00484211696312,
        "dvar": 1.62736196216e-05,
        "dvar2": 4.30701584264e-05,
        "max": 0.0486989580095,
        "mean": 0.0108358003199,
        "median": 0.00954250246286,
        "min": 0.000829728378449,
        "var": 5.81739950576e-05
    },
    "spectral_entropy": {
        "dmean": 0.0847037285566,
        "dmean2": 0.126969560981,
        "dvar": 0.00725399283692,
        "dvar2": 0.0161977186799,
        "max": 8.56460189819,
        "mean": 7.6901268959,
        "median": 7.75526952744,
        "min": 6.830286026,
        "var": 0.112907901406
    },
    "spectral_flux": {
        "dmean": 0.0256352797151,
        "dmean2": 0.039317317307,
        "dvar": 0.000606363348197,
        "dvar2": 0.00140759162605,
        "max": 0.305617183447,
        "mean": 0.102082751691,
        "median": 0.0983653441072,
        "min": 0.0165588427335,
        "var": 0.00159923755564
    },
    "spectral_kurtosis": {
        "dmean": 1.99284231663,
        "dmean2": 3.55739927292,
        "dvar": 7.27132034302,
        "dvar2": 23.4179935455,
        "max": 28.8587207794,
        "mean": 4.36072826385,
        "median": 3.06324243546,
        "min": 0.0255036354065,
        "var": 14.4183692932
    },
    "spectral_rms": {
        "dmean": 0.000559048901778,
        "dmean2": 0.00088783580577,
        "dvar": 4.43353684432e-07,
        "dvar2": 1.11814438242e-06,
        "max": 0.0116508305073,
        "mean": 0.00626407610252,
        "median": 0.0062201009132,
        "min": 0.00324490270577,
        "var": 1.18650211789e-06
    },
    "spectral_rolloff": {
        "dmean": 369.913085938,
        "dmean2": 611.038024902,
        "dvar": 357124.875,
        "dvar2": 794180.4375,
        "max": 9474.609375,
        "mean": 1434.96118164,
        "median": 1335.05859375,
        "min": 64.599609375,
        "var": 765077.5625
    },
    "spectral_skewness": {
        "dmean": 0.217936694622,
        "dmean2": 0.38206499815,
        "dvar": 0.0552414469421,
        "dvar2": 0.177590355277,
        "max": 3.09588527679,
        "mean": 1.31309020519,
        "median": 1.23837947845,
        "min": 0.606773853302,
        "var": 0.125537514687
    },
    "spectral_spread": {
        "dmean": 315101.78125,
        "dmean2": 479220.6875,
        "dvar": 243327287296,
        "dvar2": 358810615808,
        "max": 17944454,
        "mean": 3757011.25,
        "median": 3860175.25,
        "min": 1299314.25,
        "var": 1.54400469811e+12
    },
    "spectral_strongpeak": {
        "dmean": 0.664193332195,
        "dmean2": 1.22168982029,
        "dvar": 2.11609959602,
        "dvar2": 5.51720619202,
        "max": 9.89359283447,
        "mean": 0.927965700626,
        "median": 0.410286843777,
        "min": 0.0700348690152,
        "var": 2.30817866325
    },
    "zerocrossingrate": {
        "dmean": 0.0069863521494,
        "dmean2": 0.00849442929029,
        "dvar": 6.00251296419e-05,
        "dvar2": 8.17395848571e-05,
        "max": 0.21142578125,
        "mean": 0.0565092079341,
        "median": 0.0546875,
        "min": 0.009765625,
        "var": 0.00052010937361
    },
    "barkbands": {
        "dmean": [0.000430894840974, 0.00532934814692, 0.00222018011846, 0.0014749544207, 0.00123100948986, 0.000807950098533, 0.000499273417518, 0.00058634148445, 0.000640137295704, 0.000751375977416, 0.000812320795376, 0.000818667002022, 0.000735686393455, 0.000692924484611, 0.000801741785835, 0.000518036424182, 0.000404873630032, 0.000197011060663, 0.000227592448937, 0.000172813539393, 0.000145661193528, 0.000120483557112, 9.45088613662e-05, 8.11504432932e-05, 3.84205050068e-05, 9.73292571871e-06, 7.95942654008e-08],
        "dmean2": [0.000755816348828, 0.00884804595262, 0.00369583046995, 0.0023486262653, 0.00196378305554, 0.00129814457614, 0.000788123172242, 0.000950738496613, 0.00102336111013, 0.00119638745673, 0.00119986990467, 0.00135285896249, 0.0011856846977, 0.00112237443682, 0.00125216599554, 0.000794557970949, 0.000646242406219, 0.00031731085619, 0.000374728522729, 0.00027950439835, 0.000248425494647, 0.000202371695195, 0.000154956724145, 0.000128485873574, 5.91781717958e-05, 1.55172638188e-05, 1.32212448989e-07],
        "dvar": [1.50501591634e-06, 0.000127178864204, 1.07435025711e-05, 5.02886132381e-06, 4.93095603815e-06, 1.8465506173e-06, 7.27608664874e-07, 1.22226731492e-06, 9.68834910964e-07, 1.7572122033e-06, 1.88741671536e-06, 1.93136361304e-06, 1.39386418141e-06, 1.82747203326e-06, 2.2421952508e-06, 9.5234742048e-07, 3.63482342891e-07, 8.6698904056e-08, 6.57305392338e-08, 7.44574606415e-08, 7.89818628277e-08, 6.21809093104e-08, 6.2807004042e-08, 8.46289225365e-08, 3.52081315214e-08, 2.01639349662e-09, 1.26513342445e-13],
        "dvar2": [4.73543241242e-06, 0.000326141365804, 3.00675892504e-05, 1.34509991767e-05, 1.27049406728e-05, 5.17305124959e-06, 1.82151165973e-06, 3.27679890688e-06, 2.28542694458e-06, 3.9247447603e-06, 3.85600833397e-06, 5.13191662321e-06, 3.2277093851e-06, 4.67552172267e-06, 4.96972415931e-06, 2.00831914299e-06, 8.33750846141e-07, 1.9141350549e-07, 1.74677808218e-07, 1.87289160181e-07, 2.15719367702e-07, 1.70639879116e-07, 1.49852454001e-07, 1.71290849948e-07, 7.92961500906e-08, 3.98856458972e-09, 2.21549924131e-13],
        "max": [0.00910460297018, 0.120171912014, 0.0333518050611, 0.0228526778519, 0.0254881121218, 0.0178198553622, 0.0146465376019, 0.0210652202368, 0.0118466196582, 0.015249453485, 0.0212731473148, 0.0219928771257, 0.0142719568685, 0.0186850056052, 0.0241642165929, 0.0172570180148, 0.00881358608603, 0.00632417527959, 0.0026027134154, 0.00349032785743, 0.00349162146449, 0.00263809459284, 0.00536391418427, 0.00616978667676, 0.00546663394198, 0.00088875181973, 9.61026762525e-06],
        "mean": [0.000451410858659, 0.0107874246314, 0.0062840860337, 0.00310858036391, 0.00252299616113, 0.00164512288757, 0.000876648526173, 0.00125777698122, 0.00112220598385, 0.00136536057107, 0.00149407412391, 0.00243669631891, 0.00122213619761, 0.00115975248627, 0.00146327749826, 0.000918331672437, 0.000815957318991, 0.000425274221925, 0.000577195954975, 0.000425233010901, 0.00034477779991, 0.000276490056422, 0.000191188853933, 0.000177500478458, 7.11175744073e-05, 1.50901178131e-05, 7.82952653822e-08],
        "median": [3.63028593711e-05, 0.00857970118523, 0.00519028818235, 0.00209186249413, 0.00140560138971, 0.000712577952072, 0.000411110464483, 0.000480775692267, 0.000606193032581, 0.000643899897113, 0.000403231388191, 0.000515029183589, 0.000606144662015, 0.000533047714271, 0.000669781351462, 0.000492838444188, 0.000544463342521, 0.000295553298201, 0.000514877028763, 0.000315130891977, 0.000231480400544, 0.000185362572665, 8.92598327482e-05, 7.41044204915e-05, 2.46141426032e-05, 4.20851574745e-06, 8.80695782968e-09],
        "min": [4.05927593761e-08, 1.74610227077e-06, 2.90079278784e-05, 4.25654980063e-06, 9.82578603725e-06, 4.65543507744e-06, 2.68507665169e-06, 3.92834363083e-06, 3.01814679915e-06, 5.95572691964e-06, 7.74506224843e-06, 8.84279597813e-06, 1.39927151395e-05, 2.27618511417e-05, 1.26435343191e-05, 1.71968022187e-05, 1.83953798114e-05, 1.0374798876e-05, 1.19048690976e-05, 4.42711734649e-06, 2.56280395661e-06, 4.96453139931e-07, 1.92588245795e-07, 7.70373205228e-08, 4.99229046991e-10, 8.41233506466e-12, 6.35484199984e-12],
        "var": [1.51233530232e-06, 0.000140853633638, 2.02844439627e-05, 1.03039492387e-05, 9.02577721718e-06, 4.84070369566e-06, 1.456729251e-06, 3.78226991415e-06, 2.11197675526e-06, 4.75401793665e-06, 5.89048568145e-06, 2.01425154955e-05, 3.06570473185e-06, 3.23059703078e-06, 5.73332818021e-06, 1.86489296539e-06, 7.88993702372e-07, 2.10872627804e-07, 1.91399166738e-07, 2.17974516659e-07, 1.5753067828e-07, 1.14321601075e-07, 1.03781083283e-07, 1.51056795517e-07, 4.36016165395e-08, 2.78260303688e-09, 1.17357133126e-13]
    },
    "erbbands": {
        "dmean": [0.194258138537, 1.09315907955, 2.36048054695, 4.02931165695, 3.95560002327, 4.34616184235, 5.93838453293, 6.96952772141, 6.36800289154, 10.6294393539, 11.965760231, 15.5769701004, 15.5257415771, 28.9126968384, 32.2741584778, 35.7115821838, 35.4268264771, 29.4926261902, 34.2097206116, 33.368221283, 22.7602939606, 20.3304920197, 12.031999588, 10.719168663, 9.50580120087, 8.10016536713, 6.95721435547, 5.16999530792, 4.63047647476, 3.4771258831, 2.68586778641, 2.06081700325, 1.11975443363, 0.570966124535, 0.208571866155, 0.0607785247266, 0.0167210381478, 0.00126565992832, 3.54962103302e-05, 1.05973131213e-05],
        "dmean2": [0.333181470633, 1.82594227791, 3.96663451195, 6.46662521362, 6.39999103546, 7.06105279922, 9.40441799164, 11.5356178284, 10.2034835815, 16.1494007111, 19.3374919891, 25.060842514, 25.0741901398, 43.7950630188, 48.178150177, 58.5241928101, 54.7664833069, 47.3827285767, 52.0657539368, 51.4648399353, 35.453250885, 32.5293045044, 19.4049358368, 17.5294456482, 15.7793540955, 13.0746574402, 11.8327922821, 8.80217266083, 7.75485944748, 5.98064041138, 4.37436056137, 3.34871196747, 1.72050094604, 0.86672860384, 0.328398704529, 0.0941210314631, 0.026456432417, 0.00215812353417, 5.6999087974e-05, 1.66403660842e-05],
        "dvar": [0.260148018599, 4.75419807434, 13.1929922104, 34.9584465027, 41.889995575, 66.1157913208, 118.889030457, 167.234786987, 116.980018616, 361.915405273, 609.362792969, 629.77545166, 838.391540527, 2997.18115234, 2880.44213867, 4475.69873047, 3142.49609375, 3629.46704102, 2742.34619141, 4641.86523438, 1459.05627441, 957.052734375, 299.071777344, 153.232818604, 135.781921387, 177.810317993, 139.583358765, 137.714050293, 82.7888412476, 80.0358810425, 56.9064865112, 46.0960273743, 16.4181690216, 7.100938797, 1.11176455021, 0.0630979016423, 0.0110911596566, 9.86117811408e-05, 3.89604224438e-08, 2.94848173654e-10],
        "dvar2": [0.695085942745, 12.636557579, 36.9676513672, 90.3582077026, 113.882415771, 170.785964966, 290.694885254, 484.288696289, 293.391113281, 845.044250488, 1631.72583008, 1502.40283203, 2065.24072266, 6348.23974609, 6286.56152344, 11372.5595703, 7238.63964844, 8671.74804688, 5655.85742188, 10273.3994141, 3280.13427734, 2232.22558594, 675.026855469, 400.660308838, 376.884918213, 431.370880127, 367.046966553, 385.133087158, 225.412643433, 224.983322144, 124.00428772, 95.9599227905, 31.8611507416, 15.2562227249, 2.56489610672, 0.134722962976, 0.025001058355, 0.000255439081229, 9.37435160608e-08, 6.57567333917e-10],
        "max": [4.99438381195, 24.5341014862, 40.1546592712, 60.2361755371, 75.6184539795, 84.2255401611, 130.379821777, 217.08706665, 120.340446472, 286.776519775, 532.066589355, 329.177490234, 448.289398193, 865.252990723, 1104.94873047, 1023.5612793, 734.461608887, 1079.05444336, 889.916870117, 1513.98828125, 602.36151123, 440.400756836, 373.646331787, 135.366241455, 145.805236816, 180.11869812, 121.846107483, 139.421142578, 94.8424072266, 112.831047058, 196.204666138, 127.19254303, 95.9520187378, 70.8332672119, 33.1177597046, 7.09488296509, 2.21198439598, 0.210380718112, 0.00416777608916, 0.000290063151624],
        "mean": [0.291300475597, 2.47792601585, 7.26804494858, 9.54962921143, 8.09798812866, 8.38649177551, 12.15620327, 13.1742038727, 12.5158576965, 19.4327926636, 25.2332229614, 27.9633235931, 30.9544200897, 56.7349472046, 66.372253418, 106.530319214, 63.9366531372, 53.3361358643, 72.6584243774, 73.764793396, 49.119934082, 43.7663269043, 27.8377532959, 25.6654090881, 26.1284351349, 20.2807121277, 17.2247543335, 11.4163856506, 10.1730213165, 7.20656299591, 5.50557518005, 4.38582468033, 2.45739173889, 1.07358157635, 0.361263751984, 0.104527637362, 0.0204982366413, 0.00120104209054, 6.50143920211e-05, 5.37595988135e-05],
        "median": [0.134831771255, 2.1086435318, 6.3921585083, 7.32607603073, 5.96716547012, 4.27679252625, 4.73641252518, 5.47033452988, 6.24844074249, 9.87492275238, 12.921163559, 14.5070199966, 17.8409461975, 20.2044429779, 28.0129146576, 25.2233009338, 36.1100196838, 31.4046649933, 39.0864524841, 29.7492618561, 29.5239582062, 31.5763092041, 19.7971782684, 21.185874939, 23.8284797668, 15.607126236, 11.4682340622, 7.68654251099, 7.1670331955, 3.84984183311, 2.65978741646, 1.82177126408, 1.06929838657, 0.392316222191, 0.12448849529, 0.0336674004793, 0.00387808703817, 0.000188316160347, 3.2994295907e-05, 4.99468769704e-05],
        "min": [0.000248889409704, 0.005082603544, 0.0403225757182, 0.132240980864, 0.179842442274, 0.0828828439116, 0.0813560560346, 0.0653967857361, 0.119013614953, 0.166445732117, 0.220551282167, 0.240500241518, 0.435396403074, 0.17502528429, 0.453459143639, 0.866478800774, 1.14464569092, 1.09100067616, 1.63239872456, 1.37555813789, 1.33153581619, 1.57898306847, 0.760904550552, 0.518275260925, 0.609036982059, 0.2460424155, 0.144531473517, 0.0702176466584, 0.0251717139035, 0.00829249620438, 0.00592788029462, 0.00205432623625, 0.000552435696591, 5.10754653078e-05, 1.92488205357e-05, 1.26366003315e-05, 6.74695320413e-06, 7.44196199776e-07, 5.74843807044e-06, 1.20388895084e-05],
        "var": [0.294452100992, 4.70893096924, 20.9375038147, 73.1671218872, 67.9395217896, 115.440361023, 322.491394043, 374.733947754, 268.376800537, 815.355651855, 1463.99829102, 1325.60095215, 2325.55053711, 9307.25585938, 9402.72753906, 39738.21875, 7122.69384766, 5407.65527344, 10538.2773438, 20036.2128906, 3516.44628906, 1997.32250977, 799.240112305, 420.66293335, 407.751922607, 503.713226318, 376.579498291, 200.543212891, 149.53062439, 111.128494263, 98.2987976074, 87.9631271362, 29.1782798767, 9.3731098175, 1.31573498249, 0.0843183547258, 0.0113850003108, 7.37075024517e-05, 3.53659395103e-08, 6.12451034332e-10]
    },
    "gfcc": {
        "mean": [29.9011287689, 113.446479797, -141.277160645, 52.8059387207, -45.7046775818, 28.6024265289, -26.9132099152, 7.30408239365, -17.2730064392, -4.80472803116, -10.4095630646, -7.85314846039, -8.15582084656],
        "cov": [[3204.51757812, -1754.69848633, 626.683166504, 209.797866821, -958.4609375, 133.820205688, -748.553527832, 275.499084473, -364.561859131, 541.187561035, -216.041122437, 210.078201294, 60.1891021729], [-1754.69848633, 1298.56799316, -469.355743408, -199.670196533, 588.103027344, -173.088760376, 473.780181885, -167.153717041, 290.861450195, -307.271636963, 128.889465332, -141.610977173, 10.9839553833], [626.683166504, -469.355743408, 458.069366455, 164.217163086, -296.763458252, -15.9222707748, -235.217544556, 110.295196533, -129.655670166, 155.638061523, -48.9162025452, 44.5850410461, -13.0457668304], [209.797866821, -199.670196533, 164.217163086, 152.034545898, -87.7310562134, -7.8601231575, -101.210693359, 36.3392333984, -31.3009319305, 62.9021377563, -4.72944736481, 9.59630966187, 3.45957279205], [-958.4609375, 588.103027344, -296.763458252, -87.7310562134, 489.241638184, 12.0236387253, 247.791503906, -103.720672607, 143.504318237, -168.151473999, 64.176902771, -55.4277267456, 5.22483348846], [133.820205688, -173.088760376, -15.9222707748, -7.8601231575, 12.0236387253, 199.353012085, 48.4404983521, -16.9742832184, -69.7489242554, -5.20066833496, 18.7895908356, 44.4042243958, -7.03095579147], [-748.553527832, 473.780181885, -235.217544556, -101.210693359, 247.791503906, 48.4404983521, 337.899047852, -80.5616378784, 75.1463851929, -148.689758301, 78.0745849609, -18.0313243866, -12.2420158386], [275.499084473, -167.153717041, 110.295196533, 36.3392333984, -103.720672607, -16.9742832184, -80.5616378784, 93.9732971191, -3.09486722946, 67.8089675903, -23.5748214722, 7.44050312042, 8.83372402191], [-364.561859131, 290.861450195, -129.655670166, -31.3009319305, 143.504318237, -69.7489242554, 75.1463851929, -3.09486722946, 190.78918457, -32.4409942627, 19.5719490051, -55.8710327148, 3.50304722786], [541.187561035, -307.271636963, 155.638061523, 62.9021377563, -168.151473999, -5.20066833496, -148.689758301, 67.8089675903, -32.4409942627, 172.482330322, -15.3345251083, 28.3715229034, 5.23137998581], [-216.041122437, 128.889465332, -48.9162025452, -4.72944736481, 64.176902771, 18.7895908356, 78.0745849609, -23.5748214722, 19.5719490051, -15.3345251083, 89.3362121582, 15.0785932541, -6.1012172699], [210.078201294, -141.610977173, 44.5850410461, 9.59630966187, -55.4277267456, 44.4042243958, -18.0313243866, 7.44050312042, -55.8710327148, 28.3715229034, 15.0785932541, 85.8264465332, 17.2222080231], [60.1891021729, 10.9839553833, -13.0457668304, 3.45957279205, 5.22483348846, -7.03095579147, -12.2420158386, 8.83372402191, 3.50304722786, 5.23137998581, -6.1012172699, 17.2222080231, 76.4639816284]],
        "icov": [[0.00255596498027, 0.000427833816502, 0.00143952004146, 0.000100244025816, 0.0021103580948, -0.00152932526544, 0.00192990363576, -0.00113191630226, 0.000740546674933, -0.00369536969811, 0.00271599390544, -0.00227897847071, -0.000728500192054], [0.000427833816502, 0.0119221266359, -0.00326667679474, 0.00652299867943, -0.00450902897865, 0.010206178762, -0.00769416382536, 0.00579331023619, -0.0042754788883, 0.00488030444831, -0.0081734424457, 0.00753257004544, -0.00604317942634], [0.00143952004146, -0.00326667679474, 0.00908039789647, -0.00670129712671, 0.00349011039361, -0.00283180433325, 0.00396503647789, -0.00645561004058, 0.00470654899254, -0.00482750497758, 0.00491332821548, -0.00470270775259, 0.00363621022552], [0.000100244025816, 0.00652299867943, -0.00670129712671, 0.0157115012407, -0.00321426801383, 0.00487877242267, -0.00226099230349, 0.00445210933685, -0.0034598428756, 0.00277229724452, -0.00769441807643, 0.00598148768768, -0.00507055222988], [0.0021103580948, -0.00450902897865, 0.00349011039361, -0.00321426801383, 0.0088415555656, -0.00636568805203, 0.00381531589665, -0.00132901454344, -1.72114087036e-05, -0.00332238874398, 0.00482865283266, -0.00406691385433, 0.000831701501738], [-0.00152932526544, 0.010206178762, -0.00283180433325, 0.00487877242267, -0.00636568805203, 0.0173762757331, -0.00982880312949, 0.00523503404111, -0.000912557763513, 0.00576607789844, -0.00882091652602, 0.00562802655622, -0.00343597005121], [0.00192990363576, -0.00769416382536, 0.00396503647789, -0.00226099230349, 0.00381531589665, -0.00982880312949, 0.0148859182373, -0.00504028471187, 0.00240395776927, -0.00247976114042, 0.00333833321929, -0.00713689206168, 0.00409934716299], [-0.00113191630226, 0.00579331023619, -0.00645561004058, 0.00445210933685, -0.00132901454344, 0.00523503404111, -0.00504028471187, 0.0235852859914, -0.00725170457736, 0.000969337124843, -0.00339235761203, 0.00514675443992, -0.00536758732051], [0.000740546674933, -0.0042754788883, 0.00470654899254, -0.0034598428756, -1.72114087036e-05, -0.000912557763513, 0.00240395776927, -0.00725170457736, 0.0132124265656, -0.00539423385635, 0.00284246983938, 0.000134772955789, 0.00209089997225], [-0.00369536969811, 0.00488030444831, -0.00482750497758, 0.00277229724452, -0.00332238874398, 0.00576607789844, -0.00247976114042, 0.000969337124843, -0.00539423385635, 0.0210066791624, -0.0111267846078, 0.00542020844296, -0.00179177499376], [0.00271599390544, -0.0081734424457, 0.00491332821548, -0.00769441807643, 0.00482865283266, -0.00882091652602, 0.00333833321929, -0.00339235761203, 0.00284246983938, -0.0111267846078, 0.0265421941876, -0.0134437726811, 0.00578481517732], [-0.00227897847071, 0.00753257004544, -0.00470270775259, 0.00598148768768, -0.00406691385433, 0.00562802655622, -0.00713689206168, 0.00514675443992, 0.000134772955789, 0.00542020844296, -0.0134437726811, 0.0263496786356, -0.00868745613843], [-0.000728500192054, -0.00604317942634, 0.00363621022552, -0.00507055222988, 0.000831701501738, -0.00343597005121, 0.00409934716299, -0.00536758732051, 0.00209089997225, -0.00179177499376, 0.00578481517732, -0.00868745613843, 0.018718117848]]
    },
    "melbands": {
        "dmean": [0.00157539488282, 0.001192547963, 0.000637910619844, 0.00029316166183, 0.000192800303921, 0.00015249226999, 9.78184762062e-05, 0.00012258568313, 9.75204093265e-05, 0.000100444609416, 8.03417133284e-05, 0.000120791635709, 0.000107703723188, 0.000127356746816, 0.000101012570667, 7.37791269785e-05, 6.05307432124e-05, 5.98530932621e-05, 5.44681715837e-05, 3.88369371649e-05, 2.88875307888e-05, 2.42292826442e-05, 1.76389839908e-05, 9.01626935956e-06, 9.9603594208e-06, 9.977920854e-06, 6.43514067633e-06, 5.86325859331e-06, 5.28828240931e-06, 3.58834768122e-06, 3.30919783664e-06, 2.82835435428e-06, 2.5090539566e-06, 2.00975068765e-06, 1.68213080087e-06, 1.3858264083e-06, 1.36322182698e-06, 9.24830885651e-07, 6.03913235864e-07, 4.74278266438e-07],
        "dmean2": [0.00263188267127, 0.00198647449724, 0.00102204561699, 0.000473601510748, 0.000306596746668, 0.000250177370617, 0.000155907197041, 0.000188765799976, 0.000156585228979, 0.000161534058861, 0.000129678490339, 0.000184129487025, 0.000160278417752, 0.00018719615764, 0.000141681492096, 0.000118051248137, 9.73895366769e-05, 9.25803324208e-05, 8.35457904032e-05, 5.89530282014e-05, 4.6583434596e-05, 3.88531334465e-05, 2.85599453491e-05, 1.47361142808e-05, 1.64873963513e-05, 1.63448239618e-05, 1.0703695807e-05, 9.57342490437e-06, 8.99140104593e-06, 6.098915037e-06, 5.68370796827e-06, 4.75728711535e-06, 4.26256019637e-06, 3.50441905539e-06, 2.80431095234e-06, 2.16551507037e-06, 2.29113766181e-06, 1.49164668528e-06, 9.28902750275e-07, 7.43418297589e-07],
        "dvar": [1.36509497679e-05, 3.69743179363e-06, 8.30908504668e-07, 2.90277569093e-07, 1.17962059676e-07, 7.34005922709e-08, 2.66855515463e-08, 4.51771740018e-08, 3.35964536191e-08, 2.57690970784e-08, 2.21249898402e-08, 5.05192438993e-08, 3.2828776142e-08, 5.48568124259e-08, 3.02815692521e-08, 1.50410777167e-08, 1.56881974078e-08, 9.78766490078e-09, 1.1362788932e-08, 5.47534373396e-09, 2.39870434626e-09, 1.46237821852e-09, 8.1180007161e-10, 1.40852274289e-10, 1.38475467204e-10, 1.39140726718e-10, 7.99830895959e-11, 9.84146375504e-11, 8.01111607607e-11, 3.34422385617e-11, 6.3713624654e-11, 2.93632861081e-11, 2.69035366901e-11, 2.93617040403e-11, 2.47656287838e-11, 1.49435325225e-11, 2.16002805919e-11, 1.09306539514e-11, 5.7626017673e-12, 5.17189546398e-12],
        "dvar2": [3.5578290408e-05, 1.03039183159e-05, 2.19437447413e-06, 7.57342434099e-07, 2.93304054821e-07, 2.10664751421e-07, 6.69951774057e-08, 1.07600669708e-07, 9.02089638544e-08, 6.11466504097e-08, 5.34476356506e-08, 1.08158346279e-07, 6.98048125969e-08, 1.16474524248e-07, 4.7960440952e-08, 3.34934284751e-08, 3.77792161999e-08, 2.1672789785e-08, 2.55503849189e-08, 1.08779669716e-08, 5.40679678807e-09, 3.34464522744e-09, 1.82567427842e-09, 3.58816365509e-10, 3.71157993229e-10, 3.39484718115e-10, 2.13445650044e-10, 2.47845743928e-10, 2.13746798039e-10, 9.04701175086e-11, 1.79527823163e-10, 7.88251755535e-11, 7.60998347671e-11, 8.26906806917e-11, 5.79161579806e-11, 2.78071784349e-11, 5.03154636011e-11, 2.42138271239e-11, 1.0447033863e-11, 1.18900922094e-11],
        "max": [0.037459846586, 0.0226973481476, 0.00885434355587, 0.00680588604882, 0.00421052705497, 0.00428110407665, 0.00170339958277, 0.00292055867612, 0.00370782171376, 0.00195349799469, 0.00224333908409, 0.00345048727468, 0.00292409700342, 0.0030820206739, 0.00194370630197, 0.00151558406651, 0.00192712957505, 0.00185202807188, 0.00200344948098, 0.00149644399062, 0.000879201106727, 0.000604730448686, 0.000459595845314, 0.000148762876051, 0.000123242600239, 0.000100779216154, 0.000126020429889, 0.000131705441163, 9.44885687204e-05, 6.09554808761e-05, 8.95762495929e-05, 5.93471704633e-05, 5.32982849109e-05, 6.11503564869e-05, 0.000134461995913, 8.28375777928e-05, 9.47016087594e-05, 6.79041040712e-05, 5.92667711317e-05, 6.16833349341e-05],
        "mean": [0.00278607057407, 0.0037087732926, 0.00162296136841, 0.000584024819545, 0.000409083964769, 0.00029696492129, 0.000189232931007, 0.000237343396293, 0.000196256907657, 0.000172104613739, 0.000151171567268, 0.000224348608754, 0.000209934238228, 0.000281783606624, 0.000194950480363, 0.000117562034575, 9.74043359747e-05, 0.000119116470159, 0.000103985134047, 7.76154047344e-05, 5.53853933525e-05, 4.67754725832e-05, 3.5273260437e-05, 1.84750133485e-05, 2.07024004339e-05, 2.27915588766e-05, 1.48511344378e-05, 1.29541122078e-05, 1.14031836347e-05, 8.27891562949e-06, 6.12424764768e-06, 5.75003696213e-06, 5.15991223438e-06, 3.52241795554e-06, 3.12570500682e-06, 2.8981039577e-06, 2.63834090219e-06, 1.89231764125e-06, 1.21227378713e-06, 7.85101974543e-07],
        "median": [0.00198099669069, 0.00343425665051, 0.00132185150869, 0.000342596351402, 0.00018122997426, 0.000130221698782, 9.28439403651e-05, 0.000112318644824, 0.000110805864097, 8.91121380846e-05, 7.71257109591e-05, 7.78845569585e-05, 7.12822147761e-05, 6.33694362477e-05, 6.85727281962e-05, 5.80706873734e-05, 4.68208818347e-05, 5.99234481342e-05, 4.49645885965e-05, 3.24221036863e-05, 3.37050514645e-05, 3.20768558595e-05, 2.21296322707e-05, 1.3062306607e-05, 1.65071414813e-05, 1.94670355995e-05, 1.18526395454e-05, 9.12792347663e-06, 6.98684789313e-06, 5.67191500522e-06, 3.83268707083e-06, 3.89641036236e-06, 3.32687750415e-06, 1.61872208082e-06, 1.42300086736e-06, 1.25501787807e-06, 1.06733421035e-06, 7.82086090112e-07, 4.80010953652e-07, 2.45892209705e-07],
        "min": [6.24235099167e-07, 1.53884429892e-05, 2.31571211771e-05, 5.901334589e-06, 2.20276137952e-06, 1.29460613607e-06, 8.96737560652e-07, 1.62587639352e-06, 9.53054325237e-07, 5.98614064984e-07, 1.87211924185e-06, 4.39419068243e-07, 1.54699034738e-06, 1.144759608e-06, 1.64824166404e-06, 1.40610575272e-06, 1.022665856e-06, 1.74719968982e-06, 1.01930413621e-06, 1.04094738163e-06, 1.18203342936e-06, 9.990108083e-07, 1.16341220746e-06, 4.57490500594e-07, 4.07320470686e-07, 4.33395285881e-07, 2.41088827124e-07, 6.66768471547e-08, 9.25778351757e-08, 5.05765704872e-08, 2.75513372117e-08, 1.61775357554e-08, 4.47288206473e-09, 4.19564694099e-09, 4.02283051315e-09, 1.45856549061e-09, 1.09876374665e-09, 2.87678075805e-10, 4.84389542366e-11, 3.45114019827e-13],
