{
"highlevel": {
    "danceability": {
        "all": {
            "danceable": 0.00416186777875,
            "not_danceable": 0.995838105679
        },
        "probability": 0.995838105679,
        "value": "not_danceable"
    },
    "gender": {
        "all": {
            "female": 0.508973836899,
            "male": 0.491026163101
        },
        "probability": 0.508973836899,
        "value": "female"
    },
    "genre_dortmund": {
        "all": {
            "alternative": 0.0838404148817,
            "blues": 0.100087076426,
            "electronic": 0.0653125271201,
            "folkcountry": 0.104095965624,
            "funksoulrnb": 0.0175311323255,
            "jazz": 0.0165164545178,
            "pop": 0.0590644069016,
            "raphiphop": 0.0171864200383,
            "rock": 0.536365628242
        },
        "probability": 0.536365628242,
        "value": "rock"
    },
    "genre_electronic": {
        "all": {
            "ambient": 0.368112057447,
            "dnb": 0.477259576321,
            "house": 0.0675646141171,
            "techno": 0.0201275143772,
            "trance": 0.0669362470508
        },
        "probability": 0.477259576321,
        "value": "dnb"
    },
    "genre_rosamerica": {
        "all": {
            "cla": 0.0867880582809,
            "dan": 0.0266501847655,
            "hip": 0.0260961744934,
            "jaz": 0.0070713404566,
            "pop": 0.0435066372156,
            "rhy": 0.0172195378691,
            "roc": 0.78819000721,
            "spe": 0.00447807973251
        },
        "probability": 0.78819000721,
        "value": "roc"
    },
    "genre_tzanetakis": {
        "all": {
            "blu": 0.0626613423228,
            "cla": 0.0348169617355,
            "cou": 0.104475811124,
            "dis": 0.0784321576357,
            "hip": 0.15692435205,
            "jaz": 0.313974827528,
            "met": 0.0448166541755,
            "pop": 0.0627359300852,
            "reg": 0.0627360641956,
            "roc": 0.0784258767962
        },
        "probability": 0.313974827528,
        "value": "jaz"
    },
    "ismir04_rhythm": {
        "all": {
            "ChaChaCha": 0.0193706266582,
            "Jive": 0.652082383633,
            "Quickstep": 0.0676111206412,
            "Rumba-American": 0.00331107736565,
            "Rumba-International": 0.0064148218371,
            "Rumba-Misc": 0.00166950188577,
            "Samba": 0.0493442453444,
            "Tango": 0.00560653489083,
            "VienneseWaltz": 0.191041603684,
            "Waltz": 0.00354807195254
        },
        "probability": 0.652082383633,
        "value": "Jive"
    },
    "mood_acoustic": {
        "all": {
            "acoustic": 2.56662701759e-06,
            "not_acoustic": 0.999997437
        },
        "probability": 0.999997437,
        "value": "not_acoustic"
    },
    "mood_aggressive": {
        "all": {
            "aggressive": 0.940038919449,
            "not_aggressive": 0.0599610581994
        },
        "probability": 0.940038919449,
        "value": "aggressive"
    },
    "mood_electronic": {
        "all": {
            "electronic": 0.153867915273,
            "not_electronic": 0.846132099628
        },
        "probability": 0.846132099628,
        "value": "not_electronic"
    },
    "mood_happy": {
        "all": {
            "happy": 0.84860688448,
            "not_happy": 0.151393130422
        },
        "probability": 0.84860688448,
        "value": "happy"
    },
    "mood_party": {
        "all": {
            "not_party": 0.21550630033,
            "party": 0.784493684769
        },
        "probability": 0.784493684769,
        "value": "party"
    },
    "mood_relaxed": {
        "all": {
            "not_relaxed": 0.801380693913,
            "relaxed": 0.198619291186
        },
        "probability": 0.801380693913,
        "value": "not_relaxed"
    },
    "mood_sad": {
        "all": {
            "not_sad": 0.894717276096,
            "sad": 0.105282723904
        },
        "probability": 0.894717276096,
        "value": "not_sad"
    },
    "moods_mirex": {
        "all": {
            "Cluster1": 0.282200217247,
            "Cluster2": 0.168798238039,
            "Cluster3": 0.0569804944098,
            "Cluster4": 0.124129012227,
            "Cluster5": 0.367892056704
        },
        "probability": 0.367892056704,
        "value": "Cluster5"
    },
    "timbre": {
        "all": {
            "bright": 0.995121181011,
            "dark": 0.00487882923335
        },
        "probability": 0.995121181011,
        "value": "bright"
    },
    "tonal_atonal": {
        "all": {
            "atonal": 0.819759249687,
            "tonal": 0.180240750313
        },
        "probability": 0.819759249687,
        "value": "atonal"
    },
    "voice_instrumental": {
        "all": {
            "instrumental": 0.00434763170779,
            "voice": 0.995652377605
        },
        "probability": 0.995652377605,
        "value": "voice"
    }
},
"lowlevel": {
    "average_loudness": 0.980115175247,
    "barkbands_crest": {
        "dmean": 3.67595052719,
        "dmean2": 5.85008573532,
        "dvar": 15.9663009644,
        "dvar2": 32.9616737366,
        "max": 24.4096164703,
        "mean": 8.09342479706,
        "median": 6.40867614746,
        "min": 2.45401930809,
        "var": 22.6170558929
    },
    "barkbands_flatness_db": {
        "dmean": 0.0239594317973,
        "dmean2": 0.037694811821,
        "dvar": 0.000614794029389,
        "dvar2": 0.00138601625804,
        "max": 0.30503308773,
        "mean": 0.133541941643,
        "median": 0.129632920027,
        "min": 0.0627004131675,
        "var": 0.0012434234377
    },
    "barkbands_kurtosis": {
        "dmean": 1.86453449726,
        "dmean2": 3.11697149277,
        "dvar": 16.0021648407,
        "dvar2": 41.163028717,
        "max": 51.5087051392,
        "mean": 0.0691132545471,
        "median": -1.04185378551,
        "min": -1.81318378448,
        "var": 12.8223323822
    },
    "barkbands_skewness": {
        "dmean": 0.696740210056,
        "dmean2": 1.04637122154,
        "dvar": 0.572494268417,
        "dvar2": 1.19417703152,
        "max": 6.68195676804,
        "mean": 0.628801107407,
        "median": 0.454216778278,
        "min": -1.7720284462,
        "var": 1.00110161304
    },
    "barkbands_spread": {
        "dmean": 6.84091711044,
        "dmean2": 10.953918457,
        "dvar": 39.3335113525,
        "dvar2": 94.7522506714,
        "max": 66.3637084961,
        "mean": 31.5569858551,
        "median": 31.7624816895,
        "min": 2.95975232124,
        "var": 85.8310546875
    },
    "dissonance": {
        "dmean": 0.008171165362,
        "dmean2": 0.0137765426189,
        "dvar": 6.09789494774e-05,
        "dvar2": 0.000161276970175,
        "max": 0.500000059605,
        "mean": 0.484547436237,
        "median": 0.48681885004,
        "min": 0.427727639675,
        "var": 0.000109352877189
    },
    "dynamic_complexity": 1.24913692474,
    "erbbands_crest": {
        "dmean": 1.96637547016,
        "dmean2": 3.3100233078,
        "dvar": 2.92925524712,
        "dvar2": 7.76558494568,
        "max": 19.6147708893,
        "mean": 7.25086116791,
        "median": 6.82171821594,
        "min": 3.42072892189,
        "var": 5.0821852684
    },
    "erbbands_flatness_db": {
        "dmean": 0.0188975203782,
        "dmean2": 0.0257221218199,
        "dvar": 0.000257565523498,
        "dvar2": 0.00043603614904,
        "max": 0.296823441982,
        "mean": 0.181200757623,
        "median": 0.181342095137,
        "min": 0.0991112440825,
        "var": 0.00108068762347
    },
    "erbbands_kurtosis": {
        "dmean": 0.943678617477,
        "dmean2": 1.53583586216,
        "dvar": 0.817664921284,
        "dvar2": 2.14280796051,
        "max": 10.1874866486,
        "mean": 0.841234505177,
        "median": 0.583208799362,
        "min": -1.57752883434,
        "var": 2.03142976761
    },
    "erbbands_skewness": {
        "dmean": 0.288244396448,
        "dmean2": 0.462147623301,
        "dvar": 0.0555287487805,
        "dvar2": 0.142942473292,
        "max": 0.296448290348,
        "mean": -0.88292247057,
        "median": -0.875447630882,
        "min": -2.62493133545,
        "var": 0.179266378284
    },
    "erbbands_spread": {
        "dmean": 8.27839374542,
        "dmean2": 13.1160812378,
        "dvar": 63.0543670654,
        "dvar2": 149.940704346,
        "max": 82.2565917969,
        "mean": 31.0279998779,
        "median": 29.2009944916,
        "min": 7.29746723175,
        "var": 124.057373047
    },
    "hfc": {
        "dmean": 7.66711378098,
        "dmean2": 10.8632974625,
        "dvar": 94.3844604492,
        "dvar2": 181.519577026,
        "max": 148.133117676,
        "mean": 25.9399433136,
        "median": 21.3934211731,
        "min": 3.21635770798,
        "var": 227.216140747
    },
    "melbands_crest": {
        "dmean": 4.41736125946,
        "dmean2": 6.91996860504,
        "dvar": 15.7420072556,
        "dvar2": 30.0503845215,
        "max": 28.7839794159,
        "mean": 12.5419921875,
        "median": 10.9886074066,
        "min": 2.85356688499,
        "var": 30.3766670227
    },
    "melbands_flatness_db": {
        "dmean": 0.0345692746341,
        "dmean2": 0.0519356280565,
        "dvar": 0.0012582319323,
        "dvar2": 0.00240147393197,
        "max": 0.399405956268,
        "mean": 0.165221348405,
        "median": 0.159103602171,
        "min": 0.0213140863925,
        "var": 0.00323814502917
    },
    "melbands_kurtosis": {
        "dmean": 6.7217297554,
        "dmean2": 10.8210639954,
        "dvar": 149.973327637,
        "dvar2": 363.424255371,
        "max": 127.429290771,
        "mean": 5.48043584824,
        "median": 1.46335172653,
        "min": -1.63968086243,
        "var": 139.675506592
    },
    "melbands_skewness": {
        "dmean": 1.02457368374,
        "dmean2": 1.5290927887,
        "dvar": 1.36157119274,
        "dvar2": 2.81083703041,
        "max": 9.40497779846,
        "mean": 1.93341457844,
        "median": 1.57976078987,
        "min": -0.886627495289,
        "var": 2.20271611214
    },
    "melbands_spread": {
        "dmean": 13.3272447586,
        "dmean2": 20.5757007599,
        "dvar": 146.285308838,
        "dvar2": 301.551483154,
        "max": 142.210540771,
        "mean": 41.9326400757,
        "median": 41.9682846069,
        "min": 1.8237375021,
        "var": 347.628112793
    },
    "pitch_salience": {
        "dmean": 0.0986780077219,
        "dmean2": 0.151569128036,
        "dvar": 0.00898380018771,
        "dvar2": 0.018570035696,
        "max": 0.781368553638,
        "mean": 0.58536362648,
        "median": 0.621192932129,
        "min": 0.15121845901,
        "var": 0.0164359603077
    },
    "silence_rate_20dB": {
        "dmean": 0,
        "dmean2": 0,
        "dvar": 0,
        "dvar2": 0,
        "max": 1,
        "mean": 1,
        "median": 1,
        "min": 1,
        "var": 0
    },
    "silence_rate_30dB": {
        "dmean": 0,
        "dmean2": 0,
        "dvar": 0,
        "dvar2": 0,
        "max": 1,
        "mean": 1,
        "median": 1,
        "min": 1,
        "var": 0
    },
    "silence_rate_60dB": {
        "dmean": 0,
        "dmean2": 0,
        "dvar": 0,
        "dvar2": 0,
        "max": 0,
        "mean": 0,
        "median": 0,
        "min": 0,
        "var": 0
    },
    "spectral_centroid": {
        "dmean": 278.523376465,
        "dmean2": 450.535064697,
        "dvar": 61335.0585938,
        "dvar2": 158439.328125,
        "max": 3563.93066406,
        "mean": 2026.1875,
        "median": 2023.63183594,
        "min": 611.686218262,
        "var": 159760.90625
    },
    "spectral_complexity": {
        "dmean": 4.2863779068,
        "dmean2": 6.40975999832,
        "dvar": 15.0587100983,
        "dvar2": 29.8871326447,
        "max": 57,
        "mean": 31.6055679321,
        "median": 32,
        "min": 10,
        "var": 59.6266479492
    },
    "spectral_decrease": {
        "dmean": 3.81657150328e-09,
        "dmean2": 5.8063793773e-09,
        "dvar": 2.69656429461e-17,
        "dvar2": 5.73382476206e-17,
        "max": -7.10104197665e-10,
        "mean": -6.90948809279e-09,
        "median": -4.81262807384e-09,
        "min": -3.18233261964e-08,
        "var": 3.42605603487e-17
    },
    "spectral_energy": {
        "dmean": 0.0148586351424,
        "dmean2": 0.0224621910602,
        "dvar": 0.00038812859566,
        "dvar2": 0.0008213891997,
        "max": 0.125149309635,
        "mean": 0.0284308213741,
        "median": 0.0202594436705,
        "min": 0.00302694388665,
        "var": 0.000508584023919
    },
    "spectral_energyband_high": {
        "dmean": 0.000438778661191,
        "dmean2": 0.000633135729004,
        "dvar": 1.10066571324e-06,
        "dvar2": 2.33309265241e-06,
        "max": 0.0171010270715,
        "mean": 0.000721166259609,
        "median": 0.000242056572461,
        "min": 3.49727924913e-05,
        "var": 1.52737982262e-06
    },
    "spectral_energyband_low": {
        "dmean": 0.0114574963227,
        "dmean2": 0.01789143309,
        "dvar": 0.000405911472626,
        "dvar2": 0.000877339858562,
        "max": 0.107765041292,
        "mean": 0.0118407048285,
        "median": 0.0039626583457,
        "min": 1.7872229364e-05,
        "var": 0.000429562758654
    },
    "spectral_energyband_middle_high": {
        "dmean": 0.00227836426347,
        "dmean2": 0.00345231313258,
        "dvar": 5.30714441993e-06,
        "dvar2": 1.10350511022e-05,
        "max": 0.033579070121,
        "mean": 0.00856587383896,
        "median": 0.00773079553619,
        "min": 0.00119476485997,
        "var": 1.640951632e-05
    },
    "spectral_energyband_middle_low": {
        "dmean": 0.00508153205737,
        "dmean2": 0.00824974104762,
        "dvar": 6.0807018599e-05,
        "dvar2": 0.000153739383677,
        "max": 0.0663253515959,
        "mean": 0.00894506368786,
        "median": 0.00620963377878,
        "min": 0.000481678376673,
        "var": 7.39518145565e-05
    },
    "spectral_entropy": {
        "dmean": 0.0995335653424,
        "dmean2": 0.145351976156,
        "dvar": 0.00925993081182,
        "dvar2": 0.0177779719234,
        "max": 8.32413959503,
        "mean": 7.6348733902,
        "median": 7.60504341125,
        "min": 6.80928087234,
        "var": 0.0412571467459
    },
    "spectral_flux": {
        "dmean": 0.0389887802303,
        "dmean2": 0.0630722045898,
        "dvar": 0.00189602968749,
        "dvar2": 0.00464431615546,
        "max": 0.287754625082,
        "mean": 0.106532663107,
        "median": 0.0895814225078,
        "min": 0.0332700349391,
        "var": 0.00281839072704
    },
    "spectral_kurtosis": {
        "dmean": 2.02872276306,
        "dmean2": 3.49702501297,
        "dvar": 3.57417535782,
        "dvar2": 10.3575868607,
        "max": 19.3098926544,
        "mean": 5.3804974556,
        "median": 5.04800796509,
        "min": 0.477352142334,
        "var": 6.14311885834
    },
    "spectral_rms": {
        "dmean": 0.00121584837325,
        "dmean2": 0.00176059675869,
        "dvar": 1.86056684015e-06,
        "dvar2": 3.57686121788e-06,
        "max": 0.0110497456044,
        "mean": 0.00495109660551,
        "median": 0.00444581964985,
        "min": 0.00171846325975,
        "var": 3.22406435771e-06
    },
    "spectral_rolloff": {
        "dmean": 638.08001709,
        "dmean2": 1042.71887207,
        "dvar": 597647.1875,
        "dvar2": 1143921.625,
        "max": 8376.41601562,
        "mean": 2303.75488281,
        "median": 2304.05273438,
        "min": 86.1328125,
        "var": 1130255.125
    },
    "spectral_skewness": {
        "dmean": 0.237284168601,
        "dmean2": 0.401877939701,
        "dvar": 0.0409066155553,
        "dvar2": 0.113311298192,
        "max": 3.49747371674,
        "mean": 1.27650868893,
        "median": 1.2694965601,
        "min": 0.335234224796,
        "var": 0.0699034705758
    },
    "spectral_spread": {
        "dmean": 418838,
        "dmean2": 563401.1875,
        "dvar": 214775267328,
        "dvar2": 346530447360,
        "max": 6586276.5,
        "mean": 3056103.5,
        "median": 2810228.25,
        "min": 1652474.25,
        "var": 739758243840
    },
    "spectral_strongpeak": {
        "dmean": 0.603764235973,
        "dmean2": 1.05048334599,
        "dvar": 0.899224460125,
        "dvar2": 2.37670493126,
        "max": 9.09531593323,
        "mean": 0.756513178349,
        "median": 0.416801989079,
        "min": 0.0413073152304,
        "var": 1.01021015644
    },
    "zerocrossingrate": {
        "dmean": 0.0125475432724,
        "dmean2": 0.0147093310952,
        "dvar": 0.000141636948683,
        "dvar2": 0.000197386965738,
        "max": 0.2275390625,
        "mean": 0.0728105530143,
        "median": 0.0703125,
        "min": 0.0107421875,
        "var": 0.000687711290084
    },
    "barkbands": {
        "dmean": [9.68594977167e-05, 0.00947033986449, 0.00220483308658, 0.00340478494763, 0.0014312354615, 0.00122235540766, 0.00037906592479, 0.000249168428127, 0.000188540507224, 0.00018061712035, 0.000387830921682, 0.00028372000088, 0.000281964050373, 0.000479282200104, 0.00059337442508, 0.000908155576326, 0.000480888789752, 0.000329963484546, 0.000530934485141, 0.000281226122752, 0.000102719459392, 7.1092552389e-05, 5.84385998081e-05, 9.85687365755e-05, 5.3215517255e-05, 6.4201681198e-06, 3.72478758948e-09],
        "dmean2": [0.000144481178722, 0.01569724828, 0.00374418776482, 0.00564631540328, 0.0024376839865, 0.00207725074142, 0.000640017911792, 0.000392386107706, 0.000289792602416, 0.000295244739391, 0.000627394416369, 0.000470701255836, 0.000472200423246, 0.000780816131737, 0.000994329107925, 0.00154226098675, 0.000785031763371, 0.000523113587406, 0.000833210244309, 0.0004421643971, 0.000162458731211, 0.000106637118733, 8.45795657369e-05, 0.000143601908349, 7.60397160775e-05, 9.74084832706e-06, 5.99825966674e-09],
        "dvar": [3.08190060139e-08, 0.000399274809752, 1.68666847458e-05, 4.0678660298e-05, 4.14273745264e-06, 2.60730143964e-06, 3.40746936445e-07, 3.05827171587e-07, 2.28459256846e-07, 8.93935023782e-08, 3.05684750401e-07, 1.4421041783e-07, 1.86519855561e-07, 4.01436835773e-07, 6.80085804561e-07, 9.177029483e-07, 2.74858450666e-07, 1.88601589457e-07, 5.07318645759e-07, 1.96879327063e-07, 4.6672898435e-08, 9.54971213218e-08, 3.47196795758e-08, 9.14769842097e-08, 1.62303841478e-08, 1.74815661946e-10, 1.19428246843e-15],
        "dvar2": [6.45986517611e-08, 0.000944176746998, 4.49706567451e-05, 0.000102314072137, 1.12024790724e-05, 7.28258783056e-06, 8.85756833213e-07, 7.12824260063e-07, 4.46460290959e-07, 2.34692294043e-07, 7.6087655998e-07, 3.84604078363e-07, 4.62741610363e-07, 8.98556322682e-07, 1.7794084215e-06, 2.54299470726e-06, 6.53989502553e-07, 4.37136861819e-07, 1.07987250431e-06, 4.30130569384e-07, 1.17908484754e-07, 2.34660078036e-07, 7.18669284083e-08, 2.03655389441e-07, 3.41702488527e-08, 3.7292166577e-10, 1.37906874098e-15],
        "max": [0.00180068425834, 0.100466758013, 0.0303441174328, 0.04686409235, 0.0172305293381, 0.0191264357418, 0.0066692866385, 0.0113228755072, 0.0109446216375, 0.0052359639667, 0.00713682454079, 0.00370197813027, 0.00858600437641, 0.0127017637715, 0.0126428082585, 0.00939207803458, 0.00626543536782, 0.00746010802686, 0.0113149955869, 0.00379930832423, 0.00189640198369, 0.00743060745299, 0.00351730291732, 0.00475763296708, 0.00158215896226, 0.000169395236298, 1.18649040814e-06],
        "mean": [0.000104529528471, 0.00796923507005, 0.00218674819916, 0.00344630377367, 0.00219785422087, 0.00194148765877, 0.000627972302027, 0.000373781163944, 0.000274666235782, 0.000303845386952, 0.000669960747473, 0.000470667582704, 0.000462546624476, 0.000856637954712, 0.00101766432635, 0.00177780399099, 0.000962640915532, 0.000675298622809, 0.00105625926517, 0.000529465964064, 0.000161624906468, 9.5806644822e-05, 7.99203990027e-05, 0.000121052646136, 5.959423288e-05, 7.49987293602e-06, 2.9199036522e-09],
        "median": [2.49997683568e-05, 0.000971780740656, 0.000841050525196, 0.00139623228461, 0.00163462408818, 0.0011586433975, 0.000360788952094, 0.000138793257065, 0.000131202759803, 0.000199349306058, 0.000417516217567, 0.00035396500607, 0.000317076977808, 0.00060742982896, 0.000781682843808, 0.00153778505046, 0.000730307248887, 0.000524915521964, 0.000775754393544, 0.000336626515491, 5.47581330466e-05, 2.33008468058e-05, 1.68861952261e-05, 2.2050953703e-05, 9.06211789697e-06, 1.58060379363e-06, 4.30744190316e-10],
        "min": [4.81006523501e-09, 9.18368073144e-07, 2.72520674116e-06, 7.18608680472e-06, 3.57942553819e-05, 4.00994904339e-05, 1.31125379994e-05, 4.45467776444e-06, 5.33940465175e-06, 8.2570950326e-06, 1.69911072589e-05, 1.36048265631e-05, 3.36686862283e-05, 6.91353670845e-06, 5.82277498324e-05, 5.1840001106e-05, 2.49542645179e-05, 4.10302600358e-05, 6.07693364145e-05, 2.2891064873e-05, 6.82706331645e-06, 1.32735590341e-06, 3.95560448396e-07, 5.7030469236e-08, 3.04509732985e-08, 3.03529354428e-11, 1.03037647858e-11],
        "var": [3.93091532658e-08, 0.000351660157321, 1.39071089507e-05, 3.90881104977e-05, 4.6699979066e-06, 5.54976941203e-06, 6.08558536896e-07, 6.49728292501e-07, 3.5111742136e-07, 1.27202866906e-07, 5.92089065776e-07, 1.86753325693e-07, 2.74098738373e-07, 8.4947492951e-07, 9.26469510887e-07, 1.42115504786e-06, 7.0196898605e-07, 3.22093654859e-07, 9.52324171521e-07, 3.09046697566e-07, 6.1337942725e-08, 8.84366784248e-08, 4.37375717866e-08, 1.10713010315e-07, 2.00477892065e-08, 2.38274427966e-10, 1.15833237845e-15]
    },
    "erbbands": {
        "dmean": [0.205384299159, 2.33742403984, 2.80756020546, 6.93366384506, 8.90114784241, 3.42417812347, 10.1670780182, 8.03160095215, 4.55998802185, 6.23382711411, 5.26024770737, 3.95646476746, 3.93233561516, 15.950671196, 8.88477420807, 12.6469907761, 11.2569179535, 20.7482528687, 20.0963439941, 49.4690589905, 33.8351135254, 21.8719558716, 15.7235507965, 26.1972751617, 20.8294277191, 13.1211280823, 6.325735569, 2.8094189167, 2.62476825714, 2.09221076965, 1.82443702221, 2.12188100815, 1.48799097538, 0.830752551556, 0.2388677001, 0.0480971597135, 0.0103652020916, 0.000538627908099, 2.02628398256e-05, 1.77984038601e-05],
        "dmean2": [0.334725528955, 3.89446020126, 4.5346198082, 11.5635824203, 14.9440670013, 5.81573104858, 17.1119213104, 13.5898971558, 7.85046195984, 10.1339015961, 8.3140707016, 6.1508641243, 6.32023143768, 25.3079013824, 14.7016677856, 20.7289028168, 18.8059043884, 33.3390884399, 33.1806716919, 82.6266174316, 56.2803344727, 34.6886825562, 24.571105957, 42.0608558655, 33.0292930603, 20.83776474, 10.143661499, 4.39110612869, 4.04441452026, 2.98914194107, 2.64340662956, 3.17803120613, 2.17136883736, 1.20918262005, 0.343478441238, 0.0709736198187, 0.015880279243, 0.000852075289004, 2.87196271529e-05, 2.63766287389e-05],
        "dvar": [0.177286997437, 24.6577453613, 27.3978061676, 133.925216675, 284.921020508, 17.9124126434, 194.216308594, 142.80317688, 50.033706665, 143.984344482, 125.479553223, 86.8111190796, 45.0516777039, 634.513183594, 107.892036438, 318.742584229, 299.433929443, 978.088256836, 570.230529785, 4267.52441406, 1097.05334473, 667.337097168, 430.014312744, 860.479309082, 907.752929688, 479.027801514, 176.853744507, 34.3679084778, 170.478942871, 62.0849533081, 30.865404129, 61.2658538818, 13.7011299133, 4.81603288651, 0.275723993778, 0.0106288064271, 0.000802810420282, 1.73598277797e-06, 1.18041787456e-09, 4.76176598152e-10],
        "dvar2": [0.413602769375, 58.8021278381, 64.5791625977, 336.877929688, 757.601806641, 48.6227684021, 510.140838623, 397.872192383, 137.66885376, 327.670959473, 285.801239014, 183.692932129, 101.120353699, 1532.91271973, 298.624084473, 848.650634766, 758.172729492, 2146.6652832, 1426.43041992, 11639.5986328, 2914.48828125, 1538.13305664, 933.799987793, 1863.20678711, 1865.32067871, 1064.32995605, 435.145782471, 87.5323028564, 435.673950195, 129.13494873, 66.7619934082, 143.650344849, 28.1314144135, 10.1789226532, 0.545800387859, 0.0223663840443, 0.00156926829368, 3.38283257406e-06, 2.21557550084e-09, 9.78611858216e-10],
        "max": [2.53088593483, 25.3578720093, 36.7356681824, 79.2333602905, 140.371963501, 45.2692909241, 231.666229248, 200.385604858, 83.7386398315, 167.15524292, 151.862319946, 235.817153931, 130.101699829, 295.091094971, 141.323989868, 189.302642822, 244.499038696, 609.860046387, 265.805145264, 1183.14624023, 315.625213623, 319.066345215, 348.134063721, 372.847442627, 472.132141113, 180.439453125, 135.314910889, 69.2422103882, 343.106445312, 167.327392578, 89.6904830933, 126.601516724, 49.0410194397, 35.5484657288, 4.92892313004, 1.2642377615, 0.546057522297, 0.0230891723186, 0.000535148137715, 0.000143560391734],
        "mean": [0.180990532041, 1.93365454674, 2.93881511688, 7.33451080322, 10.3634939194, 5.65135335922, 15.4680547714, 12.6005020142, 7.64375114441, 10.1880407333, 8.19022464752, 6.29809570312, 6.97133970261, 26.1453647614, 17.5286827087, 21.0608520508, 20.7612361908, 39.5861968994, 42.1461372375, 92.2439117432, 78.318687439, 49.6539344788, 35.3993873596, 53.3307723999, 42.9266929626, 24.7857952118, 10.1305427551, 4.6138420105, 3.52531576157, 2.89209103584, 2.39448952675, 2.60322380066, 1.78681123257, 0.922851920128, 0.277679026127, 0.0563073568046, 0.0119003066793, 0.000586748821661, 3.42160601576e-05, 3.67095672118e-05],
        "median": [0.0223712977022, 0.232893392444, 0.946258366108, 3.33219313622, 5.80647706985, 4.05860424042, 9.13461399078, 7.29066896439, 4.61320638657, 5.26960086823, 3.11314153671, 3.18616700172, 4.54655790329, 13.3593530655, 13.9350185394, 14.7531576157, 14.6715621948, 27.9893608093, 34.7013816833, 74.9157180786, 71.3573303223, 38.0430412292, 27.2946987152, 41.2501564026, 30.8327445984, 15.6088647842, 4.22250032425, 1.43710720539, 0.885063290596, 0.624835968018, 0.488399744034, 0.499231278896, 0.296984046698, 0.130455255508, 0.0489063076675, 0.0109846005216, 0.00271695083939, 0.000123765450553, 1.90726186702e-05, 2.70456821454e-05],
        "min": [5.12996011821e-05, 0.000436366011854, 0.00742962025106, 0.0312803387642, 0.0705883651972, 0.0769943445921, 0.438581347466, 0.379611492157, 0.355616003275, 0.223999872804, 0.253641813993, 0.264523118734, 0.40150141716, 0.827888011932, 1.14654123783, 0.911473751068, 1.88909351826, 1.70285665989, 2.65099287033, 5.85007381439, 2.79226088524, 1.64798998833, 2.98227882385, 3.09101390839, 2.50725650787, 1.19227802753, 0.53102773428, 0.195477858186, 0.0591719485819, 0.0208951700479, 0.0123708238825, 0.00313321687281, 0.00133489316795, 0.000881771731656, 0.000137539274874, 4.98629779031e-05, 6.54170980852e-06, 1.75235527422e-06, 1.96740415959e-06, 3.82266398447e-06],
        "var": [0.162864938378, 21.3482723236, 26.2606678009, 131.226028442, 252.819152832, 25.8511276245, 441.704315186, 268.575469971, 88.426902771, 274.621643066, 251.518081665, 134.588668823, 78.3218688965, 1201.68029785, 187.430267334, 436.609954834, 499.108123779, 1919.11352539, 1000.35400391, 6161.20068359, 2059.26806641, 1838.23083496, 832.832275391, 1743.49108887, 1675.3347168, 701.749145508, 214.121841431, 53.7267723083, 142.717269897, 75.6368331909, 37.1659240723, 67.9492492676, 17.9771614075, 5.78840494156, 0.364457070827, 0.0135615132749, 0.00119708932471, 2.69196380032e-06, 1.99792782318e-09, 6.91292800781e-10]
    },
    "gfcc": {
        "mean": [11.8136177063, 101.743537903, -154.700897217, 51.9808807373, -39.2094841003, 9.03684520721, -50.6756057739, 7.03454351425, -30.2080497742, -4.86798429489, -7.24626731873, -8.19446086884, -1.7218375206],
        "cov": [[1268.8449707, -691.047729492, 474.327545166, 224.388839722, -199.683059692, 234.711547852, -106.052268982, 107.981834412, -41.4865036011, 94.3373794556, -132.28314209, 15.8866157532, -156.181564331], [-691.047729492, 1038.21655273, -159.760055542, -54.6310844421, 385.274017334, -162.614654541, 246.569900513, -7.66721153259, 144.411361694, -65.1907196045, 170.768096924, -54.4558868408, 130.1509552], [474.327545166, -159.760055542, 434.568847656, 186.085449219, 63.9630737305, 189.628814697, 39.2016181946, 106.176467896, 4.27578687668, 85.6137924194, -32.545173645, 39.3409767151, -36.1059188843], [224.388839722, -54.6310844421, 186.085449219, 227.683456421, 82.8231277466, 129.165313721, 51.2089920044, 32.2858772278, 18.6288509369, 20.2675132751, 9.3079624176, -11.5471630096, 9.4371137619], [-199.683059692, 385.274017334, 63.9630737305, 82.8231277466, 363.152099609, 23.5487384796, 159.164535522, 51.5496864319, 74.812828064, 20.7841148376, 70.0477676392, 9.10605716705, 50.5119247437], [234.711547852, -162.614654541, 189.628814697, 129.165313721, 23.5487384796, 202.995819092, 47.6981697083, 64.5542449951, 5.44019079208, 40.3897628784, -6.53626489639, 13.1708908081, -3.0035943985], [-106.052268982, 246.569900513, 39.2016181946, 51.2089920044, 159.164535522, 47.6981697083, 174.644210815, 50.7528305054, 63.1729698181, 12.8953266144, 48.1872711182, 4.72227096558, 37.9812278748], [107.981834412, -7.66721153259, 106.176467896, 32.2858772278, 51.5496864319, 64.5542449951, 50.7528305054, 100.795295715, 32.3428344727, 44.4884910583, 1.28211462498, 14.402589798, 2.67062878609], [-41.4865036011, 144.411361694, 4.27578687668, 18.6288509369, 74.812828064, 5.44019079208, 63.1729698181, 32.3428344727, 123.643188477, 30.8971729279, 52.9912986755, 5.80012178421, 6.79432535172], [94.3373794556, -65.1907196045, 85.6137924194, 20.2675132751, 20.7841148376, 40.3897628784, 12.8953266144, 44.4884910583, 30.8971729279, 97.5451431274, 11.2336940765, 35.0065994263, -10.6702547073], [-132.28314209, 170.768096924, -32.545173645, 9.3079624176, 70.0477676392, -6.53626489639, 48.1872711182, 1.28211462498, 52.9912986755, 11.2336940765, 95.2727890015, 18.2092323303, 36.3361854553], [15.8866157532, -54.4558868408, 39.3409767151, -11.5471630096, 9.10605716705, 13.1708908081, 4.72227096558, 14.402589798, 5.80012178421, 35.0065994263, 18.2092323303, 93.5193557739, 21.0354881287], [-156.181564331, 130.1509552, -36.1059188843, 9.4371137619, 50.5119247437, -3.0035943985, 37.9812278748, 2.67062878609, 6.79432535172, -10.6702547073, 36.3361854553, 21.0354881287, 96.0222549438]],
        "icov": [[0.0026481449604, 0.000818416068796, -0.00195517740212, -0.0014805829851, 0.00107345869765, 0.000570902542677, 0.000243308953941, -0.00135940522887, -0.000604721193668, 0.000488743884489, 0.000358992052497, 2.24620525842e-05, 0.00195934902877], [0.000818416068796, 0.0074388240464, -0.00425747828558, 0.00405412586406, -0.00367320515215, 0.00610611960292, -0.00585565157235, 0.00229751714505, -0.00276242406107, 0.00357255735435, -0.00635845167562, 0.0071054585278, -0.0049333772622], [-0.00195517740212, -0.00425747828558, 0.0102592697367, -0.00531533965841, 0.000537151936442, -0.00552468700334, 0.00346437096596, -0.00429107481614, 0.00296660652384, -0.00388472806662, 0.00493221683428, -0.00653979135677, 0.00418891431764], [-0.0014805829851, 0.00405412586406, -0.00531533965841, 0.0142217539251, -0.00453940825537, -0.00108837999869, -0.00352664897218, 0.00658958172426, -0.00268540787511, 0.00245616910979, -0.00523237325251, 0.00822409894317, -0.00709275482222], [0.00107345869765, -0.00367320515215, 0.000537151936442, -0.00453940825537, 0.0080350972712, -0.000985667109489, -0.000644755724352, -0.00278577720746, 0.00106277351733, -0.00185305508785, 0.0022425618954, -0.0038076217752, 0.00315212458372], [0.000570902542677, 0.00610611960292, -0.00552468700334, -0.00108837999869, -0.000985667109489, 0.016359070316, -0.007474379614, -0.00155794341117, -0.000646026572213, 0.0022766625043, -0.00567418755963, 0.00524827977642, -0.00399204017594], [0.000243308953941, -0.00585565157235, 0.00346437096596, -0.00352664897218, -0.000644755724352, -0.007474379614, 0.0173806883395, -0.00554669788107, -0.000776216969825, -0.000996601069346, 0.00404474325478, -0.00527874659747, 0.00293667544611], [-0.00135940522887, 0.00229751714505, -0.00429107481614, 0.00658958172426, -0.00278577720746, -0.00155794341117, -0.00554669788107, 0.0216472502798, -0.00426884321496, -0.00359785906039, 0.00051800935762, 0.00445017032325, -0.00584639376029], [-0.000604721193668, -0.00276242406107, 0.00296660652384, -0.00268540787511, 0.00106277351733, -0.000646026572213, -0.000776216969825, -0.00426884321496, 0.0150226065889, -0.00432905042544, -0.00416115112603, -0.00189944764134, 0.00443329568952], [0.000488743884489, 0.00357255735435, -0.00388472806662, 0.00245616910979, -0.00185305508785, 0.0022766625043, -0.000996601069346, -0.00359785906039, -0.00432905042544, 0.018802696839, -0.0048812078312, -0.00150203157682, 0.000362660066457], [0.000358992052497, -0.00635845167562, 0.00493221683428, -0.00523237325251, 0.0022425618954, -0.00567418755963, 0.00404474325478, 0.00051800935762, -0.00416115112603, -0.0048812078312, 0.0247585847974, -0.0091449636966, 0.000986074679531], [2.24620525842e-05, 0.0071054585278, -0.00653979135677, 0.00822409894317, -0.0038076217752, 0.00524827977642, -0.00527874659747, 0.00445017032325, -0.00189944764134, -0.00150203157682, -0.0091449636966, 0.0225715544075, -0.010247006081], [0.00195934902877, -0.0049333772622, 0.00418891431764, -0.00709275482222, 0.00315212458372, -0.00399204017594, 0.00293667544611, -0.00584639376029, 0.00443329568952, 0.000362660066457, 0.000986074679531, -0.010247006081, 0.0213764123619]]
    },
    "melbands": {
        "dmean": [0.00237059826031, 0.00204317015596, 0.00132081587799, 0.000385388004361, 0.000290692172712, 0.000186473946087, 7.06572682247e-05, 6.28914494882e-05, 4.49665749329e-05, 2.51936253335e-05, 1.91836934391e-05, 6.06360590609e-05, 3.39424368576e-05, 2.8508980904e-05, 3.05374051095e-05, 3.01871714328e-05, 4.37621820311e-05, 3.48715111613e-05, 5.10249483341e-05, 8.17725303932e-05, 3.81225690944e-05, 2.77359340544e-05, 1.97130448214e-05, 1.46013517224e-05, 2.35676070588e-05, 2.20088750211e-05, 1.29188510982e-05, 8.55172675074e-06, 4.58117438029e-06, 2.64653453996e-06, 1.430895054e-06, 1.39028952617e-06, 1.62378648838e-06, 1.09210452592e-06, 1.12928535145e-06, 9.65258436736e-07, 1.48852393522e-06, 1.09528309622e-06, 9.95481059363e-07, 6.07654442319e-07],
        "dmean2": [0.00390060036443, 0.00321301235817, 0.00221124873497, 0.000658429518808, 0.000491330167279, 0.000316729303449, 0.000120878816233, 0.000101650424767, 7.07721701474e-05, 3.9068665501e-05, 3.0888364563e-05, 9.62319390965e-05, 5.60266853427e-05, 4.73624058941e-05, 5.05996358697e-05, 4.97837681905e-05, 7.06178543624e-05, 5.80609848839e-05, 8.47048868309e-05, 0.000140081261634, 6.36963668512e-05, 4.54007204098e-05, 3.11847215926e-05, 2.31606991292e-05, 3.82513462682e-05, 3.46875276591e-05, 2.05103442568e-05, 1.38765999509e-05, 7.48482807467e-06, 4.16790726376e-06, 2.25318080993e-06, 2.16408648157e-06, 2.46523813985e-06, 1.60322292686e-06, 1.68901260622e-06, 1.40421752803e-06, 2.2846122647e-06, 1.5975928136e-06, 1.49260415583e-06, 8.94753725333e-07],
        "dvar": [2.44282564381e-05, 1.53736709763e-05, 5.33559796168e-06, 3.99454847866e-07, 1.50467016624e-07, 6.82036684907e-08, 1.13827818282e-08, 1.67955391817e-08, 1.05507957926e-08, 3.97872934599e-09, 1.15680165447e-09, 9.18941100991e-09, 1.71778347102e-09, 1.33155020343e-09, 3.05692959834e-09, 2.12227568852e-09, 4.34045643871e-09, 1.73459047126e-09, 4.30540891827e-09, 8.95576857118e-09, 1.47784495752e-09, 9.99976101923e-10, 7.7300360557e-10, 3.99177940702e-10, 6.76561251467e-10, 1.06708264447e-09, 3.1210647955e-10, 2.32757438323e-10, 9.11061642794e-11, 2.9546781688e-11, 8.42339826362e-12, 4.40994289697e-11, 5.13064590812e-11, 1.7220060447e-11, 1.40808935692e-11, 7.0760142537e-12, 3.54694468241e-11, 6.94055490164e-12, 7.35781748029e-12, 2.38884259596e-12],
        "dvar2": [5.76717175136e-05, 3.4723427234e-05, 1.3590421986e-05, 1.05780611648e-06, 3.95139039711e-07, 1.89132606465e-07, 3.04892004976e-08, 3.81058811172e-08, 2.34021761969e-08, 8.38230374001e-09, 2.63265031997e-09, 2.23266738431e-08, 4.48915749018e-09, 3.51643314467e-09, 8.63699334275e-09, 5.1485193886e-09, 1.00015906668e-08, 4.26698054667e-09, 1.12162377164e-08, 2.46815421434e-08, 3.86992971002e-09, 2.41637643228e-09, 1.84974935369e-09, 9.10561126499e-10, 1.5276684362e-09, 2.27549712406e-09, 6.91741997016e-10, 5.42300815365e-10, 2.27006483056e-10, 7.45575406969e-11, 2.24084587691e-11, 1.12462560098e-10, 1.24383184308e-10, 3.45892932352e-11, 3.17404470762e-11, 1.57825072455e-11, 8.47286338312e-11, 1.47736510525e-11, 1.51469444626e-11, 5.17224978125e-12],
        "max": [0.0259791389108, 0.0209832675755, 0.0173145774752, 0.00520006334409, 0.00614243093878, 0.00395635375753, 0.00129864865448, 0.00219712150283, 0.00151281384751, 0.00179884105455, 0.000663653481752, 0.00117526878603, 0.000479483045638, 0.000422247219831, 0.000705775630195, 0.000815651961602, 0.00114359112922, 0.000531827041414, 0.00102173408959, 0.00118289573584, 0.000456355628558, 0.000374794297386, 0.000374021648895, 0.000343244260876, 0.000308827264234, 0.000574354780838, 0.000154302790179, 0.000127506675199, 0.000100338023913, 5.45825969311e-05, 3.84201775887e-05, 0.00017687426589, 0.00016205367865, 8.51186778164e-05, 6.70641602483e-05, 4.77651810797e-05, 0.000107167303213, 3.54428084393e-05, 3.55417032551e-05, 2.60961660388e-05],
        "mean": [0.00201363582164, 0.00196992466226, 0.00144221016672, 0.000535624392796, 0.000464463140815, 0.000300135259749, 0.000120860830066, 0.000103062193375, 6.53673632769e-05, 3.85081038985e-05, 3.10440264002e-05, 9.85225124168e-05, 6.45497566438e-05, 5.05474818056e-05, 5.02336879435e-05, 4.99400957779e-05, 7.85903466749e-05, 6.49807043374e-05, 8.89571529115e-05, 0.000146619961015, 8.22079309728e-05, 5.50390468561e-05, 3.75631898351e-05, 2.89644231088e-05, 4.50392944913e-05, 4.00938442908e-05, 2.38227039517e-05, 1.41747868838e-05, 6.72310079608e-06, 3.96561517846e-06, 2.17077604248e-06, 1.79438563919e-06, 2.087322855e-06, 1.45469664403e-06, 1.40326039855e-06, 1.23694633203e-06, 1.75987440798e-06, 1.28255487652e-06, 1.10228882022e-06, 6.55780070247e-07],
        "median": [0.0002340010833, 0.000467392645078, 0.000714535708539, 0.000379491626518, 0.000282630528091, 0.000178811576916, 7.3515198892e-05, 5.14161110914e-05, 2.32749971474e-05, 1.87636105693e-05, 1.81766008609e-05, 5.06176802446e-05, 4.96348693559e-05, 4.0396960685e-05, 2.94598394248e-05, 3.28422793245e-05, 5.33895436092e-05, 5.24289207533e-05, 7.03588157194e-05, 0.00012134865392, 7.29193779989e-05, 4.15208414779e-05, 2.68062995019e-05, 2.20557267312e-05, 3.47156455973e-05, 2.81000193354e-05, 1.65646342793e-05, 8.15474049887e-06, 2.69438305622e-06, 1.3569596149e-06, 6.17285024873e-07, 4.89687124627e-07, 4.43336062972e-07, 2.99078180888e-07, 2.79913024315e-07, 2.63975806547e-07, 3.04423224406e-07, 2.16613145199e-07, 1.47012912066e-07, 8.95932288358e-08],
        "min": [2.1106060899e-07, 1.75008108272e-06, 5.83908786211e-06, 4.54144174e-06, 1.43868619489e-05, 7.48003367335e-06, 4.44949728262e-06, 2.25765620598e-06, 1.36656785799e-06, 9.89368118098e-07, 7.07362232788e-07, 1.99530654754e-06, 3.09026518153e-06, 1.97038434635e-06, 2.15427235162e-06, 2.42732403422e-06, 1.47930074945e-06, 2.433411737e-06, 3.3604633245e-06, 4.06853587265e-06, 1.92532343135e-06, 1.37888241625e-06, 1.44990019635e-06, 2.80558720078e-06, 1.63539186815e-06, 1.58945420026e-06, 8.27519102131e-07, 6.9559058602e-07, 2.28637617283e-07, 1.25400518414e-07, 2.01734362548e-08, 2.06379429102e-08, 1.56723807265e-08, 7.48925010896e-09, 7.06832414821e-09, 4.65506166947e-09, 1.1408150119e-10, 4.00214361651e-10, 7.85870313269e-10, 7.30463953214e-11],
