{
"highlevel": {
    "danceability": {
        "all": {
            "danceable": 1.79603665273e-10,
            "not_danceable": 1
        },
        "probability": 1,
        "value": "not_danceable"
    },
    "gender": {
        "all": {
            "female": 0.447802186012,
            "male": 0.552197813988
        },
        "probability": 0.552197813988,
        "value": "male"
    },
    "genre_dortmund": {
        "all": {
            "alternative": 0.170754209161,
            "blues": 0.0105738416314,
            "electronic": 0.0339119173586,
            "folkcountry": 0.273148715496,
            "funksoulrnb": 0.00472442852333,
            "jazz": 0.0123055074364,
            "pop": 0.110486939549,
            "raphiphop": 0.000994872534648,
            "rock": 0.383099585772
        },
        "probability": 0.383099585772,
        "value": "rock"
    },
    "genre_electronic": {
        "all": {
            "ambient": 0.54170691967,
            "dnb": 0.117739059031,
            "house": 0.0242621619254,
            "techno": 0.0104137538001,
            "trance": 0.305878132582
        },
        "probability": 0.54170691967,
        "value": "ambient"
    },
    "genre_rosamerica": {
        "all": {
            "cla": 0.00110833079088,
            "dan": 0.000815304752905,
            "hip": 0.000177708512638,
            "jaz": 0.000240016932366,
            "pop": 0.00259646982886,
            "rhy": 0.000280038075289,
            "roc": 0.99462801218,
            "spe": 0.000154092049343
        },
        "probability": 0.99462801218,
        "value": "roc"
    },
    "genre_tzanetakis": {
        "all": {
            "blu": 0.0626541376114,
            "cla": 0.0348133966327,
            "cou": 0.0783501937985,
            "dis": 0.104547761381,
            "hip": 0.15693578124,
            "jaz": 0.313987255096,
            "met": 0.044816005975,
            "pop": 0.0627349764109,
            "reg": 0.0627352520823,
            "roc": 0.0784252434969
        },
        "probability": 0.313987255096,
        "value": "jaz"
    },
    "ismir04_rhythm": {
        "all": {
            "ChaChaCha": 0.0343355983496,
            "Jive": 0.862366676331,
            "Quickstep": 0.0110445292667,
            "Rumba-American": 0.00151006667875,
            "Rumba-International": 0.00248898658901,
            "Rumba-Misc": 0.000739927112591,
            "Samba": 0.0254354141653,
            "Tango": 0.012651422061,
            "VienneseWaltz": 0.0473004579544,
            "Waltz": 0.00212692492642
        },
        "probability": 0.862366676331,
        "value": "Jive"
    },
    "mood_acoustic": {
        "all": {
            "acoustic": 9.90690659819e-06,
            "not_acoustic": 0.999990105629
        },
        "probability": 0.999990105629,
        "value": "not_acoustic"
    },
    "mood_aggressive": {
        "all": {
            "aggressive": 0.994253575802,
            "not_aggressive": 0.00574641721323
        },
        "probability": 0.994253575802,
        "value": "aggressive"
    },
    "mood_electronic": {
        "all": {
            "electronic": 0.143370121717,
            "not_electronic": 0.85662984848
        },
        "probability": 0.85662984848,
        "value": "not_electronic"
    },
    "mood_happy": {
        "all": {
            "happy": 0.851628243923,
            "not_happy": 0.148371785879
        },
        "probability": 0.851628243923,
        "value": "happy"
    },
    "mood_party": {
        "all": {
            "not_party": 0.221367239952,
            "party": 0.778632760048
        },
        "probability": 0.778632760048,
        "value": "party"
    },
    "mood_relaxed": {
        "all": {
            "not_relaxed": 0.92276763916,
            "relaxed": 0.0772323608398
        },
        "probability": 0.92276763916,
        "value": "not_relaxed"
    },
    "mood_sad": {
        "all": {
            "not_sad": 0.939927041531,
            "sad": 0.0600729845464
        },
        "probability": 0.939927041531,
        "value": "not_sad"
    },
    "moods_mirex": {
        "all": {
            "Cluster1": 0.738313674927,
            "Cluster2": 0.0632419586182,
            "Cluster3": 0.0428377315402,
            "Cluster4": 0.0515526980162,
            "Cluster5": 0.104053936899
        },
        "probability": 0.738313674927,
        "value": "Cluster1"
    },
    "timbre": {
        "all": {
            "bright": 0.986851930618,
            "dark": 0.013148044236
        },
        "probability": 0.986851930618,
        "value": "bright"
    },
    "tonal_atonal": {
        "all": {
            "atonal": 0.00592132844031,
            "tonal": 0.994078695774
        },
        "probability": 0.994078695774,
        "value": "tonal"
    },
    "voice_instrumental": {
        "all": {
            "instrumental": 0.0156466942281,
            "voice": 0.984353303909
        },
        "probability": 0.984353303909,
        "value": "voice"
    }
},
"lowlevel": {
    "average_loudness": 0.983392596245,
    "barkbands_crest": {
        "dmean": 1.98847961426,
        "dmean2": 3.21191525459,
        "dvar": 4.6969370842,
        "dvar2": 11.8492918015,
        "max": 19.1655273438,
        "mean": 6.33848333359,
        "median": 5.24873733521,
        "min": 2.3959941864,
        "var": 10.6598587036
    },
    "barkbands_flatness_db": {
        "dmean": 0.0127945654094,
        "dmean2": 0.020102199167,
        "dvar": 0.000132241169922,
        "dvar2": 0.000314080767566,
        "max": 0.178445622325,
        "mean": 0.0854387879372,
        "median": 0.0838937982917,
        "min": 0.0319710448384,
        "var": 0.00050901301438
    },
    "barkbands_kurtosis": {
        "dmean": 0.596077263355,
        "dmean2": 0.991573810577,
        "dvar": 0.763614177704,
        "dvar2": 1.89305019379,
        "max": 8.14409065247,
        "mean": -0.408411443233,
        "median": -0.788762807846,
        "min": -1.66294229031,
        "var": 1.26651453972
    },
    "barkbands_skewness": {
        "dmean": 0.327264904976,
        "dmean2": 0.523791432381,
        "dvar": 0.114282093942,
        "dvar2": 0.281046032906,
        "max": 2.90349173546,
        "mean": 0.639065086842,
        "median": 0.564200341702,
        "min": -1.07699286938,
        "var": 0.306476056576
    },
    "barkbands_spread": {
        "dmean": 4.46510696411,
        "dmean2": 6.9353260994,
        "dvar": 14.3767948151,
        "dvar2": 35.9528884888,
        "max": 62.3453598022,
        "mean": 34.9509735107,
        "median": 34.9567832947,
        "min": 15.8061714172,
        "var": 55.9890403748
    },
    "dissonance": {
        "dmean": 0.00837997812778,
        "dmean2": 0.0140240509063,
        "dvar": 5.24753450009e-05,
        "dvar2": 0.00014107725292,
        "max": 0.500000059605,
        "mean": 0.484459251165,
        "median": 0.486059725285,
        "min": 0.44335848093,
        "var": 8.81829837454e-05
    },
    "dynamic_complexity": 0.768783092499,
    "erbbands_crest": {
        "dmean": 1.68500494957,
        "dmean2": 2.75511288643,
        "dvar": 2.35837078094,
        "dvar2": 6.17820739746,
        "max": 16.2847671509,
        "mean": 6.33647680283,
        "median": 5.89026212692,
        "min": 2.56463336945,
        "var": 4.34684276581
    },
    "erbbands_flatness_db": {
        "dmean": 0.0133900316432,
        "dmean2": 0.0186058618128,
        "dvar": 0.000136821821798,
        "dvar2": 0.000272939563729,
        "max": 0.213090002537,
        "mean": 0.135571569204,
        "median": 0.133916780353,
        "min": 0.0754070281982,
        "var": 0.000456775364
    },
    "erbbands_kurtosis": {
        "dmean": 0.393554180861,
        "dmean2": 0.628638446331,
        "dvar": 0.134909242392,
        "dvar2": 0.344509243965,
        "max": 2.91678285599,
        "mean": -0.204291701317,
        "median": -0.338988780975,
        "min": -1.39541196823,
        "var": 0.436312109232
    },
    "erbbands_skewness": {
        "dmean": 0.208225399256,
        "dmean2": 0.317487508059,
        "dvar": 0.0258146766573,
        "dvar2": 0.0632287561893,
        "max": 0.867495536804,
        "mean": -0.278405934572,
        "median": -0.263322860003,
        "min": -1.66875195503,
        "var": 0.0977365970612
    },
    "erbbands_spread": {
        "dmean": 5.34915971756,
        "dmean2": 8.23989009857,
        "dvar": 21.765789032,
        "dvar2": 53.9376029968,
        "max": 63.3908958435,
        "mean": 36.1486206055,
        "median": 35.5621261597,
        "min": 14.6899280548,
        "var": 71.786026001
    },
    "hfc": {
        "dmean": 5.87602043152,
        "dmean2": 8.18048477173,
        "dvar": 29.5237178802,
        "dvar2": 52.9792175293,
        "max": 103.627197266,
        "mean": 36.4540557861,
        "median": 34.1686172485,
        "min": 10.4303789139,
        "var": 198.648727417
    },
    "melbands_crest": {
        "dmean": 3.04267954826,
        "dmean2": 4.8152589798,
        "dvar": 8.45487785339,
        "dvar2": 19.3855075836,
        "max": 28.8806533813,
        "mean": 11.2679891586,
        "median": 9.76037406921,
        "min": 3.21719360352,
        "var": 26.691991806
    },
    "melbands_flatness_db": {
        "dmean": 0.0192138683051,
        "dmean2": 0.0304121673107,
        "dvar": 0.000351416150806,
        "dvar2": 0.000830994220451,
        "max": 0.239940434694,
        "mean": 0.124110728502,
        "median": 0.121057063341,
        "min": 0.0507498383522,
        "var": 0.00126190588344
    },
    "melbands_kurtosis": {
        "dmean": 2.33897972107,
        "dmean2": 3.83198094368,
        "dvar": 11.7269954681,
        "dvar2": 29.1374835968,
        "max": 32.0888214111,
        "mean": 3.42941212654,
        "median": 2.0748462677,
        "min": -1.54807066917,
        "var": 18.8571643829
    },
    "melbands_skewness": {
        "dmean": 0.476160436869,
        "dmean2": 0.761182367802,
        "dvar": 0.280926883221,
        "dvar2": 0.676237165928,
        "max": 5.15156841278,
        "mean": 1.72323608398,
        "median": 1.57531702518,
        "min": -0.0789925605059,
        "var": 0.641029000282
    },
    "melbands_spread": {
        "dmean": 8.06171607971,
        "dmean2": 12.9586391449,
        "dvar": 56.9067878723,
        "dvar2": 149.125793457,
        "max": 100.224494934,
        "mean": 41.9718666077,
        "median": 42.2121009827,
        "min": 9.53830432892,
        "var": 182.981658936
    },
    "pitch_salience": {
        "dmean": 0.055556435138,
        "dmean2": 0.0876703858376,
        "dvar": 0.00259689381346,
        "dvar2": 0.00616386486217,
        "max": 0.774343669415,
        "mean": 0.588587939739,
        "median": 0.601712167263,
        "min": 0.2691603899,
        "var": 0.00724846916273
    },
    "silence_rate_20dB": {
        "dmean": 0,
        "dmean2": 0,
        "dvar": 0,
        "dvar2": 0,
        "max": 1,
        "mean": 1,
        "median": 1,
        "min": 1,
        "var": 0
    },
    "silence_rate_30dB": {
        "dmean": 0,
        "dmean2": 0,
        "dvar": 0,
        "dvar2": 0,
        "max": 1,
        "mean": 1,
        "median": 1,
        "min": 1,
        "var": 0
    },
    "silence_rate_60dB": {
        "dmean": 0,
        "dmean2": 0,
        "dvar": 0,
        "dvar2": 0,
        "max": 0,
        "mean": 0,
        "median": 0,
        "min": 0,
        "var": 0
    },
    "spectral_centroid": {
        "dmean": 202.34942627,
        "dmean2": 320.35836792,
        "dvar": 27457.3613281,
        "dvar2": 73553.03125,
        "max": 3237.54223633,
        "mean": 2067.57128906,
        "median": 2079.76416016,
        "min": 1040.73242188,
        "var": 130351.15625
    },
    "spectral_complexity": {
        "dmean": 3.84055733681,
        "dmean2": 6.03563117981,
        "dvar": 8.94204998016,
        "dvar2": 21.7415981293,
        "max": 57,
        "mean": 36.4586219788,
        "median": 36,
        "min": 17,
        "var": 41.5754776001
    },
    "spectral_decrease": {
        "dmean": 1.57726742778e-09,
        "dmean2": 2.5275463944e-09,
        "dvar": 3.90880641585e-18,
        "dvar2": 9.28309232702e-18,
        "max": -2.20383888916e-09,
        "mean": -7.2908146187e-09,
        "median": -6.70415500892e-09,
        "min": -2.21946940826e-08,
        "var": 7.78444371632e-18
    },
    "spectral_energy": {
        "dmean": 0.00613343575969,
        "dmean2": 0.00972713343799,
        "dvar": 5.61083543289e-05,
        "dvar2": 0.000130930769956,
        "max": 0.0864006727934,
        "mean": 0.0308236870915,
        "median": 0.0286675170064,
        "min": 0.00926386099309,
        "var": 0.000121068063891
    },
    "spectral_energyband_high": {
        "dmean": 0.000504091207404,
        "dmean2": 0.000686927640345,
        "dvar": 3.3241053643e-07,
        "dvar2": 5.90738636674e-07,
        "max": 0.00754877272993,
        "mean": 0.00164791103452,
        "median": 0.00123249262106,
        "min": 0.000129639563966,
        "var": 1.58953855589e-06
    },
    "spectral_energyband_low": {
        "dmean": 0.00492540979758,
        "dmean2": 0.0079616419971,
        "dvar": 6.10106362728e-05,
        "dvar2": 0.000146017831867,
        "max": 0.0729185417295,
        "mean": 0.00917061511427,
        "median": 0.00578842265531,
        "min": 0.000131744338432,
        "var": 0.000100016026408
    },
    "spectral_energyband_middle_high": {
        "dmean": 0.00200873822905,
        "dmean2": 0.00315079558641,
        "dvar": 3.32104809786e-06,
        "dvar2": 8.05081435828e-06,
        "max": 0.0285816416144,
        "mean": 0.0104907471687,
        "median": 0.010078759864,
        "min": 0.00356782763265,
        "var": 1.43711904457e-05
    },
    "spectral_energyband_middle_low": {
        "dmean": 0.00293737323955,
        "dmean2": 0.00475201196969,
        "dvar": 1.49401457747e-05,
        "dvar2": 4.04656857427e-05,
        "max": 0.0454144328833,
        "mean": 0.0111938416958,
        "median": 0.0105203175917,
        "min": 0.00320817693137,
        "var": 2.36149026023e-05
    },
    "spectral_entropy": {
        "dmean": 0.0868087485433,
        "dmean2": 0.122314572334,
        "dvar": 0.00506267091259,
        "dvar2": 0.00934062432498,
        "max": 8.49193954468,
        "mean": 7.86582899094,
        "median": 7.8666100502,
        "min": 7.28251647949,
        "var": 0.0238379053771
    },
    "spectral_flux": {
        "dmean": 0.0165120884776,
        "dmean2": 0.0252739358693,
        "dvar": 0.000360123376595,
        "dvar2": 0.000729074468836,
        "max": 0.262594729662,
        "mean": 0.0916778668761,
        "median": 0.0859412550926,
        "min": 0.0303049273789,
        "var": 0.000892544456292
    },
    "spectral_kurtosis": {
        "dmean": 0.92962884903,
        "dmean2": 1.56723129749,
        "dvar": 0.663883447647,
        "dvar2": 1.84320402145,
        "max": 10.1969814301,
        "mean": 3.82781529427,
        "median": 3.72573757172,
        "min": 1.15633201599,
        "var": 1.49721109867
    },
    "spectral_rms": {
        "dmean": 0.000519915600307,
        "dmean2": 0.000817192427348,
        "dvar": 3.16922609045e-07,
        "dvar2": 7.16446209026e-07,
        "max": 0.00918113999069,
        "mean": 0.00540380598977,
        "median": 0.00528850732371,
        "min": 0.00300631229766,
        "var": 8.70744031545e-07
    },
    "spectral_rolloff": {
        "dmean": 453.264648438,
        "dmean2": 751.961486816,
        "dvar": 200013.640625,
        "dvar2": 472950.46875,
        "max": 4823.4375,
        "mean": 2468.10449219,
        "median": 2368.65234375,
        "min": 172.265625,
        "var": 638210.25
    },
    "spectral_skewness": {
        "dmean": 0.133912488818,
        "dmean2": 0.226472198963,
        "dvar": 0.0115633672103,
        "dvar2": 0.0330875813961,
        "max": 2.40924501419,
        "mean": 1.32786929607,
        "median": 1.33180069923,
        "min": 0.869085133076,
        "var": 0.0307249575853
    },
    "spectral_spread": {
        "dmean": 414112.65625,
        "dmean2": 578620.5,
        "dvar": 198639697920,
        "dvar2": 344167481344,
        "max": 13864481,
        "mean": 4146675,
        "median": 4128969.5,
        "min": 2617032.5,
        "var": 517572263936
    },
    "spectral_strongpeak": {
        "dmean": 0.652888059616,
        "dmean2": 1.14490461349,
        "dvar": 1.1521730423,
        "dvar2": 3.04187941551,
        "max": 9.30354404449,
        "mean": 0.868824005127,
        "median": 0.42540293932,
        "min": 0,
        "var": 1.26999974251
    },
    "zerocrossingrate": {
        "dmean": 0.00908762495965,
        "dmean2": 0.0109634455293,
        "dvar": 5.67991191929e-05,
        "dvar2": 8.35953978822e-05,
        "max": 0.142578125,
        "mean": 0.0862297862768,
        "median": 0.08447265625,
        "min": 0.0400390625,
        "var": 0.000448947481345
    },
    "barkbands": {
        "dmean": [0.000195361324586, 0.0034696853254, 0.00194987317082, 0.00140931969509, 0.000937783974223, 0.000851088087074, 0.000896697805729, 0.000630287628155, 0.000291685282718, 0.000649583991617, 0.0001945218537, 0.000774021551479, 0.000308450282319, 0.000605788547546, 0.000614115851931, 0.000495788408443, 0.000611474795733, 0.000311503943522, 0.000578638457227, 0.000296276964946, 0.00013999787916, 0.000132796281832, 0.000131930719363, 7.43275231798e-05, 5.79468432989e-05, 4.88100049552e-05, 1.13328638918e-07],
        "dmean2": [0.000281574903056, 0.00573187181726, 0.00335600250401, 0.00237705814652, 0.00158226909116, 0.00140352302697, 0.00139055261388, 0.000894516240805, 0.000467802048661, 0.00100314815063, 0.000312736810884, 0.00113379897084, 0.000503192888573, 0.000971956935246, 0.00101125857327, 0.00082529115025, 0.000980905489996, 0.000513243605383, 0.000975033093709, 0.000494252832141, 0.000222464994295, 0.000198526293389, 0.000189507554751, 0.000112195237307, 8.57536942931e-05, 7.0504102041e-05, 1.90034015191e-07],
        "dvar": [1.44699541238e-07, 4.16371440224e-05, 1.21017783385e-05, 4.54875998912e-06, 1.41882139815e-06, 1.05297306163e-06, 1.42471822073e-06, 4.90318655011e-07, 1.45226266568e-07, 5.32932688202e-07, 5.2705413367e-08, 8.09119399037e-07, 2.46060039899e-07, 5.31175544438e-07, 3.82593015047e-07, 3.85971787864e-07, 4.67081292754e-07, 2.46166820261e-07, 5.30410659394e-07, 1.28351629769e-07, 2.68163447004e-08, 2.97571070007e-08, 2.31371348747e-08, 8.82219008957e-09, 4.78405182136e-09, 4.65674387939e-09, 7.73680842699e-14],
        "dvar2": [2.72457128858e-07, 0.000105310682557, 3.27192028635e-05, 1.24174339362e-05, 3.99595910494e-06, 3.04541663354e-06, 3.72298404727e-06, 9.52116749886e-07, 3.5524925579e-07, 1.247346745e-06, 1.30821931066e-07, 1.67111647897e-06, 6.35448770936e-07, 1.29520981318e-06, 1.02167723526e-06, 1.03182060229e-06, 1.14757733627e-06, 6.28605505426e-07, 1.49056791088e-06, 3.60534698984e-07, 6.61951204961e-08, 5.92435007718e-08, 4.6167563994e-08, 1.80324661869e-08, 9.90856463545e-09, 9.54042089774e-09, 1.62861504881e-13],
        "max": [0.00437566265464, 0.0549167618155, 0.0380566418171, 0.0196949914098, 0.0139723783359, 0.0116137247533, 0.014257744886, 0.0100611411035, 0.00432337913662, 0.00962613895535, 0.00265445653349, 0.0150059042498, 0.00785190798342, 0.0123809743673, 0.00657286308706, 0.00731429131702, 0.00853331107646, 0.00941425561905, 0.0193078964949, 0.00453604571521, 0.0022950489074, 0.00220883334987, 0.00196825829335, 0.00109706656076, 0.000906569766812, 0.000957862881478, 5.85825182498e-06],
        "mean": [0.000253475998761, 0.00507204141468, 0.00254287896678, 0.0024638294708, 0.00181523326319, 0.0020394930616, 0.00218802783638, 0.00144359318074, 0.000566824048292, 0.00124671135563, 0.000330801034579, 0.00148724741302, 0.000564427056815, 0.00118459912483, 0.00125682272483, 0.00102456007153, 0.00119922833983, 0.000657836673781, 0.00144271797035, 0.000724686891772, 0.000369562563719, 0.000293211633107, 0.000284937093966, 0.000170547587913, 0.000128928732011, 7.13919944246e-05, 1.0875432821e-07],
        "median": [4.43578246632e-05, 0.00238819280639, 0.00148452317808, 0.00131439347751, 0.00140791665763, 0.00159909797367, 0.00156842835713, 0.00100095709786, 0.000427738355938, 0.000958063581493, 0.000235795014305, 0.00107184553053, 0.000372532871552, 0.000868116272613, 0.00107327173464, 0.000778945744969, 0.000951634079684, 0.000494718959089, 0.00120043021161, 0.000533262267709, 0.000303200940834, 0.000198587789782, 0.000210342754144, 0.00010973825556, 8.73621174833e-05, 4.4379139581e-05, 1.36434854525e-08],
        "min": [1.05213601387e-07, 1.54012013809e-05, 2.7629057513e-05, 5.66733615415e-06, 0.000101230398286, 8.74553079484e-05, 1.58081238624e-05, 1.59281353262e-05, 1.84755481314e-05, 8.19616543595e-05, 1.74088327185e-05, 6.54513351037e-05, 1.85097032954e-05, 4.27562845289e-05, 0.000140269985422, 8.89448638191e-05, 7.71103004809e-05, 6.23671730864e-05, 0.000179839582415, 4.78585607198e-05, 3.25350265484e-05, 8.85505596671e-06, 7.29885141482e-06, 4.70134909847e-06, 2.69225688498e-06, 9.05929731232e-09, 5.79953142801e-12],
        "var": [2.57440774476e-07, 5.94806588197e-05, 1.25467040561e-05, 1.01629448181e-05, 2.18183572542e-06, 2.18167315325e-06, 3.78929325962e-06, 1.90358241525e-06, 2.35757752876e-07, 1.13141140901e-06, 9.20187517295e-08, 2.04142793336e-06, 4.93812763125e-07, 1.09591928776e-06, 6.38693506971e-07, 7.77499394644e-07, 8.95397590739e-07, 3.90366807324e-07, 1.25444285004e-06, 3.51026329781e-07, 6.73808244755e-08, 8.34372073655e-08, 6.99575366525e-08, 2.92014910031e-08, 1.64259539304e-08, 7.89916487776e-09, 8.00366446296e-14]
    },
    "erbbands": {
        "dmean": [0.109403051436, 0.818797767162, 2.13555049896, 3.46687102318, 4.1156835556, 2.46330165863, 4.9393415451, 7.39996051788, 13.0563049316, 10.8088607788, 14.8684167862, 6.88576507568, 20.5797615051, 11.9326114655, 8.89332008362, 37.981426239, 14.0396251678, 30.9860248566, 25.8279972076, 36.7058296204, 25.8763847351, 22.7188930511, 15.9677524567, 31.7703742981, 19.2795562744, 14.914765358, 6.87345123291, 5.88831138611, 4.99095582962, 3.52938079834, 4.04144954681, 2.08073735237, 1.22084820271, 0.647731125355, 0.512646019459, 0.32593241334, 0.0701911598444, 0.00507277110592, 0.000105359053123, 1.14222866614e-05],
        "dmean2": [0.171530500054, 1.40316843987, 3.65482378006, 5.8504076004, 6.90615606308, 4.1604886055, 7.81181383133, 12.3468170166, 20.3398914337, 17.1499061584, 21.2553405762, 10.9477939606, 32.3848953247, 17.6682186127, 14.2075805664, 55.3629264832, 22.7483577728, 49.8691444397, 42.1016998291, 61.0284118652, 43.4809150696, 36.6864547729, 26.1057720184, 53.5701789856, 32.0198020935, 24.9801063538, 11.3596115112, 9.05175971985, 7.56652784348, 5.11032438278, 5.84995269775, 3.05417275429, 1.88759469986, 1.02609062195, 0.755210399628, 0.457926273346, 0.105692133307, 0.00801231898367, 0.000156703274115, 1.6337939087e-05],
        "dvar": [0.0435571037233, 2.43085074425, 15.3794851303, 22.56133461, 44.3695983887, 8.62081050873, 34.0940818787, 97.2754364014, 272.612731934, 273.977661133, 275.617584229, 99.2641067505, 664.656494141, 229.308197021, 104.474266052, 2093.39941406, 515.224121094, 1343.85424805, 837.122192383, 1579.6015625, 914.971191406, 663.99822998, 471.819335938, 1337.2911377, 652.258178711, 418.706359863, 87.755531311, 44.6031265259, 41.7781715393, 26.5194377899, 21.4237995148, 5.79039239883, 2.6904759407, 0.805294752121, 0.357104718685, 0.180986657739, 0.0127697447315, 7.03278783476e-05, 2.6489649585e-08, 1.81260173537e-10],
        "dvar2": [0.101407267153, 6.44787693024, 41.8562850952, 61.9702033997, 124.648338318, 22.9708595276, 92.4922561646, 283.359405518, 678.612365723, 681.318969727, 540.872619629, 247.624557495, 1570.16894531, 491.886291504, 261.919403076, 4195.73046875, 1402.84716797, 3227.54467773, 2142.10546875, 4248.59960938, 2458.90405273, 1734.85900879, 1270.99206543, 3796.9050293, 1677.87915039, 1210.59375, 242.415084839, 101.178283691, 85.1279907227, 50.549369812, 45.355430603, 12.6795911789, 5.82105302811, 1.9078912735, 0.670745611191, 0.360005378723, 0.0300330705941, 0.000169658567756, 6.0005135083e-08, 3.61507823676e-10],
        "max": [1.79782807827, 14.2325735092, 39.3080062866, 42.411895752, 83.1213302612, 45.0353317261, 64.0577697754, 110.768287659, 183.305679321, 235.452468872, 278.016967773, 133.099502563, 360.190032959, 273.064727783, 138.212509155, 775.883178711, 344.356658936, 617.649902344, 416.903839111, 473.430908203, 365.845092773, 433.154205322, 432.702606201, 498.755065918, 748.650756836, 259.892822266, 154.436126709, 83.4295501709, 79.8126831055, 70.1583328247, 51.0532684326, 31.3690795898, 20.1396255493, 10.9299001694, 7.95871543884, 5.32606458664, 1.34043753147, 0.106702268124, 0.00223586452194, 0.000172742991708],
        "mean": [0.153500363231, 1.10336983204, 3.00297832489, 5.91175079346, 7.30936717987, 4.93120384216, 10.0148983002, 16.2681560516, 33.6327705383, 25.0811214447, 34.8283576965, 15.8937683105, 37.440662384, 24.5099201202, 20.2395477295, 71.897644043, 29.9822444916, 61.3782196045, 54.8436355591, 74.8160018921, 60.9808692932, 54.0161437988, 40.5224952698, 71.3564147949, 51.1057510376, 36.231628418, 19.0860710144, 14.1578588486, 11.1489906311, 8.0908575058, 7.99597120285, 4.22760820389, 2.6889834404, 1.31688475609, 1.00703907013, 0.495630860329, 0.10068873316, 0.00607346044853, 0.000169022576301, 5.01488430018e-05],
        "median": [0.0429238714278, 0.566882908344, 1.74938976765, 3.71959257126, 4.61662864685, 3.79241466522, 7.34055805206, 12.3608293533, 26.1102828979, 13.276889801, 24.53266716, 12.8959169388, 26.8233242035, 17.9942474365, 16.613483429, 51.137588501, 21.639295578, 45.2629585266, 46.3348388672, 59.9729766846, 50.844543457, 44.4792480469, 31.1269435883, 58.2117729187, 43.7064247131, 25.8412685394, 14.7597064972, 11.1760816574, 7.59033060074, 5.04761075974, 5.95047616959, 3.04366445541, 1.65133523941, 0.79352337122, 0.706605911255, 0.311131387949, 0.0546655580401, 0.00308730080724, 0.000102438389149, 4.45737023256e-05],
        "min": [0.00033308158163, 0.00503996619955, 0.0667125955224, 0.103864051402, 0.0886232554913, 0.332042902708, 0.485148429871, 0.772742688656, 0.357032090425, 0.454183131456, 0.662714898586, 1.10123884678, 2.08702516556, 2.34539532661, 1.87095868587, 3.08348035812, 3.91409087181, 2.79371905327, 4.94203853607, 7.0380730629, 7.21627426147, 6.36173057556, 7.05506420135, 9.52413845062, 5.19943571091, 2.65896821022, 1.99881339073, 0.949031531811, 0.250371456146, 0.162540644407, 0.250579684973, 0.13776306808, 0.0390716344118, 0.00637574400753, 0.0177792161703, 0.00325859664008, 0.000204827476409, 1.52655156853e-05, 7.52251344238e-06, 1.18105526781e-05],
        "var": [0.0746165141463, 2.74769759178, 16.5854167938, 38.4584579468, 62.6710357666, 18.3661136627, 74.8785324097, 171.497009277, 744.967712402, 929.177856445, 1128.6159668, 149.672409058, 1274.96264648, 499.345123291, 202.647186279, 5153.29296875, 989.862243652, 2898.12207031, 1290.46484375, 2850.44799805, 1713.25292969, 1548.60266113, 1112.55773926, 2521.95678711, 1724.04345703, 1059.71911621, 211.604431152, 114.115333557, 121.048095703, 80.8852233887, 51.1919937134, 15.9002723694, 8.52754402161, 2.30383253098, 0.994306027889, 0.345532655716, 0.0184676907957, 8.26477116789e-05, 3.97622343939e-08, 4.87591744758e-10]
    },
    "gfcc": {
        "mean": [66.5304260254, 72.6012802124, -135.520706177, 40.4448661804, -57.0023612976, 15.7014799118, -44.7717933655, 16.2601604462, -27.8128108978, 9.99050140381, -17.6692771912, 0.982626676559, -16.4687042236],
        "cov": [[586.66003418, -275.494232178, 192.554122925, 83.4603652954, -42.9967803955, 95.0644378662, 46.3085632324, 70.606590271, 60.8895683289, 91.6412582397, 27.6041660309, 81.6257781982, -1.94137680531], [-275.494232178, 362.468292236, -51.6909217834, 12.7991514206, 74.2520294189, -37.2213897705, 33.6869049072, 9.60391807556, 11.7324495316, -29.6549568176, 31.6842250824, -53.3850440979, 35.6201515198], [192.554122925, -51.6909217834, 223.948242188, 68.1633148193, 25.6502971649, 48.6167297363, 35.429889679, 50.4378051758, 25.5827598572, 38.7613487244, -4.92443466187, 37.2241783142, -17.7598628998], [83.4603652954, 12.7991514206, 68.1633148193, 110.930618286, 35.0977668762, 37.8493537903, 33.587928772, 37.6332931519, 32.5716590881, 22.0569877625, 36.9751777649, 9.7240562439, 22.3569374084], [-42.9967803955, 74.2520294189, 25.6502971649, 35.0977668762, 120.396240234, 28.6490421295, 39.6215934753, 19.6896533966, 0.540553510189, 2.17655754089, 1.29521822929, 7.46827983856, 7.7886762619], [95.0644378662, -37.2213897705, 48.6167297363, 37.8493537903, 28.6490421295, 76.7113265991, 32.818862915, 24.4362754822, 16.9454860687, 19.1065979004, 15.3453264236, 17.148639679, 13.653506279], [46.3085632324, 33.6869049072, 35.429889679, 33.587928772, 39.6215934753, 32.818862915, 82.330368042, 53.9897384644, 26.8050804138, 20.9610137939, 15.9245481491, 11.3029222488, 7.1554017067], [70.606590271, 9.60391807556, 50.4378051758, 37.6332931519, 19.6896533966, 24.4362754822, 53.9897384644, 92.4214096069, 50.2342720032, 32.98021698, 22.3420944214, 6.1277589798, 15.925444603], [60.8895683289, 11.7324495316, 25.5827598572, 32.5716590881, 0.540553510189, 16.9454860687, 26.8050804138, 50.2342720032, 76.8380355835, 45.5792236328, 25.7283096313, 3.45622706413, 11.6507024765], [91.6412582397, -29.6549568176, 38.7613487244, 22.0569877625, 2.17655754089, 19.1065979004, 20.9610137939, 32.98021698, 45.5792236328, 71.8541412354, 39.3321990967, 17.3568134308, 5.44865560532], [27.6041660309, 31.6842250824, -4.92443466187, 36.9751777649, 1.29521822929, 15.3453264236, 15.9245481491, 22.3420944214, 25.7283096313, 39.3321990967, 83.7696609497, 17.5617961884, 28.1715087891], [81.6257781982, -53.3850440979, 37.2241783142, 9.7240562439, 7.46827983856, 17.148639679, 11.3029222488, 6.1277589798, 3.45622706413, 17.3568134308, 17.5617961884, 60.4922294617, 10.06873703], [-1.94137680531, 35.6201515198, -17.7598628998, 22.3569374084, 7.7886762619, 13.653506279, 7.1554017067, 15.925444603, 11.6507024765, 5.44865560532, 28.1715087891, 10.06873703, 59.0891647339]],
        "icov": [[0.00529042398557, 0.00310496147722, -0.00245471624658, -0.0013839135645, 0.002112721093, -0.00162857084069, -0.00203894148581, 0.000183547541383, -0.00108100532088, -0.0016871697735, -0.00011341485515, -0.00136346020736, -0.000961706158705], [0.00310496147722, 0.0102248946205, -0.00500809215009, 0.00351604679599, -0.00531208282337, 0.00665027275681, -0.0074217361398, 0.00549972429872, -0.00727340206504, 0.00777876004577, -0.00889458786696, 0.00885991286486, -0.00686959596351], [-0.00245471624658, -0.00500809215009, 0.0124003188685, -0.00777814164758, 0.00249555846676, -0.00521095003933, 0.00560750998557, -0.0075503680855, 0.00675243698061, -0.0081031313166, 0.00954560004175, -0.00879893172532, 0.00820348691195], [-0.0013839135645, 0.00351604679599, -0.00777814164758, 0.0213358122855, -0.00717393681407, 0.00200100708753, -0.00434607127681, 0.00473617343232, -0.00932871550322, 0.0111368838698, -0.0133276414126, 0.00939562451094, -0.00727682188153], [0.002112721093, -0.00531208282337, 0.00249555846676, -0.00717393681407, 0.0170487612486, -0.0082328831777, -0.000762271345593, -0.00397958885878, 0.00761558208615, -0.00839113350958, 0.00913852266967, -0.00847895164043, 0.00391608523205], [-0.00162857084069, 0.00665027275681, -0.00521095003933, 0.00200100708753, -0.0082328831777, 0.0269453600049, -0.010301021859, 0.00709911249578, -0.00619029579684, 0.00685141887516, -0.00774034811184, 0.00770550873131, -0.0092265419662], [-0.00203894148581, -0.0074217361398, 0.00560750998557, -0.00434607127681, -0.000762271345593, -0.010301021859, 0.0305029638112, -0.0177227593958, 0.00653049489483, -0.00619541108608, 0.00634815357625, -0.00940340850502, 0.00915967766196], [0.000183547541383, 0.00549972429872, -0.0075503680855, 0.00473617343232, -0.00397958885878, 0.00709911249578, -0.0177227593958, 0.0311406590044, -0.0165903363377, 0.00682068476453, -0.0076443888247, 0.0100269289687, -0.0101550081745], [-0.00108100532088, -0.00727340206504, 0.00675243698061, -0.00932871550322, 0.00761558208615, -0.00619029579684, 0.00653049489483, -0.0165903363377, 0.0362261794508, -0.0234324634075, 0.0113561544567, -0.00574944633991, 0.00459870509803], [-0.0016871697735, 0.00777876004577, -0.0081031313166, 0.0111368838698, -0.00839113350958, 0.00685141887516, -0.00619541108608, 0.00682068476453, -0.0234324634075, 0.0433397740126, -0.0235517844558, 0.00805132463574, -0.00247847824357], [-0.00011341485515, -0.00889458786696, 0.00954560004175, -0.0133276414126, 0.00913852266967, -0.00774034811184, 0.00634815357625, -0.0076443888247, 0.0113561544567, -0.0235517844558, 0.0341142043471, -0.0147908879444, 0.00133388477843], [-0.00136346020736, 0.00885991286486, -0.00879893172532, 0.00939562451094, -0.00847895164043, 0.00770550873131, -0.00940340850502, 0.0100269289687, -0.00574944633991, 0.00805132463574, -0.0147908879444, 0.0340354330838, -0.0121684772894], [-0.000961706158705, -0.00686959596351, 0.00820348691195, -0.00727682188153, 0.00391608523205, -0.0092265419662, 0.00915967766196, -0.0101550081745, 0.00459870509803, -0.00247847824357, 0.00133388477843, -0.0121684772894, 0.0302548613399]]
    },
    "melbands": {
        "dmean": [0.000955559604336, 0.0010578801157, 0.00060052605113, 0.000229556055274, 0.000149974541273, 0.000171641659108, 0.000199915724806, 0.000109299682663, 0.000112905196147, 4.32639790233e-05, 0.000102993159089, 5.14410567121e-05, 2.87496768578e-05, 8.55826947372e-05, 5.73466531932e-05, 2.82986802631e-05, 6.80538360029e-05, 4.18606687163e-05, 3.87692416552e-05, 4.97603650729e-05, 3.63218423445e-05, 2.94520705211e-05, 2.59123953583e-05, 1.0944884707e-05, 3.08512207994e-05, 2.01008169824e-05, 1.1406307749e-05, 1.00931720226e-05, 5.53027302885e-06, 3.75407762476e-06, 4.00787575927e-06, 3.2855466543e-06, 2.24088512368e-06, 2.26404699788e-06, 2.65202447736e-06, 2.07113725992e-06, 1.11489566734e-06, 9.83713903224e-07, 6.70121721669e-07, 6.128568657e-07],
        "dmean2": [0.00153772614431, 0.00176510412712, 0.00101000582799, 0.000386860774597, 0.000241183384787, 0.000283639470581, 0.000311167736072, 0.000170728817466, 0.000161929609021, 6.94568661856e-05, 0.000162021970027, 7.63665884733e-05, 4.58720351162e-05, 0.000125885722809, 8.59183637658e-05, 4.65325465484e-05, 0.000109402884846, 6.87918509357e-05, 6.42824306851e-05, 8.25536772027e-05, 6.07046022196e-05, 4.73965119454e-05, 4.28690836998e-05, 1.80138758878e-05, 5.23664421053e-05, 3.38522622769e-05, 1.86861834663e-05, 1.70702169271e-05, 9.17825218494e-06, 6.07536776442e-06, 6.35694595985e-06, 5.11336611453e-06, 3.30646230395e-06, 3.48738421962e-06, 3.92618812839e-06, 3.08359790324e-06, 1.70884936779e-06, 1.52142433762e-06, 1.05774108761e-06, 1.00788145119e-06],
        "dvar": [3.15719785249e-06, 3.60347985406e-06, 7.1502006449e-07, 9.88585071582e-08, 3.24618270042e-08, 4.94557781394e-08, 6.49389804153e-08, 2.65286743684e-08, 1.61052717829e-08, 3.67823282943e-09, 1.64292615068e-08, 4.398232889e-09, 1.04327990691e-09, 9.25339449509e-09, 4.71586591999e-09, 1.33262412216e-09, 6.87278056688e-09, 2.45095388429e-09, 1.59344437645e-09, 3.44956130327e-09, 1.69105685011e-09, 9.73422564776e-10, 1.99009542179e-09, 1.13782275268e-10, 1.31616284538e-09, 8.09184108608e-10, 1.84107701307e-10, 1.96517219164e-10, 6.61428134485e-11, 1.96753204007e-11, 2.20933219636e-11, 1.68586308108e-11, 1.18523446266e-11, 1.10551125546e-11, 9.47589489514e-12, 5.29780906644e-12, 2.02481672922e-12, 1.67350671081e-12, 8.46905445079e-13, 7.95594438854e-13],
        "dvar2": [7.8016464613e-06, 9.69513621385e-06, 1.9579047148e-06, 2.72788724942e-07, 9.1189484408e-08, 1.43578844813e-07, 1.64131350289e-07, 6.29494820714e-08, 3.20145048249e-08, 9.02829810911e-09, 3.90517342908e-08, 9.42059674713e-09, 2.61538701807e-09, 1.96864178292e-08, 1.04252277922e-08, 3.41305250728e-09, 1.65928533136e-08, 6.38640829109e-09, 4.29125890378e-09, 9.294711667e-09, 4.52909043602e-09, 2.52455079064e-09, 5.50650858244e-09, 3.04379660365e-10, 3.69433905689e-09, 2.17604978481e-09, 4.30083163527e-10, 5.7499299766e-10, 1.86932844204e-10, 4.77166327284e-11, 5.1820634589e-11, 3.81404768879e-11, 2.27592337337e-11, 2.44120244852e-11, 2.0236579773e-11, 1.23595621584e-11, 4.68286694144e-12, 3.75512815287e-12, 1.84573949007e-12, 2.03909241922e-12],
        "max": [0.0149660576135, 0.0180982463062, 0.00712068146095, 0.0038766679354, 0.00184880755842, 0.00257947877981, 0.0027736951597, 0.0024368329905, 0.00211779098026, 0.000784645148087, 0.00176980579272, 0.0012018798152, 0.000355720170774, 0.00156009907369, 0.00102431757841, 0.0005139526329, 0.00141745863948, 0.000803736213129, 0.000436292903032, 0.000679474789649, 0.000445650948677, 0.00037848870852, 0.000877679442056, 0.00011603229359, 0.000436700182036, 0.000831325596664, 0.000220773232286, 0.000167361286003, 0.00010250111518, 5.03597511852e-05, 6.27210756647e-05, 4.40508119937e-05, 4.35557885794e-05, 4.20125688834e-05, 3.62680002581e-05, 2.77020935755e-05, 1.86520192074e-05, 1.42734461406e-05, 1.17741119539e-05, 1.03648444565e-05],
        "mean": [0.00137876707595, 0.00154452689458, 0.00109838182107, 0.000424021825893, 0.000308678805595, 0.000393462250941, 0.000511648016982, 0.000257880339632, 0.000262158340774, 8.99562437553e-05, 0.000186125951586, 9.94331930997e-05, 5.25295909029e-05, 0.000163868811796, 0.000114973059681, 5.39676439075e-05, 0.000126042301417, 8.48466370371e-05, 8.19529377623e-05, 0.000100053759525, 7.12047258276e-05, 5.84047338634e-05, 5.29266326339e-05, 2.64956415776e-05, 6.32249866612e-05, 4.63513133582e-05, 2.64370719378e-05, 2.24941650231e-05, 1.28462079374e-05, 8.78863011167e-06, 8.20152763481e-06, 6.76399349686e-06, 4.55286999568e-06, 4.63591413791e-06, 4.90040383738e-06, 3.68723317479e-06, 2.09439576793e-06, 1.99295482162e-06, 1.27728708321e-06, 1.07612402189e-06],
        "median": [0.000540982291568, 0.000905008870177, 0.000720244133845, 0.000307399750454, 0.000236652951571, 0.000294093013508, 0.000395795999793, 0.000151603962877, 0.000181045455975, 6.99074662407e-05, 0.000132206478156, 6.99335505487e-05, 4.10223619838e-05, 0.000119669341075, 8.39607018861e-05, 3.84000159102e-05, 8.9304674475e-05, 7.05380371073e-05, 7.06527061993e-05, 7.44017233956e-05, 5.70995252929e-05, 4.7844965593e-05, 3.0976261769e-05, 2.29278939514e-05, 4.93786610605e-05, 3.65431660612e-05, 2.05560663744e-05, 1.50365249283e-05, 8.96168512554e-06, 6.95574681231e-06, 6.23078585704e-06, 4.66610208605e-06, 2.6294901545e-06, 2.68313692686e-06, 3.58586885341e-06, 2.66202732746e-06, 1.37225015351e-06, 1.17392858101e-06, 8.0027086824e-07, 5.9768791516e-07],
        "min": [3.2558239127e-06, 1.79748640221e-05, 2.26875799854e-05, 1.2375328879e-05, 1.54648769239e-05, 1.616454756e-05, 4.46220838057e-06, 4.33373043052e-06, 2.94341634799e-06, 3.33015304932e-06, 8.51543609315e-06, 6.17296836936e-06, 3.41268014381e-06, 5.17445823789e-06, 5.92865080762e-06, 3.08536687044e-06, 4.38943925474e-06, 3.40533915733e-06, 8.03248622105e-06, 8.86400448508e-06, 6.43908106213e-06, 4.70064696856e-06, 3.59616706191e-06, 2.64571576736e-06, 3.93022901335e-06, 5.03482760905e-06, 1.21077323456e-06, 1.58042701059e-06, 1.06962011159e-06, 7.48363390812e-07, 4.51476381613e-07, 1.00819420368e-07, 6.04782712799e-08, 5.46494156595e-08, 9.93174111841e-08, 7.28587465915e-08, 6.42779625082e-08, 6.77190614695e-09, 2.56964913757e-12, 3.75556226742e-12],
