{
"highlevel": {
    "danceability": {
        "all": {
            "danceable": 0.999997913837,
            "not_danceable": 2.10890402741e-06
        },
        "probability": 0.999997913837,
        "value": "danceable"
    },
    "gender": {
        "all": {
            "female": 0.554498314857,
            "male": 0.445501685143
        },
        "probability": 0.554498314857,
        "value": "female"
    },
    "genre_dortmund": {
        "all": {
            "alternative": 0.0635229051113,
            "blues": 0.00785346981138,
            "electronic": 0.635288655758,
            "folkcountry": 0.0162482876331,
            "funksoulrnb": 0.0071693812497,
            "jazz": 0.0754439383745,
            "pop": 0.0674927160144,
            "raphiphop": 0.0736069455743,
            "rock": 0.0533737055957
        },
        "probability": 0.635288655758,
        "value": "electronic"
    },
    "genre_electronic": {
        "all": {
            "ambient": 0.0325819402933,
            "dnb": 0.104728087783,
            "house": 0.01024046354,
            "techno": 0.00439213961363,
            "trance": 0.848057389259
        },
        "probability": 0.848057389259,
        "value": "trance"
    },
    "genre_rosamerica": {
        "all": {
            "cla": 8.82183521753e-05,
            "dan": 0.877526462078,
            "hip": 0.00912075303495,
            "jaz": 0.000101530749816,
            "pop": 0.106796950102,
            "rhy": 0.00161104905419,
            "roc": 0.00464271847159,
            "spe": 0.000112307410745
        },
        "probability": 0.877526462078,
        "value": "dan"
    },
    "genre_tzanetakis": {
        "all": {
            "blu": 0.0626541376114,
            "cla": 0.0348133966327,
            "cou": 0.0783501937985,
            "dis": 0.104547761381,
            "hip": 0.15693578124,
            "jaz": 0.313987255096,
            "met": 0.044816005975,
            "pop": 0.0627349764109,
            "reg": 0.0627352520823,
            "roc": 0.0784252434969
        },
        "probability": 0.313987255096,
        "value": "jaz"
    },
    "ismir04_rhythm": {
        "all": {
            "ChaChaCha": 0.866644144058,
            "Jive": 0.0183005817235,
            "Quickstep": 0.0047052167356,
            "Rumba-American": 0.00557358330116,
            "Rumba-International": 0.0218240916729,
            "Rumba-Misc": 0.00350319268182,
            "Samba": 0.046869430691,
            "Tango": 0.00367585173808,
            "VienneseWaltz": 0.026881698519,
            "Waltz": 0.00202220934443
        },
        "probability": 0.866644144058,
        "value": "ChaChaCha"
    },
    "mood_acoustic": {
        "all": {
            "acoustic": 2.02795717996e-08,
            "not_acoustic": 1
        },
        "probability": 1,
        "value": "not_acoustic"
    },
    "mood_aggressive": {
        "all": {
            "aggressive": 0.899059057236,
            "not_aggressive": 0.100940950215
        },
        "probability": 0.899059057236,
        "value": "aggressive"
    },
    "mood_electronic": {
        "all": {
            "electronic": 0.989434838295,
            "not_electronic": 0.0105651542544
        },
        "probability": 0.989434838295,
        "value": "electronic"
    },
    "mood_happy": {
        "all": {
            "happy": 0.520945489407,
            "not_happy": 0.479054510593
        },
        "probability": 0.520945489407,
        "value": "happy"
    },
    "mood_party": {
        "all": {
            "not_party": 0.119483321905,
            "party": 0.880516648293
        },
        "probability": 0.880516648293,
        "value": "party"
    },
    "mood_relaxed": {
        "all": {
            "not_relaxed": 0.961996376514,
            "relaxed": 0.0380036383867
        },
        "probability": 0.961996376514,
        "value": "not_relaxed"
    },
    "mood_sad": {
        "all": {
            "not_sad": 0.924718737602,
            "sad": 0.0752812772989
        },
        "probability": 0.924718737602,
        "value": "not_sad"
    },
    "moods_mirex": {
        "all": {
            "Cluster1": 0.612248659134,
            "Cluster2": 0.0511718057096,
            "Cluster3": 0.0602486692369,
            "Cluster4": 0.0360374823213,
            "Cluster5": 0.240293383598
        },
        "probability": 0.612248659134,
        "value": "Cluster1"
    },
    "timbre": {
        "all": {
            "bright": 0.0218125637621,
            "dark": 0.978187441826
        },
        "probability": 0.978187441826,
        "value": "dark"
    },
    "tonal_atonal": {
        "all": {
            "atonal": 0.900236487389,
            "tonal": 0.0997635051608
        },
        "probability": 0.900236487389,
        "value": "atonal"
    },
    "voice_instrumental": {
        "all": {
            "instrumental": 0.236714437604,
            "voice": 0.763285577297
        },
        "probability": 0.763285577297,
        "value": "voice"
    }
},
"lowlevel": {
    "average_loudness": 0.964668273926,
    "barkbands_crest": {
        "dmean": 2.39119839668,
        "dmean2": 3.57655572891,
        "dvar": 7.28186321259,
        "dvar2": 17.6137809753,
        "max": 24.8111667633,
        "mean": 13.9645280838,
        "median": 14.5902872086,
        "min": 2.47110629082,
        "var": 24.9713764191
    },
    "barkbands_flatness_db": {
        "dmean": 0.0221668686718,
        "dmean2": 0.0319109521806,
        "dvar": 0.000520423462149,
        "dvar2": 0.0011689979583,
        "max": 0.301604866982,
        "mean": 0.126416072249,
        "median": 0.121048383415,
        "min": 0.0348414666951,
        "var": 0.00185669818893
    },
    "barkbands_kurtosis": {
        "dmean": 3.10856437683,
        "dmean2": 4.70620679855,
        "dvar": 27.8761405945,
        "dvar2": 60.4829597473,
        "max": 79.6814422607,
        "mean": 4.68342447281,
        "median": 2.69635343552,
        "min": -1.91302108765,
        "var": 49.9595222473
    },
    "barkbands_skewness": {
        "dmean": 0.587338745594,
        "dmean2": 0.864341974258,
        "dvar": 0.491144657135,
        "dvar2": 1.04237890244,
        "max": 8.36379432678,
        "mean": 1.95902633667,
        "median": 1.87741184235,
        "min": -3.49971842766,
        "var": 1.45235717297
    },
    "barkbands_spread": {
        "dmean": 8.86698436737,
        "dmean2": 13.3967065811,
        "dvar": 103.878578186,
        "dvar2": 212.686004639,
        "max": 105.424659729,
        "mean": 35.8942642212,
        "median": 34.2608528137,
        "min": 2.85424304008,
        "var": 297.013214111
    },
    "dissonance": {
        "dmean": 0.0132325738668,
        "dmean2": 0.0216619335115,
        "dvar": 0.000182781164767,
        "dvar2": 0.000460218871012,
        "max": 0.499879837036,
        "mean": 0.472885131836,
        "median": 0.479052215815,
        "min": 0.329787045717,
        "var": 0.0005249074311
    },
    "dynamic_complexity": 1.49990546703,
    "erbbands_crest": {
        "dmean": 2.10029435158,
        "dmean2": 3.29733300209,
        "dvar": 4.8521361351,
        "dvar2": 11.1999816895,
        "max": 26.8733615875,
        "mean": 7.51149129868,
        "median": 6.36986732483,
        "min": 2.16415572166,
        "var": 17.8152599335
    },
    "erbbands_flatness_db": {
        "dmean": 0.0110908830538,
        "dmean2": 0.0156424045563,
        "dvar": 0.000143958706758,
        "dvar2": 0.00026478341897,
        "max": 0.283070623875,
        "mean": 0.107314378023,
        "median": 0.0998621806502,
        "min": 0.0545029565692,
        "var": 0.0010717358673
    },
    "erbbands_kurtosis": {
        "dmean": 0.695828080177,
        "dmean2": 1.05974435806,
        "dvar": 1.629545331,
        "dvar2": 3.48144388199,
        "max": 19.42902565,
        "mean": -0.0167414452881,
        "median": -0.572329044342,
        "min": -1.77451813221,
        "var": 4.18680047989
    },
    "erbbands_skewness": {
        "dmean": 0.303203135729,
        "dmean2": 0.450954169035,
        "dvar": 0.105194292963,
        "dvar2": 0.20530743897,
        "max": 4.05840110779,
        "mean": 0.000114963855594,
        "median": -0.0917766913772,
        "min": -3.44598650932,
        "var": 0.691826462746
    },
    "erbbands_spread": {
        "dmean": 9.65564250946,
        "dmean2": 14.7712850571,
        "dvar": 115.233459473,
        "dvar2": 244.200668335,
        "max": 172.453781128,
        "mean": 58.411857605,
        "median": 58.0267944336,
        "min": 7.25764083862,
        "var": 353.475891113
    },
    "hfc": {
        "dmean": 14.7066545486,
        "dmean2": 21.2989501953,
        "dvar": 717.196105957,
        "dvar2": 1258.27404785,
        "max": 369.772766113,
        "mean": 49.7655792236,
        "median": 42.4182357788,
        "min": 0.553138434887,
        "var": 1497.56811523
    },
    "melbands_crest": {
        "dmean": 3.14012789726,
        "dmean2": 4.94656085968,
        "dvar": 13.5808019638,
        "dvar2": 34.1119003296,
        "max": 35.7125434875,
        "mean": 23.2578430176,
        "median": 25.295463562,
        "min": 3.56697916985,
        "var": 70.7575683594
    },
    "melbands_flatness_db": {
        "dmean": 0.0278824195266,
        "dmean2": 0.0397948734462,
        "dvar": 0.000957357697189,
        "dvar2": 0.00210154009983,
        "max": 0.362338900566,
        "mean": 0.185720145702,
        "median": 0.187747880816,
        "min": 0.0177921224385,
        "var": 0.00355337094516
    },
    "melbands_kurtosis": {
        "dmean": 13.2227163315,
        "dmean2": 20.2328948975,
        "dvar": 546.253295898,
        "dvar2": 1223.24560547,
        "max": 265.352996826,
        "mean": 27.4272651672,
        "median": 18.3603420258,
        "min": -1.7827732563,
        "var": 929.167175293
    },
    "melbands_skewness": {
        "dmean": 1.00026762486,
        "dmean2": 1.48882949352,
        "dvar": 1.55096316338,
        "dvar2": 3.34040927887,
        "max": 13.6718997955,
        "mean": 4.20690155029,
        "median": 3.9319088459,
        "min": -1.73942637444,
        "var": 4.61707019806
    },
    "melbands_spread": {
        "dmean": 9.4460477829,
        "dmean2": 14.3186664581,
        "dvar": 220.930465698,
        "dvar2": 540.784423828,
        "max": 239.040100098,
        "mean": 26.1000518799,
        "median": 20.7339515686,
        "min": 1.55668497086,
        "var": 465.325317383
    },
    "pitch_salience": {
        "dmean": 0.0693104043603,
        "dmean2": 0.105638511479,
        "dvar": 0.00619142176583,
        "dvar2": 0.0143789900467,
        "max": 0.835988044739,
        "mean": 0.410877257586,
        "median": 0.385450810194,
        "min": 0.103869356215,
        "var": 0.0226350706071
    },
    "silence_rate_20dB": {
        "dmean": 0,
        "dmean2": 0,
        "dvar": 0,
        "dvar2": 0,
        "max": 1,
        "mean": 1,
        "median": 1,
        "min": 1,
        "var": 0
    },
    "silence_rate_30dB": {
        "dmean": 0.0464396290481,
        "dmean2": 0.0929512009025,
        "dvar": 0.0442825555801,
        "dvar2": 0.10135101527,
        "max": 1,
        "mean": 0.961330235004,
        "median": 1,
        "min": 0,
        "var": 0.0371744297445
    },
    "silence_rate_60dB": {
        "dmean": 0.00464396271855,
        "dmean2": 0.00929511990398,
        "dvar": 0.00462239002809,
        "dvar2": 0.010757913813,
        "max": 1,
        "mean": 0.00696055684239,
        "median": 0,
        "min": 0,
        "var": 0.00691211875528
    },
    "spectral_centroid": {
        "dmean": 317.919830322,
        "dmean2": 481.437408447,
        "dvar": 131849,
        "dvar2": 268413.03125,
        "max": 4887.86865234,
        "mean": 2098.28564453,
        "median": 2121.89672852,
        "min": 262.140869141,
        "var": 653499.25
    },
    "spectral_complexity": {
        "dmean": 5.31037139893,
        "dmean2": 7.83656072617,
        "dvar": 31.2650470734,
        "dvar2": 64.1088638306,
        "max": 57,
        "mean": 25.2699146271,
        "median": 25,
        "min": 1,
        "var": 112.778678894
    },
    "spectral_decrease": {
        "dmean": 2.72765232623e-09,
        "dmean2": 4.10910638848e-09,
        "dvar": 1.81636818767e-17,
        "dvar2": 4.04800784349e-17,
        "max": -1.94635696449e-10,
        "mean": -1.3870998572e-08,
        "median": -1.50365924156e-08,
        "min": -4.48495072192e-08,
        "var": 5.35641301967e-17
    },
    "spectral_energy": {
        "dmean": 0.010812221095,
        "dmean2": 0.016076631844,
        "dvar": 0.000261325272731,
        "dvar2": 0.000573916826397,
        "max": 0.174066111445,
        "mean": 0.0568661428988,
        "median": 0.0620420761406,
        "min": 0.000812377023976,
        "var": 0.000807385134976
    },
    "spectral_energyband_high": {
        "dmean": 0.00166109635029,
        "dmean2": 0.0023868677672,
        "dvar": 9.13881467568e-06,
        "dvar2": 1.51859867401e-05,
        "max": 0.0451295040548,
        "mean": 0.00464019738138,
        "median": 0.00348206236959,
        "min": 5.38067752132e-06,
        "var": 2.15976997424e-05
    },
    "spectral_energyband_low": {
        "dmean": 0.00946156773716,
        "dmean2": 0.0146999657154,
        "dvar": 0.00031438152655,
        "dvar2": 0.000730032566935,
        "max": 0.163430407643,
        "mean": 0.0372695475817,
        "median": 0.0419529750943,
        "min": 2.85240662379e-06,
        "var": 0.000825756287668
    },
    "spectral_energyband_middle_high": {
        "dmean": 0.00182471296284,
        "dmean2": 0.00274468096904,
        "dvar": 5.27949987372e-06,
        "dvar2": 1.19398628158e-05,
        "max": 0.0373008437455,
        "mean": 0.0054821097292,
        "median": 0.00466133095324,
        "min": 3.39219332091e-05,
        "var": 1.81581090146e-05
    },
    "spectral_energyband_middle_low": {
        "dmean": 0.00370658468455,
        "dmean2": 0.00576837360859,
        "dvar": 2.70263863058e-05,
        "dvar2": 6.9656452979e-05,
        "max": 0.0540039725602,
        "mean": 0.0102033885196,
        "median": 0.00787360034883,
        "min": 0.000164534460055,
        "var": 6.4844811277e-05
    },
    "spectral_entropy": {
        "dmean": 0.133584320545,
        "dmean2": 0.197975724936,
        "dvar": 0.0228592902422,
        "dvar2": 0.0478532649577,
        "max": 8.61799716949,
        "mean": 8.02997970581,
        "median": 8.12369251251,
        "min": 6.3584690094,
        "var": 0.123856373131
    },
    "spectral_flux": {
        "dmean": 0.0264607034624,
        "dmean2": 0.0381752327085,
        "dvar": 0.00100934191141,
        "dvar2": 0.00176586571615,
        "max": 0.363249629736,
        "mean": 0.0995316430926,
        "median": 0.0825872644782,
        "min": 0.0139796389267,
        "var": 0.00304798479192
    },
    "spectral_kurtosis": {
        "dmean": 0.522295296192,
        "dmean2": 0.842489600182,
        "dvar": 0.499367773533,
        "dvar2": 1.08962905407,
        "max": 20.8485279083,
        "mean": 1.65201842785,
        "median": 1.33389759064,
        "min": -0.637634754181,
        "var": 1.88808262348
    },
    "spectral_rms": {
        "dmean": 0.000717875896953,
        "dmean2": 0.00103755027521,
        "dvar": 8.79158619682e-07,
        "dvar2": 1.80037761766e-06,
        "max": 0.0130315236747,
        "mean": 0.00716679310426,
        "median": 0.00778002943844,
        "min": 0.000890260038432,
        "var": 4.11619521401e-06
    },
    "spectral_rolloff": {
        "dmean": 930.795288086,
        "dmean2": 1479.65319824,
        "dvar": 1992749,
        "dvar2": 3980604.5,
        "max": 10486.6699219,
        "mean": 1899.87219238,
        "median": 990.52734375,
        "min": 64.599609375,
        "var": 4622172.5
    },
    "spectral_skewness": {
        "dmean": 0.122339583933,
        "dmean2": 0.186495065689,
        "dvar": 0.0166508872062,
        "dvar2": 0.0326700471342,
        "max": 3.46309757233,
        "mean": 1.10116314888,
        "median": 1.0496969223,
        "min": 0.27472063899,
        "var": 0.101194433868
    },
    "spectral_spread": {
        "dmean": 611114.375,
        "dmean2": 921952.6875,
        "dvar": 484621058048,
        "dvar2": 844125372416,
        "max": 21008018,
        "mean": 6722606.5,
        "median": 6744012.5,
        "min": 2279946,
        "var": 1.19784223539e+12
    },
    "spectral_strongpeak": {
        "dmean": 0.287519723177,
        "dmean2": 0.49464738369,
        "dvar": 0.409803837538,
        "dvar2": 1.11717319489,
        "max": 6.81070756912,
        "mean": 0.723197042942,
        "median": 0.557614028454,
        "min": 0,
        "var": 0.526326656342
    },
    "zerocrossingrate": {
        "dmean": 0.0159742049873,
        "dmean2": 0.018442356959,
        "dvar": 0.000275844708085,
        "dvar2": 0.000331745046424,
        "max": 0.30322265625,
        "mean": 0.0826977714896,
        "median": 0.07421875,
        "min": 0.0078125,
        "var": 0.00195396435447
    },
    "barkbands": {
        "dmean": [0.000800189678557, 0.00713635748252, 0.00360504654236, 0.0011607935885, 0.00118495943025, 0.000894300639629, 0.000845848524477, 0.000771254184656, 0.000690363813192, 0.00033249068656, 0.000498774636071, 0.000554404687136, 0.000202806535526, 0.000204836134799, 0.000267043709755, 0.000255009828834, 0.000241615518462, 0.000297052465612, 0.000241379224462, 0.000349209673004, 0.000384132523322, 0.000420639844378, 0.000368482375052, 0.000396661664126, 0.000322588399285, 0.000154268753249, 1.46551360558e-06],
        "dmean2": [0.00117566005792, 0.0107595054433, 0.0062030502595, 0.00205302098766, 0.00191207102034, 0.00134432769846, 0.00131154421251, 0.00124494510237, 0.00102799548768, 0.000517186243087, 0.000747672980651, 0.000834961247165, 0.00033355949563, 0.0003265197156, 0.000432991422713, 0.000410996784922, 0.000396913703298, 0.00047730319784, 0.000391895882785, 0.000553501362447, 0.000586981419474, 0.000638194382191, 0.000548036885448, 0.000603269902058, 0.000493293511681, 0.000244006339926, 2.37189055952e-06],
        "dvar": [1.33750722853e-06, 0.000164244367625, 0.00015871321375, 1.20137747217e-05, 6.84600718159e-06, 3.09562074108e-06, 2.25388998842e-06, 2.44376474257e-06, 1.17216393392e-06, 3.35305600174e-07, 5.64903189115e-07, 1.55158886628e-06, 9.05301149601e-08, 1.28816637357e-07, 4.62558972458e-07, 2.65222041662e-07, 2.52746929164e-07, 2.50261138035e-07, 1.34788507467e-07, 5.44589283891e-07, 3.49113093989e-07, 4.74857870358e-07, 4.38749111709e-07, 4.59277913478e-07, 3.97458933321e-07, 1.0015265417e-07, 3.0243803989e-11],
        "dvar2": [2.36855703406e-06, 0.000395956391003, 0.000427197897807, 3.35427357641e-05, 1.85158241948e-05, 6.37018229099e-06, 5.14410021424e-06, 6.28756060905e-06, 2.43255567511e-06, 7.28809538941e-07, 1.16617570711e-06, 3.03593674289e-06, 2.36786149799e-07, 2.7501397426e-07, 1.05966375941e-06, 6.23890571205e-07, 6.239001209e-07, 6.29835938071e-07, 3.31885587457e-07, 1.34056847401e-06, 7.47204467189e-07, 1.00918316548e-06, 8.67607866439e-07, 9.27562666675e-07, 7.52918481339e-07, 1.87437365184e-07, 7.20719803282e-11],
        "max": [0.0145091116428, 0.124816969037, 0.118361771107, 0.031022367999, 0.0489723309875, 0.0516338199377, 0.02102477476, 0.0264640413225, 0.0169266499579, 0.00806350912899, 0.0105441361666, 0.0200662929565, 0.00472481362522, 0.00494490517303, 0.0107204020023, 0.0164612550288, 0.00874803215265, 0.00840638019145, 0.00395328784361, 0.0154564715922, 0.00902252178639, 0.0100443474948, 0.00763877853751, 0.011558227241, 0.00784767791629, 0.00399757735431, 7.00601813151e-05],
        "mean": [0.00394945172593, 0.0282649565488, 0.00437456322834, 0.00132795213722, 0.0022510716226, 0.00199110107496, 0.0018693942111, 0.00137633888517, 0.00131163571496, 0.000517329084687, 0.000892711512279, 0.000977043178864, 0.000338987505529, 0.00033160802559, 0.000391318870243, 0.000438818620751, 0.000358221324859, 0.000519572582562, 0.000456777081126, 0.000701831595507, 0.000858383195009, 0.000917180615943, 0.000782953982707, 0.000782467715908, 0.000596800178755, 0.000285953195998, 1.44312082284e-06],
        "median": [0.00224119634368, 0.0302106738091, 0.000637287390418, 0.000456247653347, 0.00114346900955, 0.000843295012601, 0.000632768671494, 0.000489827652927, 0.00064837525133, 0.000256991654169, 0.000489490688778, 0.000370536989067, 0.000221163063543, 0.000210336118471, 0.000182777672308, 0.000240472247242, 0.000215069652768, 0.000324004737195, 0.000304043234792, 0.000415382091887, 0.000525860581547, 0.000607912312262, 0.00058782286942, 0.000579536717851, 0.000431110645877, 0.000213669394725, 3.38142370993e-07],
        "min": [1.01418855536e-07, 1.47977596043e-06, 5.07368213221e-07, 4.24081775918e-07, 2.15211503019e-06, 3.25736709783e-06, 3.10451855512e-06, 4.87243096359e-06, 3.46210481439e-06, 4.47477134458e-07, 3.13821260534e-07, 9.68447807281e-07, 2.30220598496e-06, 1.23906852423e-06, 1.02102546862e-06, 1.19288711176e-06, 1.94580616153e-06, 2.12798340726e-06, 1.64166237937e-06, 2.4238036076e-06, 9.72426391854e-07, 5.22807511061e-07, 6.30559725323e-07, 4.99350335303e-07, 2.46832087214e-07, 5.36518882654e-08, 7.89004105106e-12],
        "var": [1.73847292899e-05, 0.000559444481041, 0.00015159616305, 8.74638408277e-06, 1.35223126563e-05, 2.20933288801e-05, 8.89564489626e-06, 5.66229346077e-06, 3.0893136227e-06, 6.24920176051e-07, 1.32890625082e-06, 3.34953870151e-06, 1.46237169929e-07, 2.13355633605e-07, 5.76949673814e-07, 8.46122588882e-07, 2.79708217477e-07, 4.47867080311e-07, 2.4299330903e-07, 1.11230690436e-06, 1.12449777134e-06, 1.1634766679e-06, 8.14147199435e-07, 8.22406093448e-07, 6.19287391146e-07, 1.42001866266e-07, 2.7402234995e-11]
    },
    "erbbands": {
        "dmean": [0.302546590567, 1.41742730141, 3.93196487427, 3.9215157032, 3.23138928413, 4.75949144363, 5.56436061859, 7.66794395447, 9.07724189758, 16.6051559448, 18.4142856598, 12.2902126312, 11.2839298248, 13.7408313751, 15.976348877, 17.3578414917, 10.681055069, 10.2504482269, 8.92027568817, 14.7930259705, 14.9589748383, 14.3981456757, 15.2393655777, 13.2499895096, 12.5142841339, 15.695731163, 17.8520469666, 14.1374607086, 15.7952184677, 12.5976581573, 10.5707616806, 8.96769332886, 6.53563928604, 3.91595435143, 2.34578108788, 0.959902822971, 0.275642246008, 0.021011069417, 0.000533399463166, 4.80828130094e-05],
        "dmean2": [0.428302645683, 2.14704084396, 6.57582712173, 6.74878978729, 5.28578615189, 7.57287549973, 8.90999126434, 11.380109787, 13.7067289352, 24.7448139191, 29.5787086487, 19.0280780792, 16.9183712006, 21.2508888245, 24.1266345978, 26.7145023346, 17.3014431, 16.2198829651, 14.2626314163, 24.1852111816, 23.7618732452, 23.5914077759, 24.1432819366, 21.7336101532, 20.4559288025, 25.1442337036, 27.5588932037, 21.6026630402, 23.8630657196, 18.6017494202, 15.7225408554, 13.8180685043, 9.9822845459, 6.12915992737, 3.56459379196, 1.51606965065, 0.433056771755, 0.0333774983883, 0.000816639105324, 7.07089857315e-05],
        "dvar": [0.255401074886, 9.36939430237, 174.204711914, 161.011260986, 59.349445343, 93.9016647339, 136.254104614, 312.477783203, 331.812896729, 930.967895508, 1323.3112793, 363.167877197, 319.062713623, 498.056549072, 575.342102051, 1285.39013672, 302.981872559, 342.49508667, 349.153289795, 1870.68322754, 991.5, 834.130493164, 746.67779541, 372.314025879, 407.971557617, 1545.24560547, 1018.08215332, 512.85736084, 618.04095459, 455.875152588, 382.573913574, 243.562408447, 132.595581055, 52.9111709595, 21.3183517456, 3.03038311005, 0.342057168484, 0.0024036874529, 2.00160775421e-06, 1.45054546152e-08],
        "dvar2": [0.52879345417, 22.3516788483, 453.152557373, 434.693206787, 158.370101929, 247.679855347, 360.056243896, 593.229553223, 730.728149414, 1961.0723877, 3389.27685547, 815.359924316, 637.216247559, 1218.70068359, 1190.51806641, 2599.6315918, 719.852905273, 723.096374512, 964.004150391, 4314.94091797, 2192.85986328, 1993.12915039, 1814.85595703, 905.554138184, 995.275939941, 4031.02368164, 2318.58276367, 1045.40112305, 1309.89245605, 919.582885742, 766.608581543, 506.488922119, 281.7784729, 101.1563797, 42.114074707, 5.75174045563, 0.666342139244, 0.00535527477041, 3.9970391299e-06, 2.91917245931e-08],
        "max": [4.16470766068, 28.5091400146, 122.87411499, 145.5131073, 138.898498535, 135.063583374, 177.936401367, 603.076843262, 398.803283691, 527.330383301, 392.877258301, 333.145874023, 207.7759552, 351.026580811, 495.04095459, 509.595306396, 265.164398193, 279.907623291, 372.303131104, 718.502258301, 1137.44360352, 408.6328125, 518.721130371, 256.465759277, 290.411407471, 918.918640137, 597.003112793, 381.038757324, 375.300415039, 336.072113037, 235.334564209, 252.837081909, 182.817871094, 94.9605484009, 60.6545066833, 24.5617275238, 7.40744543076, 0.619400322437, 0.0177415013313, 0.00155452708714],
        "mean": [1.44598412514, 3.79230380058, 5.16054725647, 5.00189971924, 5.17357587814, 8.73253631592, 9.74786758423, 19.0101718903, 20.3962669373, 36.6831359863, 33.1542549133, 22.6393299103, 22.1338195801, 25.858499527, 33.5653266907, 31.6592407227, 19.5198974609, 16.9237251282, 15.4808664322, 23.1517028809, 26.657869339, 22.949432373, 26.6438026428, 26.8220558167, 23.6733379364, 30.3865375519, 41.5153999329, 30.3193435669, 32.993144989, 27.7630138397, 21.7146873474, 17.1800765991, 12.4432497025, 7.14656066895, 3.95068025589, 1.69699537754, 0.472678005695, 0.0306964647025, 0.000866134942044, 0.000131856082589],
        "median": [1.52875006199, 2.65820837021, 1.17456960678, 1.54582595825, 2.26052570343, 4.06191253662, 5.56064367294, 6.98074054718, 6.70012950897, 13.5144853592, 13.0508022308, 12.724905014, 11.5887851715, 16.0024642944, 19.4080486298, 14.1902780533, 12.3900995255, 11.2289047241, 9.08763980865, 11.9935560226, 14.6363162994, 13.6749134064, 16.465379715, 18.2402038574, 17.3226451874, 20.2902622223, 20.9333877563, 19.9763355255, 20.4466552734, 20.4006996155, 15.9675712585, 13.0591983795, 8.84818649292, 5.2631072998, 2.72436118126, 1.24470162392, 0.336335867643, 0.0185432266444, 0.000544393900782, 0.000113565656648],
        "min": [3.48974790541e-05, 0.000153783679707, 0.000586406618822, 0.000953867391217, 0.00264981668442, 0.0117679238319, 0.0628400966525, 0.0550669804215, 0.0563157647848, 0.087442047894, 0.126527935266, 0.0797274932265, 0.0659623965621, 0.0162506159395, 0.021267419681, 0.0646597296, 0.109434247017, 0.0858808681369, 0.0936910957098, 0.0837908536196, 0.11378659308, 0.112439617515, 0.0938541218638, 0.163735195994, 0.0980495736003, 0.100187130272, 0.0557120703161, 0.0317151881754, 0.0171286761761, 0.0195372439921, 0.0144880209118, 0.00979566760361, 0.00863490346819, 0.00423785857856, 0.00135420274455, 0.000387075124308, 1.93633295567e-05, 9.77261265689e-07, 1.08854192149e-06, 1.64587709151e-06],
        "var": [1.59700858593, 17.3827571869, 175.850769043, 136.971984863, 100.111846924, 202.983566284, 189.723999023, 2945.30859375, 1462.92700195, 3825.48339844, 2589.04785156, 801.7109375, 873.839050293, 1098.85961914, 1791.56750488, 2825.68115234, 631.76574707, 532.676574707, 462.690002441, 2201.47680664, 3621.375, 1074.5057373, 1457.64379883, 806.080810547, 586.391174316, 1796.46716309, 3850.30908203, 1283.7019043, 1612.28356934, 931.352661133, 672.806884766, 393.113800049, 238.074951172, 82.6085662842, 31.4440135956, 4.53135156631, 0.463207304478, 0.00275051011704, 2.46340118792e-06, 1.94012645949e-08]
    },
    "gfcc": {
        "mean": [67.2466201782, 42.8435974121, -93.8554992676, 45.3557548523, -67.5016708374, 30.9313316345, -33.2771911621, 24.4969615936, -22.5289592743, 14.5296897888, -14.1526174545, 10.8676280975, -9.74000835419],
        "cov": [[1964.79504395, -425.985717773, -92.0469741821, 95.2927246094, 126.119567871, 242.935317993, 160.379959106, 57.5915260315, 29.7856731415, 77.3945465088, -17.1301460266, 153.139190674, -53.5541687012], [-425.985717773, 707.643859863, 102.993492126, -54.8515434265, 73.2696762085, -54.5601425171, -26.902513504, -30.6677837372, 4.66171836853, -39.7537078857, 39.4350242615, -42.0039634705, 45.2613296509], [-92.0469741821, 102.993492126, 330.33895874, 136.42805481, 98.1794052124, 46.5006790161, 44.1460876465, 18.5838279724, -2.86701631546, 16.4193935394, 2.66841459274, 12.3541460037, 6.92088317871], [95.2927246094, -54.8515434265, 136.42805481, 325.171447754, 129.787719727, 85.6407699585, 70.533782959, -4.51076698303, 10.9640550613, 2.93479418755, 9.2581243515, 12.2302522659, 45.6621894836], [126.119567871, 73.2696762085, 98.1794052124, 129.787719727, 265.393096924, 155.399993896, 80.0842056274, 38.7370529175, 27.1077785492, 10.0873298645, 16.8087654114, 39.8444061279, 35.8846855164], [242.935317993, -54.5601425171, 46.5006790161, 85.6407699585, 155.399993896, 234.836807251, 177.163391113, 62.591342926, 44.9979820251, 45.8894805908, 39.6441612244, 70.6283950806, 31.1550941467], [160.379959106, -26.902513504, 44.1460876465, 70.533782959, 80.0842056274, 177.163391113, 252.158569336, 76.4171676636, 64.1283340454, 75.6645126343, 59.5781021118, 81.3787689209, 24.5269699097], [57.5915260315, -30.6677837372, 18.5838279724, -4.51076698303, 38.7370529175, 62.591342926, 76.4171676636, 114.794662476, 62.8637695312, 28.5011558533, 10.3269662857, 11.0917673111, 10.0403270721], [29.7856731415, 4.66171836853, -2.86701631546, 10.9640550613, 27.1077785492, 44.9979820251, 64.1283340454, 62.8637695312, 109.910202026, 67.6220397949, 34.7445373535, 26.4316196442, 21.5009174347], [77.3945465088, -39.7537078857, 16.4193935394, 2.93479418755, 10.0873298645, 45.8894805908, 75.6645126343, 28.5011558533, 67.6220397949, 136.178894043, 82.3670806885, 60.1506080627, 16.0809955597], [-17.1301460266, 39.4350242615, 2.66841459274, 9.2581243515, 16.8087654114, 39.6441612244, 59.5781021118, 10.3269662857, 34.7445373535, 82.3670806885, 120.557662964, 83.6823196411, 40.7799873352], [153.139190674, -42.0039634705, 12.3541460037, 12.2302522659, 39.8444061279, 70.6283950806, 81.3787689209, 11.0917673111, 26.4316196442, 60.1506080627, 83.6823196411, 149.544204712, 56.9138069153], [-53.5541687012, 45.2613296509, 6.92088317871, 45.6621894836, 35.8846855164, 31.1550941467, 24.5269699097, 10.0403270721, 21.5009174347, 16.0809955597, 40.7799873352, 56.9138069153, 105.500724792]],
        "icov": [[0.000864161294885, -6.83781254338e-05, 0.000666099600494, -0.000646498636343, 0.000144771853229, -0.000977371819317, 0.000593982171267, -0.000613108102698, 0.000551743374672, -0.00108094606549, 0.00166839605663, -0.0018379103858, 0.00126266549341], [-6.83781254338e-05, 0.00313599337824, -0.00176812766585, 0.00251626013778, -0.00245738471858, 0.00248918216676, -0.00226611830294, 0.00292176334187, -0.00242327223532, 0.00354338134639, -0.00427092239261, 0.00368896406144, -0.00238906522281], [0.000666099600494, -0.00176812766585, 0.00556439394131, -0.00343200238422, 0.000181147945113, -0.000976727460511, 0.00134961144067, -0.00339896627702, 0.00348513014615, -0.00418724259362, 0.00430504977703, -0.00382654299028, 0.00278179789893], [-0.000646498636343, 0.00251626013778, -0.00343200238422, 0.00746319815516, -0.0036326944828, 0.00254885363393, -0.00375474756584, 0.00520597584546, -0.00326179200783, 0.00420581456274, -0.00464899698272, 0.00579916359857, -0.00486008869484], [0.000144771853229, -0.00245738471858, 0.000181147945113, -0.0036326944828, 0.0101247858256, -0.00848044734448, 0.00479873409495, -0.00306158745661, 0.000891880248673, -0.00161485618446, 0.00307440035976, -0.00350522203371, 0.00169136095792], [-0.000977371819317, 0.00248918216676, -0.000976727460511, 0.00254885363393, -0.00848044734448, 0.017959812656, -0.0106167457998, 0.00164036557544, -0.00107110722456, 0.00326807191595, -0.00383100402541, 0.0032694756519, -0.00327297439799], [0.000593982171267, -0.00226611830294, 0.00134961144067, -0.00375474756584, 0.00479873409495, -0.0106167457998, 0.0137429283932, -0.00590719655156, 0.00139949959703, -0.00473449425772, 0.00329831289127, -0.00611958280206, 0.00414327159524], [-0.000613108102698, 0.00292176334187, -0.00339896627702, 0.00520597584546, -0.00306158745661, 0.00164036557544, -0.00590719655156, 0.0194276478142, -0.0114372503012, 0.00634244363755, -0.00451913941652, 0.00663230475038, -0.0039805076085], [0.000551743374672, -0.00242327223532, 0.00348513014615, -0.00326179200783, 0.000891880248673, -0.00107110722456, 0.00139949959703, -0.0114372503012, 0.0220437012613, -0.0126691916957, 0.00598158920184, -0.00308603956364, 7.01934986864e-05], [-0.00108094606549, 0.00354338134639, -0.00418724259362, 0.00420581456274, -0.00161485618446, 0.00326807191595, -0.00473449425772, 0.00634244363755, -0.0126691916957, 0.0237817112356, -0.0166364181787, 0.00550434086472, -0.00111501547508], [0.00166839605663, -0.00427092239261, 0.00430504977703, -0.00464899698272, 0.00307440035976, -0.00383100402541, 0.00329831289127, -0.00451913941652, 0.00598158920184, -0.0166364181787, 0.0288926679641, -0.0147474482656, 0.00226220767945], [-0.0018379103858, 0.00368896406144, -0.00382654299028, 0.00579916359857, -0.00350522203371, 0.0032694756519, -0.00611958280206, 0.00663230475038, -0.00308603956364, 0.00550434086472, -0.0147474482656, 0.0221457276493, -0.0102126961574], [0.00126266549341, -0.00238906522281, 0.00278179789893, -0.00486008869484, 0.00169136095792, -0.00327297439799, 0.00414327159524, -0.0039805076085, 7.01934986864e-05, -0.00111501547508, 0.00226220767945, -0.0102126961574, 0.017662955448]]
    },
    "melbands": {
        "dmean": [0.00218914914876, 0.00185697770212, 0.000640825892333, 0.000272260047495, 0.000192816441995, 0.000170939092641, 0.000140814561746, 0.000175259730895, 0.000152995417011, 7.82760907896e-05, 5.87774520682e-05, 5.52153469471e-05, 6.38077835902e-05, 5.17257649335e-05, 4.97643486597e-05, 2.00324739126e-05, 1.94911790459e-05, 1.49333009176e-05, 2.22269954975e-05, 1.70732801053e-05, 1.82628027687e-05, 1.66623412952e-05, 1.25864007714e-05, 1.60539566423e-05, 1.11296121759e-05, 9.72387169895e-06, 1.06925463115e-05, 1.0998957805e-05, 1.3149595361e-05, 9.60763372859e-06, 9.06638160814e-06, 9.9685830719e-06, 8.68577899382e-06, 7.31917043595e-06, 6.55543317407e-06, 6.33353693047e-06, 5.64283027416e-06, 4.9058503464e-06, 4.30717136624e-06, 3.34907235811e-06],
        "dmean2": [0.00321932672523, 0.00297087361105, 0.00108019250911, 0.000439448253019, 0.000308750371914, 0.000253277627053, 0.000215437728912, 0.000265217386186, 0.000242142166826, 0.0001193217322, 8.79029248608e-05, 8.54762547533e-05, 9.62717385846e-05, 7.73871142883e-05, 7.76208762545e-05, 3.28285459545e-05, 3.08598100673e-05, 2.43576760113e-05, 3.58284560207e-05, 2.80769927485e-05, 2.89651125058e-05, 2.76621067314e-05, 2.00475860765e-05, 2.63023212028e-05, 1.81426603376e-05, 1.5925254047e-05, 1.75566947291e-05, 1.77187757799e-05, 2.07155189855e-05, 1.48592362166e-05, 1.40284164445e-05, 1.5464518583e-05, 1.33628691401e-05, 1.11610524982e-05, 9.84828966466e-06, 9.85528913588e-06, 8.84443761606e-06, 7.57611587687e-06, 6.81281062498e-06, 5.25893165104e-06],
        "dvar": [1.30154103317e-05, 2.91295782517e-05, 3.70798829863e-06, 3.77488845515e-07, 1.45952583352e-07, 1.29806863924e-07, 6.35735446508e-08, 9.03226577975e-08, 8.12948073303e-08, 1.414639339e-08, 8.60173265949e-09, 8.20553047731e-09, 8.85324435984e-09, 1.90507218889e-08, 1.36966296083e-08, 9.8742602983e-10, 1.31644828372e-09, 9.36921762396e-10, 2.73266120843e-09, 1.66730296236e-09, 1.54062651525e-09, 1.01786046258e-09, 8.0145134973e-10, 9.26219934083e-10, 2.69153338506e-10, 2.04684616478e-10, 4.59597776503e-10, 7.55604523395e-10, 5.99091942721e-10, 2.6856600277e-10, 2.08309591798e-10, 2.44204240163e-10, 1.94162408373e-10, 1.47922438187e-10, 1.34503783111e-10, 1.28630564533e-10, 9.0626797733e-11, 6.86962015051e-11, 6.11177219945e-11, 3.61508774305e-11],
        "dvar2": [2.86765134661e-05, 7.09773594281e-05, 9.76376941253e-06, 1.02116143808e-06, 3.81953043416e-07, 2.43739890493e-07, 1.42264241276e-07, 1.88204481333e-07, 2.02174248898e-07, 3.16539647827e-08, 1.68855258664e-08, 2.02722034714e-08, 1.87545676766e-08, 3.2259812599e-08, 2.87339485538e-08, 2.50532972146e-09, 2.69371303041e-09, 2.55092946766e-09, 6.10540062951e-09, 4.00450916871e-09, 3.47288864333e-09, 2.45202724791e-09, 1.83534387688e-09, 2.62335309031e-09, 6.43751441043e-10, 5.19955412059e-10, 1.18909981861e-09, 1.94942950671e-09, 1.40993683395e-09, 5.57116630606e-10, 4.40371683563e-10, 5.5774751484e-10, 4.02188976567e-10, 3.04752334479e-10, 2.77432077311e-10, 2.69937877606e-10, 1.99073979523e-10, 1.46672229917e-10, 1.36195568712e-10, 7.04103442217e-11],
        "max": [0.0329854004085, 0.0484791621566, 0.021788040176, 0.0131993284449, 0.00578830111772, 0.0122019601986, 0.00524360174313, 0.00488131167367, 0.00308448378928, 0.00180779234506, 0.00105324923061, 0.00130776525475, 0.00156394811347, 0.00268983002752, 0.00220738723874, 0.000601571984589, 0.000546222028788, 0.000552061013877, 0.000726093363483, 0.000547427684069, 0.00138714024797, 0.000369609246263, 0.000522181275301, 0.000547866977286, 0.000240788678639, 0.000130715270643, 0.000409339932958, 0.00064431555802, 0.000452617852716, 0.000214455634705, 0.000209904581425, 0.00023482456163, 0.000173334352439, 0.000193285712157, 0.000130323780468, 0.000168093232787, 0.000157999049406, 0.000148135586642, 0.000116732808237, 8.68145070854e-05],
        "mean": [0.00987653806806, 0.00336905266158, 0.000878086430021, 0.000504980445839, 0.000352539820597, 0.000421138334787, 0.000324591062963, 0.000383187289117, 0.000267798779532, 0.000145134850754, 0.000111583503895, 0.000101418430859, 0.000125437945826, 9.0547313448e-05, 8.07589749456e-05, 3.22578162013e-05, 3.07719965349e-05, 2.33662431128e-05, 3.23164167639e-05, 2.74481899396e-05, 3.02986409224e-05, 2.39650980802e-05, 2.04623065656e-05, 2.5860786991e-05, 2.12909308175e-05, 1.70520743268e-05, 1.83775737241e-05, 1.98415837076e-05, 2.90708921966e-05, 1.8288508727e-05, 1.75173554453e-05, 1.90262471733e-05, 1.72003092302e-05, 1.48176031871e-05, 1.24494099509e-05, 1.15658831419e-05, 1.00593206298e-05, 8.9618115453e-06, 7.32925172997e-06, 5.60026364838e-06],
        "median": [0.0110978707671, 0.00152334698942, 0.00029868556885, 0.000246786425123, 0.000208211611607, 0.000166538826306, 0.000116537834401, 0.000127396051539, 0.000102632773633, 7.53653148422e-05, 5.55095430173e-05, 6.06663925282e-05, 7.3746254202e-05, 3.40898368449e-05, 2.87265502266e-05, 2.16366006498e-05, 1.98257748707e-05, 1.32947207021e-05, 1.43700244735e-05, 1.57593822223e-05, 1.5373894712e-05, 1.3449753169e-05, 1.26132536025e-05, 1.49482339111e-05, 1.3171138562e-05, 1.19068181448e-05, 1.17638655865e-05, 1.22944193208e-05, 1.20790227811e-05, 1.11630042738e-05, 1.07908026621e-05, 1.16548371807e-05, 1.11057415779e-05, 1.0747295164e-05, 8.99590668269e-06, 7.79037327447e-06, 7.4014378697e-06, 6.27857070867e-06, 5.02381271872e-06, 3.95607321479e-06],
        "min": [3.90046295706e-07, 2.3575051955e-07, 2.4446359248e-07, 2.09834951193e-07, 1.61069203841e-06, 9.80596837508e-07, 7.20099478713e-07, 1.03923730421e-06, 8.78108437519e-07, 5.02844613948e-07, 6.41051300931e-08, 5.52994912084e-08, 4.93862586382e-08, 1.16091584346e-07, 1.61009225508e-07, 2.0581879312e-07, 1.15985905325e-07, 1.83775767937e-07, 6.05594721037e-08, 1.26688561863e-07, 5.46338831953e-08, 9.96881510673e-08, 1.02764907695e-07, 7.27071025608e-08, 1.29073214339e-07, 2.77121632308e-08, 3.21662234626e-08, 6.62254109329e-08, 2.77234573076e-08, 2.73326410394e-08, 1.56033106435e-08, 6.84774326132e-09, 1.24256125389e-08, 5.54512613604e-09, 5.83486681194e-09, 1.43575396017e-09, 1.9559952269e-10, 5.62529445247e-09, 5.90233062425e-09, 2.49709986022e-09],
