{
"highlevel": {
    "danceability": {
        "all": {
            "danceable": 0.989072144032,
            "not_danceable": 0.0109278317541
        },
        "probability": 0.989072144032,
        "value": "danceable"
    },
    "gender": {
        "all": {
            "female": 0.472999155521,
            "male": 0.527000844479
        },
        "probability": 0.527000844479,
        "value": "male"
    },
    "genre_dortmund": {
        "all": {
            "alternative": 0.0118992337957,
            "blues": 0.0086198952049,
            "electronic": 0.731861412525,
            "folkcountry": 0.0152930459008,
            "funksoulrnb": 0.0364305600524,
            "jazz": 0.084452778101,
            "pop": 0.0389405749738,
            "raphiphop": 0.0564697496593,
            "rock": 0.0160327367485
        },
        "probability": 0.731861412525,
        "value": "electronic"
    },
    "genre_electronic": {
        "all": {
            "ambient": 0.689185261726,
            "dnb": 0.0538646504283,
            "house": 0.201428994536,
            "techno": 0.0332359075546,
            "trance": 0.0222851969302
        },
        "probability": 0.689185261726,
        "value": "ambient"
    },
    "genre_rosamerica": {
        "all": {
            "cla": 0.00327577977441,
            "dan": 0.00783006101847,
            "hip": 0.087529309094,
            "jaz": 0.00686723878607,
            "pop": 0.0759020671248,
            "rhy": 0.802605092525,
            "roc": 0.00395546806976,
            "spe": 0.0120349982753
        },
        "probability": 0.802605092525,
        "value": "rhy"
    },
    "genre_tzanetakis": {
        "all": {
            "blu": 0.0626541376114,
            "cla": 0.0348133966327,
            "cou": 0.0783501937985,
            "dis": 0.104547761381,
            "hip": 0.15693578124,
            "jaz": 0.313987255096,
            "met": 0.044816005975,
            "pop": 0.0627349764109,
            "reg": 0.0627352520823,
            "roc": 0.0784252434969
        },
        "probability": 0.313987255096,
        "value": "jaz"
    },
    "ismir04_rhythm": {
        "all": {
            "ChaChaCha": 0.00125327392016,
            "Jive": 0.00470169493929,
            "Quickstep": 0.00562359532341,
            "Rumba-American": 0.00760164950043,
            "Rumba-International": 0.915360987186,
            "Rumba-Misc": 0.0044041806832,
            "Samba": 0.00639774557203,
            "Tango": 0.0012370031327,
            "VienneseWaltz": 0.0346194133162,
            "Waltz": 0.0188004858792
        },
        "probability": 0.915360987186,
        "value": "Rumba-International"
    },
    "mood_acoustic": {
        "all": {
            "acoustic": 0.0180648565292,
            "not_acoustic": 0.981935143471
        },
        "probability": 0.981935143471,
        "value": "not_acoustic"
    },
    "mood_aggressive": {
        "all": {
            "aggressive": 0.00502605969086,
            "not_aggressive": 0.994973957539
        },
        "probability": 0.994973957539,
        "value": "not_aggressive"
    },
    "mood_electronic": {
        "all": {
            "electronic": 0.885427176952,
            "not_electronic": 0.114572793245
        },
        "probability": 0.885427176952,
        "value": "electronic"
    },
    "mood_happy": {
        "all": {
            "happy": 0.0344095788896,
            "not_happy": 0.965590417385
        },
        "probability": 0.965590417385,
        "value": "not_happy"
    },
    "mood_party": {
        "all": {
            "not_party": 0.93999671936,
            "party": 0.0600032918155
        },
        "probability": 0.93999671936,
        "value": "not_party"
    },
    "mood_relaxed": {
        "all": {
            "not_relaxed": 0.535052418709,
            "relaxed": 0.464947551489
        },
        "probability": 0.535052418709,
        "value": "not_relaxed"
    },
    "mood_sad": {
        "all": {
            "not_sad": 0.527857065201,
            "sad": 0.472142904997
        },
        "probability": 0.527857065201,
        "value": "not_sad"
    },
    "moods_mirex": {
        "all": {
            "Cluster1": 0.260632932186,
            "Cluster2": 0.276631325483,
            "Cluster3": 0.199312075973,
            "Cluster4": 0.036290820688,
            "Cluster5": 0.227132841945
        },
        "probability": 0.276631325483,
        "value": "Cluster2"
    },
    "timbre": {
        "all": {
            "bright": 0.106483198702,
            "dark": 0.893516778946
        },
        "probability": 0.893516778946,
        "value": "dark"
    },
    "tonal_atonal": {
        "all": {
            "atonal": 0.994756400585,
            "tonal": 0.00524357194081
        },
        "probability": 0.994756400585,
        "value": "atonal"
    },
    "voice_instrumental": {
        "all": {
            "instrumental": 0.955902218819,
            "voice": 0.0440977811813
        },
        "probability": 0.955902218819,
        "value": "instrumental"
    }
},
"lowlevel": {
    "average_loudness": 0.946455478668,
    "barkbands_crest": {
        "dmean": 2.55088734627,
        "dmean2": 3.85564208031,
        "dvar": 5.49056625366,
        "dvar2": 13.3449344635,
        "max": 25.6931495667,
        "mean": 16.8407268524,
        "median": 17.3225822449,
        "min": 4.65507268906,
        "var": 13.4285240173
    },
    "barkbands_flatness_db": {
        "dmean": 0.0448042824864,
        "dmean2": 0.0664823874831,
        "dvar": 0.00165836745873,
        "dvar2": 0.00329865165986,
        "max": 0.576864182949,
        "mean": 0.330009698868,
        "median": 0.329374045134,
        "min": 0.0941687002778,
        "var": 0.00758484192193
    },
    "barkbands_kurtosis": {
        "dmean": 12.4332933426,
        "dmean2": 19.3239994049,
        "dvar": 698.285095215,
        "dvar2": 1648.02929688,
        "max": 373.384368896,
        "mean": 18.0269546509,
        "median": 7.23787975311,
        "min": -1.71789360046,
        "var": 1060.25158691
    },
    "barkbands_skewness": {
        "dmean": 0.978678405285,
        "dmean2": 1.46044826508,
        "dvar": 1.18559873104,
        "dvar2": 2.57946491241,
        "max": 12.6917057037,
        "mean": 2.57242822647,
        "median": 2.19375014305,
        "min": -1.27820158005,
        "var": 3.51873254776
    },
    "barkbands_spread": {
        "dmean": 2.43691205978,
        "dmean2": 3.71761107445,
        "dvar": 21.1807079315,
        "dvar2": 36.1525268555,
        "max": 47.1511726379,
        "mean": 6.05320882797,
        "median": 4.28896951675,
        "min": 0.175741761923,
        "var": 44.5129737854
    },
    "dissonance": {
        "dmean": 0.040916223079,
        "dmean2": 0.0681165084243,
        "dvar": 0.00129016360734,
        "dvar2": 0.00338683906011,
        "max": 0.500000059605,
        "mean": 0.419072538614,
        "median": 0.427788436413,
        "min": 0.159410849214,
        "var": 0.00313941319473
    },
    "dynamic_complexity": 2.27941179276,
    "erbbands_crest": {
        "dmean": 2.79668879509,
        "dmean2": 4.37345314026,
        "dvar": 6.06285619736,
        "dvar2": 14.8174104691,
        "max": 30.3342342377,
        "mean": 12.7326049805,
        "median": 11.9362649918,
        "min": 3.68121862411,
        "var": 25.2720222473
    },
    "erbbands_flatness_db": {
        "dmean": 0.0301073268056,
        "dmean2": 0.0419505797327,
        "dvar": 0.000817961641587,
        "dvar2": 0.00161938462406,
        "max": 0.421810746193,
        "mean": 0.232699513435,
        "median": 0.227000281215,
        "min": 0.0892675593495,
        "var": 0.00446274178103
    },
    "erbbands_kurtosis": {
        "dmean": 4.75253248215,
        "dmean2": 7.70941781998,
        "dvar": 55.1598167419,
        "dvar2": 147.343765259,
        "max": 87.9416427612,
        "mean": 7.74584960938,
        "median": 4.75524711609,
        "min": -1.46726036072,
        "var": 100.555686951
    },
    "erbbands_skewness": {
        "dmean": 0.698775529861,
        "dmean2": 1.10561609268,
        "dvar": 0.498557418585,
        "dvar2": 1.30190896988,
        "max": 7.17379283905,
        "mean": 1.26281964779,
        "median": 1.19109010696,
        "min": -2.34962725639,
        "var": 1.78620970249
    },
    "erbbands_spread": {
        "dmean": 7.52306556702,
        "dmean2": 11.877696991,
        "dvar": 103.9270401,
        "dvar2": 247.968429565,
        "max": 102.494659424,
        "mean": 18.1067256927,
        "median": 13.5699300766,
        "min": 1.37425196171,
        "var": 216.744827271
    },
    "hfc": {
        "dmean": 6.52884244919,
        "dmean2": 9.87300682068,
        "dvar": 143.910140991,
        "dvar2": 308.093719482,
        "max": 126.403907776,
        "mean": 13.5101594925,
        "median": 9.11652946472,
        "min": 1.41087758541,
        "var": 225.407150269
    },
    "melbands_crest": {
        "dmean": 3.51329803467,
        "dmean2": 5.41469049454,
        "dvar": 11.1371612549,
        "dvar2": 26.2025375366,
        "max": 37.3725776672,
        "mean": 23.5513095856,
        "median": 24.2552375793,
        "min": 7.80053806305,
        "var": 33.266834259
    },
    "melbands_flatness_db": {
        "dmean": 0.0525752082467,
        "dmean2": 0.0764073431492,
        "dvar": 0.00231724837795,
        "dvar2": 0.004344237037,
        "max": 0.721587300301,
        "mean": 0.436650753021,
        "median": 0.436404556036,
        "min": 0.128398165107,
        "var": 0.010985868983
    },
    "melbands_kurtosis": {
        "dmean": 18.5530452728,
        "dmean2": 29.0293254852,
        "dvar": 1808.10473633,
        "dvar2": 4099.32324219,
        "max": 612.756774902,
        "mean": 25.6010513306,
        "median": 9.95279979706,
        "min": -1.7866717577,
        "var": 2481.35009766
    },
    "melbands_skewness": {
        "dmean": 1.1003370285,
        "dmean2": 1.64596676826,
        "dvar": 1.82481515408,
        "dvar2": 3.73600935936,
        "max": 16.6316299438,
        "mean": 2.97935199738,
        "median": 2.51747059822,
        "min": -0.704217135906,
        "var": 4.1746172905
    },
    "melbands_spread": {
        "dmean": 2.74782896042,
        "dmean2": 4.1018576622,
        "dvar": 26.9719734192,
        "dvar2": 50.4765663147,
        "max": 65.8669662476,
        "mean": 6.33186101913,
        "median": 3.96562385559,
        "min": 0.162155628204,
        "var": 56.3295707703
    },
    "pitch_salience": {
        "dmean": 0.0784655660391,
        "dmean2": 0.123840495944,
        "dvar": 0.00622130697593,
        "dvar2": 0.0147970849648,
        "max": 0.745277106762,
        "mean": 0.372142136097,
        "median": 0.369593083858,
        "min": 0.0586044639349,
        "var": 0.0105694476515
    },
    "silence_rate_20dB": {
        "dmean": 0.0356037169695,
        "dmean2": 0.0712625905871,
        "dvar": 0.0343359857798,
        "dvar2": 0.0925215855241,
        "max": 1,
        "mean": 0.977571547031,
        "median": 1,
        "min": 0,
        "var": 0.0219255518168
    },
    "silence_rate_30dB": {
        "dmean": 0.0804953575134,
        "dmean2": 0.161115407944,
        "dvar": 0.0740154013038,
        "dvar2": 0.163040935993,
        "max": 1,
        "mean": 0.857695281506,
        "median": 1,
        "min": 0,
        "var": 0.122053436935
    },
    "silence_rate_60dB": {
        "dmean": 0,
        "dmean2": 0,
        "dvar": 0,
        "dvar2": 0,
        "max": 0,
        "mean": 0,
        "median": 0,
        "min": 0,
        "var": 0
    },
    "spectral_centroid": {
        "dmean": 131.709197998,
        "dmean2": 201.689605713,
        "dvar": 79641.7578125,
        "dvar2": 134324.609375,
        "max": 2941.19067383,
        "mean": 481.077209473,
        "median": 383.381591797,
        "min": 94.9014892578,
        "var": 147750.4375
    },
    "spectral_complexity": {
        "dmean": 2.73065018654,
        "dmean2": 3.91944217682,
        "dvar": 24.4972419739,
        "dvar2": 39.0825538635,
        "max": 59,
        "mean": 10.3410673141,
        "median": 9,
        "min": 2,
        "var": 64.0594177246
    },
    "spectral_decrease": {
        "dmean": 1.1147355039e-08,
        "dmean2": 1.80316046539e-08,
        "dvar": 3.20372583426e-16,
        "dvar2": 8.50055637266e-16,
        "max": -2.86847723352e-09,
        "mean": -2.05347259197e-08,
        "median": -1.53002428505e-08,
        "min": -1.59093517027e-07,
        "var": 4.03666124159e-16
    },
    "spectral_energy": {
        "dmean": 0.0425126962364,
        "dmean2": 0.0687356889248,
        "dvar": 0.00463017541915,
        "dvar2": 0.0122786303982,
        "max": 0.605971038342,
        "mean": 0.0787282064557,
        "median": 0.0591909252107,
        "min": 0.0109735121951,
        "var": 0.00583818275481
    },
    "spectral_energyband_high": {
        "dmean": 0.00017219367146,
        "dmean2": 0.000289242278086,
        "dvar": 5.15169745086e-07,
        "dvar2": 1.36618450597e-06,
        "max": 0.00856623332947,
        "mean": 0.000147325947182,
        "median": 1.30780344989e-05,
        "min": 9.61466213312e-08,
        "var": 3.68611523527e-07
    },
    "spectral_energyband_low": {
        "dmean": 0.0397038944066,
        "dmean2": 0.0646435618401,
        "dvar": 0.00452837580815,
        "dvar2": 0.0121275410056,
        "max": 0.594710826874,
        "mean": 0.0618863143027,
        "median": 0.0405446775258,
        "min": 0.00550826825202,
        "var": 0.00559815578163
    },
    "spectral_energyband_middle_high": {
        "dmean": 0.00162507116329,
        "dmean2": 0.00253937300295,
        "dvar": 2.79272098851e-05,
        "dvar2": 6.51942391414e-05,
        "max": 0.0516452267766,
        "mean": 0.00199726875871,
        "median": 0.000427851104178,
        "min": 1.78937420969e-06,
        "var": 3.37591300195e-05
    },
    "spectral_energyband_middle_low": {
        "dmean": 0.00666739605367,
        "dmean2": 0.0106827486306,
        "dvar": 0.000110910332296,
        "dvar2": 0.000288618903141,
        "max": 0.132670581341,
        "mean": 0.0156052876264,
        "median": 0.0122745549306,
        "min": 0.00101144413929,
        "var": 0.000159171235282
    },
    "spectral_entropy": {
        "dmean": 0.358738005161,
        "dmean2": 0.518955528736,
        "dvar": 0.133727028966,
        "dvar2": 0.261627525091,
        "max": 8.07263183594,
        "mean": 6.33802270889,
        "median": 6.3332529068,
        "min": 4.46000337601,
        "var": 0.504520535469
    },
    "spectral_flux": {
        "dmean": 0.0479039363563,
        "dmean2": 0.0807426124811,
        "dvar": 0.00396663090214,
        "dvar2": 0.0082722902298,
        "max": 0.676367640495,
        "mean": 0.116074621677,
        "median": 0.0847752094269,
        "min": 0.0240382179618,
        "var": 0.00902784429491
    },
    "spectral_kurtosis": {
        "dmean": 12.6194868088,
        "dmean2": 19.9794158936,
        "dvar": 263.429168701,
        "dvar2": 611.772583008,
        "max": 190.776260376,
        "mean": 23.2271137238,
        "median": 14.8920021057,
        "min": -0.0108268260956,
        "var": 607.652770996
    },
    "spectral_rms": {
        "dmean": 0.00211162632331,
        "dmean2": 0.0033117569983,
        "dvar": 4.83539861307e-06,
        "dvar2": 1.18812304208e-05,
        "max": 0.024314424023,
        "mean": 0.00821413658559,
        "median": 0.00759916100651,
        "min": 0.00327198184095,
        "var": 9.33593673835e-06
    },
    "spectral_rolloff": {
        "dmean": 141.198669434,
        "dmean2": 223.487564087,
        "dvar": 72232.1796875,
        "dvar2": 150119.5625,
        "max": 3380.71289062,
        "mean": 356.987854004,
        "median": 258.3984375,
        "min": 43.06640625,
        "var": 119899.546875
    },
    "spectral_skewness": {
        "dmean": 0.981192648411,
        "dmean2": 1.51008248329,
        "dvar": 1.01364552975,
        "dvar2": 2.33513760567,
        "max": 11.3495168686,
        "mean": 3.53450775146,
        "median": 3.22605323792,
        "min": 0.529487550259,
        "var": 2.93498039246
    },
    "spectral_spread": {
        "dmean": 808257,
        "dmean2": 1213993.875,
        "dvar": 677421711360,
        "dvar2": 1.52769213235e+12,
        "max": 14722259,
        "mean": 3201944.75,
        "median": 2841814.25,
        "min": 596402.75,
        "var": 3.06880761037e+12
    },
    "spectral_strongpeak": {
        "dmean": 0.261892348528,
        "dmean2": 0.435378223658,
        "dvar": 0.257225543261,
        "dvar2": 0.609530627728,
        "max": 6.39425420761,
        "mean": 0.608551561832,
        "median": 0.456619977951,
        "min": 0,
        "var": 0.50585436821
    },
    "zerocrossingrate": {
        "dmean": 0.00368818640709,
        "dmean2": 0.00484234280884,
        "dvar": 1.85308344953e-05,
        "dvar2": 2.5249506507e-05,
        "max": 0.06005859375,
        "mean": 0.0126715218648,
        "median": 0.01025390625,
        "min": 0.00146484375,
        "var": 7.7089680417e-05
    },
    "barkbands": {
        "dmean": [0.00415580673143, 0.0314242020249, 0.00605965219438, 0.00218253489584, 0.00234093237668, 0.00189967732877, 0.000979008735158, 0.000477197318105, 0.00103418994695, 0.000313157972414, 0.000365404092008, 0.000243630958721, 0.000240879642661, 0.000359094468877, 0.000129360007122, 5.72160315642e-05, 3.73914808733e-05, 0.000192157531274, 0.000121965851577, 0.000105277038529, 6.0692349507e-05, 2.19152570935e-05, 1.09915863504e-05, 6.37264338366e-06, 4.51204596175e-06, 2.01669013222e-06, 3.59929597238e-09],
        "dmean2": [0.00663444632664, 0.0512438081205, 0.0102744130418, 0.00386694027111, 0.00385668617673, 0.00308914971538, 0.00150774593931, 0.00066229805816, 0.00145586230792, 0.000513982551638, 0.000613021140452, 0.000412645575125, 0.00039968881174, 0.000656316231471, 0.000230637888308, 9.6754032711e-05, 6.10619536019e-05, 0.000348730420228, 0.000201281349291, 0.000187590208952, 0.000100038872915, 3.47784625774e-05, 1.76959711098e-05, 9.79575179372e-06, 6.17904379396e-06, 2.81414600067e-06, 6.6249081776e-09],
        "dvar": [6.27678455203e-05, 0.00254860892892, 0.000408557534683, 5.0181432016e-05, 1.25433207359e-05, 6.95408107276e-06, 2.16129365072e-06, 1.96707810574e-06, 6.08763275523e-06, 9.01077100934e-07, 1.16535238703e-06, 6.0227148424e-07, 6.1475708435e-07, 2.88467140308e-06, 3.73225219619e-07, 5.31693125083e-08, 2.23903384722e-08, 9.89985096567e-07, 2.62909281901e-07, 2.60592827317e-07, 6.6238413865e-08, 6.06753181032e-09, 7.84591225322e-10, 1.84006129778e-10, 6.70470901021e-11, 1.70408045314e-11, 2.9472782715e-17],
        "dvar2": [0.000149060462718, 0.00683629745618, 0.00107975152787, 0.000133700494189, 3.31746778102e-05, 1.87337100215e-05, 5.23737935509e-06, 2.88957357952e-06, 1.15801331049e-05, 2.28331941798e-06, 3.21314519169e-06, 1.51988922426e-06, 1.52907512074e-06, 8.26104678708e-06, 1.05738467937e-06, 1.40860805686e-07, 4.93431251414e-08, 2.81099028143e-06, 5.55122142032e-07, 7.20816046851e-07, 1.7160793675e-07, 1.41532128239e-08, 2.04423522554e-09, 4.22599122363e-10, 1.160472482e-10, 3.23725872498e-11, 8.91330520464e-17],
        "max": [0.0689107254148, 0.436129808426, 0.23039162159, 0.0747735276818, 0.0345351099968, 0.0312068983912, 0.0192937888205, 0.0347518213093, 0.0543685182929, 0.0086726481095, 0.011729452759, 0.00684957019985, 0.00810319371521, 0.0165456403047, 0.00528568960726, 0.00220657791942, 0.00198033172637, 0.00920268427581, 0.00510391592979, 0.00532989017665, 0.00266768923029, 0.00118788902182, 0.000273513549473, 0.000195925167645, 0.000114971844596, 5.46222072444e-05, 7.03618638909e-08],
        "mean": [0.00551100634038, 0.0500167421997, 0.00547655299306, 0.00215608906001, 0.00384451192804, 0.00389386876486, 0.00204698299058, 0.00110765977297, 0.00248962640762, 0.000363003637176, 0.000449122831924, 0.000273103563813, 0.000266433344223, 0.000243789778324, 9.24205305637e-05, 4.81313800265e-05, 3.90890054405e-05, 0.000121969598695, 0.000116229035484, 6.9366164098e-05, 4.67590107291e-05, 2.11968181247e-05, 1.27065559354e-05, 9.9580256574e-06, 8.79169056134e-06, 3.2204134186e-06, 2.97292723772e-09],
        "median": [0.0023226425983, 0.0345353335142, 0.00170962000266, 0.00084021006478, 0.00274227140471, 0.00239723641425, 0.00107397942338, 0.000178701477125, 0.000422584707849, 7.37012087484e-05, 0.000115701710456, 2.9337239539e-05, 2.05087471841e-05, 1.21200246213e-05, 5.97467260377e-06, 4.13616317019e-06, 2.6069985779e-06, 2.3406305445e-06, 3.78058507522e-06, 2.57869646703e-06, 2.2371148134e-06, 1.78340428647e-06, 2.28391377277e-06, 2.18967238652e-06, 1.47658704464e-06, 3.98996263584e-07, 1.50806400701e-09],
        "min": [3.57375000704e-07, 0.000941544771194, 0.000211992766708, 1.04016853584e-05, 6.79266959196e-05, 3.73805551135e-06, 2.15237628254e-06, 1.88478986729e-06, 1.16739158784e-06, 4.54223282986e-07, 5.41247082708e-08, 6.08604864283e-08, 3.12667012281e-08, 3.32213581089e-08, 3.3183127357e-08, 3.45680284397e-08, 1.25758337077e-08, 3.42264421249e-08, 3.84610707727e-08, 2.78190661618e-08, 2.3685650774e-08, 8.93208973451e-09, 1.87155801967e-08, 2.97656543857e-09, 1.33806993263e-10, 2.52720674249e-11, 3.17817612505e-11],
        "var": [8.45472022775e-05, 0.00318536325358, 0.000298539031064, 3.5794757423e-05, 1.62866945175e-05, 2.21083519136e-05, 6.89925218467e-06, 1.06165143734e-05, 3.546431617e-05, 8.90655655894e-07, 1.15019338409e-06, 6.80772473061e-07, 7.72470855281e-07, 1.73706837359e-06, 2.34964474544e-07, 4.09831883985e-08, 2.55848586761e-08, 5.95246035573e-07, 2.69911282658e-07, 1.64512329093e-07, 4.98253029946e-08, 5.58888268998e-09, 7.34630078991e-10, 3.15933668116e-10, 2.51230092285e-10, 4.25004510751e-11, 2.30942474278e-17]
    },
    "erbbands": {
        "dmean": [1.13929569721, 6.40742778778, 9.52714061737, 6.71837902069, 6.2478260994, 8.55029964447, 12.5300788879, 16.5083045959, 11.8220367432, 13.9305372238, 10.6568717957, 24.6683521271, 12.5056171417, 15.7535028458, 12.5113782883, 10.0710687637, 11.1828632355, 16.9363174438, 10.0768079758, 5.3515162468, 3.42764854431, 2.42018246651, 9.00466060638, 8.08650112152, 5.49574756622, 4.8473405838, 4.0790476799, 1.61434316635, 0.904565751553, 0.439888745546, 0.305388003588, 0.171960026026, 0.0849447771907, 0.0487414933741, 0.038769390434, 0.0129776336253, 0.0032287449576, 0.000208479890716, 2.08329256566e-05, 4.62058669655e-05],
        "dmean2": [1.7755190134, 10.4833879471, 16.4556789398, 11.3803253174, 10.7348632812, 13.9333276749, 18.9275283813, 28.0242156982, 18.5052871704, 20.3542385101, 14.8014936447, 35.0528373718, 17.7636966705, 25.3459320068, 21.6043968201, 16.8569049835, 18.6324443817, 28.4344348907, 18.7030124664, 9.50108623505, 5.71780538559, 4.09503555298, 16.2780990601, 13.5263814926, 8.90386199951, 8.63620471954, 7.14462423325, 2.57741332054, 1.43955075741, 0.716182768345, 0.494314044714, 0.267782121897, 0.130735427141, 0.0723398253322, 0.0530929639935, 0.0181747172028, 0.00476433522999, 0.0003251140879, 3.24869688484e-05, 7.45487122913e-05],
        "dvar": [2.2176721096, 199.573318481, 1007.18951416, 394.67098999, 276.180755615, 113.366378784, 184.024917603, 771.319335938, 321.395233154, 549.059936523, 738.785339355, 4259.97851562, 814.895141602, 1977.15185547, 1882.78710938, 1097.40881348, 1324.55517578, 5498.13476562, 2277.15429688, 607.317260742, 193.00579834, 102.063941956, 2143.14599609, 1495.57617188, 468.105072021, 543.218078613, 369.741394043, 41.445148468, 11.8956127167, 1.5256370306, 0.629536390305, 0.139992326498, 0.0337183922529, 0.00662086112425, 0.00623284978792, 0.000749425031245, 5.25280629518e-05, 1.94904345108e-07, 9.07250330417e-10, 5.38721645071e-09],
        "dvar2": [5.08647251129, 529.131652832, 2709.73486328, 983.496032715, 731.573974609, 297.790344238, 372.79296875, 2324.14550781, 780.546020508, 1220.60461426, 1269.21936035, 8128.78564453, 1477.83605957, 5204.98828125, 5223.50195312, 2903.60498047, 3413.7253418, 14823.6269531, 6610.68554688, 1699.28894043, 496.271240234, 245.994842529, 6066.24511719, 3973.14990234, 946.863098145, 1501.22155762, 1005.27178955, 103.902557373, 28.6061019897, 3.79108023643, 1.62237346172, 0.338473439217, 0.0766157209873, 0.0129281571135, 0.0122005371377, 0.00134260812774, 0.000113437054097, 4.50865684343e-07, 2.35719577191e-09, 1.42754794652e-08],
        "max": [14.4530563354, 114.854469299, 327.742950439, 203.646209717, 175.295608521, 114.143844604, 272.279907227, 286.464660645, 204.611572266, 439.054016113, 656.637207031, 1520.09936523, 447.601898193, 420.950195312, 456.90057373, 263.04586792, 367.792419434, 731.795837402, 461.294555664, 210.868942261, 136.695861816, 95.1382904053, 429.826660156, 378.837554932, 202.117248535, 209.860519409, 224.027633667, 75.7118759155, 55.5792007446, 11.0945901871, 8.17611312866, 3.833101511, 3.141715765, 1.14674174786, 1.14086747169, 0.393385142088, 0.0975179672241, 0.00594973890111, 0.000270688731689, 0.000655804236885],
        "mean": [1.96775984764, 8.86115169525, 9.06472682953, 7.0667757988, 7.36719226837, 14.7631721497, 26.8720417023, 29.1910076141, 24.9384498596, 31.8084087372, 25.6196975708, 57.5603370667, 28.7702445984, 20.448217392, 12.9888944626, 10.39382267, 12.0108633041, 13.3912534714, 6.85015296936, 3.89033222198, 2.94881439209, 2.422311306, 5.78919219971, 5.96209764481, 5.2960934639, 3.19652700424, 2.77825570107, 1.39575028419, 0.855047762394, 0.464384108782, 0.356964290142, 0.243745565414, 0.138116061687, 0.0832331553102, 0.0711090415716, 0.0236327406019, 0.00438134744763, 0.0002489904291, 4.18267554778e-05, 8.65082474775e-05],
        "median": [1.4685600996, 4.94079113007, 2.79689693451, 2.74939346313, 2.82424855232, 10.9651031494, 17.9567775726, 12.198923111, 13.7813777924, 9.34865856171, 6.78496599197, 7.84404468536, 4.97812366486, 5.99768352509, 2.93090438843, 1.18481719494, 1.05887424946, 0.784603774548, 0.457282483578, 0.310050964355, 0.221553698182, 0.16257584095, 0.143784329295, 0.166374981403, 0.188821479678, 0.117001362145, 0.0961232185364, 0.0875341296196, 0.0654892250896, 0.0638740435243, 0.0658365190029, 0.0494509041309, 0.0341078862548, 0.0174633860588, 0.00914259720594, 0.00257883826271, 0.000546319934074, 3.59865261998e-05, 3.12194315484e-05, 6.53093884466e-05],
        "min": [0.0245224293321, 0.334947675467, 0.312388271093, 0.150754466653, 0.0721103921533, 0.325240373611, 0.367838293314, 0.100011758506, 0.0882321149111, 0.0524101927876, 0.0386830642819, 0.0338554792106, 0.022131703794, 0.0081348316744, 0.00186632142868, 0.00325535261072, 0.00197681621648, 0.00140058784746, 0.0017563868314, 0.00180503865704, 0.00164545420557, 0.00130884384271, 0.00275179021992, 0.00209262571298, 0.00196449342184, 0.00146504247095, 0.00093646888854, 0.000759057991672, 0.000458740716567, 0.000735648849513, 0.000485403346829, 0.00012255954789, 5.78340004722e-05, 2.93470966426e-05, 1.57916201715e-05, 8.80826428329e-06, 4.08159485232e-06, 3.91721414417e-07, 6.5273702603e-06, 1.36557546284e-05],
        "var": [3.79073095322, 187.646026611, 705.570617676, 336.631835938, 222.433319092, 188.89630127, 962.960144043, 1570.56433105, 920.039367676, 2628.33032227, 3732.37402344, 26097.859375, 3536.21533203, 2078.21362305, 1617.50964355, 1137.06066895, 1591.30566406, 3992.51708984, 1337.1472168, 391.480926514, 157.193145752, 103.233253479, 1299.79821777, 1074.77648926, 507.982025146, 344.047851562, 243.651290894, 34.2117156982, 10.4284496307, 1.37829351425, 0.594629585743, 0.197348222136, 0.0620141737163, 0.0210193395615, 0.0188327599317, 0.00224178563803, 8.79319486558e-05, 2.84190520006e-07, 1.27788835069e-09, 6.81571732386e-09]
    },
    "gfcc": {
        "mean": [-80.3587493896, 166.522155762, -53.4241333008, 28.239320755, -55.5748138428, 15.5323963165, -17.5653495789, 8.25455379486, -7.88732528687, 3.11135220528, 3.10826468468, -1.08091175556, 4.89133214951],
        "cov": [[4579.47509766, -1537.90368652, -1642.07897949, -144.007415771, -322.142425537, 495.946289062, -119.173629761, 458.571990967, -368.753448486, 508.472076416, -243.228347778, 225.714202881, -264.920623779], [-1537.90368652, 1777.31921387, -105.781410217, -689.058166504, 274.895294189, -393.41796875, 286.571746826, -231.052505493, 453.540863037, -289.606689453, 216.898284912, -179.745437622, 151.774353027], [-1642.07897949, -105.781410217, 1608.55273438, 439.03125, -84.1399078369, -13.8150348663, -165.089248657, -68.9956436157, -70.5702972412, -121.363937378, -55.9694633484, -62.007194519, 16.2989139557], [-144.007415771, -689.058166504, 439.03125, 729.399169922, -5.85660171509, 19.1015510559, -96.4837417603, -72.2702407837, -216.720245361, -24.6431865692, -42.5734405518, 30.029045105, -57.8346977234], [-322.142425537, 274.895294189, -84.1399078369, -5.85660171509, 346.412475586, -62.1308517456, 54.5014381409, -106.286972046, -18.1559028625, -83.6991195679, 48.1926383972, -35.4792938232, 13.7566413879], [495.946289062, -393.41796875, -13.8150348663, 19.1015510559, -62.1308517456, 254.859710693, -89.1868438721, 52.9747314453, -93.8367538452, 60.6737327576, -62.3825531006, 32.3377189636, -27.7916889191], [-119.173629761, 286.571746826, -165.089248657, -96.4837417603, 54.5014381409, -89.1868438721, 176.312698364, -28.8107337952, 88.0302429199, -38.494644165, 34.5414276123, -28.57954216, 15.7944355011], [458.571990967, -231.052505493, -68.9956436157, -72.2702407837, -106.286972046, 52.9747314453, -28.8107337952, 186.870407104, -34.7609214783, 85.4333267212, -40.8334655762, 17.2553901672, -21.2207660675], [-368.753448486, 453.540863037, -70.5702972412, -216.720245361, -18.1559028625, -93.8367538452, 88.0302429199, -34.7609214783, 237.955596924, -51.3166427612, 57.6254844666, -46.0189247131, 39.9477729797], [508.472076416, -289.606689453, -121.363937378, -24.6431865692, -83.6991195679, 60.6737327576, -38.494644165, 85.4333267212, -51.3166427612, 173.983856201, -41.2530632019, 36.5675125122, -20.3316936493], [-243.228347778, 216.898284912, -55.9694633484, -42.5734405518, 48.1926383972, -62.3825531006, 34.5414276123, -40.8334655762, 57.6254844666, -41.2530632019, 107.379676819, -12.1833543777, 19.7999305725], [225.714202881, -179.745437622, -62.007194519, 30.029045105, -35.4792938232, 32.3377189636, -28.57954216, 17.2553901672, -46.0189247131, 36.5675125122, -12.1833543777, 90.4356460571, -16.1581325531], [-264.920623779, 151.774353027, 16.2989139557, -57.8346977234, 13.7566413879, -27.7916889191, 15.7944355011, -21.2207660675, 39.9477729797, -20.3316936493, 19.7999305725, -16.1581325531, 81.8770904541]],
        "icov": [[0.00138388155028, -0.00050300557632, 0.00148948072456, -0.000594509881921, 0.000720496813301, -0.00141951232217, 0.000269724725513, -0.0014383958187, 0.00110709283035, -0.0013181733666, 0.00132261868566, -0.000381162419217, 0.00240338779986], [-0.00050300557632, 0.0166988521814, -0.00279315933585, 0.0156788900495, -0.00278576393612, 0.013209012337, -0.00415612850338, 0.0121596697718, -0.00429655425251, 0.0114021841437, -0.00679477350786, 0.00951950903982, -0.00359664508142], [0.00148948072456, -0.00279315933585, 0.00290063582361, -0.00326557946391, 0.00145891588181, -0.00299924053252, 0.00182161456905, -0.00306697236374, 0.00157427950762, -0.00216634152457, 0.0028389650397, -0.000877329031937, 0.00253774039447], [-0.000594509881921, 0.0156788900495, -0.00326557946391, 0.0174986999482, -0.0019547578413, 0.0131690790877, -0.00393272051588, 0.0131113650277, -0.00132576993201, 0.0111008808017, -0.00659665511921, 0.0089203864336, -0.00226256810129], [0.000720496813301, -0.00278576393612, 0.00145891588181, -0.0019547578413, 0.00545716146007, -0.00201929570176, 8.64108078531e-05, -0.000181010109372, 0.00396518362686, -0.00104261492379, 0.000671998772305, 9.42311962717e-05, 0.00182067148853], [-0.00141951232217, 0.013209012337, -0.00299924053252, 0.0131690790877, -0.00201929570176, 0.0171502828598, -0.00126006570645, 0.0106396107003, -0.00237783533521, 0.00966547988355, -0.0043444079347, 0.00761313410476, -0.00390461785719], [0.000269724725513, -0.00415612850338, 0.00182161456905, -0.00393272051588, 8.64108078531e-05, -0.00126006570645, 0.0102103231475, -0.0031205015257, -0.000907350273337, -0.00199820613489, 0.00249754404649, -0.00115179247223, 0.00133096147329], [-0.0014383958187, 0.0121596697718, -0.00306697236374, 0.0131113650277, -0.000181010109372, 0.0106396107003, -0.0031205015257, 0.0186826270074, -0.00157689931802, 0.00681417202577, -0.0049134530127, 0.00812238547951, -0.0029838825576], [0.00110709283035, -0.00429655425251, 0.00157427950762, -0.00132576993201, 0.00396518362686, -0.00237783533521, -0.000907350273337, -0.00157689931802, 0.0119053879753, -0.00233988463879, 0.000339223915944, 6.76533236401e-05, 0.00213135685772], [-0.0013181733666, 0.0114021841437, -0.00216634152457, 0.0111008808017, -0.00104261492379, 0.00966547988355, -0.00199820613489, 0.00681417202577, -0.00233988463879, 0.0177481453866, -0.00401784386486, 0.00537172239274, -0.00394062511623], [0.00132261868566, -0.00679477350786, 0.0028389650397, -0.00659665511921, 0.000671998772305, -0.0043444079347, 0.00249754404649, -0.0049134530127, 0.000339223915944, -0.00401784386486, 0.0167431551963, -0.00468452600762, 0.00217068055645], [-0.000381162419217, 0.00951950903982, -0.000877329031937, 0.0089203864336, 9.42311962717e-05, 0.00761313410476, -0.00115179247223, 0.00812238547951, 6.76533236401e-05, 0.00537172239274, -0.00468452600762, 0.0197891965508, -0.00116911379155], [0.00240338779986, -0.00359664508142, 0.00253774039447, -0.00226256810129, 0.00182067148853, -0.00390461785719, 0.00133096147329, -0.0029838825576, 0.00213135685772, -0.00394062511623, 0.00217068055645, -0.00116911379155, 0.0191180612892]]
    },
    "melbands": {
        "dmean": [0.00907709915191, 0.00639051757753, 0.00110487104394, 0.000524615868926, 0.000421643810114, 0.000358645309461, 0.000191169630853, 0.000146379476064, 8.37535480969e-05, 0.000169246777659, 6.04361339356e-05, 6.27858753433e-05, 4.47673592134e-05, 3.08755552396e-05, 2.10835714824e-05, 2.80612766801e-05, 3.3181564504e-05, 1.88769263332e-05, 9.74586237135e-06, 4.4645635171e-06, 3.886687864e-06, 1.96720816348e-06, 5.74765954298e-06, 1.0007101082e-05, 6.22069137535e-06, 5.44016438653e-06, 2.28066164709e-06, 3.53539553544e-06, 3.05369712805e-06, 1.75243008016e-06, 6.22889160695e-07, 5.55553697268e-07, 3.35534963369e-07, 2.27438818001e-07, 1.97749699282e-07, 1.32189626356e-07, 9.9246065588e-08, 6.72803537327e-08, 5.03655570583e-08, 4.17335179748e-08],
        "dmean2": [0.0146256424487, 0.0107368119061, 0.00186143408064, 0.000879257684574, 0.000641688820906, 0.000599676219281, 0.000300143612549, 0.000208934317925, 0.000118275893328, 0.000239122498897, 8.56338301674e-05, 0.000101599369373, 7.66264056438e-05, 5.23121198057e-05, 3.68628498109e-05, 4.30650252383e-05, 5.84436747886e-05, 3.56427335646e-05, 1.72938289325e-05, 7.80877235229e-06, 6.46077523925e-06, 3.17617286782e-06, 9.90854368865e-06, 1.83032007044e-05, 1.05750159491e-05, 8.91596664587e-06, 3.38476138495e-06, 6.55989424558e-06, 5.45131115359e-06, 2.97717679132e-06, 9.91674937723e-07, 8.90855574198e-07, 5.41850454283e-07, 3.71353849005e-07, 3.24286475006e-07, 2.13529816051e-07, 1.53940007408e-07, 1.04535267553e-07, 7.7867831294e-08, 6.36295069967e-08],
        "dvar": [0.000144101635669, 0.000336169498041, 1.0210437722e-05, 9.3124384648e-07, 1.68800227129e-07, 3.20399863085e-07, 7.92936916127e-08, 7.04506391003e-08, 4.11330525196e-08, 2.00779908255e-07, 1.96117913021e-08, 3.2587610832e-08, 2.19521041345e-08, 9.41211730776e-09, 6.06317618335e-09, 9.39958244572e-09, 2.34430022061e-08, 8.07757682963e-09, 2.06148764725e-09, 3.62207430715e-10, 2.48838116779e-10, 5.61916554953e-11, 8.06041622337e-10, 2.71645217431e-09, 9.16202225199e-10, 4.64240507148e-10, 7.91723631099e-11, 3.21520449154e-10, 2.26428042982e-10, 5.768091213e-11, 5.34849508432e-12, 5.02371928779e-12, 1.05042179382e-12, 3.80003645738e-13, 2.79314711551e-13, 1.07805386525e-13, 4.86368757768e-14, 2.10945779751e-14, 9.4154183419e-15, 4.88066906362e-15],
        "dvar2": [0.00036983852624, 0.000897909398191, 2.49290678767e-05, 2.50034850069e-06, 3.64222159988e-07, 9.38376842896e-07, 1.94900749761e-07, 1.35154309078e-07, 7.72174999497e-08, 3.8140311176e-07, 3.56435165827e-08, 8.57608100091e-08, 6.12145427681e-08, 2.35132784354e-08, 1.80710291176e-08, 2.04684376115e-08, 6.54980993886e-08, 2.37064394781e-08, 5.80435344233e-09, 9.9812336174e-10, 6.26374119239e-10, 1.29927874015e-10, 2.19729057171e-09, 7.75596831204e-09, 2.46754128241e-09, 9.64737179032e-10, 1.69123964833e-10, 9.14494480142e-10, 6.26383778179e-10, 1.53587961793e-10, 1.23548931502e-11, 1.23057883328e-11, 2.45047580318e-12, 1.00193312848e-12, 7.23680772426e-13, 2.88731359785e-13, 1.16994196449e-13, 4.99686690679e-14, 2.12748858786e-14, 1.02728511597e-14],
        "max": [0.107299290597, 0.168796166778, 0.0346826799214, 0.0093721691519, 0.00790099240839, 0.00582949398085, 0.00302888243459, 0.00490197958425, 0.00446087215096, 0.0101454220712, 0.00212293141522, 0.00168892880902, 0.00161985622253, 0.000803941569757, 0.000762854586355, 0.00106515781954, 0.00152554188389, 0.000873172772117, 0.000389989902033, 0.000193764702999, 0.000160274925292, 0.000101111603726, 0.000275073631201, 0.000471166131319, 0.000293039891403, 0.00019973583403, 9.51362962951e-05, 0.000162300551892, 0.000189388156286, 7.51324550947e-05, 2.82718847302e-05, 3.83260376111e-05, 1.03665215647e-05, 5.53334712095e-06, 4.82547739011e-06, 4.92551544085e-06, 2.84372231363e-06, 2.4691910312e-06, 1.32372827011e-06, 1.04157879832e-06],
        "mean": [0.0155552364886, 0.00730779813603, 0.00118834013119, 0.000777800392825, 0.00089152896544, 0.000674767477904, 0.000407092680689, 0.000340054568369, 0.000185851182323, 0.000397715601139, 0.000131606866489, 7.84962030593e-05, 4.86388016725e-05, 3.43336614606e-05, 1.97156059585e-05, 3.15356664942e-05, 2.40940098593e-05, 1.21751290862e-05, 6.9795228228e-06, 3.47370246345e-06, 3.36874313689e-06, 2.01477678274e-06, 4.02757632401e-06, 6.22889911028e-06, 4.48040827905e-06, 5.10828385814e-06, 2.07645916817e-06, 2.16798753172e-06, 1.99252349375e-06, 1.27080636503e-06, 6.2463567474e-07, 5.11437917794e-07, 3.29209939309e-07, 2.37274591086e-07, 2.1540392936e-07, 1.68862158034e-07, 1.43891242033e-07, 1.02109439126e-07, 7.73500232754e-08, 6.52943796808e-08],
        "median": [0.0111768431962, 0.00295638851821, 0.000470827013487, 0.00046666819253, 0.000647619948722, 0.000333579519065, 0.000242874913965, 7.77991008363e-05, 3.92560505134e-05, 5.00352361996e-05, 2.23720599024e-05, 2.20137480937e-05, 1.25882115753e-05, 3.38727772942e-06, 1.77400715984e-06, 2.19612388719e-06, 1.232337695e-06, 6.61455999307e-07, 4.58656046476e-07, 3.17433659802e-07, 2.22184041831e-07, 1.58101528314e-07, 1.3742020144e-07, 1.01985143885e-07, 1.0782017057e-07, 1.40492488754e-07, 1.14837291676e-07, 5.6664131165e-08, 5.98394649387e-08, 4.76132271388e-08, 4.97647185682e-08, 3.50563382767e-08, 3.57023637321e-08, 3.53176083934e-08, 3.74671955683e-08, 3.36755121566e-08, 2.60314987344e-08, 2.35153887473e-08, 1.71191700815e-08, 1.28798305354e-08],
