{
"highlevel": {
    "danceability": {
        "all": {
            "danceable": 1.39193548421e-06,
            "not_danceable": 0.999998629093
        },
        "probability": 0.999998629093,
        "value": "not_danceable"
    },
    "gender": {
        "all": {
            "female": 0.635845124722,
            "male": 0.364154875278
        },
        "probability": 0.635845124722,
        "value": "female"
    },
    "genre_dortmund": {
        "all": {
            "alternative": 0.0724138468504,
            "blues": 0.00101066497155,
            "electronic": 0.055896744132,
            "folkcountry": 0.0942628234625,
            "funksoulrnb": 0.00233290181495,
            "jazz": 0.723723113537,
            "pop": 0.0443032793701,
            "raphiphop": 0.000476286571939,
            "rock": 0.00558031955734
        },
        "probability": 0.723723113537,
        "value": "jazz"
    },
    "genre_electronic": {
        "all": {
            "ambient": 0.98763781786,
            "dnb": 0.000262806046521,
            "house": 0.00914149545133,
            "techno": 0.00154728197958,
            "trance": 0.00141058012377
        },
        "probability": 0.98763781786,
        "value": "ambient"
    },
    "genre_rosamerica": {
        "all": {
            "cla": 0.670549273491,
            "dan": 0.00217657000758,
            "hip": 0.00658979266882,
            "jaz": 0.21088346839,
            "pop": 0.0101061221212,
            "rhy": 0.0780862867832,
            "roc": 0.00302740326151,
            "spe": 0.0185810793191
        },
        "probability": 0.670549273491,
        "value": "cla"
    },
    "genre_tzanetakis": {
        "all": {
            "blu": 0.943230986595,
            "cla": 0.042214140296,
            "cou": 0.00419071270153,
            "dis": 0.0014380539069,
            "hip": 0.000685270642862,
            "jaz": 0.00411448581144,
            "met": 0.000600571162067,
            "pop": 0.000744841410778,
            "reg": 0.000745130411815,
            "roc": 0.0020357829053
        },
        "probability": 0.943230986595,
        "value": "blu"
    },
    "ismir04_rhythm": {
        "all": {
            "ChaChaCha": 0.00555302202702,
            "Jive": 0.00309399468824,
            "Quickstep": 0.0055029517971,
            "Rumba-American": 0.00724981585518,
            "Rumba-International": 0.250347644091,
            "Rumba-Misc": 0.080347366631,
            "Samba": 0.00459741009399,
            "Tango": 0.00745155708864,
            "VienneseWaltz": 0.0728891640902,
            "Waltz": 0.562967061996
        },
        "probability": 0.562967061996,
        "value": "Waltz"
    },
    "mood_acoustic": {
        "all": {
            "acoustic": 0.99360537529,
            "not_acoustic": 0.00639460189268
        },
        "probability": 0.99360537529,
        "value": "acoustic"
    },
    "mood_aggressive": {
        "all": {
            "aggressive": 0.0147830946371,
            "not_aggressive": 0.985216915607
        },
        "probability": 0.985216915607,
        "value": "not_aggressive"
    },
    "mood_electronic": {
        "all": {
            "electronic": 0.0704430118203,
            "not_electronic": 0.929556965828
        },
        "probability": 0.929556965828,
        "value": "not_electronic"
    },
    "mood_happy": {
        "all": {
            "happy": 3.13592886414e-06,
            "not_happy": 0.999996840954
        },
        "probability": 0.999996840954,
        "value": "not_happy"
    },
    "mood_party": {
        "all": {
            "not_party": 0.999742209911,
            "party": 0.000257795298239
        },
        "probability": 0.999742209911,
        "value": "not_party"
    },
    "mood_relaxed": {
        "all": {
            "not_relaxed": 0.00879627931863,
            "relaxed": 0.991203725338
        },
        "probability": 0.991203725338,
        "value": "relaxed"
    },
    "mood_sad": {
        "all": {
            "not_sad": 0.145220547915,
            "sad": 0.854779422283
        },
        "probability": 0.854779422283,
        "value": "sad"
    },
    "moods_mirex": {
        "all": {
            "Cluster1": 0.0232189092785,
            "Cluster2": 0.044085867703,
            "Cluster3": 0.881504714489,
            "Cluster4": 0.0480156838894,
            "Cluster5": 0.0031748493202
        },
        "probability": 0.881504714489,
        "value": "Cluster3"
    },
    "timbre": {
        "all": {
            "bright": 0.566626727581,
            "dark": 0.433373272419
        },
        "probability": 0.566626727581,
        "value": "bright"
    },
    "tonal_atonal": {
        "all": {
            "atonal": 0.0100706890225,
            "tonal": 0.989929318428
        },
        "probability": 0.989929318428,
        "value": "tonal"
    },
    "voice_instrumental": {
        "all": {
            "instrumental": 0.950517892838,
            "voice": 0.0494821332395
        },
        "probability": 0.950517892838,
        "value": "instrumental"
    }
},
"lowlevel": {
    "average_loudness": 0.961565077305,
    "barkbands_crest": {
        "dmean": 1.76439011097,
        "dmean2": 2.87810015678,
        "dvar": 3.6310479641,
        "dvar2": 7.85367965698,
        "max": 22.632484436,
        "mean": 12.6080989838,
        "median": 11.7708406448,
        "min": 5.78684902191,
        "var": 13.2482147217
    },
    "barkbands_flatness_db": {
        "dmean": 0.0261145699769,
        "dmean2": 0.0452192462981,
        "dvar": 0.000554574595299,
        "dvar2": 0.00137757766061,
        "max": 0.660434126854,
        "mean": 0.508109390736,
        "median": 0.514404416084,
        "min": 0.191435173154,
        "var": 0.00397755857557
    },
    "barkbands_kurtosis": {
        "dmean": 0.948582053185,
        "dmean2": 1.45437967777,
        "dvar": 2.97488594055,
        "dvar2": 6.1672706604,
        "max": 37.0126647949,
        "mean": 1.35588359833,
        "median": 0.769680500031,
        "min": -1.58905100822,
        "var": 8.43695735931
    },
    "barkbands_skewness": {
        "dmean": 0.278036266565,
        "dmean2": 0.425473660231,
        "dvar": 0.091945014894,
        "dvar2": 0.202481642365,
        "max": 4.75815153122,
        "mean": 0.95487678051,
        "median": 0.916012227535,
        "min": -0.810728728771,
        "var": 0.443434208632
    },
    "barkbands_spread": {
        "dmean": 0.336551368237,
        "dmean2": 0.520622014999,
        "dvar": 0.134095162153,
        "dvar2": 0.315437018871,
        "max": 7.09323453903,
        "mean": 2.4911942482,
        "median": 2.23120141029,
        "min": 0.548750698566,
        "var": 1.46937525272
    },
    "dissonance": {
        "dmean": 0.0611527748406,
        "dmean2": 0.104612059891,
        "dvar": 0.00324817490764,
        "dvar2": 0.00820422917604,
        "max": 0.494029790163,
        "mean": 0.250725775957,
        "median": 0.242792934179,
        "min": 0.0375608280301,
        "var": 0.0102061256766
    },
    "dynamic_complexity": 2.03455543518,
    "erbbands_crest": {
        "dmean": 1.73211181164,
        "dmean2": 2.67751526833,
        "dvar": 2.73021817207,
        "dvar2": 6.79011154175,
        "max": 26.5715274811,
        "mean": 11.6686096191,
        "median": 10.9854393005,
        "min": 5.11637306213,
        "var": 14.0365562439
    },
    "erbbands_flatness_db": {
        "dmean": 0.0170567501336,
        "dmean2": 0.0288250111043,
        "dvar": 0.000292068929411,
        "dvar2": 0.000640011916403,
        "max": 0.556185662746,
        "mean": 0.444810569286,
        "median": 0.445644378662,
        "min": 0.181928217411,
        "var": 0.00151516357437
    },
    "erbbands_kurtosis": {
        "dmean": 0.673987269402,
        "dmean2": 1.01538991928,
        "dvar": 1.13027799129,
        "dvar2": 2.24126267433,
        "max": 15.5900478363,
        "mean": 0.671677052975,
        "median": -0.126899242401,
        "min": -1.49991548061,
        "var": 5.47823858261
    },
    "erbbands_skewness": {
        "dmean": 0.222499713302,
        "dmean2": 0.331601947546,
        "dvar": 0.0586026310921,
        "dvar2": 0.127058073878,
        "max": 2.51905059814,
        "mean": 0.30322021246,
        "median": 0.148275360465,
        "min": -1.04290390015,
        "var": 0.367271274328
    },
    "erbbands_spread": {
        "dmean": 0.938722848892,
        "dmean2": 1.38078093529,
        "dvar": 1.19738745689,
        "dvar2": 2.43444919586,
        "max": 19.2691192627,
        "mean": 7.02492141724,
        "median": 6.10266971588,
        "min": 1.73155033588,
        "var": 13.4514379501
    },
    "hfc": {
        "dmean": 1.46201133728,
        "dmean2": 2.21602845192,
        "dvar": 2.63681530952,
        "dvar2": 6.01041173935,
        "max": 28.4075107574,
        "mean": 9.48129367828,
        "median": 8.39839553833,
        "min": 1.00576591492,
        "var": 27.3394203186
    },
    "melbands_crest": {
        "dmean": 1.95306754112,
        "dmean2": 3.22998952866,
        "dvar": 4.03274154663,
        "dvar2": 10.3354940414,
        "max": 26.9956912994,
        "mean": 16.356300354,
        "median": 16.0445175171,
        "min": 7.79086494446,
        "var": 12.4777193069
    },
    "melbands_flatness_db": {
        "dmean": 0.025083264336,
        "dmean2": 0.0423021912575,
        "dvar": 0.000582094769925,
        "dvar2": 0.00133590912446,
        "max": 0.817978858948,
        "mean": 0.646160423756,
        "median": 0.65330272913,
        "min": 0.29603639245,
        "var": 0.00546496128663
    },
    "melbands_kurtosis": {
        "dmean": 1.22138488293,
        "dmean2": 1.87984955311,
        "dvar": 4.02121114731,
        "dvar2": 8.81293773651,
        "max": 47.6091308594,
        "mean": 2.67551088333,
        "median": 1.74290323257,
        "min": -1.12953460217,
        "var": 14.9116773605
    },
    "melbands_skewness": {
        "dmean": 0.267956286669,
        "dmean2": 0.41663902998,
        "dvar": 0.0726666972041,
        "dvar2": 0.172662988305,
        "max": 5.04555702209,
        "mean": 1.33512318134,
        "median": 1.28780555725,
        "min": -0.183207347989,
        "var": 0.361411601305
    },
    "melbands_spread": {
        "dmean": 0.491058766842,
        "dmean2": 0.74893450737,
        "dvar": 0.312397688627,
        "dvar2": 0.69811719656,
        "max": 10.7840337753,
        "mean": 3.43301177025,
        "median": 2.9687564373,
        "min": 0.620674729347,
        "var": 3.59629631042
    },
    "pitch_salience": {
        "dmean": 0.0522178262472,
        "dmean2": 0.0835304409266,
        "dvar": 0.00240275543183,
        "dvar2": 0.00565269822255,
        "max": 0.835793018341,
        "mean": 0.563186764717,
        "median": 0.559153258801,
        "min": 0.279584854841,
        "var": 0.00868972577155
    },
    "silence_rate_20dB": {
        "dmean": 0,
        "dmean2": 0,
        "dvar": 0,
        "dvar2": 0,
        "max": 1,
        "mean": 1,
        "median": 1,
        "min": 1,
        "var": 0
    },
    "silence_rate_30dB": {
        "dmean": 0.00154798757285,
        "dmean2": 0.00309837330133,
        "dvar": 0.00154558476061,
        "dvar2": 0.00463792635128,
        "max": 1,
        "mean": 0.999226629734,
        "median": 1,
        "min": 0,
        "var": 0.000772795989178
    },
    "silence_rate_60dB": {
        "dmean": 0,
        "dmean2": 0,
        "dvar": 0,
        "dvar2": 0,
        "max": 0,
        "mean": 0,
        "median": 0,
        "min": 0,
        "var": 0
    },
    "spectral_centroid": {
        "dmean": 17.5170345306,
        "dmean2": 26.4120559692,
        "dvar": 371.73260498,
        "dvar2": 743.278686523,
        "max": 566.526245117,
        "mean": 279.74041748,
        "median": 278.298675537,
        "min": 136.234146118,
        "var": 4440.01953125
    },
    "spectral_complexity": {
        "dmean": 0.802631556988,
        "dmean2": 1.37877619267,
        "dvar": 0.707949638367,
        "dvar2": 1.61252248287,
        "max": 13,
        "mean": 6.63727760315,
        "median": 6,
        "min": 1,
        "var": 3.94653606415
    },
    "spectral_decrease": {
        "dmean": 1.60762991808e-09,
        "dmean2": 2.56907584095e-09,
        "dvar": 2.65537694531e-18,
        "dvar2": 6.68033833753e-18,
        "max": -2.18588702694e-09,
        "mean": -1.01436370414e-08,
        "median": -9.74187841507e-09,
        "min": -3.23556861304e-08,
        "var": 1.63723213442e-17
    },
    "spectral_energy": {
        "dmean": 0.00618101330474,
        "dmean2": 0.009875042364,
        "dvar": 3.91893627238e-05,
        "dvar2": 9.86966260825e-05,
        "max": 0.123270861804,
        "mean": 0.0391443967819,
        "median": 0.0376143269241,
        "min": 0.00838391575962,
        "var": 0.000243959118961
    },
    "spectral_energyband_high": {
        "dmean": 5.10375031126e-08,
        "dmean2": 6.77367850699e-08,
        "dvar": 6.68724190606e-13,
        "dvar2": 6.69071297931e-13,
        "max": 2.48784126597e-05,
        "mean": 7.49988871007e-08,
        "median": 3.53334748127e-08,
        "min": 8.41728642342e-09,
        "var": 6.69517176075e-13
    },
    "spectral_energyband_low": {
        "dmean": 0.00345516530797,
        "dmean2": 0.00507390825078,
        "dvar": 3.00490355585e-05,
        "dvar2": 5.87729045947e-05,
        "max": 0.108366645873,
        "mean": 0.0130202062428,
        "median": 0.0111713036895,
        "min": 2.41802608798e-05,
        "var": 0.000183782380191
    },
    "spectral_energyband_middle_high": {
        "dmean": 0.000157401518663,
        "dmean2": 0.000197246336029,
        "dvar": 1.32663600994e-07,
        "dvar2": 2.18251400952e-07,
        "max": 0.00596974929795,
        "mean": 0.000598347978666,
        "median": 6.60354344291e-05,
        "min": 1.4181256347e-07,
        "var": 1.24766575027e-06
    },
    "spectral_energyband_middle_low": {
        "dmean": 0.00513865239918,
        "dmean2": 0.008071327582,
        "dvar": 3.56787386409e-05,
        "dvar2": 8.18312546471e-05,
        "max": 0.0844180956483,
        "mean": 0.0275895576924,
        "median": 0.0235965326428,
        "min": 0.000682972895447,
        "var": 0.000281377113424
    },
    "spectral_entropy": {
        "dmean": 0.135788112879,
        "dmean2": 0.221026390791,
        "dvar": 0.0242485571653,
        "dvar2": 0.0577812828124,
        "max": 6.82008552551,
        "mean": 4.72434329987,
        "median": 4.71102714539,
        "min": 3.82480430603,
        "var": 0.132542863488
    },
    "spectral_flux": {
        "dmean": 0.0283983573318,
        "dmean2": 0.0479093417525,
        "dvar": 0.00143320253119,
        "dvar2": 0.00359916943125,
        "max": 0.258294939995,
        "mean": 0.0532453842461,
        "median": 0.0400924533606,
        "min": 0.00799925625324,
        "var": 0.00161474675406
    },
    "spectral_kurtosis": {
        "dmean": 83.379776001,
        "dmean2": 147.594482422,
        "dvar": 5156.92822266,
        "dvar2": 16311.5224609,
        "max": 612.504394531,
        "mean": 285.965576172,
        "median": 276.758636475,
        "min": 15.5743522644,
        "var": 10266.8085938
    },
    "spectral_rms": {
        "dmean": 0.000477626774227,
        "dmean2": 0.000760561379138,
        "dvar": 2.03427774181e-07,
        "dvar2": 5.14811574703e-07,
        "max": 0.0109665058553,
        "mean": 0.006054433994,
        "median": 0.00605779699981,
        "min": 0.00285997032188,
        "var": 1.53354073973e-06
    },
    "spectral_rolloff": {
        "dmean": 37.216342926,
        "dmean2": 65.0830612183,
        "dvar": 3627.46289062,
        "dvar2": 7561.23925781,
        "max": 990.52734375,
        "mean": 377.722045898,
        "median": 366.064453125,
        "min": 107.666015625,
        "var": 23177.1132812
    },
    "spectral_skewness": {
        "dmean": 1.94149053097,
        "dmean2": 3.39430761337,
        "dvar": 2.82803654671,
        "dvar2": 7.83062267303,
        "max": 20.6176605225,
        "mean": 13.8369722366,
        "median": 14.0595788956,
        "min": 3.4141125679,
        "var": 7.67415428162
    },
    "spectral_spread": {
        "dmean": 354859.125,
        "dmean2": 651401.375,
        "dvar": 94781431808,
        "dvar2": 291073163264,
        "max": 3723392.5,
        "mean": 625942.1875,
        "median": 568344.4375,
        "min": 137807.609375,
        "var": 111311101952
    },
    "spectral_strongpeak": {
        "dmean": 0.187376111746,
        "dmean2": 0.312072664499,
        "dvar": 0.0692909806967,
        "dvar2": 0.154120489955,
        "max": 3.08131527901,
        "mean": 0.87607973814,
        "median": 0.791333258152,
        "min": 0.0631836131215,
        "var": 0.254726737738
    },
    "zerocrossingrate": {
        "dmean": 0.00111866288353,
        "dmean2": 0.00148488942068,
        "dvar": 1.05821970919e-06,
        "dvar2": 1.6969763692e-06,
        "max": 0.0205078125,
        "mean": 0.00934342946857,
        "median": 0.00927734375,
        "min": 0.00244140625,
        "var": 1.04552482298e-05
    },
    "barkbands": {
        "dmean": [1.86519937415e-05, 0.0017708215164, 0.00201613898389, 0.00169106549583, 0.00370531040244, 0.00187422765885, 0.000637510849629, 0.000392464164179, 0.000329884118401, 7.69486359786e-05, 9.81281918939e-05, 2.84681555058e-05, 1.2916653759e-05, 6.85751820129e-06, 1.85880310255e-06, 6.50475044495e-07, 9.08628621232e-08, 4.3424495999e-08, 2.04286898509e-08, 1.17268941224e-08, 9.04786201517e-09, 8.3948403784e-09, 8.4763147612e-09, 6.23976514902e-09, 7.56981055616e-09, 5.75920022783e-09, 3.22633808558e-09],
        "dmean2": [3.14253447868e-05, 0.00238160020672, 0.00322297844104, 0.00273990863934, 0.00578196067363, 0.00266684102826, 0.000929059227929, 0.000573706929572, 0.000438078452135, 9.90566622932e-05, 0.000135094072903, 3.54738585884e-05, 1.64863140526e-05, 9.62300327956e-06, 2.01898569685e-06, 7.93894230355e-07, 1.27783735593e-07, 6.3344785417e-08, 2.8522009643e-08, 1.6581326534e-08, 1.25561108177e-08, 1.12662492668e-08, 1.08413420463e-08, 8.40489455811e-09, 9.49719769494e-09, 7.53101581097e-09, 5.10546271926e-09],
        "dvar": [1.19377252528e-09, 1.43639726957e-05, 1.41973623613e-05, 8.40481425257e-06, 2.76097725873e-05, 7.48242518966e-06, 1.64730329288e-06, 5.0954110975e-07, 4.99212887917e-07, 4.38333103148e-08, 6.16523365693e-08, 6.4517897691e-09, 1.7379996331e-09, 9.52370515783e-10, 9.30363425189e-11, 1.10048394009e-11, 1.28438533138e-13, 5.70465305853e-14, 3.52349205856e-14, 1.78686479133e-14, 1.39290256778e-14, 1.58620183909e-14, 2.17159105233e-14, 8.27192725124e-15, 2.13177118644e-14, 9.21433017913e-15, 8.74486185047e-16],
        "dvar2": [2.76274225719e-09, 2.31814992731e-05, 3.02545286104e-05, 1.60657145898e-05, 6.57869095448e-05, 1.77056044777e-05, 2.87826014755e-06, 1.07182938791e-06, 9.67223854786e-07, 6.7249317226e-08, 1.20320123642e-07, 9.93329418719e-09, 2.94982549498e-09, 1.99674721202e-09, 9.77648240141e-11, 1.36941924814e-11, 1.97975357353e-13, 8.52661921646e-14, 3.76084492053e-14, 1.80493031003e-14, 1.39368836025e-14, 1.58598398222e-14, 2.17429427327e-14, 8.28677658584e-15, 2.13303174087e-14, 9.21622583886e-15, 8.82611136836e-16],
        "max": [0.000725299061742, 0.0886319577694, 0.0399707444012, 0.031912215054, 0.0620753541589, 0.0427457503974, 0.0218905489892, 0.00746859842911, 0.0174274668097, 0.00462063588202, 0.00357769406401, 0.00212718429975, 0.000959163648076, 0.000611962226685, 0.000309823575662, 9.89606414805e-05, 6.91047625878e-06, 5.43532587471e-06, 5.50592358195e-06, 3.55444694833e-06, 3.05542835122e-06, 3.84356962968e-06, 4.85901909997e-06, 2.62991193267e-06, 4.88628802486e-06, 2.76665468846e-06, 8.69455107022e-07],
        "mean": [3.25633736793e-05, 0.00584159512073, 0.00509158056229, 0.00539232697338, 0.0129430154338, 0.00484519824386, 0.00212528789416, 0.00117215211503, 0.00104976515286, 0.000227366777835, 0.000285462010652, 7.93715444161e-05, 3.51343260263e-05, 1.73125245055e-05, 4.28513885709e-06, 1.63557388078e-06, 1.97552907366e-07, 8.69554384053e-08, 3.62340060178e-08, 1.94029308176e-08, 1.51802872494e-08, 1.3286189926e-08, 1.22483037046e-08, 8.13492384566e-09, 8.08708300326e-09, 5.54851276036e-09, 2.77041856123e-09],
        "median": [8.56001679495e-06, 0.00142838503234, 0.00222904095426, 0.00274939392693, 0.00961312558502, 0.0030898808036, 0.000549413787667, 0.000451478175819, 0.00036185447243, 3.27798297803e-05, 2.34107028518e-05, 5.74531895836e-06, 1.98070483748e-06, 7.0717271683e-07, 9.74516609631e-08, 4.06255971086e-08, 1.65851634648e-08, 1.09784892288e-08, 9.57357215725e-09, 8.58396376202e-09, 8.67111982217e-09, 7.39666683458e-09, 6.22518836479e-09, 4.40494263287e-09, 2.24622187517e-09, 9.68436220106e-10, 6.59693077942e-10],
        "min": [7.16018888625e-08, 4.10973825637e-07, 8.61122202878e-07, 2.92381696454e-06, 7.0321795647e-05, 1.21389175547e-05, 2.60387560047e-06, 1.85190842217e-07, 1.58532685646e-07, 4.26843271839e-08, 1.98652045924e-08, 7.41610994837e-09, 6.04932903769e-09, 3.67488151021e-09, 2.63412180956e-09, 1.47204370915e-09, 1.74975112177e-09, 1.67685942909e-09, 1.42748934895e-09, 2.04669126092e-09, 2.55352539114e-09, 1.59272528499e-09, 9.00521393565e-11, 3.4098494861e-11, 5.90683890689e-11, 8.04243407981e-11, 1.27372265513e-10],
        "var": [6.88419277139e-09, 0.000103035017673, 4.63886863145e-05, 3.8187874452e-05, 0.000123712117784, 3.24107168126e-05, 9.21171704249e-06, 2.28541148317e-06, 2.4319961085e-06, 2.87979815994e-07, 3.58279237389e-07, 3.71647317365e-08, 1.033408914e-08, 3.35388561368e-09, 5.09972564178e-10, 7.13215875248e-11, 3.80583043379e-13, 1.15332073861e-13, 4.07465368683e-14, 1.82492994376e-14, 1.39777952938e-14, 1.58828350726e-14, 2.17323683734e-14, 8.28319109537e-15, 2.13292416769e-14, 9.22295890376e-15, 8.76829342877e-16]
    },
    "erbbands": {
        "dmean": [0.0292672496289, 0.490261822939, 2.08479642868, 3.28362488747, 9.91202163696, 16.9619140625, 7.94687175751, 20.812543869, 8.47661685944, 9.69814109802, 6.04484605789, 5.97700357437, 5.43172550201, 3.16402459145, 2.59559583664, 1.13174438477, 0.614107847214, 0.4061434865, 0.141035884619, 0.0504466295242, 0.0177641734481, 0.00633692368865, 0.00252818549052, 0.00131107983179, 0.000838689389639, 0.00055115314899, 0.000411405984778, 0.00033502158476, 0.000292046024697, 0.000300118263112, 0.000231378886383, 0.000143507102621, 0.000102027399407, 8.30985882203e-05, 5.4374562751e-05, 2.79962478089e-05, 1.00800416476e-05, 2.6217960567e-06, 2.92231902677e-06, 6.7367959673e-06],
        "dmean2": [0.0395173244178, 0.66243827343, 3.27797460556, 5.3789806366, 15.9662885666, 26.1602287292, 11.3173151016, 29.646062851, 12.8317708969, 14.3146314621, 8.13310909271, 7.85274934769, 7.22275066376, 4.06905937195, 3.418227911, 1.34496998787, 0.738391041756, 0.557550549507, 0.153810203075, 0.0623489841819, 0.0223117787391, 0.00848128832877, 0.00359388883226, 0.0017384190578, 0.00118373509031, 0.000768857542425, 0.000574709905777, 0.000464163866127, 0.000399505312089, 0.000386361090932, 0.000298006547382, 0.000194198233658, 0.000134913367219, 0.000105001709017, 6.77034404362e-05, 3.51841226802e-05, 1.3289155504e-05, 3.76073421648e-06, 4.54536757388e-06, 1.07692239908e-05],
        "dvar": [0.00416151247919, 1.00979268551, 13.5698261261, 21.2240924835, 170.792419434, 1074.1998291, 115.567420959, 1170.94848633, 206.439575195, 464.041412354, 113.95223999, 250.739700317, 123.991531372, 60.240562439, 50.0939025879, 13.9891366959, 3.6373064518, 3.10817670822, 0.395845323801, 0.0543254539371, 0.00623469008133, 0.000700500851963, 0.000192521547433, 9.80992117547e-05, 7.29414314264e-05, 4.17673909396e-05, 2.71283042821e-05, 1.88378071471e-05, 1.6727592083e-05, 2.7442449209e-05, 1.56057012646e-05, 4.16931334257e-06, 2.48523315349e-06, 2.33406740335e-06, 1.11546080461e-06, 2.65806647803e-07, 2.32386874188e-08, 1.12198828006e-09, 2.33995305771e-11, 4.63141434925e-11],
        "dvar2": [0.00710588274524, 1.64101612568, 29.0555019379, 46.9708061218, 376.595184326, 2369.51367188, 209.559234619, 2856.13989258, 414.469787598, 887.495544434, 176.564865112, 483.258422852, 251.140426636, 111.973808289, 88.0083770752, 19.6582565308, 5.84455728531, 6.44746017456, 0.437860399485, 0.0739599391818, 0.00800729822367, 0.00099968793802, 0.000267892028205, 0.000108751257358, 7.55144283175e-05, 4.21234071837e-05, 2.71229382633e-05, 1.8857217583e-05, 1.67306807271e-05, 2.74587309832e-05, 1.56188725668e-05, 4.17520050178e-06, 2.48906826528e-06, 2.33448008657e-06, 1.11607823783e-06, 2.6579976975e-07, 2.32259242949e-08, 1.12230313931e-09, 3.34166617988e-11, 1.16974790965e-10],
        "max": [1.21931755543, 23.6290397644, 37.9598846436, 55.304233551, 178.956085205, 361.58404541, 214.189865112, 515.614013672, 396.085144043, 281.406829834, 154.382064819, 453.56817627, 171.273757935, 115.904136658, 143.998077393, 110.597412109, 38.4306030273, 34.8257484436, 19.6980495453, 6.80196046829, 2.27145552635, 0.555732786655, 0.331086248159, 0.271550625563, 0.247883200645, 0.174485087395, 0.137597128749, 0.115150429308, 0.116740576923, 0.173869967461, 0.129852071404, 0.06018826738, 0.0469858236611, 0.0503663122654, 0.0355749204755, 0.016958180815, 0.00396650889888, 0.000942591053899, 0.000137255206937, 0.000133394263685],
        "mean": [0.102454476058, 1.58214175701, 5.46407556534, 12.1812868118, 35.4083328247, 46.2323303223, 26.6793289185, 50.9105224609, 31.287229538, 34.0420417786, 22.2155818939, 18.7025108337, 16.5223293304, 9.94733142853, 8.36419296265, 3.38428711891, 1.78495836258, 1.06811594963, 0.357702434063, 0.127377763391, 0.0476612299681, 0.0155270351097, 0.00557349715382, 0.0026362335775, 0.00148196122609, 0.000916971941479, 0.000703356869053, 0.00056089356076, 0.000482181523694, 0.000448755250545, 0.000349140871549, 0.000213324834476, 0.000146673453855, 0.000111861932965, 7.58252936066e-05, 4.43974386144e-05, 1.96056898858e-05, 3.56073246621e-06, 1.81663654075e-05, 4.2990755901e-05],
        "median": [0.0142746092752, 0.584078013897, 2.87580490112, 8.86216640472, 21.9307193756, 20.9297466278, 16.3592376709, 27.6558380127, 19.1822185516, 13.3800840378, 11.2505970001, 6.40947198868, 4.16221189499, 1.19265651703, 0.665034234524, 0.234845131636, 0.111733697355, 0.0514148883522, 0.0122688729316, 0.00428933557123, 0.00187689205632, 0.00103599752765, 0.0006860261783, 0.000538570457138, 0.000461613672087, 0.000406410399592, 0.000382820086088, 0.000329095753841, 0.000281005952274, 0.000231197642279, 0.000188175705262, 0.000124048587168, 7.99503468443e-05, 4.90858437843e-05, 3.31947339873e-05, 2.30110799748e-05, 1.24202269944e-05, 1.75110005785e-06, 1.73282169271e-05, 4.12532863265e-05],
        "min": [0.000173699067091, 0.00189050845802, 0.0196042153984, 0.038488317281, 0.56366622448, 0.262293040752, 0.097983315587, 0.197397336364, 0.133981123567, 0.0224976167083, 0.00744964554906, 0.00442828470841, 0.00277757807635, 0.00190684816334, 0.000955360941589, 0.000464561511762, 0.000274783058558, 0.000308894872433, 0.000168518803548, 0.000106567807961, 7.9580640886e-05, 0.000112083100248, 8.1874364696e-05, 9.32275943342e-05, 8.29003547551e-05, 0.000106954372313, 0.000118880037917, 0.000100390461739, 8.76341728144e-05, 3.01201744151e-05, 1.59996270668e-05, 1.20632403195e-05, 8.38973119244e-06, 5.5907657952e-06, 5.22709797224e-06, 4.32681736129e-06, 2.57208557741e-06, 2.81801135316e-07, 3.86325064028e-06, 9.1254396466e-06],
        "var": [0.0311859324574, 7.07465696335, 44.2150115967, 115.441520691, 1047.72473145, 3817.21337891, 771.241516113, 4764.19287109, 1691.00952148, 2827.57763672, 727.909484863, 980.718994141, 674.120239258, 362.470092773, 385.92956543, 78.8089675903, 23.2135353088, 11.9228067398, 2.31257820129, 0.325022190809, 0.0405369512737, 0.00325920525938, 0.000425539677963, 0.000144384292071, 8.02051727078e-05, 4.25114267273e-05, 2.73062014458e-05, 1.88973172044e-05, 1.67574016814e-05, 2.74727335636e-05, 1.56128535309e-05, 4.17653927798e-06, 2.48818241744e-06, 2.33629475588e-06, 1.11623796784e-06, 2.66188010301e-07, 2.32707293435e-08, 1.12524334295e-09, 6.75891842494e-11, 2.93774810034e-10]
    },
    "gfcc": {
        "mean": [-239.102523804, 264.00668335, -10.8387527466, -39.4019050598, -55.6187896729, -16.4981060028, -15.0114154816, -24.5733203888, -13.1543693542, -17.9375915527, -7.43938827515, -15.2123088837, -2.57633709908],
        "cov": [[2177.70825195, 240.154174805, -1928.79272461, -1422.37243652, -74.1969223022, 93.5631332397, -250.329727173, -160.063690186, -111.971595764, -116.288757324, -115.4373703, -75.2213516235, -56.5624351501], [240.154174805, 255.459320068, -165.468978882, -250.038330078, -7.36531066895, 31.4373950958, 49.5602149963, -2.34811306, 28.8526210785, 15.5291004181, -7.85500144958, -10.8203372955, -7.64582538605], [-1928.79272461, -165.468978882, 2264.28417969, 1466.18249512, -39.7270050049, -183.681838989, 253.391815186, 214.813034058, 124.964179993, 162.644226074, 137.942123413, 89.6073455811, 52.8858604431], [-1422.37243652, -250.038330078, 1466.18249512, 1251.14453125, 211.505462646, -26.8387622833, 176.632125854, 156.974594116, 87.7577514648, 107.673904419, 122.449615479, 106.346290588, 66.9906921387], [-74.1969223022, -7.36531066895, -39.7270050049, 211.505462646, 331.151916504, 192.743423462, 73.8890762329, 15.2207860947, 14.6643953323, 12.2666778564, 34.1329040527, 46.8389778137, 40.2496986389], [93.5631332397, 31.4373950958, -183.681838989, -26.8387622833, 192.743423462, 255.276550293, 108.670166016, 30.4535808563, 14.6781110764, -8.07733345032, 5.68702697754, 3.55989766121, 16.9129371643], [-250.329727173, 49.5602149963, 253.391815186, 176.632125854, 73.8890762329, 108.670166016, 160.403060913, 86.7927703857, 43.5083732605, 26.2904663086, 17.6438064575, 16.3712425232, 14.4661388397], [-160.063690186, -2.34811306, 214.813034058, 156.974594116, 15.2207860947, 30.4535808563, 86.7927703857, 93.6231842041, 43.8439941406, 22.3953151703, 15.2446136475, 13.4010620117, 10.2001056671], [-111.971595764, 28.8526210785, 124.964179993, 87.7577514648, 14.6643953323, 14.6781110764, 43.5083732605, 43.8439941406, 49.7143211365, 30.2904376984, 15.0457906723, 8.84287834167, 6.01625299454], [-116.288757324, 15.5291004181, 162.644226074, 107.673904419, 12.2666778564, -8.07733345032, 26.2904663086, 22.3953151703, 30.2904376984, 50.7983551025, 27.6246318817, 11.9599990845, 2.90956521034], [-115.4373703, -7.85500144958, 137.942123413, 122.449615479, 34.1329040527, 5.68702697754, 17.6438064575, 15.2446136475, 15.0457906723, 27.6246318817, 45.2657775879, 30.8459148407, 16.684337616], [-75.2213516235, -10.8203372955, 89.6073455811, 106.346290588, 46.8389778137, 3.55989766121, 16.3712425232, 13.4010620117, 8.84287834167, 11.9599990845, 30.8459148407, 52.4009284973, 33.7988204956], [-56.5624351501, -7.64582538605, 52.8858604431, 66.9906921387, 40.2496986389, 16.9129371643, 14.4661388397, 10.2001056671, 6.01625299454, 2.90956521034, 16.684337616, 33.7988204956, 45.6358375549]],
        "icov": [[0.00398774351925, -0.00170625862665, 0.000755587883759, 0.00349712441675, -0.00124471145682, -0.00220920424908, 0.00753086432815, -0.00895135011524, 0.00686551304534, -0.00454053422436, 0.00229618814774, -0.00472551584244, 0.00222225370817], [-0.00170625862665, 0.0208026636392, -0.00887208711356, 0.0180048402399, -0.015430688858, 0.0127632403746, -0.0173849444836, 0.0118055129424, -0.0216627437621, 0.00620105396956, -0.00800596456975, 0.00238510128111, 0.000594569311943], [0.000755587883759, -0.00887208711356, 0.00989818479866, -0.0150360362604, 0.012476968579, -0.00365410884842, 0.000224915682338, -0.0007817838341, 0.0091972835362, -0.0056698792614, 0.00180882273708, 0.00266912905499, -0.00298442551866], [0.00349712441675, 0.0180048402399, -0.0150360362604, 0.0329964607954, -0.0261423233896, 0.010612308979, -0.000562130881008, -0.00726009532809, -0.0113906832412, 0.00371318054385, -0.00635392684489, -0.00683667184785, 0.00591496797279], [-0.00124471145682, -0.015430688858, 0.012476968579, -0.0261423233896, 0.02878620103, -0.0168549399823, 0.00566417723894, 0.00387132307515, 0.0122989863157, -0.00753554562107, 0.00775943743065, -0.00317322858609, -0.00364234670997], [-0.00220920424908, 0.0127632403746, -0.00365410884842, 0.010612308979, -0.0168549399823, 0.025950551033, -0.026215378195, 0.0115063805133, -0.0164621341974, 0.0118550825864, -0.0154217286035, 0.0152109600604, -0.00516998209059], [0.00753086432815, -0.0173849444836, 0.000224915682338, -0.000562130881008, 0.00566417723894, -0.026215378195, 0.0552763491869, -0.0412500910461, 0.0278844796121, -0.0158068668097, 0.0191972330213, -0.0198565255851, 0.00842292141169], [-0.00895135011524, 0.0118055129424, -0.0007817838341, -0.00726009532809, 0.00387132307515, 0.0115063805133, -0.0412500910461, 0.0598166510463, -0.0428414307535, 0.018091859296, -0.00980444811285, 0.0119319399819, -0.00628399476409], [0.00686551304534, -0.0216627437621, 0.0091972835362, -0.0113906832412, 0.0122989863157, -0.0164621341974, 0.0278844796121, -0.0428414307535, 0.0798723474145, -0.0381983742118, 0.0156043143943, -0.0083777429536, -0.000662163482048], [-0.00454053422436, 0.00620105396956, -0.0056698792614, 0.00371318054385, -0.00753554562107, 0.0118550825864, -0.0158068668097, 0.018091859296, -0.0381983742118, 0.0585876144469, -0.032210573554, 0.0132600013167, 0.00300656910986], [0.00229618814774, -0.00800596456975, 0.00180882273708, -0.00635392684489, 0.00775943743065, -0.0154217286035, 0.0191972330213, -0.00980444811285, 0.0156043143943, -0.032210573554, 0.0675507262349, -0.0372250005603, 0.00658316444606], [-0.00472551584244, 0.00238510128111, 0.00266912905499, -0.00683667184785, -0.00317322858609, 0.0152109600604, -0.0198565255851, 0.0119319399819, -0.0083777429536, 0.0132600013167, -0.0372250005603, 0.0707380697131, -0.0362474732101], [0.00222225370817, 0.000594569311943, -0.00298442551866, 0.00591496797279, -0.00364234670997, -0.00516998209059, 0.00842292141169, -0.00628399476409, -0.000662163482048, 0.00300656910986, 0.00658316444606, -0.0362474732101, 0.0477397479117]]
    },
    "melbands": {
        "dmean": [0.000388589425711, 0.000909090857022, 0.000755415938329, 0.000884243461769, 0.000365250481991, 0.000416518538259, 0.000125485719764, 0.00010343141912, 4.47671773145e-05, 4.31335174653e-05, 2.73446567007e-05, 1.27632711155e-05, 1.11298968477e-05, 3.04164268528e-06, 3.36390371558e-06, 7.49271180212e-07, 6.83645282606e-07, 2.15336001474e-07, 9.94835005486e-08, 5.12281914666e-08, 1.87170208221e-08, 6.47662590225e-09, 3.21880833098e-09, 1.56860369138e-09, 1.06404496325e-09, 7.36150140845e-10, 4.6158593614e-10, 3.62075980309e-10, 2.71685757225e-10, 2.31812735674e-10, 1.88814255897e-10, 1.64374805434e-10, 1.74963904476e-10, 1.69836159025e-10, 1.42355710553e-10, 1.09972253526e-10, 8.19666487462e-11, 6.89134374565e-11, 7.62728838422e-11, 6.84834758347e-11],
        "dmean2": [0.000520322530065, 0.00136207754258, 0.00122245668899, 0.00140191533137, 0.000530302291736, 0.000593418895733, 0.000188602512935, 0.000152350970893, 5.96826357651e-05, 5.69771691517e-05, 3.63681174349e-05, 1.62153464771e-05, 1.51555559569e-05, 3.61375555258e-06, 4.21508366344e-06, 9.40468169119e-07, 9.61505065789e-07, 2.40178337663e-07, 1.09632878775e-07, 6.58015011368e-08, 2.53607730372e-08, 9.05544794705e-09, 4.54923121396e-09, 2.15130468995e-09, 1.45035239374e-09, 1.03642405769e-09, 6.56515619646e-10, 5.11779951751e-10, 3.83826415096e-10, 3.19085674549e-10, 2.66053762354e-10, 2.30055183237e-10, 2.30470129092e-10, 2.19207041408e-10, 1.83767404072e-10, 1.46763143305e-10, 1.13078719999e-10, 9.33995936148e-11, 9.75031097528e-11, 8.69059268993e-11],
        "dvar": [7.35312369216e-07, 2.27938812714e-06, 9.94494484985e-07, 1.52815505317e-06, 3.65626362964e-07, 4.35202338167e-07, 4.30132551799e-08, 4.14207228516e-08, 6.2527796274e-09, 1.29177939456e-08, 3.09497005802e-09, 1.04213138119e-09, 9.27933174744e-10, 7.26129573136e-11, 1.35786409894e-10, 7.23986972803e-12, 9.48562322439e-12, 7.70826219694e-13, 2.05167927461e-13, 6.17639348954e-14, 6.89186621116e-15, 6.59309852654e-16, 2.57004301636e-16, 9.34277009949e-17, 6.1883849932e-17, 5.23466559927e-17, 2.18257643041e-17, 1.82343776949e-17, 1.03900973875e-17, 9.46050850634e-18, 5.42572951423e-18, 4.42278336127e-18, 8.04188713837e-18, 8.50093929111e-18, 5.78537606404e-18, 2.92481552022e-18, 1.17387392756e-18, 9.47072480729e-19, 1.82556279649e-18, 1.59344206133e-18],
        "dvar2": [1.20079266708e-06, 4.58373915535e-06, 1.97709528038e-06, 3.83934047932e-06, 6.98278654454e-07, 1.05720846477e-06, 8.49927701552e-08, 8.49646113465e-08, 9.81792247501e-09, 2.51281093711e-08, 6.21124351952e-09, 1.83268678011e-09, 1.73770198231e-09, 1.02691695425e-10, 2.13386669445e-10, 1.32261597507e-11, 1.96982950784e-11, 8.77404431662e-13, 1.9935110149e-13, 8.9567947243e-14, 1.05185127372e-14, 1.03220536095e-15, 3.83583370027e-16, 1.12911450633e-16, 6.97269779769e-17, 5.5066207471e-17, 2.23839672881e-17, 1.83649646982e-17, 1.0390475409e-17, 9.46784807992e-18, 5.43347357913e-18, 4.42609249731e-18, 8.0367445565e-18, 8.51054451238e-18, 5.7898920566e-18, 2.92892474671e-18, 1.17593639902e-18, 9.49680994791e-19, 1.82703600516e-18, 1.59374698078e-18],
        "max": [0.0193240642548, 0.0201531723142, 0.0111081032082, 0.0149817783386, 0.00836453400552, 0.0100961131975, 0.0050600990653, 0.00261197285727, 0.00162104866467, 0.00320224789903, 0.000835353566799, 0.000491677317768, 0.000597187376115, 0.000230955512961, 0.000246068288106, 7.65628283261e-05, 5.92855612922e-05, 2.70158016065e-05, 1.4800538338e-05, 7.07446997694e-06, 2.29845659305e-06, 4.84249483179e-07, 3.7102174133e-07, 2.437536466e-07, 2.14305387658e-07, 2.17858925566e-07, 1.19840890989e-07, 1.17756442819e-07, 8.48817052201e-08, 8.43312761845e-08, 6.59327881181e-08, 5.60253958781e-08, 9.22547656046e-08, 9.67848308164e-08, 7.92611629663e-08, 5.54367112215e-08, 2.95011357565e-08, 2.6998215219e-08, 4.38825367155e-08, 4.17981631529e-08],
        "mean": [0.00132521241903, 0.00266529805958, 0.00284562422894, 0.00310337194242, 0.00118096335791, 0.00105918769259, 0.000463322707219, 0.000357845099643, 0.000159444200108, 0.000132305649458, 8.16019819467e-05, 3.80640194635e-05, 3.37139936164e-05, 9.66406241787e-06, 9.16164390219e-06, 2.08631627174e-06, 1.76814057795e-06, 5.20941739524e-07, 2.3224016843e-07, 1.22014370163e-07, 4.603556647e-08, 1.47590659694e-08, 7.00018887301e-09, 3.30614824406e-09, 2.01412708734e-09, 1.2548246886e-09, 7.56507578803e-10, 5.63405266885e-10, 4.44420611423e-10, 3.73009512167e-10, 3.00565350386e-10, 2.63723792804e-10, 2.55340998345e-10, 2.3702406704e-10, 2.01835048674e-10, 1.50333218096e-10, 1.07436899655e-10, 8.67073288169e-11, 8.59609675108e-11, 7.3802200462e-11],
        "median": [0.000257082720054, 0.00161902257241, 0.00226021069102, 0.00246031326242, 0.000685302482452, 0.00064642529469, 0.000301477179164, 0.000143206430948, 4.73684194731e-05, 4.15461872763e-05, 2.00920512725e-05, 4.25715006713e-06, 2.64628852165e-06, 7.89810087554e-07, 4.33841165659e-07, 1.46703797554e-07, 7.63339755849e-08, 1.72524536879e-08, 6.82390277618e-09, 3.11552961207e-09, 1.81414827605e-09, 1.05674313744e-09, 6.8906941264e-10, 5.15541609403e-10, 4.14585393793e-10, 3.44425682419e-10, 2.90140467207e-10, 2.57615845323e-10, 2.41712844185e-10, 2.0291408831e-10, 1.78344089496e-10, 1.55705365268e-10, 1.33845490247e-10, 1.17705026281e-10, 1.03699875076e-10, 7.83972470275e-11, 6.0211086117e-11, 4.47781429991e-11, 3.15161403919e-11, 2.33974020714e-11],
