{
"highlevel": {
    "danceability": {
        "all": {
            "danceable": 0.595537543297,
            "not_danceable": 0.404462456703
        },
        "probability": 0.595537543297,
        "value": "danceable"
    },
    "gender": {
        "all": {
            "female": 0.176851958036,
            "male": 0.823148012161
        },
        "probability": 0.823148012161,
        "value": "male"
    },
    "genre_dortmund": {
        "all": {
            "alternative": 0.0719287917018,
            "blues": 0.0509989745915,
            "electronic": 0.0258958302438,
            "folkcountry": 0.258449852467,
            "funksoulrnb": 0.076228260994,
            "jazz": 0.197742447257,
            "pop": 0.170725986362,
            "raphiphop": 0.0143156619743,
            "rock": 0.133714199066
        },
        "probability": 0.258449852467,
        "value": "folkcountry"
    },
    "genre_electronic": {
        "all": {
            "ambient": 0.350763469934,
            "dnb": 0.478296250105,
            "house": 0.106496438384,
            "techno": 0.0132242031395,
            "trance": 0.051219638437
        },
        "probability": 0.478296250105,
        "value": "dnb"
    },
    "genre_rosamerica": {
        "all": {
            "cla": 0.0214750878513,
            "dan": 0.0306625831872,
            "hip": 0.0132870357484,
            "jaz": 0.0289094336331,
            "pop": 0.557361245155,
            "rhy": 0.173457726836,
            "roc": 0.165739029646,
            "spe": 0.00910784676671
        },
        "probability": 0.557361245155,
        "value": "pop"
    },
    "genre_tzanetakis": {
        "all": {
            "blu": 0.0626613423228,
            "cla": 0.0348169617355,
            "cou": 0.104475811124,
            "dis": 0.0784321576357,
            "hip": 0.15692435205,
            "jaz": 0.313974827528,
            "met": 0.0448166541755,
            "pop": 0.0627359300852,
            "reg": 0.0627360641956,
            "roc": 0.0784258767962
        },
        "probability": 0.313974827528,
        "value": "jaz"
    },
    "ismir04_rhythm": {
        "all": {
            "ChaChaCha": 0.0416713021696,
            "Jive": 0.104741454124,
            "Quickstep": 0.117905519903,
            "Rumba-American": 0.0131354667246,
            "Rumba-International": 0.295484304428,
            "Rumba-Misc": 0.0255490094423,
            "Samba": 0.167107790709,
            "Tango": 0.0284341778606,
            "VienneseWaltz": 0.180452182889,
            "Waltz": 0.0255188047886
        },
        "probability": 0.295484304428,
        "value": "Rumba-International"
    },
    "mood_acoustic": {
        "all": {
            "acoustic": 0.696976065636,
            "not_acoustic": 0.303023904562
        },
        "probability": 0.696976065636,
        "value": "acoustic"
    },
    "mood_aggressive": {
        "all": {
            "aggressive": 0.0198733750731,
            "not_aggressive": 0.980126619339
        },
        "probability": 0.980126619339,
        "value": "not_aggressive"
    },
    "mood_electronic": {
        "all": {
            "electronic": 0.312161058187,
            "not_electronic": 0.687838971615
        },
        "probability": 0.687838971615,
        "value": "not_electronic"
    },
    "mood_happy": {
        "all": {
            "happy": 0.157967671752,
            "not_happy": 0.842032313347
        },
        "probability": 0.842032313347,
        "value": "not_happy"
    },
    "mood_party": {
        "all": {
            "not_party": 0.801572203636,
            "party": 0.198427766562
        },
        "probability": 0.801572203636,
        "value": "not_party"
    },
    "mood_relaxed": {
        "all": {
            "not_relaxed": 0.778901517391,
            "relaxed": 0.22109849751
        },
        "probability": 0.778901517391,
        "value": "not_relaxed"
    },
    "mood_sad": {
        "all": {
            "not_sad": 0.530830323696,
            "sad": 0.469169676304
        },
        "probability": 0.530830323696,
        "value": "not_sad"
    },
    "moods_mirex": {
        "all": {
            "Cluster1": 0.216320171952,
            "Cluster2": 0.267590373755,
            "Cluster3": 0.194030061364,
            "Cluster4": 0.132794469595,
            "Cluster5": 0.189264923334
        },
        "probability": 0.267590373755,
        "value": "Cluster2"
    },
    "timbre": {
        "all": {
            "bright": 0.999985635281,
            "dark": 1.43356010085e-05
        },
        "probability": 0.999985635281,
        "value": "bright"
    },
    "tonal_atonal": {
        "all": {
            "atonal": 0.00178427342325,
            "tonal": 0.998215734959
        },
        "probability": 0.998215734959,
        "value": "tonal"
    },
    "voice_instrumental": {
        "all": {
            "instrumental": 0.060458779335,
            "voice": 0.939541220665
        },
        "probability": 0.939541220665,
        "value": "voice"
    }
},
"lowlevel": {
    "average_loudness": 0.978146493435,
    "barkbands_crest": {
        "dmean": 2.26504969597,
        "dmean2": 3.4714384079,
        "dvar": 4.87580299377,
        "dvar2": 10.7169351578,
        "max": 24.0375480652,
        "mean": 9.54434013367,
        "median": 8.75609397888,
        "min": 3.06134223938,
        "var": 14.2365922928
    },
    "barkbands_flatness_db": {
        "dmean": 0.0230692699552,
        "dmean2": 0.0331158675253,
        "dvar": 0.000539608532563,
        "dvar2": 0.0010832947446,
        "max": 0.338088542223,
        "mean": 0.156651571393,
        "median": 0.151933968067,
        "min": 0.0449895299971,
        "var": 0.00185962067917
    },
    "barkbands_kurtosis": {
        "dmean": 3.10228157043,
        "dmean2": 4.6843919754,
        "dvar": 40.8672370911,
        "dvar2": 81.0702896118,
        "max": 137.597122192,
        "mean": 4.81129360199,
        "median": 1.93916702271,
        "min": -1.70977544785,
        "var": 101.429328918
    },
    "barkbands_skewness": {
        "dmean": 0.553573846817,
        "dmean2": 0.800794303417,
        "dvar": 0.406495004892,
        "dvar2": 0.765713095665,
        "max": 9.78755187988,
        "mean": 1.53256952763,
        "median": 1.3031193018,
        "min": -2.05564546585,
        "var": 1.64836668968
    },
    "barkbands_spread": {
        "dmean": 5.34191513062,
        "dmean2": 8.17154693604,
        "dvar": 48.4067802429,
        "dvar2": 112.062187195,
        "max": 70.1030883789,
        "mean": 17.9125099182,
        "median": 16.5387535095,
        "min": 1.00223076344,
        "var": 86.2001800537
    },
    "dissonance": {
        "dmean": 0.0256659500301,
        "dmean2": 0.0421911738813,
        "dvar": 0.000552940473426,
        "dvar2": 0.00144968740642,
        "max": 0.499665766954,
        "mean": 0.44524911046,
        "median": 0.451333463192,
        "min": 0.25038138032,
        "var": 0.00126918230671
    },
    "dynamic_complexity": 2.02840352058,
    "erbbands_crest": {
        "dmean": 2.67454910278,
        "dmean2": 4.1698551178,
        "dvar": 5.93014001846,
        "dvar2": 12.7506790161,
        "max": 28.6392040253,
        "mean": 9.60810184479,
        "median": 8.45719909668,
        "min": 2.89739108086,
        "var": 21.6342926025
    },
    "erbbands_flatness_db": {
        "dmean": 0.0205345749855,
        "dmean2": 0.0277478396893,
        "dvar": 0.000363274390111,
        "dvar2": 0.000640195328742,
        "max": 0.298177570105,
        "mean": 0.168788924813,
        "median": 0.166248708963,
        "min": 0.0830670371652,
        "var": 0.00144820252899
    },
    "erbbands_kurtosis": {
        "dmean": 1.0754660368,
        "dmean2": 1.58364832401,
        "dvar": 1.99905872345,
        "dvar2": 4.21893358231,
        "max": 22.491607666,
        "mean": 1.00158822536,
        "median": 0.514124155045,
        "min": -1.75308966637,
        "var": 5.24467134476
    },
    "erbbands_skewness": {
        "dmean": 0.376242697239,
        "dmean2": 0.558449149132,
        "dvar": 0.125222429633,
        "dvar2": 0.266951799393,
        "max": 4.10869693756,
        "mean": 0.567579209805,
        "median": 0.555680096149,
        "min": -2.19352769852,
        "var": 0.524344801903
    },
    "erbbands_spread": {
        "dmean": 9.59792423248,
        "dmean2": 13.309718132,
        "dvar": 108.544914246,
        "dvar2": 215.779556274,
        "max": 125.322128296,
        "mean": 35.3736000061,
        "median": 31.3936843872,
        "min": 4.05448246002,
        "var": 357.621307373
    },
    "hfc": {
        "dmean": 8.2555847168,
        "dmean2": 11.5041980743,
        "dvar": 104.720863342,
        "dvar2": 223.527542114,
        "max": 116.752304077,
        "mean": 22.3761425018,
        "median": 17.8081531525,
        "min": 0.46875217557,
        "var": 272.924682617
    },
    "melbands_crest": {
        "dmean": 2.91153717041,
        "dmean2": 4.37650251389,
        "dvar": 7.80490541458,
        "dvar2": 17.0333900452,
        "max": 32.2866592407,
        "mean": 13.5362243652,
        "median": 12.7038936615,
        "min": 4.18424940109,
        "var": 27.9339561462
    },
    "melbands_flatness_db": {
        "dmean": 0.0285811796784,
        "dmean2": 0.0414099916816,
        "dvar": 0.00100956694223,
        "dvar2": 0.00212155468762,
        "max": 0.421062320471,
        "mean": 0.195965364575,
        "median": 0.188525155187,
        "min": 0.0334647782147,
        "var": 0.00322220637463
    },
    "melbands_kurtosis": {
        "dmean": 7.58400344849,
        "dmean2": 10.815486908,
        "dvar": 225.35585022,
        "dvar2": 423.684295654,
        "max": 317.773193359,
        "mean": 13.7500391006,
        "median": 5.85179519653,
        "min": -1.65731739998,
        "var": 628.63458252
    },
    "melbands_skewness": {
        "dmean": 0.762963533401,
        "dmean2": 1.04378306866,
        "dvar": 0.799459636211,
        "dvar2": 1.41795480251,
        "max": 13.7435426712,
        "mean": 2.39852428436,
        "median": 1.92942202091,
        "min": -1.36296832561,
        "var": 3.48310923576
    },
    "melbands_spread": {
        "dmean": 6.13139533997,
        "dmean2": 9.55604553223,
        "dvar": 87.0286026001,
        "dvar2": 223.717956543,
        "max": 121.110877991,
        "mean": 20.4015426636,
        "median": 18.7162017822,
        "min": 0.802580177784,
        "var": 146.038330078
    },
    "pitch_salience": {
        "dmean": 0.0717122554779,
        "dmean2": 0.109738692641,
        "dvar": 0.00445672031492,
        "dvar2": 0.00933489296585,
        "max": 0.89440715313,
        "mean": 0.544028222561,
        "median": 0.548395514488,
        "min": 0.113638430834,
        "var": 0.0158604197204
    },
    "silence_rate_20dB": {
        "dmean": 0,
        "dmean2": 0,
        "dvar": 0,
        "dvar2": 0,
        "max": 1,
        "mean": 1,
        "median": 1,
        "min": 1,
        "var": 0
    },
    "silence_rate_30dB": {
        "dmean": 0.0030959751457,
        "dmean2": 0.00619674660265,
        "dvar": 0.00308634713292,
        "dvar2": 0.00770754786208,
        "max": 1,
        "mean": 0.997679829597,
        "median": 1,
        "min": 0,
        "var": 0.00231483206153
    },
    "silence_rate_60dB": {
        "dmean": 0.00773993786424,
        "dmean2": 0.0154918665066,
        "dvar": 0.00768013065681,
        "dvar2": 0.0198996793479,
        "max": 1,
        "mean": 0.00618716143072,
        "median": 0,
        "min": 0,
        "var": 0.00614881422371
    },
    "spectral_centroid": {
        "dmean": 239.738082886,
        "dmean2": 365.780975342,
        "dvar": 96674.578125,
        "dvar2": 229912.546875,
        "max": 3640.34838867,
        "mean": 1077.52099609,
        "median": 1019.1842041,
        "min": 214.293930054,
        "var": 212371.03125
    },
    "spectral_complexity": {
        "dmean": 3.73993802071,
        "dmean2": 5.59411287308,
        "dvar": 18.2496795654,
        "dvar2": 39.7051239014,
        "max": 44,
        "mean": 17.65583992,
        "median": 17,
        "min": 1,
        "var": 50.2365188599
    },
    "spectral_decrease": {
        "dmean": 3.05460168271e-09,
        "dmean2": 4.26321511426e-09,
        "dvar": 1.6147549902e-17,
        "dvar2": 3.61015434462e-17,
        "max": -5.43990852364e-10,
        "mean": -8.07357647403e-09,
        "median": -6.80317135959e-09,
        "min": -3.84457692348e-08,
        "var": 3.32452027642e-17
    },
    "spectral_energy": {
        "dmean": 0.012103093788,
        "dmean2": 0.016767827794,
        "dvar": 0.000240477937041,
        "dvar2": 0.000536417588592,
        "max": 0.148002386093,
        "mean": 0.0325011126697,
        "median": 0.0275065097958,
        "min": 0.0021137080621,
        "var": 0.000512609141879
    },
    "spectral_energyband_high": {
        "dmean": 0.000568309391383,
        "dmean2": 0.0008465484716,
        "dvar": 9.8739724308e-07,
        "dvar2": 2.21718391913e-06,
        "max": 0.0102100679651,
        "mean": 0.000751436920837,
        "median": 0.000334015901899,
        "min": 2.432917654e-06,
        "var": 1.23892198189e-06
    },
    "spectral_energyband_low": {
        "dmean": 0.00556952366605,
        "dmean2": 0.00816094875336,
        "dvar": 0.0001470681309,
        "dvar2": 0.000339199294103,
        "max": 0.120457664132,
        "mean": 0.00979019887745,
        "median": 0.0041134795174,
        "min": 4.29917145084e-06,
        "var": 0.000225825846428
    },
    "spectral_energyband_middle_high": {
        "dmean": 0.00255448906682,
        "dmean2": 0.00358589296229,
        "dvar": 1.35661866807e-05,
        "dvar2": 2.56269267993e-05,
        "max": 0.0636119544506,
        "mean": 0.00741141475737,
        "median": 0.00455804215744,
        "min": 3.76219504687e-05,
        "var": 5.91448515479e-05
    },
    "spectral_energyband_middle_low": {
        "dmean": 0.00785907264799,
        "dmean2": 0.0114951981232,
        "dvar": 0.000110062224849,
        "dvar2": 0.000253730075201,
        "max": 0.109338112175,
        "mean": 0.0167810879648,
        "median": 0.0127791734412,
        "min": 0.000237592670601,
        "var": 0.000196289271116
    },
    "spectral_entropy": {
        "dmean": 0.235141009092,
        "dmean2": 0.322182774544,
        "dvar": 0.0577094890177,
        "dvar2": 0.128500282764,
        "max": 8.39853000641,
        "mean": 7.37213134766,
        "median": 7.37047481537,
        "min": 5.84983968735,
        "var": 0.152811229229
    },
    "spectral_flux": {
        "dmean": 0.0349753573537,
        "dmean2": 0.051848243922,
        "dvar": 0.00160511245485,
        "dvar2": 0.00355285778642,
        "max": 0.345563322306,
        "mean": 0.0880610644817,
        "median": 0.0755454152822,
        "min": 0.00832585245371,
        "var": 0.00272941892035
    },
    "spectral_kurtosis": {
        "dmean": 1.69784343243,
        "dmean2": 2.64379286766,
        "dvar": 2.84846758842,
        "dvar2": 6.98904275894,
        "max": 18.1680355072,
        "mean": 4.11625432968,
        "median": 3.68085050583,
        "min": -0.559985160828,
        "var": 6.21614599228
    },
    "spectral_rms": {
        "dmean": 0.00100659276359,
        "dmean2": 0.00134546076879,
        "dvar": 1.29196826038e-06,
        "dvar2": 2.73885848401e-06,
        "max": 0.0120163457468,
        "mean": 0.00529872253537,
        "median": 0.00518031092361,
        "min": 0.00143602024764,
        "var": 3.63192930308e-06
    },
    "spectral_rolloff": {
        "dmean": 445.680664062,
        "dmean2": 774.929626465,
        "dvar": 817112.1875,
        "dvar2": 2060550.375,
        "max": 7902.68554688,
        "mean": 1219.26611328,
        "median": 1055.12695312,
        "min": 107.666015625,
        "var": 852768.0625
    },
    "spectral_skewness": {
        "dmean": 0.264936983585,
        "dmean2": 0.400042295456,
        "dvar": 0.0641723200679,
        "dvar2": 0.139980301261,
        "max": 3.23027253151,
        "mean": 1.62888240814,
        "median": 1.60879230499,
        "min": 0.128185391426,
        "var": 0.176706388593
    },
    "spectral_spread": {
        "dmean": 639969.9375,
        "dmean2": 866196.625,
        "dvar": 520735391744,
        "dvar2": 888897208320,
        "max": 17007942,
        "mean": 4634158,
        "median": 4472900.5,
        "min": 1913710,
        "var": 1.40313663898e+12
    },
    "spectral_strongpeak": {
        "dmean": 0.673753678799,
        "dmean2": 1.12259232998,
        "dvar": 1.44085645676,
        "dvar2": 3.55853247643,
        "max": 11.9697532654,
        "mean": 1.2817684412,
        "median": 0.753220200539,
        "min": 0.0528255477548,
        "var": 2.2582757473
    },
    "zerocrossingrate": {
        "dmean": 0.0106832310557,
        "dmean2": 0.0129910800606,
        "dvar": 0.000125761129311,
        "dvar2": 0.000172239306266,
        "max": 0.185546875,
        "mean": 0.0540202185512,
        "median": 0.0517578125,
        "min": 0.0078125,
        "var": 0.000487373064971
    },
    "barkbands": {
        "dmean": [2.01741804631e-05, 0.00180622038897, 0.00304925488308, 0.00207321112975, 0.00348381884396, 0.00138623896055, 0.000814027735032, 0.00107332319021, 0.00113599491306, 0.0013468589168, 0.000460023147753, 0.000448731385404, 0.000479022040963, 0.000643414445221, 0.000429147301475, 0.00022675076616, 0.000154861598276, 0.00011289226677, 0.000119043659652, 0.000160700743436, 0.000131569060613, 0.000147661790834, 0.00011466480646, 9.59149256232e-05, 6.05513123446e-05, 1.22400097098e-05, 1.76907022365e-08],
        "dmean2": [3.46452325175e-05, 0.00264266785234, 0.00462009757757, 0.00311640487053, 0.00530477613211, 0.0022574882023, 0.0013462518109, 0.00165653822478, 0.00176704081241, 0.00203268020414, 0.000705557060428, 0.000690331915393, 0.0007212839555, 0.000909497088287, 0.000643047504127, 0.00035596115049, 0.000242096124566, 0.000178973787115, 0.000188469362911, 0.000247609248618, 0.000204563781153, 0.000225222262088, 0.000174373257323, 0.000147285332787, 9.33901101234e-05, 1.96960099856e-05, 3.1707998005e-08],
        "dvar": [6.04285155248e-09, 2.09122154047e-05, 6.02835352765e-05, 2.95308254863e-05, 3.47199529642e-05, 6.64719891574e-06, 2.94224196296e-06, 3.49369111063e-06, 5.74412342758e-06, 8.13685528556e-06, 5.75353737986e-07, 7.58307578508e-07, 1.54622944137e-06, 3.42214116245e-06, 1.35982986649e-06, 3.4183904063e-07, 1.05072388124e-07, 3.57376066518e-08, 6.24025773277e-08, 7.54437223804e-08, 7.18397785704e-08, 9.68928262068e-08, 4.27245794299e-08, 3.35494938497e-08, 1.36954616536e-08, 7.50582485054e-10, 3.9022397069e-15],
        "dvar2": [1.48025796065e-08, 4.17080264015e-05, 0.000144877529237, 6.78039868944e-05, 8.3782542788e-05, 1.70639304997e-05, 7.20683738109e-06, 7.87231056165e-06, 1.37099759741e-05, 1.73698190338e-05, 1.28661383769e-06, 1.55174018346e-06, 3.51788912667e-06, 6.33409581496e-06, 2.84983889287e-06, 8.20116724753e-07, 1.96750463033e-07, 8.72198526736e-08, 1.53034491746e-07, 1.77699590154e-07, 1.79130623224e-07, 2.33119408222e-07, 9.96584361701e-08, 8.21429253506e-08, 3.16006811829e-08, 1.43248890527e-09, 9.32775212593e-15],
        "max": [0.00202590506524, 0.0599876381457, 0.08479398489, 0.0675339177251, 0.0540893673897, 0.033316437155, 0.0369522199035, 0.0283217132092, 0.0404882058501, 0.0428705103695, 0.0106084961444, 0.0143027231097, 0.0304702166468, 0.0535757131875, 0.0210294947028, 0.0123466076329, 0.00896699540317, 0.00273923878558, 0.00480061536655, 0.00360925449058, 0.00307395146228, 0.00540113449097, 0.002752778586, 0.00211025378667, 0.00141484627966, 0.000711440225132, 9.61709247349e-07],
        "mean": [1.71437895915e-05, 0.00336646777578, 0.00478369696066, 0.00319432443939, 0.00548042543232, 0.00197968236171, 0.00126975693274, 0.00196902942844, 0.00173168000765, 0.00253515690565, 0.000781057053246, 0.000792005681433, 0.000777056557126, 0.00116865010932, 0.000744697696064, 0.000359206285793, 0.000306308182189, 0.000180976057891, 0.000168530328665, 0.000225591938943, 0.000151015876327, 0.000175685461727, 0.000151288128109, 0.000111005836516, 6.75270639476e-05, 1.31675787998e-05, 1.18004876981e-08],
        "median": [3.87783984479e-06, 0.000770167680457, 0.00153422239237, 0.000646245258395, 0.0025337303523, 0.00100604933687, 0.000662488979287, 0.000992231303826, 0.000776228902396, 0.000987185165286, 0.000347831577528, 0.000335064920364, 0.000223173352424, 0.000311560521368, 0.000201154005481, 0.000143831915921, 0.000111253306386, 9.11394163268e-05, 7.55832297727e-05, 0.00010731927614, 5.76614220336e-05, 7.155037747e-05, 6.50526199024e-05, 4.00229364459e-05, 2.51998026215e-05, 3.28308942699e-06, 5.50007761557e-10],
        "min": [1.42591574104e-08, 6.36268111975e-07, 5.41643657925e-07, 1.54365716298e-06, 1.84929413081e-05, 7.00971713741e-06, 5.82639495406e-06, 1.64021605542e-06, 1.23298127619e-06, 1.50802577537e-06, 1.61082266459e-06, 3.28414830619e-06, 6.23502046437e-07, 8.63362288328e-07, 6.76366369134e-07, 1.01447744782e-06, 3.72467468424e-07, 5.31631314971e-07, 3.6850849483e-07, 1.01277510112e-06, 6.38226310912e-07, 5.09725850861e-07, 3.68177410337e-07, 2.17375415446e-07, 7.6774919755e-10, 1.75411300068e-11, 6.64208358453e-12],
        "var": [5.2857775934e-09, 4.79092304886e-05, 8.17158943391e-05, 4.63094038423e-05, 5.80236919632e-05, 7.94234983914e-06, 4.07939432989e-06, 9.9343878901e-06, 8.40702705318e-06, 1.75633558683e-05, 1.31717251861e-06, 1.62132346304e-06, 3.13654459205e-06, 1.15956217996e-05, 4.19271918872e-06, 6.56035467728e-07, 4.03480925115e-07, 5.90605502282e-08, 8.45264906957e-08, 1.13992747686e-07, 6.84536303197e-08, 1.01204932434e-07, 5.39246549636e-08, 3.53886449034e-08, 1.55452024586e-08, 1.53050672136e-09, 3.00959297665e-15]
    },
    "erbbands": {
        "dmean": [0.0176307484508, 0.542405903339, 3.06525063515, 5.60253953934, 7.63721609116, 12.099902153, 16.2960834503, 11.5459480286, 9.41103935242, 21.0821971893, 17.472700119, 24.2273597717, 46.0531692505, 20.4559307098, 18.4589080811, 15.4120569229, 20.7775001526, 21.9409065247, 31.3144721985, 17.5429725647, 9.07535934448, 8.12062358856, 6.65384626389, 6.41837930679, 6.26173067093, 7.31673192978, 4.77241611481, 5.03292560577, 6.18046283722, 3.49636507034, 3.50559020042, 2.34109592438, 1.37268972397, 0.877538979053, 0.318122446537, 0.084969624877, 0.0204606838524, 0.00134101335425, 3.51510971086e-05, 1.55382658704e-05],
        "dmean2": [0.0275861229748, 0.795643150806, 4.65984678268, 8.33364200592, 11.6254472733, 19.4607467651, 24.4253673553, 19.1075515747, 15.5078868866, 32.3546257019, 27.7646541595, 38.1534080505, 67.9873123169, 31.4283008575, 28.3083572388, 22.8383331299, 30.7266693115, 30.7252159119, 43.411026001, 25.2495727539, 13.7508745193, 12.435667038, 10.3568058014, 9.99815177917, 9.76139736176, 11.1164274216, 7.23123121262, 7.91641902924, 9.52612781525, 5.30083751678, 5.33448219299, 3.57171416283, 2.11078286171, 1.35360634327, 0.504268705845, 0.135090440512, 0.0331318676472, 0.0022759702988, 5.52376986889e-05, 2.1174630092e-05],
        "dvar": [0.00445539597422, 1.75079548359, 54.335067749, 188.792236328, 248.017150879, 503.454589844, 941.44342041, 562.57409668, 363.359161377, 1800.37463379, 982.321899414, 2267.13232422, 10288.4443359, 1135.68774414, 959.083862305, 1095.58374023, 2138.85888672, 2487.76831055, 9098.87792969, 2622.95117188, 307.821899414, 225.700683594, 112.095298767, 147.090713501, 148.858581543, 144.943481445, 77.5330734253, 104.68082428, 216.772613525, 37.9489479065, 39.8826675415, 21.6311721802, 5.97997283936, 3.07013821602, 0.406922250986, 0.0325919464231, 0.00234397640452, 1.05924364107e-05, 4.74587835697e-09, 3.53564816313e-10],
        "dvar2": [0.0111715020612, 3.57181668282, 133.011367798, 432.09765625, 552.107116699, 1327.89538574, 2020.59277344, 1531.22265625, 954.657531738, 4301.39501953, 2201.22387695, 5649.95605469, 22482.6308594, 2719.93579102, 2200.95019531, 2037.4967041, 4766.70117188, 5016.72167969, 17113.1582031, 4801.28710938, 617.835083008, 457.237548828, 246.98777771, 351.637023926, 333.9949646, 341.035858154, 193.612915039, 260.327423096, 526.296020508, 89.7226257324, 89.8515090942, 52.8918457031, 14.3914117813, 7.17410182953, 0.97545582056, 0.0641698166728, 0.00447349436581, 2.44296807068e-05, 1.00063948238e-08, 7.71337715921e-10],
        "max": [1.61774480343, 16.9851226807, 81.0871887207, 139.251708984, 168.943695068, 207.772232056, 328.951507568, 370.387390137, 439.166625977, 766.403137207, 707.278198242, 690.600708008, 1554.75134277, 404.520935059, 411.712982178, 661.218322754, 836.968688965, 959.438598633, 2554.63061523, 1415.23571777, 352.922698975, 280.077697754, 123.227203369, 178.855285645, 166.507461548, 144.367752075, 90.0291519165, 121.66934967, 304.149383545, 73.9021987915, 68.8474807739, 63.6203727722, 23.5048770905, 21.2132167816, 7.89471483231, 4.45578098297, 1.2393860817, 0.0654180124402, 0.0014760781778, 0.000170359460753],
        "mean": [0.0302781164646, 1.01328253746, 5.05355930328, 8.75423431396, 13.7342071533, 16.1523628235, 22.7040100098, 15.9919700623, 16.5926685333, 36.101524353, 33.9804801941, 39.5366439819, 84.2016983032, 40.8679618835, 33.5803527832, 30.1954841614, 36.362827301, 43.9144134521, 55.9984359741, 36.9720230103, 17.5324192047, 17.2658634186, 11.7038927078, 9.34994506836, 9.51476192474, 10.2470693588, 5.87292766571, 5.74407148361, 6.97628307343, 4.64223432541, 4.63730955124, 2.69274878502, 1.6024889946, 0.969592511654, 0.352065175772, 0.095234900713, 0.0215423852205, 0.00126944179647, 5.00547757838e-05, 4.1185237933e-05],
        "median": [0.00804680399597, 0.293006896973, 1.95141887665, 2.6052236557, 4.0708823204, 7.29402160645, 9.03157138824, 8.16496276855, 9.89557361603, 16.5436134338, 20.5254459381, 19.2165527344, 34.6646728516, 22.9905071259, 17.1787204742, 14.3314781189, 13.4135274887, 16.8137283325, 16.2800502777, 10.6313037872, 8.04310894012, 6.52417373657, 5.96106529236, 4.65233325958, 4.55861520767, 4.96877717972, 2.38687086105, 2.34351110458, 2.64501285553, 2.15067625046, 1.9219597578, 1.00792527199, 0.555279612541, 0.329528510571, 0.124690927565, 0.0288781002164, 0.00492479000241, 0.000250780663919, 2.74093927146e-05, 3.51002563548e-05],
        "min": [3.49526344507e-05, 0.000697090290487, 0.00256505189463, 0.00873360037804, 0.0466768927872, 0.0617908611894, 0.213027909398, 0.0813971683383, 0.13335159421, 0.12676101923, 0.0408800132573, 0.0835521072149, 0.192286714911, 0.137837260962, 0.144708901644, 0.119652427733, 0.0750966593623, 0.0842489749193, 0.0633974894881, 0.077664963901, 0.0798814073205, 0.0343916490674, 0.0342061594129, 0.0222500152886, 0.0264195706695, 0.0536304786801, 0.0368072874844, 0.0164664648473, 0.0215193536133, 0.0106357932091, 0.0104887578636, 0.00650038011372, 0.00118979765102, 7.18848968972e-05, 1.28413066705e-05, 5.99333088758e-06, 2.20192578126e-06, 3.64362136906e-07, 1.31180024709e-06, 2.37728545471e-06],
        "var": [0.00569905154407, 3.85248613358, 71.933052063, 296.667816162, 580.821411133, 545.038330078, 1429.49328613, 586.09777832, 567.72454834, 4523.62939453, 1917.85864258, 3318.59619141, 20990.25, 2503.13989258, 2216.36083984, 2529.34448242, 4765.69433594, 8563.5859375, 23040.21875, 13061.6298828, 840.83380127, 968.66986084, 251.346847534, 196.097732544, 247.203933716, 215.891815186, 84.6413040161, 97.9967956543, 206.377075195, 48.9439964294, 53.0301132202, 23.1657428741, 6.71966981888, 3.24086689949, 0.483100354671, 0.0609371587634, 0.00486538838595, 1.59236315085e-05, 8.34514679582e-09, 7.92084620116e-10]
    },
    "gfcc": {
        "mean": [11.0474214554, 100.971817017, -126.322532654, 28.4375400543, -75.8913497925, 21.6237945557, -43.0746002197, 4.77485895157, -24.6930122375, -4.49597167969, -19.0360012054, -8.57710933685, -9.38803863525],
        "cov": [[2415.49951172, -565.447631836, 25.9354496002, 114.768333435, -9.1969871521, 108.245475769, -63.0794792175, 122.005203247, -102.323371887, 121.126365662, -126.382064819, 76.6053619385, -62.923664093], [-565.447631836, 708.196655273, 12.0929031372, -11.769449234, 192.024658203, 15.0640916824, 128.101486206, -94.6104278564, 108.414604187, -70.7240142822, 96.3191604614, -102.060180664, 10.4430217743], [25.9354496002, 12.0929031372, 665.156982422, 325.588470459, -6.86248254776, 17.5671863556, 9.38523769379, 65.9915618896, -35.5421142578, -12.5828552246, -37.9729614258, 4.09961748123, -54.2574005127], [114.768333435, -11.769449234, 325.588470459, 441.806030273, 74.6789703369, 0.205797106028, 23.8391780853, 43.8676948547, -1.7143061161, -48.0803756714, 7.72724819183, -13.4338750839, -8.6118183136], [-9.1969871521, 192.024658203, -6.86248254776, 74.6789703369, 259.768920898, 56.5784988403, 46.7590065002, -2.04529738426, 39.3848304749, -11.6520843506, 3.35207080841, -20.0825767517, -6.51426744461], [108.245475769, 15.0640916824, 17.5671863556, 0.205797106028, 56.5784988403, 164.178359985, 71.5268325806, -0.394990801811, 17.7200813293, 20.1467018127, 7.6355471611, -24.8949565887, -8.5014591217], [-63.0794792175, 128.101486206, 9.38523769379, 23.8391780853, 46.7590065002, 71.5268325806, 162.564529419, 16.7295761108, 18.7959651947, 7.05558633804, 50.9282531738, -16.1129207611, -11.3010025024], [122.005203247, -94.6104278564, 65.9915618896, 43.8676948547, -2.04529738426, -0.394990801811, 16.7295761108, 148.565216064, 30.6690654755, 29.6903572083, -5.41696405411, 31.0994529724, -12.4584236145], [-102.323371887, 108.414604187, -35.5421142578, -1.7143061161, 39.3848304749, 17.7200813293, 18.7959651947, 30.6690654755, 127.379386902, 24.644613266, 21.8337497711, -15.2369194031, 2.23355674744], [121.126365662, -70.7240142822, -12.5828552246, -48.0803756714, -11.6520843506, 20.1467018127, 7.05558633804, 29.6903572083, 24.644613266, 121.276077271, 36.9470977783, 35.5474891663, -13.8898992538], [-126.382064819, 96.3191604614, -37.9729614258, 7.72724819183, 3.35207080841, 7.6355471611, 50.9282531738, -5.41696405411, 21.8337497711, 36.9470977783, 122.057518005, 23.0804347992, 16.601020813], [76.6053619385, -102.060180664, 4.09961748123, -13.4338750839, -20.0825767517, -24.8949565887, -16.1129207611, 31.0994529724, -15.2369194031, 35.5474891663, 23.0804347992, 109.413276672, 21.3703689575], [-62.923664093, 10.4430217743, -54.2574005127, -8.6118183136, -6.51426744461, -8.5014591217, -11.3010025024, -12.4584236145, 2.23355674744, -13.8898992538, 16.601020813, 21.3703689575, 79.7635040283]],
        "icov": [[0.00063827377744, -3.21026200254e-05, 0.000437168608187, -0.000604516302701, 0.000143423705595, -0.000696499657352, 0.000294370489428, -0.00040623138193, 0.000717771879863, -0.000897656544112, 0.000928280176595, -0.000422971468652, 0.000399270968046], [-3.21026200254e-05, 0.00681334314868, -0.00326564861462, 0.00398987066001, -0.00501015782356, 0.00402932940051, -0.00379995489493, 0.0038106997963, -0.00533198332414, 0.00480969483033, -0.00620387867093, 0.00466095842421, -0.00160158448853], [0.000437168608187, -0.00326564861462, 0.00470962654799, -0.00454794289544, 0.00322378380224, -0.00298008834943, 0.00194336788263, -0.00241497298703, 0.00353276147507, -0.00328109506518, 0.00456504942849, -0.00310186832212, 0.00253947149031], [-0.000604516302701, 0.00398987066001, -0.00454794289544, 0.00734272319824, -0.00442139850929, 0.00354026583955, -0.00228393892758, 0.00158106326126, -0.00370426266454, 0.00535101396963, -0.00613694265485, 0.00387268257327, -0.00208529527299], [0.000143423705595, -0.00501015782356, 0.00322378380224, -0.00442139850929, 0.00863498542458, -0.00449121417478, 0.00203632283956, -0.00221893982962, 0.00257489155047, -0.00326970918104, 0.00551327085122, -0.00406766543165, 0.00195396365598], [-0.000696499657352, 0.00402932940051, -0.00298008834943, 0.00354026583955, -0.00449121417478, 0.0118499463424, -0.00634353654459, 0.00328170182183, -0.00395950162783, 0.00132246164139, -0.00316521828063, 0.0049814642407, -0.0025465816725], [0.000294370489428, -0.00379995489493, 0.00194336788263, -0.00228393892758, 0.00203632283956, -0.00634353654459, 0.0121724521741, -0.00421528238803, 0.00367620424367, -0.00125402258709, -0.00122872984502, -0.00153284904081, 0.00270658289082], [-0.00040623138193, 0.0038106997963, -0.00241497298703, 0.00158106326126, -0.00221893982962, 0.00328170182183, -0.00421528238803, 0.0116016482934, -0.00627746246755, 0.00149028631859, -0.00137410569005, -0.000514325627591, -4.89123049192e-05], [0.000717771879863, -0.00533198332414, 0.00353276147507, -0.00370426266454, 0.00257489155047, -0.00395950162783, 0.00367620424367, -0.00627746246755, 0.0151266250759, -0.00674249278381, 0.0040862695314, -0.000801709655207, 0.000362725317245], [-0.000897656544112, 0.00480969483033, -0.00328109506518, 0.00535101396963, -0.00326970918104, 0.00132246164139, -0.00125402258709, 0.00149028631859, -0.00674249278381, 0.0175449568778, -0.00989734195173, -1.7785956743e-06, 0.00224145245738], [0.000928280176595, -0.00620387867093, 0.00456504942849, -0.00613694265485, 0.00551327085122, -0.00316521828063, -0.00122872984502, -0.00137410569005, 0.0040862695314, -0.00989734195173, 0.02003817074, -0.00723223527893, -0.000359339464922], [-0.000422971468652, 0.00466095842421, -0.00310186832212, 0.00387268257327, -0.00406766543165, 0.0049814642407, -0.00153284904081, -0.000514325627591, -0.000801709655207, -1.7785956743e-06, -0.00723223527893, 0.0172347445041, -0.00582472980022], [0.000399270968046, -0.00160158448853, 0.00253947149031, -0.00208529527299, 0.00195396365598, -0.0025465816725, 0.00270658289082, -4.89123049192e-05, 0.000362725317245, 0.00224145245738, -0.000359339464922, -0.00582472980022, 0.0168435182422]]
    },
    "melbands": {
        "dmean": [0.000320917082718, 0.0013239645632, 0.00101223704405, 0.000676705909427, 0.00061039038701, 0.000253455364145, 0.000148092352902, 0.000247020565439, 0.000140639036545, 0.000163703312865, 0.000236196778133, 9.30110909394e-05, 5.81140666327e-05, 5.55076258024e-05, 3.95109491365e-05, 5.13532431796e-05, 4.66401288577e-05, 6.24700260232e-05, 2.80373824353e-05, 2.18554123421e-05, 1.02788590084e-05, 9.23688639887e-06, 7.03576506567e-06, 5.43092392036e-06, 5.65619666304e-06, 4.26356518801e-06, 6.66967662255e-06, 4.52725589639e-06, 2.41924294642e-06, 4.08689902542e-06, 2.55048917097e-06, 3.64390439245e-06, 2.89148306365e-06, 1.76284947884e-06, 2.37722360907e-06, 1.52457528202e-06, 1.49936659e-06, 1.09314919428e-06, 7.68018082908e-07, 7.2587295108e-07],
        "dmean2": [0.000472419720609, 0.00197962555103, 0.00148153211921, 0.00108598847874, 0.000917855300941, 0.000419305200921, 0.000244310038397, 0.000377701129764, 0.000224574047024, 0.000255898135947, 0.00034718104871, 0.000142646982567, 8.9816225227e-05, 8.27798285172e-05, 5.97910584474e-05, 7.60486873332e-05, 6.60610385239e-05, 8.6533902504e-05, 4.15704889747e-05, 3.31260125677e-05, 1.59659175551e-05, 1.43884608406e-05, 1.07646837932e-05, 8.55692724144e-06, 8.89503917278e-06, 6.84598853695e-06, 1.04624787127e-05, 6.93598030921e-06, 3.72260024051e-06, 6.48445075058e-06, 4.07176139561e-06, 5.72100225327e-06, 4.53709571957e-06, 2.76828268397e-06, 3.68900850845e-06, 2.33122477766e-06, 2.35245965996e-06, 1.70581267867e-06, 1.19965386602e-06, 1.12506654659e-06],
        "dvar": [7.47923365907e-07, 9.29558063945e-06, 5.24747702002e-06, 1.36699861741e-06, 1.38285008688e-06, 2.48840478889e-07, 9.67839568489e-08, 2.23877989924e-07, 6.36367971651e-08, 1.19391344811e-07, 2.6366510042e-07, 2.57961652039e-08, 1.03648813976e-08, 1.06811421929e-08, 1.38789957305e-08, 1.57094142139e-08, 1.30417427968e-08, 4.19507522054e-08, 6.05453864821e-09, 3.57749496693e-09, 5.64797153491e-10, 3.13134240759e-10, 1.58022608887e-10, 9.6256336235e-11, 1.17090226404e-10, 1.19504836582e-10, 1.70829975166e-10, 5.64562979699e-11, 1.64095941696e-11, 9.22936518877e-11, 2.6382325144e-11, 8.7588873654e-11, 3.98839364313e-11, 1.09751079752e-11, 2.08035394467e-11, 7.47037067622e-12, 1.09195768747e-11, 4.17255813234e-12, 2.06652338471e-12, 2.23608740031e-12],
        "dvar2": [1.54874817326e-06, 2.20130023081e-05, 1.18966427181e-05, 3.46519118466e-06, 3.0571352454e-06, 6.69574831136e-07, 2.44268449023e-07, 5.24706194938e-07, 1.44368911492e-07, 2.90827756544e-07, 5.71764758206e-07, 5.98926774842e-08, 2.29263807938e-08, 2.21900240405e-08, 3.05473939477e-08, 3.45191963902e-08, 2.54934526822e-08, 7.76434987415e-08, 1.25216637059e-08, 7.00980251622e-09, 1.02696351423e-09, 6.42536801543e-10, 3.31676741627e-10, 2.36913100249e-10, 2.78460976499e-10, 2.87332352356e-10, 4.08887479431e-10, 1.32956562426e-10, 3.97141243502e-11, 2.34977204361e-10, 6.63601534834e-11, 2.14975662272e-10, 9.77234057564e-11, 2.73699170966e-11, 4.84812606727e-11, 1.76786710271e-11, 2.74314026355e-11, 1.03024524675e-11, 4.97327916696e-12, 5.18637389979e-12],
        "max": [0.0129860490561, 0.0319826900959, 0.0222660675645, 0.010635134764, 0.0117002688348, 0.00750012276694, 0.00751241622493, 0.0085583049804, 0.0049986820668, 0.00520707620308, 0.00786778237671, 0.00194832019042, 0.00161241658498, 0.00188132864423, 0.00212478078902, 0.00358297396451, 0.00222567259334, 0.00573949888349, 0.00146619102452, 0.00126188469585, 0.000615895842202, 0.000380163721275, 0.000206946788239, 0.000157071917783, 0.000159929128131, 0.000212509869016, 0.000235003477428, 9.917015268e-05, 4.38791284978e-05, 0.00012388920004, 4.85290911456e-05, 0.000208788522286, 7.51830884838e-05, 5.05972311657e-05, 5.88743860135e-05, 2.97432779917e-05, 4.40605108452e-05, 2.01373641175e-05, 1.77128076757e-05, 1.67526377481e-05],
        "mean": [0.000594578799792, 0.00228435918689, 0.00169479416218, 0.00106183253229, 0.000837317726109, 0.000361764134141, 0.000250380515354, 0.000432590401033, 0.000267560506472, 0.000254668237176, 0.000429975887528, 0.000178006084752, 0.000100121949799, 9.80955737759e-05, 6.83606922394e-05, 8.41980363475e-05, 8.61291991896e-05, 0.000104821541754, 4.96197899338e-05, 4.00474418711e-05, 1.68630886037e-05, 1.91347444343e-05, 1.17499967018e-05, 8.51114964462e-06, 7.6680444181e-06, 5.63898947803e-06, 9.20303682506e-06, 6.00486009716e-06, 3.04583454636e-06, 4.47687534688e-06, 2.80145968645e-06, 4.03501417168e-06, 3.36483276442e-06, 2.28109206546e-06, 3.0068133583e-06, 1.83536087661e-06, 1.62895935318e-06, 1.23265260754e-06, 8.78777939306e-07, 7.78277922109e-07],
        "median": [0.000141921438626, 0.000898967497051, 0.000609052774962, 0.000409467873396, 0.000353082170477, 0.00019466377853, 0.000142937118653, 0.000196423090529, 0.000159026501933, 0.000111574932816, 0.000171333915205, 9.36382639338e-05, 5.10007448611e-05, 4.20653486799e-05, 2.81593729596e-05, 2.05639316846e-05, 2.72506367764e-05, 2.52129120781e-05, 1.52766842803e-05, 1.13392461571e-05, 7.66147604736e-06, 6.89503940521e-06, 5.5464606703e-06, 4.18715490014e-06, 3.37737924383e-06, 2.35123820858e-06, 4.14990518038e-06, 2.82605992652e-06, 1.27255702864e-06, 1.49966922436e-06, 1.20170966511e-06, 1.51046617702e-06, 1.25706037579e-06, 1.00962574834e-06, 1.16230944514e-06, 7.46087494008e-07, 5.76863499191e-07, 4.34438675256e-07, 2.98985696645e-07, 2.61389715206e-07],
        "min": [3.50506866198e-07, 6.3695551944e-07, 2.66724919129e-06, 9.04884655029e-06, 4.26455517299e-06, 1.00804697922e-06, 1.85411226994e-06, 1.00793351976e-06, 2.1568341424e-07, 3.24652262407e-07, 9.66392349255e-07, 1.5979620116e-07, 3.08710468744e-07, 2.46191774522e-07, 1.0749546675e-07, 4.68936320885e-08, 1.5768979722e-07, 7.16544334978e-08, 6.48373443823e-08, 9.44234770373e-08, 6.84511718418e-08, 2.3061913268e-08, 2.43459226112e-08, 2.41295836645e-08, 1.74908763029e-08, 1.27731363264e-08, 3.20104618368e-08, 3.52040352425e-08, 1.92878975014e-08, 1.57796229416e-08, 6.83641943056e-09, 9.65927338115e-09, 9.24366982957e-09, 5.99436722482e-09, 6.64257049365e-09, 4.61146454356e-09, 3.00477509541e-09, 5.55727908136e-10, 1.10947209753e-10, 2.40211192951e-12],
