{
"highlevel": {
    "danceability": {
        "all": {
            "danceable": 0.416255533695,
            "not_danceable": 0.583744466305
        },
        "probability": 0.583744466305,
        "value": "not_danceable"
    },
    "gender": {
        "all": {
            "female": 0.422601550817,
            "male": 0.577398478985
        },
        "probability": 0.577398478985,
        "value": "male"
    },
    "genre_dortmund": {
        "all": {
            "alternative": 0.114617012441,
            "blues": 0.160617500544,
            "electronic": 0.0580412223935,
            "folkcountry": 0.0451507456601,
            "funksoulrnb": 0.0430743023753,
            "jazz": 0.116100825369,
            "pop": 0.0517412535846,
            "raphiphop": 0.0229533780366,
            "rock": 0.38770377636
        },
        "probability": 0.38770377636,
        "value": "rock"
    },
    "genre_electronic": {
        "all": {
            "ambient": 0.362588018179,
            "dnb": 0.274290800095,
            "house": 0.0616830922663,
            "techno": 0.0259562488645,
            "trance": 0.275481849909
        },
        "probability": 0.362588018179,
        "value": "ambient"
    },
    "genre_rosamerica": {
        "all": {
            "cla": 0.00409321067855,
            "dan": 0.00962275825441,
            "hip": 0.00445424672216,
            "jaz": 0.00087524583796,
            "pop": 0.150203153491,
            "rhy": 0.0110435420647,
            "roc": 0.819397091866,
            "spe": 0.000310738716507
        },
        "probability": 0.819397091866,
        "value": "roc"
    },
    "genre_tzanetakis": {
        "all": {
            "blu": 0.0626613423228,
            "cla": 0.0348169617355,
            "cou": 0.104475811124,
            "dis": 0.0784321576357,
            "hip": 0.15692435205,
            "jaz": 0.313974827528,
            "met": 0.0448166541755,
            "pop": 0.0627359300852,
            "reg": 0.0627360641956,
            "roc": 0.0784258767962
        },
        "probability": 0.313974827528,
        "value": "jaz"
    },
    "ismir04_rhythm": {
        "all": {
            "ChaChaCha": 0.159582287073,
            "Jive": 0.229304552078,
            "Quickstep": 0.0164771340787,
            "Rumba-American": 0.0145583515987,
            "Rumba-International": 0.00948683544993,
            "Rumba-Misc": 0.00544085400179,
            "Samba": 0.0497985556722,
            "Tango": 0.079292178154,
            "VienneseWaltz": 0.429583877325,
            "Waltz": 0.00647539738566
        },
        "probability": 0.429583877325,
        "value": "VienneseWaltz"
    },
    "mood_acoustic": {
        "all": {
            "acoustic": 0.0125143881887,
            "not_acoustic": 0.987485587597
        },
        "probability": 0.987485587597,
        "value": "not_acoustic"
    },
    "mood_aggressive": {
        "all": {
            "aggressive": 0.910791516304,
            "not_aggressive": 0.089208483696
        },
        "probability": 0.910791516304,
        "value": "aggressive"
    },
    "mood_electronic": {
        "all": {
            "electronic": 0.22104613483,
            "not_electronic": 0.778953850269
        },
        "probability": 0.778953850269,
        "value": "not_electronic"
    },
    "mood_happy": {
        "all": {
            "happy": 0.738922417164,
            "not_happy": 0.261077582836
        },
        "probability": 0.738922417164,
        "value": "happy"
    },
    "mood_party": {
        "all": {
            "not_party": 0.246490061283,
            "party": 0.753509938717
        },
        "probability": 0.753509938717,
        "value": "party"
    },
    "mood_relaxed": {
        "all": {
            "not_relaxed": 0.997222721577,
            "relaxed": 0.00277727539651
        },
        "probability": 0.997222721577,
        "value": "not_relaxed"
    },
    "mood_sad": {
        "all": {
            "not_sad": 0.892679750919,
            "sad": 0.107320263982
        },
        "probability": 0.892679750919,
        "value": "not_sad"
    },
    "moods_mirex": {
        "all": {
            "Cluster1": 0.169632732868,
            "Cluster2": 0.0809719190001,
            "Cluster3": 0.109448589385,
            "Cluster4": 0.11097624898,
            "Cluster5": 0.528970479965
        },
        "probability": 0.528970479965,
        "value": "Cluster5"
    },
    "timbre": {
        "all": {
            "bright": 0.69793766737,
            "dark": 0.30206233263
        },
        "probability": 0.69793766737,
        "value": "bright"
    },
    "tonal_atonal": {
        "all": {
            "atonal": 0.0343238785863,
            "tonal": 0.965676128864
        },
        "probability": 0.965676128864,
        "value": "tonal"
    },
    "voice_instrumental": {
        "all": {
            "instrumental": 0.639782190323,
            "voice": 0.360217809677
        },
        "probability": 0.639782190323,
        "value": "instrumental"
    }
},
"lowlevel": {
    "average_loudness": 0.967522323132,
    "barkbands_crest": {
        "dmean": 2.73680901527,
        "dmean2": 4.51604652405,
        "dvar": 6.03370189667,
        "dvar2": 16.8959980011,
        "max": 24.8797092438,
        "mean": 8.59380722046,
        "median": 7.72340250015,
        "min": 2.8354279995,
        "var": 14.4208869934
    },
    "barkbands_flatness_db": {
        "dmean": 0.0210385322571,
        "dmean2": 0.0329914838076,
        "dvar": 0.000346978544258,
        "dvar2": 0.000825002265628,
        "max": 0.335864394903,
        "mean": 0.134009987116,
        "median": 0.126607760787,
        "min": 0.0551476366818,
        "var": 0.00175943085924
    },
    "barkbands_kurtosis": {
        "dmean": 1.40261411667,
        "dmean2": 2.21700525284,
        "dvar": 9.68383216858,
        "dvar2": 22.9468669891,
        "max": 69.5234146118,
        "mean": 0.826215326786,
        "median": -0.204191207886,
        "min": -1.86758172512,
        "var": 14.400809288
    },
    "barkbands_skewness": {
        "dmean": 0.493683040142,
        "dmean2": 0.778515398502,
        "dvar": 0.248603492975,
        "dvar2": 0.541493415833,
        "max": 7.89559698105,
        "mean": 0.632625877857,
        "median": 0.522908568382,
        "min": -3.83695340157,
        "var": 0.74254244566
    },
    "barkbands_spread": {
        "dmean": 6.13205575943,
        "dmean2": 9.41187858582,
        "dvar": 38.4551239014,
        "dvar2": 77.6525497437,
        "max": 86.7121124268,
        "mean": 26.2792072296,
        "median": 25.7193031311,
        "min": 2.3726439476,
        "var": 128.672637939
    },
    "dissonance": {
        "dmean": 0.0207812152803,
        "dmean2": 0.0346303060651,
        "dvar": 0.000399355049012,
        "dvar2": 0.00107133586425,
        "max": 0.500000119209,
        "mean": 0.461009114981,
        "median": 0.467434704304,
        "min": 0.284923523664,
        "var": 0.00104849773925
    },
    "dynamic_complexity": 2.37740755081,
    "erbbands_crest": {
        "dmean": 3.14567422867,
        "dmean2": 5.14281892776,
        "dvar": 8.42928791046,
        "dvar2": 22.1416530609,
        "max": 32.2852706909,
        "mean": 10.3556976318,
        "median": 9.39418697357,
        "min": 2.44921374321,
        "var": 21.0537509918
    },
    "erbbands_flatness_db": {
        "dmean": 0.0198095850646,
        "dmean2": 0.0295186564326,
        "dvar": 0.000298460596241,
        "dvar2": 0.000550769385882,
        "max": 0.32230079174,
        "mean": 0.176559284329,
        "median": 0.171355590224,
        "min": 0.0799465030432,
        "var": 0.00187691755127
    },
    "erbbands_kurtosis": {
        "dmean": 1.09545922279,
        "dmean2": 1.74928116798,
        "dvar": 3.53184890747,
        "dvar2": 8.11545944214,
        "max": 34.6172790527,
        "mean": 1.08151054382,
        "median": 0.464856624603,
        "min": -1.65832412243,
        "var": 8.205286026
    },
    "erbbands_skewness": {
        "dmean": 0.40928503871,
        "dmean2": 0.630200266838,
        "dvar": 0.159293264151,
        "dvar2": 0.33136805892,
        "max": 5.3258767128,
        "mean": 0.228549972177,
        "median": 0.184855177999,
        "min": -3.92181301117,
        "var": 0.58427721262
    },
    "erbbands_spread": {
        "dmean": 6.87914419174,
        "dmean2": 10.4287309647,
        "dvar": 55.5590248108,
        "dvar2": 115.332855225,
        "max": 100.478126526,
        "mean": 27.7558574677,
        "median": 24.4830341339,
        "min": 4.74928188324,
        "var": 168.890823364
    },
    "hfc": {
        "dmean": 8.8407831192,
        "dmean2": 13.000784874,
        "dvar": 103.178817749,
        "dvar2": 207.494186401,
        "max": 133.127288818,
        "mean": 35.1883773804,
        "median": 33.7877311707,
        "min": 0.0651717483997,
        "var": 447.37789917
    },
    "melbands_crest": {
        "dmean": 3.59073638916,
        "dmean2": 5.94982242584,
        "dvar": 8.48142719269,
        "dvar2": 22.5786685944,
        "max": 30.3137683868,
        "mean": 12.0807552338,
        "median": 11.3618125916,
        "min": 2.80066990852,
        "var": 22.0016803741
    },
    "melbands_flatness_db": {
        "dmean": 0.0269528143108,
        "dmean2": 0.0407957099378,
        "dvar": 0.000594591605477,
        "dvar2": 0.00146637216676,
        "max": 0.42430254817,
        "mean": 0.161743834615,
        "median": 0.155628487468,
        "min": 0.0404706262052,
        "var": 0.0027205303777
    },
    "melbands_kurtosis": {
        "dmean": 3.33854556084,
        "dmean2": 5.29566812515,
        "dvar": 40.1480789185,
        "dvar2": 83.3095397949,
        "max": 150.881958008,
        "mean": 4.02307891846,
        "median": 1.61376905441,
        "min": -1.7893986702,
        "var": 72.728012085
    },
    "melbands_skewness": {
        "dmean": 0.647390246391,
        "dmean2": 1.01916360855,
        "dvar": 0.393181085587,
        "dvar2": 0.907493650913,
        "max": 10.3467378616,
        "mean": 1.42576348782,
        "median": 1.20613074303,
        "min": -1.52921807766,
        "var": 1.21891772747
    },
    "melbands_spread": {
        "dmean": 9.69797515869,
        "dmean2": 15.5617933273,
        "dvar": 122.434013367,
        "dvar2": 267.919403076,
        "max": 144.997528076,
        "mean": 35.3898582458,
        "median": 33.8955192566,
        "min": 1.56933152676,
        "var": 281.548919678
    },
    "pitch_salience": {
        "dmean": 0.0734401643276,
        "dmean2": 0.120455443859,
        "dvar": 0.00382882216945,
        "dvar2": 0.010234951973,
        "max": 0.82979041338,
        "mean": 0.530706584454,
        "median": 0.526041686535,
        "min": 0.175824344158,
        "var": 0.0114328302443
    },
    "silence_rate_20dB": {
        "dmean": 0,
        "dmean2": 0,
        "dvar": 0,
        "dvar2": 0,
        "max": 1,
        "mean": 1,
        "median": 1,
        "min": 1,
        "var": 0
    },
    "silence_rate_30dB": {
        "dmean": 0.00464396271855,
        "dmean2": 0.00929511990398,
        "dvar": 0.0046223658137,
        "dvar2": 0.0123071204871,
        "max": 1,
        "mean": 0.996906399727,
        "median": 1,
        "min": 0,
        "var": 0.00308400322683
    },
    "silence_rate_60dB": {
        "dmean": 0.0108359130099,
        "dmean2": 0.0216886140406,
        "dvar": 0.0107184210792,
        "dvar2": 0.0243169367313,
        "max": 1,
        "mean": 0.0456303171813,
        "median": 0,
        "min": 0,
        "var": 0.0435486361384
    },
    "spectral_centroid": {
        "dmean": 261.660583496,
        "dmean2": 396.660949707,
        "dvar": 82578.9765625,
        "dvar2": 157833.15625,
        "max": 4301.58349609,
        "mean": 1704.85827637,
        "median": 1647.48718262,
        "min": 312.656463623,
        "var": 357377.375
    },
    "spectral_complexity": {
        "dmean": 4.02012395859,
        "dmean2": 5.99147939682,
        "dvar": 17.781332016,
        "dvar2": 35.2477912903,
        "max": 52,
        "mean": 22.7625675201,
        "median": 23,
        "min": 0,
        "var": 114.230484009
    },
    "spectral_decrease": {
        "dmean": 2.38368391692e-09,
        "dmean2": 3.86450027534e-09,
        "dvar": 7.26397174874e-18,
        "dvar2": 1.79077637757e-17,
        "max": -2.68045720168e-12,
        "mean": -8.1762436821e-09,
        "median": -8.03904232072e-09,
        "min": -3.520183256e-08,
        "var": 2.16754672411e-17
    },
    "spectral_energy": {
        "dmean": 0.00945543684065,
        "dmean2": 0.01523395814,
        "dvar": 0.000108900523628,
        "dvar2": 0.00026597964461,
        "max": 0.135624647141,
        "mean": 0.0340507030487,
        "median": 0.0339181162417,
        "min": 1.60279341799e-05,
        "var": 0.000349227717379
    },
    "spectral_energyband_high": {
        "dmean": 0.000633919611573,
        "dmean2": 0.000870825431775,
        "dvar": 1.15437399018e-06,
        "dvar2": 2.03604940907e-06,
        "max": 0.0145906126127,
        "mean": 0.00138359691482,
        "median": 0.000772642262746,
        "min": 3.81585505238e-06,
        "var": 2.9769955745e-06
    },
    "spectral_energyband_low": {
        "dmean": 0.00667680660263,
        "dmean2": 0.0112797571346,
        "dvar": 0.000101535544673,
        "dvar2": 0.000266887567705,
        "max": 0.123016424477,
        "mean": 0.0100914360955,
        "median": 0.00690081343055,
        "min": 4.08633038518e-09,
        "var": 0.000161749383551
    },
    "spectral_energyband_middle_high": {
        "dmean": 0.00386365619488,
        "dmean2": 0.00592514080927,
        "dvar": 1.49560628415e-05,
        "dvar2": 3.56753516826e-05,
        "max": 0.0456538423896,
        "mean": 0.0133732045069,
        "median": 0.0128837386146,
        "min": 7.74031923356e-06,
        "var": 7.70579354139e-05
    },
    "spectral_energyband_middle_low": {
        "dmean": 0.00464291963726,
        "dmean2": 0.00762589694932,
        "dvar": 3.78236763936e-05,
        "dvar2": 0.000103346857941,
        "max": 0.0622307807207,
        "mean": 0.0100865578279,
        "median": 0.0082431724295,
        "min": 3.93899540541e-07,
        "var": 6.50923175272e-05
    },
    "spectral_entropy": {
        "dmean": 0.156117081642,
        "dmean2": 0.22373251617,
        "dvar": 0.0234255380929,
        "dvar2": 0.0468598306179,
        "max": 8.67914867401,
        "mean": 7.62092971802,
        "median": 7.6724896431,
        "min": 6.24061822891,
        "var": 0.147427946329
    },
    "spectral_flux": {
        "dmean": 0.024640340358,
        "dmean2": 0.0401627495885,
        "dvar": 0.000550999189727,
        "dvar2": 0.00132004590705,
        "max": 0.258405536413,
        "mean": 0.107070215046,
        "median": 0.108892083168,
        "min": 0.00312804616988,
        "var": 0.00186279590707
    },
    "spectral_kurtosis": {
        "dmean": 1.31021475792,
        "dmean2": 2.16838479042,
        "dvar": 1.49963724613,
        "dvar2": 4.0898566246,
        "max": 14.1004886627,
        "mean": 3.59055042267,
        "median": 3.3296790123,
        "min": -0.168612480164,
        "var": 3.37337684631
    },
    "spectral_rms": {
        "dmean": 0.000775993161369,
        "dmean2": 0.00123461103067,
        "dvar": 5.68488701447e-07,
        "dvar2": 1.3785520423e-06,
        "max": 0.0115029010922,
        "mean": 0.00546984141693,
        "median": 0.00575246429071,
        "min": 0.000125048027257,
        "var": 3.30104035129e-06
    },
    "spectral_rolloff": {
        "dmean": 587.214233398,
        "dmean2": 962.724731445,
        "dvar": 1047314,
        "dvar2": 2223072.75,
        "max": 14018.1152344,
        "mean": 2049.48339844,
        "median": 1916.45507812,
        "min": 86.1328125,
        "var": 2055181.125
    },
    "spectral_skewness": {
        "dmean": 0.20965833962,
        "dmean2": 0.329267144203,
        "dvar": 0.0341874361038,
        "dvar2": 0.0840748026967,
        "max": 2.78298211098,
        "mean": 1.40512871742,
        "median": 1.39960312843,
        "min": -0.0586970113218,
        "var": 0.132175847888
    },
    "spectral_spread": {
        "dmean": 602696.6875,
        "dmean2": 874766.0625,
        "dvar": 481122254848,
        "dvar2": 977306320896,
        "max": 9839829,
        "mean": 4445153,
        "median": 4166217.5,
        "min": 2093502.25,
        "var": 1.5040764969e+12
    },
    "spectral_strongpeak": {
        "dmean": 1.08131790161,
        "dmean2": 1.87632393837,
        "dvar": 1.74582147598,
        "dvar2": 4.24332237244,
        "max": 9.81058979034,
        "mean": 1.5243076086,
        "median": 0.641210734844,
        "min": 0.0189918354154,
        "var": 2.72345161438
    },
    "zerocrossingrate": {
        "dmean": 0.0121764196083,
        "dmean2": 0.0143016101792,
        "dvar": 0.000187060853932,
        "dvar2": 0.000237467553234,
        "max": 0.27783203125,
        "mean": 0.0752247646451,
        "median": 0.06787109375,
        "min": 0.01025390625,
        "var": 0.00126819137949
    },
    "barkbands": {
        "dmean": [7.02017350704e-05, 0.00500837480649, 0.00222286535427, 0.000985951744951, 0.00137808476575, 0.000832742021885, 0.00128610397223, 0.000659562007058, 0.00168574298732, 0.0018020364223, 0.00119258312043, 0.000465506891487, 0.00092603667872, 0.000627194356639, 0.00115948170424, 0.000638365221675, 0.00037030223757, 0.000214151688851, 0.000322591513395, 0.000208744851989, 0.000189059399418, 0.000142334087286, 0.000112375040771, 0.000111613953777, 8.33944868646e-05, 3.09565511998e-05, 2.20778115789e-08],
        "dmean2": [0.000121180768474, 0.00882902182639, 0.00352365709841, 0.00173556955997, 0.00236410554498, 0.00133373390418, 0.00209305039607, 0.00106264650822, 0.00269167474471, 0.00271457247436, 0.00194317416754, 0.000741862226278, 0.00152625131886, 0.00102223374415, 0.00176598026883, 0.00104706187267, 0.000590001582168, 0.000353137089405, 0.000511873222422, 0.000322202919051, 0.000289015821181, 0.000211449558265, 0.000165199409821, 0.000161389674759, 0.000116809409519, 4.47795573564e-05, 3.98649326883e-08],
        "dvar": [8.77297612334e-09, 6.42058585072e-05, 1.94077711058e-05, 6.46422631689e-06, 7.18594355931e-06, 1.38578161568e-06, 7.63591560826e-06, 2.7220287393e-06, 8.53873552842e-06, 8.60351792653e-06, 3.46830825038e-06, 1.17882996165e-06, 2.57845908891e-06, 1.03385605144e-06, 4.18889385401e-06, 1.09107713797e-06, 3.12167571792e-07, 2.78829986655e-07, 5.13125883117e-07, 1.43889607784e-07, 1.44799088275e-07, 4.99637238249e-08, 6.31225773873e-08, 6.93169539545e-08, 4.18906118682e-08, 5.60361979041e-09, 8.96423184299e-15],
        "dvar2": [2.45451268199e-08, 0.000187763784197, 3.88532971556e-05, 1.86848865269e-05, 1.96218534256e-05, 3.61098000212e-06, 1.9221653929e-05, 6.39994914309e-06, 2.19128305616e-05, 1.88746871572e-05, 9.00971463125e-06, 2.77307231045e-06, 6.74888860885e-06, 2.59878561337e-06, 9.83921381703e-06, 2.78445008917e-06, 8.0229614241e-07, 7.29963858248e-07, 1.25674148421e-06, 3.05516437038e-07, 2.79695171912e-07, 1.04988913563e-07, 1.33378222245e-07, 1.4075645538e-07, 6.97907793779e-08, 1.02980060035e-08, 2.55339183093e-14],
        "max": [0.000870986375958, 0.071798324585, 0.0860315859318, 0.0308188013732, 0.0256845243275, 0.0119931409135, 0.0334952101111, 0.0259325820953, 0.0305654723197, 0.0313749164343, 0.0197429377586, 0.013572672382, 0.02050348185, 0.0106553770602, 0.0376223213971, 0.0141386482865, 0.0061660069041, 0.00651414785534, 0.0134121598676, 0.00633839285001, 0.00705285323784, 0.00341172260232, 0.00467213569209, 0.00439205858856, 0.00359985372052, 0.000833425903693, 1.51849587837e-06],
        "mean": [8.95444027265e-05, 0.0061335908249, 0.00328182592057, 0.00115866726264, 0.00171541690361, 0.00152046314906, 0.00181196455378, 0.000816675892565, 0.00243210559711, 0.00333121768199, 0.00192111753859, 0.000675337330904, 0.00144163239747, 0.00102930271532, 0.00212065130472, 0.00152239319868, 0.000670467736199, 0.000297816586681, 0.000500381109305, 0.000386533734854, 0.000367046624888, 0.000275571626844, 0.000183802752872, 0.000185100623639, 0.000136847986141, 4.52418607892e-05, 1.5362077832e-08],
        "median": [5.02117582073e-05, 0.00347748212516, 0.00159701681696, 0.000541783636436, 0.000986793776974, 0.000784928328358, 0.000801475020126, 0.00027436891105, 0.00091176154092, 0.000899250619113, 0.000705000478774, 0.000176424146048, 0.000624251086265, 0.000565311580431, 0.000993438763544, 0.000609056907706, 0.000442632590421, 0.000121053009934, 0.000237498286879, 0.000222193324589, 0.00019119195349, 0.000163554999745, 7.94511579443e-05, 7.07017970853e-05, 3.93023401557e-05, 9.67380492511e-06, 8.07369449074e-10],
        "min": [3.4287309103e-11, 1.84730605812e-10, 1.91929888649e-10, 8.94249951866e-10, 4.88299267687e-09, 4.26051993685e-09, 1.80612378387e-08, 5.64626958521e-08, 7.09329697202e-08, 7.74494210987e-08, 1.9752188507e-07, 1.98204475055e-07, 2.16867832137e-07, 3.43763161936e-07, 9.63165120993e-07, 5.15662918588e-07, 4.34257458437e-07, 5.16567979503e-07, 5.51320795239e-07, 1.62236437973e-06, 1.04777950583e-06, 1.9222686376e-07, 1.02703459959e-07, 3.91590972981e-08, 3.43679609216e-08, 1.35035966783e-11, 5.88066574603e-12],
        "var": [1.26483854501e-08, 7.21809701645e-05, 3.60457706847e-05, 4.91085620524e-06, 6.19924412604e-06, 3.58951933777e-06, 1.11862555059e-05, 3.76625371246e-06, 1.47158789332e-05, 2.49937729677e-05, 7.478677162e-06, 1.89644379134e-06, 4.35212859884e-06, 1.78021900865e-06, 9.1091133072e-06, 5.11930693392e-06, 5.31108867108e-07, 3.01160071103e-07, 6.80664811625e-07, 2.60090615711e-07, 2.85883061224e-07, 1.13599035956e-07, 1.12055708712e-07, 1.26761406705e-07, 9.60472448241e-08, 1.22503074351e-08, 5.54142760731e-15]
    },
    "erbbands": {
        "dmean": [0.100936062634, 1.30173540115, 2.91600394249, 2.4940764904, 4.3524312973, 4.53716993332, 5.04014730453, 7.11273765564, 14.2504863739, 20.6417369843, 18.073890686, 41.3554763794, 35.9572753906, 56.9240684509, 32.6871604919, 19.2328701019, 42.8381309509, 31.7251777649, 32.969039917, 68.0318222046, 30.5494384766, 17.2712726593, 12.0430402756, 16.3474254608, 12.3481168747, 9.8814163208, 9.18311786652, 6.20381116867, 5.29434204102, 3.62706661224, 3.49154663086, 2.68601584435, 1.73344790936, 1.20328140259, 0.453470528126, 0.192764267325, 0.051115449518, 0.00286184181459, 6.49391658953e-05, 1.38348459586e-05],
        "dmean2": [0.181702002883, 2.28539323807, 4.64773321152, 4.30670261383, 7.45420742035, 7.86841583252, 8.31801700592, 11.4898357391, 23.6138687134, 33.7072410583, 29.9361362457, 65.0398635864, 56.2637481689, 83.3090362549, 52.9892539978, 30.9918880463, 70.2925262451, 51.339138031, 50.7247123718, 104.094863892, 48.5128211975, 27.4764232635, 19.7829818726, 26.1666316986, 18.9967288971, 15.398267746, 13.8964328766, 9.41112709045, 7.98232126236, 5.40074157715, 5.17249011993, 3.94578933716, 2.50176739693, 1.73678612709, 0.646794617176, 0.275871366262, 0.0747985988855, 0.00425965338945, 9.2640890216e-05, 2.1112311515e-05],
        "dvar": [0.0263273660094, 4.29117870331, 28.8337783813, 27.7016105652, 120.105407715, 80.0103378296, 56.0244522095, 126.602020264, 1039.18994141, 2314.85498047, 1622.01062012, 5555.17431641, 5145.48144531, 8440.94628906, 2620.51538086, 1712.96826172, 5635.49316406, 2459.66552734, 2932.21069336, 10913.4052734, 2663.29296875, 659.302612305, 894.941772461, 1360.29260254, 631.76550293, 303.611877441, 360.599700928, 137.599136353, 69.5200653076, 50.656578064, 83.309425354, 52.7143173218, 15.6687278748, 8.19629478455, 1.61138796806, 0.213606730103, 0.0188374854624, 6.72778769513e-05, 2.70223718957e-08, 2.78573913937e-10],
        "dvar2": [0.0788449645042, 12.3179912567, 57.0952682495, 78.2186203003, 334.068847656, 221.626647949, 154.82144165, 324.078979492, 2781.94213867, 5667.35253906, 3944.67163086, 13868.9355469, 12279.6787109, 17724.0371094, 7180.44384766, 4064.80859375, 14651.9599609, 6135.35400391, 6469.55371094, 26836.9238281, 6387.99365234, 1667.04858398, 2385.04077148, 3510.47607422, 1373.21960449, 678.616455078, 703.264648438, 276.063842773, 148.318481445, 112.098808289, 195.459518433, 113.658721924, 31.4530277252, 14.2143955231, 3.09787607193, 0.391580879688, 0.0340874120593, 0.000136580871185, 5.0260872797e-08, 5.30641197649e-10],
        "max": [1.51706910133, 17.5929756165, 101.967605591, 59.6039085388, 148.46975708, 112.588516235, 80.1135559082, 147.800323486, 507.728515625, 811.279785156, 633.217590332, 888.316711426, 1518.7545166, 1202.03039551, 537.228637695, 509.006256104, 1036.48706055, 506.168640137, 928.233276367, 1660.33618164, 974.544433594, 334.364074707, 387.417907715, 580.690063477, 355.790740967, 248.273956299, 349.233825684, 209.508148193, 111.256958008, 172.802780151, 187.775970459, 144.279342651, 45.6678161621, 43.4815254211, 27.5934200287, 5.41457271576, 2.1928768158, 0.137498930097, 0.0027014054358, 0.00022927513055],
        "mean": [0.123551532626, 1.55041909218, 4.24769973755, 3.51631951332, 5.05064105988, 5.73325061798, 8.06389904022, 12.4647216797, 20.1736316681, 28.8115177155, 25.4970245361, 59.7301750183, 72.0842895508, 107.614707947, 56.3445129395, 33.4926452637, 67.0689620972, 55.7017059326, 67.0006103516, 131.225372314, 69.298576355, 35.8209075928, 18.9739437103, 24.7302627563, 21.6982040405, 18.5270614624, 17.5792770386, 12.3616714478, 10.3574581146, 6.45261764526, 5.46392965317, 4.37121582031, 2.82687997818, 1.92398953438, 0.717244267464, 0.2824845016, 0.0735950767994, 0.00370547175407, 0.000110035973194, 4.92269064125e-05],
        "median": [0.0544600635767, 0.895399034023, 2.26080012321, 1.97564947605, 2.48211145401, 3.14485359192, 5.04143857956, 6.0207118988, 8.68645000458, 11.6426506042, 10.3664102554, 25.0475158691, 26.5698738098, 51.0671424866, 27.9471282959, 13.4895982742, 30.044921875, 32.5194168091, 39.4021644592, 74.2111968994, 35.9914321899, 22.9951629639, 9.44862270355, 11.6061725616, 11.4478302002, 10.9520225525, 9.22376823425, 6.49944448471, 6.24189853668, 3.41148710251, 2.16751718521, 1.66124367714, 1.06132686138, 0.5716984272, 0.200775995851, 0.0684521272779, 0.0126930745319, 0.000613025156781, 4.27590966865e-05, 4.62521929876e-05],
        "min": [9.63622071026e-09, 5.5376265351e-08, 8.83613836322e-07, 3.7448439798e-06, 4.40791700385e-06, 2.14209085243e-05, 5.91673851886e-05, 4.69822552986e-05, 0.000158013048349, 0.000526554416865, 0.00140756077599, 0.0023426967673, 0.00385379511863, 0.00647488748655, 0.0112217068672, 0.0113737080246, 0.0257897321135, 0.0192523561418, 0.0241698082536, 0.0547584779561, 0.0276922397316, 0.0256128702313, 0.0546718388796, 0.0293550211936, 0.049762878567, 0.0667811334133, 0.0635007098317, 0.0202615838498, 0.00896851718426, 0.00452961912379, 0.00303471530788, 0.00148006470408, 0.00063397345366, 0.000373979011783, 4.54658293165e-05, 6.30237400401e-06, 9.15712007554e-07, 1.34642149874e-07, 5.86338053665e-08, 4.60450380046e-08],
        "var": [0.033744238317, 4.65805959702, 51.8895072937, 28.77693367, 93.7649154663, 67.5945205688, 92.9234542847, 269.034118652, 1326.9486084, 3222.37524414, 2338.92407227, 9150.59765625, 16430.859375, 21741.2597656, 5509.03515625, 3246.64916992, 9337.45507812, 4584.28710938, 7302.54541016, 23734.3476562, 9558.26074219, 1499.63818359, 906.621826172, 1703.69604492, 1145.18469238, 535.285827637, 686.12487793, 302.019561768, 156.190673828, 89.1647415161, 121.450706482, 83.9203491211, 29.2465114594, 18.1335086823, 3.07666826248, 0.451404124498, 0.042163927108, 0.000130812040879, 5.94390492381e-08, 9.69668678685e-10]
    },
    "gfcc": {
        "mean": [25.0014533997, 81.6293640137, -140.598678589, 35.1125335693, -60.9497795105, 27.4687805176, -35.8387489319, 13.5836143494, -18.7255134583, 5.97523355484, -20.3917713165, -3.45569062233, -1.54713022709],
        "cov": [[6350.41796875, 1065.06787109, 1105.94335938, 266.078063965, 305.714538574, 452.286376953, -99.9861984253, 294.229370117, 32.078956604, 67.2060852051, -113.439407349, 90.0300292969, -135.984893799], [1065.06787109, 1516.29528809, 342.168151855, 227.198074341, 256.960205078, -55.9856338501, 163.752334595, 1.13373553753, 109.531455994, -91.7978820801, 52.6522789001, -140.933105469, 79.9812393188], [1105.94335938, 342.168151855, 794.813537598, 108.516799927, -0.794547379017, 32.5442199707, -47.2368583679, 129.998291016, -45.7447166443, 36.5259284973, -24.9384860992, 29.51587677, -89.1200790405], [266.078063965, 227.198074341, 108.516799927, 360.708648682, 89.7271575928, -40.7251358032, 36.7584228516, -28.4605922699, 43.2206802368, -33.3917198181, -29.808763504, -67.2592544556, 47.7251930237], [305.714538574, 256.960205078, -0.794547379017, 89.7271575928, 294.652618408, 97.918548584, 71.5081863403, 13.7663431168, 5.37759256363, -21.1836853027, -5.95320320129, 3.23733568192, -22.7954483032], [452.286376953, -55.9856338501, 32.5442199707, -40.7251358032, 97.918548584, 234.701385498, 26.3679676056, 25.445400238, 5.6252951622, -2.45931887627, -13.1255712509, 33.3504333496, -22.647233963], [-99.9861984253, 163.752334595, -47.2368583679, 36.7584228516, 71.5081863403, 26.3679676056, 156.023529053, 0.706147193909, 3.84531235695, -16.9530124664, 11.8699178696, -21.9221935272, -1.17330098152], [294.229370117, 1.13373553753, 129.998291016, -28.4605922699, 13.7663431168, 25.445400238, 0.706147193909, 156.586334229, 13.1859731674, -3.72309350967, -12.5995349884, 26.730091095, -14.005197525], [32.078956604, 109.531455994, -45.7447166443, 43.2206802368, 5.37759256363, 5.6252951622, 3.84531235695, 13.1859731674, 150.297210693, 10.3716020584, -26.3725032806, -21.9518527985, 79.3962020874], [67.2060852051, -91.7978820801, 36.5259284973, -33.3917198181, -21.1836853027, -2.45931887627, -16.9530124664, -3.72309350967, 10.3716020584, 121.146789551, 43.4782676697, 15.9876089096, -45.112953186], [-113.439407349, 52.6522789001, -24.9384860992, -29.808763504, -5.95320320129, -13.1255712509, 11.8699178696, -12.5995349884, -26.3725032806, 43.4782676697, 141.867889404, 24.3682689667, -48.0305557251], [90.0300292969, -140.933105469, 29.51587677, -67.2592544556, 3.23733568192, 33.3504333496, -21.9221935272, 26.730091095, -21.9518527985, 15.9876089096, 24.3682689667, 110.931159973, -16.5785522461], [-135.984893799, 79.9812393188, -89.1200790405, 47.7251930237, -22.7954483032, -22.647233963, -1.17330098152, -14.005197525, 79.3962020874, -45.112953186, -48.0305557251, -16.5785522461, 171.248184204]],
        "icov": [[0.000439979397925, -0.000838816806208, 0.000340383441653, -0.000766412878875, 0.000739159760997, -0.0013040851336, 0.000956927833613, -0.000855662336107, 0.000726595928427, -0.00110447057523, 0.00117549113929, -0.00107905163895, 0.000591787043959], [-0.000838816806208, 0.00411216495559, -0.00297991349362, 0.00282648857683, -0.00422928761691, 0.00417144689709, -0.00347964465618, 0.00313347764313, -0.00383092206903, 0.00477603124455, -0.00531187700108, 0.00516125606373, -0.00265992013738], [0.000340383441653, -0.00297991349362, 0.00438891397789, -0.0031028802041, 0.00367001863196, -0.00299687241204, 0.00282932096161, -0.00378443021327, 0.00358992512338, -0.00408520922065, 0.00433605210856, -0.0040973299183, 0.00269182305783], [-0.000766412878875, 0.00282648857683, -0.0031028802041, 0.00665836688131, -0.00461861863732, 0.00445482181385, -0.00303018488921, 0.00381250027567, -0.00367215508595, 0.00423273071647, -0.00388704473153, 0.0054404004477, -0.00287967314944], [0.000739159760997, -0.00422928761691, 0.00367001863196, -0.00461861863732, 0.00957766547799, -0.00611221697181, 0.00194099196233, -0.00365025550127, 0.00377609627321, -0.00431058462709, 0.0056389044039, -0.00619563274086, 0.00403616810217], [-0.0013040851336, 0.00417144689709, -0.00299687241204, 0.00445482181385, -0.00611221697181, 0.0107521060854, -0.00460306974128, 0.00382120651193, -0.00483315112069, 0.005407912191, -0.00468388106674, 0.00394179997966, -0.00216230470687], [0.000956927833613, -0.00347964465618, 0.00282932096161, -0.00303018488921, 0.00194099196233, -0.00460306974128, 0.0111014219001, -0.00360270100646, 0.00340119912289, -0.00341440248303, 0.00323143904097, -0.00259747845121, 0.0023114788346], [-0.000855662336107, 0.00313347764313, -0.00378443021327, 0.00381250027567, -0.00365025550127, 0.00382120651193, -0.00360270100646, 0.0113017279655, -0.00529888598248, 0.00532970810309, -0.00362440617755, 0.00231841322966, -0.00118720787577], [0.000726595928427, -0.00383092206903, 0.00358992512338, -0.00367215508595, 0.00377609627321, -0.00483315112069, 0.00340119912289, -0.00529888598248, 0.014603859745, -0.00853227172047, 0.00562927685678, -0.00291345594451, -0.00301045482047], [-0.00110447057523, 0.00477603124455, -0.00408520922065, 0.00423273071647, -0.00431058462709, 0.005407912191, -0.00341440248303, 0.00532970810309, -0.00853227172047, 0.0174650680274, -0.00898288935423, 0.00502543523908, 0.0006643916131], [0.00117549113929, -0.00531187700108, 0.00433605210856, -0.00388704473153, 0.0056389044039, -0.00468388106674, 0.00323143904097, -0.00362440617755, 0.00562927685678, -0.00898288935423, 0.016237065196, -0.00881833862513, 0.0053351004608], [-0.00107905163895, 0.00516125606373, -0.0040973299183, 0.0054404004477, -0.00619563274086, 0.00394179997966, -0.00259747845121, 0.00231841322966, -0.00291345594451, 0.00502543523908, -0.00881833862513, 0.0186429489404, -0.00504135573283], [0.000591787043959, -0.00265992013738, 0.00269182305783, -0.00287967314944, 0.00403616810217, -0.00216230470687, 0.0023114788346, -0.00118720787577, -0.00301045482047, 0.0006643916131, 0.0053351004608, -0.00504135573283, 0.012504237704]]
    },
    "melbands": {
        "dmean": [0.00117195863277, 0.00159187731333, 0.000464001495857, 0.000329226517351, 0.000170364713995, 0.000163861186593, 0.000230166697293, 0.000205151140108, 0.000181487979717, 0.000249749340583, 0.000189270926057, 0.000246908079134, 0.000154034394654, 3.87313702959e-05, 9.8442651506e-05, 7.98457913334e-05, 6.29440473858e-05, 5.3151150496e-05, 9.85101360129e-05, 6.62634993205e-05, 3.69027256966e-05, 1.79340531758e-05, 2.08848232433e-05, 7.96734639152e-06, 1.47576220115e-05, 1.20599370348e-05, 7.28649274606e-06, 6.72700480209e-06, 7.00987902746e-06, 4.63771948489e-06, 3.73403304366e-06, 3.33569823852e-06, 2.74521107713e-06, 1.90828222912e-06, 2.12388044929e-06, 1.76260425633e-06, 1.75990123807e-06, 1.33732669383e-06, 1.01281182197e-06, 1.09295069706e-06],
        "dmean2": [0.00208759121597, 0.00265193055384, 0.000798698922154, 0.000565325142816, 0.000285008805804, 0.000263747700956, 0.000373153015971, 0.000334492826369, 0.000302194152027, 0.000388434011256, 0.000296301150229, 0.000361958227586, 0.000250763026997, 6.19718339294e-05, 0.000159735893249, 0.000129985564854, 0.000102248188341, 8.49189818837e-05, 0.000147731974721, 0.000106075240183, 5.85885136388e-05, 2.84955513052e-05, 3.38708050549e-05, 1.28870051412e-05, 2.38781485677e-05, 1.88111407624e-05, 1.16902019727e-05, 1.04809450931e-05, 1.0912779544e-05, 7.21206242815e-06, 5.78681465413e-06, 5.17710941494e-06, 4.0661325329e-06, 2.91184574053e-06, 3.23037124872e-06, 2.57378428614e-06, 2.66345591626e-06, 1.98563157028e-06, 1.51559561345e-06, 1.6349724774e-06],
        "dvar": [3.6528263081e-06, 6.59814213577e-06, 1.12410612019e-06, 4.35463306303e-07, 7.69792336541e-08, 6.17645738998e-08, 2.48486259125e-07, 2.13566181628e-07, 1.27839342667e-07, 1.83872955972e-07, 1.34276689323e-07, 1.61857613534e-07, 5.93322511122e-08, 4.90940266218e-09, 4.28929638474e-08, 1.69021898699e-08, 1.07332267518e-08, 7.91104781683e-09, 3.98047674821e-08, 8.75561934066e-09, 4.28057145285e-09, 5.88665782786e-10, 2.54021936819e-09, 2.39270520064e-10, 1.19870968707e-09, 6.59367227485e-10, 1.89855062227e-10, 1.55222917853e-10, 2.04090494504e-10, 8.71397259905e-11, 5.40960783113e-11, 2.73758064828e-11, 2.25071922905e-11, 1.64018989363e-11, 3.59272646355e-11, 1.72414166277e-11, 2.24709782032e-11, 9.95261078413e-12, 5.30294558265e-12, 7.74960911415e-12],
        "dvar2": [1.10094515549e-05, 1.50786781887e-05, 3.18281081491e-06, 1.18168884455e-06, 2.12984872405e-07, 1.58291499019e-07, 6.51470031698e-07, 5.22735774666e-07, 3.34275000569e-07, 4.51171871418e-07, 3.19434462881e-07, 3.38788709087e-07, 1.59858771553e-07, 1.24944028457e-08, 1.04073720308e-07, 4.70920618056e-08, 2.66957922435e-08, 1.84848953921e-08, 9.54537568987e-08, 2.2248404008e-08, 9.77991998496e-09, 1.47798828731e-09, 6.67590027703e-09, 5.95763438582e-10, 3.13103210026e-09, 1.55067159113e-09, 3.97510024897e-10, 3.57595592027e-10, 4.06425920696e-10, 1.98147637187e-10, 1.16761114666e-10, 6.19075693487e-11, 4.67118704828e-11, 4.04139915977e-11, 8.78707384633e-11, 3.70721092713e-11, 4.85008422313e-11, 1.99774589232e-11, 1.06235272315e-11, 1.42542713744e-11],
        "max": [0.0177998058498, 0.0394432283938, 0.0141494581476, 0.00682147918269, 0.00277849636041, 0.00287647102959, 0.0072774970904, 0.0073424289003, 0.00435413047671, 0.00487134885043, 0.00734055833891, 0.00526688853279, 0.0024596627336, 0.000980766373686, 0.00222591939382, 0.00145989086013, 0.00108303339221, 0.00165513413958, 0.0039347326383, 0.00116952438839, 0.00118514313363, 0.000250950659392, 0.000727067992557, 0.000160539115313, 0.000542253779713, 0.000496345746797, 0.000291946344078, 0.000206169395824, 0.000251991761615, 0.000173872744199, 0.000156351496116, 6.56504489598e-05, 7.96793610789e-05, 9.52672708081e-05, 0.000128138664877, 7.27909064153e-05, 8.72126256581e-05, 3.66852764273e-05, 3.09930583171e-05, 3.90568930015e-05],
        "mean": [0.00141480751336, 0.00223643239588, 0.000678758136928, 0.000398188713007, 0.000275782222161, 0.000293166114716, 0.000330168899382, 0.000283818022581, 0.00024956362904, 0.000358205492375, 0.000369240966393, 0.000462031195639, 0.000248280237429, 6.10464485362e-05, 0.000142596865771, 0.000128801329993, 0.000100927019957, 9.27125802264e-05, 0.000167779828189, 0.000151707572513, 6.54945761198e-05, 3.61097627319e-05, 2.84431134787e-05, 1.20789763969e-05, 2.0899622541e-05, 1.87081986951e-05, 1.29710933834e-05, 1.16686996989e-05, 1.22237252071e-05, 7.96916629042e-06, 6.98128269505e-06, 6.23252253718e-06, 4.5887431952e-06, 3.09735014525e-06, 3.14592307404e-06, 2.76354148809e-06, 2.70897271548e-06, 2.08328810913e-06, 1.66076893038e-06, 1.61684113209e-06],
        "median": [0.000721898046322, 0.00141347385943, 0.000398584408686, 0.000220956382691, 0.000180103656021, 0.00014230114175, 0.000146720325574, 0.000111869179818, 8.59216088429e-05, 0.000139706025948, 0.000108331070805, 0.000199791102204, 9.7464362625e-05, 2.30765999731e-05, 4.26327533205e-05, 5.55092919967e-05, 5.00043497595e-05, 5.0551872846e-05, 7.33139895601e-05, 7.76939559728e-05, 2.8620568628e-05, 2.29640645557e-05, 1.03250322354e-05, 5.61154774914e-06, 9.11131610337e-06, 9.09334357857e-06, 6.80976972944e-06, 6.72309624861e-06, 6.02878981226e-06, 3.86120836993e-06, 3.6974709019e-06, 3.5348102756e-06, 2.53810230788e-06, 1.53516418777e-06, 1.23634265492e-06, 1.06993525151e-06, 9.70043856796e-07, 7.30216243028e-07, 6.03998728366e-07, 4.22899546493e-07],
        "min": [1.22537910374e-10, 4.23246937498e-10, 8.54878612344e-10, 5.19787324293e-10, 2.09573891574e-09, 1.15750653507e-09, 2.55986876141e-09, 7.5242647668e-09, 1.04345811991e-08, 1.2669118199e-08, 1.6382349699e-08, 2.27173408973e-08, 3.01378548784e-08, 4.05722637709e-08, 4.19155981035e-08, 4.97023400214e-08, 3.18907389385e-08, 2.47187390556e-08, 7.49031272562e-08, 5.82768819868e-08, 2.82232104354e-08, 2.18990425793e-08, 2.82326677592e-08, 1.82768218338e-08, 1.61875064464e-08, 2.80173537703e-08, 3.89829217795e-08, 3.85391025759e-08, 4.57036932744e-08, 1.35255762146e-08, 6.63672716783e-09, 4.72176076016e-09, 2.66129029924e-09, 1.75210845832e-09, 1.45159206877e-09, 1.46901291131e-09, 6.48119113933e-10, 5.21003851173e-10, 1.66766322973e-10, 2.67314559377e-10],
