{
"highlevel": {
    "danceability": {
        "all": {
            "danceable": 0.928035736084,
            "not_danceable": 0.0719642564654
        },
        "probability": 0.928035736084,
        "value": "danceable"
    },
    "gender": {
        "all": {
            "female": 0.327880084515,
            "male": 0.672119915485
        },
        "probability": 0.672119915485,
        "value": "male"
    },
    "genre_dortmund": {
        "all": {
            "alternative": 0.0536470301449,
            "blues": 0.027818242088,
            "electronic": 0.391100645065,
            "folkcountry": 0.0448602922261,
            "funksoulrnb": 0.0515075065196,
            "jazz": 0.0612968876958,
            "pop": 0.0325180739164,
            "raphiphop": 0.175054043531,
            "rock": 0.162197262049
        },
        "probability": 0.391100645065,
        "value": "electronic"
    },
    "genre_electronic": {
        "all": {
            "ambient": 0.438410997391,
            "dnb": 0.135489046574,
            "house": 0.343183189631,
            "techno": 0.0185215454549,
            "trance": 0.0643952339888
        },
        "probability": 0.438410997391,
        "value": "ambient"
    },
    "genre_rosamerica": {
        "all": {
            "cla": 0.026183206588,
            "dan": 0.110271759331,
            "hip": 0.38762062788,
            "jaz": 0.0463152825832,
            "pop": 0.242755368352,
            "rhy": 0.0884039103985,
            "roc": 0.0834945440292,
            "spe": 0.0149552961811
        },
        "probability": 0.38762062788,
        "value": "hip"
    },
    "genre_tzanetakis": {
        "all": {
            "blu": 0.0626613423228,
            "cla": 0.0348169617355,
            "cou": 0.104475811124,
            "dis": 0.0784321576357,
            "hip": 0.15692435205,
            "jaz": 0.313974827528,
            "met": 0.0448166541755,
            "pop": 0.0627359300852,
            "reg": 0.0627360641956,
            "roc": 0.0784258767962
        },
        "probability": 0.313974827528,
        "value": "jaz"
    },
    "ismir04_rhythm": {
        "all": {
            "ChaChaCha": 0.0657944306731,
            "Jive": 0.202608525753,
            "Quickstep": 0.108699031174,
            "Rumba-American": 0.0110761960968,
            "Rumba-International": 0.174890607595,
            "Rumba-Misc": 0.0291742309928,
            "Samba": 0.338211268187,
            "Tango": 0.0117936944589,
            "VienneseWaltz": 0.0400525853038,
            "Waltz": 0.0176994372159
        },
        "probability": 0.338211268187,
        "value": "Samba"
    },
    "mood_acoustic": {
        "all": {
            "acoustic": 0.0736283436418,
            "not_acoustic": 0.926371634007
        },
        "probability": 0.926371634007,
        "value": "not_acoustic"
    },
    "mood_aggressive": {
        "all": {
            "aggressive": 0.131963074207,
            "not_aggressive": 0.868036925793
        },
        "probability": 0.868036925793,
        "value": "not_aggressive"
    },
    "mood_electronic": {
        "all": {
            "electronic": 0.921905696392,
            "not_electronic": 0.0780943185091
        },
        "probability": 0.921905696392,
        "value": "electronic"
    },
    "mood_happy": {
        "all": {
            "happy": 0.044536575675,
            "not_happy": 0.955463409424
        },
        "probability": 0.955463409424,
        "value": "not_happy"
    },
    "mood_party": {
        "all": {
            "not_party": 0.354545921087,
            "party": 0.64545404911
        },
        "probability": 0.64545404911,
        "value": "party"
    },
    "mood_relaxed": {
        "all": {
            "not_relaxed": 0.964535951614,
            "relaxed": 0.0354640446603
        },
        "probability": 0.964535951614,
        "value": "not_relaxed"
    },
    "mood_sad": {
        "all": {
            "not_sad": 0.662904143333,
            "sad": 0.337095886469
        },
        "probability": 0.662904143333,
        "value": "not_sad"
    },
    "moods_mirex": {
        "all": {
            "Cluster1": 0.295405238867,
            "Cluster2": 0.288215965033,
            "Cluster3": 0.0980968177319,
            "Cluster4": 0.0647099241614,
            "Cluster5": 0.253572076559
        },
        "probability": 0.295405238867,
        "value": "Cluster1"
    },
    "timbre": {
        "all": {
            "bright": 0.75844335556,
            "dark": 0.24155664444
        },
        "probability": 0.75844335556,
        "value": "bright"
    },
    "tonal_atonal": {
        "all": {
            "atonal": 0.251464813948,
            "tonal": 0.748535215855
        },
        "probability": 0.748535215855,
        "value": "tonal"
    },
    "voice_instrumental": {
        "all": {
            "instrumental": 0.431584745646,
            "voice": 0.568415224552
        },
        "probability": 0.568415224552,
        "value": "voice"
    }
},
"lowlevel": {
    "average_loudness": 0.955152511597,
    "barkbands_crest": {
        "dmean": 2.75596404076,
        "dmean2": 4.00107097626,
        "dvar": 6.49520540237,
        "dvar2": 12.7483997345,
        "max": 25.8235225677,
        "mean": 10.2140340805,
        "median": 8.4083366394,
        "min": 2.4913277626,
        "var": 31.4658050537
    },
    "barkbands_flatness_db": {
        "dmean": 0.0249102320522,
        "dmean2": 0.0345617644489,
        "dvar": 0.000530733610503,
        "dvar2": 0.000924282241613,
        "max": 0.39915317297,
        "mean": 0.15984338522,
        "median": 0.155390262604,
        "min": 0.0427245907485,
        "var": 0.00348367425613
    },
    "barkbands_kurtosis": {
        "dmean": 3.61857151985,
        "dmean2": 5.1495923996,
        "dvar": 48.3840751648,
        "dvar2": 83.4043731689,
        "max": 106.584739685,
        "mean": 4.9147734642,
        "median": 0.888642311096,
        "min": -1.81711065769,
        "var": 137.560791016
    },
    "barkbands_skewness": {
        "dmean": 0.669041633606,
        "dmean2": 0.923603951931,
        "dvar": 0.457643687725,
        "dvar2": 0.747000277042,
        "max": 8.7657957077,
        "mean": 1.53637838364,
        "median": 1.1511336565,
        "min": -1.23299527168,
        "var": 2.33792257309
    },
    "barkbands_spread": {
        "dmean": 7.3180103302,
        "dmean2": 9.7074098587,
        "dvar": 74.8461761475,
        "dvar2": 112.915657043,
        "max": 90.3264541626,
        "mean": 22.5947933197,
        "median": 17.1581878662,
        "min": 0.931207597256,
        "var": 264.297088623
    },
    "dissonance": {
        "dmean": 0.020614715293,
        "dmean2": 0.0344630293548,
        "dvar": 0.000413343805121,
        "dvar2": 0.00110231491271,
        "max": 0.499998450279,
        "mean": 0.466420650482,
        "median": 0.472165256739,
        "min": 0.332358896732,
        "var": 0.000664251972921
    },
    "dynamic_complexity": 1.9269169569,
    "erbbands_crest": {
        "dmean": 2.72394752502,
        "dmean2": 4.35341835022,
        "dvar": 6.81108951569,
        "dvar2": 15.3194952011,
        "max": 30.820520401,
        "mean": 8.68357849121,
        "median": 7.58227396011,
        "min": 2.68708753586,
        "var": 17.8318977356
    },
    "erbbands_flatness_db": {
        "dmean": 0.0206478592008,
        "dmean2": 0.0290486887097,
        "dvar": 0.000371253059711,
        "dvar2": 0.000706643797457,
        "max": 0.324400365353,
        "mean": 0.169271826744,
        "median": 0.171475753188,
        "min": 0.0720587223768,
        "var": 0.00198927638121
    },
    "erbbands_kurtosis": {
        "dmean": 1.07696652412,
        "dmean2": 1.71496188641,
        "dvar": 1.85526621342,
        "dvar2": 4.30722141266,
        "max": 19.7594947815,
        "mean": 0.450062990189,
        "median": -0.0132296085358,
        "min": -1.67086601257,
        "var": 3.40965485573
    },
    "erbbands_skewness": {
        "dmean": 0.458608776331,
        "dmean2": 0.679246425629,
        "dvar": 0.152680367231,
        "dvar2": 0.299012869596,
        "max": 2.70307421684,
        "mean": 0.0457575134933,
        "median": 0.0649177953601,
        "min": -3.54021167755,
        "var": 0.528989076614
    },
    "erbbands_spread": {
        "dmean": 9.82093429565,
        "dmean2": 14.8931093216,
        "dvar": 113.981231689,
        "dvar2": 250.159973145,
        "max": 120.832199097,
        "mean": 36.0617523193,
        "median": 30.6089935303,
        "min": 4.76004457474,
        "var": 354.172790527
    },
    "hfc": {
        "dmean": 10.2123413086,
        "dmean2": 13.9923725128,
        "dvar": 227.698074341,
        "dvar2": 388.79006958,
        "max": 126.301986694,
        "mean": 19.8151168823,
        "median": 11.8962144852,
        "min": 1.70993077755,
        "var": 415.503967285
    },
    "melbands_crest": {
        "dmean": 3.71630978584,
        "dmean2": 5.87379407883,
        "dvar": 11.3236589432,
        "dvar2": 27.7461051941,
        "max": 32.14320755,
        "mean": 15.1934785843,
        "median": 13.4774007797,
        "min": 3.55134320259,
        "var": 46.3203163147
    },
    "melbands_flatness_db": {
        "dmean": 0.0331252031028,
        "dmean2": 0.0421203970909,
        "dvar": 0.000913672149181,
        "dvar2": 0.00151568639558,
        "max": 0.502414166927,
        "mean": 0.213747993112,
        "median": 0.208732500672,
        "min": 0.025768769905,
        "var": 0.00715767219663
    },
    "melbands_kurtosis": {
        "dmean": 8.18447113037,
        "dmean2": 12.0948934555,
        "dvar": 204.684570312,
        "dvar2": 385.863555908,
        "max": 169.397537231,
        "mean": 13.7690372467,
        "median": 5.39564323425,
        "min": -1.648827672,
        "var": 556.987915039
    },
    "melbands_skewness": {
        "dmean": 0.851748645306,
        "dmean2": 1.23873496056,
        "dvar": 0.853352844715,
        "dvar2": 1.62527382374,
        "max": 11.7159147263,
        "mean": 2.61591863632,
        "median": 2.11107158661,
        "min": -1.2045609951,
        "var": 3.69495820999
    },
    "melbands_spread": {
        "dmean": 9.84421062469,
        "dmean2": 13.838104248,
        "dvar": 167.18737793,
        "dvar2": 295.976806641,
        "max": 144.948165894,
        "mean": 25.4212036133,
        "median": 20.0322666168,
        "min": 0.841166138649,
        "var": 422.541229248
    },
    "pitch_salience": {
        "dmean": 0.0818272531033,
        "dmean2": 0.12688267231,
        "dvar": 0.00787878315896,
        "dvar2": 0.0176790468395,
        "max": 0.836780250072,
        "mean": 0.519847214222,
        "median": 0.546625375748,
        "min": 0.0965032503009,
        "var": 0.0234394222498
    },
    "silence_rate_20dB": {
        "dmean": 0,
        "dmean2": 0,
        "dvar": 0,
        "dvar2": 0,
        "max": 1,
        "mean": 1,
        "median": 1,
        "min": 1,
        "var": 0
    },
    "silence_rate_30dB": {
        "dmean": 0.0526315793395,
        "dmean2": 0.105344690382,
        "dvar": 0.0498610027134,
        "dvar2": 0.108190342784,
        "max": 1,
        "mean": 0.931167840958,
        "median": 1,
        "min": 0,
        "var": 0.0640942677855
    },
    "silence_rate_60dB": {
        "dmean": 0,
        "dmean2": 0,
        "dvar": 0,
        "dvar2": 0,
        "max": 0,
        "mean": 0,
        "median": 0,
        "min": 0,
        "var": 0
    },
    "spectral_centroid": {
        "dmean": 330.785827637,
        "dmean2": 442.77923584,
        "dvar": 143025.359375,
        "dvar2": 224603.984375,
        "max": 3653.07910156,
        "mean": 1242.67102051,
        "median": 1012.08410645,
        "min": 175.891403198,
        "var": 461293.28125
    },
    "spectral_complexity": {
        "dmean": 4.92414855957,
        "dmean2": 6.91479492188,
        "dvar": 36.6800193787,
        "dvar2": 51.521572113,
        "max": 56,
        "mean": 19.191028595,
        "median": 16,
        "min": 5,
        "var": 88.8412628174
    },
    "spectral_decrease": {
        "dmean": 2.76214628947e-09,
        "dmean2": 4.02175359682e-09,
        "dvar": 1.7442446557e-17,
        "dvar2": 2.90767749598e-17,
        "max": -6.74665601164e-10,
        "mean": -7.77472042301e-09,
        "median": -4.6203814108e-09,
        "min": -3.63142014237e-08,
        "var": 6.63343198556e-17
    },
    "spectral_energy": {
        "dmean": 0.0111206546426,
        "dmean2": 0.0160391908139,
        "dvar": 0.000261082488578,
        "dvar2": 0.0004415656731,
        "max": 0.138113170862,
        "mean": 0.0311408881098,
        "median": 0.019039651379,
        "min": 0.00270143919624,
        "var": 0.000967051833868
    },
    "spectral_energyband_high": {
        "dmean": 0.000681468751281,
        "dmean2": 0.000902258383576,
        "dvar": 1.47415050833e-06,
        "dvar2": 2.19352341446e-06,
        "max": 0.00879044272006,
        "mean": 0.00093477620976,
        "median": 0.000153957502334,
        "min": 2.54873930317e-06,
        "var": 3.04243530991e-06
    },
    "spectral_energyband_low": {
        "dmean": 0.00685199443251,
        "dmean2": 0.00955352559686,
        "dvar": 0.000245922594331,
        "dvar2": 0.000386286759749,
        "max": 0.132193297148,
        "mean": 0.016791049391,
        "median": 0.0042028692551,
        "min": 1.00168808785e-05,
        "var": 0.000884024018887
    },
    "spectral_energyband_middle_high": {
        "dmean": 0.00249286927283,
        "dmean2": 0.00353963975795,
        "dvar": 2.12307459151e-05,
        "dvar2": 4.03398662456e-05,
        "max": 0.0484460480511,
        "mean": 0.00499615026638,
        "median": 0.00302749616094,
        "min": 0.000355176976882,
        "var": 3.74702249246e-05
    },
    "spectral_energyband_middle_low": {
        "dmean": 0.00602372083813,
        "dmean2": 0.010614277795,
        "dvar": 0.000148583014379,
        "dvar2": 0.000418584299041,
        "max": 0.0921857431531,
        "mean": 0.00954697560519,
        "median": 0.00703112548217,
        "min": 0.00103523815051,
        "var": 0.000104783757706
    },
    "spectral_entropy": {
        "dmean": 0.208735466003,
        "dmean2": 0.289794236422,
        "dvar": 0.0414692610502,
        "dvar2": 0.0810241624713,
        "max": 8.66176223755,
        "mean": 7.47760391235,
        "median": 7.40433120728,
        "min": 6.13310432434,
        "var": 0.207950696349
    },
    "spectral_flux": {
        "dmean": 0.0325721427798,
        "dmean2": 0.0484263077378,
        "dvar": 0.00162412843201,
        "dvar2": 0.00261574378237,
        "max": 0.354328155518,
        "mean": 0.0930395647883,
        "median": 0.0702797994018,
        "min": 0.0243430193514,
        "var": 0.00392561685294
    },
    "spectral_kurtosis": {
        "dmean": 2.64336752892,
        "dmean2": 4.27296829224,
        "dvar": 8.92008781433,
        "dvar2": 25.473575592,
        "max": 33.502948761,
        "mean": 6.21313428879,
        "median": 5.14503002167,
        "min": -1.26493060589,
        "var": 25.5749549866
    },
    "spectral_rms": {
        "dmean": 0.000926427717786,
        "dmean2": 0.00131525134202,
        "dvar": 1.27780901948e-06,
        "dvar2": 2.19456887862e-06,
        "max": 0.0116079524159,
        "mean": 0.00501000601798,
        "median": 0.00430990336463,
        "min": 0.00162343785632,
        "var": 5.28116925125e-06
    },
    "spectral_rolloff": {
        "dmean": 723.530639648,
        "dmean2": 1092.77319336,
        "dvar": 1408392,
        "dvar2": 2532693.25,
        "max": 10056.0058594,
        "mean": 1607.3112793,
        "median": 1098.19335938,
        "min": 64.599609375,
        "var": 2998844
    },
    "spectral_skewness": {
        "dmean": 0.334686726332,
        "dmean2": 0.501418590546,
        "dvar": 0.101466849446,
        "dvar2": 0.230670526624,
        "max": 3.99265766144,
        "mean": 1.76823461056,
        "median": 1.77699828148,
        "min": 0.168317869306,
        "var": 0.415278822184
    },
    "spectral_spread": {
        "dmean": 698735.4375,
        "dmean2": 967967.3125,
        "dvar": 733057449984,
        "dvar2": 1.23313651712e+12,
        "max": 15440242,
        "mean": 4119350.5,
        "median": 3642975.5,
        "min": 1387954,
        "var": 3.25118669619e+12
    },
    "spectral_strongpeak": {
        "dmean": 0.469690978527,
        "dmean2": 0.775150001049,
        "dvar": 0.578143298626,
        "dvar2": 1.32566833496,
        "max": 8.29286575317,
        "mean": 0.797495245934,
        "median": 0.446565806866,
        "min": 0,
        "var": 1.08822751045
    },
    "zerocrossingrate": {
        "dmean": 0.0157054979354,
        "dmean2": 0.0157343056053,
        "dvar": 0.000318719248753,
        "dvar2": 0.00031022267649,
        "max": 0.3115234375,
        "mean": 0.0571360811591,
        "median": 0.04296875,
        "min": 0.0029296875,
        "var": 0.00185330782551
    },
    "barkbands": {
        "dmean": [0.000405719212722, 0.00595576362684, 0.003283072263, 0.00181309727486, 0.00327635509893, 0.000918303849176, 0.000527475436684, 0.000750764913391, 0.000570642761886, 0.00028255439247, 0.000361266254913, 0.000527888536453, 0.000275791244349, 0.000386678264476, 0.000385844265111, 0.000307340553263, 0.000371307629393, 0.000420666649006, 0.000246144656558, 0.000187291661859, 0.000130558255478, 0.000147154918523, 0.000140430332976, 0.000117516130558, 0.000104972015833, 2.3813396183e-05, 1.66618345787e-08],
        "dmean2": [0.000666457926854, 0.00687834294513, 0.0056637567468, 0.00325623271056, 0.00585777824745, 0.00160335958935, 0.000830045901239, 0.0011837715283, 0.000905264983885, 0.000461804884253, 0.000543624802958, 0.000798158987891, 0.000420095486334, 0.000603124091867, 0.000631275237538, 0.000477738096379, 0.00056344101904, 0.000639843696263, 0.000362912629498, 0.000272758217761, 0.000179241164005, 0.00019695944502, 0.000194560474483, 0.000157642658451, 0.000149876461364, 3.69226581824e-05, 2.97837097207e-08],
        "dvar": [7.81585015375e-07, 0.000206993878237, 0.000129896492581, 2.57233659795e-05, 5.05373245687e-05, 2.94307619697e-06, 8.89198531695e-07, 1.76152002496e-06, 8.84957444214e-07, 2.06220050813e-07, 7.72252235492e-07, 1.16511728265e-06, 2.98805559851e-07, 5.2380141824e-07, 7.29385988052e-07, 7.54837799377e-07, 7.79053209499e-07, 1.35790867262e-06, 4.08340611102e-07, 1.3938975485e-07, 5.98090892368e-08, 8.1647847594e-08, 7.66384289363e-08, 5.12618818505e-08, 5.17532718902e-08, 1.93587545994e-09, 8.1406083453e-15],
        "dvar2": [2.13886664824e-06, 0.000239352448261, 0.000351426249836, 7.45112993172e-05, 0.000143685829244, 8.12246071291e-06, 1.88232161236e-06, 3.89139268009e-06, 2.19888352149e-06, 5.02584896367e-07, 1.68937140188e-06, 2.59464877672e-06, 5.3598193972e-07, 1.11275699055e-06, 1.66332301887e-06, 1.729552082e-06, 1.4662734884e-06, 3.25415135194e-06, 7.33298804789e-07, 2.80948910358e-07, 9.86130217484e-08, 1.36263068384e-07, 1.40376243962e-07, 9.29783610104e-08, 9.94432269863e-08, 4.23519974646e-09, 1.8964423944e-14],
        "max": [0.0119982650504, 0.12993080914, 0.0855584964156, 0.0400813631713, 0.0568040758371, 0.0139291873202, 0.0153558803722, 0.0165173653513, 0.014059022069, 0.00604350399226, 0.0143510131165, 0.018033452332, 0.0144027909264, 0.0132897207513, 0.0067604961805, 0.0215550456196, 0.00837151985615, 0.0106035014614, 0.00578955607489, 0.00292958924547, 0.00188536837231, 0.0027941907756, 0.00216396525502, 0.00322877545841, 0.00310520222411, 0.000305498833768, 1.72927605036e-06],
        "mean": [0.000718653609511, 0.0118295941502, 0.00316013325937, 0.00193802604917, 0.00325264013372, 0.00118448014837, 0.000873981043696, 0.00124167394824, 0.000971806875896, 0.000406425766414, 0.000589795003179, 0.000838745210785, 0.000449968356406, 0.000586694688536, 0.000450937630376, 0.000411798449932, 0.000474531116197, 0.000419368501753, 0.000281975633698, 0.000222716436838, 0.000166477446328, 0.000201833288884, 0.000172488202224, 0.000149023879203, 0.000120936419989, 2.61779296125e-05, 1.10227187378e-08],
        "median": [2.95425670629e-05, 0.00102387391962, 0.00110836420208, 0.000919414043892, 0.00142728188075, 0.000519070774317, 0.000375188945327, 0.000624966865871, 0.000569688971154, 0.000189045778825, 0.000181123788934, 0.000320010760333, 0.000214654195588, 0.000258566084085, 0.000184353280929, 0.00011245150381, 0.000100713434222, 7.45580910007e-05, 4.18832532887e-05, 4.11445835198e-05, 2.14374849747e-05, 2.59494281636e-05, 2.34274466493e-05, 1.88445701497e-05, 8.58993826114e-06, 1.54769452365e-06, 4.63385607663e-10],
        "min": [1.13873452889e-08, 2.98056511383e-06, 3.18110346598e-06, 6.6746599714e-07, 3.61024031008e-05, 2.48713040492e-05, 1.11235149234e-05, 1.99251462618e-05, 1.5699524738e-05, 4.35494257545e-06, 4.56619818578e-06, 1.18152838695e-05, 1.3764571122e-05, 1.13726810014e-05, 1.36853150252e-05, 6.65348079565e-06, 2.96590860671e-06, 3.0731687275e-06, 1.83837039458e-06, 8.55853272697e-07, 2.16654598262e-07, 3.17896649449e-07, 1.17004887557e-07, 1.14613683877e-07, 5.17907716713e-09, 1.4561289674e-11, 6.09994693646e-12],
        "var": [2.16576859202e-06, 0.000704177597072, 8.76302074175e-05, 1.56902242452e-05, 3.34672804456e-05, 3.02461558022e-06, 1.71021542883e-06, 3.75795571017e-06, 1.43120507801e-06, 3.44216033454e-07, 1.62276444371e-06, 2.29753072745e-06, 1.02106389477e-06, 1.1283357253e-06, 7.48310583276e-07, 1.19429955703e-06, 1.14961619602e-06, 1.29454838316e-06, 5.36059530987e-07, 1.84348010634e-07, 1.09521842262e-07, 1.60962116524e-07, 1.27614796952e-07, 9.5816268697e-08, 7.89199532392e-08, 2.73163180964e-09, 5.77475765571e-15]
    },
    "erbbands": {
        "dmean": [0.246044352651, 1.27690541744, 3.36167645454, 5.0021238327, 8.17709922791, 11.4144763947, 11.0765447617, 6.5398144722, 5.80960655212, 11.9575366974, 18.8320140839, 9.58891868591, 8.82927417755, 8.62176418304, 14.162812233, 18.1779346466, 13.9945745468, 19.3346881866, 17.8671302795, 17.0464878082, 18.7152729034, 23.8992347717, 23.1788425446, 14.3861608505, 11.537530899, 8.15180683136, 5.68353939056, 4.99844789505, 5.69140863419, 5.27183151245, 3.96681761742, 2.77727413177, 1.90446388721, 1.44554686546, 0.601764380932, 0.171950131655, 0.0318957269192, 0.00184185605031, 4.88778023282e-05, 1.59722021635e-05],
        "dmean2": [0.306175112724, 1.34710812569, 5.49562978745, 8.64779663086, 14.997376442, 20.2168369293, 19.0954055786, 11.3659200668, 9.68033695221, 18.5235805511, 29.5113945007, 15.6074342728, 14.705529213, 13.0815105438, 21.3696784973, 27.7651767731, 20.6784114838, 29.6029491425, 28.7635002136, 26.8495807648, 28.7825489044, 36.1617240906, 35.4543190002, 22.5154743195, 17.3919296265, 11.8636922836, 7.98117351532, 6.74740409851, 7.54267597198, 7.20774888992, 5.46519851685, 3.8278605938, 2.69596123695, 2.04043889046, 0.850497841835, 0.252086132765, 0.0504469685256, 0.00299745216034, 7.25095960661e-05, 2.22380513151e-05],
        "dvar": [0.362189561129, 9.30784702301, 128.384780884, 196.562759399, 389.462097168, 646.145874023, 448.052490234, 156.178573608, 129.32699585, 387.81262207, 889.144042969, 278.012176514, 179.438766479, 172.764923096, 1227.53295898, 1407.82861328, 747.433776855, 1156.60681152, 1528.57092285, 1385.99841309, 3118.13793945, 3288.43652344, 3953.27392578, 1575.49145508, 820.826538086, 238.551086426, 110.144821167, 88.0503463745, 120.190391541, 121.391571045, 60.1004981995, 27.7777614594, 17.1948337555, 10.2556295395, 1.6233779192, 0.104760572314, 0.00391170196235, 1.51166495925e-05, 7.62377894148e-09, 4.23962115415e-10],
        "dvar2": [0.593602597713, 10.1441822052, 334.478271484, 544.271911621, 1123.69140625, 1827.86254883, 1247.50439453, 435.564788818, 330.225067139, 878.537597656, 1998.59765625, 709.505249023, 459.044525146, 354.75390625, 2735.4699707, 3236.60986328, 1386.92443848, 2630.52319336, 3434.06201172, 3101.24853516, 7311.96191406, 6443.43945312, 9393.2109375, 2669.86547852, 1513.25878906, 449.392425537, 179.910049438, 146.79675293, 203.692825317, 237.561477661, 107.512466431, 52.1849708557, 35.2611198425, 20.6922874451, 3.28110170364, 0.210699290037, 0.00931396894157, 3.90451677958e-05, 1.74152212651e-08, 7.3137285117e-10],
        "max": [5.15561246872, 30.1393795013, 96.4086456299, 112.975837708, 160.485321045, 211.223815918, 146.830184937, 121.257995605, 175.680297852, 245.218475342, 342.576416016, 213.728591919, 139.99067688, 282.815490723, 541.59765625, 687.126953125, 699.998962402, 561.639221191, 512.067016602, 368.823577881, 1462.33081055, 607.179992676, 604.608459473, 385.70880127, 257.877807617, 131.47052002, 76.5925064087, 84.9710464478, 105.94556427, 114.777961731, 70.7941513062, 52.7021446228, 66.743850708, 48.9806747437, 11.957274437, 2.63703966141, 0.449012309313, 0.0364558361471, 0.000715550035238, 0.000149221799802],
        "mean": [0.395897209644, 2.43163371086, 3.79925489426, 5.70876216888, 7.86646032333, 10.9641151428, 12.591342926, 8.72048091888, 8.54163455963, 21.2665901184, 32.012046814, 16.6581783295, 15.2626247406, 15.9704885483, 24.0859165192, 29.2350540161, 24.9208545685, 30.0808258057, 23.2780723572, 21.9719924927, 25.9018306732, 30.5398273468, 23.3138923645, 17.4337730408, 13.5369176865, 9.96205329895, 7.18523550034, 6.33343362808, 7.44103860855, 6.67287111282, 4.86184501648, 3.38835692406, 2.36649847031, 1.639351964, 0.653874576092, 0.197730824351, 0.0327144637704, 0.00175079982728, 6.48794230074e-05, 4.13097477576e-05],
        "median": [0.0177734307945, 0.279580414295, 1.38749682903, 2.48477768898, 3.59401726723, 4.24857711792, 5.11604547501, 3.73138785362, 4.36688995361, 9.26643943787, 17.7031383514, 10.3501996994, 8.72401618958, 7.91451263428, 8.55788803101, 12.0361166, 12.4460401535, 15.0900945663, 9.72900104523, 9.57178878784, 6.95033025742, 6.72767972946, 4.73709917068, 2.44248986244, 2.2631316185, 1.93314039707, 1.09415614605, 0.818078935146, 0.887745022774, 0.931777894497, 0.623092591763, 0.383330047131, 0.295834422112, 0.128761336207, 0.0430740453303, 0.0133571634069, 0.00170434778556, 8.18960616016e-05, 1.76246558112e-05, 2.56818057096e-05],
        "min": [0.000201037284569, 0.0002518700785, 0.00244741188362, 0.00765170156956, 0.0976340696216, 0.209937110543, 0.175292328, 0.270960390568, 0.231746807694, 0.464160919189, 0.561048328876, 0.650678932667, 0.472397893667, 0.421601206064, 0.250246316195, 0.771558940411, 0.908398389816, 0.606944620609, 1.02789306641, 0.727492570877, 0.620589017868, 0.283936262131, 0.229014515877, 0.0964907407761, 0.0800421535969, 0.0416305325925, 0.025182440877, 0.0079313358292, 0.00613845745102, 0.0145901096985, 0.00347683369182, 0.00461710477248, 0.00157928932458, 0.00104177894536, 0.000273506826488, 3.55661941285e-05, 4.82304449179e-06, 8.298622447e-07, 1.46362719988e-06, 3.12436259264e-06],
        "var": [0.865980505943, 31.5270271301, 104.400398254, 134.463821411, 237.527770996, 432.185760498, 400.783203125, 177.330108643, 171.226089478, 876.118896484, 1753.60205078, 388.466217041, 313.034301758, 527.505737305, 2389.25097656, 2588.39355469, 2502.51708984, 2165.30419922, 2058.39599609, 1608.64453125, 5108.64941406, 4749.16210938, 3794.11108398, 2130.19189453, 1059.61584473, 340.618682861, 193.717788696, 162.442581177, 225.820770264, 199.00944519, 102.02142334, 48.4861412048, 27.3463821411, 15.2310152054, 2.28875350952, 0.163559854031, 0.00469297589734, 1.54571807798e-05, 1.02604067465e-08, 1.3205709859e-09]
    },
    "gfcc": {
        "mean": [-9.03406906128, 113.311195374, -124.665672302, 33.2200050354, -57.6108131409, 24.7216186523, -41.9932632446, 7.81121015549, -17.7818698883, -2.20369529724, -12.2195615768, -8.52371883392, -10.4598875046],
        "cov": [[2824.18286133, -2004.02746582, 308.581634521, 440.843353271, -402.793518066, 21.1649971008, -255.584457397, 179.80166626, -471.19152832, 230.54675293, -302.748901367, 313.428009033, -152.661819458], [-2004.02746582, 2117.15527344, -319.100921631, -441.231811523, 576.815185547, -120.438034058, 295.872406006, -103.231040955, 473.961395264, -220.867645264, 334.796234131, -207.566665649, 201.277709961], [308.581634521, -319.100921631, 619.416809082, 101.052749634, -46.0465164185, 154.575759888, 18.7955760956, 63.824634552, -49.6553688049, 143.455993652, -75.2449417114, 62.2425003052, -31.8737659454], [440.843353271, -441.231811523, 101.052749634, 375.879852295, -79.8392486572, 1.35415077209, -42.895866394, 21.4590740204, -44.2689819336, 25.7914047241, -19.9231033325, -6.29499197006, 3.12961196899], [-402.793518066, 576.815185547, -46.0465164185, -79.8392486572, 426.369110107, -15.9238357544, 143.710494995, 57.3404350281, 181.755874634, 9.52123069763, 111.069587708, -12.5477657318, 57.8358001709], [21.1649971008, -120.438034058, 154.575759888, 1.35415077209, -15.9238357544, 219.231842041, 69.1483230591, 34.0111618042, 18.8183002472, 53.8413543701, 17.2448539734, 10.8291931152, -2.67748188972], [-255.584457397, 295.872406006, 18.7955760956, -42.895866394, 143.710494995, 69.1483230591, 207.271453857, 35.4881896973, 94.7297515869, 4.11664104462, 74.6169662476, -11.0006866455, 17.272359848], [179.80166626, -103.231040955, 63.824634552, 21.4590740204, 57.3404350281, 34.0111618042, 35.4881896973, 148.277740479, 31.4563598633, 43.8007736206, 1.47425806522, 25.5800876617, 2.6097202301], [-471.19152832, 473.961395264, -49.6553688049, -44.2689819336, 181.755874634, 18.8183002472, 94.7297515869, 31.4563598633, 251.509002686, 7.00687599182, 116.196464539, -44.7760238647, 73.2965393066], [230.54675293, -220.867645264, 143.455993652, 25.7914047241, 9.52123069763, 53.8413543701, 4.11664104462, 43.8007736206, 7.00687599182, 175.195388794, -14.442440033, 56.7038383484, -18.7352714539], [-302.748901367, 334.796234131, -75.2449417114, -19.9231033325, 111.069587708, 17.2448539734, 74.6169662476, 1.47425806522, 116.196464539, -14.442440033, 176.047607422, -27.5708045959, 66.7923431396], [313.428009033, -207.566665649, 62.2425003052, -6.29499197006, -12.5477657318, 10.8291931152, -11.0006866455, 25.5800876617, -44.7760238647, 56.7038383484, -27.5708045959, 133.174560547, -0.671336948872], [-152.661819458, 201.277709961, -31.8737659454, 3.12961196899, 57.8358001709, -2.67748188972, 17.272359848, 2.6097202301, 73.2965393066, -18.7352714539, 66.7923431396, -0.671336948872, 110.851852417]],
        "icov": [[0.0014920188114, 0.0012752051698, -3.45271510014e-05, -0.000262920017121, -0.000440634088591, 0.000709750456735, -0.000131518158014, -0.00075758562889, 0.000683156948071, 5.92513351876e-05, -0.000159501068993, -0.00131504004821, -0.00033136640559], [0.0012752051698, 0.005939302966, -0.00140115187969, 0.00401647249237, -0.00302082649432, 0.00380480033346, -0.00290172873065, 0.00292003224604, -0.003326383885, 0.00344097055495, -0.00238416250795, 0.00261242012493, -0.00325955892913], [-3.45271510014e-05, -0.00140115187969, 0.0029720265884, -0.00173188722692, 0.000626060296781, -0.00240939040668, 0.000565657974221, -0.00120454700664, 0.00139298546128, -0.00236923177727, 0.00178023218177, -0.00119201082271, 0.000554051541258], [-0.000262920017121, 0.00401647249237, -0.00173188722692, 0.00684025790542, -0.0017026035348, 0.00312483287416, -0.00213378597982, 0.00253792316653, -0.00299406680278, 0.00253728148527, -0.0022883892525, 0.00435601733625, -0.00329575338401], [-0.000440634088591, -0.00302082649432, 0.000626060296781, -0.0017026035348, 0.00594137236476, -0.000424157246016, -0.000546257302631, -0.00272329943255, 1.42615490404e-05, -0.00217215134762, 0.000590441166423, -0.00191310001537, 0.00140151428059], [0.000709750456735, 0.00380480033346, -0.00240939040668, 0.00312483287416, -0.000424157246016, 0.0094051565975, -0.00442527187988, 0.00128138530999, -0.00246562901884, 0.00122262502555, -0.00256646052003, 0.00222512427717, -0.00220744265243], [-0.000131518158014, -0.00290172873065, 0.000565657974221, -0.00213378597982, -0.000546257302631, -0.00442527187988, 0.00990749709308, -0.00260329782031, 0.00116164970677, -0.000799238216132, -0.000617278623395, -0.00233102100901, 0.00346084870398], [-0.00075758562889, 0.00292003224604, -0.00120454700664, 0.00253792316653, -0.00272329943255, 0.00128138530999, -0.00260329782031, 0.0113364122808, -0.00414120964706, 0.0015193244908, -0.000617218320258, 0.00208769948222, -0.00179324357305], [0.000683156948071, -0.003326383885, 0.00139298546128, -0.00299406680278, 1.42615490404e-05, -0.00246562901884, 0.00116164970677, -0.00414120964706, 0.0120985563844, -0.00447206618264, -0.000479808601085, -0.000624907959718, -0.0011550039053], [5.92513351876e-05, 0.00344097055495, -0.00236923177727, 0.00253728148527, -0.00217215134762, 0.00122262502555, -0.000799238216132, 0.0015193244908, -0.00447206618264, 0.0112721379846, -0.00201194849797, -0.000928631110583, 0.000401183700887], [-0.000159501068993, -0.00238416250795, 0.00178023218177, -0.0022883892525, 0.000590441166423, -0.00256646052003, -0.000617278623395, -0.000617218320258, -0.000479808601085, -0.00201194849797, 0.0115821585059, -0.000868740316946, -0.0025802270975], [-0.00131504004821, 0.00261242012493, -0.00119201082271, 0.00435601733625, -0.00191310001537, 0.00222512427717, -0.00233102100901, 0.00208769948222, -0.000624907959718, -0.000928631110583, -0.000868740316946, 0.0144652193412, -0.0047869826667], [-0.00033136640559, -0.00325955892913, 0.000554051541258, -0.00329575338401, 0.00140151428059, -0.00220744265243, 0.00346084870398, -0.00179324357305, -0.0011550039053, 0.000401183700887, -0.0025802270975, -0.0047869826667, 0.0158111769706]]
    },
    "melbands": {
        "dmean": [0.00186667707749, 0.00146110181231, 0.000899873673916, 0.000733457796741, 0.000406341423513, 0.000149547253386, 9.09799709916e-05, 0.000138884788612, 0.00016227424203, 5.78425460844e-05, 4.66643214168e-05, 3.61647544196e-05, 5.11826474394e-05, 4.74978842249e-05, 5.28490782017e-05, 3.29649628839e-05, 3.85470812034e-05, 2.91711603495e-05, 3.00242172671e-05, 1.85096323548e-05, 2.20042966248e-05, 2.49148451985e-05, 2.47023344855e-05, 1.76872181328e-05, 1.22334377011e-05, 8.43671205075e-06, 8.18479929876e-06, 5.07864297106e-06, 3.7731770135e-06, 3.00860506286e-06, 2.9234684007e-06, 3.03517640532e-06, 3.4672266338e-06, 2.73968817055e-06, 2.68661369773e-06, 1.61884679528e-06, 1.74392471308e-06, 1.39574694913e-06, 1.31049273477e-06, 1.19547144095e-06],
        "dmean2": [0.00223385426216, 0.00204564863816, 0.00155825272668, 0.00132151599973, 0.000704589765519, 0.000259833497694, 0.000148776554852, 0.000211831749766, 0.000254372658674, 9.28806257434e-05, 7.72897619754e-05, 5.54202451895e-05, 7.64846627135e-05, 7.2712864494e-05, 8.37436309666e-05, 4.96531720273e-05, 5.9327987401e-05, 4.74228290841e-05, 4.88954356115e-05, 2.87940001726e-05, 3.35031581926e-05, 3.80241326638e-05, 3.88612352253e-05, 2.77093986369e-05, 1.86784200196e-05, 1.2687914932e-05, 1.28164165289e-05, 7.40511814001e-06, 5.4236725191e-06, 4.20198603024e-06, 4.07115294365e-06, 4.18634817834e-06, 4.62016987512e-06, 3.91449248127e-06, 3.79860944122e-06, 2.31626495406e-06, 2.4493467663e-06, 2.0477648377e-06, 1.902047984e-06, 1.71598082943e-06],
        "dvar": [2.05368760362e-05, 1.73315274878e-05, 5.82968141316e-06, 2.92221784548e-06, 6.29257726814e-07, 8.08081566106e-08, 2.83117760347e-08, 4.90146447873e-08, 6.25915461683e-08, 9.53976186935e-09, 5.00254859759e-09, 2.94683966118e-09, 1.55251811407e-08, 1.3633581375e-08, 1.60044741904e-08, 4.52255877192e-09, 5.48103251674e-09, 4.16675760562e-09, 3.54394957824e-09, 1.86918236444e-09, 4.39954073173e-09, 3.14623749276e-09, 4.76338257727e-09, 2.42407249829e-09, 1.09679354487e-09, 4.45711412222e-10, 3.74026448702e-10, 8.33145843981e-11, 5.0606772245e-11, 3.3888621076e-11, 3.25679171131e-11, 3.46496893677e-11, 4.77021547263e-11, 3.48888348767e-11, 3.0894321823e-11, 9.14368233906e-12, 1.25466130541e-11, 1.0094119117e-11, 9.99042688854e-12, 6.9291486611e-12],
        "dvar2": [2.65178714471e-05, 3.92493820982e-05, 1.5896070181e-05, 8.36070103105e-06, 1.74287208665e-06, 2.23991662551e-07, 7.0205793179e-08, 1.12522755558e-07, 1.44126317991e-07, 2.44838034291e-08, 1.26942927281e-08, 6.2137095469e-09, 3.34118723799e-08, 2.93931208262e-08, 3.8260129287e-08, 7.46631290127e-09, 1.24747971952e-08, 9.10062158965e-09, 7.7554842548e-09, 4.03573574559e-09, 1.04561834746e-08, 6.22980333986e-09, 1.02576986905e-08, 6.06091132838e-09, 1.9096824122e-09, 8.08993538826e-10, 7.27530202749e-10, 1.69025196617e-10, 8.52975329257e-11, 6.08512129574e-11, 5.81295567237e-11, 6.35489855183e-11, 8.44669403866e-11, 7.29656543519e-11, 5.86512435841e-11, 1.9170918325e-11, 2.56512016489e-11, 2.21228053238e-11, 2.17335403147e-11, 1.42569766756e-11],
        "max": [0.039703220129, 0.0404958203435, 0.0190838258713, 0.0138523094356, 0.00616389559582, 0.00258640525863, 0.00288765714504, 0.00261836196296, 0.00338647491299, 0.00113133341074, 0.00078538962407, 0.00106206175406, 0.00174618884921, 0.00181701849215, 0.0032655952964, 0.00189864903223, 0.00128650455736, 0.00119190546684, 0.000483384646941, 0.00074536097236, 0.00171207357198, 0.000572086952161, 0.000590522424318, 0.000381072954042, 0.000344587781001, 0.000202766837901, 0.000152418942889, 9.09075388336e-05, 5.01964132127e-05, 5.59422114748e-05, 5.32325502718e-05, 5.79637307965e-05, 5.96375539317e-05, 5.8623852965e-05, 5.46490191482e-05, 2.60794840869e-05, 3.54336225428e-05, 5.35095532541e-05, 4.86154276587e-05, 3.77130709239e-05],
        "mean": [0.00347257312387, 0.00244444585405, 0.00103410996962, 0.000690909801051, 0.000458342721686, 0.000201280941837, 0.000140820426168, 0.000246695883106, 0.000267105700914, 9.89566760836e-05, 7.71825070842e-05, 6.33155505056e-05, 8.61968874233e-05, 7.18690862413e-05, 7.7690150647e-05, 5.37875857844e-05, 5.61143169762e-05, 3.60069861927e-05, 3.66912900063e-05, 2.46143408731e-05, 2.89908712148e-05, 3.25901637552e-05, 2.46773743129e-05, 1.74777705979e-05, 1.39791673064e-05, 9.77784384304e-06, 9.2754862635e-06, 5.96079144088e-06, 4.60660066892e-06, 3.79667039851e-06, 3.57754242941e-06, 3.90294599129e-06, 4.49402159575e-06, 3.32431477545e-06, 3.15811121254e-06, 1.89401623629e-06, 2.05813444154e-06, 1.71347596734e-06, 1.46666275214e-06, 1.33152536819e-06],
        "median": [0.000228230230277, 0.000667240819894, 0.000508862896822, 0.000301228428725, 0.00018683214148, 8.74223987921e-05, 7.18139199307e-05, 0.000108348838694, 0.00014559563715, 6.0023394326e-05, 4.12559638789e-05, 3.16574878525e-05, 2.83313474938e-05, 2.46299241553e-05, 3.13229757012e-05, 2.38623633777e-05, 2.52098288911e-05, 1.3168222722e-05, 1.54481913341e-05, 8.47614319355e-06, 7.16865224604e-06, 7.00972532286e-06, 4.23813298767e-06, 3.01550903714e-06, 1.71325780229e-06, 1.53002190473e-06, 1.53404096181e-06, 1.11339215891e-06, 6.26190228559e-07, 4.70212768278e-07, 4.21042074095e-07, 4.99160648815e-07, 5.01001181874e-07, 5.00770568124e-07, 3.3978767533e-07, 2.42967473696e-07, 2.30844236171e-07, 2.03671277177e-07, 1.41891163707e-07, 7.86000171615e-08],
        "min": [1.42843407502e-06, 1.19734568216e-06, 7.93700678514e-07, 9.27053497435e-06, 7.35997855372e-06, 6.17025807514e-06, 2.15499062506e-06, 4.04415004596e-06, 3.97515168515e-06, 2.31288731811e-06, 9.65978983913e-07, 1.29313127673e-06, 6.94811035373e-07, 7.95756591287e-07, 1.00615886822e-06, 1.59181411163e-06, 1.02847570815e-06, 6.33029401342e-07, 1.17063302696e-06, 3.63782675095e-07, 3.92069580357e-07, 1.87832753795e-07, 1.45049142475e-07, 1.23927634377e-07, 6.64523653882e-08, 8.12927325455e-08, 2.73471414403e-08, 1.11644284928e-08, 1.55617509989e-08, 2.78806977505e-09, 2.79838291428e-10, 1.12599291002e-10, 9.01006114162e-09, 5.44011680148e-09, 1.27168087172e-09, 1.22054644169e-10, 3.08725996157e-11, 5.74598257863e-10, 3.45341324981e-11, 3.01626050525e-11],
