{
"highlevel": {
    "danceability": {
        "all": {
            "danceable": 0.718223869801,
            "not_danceable": 0.281776130199
        },
        "probability": 0.718223869801,
        "value": "danceable"
    },
    "gender": {
        "all": {
            "female": 0.423857629299,
            "male": 0.576142370701
        },
        "probability": 0.576142370701,
        "value": "male"
    },
    "genre_dortmund": {
        "all": {
            "alternative": 0.233090385795,
            "blues": 0.0469538271427,
            "electronic": 0.0901045054197,
            "folkcountry": 0.193892285228,
            "funksoulrnb": 0.016018088907,
            "jazz": 0.0881060063839,
            "pop": 0.156578227878,
            "raphiphop": 0.0102148586884,
            "rock": 0.165041819215
        },
        "probability": 0.233090385795,
        "value": "alternative"
    },
    "genre_electronic": {
        "all": {
            "ambient": 0.78932505846,
            "dnb": 0.0532736070454,
            "house": 0.075453042984,
            "techno": 0.0192102864385,
            "trance": 0.0627380236983
        },
        "probability": 0.78932505846,
        "value": "ambient"
    },
    "genre_rosamerica": {
        "all": {
            "cla": 0.00473318248987,
            "dan": 0.0282169114798,
            "hip": 0.035529922694,
            "jaz": 0.0120764207095,
            "pop": 0.0489100962877,
            "rhy": 0.861363053322,
            "roc": 0.00387168978341,
            "spe": 0.00529869506136
        },
        "probability": 0.861363053322,
        "value": "rhy"
    },
    "genre_tzanetakis": {
        "all": {
            "blu": 0.0626613423228,
            "cla": 0.0348169617355,
            "cou": 0.104475811124,
            "dis": 0.0784321576357,
            "hip": 0.15692435205,
            "jaz": 0.313974827528,
            "met": 0.0448166541755,
            "pop": 0.0627359300852,
            "reg": 0.0627360641956,
            "roc": 0.0784258767962
        },
        "probability": 0.313974827528,
        "value": "jaz"
    },
    "ismir04_rhythm": {
        "all": {
            "ChaChaCha": 0.00618009269238,
            "Jive": 0.018428709358,
            "Quickstep": 0.0081753898412,
            "Rumba-American": 0.0183576717973,
            "Rumba-International": 0.782511532307,
            "Rumba-Misc": 0.011078725569,
            "Samba": 0.0225416347384,
            "Tango": 0.00811331160367,
            "VienneseWaltz": 0.0538922734559,
            "Waltz": 0.0707206428051
        },
        "probability": 0.782511532307,
        "value": "Rumba-International"
    },
    "mood_acoustic": {
        "all": {
            "acoustic": 0.670559823513,
            "not_acoustic": 0.329440146685
        },
        "probability": 0.670559823513,
        "value": "acoustic"
    },
    "mood_aggressive": {
        "all": {
            "aggressive": 0.0215470623225,
            "not_aggressive": 0.978452920914
        },
        "probability": 0.978452920914,
        "value": "not_aggressive"
    },
    "mood_electronic": {
        "all": {
            "electronic": 0.405056685209,
            "not_electronic": 0.594943344593
        },
        "probability": 0.594943344593,
        "value": "not_electronic"
    },
    "mood_happy": {
        "all": {
            "happy": 0.800473988056,
            "not_happy": 0.199525997043
        },
        "probability": 0.800473988056,
        "value": "happy"
    },
    "mood_party": {
        "all": {
            "not_party": 0.87581461668,
            "party": 0.124185353518
        },
        "probability": 0.87581461668,
        "value": "not_party"
    },
    "mood_relaxed": {
        "all": {
            "not_relaxed": 0.358038008213,
            "relaxed": 0.641961991787
        },
        "probability": 0.641961991787,
        "value": "relaxed"
    },
    "mood_sad": {
        "all": {
            "not_sad": 0.717155754566,
            "sad": 0.282844275236
        },
        "probability": 0.717155754566,
        "value": "not_sad"
    },
    "moods_mirex": {
        "all": {
            "Cluster1": 0.246964603662,
            "Cluster2": 0.111211068928,
            "Cluster3": 0.5797996521,
            "Cluster4": 0.0403670147061,
            "Cluster5": 0.0216576680541
        },
        "probability": 0.5797996521,
        "value": "Cluster3"
    },
    "timbre": {
        "all": {
            "bright": 0.762026488781,
            "dark": 0.237973481417
        },
        "probability": 0.762026488781,
        "value": "bright"
    },
    "tonal_atonal": {
        "all": {
            "atonal": 0.433132916689,
            "tonal": 0.566867053509
        },
        "probability": 0.566867053509,
        "value": "tonal"
    },
    "voice_instrumental": {
        "all": {
            "instrumental": 0.0292397253215,
            "voice": 0.970760285854
        },
        "probability": 0.970760285854,
        "value": "voice"
    }
},
"lowlevel": {
    "average_loudness": 0.941658258438,
    "barkbands_crest": {
        "dmean": 2.09885573387,
        "dmean2": 3.37402534485,
        "dvar": 3.82906222343,
        "dvar2": 9.30754566193,
        "max": 25.9400501251,
        "mean": 14.0796251297,
        "median": 13.4539661407,
        "min": 4.31696987152,
        "var": 24.0862789154
    },
    "barkbands_flatness_db": {
        "dmean": 0.0192039925605,
        "dmean2": 0.027142830193,
        "dvar": 0.000368640001398,
        "dvar2": 0.000656699179672,
        "max": 0.485308736563,
        "mean": 0.240826949477,
        "median": 0.221016660333,
        "min": 0.0941000133753,
        "var": 0.00528442766517
    },
    "barkbands_kurtosis": {
        "dmean": 9.84321212769,
        "dmean2": 14.826587677,
        "dvar": 618.603820801,
        "dvar2": 1476.44445801,
        "max": 817.530029297,
        "mean": 27.6614017487,
        "median": 11.0889921188,
        "min": -1.87003362179,
        "var": 3797.80541992
    },
    "barkbands_skewness": {
        "dmean": 0.715233504772,
        "dmean2": 1.08902490139,
        "dvar": 0.804809272289,
        "dvar2": 1.80470013618,
        "max": 23.5191440582,
        "mean": 3.23584961891,
        "median": 2.52210783958,
        "min": -0.525195717812,
        "var": 7.00486326218
    },
    "barkbands_spread": {
        "dmean": 2.74180722237,
        "dmean2": 3.87024474144,
        "dvar": 31.9158248901,
        "dvar2": 48.6708297729,
        "max": 109.720970154,
        "mean": 9.89453411102,
        "median": 6.83150959015,
        "min": 0.217107579112,
        "var": 164.044189453
    },
    "dissonance": {
        "dmean": 0.0283365249634,
        "dmean2": 0.0468537658453,
        "dvar": 0.000575218116865,
        "dvar2": 0.00152688275557,
        "max": 0.496493726969,
        "mean": 0.42889469862,
        "median": 0.43475702405,
        "min": 0.198072224855,
        "var": 0.00165354390629
    },
    "dynamic_complexity": 3.02800655365,
    "erbbands_crest": {
        "dmean": 2.70362019539,
        "dmean2": 4.25824165344,
        "dvar": 6.28553628922,
        "dvar2": 15.5647583008,
        "max": 28.7961559296,
        "mean": 10.4027376175,
        "median": 9.48542881012,
        "min": 2.88952684402,
        "var": 18.7773246765
    },
    "erbbands_flatness_db": {
        "dmean": 0.0173118617386,
        "dmean2": 0.0252516772598,
        "dvar": 0.000272323639365,
        "dvar2": 0.000521476787981,
        "max": 0.317702889442,
        "mean": 0.162322998047,
        "median": 0.163471251726,
        "min": 0.061177175492,
        "var": 0.00146323803347
    },
    "erbbands_kurtosis": {
        "dmean": 1.95413541794,
        "dmean2": 3.05511927605,
        "dvar": 9.00581073761,
        "dvar2": 20.5426769257,
        "max": 54.7867088318,
        "mean": 3.53163981438,
        "median": 2.31785440445,
        "min": -1.82937657833,
        "var": 22.341758728
    },
    "erbbands_skewness": {
        "dmean": 0.420373409986,
        "dmean2": 0.634867012501,
        "dvar": 0.186929300427,
        "dvar2": 0.364095121622,
        "max": 5.59417963028,
        "mean": 1.19991540909,
        "median": 1.09455323219,
        "min": -2.75222229958,
        "var": 1.1409034729
    },
    "erbbands_spread": {
        "dmean": 9.15225315094,
        "dmean2": 13.9146223068,
        "dvar": 201.731369019,
        "dvar2": 418.653991699,
        "max": 156.402877808,
        "mean": 33.5356903076,
        "median": 25.9029636383,
        "min": 2.92014956474,
        "var": 584.190063477
    },
    "hfc": {
        "dmean": 3.34734559059,
        "dmean2": 4.6913819313,
        "dvar": 44.2586135864,
        "dvar2": 81.0662918091,
        "max": 120.574539185,
        "mean": 11.5364713669,
        "median": 6.8542432785,
        "min": 0.844267189503,
        "var": 177.903289795
    },
    "melbands_crest": {
        "dmean": 2.619161129,
        "dmean2": 4.23173522949,
        "dvar": 6.62980175018,
        "dvar2": 15.8355588913,
        "max": 32.3755912781,
        "mean": 17.4183044434,
        "median": 17.003320694,
        "min": 7.19533014297,
        "var": 24.2412948608
    },
    "melbands_flatness_db": {
        "dmean": 0.022224329412,
        "dmean2": 0.0306719634682,
        "dvar": 0.000509299803525,
        "dvar2": 0.000850186508615,
        "max": 0.609847605228,
        "mean": 0.334005385637,
        "median": 0.317385047674,
        "min": 0.137507110834,
        "var": 0.00725617073476
    },
    "melbands_kurtosis": {
        "dmean": 15.3724651337,
        "dmean2": 24.0640945435,
        "dvar": 880.092895508,
        "dvar2": 2079.43237305,
        "max": 383.728210449,
        "mean": 36.6466522217,
        "median": 18.4473819733,
        "min": -0.157908439636,
        "var": 2455.12182617
    },
    "melbands_skewness": {
        "dmean": 0.894453763962,
        "dmean2": 1.37041604519,
        "dvar": 1.25042116642,
        "dvar2": 2.73896813393,
        "max": 15.9214601517,
        "mean": 3.67979431152,
        "median": 3.03201627731,
        "min": 0.147660642862,
        "var": 4.59472036362
    },
    "melbands_spread": {
        "dmean": 2.07891273499,
        "dmean2": 3.11333918571,
        "dvar": 14.4640655518,
        "dvar2": 28.1597080231,
        "max": 89.7852783203,
        "mean": 7.71522569656,
        "median": 5.76248168945,
        "min": 0.354150682688,
        "var": 54.289478302
    },
    "pitch_salience": {
        "dmean": 0.0632893964648,
        "dmean2": 0.100418895483,
        "dvar": 0.00294224289246,
        "dvar2": 0.00738890003413,
        "max": 0.757537603378,
        "mean": 0.462958782911,
        "median": 0.473573088646,
        "min": 0.0369450747967,
        "var": 0.0178929083049
    },
    "silence_rate_20dB": {
        "dmean": 0,
        "dmean2": 0,
        "dvar": 0,
        "dvar2": 0,
        "max": 1,
        "mean": 1,
        "median": 1,
        "min": 1,
        "var": 0
    },
    "silence_rate_30dB": {
        "dmean": 0.0356037169695,
        "dmean2": 0.0712625905871,
        "dvar": 0.0343362875283,
        "dvar2": 0.0739303082228,
        "max": 1,
        "mean": 0.953596293926,
        "median": 1,
        "min": 0,
        "var": 0.0442501530051
    },
    "silence_rate_60dB": {
        "dmean": 0.0030959751457,
        "dmean2": 0.00619674660265,
        "dvar": 0.00308635737747,
        "dvar2": 0.00615840405226,
        "max": 1,
        "mean": 0.00773395225406,
        "median": 0,
        "min": 0,
        "var": 0.0076742223464
    },
    "spectral_centroid": {
        "dmean": 112.873466492,
        "dmean2": 169.000823975,
        "dvar": 47617.0078125,
        "dvar2": 82251.8984375,
        "max": 4099.63085938,
        "mean": 551.542907715,
        "median": 447.405273438,
        "min": 109.561309814,
        "var": 196672.125
    },
    "spectral_complexity": {
        "dmean": 1.81269347668,
        "dmean2": 2.85747480392,
        "dvar": 4.42002677917,
        "dvar2": 9.3352355957,
        "max": 33,
        "mean": 10.2559938431,
        "median": 10,
        "min": 1,
        "var": 30.021900177
    },
    "spectral_decrease": {
        "dmean": 2.76376810326e-09,
        "dmean2": 4.11680955992e-09,
        "dvar": 2.37928064182e-17,
        "dvar2": 4.7374337673e-17,
        "max": -1.53597676245e-10,
        "mean": -9.80539560658e-09,
        "median": -7.13206205205e-09,
        "min": -6.25264959808e-08,
        "var": 6.15414103933e-17
    },
    "spectral_energy": {
        "dmean": 0.0106423413381,
        "dmean2": 0.0158549658954,
        "dvar": 0.000353358482243,
        "dvar2": 0.000701588054653,
        "max": 0.239703163505,
        "mean": 0.0380542203784,
        "median": 0.0276575665921,
        "min": 0.00072890141746,
        "var": 0.000925254775211
    },
    "spectral_energyband_high": {
        "dmean": 0.000160511292052,
        "dmean2": 0.000207193370443,
        "dvar": 3.30434374973e-07,
        "dvar2": 5.6427910522e-07,
        "max": 0.0133705856279,
        "mean": 0.000316269666655,
        "median": 6.92519097356e-05,
        "min": 1.95182565221e-07,
        "var": 1.14029307952e-06
    },
    "spectral_energyband_low": {
        "dmean": 0.00740234693512,
        "dmean2": 0.0114888912067,
        "dvar": 0.000180411341717,
        "dvar2": 0.000381663849112,
        "max": 0.228041648865,
        "mean": 0.0230705291033,
        "median": 0.0175734870136,
        "min": 7.2740323958e-05,
        "var": 0.000351603521267
    },
    "spectral_energyband_middle_high": {
        "dmean": 0.000720559211913,
        "dmean2": 0.00112161354627,
        "dvar": 2.60476076619e-06,
        "dvar2": 6.58094404571e-06,
        "max": 0.0314753986895,
        "mean": 0.00206436263397,
        "median": 0.000605356763117,
        "min": 9.05499473447e-06,
        "var": 1.35646305353e-05
    },
    "spectral_energyband_middle_low": {
        "dmean": 0.00592072075233,
        "dmean2": 0.00929997302592,
        "dvar": 0.000136889968417,
        "dvar2": 0.000306642701617,
        "max": 0.164461418986,
        "mean": 0.0146912699565,
        "median": 0.00967449229211,
        "min": 4.59921830043e-05,
        "var": 0.000291353528155
    },
    "spectral_entropy": {
        "dmean": 0.203694343567,
        "dmean2": 0.293155103922,
        "dvar": 0.0480363853276,
        "dvar2": 0.083991728723,
        "max": 8.61704349518,
        "mean": 6.88412046432,
        "median": 6.91147851944,
        "min": 4.86444616318,
        "var": 0.316422432661
    },
    "spectral_flux": {
        "dmean": 0.0211865659803,
        "dmean2": 0.0337924174964,
        "dvar": 0.00082509953063,
        "dvar2": 0.0019603734836,
        "max": 0.388049185276,
        "mean": 0.0718340575695,
        "median": 0.0596956089139,
        "min": 0.00428835721686,
        "var": 0.00256840023212
    },
    "spectral_kurtosis": {
        "dmean": 2.46153759956,
        "dmean2": 3.89774417877,
        "dvar": 7.75717926025,
        "dvar2": 19.3444957733,
        "max": 39.4921722412,
        "mean": 8.3042974472,
        "median": 7.8397064209,
        "min": -1.2196944952,
        "var": 25.7460308075
    },
    "spectral_rms": {
        "dmean": 0.000734481727704,
        "dmean2": 0.00109973142389,
        "dvar": 1.02746639641e-06,
        "dvar2": 1.88607987184e-06,
        "max": 0.0152923753485,
        "mean": 0.00576827069744,
        "median": 0.00519451545551,
        "min": 0.000843281275593,
        "var": 3.85314660889e-06
    },
    "spectral_rolloff": {
        "dmean": 184.68182373,
        "dmean2": 322.430236816,
        "dvar": 522344.03125,
        "dvar2": 1100446.5,
        "max": 11606.3964844,
        "mean": 558.680847168,
        "median": 301.46484375,
        "min": 64.599609375,
        "var": 1353980.375
    },
    "spectral_skewness": {
        "dmean": 0.297622054815,
        "dmean2": 0.442847639322,
        "dvar": 0.0935937836766,
        "dvar2": 0.186646729708,
        "max": 5.11549854279,
        "mean": 2.39130854607,
        "median": 2.43802928925,
        "min": 0.0540777668357,
        "var": 0.504629015923
    },
    "spectral_spread": {
        "dmean": 653384.875,
        "dmean2": 915104.5,
        "dvar": 771095265280,
        "dvar2": 1.39009222246e+12,
        "max": 15838506,
        "mean": 4691357.5,
        "median": 4196451,
        "min": 1672350,
        "var": 3.69748135117e+12
    },
    "spectral_strongpeak": {
        "dmean": 0.211594030261,
        "dmean2": 0.371086090803,
        "dvar": 0.227098122239,
        "dvar2": 0.613461434841,
        "max": 5.91861391068,
        "mean": 0.463285446167,
        "median": 0.336423754692,
        "min": 0,
        "var": 0.203673422337
    },
    "zerocrossingrate": {
        "dmean": 0.0058574853465,
        "dmean2": 0.00681929569691,
        "dvar": 9.98195100692e-05,
        "dvar2": 9.6756964922e-05,
        "max": 0.31298828125,
        "mean": 0.0260968022048,
        "median": 0.0205078125,
        "min": 0.00244140625,
        "var": 0.000853761972394
    },
    "barkbands": {
        "dmean": [0.000344944885001, 0.00362752657384, 0.00425791367888, 0.00261328509077, 0.00347630074248, 0.00094202317996, 0.000327863788698, 0.000668002292514, 0.000788037257735, 0.000289146351861, 0.000208027515328, 0.000126287151943, 0.000204228184884, 0.000202639697818, 8.36888211779e-05, 4.14228161389e-05, 3.41365048371e-05, 7.07162980689e-05, 2.07980338018e-05, 2.12788017961e-05, 1.75867226062e-05, 2.86625563604e-05, 3.11054718622e-05, 5.15873689437e-05, 4.0093120333e-05, 1.15445163829e-05, 2.9946383151e-09],
        "dmean2": [0.000555890554097, 0.00585382152349, 0.00641219783574, 0.0045108050108, 0.00540834479034, 0.00145172246266, 0.000491894548759, 0.00108117074706, 0.00127809029073, 0.000468173995614, 0.000332841620548, 0.000205492877285, 0.00031992411823, 0.000322404928738, 0.000133322522743, 6.57957425574e-05, 5.54019970878e-05, 0.00011814579193, 3.28117275785e-05, 3.31321571139e-05, 2.58656946244e-05, 4.24991449108e-05, 4.55730005342e-05, 7.19700256013e-05, 5.22631962667e-05, 1.65624915098e-05, 4.41369607529e-09],
        "dvar": [3.68255484773e-07, 2.89139552478e-05, 0.000104306222056, 4.00095996156e-05, 8.42762092361e-05, 2.20451374844e-06, 3.2211329426e-07, 2.2618633011e-06, 3.50819732375e-06, 1.07651396775e-06, 3.27927608623e-07, 1.01543939479e-07, 5.75279443638e-07, 4.69125808422e-07, 1.65601790059e-07, 1.86908248878e-08, 8.75076633378e-09, 3.8153977755e-08, 3.36851568861e-09, 2.93486834835e-09, 3.28072657929e-09, 1.26358505881e-08, 1.31713919771e-08, 7.00683244759e-08, 2.7322837326e-08, 1.84629689315e-09, 1.86189276751e-15],
        "dvar2": [9.73638634605e-07, 7.62269337429e-05, 0.000197229965124, 0.000118016723718, 0.000192483581486, 4.99323459735e-06, 7.26378857507e-07, 5.89599449086e-06, 8.87154055818e-06, 3.28328837895e-06, 8.57161239765e-07, 2.92342775765e-07, 1.30826697387e-06, 1.15265333989e-06, 4.37936449771e-07, 4.60719746798e-08, 2.24221086143e-08, 1.02652464307e-07, 8.01783617277e-09, 6.44787290227e-09, 7.12683867476e-09, 3.06190415245e-08, 2.77660010539e-08, 1.40455611586e-07, 4.57054198932e-08, 3.98596045059e-09, 1.86799331056e-15],
        "max": [0.00649476237595, 0.0529741756618, 0.17960973084, 0.104227647185, 0.151062756777, 0.0158729888499, 0.0110558429733, 0.0220565460622, 0.0239945761859, 0.0243399199098, 0.00991815142334, 0.00464645214379, 0.0175151377916, 0.0172207243741, 0.0111341681331, 0.00254279142246, 0.00212888559327, 0.00238251849078, 0.00107632752042, 0.000908714602701, 0.00112449633889, 0.00233217980713, 0.00254243798554, 0.00780608505011, 0.00404379377142, 0.00103337515611, 1.54270219355e-06],
        "mean": [0.0006652319571, 0.0143539048731, 0.00601623672992, 0.00382056320086, 0.0056181657128, 0.00209786673076, 0.000676287920214, 0.00103592535015, 0.00135089538526, 0.00047309542424, 0.000349839654518, 0.000200914713787, 0.000330678303726, 0.000325344270095, 0.000136472619488, 6.8310451752e-05, 5.31933983439e-05, 0.000110816043161, 3.27295310854e-05, 3.53934410668e-05, 2.98999584629e-05, 4.43146382167e-05, 5.50824697712e-05, 8.37140833028e-05, 7.22753466107e-05, 1.71091578522e-05, 2.88763590817e-09],
        "median": [0.000261009670794, 0.0141441747546, 0.00199416442774, 0.00138798682019, 0.00276564108208, 0.00108105526306, 0.000323552230839, 0.000318630598485, 0.000217680470087, 7.38536036806e-05, 7.41375479265e-05, 5.35024155397e-05, 4.31695625593e-05, 3.30511247739e-05, 2.09328700294e-05, 1.57868707902e-05, 1.72059699253e-05, 2.11852584471e-05, 7.38112385079e-06, 6.65871311867e-06, 7.13389272278e-06, 9.99730491458e-06, 1.39777248478e-05, 1.07164605652e-05, 1.03063684946e-05, 4.04101729146e-06, 8.66518246045e-10],
        "min": [2.39990729511e-08, 3.40717110703e-06, 1.29973832372e-05, 1.52520874508e-06, 1.55305424414e-05, 4.55936651633e-06, 2.71997078016e-06, 2.68714018148e-07, 2.74558544788e-07, 4.55801767885e-07, 1.38277229667e-07, 3.90647983295e-07, 2.64539124828e-07, 1.41373874385e-07, 9.02274877035e-08, 1.46066909679e-07, 5.34535438135e-08, 7.63573098084e-08, 7.28954390183e-08, 4.75266723754e-08, 2.36633077577e-08, 2.50608671593e-08, 1.48145815615e-08, 1.53019694693e-08, 1.97990068784e-08, 5.58173507414e-10, 1.85111426187e-10],
        "var": [8.0873388697e-07, 3.85816201742e-05, 0.000187553523574, 5.2938281442e-05, 0.000107243140519, 7.30158899387e-06, 1.00105387446e-06, 3.52138135895e-06, 7.01104681866e-06, 2.21817890633e-06, 7.33486047011e-07, 1.74682952547e-07, 1.45457465806e-06, 1.01966543298e-06, 2.56327837178e-07, 4.08104554595e-08, 1.54632715521e-08, 7.00483653304e-08, 6.05774053142e-09, 6.02578431597e-09, 7.74139596871e-09, 1.82615877975e-08, 2.86586203657e-08, 1.96858110257e-07, 9.42179880781e-08, 3.36321459571e-09, 1.86459056745e-15]
    },
    "erbbands": {
        "dmean": [0.153447657824, 0.686025619507, 3.67327475548, 7.40870428085, 12.3735675812, 9.7089214325, 7.46521854401, 7.7531580925, 4.30617141724, 8.1729593277, 15.3655443192, 18.3709793091, 8.54567718506, 9.38746452332, 6.17842674255, 4.48302412033, 9.18074607849, 10.7430696487, 6.29376506805, 2.23838210106, 1.85441505909, 2.23645424843, 4.24041557312, 1.41024124622, 0.977443754673, 0.89602804184, 0.599914669991, 0.814710378647, 0.91376376152, 1.12985241413, 0.905331432819, 0.915514588356, 0.952235341072, 0.577301621437, 0.239333704114, 0.0685090348125, 0.0210363082588, 0.00157389824744, 3.34619144269e-05, 1.2928245269e-05],
        "dmean2": [0.245042860508, 1.11920666695, 5.54085016251, 11.9685106277, 19.2711029053, 15.2967662811, 11.3480386734, 11.958489418, 6.67757034302, 12.7922210693, 24.6323509216, 30.2600631714, 14.0582265854, 14.8835687637, 10.2832593918, 7.29701471329, 14.6988525391, 16.7967777252, 9.93937492371, 3.50599145889, 2.9033870697, 3.648042202, 7.10243606567, 2.12928438187, 1.55135309696, 1.38119482994, 0.883313000202, 1.2034497261, 1.36351168156, 1.73927807808, 1.24078273773, 1.28784179688, 1.35686314106, 0.730109035969, 0.345073193312, 0.098488740623, 0.0329873114824, 0.00259005837142, 5.12055157742e-05, 1.90016708075e-05],
        "dvar": [0.0722052752972, 0.982409894466, 75.1742630005, 250.934783936, 1136.60241699, 425.194122314, 120.243797302, 191.94909668, 42.0818367004, 242.794067383, 1542.56225586, 2254.41210938, 584.162475586, 707.684265137, 358.023620605, 157.942840576, 1088.40466309, 1320.26464844, 724.800231934, 30.5555362701, 29.0920543671, 40.0380935669, 147.570159912, 13.9511489868, 8.0202331543, 4.98404121399, 4.24456167221, 7.55283164978, 11.6218156815, 20.3120002747, 10.9750776291, 19.8303012848, 23.6183738708, 6.61629247665, 1.01096332073, 0.0532845258713, 0.00777051830664, 5.69109870412e-05, 1.91700575414e-08, 5.71630742741e-10],
        "dvar2": [0.183865979314, 2.61090159416, 141.484466553, 637.797485352, 2545.80493164, 1010.37084961, 259.817779541, 439.545349121, 102.967445374, 584.713012695, 4245.38183594, 6020.91943359, 1707.65661621, 1819.46899414, 1065.28344727, 482.167785645, 2636.48144531, 3265.07470703, 1937.07226562, 75.2358551025, 72.2820281982, 104.042411804, 404.217346191, 29.0839004517, 19.5061168671, 9.91261768341, 9.01402664185, 16.6626033783, 27.0286178589, 51.2755661011, 21.3180351257, 45.2963562012, 40.6497268677, 9.38412475586, 2.22896647453, 0.0991733446717, 0.0199167337269, 0.00015679540229, 5.02371406697e-08, 1.15621068275e-09],
        "max": [2.5167901516, 13.340631485, 162.123504639, 205.424636841, 488.236816406, 340.842559814, 172.881546021, 172.328430176, 88.7773513794, 211.488983154, 652.572265625, 712.635742188, 641.373840332, 400.481170654, 419.389770508, 263.837005615, 788.475891113, 873.991271973, 701.590270996, 83.4018783569, 101.872085571, 144.016342163, 157.324523926, 101.466148376, 55.4189414978, 41.4910354614, 52.1561889648, 56.1315765381, 58.3050384521, 89.0793228149, 83.7515258789, 121.588600159, 154.182067871, 80.3842849731, 28.9277858734, 6.23030328751, 1.86406683922, 0.159289985895, 0.00287484936416, 0.000348628876964],
        "mean": [0.491224825382, 2.91677379608, 6.34877920151, 11.2165393829, 17.0574760437, 17.8191986084, 17.8873825073, 16.3687515259, 9.73362922668, 14.5221834183, 25.9846553802, 31.3142547607, 16.5979938507, 15.5068655014, 11.6561021805, 7.86486053467, 15.227473259, 18.804145813, 11.1097583771, 4.31803655624, 3.33847999573, 3.70265412331, 6.45761442184, 2.60630321503, 1.79782569408, 1.58490049839, 1.05490803719, 1.34470272064, 1.40069675446, 1.82146310806, 1.55600202084, 1.42819523811, 1.59028315544, 0.987543523312, 0.407060265541, 0.116869002581, 0.0259316843003, 0.00171286880504, 5.69779258512e-05, 4.54396285932e-05],
        "median": [0.4575766325, 2.84115409851, 3.41814088821, 4.3885436058, 6.17815160751, 9.56377410889, 10.2032117844, 7.65104198456, 5.63324165344, 5.6018538475, 8.53269577026, 5.32714509964, 3.82226848602, 3.3057718277, 2.79741740227, 2.12130236626, 2.26598882675, 2.04509663582, 1.66050624847, 1.14761579037, 0.937173306942, 1.14242243767, 1.3337264061, 0.556152582169, 0.338626265526, 0.31485581398, 0.201527148485, 0.341862291098, 0.318369090557, 0.509656131268, 0.379390895367, 0.206671699882, 0.173725426197, 0.120400823653, 0.0658770650625, 0.0251871217042, 0.0060474621132, 0.000349945272319, 2.40367771767e-05, 3.26958652295e-05],
        "min": [0.000154460009071, 0.00416663056239, 0.0181178506464, 0.0861371457577, 0.036969576031, 0.0663724318147, 0.0631794258952, 0.049232147634, 0.0635858774185, 0.02960498631, 0.0100609958172, 0.00946118030697, 0.0169356949627, 0.00771016255021, 0.0105406716466, 0.0243518389761, 0.0207812730223, 0.0115272821859, 0.0131148854271, 0.00504962354898, 0.0127617642283, 0.00462128035724, 0.00387970916927, 0.0046520982869, 0.00345074106008, 0.00235711620189, 0.00112518202513, 0.00101802230347, 0.000829087744933, 0.000713478017133, 0.000405782484449, 0.000193250394659, 0.000294211960863, 0.000159966366482, 6.97654977557e-05, 1.1449214071e-05, 4.89063904752e-06, 4.34663917304e-07, 2.8917538657e-06, 2.47831917477e-06],
        "var": [0.14046433568, 1.82542204857, 135.608596802, 401.542419434, 1540.47680664, 637.307006836, 456.101989746, 543.022338867, 143.055023193, 565.684570312, 2678.32104492, 4085.65161133, 1357.42675781, 1379.81298828, 786.373474121, 291.347381592, 2650.22094727, 3055.6784668, 1219.92419434, 86.3927001953, 66.5695266724, 69.7019958496, 246.566390991, 56.0182304382, 17.2187080383, 11.1895475388, 9.92352199554, 16.7904891968, 19.7528743744, 27.3659362793, 25.4366722107, 45.9614105225, 75.5276794434, 24.2750167847, 2.43357539177, 0.155244484544, 0.00863416306674, 4.62125826743e-05, 2.049875647e-08, 1.41834888279e-09]
    },
    "gfcc": {
        "mean": [-45.0159568787, 128.198043823, -66.6593551636, 35.2344474792, -51.2153587341, 26.9542160034, -38.7604064941, 13.158539772, -18.2663478851, 1.83370172977, -12.0150127411, 1.47074234486, -8.50112342834],
        "cov": [[5460.61230469, -938.714416504, -1006.77197266, -450.202636719, -693.541748047, 175.722564697, -260.319915771, 179.017623901, -244.308288574, 34.8429374695, -392.37310791, -23.1803150177, -471.856140137], [-938.714416504, 959.956298828, -92.1100082397, -242.565551758, 205.162033081, -109.029205322, 159.044418335, -103.337593079, 136.856506348, -74.4198989868, 131.056091309, -36.235004425, 65.4714736938], [-1006.77197266, -92.1100082397, 608.653564453, 234.840515137, 15.6450328827, 5.60838317871, -14.3928756714, -19.6383190155, 17.7885417938, 30.5970935822, 26.420665741, 64.0607376099, 108.338378906], [-450.202636719, -242.565551758, 234.840515137, 453.480651855, 98.861000061, -35.8368492126, -44.6992301941, -31.4519424438, -24.0451622009, -27.7569026947, 20.0961456299, -19.1839179993, 92.8851928711], [-693.541748047, 205.162033081, 15.6450328827, 98.861000061, 299.381561279, -45.751537323, 47.0001296997, -50.7713699341, 4.55678701401, -35.3464584351, 53.2592773438, -36.6871643066, 29.5279312134], [175.722564697, -109.029205322, 5.60838317871, -35.8368492126, -45.751537323, 179.024780273, 60.1152114868, 19.9044208527, 2.58336567879, 10.5139341354, 7.11519670486, -4.46564865112, -15.2069358826], [-260.319915771, 159.044418335, -14.3928756714, -44.6992301941, 47.0001296997, 60.1152114868, 175.961029053, -2.7422554493, 21.2558364868, -11.9216089249, 44.306892395, -14.6059875488, -2.14987039566], [179.017623901, -103.337593079, -19.6383190155, -31.4519424438, -50.7713699341, 19.9044208527, -2.7422554493, 104.636886597, 17.2929039001, 19.7619113922, -11.0560483932, 11.4194803238, -8.84451007843], [-244.308288574, 136.856506348, 17.7885417938, -24.0451622009, 4.55678701401, 2.58336567879, 21.2558364868, 17.2929039001, 107.791641235, 8.09215927124, 27.7025966644, 9.13544654846, 32.0922470093], [34.8429374695, -74.4198989868, 30.5970935822, -27.7569026947, -35.3464584351, 10.5139341354, -11.9216089249, 19.7619113922, 8.09215927124, 80.7926025391, 3.05646514893, 13.7796640396, -6.32797145844], [-392.37310791, 131.056091309, 26.420665741, 20.0961456299, 53.2592773438, 7.11519670486, 44.306892395, -11.0560483932, 27.7025966644, 3.05646514893, 104.816818237, 5.13714456558, 43.9804000854], [-23.1803150177, -36.235004425, 64.0607376099, -19.1839179993, -36.6871643066, -4.46564865112, -14.6059875488, 11.4194803238, 9.13544654846, 13.7796640396, 5.13714456558, 95.7145385742, 17.4321403503], [-471.856140137, 65.4714736938, 108.338378906, 92.8851928711, 29.5279312134, -15.2069358826, -2.14987039566, -8.84451007843, 32.0922470093, -6.32797145844, 43.9804000854, 17.4321403503, 121.166091919]],
        "icov": [[0.00102068355773, -0.000732282991521, 0.00162611168344, -0.00120516528841, 0.00183316483162, -0.00148092652671, 0.00125329347793, -0.000984419486485, 0.00158439646475, -0.000614130229224, 0.00182319188025, -0.000976307899691, 0.00218518520705], [-0.000732282991521, 0.00730398111045, -0.00202764593996, 0.00678336108103, -0.00356844277121, 0.00617286330089, -0.00433783559129, 0.0058547151275, -0.00716785993427, 0.00560362683609, -0.00533845601603, 0.00386925344355, -0.00461854320019], [0.00162611168344, -0.00202764593996, 0.00533790234476, -0.00399905024096, 0.00327724148519, -0.00337798474357, 0.0020696867723, -0.00159409886692, 0.00303915934637, -0.0030238032341, 0.00396116264164, -0.00367452739738, 0.00254676444456], [-0.00120516528841, 0.00678336108103, -0.00399905024096, 0.0103886676952, -0.0050255949609, 0.00622836546972, -0.00335974851623, 0.00536656705663, -0.0058113434352, 0.00632391683757, -0.0057362485677, 0.00551880896091, -0.0072506936267], [0.00183316483162, -0.00356844277121, 0.00327724148519, -0.0050255949609, 0.00890466757119, -0.00292637618259, 0.00207743258215, -0.00214916095138, 0.0046607083641, -0.00183467078023, 0.00273284851573, -0.00153771939222, 0.00523104704916], [-0.00148092652671, 0.00617286330089, -0.00337798474357, 0.00622836546972, -0.00292637618259, 0.0130962356925, -0.00714662624523, 0.00446487497538, -0.00644918438047, 0.00434078043327, -0.00615074858069, 0.00454619014636, -0.00478764157742], [0.00125329347793, -0.00433783559129, 0.0020696867723, -0.00335974851623, 0.00207743258215, -0.00714662624523, 0.0115722520277, -0.0039770831354, 0.00414190907031, -0.00170688761864, 0.00127042585518, -0.0018366939621, 0.00507836276665], [-0.000984419486485, 0.0058547151275, -0.00159409886692, 0.00536656705663, -0.00214916095138, 0.00446487497538, -0.0039770831354, 0.0162413567305, -0.00822716578841, 0.00241962028667, -0.00370965874754, 0.0023566512391, -0.0041738525033], [0.00158439646475, -0.00716785993427, 0.00303915934637, -0.0058113434352, 0.0046607083641, -0.00644918438047, 0.00414190907031, -0.00822716578841, 0.0194033104926, -0.00613828841597, 0.00481441989541, -0.00414751796052, 0.00269790692255], [-0.000614130229224, 0.00560362683609, -0.0030238032341, 0.00632391683757, -0.00183467078023, 0.00434078043327, -0.00170688761864, 0.00241962028667, -0.00613828841597, 0.01915833354, -0.00643227808177, 0.00272514135577, -0.00185641355347], [0.00182319188025, -0.00533845601603, 0.00396116264164, -0.0057362485677, 0.00273284851573, -0.00615074858069, 0.00127042585518, -0.00370965874754, 0.00481441989541, -0.00643227808177, 0.0199814531952, -0.00476701324806, 0.000975993403699], [-0.000976307899691, 0.00386925344355, -0.00367452739738, 0.00551880896091, -0.00153771939222, 0.00454619014636, -0.0018366939621, 0.0023566512391, -0.00414751796052, 0.00272514135577, -0.00476701324806, 0.0154743250459, -0.0050083277747], [0.00218518520705, -0.00461854320019, 0.00254676444456, -0.0072506936267, 0.00523104704916, -0.00478764157742, 0.00507836276665, -0.0041738525033, 0.00269790692255, -0.00185641355347, 0.000975993403699, -0.0050083277747, 0.0200042147189]]
    },
    "melbands": {
        "dmean": [0.00113563647028, 0.00147067115176, 0.00131810351741, 0.000872888718732, 0.00025656746584, 0.00016913205036, 6.39828067506e-05, 0.000103951373603, 0.000134945323225, 0.000114268943435, 4.3046376959e-05, 4.08852210967e-05, 2.22136113734e-05, 1.32399482027e-05, 1.57370777742e-05, 2.38043230638e-05, 2.19276389544e-05, 1.1537620594e-05, 4.69701853945e-06, 3.31230899064e-06, 1.83441193258e-06, 2.53528287431e-06, 3.34616265718e-06, 3.14756607622e-06, 1.06970412617e-06, 7.47985041016e-07, 8.85701922471e-07, 5.7177214785e-07, 3.76515373546e-07, 4.16963558791e-07, 5.20322601005e-07, 4.94477831126e-07, 6.50851120554e-07, 6.73090482906e-07, 5.59121360766e-07, 4.75978112036e-07, 6.35470087218e-07, 6.99298709606e-07, 6.53396284633e-07, 4.81652477902e-07],
        "dmean2": [0.00182088301517, 0.00223232991993, 0.00210539903492, 0.00136961508542, 0.000392047601053, 0.000261175329797, 9.82306009973e-05, 0.000164099576068, 0.000211257080082, 0.000187910030945, 7.07791768946e-05, 6.51760128676e-05, 3.61761485692e-05, 2.14680967474e-05, 2.6194311431e-05, 3.74488190573e-05, 3.39223042829e-05, 1.83921129064e-05, 7.39271035854e-06, 5.23662492924e-06, 2.94099618259e-06, 4.17496676164e-06, 5.64191122976e-06, 5.1878459999e-06, 1.63644415352e-06, 1.2204208133e-06, 1.41269117648e-06, 8.8235168505e-07, 5.64771653444e-07, 6.24318488462e-07, 7.85513520896e-07, 7.57697932841e-07, 9.81956532087e-07, 1.06794482235e-06, 7.86135558428e-07, 6.67748622618e-07, 9.51564402385e-07, 1.05247977444e-06, 9.15125497158e-07, 6.46584453534e-07],
        "dvar": [3.26937765749e-06, 1.07376226879e-05, 7.65016557125e-06, 5.31749901711e-06, 1.38241745162e-07, 8.26233517159e-08, 1.01730677216e-08, 3.98518551492e-08, 1.25743412127e-07, 9.28490209162e-08, 1.73792518154e-08, 1.43429765842e-08, 4.52011228447e-09, 9.80552194996e-10, 4.1110728155e-09, 9.23447363022e-09, 6.27281826482e-09, 2.14051176783e-09, 2.34102293106e-10, 1.325042992e-10, 2.28827391063e-11, 6.45258846355e-11, 8.65174182296e-11, 7.79679862339e-11, 8.86759936314e-12, 4.24993243722e-12, 6.88587424927e-12, 1.95611625856e-12, 1.68070050065e-12, 1.85479691502e-12, 3.06542963756e-12, 3.30436372709e-12, 6.14732743875e-12, 7.12322171734e-12, 3.97587344991e-12, 3.97616661818e-12, 1.28185977458e-11, 1.48998174909e-11, 9.90705607828e-12, 5.05079008131e-12],
        "dvar2": [8.44629812491e-06, 2.07710818358e-05, 1.85889221029e-05, 1.1874773918e-05, 2.94931652434e-07, 1.89266245343e-07, 2.45456917014e-08, 9.93103199676e-08, 3.48684352502e-07, 2.47032062362e-07, 5.18872980138e-08, 3.85440834805e-08, 1.29155646178e-08, 2.6505151407e-09, 1.27211974288e-08, 2.06308374828e-08, 1.53090891075e-08, 5.63101476558e-09, 6.14124251452e-10, 3.23118587442e-10, 5.86083195864e-11, 1.67500111004e-10, 2.34930269682e-10, 2.10181871907e-10, 1.71247755559e-11, 1.05896654293e-11, 1.61539531751e-11, 4.04771832371e-12, 3.61605710653e-12, 4.46076986113e-12, 6.64942840373e-12, 7.59403217393e-12, 1.501120582e-11, 1.89721606481e-11, 7.79065006951e-12, 8.18563359456e-12, 3.16223817964e-11, 2.90692556831e-11, 1.75387759871e-11, 9.4620995067e-12],
        "max": [0.0179374590516, 0.0620404593647, 0.0363603159785, 0.0396764725447, 0.00703918049112, 0.00341389747337, 0.00169948651455, 0.00246094330214, 0.00575763080269, 0.00471946410835, 0.00348254945129, 0.00218126154505, 0.00156212795991, 0.000614600081462, 0.00170902698301, 0.00234113493934, 0.00198562955484, 0.00109699124005, 0.000350309914211, 0.000205931282835, 8.20070272312e-05, 0.000195516258827, 0.000140537624247, 9.67088562902e-05, 8.61397638801e-05, 3.43558567693e-05, 4.51179766969e-05, 2.0535706426e-05, 3.27472589561e-05, 2.59413991444e-05, 3.54638832505e-05, 2.81696611637e-05, 4.946181798e-05, 5.9099689679e-05, 4.44009056082e-05, 5.25887408003e-05, 0.000104962389742, 0.000117988180136, 0.000117219962704, 5.71989548916e-05],
        "mean": [0.00416906457394, 0.00357494410127, 0.00211590575054, 0.00133415998425, 0.000640046666376, 0.000368606910342, 0.00014307294623, 0.000172711675987, 0.000226306015975, 0.000193160376512, 7.95227169874e-05, 6.45559266559e-05, 4.00128665206e-05, 2.33234586631e-05, 2.3210179279e-05, 3.89046253986e-05, 3.49223701051e-05, 1.86809902516e-05, 7.92253740656e-06, 5.53075051357e-06, 3.10680457005e-06, 3.73669922737e-06, 5.39080065209e-06, 4.53591565019e-06, 1.89134561879e-06, 1.16483431611e-06, 1.46043328186e-06, 9.34628189952e-07, 6.27259737485e-07, 6.45658815301e-07, 8.29748159958e-07, 7.42993108815e-07, 9.4347922186e-07, 1.02428418813e-06, 9.25667279716e-07, 7.64878620885e-07, 9.22051128782e-07, 1.1282493233e-06, 1.03523120742e-06, 7.67454821471e-07],
        "median": [0.00390054192394, 0.00270361639559, 0.000813830527477, 0.000600155384745, 0.000395859970013, 0.000187193698366, 8.07046162663e-05, 6.35287724435e-05, 5.9254867665e-05, 2.9978737075e-05, 1.55004745466e-05, 1.22688461488e-05, 9.25244694372e-06, 7.13647841621e-06, 3.26483768731e-06, 4.81226197735e-06, 3.14276758218e-06, 2.65111657427e-06, 1.5661174757e-06, 1.14445981581e-06, 9.67699065768e-07, 1.07242556169e-06, 1.20164997952e-06, 8.9486474053e-07, 3.63138354942e-07, 2.5560495942e-07, 2.61557573822e-07, 1.72381135144e-07, 1.06775729591e-07, 1.32605393333e-07, 2.06925733437e-07, 1.57944370471e-07, 2.0984820992e-07, 2.90352801358e-07, 2.33859410059e-07, 1.1606696404e-07, 1.13131385149e-07, 1.1843133052e-07, 1.0324217925e-07, 8.99319232417e-08],
        "min": [1.0678148783e-06, 7.59551949159e-06, 9.15305281524e-06, 2.7494047572e-06, 2.71632438853e-06, 9.69826373876e-07, 1.03977890831e-06, 1.09625766243e-07, 6.17890165699e-08, 3.76521782641e-08, 7.25583362282e-08, 2.26048975094e-08, 1.50869592375e-08, 4.783932539e-08, 3.91355499119e-08, 3.3200958427e-08, 9.88473214392e-09, 1.2376360381e-08, 5.05138331164e-09, 1.12398481633e-08, 7.77601716351e-09, 3.7280751819e-09, 2.42234854397e-09, 3.7639966699e-09, 3.12832448834e-09, 2.81976952898e-09, 1.84189530295e-09, 1.02884223363e-09, 3.41999956133e-10, 5.20305298846e-10, 5.55769652522e-10, 2.91855817292e-10, 3.92774451852e-10, 2.21501580966e-10, 1.87602947066e-10, 1.14168660637e-10, 2.87074097133e-11, 1.64468369479e-10, 1.19478357763e-10, 7.77168815413e-11],
