{
"highlevel": {
    "danceability": {
        "all": {
            "danceable": 0.994633376598,
            "not_danceable": 0.00536659639329
        },
        "probability": 0.994633376598,
        "value": "danceable"
    },
    "gender": {
        "all": {
            "female": 0.0797312259674,
            "male": 0.920268774033
        },
        "probability": 0.920268774033,
        "value": "male"
    },
    "genre_dortmund": {
        "all": {
            "alternative": 0.0307567417622,
            "blues": 0.277566641569,
            "electronic": 0.00857572909445,
            "folkcountry": 0.20559771359,
            "funksoulrnb": 0.126566976309,
            "jazz": 0.10513304919,
            "pop": 0.105889618397,
            "raphiphop": 0.0198977347463,
            "rock": 0.120015799999
        },
        "probability": 0.277566641569,
        "value": "blues"
    },
    "genre_electronic": {
        "all": {
            "ambient": 0.344343274832,
            "dnb": 0.427851676941,
            "house": 0.117937713861,
            "techno": 0.0162638537586,
            "trance": 0.0936034619808
        },
        "probability": 0.427851676941,
        "value": "dnb"
    },
    "genre_rosamerica": {
        "all": {
            "cla": 0.00635982071981,
            "dan": 0.0171818155795,
            "hip": 0.034939866513,
            "jaz": 0.062150888145,
            "pop": 0.713113844395,
            "rhy": 0.114332668483,
            "roc": 0.0447983033955,
            "spe": 0.00712280161679
        },
        "probability": 0.713113844395,
        "value": "pop"
    },
    "genre_tzanetakis": {
        "all": {
            "blu": 0.0626541376114,
            "cla": 0.0348133966327,
            "cou": 0.0783501937985,
            "dis": 0.104547761381,
            "hip": 0.15693578124,
            "jaz": 0.313987255096,
            "met": 0.044816005975,
            "pop": 0.0627349764109,
            "reg": 0.0627352520823,
            "roc": 0.0784252434969
        },
        "probability": 0.313987255096,
        "value": "jaz"
    },
    "ismir04_rhythm": {
        "all": {
            "ChaChaCha": 0.0506138876081,
            "Jive": 0.0440317317843,
            "Quickstep": 0.407121002674,
            "Rumba-American": 0.0108329597861,
            "Rumba-International": 0.016731467098,
            "Rumba-Misc": 0.0087600722909,
            "Samba": 0.356738477945,
            "Tango": 0.048983708024,
            "VienneseWaltz": 0.0406387746334,
            "Waltz": 0.015547930263
        },
        "probability": 0.407121002674,
        "value": "Quickstep"
    },
    "mood_acoustic": {
        "all": {
            "acoustic": 0.140303120017,
            "not_acoustic": 0.859696865082
        },
        "probability": 0.859696865082,
        "value": "not_acoustic"
    },
    "mood_aggressive": {
        "all": {
            "aggressive": 0.0713460743427,
            "not_aggressive": 0.928653895855
        },
        "probability": 0.928653895855,
        "value": "not_aggressive"
    },
    "mood_electronic": {
        "all": {
            "electronic": 0.0595542564988,
            "not_electronic": 0.940445721149
        },
        "probability": 0.940445721149,
        "value": "not_electronic"
    },
    "mood_happy": {
        "all": {
            "happy": 0.998672783375,
            "not_happy": 0.00132719881367
        },
        "probability": 0.998672783375,
        "value": "happy"
    },
    "mood_party": {
        "all": {
            "not_party": 0.558219611645,
            "party": 0.441780418158
        },
        "probability": 0.558219611645,
        "value": "not_party"
    },
    "mood_relaxed": {
        "all": {
            "not_relaxed": 0.952076137066,
            "relaxed": 0.0479238554835
        },
        "probability": 0.952076137066,
        "value": "not_relaxed"
    },
    "mood_sad": {
        "all": {
            "not_sad": 0.796379446983,
            "sad": 0.203620538116
        },
        "probability": 0.796379446983,
        "value": "not_sad"
    },
    "moods_mirex": {
        "all": {
            "Cluster1": 0.101245388389,
            "Cluster2": 0.541813969612,
            "Cluster3": 0.123239286244,
            "Cluster4": 0.137535944581,
            "Cluster5": 0.0961654409766
        },
        "probability": 0.541813969612,
        "value": "Cluster2"
    },
    "timbre": {
        "all": {
            "bright": 0.990344464779,
            "dark": 0.0096555268392
        },
        "probability": 0.990344464779,
        "value": "bright"
    },
    "tonal_atonal": {
        "all": {
            "atonal": 0.0871991738677,
            "tonal": 0.912800848484
        },
        "probability": 0.912800848484,
        "value": "tonal"
    },
    "voice_instrumental": {
        "all": {
            "instrumental": 0.00527938967571,
            "voice": 0.994720637798
        },
        "probability": 0.994720637798,
        "value": "voice"
    }
},
"lowlevel": {
    "average_loudness": 0.980116009712,
    "barkbands_crest": {
        "dmean": 2.73696994781,
        "dmean2": 4.29367542267,
        "dvar": 6.37972402573,
        "dvar2": 14.1582183838,
        "max": 24.9164352417,
        "mean": 10.6724014282,
        "median": 9.81344223022,
        "min": 2.84262371063,
        "var": 18.6798362732
    },
    "barkbands_flatness_db": {
        "dmean": 0.0220890082419,
        "dmean2": 0.0324408039451,
        "dvar": 0.0004300280998,
        "dvar2": 0.000908938818611,
        "max": 0.31479242444,
        "mean": 0.146548584104,
        "median": 0.141396477818,
        "min": 0.0586046241224,
        "var": 0.00174546265043
    },
    "barkbands_kurtosis": {
        "dmean": 2.31048607826,
        "dmean2": 3.51548647881,
        "dvar": 17.6719512939,
        "dvar2": 37.2013778687,
        "max": 79.8459625244,
        "mean": 3.0950012207,
        "median": 1.07783842087,
        "min": -1.95506060123,
        "var": 42.3155441284
    },
    "barkbands_skewness": {
        "dmean": 0.518147468567,
        "dmean2": 0.766507923603,
        "dvar": 0.314858227968,
        "dvar2": 0.654494702816,
        "max": 7.26457834244,
        "mean": 1.13515067101,
        "median": 0.946582913399,
        "min": -2.17842006683,
        "var": 1.3558883667
    },
    "barkbands_spread": {
        "dmean": 7.40631580353,
        "dmean2": 11.0649032593,
        "dvar": 83.3261642456,
        "dvar2": 176.006134033,
        "max": 102.50151062,
        "mean": 25.871263504,
        "median": 22.8660049438,
        "min": 1.66032469273,
        "var": 239.247131348
    },
    "dissonance": {
        "dmean": 0.0267463307828,
        "dmean2": 0.0432081446052,
        "dvar": 0.000629458168987,
        "dvar2": 0.00169407110661,
        "max": 0.5,
        "mean": 0.449630558491,
        "median": 0.459503620863,
        "min": 0.271872758865,
        "var": 0.00147602241486
    },
    "dynamic_complexity": 1.90395224094,
    "erbbands_crest": {
        "dmean": 3.37671589851,
        "dmean2": 5.29181718826,
        "dvar": 9.59709644318,
        "dvar2": 21.4552192688,
        "max": 31.4008903503,
        "mean": 11.7637624741,
        "median": 10.5028934479,
        "min": 2.92759251595,
        "var": 32.7813873291
    },
    "erbbands_flatness_db": {
        "dmean": 0.0207428373396,
        "dmean2": 0.0295894220471,
        "dvar": 0.00037273162161,
        "dvar2": 0.000754308828618,
        "max": 0.311040252447,
        "mean": 0.166473641992,
        "median": 0.163872718811,
        "min": 0.0697120130062,
        "var": 0.00190724793356
    },
    "erbbands_kurtosis": {
        "dmean": 1.62970423698,
        "dmean2": 2.42881774902,
        "dvar": 5.31626939774,
        "dvar2": 11.1516485214,
        "max": 39.8195648193,
        "mean": 1.63722288609,
        "median": 0.508623123169,
        "min": -1.72370660305,
        "var": 13.3775587082
    },
    "erbbands_skewness": {
        "dmean": 0.470135062933,
        "dmean2": 0.681619763374,
        "dvar": 0.211555808783,
        "dvar2": 0.415683686733,
        "max": 4.57802295685,
        "mean": 0.5492233634,
        "median": 0.536677837372,
        "min": -4.36600780487,
        "var": 1.17976355553
    },
    "erbbands_spread": {
        "dmean": 10.013261795,
        "dmean2": 14.9711723328,
        "dvar": 119.864341736,
        "dvar2": 276.801269531,
        "max": 127.373184204,
        "mean": 36.7997436523,
        "median": 31.9335269928,
        "min": 2.43336510658,
        "var": 443.1824646
    },
    "hfc": {
        "dmean": 9.90450668335,
        "dmean2": 14.5464076996,
        "dvar": 137.6927948,
        "dvar2": 298.854705811,
        "max": 132.006774902,
        "mean": 31.1634159088,
        "median": 28.3886795044,
        "min": 0.54271376133,
        "var": 464.051513672
    },
    "melbands_crest": {
        "dmean": 3.08194923401,
        "dmean2": 4.87377643585,
        "dvar": 7.8623418808,
        "dvar2": 18.5910224915,
        "max": 30.9401893616,
        "mean": 13.6198797226,
        "median": 12.7270908356,
        "min": 3.78785276413,
        "var": 23.5369682312
    },
    "melbands_flatness_db": {
        "dmean": 0.0280771013349,
        "dmean2": 0.0397040098906,
        "dvar": 0.000696025788784,
        "dvar2": 0.00147095369175,
        "max": 0.418005108833,
        "mean": 0.180440932512,
        "median": 0.178942009807,
        "min": 0.0321788713336,
        "var": 0.0034175014589
    },
    "melbands_kurtosis": {
        "dmean": 5.66354465485,
        "dmean2": 8.62889194489,
        "dvar": 95.3236465454,
        "dvar2": 210.970031738,
        "max": 160.576385498,
        "mean": 10.3819952011,
        "median": 4.62992429733,
        "min": -1.76082360744,
        "var": 234.278030396
    },
    "melbands_skewness": {
        "dmean": 0.705133080482,
        "dmean2": 1.04135632515,
        "dvar": 0.581073284149,
        "dvar2": 1.21942043304,
        "max": 9.36957454681,
        "mean": 2.05718755722,
        "median": 1.63738715649,
        "min": -1.17369163036,
        "var": 2.6659052372
    },
    "melbands_spread": {
        "dmean": 9.11045837402,
        "dmean2": 13.780210495,
        "dvar": 160.13633728,
        "dvar2": 348.279541016,
        "max": 158.589050293,
        "mean": 30.6187095642,
        "median": 26.889799118,
        "min": 1.22697007656,
        "var": 443.062561035
    },
    "pitch_salience": {
        "dmean": 0.0674951598048,
        "dmean2": 0.105188772082,
        "dvar": 0.00359621387906,
        "dvar2": 0.00846695527434,
        "max": 0.819394350052,
        "mean": 0.504883468151,
        "median": 0.501116812229,
        "min": 0.16725243628,
        "var": 0.0104114878923
    },
    "silence_rate_20dB": {
        "dmean": 0,
        "dmean2": 0,
        "dvar": 0,
        "dvar2": 0,
        "max": 1,
        "mean": 1,
        "median": 1,
        "min": 1,
        "var": 0
    },
    "silence_rate_30dB": {
        "dmean": 0,
        "dmean2": 0,
        "dvar": 0,
        "dvar2": 0,
        "max": 1,
        "mean": 1,
        "median": 1,
        "min": 1,
        "var": 0
    },
    "silence_rate_60dB": {
        "dmean": 0.0108359130099,
        "dmean2": 0.0216886140406,
        "dvar": 0.0107184005901,
        "dvar2": 0.0274150613695,
        "max": 1,
        "mean": 0.0108275329694,
        "median": 0,
        "min": 0,
        "var": 0.0107103530318
    },
    "spectral_centroid": {
        "dmean": 331.040802002,
        "dmean2": 502.589233398,
        "dvar": 156501.015625,
        "dvar2": 350288.625,
        "max": 4741.15820312,
        "mean": 1632.08483887,
        "median": 1543.66809082,
        "min": 287.643371582,
        "var": 470959.5625
    },
    "spectral_complexity": {
        "dmean": 4.04953575134,
        "dmean2": 6.10379552841,
        "dvar": 19.4696426392,
        "dvar2": 41.6048545837,
        "max": 51,
        "mean": 16.6287708282,
        "median": 15,
        "min": 2,
        "var": 62.0430755615
    },
    "spectral_decrease": {
        "dmean": 1.80642822922e-09,
        "dmean2": 2.70016187187e-09,
        "dvar": 3.59858887073e-18,
        "dvar2": 7.72211400281e-18,
        "max": -1.76575074007e-10,
        "mean": -6.8439738321e-09,
        "median": -6.88177959063e-09,
        "min": -1.96809715192e-08,
        "var": 1.04178129011e-17
    },
    "spectral_energy": {
        "dmean": 0.00744110066444,
        "dmean2": 0.0110856769606,
        "dvar": 5.9368332586e-05,
        "dvar2": 0.000127437611809,
        "max": 0.078028537333,
        "mean": 0.0286573451012,
        "median": 0.0292491652071,
        "min": 0.000852557364851,
        "var": 0.000175289533217
    },
    "spectral_energyband_high": {
        "dmean": 0.000801130721811,
        "dmean2": 0.00123546924442,
        "dvar": 1.74021465682e-06,
        "dvar2": 3.97112034989e-06,
        "max": 0.0165578275919,
        "mean": 0.00142760085873,
        "median": 0.000793271814473,
        "min": 3.2935759009e-06,
        "var": 3.47403874912e-06
    },
    "spectral_energyband_low": {
        "dmean": 0.00289913685992,
        "dmean2": 0.00438021263108,
        "dvar": 2.29473535001e-05,
        "dvar2": 5.0223825383e-05,
        "max": 0.0557223372161,
        "mean": 0.00732952635735,
        "median": 0.00519314128906,
        "min": 8.85668441697e-07,
        "var": 5.50002077944e-05
    },
    "spectral_energyband_middle_high": {
        "dmean": 0.00301669351757,
        "dmean2": 0.00448876107112,
        "dvar": 1.59305000125e-05,
        "dvar2": 3.40652550221e-05,
        "max": 0.0431232564151,
        "mean": 0.009243006818,
        "median": 0.00588915590197,
        "min": 4.6102781198e-05,
        "var": 8.22344518383e-05
    },
    "spectral_energyband_middle_low": {
        "dmean": 0.004574614577,
        "dmean2": 0.00681405048817,
        "dvar": 3.23508502333e-05,
        "dvar2": 7.46664954931e-05,
        "max": 0.0581321455538,
        "mean": 0.0111763747409,
        "median": 0.00891363900155,
        "min": 0.000197794855922,
        "var": 8.19698252599e-05
    },
    "spectral_entropy": {
        "dmean": 0.225817039609,
        "dmean2": 0.310520648956,
        "dvar": 0.0424088910222,
        "dvar2": 0.0828573405743,
        "max": 8.64612007141,
        "mean": 7.5298166275,
        "median": 7.5214304924,
        "min": 6.45524120331,
        "var": 0.155338481069
    },
    "spectral_flux": {
        "dmean": 0.0302777886391,
        "dmean2": 0.0473776608706,
        "dvar": 0.000661255733576,
        "dvar2": 0.00158350414131,
        "max": 0.238700479269,
        "mean": 0.0977857410908,
        "median": 0.0947801247239,
        "min": 0.0189248286188,
        "var": 0.00176371459384
    },
    "spectral_kurtosis": {
        "dmean": 1.26344275475,
        "dmean2": 2.02100658417,
        "dvar": 1.62125968933,
        "dvar2": 3.80733585358,
        "max": 11.5994997025,
        "mean": 3.12668609619,
        "median": 2.78620624542,
        "min": -1.05058848858,
        "var": 3.94640851021
    },
    "spectral_rms": {
        "dmean": 0.000708509178367,
        "dmean2": 0.00103414757177,
        "dvar": 5.11178257057e-07,
        "dvar2": 1.00711463347e-06,
        "max": 0.00872498750687,
        "mean": 0.00511336140335,
        "median": 0.00534188840538,
        "min": 0.000912010553293,
        "var": 1.81192331183e-06
    },
    "spectral_rolloff": {
        "dmean": 627.514404297,
        "dmean2": 1053.09301758,
        "dvar": 1253567.25,
        "dvar2": 2698841.5,
        "max": 9517.67578125,
        "mean": 1841.13354492,
        "median": 1291.9921875,
        "min": 86.1328125,
        "var": 2480967
    },
    "spectral_skewness": {
        "dmean": 0.240587458014,
        "dmean2": 0.363379478455,
        "dvar": 0.052697379142,
        "dvar2": 0.105917520821,
        "max": 3.00096011162,
        "mean": 1.35204362869,
        "median": 1.34290289879,
        "min": -0.096504598856,
        "var": 0.16640727222
    },
    "spectral_spread": {
        "dmean": 609458.8125,
        "dmean2": 897664.875,
        "dvar": 461937278976,
        "dvar2": 982396502016,
        "max": 13311339,
        "mean": 5054822.5,
        "median": 4875334.5,
        "min": 2871757.25,
        "var": 1.37736133018e+12
    },
    "spectral_strongpeak": {
        "dmean": 0.966083705425,
        "dmean2": 1.62137520313,
        "dvar": 1.8083564043,
        "dvar2": 4.26047039032,
        "max": 11.9905929565,
        "mean": 2.10910320282,
        "median": 1.29397392273,
        "min": 0.0316777862608,
        "var": 4.9898815155
    },
    "zerocrossingrate": {
        "dmean": 0.0120656862855,
        "dmean2": 0.0136495605111,
        "dvar": 0.000191527986317,
        "dvar2": 0.000215075400774,
        "max": 0.32177734375,
        "mean": 0.0712943524122,
        "median": 0.06640625,
        "min": 0.0078125,
        "var": 0.00113819900434
    },
    "barkbands": {
        "dmean": [0.000103974227386, 0.00232127518393, 0.00107879494317, 0.000704629346728, 0.00125623738859, 0.000942155485973, 0.000845089205541, 0.00121711241081, 0.00161581940483, 0.000576162070502, 0.000761659117416, 0.00120535737369, 0.000709467974957, 0.000602661748417, 0.000381837016903, 0.000418708979851, 0.000319743005093, 0.000301607331494, 0.000295893580187, 0.000336843397235, 0.000187568890397, 0.000233800994465, 0.000192104736925, 0.000129929423565, 9.45951178437e-05, 2.52555764746e-05, 2.27864873636e-08],
        "dmean2": [0.000164511657204, 0.00356517592445, 0.0017293576384, 0.00122195400763, 0.00198784284294, 0.00146184477489, 0.00137900246773, 0.00180599151645, 0.00232366262935, 0.000854518206324, 0.00119237182662, 0.00189010414761, 0.00108458707109, 0.000900298298802, 0.00061241077492, 0.000590610317886, 0.000488483929075, 0.000464082782855, 0.000454952882137, 0.000525295326952, 0.000311266456265, 0.000368639302906, 0.000292475859169, 0.000198273206479, 0.000150113250129, 4.02988116548e-05, 4.03665580961e-08],
        "dvar": [2.39094468668e-08, 1.79548951564e-05, 6.47706610835e-06, 3.7721724766e-06, 5.73203988097e-06, 2.95784298032e-06, 3.43179476658e-06, 9.05163415155e-06, 1.06636844066e-05, 1.89621732716e-06, 5.27959673491e-06, 1.01504201666e-05, 3.32310992235e-06, 2.78236939266e-06, 8.92912566997e-07, 1.3724825294e-06, 3.96225033228e-07, 2.60997808255e-07, 3.03619259512e-07, 3.68621357438e-07, 1.1383495746e-07, 1.74306720169e-07, 1.54598424729e-07, 6.94903903309e-08, 4.1339134782e-08, 1.89457427524e-09, 2.59464250486e-14],
        "dvar2": [5.86987738416e-08, 4.13603702327e-05, 1.60263280122e-05, 1.03129896161e-05, 1.42867174873e-05, 6.27645704299e-06, 8.8416682047e-06, 1.97205572476e-05, 2.13011026062e-05, 4.37102289652e-06, 1.15264092528e-05, 2.42965979851e-05, 7.05087950337e-06, 5.82209440836e-06, 2.15714067053e-06, 2.53945427175e-06, 8.50839001032e-07, 5.25893483427e-07, 6.56155521028e-07, 8.68592564984e-07, 3.0001893947e-07, 4.12860487131e-07, 3.37047907806e-07, 1.46783634136e-07, 9.93640512092e-08, 4.34340874378e-09, 7.36485999682e-14],
        "max": [0.00159980007447, 0.0444923192263, 0.0285510160029, 0.0206864420325, 0.0252396278083, 0.02558394894, 0.0273289699107, 0.0449013225734, 0.0416750237346, 0.0224398616701, 0.0328501723707, 0.0333734601736, 0.0209953822196, 0.0285849217325, 0.00966648198664, 0.0200314670801, 0.00789020676166, 0.0102210873738, 0.00782917439938, 0.0103751346469, 0.00301283993758, 0.00823846831918, 0.00584872439504, 0.00467073125765, 0.00368632096797, 0.000559111882467, 3.14724206874e-06],
        "mean": [0.000162397220265, 0.00481111183763, 0.00196729926392, 0.000775682390667, 0.0018118917942, 0.00164366373792, 0.00110342528205, 0.00212031183764, 0.00347592751496, 0.00103574269451, 0.00131967756897, 0.00184068642557, 0.00100931106135, 0.000818026193883, 0.000511374499183, 0.000889258401003, 0.00054275902221, 0.000544117821846, 0.000476127723232, 0.000528773874976, 0.00023133889772, 0.000376840820536, 0.000286537542706, 0.000198866444407, 0.00013676553499, 3.94025737478e-05, 1.79706205472e-08],
        "median": [8.34826205391e-05, 0.00353371095844, 0.000752562540583, 0.000365200685337, 0.000793185492512, 0.000570543110371, 0.000338379701134, 0.000257381761912, 0.000531390076503, 0.000211760721868, 0.000182931005838, 0.000256538769463, 0.000182511212188, 0.000168377853697, 0.000157842659974, 0.00012857170077, 0.000139932119055, 0.000223483191803, 0.000207592544029, 0.00024492238299, 8.29253476695e-05, 0.000210486454307, 0.000114733920782, 8.48109702929e-05, 6.62701713736e-05, 1.40437696245e-05, 4.88906248819e-10],
        "min": [1.75903842603e-08, 7.15052692613e-08, 1.15808083123e-08, 1.19211648553e-07, 2.4266616947e-06, 3.06452784571e-06, 1.87838372767e-06, 7.63312868912e-07, 2.7775001854e-06, 3.37956635121e-06, 1.33413141157e-06, 1.03305865196e-06, 1.16076989798e-06, 1.77078959496e-06, 8.71194515639e-07, 1.65384835782e-06, 1.16541082207e-06, 5.20235516888e-07, 3.33229900207e-06, 1.25824340103e-06, 1.09412746951e-06, 6.74279419854e-07, 3.62898475714e-07, 4.6477271809e-08, 7.15194514722e-10, 9.01676216331e-12, 9.0763160876e-12],
        "var": [3.79822502339e-08, 3.08291928377e-05, 7.71798931964e-06, 2.6506481845e-06, 7.20119669495e-06, 7.63273419579e-06, 5.21531046616e-06, 2.68745861831e-05, 4.43056997028e-05, 4.84247993882e-06, 1.26950708363e-05, 2.03599993256e-05, 6.06236835665e-06, 4.65686525786e-06, 1.14243493954e-06, 6.03726311965e-06, 9.50797982568e-07, 8.68582731073e-07, 5.93663855852e-07, 6.59083070786e-07, 1.38494783641e-07, 2.77287114159e-07, 2.83137694623e-07, 1.12015669629e-07, 5.7583363855e-08, 5.01857488899e-09, 2.15179775582e-14]
    },
    "erbbands": {
        "dmean": [0.0683062300086, 0.558089196682, 1.17888987064, 1.75192141533, 3.80123710632, 3.74829673767, 5.50328159332, 8.50413513184, 12.0533638, 13.9140396118, 35.5270462036, 37.4955787659, 23.6774997711, 17.7481517792, 36.5048141479, 36.0787200928, 26.114397049, 22.0679893494, 25.4789295197, 20.3270168304, 20.7663288116, 19.4509677887, 16.9543933868, 12.0830383301, 18.8531284332, 13.4204311371, 8.33768177032, 6.37527275085, 8.12231349945, 8.61769962311, 5.06399440765, 3.16621303558, 2.03935003281, 1.33127903938, 0.55899566412, 0.158499538898, 0.0415637046099, 0.00405159033835, 7.59260074119e-05, 1.21723387565e-05],
        "dmean2": [0.102648600936, 0.859360992908, 1.83716750145, 2.90775322914, 6.34399366379, 5.97914361954, 8.37975502014, 13.13489151, 19.1352462769, 21.733259201, 49.3786659241, 52.9928665161, 33.9429588318, 25.384973526, 52.794380188, 55.3028411865, 42.0295448303, 32.2517929077, 39.1333770752, 29.9523830414, 29.9225826263, 29.2303504944, 25.9783573151, 18.5195674896, 29.4132633209, 21.1347084045, 13.7587490082, 10.4170455933, 13.0587272644, 13.0811958313, 8.02065944672, 4.75023126602, 3.24435019493, 2.0927066803, 0.897276759148, 0.255065053701, 0.0656444951892, 0.00659373449162, 0.000121049713925, 1.8347222067e-05],
        "dvar": [0.0139699615538, 1.07339918613, 6.50179195404, 19.6520843506, 84.7757873535, 51.6711959839, 111.036834717, 300.680755615, 602.019470215, 773.776062012, 6279.77734375, 6434.4140625, 2255.78222656, 1446.50146484, 10382.2255859, 8648.94238281, 3883.53515625, 2989.22094727, 5032.99169922, 2464.77368164, 3348.94506836, 1513.67382812, 952.978515625, 348.107910156, 1228.90393066, 579.185913086, 295.592102051, 139.03604126, 223.797836304, 266.870635986, 132.569015503, 56.8929290771, 14.3436641693, 6.96185207367, 1.70110082626, 0.0845009461045, 0.00545984506607, 0.000101556237496, 2.67741278037e-08, 1.89217835844e-10],
        "dvar2": [0.0307637993246, 2.47259998322, 14.9902858734, 51.3497657776, 224.817733765, 126.769500732, 221.154602051, 650.075256348, 1557.06628418, 1726.81628418, 12383.1162109, 13317.8701172, 4482.84082031, 3128.04174805, 21740.125, 19991.7753906, 9603.58886719, 6268.40087891, 10980.2851562, 5125.99169922, 6367.27050781, 3163.61791992, 1870.73840332, 820.070678711, 2642.64941406, 1332.35961914, 803.444763184, 358.910064697, 568.764160156, 578.159362793, 301.35647583, 120.57572937, 32.0711097717, 16.8277854919, 4.00071287155, 0.203308671713, 0.0118674840778, 0.000256203580648, 6.36280290678e-08, 4.0490116815e-10],
        "max": [1.30533158779, 10.9484243393, 29.5668525696, 43.5295028687, 117.884231567, 90.3784255981, 170.013763428, 283.195465088, 343.147094727, 523.192443848, 1098.11193848, 1274.01416016, 605.558898926, 826.223937988, 1575.02624512, 1186.86938477, 720.80090332, 765.986877441, 990.165527344, 986.303100586, 1057.08081055, 486.379577637, 630.415039062, 269.561065674, 542.198425293, 431.807067871, 176.051971436, 176.807617188, 313.267303467, 339.912658691, 135.939910889, 134.445892334, 57.6931266785, 36.1611175537, 26.0252895355, 4.97029829025, 1.23505854607, 0.222308814526, 0.00366115290672, 0.000182879171916],
        "mean": [0.136995449662, 1.06767594814, 2.46555042267, 2.39941549301, 4.60717868805, 5.16141271591, 10.1008806229, 14.3687829971, 16.9403572083, 21.7307834625, 60.4300270081, 76.959602356, 43.1638526917, 36.8087120056, 61.1925163269, 69.0475082397, 48.5392723083, 33.8481559753, 36.8278427124, 34.7288360596, 44.0247421265, 35.8722991943, 31.7962741852, 23.7094078064, 30.3552570343, 21.3843631744, 10.8022050858, 8.57155609131, 12.581158638, 13.9128723145, 7.03729152679, 4.37703323364, 3.22610664368, 1.90231394768, 0.776640057564, 0.225869655609, 0.067654915154, 0.00596601190045, 0.000137335548061, 4.37805720139e-05],
        "median": [0.0830454677343, 0.745726883411, 1.13597536087, 1.30645799637, 1.87208473682, 2.25232744217, 3.04689955711, 5.46258020401, 6.47757005692, 5.59621238708, 10.0708017349, 15.6055164337, 13.3740873337, 11.1332445145, 11.7797632217, 10.8079013824, 10.201010704, 10.1045255661, 11.8966369629, 8.6880569458, 8.42595481873, 10.8042697906, 13.327671051, 12.8245325089, 13.4118833542, 10.6701498032, 4.17991495132, 3.32743024826, 6.5182518959, 7.1981844902, 2.7652566433, 1.56234025955, 1.47206914425, 0.907522439957, 0.333974808455, 0.083727568388, 0.023061497137, 0.00153617945034, 5.5911274103e-05, 4.27320228482e-05],
        "min": [2.03613535632e-06, 3.58179677278e-05, 0.000197757413844, 0.000953486247454, 0.00135850824881, 0.0101369069889, 0.0177120640874, 0.0725710168481, 0.04040113464, 0.0322024188936, 0.177656278014, 0.182596638799, 0.178788527846, 0.146369799972, 0.0633920133114, 0.0880706831813, 0.0875422507524, 0.0729039013386, 0.101333595812, 0.0846723988652, 0.132673561573, 0.0816050767899, 0.084982149303, 0.142619863153, 0.089413151145, 0.0532181635499, 0.0611072741449, 0.0381870418787, 0.0244670882821, 0.0226203817874, 0.00830487906933, 0.00462754070759, 0.000480595655972, 7.54026623326e-05, 4.50239576821e-06, 1.20317861274e-06, 6.13330996657e-07, 1.07387869264e-07, 8.56818303419e-07, 1.19168589663e-06],
        "var": [0.0261887200177, 1.70439720154, 9.90348911285, 16.231294632, 77.5033798218, 64.2771453857, 325.247375488, 649.159240723, 783.280700684, 1891.46948242, 16101.2763672, 24954.7421875, 5963.58007812, 6347.11035156, 25080.2890625, 27752.3457031, 9996.49023438, 5137.47802734, 8167.01464844, 5347.34277344, 12946.3496094, 3946.61914062, 2931.71875, 1011.68017578, 2352.26074219, 982.342529297, 302.756011963, 203.93939209, 312.584869385, 526.585693359, 194.622177124, 85.9050750732, 23.2442703247, 9.91587257385, 2.26849222183, 0.14830814302, 0.0175321232527, 0.000249909498962, 7.93310022118e-08, 6.05798744502e-10]
    },
    "gfcc": {
        "mean": [21.5067024231, 71.9573898315, -122.069618225, 38.2739715576, -68.4064254761, 23.8305778503, -34.6539535522, 19.0706729889, -21.8721141815, 4.57991886139, -12.7650947571, 3.54325842857, -11.7205410004],
        "cov": [[2283.85205078, -664.585388184, -253.126480103, 32.9336662292, 181.290237427, 122.730300903, -118.731704712, 136.625534058, -87.2757797241, 121.331062317, -106.227119446, 36.3730926514, -98.8871765137], [-664.585388184, 1096.09643555, 328.734985352, 218.260299683, 139.168716431, -66.8886260986, 139.542114258, 4.94307041168, 164.743743896, -83.3888168335, 71.7914657593, -77.0783157349, 76.8613739014], [-253.126480103, 328.734985352, 780.651489258, 422.110626221, -8.32715892792, 19.4697628021, 37.0719451904, 3.81534957886, 51.0414505005, 4.23143482208, -31.9856967926, -0.679049193859, 22.2231769562], [32.9336662292, 218.260299683, 422.110626221, 667.530395508, 138.539398193, -11.4949188232, -49.7872543335, -41.9228858948, 132.848312378, 20.6499824524, -14.556022644, -29.818523407, 94.988899231], [181.290237427, 139.168716431, -8.32715892792, 138.539398193, 352.02835083, 43.124622345, -38.5676231384, 38.9718170166, 37.3133964539, 32.4034004211, 19.8200531006, 28.279499054, 45.975933075], [122.730300903, -66.8886260986, 19.4697628021, -11.4949188232, 43.124622345, 284.761657715, 152.451461792, 23.4415454865, -55.073600769, 14.1513881683, 41.9335441589, 10.1832914352, 3.40277719498], [-118.731704712, 139.542114258, 37.0719451904, -49.7872543335, -38.5676231384, 152.451461792, 293.464294434, 48.1186141968, -11.1051015854, -8.16708850861, 32.410068512, -1.37026667595, -21.0634059906], [136.625534058, 4.94307041168, 3.81534957886, -41.9228858948, 38.9718170166, 23.4415454865, 48.1186141968, 173.083557129, 67.2973709106, 28.9194450378, 2.42086005211, -6.70786476135, -1.70734572411], [-87.2757797241, 164.743743896, 51.0414505005, 132.848312378, 37.3133964539, -55.073600769, -11.1051015854, 67.2973709106, 225.246154785, 37.9467315674, -19.872756958, -43.4325370789, 31.8062934875], [121.331062317, -83.3888168335, 4.23143482208, 20.6499824524, 32.4034004211, 14.1513881683, -8.16708850861, 28.9194450378, 37.9467315674, 115.717247009, 11.8503656387, 8.62298965454, 2.57751822472], [-106.227119446, 71.7914657593, -31.9856967926, -14.556022644, 19.8200531006, 41.9335441589, 32.410068512, 2.42086005211, -19.872756958, 11.8503656387, 131.640365601, 45.5535430908, 24.9389438629], [36.3730926514, -77.0783157349, -0.679049193859, -29.818523407, 28.279499054, 10.1832914352, -1.37026667595, -6.70786476135, -43.4325370789, 8.62298965454, 45.5535430908, 147.076644897, 36.7447166443], [-98.8871765137, 76.8613739014, 22.2231769562, 94.988899231, 45.975933075, 3.40277719498, -21.0634059906, -1.70734572411, 31.8062934875, 2.57751822472, 24.9389438629, 36.7447166443, 128.692962646]],
        "icov": [[0.000816923275124, -4.42773807663e-06, 0.000639742356725, -0.000768236990552, 9.68021140579e-06, -0.000601972744334, 0.000591060612351, -0.00115373136941, 0.000792491133325, -0.000682587968186, 0.00101785850711, -0.000652408110909, 0.000987661653198], [-4.42773807663e-06, 0.00297330017202, -0.0018668306293, 0.0013054657029, -0.00230421032757, 0.00223662285134, -0.00251318956725, 0.00172137608752, -0.00214737723581, 0.00258264155127, -0.00286841369234, 0.002706942847, -0.00178288551979], [0.000639742356725, -0.0018668306293, 0.00398685364053, -0.00333185354248, 0.00220542913303, -0.001940717455, 0.00168740586378, -0.00278606219217, 0.00245066662319, -0.00209511071444, 0.00315739493817, -0.00296327867545, 0.00255046761595], [-0.000768236990552, 0.0013054657029, -0.00333185354248, 0.00505143497139, -0.00236289342865, 0.00140834774356, -0.00135605863761, 0.00373041746207, -0.00336034758948, 0.00163725134917, -0.00242170016281, 0.00292240921408, -0.00345607893541], [9.68021140579e-06, -0.00230421032757, 0.00220542913303, -0.00236289342865, 0.00565542047843, -0.00273959827609, 0.00286736385897, -0.00268731242977, 0.00173470063601, -0.00229930575006, 0.00217336486094, -0.00302108190954, 0.00129125791136], [-0.000601972744334, 0.00223662285134, -0.001940717455, 0.00140834774356, -0.00273959827609, 0.0079927239567, -0.00539598241448, 0.00183267751709, -0.000157576432684, 0.00125085073523, -0.00360558391549, 0.00330713321455, -0.00282586389221], [0.000591060612351, -0.00251318956725, 0.00168740586378, -0.00135605863761, 0.00286736385897, -0.00539598241448, 0.00810990203172, -0.0033908081241, 0.00156887620687, -0.00157190370373, 0.00225669168867, -0.00290553970262, 0.00310138310306], [-0.00115373136941, 0.00172137608752, -0.00278606219217, 0.00373041746207, -0.00268731242977, 0.00183267751709, -0.0033908081241, 0.0109054576606, -0.00543845631182, 0.00140474585351, -0.00307447416708, 0.00268508843146, -0.00254053552635], [0.000792491133325, -0.00214737723581, 0.00245066662319, -0.00336034758948, 0.00173470063601, -0.000157576432684, 0.00156887620687, -0.00543845631182, 0.00998391676694, -0.00447080284357, 0.00353188766167, -0.000586441310588, 0.000622669758741], [-0.000682587968186, 0.00258264155127, -0.00209511071444, 0.00163725134917, -0.00229930575006, 0.00125085073523, -0.00157190370373, 0.00140474585351, -0.00447080284357, 0.012821870856, -0.00419373903424, 0.0017789528938, -0.0012110125972], [0.00101785850711, -0.00286841369234, 0.00315739493817, -0.00242170016281, 0.00217336486094, -0.00360558391549, 0.00225669168867, -0.00307447416708, 0.00353188766167, -0.00419373903424, 0.0134068373591, -0.00579530186951, 0.00165268674027], [-0.000652408110909, 0.002706942847, -0.00296327867545, 0.00292240921408, -0.00302108190954, 0.00330713321455, -0.00290553970262, 0.00268508843146, -0.000586441310588, 0.0017789528938, -0.00579530186951, 0.0122941583395, -0.00548933725804], [0.000987661653198, -0.00178288551979, 0.00255046761595, -0.00345607893541, 0.00129125791136, -0.00282586389221, 0.00310138310306, -0.00254053552635, 0.000622669758741, -0.0012110125972, 0.00165268674027, -0.00548933725804, 0.0129094338045]]
    },
    "melbands": {
        "dmean": [0.000620395527221, 0.000604184402619, 0.000341210252373, 0.000284014531644, 0.000180346396519, 0.000188083751709, 0.00018047868798, 0.000174125598278, 0.000310621253448, 0.000224656047067, 0.000122550729429, 7.56116714911e-05, 0.000108084117528, 0.000117281182611, 9.67065207078e-05, 4.99300949741e-05, 4.49327853858e-05, 4.94393825647e-05, 3.11290896207e-05, 3.25934452121e-05, 2.25818130275e-05, 2.28260596487e-05, 1.6067051547e-05, 1.57866561494e-05, 1.0036033018e-05, 1.2303663425e-05, 1.7406860934e-05, 7.7006761785e-06, 5.83851760894e-06, 4.45451496489e-06, 3.44104182659e-06, 4.49419076176e-06, 5.67833376408e-06, 4.64645745524e-06, 3.2330956401e-06, 2.40037479671e-06, 1.86801196378e-06, 1.47951448071e-06, 1.47570301579e-06, 1.11100973754e-06],
        "dmean2": [0.000934692798182, 0.000924308958929, 0.000564546091482, 0.000467595702503, 0.000273123790976, 0.0002887667506, 0.000290672149276, 0.000269271171419, 0.000428112602094, 0.000318199337926, 0.000175160777871, 0.000108446693048, 0.000157272457727, 0.00017433987523, 0.000162044947501, 7.95755695435e-05, 6.71086963848e-05, 7.67024757806e-05, 4.90475977131e-05, 4.36210502812e-05, 3.26697263517e-05, 3.40426995535e-05, 2.53724265349e-05, 2.39110104303e-05, 1.58011789608e-05, 1.90547634702e-05, 2.67973082373e-05, 1.2476255506e-05, 9.77994204732e-06, 7.27875976736e-06, 5.70005886402e-06, 7.35105049898e-06, 8.66420032253e-06, 7.17273132977e-06, 5.27677684659e-06, 3.64833567801e-06, 2.88683531835e-06, 2.41167845161e-06, 2.3418224373e-06, 1.79813991963e-06],
        "dvar": [1.21454274904e-06, 1.24937207602e-06, 6.70732617891e-07, 3.76954403691e-07, 1.17856032489e-07, 1.31011574922e-07, 1.4370348822e-07, 1.33623927923e-07, 4.12541965034e-07, 2.23116074949e-07, 6.08074017805e-08, 2.7524134083e-08, 9.0998213409e-08, 1.13975531235e-07, 7.56121991685e-08, 1.57666164569e-08, 1.32579156542e-08, 2.40477717739e-08, 7.04972524801e-09, 9.2663254847e-09, 3.81327280863e-09, 2.42679387696e-09, 9.27394327999e-10, 9.37607880225e-10, 2.85035745007e-10, 5.76636627336e-10, 1.18593090903e-09, 1.81673384669e-10, 1.57589677419e-10, 6.58430740486e-11, 4.89518668656e-11, 9.15168982263e-11, 8.914060462e-11, 7.96362906175e-11, 5.71785778447e-11, 3.86963620869e-11, 1.62442299195e-11, 7.35719818401e-12, 8.9614817303e-12, 5.50127955343e-12],
        "dvar2": [2.73601563094e-06, 2.67206451099e-06, 1.67788027738e-06, 9.73504256763e-07, 2.36606879866e-07, 2.8631993132e-07, 3.71723473336e-07, 3.05253081478e-07, 8.02645217846e-07, 4.51848023886e-07, 1.2269534011e-07, 6.07513186424e-08, 1.84895583288e-07, 2.67389168584e-07, 2.0704516146e-07, 3.90951555573e-08, 2.75997393828e-08, 5.19099465635e-08, 1.65949973763e-08, 1.61472630822e-08, 6.97171431696e-09, 5.20168885743e-09, 1.94495552996e-09, 1.77114189981e-09, 6.87819912137e-10, 1.25708177201e-09, 2.6697397626e-09, 4.38202918396e-10, 4.30893376535e-10, 1.73183203889e-10, 1.29391650172e-10, 2.44143011363e-10, 1.99226427022e-10, 1.73182093666e-10, 1.40281647409e-10, 8.08730582502e-11, 3.57334127565e-11, 1.72570326085e-11, 2.15577503765e-11, 1.36903639467e-11],
        "max": [0.0115821417421, 0.0118724536151, 0.00911827292293, 0.00705631868914, 0.00491956202313, 0.00589541206136, 0.0056783282198, 0.00684342067689, 0.00737157184631, 0.007371887099, 0.00321148475632, 0.00303549179807, 0.00469763670117, 0.00472333235666, 0.00408209208399, 0.00145205063745, 0.00156759633683, 0.00235201022588, 0.00100776518229, 0.00169035303406, 0.000996643095277, 0.000675971328747, 0.000562507309951, 0.000778308080044, 0.000246718263952, 0.000351041642716, 0.000479702954181, 0.000208612851566, 0.000121582903375, 9.12298855837e-05, 0.000117754978419, 0.000219419773202, 0.000174753382453, 0.000161786272656, 9.09963710001e-05, 0.000116442235594, 5.87892318435e-05, 3.88945154555e-05, 3.70553607354e-05, 3.42974526575e-05],
        "mean": [0.00127267092466, 0.00136621843558, 0.000485297467094, 0.000363363593351, 0.000333312375005, 0.000324717024341, 0.000248621101491, 0.00029554971843, 0.000530575634912, 0.000477593392134, 0.000210240745218, 0.000145976940985, 0.000186078294064, 0.000174430708284, 0.000212408529478, 6.9913257903e-05, 6.27078916295e-05, 6.61196318106e-05, 4.25865910074e-05, 6.15886456217e-05, 4.33824934589e-05, 3.83095211873e-05, 2.51330184255e-05, 2.87646143988e-05, 1.749560397e-05, 1.96333839995e-05, 2.54991373367e-05, 1.12407515189e-05, 7.15668466e-06, 5.37376490684e-06, 4.34791991211e-06, 6.35714650343e-06, 8.82792664925e-06, 7.27402266421e-06, 4.14463829657e-06, 3.10612495014e-06, 2.5010929221e-06, 2.15889622268e-06, 2.20207289203e-06, 1.41674138376e-06],
        "median": [0.00089495757129, 0.000874408695381, 0.000279930129182, 0.00015375224757, 0.000106629842776, 0.00013337105338, 9.10031376407e-05, 4.79244918097e-05, 7.45120123611e-05, 7.61826449889e-05, 4.97355940752e-05, 3.32345261995e-05, 3.09754977934e-05, 3.1758510886e-05, 1.59558294399e-05, 1.62635587913e-05, 1.45729636642e-05, 1.34645806611e-05, 1.20314634842e-05, 8.3793174781e-06, 7.58738224249e-06, 8.68017195899e-06, 1.02512603917e-05, 1.04934533738e-05, 8.23190384835e-06, 8.1684684119e-06, 9.55268933467e-06, 4.72489364256e-06, 2.20057427214e-06, 1.92720881387e-06, 1.76855053269e-06, 2.88720730168e-06, 4.98818144479e-06, 3.42726411873e-06, 1.5052071376e-06, 1.00217766885e-06, 8.25827044082e-07, 9.53454673436e-07, 9.87367684502e-07, 5.97919495249e-07],
        "min": [2.41916815469e-08, 4.08188967072e-08, 1.47211650869e-07, 2.29708746247e-07, 6.52784592603e-07, 6.07376250628e-07, 5.73478132537e-07, 2.08641978361e-07, 2.75306035746e-07, 5.41126553344e-07, 4.98737904309e-07, 3.1259384059e-07, 1.97736056862e-07, 1.1497078134e-07, 2.64427370666e-07, 1.14166780918e-07, 1.28859653614e-07, 9.848668725e-08, 7.28976985442e-08, 9.71260263327e-08, 1.15746509266e-07, 4.09724876249e-08, 7.25395494783e-08, 5.44288596416e-08, 8.85725484068e-08, 5.67533682272e-08, 4.27360440369e-08, 1.33615136733e-08, 6.56205578764e-09, 2.75235709779e-08, 5.22316412344e-09, 9.45306943834e-09, 1.97975502658e-08, 1.02099910748e-08, 4.44024106372e-09, 3.21504489698e-11, 1.14473951152e-10, 6.79849856966e-11, 1.18539969507e-10, 6.65847151721e-12],
