{
"highlevel": {
    "danceability": {
        "all": {
            "danceable": 0.863493084908,
            "not_danceable": 0.136506944895
        },
        "probability": 0.863493084908,
        "value": "danceable"
    },
    "gender": {
        "all": {
            "female": 0.112928539515,
            "male": 0.887071430683
        },
        "probability": 0.887071430683,
        "value": "male"
    },
    "genre_dortmund": {
        "all": {
            "alternative": 0.044767037034,
            "blues": 0.0784724876285,
            "electronic": 0.112617060542,
            "folkcountry": 0.095975138247,
            "funksoulrnb": 0.0175096970052,
            "jazz": 0.0836758315563,
            "pop": 0.031328253448,
            "raphiphop": 0.419591754675,
            "rock": 0.116062738001
        },
        "probability": 0.419591754675,
        "value": "raphiphop"
    },
    "genre_electronic": {
        "all": {
            "ambient": 0.54678195715,
            "dnb": 0.303785413504,
            "house": 0.0937766730785,
            "techno": 0.0169190019369,
            "trance": 0.0387369580567
        },
        "probability": 0.54678195715,
        "value": "ambient"
    },
    "genre_rosamerica": {
        "all": {
            "cla": 0.0185770448297,
            "dan": 0.0307896528393,
            "hip": 0.645275235176,
            "jaz": 0.0137226711959,
            "pop": 0.120948754251,
            "rhy": 0.0477119274437,
            "roc": 0.114148840308,
            "spe": 0.00882589817047
        },
        "probability": 0.645275235176,
        "value": "hip"
    },
    "genre_tzanetakis": {
        "all": {
            "blu": 1.64344618914e-14,
            "cla": 1.05817335824e-14,
            "cou": 2.80635161377e-14,
            "dis": 2.15325397486e-14,
            "hip": 4.29850314956e-14,
            "jaz": 0.999999940395,
            "met": 1.42857272678e-08,
            "pop": 2.0000017642e-08,
            "reg": 1.66666822565e-08,
            "roc": 3.33333645131e-08
        },
        "probability": 0.999999940395,
        "value": "jaz"
    },
    "ismir04_rhythm": {
        "all": {
            "ChaChaCha": 0.0581265240908,
            "Jive": 0.561562359333,
            "Quickstep": 0.0393018946052,
            "Rumba-American": 0.00728302681819,
            "Rumba-International": 0.079703181982,
            "Rumba-Misc": 0.00553171429783,
            "Samba": 0.199580594897,
            "Tango": 0.00672246795148,
            "VienneseWaltz": 0.0329666100442,
            "Waltz": 0.0092215994373
        },
        "probability": 0.561562359333,
        "value": "Jive"
    },
    "mood_acoustic": {
        "all": {
            "acoustic": 0.191283017397,
            "not_acoustic": 0.808717012405
        },
        "probability": 0.808717012405,
        "value": "not_acoustic"
    },
    "mood_aggressive": {
        "all": {
            "aggressive": 0.0773250311613,
            "not_aggressive": 0.922674953938
        },
        "probability": 0.922674953938,
        "value": "not_aggressive"
    },
    "mood_electronic": {
        "all": {
            "electronic": 0.920524120331,
            "not_electronic": 0.0794758796692
        },
        "probability": 0.920524120331,
        "value": "electronic"
    },
    "mood_happy": {
        "all": {
            "happy": 0.147521212697,
            "not_happy": 0.852478802204
        },
        "probability": 0.852478802204,
        "value": "not_happy"
    },
    "mood_party": {
        "all": {
            "not_party": 0.666327834129,
            "party": 0.333672195673
        },
        "probability": 0.666327834129,
        "value": "not_party"
    },
    "mood_relaxed": {
        "all": {
            "not_relaxed": 0.938819587231,
            "relaxed": 0.0611804313958
        },
        "probability": 0.938819587231,
        "value": "not_relaxed"
    },
    "mood_sad": {
        "all": {
            "not_sad": 0.8984131217,
            "sad": 0.101586870849
        },
        "probability": 0.8984131217,
        "value": "not_sad"
    },
    "moods_mirex": {
        "all": {
            "Cluster1": 0.347294598818,
            "Cluster2": 0.142695695162,
            "Cluster3": 0.244351193309,
            "Cluster4": 0.121034473181,
            "Cluster5": 0.144624054432
        },
        "probability": 0.347294598818,
        "value": "Cluster1"
    },
    "timbre": {
        "all": {
            "bright": 0.442121058702,
            "dark": 0.557878911495
        },
        "probability": 0.557878911495,
        "value": "dark"
    },
    "tonal_atonal": {
        "all": {
            "atonal": 0.0309078190476,
            "tonal": 0.969092190266
        },
        "probability": 0.969092190266,
        "value": "tonal"
    },
    "voice_instrumental": {
        "all": {
            "instrumental": 0.0751060843468,
            "voice": 0.924893915653
        },
        "probability": 0.924893915653,
        "value": "voice"
    }
},
"lowlevel": {
    "average_loudness": 0.972398877144,
    "barkbands_crest": {
        "dmean": 2.84835267067,
        "dmean2": 4.81992578506,
        "dvar": 5.73624992371,
        "dvar2": 15.5097970963,
        "max": 22.4509620667,
        "mean": 9.54059314728,
        "median": 9.05741119385,
        "min": 2.76819872856,
        "var": 11.2825860977
    },
    "barkbands_flatness_db": {
        "dmean": 0.0237334743142,
        "dmean2": 0.0370790883899,
        "dvar": 0.000467120669782,
        "dvar2": 0.00107123830821,
        "max": 0.329943746328,
        "mean": 0.155405670404,
        "median": 0.153430908918,
        "min": 0.0513753443956,
        "var": 0.00231186230667
    },
    "barkbands_kurtosis": {
        "dmean": 3.59312009811,
        "dmean2": 5.5818400383,
        "dvar": 36.4203948975,
        "dvar2": 73.8425979614,
        "max": 106.707298279,
        "mean": 5.30557203293,
        "median": 2.27963066101,
        "min": -1.87446832657,
        "var": 107.233695984
    },
    "barkbands_skewness": {
        "dmean": 0.627037167549,
        "dmean2": 0.95999032259,
        "dvar": 0.433770239353,
        "dvar2": 0.866344749928,
        "max": 8.71774578094,
        "mean": 1.75970160961,
        "median": 1.47558355331,
        "min": -1.04448628426,
        "var": 1.51018583775
    },
    "barkbands_spread": {
        "dmean": 7.07503223419,
        "dmean2": 10.9778032303,
        "dvar": 59.4841270447,
        "dvar2": 140.810073853,
        "max": 95.1692886353,
        "mean": 21.9536876678,
        "median": 18.9642410278,
        "min": 1.42649292946,
        "var": 172.807998657
    },
    "dissonance": {
        "dmean": 0.0237518996,
        "dmean2": 0.039371535182,
        "dvar": 0.000545572314877,
        "dvar2": 0.0013346937485,
        "max": 0.499506801367,
        "mean": 0.458566039801,
        "median": 0.468472570181,
        "min": 0.30979385972,
        "var": 0.00105708988849
    },
    "dynamic_complexity": 1.71737325191,
    "erbbands_crest": {
        "dmean": 3.18885684013,
        "dmean2": 5.3202495575,
        "dvar": 8.08678150177,
        "dvar2": 19.3332271576,
        "max": 28.4102153778,
        "mean": 9.3853559494,
        "median": 8.61143875122,
        "min": 2.82594561577,
        "var": 17.180639267
    },
    "erbbands_flatness_db": {
        "dmean": 0.0209226142615,
        "dmean2": 0.0305519010872,
        "dvar": 0.000394835515181,
        "dvar2": 0.000767808698583,
        "max": 0.314017921686,
        "mean": 0.167882859707,
        "median": 0.169178053737,
        "min": 0.077068477869,
        "var": 0.0015921681188
    },
    "erbbands_kurtosis": {
        "dmean": 1.06329131126,
        "dmean2": 1.66190886497,
        "dvar": 1.79183781147,
        "dvar2": 4.12274312973,
        "max": 16.3155975342,
        "mean": 0.175990432501,
        "median": -0.488206624985,
        "min": -1.79821181297,
        "var": 4.1821308136
    },
    "erbbands_skewness": {
        "dmean": 0.461060702801,
        "dmean2": 0.682971060276,
        "dvar": 0.174231141806,
        "dvar2": 0.361291110516,
        "max": 3.5525996685,
        "mean": 0.429709732533,
        "median": 0.438047945499,
        "min": -2.70535683632,
        "var": 0.711740374565
    },
    "erbbands_spread": {
        "dmean": 12.5290851593,
        "dmean2": 18.3711338043,
        "dvar": 168.102371216,
        "dvar2": 335.524627686,
        "max": 135.999221802,
        "mean": 45.7621879578,
        "median": 41.385635376,
        "min": 9.38439464569,
        "var": 473.038146973
    },
    "hfc": {
        "dmean": 8.17931365967,
        "dmean2": 11.9651050568,
        "dvar": 93.4081726074,
        "dvar2": 199.512084961,
        "max": 94.0558166504,
        "mean": 21.1391601562,
        "median": 17.1908054352,
        "min": 0.961371719837,
        "var": 259.381317139
    },
    "melbands_crest": {
        "dmean": 3.38739156723,
        "dmean2": 5.72064352036,
        "dvar": 8.37925338745,
        "dvar2": 22.7081069946,
        "max": 30.510351181,
        "mean": 12.9247045517,
        "median": 12.2814092636,
        "min": 4.7934961319,
        "var": 17.8510437012
    },
    "melbands_flatness_db": {
        "dmean": 0.0289279185236,
        "dmean2": 0.0444638878107,
        "dvar": 0.000719664618373,
        "dvar2": 0.00160674820654,
        "max": 0.427026629448,
        "mean": 0.204306855798,
        "median": 0.199942857027,
        "min": 0.0402608551085,
        "var": 0.00434284517542
    },
    "melbands_kurtosis": {
        "dmean": 10.28627491,
        "dmean2": 15.8661756516,
        "dvar": 346.653533936,
        "dvar2": 761.846618652,
        "max": 232.597717285,
        "mean": 17.8332767487,
        "median": 8.885014534,
        "min": -1.79716277122,
        "var": 747.084411621
    },
    "melbands_skewness": {
        "dmean": 0.981275975704,
        "dmean2": 1.44076132774,
        "dvar": 1.25047254562,
        "dvar2": 2.56178617477,
        "max": 12.7740945816,
        "mean": 2.95997285843,
        "median": 2.48848819733,
        "min": -0.0300479903817,
        "var": 3.6381983757
    },
    "melbands_spread": {
        "dmean": 7.85360956192,
        "dmean2": 12.3766841888,
        "dvar": 101.447219849,
        "dvar2": 240.374298096,
        "max": 146.868377686,
        "mean": 21.4317836761,
        "median": 17.8353881836,
        "min": 1.00140357018,
        "var": 243.737594604
    },
    "pitch_salience": {
        "dmean": 0.0790236964822,
        "dmean2": 0.134584024549,
        "dvar": 0.0044294372201,
        "dvar2": 0.0118242334574,
        "max": 0.803403675556,
        "mean": 0.56756991148,
        "median": 0.571812331676,
        "min": 0.243055403233,
        "var": 0.0113666579127
    },
    "silence_rate_20dB": {
        "dmean": 0,
        "dmean2": 0,
        "dvar": 0,
        "dvar2": 0,
        "max": 1,
        "mean": 1,
        "median": 1,
        "min": 1,
        "var": 0
    },
    "silence_rate_30dB": {
        "dmean": 0,
        "dmean2": 0,
        "dvar": 0,
        "dvar2": 0,
        "max": 1,
        "mean": 1,
        "median": 1,
        "min": 1,
        "var": 0
    },
    "silence_rate_60dB": {
        "dmean": 0.00928792543709,
        "dmean2": 0.018590239808,
        "dvar": 0.00920146796852,
        "dvar2": 0.0244410783052,
        "max": 1,
        "mean": 0.00773395225406,
        "median": 0,
        "min": 0,
        "var": 0.00767418043688
    },
    "spectral_centroid": {
        "dmean": 327.77230835,
        "dmean2": 505.753570557,
        "dvar": 104920.421875,
        "dvar2": 250891.953125,
        "max": 3865.38964844,
        "mean": 1334.28857422,
        "median": 1244.27392578,
        "min": 216.129364014,
        "var": 379920.71875
    },
    "spectral_complexity": {
        "dmean": 5.13157892227,
        "dmean2": 7.43764543533,
        "dvar": 28.2861213684,
        "dvar2": 55.1740608215,
        "max": 54,
        "mean": 18.7378196716,
        "median": 16,
        "min": 2,
        "var": 117.327110291
    },
    "spectral_decrease": {
        "dmean": 3.07020209256e-09,
        "dmean2": 4.93005991586e-09,
        "dvar": 1.51157793998e-17,
        "dvar2": 4.01873723034e-17,
        "max": -1.49873877198e-10,
        "mean": -7.46455608436e-09,
        "median": -6.54286136381e-09,
        "min": -3.28105613789e-08,
        "var": 2.34850307102e-17
    },
    "spectral_energy": {
        "dmean": 0.0121304653585,
        "dmean2": 0.0193739105016,
        "dvar": 0.000229850105825,
        "dvar2": 0.000606511777733,
        "max": 0.127212926745,
        "mean": 0.0300903618336,
        "median": 0.0263419356197,
        "min": 0.000664579565637,
        "var": 0.00036372707109
    },
    "spectral_energyband_high": {
        "dmean": 0.000608705217019,
        "dmean2": 0.000920390652027,
        "dvar": 1.17168860925e-06,
        "dvar2": 2.51981600741e-06,
        "max": 0.0121559510008,
        "mean": 0.00104523461778,
        "median": 0.000390233763028,
        "min": 8.67261042004e-06,
        "var": 2.40861618295e-06
    },
    "spectral_energyband_low": {
        "dmean": 0.00628653401509,
        "dmean2": 0.0106349773705,
        "dvar": 0.000134558576974,
        "dvar2": 0.000363534927601,
        "max": 0.114372074604,
        "mean": 0.0116521315649,
        "median": 0.00440396368504,
        "min": 1.34150707254e-06,
        "var": 0.000208030396607
    },
    "spectral_energyband_middle_high": {
        "dmean": 0.00188573740888,
        "dmean2": 0.00274832663126,
        "dvar": 4.074140179e-06,
        "dvar2": 8.73586122907e-06,
        "max": 0.0229737535119,
        "mean": 0.00415266212076,
        "median": 0.00329529051669,
        "min": 4.20694050263e-05,
        "var": 1.15860220831e-05
    },
    "spectral_energyband_middle_low": {
        "dmean": 0.00780016556382,
        "dmean2": 0.0122979022563,
        "dvar": 9.9754666735e-05,
        "dvar2": 0.000260071159573,
        "max": 0.0831581279635,
        "mean": 0.0153378294781,
        "median": 0.0127280941233,
        "min": 0.000245574716246,
        "var": 0.000137369541335
    },
    "spectral_entropy": {
        "dmean": 0.192508548498,
        "dmean2": 0.290454238653,
        "dvar": 0.0326054356992,
        "dvar2": 0.0727139338851,
        "max": 8.5328540802,
        "mean": 7.5674905777,
        "median": 7.55186033249,
        "min": 6.53176498413,
        "var": 0.144207835197
    },
    "spectral_flux": {
        "dmean": 0.0315973162651,
        "dmean2": 0.0503702610731,
        "dvar": 0.00101710413583,
        "dvar2": 0.00231793173589,
        "max": 0.298210531473,
        "mean": 0.105437278748,
        "median": 0.097688741982,
        "min": 0.0162363331765,
        "var": 0.00203400081955
    },
    "spectral_kurtosis": {
        "dmean": 1.42899811268,
        "dmean2": 2.3690302372,
        "dvar": 1.86815333366,
        "dvar2": 5.21851015091,
        "max": 14.5514526367,
        "mean": 3.06777739525,
        "median": 2.66868591309,
        "min": -0.932646512985,
        "var": 4.12964057922
    },
    "spectral_rms": {
        "dmean": 0.00104425172321,
        "dmean2": 0.00161880708765,
        "dvar": 1.14523038519e-06,
        "dvar2": 2.84321299659e-06,
        "max": 0.0111404741183,
        "mean": 0.00516631780192,
        "median": 0.00506946258247,
        "min": 0.000805214454886,
        "var": 2.66557958639e-06
    },
    "spectral_rolloff": {
        "dmean": 608.347167969,
        "dmean2": 1047.50549316,
        "dvar": 924194.75,
        "dvar2": 2199058.75,
        "max": 9453.07617188,
        "mean": 1364.30371094,
        "median": 882.861328125,
        "min": 86.1328125,
        "var": 1632054.375
    },
    "spectral_skewness": {
        "dmean": 0.232481703162,
        "dmean2": 0.374675869942,
        "dvar": 0.0407637245953,
        "dvar2": 0.0973576307297,
        "max": 2.51921367645,
        "mean": 1.22756516933,
        "median": 1.21240198612,
        "min": 0.0297851581126,
        "var": 0.134218528867
    },
    "spectral_spread": {
        "dmean": 603624.6875,
        "dmean2": 854267.4375,
        "dvar": 373091827712,
        "dvar2": 720070443008,
        "max": 9595409,
        "mean": 4393948.5,
        "median": 4079985.75,
        "min": 1861394,
        "var": 1.68056193024e+12
    },
    "spectral_strongpeak": {
        "dmean": 0.509283304214,
        "dmean2": 0.835043668747,
        "dvar": 0.415482223034,
        "dvar2": 0.944487214088,
        "max": 9.75787162781,
        "mean": 0.857991337776,
        "median": 0.660233676434,
        "min": 0.0202914644033,
        "var": 0.601103425026
    },
    "zerocrossingrate": {
        "dmean": 0.0107520138845,
        "dmean2": 0.0123477289453,
        "dvar": 0.000115952185297,
        "dvar2": 0.000136071175802,
        "max": 0.23974609375,
        "mean": 0.0564601160586,
        "median": 0.048828125,
        "min": 0.0068359375,
        "var": 0.000941897276789
    },
    "barkbands": {
        "dmean": [0.000356499949703, 0.00380636518821, 0.00301692308858, 0.00266389478929, 0.00228808424436, 0.00163936649915, 0.00215348019265, 0.00165066018235, 0.000979243195616, 0.000589896633755, 0.000432955363067, 0.000301497959299, 0.000259852851741, 0.000227006254136, 0.000174092579982, 0.000202359864488, 0.000208714176551, 0.000326365407091, 0.000340098311426, 0.000177862064447, 0.000179269365617, 0.000163591830642, 0.000101026504126, 8.54429672472e-05, 5.00871974509e-05, 1.68178085005e-05, 3.6006078119e-08],
        "dmean2": [0.000532381993253, 0.00634479802102, 0.00538976257667, 0.0044967001304, 0.00390663696453, 0.00261408113874, 0.00356244738214, 0.00260658864863, 0.00150346593, 0.000929586298298, 0.000649258785415, 0.000499656598549, 0.000417839997681, 0.000362559629139, 0.000274208345218, 0.000317172292853, 0.000331702729454, 0.000478261586977, 0.000522359798197, 0.000280029402347, 0.000277535349596, 0.000259398133494, 0.000154473338625, 0.00012863946904, 7.16583090252e-05, 2.33441860473e-05, 6.58442331769e-08],
        "dvar": [3.53352049842e-07, 3.9782589738e-05, 5.22705449839e-05, 4.6834054956e-05, 2.18503919314e-05, 8.83191842149e-06, 1.3718403352e-05, 8.96154324437e-06, 3.85195698982e-06, 1.25414283048e-06, 7.40191012483e-07, 3.66126158724e-07, 2.6174126333e-07, 1.66053325756e-07, 9.12081645765e-08, 1.00301726036e-07, 9.94871314219e-08, 2.49124354923e-07, 3.27327569494e-07, 1.21196734426e-07, 1.06604481687e-07, 9.44867579733e-08, 3.88865757373e-08, 3.20636317497e-08, 1.072609912e-08, 2.58398102915e-09, 2.97080509336e-14],
        "dvar2": [6.24500103186e-07, 9.83624122455e-05, 0.000146970152855, 0.000120835429698, 5.99921113462e-05, 1.90720529645e-05, 3.14179196721e-05, 1.92811094166e-05, 8.46795865073e-06, 2.89075342153e-06, 1.67627024439e-06, 9.31873898935e-07, 6.31669252016e-07, 3.81435114605e-07, 2.12916177134e-07, 2.38562591903e-07, 2.37076719145e-07, 5.52026165224e-07, 7.21316553154e-07, 2.98394553511e-07, 2.29975356092e-07, 2.27381491413e-07, 8.99030325741e-08, 7.14111152433e-08, 2.09720543154e-08, 4.58468951692e-09, 8.42645858689e-14],
        "max": [0.00933276768774, 0.0586870647967, 0.0816170871258, 0.0518601164222, 0.0485899634659, 0.0434536486864, 0.0398523807526, 0.0362099446356, 0.0298161637038, 0.0144725050777, 0.016678687185, 0.00647984491661, 0.00630946783349, 0.00485531333834, 0.00329684838653, 0.00469896895811, 0.00425163842738, 0.00578911509365, 0.0127419540659, 0.00415458669886, 0.0050947079435, 0.00443916674703, 0.00246712309308, 0.00271105254069, 0.00127358955797, 0.000714864640031, 2.22721928367e-06],
        "mean": [0.000477589346701, 0.00464891735464, 0.00463352678344, 0.00296774576418, 0.00309651298448, 0.00264362571761, 0.00278741214424, 0.00210195593536, 0.0013503623195, 0.000720258103684, 0.000604683882557, 0.000332168972818, 0.000305589346681, 0.000318056670949, 0.000250447657891, 0.000294987636153, 0.000307413225528, 0.000528141623363, 0.000561784661841, 0.000258896849118, 0.000286013062578, 0.000244675378781, 0.000143769415445, 0.000124993239297, 7.67672390793e-05, 2.40488116106e-05, 2.29135093122e-08],
        "median": [0.000201561604626, 0.00184575933963, 0.00131644401699, 0.00102728011552, 0.00156356813386, 0.00107285287231, 0.0010080417851, 0.000647948181722, 0.000498476845678, 0.000248749827733, 0.000167633697856, 0.000114144088002, 0.00010603555711, 0.000103051235783, 8.90823866939e-05, 0.000145199708641, 0.000144218458445, 0.000230648787692, 0.000256246014033, 9.99734111247e-05, 0.000117231786135, 9.99342737487e-05, 3.59914592991e-05, 2.55578906945e-05, 8.15842213342e-06, 1.02754165709e-06, 5.13933229307e-10],
        "min": [5.63850521829e-09, 4.71600543506e-07, 5.03588410083e-07, 4.55308111214e-07, 3.07221262119e-06, 3.17694912155e-06, 5.39864913662e-06, 3.51881658389e-06, 2.13049179365e-06, 9.1729509677e-07, 7.24575727418e-07, 1.44217290199e-06, 6.88510453983e-07, 1.11124950308e-06, 2.49932077168e-06, 3.9858209675e-06, 4.80263679492e-06, 3.60114563591e-06, 1.91987737708e-06, 2.05480114346e-06, 2.80755944004e-06, 7.42032455037e-07, 1.50988938685e-07, 4.11995159766e-07, 5.26413401758e-08, 7.39179724374e-12, 5.86427651231e-12],
        "var": [6.16622514826e-07, 5.56863378733e-05, 4.99910674989e-05, 3.85496023227e-05, 2.13781240745e-05, 1.5964049453e-05, 2.10192283703e-05, 1.36196767926e-05, 6.50331685392e-06, 1.62735364029e-06, 1.19943240406e-06, 4.03898468448e-07, 3.30155728534e-07, 3.00215361904e-07, 1.51419655481e-07, 1.68086060626e-07, 1.94743591919e-07, 5.32465776359e-07, 8.00181055638e-07, 1.86156512427e-07, 2.12372583519e-07, 1.48708721781e-07, 6.36729282633e-08, 5.61093500551e-08, 2.79176184392e-08, 5.80046455312e-09, 1.76665356877e-14]
    },
    "erbbands": {
        "dmean": [0.127317219973, 0.848575055599, 2.66540837288, 7.04352331161, 7.96481180191, 8.24145317078, 7.64498186111, 16.2681236267, 27.7871494293, 37.1883621216, 27.7752971649, 21.0582847595, 23.7247810364, 17.1334915161, 11.8151283264, 11.6032896042, 11.273979187, 11.3055057526, 9.92795944214, 8.52165699005, 11.4899253845, 10.5736970901, 15.3941020966, 22.578792572, 10.8480577469, 8.70405864716, 7.48185491562, 7.18020582199, 6.1694021225, 3.73471593857, 2.85680246353, 2.00259947777, 1.317304492, 0.701254725456, 0.289680331945, 0.112841553986, 0.0242631416768, 0.00137632957194, 3.98896954721e-05, 1.60709350894e-05],
        "dmean2": [0.213067516685, 1.38911426067, 4.79637479782, 12.0570678711, 13.3551664352, 14.1893453598, 12.5655508041, 25.6183643341, 46.0553512573, 60.2832489014, 42.9589004517, 32.64402771, 36.0444068909, 26.0363674164, 18.8832912445, 18.784078598, 17.8996372223, 17.9647407532, 15.5962505341, 13.2239484787, 17.9179325104, 16.3227939606, 22.4369716644, 33.32472229, 16.7079124451, 13.6839933395, 11.5765590668, 11.3796348572, 9.77077865601, 5.83609390259, 4.40950489044, 3.13687419891, 1.96655988693, 1.04001748562, 0.395747452974, 0.150375068188, 0.0343206450343, 0.0020646203775, 5.78458966629e-05, 2.47770294663e-05],
        "dvar": [0.0368204452097, 2.3163356781, 45.0679130554, 285.322235107, 294.707611084, 274.381958008, 180.110214233, 1031.13171387, 2448.609375, 3862.54418945, 2689.40942383, 2383.96923828, 1747.81311035, 1087.85522461, 547.928527832, 509.254638672, 485.760681152, 383.758575439, 334.789703369, 188.265136719, 298.519775391, 253.759933472, 781.413879395, 1361.58728027, 375.41293335, 294.858123779, 204.051498413, 182.280166626, 124.084220886, 48.6701889038, 30.5028877258, 17.0481090546, 7.69430732727, 1.9463968277, 0.444303393364, 0.111163854599, 0.00448423111811, 1.56179721671e-05, 8.77619132922e-09, 4.05406375137e-10],
        "dvar2": [0.0898217335343, 5.61171293259, 126.47227478, 771.004821777, 741.21661377, 752.991516113, 461.55178833, 2211.65551758, 5807.09472656, 9128.17480469, 5861.21875, 5514.70605469, 3924.87915039, 2705.59008789, 1340.26611328, 1222.1640625, 1152.90515137, 875.810119629, 795.21307373, 437.904876709, 712.695617676, 598.364013672, 1798.11633301, 2772.02490234, 918.502929688, 730.949523926, 454.767913818, 419.613464355, 292.276519775, 112.064277649, 70.8190536499, 36.6164741516, 17.1045398712, 4.06676197052, 0.813576877117, 0.189548879862, 0.00861693825573, 3.39364523825e-05, 1.84078388088e-08, 1.01844310763e-09],
        "max": [2.14506244659, 13.828666687, 85.5515213013, 122.635276794, 151.386413574, 186.194396973, 205.716339111, 522.865844727, 600.184265137, 821.125244141, 734.944824219, 914.278320312, 548.299560547, 464.401062012, 331.426849365, 257.440948486, 301.690490723, 278.569549561, 192.318099976, 133.088409424, 297.087036133, 245.292938232, 316.348358154, 898.154052734, 349.895690918, 182.871627808, 192.312408447, 243.961715698, 153.29649353, 75.2253341675, 63.0721130371, 55.6633758545, 36.6833572388, 13.1309556961, 10.682507515, 4.7360033989, 0.915406703949, 0.0578902885318, 0.00124670250807, 0.000168976403074],
        "mean": [0.157843023539, 0.956328570843, 3.87033772469, 9.98027896881, 7.80715322495, 11.2870225906, 14.1446743011, 24.3571796417, 38.7791137695, 48.2196311951, 36.4946784973, 29.4789981842, 31.8969230652, 24.1363697052, 16.5413761139, 14.111333847, 14.2465696335, 16.237241745, 14.3056497574, 13.7318897247, 17.4955291748, 17.2386608124, 25.0918312073, 39.078289032, 17.7249717712, 12.3875598907, 11.6563100815, 11.4072055817, 9.2250957489, 5.52848100662, 4.05188083649, 2.90230202675, 1.91699028015, 1.03561985493, 0.450667321682, 0.158903419971, 0.0350302904844, 0.00195015373174, 6.62378224661e-05, 3.99226992158e-05],
        "median": [0.0646105781198, 0.354418188334, 1.2913403511, 2.82544946671, 2.61110949516, 5.64517450333, 5.81379699707, 9.20255661011, 16.1086826324, 17.7326316833, 12.9055500031, 11.4383888245, 12.7657413483, 8.16165351868, 7.06209659576, 5.10098600388, 5.51083087921, 6.23982477188, 4.81533908844, 6.15366411209, 9.21708488464, 8.84757423401, 11.2247285843, 18.2503223419, 8.54280662537, 4.55342912674, 3.98244643211, 5.23702049255, 3.92144060135, 1.54335844517, 0.999836981297, 0.666517794132, 0.366716921329, 0.130163431168, 0.0329194329679, 0.00731073832139, 0.00160347530618, 9.22647013795e-05, 1.92985753529e-05, 3.32731542585e-05],
        "min": [1.61113857757e-05, 0.000138354211231, 0.000682126672473, 0.00223060324788, 0.0204600915313, 0.00827116891742, 0.012124447152, 0.088356167078, 0.0755075290799, 0.0882062613964, 0.0785515531898, 0.0494576655328, 0.0616751499474, 0.0249672234058, 0.0559815056622, 0.0445009320974, 0.0403211228549, 0.053093124181, 0.10129006207, 0.197209209204, 0.217419862747, 0.280416995287, 0.220836192369, 0.101474821568, 0.110997110605, 0.109917722642, 0.10816232115, 0.0844625607133, 0.0360524207354, 0.0111461058259, 0.00433771917596, 0.00529002817348, 0.00748911406845, 0.00125450978521, 0.000141750904731, 1.58213642862e-05, 3.80074402528e-06, 7.06631169578e-07, 5.32811213816e-07, 9.04520959466e-07],
        "var": [0.0555507130921, 3.00638055801, 38.858543396, 254.819854736, 259.168701172, 288.879364014, 374.327789307, 1735.03442383, 3696.73510742, 5991.93408203, 4381.85351562, 3637.62402344, 2491.05883789, 1693.6817627, 711.94720459, 625.869445801, 634.904418945, 685.306091309, 558.073120117, 340.942382812, 526.428771973, 567.836181641, 1419.12658691, 3641.43310547, 745.450866699, 431.911193848, 398.555755615, 314.439178467, 208.198913574, 81.1541290283, 50.4137229919, 30.0352401733, 13.4909486771, 4.3107881546, 1.2765969038, 0.25271987915, 0.0105126984417, 3.28342539433e-05, 1.90469631178e-08, 7.28044013965e-10]
    },
    "gfcc": {
        "mean": [1.5055270195, 105.78591156, -123.872619629, 52.9819107056, -71.3236083984, 9.4288854599, -34.0322532654, 13.8526620865, -15.0243139267, -2.60282659531, -9.06896209717, -4.76484870911, -8.06680297852],
        "cov": [[2633.08227539, -1106.34790039, 112.834197998, -91.7338180542, -164.333343506, -25.5475997925, -373.943817139, 21.0107536316, -303.377868652, 299.57409668, -252.642028809, 159.177658081, -169.624160767], [-1106.34790039, 1145.07287598, -206.731155396, -106.473548889, 206.622650146, -37.9881629944, 337.282012939, -38.6488990784, 211.335617065, -188.957946777, 203.896530151, -97.7217102051, 83.1255187988], [112.834197998, -206.731155396, 707.700256348, 212.6222229, 10.0926523209, 149.925094604, -45.7722244263, 30.9803962708, -68.4540405273, 38.00938797, -87.3141479492, 26.5010185242, -26.9717483521], [-91.7338180542, -106.473548889, 212.6222229, 432.476287842, 117.899795532, 93.5861816406, -34.3003349304, -62.2931060791, 44.6666793823, -19.4105930328, -18.6284198761, -87.5527267456, 31.1260643005], [-164.333343506, 206.622650146, 10.0926523209, 117.899795532, 390.953338623, 69.4557266235, 52.4287757874, -17.4556865692, 20.5534896851, 33.6783638, -7.76683187485, -108.663543701, -59.2533874512], [-25.5475997925, -37.9881629944, 149.925094604, 93.5861816406, 69.4557266235, 223.328918457, 88.2242889404, 30.6374225616, 8.14822387695, -25.7545528412, -9.72561359406, -48.0412445068, -36.2864761353], [-373.943817139, 337.282012939, -45.7722244263, -34.3003349304, 52.4287757874, 88.2242889404, 337.336181641, 119.928222656, 44.7222824097, -123.218002319, 40.3549880981, -55.981048584, -19.2930431366], [21.0107536316, -38.6488990784, 30.9803962708, -62.2931060791, -17.4556865692, 30.6374225616, 119.928222656, 182.440124512, -0.82708722353, -22.7233142853, -22.46509552, -5.2577958107, -50.1822814941], [-303.377868652, 211.335617065, -68.4540405273, 44.6666793823, 20.5534896851, 8.14822387695, 44.7222824097, -0.82708722353, 189.65914917, -13.3925542831, 61.2155761719, -41.7404747009, 14.6238889694], [299.57409668, -188.957946777, 38.00938797, -19.4105930328, 33.6783638, -25.7545528412, -123.218002319, -22.7233142853, -13.3925542831, 178.953857422, -13.651679039, 19.0026111603, -28.3590507507], [-252.642028809, 203.896530151, -87.3141479492, -18.6284198761, -7.76683187485, -9.72561359406, 40.3549880981, -22.46509552, 61.2155761719, -13.651679039, 131.091445923, 10.5988988876, 39.3639144897], [159.177658081, -97.7217102051, 26.5010185242, -87.5527267456, -108.663543701, -48.0412445068, -55.981048584, -5.2577958107, -41.7404747009, 19.0026111603, 10.5988988876, 156.644500732, 50.4369506836], [-169.624160767, 83.1255187988, -26.9717483521, 31.1260643005, -59.2533874512, -36.2864761353, -19.2930431366, -50.1822814941, 14.6238889694, -28.3590507507, 39.3639144897, 50.4369506836, 137.819763184]],
        "icov": [[0.00086934841238, -5.40208311577e-05, 0.000468051119242, -0.000472881860333, 0.000520180386957, -0.000457818765426, 0.000379667268135, -0.000213702121982, 0.000883383327164, -0.00117069331463, 0.00106252660044, -0.000957657757681, 0.0010917497566], [-5.40208311577e-05, 0.0075949667953, -0.00300262705423, 0.00576539058238, -0.00540933618322, 0.00488849403337, -0.00587244750932, 0.00547776231542, -0.00562256295234, 0.00575270224363, -0.00610470306128, 0.00396685302258, -0.0043309526518], [0.000468051119242, -0.00300262705423, 0.00382252293639, -0.00389705598354, 0.00266834208742, -0.00350724137388, 0.00261193653569, -0.00285021564923, 0.00320272613317, -0.00344286765903, 0.0037850709632, -0.00341023714282, 0.00268558436073], [-0.000472881860333, 0.00576539058238, -0.00389705598354, 0.00906130112708, -0.00529033876956, 0.00309346197173, -0.00347776175477, 0.00494148535654, -0.00569413043559, 0.00598020059988, -0.00474795512855, 0.00602284399793, -0.00602939818054], [0.000520180386957, -0.00540933618322, 0.00266834208742, -0.00529033876956, 0.00792813394219, -0.00403603725135, 0.00310384132899, -0.00296971132047, 0.0048133181408, -0.00634486880153, 0.0049579651095, -0.00185796967708, 0.00476650614291], [-0.000457818765426, 0.00488849403337, -0.00350724137388, 0.00309346197173, -0.00403603725135, 0.0102282725275, -0.00584100140259, 0.00399043736979, -0.0040004751645, 0.00437904475257, -0.00476777506992, 0.00356484623626, -0.00192117190454], [0.000379667268135, -0.00587244750932, 0.00261193653569, -0.00347776175477, 0.00310384132899, -0.00584100140259, 0.0119169643149, -0.00844069942832, 0.00431070709601, -0.000831470417324, 0.00291773211211, -0.00200118380599, 0.00296774902381], [-0.000213702121982, 0.00547776231542, -0.00285021564923, 0.00494148535654, -0.00296971132047, 0.00399043736979, -0.00844069942832, 0.0134293548763, -0.00489075202495, 0.0034353332594, -0.00245572719723, 0.00211803498678, -0.000606505316682], [0.000883383327164, -0.00562256295234, 0.00320272613317, -0.00569413043559, 0.0048133181408, -0.0040004751645, 0.00431070709601, -0.00489075202495, 0.0121387550607, -0.00593761634082, 0.00233086710796, -0.00207170378417, 0.00381264509633], [-0.00117069331463, 0.00575270224363, -0.00344286765903, 0.00598020059988, -0.00634486880153, 0.00437904475257, -0.000831470417324, 0.0034353332594, -0.00593761634082, 0.014870936051, -0.00691686896607, 0.00350897363387, -0.00299397064373], [0.00106252660044, -0.00610470306128, 0.0037850709632, -0.00474795512855, 0.0049579651095, -0.00476777506992, 0.00291773211211, -0.00245572719723, 0.00233086710796, -0.00691686896607, 0.0175034049898, -0.00582372909412, 0.00265474850312], [-0.000957657757681, 0.00396685302258, -0.00341023714282, 0.00602284399793, -0.00185796967708, 0.00356484623626, -0.00200118380599, 0.00211803498678, -0.00207170378417, 0.00350897363387, -0.00582372909412, 0.0148639352992, -0.00780244963244], [0.0010917497566, -0.0043309526518, 0.00268558436073, -0.00602939818054, 0.00476650614291, -0.00192117190454, 0.00296774902381, -0.000606505316682, 0.00381264509633, -0.00299397064373, 0.00265474850312, -0.00780244963244, 0.0159136466682]]
    },
    "melbands": {
        "dmean": [0.00106395978946, 0.00116275809705, 0.0012278688373, 0.00056414376013, 0.000286470196443, 0.00036251952406, 0.0004282296577, 0.000411549175624, 0.000208706100238, 0.000140792821185, 0.000118956224469, 6.83073230903e-05, 4.60341834696e-05, 3.19298414979e-05, 3.0181630791e-05, 2.61401783064e-05, 2.23450279009e-05, 1.74176948349e-05, 1.28483816297e-05, 1.30355047077e-05, 1.478158174e-05, 1.27768244056e-05, 1.04561549961e-05, 1.65431210917e-05, 2.07021021197e-05, 9.70580640569e-06, 6.51518530503e-06, 5.98301312493e-06, 4.8806682571e-06, 4.19003936258e-06, 4.49397521152e-06, 3.71019996237e-06, 3.06569199893e-06, 1.84875909781e-06, 1.73155785888e-06, 1.51372739765e-06, 1.23357949633e-06, 1.02329397578e-06, 7.82529014032e-07, 5.4195947996e-07],
        "dmean2": [0.00180480570998, 0.00200769398361, 0.00206702994183, 0.000951317080762, 0.000475602399092, 0.000575124227908, 0.000705068232492, 0.000660329475068, 0.00032324239146, 0.000219447960262, 0.000181753275683, 0.000105007886305, 7.14831185178e-05, 5.21644942637e-05, 4.88135083287e-05, 4.24501376983e-05, 3.61119309673e-05, 2.8065918741e-05, 2.02120972972e-05, 2.06439090107e-05, 2.3501490432e-05, 2.02864048333e-05, 1.6090232748e-05, 2.4348793886e-05, 3.10841205646e-05, 1.49610805238e-05, 1.04725077108e-05, 9.59584031079e-06, 7.57926682127e-06, 6.64089975544e-06, 7.19175659469e-06, 5.99292161496e-06, 4.92608342029e-06, 2.87263196697e-06, 2.69719453172e-06, 2.3894192509e-06, 1.93559912987e-06, 1.55291957071e-06, 1.17107697406e-06, 8.19764125026e-07],
        "dvar": [2.86185877485e-06, 7.25075915398e-06, 8.11636073195e-06, 1.45085471104e-06, 2.32485319884e-07, 4.60279636627e-07, 5.37401092515e-07, 4.6201930104e-07, 1.63337389836e-07, 9.88206281249e-08, 4.39227001436e-08, 1.77848935579e-08, 7.35213401271e-09, 4.65962912699e-09, 3.28182392373e-09, 3.08316305819e-09, 1.72061065395e-09, 1.17655007958e-09, 5.29984833797e-10, 4.71573113892e-10, 4.91496066068e-10, 4.09938250012e-10, 4.19750623148e-10, 6.23486151596e-10, 1.29657695691e-09, 2.84556933572e-10, 1.75189265872e-10, 1.43761197391e-10, 9.17562761882e-11, 6.24548399109e-11, 7.54107887246e-11, 4.52290010999e-11, 3.50118892212e-11, 1.33899480045e-11, 1.11656022969e-11, 1.07457870727e-11, 6.83612498206e-12, 4.3605123852e-12, 2.81455674739e-12, 1.25229817835e-12],
        "dvar2": [7.17685907148e-06, 1.95882748812e-05, 2.11004589801e-05, 3.94358903577e-06, 5.96042013967e-07, 9.90812168311e-07, 1.24202483676e-06, 1.0758415101e-06, 3.52496812184e-07, 2.25587413638e-07, 9.87015909004e-08, 4.46361987372e-08, 1.68766423059e-08, 1.16654010895e-08, 7.82421416545e-09, 7.92645860059e-09, 4.00186817018e-09, 2.81906209487e-09, 1.21912446804e-09, 1.11739195674e-09, 1.21178977963e-09, 9.80150516305e-10, 9.40421962525e-10, 1.38205291655e-09, 2.70127298307e-09, 6.85692669311e-10, 4.48127840391e-10, 3.54859003293e-10, 2.01868938232e-10, 1.46496717535e-10, 1.80412837447e-10, 1.09305293983e-10, 8.58541432391e-11, 3.19566421936e-11, 2.70205142983e-11, 2.38206884773e-11, 1.6119394014e-11, 9.85993058034e-12, 6.52590351549e-12, 2.6186498716e-12],
        "max": [0.0162124596536, 0.0340558774769, 0.0206555314362, 0.0114312591031, 0.00623255735263, 0.0105116814375, 0.0083040241152, 0.00913556199521, 0.00661713583395, 0.00539256120101, 0.00273791979998, 0.00171767687425, 0.00152080052067, 0.000809088931419, 0.000820116489194, 0.000792915874626, 0.000628862937447, 0.000342068233294, 0.000328388559865, 0.000275125756161, 0.000279332365608, 0.000332047173288, 0.000218364657485, 0.000319049577229, 0.000894956407137, 0.00031417896389, 0.00017402258527, 0.00014704100613, 0.00012494600378, 0.000109910601168, 0.000169523802469, 9.87445164355e-05, 7.17825823813e-05, 5.37056548637e-05, 3.27260786435e-05, 5.33061429451e-05, 3.68134496966e-05, 2.638537444e-05, 2.362783016e-05, 1.1641909623e-05],
        "mean": [0.00133197393734, 0.00187924900092, 0.00164995354135, 0.000651020789519, 0.000527108786628, 0.000561479304451, 0.000591372314375, 0.000532581121661, 0.000269556359854, 0.000190857914276, 0.000155012181494, 9.19807862374e-05, 6.49767607683e-05, 3.71688547602e-05, 3.55021220457e-05, 2.98717150145e-05, 3.04967270495e-05, 2.33420541917e-05, 1.9068194888e-05, 1.92345851247e-05, 2.10022681131e-05, 1.87818368431e-05, 1.64402008522e-05, 2.65581129497e-05, 3.39710604749e-05, 1.5343683117e-05, 8.96798064787e-06, 8.04856881587e-06, 7.51055995352e-06, 6.19561524218e-06, 6.856537766e-06, 5.39850452697e-06, 4.20929336542e-06, 2.61067498286e-06, 2.35634752244e-06, 2.0865334136e-06, 1.67502935255e-06, 1.41063060255e-06, 1.10475468773e-06, 7.86636348948e-07],
        "median": [0.000547879608348, 0.000660190242343, 0.000552570563741, 0.000288753566565, 0.000222873859457, 0.000212552113226, 0.000247357733315, 0.00019020740001, 8.39820640977e-05, 7.05445927451e-05, 5.84804183745e-05, 2.97820351989e-05, 2.37029216805e-05, 1.25050628412e-05, 1.23331446957e-05, 1.04143900899e-05, 1.0572120118e-05, 6.75850742482e-06, 7.19950503481e-06, 8.49401476444e-06, 1.04348055174e-05, 8.64978392201e-06, 6.49633602734e-06, 1.20720214909e-05, 1.48269100464e-05, 6.70898270982e-06, 3.69446115656e-06, 2.47715183832e-06, 2.43543945544e-06, 2.42392070504e-06, 3.13624241244e-06, 2.36335631598e-06, 1.3037770259e-06, 6.43989437776e-07, 5.32345893589e-07, 5.15791896305e-07, 3.38735105743e-07, 2.76426362689e-07, 1.77238931087e-07, 8.30539974572e-08],
        "min": [1.40284313943e-07, 2.74793364952e-07, 4.08600357105e-07, 1.39733572269e-06, 3.2512102166e-07, 7.57759721637e-07, 1.03079082692e-06, 8.59478348048e-07, 5.27940414941e-07, 2.67846019142e-07, 2.22789864779e-07, 8.10546580965e-08, 1.51068419996e-07, 1.53834321281e-07, 1.23700942822e-07, 5.70835076985e-08, 9.52401819632e-08, 7.63733964959e-08, 2.61563002368e-07, 2.03090195328e-07, 2.43498504915e-07, 2.59413496906e-07, 1.45689739384e-07, 1.30477957327e-07, 7.41439407648e-08, 6.88911470093e-08, 7.44689714338e-08, 4.37082370297e-08, 4.67217091682e-08, 5.91046251941e-08, 4.69262175784e-08, 2.09038724108e-08, 7.12055703289e-09, 2.79200262909e-09, 5.48365852726e-10, 1.46040224358e-09, 2.04533856518e-09, 3.14924109013e-09, 1.43358558358e-09, 4.34035529739e-10],
