{
"highlevel": {
    "danceability": {
        "all": {
            "danceable": 0.183830559254,
            "not_danceable": 0.816169440746
        },
        "probability": 0.816169440746,
        "value": "not_danceable"
    },
    "gender": {
        "all": {
            "female": 0.309348285198,
            "male": 0.690651714802
        },
        "probability": 0.690651714802,
        "value": "male"
    },
    "genre_dortmund": {
        "all": {
            "alternative": 0.0853873491287,
            "blues": 0.0815051048994,
            "electronic": 0.0598804540932,
            "folkcountry": 0.540995895863,
            "funksoulrnb": 0.0126339150593,
            "jazz": 0.0366139300168,
            "pop": 0.0279855225235,
            "raphiphop": 0.00301992241293,
            "rock": 0.15197789669
        },
        "probability": 0.540995895863,
        "value": "folkcountry"
    },
    "genre_electronic": {
        "all": {
            "ambient": 0.817243456841,
            "dnb": 0.129620343447,
            "house": 0.011037572287,
            "techno": 0.00805672071874,
            "trance": 0.0340418890119
        },
        "probability": 0.817243456841,
        "value": "ambient"
    },
    "genre_rosamerica": {
        "all": {
            "cla": 0.793828368187,
            "dan": 0.00972330383956,
            "hip": 0.00583926122636,
            "jaz": 0.0331509783864,
            "pop": 0.0515532791615,
            "rhy": 0.029410680756,
            "roc": 0.0740549489856,
            "spe": 0.00243920856155
        },
        "probability": 0.793828368187,
        "value": "cla"
    },
    "genre_tzanetakis": {
        "all": {
            "blu": 0.0626541376114,
            "cla": 0.0348133966327,
            "cou": 0.0783501937985,
            "dis": 0.104547761381,
            "hip": 0.15693578124,
            "jaz": 0.313987255096,
            "met": 0.044816005975,
            "pop": 0.0627349764109,
            "reg": 0.0627352520823,
            "roc": 0.0784252434969
        },
        "probability": 0.313987255096,
        "value": "jaz"
    },
    "ismir04_rhythm": {
        "all": {
            "ChaChaCha": 0.0105900382623,
            "Jive": 0.712485730648,
            "Quickstep": 0.00960049685091,
            "Rumba-American": 0.00214004423469,
            "Rumba-International": 0.0088575873524,
            "Rumba-Misc": 0.00108348473441,
            "Samba": 0.0110582597554,
            "Tango": 0.00796530861408,
            "VienneseWaltz": 0.228659749031,
            "Waltz": 0.00755928549916
        },
        "probability": 0.712485730648,
        "value": "Jive"
    },
    "mood_acoustic": {
        "all": {
            "acoustic": 0.0555782578886,
            "not_acoustic": 0.944421768188
        },
        "probability": 0.944421768188,
        "value": "not_acoustic"
    },
    "mood_aggressive": {
        "all": {
            "aggressive": 0.347830981016,
            "not_aggressive": 0.652169048786
        },
        "probability": 0.652169048786,
        "value": "not_aggressive"
    },
    "mood_electronic": {
        "all": {
            "electronic": 0.138340502977,
            "not_electronic": 0.86165946722
        },
        "probability": 0.86165946722,
        "value": "not_electronic"
    },
    "mood_happy": {
        "all": {
            "happy": 0.868273675442,
            "not_happy": 0.131726324558
        },
        "probability": 0.868273675442,
        "value": "happy"
    },
    "mood_party": {
        "all": {
            "not_party": 0.5,
            "party": 0.5
        },
        "probability": 0.5,
        "value": "not_party"
    },
    "mood_relaxed": {
        "all": {
            "not_relaxed": 0.563981950283,
            "relaxed": 0.436018049717
        },
        "probability": 0.563981950283,
        "value": "not_relaxed"
    },
    "mood_sad": {
        "all": {
            "not_sad": 0.491317510605,
            "sad": 0.508682489395
        },
        "probability": 0.508682489395,
        "value": "sad"
    },
    "moods_mirex": {
        "all": {
            "Cluster1": 0.0659238174558,
            "Cluster2": 0.212543472648,
            "Cluster3": 0.155396655202,
            "Cluster4": 0.321248412132,
            "Cluster5": 0.244887620211
        },
        "probability": 0.321248412132,
        "value": "Cluster4"
    },
    "timbre": {
        "all": {
            "bright": 0.999999761581,
            "dark": 2.45517213671e-07
        },
        "probability": 0.999999761581,
        "value": "bright"
    },
    "tonal_atonal": {
        "all": {
            "atonal": 0.0154911000282,
            "tonal": 0.984508872032
        },
        "probability": 0.984508872032,
        "value": "tonal"
    },
    "voice_instrumental": {
        "all": {
            "instrumental": 0.947393417358,
            "voice": 0.0526066049933
        },
        "probability": 0.947393417358,
        "value": "instrumental"
    }
},
"lowlevel": {
    "average_loudness": 0.954358637333,
    "barkbands_crest": {
        "dmean": 1.9378029108,
        "dmean2": 3.16950058937,
        "dvar": 3.34302663803,
        "dvar2": 8.32096195221,
        "max": 21.4545536041,
        "mean": 7.08162879944,
        "median": 6.62080955505,
        "min": 2.57297062874,
        "var": 6.55183839798
    },
    "barkbands_flatness_db": {
        "dmean": 0.0152256600559,
        "dmean2": 0.0237703602761,
        "dvar": 0.000175496112206,
        "dvar2": 0.000416360271629,
        "max": 0.226777851582,
        "mean": 0.125895127654,
        "median": 0.123851135373,
        "min": 0.0635434240103,
        "var": 0.000663545506541
    },
    "barkbands_kurtosis": {
        "dmean": 1.00640439987,
        "dmean2": 1.53518939018,
        "dvar": 1.50269603729,
        "dvar2": 3.2800412178,
        "max": 14.3392601013,
        "mean": 0.765308499336,
        "median": 0.12566447258,
        "min": -1.61260974407,
        "var": 4.12253475189
    },
    "barkbands_skewness": {
        "dmean": 0.387335181236,
        "dmean2": 0.569835662842,
        "dvar": 0.118850685656,
        "dvar2": 0.234976887703,
        "max": 3.37730336189,
        "mean": 0.250648409128,
        "median": 0.213701859117,
        "min": -2.57135558128,
        "var": 0.784955382347
    },
    "barkbands_spread": {
        "dmean": 4.07996082306,
        "dmean2": 6.22956800461,
        "dvar": 13.5437431335,
        "dvar2": 31.7027187347,
        "max": 42.2014884949,
        "mean": 19.5844364166,
        "median": 18.9772872925,
        "min": 5.04015445709,
        "var": 48.3059425354
    },
    "dissonance": {
        "dmean": 0.0165108349174,
        "dmean2": 0.0284453816712,
        "dvar": 0.000252012163401,
        "dvar2": 0.000704739883076,
        "max": 0.499999880791,
        "mean": 0.474397242069,
        "median": 0.479210048914,
        "min": 0.338250786066,
        "var": 0.000346823275322
    },
    "dynamic_complexity": 2.49833059311,
    "erbbands_crest": {
        "dmean": 2.60796809196,
        "dmean2": 4.17206764221,
        "dvar": 6.65832996368,
        "dvar2": 15.4131212234,
        "max": 29.7113494873,
        "mean": 9.06559085846,
        "median": 8.12104797363,
        "min": 3.25607228279,
        "var": 14.3452091217
    },
    "erbbands_flatness_db": {
        "dmean": 0.0177928190678,
        "dmean2": 0.0255211014301,
        "dvar": 0.00026793644065,
        "dvar2": 0.000504419847857,
        "max": 0.33365508914,
        "mean": 0.191133543849,
        "median": 0.18855984509,
        "min": 0.0881565660238,
        "var": 0.00189591525123
    },
    "erbbands_kurtosis": {
        "dmean": 0.963654398918,
        "dmean2": 1.51716554165,
        "dvar": 1.38786816597,
        "dvar2": 3.03179001808,
        "max": 17.2273693085,
        "mean": 0.745104193687,
        "median": 0.296955108643,
        "min": -1.50078701973,
        "var": 2.92942619324
    },
    "erbbands_skewness": {
        "dmean": 0.362589806318,
        "dmean2": 0.541779994965,
        "dvar": 0.0949155092239,
        "dvar2": 0.200602754951,
        "max": 2.13219094276,
        "mean": 0.0921220034361,
        "median": 0.125702470541,
        "min": -2.340528965,
        "var": 0.487637758255
    },
    "erbbands_spread": {
        "dmean": 4.44586896896,
        "dmean2": 6.80647516251,
        "dvar": 20.4239711761,
        "dvar2": 45.9607162476,
        "max": 63.9603729248,
        "mean": 21.9693546295,
        "median": 20.4470062256,
        "min": 4.27363634109,
        "var": 88.8276443481
    },
    "hfc": {
        "dmean": 7.76688861847,
        "dmean2": 10.1893892288,
        "dvar": 119.018203735,
        "dvar2": 221.172317505,
        "max": 137.778793335,
        "mean": 20.2036151886,
        "median": 14.318359375,
        "min": 0.448533833027,
        "var": 371.090576172
    },
    "melbands_crest": {
        "dmean": 2.60763382912,
        "dmean2": 4.17576551437,
        "dvar": 6.51893615723,
        "dvar2": 15.1017694473,
        "max": 27.5613327026,
        "mean": 9.63300228119,
        "median": 8.43045520782,
        "min": 3.49830508232,
        "var": 18.4981822968
    },
    "melbands_flatness_db": {
        "dmean": 0.0174831598997,
        "dmean2": 0.0269406419247,
        "dvar": 0.000256048049778,
        "dvar2": 0.000530488614459,
        "max": 0.268853247166,
        "mean": 0.150419354439,
        "median": 0.146024405956,
        "min": 0.0812078639865,
        "var": 0.00103088805918
    },
    "melbands_kurtosis": {
        "dmean": 1.58879673481,
        "dmean2": 2.45279788971,
        "dvar": 6.25996351242,
        "dvar2": 13.6388788223,
        "max": 34.5602722168,
        "mean": 1.92479860783,
        "median": 0.604432106018,
        "min": -1.59129703045,
        "var": 17.5621337891
    },
    "melbands_skewness": {
        "dmean": 0.429651677608,
        "dmean2": 0.641404688358,
        "dvar": 0.173292815685,
        "dvar2": 0.361476689577,
        "max": 5.24430799484,
        "mean": 0.80241638422,
        "median": 0.684133410454,
        "min": -1.56074488163,
        "var": 0.914564073086
    },
    "melbands_spread": {
        "dmean": 7.01682662964,
        "dmean2": 10.8894338608,
        "dvar": 43.1409492493,
        "dvar2": 106.311080933,
        "max": 73.2948303223,
        "mean": 32.3912010193,
        "median": 31.373216629,
        "min": 6.75662612915,
        "var": 162.783416748
    },
    "pitch_salience": {
        "dmean": 0.0637227892876,
        "dmean2": 0.103099346161,
        "dvar": 0.00285925669596,
        "dvar2": 0.00708937412128,
        "max": 0.844642102718,
        "mean": 0.6151278615,
        "median": 0.61913383007,
        "min": 0.270660340786,
        "var": 0.00772161409259
    },
    "silence_rate_20dB": {
        "dmean": 0,
        "dmean2": 0,
        "dvar": 0,
        "dvar2": 0,
        "max": 1,
        "mean": 1,
        "median": 1,
        "min": 1,
        "var": 0
    },
    "silence_rate_30dB": {
        "dmean": 0,
        "dmean2": 0,
        "dvar": 0,
        "dvar2": 0,
        "max": 1,
        "mean": 1,
        "median": 1,
        "min": 1,
        "var": 0
    },
    "silence_rate_60dB": {
        "dmean": 0.0286377705634,
        "dmean2": 0.0565453134477,
        "dvar": 0.0278176870197,
        "dvar2": 0.0734869465232,
        "max": 1,
        "mean": 0.0371229685843,
        "median": 0,
        "min": 0,
        "var": 0.0357444733381
    },
    "spectral_centroid": {
        "dmean": 214.219543457,
        "dmean2": 319.223846436,
        "dvar": 40490.1367188,
        "dvar2": 80684.0390625,
        "max": 2906.59790039,
        "mean": 1663.88708496,
        "median": 1656.83496094,
        "min": 568.703369141,
        "var": 229799.84375
    },
    "spectral_complexity": {
        "dmean": 3.89396286011,
        "dmean2": 5.6320681572,
        "dvar": 14.588599205,
        "dvar2": 26.395280838,
        "max": 44,
        "mean": 20.5599384308,
        "median": 20,
        "min": 2,
        "var": 58.6857833862
    },
    "spectral_decrease": {
        "dmean": 1.18603071808e-09,
        "dmean2": 1.57814294965e-09,
        "dvar": 1.80218108891e-18,
        "dvar2": 3.10137370645e-18,
        "max": -1.04225794662e-10,
        "mean": -3.73930530984e-09,
        "median": -3.0625351144e-09,
        "min": -1.78271779561e-08,
        "var": 6.66764814616e-18
    },
    "spectral_energy": {
        "dmean": 0.00512921530753,
        "dmean2": 0.00678673945367,
        "dvar": 3.50269947376e-05,
        "dvar2": 6.0529095208e-05,
        "max": 0.0795492380857,
        "mean": 0.015945551917,
        "median": 0.0131065463647,
        "min": 0.000434055953519,
        "var": 0.00012742645049
    },
    "spectral_energyband_high": {
        "dmean": 0.000161747797392,
        "dmean2": 0.000232071164646,
        "dvar": 9.39245055065e-08,
        "dvar2": 2.2269112776e-07,
        "max": 0.00400618510321,
        "mean": 0.000314364267979,
        "median": 0.000180320814252,
        "min": 1.16686828733e-06,
        "var": 1.46138688706e-07
    },
    "spectral_energyband_low": {
        "dmean": 0.00127882498782,
        "dmean2": 0.00195370148867,
        "dvar": 3.54707981387e-06,
        "dvar2": 7.49780747356e-06,
        "max": 0.0219532735646,
        "mean": 0.00208535091951,
        "median": 0.000940761121456,
        "min": 5.0661046771e-06,
        "var": 8.16571991891e-06
    },
    "spectral_energyband_middle_high": {
        "dmean": 0.00369347096421,
        "dmean2": 0.00501259649172,
        "dvar": 2.60977176367e-05,
        "dvar2": 4.92386316182e-05,
        "max": 0.0687981545925,
        "mean": 0.00921042449772,
        "median": 0.00657955603674,
        "min": 0.000283883302473,
        "var": 7.91161510278e-05
    },
    "spectral_energyband_middle_low": {
        "dmean": 0.00153726397548,
        "dmean2": 0.00227567111142,
        "dvar": 4.77776711705e-06,
        "dvar2": 9.87840303424e-06,
        "max": 0.0333094671369,
        "mean": 0.00458879582584,
        "median": 0.00359403737821,
        "min": 4.87917641294e-05,
        "var": 1.57275699166e-05
    },
    "spectral_entropy": {
        "dmean": 0.129359319806,
        "dmean2": 0.18476998806,
        "dvar": 0.0140898171812,
        "dvar2": 0.028655609116,
        "max": 8.20813751221,
        "mean": 7.53820228577,
        "median": 7.55224370956,
        "min": 6.68918085098,
        "var": 0.0623054951429
    },
    "spectral_flux": {
        "dmean": 0.0187576785684,
        "dmean2": 0.0284730214626,
        "dvar": 0.000381323101465,
        "dvar2": 0.000914680131245,
        "max": 0.226201072335,
        "mean": 0.0667462050915,
        "median": 0.0603999122977,
        "min": 0.00697598000988,
        "var": 0.000952540372964
    },
    "spectral_kurtosis": {
        "dmean": 1.84842908382,
        "dmean2": 3.16038680077,
        "dvar": 4.74338340759,
        "dvar2": 14.3305549622,
        "max": 28.274564743,
        "mean": 6.36494827271,
        "median": 5.83611392975,
        "min": 1.02284908295,
        "var": 9.0006942749
    },
    "spectral_rms": {
        "dmean": 0.000626196560916,
        "dmean2": 0.000813444377854,
        "dvar": 3.76983365413e-07,
        "dvar2": 6.18506135197e-07,
        "max": 0.00880959723145,
        "mean": 0.00371009553783,
        "median": 0.00357587402686,
        "min": 0.000650745118037,
        "var": 1.79177152404e-06
    },
    "spectral_rolloff": {
        "dmean": 308.480712891,
        "dmean2": 510.225067139,
        "dvar": 136559.140625,
        "dvar2": 285554.96875,
        "max": 5038.76953125,
        "mean": 1875.72253418,
        "median": 1981.0546875,
        "min": 301.46484375,
        "var": 455489.96875
    },
    "spectral_skewness": {
        "dmean": 0.208412319422,
        "dmean2": 0.349479734898,
        "dvar": 0.043740183115,
        "dvar2": 0.124472729862,
        "max": 3.26383829117,
        "mean": 1.74451112747,
        "median": 1.72259294987,
        "min": 0.82316672802,
        "var": 0.0977640450001
    },
    "spectral_spread": {
        "dmean": 391668.90625,
        "dmean2": 612248.8125,
        "dvar": 211681050624,
        "dvar2": 455661125632,
        "max": 10852377,
        "mean": 3453400.75,
        "median": 3323510.75,
        "min": 1562289.75,
        "var": 841716400128
    },
    "spectral_strongpeak": {
        "dmean": 1.11892044544,
        "dmean2": 1.81896185875,
        "dvar": 2.49899482727,
        "dvar2": 5.65394353867,
        "max": 14.2042942047,
        "mean": 2.01765751839,
        "median": 1.22022593021,
        "min": 0.0484609566629,
        "var": 5.46150302887
    },
    "zerocrossingrate": {
        "dmean": 0.00665717804804,
        "dmean2": 0.00807195808738,
        "dvar": 3.09762799588e-05,
        "dvar2": 4.31895532529e-05,
        "max": 0.123046875,
        "mean": 0.0681958571076,
        "median": 0.06689453125,
        "min": 0.02197265625,
        "var": 0.000281757995253
    },
    "barkbands": {
        "dmean": [2.69081792794e-05, 0.000748467165977, 0.000615787925199, 0.000240883731749, 0.000384336337447, 0.000472625193652, 0.000517283915542, 0.000241875211941, 0.000541051907931, 0.000547316682059, 0.00096017861506, 0.000582828535698, 0.000490734528285, 0.000536461244337, 0.000574312231038, 0.000426460348535, 0.000848395284265, 0.000572412624024, 0.000189078069525, 0.000106458865048, 6.98633302818e-05, 2.82067449007e-05, 1.54387107614e-05, 1.0635801118e-05, 7.65455479268e-06, 2.70477949016e-06, 1.48979750758e-09],
        "dmean2": [4.79502450617e-05, 0.00122004433069, 0.000928375986405, 0.00040197870112, 0.000630456663202, 0.000744438846596, 0.000833718397189, 0.000377768039471, 0.000829891127069, 0.000840184104163, 0.00148101116065, 0.000908342015464, 0.000765940640122, 0.00078628025949, 0.000868396018632, 0.000662980368361, 0.00126505678054, 0.000858008803334, 0.000293242686894, 0.000160993236932, 0.000110718261567, 4.203476783e-05, 2.26362408284e-05, 1.53469954967e-05, 1.10086975837e-05, 3.85568819183e-06, 2.04906558388e-09],
        "dvar": [7.41174677188e-10, 1.29848808683e-06, 9.51579465891e-07, 2.43739094685e-07, 4.74958596897e-07, 4.59190630409e-07, 8.73713588589e-07, 1.15711884519e-07, 7.8423801142e-07, 6.00852843036e-07, 1.79603284778e-06, 1.27596126731e-06, 5.58631427339e-07, 6.54820132695e-06, 1.23777090266e-06, 6.19051661488e-07, 3.49323954651e-06, 1.26911857024e-06, 8.63623199621e-08, 3.27383560261e-08, 4.21831174435e-08, 2.53856446975e-09, 5.75758107857e-10, 3.05643038656e-10, 1.9778916005e-10, 2.43855820953e-11, 7.03871461916e-16],
        "dvar2": [2.03654693109e-09, 3.1487365959e-06, 2.01300326808e-06, 5.65088498661e-07, 1.18221339562e-06, 1.08927724796e-06, 1.74986416823e-06, 2.67919915586e-07, 1.85746785064e-06, 1.23158349652e-06, 3.77448623112e-06, 2.88480623567e-06, 1.31581737151e-06, 1.4593686501e-05, 2.3588950171e-06, 1.31884007715e-06, 6.89836178935e-06, 2.61927903011e-06, 2.18977248778e-07, 6.93755382031e-08, 1.14378998717e-07, 5.51880274813e-09, 1.11480613629e-09, 5.98249394468e-10, 3.8981878836e-10, 4.46421233313e-11, 7.06153209857e-16],
        "max": [0.000381862715585, 0.0101261409, 0.0116308974102, 0.00569739518687, 0.00774805154651, 0.0104410918429, 0.0192321836948, 0.00416276976466, 0.0150654297322, 0.00957356579602, 0.0140225468203, 0.0156887173653, 0.00899380538613, 0.05940047279, 0.0152633544058, 0.0110897310078, 0.0274287704378, 0.0145887229592, 0.00375094241463, 0.00341365044005, 0.00352514348924, 0.000749279744923, 0.000284003355773, 0.000189706290257, 0.000162524243933, 5.15310603078e-05, 9.43836596434e-07],
        "mean": [2.94824058074e-05, 0.00104060082231, 0.000905668071937, 0.00027745499392, 0.000591491756495, 0.000894264492672, 0.00101920380257, 0.000423983728979, 0.00106751685962, 0.00102091801818, 0.00164636515547, 0.000890765571967, 0.000761704985052, 0.000634792668279, 0.00104492413811, 0.000644605665002, 0.00149606482591, 0.000846195674967, 0.000299123727018, 0.000180624541827, 0.000107992054836, 4.68165890197e-05, 2.98351496895e-05, 2.1557432774e-05, 1.75781115104e-05, 6.01746296525e-06, 1.39343081518e-09],
        "median": [2.09430254472e-05, 0.000405858387239, 0.000296499842079, 0.000123612640891, 0.000333041127305, 0.000573630561121, 0.000524235074408, 0.000270918186288, 0.000641818449367, 0.00052488129586, 0.000954584102146, 0.000417060364271, 0.000405219790991, 0.000133422450745, 0.000395924900658, 0.000318790640449, 0.000417068833485, 0.000305349793052, 0.000163074073498, 8.95936827874e-05, 5.37712730875e-05, 2.36043943005e-05, 1.77701840585e-05, 1.23232475744e-05, 1.09615111796e-05, 3.46058618561e-06, 2.00531258265e-10],
        "min": [1.47857051047e-07, 8.58680095916e-07, 3.18225801266e-07, 1.73678046167e-07, 9.40860445553e-07, 2.93608536595e-06, 1.08519623154e-06, 9.51269498728e-07, 4.59766306449e-06, 2.28996736951e-06, 7.82932511356e-06, 8.5225847215e-06, 6.99389738656e-06, 1.26565760183e-06, 4.56714087704e-06, 2.64655363935e-06, 3.42049429491e-06, 2.48491664934e-06, 6.93358686021e-07, 3.05967489567e-07, 2.54937219779e-07, 9.09836401775e-08, 4.51084893882e-08, 6.43764934694e-08, 5.17293692326e-08, 4.02871620508e-08, 1.34338122224e-11],
        "var": [8.85239215265e-10, 2.30573778026e-06, 2.13597240872e-06, 2.72449199201e-07, 6.55991811982e-07, 9.95114874058e-07, 2.97936776406e-06, 2.38976269884e-07, 1.87253317563e-06, 1.79526796273e-06, 3.82652842745e-06, 1.99247938326e-06, 9.26017719394e-07, 6.68506800139e-06, 3.23049175677e-06, 1.06026561753e-06, 8.13589394966e-06, 2.37113727053e-06, 1.37001578082e-07, 7.02064042457e-08, 3.80573581538e-08, 4.22939061551e-09, 1.19687404432e-09, 6.14964690282e-10, 4.00441485526e-10, 5.47804336615e-11, 7.03535666292e-16]
    },
    "erbbands": {
        "dmean": [0.00952488090843, 0.210391655564, 0.761560320854, 0.559515357018, 0.986674487591, 1.44831621647, 3.11109113693, 4.47475767136, 6.51839733124, 6.48832941055, 5.79649019241, 13.6276550293, 13.8075294495, 32.0523490906, 27.131893158, 22.1505966187, 22.1579360962, 32.498374939, 16.6602344513, 30.2559509277, 32.32371521, 36.3430938721, 40.9413146973, 9.9010848999, 8.50709724426, 4.39693403244, 2.96081829071, 2.86654496193, 1.19974720478, 0.652199566364, 0.418831884861, 0.264635324478, 0.161441996694, 0.0994279682636, 0.0511162541807, 0.0164195261896, 0.00446568056941, 0.000423929654062, 1.00898996607e-05, 6.90711840434e-06],
        "dmean2": [0.0158116519451, 0.33938023448, 1.13070821762, 0.918988883495, 1.66614103317, 2.4153585434, 4.90280818939, 7.02623319626, 10.5628967285, 10.2302799225, 8.85879898071, 21.2630329132, 21.1770019531, 48.1911506653, 42.4108161926, 34.0134048462, 34.2766075134, 46.9731674194, 24.722158432, 45.7174034119, 49.2956237793, 53.8682098389, 61.6158790588, 14.7697839737, 13.4585800171, 6.60775756836, 4.52750205994, 4.62592363358, 1.82555305958, 0.942643046379, 0.615867435932, 0.386158466339, 0.23768992722, 0.14606744051, 0.0756330043077, 0.0238210055977, 0.00632400996983, 0.000618769961875, 1.33360099426e-05, 8.88141039468e-06],
        "dvar": [0.000197350542294, 0.104972451925, 1.52366936207, 0.93531113863, 5.36433029175, 6.11604404449, 26.8809986115, 40.3830909729, 190.515731812, 106.317672729, 59.3285102844, 453.782348633, 526.842041016, 1971.74304199, 1610.22631836, 1805.5, 1099.34118652, 20842.0957031, 958.222839355, 2926.64477539, 3726.1953125, 4627.76855469, 6509.71582031, 232.01574707, 214.627243042, 45.5707626343, 23.1978130341, 145.101013184, 5.25232744217, 1.13771677017, 0.43205049634, 0.176389172673, 0.0784249156713, 0.0315062366426, 0.00860053114593, 0.000918032601476, 6.32161463727e-05, 5.7972090417e-07, 2.47964176969e-10, 6.60433444044e-11],
        "dvar2": [0.000524817209225, 0.246855035424, 3.03053569794, 2.15344977379, 14.1011734009, 15.9733352661, 65.8142089844, 98.6349182129, 394.340301514, 226.426071167, 134.580581665, 1052.04516602, 1142.61340332, 4207.70703125, 3585.56933594, 4022.79638672, 2565.06494141, 46343.171875, 2068.9050293, 5578.61621094, 7293.88378906, 9428.17382812, 13346.6679688, 515.473205566, 569.823669434, 100.920837402, 53.4688720703, 405.581970215, 12.5035171509, 2.37471175194, 0.859828412533, 0.341036438942, 0.159291550517, 0.0625981763005, 0.017733361572, 0.0018500292208, 0.000112101814011, 1.16115518267e-06, 4.24961843493e-10, 1.13963033455e-10],
        "max": [0.156138807535, 3.09823179245, 15.6107168198, 11.7960891724, 26.4861946106, 27.4743213654, 53.5481185913, 94.7841873169, 229.84274292, 216.069717407, 94.4396209717, 342.961090088, 378.073150635, 563.819152832, 519.425720215, 562.032470703, 417.704956055, 3382.87329102, 487.923217773, 683.746459961, 944.559997559, 986.088684082, 1060.27978516, 181.622268677, 187.465881348, 104.892829895, 68.9392242432, 219.820968628, 27.0107326508, 13.4006404877, 7.07592725754, 4.37641716003, 3.77923059464, 1.75087797642, 1.16901373863, 0.335417836905, 0.0873308852315, 0.00949491653591, 0.00019188238366, 0.000111394962005],
        "mean": [0.0122940419242, 0.297531098127, 1.17056107521, 0.797335445881, 1.1927472353, 2.10009050369, 4.78763103485, 8.5135717392, 13.5107221603, 12.3320846558, 11.1213026047, 25.9160690308, 27.4220981598, 56.8843154907, 48.0930519104, 35.9130859375, 35.5234603882, 42.8260421753, 30.1007537842, 55.9753341675, 58.9418869019, 65.1861190796, 60.3671646118, 17.7952232361, 13.2794265747, 7.61889219284, 5.20840263367, 3.96747136116, 1.89578068256, 1.11195230484, 0.824640274048, 0.5462667346, 0.32755202055, 0.216244474053, 0.113348849118, 0.0362185016274, 0.00956136640161, 0.000750331790186, 2.530133861e-05, 2.11375354411e-05],
        "median": [0.00698174862191, 0.107904084027, 0.375338822603, 0.458372175694, 0.580188810825, 1.20907235146, 2.45251822472, 5.41269159317, 6.26064872742, 7.61618757248, 7.66806411743, 15.3184309006, 14.4387798309, 33.9142456055, 27.2415809631, 18.3432331085, 19.9427375793, 14.4128637314, 15.1158208847, 24.5571937561, 27.2393722534, 23.3056621552, 21.1339359283, 9.42532253265, 7.18345499039, 4.19513320923, 2.84088802338, 1.69315779209, 0.90264570713, 0.533998191357, 0.512656509876, 0.33710154891, 0.191937953234, 0.133116260171, 0.0689327791333, 0.0212063826621, 0.00536405108869, 0.000362757826224, 1.70966359292e-05, 1.70702696778e-05],
        "min": [2.45092578552e-05, 0.000244202936301, 0.000591728603467, 0.00064012024086, 0.0014005425619, 0.00206006621011, 0.00673267710954, 0.0217728670686, 0.0130469379947, 0.0532114803791, 0.0632278323174, 0.236524581909, 0.345186203718, 1.15670204163, 1.03421592712, 0.457647740841, 0.294885277748, 0.342644989491, 0.217223376036, 0.257049113512, 0.23900808394, 0.242605805397, 0.188434153795, 0.0487029328942, 0.0349895991385, 0.0177142359316, 0.0170559864491, 0.0103095266968, 0.00391620164737, 0.00160505110398, 0.00131962844171, 0.00135964015499, 0.00106213020626, 0.000830398581456, 0.000199219692149, 0.000195096683456, 4.76364111819e-05, 3.70943189409e-06, 5.54553537313e-07, 5.37575033377e-07],
        "var": [0.000243961956585, 0.199952796102, 3.74791240692, 1.24963784218, 4.86028051376, 7.77946662903, 44.1099052429, 95.9670791626, 649.184814453, 285.285949707, 128.939437866, 1002.29852295, 1445.22155762, 4487.98242188, 3266.53833008, 2893.69677734, 1826.39306641, 21775.1777344, 1814.99047852, 7337.39697266, 8646.33789062, 11154.8349609, 12385.9160156, 492.912597656, 301.109161377, 93.2588424683, 41.3309745789, 109.483467102, 7.33654308319, 2.20701909065, 0.869112193584, 0.357945859432, 0.148529306054, 0.061710420996, 0.0170308183879, 0.00184843468014, 0.000148427105159, 1.15837519843e-06, 6.06139916037e-10, 2.36438313372e-10]
    },
    "gfcc": {
        "mean": [-12.5138530731, 92.4887161255, -157.410217285, 18.2945232391, -56.0708999634, 14.0464220047, -37.7603340149, 18.4552993774, -25.008234024, 0.823390781879, -14.8702058792, 5.67499017715, -6.09311008453],
        "cov": [[2488.01977539, -251.596221924, 69.8496398926, 359.209411621, 56.92918396, 62.4565162659, -67.0148391724, 43.4965629578, -15.9861211777, 15.0102481842, -84.9503555298, -19.8652229309, -37.2455749512], [-251.596221924, 426.637573242, 179.795272827, -74.7913284302, -23.8504695892, -12.8943376541, 59.7468795776, -0.198130831122, 8.41271018982, 14.1060247421, 29.6949710846, -35.1791000366, 24.7996349335], [69.8496398926, 179.795272827, 831.692260742, 66.1616668701, -240.8203125, 101.574264526, -50.2397079468, 65.9425888062, -91.6744995117, 79.1065979004, -19.0485782623, 6.84911346436, -73.2697601318], [359.209411621, -74.7913284302, 66.1616668701, 205.062530518, 42.6945533752, 25.6921100616, -6.08630990982, -1.0843256712, 8.09406757355, 1.28737223148, -7.88470888138, 3.45791268349, -12.9163751602], [56.92918396, -23.8504695892, -240.8203125, 42.6945533752, 226.449417114, 31.2862567902, 51.676361084, 17.098192215, 48.0687637329, -24.8494853973, -3.82509732246, -1.79297268391, 24.156085968], [62.4565162659, -12.8943376541, 101.574264526, 25.6921100616, 31.2862567902, 132.887161255, 54.5065002441, 13.8730258942, -15.4488630295, 15.9173259735, -6.630610466, -6.11213588715, -18.5314884186], [-67.0148391724, 59.7468795776, -50.2397079468, -6.08630990982, 51.676361084, 54.5065002441, 119.968208313, 21.1134586334, 11.8070516586, -3.84399795532, 10.8592967987, -6.83333492279, 8.34245109558], [43.4965629578, -0.198130831122, 65.9425888062, -1.0843256712, 17.098192215, 13.8730258942, 21.1134586334, 134.070175171, 32.9153213501, -4.80683279037, -2.14777112007, 15.6562995911, 13.0790815353], [-15.9861211777, 8.41271018982, -91.6744995117, 8.09406757355, 48.0687637329, -15.4488630295, 11.8070516586, 32.9153213501, 80.8300857544, 7.61323451996, 10.8783006668, 7.37466955185, 19.5719261169], [15.0102481842, 14.1060247421, 79.1065979004, 1.28737223148, -24.8494853973, 15.9173259735, -3.84399795532, -4.80683279037, 7.61323451996, 70.0663375854, 27.4427909851, -2.70004844666, -10.7481040955], [-84.9503555298, 29.6949710846, -19.0485782623, -7.88470888138, -3.82509732246, -6.630610466, 10.8592967987, -2.14777112007, 10.8783006668, 27.4427909851, 57.2489585876, 14.1376895905, 5.87115812302], [-19.8652229309, -35.1791000366, 6.84911346436, 3.45791268349, -1.79297268391, -6.11213588715, -6.83333492279, 15.6562995911, 7.37466955185, -2.70004844666, 14.1376895905, 51.6850280762, 14.567899704], [-37.2455749512, 24.7996349335, -73.2697601318, -12.9163751602, 24.156085968, -18.5314884186, 8.34245109558, 13.0790815353, 19.5719261169, -10.7481040955, 5.87115812302, 14.567899704, 54.4478645325]],
        "icov": [[0.00069199455902, -0.00067743571708, 0.0011006325949, -0.00176271854434, 0.000794248306192, -0.000867109862156, 0.000943020218983, -0.00122852553613, 0.0011712370906, -0.00157478207257, 0.00188111141324, -0.000737228838261, 0.000610518909525], [-0.00067743571708, 0.0106824142858, -0.00997161772102, 0.00754309492186, -0.00708562228829, 0.00845642574131, -0.00825764331967, 0.00803166348487, -0.00780274858698, 0.00922494009137, -0.0115136150271, 0.0123486947268, -0.00903722643852], [0.0011006325949, -0.00997161772102, 0.0133880954236, -0.00951069314033, 0.0104424646124, -0.0106694186106, 0.00894061010331, -0.0109690316021, 0.0104858027771, -0.0127328038216, 0.0135061759502, -0.0124734165147, 0.00965378060937], [-0.00176271854434, 0.00754309492186, -0.00951069314033, 0.013972222805, -0.00834952387959, 0.00658148201182, -0.00597699265927, 0.00858721416444, -0.00866168178618, 0.00971416290849, -0.0105515727773, 0.00800293963403, -0.00530030531809], [0.000794248306192, -0.00708562228829, 0.0104424646124, -0.00834952387959, 0.0149138197303, -0.0101378262043, 0.00517161330208, -0.0077773379162, 0.00399273820221, -0.00676927063614, 0.00966118276119, -0.00801092013717, 0.00518110068515], [-0.000867109862156, 0.00845642574131, -0.0106694186106, 0.00658148201182, -0.0101378262043, 0.0212237536907, -0.0134550724179, 0.00727344909683, -0.00393099198118, 0.00446108309552, -0.00673577655107, 0.00846275314689, -0.0044498606585], [0.000943020218983, -0.00825764331967, 0.00894061010331, -0.00597699265927, 0.00517161330208, -0.0134550724179, 0.0199125763029, -0.00848953612149, 0.00582591723651, -0.00510147633031, 0.00484887696803, -0.00612580962479, 0.00514893280342], [-0.00122852553613, 0.00803166348487, -0.0109690316021, 0.00858721416444, -0.0077773379162, 0.00727344909683, -0.00848953612149, 0.0183170810342, -0.0129894539714, 0.0115165561438, -0.00983252003789, 0.00728907156736, -0.00834302138537], [0.0011712370906, -0.00780274858698, 0.0104858027771, -0.00866168178618, 0.00399273820221, -0.00393099198118, 0.00582591723651, -0.0129894539714, 0.027435304597, -0.0154958255589, 0.010578237474, -0.0100839426741, 0.00416578166187], [-0.00157478207257, 0.00922494009137, -0.0127328038216, 0.00971416290849, -0.00676927063614, 0.00446108309552, -0.00510147633031, 0.0115165561438, -0.0154958255589, 0.03547873348, -0.025858854875, 0.0157923344523, -0.00643535749987], [0.00188111141324, -0.0115136150271, 0.0135061759502, -0.0105515727773, 0.00966118276119, -0.00673577655107, 0.00484887696803, -0.00983252003789, 0.010578237474, -0.025858854875, 0.0427532494068, -0.022328203544, 0.00970001332462], [-0.000737228838261, 0.0123486947268, -0.0124734165147, 0.00800293963403, -0.00801092013717, 0.00846275314689, -0.00612580962479, 0.00728907156736, -0.0100839426741, 0.0157923344523, -0.022328203544, 0.0393942408264, -0.0167838763446], [0.000610518909525, -0.00903722643852, 0.00965378060937, -0.00530030531809, 0.00518110068515, -0.0044498606585, 0.00514893280342, -0.00834302138537, 0.00416578166187, -0.00643535749987, 0.00970001332462, -0.0167838763446, 0.0327125862241]]
    },
    "melbands": {
        "dmean": [0.000145976970089, 0.00035320178722, 0.000108398693556, 8.61542503117e-05, 9.5178373158e-05, 9.6302406746e-05, 0.000103862417745, 6.58379576635e-05, 5.3999145166e-05, 8.95328485058e-05, 6.91581371939e-05, 0.000125485661556, 0.000102009747934, 6.08732152614e-05, 6.1172664573e-05, 5.54350663151e-05, 6.69606451993e-05, 1.93599607883e-05, 5.50137556274e-05, 3.22834130202e-05, 4.58914146293e-05, 4.95105887239e-05, 2.97582992062e-05, 2.76572609437e-05, 7.85262091085e-06, 6.88417912897e-06, 4.83816256747e-06, 2.84719567389e-06, 2.20824176722e-06, 1.91305684893e-06, 1.56645830884e-06, 6.89165347012e-07, 5.04136039581e-07, 3.35984111643e-07, 2.66391538162e-07, 2.03680571076e-07, 1.65617890957e-07, 1.21338402437e-07, 9.83697319157e-08, 8.56690149931e-08],
        "dmean2": [0.000240822220803, 0.000532403995749, 0.000177159323357, 0.000147985643707, 0.000149501967826, 0.000151841974002, 0.000167432182934, 0.000102776146377, 8.33484227769e-05, 0.000138762072311, 0.000106878644146, 0.000189576428966, 0.000157674381626, 9.29457164602e-05, 9.74605791271e-05, 8.64607063704e-05, 9.68869353528e-05, 2.92862823699e-05, 8.29404525575e-05, 5.01471877214e-05, 6.98502044543e-05, 7.36900110496e-05, 4.58536742372e-05, 4.17377705162e-05, 1.20410204545e-05, 1.10281216621e-05, 7.44320641388e-06, 4.40635631094e-06, 3.42033877132e-06, 3.05073103846e-06, 2.57043893725e-06, 1.04028367787e-06, 7.62776096508e-07, 5.05265518314e-07, 4.00633467734e-07, 3.05453937699e-07, 2.50584463402e-07, 1.82325877063e-07, 1.48640438624e-07, 1.2667270255e-07],
        "dvar": [4.74500403413e-08, 3.10752284349e-07, 4.21053591992e-08, 3.28098437308e-08, 2.3147057604e-08, 2.10169481818e-08, 4.06195965752e-08, 1.0562724917e-08, 5.91433702013e-09, 1.98794936068e-08, 1.33874511477e-08, 2.9622636788e-08, 2.10434301096e-08, 9.36571176169e-09, 2.14759605655e-08, 7.18564807656e-09, 1.07893043833e-07, 1.84028192685e-09, 1.408653727e-08, 3.21699356043e-09, 9.7336787519e-09, 1.02095514265e-08, 2.93308022314e-09, 3.03207370322e-09, 1.58274393591e-10, 1.42546682791e-10, 6.52213699714e-11, 2.60881264508e-11, 1.55482224318e-11, 1.94047018037e-11, 4.79238593254e-11, 1.64738058264e-12, 8.00502079987e-13, 2.9848839329e-13, 1.77788434474e-13, 9.22523708357e-14, 7.63894969415e-14, 4.67495135756e-14, 2.93990567025e-14, 2.3830680742e-14],
        "dvar2": [1.22441960571e-07, 6.2696886971e-07, 9.70319149474e-08, 8.87424462803e-08, 5.63384041641e-08, 4.91301506145e-08, 8.09310378713e-08, 2.29302266064e-08, 1.3168867774e-08, 4.58181581564e-08, 2.90616064547e-08, 6.26756673228e-08, 4.48862778057e-08, 2.04797920844e-08, 5.1570353321e-08, 1.58747326395e-08, 2.4022219236e-07, 4.31478230922e-09, 2.62967141396e-08, 6.96938906586e-09, 1.86911996991e-08, 2.03684926703e-08, 6.76550993006e-09, 6.19196960372e-09, 3.76651931866e-10, 3.96261690128e-10, 1.37375083531e-10, 6.2267455081e-11, 3.70214657541e-11, 5.09056963249e-11, 1.34203398394e-10, 3.78996183395e-12, 1.90055414982e-12, 6.14482748539e-13, 3.65553453393e-13, 1.95847190462e-13, 1.58020542181e-13, 9.8836595104e-14, 6.14110948509e-14, 4.87358024488e-14],
        "max": [0.00214011804201, 0.00689029879868, 0.00266250804998, 0.00215038075112, 0.00152097910177, 0.00243613659404, 0.00403474643826, 0.00200873077847, 0.000886147259735, 0.00200770655647, 0.00182352296542, 0.00227984879166, 0.00164087570738, 0.0012159893522, 0.00213733687997, 0.000881412532181, 0.00765866599977, 0.000837700266857, 0.00169876054861, 0.000863245630171, 0.00146870536264, 0.00150799250696, 0.00069248379441, 0.000699496245943, 0.000172518717591, 0.000155919071403, 0.000148517792695, 8.20023269625e-05, 6.2910206907e-05, 6.33593808743e-05, 0.000125629099784, 1.74998258444e-05, 9.98506402539e-06, 7.45971510696e-06, 4.52558651887e-06, 4.05456057706e-06, 3.23845119965e-06, 3.05215576191e-06, 1.81134737431e-06, 1.63203685588e-06],
        "mean": [0.00019800492737, 0.000551059958525, 0.000158967464813, 0.000112955189252, 0.000154515815666, 0.000186709774425, 0.000210638710996, 0.000123201971292, 9.70856417553e-05, 0.000169319318957, 0.000130956497742, 0.000219868816203, 0.00017958029639, 9.68383974396e-05, 8.85422996362e-05, 8.36474500829e-05, 8.12199214124e-05, 2.96844536933e-05, 9.91138658719e-05, 5.37869673281e-05, 8.05624222266e-05, 8.62587839947e-05, 4.34883113485e-05, 4.04123020417e-05, 1.21538960229e-05, 1.01175646705e-05, 7.67970595916e-06, 4.57254691355e-06, 3.58308921022e-06, 2.85531768895e-06, 2.0009056243e-06, 1.07047731035e-06, 7.80579114235e-07, 5.50058985027e-07, 4.78698154893e-07, 4.12777751535e-07, 3.06191907384e-07, 2.28822884196e-07, 2.01331729954e-07, 1.75023316729e-07],
        "median": [9.38202065299e-05, 0.000199864414753, 8.8903849246e-05, 6.21026410954e-05, 8.67236085469e-05, 0.000115679213195, 0.000103376587504, 7.45953147998e-05, 5.93917247897e-05, 0.000100448211015, 6.45382606308e-05, 0.000132280911203, 0.0001067698322, 5.21671718161e-05, 3.08640119329e-05, 3.53348659701e-05, 1.92252828128e-05, 1.489281658e-05, 3.07724039885e-05, 2.92498079943e-05, 2.58903419308e-05, 2.51581659541e-05, 1.83569827641e-05, 1.32186560222e-05, 6.06229832556e-06, 5.10122117703e-06, 3.98768361265e-06, 2.22977269004e-06, 1.79287326318e-06, 1.38368375247e-06, 7.15346232028e-07, 5.00779606227e-07, 3.71119682541e-07, 2.487844597e-07, 2.72082758102e-07, 2.7643469025e-07, 1.73904140865e-07, 1.29777106395e-07, 1.19793483577e-07, 1.08292255163e-07],
        "min": [3.90693344343e-07, 3.7963971522e-07, 1.31227977818e-07, 1.02117276413e-07, 1.96231894734e-07, 6.85553004587e-07, 2.0164706882e-07, 4.67483431521e-07, 2.21179732307e-07, 7.67696008097e-07, 5.2711823173e-07, 4.67916061098e-06, 2.61353511632e-06, 2.05372225537e-06, 1.96741353875e-07, 8.39320762225e-07, 5.02159707594e-07, 2.32499516528e-07, 3.65869226471e-07, 2.21616858198e-07, 1.65792528151e-07, 2.18446018607e-07, 1.7344316916e-07, 1.16211282375e-07, 3.18203596805e-08, 2.15081517041e-08, 1.27884938195e-08, 7.94511390012e-09, 1.1961367008e-08, 6.19119022716e-09, 4.1801344608e-09, 1.96085769844e-09, 1.02326913609e-09, 7.31398219767e-10, 6.4304828129e-10, 8.40433056482e-10, 8.51994197415e-10, 5.9227323046e-10, 6.55675014283e-10, 6.99983626617e-10],
