{
"highlevel": {
    "danceability": {
        "all": {
            "danceable": 0.046939752996,
            "not_danceable": 0.953060269356
        },
        "probability": 0.953060269356,
        "value": "not_danceable"
    },
    "gender": {
        "all": {
            "female": 0.937475919724,
            "male": 0.0625240728259
        },
        "probability": 0.937475919724,
        "value": "female"
    },
    "genre_dortmund": {
        "all": {
            "alternative": 0.160299509764,
            "blues": 0.0211277473718,
            "electronic": 0.0139851756394,
            "folkcountry": 0.374064743519,
            "funksoulrnb": 0.0101571353152,
            "jazz": 0.0255404487252,
            "pop": 0.172755077481,
            "raphiphop": 0.00205474882387,
            "rock": 0.22001542151
        },
        "probability": 0.374064743519,
        "value": "folkcountry"
    },
    "genre_electronic": {
        "all": {
            "ambient": 0.258802473545,
            "dnb": 0.209374532104,
            "house": 0.471833199263,
            "techno": 0.0114397052675,
            "trance": 0.0485500879586
        },
        "probability": 0.471833199263,
        "value": "house"
    },
    "genre_rosamerica": {
        "all": {
            "cla": 0.00231232657097,
            "dan": 0.00293163838796,
            "hip": 0.000603740510996,
            "jaz": 0.00896372180432,
            "pop": 0.775283753872,
            "rhy": 0.103181801736,
            "roc": 0.105709262192,
            "spe": 0.00101378315594
        },
        "probability": 0.775283753872,
        "value": "pop"
    },
    "genre_tzanetakis": {
        "all": {
            "blu": 2.00933528442e-14,
            "cla": 1.10376880297e-14,
            "cou": 2.21312073892e-14,
            "dis": 1.76883671149e-14,
            "hip": 4.29576757196e-14,
            "jaz": 0.999999940395,
            "met": 2.0000017642e-08,
            "pop": 2.0000017642e-08,
            "reg": 1.66666822565e-08,
            "roc": 2.50000233848e-08
        },
        "probability": 0.999999940395,
        "value": "jaz"
    },
    "ismir04_rhythm": {
        "all": {
            "ChaChaCha": 0.190793782473,
            "Jive": 0.026978649199,
            "Quickstep": 0.0298476610333,
            "Rumba-American": 0.0247008986771,
            "Rumba-International": 0.478386849165,
            "Rumba-Misc": 0.0112759498879,
            "Samba": 0.0472665764391,
            "Tango": 0.00944783072919,
            "VienneseWaltz": 0.159789130092,
            "Waltz": 0.0215126629919
        },
        "probability": 0.478386849165,
        "value": "Rumba-International"
    },
    "mood_acoustic": {
        "all": {
            "acoustic": 0.0693240463734,
            "not_acoustic": 0.930675983429
        },
        "probability": 0.930675983429,
        "value": "not_acoustic"
    },
    "mood_aggressive": {
        "all": {
            "aggressive": 0.0340435281396,
            "not_aggressive": 0.965956449509
        },
        "probability": 0.965956449509,
        "value": "not_aggressive"
    },
    "mood_electronic": {
        "all": {
            "electronic": 0.271416157484,
            "not_electronic": 0.728583812714
        },
        "probability": 0.728583812714,
        "value": "not_electronic"
    },
    "mood_happy": {
        "all": {
            "happy": 0.156361609697,
            "not_happy": 0.843638420105
        },
        "probability": 0.843638420105,
        "value": "not_happy"
    },
    "mood_party": {
        "all": {
            "not_party": 0.929983139038,
            "party": 0.0700168460608
        },
        "probability": 0.929983139038,
        "value": "not_party"
    },
    "mood_relaxed": {
        "all": {
            "not_relaxed": 0.165521338582,
            "relaxed": 0.834478676319
        },
        "probability": 0.834478676319,
        "value": "relaxed"
    },
    "mood_sad": {
        "all": {
            "not_sad": 0.198476091027,
            "sad": 0.801523923874
        },
        "probability": 0.801523923874,
        "value": "sad"
    },
    "moods_mirex": {
        "all": {
            "Cluster1": 0.278384774923,
            "Cluster2": 0.0989713221788,
            "Cluster3": 0.50030118227,
            "Cluster4": 0.108949050307,
            "Cluster5": 0.0133936852217
        },
        "probability": 0.50030118227,
        "value": "Cluster3"
    },
    "timbre": {
        "all": {
            "bright": 0.989035964012,
            "dark": 0.0109640089795
        },
        "probability": 0.989035964012,
        "value": "bright"
    },
    "tonal_atonal": {
        "all": {
            "atonal": 0.00690758554265,
            "tonal": 0.993092417717
        },
        "probability": 0.993092417717,
        "value": "tonal"
    },
    "voice_instrumental": {
        "all": {
            "instrumental": 0.00680042477325,
            "voice": 0.993199586868
        },
        "probability": 0.993199586868,
        "value": "voice"
    }
},
"lowlevel": {
    "average_loudness": 0.921982944012,
    "barkbands_crest": {
        "dmean": 1.97095525265,
        "dmean2": 3.17535614967,
        "dvar": 3.20832800865,
        "dvar2": 8.2888250351,
        "max": 20.3299007416,
        "mean": 8.92090988159,
        "median": 8.59055805206,
        "min": 3.1155962944,
        "var": 8.27677536011
    },
    "barkbands_flatness_db": {
        "dmean": 0.0260041691363,
        "dmean2": 0.0361376106739,
        "dvar": 0.000814037164673,
        "dvar2": 0.00133105041459,
        "max": 0.486367672682,
        "mean": 0.17669737339,
        "median": 0.162088871002,
        "min": 0.0573225021362,
        "var": 0.00456673232839
    },
    "barkbands_kurtosis": {
        "dmean": 3.44058084488,
        "dmean2": 5.24343395233,
        "dvar": 22.7532520294,
        "dvar2": 53.454662323,
        "max": 64.1683883667,
        "mean": 5.19098949432,
        "median": 3.56181192398,
        "min": -1.92783892155,
        "var": 47.6953620911
    },
    "barkbands_skewness": {
        "dmean": 0.574603796005,
        "dmean2": 0.854358196259,
        "dvar": 0.344210982323,
        "dvar2": 0.720683693886,
        "max": 6.3944940567,
        "mean": 1.76931333542,
        "median": 1.67652225494,
        "min": -1.14630770683,
        "var": 0.95913785696
    },
    "barkbands_spread": {
        "dmean": 8.89808559418,
        "dmean2": 12.3937768936,
        "dvar": 166.535949707,
        "dvar2": 278.600585938,
        "max": 99.0144424438,
        "mean": 22.9821605682,
        "median": 15.946105957,
        "min": 1.16953158379,
        "var": 424.079956055
    },
    "dissonance": {
        "dmean": 0.0264368858188,
        "dmean2": 0.0422607250512,
        "dvar": 0.000712073117029,
        "dvar2": 0.00174675881863,
        "max": 0.498271793127,
        "mean": 0.442113101482,
        "median": 0.452691406012,
        "min": 0.167596131563,
        "var": 0.00180242198985
    },
    "dynamic_complexity": 2.00564885139,
    "erbbands_crest": {
        "dmean": 2.38729047775,
        "dmean2": 3.68489217758,
        "dvar": 4.84158706665,
        "dvar2": 11.8550481796,
        "max": 24.4238319397,
        "mean": 8.90386486053,
        "median": 8.25170612335,
        "min": 2.66330623627,
        "var": 12.8150844574
    },
    "erbbands_flatness_db": {
        "dmean": 0.021517328918,
        "dmean2": 0.0292513947934,
        "dvar": 0.000680158496834,
        "dvar2": 0.00102599710226,
        "max": 0.435536712408,
        "mean": 0.170712560415,
        "median": 0.156166791916,
        "min": 0.0712638944387,
        "var": 0.00412300601602
    },
    "erbbands_kurtosis": {
        "dmean": 1.32746303082,
        "dmean2": 2.0937974453,
        "dvar": 4.31112623215,
        "dvar2": 10.6196660995,
        "max": 23.3232536316,
        "mean": 0.85555523634,
        "median": 0.0662930011749,
        "min": -1.81211614609,
        "var": 8.37165927887
    },
    "erbbands_skewness": {
        "dmean": 0.477891623974,
        "dmean2": 0.700148642063,
        "dvar": 0.222763389349,
        "dvar2": 0.475132465363,
        "max": 3.70476198196,
        "mean": 0.648153841496,
        "median": 0.689144194126,
        "min": -2.8232228756,
        "var": 0.690585017204
    },
    "erbbands_spread": {
        "dmean": 11.9552164078,
        "dmean2": 17.3574638367,
        "dvar": 225.470031738,
        "dvar2": 439.186920166,
        "max": 144.828384399,
        "mean": 44.8433761597,
        "median": 39.5468482971,
        "min": 2.97098374367,
        "var": 725.502746582
    },
    "hfc": {
        "dmean": 14.8576154709,
        "dmean2": 20.9688796997,
        "dvar": 586.21282959,
        "dvar2": 1135.47119141,
        "max": 227.903671265,
        "mean": 32.3241462708,
        "median": 20.9036045074,
        "min": 0.849995553493,
        "var": 1262.34692383
    },
    "melbands_crest": {
        "dmean": 2.60764026642,
        "dmean2": 4.23753404617,
        "dvar": 5.13815355301,
        "dvar2": 13.576751709,
        "max": 28.1183776855,
        "mean": 12.5938653946,
        "median": 11.7692728043,
        "min": 4.55873727798,
        "var": 16.2280006409
    },
    "melbands_flatness_db": {
        "dmean": 0.034150544554,
        "dmean2": 0.0452575832605,
        "dvar": 0.00145698396955,
        "dvar2": 0.00224346923642,
        "max": 0.603957891464,
        "mean": 0.229203313589,
        "median": 0.215012922883,
        "min": 0.0717072412372,
        "var": 0.00765864504501
    },
    "melbands_kurtosis": {
        "dmean": 6.55268955231,
        "dmean2": 10.1036643982,
        "dvar": 78.3051528931,
        "dvar2": 180.491394043,
        "max": 112.16859436,
        "mean": 13.8698682785,
        "median": 10.0700912476,
        "min": -1.22736334801,
        "var": 175.218063354
    },
    "melbands_skewness": {
        "dmean": 0.646629095078,
        "dmean2": 0.975336790085,
        "dvar": 0.41403183341,
        "dvar2": 0.940981686115,
        "max": 8.26117706299,
        "mean": 2.77100586891,
        "median": 2.59486865997,
        "min": 0.147677853703,
        "var": 1.51072645187
    },
    "melbands_spread": {
        "dmean": 8.23958873749,
        "dmean2": 11.9800786972,
        "dvar": 169.316802979,
        "dvar2": 349.617675781,
        "max": 167.352600098,
        "mean": 19.9452724457,
        "median": 13.0726575851,
        "min": 1.46258449554,
        "var": 386.180541992
    },
    "pitch_salience": {
        "dmean": 0.0572538524866,
        "dmean2": 0.091737292707,
        "dvar": 0.00248537701555,
        "dvar2": 0.00652343593538,
        "max": 0.801977813244,
        "mean": 0.581715941429,
        "median": 0.58511441946,
        "min": 0.305366456509,
        "var": 0.00699850171804
    },
    "silence_rate_20dB": {
        "dmean": 0,
        "dmean2": 0,
        "dvar": 0,
        "dvar2": 0,
        "max": 1,
        "mean": 1,
        "median": 1,
        "min": 1,
        "var": 0
    },
    "silence_rate_30dB": {
        "dmean": 0,
        "dmean2": 0,
        "dvar": 0,
        "dvar2": 0,
        "max": 1,
        "mean": 1,
        "median": 1,
        "min": 1,
        "var": 0
    },
    "silence_rate_60dB": {
        "dmean": 0,
        "dmean2": 0,
        "dvar": 0,
        "dvar2": 0,
        "max": 0,
        "mean": 0,
        "median": 0,
        "min": 0,
        "var": 0
    },
    "spectral_centroid": {
        "dmean": 301.796356201,
        "dmean2": 427.120635986,
        "dvar": 148920.8125,
        "dvar2": 270459.96875,
        "max": 3775.15869141,
        "mean": 995.832458496,
        "median": 774.313171387,
        "min": 206.040161133,
        "var": 402244.625
    },
    "spectral_complexity": {
        "dmean": 4.73993825912,
        "dmean2": 6.9961271286,
        "dvar": 33.2699241638,
        "dvar2": 52.296585083,
        "max": 55,
        "mean": 17.6945095062,
        "median": 16,
        "min": 3,
        "var": 83.6060180664
    },
    "spectral_decrease": {
        "dmean": 1.75963110749e-09,
        "dmean2": 2.75496292446e-09,
        "dvar": 3.7943064211e-18,
        "dvar2": 1.00879200379e-17,
        "max": -1.19861132131e-09,
        "mean": -7.76054864815e-09,
        "median": -6.74417899305e-09,
        "min": -3.01007609949e-08,
        "var": 1.74639052764e-17
    },
    "spectral_energy": {
        "dmean": 0.00741864275187,
        "dmean2": 0.0115252854303,
        "dvar": 6.3005980337e-05,
        "dvar2": 0.000161928794114,
        "max": 0.118407212198,
        "mean": 0.0322219766676,
        "median": 0.0281493645161,
        "min": 0.00463848188519,
        "var": 0.000293609249638
    },
    "spectral_energyband_high": {
        "dmean": 0.00155466643628,
        "dmean2": 0.00217051105574,
        "dvar": 7.65220556787e-06,
        "dvar2": 1.48947465277e-05,
        "max": 0.0254672560841,
        "mean": 0.00225316826254,
        "median": 0.00063166138716,
        "min": 8.95057752359e-08,
        "var": 1.56775276992e-05
    },
    "spectral_energyband_low": {
        "dmean": 0.00310819130391,
        "dmean2": 0.00509371701628,
        "dvar": 2.06393069675e-05,
        "dvar2": 5.6387452787e-05,
        "max": 0.0606104061007,
        "mean": 0.0072126807645,
        "median": 0.00495108403265,
        "min": 2.27388445637e-05,
        "var": 5.11807993462e-05
    },
    "spectral_energyband_middle_high": {
        "dmean": 0.00141258200165,
        "dmean2": 0.00206349906512,
        "dvar": 3.80682467949e-06,
        "dvar2": 7.64365904615e-06,
        "max": 0.0283446852118,
        "mean": 0.0039398195222,
        "median": 0.00238918652758,
        "min": 7.23286075299e-06,
        "var": 1.74384258571e-05
    },
    "spectral_energyband_middle_low": {
        "dmean": 0.00534943304956,
        "dmean2": 0.00837823748589,
        "dvar": 3.23659805872e-05,
        "dvar2": 8.67173439474e-05,
        "max": 0.0709537118673,
        "mean": 0.0213481914252,
        "median": 0.0184312369674,
        "min": 0.0015852105571,
        "var": 0.000137000184623
    },
    "spectral_entropy": {
        "dmean": 0.291530072689,
        "dmean2": 0.377340525389,
        "dvar": 0.123314343393,
        "dvar2": 0.193943887949,
        "max": 8.65759086609,
        "mean": 7.25267744064,
        "median": 7.31354284286,
        "min": 4.60304880142,
        "var": 0.551213026047
    },
    "spectral_flux": {
        "dmean": 0.0210714042187,
        "dmean2": 0.0331583283842,
        "dvar": 0.000414223992266,
        "dvar2": 0.000936453870963,
        "max": 0.251064747572,
        "mean": 0.0817594453692,
        "median": 0.0759960114956,
        "min": 0.0124305775389,
        "var": 0.00144656375051
    },
    "spectral_kurtosis": {
        "dmean": 4.109562397,
        "dmean2": 6.35534381866,
        "dvar": 62.6767311096,
        "dvar2": 126.70401001,
        "max": 134.33555603,
        "mean": 8.58816242218,
        "median": 3.82104492188,
        "min": -1.01425731182,
        "var": 199.789474487
    },
    "spectral_rms": {
        "dmean": 0.000641551159788,
        "dmean2": 0.000988361309282,
        "dvar": 3.62241848961e-07,
        "dvar2": 8.79979552337e-07,
        "max": 0.0107479868457,
        "mean": 0.00541660375893,
        "median": 0.00524049578235,
        "min": 0.0021272865124,
        "var": 2.09644667848e-06
    },
    "spectral_rolloff": {
        "dmean": 946.162231445,
        "dmean2": 1514.48010254,
        "dvar": 3281721,
        "dvar2": 6415491,
        "max": 12424.6582031,
        "mean": 1760.19396973,
        "median": 732.12890625,
        "min": 215.33203125,
        "var": 5383140
    },
    "spectral_skewness": {
        "dmean": 0.441975742579,
        "dmean2": 0.61865311861,
        "dvar": 0.323210597038,
        "dvar2": 0.584825158119,
        "max": 9.77285480499,
        "mean": 1.97421395779,
        "median": 1.69660866261,
        "min": 0.0465840324759,
        "var": 1.46632277966
    },
    "spectral_spread": {
        "dmean": 873740,
        "dmean2": 1177343.625,
        "dvar": 1.14997067776e+12,
        "dvar2": 1.88328011366e+12,
        "max": 13764434,
        "mean": 5228327,
        "median": 5211218,
        "min": 416961.71875,
        "var": 6.56701548134e+12
    },
    "spectral_strongpeak": {
        "dmean": 0.409505605698,
        "dmean2": 0.702985465527,
        "dvar": 0.401445716619,
        "dvar2": 1.11154282093,
        "max": 7.31064224243,
        "mean": 0.926478624344,
        "median": 0.722972154617,
        "min": 0.0693334415555,
        "var": 0.55891919136
    },
    "zerocrossingrate": {
        "dmean": 0.0188131891191,
        "dmean2": 0.0205093249679,
        "dvar": 0.000573808094487,
        "dvar2": 0.000698610325344,
        "max": 0.29638671875,
        "mean": 0.0677596926689,
        "median": 0.0537109375,
        "min": 0.00634765625,
        "var": 0.00284547382034
    },
    "barkbands": {
        "dmean": [4.12481240346e-05, 0.000689697626512, 0.00192691478878, 0.00199145451188, 0.00274390587583, 0.00184556201566, 0.000867710565217, 0.000694440910593, 0.000707364233676, 0.000393085909309, 0.000336838158546, 0.000247145129833, 0.000325732660713, 0.000322230451275, 0.000210782687645, 0.000191167913727, 0.000242723428528, 0.000186415330973, 0.00014308358368, 0.000188392732525, 0.000197688350454, 0.000195700922632, 0.000368259468814, 0.00037679928937, 0.000329699658323, 0.000168641534401, 1.38035105568e-09],
        "dmean2": [6.79659642628e-05, 0.00108967465349, 0.00316027645022, 0.00322047877125, 0.00433437339962, 0.00291023938917, 0.00138897146098, 0.00105071812868, 0.00105470581912, 0.00057913758792, 0.000503855117131, 0.000396430783439, 0.000533001148142, 0.00049974018475, 0.000319263868732, 0.000294769241009, 0.000374143739464, 0.000273440848105, 0.000211038306588, 0.000279160507489, 0.0002918621758, 0.000286271912046, 0.000535432132892, 0.000532621925231, 0.000489959202241, 0.000249645265285, 2.49853893131e-09],
        "dvar": [2.97386826276e-08, 2.04913339985e-06, 8.67312155606e-06, 9.98172617983e-06, 1.24418038467e-05, 5.78809431317e-06, 3.78156869374e-06, 2.29937063523e-06, 3.06551532958e-06, 5.74439752654e-07, 9.20024604056e-07, 4.04661790299e-07, 7.8021474792e-07, 1.10743883397e-06, 1.97091651444e-07, 3.37288440733e-07, 3.04923389649e-07, 1.36560373676e-07, 6.52938396684e-08, 1.19143379607e-07, 1.45305847354e-07, 1.35168036763e-07, 6.79527772718e-07, 6.42159022846e-07, 4.69079367349e-07, 1.84651739232e-07, 3.71960249921e-18],
        "dvar2": [5.81164769642e-08, 5.55280576009e-06, 2.21954287554e-05, 2.79956711893e-05, 3.19719838444e-05, 1.40354095493e-05, 8.88643990038e-06, 4.74585567645e-06, 6.52309790894e-06, 1.19318269753e-06, 1.95677375814e-06, 1.05171238829e-06, 2.08025130632e-06, 2.62841376752e-06, 3.97442050826e-07, 6.92091816745e-07, 6.97477787526e-07, 2.98481637628e-07, 1.47961088715e-07, 2.39521199319e-07, 3.42756209193e-07, 3.12682260528e-07, 1.48370429542e-06, 1.1638800288e-06, 1.0552008689e-06, 3.77980455823e-07, 1.0923557745e-17],
        "max": [0.00490498915315, 0.0192097462714, 0.0276470892131, 0.0494843870401, 0.0446478612721, 0.0307492129505, 0.0278670229018, 0.0313736014068, 0.0294129997492, 0.0176099073142, 0.0190218016505, 0.00999445375055, 0.011730985716, 0.0156716443598, 0.00815114751458, 0.0140048433095, 0.00778055610135, 0.00456938100979, 0.00413139443845, 0.00719475047663, 0.00512216193601, 0.00496444618329, 0.010764548555, 0.0122327515855, 0.00617450242862, 0.00710258306935, 2.01377030606e-08],
        "mean": [0.000114805690828, 0.00172874412965, 0.00306000979617, 0.004085293971, 0.00631204340607, 0.00566260376945, 0.00181812106166, 0.00144775107037, 0.00153244496323, 0.000777998240665, 0.000553119112737, 0.000321363157127, 0.000461381860077, 0.000494585954584, 0.000325292494381, 0.000280580687104, 0.000375297589926, 0.00028464893694, 0.000189664438949, 0.000265095412033, 0.00026261471794, 0.000274981517578, 0.000506653159391, 0.000496086489875, 0.000370916881366, 0.000219903202378, 1.1729913707e-09],
        "median": [5.07350887347e-06, 0.00047160795657, 0.00185779633466, 0.00197915360332, 0.00449982471764, 0.00493083987385, 0.000937846140005, 0.000728747108951, 0.000542553025298, 0.000393918191548, 0.000175084962393, 8.70695948834e-05, 0.000119642339996, 0.000146089209011, 9.1797686764e-05, 7.02170291333e-05, 0.000129584484966, 6.81031306158e-05, 7.11405882612e-05, 7.80172922532e-05, 4.51274609077e-05, 5.63970352232e-05, 9.88981119008e-05, 7.6693489973e-05, 6.47590277367e-05, 3.40548467648e-05, 5.1199450235e-10],
        "min": [2.03230499096e-09, 1.56573287313e-06, 1.38919349411e-05, 1.58228194778e-05, 0.000196843975573, 6.34376119706e-05, 1.58167149493e-05, 1.28950114231e-06, 1.15932016342e-06, 6.30131012258e-07, 1.94087718342e-07, 2.00198257971e-07, 4.59185400814e-08, 8.38020639549e-08, 1.48150633095e-07, 1.19626406558e-07, 5.60912241099e-08, 7.76265736135e-08, 8.32054691813e-09, 4.93633711685e-09, 7.87676057712e-09, 1.50446428648e-08, 1.31756214827e-08, 1.92429874118e-11, 2.01389373927e-11, 1.83264809578e-11, 2.12376869563e-11],
        "var": [8.66357723339e-08, 7.3176083788e-06, 1.31631795739e-05, 3.15907600452e-05, 3.46377928508e-05, 1.72334093804e-05, 7.16962131264e-06, 4.90658385388e-06, 8.38738924358e-06, 1.91942649508e-06, 2.13749376599e-06, 5.34072285063e-07, 1.25166764064e-06, 1.87645798633e-06, 5.06679327827e-07, 8.35286527945e-07, 5.5775274177e-07, 2.96572352454e-07, 8.86989681703e-08, 2.49028602184e-07, 2.45971193635e-07, 2.62091674585e-07, 1.22226151689e-06, 1.3211025589e-06, 5.83541236665e-07, 3.00756340721e-07, 3.40235681401e-18]
    },
    "erbbands": {
        "dmean": [0.0133288400248, 0.187775313854, 1.52033364773, 5.0444984436, 6.03308010101, 10.4756402969, 14.4842376709, 14.5720748901, 13.727771759, 16.2509727478, 13.514960289, 16.0644340515, 16.2023963928, 9.81215000153, 11.949429512, 10.7026786804, 13.7181539536, 16.8205242157, 10.2829380035, 9.97210979462, 12.0825395584, 12.1260547638, 10.1359958649, 6.35587692261, 8.42471313477, 9.17206859589, 8.21640110016, 7.36578178406, 6.3640165329, 11.9917192459, 9.54742908478, 8.87350749969, 5.52107000351, 3.72507572174, 2.290776968, 1.16229879856, 0.247480735183, 0.0159250199795, 0.000333263800712, 2.99671410176e-05],
        "dmean2": [0.0202035028487, 0.302221894264, 2.50657105446, 8.24371051788, 9.50766468048, 17.1432933807, 21.431224823, 23.6783485413, 22.320520401, 25.32853508, 19.9563312531, 23.92710495, 24.2633838654, 15.1513910294, 18.4583339691, 17.1517829895, 21.7106075287, 25.1855487823, 15.398475647, 15.0765390396, 18.3503894806, 18.295042038, 14.8861179352, 9.55748939514, 12.2743501663, 13.5810127258, 12.3228130341, 10.8074512482, 9.28989124298, 18.044172287, 13.7510604858, 12.659661293, 7.80027580261, 5.33707046509, 3.55094575882, 1.77682411671, 0.359328836203, 0.0239910017699, 0.000488246703753, 4.33532186435e-05],
        "dvar": [0.00117171928287, 0.138809457421, 5.36649894714, 58.092880249, 91.4108428955, 297.629272461, 281.210845947, 478.830871582, 589.183410645, 1575.46459961, 785.99407959, 2090.78125, 1022.19970703, 583.986328125, 1069.96191406, 668.732543945, 1178.11865234, 2919.17871094, 734.112060547, 394.072998047, 1347.28100586, 788.492614746, 404.080596924, 108.197463989, 239.365859985, 323.14465332, 397.193389893, 161.073699951, 124.510353088, 706.162414551, 497.028625488, 436.119537354, 123.195480347, 60.260559082, 22.6649837494, 7.68243360519, 0.439571171999, 0.00154202897102, 6.30330418971e-07, 2.97493252255e-09],
        "dvar2": [0.00280602718703, 0.387757748365, 14.1255626678, 159.377655029, 224.305648804, 771.10546875, 534.293518066, 1216.98022461, 1504.62451172, 3318.36572266, 1716.80187988, 4715.08886719, 2261.94921875, 1469.55273438, 2480.53393555, 1649.25463867, 2977.21411133, 6355.4765625, 1523.515625, 819.3515625, 2786.84326172, 1817.50830078, 870.627319336, 237.220932007, 538.499633789, 684.83795166, 1004.07012939, 344.258361816, 270.459686279, 1685.62097168, 1073.20727539, 777.121398926, 242.785202026, 136.105865479, 52.2263031006, 15.9216794968, 0.980535686016, 0.00345116714016, 1.36596349876e-06, 6.15631678968e-09],
        "max": [0.520287513733, 5.39483547211, 25.4680271149, 108.572669983, 116.721221924, 247.575592041, 312.43838501, 230.940963745, 335.9402771, 775.185546875, 387.410491943, 819.964660645, 706.171936035, 465.585144043, 656.170593262, 470.053649902, 609.431335449, 1009.66619873, 492.442718506, 292.286346436, 965.534606934, 482.412628174, 268.484344482, 151.142868042, 248.002731323, 434.27130127, 342.549499512, 163.611083984, 128.358703613, 430.892883301, 340.054595947, 367.285339355, 131.02230835, 78.9699630737, 47.8896980286, 43.5418167114, 9.4973487854, 0.556101441383, 0.0114687765017, 0.000751123880036],
        "mean": [0.0386155694723, 0.452590078115, 2.61556458473, 10.403134346, 14.0149478912, 22.3526630402, 39.9097557068, 41.3648605347, 31.8231544495, 30.8296260834, 31.8165512085, 35.7984657288, 35.0345458984, 17.6060962677, 21.1123123169, 15.5069952011, 21.3196678162, 28.4049415588, 17.4532852173, 14.931640625, 19.6177959442, 20.2239227295, 16.6453800201, 9.89938831329, 11.4888010025, 12.6660385132, 11.1032514572, 9.34587574005, 8.98501396179, 15.0088424683, 13.481136322, 11.9605693817, 6.99145936966, 4.2690987587, 2.54056382179, 1.4746953249, 0.296203494072, 0.0170967057347, 0.000402227480663, 6.7293200118e-05],
        "median": [0.00696909986436, 0.166035681963, 1.67221081257, 6.3545331955, 7.15798330307, 14.6670923233, 28.9388408661, 30.358505249, 19.7234554291, 13.4029779434, 15.7281246185, 14.5872535706, 16.242181778, 9.1111497879, 7.32407999039, 4.68130254745, 5.99579524994, 8.11580848694, 4.94552278519, 5.52249765396, 5.63475418091, 6.20874834061, 4.09977388382, 4.33681535721, 3.37669014931, 3.75973153114, 2.04529047012, 1.56870877743, 1.79997622967, 3.02432155609, 2.74110341072, 1.80178558826, 1.13429653645, 0.706895649433, 0.426912307739, 0.233268126845, 0.0381875038147, 0.0016172939213, 7.16417780495e-05, 4.51245759905e-05],
        "min": [5.92077303736e-05, 0.00143526634201, 0.0151003887877, 0.13254724443, 0.273281574249, 0.707741498947, 0.758814752102, 1.03111577034, 0.698977708817, 0.248983263969, 0.311211436987, 0.0458282493055, 0.0220143310726, 0.0173392985016, 0.0328594334424, 0.0101212514564, 0.0038715521805, 0.00471704779193, 0.00394037179649, 0.0114197628573, 0.00563199212775, 0.00339854555205, 0.00380866648629, 0.00128406949807, 0.000496718566865, 0.000273467827355, 0.000264436966972, 0.000379586097552, 0.000298802537145, 0.000430242478615, 0.000343850231729, 0.000100354729511, 2.75007860182e-05, 1.11798035505e-05, 6.63471701046e-06, 4.45254772785e-06, 2.27521468332e-06, 3.29002091348e-07, 2.14723854697e-06, 5.1071906455e-06],
        "var": [0.00447490578517, 0.428181022406, 8.19582939148, 142.140487671, 306.237518311, 636.405883789, 1355.08764648, 1348.92224121, 1438.59216309, 2983.75488281, 2051.95849609, 4809.83007812, 3818.67163086, 843.014587402, 2754.3359375, 967.007629395, 2284.109375, 6218.51708984, 1873.81921387, 787.390258789, 3824.38623047, 1660.38146973, 972.758728027, 219.164932251, 361.545135498, 651.29296875, 549.968994141, 315.967285156, 266.613586426, 980.981262207, 939.195495605, 894.921875, 228.744903564, 79.1931381226, 26.7940559387, 12.2692747116, 0.603658437729, 0.00200981157832, 8.93312289918e-07, 5.3976254577e-09]
    },
    "gfcc": {
        "mean": [6.08295536041, 102.462150574, -100.276000977, 26.5851459503, -73.8733215332, 3.96735954285, -53.8124504089, 2.60570430756, -28.9704151154, -4.45885419846, -19.653263092, -3.78233003616, -12.01192379],
        "cov": [[6200.89257812, -4027.73754883, 392.314575195, 614.594055176, -596.772949219, 992.36126709, -465.95413208, 660.103820801, -544.445983887, 564.844482422, -386.768981934, 450.078308105, -443.220336914], [-4027.73754883, 3804.02514648, -848.248718262, -593.607421875, 735.595947266, -517.901000977, 642.107116699, -475.045562744, 511.804382324, -408.019287109, 436.08416748, -347.293548584, 406.350952148], [392.314575195, -848.248718262, 869.164672852, 100.160865784, -177.311325073, 132.806106567, -219.269271851, 136.266693115, -126.005744934, 135.146347046, -142.682266235, 110.52116394, -147.948989868], [614.594055176, -593.607421875, 100.160865784, 523.674316406, -120.0989151, 37.1338844299, -19.1857814789, 86.4870147705, -0.79256349802, 32.0606460571, -15.1583423615, 8.64242267609, 18.1448764801], [-596.772949219, 735.595947266, -177.311325073, -120.0989151, 363.692047119, -64.6977386475, 105.064666748, -34.8194389343, 74.7536849976, -29.2017364502, 70.0434036255, -13.9980335236, 59.892162323], [992.36126709, -517.901000977, 132.806106567, 37.1338844299, -64.6977386475, 380.935333252, -10.8892192841, 107.817993164, -76.8278427124, 123.458145142, -3.47822189331, 72.2165756226, -75.5849227905], [-465.95413208, 642.107116699, -219.269271851, -19.1857814789, 105.064666748, -10.8892192841, 316.131713867, -79.2990188599, 92.178237915, -46.4097366333, 124.992004395, -54.8356056213, 88.4058761597], [660.103820801, -475.045562744, 136.266693115, 86.4870147705, -34.8194389343, 107.817993164, -79.2990188599, 202.280090332, -49.9546508789, 79.6016616821, -45.2036552429, 72.7489929199, -53.3693466187], [-544.445983887, 511.804382324, -126.005744934, -0.79256349802, 74.7536849976, -76.8278427124, 92.178237915, -49.9546508789, 177.314727783, -59.3295402527, 60.2789764404, -63.1427001953, 72.1050491333], [564.844482422, -408.019287109, 135.146347046, 32.0606460571, -29.2017364502, 123.458145142, -46.4097366333, 79.6016616821, -59.3295402527, 168.384353638, -28.115240097, 65.8572311401, -48.3818283081], [-386.768981934, 436.08416748, -142.682266235, -15.1583423615, 70.0434036255, -3.47822189331, 124.992004395, -45.2036552429, 60.2789764404, -28.115240097, 168.172363281, -39.1211891174, 61.444229126], [450.078308105, -347.293548584, 110.52116394, 8.64242267609, -13.9980335236, 72.2165756226, -54.8356056213, 72.7489929199, -63.1427001953, 65.8572311401, -39.1211891174, 126.588691711, -47.8420028687], [-443.220336914, 406.350952148, -147.948989868, 18.1448764801, 59.892162323, -75.5849227905, 88.4058761597, -53.3693466187, 72.1050491333, -48.3818283081, 61.444229126, -47.8420028687, 142.61756897]],
        "icov": [[0.00148258951958, 0.00123123184312, 0.00131357088685, -0.000296178419376, -0.000191607949091, -0.00188064784743, -0.000441691692686, -0.00102815381251, 0.000150395761011, -0.000652915681712, 0.000868462782819, -0.000667662010528, 0.000576947175432], [0.00123123184312, 0.00407021027058, 0.000540706154425, 0.00206901482306, -0.00329421181232, -0.000485110213049, -0.0023716785945, 0.000434124463936, -0.00278913602233, 0.0015260791406, -0.0016562177334, 0.00152419204824, -0.00156131910626], [0.00131357088685, 0.000540706154425, 0.00301083968952, -0.000859202293213, 0.000753680826165, -0.00191069289576, 0.000480410788441, -0.001266488689, 0.000599774357397, -0.00157940993086, 0.00163432012778, -0.00139321794268, 0.00166296749376], [-0.000296178419376, 0.00206901482306, -0.000859202293213, 0.00418483139947, -0.00148415798321, 0.00126692326739, -0.00163778907154, -2.14752617467e-05, -0.00249591819011, 0.00153830554336, -0.00196732603945, 0.00195492664352, -0.00265025696717], [-0.000191607949091, -0.00329421181232, 0.000753680826165, -0.00148415798321, 0.00701466389, -0.000316756108077, 0.00150579959154, -0.00173256429844, 0.0020390721038, -0.00238985498436, 0.00173398933839, -0.00295031256974, 0.00148733111564], [-0.00188064784743, -0.000485110213049, -0.00191069289576, 0.00126692326739, -0.000316756108077, 0.00692461244762, -0.00106372486334, 0.000487914803671, -0.000564704125281, -0.000428690575063, -0.00290812901221, 0.00118958251551, -0.000168744751136], [-0.000441691692686, -0.0023716785945, 0.000480410788441, -0.00163778907154, 0.00150579959154, -0.00106372486334, 0.00697528896853, 0.000638727564365, 0.000834714388475, -0.00109365442768, -0.00104347104207, -0.00111843866762, 9.19413068914e-05], [-0.00102815381251, 0.000434124463936, -0.001266488689, -2.14752617467e-05, -0.00173256429844, 0.000487914803671, 0.000638727564365, 0.00940730702132, -0.00180878280662, 4.1931270971e-05, -0.00118177104741, -0.00115509447642, -0.000582319393288], [0.000150395761011, -0.00278913602233, 0.000599774357397, -0.00249591819011, 0.0020390721038, -0.000564704125281, 0.000834714388475, -0.00180878280662, 0.0116737214848, -0.00113896874245, 0.00154149893206, 0.000366576190572, 0.00017457746435], [-0.000652915681712, 0.0015260791406, -0.00157940993086, 0.00153830554336, -0.00238985498436, -0.000428690575063, -0.00109365442768, 4.1931270971e-05, -0.00113896874245, 0.0113560464233, -0.00207302323543, -0.000445276527898, -0.00156933849212], [0.000868462782819, -0.0016562177334, 0.00163432012778, -0.00196732603945, 0.00173398933839, -0.00290812901221, -0.00104347104207, -0.00118177104741, 0.00154149893206, -0.00207302323543, 0.0118253771216, -0.00122723984532, 0.000309731549351], [-0.000667662010528, 0.00152419204824, -0.00139321794268, 0.00195492664352, -0.00295031256974, 0.00118958251551, -0.00111843866762, -0.00115509447642, 0.000366576190572, -0.000445276527898, -0.00122723984532, 0.0143833309412, -0.000963916827459], [0.000576947175432, -0.00156131910626, 0.00166296749376, -0.00265025696717, 0.00148733111564, -0.000168744751136, 9.19413068914e-05, -0.000582319393288, 0.00017457746435, -0.00156933849212, 0.000309731549351, -0.000963916827459, 0.0132492696866]]
    },
    "melbands": {
        "dmean": [0.000148401406477, 0.000597646343522, 0.000839820771944, 0.000540811917745, 0.000511240679771, 0.000335552962497, 0.000208256882615, 0.00017257714353, 0.000113964691991, 9.89802574622e-05, 8.06439202279e-05, 3.96001451008e-05, 4.78324545838e-05, 2.89339750452e-05, 3.29509603034e-05, 2.79518717434e-05, 3.39862344845e-05, 1.76578396349e-05, 1.43504958032e-05, 1.24862326629e-05, 1.59288047143e-05, 1.44602436194e-05, 1.25030792333e-05, 7.67667188484e-06, 5.07469212607e-06, 6.08554228165e-06, 6.57421105643e-06, 6.13787779002e-06, 5.83913197261e-06, 4.13932320953e-06, 4.55254621556e-06, 3.5162054246e-06, 4.36676191384e-06, 7.98881410446e-06, 5.54637790628e-06, 5.66269045521e-06, 5.45160310139e-06, 4.10200209444e-06, 3.25419091496e-06, 3.22713617606e-06],
        "dmean2": [0.000231151061598, 0.000967344443779, 0.0013523818925, 0.000871301046573, 0.00076985207852, 0.000541247718502, 0.000337554665748, 0.000264488306129, 0.000166927129612, 0.000147341474076, 0.000120316719403, 6.25007523922e-05, 7.16083595762e-05, 4.57022288174e-05, 5.26857984369e-05, 4.52488238807e-05, 5.08065350004e-05, 2.70870132226e-05, 2.19082648982e-05, 1.90128102986e-05, 2.46299005084e-05, 2.25326475629e-05, 1.85289190995e-05, 1.16324317787e-05, 7.87548378867e-06, 9.15578129934e-06, 9.77101353783e-06, 9.26905886445e-06, 8.89368766366e-06, 6.07436595601e-06, 6.77181014908e-06, 5.19508239449e-06, 6.54228551866e-06, 1.21377161122e-05, 8.2936767285e-06, 8.17546060716e-06, 7.7921204138e-06, 6.1291189013e-06, 4.55565123048e-06, 4.75711294712e-06],
        "dvar": [1.09265997139e-07, 8.40436825911e-07, 1.55465704665e-06, 6.86922419391e-07, 3.31977389578e-07, 2.34463996662e-07, 1.38370481295e-07, 1.62528806413e-07, 5.12153377485e-08, 7.36245553412e-08, 2.56982097824e-08, 9.57541956836e-09, 1.81297732382e-08, 5.13154052584e-09, 7.37078931223e-09, 6.70361455235e-09, 1.16689795604e-08, 2.7189013263e-09, 8.84199213846e-10, 7.45578543349e-10, 2.31055019562e-09, 1.46145384683e-09, 8.0721879181e-10, 1.8354408271e-10, 7.86633952421e-11, 1.33902569588e-10, 1.65113880901e-10, 1.6085756338e-10, 2.14179160518e-10, 6.20893197967e-11, 7.0246038153e-11, 3.9858054357e-11, 8.10290654019e-11, 3.38849059922e-10, 2.09384801164e-10, 1.4415679761e-10, 1.82225762257e-10, 7.77241604411e-11, 3.8876537406e-11, 4.87763648915e-11],
        "dvar2": [2.81846354255e-07, 2.25852318181e-06, 4.23967412644e-06, 1.75329967078e-06, 7.32641524337e-07, 5.99378097377e-07, 3.48029573161e-07, 3.34327324936e-07, 1.0728130917e-07, 1.67379752725e-07, 5.72353613393e-08, 2.45671927246e-08, 3.70512367454e-08, 1.33358595278e-08, 1.81065651361e-08, 1.64295776983e-08, 2.54082834772e-08, 5.95281113291e-09, 2.0480646068e-09, 1.60743329758e-09, 4.95902208186e-09, 3.36426819736e-09, 1.71521452597e-09, 3.90210641577e-10, 1.8454279771e-10, 3.13081172099e-10, 3.5587699454e-10, 3.57895491021e-10, 5.30363197804e-10, 1.44679795921e-10, 1.52965140554e-10, 8.82872872032e-11, 1.99675151413e-10, 8.04529776133e-10, 4.91573226569e-10, 2.58423643595e-10, 3.50947465533e-10, 1.63563787514e-10, 7.77044054101e-11, 1.13504088073e-10],
        "max": [0.00452529126778, 0.0117445215583, 0.0189717710018, 0.0114229945466, 0.0087226415053, 0.00556329218671, 0.00461486261338, 0.0073907431215, 0.00300369993784, 0.0053914245218, 0.0034850386437, 0.00181044742931, 0.00299065350555, 0.00098930823151, 0.000996653921902, 0.00152475317009, 0.00176611496136, 0.00109376886394, 0.00034299591789, 0.00043618408381, 0.00130145205185, 0.000621161074378, 0.000435187685071, 0.000194193402422, 0.000132307191961, 0.000170659594005, 0.00025736540556, 0.000328286172589, 0.000210310055991, 0.000112067493319, 0.000139023337397, 8.99296719581e-05, 0.000147159662447, 0.00029643077869, 0.000227475000429, 0.000184840726433, 0.00023095268989, 0.00012624982628, 6.39323188807e-05, 6.2259772676e-05],
        "mean": [0.000422175507993, 0.00114141812082, 0.00188289186917, 0.00125021010172, 0.00134874461219, 0.000983753125183, 0.000465863326099, 0.00032131865737, 0.000264844682533, 0.000216403612285, 0.000169061138877, 6.50993024465e-05, 8.01809801487e-05, 3.82211328542e-05, 4.73576292279e-05, 4.30368600064e-05, 5.39804823347e-05, 2.78567731584e-05, 1.98912803171e-05, 1.78023183253e-05, 2.44791481236e-05, 2.16903608816e-05, 1.90529972315e-05, 1.17265835797e-05, 7.33973001843e-06, 7.51950210542e-06, 9.34160289034e-06, 7.91155162005e-06, 7.70432416175e-06, 4.99282350575e-06, 5.75200010644e-06, 4.77444518765e-06, 5.90331364947e-06, 9.53790095082e-06, 7.69855614635e-06, 7.67617621023e-06, 7.00848977431e-06, 5.00046598972e-06, 3.99306463805e-06, 3.4799088553e-06],
        "median": [9.72035704763e-05, 0.000752834544983, 0.00115465570707, 0.000710278633051, 0.00104651646689, 0.000762426410802, 0.000290868338197, 0.0001515498152, 0.000123151025036, 8.01918795332e-05, 7.46841251384e-05, 2.99040329992e-05, 2.66678744083e-05, 1.13782707558e-05, 1.29141862999e-05, 1.13128116936e-05, 1.50803671204e-05, 7.32257512936e-06, 6.10777033216e-06, 5.9184408201e-06, 6.92495495969e-06, 6.01791089139e-06, 4.71220118925e-06, 3.04532431983e-06, 3.04905802295e-06, 2.31003787121e-06, 2.84189854938e-06, 1.91535241356e-06, 1.08736060156e-06, 1.0970322819e-06, 8.01377780135e-07, 8.36456706566e-07, 1.10713597223e-06, 1.6277612076e-06, 1.46454021888e-06, 1.30258104036e-06, 8.82772326349e-07, 6.84375834226e-07, 5.75285525883e-07, 5.04617048591e-07],
        "min": [3.83104463708e-07, 4.94692812936e-06, 2.38967477344e-05, 2.46906329266e-05, 2.74456997431e-05, 1.00033157651e-05, 4.58025215266e-06, 2.16242551687e-06, 1.40674137583e-06, 1.6742740172e-07, 8.71016752058e-08, 6.27140508414e-08, 8.33025026736e-08, 2.06470662789e-08, 8.21484125169e-09, 6.5695520135e-09, 8.77345840422e-09, 5.34572697219e-09, 1.15839631221e-08, 1.23702204036e-08, 6.37159125461e-09, 2.95178415044e-09, 3.66199404134e-09, 3.00726332725e-09, 7.09281078315e-10, 2.81913770106e-10, 2.4059879089e-10, 1.65562966115e-10, 1.69628602831e-10, 1.46480855223e-10, 1.61552285438e-10, 8.43360659086e-11, 3.29690691414e-10, 1.60715565856e-10, 1.59086133156e-10, 7.39265870742e-11, 4.55805575575e-12, 1.15191588364e-13, 1.46876814097e-13, 1.72118151979e-13],
