{
"highlevel": {
    "danceability": {
        "all": {
            "danceable": 0.0160749908537,
            "not_danceable": 0.983924984932
        },
        "probability": 0.983924984932,
        "value": "not_danceable"
    },
    "gender": {
        "all": {
            "female": 0.320617884398,
            "male": 0.679382145405
        },
        "probability": 0.679382145405,
        "value": "male"
    },
    "genre_dortmund": {
        "all": {
            "alternative": 0.0600808002055,
            "blues": 0.0304556060582,
            "electronic": 0.00869015790522,
            "folkcountry": 0.0567962341011,
            "funksoulrnb": 0.00503959273919,
            "jazz": 0.021171182394,
            "pop": 0.05911590904,
            "raphiphop": 0.00161832408048,
            "rock": 0.757032215595
        },
        "probability": 0.757032215595,
        "value": "rock"
    },
    "genre_electronic": {
        "all": {
            "ambient": 0.152433797717,
            "dnb": 0.467347443104,
            "house": 0.075262799859,
            "techno": 0.0181871596724,
            "trance": 0.28676879406
        },
        "probability": 0.467347443104,
        "value": "dnb"
    },
    "genre_rosamerica": {
        "all": {
            "cla": 0.00100486318115,
            "dan": 0.00551922805607,
            "hip": 0.00543504580855,
            "jaz": 0.000511309539434,
            "pop": 0.0776367485523,
            "rhy": 0.000993542722426,
            "roc": 0.908552765846,
            "spe": 0.000346470071236
        },
        "probability": 0.908552765846,
        "value": "roc"
    },
    "genre_tzanetakis": {
        "all": {
            "blu": 0.0626541376114,
            "cla": 0.0348133966327,
            "cou": 0.0783501937985,
            "dis": 0.104547761381,
            "hip": 0.15693578124,
            "jaz": 0.313987255096,
            "met": 0.044816005975,
            "pop": 0.0627349764109,
            "reg": 0.0627352520823,
            "roc": 0.0784252434969
        },
        "probability": 0.313987255096,
        "value": "jaz"
    },
    "ismir04_rhythm": {
        "all": {
            "ChaChaCha": 0.0620240867138,
            "Jive": 0.750235497952,
            "Quickstep": 0.0416255295277,
            "Rumba-American": 0.00415223278105,
            "Rumba-International": 0.0055830096826,
            "Rumba-Misc": 0.00267374585383,
            "Samba": 0.0848021954298,
            "Tango": 0.00793561898172,
            "VienneseWaltz": 0.0372345484793,
            "Waltz": 0.00373352994211
        },
        "probability": 0.750235497952,
        "value": "Jive"
    },
    "mood_acoustic": {
        "all": {
            "acoustic": 0.00892860069871,
            "not_acoustic": 0.991071403027
        },
        "probability": 0.991071403027,
        "value": "not_acoustic"
    },
    "mood_aggressive": {
        "all": {
            "aggressive": 0.935923099518,
            "not_aggressive": 0.0640769079328
        },
        "probability": 0.935923099518,
        "value": "aggressive"
    },
    "mood_electronic": {
        "all": {
            "electronic": 0.0340745560825,
            "not_electronic": 0.965925455093
        },
        "probability": 0.965925455093,
        "value": "not_electronic"
    },
    "mood_happy": {
        "all": {
            "happy": 0.772784054279,
            "not_happy": 0.227215945721
        },
        "probability": 0.772784054279,
        "value": "happy"
    },
    "mood_party": {
        "all": {
            "not_party": 0.415639668703,
            "party": 0.584360301495
        },
        "probability": 0.584360301495,
        "value": "party"
    },
    "mood_relaxed": {
        "all": {
            "not_relaxed": 0.933805942535,
            "relaxed": 0.0661940425634
        },
        "probability": 0.933805942535,
        "value": "not_relaxed"
    },
    "mood_sad": {
        "all": {
            "not_sad": 0.910933971405,
            "sad": 0.0890660062432
        },
        "probability": 0.910933971405,
        "value": "not_sad"
    },
    "moods_mirex": {
        "all": {
            "Cluster1": 0.644465744495,
            "Cluster2": 0.0904367044568,
            "Cluster3": 0.0331235229969,
            "Cluster4": 0.0347979217768,
            "Cluster5": 0.197176113725
        },
        "probability": 0.644465744495,
        "value": "Cluster1"
    },
    "timbre": {
        "all": {
            "bright": 0.999981105328,
            "dark": 1.89151014638e-05
        },
        "probability": 0.999981105328,
        "value": "bright"
    },
    "tonal_atonal": {
        "all": {
            "atonal": 0.00818482879549,
            "tonal": 0.991815149784
        },
        "probability": 0.991815149784,
        "value": "tonal"
    },
    "voice_instrumental": {
        "all": {
            "instrumental": 0.0011979584815,
            "voice": 0.998802065849
        },
        "probability": 0.998802065849,
        "value": "voice"
    }
},
"lowlevel": {
    "average_loudness": 0.981953799725,
    "barkbands_crest": {
        "dmean": 3.51827049255,
        "dmean2": 5.86900234222,
        "dvar": 14.178155899,
        "dvar2": 38.2300949097,
        "max": 21.5223827362,
        "mean": 8.10162067413,
        "median": 7.07337808609,
        "min": 2.24597120285,
        "var": 17.047208786
    },
    "barkbands_flatness_db": {
        "dmean": 0.0193257071078,
        "dmean2": 0.0322273597121,
        "dvar": 0.000365690939361,
        "dvar2": 0.000967527274042,
        "max": 0.265531003475,
        "mean": 0.0951223373413,
        "median": 0.0910607501864,
        "min": 0.0420689322054,
        "var": 0.000657108728774
    },
    "barkbands_kurtosis": {
        "dmean": 1.19778966904,
        "dmean2": 2.11364293098,
        "dvar": 3.10993909836,
        "dvar2": 8.53779220581,
        "max": 11.1851196289,
        "mean": -0.0482723340392,
        "median": -0.56058382988,
        "min": -1.78380453587,
        "var": 2.90501523018
    },
    "barkbands_skewness": {
        "dmean": 0.511267006397,
        "dmean2": 0.843318521976,
        "dvar": 0.302719146013,
        "dvar2": 0.812548398972,
        "max": 3.30141282082,
        "mean": 0.754415512085,
        "median": 0.654470324516,
        "min": -0.814314961433,
        "var": 0.419868201017
    },
    "barkbands_spread": {
        "dmean": 7.394282341,
        "dmean2": 12.2119894028,
        "dvar": 54.4786682129,
        "dvar2": 145.527740479,
        "max": 77.6485214233,
        "mean": 37.9309501648,
        "median": 38.0120849609,
        "min": 7.96689319611,
        "var": 148.684371948
    },
    "dissonance": {
        "dmean": 0.0107561359182,
        "dmean2": 0.0180632397532,
        "dvar": 0.000120166296256,
        "dvar2": 0.000309256225592,
        "max": 0.499910444021,
        "mean": 0.480899333954,
        "median": 0.486058920622,
        "min": 0.334501922131,
        "var": 0.00027565099299
    },
    "dynamic_complexity": 1.05560863018,
    "erbbands_crest": {
        "dmean": 2.50658416748,
        "dmean2": 4.06402015686,
        "dvar": 7.1418223381,
        "dvar2": 17.1230125427,
        "max": 25.3601474762,
        "mean": 7.78470087051,
        "median": 6.49384021759,
        "min": 2.76122307777,
        "var": 16.8128566742
    },
    "erbbands_flatness_db": {
        "dmean": 0.0131878871471,
        "dmean2": 0.0204514432698,
        "dvar": 0.000150457795826,
        "dvar2": 0.000354555406375,
        "max": 0.264327913523,
        "mean": 0.141588494182,
        "median": 0.138761684299,
        "min": 0.0869963020086,
        "var": 0.000570454460103
    },
    "erbbands_kurtosis": {
        "dmean": 0.658162474632,
        "dmean2": 1.04841673374,
        "dvar": 0.454140305519,
        "dvar2": 1.13819801807,
        "max": 5.0298871994,
        "mean": 0.110693901777,
        "median": -0.111685037613,
        "min": -1.64803361893,
        "var": 1.19290304184
    },
    "erbbands_skewness": {
        "dmean": 0.322165638208,
        "dmean2": 0.502627968788,
        "dvar": 0.0847103670239,
        "dvar2": 0.197416946292,
        "max": 2.16029572487,
        "mean": -0.171263456345,
        "median": -0.29427704215,
        "min": -1.81741368771,
        "var": 0.444580972195
    },
    "erbbands_spread": {
        "dmean": 7.59511184692,
        "dmean2": 12.093000412,
        "dvar": 48.7602272034,
        "dvar2": 123.305870056,
        "max": 81.0047683716,
        "mean": 39.8891334534,
        "median": 38.9624938965,
        "min": 11.2373008728,
        "var": 154.76739502
    },
    "hfc": {
        "dmean": 8.79825210571,
        "dmean2": 14.4461870193,
        "dvar": 159.561141968,
        "dvar2": 431.018157959,
        "max": 119.135284424,
        "mean": 34.432384491,
        "median": 31.3179454803,
        "min": 2.18115949631,
        "var": 183.150436401
    },
    "melbands_crest": {
        "dmean": 3.94156241417,
        "dmean2": 6.36182975769,
        "dvar": 12.2185401917,
        "dvar2": 32.5711097717,
        "max": 27.779253006,
        "mean": 12.9665994644,
        "median": 12.1346931458,
        "min": 3.05553197861,
        "var": 21.9758911133
    },
    "melbands_flatness_db": {
        "dmean": 0.0298909079283,
        "dmean2": 0.0484125800431,
        "dvar": 0.00103549996857,
        "dvar2": 0.00264539942145,
        "max": 0.298142701387,
        "mean": 0.125481441617,
        "median": 0.119390584528,
        "min": 0.0229690913111,
        "var": 0.00160851946566
    },
    "melbands_kurtosis": {
        "dmean": 4.89837503433,
        "dmean2": 8.5377779007,
        "dvar": 59.5316848755,
        "dvar2": 163.23890686,
        "max": 56.4889755249,
        "mean": 5.53012752533,
        "median": 3.3473033905,
        "min": -1.32256007195,
        "var": 49.0506858826
    },
    "melbands_skewness": {
        "dmean": 0.797657966614,
        "dmean2": 1.32397556305,
        "dvar": 0.885532259941,
        "dvar2": 2.34904074669,
        "max": 7.02070903778,
        "mean": 2.02075195312,
        "median": 1.84606611729,
        "min": -0.15016669035,
        "var": 1.14624512196
    },
    "melbands_spread": {
        "dmean": 12.6006698608,
        "dmean2": 20.2549324036,
        "dvar": 152.529296875,
        "dvar2": 386.580352783,
        "max": 126.32359314,
        "mean": 42.2199020386,
        "median": 40.0930366516,
        "min": 8.272108078,
        "var": 324.928100586
    },
    "pitch_salience": {
        "dmean": 0.0865337923169,
        "dmean2": 0.146453812718,
        "dvar": 0.00793332140893,
        "dvar2": 0.0219526998699,
        "max": 0.831996560097,
        "mean": 0.570578575134,
        "median": 0.581577956676,
        "min": 0.201875567436,
        "var": 0.0103109525517
    },
    "silence_rate_20dB": {
        "dmean": 0,
        "dmean2": 0,
        "dvar": 0,
        "dvar2": 0,
        "max": 1,
        "mean": 1,
        "median": 1,
        "min": 1,
        "var": 0
    },
    "silence_rate_30dB": {
        "dmean": 0,
        "dmean2": 0,
        "dvar": 0,
        "dvar2": 0,
        "max": 1,
        "mean": 1,
        "median": 1,
        "min": 1,
        "var": 0
    },
    "silence_rate_60dB": {
        "dmean": 0,
        "dmean2": 0,
        "dvar": 0,
        "dvar2": 0,
        "max": 0,
        "mean": 0,
        "median": 0,
        "min": 0,
        "var": 0
    },
    "spectral_centroid": {
        "dmean": 267.696655273,
        "dmean2": 434.306121826,
        "dvar": 68585.8671875,
        "dvar2": 177725.6875,
        "max": 3653.55175781,
        "mean": 2176.42822266,
        "median": 2183.43701172,
        "min": 538.916992188,
        "var": 240560.859375
    },
    "spectral_complexity": {
        "dmean": 5.01238393784,
        "dmean2": 8.02478694916,
        "dvar": 17.2583465576,
        "dvar2": 40.9769515991,
        "max": 57,
        "mean": 36.6635742188,
        "median": 37,
        "min": 4,
        "var": 49.8641624451
    },
    "spectral_decrease": {
        "dmean": 3.67874375407e-09,
        "dmean2": 6.08604677765e-09,
        "dvar": 2.33695232095e-17,
        "dvar2": 5.99092573133e-17,
        "max": -5.61176161096e-10,
        "mean": -7.56369988864e-09,
        "median": -6.02392935534e-09,
        "min": -2.97126589999e-08,
        "var": 2.29664165903e-17
    },
    "spectral_energy": {
        "dmean": 0.014464141801,
        "dmean2": 0.023803576827,
        "dvar": 0.000347297202097,
        "dvar2": 0.000887812813744,
        "max": 0.116477072239,
        "mean": 0.0316702239215,
        "median": 0.0256278719753,
        "min": 0.00325236725621,
        "var": 0.000349348963937
    },
    "spectral_energyband_high": {
        "dmean": 0.000784875650425,
        "dmean2": 0.00138274102937,
        "dvar": 2.33975879382e-06,
        "dvar2": 6.52338803775e-06,
        "max": 0.0148713318631,
        "mean": 0.0021204194054,
        "median": 0.00177333306056,
        "min": 6.01438368903e-05,
        "var": 2.30560658565e-06
    },
    "spectral_energyband_low": {
        "dmean": 0.00992777291685,
        "dmean2": 0.0172421950847,
        "dvar": 0.00030732320738,
        "dvar2": 0.000822447706014,
        "max": 0.0987348407507,
        "mean": 0.0111543964595,
        "median": 0.00641988078132,
        "min": 1.32296918309e-05,
        "var": 0.000229221535847
    },
    "spectral_energyband_middle_high": {
        "dmean": 0.00237996806391,
        "dmean2": 0.00371789792553,
        "dvar": 8.53215988172e-06,
        "dvar2": 2.01413567993e-05,
        "max": 0.0407583676279,
        "mean": 0.00866956543177,
        "median": 0.00694072153419,
        "min": 0.000507030228619,
        "var": 2.53115031228e-05
    },
    "spectral_energyband_middle_low": {
        "dmean": 0.00529188802466,
        "dmean2": 0.00843417923898,
        "dvar": 6.5123422246e-05,
        "dvar2": 0.000161897551152,
        "max": 0.0649667903781,
        "mean": 0.0106099722907,
        "median": 0.00738677242771,
        "min": 0.0007808143273,
        "var": 8.71319061844e-05
    },
    "spectral_entropy": {
        "dmean": 0.0790727958083,
        "dmean2": 0.125909030437,
        "dvar": 0.00706251477823,
        "dvar2": 0.0162685532123,
        "max": 8.49477100372,
        "mean": 7.97919082642,
        "median": 7.98603057861,
        "min": 6.67489767075,
        "var": 0.0227342359722
    },
    "spectral_flux": {
        "dmean": 0.0344745181501,
        "dmean2": 0.052019752562,
        "dvar": 0.00148487486877,
        "dvar2": 0.00256873224862,
        "max": 0.272595316172,
        "mean": 0.108902215958,
        "median": 0.0887501835823,
        "min": 0.0364837013185,
        "var": 0.00253611197695
    },
    "spectral_kurtosis": {
        "dmean": 0.733781218529,
        "dmean2": 1.30285203457,
        "dvar": 0.422622621059,
        "dvar2": 1.17449188232,
        "max": 7.37046718597,
        "mean": 2.22693943977,
        "median": 2.0958032608,
        "min": 0.414297580719,
        "var": 0.654785275459
    },
    "spectral_rms": {
        "dmean": 0.00113818491809,
        "dmean2": 0.00180477101821,
        "dvar": 1.66674215052e-06,
        "dvar2": 4.13504994867e-06,
        "max": 0.0106600262225,
        "mean": 0.00536713050678,
        "median": 0.00500028021634,
        "min": 0.00178130320273,
        "var": 2.09171025745e-06
    },
    "spectral_rolloff": {
        "dmean": 814.028808594,
        "dmean2": 1359.26000977,
        "dvar": 754375.3125,
        "dvar2": 1860183.875,
        "max": 8074.95117188,
        "mean": 2564.54711914,
        "median": 2562.45117188,
        "min": 107.666015625,
        "var": 1625378.5
    },
    "spectral_skewness": {
        "dmean": 0.138298287988,
        "dmean2": 0.231859698892,
        "dvar": 0.0131470132619,
        "dvar2": 0.0370727330446,
        "max": 2.57971668243,
        "mean": 1.00168979168,
        "median": 1.00165092945,
        "min": 0.481753736734,
        "var": 0.0337773635983
    },
    "spectral_spread": {
        "dmean": 294195.3125,
        "dmean2": 474509.34375,
        "dvar": 129460871168,
        "dvar2": 221343039488,
        "max": 15007320,
        "mean": 4380268,
        "median": 4360692.5,
        "min": 2837246.25,
        "var": 433125392384
    },
    "spectral_strongpeak": {
        "dmean": 0.772431671619,
        "dmean2": 1.34081995487,
        "dvar": 1.27678835392,
        "dvar2": 3.07396674156,
        "max": 8.85423469543,
        "mean": 1.11445760727,
        "median": 0.405821025372,
        "min": 0.0349261574447,
        "var": 2.00505113602
    },
    "zerocrossingrate": {
        "dmean": 0.0118759674951,
        "dmean2": 0.0150504847988,
        "dvar": 0.000117844829219,
        "dvar2": 0.000163474309375,
        "max": 0.2197265625,
        "mean": 0.0898852869868,
        "median": 0.08642578125,
        "min": 0.02001953125,
        "var": 0.000700966396835
    },
    "barkbands": {
        "dmean": [0.000227135955356, 0.00833460781723, 0.00209122849628, 0.00109710241668, 0.00238480651751, 0.000754115579184, 0.000938707846217, 0.000995450653136, 0.00128508813214, 0.000786187476479, 0.000456729816506, 0.000519827764947, 0.000496910419315, 0.000475333858049, 0.000360989070032, 0.000309624272631, 0.000417030620156, 0.000348472269252, 0.000460148323327, 0.000336160359439, 0.00034293695353, 0.000216832442675, 0.000137108610943, 9.08191068447e-05, 4.38865135948e-05, 1.23094205264e-05, 9.32544708121e-08],
        "dmean2": [0.000366227526683, 0.0149036999792, 0.00359104853123, 0.00182880915236, 0.00405852496624, 0.0011979280971, 0.00148802238982, 0.00156015332323, 0.00192429753952, 0.00121089827735, 0.000695900642313, 0.000813463702798, 0.000811823643744, 0.000756360357627, 0.000601169420406, 0.000518865010235, 0.000694514194038, 0.000599561783019, 0.000772627478, 0.000577599392273, 0.000618064834271, 0.000379946955945, 0.000232697901083, 0.000148679522681, 7.26335711079e-05, 2.09672907658e-05, 1.68486621988e-07],
        "dvar": [1.23846305655e-07, 0.000258007989032, 8.7404905571e-06, 1.86644524547e-06, 2.80563544948e-05, 1.82635892543e-06, 4.72628062198e-06, 8.96573601494e-06, 7.17943157724e-06, 3.68307087228e-06, 1.42104943279e-06, 1.88076614904e-06, 8.7904885504e-07, 1.20804770631e-06, 3.56926705081e-07, 1.59345944439e-07, 2.26920903401e-07, 2.30242207522e-07, 2.34187041315e-07, 2.80855317669e-07, 4.65684024675e-07, 1.07796203963e-07, 4.19590158174e-08, 2.19597762197e-08, 5.92575366554e-09, 7.33849536694e-10, 4.08363765708e-14],
        "dvar2": [2.91392041163e-07, 0.000690081506036, 2.43345766648e-05, 4.80107337353e-06, 7.41032781661e-05, 4.20580863647e-06, 1.03693892015e-05, 2.15233085328e-05, 1.62440646818e-05, 8.96147503227e-06, 3.24760071635e-06, 4.2179740376e-06, 2.03488184525e-06, 2.50470179708e-06, 8.97292807167e-07, 4.37386063368e-07, 5.68715790905e-07, 6.40447865408e-07, 6.23271830591e-07, 8.07654885193e-07, 1.33874857511e-06, 2.87478599148e-07, 1.08887718397e-07, 5.40958993156e-08, 1.46544651969e-08, 1.94269045295e-09, 1.11066856396e-13],
        "max": [0.00246694730595, 0.0869254469872, 0.0252139344811, 0.0106935538352, 0.0400421693921, 0.0248887874186, 0.0351733081043, 0.0475434884429, 0.0335024632514, 0.0357692912221, 0.0228682383895, 0.0201070718467, 0.0142311984673, 0.0216218549758, 0.0099622271955, 0.00532967085019, 0.00663532456383, 0.00496975705028, 0.00507252756506, 0.00555299362168, 0.00920965243131, 0.00460124853998, 0.00318234693259, 0.00253832875751, 0.00133273785468, 0.000345520500559, 1.8100639636e-06],
        "mean": [0.000222361210035, 0.00705844303593, 0.00314074684866, 0.00152216292918, 0.0027034827508, 0.00129896239378, 0.00155975832604, 0.00126797810663, 0.00193325069267, 0.00133507454302, 0.000904152111616, 0.000830838689581, 0.000872299016919, 0.00076667452231, 0.00063809932908, 0.000602779444307, 0.000883989909198, 0.000637617835309, 0.00101937970612, 0.000655121402815, 0.000631329137832, 0.000488990161102, 0.000347340013832, 0.000228305289056, 0.000103710815893, 1.73738299054e-05, 6.19570386107e-08],
        "median": [7.7717617387e-05, 0.00253277597949, 0.00219979975373, 0.00103177758865, 0.00116976979189, 0.000746653182432, 0.000741607975215, 0.000319481099723, 0.000923386076465, 0.000488401041366, 0.000179042312084, 0.000297802063869, 0.000455694593256, 0.000314245844493, 0.000414751004428, 0.000470549799502, 0.000722836179193, 0.000506243202835, 0.000851276039612, 0.000531324360054, 0.000501284201164, 0.000401389581384, 0.000294678669889, 0.000179575727088, 7.7227181464e-05, 8.79572417034e-06, 3.75581832301e-09],
        "min": [6.68679319915e-07, 1.67353869074e-06, 3.34586343342e-06, 3.66401900465e-06, 4.27981867688e-05, 2.09400805034e-05, 4.26409587817e-06, 1.32422755996e-05, 5.68160658077e-06, 2.27763612202e-05, 6.13705424257e-06, 7.97244319983e-06, 1.44663881656e-05, 7.12099063094e-06, 2.16892703975e-06, 7.91545426182e-06, 5.01911927131e-06, 5.93453205511e-06, 8.57809391164e-06, 1.23465742945e-05, 1.84619912034e-05, 4.87477427669e-06, 4.44864826932e-06, 1.29950660721e-06, 7.01787655544e-07, 1.38689207688e-11, 7.23165017452e-12],
        "var": [1.27454214294e-07, 0.000178899179446, 9.43310442381e-06, 2.47921138907e-06, 2.47514017246e-05, 2.96928737953e-06, 1.10571809273e-05, 1.13488749776e-05, 1.03838829091e-05, 7.55467772251e-06, 5.72312137592e-06, 3.55046950062e-06, 1.61894047324e-06, 2.79209734799e-06, 5.82842289987e-07, 2.33256912452e-07, 4.17777755501e-07, 2.61377323341e-07, 4.01983271558e-07, 2.54157214385e-07, 3.38498779229e-07, 1.37055863547e-07, 7.20510016095e-08, 4.94504135418e-08, 1.09974491735e-08, 9.31948407334e-10, 2.70924741788e-14]
    },
    "erbbands": {
        "dmean": [0.222334995866, 1.93567669392, 2.89543962479, 2.5894010067, 8.00070571899, 7.33254289627, 5.62021160126, 7.02484321594, 11.1009645462, 16.3394317627, 23.8059253693, 29.7960338593, 21.4500598907, 24.9290809631, 18.5977973938, 20.5875873566, 21.0268115997, 24.8538208008, 20.8472080231, 14.6416320801, 19.7614402771, 19.7847728729, 17.9184017181, 20.7424125671, 22.4526309967, 16.0443344116, 15.0139837265, 11.8485097885, 8.75113487244, 4.8999671936, 4.04104661942, 2.4257478714, 1.29523718357, 0.639824748039, 0.268679380417, 0.080233246088, 0.0195847563446, 0.00143616972491, 4.3429336074e-05, 1.87279401871e-05],
        "dmean2": [0.387731820345, 3.49597263336, 5.06717061996, 4.34920978546, 13.5010757446, 12.7803697586, 9.27571868896, 11.2472715378, 18.0098762512, 25.620349884, 36.7025413513, 44.6511535645, 32.370136261, 38.9956436157, 27.9531440735, 32.523727417, 34.3469161987, 39.7269210815, 34.0718688965, 24.1029472351, 33.1594467163, 32.8504447937, 30.4155025482, 35.0965385437, 38.183921814, 27.7334976196, 26.9539051056, 21.0628681183, 15.4403743744, 8.34218883514, 6.80515670776, 4.05504131317, 2.10738015175, 1.05350959301, 0.441876620054, 0.134521856904, 0.0341520495713, 0.00249237450771, 7.43743876228e-05, 3.07125155814e-05],
        "dvar": [0.171238690615, 14.2782382965, 20.5583744049, 8.63531398773, 323.547821045, 266.115997314, 170.285308838, 204.065612793, 594.866333008, 2528.7121582, 5560.36083984, 4257.81396484, 2238.296875, 4739.61816406, 1654.19006348, 2657.19482422, 1418.7364502, 3865.41845703, 1305.92419434, 476.597137451, 678.396240234, 490.878387451, 566.602661133, 626.607666016, 615.197875977, 656.290222168, 939.495544434, 460.24899292, 164.903533936, 68.2541046143, 31.0471954346, 14.3426408768, 5.08760881424, 1.07691764832, 0.253772765398, 0.0270622745156, 0.00231462833472, 1.25922861116e-05, 6.97902935443e-09, 5.69472968781e-10],
        "dvar2": [0.442272365093, 39.1194000244, 57.7043914795, 23.336265564, 834.266296387, 744.082519531, 455.448669434, 487.177612305, 1278.9296875, 5802.20263672, 13326.015625, 9322.35742188, 4873.02636719, 12211.7060547, 3787.59790039, 6303.86425781, 3417.42651367, 8021.90185547, 3195.77294922, 1251.52563477, 1856.39074707, 1261.81176758, 1565.63317871, 1639.98339844, 1670.50195312, 1872.78173828, 2677.57446289, 1326.41271973, 447.820037842, 177.068374634, 77.3926544189, 35.4336280823, 11.8920345306, 2.75539207458, 0.604293644428, 0.0691586732864, 0.00638842955232, 3.37766432494e-05, 1.86673023705e-08, 1.46572309845e-09],
        "max": [2.20620584488, 19.9500617981, 36.834022522, 28.2021350861, 148.181274414, 144.970840454, 198.728225708, 297.979156494, 504.46963501, 829.328735352, 1254.99597168, 911.648071289, 916.127502441, 1131.2310791, 689.451904297, 846.028259277, 459.173034668, 1208.21984863, 479.290863037, 278.520294189, 363.547790527, 274.471801758, 274.978210449, 271.361236572, 265.918304443, 253.84916687, 443.99987793, 197.858459473, 130.099990845, 123.338600159, 86.1322174072, 70.8506393433, 42.1895141602, 16.0836753845, 9.91103839874, 2.24972009659, 0.606684088707, 0.0425359867513, 0.000851334712934, 0.000152971828356],
        "mean": [0.174705177546, 1.67117726803, 3.95151925087, 4.31011152267, 8.45042133331, 7.98433494568, 8.25335216522, 11.6215133667, 19.4728317261, 23.6652431488, 32.8163909912, 44.3091773987, 40.0973892212, 44.6247329712, 37.1280212402, 36.6859321594, 39.5788421631, 42.8980102539, 37.1680259705, 29.0667057037, 40.6065711975, 45.9410934448, 36.0781707764, 44.6794471741, 49.9295768738, 31.9229660034, 26.9016399384, 23.0739765167, 19.5651473999, 10.6054544449, 10.3528347015, 6.21111154556, 2.92284321785, 1.44499325752, 0.595153272152, 0.135549470782, 0.0235020965338, 0.00146716786548, 6.82419849909e-05, 4.51911328128e-05],
        "median": [0.0406639203429, 0.658838629723, 2.68689107895, 3.44219017029, 3.64568281174, 3.61265778542, 4.31102323532, 6.23885345459, 10.3968105316, 9.77865219116, 8.98206424713, 21.6969871521, 20.3350276947, 13.8794021606, 10.3888902664, 16.5207271576, 21.9720726013, 19.3041000366, 22.8253307343, 21.1022663116, 32.1500854492, 39.1915206909, 29.2524528503, 38.245880127, 40.5972290039, 25.9567775726, 21.1548309326, 18.4692687988, 16.1874046326, 8.31207847595, 8.87324428558, 5.13479661942, 2.05597257614, 1.09603714943, 0.439463496208, 0.0815420374274, 0.010082449764, 0.000448230828624, 4.17380397266e-05, 3.74028859369e-05],
        "min": [6.59876386635e-05, 0.000595488527324, 0.00702656013891, 0.0178034715354, 0.21967433393, 0.197560802102, 0.23643052578, 0.355257451534, 0.305342376232, 0.816505491734, 0.497763603926, 0.49749943614, 0.641171753407, 0.503729701042, 0.447339892387, 0.428407669067, 0.854015529156, 0.434329241514, 0.223222345114, 0.231585711241, 0.3895650208, 0.304595351219, 0.361196696758, 0.313701242208, 0.41257199645, 0.61570763588, 0.479751765728, 0.875669181347, 0.261643022299, 0.222444981337, 0.104887031019, 0.0287367682904, 0.0259061157703, 0.00689308391884, 0.00375157827511, 0.000717858958524, 4.93425468449e-05, 8.77380716702e-06, 7.92096307123e-06, 5.90646959608e-06],
        "var": [0.128714457154, 9.44355106354, 17.602306366, 11.8438062668, 268.54473877, 229.039031982, 193.292404175, 297.095550537, 1692.13476562, 3473.93261719, 7258.93212891, 6286.29785156, 4376.61230469, 9164.94628906, 5827.49072266, 5532.50634766, 2822.359375, 9074.56835938, 2057.37548828, 846.049865723, 970.684143066, 860.873962402, 715.980895996, 821.142089844, 1091.31005859, 596.307739258, 662.530578613, 377.921600342, 201.106445312, 91.7294540405, 60.5903358459, 27.7285194397, 12.3347377777, 1.98328435421, 0.472796827555, 0.0417089685798, 0.00221674400382, 1.31658171085e-05, 7.54121920465e-09, 5.91894200319e-10]
    },
    "gfcc": {
        "mean": [54.5531768799, 76.0740356445, -138.354171753, 58.9355545044, -69.2036819458, 24.5649375916, -36.5904273987, 15.7805156708, -22.5036640167, 1.11551570892, -14.7248439789, -5.52117967606, -9.73314285278],
        "cov": [[459.157562256, -124.624404907, 148.532806396, -19.2101097107, 0.48542791605, -12.1366424561, -32.7835960388, 26.8610649109, -6.74411773682, 36.1308784485, -52.4071617126, 13.1332674026, -51.4623146057], [-124.624404907, 366.21975708, -75.031791687, -33.1903533936, 72.1816635132, 13.5115690231, 121.116447449, -22.2971096039, 31.7399654388, -11.0262155533, 61.7141532898, -16.2738876343, 50.8895606995], [148.532806396, -75.031791687, 204.156036377, 49.7357368469, 6.01517820358, -30.9307670593, -35.6727714539, 24.7102127075, 7.12827444077, 38.1655693054, -18.1076698303, 23.8126926422, -32.2456588745], [-19.2101097107, -33.1903533936, 49.7357368469, 250.134552002, 59.9746742249, -13.2824287415, -34.7079734802, 7.15708446503, 50.1704292297, -8.14698219299, 31.202287674, -9.37989997864, 25.9299411774], [0.48542791605, 72.1816635132, 6.01517820358, 59.9746742249, 137.989456177, 55.7570343018, 68.7476501465, 10.3940706253, 22.2615184784, 15.760840416, 19.1348361969, 10.3966722488, 11.6505308151], [-12.1366424561, 13.5115690231, -30.9307670593, -13.2824287415, 55.7570343018, 139.215744019, 80.1179580688, 24.4842720032, 4.54501533508, -7.97114229202, 18.0678749084, -5.88763999939, 6.18289327621], [-32.7835960388, 121.116447449, -35.6727714539, -34.7079734802, 68.7476501465, 80.1179580688, 154.608978271, 39.0800857544, 17.4796180725, -3.37691307068, 23.5320777893, 7.70532131195, 13.5849714279], [26.8610649109, -22.2971096039, 24.7102127075, 7.15708446503, 10.3940706253, 24.4842720032, 39.0800857544, 91.3188095093, 54.3382034302, 12.2024917603, -5.60696554184, -2.54830813408, -6.77530145645], [-6.74411773682, 31.7399654388, 7.12827444077, 50.1704292297, 22.2615184784, 4.54501533508, 17.4796180725, 54.3382034302, 99.8531036377, 31.2779846191, 19.3069572449, -17.9233627319, 4.97854804993], [36.1308784485, -11.0262155533, 38.1655693054, -8.14698219299, 15.760840416, -7.97114229202, -3.37691307068, 12.2024917603, 31.2779846191, 62.3540649414, 12.4019861221, 7.59074115753, -17.5400943756], [-52.4071617126, 61.7141532898, -18.1076698303, 31.202287674, 19.1348361969, 18.0678749084, 23.5320777893, -5.60696554184, 19.3069572449, 12.4019861221, 67.9061126709, 15.8287143707, 21.1953277588], [13.1332674026, -16.2738876343, 23.8126926422, -9.37989997864, 10.3966722488, -5.88763999939, 7.70532131195, -2.54830813408, -17.9233627319, 7.59074115753, 15.8287143707, 54.828163147, 13.7786026001], [-51.4623146057, 50.8895606995, -32.2456588745, 25.9299411774, 11.6505308151, 6.18289327621, 13.5849714279, -6.77530145645, 4.97854804993, -17.5400943756, 21.1953277588, 13.7786026001, 59.5121498108]],
        "icov": [[0.00326003530063, 0.000666669046041, -0.0021133380942, 0.00078944710549, -0.000717470422387, -8.28060656204e-05, -1.16825503937e-05, 0.000167519479874, -0.000356382137397, -0.000170111961779, 0.00119965407066, 4.86008866574e-05, 0.000471912731882], [0.000666669046041, 0.0105303255841, -0.00315640564077, 0.0064486945048, -0.00677370419726, 0.00757218059152, -0.00750011671335, 0.00585377821699, -0.00483791017905, 0.00666295690462, -0.0102346651256, 0.010961596854, -0.00655453419313], [-0.0021133380942, -0.00315640564077, 0.0106490803882, -0.00558117916808, 0.00309927086346, -0.00171536242124, 0.00232504610904, -0.00417765462771, 0.00361992348917, -0.00717489095405, 0.00564476847649, -0.00803036149591, 0.00506986351684], [0.00078944710549, 0.0064486945048, -0.00558117916808, 0.0131498388946, -0.0105606010184, 0.00603494280949, 0.000507009681314, 0.00290809688158, -0.00702416570857, 0.0117084942758, -0.0119927339256, 0.0101589290425, -0.00597183546051], [-0.000717470422387, -0.00677370419726, 0.00309927086346, -0.0105606010184, 0.0203096028417, -0.00922934245318, -0.0031523804646, 0.00112931558397, 0.00203710142523, -0.0116746248677, 0.0122020868585, -0.011586108245, 0.00400896463543], [-8.28060656204e-05, 0.00757218059152, -0.00171536242124, 0.00603494280949, -0.00922934245318, 0.0178729426116, -0.00835328642279, -6.90249435138e-05, 0.000169816994458, 0.00682225869969, -0.0121852597222, 0.012737470679, -0.00486942008138], [-1.16825503937e-05, -0.00750011671335, 0.00232504610904, 0.000507009681314, -0.0031523804646, -0.00835328642279, 0.0207875985652, -0.0105581739917, 0.00322851864621, 0.000244346825639, 0.00177204166539, -0.00731384055689, 0.00384410587139], [0.000167519479874, 0.00585377821699, -0.00417765462771, 0.00290809688158, 0.00112931558397, -6.90249435138e-05, -0.0105581739917, 0.0289709102362, -0.0204383730888, 0.00737671041861, 0.00291682267562, -0.00203180056997, 0.000418561598053], [-0.000356382137397, -0.00483791017905, 0.00361992348917, -0.00702416570857, 0.00203710142523, 0.000169816994458, 0.00322851864621, -0.0204383730888, 0.032891780138, -0.0185350868851, -0.00184771174099, 0.00903049018234, -0.00427680788562], [-0.000170111961779, 0.00666295690462, -0.00717489095405, 0.0117084942758, -0.0116746248677, 0.00682225869969, 0.000244346825639, 0.00737671041861, -0.0185350868851, 0.0394573286176, -0.0156931392848, 0.00193141121417, 0.00584884732962], [0.00119965407066, -0.0102346651256, 0.00564476847649, -0.0119927339256, 0.0122020868585, -0.0121852597222, 0.00177204166539, 0.00291682267562, -0.00184771174099, -0.0156931392848, 0.0387895219028, -0.0221276804805, 0.00371529208496], [4.86008866574e-05, 0.010961596854, -0.00803036149591, 0.0101589290425, -0.011586108245, 0.012737470679, -0.00731384055689, -0.00203180056997, 0.00903049018234, 0.00193141121417, -0.0221276804805, 0.0449087135494, -0.0184286702424], [0.000471912731882, -0.00655453419313, 0.00506986351684, -0.00597183546051, 0.00400896463543, -0.00486942008138, 0.00384410587139, 0.000418561598053, -0.00427680788562, 0.00584884732962, 0.00371529208496, -0.0184286702424, 0.0320815816522]]
    },
    "melbands": {
        "dmean": [0.00217577908188, 0.00188393006101, 0.000585821457207, 0.000593623903114, 0.000203273608349, 0.000152528373292, 0.000175011067768, 0.000181635419722, 0.000198097579414, 0.000185088181752, 0.000108939100755, 0.00010714129894, 6.86273706378e-05, 6.19843413006e-05, 4.36744267063e-05, 4.90269121656e-05, 4.93116094731e-05, 3.58939978469e-05, 2.32363199757e-05, 2.02837290999e-05, 2.66434890364e-05, 2.37436506723e-05, 1.96808996407e-05, 1.80034567165e-05, 1.84722030099e-05, 1.9253235223e-05, 1.4230803572e-05, 1.09759248517e-05, 1.01708901639e-05, 8.56139649841e-06, 7.18541969036e-06, 5.86935857427e-06, 3.7660227008e-06, 2.76107994068e-06, 2.76187984127e-06, 1.98545671992e-06, 1.4925836922e-06, 1.07915707304e-06, 7.78729202011e-07, 5.52018718736e-07],
        "dmean2": [0.00385916675441, 0.00333118322305, 0.00098087079823, 0.00101616850588, 0.000339326943504, 0.000242073074332, 0.000282875640551, 0.00028604947147, 0.000302424537949, 0.000276811042568, 0.000164601064171, 0.000167194521055, 0.000103712911368, 9.62745180004e-05, 7.12699766154e-05, 8.01019268692e-05, 7.88858524174e-05, 5.82397005928e-05, 3.87204636354e-05, 3.36517878168e-05, 4.47113161499e-05, 3.96754512622e-05, 3.33095813403e-05, 3.10179821099e-05, 3.14470453304e-05, 3.23290951201e-05, 2.43571575993e-05, 1.9060800696e-05, 1.80502120202e-05, 1.5391397028e-05, 1.26372015075e-05, 1.03580077848e-05, 6.41763926978e-06, 4.77796493215e-06, 4.70744453196e-06, 3.34733931595e-06, 2.48282162829e-06, 1.75840864358e-06, 1.30701550916e-06, 9.10542041765e-07],
        "dvar": [1.74063188751e-05, 1.07736113932e-05, 6.49500179861e-07, 1.83767292583e-06, 1.94709926404e-07, 8.58033359918e-08, 1.48352938822e-07, 2.73979708254e-07, 3.17825282536e-07, 1.59217194096e-07, 5.87584878531e-08, 9.1342265307e-08, 2.66054929199e-08, 2.94761566266e-08, 6.57544374505e-09, 9.05387320671e-09, 1.64304196915e-08, 4.17767997973e-09, 1.37928402033e-09, 5.62355217948e-10, 1.12499343174e-09, 7.4253264648e-10, 8.00819410784e-10, 5.94776172758e-10, 4.99004726429e-10, 4.44058817495e-10, 3.4024150164e-10, 3.12909448352e-10, 4.03786948322e-10, 2.77884937283e-10, 1.35333175222e-10, 6.77497849488e-11, 3.43598240138e-11, 2.14072683191e-11, 1.23654411363e-11, 9.42920047597e-12, 4.62325403655e-12, 3.41808374139e-12, 1.89419942405e-12, 7.5287324118e-13],
        "dvar2": [4.5892316848e-05, 2.99974162772e-05, 1.66508323218e-06, 4.90882166559e-06, 5.22348045706e-07, 2.01694646762e-07, 3.14188582706e-07, 6.34404443645e-07, 7.63108005231e-07, 3.52210520305e-07, 1.28847531755e-07, 2.32899381558e-07, 5.9512419881e-08, 6.4588540738e-08, 1.6088829824e-08, 2.14449169533e-08, 3.24954712028e-08, 1.0207243939e-08, 3.64049212997e-09, 1.4843815066e-09, 2.98481395156e-09, 1.92109483876e-09, 2.11992268184e-09, 1.62891966582e-09, 1.29571064988e-09, 1.20481413735e-09, 9.42574351903e-10, 8.84382234112e-10, 1.14808595963e-09, 8.05507605062e-10, 3.84925702424e-10, 1.87667881235e-10, 8.95842844351e-11, 5.75706392281e-11, 3.1867276179e-11, 2.26533809072e-11, 1.17446451869e-11, 8.0159143212e-12, 5.03010133546e-12, 1.9174429839e-12],
        "max": [0.0228354372084, 0.022526467219, 0.00596599280834, 0.0101942038164, 0.00617600465193, 0.00587362796068, 0.00716299656779, 0.00847612693906, 0.00918651465327, 0.00564666418359, 0.00453310227022, 0.00526129221544, 0.00335819623433, 0.00269880052656, 0.00116261630319, 0.00158827251289, 0.00276066549122, 0.000743547338061, 0.000647665525321, 0.000234485749388, 0.00043279066449, 0.000327669084072, 0.000353544746758, 0.000298679777188, 0.000257182720816, 0.000216770524275, 0.000194587104488, 0.000172923464561, 0.000300824322039, 0.000195928179892, 0.000111296409159, 9.44312923821e-05, 0.000100894874777, 5.40583932889e-05, 4.28528583143e-05, 6.1114289565e-05, 3.70907546312e-05, 3.27073212247e-05, 2.46439904004e-05, 1.2053721548e-05],
        "mean": [0.00178849149961, 0.00217932113446, 0.00088333862368, 0.0006335695507, 0.000290681782644, 0.000253898790106, 0.000308111368213, 0.000254490383668, 0.000271924742265, 0.000277574494248, 0.00019679365505, 0.000183530166396, 0.000138944902574, 9.76829978754e-05, 8.3014012489e-05, 8.44411551952e-05, 7.97283428255e-05, 5.9412115661e-05, 4.17407900386e-05, 3.82355246984e-05, 5.01900831296e-05, 5.0472386647e-05, 3.57968310709e-05, 3.16792211379e-05, 3.59376608685e-05, 3.94439339289e-05, 2.93590710498e-05, 1.90730916074e-05, 1.68366586877e-05, 1.43354800457e-05, 1.33677822305e-05, 1.21979865071e-05, 7.27357473806e-06, 5.40874816579e-06, 6.45062527838e-06, 4.77799540022e-06, 3.35087838721e-06, 2.08230858334e-06, 1.63492791216e-06, 1.06668903754e-06],
        "median": [0.000545686751138, 0.00133008044213, 0.000638752710074, 0.000277954677586, 0.000154891604325, 0.000139209427289, 0.000161205287441, 0.00010172232578, 7.60266702855e-05, 0.000134088637424, 9.36141150305e-05, 5.47498966625e-05, 2.96810503642e-05, 3.31654118781e-05, 4.33841814811e-05, 4.75104570796e-05, 3.22125815728e-05, 3.24765496771e-05, 2.96188318316e-05, 2.81505272142e-05, 3.89953092963e-05, 4.31120315625e-05, 2.61482291535e-05, 2.44206203206e-05, 2.97654078167e-05, 3.11005824187e-05, 2.35168827203e-05, 1.46377324199e-05, 1.30073813125e-05, 1.11641602416e-05, 1.04922946775e-05, 1.0077652405e-05, 5.73310035179e-06, 4.22530092692e-06, 5.57372914045e-06, 3.95503639083e-06, 2.69136330644e-06, 1.43172849221e-06, 1.21740640679e-06, 7.78128253387e-07],
        "min": [7.01562839822e-07, 3.06114679915e-06, 2.69080624093e-06, 1.42310109368e-05, 1.27569983306e-05, 6.88185537001e-06, 7.99566521437e-07, 6.54780114928e-06, 1.5368568711e-06, 1.23897575577e-06, 3.21772859024e-06, 2.20253036787e-06, 1.09009101834e-06, 1.5562027329e-06, 1.05688093299e-06, 1.46006800605e-06, 6.04289652983e-07, 3.93307544755e-07, 1.65088607673e-07, 5.2880830026e-07, 4.25159754514e-07, 2.51518258665e-07, 4.23602415367e-07, 1.77117456701e-07, 2.58411461118e-07, 3.57878377599e-07, 2.92717857064e-07, 4.54574774267e-07, 3.04869018919e-07, 3.10845592821e-07, 5.46076421415e-07, 1.52128677655e-07, 5.67899860471e-08, 1.44900823784e-07, 3.23410631609e-08, 2.83578049931e-10, 1.48405572276e-08, 1.48107091036e-08, 5.66823077364e-09, 3.05879627183e-12],
