{
"highlevel": {
    "danceability": {
        "all": {
            "danceable": 0.181823387742,
            "not_danceable": 0.818176627159
        },
        "probability": 0.818176627159,
        "value": "not_danceable"
    },
    "gender": {
        "all": {
            "female": 0.442935317755,
            "male": 0.557064652443
        },
        "probability": 0.557064652443,
        "value": "male"
    },
    "genre_dortmund": {
        "all": {
            "alternative": 0.141424536705,
            "blues": 0.00741108646616,
            "electronic": 0.0257620774209,
            "folkcountry": 0.0124415112659,
            "funksoulrnb": 0.00399835873395,
            "jazz": 0.000676497817039,
            "pop": 0.0136192571372,
            "raphiphop": 0.00554925762117,
            "rock": 0.789117395878
        },
        "probability": 0.789117395878,
        "value": "rock"
    },
    "genre_electronic": {
        "all": {
            "ambient": 0.624447464943,
            "dnb": 0.128301173449,
            "house": 0.016325827688,
            "techno": 0.0105881979689,
            "trance": 0.220337361097
        },
        "probability": 0.624447464943,
        "value": "ambient"
    },
    "genre_rosamerica": {
        "all": {
            "cla": 0.00499549414963,
            "dan": 0.00596960447729,
            "hip": 0.00427387608215,
            "jaz": 0.00070844165748,
            "pop": 0.208564221859,
            "rhy": 0.00240238499828,
            "roc": 0.772558927536,
            "spe": 0.000527054944541
        },
        "probability": 0.772558927536,
        "value": "roc"
    },
    "genre_tzanetakis": {
        "all": {
            "blu": 0.074180662632,
            "cla": 0.0411817468703,
            "cou": 0.0741286799312,
            "dis": 0.0741638019681,
            "hip": 0.185513496399,
            "jaz": 0.185747429729,
            "met": 0.0742861703038,
            "pop": 0.123772397637,
            "reg": 0.0742403715849,
            "roc": 0.0927852392197
        },
        "probability": 0.185747429729,
        "value": "jaz"
    },
    "ismir04_rhythm": {
        "all": {
            "ChaChaCha": 0.354605346918,
            "Jive": 0.276470988989,
            "Quickstep": 0.0840171873569,
            "Rumba-American": 0.017375709489,
            "Rumba-International": 0.00696055404842,
            "Rumba-Misc": 0.00539072277024,
            "Samba": 0.0598028488457,
            "Tango": 0.0183140244335,
            "VienneseWaltz": 0.170941546559,
            "Waltz": 0.00612106965855
        },
        "probability": 0.354605346918,
        "value": "ChaChaCha"
    },
    "mood_acoustic": {
        "all": {
            "acoustic": 0.00887409318238,
            "not_acoustic": 0.991125881672
        },
        "probability": 0.991125881672,
        "value": "not_acoustic"
    },
    "mood_aggressive": {
        "all": {
            "aggressive": 0.983925521374,
            "not_aggressive": 0.0160745028406
        },
        "probability": 0.983925521374,
        "value": "aggressive"
    },
    "mood_electronic": {
        "all": {
            "electronic": 0.267585843801,
            "not_electronic": 0.732414186001
        },
        "probability": 0.732414186001,
        "value": "not_electronic"
    },
    "mood_happy": {
        "all": {
            "happy": 0.86798864603,
            "not_happy": 0.132011324167
        },
        "probability": 0.86798864603,
        "value": "happy"
    },
    "mood_party": {
        "all": {
            "not_party": 0.833361983299,
            "party": 0.1666380018
        },
        "probability": 0.833361983299,
        "value": "not_party"
    },
    "mood_relaxed": {
        "all": {
            "not_relaxed": 0.886652886868,
            "relaxed": 0.113347135484
        },
        "probability": 0.886652886868,
        "value": "not_relaxed"
    },
    "mood_sad": {
        "all": {
            "not_sad": 0.955536067486,
            "sad": 0.0444639362395
        },
        "probability": 0.955536067486,
        "value": "not_sad"
    },
    "moods_mirex": {
        "all": {
            "Cluster1": 0.139214172959,
            "Cluster2": 0.0400831289589,
            "Cluster3": 0.133992433548,
            "Cluster4": 0.0439733229578,
            "Cluster5": 0.642736911774
        },
        "probability": 0.642736911774,
        "value": "Cluster5"
    },
    "timbre": {
        "all": {
            "bright": 0.278731971979,
            "dark": 0.721267998219
        },
        "probability": 0.721267998219,
        "value": "dark"
    },
    "tonal_atonal": {
        "all": {
            "atonal": 0.000749688595533,
            "tonal": 0.999250292778
        },
        "probability": 0.999250292778,
        "value": "tonal"
    },
    "voice_instrumental": {
        "all": {
            "instrumental": 0.000139379335451,
            "voice": 0.999860644341
        },
        "probability": 0.999860644341,
        "value": "voice"
    }
},
"lowlevel": {
    "average_loudness": 0.984737277031,
    "barkbands_crest": {
        "dmean": 2.10899829865,
        "dmean2": 3.38259887695,
        "dvar": 3.52529454231,
        "dvar2": 7.9836602211,
        "max": 16.5830535889,
        "mean": 6.98576450348,
        "median": 6.31306171417,
        "min": 2.52551317215,
        "var": 7.56947851181
    },
    "barkbands_flatness_db": {
        "dmean": 0.0140167213976,
        "dmean2": 0.0223887246102,
        "dvar": 0.000147811704664,
        "dvar2": 0.000371677277144,
        "max": 0.181562185287,
        "mean": 0.110110469162,
        "median": 0.11222204566,
        "min": 0.0476114228368,
        "var": 0.000478293077322
    },
    "barkbands_kurtosis": {
        "dmean": 0.700119316578,
        "dmean2": 1.17487704754,
        "dvar": 0.638693869114,
        "dvar2": 1.76441550255,
        "max": 7.50054740906,
        "mean": -0.263265520334,
        "median": -0.411297082901,
        "min": -1.77004611492,
        "var": 0.804231584072
    },
    "barkbands_skewness": {
        "dmean": 0.337876617908,
        "dmean2": 0.540329933167,
        "dvar": 0.110953941941,
        "dvar2": 0.283649891615,
        "max": 2.74967122078,
        "mean": 0.661946296692,
        "median": 0.644900083542,
        "min": -1.56895887852,
        "var": 0.237329870462
    },
    "barkbands_spread": {
        "dmean": 5.25692987442,
        "dmean2": 8.10625076294,
        "dvar": 35.2034072876,
        "dvar2": 68.7646408081,
        "max": 105.858566284,
        "mean": 31.1092700958,
        "median": 28.4450492859,
        "min": 11.0131196976,
        "var": 168.248123169
    },
    "dissonance": {
        "dmean": 0.0115270549431,
        "dmean2": 0.0195257663727,
        "dvar": 0.000121102544654,
        "dvar2": 0.00033256658935,
        "max": 0.499999850988,
        "mean": 0.481793731451,
        "median": 0.485896736383,
        "min": 0.404807627201,
        "var": 0.000206392767723
    },
    "dynamic_complexity": 1.03437459469,
    "erbbands_crest": {
        "dmean": 2.13773751259,
        "dmean2": 3.46054792404,
        "dvar": 3.88558268547,
        "dvar2": 9.56492996216,
        "max": 24.8691749573,
        "mean": 7.90999984741,
        "median": 7.12838602066,
        "min": 2.56007647514,
        "var": 10.0080718994
    },
    "erbbands_flatness_db": {
        "dmean": 0.0131005207077,
        "dmean2": 0.0199317410588,
        "dvar": 0.000164688855875,
        "dvar2": 0.000341526989359,
        "max": 0.230436757207,
        "mean": 0.160299107432,
        "median": 0.162415131927,
        "min": 0.0606745928526,
        "var": 0.000718561874237
    },
    "erbbands_kurtosis": {
        "dmean": 0.520176827908,
        "dmean2": 0.834676027298,
        "dvar": 0.288295567036,
        "dvar2": 0.70364356041,
        "max": 4.61168432236,
        "mean": -0.186628192663,
        "median": -0.399445056915,
        "min": -1.4306524992,
        "var": 0.694226861
    },
    "erbbands_skewness": {
        "dmean": 0.302669763565,
        "dmean2": 0.47116407752,
        "dvar": 0.0641327425838,
        "dvar2": 0.145263284445,
        "max": 1.27988576889,
        "mean": -0.15321432054,
        "median": -0.154156684875,
        "min": -2.06741857529,
        "var": 0.2995865345
    },
    "erbbands_spread": {
        "dmean": 4.95570230484,
        "dmean2": 7.78215932846,
        "dvar": 30.6488399506,
        "dvar2": 72.8588027954,
        "max": 88.9359588623,
        "mean": 31.9101753235,
        "median": 30.6350593567,
        "min": 9.96822357178,
        "var": 109.869499207
    },
    "hfc": {
        "dmean": 9.72964000702,
        "dmean2": 13.8086948395,
        "dvar": 358.811737061,
        "dvar2": 584.436706543,
        "max": 427.382873535,
        "mean": 37.015953064,
        "median": 28.0785388947,
        "min": 8.92869091034,
        "var": 1465.2376709
    },
    "melbands_crest": {
        "dmean": 3.43048191071,
        "dmean2": 5.31684064865,
        "dvar": 9.78298568726,
        "dvar2": 22.2629871368,
        "max": 29.1101131439,
        "mean": 11.5317306519,
        "median": 10.4011230469,
        "min": 3.68954920769,
        "var": 21.1381530762
    },
    "melbands_flatness_db": {
        "dmean": 0.0197120308876,
        "dmean2": 0.0307823233306,
        "dvar": 0.000355598167516,
        "dvar2": 0.000821606779937,
        "max": 0.258368045092,
        "mean": 0.156240910292,
        "median": 0.159946545959,
        "min": 0.0364125780761,
        "var": 0.00124215020332
    },
    "melbands_kurtosis": {
        "dmean": 2.13459873199,
        "dmean2": 3.55267000198,
        "dvar": 8.47112846375,
        "dvar2": 23.9391040802,
        "max": 30.7437400818,
        "mean": 3.0129263401,
        "median": 2.25417613983,
        "min": -1.40680360794,
        "var": 9.42626094818
    },
    "melbands_skewness": {
        "dmean": 0.473364114761,
        "dmean2": 0.749912083149,
        "dvar": 0.235678330064,
        "dvar2": 0.643757402897,
        "max": 4.96912527084,
        "mean": 1.62008166313,
        "median": 1.5810803175,
        "min": -0.0882364958525,
        "var": 0.501557290554
    },
    "melbands_spread": {
        "dmean": 8.49444484711,
        "dmean2": 13.2741527557,
        "dvar": 117.935890198,
        "dvar2": 250.66897583,
        "max": 206.012619019,
        "mean": 36.8596076965,
        "median": 32.8685646057,
        "min": 10.1684246063,
        "var": 414.415130615
    },
    "pitch_salience": {
        "dmean": 0.0654699578881,
        "dmean2": 0.102398432791,
        "dvar": 0.00295842671767,
        "dvar2": 0.00720466393977,
        "max": 0.807951271534,
        "mean": 0.618748307228,
        "median": 0.629217147827,
        "min": 0.318848282099,
        "var": 0.0071775293909
    },
    "silence_rate_20dB": {
        "dmean": 0,
        "dmean2": 0,
        "dvar": 0,
        "dvar2": 0,
        "max": 1,
        "mean": 1,
        "median": 1,
        "min": 1,
        "var": 0
    },
    "silence_rate_30dB": {
        "dmean": 0,
        "dmean2": 0,
        "dvar": 0,
        "dvar2": 0,
        "max": 1,
        "mean": 1,
        "median": 1,
        "min": 1,
        "var": 0
    },
    "silence_rate_60dB": {
        "dmean": 0,
        "dmean2": 0,
        "dvar": 0,
        "dvar2": 0,
        "max": 0,
        "mean": 0,
        "median": 0,
        "min": 0,
        "var": 0
    },
    "spectral_centroid": {
        "dmean": 207.10760498,
        "dmean2": 328.763763428,
        "dvar": 36339.1171875,
        "dvar2": 83721.46875,
        "max": 4002.11474609,
        "mean": 1745.95141602,
        "median": 1695.72180176,
        "min": 870.740905762,
        "var": 148292.5
    },
    "spectral_complexity": {
        "dmean": 3.55650162697,
        "dmean2": 5.67312145233,
        "dvar": 7.9542517662,
        "dvar2": 18.9264755249,
        "max": 56,
        "mean": 34.634185791,
        "median": 34,
        "min": 11,
        "var": 26.6001567841
    },
    "spectral_decrease": {
        "dmean": 2.29770136251e-09,
        "dmean2": 3.73890651773e-09,
        "dvar": 8.42207920023e-18,
        "dvar2": 2.22826409718e-17,
        "max": -2.71996047907e-09,
        "mean": -8.240798266e-09,
        "median": -7.4768520264e-09,
        "min": -2.37267219205e-08,
        "var": 1.05541777609e-17
    },
    "spectral_energy": {
        "dmean": 0.00913703907281,
        "dmean2": 0.0147904250771,
        "dvar": 0.000127990992041,
        "dvar2": 0.000336602999596,
        "max": 0.09549087286,
        "mean": 0.0344601385295,
        "median": 0.0314760357141,
        "min": 0.01112427935,
        "var": 0.00016742576554
    },
    "spectral_energyband_high": {
        "dmean": 0.000614092859905,
        "dmean2": 0.000801637943368,
        "dvar": 4.18694753535e-06,
        "dvar2": 6.31694592812e-06,
        "max": 0.0430615134537,
        "mean": 0.00145647849422,
        "median": 0.000366735097487,
        "min": 6.91027162247e-05,
        "var": 1.84538275789e-05
    },
    "spectral_energyband_low": {
        "dmean": 0.00627774372697,
        "dmean2": 0.0104168271646,
        "dvar": 8.58164567035e-05,
        "dvar2": 0.000229260374908,
        "max": 0.0713860094547,
        "mean": 0.0111168827862,
        "median": 0.00781600736082,
        "min": 0.000836043385789,
        "var": 9.47345251916e-05
    },
    "spectral_energyband_middle_high": {
        "dmean": 0.00263018906116,
        "dmean2": 0.00405325368047,
        "dvar": 7.89352179709e-06,
        "dvar2": 1.86080415006e-05,
        "max": 0.0414168424904,
        "mean": 0.0105313453823,
        "median": 0.00881881546229,
        "min": 0.00244226213545,
        "var": 2.72716697509e-05
    },
    "spectral_energyband_middle_low": {
        "dmean": 0.00437979074195,
        "dmean2": 0.0071786204353,
        "dvar": 4.03421472583e-05,
        "dvar2": 0.000106188097561,
        "max": 0.0592892356217,
        "mean": 0.0127043267712,
        "median": 0.010976457037,
        "min": 0.00231456127949,
        "var": 4.92998988193e-05
    },
    "spectral_entropy": {
        "dmean": 0.0857386291027,
        "dmean2": 0.129619330168,
        "dvar": 0.00794683862478,
        "dvar2": 0.0130256926641,
        "max": 8.78730487823,
        "mean": 7.74679899216,
        "median": 7.68697595596,
        "min": 7.33263874054,
        "var": 0.0545480921865
    },
    "spectral_flux": {
        "dmean": 0.022900197655,
        "dmean2": 0.0353619419038,
        "dvar": 0.000599105725996,
        "dvar2": 0.00112615793478,
        "max": 0.251818031073,
        "mean": 0.103314295411,
        "median": 0.0922245383263,
        "min": 0.0508416108787,
        "var": 0.00128308439162
    },
    "spectral_kurtosis": {
        "dmean": 1.70437061787,
        "dmean2": 2.91029763222,
        "dvar": 2.5664665699,
        "dvar2": 7.23348760605,
        "max": 17.6078929901,
        "mean": 5.13231563568,
        "median": 4.92516756058,
        "min": -1.30767738819,
        "var": 5.76811790466
    },
    "spectral_rms": {
        "dmean": 0.000725764431991,
        "dmean2": 0.00115073192865,
        "dvar": 6.29685473541e-07,
        "dvar2": 1.60633055657e-06,
        "max": 0.00965203717351,
        "mean": 0.00570959039032,
        "median": 0.00554150948301,
        "min": 0.00329438247718,
        "var": 1.02017759218e-06
    },
    "spectral_rolloff": {
        "dmean": 554.080322266,
        "dmean2": 902.109985352,
        "dvar": 723757.875,
        "dvar2": 1236504.25,
        "max": 11993.9941406,
        "mean": 2252.13891602,
        "median": 1894.921875,
        "min": 279.931640625,
        "var": 3030927.5
    },
    "spectral_skewness": {
        "dmean": 0.202332466841,
        "dmean2": 0.338676810265,
        "dvar": 0.0301409736276,
        "dvar2": 0.0812224596739,
        "max": 2.4831495285,
        "mean": 1.48399806023,
        "median": 1.48784852028,
        "min": 0.311073750257,
        "var": 0.104315243661
    },
    "spectral_spread": {
        "dmean": 419506.96875,
        "dmean2": 574166.4375,
        "dvar": 447713771520,
        "dvar2": 540566355968,
        "max": 14483137,
        "mean": 3670846,
        "median": 3225753.75,
        "min": 2016742.375,
        "var": 2.83657397862e+12
    },
    "spectral_strongpeak": {
        "dmean": 0.658356785774,
        "dmean2": 1.15181493759,
        "dvar": 1.46117222309,
        "dvar2": 4.01966524124,
        "max": 15.6796245575,
        "mean": 1.02478027344,
        "median": 0.275776296854,
        "min": 0,
        "var": 2.03249430656
    },
    "zerocrossingrate": {
        "dmean": 0.0100879967213,
        "dmean2": 0.0113893207163,
        "dvar": 0.000255469320109,
        "dvar2": 0.000218215325731,
        "max": 0.36474609375,
        "mean": 0.0716104283929,
        "median": 0.0595703125,
        "min": 0.0283203125,
        "var": 0.00199170573615
    },
    "barkbands": {
        "dmean": [0.000725852383766, 0.00413772882894, 0.00230813282542, 0.00175411964301, 0.00158459460363, 0.000904798391275, 0.000812601298094, 0.00118447211571, 0.00128648325335, 0.000889581686351, 0.000501766102389, 0.000475393811939, 0.000506855663843, 0.000471983861644, 0.000295256351819, 0.000311568757752, 0.00086987047689, 0.000666877313051, 0.000208914236282, 0.000115746894153, 7.33929337002e-05, 8.00824782345e-05, 0.000152108521434, 0.000196131732082, 0.000162265161634, 5.20009816682e-05, 3.68497339309e-08],
        "dmean2": [0.00112099840771, 0.00672077247873, 0.00407020002604, 0.0030152881518, 0.00270869210362, 0.00147118070163, 0.00133404904045, 0.00184792140499, 0.00204545632005, 0.00141922477633, 0.00078243779717, 0.000773922598455, 0.000810566358268, 0.000761649513151, 0.000489984406158, 0.000522306654602, 0.00142226216849, 0.00111370754894, 0.000344134547049, 0.000189070371562, 0.000115265909699, 0.000120164142572, 0.000232573627727, 0.000251243676757, 0.000228529490414, 6.88928048476e-05, 6.92041837169e-08],
        "dvar": [1.43059378388e-06, 3.35627883032e-05, 1.69184277183e-05, 1.06123197838e-05, 9.33071714826e-06, 1.22133167224e-06, 1.3477945231e-06, 2.19727712647e-06, 2.59658895629e-06, 2.94395363198e-06, 5.69242729398e-07, 6.45995044124e-07, 6.91200000347e-07, 4.45724339215e-07, 1.14850607247e-07, 1.41848104818e-07, 1.16242324566e-06, 6.74633611197e-07, 5.19395264575e-08, 2.00432008768e-08, 1.27048931375e-08, 3.14501065191e-08, 3.56336926188e-07, 8.7319102704e-07, 7.38635833386e-07, 6.19580404759e-08, 1.39288306908e-13],
        "dvar2": [3.2163202377e-06, 8.29562704894e-05, 4.870068733e-05, 2.88391074719e-05, 2.62269477389e-05, 3.23031940752e-06, 3.20302251566e-06, 5.08350376549e-06, 5.92145124756e-06, 6.14240980212e-06, 9.91669367068e-07, 1.61538696375e-06, 1.56007820351e-06, 9.5237419373e-07, 2.85146342094e-07, 3.52944482529e-07, 2.8440533697e-06, 1.651166599e-06, 1.34323869361e-07, 5.24695131787e-08, 2.82056920042e-08, 7.09294525336e-08, 7.05352590558e-07, 1.46455261074e-06, 1.38940356464e-06, 1.03275610286e-07, 4.06653145402e-13],
        "max": [0.00875670555979, 0.044317971915, 0.0295628812164, 0.0265602115542, 0.0268801786005, 0.0105006992817, 0.0137150166556, 0.0216941479594, 0.0213433764875, 0.0257189217955, 0.02190894261, 0.0138369919732, 0.0157825909555, 0.0140610570088, 0.00432351790369, 0.00624860124663, 0.0117761353031, 0.00797319039702, 0.00238012289628, 0.00227459985763, 0.00153789483011, 0.00368958199397, 0.0116651244462, 0.0184590537101, 0.0228213202208, 0.00778259243816, 8.74308079801e-06],
        "mean": [0.000858880695887, 0.00620663911104, 0.00307510909624, 0.00195330800489, 0.00229951413348, 0.00156144378707, 0.00142269465141, 0.00217457883991, 0.00258668418974, 0.0020384893287, 0.000972763635218, 0.000871893309522, 0.00101216626354, 0.000910790113267, 0.000622235587798, 0.000679543183651, 0.00181948114187, 0.00127255870029, 0.000503857852891, 0.000257964566117, 0.000156721478561, 0.000157925751409, 0.000297544669593, 0.000364107196219, 0.000296438694932, 8.68238857947e-05, 2.44562965435e-08],
        "median": [0.000287958944682, 0.00378316221759, 0.00228141248226, 0.00112017255742, 0.00164716609288, 0.00118335231673, 0.000883920700289, 0.00130493822508, 0.00155095616356, 0.000727303093299, 0.000662438280415, 0.000597849430051, 0.000682393787429, 0.000583295535762, 0.000506716256496, 0.000562322267797, 0.00146952352952, 0.000986021128483, 0.000416176917497, 0.000192935884115, 8.32472069305e-05, 7.04959820723e-05, 5.39333595952e-05, 2.65856087935e-05, 1.84284963325e-05, 6.89027410772e-06, 8.49057379959e-10],
        "min": [8.19388446871e-07, 0.000118558520626, 2.49206077569e-05, 1.67274038176e-06, 3.48426692653e-05, 4.74440275866e-05, 4.89842495881e-05, 5.76962447667e-05, 0.000154771871166, 4.70363447675e-05, 5.52727651666e-05, 5.12352235091e-05, 5.34399732715e-05, 4.16764960391e-05, 6.53430470265e-05, 0.000111387103971, 0.000209338046261, 0.000186688717804, 9.6347554063e-05, 3.25223591062e-05, 1.41975451697e-05, 1.02325675471e-05, 4.28809198638e-06, 6.51775792448e-07, 1.35963119874e-07, 1.54293702814e-10, 8.64198729938e-12],
        "var": [1.89455533928e-06, 4.38663118985e-05, 1.17836698337e-05, 8.83872417035e-06, 7.24700976207e-06, 1.77087031261e-06, 2.87967759505e-06, 6.21800018052e-06, 8.24976905278e-06, 1.31602810143e-05, 1.66386689671e-06, 1.21324069369e-06, 1.57056672379e-06, 1.29923398617e-06, 2.18328366941e-07, 2.3152240658e-07, 1.63139009146e-06, 9.37875597629e-07, 9.7025441903e-08, 4.11119458477e-08, 3.34932259705e-08, 6.57530989656e-08, 1.1796336139e-06, 2.95261884276e-06, 2.07408243114e-06, 1.74203435677e-07, 8.13781347538e-14]
    },
    "erbbands": {
        "dmean": [0.166792139411, 0.91185182333, 2.5042746067, 4.16884660721, 5.88699054718, 5.07693052292, 7.68569946289, 6.76983499527, 11.2816619873, 13.4572792053, 28.993932724, 30.9014129639, 26.622882843, 23.6428718567, 22.2930450439, 19.3492527008, 21.8471317291, 24.7818584442, 15.4386777878, 15.9596128464, 18.9054527283, 47.5383071899, 46.0477523804, 11.6268253326, 9.85570240021, 5.1472029686, 3.03663158417, 3.14732074738, 2.79485154152, 3.33781552315, 4.63883590698, 4.50033426285, 2.9443089962, 2.04046392441, 1.16261196136, 0.371698260307, 0.0823226645589, 0.00403492106125, 0.000100697754533, 1.75509157998e-05],
        "dmean2": [0.243617787957, 1.58482325077, 4.43262195587, 7.15931415558, 10.313416481, 8.6387090683, 12.4556217194, 11.1731357574, 18.2481880188, 21.7440929413, 44.64245224, 49.1936073303, 42.1128883362, 36.5943565369, 34.4756317139, 31.5494651794, 34.9743309021, 39.4236831665, 24.9615917206, 26.9152851105, 31.3414020538, 77.3390808105, 76.688293457, 19.0041465759, 16.2860050201, 8.40316772461, 4.92371511459, 4.88102483749, 4.17926216125, 4.96651935577, 6.86180782318, 5.85471773148, 3.81257462502, 2.81283545494, 1.5658749342, 0.506042480469, 0.111824706197, 0.00574483815581, 0.000135141512146, 2.57003302977e-05],
        "dvar": [0.0559986270964, 2.18405747414, 22.2559871674, 36.2289657593, 227.364624023, 58.0886535645, 100.284790039, 69.0101776123, 289.42074585, 360.75692749, 1293.69189453, 1446.33557129, 3042.13720703, 1999.32250977, 1277.16601562, 910.051208496, 1254.15686035, 1354.80151367, 320.209838867, 323.929962158, 490.904266357, 3610.32885742, 3340.81738281, 162.747528076, 115.808036804, 43.1061172485, 20.8518695831, 24.3503437042, 32.2482376099, 110.833892822, 336.780761719, 463.22958374, 202.971633911, 123.266639709, 33.7489585876, 2.67041707039, 0.210836291313, 0.000675892923027, 2.73020560826e-07, 1.55897250664e-09],
        "dvar2": [0.109734132886, 6.36664915085, 65.1604995728, 99.6756515503, 625.061706543, 162.787109375, 271.151428223, 178.434020996, 680.116210938, 896.767028809, 3042.18261719, 3478.48071289, 6490.30566406, 4493.19873047, 2239.10449219, 2306.36450195, 3038.48364258, 2845.43701172, 755.700805664, 833.606872559, 1164.1895752, 8895.85253906, 8126.29443359, 405.075683594, 284.668212891, 107.316810608, 48.7959442139, 52.2335395813, 68.8521499634, 235.410491943, 604.582641602, 744.852844238, 361.721160889, 229.176879883, 70.3296051025, 4.61071681976, 0.399751991034, 0.00135053228587, 5.04498757437e-07, 2.79170730977e-09],
        "max": [1.73694515228, 11.6583585739, 34.6094665527, 46.188041687, 121.238395691, 69.8114395142, 115.024803162, 69.6011047363, 225.734710693, 281.828277588, 511.625091553, 442.767364502, 910.695007324, 832.350891113, 1058.25524902, 541.969116211, 691.813842773, 841.177368164, 235.389663696, 200.557983398, 379.028961182, 780.001464844, 557.02923584, 149.099502563, 109.493614197, 113.996627808, 65.8173828125, 61.1818008423, 107.43082428, 206.602127075, 375.558868408, 516.557556152, 320.498809814, 310.312866211, 128.629302979, 40.0607337952, 15.0207977295, 0.819838941097, 0.0168252382427, 0.0010474214796],
        "mean": [0.226281940937, 1.19590127468, 3.45394492149, 5.36881494522, 6.39697217941, 7.89551687241, 13.0313920975, 11.5300540924, 19.3588638306, 25.4469852448, 53.8637313843, 61.0868873596, 63.9096221924, 51.5134506226, 47.3648529053, 40.4600868225, 47.5190315247, 51.005191803, 35.2669334412, 35.5944366455, 44.3585128784, 100.440963745, 88.5369796753, 28.8402881622, 24.2385978699, 12.3243837357, 6.75282478333, 6.32009124756, 5.55658864975, 6.15184688568, 9.11312580109, 8.74341201782, 5.28319501877, 3.61384963989, 1.93508672714, 0.614190220833, 0.128757104278, 0.00605058670044, 0.000179449169082, 5.67995666643e-05],
        "median": [0.097010821104, 0.826265335083, 2.57066297531, 3.59000253677, 3.53654241562, 5.79839849472, 9.28853416443, 8.8657951355, 12.093878746, 16.9524078369, 35.1589660645, 41.2252883911, 23.659576416, 22.9339160919, 30.8532428741, 28.0221996307, 32.1812362671, 33.6713371277, 28.4824867249, 29.7391395569, 37.4751472473, 80.9988937378, 69.9513397217, 24.3945560455, 19.4673576355, 9.27066993713, 3.76468873024, 3.31748127937, 2.55741000175, 1.87627005577, 1.52475881577, 0.686675071716, 0.399696648121, 0.229504600167, 0.119671009481, 0.0445821136236, 0.00985040236264, 0.000416212016717, 3.20392864523e-05, 4.14454443671e-05],
        "min": [0.00388978724368, 0.0366438962519, 0.067952439189, 0.193744912744, 0.270118713379, 0.206853866577, 0.666144073009, 0.601457118988, 1.18047177792, 1.20189094543, 2.75512695312, 4.31844568253, 2.0520772934, 2.37951540947, 4.35912418365, 3.95666861534, 2.29393339157, 4.49244642258, 4.768014431, 5.28926753998, 7.42193555832, 15.391576767, 12.7526674271, 4.48646879196, 4.03303146362, 1.59825062752, 0.817910552025, 0.47494623065, 0.372977554798, 0.258594095707, 0.111254662275, 0.0317561589181, 0.011062912643, 0.00220495299436, 0.000217048771447, 3.21368206642e-05, 1.21296443467e-05, 4.60434557681e-06, 9.34852687351e-06, 1.6483149011e-05],
        "var": [0.0951038748026, 1.7075150013, 14.6216001511, 31.7468128204, 157.127365112, 57.8298912048, 167.783752441, 91.2115783691, 582.447021484, 850.804260254, 3468.42993164, 3386.53857422, 11650.9550781, 7897.34814453, 4070.67749023, 2159.40844727, 3111.33105469, 4342.97216797, 644.890441895, 528.596801758, 839.823974609, 4936.49707031, 4342.81884766, 288.621429443, 234.121612549, 90.7126541138, 51.4057312012, 59.3058052063, 72.6710357666, 245.8072052, 1209.00134277, 1785.27258301, 608.09362793, 334.410736084, 85.2209243774, 7.44256544113, 0.520195424557, 0.00177779584192, 7.74229135914e-07, 4.97789853782e-09]
    },
    "gfcc": {
        "mean": [47.8686294556, 104.769386292, -140.690032959, 36.7531204224, -51.2730827332, 16.887638092, -37.6070365906, 22.5948352814, -19.3118934631, -1.23381400108, -14.2857198715, 2.28628468513, -13.3964252472],
        "cov": [[732.438232422, -664.409912109, 318.516540527, -0.81282633543, -134.114624023, 156.462921143, -132.312652588, 64.3911056519, -62.9697761536, 44.494934082, -89.3433151245, 40.6055984497, -72.1380233765], [-664.409912109, 886.469360352, -400.956665039, 18.8263072968, 169.851760864, -217.730072021, 184.116973877, -102.649513245, 79.1270294189, -51.6434173584, 90.6572189331, -47.4404945374, 70.6299972534], [318.516540527, -400.956665039, 320.074859619, -12.1843957901, -35.1690673828, 111.937042236, -109.188941956, 68.3873748779, -44.551738739, 38.9490661621, -36.8034248352, 40.3965263367, -33.7826118469], [-0.81282633543, 18.8263072968, -12.1843957901, 161.981903076, 3.23408508301, -32.4214172363, -19.3553848267, -41.8025970459, 32.290222168, 4.33814287186, 9.85402965546, -18.6017475128, 19.7784919739], [-134.114624023, 169.851760864, -35.1690673828, 3.23408508301, 167.554611206, -26.0868263245, 43.1866989136, 13.6039113998, 17.8697872162, 14.4569969177, 23.078584671, 17.0076732635, 8.15573406219], [156.462921143, -217.730072021, 111.937042236, -32.4214172363, -26.0868263245, 119.547058105, -18.8893260956, 43.2276268005, -22.3077945709, 2.94121623039, -11.9752378464, 12.7445774078, -18.8815746307], [-132.312652588, 184.116973877, -109.188941956, -19.3553848267, 43.1866989136, -18.8893260956, 114.052474976, -4.40669727325, 18.8342914581, -19.7350025177, 8.67523670197, -0.403825461864, 7.04094552994], [64.3911056519, -102.649513245, 68.3873748779, -41.8025970459, 13.6039113998, 43.2276268005, -4.40669727325, 80.9197998047, 5.46628379822, 15.8495473862, -2.4820971489, 11.1040964127, -8.49876785278], [-62.9697761536, 79.1270294189, -44.551738739, 32.290222168, 17.8697872162, -22.3077945709, 18.8342914581, 5.46628379822, 70.7125778198, 11.673327446, 24.8668880463, -9.88658618927, -0.111474096775], [44.494934082, -51.6434173584, 38.9490661621, 4.33814287186, 14.4569969177, 2.94121623039, -19.7350025177, 15.8495473862, 11.673327446, 56.4454231262, 8.99659347534, 13.4547472, -6.59496259689], [-89.3433151245, 90.6572189331, -36.8034248352, 9.85402965546, 23.078584671, -11.9752378464, 8.67523670197, -2.4820971489, 24.8668880463, 8.99659347534, 60.3800621033, 4.67261075974, 13.4416666031], [40.6055984497, -47.4404945374, 40.3965263367, -18.6017475128, 17.0076732635, 12.7445774078, -0.403825461864, 11.1040964127, -9.88658618927, 13.4547472, 4.67261075974, 58.7727546692, 2.4511141777], [-72.1380233765, 70.6299972534, -33.7826118469, 19.7784919739, 8.15573406219, -18.8815746307, 7.04094552994, -8.49876785278, -0.111474096775, -6.59496259689, 13.4416666031, 2.4511141777, 52.1298599243]],
        "icov": [[0.00487149460241, 0.00261641410179, -0.000723419885617, -0.00102551374584, 0.0009191420977, -0.000325530039845, -0.000420043099439, 0.000202206123504, 0.00041287401109, -0.00117019424215, 0.00225395685993, -0.00125431246124, 0.0022752052173], [0.00261641410179, 0.00967656634748, 0.000429278908996, 0.00302037363872, -0.00467395642772, 0.00838861707598, -0.00675700977445, 0.00579545460641, -0.00241450592875, 0.00292115099728, -0.00530640454963, 0.00453707342967, -0.00321135809645], [-0.000723419885617, 0.000429278908996, 0.011038496159, -0.00215954962187, -0.00090159161482, -0.00473887007684, 0.00688222283497, -0.00516733387485, 0.00292572937906, -0.00179315719288, 0.00244501885027, -0.00450422009453, 0.00240349513479], [-0.00102551374584, 0.00302037363872, -0.00215954962187, 0.0120757492259, -0.0034837895073, 0.00417417613789, -0.00149542815052, 0.00965970382094, -0.00797325745225, 0.00143989361823, -0.00233498588204, 0.00553357414901, -0.00715176016092], [0.0009191420977, -0.00467395642772, -0.00090159161482, -0.0034837895073, 0.0113190542907, -0.00309246266261, 0.000533946906216, -0.00612397352234, 0.00274507352151, -0.00420920457691, 0.00224649533629, -0.00523501448333, 0.00352087197825], [-0.000325530039845, 0.00838861707598, -0.00473887007684, 0.00417417613789, -0.00309246266261, 0.0246955491602, -0.0104518719018, 0.00118586339522, 3.39223333867e-05, 0.00619031582028, -0.00990618951619, 0.00629437714815, -0.00239562615752], [-0.000420043099439, -0.00675700977445, 0.00688222283497, -0.00149542815052, 0.000533946906216, -0.0104518719018, 0.0227727405727, -0.00644351448864, -0.000934641284402, 0.000988253275864, 0.00811783969402, -0.00807817466557, 0.00401523662731], [0.000202206123504, 0.00579545460641, -0.00516733387485, 0.00965970382094, -0.00612397352234, 0.00118586339522, -0.00644351448864, 0.028021607548, -0.0105736795813, -0.000326025066897, -0.00290902866982, 0.00615816190839, -0.00736302603036], [0.00041287401109, -0.00241450592875, 0.00292572937906, -0.00797325745225, 0.00274507352151, 3.39223333867e-05, -0.000934641284402, -0.0105736795813, 0.0260226242244, -0.00567050976679, -0.00558534311131, 0.000227002834436, 0.00751684606075], [-0.00117019424215, 0.00292115099728, -0.00179315719288, 0.00143989361823, -0.00420920457691, 0.00619031582028, 0.000988253275864, -0.000326025066897, -0.00567050976679, 0.0262626241893, -0.00631081685424, -0.00168425461743, 0.000445335608674], [0.00225395685993, -0.00530640454963, 0.00244501885027, -0.00233498588204, 0.00224649533629, -0.00990618951619, 0.00811783969402, -0.00290902866982, -0.00558534311131, -0.00631081685424, 0.0296656563878, -0.00797597505152, -0.00081576697994], [-0.00125431246124, 0.00453707342967, -0.00450422009453, 0.00553357414901, -0.00523501448333, 0.00629437714815, -0.00807817466557, 0.00615816190839, 0.000227002834436, -0.00168425461743, -0.00797597505152, 0.0266765784472, -0.00711777294055], [0.0022752052173, -0.00321135809645, 0.00240349513479, -0.00715176016092, 0.00352087197825, -0.00239562615752, 0.00401523662731, -0.00736302603036, 0.00751684606075, 0.000445335608674, -0.00081576697994, -0.00711777294055, 0.0284095294774]]
    },
    "melbands": {
        "dmean": [0.00124513322953, 0.00126854062546, 0.000783284194767, 0.000364563893527, 0.000251485354966, 0.000154212088091, 0.000170607687323, 0.000157413713168, 0.000244456954533, 0.000189179627341, 0.000135018490255, 0.000102464015072, 7.03352125129e-05, 5.84948720643e-05, 4.74102671433e-05, 4.96272114106e-05, 4.98057124787e-05, 2.66467050096e-05, 2.19661251322e-05, 2.30921996263e-05, 2.54605074588e-05, 4.7819208703e-05, 6.50401780149e-05, 2.55023423961e-05, 9.42932001635e-06, 8.34696493257e-06, 6.26703376838e-06, 3.23385688716e-06, 2.30892123909e-06, 1.70333203187e-06, 2.0382024104e-06, 1.70152975443e-06, 1.62956325767e-06, 2.11614769796e-06, 2.82128030449e-06, 3.0886692457e-06, 2.80901485894e-06, 2.32491652241e-06, 1.76028981969e-06, 1.844114081e-06],
        "dmean2": [0.00193002866581, 0.002240533242, 0.00133634754457, 0.000630653463304, 0.000410508917412, 0.000253145495662, 0.000276587554254, 0.000255869381363, 0.000373485352611, 0.000301077845506, 0.000212432612898, 0.000158463211847, 0.000110374909127, 9.49810782913e-05, 7.77378299972e-05, 7.86543751019e-05, 7.91398342699e-05, 4.30342879554e-05, 3.69601293642e-05, 3.85396815545e-05, 4.29468273069e-05, 7.81456910772e-05, 0.000107278108771, 4.28008534072e-05, 1.57484373631e-05, 1.38924988278e-05, 1.04038199424e-05, 5.32537569597e-06, 3.81100267077e-06, 2.74634248854e-06, 3.19226205647e-06, 2.61719083028e-06, 2.55651752923e-06, 3.1777433378e-06, 4.19848493038e-06, 4.80200969832e-06, 3.87009595215e-06, 3.11979533762e-06, 2.2472852379e-06, 2.76027571999e-06],
        "dvar": [2.85575538328e-06, 5.45916554984e-06, 1.80354163604e-06, 6.0738443608e-07, 1.04312036342e-07, 3.50991165021e-08, 6.28497858202e-08, 4.99411711985e-08, 8.6354454254e-08, 5.30860191361e-08, 7.77196262902e-08, 3.86004153086e-08, 1.1191141347e-08, 1.15387503996e-08, 5.05945685347e-09, 5.52900569772e-09, 5.69572344844e-09, 1.04653952171e-09, 6.45861086834e-10, 7.25269455604e-10, 8.75957528734e-10, 3.988063213e-09, 6.20769702309e-09, 9.78717329403e-10, 1.08611189487e-10, 8.7661010395e-11, 4.63975559362e-11, 1.84096089068e-11, 1.14239225718e-11, 8.53550563562e-12, 1.03820155598e-11, 1.05045373441e-11, 1.96757332649e-11, 4.96160890151e-11, 1.15763801323e-10, 2.0464853423e-10, 2.17320175744e-10, 1.307061126e-10, 6.41795991352e-11, 1.15351971031e-10],
        "dvar2": [6.03987564318e-06, 1.61779280461e-05, 4.96501888847e-06, 1.68563087755e-06, 2.89021841127e-07, 9.07803681116e-08, 1.47419186192e-07, 1.20907699852e-07, 2.02774259606e-07, 1.25673366824e-07, 1.65658619267e-07, 8.52832329201e-08, 1.97081533315e-08, 2.73578404375e-08, 1.2717435105e-08, 1.22043619655e-08, 1.22810002168e-08, 2.49767873051e-09, 1.6152583715e-09, 1.81673820432e-09, 2.1948980411e-09, 9.88971304849e-09, 1.53524233326e-08, 2.46432452222e-09, 2.7632396371e-10, 2.25824900446e-10, 1.19985146818e-10, 4.53014500912e-11, 2.86824106133e-11, 2.00269922174e-11, 2.30448403415e-11, 2.18987588479e-11, 4.83286848041e-11, 1.06418374113e-10, 2.19593718209e-10, 4.11794071065e-10, 3.78334391593e-10, 2.60336391333e-10, 9.42166483719e-11, 2.40303471566e-10],
        "max": [0.0125586930662, 0.0176378637552, 0.0106602478772, 0.00686790794134, 0.00339122675359, 0.00151403795462, 0.00321273109876, 0.00320430379361, 0.00446234783158, 0.00291486503556, 0.00467266654596, 0.00382809597068, 0.00308294920251, 0.00203984347172, 0.00168363039847, 0.00144656200428, 0.00179853395093, 0.000429108855315, 0.000389065593481, 0.000449593324447, 0.000370081048459, 0.00100488914177, 0.000661149446387, 0.000334505690262, 0.000123724676087, 0.000101202880614, 7.27315418771e-05, 7.39272800274e-05, 4.2414834752e-05, 4.82845207443e-05, 3.74673036276e-05, 5.73626784899e-05, 9.81623525149e-05, 0.000138070550747, 0.000195878470549, 0.000342907500453, 0.000330751849106, 0.000252585392445, 0.000211130187381, 0.0002794105676],
        "mean": [0.00184850418009, 0.00176295475103, 0.000985424849205, 0.000495573796798, 0.000438110640971, 0.00026323509519, 0.000298503262457, 0.000301733060041, 0.000460267445305, 0.00037130448618, 0.00031536933966, 0.000211219128687, 0.000143761426443, 0.00011568460468, 9.73818896455e-05, 0.000101231991721, 9.45580468397e-05, 5.55757433176e-05, 4.69206497655e-05, 4.65217417513e-05, 5.27152369614e-05, 9.67619052972e-05, 0.000117980009236, 4.79989757878e-05, 2.0243198378e-05, 1.89736783796e-05, 1.39279864015e-05, 6.76194713378e-06, 4.53037000625e-06, 3.25042537952e-06, 3.77689002562e-06, 3.12538418257e-06, 2.97590690934e-06, 3.60995977644e-06, 5.10138534082e-06, 5.91210164202e-06, 5.07812728756e-06, 3.83081714972e-06, 3.00049305224e-06, 3.07949949274e-06],
        "median": [0.000988742220215, 0.00131529639475, 0.000636469747405, 0.00033435568912, 0.000323883024976, 0.000204433585168, 0.000187112600543, 0.000196324894205, 0.000312520365696, 0.000233077502344, 0.000108747932245, 8.45707108965e-05, 9.72077541519e-05, 7.7681557741e-05, 6.74325128784e-05, 6.91693494446e-05, 5.8641355281e-05, 4.368476948e-05, 3.75197596441e-05, 3.78589538741e-05, 4.36547015852e-05, 7.69091420807e-05, 8.93630567589e-05, 3.74636911147e-05, 1.6925694581e-05, 1.53291948664e-05, 1.11439958346e-05, 4.71968678539e-06, 2.53536791206e-06, 1.6092955093e-06, 1.96470273295e-06, 1.47293087593e-06, 1.24471171148e-06, 9.52504024099e-07, 9.86217514765e-07, 5.13822044468e-07, 3.49945707967e-07, 2.84914790427e-07, 1.92755592821e-07, 1.8723876849e-07],
        "min": [4.86653334519e-05, 5.03957453475e-05, 3.55472366209e-05, 2.62302164629e-05, 2.59025600826e-05, 1.05260642158e-05, 1.43614661283e-05, 1.32928098537e-05, 1.76490539161e-05, 2.32384500123e-05, 9.03081763681e-06, 6.65452535031e-06, 1.14604945338e-05, 7.60608872952e-06, 7.32103490009e-06, 4.27709437645e-06, 5.18847127751e-06, 4.94696132591e-06, 5.25762652615e-06, 5.68859377381e-06, 5.6226349443e-06, 1.14051617857e-05, 1.15734146675e-05, 5.83391738473e-06, 2.16628973249e-06, 3.15974875775e-06, 1.82172914265e-06, 6.63995592731e-07, 4.41792053607e-07, 1.91489803569e-07, 1.77980993499e-07, 1.53390288915e-07, 1.30252274744e-07, 1.06323533089e-07, 7.15882677582e-08, 2.45085374218e-08, 7.1536674362e-09, 6.88249723879e-09, 2.26731011743e-09, 4.64036101211e-11],
