{
"highlevel": {
    "danceability": {
        "all": {
            "danceable": 0.0966825187206,
            "not_danceable": 0.903317511082
        },
        "probability": 0.903317511082,
        "value": "not_danceable"
    },
    "gender": {
        "all": {
            "female": 0.0739583447576,
            "male": 0.926041662693
        },
        "probability": 0.926041662693,
        "value": "male"
    },
    "genre_dortmund": {
        "all": {
            "alternative": 0.190526679158,
            "blues": 0.0630940049887,
            "electronic": 0.0290310364217,
            "folkcountry": 0.0557501353323,
            "funksoulrnb": 0.0288608893752,
            "jazz": 0.0120049845427,
            "pop": 0.0271768346429,
            "raphiphop": 0.00227025523782,
            "rock": 0.591285169125
        },
        "probability": 0.591285169125,
        "value": "rock"
    },
    "genre_electronic": {
        "all": {
            "ambient": 0.362097233534,
            "dnb": 0.136089101434,
            "house": 0.0381057336926,
            "techno": 0.0214638486505,
            "trance": 0.442244082689
        },
        "probability": 0.442244082689,
        "value": "trance"
    },
    "genre_rosamerica": {
        "all": {
            "cla": 0.000904742802959,
            "dan": 0.000243578950176,
            "hip": 0.000310554751195,
            "jaz": 0.00140837777872,
            "pop": 0.0118305236101,
            "rhy": 0.000382109312341,
            "roc": 0.9848741889,
            "spe": 4.59188922832e-05
        },
        "probability": 0.9848741889,
        "value": "roc"
    },
    "genre_tzanetakis": {
        "all": {
            "blu": 0.0626613423228,
            "cla": 0.0348169617355,
            "cou": 0.104475811124,
            "dis": 0.0784321576357,
            "hip": 0.15692435205,
            "jaz": 0.313974827528,
            "met": 0.0448166541755,
            "pop": 0.0627359300852,
            "reg": 0.0627360641956,
            "roc": 0.0784258767962
        },
        "probability": 0.313974827528,
        "value": "jaz"
    },
    "ismir04_rhythm": {
        "all": {
            "ChaChaCha": 0.134196683764,
            "Jive": 0.489008545876,
            "Quickstep": 0.058639459312,
            "Rumba-American": 0.0165266487747,
            "Rumba-International": 0.0116093670949,
            "Rumba-Misc": 0.00477328198031,
            "Samba": 0.152946352959,
            "Tango": 0.0338385999203,
            "VienneseWaltz": 0.0898430794477,
            "Waltz": 0.00861798878759
        },
        "probability": 0.489008545876,
        "value": "Jive"
    },
    "mood_acoustic": {
        "all": {
            "acoustic": 0.00574718182907,
            "not_acoustic": 0.994252800941
        },
        "probability": 0.994252800941,
        "value": "not_acoustic"
    },
    "mood_aggressive": {
        "all": {
            "aggressive": 0.952233493328,
            "not_aggressive": 0.0477665252984
        },
        "probability": 0.952233493328,
        "value": "aggressive"
    },
    "mood_electronic": {
        "all": {
            "electronic": 0.251408368349,
            "not_electronic": 0.748591601849
        },
        "probability": 0.748591601849,
        "value": "not_electronic"
    },
    "mood_happy": {
        "all": {
            "happy": 0.555136919022,
            "not_happy": 0.444863080978
        },
        "probability": 0.555136919022,
        "value": "happy"
    },
    "mood_party": {
        "all": {
            "not_party": 0.307077437639,
            "party": 0.692922592163
        },
        "probability": 0.692922592163,
        "value": "party"
    },
    "mood_relaxed": {
        "all": {
            "not_relaxed": 0.951998829842,
            "relaxed": 0.0480011627078
        },
        "probability": 0.951998829842,
        "value": "not_relaxed"
    },
    "mood_sad": {
        "all": {
            "not_sad": 0.862914562225,
            "sad": 0.137085452676
        },
        "probability": 0.862914562225,
        "value": "not_sad"
    },
    "moods_mirex": {
        "all": {
            "Cluster1": 0.584672272205,
            "Cluster2": 0.0497151762247,
            "Cluster3": 0.0396455302835,
            "Cluster4": 0.0569975152612,
            "Cluster5": 0.268969476223
        },
        "probability": 0.584672272205,
        "value": "Cluster1"
    },
    "timbre": {
        "all": {
            "bright": 0.696528792381,
            "dark": 0.303471207619
        },
        "probability": 0.696528792381,
        "value": "bright"
    },
    "tonal_atonal": {
        "all": {
            "atonal": 0.000823121285066,
            "tonal": 0.999176859856
        },
        "probability": 0.999176859856,
        "value": "tonal"
    },
    "voice_instrumental": {
        "all": {
            "instrumental": 0.00471552787349,
            "voice": 0.995284497738
        },
        "probability": 0.995284497738,
        "value": "voice"
    }
},
"lowlevel": {
    "average_loudness": 0.977871477604,
    "barkbands_crest": {
        "dmean": 2.21794557571,
        "dmean2": 3.77045249939,
        "dvar": 4.11774778366,
        "dvar2": 11.1824026108,
        "max": 17.8223800659,
        "mean": 7.35916185379,
        "median": 6.83935594559,
        "min": 2.81079983711,
        "var": 7.0237736702
    },
    "barkbands_flatness_db": {
        "dmean": 0.019238198176,
        "dmean2": 0.0296159349382,
        "dvar": 0.000237525426201,
        "dvar2": 0.000583559332881,
        "max": 0.216680288315,
        "mean": 0.11698000133,
        "median": 0.113989815116,
        "min": 0.0511303134263,
        "var": 0.000748797378037
    },
    "barkbands_kurtosis": {
        "dmean": 0.989500463009,
        "dmean2": 1.66159498692,
        "dvar": 1.77241027355,
        "dvar2": 4.44902944565,
        "max": 15.4844093323,
        "mean": 0.0982917174697,
        "median": -0.383361577988,
        "min": -1.75879704952,
        "var": 2.99429750443
    },
    "barkbands_skewness": {
        "dmean": 0.449756503105,
        "dmean2": 0.730998456478,
        "dvar": 0.182609066367,
        "dvar2": 0.450258612633,
        "max": 3.64268398285,
        "mean": 0.695599615574,
        "median": 0.643459916115,
        "min": -1.02879977226,
        "var": 0.490339070559
    },
    "barkbands_spread": {
        "dmean": 6.18897008896,
        "dmean2": 9.7871131897,
        "dvar": 36.5659866333,
        "dvar2": 90.6578140259,
        "max": 77.8833999634,
        "mean": 29.5286006927,
        "median": 28.8916225433,
        "min": 7.58366155624,
        "var": 84.0312423706
    },
    "dissonance": {
        "dmean": 0.0127303265035,
        "dmean2": 0.0215333923697,
        "dvar": 0.000171510007931,
        "dvar2": 0.00046853927779,
        "max": 0.500000059605,
        "mean": 0.478459596634,
        "median": 0.483177810907,
        "min": 0.351452440023,
        "var": 0.000314926175633
    },
    "dynamic_complexity": 1.22570180893,
    "erbbands_crest": {
        "dmean": 2.65261125565,
        "dmean2": 4.3378162384,
        "dvar": 5.55294370651,
        "dvar2": 13.6363754272,
        "max": 24.0211257935,
        "mean": 8.16951847076,
        "median": 7.27986097336,
        "min": 2.68793964386,
        "var": 13.0668582916
    },
    "erbbands_flatness_db": {
        "dmean": 0.0249396376312,
        "dmean2": 0.0358019135892,
        "dvar": 0.000460893759737,
        "dvar2": 0.000976592535153,
        "max": 0.25733473897,
        "mean": 0.155910640955,
        "median": 0.158273249865,
        "min": 0.0664083436131,
        "var": 0.00126348587219
    },
    "erbbands_kurtosis": {
        "dmean": 0.779128670692,
        "dmean2": 1.25800347328,
        "dvar": 0.550810754299,
        "dvar2": 1.27988421917,
        "max": 7.6854019165,
        "mean": 0.430348604918,
        "median": 0.230590105057,
        "min": -1.51962971687,
        "var": 1.27398610115
    },
    "erbbands_skewness": {
        "dmean": 0.333895087242,
        "dmean2": 0.52580499649,
        "dvar": 0.0814466103911,
        "dvar2": 0.186743214726,
        "max": 1.30564212799,
        "mean": -0.198938027024,
        "median": -0.229640737176,
        "min": -2.43901848793,
        "var": 0.293066769838
    },
    "erbbands_spread": {
        "dmean": 8.62924098969,
        "dmean2": 13.6750230789,
        "dvar": 70.7727813721,
        "dvar2": 163.027252197,
        "max": 92.5142288208,
        "mean": 33.3966331482,
        "median": 31.0913619995,
        "min": 9.673787117,
        "var": 172.98916626
    },
    "hfc": {
        "dmean": 10.9097700119,
        "dmean2": 16.7220516205,
        "dvar": 133.762313843,
        "dvar2": 314.228912354,
        "max": 131.680801392,
        "mean": 36.0068626404,
        "median": 33.060798645,
        "min": 3.46814036369,
        "var": 311.930969238
    },
    "melbands_crest": {
        "dmean": 3.23256063461,
        "dmean2": 5.43472766876,
        "dvar": 8.41990470886,
        "dvar2": 22.8365287781,
        "max": 27.7063026428,
        "mean": 11.9241304398,
        "median": 11.3469734192,
        "min": 3.61462020874,
        "var": 18.3987903595
    },
    "melbands_flatness_db": {
        "dmean": 0.0236997362226,
        "dmean2": 0.0374557003379,
        "dvar": 0.000420597818447,
        "dvar2": 0.00109159806743,
        "max": 0.28122574091,
        "mean": 0.144500136375,
        "median": 0.140248447657,
        "min": 0.0315984860063,
        "var": 0.00146178831346
    },
    "melbands_kurtosis": {
        "dmean": 3.59452772141,
        "dmean2": 6.15438938141,
        "dvar": 29.2555427551,
        "dvar2": 77.137588501,
        "max": 48.4322166443,
        "mean": 4.38602256775,
        "median": 2.28502225876,
        "min": -1.48465287685,
        "var": 41.5970115662
    },
    "melbands_skewness": {
        "dmean": 0.670811533928,
        "dmean2": 1.10211360455,
        "dvar": 0.498419612646,
        "dvar2": 1.27490305901,
        "max": 6.03578472137,
        "mean": 1.73829877377,
        "median": 1.61983132362,
        "min": -0.588885486126,
        "var": 1.21439886093
    },
    "melbands_spread": {
        "dmean": 9.3557806015,
        "dmean2": 15.2888040543,
        "dvar": 74.05493927,
        "dvar2": 188.388656616,
        "max": 101.269874573,
        "mean": 36.4427986145,
        "median": 35.8284797668,
        "min": 5.38348579407,
        "var": 184.095291138
    },
    "pitch_salience": {
        "dmean": 0.0641725510359,
        "dmean2": 0.105092175305,
        "dvar": 0.00282075605355,
        "dvar2": 0.00770873622969,
        "max": 0.807377815247,
        "mean": 0.574044048786,
        "median": 0.574972689152,
        "min": 0.301652252674,
        "var": 0.00766277546063
    },
    "silence_rate_20dB": {
        "dmean": 0,
        "dmean2": 0,
        "dvar": 0,
        "dvar2": 0,
        "max": 1,
        "mean": 1,
        "median": 1,
        "min": 1,
        "var": 0
    },
    "silence_rate_30dB": {
        "dmean": 0,
        "dmean2": 0,
        "dvar": 0,
        "dvar2": 0,
        "max": 1,
        "mean": 1,
        "median": 1,
        "min": 1,
        "var": 0
    },
    "silence_rate_60dB": {
        "dmean": 0.0030959751457,
        "dmean2": 0.00619674660265,
        "dvar": 0.0030863606371,
        "dvar2": 0.00925662368536,
        "max": 1,
        "mean": 0.00154679035768,
        "median": 0,
        "min": 0,
        "var": 0.00154439278413
    },
    "spectral_centroid": {
        "dmean": 235.858428955,
        "dmean2": 376.531677246,
        "dvar": 44025.6328125,
        "dvar2": 103699.8125,
        "max": 3105.63427734,
        "mean": 1732.95202637,
        "median": 1731.61047363,
        "min": 542.263305664,
        "var": 148370.765625
    },
    "spectral_complexity": {
        "dmean": 4.33823537827,
        "dmean2": 6.95429897308,
        "dvar": 15.5489425659,
        "dvar2": 37.8686180115,
        "max": 53,
        "mean": 30.2242851257,
        "median": 31,
        "min": 5,
        "var": 63.4857330322
    },
    "spectral_decrease": {
        "dmean": 2.54240006825e-09,
        "dmean2": 4.22840873426e-09,
        "dvar": 1.15007875375e-17,
        "dvar2": 3.11878490709e-17,
        "max": -4.95074148343e-10,
        "mean": -8.03426214446e-09,
        "median": -7.5125390353e-09,
        "min": -3.76849271788e-08,
        "var": 1.37080743344e-17
    },
    "spectral_energy": {
        "dmean": 0.0102115031332,
        "dmean2": 0.0168253965676,
        "dvar": 0.000177175272256,
        "dvar2": 0.000475061475299,
        "max": 0.146345362067,
        "mean": 0.033589053899,
        "median": 0.0316515415907,
        "min": 0.00238265329972,
        "var": 0.00022227349109
    },
    "spectral_energyband_high": {
        "dmean": 0.000858390936628,
        "dmean2": 0.00134942296427,
        "dvar": 1.45969693222e-06,
        "dvar2": 3.55244583261e-06,
        "max": 0.0109234070405,
        "mean": 0.00149574014358,
        "median": 0.000995906302705,
        "min": 8.73727331054e-05,
        "var": 1.9944216092e-06
    },
    "spectral_energyband_low": {
        "dmean": 0.00678148213774,
        "dmean2": 0.0120014781132,
        "dvar": 0.000156242444064,
        "dvar2": 0.000441378302639,
        "max": 0.122786596417,
        "mean": 0.00975772831589,
        "median": 0.0066503197886,
        "min": 5.06015021529e-05,
        "var": 0.000132685556309
    },
    "spectral_energyband_middle_high": {
        "dmean": 0.00357113080099,
        "dmean2": 0.00551795354113,
        "dvar": 1.2312412764e-05,
        "dvar2": 2.72905799648e-05,
        "max": 0.0451877489686,
        "mean": 0.0121176559478,
        "median": 0.0105094034225,
        "min": 0.000866267364472,
        "var": 5.13980630785e-05
    },
    "spectral_energyband_middle_low": {
        "dmean": 0.00441270601004,
        "dmean2": 0.00714390911162,
        "dvar": 2.21805894398e-05,
        "dvar2": 5.64110232517e-05,
        "max": 0.0446439310908,
        "mean": 0.0122874109074,
        "median": 0.0111979525536,
        "min": 0.000346649932908,
        "var": 5.01705508213e-05
    },
    "spectral_entropy": {
        "dmean": 0.160557478666,
        "dmean2": 0.234210968018,
        "dvar": 0.0221629310399,
        "dvar2": 0.0466720424592,
        "max": 8.57713127136,
        "mean": 7.77874183655,
        "median": 7.78941679001,
        "min": 6.83068037033,
        "var": 0.0639926120639
    },
    "spectral_flux": {
        "dmean": 0.0269733648747,
        "dmean2": 0.0419090278447,
        "dvar": 0.000888669106644,
        "dvar2": 0.00178726157174,
        "max": 0.326519876719,
        "mean": 0.105817422271,
        "median": 0.0973803624511,
        "min": 0.0312495026737,
        "var": 0.00168603181373
    },
    "spectral_kurtosis": {
        "dmean": 1.23711013794,
        "dmean2": 2.04293775558,
        "dvar": 1.13144683838,
        "dvar2": 3.17536020279,
        "max": 11.2182455063,
        "mean": 3.3403980732,
        "median": 3.16144657135,
        "min": -0.199215173721,
        "var": 2.11519908905
    },
    "spectral_rms": {
        "dmean": 0.000832493009511,
        "dmean2": 0.0013368728105,
        "dvar": 8.82985773387e-07,
        "dvar2": 2.26825977734e-06,
        "max": 0.0119488891214,
        "mean": 0.00559110706672,
        "median": 0.00555693730712,
        "min": 0.00152464408893,
        "var": 1.50931066401e-06
    },
    "spectral_rolloff": {
        "dmean": 537.963378906,
        "dmean2": 917.605651855,
        "dvar": 616970.625,
        "dvar2": 1677891.625,
        "max": 9539.20898438,
        "mean": 2046.98950195,
        "median": 2067.1875,
        "min": 172.265625,
        "var": 821739.0625
    },
    "spectral_skewness": {
        "dmean": 0.181050121784,
        "dmean2": 0.298997282982,
        "dvar": 0.0217196308076,
        "dvar2": 0.0597670227289,
        "max": 2.96194672585,
        "mean": 1.32016658783,
        "median": 1.31574892998,
        "min": 0.660837769508,
        "var": 0.0542533807456
    },
    "spectral_spread": {
        "dmean": 807869.125,
        "dmean2": 1217610.125,
        "dvar": 864502743040,
        "dvar2": 1.8155175936e+12,
        "max": 10954270,
        "mean": 4279670.5,
        "median": 3986725.25,
        "min": 2174759,
        "var": 1.51899498086e+12
    },
    "spectral_strongpeak": {
        "dmean": 0.970487713814,
        "dmean2": 1.66504621506,
        "dvar": 2.69862532616,
        "dvar2": 6.85261011124,
        "max": 11.5097866058,
        "mean": 1.47877001762,
        "median": 0.554090201855,
        "min": 0.035125952214,
        "var": 4.03761196136
    },
    "zerocrossingrate": {
        "dmean": 0.0106492172927,
        "dmean2": 0.0135292867199,
        "dvar": 0.000106155122921,
        "dvar2": 0.000161147501785,
        "max": 0.240234375,
        "mean": 0.0762768536806,
        "median": 0.07470703125,
        "min": 0.0224609375,
        "var": 0.000461373187136
    },
    "barkbands": {
        "dmean": [0.000135222726385, 0.00311044836417, 0.00337897590362, 0.00177959597204, 0.00172414223198, 0.00101344555151, 0.000693005102221, 0.000514419167303, 0.00118483486585, 0.00083469459787, 0.000634250754956, 0.00094156950945, 0.00081202731235, 0.000939953781199, 0.000900555518456, 0.000775546126533, 0.000781957467552, 0.000340719765518, 0.000248925993219, 0.00020478614897, 0.000197127155843, 0.000154144290718, 0.000121447032143, 0.000202125491342, 0.000151251151692, 7.32838816475e-05, 3.04889380409e-09],
        "dmean2": [0.000235155253904, 0.00549717107788, 0.00597342848778, 0.00303226523101, 0.00287903728895, 0.00160246575251, 0.00119630387053, 0.000851148972288, 0.0019558686763, 0.00131984672043, 0.00106009526644, 0.00149455480278, 0.00132746913005, 0.00147560180631, 0.00145563203841, 0.00123840919696, 0.00129791419022, 0.000553986465093, 0.000412781839259, 0.000333074829541, 0.000313504016958, 0.000249083968811, 0.000197885921807, 0.00033855959191, 0.000256648811046, 0.000125887221657, 4.08172162736e-09],
        "dvar": [1.10181311186e-07, 6.13465235801e-05, 2.93840057566e-05, 7.30660758563e-06, 5.76930642637e-06, 3.57882208846e-06, 1.93982555174e-06, 4.8509662065e-07, 3.97090116167e-06, 2.9314674066e-06, 1.25339738588e-06, 2.17488354792e-06, 2.95057566291e-06, 2.49246636486e-06, 2.36441724155e-06, 2.16192984226e-06, 1.21834420952e-06, 2.53813823292e-07, 1.33568406113e-07, 5.8682005033e-08, 8.37773797002e-08, 3.89638046272e-08, 3.5424037037e-08, 1.38506138114e-07, 1.13431106286e-07, 1.86777331379e-08, 3.01258766163e-15],
        "dvar2": [2.93772131954e-07, 0.00017052415933, 8.63528694026e-05, 2.01874354389e-05, 1.47786940943e-05, 8.12864072941e-06, 5.42237330592e-06, 1.29186435061e-06, 9.5949126262e-06, 6.34047228232e-06, 3.08531252813e-06, 4.59186503576e-06, 6.63542459733e-06, 5.60858234167e-06, 5.33849606654e-06, 4.84255815536e-06, 3.12999009111e-06, 5.896280868e-07, 3.40749778616e-07, 1.48562847357e-07, 1.74903902916e-07, 9.49959400032e-08, 8.63134133056e-08, 3.46603258095e-07, 2.86573225594e-07, 4.688326527e-08, 3.017385468e-15],
        "max": [0.00345091684721, 0.075943082571, 0.0425806678832, 0.0334134325385, 0.022753495723, 0.0379410162568, 0.0171487219632, 0.00747307902202, 0.0309356711805, 0.0295126605779, 0.0147296879441, 0.026709061116, 0.0278674922884, 0.0161585491151, 0.0221712887287, 0.0212913565338, 0.0134024266154, 0.00931414403021, 0.00513087958097, 0.00295085879043, 0.00718675693497, 0.00188773393165, 0.00173601822462, 0.00433527864516, 0.00410118699074, 0.00139542203397, 1.9314607016e-06],
        "mean": [0.000111046763777, 0.0031523774378, 0.00476684886962, 0.0031110511627, 0.00335018453188, 0.00153894117102, 0.00100187968928, 0.000788858102169, 0.00182040128857, 0.00144745758735, 0.000915779499337, 0.00188830448315, 0.00132526131347, 0.00141825922765, 0.00145924696699, 0.00136399944313, 0.00135512580164, 0.000636333075818, 0.000454923021607, 0.00042819781811, 0.000379084667657, 0.000285036105197, 0.000171064079041, 0.000217564767809, 0.000143672092236, 5.81854728807e-05, 2.80672307618e-09],
        "median": [1.9803928808e-05, 0.00136039941572, 0.00305401347578, 0.00205300375819, 0.00254674023017, 0.000748333579395, 0.000414877344156, 0.000479578389786, 0.000796096981503, 0.000608240719885, 0.000436550704762, 0.000975557952188, 0.000628141569905, 0.00065032299608, 0.000815409061033, 0.000834302045405, 0.000885461282451, 0.000433682143921, 0.000327729823766, 0.000332833093125, 0.00025784081663, 0.000181726471055, 9.36083379202e-05, 8.42429799377e-05, 4.43622848252e-05, 1.07751293399e-05, 4.19803330987e-10],
        "min": [4.86882214545e-08, 3.40880387739e-06, 2.25282201427e-06, 3.58732540917e-06, 1.65551100508e-05, 7.0588653216e-06, 3.06617698698e-06, 1.15636903502e-05, 1.62119085871e-05, 1.57294998644e-05, 1.35034451887e-05, 1.90889386431e-05, 1.55861016538e-05, 1.32582090373e-05, 3.83169754059e-05, 3.03338583763e-05, 5.94688426645e-05, 5.02603288624e-05, 3.3003045246e-05, 3.69576409867e-05, 2.39059045271e-05, 1.27803350551e-05, 4.54955670648e-06, 2.30010687119e-06, 4.81514961237e-09, 1.36968882417e-11, 1.16333566044e-11],
        "var": [8.4263632516e-08, 4.1914438043e-05, 2.99951880152e-05, 1.36667504194e-05, 9.27531436901e-06, 5.58192596145e-06, 2.99112980429e-06, 7.91095260411e-07, 8.19762044557e-06, 7.10297626938e-06, 1.91543313122e-06, 9.55119412538e-06, 5.61105343877e-06, 4.63350716018e-06, 4.49446861239e-06, 3.78753793484e-06, 2.07590915124e-06, 4.9983094641e-07, 1.94314594637e-07, 1.10576422685e-07, 1.79715200943e-07, 7.8101997758e-08, 4.418832944e-08, 1.39308482972e-07, 1.01370353889e-07, 1.59185749027e-08, 3.01236108032e-15]
    },
    "erbbands": {
        "dmean": [0.0739263147116, 0.789881646633, 3.33497047424, 5.1962018013, 5.21835565567, 6.78972148895, 7.50750541687, 8.75960254669, 9.46810150146, 11.9723377228, 13.7502641678, 25.9856929779, 26.6844711304, 21.2551193237, 26.4778842926, 37.8482818604, 35.7211952209, 37.0417938232, 41.794418335, 43.1109962463, 37.0877799988, 40.6113624573, 18.0819473267, 16.8197460175, 11.2482481003, 8.5658121109, 9.33559799194, 7.13305807114, 5.84813451767, 4.08011007309, 3.53051352501, 3.46755194664, 3.83167099953, 2.2607383728, 0.780666649342, 0.307068407536, 0.147037908435, 0.0171698685735, 0.000298222148558, 2.35952502408e-05],
        "dmean2": [0.127917543054, 1.42454898357, 5.92986822128, 8.96653842926, 8.55172252655, 11.4451808929, 12.0861186981, 14.0101394653, 16.0590515137, 20.4636287689, 22.5684089661, 43.2814064026, 41.8952026367, 34.6972160339, 44.4874534607, 60.0097732544, 57.5555877686, 58.6597480774, 66.541595459, 67.2315673828, 60.5119018555, 67.4682617188, 28.6742191315, 28.1620616913, 18.55809021, 13.8978595734, 14.6772413254, 11.4558544159, 9.45945835114, 6.62769985199, 5.80204820633, 5.77583408356, 6.41409111023, 3.84770703316, 1.30831682682, 0.514566242695, 0.258279681206, 0.0301964133978, 0.000519140332472, 3.85707971873e-05],
        "dvar": [0.0353123731911, 3.86083579063, 34.0425987244, 52.9623298645, 51.0008544922, 121.593917847, 182.002975464, 262.387115479, 313.526763916, 549.098937988, 402.292053223, 2286.67578125, 3249.14331055, 2849.2878418, 1927.26416016, 3495.76733398, 5778.64355469, 4533.31640625, 4241.58642578, 3959.12646484, 4296.76953125, 3677.51391602, 877.535705566, 654.681945801, 274.735473633, 96.9225082397, 212.490005493, 99.6046829224, 55.0918693542, 34.0632019043, 31.0937385559, 36.9121398926, 54.001159668, 23.8082580566, 2.78242135048, 0.334154009819, 0.0814504548907, 0.00113328266889, 3.21260301916e-07, 1.09659481495e-09],
        "dvar2": [0.0935118347406, 10.9761152267, 100.557296753, 148.172225952, 122.396629333, 323.460632324, 382.16998291, 650.632507324, 868.870666504, 1564.3972168, 1009.04760742, 5518.43847656, 7603.67529297, 7032.38671875, 4863.07373047, 7268.04101562, 12931.8349609, 9656.73925781, 9941.48535156, 8460.31738281, 10498.9169922, 9523.61035156, 1896.97888184, 1756.20898438, 738.768798828, 244.919082642, 415.263977051, 231.474685669, 132.854049683, 86.4975204468, 77.1269454956, 90.2621612549, 138.298171997, 60.7398834229, 6.86503696442, 0.851083874702, 0.204676628113, 0.00285692885518, 8.07458320651e-07, 2.72343703145e-09],
        "max": [1.49888515472, 20.5404319763, 56.9252815247, 82.4279022217, 98.4724121094, 107.655792236, 310.393829346, 193.445785522, 240.810699463, 217.56930542, 271.781005859, 867.251586914, 829.307983398, 858.475097656, 411.06262207, 1201.39086914, 1571.85351562, 882.983642578, 777.394470215, 1058.16418457, 1037.47875977, 720.218078613, 556.695800781, 267.069366455, 300.338317871, 110.332855225, 315.383728027, 207.790603638, 78.0294952393, 58.4794960022, 48.783782959, 79.2242126465, 77.1570281982, 51.2505989075, 21.0428752899, 5.45383644104, 3.13333392143, 0.379764974117, 0.0061249518767, 0.00028520799242],
        "mean": [0.0681020468473, 0.8317887187, 4.50651407242, 9.18750572205, 10.6782798767, 10.7829093933, 12.0928449631, 12.7022323608, 15.0114784241, 15.6431808472, 22.875705719, 39.1022224426, 48.5201644897, 35.4298400879, 42.7603645325, 80.478729248, 67.2032241821, 64.8235702515, 71.6369628906, 78.321975708, 74.7084274292, 73.5942459106, 38.542804718, 29.5323104858, 21.8297691345, 18.4526767731, 18.2205619812, 13.8436927795, 10.9740095139, 6.47922706604, 4.789727211, 4.09879159927, 3.82147908211, 2.11961770058, 0.751365125179, 0.266350716352, 0.110475033522, 0.0124034611508, 0.000240861336351, 5.30109718966e-05],
        "median": [0.019392311573, 0.410241961479, 2.92208886147, 6.50838279724, 6.88518285751, 7.10790681839, 6.97243261337, 6.10858058929, 7.5714673996, 7.76463508606, 12.3491973877, 16.7504730225, 19.7757930756, 17.0915699005, 23.3522567749, 43.4843215942, 36.9659423828, 33.9396247864, 42.974029541, 52.38904953, 50.7430953979, 51.0165405273, 26.5809192657, 20.2862033844, 16.7430038452, 14.6325178146, 12.4886417389, 9.37129497528, 6.92509794235, 4.05680322647, 2.55497217178, 1.90006625652, 1.28917503357, 0.598640859127, 0.245266243815, 0.0712775215507, 0.0144837591797, 0.00114290649071, 4.92235812999e-05, 4.54517030448e-05],
        "min": [0.000162798343808, 0.00318309944123, 0.00823567062616, 0.0213367938995, 0.00819763820618, 0.0763528496027, 0.0920554846525, 0.0932009965181, 0.0560817979276, 0.188042506576, 0.529035151005, 0.483196914196, 0.621629714966, 0.659264087677, 0.790307343006, 1.33904147148, 1.23858571053, 1.26576721668, 1.49439144135, 3.44553279877, 4.14591598511, 2.90089178085, 2.17346286774, 2.70020604134, 1.54811811447, 1.39940822124, 0.920618534088, 0.672138929367, 0.588169038296, 0.290037751198, 0.114281222224, 0.0624159127474, 0.0393248423934, 0.00594995124266, 0.000406465842389, 7.04093254171e-05, 9.93861340248e-06, 1.57000681611e-06, 2.257825372e-06, 3.5797199871e-06],
        "var": [0.0263593774289, 2.52204179764, 28.999710083, 86.8322601318, 131.176818848, 145.570632935, 290.765136719, 362.946502686, 513.016174316, 581.806396484, 764.487915039, 4542.99951172, 7662.94433594, 5355.90966797, 2963.07910156, 17350.3105469, 12224.5400391, 10713.7568359, 7456.24609375, 8024.19042969, 7091.62744141, 5629.65820312, 1869.1394043, 928.363220215, 388.620147705, 181.111297607, 415.810180664, 217.556213379, 114.897781372, 46.8078041077, 36.6979484558, 40.3520240784, 51.3727874756, 21.0113162994, 2.65460443497, 0.28794875741, 0.0666422918439, 0.000942801940255, 2.70504472155e-07, 1.14839149301e-09]
    },
    "gfcc": {
        "mean": [49.6918258667, 83.6017227173, -141.776367188, 41.9190216064, -55.1614723206, 22.0205593109, -43.6690406799, 5.78070878983, -26.5155849457, -2.66001749039, -21.8571777344, -6.15447425842, -10.0150442123],
        "cov": [[1174.30944824, -590.168518066, 468.384246826, -182.7134552, -74.5522689819, 86.6213912964, -58.9039344788, 136.293685913, -87.3581848145, 202.843719482, -117.064849854, 157.391220093, -131.54119873], [-590.168518066, 809.774414062, -262.417907715, 224.694366455, 71.1367645264, -77.5548782349, 84.6945266724, -142.393386841, 86.5499191284, -186.072784424, 110.86743927, -156.709228516, 127.337936401], [468.384246826, -262.417907715, 601.106018066, 35.7290840149, 38.1572570801, 59.8942184448, -42.8938293457, 128.771575928, -30.53972435, 91.9498138428, -91.0899734497, 47.1445274353, -89.7659759521], [-182.7134552, 224.694366455, 35.7290840149, 281.842651367, 62.2466125488, 5.42458248138, 10.9308137894, -17.548374176, 56.1261291504, -72.8493499756, 44.4542388916, -82.9686355591, 50.7982063293], [-74.5522689819, 71.1367645264, 38.1572570801, 62.2466125488, 171.764038086, 14.9684267044, 31.4232349396, -0.851453542709, -0.329224854708, -12.4194250107, -11.0562229156, -8.7972984314, -16.4392032623], [86.6213912964, -77.5548782349, 59.8942184448, 5.42458248138, 14.9684267044, 152.410888672, 42.1603546143, 41.8145141602, -8.69947719574, 5.04475688934, 20.4224147797, 7.37692975998, 0.406995892525], [-58.9039344788, 84.6945266724, -42.8938293457, 10.9308137894, 31.4232349396, 42.1603546143, 135.04107666, 14.4564323425, 11.9996194839, -21.4518928528, 7.08301782608, 1.04513478279, 1.81725299358], [136.293685913, -142.393386841, 128.771575928, -17.548374176, -0.851453542709, 41.8145141602, 14.4564323425, 111.777877808, 18.6269931793, 44.782043457, -29.9742774963, 15.7379951477, -22.9504585266], [-87.3581848145, 86.5499191284, -30.53972435, 56.1261291504, -0.329224854708, -8.69947719574, 11.9996194839, 18.6269931793, 105.918708801, 10.6327095032, 11.1516275406, -38.1853256226, 23.7840461731], [202.843719482, -186.072784424, 91.9498138428, -72.8493499756, -12.4194250107, 5.04475688934, -21.4518928528, 44.782043457, 10.6327095032, 122.683578491, -27.0807609558, 52.2092437744, -40.4490699768], [-117.064849854, 110.86743927, -91.0899734497, 44.4542388916, -11.0562229156, 20.4224147797, 7.08301782608, -29.9742774963, 11.1516275406, -27.0807609558, 101.125846863, -6.20462465286, 45.0882034302], [157.391220093, -156.709228516, 47.1445274353, -82.9686355591, -8.7972984314, 7.37692975998, 1.04513478279, 15.7379951477, -38.1853256226, 52.2092437744, -6.20462465286, 108.846061707, -20.0817890167], [-131.54119873, 127.337936401, -89.7659759521, 50.7982063293, -16.4392032623, 0.406995892525, 1.81725299358, -22.9504585266, 23.7840461731, -40.4490699768, 45.0882034302, -20.0817890167, 93.6103363037]],
        "icov": [[0.00203775661066, 0.000237809159444, -0.000985814956948, 6.8805697083e-05, 0.000961851095781, -0.000779591850005, 7.8125478467e-05, 0.000154153211042, 0.000729903928004, -0.00152661500033, 0.000782596296631, -0.000920400256291, 0.000346381391864], [0.000237809159444, 0.00484973657876, -0.0010170066962, 0.000233416081755, -0.00142034620512, 0.00273412233219, -0.00343254418112, 0.00396540900692, -0.00231728912331, 0.00267811142839, -0.00298810796812, 0.00366592616774, -0.00261564529501], [-0.000985814956948, -0.0010170066962, 0.0042563341558, -0.00242392462678, -0.000182063580723, -0.00117466039956, 0.0021120540332, -0.00381404557265, 0.00172397890128, -0.00107029941864, 0.0023307967931, -0.00150530587416, 0.00204603071325], [6.8805697083e-05, 0.000233416081755, -0.00242392462678, 0.00774089992046, -0.00234888726845, 0.00066923617851, -0.000368316745153, 0.00146740826312, -0.00330478465185, 0.00311934854835, -0.00325912609696, 0.00347913824953, -0.00229066098109], [0.000961851095781, -0.00142034620512, -0.000182063580723, -0.00234888726845, 0.00816588848829, -0.00184039620217, -0.000422607787186, -0.00027818835224, 0.00153915409464, -0.00169658078812, 0.00271961465478, -0.00228533102199, 0.00284143630415], [-0.000779591850005, 0.00273412233219, -0.00117466039956, 0.00066923617851, -0.00184039620217, 0.0112794190645, -0.00490055745468, -0.00117646006402, 0.000544155249372, 0.00177050195634, -0.00595179200172, 0.00392122939229, -0.00253511220217], [7.8125478467e-05, -0.00343254418112, 0.0021120540332, -0.000368316745153, -0.000422607787186, -0.00490055745468, 0.0124681349844, -0.00484026409686, -0.000357368495315, 0.00101287767757, 0.0029842723161, -0.00516673736274, 0.0035052774474], [0.000154153211042, 0.00396540900692, -0.00381404557265, 0.00146740826312, -0.00027818835224, -0.00117646006402, -0.00484026409686, 0.0196801070124, -0.0064463224262, 4.77103931189e-05, 0.000178194459295, 0.00276272953488, -0.00259071914479], [0.000729903928004, -0.00231728912331, 0.00172397890128, -0.00330478465185, 0.00153915409464, 0.000544155249372, -0.000357368495315, -0.0064463224262, 0.0179737489671, -0.00906880758703, 0.00126238283701, 0.00372864701785, -0.00197463831864], [-0.00152661500033, 0.00267811142839, -0.00107029941864, 0.00311934854835, -0.00169658078812, 0.00177050195634, 0.00101287767757, 4.77103931189e-05, -0.00906880758703, 0.0199748203158, -0.00267621781677, -0.00380715588108, 0.0025866671931], [0.000782596296631, -0.00298810796812, 0.0023307967931, -0.00325912609696, 0.00271961465478, -0.00595179200172, 0.0029842723161, 0.000178194459295, 0.00126238283701, -0.00267621781677, 0.0186525825411, -0.00595290819183, -0.00208104448393], [-0.000920400256291, 0.00366592616774, -0.00150530587416, 0.00347913824953, -0.00228533102199, 0.00392122939229, -0.00516673736274, 0.00276272953488, 0.00372864701785, -0.00380715588108, -0.00595290819183, 0.0202394481748, -0.00463558826596], [0.000346381391864, -0.00261564529501, 0.00204603071325, -0.00229066098109, 0.00284143630415, -0.00253511220217, 0.0035052774474, -0.00259071914479, -0.00197463831864, 0.0025866671931, -0.00208104448393, -0.00463558826596, 0.0193665269762]]
    },
    "melbands": {
        "dmean": [0.000757159024943, 0.00151536613703, 0.000860320229549, 0.00040170745342, 0.000266083516181, 0.000193451851374, 0.000140881034895, 0.000128871906782, 0.000143276411109, 0.000160952680744, 0.000134626403451, 8.79375220393e-05, 8.24025119073e-05, 8.90160517883e-05, 0.000124659927678, 6.47649067105e-05, 7.99544723122e-05, 7.0984919148e-05, 8.31184661365e-05, 6.07845831837e-05, 4.35606016254e-05, 4.88591540488e-05, 2.74628437182e-05, 1.36069966175e-05, 1.49671304825e-05, 8.56555379869e-06, 7.83013456385e-06, 6.10689539826e-06, 6.8617209763e-06, 4.86682165501e-06, 4.34238154412e-06, 3.76870843866e-06, 2.67811856247e-06, 2.2905728656e-06, 2.16134253606e-06, 2.03242370844e-06, 2.21199093176e-06, 2.63969423031e-06, 2.7293453968e-06, 1.71657222836e-06],
        "dmean2": [0.00133343157358, 0.00271614687517, 0.00146639544982, 0.00067197199678, 0.000433707900811, 0.000307570619043, 0.000239479413722, 0.000219319073949, 0.000236380015849, 0.000265753624262, 0.000210797225009, 0.000142855496961, 0.00013820946333, 0.000143438111991, 0.000194216700038, 0.000106362720544, 0.000126233542687, 0.000112422829261, 0.00013189195306, 9.53159033088e-05, 7.18313021935e-05, 8.0994082964e-05, 4.43487006123e-05, 2.22384569497e-05, 2.52329646173e-05, 1.44325322253e-05, 1.31195056383e-05, 9.92841705738e-06, 1.09029151645e-05, 7.61717910791e-06, 7.09169626134e-06, 6.09511971561e-06, 4.41746351498e-06, 3.76299840354e-06, 3.59042883247e-06, 3.35802133122e-06, 3.66901736015e-06, 4.43729277322e-06, 4.6666768867e-06, 2.90691468763e-06],
        "dvar": [3.70702537111e-06, 8.3017102952e-06, 1.37015615564e-06, 3.26086592395e-07, 1.69101411984e-07, 1.17056281113e-07, 7.3582370419e-08, 5.69436551245e-08, 5.26778975996e-08, 8.55314681303e-08, 8.1677093533e-08, 4.97191514626e-08, 1.89270519257e-08, 2.07808774633e-08, 4.24684536426e-08, 2.48187976837e-08, 2.12072581718e-08, 1.57076041063e-08, 2.26545928683e-08, 1.45885454828e-08, 6.52584475347e-09, 5.15103248944e-09, 3.07579628434e-09, 5.16417242302e-10, 5.53669221581e-10, 2.59844590289e-10, 9.43875949622e-11, 4.92030235999e-11, 1.30016414301e-10, 3.74358322119e-11, 4.46567331724e-11, 2.3165360255e-11, 1.36984997998e-11, 1.15618018631e-11, 1.18559407083e-11, 1.14156739617e-11, 1.52987605223e-11, 2.50343946961e-11, 3.19389410752e-11, 1.47159177205e-11],
        "dvar2": [1.01139421531e-05, 2.41426441789e-05, 3.85152725357e-06, 8.32056571198e-07, 3.73574522428e-07, 2.86313905917e-07, 2.04450827823e-07, 1.61308761903e-07, 1.32372974804e-07, 1.99907134402e-07, 1.8971029192e-07, 1.18596396703e-07, 4.79193431602e-08, 5.07669248861e-08, 9.71233831137e-08, 5.48558354296e-08, 4.66017517908e-08, 3.6571691453e-08, 4.99100245577e-08, 3.16685166979e-08, 1.67212377278e-08, 1.31688722149e-08, 7.82136488908e-09, 1.12500342375e-09, 1.48981094128e-09, 7.0155470322e-10, 2.42061565237e-10, 1.23587196033e-10, 2.65998723048e-10, 8.2355212927e-11, 1.0590209959e-10, 5.51497250645e-11, 3.54782973833e-11, 2.9405155394e-11, 3.0238866966e-11, 2.70647376038e-11, 3.84965739841e-11, 6.38431738031e-11, 8.3233427095e-11, 3.76608640107e-11],
        "max": [0.0160512644798, 0.0301472507417, 0.0120436502621, 0.00619390327483, 0.00807672087103, 0.00448813801631, 0.0037081555929, 0.00211988342926, 0.00322487554513, 0.00581537466496, 0.00411605322734, 0.00409295549616, 0.00113442842849, 0.00263413437642, 0.00412342092022, 0.00258213304915, 0.00193085079081, 0.00151743658353, 0.00239155394956, 0.00200027041137, 0.00161646853667, 0.000840178516228, 0.0012386374874, 0.00059844146017, 0.000247521180427, 0.000342591898516, 0.000114731250505, 7.67472374719e-05, 0.000233472514083, 0.000114312228106, 0.000133018111228, 5.2090123063e-05, 4.02228215535e-05, 3.77198921342e-05, 3.06244801322e-05, 4.55149638583e-05, 5.07807817485e-05, 5.75363046664e-05, 5.38280146429e-05, 4.38699826191e-05],
        "mean": [0.000739224429708, 0.00198175851256, 0.00166599522345, 0.000761347764637, 0.000447691912996, 0.000290638417937, 0.000220319125219, 0.000165102988831, 0.000224186180276, 0.000245346716838, 0.000240546156419, 0.000140999822179, 0.00012522097677, 0.000167722973856, 0.000244827213464, 0.000103918922832, 0.000127432140289, 0.000109460706881, 0.000128913365188, 0.000101656172774, 8.20623681648e-05, 8.18804328446e-05, 4.95659005537e-05, 2.54284768744e-05, 2.37762051256e-05, 1.52461279868e-05, 1.44996911331e-05, 1.18612824735e-05, 1.24404077724e-05, 8.88502381713e-06, 7.71963914303e-06, 6.72320402373e-06, 4.45985870101e-06, 3.26469194079e-06, 2.81519169221e-06, 2.54940687228e-06, 2.42526948568e-06, 2.65463336291e-06, 2.51714004662e-06, 1.56654562034e-06],
        "median": [0.000285900750896, 0.00131540477742, 0.00131611514371, 0.000562841654755, 0.000292667391477, 0.000148298073327, 0.000109449618321, 8.50951473694e-05, 0.000106503328425, 9.95393202174e-05, 9.0204506705e-05, 6.05475834163e-05, 6.65669504087e-05, 8.70477015269e-05, 0.000113205525849, 4.89031044708e-05, 5.79545303481e-05, 5.63979410799e-05, 6.80266894051e-05, 5.77483187953e-05, 5.15788742632e-05, 5.50773766008e-05, 2.89631025225e-05, 1.82440962817e-05, 1.52359216372e-05, 1.11017807285e-05, 1.11439312604e-05, 8.65320544108e-06, 8.050777069e-06, 6.10962388237e-06, 4.77225512441e-06, 4.18922263634e-06, 2.69437532552e-06, 1.89007698737e-06, 1.50637617935e-06, 1.23778636407e-06, 1.03818740627e-06, 9.03450597889e-07, 6.90515776114e-07, 4.18402038349e-07],
        "min": [8.37723916902e-07, 3.24643838212e-06, 3.75183344659e-06, 1.29141972138e-06, 5.81725907978e-06, 2.33077435041e-06, 6.44943156658e-07, 1.94331823877e-06, 3.41933832715e-06, 2.48491937782e-06, 2.93218067782e-06, 1.62357616773e-06, 1.98211932911e-06, 2.62362732428e-06, 1.73060118414e-06, 9.71076019596e-07, 1.67404959939e-06, 1.64517553003e-06, 1.98953398467e-06, 1.87065290902e-06, 2.23795882448e-06, 3.09974188895e-06, 1.90260232102e-06, 1.68865312844e-06, 1.06581126147e-06, 8.24167841529e-07, 1.08423500933e-06, 5.5503880958e-07, 5.40042833563e-07, 4.91788512136e-07, 1.56799586648e-07, 2.92852632811e-07, 1.62973407214e-07, 5.56614274672e-08, 5.83603210202e-08, 3.58903449182e-08, 1.53033052896e-08, 8.00670107992e-09, 1.62680251492e-08, 6.63411964252e-11],
