{
"highlevel": {
    "danceability": {
        "all": {
            "danceable": 0.847957134247,
            "not_danceable": 0.152042880654
        },
        "probability": 0.847957134247,
        "value": "danceable"
    },
    "gender": {
        "all": {
            "female": 0.396274626255,
            "male": 0.603725373745
        },
        "probability": 0.603725373745,
        "value": "male"
    },
    "genre_dortmund": {
        "all": {
            "alternative": 0.0602542832494,
            "blues": 0.133583605289,
            "electronic": 0.00384860183112,
            "folkcountry": 0.0252683926374,
            "funksoulrnb": 0.00740900402889,
            "jazz": 0.00203260383569,
            "pop": 0.0125555219129,
            "raphiphop": 0.00138919136953,
            "rock": 0.753658771515
        },
        "probability": 0.753658771515,
        "value": "rock"
    },
    "genre_electronic": {
        "all": {
            "ambient": 0.453237980604,
            "dnb": 0.203620001674,
            "house": 0.0496274530888,
            "techno": 0.0180119406432,
            "trance": 0.27550265193
        },
        "probability": 0.453237980604,
        "value": "ambient"
    },
    "genre_rosamerica": {
        "all": {
            "cla": 0.00333913112991,
            "dan": 0.00147683219984,
            "hip": 0.00220517884009,
            "jaz": 0.001064893906,
            "pop": 0.0114859417081,
            "rhy": 0.00124314601999,
            "roc": 0.976376593113,
            "spe": 0.00280828331597
        },
        "probability": 0.976376593113,
        "value": "roc"
    },
    "genre_tzanetakis": {
        "all": {
            "blu": 0.0626613423228,
            "cla": 0.0348169617355,
            "cou": 0.104475811124,
            "dis": 0.0784321576357,
            "hip": 0.15692435205,
            "jaz": 0.313974827528,
            "met": 0.0448166541755,
            "pop": 0.0627359300852,
            "reg": 0.0627360641956,
            "roc": 0.0784258767962
        },
        "probability": 0.313974827528,
        "value": "jaz"
    },
    "ismir04_rhythm": {
        "all": {
            "ChaChaCha": 0.304375112057,
            "Jive": 0.423458278179,
            "Quickstep": 0.165749251842,
            "Rumba-American": 0.00654672225937,
            "Rumba-International": 0.00503891659901,
            "Rumba-Misc": 0.00211031641811,
            "Samba": 0.0488898269832,
            "Tango": 0.0106262033805,
            "VienneseWaltz": 0.0308413635939,
            "Waltz": 0.00236400356516
        },
        "probability": 0.423458278179,
        "value": "Jive"
    },
    "mood_acoustic": {
        "all": {
            "acoustic": 1.80594761332e-05,
            "not_acoustic": 0.999981939793
        },
        "probability": 0.999981939793,
        "value": "not_acoustic"
    },
    "mood_aggressive": {
        "all": {
            "aggressive": 0.997238993645,
            "not_aggressive": 0.00276103289798
        },
        "probability": 0.997238993645,
        "value": "aggressive"
    },
    "mood_electronic": {
        "all": {
            "electronic": 0.0219288989902,
            "not_electronic": 0.978071093559
        },
        "probability": 0.978071093559,
        "value": "not_electronic"
    },
    "mood_happy": {
        "all": {
            "happy": 0.512228310108,
            "not_happy": 0.487771689892
        },
        "probability": 0.512228310108,
        "value": "happy"
    },
    "mood_party": {
        "all": {
            "not_party": 0.656818211079,
            "party": 0.343181788921
        },
        "probability": 0.656818211079,
        "value": "not_party"
    },
    "mood_relaxed": {
        "all": {
            "not_relaxed": 0.913247942924,
            "relaxed": 0.0867520421743
        },
        "probability": 0.913247942924,
        "value": "not_relaxed"
    },
    "mood_sad": {
        "all": {
            "not_sad": 0.979714095592,
            "sad": 0.0202858783305
        },
        "probability": 0.979714095592,
        "value": "not_sad"
    },
    "moods_mirex": {
        "all": {
            "Cluster1": 0.290104359388,
            "Cluster2": 0.0782176703215,
            "Cluster3": 0.0589841790497,
            "Cluster4": 0.0727597251534,
            "Cluster5": 0.499934047461
        },
        "probability": 0.499934047461,
        "value": "Cluster5"
    },
    "timbre": {
        "all": {
            "bright": 0.922923505306,
            "dark": 0.0770764946938
        },
        "probability": 0.922923505306,
        "value": "bright"
    },
    "tonal_atonal": {
        "all": {
            "atonal": 0.363032251596,
            "tonal": 0.636967778206
        },
        "probability": 0.636967778206,
        "value": "tonal"
    },
    "voice_instrumental": {
        "all": {
            "instrumental": 0.00175146060064,
            "voice": 0.998248517513
        },
        "probability": 0.998248517513,
        "value": "voice"
    }
},
"lowlevel": {
    "average_loudness": 0.981334865093,
    "barkbands_crest": {
        "dmean": 2.56705617905,
        "dmean2": 4.24300050735,
        "dvar": 5.99569034576,
        "dvar2": 16.0916671753,
        "max": 21.4152736664,
        "mean": 8.31712532043,
        "median": 7.629758358,
        "min": 2.70238041878,
        "var": 10.6214027405
    },
    "barkbands_flatness_db": {
        "dmean": 0.0188356339931,
        "dmean2": 0.030408071354,
        "dvar": 0.000306515488774,
        "dvar2": 0.000769993639551,
        "max": 0.362180650234,
        "mean": 0.138903930783,
        "median": 0.129559978843,
        "min": 0.066783092916,
        "var": 0.00166811933741
    },
    "barkbands_kurtosis": {
        "dmean": 1.91201889515,
        "dmean2": 3.09333372116,
        "dvar": 22.692363739,
        "dvar2": 50.9754447937,
        "max": 79.5102462769,
        "mean": 1.15942680836,
        "median": -0.57740020752,
        "min": -1.92101073265,
        "var": 39.0971794128
    },
    "barkbands_skewness": {
        "dmean": 0.553059458733,
        "dmean2": 0.866461038589,
        "dvar": 0.315942376852,
        "dvar2": 0.689418017864,
        "max": 7.86188793182,
        "mean": 0.993468225002,
        "median": 0.811169803143,
        "min": -4.08794116974,
        "var": 1.04528486729
    },
    "barkbands_spread": {
        "dmean": 6.1384510994,
        "dmean2": 9.59443187714,
        "dvar": 54.3665542603,
        "dvar2": 101.420349121,
        "max": 113.07371521,
        "mean": 32.2690505981,
        "median": 33.0865287781,
        "min": 1.74975419044,
        "var": 192.10194397
    },
    "dissonance": {
        "dmean": 0.0122675439343,
        "dmean2": 0.0203619636595,
        "dvar": 0.000292545650154,
        "dvar2": 0.000759621558245,
        "max": 0.499998778105,
        "mean": 0.476742148399,
        "median": 0.485817849636,
        "min": 0.266875863075,
        "var": 0.000828106072731
    },
    "dynamic_complexity": 1.28574776649,
    "erbbands_crest": {
        "dmean": 2.72495007515,
        "dmean2": 4.51784992218,
        "dvar": 6.33447265625,
        "dvar2": 16.3210220337,
        "max": 27.9891338348,
        "mean": 9.22383785248,
        "median": 8.23782920837,
        "min": 2.79283642769,
        "var": 15.2410964966
    },
    "erbbands_flatness_db": {
        "dmean": 0.0182987712324,
        "dmean2": 0.0270300582051,
        "dvar": 0.00034438885632,
        "dvar2": 0.000682457641233,
        "max": 0.302192300558,
        "mean": 0.161834537983,
        "median": 0.159002244473,
        "min": 0.0529030747712,
        "var": 0.00142782123294
    },
    "erbbands_kurtosis": {
        "dmean": 1.27144837379,
        "dmean2": 2.01949667931,
        "dvar": 3.07625341415,
        "dvar2": 7.24826478958,
        "max": 23.2050590515,
        "mean": 1.15516161919,
        "median": 0.566428422928,
        "min": -1.52096426487,
        "var": 5.92897987366
    },
    "erbbands_skewness": {
        "dmean": 0.38787445426,
        "dmean2": 0.59399086237,
        "dvar": 0.141374707222,
        "dvar2": 0.287255138159,
        "max": 2.93233275414,
        "mean": -0.669249653816,
        "median": -0.784093081951,
        "min": -4.01712369919,
        "var": 0.71230918169
    },
    "erbbands_spread": {
        "dmean": 8.70754337311,
        "dmean2": 13.5297040939,
        "dvar": 93.8617782593,
        "dvar2": 219.312042236,
        "max": 147.620254517,
        "mean": 34.2532272339,
        "median": 32.0652198792,
        "min": 4.0748796463,
        "var": 259.60736084
    },
    "hfc": {
        "dmean": 6.95750665665,
        "dmean2": 10.5366630554,
        "dvar": 62.249671936,
        "dvar2": 130.906890869,
        "max": 125.524856567,
        "mean": 28.1220779419,
        "median": 26.289981842,
        "min": 0.852675616741,
        "var": 215.333969116
    },
    "melbands_crest": {
        "dmean": 3.46742963791,
        "dmean2": 5.83472108841,
        "dvar": 10.0909786224,
        "dvar2": 28.6855278015,
        "max": 27.8965930939,
        "mean": 13.4219732285,
        "median": 13.0011367798,
        "min": 4.63277435303,
        "var": 19.5649757385
    },
    "melbands_flatness_db": {
        "dmean": 0.0255900789052,
        "dmean2": 0.040687751025,
        "dvar": 0.000523946306203,
        "dvar2": 0.00125993171241,
        "max": 0.466149300337,
        "mean": 0.187827110291,
        "median": 0.176765412092,
        "min": 0.0457060337067,
        "var": 0.00357999047264
    },
    "melbands_kurtosis": {
        "dmean": 5.59447574615,
        "dmean2": 8.92428016663,
        "dvar": 150.469192505,
        "dvar2": 318.184997559,
        "max": 239.372390747,
        "mean": 8.30317878723,
        "median": 3.81343507767,
        "min": -1.92009067535,
        "var": 298.379180908
    },
    "melbands_skewness": {
        "dmean": 0.739193320274,
        "dmean2": 1.19079744816,
        "dvar": 0.585137546062,
        "dvar2": 1.31828773022,
        "max": 12.7987346649,
        "mean": 2.34669828415,
        "median": 2.07282233238,
        "min": -0.735789000988,
        "var": 1.89051187038
    },
    "melbands_spread": {
        "dmean": 10.7722549438,
        "dmean2": 17.0476379395,
        "dvar": 136.172195435,
        "dvar2": 282.215789795,
        "max": 288.970306396,
        "mean": 34.9858703613,
        "median": 31.1963806152,
        "min": 1.4496011734,
        "var": 462.070343018
    },
    "pitch_salience": {
        "dmean": 0.0745107531548,
        "dmean2": 0.126044511795,
        "dvar": 0.00364719564095,
        "dvar2": 0.0108444280922,
        "max": 0.799552500248,
        "mean": 0.570790052414,
        "median": 0.578394114971,
        "min": 0.255399644375,
        "var": 0.00873426534235
    },
    "silence_rate_20dB": {
        "dmean": 0,
        "dmean2": 0,
        "dvar": 0,
        "dvar2": 0,
        "max": 1,
        "mean": 1,
        "median": 1,
        "min": 1,
        "var": 0
    },
    "silence_rate_30dB": {
        "dmean": 0,
        "dmean2": 0,
        "dvar": 0,
        "dvar2": 0,
        "max": 1,
        "mean": 1,
        "median": 1,
        "min": 1,
        "var": 0
    },
    "silence_rate_60dB": {
        "dmean": 0,
        "dmean2": 0,
        "dvar": 0,
        "dvar2": 0,
        "max": 0,
        "mean": 0,
        "median": 0,
        "min": 0,
        "var": 0
    },
    "spectral_centroid": {
        "dmean": 265.004882812,
        "dmean2": 414.426086426,
        "dvar": 80451.578125,
        "dvar2": 159125.015625,
        "max": 5580.3984375,
        "mean": 1673.16491699,
        "median": 1728.00244141,
        "min": 206.295379639,
        "var": 347098.875
    },
    "spectral_complexity": {
        "dmean": 3.6965944767,
        "dmean2": 5.96669244766,
        "dvar": 10.1231708527,
        "dvar2": 22.7772827148,
        "max": 50,
        "mean": 28.0054130554,
        "median": 31,
        "min": 2,
        "var": 97.1732788086
    },
    "spectral_decrease": {
        "dmean": 2.79484568821e-09,
        "dmean2": 4.57246995822e-09,
        "dvar": 1.0887275949e-17,
        "dvar2": 2.74742945027e-17,
        "max": -8.80312212015e-10,
        "mean": -7.92238985525e-09,
        "median": -7.01485536325e-09,
        "min": -2.89538046871e-08,
        "var": 1.55392842929e-17
    },
    "spectral_energy": {
        "dmean": 0.010896243155,
        "dmean2": 0.0177911650389,
        "dvar": 0.000162302036188,
        "dvar2": 0.000408509746194,
        "max": 0.113529548049,
        "mean": 0.0324516966939,
        "median": 0.0290069263428,
        "min": 0.0052404301241,
        "var": 0.000236081017647
    },
    "spectral_energyband_high": {
        "dmean": 0.000317954021739,
        "dmean2": 0.000433462759247,
        "dvar": 4.73028393344e-07,
        "dvar2": 8.12286486962e-07,
        "max": 0.0133242625743,
        "mean": 0.000799945148174,
        "median": 0.00046992933494,
        "min": 5.88546299696e-07,
        "var": 1.71526983195e-06
    },
    "spectral_energyband_low": {
        "dmean": 0.00643493514508,
        "dmean2": 0.0109345754609,
        "dvar": 6.51168084005e-05,
        "dvar2": 0.000173814318259,
        "max": 0.0687748715281,
        "mean": 0.0127061400563,
        "median": 0.0100614540279,
        "min": 0.000271623517619,
        "var": 9.12499381229e-05
    },
    "spectral_energyband_middle_high": {
        "dmean": 0.00224262615666,
        "dmean2": 0.00349836028181,
        "dvar": 5.58482088309e-06,
        "dvar2": 1.31683136715e-05,
        "max": 0.0293841250241,
        "mean": 0.00844477023929,
        "median": 0.00814164429903,
        "min": 1.49537463585e-05,
        "var": 2.16039206862e-05
    },
    "spectral_energyband_middle_low": {
        "dmean": 0.0067711933516,
        "dmean2": 0.011196738109,
        "dvar": 0.000122232333524,
        "dvar2": 0.000308510352625,
        "max": 0.0996884256601,
        "mean": 0.0118635585532,
        "median": 0.00877173803747,
        "min": 0.00023838558991,
        "var": 0.000122340003145
    },
    "spectral_entropy": {
        "dmean": 0.132717072964,
        "dmean2": 0.200559705496,
        "dvar": 0.0278157629073,
        "dvar2": 0.0534938573837,
        "max": 8.73581695557,
        "mean": 7.61034154892,
        "median": 7.66996145248,
        "min": 5.83001852036,
        "var": 0.13354948163
    },
    "spectral_flux": {
        "dmean": 0.0257466547191,
        "dmean2": 0.0409348383546,
        "dvar": 0.000752749096137,
        "dvar2": 0.00158454035409,
        "max": 0.278703063726,
        "mean": 0.101031780243,
        "median": 0.0949013531208,
        "min": 0.0168742537498,
        "var": 0.00154834333807
    },
    "spectral_kurtosis": {
        "dmean": 1.88297498226,
        "dmean2": 3.10048246384,
        "dvar": 3.81452822685,
        "dvar2": 10.4079837799,
        "max": 26.0194129944,
        "mean": 5.44454622269,
        "median": 4.8524312973,
        "min": -1.06238925457,
        "var": 9.28490543365
    },
    "spectral_rms": {
        "dmean": 0.000887320144102,
        "dmean2": 0.00142720027361,
        "dvar": 8.26465907267e-07,
        "dvar2": 2.03252920983e-06,
        "max": 0.0105242831632,
        "mean": 0.00548552442342,
        "median": 0.00531972199678,
        "min": 0.00226110918447,
        "var": 1.56923192662e-06
    },
    "spectral_rolloff": {
        "dmean": 469.930450439,
        "dmean2": 786.05456543,
        "dvar": 674832.8125,
        "dvar2": 1244672.375,
        "max": 9991.40625,
        "mean": 2002.97094727,
        "median": 2217.91992188,
        "min": 107.666015625,
        "var": 1852952.375
    },
    "spectral_skewness": {
        "dmean": 0.219313368201,
        "dmean2": 0.358596891165,
        "dvar": 0.048528008163,
        "dvar2": 0.113298587501,
        "max": 4.01172065735,
        "mean": 1.54393076897,
        "median": 1.48320829868,
        "min": 0.121586129069,
        "var": 0.219814226031
    },
    "spectral_spread": {
        "dmean": 535391.3125,
        "dmean2": 757161.5625,
        "dvar": 505848528896,
        "dvar2": 795663007744,
        "max": 14380910,
        "mean": 3912577.75,
        "median": 3517887.25,
        "min": 1726112.25,
        "var": 2.81117248717e+12
    },
    "spectral_strongpeak": {
        "dmean": 0.644671916962,
        "dmean2": 1.16527593136,
        "dvar": 2.0788795948,
        "dvar2": 5.63399219513,
        "max": 12.5051193237,
        "mean": 0.721482694149,
        "median": 0.306926131248,
        "min": 0.0374255739152,
        "var": 1.7517850399
    },
    "zerocrossingrate": {
        "dmean": 0.0096579156816,
        "dmean2": 0.0113545246422,
        "dvar": 0.00016829262313,
        "dvar2": 0.000177291192813,
        "max": 0.37451171875,
        "mean": 0.0673235207796,
        "median": 0.064453125,
        "min": 0.00634765625,
        "var": 0.00117724691518
    },
    "barkbands": {
        "dmean": [0.000224977819016, 0.00390516454354, 0.00304339639843, 0.00204737181775, 0.00436865212396, 0.000773584586568, 0.000908940855879, 0.000603699067142, 0.000480628223158, 0.000318906473694, 0.00014462202671, 0.000299137085676, 0.000270057440503, 0.000266854389338, 0.00052876182599, 0.000944690254983, 0.000972876965534, 0.000422275654273, 0.000225561714615, 8.39781205286e-05, 7.31622931198e-05, 5.83754190302e-05, 5.81277563469e-05, 9.36613214435e-05, 5.54943981115e-05, 2.13924431591e-05, 2.2897275187e-09],
        "dmean2": [0.000351488852175, 0.00656908471137, 0.00536844274029, 0.00365748023614, 0.00724914669991, 0.00130044587422, 0.00155741116032, 0.000990571803413, 0.00075423240196, 0.00050614803331, 0.000223864466534, 0.000467892357847, 0.000432102824561, 0.000449463055702, 0.000872411357705, 0.00157978385687, 0.0016349775251, 0.000710994878318, 0.000381912221201, 0.000137621434988, 0.000121112243505, 8.87699716259e-05, 8.04152150522e-05, 0.000132243178086, 7.67735982663e-05, 2.98191916954e-05, 3.41269612569e-09],
        "dvar": [2.24999098464e-07, 2.36732066696e-05, 1.76830817509e-05, 1.13438536573e-05, 8.37823463371e-05, 1.15218085739e-06, 3.69928966393e-06, 1.82170913376e-06, 1.04833668502e-06, 7.6493739698e-07, 8.58467572584e-08, 3.0833680853e-07, 1.40827125961e-07, 1.15663837619e-07, 5.99978079663e-07, 2.29684246733e-06, 1.45953981701e-06, 3.38838589187e-07, 1.787624484e-07, 1.37724782689e-08, 1.03052348877e-08, 1.85682313969e-08, 1.84863964137e-08, 1.0356688307e-07, 3.78420814684e-08, 2.78286638178e-09, 1.04857099041e-15],
        "dvar2": [4.59716517298e-07, 6.10169845459e-05, 5.19162385899e-05, 3.16197547363e-05, 0.000217207154492, 3.02195189761e-06, 1.00295555967e-05, 4.27408258474e-06, 2.29899364967e-06, 1.49369907376e-06, 1.70790315224e-07, 6.26275493687e-07, 3.33365022698e-07, 3.13291451448e-07, 1.48746335071e-06, 5.96037489231e-06, 3.97333360524e-06, 9.35857372042e-07, 4.89742262744e-07, 3.45471100616e-08, 2.49045495337e-08, 3.69361536912e-08, 2.74355116403e-08, 2.01117728693e-07, 8.81764350424e-08, 5.57993473649e-09, 1.05109726617e-15],
        "max": [0.00447980547324, 0.0405463576317, 0.0394184552133, 0.0296688377857, 0.0854344293475, 0.0141759589314, 0.0211683157831, 0.0256862975657, 0.0135767944157, 0.0191324222833, 0.00883600953966, 0.0106466356665, 0.00655390368775, 0.00392813561484, 0.011550786905, 0.0222022719681, 0.0123969838023, 0.00658244267106, 0.00486016040668, 0.00149040354881, 0.00151085748803, 0.00364684383385, 0.00399549584836, 0.00846779346466, 0.00446791108698, 0.0009300968959, 1.16429259833e-06],
        "mean": [0.00024818041129, 0.00685051316395, 0.00432939780876, 0.00215891096741, 0.00506028020754, 0.00125113409013, 0.00132311834022, 0.00104980682954, 0.000868296483532, 0.000622489314992, 0.000250196811976, 0.000526326301042, 0.000527445459738, 0.000471662380733, 0.00100284907967, 0.00165767606813, 0.00195706635714, 0.000942626502365, 0.000469040096505, 0.000187023222679, 0.00017159327399, 0.000105805745989, 0.000114800146548, 0.000166678466485, 0.000100832512544, 3.79523771699e-05, 2.07983386069e-09],
        "median": [8.24638991617e-05, 0.00500352494419, 0.00315763871185, 0.00115466304123, 0.00246490398422, 0.000855504127685, 0.000674313982017, 0.000559462001547, 0.000397630647058, 0.00021679137717, 0.00011626954074, 0.000302409054711, 0.000362773309462, 0.000365436659195, 0.000699951138813, 0.00103651464451, 0.00161735562142, 0.000875054101925, 0.000338005309459, 0.00015370528854, 0.000147950049723, 5.20593494002e-05, 4.69921978947e-05, 4.8358400818e-05, 2.88408227789e-05, 7.62003583077e-06, 5.17038634129e-10],
        "min": [2.12241474173e-07, 6.56213233015e-05, 2.82051987597e-05, 1.90382688743e-05, 0.00010025674419, 9.9460266938e-06, 1.35182144732e-05, 8.67465701049e-07, 3.6895314679e-06, 9.70269297795e-07, 5.34377363692e-07, 1.05982439891e-06, 1.08245558295e-06, 1.03890727132e-06, 2.24029776064e-07, 1.85338279834e-07, 3.35726485901e-06, 6.82993686496e-07, 3.38176818104e-07, 1.55835209625e-07, 1.25509245663e-07, 6.95817448104e-08, 8.1229210025e-08, 6.47745252991e-08, 1.66852964778e-09, 6.05242522767e-09, 1.59549474327e-11],
        "var": [2.62376261162e-07, 3.54613366653e-05, 1.91856815945e-05, 9.71689678408e-06, 7.27597507648e-05, 1.67290454556e-06, 3.77842025046e-06, 2.74922535937e-06, 2.10554480873e-06, 3.20691356137e-06, 3.92628550117e-07, 6.38455787794e-07, 3.32473746312e-07, 1.80546933848e-07, 1.12854763756e-06, 4.54762630397e-06, 2.82163910015e-06, 5.76216962145e-07, 2.82008215891e-07, 2.77057612408e-08, 2.38425599264e-08, 4.13177723146e-08, 7.24436830524e-08, 3.09118149744e-07, 6.21738820428e-08, 8.36847569019e-09, 1.05068476113e-15]
    },
    "erbbands": {
        "dmean": [0.112221814692, 0.946416795254, 3.00047707558, 5.54056978226, 12.0147323608, 14.8672628403, 9.13185882568, 5.13119506836, 12.4206151962, 11.4791603088, 13.0559329987, 10.5835161209, 10.4159183502, 8.58552742004, 7.23185873032, 11.8558683395, 12.0984125137, 13.6153297424, 24.7889194489, 20.6101360321, 63.2943000793, 41.1111984253, 26.7003002167, 14.1289834976, 8.05136203766, 4.35537815094, 3.1800634861, 2.70507740974, 2.09494709969, 1.7954723835, 1.7475168705, 1.92790269852, 1.61115658283, 0.789314627647, 0.336724370718, 0.135519459844, 0.0356905311346, 0.0027670962736, 5.55094775336e-05, 1.42878780025e-05],
        "dmean2": [0.18220898509, 1.62963676453, 5.26862573624, 9.88414573669, 20.1636772156, 25.3173522949, 15.3014087677, 8.77708339691, 20.8978176117, 19.1080799103, 21.0392856598, 16.2446041107, 16.128534317, 13.157784462, 10.9499521255, 18.2821483612, 18.9085140228, 22.8655738831, 40.416229248, 33.7655525208, 106.33089447, 68.7915878296, 45.0721626282, 23.6387195587, 13.5767774582, 7.19517612457, 5.22563457489, 4.34162759781, 3.26919054985, 2.57650303841, 2.37353396416, 2.77151560783, 2.31010103226, 1.1017588377, 0.483660489321, 0.191046848893, 0.050073582679, 0.00421363068745, 7.99255140009e-05, 2.2413149054e-05],
        "dvar": [0.0296041108668, 1.34357154369, 16.1876411438, 77.0459518433, 474.726196289, 1135.25585938, 190.319061279, 58.776260376, 750.575561523, 711.255554199, 545.958862305, 507.581176758, 715.338500977, 514.034729004, 215.664230347, 332.081207275, 286.973693848, 304.009857178, 1275.09887695, 1073.91137695, 9887.88378906, 2717.40820312, 1441.74719238, 484.261230469, 144.019927979, 35.3800811768, 19.2463436127, 15.960234642, 24.5024471283, 13.6860246658, 22.3872318268, 48.8595581055, 33.0803337097, 8.44932746887, 1.14051508904, 0.155688524246, 0.00635903328657, 4.90503371111e-05, 1.55044510564e-08, 2.73971567655e-10],
        "dvar2": [0.0628802627325, 3.72174501419, 48.2488708496, 213.057250977, 1213.74975586, 3028.20263672, 506.071411133, 158.290679932, 2095.36523438, 1768.9197998, 1336.90551758, 1078.33850098, 1542.15527344, 928.178833008, 382.924926758, 738.702270508, 666.059204102, 812.272583008, 3257.9074707, 2731.82397461, 25047.3222656, 7346.72363281, 4176.95849609, 1313.87084961, 366.977416992, 89.7841873169, 48.1788101196, 36.3929481506, 50.4159812927, 24.9322662354, 38.112865448, 90.7983551025, 70.4368362427, 19.3808631897, 2.79730701447, 0.323426157236, 0.0132815409452, 0.000116972340038, 3.500393575e-08, 6.52686793501e-10],
        "max": [1.43919122219, 10.4012899399, 44.1887435913, 88.0067749023, 212.334655762, 286.179901123, 145.823013306, 76.693649292, 356.448272705, 494.857269287, 420.183563232, 357.179321289, 460.710662842, 649.103515625, 374.097991943, 348.015380859, 333.286499023, 197.804473877, 490.687927246, 577.26171875, 1446.15734863, 581.965637207, 400.198120117, 232.950469971, 127.237533569, 72.3422088623, 52.8602561951, 72.543258667, 124.433059692, 86.5077438354, 151.847824097, 233.529159546, 112.944381714, 68.4417114258, 21.7139320374, 7.94406938553, 0.995228230953, 0.097003929317, 0.00158196361735, 0.000174428103492],
        "mean": [0.157056838274, 1.65826714039, 4.83361721039, 7.0251121521, 13.2447414398, 16.2532501221, 13.8074369431, 8.01822757721, 18.3373451233, 16.7474479675, 25.6415405273, 20.103887558, 19.0672073364, 16.9375858307, 14.3718833923, 22.8910636902, 25.5469837189, 25.3150672913, 48.9134407043, 45.9749832153, 118.536491394, 94.212677002, 62.3605155945, 33.217124939, 17.5051460266, 9.9577589035, 7.29196596146, 6.05719661713, 3.90649390221, 3.4175825119, 3.273832798, 3.52455949783, 2.65042281151, 1.32859039307, 0.601656019688, 0.246110230684, 0.0563226342201, 0.00364826922305, 9.82387427939e-05, 4.50597435702e-05],
        "median": [0.0929195284843, 1.24366688728, 3.62804579735, 4.50405979156, 6.23920297623, 7.25114583969, 7.71223926544, 5.8374876976, 9.03225898743, 10.1973419189, 15.0988874435, 10.2925357819, 6.23400020599, 7.3788690567, 8.26244258881, 14.8336830139, 17.4421005249, 20.3385696411, 33.2303466797, 35.3220291138, 81.9035568237, 85.5854797363, 55.9511260986, 27.0514335632, 13.6183423996, 8.33752441406, 6.07034158707, 4.84295225143, 2.10744214058, 1.47819948196, 1.30871713161, 0.998109698296, 0.758365809917, 0.383557021618, 0.173195287585, 0.0547594279051, 0.00984395574778, 0.000471953942906, 3.26550689351e-05, 3.88825610571e-05],
        "min": [0.0015924370382, 0.0222470276058, 0.0692111030221, 0.129786923528, 0.216233372688, 0.392971158028, 0.278662830591, 0.094849139452, 0.240691930056, 0.170912235975, 0.0987807139754, 0.127398744226, 0.0712477341294, 0.0457163155079, 0.0280365813524, 0.0457281768322, 0.0546770580113, 0.0693919360638, 0.0354591570795, 0.0106973117217, 0.0320346541703, 0.134148806334, 0.08674595505, 0.0296392012388, 0.0123017365113, 0.00694385636598, 0.00580908823758, 0.00442642346025, 0.00287019275129, 0.00266434811056, 0.00229951459914, 0.00177275284659, 0.000800212612376, 0.000128364583361, 8.97765785339e-05, 0.000105295192043, 1.55790621648e-05, 1.72448062585e-06, 3.07020627588e-06, 5.76270076635e-06],
        "var": [0.0394488573074, 1.9876306057, 19.0043354034, 70.9344711304, 428.854797363, 905.766540527, 285.347869873, 65.7814712524, 742.799987793, 838.858642578, 1044.22106934, 1002.64440918, 1960.03234863, 1992.68603516, 807.501037598, 784.372131348, 770.424255371, 478.593109131, 2716.91845703, 2151.75708008, 19803.5058594, 5478.7421875, 2501.16357422, 893.248840332, 272.40447998, 73.3709106445, 41.5311203003, 39.7961425781, 53.3645095825, 40.9731559753, 72.9341583252, 180.246536255, 64.3092803955, 12.108704567, 2.16846871376, 0.469600945711, 0.0150364022702, 7.58278329158e-05, 3.20248148e-08, 5.34972954824e-10]
    },
    "gfcc": {
        "mean": [27.9854774475, 102.020362854, -126.531234741, 49.8831443787, -40.8298454285, 14.7127695084, -47.6529121399, 17.8350410461, -18.8537101746, 0.454030841589, -16.5403709412, -1.7331212759, -10.6234254837],
        "cov": [[1957.67333984, -920.852844238, -169.625839233, 134.02532959, -216.084243774, 128.47795105, -314.570159912, 52.6054039001, -136.768829346, 87.4052124023, -148.481658936, 7.89668178558, -3.17455291748], [-920.852844238, 1241.30847168, -444.742248535, -77.0209655762, 313.629943848, -287.642486572, 263.267791748, -173.271316528, 113.068534851, -128.351486206, 175.785171509, -55.8178634644, 75.8561630249], [-169.625839233, -444.742248535, 830.561462402, -174.095916748, -193.798156738, 222.191497803, -16.4220581055, 94.9776382446, -104.494400024, 50.84948349, -102.844207764, 114.272346497, -91.5622406006], [134.02532959, -77.0209655762, -174.095916748, 328.209259033, 57.1120223999, -74.1265640259, -93.8679580688, -40.9465484619, 70.5217208862, -5.99794054031, 18.1488494873, -56.4629554749, 48.4713935852], [-216.084243774, 313.629943848, -193.798156738, 57.1120223999, 233.813400269, -91.53515625, 51.977268219, -51.6817436218, 42.1928138733, -21.6866722107, 32.8840332031, -11.2466897964, 22.4944515228], [128.47795105, -287.642486572, 222.191497803, -74.1265640259, -91.53515625, 198.962478638, -5.10061454773, 74.1046981812, -53.0975723267, 19.0306072235, -43.5416984558, 25.2429676056, -32.0102539062], [-314.570159912, 263.267791748, -16.4220581055, -93.8679580688, 51.977268219, -5.10061454773, 189.174530029, 10.2728281021, 24.9771461487, -21.2669258118, 25.5679779053, -8.0140209198, -12.082025528], [52.6054039001, -173.271316528, 94.9776382446, -40.9465484619, -51.6817436218, 74.1046981812, 10.2728281021, 115.888160706, 3.5888466835, 29.6019859314, -31.7878570557, 4.69511890411, -19.6911792755], [-136.768829346, 113.068534851, -104.494400024, 70.5217208862, 42.1928138733, -53.0975723267, 24.9771461487, 3.5888466835, 89.205871582, 8.86550045013, 29.1873130798, -28.5979499817, 12.4107789993], [87.4052124023, -128.351486206, 50.84948349, -5.99794054031, -21.6866722107, 19.0306072235, -21.2669258118, 29.6019859314, 8.86550045013, 75.5710906982, -0.752710044384, 5.94241285324, -29.8920917511], [-148.481658936, 175.785171509, -102.844207764, 18.1488494873, 32.8840332031, -43.5416984558, 25.5679779053, -31.7878570557, 29.1873130798, -0.752710044384, 83.4078369141, -4.29831123352, 17.2568321228], [7.89668178558, -55.8178634644, 114.272346497, -56.4629554749, -11.2466897964, 25.2429676056, -8.0140209198, 4.69511890411, -28.5979499817, 5.94241285324, -4.29831123352, 78.1700515747, 6.6769862175], [-3.17455291748, 75.8561630249, -91.5622406006, 48.4713935852, 22.4944515228, -32.0102539062, -12.082025528, -19.6911792755, 12.4107789993, -29.8920917511, 17.2568321228, 6.6769862175, 68.9097366333]],
        "icov": [[0.00163595064078, 0.000257758918451, 0.00183864973951, -0.000853545265272, 0.00134601595346, -0.000783760217018, 0.000739699229598, 0.000177375899511, 0.00244542933069, -0.00202105962671, 0.00268783117644, -0.00160980422515, 0.000377734511858], [0.000257758918451, 0.00735317077488, -0.000933722301852, 0.00556405028328, -0.00511740101501, 0.0049647083506, -0.00352449854836, 0.00396547699347, -0.00400834344327, 0.00641802791506, -0.0076483101584, 0.00562505284324, -0.00386879057623], [0.00183864973951, -0.000933722301852, 0.00518179731444, -0.00235116668046, 0.00379535206594, -0.00320125906728, 0.000795779982582, -0.000223353272304, 0.00356865231879, -0.00341366883367, 0.00618394976482, -0.00688715465367, 0.00399645185098], [-0.000853545265272, 0.00556405028328, -0.00235116668046, 0.0113947065547, -0.00620458088815, 0.00394877465442, 0.000790913531091, 0.00441877963021, -0.00940849911422, 0.00626419018954, -0.00744471838698, 0.00961920619011, -0.00669824471697], [0.00134601595346, -0.00511740101501, 0.00379535206594, -0.00620458088815, 0.0118124401197, -0.00333908223547, 0.000706012477167, -0.00108294072561, 0.00438663410023, -0.00641152681783, 0.00921577867121, -0.00868778210133, 0.00447250390425], [-0.000783760217018, 0.0049647083506, -0.00320125906728, 0.00394877465442, -0.00333908223547, 0.0139052998275, -0.00349083403125, -0.00239936378784, 0.000509547011461, 0.00569528294727, -0.00723067298532, 0.00555215915665, -0.00262926076539], [0.000739699229598, -0.00352449854836, 0.000795779982582, 0.000790913531091, 0.000706012477167, -0.00349083403125, 0.0117951948196, -0.00315522891469, -0.00130200909916, -2.61086970568e-05, 0.00230614282191, -0.00120158703066, 0.00349138560705], [0.000177375899511, 0.00396547699347, -0.000223353272304, 0.00441877963021, -0.00108294072561, -0.00239936378784, -0.00315522891469, 0.0177421513945, -0.00805696938187, -0.00128504238091, 0.00137018295936, 0.00310813263059, -0.0037570449058], [0.00244542933069, -0.00400834344327, 0.00356865231879, -0.00940849911422, 0.00438663410023, 0.000509547011461, -0.00130200909916, -0.00805696938187, 0.0293585844338, -0.0116963032633, 0.00441117817536, -0.0025125220418, 0.000936507305596], [-0.00202105962671, 0.00641802791506, -0.00341366883367, 0.00626419018954, -0.00641152681783, 0.00569528294727, -2.61086970568e-05, -0.00128504238091, -0.0116963032633, 0.0300731416792, -0.0145083293319, 0.00368006830104, 0.00669509219006], [0.00268783117644, -0.0076483101584, 0.00618394976482, -0.00744471838698, 0.00921577867121, -0.00723067298532, 0.00230614282191, 0.00137018295936, 0.00441117817536, -0.0145083293319, 0.0317165851593, -0.012093719095, 0.00256642163731], [-0.00160980422515, 0.00562505284324, -0.00688715465367, 0.00961920619011, -0.00868778210133, 0.00555215915665, -0.00120158703066, 0.00310813263059, -0.0025125220418, 0.00368006830104, -0.012093719095, 0.0299598425627, -0.0139164915308], [0.000377734511858, -0.00386879057623, 0.00399645185098, -0.00669824471697, 0.00447250390425, -0.00262926076539, 0.00349138560705, -0.0037570449058, 0.000936507305596, 0.00669509219006, 0.00256642163731, -0.0139164915308, 0.0291082244366]]
    },
    "melbands": {
        "dmean": [0.00101817457471, 0.00138638040517, 0.00100173568353, 0.00112998508848, 0.000338629906764, 0.0001235610398, 0.000189092854271, 0.000121714117995, 0.000104411526991, 6.76404815749e-05, 5.35724211659e-05, 3.76987554773e-05, 2.23158549488e-05, 3.24626125803e-05, 3.01746676996e-05, 2.42790029006e-05, 2.58106210822e-05, 3.71485984942e-05, 3.56493037543e-05, 4.08157939091e-05, 8.40502034407e-05, 4.61627641926e-05, 4.97975197504e-05, 1.75603490788e-05, 1.24748557937e-05, 9.22330491449e-06, 3.54157350557e-06, 3.16109958476e-06, 2.11241899706e-06, 1.85371004591e-06, 1.80501342584e-06, 1.29377269786e-06, 1.16135436201e-06, 1.01569173694e-06, 1.06586594484e-06, 1.04585899408e-06, 1.40235920298e-06, 1.27341218104e-06, 9.20803358895e-07, 6.12323390214e-07],
        "dmean2": [0.00168403773569, 0.00238884752616, 0.00175236305222, 0.00189910910558, 0.000572234450374, 0.000210428872379, 0.000318734179018, 0.000201314600417, 0.000166787314811, 0.000104047263449, 8.28560514492e-05, 5.78312792641e-05, 3.41946652043e-05, 5.13475388288e-05, 4.70455634058e-05, 3.99491182179e-05, 4.35751426267e-05, 6.11046270933e-05, 5.86625537835e-05, 6.8447952799e-05, 0.000141632859595, 7.74774816819e-05, 8.47993796924e-05, 2.97224141832e-05, 2.10199978028e-05, 1.57723661687e-05, 5.80162941333e-06, 5.22322898178e-06, 3.50868026544e-06, 3.06462402477e-06, 2.96019697998e-06, 2.06065533348e-06, 1.74461104052e-06, 1.51266772264e-06, 1.58092439051e-06, 1.52041855017e-06, 2.09336940316e-06, 1.91279764294e-06, 1.29577676944e-06, 8.92550758635e-07],
        "dvar": [1.81653490472e-06, 3.04518221128e-06, 2.12750228457e-06, 6.11299719822e-06, 2.85217680585e-07, 3.60025431689e-08, 1.6495022237e-07, 8.65068159328e-08, 3.2099251257e-08, 2.25825527167e-08, 1.91841209585e-08, 1.10043867352e-08, 2.03647099184e-09, 3.92566779084e-09, 2.53603649192e-09, 9.74841540824e-10, 1.14021048159e-09, 2.69559596866e-09, 3.54651796819e-09, 3.43743522535e-09, 1.66469256158e-08, 3.49957796075e-09, 6.63492949471e-09, 4.08331091162e-10, 4.19197343504e-10, 2.72325023642e-10, 3.71361899565e-11, 1.94233136519e-11, 8.2799470405e-12, 7.09697578483e-12, 6.89400663292e-12, 8.81318022034e-12, 8.55804749983e-12, 4.54551890919e-12, 1.04212246471e-11, 7.93252529635e-12, 3.58579207993e-11, 2.28422454562e-11, 1.07263928642e-11, 4.63317188434e-12],
        "dvar2": [4.29099327448e-06, 8.98857979337e-06, 5.8362661548e-06, 1.59394130606e-05, 7.65003335346e-07, 9.64870210396e-08, 4.55275738886e-07, 2.08363360343e-07, 7.91410172951e-08, 4.93840843774e-08, 4.09044318417e-08, 2.02165182372e-08, 3.77991016265e-09, 7.89187293293e-09, 4.8541979325e-09, 2.46599318743e-09, 3.04946001783e-09, 6.93255053363e-09, 8.62644888855e-09, 9.53521261948e-09, 4.17627497029e-08, 9.10489728057e-09, 1.94754434801e-08, 1.16438669817e-09, 1.14630283043e-09, 7.30196458854e-10, 8.89306059348e-11, 5.15178143201e-11, 2.11959286928e-11, 1.76396258711e-11, 1.6575163117e-11, 1.81983768333e-11, 1.78007227014e-11, 9.4943913842e-12, 2.22995562987e-11, 1.46185008543e-11, 7.50680212436e-11, 5.27352432556e-11, 2.21010154622e-11, 1.10097920364e-11],
        "max": [0.0109746037051, 0.0201534368098, 0.0136609319597, 0.0218428689986, 0.004397561308, 0.00202825642191, 0.00499295769259, 0.00470830732957, 0.00346107105725, 0.00233873398975, 0.00256853364408, 0.0028130505234, 0.00146964529995, 0.00135144195519, 0.00122045748867, 0.000434799585491, 0.000395606301026, 0.000689937791321, 0.00120281777345, 0.000740919553209, 0.00202701892704, 0.000671999587212, 0.000901396328118, 0.000243260190473, 0.000217290798901, 0.000215108331759, 0.000112682624604, 5.66778508073e-05, 3.69585068256e-05, 3.94078051613e-05, 4.66950405098e-05, 7.94369116193e-05, 8.38089836179e-05, 4.66953897558e-05, 9.37246950343e-05, 7.90248886915e-05, 0.000202192852157, 9.29056550376e-05, 7.14493653504e-05, 4.93068946525e-05],
        "mean": [0.00165774323978, 0.00253198458813, 0.00133430538699, 0.00119957828429, 0.000493140832987, 0.000192132822121, 0.000281483778963, 0.000182945630513, 0.00020446346025, 0.000121626420878, 9.57934826147e-05, 7.17335497029e-05, 4.16012007918e-05, 5.83598921367e-05, 6.2282269937e-05, 4.83355834149e-05, 4.456059105e-05, 7.07111903466e-05, 6.58515127725e-05, 7.77973691584e-05, 0.000150230087456, 9.65993313002e-05, 8.84982364369e-05, 3.85750463465e-05, 2.53005491686e-05, 1.7378197299e-05, 7.07543631506e-06, 6.4764039962e-06, 4.48151740784e-06, 3.75347417503e-06, 3.56605323759e-06, 2.15819068217e-06, 1.99234841602e-06, 1.8543363467e-06, 1.82878545729e-06, 1.90692776414e-06, 2.32434331338e-06, 1.93142204807e-06, 1.5433711269e-06, 9.61502678365e-07],
        "median": [0.00115984177683, 0.00199913512915, 0.000908868503757, 0.000529772427399, 0.00027759745717, 0.000137185270432, 0.000137772061862, 0.000107585306978, 0.000127054154291, 5.32372359885e-05, 2.9389768315e-05, 2.88356786768e-05, 2.10905982385e-05, 3.54404255631e-05, 4.12212539231e-05, 3.75552335754e-05, 3.49215879396e-05, 4.81543538626e-05, 4.81810166093e-05, 5.20639623574e-05, 0.000102285739558, 7.97013708507e-05, 6.64500475978e-05, 3.35927907145e-05, 1.90465070773e-05, 1.22077626656e-05, 5.47396393813e-06, 5.00542591908e-06, 3.64262609764e-06, 2.98536178889e-06, 2.63429046754e-06, 1.11244901291e-06, 9.12129735298e-07, 7.88453178302e-07, 7.74027000716e-07, 6.88155523676e-07, 5.76182117129e-07, 5.28944269718e-07, 4.29180090578e-07, 2.76532119869e-07],
        "min": [1.82354924618e-05, 3.31390619976e-05, 2.47553816735e-05, 1.54597382789e-05, 9.54428560362e-06, 1.72815441601e-06, 2.71551857622e-06, 1.70394935139e-06, 8.88663635124e-07, 4.54334781352e-07, 3.54686477522e-07, 1.46346295082e-07, 7.89882932395e-08, 1.09883544042e-07, 1.16648621429e-07, 1.07709894337e-07, 1.08089508899e-07, 7.20218338301e-08, 1.70398966048e-08, 1.0038927023e-08, 4.02019253443e-08, 1.23665131468e-07, 1.63440532219e-07, 5.04903781007e-08, 1.8603047991e-08, 9.90557857961e-09, 5.35004174296e-09, 3.91880305983e-09, 3.30338534305e-09, 2.4901061213e-09, 2.07729655699e-09, 1.45279921426e-09, 1.31425492711e-09, 1.5432740641e-09, 1.39065436944e-09, 1.17459197924e-09, 1.02175656824e-09, 5.56226842363e-10, 2.11356140922e-11, 2.38142188261e-13],
