{
"highlevel": {
    "danceability": {
        "all": {
            "danceable": 0.876742780209,
            "not_danceable": 0.123257189989
        },
        "probability": 0.876742780209,
        "value": "danceable"
    },
    "gender": {
        "all": {
            "female": 0.12173678726,
            "male": 0.878263235092
        },
        "probability": 0.878263235092,
        "value": "male"
    },
    "genre_dortmund": {
        "all": {
            "alternative": 0.0561887063086,
            "blues": 0.383530586958,
            "electronic": 0.00581899285316,
            "folkcountry": 0.0250269304961,
            "funksoulrnb": 0.0149411326274,
            "jazz": 0.0365436673164,
            "pop": 0.0148102752864,
            "raphiphop": 0.0231305826455,
            "rock": 0.440009117126
        },
        "probability": 0.440009117126,
        "value": "rock"
    },
    "genre_electronic": {
        "all": {
            "ambient": 0.473951011896,
            "dnb": 0.43722268939,
            "house": 0.0503131896257,
            "techno": 0.00586772803217,
            "trance": 0.0326453819871
        },
        "probability": 0.473951011896,
        "value": "ambient"
    },
    "genre_rosamerica": {
        "all": {
            "cla": 0.0414895601571,
            "dan": 0.0262028407305,
            "hip": 0.186871141195,
            "jaz": 0.0696927160025,
            "pop": 0.20086927712,
            "rhy": 0.0868590995669,
            "roc": 0.368592560291,
            "spe": 0.0194227863103
        },
        "probability": 0.368592560291,
        "value": "roc"
    },
    "genre_tzanetakis": {
        "all": {
            "blu": 0.0626613423228,
            "cla": 0.0348169617355,
            "cou": 0.104475811124,
            "dis": 0.0784321576357,
            "hip": 0.15692435205,
            "jaz": 0.313974827528,
            "met": 0.0448166541755,
            "pop": 0.0627359300852,
            "reg": 0.0627360641956,
            "roc": 0.0784258767962
        },
        "probability": 0.313974827528,
        "value": "jaz"
    },
    "ismir04_rhythm": {
        "all": {
            "ChaChaCha": 0.0587775185704,
            "Jive": 0.210904762149,
            "Quickstep": 0.431139856577,
            "Rumba-American": 0.021813871339,
            "Rumba-International": 0.016641465947,
            "Rumba-Misc": 0.00742852082476,
            "Samba": 0.189481586218,
            "Tango": 0.0329969264567,
            "VienneseWaltz": 0.0202995315194,
            "Waltz": 0.0105159766972
        },
        "probability": 0.431139856577,
        "value": "Quickstep"
    },
    "mood_acoustic": {
        "all": {
            "acoustic": 0.0282005425543,
            "not_acoustic": 0.971799433231
        },
        "probability": 0.971799433231,
        "value": "not_acoustic"
    },
    "mood_aggressive": {
        "all": {
            "aggressive": 0.857261121273,
            "not_aggressive": 0.142738863826
        },
        "probability": 0.857261121273,
        "value": "aggressive"
    },
    "mood_electronic": {
        "all": {
            "electronic": 0.137451201677,
            "not_electronic": 0.862548828125
        },
        "probability": 0.862548828125,
        "value": "not_electronic"
    },
    "mood_happy": {
        "all": {
            "happy": 0.56671923399,
            "not_happy": 0.43328076601
        },
        "probability": 0.56671923399,
        "value": "happy"
    },
    "mood_party": {
        "all": {
            "not_party": 0.520348727703,
            "party": 0.479651302099
        },
        "probability": 0.520348727703,
        "value": "not_party"
    },
    "mood_relaxed": {
        "all": {
            "not_relaxed": 0.966093599796,
            "relaxed": 0.0339063890278
        },
        "probability": 0.966093599796,
        "value": "not_relaxed"
    },
    "mood_sad": {
        "all": {
            "not_sad": 0.793578386307,
            "sad": 0.206421628594
        },
        "probability": 0.793578386307,
        "value": "not_sad"
    },
    "moods_mirex": {
        "all": {
            "Cluster1": 0.259269088507,
            "Cluster2": 0.143652811646,
            "Cluster3": 0.0567165277898,
            "Cluster4": 0.0816612690687,
            "Cluster5": 0.458700299263
        },
        "probability": 0.458700299263,
        "value": "Cluster5"
    },
    "timbre": {
        "all": {
            "bright": 0.744722425938,
            "dark": 0.255277574062
        },
        "probability": 0.744722425938,
        "value": "bright"
    },
    "tonal_atonal": {
        "all": {
            "atonal": 0.091197617352,
            "tonal": 0.908802390099
        },
        "probability": 0.908802390099,
        "value": "tonal"
    },
    "voice_instrumental": {
        "all": {
            "instrumental": 0.0186382122338,
            "voice": 0.981361806393
        },
        "probability": 0.981361806393,
        "value": "voice"
    }
},
"lowlevel": {
    "average_loudness": 0.961127340794,
    "barkbands_crest": {
        "dmean": 2.20062756538,
        "dmean2": 3.6070663929,
        "dvar": 4.23627996445,
        "dvar2": 10.4857559204,
        "max": 19.6702079773,
        "mean": 8.31815338135,
        "median": 7.60524463654,
        "min": 2.44003200531,
        "var": 12.1891794205
    },
    "barkbands_flatness_db": {
        "dmean": 0.0173994712532,
        "dmean2": 0.0277232900262,
        "dvar": 0.000256304716459,
        "dvar2": 0.000596628233325,
        "max": 0.256237626076,
        "mean": 0.127370461822,
        "median": 0.125121340156,
        "min": 0.0516122914851,
        "var": 0.00114587065764
    },
    "barkbands_kurtosis": {
        "dmean": 1.23751020432,
        "dmean2": 1.99580919743,
        "dvar": 4.56517457962,
        "dvar2": 10.659696579,
        "max": 39.6822929382,
        "mean": 0.453670203686,
        "median": -0.687951564789,
        "min": -1.89661669731,
        "var": 11.9088554382
    },
    "barkbands_skewness": {
        "dmean": 0.479463279247,
        "dmean2": 0.756147146225,
        "dvar": 0.228670924902,
        "dvar2": 0.525162816048,
        "max": 5.79889726639,
        "mean": 0.834313213825,
        "median": 0.679222643375,
        "min": -2.30762791634,
        "var": 0.947848320007
    },
    "barkbands_spread": {
        "dmean": 6.8779668808,
        "dmean2": 10.8215169907,
        "dvar": 46.6822471619,
        "dvar2": 103.462944031,
        "max": 78.9164428711,
        "mean": 36.5368652344,
        "median": 36.3721504211,
        "min": 4.67326164246,
        "var": 172.429672241
    },
    "dissonance": {
        "dmean": 0.00995007064193,
        "dmean2": 0.017000015825,
        "dvar": 0.000118037118227,
        "dvar2": 0.000325268192682,
        "max": 0.499779254198,
        "mean": 0.481932938099,
        "median": 0.485303252935,
        "min": 0.383621305227,
        "var": 0.000179355673026
    },
    "dynamic_complexity": 2.07722663879,
    "erbbands_crest": {
        "dmean": 2.7693002224,
        "dmean2": 4.5878329277,
        "dvar": 7.43026590347,
        "dvar2": 19.7846717834,
        "max": 28.0470561981,
        "mean": 8.78662204742,
        "median": 8.12905216217,
        "min": 2.29976558685,
        "var": 14.3846130371
    },
    "erbbands_flatness_db": {
        "dmean": 0.0184553600848,
        "dmean2": 0.0275310873985,
        "dvar": 0.000281476532109,
        "dvar2": 0.000623108062427,
        "max": 0.293639779091,
        "mean": 0.158840179443,
        "median": 0.155740275979,
        "min": 0.0735779032111,
        "var": 0.00135282112751
    },
    "erbbands_kurtosis": {
        "dmean": 1.2234159708,
        "dmean2": 2.00337338448,
        "dvar": 2.2804889679,
        "dvar2": 5.57834815979,
        "max": 19.6334686279,
        "mean": 1.01338577271,
        "median": 0.274740934372,
        "min": -1.6409201622,
        "var": 6.33764266968
    },
    "erbbands_skewness": {
        "dmean": 0.360198229551,
        "dmean2": 0.579393267632,
        "dvar": 0.0966864749789,
        "dvar2": 0.234723627567,
        "max": 1.31527245045,
        "mean": -0.675520002842,
        "median": -0.638880133629,
        "min": -3.26587915421,
        "var": 0.560271024704
    },
    "erbbands_spread": {
        "dmean": 8.35022735596,
        "dmean2": 13.1756658554,
        "dvar": 59.0346374512,
        "dvar2": 140.887908936,
        "max": 109.692214966,
        "mean": 38.346408844,
        "median": 35.8094520569,
        "min": 4.88233041763,
        "var": 268.830688477
    },
    "hfc": {
        "dmean": 9.94094371796,
        "dmean2": 14.6099805832,
        "dvar": 241.460113525,
        "dvar2": 519.431762695,
        "max": 159.012023926,
        "mean": 25.078962326,
        "median": 19.2826824188,
        "min": 1.5062994957,
        "var": 479.035675049
    },
    "melbands_crest": {
        "dmean": 3.20916771889,
        "dmean2": 5.20020008087,
        "dvar": 8.80966663361,
        "dvar2": 22.0621166229,
        "max": 30.6694736481,
        "mean": 14.9741897583,
        "median": 14.5770483017,
        "min": 3.9536383152,
        "var": 30.2552871704
    },
    "melbands_flatness_db": {
        "dmean": 0.0229662954807,
        "dmean2": 0.0353694669902,
        "dvar": 0.000559144362342,
        "dvar2": 0.00123401568271,
        "max": 0.331705957651,
        "mean": 0.156100615859,
        "median": 0.153062477708,
        "min": 0.0368101932108,
        "var": 0.0024146316573
    },
    "melbands_kurtosis": {
        "dmean": 4.76665735245,
        "dmean2": 7.67710113525,
        "dvar": 63.6708526611,
        "dvar2": 150.623855591,
        "max": 123.177307129,
        "mean": 8.1369600296,
        "median": 3.72215461731,
        "min": -1.74976694584,
        "var": 181.862197876
    },
    "melbands_skewness": {
        "dmean": 0.693673074245,
        "dmean2": 1.09674012661,
        "dvar": 0.538241028786,
        "dvar2": 1.24093425274,
        "max": 9.73430156708,
        "mean": 2.33768820763,
        "median": 2.04415774345,
        "min": -1.23408937454,
        "var": 2.3413105011
    },
    "melbands_spread": {
        "dmean": 11.4277238846,
        "dmean2": 18.0202064514,
        "dvar": 134.839294434,
        "dvar2": 323.42855835,
        "max": 122.815940857,
        "mean": 40.8865699768,
        "median": 39.3296775818,
        "min": 2.62942194939,
        "var": 416.952545166
    },
    "pitch_salience": {
        "dmean": 0.0624110102654,
        "dmean2": 0.0988867655396,
        "dvar": 0.00321364286356,
        "dvar2": 0.0078228758648,
        "max": 0.840680360794,
        "mean": 0.518640041351,
        "median": 0.50993514061,
        "min": 0.203802675009,
        "var": 0.0104456897825
    },
    "silence_rate_20dB": {
        "dmean": 0,
        "dmean2": 0,
        "dvar": 0,
        "dvar2": 0,
        "max": 1,
        "mean": 1,
        "median": 1,
        "min": 1,
        "var": 0
    },
    "silence_rate_30dB": {
        "dmean": 0,
        "dmean2": 0,
        "dvar": 0,
        "dvar2": 0,
        "max": 1,
        "mean": 1,
        "median": 1,
        "min": 1,
        "var": 0
    },
    "silence_rate_60dB": {
        "dmean": 0.00464396271855,
        "dmean2": 0.00929511990398,
        "dvar": 0.00462233927101,
        "dvar2": 0.0123072871938,
        "max": 1,
        "mean": 0.00386697612703,
        "median": 0,
        "min": 0,
        "var": 0.00385194947012
    },
    "spectral_centroid": {
        "dmean": 264.359741211,
        "dmean2": 418.116149902,
        "dvar": 59644.625,
        "dvar2": 149428.859375,
        "max": 3307.6315918,
        "mean": 2048.03198242,
        "median": 2111.11669922,
        "min": 585.981079102,
        "var": 250483.421875
    },
    "spectral_complexity": {
        "dmean": 4.88544893265,
        "dmean2": 6.92331504822,
        "dvar": 30.6881446838,
        "dvar2": 50.8934402466,
        "max": 61,
        "mean": 22.2714614868,
        "median": 21,
        "min": 2,
        "var": 109.113197327
    },
    "spectral_decrease": {
        "dmean": 1.86196702501e-09,
        "dmean2": 2.93205215662e-09,
        "dvar": 6.98538807178e-18,
        "dvar2": 1.68180409998e-17,
        "max": -3.17604137434e-10,
        "mean": -4.84008833013e-09,
        "median": -3.95730959113e-09,
        "min": -2.12812398814e-08,
        "var": 1.0045341743e-17
    },
    "spectral_energy": {
        "dmean": 0.00775949796662,
        "dmean2": 0.0120123103261,
        "dvar": 0.000120122320368,
        "dvar2": 0.000286147493171,
        "max": 0.0885726287961,
        "mean": 0.0205423608422,
        "median": 0.0169571898878,
        "min": 0.00136868050322,
        "var": 0.000181226569111
    },
    "spectral_energyband_high": {
        "dmean": 0.000659450364765,
        "dmean2": 0.000973464630079,
        "dvar": 1.84228315447e-06,
        "dvar2": 4.02579462389e-06,
        "max": 0.0132626155391,
        "mean": 0.00120310380589,
        "median": 0.000512488652021,
        "min": 1.77241217898e-05,
        "var": 3.06799779537e-06
    },
    "spectral_energyband_low": {
        "dmean": 0.00420480966568,
        "dmean2": 0.00700262887403,
        "dvar": 5.46897135791e-05,
        "dvar2": 0.000139629904879,
        "max": 0.0576290227473,
        "mean": 0.00759572908282,
        "median": 0.00528010353446,
        "min": 4.85296332045e-05,
        "var": 6.29560745438e-05
    },
    "spectral_energyband_middle_high": {
        "dmean": 0.00271771242842,
        "dmean2": 0.0041674124077,
        "dvar": 1.56031655933e-05,
        "dvar2": 3.55418305844e-05,
        "max": 0.0466705262661,
        "mean": 0.00660863053054,
        "median": 0.00482347467914,
        "min": 0.000183981916052,
        "var": 3.83037295251e-05
    },
    "spectral_energyband_middle_low": {
        "dmean": 0.00278162257746,
        "dmean2": 0.00446457182989,
        "dvar": 1.70872990566e-05,
        "dvar2": 4.31543594459e-05,
        "max": 0.0382643714547,
        "mean": 0.00601034145802,
        "median": 0.00463586999103,
        "min": 0.000326184148435,
        "var": 2.43115246121e-05
    },
    "spectral_entropy": {
        "dmean": 0.133156254888,
        "dmean2": 0.200924262404,
        "dvar": 0.018086604774,
        "dvar2": 0.0379371345043,
        "max": 8.42960453033,
        "mean": 7.72952413559,
        "median": 7.72978878021,
        "min": 6.90830564499,
        "var": 0.0757766067982
    },
    "spectral_flux": {
        "dmean": 0.0230707228184,
        "dmean2": 0.0351414084435,
        "dvar": 0.000783023249824,
        "dvar2": 0.0015236978652,
        "max": 0.250965833664,
        "mean": 0.0793636143208,
        "median": 0.0685550495982,
        "min": 0.0202957876027,
        "var": 0.00175190926529
    },
    "spectral_kurtosis": {
        "dmean": 1.2994273901,
        "dmean2": 2.21016716957,
        "dvar": 2.36537957191,
        "dvar2": 6.22756814957,
        "max": 23.0653800964,
        "mean": 3.35894680023,
        "median": 2.90490865707,
        "min": -0.445539236069,
        "var": 4.52291917801
    },
    "spectral_rms": {
        "dmean": 0.000763768097386,
        "dmean2": 0.00115470599849,
        "dvar": 8.47893772971e-07,
        "dvar2": 1.92732272808e-06,
        "max": 0.00929582305253,
        "mean": 0.00428001768887,
        "median": 0.00406738230959,
        "min": 0.00115555094089,
        "var": 1.72277930233e-06
    },
    "spectral_rolloff": {
        "dmean": 606.296569824,
        "dmean2": 983.45690918,
        "dvar": 720144.125,
        "dvar2": 1521996.125,
        "max": 9453.07617188,
        "mean": 2417.77270508,
        "median": 2583.984375,
        "min": 107.666015625,
        "var": 1747031.75
    },
    "spectral_skewness": {
        "dmean": 0.187871396542,
        "dmean2": 0.303035795689,
        "dvar": 0.0330916531384,
        "dvar2": 0.0822295323014,
        "max": 3.15351986885,
        "mean": 1.18743622303,
        "median": 1.16326081753,
        "min": 0.432412773371,
        "var": 0.0925085321069
    },
    "spectral_spread": {
        "dmean": 498471,
        "dmean2": 697009,
        "dvar": 263355596800,
        "dvar2": 450491187200,
        "max": 9155037,
        "mean": 4179001.5,
        "median": 4067040.75,
        "min": 1920831.625,
        "var": 1.17941036646e+12
    },
    "spectral_strongpeak": {
        "dmean": 0.641988396645,
        "dmean2": 1.12207090855,
        "dvar": 1.52213287354,
        "dvar2": 3.59137058258,
        "max": 12.1587486267,
        "mean": 0.83658516407,
        "median": 0.302178680897,
        "min": 0.0301657933742,
        "var": 2.00343108177
    },
    "zerocrossingrate": {
        "dmean": 0.0113068101928,
        "dmean2": 0.0129642263055,
        "dvar": 0.000128627594677,
        "dvar2": 0.000150810505147,
        "max": 0.2177734375,
        "mean": 0.0821366086602,
        "median": 0.0791015625,
        "min": 0.01318359375,
        "var": 0.000902844418306
    },
    "barkbands": {
        "dmean": [0.000117158349894, 0.00188541482203, 0.00235237879679, 0.00095215474721, 0.000579240557272, 0.000383308797609, 0.00050784740597, 0.000706110149622, 0.000650428584777, 0.000207383563975, 0.000134863919811, 0.000394866045099, 0.000523040827829, 0.000353515526513, 0.000424079858931, 0.00044324278133, 0.000804181909189, 0.000446587015176, 0.000422423734562, 0.000262024026597, 0.000157888018293, 0.000154806024511, 0.0001354378619, 0.000104324040876, 8.27957337606e-05, 1.9715685994e-05, 1.05263520123e-09],
        "dmean2": [0.000156300127856, 0.00306123006158, 0.00409396970645, 0.00162213575095, 0.000916114775464, 0.000600855972152, 0.000862025830429, 0.0011701391777, 0.00106125045568, 0.00035552791087, 0.000233133250731, 0.000684203580022, 0.000869758019689, 0.000579366402235, 0.000652813585475, 0.000668039021548, 0.00128487392794, 0.000730058527552, 0.000712521839887, 0.000445204088464, 0.000248301279498, 0.000240451467107, 0.000215767897316, 0.000156362191774, 0.000116284645628, 2.81714510493e-05, 1.76973646848e-09],
        "dvar": [6.17222895016e-08, 1.53510100063e-05, 1.66508907569e-05, 2.8302388273e-06, 9.33563910621e-07, 5.24658616996e-07, 1.6822186808e-06, 2.90720981866e-06, 3.02659645968e-06, 3.56769447762e-07, 2.16690224875e-07, 1.65108463079e-06, 2.7713340387e-06, 1.12433133381e-06, 9.48438355408e-07, 5.63609091841e-07, 1.21310824852e-06, 6.91483762694e-07, 3.41431615425e-07, 3.45635584154e-07, 1.37095270247e-07, 1.15690589553e-07, 7.86854883472e-08, 3.87945426894e-08, 2.78500991158e-08, 1.57041457616e-09, 7.73524251718e-17],
        "dvar2": [1.13809512925e-07, 3.48429603036e-05, 4.75235610793e-05, 7.56442977945e-06, 2.3383252028e-06, 1.30364378492e-06, 4.69710766993e-06, 8.1130383478e-06, 7.950442523e-06, 9.07549406293e-07, 6.46849855457e-07, 4.95622816743e-06, 6.87148758516e-06, 2.73651994576e-06, 1.95556367544e-06, 1.21813650367e-06, 2.93003085972e-06, 2.01862735594e-06, 9.07788546556e-07, 9.53405162818e-07, 3.28159387664e-07, 2.49408174113e-07, 1.7569239219e-07, 8.57400124232e-08, 6.28667677915e-08, 3.28673799288e-09, 8.11801075034e-17],
        "max": [0.0022546199616, 0.0435989424586, 0.033105969429, 0.0167587548494, 0.00966446753591, 0.00754275359213, 0.0126261049882, 0.0198829472065, 0.0191403832287, 0.00841468852013, 0.00869675818831, 0.0195636060089, 0.0294308401644, 0.0162810944021, 0.0236930586398, 0.0113259665668, 0.0127308098599, 0.014437250793, 0.0063001406379, 0.00705288769677, 0.0043339272961, 0.00359630538151, 0.00305370753631, 0.00358346151188, 0.00258282292634, 0.000748702150304, 3.15427200803e-07],
        "mean": [0.000141174532473, 0.00271359225735, 0.00393682857975, 0.00137205433566, 0.00120099261403, 0.00068994006142, 0.000787979515735, 0.000960133271292, 0.000878803781234, 0.000266764633125, 0.000182397983735, 0.000526366580743, 0.000764902273659, 0.000501527858432, 0.000679720658809, 0.000819666369352, 0.00130333798006, 0.000704359379597, 0.000745815341361, 0.000356774573447, 0.00025072999415, 0.000241799891228, 0.000200222173589, 0.000186091143405, 0.000106715859147, 2.36719297391e-05, 9.05496067016e-10],
        "median": [2.22708877118e-05, 0.00145759433508, 0.00268080434762, 0.000804629642516, 0.000860723725054, 0.000422185054049, 0.00028358711279, 0.000177968395292, 0.000148410035763, 9.02835308807e-05, 5.85695743212e-05, 9.66248480836e-05, 0.000172536703758, 0.000126897182781, 0.000248178141192, 0.000376302865334, 0.000788803095929, 0.000402417383157, 0.000493074418046, 0.000167985475855, 0.000115664784971, 8.70914227562e-05, 6.8735149398e-05, 7.56178415031e-05, 2.31074391195e-05, 3.43374040312e-06, 2.74235967268e-10],
        "min": [7.91312118054e-08, 1.8304299374e-06, 1.16040955618e-05, 7.51765583118e-07, 2.81393658952e-05, 8.40708980832e-06, 4.82978975924e-06, 1.76971093424e-06, 2.79125220004e-06, 3.00483543469e-06, 1.69599150013e-06, 3.48012963514e-06, 4.33650848208e-06, 4.30444333688e-06, 7.12585097062e-06, 9.86440409179e-06, 1.56558053277e-05, 1.63443110068e-05, 2.91465530609e-05, 1.01085734059e-05, 7.45522129364e-06, 2.65777066488e-06, 1.36715289045e-06, 2.46353420152e-06, 5.63446889146e-09, 3.19657876557e-11, 3.26030036302e-11],
        "var": [1.00514547796e-07, 1.78482368938e-05, 1.7224561816e-05, 3.18865772897e-06, 1.3680723896e-06, 7.6829360296e-07, 1.80265817562e-06, 4.07510697187e-06, 4.6165355343e-06, 4.98915028402e-07, 2.16722852997e-07, 1.95749225895e-06, 4.73836735182e-06, 1.79661901711e-06, 1.94592075786e-06, 1.38342147693e-06, 2.11420319829e-06, 8.36886499656e-07, 5.50685570033e-07, 2.98778473962e-07, 1.70066471128e-07, 1.84259931757e-07, 1.15138817591e-07, 8.44088532403e-08, 4.1575137999e-08, 2.6293420774e-09, 7.79055509212e-17]
    },
    "erbbands": {
        "dmean": [0.0565330348909, 0.479526817799, 2.2621691227, 3.1961786747, 1.85945379734, 2.46529245377, 2.75558018684, 3.43113541603, 6.43558311462, 9.35147953033, 16.5536003113, 17.3021583557, 6.62537240982, 4.51870822906, 7.48556852341, 18.5527858734, 25.2047176361, 17.2361087799, 17.2769756317, 22.6588840485, 26.1379013062, 39.0473709106, 29.356010437, 19.5650405884, 18.6950263977, 12.8320236206, 7.16314268112, 6.29123544693, 5.54606056213, 5.05244064331, 3.67931175232, 2.32097434998, 1.84199023247, 1.12162256241, 0.506212234497, 0.135132148862, 0.0307424981147, 0.00223612552509, 4.87639117637e-05, 1.18953512356e-05],
        "dmean2": [0.0837891697884, 0.821842133999, 3.91176891327, 5.51668024063, 3.07667160034, 3.98876452446, 4.40639448166, 5.47407102585, 10.9253377914, 14.7806873322, 27.647233963, 27.9903106689, 11.143491745, 7.57410144806, 12.9137277603, 32.3616409302, 41.5210762024, 28.1953792572, 28.0653858185, 33.5021247864, 40.1324119568, 61.911895752, 47.836391449, 32.9543380737, 31.262638092, 21.6318206787, 11.448182106, 10.0488872528, 8.65852832794, 7.84296178818, 5.80102729797, 3.64386558533, 2.66054677963, 1.58030188084, 0.721511662006, 0.190653428435, 0.0455273091793, 0.00347687653266, 7.00230593793e-05, 1.70505845745e-05],
        "dvar": [0.0166311655194, 0.956321120262, 15.0637969971, 37.9022712708, 6.4484167099, 19.9018802643, 26.5301399231, 50.2767715454, 292.491119385, 424.139282227, 1758.78271484, 2375.53710938, 448.62713623, 115.405586243, 619.810058594, 3559.89941406, 7143.69287109, 2966.09277344, 1600.8449707, 3126.06274414, 1666.54858398, 2849.37573242, 2196.18994141, 757.647949219, 771.82598877, 810.587463379, 266.235137939, 228.746536255, 155.522186279, 128.996246338, 53.1997756958, 21.6439495087, 13.3185110092, 4.65951728821, 1.26887488365, 0.0771719887853, 0.00705660460517, 3.51499329554e-05, 1.16577094644e-08, 2.66097033297e-10],
        "dvar2": [0.0301702637225, 2.49051976204, 42.8408126831, 103.721603394, 16.8623600006, 49.58751297, 68.8773803711, 127.483894348, 818.775756836, 1025.10400391, 5130.0859375, 6250.55322266, 1033.35375977, 306.691864014, 1822.96569824, 10677.5888672, 16954.5664062, 6923.81787109, 3802.81030273, 4778.74804688, 3432.38037109, 6730.99609375, 6130.44580078, 2043.75097656, 2030.17932129, 2238.42797852, 656.956176758, 554.190979004, 351.405609131, 285.928253174, 119.399238586, 53.6206855774, 28.1612434387, 10.0755157471, 2.92773842812, 0.168550744653, 0.0172152779996, 8.88485519681e-05, 2.77593539266e-08, 5.70508085218e-10],
        "max": [1.04417872429, 10.7593202591, 31.786775589, 56.0107879639, 22.604757309, 41.806350708, 80.9520187378, 81.7038574219, 187.456314087, 238.546600342, 536.258239746, 568.227050781, 359.397888184, 97.3650054932, 473.906738281, 879.869262695, 1641.07824707, 933.140930176, 578.951904297, 1763.52050781, 733.947387695, 640.323852539, 727.133911133, 276.382476807, 265.966094971, 341.613983154, 176.125305176, 175.775283813, 136.763809204, 161.699401855, 57.6758384705, 67.3858566284, 73.3111801147, 28.6940898895, 20.7594070435, 5.71060323715, 2.02553391457, 0.110101848841, 0.00201857229695, 0.00014526063751],
        "mean": [0.071960516274, 0.673967480659, 4.02938127518, 4.80242109299, 3.30732798576, 4.33558940887, 5.89633512497, 5.83318662643, 9.25563240051, 15.3423604965, 22.890745163, 23.2215003967, 10.4103631973, 6.02110338211, 11.1329851151, 26.154542923, 37.6435813904, 26.3437175751, 28.4530277252, 42.1320762634, 50.2012214661, 67.337638855, 50.9148521423, 32.508140564, 32.2379188538, 17.9765129089, 11.5455970764, 9.59046936035, 8.49520206451, 7.74858522415, 5.44577264786, 3.71210885048, 3.14937114716, 1.53948140144, 0.600954651833, 0.162899956107, 0.0341834798455, 0.00219969404861, 6.60006407998e-05, 3.10530849674e-05],
        "median": [0.0161550417542, 0.470824897289, 3.00020051003, 3.10231900215, 2.26225209236, 2.69383740425, 3.89621496201, 3.29135107994, 4.06054115295, 5.39179468155, 4.29273223877, 4.15025091171, 2.78087353706, 2.88025307655, 3.59357476234, 5.26463365555, 8.82054901123, 6.44400405884, 11.1501398087, 14.7913618088, 26.8605422974, 41.9462509155, 33.266166687, 20.0679073334, 21.6612358093, 9.03518390656, 5.29788780212, 4.08905363083, 3.11509251595, 2.58324623108, 1.85217404366, 1.50115060806, 1.22690880299, 0.382620066404, 0.102048136294, 0.0292776916176, 0.00421605445445, 0.000213540217374, 2.11914848478e-05, 2.43755966949e-05],
        "min": [7.94422594481e-05, 0.00189079658594, 0.0234425887465, 0.0250536054373, 0.0730049312115, 0.0541093796492, 0.160259976983, 0.13844153285, 0.111784361303, 0.0813442841172, 0.076674349606, 0.140389919281, 0.0998277813196, 0.133576914668, 0.09186629951, 0.141657307744, 0.212035760283, 0.213539585471, 0.308714300394, 0.931830585003, 0.847321212292, 1.29017269611, 1.32541036606, 1.41639304161, 0.982302606106, 0.601200342178, 0.22168661654, 0.34163877368, 0.106876194477, 0.0617907084525, 0.0400791056454, 0.0675079301, 0.0144506776705, 0.00276534259319, 0.000325142696965, 3.29603935825e-05, 5.61141041544e-06, 1.26996872041e-06, 1.58744251166e-06, 2.19877256313e-06],
        "var": [0.0240344963968, 0.857801198959, 16.2549438477, 35.6007118225, 9.90686798096, 26.8953857422, 44.3686752319, 64.7982559204, 274.031921387, 661.365783691, 2356.60864258, 3452.18920898, 936.772216797, 111.078521729, 664.893859863, 4272.95849609, 12169.3251953, 5204.60302734, 2913.9465332, 8892.5, 4147.11035156, 5295.49511719, 3258.21728516, 1121.75073242, 1093.94775391, 712.798156738, 315.828155518, 282.110748291, 225.017166138, 199.865570068, 78.9151306152, 31.381280899, 30.0125465393, 7.7245721817, 1.63750720024, 0.121868759394, 0.007862765342, 3.60023877874e-05, 1.48558552127e-08, 4.98978469654e-10]
    },
    "gfcc": {
        "mean": [9.22123432159, 80.8907928467, -135.015975952, 64.8195571899, -55.395236969, 15.8087339401, -48.9363594055, 14.595749855, -19.0791816711, -4.09830999374, -11.3994312286, -7.92783927917, -13.5305643082],
        "cov": [[2226.30541992, -890.816162109, 149.481719971, -405.102478027, -179.114608765, 238.393280029, -107.836662292, 174.326095581, -179.330078125, 329.319793701, -267.80682373, 95.9961700439, -188.35887146], [-890.816162109, 837.544006348, -271.034820557, 113.023460388, 83.5237731934, -83.4427566528, 175.375320435, -143.171798706, 157.430938721, -188.177124023, 211.350128174, -108.21395874, 87.3994216919], [149.481719971, -271.034820557, 486.037109375, 76.3556900024, 68.4080657959, 90.858833313, -24.0643901825, 116.440826416, -92.0583190918, 91.2125473022, -85.3084030151, 74.3795547485, -32.8190193176], [-405.102478027, 113.023460388, 76.3556900024, 413.593505859, 97.2335128784, -76.9044799805, 11.7903156281, 0.36246997118, 91.1211166382, -96.9049530029, 66.7811737061, -6.4585776329, 110.628715515], [-179.114608765, 83.5237731934, 68.4080657959, 97.2335128784, 258.783203125, -59.5150032043, 3.24731135368, 78.7298431396, 41.8318977356, 3.24290966988, 14.6190013885, 25.5196552277, 4.83401870728], [238.393280029, -83.4427566528, 90.858833313, -76.9044799805, -59.5150032043, 203.787368774, 72.4627151489, -2.22147011757, -68.3083877563, 33.0568008423, -28.4301567078, -10.7038316727, -33.5365066528], [-107.836662292, 175.375320435, -24.0643901825, 11.7903156281, 3.24731135368, 72.4627151489, 157.935958862, -17.6900978088, 4.08791780472, -32.8274688721, 37.1071968079, -31.4097805023, -7.54464960098], [174.326095581, -143.171798706, 116.440826416, 0.36246997118, 78.7298431396, -2.22147011757, -17.6900978088, 140.02557373, 8.8704957962, 57.6758918762, -44.528881073, 34.4726791382, -15.3830375671], [-179.330078125, 157.430938721, -92.0583190918, 91.1211166382, 41.8318977356, -68.3083877563, 4.08791780472, 8.8704957962, 147.517105103, -15.5030078888, 46.5507888794, -27.7690448761, 43.5622749329], [329.319793701, -188.177124023, 91.2125473022, -96.9049530029, 3.24290966988, 33.0568008423, -32.8274688721, 57.6758918762, -15.5030078888, 138.986480713, -48.6513366699, 32.3365592957, -48.2417106628], [-267.80682373, 211.350128174, -85.3084030151, 66.7811737061, 14.6190013885, -28.4301567078, 37.1071968079, -44.528881073, 46.5507888794, -48.6513366699, 118.344436646, -7.86058568954, 33.7950592041], [95.9961700439, -108.21395874, 74.3795547485, -6.4585776329, 25.5196552277, -10.7038316727, -31.4097805023, 34.4726791382, -27.7690448761, 32.3365592957, -7.86058568954, 85.6102828979, 3.34553003311], [-188.35887146, 87.3994216919, -32.8190193176, 110.628715515, 4.83401870728, -33.5365066528, -7.54464960098, -15.3830375671, 43.5622749329, -48.2417106628, 33.7950592041, 3.34553003311, 97.8319549561]],
        "icov": [[0.00128170812968, 0.000325694942148, 0.0011015055934, -0.000397847528802, 0.000640134036075, -0.00125443364959, 0.000351865164703, -0.00109946518205, 0.000418429321144, -0.00176127662417, 0.00121341855265, -0.000912936695386, 0.000946000218391], [0.000325694942148, 0.00821924488991, -0.00227266387083, 0.00485853757709, -0.00370303774253, 0.00311553082429, -0.0066664526239, 0.00544635206461, -0.0054447343573, 0.00496910419315, -0.00726438034326, 0.00507252896205, -0.00416824128479], [0.0011015055934, -0.00227266387083, 0.00687995785847, -0.00492779305205, 0.00136595545337, -0.00429465528578, 0.00300758588128, -0.00497228046879, 0.00499983178452, -0.00540170772001, 0.00478957220912, -0.00433220388368, 0.00354553200305], [-0.000397847528802, 0.00485853757709, -0.00492779305205, 0.00927695073187, -0.0035757580772, 0.0038129251916, -0.00464769871905, 0.0046668080613, -0.00616374379024, 0.00692926021293, -0.00613718992099, 0.00463079242036, -0.00726768421009], [0.000640134036075, -0.00370303774253, 0.00136595545337, -0.0035757580772, 0.00806241389364, -0.000632872746792, 0.0024318669457, -0.00643934402615, 0.00227011996321, -0.00301904720254, 0.00315805384889, -0.00384760810994, 0.00414314446971], [-0.00125443364959, 0.00311553082429, -0.00429465528578, 0.0038129251916, -0.000632872746792, 0.0124686341733, -0.00829260982573, 0.00389858987182, -7.72832281655e-05, 0.00184409157373, -0.00406060367823, 0.00558095704764, -0.00451629282907], [0.000351865164703, -0.0066664526239, 0.00300758588128, -0.00464769871905, 0.0024318669457, -0.00829260982573, 0.0161913111806, -0.00599070964381, 0.00396562926471, -0.00237957434729, 0.00335190747865, -0.00294496444985, 0.00624505151063], [-0.00109946518205, 0.00544635206461, -0.00497228046879, 0.0046668080613, -0.00643934402615, 0.00389858987182, -0.00599070964381, 0.0188762079924, -0.00801477953792, 0.00309496046975, -0.00203976267949, 0.00159853696823, -0.00402207672596], [0.000418429321144, -0.0054447343573, 0.00499983178452, -0.00616374379024, 0.00227011996321, -7.72832281655e-05, 0.00396562926471, -0.00801477953792, 0.0184346362948, -0.00937356986105, 0.00232837675139, 0.00158757844474, -0.000465394987259], [-0.00176127662417, 0.00496910419315, -0.00540170772001, 0.00692926021293, -0.00301904720254, 0.00184409157373, -0.00237957434729, 0.00309496046975, -0.00937356986105, 0.0210616774857, -0.00554013764486, 0.000976765877567, 4.63998148916e-05], [0.00121341855265, -0.00726438034326, 0.00478957220912, -0.00613718992099, 0.00315805384889, -0.00406060367823, 0.00335190747865, -0.00203976267949, 0.00232837675139, -0.00554013764486, 0.0227833017707, -0.00979967322201, 0.00445859367028], [-0.000912936695386, 0.00507252896205, -0.00433220388368, 0.00463079242036, -0.00384760810994, 0.00558095704764, -0.00294496444985, 0.00159853696823, 0.00158757844474, 0.000976765877567, -0.00979967322201, 0.0229275990278, -0.00847574137151], [0.000946000218391, -0.00416824128479, 0.00354553200305, -0.00726768421009, 0.00414314446971, -0.00451629282907, 0.00624505151063, -0.00402207672596, -0.000465394987259, 4.63998148916e-05, 0.00445859367028, -0.00847574137151, 0.0222505070269]]
    },
    "melbands": {
        "dmean": [0.000483561743749, 0.0009820535779, 0.000500453810673, 0.000132193628815, 0.000100545068562, 7.69016478444e-05, 0.000100130419014, 0.000109130916826, 0.000138242845424, 9.89286127151e-05, 3.11911280733e-05, 1.92614916159e-05, 2.05320684472e-05, 4.53791253676e-05, 5.42083835171e-05, 4.84506308567e-05, 3.32338131557e-05, 2.83235458483e-05, 2.88178562187e-05, 2.98286959151e-05, 3.62072350981e-05, 4.00304561481e-05, 4.84974079882e-05, 1.78242898983e-05, 1.6937019609e-05, 1.73538392119e-05, 1.09057409645e-05, 8.73934186529e-06, 4.85697501063e-06, 3.86531792174e-06, 3.78095387532e-06, 3.30623697664e-06, 3.20826961797e-06, 2.82619203062e-06, 2.27588702728e-06, 1.81281995992e-06, 1.42933072311e-06, 1.46435650095e-06, 1.11964459393e-06, 9.6499547908e-07],
        "dmean2": [0.000752217601985, 0.00169163930696, 0.000860812375322, 0.000213688239455, 0.000160804906045, 0.000122145633213, 0.000170488288859, 0.000175119770574, 0.000230394187383, 0.000160601281095, 5.24673232576e-05, 3.25035834976e-05, 3.49005640601e-05, 7.93068611529e-05, 9.05287524802e-05, 7.9013814684e-05, 5.44753784197e-05, 4.69635306217e-05, 4.30448744737e-05, 4.44807810709e-05, 5.63711328141e-05, 6.3407496782e-05, 8.02752838354e-05, 2.98183513223e-05, 2.89045965474e-05, 2.93610210065e-05, 1.8405398805e-05, 1.48675844684e-05, 7.8319962995e-06, 6.30629619991e-06, 6.18421790932e-06, 5.26929943589e-06, 4.91967193739e-06, 4.49550680059e-06, 3.581968258e-06, 2.96617713502e-06, 2.24079917643e-06, 2.21180698645e-06, 1.6075947542e-06, 1.41390125918e-06],
        "dvar": [1.12382258521e-06, 2.95752488455e-06, 8.48739603043e-07, 4.55285125156e-08, 3.27392086774e-08, 2.57315821983e-08, 7.07995866378e-08, 5.26520267385e-08, 1.07889093215e-07, 8.57161452927e-08, 1.08389155429e-08, 2.21413221091e-09, 4.88705120816e-09, 2.00777225956e-08, 2.24898393242e-08, 2.51554439501e-08, 1.12689635401e-08, 4.58979920737e-09, 4.19910195504e-09, 4.11443057402e-09, 3.23302673522e-09, 3.25277693669e-09, 6.19375750688e-09, 7.52733375631e-10, 5.94422122635e-10, 6.02823513329e-10, 4.07948064218e-10, 4.1123163208e-10, 1.19347184913e-10, 8.02642327602e-11, 8.39767561045e-11, 5.3476088141e-11, 4.90823007238e-11, 4.35979967406e-11, 1.99050827904e-11, 1.44431341886e-11, 8.23193770094e-12, 9.10640052948e-12, 4.42519155e-12, 3.80386000476e-12],
        "dvar2": [2.2662916308e-06, 8.29393866297e-06, 2.31822104979e-06, 1.10779289741e-07, 8.58073931909e-08, 6.53511520454e-08, 1.99390385092e-07, 1.24420466818e-07, 3.14242697641e-07, 2.24409518523e-07, 2.49331915114e-08, 5.89533533102e-09, 1.43586236234e-08, 6.06655419233e-08, 5.96423959109e-08, 6.44665547611e-08, 2.62440860155e-08, 1.17192788807e-08, 7.7416473232e-09, 7.39381444959e-09, 7.17290715713e-09, 7.56164286742e-09, 1.68121143673e-08, 1.92457605408e-09, 1.64814861758e-09, 1.60493651702e-09, 1.12247444672e-09, 1.14578102561e-09, 2.97898428148e-10, 1.94022964362e-10, 2.08356998321e-10, 1.27176061349e-10, 1.03621645986e-10, 1.02197750262e-10, 4.41415307084e-11, 3.69598379679e-11, 2.04638094664e-11, 2.0028506631e-11, 8.83740650104e-12, 8.89254381936e-12],
        "max": [0.0103061543778, 0.0136698652059, 0.00827367790043, 0.00238552177325, 0.00271983537823, 0.00173714547418, 0.00285673723556, 0.00268143578433, 0.00404734257609, 0.00340768322349, 0.00175360916182, 0.000433531065937, 0.00132362544537, 0.00219468050636, 0.00244016037323, 0.00283450470306, 0.0019264430739, 0.00102250359487, 0.00155942887068, 0.00160085223615, 0.000951345195062, 0.000736957241315, 0.00116977782454, 0.000373837770894, 0.000241936373641, 0.000290754571324, 0.000194462481886, 0.000247745629167, 0.000104367260064, 0.000103615704575, 0.000109759443149, 8.10386336525e-05, 7.1128604759e-05, 0.000102746707853, 3.94153976231e-05, 3.68024557247e-05, 4.68791331514e-05, 6.68016582495e-05, 3.84676168323e-05, 1.99488331418e-05],
        "mean": [0.000672406516969, 0.00170031795278, 0.000821890775114, 0.000247766380198, 0.00022138156055, 0.000130150656332, 0.00014706539514, 0.000176259010914, 0.000189139114809, 0.000132479020976, 4.74304724776e-05, 2.35392053582e-05, 2.92632466881e-05, 5.92668147874e-05, 8.32603254821e-05, 6.55280746287e-05, 4.7327921493e-05, 4.34726316598e-05, 4.84427182528e-05, 5.48378229723e-05, 6.17389814579e-05, 6.51395239402e-05, 7.61803166824e-05, 2.74535777862e-05, 2.53644120676e-05, 2.93218527077e-05, 1.53885666805e-05, 1.13628257168e-05, 7.38914422982e-06, 5.88049761063e-06, 5.47967511011e-06, 4.78661831949e-06, 4.68389589514e-06, 4.1069524741e-06, 3.27339353134e-06, 2.42361329583e-06, 2.23466918214e-06, 2.38265988628e-06, 1.7013054503e-06, 1.17996955851e-06],
        "median": [0.000268882024102, 0.00129561277572, 0.000560232379939, 0.000178876245627, 0.000154927838594, 7.56386507419e-05, 6.17329715169e-05, 5.46686496818e-05, 2.96527250612e-05, 2.19057637878e-05, 1.21054345072e-05, 1.0816226677e-05, 9.91407614492e-06, 1.1049517525e-05, 1.71275260072e-05, 1.54871941049e-05, 1.04462569652e-05, 1.52932552737e-05, 1.70541206899e-05, 1.8902192096e-05, 3.32791059918e-05, 3.92095171264e-05, 4.58570502815e-05, 1.64735956787e-05, 1.4269760868e-05, 2.04395291803e-05, 8.4188513938e-06, 4.99352245242e-06, 3.10034397444e-06, 2.84814132101e-06, 2.20283777708e-06, 1.67782025073e-06, 1.55000418545e-06, 1.39175199365e-06, 1.07649827896e-06, 9.09724406029e-07, 8.98330483778e-07, 9.12198458991e-07, 5.41882457128e-07, 2.47131310971e-07],
        "min": [6.07949118603e-07, 5.96162271904e-06, 5.43704663869e-06, 9.86424402072e-06, 7.01505041434e-06, 1.96834139388e-06, 1.15847433335e-06, 6.14696148205e-07, 6.39958216198e-07, 4.87215004341e-07, 3.47410150425e-07, 4.60983869743e-07, 2.85791685428e-07, 4.44682342504e-07, 3.4955553474e-07, 3.73934682329e-07, 4.04392721975e-07, 3.13138031061e-07, 9.0950794629e-07, 1.0126491361e-06, 6.96330175742e-07, 5.44293129678e-07, 1.31387753299e-06, 3.03359598774e-07, 1.15353634556e-06, 8.11923086985e-07, 3.74069514919e-07, 1.71772100543e-07, 9.97071154529e-08, 1.46091991837e-07, 1.87605394331e-07, 4.89208922261e-08, 5.5333792659e-08, 2.61607162599e-08, 1.34085196279e-08, 1.30810047239e-08, 4.10642471138e-08, 5.08871078608e-09, 7.0465422386e-10, 1.54147267867e-11],
