{
"highlevel": {
    "danceability": {
        "all": {
            "danceable": 0.213844358921,
            "not_danceable": 0.786155641079
        },
        "probability": 0.786155641079,
        "value": "not_danceable"
    },
    "gender": {
        "all": {
            "female": 0.987289965153,
            "male": 0.0127100115642
        },
        "probability": 0.987289965153,
        "value": "female"
    },
    "genre_dortmund": {
        "all": {
            "alternative": 0.0526047386229,
            "blues": 0.0340161249042,
            "electronic": 0.0243437681347,
            "folkcountry": 0.675299286842,
            "funksoulrnb": 0.0125539060682,
            "jazz": 0.116785332561,
            "pop": 0.0622640512884,
            "raphiphop": 0.00172778300475,
            "rock": 0.0204050205648
        },
        "probability": 0.675299286842,
        "value": "folkcountry"
    },
    "genre_electronic": {
        "all": {
            "ambient": 0.924966573715,
            "dnb": 0.0123524824157,
            "house": 0.0304566752166,
            "techno": 0.00470581883565,
            "trance": 0.0275184214115
        },
        "probability": 0.924966573715,
        "value": "ambient"
    },
    "genre_rosamerica": {
        "all": {
            "cla": 0.216732293367,
            "dan": 0.00673847505823,
            "hip": 0.00442991871387,
            "jaz": 0.343441456556,
            "pop": 0.229594990611,
            "rhy": 0.177189305425,
            "roc": 0.0106214396656,
            "spe": 0.0112521378323
        },
        "probability": 0.343441456556,
        "value": "jaz"
    },
    "genre_tzanetakis": {
        "all": {
            "blu": 0.0626613423228,
            "cla": 0.0348169617355,
            "cou": 0.104475811124,
            "dis": 0.0784321576357,
            "hip": 0.15692435205,
            "jaz": 0.313974827528,
            "met": 0.0448166541755,
            "pop": 0.0627359300852,
            "reg": 0.0627360641956,
            "roc": 0.0784258767962
        },
        "probability": 0.313974827528,
        "value": "jaz"
    },
    "ismir04_rhythm": {
        "all": {
            "ChaChaCha": 0.00365457683802,
            "Jive": 0.0017395982286,
            "Quickstep": 0.00634178426117,
            "Rumba-American": 0.0114732701331,
            "Rumba-International": 0.0218683313578,
            "Rumba-Misc": 0.00375672336668,
            "Samba": 0.00130698550493,
            "Tango": 0.0049289050512,
            "VienneseWaltz": 0.542681276798,
            "Waltz": 0.402248561382
        },
        "probability": 0.542681276798,
        "value": "VienneseWaltz"
    },
    "mood_acoustic": {
        "all": {
            "acoustic": 0.955626964569,
            "not_acoustic": 0.0443730466068
        },
        "probability": 0.955626964569,
        "value": "acoustic"
    },
    "mood_aggressive": {
        "all": {
            "aggressive": 0.0127590559423,
            "not_aggressive": 0.987240970135
        },
        "probability": 0.987240970135,
        "value": "not_aggressive"
    },
    "mood_electronic": {
        "all": {
            "electronic": 0.12887494266,
            "not_electronic": 0.871125042439
        },
        "probability": 0.871125042439,
        "value": "not_electronic"
    },
    "mood_happy": {
        "all": {
            "happy": 0.976733326912,
            "not_happy": 0.0232666675001
        },
        "probability": 0.976733326912,
        "value": "happy"
    },
    "mood_party": {
        "all": {
            "not_party": 0.98531293869,
            "party": 0.0146870343015
        },
        "probability": 0.98531293869,
        "value": "not_party"
    },
    "mood_relaxed": {
        "all": {
            "not_relaxed": 0.101145759225,
            "relaxed": 0.898854255676
        },
        "probability": 0.898854255676,
        "value": "relaxed"
    },
    "mood_sad": {
        "all": {
            "not_sad": 0.162831813097,
            "sad": 0.837168216705
        },
        "probability": 0.837168216705,
        "value": "sad"
    },
    "moods_mirex": {
        "all": {
            "Cluster1": 0.114251993597,
            "Cluster2": 0.0925665274262,
            "Cluster3": 0.592650294304,
            "Cluster4": 0.191712796688,
            "Cluster5": 0.00881837494671
        },
        "probability": 0.592650294304,
        "value": "Cluster3"
    },
    "timbre": {
        "all": {
            "bright": 0.959758400917,
            "dark": 0.0402416177094
        },
        "probability": 0.959758400917,
        "value": "bright"
    },
    "tonal_atonal": {
        "all": {
            "atonal": 0.00129173428286,
            "tonal": 0.998708248138
        },
        "probability": 0.998708248138,
        "value": "tonal"
    },
    "voice_instrumental": {
        "all": {
            "instrumental": 0.000157376300194,
            "voice": 0.999842643738
        },
        "probability": 0.999842643738,
        "value": "voice"
    }
},
"lowlevel": {
    "average_loudness": 0.922245562077,
    "barkbands_crest": {
        "dmean": 2.08620977402,
        "dmean2": 3.23740196228,
        "dvar": 4.19455957413,
        "dvar2": 9.02769374847,
        "max": 25.3129653931,
        "mean": 11.4656772614,
        "median": 10.8742733002,
        "min": 3.34870171547,
        "var": 17.6279449463
    },
    "barkbands_flatness_db": {
        "dmean": 0.0178605299443,
        "dmean2": 0.0269645266235,
        "dvar": 0.000297325488646,
        "dvar2": 0.000562524655834,
        "max": 0.378399729729,
        "mean": 0.202933356166,
        "median": 0.201957508922,
        "min": 0.0761451423168,
        "var": 0.0024794943165
    },
    "barkbands_kurtosis": {
        "dmean": 2.55767822266,
        "dmean2": 3.80517339706,
        "dvar": 13.8419075012,
        "dvar2": 29.1876125336,
        "max": 65.7742462158,
        "mean": 7.00012302399,
        "median": 4.83352279663,
        "min": -1.87294971943,
        "var": 64.1419143677
    },
    "barkbands_skewness": {
        "dmean": 0.40229088068,
        "dmean2": 0.586398720741,
        "dvar": 0.180067032576,
        "dvar2": 0.360875457525,
        "max": 7.21569633484,
        "mean": 1.88334774971,
        "median": 1.74479353428,
        "min": -1.23551273346,
        "var": 1.19510185719
    },
    "barkbands_spread": {
        "dmean": 2.66163039207,
        "dmean2": 3.76392674446,
        "dvar": 25.5726795197,
        "dvar2": 42.8971672058,
        "max": 81.2107620239,
        "mean": 11.0259475708,
        "median": 8.6676530838,
        "min": 1.38236188889,
        "var": 91.3078842163
    },
    "dissonance": {
        "dmean": 0.0281507242471,
        "dmean2": 0.0474524274468,
        "dvar": 0.000555056205485,
        "dvar2": 0.00156530202366,
        "max": 0.491785883904,
        "mean": 0.418795257807,
        "median": 0.422116786242,
        "min": 0.229623198509,
        "var": 0.00147235370241
    },
    "dynamic_complexity": 3.04502391815,
    "erbbands_crest": {
        "dmean": 2.40550994873,
        "dmean2": 3.75303816795,
        "dvar": 6.00833129883,
        "dvar2": 14.2691078186,
        "max": 28.5087795258,
        "mean": 12.4310970306,
        "median": 11.6496896744,
        "min": 3.74412941933,
        "var": 20.6765861511
    },
    "erbbands_flatness_db": {
        "dmean": 0.0155518390238,
        "dmean2": 0.0218772701919,
        "dvar": 0.000257001229329,
        "dvar2": 0.000471338862553,
        "max": 0.34769025445,
        "mean": 0.223376780748,
        "median": 0.224744394422,
        "min": 0.0885346904397,
        "var": 0.00179920648225
    },
    "erbbands_kurtosis": {
        "dmean": 1.33612155914,
        "dmean2": 2.01296424866,
        "dvar": 2.48808574677,
        "dvar2": 5.5866355896,
        "max": 20.9504203796,
        "mean": 2.53882908821,
        "median": 1.86226892471,
        "min": -1.83894622326,
        "var": 9.17692756653
    },
    "erbbands_skewness": {
        "dmean": 0.316028356552,
        "dmean2": 0.465372771025,
        "dvar": 0.096056073904,
        "dvar2": 0.196085259318,
        "max": 3.97396993637,
        "mean": 1.16058599949,
        "median": 1.10819602013,
        "min": -1.57434630394,
        "var": 0.506002008915
    },
    "erbbands_spread": {
        "dmean": 4.70991277695,
        "dmean2": 6.90313434601,
        "dvar": 48.7653427124,
        "dvar2": 94.8522338867,
        "max": 109.89515686,
        "mean": 22.6803226471,
        "median": 19.6922512054,
        "min": 6.0960483551,
        "var": 177.379760742
    },
    "hfc": {
        "dmean": 3.79557561874,
        "dmean2": 5.0738530159,
        "dvar": 42.0817489624,
        "dvar2": 71.1086578369,
        "max": 129.257705688,
        "mean": 16.0971794128,
        "median": 11.3496551514,
        "min": 0.218385249376,
        "var": 245.466796875
    },
    "melbands_crest": {
        "dmean": 2.66587209702,
        "dmean2": 4.12347984314,
        "dvar": 6.59883594513,
        "dvar2": 15.1199045181,
        "max": 31.8031330109,
        "mean": 15.1506624222,
        "median": 14.2952098846,
        "min": 5.0555768013,
        "var": 29.8292427063
    },
    "melbands_flatness_db": {
        "dmean": 0.0192031692713,
        "dmean2": 0.0273055713624,
        "dvar": 0.000386325584259,
        "dvar2": 0.000650396628771,
        "max": 0.449795812368,
        "mean": 0.244484037161,
        "median": 0.242426529527,
        "min": 0.0795592069626,
        "var": 0.00365446996875
    },
    "melbands_kurtosis": {
        "dmean": 3.72207760811,
        "dmean2": 5.65624856949,
        "dvar": 37.4860610962,
        "dvar2": 79.1067276001,
        "max": 115.442008972,
        "mean": 10.5319643021,
        "median": 7.10428333282,
        "min": -1.18309938908,
        "var": 149.692825317
    },
    "melbands_skewness": {
        "dmean": 0.474034041166,
        "dmean2": 0.720367610455,
        "dvar": 0.251839995384,
        "dvar2": 0.516860246658,
        "max": 8.81355381012,
        "mean": 2.07516407967,
        "median": 1.90046870708,
        "min": -0.571922838688,
        "var": 1.43536138535
    },
    "melbands_spread": {
        "dmean": 3.44682955742,
        "dmean2": 4.74093389511,
        "dvar": 62.833480835,
        "dvar2": 121.490608215,
        "max": 186.674285889,
        "mean": 13.581993103,
        "median": 10.8131923676,
        "min": 1.68631017208,
        "var": 143.977371216
    },
    "pitch_salience": {
        "dmean": 0.0520479530096,
        "dmean2": 0.082695864141,
        "dvar": 0.00258189509623,
        "dvar2": 0.00603184662759,
        "max": 0.791677594185,
        "mean": 0.512335240841,
        "median": 0.511995315552,
        "min": 0.164242759347,
        "var": 0.0113376071677
    },
    "silence_rate_20dB": {
        "dmean": 0,
        "dmean2": 0,
        "dvar": 0,
        "dvar2": 0,
        "max": 1,
        "mean": 1,
        "median": 1,
        "min": 1,
        "var": 0
    },
    "silence_rate_30dB": {
        "dmean": 0,
        "dmean2": 0,
        "dvar": 0,
        "dvar2": 0,
        "max": 1,
        "mean": 1,
        "median": 1,
        "min": 1,
        "var": 0
    },
    "silence_rate_60dB": {
        "dmean": 0.022445820272,
        "dmean2": 0.0449264124036,
        "dvar": 0.0219419430941,
        "dvar2": 0.0491046905518,
        "max": 1,
        "mean": 0.0649651959538,
        "median": 0,
        "min": 0,
        "var": 0.0607447549701
    },
    "spectral_centroid": {
        "dmean": 131.451141357,
        "dmean2": 180.417633057,
        "dvar": 29507.3125,
        "dvar2": 53460.8632812,
        "max": 3845.96240234,
        "mean": 867.882446289,
        "median": 758.606994629,
        "min": 300.330078125,
        "var": 159499.515625
    },
    "spectral_complexity": {
        "dmean": 1.82507741451,
        "dmean2": 2.80170416832,
        "dvar": 2.81146264076,
        "dvar2": 6.46261739731,
        "max": 30,
        "mean": 13.4207267761,
        "median": 13,
        "min": 2,
        "var": 26.0488166809
    },
    "spectral_decrease": {
        "dmean": 1.21820009635e-09,
        "dmean2": 1.73263214887e-09,
        "dvar": 2.51989923664e-18,
        "dvar2": 4.87291850701e-18,
        "max": -9.76482714132e-11,
        "mean": -5.3967244007e-09,
        "median": -4.65160798768e-09,
        "min": -2.47983926727e-08,
        "var": 1.54231018128e-17
    },
    "spectral_energy": {
        "dmean": 0.00488814385608,
        "dmean2": 0.00691609131172,
        "dvar": 4.02426958317e-05,
        "dvar2": 7.74962682044e-05,
        "max": 0.0984972566366,
        "mean": 0.0218285415322,
        "median": 0.0187324043363,
        "min": 0.00038835540181,
        "var": 0.000255244260188
    },
    "spectral_energyband_high": {
        "dmean": 0.000137349808938,
        "dmean2": 0.000183362048119,
        "dvar": 3.06507047299e-07,
        "dvar2": 5.29353201273e-07,
        "max": 0.0141218826175,
        "mean": 0.000286377413431,
        "median": 0.000125375125208,
        "min": 7.15506644156e-07,
        "var": 5.60256694371e-07
    },
    "spectral_energyband_low": {
        "dmean": 0.000357268232619,
        "dmean2": 0.000619499885943,
        "dvar": 5.07364745772e-07,
        "dvar2": 1.56937881002e-06,
        "max": 0.00899565871805,
        "mean": 0.000736283021979,
        "median": 0.0003146318777,
        "min": 1.20598622289e-06,
        "var": 1.28418821532e-06
    },
    "spectral_energyband_middle_high": {
        "dmean": 0.00150365941226,
        "dmean2": 0.00201225630008,
        "dvar": 9.12540326681e-06,
        "dvar2": 1.4400838154e-05,
        "max": 0.0759079009295,
        "mean": 0.00516376644373,
        "median": 0.0019321202999,
        "min": 1.63425120263e-05,
        "var": 8.8541470177e-05
    },
    "spectral_energyband_middle_low": {
        "dmean": 0.00407738331705,
        "dmean2": 0.00591539638117,
        "dvar": 3.01187810692e-05,
        "dvar2": 6.28710840829e-05,
        "max": 0.090386338532,
        "mean": 0.0161596592516,
        "median": 0.0140374423936,
        "min": 0.000320247199852,
        "var": 0.000135422902531
    },
    "spectral_entropy": {
        "dmean": 0.158039346337,
        "dmean2": 0.225021094084,
        "dvar": 0.0325230136514,
        "dvar2": 0.055138207972,
        "max": 8.48940086365,
        "mean": 6.83960342407,
        "median": 6.82539701462,
        "min": 5.37473058701,
        "var": 0.240904346108
    },
    "spectral_flux": {
        "dmean": 0.020284678787,
        "dmean2": 0.0323599986732,
        "dvar": 0.000571385375224,
        "dvar2": 0.0015030708164,
        "max": 0.298752427101,
        "mean": 0.0559921190143,
        "median": 0.0477494560182,
        "min": 0.00556376716122,
        "var": 0.00137818558142
    },
    "spectral_kurtosis": {
        "dmean": 2.8604516983,
        "dmean2": 4.79895114899,
        "dvar": 12.5229873657,
        "dvar2": 32.7737388611,
        "max": 58.7983283997,
        "mean": 8.91453838348,
        "median": 7.49206924438,
        "min": -1.2199255228,
        "var": 35.7917709351
    },
    "spectral_rms": {
        "dmean": 0.000514792394824,
        "dmean2": 0.000719597155694,
        "dvar": 3.37167108455e-07,
        "dvar2": 5.88348427755e-07,
        "max": 0.00980279967189,
        "mean": 0.00428628223017,
        "median": 0.00427498714998,
        "min": 0.000615535012912,
        "var": 2.92391246148e-06
    },
    "spectral_rolloff": {
        "dmean": 242.814682007,
        "dmean2": 396.837219238,
        "dvar": 680229.5,
        "dvar2": 1258389.125,
        "max": 11434.1308594,
        "mean": 1069.53686523,
        "median": 775.1953125,
        "min": 215.33203125,
        "var": 1549858.875
    },
    "spectral_skewness": {
        "dmean": 0.304370075464,
        "dmean2": 0.480118751526,
        "dvar": 0.0974610522389,
        "dvar2": 0.237337231636,
        "max": 6.07242250443,
        "mean": 2.27209472656,
        "median": 2.21596956253,
        "min": -0.0141109684482,
        "var": 0.43309828639
    },
    "spectral_spread": {
        "dmean": 513544.3125,
        "dmean2": 729509.125,
        "dvar": 663783931904,
        "dvar2": 988300443648,
        "max": 16916832,
        "mean": 3952643.25,
        "median": 3776191,
        "min": 1130436.375,
        "var": 2.9493582889e+12
    },
    "spectral_strongpeak": {
        "dmean": 0.493403255939,
        "dmean2": 0.802413344383,
        "dvar": 0.41910341382,
        "dvar2": 0.948744058609,
        "max": 9.27003955841,
        "mean": 1.56275439262,
        "median": 1.20565450191,
        "min": 0.0362465009093,
        "var": 1.55781257153
    },
    "zerocrossingrate": {
        "dmean": 0.00721197435632,
        "dmean2": 0.00790213793516,
        "dvar": 0.000193321160623,
        "dvar2": 0.000177998867002,
        "max": 0.3427734375,
        "mean": 0.0443248338997,
        "median": 0.03857421875,
        "min": 0.01171875,
        "var": 0.00100603466853
    },
    "barkbands": {
        "dmean": [2.570289098e-06, 8.67551862029e-05, 0.000186078628758, 0.000267589872237, 0.00132295500953, 0.00121926970314, 0.000794638588559, 0.00123843026813, 0.00111494469456, 0.000715657079127, 0.00071290548658, 0.000287550123176, 0.000305861030938, 0.000144111327245, 0.000170639672433, 6.68551001581e-05, 7.96281747171e-05, 6.14981763647e-05, 8.47348128445e-05, 4.88096084155e-05, 2.20008914766e-05, 1.21096991279e-05, 1.87604346138e-05, 3.27395282511e-05, 4.65860357508e-05, 8.48415220389e-06, 2.06611039388e-09],
        "dmean2": [4.24805284638e-06, 0.000154614725034, 0.000324840948451, 0.00047016624012, 0.00204443559051, 0.00172740186099, 0.00119509827346, 0.00180129741784, 0.0014755462762, 0.000973195652477, 0.000986442668363, 0.000415597925894, 0.000418444426032, 0.00021437027317, 0.000251205085078, 0.000101691861346, 0.000119374679343, 9.46446889429e-05, 0.00012248980056, 7.58093519835e-05, 3.38756144629e-05, 1.94705371541e-05, 2.69163701887e-05, 4.97820110468e-05, 6.56131815049e-05, 1.23855515994e-05, 2.9264393131e-09],
        "dvar": [1.11013406801e-10, 2.6070285486e-08, 1.64424619697e-07, 2.8087262649e-07, 4.84500287712e-06, 6.58753924654e-06, 9.94009496935e-06, 4.72256760986e-06, 4.86055478177e-06, 3.62417949873e-06, 5.40517112313e-06, 6.41247822841e-07, 1.65494793691e-06, 2.07362631954e-07, 1.5003149656e-07, 3.15283834595e-08, 8.79671020471e-08, 1.57089594666e-08, 5.68248239574e-08, 1.03395443318e-08, 1.84964565886e-09, 5.52716761248e-09, 1.31648807411e-08, 4.37171507883e-08, 4.47577122031e-08, 2.4779935881e-09, 1.49749802893e-15],
        "dvar2": [3.01584091034e-10, 8.24301551461e-08, 4.77458797832e-07, 8.02641920927e-07, 1.17217414299e-05, 1.08193316919e-05, 2.19202247536e-05, 1.08027006718e-05, 7.98257406132e-06, 5.90249919696e-06, 7.94476272858e-06, 1.39776670949e-06, 3.03241040456e-06, 3.87527478551e-07, 2.50099333243e-07, 6.94753552466e-08, 1.53109439793e-07, 3.21586313135e-08, 1.03646982552e-07, 2.35911290503e-08, 4.17529699703e-09, 1.36427740216e-08, 2.53368170888e-08, 1.07721795928e-07, 7.71550077161e-08, 5.27961097063e-09, 1.51467310425e-15],
        "max": [0.000203523115488, 0.00230963458307, 0.00507292011753, 0.00588057469577, 0.0389145277441, 0.0509977340698, 0.07468123734, 0.038118943572, 0.0378782078624, 0.0336076170206, 0.0583127066493, 0.0155979804695, 0.0257472321391, 0.0110775502399, 0.0106013603508, 0.00308969337493, 0.00813004840165, 0.00236211670563, 0.0066828308627, 0.00219754804857, 0.000909441616386, 0.00206174771301, 0.00210671918467, 0.00524854054675, 0.00505340378731, 0.00118101912085, 1.38939105909e-06],
        "mean": [4.25722691944e-06, 0.000133362074848, 0.000364562874893, 0.000452349020634, 0.00351946009323, 0.00377994938754, 0.00216569099575, 0.00267823995091, 0.00298245367594, 0.00159108999651, 0.00133209780324, 0.000601410982199, 0.000635517120827, 0.000311751820846, 0.000346592016285, 0.00012590319966, 0.000140612974064, 0.000126298415125, 0.000201428367291, 0.000108871558041, 4.29068750236e-05, 1.81568702828e-05, 2.65426351689e-05, 4.77860994579e-05, 7.9578749137e-05, 1.16923229143e-05, 1.81819248546e-09],
        "median": [2.952839111e-07, 3.89740853279e-05, 9.78050884441e-05, 0.000189288984984, 0.00183320220094, 0.000931164773647, 0.000387862120988, 0.00131308275741, 0.00128793320619, 0.000429036677815, 0.000280941894744, 0.000157856062287, 0.000107803403807, 6.786310405e-05, 0.00014524004655, 4.03469130106e-05, 5.83572109463e-05, 4.50852530776e-05, 5.54586622457e-05, 5.35253457201e-05, 2.43601061811e-05, 4.25374400947e-06, 3.35200979862e-06, 1.02467574834e-05, 2.21608606807e-05, 1.45993647038e-06, 2.48335851882e-10],
        "min": [1.22485466214e-10, 4.08484233105e-08, 1.30999808334e-07, 4.16879657905e-07, 9.01340172277e-06, 8.26522955322e-06, 8.98966902696e-07, 5.65643586015e-06, 6.52288781566e-06, 7.3528916289e-08, 1.71146609773e-07, 1.13531802981e-06, 3.6189084085e-07, 1.81702048963e-07, 6.78972355672e-07, 1.13021435766e-07, 3.28621808876e-07, 4.35963670498e-07, 3.5770264617e-07, 1.76936651997e-07, 1.27316369003e-07, 1.77856183114e-08, 4.06893541083e-09, 1.829110019e-08, 6.28717855555e-10, 8.35751433337e-12, 9.1386421e-12],
        "var": [3.62989971414e-10, 5.24917744826e-08, 5.11095834099e-07, 4.67089648737e-07, 1.88138255908e-05, 3.61276252079e-05, 3.33159550792e-05, 1.33880193971e-05, 1.89739967027e-05, 1.32043733174e-05, 2.08564124478e-05, 2.45488172368e-06, 5.45331522517e-06, 1.14264196327e-06, 7.70166593611e-07, 6.4668995492e-08, 1.73306688112e-07, 6.78791991504e-08, 3.10708827556e-07, 2.89888379967e-08, 4.26819335431e-09, 6.17532114333e-09, 1.87309012745e-08, 4.70592276258e-08, 7.98154573545e-08, 4.17511403228e-09, 1.49421895264e-15]
    },
    "erbbands": {
        "dmean": [0.0016442690976, 0.0224704053253, 0.149821475148, 0.643298923969, 1.4100215435, 4.93037986755, 12.6191320419, 7.5765414238, 10.6720075607, 13.4865245819, 36.2236976624, 23.5413627625, 14.7327528, 27.8992290497, 19.9844512939, 12.1906547546, 16.2064857483, 8.44137954712, 7.15847158432, 5.29228496552, 3.82462954521, 3.6847038269, 3.50893759727, 4.35104560852, 3.38579964638, 2.10071516037, 1.43445634842, 0.443597137928, 0.493518948555, 0.465884178877, 0.500973701477, 0.525749146938, 0.688867092133, 0.645187318325, 0.246192216873, 0.0527864061296, 0.0138474162668, 0.00166789907962, 3.0824503483e-05, 6.77945217831e-06],
        "dmean2": [0.00294558866881, 0.0389954596758, 0.257249742746, 1.12945914268, 2.32082295418, 7.85862588882, 18.2232456207, 10.4960479736, 15.8037586212, 19.360660553, 51.8094863892, 31.3172512054, 20.6832790375, 37.8014678955, 27.6859016418, 16.9964809418, 22.4530506134, 12.0845127106, 9.89713668823, 7.94858121872, 5.45775842667, 5.45784568787, 5.42876529694, 6.26396894455, 4.88117647171, 3.21571755409, 2.14897966385, 0.673049271107, 0.813857734203, 0.712108492851, 0.735720157623, 0.76099306345, 1.05710792542, 0.902465820312, 0.3586589396, 0.0789796561003, 0.0215918309987, 0.00270224642009, 4.7826939408e-05, 9.62246485869e-06],
        "dvar": [2.52518602792e-05, 0.00152718741447, 0.0893278867006, 1.77352571487, 7.36340761185, 98.4273605347, 452.850524902, 607.861328125, 2173.69165039, 1126.91821289, 4883.64208984, 1984.32080078, 853.601318359, 5089.61181641, 9292.54492188, 755.007568359, 5222.58251953, 555.029296875, 372.376800537, 155.762588501, 95.0883865356, 244.747055054, 50.7907371521, 214.888671875, 79.2711334229, 27.9500865936, 7.73760843277, 0.990196585655, 10.7979001999, 9.12777137756, 7.79443645477, 7.95608568192, 29.2804908752, 8.3991765976, 1.07819247246, 0.107111819088, 0.00551405502483, 7.57888265071e-05, 2.13442898911e-08, 1.19973059265e-10],
        "dvar2": [8.60175132402e-05, 0.004578191787, 0.253084391356, 5.59489583969, 18.3465118408, 231.991195679, 836.016174316, 1029.765625, 5376.29492188, 2126.26293945, 10818.2412109, 3288.54101562, 1606.72106934, 7586.08447266, 12602.953125, 1504.91699219, 9960.97265625, 1007.44274902, 479.337585449, 333.022583008, 202.089019775, 479.410858154, 100.84135437, 399.6796875, 152.140640259, 62.4056129456, 16.7940578461, 2.14380311966, 27.7721271515, 17.6576461792, 14.2704801559, 16.5809879303, 77.4711914062, 14.112657547, 2.0557653904, 0.202453777194, 0.0131603144109, 0.000222730901442, 5.69115918836e-08, 2.31117416871e-10],
        "max": [0.0824065729976, 0.491171091795, 4.56499767303, 14.3851137161, 37.087020874, 208.306030273, 325.190826416, 644.326599121, 1145.95825195, 738.197692871, 1051.7166748, 603.84576416, 598.477844238, 1554.13867188, 2985.01269531, 625.252685547, 1441.64428711, 655.223144531, 635.49407959, 395.952728271, 244.40524292, 468.867248535, 161.455841064, 430.712463379, 227.279434204, 93.4761962891, 42.2821464539, 18.837469101, 90.5912017822, 56.4095993042, 51.2112541199, 52.5546760559, 148.482559204, 71.466583252, 22.5301742554, 7.86705780029, 1.44887793064, 0.227317035198, 0.00364618818276, 0.000192940962734],
        "mean": [0.00257708202116, 0.0379052050412, 0.284735500813, 1.18559336662, 2.73349452019, 12.3494987488, 38.9317855835, 22.5142154694, 27.6694602966, 33.857421875, 80.6832199097, 68.2508621216, 40.6898002625, 69.8976974487, 32.5955963135, 28.2751655579, 34.2566184998, 21.2476005554, 16.4443016052, 10.8236379623, 8.41930294037, 7.0745215416, 7.5073466301, 9.93666934967, 7.96336698532, 4.95873451233, 3.08948850632, 0.957540988922, 0.738208770752, 0.640499055386, 0.737428486347, 0.791003584862, 0.96366328001, 1.07393038273, 0.410563439131, 0.0748779252172, 0.0195491295308, 0.00206242478453, 5.23318303749e-05, 2.828032666e-05],
        "median": [0.000613273587078, 0.0138511601835, 0.102015323937, 0.489288985729, 1.40505218506, 5.44069385529, 16.9682102203, 6.24564313889, 5.06636857986, 13.802567482, 38.2836151123, 31.4798469543, 20.2307071686, 14.6339578629, 7.21760749817, 8.17985916138, 6.133893013, 6.20285367966, 6.08827400208, 5.16253089905, 3.3464114666, 3.08118367195, 2.96297192574, 2.63719272614, 2.87104463577, 2.17147159576, 1.68391001225, 0.488929361105, 0.169385239482, 0.0963905528188, 0.104519784451, 0.128402799368, 0.203492328525, 0.26637005806, 0.111043006182, 0.0113081596792, 0.00252526951954, 0.00026715756394, 1.88845951925e-05, 2.40074969042e-05],
        "min": [2.15891259359e-06, 5.40549008292e-05, 0.00040827220073, 0.00359524926171, 0.0187952518463, 0.105520635843, 0.240217462182, 0.0996547862887, 0.0561252683401, 0.144288346171, 0.262277960777, 0.428993016481, 0.0469092018902, 0.00883977022022, 0.0528573282063, 0.0644005388021, 0.0511643178761, 0.0367002561688, 0.0655614882708, 0.0265909917653, 0.0294907838106, 0.0342532210052, 0.0297058094293, 0.0189986526966, 0.0198052283376, 0.00912142451853, 0.00752962427214, 0.00407124403864, 0.00117769883946, 0.000219887835556, 0.000300912623061, 6.59084616927e-05, 0.000278651859844, 9.75352304522e-05, 1.38234981932e-05, 3.46893693859e-06, 6.29539158581e-07, 1.15834886572e-07, 2.2398182864e-07, 4.45640552016e-07],
        "var": [4.09219792346e-05, 0.00349464151077, 0.254262804985, 3.11314868927, 15.6428728104, 327.382843018, 2639.90844727, 3166.91674805, 6000.68261719, 3748.72363281, 13643.3027344, 8770.11035156, 3300.796875, 29406.4726562, 24943.3710938, 4306.50976562, 14694.1699219, 3901.08813477, 2300.19189453, 520.658691406, 314.278289795, 437.787811279, 238.404922485, 995.194213867, 276.205169678, 76.2260513306, 18.5894126892, 2.83725500107, 11.5102539062, 11.8657255173, 12.5334815979, 11.2585172653, 25.6348514557, 15.5457086563, 1.8222335577, 0.176239952445, 0.00937121920288, 0.000102882942883, 3.52162601303e-08, 5.04893682418e-10]
    },
    "gfcc": {
        "mean": [-45.9870223999, 110.592979431, -135.96685791, -5.39353561401, -78.4518585205, -6.89639663696, -50.9527740479, 11.1787443161, -37.988368988, -1.53783118725, -14.9217739105, -16.8562355042, -0.497271686792],
        "cov": [[4214.59960938, -1239.66027832, 155.121826172, 2.17485618591, 85.5035552979, 486.851501465, 18.8150596619, 630.862304688, -281.556365967, 240.604675293, -72.3859634399, 23.9067401886, -152.290847778], [-1239.66027832, 1085.05419922, -212.165130615, 12.3632383347, 195.896743774, -177.079376221, 152.961395264, -304.870117188, 101.985328674, -132.166244507, 98.0778503418, -77.2373352051, 116.836097717], [155.121826172, -212.165130615, 473.302581787, -4.78493833542, -15.3832626343, 62.5683288574, -133.651397705, 76.1707229614, -50.9456100464, 81.7486190796, -86.7969741821, -42.4238853455, -15.476319313], [2.17485618591, 12.3632383347, -4.78493833542, 371.990753174, -6.57792901993, 71.4882736206, 65.7252120972, -42.8032569885, 86.4624404907, -83.8517150879, -46.3398666382, 11.5707740784, -22.8523311615], [85.5035552979, 195.896743774, -15.3832626343, -6.57792901993, 206.927734375, 27.6526679993, 34.1326751709, -6.60917854309, -33.3841590881, 14.4727106094, 21.7990112305, -39.308555603, -2.65332341194], [486.851501465, -177.079376221, 62.5683288574, 71.4882736206, 27.6526679993, 247.438812256, 49.5069465637, 42.5182800293, -3.68595051765, 15.6407251358, -47.0592002869, -4.72074794769, -72.161491394], [18.8150596619, 152.961395264, -133.651397705, 65.7252120972, 34.1326751709, 49.5069465637, 184.182998657, -49.4683227539, 43.0353660583, -32.1591300964, 16.015750885, 35.2980461121, -28.9408493042], [630.862304688, -304.870117188, 76.1707229614, -42.8032569885, -6.60917854309, 42.5182800293, -49.4683227539, 269.743804932, -59.1362037659, 71.3015899658, 3.99062013626, -16.9546089172, 9.1233663559], [-281.556365967, 101.985328674, -50.9456100464, 86.4624404907, -33.3841590881, -3.68595051765, 43.0353660583, -59.1362037659, 174.610534668, -53.088218689, -8.04913711548, 50.6580352783, -8.49142837524], [240.604675293, -132.166244507, 81.7486190796, -83.8517150879, 14.4727106094, 15.6407251358, -32.1591300964, 71.3015899658, -53.088218689, 136.067306519, 11.9176073074, -10.198018074, 6.09417152405], [-72.3859634399, 98.0778503418, -86.7969741821, -46.3398666382, 21.7990112305, -47.0592002869, 16.015750885, 3.99062013626, -8.04913711548, 11.9176073074, 144.728256226, 16.2282352448, 25.9014186859], [23.9067401886, -77.2373352051, -42.4238853455, 11.5707740784, -39.308555603, -4.72074794769, 35.2980461121, -16.9546089172, 50.6580352783, -10.198018074, 16.2282352448, 136.215530396, -13.124628067], [-152.290847778, 116.836097717, -15.476319313, -22.8523311615, -2.65332341194, -72.161491394, -28.9408493042, 9.1233663559, -8.49142837524, 6.09417152405, 25.9014186859, -13.124628067, 133.224945068]],
        "icov": [[0.000624039152171, 0.000526005809661, 0.000162508906214, -6.28124835202e-05, -0.00056450458942, -0.000593543925788, -0.00044019476627, -0.000789490877651, 0.000503476534504, -0.000105855731817, 6.59951401758e-05, -0.000135982860229, -0.000103439822851], [0.000526005809661, 0.00546056032181, -0.00076682708459, 0.00105995836202, -0.00447673816234, 0.00199995143339, -0.0045396592468, 0.00326140946709, -0.00227911770344, 0.00269854418002, -0.00192962458823, 0.00394677603617, -0.00381492800079], [0.000162508906214, -0.00076682708459, 0.00375053915195, -0.000705016835127, 0.000520270201378, -0.00135715550277, 0.00312549993396, -0.000931005808525, 0.00074340775609, -0.00236149644479, 0.00193156197201, -0.000654101662803, 0.000906425586436], [-6.28124835202e-05, 0.00105995836202, -0.000705016835127, 0.00407412648201, -0.000823301787023, -0.00029622123111, -0.00187730719335, 0.000851435819641, -0.00193762348499, 0.00268428050913, 9.20387319638e-05, 0.00118842255324, -0.00117449485697], [-0.00056450458942, -0.00447673816234, 0.000520270201378, -0.000823301787023, 0.00947407260537, -0.00202913722023, 0.0023312761914, -0.00197355775163, 0.00253021740355, -0.00264566624537, 0.000478456058772, -0.00130120443646, 0.00299221626483], [-0.000593543925788, 0.00199995143339, -0.00135715550277, -0.00029622123111, -0.00202913722023, 0.008001700975, -0.00367405661382, 0.00157939526252, -0.00157263246365, 0.000740474497434, 0.000147431856021, 0.00238267192617, 0.000818514788989], [-0.00044019476627, -0.0045396592468, 0.00312549993396, -0.00187730719335, 0.0023312761914, -0.00367405661382, 0.0129496306181, -0.0017511760816, 0.00119585939683, -0.00270070438273, 0.00131559697911, -0.00481251673773, 0.00397833716124], [-0.000789490877651, 0.00326140946709, -0.000931005808525, 0.000851435819641, -0.00197355775163, 0.00157939526252, -0.0017511760816, 0.00883401650935, -0.0018633188447, 0.00048307410907, -0.0020531679038, 0.00331907183863, -0.00330868922174], [0.000503476534504, -0.00227911770344, 0.00074340775609, -0.00193762348499, 0.00253021740355, -0.00157263246365, 0.00119585939683, -0.0018633188447, 0.00998220779002, -0.000227372336667, 0.00140590337105, -0.00457054469734, 0.00183727045078], [-0.000105855731817, 0.00269854418002, -0.00236149644479, 0.00268428050913, -0.00264566624537, 0.000740474497434, -0.00270070438273, 0.00048307410907, -0.000227372336667, 0.012890922837, -0.00231874082237, 0.00168661843054, -0.00256005162373], [6.59951401758e-05, -0.00192962458823, 0.00193156197201, 9.20387319638e-05, 0.000478456058772, 0.000147431856021, 0.00131559697911, -0.0020531679038, 0.00140590337105, -0.00231874082237, 0.00980922672898, -0.00277845212258, 0.000538500025868], [-0.000135982860229, 0.00394677603617, -0.000654101662803, 0.00118842255324, -0.00130120443646, 0.00238267192617, -0.00481251673773, 0.00331907183863, -0.00457054469734, 0.00168661843054, -0.00277845212258, 0.0126221803948, -0.00208171410486], [-0.000103439822851, -0.00381492800079, 0.000906425586436, -0.00117449485697, 0.00299221626483, 0.000818514788989, 0.00397833716124, -0.00330868922174, 0.00183727045078, -0.00256005162373, 0.000538500025868, -0.00208171410486, 0.0121555067599]]
    },
    "melbands": {
        "dmean": [1.9248946046e-05, 6.0163467424e-05, 0.00012057654385, 0.000193193031009, 0.000394964037696, 0.000182264862815, 0.000166582714883, 0.000146721693454, 0.000322119623888, 0.000139714087709, 7.27827427909e-05, 0.000113316214993, 7.97313041403e-05, 3.22810119542e-05, 3.96428877139e-05, 2.99331513816e-05, 1.69490067492e-05, 1.0571700841e-05, 1.38896184581e-05, 4.65757329948e-06, 5.00299120176e-06, 4.89993135488e-06, 3.69629492525e-06, 2.53728239841e-06, 4.21587219535e-06, 3.48908247361e-06, 1.80122935944e-06, 1.53268865688e-06, 1.16454134513e-06, 5.40325970633e-07, 2.12679481137e-07, 3.17949940154e-07, 2.03793220521e-07, 3.23580337636e-07, 3.04772242998e-07, 3.24962030618e-07, 3.40600848858e-07, 4.44633684538e-07, 7.03481646269e-07, 5.58593512778e-07],
        "dmean2": [3.42440871464e-05, 0.000102782418253, 0.000208874989767, 0.00031102047069, 0.000572230725084, 0.000253671169048, 0.000242130525294, 0.000209851219552, 0.000457718793768, 0.000184629214345, 0.000102996171336, 0.00015337736113, 0.000111640110845, 4.77952744404e-05, 5.55576698389e-05, 4.02726254833e-05, 2.45035607804e-05, 1.43904808283e-05, 2.11492988456e-05, 7.16514705346e-06, 7.20730986359e-06, 7.21425612937e-06, 5.61015349376e-06, 3.83110455004e-06, 6.21838671577e-06, 5.02506600242e-06, 2.76867854154e-06, 2.42217356572e-06, 1.75864795438e-06, 8.29021757909e-07, 3.31641416551e-07, 5.25653547356e-07, 3.23059140328e-07, 4.86626788643e-07, 4.50815946351e-07, 4.96156530971e-07, 4.92878996283e-07, 7.10791766778e-07, 1.05896265268e-06, 8.31803617984e-07],
        "dvar": [1.72233061146e-09, 1.27459385268e-08, 5.15879321483e-08, 1.31115982072e-07, 3.96434671757e-07, 2.59103046574e-07, 4.77107903407e-07, 9.84005694704e-08, 4.14765139567e-07, 7.83347076094e-08, 2.27545768894e-08, 9.23046457046e-08, 1.07880417488e-07, 2.1283875995e-08, 1.28236132824e-08, 1.65819589171e-08, 2.81493583998e-09, 1.03596142775e-09, 8.05911448687e-10, 1.15202403173e-10, 2.45763825957e-10, 5.71296787655e-10, 8.06138350518e-11, 3.61073289323e-11, 2.41312470006e-10, 1.1487030771e-10, 9.84887518762e-12, 1.90500323849e-11, 5.49614910875e-12, 1.83551980039e-12, 3.18885299026e-13, 4.05266402034e-12, 1.80152984544e-12, 4.74598398775e-12, 2.98182529015e-12, 2.97770987555e-12, 3.33341882743e-12, 1.13643096669e-11, 2.16339880038e-11, 5.09507410221e-12],
        "dvar2": [5.65183322365e-09, 3.54207436715e-08, 1.48158633806e-07, 3.05855763827e-07, 8.13837630176e-07, 4.35400437482e-07, 1.13275882541e-06, 1.86568072991e-07, 9.02096530808e-07, 1.2533445215e-07, 4.30261373197e-08, 1.3393163556e-07, 1.63849804835e-07, 3.84720273416e-08, 2.58017216481e-08, 2.95785937965e-08, 5.0850141875e-09, 1.51651724511e-09, 1.61876989591e-09, 2.78376433016e-10, 5.56689416786e-10, 1.07155384566e-09, 1.58286161955e-10, 6.42581682309e-11, 4.69632832623e-10, 2.23777593678e-10, 2.1120992108e-11, 4.16101840484e-11, 1.23276883493e-11, 4.0903135913e-12, 6.52588009672e-13, 1.05588263827e-11, 4.28511393036e-12, 9.51735218413e-12, 5.5281929208e-12, 6.30949242506e-12, 7.29560162283e-12, 3.06678918371e-11, 5.35856151118e-11, 9.11206700371e-12],
        "max": [0.000696457456797, 0.00181403802708, 0.00243620178662, 0.00792444311082, 0.0110226385295, 0.0124262403697, 0.0172094274312, 0.00671693077311, 0.00963426847011, 0.00416960800067, 0.00292973825708, 0.00647221133113, 0.00823826901615, 0.0043523889035, 0.00192122219596, 0.0025774508249, 0.00146048364695, 0.000912773190066, 0.000539128552191, 0.000224089817493, 0.000408335152315, 0.000690539134666, 0.000178150745342, 0.000186328150448, 0.000442988850409, 0.0002296607272, 5.6585729908e-05, 8.8653738203e-05, 4.54011460533e-05, 3.71992173314e-05, 1.14926579045e-05, 5.4160169384e-05, 3.74140508939e-05, 4.48345999757e-05, 3.22903943015e-05, 3.06405054289e-05, 4.06137332902e-05, 8.93635660759e-05, 0.000120960161439, 5.03291812493e-05],
        "mean": [3.0653365684e-05, 0.000120940800116, 0.000238279040786, 0.000428336963523, 0.00123595818877, 0.000545882852748, 0.000446458550869, 0.000368896347936, 0.000699999916833, 0.000410170760006, 0.000187214638572, 0.00027478102129, 0.000135794092785, 5.59856271138e-05, 8.72101009008e-05, 6.27672488918e-05, 3.70426969312e-05, 2.16150201595e-05, 2.59618191194e-05, 8.81176038092e-06, 1.02541034721e-05, 7.95305732026e-06, 7.1180870691e-06, 5.16758245794e-06, 8.63387867867e-06, 6.80284529153e-06, 4.02942760047e-06, 3.22490427607e-06, 2.28917770073e-06, 1.01725436252e-06, 3.98957837433e-07, 4.55929296095e-07, 2.72232483667e-07, 4.03587705478e-07, 4.2002463374e-07, 4.54903300806e-07, 4.9994599749e-07, 5.87912325045e-07, 9.24619655507e-07, 9.28101997033e-07],
        "median": [8.30033241073e-06, 4.48767459602e-05, 0.000111283865408, 0.000202344584977, 0.000617524376139, 0.000140161602758, 7.43016207707e-05, 0.000162913653185, 0.000305490742903, 0.000156855749083, 8.40493230498e-05, 5.0594448112e-05, 2.65922008111e-05, 1.79916223715e-05, 1.47885957631e-05, 1.01574851215e-05, 8.51890672493e-06, 6.73713475408e-06, 1.1581400031e-05, 3.24718257616e-06, 3.70428597307e-06, 2.96920097753e-06, 2.40982944888e-06, 2.0806548946e-06, 1.83824579381e-06, 1.71138981386e-06, 1.78456889444e-06, 1.20504535062e-06, 1.02770115973e-06, 5.029944532e-07, 1.264555749e-07, 8.86291005031e-08, 4.60959341808e-08, 5.04916712885e-08, 5.5173281055e-08, 4.70753356296e-08, 7.66387699969e-08, 1.090076438e-07, 1.75268070279e-07, 2.29972059174e-07],
