{
"highlevel": {
    "danceability": {
        "all": {
            "danceable": 0.0522338524461,
            "not_danceable": 0.947766125202
        },
        "probability": 0.947766125202,
        "value": "not_danceable"
    },
    "gender": {
        "all": {
            "female": 0.0385518558323,
            "male": 0.961448132992
        },
        "probability": 0.961448132992,
        "value": "male"
    },
    "genre_dortmund": {
        "all": {
            "alternative": 0.128440663218,
            "blues": 0.00693137058988,
            "electronic": 0.00910836365074,
            "folkcountry": 0.0232034828514,
            "funksoulrnb": 0.00731681007892,
            "jazz": 0.00782264024019,
            "pop": 0.0231670290232,
            "raphiphop": 0.000878840859514,
            "rock": 0.793130815029
        },
        "probability": 0.793130815029,
        "value": "rock"
    },
    "genre_electronic": {
        "all": {
            "ambient": 0.398853927851,
            "dnb": 0.18101850152,
            "house": 0.0540801547468,
            "techno": 0.0201865769923,
            "trance": 0.34586083889
        },
        "probability": 0.398853927851,
        "value": "ambient"
    },
    "genre_rosamerica": {
        "all": {
            "cla": 0.00054979941342,
            "dan": 0.00355224520899,
            "hip": 0.00148422259372,
            "jaz": 0.00025702570565,
            "pop": 0.112716861069,
            "rhy": 0.00248730555177,
            "roc": 0.878669202328,
            "spe": 0.000283341214526
        },
        "probability": 0.878669202328,
        "value": "roc"
    },
    "genre_tzanetakis": {
        "all": {
            "blu": 0.0626541376114,
            "cla": 0.0348133966327,
            "cou": 0.0783501937985,
            "dis": 0.104547761381,
            "hip": 0.15693578124,
            "jaz": 0.313987255096,
            "met": 0.044816005975,
            "pop": 0.0627349764109,
            "reg": 0.0627352520823,
            "roc": 0.0784252434969
        },
        "probability": 0.313987255096,
        "value": "jaz"
    },
    "ismir04_rhythm": {
        "all": {
            "ChaChaCha": 0.0215304046869,
            "Jive": 0.750858128071,
            "Quickstep": 0.0308288447559,
            "Rumba-American": 0.00282205780968,
            "Rumba-International": 0.0134928990155,
            "Rumba-Misc": 0.00248940754682,
            "Samba": 0.142611518502,
            "Tango": 0.00441007688642,
            "VienneseWaltz": 0.0286752283573,
            "Waltz": 0.00228145066649
        },
        "probability": 0.750858128071,
        "value": "Jive"
    },
    "mood_acoustic": {
        "all": {
            "acoustic": 0.0649238452315,
            "not_acoustic": 0.93507617712
        },
        "probability": 0.93507617712,
        "value": "not_acoustic"
    },
    "mood_aggressive": {
        "all": {
            "aggressive": 0.609973073006,
            "not_aggressive": 0.390026956797
        },
        "probability": 0.609973073006,
        "value": "aggressive"
    },
    "mood_electronic": {
        "all": {
            "electronic": 0.481827288866,
            "not_electronic": 0.518172740936
        },
        "probability": 0.518172740936,
        "value": "not_electronic"
    },
    "mood_happy": {
        "all": {
            "happy": 0.792668402195,
            "not_happy": 0.207331597805
        },
        "probability": 0.792668402195,
        "value": "happy"
    },
    "mood_party": {
        "all": {
            "not_party": 0.559332072735,
            "party": 0.440667897463
        },
        "probability": 0.559332072735,
        "value": "not_party"
    },
    "mood_relaxed": {
        "all": {
            "not_relaxed": 0.992268025875,
            "relaxed": 0.00773197319359
        },
        "probability": 0.992268025875,
        "value": "not_relaxed"
    },
    "mood_sad": {
        "all": {
            "not_sad": 0.718986034393,
            "sad": 0.281013995409
        },
        "probability": 0.718986034393,
        "value": "not_sad"
    },
    "moods_mirex": {
        "all": {
            "Cluster1": 0.572390019894,
            "Cluster2": 0.107429273427,
            "Cluster3": 0.0630199983716,
            "Cluster4": 0.023608526215,
            "Cluster5": 0.233552187681
        },
        "probability": 0.572390019894,
        "value": "Cluster1"
    },
    "timbre": {
        "all": {
            "bright": 0.925479531288,
            "dark": 0.0745204463601
        },
        "probability": 0.925479531288,
        "value": "bright"
    },
    "tonal_atonal": {
        "all": {
            "atonal": 0.00444710953161,
            "tonal": 0.995552897453
        },
        "probability": 0.995552897453,
        "value": "tonal"
    },
    "voice_instrumental": {
        "all": {
            "instrumental": 0.000523453287315,
            "voice": 0.99947655201
        },
        "probability": 0.99947655201,
        "value": "voice"
    }
},
"lowlevel": {
    "average_loudness": 0.977405548096,
    "barkbands_crest": {
        "dmean": 2.72719907761,
        "dmean2": 4.61956119537,
        "dvar": 8.35903549194,
        "dvar2": 22.7891693115,
        "max": 22.2143249512,
        "mean": 7.78862428665,
        "median": 7.07791948318,
        "min": 2.56238102913,
        "var": 10.8465433121
    },
    "barkbands_flatness_db": {
        "dmean": 0.017495913431,
        "dmean2": 0.027975756675,
        "dvar": 0.000285847578198,
        "dvar2": 0.000676783383824,
        "max": 0.230043143034,
        "mean": 0.110986612737,
        "median": 0.105802126229,
        "min": 0.05131662637,
        "var": 0.00092973455321
    },
    "barkbands_kurtosis": {
        "dmean": 1.70799160004,
        "dmean2": 2.85976409912,
        "dvar": 7.96864891052,
        "dvar2": 21.5325641632,
        "max": 36.5986595154,
        "mean": 1.27892684937,
        "median": 0.589030504227,
        "min": -1.75611138344,
        "var": 8.14565944672
    },
    "barkbands_skewness": {
        "dmean": 0.468617737293,
        "dmean2": 0.735353052616,
        "dvar": 0.252390921116,
        "dvar2": 0.625343382359,
        "max": 5.7752571106,
        "mean": 1.16425025463,
        "median": 1.07673859596,
        "min": -1.4722276926,
        "var": 0.484281688929
    },
    "barkbands_spread": {
        "dmean": 6.51205301285,
        "dmean2": 9.98524856567,
        "dvar": 47.8454742432,
        "dvar2": 105.613212585,
        "max": 94.6710510254,
        "mean": 28.8059043884,
        "median": 26.7013111115,
        "min": 5.77539634705,
        "var": 151.101898193
    },
    "dissonance": {
        "dmean": 0.0134416501969,
        "dmean2": 0.0226544383913,
        "dvar": 0.000165778299561,
        "dvar2": 0.000434706103988,
        "max": 0.499999910593,
        "mean": 0.476275742054,
        "median": 0.480775207281,
        "min": 0.318848729134,
        "var": 0.00030212875572
    },
    "dynamic_complexity": 1.70602202415,
    "erbbands_crest": {
        "dmean": 2.53630757332,
        "dmean2": 4.09138250351,
        "dvar": 5.63370466232,
        "dvar2": 13.0092906952,
        "max": 21.8491897583,
        "mean": 7.85648012161,
        "median": 6.82817602158,
        "min": 2.62046742439,
        "var": 14.8146886826
    },
    "erbbands_flatness_db": {
        "dmean": 0.0150308255106,
        "dmean2": 0.020883532241,
        "dvar": 0.000176554487552,
        "dvar2": 0.000321710947901,
        "max": 0.249563828111,
        "mean": 0.133092477918,
        "median": 0.130266979337,
        "min": 0.0672287270427,
        "var": 0.000835631100927
    },
    "erbbands_kurtosis": {
        "dmean": 0.651706337929,
        "dmean2": 1.00511848927,
        "dvar": 0.675249278545,
        "dvar2": 1.48742640018,
        "max": 12.3412218094,
        "mean": 0.0633834525943,
        "median": -0.256581068039,
        "min": -1.53135967255,
        "var": 1.47805190086
    },
    "erbbands_skewness": {
        "dmean": 0.329519897699,
        "dmean2": 0.503756165504,
        "dvar": 0.0844585523009,
        "dvar2": 0.195870801806,
        "max": 1.85374760628,
        "mean": 0.0879147574306,
        "median": 0.0482207387686,
        "min": -3.17741155624,
        "var": 0.385897427797
    },
    "erbbands_spread": {
        "dmean": 7.37943315506,
        "dmean2": 10.8825883865,
        "dvar": 48.4439201355,
        "dvar2": 103.242713928,
        "max": 97.341003418,
        "mean": 39.9255752563,
        "median": 38.8041534424,
        "min": 9.68935489655,
        "var": 164.742294312
    },
    "hfc": {
        "dmean": 7.1132349968,
        "dmean2": 10.1665678024,
        "dvar": 66.5360412598,
        "dvar2": 137.366897583,
        "max": 112.052726746,
        "mean": 29.9282169342,
        "median": 28.3918437958,
        "min": 3.27159166336,
        "var": 270.859466553
    },
    "melbands_crest": {
        "dmean": 3.23914861679,
        "dmean2": 5.33856105804,
        "dvar": 11.224114418,
        "dvar2": 29.5309867859,
        "max": 28.1631908417,
        "mean": 11.621008873,
        "median": 10.6226959229,
        "min": 4.2545542717,
        "var": 18.0247383118
    },
    "melbands_flatness_db": {
        "dmean": 0.0241478066891,
        "dmean2": 0.0370972827077,
        "dvar": 0.000605853274465,
        "dvar2": 0.00140287168324,
        "max": 0.305631786585,
        "mean": 0.156337931752,
        "median": 0.14832881093,
        "min": 0.0321279726923,
        "var": 0.00189067225438
    },
    "melbands_kurtosis": {
        "dmean": 4.88668107986,
        "dmean2": 8.09876060486,
        "dvar": 75.2301864624,
        "dvar2": 199.298843384,
        "max": 140.370483398,
        "mean": 7.4697637558,
        "median": 5.41365337372,
        "min": -1.44515562057,
        "var": 73.331237793
    },
    "melbands_skewness": {
        "dmean": 0.663019895554,
        "dmean2": 1.03388774395,
        "dvar": 0.58066958189,
        "dvar2": 1.40370559692,
        "max": 10.224190712,
        "mean": 2.25432419777,
        "median": 2.2064306736,
        "min": 0.246833950281,
        "var": 1.14939582348
    },
    "melbands_spread": {
        "dmean": 8.34814357758,
        "dmean2": 12.7223596573,
        "dvar": 110.397781372,
        "dvar2": 225.757598877,
        "max": 208.774368286,
        "mean": 29.2253112793,
        "median": 27.3293800354,
        "min": 3.44364523888,
        "var": 252.71031189
    },
    "pitch_salience": {
        "dmean": 0.0713196843863,
        "dmean2": 0.118484079838,
        "dvar": 0.00441431766376,
        "dvar2": 0.0124713107944,
        "max": 0.827819049358,
        "mean": 0.601149201393,
        "median": 0.613144516945,
        "min": 0.243068769574,
        "var": 0.00811356492341
    },
    "silence_rate_20dB": {
        "dmean": 0,
        "dmean2": 0,
        "dvar": 0,
        "dvar2": 0,
        "max": 1,
        "mean": 1,
        "median": 1,
        "min": 1,
        "var": 0
    },
    "silence_rate_30dB": {
        "dmean": 0.0030959751457,
        "dmean2": 0.00619674660265,
        "dvar": 0.00308634736575,
        "dvar2": 0.00925652310252,
        "max": 1,
        "mean": 0.998453199863,
        "median": 1,
        "min": 0,
        "var": 0.0015443903394
    },
    "silence_rate_60dB": {
        "dmean": 0,
        "dmean2": 0,
        "dvar": 0,
        "dvar2": 0,
        "max": 0,
        "mean": 0,
        "median": 0,
        "min": 0,
        "var": 0
    },
    "spectral_centroid": {
        "dmean": 262.55090332,
        "dmean2": 401.690307617,
        "dvar": 65362.1132812,
        "dvar2": 142512.34375,
        "max": 4502.5859375,
        "mean": 1566.28466797,
        "median": 1514.95825195,
        "min": 416.0730896,
        "var": 249630.734375
    },
    "spectral_complexity": {
        "dmean": 4.60139322281,
        "dmean2": 6.93338489532,
        "dvar": 14.3233041763,
        "dvar2": 31.7616062164,
        "max": 56,
        "mean": 30.1183300018,
        "median": 31,
        "min": 5,
        "var": 86.4708557129
    },
    "spectral_decrease": {
        "dmean": 3.82786868869e-09,
        "dmean2": 6.31157215381e-09,
        "dvar": 3.27831893049e-17,
        "dvar2": 8.37984517795e-17,
        "max": -1.27331700739e-09,
        "mean": -8.78503580992e-09,
        "median": -7.19120896164e-09,
        "min": -4.14605700882e-08,
        "var": 3.3594269674e-17
    },
    "spectral_energy": {
        "dmean": 0.0148668596521,
        "dmean2": 0.0243873354048,
        "dvar": 0.000483050884213,
        "dvar2": 0.00123428110965,
        "max": 0.158864960074,
        "mean": 0.035871360451,
        "median": 0.0299393869936,
        "min": 0.00637052999809,
        "var": 0.000512189639267
    },
    "spectral_energyband_high": {
        "dmean": 0.000531248166226,
        "dmean2": 0.000700057193171,
        "dvar": 6.73700810694e-07,
        "dvar2": 1.08930908027e-06,
        "max": 0.012674216181,
        "mean": 0.0015266102273,
        "median": 0.00113718945067,
        "min": 3.87917934859e-05,
        "var": 2.5360516247e-06
    },
    "spectral_energyband_low": {
        "dmean": 0.00961054302752,
        "dmean2": 0.0166163239628,
        "dvar": 0.000389297405491,
        "dvar2": 0.0010146201821,
        "max": 0.142888963223,
        "mean": 0.0125670423731,
        "median": 0.00761379767209,
        "min": 0.000470854371088,
        "var": 0.000297538324958
    },
    "spectral_energyband_middle_high": {
        "dmean": 0.00257778796367,
        "dmean2": 0.00377982645296,
        "dvar": 8.69082305144e-06,
        "dvar2": 1.7093228962e-05,
        "max": 0.0467524416745,
        "mean": 0.00863051321357,
        "median": 0.00649790326133,
        "min": 0.000359340716386,
        "var": 4.18264135078e-05
    },
    "spectral_energyband_middle_low": {
        "dmean": 0.0068506882526,
        "dmean2": 0.0113838203251,
        "dvar": 0.000108949265268,
        "dvar2": 0.000298822909826,
        "max": 0.0934957191348,
        "mean": 0.0148290321231,
        "median": 0.0122578805313,
        "min": 0.000428767438279,
        "var": 0.00011406160047
    },
    "spectral_entropy": {
        "dmean": 0.109447918832,
        "dmean2": 0.155154407024,
        "dvar": 0.0121145658195,
        "dvar2": 0.0196649897844,
        "max": 8.53316020966,
        "mean": 7.85027122498,
        "median": 7.87789058685,
        "min": 6.60065603256,
        "var": 0.0676346942782
    },
    "spectral_flux": {
        "dmean": 0.0342797599733,
        "dmean2": 0.0534487068653,
        "dvar": 0.0016546593979,
        "dvar2": 0.00282080820762,
        "max": 0.297317653894,
        "mean": 0.112274475396,
        "median": 0.0972573310137,
        "min": 0.0293704178184,
        "var": 0.00298940693028
    },
    "spectral_kurtosis": {
        "dmean": 0.944844424725,
        "dmean2": 1.55891108513,
        "dvar": 0.869823813438,
        "dvar2": 2.35440564156,
        "max": 11.6254730225,
        "mean": 3.11723399162,
        "median": 3.04081344604,
        "min": -0.192534923553,
        "var": 2.02994060516
    },
    "spectral_rms": {
        "dmean": 0.0010912938742,
        "dmean2": 0.00172130821738,
        "dvar": 1.88907688425e-06,
        "dvar2": 4.65594575871e-06,
        "max": 0.0124495066702,
        "mean": 0.00568597344682,
        "median": 0.00540454965085,
        "min": 0.00249302037992,
        "var": 2.66616825684e-06
    },
    "spectral_rolloff": {
        "dmean": 568.36340332,
        "dmean2": 906.36315918,
        "dvar": 616097,
        "dvar2": 1323586.25,
        "max": 8354.8828125,
        "mean": 1701.23815918,
        "median": 1507.32421875,
        "min": 86.1328125,
        "var": 1443540.5
    },
    "spectral_skewness": {
        "dmean": 0.160455852747,
        "dmean2": 0.258965015411,
        "dvar": 0.0205017738044,
        "dvar2": 0.0458231158555,
        "max": 2.39019989967,
        "mean": 1.28698801994,
        "median": 1.2940993309,
        "min": 0.127397030592,
        "var": 0.0787556394935
    },
    "spectral_spread": {
        "dmean": 423915.28125,
        "dmean2": 564058.9375,
        "dvar": 180581875712,
        "dvar2": 279910809600,
        "max": 9061006,
        "mean": 4573626,
        "median": 4511227.5,
        "min": 2429320.5,
        "var": 812433408000
    },
    "spectral_strongpeak": {
        "dmean": 0.636584162712,
        "dmean2": 1.07500433922,
        "dvar": 0.891168951988,
        "dvar2": 2.16101527214,
        "max": 6.10700941086,
        "mean": 1.01231837273,
        "median": 0.416963368654,
        "min": 0,
        "var": 1.68532764912
    },
    "zerocrossingrate": {
        "dmean": 0.0113831507042,
        "dmean2": 0.0132872257382,
        "dvar": 0.000132167260745,
        "dvar2": 0.000143452765769,
        "max": 0.26025390625,
        "mean": 0.0711806789041,
        "median": 0.06689453125,
        "min": 0.02197265625,
        "var": 0.000846052833367
    },
    "barkbands": {
        "dmean": [0.000703649478965, 0.00746806245297, 0.00212595029734, 0.00142325670458, 0.00360178179108, 0.000690816843417, 0.00113950762898, 0.00148922309745, 0.00123919977341, 0.00141821615398, 0.000535786501132, 0.000750003440771, 0.000471715000458, 0.000625969551038, 0.000487570883706, 0.000353878509486, 0.000232973703532, 0.000160419658641, 0.000197781526367, 0.000185640295967, 0.000173471693415, 0.000177858310053, 0.000116809591418, 8.7666870968e-05, 4.2046456656e-05, 3.20015169564e-05, 2.71479407843e-08],
        "dmean2": [0.00119400210679, 0.013314506039, 0.00379091035575, 0.00246741995215, 0.00625096121803, 0.00111687299795, 0.00189180078451, 0.00240219105035, 0.00196722452529, 0.00219347095117, 0.000837023428176, 0.0011463323608, 0.00075162993744, 0.00100815785117, 0.000798864173703, 0.000578531296924, 0.000387889449485, 0.000273789919447, 0.000327632849803, 0.000305691122776, 0.000282881694147, 0.000262393907178, 0.000155939895194, 0.000118670584925, 5.61083252251e-05, 4.4803138735e-05, 5.06517494614e-08],
        "dvar": [2.17395313484e-06, 0.000285980902845, 1.6301875803e-05, 3.08482663058e-06, 3.99752389058e-05, 9.83370455288e-07, 3.17348849421e-06, 6.65136576572e-06, 5.07954200657e-06, 7.35792036721e-06, 1.35638754273e-06, 2.39614928432e-06, 6.19529885171e-07, 9.31314559693e-07, 4.96734799071e-07, 2.14586847846e-07, 6.89022456868e-08, 3.29027081136e-08, 4.57647075791e-08, 1.13627798726e-07, 4.5927777137e-08, 9.87545121234e-08, 7.47243333876e-08, 5.53541212867e-08, 4.38389946567e-09, 2.51285547925e-09, 1.30685189775e-14],
        "dvar2": [5.40171413377e-06, 0.000771676597651, 4.67851568828e-05, 8.83653683559e-06, 0.000112190493383, 2.1501170977e-06, 7.39469032851e-06, 1.57507220138e-05, 1.19660635391e-05, 1.5542122128e-05, 2.66219399236e-06, 4.93232346344e-06, 1.40688200645e-06, 2.17086176235e-06, 1.1907835642e-06, 5.09244046043e-07, 1.73885041477e-07, 9.17315645665e-08, 1.18409190009e-07, 3.04385935124e-07, 1.03786156558e-07, 2.11836862718e-07, 1.15760656172e-07, 9.92008111211e-08, 8.00539545764e-09, 5.31061550291e-09, 3.68365006467e-14],
        "max": [0.0100226821378, 0.115045793355, 0.0361684188247, 0.0167559310794, 0.0653701275587, 0.0164571646601, 0.0268502067775, 0.0266329813749, 0.0307074673474, 0.0354223735631, 0.0180241242051, 0.0191962495446, 0.0102405408397, 0.0120640276, 0.00811238959432, 0.00517339538783, 0.00405748467892, 0.00185308314394, 0.00304408045486, 0.00715517811477, 0.00352384056896, 0.00554580288008, 0.00529780052602, 0.00425158534199, 0.00130706094205, 0.000699954223819, 1.77353308572e-06],
        "mean": [0.000760749855544, 0.00698852911592, 0.00344222225249, 0.00268312334083, 0.00492844125256, 0.0011976857204, 0.00165435974486, 0.00191239768174, 0.00183468521573, 0.00220874557272, 0.000840008840896, 0.0011159980204, 0.000758105365094, 0.00107449456118, 0.000807150441688, 0.000647044798825, 0.000452219333965, 0.000333377654897, 0.000474292144645, 0.000398940261221, 0.000417644623667, 0.000381581688998, 0.000236386811594, 0.000167079109815, 9.51611800701e-05, 6.09349735896e-05, 1.70638152497e-08],
        "median": [5.07081822434e-05, 0.003126766067, 0.00269376207143, 0.00225104484707, 0.00350614241324, 0.000793253013398, 0.0010528737912, 0.000618268328253, 0.000686434446834, 0.000685453414917, 0.000375587726012, 0.000394429313019, 0.000401575933211, 0.000709363550413, 0.000553297344595, 0.000476257846458, 0.000372789247194, 0.000288576586172, 0.000407125247875, 0.000284914684016, 0.000342848914443, 0.000245028815698, 0.000119181291666, 7.44255303289e-05, 6.19845814072e-05, 3.11464864353e-05, 7.61549101558e-10],
        "min": [3.37832659625e-08, 8.28954653116e-05, 2.15542459046e-05, 1.56570968102e-05, 9.04274929781e-05, 6.4489813667e-06, 1.76793619175e-05, 1.10629680421e-05, 7.28230861569e-06, 1.60510887781e-06, 5.36641528015e-06, 2.68147505267e-06, 4.36464461018e-06, 1.05767558125e-05, 7.82297956903e-06, 1.06826491901e-05, 1.27560888359e-05, 1.46031743498e-05, 8.70159783517e-06, 9.86058148555e-06, 8.81439882505e-06, 4.68398320663e-06, 1.21725213376e-06, 1.07288535389e-07, 1.28251076426e-09, 2.63439992043e-10, 8.36264998222e-12],
        "var": [2.28132876146e-06, 0.00019682009588, 1.1981195712e-05, 3.87878617403e-06, 3.15331781167e-05, 1.72924251274e-06, 4.54209020972e-06, 1.11748640848e-05, 1.21207231132e-05, 1.84081891348e-05, 2.83356712316e-06, 4.70336453873e-06, 1.16104922654e-06, 1.63274501119e-06, 7.82427946433e-07, 4.08380230965e-07, 1.25609005863e-07, 5.27020063146e-08, 1.15433387293e-07, 2.25059068271e-07, 1.16520986637e-07, 2.32884417528e-07, 1.8786708722e-07, 1.32938779984e-07, 1.36977824639e-08, 5.47250955663e-09, 7.75063945858e-15]
    },
    "erbbands": {
        "dmean": [0.272992670536, 1.49744236469, 2.3467400074, 3.87458229065, 6.44994211197, 16.231262207, 8.84453105927, 5.85582637787, 13.2070732117, 22.0154209137, 31.3440895081, 28.3966293335, 44.6399879456, 29.4177818298, 23.9414672852, 25.3144111633, 20.3413257599, 26.7236938477, 30.515247345, 18.5118961334, 17.917350769, 13.1901378632, 8.4533662796, 9.57977485657, 9.49667739868, 8.6582403183, 5.9618768692, 8.07367897034, 6.70401334763, 4.68439102173, 3.20884442329, 2.23804473877, 1.22970807552, 0.622095942497, 0.247744679451, 0.197367548943, 0.0470370985568, 0.00433129630983, 8.04421506473e-05, 1.79472099262e-05],
        "dmean2": [0.496469855309, 2.64867782593, 4.19436264038, 6.7221159935, 10.9032764435, 28.5789470673, 15.2199077606, 9.3623456955, 21.7199478149, 35.7074737549, 50.3308410645, 45.3365745544, 70.1007843018, 44.8708229065, 37.4530220032, 37.9189414978, 31.8041038513, 43.727935791, 48.6918106079, 30.2662448883, 29.4767951965, 21.8930149078, 14.2049589157, 16.1353549957, 15.5728645325, 14.3059339523, 9.77617740631, 12.837679863, 10.2406330109, 6.74393939972, 4.31596660614, 3.02768707275, 1.6930770874, 0.870807170868, 0.339583218098, 0.280360966921, 0.0658704861999, 0.00664779683575, 0.000117046234664, 2.8362899684e-05],
        "dvar": [0.424668639898, 10.89539814, 21.0003242493, 31.0025119781, 65.4714202881, 947.734436035, 261.272247314, 71.6143341064, 355.726623535, 1183.67480469, 3321.05883789, 2567.82299805, 6622.94873047, 3234.70605469, 2206.72045898, 2784.79003906, 1197.12329102, 2168.84448242, 2132.22021484, 950.15612793, 437.099273682, 254.202087402, 85.402305603, 94.186164856, 170.123428345, 243.790145874, 52.8550682068, 110.304420471, 163.781600952, 80.1939239502, 64.9990386963, 35.9810562134, 10.7853326797, 1.32201707363, 0.114126011729, 0.090762719512, 0.00573492236435, 6.95889466442e-05, 1.98307841259e-08, 6.26662832737e-10],
        "dvar2": [1.16462898254, 29.5655975342, 59.1683540344, 89.134223938, 180.046783447, 2665.98852539, 722.067687988, 154.09211731, 861.998535156, 2779.96826172, 7890.00634766, 6006.14501953, 15052.6015625, 5988.67333984, 4719.63232422, 5480.18164062, 2666.8828125, 4968.02441406, 4867.15527344, 2352.37426758, 969.839538574, 689.61315918, 231.548919678, 263.847595215, 383.828399658, 670.514892578, 134.887161255, 244.414001465, 382.511749268, 148.210494995, 102.658477783, 65.4928131104, 19.3703536987, 2.56194782257, 0.204579204321, 0.190965026617, 0.0123092904687, 0.000159096249263, 4.33296278857e-08, 1.54519930184e-09],
        "max": [3.99475741386, 26.4840660095, 36.9100265503, 42.7802848816, 65.6248245239, 335.012298584, 164.458496094, 149.148788452, 276.763000488, 512.715576172, 684.636047363, 875.098693848, 1018.23846436, 983.572937012, 587.845581055, 620.722900391, 538.905334473, 630.162780762, 629.529846191, 368.315246582, 286.774841309, 299.879852295, 105.826934814, 115.452514648, 323.558959961, 345.07321167, 98.7084350586, 187.606796265, 235.631454468, 161.365783691, 170.333572388, 94.1932296753, 71.2068328857, 22.1118869781, 4.99600696564, 4.170814991, 1.1444247961, 0.180024310946, 0.00292959134094, 0.000179504597327],
        "mean": [0.208700940013, 1.54166865349, 3.69126987457, 7.49960279465, 11.3002376556, 18.7310237885, 12.4201126099, 10.5734577179, 19.4871673584, 31.3756141663, 42.1866569519, 42.4139595032, 66.0170211792, 53.0093650818, 40.9043693542, 39.6923332214, 35.603515625, 48.255531311, 56.0570373535, 33.8479232788, 35.1203041077, 27.0588512421, 19.357460022, 22.4354915619, 22.772693634, 18.5484466553, 14.7783136368, 18.4838504791, 14.1378679276, 9.70775222778, 6.34164428711, 4.11878156662, 2.34585237503, 1.32967221737, 0.537633359432, 0.373439341784, 0.087193146348, 0.00686375051737, 0.00015909234935, 5.19860077475e-05],
        "median": [0.0598048679531, 0.801243007183, 2.56794857979, 6.52800703049, 9.76635742188, 11.4498929977, 7.64561271667, 7.01297855377, 12.6783943176, 16.7276496887, 15.9174966812, 17.5180606842, 20.1672649384, 21.9387245178, 18.5035037994, 16.4355316162, 20.0319538116, 29.9195041656, 39.7975883484, 22.9484767914, 27.8626289368, 22.7226409912, 17.185508728, 19.5934791565, 19.3023929596, 13.3877096176, 11.9301700592, 15.0508584976, 9.1511516571, 5.89244174957, 3.06768131256, 1.72270023823, 1.17418777943, 0.861159145832, 0.352073431015, 0.193238735199, 0.0434788092971, 0.00309934327379, 8.99966034922e-05, 4.58141366835e-05],
        "min": [0.000799754518084, 0.0253379493952, 0.0757030770183, 0.119049087167, 0.203024432063, 0.234495863318, 0.210522815585, 0.0777036547661, 0.413056731224, 0.808479011059, 0.439043849707, 0.23794516921, 0.112662300467, 0.169667005539, 0.305300980806, 0.190726339817, 0.240963429213, 0.402934223413, 0.551748752594, 0.598266124725, 0.758981466293, 0.708235681057, 0.906301558018, 0.471642673016, 0.55171006918, 0.401783645153, 0.582893669605, 0.348320662975, 0.211814329028, 0.0948694571853, 0.0289840362966, 0.0113119082525, 0.00103962107096, 7.84163203207e-05, 4.73647378385e-05, 1.95815882762e-05, 7.60743159844e-06, 1.45152921505e-06, 5.25476525581e-06, 8.94540426088e-06],
        "var": [0.277272373438, 7.5614118576, 15.5444116592, 28.8380470276, 71.4228744507, 701.783325195, 242.068008423, 136.268203735, 543.718383789, 1849.88671875, 5745.27832031, 5944.62158203, 13858.8876953, 9647.00878906, 4422.6015625, 5393.00195312, 2317.87158203, 3715.63110352, 3805.78295898, 1438.2232666, 927.691589355, 429.080047607, 161.672042847, 218.268997192, 416.258453369, 449.761199951, 125.981834412, 288.141693115, 325.531005859, 203.523208618, 154.46836853, 82.9296112061, 24.7943840027, 3.4640443325, 0.362820476294, 0.201463550329, 0.0117381177843, 0.000101934601844, 3.53090108263e-08, 8.75172434522e-10]
    },
    "gfcc": {
        "mean": [53.5407409668, 87.5804519653, -122.736099243, 41.9200706482, -58.8303184509, 20.0902938843, -36.8816108704, 9.05149841309, -26.3566226959, 6.32638978958, -24.9875507355, -2.15445876122, -13.4734888077],
        "cov": [[1406.65087891, -615.638427734, 152.656021118, -174.801269531, -214.192077637, 126.099945068, -4.51355648041, 158.93270874, -83.6202545166, 101.891311646, -110.785812378, 144.179718018, -82.253326416], [-615.638427734, 777.983581543, -238.291091919, 25.5772571564, 126.092285156, -136.90802002, 107.028999329, -125.013542175, 76.938911438, -118.652053833, 95.0754013062, -110.691841125, 89.4188919067], [152.656021118, -238.291091919, 302.973815918, 11.8758907318, 4.38356590271, 37.5234870911, -60.4021682739, 55.8282585144, -16.932636261, 77.8082122803, -52.3939208984, 64.1948013306, -40.4526176453], [-174.801269531, 25.5772571564, 11.8758907318, 214.818084717, 30.2325973511, 0.0314639061689, -23.7084674835, -47.1241836548, 63.2180366516, -20.1783046722, 52.82629776, -43.5555343628, 31.2765216827], [-214.192077637, 126.092285156, 4.38356590271, 30.2325973511, 212.90687561, -19.4542541504, -1.30344581604, -6.25940084457, 12.2510757446, 34.3255004883, 1.90607714653, 3.92369961739, 4.94666004181], [126.099945068, -136.90802002, 37.5234870911, 0.0314639061689, -19.4542541504, 114.89466095, 30.3167629242, 32.5342597961, -15.0209913254, 8.12072372437, 5.67472982407, 18.7154159546, -4.72306013107], [-4.51355648041, 107.028999329, -60.4021682739, -23.7084674835, -1.30344581604, 30.3167629242, 123.832092285, 17.3860435486, 4.47907972336, -34.8239593506, 21.5667304993, -0.66665071249, 15.3831129074], [158.93270874, -125.013542175, 55.8282585144, -47.1241836548, -6.25940084457, 32.5342597961, 17.3860435486, 102.482658386, 0.871217787266, 39.6282920837, -23.7456607819, 36.807510376, -12.7535419464], [-83.6202545166, 76.938911438, -16.932636261, 63.2180366516, 12.2510757446, -15.0209913254, 4.47907972336, 0.871217787266, 91.1572875977, 11.675116539, 29.1680240631, -26.3331737518, 20.3700218201], [101.891311646, -118.652053833, 77.8082122803, -20.1783046722, 34.3255004883, 8.12072372437, -34.8239593506, 39.6282920837, 11.675116539, 94.6532287598, -8.36961269379, 33.6639175415, -26.2584133148], [-110.785812378, 95.0754013062, -52.3939208984, 52.82629776, 1.90607714653, 5.67472982407, 21.5667304993, -23.7456607819, 29.1680240631, -8.36961269379, 80.0245513916, -12.5495443344, 24.6600971222], [144.179718018, -110.691841125, 64.1948013306, -43.5555343628, 3.92369961739, 18.7154159546, -0.66665071249, 36.807510376, -26.3331737518, 33.6639175415, -12.5495443344, 80.3888092041, -3.54736566544], [-82.253326416, 89.4188919067, -40.4526176453, 31.2765216827, 4.94666004181, -4.72306013107, 15.3831129074, -12.7535419464, 20.3700218201, -26.2584133148, 24.6600971222, -3.54736566544, 58.84633255]],
        "icov": [[0.00155609380454, 0.000246854702709, 0.000652336515486, -0.000253907812294, 0.00158715352882, -0.00074818439316, -0.000434804998804, -0.000464771204861, 0.00015613695723, -0.00146294268779, 0.00175142160151, -0.0018376451917, 0.000651234062389], [0.000246854702709, 0.00853566173464, -0.00217722635716, 0.00685431901366, -0.00568101834506, 0.00758998654783, -0.00549976853654, 0.00488799437881, -0.00497820181772, 0.00687763420865, -0.00783631764352, 0.00700452225283, -0.00568279996514], [0.000652336515486, -0.00217722635716, 0.00754725001752, -0.00504472339526, 0.00287681305781, -0.00368516216986, 0.00252902624197, -0.0024807874579, 0.00187341321725, -0.00557399261743, 0.00700531899929, -0.00684150261804, 0.00386946136132], [-0.000253907812294, 0.00685431901366, -0.00504472339526, 0.0157417468727, -0.00695099681616, 0.00427518505603, -0.00108061521314, 0.00622342340648, -0.00965448655188, 0.0106329377741, -0.012182071805, 0.00914136786014, -0.00630344403908], [0.00158715352882, -0.00568101834506, 0.00287681305781, -0.00695099681616, 0.0115655036643, -0.00479325093329, 0.00136249512434, -0.00283209211193, 0.00498533667997, -0.0112108625472, 0.00921114068478, -0.00696669472381, 0.00318790809251], [-0.00074818439316, 0.00758998654783, -0.00368516216986, 0.00427518505603, -0.00479325093329, 0.019350880757, -0.0085119837895, 0.00146155920811, -0.000460662820842, 0.00543852709234, -0.0101413354278, 0.00778335193172, -0.00558134866878], [-0.000434804998804, -0.00549976853654, 0.00252902624197, -0.00108061521314, 0.00136249512434, -0.0085119837895, 0.0174753181636, -0.00702821929008, -0.000263604713837, 0.00428215973079, 0.000266091170488, -0.00574992829934, 0.00471693277359], [-0.000464771204861, 0.00488799437881, -0.0024807874579, 0.00622342340648, -0.00283209211193, 0.00146155920811, -0.00702821929008, 0.0207155812532, -0.00708117848262, -0.00108209613245, -0.0002214848937, 0.00108179158997, -0.0042815762572], [0.00015613695723, -0.00497820181772, 0.00187341321725, -0.00965448655188, 0.00498533667997, -0.000460662820842, -0.000263604713837, -0.00708117848262, 0.0241513177752, -0.0136427357793, 0.00286045111716, 0.00317308399826, -0.00317509355955], [-0.00146294268779, 0.00687763420865, -0.00557399261743, 0.0106329377741, -0.0112108625472, 0.00543852709234, 0.00428215973079, -0.00108209613245, -0.0136427357793, 0.034469936043, -0.0151171498001, 0.00105524004903, 0.00454854825512], [0.00175142160151, -0.00783631764352, 0.00700531899929, -0.012182071805, 0.00921114068478, -0.0101413354278, 0.000266091170488, -0.0002214848937, 0.00286045111716, -0.0151171498001, 0.0321309417486, -0.0117377769202, 0.00203208439052], [-0.0018376451917, 0.00700452225283, -0.00684150261804, 0.00914136786014, -0.00696669472381, 0.00778335193172, -0.00574992829934, 0.00108179158997, 0.00317308399826, 0.00105524004903, -0.0117377769202, 0.031946118921, -0.0136088673025], [0.000651234062389, -0.00568279996514, 0.00386946136132, -0.00630344403908, 0.00318790809251, -0.00558134866878, 0.00471693277359, -0.0042815762572, -0.00317509355955, 0.00454854825512, 0.00203208439052, -0.0136088673025, 0.0311289746314]]
    },
    "melbands": {
        "dmean": [0.00225744349882, 0.00144174066372, 0.000665241619572, 0.000828453456052, 0.000408570922446, 0.000133347595693, 0.000207046701689, 0.000263416935923, 0.000231618992984, 0.000189305035747, 0.000231020225328, 0.000133550915052, 7.80875488999e-05, 9.72495545284e-05, 4.75250635645e-05, 4.79922164232e-05, 5.375058754e-05, 5.7108256442e-05, 3.30033653881e-05, 2.33621758525e-05, 2.23530314543e-05, 1.40243973874e-05, 1.302077726e-05, 7.01695171301e-06, 8.73206863616e-06, 8.79112758412e-06, 7.6992346294e-06, 5.60139369554e-06, 3.85952762372e-06, 4.79614845972e-06, 4.95279300594e-06, 4.41137899543e-06, 3.34767105414e-06, 2.58669433606e-06, 2.14058195525e-06, 1.55984037065e-06, 1.40927625125e-06, 1.00811769244e-06, 6.56755332784e-07, 5.45050397704e-07],
        "dmean2": [0.00402769632638, 0.00252721691504, 0.00115116895176, 0.00143637927249, 0.000708137114998, 0.000213371036807, 0.000340233556926, 0.000424659083365, 0.000370996800484, 0.000303433742374, 0.000361239421181, 0.000203735238756, 0.000120867218357, 0.000146870923345, 7.36032379791e-05, 7.60428156354e-05, 8.87182977749e-05, 9.09852897166e-05, 5.47002564417e-05, 3.81076060876e-05, 3.67436405213e-05, 2.35520801652e-05, 2.18207169382e-05, 1.18964544527e-05, 1.47774835568e-05, 1.45760404848e-05, 1.26525965243e-05, 9.3488379207e-06, 6.40595135337e-06, 7.96192034613e-06, 7.81411290518e-06, 6.97252789905e-06, 4.97464361615e-06, 3.85517660106e-06, 2.94808614854e-06, 2.16726334656e-06, 2.02642604563e-06, 1.41931081998e-06, 9.60365127867e-07, 7.86939267527e-07],
        "dvar": [2.71086028079e-05, 8.26675477583e-06, 7.71653219545e-07, 1.96782025341e-06, 5.93948698224e-07, 3.57353648894e-08, 9.28604819705e-08, 1.59299304414e-07, 1.71551945982e-07, 1.19672009191e-07, 1.75467448571e-07, 7.39461967214e-08, 2.8148015474e-08, 4.31098925446e-08, 8.36192803888e-09, 7.5333153049e-09, 9.42928934933e-09, 8.09036748706e-09, 2.53153320529e-09, 1.57091362141e-09, 6.78262335185e-10, 2.98739116777e-10, 2.01638608588e-10, 5.63710779444e-11, 8.24410401057e-11, 1.00700725536e-10, 2.46829029438e-10, 8.3691047148e-11, 2.25692121242e-11, 3.24033161414e-11, 4.64918555043e-11, 7.55948290077e-11, 3.07529487986e-11, 2.95638444281e-11, 2.73116789601e-11, 1.58977570691e-11, 1.66183733441e-11, 9.39723993065e-12, 1.83987005319e-12, 9.70057259346e-13],
        "dvar2": [7.33548877179e-05, 2.26063057198e-05, 2.1935386485e-06, 5.4903025557e-06, 1.66692507264e-06, 7.71613670736e-08, 2.20091436631e-07, 3.74824281835e-07, 4.04106572205e-07, 2.76852318848e-07, 3.94937615056e-07, 1.37880832085e-07, 5.78571395238e-08, 8.89997693321e-08, 1.74405929698e-08, 1.69645204551e-08, 2.17479367848e-08, 1.87397173335e-08, 6.28123331126e-09, 3.87116916301e-09, 1.62270530346e-09, 8.13808576083e-10, 5.44954137371e-10, 1.53426368832e-10, 2.3583401898e-10, 2.79035322626e-10, 5.6977961238e-10, 2.24894672329e-10, 6.06908343026e-11, 8.10690611863e-11, 1.00325407704e-10, 1.86894402732e-10, 6.46484948907e-11, 5.79071478268e-11, 4.66522862008e-11, 2.68697026434e-11, 3.39093371438e-11, 1.78091829478e-11, 3.81803486396e-12, 1.95687411587e-12],
        "max": [0.0309061184525, 0.0253437645733, 0.00693532265723, 0.0157858282328, 0.00740798655897, 0.00323333311826, 0.0041110846214, 0.00522208912298, 0.00473019247875, 0.00561254145578, 0.00503574125469, 0.00432812981308, 0.00240147975273, 0.00257075182162, 0.00158962595742, 0.00137828977313, 0.00136318488512, 0.00127440609504, 0.000760283437558, 0.000446854362963, 0.000378497410566, 0.000315260404022, 0.000168634243892, 7.5910371379e-05, 0.000107096639113, 0.000142144039273, 0.000422584038461, 0.000211963269976, 5.65779700992e-05, 6.28898778814e-05, 0.000126578612253, 0.000165189805557, 0.000101465870102, 9.61301993812e-05, 0.000109293156129, 7.31623003958e-05, 6.27413392067e-05, 7.58088717703e-05, 2.33274076891e-05, 1.95765460376e-05],
        "mean": [0.0019691477064, 0.00202696025372, 0.00136739993468, 0.00113697710913, 0.000534614897333, 0.000237741769524, 0.000306656089379, 0.00037134665763, 0.00031684312853, 0.000271202850854, 0.000338972866302, 0.000230208403082, 0.000126851635287, 0.000143128432683, 7.14078705641e-05, 8.04795490694e-05, 8.82413733052e-05, 9.68860331341e-05, 5.30213001184e-05, 4.0212085878e-05, 4.00367425755e-05, 2.59353237198e-05, 2.425713501e-05, 1.42360067912e-05, 1.84736763913e-05, 1.86706420209e-05, 1.53185628733e-05, 1.12261686809e-05, 8.59568808664e-06, 1.03658612716e-05, 1.05795079435e-05, 8.3905106294e-06, 6.33804211247e-06, 5.02961211168e-06, 3.8803273128e-06, 2.83398162537e-06, 2.35729567066e-06, 1.73847308815e-06, 1.2717808886e-06, 1.08323445147e-06],
        "median": [0.000750327133574, 0.00130616500974, 0.00121489353478, 0.000839769025333, 0.000319717597449, 0.000156342692208, 0.000201261864277, 0.000193229207071, 0.000129613297759, 9.70651017269e-05, 9.71640693024e-05, 8.22753499961e-05, 5.71493146708e-05, 4.52330386906e-05, 3.9318943891e-05, 4.18483978137e-05, 5.23844100826e-05, 6.58980497974e-05, 3.60338526662e-05, 2.67873656412e-05, 3.10428331431e-05, 2.08639412449e-05, 2.00435897568e-05, 1.23527697724e-05, 1.58952316269e-05, 1.58785042004e-05, 1.07317209768e-05, 8.02270824352e-06, 6.88558066031e-06, 8.27560234029e-06, 8.05778290669e-06, 5.12006999998e-06, 3.95113829654e-06, 2.74984222415e-06, 1.7994798327e-06, 1.20973129469e-06, 9.01173848433e-07, 8.18408750547e-07, 7.40847326597e-07, 6.95388166605e-07],
        "min": [1.86909328477e-05, 6.80670927977e-05, 1.52519778567e-05, 1.64631619555e-05, 9.94224592432e-06, 1.32430864141e-06, 4.59674492959e-06, 3.8535490603e-06, 3.14566182169e-06, 1.176945716e-06, 4.73165442827e-07, 6.44386432214e-07, 7.80414552537e-07, 5.70584631987e-07, 3.71652390641e-07, 5.99129805323e-07, 5.83979726798e-07, 9.67217033576e-07, 6.18770854999e-07, 7.68421614339e-07, 4.42388710553e-07, 6.28507621059e-07, 6.24178653652e-07, 4.71853866202e-07, 3.28260028937e-07, 3.67072232166e-07, 1.20914165791e-07, 2.02259329285e-07, 2.69929643082e-07, 1.61109738883e-07, 1.81067065341e-07, 1.20889083632e-07, 4.4876980354e-08, 3.03631360055e-08, 1.41604949988e-08, 1.2549162598e-08, 1.94319582647e-09, 7.19806325655e-10, 1.30487617239e-11, 1.05317100527e-11],
