{
"highlevel": {
    "danceability": {
        "all": {
            "danceable": 0.998576402664,
            "not_danceable": 0.00142357312143
        },
        "probability": 0.998576402664,
        "value": "danceable"
    },
    "gender": {
        "all": {
            "female": 0.376538455486,
            "male": 0.623461544514
        },
        "probability": 0.623461544514,
        "value": "male"
    },
    "genre_dortmund": {
        "all": {
            "alternative": 0.231413155794,
            "blues": 0.00764462258667,
            "electronic": 0.0779537260532,
            "folkcountry": 0.189877316356,
            "funksoulrnb": 0.0368892252445,
            "jazz": 0.130688771605,
            "pop": 0.0926779657602,
            "raphiphop": 0.0437994785607,
            "rock": 0.189055740833
        },
        "probability": 0.231413155794,
        "value": "alternative"
    },
    "genre_electronic": {
        "all": {
            "ambient": 0.805478811264,
            "dnb": 0.0414512231946,
            "house": 0.0507152155042,
            "techno": 0.00435402989388,
            "trance": 0.0980007201433
        },
        "probability": 0.805478811264,
        "value": "ambient"
    },
    "genre_rosamerica": {
        "all": {
            "cla": 0.00433018198237,
            "dan": 0.0104372873902,
            "hip": 0.0116830226034,
            "jaz": 0.00773405656219,
            "pop": 0.735797286034,
            "rhy": 0.0821427851915,
            "roc": 0.145754486322,
            "spe": 0.00212091836147
        },
        "probability": 0.735797286034,
        "value": "pop"
    },
    "genre_tzanetakis": {
        "all": {
            "blu": 0.07593434304,
            "cla": 0.0337142795324,
            "cou": 0.0606776997447,
            "dis": 0.0505694411695,
            "hip": 0.151736244559,
            "jaz": 0.303671628237,
            "met": 0.0607067197561,
            "pop": 0.060691729188,
            "reg": 0.0505727082491,
            "roc": 0.151725202799
        },
        "probability": 0.303671628237,
        "value": "jaz"
    },
    "ismir04_rhythm": {
        "all": {
            "ChaChaCha": 0.0479664318264,
            "Jive": 0.0617944672704,
            "Quickstep": 0.226509839296,
            "Rumba-American": 0.0150525839999,
            "Rumba-International": 0.129423037171,
            "Rumba-Misc": 0.0379876382649,
            "Samba": 0.235879853368,
            "Tango": 0.0243607480079,
            "VienneseWaltz": 0.195455625653,
            "Waltz": 0.0255697853863
        },
        "probability": 0.235879853368,
        "value": "Samba"
    },
    "mood_acoustic": {
        "all": {
            "acoustic": 0.855530977249,
            "not_acoustic": 0.144469052553
        },
        "probability": 0.855530977249,
        "value": "acoustic"
    },
    "mood_aggressive": {
        "all": {
            "aggressive": 0.00336107076146,
            "not_aggressive": 0.996638953686
        },
        "probability": 0.996638953686,
        "value": "not_aggressive"
    },
    "mood_electronic": {
        "all": {
            "electronic": 0.617270290852,
            "not_electronic": 0.382729679346
        },
        "probability": 0.617270290852,
        "value": "electronic"
    },
    "mood_happy": {
        "all": {
            "happy": 0.73995500803,
            "not_happy": 0.26004499197
        },
        "probability": 0.73995500803,
        "value": "happy"
    },
    "mood_party": {
        "all": {
            "not_party": 0.683875322342,
            "party": 0.316124677658
        },
        "probability": 0.683875322342,
        "value": "not_party"
    },
    "mood_relaxed": {
        "all": {
            "not_relaxed": 0.488314628601,
            "relaxed": 0.511685371399
        },
        "probability": 0.511685371399,
        "value": "relaxed"
    },
    "mood_sad": {
        "all": {
            "not_sad": 0.228499129415,
            "sad": 0.771500885487
        },
        "probability": 0.771500885487,
        "value": "sad"
    },
    "moods_mirex": {
        "all": {
            "Cluster1": 0.325310498476,
            "Cluster2": 0.272795438766,
            "Cluster3": 0.300798296928,
            "Cluster4": 0.0676280856133,
            "Cluster5": 0.0334676913917
        },
        "probability": 0.325310498476,
        "value": "Cluster1"
    },
    "timbre": {
        "all": {
            "bright": 0.974048435688,
            "dark": 0.0259515792131
        },
        "probability": 0.974048435688,
        "value": "bright"
    },
    "tonal_atonal": {
        "all": {
            "atonal": 0.00020894347108,
            "tonal": 0.99979108572
        },
        "probability": 0.99979108572,
        "value": "tonal"
    },
    "voice_instrumental": {
        "all": {
            "instrumental": 0.0235537178814,
            "voice": 0.976446270943
        },
        "probability": 0.976446270943,
        "value": "voice"
    }
},
"lowlevel": {
    "average_loudness": 0.958400189877,
    "barkbands_crest": {
        "dmean": 2.32295322418,
        "dmean2": 3.68512392044,
        "dvar": 5.12492990494,
        "dvar2": 12.942442894,
        "max": 23.3715744019,
        "mean": 9.18399143219,
        "median": 8.54818058014,
        "min": 2.1713283062,
        "var": 12.7347145081
    },
    "barkbands_flatness_db": {
        "dmean": 0.0188746787608,
        "dmean2": 0.0279060769826,
        "dvar": 0.000339218968293,
        "dvar2": 0.000693040259648,
        "max": 0.334683805704,
        "mean": 0.147191241384,
        "median": 0.138627737761,
        "min": 0.0425213314593,
        "var": 0.00227301591076
    },
    "barkbands_kurtosis": {
        "dmean": 2.13815975189,
        "dmean2": 3.35309696198,
        "dvar": 9.10320472717,
        "dvar2": 22.5281658173,
        "max": 35.0946044922,
        "mean": 2.81821084023,
        "median": 1.7225522995,
        "min": -1.8260487318,
        "var": 17.0309696198
    },
    "barkbands_skewness": {
        "dmean": 0.486602723598,
        "dmean2": 0.72076767683,
        "dvar": 0.235753133893,
        "dvar2": 0.546688079834,
        "max": 4.9114613533,
        "mean": 1.26996231079,
        "median": 1.177734375,
        "min": -0.743865311146,
        "var": 0.680698394775
    },
    "barkbands_spread": {
        "dmean": 9.35899353027,
        "dmean2": 13.9594049454,
        "dvar": 154.699447632,
        "dvar2": 334.52041626,
        "max": 106.89881134,
        "mean": 26.802230835,
        "median": 20.324344635,
        "min": 2.43213200569,
        "var": 376.409545898
    },
    "dissonance": {
        "dmean": 0.0260774679482,
        "dmean2": 0.0430428944528,
        "dvar": 0.000595396733843,
        "dvar2": 0.00156325742137,
        "max": 0.500000119209,
        "mean": 0.450587779284,
        "median": 0.457720577717,
        "min": 0.229757875204,
        "var": 0.00128055969253
    },
    "dynamic_complexity": 2.21291661263,
    "erbbands_crest": {
        "dmean": 2.81865024567,
        "dmean2": 4.527323246,
        "dvar": 7.01769161224,
        "dvar2": 17.7393550873,
        "max": 26.307510376,
        "mean": 10.3328208923,
        "median": 9.65685176849,
        "min": 2.40849947929,
        "var": 19.1291866302
    },
    "erbbands_flatness_db": {
        "dmean": 0.019520573318,
        "dmean2": 0.0271319467574,
        "dvar": 0.000334296695655,
        "dvar2": 0.000648195506074,
        "max": 0.36283403635,
        "mean": 0.151688873768,
        "median": 0.143720582128,
        "min": 0.0548836700618,
        "var": 0.00262081041001
    },
    "erbbands_kurtosis": {
        "dmean": 1.36915004253,
        "dmean2": 2.12812900543,
        "dvar": 3.16964936256,
        "dvar2": 7.71599435806,
        "max": 18.4904346466,
        "mean": 1.65214931965,
        "median": 0.969779253006,
        "min": -1.7775285244,
        "var": 8.0315694809
    },
    "erbbands_skewness": {
        "dmean": 0.40672826767,
        "dmean2": 0.617535352707,
        "dvar": 0.145797356963,
        "dvar2": 0.346571147442,
        "max": 3.97478508949,
        "mean": 0.827524006367,
        "median": 0.868907034397,
        "min": -1.34045600891,
        "var": 0.541402697563
    },
    "erbbands_spread": {
        "dmean": 10.9855079651,
        "dmean2": 16.1725311279,
        "dvar": 173.426773071,
        "dvar2": 355.604736328,
        "max": 139.228164673,
        "mean": 38.716003418,
        "median": 32.7510490417,
        "min": 3.95993113518,
        "var": 614.268859863
    },
    "hfc": {
        "dmean": 14.8447704315,
        "dmean2": 21.8004627228,
        "dvar": 407.20123291,
        "dvar2": 857.562438965,
        "max": 167.935012817,
        "mean": 34.9020614624,
        "median": 28.1474971771,
        "min": 1.20584130287,
        "var": 808.29284668
    },
    "melbands_crest": {
        "dmean": 2.84916329384,
        "dmean2": 4.48966741562,
        "dvar": 7.40583133698,
        "dvar2": 18.7719135284,
        "max": 28.4689502716,
        "mean": 12.6057357788,
        "median": 11.8732843399,
        "min": 4.6345744133,
        "var": 19.5958862305
    },
    "melbands_flatness_db": {
        "dmean": 0.0240442976356,
        "dmean2": 0.0338543429971,
        "dvar": 0.000602113141213,
        "dvar2": 0.00115930335596,
        "max": 0.461023390293,
        "mean": 0.196788728237,
        "median": 0.189707115293,
        "min": 0.0423830263317,
        "var": 0.00382075738162
    },
    "melbands_kurtosis": {
        "dmean": 4.7495932579,
        "dmean2": 7.28698825836,
        "dvar": 65.0544662476,
        "dvar2": 164.621063232,
        "max": 129.397888184,
        "mean": 8.77388572693,
        "median": 5.64887332916,
        "min": -1.50033783913,
        "var": 113.511077881
    },
    "melbands_skewness": {
        "dmean": 0.609448969364,
        "dmean2": 0.891966342926,
        "dvar": 0.443380862474,
        "dvar2": 0.98704624176,
        "max": 9.80461788177,
        "mean": 1.99402189255,
        "median": 1.77192914486,
        "min": -0.44946795702,
        "var": 1.69569242001
    },
    "melbands_spread": {
        "dmean": 6.21450901031,
        "dmean2": 9.38066196442,
        "dvar": 70.1038360596,
        "dvar2": 145.640823364,
        "max": 140.371505737,
        "mean": 22.9721450806,
        "median": 21.1356563568,
        "min": 1.81297886372,
        "var": 176.243789673
    },
    "pitch_salience": {
        "dmean": 0.0600882545114,
        "dmean2": 0.0949402078986,
        "dvar": 0.00295551167801,
        "dvar2": 0.00752907712013,
        "max": 0.79399818182,
        "mean": 0.538944065571,
        "median": 0.536833763123,
        "min": 0.237049266696,
        "var": 0.00790560711175
    },
    "silence_rate_20dB": {
        "dmean": 0,
        "dmean2": 0,
        "dvar": 0,
        "dvar2": 0,
        "max": 1,
        "mean": 1,
        "median": 1,
        "min": 1,
        "var": 0
    },
    "silence_rate_30dB": {
        "dmean": 0.0030959751457,
        "dmean2": 0.00619674660265,
        "dvar": 0.00308634527028,
        "dvar2": 0.00925663113594,
        "max": 1,
        "mean": 0.998453199863,
        "median": 1,
        "min": 0,
        "var": 0.00154438999016
    },
    "silence_rate_60dB": {
        "dmean": 0,
        "dmean2": 0,
        "dvar": 0,
        "dvar2": 0,
        "max": 0,
        "mean": 0,
        "median": 0,
        "min": 0,
        "var": 0
    },
    "spectral_centroid": {
        "dmean": 219.434036255,
        "dmean2": 330.166564941,
        "dvar": 73759.3125,
        "dvar2": 149600.359375,
        "max": 3253.12109375,
        "mean": 1116.13867188,
        "median": 1056.54260254,
        "min": 226.357818604,
        "var": 208600.25
    },
    "spectral_complexity": {
        "dmean": 3.21284818649,
        "dmean2": 4.78931045532,
        "dvar": 14.8779821396,
        "dvar2": 26.7533607483,
        "max": 62,
        "mean": 17.7130699158,
        "median": 17,
        "min": 4,
        "var": 49.9355316162
    },
    "spectral_decrease": {
        "dmean": 2.21390950017e-09,
        "dmean2": 3.31575211732e-09,
        "dvar": 9.09821828729e-18,
        "dvar2": 2.11627641538e-17,
        "max": -1.04960862224e-09,
        "mean": -8.1228055393e-09,
        "median": -6.9987322604e-09,
        "min": -3.09084597916e-08,
        "var": 2.64073423547e-17
    },
    "spectral_energy": {
        "dmean": 0.0091505041346,
        "dmean2": 0.0136080356315,
        "dvar": 0.00014593169908,
        "dvar2": 0.000334778917022,
        "max": 0.122823677957,
        "mean": 0.0338230840862,
        "median": 0.0296940784901,
        "min": 0.0041913818568,
        "var": 0.000428804167314
    },
    "spectral_energyband_high": {
        "dmean": 0.00115516851656,
        "dmean2": 0.0017318649916,
        "dvar": 3.52979736817e-06,
        "dvar2": 7.17125658412e-06,
        "max": 0.0147079899907,
        "mean": 0.00182416825555,
        "median": 0.000667213695124,
        "min": 5.78298909204e-07,
        "var": 6.08501386523e-06
    },
    "spectral_energyband_low": {
        "dmean": 0.0034776290413,
        "dmean2": 0.00506760273129,
        "dvar": 5.19485438417e-05,
        "dvar2": 0.000119824158901,
        "max": 0.0710115134716,
        "mean": 0.00935769174248,
        "median": 0.00486955279484,
        "min": 1.3783019881e-07,
        "var": 0.000111116081825
    },
    "spectral_energyband_middle_high": {
        "dmean": 0.00289740692824,
        "dmean2": 0.00387359899469,
        "dvar": 1.81220075319e-05,
        "dvar2": 3.16930418194e-05,
        "max": 0.0831691771746,
        "mean": 0.00898249726743,
        "median": 0.00521380873397,
        "min": 5.50874137843e-05,
        "var": 0.000108375337732
    },
    "spectral_energyband_middle_low": {
        "dmean": 0.00616477103904,
        "dmean2": 0.00996316224337,
        "dvar": 9.75691800704e-05,
        "dvar2": 0.000251217716141,
        "max": 0.0943834781647,
        "mean": 0.0148850325495,
        "median": 0.0118256313726,
        "min": 0.00153333775233,
        "var": 0.000129561391077
    },
    "spectral_entropy": {
        "dmean": 0.213861688972,
        "dmean2": 0.304056853056,
        "dvar": 0.0454567745328,
        "dvar2": 0.0937944427133,
        "max": 8.64663028717,
        "mean": 7.43953561783,
        "median": 7.46288394928,
        "min": 5.81554412842,
        "var": 0.255497425795
    },
    "spectral_flux": {
        "dmean": 0.0263855103403,
        "dmean2": 0.0407403185964,
        "dvar": 0.000890390423592,
        "dvar2": 0.00168015807867,
        "max": 0.307850182056,
        "mean": 0.0873035490513,
        "median": 0.0789868086576,
        "min": 0.0185562018305,
        "var": 0.00205683521926
    },
    "spectral_kurtosis": {
        "dmean": 1.88525736332,
        "dmean2": 2.96491122246,
        "dvar": 6.06368160248,
        "dvar2": 14.776974678,
        "max": 48.0814819336,
        "mean": 4.87970590591,
        "median": 3.95178747177,
        "min": -1.40352606773,
        "var": 19.2406520844
    },
    "spectral_rms": {
        "dmean": 0.000754644512199,
        "dmean2": 0.00109012133908,
        "dvar": 7.1370374144e-07,
        "dvar2": 1.48106619235e-06,
        "max": 0.0109465969726,
        "mean": 0.0054875058122,
        "median": 0.00538236321881,
        "min": 0.00202216557227,
        "var": 2.8853328331e-06
    },
    "spectral_rolloff": {
        "dmean": 1147.70959473,
        "dmean2": 1960.47229004,
        "dvar": 5481756,
        "dvar2": 12582289,
        "max": 13522.8515625,
        "mean": 1951.57739258,
        "median": 1119.7265625,
        "min": 86.1328125,
        "var": 6259429.5
    },
    "spectral_skewness": {
        "dmean": 0.268613487482,
        "dmean2": 0.401198118925,
        "dvar": 0.0749191045761,
        "dvar2": 0.165273889899,
        "max": 5.50564098358,
        "mean": 1.78294670582,
        "median": 1.71999919415,
        "min": 0.125960022211,
        "var": 0.3246743083
    },
    "spectral_spread": {
        "dmean": 1084441.375,
        "dmean2": 1496625.75,
        "dvar": 1.74714650624e+12,
        "dvar2": 3.25002408755e+12,
        "max": 17763538,
        "mean": 5867753,
        "median": 5238444.5,
        "min": 1472184.125,
        "var": 6.3873744896e+12
    },
    "spectral_strongpeak": {
        "dmean": 0.808556079865,
        "dmean2": 1.33886826038,
        "dvar": 1.22718811035,
        "dvar2": 2.89545989037,
        "max": 10.8372650146,
        "mean": 1.47396171093,
        "median": 0.647166788578,
        "min": 0.0387151092291,
        "var": 2.7315993309
    },
    "zerocrossingrate": {
        "dmean": 0.0204677525908,
        "dmean2": 0.0234072431922,
        "dvar": 0.000561541353818,
        "dvar2": 0.000752731750254,
        "max": 0.3291015625,
        "mean": 0.0807374715805,
        "median": 0.0634765625,
        "min": 0.00439453125,
        "var": 0.0026337383315
    },
    "barkbands": {
        "dmean": [0.000282748253085, 0.0022763912566, 0.00137311662547, 0.00160332012456, 0.00198893714696, 0.000499662768561, 0.00102748826612, 0.00279902666807, 0.00101536815055, 0.00150573812425, 0.000430668180343, 0.000976222392637, 0.000575596583076, 0.000275217782473, 0.000216649626964, 0.000134150410304, 0.000165947814821, 0.000149997562403, 8.41657383717e-05, 0.000123614561744, 8.29727941891e-05, 0.000138746458106, 0.000243434507865, 0.000122758254292, 0.000203995863558, 0.000468347134301, 1.67964024911e-08],
        "dmean2": [0.000473614985822, 0.00297426898032, 0.00227871187963, 0.00283798133023, 0.00342095643282, 0.000783669238444, 0.00161843153182, 0.00433822488412, 0.00147676269989, 0.00217578234151, 0.000617859768681, 0.00137726112735, 0.000825739640277, 0.00042577154818, 0.000316497811582, 0.000214690415305, 0.000256224040641, 0.000233089522226, 0.000127686784253, 0.000191173690837, 0.000119297008496, 0.000214559899177, 0.000382712983992, 0.000190086051589, 0.000312320364174, 0.000728932558559, 3.13202619395e-08],
        "dvar": [2.6539092346e-07, 2.08349229069e-05, 1.84285509022e-05, 3.20481376548e-05, 1.59591891133e-05, 4.79372204154e-07, 5.33496040589e-06, 2.72530742222e-05, 7.31733462089e-06, 1.19201104098e-05, 1.0609006722e-06, 3.78620711672e-06, 1.26207396534e-06, 3.49849273107e-07, 3.00103778272e-07, 6.96300617165e-08, 9.33786452606e-08, 8.49514876222e-08, 4.44737899841e-08, 1.10915870266e-07, 3.04425675779e-08, 6.73746072266e-08, 1.59143766609e-07, 5.51591803344e-08, 1.92450087866e-07, 6.87816452682e-07, 7.43263110293e-15],
        "dvar2": [7.44272142583e-07, 3.68951587006e-05, 5.21806978213e-05, 9.08287402126e-05, 4.54855653516e-05, 1.24438975035e-06, 1.16523679026e-05, 6.71346060699e-05, 1.53690507432e-05, 2.06812037504e-05, 1.80331062438e-06, 7.21296282791e-06, 2.3081895506e-06, 7.84564520018e-07, 6.68529878567e-07, 1.73384904656e-07, 2.24306404562e-07, 1.96172123879e-07, 9.78355814141e-08, 2.67154348421e-07, 5.34824415865e-08, 1.29566188889e-07, 3.2726731547e-07, 1.10009793275e-07, 4.18332462004e-07, 1.56566670739e-06, 2.14279498144e-14],
        "max": [0.00602358719334, 0.0486364401877, 0.0402400270104, 0.056755296886, 0.0384743697941, 0.00877050496638, 0.0260187499225, 0.0855545625091, 0.0578668899834, 0.0756869912148, 0.0158582534641, 0.0262413136661, 0.016338577494, 0.0083462651819, 0.0109713152051, 0.00281276856549, 0.00440265564248, 0.00341854803264, 0.00299686426297, 0.00479013100266, 0.00305980839767, 0.00313423876651, 0.00367331434973, 0.00443221442401, 0.00508408108726, 0.00586605118588, 9.81465973382e-07],
        "mean": [0.000474315544125, 0.00490810163319, 0.00290147727355, 0.00217401538976, 0.00318680820055, 0.00115884793922, 0.00163336866535, 0.00480144657195, 0.00168354052585, 0.00331742805429, 0.000726148253307, 0.00218561827205, 0.00111741246656, 0.000384752755053, 0.00036927498877, 0.000211027552723, 0.000280551525066, 0.000247778545599, 0.000122987054056, 0.000181800685823, 0.000152705906658, 0.000229915589443, 0.0003989644174, 0.000212958708289, 0.000234360966715, 0.000527487543877, 1.05810125106e-08],
        "median": [5.4746036767e-05, 0.00215590675361, 0.000880824401975, 0.000693510635756, 0.00233760778792, 0.00071816612035, 0.000562269415241, 0.00258178147487, 0.00048239750322, 0.000661138037685, 0.000164244993357, 0.000495887303259, 0.000351525144652, 0.000140300733619, 0.000124399884953, 9.22566759982e-05, 0.000152123044245, 0.000111436587758, 5.53206373297e-05, 7.81490671216e-05, 9.8048352811e-05, 0.000115851784358, 9.49010427576e-05, 7.95983869466e-05, 4.30740437878e-05, 6.82691097609e-05, 6.72383038136e-10],
        "min": [6.2709464288e-09, 1.44383891509e-08, 8.61227622551e-09, 2.5758183142e-07, 0.000145240745042, 4.99021234646e-06, 1.14631884571e-05, 5.00235955769e-06, 2.21048640014e-06, 2.51295341513e-06, 6.48111551982e-07, 3.78718868888e-06, 8.49035700412e-07, 6.72615101394e-07, 4.93304867177e-07, 2.82333786572e-07, 1.04203797946e-06, 6.87160479629e-07, 1.82937711202e-07, 2.71484395853e-07, 1.42255686342e-07, 8.07778732792e-08, 1.85300166322e-08, 5.45611733571e-08, 2.48933815783e-08, 2.55137300176e-11, 1.06445035078e-11],
        "var": [5.91482148593e-07, 4.62624921056e-05, 2.24151444854e-05, 2.24808300118e-05, 1.24002081066e-05, 1.38699476793e-06, 9.93775847746e-06, 4.19109237555e-05, 1.58674265549e-05, 4.45668738394e-05, 2.88249952973e-06, 1.58309085236e-05, 4.41811243945e-06, 5.53012682758e-07, 7.35096762128e-07, 1.16874105061e-07, 1.43191769553e-07, 1.48334592609e-07, 5.72139455812e-08, 1.35104826882e-07, 5.54839267863e-08, 1.13401050328e-07, 3.97008221853e-07, 1.27965108732e-07, 2.58794301544e-07, 8.36729839193e-07, 4.29559460783e-15]
    },
    "erbbands": {
        "dmean": [0.0961869210005, 0.463441163301, 1.40541350842, 3.60288286209, 6.63701486588, 5.84377098083, 7.04755926132, 4.12707185745, 6.85969114304, 35.2449913025, 54.2682723999, 17.4999752045, 42.3542671204, 28.710226059, 24.4530181885, 30.420009613, 28.1509437561, 15.5314083099, 11.0669879913, 11.1257781982, 7.90309143066, 9.90156173706, 8.64962482452, 4.23686647415, 5.09749364853, 5.72154712677, 3.52954864502, 3.4956305027, 5.25298404694, 6.4069852829, 5.94462394714, 3.36485791206, 1.97716546059, 1.63255679607, 1.94960749149, 2.32120943069, 0.892271995544, 0.0523967668414, 0.00101844768506, 6.17500918452e-05],
        "dmean2": [0.134409159422, 0.644747376442, 2.28693771362, 6.19003725052, 11.820400238, 10.0500793457, 11.6361198425, 6.14659309387, 11.2383928299, 54.0904693604, 84.6086959839, 25.797990799, 60.9995384216, 40.7154045105, 34.8353157043, 42.5907821655, 39.3030319214, 22.5839653015, 16.5316047668, 16.5587158203, 12.2906589508, 15.4302911758, 13.4986429214, 6.46211433411, 7.86432123184, 8.68477535248, 5.16698265076, 5.16660785675, 8.19202804565, 9.98623180389, 9.47270202637, 5.12726354599, 3.02524662018, 2.55632519722, 2.97003602982, 3.56157040596, 1.43605101109, 0.0839742645621, 0.00160219811369, 9.44407147472e-05],
        "dvar": [0.0419829785824, 0.994028687477, 17.2550048828, 152.822036743, 423.645507812, 93.9769287109, 139.130981445, 31.0999908447, 128.076065063, 4846.51318359, 13568.9580078, 1438.82946777, 9239.74023438, 3351.25732422, 2136.58178711, 3938.97998047, 3012.82763672, 1028.55895996, 697.848876953, 888.004455566, 225.573913574, 313.168426514, 284.797210693, 154.885284424, 142.069412231, 218.950241089, 62.2092437744, 52.0559768677, 107.957801819, 121.757995605, 95.1106185913, 32.6134986877, 18.8129405975, 15.3539209366, 16.0157051086, 17.3535308838, 2.78231978416, 0.0112660117447, 3.75301510758e-06, 9.53999190756e-09],
        "dvar2": [0.0872450321913, 1.9063577652, 47.4546890259, 430.895568848, 1225.94226074, 258.950775146, 388.197418213, 74.6732330322, 317.513153076, 11155.5673828, 34178.3398438, 3133.81591797, 17317.0488281, 6305.11523438, 4234.55029297, 7109.76513672, 5518.04150391, 2226.60864258, 1455.6730957, 2070.61865234, 525.804321289, 753.189147949, 672.432617188, 352.90512085, 323.700378418, 500.697265625, 125.159927368, 87.6480789185, 221.762084961, 249.440185547, 200.701812744, 65.8027572632, 39.6445770264, 32.339717865, 35.1859436035, 37.1943702698, 6.96215772629, 0.0281310696155, 9.29726229515e-06, 2.28142980063e-08],
        "max": [2.05607533455, 10.9921741486, 40.6813774109, 129.9009552, 178.972442627, 96.2503128052, 175.809860229, 77.6346359253, 172.677993774, 839.158813477, 2058.36035156, 654.671508789, 1705.24255371, 1027.98132324, 724.094299316, 1022.98980713, 885.807556152, 510.13482666, 522.465881348, 680.256469727, 182.666641235, 233.225479126, 188.390167236, 163.14553833, 167.174850464, 195.735412598, 122.236106873, 98.9037628174, 124.892860413, 110.432739258, 93.2201766968, 69.3512954712, 89.4341430664, 59.7865409851, 40.5119361877, 34.7133712769, 10.3331880569, 0.860695183277, 0.0145971095189, 0.000722133670934],
        "mean": [0.162519201636, 1.01246082783, 3.11720752716, 5.79320573807, 8.74652004242, 9.15706157684, 12.1869010925, 10.5515508652, 12.3488674164, 63.6583404541, 91.5437927246, 32.4106788635, 92.1306228638, 66.6540908813, 53.0058670044, 69.3993835449, 61.470035553, 25.2702960968, 17.4252262115, 19.5105037689, 14.0180768967, 17.3849658966, 14.9193687439, 6.62715911865, 7.91082382202, 8.73916149139, 6.02039861679, 5.89998006821, 8.45875740051, 10.285320282, 9.64029407501, 6.16069316864, 3.20971083641, 2.07062602043, 2.11675047874, 2.62913990021, 0.914518117905, 0.0542918406427, 0.00109964271542, 9.97458482743e-05],
        "median": [0.0344135351479, 0.527821481228, 1.37132263184, 1.4876101017, 4.43928766251, 6.11618041992, 7.80645418167, 6.38528871536, 8.42024993896, 31.1801223755, 48.5837936401, 15.3055267334, 24.7004489899, 20.8840389252, 15.7778940201, 18.0599842072, 18.5206031799, 10.6614646912, 7.27347612381, 7.22239160538, 7.10643625259, 10.1724252701, 7.22461748123, 3.13177847862, 3.71223521233, 4.17520570755, 3.56259989738, 3.58478546143, 4.5626001358, 2.898884058, 2.54898285866, 1.75969851017, 1.3107560873, 0.446056842804, 0.38477230072, 0.40149885416, 0.0900135561824, 0.0036701282952, 0.000120788834465, 5.58733227081e-05],
        "min": [4.69663063996e-06, 2.02257124329e-05, 0.00030826422153, 0.0122423097491, 0.114513359964, 0.361155718565, 0.146348983049, 0.0921378433704, 0.288579106331, 0.270640671253, 0.200100496411, 0.139954596758, 0.148511976004, 0.183778464794, 0.200262233615, 0.21996627748, 0.0757625550032, 0.0534137040377, 0.0364233925939, 0.0330796726048, 0.0298799294978, 0.0560759417713, 0.0396211966872, 0.0212233085185, 0.0209664162248, 0.0136008961126, 0.00492602167651, 0.00476347887889, 0.00339230685495, 0.00158271112014, 0.00133417523466, 0.000453024898889, 0.000628408684861, 0.000637125689536, 0.00010021320486, 8.96519777598e-05, 8.70378698892e-06, 8.07337414699e-07, 2.50504467658e-06, 5.68247151023e-06],
        "var": [0.0733444318175, 1.90997087955, 19.7989635468, 131.24382019, 264.409973145, 92.7548217773, 231.782211304, 124.861419678, 194.668823242, 8643.73046875, 17670.6445312, 3089.32324219, 29004.7402344, 14125.2841797, 7707.11425781, 16643.3554688, 11925.5488281, 1935.41162109, 1313.22155762, 2194.48535156, 425.618560791, 466.636657715, 486.896514893, 180.688049316, 187.515350342, 288.013305664, 98.3075485229, 94.3931884766, 161.241485596, 263.73916626, 210.77885437, 99.4469909668, 37.021232605, 23.5437011719, 20.0598506927, 22.4264144897, 2.87207651138, 0.0122420573607, 4.19463049184e-06, 1.22172840733e-08]
    },
    "gfcc": {
        "mean": [30.7359027863, 81.8335113525, -99.6625976562, 17.0263366699, -68.0428085327, 22.5616397858, -36.4928779602, 15.6534223557, -23.6892356873, 6.33341789246, -21.2096824646, 5.92046689987, -17.6435947418],
        "cov": [[2829.41381836, -1533.15515137, 136.787887573, -205.010864258, -123.725608826, 292.989593506, 52.9340515137, 130.951751709, -26.9106426239, 211.120864868, -293.473937988, 347.791503906, -263.905273438], [-1533.15515137, 1822.42895508, -425.717651367, 124.102653503, 145.88571167, -109.70300293, 246.536987305, -151.95199585, -29.7327880859, -228.81842041, 260.826080322, -332.995574951, 224.537628174], [136.787887573, -425.717651367, 831.593444824, 70.2059783936, 87.8967132568, 106.568618774, -83.8494796753, 49.2363967896, 28.1314601898, 65.9728164673, -67.6819610596, 161.135681152, -122.367370605], [-205.010864258, 124.102653503, 70.2059783936, 388.27154541, 55.0340270996, -115.68170929, -163.424484253, 52.198928833, 74.1272354126, -19.2659645081, 48.5216445923, -85.3020858765, 77.7135696411], [-123.725608826, 145.88571167, 87.8967132568, 55.0340270996, 160.335998535, 4.93081474304, 1.71866190434, 0.0139786452055, 7.57362556458, -6.30701684952, 4.98753356934, 6.30248260498, 14.8355913162], [292.989593506, -109.70300293, 106.568618774, -115.68170929, 4.93081474304, 232.16468811, 146.486206055, -7.92330217361, -37.9106712341, 12.2259225845, -14.8412160873, 70.6278686523, -36.1709747314], [52.9340515137, 246.536987305, -83.8494796753, -163.424484253, 1.71866190434, 146.486206055, 346.705505371, -48.1004753113, -80.4382705688, -51.0834388733, 30.6570701599, 40.0614356995, -10.0668811798], [130.951751709, -151.95199585, 49.2363967896, 52.198928833, 0.0139786452055, -7.92330217361, -48.1004753113, 133.565505981, 72.746055603, 43.5215568542, -17.5385932922, 8.86939334869, 9.66872501373], [-26.9106426239, -29.7327880859, 28.1314601898, 74.1272354126, 7.57362556458, -37.9106712341, -80.4382705688, 72.746055603, 225.19291687, 70.7243347168, 13.9053668976, -12.5192375183, 10.7826080322], [211.120864868, -228.81842041, 65.9728164673, -19.2659645081, -6.30701684952, 12.2259225845, -51.0834388733, 43.5215568542, 70.7243347168, 150.918960571, -18.2355308533, 31.615694046, -30.9399662018], [-293.473937988, 260.826080322, -67.6819610596, 48.5216445923, 4.98753356934, -14.8412160873, 30.6570701599, -17.5385932922, 13.9053668976, -18.2355308533, 125.283813477, -37.575881958, 45.0901298523], [347.791503906, -332.995574951, 161.135681152, -85.3020858765, 6.30248260498, 70.6278686523, 40.0614356995, 8.86939334869, -12.5192375183, 31.615694046, -37.575881958, 199.804763794, -58.6889266968], [-263.905273438, 224.537628174, -122.367370605, 77.7135696411, 14.8355913162, -36.1709747314, -10.0668811798, 9.66872501373, 10.7826080322, -30.9399662018, 45.0901298523, -58.6889266968, 130.250259399]],
        "icov": [[0.00106571079232, 0.000567041919567, 0.000731516513042, -0.000789911078755, 6.65655024932e-05, -0.0010318349814, -0.000408824969782, -0.000359071214916, 0.00016608358419, -0.000544982147403, 0.00121425336692, -0.000711802917067, 0.00115694839042], [0.000567041919567, 0.00272770761512, 0.000244455819484, -1.35437876452e-05, -0.00204423628747, 0.000658829871099, -0.00220047845505, 0.00131053617224, -0.000735527370125, 0.00133510259911, -0.00192184909247, 0.00268319202587, -0.000914837932214], [0.000731516513042, 0.000244455819484, 0.00266362121329, -0.00149812025484, -0.000788240868133, -0.00202357233502, 0.000601561681833, -0.000615969998762, 0.000238510110648, -0.00052099005552, 0.00114374840632, -0.00190761196427, 0.00267806323245], [-0.000789911078755, -1.35437876452e-05, -0.00149812025484, 0.00565149309114, -0.00141317828093, 0.00198749057017, 0.001504187705, -0.000769495556597, -0.000748618971556, 0.00189192756079, -0.0029067452997, 0.00229818304069, -0.00291707948782], [6.65655024932e-05, -0.00204423628747, -0.000788240868133, -0.00141317828093, 0.00903799012303, -0.000968207139522, 0.000860142696183, -0.000534418155439, 0.000437655689893, -0.00141727318987, 0.00267120590433, -0.00282881432213, -2.84269867734e-06], [-0.0010318349814, 0.000658829871099, -0.00202357233502, 0.00198749057017, -0.000968207139522, 0.00914169102907, -0.00370292691514, 0.000725602265447, -0.000182944582775, 0.000315463898005, -0.00206782412715, 0.0017220164882, -0.0024225898087], [-0.000408824969782, -0.00220047845505, 0.000601561681833, 0.001504187705, 0.000860142696183, -0.00370292691514, 0.00749233178794, -0.00119366450235, 0.00112473370973, 0.000611827999819, -0.000366521271644, -0.00273170811124, 0.00112237141002], [-0.000359071214916, 0.00131053617224, -0.000615969998762, -0.000769495556597, -0.000534418155439, 0.000725602265447, -0.00119366450235, 0.011531884782, -0.00314865959808, -0.00059204082936, 0.000229875877267, 0.00150153704453, -0.00307522853836], [0.00016608358419, -0.000735527370125, 0.000238510110648, -0.000748618971556, 0.000437655689893, -0.000182944582775, 0.00112473370973, -0.00314865959808, 0.00684389658272, -0.00308874016628, -0.000210265861824, -0.000935136224143, 0.00084638397675], [-0.000544982147403, 0.00133510259911, -0.00052099005552, 0.00189192756079, -0.00141727318987, 0.000315463898005, 0.000611827999819, -0.00059204082936, -0.00308874016628, 0.0109017891809, -0.00271006836556, 0.00178151996806, -9.75535222096e-05], [0.00121425336692, -0.00192184909247, 0.00114374840632, -0.0029067452997, 0.00267120590433, -0.00206782412715, -0.000366521271644, 0.000229875877267, -0.000210265861824, -0.00271006836556, 0.0148064689711, -0.00346897193231, 0.000343122781487], [-0.000711802917067, 0.00268319202587, -0.00190761196427, 0.00229818304069, -0.00282881432213, 0.0017220164882, -0.00273170811124, 0.00150153704453, -0.000935136224143, 0.00178151996806, -0.00346897193231, 0.0116783045232, -0.00178972573485], [0.00115694839042, -0.000914837932214, 0.00267806323245, -0.00291707948782, -2.84269867734e-06, -0.0024225898087, 0.00112237141002, -0.00307522853836, 0.00084638397675, -9.75535222096e-05, 0.000343122781487, -0.00178972573485, 0.014479345642]]
    },
    "melbands": {
        "dmean": [0.00070990039967, 0.000642934115604, 0.000704704318196, 0.000447517842986, 0.000251149351243, 8.9309301984e-05, 0.000129056817968, 0.000468327314593, 0.000372101960238, 0.00012363101996, 0.000229446333833, 0.000143973316881, 7.46598016121e-05, 9.78031239356e-05, 7.82578354119e-05, 6.30186987109e-05, 2.51330693573e-05, 2.09897098102e-05, 1.3872717318e-05, 1.10464552563e-05, 9.45853753365e-06, 1.12587085823e-05, 1.05861836346e-05, 6.54562427371e-06, 3.30686043526e-06, 3.35162121701e-06, 5.13158011017e-06, 3.66083236258e-06, 2.59162834482e-06, 1.95252914637e-06, 2.25498911277e-06, 3.19327796205e-06, 2.78690595223e-06, 4.64539334644e-06, 3.86338342651e-06, 3.31082651428e-06, 1.82018686701e-06, 1.54986389589e-06, 1.25769156512e-06, 1.55673455993e-06],
        "dmean2": [0.000963589118328, 0.000958427903242, 0.0012277282076, 0.0007852781564, 0.000416226655943, 0.000133472596644, 0.000209515477763, 0.000716353184544, 0.000580694642849, 0.000178709771717, 0.000329871632857, 0.000205717165954, 0.000106406194391, 0.000141027325299, 0.0001121834066, 8.82265230757e-05, 3.82360558433e-05, 3.2314008422e-05, 2.0492281692e-05, 1.70843304659e-05, 1.49269108078e-05, 1.77835136128e-05, 1.64233933901e-05, 1.0180397112e-05, 5.14307248523e-06, 5.11232701683e-06, 8.045456525e-06, 5.62214836464e-06, 4.03828698836e-06, 2.89247054752e-06, 3.39407301908e-06, 5.00854548591e-06, 4.33257537225e-06, 7.34283139536e-06, 6.18162312094e-06, 4.98141071148e-06, 2.87882176053e-06, 2.42791816163e-06, 1.89196191513e-06, 2.49191248258e-06],
        "dvar": [2.10162534131e-06, 2.643245125e-06, 5.63252478969e-06, 1.20968877582e-06, 1.51733289044e-07, 1.44722713813e-08, 5.44311582473e-08, 6.42370196147e-07, 6.45339468974e-07, 9.77482770281e-08, 2.69743651415e-07, 9.17299161074e-08, 2.50341098962e-08, 4.43220784518e-08, 3.37496430802e-08, 1.59903983388e-08, 3.19862203391e-09, 2.51247023186e-09, 1.46862322303e-09, 5.81397430199e-10, 3.35222599679e-10, 4.35141173094e-10, 3.35038191634e-10, 2.39779113231e-10, 9.90229218067e-11, 5.79692613356e-11, 1.83734749637e-10, 8.64399107847e-11, 3.04119923689e-11, 1.80281917866e-11, 2.22127993083e-11, 4.23854701337e-11, 2.28056271784e-11, 6.29499091742e-11, 3.9412209607e-11, 3.38006636569e-11, 1.00770355602e-11, 1.08154527001e-11, 1.04138191126e-11, 1.44692070825e-11],
        "dvar2": [3.8214743654e-06, 6.80178618495e-06, 1.59074515977e-05, 3.47961076841e-06, 4.13433497215e-07, 3.55058702439e-08, 1.28787021936e-07, 1.52300890477e-06, 1.62795026881e-06, 2.050390151e-07, 4.95853555549e-07, 1.68215578356e-07, 4.38266951619e-08, 9.49029939079e-08, 5.70513414289e-08, 2.8570450894e-08, 7.07084568674e-09, 5.2872017875e-09, 3.26601545808e-09, 1.43739720126e-09, 7.73221764394e-10, 1.04799013911e-09, 7.82678033495e-10, 5.83113335395e-10, 2.26975910289e-10, 1.26821553259e-10, 4.6314868607e-10, 1.96316296552e-10, 6.78723605096e-11, 3.40305873758e-11, 4.03787663028e-11, 9.21915738195e-11, 4.61554613973e-11, 1.35529309997e-10, 8.63210891655e-11, 6.64603511114e-11, 2.23555219475e-11, 2.47215928284e-11, 2.15590809094e-11, 3.13118940498e-11],
        "max": [0.015756836161, 0.0169813092798, 0.0227670706809, 0.0106808217242, 0.00527005596086, 0.00157283979934, 0.00333562958986, 0.00809970032424, 0.0138339735568, 0.00642503704876, 0.00969244260341, 0.00589228980243, 0.00236824108288, 0.0036404770799, 0.00320729287341, 0.00199457956478, 0.000863733002916, 0.00102661445271, 0.000928651599679, 0.000389409600757, 0.000225290670642, 0.000252910685958, 0.000182704941835, 0.000196435896214, 0.000138536794111, 0.000110083055915, 0.000180538947461, 0.000118148796901, 7.73647407186e-05, 7.80440968811e-05, 6.84990372974e-05, 8.44522655825e-05, 6.17887562839e-05, 7.45567886042e-05, 6.21479048277e-05, 9.98401155812e-05, 3.93933478335e-05, 6.04060696787e-05, 6.84659244143e-05, 5.16701402375e-05],
        "mean": [0.00138766842429, 0.00156762334518, 0.00111520686187, 0.000631146365777, 0.000438798015239, 0.000221253794734, 0.000224927949603, 0.000865331850946, 0.000624868727755, 0.000208001190913, 0.000499537447467, 0.000324209715473, 0.000149245708599, 0.000213629944483, 0.000165654171724, 0.000119223695947, 3.48016656062e-05, 2.97055248666e-05, 2.43119811785e-05, 1.86917732208e-05, 1.53240125655e-05, 1.79288872459e-05, 1.7127393221e-05, 1.01724699562e-05, 4.5998153837e-06, 4.98198278365e-06, 7.01085173205e-06, 5.27229622094e-06, 3.95911820306e-06, 3.15375632454e-06, 3.42915950569e-06, 4.73332647744e-06, 4.45213845524e-06, 6.91659715812e-06, 5.64394167668e-06, 5.67781080463e-06, 3.00523902297e-06, 2.38799884755e-06, 1.6617196934e-06, 1.79895346264e-06],
        "median": [0.000441327487351, 0.000806031632237, 0.000382875965443, 0.000422899989644, 0.0002894665231, 0.00013668720203, 0.000132572487928, 0.000460369832581, 0.000349393143551, 6.2990191509e-05, 0.000119931966765, 8.75950063346e-05, 4.21094155172e-05, 5.84413028264e-05, 2.87819875666e-05, 3.10782088491e-05, 1.22641577036e-05, 9.76573301159e-06, 8.50845572131e-06, 7.53500216888e-06, 6.99387010172e-06, 9.93648063741e-06, 8.35303035274e-06, 4.32304068454e-06, 1.96698283617e-06, 2.33041919273e-06, 2.6128736863e-06, 2.43707472691e-06, 2.14841679735e-06, 1.71827900886e-06, 1.84135205927e-06, 2.57208989751e-06, 2.07086577575e-06, 1.38587313359e-06, 1.32874151859e-06, 1.519481998e-06, 9.31564272832e-07, 9.31878048505e-07, 4.41137331109e-07, 3.18886748119e-07],
        "min": [5.01651387097e-09, 1.47164973541e-08, 4.64110343046e-07, 2.67935593001e-05, 1.01019868453e-05, 1.44345699482e-06, 4.60912679046e-06, 2.34165599977e-06, 1.46642935306e-06, 7.13243480277e-07, 7.5056618698e-07, 7.62396325626e-07, 4.63849346488e-07, 3.1376251286e-07, 1.72632212525e-07, 1.02332187168e-07, 7.23811552916e-08, 4.27349604593e-08, 4.1020729924e-08, 1.88487181418e-08, 3.34061702745e-08, 5.75641294631e-08, 5.56767645321e-08, 2.05586641044e-08, 1.28243096142e-08, 6.14948891808e-09, 7.57660778561e-09, 6.52141940449e-09, 3.11018544252e-09, 2.59593790908e-09, 2.68167776873e-09, 1.9876915669e-09, 1.28076982353e-09, 4.59439902789e-10, 7.57243781568e-11, 4.65098827507e-11, 1.02096581189e-10, 3.74472924891e-10, 3.06214303913e-10, 1.37840823825e-11],
