{
"highlevel": {
    "danceability": {
        "all": {
            "danceable": 0.713404774666,
            "not_danceable": 0.286595255136
        },
        "probability": 0.713404774666,
        "value": "danceable"
    },
    "gender": {
        "all": {
            "female": 0.223236337304,
            "male": 0.776763677597
        },
        "probability": 0.776763677597,
        "value": "male"
    },
    "genre_dortmund": {
        "all": {
            "alternative": 0.128158509731,
            "blues": 0.0531454496086,
            "electronic": 0.0199517998844,
            "folkcountry": 0.085467427969,
            "funksoulrnb": 0.0062943524681,
            "jazz": 0.00526051688939,
            "pop": 0.0283008236438,
            "raphiphop": 0.00323672336526,
            "rock": 0.67018443346
        },
        "probability": 0.67018443346,
        "value": "rock"
    },
    "genre_electronic": {
        "all": {
            "ambient": 0.219989642501,
            "dnb": 0.107217051089,
            "house": 0.0251300297678,
            "techno": 0.00875171646476,
            "trance": 0.638911545277
        },
        "probability": 0.638911545277,
        "value": "trance"
    },
    "genre_rosamerica": {
        "all": {
            "cla": 0.00497785117477,
            "dan": 0.00654007773846,
            "hip": 0.00933717936277,
            "jaz": 0.00141831988003,
            "pop": 0.0219231024384,
            "rhy": 0.00480233505368,
            "roc": 0.948695540428,
            "spe": 0.00230561872013
        },
        "probability": 0.948695540428,
        "value": "roc"
    },
    "genre_tzanetakis": {
        "all": {
            "blu": 0.0626541376114,
            "cla": 0.0348133966327,
            "cou": 0.0783501937985,
            "dis": 0.104547761381,
            "hip": 0.15693578124,
            "jaz": 0.313987255096,
            "met": 0.044816005975,
            "pop": 0.0627349764109,
            "reg": 0.0627352520823,
            "roc": 0.0784252434969
        },
        "probability": 0.313987255096,
        "value": "jaz"
    },
    "ismir04_rhythm": {
        "all": {
            "ChaChaCha": 0.0329457260668,
            "Jive": 0.955767691135,
            "Quickstep": 0.00035286237835,
            "Rumba-American": 0.000391859473893,
            "Rumba-International": 0.000403699610615,
            "Rumba-Misc": 0.000100675424619,
            "Samba": 0.00255591329187,
            "Tango": 0.000202305498533,
            "VienneseWaltz": 0.00719240680337,
            "Waltz": 8.68607821758e-05
        },
        "probability": 0.955767691135,
        "value": "Jive"
    },
    "mood_acoustic": {
        "all": {
            "acoustic": 2.54260726251e-06,
            "not_acoustic": 0.999997437
        },
        "probability": 0.999997437,
        "value": "not_acoustic"
    },
    "mood_aggressive": {
        "all": {
            "aggressive": 0.962615132332,
            "not_aggressive": 0.0373848713934
        },
        "probability": 0.962615132332,
        "value": "aggressive"
    },
    "mood_electronic": {
        "all": {
            "electronic": 0.0471154637635,
            "not_electronic": 0.952884554863
        },
        "probability": 0.952884554863,
        "value": "not_electronic"
    },
    "mood_happy": {
        "all": {
            "happy": 0.897707283497,
            "not_happy": 0.102292738855
        },
        "probability": 0.897707283497,
        "value": "happy"
    },
    "mood_party": {
        "all": {
            "not_party": 0.528594315052,
            "party": 0.471405684948
        },
        "probability": 0.528594315052,
        "value": "not_party"
    },
    "mood_relaxed": {
        "all": {
            "not_relaxed": 0.962553083897,
            "relaxed": 0.0374469012022
        },
        "probability": 0.962553083897,
        "value": "not_relaxed"
    },
    "mood_sad": {
        "all": {
            "not_sad": 0.978209733963,
            "sad": 0.0217902678996
        },
        "probability": 0.978209733963,
        "value": "not_sad"
    },
    "moods_mirex": {
        "all": {
            "Cluster1": 0.195932745934,
            "Cluster2": 0.0624967254698,
            "Cluster3": 0.0219369325787,
            "Cluster4": 0.0349217653275,
            "Cluster5": 0.684711813927
        },
        "probability": 0.684711813927,
        "value": "Cluster5"
    },
    "timbre": {
        "all": {
            "bright": 0.884837090969,
            "dark": 0.115162923932
        },
        "probability": 0.884837090969,
        "value": "bright"
    },
    "tonal_atonal": {
        "all": {
            "atonal": 0.0164821241051,
            "tonal": 0.983517885208
        },
        "probability": 0.983517885208,
        "value": "tonal"
    },
    "voice_instrumental": {
        "all": {
            "instrumental": 0.0402122586966,
            "voice": 0.959787726402
        },
        "probability": 0.959787726402,
        "value": "voice"
    }
},
"lowlevel": {
    "average_loudness": 0.975398123264,
    "barkbands_crest": {
        "dmean": 2.23642730713,
        "dmean2": 3.75594258308,
        "dvar": 5.64825963974,
        "dvar2": 14.2013788223,
        "max": 21.681098938,
        "mean": 7.05869245529,
        "median": 6.21975564957,
        "min": 2.28206634521,
        "var": 9.6491689682
    },
    "barkbands_flatness_db": {
        "dmean": 0.0153845958412,
        "dmean2": 0.0253584329039,
        "dvar": 0.000219731533434,
        "dvar2": 0.000554702593945,
        "max": 0.204019114375,
        "mean": 0.103483393788,
        "median": 0.100770160556,
        "min": 0.0532969720662,
        "var": 0.000497678527609
    },
    "barkbands_kurtosis": {
        "dmean": 0.620377838612,
        "dmean2": 1.0287579298,
        "dvar": 1.11561846733,
        "dvar2": 2.69624876976,
        "max": 12.6728887558,
        "mean": -0.77152723074,
        "median": -1.13027024269,
        "min": -1.792771101,
        "var": 1.4729077816
    },
    "barkbands_skewness": {
        "dmean": 0.378344297409,
        "dmean2": 0.61101514101,
        "dvar": 0.139149606228,
        "dvar2": 0.320123404264,
        "max": 3.64686012268,
        "mean": 0.452659696341,
        "median": 0.380686551332,
        "min": -1.24815869331,
        "var": 0.392142087221
    },
    "barkbands_spread": {
        "dmean": 6.03682756424,
        "dmean2": 9.61402511597,
        "dvar": 28.7862625122,
        "dvar2": 70.0592956543,
        "max": 78.4113616943,
        "mean": 42.9808692932,
        "median": 42.8610076904,
        "min": 13.9080228806,
        "var": 98.9016723633
    },
    "dissonance": {
        "dmean": 0.00918644759804,
        "dmean2": 0.015515152365,
        "dvar": 6.694439071e-05,
        "dvar2": 0.000185913915629,
        "max": 0.499996185303,
        "mean": 0.484700649977,
        "median": 0.487059921026,
        "min": 0.439391970634,
        "var": 0.000112485591671
    },
    "dynamic_complexity": 1.40806233883,
    "erbbands_crest": {
        "dmean": 2.03916811943,
        "dmean2": 3.38927674294,
        "dvar": 3.19487714767,
        "dvar2": 7.72797250748,
        "max": 25.5713176727,
        "mean": 7.5524058342,
        "median": 7.00573682785,
        "min": 3.02741956711,
        "var": 6.61657714844
    },
    "erbbands_flatness_db": {
        "dmean": 0.013430211693,
        "dmean2": 0.0199939124286,
        "dvar": 0.00013497985492,
        "dvar2": 0.000278478633845,
        "max": 0.231238827109,
        "mean": 0.152788296342,
        "median": 0.152830377221,
        "min": 0.0960498601198,
        "var": 0.000495784857776
    },
    "erbbands_kurtosis": {
        "dmean": 0.816047489643,
        "dmean2": 1.32250118256,
        "dvar": 0.728399157524,
        "dvar2": 1.74841809273,
        "max": 8.15227603912,
        "mean": 0.4122351408,
        "median": 0.0839755535126,
        "min": -1.47255277634,
        "var": 1.95356547832
    },
    "erbbands_skewness": {
        "dmean": 0.286780118942,
        "dmean2": 0.441016077995,
        "dvar": 0.0560749918222,
        "dvar2": 0.128735199571,
        "max": 0.96214723587,
        "mean": -0.66414898634,
        "median": -0.678963840008,
        "min": -2.21690607071,
        "var": 0.256433576345
    },
    "erbbands_spread": {
        "dmean": 6.26504325867,
        "dmean2": 10.2031402588,
        "dvar": 32.1406898499,
        "dvar2": 78.9974594116,
        "max": 72.3006439209,
        "mean": 34.3151893616,
        "median": 33.7328262329,
        "min": 10.6126127243,
        "var": 90.2920303345
    },
    "hfc": {
        "dmean": 8.53976631165,
        "dmean2": 12.5409259796,
        "dvar": 96.150138855,
        "dvar2": 195.842910767,
        "max": 134.763061523,
        "mean": 33.4038467407,
        "median": 28.1198406219,
        "min": 6.78133821487,
        "var": 355.191589355
    },
    "melbands_crest": {
        "dmean": 3.82732415199,
        "dmean2": 6.09317874908,
        "dvar": 14.1103878021,
        "dvar2": 32.2773208618,
        "max": 36.1453132629,
        "mean": 12.8707313538,
        "median": 11.0251502991,
        "min": 3.94989204407,
        "var": 36.9712638855
    },
    "melbands_flatness_db": {
        "dmean": 0.0208943746984,
        "dmean2": 0.0338220894337,
        "dvar": 0.000478531059343,
        "dvar2": 0.0011949808104,
        "max": 0.276050627232,
        "mean": 0.125862240791,
        "median": 0.118382878602,
        "min": 0.0497241020203,
        "var": 0.00138866296038
    },
    "melbands_kurtosis": {
        "dmean": 2.55959653854,
        "dmean2": 4.22181272507,
        "dvar": 15.6693048477,
        "dvar2": 37.6725997925,
        "max": 46.8043022156,
        "mean": 3.20019721985,
        "median": 1.77861452103,
        "min": -1.51973056793,
        "var": 23.6879692078
    },
    "melbands_skewness": {
        "dmean": 0.51696395874,
        "dmean2": 0.841446340084,
        "dvar": 0.312284559011,
        "dvar2": 0.719552159309,
        "max": 6.5657749176,
        "mean": 1.74552297592,
        "median": 1.57053351402,
        "min": -0.34838411212,
        "var": 0.756936073303
    },
    "melbands_spread": {
        "dmean": 11.6951684952,
        "dmean2": 19.0863552094,
        "dvar": 111.373756409,
        "dvar2": 264.735809326,
        "max": 131.972564697,
        "mean": 53.3100891113,
        "median": 53.0918273926,
        "min": 8.66914749146,
        "var": 365.23324585
    },
    "pitch_salience": {
        "dmean": 0.0685179382563,
        "dmean2": 0.109060436487,
        "dvar": 0.00378649821505,
        "dvar2": 0.00893895514309,
        "max": 0.805706501007,
        "mean": 0.572083175182,
        "median": 0.583550691605,
        "min": 0.152276590466,
        "var": 0.00987552944571
    },
    "silence_rate_20dB": {
        "dmean": 0,
        "dmean2": 0,
        "dvar": 0,
        "dvar2": 0,
        "max": 1,
        "mean": 1,
        "median": 1,
        "min": 1,
        "var": 0
    },
    "silence_rate_30dB": {
        "dmean": 0,
        "dmean2": 0,
        "dvar": 0,
        "dvar2": 0,
        "max": 1,
        "mean": 1,
        "median": 1,
        "min": 1,
        "var": 0
    },
    "silence_rate_60dB": {
        "dmean": 0,
        "dmean2": 0,
        "dvar": 0,
        "dvar2": 0,
        "max": 0,
        "mean": 0,
        "median": 0,
        "min": 0,
        "var": 0
    },
    "spectral_centroid": {
        "dmean": 209.954727173,
        "dmean2": 340.624481201,
        "dvar": 33013.453125,
        "dvar2": 87017.734375,
        "max": 3623.08129883,
        "mean": 2430.15185547,
        "median": 2476.21899414,
        "min": 1094.88500977,
        "var": 148456.890625
    },
    "spectral_complexity": {
        "dmean": 5.00464391708,
        "dmean2": 7.65530586243,
        "dvar": 19.7399806976,
        "dvar2": 42.2088088989,
        "max": 58,
        "mean": 32.385925293,
        "median": 33,
        "min": 11,
        "var": 67.9709854126
    },
    "spectral_decrease": {
        "dmean": 2.00845051701e-09,
        "dmean2": 3.04366909454e-09,
        "dvar": 6.49055208574e-18,
        "dvar2": 1.47176375186e-17,
        "max": -1.27147947726e-09,
        "mean": -5.87712500888e-09,
        "median": -5.10082198701e-09,
        "min": -3.31358194217e-08,
        "var": 1.1338186163e-17
    },
    "spectral_energy": {
        "dmean": 0.00812551192939,
        "dmean2": 0.0122110061347,
        "dvar": 9.85035148915e-05,
        "dvar2": 0.000220282148803,
        "max": 0.129985317588,
        "mean": 0.025211436674,
        "median": 0.0218936800957,
        "min": 0.0056342696771,
        "var": 0.000186604782357
    },
    "spectral_energyband_high": {
        "dmean": 0.000831598998047,
        "dmean2": 0.00123527029064,
        "dvar": 1.27772534597e-06,
        "dvar2": 2.73974910669e-06,
        "max": 0.0166048277169,
        "mean": 0.0021458005067,
        "median": 0.00148907536641,
        "min": 0.000100955825474,
        "var": 4.13717816627e-06
    },
    "spectral_energyband_low": {
        "dmean": 0.00484667578712,
        "dmean2": 0.00771070597693,
        "dvar": 7.90257327026e-05,
        "dvar2": 0.000182533258339,
        "max": 0.10974072665,
        "mean": 0.0084670977667,
        "median": 0.00502294953912,
        "min": 8.53003220982e-05,
        "var": 0.000108257809188
    },
    "spectral_energyband_middle_high": {
        "dmean": 0.00215561478399,
        "dmean2": 0.00327945803292,
        "dvar": 5.40596693099e-06,
        "dvar2": 1.14833219413e-05,
        "max": 0.0316681861877,
        "mean": 0.00786961615086,
        "median": 0.00664859870449,
        "min": 0.00124818191398,
        "var": 1.76674766408e-05
    },
    "spectral_energyband_middle_low": {
        "dmean": 0.00326066603884,
        "dmean2": 0.00528086954728,
        "dvar": 1.73967819137e-05,
        "dvar2": 4.23389356001e-05,
        "max": 0.0336127057672,
        "mean": 0.007316456642,
        "median": 0.0058218552731,
        "min": 0.000664188235532,
        "var": 2.6132007406e-05
    },
    "spectral_entropy": {
        "dmean": 0.0948571935296,
        "dmean2": 0.145966827869,
        "dvar": 0.00834124721587,
        "dvar2": 0.0174796041101,
        "max": 8.37789821625,
        "mean": 7.88004541397,
        "median": 7.89634895325,
        "min": 7.07495689392,
        "var": 0.0322655104101
    },
    "spectral_flux": {
        "dmean": 0.0223886054009,
        "dmean2": 0.0333765111864,
        "dvar": 0.00050562992692,
        "dvar2": 0.00103421893436,
        "max": 0.265925079584,
        "mean": 0.0939735621214,
        "median": 0.0869189426303,
        "min": 0.0327907688916,
        "var": 0.00124083843548
    },
    "spectral_kurtosis": {
        "dmean": 1.01282572746,
        "dmean2": 1.7045968771,
        "dvar": 0.88554418087,
        "dvar2": 2.45494127274,
        "max": 11.141907692,
        "mean": 3.0177192688,
        "median": 2.81177568436,
        "min": 0.448976516724,
        "var": 1.83587706089
    },
    "spectral_rms": {
        "dmean": 0.000748862279579,
        "dmean2": 0.00109690602403,
        "dvar": 6.02975717356e-07,
        "dvar2": 1.2569514638e-06,
        "max": 0.0112612145022,
        "mean": 0.00480744848028,
        "median": 0.00462165428326,
        "min": 0.00234453589655,
        "var": 1.48504352637e-06
    },
    "spectral_rolloff": {
        "dmean": 579.01373291,
        "dmean2": 973.213012695,
        "dvar": 434665.40625,
        "dvar2": 995660.375,
        "max": 7687.35351562,
        "mean": 2976.97241211,
        "median": 2950.04882812,
        "min": 64.599609375,
        "var": 1088758.75
    },
    "spectral_skewness": {
        "dmean": 0.15784573555,
        "dmean2": 0.260557770729,
        "dvar": 0.0196892376989,
        "dvar2": 0.049799695611,
        "max": 2.87576723099,
        "mean": 1.01795113087,
        "median": 1.02058744431,
        "min": 0.402660518885,
        "var": 0.0525514297187
    },
    "spectral_spread": {
        "dmean": 343942.0625,
        "dmean2": 512201.625,
        "dvar": 162375385088,
        "dvar2": 287694094336,
        "max": 11562271,
        "mean": 3824015.25,
        "median": 3783350.25,
        "min": 2224512.25,
        "var": 451459219456
    },
    "spectral_strongpeak": {
        "dmean": 0.590899467468,
        "dmean2": 1.05735361576,
        "dvar": 1.23873376846,
        "dvar2": 3.42543172836,
        "max": 12.3613061905,
        "mean": 0.700607478619,
        "median": 0.233583062887,
        "min": 0,
        "var": 1.18153178692
    },
    "zerocrossingrate": {
        "dmean": 0.00943456124514,
        "dmean2": 0.0115988543257,
        "dvar": 7.59425311117e-05,
        "dvar2": 0.000112390087452,
        "max": 0.20068359375,
        "mean": 0.0921654477715,
        "median": 0.09326171875,
        "min": 0.01953125,
        "var": 0.000584560446441
    },
    "barkbands": {
        "dmean": [0.00121789611876, 0.00379950925708, 0.000761454226449, 0.000458928261651, 0.00149359484203, 0.0006720785168, 0.000604468572419, 0.000587737129536, 0.000869592477102, 0.00056591257453, 0.000159157076268, 0.000384273706004, 0.00020866599516, 0.000499509216752, 0.000464565382572, 0.000571557960939, 0.000738146249205, 0.000403283076594, 0.000368989713024, 0.000376161187887, 0.000291300297249, 0.000331098679453, 0.000131967404741, 7.29778475943e-05, 2.68722578767e-05, 2.17810284084e-05, 1.03537161067e-08],
        "dmean2": [0.00183641957119, 0.00632099388167, 0.00130644219462, 0.000719326024409, 0.00255738850683, 0.00109051750042, 0.000986365717836, 0.000988344429061, 0.0013769925572, 0.000936937751248, 0.000259031949099, 0.000634360709228, 0.000335258984705, 0.000790302117821, 0.000750271254219, 0.000924730207771, 0.00123673677444, 0.000649933353998, 0.000616214238107, 0.000604895874858, 0.000451276777312, 0.000504036433995, 0.000203624775168, 0.000110135093564, 3.97561925638e-05, 3.39375401381e-05, 1.97183034345e-08],
        "dvar": [8.22024321678e-06, 5.49546348338e-05, 1.54935310093e-06, 4.11977509884e-07, 7.38444214221e-06, 8.88213151029e-07, 1.09013080873e-06, 1.03801517071e-06, 1.8950336198e-06, 1.38466964472e-06, 1.01515666984e-07, 7.16104068488e-07, 3.87509032862e-07, 1.06239951947e-06, 8.18354465082e-07, 5.77422667902e-07, 5.69649500903e-07, 1.60015702022e-07, 1.3126626186e-07, 2.55790553183e-07, 1.92926719933e-07, 3.09943800403e-07, 3.67895935938e-08, 1.52566119738e-08, 1.80459935883e-09, 2.14420570188e-09, 3.67695096579e-15],
        "dvar2": [1.86082816072e-05, 0.000135023670737, 4.31296257375e-06, 9.66203401731e-07, 1.9639470338e-05, 2.20186734623e-06, 2.66667871074e-06, 2.74037211057e-06, 4.33399691246e-06, 3.51343169314e-06, 2.22390326599e-07, 1.86116642453e-06, 9.27020096242e-07, 2.48892774835e-06, 1.86076613318e-06, 1.29536613258e-06, 1.53526002578e-06, 3.91896890051e-07, 3.42365751749e-07, 6.39993118057e-07, 3.88540541962e-07, 7.06747016466e-07, 8.58210427168e-08, 3.01492661947e-08, 3.64220542615e-09, 5.35273780855e-09, 1.0249824569e-14],
        "max": [0.039791893214, 0.0770705789328, 0.0092496778816, 0.0103866355494, 0.0230438876897, 0.0113617964089, 0.0117574613541, 0.0117211798206, 0.016785223037, 0.0122760916129, 0.00502991955727, 0.0146528175101, 0.011012069881, 0.0127782421187, 0.0128327254206, 0.0139686614275, 0.012627764605, 0.00501657975838, 0.00489733600989, 0.0059214187786, 0.00616519106552, 0.00738676963374, 0.00227494677529, 0.00181257375516, 0.000683625868987, 0.0005362299853, 1.01778391581e-06],
        "mean": [0.00125556392595, 0.00580604188144, 0.00104454660323, 0.000822880596388, 0.00176300806925, 0.00112117640674, 0.000885480258148, 0.000883407017682, 0.00133619026747, 0.000746693636756, 0.000205188014661, 0.000496048829518, 0.000260381086264, 0.000737800612114, 0.000806514173746, 0.00108937558252, 0.00163460557815, 0.000974196591415, 0.00082497484982, 0.000779108377174, 0.000622002524324, 0.000651738781016, 0.000244020775426, 0.000140635864227, 5.46668052266e-05, 2.52327372436e-05, 6.53020926222e-09],
        "median": [0.000266208604444, 0.00309899402782, 0.000628613168374, 0.000503777351696, 0.000915652839467, 0.000727856473532, 0.000462629832327, 0.000281442538835, 0.000725107791368, 0.000225185314775, 8.25296374387e-05, 0.000219487235881, 0.000105876541056, 0.000288439827273, 0.000375941075617, 0.00082072429359, 0.00142744625919, 0.000823644048069, 0.000711659027729, 0.000587557791732, 0.000399488402763, 0.00034610851435, 0.000136679620482, 8.29934651847e-05, 3.31385417667e-05, 8.65198126121e-06, 4.47217374244e-10],
        "min": [3.8996713414e-08, 3.24278007611e-05, 8.81282721821e-06, 2.88227715828e-06, 6.44283863949e-05, 2.82333785435e-05, 1.82214807865e-05, 1.13066853373e-05, 1.93708656298e-05, 6.42616987534e-06, 2.55085001299e-06, 5.21625543115e-06, 7.32886564947e-06, 1.34783467729e-05, 2.17943979806e-05, 5.56457598577e-05, 7.98061519163e-05, 5.05261341459e-05, 7.93240542407e-05, 2.04776024475e-05, 2.90370626317e-05, 7.22502954886e-06, 2.63227548203e-06, 3.84121221941e-06, 1.21461852132e-07, 1.74527485797e-08, 8.82703545674e-12],
        "var": [9.30330952542e-06, 6.29765854683e-05, 1.59246485509e-06, 9.54531856223e-07, 6.67729682391e-06, 1.36051721711e-06, 1.4623159359e-06, 2.2511694624e-06, 3.47540162693e-06, 2.01152442969e-06, 1.56833110054e-07, 7.75442572376e-07, 3.99066550472e-07, 1.84044677098e-06, 1.85473038528e-06, 1.10463190595e-06, 1.24101973142e-06, 3.39513462677e-07, 2.6748170967e-07, 4.52565330988e-07, 5.13478369157e-07, 7.23102232314e-07, 8.10150808661e-08, 3.31315881397e-08, 3.95783894547e-09, 2.25123053532e-09, 2.25476867131e-15]
    },
    "erbbands": {
        "dmean": [0.195207223296, 0.603632569313, 0.88171350956, 1.24723267555, 3.2809715271, 5.74507951736, 4.14015769958, 6.04181623459, 8.50372219086, 10.6408414841, 13.7889928818, 18.7712211609, 24.4167079926, 6.85978317261, 7.45256090164, 17.4358272552, 9.63138961792, 20.5277252197, 21.8540973663, 24.5632648468, 35.529132843, 33.1308746338, 20.8813362122, 20.6076068878, 16.1105327606, 17.2879524231, 13.939950943, 10.2299995422, 11.6273670197, 8.20036125183, 3.70350408554, 2.20819401741, 0.937392830849, 0.34928765893, 0.189546108246, 0.126137062907, 0.0329806059599, 0.00235712435097, 4.97777909914e-05, 1.1695035937e-05],
        "dmean2": [0.319582074881, 1.03352570534, 1.52242171764, 1.9803622961, 5.71823167801, 9.72177696228, 6.47593021393, 9.97579288483, 13.854388237, 17.5240478516, 22.5377120972, 29.985168457, 39.5064201355, 11.2743225098, 12.1964521408, 28.5188407898, 15.3739595413, 32.5373382568, 34.6082420349, 37.3979759216, 59.0125312805, 55.5670127869, 33.5396347046, 33.7293586731, 26.230764389, 27.6205673218, 21.4545955658, 15.7580699921, 17.6708297729, 12.5628242493, 5.80075931549, 3.39947128296, 1.42827093601, 0.521022677422, 0.286773890257, 0.192099124193, 0.0531795620918, 0.0038493797183, 7.74208747316e-05, 1.71408410097e-05],
        "dvar": [0.158572077751, 1.66880810261, 2.52751660347, 2.61601734161, 32.8530082703, 112.817443848, 25.567243576, 91.4806900024, 284.039489746, 274.557800293, 606.980895996, 1114.02685547, 2217.00146484, 164.94744873, 303.621704102, 1161.05517578, 735.969726562, 1862.16259766, 1668.0222168, 2582.96386719, 1729.03198242, 1056.59326172, 459.174194336, 399.508239746, 352.418823242, 606.440612793, 442.051025391, 213.575820923, 381.344390869, 185.020431519, 33.7535400391, 14.9741153717, 2.62192678452, 0.265792071819, 0.125662237406, 0.0646371021867, 0.00541192665696, 2.77134549833e-05, 1.02855839401e-08, 1.78527415073e-10],
        "dvar2": [0.385138750076, 4.48024845123, 6.9870467186, 6.06212854385, 91.4193191528, 292.680023193, 60.6574554443, 224.99017334, 681.745239258, 709.242370605, 1600.578125, 2602.04418945, 5501.88720703, 436.414031982, 727.580932617, 2969.90893555, 1700.21594238, 4329.84912109, 3764.52563477, 5678.71435547, 4188.69433594, 2776.84814453, 1064.24084473, 1049.70495605, 866.320373535, 1514.7310791, 915.415283203, 456.561004639, 847.408325195, 426.942138672, 79.4729385376, 33.4025039673, 5.17247247696, 0.542176783085, 0.263914763927, 0.156178578734, 0.0138172321022, 7.02611505403e-05, 2.59638888167e-08, 3.92415516748e-10],
        "max": [4.74310684204, 15.1569652557, 13.1230430603, 28.6598110199, 44.1237487793, 96.7916641235, 59.0357437134, 114.470214844, 210.141586304, 153.160491943, 335.777923584, 473.952667236, 477.363189697, 170.135375977, 298.450836182, 456.097412109, 522.215942383, 662.558837891, 550.388305664, 688.051696777, 762.860656738, 462.289245605, 349.087249756, 225.356903076, 300.870635986, 334.649841309, 301.718597412, 251.098251343, 297.192443848, 183.878982544, 70.6826171875, 53.4243621826, 26.2831172943, 7.96625757217, 5.22175979614, 2.90432333946, 0.734933018684, 0.0476242117584, 0.000966208637692, 0.000162364376592],
        "mean": [0.254640609026, 0.947211503983, 1.3459302187, 2.29844403267, 3.88603186607, 6.50620889664, 6.90300226212, 9.11116981506, 12.4986419678, 14.3570728302, 23.5033359528, 28.4922389984, 35.4914779663, 10.287979126, 10.3241224289, 22.6850147247, 13.8863124847, 33.5813064575, 36.8080215454, 47.1015968323, 79.905921936, 80.4515533447, 57.8671379089, 49.217754364, 37.6517829895, 36.0984687805, 29.7187404633, 22.1024875641, 22.5091629028, 15.5704288483, 6.70120429993, 4.04234170914, 1.78635656834, 0.695838212967, 0.361289769411, 0.164839237928, 0.0348814800382, 0.0023218235001, 7.01698227203e-05, 3.73451548512e-05],
        "median": [0.0801257044077, 0.641908824444, 0.844407439232, 1.5542986393, 2.13211655617, 2.99208188057, 4.43733358383, 5.25481319427, 6.86299562454, 7.51746463776, 8.33819293976, 16.2285385132, 10.78536129, 5.19313240051, 4.54992866516, 10.2498626709, 6.9762802124, 14.0269165039, 19.377620697, 20.0727863312, 68.2147064209, 70.3977966309, 50.4283332825, 43.7455368042, 31.1431274414, 26.9825553894, 19.2326126099, 14.4494333267, 11.9069986343, 7.72575712204, 3.78821349144, 2.30845355988, 1.09358310699, 0.440701186657, 0.206668362021, 0.0681259557605, 0.010820790194, 0.000609652604908, 3.73531656805e-05, 3.25352884829e-05],
        "min": [0.00117863644846, 0.00778561132029, 0.0110293487087, 0.0487160235643, 0.0467816367745, 0.142120540142, 0.149457320571, 0.353119343519, 0.405206799507, 0.262791842222, 0.698396801949, 0.53527289629, 0.605374336243, 0.293645173311, 0.355396598577, 0.593056440353, 0.89797192812, 1.24098682404, 1.12272155285, 1.87570977211, 7.84718847275, 10.5690135956, 7.35710144043, 5.04655694962, 3.3716571331, 2.95338010788, 1.93184542656, 0.958704352379, 0.337677210569, 0.175838425756, 0.0908184275031, 0.112086862326, 0.0361866056919, 0.00306785223074, 0.000127413426526, 7.04217745806e-05, 5.51614357391e-05, 5.0748162721e-06, 4.94165306009e-06, 8.79242361407e-06],
        "var": [0.188371002674, 1.41556835175, 2.49300193787, 5.83093214035, 28.0443973541, 105.676116943, 57.094959259, 125.254592896, 352.693084717, 348.663391113, 1603.4387207, 1601.95349121, 4066.8515625, 215.801147461, 391.252502441, 1381.67712402, 804.146484375, 3864.41845703, 2833.86865234, 6161.85986328, 3348.54589844, 2388.3671875, 1051.65490723, 796.47479248, 724.213195801, 988.104187012, 1184.88183594, 531.600036621, 865.492431641, 456.553070068, 65.7632675171, 28.5151844025, 5.54952573776, 0.603103041649, 0.227440267801, 0.0784742087126, 0.00497301574796, 2.50547818723e-05, 1.04352260166e-08, 3.97875316027e-10]
    },
    "gfcc": {
        "mean": [39.5229301453, 73.8820877075, -140.828094482, 64.8179092407, -58.4463653564, 12.5863380432, -38.5771980286, 20.1045532227, -13.7221651077, 5.44913911819, -17.4416713715, 2.10774445534, -7.51030015945],
        "cov": [[897.81463623, -369.691497803, 104.70173645, -125.129669189, -157.055480957, 133.548599243, 62.9041137695, -18.5506649017, -21.5086021423, 66.3194122314, -110.718460083, 89.0940246582, -50.0003433228], [-369.691497803, 435.835174561, -82.6242599487, 24.9323196411, 92.6349945068, -89.9424133301, -7.00142192841, -49.2782058716, 13.0296144485, -34.6737976074, 91.8300170898, -64.667098999, 36.6266822815], [104.70173645, -82.6242599487, 237.516281128, 13.0472812653, 27.9374542236, -5.56376361847, -55.2898788452, 36.7186393738, -35.4176635742, 40.0302505493, 0.0609504058957, 40.7784843445, -42.7627334595], [-125.129669189, 24.9323196411, 13.0472812653, 168.661209106, 39.4368209839, 2.39129209518, 1.09241425991, 7.07134962082, 49.0773925781, -19.3181686401, 23.7842769623, -16.0767364502, 39.7792739868], [-157.055480957, 92.6349945068, 27.9374542236, 39.4368209839, 151.131942749, -1.56398916245, -7.00844573975, 20.1505088806, 2.51131224632, 21.0270996094, 34.8037414551, -9.88338470459, 9.7087726593], [133.548599243, -89.9424133301, -5.56376361847, 2.39129209518, -1.56398916245, 133.224227905, 66.3480606079, 15.3606100082, 19.0105934143, -3.67454242706, -13.2127790451, 8.92675590515, -3.42746186256], [62.9041137695, -7.00142192841, -55.2898788452, 1.09241425991, -7.00844573975, 66.3480606079, 134.604934692, 26.5539493561, 33.3335838318, -13.9642724991, -18.1403198242, 14.4549207687, 6.75523519516], [-18.5506649017, -49.2782058716, 36.7186393738, 7.07134962082, 20.1505088806, 15.3606100082, 26.5539493561, 92.8589782715, 31.8862552643, 8.80668354034, -8.03302097321, 0.391842246056, -3.51097774506], [-21.5086021423, 13.0296144485, -35.4176635742, 49.0773925781, 2.51131224632, 19.0105934143, 33.3335838318, 31.8862552643, 103.473251343, 10.1303110123, -1.01323258877, -22.3667583466, 16.202331543], [66.3194122314, -34.6737976074, 40.0302505493, -19.3181686401, 21.0270996094, -3.67454242706, -13.9642724991, 8.80668354034, 10.1303110123, 76.9874801636, 20.4985466003, 22.516330719, -8.5827293396], [-110.718460083, 91.8300170898, 0.0609504058957, 23.7842769623, 34.8037414551, -13.2127790451, -18.1403198242, -8.03302097321, -1.01323258877, 20.4985466003, 88.7712020874, 13.1766204834, 15.0374450684], [89.0940246582, -64.667098999, 40.7784843445, -16.0767364502, -9.88338470459, 8.92675590515, 14.4549207687, 0.391842246056, -22.3667583466, 22.516330719, 13.1766204834, 80.5308532715, 9.70559978485], [-50.0003433228, 36.6266822815, -42.7627334595, 39.7792739868, 9.7087726593, -3.42746186256, 6.75523519516, -3.51097774506, 16.202331543, -8.5827293396, 15.0374450684, 9.70559978485, 70.5709381104]],
        "icov": [[0.00332016102038, 0.0012741391547, -0.00213229120709, 0.00176107010338, 0.00209221150726, -0.00186603690963, -0.00169740780257, 0.00299282092601, -0.000674915791024, -0.0025953121949, 0.00199436582625, -0.000104671351437, -0.00123199960217], [0.0012741391547, 0.0104551389813, -0.00416659377515, 0.00631173932925, -0.00480973441154, 0.00727710314095, -0.00772173050791, 0.00883395597339, -0.0047663692385, 0.00671461224556, -0.0108109889552, 0.0095335599035, -0.0055088927038], [-0.00213229120709, -0.00416659377515, 0.0122135933489, -0.00723917828873, -0.000260619592154, -0.00271090492606, 0.00848217122257, -0.00950539298356, 0.00541261257604, -0.00396139081568, 0.00492129614577, -0.00913170073181, 0.00923530384898], [0.00176107010338, 0.00631173932925, -0.00723917828873, 0.015209665522, -0.00408767955378, 0.00366187514737, -0.00552195357159, 0.00860761385411, -0.00941318273544, 0.00842494796962, -0.00816134177148, 0.00735945627093, -0.00937833078206], [0.00209221150726, -0.00480973441154, -0.000260619592154, -0.00408767955378, 0.013430849649, -0.00584694789723, 0.00179437326733, -0.00455167237669, 0.00497211469337, -0.00935176294297, 0.00488522881642, -0.00172994064633, 0.000512984348461], [-0.00186603690963, 0.00727710314095, -0.00271090492606, 0.00366187514737, -0.00584694789723, 0.0177159532905, -0.010158627294, 0.00518921529874, -0.00412745587528, 0.00782465841621, -0.0100225983188, 0.00778954196721, -0.00294678052887], [-0.00169740780257, -0.00772173050791, 0.00848217122257, -0.00552195357159, 0.00179437326733, -0.010158627294, 0.0206464286894, -0.0109536461532, 0.000817501393612, -0.00159315706696, 0.00954871904105, -0.0137934554368, 0.00727676181123], [0.00299282092601, 0.00883395597339, -0.00950539298356, 0.00860761385411, -0.00455167237669, 0.00518921529874, -0.0109536461532, 0.024646544829, -0.0103785572574, 0.00503545859829, -0.0065805404447, 0.00862183794379, -0.0067115938291], [-0.000674915791024, -0.0047663692385, 0.00541261257604, -0.00941318273544, 0.00497211469337, -0.00412745587528, 0.000817501393612, -0.0103785572574, 0.0212486218661, -0.0114991981536, 0.0057379626669, 0.00127669377252, 0.00142707093619], [-0.0025953121949, 0.00671461224556, -0.00396139081568, 0.00842494796962, -0.00935176294297, 0.00782465841621, -0.00159315706696, 0.00503545859829, -0.0114991981536, 0.0292817633599, -0.0143404779956, 0.0013229851611, -0.00132843945175], [0.00199436582625, -0.0108109889552, 0.00492129614577, -0.00816134177148, 0.00488522881642, -0.0100225983188, 0.00954871904105, -0.0065805404447, 0.0057379626669, -0.0143404779956, 0.0298294108361, -0.0148399947211, 0.00482953013852], [-0.000104671351437, 0.0095335599035, -0.00913170073181, 0.00735945627093, -0.00172994064633, 0.00778954196721, -0.0137934554368, 0.00862183794379, 0.00127669377252, 0.0013229851611, -0.0148399947211, 0.0317004323006, -0.0136680938303], [-0.00123199960217, -0.0055088927038, 0.00923530384898, -0.00937833078206, 0.000512984348461, -0.00294678052887, 0.00727676181123, -0.0067115938291, 0.00142707093619, -0.00132843945175, 0.00482953013852, -0.0136680938303, 0.0261562466621]]
    },
    "melbands": {
        "dmean": [0.00135367678013, 0.000545717135537, 0.000221320020501, 0.000381797610316, 0.000147660248331, 0.000138464441989, 0.000125083635794, 0.000117358606076, 0.000122757352074, 0.000121014083561, 0.000119820455438, 2.8879594538e-05, 2.36826745095e-05, 4.10521424783e-05, 3.38619647664e-05, 2.06547410926e-05, 4.43154349341e-05, 3.87907675758e-05, 3.50603550032e-05, 3.10805080517e-05, 5.31762743776e-05, 4.16979164584e-05, 2.67428749794e-05, 2.38473421632e-05, 1.8835244191e-05, 1.25560363813e-05, 1.36027392728e-05, 1.24685002447e-05, 1.00976149042e-05, 7.68555219111e-06, 6.16064198766e-06, 6.57248892821e-06, 7.71198210714e-06, 3.51903258888e-06, 2.20714696297e-06, 1.93831806428e-06, 1.24792529732e-06, 7.75686999077e-07, 4.54515202364e-07, 2.65857778459e-07],
        "dmean2": [0.00217952742241, 0.000924481777474, 0.000361324870028, 0.000657378288452, 0.000237478321651, 0.000225559691899, 0.000204805139219, 0.000193567102542, 0.000199613830773, 0.000191672079382, 0.000194199994439, 4.77088979096e-05, 3.90698514821e-05, 6.75288247294e-05, 5.49672622583e-05, 3.31536539306e-05, 7.05060519977e-05, 6.04331253271e-05, 5.60530788789e-05, 4.92555336677e-05, 8.89328366611e-05, 6.9923888077e-05, 4.40423755208e-05, 3.85211824323e-05, 3.1099854823e-05, 2.11106525967e-05, 2.20015772356e-05, 2.0238396246e-05, 1.60471681738e-05, 1.19241249195e-05, 9.64049104368e-06, 1.01750465547e-05, 1.20849144878e-05, 5.365754987e-06, 3.49364950125e-06, 3.1243828289e-06, 1.91302387975e-06, 1.20013669402e-06, 6.92342496222e-07, 4.14253719327e-07],
        "dvar": [7.17853845345e-06, 1.1330982943e-06, 7.30016864736e-08, 5.37919731869e-07, 3.37097141312e-08, 4.61784743777e-08, 5.45461631418e-08, 3.28617879575e-08, 4.30418722885e-08, 4.62468072726e-08, 5.40028217699e-08, 3.64571861589e-09, 2.5027617756e-09, 9.81513004206e-09, 6.42943431828e-09, 2.37955166682e-09, 9.08815867007e-09, 6.40002184582e-09, 5.94596860637e-09, 3.48173112563e-09, 3.52691520433e-09, 1.89009075058e-09, 7.63632990175e-10, 7.13065995139e-10, 3.42741252046e-10, 2.17730666829e-10, 3.22852383716e-10, 3.5110042651e-10, 2.24028531837e-10, 1.79051176663e-10, 7.25441512417e-11, 1.04974869075e-10, 2.49292697596e-10, 2.77292390438e-11, 1.11657141866e-11, 1.2675859494e-11, 4.92004440661e-12, 1.84378337251e-12, 4.78958181709e-13, 1.56871992609e-13],
        "dvar2": [1.71857918758e-05, 3.08656035486e-06, 1.81235549235e-07, 1.43354634474e-06, 8.55499138197e-08, 1.11717355367e-07, 1.31377774437e-07, 8.4377440146e-08, 1.11809477232e-07, 1.06871191008e-07, 1.34275083497e-07, 9.73053282394e-09, 5.55362200672e-09, 2.56235050955e-08, 1.46899399311e-08, 5.83226222872e-09, 2.10986552673e-08, 1.4757516098e-08, 1.44150993364e-08, 7.2478880675e-09, 8.89439277785e-09, 4.94100049764e-09, 2.00370608994e-09, 1.80098247426e-09, 8.91694384997e-10, 5.80116066295e-10, 8.13973888292e-10, 9.04376962207e-10, 5.15460507611e-10, 3.7241992823e-10, 1.58104668246e-10, 2.26573843021e-10, 6.13663564408e-10, 6.37494571021e-11, 2.67614142652e-11, 2.9927848394e-11, 1.09220124264e-11, 3.86042760259e-12, 9.92833202804e-13, 3.41559191954e-13],
        "max": [0.0319038070738, 0.0107920877635, 0.00414676778018, 0.00607178546488, 0.00190547399689, 0.00284279324114, 0.00273204268888, 0.00160498311743, 0.00279936403967, 0.00317512126639, 0.0023217566777, 0.000762618030421, 0.000769743870478, 0.00176877737977, 0.00152965949383, 0.000623274245299, 0.00145102443639, 0.000993601628579, 0.0011898848461, 0.00101693579927, 0.000812108570244, 0.000679088756442, 0.000338689569617, 0.000293125602184, 0.00020649661019, 0.000227832933888, 0.000248531927355, 0.000279218482319, 0.000187468438526, 0.000271651719231, 0.00011772292055, 0.000155571309733, 0.000267404684564, 7.6040319982e-05, 4.31263215432e-05, 5.80208725296e-05, 3.21899678966e-05, 2.25140338443e-05, 1.06551342469e-05, 4.89146441396e-06],
        "mean": [0.00195388449356, 0.000896888668649, 0.000409173488151, 0.000414100562921, 0.000239221437369, 0.000215656109503, 0.000188403093489, 0.000155552770593, 0.00020652951207, 0.000180623319466, 0.000171985171619, 3.84650484193e-05, 3.0714818422e-05, 5.33083621121e-05, 4.2879339162e-05, 2.91605701932e-05, 6.84517872287e-05, 5.81539643463e-05, 6.12741423538e-05, 5.70634219912e-05, 0.000109134227387, 9.06100249267e-05, 5.89475421293e-05, 4.99125271745e-05, 3.94218150177e-05, 2.66458828264e-05, 2.6789637559e-05, 2.336243233e-05, 1.96457203856e-05, 1.46859729284e-05, 1.23052386698e-05, 1.21801258501e-05, 1.35387335831e-05, 6.3255920395e-06, 3.66490712622e-06, 3.33272691933e-06, 2.1471778382e-06, 1.34433366838e-06, 8.27071062304e-07, 4.93434583859e-07],
        "median": [0.000828596705105, 0.000628487323411, 0.000291226577247, 0.000189888771274, 0.000159716626513, 0.000128880798002, 0.000104663857201, 7.65633230912e-05, 7.81467751949e-05, 0.000100935729279, 5.06927244714e-05, 1.87575678865e-05, 1.22127521536e-05, 2.30920431932e-05, 1.92341158254e-05, 1.22741657833e-05, 2.71164171863e-05, 2.91044325422e-05, 2.60831111518e-05, 3.32296694978e-05, 9.18081059353e-05, 7.77815293986e-05, 4.97070395795e-05, 3.97771436838e-05, 3.41298473359e-05, 2.2446107323e-05, 2.03227737074e-05, 1.67573780345e-05, 1.29595900944e-05, 8.20373952592e-06, 8.42128156364e-06, 6.43195880912e-06, 5.88184002481e-06, 3.26041481458e-06, 2.03899730877e-06, 1.76795333573e-06, 1.20256822811e-06, 7.67154801906e-07, 5.12382541729e-07, 2.93990723321e-07],
        "min": [1.54183562699e-05, 6.70460394758e-06, 1.2882072042e-05, 2.31603326029e-06, 5.64763558941e-06, 7.06031278241e-06, 4.57800433651e-06, 2.79108826362e-06, 2.30317687056e-06, 2.82028759102e-06, 2.51072219726e-06, 7.60616103435e-07, 4.73724497851e-07, 6.70677309245e-07, 1.45792523654e-06, 7.89627506492e-07, 1.26053691929e-06, 1.27598218569e-06, 1.54009467224e-06, 2.01070542971e-06, 3.54817916559e-06, 5.06606829731e-06, 3.24328038914e-06, 2.86430986307e-06, 1.62776734669e-06, 8.85856252353e-07, 3.02938656205e-06, 4.78856975406e-07, 6.13111126313e-07, 3.9446101141e-07, 3.29380299036e-07, 1.30507828544e-07, 7.39449745879e-08, 8.24075669925e-08, 3.61883039091e-08, 6.92384602985e-08, 5.77057370776e-08, 1.21854570878e-08, 4.05080236021e-09, 5.44183482998e-11],
