{
"highlevel": {
    "danceability": {
        "all": {
            "danceable": 0.0805494114757,
            "not_danceable": 0.919450581074
        },
        "probability": 0.919450581074,
        "value": "not_danceable"
    },
    "gender": {
        "all": {
            "female": 0.599745869637,
            "male": 0.400254160166
        },
        "probability": 0.599745869637,
        "value": "female"
    },
    "genre_dortmund": {
        "all": {
            "alternative": 0.0193586591631,
            "blues": 0.0184327997267,
            "electronic": 0.567337810993,
            "folkcountry": 0.050661355257,
            "funksoulrnb": 0.00633532973006,
            "jazz": 0.282679021358,
            "pop": 0.00963061209768,
            "raphiphop": 0.0180185269564,
            "rock": 0.0275458618999
        },
        "probability": 0.567337810993,
        "value": "electronic"
    },
    "genre_electronic": {
        "all": {
            "ambient": 0.32392719388,
            "dnb": 0.007030823268,
            "house": 0.619398534298,
            "techno": 0.0442331805825,
            "trance": 0.00541026517749
        },
        "probability": 0.619398534298,
        "value": "house"
    },
    "genre_rosamerica": {
        "all": {
            "cla": 0.365849375725,
            "dan": 0.00378060573712,
            "hip": 0.0274935681373,
            "jaz": 0.204444035888,
            "pop": 0.0122841121629,
            "rhy": 0.335943192244,
            "roc": 0.00603988440707,
            "spe": 0.0441652275622
        },
        "probability": 0.365849375725,
        "value": "cla"
    },
    "genre_tzanetakis": {
        "all": {
            "blu": 0.830083608627,
            "cla": 0.0378254503012,
            "cou": 0.0244925189763,
            "dis": 0.011208425276,
            "hip": 0.0159370303154,
            "jaz": 0.0101118944585,
            "met": 0.0213841572404,
            "pop": 0.00751672545448,
            "reg": 0.0202569607645,
            "roc": 0.0211832150817
        },
        "probability": 0.830083608627,
        "value": "blu"
    },
    "ismir04_rhythm": {
        "all": {
            "ChaChaCha": 0.0345376431942,
            "Jive": 0.0226247906685,
            "Quickstep": 0.0296747814864,
            "Rumba-American": 0.0363308042288,
            "Rumba-International": 0.357504099607,
            "Rumba-Misc": 0.109491817653,
            "Samba": 0.0292707271874,
            "Tango": 0.0263181254268,
            "VienneseWaltz": 0.0943151861429,
            "Waltz": 0.259932011366
        },
        "probability": 0.357504099607,
        "value": "Rumba-International"
    },
    "mood_acoustic": {
        "all": {
            "acoustic": 0.436249017715,
            "not_acoustic": 0.563750982285
        },
        "probability": 0.563750982285,
        "value": "not_acoustic"
    },
    "mood_aggressive": {
        "all": {
            "aggressive": 0.107593730092,
            "not_aggressive": 0.892406284809
        },
        "probability": 0.892406284809,
        "value": "not_aggressive"
    },
    "mood_electronic": {
        "all": {
            "electronic": 0.902178347111,
            "not_electronic": 0.0978216603398
        },
        "probability": 0.902178347111,
        "value": "electronic"
    },
    "mood_happy": {
        "all": {
            "happy": 0.00438799941912,
            "not_happy": 0.995612025261
        },
        "probability": 0.995612025261,
        "value": "not_happy"
    },
    "mood_party": {
        "all": {
            "not_party": 0.992537081242,
            "party": 0.00746293878183
        },
        "probability": 0.992537081242,
        "value": "not_party"
    },
    "mood_relaxed": {
        "all": {
            "not_relaxed": 0.00590452877805,
            "relaxed": 0.994095444679
        },
        "probability": 0.994095444679,
        "value": "relaxed"
    },
    "mood_sad": {
        "all": {
            "not_sad": 0.619472265244,
            "sad": 0.380527734756
        },
        "probability": 0.619472265244,
        "value": "not_sad"
    },
    "moods_mirex": {
        "all": {
            "Cluster1": 0.115684524179,
            "Cluster2": 0.0534580796957,
            "Cluster3": 0.765844285488,
            "Cluster4": 0.041006591171,
            "Cluster5": 0.0240065269172
        },
        "probability": 0.765844285488,
        "value": "Cluster3"
    },
    "timbre": {
        "all": {
            "bright": 0.110330566764,
            "dark": 0.889669418335
        },
        "probability": 0.889669418335,
        "value": "dark"
    },
    "tonal_atonal": {
        "all": {
            "atonal": 0.0633330047131,
            "tonal": 0.936667025089
        },
        "probability": 0.936667025089,
        "value": "tonal"
    },
    "voice_instrumental": {
        "all": {
            "instrumental": 1,
            "voice": 2.06421013615e-08
        },
        "probability": 1,
        "value": "instrumental"
    }
},
"lowlevel": {
    "average_loudness": 0.960465371609,
    "barkbands_crest": {
        "dmean": 2.02828121185,
        "dmean2": 3.28534150124,
        "dvar": 5.63161659241,
        "dvar2": 15.1234102249,
        "max": 23.0322093964,
        "mean": 12.3300886154,
        "median": 11.7791957855,
        "min": 4.1616601944,
        "var": 10.638879776
    },
    "barkbands_flatness_db": {
        "dmean": 0.0411445759237,
        "dmean2": 0.0598252341151,
        "dvar": 0.0012556106085,
        "dvar2": 0.00239149271511,
        "max": 0.655457675457,
        "mean": 0.440719485283,
        "median": 0.478486359119,
        "min": 0.156869262457,
        "var": 0.0110874194652
    },
    "barkbands_kurtosis": {
        "dmean": 7.72801733017,
        "dmean2": 12.094537735,
        "dvar": 179.471298218,
        "dvar2": 395.406860352,
        "max": 165.849075317,
        "mean": 12.093580246,
        "median": 6.33471012115,
        "min": -1.57412600517,
        "var": 295.261688232
    },
    "barkbands_skewness": {
        "dmean": 0.715256929398,
        "dmean2": 1.11407887936,
        "dvar": 0.878322660923,
        "dvar2": 1.96278429031,
        "max": 9.61606788635,
        "mean": 1.65899980068,
        "median": 1.22189426422,
        "min": -0.309070616961,
        "var": 1.99108088017
    },
    "barkbands_spread": {
        "dmean": 1.35466659069,
        "dmean2": 1.96508920193,
        "dvar": 11.4497747421,
        "dvar2": 24.2642459869,
        "max": 58.1673698425,
        "mean": 3.42405176163,
        "median": 1.29323840141,
        "min": 0.394947201014,
        "var": 30.6839294434
    },
    "dissonance": {
        "dmean": 0.0372500531375,
        "dmean2": 0.0599981732666,
        "dvar": 0.00130585907027,
        "dvar2": 0.00334194814786,
        "max": 0.499924272299,
        "mean": 0.402053356171,
        "median": 0.411553651094,
        "min": 0.176795125008,
        "var": 0.00427331449464
    },
    "dynamic_complexity": 5.8572716713,
    "erbbands_crest": {
        "dmean": 2.21723413467,
        "dmean2": 3.56637573242,
        "dvar": 5.13000535965,
        "dvar2": 12.884390831,
        "max": 25.80418396,
        "mean": 12.9290246964,
        "median": 12.6126241684,
        "min": 3.76659941673,
        "var": 15.5597248077
    },
    "erbbands_flatness_db": {
        "dmean": 0.0243716593832,
        "dmean2": 0.0347222052515,
        "dvar": 0.000633433519397,
        "dvar2": 0.00119286822155,
        "max": 0.463887035847,
        "mean": 0.349355906248,
        "median": 0.369425475597,
        "min": 0.137135833502,
        "var": 0.00410288618878
    },
    "erbbands_kurtosis": {
        "dmean": 4.24972629547,
        "dmean2": 6.47435951233,
        "dvar": 43.7268333435,
        "dvar2": 88.2743759155,
        "max": 86.7985534668,
        "mean": 10.2378826141,
        "median": 9.48129367828,
        "min": -1.66065788269,
        "var": 100.783752441
    },
    "erbbands_skewness": {
        "dmean": 0.573942542076,
        "dmean2": 0.846302807331,
        "dvar": 0.371070891619,
        "dvar2": 0.667783856392,
        "max": 7.00663280487,
        "mean": 1.9627777338,
        "median": 1.93509280682,
        "min": -1.96256899834,
        "var": 1.53052103519
    },
    "erbbands_spread": {
        "dmean": 5.09578227997,
        "dmean2": 7.89403486252,
        "dvar": 76.6959457397,
        "dvar2": 175.312133789,
        "max": 106.550010681,
        "mean": 14.2727518082,
        "median": 5.66445541382,
        "min": 1.51314246655,
        "var": 254.413040161
    },
    "hfc": {
        "dmean": 3.76496362686,
        "dmean2": 5.75133943558,
        "dvar": 123.058174133,
        "dvar2": 297.287445068,
        "max": 86.2192077637,
        "mean": 5.93123483658,
        "median": 3.12017607689,
        "min": 0.00292127602734,
        "var": 116.353271484
    },
    "melbands_crest": {
        "dmean": 2.51600122452,
        "dmean2": 4.07589435577,
        "dvar": 9.11899280548,
        "dvar2": 23.2389545441,
        "max": 37.2086181641,
        "mean": 18.5234928131,
        "median": 18.1156425476,
        "min": 5.58291769028,
        "var": 20.7547893524
    },
    "melbands_flatness_db": {
        "dmean": 0.0489256344736,
        "dmean2": 0.0677443444729,
        "dvar": 0.00183245621156,
        "dvar2": 0.00323372636922,
        "max": 0.823043644428,
        "mean": 0.570079743862,
        "median": 0.617076456547,
        "min": 0.221607521176,
        "var": 0.0155164385214
    },
    "melbands_kurtosis": {
        "dmean": 13.4242563248,
        "dmean2": 20.5554409027,
        "dvar": 924.571472168,
        "dvar2": 1926.03967285,
        "max": 522.754272461,
        "mean": 20.8271522522,
        "median": 9.4876537323,
        "min": -0.0381844043732,
        "var": 1445.66259766
    },
    "melbands_skewness": {
        "dmean": 0.819221019745,
        "dmean2": 1.25700473785,
        "dvar": 1.53681540489,
        "dvar2": 3.16379213333,
        "max": 18.1631584167,
        "mean": 2.28828930855,
        "median": 1.70177733898,
        "min": 0.101245254278,
        "var": 3.4173886776
    },
    "melbands_spread": {
        "dmean": 1.43743658066,
        "dmean2": 2.14551067352,
        "dvar": 14.9248981476,
        "dvar2": 33.0886383057,
        "max": 48.5391540527,
        "mean": 3.35105085373,
        "median": 1.35776388645,
        "min": 0.26990583539,
        "var": 31.5584964752
    },
    "pitch_salience": {
        "dmean": 0.0612456128001,
        "dmean2": 0.0993560254574,
        "dvar": 0.00446241116151,
        "dvar2": 0.0115581788123,
        "max": 0.851513981819,
        "mean": 0.522028028965,
        "median": 0.527513861656,
        "min": 0.0886966958642,
        "var": 0.0090852631256
    },
    "silence_rate_20dB": {
        "dmean": 0.0030959751457,
        "dmean2": 0.00619674660265,
        "dvar": 0.00308634690009,
        "dvar2": 0.00925653986633,
        "max": 1,
        "mean": 0.998453199863,
        "median": 1,
        "min": 0,
        "var": 0.0015443903394
    },
    "silence_rate_30dB": {
        "dmean": 0.0580495372415,
        "dmean2": 0.116189002991,
        "dvar": 0.0546795874834,
        "dvar2": 0.110434345901,
        "max": 1,
        "mean": 0.925754070282,
        "median": 1,
        "min": 0,
        "var": 0.0687342062593
    },
    "silence_rate_60dB": {
        "dmean": 0.0325077399611,
        "dmean2": 0.0650658383965,
        "dvar": 0.0314509160817,
        "dvar2": 0.0654803365469,
        "max": 1,
        "mean": 0.184841454029,
        "median": 0,
        "min": 0,
        "var": 0.150674670935
    },
    "spectral_centroid": {
        "dmean": 76.7949752808,
        "dmean2": 105.796936035,
        "dvar": 29851.9316406,
        "dvar2": 58306.5859375,
        "max": 3262.19921875,
        "mean": 327.849853516,
        "median": 205.650115967,
        "min": 117.160339355,
        "var": 100855.453125
    },
    "spectral_complexity": {
        "dmean": 1.516253829,
        "dmean2": 2.35476374626,
        "dvar": 19.5344200134,
        "dvar2": 29.9887104034,
        "max": 40,
        "mean": 4.74787330627,
        "median": 4,
        "min": 0,
        "var": 32.8952789307
    },
    "spectral_decrease": {
        "dmean": 4.5774877222e-09,
        "dmean2": 6.44584385867e-09,
        "dvar": 1.3811830411e-16,
        "dvar2": 2.69798522546e-16,
        "max": -1.19686183707e-12,
        "mean": -8.78385097991e-09,
        "median": -5.08395592291e-09,
        "min": -1.00977359807e-07,
        "var": 1.94105514327e-16
    },
    "spectral_energy": {
        "dmean": 0.0176095440984,
        "dmean2": 0.0248290132731,
        "dvar": 0.00202541332692,
        "dvar2": 0.00397330801934,
        "max": 0.385212063789,
        "mean": 0.03369025141,
        "median": 0.0194577481598,
        "min": 4.82070299768e-06,
        "var": 0.00283411727287
    },
    "spectral_energyband_high": {
        "dmean": 3.67256461686e-06,
        "dmean2": 5.95197252551e-06,
        "dvar": 1.05002555262e-10,
        "dvar2": 2.35777536384e-10,
        "max": 0.000106200073787,
        "mean": 3.07198160954e-06,
        "median": 6.47174829282e-08,
        "min": 4.73435601833e-09,
        "var": 1.09665186654e-10
    },
    "spectral_energyband_low": {
        "dmean": 0.0135329868644,
        "dmean2": 0.0190281737596,
        "dvar": 0.00154171790928,
        "dvar2": 0.00290961982682,
        "max": 0.338918477297,
        "mean": 0.0241077560931,
        "median": 0.0137875191867,
        "min": 3.88316863109e-07,
        "var": 0.0021587649826
    },
    "spectral_energyband_middle_high": {
        "dmean": 0.000966653286014,
        "dmean2": 0.00147537025623,
        "dvar": 2.12820250454e-05,
        "dvar2": 4.95548774779e-05,
        "max": 0.0369939096272,
        "mean": 0.00077725155279,
        "median": 8.19235083327e-06,
        "min": 8.63321929501e-07,
        "var": 1.90826885955e-05
    },
    "spectral_energyband_middle_low": {
        "dmean": 0.00770239206031,
        "dmean2": 0.0126736545935,
        "dvar": 0.000412306864746,
        "dvar2": 0.00102529569995,
        "max": 0.163807421923,
        "mean": 0.0162382386625,
        "median": 0.00910447631031,
        "min": 1.84322050245e-06,
        "var": 0.000451662519481
    },
    "spectral_entropy": {
        "dmean": 0.258998632431,
        "dmean2": 0.338066011667,
        "dvar": 0.11171220243,
        "dvar2": 0.180465787649,
        "max": 7.82926368713,
        "mean": 5.45889425278,
        "median": 4.97285461426,
        "min": 4.02390527725,
        "var": 0.926348567009
    },
    "spectral_flux": {
        "dmean": 0.0333854556084,
        "dmean2": 0.04873515293,
        "dvar": 0.00439712777734,
        "dvar2": 0.00857379846275,
        "max": 0.556298732758,
        "mean": 0.0600054636598,
        "median": 0.0218150708824,
        "min": 0.0010759428842,
        "var": 0.00888151209801
    },
    "spectral_kurtosis": {
        "dmean": 34.4805526733,
        "dmean2": 53.5935325623,
        "dvar": 1368.66027832,
        "dvar2": 3038.94140625,
        "max": 341.780395508,
        "mean": 84.310218811,
        "median": 69.713104248,
        "min": -1.02621293068,
        "var": 5168.28417969
    },
    "spectral_rms": {
        "dmean": 0.00103817100171,
        "dmean2": 0.00139983848203,
        "dvar": 4.952954896e-06,
        "dvar2": 8.85788813321e-06,
        "max": 0.019385991618,
        "mean": 0.00462526082993,
        "median": 0.00435696775094,
        "min": 6.85793347657e-05,
        "var": 1.14755212053e-05
    },
    "spectral_rolloff": {
        "dmean": 81.5658798218,
        "dmean2": 139.423233032,
        "dvar": 79848.1875,
        "dvar2": 207033.09375,
        "max": 3919.04296875,
        "mean": 294.8878479,
        "median": 236.865234375,
        "min": 43.06640625,
        "var": 85794.078125
    },
    "spectral_skewness": {
        "dmean": 1.77222132683,
        "dmean2": 2.76599001884,
        "dvar": 2.85197472572,
        "dvar2": 6.21058225632,
        "max": 14.1392803192,
        "mean": 6.10414361954,
        "median": 6.00263881683,
        "min": -0.239317417145,
        "var": 13.8128175735
    },
    "spectral_spread": {
        "dmean": 547742.9375,
        "dmean2": 895011.375,
        "dvar": 965711298560,
        "dvar2": 1.9929375703e+12,
        "max": 24679714,
        "mean": 1446377.5,
        "median": 1252279.875,
        "min": 292220.15625,
        "var": 1.167458304e+12
    },
    "spectral_strongpeak": {
        "dmean": 0.128992974758,
        "dmean2": 0.209323853254,
        "dvar": 0.0546412616968,
        "dvar2": 0.134104609489,
        "max": 2.47894358635,
        "mean": 0.500003814697,
        "median": 0.442766845226,
        "min": 0.00202068244107,
        "var": 0.14705696702
    },
    "zerocrossingrate": {
        "dmean": 0.00266249338165,
        "dmean2": 0.00338165974244,
        "dvar": 2.06302793231e-05,
        "dvar2": 3.01457857859e-05,
        "max": 0.0673828125,
        "mean": 0.0112387770787,
        "median": 0.00830078125,
        "min": 0.00146484375,
        "var": 7.81327617005e-05
    },
    "barkbands": {
        "dmean": [0.000696253729984, 0.00759517680854, 0.00442004343495, 0.00603707646951, 0.00116798258387, 0.000550631608348, 0.000215943960939, 0.000396486371756, 0.000189809841686, 0.000193464482436, 0.000301022315398, 3.27607049257e-05, 3.08917551592e-05, 0.000136922346428, 5.02246621181e-05, 7.07075741957e-05, 0.000101557016023, 3.6853380152e-05, 2.99389957945e-05, 4.07759534937e-06, 1.45558772147e-06, 7.23298285266e-07, 1.58480972345e-07, 2.01073966366e-08, 9.20328346865e-09, 5.15002307466e-09, 1.40174816199e-09],
        "dmean2": [0.000847243703902, 0.0117035228759, 0.00792792532593, 0.00990257039666, 0.00198919302784, 0.000908898189664, 0.000355086143827, 0.000740395102184, 0.000313824450132, 0.000347258901456, 0.000497832836118, 5.29170829395e-05, 4.79260852444e-05, 0.000225292576943, 7.92479040683e-05, 0.000119677330076, 0.000157803267939, 5.70640368096e-05, 4.79316004203e-05, 6.25078473604e-06, 2.35478046307e-06, 1.28957151446e-06, 2.76250460729e-07, 3.76569389005e-08, 1.72285901101e-08, 9.50374534625e-09, 2.44337106103e-09],
        "dvar": [4.22180892201e-06, 0.000626849650871, 0.000204872514587, 0.000307267153403, 6.37894254396e-06, 9.95360210254e-07, 6.96655888532e-07, 4.54097062175e-06, 8.35288744838e-07, 9.89178033706e-07, 2.24023688133e-06, 2.38123476493e-08, 2.06193746521e-08, 4.57959316691e-07, 5.96844316192e-08, 1.23211833625e-07, 2.38405689856e-07, 3.06386134241e-08, 1.99848066984e-08, 2.15152257121e-10, 1.61479111332e-11, 3.5321608919e-12, 1.68212178128e-13, 1.54121066766e-14, 2.9605664979e-15, 7.92228962655e-16, 1.36788111658e-17],
        "dvar2": [7.14406587576e-06, 0.00120441347826, 0.000610476417933, 0.00077318388503, 1.7673446564e-05, 2.28394651458e-06, 1.39074779781e-06, 1.29641830426e-05, 2.15354407374e-06, 1.94050767277e-06, 5.71438340558e-06, 5.11686018001e-08, 4.52014816688e-08, 1.20202957987e-06, 1.32303966893e-07, 3.323272324e-07, 5.90880574691e-07, 6.91979735734e-08, 4.99045640368e-08, 4.38985209295e-10, 3.81908567271e-11, 9.48015017183e-12, 4.43671602278e-13, 4.52712513473e-14, 8.20923580172e-15, 2.16510832802e-15, 2.42060625435e-17],
        "max": [0.0212156400084, 0.218055471778, 0.140374600887, 0.149178564548, 0.0311532020569, 0.0119048403576, 0.00813360605389, 0.0180317424238, 0.00739539973438, 0.0072186011821, 0.0119673423469, 0.00141179817729, 0.0013530961005, 0.00639577303082, 0.00237649050541, 0.00290791131556, 0.00437718909234, 0.00156134471763, 0.00112559087574, 0.000138858478749, 4.40489857283e-05, 1.500963117e-05, 3.25099949805e-06, 1.70050759607e-06, 5.64423942251e-07, 3.81052871035e-07, 7.72503270241e-08],
        "mean": [0.000811279576737, 0.00851262360811, 0.00735067250207, 0.0106074791402, 0.00393564207479, 0.000973423593678, 0.000300946907373, 0.000275741884252, 0.000139477560879, 0.000180324583198, 0.000206240743864, 3.00152169075e-05, 2.71666667686e-05, 0.00010134364129, 4.55788976979e-05, 5.10601421411e-05, 8.12856451375e-05, 3.17438862112e-05, 2.25975636567e-05, 3.89158731195e-06, 1.17910803965e-06, 4.62511849264e-07, 1.05439028175e-07, 1.19492780115e-08, 5.59396129418e-09, 3.3090237217e-09, 1.20488574673e-09],
        "median": [3.14441285809e-06, 0.00184892234392, 0.00407961709425, 0.00466527463868, 0.00344570120797, 0.000443588243797, 8.37444895296e-05, 1.10551918624e-05, 9.43654686125e-06, 5.6907367707e-07, 1.27992166199e-06, 5.56157033316e-07, 5.03719888911e-07, 8.09061987184e-07, 1.38196071475e-06, 6.90400440817e-07, 6.46969340323e-07, 2.89192286118e-07, 1.86279294212e-07, 8.13815219658e-08, 2.1859396071e-08, 2.56371368579e-09, 7.09538650057e-10, 4.67040017771e-10, 2.88046086983e-10, 2.22100546288e-10, 2.30422861347e-10],
        "min": [5.60735369248e-09, 2.5132447945e-07, 2.90926820412e-08, 3.18431752078e-08, 8.74174332921e-08, 6.76049580761e-07, 7.88409906249e-08, 1.0603246281e-08, 8.5678477646e-09, 5.37507727216e-09, 5.96132831987e-09, 1.21093259864e-08, 2.60372896577e-08, 1.98378593552e-08, 4.29600390817e-08, 1.00458223073e-07, 4.37357989824e-08, 4.29092743559e-08, 1.7325133328e-08, 1.20268008885e-08, 2.02094363466e-09, 1.15426460057e-10, 3.70435930194e-12, 3.2686177983e-12, 4.74169228187e-12, 6.54198830524e-12, 1.16531003597e-11],
        "var": [7.02384750184e-06, 0.000739539333154, 0.000154704772285, 0.00029666145565, 1.35230429805e-05, 1.729755013e-06, 8.02158183433e-07, 2.60059482571e-06, 6.14847749603e-07, 1.00969839423e-06, 1.65619678683e-06, 2.40142057351e-08, 2.07405168595e-08, 3.52855323626e-07, 5.654142754e-08, 9.01461234548e-08, 2.06907074585e-07, 2.95270776718e-08, 1.63871050063e-08, 2.60826499288e-10, 1.59230319902e-11, 2.38523502165e-12, 1.17889164685e-13, 8.16015955979e-15, 1.68414936216e-15, 4.63003826139e-16, 1.37402814387e-17]
    },
    "erbbands": {
        "dmean": [0.318967789412, 1.48198342323, 4.06029605865, 15.1939687729, 8.63691139221, 3.76488471031, 5.41752004623, 4.34057998657, 3.58903050423, 7.35486316681, 5.67378044128, 4.73315525055, 2.83055663109, 14.6702365875, 6.93911170959, 1.74867212772, 1.40432858467, 5.23984718323, 4.82788181305, 2.45157456398, 6.41588640213, 3.71260452271, 1.92254161835, 1.97664475441, 0.802668809891, 0.218521654606, 0.0754813477397, 0.0431896410882, 0.0363407470286, 0.00988954864442, 0.0032667494379, 0.000667757994961, 0.000258408748778, 0.000121130513435, 6.69511282467e-05, 3.5042547097e-05, 1.23771242215e-05, 1.78021025476e-06, 8.04990577308e-06, 1.93057439901e-05],
        "dmean2": [0.491139084101, 2.1965508461, 7.15403747559, 25.36028862, 13.9160776138, 6.48298835754, 8.58160591125, 7.43806648254, 5.68886137009, 13.0935230255, 10.3607549667, 7.65858745575, 4.60781812668, 23.8210716248, 11.4620323181, 2.87208366394, 2.1949160099, 8.23199176788, 7.58558511734, 3.67502784729, 10.6926221848, 5.60993242264, 2.99271583557, 3.04078435898, 1.28176045418, 0.330197423697, 0.118945002556, 0.0714184492826, 0.064735211432, 0.0174662619829, 0.00569311110303, 0.00122488918714, 0.000484854739625, 0.000222437141929, 0.00011980994168, 6.16437610006e-05, 2.04425123229e-05, 2.92876597996e-06, 1.13770929602e-05, 2.72611578112e-05],
        "dvar": [1.20111703873, 21.5767440796, 161.812454224, 2162.23266602, 453.036621094, 58.2210350037, 82.7319641113, 79.7677688599, 153.915771484, 1415.73339844, 895.603515625, 508.576080322, 181.954238892, 5280.56054688, 1179.09484863, 73.4203338623, 42.7120933533, 628.618591309, 539.643737793, 137.064849854, 1012.74102783, 308.617248535, 84.3128128052, 86.3176193237, 13.3071498871, 0.612473964691, 0.0519869290292, 0.0130781019107, 0.00860931351781, 0.000675413990393, 8.78650753293e-05, 1.16282926683e-05, 2.82106998384e-06, 5.04704303239e-07, 1.25927087424e-07, 3.16028661018e-08, 2.33658403737e-09, 3.65359686949e-11, 4.09568406967e-10, 2.40596764733e-09],
        "dvar2": [2.46840047836, 45.0683441162, 478.990661621, 5486.60888672, 1131.33459473, 161.862976074, 198.524490356, 193.021057129, 350.264465332, 3880.65966797, 2527.52636719, 1284.3536377, 440.239105225, 11226.859375, 2976.27758789, 184.478775024, 98.6739959717, 1579.70056152, 1337.20629883, 312.970672607, 2675.67016602, 733.739990234, 190.259628296, 208.972473145, 33.2384567261, 1.39067029953, 0.108840845525, 0.0311675835401, 0.0230883155018, 0.00181175256148, 0.000236624997342, 3.38883291988e-05, 8.27473832032e-06, 1.43227669014e-06, 3.39714119946e-07, 8.87861233423e-08, 6.20020212949e-09, 7.40910111041e-11, 8.09638578403e-10, 4.74454919797e-09],
        "max": [9.98236083984, 40.2477645874, 121.44594574, 392.65423584, 190.303970337, 105.648246765, 91.7765731812, 83.4298019409, 144.876953125, 333.081085205, 273.615722656, 194.690139771, 112.655990601, 594.891906738, 260.440612793, 71.86277771, 58.0758361816, 239.477752686, 196.14730835, 115.830207825, 274.842681885, 147.770507812, 86.3763198853, 79.1669082642, 30.1124649048, 7.66268396378, 2.39207172394, 1.23378586769, 0.633399784565, 0.219022408128, 0.0863455459476, 0.0469006113708, 0.0213902629912, 0.00953579694033, 0.00425271922722, 0.00252649467438, 0.000583265384194, 0.000104769824247, 0.000171416948433, 0.000417496892624],
        "mean": [0.320289105177, 1.65066385269, 6.24404382706, 28.9094638824, 16.7735538483, 12.0777282715, 15.6521749496, 8.29790496826, 5.17057991028, 5.24943065643, 4.29476499557, 3.64043211937, 2.17164206505, 12.3154535294, 4.91954088211, 1.36792266369, 1.19144511223, 4.13464069366, 3.81199240685, 2.1273958683, 4.63284254074, 3.18190908432, 1.67499768734, 1.55326867104, 0.635897278786, 0.1933247298, 0.0682450756431, 0.0334211178124, 0.0232961252332, 0.00641405209899, 0.00216303998604, 0.000418380222982, 0.000163490170962, 8.61587104737e-05, 5.33639322384e-05, 3.18065358442e-05, 1.44099576573e-05, 1.97718645722e-06, 1.53098717419e-05, 3.67727916455e-05],
        "median": [0.029760889709, 0.524171233177, 3.52090191841, 17.8086795807, 7.52466726303, 9.99404716492, 6.00883245468, 3.73424005508, 2.2050485611, 0.446700245142, 0.177057236433, 0.304564148188, 0.0879054367542, 0.0319107025862, 0.0495349355042, 0.0231458190829, 0.0228663906455, 0.0410358570516, 0.0801322981715, 0.0518645383418, 0.0366223752499, 0.037775054574, 0.0184107515961, 0.0112295029685, 0.00736721325666, 0.00394383538514, 0.00151916709729, 0.00050377228763, 0.000127229985083, 4.21255645051e-05, 2.99112562061e-05, 2.20092715608e-05, 1.91810486285e-05, 1.56745009008e-05, 1.26680242829e-05, 9.94632227957e-06, 6.00198154643e-06, 7.26951839169e-07, 8.77660932019e-06, 2.11602582567e-05],
        "min": [9.2456011771e-06, 5.0423630455e-05, 6.21489161858e-05, 0.000109301705379, 0.00035402586218, 0.000131427746965, 0.00128582748584, 0.00692671723664, 0.00317254196852, 0.000895739241969, 0.000287101691356, 0.000198142253794, 0.000272399483947, 0.000208012774237, 0.00043367643957, 0.000807131407782, 0.00127144472208, 0.00213664467447, 0.00420710118487, 0.00575792510062, 0.00456564500928, 0.00337629113346, 0.00256178970449, 0.00139835593291, 0.000957588665187, 0.000510974903591, 0.000138952193083, 3.7839570723e-05, 8.80406150827e-06, 9.90699504655e-07, 2.16375056539e-07, 9.62891206768e-08, 7.25796240886e-08, 6.63179022808e-08, 4.73539216728e-08, 3.09928935849e-08, 1.75390937329e-08, 7.46217665437e-09, 4.0053325101e-09, 5.82116399528e-09],
        "var": [1.31827533245, 23.8586444855, 132.020385742, 1952.765625, 536.368713379, 122.089782715, 365.518280029, 135.548995972, 159.441925049, 906.909484863, 533.498840332, 389.940856934, 147.764846802, 5024.125, 890.090515137, 58.9795188904, 40.3285446167, 535.957275391, 446.123657227, 129.808227539, 760.345703125, 291.444061279, 81.5070877075, 75.1690597534, 11.423951149, 0.65413248539, 0.0609714910388, 0.0121615342796, 0.00584863405675, 0.000457405898487, 5.88514558331e-05, 6.32625096841e-06, 1.49500874613e-06, 2.81803551161e-07, 7.55326752255e-08, 1.8367547483e-08, 1.58877133671e-09, 3.22742908787e-11, 5.71237335212e-10, 3.34836203209e-09]
    },
    "gfcc": {
        "mean": [-266.274414062, 235.941177368, -65.941078186, 30.7218322754, 5.57275772095, -41.2529449463, -22.7417201996, -18.4441356659, -12.9477930069, -8.70579242706, -8.60572242737, -16.5611000061, 1.26213014126],
        "cov": [[9343.94238281, 241.840560913, 756.618652344, -459.23651123, -1014.128479, 235.764465332, -70.5110626221, -243.099822998, -56.7130661011, -743.176513672, -320.773925781, -318.541229248, -362.427612305], [241.840560913, 634.096435547, 595.371704102, -561.573486328, 162.6902771, -154.083740234, -244.410949707, 64.1023025513, -97.0821609497, -52.5196418762, -29.5146884918, -137.084960938, 39.2973442078], [756.618652344, 595.371704102, 2649.59741211, -321.983398438, 94.2089004517, 105.133537292, -399.519836426, 47.2979316711, -24.5523338318, -206.684936523, -60.214553833, -294.559051514, 8.00227737427], [-459.23651123, -561.573486328, -321.983398438, 760.124389648, -148.331100464, 83.0023422241, 291.320831299, -135.291778564, 104.827049255, 51.0374221802, 28.4369525909, 130.801513672, -10.6511878967], [-1014.128479, 162.6902771, 94.2089004517, -148.331100464, 455.103271484, -19.3617839813, -53.157119751, 156.716140747, -65.4813919067, 97.6342849731, 53.0452423096, -14.1317739487, 69.8784866333], [235.764465332, -154.083740234, 105.133537292, 83.0023422241, -19.3617839813, 172.19569397, 64.2190246582, 11.3283777237, 45.2929763794, -11.0242328644, 16.1319122314, 21.2629318237, -18.8402423859], [-70.5110626221, -244.410949707, -399.519836426, 291.320831299, -53.157119751, 64.2190246582, 248.245605469, -23.4974536896, 45.4027786255, 45.7348937988, 16.7460460663, 91.9173049927, 4.56266641617], [-243.099822998, 64.1023025513, 47.2979316711, -135.291778564, 156.716140747, 11.3283777237, -23.4974536896, 132.33102417, -25.4866008759, 26.998796463, 17.2737979889, -16.6627922058, 23.7468852997], [-56.7130661011, -97.0821609497, -24.5523338318, 104.827049255, -65.4813919067, 45.2929763794, 45.4027786255, -25.4866008759, 71.9089050293, 24.3689079285, 7.68640089035, 26.4203147888, -5.61922311783], [-743.176513672, -52.5196418762, -206.684936523, 51.0374221802, 97.6342849731, -11.0242328644, 45.7348937988, 26.998796463, 24.3689079285, 116.005439758, 46.4093666077, 49.1194114685, 33.0112380981], [-320.773925781, -29.5146884918, -60.214553833, 28.4369525909, 53.0452423096, 16.1319122314, 16.7460460663, 17.2737979889, 7.68640089035, 46.4093666077, 48.4445152283, 30.4448375702, 18.8575172424], [-318.541229248, -137.084960938, -294.559051514, 130.801513672, -14.1317739487, 21.2629318237, 91.9173049927, -16.6627922058, 26.4203147888, 49.1194114685, 30.4448375702, 85.2025985718, 20.5203132629], [-362.427612305, 39.2973442078, 8.00227737427, -10.6511878967, 69.8784866333, -18.8402423859, 4.56266641617, 23.7468852997, -5.61922311783, 33.0112380981, 18.8575172424, 20.5203132629, 46.5902099609]],
        "icov": [[0.00033390612225, -0.000182849384146, 6.07486872468e-05, 0.000290187366772, 0.000317054975312, -0.000357128767064, -0.00063992216019, 0.000121402037621, -6.42430604785e-05, 0.00157907803077, -0.000254326441791, 0.000553093035705, 0.000921183498576], [-0.000182849384146, 0.0371986925602, -0.00757968472317, 0.0312539711595, -0.0130947204307, 0.033071346581, -0.023572197184, 0.0241811685264, -0.0151458242908, 0.0157244428992, -0.0176007114351, 0.00936297792941, -0.0113224098459], [6.07486872468e-05, -0.00757968472317, 0.00273826229386, -0.0069319284521, 0.00271703978069, -0.00844254437834, 0.00606939243153, -0.0045131361112, 0.00229228939861, -0.00197950820439, 0.0029009571299, 0.00310313585214, -0.00183438288514], [0.000290187366772, 0.0312539711595, -0.0069319284521, 0.0306459218264, -0.0117485653609, 0.0288889277726, -0.0249641016126, 0.0237235035747, -0.0154769578949, 0.0162685215473, -0.0167216863483, 0.00543639995158, -0.00527126342058], [0.000317054975312, -0.0130947204307, 0.00271703978069, -0.0117485653609, 0.0117584131658, -0.0141694424674, 0.0092851286754, -0.0129716405645, 0.012410514988, -0.0108907390386, 0.00581008568406, 0.00105123233516, -0.000905928201973], [-0.000357128767064, 0.033071346581, -0.00844254437834, 0.0288889277726, -0.0141694424674, 0.043239928782, -0.0252609793097, 0.0185381360352, -0.0221459362656, 0.0201294161379, -0.0221208725125, -0.00116345530841, 0.00167664466426], [-0.00063992216019, -0.023572197184, 0.00606939243153, -0.0249641016126, 0.0092851286754, -0.0252609793097, 0.0296019073576, -0.0190917756408, 0.0123626086861, -0.0162392165512, 0.0178729556501, -0.00993006117642, 0.000982159283012], [0.000121402037621, 0.0241811685264, -0.0045131361112, 0.0237235035747, -0.0129716405645, 0.0185381360352, -0.0190917756408, 0.0330483876169, -0.0106184491888, 0.0114917708561, -0.0138407927006, 0.0117008537054, -0.0102504352108], [-6.42430604785e-05, -0.0151458242908, 0.00229228939861, -0.0154769578949, 0.012410514988, -0.0221459362656, 0.0123626086861, -0.0106184491888, 0.0390912629664, -0.0240902770311, 0.0142869111151, -0.00483965687454, 0.00310815218836], [0.00157907803077, 0.0157244428992, -0.00197950820439, 0.0162685215473, -0.0108907390386, 0.0201294161379, -0.0162392165512, 0.0114917708561, -0.0240902770311, 0.0441635735333, -0.0252542309463, 0.00393830426037, -0.00242286920547], [-0.000254326441791, -0.0176007114351, 0.0029009571299, -0.0167216863483, 0.00581008568406, -0.0221208725125, 0.0178729556501, -0.0138407927006, 0.0142869111151, -0.0252542309463, 0.0543929226696, -0.0188889149576, 0.0021115320269], [0.000553093035705, 0.00936297792941, 0.00310313585214, 0.00543639995158, 0.00105123233516, -0.00116345530841, -0.00993006117642, 0.0117008537054, -0.00483965687454, 0.00393830426037, -0.0188889149576, 0.0582351870835, -0.0313016697764], [0.000921183498576, -0.0113224098459, -0.00183438288514, -0.00527126342058, -0.000905928201973, 0.00167664466426, 0.000982159283012, -0.0102504352108, 0.00310815218836, -0.00242286920547, 0.0021115320269, -0.0313016697764, 0.0594784617424]]
    },
    "melbands": {
        "dmean": [0.00239213416353, 0.00180541118607, 0.00232893344946, 0.000345108273905, 0.000179297057912, 9.588732064e-05, 4.93157785968e-05, 8.78833016031e-05, 3.8552130718e-05, 2.97925307677e-05, 1.17312056318e-05, 5.67908464291e-05, 2.82623841485e-05, 7.22871027392e-06, 2.4111654966e-06, 5.08774519403e-06, 1.01607793113e-05, 9.12005089049e-06, 3.86784267903e-06, 3.77972651222e-06, 8.82932999957e-06, 4.74883700008e-06, 2.30667615142e-06, 1.42518263146e-06, 1.688793418e-06, 9.22955166516e-07, 2.33840566466e-07, 1.13715195482e-07, 4.70414924791e-08, 4.29186322037e-08, 1.53114072532e-08, 2.3713258912e-08, 9.11313602359e-09, 4.53632154063e-09, 2.15881335031e-09, 5.26552412783e-10, 3.14090281561e-10, 1.75414058279e-10, 1.3482172323e-10, 8.06263458775e-11],
        "dmean2": [0.00370941846631, 0.00305203464814, 0.00383939850144, 0.000563937413972, 0.000290023745038, 0.000163416974829, 7.88826946518e-05, 0.000159770264872, 6.87047722749e-05, 4.93219558848e-05, 1.96625478566e-05, 9.39678793657e-05, 4.65426237497e-05, 1.21514221973e-05, 3.85814519177e-06, 8.10396522866e-06, 1.59813171194e-05, 1.4481600374e-05, 6.09752260061e-06, 5.91042635278e-06, 1.46945521919e-05, 7.09683081368e-06, 3.86548344977e-06, 2.04228945222e-06, 2.63302422354e-06, 1.50804214627e-06, 3.48482217305e-07, 1.77167180482e-07, 7.24666691099e-08, 7.22468058711e-08, 2.47100935269e-08, 4.25433839268e-08, 1.63465596614e-08, 7.94646304314e-09, 3.74325415109e-09, 9.83570780377e-10, 5.86904358446e-10, 3.34501010224e-10, 2.55623411327e-10, 1.50290169199e-10],
        "dvar": [6.54910545563e-05, 3.16405566991e-05, 4.71818784717e-05, 6.16063232428e-07, 8.70756906579e-08, 3.83881975097e-08, 2.90026758165e-08, 2.1165898545e-07, 3.91832095659e-08, 2.05686703225e-08, 3.19376480817e-09, 8.01885420287e-08, 1.95052756169e-08, 1.30367694418e-09, 1.29340385624e-10, 5.927747182e-10, 2.37182762319e-09, 1.96776883676e-09, 3.64801577835e-10, 3.2635155689e-10, 1.93501747958e-09, 5.00684438354e-10, 1.37156189184e-10, 4.2730971539e-11, 6.42162781284e-11, 1.88183444522e-11, 8.9983164149e-13, 1.47023140732e-13, 2.32272087306e-14, 1.11184178929e-14, 2.12429404545e-15, 3.6523632934e-15, 6.45255829054e-16, 1.30780523862e-16, 3.66779626017e-17, 6.31382867018e-18, 3.94222782132e-18, 1.49883410595e-18, 8.5095709208e-19, 2.3082443974e-19],
        "dvar2": [0.00012875070388, 8.0912199337e-05, 0.000117955110909, 1.59841397362e-06, 2.15527776959e-07, 8.65134595074e-08, 6.33488355106e-08, 5.9059158275e-07, 1.08395141751e-07, 5.31834132289e-08, 7.88458009993e-09, 1.67759708347e-07, 4.95875731588e-08, 3.16340953432e-09, 3.31342203674e-10, 1.39106026698e-09, 6.01392224908e-09, 4.93949725566e-09, 8.97699525826e-10, 8.09786404599e-10, 5.11385778168e-09, 1.18720966391e-09, 3.40248690334e-10, 9.09585601283e-11, 1.57109145138e-10, 4.79007077059e-11, 1.90108605941e-12, 3.39029748286e-13, 4.76726371866e-14, 2.65185839461e-14, 5.14657388158e-15, 9.81185686627e-15, 1.77186195319e-15, 3.45372178529e-16, 9.74737126862e-17, 1.84580340977e-17, 1.16031470024e-17, 4.41328691425e-18, 2.47968936668e-18, 6.42105774734e-19],
        "max": [0.0707630366087, 0.052591137588, 0.0581433549523, 0.00802054908127, 0.00292453286238, 0.00180176319554, 0.00193446059711, 0.00400572177023, 0.00184515363071, 0.00121549644973, 0.0004975097836, 0.0022942724172, 0.0010759223951, 0.00031973424484, 0.000108793108666, 0.000226383315749, 0.000472377607366, 0.000394942326238, 0.000195336178876, 0.000161162926815, 0.000399002456106, 0.000201128059416, 0.00010878204921, 5.9824433265e-05, 6.9349516707e-05, 3.73161128664e-05, 8.15548173705e-06, 3.83066162613e-06, 1.68279643731e-06, 8.98134885574e-07, 5.59960255941e-07, 3.78969019721e-07, 2.4685130029e-07, 7.88085401382e-08, 5.4430504548e-08, 3.04046210431e-08, 2.99286178063e-08, 1.56460426837e-08, 1.42697995642e-08, 5.76929082285e-09],
        "mean": [0.00258118379861, 0.00294442125596, 0.00450905459002, 0.000869854236953, 0.000585807778407, 0.000177408495802, 6.93757101544e-05, 6.08708578511e-05, 2.9831631764e-05, 2.21353529923e-05, 8.8922906798e-06, 4.85805903736e-05, 1.95655084099e-05, 5.85481711823e-06, 1.93813366423e-06, 4.06345770898e-06, 8.07406468084e-06, 7.06833407094e-06, 3.13597729473e-06, 3.0320463793e-06, 6.37596349407e-06, 4.11055543736e-06, 1.78688912911e-06, 1.3409744497e-06, 1.29782347358e-06, 6.96513609455e-07, 2.20389708261e-07, 1.00065882691e-07, 4.43400907102e-08, 3.22827276023e-08, 1.2394699489e-08, 1.50567078805e-08, 5.71090685852e-09, 2.99572078255e-09, 1.44243694766e-09, 3.10431680361e-10, 1.87075230307e-10, 1.01062214153e-10, 7.87745285669e-11, 4.94938638684e-11],
        "median": [0.000434875517385, 0.00141213997267, 0.00258430466056, 0.000638123194221, 0.000328177964548, 8.04944138508e-05, 2.81600387098e-05, 3.95451115764e-06, 9.85798692454e-07, 1.72848672264e-06, 3.41612690136e-07, 1.02912679267e-07, 1.58195774702e-07, 9.36661948003e-08, 3.51233317986e-08, 5.90628559394e-08, 6.5430718621e-08, 1.28375134523e-07, 8.38426927885e-08, 5.78456038625e-08, 3.64602001923e-08, 4.25840660512e-08, 2.10160777669e-08, 1.19501182283e-08, 8.76341754719e-09, 6.37003338966e-09, 3.69397379352e-09, 2.31272112572e-09, 1.06685593693e-09, 5.17932752242e-10, 1.96678187625e-10, 6.88403153926e-11, 2.52548450902e-11, 1.45743989793e-11, 1.13119383652e-11, 7.46803487106e-12, 6.19269566182e-12, 4.43014461921e-12, 3.18984031897e-12, 2.621624055e-12],
