{
"highlevel": {
    "danceability": {
        "all": {
            "danceable": 0.999999880791,
            "not_danceable": 1.00000008274e-07
        },
        "probability": 0.999999880791,
        "value": "danceable"
    },
    "gender": {
        "all": {
            "female": 0.654846191406,
            "male": 0.345153778791
        },
        "probability": 0.654846191406,
        "value": "female"
    },
    "genre_dortmund": {
        "all": {
            "alternative": 0.00291700311936,
            "blues": 0.0015425523743,
            "electronic": 0.791094601154,
            "folkcountry": 0.00449211057276,
            "funksoulrnb": 0.000233148413827,
            "jazz": 0.00306875747629,
            "pop": 0.0112987179309,
            "raphiphop": 0.184075400233,
            "rock": 0.00127770937979
        },
        "probability": 0.791094601154,
        "value": "electronic"
    },
    "genre_electronic": {
        "all": {
            "ambient": 0.0710110217333,
            "dnb": 0.734581649303,
            "house": 0.047541346401,
            "techno": 0.0708879604936,
            "trance": 0.0759780332446
        },
        "probability": 0.734581649303,
        "value": "dnb"
    },
    "genre_rosamerica": {
        "all": {
            "cla": 0.00480512389913,
            "dan": 0.136367380619,
            "hip": 0.44093683362,
            "jaz": 0.006881441921,
            "pop": 0.0509793125093,
            "rhy": 0.342343777418,
            "roc": 0.0119275068864,
            "spe": 0.00575863057747
        },
        "probability": 0.44093683362,
        "value": "hip"
    },
    "genre_tzanetakis": {
        "all": {
            "blu": 0.063259229064,
            "cla": 0.0351214334369,
            "cou": 0.0790196210146,
            "dis": 0.0526951625943,
            "hip": 0.158124744892,
            "jaz": 0.316520601511,
            "met": 0.0632875487208,
            "pop": 0.063269995153,
            "reg": 0.0632629841566,
            "roc": 0.105438686907
        },
        "probability": 0.316520601511,
        "value": "jaz"
    },
    "ismir04_rhythm": {
        "all": {
            "ChaChaCha": 0.0681605786085,
            "Jive": 0.0223700292408,
            "Quickstep": 0.0143163204193,
            "Rumba-American": 0.0283663664013,
            "Rumba-International": 0.631907343864,
            "Rumba-Misc": 0.0454674959183,
            "Samba": 0.0969475731254,
            "Tango": 0.0161934569478,
            "VienneseWaltz": 0.0415230318904,
            "Waltz": 0.0347477756441
        },
        "probability": 0.631907343864,
        "value": "Rumba-International"
    },
    "mood_acoustic": {
        "all": {
            "acoustic": 3.00000096379e-14,
            "not_acoustic": 1
        },
        "probability": 1,
        "value": "not_acoustic"
    },
    "mood_aggressive": {
        "all": {
            "aggressive": 3.27870314232e-10,
            "not_aggressive": 1
        },
        "probability": 1,
        "value": "not_aggressive"
    },
    "mood_electronic": {
        "all": {
            "electronic": 0.998572528362,
            "not_electronic": 0.00142746733036
        },
        "probability": 0.998572528362,
        "value": "electronic"
    },
    "mood_happy": {
        "all": {
            "happy": 0.896896839142,
            "not_happy": 0.103103175759
        },
        "probability": 0.896896839142,
        "value": "happy"
    },
    "mood_party": {
        "all": {
            "not_party": 0.103233657777,
            "party": 0.896766364574
        },
        "probability": 0.896766364574,
        "value": "party"
    },
    "mood_relaxed": {
        "all": {
            "not_relaxed": 0.713357925415,
            "relaxed": 0.286642074585
        },
        "probability": 0.713357925415,
        "value": "not_relaxed"
    },
    "mood_sad": {
        "all": {
            "not_sad": 0.77060353756,
            "sad": 0.22939646244
        },
        "probability": 0.77060353756,
        "value": "not_sad"
    },
    "moods_mirex": {
        "all": {
            "Cluster1": 0.118922494352,
            "Cluster2": 0.0741659924388,
            "Cluster3": 0.20564879477,
            "Cluster4": 0.0313357003033,
            "Cluster5": 0.569927036762
        },
        "probability": 0.569927036762,
        "value": "Cluster5"
    },
    "timbre": {
        "all": {
            "bright": 0.0654966086149,
            "dark": 0.934503376484
        },
        "probability": 0.934503376484,
        "value": "dark"
    },
    "tonal_atonal": {
        "all": {
            "atonal": 0.885463237762,
            "tonal": 0.114536754787
        },
        "probability": 0.885463237762,
        "value": "atonal"
    },
    "voice_instrumental": {
        "all": {
            "instrumental": 0.0445855669677,
            "voice": 0.955414414406
        },
        "probability": 0.955414414406,
        "value": "voice"
    }
},
"lowlevel": {
    "average_loudness": 0.985977590084,
    "barkbands_crest": {
        "dmean": 1.53962230682,
        "dmean2": 2.64445781708,
        "dvar": 5.35652446747,
        "dvar2": 13.4104738235,
        "max": 25.5389480591,
        "mean": 14.3223543167,
        "median": 13.6029043198,
        "min": 5.74429893494,
        "var": 8.290350914
    },
    "barkbands_flatness_db": {
        "dmean": 0.0456960238516,
        "dmean2": 0.0623397231102,
        "dvar": 0.00220498815179,
        "dvar2": 0.00354370824061,
        "max": 0.599841475487,
        "mean": 0.308247774839,
        "median": 0.304120659828,
        "min": 0.0778582319617,
        "var": 0.00780408736318
    },
    "barkbands_kurtosis": {
        "dmean": 34.6637916565,
        "dmean2": 55.9742889404,
        "dvar": 2815.98876953,
        "dvar2": 7106.66845703,
        "max": 484.427093506,
        "mean": 57.0643386841,
        "median": 33.4950942993,
        "min": -1.11464416981,
        "var": 4237.81689453
    },
    "barkbands_skewness": {
        "dmean": 1.76391541958,
        "dmean2": 2.79174256325,
        "dvar": 3.71793699265,
        "dvar2": 9.65131092072,
        "max": 18.7275295258,
        "mean": 5.48136758804,
        "median": 4.95897197723,
        "min": 0.496551841497,
        "var": 7.01696634293
    },
    "barkbands_spread": {
        "dmean": 6.17924880981,
        "dmean2": 9.40582084656,
        "dvar": 98.9046707153,
        "dvar2": 207.800521851,
        "max": 79.3714828491,
        "mean": 8.68552303314,
        "median": 4.68283462524,
        "min": 0.154842332006,
        "var": 140.779418945
    },
    "dissonance": {
        "dmean": 0.0341297276318,
        "dmean2": 0.0562650896609,
        "dvar": 0.00107302900869,
        "dvar2": 0.0029356284067,
        "max": 0.499738574028,
        "mean": 0.445692867041,
        "median": 0.455435931683,
        "min": 0.23328204453,
        "var": 0.0019398528384
    },
    "dynamic_complexity": 1.7743216753,
    "erbbands_crest": {
        "dmean": 3.70550560951,
        "dmean2": 6.05918169022,
        "dvar": 10.2973213196,
        "dvar2": 25.7888469696,
        "max": 28.0222644806,
        "mean": 10.8838338852,
        "median": 10.1303739548,
        "min": 2.61964154243,
        "var": 21.1229858398
    },
    "erbbands_flatness_db": {
        "dmean": 0.0243095811456,
        "dmean2": 0.0377729050815,
        "dvar": 0.000518787128385,
        "dvar2": 0.00116288766731,
        "max": 0.282365620136,
        "mean": 0.147988751531,
        "median": 0.144895628095,
        "min": 0.0532380864024,
        "var": 0.00148083840031
    },
    "erbbands_kurtosis": {
        "dmean": 2.21401977539,
        "dmean2": 3.59091377258,
        "dvar": 8.56856155396,
        "dvar2": 21.7721786499,
        "max": 29.7383880615,
        "mean": 1.84942448139,
        "median": 0.76477599144,
        "min": -1.83673334122,
        "var": 12.2913961411
    },
    "erbbands_skewness": {
        "dmean": 0.693945765495,
        "dmean2": 1.03928732872,
        "dvar": 0.63086014986,
        "dvar2": 1.45813155174,
        "max": 3.46534323692,
        "mean": 0.43114516139,
        "median": 0.570106089115,
        "min": -4.6866812706,
        "var": 1.19349610806
    },
    "erbbands_spread": {
        "dmean": 19.1464004517,
        "dmean2": 30.4250068665,
        "dvar": 518.314086914,
        "dvar2": 1183.10876465,
        "max": 206.778656006,
        "mean": 48.0698661804,
        "median": 40.2257957458,
        "min": 5.93114995956,
        "var": 914.579589844
    },
    "hfc": {
        "dmean": 19.9678611755,
        "dmean2": 30.6300048828,
        "dvar": 1191.32092285,
        "dvar2": 2626.1328125,
        "max": 284.454803467,
        "mean": 30.5094718933,
        "median": 17.1492004395,
        "min": 3.2216193676,
        "var": 1505.52368164
    },
    "melbands_crest": {
        "dmean": 2.03501653671,
        "dmean2": 3.0903737545,
        "dvar": 14.2564401627,
        "dvar2": 29.5436916351,
        "max": 39.3329658508,
        "mean": 35.5772285461,
        "median": 36.9462471008,
        "min": 11.5119857788,
        "var": 21.434803009
    },
    "melbands_flatness_db": {
        "dmean": 0.0521469190717,
        "dmean2": 0.0682368502021,
        "dvar": 0.00297347223386,
        "dvar2": 0.00489302817732,
        "max": 0.729932010174,
        "mean": 0.393850237131,
        "median": 0.385497301817,
        "min": 0.116451650858,
        "var": 0.0107534304261
    },
    "melbands_kurtosis": {
        "dmean": 163.439453125,
        "dmean2": 262.983673096,
        "dvar": 121045.65625,
        "dvar2": 283319.65625,
        "max": 4170.81591797,
        "mean": 232.437423706,
        "median": 81.3488693237,
        "min": 0.0575630664825,
        "var": 178955.34375
    },
    "melbands_skewness": {
        "dmean": 3.70471453667,
        "dmean2": 5.75459098816,
        "dvar": 24.7149085999,
        "dvar2": 52.1669502258,
        "max": 49.0286750793,
        "mean": 10.1748943329,
        "median": 7.5987496376,
        "min": 0.814008891582,
        "var": 59.9987373352
    },
    "melbands_spread": {
        "dmean": 3.98375487328,
        "dmean2": 6.10067176819,
        "dvar": 49.2579994202,
        "dvar2": 104.999504089,
        "max": 61.7318649292,
        "mean": 5.81394100189,
        "median": 3.47490906715,
        "min": 0.0562557205558,
        "var": 67.1921234131
    },
    "pitch_salience": {
        "dmean": 0.0697113126516,
        "dmean2": 0.113647013903,
        "dvar": 0.0101991863921,
        "dvar2": 0.0272146034986,
        "max": 0.747656881809,
        "mean": 0.179511845112,
        "median": 0.160858243704,
        "min": 0.0360435657203,
        "var": 0.0127958711237
    },
    "silence_rate_20dB": {
        "dmean": 0,
        "dmean2": 0,
        "dvar": 0,
        "dvar2": 0,
        "max": 1,
        "mean": 1,
        "median": 1,
        "min": 1,
        "var": 0
    },
    "silence_rate_30dB": {
        "dmean": 0.030959751457,
        "dmean2": 0.0604182817042,
        "dvar": 0.0300014875829,
        "dvar2": 0.0753566771746,
        "max": 1,
        "mean": 0.0262954365462,
        "median": 0,
        "min": 0,
        "var": 0.0256043132395
    },
    "silence_rate_60dB": {
        "dmean": 0,
        "dmean2": 0,
        "dvar": 0,
        "dvar2": 0,
        "max": 0,
        "mean": 0,
        "median": 0,
        "min": 0,
        "var": 0
    },
    "spectral_centroid": {
        "dmean": 527.700744629,
        "dmean2": 771.806152344,
        "dvar": 544577.25,
        "dvar2": 1137784.25,
        "max": 5748.02685547,
        "mean": 1352.70495605,
        "median": 1090.10827637,
        "min": 121.544471741,
        "var": 979156.5625
    },
    "spectral_complexity": {
        "dmean": 4.48374605179,
        "dmean2": 6.62896966934,
        "dvar": 44.218952179,
        "dvar2": 69.6013412476,
        "max": 60,
        "mean": 12.8839902878,
        "median": 11,
        "min": 1,
        "var": 95.7979278564
    },
    "spectral_decrease": {
        "dmean": 6.48388365221e-09,
        "dmean2": 1.14954818997e-08,
        "dvar": 5.95586783174e-17,
        "dvar2": 1.63944735719e-16,
        "max": -4.04819289201e-09,
        "mean": -4.82719997308e-08,
        "median": -5.10038518087e-08,
        "min": -7.73803634502e-08,
        "var": 1.18567261675e-16
    },
    "spectral_energy": {
        "dmean": 0.0246835518628,
        "dmean2": 0.0436944551766,
        "dvar": 0.000871019088663,
        "dvar2": 0.00240816222504,
        "max": 0.301346391439,
        "mean": 0.184957072139,
        "median": 0.194919973612,
        "min": 0.0176735091954,
        "var": 0.00169584807009
    },
    "spectral_energyband_high": {
        "dmean": 0.00228503090329,
        "dmean2": 0.0036424852442,
        "dvar": 1.75329187186e-05,
        "dvar2": 4.08801060985e-05,
        "max": 0.0322065390646,
        "mean": 0.00219993037172,
        "median": 0.000425896403613,
        "min": 1.6535425118e-07,
        "var": 1.95714746951e-05
    },
    "spectral_energyband_low": {
        "dmean": 0.0189493447542,
        "dmean2": 0.0312819704413,
        "dvar": 0.000953607610427,
        "dvar2": 0.0027553520631,
        "max": 0.25601452589,
        "mean": 0.162761941552,
        "median": 0.171797424555,
        "min": 0.0103091700003,
        "var": 0.00178246933501
    },
    "spectral_energyband_middle_high": {
        "dmean": 0.00244377809577,
        "dmean2": 0.00346041028388,
        "dvar": 2.07949597097e-05,
        "dvar2": 4.17034862039e-05,
        "max": 0.0440315678716,
        "mean": 0.00389582221396,
        "median": 0.001610170817,
        "min": 2.38757820625e-05,
        "var": 3.54314215656e-05
    },
    "spectral_energyband_middle_low": {
        "dmean": 0.00639381073415,
        "dmean2": 0.0110015179962,
        "dvar": 0.000198931680643,
        "dvar2": 0.000577112019528,
        "max": 0.110073447227,
        "mean": 0.00847689807415,
        "median": 0.00516840722412,
        "min": 0.000131432068883,
        "var": 0.000149169092765
    },
    "spectral_entropy": {
        "dmean": 0.279130458832,
        "dmean2": 0.398423075676,
        "dvar": 0.0930879488587,
        "dvar2": 0.162878632545,
        "max": 8.77292251587,
        "mean": 7.54575634003,
        "median": 7.57329416275,
        "min": 5.70865917206,
        "var": 0.271924376488
    },
    "spectral_flux": {
        "dmean": 0.0414936989546,
        "dmean2": 0.0593336820602,
        "dvar": 0.00341580552049,
        "dvar2": 0.00621557049453,
        "max": 0.521256685257,
        "mean": 0.140081986785,
        "median": 0.121682420373,
        "min": 0.011810827069,
        "var": 0.00757910590619
    },
    "spectral_kurtosis": {
        "dmean": 2.30611848831,
        "dmean2": 3.53704738617,
        "dvar": 16.2878093719,
        "dvar2": 38.013961792,
        "max": 65.2507400513,
        "mean": 3.84047293663,
        "median": 2.63817167282,
        "min": -1.18568623066,
        "var": 24.207654953
    },
    "spectral_rms": {
        "dmean": 0.000936159514822,
        "dmean2": 0.00165650702547,
        "dvar": 1.43979048062e-06,
        "dvar2": 3.88984381061e-06,
        "max": 0.0171463247389,
        "mean": 0.0133358640596,
        "median": 0.0137900626287,
        "min": 0.00415240274742,
        "var": 2.60034562416e-06
    },
    "spectral_rolloff": {
        "dmean": 197.265335083,
        "dmean2": 348.700653076,
        "dvar": 427925.59375,
        "dvar2": 1115053.75,
        "max": 6136.96289062,
        "mean": 181.489425659,
        "median": 43.06640625,
        "min": 43.06640625,
        "var": 314778.15625
    },
    "spectral_skewness": {
        "dmean": 0.433097720146,
        "dmean2": 0.614232301712,
        "dvar": 0.241961494088,
        "dvar2": 0.46496874094,
        "max": 6.34766054153,
        "mean": 1.47122848034,
        "median": 1.42573392391,
        "min": -0.208987697959,
        "var": 0.567863285542
    },
    "spectral_spread": {
        "dmean": 960684,
        "dmean2": 1416055.75,
        "dvar": 1.36030178509e+12,
        "dvar2": 2.54508505498e+12,
        "max": 16077037,
        "mean": 5716428.5,
        "median": 5492461,
        "min": 1247540.25,
        "var": 3.69347212083e+12
    },
    "spectral_strongpeak": {
        "dmean": 0.212028548121,
        "dmean2": 0.395293235779,
        "dvar": 0.067056953907,
        "dvar2": 0.215289369226,
        "max": 1.87484967709,
        "mean": 0.54038310051,
        "median": 0.604936778545,
        "min": 0,
        "var": 0.0709596574306
    },
    "zerocrossingrate": {
        "dmean": 0.00729511817917,
        "dmean2": 0.00891727861017,
        "dvar": 9.67104133451e-05,
        "dvar2": 0.000126088125398,
        "max": 0.109375,
        "mean": 0.016125742346,
        "median": 0.01123046875,
        "min": 0.00146484375,
        "var": 0.000276253849734
    },
    "barkbands": {
        "dmean": [0.0162893328816, 0.0145690729842, 0.00455650920048, 0.00210631568916, 0.00148294668179, 0.0014721089974, 0.00122652715072, 0.00102913635783, 0.000688525731675, 0.000688380270731, 0.00036792026367, 0.000583432381973, 0.000396949355491, 0.000289403717034, 0.000235625208006, 0.00022842916951, 0.000254303100519, 0.000171159161255, 0.000137944531161, 0.000149223662447, 0.000339276855811, 0.000990593223833, 0.000490778533276, 0.00024198621395, 0.000157052927534, 0.000106874933408, 3.35324187972e-07],
        "dmean2": [0.0272328127176, 0.024325279519, 0.0086586875841, 0.00401072856039, 0.00264665996656, 0.00233587133698, 0.00198232266121, 0.00165491725784, 0.00106168154161, 0.000987966428511, 0.000564794579986, 0.000893386546522, 0.000604580622166, 0.000463431962999, 0.000371745903976, 0.000358479621354, 0.000418459094362, 0.000268659496214, 0.000211579055758, 0.000219082692638, 0.000541180139408, 0.00169661187101, 0.000815300969407, 0.000369410234271, 0.000231041194638, 0.000169709470356, 6.02968896146e-07],
        "dvar": [0.00015531432291, 0.000668812019285, 0.000334828597261, 7.2227223427e-05, 2.18784716708e-05, 1.11428562377e-05, 6.4538908191e-06, 4.86331236971e-06, 2.03531726584e-06, 1.46590480199e-06, 7.82859331139e-07, 1.7397613874e-06, 8.92131424735e-07, 5.36993866262e-07, 4.98442318531e-07, 4.8498804972e-07, 9.02831175154e-07, 4.09496067277e-07, 2.13302087104e-07, 1.19484496963e-07, 4.33904375541e-07, 3.69660097022e-06, 9.15535053991e-07, 4.50893338666e-07, 1.46039241145e-07, 7.90238345871e-08, 2.64848689854e-12],
        "dvar2": [0.000354157586116, 0.00189089530613, 0.000970753491856, 0.000212632367038, 6.29566420685e-05, 2.76981863863e-05, 1.62899941643e-05, 1.24108200907e-05, 4.50428115073e-06, 2.89003855869e-06, 1.71570445673e-06, 3.89535443901e-06, 2.09825202546e-06, 1.34475453706e-06, 1.17270019473e-06, 1.03494198811e-06, 2.2900330805e-06, 9.39042934078e-07, 4.64909334141e-07, 2.39068214114e-07, 9.87773660199e-07, 9.58570399234e-06, 2.18874242819e-06, 9.50073172135e-07, 2.86916190362e-07, 1.76237421101e-07, 7.32694460659e-12],
        "max": [0.144652202725, 0.212299779058, 0.120488919318, 0.0642494186759, 0.0364361479878, 0.0395134538412, 0.0335219837725, 0.0234916154295, 0.0164920184761, 0.0122958859429, 0.0135390693322, 0.0184541810304, 0.0160356555134, 0.00772897340357, 0.00646046036854, 0.00608051987365, 0.00861464440823, 0.00604321435094, 0.00571559276432, 0.00403983704746, 0.00576044432819, 0.01517734956, 0.00765023753047, 0.0112467901781, 0.00462501635775, 0.00372067443095, 2.87895782094e-05],
        "mean": [0.072476349771, 0.0952079817653, 0.00294215069152, 0.00136032269802, 0.00135604385287, 0.00191985908896, 0.00147621147335, 0.00105566496495, 0.000815773033537, 0.00110502867028, 0.000473172956845, 0.000726691039745, 0.000440983509179, 0.000330260023475, 0.000230068253586, 0.000249863427598, 0.000217073553358, 0.000153008048073, 0.00014359789202, 0.000193264801055, 0.000344812026015, 0.000769964011852, 0.000412056135247, 0.000260878383415, 0.000179139911779, 0.000116713890748, 2.15787366642e-07],
        "median": [0.0783965438604, 0.0949269607663, 0.000505448319018, 0.000202960072784, 0.000317509111483, 0.000440752599388, 0.000346908869687, 0.000275589234661, 0.000196646127733, 0.000275674101431, 0.000118719603051, 0.000123785503092, 6.80488883518e-05, 8.08815238997e-05, 2.80631538772e-05, 4.01905854233e-05, 2.70261407422e-05, 1.13800897452e-05, 2.33842929447e-05, 5.40923065273e-05, 8.97543650353e-05, 8.37433181005e-05, 3.18420243275e-05, 2.9224631362e-05, 2.34863564401e-05, 1.97787030629e-05, 9.62661683701e-09],
        "min": [0.000328457215801, 0.00858936645091, 1.98335092136e-05, 6.78806145515e-07, 5.21539823239e-06, 5.8042778619e-06, 3.95837059841e-06, 1.46774300447e-06, 3.538430974e-06, 2.2288652417e-06, 1.30990667913e-06, 1.26599411487e-06, 7.7757215422e-07, 1.67547818819e-06, 3.67874918084e-07, 2.66112408553e-07, 8.61298303789e-08, 7.45672821267e-08, 1.26089730657e-07, 7.36352347985e-08, 5.45039426925e-08, 2.04570245188e-08, 1.1480504547e-08, 2.22143037298e-09, 4.05041511442e-09, 5.586448526e-10, 1.72888856009e-11],
        "var": [0.00078314752318, 0.00117990805302, 0.000184784410521, 3.90055829484e-05, 1.40681440826e-05, 1.39598942042e-05, 8.72177679412e-06, 5.05211528434e-06, 2.89630179395e-06, 3.60028752766e-06, 1.14006718377e-06, 2.87579950964e-06, 1.15015677693e-06, 5.47543834273e-07, 4.81035328903e-07, 5.33346792508e-07, 7.00052680713e-07, 3.78107017696e-07, 2.29256585271e-07, 1.69441790376e-07, 4.83245344185e-07, 2.94628102893e-06, 8.99486337858e-07, 6.45184570658e-07, 2.42907390202e-07, 1.12551951759e-07, 1.66598354036e-12]
    },
    "erbbands": {
        "dmean": [0.958008408546, 2.00731682777, 4.93160867691, 6.54397630692, 5.75210428238, 4.21659183502, 7.68857479095, 13.7815179825, 17.6380271912, 18.6080570221, 19.3122653961, 16.2542228699, 22.2079792023, 14.584353447, 17.5582580566, 23.2312049866, 18.7161006927, 15.568365097, 10.8960943222, 12.4958114624, 14.6961927414, 12.0494890213, 9.04402446747, 7.41743278503, 7.1398601532, 7.31939268112, 10.8478384018, 15.7445230484, 36.9980430603, 29.9850482941, 11.8556909561, 5.79696846008, 3.7788169384, 2.00107192993, 1.04710638523, 0.609631001949, 0.185644373298, 0.0126350540668, 0.000286054273602, 4.27084378316e-05],
        "dmean2": [1.51774799824, 3.31042504311, 9.1448392868, 12.4598197937, 10.7944555283, 7.53162574768, 12.667347908, 21.9624862671, 28.1674461365, 30.0001544952, 30.7556438446, 24.8964977264, 32.7384796143, 21.0750465393, 26.4655513763, 35.4211006165, 27.9111118317, 25.0842723846, 17.0651092529, 19.3484172821, 22.4957065582, 19.1983394623, 14.3586235046, 11.2873430252, 10.7432451248, 10.6681165695, 17.1196327209, 25.4131946564, 63.7000465393, 51.16822052, 19.396030426, 9.12375831604, 5.65004205704, 2.97424554825, 1.64159703255, 0.961379349232, 0.297939628363, 0.0200931057334, 0.000457864516648, 7.08242005203e-05],
        "dvar": [3.02003073692, 23.6282157898, 371.691253662, 709.755981445, 449.881225586, 175.748336792, 301.897277832, 1231.39221191, 1446.27197266, 1190.81787109, 1884.20263672, 1369.08374023, 1665.11682129, 1075.78723145, 1654.03942871, 2876.2265625, 2029.43908691, 1632.15075684, 847.864379883, 1489.83691406, 2228.30541992, 1872.09301758, 1285.56835938, 565.927490234, 492.661804199, 264.536254883, 541.98614502, 822.864562988, 5094.95068359, 3574.91186523, 555.52947998, 217.300521851, 150.866577148, 28.382270813, 6.99437856674, 2.31959605217, 0.319763243198, 0.00144170317799, 7.84694691447e-07, 4.26091961714e-09],
        "dvar2": [6.7231554985, 57.655670166, 1050.45581055, 2072.39282227, 1312.98718262, 504.609893799, 794.118408203, 3003.25415039, 3514.3125, 3041.86572266, 4909.46875, 3026.10351562, 3492.20288086, 2308.94287109, 3679.33276367, 6281.66748047, 4713.88671875, 4031.0534668, 2065.77441406, 3021.59863281, 5283.80126953, 4594.41259766, 2981.64379883, 1169.81628418, 1029.79870605, 508.352478027, 1225.96044922, 1877.11633301, 13334.1484375, 9236.05566406, 1294.82519531, 493.55078125, 308.927612305, 58.9099845886, 14.5714788437, 5.03416919708, 0.738929986954, 0.00333785242401, 1.90300454506e-06, 1.0456020938e-08],
        "max": [13.3712272644, 40.9970283508, 130.210037231, 194.954681396, 164.564544678, 115.274391174, 204.093032837, 439.117553711, 514.080383301, 315.1484375, 608.13092041, 513.707397461, 490.754333496, 544.598022461, 634.263183594, 637.391662598, 819.361633301, 386.476409912, 298.453521729, 356.362030029, 420.9793396, 400.830169678, 364.36907959, 229.978820801, 241.32585144, 177.521881104, 243.707458496, 260.235198975, 590.130737305, 500.865203857, 195.991241455, 167.318939209, 282.978027344, 71.5273895264, 39.3193702698, 18.5470218658, 10.9832649231, 0.683050394058, 0.0170352049172, 0.00116984383203],
        "mean": [6.83925771713, 5.84070253372, 3.85989689827, 4.20856142044, 4.27655506134, 3.96334028244, 9.28048610687, 17.7573223114, 22.3260765076, 20.5955505371, 21.3955173492, 20.372587204, 35.5285568237, 21.9981651306, 22.8914871216, 30.231918335, 22.0456523895, 17.8716564178, 12.1685447693, 13.6784801483, 14.4106140137, 10.9768543243, 8.08266925812, 7.82269763947, 7.59944629669, 9.4527015686, 12.0624542236, 15.148440361, 28.3205413818, 22.8423728943, 10.3087339401, 5.59838676453, 4.38542938232, 2.22503709793, 1.14947640896, 0.629903376102, 0.2051512748, 0.0135616548359, 0.000386391446227, 0.000223039911361],
        "median": [7.15570497513, 3.9895658493, 1.01542043686, 0.595457911491, 0.772681057453, 0.960128545761, 1.80925583839, 4.04969787598, 6.16273736954, 7.12919569016, 5.85764789581, 5.61122226715, 10.2308607101, 6.87274169922, 6.50728225708, 5.22475290298, 3.98914694786, 4.93920946121, 2.89208507538, 1.58090496063, 2.58202052116, 1.53566992283, 0.646433770657, 1.0224571228, 1.45166599751, 2.58980846405, 3.35960435867, 3.40712404251, 3.1461148262, 1.91238749027, 0.782188534737, 0.440111607313, 0.540358245373, 0.285234928131, 0.151749849319, 0.0888848602772, 0.0355511382222, 0.00215074559674, 0.000132576940814, 0.000221330876229],
        "min": [0.368015348911, 1.18922138214, 0.160887658596, 0.0199500713497, 0.0101235862821, 0.0184018779546, 0.0237694121897, 0.0594808124006, 0.0736290439963, 0.0466395579278, 0.0532278828323, 0.0819962695241, 0.0880074426532, 0.0859698057175, 0.0951779484749, 0.0704623609781, 0.0505291484296, 0.0609695240855, 0.0399504378438, 0.0169354081154, 0.0143382335082, 0.00841515138745, 0.00392168853432, 0.00644371379167, 0.0046279807575, 0.00342072010972, 0.00258109928109, 0.0016375699779, 0.00081985356519, 0.000864417874254, 0.00027271170984, 9.31106478674e-05, 0.000123930120026, 0.000133419947815, 0.000110625951493, 6.94953341736e-05, 4.24819954787e-05, 3.72183353647e-06, 2.30417608691e-05, 5.06525248056e-05],
        "var": [5.68750095367, 33.5439338684, 223.361083984, 389.841369629, 252.267684937, 115.599212646, 367.025970459, 1513.45275879, 2110.24462891, 1280.63830566, 2078.01904297, 1940.59802246, 3684.67529297, 1766.92443848, 2336.30712891, 5047.02978516, 2672.72583008, 1639.79467773, 870.456176758, 1709.44799805, 2059.43676758, 1564.42370605, 1149.00158691, 648.330871582, 565.376525879, 392.736236572, 611.715942383, 931.691711426, 3962.9621582, 2827.41748047, 589.854797363, 254.935562134, 220.428482056, 42.7756080627, 10.4282646179, 3.26423954964, 0.4386472404, 0.00192922889255, 9.34949355269e-07, 6.42979403054e-09]
    },
    "gfcc": {
        "mean": [-6.27637529373, 86.3672637939, -73.7083816528, 36.8518295288, -49.9029045105, 36.111618042, -7.07412195206, 17.2026557922, -2.92478632927, 24.3582611084, -4.79864740372, 12.8025398254, 2.83483982086],
        "cov": [[4508.74072266, -1646.99365234, -780.720947266, 312.35559082, -963.578491211, 308.683441162, -486.407318115, 106.480102539, -227.276748657, 274.104797363, -394.533416748, 205.921417236, -247.781860352], [-1646.99365234, 1597.20117188, 40.2309379578, -523.069580078, 296.200164795, -340.936523438, 245.548492432, -183.519973755, 90.2857666016, -137.09727478, 159.367919922, -122.185592651, 136.784362793], [-780.720947266, 40.2309379578, 986.131774902, 125.545036316, 7.84284353256, -72.5194778442, -194.904464722, -53.3674888611, -93.1496200562, 13.4768390656, 5.31374645233, 34.191242218, 4.64832687378], [312.35559082, -523.069580078, 125.545036316, 506.597137451, -56.7311820984, 32.546081543, -156.337127686, -10.0473489761, 16.1232147217, -34.1612701416, -37.9314079285, -15.5113697052, -28.4146614075], [-963.578491211, 296.200164795, 7.84284353256, -56.7311820984, 512.595458984, -93.4656982422, 15.6698417664, 51.627456665, 32.568561554, -80.1025466919, 82.7235031128, -93.9287109375, 70.3461303711], [308.683441162, -340.936523438, -72.5194778442, 32.546081543, -93.4656982422, 281.022064209, 114.196960449, 3.63394546509, -6.46024084091, -14.0119361877, -40.31275177, 19.2035865784, -91.4669418335], [-486.407318115, 245.548492432, -194.904464722, -156.337127686, 15.6698417664, 114.196960449, 476.951629639, -46.703918457, 39.6930541992, -61.9535293579, 5.91998195648, -17.0157546997, -43.917755127], [106.480102539, -183.519973755, -53.3674888611, -10.0473489761, 51.627456665, 3.63394546509, -46.703918457, 160.799407959, -6.07650184631, 19.9918956757, -7.04576826096, -22.1032371521, 17.5258541107], [-227.276748657, 90.2857666016, -93.1496200562, 16.1232147217, 32.568561554, -6.46024084091, 39.6930541992, -6.07650184631, 156.236907959, -11.3527593613, 25.3626403809, -33.1955909729, -14.5934810638], [274.104797363, -137.09727478, 13.4768390656, -34.1612701416, -80.1025466919, -14.0119361877, -61.9535293579, 19.9918956757, -11.3527593613, 172.520263672, -23.888753891, 15.779958725, 16.943939209], [-394.533416748, 159.367919922, 5.31374645233, -37.9314079285, 82.7235031128, -40.31275177, 5.91998195648, -7.04576826096, 25.3626403809, -23.888753891, 151.48197937, -4.10437965393, 22.1131076813], [205.921417236, -122.185592651, 34.191242218, -15.5113697052, -93.9287109375, 19.2035865784, -17.0157546997, -22.1032371521, -33.1955909729, 15.779958725, -4.10437965393, 133.111480713, -11.8628673553], [-247.781860352, 136.784362793, 4.64832687378, -28.4146614075, 70.3461303711, -91.4669418335, -43.917755127, 17.5258541107, -14.5934810638, 16.943939209, 22.1131076813, -11.8628673553, 162.687286377]],
        "icov": [[0.00324987689964, 0.000597268750425, 0.0037300020922, -0.000351412338205, 0.00380731211044, -0.000505504023749, 0.00411448301747, -0.000238758773776, 0.00425877142698, -0.00129608029965, 0.00379532133229, -0.00059286726173, 0.00344346673228], [0.000597268750425, 0.00702599668875, -0.000422830198659, 0.00695344666019, 0.000633149931673, 0.00661899661645, -0.000874528544955, 0.00754402857274, -0.00191280269064, 0.00507166283205, -0.000776251079515, 0.00583748333156, -0.00154090579599], [0.0037300020922, -0.000422830198659, 0.00570199266076, -0.00177398975939, 0.00419827084988, -0.00144362275023, 0.00536189274862, -0.000939152727369, 0.00606081774458, -0.00245824921876, 0.00447073765099, -0.00178353639785, 0.00454736407846], [-0.000351412338205, 0.00695344666019, -0.00177398975939, 0.0097766444087, -0.000150681560626, 0.00623374758288, -0.000971652218141, 0.00800041854382, -0.00386683735996, 0.00651255482808, -0.0013432293199, 0.00671659968793, -0.00253033498302], [0.00380731211044, 0.000633149931673, 0.00419827084988, -0.000150681560626, 0.00743598584086, -0.000151671629283, 0.00475205900148, -0.00129793339875, 0.00479990150779, -0.000220851216, 0.00342218135484, 0.000878666352946, 0.00329466769472], [-0.000505504023749, 0.00661899661645, -0.00144362275023, 0.00623374758288, -0.000151671629283, 0.0118908639997, -0.00357243814506, 0.00647569587454, -0.00263298884965, 0.0054327682592, -0.00149002671242, 0.00537563860416, -0.000323578569805], [0.00411448301747, -0.000874528544955, 0.00536189274862, -0.000971652218141, 0.00475205900148, -0.00357243814506, 0.0088521996513, -0.000968587992247, 0.00548693258315, -0.00188210175838, 0.00528433034196, -0.00162235635798, 0.00496131647378], [-0.000238758773776, 0.00754402857274, -0.000939152727369, 0.00800041854382, -0.00129793339875, 0.00647569587454, -0.000968587992247, 0.0157381333411, -0.00279648159631, 0.00502062030137, -0.00140867941082, 0.00749723380432, -0.00307280803099], [0.00425877142698, -0.00191280269064, 0.00606081774458, -0.00386683735996, 0.00479990150779, -0.00263298884965, 0.00548693258315, -0.00279648159631, 0.0143957147375, -0.00418664189056, 0.00419316114858, -0.00155111716595, 0.00651701912284], [-0.00129608029965, 0.00507166283205, -0.00245824921876, 0.00651255482808, -0.000220851216, 0.0054327682592, -0.00188210175838, 0.00502062030137, -0.00418664189056, 0.011861173436, -0.00184344558511, 0.00484637217596, -0.00393639039248], [0.00379532133229, -0.000776251079515, 0.00447073765099, -0.0013432293199, 0.00342218135484, -0.00149002671242, 0.00528433034196, -0.00140867941082, 0.00419316114858, -0.00184344558511, 0.0126226525754, -0.00280928728171, 0.00397914648056], [-0.00059286726173, 0.00583748333156, -0.00178353639785, 0.00671659968793, 0.000878666352946, 0.00537563860416, -0.00162235635798, 0.00749723380432, -0.00155111716595, 0.00484637217596, -0.00280928728171, 0.014650403522, -0.0023839357309], [0.00344346673228, -0.00154090579599, 0.00454736407846, -0.00253033498302, 0.00329466769472, -0.000323578569805, 0.00496131647378, -0.00307280803099, 0.00651701912284, -0.00393639039248, 0.00397914648056, -0.0023839357309, 0.0124587249011]]
    },
    "melbands": {
        "dmean": [0.00588789442554, 0.00247540976852, 0.00112491322216, 0.000339798425557, 0.000248494296102, 0.000301225372823, 0.000265565293375, 0.000213407955016, 0.00014564335288, 0.000103569102066, 0.000112483678095, 6.26751498203e-05, 5.26795265614e-05, 6.79134172969e-05, 5.69126677874e-05, 3.51554044755e-05, 3.00160045299e-05, 1.74464275915e-05, 1.85120588867e-05, 1.61330117407e-05, 1.97860845219e-05, 1.40955962706e-05, 8.67667404236e-06, 8.24209564598e-06, 5.6599715208e-06, 6.3640791268e-06, 4.45322712039e-06, 5.02956982018e-06, 6.23030564384e-06, 8.79335129866e-06, 8.31742727314e-06, 2.1407402528e-05, 1.90916543943e-05, 1.53658093041e-05, 7.02774423189e-06, 4.86169301439e-06, 3.03889987663e-06, 2.75145066553e-06, 2.47576372203e-06, 1.46833144754e-06],
        "dmean2": [0.00935200694948, 0.00424140505493, 0.00212026434019, 0.000621932384092, 0.000415042042732, 0.000476853456348, 0.000424885074608, 0.000346817832906, 0.000233000944718, 0.000158772265422, 0.000165122066392, 9.02794345166e-05, 8.03100483608e-05, 0.000103851925815, 8.62091328599e-05, 5.42202942597e-05, 4.85204545839e-05, 2.76025893982e-05, 2.85575333692e-05, 2.55593240581e-05, 3.16518162435e-05, 2.29365668929e-05, 1.35217769639e-05, 1.31150463858e-05, 8.63321929501e-06, 9.92107197817e-06, 6.55191615806e-06, 7.42380871088e-06, 9.66760853771e-06, 1.44568875839e-05, 1.33255844048e-05, 3.70063826267e-05, 3.26557164954e-05, 2.62077355728e-05, 1.15659395306e-05, 7.89420209912e-06, 4.6987861424e-06, 4.14539454141e-06, 3.69211284124e-06, 2.23400206778e-06],
        "dvar": [9.96969029075e-05, 6.68373686494e-05, 2.00130762096e-05, 1.36029325404e-06, 3.29184899783e-07, 5.20332946508e-07, 3.06919702098e-07, 1.60963153917e-07, 9.77847918193e-08, 5.37251523269e-08, 4.22960937385e-08, 1.89960118746e-08, 1.52335246639e-08, 2.84524830363e-08, 1.82448527397e-08, 6.75026035069e-09, 6.13987083398e-09, 1.93521154657e-09, 3.09599101911e-09, 2.58983723356e-09, 4.51229498211e-09, 2.50108023181e-09, 1.2484712153e-09, 9.94658244657e-10, 3.22067844616e-10, 5.33538990766e-10, 1.31559027561e-10, 1.21252161089e-10, 1.77753131658e-10, 3.57714302623e-10, 2.27591542834e-10, 1.72409642119e-09, 1.41471812043e-09, 9.27200705103e-10, 1.88851045912e-10, 1.61967869672e-10, 6.23632465113e-11, 7.97108490325e-11, 6.14622380768e-11, 1.52235394429e-11],
        "dvar2": [0.00024059174757, 0.000178929665708, 5.82847533224e-05, 3.9426395233e-06, 8.89242471658e-07, 1.27291798435e-06, 7.59572174047e-07, 4.04550775102e-07, 2.52537120105e-07, 1.1940348088e-07, 8.83942874452e-08, 3.9586161904e-08, 3.19674811067e-08, 6.70533353286e-08, 4.34078550882e-08, 1.53496451105e-08, 1.52720414093e-08, 4.71919658906e-09, 6.9301524519e-09, 5.62739010945e-09, 1.13913412036e-08, 6.31062668788e-09, 2.83971846038e-09, 2.36702857315e-09, 6.61075361119e-10, 1.23156973508e-09, 2.58539245568e-10, 2.35839153762e-10, 4.07732292373e-10, 8.61249127571e-10, 4.98812269267e-10, 4.54882398415e-09, 3.66469699031e-09, 2.375704522e-09, 4.39796338236e-10, 3.96882554599e-10, 1.38624264845e-10, 1.67700409115e-10, 1.25096724646e-10, 3.406399815e-11],
        "max": [0.083244509995, 0.0582281649113, 0.032684572041, 0.00923224631697, 0.00573532190174, 0.00868508033454, 0.00769441388547, 0.00320338481106, 0.00425512669608, 0.00289030722342, 0.0023925784044, 0.00220694043674, 0.00216401275247, 0.00262729288079, 0.00160141743254, 0.00108929141425, 0.00076917198021, 0.000437948270701, 0.000510034267791, 0.00050615548389, 0.000623242289294, 0.000436539616203, 0.000370273774024, 0.000292187382001, 0.000182693853276, 0.000269951677183, 0.000175383960595, 0.000114800190204, 0.000146227976074, 0.000185049590073, 0.000147642684169, 0.000338264275342, 0.000289308693027, 0.000270598597126, 0.000119211174024, 0.000142320117448, 0.000108066560642, 0.000202280833037, 0.000151131986058, 4.47534584964e-05],
        "mean": [0.0460081510246, 0.00319573818706, 0.00074626802234, 0.000278992229141, 0.00029666244518, 0.000393538270146, 0.000335872988217, 0.000230578836636, 0.000161151503562, 0.000127280014567, 0.000178781905561, 9.1468449682e-05, 6.89152075211e-05, 8.36151521071e-05, 6.55252370052e-05, 3.93128830183e-05, 3.31899136654e-05, 1.96442288143e-05, 1.84703749255e-05, 1.71991159732e-05, 1.77278070623e-05, 1.24745120047e-05, 7.84534950071e-06, 7.0361274993e-06, 6.1188188738e-06, 6.04133629167e-06, 5.23094877281e-06, 6.42372651782e-06, 7.02392117091e-06, 8.4339408204e-06, 8.18700937089e-06, 1.62037140399e-05, 1.47200153151e-05, 1.16176406664e-05, 6.03171383773e-06, 4.42025475422e-06, 2.9725672448e-06, 3.11406347464e-06, 2.77853109765e-06, 1.55277712111e-06],
        "median": [0.0483545958996, 0.00129097665194, 0.000118565447337, 5.85734160268e-05, 6.16489633103e-05, 9.73830246949e-05, 8.99658771232e-05, 7.80169430072e-05, 4.22529301431e-05, 3.2423169614e-05, 4.54488072137e-05, 2.45139108301e-05, 1.97060526261e-05, 1.63234562933e-05, 8.70940220921e-06, 6.26584051133e-06, 7.81033850217e-06, 4.34418097939e-06, 2.04063235287e-06, 2.20137735596e-06, 3.13963641929e-06, 1.65958954312e-06, 5.77822731884e-07, 4.55675944977e-07, 8.1069447333e-07, 7.67949870806e-07, 1.05971321318e-06, 1.72562386069e-06, 1.86868885521e-06, 2.06466938835e-06, 1.70158989476e-06, 1.78759432856e-06, 1.31714557483e-06, 8.28450367862e-07, 4.46761191597e-07, 3.16226532959e-07, 2.41025958303e-07, 3.52045361751e-07, 2.99042028473e-07, 1.83948472454e-07],
        "min": [0.00262376153842, 0.000294612953439, 2.41176894633e-06, 6.33005356576e-07, 8.74267129802e-07, 1.36648259286e-06, 9.50055721205e-07, 5.21361585015e-07, 4.23661589366e-07, 4.2190507088e-07, 4.00355133934e-07, 3.11774186912e-07, 2.70965728077e-07, 1.50365607965e-07, 1.00070010944e-07, 6.61536105895e-08, 1.23263504292e-07, 4.69421692628e-08, 1.98863521206e-08, 1.75004064573e-08, 1.22295009675e-08, 6.70523148116e-09, 2.97045210651e-09, 3.79382703031e-09, 4.81515805006e-09, 2.54175569481e-09, 2.35089747669e-09, 1.84003701165e-09, 1.65476066183e-09, 1.24937638013e-09, 6.91122492569e-10, 4.00924377031e-10, 3.18518489362e-10, 3.64340418946e-10, 1.42708733719e-10, 1.28181415135e-11, 1.44415920195e-11, 2.13971652896e-11, 3.26632089431e-11, 5.09023758474e-13],
