{
"highlevel": {
    "danceability": {
        "all": {
            "danceable": 0.999997496605,
            "not_danceable": 2.49764707405e-06
        },
        "probability": 0.999997496605,
        "value": "danceable"
    },
    "gender": {
        "all": {
            "female": 0.668224275112,
            "male": 0.331775724888
        },
        "probability": 0.668224275112,
        "value": "female"
    },
    "genre_dortmund": {
        "all": {
            "alternative": 0.224775165319,
            "blues": 0.00777990790084,
            "electronic": 0.0826852172613,
            "folkcountry": 0.0954664200544,
            "funksoulrnb": 0.00939923431724,
            "jazz": 0.0677398666739,
            "pop": 0.152938336134,
            "raphiphop": 0.0188959352672,
            "rock": 0.340319901705
        },
        "probability": 0.340319901705,
        "value": "rock"
    },
    "genre_electronic": {
        "all": {
            "ambient": 0.254912525415,
            "dnb": 0.140477836132,
            "house": 0.127794712782,
            "techno": 0.036283351481,
            "trance": 0.44053158164
        },
        "probability": 0.44053158164,
        "value": "trance"
    },
    "genre_rosamerica": {
        "all": {
            "cla": 0.00526893651113,
            "dan": 0.491021722555,
            "hip": 0.0484282933176,
            "jaz": 0.00752181466669,
            "pop": 0.131264820695,
            "rhy": 0.0288324225694,
            "roc": 0.283141434193,
            "spe": 0.00452056387439
        },
        "probability": 0.491021722555,
        "value": "dan"
    },
    "genre_tzanetakis": {
        "all": {
            "blu": 0.0626613423228,
            "cla": 0.0348169617355,
            "cou": 0.104475811124,
            "dis": 0.0784321576357,
            "hip": 0.15692435205,
            "jaz": 0.313974827528,
            "met": 0.0448166541755,
            "pop": 0.0627359300852,
            "reg": 0.0627360641956,
            "roc": 0.0784258767962
        },
        "probability": 0.313974827528,
        "value": "jaz"
    },
    "ismir04_rhythm": {
        "all": {
            "ChaChaCha": 0.434802561998,
            "Jive": 0.11544264853,
            "Quickstep": 0.13302102685,
            "Rumba-American": 0.0200478173792,
            "Rumba-International": 0.0207674689591,
            "Rumba-Misc": 0.00926833413541,
            "Samba": 0.229878783226,
            "Tango": 0.00884103495628,
            "VienneseWaltz": 0.0180424973369,
            "Waltz": 0.0098878396675
        },
        "probability": 0.434802561998,
        "value": "ChaChaCha"
    },
    "mood_acoustic": {
        "all": {
            "acoustic": 0.0203985851258,
            "not_acoustic": 0.979601442814
        },
        "probability": 0.979601442814,
        "value": "not_acoustic"
    },
    "mood_aggressive": {
        "all": {
            "aggressive": 0.470226883888,
            "not_aggressive": 0.529773116112
        },
        "probability": 0.529773116112,
        "value": "not_aggressive"
    },
    "mood_electronic": {
        "all": {
            "electronic": 0.434158205986,
            "not_electronic": 0.565841794014
        },
        "probability": 0.565841794014,
        "value": "not_electronic"
    },
    "mood_happy": {
        "all": {
            "happy": 0.626051068306,
            "not_happy": 0.373948931694
        },
        "probability": 0.626051068306,
        "value": "happy"
    },
    "mood_party": {
        "all": {
            "not_party": 0.388520210981,
            "party": 0.611479818821
        },
        "probability": 0.611479818821,
        "value": "party"
    },
    "mood_relaxed": {
        "all": {
            "not_relaxed": 0.535859823227,
            "relaxed": 0.464140176773
        },
        "probability": 0.535859823227,
        "value": "not_relaxed"
    },
    "mood_sad": {
        "all": {
            "not_sad": 0.625643968582,
            "sad": 0.374356031418
        },
        "probability": 0.625643968582,
        "value": "not_sad"
    },
    "moods_mirex": {
        "all": {
            "Cluster1": 0.395204305649,
            "Cluster2": 0.212055638433,
            "Cluster3": 0.0547077208757,
            "Cluster4": 0.0995660498738,
            "Cluster5": 0.23846629262
        },
        "probability": 0.395204305649,
        "value": "Cluster1"
    },
    "timbre": {
        "all": {
            "bright": 0.979230344296,
            "dark": 0.0207696631551
        },
        "probability": 0.979230344296,
        "value": "bright"
    },
    "tonal_atonal": {
        "all": {
            "atonal": 0.00396490981802,
            "tonal": 0.99603509903
        },
        "probability": 0.99603509903,
        "value": "tonal"
    },
    "voice_instrumental": {
        "all": {
            "instrumental": 0.000428969506174,
            "voice": 0.999571025372
        },
        "probability": 0.999571025372,
        "value": "voice"
    }
},
"lowlevel": {
    "average_loudness": 0.984670460224,
    "barkbands_crest": {
        "dmean": 3.15119433403,
        "dmean2": 4.77594995499,
        "dvar": 7.6238694191,
        "dvar2": 16.7869682312,
        "max": 24.6673583984,
        "mean": 11.1344690323,
        "median": 10.4030733109,
        "min": 3.10347700119,
        "var": 19.297712326
    },
    "barkbands_flatness_db": {
        "dmean": 0.0232056174427,
        "dmean2": 0.0329555906355,
        "dvar": 0.000374159368221,
        "dvar2": 0.000815041130409,
        "max": 0.262699574232,
        "mean": 0.133134379983,
        "median": 0.129561364651,
        "min": 0.0495530366898,
        "var": 0.00118060747627
    },
    "barkbands_kurtosis": {
        "dmean": 1.8516048193,
        "dmean2": 2.85986161232,
        "dvar": 6.15233469009,
        "dvar2": 13.451675415,
        "max": 34.3953895569,
        "mean": 2.3472597599,
        "median": 1.60067510605,
        "min": -1.86368405819,
        "var": 11.2014932632
    },
    "barkbands_skewness": {
        "dmean": 0.424299359322,
        "dmean2": 0.634555697441,
        "dvar": 0.159300550818,
        "dvar2": 0.358058154583,
        "max": 5.7199640274,
        "mean": 1.39723098278,
        "median": 1.3070589304,
        "min": -0.199204936624,
        "var": 0.465625166893
    },
    "barkbands_spread": {
        "dmean": 7.67609167099,
        "dmean2": 11.1706151962,
        "dvar": 57.8009376526,
        "dvar2": 124.476470947,
        "max": 100.788551331,
        "mean": 29.0491008759,
        "median": 24.6095256805,
        "min": 4.49316310883,
        "var": 258.919189453
    },
    "dissonance": {
        "dmean": 0.0203716978431,
        "dmean2": 0.0342417620122,
        "dvar": 0.000296044396237,
        "dvar2": 0.000796207808889,
        "max": 0.49981674552,
        "mean": 0.46663865447,
        "median": 0.470410704613,
        "min": 0.37935334444,
        "var": 0.000485604512505
    },
    "dynamic_complexity": 1.00620162487,
    "erbbands_crest": {
        "dmean": 3.77978205681,
        "dmean2": 6.03806447983,
        "dvar": 12.311457634,
        "dvar2": 29.4104232788,
        "max": 29.075422287,
        "mean": 10.0623321533,
        "median": 8.40903663635,
        "min": 2.43107366562,
        "var": 29.1644554138
    },
    "erbbands_flatness_db": {
        "dmean": 0.0198734588921,
        "dmean2": 0.0289888679981,
        "dvar": 0.000308653485263,
        "dvar2": 0.000638993282337,
        "max": 0.253626942635,
        "mean": 0.136881381273,
        "median": 0.132583960891,
        "min": 0.0657475367188,
        "var": 0.00105905684177
    },
    "erbbands_kurtosis": {
        "dmean": 1.24983334541,
        "dmean2": 1.90976858139,
        "dvar": 2.13385629654,
        "dvar2": 4.46956205368,
        "max": 16.0644989014,
        "mean": 0.911199450493,
        "median": 0.350120782852,
        "min": -1.73599159718,
        "var": 4.85486459732
    },
    "erbbands_skewness": {
        "dmean": 0.432180404663,
        "dmean2": 0.639877080917,
        "dvar": 0.140905484557,
        "dvar2": 0.29353043437,
        "max": 3.48819684982,
        "mean": 0.748470842838,
        "median": 0.664245724678,
        "min": -1.37529206276,
        "var": 0.462454020977
    },
    "erbbands_spread": {
        "dmean": 10.0916843414,
        "dmean2": 14.3803768158,
        "dvar": 75.2661895752,
        "dvar2": 148.418395996,
        "max": 122.665435791,
        "mean": 42.8389205933,
        "median": 39.6637496948,
        "min": 7.85884428024,
        "var": 399.774353027
    },
    "hfc": {
        "dmean": 12.3788757324,
        "dmean2": 17.6017341614,
        "dvar": 189.882019043,
        "dvar2": 393.596923828,
        "max": 146.814559937,
        "mean": 40.2988700867,
        "median": 32.7227897644,
        "min": 6.68215942383,
        "var": 663.015930176
    },
    "melbands_crest": {
        "dmean": 3.8624150753,
        "dmean2": 6.14273500443,
        "dvar": 13.35932827,
        "dvar2": 33.7641410828,
        "max": 32.0685424805,
        "mean": 16.8987751007,
        "median": 16.0456485748,
        "min": 6.05996417999,
        "var": 32.0647888184
    },
    "melbands_flatness_db": {
        "dmean": 0.0277160611004,
        "dmean2": 0.0388211049139,
        "dvar": 0.000557454710361,
        "dvar2": 0.00126481254119,
        "max": 0.344326287508,
        "mean": 0.178650319576,
        "median": 0.177420511842,
        "min": 0.0674180313945,
        "var": 0.00208287429996
    },
    "melbands_kurtosis": {
        "dmean": 4.82999658585,
        "dmean2": 7.58582544327,
        "dvar": 52.5007553101,
        "dvar2": 115.181518555,
        "max": 141.004104614,
        "mean": 9.67209434509,
        "median": 7.33209705353,
        "min": -0.894946813583,
        "var": 88.2657852173
    },
    "melbands_skewness": {
        "dmean": 0.658922374249,
        "dmean2": 0.97645175457,
        "dvar": 0.398697853088,
        "dvar2": 0.858539402485,
        "max": 10.3873977661,
        "mean": 2.38595676422,
        "median": 2.21289205551,
        "min": -0.190277144313,
        "var": 1.27394902706
    },
    "melbands_spread": {
        "dmean": 6.61997795105,
        "dmean2": 10.0639438629,
        "dvar": 40.5883102417,
        "dvar2": 94.2331619263,
        "max": 106.507476807,
        "mean": 25.0845623016,
        "median": 22.5380706787,
        "min": 3.10071372986,
        "var": 155.567749023
    },
    "pitch_salience": {
        "dmean": 0.0817203596234,
        "dmean2": 0.132086142898,
        "dvar": 0.00649687368423,
        "dvar2": 0.0177385453135,
        "max": 0.822194635868,
        "mean": 0.488631039858,
        "median": 0.489893078804,
        "min": 0.111293852329,
        "var": 0.0114857396111
    },
    "silence_rate_20dB": {
        "dmean": 0,
        "dmean2": 0,
        "dvar": 0,
        "dvar2": 0,
        "max": 1,
        "mean": 1,
        "median": 1,
        "min": 1,
        "var": 0
    },
    "silence_rate_30dB": {
        "dmean": 0,
        "dmean2": 0,
        "dvar": 0,
        "dvar2": 0,
        "max": 1,
        "mean": 1,
        "median": 1,
        "min": 1,
        "var": 0
    },
    "silence_rate_60dB": {
        "dmean": 0,
        "dmean2": 0,
        "dvar": 0,
        "dvar2": 0,
        "max": 0,
        "mean": 0,
        "median": 0,
        "min": 0,
        "var": 0
    },
    "spectral_centroid": {
        "dmean": 260.731018066,
        "dmean2": 399.156555176,
        "dvar": 60165.3125,
        "dvar2": 138676.546875,
        "max": 3244.29882812,
        "mean": 1367.80151367,
        "median": 1273.89257812,
        "min": 527.403076172,
        "var": 219905.046875
    },
    "spectral_complexity": {
        "dmean": 4.65944290161,
        "dmean2": 7.10302114487,
        "dvar": 21.020198822,
        "dvar2": 43.1441078186,
        "max": 54,
        "mean": 24.2142295837,
        "median": 23,
        "min": 10,
        "var": 54.8844604492
    },
    "spectral_decrease": {
        "dmean": 2.83960410741e-09,
        "dmean2": 4.35984315317e-09,
        "dvar": 7.76335888251e-18,
        "dvar2": 1.88667920148e-17,
        "max": -2.83358536635e-09,
        "mean": -1.09042170848e-08,
        "median": -1.01740544878e-08,
        "min": -2.79580127938e-08,
        "var": 1.54959582268e-17
    },
    "spectral_energy": {
        "dmean": 0.0112175075337,
        "dmean2": 0.0172789208591,
        "dvar": 0.000121474644402,
        "dvar2": 0.000288122013444,
        "max": 0.114625088871,
        "mean": 0.0448102913797,
        "median": 0.042518235743,
        "min": 0.0116648999974,
        "var": 0.000238257838646
    },
    "spectral_energyband_high": {
        "dmean": 0.00112269108649,
        "dmean2": 0.00156087044161,
        "dvar": 2.1876721803e-06,
        "dvar2": 4.20934338763e-06,
        "max": 0.0148485209793,
        "mean": 0.00268531986512,
        "median": 0.00149544724263,
        "min": 3.95827155444e-05,
        "var": 8.63845798449e-06
    },
    "spectral_energyband_low": {
        "dmean": 0.00661324849352,
        "dmean2": 0.0100775258616,
        "dvar": 7.49536266085e-05,
        "dvar2": 0.000171390725882,
        "max": 0.0750593096018,
        "mean": 0.019584659487,
        "median": 0.0163392517716,
        "min": 0.00291227572598,
        "var": 0.000159827322932
    },
    "spectral_energyband_middle_high": {
        "dmean": 0.00253206351772,
        "dmean2": 0.00396827887744,
        "dvar": 7.98351993581e-06,
        "dvar2": 1.99022069864e-05,
        "max": 0.0334622524679,
        "mean": 0.00732130743563,
        "median": 0.00576122710481,
        "min": 0.000980091746897,
        "var": 2.41834350163e-05
    },
    "spectral_energyband_middle_low": {
        "dmean": 0.00847689062357,
        "dmean2": 0.01337738242,
        "dvar": 9.67638407019e-05,
        "dvar2": 0.000247651070822,
        "max": 0.0903739854693,
        "mean": 0.0171757042408,
        "median": 0.013971160166,
        "min": 0.00105031905696,
        "var": 0.00015633708972
    },
    "spectral_entropy": {
        "dmean": 0.166326850653,
        "dmean2": 0.228565901518,
        "dvar": 0.0208391062915,
        "dvar2": 0.0460442304611,
        "max": 8.54738330841,
        "mean": 7.84861707687,
        "median": 7.85493803024,
        "min": 6.9031252861,
        "var": 0.0924094319344
    },
    "spectral_flux": {
        "dmean": 0.0307730417699,
        "dmean2": 0.0485210418701,
        "dvar": 0.000858162238728,
        "dvar2": 0.00191912462469,
        "max": 0.269134908915,
        "mean": 0.111305445433,
        "median": 0.101820729673,
        "min": 0.0328335911036,
        "var": 0.00181111658458
    },
    "spectral_kurtosis": {
        "dmean": 1.00016462803,
        "dmean2": 1.53983724117,
        "dvar": 1.44471716881,
        "dvar2": 3.32569122314,
        "max": 14.5030097961,
        "mean": 2.47405767441,
        "median": 2.06472873688,
        "min": -1.211804986,
        "var": 3.51458120346
    },
    "spectral_rms": {
        "dmean": 0.000813196413219,
        "dmean2": 0.00123521522619,
        "dvar": 5.46108822164e-07,
        "dvar2": 1.21770665373e-06,
        "max": 0.0105749396607,
        "mean": 0.0065147485584,
        "median": 0.00644059060141,
        "min": 0.00337348342873,
        "var": 1.27543137296e-06
    },
    "spectral_rolloff": {
        "dmean": 654.713500977,
        "dmean2": 1107.06713867,
        "dvar": 1342813.625,
        "dvar2": 3209387.25,
        "max": 9453.07617188,
        "mean": 1707.96325684,
        "median": 1098.19335938,
        "min": 64.599609375,
        "var": 3449956.25
    },
    "spectral_skewness": {
        "dmean": 0.194010153413,
        "dmean2": 0.280432134867,
        "dvar": 0.0338220670819,
        "dvar2": 0.0736808925867,
        "max": 2.88635611534,
        "mean": 1.337012887,
        "median": 1.30829668045,
        "min": 0.267804861069,
        "var": 0.142776340246
    },
    "spectral_spread": {
        "dmean": 703124.0625,
        "dmean2": 950738.6875,
        "dvar": 482599075840,
        "dvar2": 914237489152,
        "max": 13981698,
        "mean": 6031465.5,
        "median": 5906023,
        "min": 2483548.75,
        "var": 2.6975362089e+12
    },
    "spectral_strongpeak": {
        "dmean": 0.583278477192,
        "dmean2": 1.01533055305,
        "dvar": 0.921204268932,
        "dvar2": 2.21113276482,
        "max": 6.32923126221,
        "mean": 0.996015965939,
        "median": 0.650710523129,
        "min": 0.105289407074,
        "var": 1.22618734837
    },
    "zerocrossingrate": {
        "dmean": 0.0138302259147,
        "dmean2": 0.0153715927154,
        "dvar": 0.000151225176523,
        "dvar2": 0.000187336438103,
        "max": 0.26953125,
        "mean": 0.0733766257763,
        "median": 0.06298828125,
        "min": 0.01220703125,
        "var": 0.00154356344137
    },
    "barkbands": {
        "dmean": [0.000177972760866, 0.00510611245409, 0.00311413523741, 0.00109969382174, 0.00124595349189, 0.0011105935555, 0.00418277923018, 0.00169795844704, 0.0027597930748, 0.000695003604051, 0.000813724065665, 0.00128823413979, 0.000552676618099, 0.000274312973488, 0.000210509009776, 0.00022966209508, 0.000204705691431, 0.000123041056213, 0.000157157905051, 0.000162958705914, 0.000192680498003, 0.000267843803158, 0.000235266183154, 0.000311595009407, 0.000191891827853, 0.000104857841507, 3.61986707276e-08],
        "dmean2": [0.000223913637456, 0.00732264667749, 0.00498875230551, 0.00177770445589, 0.00222246791236, 0.00189345679246, 0.00671175960451, 0.00269770226441, 0.00410311389714, 0.00110382365528, 0.00131527148187, 0.00209583458491, 0.000916913442779, 0.000460475072032, 0.00034399094875, 0.000363447441487, 0.000323641113937, 0.00019930403505, 0.000265779613983, 0.000261121720541, 0.000288663693937, 0.000405215192586, 0.000348861125531, 0.00045402685646, 0.000284281210043, 0.000158698894666, 5.97874603159e-08],
        "dvar": [9.02288448401e-08, 7.15133719495e-05, 2.28691478696e-05, 6.14324153503e-06, 7.37594564271e-06, 2.56924499809e-06, 7.25086647435e-05, 5.5549071476e-06, 2.13210896618e-05, 1.23162760701e-06, 1.65758046933e-06, 4.80786820845e-06, 8.23744812806e-07, 2.21554515178e-07, 7.65355423482e-08, 2.0029533232e-07, 7.89276555224e-08, 3.59870284683e-08, 4.54737154598e-08, 4.02098656593e-08, 6.17892581545e-08, 1.11619151255e-07, 1.13243835642e-07, 2.81497904098e-07, 9.02594123886e-08, 4.28080895176e-08, 1.37633868603e-13],
        "dvar2": [1.58992023103e-07, 0.000120890545077, 5.75805497647e-05, 1.59840965352e-05, 2.07243265322e-05, 6.65240668241e-06, 0.000187052617548, 1.15518096209e-05, 4.19332427555e-05, 3.07056734528e-06, 4.30554109698e-06, 1.25872520584e-05, 2.27675354836e-06, 5.96804113684e-07, 1.88533689993e-07, 5.20181629327e-07, 1.78163588771e-07, 9.15210449648e-08, 1.23655809148e-07, 9.63222461792e-08, 1.31341337806e-07, 2.43866935534e-07, 2.44785354653e-07, 5.77538571633e-07, 2.05509337547e-07, 9.75179972329e-08, 1.71396940694e-13],
        "max": [0.00283382483758, 0.0724985674024, 0.0390039496124, 0.0280604474247, 0.0217343531549, 0.0173638612032, 0.0806481987238, 0.0418233051896, 0.0537574589252, 0.0168584138155, 0.018133033067, 0.0297771506011, 0.0118704689667, 0.00546132680029, 0.0023568731267, 0.00962913502008, 0.00348605541512, 0.00184179539792, 0.00205325009301, 0.00233518402092, 0.00248421775177, 0.00396766606718, 0.00344773614779, 0.00833465624601, 0.00408265925944, 0.00266554113477, 1.24829848573e-05],
        "mean": [0.000313596217893, 0.00934250466526, 0.0081037748605, 0.00233590393327, 0.00125906756148, 0.00149540638085, 0.00484060449526, 0.00250607426278, 0.00445987936109, 0.00116593251005, 0.00132015778217, 0.00213222787715, 0.000826462346595, 0.000424393219873, 0.000321709172567, 0.000317853438901, 0.000341668899637, 0.000192690407857, 0.00027867857716, 0.000312493008096, 0.000386218365747, 0.000539966276847, 0.000448663369752, 0.000633208313957, 0.00035012915032, 0.000160992931342, 2.57830414796e-08],
        "median": [4.51721462014e-05, 0.00459275161847, 0.00386755168438, 0.000517480017152, 0.000446839665528, 0.000912539893761, 0.00201781303622, 0.00133838295005, 0.00217262515798, 0.000694865186233, 0.000671712623443, 0.00114043103531, 0.000413450412452, 0.000254123966442, 0.000236642881646, 0.0001956102642, 0.000231910977163, 0.000128918312839, 0.000196281063836, 0.000208251774893, 0.000250513810897, 0.000347595225321, 0.000231592101045, 0.000202549126698, 0.000145812504343, 5.92460019107e-05, 1.02566821703e-09],
        "min": [7.75870176994e-08, 1.10609937565e-06, 3.47972163581e-05, 3.59726800525e-06, 8.49523075885e-06, 2.00838603632e-05, 3.69705121557e-05, 2.06570857699e-05, 5.37875239388e-05, 2.7616864827e-05, 1.36554172059e-05, 8.63211698743e-06, 1.78376922122e-05, 2.45179016929e-05, 1.7882006432e-05, 1.37481220008e-05, 1.6622192561e-05, 1.26968379845e-05, 1.95415123017e-05, 4.51716641692e-06, 4.51060031992e-06, 8.19382057671e-06, 3.85612929676e-06, 1.68684812252e-06, 9.21458465086e-10, 2.60319765744e-08, 8.32322492178e-12],
        "var": [2.75520818604e-07, 0.000168553146068, 6.47676351946e-05, 1.3013905118e-05, 5.38532594874e-06, 3.12894485432e-06, 7.49432729208e-05, 1.60583840625e-05, 4.91519640491e-05, 2.11103588299e-06, 3.24943198393e-06, 8.16698047856e-06, 1.40370332247e-06, 2.94205335649e-07, 9.25086993675e-08, 1.81609962624e-07, 1.18090142109e-07, 3.97280608411e-08, 6.40557331621e-08, 9.65488382576e-08, 1.66468296925e-07, 2.91517466167e-07, 2.925674778e-07, 1.33152320814e-06, 2.58682405274e-07, 7.47338617657e-08, 1.29707903489e-13]
    },
    "erbbands": {
        "dmean": [0.182724609971, 1.08800721169, 3.62259078026, 3.18364548683, 3.04504346848, 4.1095700264, 9.54016971588, 7.78980255127, 31.4979705811, 68.7691650391, 45.2247085571, 71.828956604, 19.4579658508, 25.6884498596, 37.4570960999, 52.6966056824, 27.1074829102, 14.4901304245, 7.60818767548, 17.3916721344, 9.00860309601, 10.8303976059, 6.31210327148, 6.98695468903, 8.95285892487, 8.18703079224, 7.00189352036, 8.6561794281, 9.20550251007, 8.8511724472, 6.88296127319, 6.35978603363, 5.44577503204, 2.70096611977, 1.15951228142, 0.550765633583, 0.192370191216, 0.0172400418669, 0.000315217010211, 2.57241845247e-05],
        "dmean2": [0.224725112319, 1.70362401009, 5.87633752823, 4.77347612381, 5.60495042801, 7.30584955215, 15.5935182571, 13.5503091812, 50.1674880981, 112.364250183, 69.3958969116, 105.625846863, 31.8294048309, 40.7695426941, 60.8149642944, 85.9243392944, 44.6719932556, 24.4923305511, 12.151556015, 28.4595851898, 13.9675016403, 17.1519374847, 10.0845861435, 11.5353298187, 15.0883674622, 13.2750854492, 10.9361724854, 12.9189100266, 13.9245471954, 13.505115509, 10.1192207336, 9.38055610657, 8.18790340424, 3.91013669968, 1.74387705326, 0.824445605278, 0.298447579145, 0.027455450967, 0.00048970093485, 3.80461024179e-05],
        "dvar": [0.127124473453, 3.13070321083, 35.1731796265, 27.7419548035, 83.4636917114, 81.0371170044, 261.021057129, 125.83556366, 2810.37524414, 19500.0546875, 3577.90722656, 15642.2851562, 618.777648926, 1690.04040527, 3558.6237793, 8911.36621094, 1864.86035156, 625.592956543, 119.835456848, 836.528259277, 163.409362793, 282.974517822, 87.9637832642, 78.0788116455, 157.70501709, 121.991668701, 87.260559082, 125.937316895, 140.447677612, 143.91885376, 93.3401107788, 100.49307251, 111.356300354, 19.4712314606, 3.28524422646, 0.990577936172, 0.17445769906, 0.00199468596838, 5.64341007703e-07, 1.28086063977e-09],
        "dvar2": [0.160132676363, 6.81886911392, 92.5549850464, 68.2062606812, 242.317672729, 227.834411621, 646.104370117, 333.156433105, 7168.80957031, 51126.15625, 6837.50488281, 31034.6855469, 1717.07800293, 4043.70874023, 9227.58496094, 23467.2363281, 5116.94873047, 1657.84375, 291.369720459, 2226.88134766, 386.831268311, 621.994262695, 216.320800781, 204.049575806, 435.597076416, 305.597564697, 196.876724243, 262.147399902, 314.585906982, 309.625976562, 201.250518799, 219.781082153, 233.657821655, 43.0243186951, 7.28821897507, 2.11333942413, 0.428977876902, 0.00507806194946, 1.41068062476e-06, 2.85256662735e-09],
        "max": [3.03888893127, 13.4690322876, 42.380279541, 60.0607070923, 90.196395874, 74.9805603027, 174.097335815, 149.099822998, 439.294464111, 1347.23876953, 1180.38195801, 1476.5723877, 348.762329102, 686.667175293, 815.949462891, 1435.87634277, 565.762512207, 333.44241333, 133.378677368, 535.943359375, 182.289260864, 229.712936401, 86.0726699829, 71.199836731, 122.8620224, 140.905181885, 116.620018005, 134.03414917, 164.532104492, 115.539916992, 116.795227051, 132.449142456, 194.961395264, 70.78150177, 20.1095809937, 23.0549964905, 3.78552985191, 0.395866811275, 0.00681406911463, 0.000358790770406],
        "mean": [0.294836193323, 2.05362653732, 8.3555316925, 9.86706542969, 3.45955085754, 4.26972103119, 11.716794014, 11.2963838577, 41.7594261169, 76.4967193604, 76.9042892456, 115.499252319, 36.4062995911, 45.2535934448, 71.5629806519, 87.5054855347, 43.1174316406, 22.8725738525, 13.7568054199, 24.359577179, 15.3913288116, 18.2926387787, 11.2584991455, 12.652504921, 15.715139389, 15.4183301926, 13.7198057175, 17.4140014648, 18.7239780426, 16.3072185516, 13.2313737869, 12.2734394073, 10.5334091187, 4.91871738434, 2.07490539551, 0.950245797634, 0.251901894808, 0.0180991049856, 0.000400200486183, 7.95730666141e-05],
        "median": [0.0659889951348, 1.28623902798, 3.98573279381, 7.41145706177, 1.34421479702, 1.64180159569, 4.06728172302, 8.20673847198, 19.5294418335, 35.6126708984, 44.4681396484, 50.232749939, 28.8022651672, 28.8588638306, 38.8348655701, 50.5594711304, 23.9335098267, 13.9576244354, 10.0209741592, 16.6443634033, 11.0248413086, 11.6138830185, 8.2203207016, 9.30485916138, 11.6268205643, 9.92060279846, 8.78071784973, 11.2011032104, 12.2011613846, 9.58054733276, 6.85018396378, 4.76450252533, 2.90899419785, 1.8180782795, 0.928622961044, 0.384258180857, 0.0869409665465, 0.00429397216067, 0.000138306437293, 6.55027179164e-05],
        "min": [0.000555172679015, 0.0170439109206, 0.176625281572, 0.0480504110456, 0.0192754045129, 0.0310762282461, 0.0796544626355, 0.23669411242, 0.344153165817, 0.854554951191, 2.04840493202, 1.94961988926, 1.79148459435, 1.66528058052, 1.80656611919, 1.47707152367, 1.28301978111, 1.2942160368, 0.95143443346, 1.06462657452, 1.39896905422, 0.847690522671, 0.853981077671, 0.749152481556, 0.908910751343, 0.217465773225, 0.278304070234, 0.138508975506, 0.249007478356, 0.233732253313, 0.111028909683, 0.0644692257047, 0.025820851326, 0.00783605873585, 0.00934355985373, 0.000843146175612, 0.000133644018206, 1.19721125884e-05, 1.22104311231e-05, 1.69689756149e-05],
        "var": [0.3022351861, 5.75246763229, 64.5664901733, 92.9703063965, 50.8087348938, 58.5730781555, 388.828308105, 134.869415283, 3722.15283203, 17999.7773438, 12217.3320312, 35715.7617188, 987.550048828, 2915.8527832, 7136.48095703, 13693.4091797, 3260.30395508, 830.790588379, 171.071044922, 797.320861816, 214.104263306, 398.163146973, 107.576629639, 117.835571289, 202.388519287, 254.08782959, 205.935440063, 342.60647583, 362.989257812, 329.079528809, 247.154632568, 359.724853516, 492.208526611, 68.6199035645, 7.62410211563, 2.74672150612, 0.203542351723, 0.00188939017244, 5.83266398735e-07, 2.23146634504e-09]
    },
    "gfcc": {
        "mean": [61.474521637, 70.9660949707, -109.903144836, 26.6439037323, -75.4911346436, 33.3373985291, -29.1817836761, 23.0385150909, -19.9918670654, 11.1501207352, -17.9396190643, 1.65644407272, -19.9706840515],
        "cov": [[930.570617676, -557.448059082, 136.668334961, 43.2532272339, -160.519561768, -23.4907264709, -223.643157959, -112.057044983, -163.851074219, -45.8295097351, -91.6101150513, -6.4591755867, -103.639221191], [-557.448059082, 860.441589355, -235.148635864, -57.430316925, 175.615646362, -103.647819519, 84.0160217285, -50.6866836548, 63.0375328064, -56.1535835266, 165.814224243, 82.0990600586, 93.5280609131], [136.668334961, -235.148635864, 289.368164062, 40.7757034302, 0.651173770428, 60.5801429749, -43.3504066467, 59.6815261841, 17.1102638245, 32.0125083923, -22.1145458221, 9.33681678772, -14.4695825577], [43.2532272339, -57.430316925, 40.7757034302, 132.445404053, 4.81126928329, 27.6293869019, 4.57828044891, 2.83231043816, 26.4751625061, 21.8154354095, 17.8564739227, 7.88206958771, 34.9582061768], [-160.519561768, 175.615646362, 0.651173770428, 4.81126928329, 188.744796753, 33.2208213806, 75.3667602539, 41.3797149658, 58.0027694702, 39.1839981079, 33.3201408386, 48.6657676697, 39.9275665283], [-23.4907264709, -103.647819519, 60.5801429749, 27.6293869019, 33.2208213806, 151.423828125, 64.3218688965, 53.364074707, 31.8362483978, 44.3910446167, 24.6937637329, 20.6765079498, 30.478685379], [-223.643157959, 84.0160217285, -43.3504066467, 4.57828044891, 75.3667602539, 64.3218688965, 213.806716919, 94.4517059326, 99.6862792969, 97.3123931885, 26.5800590515, 34.5988006592, 50.7823143005], [-112.057044983, -50.6866836548, 59.6815261841, 2.83231043816, 41.3797149658, 53.364074707, 94.4517059326, 163.664382935, 117.000991821, 76.9584655762, 19.1588592529, 10.5245981216, 38.145980835], [-163.851074219, 63.0375328064, 17.1102638245, 26.4751625061, 58.0027694702, 31.8362483978, 99.6862792969, 117.000991821, 166.993057251, 101.653404236, 38.9471130371, 11.2661476135, 54.4854316711], [-45.8295097351, -56.1535835266, 32.0125083923, 21.8154354095, 39.1839981079, 44.3910446167, 97.3123931885, 76.9584655762, 101.653404236, 148.604125977, 38.955871582, 33.3782310486, 37.2466812134], [-91.6101150513, 165.814224243, -22.1145458221, 17.8564739227, 33.3201408386, 24.6937637329, 26.5800590515, 19.1588592529, 38.9471130371, 38.955871582, 174.257965088, 106.345832825, 60.4999351501], [-6.4591755867, 82.0990600586, 9.33681678772, 7.88206958771, 48.6657676697, 20.6765079498, 34.5988006592, 10.5245981216, 11.2661476135, 33.3782310486, 106.345832825, 131.820617676, 52.2701644897], [-103.639221191, 93.5280609131, -14.4695825577, 34.9582061768, 39.9275665283, 30.478685379, 50.7823143005, 38.145980835, 54.4854316711, 37.2466812134, 60.4999351501, 52.2701644897, 90.0634231567]],
        "icov": [[0.00300131179392, 0.00198107445613, 0.000420890428359, -0.000669088738505, -3.91458124795e-05, 0.000644505780656, 0.00195790221915, 0.00114496785682, -4.00573626393e-05, -0.000201772272703, 0.000551844481379, -0.00263521890156, 0.00120047666132], [0.00198107445613, 0.00737767247483, 0.000597913225647, 0.00306774885394, -0.00490366853774, 0.00518693774939, -0.00280177779496, 0.00646058982238, -0.0049592917785, 0.00665075797588, -0.00665382994339, 0.00206508184783, -0.00369354709983], [0.000420890428359, 0.000597913225647, 0.006453034468, -0.00208629388362, -0.000461413350422, -0.00224854005501, 0.00418453710154, -0.00343061587773, -8.63083114382e-05, -0.00136817619205, 0.0024282222148, -0.00375432660803, 0.00293480767868], [-0.000669088738505, 0.00306774885394, -0.00208629388362, 0.0122267799452, -0.00230870093219, 0.00169448368251, -0.00292198848911, 0.00652191741392, -0.00472789350897, 0.00364272412844, -0.00479503860697, 0.00479167373851, -0.00790757313371], [-3.91458124795e-05, -0.00490366853774, -0.000461413350422, -0.00230870093219, 0.0110232979059, -0.00453762104735, 0.00168479362037, -0.00358415022492, 0.00115651800297, -0.00421136757359, 0.00678452383727, -0.00600962108001, 0.00305831525475], [0.000644505780656, 0.00518693774939, -0.00224854005501, 0.00169448368251, -0.00453762104735, 0.0138368951157, -0.00615452229977, 0.00305529637262, -0.000314273638651, 0.00438601989299, -0.0075337071903, 0.00494703510776, -0.00559267215431], [0.00195790221915, -0.00280177779496, 0.00418453710154, -0.00292198848911, 0.00168479362037, -0.00615452229977, 0.0154690397903, -0.00696341367438, 0.00192719360348, -0.00880961399525, 0.00834531709552, -0.00762679520994, 0.00382984033786], [0.00114496785682, 0.00646058982238, -0.00343061587773, 0.00652191741392, -0.00358415022492, 0.00305529637262, -0.00696341367438, 0.0226272251457, -0.0147002292797, 0.00782293733209, -0.00644729984924, 0.00344210048206, -0.00558539154008], [-4.00573626393e-05, -0.0049592917785, -8.63083114382e-05, -0.00472789350897, 0.00115651800297, -0.000314273638651, 0.00192719360348, -0.0147002292797, 0.0254385247827, -0.0133774159476, 0.00163673504721, 0.00426064664498, -0.00177087960765], [-0.000201772272703, 0.00665075797588, -0.00136817619205, 0.00364272412844, -0.00421136757359, 0.00438601989299, -0.00880961399525, 0.00782293733209, -0.0133774159476, 0.0222010500729, -0.00818565487862, 0.00172663235571, -0.0033278374467], [0.000551844481379, -0.00665382994339, 0.0024282222148, -0.00479503860697, 0.00678452383727, -0.0075337071903, 0.00834531709552, -0.00644729984924, 0.00163673504721, -0.00818565487862, 0.0224798023701, -0.0166224166751, 0.00430458923802], [-0.00263521890156, 0.00206508184783, -0.00375432660803, 0.00479167373851, -0.00600962108001, 0.00494703510776, -0.00762679520994, 0.00344210048206, 0.00426064664498, 0.00172663235571, -0.0166224166751, 0.0263888258487, -0.011248297058], [0.00120047666132, -0.00369354709983, 0.00293480767868, -0.00790757313371, 0.00305831525475, -0.00559267215431, 0.00382984033786, -0.00558539154008, -0.00177087960765, -0.0033278374467, 0.00430458923802, -0.011248297058, 0.0266883708537]]
    },
    "melbands": {
        "dmean": [0.00147596653551, 0.00157050788403, 0.000511129270308, 0.000243024216616, 0.000295863603242, 0.000184284610441, 0.000620181323029, 0.000645144435111, 0.000422343611717, 0.000400746328523, 9.32692128117e-05, 0.000106192790554, 0.000127494349726, 0.000157590679009, 9.06338245841e-05, 4.2349594878e-05, 2.83533972834e-05, 1.37087599796e-05, 1.8020882635e-05, 2.29986235354e-05, 9.29968518903e-06, 1.15530756375e-05, 9.11663755687e-06, 6.64303161102e-06, 5.77914261157e-06, 6.97137193129e-06, 5.91500793234e-06, 5.98563065068e-06, 3.96826771976e-06, 5.27387965121e-06, 5.65345681025e-06, 5.74839123146e-06, 5.2435834732e-06, 5.01159092892e-06, 4.12646886616e-06, 4.05253967983e-06, 4.29127021562e-06, 4.17498768002e-06, 3.38522931997e-06, 2.16008243115e-06],
        "dmean2": [0.0019797408022, 0.0025708375033, 0.000790237798356, 0.000449210143415, 0.000487234327011, 0.000318834208883, 0.000986189232208, 0.00104950985406, 0.000640384212602, 0.000591631280258, 0.000154694207595, 0.000168902930454, 0.000207529476029, 0.000254440848948, 0.000150647800183, 7.04384801793e-05, 4.81529714307e-05, 2.22939052037e-05, 2.94170822599e-05, 3.76497519028e-05, 1.49792367665e-05, 1.85994558706e-05, 1.50835721797e-05, 1.08273779915e-05, 9.6637131719e-06, 1.17603385661e-05, 9.9487206171e-06, 9.76482806436e-06, 6.23669802735e-06, 8.14226405055e-06, 8.81888354343e-06, 8.95472021512e-06, 7.99423742137e-06, 7.77414334152e-06, 6.28043562756e-06, 5.87851263845e-06, 6.63874652673e-06, 6.43984867565e-06, 5.13663371748e-06, 3.25065093421e-06],
        "dvar": [7.25145582692e-06, 5.942961252e-06, 9.54775828177e-07, 4.49476459607e-07, 2.38411843156e-07, 6.64494095304e-08, 1.32902277983e-06, 1.5236219042e-06, 3.00037356737e-07, 4.61058789369e-07, 1.59805644273e-08, 3.17152313301e-08, 4.21719370536e-08, 6.65885622197e-08, 2.07503418892e-08, 4.89489604405e-09, 2.58990651147e-09, 4.3193465471e-10, 6.19105433586e-10, 2.2040531622e-09, 1.46000614376e-10, 2.88960966266e-10, 1.89559867803e-10, 1.05704341113e-10, 5.13434399163e-11, 9.37512498189e-11, 5.84342019216e-11, 7.51552153844e-11, 2.82575594868e-11, 4.86119686172e-11, 5.86967557892e-11, 5.78621248137e-11, 4.16547144e-11, 5.65598609614e-11, 3.31906550854e-11, 3.72841063578e-11, 4.96912788694e-11, 7.52353526701e-11, 3.88556652131e-11, 1.30396205986e-11],
        "dvar2": [1.03227102954e-05, 1.60898471222e-05, 2.50082916864e-06, 1.29459340314e-06, 6.07082938586e-07, 1.76348279979e-07, 3.3684373193e-06, 3.97155008613e-06, 5.60902833513e-07, 9.19075887396e-07, 4.41681180519e-08, 7.6023994211e-08, 1.09186615305e-07, 1.72254956965e-07, 5.50099308327e-08, 1.35902755716e-08, 6.85505030518e-09, 1.09188103004e-09, 1.55770074617e-09, 5.9447287093e-09, 3.6140604398e-10, 6.22758566937e-10, 4.48545617315e-10, 2.69927052932e-10, 1.35915959043e-10, 2.56348553496e-10, 1.57980017956e-10, 1.93557239681e-10, 6.27064442038e-11, 1.12132858554e-10, 1.34846078748e-10, 1.38831529606e-10, 8.90791398978e-11, 1.29759619716e-10, 7.51006132282e-11, 8.4571946668e-11, 1.15050198535e-10, 1.72251130026e-10, 7.92757526291e-11, 3.28140292716e-11],
        "max": [0.023347729817, 0.0205181222409, 0.0111041357741, 0.00595239875838, 0.00484550464898, 0.00338549306616, 0.0105156591162, 0.0118972733617, 0.00956017896533, 0.00795713905245, 0.00169962120708, 0.00294674513862, 0.00296791526489, 0.00322419474833, 0.00174782145768, 0.00107409467455, 0.000698326039128, 0.000275338650681, 0.000254044978647, 0.000994564499706, 0.000130138651002, 0.000230275807553, 0.000157762973686, 0.000111867055239, 6.17668410996e-05, 8.889525634e-05, 8.17100590211e-05, 0.000117154660984, 5.97289108555e-05, 7.62323470553e-05, 0.000109638705908, 0.000105161947431, 7.8437900811e-05, 7.46350560803e-05, 6.33579038549e-05, 8.04981100373e-05, 8.12091529951e-05, 0.000166494428413, 0.000110592030978, 6.14686869085e-05],
        "mean": [0.00253530917689, 0.003842077218, 0.00152361497749, 0.000225467607379, 0.000365357467672, 0.000259131367784, 0.000775768712629, 0.000750883424189, 0.000718014605809, 0.000642297964077, 0.000159344621352, 0.000175623965333, 0.00021997402655, 0.000270281307166, 0.000141066047945, 6.39883510303e-05, 4.20124888478e-05, 2.24432460527e-05, 2.63029269263e-05, 2.98204304272e-05, 1.55670804816e-05, 1.86409761227e-05, 1.45242092913e-05, 9.93270259642e-06, 9.81865196081e-06, 1.1529468793e-05, 1.03776128526e-05, 1.02790118035e-05, 7.45185207052e-06, 9.40941754379e-06, 1.0478990589e-05, 1.07509467853e-05, 9.94213405647e-06, 8.50024480314e-06, 7.32893295208e-06, 7.48260663386e-06, 7.53858512326e-06, 7.6849355537e-06, 6.07129913988e-06, 3.52304414264e-06],
        "median": [0.00108733866364, 0.00308498786762, 0.00126550497953, 0.000102478850749, 0.000137430906761, 0.000181762530701, 0.00033496884862, 0.000381748977816, 0.000382945581805, 0.000298001425108, 0.000118269024824, 0.0001071550505, 0.00012028983474, 0.000145860583871, 8.46002003527e-05, 3.49081565219e-05, 2.51451619988e-05, 1.46021175169e-05, 1.846858504e-05, 1.81580726348e-05, 1.10058936116e-05, 1.1752804312e-05, 9.54167353484e-06, 6.6231823439e-06, 6.98453277437e-06, 7.62852414482e-06, 7.59145677875e-06, 6.02363206781e-06, 4.52054337075e-06, 6.16940315012e-06, 6.33637273495e-06, 7.09204368832e-06, 5.86418445891e-06, 4.76137256555e-06, 3.94854941987e-06, 3.26928011418e-06, 2.59366788669e-06, 2.10389316635e-06, 1.66766938037e-06, 1.41806276588e-06],
        "min": [2.95505486747e-07, 0.000193925458007, 7.6037913459e-06, 1.05970241293e-06, 2.48780361289e-06, 4.25551206718e-06, 5.68732366446e-06, 9.03281397768e-06, 1.0228452993e-05, 1.05934595922e-05, 4.35385027231e-06, 4.57744454252e-06, 2.57860028796e-06, 1.17811418932e-06, 3.35064601131e-06, 2.27839723266e-06, 2.15738805309e-06, 9.58055920819e-07, 1.23960614928e-06, 7.47129206502e-07, 1.3568170516e-06, 5.94152936628e-07, 8.66048026182e-07, 4.42411021595e-07, 4.11680304069e-07, 7.76918682277e-07, 2.86924858983e-07, 7.18118045029e-08, 1.1660832655e-07, 6.68863151532e-08, 7.02925362361e-08, 1.20258278002e-07, 9.13035336225e-08, 9.90355530917e-08, 1.14307052712e-08, 1.43228282568e-08, 2.14841548996e-08, 1.84193371666e-08, 1.64530011837e-09, 1.09770378551e-11],
