{
"highlevel": {
    "danceability": {
        "all": {
            "danceable": 0.996475279331,
            "not_danceable": 0.00352470041253
        },
        "probability": 0.996475279331,
        "value": "danceable"
    },
    "gender": {
        "all": {
            "female": 0.356584191322,
            "male": 0.643415808678
        },
        "probability": 0.643415808678,
        "value": "male"
    },
    "genre_dortmund": {
        "all": {
            "alternative": 0.0392904952168,
            "blues": 0.0501852221787,
            "electronic": 0.0400088764727,
            "folkcountry": 0.0443001352251,
            "funksoulrnb": 0.0299490839243,
            "jazz": 0.175374448299,
            "pop": 0.0717593729496,
            "raphiphop": 0.343148738146,
            "rock": 0.205983638763
        },
        "probability": 0.343148738146,
        "value": "raphiphop"
    },
    "genre_electronic": {
        "all": {
            "ambient": 0.185293570161,
            "dnb": 0.0962020382285,
            "house": 0.637568533421,
            "techno": 0.0219077132642,
            "trance": 0.0590281225741
        },
        "probability": 0.637568533421,
        "value": "house"
    },
    "genre_rosamerica": {
        "all": {
            "cla": 0.00219850358553,
            "dan": 0.148589119315,
            "hip": 0.25039178133,
            "jaz": 0.0189313013107,
            "pop": 0.181596040726,
            "rhy": 0.370159178972,
            "roc": 0.0189775060862,
            "spe": 0.00915658660233
        },
        "probability": 0.370159178972,
        "value": "rhy"
    },
    "genre_tzanetakis": {
        "all": {
            "blu": 0.0626613423228,
            "cla": 0.0348169617355,
            "cou": 0.104475811124,
            "dis": 0.0784321576357,
            "hip": 0.15692435205,
            "jaz": 0.313974827528,
            "met": 0.0448166541755,
            "pop": 0.0627359300852,
            "reg": 0.0627360641956,
            "roc": 0.0784258767962
        },
        "probability": 0.313974827528,
        "value": "jaz"
    },
    "ismir04_rhythm": {
        "all": {
            "ChaChaCha": 0.11416336149,
            "Jive": 0.0273493081331,
            "Quickstep": 0.046442065388,
            "Rumba-American": 0.0370701476932,
            "Rumba-International": 0.126333773136,
            "Rumba-Misc": 0.00591303128749,
            "Samba": 0.630824387074,
            "Tango": 0.00317084253766,
            "VienneseWaltz": 0.00631126295775,
            "Waltz": 0.00242183194496
        },
        "probability": 0.630824387074,
        "value": "Samba"
    },
    "mood_acoustic": {
        "all": {
            "acoustic": 0.538718640804,
            "not_acoustic": 0.461281359196
        },
        "probability": 0.538718640804,
        "value": "acoustic"
    },
    "mood_aggressive": {
        "all": {
            "aggressive": 0.452956408262,
            "not_aggressive": 0.547043561935
        },
        "probability": 0.547043561935,
        "value": "not_aggressive"
    },
    "mood_electronic": {
        "all": {
            "electronic": 0.888227581978,
            "not_electronic": 0.111772425473
        },
        "probability": 0.888227581978,
        "value": "electronic"
    },
    "mood_happy": {
        "all": {
            "happy": 0.517662227154,
            "not_happy": 0.482337772846
        },
        "probability": 0.517662227154,
        "value": "happy"
    },
    "mood_party": {
        "all": {
            "not_party": 0.595036625862,
            "party": 0.404963344336
        },
        "probability": 0.595036625862,
        "value": "not_party"
    },
    "mood_relaxed": {
        "all": {
            "not_relaxed": 0.154652670026,
            "relaxed": 0.845347344875
        },
        "probability": 0.845347344875,
        "value": "relaxed"
    },
    "mood_sad": {
        "all": {
            "not_sad": 0.217466503382,
            "sad": 0.782533466816
        },
        "probability": 0.782533466816,
        "value": "sad"
    },
    "moods_mirex": {
        "all": {
            "Cluster1": 0.330769985914,
            "Cluster2": 0.246889725327,
            "Cluster3": 0.241529285908,
            "Cluster4": 0.0854860246181,
            "Cluster5": 0.0953249782324
        },
        "probability": 0.330769985914,
        "value": "Cluster1"
    },
    "timbre": {
        "all": {
            "bright": 0.639130532742,
            "dark": 0.360869437456
        },
        "probability": 0.639130532742,
        "value": "bright"
    },
    "tonal_atonal": {
        "all": {
            "atonal": 0.6982640028,
            "tonal": 0.301736027002
        },
        "probability": 0.6982640028,
        "value": "atonal"
    },
    "voice_instrumental": {
        "all": {
            "instrumental": 0.255609542131,
            "voice": 0.744390487671
        },
        "probability": 0.744390487671,
        "value": "voice"
    }
},
"lowlevel": {
    "average_loudness": 0.979280591011,
    "barkbands_crest": {
        "dmean": 3.14050316811,
        "dmean2": 5.01742506027,
        "dvar": 6.91114473343,
        "dvar2": 15.3083772659,
        "max": 25.9680099487,
        "mean": 11.4213399887,
        "median": 10.8207998276,
        "min": 3.37871813774,
        "var": 20.1323814392
    },
    "barkbands_flatness_db": {
        "dmean": 0.0384499952197,
        "dmean2": 0.0547110848129,
        "dvar": 0.00134217587765,
        "dvar2": 0.00261333491653,
        "max": 0.441792160273,
        "mean": 0.193358778954,
        "median": 0.182054072618,
        "min": 0.0716855227947,
        "var": 0.00417135423049
    },
    "barkbands_kurtosis": {
        "dmean": 12.483502388,
        "dmean2": 19.4042015076,
        "dvar": 1028.10449219,
        "dvar2": 2357.56835938,
        "max": 651.895996094,
        "mean": 12.9516925812,
        "median": 4.04314279556,
        "min": -1.90706849098,
        "var": 1141.93847656
    },
    "barkbands_skewness": {
        "dmean": 1.17823624611,
        "dmean2": 1.67771697044,
        "dvar": 1.66875576973,
        "dvar2": 3.40465569496,
        "max": 21.0521030426,
        "mean": 2.35386157036,
        "median": 1.91580724716,
        "min": -1.37548744678,
        "var": 4.36911058426
    },
    "barkbands_spread": {
        "dmean": 10.6447534561,
        "dmean2": 15.5723218918,
        "dvar": 164.654098511,
        "dvar2": 323.700073242,
        "max": 96.2764129639,
        "mean": 23.0886631012,
        "median": 17.4061393738,
        "min": 0.404879868031,
        "var": 404.078796387
    },
    "dissonance": {
        "dmean": 0.0377701744437,
        "dmean2": 0.060342412442,
        "dvar": 0.00152488343883,
        "dvar2": 0.00380131322891,
        "max": 0.497969835997,
        "mean": 0.425381660461,
        "median": 0.438692778349,
        "min": 0.182770997286,
        "var": 0.0033910588827
    },
    "dynamic_complexity": 1.7805993557,
    "erbbands_crest": {
        "dmean": 3.60856842995,
        "dmean2": 6.03964328766,
        "dvar": 9.35161972046,
        "dvar2": 23.9157543182,
        "max": 25.4486541748,
        "mean": 10.2421207428,
        "median": 9.45623874664,
        "min": 2.82047390938,
        "var": 17.25963974
    },
    "erbbands_flatness_db": {
        "dmean": 0.0281354300678,
        "dmean2": 0.0417131669819,
        "dvar": 0.000582865497563,
        "dvar2": 0.00125002930872,
        "max": 0.292614370584,
        "mean": 0.155987903476,
        "median": 0.154193267226,
        "min": 0.0688175931573,
        "var": 0.00154118181672
    },
    "erbbands_kurtosis": {
        "dmean": 2.30755162239,
        "dmean2": 3.62291288376,
        "dvar": 7.94299030304,
        "dvar2": 18.3002262115,
        "max": 20.5107955933,
        "mean": 1.80065345764,
        "median": 0.402770996094,
        "min": -1.87513315678,
        "var": 13.2896003723
    },
    "erbbands_skewness": {
        "dmean": 0.713996887207,
        "dmean2": 1.07507681847,
        "dvar": 0.483952492476,
        "dvar2": 1.0000576973,
        "max": 4.50946903229,
        "mean": 0.536470711231,
        "median": 0.554358661175,
        "min": -3.56195545197,
        "var": 1.25491344929
    },
    "erbbands_spread": {
        "dmean": 19.7612056732,
        "dmean2": 30.5895996094,
        "dvar": 418.692687988,
        "dvar2": 913.9765625,
        "max": 160.294921875,
        "mean": 49.0974235535,
        "median": 44.752456665,
        "min": 5.65872859955,
        "var": 840.91998291
    },
    "hfc": {
        "dmean": 15.1200037003,
        "dmean2": 20.1798152924,
        "dvar": 398.495544434,
        "dvar2": 544.145141602,
        "max": 235.035430908,
        "mean": 30.0112056732,
        "median": 23.8835124969,
        "min": 0.532693266869,
        "var": 1130.39257812
    },
    "melbands_crest": {
        "dmean": 3.4315598011,
        "dmean2": 5.61266851425,
        "dvar": 9.68777751923,
        "dvar2": 23.3610916138,
        "max": 33.6106529236,
        "mean": 14.7076053619,
        "median": 13.576292038,
        "min": 4.94786739349,
        "var": 30.8176689148
    },
    "melbands_flatness_db": {
        "dmean": 0.048578299582,
        "dmean2": 0.0672116354108,
        "dvar": 0.00210922956467,
        "dvar2": 0.003965373151,
        "max": 0.574903428555,
        "mean": 0.253312915564,
        "median": 0.240715160966,
        "min": 0.0425407253206,
        "var": 0.00749005936086
    },
    "melbands_kurtosis": {
        "dmean": 29.0329914093,
        "dmean2": 44.7820854187,
        "dvar": 3876.50244141,
        "dvar2": 8453.20117188,
        "max": 931.652770996,
        "mean": 36.6208839417,
        "median": 16.0094890594,
        "min": -1.39042103291,
        "var": 5076.88427734
    },
    "melbands_skewness": {
        "dmean": 1.57352650166,
        "dmean2": 2.30322170258,
        "dvar": 2.77804303169,
        "dvar2": 5.5763297081,
        "max": 20.004327774,
        "mean": 3.84281468391,
        "median": 3.3990752697,
        "min": -0.375268220901,
        "var": 7.50982522964
    },
    "melbands_spread": {
        "dmean": 9.30246639252,
        "dmean2": 13.4337158203,
        "dvar": 159.942596436,
        "dvar2": 319.654541016,
        "max": 190.085479736,
        "mean": 19.383014679,
        "median": 14.8098039627,
        "min": 0.366017699242,
        "var": 381.207550049
    },
    "pitch_salience": {
        "dmean": 0.0827297270298,
        "dmean2": 0.135443240404,
        "dvar": 0.0061488552019,
        "dvar2": 0.0140171274543,
        "max": 0.861966073513,
        "mean": 0.509088993073,
        "median": 0.518874883652,
        "min": 0.0609648264945,
        "var": 0.0160304680467
    },
    "silence_rate_20dB": {
        "dmean": 0,
        "dmean2": 0,
        "dvar": 0,
        "dvar2": 0,
        "max": 1,
        "mean": 1,
        "median": 1,
        "min": 1,
        "var": 0
    },
    "silence_rate_30dB": {
        "dmean": 0.0356037169695,
        "dmean2": 0.0712625905871,
        "dvar": 0.034336026758,
        "dvar2": 0.0661846995354,
        "max": 1,
        "mean": 0.923433899879,
        "median": 1,
        "min": 0,
        "var": 0.0707033649087
    },
    "silence_rate_60dB": {
        "dmean": 0.0108359130099,
        "dmean2": 0.0216886140406,
        "dvar": 0.0107184173539,
        "dvar2": 0.0258656218648,
        "max": 1,
        "mean": 0.00850734766573,
        "median": 0,
        "min": 0,
        "var": 0.008435042575
    },
    "spectral_centroid": {
        "dmean": 396.118408203,
        "dmean2": 571.467590332,
        "dvar": 212660.90625,
        "dvar2": 403962.84375,
        "max": 4253.98046875,
        "mean": 1126.58520508,
        "median": 920.104064941,
        "min": 124.860023499,
        "var": 631173.125
    },
    "spectral_complexity": {
        "dmean": 4.3784828186,
        "dmean2": 6.28272676468,
        "dvar": 23.8342876434,
        "dvar2": 42.0321502686,
        "max": 56,
        "mean": 14.0572309494,
        "median": 12,
        "min": 2,
        "var": 67.5914382935
    },
    "spectral_decrease": {
        "dmean": 4.33404157008e-09,
        "dmean2": 5.97632787702e-09,
        "dvar": 4.45914737905e-17,
        "dvar2": 5.9810994874e-17,
        "max": -3.8418032644e-10,
        "mean": -1.22576171435e-08,
        "median": -9.46651823597e-09,
        "min": -7.46921244854e-08,
        "var": 1.43818081456e-16
    },
    "spectral_energy": {
        "dmean": 0.0172579716891,
        "dmean2": 0.0235603116453,
        "dvar": 0.000649243942462,
        "dvar2": 0.000874439545441,
        "max": 0.284263193607,
        "mean": 0.0489851795137,
        "median": 0.0380138084292,
        "min": 0.00157111382578,
        "var": 0.00210017594509
    },
    "spectral_energyband_high": {
        "dmean": 0.00148680317216,
        "dmean2": 0.00198504165746,
        "dvar": 7.49557830204e-06,
        "dvar2": 9.96647213469e-06,
        "max": 0.0324702188373,
        "mean": 0.00220549432561,
        "median": 0.000669355446007,
        "min": 5.36337324775e-07,
        "var": 2.09125373658e-05
    },
    "spectral_energyband_low": {
        "dmean": 0.0122060477734,
        "dmean2": 0.0174946244806,
        "dvar": 0.00076901569264,
        "dvar2": 0.00112399959471,
        "max": 0.281874150038,
        "mean": 0.0287723615766,
        "median": 0.0153908869252,
        "min": 0.000308874878101,
        "var": 0.00208645826206
    },
    "spectral_energyband_middle_high": {
        "dmean": 0.00367784895934,
        "dmean2": 0.00506457407027,
        "dvar": 2.4495226171e-05,
        "dvar2": 4.09091517213e-05,
        "max": 0.0485936440527,
        "mean": 0.00562226958573,
        "median": 0.00261805928312,
        "min": 1.40000274769e-05,
        "var": 5.56274826522e-05
    },
    "spectral_energyband_middle_low": {
        "dmean": 0.00771246757358,
        "dmean2": 0.0125193325803,
        "dvar": 0.000116976640129,
        "dvar2": 0.000309835158987,
        "max": 0.0801409259439,
        "mean": 0.0149111961946,
        "median": 0.0122475856915,
        "min": 0.000518521177582,
        "var": 0.000131369990413
    },
    "spectral_entropy": {
        "dmean": 0.36686527729,
        "dmean2": 0.52565819025,
        "dvar": 0.133444234729,
        "dvar2": 0.283626317978,
        "max": 8.7478313446,
        "mean": 7.36526250839,
        "median": 7.41253042221,
        "min": 5.0202999115,
        "var": 0.321233004332
    },
    "spectral_flux": {
        "dmean": 0.0405534431338,
        "dmean2": 0.061291873455,
        "dvar": 0.00157361023594,
        "dvar2": 0.0031711962074,
        "max": 0.416812896729,
        "mean": 0.121999226511,
        "median": 0.111148618162,
        "min": 0.013703613542,
        "var": 0.00461668614298
    },
    "spectral_kurtosis": {
        "dmean": 2.24003338814,
        "dmean2": 3.51272892952,
        "dvar": 13.0638151169,
        "dvar2": 30.3220405579,
        "max": 55.6141090393,
        "mean": 3.39750289917,
        "median": 2.48303127289,
        "min": -0.962950706482,
        "var": 15.7970619202
    },
    "spectral_rms": {
        "dmean": 0.00114347215276,
        "dmean2": 0.00159462599549,
        "dvar": 1.62444518992e-06,
        "dvar2": 2.38231268668e-06,
        "max": 0.0166532266885,
        "mean": 0.00641743605956,
        "median": 0.00608988059685,
        "min": 0.00123806053307,
        "var": 6.60699879518e-06
    },
    "spectral_rolloff": {
        "dmean": 766.363769531,
        "dmean2": 1269.04309082,
        "dvar": 1972161.625,
        "dvar2": 3914493.5,
        "max": 11304.9316406,
        "mean": 1365.85107422,
        "median": 624.462890625,
        "min": 64.599609375,
        "var": 3438545
    },
    "spectral_skewness": {
        "dmean": 0.426188141108,
        "dmean2": 0.612617790699,
        "dvar": 0.199126556516,
        "dvar2": 0.426722794771,
        "max": 6.10717916489,
        "mean": 1.50106108189,
        "median": 1.46564435959,
        "min": -0.0118204979226,
        "var": 0.500278890133
    },
    "spectral_spread": {
        "dmean": 1268911.375,
        "dmean2": 1818899.375,
        "dvar": 1.80808214118e+12,
        "dvar2": 3.53542838682e+12,
        "max": 12930087,
        "mean": 5941993.5,
        "median": 5458114.5,
        "min": 1133201.5,
        "var": 3.8004808745e+12
    },
    "spectral_strongpeak": {
        "dmean": 0.571467161179,
        "dmean2": 0.938704252243,
        "dvar": 0.799204528332,
        "dvar2": 1.8646068573,
        "max": 8.29551887512,
        "mean": 0.884575784206,
        "median": 0.472005903721,
        "min": 0.0176621768624,
        "var": 1.10947477818
    },
    "zerocrossingrate": {
        "dmean": 0.0188162121922,
        "dmean2": 0.0203553903848,
        "dvar": 0.000335741176968,
        "dvar2": 0.000381004880182,
        "max": 0.27099609375,
        "mean": 0.0570934079587,
        "median": 0.04541015625,
        "min": 0.00390625,
        "var": 0.00174285238609
    },
    "barkbands": {
        "dmean": [0.000227371187066, 0.00991100911051, 0.00575869111344, 0.00298206415027, 0.00244088005275, 0.00223237671889, 0.00141303148121, 0.00173011398874, 0.00118338875473, 0.00128683960065, 0.000650332891382, 0.00122526776977, 0.000689048378263, 0.000490445701871, 0.000345999491401, 0.000245021394221, 0.000197589208256, 0.000169229941093, 0.000122348108562, 0.000242800699198, 0.00037107776734, 0.000281062355498, 0.000369899935322, 0.000267283408903, 0.000166317273397, 7.02782417648e-05, 1.50784966735e-08],
        "dmean2": [0.000297822902212, 0.0135564822704, 0.00988153088838, 0.00542515562847, 0.00420605111867, 0.00360433594324, 0.00234398106113, 0.00281303492375, 0.00194447115064, 0.00194945232943, 0.000997856026515, 0.00189044140279, 0.0010805928614, 0.000766334414948, 0.000571360636968, 0.00037913187407, 0.000292267272016, 0.000253887788858, 0.000173573105712, 0.00034313974902, 0.000547657138668, 0.000392753368942, 0.000513179285917, 0.000393700174754, 0.000253203819739, 0.000113724068797, 2.65733834937e-08],
        "dvar": [4.37393993025e-07, 0.000533804122824, 0.000359276280506, 4.80843737023e-05, 2.67619179795e-05, 1.32549866976e-05, 7.43928421798e-06, 1.08683079816e-05, 7.27058431949e-06, 1.17255785881e-05, 3.26595318256e-06, 8.80763491296e-06, 2.38101051764e-06, 1.09730854092e-06, 6.93919048445e-07, 4.19890596959e-07, 1.62881320875e-07, 8.94226062087e-08, 1.17040229952e-07, 2.94489638009e-07, 6.79947049775e-07, 5.02312218487e-07, 6.5188754661e-07, 2.19578708993e-07, 5.40273248362e-08, 1.2945508665e-08, 2.24371827948e-14],
        "dvar2": [7.13818849363e-07, 0.000869395036716, 0.000952063070145, 0.00013803197362, 6.99189331499e-05, 2.78609059023e-05, 1.7402571757e-05, 2.45825449383e-05, 1.93703326659e-05, 2.58289037447e-05, 7.57177031119e-06, 2.13807306864e-05, 5.54927783014e-06, 2.41110160459e-06, 1.69843303865e-06, 8.64334595008e-07, 3.20700252132e-07, 1.76603833779e-07, 2.18753882564e-07, 5.4775927083e-07, 1.35826894621e-06, 7.30289968942e-07, 1.00625197774e-06, 4.07481081766e-07, 1.19632275641e-07, 3.13152668241e-08, 5.50179849324e-14],
        "max": [0.00675691617653, 0.252734065056, 0.159117504954, 0.0721971988678, 0.0478426106274, 0.038507077843, 0.0398782193661, 0.0340911597013, 0.0316191539168, 0.0337063483894, 0.0178785268217, 0.040073107928, 0.0204598456621, 0.01221320685, 0.00799615308642, 0.00832104030997, 0.00545119214803, 0.0032043075189, 0.00438117003068, 0.00838021282107, 0.00979644898325, 0.0089952852577, 0.00935669150203, 0.00455759419128, 0.00246231863275, 0.000571910990402, 2.91921560347e-06],
        "mean": [0.000325370638166, 0.0189879070967, 0.00710161309689, 0.00368722691201, 0.00362143153325, 0.00305446446873, 0.00143820629455, 0.00172683421988, 0.00112256384455, 0.00132064789068, 0.000697651179507, 0.00123761733994, 0.000691332097631, 0.000487844925374, 0.000319683924317, 0.000249916454777, 0.000232679914916, 0.000208273588214, 0.000161303047207, 0.00031882696203, 0.000490343139973, 0.000412623689044, 0.000487245764816, 0.000358734716428, 0.000181180235813, 6.36672702967e-05, 9.92697035684e-09],
        "median": [1.78331592906e-05, 0.00886104349047, 0.0026184192393, 0.00245326361619, 0.00164275732823, 0.0016049441183, 0.000403961836128, 0.000197950925212, 0.000211156613659, 0.00012850924395, 9.06982604647e-05, 9.74345530267e-05, 0.000108830419776, 4.46116937383e-05, 4.38882452727e-05, 3.51638700522e-05, 4.38668575953e-05, 4.62082571175e-05, 4.21304539486e-05, 5.5670781876e-05, 0.00010717153782, 9.70519467955e-05, 8.69854193297e-05, 0.000121795485029, 5.53913960175e-05, 1.15936300062e-05, 6.78811840071e-10],
        "min": [6.92727013529e-08, 2.56892744801e-05, 1.37580373121e-05, 5.18616752743e-06, 3.50686605088e-05, 7.12454357199e-06, 9.63686829891e-07, 6.48337106668e-07, 6.6536176746e-07, 6.98275414379e-07, 2.32011018397e-07, 7.55384974127e-07, 5.40117468972e-07, 3.79719438115e-07, 2.94378622812e-07, 3.90185959986e-07, 3.01561669858e-07, 7.30568956442e-08, 1.28121158127e-07, 1.46224408581e-07, 1.50704693169e-07, 7.33798160013e-08, 1.15561007874e-07, 7.0436087185e-08, 3.41355343991e-09, 3.60407065303e-10, 1.4671135834e-11],
        "var": [1.07621247025e-06, 0.00130544381682, 0.000267003691988, 3.16308723995e-05, 2.73735113296e-05, 1.99041187443e-05, 8.12600956124e-06, 1.50139831021e-05, 6.41288033876e-06, 1.39034464155e-05, 3.9438150452e-06, 9.97244114842e-06, 2.66931033366e-06, 1.43495265092e-06, 6.69343478421e-07, 5.16486750257e-07, 2.66737572474e-07, 1.53667400582e-07, 2.07374625916e-07, 5.95141727899e-07, 1.38906295888e-06, 1.33012588321e-06, 1.50848791236e-06, 4.3131612415e-07, 7.46259090079e-08, 1.28964492419e-08, 1.47071296249e-14]
    },
    "erbbands": {
        "dmean": [0.238588675857, 2.63709688187, 6.93994665146, 7.21413946152, 9.58198547363, 7.47119379044, 7.75413322449, 23.5693283081, 14.3455953598, 39.1745414734, 22.6601963043, 26.4277591705, 35.0255012512, 25.3696899414, 35.742767334, 51.0833435059, 32.5800437927, 25.5371856689, 18.4750442505, 17.1027164459, 10.9503364563, 10.9417848587, 10.1542043686, 4.66190576553, 7.81887626648, 11.0188798904, 15.0584516525, 14.1165513992, 9.84402179718, 10.0505685806, 11.1978521347, 7.50303649902, 3.51996779442, 2.16848039627, 0.993590176105, 0.50743585825, 0.0833884105086, 0.00444841338322, 0.000113028778287, 2.64091941062e-05],
        "dmean2": [0.338703811169, 3.52142906189, 11.4672803879, 12.6055212021, 16.9908638, 12.6257123947, 12.3795309067, 38.2259254456, 24.7122859955, 62.9687309265, 37.089302063, 42.4234924316, 53.3507499695, 36.9725036621, 53.010597229, 79.2345581055, 49.2243614197, 38.2222137451, 29.0475711823, 26.6177387238, 16.4183120728, 15.8516521454, 15.0680475235, 6.87372303009, 11.165356636, 15.347026825, 22.194021225, 19.5774612427, 13.9787549973, 14.3021154404, 16.1903820038, 11.1331157684, 5.1387796402, 3.30435276031, 1.54733741283, 0.819018959999, 0.129920274019, 0.00722054531798, 0.000175624372787, 3.64941770385e-05],
        "dvar": [0.375231206417, 39.9286155701, 490.135070801, 254.942123413, 460.347137451, 196.08807373, 342.082489014, 1620.08605957, 933.807006836, 4293.98046875, 2079.91137695, 2969.65722656, 9482.39257812, 3723.71435547, 8781.11132812, 15936.8378906, 4696.87011719, 2725.30957031, 1591.91015625, 1655.53735352, 673.918151855, 458.901947021, 318.392913818, 154.647735596, 442.356414795, 657.009277344, 1072.76306152, 1152.1373291, 632.28729248, 642.060302734, 561.582641602, 194.99810791, 33.5429763794, 8.85055828094, 2.42481398582, 0.676142334938, 0.0177027527243, 6.90516753821e-05, 3.08602814414e-08, 9.72508185093e-10],
        "dvar2": [0.626221299171, 66.8361053467, 1185.84008789, 653.918151855, 1277.27734375, 492.613525391, 799.218139648, 3358.60888672, 2323.11523438, 9096.29785156, 4969.77099609, 7768.640625, 20792.2441406, 7758.44238281, 19102.7207031, 39883.578125, 10618.2949219, 5747.91308594, 3655.79516602, 3633.65258789, 1374.0847168, 897.050048828, 629.575805664, 285.148468018, 912.988952637, 1127.52001953, 2288.80712891, 1863.14794922, 982.740600586, 977.320678711, 1070.95251465, 375.87890625, 66.7566833496, 19.0060749054, 5.77230644226, 1.63450109959, 0.0412567406893, 0.000173408028786, 7.41685113326e-08, 1.43137313113e-09],
        "max": [6.42156028748, 67.2632904053, 189.112304688, 166.649536133, 174.186325073, 123.283821106, 364.594055176, 471.754577637, 505.943145752, 644.25390625, 570.519836426, 564.770996094, 1125.40258789, 740.337036133, 1029.62341309, 1586.39709473, 896.532836914, 626.345458984, 397.83770752, 409.3777771, 370.408874512, 277.488372803, 218.461288452, 171.625457764, 265.034088135, 470.139190674, 415.819366455, 411.444946289, 321.157562256, 346.212127686, 261.892059326, 128.072235107, 66.0775756836, 30.6471309662, 18.406578064, 4.36501169205, 1.7389793396, 0.155854046345, 0.00257686059922, 0.0003100745962],
        "mean": [0.448543667793, 4.55881071091, 8.95400524139, 11.3774881363, 11.473526001, 12.7966480255, 12.4845476151, 30.5856437683, 15.7499351501, 44.7183876038, 21.6469192505, 27.5940036774, 36.1119689941, 29.3734798431, 41.313079834, 51.7774391174, 35.8607597351, 27.8019714355, 18.9639587402, 16.9993286133, 12.2323551178, 13.2588214874, 12.8836126328, 6.68694877625, 9.83390426636, 14.8967924118, 19.7832431793, 19.5863285065, 14.0847730637, 13.5998764038, 14.3860998154, 9.95539665222, 4.48273992538, 2.46355938911, 0.996829688549, 0.45296728611, 0.0807077512145, 0.00411343574524, 0.000133162218845, 6.74266048009e-05],
        "median": [0.157500341535, 2.29716205597, 3.9605383873, 8.24040412903, 6.01963567734, 5.29320192337, 8.29318809509, 14.6700744629, 6.8245267868, 7.76447534561, 3.95900893211, 5.74034404755, 3.53804111481, 3.60534763336, 4.78111553192, 4.9323925972, 6.62978458405, 3.68563508987, 2.58033394814, 2.45160627365, 1.96008694172, 2.70564341545, 3.2729408741, 1.90233266354, 2.30185317993, 2.69328856468, 3.9316868782, 4.1298995018, 3.16239213943, 2.81777882576, 2.47016096115, 2.87656164169, 1.684289217, 0.864719450474, 0.235823392868, 0.0801261886954, 0.016719199717, 0.00094136147527, 5.52055098524e-05, 5.43524147361e-05],
        "min": [0.000734575791284, 0.00807774346322, 0.0362036451697, 0.076456964016, 0.245288535953, 0.18026073277, 0.424804568291, 0.152784943581, 0.0523908101022, 0.0968397930264, 0.0646946802735, 0.0407528057694, 0.0394052416086, 0.0175833627582, 0.0183505788445, 0.04612050578, 0.03603008762, 0.0275658611208, 0.020373698324, 0.0194897912443, 0.0292728915811, 0.0159743111581, 0.00714263087139, 0.0103252464905, 0.00650662556291, 0.00907279085368, 0.00709194224328, 0.0042471382767, 0.00279053370468, 0.00191129813902, 0.00403131917119, 0.00247797043994, 0.000588634982705, 0.000210554659134, 7.14191119187e-05, 5.29413555341e-05, 6.31045668342e-06, 5.71767088786e-07, 9.96227640826e-07, 1.97634631149e-06],
        "var": [0.968235373497, 77.5166549683, 430.99105835, 215.848464966, 341.023864746, 285.580596924, 385.054321289, 2460.94555664, 876.88079834, 6325.9296875, 2318.48852539, 2881.82202148, 10711.4726562, 5712.84472656, 12286.5703125, 16735.2597656, 5991.58544922, 3830.33569336, 1880.58532715, 1912.6237793, 902.529663086, 770.286987305, 539.646484375, 298.5909729, 697.394104004, 1367.59667969, 2135.46386719, 2673.2590332, 1549.50756836, 1458.67822266, 1163.85510254, 392.097259521, 59.5945281982, 13.4575557709, 2.75418400764, 0.654939174652, 0.0209363736212, 7.37524023862e-05, 3.67038737181e-08, 2.9619102726e-09]
    },
    "gfcc": {
        "mean": [9.48159122467, 92.5577926636, -80.645111084, 50.3469810486, -66.6218566895, 30.4657840729, -38.4546852112, 6.85121822357, -24.3001022339, 5.20516395569, -10.8335084915, 1.15309906006, -9.731549263],
        "cov": [[3142.31738281, -1187.6081543, -612.75189209, -51.2946929932, -355.08215332, 268.798156738, -143.917938232, 282.284942627, 0.273453891277, 172.647918701, -228.348907471, -48.6674041748, -154.534088135], [-1187.6081543, 1476.05883789, -279.649078369, -512.370239258, 200.487792969, -71.8370285034, 289.965911865, -102.70690155, 186.869384766, -141.504714966, 174.660247803, -26.7418632507, 59.1247138977], [-612.75189209, -279.649078369, 1012.54180908, 326.471801758, 68.5220794678, -27.9412212372, -98.5727157593, -9.03089904785, -98.206413269, 6.82565641403, -3.9231505394, 106.242027283, -18.5664958954], [-51.2946929932, -512.370239258, 326.471801758, 912.448425293, 118.517219543, -209.491241455, -205.7265625, -74.4413528442, 65.2401199341, 30.4370517731, -5.90313577652, -23.2601184845, 140.809143066], [-355.08215332, 200.487792969, 68.5220794678, 118.517219543, 419.458557129, -12.8297595978, -67.6523895264, 19.4831981659, 75.4012527466, 20.8100204468, 22.4594116211, -40.6903305054, 67.9492263794], [268.798156738, -71.8370285034, -27.9412212372, -209.491241455, -12.8297595978, 295.744537354, 148.314331055, 29.4292373657, -72.0093994141, 13.0240736008, -4.44538545609, -24.1235923767, -51.6049003601], [-143.917938232, 289.965911865, -98.5727157593, -205.7265625, -67.6523895264, 148.314331055, 411.980560303, -20.8235378265, -83.0389862061, -40.7967948914, 35.0121078491, 11.5786895752, -17.0527248383], [282.284942627, -102.70690155, -9.03089904785, -74.4413528442, 19.4831981659, 29.4292373657, -20.8235378265, 220.138519287, 39.9481277466, -6.70619821548, -2.69431257248, 5.96837568283, -19.270154953], [0.273453891277, 186.869384766, -98.206413269, 65.2401199341, 75.4012527466, -72.0093994141, -83.0389862061, 39.9481277466, 263.381225586, 20.0361804962, 19.0819034576, -32.0891075134, 39.3631706238], [172.647918701, -141.504714966, 6.82565641403, 30.4370517731, 20.8100204468, 13.0240736008, -40.7967948914, -6.70619821548, 20.0361804962, 137.398513794, -25.7260570526, -28.9088230133, -11.6063308716], [-228.348907471, 174.660247803, -3.9231505394, -5.90313577652, 22.4594116211, -4.44538545609, 35.0121078491, -2.69431257248, 19.0819034576, -25.7260570526, 145.531616211, 29.7045555115, -2.66517496109], [-48.6674041748, -26.7418632507, 106.242027283, -23.2601184845, -40.6903305054, -24.1235923767, 11.5786895752, 5.96837568283, -32.0891075134, -28.9088230133, 29.7045555115, 148.566986084, -13.1558256149], [-154.534088135, 59.1247138977, -18.5664958954, 140.809143066, 67.9492263794, -51.6049003601, -17.0527248383, -19.270154953, 39.3631706238, -11.6063308716, -2.66517496109, -13.1558256149, 143.829986572]],
        "icov": [[0.00102444959339, 0.000337709090672, 0.000899346719962, -0.000492609629873, 0.000606033136137, -0.00110330001917, 0.000393139227526, -0.00104552228004, -0.000188458274351, -0.000648121174891, 0.00101759575773, -0.000629983493127, 0.000745107186958], [0.000337709090672, 0.00555890286341, -0.000588347087614, 0.00469494517893, -0.00285412720405, 0.00428601866588, -0.00378975691274, 0.00368232885376, -0.00448482297361, 0.00371586624533, -0.00374951516278, 0.0026588649489, -0.00196340261027], [0.000899346719962, -0.000588347087614, 0.00234974641353, -0.0018749658484, 0.000690252461936, -0.0020064720884, 0.00118730438408, -0.00165773497429, 0.00109550449997, -0.00122850469779, 0.00172859325539, -0.00214925128967, 0.00165620120242], [-0.000492609629873, 0.00469494517893, -0.0018749658484, 0.0064786109142, -0.00302495504729, 0.00551511347294, -0.00327981659211, 0.0044891606085, -0.00392085779458, 0.0034713645, -0.00435302127153, 0.00354120321572, -0.00382695649751], [0.000606033136137, -0.00285412720405, 0.000690252461936, -0.00302495504729, 0.00502493232489, -0.00362682831474, 0.00279421615414, -0.0031351132784, 0.00183467986062, -0.00288817822002, 0.00214581075124, -0.0011541985441, 0.000309992465191], [-0.00110330001917, 0.00428601866588, -0.0020064720884, 0.00551511347294, -0.00362682831474, 0.0104574626312, -0.00532817095518, 0.00383340730332, -0.00259179365821, 0.00314349145629, -0.00452355761081, 0.00445606419817, -0.00197148649022], [0.000393139227526, -0.00378975691274, 0.00118730438408, -0.00327981659211, 0.00279421615414, -0.00532817095518, 0.00653395196423, -0.00279663153924, 0.0037012998946, -0.00234391354024, 0.00247022439726, -0.00246305181645, 0.00113106123172], [-0.00104552228004, 0.00368232885376, -0.00165773497429, 0.0044891606085, -0.0031351132784, 0.00383340730332, -0.00279663153924, 0.00915977638215, -0.00415304768831, 0.00416134111583, -0.00370476860553, 0.00230947486125, -0.00187876832206], [-0.000188458274351, -0.00448482297361, 0.00109550449997, -0.00392085779458, 0.00183467986062, -0.00259179365821, 0.0037012998946, -0.00415304768831, 0.00873834453523, -0.00381953199394, 0.002131029265, -0.00150767795276, 0.000908650166821], [-0.000648121174891, 0.00371586624533, -0.00122850469779, 0.0034713645, -0.00288817822002, 0.00314349145629, -0.00234391354024, 0.00416134111583, -0.00381953199394, 0.0116392280906, -0.00234703393653, 0.0034559678752, -0.00075177726103], [0.00101759575773, -0.00374951516278, 0.00172859325539, -0.00435302127153, 0.00214581075124, -0.00452355761081, 0.00247022439726, -0.00370476860553, 0.002131029265, -0.00234703393653, 0.0120013887063, -0.00455236760899, 0.00331252999604], [-0.000629983493127, 0.0026588649489, -0.00214925128967, 0.00354120321572, -0.0011541985441, 0.00445606419817, -0.00246305181645, 0.00230947486125, -0.00150767795276, 0.0034559678752, -0.00455236760899, 0.0107017848641, -0.00176664511673], [0.000745107186958, -0.00196340261027, 0.00165620120242, -0.00382695649751, 0.000309992465191, -0.00197148649022, 0.00113106123172, -0.00187876832206, 0.000908650166821, -0.00075177726103, 0.00331252999604, -0.00176664511673, 0.0111397206783]]
    },
    "melbands": {
        "dmean": [0.00240487162955, 0.00327797303908, 0.00126153056044, 0.000640228681732, 0.000255736289546, 0.000485688215122, 0.000244938302785, 0.000448028586106, 0.000156175126904, 0.000181688068551, 0.000185624157893, 0.00011839374929, 0.000104117039882, 0.000122542420286, 0.000121596407553, 6.56318370602e-05, 4.93520747114e-05, 3.20900471706e-05, 2.54418100667e-05, 2.06466684176e-05, 1.20473378047e-05, 1.15806024041e-05, 1.24448770293e-05, 6.71552288622e-06, 3.47548530044e-06, 5.25245650351e-06, 6.09281596553e-06, 8.2044643932e-06, 9.66615334619e-06, 1.0364764421e-05, 7.9289502537e-06, 6.07974152445e-06, 5.18323804499e-06, 6.13761812929e-06, 7.06646187609e-06, 5.63671028431e-06, 4.35354058936e-06, 2.6588838864e-06, 2.15483623833e-06, 1.78773905191e-06],
        "dmean2": [0.00350049440749, 0.00492680259049, 0.00217825337313, 0.00110554252751, 0.000412874534959, 0.000788730219938, 0.000420706899604, 0.000717122282367, 0.000258443935309, 0.000295718054986, 0.000284137262497, 0.000177831592737, 0.000159314484335, 0.000192664767383, 0.000187825615285, 9.93624780676e-05, 7.66591911088e-05, 5.11742000526e-05, 4.11590517615e-05, 3.31693372573e-05, 1.85915960174e-05, 1.73730713868e-05, 1.83962092706e-05, 1.02523463283e-05, 5.23972630617e-06, 7.69060989114e-06, 8.77616093931e-06, 1.1697433365e-05, 1.46413312905e-05, 1.50086243593e-05, 1.09276434159e-05, 8.87451824383e-06, 7.69417511037e-06, 8.61904572957e-06, 1.05849794636e-05, 8.14062605059e-06, 6.67040876579e-06, 3.90244713344e-06, 3.37237747772e-06, 2.7391556614e-06],
        "dvar": [3.38144564012e-05, 8.52136217873e-05, 7.28386658011e-06, 1.98602378987e-06, 2.87784274633e-07, 6.75010255691e-07, 2.50809421232e-07, 5.49572234831e-07, 9.46323766016e-08, 1.61993241932e-07, 2.64751093937e-07, 9.22635763345e-08, 8.01571360398e-08, 9.32123001007e-08, 9.3574676896e-08, 1.91056255261e-08, 1.25921761907e-08, 5.09830577755e-09, 4.28117141738e-09, 3.07278313905e-09, 9.44849309903e-10, 6.40796860019e-10, 4.8728227009e-10, 1.80217840651e-10, 9.76143055276e-11, 2.35296115925e-10, 2.36321906488e-10, 4.01172511877e-10, 4.76249428782e-10, 5.71266312033e-10, 4.13929862608e-10, 2.52875637097e-10, 1.82153458983e-10, 2.47808523701e-10, 2.31114072324e-10, 1.28493854445e-10, 6.45994854831e-11, 2.23510879943e-11, 9.62425278361e-12, 6.58740466689e-12],
        "dvar2": [5.78257640882e-05, 0.000165223405929, 1.82421717909e-05, 5.23461994817e-06, 6.75507237702e-07, 1.42152237004e-06, 6.16853071733e-07, 1.17352817597e-06, 2.27050719559e-07, 4.30720831446e-07, 5.81868505378e-07, 1.98257325223e-07, 1.81378212005e-07, 2.32023651847e-07, 2.18938609464e-07, 4.13831351409e-08, 2.77601532872e-08, 1.19014336164e-08, 1.07321316278e-08, 6.34154950774e-09, 2.00106176074e-09, 1.32318811463e-09, 9.62972812601e-10, 3.7329944691e-10, 1.88654591948e-10, 4.55070481298e-10, 5.09406350435e-10, 7.21465609477e-10, 1.09082032296e-09, 1.14734477474e-09, 6.20008100416e-10, 4.37294617184e-10, 3.21626059119e-10, 4.03751837519e-10, 4.75796901878e-10, 2.41586889382e-10, 1.3515621955e-10, 4.57639481866e-11, 2.19926785117e-11, 1.46995211142e-11],
        "max": [0.0587997213006, 0.0820802301168, 0.0261476468295, 0.0128748081625, 0.00987604539841, 0.00912291370332, 0.00841650180519, 0.00690172147006, 0.00372978905216, 0.0035214337986, 0.00549650192261, 0.00368924462236, 0.00274860952049, 0.00305582396686, 0.00486999284476, 0.00156353518832, 0.00142245832831, 0.000716549344361, 0.000787435041275, 0.000556933227926, 0.000447009224445, 0.000333809613949, 0.000301908003166, 0.000132654633489, 0.000138509145472, 0.000200419483008, 0.000179052833118, 0.000380492099794, 0.000359462370398, 0.000270285410807, 0.000268184026936, 0.000194359236048, 0.000177173613338, 0.000226829593885, 0.000174304761458, 0.000109661807073, 7.18099108781e-05, 5.86558089708e-05, 2.83524186671e-05, 2.98420491163e-05],
        "mean": [0.00478524761274, 0.00535847712308, 0.00192830606829, 0.000957858457696, 0.000436059664935, 0.000635818636511, 0.000256273458945, 0.000502453243826, 0.000143929762999, 0.000179149705218, 0.000188751262613, 0.000129695472424, 0.000114522728836, 0.000130504093249, 0.000117287832836, 6.86311759637e-05, 4.93395818921e-05, 3.12671327265e-05, 2.33382070292e-05, 2.05959058803e-05, 1.31563265313e-05, 1.33663661472e-05, 1.49412517203e-05, 8.14627492218e-06, 4.82226823806e-06, 6.58746694171e-06, 7.51378684072e-06, 1.06171382868e-05, 1.21500470414e-05, 1.27969760797e-05, 1.11188974188e-05, 8.34824913909e-06, 6.95965036357e-06, 7.73403280618e-06, 8.74369106896e-06, 7.09401456334e-06, 5.6173230405e-06, 3.25471751239e-06, 2.48716560236e-06, 1.90649154774e-06],
        "median": [0.00208682660013, 0.00280620763078, 0.00136586523149, 0.000386844971217, 0.000316564168315, 0.000312893040245, 9.38502926147e-05, 7.90813137428e-05, 2.61478107859e-05, 3.44402105839e-05, 1.65477449627e-05, 1.44390678543e-05, 1.37799152071e-05, 1.22280634969e-05, 1.39610256156e-05, 1.17793742902e-05, 4.40460598838e-06, 3.63845174434e-06, 3.197407068e-06, 2.58076170212e-06, 2.07132666219e-06, 2.59190983343e-06, 3.39279608852e-06, 1.65187464063e-06, 1.15560453651e-06, 1.47224261582e-06, 1.49039556163e-06, 1.521306217e-06, 1.98980887944e-06, 2.56267117038e-06, 2.17911929212e-06, 1.68317183125e-06, 1.52949405674e-06, 1.42463272823e-06, 1.2354385035e-06, 1.53571659212e-06, 1.81792768217e-06, 1.0867340734e-06, 9.35198613661e-07, 6.12396547695e-07],
        "min": [6.29515034234e-06, 2.25847488764e-05, 1.38071754918e-05, 1.27222010633e-05, 1.49623774632e-05, 2.0256550215e-06, 6.16495810846e-07, 3.46312020838e-07, 1.74492939209e-07, 2.03831618251e-07, 1.61678357813e-07, 7.30789935233e-08, 4.26321946634e-08, 7.15238570592e-08, 1.02748686004e-07, 4.87682001449e-08, 3.80368554431e-08, 3.17647064207e-08, 1.45141383356e-08, 2.76405973665e-08, 3.85571361505e-08, 1.54513468686e-08, 4.25246238223e-09, 6.28161700433e-09, 5.76256686813e-09, 2.43181852433e-09, 5.13343589859e-09, 5.0275592578e-09, 3.71932951104e-09, 4.69224614719e-09, 1.47965820152e-10, 2.69064437397e-10, 1.00253594315e-09, 4.04372507701e-10, 9.02619812226e-10, 1.98363636628e-09, 1.13866094331e-09, 6.31806065798e-11, 6.36265623521e-11, 2.70078577558e-11],
