{
"highlevel": {
    "danceability": {
        "all": {
            "danceable": 0.5,
            "not_danceable": 0.5
        },
        "probability": 0.5,
        "value": "danceable"
    },
    "gender": {
        "all": {
            "female": 0.648787736893,
            "male": 0.351212263107
        },
        "probability": 0.648787736893,
        "value": "female"
    },
    "genre_dortmund": {
        "all": {
            "alternative": 0.203203961253,
            "blues": 0.0234970077872,
            "electronic": 0.193375006318,
            "folkcountry": 0.0491455234587,
            "funksoulrnb": 0.0217828005552,
            "jazz": 0.0204617790878,
            "pop": 0.0993139743805,
            "raphiphop": 0.0683281868696,
            "rock": 0.320891737938
        },
        "probability": 0.320891737938,
        "value": "rock"
    },
    "genre_electronic": {
        "all": {
            "ambient": 0.164605289698,
            "dnb": 0.108475223184,
            "house": 0.177144259214,
            "techno": 0.015373066999,
            "trance": 0.534402191639
        },
        "probability": 0.534402191639,
        "value": "trance"
    },
    "genre_rosamerica": {
        "all": {
            "cla": 0.00515216076747,
            "dan": 0.35326603055,
            "hip": 0.0541677214205,
            "jaz": 0.00572253251448,
            "pop": 0.0962029024959,
            "rhy": 0.0399479009211,
            "roc": 0.443014144897,
            "spe": 0.0025266141165
        },
        "probability": 0.443014144897,
        "value": "roc"
    },
    "genre_tzanetakis": {
        "all": {
            "blu": 0.0627507790923,
            "cla": 0.0348575115204,
            "cou": 0.0627431645989,
            "dis": 0.0448173992336,
            "hip": 0.104576781392,
            "jaz": 0.313749134541,
            "met": 0.0627529844642,
            "pop": 0.078439347446,
            "reg": 0.0784381404519,
            "roc": 0.156874760985
        },
        "probability": 0.313749134541,
        "value": "jaz"
    },
    "ismir04_rhythm": {
        "all": {
            "ChaChaCha": 0.10658095777,
            "Jive": 0.0522930510342,
            "Quickstep": 0.0599112510681,
            "Rumba-American": 0.00585709791631,
            "Rumba-International": 0.0309290401638,
            "Rumba-Misc": 0.00319169275463,
            "Samba": 0.707443535328,
            "Tango": 0.0138090578839,
            "VienneseWaltz": 0.016889385879,
            "Waltz": 0.00309493253008
        },
        "probability": 0.707443535328,
        "value": "Samba"
    },
    "mood_acoustic": {
        "all": {
            "acoustic": 0.0217334404588,
            "not_acoustic": 0.978266537189
        },
        "probability": 0.978266537189,
        "value": "not_acoustic"
    },
    "mood_aggressive": {
        "all": {
            "aggressive": 0.309798687696,
            "not_aggressive": 0.690201282501
        },
        "probability": 0.690201282501,
        "value": "not_aggressive"
    },
    "mood_electronic": {
        "all": {
            "electronic": 0.78581994772,
            "not_electronic": 0.214180067182
        },
        "probability": 0.78581994772,
        "value": "electronic"
    },
    "mood_happy": {
        "all": {
            "happy": 0.125311017036,
            "not_happy": 0.874688982964
        },
        "probability": 0.874688982964,
        "value": "not_happy"
    },
    "mood_party": {
        "all": {
            "not_party": 0.456438720226,
            "party": 0.543561279774
        },
        "probability": 0.543561279774,
        "value": "party"
    },
    "mood_relaxed": {
        "all": {
            "not_relaxed": 0.94220995903,
            "relaxed": 0.0577900335193
        },
        "probability": 0.94220995903,
        "value": "not_relaxed"
    },
    "mood_sad": {
        "all": {
            "not_sad": 0.556701123714,
            "sad": 0.443298906088
        },
        "probability": 0.556701123714,
        "value": "not_sad"
    },
    "moods_mirex": {
        "all": {
            "Cluster1": 0.388492912054,
            "Cluster2": 0.120811626315,
            "Cluster3": 0.302992999554,
            "Cluster4": 0.147206991911,
            "Cluster5": 0.0404954776168
        },
        "probability": 0.388492912054,
        "value": "Cluster1"
    },
    "timbre": {
        "all": {
            "bright": 0.935055494308,
            "dark": 0.0649445354939
        },
        "probability": 0.935055494308,
        "value": "bright"
    },
    "tonal_atonal": {
        "all": {
            "atonal": 0.0852539017797,
            "tonal": 0.914746105671
        },
        "probability": 0.914746105671,
        "value": "tonal"
    },
    "voice_instrumental": {
        "all": {
            "instrumental": 0.0301013924181,
            "voice": 0.969898581505
        },
        "probability": 0.969898581505,
        "value": "voice"
    }
},
"lowlevel": {
    "average_loudness": 0.983341276646,
    "barkbands_crest": {
        "dmean": 2.81042289734,
        "dmean2": 4.63361978531,
        "dvar": 10.9788160324,
        "dvar2": 25.1051425934,
        "max": 24.2784061432,
        "mean": 9.20917510986,
        "median": 8.25720882416,
        "min": 2.74031925201,
        "var": 18.4488582611
    },
    "barkbands_flatness_db": {
        "dmean": 0.0268010031432,
        "dmean2": 0.041730735451,
        "dvar": 0.00067217531614,
        "dvar2": 0.00169684842695,
        "max": 0.327213138342,
        "mean": 0.147751271725,
        "median": 0.144717052579,
        "min": 0.0471590422094,
        "var": 0.00213565560989
    },
    "barkbands_kurtosis": {
        "dmean": 2.81139922142,
        "dmean2": 4.79366636276,
        "dvar": 40.9400520325,
        "dvar2": 111.25025177,
        "max": 110.763778687,
        "mean": 3.07714343071,
        "median": 1.34586048126,
        "min": -1.86637675762,
        "var": 40.5791893005
    },
    "barkbands_skewness": {
        "dmean": 0.585176289082,
        "dmean2": 0.916541814804,
        "dvar": 0.541657149792,
        "dvar2": 1.34117674828,
        "max": 8.81569862366,
        "mean": 1.41834068298,
        "median": 1.29250597954,
        "min": -2.51878118515,
        "var": 1.22926151752
    },
    "barkbands_spread": {
        "dmean": 7.4689540863,
        "dmean2": 11.8446922302,
        "dvar": 86.7926330566,
        "dvar2": 225.669219971,
        "max": 98.1776275635,
        "mean": 22.9157829285,
        "median": 19.3557949066,
        "min": 1.22010505199,
        "var": 198.509246826
    },
    "dissonance": {
        "dmean": 0.0161477774382,
        "dmean2": 0.0271183401346,
        "dvar": 0.000224757648539,
        "dvar2": 0.000595519610215,
        "max": 0.499992668629,
        "mean": 0.467360824347,
        "median": 0.472020089626,
        "min": 0.363757610321,
        "var": 0.000499303860124
    },
    "dynamic_complexity": 2.08168268204,
    "erbbands_crest": {
        "dmean": 1.95559513569,
        "dmean2": 3.16211605072,
        "dvar": 3.93356204033,
        "dvar2": 10.3172082901,
        "max": 22.0985145569,
        "mean": 6.73705101013,
        "median": 6.05377960205,
        "min": 2.04794812202,
        "var": 8.65521430969
    },
    "erbbands_flatness_db": {
        "dmean": 0.0219995044172,
        "dmean2": 0.0294584222138,
        "dvar": 0.000487028853968,
        "dvar2": 0.000873126788065,
        "max": 0.273256987333,
        "mean": 0.161839678884,
        "median": 0.169882073998,
        "min": 0.0641147643328,
        "var": 0.00206336262636
    },
    "erbbands_kurtosis": {
        "dmean": 0.610197663307,
        "dmean2": 0.99913829565,
        "dvar": 0.505984842777,
        "dvar2": 1.33629381657,
        "max": 9.62835979462,
        "mean": -0.0949811637402,
        "median": -0.305929899216,
        "min": -1.60117769241,
        "var": 0.928621828556
    },
    "erbbands_skewness": {
        "dmean": 0.312844872475,
        "dmean2": 0.481614381075,
        "dvar": 0.0820238366723,
        "dvar2": 0.184631377459,
        "max": 1.70134747028,
        "mean": 0.118312180042,
        "median": 0.157911166549,
        "min": -1.95384085178,
        "var": 0.251308888197
    },
    "erbbands_spread": {
        "dmean": 9.73350429535,
        "dmean2": 14.296833992,
        "dvar": 137.276321411,
        "dvar2": 294.779205322,
        "max": 135.607131958,
        "mean": 38.8104324341,
        "median": 33.6150131226,
        "min": 6.95838546753,
        "var": 370.880371094
    },
    "hfc": {
        "dmean": 12.2454223633,
        "dmean2": 18.9729690552,
        "dvar": 518.508666992,
        "dvar2": 1218.27368164,
        "max": 269.631530762,
        "mean": 27.7355918884,
        "median": 17.2477703094,
        "min": 0.963424086571,
        "var": 1122.6940918
    },
    "melbands_crest": {
        "dmean": 3.63638424873,
        "dmean2": 5.82175397873,
        "dvar": 12.2878160477,
        "dvar2": 29.6014328003,
        "max": 31.2596416473,
        "mean": 14.7228393555,
        "median": 14.3179569244,
        "min": 3.50955176353,
        "var": 29.7408180237
    },
    "melbands_flatness_db": {
        "dmean": 0.0334549061954,
        "dmean2": 0.0515515394509,
        "dvar": 0.00117112474982,
        "dvar2": 0.00293617416173,
        "max": 0.431011676788,
        "mean": 0.200210511684,
        "median": 0.197651877999,
        "min": 0.0280281640589,
        "var": 0.00442679738626
    },
    "melbands_kurtosis": {
        "dmean": 9.41906738281,
        "dmean2": 15.2547063828,
        "dvar": 476.713897705,
        "dvar2": 1169.78625488,
        "max": 259.909667969,
        "mean": 13.0931024551,
        "median": 6.30877685547,
        "min": -1.63980984688,
        "var": 561.220581055
    },
    "melbands_skewness": {
        "dmean": 0.878963053226,
        "dmean2": 1.34464859962,
        "dvar": 1.36632859707,
        "dvar2": 2.9668161869,
        "max": 13.2513647079,
        "mean": 2.65776467323,
        "median": 2.32489466667,
        "min": -0.785712063313,
        "var": 3.1516752243
    },
    "melbands_spread": {
        "dmean": 9.09733867645,
        "dmean2": 14.2959384918,
        "dvar": 219.100601196,
        "dvar2": 469.497924805,
        "max": 198.815643311,
        "mean": 24.636220932,
        "median": 19.336391449,
        "min": 0.973586499691,
        "var": 556.315612793
    },
    "pitch_salience": {
        "dmean": 0.0806983113289,
        "dmean2": 0.129478126764,
        "dvar": 0.00720959529281,
        "dvar2": 0.0163678545505,
        "max": 0.832742631435,
        "mean": 0.583483755589,
        "median": 0.600186705589,
        "min": 0.163794025779,
        "var": 0.0141098098829
    },
    "silence_rate_20dB": {
        "dmean": 0,
        "dmean2": 0,
        "dvar": 0,
        "dvar2": 0,
        "max": 1,
        "mean": 1,
        "median": 1,
        "min": 1,
        "var": 0
    },
    "silence_rate_30dB": {
        "dmean": 0.0804953575134,
        "dmean2": 0.161115407944,
        "dvar": 0.074015699327,
        "dvar2": 0.153745561838,
        "max": 1,
        "mean": 0.924980640411,
        "median": 1,
        "min": 0,
        "var": 0.0693917945027
    },
    "silence_rate_60dB": {
        "dmean": 0.0263157896698,
        "dmean2": 0.0526723451912,
        "dvar": 0.0256234575063,
        "dvar2": 0.057643968612,
        "max": 1,
        "mean": 0.0363495759666,
        "median": 0,
        "min": 0,
        "var": 0.0350278057158
    },
    "spectral_centroid": {
        "dmean": 283.13369751,
        "dmean2": 426.525909424,
        "dvar": 123106.96875,
        "dvar2": 265254.15625,
        "max": 4310.07128906,
        "mean": 1268.98974609,
        "median": 1135.41564941,
        "min": 347.308258057,
        "var": 445444.15625
    },
    "spectral_complexity": {
        "dmean": 4.41563463211,
        "dmean2": 6.2703332901,
        "dvar": 23.9115886688,
        "dvar2": 42.8727378845,
        "max": 61,
        "mean": 23.6403713226,
        "median": 22,
        "min": 3,
        "var": 113.927024841
    },
    "spectral_decrease": {
        "dmean": 3.78284559233e-09,
        "dmean2": 5.52564793921e-09,
        "dvar": 3.66199408448e-17,
        "dvar2": 7.40879469582e-17,
        "max": -2.27741325798e-10,
        "mean": -9.99137217406e-09,
        "median": -8.07641953315e-09,
        "min": -4.4005247446e-08,
        "var": 7.20942166888e-17
    },
    "spectral_energy": {
        "dmean": 0.0148024987429,
        "dmean2": 0.0213519576937,
        "dvar": 0.000532849808224,
        "dvar2": 0.00105566054117,
        "max": 0.169638678432,
        "mean": 0.0402255021036,
        "median": 0.0325705111027,
        "min": 0.000976559706032,
        "var": 0.0011083240388
    },
    "spectral_energyband_high": {
        "dmean": 0.00117468414828,
        "dmean2": 0.00186348473653,
        "dvar": 7.34122750146e-06,
        "dvar2": 1.67572616192e-05,
        "max": 0.0333791933954,
        "mean": 0.00166340032592,
        "median": 0.000273231969913,
        "min": 8.0524596342e-06,
        "var": 1.56885707838e-05
    },
    "spectral_energyband_low": {
        "dmean": 0.0121478736401,
        "dmean2": 0.018952049315,
        "dvar": 0.000568107527215,
        "dvar2": 0.00125834043138,
        "max": 0.148897498846,
        "mean": 0.0200914777815,
        "median": 0.0119936913252,
        "min": 0.00013240041153,
        "var": 0.000786787481047
    },
    "spectral_energyband_middle_high": {
        "dmean": 0.00257554836571,
        "dmean2": 0.00406398251653,
        "dvar": 1.52359671119e-05,
        "dvar2": 3.6637091398e-05,
        "max": 0.0379244796932,
        "mean": 0.00629337877035,
        "median": 0.00468791322783,
        "min": 0.000348148867488,
        "var": 3.0260947824e-05
    },
    "spectral_energyband_middle_low": {
        "dmean": 0.00548743922263,
        "dmean2": 0.00908817350864,
        "dvar": 7.75364678702e-05,
        "dvar2": 0.000205437419936,
        "max": 0.0733501836658,
        "mean": 0.0128283444792,
        "median": 0.0110078314319,
        "min": 0.000308306829538,
        "var": 9.65494618868e-05
    },
    "spectral_entropy": {
        "dmean": 0.179042369127,
        "dmean2": 0.247665658593,
        "dvar": 0.037698186934,
        "dvar2": 0.0796755552292,
        "max": 8.60928726196,
        "mean": 7.64769268036,
        "median": 7.60377025604,
        "min": 6.6511220932,
        "var": 0.164511010051
    },
    "spectral_flux": {
        "dmean": 0.0346724875271,
        "dmean2": 0.053182747215,
        "dvar": 0.00190657947678,
        "dvar2": 0.00417654961348,
        "max": 0.38770198822,
        "mean": 0.101901046932,
        "median": 0.0864417254925,
        "min": 0.018643124029,
        "var": 0.00455182651058
    },
    "spectral_kurtosis": {
        "dmean": 2.33660936356,
        "dmean2": 3.8701043129,
        "dvar": 6.82172012329,
        "dvar2": 18.7452049255,
        "max": 25.4228172302,
        "mean": 4.49399614334,
        "median": 3.76375961304,
        "min": -0.509005069733,
        "var": 13.1285152435
    },
    "spectral_rms": {
        "dmean": 0.00102929689456,
        "dmean2": 0.00144428492058,
        "dvar": 1.63846186751e-06,
        "dvar2": 2.94398523693e-06,
        "max": 0.0128647247329,
        "mean": 0.00581527268514,
        "median": 0.00563703011721,
        "min": 0.000976084615104,
        "var": 5.42692987437e-06
    },
    "spectral_rolloff": {
        "dmean": 555.580566406,
        "dmean2": 893.853393555,
        "dvar": 1034012.9375,
        "dvar2": 2066265.625,
        "max": 9216.2109375,
        "mean": 1396.9276123,
        "median": 990.52734375,
        "min": 64.599609375,
        "var": 2531170.75
    },
    "spectral_skewness": {
        "dmean": 0.297991514206,
        "dmean2": 0.48464217782,
        "dvar": 0.0814525038004,
        "dvar2": 0.20130340755,
        "max": 3.42975497246,
        "mean": 1.48984110355,
        "median": 1.47463130951,
        "min": 0.234729349613,
        "var": 0.241906777024
    },
    "spectral_spread": {
        "dmean": 748138.875,
        "dmean2": 1036401.5,
        "dvar": 933508218880,
        "dvar2": 1.89920352666e+12,
        "max": 10407071,
        "mean": 4081586.75,
        "median": 3466482.25,
        "min": 1742424.875,
        "var": 2.59287416832e+12
    },
    "spectral_strongpeak": {
        "dmean": 0.429002791643,
        "dmean2": 0.758731782436,
        "dvar": 0.968842685223,
        "dvar2": 2.99135184288,
        "max": 13.9480838776,
        "mean": 0.642889976501,
        "median": 0.467670500278,
        "min": 0,
        "var": 0.7536662817
    },
    "zerocrossingrate": {
        "dmean": 0.01243227534,
        "dmean2": 0.0140311829746,
        "dvar": 0.000268726376817,
        "dvar2": 0.0002684504434,
        "max": 0.29541015625,
        "mean": 0.0542233884335,
        "median": 0.04638671875,
        "min": 0.00537109375,
        "var": 0.00165481341537
    },
    "barkbands": {
        "dmean": [0.00108939083293, 0.0102245789021, 0.00332742067985, 0.00167736434378, 0.00196343893185, 0.001654664753, 0.0010570398299, 0.000556216109544, 0.00078313756967, 0.000721060379874, 0.000756092893425, 0.000442031450802, 0.000438247108832, 0.000384626502637, 0.000400512857595, 0.000359150406439, 0.000294625031529, 0.00020743375353, 0.000177266396349, 0.000139756215503, 0.000188245234312, 0.000234496386838, 0.000347368302755, 0.000315717916237, 8.38844134705e-05, 3.26725348714e-05, 1.60514375125e-08],
        "dmean2": [0.00175694935024, 0.0158714894205, 0.00572203658521, 0.00298985932022, 0.00329611380585, 0.00273483293131, 0.00169623421971, 0.000928413122892, 0.00127039069775, 0.0011661426397, 0.00120321370196, 0.000727503793314, 0.000735112698749, 0.000640695099719, 0.000653587165289, 0.000595447781961, 0.000469052494736, 0.000337740348186, 0.000281455751974, 0.000215470514377, 0.000286951544695, 0.000394607632188, 0.000593218370341, 0.000503842835315, 0.00012959173182, 5.09012243128e-05, 3.14542170088e-08],
        "dvar": [2.95480140267e-06, 0.000496388587635, 4.57153728348e-05, 1.3555404621e-05, 1.30908547362e-05, 8.87568603503e-06, 4.48915807283e-06, 1.11572819605e-06, 1.87741477475e-06, 2.20508127313e-06, 1.40342262966e-06, 8.59079818838e-07, 6.73540682783e-07, 3.77324766987e-07, 4.923010124e-07, 5.41244048691e-07, 2.49437675848e-07, 1.30264751874e-07, 1.07307826624e-07, 6.44085034196e-08, 1.6008831949e-07, 3.00193050862e-07, 7.66371442751e-07, 9.90416992863e-07, 3.4787028369e-08, 9.38068289713e-09, 3.79815672186e-14],
        "dvar2": [7.50651770431e-06, 0.00115167570766, 0.000129304520669, 3.75085328415e-05, 3.61039565178e-05, 2.41825600824e-05, 1.17156187116e-05, 3.14593080475e-06, 5.07325739818e-06, 5.85657744523e-06, 3.43544616044e-06, 2.32697425417e-06, 1.82006237992e-06, 9.33555043048e-07, 1.25685141938e-06, 1.47776529502e-06, 5.61859906156e-07, 3.22756477544e-07, 2.57614885868e-07, 1.4061994591e-07, 3.35199928259e-07, 7.18017759027e-07, 2.00005683837e-06, 2.41223665398e-06, 6.91304435918e-08, 2.25757190719e-08, 1.17860026751e-13],
        "max": [0.0162644423544, 0.135398566723, 0.0613036602736, 0.0308665148914, 0.0387460552156, 0.0309859942645, 0.0315519981086, 0.0126178590581, 0.01430558227, 0.0245281700045, 0.0147842988372, 0.0161794815212, 0.00901307445019, 0.00979589205235, 0.00938976090401, 0.0133317373693, 0.00957106333226, 0.00455589685589, 0.00345830246806, 0.00280183064751, 0.00789066962898, 0.00815723650157, 0.00856225658208, 0.0126923527569, 0.00227843644097, 0.00117924180813, 4.48152331955e-06],
        "mean": [0.00134712678846, 0.0122607098892, 0.00609312998131, 0.00172147946432, 0.00370350270532, 0.00255915173329, 0.00202843826264, 0.000924318970647, 0.00141285278369, 0.00119223841466, 0.0011498844251, 0.00064564391505, 0.000605749257375, 0.000592890195549, 0.000606689311098, 0.000519121123943, 0.000479655922391, 0.000344239582773, 0.000275171652902, 0.000229685625527, 0.000297908147331, 0.000307917100145, 0.000387311389204, 0.000390939909266, 0.000116916526167, 3.27981688315e-05, 9.0313276857e-09],
        "median": [0.000583228596952, 0.00356060196646, 0.00413243100047, 0.000685804290697, 0.00249465135857, 0.00129987148102, 0.00107159558684, 0.000551615841687, 0.000918585341424, 0.000651689653751, 0.000658244127408, 0.000379501492716, 0.000309454044327, 0.00034378762939, 0.000317954632919, 0.000264856382273, 0.000226314441534, 0.000126959654153, 0.000106703089841, 7.85146548878e-05, 7.45869547245e-05, 3.52361494151e-05, 2.62761077465e-05, 2.81108532363e-05, 8.37598145154e-06, 6.03766523e-07, 5.42011824312e-10],
        "min": [4.13691850554e-06, 4.22849807364e-05, 2.3044349291e-06, 4.18609442931e-06, 2.24642690227e-06, 5.3995709095e-06, 6.92001913194e-06, 1.14591430247e-05, 1.34602923936e-05, 2.85747569251e-06, 8.53264100442e-06, 3.93044547309e-06, 4.44353827334e-06, 1.40187248689e-05, 5.10625795869e-06, 1.06014795165e-05, 6.50033325655e-06, 5.29354292667e-06, 3.72503473045e-06, 3.67480424757e-06, 2.68599228548e-06, 8.11658992461e-07, 1.65087740811e-07, 2.5460843503e-11, 1.14585762753e-11, 6.57584446964e-12, 7.94278965516e-12],
        "var": [3.9863452912e-06, 0.000597119622398, 4.97908695252e-05, 1.0678036233e-05, 1.68823989952e-05, 1.29369382194e-05, 8.00441739557e-06, 1.3221736026e-06, 2.45642809205e-06, 2.87567445412e-06, 2.12658073906e-06, 8.52898267567e-07, 7.40007521927e-07, 6.2153003455e-07, 6.80382981955e-07, 5.78950619001e-07, 5.77290052206e-07, 2.82250994132e-07, 1.88287387459e-07, 1.3766891982e-07, 4.20700359882e-07, 5.5019188494e-07, 1.01751925285e-06, 1.60878198585e-06, 8.75628600738e-08, 1.02975068472e-08, 1.97905385656e-14]
    },
    "erbbands": {
        "dmean": [0.286928683519, 2.35235619545, 3.92277598381, 4.8491153717, 6.11457014084, 6.95225667953, 8.1564912796, 14.7772073746, 17.241230011, 12.5121326447, 13.4879045486, 16.5815620422, 24.6264781952, 23.7833023071, 23.7407665253, 18.0545940399, 19.0805473328, 22.7136440277, 14.9818534851, 21.1671028137, 17.046503067, 14.8271226883, 11.470117569, 10.0473356247, 7.85123062134, 6.56567144394, 7.63516712189, 8.02422332764, 9.55487155914, 7.69920492172, 10.5944414139, 8.92673397064, 4.15510034561, 1.45300936699, 0.381849855185, 0.166722938418, 0.0559186674654, 0.00559597322717, 0.000108487867692, 2.15830295929e-05],
        "dmean2": [0.461536556482, 3.70403194427, 6.69404029846, 8.4756975174, 10.3139104843, 11.8372764587, 13.663936615, 24.757856369, 27.8436164856, 20.8037509918, 22.2323112488, 26.9867286682, 40.0390701294, 38.2291259766, 37.8278007507, 29.5015697479, 31.8639984131, 37.4470748901, 24.7083797455, 33.7178268433, 28.450504303, 23.4136161804, 18.8054447174, 15.6444511414, 12.574224472, 10.123292923, 11.7419071198, 12.6988296509, 16.0083122253, 12.750169754, 18.1166954041, 14.4151954651, 6.61607027054, 2.35508084297, 0.554481208324, 0.256907999516, 0.0894306302071, 0.0095280027017, 0.000178137939656, 3.04361146846e-05],
        "dvar": [0.424934178591, 26.4275474548, 56.8029022217, 113.275978088, 119.690742493, 203.624832153, 264.359954834, 894.003173828, 1017.51190186, 663.505493164, 701.067077637, 932.527770996, 2242.66235352, 2100.37548828, 1351.04296875, 1321.94946289, 1305.23669434, 1340.17456055, 792.058959961, 1491.56994629, 1161.33935547, 644.548156738, 381.074371338, 382.192138672, 215.098739624, 154.801574707, 263.024414062, 300.458709717, 520.530212402, 279.600036621, 806.501037598, 770.329345703, 147.403762817, 12.0806512833, 0.757762789726, 0.228822425008, 0.0289983302355, 0.000362541963113, 1.22990968521e-07, 1.37006750389e-09],
        "dvar2": [1.02239692211, 61.4873771667, 157.427459717, 318.437652588, 322.772064209, 579.934326172, 719.19934082, 2455.10058594, 2554.76269531, 1763.3795166, 2013.50927734, 2505.5546875, 6150.67919922, 5133.60693359, 3299.42480469, 3505.81323242, 3539.68041992, 3415.06982422, 2130.44360352, 3696.84399414, 3089.99487305, 1493.05773926, 960.213867188, 912.593811035, 519.172424316, 340.011016846, 566.356201172, 681.109680176, 1299.67529297, 664.115661621, 2139.2878418, 1863.15454102, 369.037750244, 27.0884876251, 1.39199721813, 0.533443570137, 0.0718965381384, 0.000947801861912, 3.1729013017e-07, 2.87420154343e-09],
        "max": [5.54006290436, 31.7021274567, 61.8003540039, 80.8382949829, 104.918243408, 160.653808594, 159.107711792, 387.90713501, 415.017150879, 446.286010742, 461.468688965, 408.967590332, 659.228637695, 772.736938477, 454.934051514, 609.586914062, 414.070831299, 653.12713623, 468.770141602, 541.471496582, 667.19934082, 473.843414307, 222.011184692, 185.817306519, 191.241897583, 121.686790466, 336.372283936, 378.041137695, 290.281036377, 232.520217896, 283.493560791, 371.521697998, 153.456771851, 40.5041694641, 12.7437553406, 6.47224092484, 2.07549738884, 0.245757415891, 0.00484515354037, 0.000419201154727],
        "mean": [0.313849627972, 2.91070580482, 7.27450180054, 6.54131603241, 10.420331955, 11.4611186981, 12.9037218094, 22.1287212372, 33.2486190796, 21.0110874176, 23.8098564148, 29.0977230072, 40.1652030945, 39.8698196411, 37.1948852539, 28.5258026123, 28.3573989868, 35.4093666077, 25.335193634, 33.3857841492, 28.5279846191, 25.243478775, 19.555311203, 16.2879199982, 12.6672210693, 10.8985900879, 12.5506744385, 10.9491071701, 11.777507782, 10.2967319489, 11.019153595, 10.2299518585, 5.08096170425, 1.91033732891, 0.550075113773, 0.18605799973, 0.0537494160235, 0.00479996437207, 0.00012092027464, 5.5211072322e-05],
        "median": [0.066563770175, 1.01796913147, 5.33311891556, 3.40326070786, 6.08123779297, 7.83967065811, 7.72869205475, 10.9883365631, 16.7668418884, 13.037528038, 15.5472240448, 18.5558166504, 21.3094558716, 21.6775856018, 22.2442798615, 17.8612308502, 16.1575679779, 20.9422683716, 14.3183441162, 17.5569972992, 14.9723882675, 12.7113132477, 8.11765575409, 5.73250389099, 4.92807340622, 3.5709836483, 3.46475934982, 2.41327118874, 1.42431640625, 0.790851771832, 0.724175572395, 0.693654239178, 0.380134552717, 0.123272784054, 0.0438366979361, 0.00660319672897, 0.000757902802434, 4.41064257757e-05, 2.04079824471e-05, 3.91271205444e-05],
        "min": [0.000962641148362, 0.00839609000832, 0.0055356901139, 0.0247237980366, 0.0277384631336, 0.0138191375881, 0.0353830605745, 0.0881723612547, 0.119451798499, 0.325795710087, 0.719525873661, 0.434850752354, 0.145809128881, 0.140602871776, 0.682360589504, 0.299994558096, 0.672967851162, 0.897597134113, 0.485502064228, 0.518638789654, 0.642275810242, 0.479404985905, 0.316293746233, 0.298867732286, 0.181607574224, 0.17696672678, 0.130758881569, 0.0878743082285, 0.0397417657077, 0.0171822663397, 0.00618639448658, 0.000462795142084, 7.77931127232e-05, 3.62594619219e-05, 1.68352144101e-05, 3.44893533111e-06, 1.32657180529e-06, 3.14508440624e-07, 9.08872380023e-07, 1.29949421535e-06],
        "var": [0.474242657423, 30.9288482666, 64.7752761841, 100.238761902, 155.851211548, 196.573699951, 288.953887939, 1260.00817871, 1931.50891113, 887.293701172, 808.487243652, 1131.0670166, 2962.38549805, 3177.87963867, 1857.65698242, 1428.84423828, 1447.34545898, 2071.17578125, 1041.04296875, 2095.55102539, 1582.7890625, 1405.83190918, 801.537963867, 681.077026367, 387.651947021, 324.665588379, 655.369628906, 638.083007812, 839.18560791, 602.793640137, 889.042907715, 1084.71911621, 258.794311523, 26.5791015625, 2.03486537933, 0.301479429007, 0.0291178114712, 0.000295348494546, 1.13366979804e-07, 2.73188316413e-09]
    },
    "gfcc": {
        "mean": [11.8671197891, 121.508956909, -132.840957642, 41.3268127441, -60.5746078491, 22.7359218597, -32.9428062439, 6.35095834732, -13.3583192825, -4.02220058441, -7.41180944443, -6.84739732742, -2.32713460922],
        "cov": [[3864.34936523, -1820.13269043, 822.172119141, 255.134185791, -309.847229004, 338.355895996, -363.115966797, 375.917480469, -297.07421875, 244.678665161, -302.737121582, 319.489807129, -201.622512817], [-1820.13269043, 2179.59716797, -600.433410645, -232.439682007, 418.992736816, -433.633453369, 294.248138428, -408.082824707, 264.872436523, -340.625091553, 198.432037354, -332.233856201, 183.566375732], [822.172119141, -600.433410645, 750.55682373, 170.291549683, -25.8958187103, 205.448410034, -58.28332901, 102.370475769, -105.125595093, 106.316978455, -177.905975342, 141.853637695, -143.648498535], [255.134185791, -232.439682007, 170.291549683, 298.714080811, -65.5954284668, 67.4039993286, -2.67276668549, -6.4657831192, 34.0314025879, -21.4868927002, 23.7575397491, -5.79643630981, -8.15156650543], [-309.847229004, 418.992736816, -25.8958187103, -65.5954284668, 253.536209106, -87.7240600586, 93.6092605591, -38.5257453918, 28.0482177734, -19.6808509827, -21.2663135529, -8.73850917816, 3.86197352409], [338.355895996, -433.633453369, 205.448410034, 67.4039993286, -87.7240600586, 215.369491577, -27.7028865814, 87.6646575928, -37.451587677, 50.4962768555, -38.9165611267, 56.2132835388, -39.9770355225], [-363.115966797, 294.248138428, -58.28332901, -2.67276668549, 93.6092605591, -27.7028865814, 170.50453186, -51.9257583618, 54.9336128235, -40.6315383911, 24.4146747589, -22.5854911804, 5.24303627014], [375.917480469, -408.082824707, 102.370475769, -6.4657831192, -38.5257453918, 87.6646575928, -51.9257583618, 171.193328857, -52.0352668762, 103.363937378, -41.9303207397, 79.9276657104, -25.0592823029], [-297.07421875, 264.872436523, -105.125595093, 34.0314025879, 28.0482177734, -37.451587677, 54.9336128235, -52.0352668762, 132.254013062, -47.4500770569, 71.5261688232, -56.513343811, 39.1689682007], [244.678665161, -340.625091553, 106.316978455, -21.4868927002, -19.6808509827, 50.4962768555, -40.6315383911, 103.363937378, -47.4500770569, 153.044113159, -21.5367050171, 93.8982849121, -31.3181991577], [-302.737121582, 198.432037354, -177.905975342, 23.7575397491, -21.2663135529, -38.9165611267, 24.4146747589, -41.9303207397, 71.5261688232, -21.5367050171, 145.218078613, -43.2988510132, 65.9122009277], [319.489807129, -332.233856201, 141.853637695, -5.79643630981, -8.73850917816, 56.2132835388, -22.5854911804, 79.9276657104, -56.513343811, 93.8982849121, -43.2988510132, 139.726394653, -38.8305702209], [-201.622512817, 183.566375732, -143.648498535, -8.15156650543, 3.86197352409, -39.9770355225, 5.24303627014, -25.0592823029, 39.1689682007, -31.3181991577, 65.9122009277, -38.8305702209, 91.6713485718]],
        "icov": [[0.000541551155038, 9.43374179769e-05, -0.00016341303126, -0.000330385868438, 0.000180597344297, 0.000144669815199, 0.000586672744248, -0.000536250241566, 0.000174466898898, 0.000356348609785, 0.0004279090208, -0.000511456048116, 0.000114959533676], [9.43374179769e-05, 0.00496304081753, -0.00178730941843, 0.00393562437966, -0.00438155420125, 0.00337061472237, -0.00224267900921, 0.00310135469772, -0.00198279484175, 0.00387777597643, -0.00372899579816, 0.00445133307949, -0.00281223934144], [-0.00016341303126, -0.00178730941843, 0.00450565852225, -0.00350848468952, 0.00053063663654, -0.00342310033739, 0.00148566218559, 0.000281214277493, 0.000750504783355, -0.00278971577063, 0.00423460872844, -0.00279852026142, 0.00294083845802], [-0.000330385868438, 0.00393562437966, -0.00350848468952, 0.00878830719739, -0.00242078118026, 0.00249603646807, -0.00250011077151, 0.00247948034666, -0.00314689986408, 0.00459803408012, -0.00573050417006, 0.00423301802948, -0.00248379376717], [0.000180597344297, -0.00438155420125, 0.00053063663654, -0.00242078118026, 0.0107716610655, 2.77366070804e-05, -0.00130556174554, -0.00328217889182, 0.000683244492393, -0.00355311343446, 0.00556374434382, -0.00443704798818, 0.00113737478387], [0.000144669815199, 0.00337061472237, -0.00342310033739, 0.00249603646807, 2.77366070804e-05, 0.0113470833749, -0.00321326311678, -0.00190623500384, -0.00127636070829, 0.00382053945214, -0.00306385941803, 0.00275234598666, -0.00174403924029], [0.000586672744248, -0.00224267900921, 0.00148566218559, -0.00250011077151, -0.00130556174554, -0.00321326311678, 0.0110636418685, -0.000498974462971, -0.00131540570874, -0.00015563017223, 0.00119971309323, -0.00402499781922, 0.00371277239174], [-0.000536250241566, 0.00310135469772, 0.000281214277493, 0.00247948034666, -0.00328217889182, -0.00190623500384, -0.000498974462971, 0.0156169785187, -0.00140166655183, -0.00471025891602, 0.000337519857567, 0.00164574873634, -0.00367984944023], [0.000174466898898, -0.00198279484175, 0.000750504783355, -0.00314689986408, 0.000683244492393, -0.00127636070829, -0.00131540570874, -0.00140166655183, 0.0143534298986, -0.00086454465054, -0.00312209944241, 0.000687427178491, 0.000464795448352], [0.000356348609785, 0.00387777597643, -0.00278971577063, 0.00459803408012, -0.00355311343446, 0.00382053945214, -0.00015563017223, -0.00471025891602, -0.00086454465054, 0.0193430483341, -0.00748108560219, -0.00315816001967, 0.00061209796695], [0.0004279090208, -0.00372899579816, 0.00423460872844, -0.00573050417006, 0.00556374434382, -0.00306385941803, 0.00119971309323, 0.000337519857567, -0.00312209944241, -0.00748108560219, 0.0201143883169, -0.00402601575479, -0.00440210616216], [-0.000511456048116, 0.00445133307949, -0.00279852026142, 0.00423301802948, -0.00443704798818, 0.00275234598666, -0.00402499781922, 0.00164574873634, 0.000687427178491, -0.00315816001967, -0.00402601575479, 0.0194912664592, -0.00220173364505], [0.000114959533676, -0.00281223934144, 0.00294083845802, -0.00248379376717, 0.00113737478387, -0.00174403924029, 0.00371277239174, -0.00367984944023, 0.000464795448352, 0.00061209796695, -0.00440210616216, -0.00220173364505, 0.0213964208961]]
    },
    "melbands": {
        "dmean": [0.00275031058118, 0.00227453163825, 0.000833279511426, 0.000480158516439, 0.000267496594461, 0.00033656595042, 0.000251204648521, 0.000129707914311, 0.000117484043585, 0.000111569621367, 0.000124635684188, 9.4263938081e-05, 8.53881210787e-05, 4.67039826617e-05, 5.0477188779e-05, 4.70772502013e-05, 4.44025827164e-05, 2.22062426474e-05, 3.372916035e-05, 2.95140907838e-05, 1.99477417482e-05, 1.75005643541e-05, 1.23087802422e-05, 9.56758049142e-06, 8.70800522534e-06, 6.56005522615e-06, 4.97557221024e-06, 4.68329517389e-06, 5.00657461089e-06, 4.63784454041e-06, 4.94239111504e-06, 5.80738696954e-06, 4.17730052504e-06, 4.68157259093e-06, 5.9316575971e-06, 6.78135165799e-06, 4.87694342155e-06, 3.143206186e-06, 2.30333694162e-06, 9.00302950413e-07],
        "dmean2": [0.00430851895362, 0.00372946308926, 0.00145276286639, 0.000799814821221, 0.000448640697869, 0.00055851059733, 0.000404476071708, 0.000213885665289, 0.000190022255993, 0.000183436626685, 0.00020258098084, 0.000151579850353, 0.00013726906036, 7.5063231634e-05, 8.27519688755e-05, 7.94451407273e-05, 7.36543297535e-05, 3.66188687622e-05, 5.42883135495e-05, 4.92805047543e-05, 3.33964671881e-05, 2.77158505924e-05, 1.99261230591e-05, 1.57284939633e-05, 1.37485130836e-05, 1.06572097138e-05, 7.84301118983e-06, 7.34471768737e-06, 7.74048294261e-06, 7.2908455877e-06, 7.93035997049e-06, 9.74907197815e-06, 6.95443804943e-06, 7.67379060562e-06, 1.02819876702e-05, 1.13495170808e-05, 7.74215823185e-06, 5.13881377628e-06, 3.8110317746e-06, 1.46937657064e-06],
        "dvar": [3.7932612031e-05, 1.89561033039e-05, 3.0409394185e-06, 7.44119802221e-07, 2.89164660217e-07, 4.08460266499e-07, 2.06717643891e-07, 6.22225755365e-08, 5.23471257452e-08, 4.44418439827e-08, 5.86945461123e-08, 3.43451347362e-08, 1.70820602108e-08, 6.57136745019e-09, 1.34667432761e-08, 9.79941816581e-09, 4.87266804683e-09, 2.01460337301e-09, 3.38814087897e-09, 3.31060223679e-09, 1.53052581719e-09, 8.99067653659e-10, 4.9434972782e-10, 3.35465211165e-10, 3.12061682051e-10, 1.55335341812e-10, 8.48935366449e-11, 7.98457897022e-11, 1.0294209235e-10, 1.21042884049e-10, 1.16640655468e-10, 2.06169845085e-10, 8.46310105329e-11, 1.06578343373e-10, 2.33079555656e-10, 4.63255211969e-10, 2.28480401265e-10, 8.99624055806e-11, 4.47473030851e-11, 4.15315047977e-12],
        "dvar2": [8.83357133716e-05, 4.63596661575e-05, 8.4503162725e-06, 2.04120556191e-06, 7.84471808402e-07, 1.11391295832e-06, 5.26898986664e-07, 1.65726945056e-07, 1.51110867819e-07, 1.19507106433e-07, 1.61060768278e-07, 8.45648386871e-08, 4.24178274727e-08, 1.76239449701e-08, 3.53583047286e-08, 2.69181317236e-08, 1.23416725728e-08, 5.33473576425e-09, 8.50662829066e-09, 8.70476313253e-09, 3.9617433778e-09, 1.94612836957e-09, 1.28665056387e-09, 8.04931676868e-10, 7.55660201079e-10, 3.8118325163e-10, 1.99731522987e-10, 1.81127973731e-10, 2.38674080499e-10, 2.59194221641e-10, 2.78404216347e-10, 5.1174520177e-10, 2.1257888505e-10, 2.5311180929e-10, 6.15639872414e-10, 1.20534759951e-09, 5.31843125096e-10, 2.3250025516e-10, 1.12289871845e-10, 9.23941912562e-12],
        "max": [0.0438780672848, 0.028853084892, 0.0138236014172, 0.00905521400273, 0.00466715777293, 0.00751654570922, 0.00556481489912, 0.00392125779763, 0.00430868798867, 0.00272688129917, 0.00357709499076, 0.0032921906095, 0.00130810739938, 0.000964514387306, 0.00243190908805, 0.00134483049624, 0.00110863009468, 0.00069263856858, 0.000863007328007, 0.000837457948364, 0.000692306959536, 0.000683813763317, 0.000280470441794, 0.000226994336117, 0.000163451884873, 0.000158736351295, 0.000128773259348, 8.8050008344e-05, 0.000200127629796, 0.000230179779464, 0.000231649100897, 0.000180961185833, 0.00012183682702, 0.000140518881381, 0.00013961638615, 0.00025548983831, 0.0001958442881, 0.000126038474264, 9.29310044739e-05, 2.9806909879e-05],
        "mean": [0.00322764832526, 0.00391770340502, 0.00122597045265, 0.000897236692254, 0.000426493876148, 0.000525676412508, 0.000477116467664, 0.000211409656913, 0.000207573131775, 0.00018788833404, 0.000200175578357, 0.000156734662596, 0.000130169399199, 7.27855367586e-05, 7.69961625338e-05, 6.14799864707e-05, 6.71593224979e-05, 3.53466930392e-05, 4.9729791499e-05, 4.22279263148e-05, 3.1495525036e-05, 2.80804524664e-05, 1.9635528588e-05, 1.57841204782e-05, 1.30165435621e-05, 9.82544042927e-06, 7.80269783718e-06, 7.07742128725e-06, 7.71635404817e-06, 7.11726806912e-06, 6.10680899626e-06, 6.97405585015e-06, 5.3250369092e-06, 6.0086213125e-06, 6.14723376202e-06, 6.78320566294e-06, 5.95090295974e-06, 3.62889045391e-06, 2.85553414869e-06, 1.13436203719e-06],
        "median": [0.000793728162535, 0.00264877127483, 0.000789582380094, 0.00054637354333, 0.00026091793552, 0.00028452949482, 0.000249231699854, 0.000128495143144, 0.000130945220008, 0.000116078437713, 0.00010510104039, 8.44107926241e-05, 7.61831179261e-05, 4.71322891826e-05, 4.41526062787e-05, 2.70938435278e-05, 3.908600047e-05, 1.89054208022e-05, 2.63309029833e-05, 2.15299460251e-05, 1.44371178976e-05, 1.34263491418e-05, 8.53620622365e-06, 5.69402027395e-06, 4.31483613283e-06, 3.85552857551e-06, 2.85280998469e-06, 2.1308092073e-06, 2.26392535296e-06, 1.83672875664e-06, 1.08259655462e-06, 8.98477139799e-07, 4.97835628721e-07, 4.12445359643e-07, 4.14219869072e-07, 4.27315569596e-07, 4.22452643534e-07, 2.70589424645e-07, 1.6064663555e-07, 7.76509949674e-08],
        "min": [1.95103075384e-05, 6.63523815092e-06, 5.64317042517e-06, 1.30964792788e-06, 7.06003731921e-07, 1.45785099903e-06, 1.68412498169e-06, 2.93551579489e-06, 2.57209921983e-06, 2.31283752328e-06, 5.4258197224e-07, 1.81255899179e-07, 1.29319221287e-06, 1.67600330769e-06, 7.55780263262e-07, 7.66277707953e-07, 1.64330981534e-06, 5.96879317527e-07, 4.43698297659e-07, 7.26654320715e-07, 5.59625448204e-07, 3.5765410189e-07, 3.76022057935e-07, 2.18523126705e-07, 2.16256381691e-07, 4.84424624858e-08, 5.44792833068e-08, 1.18272403427e-07, 8.17828009758e-08, 6.17559052785e-08, 4.82417945591e-08, 1.70936438337e-08, 1.22284458115e-08, 6.6721028702e-09, 3.64308028189e-09, 4.87299312013e-10, 1.0692454951e-12, 1.1163884758e-13, 1.15397830723e-13, 9.77374377178e-14],
