{
"highlevel": {
    "danceability": {
        "all": {
            "danceable": 0.989229202271,
            "not_danceable": 0.0107707912102
        },
        "probability": 0.989229202271,
        "value": "danceable"
    },
    "gender": {
        "all": {
            "female": 0.994152545929,
            "male": 0.00584747176617
        },
        "probability": 0.994152545929,
        "value": "female"
    },
    "genre_dortmund": {
        "all": {
            "alternative": 0.0286549646407,
            "blues": 0.0618098601699,
            "electronic": 0.0203509740531,
            "folkcountry": 0.35521581769,
            "funksoulrnb": 0.07807790488,
            "jazz": 0.0874431207776,
            "pop": 0.314974427223,
            "raphiphop": 0.0150236627087,
            "rock": 0.0384492687881
        },
        "probability": 0.35521581769,
        "value": "folkcountry"
    },
    "genre_electronic": {
        "all": {
            "ambient": 0.575975954533,
            "dnb": 0.0741599053144,
            "house": 0.21568363905,
            "techno": 0.014731570147,
            "trance": 0.119448922575
        },
        "probability": 0.575975954533,
        "value": "ambient"
    },
    "genre_rosamerica": {
        "all": {
            "cla": 0.00220789131708,
            "dan": 0.0263643171638,
            "hip": 0.00265007512644,
            "jaz": 0.00310958828777,
            "pop": 0.799780845642,
            "rhy": 0.138659805059,
            "roc": 0.0253369100392,
            "spe": 0.00189055234659
        },
        "probability": 0.799780845642,
        "value": "pop"
    },
    "genre_tzanetakis": {
        "all": {
            "blu": 0.07593434304,
            "cla": 0.0337142795324,
            "cou": 0.0606776997447,
            "dis": 0.0505694411695,
            "hip": 0.151736244559,
            "jaz": 0.303671628237,
            "met": 0.0607067197561,
            "pop": 0.060691729188,
            "reg": 0.0505727082491,
            "roc": 0.151725202799
        },
        "probability": 0.303671628237,
        "value": "jaz"
    },
    "ismir04_rhythm": {
        "all": {
            "ChaChaCha": 0.426042348146,
            "Jive": 0.0400251187384,
            "Quickstep": 0.170214995742,
            "Rumba-American": 0.0530794113874,
            "Rumba-International": 0.0662160292268,
            "Rumba-Misc": 0.0266343858093,
            "Samba": 0.0956566855311,
            "Tango": 0.0398745015264,
            "VienneseWaltz": 0.0701594054699,
            "Waltz": 0.0120971184224
        },
        "probability": 0.426042348146,
        "value": "ChaChaCha"
    },
    "mood_acoustic": {
        "all": {
            "acoustic": 0.235307976604,
            "not_acoustic": 0.764692008495
        },
        "probability": 0.764692008495,
        "value": "not_acoustic"
    },
    "mood_aggressive": {
        "all": {
            "aggressive": 0.00421564327553,
            "not_aggressive": 0.995784342289
        },
        "probability": 0.995784342289,
        "value": "not_aggressive"
    },
    "mood_electronic": {
        "all": {
            "electronic": 0.248680666089,
            "not_electronic": 0.751319348812
        },
        "probability": 0.751319348812,
        "value": "not_electronic"
    },
    "mood_happy": {
        "all": {
            "happy": 0.954880356789,
            "not_happy": 0.0451196581125
        },
        "probability": 0.954880356789,
        "value": "happy"
    },
    "mood_party": {
        "all": {
            "not_party": 0.904605209827,
            "party": 0.095394782722
        },
        "probability": 0.904605209827,
        "value": "not_party"
    },
    "mood_relaxed": {
        "all": {
            "not_relaxed": 0.158257216215,
            "relaxed": 0.841742813587
        },
        "probability": 0.841742813587,
        "value": "relaxed"
    },
    "mood_sad": {
        "all": {
            "not_sad": 0.22635987401,
            "sad": 0.773640155792
        },
        "probability": 0.773640155792,
        "value": "sad"
    },
    "moods_mirex": {
        "all": {
            "Cluster1": 0.0658182278275,
            "Cluster2": 0.342259317636,
            "Cluster3": 0.278848677874,
            "Cluster4": 0.300993472338,
            "Cluster5": 0.0120803173631
        },
        "probability": 0.342259317636,
        "value": "Cluster2"
    },
    "timbre": {
        "all": {
            "bright": 0.753436267376,
            "dark": 0.246563702822
        },
        "probability": 0.753436267376,
        "value": "bright"
    },
    "tonal_atonal": {
        "all": {
            "atonal": 0.00913870986551,
            "tonal": 0.990861296654
        },
        "probability": 0.990861296654,
        "value": "tonal"
    },
    "voice_instrumental": {
        "all": {
            "instrumental": 0.00954053830355,
            "voice": 0.990459442139
        },
        "probability": 0.990459442139,
        "value": "voice"
    }
},
"lowlevel": {
    "average_loudness": 0.947454929352,
    "barkbands_crest": {
        "dmean": 1.99575817585,
        "dmean2": 3.08673095703,
        "dvar": 3.90709471703,
        "dvar2": 8.40179347992,
        "max": 26.4910678864,
        "mean": 9.68172168732,
        "median": 8.40941524506,
        "min": 2.98608803749,
        "var": 20.5155849457
    },
    "barkbands_flatness_db": {
        "dmean": 0.0202962644398,
        "dmean2": 0.0279927775264,
        "dvar": 0.000410593842389,
        "dvar2": 0.000695131253451,
        "max": 0.496234208345,
        "mean": 0.176882490516,
        "median": 0.16263332963,
        "min": 0.0768794864416,
        "var": 0.00366107164882
    },
    "barkbands_kurtosis": {
        "dmean": 5.82187604904,
        "dmean2": 6.52381181717,
        "dvar": 692.860900879,
        "dvar2": 655.847473145,
        "max": 858.429443359,
        "mean": 12.5955352783,
        "median": 2.05606222153,
        "min": -1.9460285902,
        "var": 4134.40625
    },
    "barkbands_skewness": {
        "dmean": 0.53749781847,
        "dmean2": 0.661958932877,
        "dvar": 0.748709559441,
        "dvar2": 0.863059401512,
        "max": 25.4528808594,
        "mean": 1.59485924244,
        "median": 1.04247903824,
        "min": -1.8281430006,
        "var": 6.71212863922
    },
    "barkbands_spread": {
        "dmean": 6.15204572678,
        "dmean2": 8.49298191071,
        "dvar": 87.9551925659,
        "dvar2": 167.904342651,
        "max": 124.854492188,
        "mean": 21.9917449951,
        "median": 17.5542030334,
        "min": 0.189002692699,
        "var": 300.496459961
    },
    "dissonance": {
        "dmean": 0.0293220933527,
        "dmean2": 0.0487923286855,
        "dvar": 0.000700759293977,
        "dvar2": 0.00186246237718,
        "max": 0.499439030886,
        "mean": 0.436598211527,
        "median": 0.443595200777,
        "min": 0.243143796921,
        "var": 0.00161917728838
    },
    "dynamic_complexity": 1.73282182217,
    "erbbands_crest": {
        "dmean": 3.0480670929,
        "dmean2": 4.78445339203,
        "dvar": 8.08906173706,
        "dvar2": 19.6403274536,
        "max": 30.4670124054,
        "mean": 12.0438165665,
        "median": 11.4871473312,
        "min": 3.66063594818,
        "var": 19.7700366974
    },
    "erbbands_flatness_db": {
        "dmean": 0.0189874321222,
        "dmean2": 0.0261623691767,
        "dvar": 0.000333309348207,
        "dvar2": 0.000616048753727,
        "max": 0.363440662622,
        "mean": 0.177673056722,
        "median": 0.173553049564,
        "min": 0.0696880817413,
        "var": 0.00232108635828
    },
    "erbbands_kurtosis": {
        "dmean": 1.8318169117,
        "dmean2": 2.73167538643,
        "dvar": 5.62232017517,
        "dvar2": 11.8899049759,
        "max": 36.6017875671,
        "mean": 3.1204226017,
        "median": 2.20736980438,
        "min": -1.82134866714,
        "var": 16.1077747345
    },
    "erbbands_skewness": {
        "dmean": 0.424552559853,
        "dmean2": 0.604150295258,
        "dvar": 0.199123695493,
        "dvar2": 0.356174618006,
        "max": 5.28821372986,
        "mean": 1.02275359631,
        "median": 0.998230993748,
        "min": -3.3098256588,
        "var": 0.868358075619
    },
    "erbbands_spread": {
        "dmean": 9.38387680054,
        "dmean2": 12.93009758,
        "dvar": 161.597686768,
        "dvar2": 323.06463623,
        "max": 166.607223511,
        "mean": 32.6197052002,
        "median": 24.9774265289,
        "min": 4.10709953308,
        "var": 639.895751953
    },
    "hfc": {
        "dmean": 8.26191711426,
        "dmean2": 11.5243082047,
        "dvar": 136.575592041,
        "dvar2": 264.547729492,
        "max": 149.322402954,
        "mean": 29.239151001,
        "median": 24.7864570618,
        "min": 1.05873656273,
        "var": 452.882293701
    },
    "melbands_crest": {
        "dmean": 2.21664166451,
        "dmean2": 3.34776210785,
        "dvar": 5.53549337387,
        "dvar2": 11.0009803772,
        "max": 36.3288497925,
        "mean": 12.388130188,
        "median": 10.5748071671,
        "min": 3.8264670372,
        "var": 40.3903694153
    },
    "melbands_flatness_db": {
        "dmean": 0.0245610456914,
        "dmean2": 0.0314359776676,
        "dvar": 0.000689020147547,
        "dvar2": 0.00102695205715,
        "max": 0.624454379082,
        "mean": 0.235646724701,
        "median": 0.216396585107,
        "min": 0.0927374064922,
        "var": 0.00676701171324
    },
    "melbands_kurtosis": {
        "dmean": 11.4196186066,
        "dmean2": 13.8328180313,
        "dvar": 1723.79333496,
        "dvar2": 2192.68261719,
        "max": 1064.93847656,
        "mean": 25.1373386383,
        "median": 4.15249252319,
        "min": -1.58343994617,
        "var": 9460.70800781
    },
    "melbands_skewness": {
        "dmean": 0.663537919521,
        "dmean2": 0.859407126904,
        "dvar": 1.08330094814,
        "dvar2": 1.42390489578,
        "max": 26.2460155487,
        "mean": 2.24347901344,
        "median": 1.41880846024,
        "min": -0.601837098598,
        "var": 8.67457771301
    },
    "melbands_spread": {
        "dmean": 5.8935303688,
        "dmean2": 8.00727367401,
        "dvar": 129.034912109,
        "dvar2": 194.100219727,
        "max": 214.51399231,
        "mean": 22.7539615631,
        "median": 17.9881916046,
        "min": 0.181263893843,
        "var": 396.813720703
    },
    "pitch_salience": {
        "dmean": 0.057464890182,
        "dmean2": 0.0887284353375,
        "dvar": 0.00363254314288,
        "dvar2": 0.00772562483326,
        "max": 0.827913880348,
        "mean": 0.524580419064,
        "median": 0.540892243385,
        "min": 0.0351697802544,
        "var": 0.0162377357483
    },
    "silence_rate_20dB": {
        "dmean": 0,
        "dmean2": 0,
        "dvar": 0,
        "dvar2": 0,
        "max": 1,
        "mean": 1,
        "median": 1,
        "min": 1,
        "var": 0
    },
    "silence_rate_30dB": {
        "dmean": 0.0170278642327,
        "dmean2": 0.0340821072459,
        "dvar": 0.0167379099876,
        "dvar2": 0.0329205840826,
        "max": 1,
        "mean": 0.948182523251,
        "median": 1,
        "min": 0,
        "var": 0.0491325221956
    },
    "silence_rate_60dB": {
        "dmean": 0,
        "dmean2": 0,
        "dvar": 0,
        "dvar2": 0,
        "max": 0,
        "mean": 0,
        "median": 0,
        "min": 0,
        "var": 0
    },
    "spectral_centroid": {
        "dmean": 212.638397217,
        "dmean2": 283.376190186,
        "dvar": 87989.7734375,
        "dvar2": 138280.59375,
        "max": 5024.33203125,
        "mean": 1099.89331055,
        "median": 931.248840332,
        "min": 114.045333862,
        "var": 399385.40625
    },
    "spectral_complexity": {
        "dmean": 2.25,
        "dmean2": 3.54453921318,
        "dvar": 5.72619962692,
        "dvar2": 12.762345314,
        "max": 37,
        "mean": 15.1469449997,
        "median": 15,
        "min": 2,
        "var": 25.8994522095
    },
    "spectral_decrease": {
        "dmean": 2.10657513655e-09,
        "dmean2": 3.02477021208e-09,
        "dvar": 1.0903328216e-17,
        "dvar2": 2.21212299101e-17,
        "max": -6.50107689903e-10,
        "mean": -9.33088273314e-09,
        "median": -7.83449038977e-09,
        "min": -4.51748469743e-08,
        "var": 4.82234187194e-17
    },
    "spectral_energy": {
        "dmean": 0.00837213080376,
        "dmean2": 0.0121088018641,
        "dvar": 0.00016025340301,
        "dvar2": 0.000327782036038,
        "max": 0.173456266522,
        "mean": 0.0378689803183,
        "median": 0.0322883911431,
        "min": 0.00259144324809,
        "var": 0.000698245014064
    },
    "spectral_energyband_high": {
        "dmean": 0.000597480742726,
        "dmean2": 0.000795056170318,
        "dvar": 1.23510119465e-06,
        "dvar2": 2.27784539675e-06,
        "max": 0.0158957857639,
        "mean": 0.00121978239622,
        "median": 0.000507945718709,
        "min": 5.21580602708e-07,
        "var": 3.73379066332e-06
    },
    "spectral_energyband_low": {
        "dmean": 0.00447172112763,
        "dmean2": 0.00640740897506,
        "dvar": 0.000173235283,
        "dvar2": 0.000367724773241,
        "max": 0.166564896703,
        "mean": 0.0146975005046,
        "median": 0.00729140872136,
        "min": 6.07833717368e-05,
        "var": 0.000744362187106
    },
    "spectral_energyband_middle_high": {
        "dmean": 0.00251730531454,
        "dmean2": 0.00349083961919,
        "dvar": 1.60337913258e-05,
        "dvar2": 2.83875633613e-05,
        "max": 0.0579903908074,
        "mean": 0.00773165747523,
        "median": 0.0031381805893,
        "min": 1.0493672562e-05,
        "var": 8.42648732942e-05
    },
    "spectral_energyband_middle_low": {
        "dmean": 0.00462474161759,
        "dmean2": 0.00726294284686,
        "dvar": 3.79011507903e-05,
        "dvar2": 9.41047619563e-05,
        "max": 0.0623113885522,
        "mean": 0.0159376952797,
        "median": 0.01478111092,
        "min": 0.000227694632486,
        "var": 7.91802740423e-05
    },
    "spectral_entropy": {
        "dmean": 0.204941242933,
        "dmean2": 0.277698248625,
        "dvar": 0.0451397001743,
        "dvar2": 0.0768080428243,
        "max": 8.64507102966,
        "mean": 7.1611328125,
        "median": 7.16264867783,
        "min": 5.34068107605,
        "var": 0.248541101813
    },
    "spectral_flux": {
        "dmean": 0.028602771461,
        "dmean2": 0.044114548713,
        "dvar": 0.00112140655983,
        "dvar2": 0.00200930004939,
        "max": 0.379823505878,
        "mean": 0.0882620364428,
        "median": 0.0769587084651,
        "min": 0.0182880908251,
        "var": 0.00261675287038
    },
    "spectral_kurtosis": {
        "dmean": 2.64874768257,
        "dmean2": 3.98116469383,
        "dvar": 24.3125991821,
        "dvar2": 61.4457015991,
        "max": 77.8916397095,
        "mean": 6.72034454346,
        "median": 4.19743490219,
        "min": -1.36737728119,
        "var": 83.6131210327
    },
    "spectral_rms": {
        "dmean": 0.0006481463206,
        "dmean2": 0.000927968299948,
        "dvar": 6.33294348518e-07,
        "dvar2": 1.1315833035e-06,
        "max": 0.0130086746067,
        "mean": 0.00581158045679,
        "median": 0.00561256334186,
        "min": 0.00159004318994,
        "var": 3.17090484714e-06
    },
    "spectral_rolloff": {
        "dmean": 472.079772949,
        "dmean2": 782.834594727,
        "dvar": 1931510.625,
        "dvar2": 3831533.25,
        "max": 12833.7890625,
        "mean": 1493.96679688,
        "median": 796.728515625,
        "min": 64.599609375,
        "var": 4281700.5
    },
    "spectral_skewness": {
        "dmean": 0.316303551197,
        "dmean2": 0.445219278336,
        "dvar": 0.144220173359,
        "dvar2": 0.300295561552,
        "max": 7.26606369019,
        "mean": 2.05326676369,
        "median": 1.85076117516,
        "min": -0.0466508306563,
        "var": 0.798213064671
    },
    "spectral_spread": {
        "dmean": 912315.5625,
        "dmean2": 1186858,
        "dvar": 1.16104219853e+12,
        "dvar2": 1.85959029146e+12,
        "max": 22139992,
        "mean": 5942468.5,
        "median": 5455586,
        "min": 797268.8125,
        "var": 8.41203161498e+12
    },
    "spectral_strongpeak": {
        "dmean": 0.83466565609,
        "dmean2": 1.40482652187,
        "dvar": 1.71856558323,
        "dvar2": 4.36777162552,
        "max": 12.2859611511,
        "mean": 1.63095152378,
        "median": 1.01577436924,
        "min": 0.045629248023,
        "var": 2.85403251648
    },
    "zerocrossingrate": {
        "dmean": 0.0135993128642,
        "dmean2": 0.014163938351,
        "dvar": 0.000383770588087,
        "dvar2": 0.000344729109202,
        "max": 0.41162109375,
        "mean": 0.0660456120968,
        "median": 0.05517578125,
        "min": 0.0029296875,
        "var": 0.00256132520735
    },
    "barkbands": {
        "dmean": [0.000219613357331, 0.0034680776298, 0.00176500610542, 0.000781232258305, 0.000972689595073, 0.00166256399825, 0.000779405818321, 0.000880892039277, 0.00151707045734, 0.00178885867354, 0.000694295682479, 0.000451483007055, 0.000504501047544, 0.000625608488917, 0.000421925535193, 0.000290368130663, 0.000114758433483, 0.000137050927151, 0.000208707366255, 0.000163109885762, 6.16902470938e-05, 4.54972723674e-05, 0.000136332819238, 0.000123827223433, 0.000235772982705, 7.36112415325e-05, 1.79230030817e-09],
        "dmean2": [0.0001961155358, 0.00419388199225, 0.00318650575355, 0.00132493197452, 0.0016175028868, 0.00267013744451, 0.00113842415158, 0.00133859063499, 0.00227249739692, 0.00262303766795, 0.00102569069713, 0.000674565671943, 0.000735933776014, 0.000899988401216, 0.00066753529245, 0.000465728400741, 0.000171861291165, 0.000211746926652, 0.000308679562295, 0.000241761284997, 9.38987286645e-05, 6.62835154799e-05, 0.000194274107344, 0.000179678070708, 0.000341343489708, 0.000108044208901, 3.14953885194e-09],
        "dvar": [6.00611713253e-07, 8.97666905075e-05, 8.3855484263e-05, 7.73671308707e-06, 3.69888789464e-06, 6.24849462838e-06, 2.29849797506e-06, 3.54780445377e-06, 9.40989957599e-06, 1.21394350572e-05, 5.77204627916e-06, 1.35706829951e-06, 1.54029385158e-06, 2.76825585388e-06, 2.50070843322e-06, 1.40856798225e-06, 1.19418828604e-07, 1.36062581646e-07, 2.5786781066e-07, 8.84862600969e-08, 2.10976871529e-08, 2.59068038133e-08, 1.66745280694e-07, 7.11174763524e-08, 2.42521196014e-07, 6.72761544251e-08, 4.54517350101e-17],
        "dvar2": [3.75788857809e-07, 0.000108617066871, 0.000240898079937, 2.24402174354e-05, 1.00867518995e-05, 1.59137107403e-05, 4.80217386212e-06, 8.55646703712e-06, 2.21428435907e-05, 2.47888092417e-05, 1.30571452246e-05, 2.71411772701e-06, 3.21544962389e-06, 6.08285517956e-06, 6.17041951045e-06, 3.28243913827e-06, 2.5672989068e-07, 2.95381397564e-07, 5.49691606011e-07, 1.98293932385e-07, 4.38929959046e-08, 5.28187591442e-08, 3.05436799408e-07, 1.4596218989e-07, 4.67046874064e-07, 1.46193087858e-07, 5.54014968605e-17],
        "max": [0.0127734979615, 0.144237756729, 0.0982569605112, 0.0327454358339, 0.0237932540476, 0.0251736845821, 0.0353071205318, 0.0270490087569, 0.0406686589122, 0.0512286946177, 0.0446227453649, 0.0189034026116, 0.0168737564236, 0.0173029545695, 0.0278631616384, 0.0222029387951, 0.00531126838177, 0.00551648670807, 0.00687822327018, 0.00332771940157, 0.00201483699493, 0.00238851830363, 0.00940255075693, 0.00321716000326, 0.00630987714976, 0.00414248974994, 2.30429208159e-07],
        "mean": [0.000524571340065, 0.0113432854414, 0.00200200662948, 0.00140621687751, 0.00195192056708, 0.00377401150763, 0.00180754624307, 0.00206413888372, 0.00299239647575, 0.0035094502382, 0.00104719388764, 0.000824614893645, 0.000760500784963, 0.000833690050058, 0.000543341273442, 0.000357751123374, 0.000172758111148, 0.000216465035919, 0.000350422138581, 0.000300864718156, 8.83244065335e-05, 6.03281187068e-05, 0.000208943005418, 0.000213118692045, 0.000413588015363, 0.000101572732092, 1.47317325006e-09],
        "median": [6.56011252431e-05, 0.004631891381, 0.00103982444853, 0.000761246832553, 0.00118783372454, 0.00261278543621, 0.00101367034949, 0.00119192176498, 0.00153283122927, 0.00103333720472, 9.33490155148e-05, 0.00016741604486, 0.000202308117878, 0.000133318288135, 9.40820318647e-05, 5.00137975905e-05, 4.39818359155e-05, 2.95621648547e-05, 6.55706389807e-05, 7.76164160925e-05, 2.44875191129e-05, 1.31024316943e-05, 4.08613632317e-05, 7.13197659934e-05, 0.000127323786728, 1.0808328625e-05, 5.92355609008e-10],
        "min": [4.45269137117e-08, 7.25192967366e-06, 6.89275111654e-06, 1.57863496497e-06, 1.38010836963e-05, 9.1881283879e-06, 1.02228432297e-06, 9.65690901467e-07, 4.08711184718e-06, 2.42325063482e-06, 3.67893420616e-07, 8.58351256738e-07, 2.50639715205e-07, 2.36612663684e-07, 3.20772755913e-07, 1.2537068983e-07, 6.46063398335e-08, 1.55857492246e-07, 7.84769014217e-08, 6.11686559182e-08, 2.82858874101e-08, 9.27265997319e-09, 5.90178461657e-11, 2.64503974279e-09, 2.22470392802e-11, 1.0186496785e-10, 1.45128397147e-11],
        "var": [3.69289455193e-06, 0.0005794740282, 4.74231455883e-05, 6.3699403654e-06, 5.19425702805e-06, 1.42876015161e-05, 6.05746754445e-06, 7.1799631769e-06, 1.68323385878e-05, 3.25889668602e-05, 1.05982480818e-05, 4.3229269977e-06, 3.07235541186e-06, 4.23292385676e-06, 3.09646793539e-06, 2.18513378059e-06, 2.04572401685e-07, 3.37793068184e-07, 5.43613850823e-07, 2.50292771398e-07, 3.78465259132e-08, 4.45766161761e-08, 4.05525128144e-07, 1.5142612142e-07, 5.63365745165e-07, 1.21923065421e-07, 4.46155679074e-17]
    },
    "erbbands": {
        "dmean": [0.134031757712, 0.752507150173, 1.98480808735, 2.36696457863, 1.95416283607, 3.68750047684, 7.93306779861, 14.4031887054, 15.5920391083, 9.286652565, 23.3664035797, 32.9646224976, 54.6285552979, 35.8197059631, 22.2937736511, 19.1114368439, 23.5796928406, 31.0190296173, 19.7678833008, 17.8407516479, 14.8464031219, 5.16390800476, 4.70454454422, 11.8584861755, 8.04513168335, 7.88382387161, 4.11065244675, 1.20708656311, 1.32207298279, 3.15493130684, 3.93808722496, 2.72979784012, 2.33527112007, 3.10356283188, 1.51399242878, 0.478213995695, 0.121069006622, 0.00452209031209, 0.000113292087917, 1.64771699929e-05],
        "dmean2": [0.119692154229, 1.03921163082, 3.45820593834, 4.08433675766, 3.24431920052, 6.31357955933, 11.9463815689, 23.6756095886, 23.8575725555, 14.6659488678, 34.8781394958, 48.788444519, 81.5135345459, 49.7810554504, 31.877822876, 27.9255332947, 34.8606262207, 42.7650489807, 30.5103302002, 25.9251613617, 22.8933429718, 7.74610519409, 6.7619767189, 17.5058345795, 11.1620397568, 11.5992670059, 5.93485736847, 1.79896044731, 1.85177695751, 4.69861650467, 5.5862455368, 4.0373878479, 3.40012955666, 4.54351520538, 2.19852662086, 0.710985898972, 0.173499763012, 0.0068553108722, 0.000162348063895, 2.31926769629e-05],
        "dvar": [0.172803297639, 5.01614141464, 90.832069397, 99.1926116943, 34.8418045044, 53.0793952942, 234.539352417, 544.28137207, 749.081665039, 457.701324463, 2154.68701172, 4364.16455078, 12083.4794922, 8456.046875, 4354.77978516, 1933.97558594, 3821.9921875, 6110.23632812, 8033.15380859, 2482.76489258, 4046.8684082, 224.647155762, 207.345687866, 867.809814453, 361.986663818, 235.909423828, 75.1292877197, 8.14646816254, 19.4800300598, 137.302993774, 136.876113892, 40.3313522339, 26.1778697968, 36.5280303955, 14.3361692429, 2.69749093056, 0.195285081863, 0.000269570533419, 1.40702383078e-07, 8.45060688093e-10],
        "dvar2": [0.0904888734221, 9.2197561264, 256.192962646, 281.673919678, 98.5409545898, 150.657531738, 499.692230225, 1385.2454834, 1666.50964355, 1052.92041016, 4990.03222656, 10913.1816406, 27103.8320312, 14405.8701172, 9547.76855469, 4061.49731445, 8231.69335938, 12396.0419922, 20052.2929688, 5387.40185547, 9113.95214844, 450.151672363, 385.590515137, 1916.39868164, 629.024230957, 549.492248535, 148.473983765, 16.1751918793, 37.6931381226, 291.140411377, 265.246307373, 88.4369277954, 50.8689117432, 74.2068099976, 30.4226741791, 6.41178798676, 0.368661046028, 0.000563554000109, 2.80745041437e-07, 1.73774061807e-09],
        "max": [6.90599441528, 30.5197467804, 104.027862549, 115.791641235, 72.4800109863, 92.1927642822, 230.861785889, 274.498504639, 566.272399902, 449.695373535, 656.518615723, 969.401794434, 1952.44836426, 1666.3684082, 989.926330566, 630.333984375, 928.650024414, 945.053649902, 1506.89257812, 767.492614746, 1404.32531738, 361.636505127, 360.50982666, 439.680084229, 393.892822266, 193.221969604, 109.602836609, 45.4017410278, 71.4216461182, 240.733062744, 258.317962646, 68.895401001, 67.8048324585, 72.0241317749, 63.4811286926, 28.9719829559, 9.79621219635, 0.329011917114, 0.00693323509768, 0.000492946070153],
        "mean": [0.398938626051, 2.2078139782, 2.77710485458, 3.84364652634, 3.66308522224, 6.76589107513, 19.3010463715, 29.4227027893, 35.0377426147, 22.4292144775, 59.6967697144, 75.0053024292, 112.607887268, 73.2642669678, 40.6911964417, 37.5997657776, 38.4013557434, 46.2598686218, 28.0275306702, 25.1169700623, 20.712594986, 8.69064235687, 8.1825876236, 18.6411304474, 16.3977108002, 15.098654747, 6.99296236038, 1.99415910244, 1.79230523109, 4.40224790573, 6.13462305069, 4.17980575562, 4.1407289505, 5.29171609879, 2.44747543335, 0.651673197746, 0.17133410275, 0.00612230971456, 0.000191557162907, 6.0418544308e-05],
        "median": [0.103817045689, 1.12080967426, 1.71237289906, 2.26677823067, 2.20896697044, 3.93319272995, 10.3698368073, 19.6386947632, 20.5374717712, 12.6539726257, 38.1201171875, 45.1743621826, 39.8746986389, 14.7551708221, 7.15870475769, 10.548453331, 12.9181013107, 9.71561431885, 5.56214904785, 5.62981843948, 4.42250728607, 2.54333949089, 1.65638279915, 3.64623570442, 3.35485172272, 3.59497976303, 1.92286527157, 0.661952674389, 0.437114566565, 0.851067662239, 1.20193552971, 1.04873943329, 1.4483383894, 1.75038039684, 0.51564002037, 0.0820991545916, 0.0177363920957, 0.000739826413337, 5.4978303524e-05, 4.88715595566e-05],
        "min": [0.000212177445064, 0.00164912675973, 0.0190219059587, 0.117511868477, 0.0487720146775, 0.0379350669682, 0.0965019613504, 0.0531229525805, 0.0412224791944, 0.0832820758224, 0.127716615796, 0.120232589543, 0.235237970948, 0.0733203813434, 0.0396779701114, 0.0227346383035, 0.0140956528485, 0.0246626604348, 0.0149082699791, 0.0142959123477, 0.00902094226331, 0.00581595906988, 0.00926848500967, 0.00515017285943, 0.00106585724279, 0.00131530116778, 0.00120055442676, 0.000551223871298, 0.000599106308073, 0.000136131740874, 3.44842810591e-05, 0.000132836343255, 0.000102820784377, 5.75524791202e-05, 2.18359455175e-05, 1.66415538843e-05, 6.6760876507e-06, 1.39656833653e-06, 5.01956355947e-06, 3.87446289096e-06],
        "var": [1.357447505, 16.1301231384, 56.575214386, 64.6001205444, 32.0043067932, 68.7942657471, 735.262573242, 1023.85766602, 2020.85791016, 958.676513672, 4975.48974609, 8177.58007812, 27792.953125, 32551.8027344, 9860.65429688, 5778.18261719, 7182.82763672, 11537.0439453, 10070.2001953, 4299.02929688, 6356.51220703, 513.635986328, 581.212646484, 1585.81298828, 1058.22802734, 644.286499023, 174.268890381, 16.5544338226, 35.0678215027, 275.42779541, 320.412261963, 73.6065444946, 58.1417922974, 83.5317764282, 26.8022003174, 3.95187735558, 0.438338905573, 0.000507489603478, 2.97834475305e-07, 2.34785924036e-09]
    },
    "gfcc": {
        "mean": [12.4438915253, 103.140991211, -95.8847198486, 15.5885219574, -69.6240158081, 27.0390148163, -40.5616645813, 28.1566181183, -26.1970214844, 9.13811397552, -5.87911748886, -10.5381736755, -2.79253387451],
        "cov": [[2517.77490234, -1268.98486328, -691.809631348, 337.36920166, -225.305801392, 131.320404053, -231.454040527, 257.592773438, -176.58203125, -4.71457242966, -86.7166213989, -0.953304886818, 26.1693744659], [-1268.98486328, 1810.5723877, -428.846160889, -354.555480957, 195.839660645, -180.642654419, 258.265563965, -218.085845947, 169.878799438, -88.9006271362, 371.936279297, -182.668640137, 54.8559646606], [-691.809631348, -428.846160889, 1188.70385742, -22.4625415802, -41.3327484131, 17.9185848236, -123.396034241, -5.08201599121, -6.63669061661, 120.746673584, -278.703308105, 216.37979126, -80.4409866333], [337.36920166, -354.555480957, -22.4625415802, 392.459350586, -31.5774650574, 16.9212589264, -27.7222175598, 41.878238678, 38.2085266113, -20.9929771423, -18.4994564056, -9.74351882935, 36.6248893738], [-225.305801392, 195.839660645, -41.3327484131, -31.5774650574, 327.658477783, 76.9531097412, 87.8070144653, 45.1837615967, 46.1361503601, 18.5631160736, 33.2330780029, 9.85431480408, 29.0372543335], [131.320404053, -180.642654419, 17.9185848236, 16.9212589264, 76.9531097412, 225.992736816, 83.1235733032, 36.1859588623, 7.3007569313, 38.7880096436, 2.67362523079, 21.7321395874, 0.235291168094], [-231.454040527, 258.265563965, -123.396034241, -27.7222175598, 87.8070144653, 83.1235733032, 285.572235107, -28.7826709747, 20.13422966, 33.3215293884, 102.557106018, -22.6959247589, -8.69854259491], [257.592773438, -218.085845947, -5.08201599121, 41.878238678, 45.1837615967, 36.1859588623, -28.7826709747, 187.253967285, 13.5890789032, 16.8362388611, -8.47779655457, 9.04180526733, 39.9139595032], [-176.58203125, 169.878799438, -6.63669061661, 38.2085266113, 46.1361503601, 7.3007569313, 20.13422966, 13.5890789032, 172.216217041, 16.1657295227, 30.7106781006, -3.3527328968, 5.88760471344], [-4.71457242966, -88.9006271362, 120.746673584, -20.9929771423, 18.5631160736, 38.7880096436, 33.3215293884, 16.8362388611, 16.1657295227, 138.641937256, -21.6258850098, 33.6026382446, -8.14804935455], [-86.7166213989, 371.936279297, -278.703308105, -18.4994564056, 33.2330780029, 2.67362523079, 102.557106018, -8.47779655457, 30.7106781006, -21.6258850098, 219.706436157, -75.1005859375, 43.1449928284], [-0.953304886818, -182.668640137, 216.37979126, -9.74351882935, 9.85431480408, 21.7321395874, -22.6959247589, 9.04180526733, -3.3527328968, 33.6026382446, -75.1005859375, 136.437286377, -20.3526821136], [26.1693744659, 54.8559646606, -80.4409866333, 36.6248893738, 29.0372543335, 0.235291168094, -8.69854259491, 39.9139595032, 5.88760471344, -8.14804935455, 43.1449928284, -20.3526821136, 132.774032593]],
        "icov": [[0.00192394247279, 0.000646567845251, 0.00204487983137, -0.000827028066851, 0.00100763351656, -0.00104321341496, 0.00141288922168, -0.00152914656792, 0.00130534532946, -0.00114276248496, 0.000447632308351, -0.00133237545379, 0.000676708063111], [0.000646567845251, 0.00357642048039, 0.00026022279053, 0.00245177815668, -0.00136951729655, 0.00251849205233, -0.00114623690024, 0.00251497351564, -0.00268439017236, 0.00127085251734, -0.00317696435377, 0.00159092689864, -0.00118653604295], [0.00204487983137, 0.00026022279053, 0.0037521191407, -0.00115785282105, 0.00137956661638, -0.00146507006139, 0.00191365694627, -0.00179321237374, 0.00158258632291, -0.00224332883954, 0.00214155646972, -0.0031717736274, 0.00105744006578], [-0.000827028066851, 0.00245177815668, -0.00115785282105, 0.00547096598893, -0.00126625795383, 0.00236258120276, -0.00197275984101, 0.00262059527449, -0.00396898761392, 0.00243194657378, -0.00221722503193, 0.00245969579555, -0.00228209444322], [0.00100763351656, -0.00136951729655, 0.00137956661638, -0.00126625795383, 0.0052915639244, -0.00283970311284, 0.000519775785506, -0.00313992262818, 0.0012855847599, -0.0011620944133, 0.00213653896935, -0.00221411068924, 0.000216074957279], [-0.00104321341496, 0.00251849205233, -0.00146507006139, 0.00236258120276, -0.00283970311284, 0.00871249567717, -0.0037924956996, 0.00241490849294, -0.0030347018037, 0.00118305697106, -0.00271602068096, 0.00181721814442, -0.00137474830262], [0.00141288922168, -0.00114623690024, 0.00191365694627, -0.00197275984101, 0.000519775785506, -0.0037924956996, 0.00741638615727, -0.00136802450288, 0.00262734130956, -0.00306271179579, -0.000575001758989, -0.001968778437, 0.00226942892186], [-0.00152914656792, 0.00251497351564, -0.00179321237374, 0.00262059527449, -0.00313992262818, 0.00241490849294, -0.00136802450288, 0.010433819145, -0.00403105746955, 0.00147233321331, -0.00316439173184, 0.00260076113045, -0.00339471176267], [0.00130534532946, -0.00268439017236, 0.00158258632291, -0.00396898761392, 0.0012855847599, -0.0030347018037, 0.00262734130956, -0.00403105746955, 0.0103352023289, -0.0032010897994, 0.00203716475517, -0.0027810651809, 0.00227054324932], [-0.00114276248496, 0.00127085251734, -0.00224332883954, 0.00243194657378, -0.0011620944133, 0.00118305697106, -0.00306271179579, 0.00147233321331, -0.0032010897994, 0.0105066858232, -0.0015115927672, 0.00102314609103, -0.00128623622004], [0.000447632308351, -0.00317696435377, 0.00214155646972, -0.00221722503193, 0.00213653896935, -0.00271602068096, -0.000575001758989, -0.00316439173184, 0.00203716475517, -0.0015115927672, 0.012013184838, -0.00046330364421, -0.000573240977246], [-0.00133237545379, 0.00159092689864, -0.0031717736274, 0.00245969579555, -0.00221411068924, 0.00181721814442, -0.001968778437, 0.00260076113045, -0.0027810651809, 0.00102314609103, -0.00046330364421, 0.0132945589721, -0.0010500511853], [0.000676708063111, -0.00118653604295, 0.00105744006578, -0.00228209444322, 0.000216074957279, -0.00137474830262, 0.00226942892186, -0.00339471176267, 0.00227054324932, -0.00128623622004, -0.000573240977246, -0.0010500511853, 0.0101286489516]]
    },
    "melbands": {
        "dmean": [0.00104224064853, 0.000988827669062, 0.00038714078255, 0.000176317131263, 0.000253566890024, 0.000333931704517, 0.000224592498853, 0.000105031431303, 0.000202706025448, 0.000212024955545, 0.000277913990431, 0.000149627478095, 9.1264519142e-05, 5.97567086515e-05, 4.80549169879e-05, 4.70517261419e-05, 6.41774677206e-05, 3.43353276548e-05, 2.85907899524e-05, 2.03972504096e-05, 1.88821759366e-05, 6.12051508142e-06, 4.54598102806e-06, 6.03216312811e-06, 1.11506542453e-05, 8.34265847516e-06, 4.89170133733e-06, 5.42714724361e-06, 3.76465163754e-06, 1.21498953831e-06, 5.70673364564e-07, 6.34965203972e-07, 1.13097394205e-06, 2.1816088065e-06, 2.52608401752e-06, 2.24906784752e-06, 1.53630799105e-06, 1.59044088832e-06, 2.32321895055e-06, 3.01951126858e-06],
        "dmean2": [0.00104060850572, 0.0015886251349, 0.000661749741994, 0.000304390734527, 0.000385978171835, 0.000543416012079, 0.000342547777109, 0.000166429192177, 0.00030123788747, 0.000315807468724, 0.000413835048676, 0.000208816840313, 0.000130084503326, 8.82295134943e-05, 7.09274463588e-05, 6.78405631334e-05, 8.97553909454e-05, 5.36164916412e-05, 4.35713991465e-05, 3.05522153212e-05, 2.97043316095e-05, 9.31850172492e-06, 6.69772634865e-06, 8.90542651177e-06, 1.66929021361e-05, 1.20381728266e-05, 7.10875428922e-06, 8.26396626508e-06, 5.59601494388e-06, 1.8181320911e-06, 8.73095814313e-07, 9.25476570046e-07, 1.69632232883e-06, 3.35306435773e-06, 3.66801168639e-06, 3.44821683029e-06, 2.316768132e-06, 2.42630039793e-06, 3.48334151568e-06, 4.51381674793e-06],
        "dvar": [8.17416821519e-06, 1.51816566358e-05, 2.459311645e-06, 1.83316473112e-07, 2.08923339073e-07, 2.77395173498e-07, 1.53467382802e-07, 5.94739155702e-08, 1.44979523498e-07, 1.76958351972e-07, 3.01181245277e-07, 1.56952808084e-07, 8.12497660263e-08, 2.36016806099e-08, 1.45784788685e-08, 1.43438452227e-08, 2.74481397611e-08, 2.42802933315e-08, 1.03560013898e-08, 6.58885834781e-09, 6.53980114507e-09, 3.3617933437e-10, 3.41509404089e-10, 2.27784929807e-10, 8.62267757196e-10, 5.23354026782e-10, 9.24342755115e-11, 1.26511939813e-10, 6.93899659954e-11, 9.43427627687e-12, 2.11642010341e-12, 4.41955413238e-12, 1.82465292875e-11, 6.71281363829e-11, 6.72337116536e-11, 3.71794990628e-11, 1.12662778412e-11, 1.30235501203e-11, 2.74710705572e-11, 3.51583553937e-11],
        "dvar2": [5.49245851289e-06, 4.0772560169e-05, 6.8768795245e-06, 5.30560328116e-07, 4.58532440462e-07, 7.13109272965e-07, 3.39325453069e-07, 1.43341893022e-07, 3.42954990629e-07, 4.26184499247e-07, 6.76626655149e-07, 2.64348585688e-07, 1.76952013931e-07, 4.67159608775e-08, 3.32280620796e-08, 2.99282554295e-08, 5.79275294399e-08, 6.18499456095e-08, 2.58079992932e-08, 1.54506700767e-08, 1.54767523242e-08, 7.12906234046e-10, 6.78444855851e-10, 5.19073006799e-10, 1.94234561768e-09, 9.83365722185e-10, 1.87681911679e-10, 2.98815833188e-10, 1.40930794812e-10, 2.08715458111e-11, 4.27865555486e-12, 9.67230115445e-12, 3.71792423237e-11, 1.45489342795e-10, 1.36165273501e-10, 8.74743333323e-11, 2.43850096365e-11, 2.67088660216e-11, 5.80259798544e-11, 7.47049852534e-11],
        "max": [0.0489642769098, 0.0461316183209, 0.0178410708904, 0.00588366482407, 0.00662086810917, 0.00563367083669, 0.00868137832731, 0.00590591179207, 0.00518178846687, 0.00539722293615, 0.00961745437235, 0.00769019685686, 0.00384370610118, 0.00257693696767, 0.00163247587625, 0.00164278107695, 0.0018198355101, 0.00293848291039, 0.00163617962971, 0.00225816015154, 0.00154289533384, 0.000353414012352, 0.000332046067342, 0.000251694058534, 0.000430995249189, 0.00048787749256, 0.000134094574605, 0.000184603195521, 0.00011282635387, 3.79404955311e-05, 2.5878111046e-05, 3.81955251214e-05, 7.02334509697e-05, 0.0001916950132, 0.000177694251761, 8.78260252648e-05, 3.86893698305e-05, 4.76129607705e-05, 7.69976541051e-05, 7.89703408373e-05],
        "mean": [0.00332864816301, 0.00199986388907, 0.000661402300466, 0.00032113053021, 0.000600035942625, 0.000709216285031, 0.000508021214046, 0.000246850220719, 0.000524501374457, 0.000446391204605, 0.000552349491045, 0.000294165540254, 0.000150938212755, 0.000104520317109, 8.33310841699e-05, 7.20063981134e-05, 8.92685638973e-05, 4.35103320342e-05, 3.51447670255e-05, 2.76857499557e-05, 2.38545671891e-05, 8.87734677235e-06, 6.99325937603e-06, 9.61995465332e-06, 1.54427325469e-05, 1.43702409332e-05, 9.53289509198e-06, 9.63102047535e-06, 5.67925462747e-06, 1.8085023612e-06, 8.13851215753e-07, 7.86499924743e-07, 1.52055065428e-06, 2.89035961032e-06, 3.71932560483e-06, 3.19854484587e-06, 2.22146763917e-06, 2.54249448517e-06, 3.72331351173e-06, 4.82407403979e-06],
        "median": [0.00110988540109, 0.00129456038121, 0.000389108638046, 0.000198985813768, 0.00032572002965, 0.000469075632282, 0.000308154412778, 0.000148713763338, 0.000348456087522, 0.000240199588006, 0.000183006181032, 4.12541376136e-05, 1.64628618222e-05, 2.08138771995e-05, 2.7266676625e-05, 1.91863400687e-05, 1.44589012052e-05, 6.66977575747e-06, 6.78013475408e-06, 4.91415357828e-06, 4.25499865742e-06, 2.41185284722e-06, 9.91388560578e-07, 1.46935758494e-06, 2.5642516448e-06, 2.20038009502e-06, 2.5041272238e-06, 2.25579628932e-06, 1.21495281746e-06, 4.72470418345e-07, 1.99494152753e-07, 1.54808731168e-07, 2.76129213717e-07, 4.99332543313e-07, 6.7720975494e-07, 5.76003628794e-07, 5.5378933439e-07, 8.25985637221e-07, 1.25570113596e-06, 1.4355142639e-06],
        "min": [1.54208987624e-06, 5.22220079802e-06, 9.22741492104e-06, 2.90305433737e-06, 1.49165157382e-06, 1.25142526031e-06, 3.99520075689e-07, 4.9011612191e-07, 3.38091354024e-07, 7.49222635932e-07, 1.11298857064e-06, 1.90572365e-07, 6.88162984375e-08, 1.19075131977e-07, 1.63161537614e-08, 4.72834713605e-08, 4.10413925067e-08, 1.86026429816e-08, 2.40521025319e-08, 1.1735120431e-08, 1.10674669429e-08, 2.19755946773e-09, 6.63408172841e-09, 5.47264722428e-09, 1.02430863791e-09, 8.43443703769e-10, 9.11052205899e-11, 1.05960240582e-09, 4.49093900956e-10, 2.03024583256e-10, 4.1919034216e-11, 1.2866901121e-11, 1.81690912315e-11, 5.40554959735e-13, 1.19978557796e-13, 2.84364957796e-12, 3.37338403739e-12, 7.54216654408e-12, 7.44386269205e-13, 1.89672482906e-13],
