{
"highlevel": {
    "danceability": {
        "all": {
            "danceable": 0.0678190141916,
            "not_danceable": 0.93218100071
        },
        "probability": 0.93218100071,
        "value": "not_danceable"
    },
    "gender": {
        "all": {
            "female": 0.27064666152,
            "male": 0.729353368282
        },
        "probability": 0.729353368282,
        "value": "male"
    },
    "genre_dortmund": {
        "all": {
            "alternative": 0.109887517989,
            "blues": 0.0134578291327,
            "electronic": 0.0182889439166,
            "folkcountry": 0.0263008512557,
            "funksoulrnb": 0.0028526422102,
            "jazz": 0.000663616752718,
            "pop": 0.0110459895805,
            "raphiphop": 0.00474254833534,
            "rock": 0.812760055065
        },
        "probability": 0.812760055065,
        "value": "rock"
    },
    "genre_electronic": {
        "all": {
            "ambient": 0.221126705408,
            "dnb": 0.350349366665,
            "house": 0.0317678749561,
            "techno": 0.0228977967054,
            "trance": 0.373858273029
        },
        "probability": 0.373858273029,
        "value": "trance"
    },
    "genre_rosamerica": {
        "all": {
            "cla": 0.00210998533294,
            "dan": 0.00302066002041,
            "hip": 0.00177768373396,
            "jaz": 0.00017582680448,
            "pop": 0.0196701008826,
            "rhy": 0.000533768848982,
            "roc": 0.972602009773,
            "spe": 0.000109987966425
        },
        "probability": 0.972602009773,
        "value": "roc"
    },
    "genre_tzanetakis": {
        "all": {
            "blu": 0.0620671063662,
            "cla": 0.034474901855,
            "cou": 0.103433981538,
            "dis": 0.0620971247554,
            "hip": 0.15527240932,
            "jaz": 0.310666948557,
            "met": 0.044346679002,
            "pop": 0.0620793737471,
            "reg": 0.0620816536248,
            "roc": 0.103479810059
        },
        "probability": 0.310666948557,
        "value": "jaz"
    },
    "ismir04_rhythm": {
        "all": {
            "ChaChaCha": 0.5114813447,
            "Jive": 0.43052777648,
            "Quickstep": 0.00825088657439,
            "Rumba-American": 0.000808287528343,
            "Rumba-International": 0.0023873122409,
            "Rumba-Misc": 0.000614818360191,
            "Samba": 0.0264161583036,
            "Tango": 0.000865826325025,
            "VienneseWaltz": 0.0181381125003,
            "Waltz": 0.000509517383762
        },
        "probability": 0.5114813447,
        "value": "ChaChaCha"
    },
    "mood_acoustic": {
        "all": {
            "acoustic": 6.62294894482e-07,
            "not_acoustic": 0.999999344349
        },
        "probability": 0.999999344349,
        "value": "not_acoustic"
    },
    "mood_aggressive": {
        "all": {
            "aggressive": 0.985841035843,
            "not_aggressive": 0.0141589902341
        },
        "probability": 0.985841035843,
        "value": "aggressive"
    },
    "mood_electronic": {
        "all": {
            "electronic": 0.177074745297,
            "not_electronic": 0.822925269604
        },
        "probability": 0.822925269604,
        "value": "not_electronic"
    },
    "mood_happy": {
        "all": {
            "happy": 0.247278943658,
            "not_happy": 0.752721071243
        },
        "probability": 0.752721071243,
        "value": "not_happy"
    },
    "mood_party": {
        "all": {
            "not_party": 0.333754509687,
            "party": 0.666245520115
        },
        "probability": 0.666245520115,
        "value": "party"
    },
    "mood_relaxed": {
        "all": {
            "not_relaxed": 0.978527843952,
            "relaxed": 0.021472139284
        },
        "probability": 0.978527843952,
        "value": "not_relaxed"
    },
    "mood_sad": {
        "all": {
            "not_sad": 0.902721464634,
            "sad": 0.0972785353661
        },
        "probability": 0.902721464634,
        "value": "not_sad"
    },
    "moods_mirex": {
        "all": {
            "Cluster1": 0.169871896505,
            "Cluster2": 0.15857629478,
            "Cluster3": 0.0934387519956,
            "Cluster4": 0.11330679059,
            "Cluster5": 0.464806258678
        },
        "probability": 0.464806258678,
        "value": "Cluster5"
    },
    "timbre": {
        "all": {
            "bright": 0.859041333199,
            "dark": 0.1409586519
        },
        "probability": 0.859041333199,
        "value": "bright"
    },
    "tonal_atonal": {
        "all": {
            "atonal": 0.760706007481,
            "tonal": 0.239293992519
        },
        "probability": 0.760706007481,
        "value": "atonal"
    },
    "voice_instrumental": {
        "all": {
            "instrumental": 6.5108401941e-06,
            "voice": 0.999993503094
        },
        "probability": 0.999993503094,
        "value": "voice"
    }
},
"lowlevel": {
    "average_loudness": 0.978815019131,
    "barkbands_crest": {
        "dmean": 2.24033761024,
        "dmean2": 3.65131044388,
        "dvar": 3.527125597,
        "dvar2": 9.14273071289,
        "max": 19.1728515625,
        "mean": 6.5151181221,
        "median": 5.94823074341,
        "min": 2.13418531418,
        "var": 6.68434810638
    },
    "barkbands_flatness_db": {
        "dmean": 0.0132969729602,
        "dmean2": 0.0210642851889,
        "dvar": 0.000120364660688,
        "dvar2": 0.00031031796243,
        "max": 0.186054766178,
        "mean": 0.0963250994682,
        "median": 0.0957126766443,
        "min": 0.0406146980822,
        "var": 0.000513540406246
    },
    "barkbands_kurtosis": {
        "dmean": 0.548340320587,
        "dmean2": 0.895814239979,
        "dvar": 0.468519002199,
        "dvar2": 1.16315793991,
        "max": 7.17164802551,
        "mean": -0.720385909081,
        "median": -0.950315475464,
        "min": -1.7707952261,
        "var": 0.697199165821
    },
    "barkbands_skewness": {
        "dmean": 0.394933402538,
        "dmean2": 0.612366676331,
        "dvar": 0.115085020661,
        "dvar2": 0.291739076376,
        "max": 2.83464002609,
        "mean": 0.304833739996,
        "median": 0.258666038513,
        "min": -1.99576747417,
        "var": 0.341796815395
    },
    "barkbands_spread": {
        "dmean": 5.87850809097,
        "dmean2": 8.82894992828,
        "dvar": 33.0012397766,
        "dvar2": 65.619430542,
        "max": 91.2052154541,
        "mean": 37.5102005005,
        "median": 35.5895462036,
        "min": 14.5486478806,
        "var": 140.991729736
    },
    "dissonance": {
        "dmean": 0.00916865747422,
        "dmean2": 0.0158651228994,
        "dvar": 7.23933626432e-05,
        "dvar2": 0.000214240542846,
        "max": 0.49992236495,
        "mean": 0.485932916403,
        "median": 0.488167732954,
        "min": 0.431109011173,
        "var": 0.000104963837657
    },
    "dynamic_complexity": 1.44464695454,
    "erbbands_crest": {
        "dmean": 1.94243037701,
        "dmean2": 3.22568583488,
        "dvar": 3.16862487793,
        "dvar2": 8.57787895203,
        "max": 20.1867542267,
        "mean": 6.80617618561,
        "median": 6.38762187958,
        "min": 2.74283242226,
        "var": 5.5352063179
    },
    "erbbands_flatness_db": {
        "dmean": 0.0170893687755,
        "dmean2": 0.0252484288067,
        "dvar": 0.000244139198912,
        "dvar2": 0.00049132987624,
        "max": 0.245230153203,
        "mean": 0.149562865496,
        "median": 0.150323063135,
        "min": 0.0663972944021,
        "var": 0.00107100675814
    },
    "erbbands_kurtosis": {
        "dmean": 0.770076334476,
        "dmean2": 1.23452246189,
        "dvar": 0.584458112717,
        "dvar2": 1.39972341061,
        "max": 9.69240188599,
        "mean": 0.679481089115,
        "median": 0.390402793884,
        "min": -1.37541663647,
        "var": 1.62068462372
    },
    "erbbands_skewness": {
        "dmean": 0.280857354403,
        "dmean2": 0.448325902224,
        "dvar": 0.0597205981612,
        "dvar2": 0.150591790676,
        "max": 0.892233908176,
        "mean": -0.392012685537,
        "median": -0.368040472269,
        "min": -2.26953840256,
        "var": 0.200193613768
    },
    "erbbands_spread": {
        "dmean": 6.57426357269,
        "dmean2": 10.2652025223,
        "dvar": 44.4047317505,
        "dvar2": 95.8691711426,
        "max": 97.8670730591,
        "mean": 29.6367969513,
        "median": 27.796585083,
        "min": 7.48352384567,
        "var": 142.23324585
    },
    "hfc": {
        "dmean": 10.3635263443,
        "dmean2": 15.2051324844,
        "dvar": 269.478271484,
        "dvar2": 549.553405762,
        "max": 297.398956299,
        "mean": 38.3728179932,
        "median": 31.724407196,
        "min": 4.23780632019,
        "var": 945.955444336
    },
    "melbands_crest": {
        "dmean": 3.23366594315,
        "dmean2": 5.19388341904,
        "dvar": 7.29883718491,
        "dvar2": 17.7137107849,
        "max": 25.8943386078,
        "mean": 11.4947624207,
        "median": 11.0253429413,
        "min": 3.14237260818,
        "var": 18.6197223663
    },
    "melbands_flatness_db": {
        "dmean": 0.0199441723526,
        "dmean2": 0.0303242988884,
        "dvar": 0.000288812880171,
        "dvar2": 0.000711362343282,
        "max": 0.257586568594,
        "mean": 0.123762920499,
        "median": 0.124030217528,
        "min": 0.0288612712175,
        "var": 0.00152128341142
    },
    "melbands_kurtosis": {
        "dmean": 2.07233285904,
        "dmean2": 3.36077713966,
        "dvar": 8.42313098907,
        "dvar2": 21.125623703,
        "max": 36.0189781189,
        "mean": 1.97989964485,
        "median": 0.905191659927,
        "min": -1.71515929699,
        "var": 12.9760398865
    },
    "melbands_skewness": {
        "dmean": 0.526344120502,
        "dmean2": 0.83352380991,
        "dvar": 0.25573566556,
        "dvar2": 0.619448959827,
        "max": 5.53787565231,
        "mean": 1.38303685188,
        "median": 1.31429874897,
        "min": -0.508865296841,
        "var": 0.709601640701
    },
    "melbands_spread": {
        "dmean": 11.4352836609,
        "dmean2": 17.3709964752,
        "dvar": 124.006309509,
        "dvar2": 270.12612915,
        "max": 197.752761841,
        "mean": 50.2572402954,
        "median": 47.83253479,
        "min": 9.82292747498,
        "var": 404.364959717
    },
    "pitch_salience": {
        "dmean": 0.0576693415642,
        "dmean2": 0.0937885195017,
        "dvar": 0.002136454219,
        "dvar2": 0.00563505105674,
        "max": 0.819352626801,
        "mean": 0.61067199707,
        "median": 0.610083639622,
        "min": 0.335697561502,
        "var": 0.00657046958804
    },
    "silence_rate_20dB": {
        "dmean": 0,
        "dmean2": 0,
        "dvar": 0,
        "dvar2": 0,
        "max": 1,
        "mean": 1,
        "median": 1,
        "min": 1,
        "var": 0
    },
    "silence_rate_30dB": {
        "dmean": 0,
        "dmean2": 0,
        "dvar": 0,
        "dvar2": 0,
        "max": 1,
        "mean": 1,
        "median": 1,
        "min": 1,
        "var": 0
    },
    "silence_rate_60dB": {
        "dmean": 0,
        "dmean2": 0,
        "dvar": 0,
        "dvar2": 0,
        "max": 0,
        "mean": 0,
        "median": 0,
        "min": 0,
        "var": 0
    },
    "spectral_centroid": {
        "dmean": 235.680847168,
        "dmean2": 365.216308594,
        "dvar": 47558.9453125,
        "dvar2": 108390.304688,
        "max": 4387.13427734,
        "mean": 2086.65380859,
        "median": 2069.25463867,
        "min": 964.698547363,
        "var": 152570.859375
    },
    "spectral_complexity": {
        "dmean": 4.25541782379,
        "dmean2": 6.46088314056,
        "dvar": 13.0508794785,
        "dvar2": 28.0888938904,
        "max": 60,
        "mean": 34.3518943787,
        "median": 35,
        "min": 10,
        "var": 68.2435150146
    },
    "spectral_decrease": {
        "dmean": 1.96277594178e-09,
        "dmean2": 3.08699688034e-09,
        "dvar": 4.64770245522e-18,
        "dvar2": 1.08281631409e-17,
        "max": -9.42335320886e-10,
        "mean": -6.01274541268e-09,
        "median": -5.47886891411e-09,
        "min": -2.30122232381e-08,
        "var": 8.04778328177e-18
    },
    "spectral_energy": {
        "dmean": 0.00801441632211,
        "dmean2": 0.0125483889133,
        "dvar": 7.60463808547e-05,
        "dvar2": 0.000175667184521,
        "max": 0.0971814915538,
        "mean": 0.0261740237474,
        "median": 0.0242239758372,
        "min": 0.00429620174691,
        "var": 0.000148937251652
    },
    "spectral_energyband_high": {
        "dmean": 0.000908536429051,
        "dmean2": 0.00129174138419,
        "dvar": 4.73654972666e-06,
        "dvar2": 9.18082059798e-06,
        "max": 0.0413897782564,
        "mean": 0.00197101803496,
        "median": 0.000808731885627,
        "min": 1.98323414224e-05,
        "var": 1.33804342113e-05
    },
    "spectral_energyband_low": {
        "dmean": 0.00391957024112,
        "dmean2": 0.00635909056291,
        "dvar": 3.25588953274e-05,
        "dvar2": 7.68304598751e-05,
        "max": 0.0485195480287,
        "mean": 0.00717686815187,
        "median": 0.0053537725471,
        "min": 0.000131534747197,
        "var": 4.32870765508e-05
    },
    "spectral_energyband_middle_high": {
        "dmean": 0.00271271332167,
        "dmean2": 0.00427621789277,
        "dvar": 9.03996806301e-06,
        "dvar2": 2.10672496905e-05,
        "max": 0.0458434000611,
        "mean": 0.0109237395227,
        "median": 0.00966233108193,
        "min": 0.000954098126385,
        "var": 3.92465299228e-05
    },
    "spectral_energyband_middle_low": {
        "dmean": 0.0040778554976,
        "dmean2": 0.00658026849851,
        "dvar": 2.96771449939e-05,
        "dvar2": 7.36304573365e-05,
        "max": 0.0538261756301,
        "mean": 0.00700334599242,
        "median": 0.00514496304095,
        "min": 0.000997480470687,
        "var": 3.38960526278e-05
    },
    "spectral_entropy": {
        "dmean": 0.104576580226,
        "dmean2": 0.151669502258,
        "dvar": 0.010010831058,
        "dvar2": 0.0182810723782,
        "max": 8.73613166809,
        "mean": 7.90531206131,
        "median": 7.88556623459,
        "min": 7.22460746765,
        "var": 0.0634310990572
    },
    "spectral_flux": {
        "dmean": 0.0218307245523,
        "dmean2": 0.0332853756845,
        "dvar": 0.000502334209159,
        "dvar2": 0.00108656147495,
        "max": 0.249321505427,
        "mean": 0.098229303956,
        "median": 0.0923786759377,
        "min": 0.0280739814043,
        "var": 0.00106748996768
    },
    "spectral_kurtosis": {
        "dmean": 1.26770842075,
        "dmean2": 2.05460834503,
        "dvar": 1.74108338356,
        "dvar2": 4.65923929214,
        "max": 13.2347869873,
        "mean": 4.43699979782,
        "median": 4.20510196686,
        "min": -0.366579294205,
        "var": 4.90096569061
    },
    "spectral_rms": {
        "dmean": 0.000748708844185,
        "dmean2": 0.00116333831102,
        "dvar": 5.3694344615e-07,
        "dvar2": 1.20467188935e-06,
        "max": 0.0097371051088,
        "mean": 0.00492644216865,
        "median": 0.00486139347777,
        "min": 0.00204729498364,
        "var": 1.26584086502e-06
    },
    "spectral_rolloff": {
        "dmean": 590.763427734,
        "dmean2": 937.57019043,
        "dvar": 926130,
        "dvar2": 1888184,
        "max": 12144.7265625,
        "mean": 2840.96337891,
        "median": 2433.25195312,
        "min": 172.265625,
        "var": 2539988.5
    },
    "spectral_skewness": {
        "dmean": 0.175104886293,
        "dmean2": 0.277406901121,
        "dvar": 0.0262931138277,
        "dvar2": 0.0643855631351,
        "max": 2.74725842476,
        "mean": 1.44684791565,
        "median": 1.42390418053,
        "min": 0.235830634832,
        "var": 0.0918013677001
    },
    "spectral_spread": {
        "dmean": 550543.5,
        "dmean2": 775621.25,
        "dvar": 385769406464,
        "dvar2": 660682637312,
        "max": 11291275,
        "mean": 4112418,
        "median": 3812835.25,
        "min": 2100720.25,
        "var": 1.96013483622e+12
    },
    "spectral_strongpeak": {
        "dmean": 0.669143438339,
        "dmean2": 1.19639647007,
        "dvar": 1.07072544098,
        "dvar2": 2.83022618294,
        "max": 7.2378320694,
        "mean": 0.755544781685,
        "median": 0.319325357676,
        "min": 0.0317256860435,
        "var": 1.08994650841
    },
    "zerocrossingrate": {
        "dmean": 0.0119640240446,
        "dmean2": 0.0135659733787,
        "dvar": 0.000198928260943,
        "dvar2": 0.000207897785003,
        "max": 0.2880859375,
        "mean": 0.0946272462606,
        "median": 0.083984375,
        "min": 0.02734375,
        "var": 0.00153169734403
    },
    "barkbands": {
        "dmean": [0.000167454883922, 0.0023274384439, 0.00188630947378, 0.00115508853924, 0.00185608840548, 0.000792067847215, 0.000507836521138, 0.000314800563501, 0.000863254885189, 0.000472642102977, 0.00057726824889, 0.000664256280288, 0.000598160026129, 0.00081341288751, 0.000711992790457, 0.000619119789917, 0.00077141582733, 0.000419305259129, 0.000312955526169, 0.000169654420461, 0.000162755313795, 0.000253059872193, 0.000192163017346, 0.00020102475537, 0.000125098013086, 7.8075012425e-05, 1.38756550694e-09],
        "dmean2": [0.000243435570155, 0.00365239498205, 0.00329532031901, 0.00203860877082, 0.00297820521519, 0.00134278705809, 0.000850049429573, 0.000527482654434, 0.00136983790435, 0.000797862536274, 0.000948020664509, 0.00108358368743, 0.00100114720408, 0.00131962925661, 0.0011979190167, 0.00103721686173, 0.00128224433865, 0.000697372306604, 0.000529514392838, 0.000269594427664, 0.000254177022725, 0.000380164856324, 0.000274686171906, 0.000302156113321, 0.000175787849003, 0.000118546631711, 2.256505649e-09],
        "dvar": [6.23524059051e-08, 1.51471240315e-05, 6.90863726049e-06, 3.76449929718e-06, 1.4359974557e-05, 2.19617049879e-06, 1.78075526946e-06, 3.92813092276e-07, 1.59352623541e-06, 5.39901577667e-07, 8.61164323851e-07, 1.2883231193e-06, 9.18197486044e-07, 1.54905376348e-06, 9.66922016232e-07, 5.47485626612e-07, 6.28131090252e-07, 2.25363237405e-07, 1.41162075806e-07, 5.92552353851e-08, 1.4851732999e-07, 3.79661855732e-07, 3.72497538592e-07, 4.48844502898e-07, 1.07410471628e-07, 5.0217494163e-08, 1.63571233893e-16],
        "dvar2": [1.27896328195e-07, 3.41068043781e-05, 1.99004334718e-05, 1.0118600585e-05, 3.4668828448e-05, 5.75094964006e-06, 4.78013862448e-06, 1.05959975372e-06, 3.94209382648e-06, 1.39460064474e-06, 2.25969779422e-06, 3.29880549543e-06, 2.42740293288e-06, 3.95577762902e-06, 2.60028377852e-06, 1.56954604336e-06, 1.64967707406e-06, 5.60777209557e-07, 3.7953978449e-07, 1.43479383041e-07, 3.51637538643e-07, 7.19178785857e-07, 7.53659378461e-07, 1.13454871098e-06, 1.92801891785e-07, 1.05247529802e-07, 1.66112451849e-16],
        "max": [0.00198211637326, 0.0320886671543, 0.0223175529391, 0.018407382071, 0.0287030506879, 0.0169877037406, 0.0249061733484, 0.0126528693363, 0.0145876798779, 0.00888218358159, 0.0144801354036, 0.0145787950605, 0.0132305612788, 0.0155711742118, 0.0153361214325, 0.00960185006261, 0.00822259485722, 0.0056975800544, 0.00612981291488, 0.00382206239738, 0.0067908433266, 0.0149266561493, 0.01208642032, 0.0140469502658, 0.00506946723908, 0.0048535480164, 4.58934039216e-07],
        "mean": [0.000363865226973, 0.00319750444032, 0.00286574149504, 0.00127456127666, 0.00185769877862, 0.00112143566366, 0.000693527574185, 0.000425172009273, 0.00132901885081, 0.000758295413107, 0.000881924701389, 0.00104368606117, 0.000994718051516, 0.00135530927218, 0.00130145857111, 0.00122558686417, 0.00169684458524, 0.000933248433284, 0.000672628288157, 0.000390326953493, 0.000312838266836, 0.000424201512942, 0.000372864480596, 0.000336135155521, 0.000227629105211, 0.000117806608614, 1.22712617845e-09],
        "median": [0.00014268294035, 0.00151403783821, 0.00210943398997, 0.000796106527559, 0.000585303234402, 0.000584271445405, 0.000295066682156, 0.000268058793154, 0.000684950267896, 0.000446021091193, 0.000516344909556, 0.000576138147153, 0.000615442113485, 0.00077489373507, 0.000856995233335, 0.000936733675189, 0.00145821552724, 0.000748488295358, 0.000563154928386, 0.000285513960989, 0.00015473656822, 0.000139599709655, 0.000130012980662, 9.66539810179e-05, 5.20062749274e-05, 2.6974676075e-05, 4.09786399258e-10],
        "min": [1.51707794771e-07, 9.75747207121e-06, 1.20539634736e-05, 9.91785327642e-06, 3.2666586776e-05, 9.53235758061e-06, 8.34091042634e-06, 4.69178667117e-06, 1.35587406476e-05, 6.40587495582e-06, 7.0962778409e-06, 2.51385790762e-05, 3.2365674997e-05, 7.12195333108e-06, 2.51774872595e-05, 0.00011635782721, 7.06269347575e-05, 7.07385624992e-05, 3.34422074957e-05, 1.76637004188e-05, 3.61644197255e-06, 2.93618836622e-06, 1.28660292376e-06, 4.70669448305e-07, 1.70072809169e-07, 1.85523543195e-08, 3.40225868312e-11],
        "var": [1.82880171451e-07, 2.01957791433e-05, 7.20836032997e-06, 2.92430604532e-06, 1.37720817293e-05, 2.7132143714e-06, 2.23275492317e-06, 3.91865000893e-07, 2.97718224829e-06, 9.54131451181e-07, 1.31663273351e-06, 2.03443164537e-06, 1.41038844959e-06, 2.7059961667e-06, 1.94586959879e-06, 9.91509523374e-07, 1.18758987355e-06, 5.00869020925e-07, 2.39013701275e-07, 1.44925678569e-07, 3.06695397967e-07, 1.10357620997e-06, 8.74989098065e-07, 6.11512575688e-07, 3.1213062357e-07, 8.585917044e-08, 1.63550256593e-16]
    },
    "erbbands": {
        "dmean": [0.0944740697742, 0.468725472689, 1.68031203747, 3.36055493355, 3.8342525959, 8.75413608551, 3.76157093048, 8.78398227692, 8.62023067474, 5.35705661774, 7.13082695007, 20.4058818817, 18.4269332886, 13.5517301559, 27.0406684875, 25.6147136688, 25.8972034454, 39.1746749878, 36.5122451782, 29.8713169098, 33.8952255249, 34.8115081787, 25.0329437256, 18.751958847, 11.5891094208, 7.94401979446, 5.85733556747, 7.29784107208, 8.9255027771, 8.53712749481, 5.33289480209, 5.58226728439, 2.29959654808, 1.47939956188, 0.931952238083, 0.422724753618, 0.133708000183, 0.0106813218445, 0.000200297305128, 1.8990769604e-05],
        "dmean2": [0.146502107382, 0.790723979473, 2.92478895187, 5.94558858871, 6.56670045853, 13.9029750824, 6.24653625488, 14.827129364, 14.2369995117, 8.82867527008, 12.1097240448, 32.6532554626, 30.6166667938, 22.5416278839, 44.4248847961, 41.61378479, 42.9052352905, 62.8997192383, 60.098323822, 49.8929748535, 56.5023536682, 57.7381706238, 41.6430664062, 31.9240150452, 18.9809875488, 12.6642618179, 8.81738471985, 11.4946546555, 13.8157348633, 12.7606706619, 7.75423622131, 8.61805343628, 3.27148675919, 2.15070176125, 1.30265498161, 0.628539502621, 0.196181327105, 0.0167098473758, 0.000301356514683, 2.72381257673e-05],
        "dvar": [0.0244373455644, 0.737558782101, 6.33506774902, 29.6140708923, 37.5229797363, 363.610076904, 44.6591567993, 292.21383667, 498.725616455, 70.151222229, 186.214553833, 870.850158691, 987.974060059, 451.822998047, 2022.99902344, 1782.66577148, 1816.02783203, 4029.29516602, 2081.76611328, 2315.16918945, 1237.24499512, 1314.9362793, 848.644836426, 423.403381348, 267.440063477, 129.375091553, 109.147483826, 436.808441162, 611.942565918, 514.960449219, 348.02746582, 471.922058105, 34.8848495483, 15.4748592377, 6.58130264282, 1.23898887634, 0.186430186033, 0.00168490072247, 4.95140398016e-07, 1.34645516958e-09],
        "dvar2": [0.0508242323995, 1.83407831192, 18.1252555847, 80.9909515381, 100.888343811, 842.409790039, 114.795928955, 768.559814453, 1302.78063965, 186.663238525, 506.79196167, 2146.12280273, 2613.58251953, 1238.23669434, 5305.77001953, 4365.72119141, 4790.86572266, 10042.2675781, 5376.73632812, 6244.02148438, 3350.62402344, 3521.25561523, 2080.6184082, 1163.32299805, 660.071289062, 320.622497559, 237.23399353, 1025.37597656, 1307.93066406, 1025.38549805, 771.445007324, 1229.71069336, 76.5061035156, 30.4449195862, 11.8059148788, 2.36994671822, 0.432857841253, 0.00429090112448, 1.21418861454e-06, 2.95026336694e-09],
        "max": [1.18705379963, 6.43986463547, 20.8763046265, 55.9752578735, 42.9016799927, 142.891677856, 61.181438446, 194.055725098, 389.878112793, 128.323440552, 257.511810303, 365.536773682, 516.225219727, 260.932250977, 690.649719238, 526.923583984, 686.662597656, 958.644775391, 504.383636475, 656.572692871, 473.568664551, 400.544342041, 373.209350586, 267.903198242, 323.717926025, 154.012680054, 242.29119873, 392.084289551, 615.148010254, 537.011169434, 312.780822754, 495.335693359, 84.6446838379, 57.0663795471, 40.067653656, 21.0830421448, 11.0576791763, 0.957944631577, 0.016764389351, 0.000824937829748],
        "mean": [0.13592389226, 0.576515495777, 2.63536596298, 4.4341378212, 4.14433908463, 8.27669525146, 4.72647237778, 12.1340303421, 11.9695014954, 8.45821475983, 10.2189588547, 31.5093231201, 29.543510437, 24.2838420868, 43.2463340759, 41.8200721741, 47.6786346436, 69.2715377808, 72.6722640991, 60.9979171753, 81.5773620605, 83.3607711792, 58.0703659058, 40.9657897949, 27.482465744, 18.231880188, 12.6168622971, 13.2127838135, 14.7191047668, 14.5364141464, 10.0308599472, 8.67021369934, 4.27441978455, 2.62789988518, 1.59793138504, 0.675022184849, 0.189031735063, 0.0127017144114, 0.000280386448139, 5.1619419537e-05],
        "median": [0.0499358065426, 0.309360444546, 1.98601675034, 3.10508275032, 2.32717418671, 1.73301649094, 2.40378570557, 6.24518537521, 4.35326623917, 5.87120771408, 6.35613918304, 16.5799427032, 15.2038936615, 16.3104629517, 25.7523117065, 23.6108531952, 30.545715332, 41.9782676697, 50.9093017578, 40.289226532, 70.1404800415, 72.7871170044, 47.7482948303, 34.4487876892, 21.9579105377, 13.2587480545, 7.22278356552, 5.66650533676, 4.6166934967, 5.1055765152, 3.49158358574, 2.51729440689, 1.15351915359, 0.614732265472, 0.311369597912, 0.143705591559, 0.0440770760179, 0.00197661365382, 6.79687655065e-05, 3.7158250052e-05],
        "min": [0.000402591540478, 0.00564128113911, 0.024352805689, 0.0569954551756, 0.158424973488, 0.0928034484386, 0.0289585441351, 0.117347829044, 0.302791565657, 0.324376285076, 0.4667981565, 0.461429357529, 0.566869914532, 0.920543372631, 0.639124453068, 1.14814221859, 2.47027635574, 2.51356053352, 2.48412871361, 3.6359667778, 8.20146083832, 6.91172933578, 5.60656404495, 2.35110211372, 1.20141303539, 0.939989984035, 0.311590433121, 0.130839109421, 0.09158975631, 0.104920327663, 0.0328035987914, 0.0178404264152, 0.00421597994864, 0.00140192499384, 0.00100892432965, 0.000312046409817, 0.000113684589451, 4.5312463044e-06, 3.55682732334e-06, 5.59329373573e-06],
        "var": [0.0374140925705, 0.723892748356, 6.27672624588, 23.7320461273, 31.0276012421, 358.859100342, 46.4109382629, 343.679138184, 667.355773926, 86.3533172607, 179.648849487, 1610.98632812, 1698.06030273, 743.937255859, 3186.71679688, 2896.96069336, 2911.97363281, 6965.59033203, 4850.67285156, 4202.90966797, 2773.93652344, 2537.36767578, 1774.9777832, 771.400268555, 532.354675293, 302.063476562, 286.280639648, 802.868591309, 1467.03869629, 1263.55224609, 660.169616699, 524.386169434, 79.559135437, 37.4037895203, 19.3802680969, 2.80300402641, 0.25934740901, 0.00170807121322, 5.85180089274e-07, 2.65556554524e-09]
    },
    "gfcc": {
        "mean": [48.9971847534, 70.0396957397, -140.760574341, 40.512386322, -45.5581054688, 26.2716522217, -42.6663208008, 17.3170852661, -23.5214004517, 1.42389810085, -19.480348587, 3.8695333004, -16.0087814331],
        "cov": [[1320.94714355, -802.99786377, 358.45892334, -21.3000564575, -252.797363281, 151.699935913, -121.081260681, -8.98651981354, -98.9128799438, 86.3072128296, -113.856208801, 98.1188735962, -22.4043979645], [-802.99786377, 899.739440918, -337.9425354, 26.9212589264, 201.578796387, -141.433624268, 163.421203613, -20.740240097, 88.0475540161, -92.0973052979, 91.4089279175, -90.5981674194, 22.8646736145], [358.45892334, -337.9425354, 410.81060791, 40.3129730225, -63.1678848267, 38.9677238464, -82.3259124756, 28.3121490479, -45.5317840576, 65.1228561401, -47.5273551941, 78.2821121216, -17.6465835571], [-21.3000564575, 26.9212589264, 40.3129730225, 155.391845703, 1.57415390015, -13.6227445602, 9.45780086517, -23.8459510803, 22.9496059418, 0.620045959949, 2.66149711609, 1.67010474205, 15.7035970688], [-252.797363281, 201.578796387, -63.1678848267, 1.57415390015, 203.274871826, 17.8310565948, 81.6122055054, 47.5832672119, 39.5567169189, -0.322371095419, 23.2894477844, -18.6898384094, -17.7771911621], [151.699935913, -141.433624268, 38.9677238464, -13.6227445602, 17.8310565948, 129.372039795, 31.0336360931, 32.889755249, 0.136558339, 16.4437332153, -7.38013982773, 4.93683242798, -2.36920380592], [-121.081260681, 163.421203613, -82.3259124756, 9.45780086517, 81.6122055054, 31.0336360931, 138.383361816, 40.6596946716, 39.9148139954, -8.95111751556, 12.2835617065, -13.7015523911, -3.98100852966], [-8.98651981354, -20.740240097, 28.3121490479, -23.8459510803, 47.5832672119, 32.889755249, 40.6596946716, 108.096954346, 42.3668670654, 18.8713359833, 6.02309179306, 0.789139389992, -0.0622599087656], [-98.9128799438, 88.0475540161, -45.5317840576, 22.9496059418, 39.5567169189, 0.136558339, 39.9148139954, 42.3668670654, 82.3752746582, 15.4934453964, 27.2714118958, -2.57846808434, 7.025349617], [86.3072128296, -92.0973052979, 65.1228561401, 0.620045959949, -0.322371095419, 16.4437332153, -8.95111751556, 18.8713359833, 15.4934453964, 65.658744812, 13.832909584, 30.3758430481, -2.68349313736], [-113.856208801, 91.4089279175, -47.5273551941, 2.66149711609, 23.2894477844, -7.38013982773, 12.2835617065, 6.02309179306, 27.2714118958, 13.832909584, 66.1724014282, 9.49356269836, 13.5851287842], [98.1188735962, -90.5981674194, 78.2821121216, 1.67010474205, -18.6898384094, 4.93683242798, -13.7015523911, 0.789139389992, -2.57846808434, 30.3758430481, 9.49356269836, 67.0353164673, 6.59510469437], [-22.4043979645, 22.8646736145, -17.6465835571, 15.7035970688, -17.7771911621, -2.36920380592, -3.98100852966, -0.0622599087656, 7.025349617, -2.68349313736, 13.5851287842, 6.59510469437, 47.4943733215]],
        "icov": [[0.00209002546035, 0.000896165671293, -0.000250722951023, 2.58804684563e-05, 0.00158236909192, -0.0012923135655, -0.00048582549789, 0.000264780712314, 0.000321809988236, -0.00102951517329, 0.00165708817076, -0.000925811706111, 0.000489019730594], [0.000896165671293, 0.00586426723748, -0.00108500255737, 0.00174487044569, -0.00300151016563, 0.00551479775459, -0.0057265306823, 0.00439830124378, -0.00320423766971, 0.00427433149889, -0.00459051504731, 0.00428387150168, -0.00326941697858], [-0.000250722951023, -0.00108500255737, 0.00692410115153, -0.00410582125187, 0.00094646360958, -0.00202135019936, 0.00441560614854, -0.00587451597676, 0.00508640147746, -0.00412795878947, 0.00432826532051, -0.00660374760628, 0.00364347128198], [2.58804684563e-05, 0.00174487044569, -0.00410582125187, 0.0105689838529, -0.00185130746104, 0.0028296855744, -0.00430476712063, 0.00782415829599, -0.00742800999433, 0.00263818982057, -0.00165682204533, 0.00446433480829, -0.00564843043685], [0.00158236909192, -0.00300151016563, 0.00094646360958, -0.00185130746104, 0.0111499130726, -0.00511178467423, 0.000358525430784, -0.00500035705045, 0.0025025845971, -0.00389513629489, 0.00244233454578, -0.0029103087727, 0.00621240166947], [-0.0012923135655, 0.00551479775459, -0.00202135019936, 0.0028296855744, -0.00511178467423, 0.0171060599387, -0.0088461227715, 0.00300824269652, -0.00215268158354, 0.00340658798814, -0.00601960811764, 0.00687052169815, -0.00547008216381], [-0.00048582549789, -0.0057265306823, 0.00441560614854, -0.00430476712063, 0.000358525430784, -0.0088461227715, 0.0188753567636, -0.00839246250689, 0.00187842035666, -0.00254452461377, 0.00624230410904, -0.0075890570879, 0.00570236844942], [0.000264780712314, 0.00439830124378, -0.00587451597676, 0.00782415829599, -0.00500035705045, 0.00300824269652, -0.00839246250689, 0.0227802209556, -0.013724851422, 0.00310294725932, -0.0032311452087, 0.00784656591713, -0.00711722532287], [0.000321809988236, -0.00320423766971, 0.00508640147746, -0.00742800999433, 0.0025025845971, -0.00215268158354, 0.00187842035666, -0.013724851422, 0.027388241142, -0.0094684464857, -0.00067017658148, -0.00402789982036, 0.0031738190446], [-0.00102951517329, 0.00427433149889, -0.00412795878947, 0.00263818982057, -0.00389513629489, 0.00340658798814, -0.00254452461377, 0.00310294725932, -0.0094684464857, 0.0301585868001, -0.0108913220465, -0.00235244445503, 9.98764007818e-05], [0.00165708817076, -0.00459051504731, 0.00432826532051, -0.00165682204533, 0.00244233454578, -0.00601960811764, 0.00624230410904, -0.0032311452087, -0.00067017658148, -0.0108913220465, 0.0293664522469, -0.0103358896449, -0.0012003488373], [-0.000925811706111, 0.00428387150168, -0.00660374760628, 0.00446433480829, -0.0029103087727, 0.00687052169815, -0.0075890570879, 0.00784656591713, -0.00402789982036, -0.00235244445503, -0.0103358896449, 0.0299164224416, -0.00853611063212], [0.000489019730594, -0.00326941697858, 0.00364347128198, -0.00564843043685, 0.00621240166947, -0.00547008216381, 0.00570236844942, -0.00711722532287, 0.0031738190446, 9.98764007818e-05, -0.0012003488373, -0.00853611063212, 0.0296670403332]]
    },
    "melbands": {
        "dmean": [0.000713884888683, 0.000747385434806, 0.000555265985895, 0.000438851595391, 0.000196419685381, 0.00018340110546, 0.00012444400636, 6.08796472079e-05, 6.19486454525e-05, 0.000137171213282, 9.26586362766e-05, 5.54039943381e-05, 8.22086585686e-05, 7.83305222285e-05, 5.75114281673e-05, 6.79286240484e-05, 7.93591025285e-05, 6.26038818154e-05, 4.72048850497e-05, 4.75894521514e-05, 4.54101682408e-05, 4.54016371805e-05, 3.18119527947e-05, 1.8861168428e-05, 1.74722936208e-05, 1.01142240965e-05, 7.71390386944e-06, 5.364252047e-06, 3.87168756788e-06, 4.13530233345e-06, 4.63616970592e-06, 4.94941059515e-06, 5.93164531892e-06, 4.52214089819e-06, 3.41165014106e-06, 3.22341998071e-06, 3.50017012352e-06, 1.75606317043e-06, 1.32210959691e-06, 1.36067205858e-06],
        "dmean2": [0.00111339055002, 0.0012795998482, 0.000976946670562, 0.000701555225533, 0.000320169638144, 0.000308957503876, 0.000205009477213, 0.000100260425825, 0.000104279235529, 0.000218677421799, 0.000154544104589, 9.23468833207e-05, 0.000133496228955, 0.000130969754537, 9.35163989197e-05, 0.000112680732855, 0.000127761129988, 0.000103457721707, 7.91158163338e-05, 8.08869153843e-05, 7.58301248425e-05, 7.5248615758e-05, 5.40462679055e-05, 3.14979042741e-05, 3.00731917378e-05, 1.70213843376e-05, 1.25947899505e-05, 8.76829017216e-06, 5.98341057412e-06, 6.61213471176e-06, 7.4571416917e-06, 7.74703948991e-06, 9.12867471925e-06, 6.73625845593e-06, 5.091699677e-06, 5.01696331412e-06, 5.4752476899e-06, 2.48871674557e-06, 2.03462718673e-06, 1.98285579245e-06],
        "dvar": [1.4347308479e-06, 1.36986329835e-06, 7.40845791825e-07, 7.6595028986e-07, 1.42540244497e-07, 1.23474322322e-07, 9.80090391067e-08, 9.74437508461e-09, 1.20152510164e-08, 3.95374151196e-08, 2.47535485443e-08, 7.79739472989e-09, 1.77927912404e-08, 1.99736049922e-08, 9.8283683414e-09, 1.34118440798e-08, 1.56374202476e-08, 6.52407150525e-09, 5.66070523789e-09, 4.29403534952e-09, 2.10998063466e-09, 2.29830110499e-09, 1.31073096821e-09, 4.6064155268e-10, 3.64260677177e-10, 1.85624099425e-10, 1.35795777401e-10, 5.9213113579e-11, 3.77544905061e-11, 7.89711351867e-11, 2.19681967062e-10, 2.37017377946e-10, 1.79273304535e-10, 1.68452904403e-10, 1.4216351707e-10, 1.68874969564e-10, 1.54759025039e-10, 1.86055511275e-11, 1.20172647874e-11, 1.40071279228e-11],
        "dvar2": [3.10463633468e-06, 3.79872835765e-06, 2.01143848244e-06, 1.83136501164e-06, 3.47630759734e-07, 3.24143655916e-07, 2.54360543295e-07, 2.5550967564e-08, 3.1512271903e-08, 9.86183081864e-08, 6.54708927073e-08, 2.12162856172e-08, 4.73412988811e-08, 5.18176399567e-08, 2.28473524544e-08, 3.57141622942e-08, 3.86725993451e-08, 1.64380882239e-08, 1.52987862378e-08, 1.23710117705e-08, 5.57688650815e-09, 6.36062846837e-09, 3.29565508217e-09, 1.16859144583e-09, 1.01812391851e-09, 4.67629046597e-10, 3.39928057924e-10, 1.48629067387e-10, 8.35020733114e-11, 1.85398335573e-10, 5.21656162711e-10, 5.44084111098e-10, 3.53439222334e-10, 3.43767181388e-10, 3.13204018276e-10, 4.28866941959e-10, 4.02339300765e-10, 4.02400023025e-11, 2.75731278088e-11, 2.7553672885e-11],
        "max": [0.00993299949914, 0.00995317101479, 0.00814278610051, 0.00652552675456, 0.00317169656046, 0.00397691596299, 0.00571516668424, 0.00153041677549, 0.00169974321034, 0.00248243054375, 0.00249851471744, 0.000970677763689, 0.00213410030119, 0.0018653239822, 0.00160489603877, 0.00159561738838, 0.00183742539957, 0.000994975911453, 0.00120174034964, 0.000951866444666, 0.000537815387361, 0.000493791827466, 0.000415089278249, 0.000229685174418, 0.000224285919103, 0.000228935939958, 0.000222016664338, 0.000102722682641, 0.000125325925183, 0.000181746319868, 0.000250507233432, 0.000405101600336, 0.000274896621704, 0.000293626246275, 0.000235191910178, 0.000274442660157, 0.000268755917205, 6.18073900114e-05, 4.26303013228e-05, 5.8101311879e-05],
        "mean": [0.00101522612385, 0.00117515120655, 0.000765182485338, 0.000437179551227, 0.000221622118261, 0.000257413921645, 0.000174234432052, 9.25761196413e-05, 8.69083814905e-05, 0.000211373509956, 0.00014388791169, 9.30780079216e-05, 0.000127434192109, 0.000126900311443, 9.38060329645e-05, 0.000115060982353, 0.000129946231027, 0.00011543839355, 8.79411163623e-05, 8.47509145387e-05, 0.000100786484836, 9.62795384112e-05, 6.34378520772e-05, 4.09824642702e-05, 3.32073104801e-05, 2.13558887481e-05, 1.63639342645e-05, 1.1056547919e-05, 7.80549635238e-06, 7.61689034334e-06, 7.56261306378e-06, 7.88504257798e-06, 8.92620573723e-06, 7.84910844231e-06, 6.03690114076e-06, 5.09573283125e-06, 5.24664937984e-06, 3.12726297125e-06, 2.21086929741e-06, 2.24231780521e-06],
        "median": [0.000427225400927, 0.000881738495082, 0.000556794868317, 0.000143266341183, 8.63130480866e-05, 0.000130007974803, 6.51365917292e-05, 6.38981873635e-05, 5.1082126447e-05, 0.000104460908915, 7.12260007276e-05, 5.82804641454e-05, 7.36633155611e-05, 7.42447809898e-05, 5.3677111282e-05, 7.03936530044e-05, 7.63936841395e-05, 7.59763570386e-05, 5.50473523617e-05, 5.8712772443e-05, 8.48636773298e-05, 8.27368276077e-05, 4.96215288877e-05, 3.36067350872e-05, 2.71568569588e-05, 1.7146619939e-05, 1.22937699416e-05, 7.63189109421e-06, 4.56290672446e-06, 3.81467975785e-06, 2.7697196856e-06, 2.41405564338e-06, 2.95640370496e-06, 2.77606181953e-06, 2.1872765501e-06, 1.45150772823e-06, 1.51604911025e-06, 8.10943220131e-07, 5.86964347349e-07, 4.82071470742e-07],
        "min": [2.64934351435e-06, 1.63301610883e-05, 1.15915090646e-05, 4.34453431808e-06, 7.0181187084e-07, 2.47460934588e-06, 4.78179481433e-06, 2.99103089674e-06, 2.87136094812e-06, 1.99714190785e-06, 1.85838996458e-06, 1.820778607e-06, 1.31493163735e-06, 1.87246928363e-06, 2.11647329706e-06, 2.16121839003e-06, 4.59507009509e-06, 2.63421543423e-06, 1.79992605354e-06, 3.89598744732e-06, 9.33835963224e-06, 5.13822487846e-06, 4.78565152662e-06, 2.74673016065e-06, 1.71672843408e-06, 9.56167923505e-07, 6.70794406687e-07, 4.51875223462e-07, 2.08811229641e-07, 8.52695833942e-08, 6.71018369758e-08, 4.17057854918e-08, 6.57120509118e-08, 5.77652272682e-08, 1.00762349575e-08, 1.44306939731e-08, 8.88247697617e-09, 1.91562543606e-09, 5.31407340007e-12, 1.87175049765e-11],
