{
"highlevel": {
    "danceability": {
        "all": {
            "danceable": 0.0261876024306,
            "not_danceable": 0.973812401295
        },
        "probability": 0.973812401295,
        "value": "not_danceable"
    },
    "gender": {
        "all": {
            "female": 0.5,
            "male": 0.5
        },
        "probability": 0.5,
        "value": "female"
    },
    "genre_dortmund": {
        "all": {
            "alternative": 0.136762470007,
            "blues": 0.0996008887887,
            "electronic": 0.00806053541601,
            "folkcountry": 0.365748554468,
            "funksoulrnb": 0.012140407227,
            "jazz": 0.0103205181658,
            "pop": 0.0496711544693,
            "raphiphop": 0.00160112988669,
            "rock": 0.316094338894
        },
        "probability": 0.365748554468,
        "value": "folkcountry"
    },
    "genre_electronic": {
        "all": {
            "ambient": 0.39234995842,
            "dnb": 0.216162726283,
            "house": 0.281384855509,
            "techno": 0.0203949585557,
            "trance": 0.0897074863315
        },
        "probability": 0.39234995842,
        "value": "ambient"
    },
    "genre_rosamerica": {
        "all": {
            "cla": 0.0820197016001,
            "dan": 0.0146547770128,
            "hip": 0.0106381848454,
            "jaz": 0.0232169609517,
            "pop": 0.23679074645,
            "rhy": 0.106629826128,
            "roc": 0.52043068409,
            "spe": 0.00561914360151
        },
        "probability": 0.52043068409,
        "value": "roc"
    },
    "genre_tzanetakis": {
        "all": {
            "blu": 2.07100775331e-14,
            "cla": 1.13764673273e-14,
            "cou": 2.28104786849e-14,
            "dis": 1.51927285314e-14,
            "hip": 4.29852551123e-14,
            "jaz": 0.999999880791,
            "met": 2.0000017642e-08,
            "pop": 2.0000017642e-08,
            "reg": 1.66666822565e-08,
            "roc": 3.33333645131e-08
        },
        "probability": 0.999999880791,
        "value": "jaz"
    },
    "ismir04_rhythm": {
        "all": {
            "ChaChaCha": 0.455399513245,
            "Jive": 0.305147051811,
            "Quickstep": 0.0225020237267,
            "Rumba-American": 0.0119657823816,
            "Rumba-International": 0.0130406310782,
            "Rumba-Misc": 0.00359670468606,
            "Samba": 0.0379536300898,
            "Tango": 0.0502393171191,
            "VienneseWaltz": 0.0932659655809,
            "Waltz": 0.00688938004896
        },
        "probability": 0.455399513245,
        "value": "ChaChaCha"
    },
    "mood_acoustic": {
        "all": {
            "acoustic": 0.0926996171474,
            "not_acoustic": 0.907300412655
        },
        "probability": 0.907300412655,
        "value": "not_acoustic"
    },
    "mood_aggressive": {
        "all": {
            "aggressive": 0.264943808317,
            "not_aggressive": 0.73505616188
        },
        "probability": 0.73505616188,
        "value": "not_aggressive"
    },
    "mood_electronic": {
        "all": {
            "electronic": 0.300046473742,
            "not_electronic": 0.699953556061
        },
        "probability": 0.699953556061,
        "value": "not_electronic"
    },
    "mood_happy": {
        "all": {
            "happy": 0.478433728218,
            "not_happy": 0.521566271782
        },
        "probability": 0.521566271782,
        "value": "not_happy"
    },
    "mood_party": {
        "all": {
            "not_party": 0.373942196369,
            "party": 0.626057803631
        },
        "probability": 0.626057803631,
        "value": "party"
    },
    "mood_relaxed": {
        "all": {
            "not_relaxed": 0.873415052891,
            "relaxed": 0.126584932208
        },
        "probability": 0.873415052891,
        "value": "not_relaxed"
    },
    "mood_sad": {
        "all": {
            "not_sad": 0.788765490055,
            "sad": 0.211234495044
        },
        "probability": 0.788765490055,
        "value": "not_sad"
    },
    "moods_mirex": {
        "all": {
            "Cluster1": 0.169181466103,
            "Cluster2": 0.300893872976,
            "Cluster3": 0.165666893125,
            "Cluster4": 0.304318338633,
            "Cluster5": 0.0599394366145
        },
        "probability": 0.304318338633,
        "value": "Cluster4"
    },
    "timbre": {
        "all": {
            "bright": 0.981939077377,
            "dark": 0.0180609077215
        },
        "probability": 0.981939077377,
        "value": "bright"
    },
    "tonal_atonal": {
        "all": {
            "atonal": 0.0291295647621,
            "tonal": 0.970870435238
        },
        "probability": 0.970870435238,
        "value": "tonal"
    },
    "voice_instrumental": {
        "all": {
            "instrumental": 0.000433820154285,
            "voice": 0.999566197395
        },
        "probability": 0.999566197395,
        "value": "voice"
    }
},
"lowlevel": {
    "average_loudness": 0.953443408012,
    "barkbands_crest": {
        "dmean": 1.87394666672,
        "dmean2": 3.14314818382,
        "dvar": 2.8451218605,
        "dvar2": 7.56496620178,
        "max": 18.3533649445,
        "mean": 7.06797266006,
        "median": 6.5812587738,
        "min": 2.40248560905,
        "var": 6.5037612915
    },
    "barkbands_flatness_db": {
        "dmean": 0.0162822138518,
        "dmean2": 0.0247474815696,
        "dvar": 0.000195064014406,
        "dvar2": 0.000395104521886,
        "max": 0.265580207109,
        "mean": 0.12334343791,
        "median": 0.119674704969,
        "min": 0.055190436542,
        "var": 0.000999192707241
    },
    "barkbands_kurtosis": {
        "dmean": 1.07098114491,
        "dmean2": 1.67172050476,
        "dvar": 2.5335624218,
        "dvar2": 5.38192796707,
        "max": 41.2507514954,
        "mean": 0.557844221592,
        "median": -0.24666595459,
        "min": -1.83361661434,
        "var": 7.86471033096
    },
    "barkbands_skewness": {
        "dmean": 0.396659970284,
        "dmean2": 0.613378584385,
        "dvar": 0.145400300622,
        "dvar2": 0.299372702837,
        "max": 3.40659546852,
        "mean": 0.844224393368,
        "median": 0.838613331318,
        "min": -5.22790670395,
        "var": 0.762168169022
    },
    "barkbands_spread": {
        "dmean": 6.54251623154,
        "dmean2": 10.0207443237,
        "dvar": 48.1925048828,
        "dvar2": 115.128089905,
        "max": 77.2861175537,
        "mean": 32.9131851196,
        "median": 31.1042823792,
        "min": 3.12071156502,
        "var": 188.086715698
    },
    "dissonance": {
        "dmean": 0.0122829815373,
        "dmean2": 0.0201251804829,
        "dvar": 0.000195019660168,
        "dvar2": 0.000479479844216,
        "max": 0.499994397163,
        "mean": 0.472586482763,
        "median": 0.478429973125,
        "min": 0.236595243216,
        "var": 0.000501440896187
    },
    "dynamic_complexity": 2.1647040844,
    "erbbands_crest": {
        "dmean": 2.05858182907,
        "dmean2": 3.23563742638,
        "dvar": 3.60503721237,
        "dvar2": 8.14429569244,
        "max": 23.3361663818,
        "mean": 7.69221448898,
        "median": 6.9448928833,
        "min": 2.95389461517,
        "var": 10.0650177002
    },
    "erbbands_flatness_db": {
        "dmean": 0.0158585254103,
        "dmean2": 0.0215968992561,
        "dvar": 0.00022879242897,
        "dvar2": 0.00042201121687,
        "max": 0.30028116703,
        "mean": 0.157903835177,
        "median": 0.153007522225,
        "min": 0.0840504467487,
        "var": 0.00135392916854
    },
    "erbbands_kurtosis": {
        "dmean": 0.656838238239,
        "dmean2": 1.0084079504,
        "dvar": 0.776062607765,
        "dvar2": 1.59075331688,
        "max": 16.5499992371,
        "mean": -0.106056451797,
        "median": -0.517880678177,
        "min": -1.72016751766,
        "var": 2.37084507942
    },
    "erbbands_skewness": {
        "dmean": 0.315741211176,
        "dmean2": 0.462770581245,
        "dvar": 0.0842444822192,
        "dvar2": 0.159848704934,
        "max": 2.40681433678,
        "mean": -0.215257450938,
        "median": -0.238359123468,
        "min": -3.14135742188,
        "var": 0.485469758511
    },
    "erbbands_spread": {
        "dmean": 7.76595067978,
        "dmean2": 11.7602128983,
        "dvar": 58.7118148804,
        "dvar2": 132.890594482,
        "max": 115.538574219,
        "mean": 43.9887695312,
        "median": 44.007522583,
        "min": 5.27749204636,
        "var": 257.99609375
    },
    "hfc": {
        "dmean": 7.68031644821,
        "dmean2": 10.1712713242,
        "dvar": 124.188453674,
        "dvar2": 211.316467285,
        "max": 164.717544556,
        "mean": 25.0476264954,
        "median": 17.7343635559,
        "min": 0.776928544044,
        "var": 494.320343018
    },
    "melbands_crest": {
        "dmean": 2.87886834145,
        "dmean2": 4.82640123367,
        "dvar": 6.54368162155,
        "dvar2": 17.8221950531,
        "max": 25.2182235718,
        "mean": 11.0024414062,
        "median": 10.239197731,
        "min": 3.67744421959,
        "var": 15.4429998398
    },
    "melbands_flatness_db": {
        "dmean": 0.0215477515012,
        "dmean2": 0.0324965901673,
        "dvar": 0.000365429499652,
        "dvar2": 0.00077673245687,
        "max": 0.263641476631,
        "mean": 0.142084091902,
        "median": 0.140602633357,
        "min": 0.033331155777,
        "var": 0.00188927294221
    },
    "melbands_kurtosis": {
        "dmean": 3.0707514286,
        "dmean2": 4.94062662125,
        "dvar": 13.7056159973,
        "dvar2": 32.7466926575,
        "max": 42.1423416138,
        "mean": 6.25631809235,
        "median": 4.26149988174,
        "min": -1.71812856197,
        "var": 48.1482582092
    },
    "melbands_skewness": {
        "dmean": 0.527304947376,
        "dmean2": 0.827510595322,
        "dvar": 0.240745335817,
        "dvar2": 0.554463922977,
        "max": 5.96015644073,
        "mean": 2.09347891808,
        "median": 2.06299519539,
        "min": -2.74647879601,
        "var": 1.24202382565
    },
    "melbands_spread": {
        "dmean": 10.8929948807,
        "dmean2": 16.7890224457,
        "dvar": 177.418136597,
        "dvar2": 379.68637085,
        "max": 171.401885986,
        "mean": 39.8442649841,
        "median": 33.7691955566,
        "min": 6.86769008636,
        "var": 619.011474609
    },
    "pitch_salience": {
        "dmean": 0.0589914247394,
        "dmean2": 0.0953170955181,
        "dvar": 0.00240190839395,
        "dvar2": 0.00627256929874,
        "max": 0.806614995003,
        "mean": 0.611724972725,
        "median": 0.614849328995,
        "min": 0.363894313574,
        "var": 0.00620236527175
    },
    "silence_rate_20dB": {
        "dmean": 0,
        "dmean2": 0,
        "dvar": 0,
        "dvar2": 0,
        "max": 1,
        "mean": 1,
        "median": 1,
        "min": 1,
        "var": 0
    },
    "silence_rate_30dB": {
        "dmean": 0,
        "dmean2": 0,
        "dvar": 0,
        "dvar2": 0,
        "max": 1,
        "mean": 1,
        "median": 1,
        "min": 1,
        "var": 0
    },
    "silence_rate_60dB": {
        "dmean": 0.0123839005828,
        "dmean2": 0.0247869864106,
        "dvar": 0.0122306300327,
        "dvar2": 0.0241724774241,
        "max": 1,
        "mean": 0.0464037135243,
        "median": 0,
        "min": 0,
        "var": 0.0442504249513
    },
    "spectral_centroid": {
        "dmean": 325.290405273,
        "dmean2": 492.004455566,
        "dvar": 99703.3984375,
        "dvar2": 211683.890625,
        "max": 6165.19238281,
        "mean": 2042.75158691,
        "median": 2019.45166016,
        "min": 502.130889893,
        "var": 464034.6875
    },
    "spectral_complexity": {
        "dmean": 4.23916387558,
        "dmean2": 5.95352458954,
        "dvar": 17.3614902496,
        "dvar2": 30.1512699127,
        "max": 55,
        "mean": 22.560710907,
        "median": 21,
        "min": 1,
        "var": 111.669219971
    },
    "spectral_decrease": {
        "dmean": 9.14787634532e-10,
        "dmean2": 1.28555222023e-09,
        "dvar": 8.79674424804e-19,
        "dvar2": 1.66682704373e-18,
        "max": -9.08020811319e-11,
        "mean": -4.16210532705e-09,
        "median": -4.00818667146e-09,
        "min": -1.16923564164e-08,
        "var": 4.75655983742e-18
    },
    "spectral_energy": {
        "dmean": 0.00393063994125,
        "dmean2": 0.00526495976374,
        "dvar": 1.59316714416e-05,
        "dvar2": 2.79901232716e-05,
        "max": 0.0522639714181,
        "mean": 0.0179806500673,
        "median": 0.0171306431293,
        "min": 0.000649747322313,
        "var": 9.1763875389e-05
    },
    "spectral_energyband_high": {
        "dmean": 0.000721322488971,
        "dmean2": 0.000972107693087,
        "dvar": 1.7951101654e-06,
        "dvar2": 3.33685557052e-06,
        "max": 0.0188928041607,
        "mean": 0.00143517914694,
        "median": 0.000622958585154,
        "min": 3.31779119733e-06,
        "var": 5.21465562997e-06
    },
    "spectral_energyband_low": {
        "dmean": 0.00152405793779,
        "dmean2": 0.00256170262583,
        "dvar": 3.09930373987e-06,
        "dvar2": 9.22713843465e-06,
        "max": 0.0179652757943,
        "mean": 0.00302875321358,
        "median": 0.002463191282,
        "min": 4.84963834424e-07,
        "var": 6.43725934424e-06
    },
    "spectral_energyband_middle_high": {
        "dmean": 0.00162889587227,
        "dmean2": 0.00220449548215,
        "dvar": 4.3331147026e-06,
        "dvar2": 7.23277753423e-06,
        "max": 0.0342751927674,
        "mean": 0.00603251205757,
        "median": 0.00382158975117,
        "min": 9.42992774071e-05,
        "var": 3.5803856008e-05
    },
    "spectral_energyband_middle_low": {
        "dmean": 0.00265534338541,
        "dmean2": 0.00409250846133,
        "dvar": 8.58558996697e-06,
        "dvar2": 1.9959968995e-05,
        "max": 0.0313746407628,
        "mean": 0.00840039830655,
        "median": 0.00765398237854,
        "min": 0.000116767609143,
        "var": 2.56668754446e-05
    },
    "spectral_entropy": {
        "dmean": 0.127446979284,
        "dmean2": 0.172624960542,
        "dvar": 0.0177641343325,
        "dvar2": 0.0306104160845,
        "max": 8.74541473389,
        "mean": 7.73592185974,
        "median": 7.71649932861,
        "min": 6.66961860657,
        "var": 0.0864521339536
    },
    "spectral_flux": {
        "dmean": 0.0146964723244,
        "dmean2": 0.0216809567064,
        "dvar": 0.000205614735023,
        "dvar2": 0.000400680670282,
        "max": 0.180945456028,
        "mean": 0.0697965249419,
        "median": 0.065265186131,
        "min": 0.00844947621226,
        "var": 0.00080334226368
    },
    "spectral_kurtosis": {
        "dmean": 1.15824079514,
        "dmean2": 1.95950233936,
        "dvar": 1.41906809807,
        "dvar2": 4.14467668533,
        "max": 12.8672208786,
        "mean": 2.64773821831,
        "median": 2.32494783401,
        "min": -0.873484134674,
        "var": 2.23143076897
    },
    "spectral_rms": {
        "dmean": 0.000465075398097,
        "dmean2": 0.00061620521592,
        "dvar": 1.93102721369e-07,
        "dvar2": 3.19742980537e-07,
        "max": 0.00714067509398,
        "mean": 0.00401932792738,
        "median": 0.00408813171089,
        "min": 0.000796178297605,
        "var": 1.38709526709e-06
    },
    "spectral_rolloff": {
        "dmean": 740.51373291,
        "dmean2": 1197.85412598,
        "dvar": 967758.0625,
        "dvar2": 2021240,
        "max": 13285.9863281,
        "mean": 2655.09472656,
        "median": 2390.18554688,
        "min": 279.931640625,
        "var": 3231590.25
    },
    "spectral_skewness": {
        "dmean": 0.187137380242,
        "dmean2": 0.300365895033,
        "dvar": 0.0284490175545,
        "dvar2": 0.0669166445732,
        "max": 2.79236984253,
        "mean": 1.03772234917,
        "median": 1.02949106693,
        "min": -0.0424961000681,
        "var": 0.0812462121248
    },
    "spectral_spread": {
        "dmean": 490159.5,
        "dmean2": 696745.375,
        "dvar": 375877435392,
        "dvar2": 673003864064,
        "max": 13869091,
        "mean": 4285885.5,
        "median": 4102444.75,
        "min": 2231623.75,
        "var": 1.34497815757e+12
    },
    "spectral_strongpeak": {
        "dmean": 0.718148946762,
        "dmean2": 1.1995639801,
        "dvar": 2.05473995209,
        "dvar2": 4.67481517792,
        "max": 14.5718746185,
        "mean": 1.16788184643,
        "median": 0.424126148224,
        "min": 0.0381377525628,
        "var": 3.40590262413
    },
    "zerocrossingrate": {
        "dmean": 0.0128551758826,
        "dmean2": 0.0142497941852,
        "dvar": 0.000278385879938,
        "dvar2": 0.00025120092323,
        "max": 0.4521484375,
        "mean": 0.0894495025277,
        "median": 0.07861328125,
        "min": 0.02294921875,
        "var": 0.00208704126999
    },
    "barkbands": {
        "dmean": [6.8755666689e-06, 0.000452580134152, 0.00098507036455, 0.000934356241487, 0.00137940468267, 0.000650450878311, 0.000314940145472, 0.00056205666624, 0.000407902436564, 0.000375533883926, 0.000286983529804, 0.000275979225989, 0.000234153339989, 0.000285670888843, 0.000239284097916, 0.000198698384338, 0.000324092514347, 0.000224660994718, 0.000235029074247, 0.000549405929632, 0.000133299487061, 0.000264357542619, 0.000122579251183, 0.000116374045319, 6.03675216553e-05, 6.20228092885e-05, 1.68688163438e-09],
        "dmean2": [1.19011538118e-05, 0.000728749728296, 0.00170986377634, 0.00156611867715, 0.00230053113773, 0.000993655296043, 0.000479148759041, 0.000886068621185, 0.000595964724198, 0.000553141464479, 0.00043094708235, 0.000430624175351, 0.000328186288243, 0.000448513455922, 0.000364488136256, 0.00032427062979, 0.000499941117596, 0.000350490619894, 0.000371508445824, 0.000835441343952, 0.000202344308491, 0.000388178101275, 0.000174337357748, 0.000165252291481, 8.41975488584e-05, 0.000100956014649, 2.34350161499e-09],
        "dvar": [1.04285996505e-10, 3.65236388689e-07, 1.48483297835e-06, 1.46664433487e-06, 3.70966654373e-06, 6.82907284499e-07, 2.81440094341e-07, 8.9922184543e-07, 6.40957694031e-07, 1.07267203475e-06, 2.31347854651e-07, 5.32037006451e-07, 3.54064212615e-07, 5.80278310736e-07, 3.24034402865e-07, 3.02339145719e-07, 2.82173886035e-07, 1.19090969974e-07, 1.32693514843e-07, 6.69057385494e-07, 6.78367726437e-08, 3.77717498168e-07, 6.98916409192e-08, 6.76242777331e-08, 4.91262071023e-08, 3.37805410311e-08, 8.17709725412e-16],
        "dvar2": [2.87564694279e-10, 8.63282309638e-07, 4.56614634459e-06, 4.16277271142e-06, 1.00930283224e-05, 1.62248102242e-06, 5.99107579546e-07, 2.03920558306e-06, 1.26743520923e-06, 2.1110427042e-06, 4.60027990812e-07, 1.28989574932e-06, 6.82523761952e-07, 1.31413912641e-06, 7.17000489203e-07, 8.22007166335e-07, 6.66908590574e-07, 2.77615612276e-07, 3.20768492656e-07, 1.56644080107e-06, 1.57152840075e-07, 8.79411686583e-07, 1.40088516787e-07, 1.42543726156e-07, 8.61374047645e-08, 8.64379003929e-08, 8.28638515074e-16],
        "max": [0.000110353073978, 0.00699050631374, 0.0124067440629, 0.0105639975518, 0.0168408919126, 0.0120482500643, 0.00880299229175, 0.017349857837, 0.0124764740467, 0.023990476504, 0.0112772127613, 0.0173595584929, 0.0151793025434, 0.0128145618364, 0.0129624959081, 0.00906654354185, 0.00557480938733, 0.00598416430876, 0.00637071579695, 0.00967979431152, 0.00496509252116, 0.00753753911704, 0.00481218984351, 0.00636831857264, 0.0072303772904, 0.00155567214824, 1.01409420949e-06],
        "mean": [1.03159882201e-05, 0.000853987701703, 0.00145018100739, 0.00135939812753, 0.00259784399532, 0.00144560646731, 0.000683987105731, 0.00117557880003, 0.00081708363723, 0.000754965818487, 0.000578027742449, 0.000542047782801, 0.000557113671675, 0.000546369876247, 0.000406842911616, 0.000370462104911, 0.000611451920122, 0.000465174700366, 0.000505703792442, 0.00103030086029, 0.000255034014117, 0.000410056847613, 0.000209868754609, 0.000196777560632, 8.63808236318e-05, 6.00921084697e-05, 1.52872237091e-09],
        "median": [3.71007081412e-06, 0.000529608223587, 0.00104248663411, 0.000940773868933, 0.00197770982049, 0.00100666191429, 0.000378963712137, 0.000484835996758, 0.000314347824315, 0.000152184205945, 0.000211449572816, 0.000202327079023, 0.000113461930596, 0.000179067763384, 0.000178635615157, 0.000176575922524, 0.000307652750053, 0.000267678609816, 0.000298878847389, 0.000645169930067, 0.000131840832182, 0.000128339088405, 7.01043318259e-05, 6.75915216561e-05, 1.87970490515e-05, 5.08035100211e-06, 2.35202801679e-10],
        "min": [1.28916055608e-09, 4.72580552469e-08, 4.93779026556e-08, 1.75446629669e-07, 9.98566292765e-07, 8.43657630867e-07, 2.34940557675e-06, 4.49194430985e-06, 1.3001156276e-06, 3.5199998365e-06, 2.22514373149e-07, 3.28131773131e-06, 2.21505047193e-07, 1.38127518312e-06, 1.52985421664e-06, 1.85920157492e-06, 5.17046055393e-06, 5.87023441767e-06, 4.05727814723e-06, 7.40485938877e-06, 6.48121272206e-07, 2.97059415288e-07, 1.98969573262e-07, 5.12507405404e-08, 9.73711822977e-12, 5.80617802101e-12, 8.31890806241e-12],
        "var": [2.31614796786e-10, 9.3109053978e-07, 2.2667563826e-06, 1.95759935195e-06, 5.3573689911e-06, 1.91301842278e-06, 8.78664479842e-07, 2.95733843814e-06, 1.60920922099e-06, 3.88526314055e-06, 1.16654211979e-06, 1.40462907439e-06, 2.23217125495e-06, 1.82023541129e-06, 5.95221024469e-07, 5.12400220032e-07, 6.59393151636e-07, 3.28784437897e-07, 3.86187792856e-07, 1.46076365581e-06, 1.43948710729e-07, 6.30161594017e-07, 2.09496690218e-07, 1.70141447597e-07, 1.12066665281e-07, 3.2356286539e-08, 8.15929526854e-16]
    },
    "erbbands": {
        "dmean": [0.00812032446265, 0.129303842783, 0.937341809273, 2.10037827492, 4.47964286804, 4.88332176208, 4.6896147728, 5.28713274002, 4.59009218216, 8.7077331543, 11.7082500458, 9.03599643707, 11.0183963776, 8.72032356262, 11.205529213, 12.599237442, 10.5813236237, 14.1007127762, 10.2641611099, 14.2252864838, 9.33901691437, 14.8562097549, 12.2719717026, 14.4822015762, 19.4892597198, 20.8558521271, 5.64524793625, 6.06356191635, 9.35366344452, 6.88694906235, 3.46213316917, 3.03082966805, 1.5426800251, 0.871774196625, 0.329208076, 0.404141128063, 0.0692246332765, 0.00281187449582, 7.36690490157e-05, 9.89879299595e-06],
        "dmean2": [0.0124954413623, 0.210636511445, 1.60151410103, 3.54895138741, 7.53710317612, 8.25041484833, 7.34135580063, 8.26248168945, 6.80338478088, 13.5978527069, 18.2084369659, 13.5306053162, 16.0949783325, 12.6583595276, 16.5829105377, 19.5456981659, 15.0279245377, 21.4585762024, 15.9626150131, 21.9518165588, 14.5719280243, 22.7658042908, 18.5476131439, 22.6298503876, 29.4545593262, 32.4746780396, 8.36373996735, 9.25080299377, 13.8492488861, 9.94122123718, 4.9834523201, 4.37563943863, 2.16307163239, 1.21875667572, 0.491048336029, 0.666632115841, 0.110344976187, 0.00447875401005, 0.000114289156045, 1.3749372556e-05],
        "dvar": [0.000150409367052, 0.0286185145378, 1.33062636852, 7.13453435898, 30.1151046753, 66.5359725952, 45.3902816772, 52.7101097107, 46.7230033875, 223.897781372, 564.336791992, 264.643768311, 885.757324219, 516.534667969, 369.060577393, 909.190795898, 690.878234863, 1251.60437012, 724.220947266, 1164.53857422, 268.188293457, 546.288818359, 303.740539551, 534.582885742, 993.148803711, 930.030944824, 95.2297515869, 138.939025879, 481.746124268, 230.654464722, 58.3744926453, 41.8884887695, 21.0337181091, 10.052362442, 1.04236137867, 1.49590301514, 0.0380989052355, 6.31009534118e-05, 3.74993511798e-08, 2.86369150615e-10],
        "dvar2": [0.000378729659133, 0.0687922537327, 4.04397344589, 21.042678833, 82.8787994385, 179.722915649, 108.990570068, 122.459129333, 98.2900695801, 467.51385498, 1261.29052734, 536.783935547, 1760.05126953, 878.714172363, 704.318237305, 2138.90209961, 1248.66137695, 2668.4074707, 1635.44213867, 2953.8112793, 640.350158691, 1230.49584961, 686.846252441, 1338.06286621, 2107.96337891, 2371.91113281, 209.977203369, 326.376098633, 1171.87536621, 520.266845703, 119.919372559, 94.8797683716, 40.7724761963, 16.4283218384, 2.11504435539, 3.86501455307, 0.0934747233987, 0.000146189500811, 8.88918521014e-08, 6.05331063053e-10],
        "max": [0.157611325383, 1.95292925835, 12.9054956436, 23.3170585632, 54.8527526855, 70.104095459, 85.3326721191, 112.501502991, 83.3971099854, 235.013473511, 605.654052734, 200.031005859, 598.537841797, 823.123779297, 345.511688232, 705.19708252, 738.934143066, 704.722839355, 598.253540039, 639.566467285, 289.534851074, 294.323394775, 265.961456299, 402.182159424, 399.994232178, 371.410888672, 181.660583496, 179.753326416, 265.298095703, 183.150665283, 144.525054932, 96.6552352905, 141.798721313, 108.510940552, 23.8253822327, 9.55661582947, 2.13353514671, 0.134451135993, 0.00258318590932, 0.000184755175724],
        "mean": [0.0169844739139, 0.234164580703, 1.44913733006, 3.5026140213, 7.86710119247, 7.66008281708, 8.07716846466, 11.5814847946, 10.868270874, 18.6924304962, 24.1413726807, 20.1982574463, 22.6045074463, 19.8925590515, 24.9497241974, 26.6223773956, 27.3516597748, 28.7383365631, 19.6419811249, 25.0776348114, 21.3305282593, 30.7562351227, 27.175195694, 29.0057277679, 43.099899292, 38.9653091431, 11.7775163651, 10.9297103882, 14.4905529022, 10.4146232605, 5.90288686752, 5.12718486786, 2.52841997147, 1.32620930672, 0.427877962589, 0.381722986698, 0.0742128118873, 0.0029291419778, 9.14197662496e-05, 3.04988298012e-05],
        "median": [0.00716946553439, 0.152389511466, 1.02734673023, 2.619120121, 5.75753259659, 5.08423280716, 5.17453432083, 7.43195199966, 5.69790124893, 7.63798284531, 10.2817792892, 8.92915439606, 7.07545852661, 4.96524953842, 10.0833806992, 10.1180696487, 7.19746637344, 10.1107378006, 7.67547559738, 11.3509283066, 11.5271940231, 16.7543106079, 15.7142391205, 16.3968029022, 24.8936347961, 26.3739509583, 7.07348585129, 5.0969414711, 4.37122440338, 3.16781949997, 2.05398797989, 1.64106571674, 0.871569514275, 0.322334259748, 0.0774194151163, 0.0364308580756, 0.00667339237407, 0.000247751915595, 2.16985536099e-05, 2.43227259489e-05],
        "min": [1.58591967647e-06, 1.95236862055e-05, 0.000192629027879, 0.00102764123585, 0.0035626841709, 0.00375733152032, 0.00520669016987, 0.0107780108228, 0.0527032613754, 0.0828545615077, 0.127372950315, 0.0764153525233, 0.20007121563, 0.088374376297, 0.040125656873, 0.133582040668, 0.0876678526402, 0.074399702251, 0.0994354113936, 0.0981792286038, 0.167529836297, 0.328083962202, 0.306602209806, 0.221248805523, 0.263828247786, 0.331243366003, 0.0467113852501, 0.0207330640405, 0.0106846615672, 0.00969339907169, 0.0110893435776, 0.00674743112177, 0.000658519275021, 7.22968397895e-05, 7.08248717274e-06, 2.28889825848e-06, 8.55505106756e-07, 2.60574893218e-07, 6.51468667456e-07, 1.25438850773e-06],
        "var": [0.000451967032859, 0.0692842528224, 2.15553879738, 10.8618268967, 55.6545295715, 71.2286224365, 79.3005065918, 142.691848755, 170.268783569, 773.403564453, 1910.02490234, 803.736938477, 2218.15771484, 3146.77734375, 1831.13745117, 2800.15673828, 4669.80615234, 4379.20556641, 1708.75720215, 1902.31115723, 890.795043945, 1392.58520508, 979.686767578, 1123.38244629, 2958.09667969, 1706.30334473, 212.809020996, 296.379150391, 782.193481445, 433.370300293, 169.02684021, 96.484916687, 50.3191719055, 26.5878887177, 1.97603476048, 1.34969246387, 0.0447246097028, 8.71613519848e-05, 5.05247292892e-08, 6.34276964284e-10]
    },
    "gfcc": {
        "mean": [7.99682617188, 82.3788223267, -139.518692017, 51.9792404175, -72.4626083374, 7.4654417038, -42.6103363037, 5.14997291565, -29.3876247406, -5.3087272644, -13.7081947327, -7.42795324326, -14.6364183426],
        "cov": [[2899.30151367, -809.742370605, 361.636169434, 137.677963257, 20.624704361, 274.600799561, -63.2161445618, 247.405227661, -156.798065186, 125.599510193, -337.041778564, 163.995651245, -100.577339172], [-809.742370605, 1436.19567871, -415.158233643, 96.479927063, 186.867156982, -141.919204712, 246.102996826, -152.583068848, 153.027999878, -187.647689819, 308.747772217, -228.605529785, 149.500198364], [361.636169434, -415.158233643, 634.170349121, 133.379180908, -46.9508743286, 67.5557174683, -103.441986084, 172.531097412, -56.5093345642, 151.230834961, -160.242034912, 49.2163391113, -80.6320114136], [137.677963257, 96.479927063, 133.379180908, 429.51940918, 107.34375, 28.2297134399, -14.8768129349, -6.13736820221, 52.1891860962, -6.97087240219, 49.6353759766, -83.2531509399, 48.9730758667], [20.624704361, 186.867156982, -46.9508743286, 107.34375, 214.874084473, 55.1542892456, 60.3787078857, -40.9109153748, -24.3534946442, -16.1473941803, 26.873167038, 2.17972946167, 13.6837282181], [274.600799561, -141.919204712, 67.5557174683, 28.2297134399, 55.1542892456, 211.640594482, 46.2510681152, 38.0245399475, -72.1256561279, -6.67427492142, -16.7394180298, 12.7272348404, 4.88894748688], [-63.2161445618, 246.102996826, -103.441986084, -14.8768129349, 60.3787078857, 46.2510681152, 185.727157593, -23.0877914429, 2.96845412254, -54.0213394165, 42.9206581116, -23.8444023132, 9.80907821655], [247.405227661, -152.583068848, 172.531097412, -6.13736820221, -40.9109153748, 38.0245399475, -23.0877914429, 167.159240723, 0.540313005447, 65.66456604, -54.4138336182, 1.15448117256, -18.8420886993], [-156.798065186, 153.027999878, -56.5093345642, 52.1891860962, -24.3534946442, -72.1256561279, 2.96845412254, 0.540313005447, 135.658981323, 3.21239900589, 46.1207809448, -46.5626945496, 23.0240364075], [125.599510193, -187.647689819, 151.230834961, -6.97087240219, -16.1473941803, -6.67427492142, -54.0213394165, 65.66456604, 3.21239900589, 122.281044006, -35.0699996948, 40.4469718933, -42.1816635132], [-337.041778564, 308.747772217, -160.242034912, 49.6353759766, 26.873167038, -16.7394180298, 42.9206581116, -54.4138336182, 46.1207809448, -35.0699996948, 177.364532471, -61.6510696411, 59.8922386169], [163.995651245, -228.605529785, 49.2163391113, -83.2531509399, 2.17972946167, 12.7272348404, -23.8444023132, 1.15448117256, -46.5626945496, 40.4469718933, -61.6510696411, 139.338241577, -34.1951293945], [-100.577339172, 149.500198364, -80.6320114136, 48.9730758667, 13.6837282181, 4.88894748688, 9.80907821655, -18.8420886993, 23.0240364075, -42.1816635132, 59.8922386169, -34.1951293945, 98.2589416504]],
        "icov": [[0.000673079397529, -0.000275366444839, 0.000751006882638, -0.000949415960349, 0.000644522893708, -0.000878402206581, 0.000135734473588, -0.000845490663778, 0.000579247716814, -0.000748143764213, 0.00155219028238, -0.000806987576652, 0.000291819451377], [-0.000275366444839, 0.00341050093994, -0.00160769454669, 0.00202163215727, -0.00374512537383, 0.00336952810176, -0.00252051558346, 0.000463773641968, -0.001708760974, 0.00313624856062, -0.0040348158218, 0.00331655726768, -0.00174302828964], [0.000751006882638, -0.00160769454669, 0.0059316623956, -0.00423311861232, 0.003671573475, -0.00257673999295, 0.00114681583364, -0.00309878215194, 0.0032628136687, -0.00543690053746, 0.00539174117148, -0.00221471791156, 0.0019446471706], [-0.000949415960349, 0.00202163215727, -0.00423311861232, 0.00714516174048, -0.00563687505201, 0.00210937228985, -7.55846485845e-05, 0.00255861040205, -0.00414754543453, 0.00392091833055, -0.00491470051929, 0.0047205304727, -0.00261087715626], [0.000644522893708, -0.00374512537383, 0.003671573475, -0.00563687505201, 0.0119721898809, -0.00499707879499, 0.000259363354417, 0.000192583334865, 0.00431888923049, -0.00610252143815, 0.00558834383264, -0.00508653465658, 0.00196448061615], [-0.000878402206581, 0.00336952810176, -0.00257673999295, 0.00210937228985, -0.00499707879499, 0.0113360704854, -0.00431493995711, -0.00109647947829, 0.00190817809198, 0.00429223803803, -0.00540205463767, 0.00331160309725, -0.00299858907238], [0.000135734473588, -0.00252051558346, 0.00114681583364, -7.55846485845e-05, 0.000259363354417, -0.00431493995711, 0.0100173605606, -0.00109082332347, -0.000620725157205, 0.00152489356697, 0.00115440459922, -0.00195175630506, 0.00333920517005], [-0.000845490663778, 0.000463773641968, -0.00309878215194, 0.00255861040205, 0.000192583334865, -0.00109647947829, -0.00109082332347, 0.0122175160795, -0.0025627783034, -0.00356382434256, 9.64578721323e-05, 0.00377512397245, -0.0025841454044], [0.000579247716814, -0.001708760974, 0.0032628136687, -0.00414754543453, 0.00431888923049, 0.00190817809198, -0.000620725157205, -0.0025627783034, 0.014044563286, -0.00545016536489, 0.00239310553297, -0.000193134546862, -0.000344951171428], [-0.000748143764213, 0.00313624856062, -0.00543690053746, 0.00392091833055, -0.00610252143815, 0.00429223803803, 0.00152489356697, -0.00356382434256, -0.00545016536489, 0.0218702964485, -0.00879883859307, -0.000905941531528, 0.00356102851219], [0.00155219028238, -0.0040348158218, 0.00539174117148, -0.00491470051929, 0.00558834383264, -0.00540205463767, 0.00115440459922, 9.64578721323e-05, 0.00239310553297, -0.00879883859307, 0.0178727600724, -0.00188770028763, -0.00189344247337], [-0.000806987576652, 0.00331655726768, -0.00221471791156, 0.0047205304727, -0.00508653465658, 0.00331160309725, -0.00195175630506, 0.00377512397245, -0.000193134546862, -0.000905941531528, -0.00188770028763, 0.0153489587829, -0.00243140431121], [0.000291819451377, -0.00174302828964, 0.0019446471706, -0.00261087715626, 0.00196448061615, -0.00299858907238, 0.00333920517005, -0.0025841454044, -0.000344951171428, 0.00356102851219, -0.00189344247337, -0.00243140431121, 0.0169892217964]]
    },
    "melbands": {
        "dmean": [9.56225558184e-05, 0.000369249843061, 0.000402407022193, 0.000336489698384, 0.000167452031747, 0.000121265395137, 6.65489860694e-05, 9.9934899481e-05, 9.88866231637e-05, 5.41597510164e-05, 5.63706598768e-05, 3.61826678272e-05, 4.18951240135e-05, 2.6490602977e-05, 3.48753928847e-05, 2.18036620936e-05, 2.89093895844e-05, 1.67591988429e-05, 1.75335735548e-05, 1.79478010978e-05, 1.29989102788e-05, 1.71192314156e-05, 1.58712573466e-05, 1.17290092021e-05, 1.32151417347e-05, 8.38506093714e-06, 2.73668701993e-05, 1.10355631477e-05, 3.76012371817e-06, 3.63744766219e-06, 3.92561332774e-06, 5.03878436575e-06, 6.46356102152e-06, 3.05466915052e-06, 2.01129614652e-06, 2.0748359475e-06, 1.75755019427e-06, 1.12844065825e-06, 1.02104934285e-06, 6.76862271121e-07],
        "dmean2": [0.000150317602674, 0.000621892395429, 0.00067691586446, 0.000573747151066, 0.000264291797066, 0.000186740260688, 9.84887810773e-05, 0.000155879999511, 0.000151283762534, 8.04282753961e-05, 8.24532617116e-05, 5.3342035244e-05, 6.28224224783e-05, 3.94694034185e-05, 5.43455462321e-05, 3.15843863063e-05, 4.47496895504e-05, 2.64738573605e-05, 2.63430938503e-05, 2.89178678941e-05, 2.09528570849e-05, 2.68385174422e-05, 2.43449594564e-05, 1.86266170203e-05, 2.08892415685e-05, 1.32990089696e-05, 4.09511594626e-05, 1.76408520929e-05, 5.79623747399e-06, 5.54350481252e-06, 6.24090171186e-06, 7.67619258113e-06, 9.85279984889e-06, 4.64385175292e-06, 2.99723319586e-06, 3.11422331833e-06, 2.6317272841e-06, 1.60025183504e-06, 1.52632605932e-06, 9.82687879514e-07],
        "dvar": [1.75366388078e-08, 2.00612120693e-07, 2.25687045941e-07, 2.36141019627e-07, 4.99587287095e-08, 2.52942520262e-08, 9.80926184724e-09, 2.86084738121e-08, 4.6877396187e-08, 8.6484206463e-09, 2.42575328713e-08, 1.02981898564e-08, 5.2274251594e-09, 2.51670706497e-09, 9.70747926488e-09, 3.21093152067e-09, 5.58666801709e-09, 2.00336702783e-09, 2.12996598137e-09, 2.68047828378e-09, 5.81839909586e-10, 8.20593260009e-10, 6.74555855618e-10, 3.25642540711e-10, 4.65468719124e-10, 2.04378944324e-10, 2.30561081338e-09, 3.09585329594e-10, 4.75402078814e-11, 4.60038951378e-11, 6.22924004046e-11, 1.27711119458e-10, 2.92386753697e-10, 4.57774616824e-11, 2.43556754626e-11, 1.81605702698e-11, 1.57834856296e-11, 9.42787254515e-12, 1.73641621914e-11, 5.60276044309e-12],
        "dvar2": [4.3125336191e-08, 5.9221315496e-07, 6.40027394638e-07, 6.51396362628e-07, 1.20087719324e-07, 5.75782195256e-08, 2.04072989618e-08, 5.9355841131e-08, 9.76289342702e-08, 1.78401897699e-08, 4.83516870986e-08, 1.82703612239e-08, 1.01910160311e-08, 5.26010124346e-09, 2.41345237129e-08, 5.50644552177e-09, 1.24007266677e-08, 4.61028859533e-09, 4.71398520219e-09, 6.92873358688e-09, 1.43703393629e-09, 1.96882221637e-09, 1.51386603253e-09, 8.07517164247e-10, 1.18424747786e-09, 4.85932238892e-10, 5.17627318786e-09, 8.00763233499e-10, 1.11220123389e-10, 1.04828840053e-10, 1.56043455934e-10, 3.16115744692e-10, 7.13674619401e-10, 1.0839059511e-10, 5.24012291891e-11, 3.95073036785e-11, 3.71518059372e-11, 1.73082988913e-11, 3.82896804541e-11, 8.31647077593e-12],
        "max": [0.00141904782504, 0.00502266082913, 0.00437115924433, 0.00406116712838, 0.00253131031059, 0.00242602499202, 0.00124456989579, 0.00265117781237, 0.00577770452946, 0.00110679375939, 0.00316296378151, 0.00358601845801, 0.00166634947527, 0.00134328659624, 0.0023689889349, 0.00124999217223, 0.00121659203433, 0.00084279832663, 0.00123315525707, 0.000899718957953, 0.000458149210317, 0.000333363859681, 0.000462012394564, 0.00023197371047, 0.000366696651326, 0.000308323971694, 0.000600903236773, 0.000234405466472, 0.000112994137453, 0.00011961623386, 9.26458233153e-05, 0.000126462444314, 0.000207303324714, 0.000115400507639, 9.94598012767e-05, 7.53894419177e-05, 7.72570128902e-05, 9.56724252319e-05, 0.00013091081928, 7.41948679206e-05],
        "mean": [0.000188111604075, 0.000606960908044, 0.000731522392016, 0.000587352493312, 0.000291918986477, 0.000276788137853, 0.000158895272762, 0.000213937688386, 0.000196783788851, 0.000117435127322, 0.000110782690172, 7.84678923083e-05, 8.59683059389e-05, 5.75570556975e-05, 7.9117846326e-05, 4.76207169413e-05, 5.50897675566e-05, 3.06759829982e-05, 3.05395660689e-05, 3.16822006425e-05, 2.52287409239e-05, 3.20866129186e-05, 3.02414464386e-05, 2.28529806918e-05, 2.36428058997e-05, 1.86905181181e-05, 4.93493789691e-05, 1.8878337869e-05, 6.90977685736e-06, 6.35279047856e-06, 6.27017789157e-06, 7.77592504164e-06, 8.70973053679e-06, 4.58034037365e-06, 3.24905340676e-06, 3.48952585227e-06, 2.8484307677e-06, 1.8085403326e-06, 1.44544662817e-06, 9.96933067654e-07],
        "median": [0.000101563273347, 0.000439723022282, 0.000577217200771, 0.000430374464486, 0.000200067981496, 0.000177965164767, 8.45738395583e-05, 8.89615912456e-05, 8.15430030343e-05, 4.87346042064e-05, 3.08151938953e-05, 1.53601286002e-05, 3.31945957441e-05, 2.25718831643e-05, 1.9567032723e-05, 1.48695671669e-05, 1.84225136763e-05, 1.04912296592e-05, 1.36573344207e-05, 1.39936937558e-05, 1.22695673781e-05, 1.67254293046e-05, 1.46664860949e-05, 1.33860785354e-05, 1.29261816255e-05, 1.0926775758e-05, 2.54694969044e-05, 1.18822181321e-05, 3.91637286157e-06, 3.15582406074e-06, 2.76604919236e-06, 2.39707674154e-06, 2.41578231908e-06, 1.47672608364e-06, 1.1573674783e-06, 1.01852219814e-06, 9.86438749351e-07, 6.37207051568e-07, 3.62845440804e-07, 2.1661766425e-07],
        "min": [9.69143965079e-09, 7.59869962508e-08, 1.76099035798e-07, 2.99023781736e-07, 2.08628549103e-07, 2.45205740157e-07, 7.36688264169e-07, 1.04286129954e-06, 1.024328526e-06, 2.08244344435e-07, 6.82497045545e-07, 3.48623615309e-07, 7.63540555226e-08, 2.34727636439e-07, 3.04883855051e-07, 1.57567612291e-07, 1.10267762921e-07, 8.39904998884e-08, 9.86826549365e-08, 1.53249018808e-07, 1.50720040892e-07, 2.769442915e-07, 4.40617469621e-07, 1.82701612061e-07, 1.34670941065e-07, 1.15487431174e-07, 2.28149360737e-07, 1.58730870226e-07, 1.52844528145e-08, 1.3762517348e-08, 9.84764270129e-09, 7.45278594394e-09, 3.26338756018e-09, 3.57428886488e-09, 3.46615780522e-09, 1.76316339306e-09, 7.05516700616e-10, 4.24490911172e-12, 1.1701704601e-13, 1.14004319223e-13],
