{
"highlevel": {
    "danceability": {
        "all": {
            "danceable": 0.877671658993,
            "not_danceable": 0.122328333557
        },
        "probability": 0.877671658993,
        "value": "danceable"
    },
    "gender": {
        "all": {
            "female": 0.00562746729702,
            "male": 0.994372546673
        },
        "probability": 0.994372546673,
        "value": "male"
    },
    "genre_dortmund": {
        "all": {
            "alternative": 0.0560138821602,
            "blues": 0.0837056487799,
            "electronic": 0.0180776771158,
            "folkcountry": 0.140108630061,
            "funksoulrnb": 0.0899299830198,
            "jazz": 0.253581404686,
            "pop": 0.0987480804324,
            "raphiphop": 0.0527336038649,
            "rock": 0.207101091743
        },
        "probability": 0.253581404686,
        "value": "jazz"
    },
    "genre_electronic": {
        "all": {
            "ambient": 0.35373416543,
            "dnb": 0.319411545992,
            "house": 0.186892315745,
            "techno": 0.0188331995159,
            "trance": 0.121128797531
        },
        "probability": 0.35373416543,
        "value": "ambient"
    },
    "genre_rosamerica": {
        "all": {
            "cla": 0.0158723704517,
            "dan": 0.0531194992363,
            "hip": 0.11553452909,
            "jaz": 0.131327152252,
            "pop": 0.306681841612,
            "rhy": 0.297935605049,
            "roc": 0.0706789717078,
            "spe": 0.00885004363954
        },
        "probability": 0.306681841612,
        "value": "pop"
    },
    "genre_tzanetakis": {
        "all": {
            "blu": 0.0639473497868,
            "cla": 0.0355215594172,
            "cou": 0.0639379173517,
            "dis": 0.0532819107175,
            "hip": 0.0799247846007,
            "jaz": 0.319711565971,
            "met": 0.0639483332634,
            "pop": 0.0799333080649,
            "reg": 0.0799318104982,
            "roc": 0.159861460328
        },
        "probability": 0.319711565971,
        "value": "jaz"
    },
    "ismir04_rhythm": {
        "all": {
            "ChaChaCha": 0.0621107257903,
            "Jive": 0.0617411471903,
            "Quickstep": 0.689354896545,
            "Rumba-American": 0.00495974393561,
            "Rumba-International": 0.0141185531393,
            "Rumba-Misc": 0.00352658913471,
            "Samba": 0.129641592503,
            "Tango": 0.00835491344333,
            "VienneseWaltz": 0.0238069463521,
            "Waltz": 0.00238487240858
        },
        "probability": 0.689354896545,
        "value": "Quickstep"
    },
    "mood_acoustic": {
        "all": {
            "acoustic": 0.13959723711,
            "not_acoustic": 0.86040276289
        },
        "probability": 0.86040276289,
        "value": "not_acoustic"
    },
    "mood_aggressive": {
        "all": {
            "aggressive": 0.0580277219415,
            "not_aggressive": 0.941972255707
        },
        "probability": 0.941972255707,
        "value": "not_aggressive"
    },
    "mood_electronic": {
        "all": {
            "electronic": 0.48033875227,
            "not_electronic": 0.51966124773
        },
        "probability": 0.51966124773,
        "value": "not_electronic"
    },
    "mood_happy": {
        "all": {
            "happy": 0.843428850174,
            "not_happy": 0.156571134925
        },
        "probability": 0.843428850174,
        "value": "happy"
    },
    "mood_party": {
        "all": {
            "not_party": 0.376370459795,
            "party": 0.623629510403
        },
        "probability": 0.623629510403,
        "value": "party"
    },
    "mood_relaxed": {
        "all": {
            "not_relaxed": 0.979945898056,
            "relaxed": 0.0200541168451
        },
        "probability": 0.979945898056,
        "value": "not_relaxed"
    },
    "mood_sad": {
        "all": {
            "not_sad": 0.796680986881,
            "sad": 0.203318998218
        },
        "probability": 0.796680986881,
        "value": "not_sad"
    },
    "moods_mirex": {
        "all": {
            "Cluster1": 0.171634852886,
            "Cluster2": 0.495197176933,
            "Cluster3": 0.0801314488053,
            "Cluster4": 0.163136065006,
            "Cluster5": 0.0899004563689
        },
        "probability": 0.495197176933,
        "value": "Cluster2"
    },
    "timbre": {
        "all": {
            "bright": 0.881641149521,
            "dark": 0.118358828127
        },
        "probability": 0.881641149521,
        "value": "bright"
    },
    "tonal_atonal": {
        "all": {
            "atonal": 0.00491813383996,
            "tonal": 0.995081841946
        },
        "probability": 0.995081841946,
        "value": "tonal"
    },
    "voice_instrumental": {
        "all": {
            "instrumental": 0.00112144544255,
            "voice": 0.998878538609
        },
        "probability": 0.998878538609,
        "value": "voice"
    }
},
"lowlevel": {
    "average_loudness": 0.959842562675,
    "barkbands_crest": {
        "dmean": 2.50775814056,
        "dmean2": 4.0506696701,
        "dvar": 5.45823478699,
        "dvar2": 13.754776001,
        "max": 23.175485611,
        "mean": 8.41781997681,
        "median": 7.61798191071,
        "min": 2.13915038109,
        "var": 13.0635480881
    },
    "barkbands_flatness_db": {
        "dmean": 0.0260937865824,
        "dmean2": 0.0377500131726,
        "dvar": 0.000632405688521,
        "dvar2": 0.00122021266725,
        "max": 0.328437209129,
        "mean": 0.128848955035,
        "median": 0.122496590018,
        "min": 0.0416688285768,
        "var": 0.00187991664279
    },
    "barkbands_kurtosis": {
        "dmean": 2.89462590218,
        "dmean2": 4.62928199768,
        "dvar": 44.1795845032,
        "dvar2": 111.587211609,
        "max": 86.400932312,
        "mean": 2.54607057571,
        "median": 0.0258169174194,
        "min": -1.94955205917,
        "var": 64.3249435425
    },
    "barkbands_skewness": {
        "dmean": 0.60537147522,
        "dmean2": 0.898895740509,
        "dvar": 0.54184794426,
        "dvar2": 1.21159291267,
        "max": 8.19268894196,
        "mean": 1.15063822269,
        "median": 0.839655995369,
        "min": -3.13685393333,
        "var": 1.45958924294
    },
    "barkbands_spread": {
        "dmean": 11.3100061417,
        "dmean2": 17.6088104248,
        "dvar": 176.725616455,
        "dvar2": 408.899261475,
        "max": 110.909973145,
        "mean": 32.0131454468,
        "median": 30.0141410828,
        "min": 2.0972173214,
        "var": 310.559326172
    },
    "dissonance": {
        "dmean": 0.0190643686801,
        "dmean2": 0.0317815355957,
        "dvar": 0.000362801220035,
        "dvar2": 0.000947644235566,
        "max": 0.5,
        "mean": 0.466710299253,
        "median": 0.473383635283,
        "min": 0.307023376226,
        "var": 0.000670484325383
    },
    "dynamic_complexity": 2.02296805382,
    "erbbands_crest": {
        "dmean": 2.97144794464,
        "dmean2": 5.04415845871,
        "dvar": 7.61521720886,
        "dvar2": 19.7589263916,
        "max": 26.1884078979,
        "mean": 8.27038955688,
        "median": 7.48416042328,
        "min": 2.66774702072,
        "var": 12.7566747665
    },
    "erbbands_flatness_db": {
        "dmean": 0.0271585062146,
        "dmean2": 0.0388341955841,
        "dvar": 0.000570753298234,
        "dvar2": 0.00109846494161,
        "max": 0.257591515779,
        "mean": 0.14500617981,
        "median": 0.146606788039,
        "min": 0.0530317574739,
        "var": 0.00144818983972
    },
    "erbbands_kurtosis": {
        "dmean": 0.87592458725,
        "dmean2": 1.42825973034,
        "dvar": 1.23643255234,
        "dvar2": 3.00162029266,
        "max": 9.41262340546,
        "mean": -0.0575191862881,
        "median": -0.395748376846,
        "min": -1.64535856247,
        "var": 1.75268578529
    },
    "erbbands_skewness": {
        "dmean": 0.465286999941,
        "dmean2": 0.725988864899,
        "dvar": 0.197863519192,
        "dvar2": 0.459410101175,
        "max": 2.47586154938,
        "mean": 0.213095679879,
        "median": 0.198292419314,
        "min": -2.9750430584,
        "var": 0.500263631344
    },
    "erbbands_spread": {
        "dmean": 13.811252594,
        "dmean2": 20.9320201874,
        "dvar": 207.887191772,
        "dvar2": 441.132843018,
        "max": 126.166969299,
        "mean": 45.1981010437,
        "median": 39.7473983765,
        "min": 8.49372959137,
        "var": 436.48449707
    },
    "hfc": {
        "dmean": 17.1764965057,
        "dmean2": 27.1454868317,
        "dvar": 497.962890625,
        "dvar2": 1235.62976074,
        "max": 179.150878906,
        "mean": 31.0422458649,
        "median": 21.6440811157,
        "min": 0.699200212955,
        "var": 847.986877441
    },
    "melbands_crest": {
        "dmean": 3.18866276741,
        "dmean2": 5.13610172272,
        "dvar": 8.31946277618,
        "dvar2": 20.4966373444,
        "max": 31.449131012,
        "mean": 13.0129709244,
        "median": 12.2622060776,
        "min": 4.09111785889,
        "var": 22.9394798279
    },
    "melbands_flatness_db": {
        "dmean": 0.0325568243861,
        "dmean2": 0.0470894016325,
        "dvar": 0.00116233492736,
        "dvar2": 0.00230717170052,
        "max": 0.382186472416,
        "mean": 0.157765194774,
        "median": 0.148505479097,
        "min": 0.0255774334073,
        "var": 0.00340313883498
    },
    "melbands_kurtosis": {
        "dmean": 7.56368207932,
        "dmean2": 11.6830062866,
        "dvar": 199.286605835,
        "dvar2": 486.414215088,
        "max": 177.053619385,
        "mean": 10.9851846695,
        "median": 4.28214931488,
        "min": -1.85976707935,
        "var": 330.850250244
    },
    "melbands_skewness": {
        "dmean": 0.84728717804,
        "dmean2": 1.23781466484,
        "dvar": 0.846783399582,
        "dvar2": 1.79896640778,
        "max": 10.2158041,
        "mean": 2.35863566399,
        "median": 1.91147518158,
        "min": -0.648601293564,
        "var": 2.58267879486
    },
    "melbands_spread": {
        "dmean": 12.1748542786,
        "dmean2": 19.0385227203,
        "dvar": 285.885772705,
        "dvar2": 647.801879883,
        "max": 236.852890015,
        "mean": 34.5673751831,
        "median": 32.502117157,
        "min": 1.52745711803,
        "var": 523.782653809
    },
    "pitch_salience": {
        "dmean": 0.0735612735152,
        "dmean2": 0.116674572229,
        "dvar": 0.00443369848654,
        "dvar2": 0.0110023962334,
        "max": 0.821677207947,
        "mean": 0.548464775085,
        "median": 0.544859528542,
        "min": 0.16290602088,
        "var": 0.00936252716929
    },
    "silence_rate_20dB": {
        "dmean": 0,
        "dmean2": 0,
        "dvar": 0,
        "dvar2": 0,
        "max": 1,
        "mean": 1,
        "median": 1,
        "min": 1,
        "var": 0
    },
    "silence_rate_30dB": {
        "dmean": 0,
        "dmean2": 0,
        "dvar": 0,
        "dvar2": 0,
        "max": 1,
        "mean": 1,
        "median": 1,
        "min": 1,
        "var": 0
    },
    "silence_rate_60dB": {
        "dmean": 0.0147058824077,
        "dmean2": 0.0286599528044,
        "dvar": 0.0144896861166,
        "dvar2": 0.0371331609786,
        "max": 1,
        "mean": 0.0100541375577,
        "median": 0,
        "min": 0,
        "var": 0.00995305553079
    },
    "spectral_centroid": {
        "dmean": 400.196258545,
        "dmean2": 611.524780273,
        "dvar": 180607.765625,
        "dvar2": 412038.4375,
        "max": 5102.80908203,
        "mean": 1762.30322266,
        "median": 1791.22937012,
        "min": 247.794006348,
        "var": 478761.03125
    },
    "spectral_complexity": {
        "dmean": 6.14241504669,
        "dmean2": 8.93261051178,
        "dvar": 35.6794929504,
        "dvar2": 74.5417251587,
        "max": 58,
        "mean": 20.5336418152,
        "median": 20,
        "min": 2,
        "var": 106.765396118
    },
    "spectral_decrease": {
        "dmean": 2.24355423128e-09,
        "dmean2": 3.38111671994e-09,
        "dvar": 6.92638196996e-18,
        "dvar2": 1.68300797864e-17,
        "max": -1.61452351488e-10,
        "mean": -5.2672732842e-09,
        "median": -4.56851623198e-09,
        "min": -2.38510331485e-08,
        "var": 1.11810590697e-17
    },
    "spectral_energy": {
        "dmean": 0.00967952050269,
        "dmean2": 0.0146271949634,
        "dvar": 0.000126412080135,
        "dvar2": 0.000307004811475,
        "max": 0.102011874318,
        "mean": 0.0226955451071,
        "median": 0.0195684488863,
        "min": 0.000700822216459,
        "var": 0.000205382370041
    },
    "spectral_energyband_high": {
        "dmean": 0.00163307331968,
        "dmean2": 0.00268778344616,
        "dvar": 6.24977656116e-06,
        "dvar2": 1.55917750817e-05,
        "max": 0.0208870936185,
        "mean": 0.00213431217708,
        "median": 0.00102785031777,
        "min": 6.57844566376e-06,
        "var": 7.52750156607e-06
    },
    "spectral_energyband_low": {
        "dmean": 0.00237282924354,
        "dmean2": 0.00391640001908,
        "dvar": 1.46220263559e-05,
        "dvar2": 3.75362033083e-05,
        "max": 0.0358919277787,
        "mean": 0.00515613891184,
        "median": 0.00480747176334,
        "min": 4.81838560518e-06,
        "var": 1.74393462657e-05
    },
    "spectral_energyband_middle_high": {
        "dmean": 0.00325656775385,
        "dmean2": 0.0049517499283,
        "dvar": 2.28769931709e-05,
        "dvar2": 5.77952050662e-05,
        "max": 0.0447108373046,
        "mean": 0.00640391651541,
        "median": 0.00485030049458,
        "min": 5.79549596296e-05,
        "var": 4.03275771532e-05
    },
    "spectral_energyband_middle_low": {
        "dmean": 0.00548997661099,
        "dmean2": 0.00838482566178,
        "dvar": 5.97602083872e-05,
        "dvar2": 0.000141360767884,
        "max": 0.0764600262046,
        "mean": 0.0102784810588,
        "median": 0.00738054933026,
        "min": 0.000250587239861,
        "var": 9.16587159736e-05
    },
    "spectral_entropy": {
        "dmean": 0.276121199131,
        "dmean2": 0.384749561548,
        "dvar": 0.0756638422608,
        "dvar2": 0.14930601418,
        "max": 8.79916381836,
        "mean": 7.71000003815,
        "median": 7.68318939209,
        "min": 6.35487174988,
        "var": 0.16960965097
    },
    "spectral_flux": {
        "dmean": 0.0305425487459,
        "dmean2": 0.0458710417151,
        "dvar": 0.000834373931866,
        "dvar2": 0.00163636403158,
        "max": 0.262502968311,
        "mean": 0.0930349752307,
        "median": 0.0859468430281,
        "min": 0.0140125593171,
        "var": 0.0017255571438
    },
    "spectral_kurtosis": {
        "dmean": 1.43062829971,
        "dmean2": 2.27850914001,
        "dvar": 1.75537848473,
        "dvar2": 3.93641138077,
        "max": 13.8676013947,
        "mean": 2.81965756416,
        "median": 2.53465032578,
        "min": -1.22134673595,
        "var": 3.5359890461
    },
    "spectral_rms": {
        "dmean": 0.000978034106083,
        "dmean2": 0.00142095435876,
        "dvar": 9.84727648756e-07,
        "dvar2": 2.27999953495e-06,
        "max": 0.00997616071254,
        "mean": 0.00448453379795,
        "median": 0.00436934456229,
        "min": 0.000826879055239,
        "var": 2.03096510631e-06
    },
    "spectral_rolloff": {
        "dmean": 1244.32641602,
        "dmean2": 2127.53027344,
        "dvar": 2907435.75,
        "dvar2": 6631601.5,
        "max": 12919.921875,
        "mean": 2555.69189453,
        "median": 1873.38867188,
        "min": 150.732421875,
        "var": 5020998.5
    },
    "spectral_skewness": {
        "dmean": 0.248012721539,
        "dmean2": 0.394075155258,
        "dvar": 0.0512820035219,
        "dvar2": 0.112443082035,
        "max": 2.74849438667,
        "mean": 1.20724129677,
        "median": 1.18916928768,
        "min": -0.0608705282211,
        "var": 0.116833299398
    },
    "spectral_spread": {
        "dmean": 1178166.25,
        "dmean2": 1690601.75,
        "dvar": 1.53794759885e+12,
        "dvar2": 2.96710936986e+12,
        "max": 14852250,
        "mean": 5207282,
        "median": 4714684,
        "min": 2312167.75,
        "var": 3.8461964288e+12
    },
    "spectral_strongpeak": {
        "dmean": 0.681909620762,
        "dmean2": 1.1405659914,
        "dvar": 1.1218585968,
        "dvar2": 2.76637887955,
        "max": 10.1793403625,
        "mean": 1.00292813778,
        "median": 0.446577101946,
        "min": 0.012945368886,
        "var": 1.48590576649
    },
    "zerocrossingrate": {
        "dmean": 0.0199976116419,
        "dmean2": 0.0244518835098,
        "dvar": 0.000479325506603,
        "dvar2": 0.000560555083212,
        "max": 0.39599609375,
        "mean": 0.087497882545,
        "median": 0.07958984375,
        "min": 0.00927734375,
        "var": 0.0021752116736
    },
    "barkbands": {
        "dmean": [1.81343966688e-05, 0.000890770752449, 0.00104994140565, 0.00106119737029, 0.00225819088519, 0.000749506813008, 0.000735807640012, 0.00136272271629, 0.00118397083133, 0.000677312316839, 0.000605307985097, 0.000857939827256, 0.000609750917647, 0.000591433548834, 0.000448088161647, 0.000227576325415, 0.000254063226748, 0.000309345574351, 0.000306756555801, 0.000293216347927, 0.00042692158604, 0.00027256575413, 0.000273769634077, 0.000319458369631, 0.000267197872745, 0.000148931125295, 3.57689948771e-08],
        "dmean2": [3.07072732539e-05, 0.00154879887123, 0.0017204064643, 0.00179105671123, 0.00365713867359, 0.00120755308308, 0.00124766130466, 0.00217455648817, 0.00174741167575, 0.00106644805055, 0.000961823854595, 0.00140237424057, 0.000981213757768, 0.000937157485168, 0.000707480474375, 0.000351309514372, 0.000395016337279, 0.000515514635481, 0.000485401542392, 0.000463908480015, 0.000709354120772, 0.000446414604085, 0.00045580425649, 0.000523457652889, 0.00044974120101, 0.000242632595473, 6.87226560103e-08],
        "dvar": [1.25477506163e-09, 2.81924235424e-06, 3.48332991962e-06, 4.65354423795e-06, 2.64160189545e-05, 1.47285891217e-06, 1.60972263075e-06, 1.15976254165e-05, 6.34967000224e-06, 1.82480687272e-06, 1.38223299473e-06, 6.28076304565e-06, 2.21862887884e-06, 1.36633252623e-06, 8.09934078916e-07, 1.65734604707e-07, 1.587636973e-07, 2.71781829042e-07, 4.15050749325e-07, 1.53749979859e-07, 7.1672559443e-07, 1.37894929253e-07, 2.59070873199e-07, 2.8305385058e-07, 2.20036923793e-07, 8.89850895192e-08, 6.66735411456e-14],
        "dvar2": [3.13224091109e-09, 7.08334528099e-06, 9.13575968298e-06, 1.20210834211e-05, 6.6537548264e-05, 3.71953683498e-06, 4.58621707367e-06, 2.56827806879e-05, 1.31346914714e-05, 3.7741331198e-06, 3.44075147041e-06, 1.64796856552e-05, 5.53803693037e-06, 2.83515873889e-06, 1.90436082903e-06, 3.65723593632e-07, 3.84912794971e-07, 7.38513222132e-07, 9.97553570414e-07, 3.55845401145e-07, 1.89886713997e-06, 3.49316962911e-07, 6.74043292292e-07, 6.45681268452e-07, 5.3853608506e-07, 1.86437418392e-07, 1.9528602097e-13],
        "max": [0.000368745910237, 0.0141402222216, 0.0204948857427, 0.0223522931337, 0.0561127886176, 0.0135696716607, 0.0126087013632, 0.0386471562088, 0.0360945239663, 0.0196834411472, 0.012592327781, 0.0388724543154, 0.0203752312809, 0.0178549718112, 0.0174652095884, 0.00601575151086, 0.00555680412799, 0.00741954427212, 0.0105366678908, 0.00596949597821, 0.00713808694854, 0.00276969349943, 0.00592264067382, 0.00622582109645, 0.00670129805803, 0.005836463999, 5.22426489624e-06],
        "mean": [2.03694453376e-05, 0.00191905582324, 0.00216773059219, 0.00160660909023, 0.00304848328233, 0.00100031704642, 0.00101499480661, 0.00161343696527, 0.00159449141938, 0.000904986285605, 0.000741945463233, 0.000893649179488, 0.000782465620432, 0.000831404875498, 0.000571710348595, 0.000299399980577, 0.000401286233682, 0.00045975059038, 0.000427674298408, 0.000515243562404, 0.000498373061419, 0.000332768366206, 0.000274565536529, 0.000310520204948, 0.000249161268584, 0.000215131032746, 2.02427106188e-08],
        "median": [3.66977610611e-06, 0.00106471357867, 0.00153951928951, 0.000648693938274, 0.00122890633065, 0.000609089096542, 0.000574876903556, 0.000306494475808, 0.000549581483938, 0.000290395633783, 0.000260271393927, 0.000210696889553, 0.000313428026857, 0.000278801133391, 0.00019121648802, 0.000109111773781, 0.000219787703827, 0.000216883025132, 0.000188101985259, 0.000337976060109, 0.000222623348236, 0.000168426209711, 6.84288679622e-05, 6.5469474066e-05, 4.29045467172e-05, 1.90243154066e-05, 4.11803591227e-10],
        "min": [1.23102550376e-08, 7.29060047888e-07, 1.12335570179e-07, 6.18926321749e-07, 7.15985061106e-06, 1.51532294694e-05, 1.27087896544e-05, 1.33830417326e-06, 3.8242365008e-06, 7.36815024993e-07, 7.18962326118e-07, 1.06316269921e-06, 2.20790730054e-06, 6.57837915696e-07, 1.27307419007e-06, 1.05457718291e-06, 3.13388204631e-06, 1.27679447814e-06, 1.41875909776e-06, 2.02527508009e-06, 9.18843738873e-07, 1.41654345498e-06, 4.09982163774e-08, 6.22760296665e-08, 3.12918024825e-10, 1.53472373698e-11, 1.23886820941e-11],
        "var": [2.43439179926e-09, 5.70996917304e-06, 5.04477520735e-06, 6.39077234155e-06, 3.05968424072e-05, 1.73883995558e-06, 1.75551906523e-06, 1.55874840857e-05, 9.9982271422e-06, 3.06333708977e-06, 1.75786453838e-06, 5.39955908607e-06, 2.67582527158e-06, 2.43297336056e-06, 1.2117661754e-06, 2.75630242186e-07, 2.98221323192e-07, 4.00700173486e-07, 6.23379264653e-07, 3.9039136368e-07, 6.38306573819e-07, 1.6477332565e-07, 2.35856447262e-07, 3.7080576476e-07, 2.46427987349e-07, 3.840563636e-07, 3.54146643651e-14]
    },
    "erbbands": {
        "dmean": [0.0177371334285, 0.233717009425, 0.961961090565, 2.86887121201, 3.3489317894, 8.83796977997, 10.1417455673, 6.11876058578, 9.95097446442, 16.3168392181, 29.6955909729, 25.293598175, 25.5488700867, 17.932636261, 31.1907444, 27.2133560181, 24.4288330078, 32.0078201294, 26.1022434235, 15.0046110153, 12.133597374, 14.6914405823, 17.816198349, 12.3012208939, 17.4934082031, 13.816031456, 21.3915596008, 11.2374296188, 10.1419820786, 8.93098831177, 7.41634750366, 7.00624322891, 5.32576417923, 3.49951958656, 1.5385324955, 0.704266607761, 0.30477809906, 0.0282450690866, 0.000503726187162, 3.48469729943e-05],
        "dmean2": [0.0308993794024, 0.404325842857, 1.58697664738, 4.77001810074, 5.54280805588, 14.597196579, 16.1459445953, 9.8718996048, 16.9788303375, 26.0594539642, 46.5087890625, 37.8577232361, 40.2064170837, 27.49584198, 52.5893630981, 44.3532066345, 39.3876228333, 49.5981407166, 41.4104614258, 23.4182434082, 18.7097015381, 22.7241725922, 29.3635044098, 19.7090091705, 27.7785453796, 21.7823219299, 36.1794395447, 18.0372867584, 16.5944480896, 14.9639997482, 12.3233203888, 11.5771760941, 8.70288181305, 5.863468647, 2.59547948837, 1.18802833557, 0.490992426872, 0.042468059808, 0.000767681165598, 5.35799990757e-05],
        "dvar": [0.0013622418046, 0.184532985091, 2.61705684662, 33.7464942932, 46.7753334045, 466.322845459, 611.380249023, 100.456626892, 338.507476807, 1709.26220703, 5710.70068359, 2453.24291992, 2634.65698242, 967.262695312, 7559.44580078, 4454.56787109, 3510.5925293, 4449.63134766, 2376.17504883, 943.204223633, 478.531433105, 534.430480957, 870.433227539, 470.701782227, 1500.00866699, 331.037475586, 2678.23364258, 240.045059204, 185.929626465, 252.156738281, 181.436538696, 149.181808472, 85.4981231689, 38.7776145935, 7.65166044235, 1.53608477116, 0.526085734367, 0.00662284297869, 1.71949716332e-06, 3.19651194403e-09],
        "dvar2": [0.00337925786152, 0.464992195368, 6.86911582947, 85.2011947632, 118.566543579, 1206.2956543, 1527.31762695, 248.482254028, 984.954589844, 4095.29663086, 13270.5498047, 5058.86132812, 5945.12255859, 1992.99499512, 20880.3476562, 11007.3271484, 9017.67871094, 9365.33007812, 5939.01611328, 2217.18334961, 969.623962402, 1300.27697754, 2317.44482422, 1194.83093262, 3607.17456055, 765.624755859, 7192.15966797, 584.65411377, 471.273193359, 660.6328125, 466.072845459, 355.971221924, 196.173812866, 93.2424621582, 18.5588932037, 3.6817855835, 1.00764632225, 0.0120118763298, 3.20302001455e-06, 6.55443255226e-09],
        "max": [0.4643458426, 3.6721997261, 14.4680604935, 70.9657440186, 83.6705093384, 210.022979736, 413.738098145, 165.029281616, 229.519042969, 650.301513672, 1055.49462891, 672.977294922, 686.398254395, 494.355743408, 1273.02709961, 657.718994141, 790.532836914, 1045.75695801, 851.740478516, 666.188049316, 335.34185791, 385.635009766, 351.325012207, 252.953475952, 741.474609375, 239.033782959, 462.970306396, 162.253768921, 107.73084259, 203.70123291, 139.404663086, 148.558776855, 127.244911194, 97.110244751, 35.1489677429, 17.9981307983, 17.0049953461, 2.10042262077, 0.0331354811788, 0.00131560559385],
        "mean": [0.035494659096, 0.513759613037, 2.14939403534, 4.79985141754, 5.15305423737, 10.7608528137, 13.4661064148, 8.54996681213, 14.6174030304, 21.2034912109, 35.3776893616, 35.2606124878, 34.7634620667, 26.3102245331, 34.7660598755, 31.948677063, 33.9898757935, 46.7024879456, 35.1284790039, 20.6891307831, 17.8153953552, 24.6337985992, 27.4580860138, 18.6127319336, 25.6798267365, 23.9044895172, 23.8706645966, 15.9614830017, 12.6095533371, 9.51867961884, 7.46602344513, 6.77249622345, 5.01346588135, 3.1131541729, 1.5088596344, 0.810995101929, 0.471393913031, 0.0438332669437, 0.000786659307778, 6.5529391577e-05],
        "median": [0.00742774968967, 0.322418749332, 1.62406527996, 2.36693120003, 2.41162919998, 3.66375494003, 4.67831850052, 5.562520504, 8.79510498047, 6.52784347534, 8.90730667114, 13.6680612564, 15.4318723679, 10.3578987122, 12.4876489639, 10.8575382233, 16.877664566, 18.5395679474, 15.7262916565, 8.16205501556, 7.72166967392, 14.5810003281, 13.620472908, 10.9070339203, 12.12637043, 15.6534366608, 11.293636322, 7.86502027512, 6.50269174576, 3.47086715698, 1.81983315945, 1.33891189098, 1.11977052689, 0.542588710785, 0.22768291831, 0.0945978984237, 0.0327503196895, 0.0026974985376, 6.94408663549e-05, 3.13513810397e-05],
        "min": [3.00192677969e-05, 0.000308292539557, 0.0002360533108, 0.00289177475497, 0.0102727916092, 0.0302905328572, 0.0823472738266, 0.195763707161, 0.282886117697, 0.170895174146, 0.0908352360129, 0.128128319979, 0.183213159442, 0.0589879266918, 0.0783835202456, 0.0747558772564, 0.111311659217, 0.150953695178, 0.17761272192, 0.110594592988, 0.09517929703, 0.167397171259, 0.0883212983608, 0.0779431760311, 0.195682376623, 0.120396830142, 0.0762769132853, 0.0437241829932, 0.0430384799838, 0.027396729216, 0.00194715301041, 0.00211887340993, 0.000694849120919, 0.000159078263096, 1.75475615833e-05, 5.36693460162e-06, 2.2213507691e-06, 3.38933517696e-07, 1.0262269825e-06, 1.01152784282e-06],
        "var": [0.00408322643489, 0.339153379202, 3.81746315956, 46.7335891724, 64.4449462891, 490.505950928, 735.240539551, 117.289772034, 346.175506592, 2223.90478516, 6644.0859375, 4175.02050781, 3790.48193359, 1890.76452637, 6255.44970703, 4842.67333984, 3794.86889648, 7729, 3456.43115234, 1304.72802734, 881.034240723, 1035.2479248, 1373.65124512, 661.612792969, 2315.00537109, 767.679138184, 2070.34106445, 368.671295166, 235.27822876, 226.558151245, 165.88192749, 160.466415405, 113.370262146, 43.3461608887, 9.57143211365, 3.22006654739, 2.45245051384, 0.0278589557856, 7.53115546104e-06, 1.3503918872e-08]
    },
    "gfcc": {
        "mean": [22.2103118896, 68.8254394531, -122.118377686, 35.9763565063, -68.7946243286, 14.1139793396, -39.0282669067, 7.90384292603, -31.1277637482, 5.75578594208, -21.4363708496, -3.55526304245, -15.3727331161],
        "cov": [[3394.46630859, -1365.7421875, 119.401954651, -262.667724609, -3.41722536087, 308.323272705, -26.6318206787, 162.249908447, -148.377838135, 243.052612305, -214.237960815, 191.627182007, -179.056549072], [-1365.7421875, 1379.63623047, -327.025024414, 236.179138184, 91.6360168457, -176.554168701, 225.695922852, -89.1665649414, 103.312728882, -180.334686279, 157.087402344, -178.205154419, 124.484100342], [119.401954651, -327.025024414, 924.734008789, 169.24130249, -26.1769542694, 145.517059326, -234.759872437, 45.293510437, 26.1779556274, 52.9353065491, -75.7961196899, 67.2838745117, -67.634147644], [-262.667724609, 236.179138184, 169.24130249, 377.312225342, 62.698009491, 28.8833808899, -63.9304084778, 0.173104733229, 99.0020904541, -55.5160598755, 60.2571792603, -60.440776825, 54.4090995789], [-3.41722536087, 91.6360168457, -26.1769542694, 62.698009491, 235.478881836, 13.2841615677, 57.8435401917, 47.5585632324, 39.3692779541, 22.3489570618, 3.29081392288, 20.6679134369, -9.39524078369], [308.323272705, -176.554168701, 145.517059326, 28.8833808899, 13.2841615677, 208.849655151, 17.9274711609, 82.6836090088, 6.22615098953, 51.4466362, 26.9505767822, 36.3697662354, -15.5789546967], [-26.6318206787, 225.695922852, -234.759872437, -63.9304084778, 57.8435401917, 17.9274711609, 273.249938965, 32.7744636536, 3.30767059326, 6.4345703125, 50.7276153564, 20.0671291351, -2.45829582214], [162.249908447, -89.1665649414, 45.293510437, 0.173104733229, 47.5585632324, 82.6836090088, 32.7744636536, 177.55065918, 60.7171783447, 81.4918518066, 26.9982223511, 42.0821418762, -10.1059970856], [-148.377838135, 103.312728882, 26.1779556274, 99.0020904541, 39.3692779541, 6.22615098953, 3.30767059326, 60.7171783447, 193.093475342, 60.5153694153, 28.5575180054, -18.3932743073, 25.5936584473], [243.052612305, -180.334686279, 52.9353065491, -55.5160598755, 22.3489570618, 51.4466362, 6.4345703125, 81.4918518066, 60.5153694153, 166.739364624, -8.47643852234, 50.1997261047, -12.8940067291], [-214.237960815, 157.087402344, -75.7961196899, 60.2571792603, 3.29081392288, 26.9505767822, 50.7276153564, 26.9982223511, 28.5575180054, -8.47643852234, 134.496536255, 2.69969844818, 29.7023334503], [191.627182007, -178.205154419, 67.2838745117, -60.440776825, 20.6679134369, 36.3697662354, 20.0671291351, 42.0821418762, -18.3932743073, 50.1997261047, 2.69969844818, 130.41053772, -1.70830333233], [-179.056549072, 124.484100342, -67.634147644, 54.4090995789, -9.39524078369, -15.5789546967, -2.45829582214, -10.1059970856, 25.5936584473, -12.8940067291, 29.7023334503, -1.70830333233, 110.613998413]],
        "icov": [[0.000639677338768, 0.000492240360472, 0.000333638687152, -0.000405847211368, 8.41300570755e-05, -0.000598881742917, -0.000252512370935, -0.000118051713798, 0.000351611699443, -0.000387384730857, 0.000860795844346, -0.000210373167647, 0.000430643121945], [0.000492240360472, 0.00253894040361, -0.000319460494211, -0.000551566132344, -0.000663900282234, 0.00133968691807, -0.00241151824594, 0.00012639851775, -0.000262374029262, 0.000877223792486, -0.00110986328218, 0.00234721065499, -0.00139703101013], [0.000333638687152, -0.000319460494211, 0.00269458675757, -0.0017112721689, 0.000878424791154, -0.0020766579546, 0.00197751587257, -7.86610034993e-05, 0.000120507189422, -0.000704312929884, 0.00229947897606, -0.00267666671425, 0.00243903975934], [-0.000405847211368, -0.000551566132344, -0.0017112721689, 0.00642208894715, -0.00215747300535, -0.000565219263081, 0.00119311024901, 0.000518305052537, -0.00261608348228, 0.00268781231716, -0.00296537904069, 0.00247339066118, -0.00267739710398], [8.41300570755e-05, -0.000663900282234, 0.000878424791154, -0.00215747300535, 0.00590720493346, -0.000335657212418, -0.000469500810141, -0.00119118217845, 3.07534537569e-05, -0.000899009464774, 0.00224199122749, -0.00253890198655, 0.00206372071989], [-0.000598881742917, 0.00133968691807, -0.0020766579546, -0.000565219263081, -0.000335657212418, 0.00950611475855, -0.0028615356423, -0.00242181238718, 0.0010366840288, -0.000226572708925, -0.00367817049846, 0.00243154284544, -0.00168442353606], [-0.000252512370935, -0.00241151824594, 0.00197751587257, 0.00119311024901, -0.000469500810141, -0.0028615356423, 0.00821254961193, -0.000346735178027, -0.000216158499825, -0.000323641375871, 8.00163761596e-05, -0.00354484794661, 0.00257141143084], [-0.000118051713798, 0.00012639851775, -7.86610034993e-05, 0.000518305052537, -0.00119118217845, -0.00242181238718, -0.000346735178027, 0.00966174621135, -0.00237045623362, -0.00216743024066, -0.00163266877644, -0.00103267736267, 0.000514645245858], [0.000351611699443, -0.000262374029262, 0.000120507189422, -0.00261608348228, 3.07534537569e-05, 0.0010366840288, -0.000216158499825, -0.00237045623362, 0.00926998630166, -0.00469659315422, 0.000293602322927, 0.00145580503158, -0.000596519152168], [-0.000387384730857, 0.000877223792486, -0.000704312929884, 0.00268781231716, -0.000899009464774, -0.000226572708925, -0.000323641375871, -0.00216743024066, -0.00469659315422, 0.0117371892557, -0.000627862405963, -0.000849588017445, -0.00107018148992], [0.000860795844346, -0.00110986328218, 0.00229947897606, -0.00296537904069, 0.00224199122749, -0.00367817049846, 8.00163761596e-05, -0.00163266877644, 0.000293602322927, -0.000627862405963, 0.0134174954146, -0.00413585128263, 0.00122417684179], [-0.000210373167647, 0.00234721065499, -0.00267666671425, 0.00247339066118, -0.00253890198655, 0.00243154284544, -0.00354484794661, -0.00103267736267, 0.00145580503158, -0.000849588017445, -0.00413585128263, 0.0148677295074, -0.00497732916847], [0.000430643121945, -0.00139703101013, 0.00243903975934, -0.00267739710398, 0.00206372071989, -0.00168442353606, 0.00257141143084, 0.000514645245858, -0.000596519152168, -0.00107018148992, 0.00122417684179, -0.00497732916847, 0.0137679604813]]
    },
    "melbands": {
        "dmean": [0.000204398282222, 0.000436101661762, 0.000478562957142, 0.000384946615668, 0.000419898162363, 0.000141195312608, 0.000144309437019, 0.000210098209209, 0.000238035951043, 0.000163947464898, 0.000129628344439, 7.33831766411e-05, 9.01371167856e-05, 0.00011117089889, 5.04841191287e-05, 6.38929996057e-05, 6.32952869637e-05, 4.50123552582e-05, 3.22611049342e-05, 1.53603978106e-05, 1.47856280819e-05, 1.57891645358e-05, 1.75689347088e-05, 1.38212208185e-05, 1.0115929399e-05, 1.34529354909e-05, 1.26466093207e-05, 9.22190611163e-06, 1.48297676787e-05, 8.65148194862e-06, 6.40803409624e-06, 5.9090752984e-06, 5.45690363651e-06, 5.05022444486e-06, 4.53366146758e-06, 3.99050713895e-06, 4.34228559243e-06, 3.75353533855e-06, 3.68293035535e-06, 2.87534999188e-06],
        "dmean2": [0.000356802542228, 0.000725421879906, 0.000794438063167, 0.000625764136203, 0.000667144428007, 0.000229487399338, 0.000246495299507, 0.000329955859343, 0.000372657668777, 0.000244962691795, 0.000204355717869, 0.000111745794129, 0.000149448242155, 0.000184819495189, 7.93077633716e-05, 0.000102881786006, 9.81287157629e-05, 7.28914164938e-05, 5.04235322296e-05, 2.42059068114e-05, 2.31326484936e-05, 2.50010834861e-05, 2.8782440495e-05, 2.29157085414e-05, 1.62806954904e-05, 2.15026229853e-05, 2.01111724891e-05, 1.46363208842e-05, 2.52830177487e-05, 1.42031176438e-05, 1.03349557321e-05, 9.64740956988e-06, 9.14825068321e-06, 8.51394088386e-06, 7.65033200878e-06, 6.53854158372e-06, 7.19968329577e-06, 6.20148011876e-06, 6.1664554778e-06, 4.90561524202e-06],
        "dvar": [1.6117070345e-07, 5.14446639954e-07, 7.82524580245e-07, 5.74490570671e-07, 1.14393583317e-06, 5.03473067681e-08, 6.79287595062e-08, 2.79942952375e-07, 3.48786670656e-07, 1.16279778695e-07, 6.91772683581e-08, 1.7817624709e-08, 4.56669368987e-08, 1.15221297392e-07, 1.65523665885e-08, 2.70747708697e-08, 1.83726101e-08, 7.59750218293e-09, 3.55054630141e-09, 1.05347508494e-09, 8.29142809966e-10, 6.94513002664e-10, 7.49366790842e-10, 5.65390900764e-10, 3.78896858333e-10, 1.08844022684e-09, 4.12242462389e-10, 1.44733044993e-10, 1.34093025572e-09, 2.16127990504e-10, 7.79520406557e-11, 6.27071172765e-11, 6.46606726495e-11, 9.6239530234e-11, 7.88711040922e-11, 4.23667524674e-11, 6.08629188714e-11, 4.3136560296e-11, 4.87008697259e-11, 2.90493167715e-11],
        "dvar2": [4.03643696245e-07, 1.34182880629e-06, 1.96932455765e-06, 1.45235117088e-06, 2.89110107587e-06, 1.28656807874e-07, 1.96415669507e-07, 6.3542239559e-07, 8.10748929325e-07, 2.41459702011e-07, 1.54618248871e-07, 3.5798986886e-08, 1.24106549038e-07, 3.08608633759e-07, 3.7184541668e-08, 6.6252844988e-08, 3.77327253887e-08, 1.97135126001e-08, 7.89010368152e-09, 2.50050913309e-09, 1.68604163964e-09, 1.63598334879e-09, 1.95164329142e-09, 1.53805701508e-09, 9.52079415306e-10, 2.67879207705e-09, 9.87460668789e-10, 3.44921202711e-10, 3.61182816988e-09, 5.65181290657e-10, 1.83887072236e-10, 1.57686169677e-10, 1.65309335665e-10, 2.5594201758e-10, 2.0766267872e-10, 1.00905069023e-10, 1.47221707048e-10, 1.00156251348e-10, 1.11256760749e-10, 7.40702985058e-11],
        "max": [0.00405435543507, 0.00567951938137, 0.0103003699332, 0.0068841772154, 0.0153856864199, 0.00328150903806, 0.0031123845838, 0.00781085249037, 0.00796834845096, 0.0051401713863, 0.00353188416921, 0.00245914957486, 0.00265818694606, 0.00484729837626, 0.00335142295808, 0.00252211815678, 0.00215666182339, 0.00141916272696, 0.000822697766125, 0.000617924379185, 0.000433318666182, 0.000501632981468, 0.000277365848888, 0.0003176915925, 0.000258362590102, 0.000583767832723, 0.000309544964693, 0.000141403594171, 0.000329856819008, 0.000129308027681, 8.58123457874e-05, 7.04935810063e-05, 6.92633257131e-05, 0.000133911889861, 9.65040671872e-05, 6.8806388299e-05, 9.11088864086e-05, 7.92892315076e-05, 0.000122406025184, 8.25514071039e-05],
        "mean": [0.0004314109392, 0.00100636901334, 0.000823317153845, 0.000516862783115, 0.000543259899132, 0.000198258087039, 0.000209609046578, 0.000267259485554, 0.000286347407382, 0.000224245901336, 0.000171688676346, 0.000102819096355, 0.00010453966388, 0.000108784617623, 6.79130971548e-05, 8.30264107208e-05, 8.80901061464e-05, 5.62927853025e-05, 4.13264024246e-05, 1.97554545593e-05, 2.02540668397e-05, 2.50673147093e-05, 2.62291141553e-05, 2.04509960895e-05, 1.39593485073e-05, 1.74620236066e-05, 1.92577481357e-05, 1.48748922584e-05, 1.58217007993e-05, 1.05244998849e-05, 8.92180560186e-06, 7.39055303711e-06, 5.85346788284e-06, 5.11637881573e-06, 4.35483570982e-06, 4.08949927078e-06, 4.00931412514e-06, 3.48289154317e-06, 3.29940007759e-06, 2.42296073338e-06],
        "median": [0.000171237770701, 0.000934260897338, 0.000492216087878, 0.000241137720877, 0.000168092636159, 0.000134007656015, 0.000123221630929, 6.67111744406e-05, 7.10851963959e-05, 7.97938264441e-05, 6.89331282047e-05, 3.41467748513e-05, 3.81327226933e-05, 2.47251900873e-05, 2.42204223468e-05, 3.01315885736e-05, 2.95740974252e-05, 2.27336931857e-05, 1.39128760566e-05, 7.22154209143e-06, 8.2059932538e-06, 1.27528783196e-05, 1.4010740415e-05, 9.0307512437e-06, 6.86055864207e-06, 6.98090343576e-06, 9.20488764677e-06, 9.77726813289e-06, 6.98833355273e-06, 4.71737848784e-06, 4.38418646809e-06, 3.66541189578e-06, 2.6437348879e-06, 1.45469334711e-06, 1.02303499716e-06, 9.33672424708e-07, 6.90451543051e-07, 7.10306721885e-07, 6.37319260477e-07, 3.52048061814e-07],
        "min": [2.15496470446e-07, 1.70390805465e-07, 4.09425410908e-07, 1.3112862689e-06, 2.41284624281e-06, 3.48525554728e-06, 4.30050931755e-06, 8.66067694005e-07, 3.52685844973e-07, 4.41242463012e-07, 7.07870071892e-07, 2.04177567298e-07, 1.73127418179e-07, 1.50237212893e-07, 1.12699460431e-07, 2.27736023817e-07, 1.52247991991e-07, 2.89525814878e-07, 1.06818902168e-07, 9.99695117798e-08, 8.71970584626e-08, 1.13896888365e-07, 6.17310860207e-08, 4.57195277193e-08, 3.21727036123e-08, 5.66802178525e-08, 4.11400904454e-08, 6.10435648696e-08, 4.90622760196e-08, 1.3908303842e-08, 2.31451053878e-08, 2.42138735729e-08, 1.70649929743e-08, 5.6862341502e-09, 2.55040877306e-10, 1.3286790071e-11, 6.43087111341e-11, 3.05371811171e-10, 1.29606145694e-12, 1.87535794186e-12],
