{
"highlevel": {
    "danceability": {
        "all": {
            "danceable": 7.88171928434e-06,
            "not_danceable": 0.999992132187
        },
        "probability": 0.999992132187,
        "value": "not_danceable"
    },
    "gender": {
        "all": {
            "female": 0.61087667942,
            "male": 0.38912332058
        },
        "probability": 0.61087667942,
        "value": "female"
    },
    "genre_dortmund": {
        "all": {
            "alternative": 0.127625033259,
            "blues": 0.0257885418832,
            "electronic": 0.0308425687253,
            "folkcountry": 0.0109835313633,
            "funksoulrnb": 0.00159342191182,
            "jazz": 0.00101158849429,
            "pop": 0.0139409964904,
            "raphiphop": 0.000485347700305,
            "rock": 0.787728965282
        },
        "probability": 0.787728965282,
        "value": "rock"
    },
    "genre_electronic": {
        "all": {
            "ambient": 0.506927907467,
            "dnb": 0.351878941059,
            "house": 0.016087140888,
            "techno": 0.0236632395536,
            "trance": 0.10144276917
        },
        "probability": 0.506927907467,
        "value": "ambient"
    },
    "genre_rosamerica": {
        "all": {
            "cla": 0.00774055812508,
            "dan": 0.00232591922395,
            "hip": 0.00304639688693,
            "jaz": 0.00231059151702,
            "pop": 0.0163114368916,
            "rhy": 0.00130298454314,
            "roc": 0.964857757092,
            "spe": 0.00210438342765
        },
        "probability": 0.964857757092,
        "value": "roc"
    },
    "genre_tzanetakis": {
        "all": {
            "blu": 0.0626613423228,
            "cla": 0.0348169617355,
            "cou": 0.104475811124,
            "dis": 0.0784321576357,
            "hip": 0.15692435205,
            "jaz": 0.313974827528,
            "met": 0.0448166541755,
            "pop": 0.0627359300852,
            "reg": 0.0627360641956,
            "roc": 0.0784258767962
        },
        "probability": 0.313974827528,
        "value": "jaz"
    },
    "ismir04_rhythm": {
        "all": {
            "ChaChaCha": 0.0771873891354,
            "Jive": 0.305973440409,
            "Quickstep": 0.0146953659132,
            "Rumba-American": 0.00628499360755,
            "Rumba-International": 0.0144986445084,
            "Rumba-Misc": 0.00203057122417,
            "Samba": 0.028214301914,
            "Tango": 0.0141579471529,
            "VienneseWaltz": 0.532127261162,
            "Waltz": 0.00483008986339
        },
        "probability": 0.532127261162,
        "value": "VienneseWaltz"
    },
    "mood_acoustic": {
        "all": {
            "acoustic": 1.8458622435e-06,
            "not_acoustic": 0.999998152256
        },
        "probability": 0.999998152256,
        "value": "not_acoustic"
    },
    "mood_aggressive": {
        "all": {
            "aggressive": 0.990195035934,
            "not_aggressive": 0.00980494916439
        },
        "probability": 0.990195035934,
        "value": "aggressive"
    },
    "mood_electronic": {
        "all": {
            "electronic": 0.0916678979993,
            "not_electronic": 0.908332109451
        },
        "probability": 0.908332109451,
        "value": "not_electronic"
    },
    "mood_happy": {
        "all": {
            "happy": 0.484339356422,
            "not_happy": 0.515660643578
        },
        "probability": 0.515660643578,
        "value": "not_happy"
    },
    "mood_party": {
        "all": {
            "not_party": 0.933000504971,
            "party": 0.0669995248318
        },
        "probability": 0.933000504971,
        "value": "not_party"
    },
    "mood_relaxed": {
        "all": {
            "not_relaxed": 0.958678603172,
            "relaxed": 0.04132142663
        },
        "probability": 0.958678603172,
        "value": "not_relaxed"
    },
    "mood_sad": {
        "all": {
            "not_sad": 0.981625020504,
            "sad": 0.0183749943972
        },
        "probability": 0.981625020504,
        "value": "not_sad"
    },
    "moods_mirex": {
        "all": {
            "Cluster1": 0.261690288782,
            "Cluster2": 0.0178855340928,
            "Cluster3": 0.109092779458,
            "Cluster4": 0.0375280678272,
            "Cluster5": 0.573803365231
        },
        "probability": 0.573803365231,
        "value": "Cluster5"
    },
    "timbre": {
        "all": {
            "bright": 0.537673830986,
            "dark": 0.462326169014
        },
        "probability": 0.537673830986,
        "value": "bright"
    },
    "tonal_atonal": {
        "all": {
            "atonal": 0.678778588772,
            "tonal": 0.321221411228
        },
        "probability": 0.678778588772,
        "value": "atonal"
    },
    "voice_instrumental": {
        "all": {
            "instrumental": 0.0101895974949,
            "voice": 0.989810407162
        },
        "probability": 0.989810407162,
        "value": "voice"
    }
},
"lowlevel": {
    "average_loudness": 0.977415800095,
    "barkbands_crest": {
        "dmean": 2.41074204445,
        "dmean2": 3.83419084549,
        "dvar": 4.46144962311,
        "dvar2": 11.3513641357,
        "max": 19.3223342896,
        "mean": 9.00258636475,
        "median": 8.56341648102,
        "min": 3.02201032639,
        "var": 9.17174911499
    },
    "barkbands_flatness_db": {
        "dmean": 0.0181381348521,
        "dmean2": 0.0276968479156,
        "dvar": 0.00024086702615,
        "dvar2": 0.000583072484005,
        "max": 0.246358975768,
        "mean": 0.165340527892,
        "median": 0.164943188429,
        "min": 0.0808441340923,
        "var": 0.000630416267086
    },
    "barkbands_kurtosis": {
        "dmean": 1.37860989571,
        "dmean2": 2.25108218193,
        "dvar": 2.14729809761,
        "dvar2": 5.6086473465,
        "max": 16.490650177,
        "mean": 1.05122959614,
        "median": 0.463586807251,
        "min": -1.68873345852,
        "var": 5.09604358673
    },
    "barkbands_skewness": {
        "dmean": 0.405248969793,
        "dmean2": 0.640995383263,
        "dvar": 0.122792847455,
        "dvar2": 0.320957660675,
        "max": 4.01178026199,
        "mean": 1.40834152699,
        "median": 1.36423015594,
        "min": -0.193018063903,
        "var": 0.382235646248
    },
    "barkbands_spread": {
        "dmean": 5.01503944397,
        "dmean2": 7.9838218689,
        "dvar": 17.531873703,
        "dvar2": 45.7049865723,
        "max": 45.8006858826,
        "mean": 27.3372554779,
        "median": 27.5782241821,
        "min": 8.29048919678,
        "var": 53.775806427
    },
    "dissonance": {
        "dmean": 0.00635161856189,
        "dmean2": 0.0106621216983,
        "dvar": 3.32529343723e-05,
        "dvar2": 9.32288749027e-05,
        "max": 0.499982357025,
        "mean": 0.486165046692,
        "median": 0.487285971642,
        "min": 0.44063192606,
        "var": 5.62631430512e-05
    },
    "dynamic_complexity": 0.688131690025,
    "erbbands_crest": {
        "dmean": 1.72529923916,
        "dmean2": 2.93423700333,
        "dvar": 2.57720017433,
        "dvar2": 7.20145177841,
        "max": 21.0507411957,
        "mean": 6.87655353546,
        "median": 6.47429037094,
        "min": 3.5218026638,
        "var": 4.22879076004
    },
    "erbbands_flatness_db": {
        "dmean": 0.0147733082995,
        "dmean2": 0.0205375738442,
        "dvar": 0.000177579102456,
        "dvar2": 0.000323485699482,
        "max": 0.253585159779,
        "mean": 0.192175582051,
        "median": 0.195111706853,
        "min": 0.119786702096,
        "var": 0.000497061992064
    },
    "erbbands_kurtosis": {
        "dmean": 0.66829097271,
        "dmean2": 1.08232724667,
        "dvar": 0.387077867985,
        "dvar2": 1.02066087723,
        "max": 4.87327766418,
        "mean": 0.285434216261,
        "median": 0.153832674026,
        "min": -1.72847747803,
        "var": 1.11314427853
    },
    "erbbands_skewness": {
        "dmean": 0.21967202425,
        "dmean2": 0.360680580139,
        "dvar": 0.0323450937867,
        "dvar2": 0.0825012326241,
        "max": 0.327838599682,
        "mean": -0.98890709877,
        "median": -0.999149799347,
        "min": -2.00783896446,
        "var": 0.0961175262928
    },
    "erbbands_spread": {
        "dmean": 5.89050531387,
        "dmean2": 9.42860794067,
        "dvar": 26.8054351807,
        "dvar2": 68.040435791,
        "max": 65.1395187378,
        "mean": 35.8759231567,
        "median": 35.5063400269,
        "min": 12.2813501358,
        "var": 85.4004974365
    },
    "hfc": {
        "dmean": 4.91269350052,
        "dmean2": 7.90044736862,
        "dvar": 20.4575119019,
        "dvar2": 51.5603866577,
        "max": 53.6863822937,
        "mean": 28.0124340057,
        "median": 26.9971179962,
        "min": 9.255443573,
        "var": 43.9857177734
    },
    "melbands_crest": {
        "dmean": 3.13183569908,
        "dmean2": 5.17745351791,
        "dvar": 6.97410678864,
        "dvar2": 18.1449241638,
        "max": 28.7648200989,
        "mean": 15.178937912,
        "median": 14.8923616409,
        "min": 6.21518564224,
        "var": 14.4607248306
    },
    "melbands_flatness_db": {
        "dmean": 0.0226250626147,
        "dmean2": 0.0341811664402,
        "dvar": 0.000377692689653,
        "dvar2": 0.000893809541594,
        "max": 0.337339252234,
        "mean": 0.240007400513,
        "median": 0.239606067538,
        "min": 0.132101610303,
        "var": 0.0011351389112
    },
    "melbands_kurtosis": {
        "dmean": 4.43607282639,
        "dmean2": 7.13286447525,
        "dvar": 22.0221691132,
        "dvar2": 56.6638870239,
        "max": 62.9972991943,
        "mean": 9.63228225708,
        "median": 7.95061302185,
        "min": -0.950640678406,
        "var": 54.3573036194
    },
    "melbands_skewness": {
        "dmean": 0.595608532429,
        "dmean2": 0.936900734901,
        "dvar": 0.285304427147,
        "dvar2": 0.73022377491,
        "max": 7.41398906708,
        "mean": 2.95412397385,
        "median": 2.8677482605,
        "min": 0.763629496098,
        "var": 0.878295063972
    },
    "melbands_spread": {
        "dmean": 6.65749168396,
        "dmean2": 10.3938674927,
        "dvar": 36.8082847595,
        "dvar2": 90.2574462891,
        "max": 63.4853897095,
        "mean": 24.4776859283,
        "median": 22.8738365173,
        "min": 4.77276945114,
        "var": 108.689689636
    },
    "pitch_salience": {
        "dmean": 0.0591934062541,
        "dmean2": 0.0939508676529,
        "dvar": 0.00269219558686,
        "dvar2": 0.00680063152686,
        "max": 0.792889297009,
        "mean": 0.59753459692,
        "median": 0.603955090046,
        "min": 0.32603302598,
        "var": 0.00646927580237
    },
    "silence_rate_20dB": {
        "dmean": 0,
        "dmean2": 0,
        "dvar": 0,
        "dvar2": 0,
        "max": 1,
        "mean": 1,
        "median": 1,
        "min": 1,
        "var": 0
    },
    "silence_rate_30dB": {
        "dmean": 0.00928792543709,
        "dmean2": 0.018590239808,
        "dvar": 0.00920140650123,
        "dvar2": 0.024441126734,
        "max": 1,
        "mean": 0.990719258785,
        "median": 1,
        "min": 0,
        "var": 0.00919442158192
    },
    "silence_rate_60dB": {
        "dmean": 0,
        "dmean2": 0,
        "dvar": 0,
        "dvar2": 0,
        "max": 0,
        "mean": 0,
        "median": 0,
        "min": 0,
        "var": 0
    },
    "spectral_centroid": {
        "dmean": 208.90826416,
        "dmean2": 337.775939941,
        "dvar": 31173.1835938,
        "dvar2": 79862.078125,
        "max": 2294.03125,
        "mean": 1609.03735352,
        "median": 1625.28210449,
        "min": 578.59979248,
        "var": 90690.578125
    },
    "spectral_complexity": {
        "dmean": 3.39551091194,
        "dmean2": 5.60883045197,
        "dvar": 6.91547298431,
        "dvar2": 17.5239524841,
        "max": 47,
        "mean": 35.934261322,
        "median": 36,
        "min": 20,
        "var": 15.4705629349
    },
    "spectral_decrease": {
        "dmean": 3.17615045375e-09,
        "dmean2": 5.24022647497e-09,
        "dvar": 9.78104512961e-18,
        "dvar2": 2.73709250503e-17,
        "max": -4.39403935459e-09,
        "mean": -1.29449002628e-08,
        "median": -1.21650343132e-08,
        "min": -3.85827227944e-08,
        "var": 1.98270395181e-17
    },
    "spectral_energy": {
        "dmean": 0.012173447758,
        "dmean2": 0.0201237164438,
        "dvar": 0.000142744916957,
        "dvar2": 0.000399397744332,
        "max": 0.149173885584,
        "mean": 0.0513978637755,
        "median": 0.0483155101538,
        "min": 0.017929174006,
        "var": 0.000287223316263
    },
    "spectral_energyband_high": {
        "dmean": 9.18643345358e-05,
        "dmean2": 0.00014815821487,
        "dvar": 1.28445742931e-08,
        "dvar2": 3.04529557127e-08,
        "max": 0.00121664942708,
        "mean": 0.000232598322327,
        "median": 0.000199610629352,
        "min": 5.85733141634e-05,
        "var": 1.71535674554e-08
    },
    "spectral_energyband_low": {
        "dmean": 0.0102172205225,
        "dmean2": 0.0168973617256,
        "dvar": 0.000105602004624,
        "dvar2": 0.000302917324007,
        "max": 0.105663068593,
        "mean": 0.0282338187099,
        "median": 0.0254784785211,
        "min": 0.00387787329964,
        "var": 0.000228654869716
    },
    "spectral_energyband_middle_high": {
        "dmean": 0.00200195424259,
        "dmean2": 0.00322347506881,
        "dvar": 3.32327294927e-06,
        "dvar2": 8.22586662252e-06,
        "max": 0.0217894688249,
        "mean": 0.00985647644848,
        "median": 0.00943941995502,
        "min": 0.00331257423386,
        "var": 7.52966161599e-06
    },
    "spectral_energyband_middle_low": {
        "dmean": 0.00569983478636,
        "dmean2": 0.00916785001755,
        "dvar": 5.34071295988e-05,
        "dvar2": 0.000135895999847,
        "max": 0.104054287076,
        "mean": 0.0170436110348,
        "median": 0.014447866939,
        "min": 0.00226364773698,
        "var": 9.68493623077e-05
    },
    "spectral_entropy": {
        "dmean": 0.0713599920273,
        "dmean2": 0.115578308702,
        "dvar": 0.00457215029746,
        "dvar2": 0.010495306924,
        "max": 7.88586854935,
        "mean": 7.49466705322,
        "median": 7.49397945404,
        "min": 7.11734771729,
        "var": 0.00883879791945
    },
    "spectral_flux": {
        "dmean": 0.0241084787995,
        "dmean2": 0.0370772406459,
        "dvar": 0.000505638658069,
        "dvar2": 0.00115906144492,
        "max": 0.279635846615,
        "mean": 0.107508137822,
        "median": 0.101761482656,
        "min": 0.0466070920229,
        "var": 0.00111938256305
    },
    "spectral_kurtosis": {
        "dmean": 2.95869612694,
        "dmean2": 5.18292188644,
        "dvar": 5.34677743912,
        "dvar2": 16.5755901337,
        "max": 21.2573604584,
        "mean": 6.33956861496,
        "median": 6.00751876831,
        "min": 0.261320590973,
        "var": 7.59747743607
    },
    "spectral_rms": {
        "dmean": 0.000821328372695,
        "dmean2": 0.00134903599974,
        "dvar": 5.53447478069e-07,
        "dvar2": 1.56040266575e-06,
        "max": 0.0120638096705,
        "mean": 0.00699295010418,
        "median": 0.00686564529315,
        "min": 0.00418232893571,
        "var": 1.24294501802e-06
    },
    "spectral_rolloff": {
        "dmean": 502.430145264,
        "dmean2": 829.586669922,
        "dvar": 214181.46875,
        "dvar2": 508191.8125,
        "max": 2885.44921875,
        "mean": 1408.66748047,
        "median": 1528.85742188,
        "min": 129.19921875,
        "var": 528005.4375
    },
    "spectral_skewness": {
        "dmean": 0.332876354456,
        "dmean2": 0.554261505604,
        "dvar": 0.070509314537,
        "dvar2": 0.186641186476,
        "max": 3.87986755371,
        "mean": 1.13573777676,
        "median": 1.09840595722,
        "min": 0.23695088923,
        "var": 0.126006901264
    },
    "spectral_spread": {
        "dmean": 237948.78125,
        "dmean2": 353872.34375,
        "dvar": 77420765184,
        "dvar2": 145826037760,
        "max": 6309989,
        "mean": 2337649.75,
        "median": 2249138,
        "min": 1726802.125,
        "var": 133293867008
    },
    "spectral_strongpeak": {
        "dmean": 0.240784540772,
        "dmean2": 0.399566471577,
        "dvar": 0.111689329147,
        "dvar2": 0.270281195641,
        "max": 6.08941268921,
        "mean": 0.461727619171,
        "median": 0.357775121927,
        "min": 0,
        "var": 0.153766959906
    },
    "zerocrossingrate": {
        "dmean": 0.0056171240285,
        "dmean2": 0.00691347243264,
        "dvar": 1.9199847884e-05,
        "dvar2": 2.85999831249e-05,
        "max": 0.07568359375,
        "mean": 0.0440563373268,
        "median": 0.04296875,
        "min": 0.0126953125,
        "var": 0.000105164013803
    },
    "barkbands": {
        "dmean": [0.00100857124198, 0.00728091644123, 0.0044648530893, 0.00360412942246, 0.00292660901323, 0.000644567480776, 0.000195776272449, 0.000201912233024, 0.00029134505894, 0.000240849607508, 0.000236699081142, 0.000345123786246, 0.000353990588337, 0.000737455673516, 0.000337211997248, 0.000547654868569, 0.000811510893982, 0.000591636286117, 0.000229007200687, 9.66690786299e-05, 3.59835721611e-05, 6.91710556566e-06, 5.82014263273e-06, 4.09182530348e-06, 6.04370052315e-06, 9.78902244242e-06, 4.99049246372e-09],
        "dmean2": [0.00158379611094, 0.0114647643641, 0.00742347911, 0.00603271415457, 0.00468494091183, 0.000967610510997, 0.000269582815235, 0.000296666665236, 0.000424942059908, 0.000361799699022, 0.000384690705687, 0.000573340628762, 0.000589519797359, 0.00123493338469, 0.000550371070858, 0.00093366287183, 0.001396039268, 0.000996395829134, 0.000387704727473, 0.000161351563293, 5.89753617533e-05, 1.06894667624e-05, 9.23299103306e-06, 6.68581378704e-06, 9.89648833638e-06, 1.7273829144e-05, 6.41892050623e-09],
        "dvar": [7.5908656072e-07, 6.92885441822e-05, 3.82106809411e-05, 2.91814467346e-05, 2.33979844779e-05, 1.00514535006e-06, 1.06164016245e-07, 7.16804109402e-08, 1.21408930909e-07, 6.47722728786e-08, 1.34694516873e-07, 1.64556780646e-07, 2.16224975702e-07, 9.2708108923e-07, 9.53182350827e-08, 2.49901518146e-07, 6.00314820076e-07, 2.57084309396e-07, 4.09672118451e-08, 8.3203133272e-09, 1.771964242e-09, 1.15611992202e-10, 8.91166307415e-11, 7.67221980391e-11, 2.09315259569e-10, 8.722203515e-10, 7.06217404367e-15],
        "dvar2": [1.867351898e-06, 0.000174611603143, 0.000104254482721, 8.06981552159e-05, 5.68059949728e-05, 2.52827521763e-06, 1.61994123005e-07, 1.38039439435e-07, 2.62163922571e-07, 1.37139124945e-07, 3.44276628539e-07, 4.23999068744e-07, 5.53240852241e-07, 2.61198738372e-06, 2.31162658793e-07, 6.88358682055e-07, 1.67333041645e-06, 6.96599784078e-07, 1.11748292397e-07, 2.11397797045e-08, 4.56979121211e-09, 2.6333280001e-10, 1.99852343008e-10, 1.90592611138e-10, 5.19613130301e-10, 2.36616659599e-09, 7.06289656277e-15],
        "max": [0.00643163267523, 0.065461628139, 0.0629785731435, 0.0600555464625, 0.0925281345844, 0.0304068699479, 0.00830409862101, 0.005508847069, 0.00553110614419, 0.00331028504297, 0.00572857214138, 0.00499638076872, 0.00701481197029, 0.011981157586, 0.00498913601041, 0.00478129973635, 0.00745715806261, 0.00506541039795, 0.00181564164814, 0.000860044267029, 0.000423932360718, 0.00011751614511, 0.00015153757704, 8.43033340061e-05, 0.000169872626429, 0.000315439567203, 2.31252215599e-06],
        "mean": [0.00238489895128, 0.0141151929274, 0.00780526828021, 0.0070053874515, 0.00631876150146, 0.00191040476784, 0.000519586435985, 0.000443025695859, 0.000641070015263, 0.000535842904355, 0.000460097624455, 0.000631631584838, 0.000685541250277, 0.00155555550009, 0.000758286856581, 0.00119645905215, 0.00188223202713, 0.00159008288756, 0.000568846880924, 0.000265719427262, 8.11235004221e-05, 1.28876745293e-05, 1.26276163428e-05, 4.866395102e-06, 5.48732668904e-06, 6.99701013218e-06, 4.68178873447e-09],
        "median": [0.00218414724804, 0.0112171918154, 0.00517076440156, 0.00494893826544, 0.00452152406797, 0.00138487329241, 0.000264807284111, 0.00029452808667, 0.000493334373459, 0.000407683866797, 0.000322273321217, 0.000452681473689, 0.00054501532577, 0.00119672541041, 0.000649684981909, 0.0010974551551, 0.00171163817868, 0.00147124007344, 0.000515129009727, 0.000236527353991, 6.63017854095e-05, 9.1204437922e-06, 9.64696300798e-06, 2.27283749155e-06, 1.24247958411e-06, 6.50558945381e-07, 6.91528334595e-10],
        "min": [1.6878995666e-05, 0.000981638324447, 5.23282469658e-05, 3.61471975339e-05, 0.0002124102175, 3.01943127852e-05, 1.38453724503e-05, 1.08014946818e-05, 3.21122533933e-05, 3.13064483635e-05, 1.15694383567e-05, 5.70488846279e-05, 6.64014442009e-05, 0.000136815957376, 0.000117209172458, 0.000218628032599, 0.00041141215479, 0.000294779398246, 0.000121277640574, 4.8086316383e-05, 1.37891538543e-05, 1.02752039766e-06, 1.37800111588e-06, 1.04869947393e-07, 3.12679038217e-09, 3.89316773264e-10, 4.42177371107e-11],
        "var": [1.64761115684e-06, 0.000109986947791, 6.78174401401e-05, 4.54749279015e-05, 3.91552312067e-05, 4.3797217586e-06, 6.71931161378e-07, 2.25844601687e-07, 2.77259232462e-07, 1.82084264111e-07, 2.84374493731e-07, 3.29162986645e-07, 3.99202093604e-07, 1.61617651884e-06, 1.76987512646e-07, 3.54478601139e-07, 8.00027407877e-07, 4.42000299472e-07, 6.77638993807e-08, 1.53930415081e-08, 2.60754950965e-09, 1.48961815105e-10, 1.10352255112e-10, 6.75756881008e-11, 1.74150818766e-10, 5.78256387218e-10, 7.06435727109e-15]
    },
    "erbbands": {
        "dmean": [0.258469730616, 1.71921789646, 4.41938877106, 9.09888267517, 12.5129699707, 9.08009433746, 7.9441857338, 4.0796046257, 2.94720864296, 3.04345679283, 4.74310922623, 5.4909696579, 9.20804595947, 8.35812664032, 10.1439533234, 14.6661186218, 17.0216331482, 38.2144851685, 20.7936058044, 23.6419620514, 26.927854538, 46.2402267456, 32.5910186768, 18.9831466675, 7.50715494156, 4.31111335754, 2.33214569092, 0.641980290413, 0.252685934305, 0.223890021443, 0.152407705784, 0.0878441482782, 0.0719944983721, 0.0569636300206, 0.0522140823305, 0.0402120873332, 0.0196600276977, 0.00163560756482, 3.31069713866e-05, 1.36912321977e-05],
        "dmean2": [0.410943835974, 2.68283724785, 7.20389413834, 15.1390800476, 19.7567558289, 15.1443166733, 12.336145401, 5.7216219902, 3.97866249084, 4.44190216064, 6.92901945114, 7.89505767822, 13.5576257706, 12.666387558, 16.4511928558, 24.2342510223, 28.4711856842, 64.6522216797, 33.8271484375, 39.5998420715, 45.5476379395, 78.6919021606, 54.5884857178, 31.9204959869, 12.4167232513, 7.05458164215, 3.81675648689, 1.0220451355, 0.386275440454, 0.3573756814, 0.239064261317, 0.140650555491, 0.11829855293, 0.0943058356643, 0.0852168053389, 0.0698680207133, 0.0350265130401, 0.00291280960664, 5.76409875066e-05, 2.28341359616e-05],
        "dvar": [0.0669332444668, 4.574696064, 36.8607978821, 170.991149902, 415.275787354, 200.707427979, 176.070861816, 36.2646713257, 17.3638076782, 21.7476177216, 41.5040817261, 46.7402267456, 175.996948242, 110.386184692, 243.893890381, 281.101959229, 643.756896973, 2989.03027344, 396.541259766, 410.168914795, 628.897644043, 1987.56347656, 860.320922852, 270.105957031, 42.2685813904, 15.7143220901, 7.29756355286, 0.726726353168, 0.157285168767, 0.110114812851, 0.0764219537377, 0.0293208025396, 0.0289867147803, 0.0192956682295, 0.0162792801857, 0.0142770446837, 0.00390348723158, 2.53740472544e-05, 7.93282861622e-09, 1.83518950037e-10],
        "dvar2": [0.181476101279, 10.9250354767, 97.9025421143, 466.651428223, 951.758728027, 570.014953613, 498.640014648, 65.7158355713, 27.2892284393, 43.6453781128, 80.4549102783, 92.7504348755, 380.521759033, 237.768371582, 623.40057373, 740.878479004, 1662.40454102, 8307.72070312, 974.609619141, 1124.78540039, 1746.82702637, 5645.82617188, 2248.68847656, 739.462646484, 112.704574585, 40.3220176697, 19.0784282684, 1.82068991661, 0.350240886211, 0.257226675749, 0.172825410962, 0.0695005431771, 0.0749112442136, 0.0491142943501, 0.0414700955153, 0.0387458875775, 0.0106327198446, 6.93194233463e-05, 2.13602735499e-08, 5.08943109878e-10],
        "max": [1.76307713985, 16.3270931244, 71.8448028564, 138.131774902, 336.993408203, 213.071228027, 269.812194824, 212.877792358, 99.3758773804, 72.5549468994, 131.734115601, 111.532920837, 247.982833862, 164.032669067, 247.099441528, 204.502319336, 378.624969482, 676.527099609, 314.540527344, 194.890731812, 259.147949219, 446.383514404, 279.457458496, 148.023162842, 67.8417129517, 40.4810791016, 28.4085235596, 12.6874265671, 5.13175868988, 5.12040519714, 4.36480665207, 1.52325928211, 1.72846567631, 1.52018845081, 1.49207031727, 1.14471900463, 0.7243232131, 0.0564208105206, 0.00104481715243, 0.000165687742992],
        "mean": [0.499849975109, 2.78646588326, 8.44705963135, 18.6589641571, 21.9244403839, 19.7063350677, 19.9213829041, 13.1687288284, 8.82610225677, 7.7891869545, 10.5440912247, 12.7161474228, 19.8965778351, 17.8235626221, 21.3716812134, 28.1077880859, 35.0836143494, 76.1249771118, 50.7712669373, 52.8063011169, 66.4322509766, 111.905448914, 92.8518981934, 51.1180038452, 20.937330246, 12.4317073822, 5.80680322647, 1.52524161339, 0.480716347694, 0.501030683517, 0.29606321454, 0.13203728199, 0.0719999074936, 0.050556987524, 0.0463341511786, 0.0305297151208, 0.0135962450877, 0.00109936436638, 4.68705584353e-05, 6.01836072747e-05],
        "median": [0.406505793333, 1.85511028767, 5.59565496445, 13.5513763428, 14.0666046143, 14.3805828094, 13.7585248947, 8.46161746979, 5.6114616394, 4.67284440994, 7.05818510056, 9.32874202728, 13.3382406235, 12.6331281662, 15.6980829239, 21.1044902802, 27.2698688507, 56.6206665039, 44.3777694702, 46.5023956299, 60.1711921692, 101.739486694, 85.5403060913, 47.4018745422, 19.103723526, 11.1565322876, 4.92597389221, 1.28017044067, 0.324479579926, 0.402277708054, 0.210297569633, 0.0791679695249, 0.0259757861495, 0.0129406321794, 0.00938027724624, 0.00436285324395, 0.000735195819288, 5.2413179219e-05, 2.82314667857e-05, 5.68020441278e-05],
        "min": [0.0402838252485, 0.0776762962341, 0.156302720308, 0.125514671206, 0.581992566586, 0.911071717739, 0.438118934631, 0.402070909739, 0.474301785231, 0.349363327026, 0.367638587952, 0.70132035017, 1.14672863483, 1.53926968575, 2.11308073997, 3.21287107468, 4.57961320877, 7.65163135529, 9.92230892181, 10.1954975128, 14.8388729095, 23.4374160767, 18.4519386292, 10.7418317795, 3.97963261604, 2.45887708664, 0.967071354389, 0.327081590891, 0.0772229582071, 0.0425447486341, 0.0377548709512, 0.00792514532804, 0.00319760479033, 0.000264200789388, 0.000118253803521, 5.45399489056e-05, 2.2206990252e-05, 5.05121124661e-06, 1.06271027107e-05, 2.15229738387e-05],
        "var": [0.105595834553, 7.29079580307, 80.5177612305, 274.477935791, 640.487915039, 360.297637939, 581.418823242, 245.220657349, 113.761222839, 83.9329528809, 129.187194824, 136.453567505, 393.388885498, 297.579559326, 514.6328125, 540.071472168, 1118.9161377, 4795.94580078, 854.066772461, 662.210083008, 930.035461426, 2677.12207031, 1522.63293457, 437.054473877, 81.9918823242, 29.8331813812, 11.0576524734, 0.879484593868, 0.214745163918, 0.145977139473, 0.0866929143667, 0.0292718484998, 0.023394972086, 0.0153819322586, 0.0130623346195, 0.00954807456583, 0.00254373834468, 1.64831981238e-05, 5.46845946303e-09, 3.55025814303e-10]
    },
    "gfcc": {
        "mean": [17.9011154175, 144.556488037, -149.512878418, 53.5042610168, -11.2267093658, 0.879269719124, -30.2196769714, 6.5868639946, -23.0279941559, -7.61389970779, -10.1735267639, -3.23491382599, -7.33660268784],
        "cov": [[396.075958252, -322.079833984, 213.427444458, -97.3594894409, -35.4308280945, 18.4082736969, -121.481361389, 73.0640182495, -120.968765259, 78.7629318237, -127.421714783, 52.0827865601, -84.2742996216], [-322.079833984, 415.903594971, -198.819869995, 94.8502502441, 22.4352436066, -51.6956329346, 125.788528442, -87.6676864624, 137.266448975, -94.8246231079, 138.950897217, -61.6412124634, 92.3723831177], [213.427444458, -198.819869995, 238.299850464, -36.1845626831, 5.96450424194, 40.0322647095, -75.224067688, 53.6023178101, -80.3807144165, 38.5477867126, -93.7478866577, 28.0731639862, -73.4694213867], [-97.3594894409, 94.8502502441, -36.1845626831, 72.6072311401, 24.0087013245, 4.9232006073, 33.9918289185, -36.3265113831, 36.7759895325, -39.0103034973, 36.5304603577, -27.8025989532, 21.739988327], [-35.4308280945, 22.4352436066, 5.96450424194, 24.0087013245, 61.0841064453, 16.9620132446, 25.3170890808, -12.0437927246, -2.72810077667, -9.02927494049, -1.10754859447, -9.31919956207, -4.48798465729], [18.4082736969, -51.6956329346, 40.0322647095, 4.9232006073, 16.9620132446, 72.1912765503, 9.90455341339, 14.7278394699, -8.72928237915, -7.70933437347, -9.98517227173, -9.86905860901, -12.5458030701], [-121.481361389, 125.788528442, -75.224067688, 33.9918289185, 25.3170890808, 9.90455341339, 83.6655502319, -15.0949869156, 53.3157463074, -33.9975585938, 41.8058166504, -24.4782810211, 25.3395652771], [73.0640182495, -87.6676864624, 53.6023178101, -36.3265113831, -12.0437927246, 14.7278394699, -15.0949869156, 66.6396789551, -12.8135671616, 29.8012104034, -33.2612609863, 8.62831401825, -20.045873642], [-120.968765259, 137.266448975, -80.3807144165, 36.7759895325, -2.72810077667, -8.72928237915, 53.3157463074, -12.8135671616, 94.5185775757, -19.3488826752, 60.9503364563, -26.7120265961, 27.7520103455], [78.7629318237, -94.8246231079, 38.5477867126, -39.0103034973, -9.02927494049, -7.70933437347, -33.9975585938, 29.8012104034, -19.3488826752, 69.1347732544, -20.1870632172, 26.4502468109, -22.652967453], [-127.421714783, 138.950897217, -93.7478866577, 36.5304603577, -1.10754859447, -9.98517227173, 41.8058166504, -33.2612609863, 60.9503364563, -20.1870632172, 93.8101806641, -9.64474964142, 44.8696594238], [52.0827865601, -61.6412124634, 28.0731639862, -27.8025989532, -9.31919956207, -9.86905860901, -24.4782810211, 8.62831401825, -26.7120265961, 26.4502468109, -9.64474964142, 49.2856140137, -2.5990190506], [-84.2742996216, 92.3723831177, -73.4694213867, 21.739988327, -4.48798465729, -12.5458030701, 25.3395652771, -20.045873642, 27.7520103455, -22.652967453, 44.8696594238, -2.5990190506, 62.2477378845]],
        "icov": [[0.0106082474813, 0.0055803572759, -0.00571947731078, 0.00559371942654, 0.00248457677662, 0.00330385868438, -0.000140202901093, 0.00245358701795, 0.000184591728612, 0.000204899028176, 0.000256741303019, 0.00280174356885, -0.00100669404492], [0.0055803572759, 0.025326827541, -0.00930231716484, 0.0112192621455, -0.00367882451974, 0.0196650922298, -0.0152346203104, 0.0127101056278, -0.0111660240218, 0.0121529446915, -0.0134877944365, 0.0150541029871, -0.0111816916615], [-0.00571947731078, -0.00930231716484, 0.0177759509534, -0.0112023195252, -0.00210037617944, -0.0113563491032, 0.0120777161792, -0.0111174881458, 0.00429048901424, -0.00172160938382, 0.00781088555232, -0.0113836424425, 0.011371774599], [0.00559371942654, 0.0112192621455, -0.0112023195252, 0.0432578325272, -0.0110859628767, 0.00813630968332, -0.00377012882382, 0.0178473368287, -0.0137356193736, 0.0130758844316, -0.00978378765285, 0.0165012124926, -0.0106589151546], [0.00248457677662, -0.00367882451974, -0.00210037617944, -0.0110859628767, 0.0300151687115, -0.00580007350072, -0.0117622492835, 0.00297432253137, 0.0112109193578, -0.0101034892723, 0.0054091559723, -0.0013474872103, 0.00432639941573], [0.00330385868438, 0.0196650922298, -0.0113563491032, 0.00813630968332, -0.00580007350072, 0.0351832360029, -0.0172921177, 0.00470326747745, -0.00452785892412, 0.0123689156026, -0.0152193428949, 0.0162297394127, -0.00755952904001], [-0.000140202901093, -0.0152346203104, 0.0120777161792, -0.00377012882382, -0.0117622492835, -0.0172921177, 0.0452326908708, -0.0142068658024, -0.00601977435872, 0.00307150906883, 0.00829680915922, -0.0115112205967, 0.00800827238709], [0.00245358701795, 0.0127101056278, -0.0111174881458, 0.0178473368287, 0.00297432253137, 0.00470326747745, -0.0142068658024, 0.038685079664, -0.0127082969993, -0.00334838381968, 0.00127692765091, 0.0119342757389, -0.0114655662328], [0.000184591728612, -0.0111660240218, 0.00429048901424, -0.0137356193736, 0.0112109193578, -0.00452785892412, -0.00601977435872, -0.0127082969993, 0.0373408570886, -0.0113354157656, -0.00656964536756, 0.00160419603344, 0.00896420143545], [0.000204899028176, 0.0121529446915, -0.00172160938382, 0.0130758844316, -0.0101034892723, 0.0123689156026, 0.00307150906883, -0.00334838381968, -0.0113354157656, 0.0371874682605, -0.0117294052616, -0.00227153999731, 0.00202698889188], [0.000256741303019, -0.0134877944365, 0.00781088555232, -0.00978378765285, 0.0054091559723, -0.0152193428949, 0.00829680915922, 0.00127692765091, -0.00656964536756, -0.0117294052616, 0.0394747070968, -0.0149387046695, -0.0030624975916], [0.00280174356885, 0.0150541029871, -0.0113836424425, 0.0165012124926, -0.0013474872103, 0.0162297394127, -0.0115112205967, 0.0119342757389, 0.00160419603344, -0.00227153999731, -0.0149387046695, 0.0455170944333, -0.0149153489619], [-0.00100669404492, -0.0111816916615, 0.011371774599, -0.0106589151546, 0.00432639941573, -0.00755952904001, 0.00800827238709, -0.0114655662328, 0.00896420143545, 0.00202698889188, -0.0030624975916, -0.0149153489619, 0.0386013574898]]
    },
    "melbands": {
        "dmean": [0.00204938952811, 0.00210622092709, 0.00155704806093, 0.000748308608308, 0.000286743103061, 9.38549565035e-05, 4.62267307739e-05, 3.44639556715e-05, 3.73348048015e-05, 3.90087298001e-05, 4.52135645901e-05, 3.37795208907e-05, 3.43899409927e-05, 4.50770567113e-05, 2.89059698844e-05, 4.39518480562e-05, 7.62784620747e-05, 3.9011498302e-05, 2.55819286394e-05, 3.84287886845e-05, 3.67237407772e-05, 5.21891306562e-05, 4.42952514277e-05, 2.82185919787e-05, 1.65474903042e-05, 7.05087086317e-06, 5.02711782246e-06, 2.94866163131e-06, 1.6782420289e-06, 9.21485479921e-07, 2.81293978333e-07, 1.60185933851e-07, 1.30221692984e-07, 1.38374929293e-07, 9.53777146151e-08, 7.28973788e-08, 5.22850882589e-08, 5.07007982264e-08, 5.19010150413e-08, 4.80869388753e-08],
        "dmean2": [0.00323880440556, 0.00338514451869, 0.00252616591752, 0.00119807268493, 0.000450342951808, 0.000132990651764, 6.17426703684e-05, 5.06434480485e-05, 5.4860534874e-05, 5.64808069612e-05, 6.66306077619e-05, 5.10930622113e-05, 5.58636347705e-05, 7.43058262742e-05, 4.83442272525e-05, 7.36904257792e-05, 0.000128747808049, 6.37995181023e-05, 4.18834606535e-05, 6.55091789667e-05, 6.2598985096e-05, 8.94878467079e-05, 7.57752350182e-05, 4.74302942166e-05, 2.80285294139e-05, 1.19614387586e-05, 8.47280989547e-06, 4.85921327709e-06, 2.75213233181e-06, 1.52290340338e-06, 4.52832864539e-07, 2.45748594807e-07, 2.10786581079e-07, 2.2630619867e-07, 1.52155749333e-07, 1.16099776903e-07, 8.52433217347e-08, 8.52768238246e-08, 8.65970051223e-08, 8.0218839571e-08],
        "dvar": [4.84969996251e-06, 6.7686996772e-06, 4.40462645201e-06, 1.45487001646e-06, 1.65017738141e-07, 1.89722317856e-08, 4.68929561848e-09, 2.38136799169e-09, 2.15765783018e-09, 2.14507256402e-09, 4.15017797906e-09, 1.86517223888e-09, 3.47299922154e-09, 3.14100656595e-09, 1.28292909629e-09, 2.36357000638e-09, 1.19434844237e-08, 1.56626167591e-09, 5.49592704679e-10, 1.12596276747e-09, 1.17957155155e-09, 2.42826847519e-09, 1.72603653592e-09, 6.02004335271e-10, 2.08391276457e-10, 4.56807681959e-11, 2.27521959606e-11, 7.54098779948e-12, 3.24228252753e-12, 1.23368828174e-12, 1.45893564699e-13, 6.50802315142e-14, 4.29721227135e-14, 3.59027383019e-14, 3.08545608496e-14, 1.78258625851e-14, 1.0776698544e-14, 1.45820567399e-14, 1.69494528411e-14, 1.36372575558e-14],
        "dvar2": [1.30316902869e-05, 1.74006891029e-05, 1.18111756819e-05, 3.49030369762e-06, 4.55722670267e-07, 3.62594576586e-08, 7.05074088003e-09, 4.77475259331e-09, 4.29648627787e-09, 4.45080639011e-09, 8.95389895561e-09, 3.95969612654e-09, 8.84819328917e-09, 8.03814348416e-09, 3.36816463609e-09, 6.15857898012e-09, 3.28870477517e-08, 3.95320132185e-09, 1.37388778132e-09, 3.09382963692e-09, 3.28491700508e-09, 6.76267308819e-09, 4.66716798542e-09, 1.69151981311e-09, 5.7439558665e-10, 1.27475002776e-10, 6.07291300581e-11, 1.99891145303e-11, 8.46475754074e-12, 3.17425166013e-12, 3.71522663979e-13, 1.44363809644e-13, 1.04884146073e-13, 8.44777196872e-14, 7.22152575911e-14, 4.10761546576e-14, 2.70352367744e-14, 3.83081424655e-14, 4.36031622592e-14, 3.4777109442e-14],
        "max": [0.0172188915312, 0.030988059938, 0.0215154159814, 0.0227630082518, 0.00805092137307, 0.00481377216056, 0.0017324257642, 0.000754695793148, 0.00087319361046, 0.000639493984636, 0.00119946815539, 0.000663017563056, 0.000942954269703, 0.000717805232853, 0.000516489264555, 0.000682695244905, 0.00138001446612, 0.000580587191507, 0.000315796525683, 0.000302564643789, 0.000296124839224, 0.000459523376776, 0.000414871232351, 0.00026719662128, 0.000120468343084, 7.69355829107e-05, 4.359448576e-05, 2.62672856479e-05, 1.71407700691e-05, 1.11345298137e-05, 5.4551123867e-06, 4.30321779277e-06, 3.42738644576e-06, 2.6861994229e-06, 2.808211093e-06, 1.76532842033e-06, 9.70152427726e-07, 1.14586066502e-06, 1.60703427809e-06, 1.38663722282e-06],
        "mean": [0.004210582003, 0.00425910344347, 0.003345600795, 0.00146440928802, 0.00074139481876, 0.000300716143101, 0.000137158145662, 8.5313396994e-05, 8.35482496768e-05, 8.72850578162e-05, 9.48661036091e-05, 6.73313988955e-05, 6.74116236041e-05, 8.07876422186e-05, 5.80970845476e-05, 8.90381488716e-05, 0.000145522193634, 8.4568397142e-05, 5.86916685279e-05, 7.60451439419e-05, 7.813765842e-05, 0.000114416579891, 0.000105241539131, 6.94249101798e-05, 3.93711379729e-05, 1.65252004081e-05, 1.21336797747e-05, 7.25999598217e-06, 3.92656238546e-06, 1.9460767362e-06, 5.28025680069e-07, 2.5879390364e-07, 2.31280012031e-07, 3.01037033523e-07, 1.75447226525e-07, 1.17201629735e-07, 6.83542111801e-08, 5.06676762768e-08, 4.44816770084e-08, 4.14293452877e-08],
        "median": [0.00351864332333, 0.00303689436987, 0.0026648894418, 0.00100949616171, 0.000536647508852, 0.000201805596589, 8.48580966704e-05, 5.56937884539e-05, 5.76341881242e-05, 6.68633729219e-05, 6.18953854428e-05, 4.34337707702e-05, 4.46136036771e-05, 5.56904487894e-05, 4.65249650006e-05, 7.34796340112e-05, 0.000106347615656, 7.08861480234e-05, 5.18380547874e-05, 6.78760843584e-05, 6.93613037583e-05, 0.000102633792267, 9.50031680986e-05, 6.49941866868e-05, 3.62779173884e-05, 1.46744032463e-05, 1.07517353172e-05, 6.47776187179e-06, 3.37968367603e-06, 1.58064824518e-06, 4.269119529e-07, 1.5390563135e-07, 1.6837559258e-07, 2.4065280968e-07, 1.26341817008e-07, 7.47085167063e-08, 3.68339136969e-08, 1.93059666032e-08, 1.04387849476e-08, 9.27128063211e-09],
        "min": [0.000489275029395, 9.12706091185e-05, 2.93948887702e-05, 4.96835855301e-05, 1.39024332384e-05, 6.91110699336e-06, 4.33407149103e-06, 3.25931500811e-06, 2.09297127185e-06, 3.67953998648e-06, 5.17483522344e-06, 4.29356896348e-06, 2.16675630327e-06, 9.07377670956e-06, 8.25822189654e-06, 9.10680137167e-06, 1.21855746329e-05, 1.2483730643e-05, 1.176043952e-05, 1.29990676214e-05, 1.45886524479e-05, 2.1828995159e-05, 2.03129529837e-05, 1.01012165032e-05, 8.37092738948e-06, 3.36053562933e-06, 1.86898591892e-06, 1.18594084597e-06, 4.33313090298e-07, 3.09884370608e-07, 7.54575779638e-08, 1.64442042205e-08, 7.9092012939e-09, 2.41004887158e-08, 1.70736935701e-08, 5.67455327172e-09, 1.07617026401e-10, 6.74721806204e-11, 1.43624901468e-12, 8.10141016772e-13],
