{
"highlevel": {
    "danceability": {
        "all": {
            "danceable": 0.934550642967,
            "not_danceable": 0.0654493421316
        },
        "probability": 0.934550642967,
        "value": "danceable"
    },
    "gender": {
        "all": {
            "female": 1.81636714842e-05,
            "male": 0.999981820583
        },
        "probability": 0.999981820583,
        "value": "male"
    },
    "genre_dortmund": {
        "all": {
            "alternative": 0.108449146152,
            "blues": 0.0828257128596,
            "electronic": 0.0147975152358,
            "folkcountry": 0.211677387357,
            "funksoulrnb": 0.0541989021003,
            "jazz": 0.0159191638231,
            "pop": 0.0716809555888,
            "raphiphop": 0.0365514606237,
            "rock": 0.403899759054
        },
        "probability": 0.403899759054,
        "value": "rock"
    },
    "genre_electronic": {
        "all": {
            "ambient": 0.526518583298,
            "dnb": 0.140729978681,
            "house": 0.189370289445,
            "techno": 0.0193461570889,
            "trance": 0.124034993351
        },
        "probability": 0.526518583298,
        "value": "ambient"
    },
    "genre_rosamerica": {
        "all": {
            "cla": 0.00331265036948,
            "dan": 0.044799156487,
            "hip": 0.0787003934383,
            "jaz": 0.00672463048249,
            "pop": 0.471782207489,
            "rhy": 0.331285774708,
            "roc": 0.0605278238654,
            "spe": 0.00286735873669
        },
        "probability": 0.471782207489,
        "value": "pop"
    },
    "genre_tzanetakis": {
        "all": {
            "blu": 0.0776171460748,
            "cla": 0.0430819652975,
            "cou": 0.0969252064824,
            "dis": 0.0775639340281,
            "hip": 0.129305377603,
            "jaz": 0.19403719902,
            "met": 0.0776076763868,
            "pop": 0.0969849601388,
            "reg": 0.0775794237852,
            "roc": 0.129297107458
        },
        "probability": 0.19403719902,
        "value": "jaz"
    },
    "ismir04_rhythm": {
        "all": {
            "ChaChaCha": 0.0422566235065,
            "Jive": 0.0476311258972,
            "Quickstep": 0.332344681025,
            "Rumba-American": 0.0173972155899,
            "Rumba-International": 0.119834534824,
            "Rumba-Misc": 0.0231248475611,
            "Samba": 0.251259595156,
            "Tango": 0.0418713577092,
            "VienneseWaltz": 0.103946149349,
            "Waltz": 0.0203338768333
        },
        "probability": 0.332344681025,
        "value": "Quickstep"
    },
    "mood_acoustic": {
        "all": {
            "acoustic": 0.581455588341,
            "not_acoustic": 0.418544411659
        },
        "probability": 0.581455588341,
        "value": "acoustic"
    },
    "mood_aggressive": {
        "all": {
            "aggressive": 0.159690469503,
            "not_aggressive": 0.840309560299
        },
        "probability": 0.840309560299,
        "value": "not_aggressive"
    },
    "mood_electronic": {
        "all": {
            "electronic": 0.303479701281,
            "not_electronic": 0.696520328522
        },
        "probability": 0.696520328522,
        "value": "not_electronic"
    },
    "mood_happy": {
        "all": {
            "happy": 0.57888674736,
            "not_happy": 0.42111325264
        },
        "probability": 0.57888674736,
        "value": "happy"
    },
    "mood_party": {
        "all": {
            "not_party": 0.799119889736,
            "party": 0.200880095363
        },
        "probability": 0.799119889736,
        "value": "not_party"
    },
    "mood_relaxed": {
        "all": {
            "not_relaxed": 0.0988671481609,
            "relaxed": 0.901132822037
        },
        "probability": 0.901132822037,
        "value": "relaxed"
    },
    "mood_sad": {
        "all": {
            "not_sad": 0.785383164883,
            "sad": 0.214616850019
        },
        "probability": 0.785383164883,
        "value": "not_sad"
    },
    "moods_mirex": {
        "all": {
            "Cluster1": 0.26194319129,
            "Cluster2": 0.335531681776,
            "Cluster3": 0.119388595223,
            "Cluster4": 0.239163666964,
            "Cluster5": 0.0439728796482
        },
        "probability": 0.335531681776,
        "value": "Cluster2"
    },
    "timbre": {
        "all": {
            "bright": 0.989764928818,
            "dark": 0.0102350469679
        },
        "probability": 0.989764928818,
        "value": "bright"
    },
    "tonal_atonal": {
        "all": {
            "atonal": 0.0327617004514,
            "tonal": 0.967238306999
        },
        "probability": 0.967238306999,
        "value": "tonal"
    },
    "voice_instrumental": {
        "all": {
            "instrumental": 0.00012136035366,
            "voice": 0.999878644943
        },
        "probability": 0.999878644943,
        "value": "voice"
    }
},
"lowlevel": {
    "average_loudness": 0.983947575092,
    "barkbands_crest": {
        "dmean": 2.72780275345,
        "dmean2": 4.5641784668,
        "dvar": 6.51149892807,
        "dvar2": 18.612405777,
        "max": 24.3666572571,
        "mean": 10.1318149567,
        "median": 9.27874565125,
        "min": 3.61378479004,
        "var": 15.0193738937
    },
    "barkbands_flatness_db": {
        "dmean": 0.0230488386005,
        "dmean2": 0.0358763858676,
        "dvar": 0.000504491210449,
        "dvar2": 0.001130849123,
        "max": 0.420068472624,
        "mean": 0.158552974463,
        "median": 0.155345857143,
        "min": 0.0383631028235,
        "var": 0.00183902832214
    },
    "barkbands_kurtosis": {
        "dmean": 2.86171674728,
        "dmean2": 4.69994974136,
        "dvar": 24.1351623535,
        "dvar2": 68.4491043091,
        "max": 62.5983810425,
        "mean": 4.03452348709,
        "median": 1.98409748077,
        "min": -1.9193571806,
        "var": 45.3262710571
    },
    "barkbands_skewness": {
        "dmean": 0.547800481319,
        "dmean2": 0.850350499153,
        "dvar": 0.348925858736,
        "dvar2": 0.85768276453,
        "max": 7.02887392044,
        "mean": 1.51447987556,
        "median": 1.36099159718,
        "min": -2.30874872208,
        "var": 1.22381865978
    },
    "barkbands_spread": {
        "dmean": 6.87478971481,
        "dmean2": 10.2594900131,
        "dvar": 119.125289917,
        "dvar2": 233.923995972,
        "max": 115.344352722,
        "mean": 22.54246521,
        "median": 17.693655014,
        "min": 0.923691868782,
        "var": 364.552520752
    },
    "dissonance": {
        "dmean": 0.0217732526362,
        "dmean2": 0.0355579890311,
        "dvar": 0.000362236809451,
        "dvar2": 0.000996263930574,
        "max": 0.499985516071,
        "mean": 0.450144141912,
        "median": 0.455449849367,
        "min": 0.283627957106,
        "var": 0.000967764703091
    },
    "dynamic_complexity": 1.90075850487,
    "erbbands_crest": {
        "dmean": 2.727622509,
        "dmean2": 4.28038978577,
        "dvar": 7.0231795311,
        "dvar2": 16.4101772308,
        "max": 30.1947917938,
        "mean": 10.2694005966,
        "median": 9.03870487213,
        "min": 2.60630369186,
        "var": 25.7759513855
    },
    "erbbands_flatness_db": {
        "dmean": 0.0190612003207,
        "dmean2": 0.0256828311831,
        "dvar": 0.00032040651422,
        "dvar2": 0.000565113150515,
        "max": 0.281538456678,
        "mean": 0.156242206693,
        "median": 0.158726781607,
        "min": 0.0539170466363,
        "var": 0.00192107807379
    },
    "erbbands_kurtosis": {
        "dmean": 0.893880069256,
        "dmean2": 1.32046091557,
        "dvar": 1.84351944923,
        "dvar2": 2.906031847,
        "max": 46.5221862793,
        "mean": 0.64570993185,
        "median": -0.0225820541382,
        "min": -1.67477297783,
        "var": 8.86475753784
    },
    "erbbands_skewness": {
        "dmean": 0.374107867479,
        "dmean2": 0.565068602562,
        "dvar": 0.119374074042,
        "dvar2": 0.258788198233,
        "max": 3.08796834946,
        "mean": 0.320280790329,
        "median": 0.341536521912,
        "min": -5.24052429199,
        "var": 0.600317120552
    },
    "erbbands_spread": {
        "dmean": 9.57472610474,
        "dmean2": 13.6460800171,
        "dvar": 159.725891113,
        "dvar2": 347.922454834,
        "max": 142.745239258,
        "mean": 38.9963417053,
        "median": 32.8626937866,
        "min": 6.80715370178,
        "var": 562.373474121
    },
    "hfc": {
        "dmean": 9.34720516205,
        "dmean2": 13.0293560028,
        "dvar": 227.884841919,
        "dvar2": 454.619384766,
        "max": 196.316055298,
        "mean": 30.3707637787,
        "median": 26.2870903015,
        "min": 0.380704551935,
        "var": 760.28894043
    },
    "melbands_crest": {
        "dmean": 2.9933359623,
        "dmean2": 4.94833660126,
        "dvar": 7.22259187698,
        "dvar2": 19.4730587006,
        "max": 31.0205860138,
        "mean": 13.5871992111,
        "median": 12.9271736145,
        "min": 5.3049621582,
        "var": 19.3382301331
    },
    "melbands_flatness_db": {
        "dmean": 0.0291858818382,
        "dmean2": 0.0441538766026,
        "dvar": 0.000886724563316,
        "dvar2": 0.00201518042013,
        "max": 0.550859093666,
        "mean": 0.226657524705,
        "median": 0.222739562392,
        "min": 0.0555490404367,
        "var": 0.00339868129231
    },
    "melbands_kurtosis": {
        "dmean": 7.48602437973,
        "dmean2": 12.0471410751,
        "dvar": 156.118240356,
        "dvar2": 413.450042725,
        "max": 185.534637451,
        "mean": 13.2812223434,
        "median": 7.86484622955,
        "min": -1.5170416832,
        "var": 279.86730957
    },
    "melbands_skewness": {
        "dmean": 0.762955546379,
        "dmean2": 1.1832896471,
        "dvar": 0.737287759781,
        "dvar2": 1.75117814541,
        "max": 10.8759851456,
        "mean": 2.65007209778,
        "median": 2.34972524643,
        "min": -0.321611315012,
        "var": 2.57477545738
    },
    "melbands_spread": {
        "dmean": 6.45089006424,
        "dmean2": 9.77217769623,
        "dvar": 101.586105347,
        "dvar2": 185.326644897,
        "max": 260.944000244,
        "mean": 20.6806926727,
        "median": 16.7647743225,
        "min": 0.716000080109,
        "var": 412.062072754
    },
    "pitch_salience": {
        "dmean": 0.0711690112948,
        "dmean2": 0.117245189846,
        "dvar": 0.00382571434602,
        "dvar2": 0.00971741788089,
        "max": 0.802068114281,
        "mean": 0.531513810158,
        "median": 0.529858648777,
        "min": 0.236766293645,
        "var": 0.0120313186198
    },
    "silence_rate_20dB": {
        "dmean": 0,
        "dmean2": 0,
        "dvar": 0,
        "dvar2": 0,
        "max": 1,
        "mean": 1,
        "median": 1,
        "min": 1,
        "var": 0
    },
    "silence_rate_30dB": {
        "dmean": 0.0650154799223,
        "dmean2": 0.130131676793,
        "dvar": 0.0607881993055,
        "dvar2": 0.119395308197,
        "max": 1,
        "mean": 0.93348801136,
        "median": 1,
        "min": 0,
        "var": 0.0620887130499
    },
    "silence_rate_60dB": {
        "dmean": 0.0030959751457,
        "dmean2": 0.00619674660265,
        "dvar": 0.00308635365218,
        "dvar2": 0.00770735414699,
        "max": 1,
        "mean": 0.00232018553652,
        "median": 0,
        "min": 0,
        "var": 0.00231487280689
    },
    "spectral_centroid": {
        "dmean": 237.144180298,
        "dmean2": 353.264892578,
        "dvar": 97126.5625,
        "dvar2": 186627.78125,
        "max": 6158.32666016,
        "mean": 1105.45263672,
        "median": 985.80670166,
        "min": 165.415222168,
        "var": 402524.84375
    },
    "spectral_complexity": {
        "dmean": 3.88157892227,
        "dmean2": 5.77691698074,
        "dvar": 27.1105308533,
        "dvar2": 49.6481933594,
        "max": 60,
        "mean": 18.7130699158,
        "median": 17,
        "min": 2,
        "var": 68.3531188965
    },
    "spectral_decrease": {
        "dmean": 4.11762757224e-09,
        "dmean2": 6.34512042907e-09,
        "dvar": 3.96612523466e-17,
        "dvar2": 9.24978441073e-17,
        "max": -5.73101566204e-10,
        "mean": -1.1375488107e-08,
        "median": -9.56613543934e-09,
        "min": -5.78862646705e-08,
        "var": 6.93482549878e-17
    },
    "spectral_energy": {
        "dmean": 0.0158571228385,
        "dmean2": 0.0243822764605,
        "dvar": 0.000575931742787,
        "dvar2": 0.00132988474797,
        "max": 0.22276045382,
        "mean": 0.0456884391606,
        "median": 0.0388224571943,
        "min": 0.00229146773927,
        "var": 0.0010359371081
    },
    "spectral_energyband_high": {
        "dmean": 0.000788617879152,
        "dmean2": 0.00110331736505,
        "dvar": 2.72425222647e-06,
        "dvar2": 5.30809484189e-06,
        "max": 0.0202660057694,
        "mean": 0.00144197396003,
        "median": 0.000374529423425,
        "min": 1.81548813316e-07,
        "var": 8.87266105565e-06
    },
    "spectral_energyband_low": {
        "dmean": 0.0129990400746,
        "dmean2": 0.0210640188307,
        "dvar": 0.000575785466935,
        "dvar2": 0.00142071314622,
        "max": 0.195687428117,
        "mean": 0.0209983643144,
        "median": 0.0117700779811,
        "min": 0.000185811426491,
        "var": 0.000748882186599
    },
    "spectral_energyband_middle_high": {
        "dmean": 0.00205223052762,
        "dmean2": 0.00289406324737,
        "dvar": 8.24985545478e-06,
        "dvar2": 1.59261417139e-05,
        "max": 0.0410404466093,
        "mean": 0.00681670755148,
        "median": 0.00453301984817,
        "min": 3.64993611583e-05,
        "var": 4.77043104183e-05
    },
    "spectral_energyband_middle_low": {
        "dmean": 0.00541593087837,
        "dmean2": 0.00841362494975,
        "dvar": 3.21837760566e-05,
        "dvar2": 7.18465089449e-05,
        "max": 0.0684758275747,
        "mean": 0.0180815476924,
        "median": 0.0162637848407,
        "min": 0.000344936153851,
        "var": 0.000129664331325
    },
    "spectral_entropy": {
        "dmean": 0.200375586748,
        "dmean2": 0.266695857048,
        "dvar": 0.0443673878908,
        "dvar2": 0.0816833898425,
        "max": 8.7184753418,
        "mean": 7.37923717499,
        "median": 7.32863664627,
        "min": 5.76785135269,
        "var": 0.220942541957
    },
    "spectral_flux": {
        "dmean": 0.0338225364685,
        "dmean2": 0.0498725585639,
        "dvar": 0.00126008910593,
        "dvar2": 0.00264798663557,
        "max": 0.407764822245,
        "mean": 0.110952377319,
        "median": 0.0995282381773,
        "min": 0.0227790754288,
        "var": 0.00330283422954
    },
    "spectral_kurtosis": {
        "dmean": 2.15124678612,
        "dmean2": 3.48083853722,
        "dvar": 7.20758390427,
        "dvar2": 18.5518436432,
        "max": 34.7331581116,
        "mean": 5.60431480408,
        "median": 4.86030197144,
        "min": -1.16488075256,
        "var": 17.6394348145
    },
    "spectral_rms": {
        "dmean": 0.0010500268545,
        "dmean2": 0.00156081619207,
        "dvar": 1.5507146145e-06,
        "dvar2": 3.29017439071e-06,
        "max": 0.0147420242429,
        "mean": 0.00633951416239,
        "median": 0.00615431321785,
        "min": 0.00149518495891,
        "var": 4.38465986008e-06
    },
    "spectral_rolloff": {
        "dmean": 622.263916016,
        "dmean2": 988.126525879,
        "dvar": 2143921,
        "dvar2": 4623338,
        "max": 12683.0566406,
        "mean": 1462.80859375,
        "median": 796.728515625,
        "min": 107.666015625,
        "var": 4704630
    },
    "spectral_skewness": {
        "dmean": 0.292151004076,
        "dmean2": 0.44211140275,
        "dvar": 0.090343862772,
        "dvar2": 0.205989167094,
        "max": 4.12460041046,
        "mean": 1.77941870689,
        "median": 1.7796022892,
        "min": -0.179476335645,
        "var": 0.388135701418
    },
    "spectral_spread": {
        "dmean": 810036.125,
        "dmean2": 1069979.75,
        "dvar": 1.61314793062e+12,
        "dvar2": 2.83198567219e+12,
        "max": 16364151,
        "mean": 4817527,
        "median": 4078742.75,
        "min": 1537675.625,
        "var": 5.88302621082e+12
    },
    "spectral_strongpeak": {
        "dmean": 0.628656864166,
        "dmean2": 1.06951642036,
        "dvar": 0.932933330536,
        "dvar2": 2.16633701324,
        "max": 8.42410850525,
        "mean": 1.2278290987,
        "median": 0.519989907742,
        "min": 0,
        "var": 2.38430857658
    },
    "zerocrossingrate": {
        "dmean": 0.0129439886659,
        "dmean2": 0.0138545548543,
        "dvar": 0.00039909244515,
        "dvar2": 0.000360696867574,
        "max": 0.39599609375,
        "mean": 0.0560443401337,
        "median": 0.04150390625,
        "min": 0.00390625,
        "var": 0.0025005559437
    },
    "barkbands": {
        "dmean": [0.00094028719468, 0.0101700611413, 0.00326978764497, 0.00204470939934, 0.00232310034335, 0.00125443644356, 0.00124740274623, 0.0016300646821, 0.00100983423181, 0.000672704016324, 0.000636284297798, 0.000319913116982, 0.000463083473733, 0.000552117067855, 0.00043932555127, 0.000270853750408, 0.00017301083426, 0.000262119487161, 0.000134055488161, 0.000136734757689, 0.000140179748996, 0.000189488695469, 0.000156391310156, 0.000134091358632, 0.000192025065189, 0.000109313063149, 1.09625851508e-07],
        "dmean2": [0.00158309203107, 0.017928455025, 0.00522417575121, 0.00354167004116, 0.00376801122911, 0.00189258309547, 0.0018357115332, 0.00233932561241, 0.00144450378139, 0.000986888422631, 0.000885228975676, 0.000487694866024, 0.000692970585078, 0.000842101871967, 0.000672984519042, 0.000423795339884, 0.000266998045845, 0.000426890299423, 0.00021196391026, 0.000214272949961, 0.0002249571844, 0.000296907674056, 0.000233407859923, 0.000191557686776, 0.000270153192105, 0.000153243061504, 1.95070597897e-07],
        "dvar": [1.93433970708e-06, 0.000390512985177, 4.74417101941e-05, 7.6179539974e-06, 9.96887047222e-06, 2.87378202302e-06, 5.22421851201e-06, 1.05484632513e-05, 4.84874226458e-06, 2.83642066279e-06, 2.40949179897e-06, 4.64650497634e-07, 7.24235576399e-07, 1.11895622013e-06, 8.1372496652e-07, 2.96590457083e-07, 1.27861468968e-07, 1.80433957553e-07, 9.18917066883e-08, 8.27006516602e-08, 1.08932503906e-07, 1.88412712987e-07, 1.49313805764e-07, 1.26978036974e-07, 2.56217617789e-07, 1.23508840488e-07, 2.05206552163e-13],
        "dvar2": [4.82240147903e-06, 0.00108429440297, 0.000103590376966, 2.10561083804e-05, 2.53214784607e-05, 6.78981314195e-06, 1.01117193481e-05, 1.96086293727e-05, 9.57943575486e-06, 5.58186411581e-06, 3.58378451892e-06, 1.06435686575e-06, 1.52281108967e-06, 2.46995637099e-06, 1.7714456817e-06, 6.78736967075e-07, 3.07703288627e-07, 4.76980801523e-07, 2.10385934452e-07, 2.00950367457e-07, 2.7175934747e-07, 4.44031030611e-07, 3.07664038246e-07, 2.31087270208e-07, 4.37697167399e-07, 2.30189542094e-07, 5.54438060133e-13],
        "max": [0.0124043431133, 0.173189386725, 0.0726858749986, 0.0234068278223, 0.0382818356156, 0.0158995725214, 0.0309181883931, 0.0428358279169, 0.035877738148, 0.0221065599471, 0.0349620766938, 0.0100271804258, 0.0212843660265, 0.015473078005, 0.0135590722784, 0.00740993954241, 0.00492007751018, 0.00482964841649, 0.00594062358141, 0.00347903184593, 0.0038222593721, 0.00724176131189, 0.00697702169418, 0.00785119365901, 0.00870283320546, 0.00562376901507, 5.5120262914e-06],
        "mean": [0.000970522174612, 0.0141788451001, 0.00448864651844, 0.00312334462069, 0.00428227614611, 0.00229018833488, 0.00227183266543, 0.00373909296468, 0.00174273655284, 0.00117930246051, 0.00118636072148, 0.000542048015632, 0.00126267469022, 0.000891527102794, 0.000670997076668, 0.000446795718744, 0.000266285031103, 0.000443104945589, 0.000187551224371, 0.000192690757103, 0.000172539745108, 0.000295432109851, 0.000238928885665, 0.000193696818314, 0.000286292081, 0.00014466290304, 7.31379401486e-08],
        "median": [0.000519894936588, 0.00631695706397, 0.00177745742258, 0.00197667814791, 0.00302472710609, 0.00146950013004, 0.000882772263139, 0.000475734384963, 0.000447604106739, 0.000287004484562, 0.000348159286659, 0.000193435087567, 0.000347576948116, 0.000253364385571, 0.000213658553548, 0.000135917245643, 0.000111172397737, 0.000221417154535, 7.22994882381e-05, 5.9568839788e-05, 5.73570287088e-05, 9.86449958873e-05, 4.37706657976e-05, 2.30752048083e-05, 2.71297085419e-05, 9.63462298387e-06, 8.12636791192e-10],
        "min": [1.36687151553e-06, 1.41220516525e-05, 5.34928221896e-06, 3.33999423674e-06, 3.11481780955e-05, 5.20787034475e-06, 1.38869881994e-06, 2.21390996558e-06, 4.33169560665e-07, 1.76415198894e-06, 6.96317420079e-06, 1.08706478841e-06, 1.23292454646e-06, 4.16690483007e-07, 1.06579773274e-06, 2.86681029138e-07, 1.65807000485e-06, 8.55644259445e-07, 2.99423845718e-07, 1.3795606435e-07, 7.8043704832e-08, 3.25817808289e-08, 9.63562207801e-09, 2.02185512777e-09, 1.03858290024e-10, 1.44533976801e-11, 9.83844949953e-12],
        "var": [1.92302150026e-06, 0.00042176572606, 5.74324476474e-05, 1.10648961709e-05, 1.96785913431e-05, 5.6716794461e-06, 1.40307574839e-05, 4.82809155073e-05, 1.44962450577e-05, 5.69596477362e-06, 8.29288183013e-06, 1.007891683e-06, 8.14876966615e-06, 2.84101838588e-06, 1.55205407282e-06, 7.36540187063e-07, 2.23761688289e-07, 3.20989300917e-07, 1.67202813373e-07, 1.27746218936e-07, 1.17360485774e-07, 3.46394784856e-07, 4.1297951725e-07, 3.57709978971e-07, 7.41613121136e-07, 2.68261175052e-07, 1.37991872161e-13]
    },
    "erbbands": {
        "dmean": [0.268882334232, 2.41844296455, 4.12914991379, 5.13690900803, 6.11061048508, 10.3578662872, 8.83179759979, 10.3242826462, 12.5965442657, 29.6645336151, 27.761095047, 20.6214427948, 21.9057502747, 25.1412220001, 14.1776981354, 14.0036458969, 20.756275177, 23.9173488617, 22.0751419067, 17.3346443176, 12.3846101761, 9.04595279694, 14.821928978, 7.54022026062, 6.53426647186, 6.34067153931, 5.22960567474, 6.02615690231, 6.97475624084, 5.87048816681, 4.3821349144, 2.77460050583, 2.46560764313, 1.97242176533, 1.59253287315, 0.627525150776, 0.195758730173, 0.014496518299, 0.000287737813778, 3.06788424496e-05],
        "dmean2": [0.476089119911, 4.24745321274, 6.30149888992, 8.5592212677, 10.3793125153, 16.80418396, 13.7320613861, 16.0431499481, 19.0941410065, 41.8210601807, 42.3562736511, 29.3748035431, 32.1666183472, 34.1586074829, 19.544839859, 20.8248767853, 30.869890213, 36.012714386, 33.570400238, 26.1998901367, 19.278175354, 14.0611381531, 24.1221580505, 11.773519516, 10.0401029587, 9.88813209534, 8.17493629456, 9.85999107361, 10.8707914352, 9.27936458588, 6.494805336, 4.0896654129, 3.41907763481, 2.85351133347, 2.32646489143, 0.866350054741, 0.28926807642, 0.022638304159, 0.000434149987996, 4.55622066511e-05],
        "dvar": [0.308642446995, 21.1807765961, 63.3683853149, 65.4675369263, 65.2750320435, 232.813491821, 177.260452271, 241.191802979, 410.786102295, 2401.02783203, 4627.62890625, 1962.49633789, 2850.71655273, 4912.85107422, 863.936889648, 902.046630859, 1610.85449219, 2215.64331055, 2168.9753418, 1071.80566406, 749.017578125, 337.938446045, 611.650024414, 174.163909912, 267.515045166, 202.202407837, 136.033370972, 216.802093506, 302.189422607, 202.766220093, 113.794021606, 55.0703353882, 45.0464859009, 24.6277732849, 21.009601593, 3.8330283165, 0.464165836573, 0.00239443848841, 8.08367076388e-07, 2.89714563451e-09],
        "dvar2": [0.880730211735, 59.1302032471, 131.348815918, 166.210754395, 177.216598511, 596.089111328, 428.677093506, 630.042358398, 820.961853027, 4483.33935547, 9441.05664062, 4060.84667969, 5939.55859375, 7078.44384766, 1371.05249023, 2103.05395508, 3468.98535156, 4629.26123047, 5098.72949219, 2297.88134766, 1763.38171387, 834.649475098, 1603.93969727, 425.028564453, 580.547607422, 494.492584229, 324.424255371, 566.930297852, 749.700927734, 462.227966309, 226.626159668, 117.925079346, 75.0867233276, 46.8304595947, 40.5925712585, 6.83171367645, 1.02305746078, 0.00565251242369, 1.83519819075e-06, 6.3740115408e-09],
        "max": [4.05715656281, 41.5011901855, 82.2048797607, 88.229598999, 117.837631226, 195.335021973, 159.81867981, 148.271362305, 298.420013428, 687.89453125, 1147.79504395, 627.801086426, 952.219055176, 1309.97167969, 629.915466309, 482.671905518, 1194.10498047, 755.061706543, 549.116943359, 423.586303711, 450.634002686, 220.68536377, 234.366989136, 152.564941406, 355.595550537, 168.663909912, 137.076950073, 144.797515869, 343.324157715, 210.630401611, 192.616485596, 140.293869019, 160.435745239, 84.9966430664, 76.3835525513, 30.7493743896, 11.335185051, 0.633770346642, 0.0124386008829, 0.000772040279116],
        "mean": [0.341472268105, 3.32172107697, 6.15455913544, 8.10605144501, 10.8479747772, 17.7561531067, 16.321023941, 17.1450424194, 22.3473625183, 74.910446167, 60.6112251282, 38.385093689, 44.4657058716, 44.9467964172, 31.3877124786, 28.8035545349, 61.67760849, 46.0180435181, 36.61095047, 31.3278961182, 21.2060375214, 15.3361902237, 25.7336673737, 13.3956727982, 9.07890415192, 9.04726600647, 7.3618388176, 7.39660596848, 10.8374643326, 8.5803155899, 6.68275690079, 3.95154261589, 3.5458843708, 2.80456638336, 2.2130253315, 0.877222537994, 0.233350709081, 0.0156517289579, 0.000355687894626, 7.48301026761e-05],
        "median": [0.149741187692, 1.56731855869, 3.15588474274, 5.41743850708, 8.0777759552, 11.0564613342, 10.6728620529, 10.955824852, 11.7558746338, 20.1527767181, 12.5806188583, 13.3921117783, 13.9869499207, 13.029882431, 10.7207994461, 10.2550315857, 18.3730888367, 16.4224643707, 13.2371101379, 10.2801370621, 7.65510940552, 7.32063579559, 13.242855072, 7.149122715, 2.91013908386, 2.71663594246, 2.47460603714, 2.66674566269, 3.83741140366, 2.00921750069, 1.21519374847, 0.539051234722, 0.407173782587, 0.321191012859, 0.144350364804, 0.0603485666215, 0.0146116195247, 0.000895080855116, 4.63685973955e-05, 5.20348621649e-05],
        "min": [0.000533015350811, 0.00673776958138, 0.0121502354741, 0.0357241034508, 0.202581167221, 0.0859139040112, 0.108826994896, 0.0413573011756, 0.0240696314722, 0.0759464949369, 0.0335365980864, 0.0132565815002, 0.0446042641997, 0.363730311394, 0.141553297639, 0.0572961382568, 0.0651709958911, 0.0200756117702, 0.0552844032645, 0.0472090989351, 0.0806027129292, 0.11633759737, 0.0623320937157, 0.0284636970609, 0.0160615015775, 0.00576778315008, 0.00245753396302, 0.00327936629765, 0.00147220061626, 0.000576476100832, 0.000290187541395, 0.00010616057989, 1.9207567675e-05, 9.61584373727e-06, 9.33026967687e-06, 6.79274717186e-06, 1.97504186872e-06, 4.05562673222e-07, 1.18687580652e-06, 2.57977967522e-06],
        "var": [0.29873919487, 22.7805347443, 88.5033798218, 80.4406890869, 112.560798645, 437.585418701, 346.858337402, 353.500427246, 901.883300781, 13884.3212891, 18955.5292969, 5205.66455078, 6472.65722656, 14909.3701172, 3677.16772461, 2254.37695312, 20856.7988281, 6687.34423828, 3511.38085938, 2776.87402344, 1418.3059082, 571.540771484, 1083.74841309, 321.707244873, 540.074707031, 300.85836792, 184.704986572, 208.698455811, 495.158843994, 418.761932373, 330.786010742, 137.805267334, 127.90914917, 66.107421875, 51.6424255371, 9.35387134552, 0.744063138962, 0.0033491034992, 1.31418948968e-06, 6.56322107773e-09]
    },
    "gfcc": {
        "mean": [25.6433258057, 106.190063477, -103.756439209, 31.5506477356, -54.2931900024, 22.623380661, -39.329372406, 10.1922645569, -20.5694465637, 7.03523683548, -17.2460231781, 2.98640847206, -14.3918323517],
        "cov": [[3037.27099609, -1261.99060059, 68.0320129395, 251.555053711, -281.401397705, 226.961929321, -75.4907531738, 240.217300415, -109.852920532, 212.658599854, -226.132278442, 88.7061309814, -56.5656738281], [-1261.99060059, 1580.95117188, -556.217956543, -232.840408325, 294.803131104, -279.651885986, 234.758834839, -57.3250579834, 156.243026733, -158.510223389, 205.157394409, -124.712493896, 54.2786560059], [68.0320129395, -556.217956543, 770.047302246, 146.668029785, -0.194783195853, 180.711380005, -98.2810897827, 7.89100646973, -89.1518478394, 53.4732894897, -50.3259162903, 91.2379837036, -37.7241516113], [251.555053711, -232.840408325, 146.668029785, 338.838287354, 11.9215860367, 2.59800553322, -22.1658763885, 4.93532419205, 47.7366218567, 25.6406803131, -28.2816677094, -8.03585624695, 52.3045310974], [-281.401397705, 294.803131104, -0.194783195853, 11.9215860367, 236.098098755, -27.919834137, 61.2031860352, 14.0467233658, 9.56006813049, -33.4241790771, 40.2395553589, -2.07168626785, 16.5271549225], [226.961929321, -279.651885986, 180.711380005, 2.59800553322, -27.919834137, 223.318740845, -0.395530968904, -4.46322917938, -60.3537521362, 12.889377594, -1.99405729771, 42.3169708252, -11.6492357254], [-75.4907531738, 234.758834839, -98.2810897827, -22.1658763885, 61.2031860352, -0.395530968904, 188.184173584, 31.7486190796, -3.7482779026, -21.6008987427, 47.1218910217, -13.5241193771, 7.78372716904], [240.217300415, -57.3250579834, 7.89100646973, 4.93532419205, 14.0467233658, -4.46322917938, 31.7486190796, 131.596038818, 21.7858085632, 12.1960401535, -11.7970275879, 6.61556529999, -15.9118099213], [-109.852920532, 156.243026733, -89.1518478394, 47.7366218567, 9.56006813049, -60.3537521362, -3.7482779026, 21.7858085632, 182.433242798, 2.61634111404, -8.47794342041, -45.954410553, 14.3071908951], [212.658599854, -158.510223389, 53.4732894897, 25.6406803131, -33.4241790771, 12.889377594, -21.6008987427, 12.1960401535, 2.61634111404, 100.6717453, -10.7246685028, 3.31118631363, -6.2239575386], [-226.132278442, 205.157394409, -50.3259162903, -28.2816677094, 40.2395553589, -1.99405729771, 47.1218910217, -11.7970275879, -8.47794342041, -10.7246685028, 127.165672302, 14.4578580856, -6.19663619995], [88.7061309814, -124.712493896, 91.2379837036, -8.03585624695, -2.07168626785, 42.3169708252, -13.5241193771, 6.61556529999, -45.954410553, 3.31118631363, 14.4578580856, 108.76537323, -10.0369205475], [-56.5656738281, 54.2786560059, -37.7241516113, 52.3045310974, 16.5271549225, -11.6492357254, 7.78372716904, -15.9118099213, 14.3071908951, -6.2239575386, -6.19663619995, -10.0369205475, 94.3781661987]],
        "icov": [[0.00092506519286, 5.15788597113e-05, 0.000813802180346, -0.00101750181057, 0.000517185835633, -0.00100655085407, 0.000168619735632, -0.00159134319983, 0.000875086057931, -0.00133341841865, 0.00132074893918, -0.000633114425, 0.000715747941285], [5.15788597113e-05, 0.00358370691538, 0.00024873871007, 0.00235051265918, -0.00260336813517, 0.00267863017507, -0.00222646980546, 0.00186920748092, -0.00241008377634, 0.00243970635347, -0.00343270692974, 0.00177899398841, -0.0014580351999], [0.000813802180346, 0.00024873871007, 0.00305153802037, -0.00186563294847, -0.000374962575734, -0.00220096576959, 0.00100205827039, -0.00140962109435, 0.0013333564857, -0.00163806392811, 0.0016209310852, -0.00146077992395, 0.00171298836358], [-0.00101750181057, 0.00235051265918, -0.00186563294847, 0.00677665276453, -0.00237121013924, 0.00331753585488, -0.00178664398845, 0.00297750136815, -0.00378187326714, 0.00253780581988, -0.00359416869469, 0.00226250872947, -0.00424364116043], [0.000517185835633, -0.00260336813517, -0.000374962575734, -0.00237121013924, 0.00750881480053, -0.00160889246035, 0.000315588200465, -0.00282658101059, 0.00205797702074, -0.0010430731345, 0.00191968795843, -0.00159225135576, 0.00053133466281], [-0.00100655085407, 0.00267863017507, -0.00220096576959, 0.00331753585488, -0.00160889246035, 0.00937850028276, -0.00297484686598, 0.00352150085382, -0.00191334285773, 0.00328840827569, -0.00425143912435, 0.00117077410687, -0.002231458202], [0.000168619735632, -0.00222646980546, 0.00100205827039, -0.00178664398845, 0.000315588200465, -0.00297484686598, 0.00884415023029, -0.00377679802477, 0.00257480703294, -0.00110731541645, 0.000224444025662, -2.93296143354e-05, 0.000531891244464], [-0.00159134319983, 0.00186920748092, -0.00140962109435, 0.00297750136815, -0.00282658101059, 0.00352150085382, -0.00377679802477, 0.0128642134368, -0.0043177511543, 0.00237199268304, -0.00235717417672, 0.000573769968469, -0.000115153859952], [0.000875086057931, -0.00241008377634, 0.0013333564857, -0.00378187326714, 0.00205797702074, -0.00191334285773, 0.00257480703294, -0.0043177511543, 0.00971978344023, -0.00317719997838, 0.00350993685424, 0.000374928844394, 0.00158992130309], [-0.00133341841865, 0.00243970635347, -0.00163806392811, 0.00253780581988, -0.0010430731345, 0.00328840827569, -0.00110731541645, 0.00237199268304, -0.00317719997838, 0.0149119310081, -0.00470680138096, 0.00253229495138, -0.00175842212047], [0.00132074893918, -0.00343270692974, 0.0016209310852, -0.00359416869469, 0.00191968795843, -0.00425143912435, 0.000224444025662, -0.00235717417672, 0.00350993685424, -0.00470680138096, 0.0151854529977, -0.00482083344832, 0.00377062382177], [-0.000633114425, 0.00177899398841, -0.00146077992395, 0.00226250872947, -0.00159225135576, 0.00117077410687, -2.93296143354e-05, 0.000573769968469, 0.000374928844394, 0.00253229495138, -0.00482083344832, 0.013200270012, -0.00152041774709], [0.000715747941285, -0.0014580351999, 0.00171298836358, -0.00424364116043, 0.00053133466281, -0.002231458202, 0.000531891244464, -0.000115153859952, 0.00158992130309, -0.00175842212047, 0.00377062382177, -0.00152041774709, 0.0141968661919]]
    },
    "melbands": {
        "dmean": [0.00265586283058, 0.00246854638681, 0.00088778231293, 0.000561200897209, 0.000323412299622, 0.000233672908507, 0.000215746229514, 0.000340229569701, 0.000217989290832, 0.000136783433845, 0.000109949876787, 9.92113782559e-05, 6.16943143541e-05, 3.42742714565e-05, 4.77305839013e-05, 4.37019261881e-05, 5.24468123331e-05, 3.98133815906e-05, 3.66955318896e-05, 2.0629944629e-05, 1.43236602526e-05, 9.54607094172e-06, 1.26678223751e-05, 1.30058533614e-05, 6.01484089202e-06, 5.12741826242e-06, 4.65130096927e-06, 4.39335781266e-06, 3.46127330886e-06, 3.25339487972e-06, 3.78845743398e-06, 3.86673673347e-06, 4.18960644311e-06, 3.20168192047e-06, 2.74435546999e-06, 2.29455417866e-06, 1.52338463977e-06, 1.78213599611e-06, 1.84060843367e-06, 1.77094307219e-06],
        "dmean2": [0.00470621231943, 0.00380842550658, 0.00148107204586, 0.000916895980481, 0.00051618803991, 0.000358061195584, 0.000325275788782, 0.000480941787828, 0.000327352958266, 0.000193939573364, 0.000163291420904, 0.000137151044328, 8.48167255754e-05, 5.04890813318e-05, 7.03419427737e-05, 6.6887223511e-05, 7.87587850937e-05, 6.22917723376e-05, 5.58651408937e-05, 3.23565946019e-05, 2.29433226195e-05, 1.48829658428e-05, 2.10012676689e-05, 2.0944778953e-05, 9.33492174227e-06, 8.2137858044e-06, 7.26001599105e-06, 6.91846071277e-06, 5.4177153288e-06, 5.24051029061e-06, 6.25671100352e-06, 6.05306058787e-06, 6.78247261021e-06, 5.04148374603e-06, 4.14625628764e-06, 3.4636084365e-06, 2.30057707995e-06, 2.54585279436e-06, 2.73296313935e-06, 2.66923461822e-06],
        "dvar": [2.71841836366e-05, 1.97492699954e-05, 1.51987910613e-06, 5.90850390836e-07, 2.08892629416e-07, 1.11467784336e-07, 1.29965286533e-07, 3.17345097756e-07, 3.01319232676e-07, 8.71382397349e-08, 7.16307155813e-08, 7.76223600951e-08, 1.91069116084e-08, 4.228785766e-09, 1.00293933158e-08, 6.01624483565e-09, 1.15648388643e-08, 8.09496381038e-09, 6.11497918968e-09, 1.75593173335e-09, 1.20040044571e-09, 4.10788514316e-10, 5.27554555596e-10, 4.92944907116e-10, 1.09675206417e-10, 1.88592030881e-10, 1.21680943099e-10, 9.39848407433e-11, 5.38884527279e-11, 6.73531022621e-11, 8.3216947222e-11, 8.4921521204e-11, 1.05705000308e-10, 6.5174574071e-11, 4.70846660272e-11, 3.46246746552e-11, 1.8955273115e-11, 2.7928949084e-11, 2.21272965228e-11, 2.32065981015e-11],
        "dvar2": [7.76728847995e-05, 4.37771996076e-05, 3.8440384742e-06, 1.48433230152e-06, 5.29423971329e-07, 2.81667752233e-07, 2.49919224871e-07, 5.64167635275e-07, 6.12516146248e-07, 1.78063913836e-07, 1.47070053913e-07, 1.14604823409e-07, 2.81617289488e-08, 9.3029468573e-09, 1.94011438026e-08, 1.43784530948e-08, 2.43998243832e-08, 1.89999447286e-08, 1.25004362417e-08, 3.94984933649e-09, 2.88350787692e-09, 9.55066692399e-10, 1.39412570377e-09, 1.29623711764e-09, 2.66421246176e-10, 4.13846901193e-10, 2.75470535271e-10, 2.32028229963e-10, 1.3122566922e-10, 1.66441027627e-10, 2.18086507187e-10, 2.11977699283e-10, 2.51901582926e-10, 1.53169449346e-10, 9.42359662526e-11, 7.60252416576e-11, 4.07327609142e-11, 4.96834309804e-11, 4.15395252917e-11, 4.85718167076e-11],
        "max": [0.0437501817942, 0.0396175198257, 0.0128766987473, 0.0103330854326, 0.00573863554746, 0.00310734659433, 0.00483465753496, 0.00813153292984, 0.00898445677012, 0.00363764585927, 0.00465721311048, 0.00521247275174, 0.00270656845532, 0.00101429538336, 0.00191093585454, 0.00244828104042, 0.00170867261477, 0.000917475495953, 0.00142865895759, 0.000672505469993, 0.000577549100854, 0.000284426525468, 0.000286259601125, 0.000250562530709, 0.00012904353207, 0.000275532831438, 0.000162722106325, 0.000117810966913, 7.32214248274e-05, 0.00010501484212, 0.000107895117253, 0.000180893039214, 0.000153115484864, 0.000145102778333, 0.000128637067974, 9.73746791715e-05, 6.7564244091e-05, 0.000123707141029, 9.61354162428e-05, 7.92255887063e-05],
        "mean": [0.00358110945672, 0.00382256205194, 0.00148600956891, 0.00105677347165, 0.000604442844633, 0.000397564959712, 0.000381714024115, 0.000861700449605, 0.000456421170384, 0.000238420936512, 0.000213565290323, 0.000169110920979, 0.000122058627312, 6.41048754915e-05, 0.000114289701742, 0.000114246664452, 8.74124889378e-05, 5.6887154642e-05, 5.63417161175e-05, 3.55692136509e-05, 2.13694293052e-05, 1.42633762152e-05, 2.15500404011e-05, 2.10312791751e-05, 9.76536921371e-06, 6.72346777719e-06, 6.04669276072e-06, 6.08793379797e-06, 4.86788030685e-06, 3.75834906663e-06, 4.46134299636e-06, 6.06711728324e-06, 5.83608016314e-06, 4.39409222963e-06, 4.11057908423e-06, 3.11674330078e-06, 2.05287619792e-06, 2.4445228064e-06, 2.46715853791e-06, 2.31780131799e-06],
        "median": [0.00159633706789, 0.00202096789144, 0.00106198329013, 0.000744225282688, 0.000424219440902, 0.000253049627645, 0.000182011746801, 0.00020958094683, 8.13511505839e-05, 7.06027276465e-05, 5.4470019677e-05, 4.29424908361e-05, 4.00660683226e-05, 2.48715750786e-05, 3.11494804919e-05, 3.49860856659e-05, 2.58789532381e-05, 1.86258766917e-05, 1.74170090759e-05, 9.27743622015e-06, 7.35895127946e-06, 5.93464756093e-06, 1.00726183518e-05, 1.07005098471e-05, 4.58900831291e-06, 2.02022965823e-06, 1.40716565511e-06, 1.61766990914e-06, 1.58567377184e-06, 9.58251234806e-07, 1.54876443048e-06, 2.1572272999e-06, 1.65785036188e-06, 8.8079661964e-07, 6.95179153354e-07, 4.88126318032e-07, 2.12091634921e-07, 2.22940286676e-07, 3.22117926999e-07, 2.25390280661e-07],
        "min": [5.29375802216e-06, 5.09994561071e-06, 6.054669484e-06, 1.45335989146e-05, 3.21792458635e-06, 8.87486123702e-07, 3.36089101438e-07, 9.14365330118e-07, 2.12745987938e-07, 6.77855780395e-08, 1.23139557218e-07, 1.30794342112e-06, 9.03075772385e-07, 4.3865419741e-08, 1.89782042526e-07, 6.91531951702e-08, 2.69829065758e-08, 7.13654344509e-08, 7.26738633716e-08, 2.16667341846e-08, 8.17883929471e-08, 6.44284341433e-08, 3.29767857465e-08, 5.22726715246e-08, 1.29008697058e-08, 3.62234220397e-09, 6.26165830298e-09, 3.04215164171e-09, 1.58984758691e-09, 1.470569444e-09, 1.31254462854e-09, 8.96067775535e-10, 4.10229350489e-10, 2.34045588465e-10, 1.74117428808e-10, 1.12643706862e-10, 2.74214245061e-11, 3.89805245374e-12, 1.03242251987e-12, 3.66555473041e-13],
