{
"highlevel": {
    "danceability": {
        "all": {
            "danceable": 0.228712126613,
            "not_danceable": 0.771287858486
        },
        "probability": 0.771287858486,
        "value": "not_danceable"
    },
    "gender": {
        "all": {
            "female": 0.875533759594,
            "male": 0.124466262758
        },
        "probability": 0.875533759594,
        "value": "female"
    },
    "genre_dortmund": {
        "all": {
            "alternative": 0.0580070130527,
            "blues": 0.0920684784651,
            "electronic": 0.0318517647684,
            "folkcountry": 0.179457426071,
            "funksoulrnb": 0.138861298561,
            "jazz": 0.300147086382,
            "pop": 0.0795502215624,
            "raphiphop": 0.0124727422372,
            "rock": 0.107583969831
        },
        "probability": 0.300147086382,
        "value": "jazz"
    },
    "genre_electronic": {
        "all": {
            "ambient": 0.847844302654,
            "dnb": 0.0454987287521,
            "house": 0.0786805897951,
            "techno": 0.00893901009113,
            "trance": 0.0190373957157
        },
        "probability": 0.847844302654,
        "value": "ambient"
    },
    "genre_rosamerica": {
        "all": {
            "cla": 0.009481058456,
            "dan": 0.00110906816553,
            "hip": 0.00236579636112,
            "jaz": 0.125878423452,
            "pop": 0.138362824917,
            "rhy": 0.715407907963,
            "roc": 0.00553931528702,
            "spe": 0.00185558479279
        },
        "probability": 0.715407907963,
        "value": "rhy"
    },
    "genre_tzanetakis": {
        "all": {
            "blu": 0.0514711923897,
            "cla": 0.0343172624707,
            "cou": 0.102957598865,
            "dis": 0.102972343564,
            "hip": 0.154464527965,
            "jaz": 0.308918893337,
            "met": 0.0441242903471,
            "pop": 0.0617748275399,
            "reg": 0.0617764480412,
            "roc": 0.0772226303816
        },
        "probability": 0.308918893337,
        "value": "jaz"
    },
    "ismir04_rhythm": {
        "all": {
            "ChaChaCha": 0.0317718498409,
            "Jive": 0.0152246328071,
            "Quickstep": 0.0703448057175,
            "Rumba-American": 0.044656727463,
            "Rumba-International": 0.303740888834,
            "Rumba-Misc": 0.0268761012703,
            "Samba": 0.0351086556911,
            "Tango": 0.112989462912,
            "VienneseWaltz": 0.303047269583,
            "Waltz": 0.056239631027
        },
        "probability": 0.303740888834,
        "value": "Rumba-International"
    },
    "mood_acoustic": {
        "all": {
            "acoustic": 0.888972640038,
            "not_acoustic": 0.111027337611
        },
        "probability": 0.888972640038,
        "value": "acoustic"
    },
    "mood_aggressive": {
        "all": {
            "aggressive": 1.1213270227e-05,
            "not_aggressive": 0.999988794327
        },
        "probability": 0.999988794327,
        "value": "not_aggressive"
    },
    "mood_electronic": {
        "all": {
            "electronic": 0.404159069061,
            "not_electronic": 0.595840930939
        },
        "probability": 0.595840930939,
        "value": "not_electronic"
    },
    "mood_happy": {
        "all": {
            "happy": 0.342458933592,
            "not_happy": 0.657541036606
        },
        "probability": 0.657541036606,
        "value": "not_happy"
    },
    "mood_party": {
        "all": {
            "not_party": 0.987674057484,
            "party": 0.012325944379
        },
        "probability": 0.987674057484,
        "value": "not_party"
    },
    "mood_relaxed": {
        "all": {
            "not_relaxed": 0.196385294199,
            "relaxed": 0.803614735603
        },
        "probability": 0.803614735603,
        "value": "relaxed"
    },
    "mood_sad": {
        "all": {
            "not_sad": 0.187028467655,
            "sad": 0.812971532345
        },
        "probability": 0.812971532345,
        "value": "sad"
    },
    "moods_mirex": {
        "all": {
            "Cluster1": 0.119648084044,
            "Cluster2": 0.152272969484,
            "Cluster3": 0.563813567162,
            "Cluster4": 0.126842752099,
            "Cluster5": 0.0374226570129
        },
        "probability": 0.563813567162,
        "value": "Cluster3"
    },
    "timbre": {
        "all": {
            "bright": 0.469797611237,
            "dark": 0.530202388763
        },
        "probability": 0.530202388763,
        "value": "dark"
    },
    "tonal_atonal": {
        "all": {
            "atonal": 0.0110801765695,
            "tonal": 0.988919794559
        },
        "probability": 0.988919794559,
        "value": "tonal"
    },
    "voice_instrumental": {
        "all": {
            "instrumental": 0.000373799382942,
            "voice": 0.999626219273
        },
        "probability": 0.999626219273,
        "value": "voice"
    }
},
"lowlevel": {
    "average_loudness": 0.759675323963,
    "barkbands_crest": {
        "dmean": 2.50126624107,
        "dmean2": 3.78538894653,
        "dvar": 4.95521831512,
        "dvar2": 10.9055128098,
        "max": 23.6485710144,
        "mean": 10.6324872971,
        "median": 9.54251480103,
        "min": 2.78242683411,
        "var": 18.5779762268
    },
    "barkbands_flatness_db": {
        "dmean": 0.0198790319264,
        "dmean2": 0.029300885275,
        "dvar": 0.00031224056147,
        "dvar2": 0.000717129500117,
        "max": 0.327897816896,
        "mean": 0.196185708046,
        "median": 0.194769755006,
        "min": 0.0850090831518,
        "var": 0.00145945348777
    },
    "barkbands_kurtosis": {
        "dmean": 2.98946332932,
        "dmean2": 4.53682518005,
        "dvar": 26.4689369202,
        "dvar2": 58.0535926819,
        "max": 107.591552734,
        "mean": 5.37270832062,
        "median": 3.4871764183,
        "min": -1.71052253246,
        "var": 57.6426239014
    },
    "barkbands_skewness": {
        "dmean": 0.487198829651,
        "dmean2": 0.718850314617,
        "dvar": 0.261537641287,
        "dvar2": 0.526794552803,
        "max": 8.54213523865,
        "mean": 1.43224573135,
        "median": 1.30891120434,
        "min": -1.66624486446,
        "var": 1.28223264217
    },
    "barkbands_spread": {
        "dmean": 3.30013465881,
        "dmean2": 4.77198648453,
        "dvar": 20.4028778076,
        "dvar2": 34.9976501465,
        "max": 77.8125152588,
        "mean": 12.5720872879,
        "median": 9.94601631165,
        "min": 1.59147059917,
        "var": 89.1958312988
    },
    "dissonance": {
        "dmean": 0.0323227271438,
        "dmean2": 0.0534278452396,
        "dvar": 0.00078331498662,
        "dvar2": 0.00211422145367,
        "max": 0.497790157795,
        "mean": 0.428733468056,
        "median": 0.435505121946,
        "min": 0.167637631297,
        "var": 0.00165492028464
    },
    "dynamic_complexity": 3.08152151108,
    "erbbands_crest": {
        "dmean": 2.85557842255,
        "dmean2": 4.50262880325,
        "dvar": 6.57910251617,
        "dvar2": 15.6572275162,
        "max": 29.1767845154,
        "mean": 11.2787179947,
        "median": 10.0676794052,
        "min": 3.16073465347,
        "var": 25.7630748749
    },
    "erbbands_flatness_db": {
        "dmean": 0.019159078598,
        "dmean2": 0.027447829023,
        "dvar": 0.000367668981198,
        "dvar2": 0.000675523537211,
        "max": 0.353867262602,
        "mean": 0.208412796259,
        "median": 0.211823046207,
        "min": 0.0812167450786,
        "var": 0.00195051904302
    },
    "erbbands_kurtosis": {
        "dmean": 1.6273034811,
        "dmean2": 2.53145909309,
        "dvar": 4.06360387802,
        "dvar2": 9.13965988159,
        "max": 27.2910633087,
        "mean": 2.71008658409,
        "median": 2.04296588898,
        "min": -1.85895264149,
        "var": 12.7963647842
    },
    "erbbands_skewness": {
        "dmean": 0.399851262569,
        "dmean2": 0.604112803936,
        "dvar": 0.131022825837,
        "dvar2": 0.286667197943,
        "max": 3.97682237625,
        "mean": 0.971487164497,
        "median": 0.940399587154,
        "min": -2.66890287399,
        "var": 0.628580331802
    },
    "erbbands_spread": {
        "dmean": 6.38373374939,
        "dmean2": 8.96680927277,
        "dvar": 74.8163604736,
        "dvar2": 120.99105835,
        "max": 132.812957764,
        "mean": 26.7551689148,
        "median": 18.9748535156,
        "min": 2.9627802372,
        "var": 434.434844971
    },
    "hfc": {
        "dmean": 4.06999731064,
        "dmean2": 5.54117059708,
        "dvar": 37.3429298401,
        "dvar2": 63.3025016785,
        "max": 128.024139404,
        "mean": 16.4865188599,
        "median": 10.6200990677,
        "min": 0.537511527538,
        "var": 292.412353516
    },
    "melbands_crest": {
        "dmean": 2.84605669975,
        "dmean2": 4.37845230103,
        "dvar": 6.81667661667,
        "dvar2": 15.0915412903,
        "max": 33.2511711121,
        "mean": 12.7150096893,
        "median": 11.6083745956,
        "min": 4.64555025101,
        "var": 25.0906238556
    },
    "melbands_flatness_db": {
        "dmean": 0.0216804984957,
        "dmean2": 0.0306919906288,
        "dvar": 0.000416466093156,
        "dvar2": 0.000849455187563,
        "max": 0.418544948101,
        "mean": 0.244625598192,
        "median": 0.242062568665,
        "min": 0.0923192203045,
        "var": 0.00299397506751
    },
    "melbands_kurtosis": {
        "dmean": 5.43051624298,
        "dmean2": 8.23059844971,
        "dvar": 135.205093384,
        "dvar2": 295.678436279,
        "max": 259.40234375,
        "mean": 10.4638338089,
        "median": 5.38739109039,
        "min": -1.20601844788,
        "var": 283.796966553
    },
    "melbands_skewness": {
        "dmean": 0.576338708401,
        "dmean2": 0.844779908657,
        "dvar": 0.456017941236,
        "dvar2": 0.867231488228,
        "max": 11.9882087708,
        "mean": 1.89154827595,
        "median": 1.59002411366,
        "min": -1.51148629189,
        "var": 2.36034703255
    },
    "melbands_spread": {
        "dmean": 3.8378944397,
        "dmean2": 5.60341072083,
        "dvar": 38.7001152039,
        "dvar2": 65.7818527222,
        "max": 193.251693726,
        "mean": 15.0528564453,
        "median": 12.3814735413,
        "min": 1.19153952599,
        "var": 148.165039062
    },
    "pitch_salience": {
        "dmean": 0.0632129386067,
        "dmean2": 0.0980726853013,
        "dvar": 0.00261401524767,
        "dvar2": 0.0064512565732,
        "max": 0.81548166275,
        "mean": 0.569164693356,
        "median": 0.577090442181,
        "min": 0.16666932404,
        "var": 0.00966602284461
    },
    "silence_rate_20dB": {
        "dmean": 0,
        "dmean2": 0,
        "dvar": 0,
        "dvar2": 0,
        "max": 1,
        "mean": 1,
        "median": 1,
        "min": 1,
        "var": 0
    },
    "silence_rate_30dB": {
        "dmean": 0.0030959751457,
        "dmean2": 0.00619674660265,
        "dvar": 0.00308638741262,
        "dvar2": 0.00615835329518,
        "max": 1,
        "mean": 0.996133029461,
        "median": 1,
        "min": 0,
        "var": 0.00385201955214
    },
    "silence_rate_60dB": {
        "dmean": 0.0123839005828,
        "dmean2": 0.0247869864106,
        "dvar": 0.0122306644917,
        "dvar2": 0.0319183282554,
        "max": 1,
        "mean": 0.0154679045081,
        "median": 0,
        "min": 0,
        "var": 0.0152280516922
    },
    "spectral_centroid": {
        "dmean": 133.042129517,
        "dmean2": 189.296585083,
        "dvar": 30031.1542969,
        "dvar2": 50713.6835938,
        "max": 4469.68603516,
        "mean": 819.709899902,
        "median": 712.800842285,
        "min": 241.877700806,
        "var": 185033.671875
    },
    "spectral_complexity": {
        "dmean": 1.96904027462,
        "dmean2": 3.17660737038,
        "dvar": 4.43556690216,
        "dvar2": 11.5753211975,
        "max": 35,
        "mean": 13.401391983,
        "median": 13,
        "min": 3,
        "var": 20.9781417847
    },
    "spectral_decrease": {
        "dmean": 1.64233093791e-09,
        "dmean2": 2.38735653468e-09,
        "dvar": 5.96224340903e-18,
        "dvar2": 1.11246941556e-17,
        "max": -3.11400127906e-10,
        "mean": -6.37778496682e-09,
        "median": -4.83836881671e-09,
        "min": -3.0219243996e-08,
        "var": 2.73900312681e-17
    },
    "spectral_energy": {
        "dmean": 0.0064962124452,
        "dmean2": 0.00940941181034,
        "dvar": 9.02402971406e-05,
        "dvar2": 0.000168140104506,
        "max": 0.120401710272,
        "mean": 0.0255665946752,
        "median": 0.0193775482476,
        "min": 0.00135179865174,
        "var": 0.000437307840912
    },
    "spectral_energyband_high": {
        "dmean": 0.000129291729536,
        "dmean2": 0.000173432388692,
        "dvar": 1.0114683846e-07,
        "dvar2": 1.93896397604e-07,
        "max": 0.00665376428515,
        "mean": 0.000305612309603,
        "median": 0.000134756788611,
        "min": 6.75286173646e-07,
        "var": 3.11573245426e-07
    },
    "spectral_energyband_low": {
        "dmean": 0.00252043874934,
        "dmean2": 0.00379232666455,
        "dvar": 6.79106960888e-05,
        "dvar2": 0.000124469603179,
        "max": 0.0979624167085,
        "mean": 0.00541255110875,
        "median": 0.00238246051595,
        "min": 3.30911570927e-05,
        "var": 0.000151179629029
    },
    "spectral_energyband_middle_high": {
        "dmean": 0.0018927360652,
        "dmean2": 0.00258629280142,
        "dvar": 1.66268728208e-05,
        "dvar2": 2.72478373518e-05,
        "max": 0.0875379741192,
        "mean": 0.00593281909823,
        "median": 0.0019202925032,
        "min": 1.73602093128e-05,
        "var": 0.00011200721201
    },
    "spectral_energyband_middle_low": {
        "dmean": 0.00426122639328,
        "dmean2": 0.00634022988379,
        "dvar": 2.41777543124e-05,
        "dvar2": 4.83240910398e-05,
        "max": 0.0902623310685,
        "mean": 0.0149801038206,
        "median": 0.0119202304631,
        "min": 0.000698957534041,
        "var": 0.000157293063239
    },
    "spectral_entropy": {
        "dmean": 0.184039235115,
        "dmean2": 0.258576273918,
        "dvar": 0.0352311432362,
        "dvar2": 0.0655716061592,
        "max": 8.45171833038,
        "mean": 6.9319601059,
        "median": 6.91885709763,
        "min": 5.71020269394,
        "var": 0.186626583338
    },
    "spectral_flux": {
        "dmean": 0.0206441003829,
        "dmean2": 0.0342904366553,
        "dvar": 0.00066510331817,
        "dvar2": 0.00153806747403,
        "max": 0.2731102705,
        "mean": 0.0678282380104,
        "median": 0.0599059611559,
        "min": 0.0132181420922,
        "var": 0.00148516357876
    },
    "spectral_kurtosis": {
        "dmean": 3.04267048836,
        "dmean2": 4.82466316223,
        "dvar": 13.0986051559,
        "dvar2": 32.3862609863,
        "max": 61.058921814,
        "mean": 7.89941167831,
        "median": 6.36360263824,
        "min": -1.31163752079,
        "var": 45.3408927917
    },
    "spectral_rms": {
        "dmean": 0.000615094206296,
        "dmean2": 0.000887483067345,
        "dvar": 5.25927248418e-07,
        "dvar2": 9.45712713474e-07,
        "max": 0.010838130489,
        "mean": 0.00463569024578,
        "median": 0.00434797955677,
        "min": 0.00114840234164,
        "var": 3.45337230101e-06
    },
    "spectral_rolloff": {
        "dmean": 217.681304932,
        "dmean2": 352.753112793,
        "dvar": 304928.15625,
        "dvar2": 595600,
        "max": 8441.015625,
        "mean": 946.546020508,
        "median": 710.595703125,
        "min": 64.599609375,
        "var": 767545.9375
    },
    "spectral_skewness": {
        "dmean": 0.325145542622,
        "dmean2": 0.488885968924,
        "dvar": 0.104814141989,
        "dvar2": 0.219540461898,
        "max": 6.23082399368,
        "mean": 2.15609955788,
        "median": 2.06420588493,
        "min": -0.307991504669,
        "var": 0.628343999386
    },
    "spectral_spread": {
        "dmean": 578102.8125,
        "dmean2": 786299.8125,
        "dvar": 698126630912,
        "dvar2": 1.191329792e+12,
        "max": 18034176,
        "mean": 3915679.75,
        "median": 3422186.5,
        "min": 1238260.125,
        "var": 2.87292260352e+12
    },
    "spectral_strongpeak": {
        "dmean": 0.590158820152,
        "dmean2": 0.904049694538,
        "dvar": 0.807876050472,
        "dvar2": 1.61587905884,
        "max": 14.4588193893,
        "mean": 1.54373073578,
        "median": 0.815035164356,
        "min": 0.0352389477193,
        "var": 3.68550348282
    },
    "zerocrossingrate": {
        "dmean": 0.00665226532146,
        "dmean2": 0.00758254248649,
        "dvar": 8.77323109307e-05,
        "dvar2": 7.86518357927e-05,
        "max": 0.27099609375,
        "mean": 0.0416961237788,
        "median": 0.03564453125,
        "min": 0.00927734375,
        "var": 0.000638504803646
    },
    "barkbands": {
        "dmean": [0.000183962620213, 0.00188629468903, 0.000809898599982, 0.000557042018045, 0.00172859115992, 0.00104867166374, 0.000788919394836, 0.000638647994492, 0.00159416021779, 0.00112780311611, 0.000426139129559, 0.000326400651829, 0.000384440965718, 0.000368185981642, 0.000139118274092, 0.000127110397443, 7.62950221542e-05, 9.38901575864e-05, 5.69466392335e-05, 6.14259333815e-05, 1.7870514057e-05, 1.92906063603e-05, 3.5444059904e-05, 3.37203127856e-05, 1.14900240078e-05, 2.45981186708e-06, 6.59605170483e-09],
        "dmean2": [0.0002591086959, 0.00254443450831, 0.00140911480412, 0.000918203964829, 0.00260042748414, 0.00169572641607, 0.00126980233472, 0.000901088875253, 0.00233089644462, 0.00153638375923, 0.000673418981023, 0.000497400644235, 0.000591289717704, 0.000569563708268, 0.000220722446102, 0.000179637572728, 0.000112516361696, 0.000145627142047, 7.98244727775e-05, 9.04260305106e-05, 2.79627092823e-05, 2.77407689282e-05, 5.006470019e-05, 4.66427372885e-05, 1.7387974367e-05, 3.84629856853e-06, 7.5372579289e-09],
        "dvar": [6.69253608976e-07, 3.90781133319e-05, 1.05146646092e-05, 1.90317314264e-06, 5.30923853148e-06, 2.97773794955e-06, 2.19892194764e-06, 2.08119377021e-06, 1.35449727168e-05, 9.16805220186e-06, 1.18704747365e-06, 8.4729072114e-07, 1.4077280639e-06, 3.9550773181e-06, 4.73195314044e-07, 2.22690701435e-07, 5.64333966224e-08, 6.82704524024e-08, 3.3480116457e-08, 3.57356135794e-08, 1.32057975666e-09, 2.60255306195e-09, 7.64056640179e-09, 2.06072137132e-08, 2.70782196665e-09, 4.77696736334e-11, 2.09653918981e-14],
        "dvar2": [1.18763227874e-06, 6.05677596468e-05, 2.96360831271e-05, 5.17233638675e-06, 1.17498329928e-05, 7.3775772762e-06, 5.58881311008e-06, 3.88888247471e-06, 2.41143825406e-05, 1.42483786476e-05, 2.97133965432e-06, 1.74305387191e-06, 2.84458565147e-06, 7.51746347305e-06, 1.07304606445e-06, 3.44775799022e-07, 1.14997042999e-07, 1.59973694736e-07, 3.96187687102e-08, 7.09697332013e-08, 3.15233461556e-09, 4.35101332741e-09, 1.59358890528e-08, 4.21760901759e-08, 7.43148964588e-09, 1.13515738476e-10, 2.099423337e-14],
        "max": [0.00935045350343, 0.0865115299821, 0.0383047871292, 0.0166884399951, 0.0558117330074, 0.028908174485, 0.0247899573296, 0.0382917895913, 0.0788977369666, 0.0803546085954, 0.0212733969092, 0.0186506807804, 0.0260106436908, 0.0603097900748, 0.0172578897327, 0.0128733105958, 0.00520271016285, 0.00406125141308, 0.00647352170199, 0.0061652911827, 0.000483559182612, 0.00160924799275, 0.00227540405467, 0.00389642664231, 0.00133673509117, 9.32309558266e-05, 4.55418603451e-06],
        "mean": [0.000201987830224, 0.00336982891895, 0.00130863592494, 0.00111632223707, 0.00388208357617, 0.00216544256546, 0.00161608285271, 0.00146890373435, 0.00370724801905, 0.00243685091846, 0.000800060748588, 0.000753772503231, 0.000845987757202, 0.000693839276209, 0.000193043524632, 0.000228240518481, 0.000152902168338, 0.000166579789948, 0.000111454879516, 0.000122851299238, 3.37270976161e-05, 3.81379068131e-05, 7.25638092263e-05, 6.2862658524e-05, 1.4734193428e-05, 2.47741036219e-06, 6.37585806373e-09],
        "median": [4.73373165732e-06, 0.000904597807676, 0.000750550243538, 0.000589791103266, 0.00264425412752, 0.00128778163344, 0.000770802027546, 0.000482761504827, 0.000905459979549, 0.000432068860391, 0.000169731822098, 0.000179644091986, 0.00010927299445, 5.86230562476e-05, 2.77226281469e-05, 2.65368726104e-05, 2.99940984405e-05, 4.17918054154e-05, 2.40720291913e-05, 2.74276171695e-05, 1.34981346491e-05, 1.34274578159e-05, 2.73889563687e-05, 1.55264278874e-05, 3.12125325763e-06, 3.05917126298e-07, 2.86027368457e-10],
        "min": [4.45791386028e-08, 3.04271725327e-06, 3.0868329759e-06, 2.2043352601e-06, 3.63985964213e-05, 1.90001519513e-05, 8.97617155715e-06, 2.71103681371e-06, 2.37740164266e-06, 3.03689807879e-06, 2.13623110312e-07, 9.99938947643e-07, 6.22277809725e-07, 2.38433074173e-07, 8.47818242278e-08, 3.35189156431e-08, 3.87961698323e-08, 1.23695883758e-07, 1.18034975571e-07, 4.4905110741e-08, 7.54276641146e-08, 7.20932362697e-08, 1.10433745704e-07, 1.03778262428e-07, 4.39045599876e-08, 1.77886420871e-11, 1.52597118969e-11],
        "var": [1.01599118807e-06, 9.34088820941e-05, 7.81430026109e-06, 2.66935535365e-06, 2.04189673241e-05, 7.12051496521e-06, 5.06848846271e-06, 1.17551753647e-05, 8.89073126018e-05, 4.94209562021e-05, 4.50963807452e-06, 3.10582822749e-06, 5.91410798734e-06, 1.3337315977e-05, 7.43362363664e-07, 7.55957273668e-07, 1.61529712273e-07, 1.34407201813e-07, 1.24044433392e-07, 1.1660599597e-07, 2.86723977894e-09, 8.76672778816e-09, 2.09025632358e-08, 3.90468102296e-08, 2.34239050378e-09, 5.91431903452e-11, 2.09588409453e-14]
    },
    "erbbands": {
        "dmean": [0.0868007019162, 0.363655716181, 0.904116630554, 1.40925323963, 2.42623591423, 7.39156579971, 9.63232326508, 9.28791999817, 11.1196775436, 10.4959602356, 14.2021284103, 42.7913742065, 37.3183784485, 19.5012016296, 16.0581741333, 11.8965444565, 15.8964204788, 20.213306427, 9.85830497742, 7.85069704056, 4.99928665161, 3.6566157341, 5.31822013855, 3.1270737648, 2.23743200302, 3.00600290298, 1.12166440487, 0.648555576801, 0.623301267624, 1.12822449207, 0.93805462122, 0.878646612167, 0.473319500685, 0.169141769409, 0.0517511740327, 0.0182246975601, 0.00295812333934, 0.000166468656971, 7.45780562283e-06, 7.59901695346e-06],
        "dmean2": [0.114264369011, 0.595498561859, 1.56243526936, 2.38576102257, 3.77049160004, 11.1209688187, 14.7786369324, 15.1935987473, 17.9098339081, 16.0239830017, 20.0656890869, 62.2669334412, 51.3241615295, 29.1106185913, 24.7290420532, 17.9577007294, 23.9844875336, 30.0805912018, 14.9170017242, 11.5516614914, 6.90471506119, 5.04178571701, 8.11404037476, 4.40164899826, 3.17542982101, 4.41530513763, 1.60730743408, 0.983734488487, 0.893903315067, 1.66482174397, 1.27495765686, 1.24966514111, 0.669889628887, 0.250688374043, 0.0784991979599, 0.0281989537179, 0.00465260632336, 0.000280190055491, 1.07000732896e-05, 1.0872520761e-05],
        "dvar": [0.12132011354, 1.34249401093, 12.4569978714, 19.6239757538, 11.8888463974, 109.619110107, 176.52154541, 271.09664917, 301.263244629, 391.645629883, 970.890380859, 11446.4765625, 9365.12890625, 2070.5144043, 2052.40649414, 1381.60534668, 2149.81298828, 9734.39941406, 1381.20983887, 1066.23522949, 344.302886963, 105.223503113, 222.770492554, 101.300949097, 25.4709415436, 91.7843551636, 8.86007022858, 2.25397992134, 4.62729310989, 8.66276168823, 4.31531572342, 24.2604980469, 2.08407378197, 0.492622822523, 0.016461180523, 0.00261437217705, 7.3270239227e-05, 6.86824762397e-07, 7.484018405e-10, 1.20701559858e-10],
        "dvar2": [0.180368945003, 3.20164418221, 35.2741012573, 54.7475967407, 27.9466590881, 244.509094238, 441.66885376, 704.915344238, 758.858642578, 879.083435059, 1853.75793457, 21296.5234375, 14466.7246094, 4338.04443359, 5026.8359375, 2778.42016602, 4251.74609375, 19470.9394531, 2832.16748047, 2136.8112793, 493.603118896, 189.922134399, 536.858154297, 152.348526001, 39.4555473328, 181.004928589, 16.1545181274, 4.89898967743, 8.67430114746, 20.8423900604, 8.06348991394, 51.9466972351, 4.20302915573, 1.32190907001, 0.035662278533, 0.00613956851885, 0.000167184247402, 1.87763737358e-06, 1.21397514263e-09, 2.21223053765e-10],
        "max": [4.14758300781, 12.8704376221, 40.7603530884, 47.3236083984, 56.7973213196, 237.359710693, 173.832015991, 297.807769775, 223.433166504, 400.274810791, 728.372802734, 2419.99023438, 2826.15234375, 805.390441895, 1061.31323242, 965.263549805, 1193.82165527, 2924.23657227, 736.455200195, 714.873413086, 434.796142578, 217.949310303, 288.392272949, 267.643981934, 164.658950806, 299.885192871, 96.641998291, 29.0400047302, 71.9075698853, 83.6182861328, 50.7342147827, 146.325027466, 26.1889095306, 17.7206726074, 1.68178141117, 0.626420974731, 0.168055668473, 0.0194657389075, 0.000694994057994, 0.000137499402626],
        "mean": [0.119949497283, 0.656451165676, 1.49331772327, 2.79001784325, 5.47605466843, 14.9367189407, 18.8972415924, 20.0420913696, 25.5946502686, 23.5205841064, 32.2491073608, 97.6404037476, 92.0371627808, 40.2838973999, 35.051109314, 30.6068134308, 37.8407211304, 38.4529380798, 18.3467483521, 13.6650514603, 10.7398748398, 8.35201835632, 9.89916133881, 6.46717309952, 4.57841348648, 6.04587554932, 2.5700879097, 1.20922291279, 1.17189097404, 2.24768781662, 1.91938698292, 1.50947320461, 0.884873270988, 0.256401151419, 0.0623611956835, 0.0186472646892, 0.00306740147062, 0.000152591514052, 1.90877926798e-05, 3.04175682686e-05],
        "median": [0.0107250893489, 0.252715855837, 0.829821586609, 1.63311076164, 3.33832359314, 9.48532962799, 12.2458581924, 11.6317901611, 12.8013153076, 10.8374090195, 13.5766124725, 20.9567584991, 20.1008434296, 11.1635818481, 7.64634513855, 6.86066675186, 5.72799158096, 5.25049638748, 3.67378878593, 1.86264646053, 1.46981680393, 1.77642440796, 2.70552444458, 1.56311094761, 1.39757311344, 1.34066534042, 0.712282299995, 0.498763740063, 0.360556453466, 0.909372210503, 0.736317932606, 0.365782856941, 0.216196939349, 0.0643300414085, 0.0100590428337, 0.00216400250793, 0.000474799104268, 3.18464626616e-05, 1.282240828e-05, 2.31346875808e-05],
        "min": [0.000251131888945, 0.00272789062001, 0.0125676980242, 0.0206048358232, 0.0709275454283, 0.122332520783, 0.118453539908, 0.224859669805, 0.497802168131, 0.120916739106, 0.31202185154, 0.126432433724, 0.0811866745353, 0.0368884243071, 0.0411179326475, 0.0579301118851, 0.0361594483256, 0.0334720611572, 0.00849853269756, 0.00572441704571, 0.00207207654603, 0.00408027181402, 0.0098216952756, 0.0048828185536, 0.00502671441063, 0.00251694628969, 0.00358495186083, 0.00279877218418, 0.00212865881622, 0.00346867297776, 0.00269557279535, 0.00206382712349, 0.00179205881432, 0.000721741351299, 6.42178856651e-05, 7.42075599192e-06, 1.73283137883e-06, 2.49853911782e-07, 9.79791934697e-07, 1.82106180091e-06],
        "var": [0.235735222697, 2.26156187057, 9.52928066254, 17.3827476501, 41.582901001, 366.499084473, 430.451660156, 655.888671875, 987.254455566, 1555.38122559, 4101.0859375, 67872.0390625, 54835.984375, 8279.70117188, 8786.80761719, 5685.59667969, 9239.68359375, 30902.8964844, 3441.07617188, 2275.62597656, 1193.03137207, 414.807281494, 458.791564941, 322.125427246, 100.214782715, 300.374389648, 36.8111381531, 4.74746847153, 12.9121332169, 19.3920459747, 13.6761789322, 34.374622345, 6.07805490494, 0.540402710438, 0.0263572596014, 0.00318849133328, 0.000101456178527, 4.88241653329e-07, 8.82393713653e-10, 6.0351068587e-10]
    },
    "gfcc": {
        "mean": [-38.623134613, 134.87588501, -117.679786682, 24.3321018219, -81.0058059692, 15.9361114502, -38.4158592224, 3.50999569893, -18.4265480042, -12.8405284882, -2.16668796539, -10.2213077545, -5.97832393646],
        "cov": [[2905.41308594, -812.31048584, -857.773681641, 260.177825928, 43.2215499878, 107.935577393, 14.2362251282, 68.1287460327, 38.4521217346, 68.5342636108, -30.4908714294, -6.24058961868, -6.76947212219], [-812.31048584, 820.142578125, -16.6157226562, -288.166229248, 177.096817017, -125.961479187, 122.543754578, -80.4483718872, 5.90945005417, -109.52721405, 124.12336731, -65.0398712158, 11.6990842819], [-857.773681641, -16.6157226562, 1095.53710938, 45.549156189, -101.03817749, 150.284500122, -89.9241333008, 106.189727783, -108.290618896, 83.8659133911, -117.578163147, 99.711555481, -104.100296021], [260.177825928, -288.166229248, 45.549156189, 430.855743408, -28.234954834, -33.624382019, -145.460510254, 24.5533943176, 133.481307983, 47.6808547974, -41.7012786865, -16.6235027313, 83.1520843506], [43.2215499878, 177.096817017, -101.03817749, -28.234954834, 244.906158447, -23.3157062531, 36.6675987244, 24.5377178192, 18.0842838287, 61.1737060547, -1.73263561726, 16.7994823456, 35.2367973328], [107.935577393, -125.961479187, 150.284500122, -33.624382019, -23.3157062531, 289.964050293, 95.9648971558, 11.4134902954, -28.2172260284, 30.8984622955, -5.66044425964, 12.1628141403, -55.1693611145], [14.2362251282, 122.543754578, -89.9241333008, -145.460510254, 36.6675987244, 95.9648971558, 267.874298096, 1.98411476612, -93.5166854858, -33.2875938416, 60.5822982788, 4.87186336517, -44.8130187988], [68.1287460327, -80.4483718872, 106.189727783, 24.5533943176, 24.5377178192, 11.4134902954, 1.98411476612, 134.568817139, 12.3731088638, 38.1090011597, -43.7838134766, 29.931098938, -15.1227321625], [38.4521217346, 5.90945005417, -108.290618896, 133.481307983, 18.0842838287, -28.2172260284, -93.5166854858, 12.3731088638, 227.376495361, 32.5875205994, -4.35264873505, -56.0461845398, 76.3941116333], [68.5342636108, -109.52721405, 83.8659133911, 47.6808547974, 61.1737060547, 30.8984622955, -33.2875938416, 38.1090011597, 32.5875205994, 167.562179565, -38.8333358765, 28.3110275269, 17.2071685791], [-30.4908714294, 124.12336731, -117.578163147, -41.7012786865, -1.73263561726, -5.66044425964, 60.5822982788, -43.7838134766, -4.35264873505, -38.8333358765, 120.007026672, -10.1187591553, 2.18942975998], [-6.24058961868, -65.0398712158, 99.711555481, -16.6235027313, 16.7994823456, 12.1628141403, 4.87186336517, 29.931098938, -56.0461845398, 28.3110275269, -10.1187591553, 103.775276184, 0.947574019432], [-6.76947212219, 11.6990842819, -104.100296021, 83.1520843506, 35.2367973328, -55.1693611145, -44.8130187988, -15.1227321625, 76.3941116333, 17.2071685791, 2.18942975998, 0.947574019432, 124.016227722]],
        "icov": [[0.000859528663568, 0.000792193808593, 0.000814386177808, -0.000294202647638, -0.000588185153902, -0.000380387355108, 0.000177554786205, -0.000454532360891, 0.00026350968983, 9.59413810051e-05, -0.000152709239046, 7.61093397159e-05, 0.000686166691594], [0.000792193808593, 0.00986338034272, -0.00398879451677, 0.00581339513883, -0.00897680129856, 0.00512741692364, -0.00327814859338, 0.00397940631956, -0.00477545103058, 0.00584446731955, -0.00640667974949, 0.00606986368075, -0.0018035514513], [0.000814386177808, -0.00398879451677, 0.00471941754222, -0.00359129207209, 0.00429073628038, -0.0039057135582, 0.00276895635761, -0.00342411524616, 0.00352379539981, -0.00326905259863, 0.00363882817328, -0.00381466234103, 0.00266442378052], [-0.000294202647638, 0.00581339513883, -0.00359129207209, 0.00764166610315, -0.00480360444635, 0.00356537778862, -0.00123274640646, 0.00241870246828, -0.00437396857888, 0.00341106276028, -0.00396669888869, 0.00437422050163, -0.00364460237324], [-0.000588185153902, -0.00897680129856, 0.00429073628038, -0.00480360444635, 0.0136571787298, -0.0041298889555, 0.00190732872579, -0.00453196140006, 0.00416103051975, -0.0076027167961, 0.00622024480253, -0.00613946979865, 0.000484904565383], [-0.000380387355108, 0.00512741692364, -0.0039057135582, 0.00356537778862, -0.0041298889555, 0.00854580383748, -0.0049272752367, 0.00398862035945, -0.00453436793759, 0.00220438791439, -0.00290622492321, 0.00292858132161, 2.37338990701e-05], [0.000177554786205, -0.00327814859338, 0.00276895635761, -0.00123274640646, 0.00190732872579, -0.0049272752367, 0.00889118388295, -0.00414905557409, 0.00499549554661, -0.00141039409209, -0.000845106085762, -0.000858881685417, 0.000582725566346], [-0.000454532360891, 0.00397940631956, -0.00342411524616, 0.00241870246828, -0.00453196140006, 0.00398862035945, -0.00414905557409, 0.0133498627692, -0.00563760381192, 0.00212321942672, 0.000729542225599, -0.000811462523416, 0.00146600953303], [0.00026350968983, -0.00477545103058, 0.00352379539981, -0.00437396857888, 0.00416103051975, -0.00453436793759, 0.00499549554661, -0.00563760381192, 0.0122889839113, -0.00428282702342, 0.00149851664901, 0.00216228654608, -0.00274502672255], [9.59413810051e-05, 0.00584446731955, -0.00326905259863, 0.00341106276028, -0.0076027167961, 0.00220438791439, -0.00141039409209, 0.00212321942672, -0.00428282702342, 0.012097963132, -0.00260409712791, 0.00193046627101, -0.00169633887708], [-0.000152709239046, -0.00640667974949, 0.00363882817328, -0.00396669888869, 0.00622024480253, -0.00290622492321, -0.000845106085762, 0.000729542225599, 0.00149851664901, -0.00260409712791, 0.0164270401001, -0.00589217431843, 0.00222676037811], [7.61093397159e-05, 0.00606986368075, -0.00381466234103, 0.00437422050163, -0.00613946979865, 0.00292858132161, -0.000858881685417, -0.000811462523416, 0.00216228654608, 0.00193046627101, -0.00589217431843, 0.018854688853, -0.00570535520092], [0.000686166691594, -0.0018035514513, 0.00266442378052, -0.00364460237324, 0.000484904565383, 2.37338990701e-05, 0.000582725566346, 0.00146600953303, -0.00274502672255, -0.00169633887708, 0.00222676037811, -0.00570535520092, 0.0151439784095]]
    },
    "melbands": {
        "dmean": [0.000613433076069, 0.000464034324978, 0.000261746899923, 0.000318906095345, 0.000355588737875, 0.000201542454306, 0.000166714526131, 0.000126173879835, 0.000121113604109, 0.00028005981585, 0.000191462910152, 9.04078187887e-05, 5.00296628161e-05, 3.77599390049e-05, 3.43894716934e-05, 4.20726973971e-05, 3.99866767111e-05, 1.96079981833e-05, 1.0876568922e-05, 1.13808582682e-05, 5.47579111299e-06, 4.55466488347e-06, 4.50111610917e-06, 4.14090436607e-06, 2.68617372967e-06, 2.17500269173e-06, 1.60263766702e-06, 2.41777001975e-06, 9.44317662288e-07, 4.6242715257e-07, 3.86807016639e-07, 3.88827771758e-07, 4.13956087186e-07, 7.79441563736e-07, 6.02142165462e-07, 5.185221994e-07, 5.80309119869e-07, 3.44832443488e-07, 2.9196976925e-07, 1.05394036609e-07],
        "dmean2": [0.000780714501161, 0.000795433938038, 0.000432100350736, 0.000485223688884, 0.000534491904546, 0.000328086229274, 0.000269176060101, 0.000187290395843, 0.000176641115104, 0.000404845544836, 0.000261928536929, 0.000132315719384, 7.8238947026e-05, 5.78219296585e-05, 5.34229875484e-05, 6.40825601295e-05, 6.02236068517e-05, 2.92612658086e-05, 1.66633617482e-05, 1.63273361977e-05, 7.4701115409e-06, 6.37065249975e-06, 6.93713991495e-06, 6.19648062639e-06, 3.83464293918e-06, 3.01205727737e-06, 2.45702744905e-06, 3.51226844941e-06, 1.35944424073e-06, 7.36880167551e-07, 5.89027308706e-07, 5.79400762035e-07, 6.00283726726e-07, 1.18546995509e-06, 8.47863589115e-07, 7.70569613451e-07, 8.37218408378e-07, 4.97940447985e-07, 4.41055277633e-07, 1.62343482657e-07],
        "dvar": [4.83293024445e-06, 2.84534712591e-06, 5.20215508004e-07, 1.77523347134e-07, 2.28587367701e-07, 1.17251474308e-07, 7.76415802761e-08, 5.51552936656e-08, 5.79865790939e-08, 5.04929801082e-07, 2.45148527256e-07, 4.75509445153e-08, 1.71004028715e-08, 1.03539381513e-08, 9.15581654937e-09, 2.32722285887e-08, 5.04169861415e-08, 6.32436059078e-09, 4.67325733666e-09, 1.87979187771e-09, 4.13892808915e-10, 1.98513608329e-10, 1.5752235627e-10, 1.36934422135e-10, 7.83888856604e-11, 5.38951661078e-11, 1.51486028582e-11, 7.41307640273e-11, 8.41202194707e-12, 1.00905373467e-12, 8.89604796078e-13, 2.55486300518e-12, 8.84003916075e-13, 4.36537828455e-12, 1.71309082371e-12, 1.93625345792e-12, 1.35846073973e-11, 1.03909144743e-12, 1.95601217515e-12, 1.0181628083e-13],
        "dvar2": [6.90925435265e-06, 7.89313708083e-06, 1.4210838799e-06, 4.14091459788e-07, 5.44311717476e-07, 3.00190151847e-07, 1.98238595317e-07, 1.14548356578e-07, 1.16934252503e-07, 9.18596413158e-07, 3.80748389261e-07, 9.09864326104e-08, 4.21239256809e-08, 2.28614247533e-08, 1.86082633746e-08, 4.58810127668e-08, 1.01013050369e-07, 1.21683303433e-08, 1.0208797363e-08, 2.941338062e-09, 5.94669202769e-10, 3.58778118326e-10, 4.21856244381e-10, 2.5655322311e-10, 1.19605964022e-10, 6.38938901787e-11, 3.7648578699e-11, 1.42660952496e-10, 1.49898496393e-11, 2.37417117216e-12, 1.94773645996e-12, 5.69052313951e-12, 1.80275195813e-12, 1.08138168559e-11, 3.21816379968e-12, 4.05487535909e-12, 2.98086035022e-11, 1.87255853185e-12, 5.37537679299e-12, 2.57643597212e-13],
        "max": [0.0294180214405, 0.0198153536767, 0.00775359012187, 0.00911029428244, 0.00881155300885, 0.00613355403766, 0.00434359163046, 0.00531828030944, 0.00476303324103, 0.0157260205597, 0.0145617295057, 0.00380126386881, 0.00280282227322, 0.00182420830242, 0.00176991755143, 0.00335515500046, 0.00675121322274, 0.00159078557044, 0.00194271688815, 0.00125549756922, 0.000495951273479, 0.000302538595861, 0.000227126321988, 0.000224614865147, 0.000223679657211, 0.000281191489194, 5.4654381529e-05, 0.000285035988782, 0.000103826721897, 1.55177258421e-05, 2.2371268642e-05, 4.95984968438e-05, 2.82949422399e-05, 5.63302382943e-05, 2.90308780677e-05, 2.58715190284e-05, 0.000111206907604, 2.25714884436e-05, 3.58314719051e-05, 6.37145467408e-06],
        "mean": [0.000978881958872, 0.000824216229375, 0.000553132500499, 0.000691992347129, 0.000733096210752, 0.000445631245384, 0.00036884311703, 0.000284247507807, 0.00024388692691, 0.00065350276418, 0.00045549182687, 0.000175599925569, 0.000101279860246, 8.69166324264e-05, 7.68585668993e-05, 9.40253885346e-05, 7.15846690582e-05, 3.5141940316e-05, 1.64820285136e-05, 1.98994894163e-05, 1.09370412247e-05, 9.17480338103e-06, 8.33441299619e-06, 7.59026033847e-06, 5.05708067067e-06, 3.91670891986e-06, 2.80324297819e-06, 4.6012751227e-06, 2.00553745344e-06, 7.91277273038e-07, 6.45851571335e-07, 6.12127394106e-07, 8.0462848473e-07, 1.44840601024e-06, 1.16424428143e-06, 9.04234184418e-07, 9.25354981973e-07, 6.52061828532e-07, 4.37739629433e-07, 1.4373756585e-07],
        "median": [0.000180159171578, 0.0004491036525, 0.000327302434016, 0.000467795645818, 0.00048472211347, 0.000269215670414, 0.00018690781144, 0.000111024302896, 0.000103030703031, 0.000125526479678, 9.45683859754e-05, 3.92642941733e-05, 2.19021458179e-05, 2.3705411877e-05, 1.28488954942e-05, 9.07733283384e-06, 7.88608485891e-06, 5.17862235938e-06, 1.90281093637e-06, 2.17180331674e-06, 1.32019908961e-06, 1.71542319549e-06, 2.52425002145e-06, 1.77963784154e-06, 9.3768574061e-07, 8.69964594585e-07, 8.80708796558e-07, 7.65470247188e-07, 3.90954028262e-07, 2.59537046077e-07, 2.16085155103e-07, 1.30510599661e-07, 3.15531906381e-07, 5.29071030542e-07, 4.33144379031e-07, 2.80839770994e-07, 1.89680164908e-07, 1.52813086629e-07, 9.43817539678e-08, 3.49758231266e-08],
