{
"highlevel": {
    "danceability": {
        "all": {
            "danceable": 2.01603373995e-08,
            "not_danceable": 1
        },
        "probability": 1,
        "value": "not_danceable"
    },
    "gender": {
        "all": {
            "female": 0.696438848972,
            "male": 0.303561151028
        },
        "probability": 0.696438848972,
        "value": "female"
    },
    "genre_dortmund": {
        "all": {
            "alternative": 0.124588653445,
            "blues": 0.0199092719704,
            "electronic": 0.0168204922229,
            "folkcountry": 0.0735727772117,
            "funksoulrnb": 0.00477136019617,
            "jazz": 0.00441947113723,
            "pop": 0.114344142377,
            "raphiphop": 0.00128131336533,
            "rock": 0.640292525291
        },
        "probability": 0.640292525291,
        "value": "rock"
    },
    "genre_electronic": {
        "all": {
            "ambient": 0.155164793134,
            "dnb": 0.0601449273527,
            "house": 0.0342687405646,
            "techno": 0.0233032256365,
            "trance": 0.727118313313
        },
        "probability": 0.727118313313,
        "value": "trance"
    },
    "genre_rosamerica": {
        "all": {
            "cla": 0.000946869608015,
            "dan": 0.0383727960289,
            "hip": 0.00173307966907,
            "jaz": 0.000806775642559,
            "pop": 0.130364045501,
            "rhy": 0.00759311486036,
            "roc": 0.819801747799,
            "spe": 0.000381552730687
        },
        "probability": 0.819801747799,
        "value": "roc"
    },
    "genre_tzanetakis": {
        "all": {
            "blu": 0.0626613423228,
            "cla": 0.0348169617355,
            "cou": 0.104475811124,
            "dis": 0.0784321576357,
            "hip": 0.15692435205,
            "jaz": 0.313974827528,
            "met": 0.0448166541755,
            "pop": 0.0627359300852,
            "reg": 0.0627360641956,
            "roc": 0.0784258767962
        },
        "probability": 0.313974827528,
        "value": "jaz"
    },
    "ismir04_rhythm": {
        "all": {
            "ChaChaCha": 0.895881891251,
            "Jive": 0.0608273260295,
            "Quickstep": 0.00479018269107,
            "Rumba-American": 0.00818504486233,
            "Rumba-International": 0.00121209735516,
            "Rumba-Misc": 0.000552245299332,
            "Samba": 0.00701950397342,
            "Tango": 0.00161557074171,
            "VienneseWaltz": 0.0194480195642,
            "Waltz": 0.000468092650408
        },
        "probability": 0.895881891251,
        "value": "ChaChaCha"
    },
    "mood_acoustic": {
        "all": {
            "acoustic": 3.90114792026e-06,
            "not_acoustic": 0.999996125698
        },
        "probability": 0.999996125698,
        "value": "not_acoustic"
    },
    "mood_aggressive": {
        "all": {
            "aggressive": 0.990209102631,
            "not_aggressive": 0.00979090016335
        },
        "probability": 0.990209102631,
        "value": "aggressive"
    },
    "mood_electronic": {
        "all": {
            "electronic": 0.203931286931,
            "not_electronic": 0.79606872797
        },
        "probability": 0.79606872797,
        "value": "not_electronic"
    },
    "mood_happy": {
        "all": {
            "happy": 0.960853934288,
            "not_happy": 0.039146065712
        },
        "probability": 0.960853934288,
        "value": "happy"
    },
    "mood_party": {
        "all": {
            "not_party": 0.193506702781,
            "party": 0.806493282318
        },
        "probability": 0.806493282318,
        "value": "party"
    },
    "mood_relaxed": {
        "all": {
            "not_relaxed": 0.993989348412,
            "relaxed": 0.00601063668728
        },
        "probability": 0.993989348412,
        "value": "not_relaxed"
    },
    "mood_sad": {
        "all": {
            "not_sad": 0.847734153271,
            "sad": 0.152265846729
        },
        "probability": 0.847734153271,
        "value": "not_sad"
    },
    "moods_mirex": {
        "all": {
            "Cluster1": 0.238111779094,
            "Cluster2": 0.219044491649,
            "Cluster3": 0.315544694662,
            "Cluster4": 0.0624431669712,
            "Cluster5": 0.164855867624
        },
        "probability": 0.315544694662,
        "value": "Cluster3"
    },
    "timbre": {
        "all": {
            "bright": 0.994686722755,
            "dark": 0.00531327398494
        },
        "probability": 0.994686722755,
        "value": "bright"
    },
    "tonal_atonal": {
        "all": {
            "atonal": 0.00737639889121,
            "tonal": 0.992623627186
        },
        "probability": 0.992623627186,
        "value": "tonal"
    },
    "voice_instrumental": {
        "all": {
            "instrumental": 0.000481536990264,
            "voice": 0.999518454075
        },
        "probability": 0.999518454075,
        "value": "voice"
    }
},
"lowlevel": {
    "average_loudness": 0.979814648628,
    "barkbands_crest": {
        "dmean": 2.05185270309,
        "dmean2": 3.3970746994,
        "dvar": 3.86255860329,
        "dvar2": 10.5031881332,
        "max": 20.7784900665,
        "mean": 7.79686594009,
        "median": 7.19894361496,
        "min": 2.55225920677,
        "var": 9.21095943451
    },
    "barkbands_flatness_db": {
        "dmean": 0.0133522702381,
        "dmean2": 0.0215254276991,
        "dvar": 0.000142631964991,
        "dvar2": 0.000372720067389,
        "max": 0.178074285388,
        "mean": 0.102138228714,
        "median": 0.100329957902,
        "min": 0.0511964932084,
        "var": 0.00039921014104
    },
    "barkbands_kurtosis": {
        "dmean": 0.621577978134,
        "dmean2": 0.99918371439,
        "dvar": 0.681446790695,
        "dvar2": 1.89566421509,
        "max": 7.8996629715,
        "mean": -0.244653895497,
        "median": -0.503952503204,
        "min": -1.83367335796,
        "var": 1.23955523968
    },
    "barkbands_skewness": {
        "dmean": 0.302311450243,
        "dmean2": 0.483398944139,
        "dvar": 0.0876543447375,
        "dvar2": 0.236079722643,
        "max": 2.88701653481,
        "mean": 0.561512887478,
        "median": 0.493068367243,
        "min": -1.08728599548,
        "var": 0.329401910305
    },
    "barkbands_spread": {
        "dmean": 7.6740694046,
        "dmean2": 11.2657184601,
        "dvar": 56.1619529724,
        "dvar2": 120.990242004,
        "max": 90.990272522,
        "mean": 41.4028549194,
        "median": 39.0764923096,
        "min": 12.2457399368,
        "var": 187.797042847
    },
    "dissonance": {
        "dmean": 0.0133223440498,
        "dmean2": 0.0222554970533,
        "dvar": 0.000135897265864,
        "dvar2": 0.000376299867639,
        "max": 0.499800354242,
        "mean": 0.476622909307,
        "median": 0.479491621256,
        "min": 0.384824544191,
        "var": 0.000246905488893
    },
    "dynamic_complexity": 1.31768918037,
    "erbbands_crest": {
        "dmean": 2.7581949234,
        "dmean2": 4.65059518814,
        "dvar": 6.20733833313,
        "dvar2": 15.765707016,
        "max": 24.1546554565,
        "mean": 8.36988639832,
        "median": 7.44622850418,
        "min": 2.80808782578,
        "var": 13.6204090118
    },
    "erbbands_flatness_db": {
        "dmean": 0.0135335996747,
        "dmean2": 0.020056122914,
        "dvar": 0.000131619424792,
        "dvar2": 0.000263679568889,
        "max": 0.21645668149,
        "mean": 0.139496028423,
        "median": 0.138150289655,
        "min": 0.0776406899095,
        "var": 0.000618572463281
    },
    "erbbands_kurtosis": {
        "dmean": 0.642831146717,
        "dmean2": 1.02704632282,
        "dvar": 0.352794408798,
        "dvar2": 0.860671162605,
        "max": 5.42943191528,
        "mean": 0.240614652634,
        "median": 0.03089427948,
        "min": -1.58275687695,
        "var": 1.10401642323
    },
    "erbbands_skewness": {
        "dmean": 0.295851796865,
        "dmean2": 0.463190168142,
        "dvar": 0.0645658895373,
        "dvar2": 0.149296566844,
        "max": 1.899751544,
        "mean": 0.251617699862,
        "median": 0.280665338039,
        "min": -1.74672210217,
        "var": 0.282687395811
    },
    "erbbands_spread": {
        "dmean": 7.70099258423,
        "dmean2": 11.4949913025,
        "dvar": 46.7639732361,
        "dvar2": 101.800834656,
        "max": 94.6031036377,
        "mean": 39.6729850769,
        "median": 36.9895248413,
        "min": 11.2194957733,
        "var": 232.830383301
    },
    "hfc": {
        "dmean": 17.3214073181,
        "dmean2": 23.6217536926,
        "dvar": 935.327575684,
        "dvar2": 2005.12475586,
        "max": 388.548248291,
        "mean": 51.4449806213,
        "median": 40.7501945496,
        "min": 6.98714733124,
        "var": 1721.34436035
    },
    "melbands_crest": {
        "dmean": 2.4959757328,
        "dmean2": 4.10965681076,
        "dvar": 5.42864370346,
        "dvar2": 15.4166736603,
        "max": 25.8521118164,
        "mean": 11.7195663452,
        "median": 11.1261138916,
        "min": 4.04165697098,
        "var": 14.0952091217
    },
    "melbands_flatness_db": {
        "dmean": 0.017376396805,
        "dmean2": 0.0278910156339,
        "dvar": 0.000297927617794,
        "dvar2": 0.000786757853348,
        "max": 0.231483325362,
        "mean": 0.117367900908,
        "median": 0.113091103733,
        "min": 0.0363527350128,
        "var": 0.00107019790448
    },
    "melbands_kurtosis": {
        "dmean": 2.54242825508,
        "dmean2": 4.21100330353,
        "dvar": 15.5311880112,
        "dvar2": 45.022403717,
        "max": 54.9644470215,
        "mean": 4.50246524811,
        "median": 2.59930706024,
        "min": -1.20578062534,
        "var": 33.2578773499
    },
    "melbands_skewness": {
        "dmean": 0.484498202801,
        "dmean2": 0.78026843071,
        "dvar": 0.239778995514,
        "dvar2": 0.641121804714,
        "max": 6.63718509674,
        "mean": 1.75058853626,
        "median": 1.56393539906,
        "min": -0.123832501471,
        "var": 1.02256274223
    },
    "melbands_spread": {
        "dmean": 10.3098144531,
        "dmean2": 16.1436271667,
        "dvar": 157.903945923,
        "dvar2": 371.149871826,
        "max": 161.34425354,
        "mean": 47.8596992493,
        "median": 46.0636291504,
        "min": 10.2017173767,
        "var": 372.829406738
    },
    "pitch_salience": {
        "dmean": 0.0536919124424,
        "dmean2": 0.0869045108557,
        "dvar": 0.00213279342279,
        "dvar2": 0.00531148025766,
        "max": 0.824615299702,
        "mean": 0.543227553368,
        "median": 0.543734073639,
        "min": 0.269659668207,
        "var": 0.00627768691629
    },
    "silence_rate_20dB": {
        "dmean": 0,
        "dmean2": 0,
        "dvar": 0,
        "dvar2": 0,
        "max": 1,
        "mean": 1,
        "median": 1,
        "min": 1,
        "var": 0
    },
    "silence_rate_30dB": {
        "dmean": 0,
        "dmean2": 0,
        "dvar": 0,
        "dvar2": 0,
        "max": 1,
        "mean": 1,
        "median": 1,
        "min": 1,
        "var": 0
    },
    "silence_rate_60dB": {
        "dmean": 0,
        "dmean2": 0,
        "dvar": 0,
        "dvar2": 0,
        "max": 0,
        "mean": 0,
        "median": 0,
        "min": 0,
        "var": 0
    },
    "spectral_centroid": {
        "dmean": 244.082122803,
        "dmean2": 375.943756104,
        "dvar": 54895.2148438,
        "dvar2": 121129.507812,
        "max": 3940.03710938,
        "mean": 2048.7487793,
        "median": 2026.62304688,
        "min": 920.614746094,
        "var": 159191.65625
    },
    "spectral_complexity": {
        "dmean": 4.34907102585,
        "dmean2": 6.51820278168,
        "dvar": 14.9145202637,
        "dvar2": 27.6671180725,
        "max": 56,
        "mean": 31.6140766144,
        "median": 31,
        "min": 11,
        "var": 62.8355827332
    },
    "spectral_decrease": {
        "dmean": 1.85567106126e-09,
        "dmean2": 2.98965163736e-09,
        "dvar": 6.14097108321e-18,
        "dvar2": 1.68802152034e-17,
        "max": -1.62376423418e-09,
        "mean": -7.30131999305e-09,
        "median": -6.64627863856e-09,
        "min": -3.32029408412e-08,
        "var": 9.6282293017e-18
    },
    "spectral_energy": {
        "dmean": 0.00801374576986,
        "dmean2": 0.0125398598611,
        "dvar": 0.000108719083073,
        "dvar2": 0.000278722058283,
        "max": 0.137109160423,
        "mean": 0.032223071903,
        "median": 0.028967006132,
        "min": 0.00713239330798,
        "var": 0.00019477760361
    },
    "spectral_energyband_high": {
        "dmean": 0.00183644145727,
        "dmean2": 0.00250849639997,
        "dvar": 1.5278446881e-05,
        "dvar2": 3.41059021594e-05,
        "max": 0.046352788806,
        "mean": 0.00371127459221,
        "median": 0.00223074038513,
        "min": 0.00010583367839,
        "var": 2.31163285207e-05
    },
    "spectral_energyband_low": {
        "dmean": 0.0043379785493,
        "dmean2": 0.00734731508419,
        "dvar": 6.17953701294e-05,
        "dvar2": 0.000178776172106,
        "max": 0.0937226489186,
        "mean": 0.0100112203509,
        "median": 0.00760078197345,
        "min": 8.17438631202e-05,
        "var": 7.98180262791e-05
    },
    "spectral_energyband_middle_high": {
        "dmean": 0.00313266855665,
        "dmean2": 0.00489967595786,
        "dvar": 9.94167021418e-06,
        "dvar2": 2.55847171502e-05,
        "max": 0.0395975038409,
        "mean": 0.0117180170491,
        "median": 0.0108032859862,
        "min": 0.00135218899231,
        "var": 4.14851929236e-05
    },
    "spectral_energyband_middle_low": {
        "dmean": 0.00315711041912,
        "dmean2": 0.00501445122063,
        "dvar": 1.99625537789e-05,
        "dvar2": 5.21485308127e-05,
        "max": 0.0440200045705,
        "mean": 0.00756297307089,
        "median": 0.00634086411446,
        "min": 0.000359877740266,
        "var": 2.70869113592e-05
    },
    "spectral_entropy": {
        "dmean": 0.102142818272,
        "dmean2": 0.146998614073,
        "dvar": 0.00964637286961,
        "dvar2": 0.0192424803972,
        "max": 8.57130908966,
        "mean": 8.01136493683,
        "median": 8.00487709045,
        "min": 7.37433862686,
        "var": 0.0339073725045
    },
    "spectral_flux": {
        "dmean": 0.0196815952659,
        "dmean2": 0.0294432006776,
        "dvar": 0.00040802769945,
        "dvar2": 0.000799115281552,
        "max": 0.285336494446,
        "mean": 0.0992343351245,
        "median": 0.0917596817017,
        "min": 0.0322638377547,
        "var": 0.00117709580809
    },
    "spectral_kurtosis": {
        "dmean": 0.686900436878,
        "dmean2": 1.09931468964,
        "dvar": 0.418586939573,
        "dvar2": 1.01398253441,
        "max": 8.24012851715,
        "mean": 1.84702801704,
        "median": 1.82400035858,
        "min": -0.832452297211,
        "var": 1.06454133987
    },
    "spectral_rms": {
        "dmean": 0.000655881827697,
        "dmean2": 0.00100728776306,
        "dvar": 5.05225500547e-07,
        "dvar2": 1.21747279991e-06,
        "max": 0.0115656834096,
        "mean": 0.005498459097,
        "median": 0.00531606003642,
        "min": 0.00263788411394,
        "var": 1.20413301374e-06
    },
    "spectral_rolloff": {
        "dmean": 938.028747559,
        "dmean2": 1490.99694824,
        "dvar": 1482876,
        "dvar2": 3063466.25,
        "max": 9302.34375,
        "mean": 2969.52099609,
        "median": 2433.25195312,
        "min": 322.998046875,
        "var": 3570162.5
    },
    "spectral_skewness": {
        "dmean": 0.126514747739,
        "dmean2": 0.194527134299,
        "dvar": 0.0138360364363,
        "dvar2": 0.0306107532233,
        "max": 2.62077283859,
        "mean": 1.15947771072,
        "median": 1.16771531105,
        "min": 0.337005019188,
        "var": 0.0408396199346
    },
    "spectral_spread": {
        "dmean": 578715.125,
        "dmean2": 827400.5,
        "dvar": 481567244288,
        "dvar2": 792124653568,
        "max": 14330061,
        "mean": 5413150.5,
        "median": 5195572.5,
        "min": 3206760.25,
        "var": 1.42183156941e+12
    },
    "spectral_strongpeak": {
        "dmean": 0.795539975166,
        "dmean2": 1.40327763557,
        "dvar": 1.94804191589,
        "dvar2": 5.37042093277,
        "max": 18.0227947235,
        "mean": 1.18227791786,
        "median": 0.358461529016,
        "min": 0.0647929757833,
        "var": 2.60057640076
    },
    "zerocrossingrate": {
        "dmean": 0.0153559157625,
        "dmean2": 0.0171548966318,
        "dvar": 0.000258086831309,
        "dvar2": 0.000331416522386,
        "max": 0.2763671875,
        "mean": 0.106608450413,
        "median": 0.10009765625,
        "min": 0.03759765625,
        "var": 0.00127997831441
    },
    "barkbands": {
        "dmean": [4.95839267387e-05, 0.003107072087, 0.00143497379031, 0.00121519633103, 0.000813069986179, 0.000837703060824, 0.000630571390502, 0.000549531425349, 0.000777678389568, 0.000602086249273, 0.0011640524026, 0.000945572042838, 0.00100112287328, 0.000746117671952, 0.000594127457589, 0.00043356482638, 0.00033640084439, 0.000381647638278, 0.000286499853246, 0.000281188200461, 0.000143899131217, 0.000226867035963, 0.000728165730834, 0.000760459864978, 0.000190418504644, 4.12302324548e-05, 9.11971742568e-09],
        "dmean2": [8.45182803459e-05, 0.00523144192994, 0.0023819305934, 0.00210162275471, 0.00136375543661, 0.00135918788146, 0.000988968648016, 0.000875690195244, 0.0012505245395, 0.000999574898742, 0.00193776295055, 0.00156603613868, 0.00170663453173, 0.00121045601554, 0.000947092135902, 0.000711015018169, 0.00055436801631, 0.000634162977803, 0.000461499177618, 0.000445871963166, 0.000224988121772, 0.000355336931534, 0.00109027279541, 0.00110078195576, 0.000284629059024, 6.4435575041e-05, 1.64331961372e-08],
        "dvar": [1.55988839623e-08, 4.03215053666e-05, 8.53745495988e-06, 9.49085824686e-06, 1.61760351602e-06, 1.31063734443e-06, 1.32139052766e-06, 1.68091457908e-06, 1.28191550175e-06, 1.0759451925e-06, 3.12429460791e-06, 2.09957829611e-06, 2.05916308005e-06, 2.07102289096e-06, 5.89277988183e-07, 3.9507085603e-07, 2.5453221042e-07, 2.4063768933e-07, 1.44289458603e-07, 2.14451389979e-07, 2.83495165121e-08, 1.31245599277e-07, 3.50926848114e-06, 3.31750720761e-06, 1.59697094659e-07, 9.54116075036e-09, 6.5218385976e-15],
        "dvar2": [4.30220623571e-08, 0.000116674011224, 2.34918006754e-05, 2.61197710643e-05, 4.43689123131e-06, 3.2071741316e-06, 3.05433377434e-06, 4.78573520013e-06, 3.00589204016e-06, 2.77718186226e-06, 8.5424808276e-06, 5.43685791854e-06, 5.87011163589e-06, 5.25286941411e-06, 1.44085493048e-06, 9.02431281702e-07, 6.72626413234e-07, 6.33480283341e-07, 3.74714545615e-07, 5.20389505709e-07, 6.79240770296e-08, 3.25210066876e-07, 8.6826412371e-06, 7.51090465201e-06, 3.63301211337e-07, 2.42923317018e-08, 1.63267209946e-14],
        "max": [0.00170420121867, 0.0752166509628, 0.0468827225268, 0.0311614945531, 0.0179582219571, 0.0124324914068, 0.0115779303014, 0.0232065580785, 0.0202980507165, 0.0136841479689, 0.0183878391981, 0.019593430683, 0.0176483038813, 0.0165418051183, 0.0110620791093, 0.0083457576111, 0.0101398322731, 0.00635758507997, 0.00520877260715, 0.00652178237215, 0.00212652841583, 0.00404808251187, 0.0210686102509, 0.0274305380881, 0.00496170995757, 0.00120970525313, 1.45288277054e-06],
        "mean": [5.89731826039e-05, 0.00687563419342, 0.00248198048212, 0.00114044488873, 0.00121776212472, 0.001473774435, 0.00110340071842, 0.000870702555403, 0.00141534209251, 0.00090024957899, 0.00180231407285, 0.00160783401225, 0.00196877890266, 0.00125804776326, 0.00111800478771, 0.00084623292787, 0.000602065236308, 0.000787244702224, 0.000615797296632, 0.000582336448133, 0.000343507359503, 0.000474454485811, 0.00107890681829, 0.00124425685499, 0.000301703286823, 5.33235797775e-05, 5.82440895514e-09],
        "median": [1.35260042953e-05, 0.00519699696451, 0.00138059991878, 0.000417141476646, 0.000809899880551, 0.000890999450348, 0.000464024982648, 0.000376604642952, 0.000791243393905, 0.000416485534515, 0.00105843518395, 0.000964505248703, 0.000862435088493, 0.000495470128953, 0.000657675554976, 0.000483603478642, 0.000394353381125, 0.000632978510112, 0.000500800961163, 0.000450020335848, 0.000269299314823, 0.00033578556031, 0.000567400828004, 0.000603542022873, 0.000138643968967, 1.78406098712e-05, 5.40393563231e-10],
        "min": [2.57984300589e-09, 1.64039465744e-05, 1.54694826051e-05, 5.73316083319e-06, 1.96395612875e-05, 2.3619420972e-05, 4.19724119638e-06, 4.16859029428e-06, 5.91159459873e-06, 9.05503475224e-06, 1.80417082447e-05, 1.50373916767e-05, 2.86622480417e-06, 2.88795217784e-05, 6.49626053928e-06, 2.44740567723e-05, 2.50376506301e-05, 8.39415879454e-05, 3.22623491229e-05, 3.37076053256e-05, 2.04108910111e-05, 1.6944057279e-05, 1.57337035489e-05, 1.33807225211e-05, 2.02446403819e-06, 4.60600932395e-11, 1.41343889717e-11],
        "var": [1.55968731264e-08, 4.96157481393e-05, 1.04546188595e-05, 6.74908505971e-06, 1.79152812052e-06, 2.84050929622e-06, 2.67709901891e-06, 2.47265461439e-06, 3.89389015254e-06, 2.06932713809e-06, 5.00735313835e-06, 3.94018434235e-06, 7.50713979869e-06, 4.48849459644e-06, 2.00557656171e-06, 9.66910192801e-07, 4.9251565315e-07, 3.64006069731e-07, 2.31422916386e-07, 2.96349810469e-07, 7.97087267301e-08, 1.94543773091e-07, 3.77854962608e-06, 4.5407646212e-06, 2.21825970925e-07, 1.02913872979e-08, 4.09003114647e-15]
    },
    "erbbands": {
        "dmean": [0.0605019591749, 0.801274418831, 1.62193274498, 2.98354816437, 3.08749389648, 3.00389790535, 3.83433246613, 8.11134433746, 8.66976451874, 9.75412273407, 10.8823041916, 20.3332614899, 17.9450454712, 18.4683017731, 58.1024589539, 34.6243095398, 43.1038131714, 41.4206848145, 33.8207359314, 21.2631034851, 18.8430557251, 18.7124500275, 20.5287475586, 16.2969303131, 15.3057727814, 13.2798957825, 7.11681270599, 5.10318470001, 7.06318473816, 20.6274242401, 16.9877529144, 10.8717813492, 15.7281484604, 3.18669390678, 0.973871171474, 0.301779925823, 0.0474579595029, 0.00337871466763, 8.73205717653e-05, 1.91365488718e-05],
        "dmean2": [0.0966020971537, 1.36211192608, 2.71568989754, 5.085460186, 5.22493743896, 5.02826738358, 5.9576830864, 13.1892204285, 13.6948890686, 14.7484388351, 17.1874408722, 32.9963226318, 29.1006546021, 29.6382007599, 98.2046127319, 55.88829422, 72.7642211914, 69.1893692017, 53.9906196594, 32.8032455444, 31.0966129303, 30.5207500458, 34.3224334717, 27.4289340973, 24.6288547516, 20.8612689972, 11.2558431625, 8.10542011261, 10.8886623383, 32.9431724548, 25.1037979126, 15.8439846039, 23.2554168701, 4.78332948685, 1.41677343845, 0.463676720858, 0.0735876634717, 0.0053905765526, 0.00012874614913, 2.72410015896e-05],
        "dvar": [0.0218249820173, 2.46423149109, 7.08696842194, 57.7213630676, 37.9869613647, 19.1395015717, 44.554058075, 128.11680603, 294.598815918, 365.866271973, 958.806213379, 977.455383301, 1261.81347656, 663.202087402, 7826.75390625, 3567.7097168, 3679.09106445, 5350.94580078, 1898.92749023, 959.910339355, 668.3359375, 802.738830566, 707.64855957, 546.087341309, 346.451446533, 628.975402832, 67.9543228149, 46.2417449951, 112.493942261, 2555.51879883, 2149.80249023, 452.006774902, 1580.20080566, 44.9536743164, 3.66663360596, 0.508137226105, 0.010405513458, 6.83472535457e-05, 3.66048809042e-08, 1.03671971008e-09],
        "dvar2": [0.0561777539551, 7.36924123764, 19.844078064, 160.126296997, 101.781517029, 51.3996238708, 112.855888367, 319.535644531, 678.112670898, 873.556091309, 2874.17797852, 2445.41430664, 3269.89086914, 1791.32995605, 21389.5742188, 9467.97265625, 10075.5097656, 14479.9794922, 4228.16162109, 2242.10620117, 1578.45214844, 2165.73730469, 1882.03967285, 1426.70715332, 853.970458984, 1519.09729004, 164.42489624, 111.792121887, 280.519165039, 6491.38818359, 5493.29101562, 976.914672852, 3568.74438477, 97.662979126, 7.86749076843, 1.28944075108, 0.0245436951518, 0.000171997671714, 8.56917523606e-08, 2.22694285235e-09],
        "max": [1.73107397556, 17.9547233582, 39.7631340027, 99.5674743652, 60.7428627014, 59.5651817322, 90.618850708, 122.156150818, 226.884140015, 318.234313965, 643.473999023, 552.588745117, 455.980133057, 266.783599854, 991.433959961, 889.831481934, 950.268371582, 943.270690918, 721.280944824, 522.616760254, 309.253997803, 528.171569824, 418.095733643, 363.136383057, 205.209884644, 375.127807617, 111.786460876, 85.9501876831, 135.889556885, 681.029541016, 740.409606934, 297.520446777, 571.309082031, 72.9249572754, 21.8487625122, 9.3453130722, 1.20664906502, 0.119866982102, 0.00249520759098, 0.000406149716582],
        "mean": [0.111094973981, 1.80076956749, 3.49248099327, 3.33599257469, 3.67647314072, 4.61354351044, 7.07484865189, 13.3554487228, 15.3683071136, 18.1501312256, 19.0092334747, 35.0807304382, 29.5212497711, 34.4257316589, 91.198425293, 65.3933410645, 88.3517074585, 75.8561782837, 67.8105545044, 48.4649658203, 40.5883903503, 36.3876419067, 42.4987373352, 34.5414123535, 33.8719062805, 26.9186611176, 16.8085327148, 11.8707294464, 15.4501533508, 30.4951000214, 26.1484699249, 20.1974220276, 23.869474411, 5.09173727036, 1.64739942551, 0.416510790586, 0.0602961368859, 0.00369303743355, 0.000138376475661, 5.90309791733e-05],
        "median": [0.0676970928907, 1.37430822849, 2.55739974976, 1.60486531258, 1.93672502041, 3.1555018425, 3.54308986664, 8.55243968964, 6.93905448914, 8.78776550293, 9.20730304718, 19.1868667603, 14.546795845, 24.4614295959, 50.9397163391, 41.1730079651, 44.3984413147, 42.7278862, 41.2987937927, 26.8426113129, 26.4753322601, 24.6722011566, 34.382938385, 27.9710960388, 27.057970047, 20.2837810516, 13.1809091568, 8.94257545471, 11.4667243958, 17.4297351837, 13.8227529526, 11.5021343231, 10.1990623474, 2.35328412056, 0.69033908844, 0.16057702899, 0.0160909313709, 0.000748241029214, 5.84423760301e-05, 4.60106602986e-05],
        "min": [0.000557134917472, 0.00400598160923, 0.0170500986278, 0.0552676692605, 0.0913122296333, 0.0825913101435, 0.095765389502, 0.265420347452, 0.322009325027, 0.301390469074, 0.505778074265, 0.377778619528, 0.550105988979, 1.19329714775, 0.639435589314, 0.643206059933, 0.601022064686, 1.10139334202, 1.87124431133, 3.42715978622, 2.66812825203, 2.2173242569, 4.85912132263, 2.51361989975, 1.79707455635, 1.61590385437, 0.76763433218, 0.39669328928, 0.595203280449, 0.598142206669, 0.467897027731, 0.371423989534, 0.147992774844, 0.0134273236617, 0.0147369522601, 0.000940647150856, 8.32186124171e-05, 1.32347977342e-05, 1.09292695925e-05, 1.25698970805e-05],
        "var": [0.0261484608054, 3.02872991562, 10.1625862122, 42.3237495422, 32.7012138367, 24.5511798859, 100.670608521, 234.948669434, 643.149963379, 751.349853516, 1342.06665039, 2479.44311523, 2518.46337891, 1070.12854004, 13340.6826172, 6414.71972656, 13218.6777344, 9764.95117188, 7050.63720703, 3220.92993164, 1694.75488281, 1479.56884766, 1153.81335449, 722.06072998, 655.074157715, 777.853759766, 172.069213867, 111.596359253, 187.003753662, 2483.95239258, 2242.76757812, 719.192565918, 2119.29150391, 63.8792037964, 6.17203044891, 0.557480156422, 0.0133116682991, 6.9215959229e-05, 4.72601691115e-08, 1.83563231282e-09]
    },
    "gfcc": {
        "mean": [64.5557785034, 64.7171936035, -133.998855591, 48.6977081299, -67.9385604858, 43.5596084595, -42.6645736694, 17.1773796082, -21.8178119659, 0.91623210907, -3.7110080719, -1.47297537327, -9.87747859955],
        "cov": [[776.247924805, -438.827789307, 196.085739136, -21.0810146332, 41.0558166504, 85.7233734131, -52.8503761292, 22.2565765381, -85.4909362793, 46.82654953, -109.927024841, 21.0142936707, -91.9417572021], [-438.827789307, 469.921539307, -160.302459717, -5.19591665268, -15.3390865326, -70.2017364502, 61.3437690735, -24.316778183, 60.7446708679, -43.7828178406, 85.5601577759, -42.5554542542, 59.0272903442], [196.085739136, -160.302459717, 377.019989014, 90.6759033203, -8.66577339172, 8.17942714691, -64.094871521, 69.4018859863, -8.45365524292, 3.22674846649, -39.1795310974, 51.0764427185, -27.6332092285], [-21.0810146332, -5.19591665268, 90.6759033203, 150.788574219, 46.8546142578, -19.8768005371, -31.8657913208, 15.1950445175, 26.9076595306, -10.2898807526, 1.07237648964, 10.5677614212, 24.3797187805], [41.0558166504, -15.3390865326, -8.66577339172, 46.8546142578, 129.449661255, 38.465007782, 16.9735565186, 3.59217786789, -6.5142455101, 22.0547103882, -12.8641366959, 0.448888361454, -12.6471128464], [85.7233734131, -70.2017364502, 8.17942714691, -19.8768005371, 38.465007782, 137.13961792, 47.4671974182, 0.711770534515, -28.2748336792, 10.6116428375, 15.2315196991, -2.85347366333, -5.29190301895], [-52.8503761292, 61.3437690735, -64.094871521, -31.8657913208, 16.9735565186, 47.4671974182, 101.510246277, 4.6168513298, -17.8396492004, 2.42053079605, 11.1330032349, -13.2762918472, -1.30523204803], [22.2565765381, -24.316778183, 69.4018859863, 15.1950445175, 3.59217786789, 0.711770534515, 4.6168513298, 88.3404159546, 41.0657310486, 7.19484996796, -10.7925024033, -1.649746418, 0.33081188798], [-85.4909362793, 60.7446708679, -8.45365524292, 26.9076595306, -6.5142455101, -28.2748336792, -17.8396492004, 41.0657310486, 99.0937271118, 18.7435512543, 11.7402210236, -13.3100605011, 13.8370952606], [46.82654953, -43.7828178406, 3.22674846649, -10.2898807526, 22.0547103882, 10.6116428375, 2.42053079605, 7.19484996796, 18.7435512543, 76.8308029175, 14.0509157181, 10.2386817932, -15.7697839737], [-109.927024841, 85.5601577759, -39.1795310974, 1.07237648964, -12.8641366959, 15.2315196991, 11.1330032349, -10.7925024033, 11.7402210236, 14.0509157181, 94.4524841309, 20.2655391693, 23.7425231934], [21.0142936707, -42.5554542542, 51.0764427185, 10.5677614212, 0.448888361454, -2.85347366333, -13.2762918472, -1.649746418, -13.3100605011, 10.2386817932, 20.2655391693, 69.939414978, 19.4167671204], [-91.9417572021, 59.0272903442, -27.6332092285, 24.3797187805, -12.6471128464, -5.29190301895, -1.30523204803, 0.33081188798, 13.8370952606, -15.7697839737, 23.7425231934, 19.4167671204, 79.3122024536]],
        "icov": [[0.00326536176726, 0.00203796476126, -0.000653864757624, 0.000766650366131, -0.000594735727645, -0.000764299649745, 0.000980006996542, -0.0002972309303, 0.00134875357617, -0.000902760832105, 0.00121621810831, 0.000600206549279, 0.000750834180508], [0.00203796476126, 0.00972220487893, -0.00369955413043, 0.00555249024183, -0.00627743219957, 0.00833075493574, -0.00778528209776, 0.00615893909708, -0.00632190750912, 0.00656583858654, -0.00922571029514, 0.00819506775588, -0.00530392955989], [-0.000653864757624, -0.00369955413043, 0.00905639491975, -0.0082554044202, 0.00698979524896, -0.00657177437097, 0.00669685192406, -0.00900806766003, 0.00602219905704, -0.00374857126735, 0.0065988348797, -0.00880725868046, 0.00689698336646], [0.000766650366131, 0.00555249024183, -0.0082554044202, 0.0184251163155, -0.0127912685275, 0.00905401259661, -0.00455171987414, 0.00781571120024, -0.00870009791106, 0.00800508446991, -0.00909097865224, 0.00863960199058, -0.00961085222661], [-0.000594735727645, -0.00627743219957, 0.00698979524896, -0.0127912685275, 0.019056301564, -0.0111231943592, 0.00544750737026, -0.0074080619961, 0.00758050056174, -0.00957807525992, 0.0112972343341, -0.00929987430573, 0.00843469705433], [-0.000764299649745, 0.00833075493574, -0.00657177437097, 0.00905401259661, -0.0111231943592, 0.0211304426193, -0.0133483223617, 0.00774999801069, -0.00599311850965, 0.00739217083901, -0.0143770547584, 0.0117043675855, -0.00882086344063], [0.000980006996542, -0.00778528209776, 0.00669685192406, -0.00455171987414, 0.00544750737026, -0.0133483223617, 0.0242980867624, -0.012264823541, 0.0120649272576, -0.00771396327764, 0.00909813027829, -0.00645342329517, 0.00630928110331], [-0.0002972309303, 0.00615893909708, -0.00900806766003, 0.00781571120024, -0.0074080619961, 0.00774999801069, -0.012264823541, 0.0264038834721, -0.0169294606894, 0.00692919222638, -0.00629672175273, 0.00743838399649, -0.0070501700975], [0.00134875357617, -0.00632190750912, 0.00602219905704, -0.00870009791106, 0.00758050056174, -0.00599311850965, 0.0120649272576, -0.0169294606894, 0.0269832797348, -0.0129102133214, 0.00661624362692, -0.00152855855413, 0.00323817483149], [-0.000902760832105, 0.00656583858654, -0.00374857126735, 0.00800508446991, -0.00957807525992, 0.00739217083901, -0.00771396327764, 0.00692919222638, -0.0129102133214, 0.0246888492256, -0.0118329813704, 0.00243092770688, -0.000781307462603], [0.00121621810831, -0.00922571029514, 0.0065988348797, -0.00909097865224, 0.0112972343341, -0.0143770547584, 0.00909813027829, -0.00629672175273, 0.00661624362692, -0.0118329813704, 0.0279175471514, -0.0153464879841, 0.00628048414364], [0.000600206549279, 0.00819506775588, -0.00880725868046, 0.00863960199058, -0.00929987430573, 0.0117043675855, -0.00645342329517, 0.00743838399649, -0.00152855855413, 0.00243092770688, -0.0153464879841, 0.0314976498485, -0.0143338190392], [0.000750834180508, -0.00530392955989, 0.00689698336646, -0.00961085222661, 0.00843469705433, -0.00882086344063, 0.00630928110331, -0.0070501700975, 0.00323817483149, -0.000781307462603, 0.00628048414364, -0.0143338190392, 0.0245818663388]]
    },
    "melbands": {
        "dmean": [0.000725863035768, 0.000913385825697, 0.000516436470207, 0.000212959072087, 0.000121136661619, 0.000176028392161, 0.00013129983563, 0.000108229811303, 9.05728302314e-05, 0.000132958855829, 9.02408792172e-05, 7.43581986171e-05, 0.000158679540618, 0.000129451742396, 8.29394703032e-05, 0.000114333393867, 8.0397570855e-05, 5.80169726163e-05, 3.80210367439e-05, 3.45849693986e-05, 2.15479303733e-05, 2.17046090256e-05, 2.01706916414e-05, 1.80182596523e-05, 1.43336437759e-05, 1.15204375106e-05, 1.33654257297e-05, 8.33472404338e-06, 5.03263800056e-06, 3.60210265171e-06, 3.25249925481e-06, 4.01619627155e-06, 5.37268533662e-06, 1.6126792616e-05, 1.19056467156e-05, 6.80840685163e-06, 7.66511584516e-06, 1.46870388562e-05, 5.62187051401e-06, 1.94267772713e-06],
        "dmean2": [0.00121154694352, 0.0015290559968, 0.000873885175679, 0.00036015137448, 0.000188229780179, 0.000284657115117, 0.000207003773539, 0.000163893491845, 0.000141297496157, 0.000216616652324, 0.000146189791849, 0.000119023781735, 0.000265763897914, 0.000216961809201, 0.000133616485982, 0.000198551817448, 0.000134005676955, 9.24731066334e-05, 6.06231187703e-05, 5.53258178115e-05, 3.59509576811e-05, 3.62256396329e-05, 3.36862904078e-05, 3.02690605167e-05, 2.44431594183e-05, 1.86901124835e-05, 2.15532472794e-05, 1.324160894e-05, 8.1372081695e-06, 5.67935830986e-06, 5.25938139617e-06, 6.34020443613e-06, 8.54802692629e-06, 2.60743945546e-05, 1.81120540219e-05, 1.03466127257e-05, 1.14957238111e-05, 2.15157742787e-05, 8.72277996677e-06, 3.03966226056e-06],
        "dvar": [2.62101752924e-06, 2.06657568924e-06, 1.61172636126e-06, 1.06644478137e-07, 4.11214671203e-08, 5.68892879471e-08, 5.79181644866e-08, 4.50865904611e-08, 6.23116704901e-08, 4.18892973642e-08, 3.22942845798e-08, 1.17859570992e-08, 5.89870943202e-08, 3.6896970812e-08, 1.73731589115e-08, 3.00786453522e-08, 2.61323762629e-08, 6.26562668415e-09, 3.29697980028e-09, 3.07971625979e-09, 9.89256010442e-10, 1.00259089919e-09, 9.03285668485e-10, 6.38440578182e-10, 4.08957701037e-10, 2.26603624753e-10, 3.46126932671e-10, 2.38603470315e-10, 3.53343222737e-11, 1.86689934345e-11, 1.81044346181e-11, 3.01428430827e-11, 7.8354309152e-11, 1.79724879423e-09, 1.36314726173e-09, 1.36044883692e-10, 2.72319111705e-10, 1.51219881062e-09, 1.72450664859e-10, 1.78598628942e-11],
        "dvar2": [7.29333851268e-06, 6.15907947576e-06, 4.43063754574e-06, 2.92380292422e-07, 1.04699552139e-07, 1.40855078712e-07, 1.34510372618e-07, 1.07951869666e-07, 1.81939242339e-07, 1.03325554335e-07, 8.29403958846e-08, 3.20807025389e-08, 1.62080752375e-07, 9.75440386242e-08, 4.11412806045e-08, 8.96810163908e-08, 7.01498734657e-08, 1.30670283482e-08, 7.81066855637e-09, 7.07610547934e-09, 2.37160091565e-09, 2.73504596748e-09, 2.3568771379e-09, 1.70458647197e-09, 1.09078057697e-09, 6.00650917892e-10, 8.55091886187e-10, 5.65642588324e-10, 9.07007385864e-11, 4.44859565851e-11, 4.44333979333e-11, 7.46224540493e-11, 1.95593388708e-10, 4.65138949579e-09, 3.59971874531e-09, 2.95960006502e-10, 6.44356346058e-10, 3.47844975046e-09, 4.1003386797e-10, 3.85101395217e-11],
        "max": [0.0193873979151, 0.0166899338365, 0.0153258210048, 0.00312234601006, 0.00272418488748, 0.00240399036556, 0.00289516150951, 0.00365724670701, 0.00490133883432, 0.00350383576006, 0.00232701539062, 0.00111140450463, 0.00271302787587, 0.00264635449275, 0.00194477138575, 0.00189817359205, 0.00199023401365, 0.0015909957001, 0.00111493805889, 0.000867942348123, 0.000399657554226, 0.000499674177263, 0.000580860476475, 0.000312753079925, 0.000303440581774, 0.000165278805071, 0.000214641651837, 0.000246088748099, 7.79309557402e-05, 5.4175270634e-05, 4.70780214528e-05, 7.00112432241e-05, 9.00531449588e-05, 0.000588567520026, 0.000597683014348, 0.000155795380124, 0.000264780392172, 0.000587373215239, 0.000160269104526, 7.16807262506e-05],
        "mean": [0.00151121523231, 0.00216478528455, 0.000603906519245, 0.000300452666124, 0.000234176201047, 0.000297834165394, 0.000232248858083, 0.000196469176444, 0.00015516631538, 0.000227787313634, 0.000142286007758, 0.000125454578665, 0.000254114595009, 0.000219159803237, 0.000152567401528, 0.000214873958612, 0.000130804895889, 0.000108183550765, 7.64417491155e-05, 6.45614272798e-05, 4.17928531533e-05, 3.71612622985e-05, 3.80300953111e-05, 3.58184915967e-05, 2.70448672381e-05, 2.23474289669e-05, 2.60570686805e-05, 1.55476191139e-05, 1.08909689516e-05, 7.79951551522e-06, 6.4644395934e-06, 8.26974428492e-06, 1.00076031231e-05, 2.11886144825e-05, 1.61897005455e-05, 1.18351363199e-05, 1.28247702378e-05, 2.11151473195e-05, 8.02302747616e-06, 2.9401358006e-06],
        "median": [0.00108130578883, 0.00169978663325, 0.000303842301946, 0.000196845503524, 0.000135722439154, 0.000189487065654, 0.000106129402411, 9.05213601072e-05, 6.69218206895e-05, 0.000120881748444, 6.38479687041e-05, 8.04040391813e-05, 0.000142605407746, 0.000135685317218, 7.67344608903e-05, 9.35192074394e-05, 5.88727707509e-05, 6.02418986091e-05, 4.21968361479e-05, 3.45652479155e-05, 2.71117751254e-05, 2.40633689828e-05, 2.75243601209e-05, 2.7877438697e-05, 2.14750689338e-05, 1.69243849086e-05, 2.0464649424e-05, 1.13407131721e-05, 8.48483432492e-06, 5.74233536099e-06, 4.72368810733e-06, 6.24067752142e-06, 6.70557756166e-06, 1.12554625957e-05, 7.87610679254e-06, 7.05801312506e-06, 7.07463459548e-06, 8.08875029179e-06, 3.67894449482e-06, 1.28412875711e-06],
        "min": [4.71753810416e-06, 1.15404272947e-05, 1.25289434436e-05, 6.20292667008e-06, 3.59401155947e-06, 3.35578420163e-06, 3.20569552059e-06, 2.46930267167e-06, 1.10084909011e-06, 1.65634480709e-06, 1.55717464168e-06, 2.66792153525e-06, 2.4621006105e-06, 1.48582466863e-06, 1.193874823e-06, 8.33281092127e-07, 1.42549424709e-06, 1.85323051483e-06, 7.44986380141e-07, 2.54462293015e-06, 1.78625430181e-06, 1.52371569584e-06, 2.55960708273e-06, 3.11062285618e-06, 8.52997288803e-07, 1.26402483147e-06, 1.10382950425e-06, 2.41729679828e-07, 2.88322809183e-07, 3.47244935028e-07, 1.0422371588e-07, 5.28964498869e-08, 3.66395312312e-07, 3.0506572557e-07, 2.74239795317e-07, 2.38064231439e-07, 2.1820864049e-07, 1.23679768649e-07, 2.61101469334e-08, 6.89180545965e-10],
