{
"highlevel": {
    "danceability": {
        "all": {
            "danceable": 0.724411785603,
            "not_danceable": 0.275588184595
        },
        "probability": 0.724411785603,
        "value": "danceable"
    },
    "gender": {
        "all": {
            "female": 0.994020938873,
            "male": 0.00597907742485
        },
        "probability": 0.994020938873,
        "value": "female"
    },
    "genre_dortmund": {
        "all": {
            "alternative": 0.0336426086724,
            "blues": 0.0161507315934,
            "electronic": 0.0831211805344,
            "folkcountry": 0.0510663576424,
            "funksoulrnb": 0.0637731999159,
            "jazz": 0.560789525509,
            "pop": 0.0986901372671,
            "raphiphop": 0.0731660351157,
            "rock": 0.0196001976728
        },
        "probability": 0.560789525509,
        "value": "jazz"
    },
    "genre_electronic": {
        "all": {
            "ambient": 0.703312635422,
            "dnb": 0.0285602491349,
            "house": 0.226951211691,
            "techno": 0.0217287521809,
            "trance": 0.0194471310824
        },
        "probability": 0.703312635422,
        "value": "ambient"
    },
    "genre_rosamerica": {
        "all": {
            "cla": 0.0246781632304,
            "dan": 0.0302483160049,
            "hip": 0.0479160994291,
            "jaz": 0.0666095390916,
            "pop": 0.0379824228585,
            "rhy": 0.755519032478,
            "roc": 0.0074701262638,
            "spe": 0.0295762773603
        },
        "probability": 0.755519032478,
        "value": "rhy"
    },
    "genre_tzanetakis": {
        "all": {
            "blu": 0.0626541376114,
            "cla": 0.0348133966327,
            "cou": 0.0783501937985,
            "dis": 0.104547761381,
            "hip": 0.15693578124,
            "jaz": 0.313987255096,
            "met": 0.044816005975,
            "pop": 0.0627349764109,
            "reg": 0.0627352520823,
            "roc": 0.0784252434969
        },
        "probability": 0.313987255096,
        "value": "jaz"
    },
    "ismir04_rhythm": {
        "all": {
            "ChaChaCha": 0.265410870314,
            "Jive": 0.00788929779083,
            "Quickstep": 0.042006675154,
            "Rumba-American": 0.0134745296091,
            "Rumba-International": 0.191785365343,
            "Rumba-Misc": 0.0979748368263,
            "Samba": 0.197150424123,
            "Tango": 0.0911146700382,
            "VienneseWaltz": 0.0757020041347,
            "Waltz": 0.0174913182855
        },
        "probability": 0.265410870314,
        "value": "ChaChaCha"
    },
    "mood_acoustic": {
        "all": {
            "acoustic": 0.5,
            "not_acoustic": 0.5
        },
        "probability": 0.5,
        "value": "acoustic"
    },
    "mood_aggressive": {
        "all": {
            "aggressive": 0.143511384726,
            "not_aggressive": 0.856488585472
        },
        "probability": 0.856488585472,
        "value": "not_aggressive"
    },
    "mood_electronic": {
        "all": {
            "electronic": 0.482565432787,
            "not_electronic": 0.517434537411
        },
        "probability": 0.517434537411,
        "value": "not_electronic"
    },
    "mood_happy": {
        "all": {
            "happy": 0.065784804523,
            "not_happy": 0.934215188026
        },
        "probability": 0.934215188026,
        "value": "not_happy"
    },
    "mood_party": {
        "all": {
            "not_party": 0.881942152977,
            "party": 0.118057824671
        },
        "probability": 0.881942152977,
        "value": "not_party"
    },
    "mood_relaxed": {
        "all": {
            "not_relaxed": 0.078690469265,
            "relaxed": 0.921309530735
        },
        "probability": 0.921309530735,
        "value": "relaxed"
    },
    "mood_sad": {
        "all": {
            "not_sad": 0.175472050905,
            "sad": 0.824527978897
        },
        "probability": 0.824527978897,
        "value": "sad"
    },
    "moods_mirex": {
        "all": {
            "Cluster1": 0.215948432684,
            "Cluster2": 0.397219926119,
            "Cluster3": 0.248728230596,
            "Cluster4": 0.113161884248,
            "Cluster5": 0.0249415319413
        },
        "probability": 0.397219926119,
        "value": "Cluster2"
    },
    "timbre": {
        "all": {
            "bright": 0.209011465311,
            "dark": 0.790988564491
        },
        "probability": 0.790988564491,
        "value": "dark"
    },
    "tonal_atonal": {
        "all": {
            "atonal": 0.703148841858,
            "tonal": 0.296851187944
        },
        "probability": 0.703148841858,
        "value": "atonal"
    },
    "voice_instrumental": {
        "all": {
            "instrumental": 0.389256238937,
            "voice": 0.610743761063
        },
        "probability": 0.610743761063,
        "value": "voice"
    }
},
"lowlevel": {
    "average_loudness": 0.890824854374,
    "barkbands_crest": {
        "dmean": 3.32817101479,
        "dmean2": 5.28671884537,
        "dvar": 10.9046926498,
        "dvar2": 23.8718605042,
        "max": 26.3408794403,
        "mean": 13.8241357803,
        "median": 12.316655159,
        "min": 3.2363114357,
        "var": 32.5094146729
    },
    "barkbands_flatness_db": {
        "dmean": 0.043007414788,
        "dmean2": 0.0625243857503,
        "dvar": 0.00196091481484,
        "dvar2": 0.00356895918958,
        "max": 0.597570240498,
        "mean": 0.268942534924,
        "median": 0.253599047661,
        "min": 0.0798727795482,
        "var": 0.00808130111545
    },
    "barkbands_kurtosis": {
        "dmean": 17.7459812164,
        "dmean2": 28.4400024414,
        "dvar": 1654.73937988,
        "dvar2": 4028.54370117,
        "max": 468.038665771,
        "mean": 23.1923313141,
        "median": 9.86421298981,
        "min": -1.65856611729,
        "var": 1994.4152832
    },
    "barkbands_skewness": {
        "dmean": 1.2599375248,
        "dmean2": 1.90973901749,
        "dvar": 2.77403640747,
        "dvar2": 6.04228925705,
        "max": 18.2939510345,
        "mean": 3.05974006653,
        "median": 2.49625611305,
        "min": -0.815585017204,
        "var": 6.25689220428
    },
    "barkbands_spread": {
        "dmean": 4.02575588226,
        "dmean2": 6.08510875702,
        "dvar": 36.3577842712,
        "dvar2": 76.5640563965,
        "max": 91.0771331787,
        "mean": 8.37599182129,
        "median": 5.45958423615,
        "min": 0.15087684989,
        "var": 72.8544692993
    },
    "dissonance": {
        "dmean": 0.0376304648817,
        "dmean2": 0.0611892454326,
        "dvar": 0.0013404666679,
        "dvar2": 0.00338346068747,
        "max": 0.499085813761,
        "mean": 0.418478697538,
        "median": 0.43202072382,
        "min": 0.176106020808,
        "var": 0.00288559868932
    },
    "dynamic_complexity": 2.63386154175,
    "erbbands_crest": {
        "dmean": 2.87370753288,
        "dmean2": 4.45948839188,
        "dvar": 7.92374277115,
        "dvar2": 16.7831401825,
        "max": 31.4774436951,
        "mean": 11.4247169495,
        "median": 10.4990386963,
        "min": 3.25015568733,
        "var": 24.3638954163
    },
    "erbbands_flatness_db": {
        "dmean": 0.0305762607604,
        "dmean2": 0.0426699928939,
        "dvar": 0.00105838361196,
        "dvar2": 0.00176011549775,
        "max": 0.465813338757,
        "mean": 0.224652901292,
        "median": 0.214005514979,
        "min": 0.081599727273,
        "var": 0.00605930667371
    },
    "erbbands_kurtosis": {
        "dmean": 2.81178188324,
        "dmean2": 4.41637277603,
        "dvar": 14.0145454407,
        "dvar2": 29.5920829773,
        "max": 45.443939209,
        "mean": 4.08997011185,
        "median": 2.32086181641,
        "min": -1.87994432449,
        "var": 33.5312271118
    },
    "erbbands_skewness": {
        "dmean": 0.581625044346,
        "dmean2": 0.867321670055,
        "dvar": 0.336311876774,
        "dvar2": 0.709907829762,
        "max": 6.25215196609,
        "mean": 1.30900800228,
        "median": 1.23907494545,
        "min": -2.33538293839,
        "var": 1.15066552162
    },
    "erbbands_spread": {
        "dmean": 11.7161273956,
        "dmean2": 17.9378108978,
        "dvar": 291.157897949,
        "dvar2": 627.087890625,
        "max": 215.073516846,
        "mean": 29.2356948853,
        "median": 20.0684127808,
        "min": 2.62783885002,
        "var": 667.724182129
    },
    "hfc": {
        "dmean": 5.35441017151,
        "dmean2": 7.84022283554,
        "dvar": 66.9971618652,
        "dvar2": 146.364028931,
        "max": 101.979293823,
        "mean": 12.6810016632,
        "median": 10.1374893188,
        "min": 0.0175569970161,
        "var": 134.737304688
    },
    "melbands_crest": {
        "dmean": 3.73588323593,
        "dmean2": 5.59786176682,
        "dvar": 13.5718421936,
        "dvar2": 26.6619224548,
        "max": 36.4479484558,
        "mean": 17.0069541931,
        "median": 15.1934137344,
        "min": 4.42218160629,
        "var": 54.4756317139
    },
    "melbands_flatness_db": {
        "dmean": 0.0507957190275,
        "dmean2": 0.0720427557826,
        "dvar": 0.00286212400533,
        "dvar2": 0.00501745240763,
        "max": 0.752977490425,
        "mean": 0.339040786028,
        "median": 0.32108527422,
        "min": 0.0800157785416,
        "var": 0.0135931009427
    },
    "melbands_kurtosis": {
        "dmean": 27.0147914886,
        "dmean2": 42.9311218262,
        "dvar": 3966.31958008,
        "dvar2": 9270.0703125,
        "max": 728.844116211,
        "mean": 38.6449661255,
        "median": 16.0370960236,
        "min": -1.12774300575,
        "var": 5485.80126953
    },
    "melbands_skewness": {
        "dmean": 1.39710879326,
        "dmean2": 2.07113409042,
        "dvar": 3.32127046585,
        "dvar2": 6.97230386734,
        "max": 24.6343193054,
        "mean": 3.56256532669,
        "median": 2.78234219551,
        "min": -0.57123953104,
        "var": 9.15913581848
    },
    "melbands_spread": {
        "dmean": 3.43536067009,
        "dmean2": 5.39162826538,
        "dvar": 47.1447715759,
        "dvar2": 121.849754333,
        "max": 132.78364563,
        "mean": 8.01121711731,
        "median": 5.77740287781,
        "min": 0.175842195749,
        "var": 62.3301963806
    },
    "pitch_salience": {
        "dmean": 0.100093230605,
        "dmean2": 0.156386807561,
        "dvar": 0.0105967447162,
        "dvar2": 0.0221900381148,
        "max": 0.890295147896,
        "mean": 0.500058948994,
        "median": 0.556313633919,
        "min": 0.0678512752056,
        "var": 0.034677349031
    },
    "silence_rate_20dB": {
        "dmean": 0,
        "dmean2": 0,
        "dvar": 0,
        "dvar2": 0,
        "max": 1,
        "mean": 1,
        "median": 1,
        "min": 1,
        "var": 0
    },
    "silence_rate_30dB": {
        "dmean": 0.109907120466,
        "dmean2": 0.2199845016,
        "dvar": 0.0978264734149,
        "dvar2": 0.205671936274,
        "max": 1,
        "mean": 0.806651175022,
        "median": 1,
        "min": 0,
        "var": 0.15596498549
    },
    "silence_rate_60dB": {
        "dmean": 0.0448916405439,
        "dmean2": 0.0898528248072,
        "dvar": 0.0428762212396,
        "dvar2": 0.0957214087248,
        "max": 1,
        "mean": 0.0626450106502,
        "median": 0,
        "min": 0,
        "var": 0.0587210766971
    },
    "spectral_centroid": {
        "dmean": 194.64642334,
        "dmean2": 292.302032471,
        "dvar": 77476.5546875,
        "dvar2": 164046.453125,
        "max": 3399.00439453,
        "mean": 676.567932129,
        "median": 523.668945312,
        "min": 121.624290466,
        "var": 187046.265625
    },
    "spectral_complexity": {
        "dmean": 2.73142409325,
        "dmean2": 3.93028664589,
        "dvar": 16.1671447754,
        "dvar2": 27.9005775452,
        "max": 52,
        "mean": 10.2652750015,
        "median": 9,
        "min": 0,
        "var": 43.5761909485
    },
    "spectral_decrease": {
        "dmean": 6.11804207296e-09,
        "dmean2": 9.30987908987e-09,
        "dvar": 9.34010591618e-17,
        "dvar2": 2.1211720673e-16,
        "max": -7.47215397195e-12,
        "mean": -1.25506200988e-08,
        "median": -5.46904965759e-09,
        "min": -6.36666186438e-08,
        "var": 2.15105499263e-16
    },
    "spectral_energy": {
        "dmean": 0.0234323237091,
        "dmean2": 0.0356308929622,
        "dvar": 0.00135240633972,
        "dvar2": 0.00307081290521,
        "max": 0.243440285325,
        "mean": 0.0485190786421,
        "median": 0.0218253433704,
        "min": 2.97938495351e-05,
        "var": 0.00312697002664
    },
    "spectral_energyband_high": {
        "dmean": 0.000242660957156,
        "dmean2": 0.000373097631382,
        "dvar": 3.1715396176e-07,
        "dvar2": 7.18624107776e-07,
        "max": 0.006584496703,
        "mean": 0.000323093758198,
        "median": 9.54526622081e-05,
        "min": 8.59362181416e-09,
        "var": 4.20808532908e-07
    },
    "spectral_energyband_low": {
        "dmean": 0.0197138860822,
        "dmean2": 0.0306663624942,
        "dvar": 0.00126382196322,
        "dvar2": 0.00282024801709,
        "max": 0.21956333518,
        "mean": 0.0324331671,
        "median": 0.00159365520813,
        "min": 2.95382420745e-07,
        "var": 0.00279104080983
    },
    "spectral_energyband_middle_high": {
        "dmean": 0.00128338998184,
        "dmean2": 0.00176503323019,
        "dvar": 1.02201929622e-05,
        "dvar2": 2.12054164876e-05,
        "max": 0.0423336364329,
        "mean": 0.00224738009274,
        "median": 0.000659313343931,
        "min": 9.4015609875e-07,
        "var": 1.8993345293e-05
    },
    "spectral_energyband_middle_low": {
        "dmean": 0.00868860352784,
        "dmean2": 0.0149711240083,
        "dvar": 0.000490821024869,
        "dvar2": 0.00138426560443,
        "max": 0.183321461082,
        "mean": 0.0145548973233,
        "median": 0.00995447579771,
        "min": 2.32847287407e-05,
        "var": 0.000366620864952
    },
    "spectral_entropy": {
        "dmean": 0.358564406633,
        "dmean2": 0.503598213196,
        "dvar": 0.146490931511,
        "dvar2": 0.262701094151,
        "max": 8.48565864563,
        "mean": 6.72983789444,
        "median": 6.81509494781,
        "min": 4.67001199722,
        "var": 0.620709359646
    },
    "spectral_flux": {
        "dmean": 0.0493647903204,
        "dmean2": 0.0789786800742,
        "dvar": 0.00394772132859,
        "dvar2": 0.00822158250958,
        "max": 0.486561119556,
        "mean": 0.10377895087,
        "median": 0.0686580464244,
        "min": 0.00313784251921,
        "var": 0.00877497252077
    },
    "spectral_kurtosis": {
        "dmean": 10.4447927475,
        "dmean2": 15.9246101379,
        "dvar": 593.48248291,
        "dvar2": 1280.70166016,
        "max": 336.10144043,
        "mean": 22.0844097137,
        "median": 5.77097034454,
        "min": -1.28602731228,
        "var": 2130.16333008
    },
    "spectral_rms": {
        "dmean": 0.00146254186984,
        "dmean2": 0.00216746516526,
        "dvar": 3.46168826582e-06,
        "dvar2": 7.1976005529e-06,
        "max": 0.0154111227021,
        "mean": 0.00583344278857,
        "median": 0.00461443560198,
        "min": 0.000170490966411,
        "var": 1.33066587296e-05
    },
    "spectral_rolloff": {
        "dmean": 212.731491089,
        "dmean2": 356.489593506,
        "dvar": 372159.6875,
        "dvar2": 898517.5625,
        "max": 10142.1386719,
        "mean": 604.79486084,
        "median": 473.73046875,
        "min": 43.06640625,
        "var": 498885.28125
    },
    "spectral_skewness": {
        "dmean": 0.753748059273,
        "dmean2": 1.08747684956,
        "dvar": 1.25599300861,
        "dvar2": 2.38275718689,
        "max": 14.208439827,
        "mean": 2.93640041351,
        "median": 2.05704021454,
        "min": -0.247601270676,
        "var": 5.93542957306
    },
    "spectral_spread": {
        "dmean": 940806.8125,
        "dmean2": 1324806.5,
        "dvar": 1.56878412186e+12,
        "dvar2": 2.63486072422e+12,
        "max": 19150210,
        "mean": 4304815,
        "median": 4160904.75,
        "min": 262736.28125,
        "var": 5.7011774423e+12
    },
    "spectral_strongpeak": {
        "dmean": 0.437975138426,
        "dmean2": 0.712377369404,
        "dvar": 0.375237047672,
        "dvar2": 0.781789839268,
        "max": 10.1128950119,
        "mean": 0.931040465832,
        "median": 0.682020664215,
        "min": 0.0090376585722,
        "var": 0.861139118671
    },
    "zerocrossingrate": {
        "dmean": 0.00910085160285,
        "dmean2": 0.0105428658426,
        "dvar": 0.000128661107738,
        "dvar2": 0.000173265434569,
        "max": 0.23193359375,
        "mean": 0.0327080450952,
        "median": 0.0244140625,
        "min": 0.001953125,
        "var": 0.000658096687403
    },
    "barkbands": {
        "dmean": [0.000519086606801, 0.0173212774098, 0.00585575774312, 0.0026194518432, 0.00383301521651, 0.00156637374312, 0.00176518247463, 0.000625233689789, 0.000465821794933, 0.000419303454692, 0.000340591039276, 0.000232445192523, 0.000295544159599, 6.6864740802e-05, 0.000110362256237, 4.74490807392e-05, 4.90411985083e-05, 4.43697208539e-05, 5.28822420165e-05, 6.0109570768e-05, 5.63137473364e-05, 4.96040120197e-05, 4.28604289482e-05, 5.38247768418e-05, 3.28946407535e-05, 6.28728867014e-06, 9.61336787952e-09],
        "dmean2": [0.000710417400114, 0.027810100466, 0.0104295769706, 0.00472647557035, 0.00690920185298, 0.00241677113809, 0.00279481662437, 0.0010765864281, 0.000708469364326, 0.000658322416712, 0.000499526504427, 0.000342498562532, 0.000373587099602, 0.000101900433947, 0.000164672150277, 7.39770039218e-05, 7.52725463826e-05, 7.46064979467e-05, 8.01663263701e-05, 9.60321267485e-05, 8.92168318387e-05, 7.84185322118e-05, 6.59723082208e-05, 8.51413569762e-05, 4.96431784995e-05, 1.04902792373e-05, 1.64626037247e-08],
        "dvar": [1.13907265131e-06, 0.00105322361924, 0.000256302650087, 8.4771476395e-05, 0.000121378339827, 6.44037299935e-06, 1.26057375383e-05, 2.49998879553e-06, 9.74269596554e-07, 1.9262454316e-06, 1.01960813481e-06, 4.49537822078e-07, 1.92184234038e-06, 3.46183313127e-08, 1.00285298288e-07, 2.0467693318e-08, 2.48227713939e-08, 9.98148941278e-09, 1.23035555077e-08, 5.66131284074e-08, 2.10056700922e-08, 1.80933792393e-08, 1.49485881451e-08, 2.40131683427e-08, 6.32145624735e-09, 3.57486679148e-10, 1.91248371611e-15],
        "dvar2": [2.00078920898e-06, 0.00251593790017, 0.000711802800652, 0.000238908571191, 0.00035129263415, 1.38686600621e-05, 2.860459972e-05, 7.12944938641e-06, 2.12700160773e-06, 4.84375505039e-06, 2.4876135285e-06, 9.26636005261e-07, 2.99671387438e-06, 7.35192031698e-08, 2.20875506329e-07, 4.86057132321e-08, 5.68995197625e-08, 2.66489408318e-08, 2.79947514059e-08, 1.46875450469e-07, 4.70903813721e-08, 4.20152801439e-08, 3.25741140728e-08, 6.42983195576e-08, 1.23495560445e-08, 9.66262514446e-10, 4.31589036428e-15],
        "max": [0.00950986798853, 0.200549006462, 0.107245221734, 0.086138933897, 0.0955554321408, 0.0367809124291, 0.0500944666564, 0.0138450860977, 0.0126388780773, 0.0262022912502, 0.0183967985213, 0.0108788562939, 0.0363588742912, 0.00214028917253, 0.00392396282405, 0.00195627124049, 0.00190598668996, 0.00096355000278, 0.00234318594448, 0.00612119585276, 0.00199201283976, 0.00155768904369, 0.00169087050017, 0.00237184646539, 0.00201093847863, 0.000290355557809, 1.04658636246e-06],
        "mean": [0.000757268571761, 0.025387743488, 0.00528820278123, 0.00199010153301, 0.00416497932747, 0.00320120505057, 0.0033563580364, 0.000790824298747, 0.000969017914031, 0.00047561142128, 0.000509590026923, 0.000350925547536, 0.000434740475612, 8.11637728475e-05, 0.00014359614579, 5.63467256143e-05, 5.45563852938e-05, 6.11199138802e-05, 8.84028850123e-05, 7.25932914065e-05, 7.08790466888e-05, 5.03140254295e-05, 4.30143882113e-05, 6.76376803312e-05, 4.65337179776e-05, 6.35631477053e-06, 7.28237692371e-09],
        "median": [4.27056784247e-06, 0.00013779407891, 0.000360291975085, 0.000489987549372, 0.00211251131259, 0.00188371120021, 0.00132760033011, 0.000260136439465, 0.00030361051904, 8.47202099976e-05, 8.6946572992e-05, 3.58104189218e-05, 2.42795558734e-05, 1.44984041981e-05, 1.51137683133e-05, 7.13108602213e-06, 6.50554784443e-06, 8.2802871475e-06, 1.62282212841e-05, 1.67785201484e-05, 1.60526487889e-05, 7.50923709347e-06, 3.3044796055e-06, 1.61470288731e-05, 1.05123654066e-05, 1.00560259853e-06, 4.50417758646e-10],
        "min": [9.04284910841e-11, 4.29084945353e-09, 4.29951789727e-08, 3.76040020456e-07, 1.71815474914e-06, 7.56812482905e-07, 2.04492698685e-06, 3.27375460074e-07, 3.56286165015e-07, 7.91108334397e-08, 3.54435769623e-08, 4.05643660883e-08, 1.88050162109e-08, 1.57948001345e-08, 2.03514431973e-08, 8.94099816406e-09, 2.84147994023e-09, 1.91091120705e-09, 2.2317767634e-09, 1.45120748751e-09, 1.5191774505e-09, 1.3449727998e-09, 1.3387209119e-09, 3.73651977414e-11, 1.89081389435e-10, 6.5522175359e-12, 7.40657448567e-12],
        "var": [2.6961893127e-06, 0.00206784205511, 0.00020048506849, 5.16403379152e-05, 7.55671790102e-05, 1.69676204678e-05, 3.04812674585e-05, 1.96450787371e-06, 2.41129191636e-06, 1.9373098894e-06, 1.54318308887e-06, 1.14621457215e-06, 4.28182238466e-06, 4.74897703384e-08, 1.46333405837e-07, 2.49793199458e-08, 2.74128595379e-08, 1.50767416329e-08, 3.23928510682e-08, 4.52123991579e-08, 2.43906619346e-08, 1.85219004578e-08, 2.06989696494e-08, 2.69048925361e-08, 1.15503873133e-08, 3.11006220777e-10, 2.04324230976e-15]
    },
    "erbbands": {
        "dmean": [0.526896059513, 3.94415950775, 6.71058511734, 7.46828603745, 12.3296642303, 12.3328676224, 11.7033491135, 13.580737114, 20.1844806671, 25.0581512451, 11.2556791306, 9.49223518372, 9.91581344604, 18.5474262238, 11.7940206528, 7.38521528244, 14.6584043503, 5.30246067047, 3.93770265579, 4.55826044083, 2.41320061684, 2.70842695236, 2.2715716362, 2.28126168251, 3.00660967827, 2.70585846901, 2.61480021477, 1.89426422119, 1.92103922367, 1.22095787525, 1.36354315281, 1.37883174419, 0.685991942883, 0.361524492502, 0.260572940111, 0.0565137639642, 0.00620115967467, 0.000245021481533, 1.75699806277e-05, 2.60913529928e-05],
        "dmean2": [0.754507601261, 6.40785360336, 11.3574132919, 13.1738510132, 22.8727245331, 21.6749687195, 18.9449157715, 21.2082118988, 32.2001342773, 39.2567253113, 18.9340515137, 14.5582952499, 14.9284124374, 28.4751491547, 17.9692020416, 10.8443546295, 18.3576450348, 7.45407581329, 5.77771091461, 6.61293029785, 3.57421922684, 3.98924994469, 3.67697501183, 3.42958807945, 4.92190504074, 4.26286363602, 4.17172908783, 2.96782374382, 3.03965234756, 1.91851770878, 2.10202383995, 2.27543306351, 1.04157006741, 0.547235250473, 0.395684152842, 0.089428409934, 0.0106898825616, 0.000422342622187, 2.72063516604e-05, 3.96343493776e-05],
        "dvar": [1.06053364277, 58.4634819031, 289.402282715, 521.00592041, 2127.32763672, 789.38470459, 438.428985596, 565.38885498, 2175.59619141, 1864.05664062, 686.28112793, 387.793426514, 527.893371582, 5216.43945312, 701.899108887, 475.018676758, 5425.90478516, 191.801651001, 135.067138672, 138.905212402, 51.3301696777, 67.4134902954, 30.4258117676, 18.5303115845, 97.5373306274, 87.2663421631, 45.1176300049, 23.2401714325, 30.6555099487, 9.49477958679, 17.7082672119, 23.5446624756, 2.59616541862, 0.802385747433, 0.405516862869, 0.0253320205957, 0.000301702675642, 4.20726877337e-07, 7.32490790245e-10, 1.57317792127e-09],
        "dvar2": [2.06045556068, 147.031570435, 751.486999512, 1453.76367188, 6157.89208984, 2264.40283203, 1105.91467285, 1269.61975098, 4770.39892578, 4538.60595703, 1909.31396484, 842.239440918, 1194.03515625, 12945.3916016, 1721.83557129, 1126.37902832, 8573.66113281, 371.020141602, 279.005096436, 304.419311523, 103.722915649, 146.788497925, 69.8285522461, 37.16223526, 271.773895264, 216.630813599, 99.0675201416, 54.5053253174, 74.5057525635, 20.1276378632, 39.8596115112, 66.3313674927, 5.70241165161, 1.49932360649, 0.885346114635, 0.0633757412434, 0.000849460833706, 1.19379046737e-06, 1.71603020682e-09, 3.55455465062e-09],
        "max": [7.62482595444, 46.6213912964, 121.037963867, 186.748016357, 359.272735596, 279.491577148, 211.712524414, 317.802093506, 709.401306152, 540.743225098, 221.709991455, 305.282318115, 315.271270752, 1431.43652344, 295.14831543, 452.242858887, 1986.56884766, 219.821105957, 170.684265137, 155.786376953, 100.036819458, 94.3148880005, 59.8106613159, 111.432846069, 191.126495361, 237.260574341, 89.6788711548, 60.5977401733, 69.0791931152, 36.7843971252, 61.226776123, 75.2072982788, 33.7711791992, 21.3836631775, 14.1089076996, 2.57921862602, 0.164026916027, 0.00609152624384, 0.000419030897319, 0.00026521529071],
        "mean": [0.830603301525, 5.23609209061, 6.93532419205, 6.60976028442, 9.54542827606, 14.8507909775, 20.9862670898, 26.8350982666, 38.7719993591, 44.7279624939, 16.9416027069, 20.8342876434, 16.4248046875, 23.6702213287, 19.4724273682, 10.8750925064, 20.6831150055, 7.58674716949, 5.31862354279, 6.01657772064, 3.11697912216, 3.16134238243, 3.4472079277, 4.02006101608, 4.03799200058, 3.43051719666, 3.46871519089, 2.25393939018, 1.90481746197, 1.21795034409, 1.36169409752, 1.53656184673, 0.970974385738, 0.505469918251, 0.352618217468, 0.0645857602358, 0.00606426224113, 0.000247022457188, 3.39917787642e-05, 5.52341552975e-05],
        "median": [0.00365623808466, 0.0596850067377, 0.412805408239, 1.72332978249, 3.10913348198, 7.07806777954, 12.6903171539, 14.87753582, 17.8243846893, 17.1447067261, 8.16093826294, 6.91938352585, 6.35234546661, 5.09544372559, 3.08405590057, 1.79262125492, 1.26699769497, 1.05511295795, 0.737272441387, 0.731222569942, 0.465532571077, 0.392564475536, 0.463748216629, 0.848148167133, 0.836660444736, 0.808565974236, 0.854574084282, 0.496521800756, 0.300378441811, 0.0816206336021, 0.116388693452, 0.302010178566, 0.244855210185, 0.0987763255835, 0.0741275697947, 0.0141322696581, 0.00112133892253, 5.38341191714e-05, 2.04043790291e-05, 2.68641742878e-05],
        "min": [3.43329730867e-07, 4.54797645943e-06, 8.65173933562e-05, 0.000974061724264, 0.0027323612012, 0.00325009622611, 0.00590532505885, 0.014065599069, 0.0279925186187, 0.0284620020539, 0.0153838191181, 0.0258374344558, 0.0197690688074, 0.00416529690847, 0.00763787329197, 0.00257978076115, 0.000848453666549, 0.0012764162384, 0.00111858407035, 0.00100485829171, 0.000540021224879, 0.000181265801075, 0.000171759558725, 0.000121448108985, 9.38865559874e-05, 7.11447646609e-05, 5.95049059484e-05, 6.05048626312e-05, 5.86738497077e-05, 4.88230580231e-05, 3.47449531546e-05, 1.57141821546e-05, 7.27129736333e-06, 4.15583099311e-06, 7.19172362551e-07, 1.83755787475e-07, 9.82082397627e-08, 1.67650213712e-08, 3.06802618866e-08, 3.63027474748e-08],
        "var": [2.57700371742, 94.1543655396, 283.644012451, 344.979003906, 1185.36682129, 614.959533691, 755.394714355, 1354.21228027, 5242.93261719, 4413.30273438, 651.492492676, 1057.21557617, 897.553527832, 5526.97265625, 1643.8828125, 758.356384277, 11262.6152344, 400.994415283, 200.73097229, 211.627365112, 74.5640792847, 82.4036941528, 51.5776367188, 64.274848938, 83.516708374, 78.0388717651, 53.9404411316, 25.5925559998, 28.2531700134, 12.6834821701, 23.0502319336, 19.8213844299, 4.81319618225, 1.58791029453, 0.631659984589, 0.0269223656505, 0.000260803179117, 3.59219001211e-07, 1.49892676049e-09, 3.76890563203e-09]
    },
    "gfcc": {
        "mean": [-79.1217041016, 128.90184021, -89.2950744629, 15.4836711884, -82.2724761963, 2.6877720356, -40.6549415588, 6.82088804245, -29.3292675018, 1.14557754993, -5.7272195816, -12.5150928497, 1.10223066807],
        "cov": [[9012.39355469, -2880.72827148, -850.898620605, 1723.40539551, -29.044719696, 1042.35375977, -31.2289962769, 834.4453125, -158.635452271, 648.728820801, 205.302581787, 544.131103516, 5.08439588547], [-2880.72827148, 3396.03588867, 988.051391602, -757.586547852, 866.621826172, -285.91003418, 587.056945801, -618.918395996, 360.540740967, -343.924621582, 57.2676620483, -269.76272583, 193.537567139], [-850.898620605, 988.051391602, 1930.0625, 505.582977295, 388.713562012, 207.426712036, 294.338226318, 69.3126296997, 309.797119141, 40.3510742188, 67.6995544434, 103.712715149, 99.9732818604], [1723.40539551, -757.586547852, 505.582977295, 1256.37890625, 320.594055176, 432.55770874, 165.653396606, 392.884674072, 168.956008911, 193.283630371, 122.224975586, 246.678115845, 80.6020965576], [-29.044719696, 866.621826172, 388.713562012, 320.594055176, 900.838317871, 290.229644775, 417.932189941, 38.4898643494, 322.386383057, 46.1736907959, 137.6431427, 62.1811103821, 140.70892334], [1042.35375977, -285.91003418, 207.426712036, 432.55770874, 290.229644775, 551.360839844, 173.325119019, 130.721572876, 143.69442749, 138.000793457, 70.0238952637, 116.479682922, 41.7761802673], [-31.2289962769, 587.056945801, 294.338226318, 165.653396606, 417.932189941, 173.325119019, 425.717010498, 11.7839183807, 171.957595825, 53.1073799133, 129.356552124, 47.3941841125, 92.2930145264], [834.4453125, -618.918395996, 69.3126296997, 392.884674072, 38.4898643494, 130.721572876, 11.7839183807, 379.307647705, 32.0715065002, 146.480651855, 71.8229751587, 129.108703613, 29.1023387909], [-158.635452271, 360.540740967, 309.797119141, 168.956008911, 322.386383057, 143.69442749, 171.957595825, 32.0715065002, 292.292144775, 33.0993347168, 59.3417167664, 43.2466392517, 68.1653823853], [648.728820801, -343.924621582, 40.3510742188, 193.283630371, 46.1736907959, 138.000793457, 53.1073799133, 146.480651855, 33.0993347168, 256.384674072, 95.5038146973, 89.9412078857, 36.8689308167], [205.302581787, 57.2676620483, 67.6995544434, 122.224975586, 137.6431427, 70.0238952637, 129.356552124, 71.8229751587, 59.3417167664, 95.5038146973, 193.077163696, 44.3293762207, 40.4935493469], [544.131103516, -269.76272583, 103.712715149, 246.678115845, 62.1811103821, 116.479682922, 47.3941841125, 129.108703613, 43.2466392517, 89.9412078857, 44.3293762207, 177.130340576, 36.0609855652], [5.08439588547, 193.537567139, 99.9732818604, 80.6020965576, 140.70892334, 41.7761802673, 92.2930145264, 29.1023387909, 68.1653823853, 36.8689308167, 40.4935493469, 36.0609855652, 134.707611084]],
        "icov": [[0.000279047933873, -0.000241986766923, 0.000307901558699, -0.00040654282202, 0.000232816717471, -0.000487404613523, 0.000177413705387, -0.00027850191691, 0.000301201624097, -0.000390058441553, 5.86344176554e-05, -0.000384164974093, 0.00023801997304], [-0.000241986766923, 0.00303575838916, -0.00157280580606, 0.00182347942609, -0.00226875836961, 0.00199593044817, -0.00196682009846, 0.0025111429859, -0.000699004449416, 0.00189302663784, -0.000636347744148, 0.00173608388286, -0.00215821317397], [0.000307901558699, -0.00157280580606, 0.00163830444217, -0.00140128727071, 0.00131346471608, -0.00116293679457, 0.000713691115379, -0.00121154705994, -5.1204351621e-05, -0.00109636015259, 0.000494716747198, -0.0011343753431, 0.00111303571612], [-0.00040654282202, 0.00182347942609, -0.00140128727071, 0.00309660262428, -0.00166053173598, 0.000762720650528, -0.00102089811116, 0.000372834241716, -0.000560115033295, 0.00159109744709, -0.000531493977178, 0.000361510232324, -0.00138954713475], [0.000232816717471, -0.00226875836961, 0.00131346471608, -0.00166053173598, 0.00454794382676, -0.00205151503906, -0.000236645413679, -0.00179913046304, -0.00114786054473, -0.000932121824007, 0.00022493636061, -0.000950905145146, 0.000728969927877], [-0.000487404613523, 0.00199593044817, -0.00116293679457, 0.000762720650528, -0.00205151503906, 0.00485638482496, -0.00183952541556, 0.00200803182088, -0.00123667274602, 0.000387054402381, 0.000172838175786, 0.000927729706746, -0.00075962417759], [0.000177413705387, -0.00196682009846, 0.000713691115379, -0.00102089811116, -0.000236645413679, -0.00183952541556, 0.00656073028222, -0.00103737378959, 0.000349082809407, -0.00114742410369, -0.00169669475872, -0.00141757470556, 0.000473976018839], [-0.00027850191691, 0.0025111429859, -0.00121154705994, 0.000372834241716, -0.00179913046304, 0.00200803182088, -0.00103737378959, 0.00702365441248, -0.000718104362022, 0.000174761167727, -0.0011217019055, 8.12506332295e-05, -0.00184036872815], [0.000301201624097, -0.000699004449416, -5.1204351621e-05, -0.000560115033295, -0.00114786054473, -0.00123667274602, 0.000349082809407, -0.000718104362022, 0.0068101878278, -0.000616307894234, 5.13506211064e-06, -0.000846427690703, -0.000187853947864], [-0.000390058441553, 0.00189302663784, -0.00109636015259, 0.00159109744709, -0.000932121824007, 0.000387054402381, -0.00114742410369, 0.000174761167727, -0.000616307894234, 0.00793374236673, -0.0028116714675, 4.71152779937e-05, -0.00226838234812], [5.86344176554e-05, -0.000636347744148, 0.000494716747198, -0.000531493977178, 0.00022493636061, 0.000172838175786, -0.00169669475872, -0.0011217019055, 5.13506211064e-06, -0.0028116714675, 0.00818381179124, -0.000316976802424, 0.000370866095182], [-0.000384164974093, 0.00173608388286, -0.0011343753431, 0.000361510232324, -0.000950905145146, 0.000927729706746, -0.00141757470556, 8.12506332295e-05, -0.000846427690703, 4.71152779937e-05, -0.000316976802424, 0.0104410471395, -0.00247931713238], [0.00023801997304, -0.00215821317397, 0.00111303571612, -0.00138954713475, 0.000728969927877, -0.00075962417759, 0.000473976018839, -0.00184036872815, -0.000187853947864, -0.00226838234812, 0.000370866095182, -0.00247931713238, 0.0113357705995]]
    },
    "melbands": {
        "dmean": [0.00472368299961, 0.0038290687371, 0.00148371083196, 0.00089817494154, 0.000423021003371, 0.000296759215416, 0.000335142744007, 0.000242812137003, 8.45745089464e-05, 6.39416684862e-05, 4.96296488564e-05, 7.56138615543e-05, 4.21835211455e-05, 2.96776233881e-05, 2.06162076211e-05, 3.14843273372e-05, 7.70146107243e-06, 5.41735153092e-06, 8.85583722265e-06, 3.77857509193e-06, 2.69745737569e-06, 2.75478828371e-06, 2.7406749723e-06, 2.05512969842e-06, 1.91090020962e-06, 2.21358345698e-06, 2.42742339651e-06, 1.71587896602e-06, 1.7649840629e-06, 1.38787481774e-06, 1.0640524124e-06, 1.20661070468e-06, 8.65474589773e-07, 6.22210450274e-07, 8.37415711885e-07, 7.35394962703e-07, 9.14717361411e-07, 5.32769945494e-07, 3.34768969878e-07, 3.1417334867e-07],
        "dmean2": [0.00742866052315, 0.00613160431385, 0.00265557039529, 0.001631776453, 0.000702808552887, 0.000459830451291, 0.000534776772838, 0.000386028084904, 0.000141226744745, 9.78752505034e-05, 7.51661573304e-05, 0.000116625429655, 6.37678385829e-05, 4.32502783951e-05, 2.80790682154e-05, 3.83842016163e-05, 1.15071043183e-05, 8.08779168437e-06, 1.32651066451e-05, 5.69438816456e-06, 3.98764177589e-06, 4.19596472057e-06, 4.13670250055e-06, 3.40094834428e-06, 2.85517603515e-06, 3.45252169609e-06, 4.19215666625e-06, 2.68369126388e-06, 2.81840630123e-06, 2.19022490455e-06, 1.68921485511e-06, 1.95672964765e-06, 1.37708866532e-06, 9.81481548479e-07, 1.29913121327e-06, 1.14369834137e-06, 1.53823600613e-06, 8.23097821012e-07, 5.02146804138e-07, 4.91327909913e-07],
        "dvar": [8.01919595688e-05, 6.56235570204e-05, 2.26445990847e-05, 8.03204420663e-06, 5.80575033382e-07, 2.54015020573e-07, 5.36123479833e-07, 1.82959936978e-07, 3.58810936518e-08, 1.94887892491e-08, 1.447545106e-08, 8.48093719696e-08, 9.29692411944e-09, 7.02731428603e-09, 9.23800058672e-09, 2.12029274138e-08, 4.38071856568e-10, 2.48404963266e-10, 5.99305660653e-10, 1.09877822119e-10, 6.50565296079e-11, 8.01093913427e-11, 5.19653278741e-11, 2.06955945437e-11, 1.43457285981e-11, 2.32680194556e-11, 1.75076078635e-10, 2.09742778701e-11, 1.65349227366e-11, 1.6672154976e-11, 6.68732300438e-12, 1.49136848704e-11, 5.03728742746e-12, 2.45663298731e-12, 7.23614484305e-12, 4.68413632534e-12, 1.19524667941e-11, 1.8105246035e-12, 6.9834546132e-13, 5.94749618478e-13],
        "dvar2": [0.00017784551892, 0.000158641356393, 6.38390192762e-05, 2.33027913055e-05, 1.51294739226e-06, 5.59443435577e-07, 1.18092134471e-06, 4.61248561123e-07, 9.80665859629e-08, 4.24757260475e-08, 3.28378071401e-08, 2.10699880654e-07, 2.31171028986e-08, 1.41955975863e-08, 1.90001241407e-08, 3.22076942894e-08, 9.26023258074e-10, 5.09750075484e-10, 1.30491240036e-09, 2.39452735418e-10, 1.30970581602e-10, 1.8219600828e-10, 1.1446580489e-10, 5.39243719122e-11, 2.84011113239e-11, 5.54300494393e-11, 5.01471086878e-10, 4.64842712933e-11, 3.62620489192e-11, 3.84211273907e-11, 1.60140494615e-11, 3.83548401373e-11, 1.13283349715e-11, 5.35093627393e-12, 1.72222826278e-11, 1.0728523972e-11, 3.46602885282e-11, 4.28041499814e-12, 1.22260339873e-12, 1.18412614783e-12],
        "max": [0.0600359663367, 0.0533439069986, 0.0388387814164, 0.0239184983075, 0.00661375001073, 0.00657327845693, 0.0109087005258, 0.00483339093626, 0.00179334136192, 0.00189020636026, 0.00162125914358, 0.00583407748491, 0.00126790557988, 0.0014098007232, 0.00235195178539, 0.00403549568728, 0.000250995421084, 0.000211376769585, 0.000284331850708, 0.000122271681903, 0.000108991414891, 9.51554029598e-05, 8.28539050417e-05, 5.03638329974e-05, 0.000102557576611, 8.16581741674e-05, 0.000322515406879, 0.000103045531432, 4.65094308311e-05, 6.20918872301e-05, 2.61478126049e-05, 5.33546808583e-05, 2.40622593992e-05, 1.75745099114e-05, 3.41989434673e-05, 4.75932538393e-05, 5.39941065654e-05, 2.52729441854e-05, 2.26627107622e-05, 1.60971412697e-05],
        "mean": [0.00728657469153, 0.00486960075796, 0.00125552807003, 0.000861343811266, 0.000740618794225, 0.0005912828492, 0.000650799425784, 0.000420672207838, 0.000124386497191, 0.000137090217322, 7.98505934654e-05, 9.3569222372e-05, 6.7378343374e-05, 4.67513818876e-05, 2.5494979127e-05, 4.54802102468e-05, 9.89953423414e-06, 6.84887254465e-06, 1.17805975606e-05, 4.79908521811e-06, 3.27785346599e-06, 2.98460804515e-06, 3.53673885911e-06, 2.91614878734e-06, 3.26821555063e-06, 3.46149909092e-06, 2.49215304393e-06, 2.18616537495e-06, 2.29109014072e-06, 1.68331291661e-06, 1.20005631743e-06, 1.15853276839e-06, 8.2232730847e-07, 6.04953811489e-07, 7.76699550897e-07, 7.98657879386e-07, 1.00173213013e-06, 7.42143697607e-07, 4.52331789802e-07, 4.20506324872e-07],
        "median": [3.25944856741e-05, 0.000239764980506, 0.000364424369764, 0.000382371537853, 0.000454009423265, 0.000334883574396, 0.000294115394354, 0.000171674982994, 5.22654408996e-05, 3.8416688767e-05, 2.71485187113e-05, 1.84025157068e-05, 1.29320542328e-05, 4.23126357418e-06, 2.29112743e-06, 2.62110233962e-06, 1.51501012624e-06, 9.61253022069e-07, 1.08886456474e-06, 6.40990549527e-07, 4.05054322528e-07, 3.6650916968e-07, 3.13855395007e-07, 4.268620728e-07, 6.33960553387e-07, 6.56461168091e-07, 4.60855773099e-07, 5.32897161065e-07, 5.71342638978e-07, 2.94225174002e-07, 2.64392667759e-07, 1.8307335381e-07, 5.42303126849e-08, 2.0905167375e-08, 4.51996697848e-08, 9.0460183344e-08, 2.17488434373e-07, 1.77320600869e-07, 9.07608423972e-08, 6.74707933968e-08],
        "min": [1.13685261205e-09, 1.29146631167e-08, 1.62421500249e-07, 3.51065096993e-07, 3.96867321228e-08, 1.79833776315e-07, 4.69577543072e-07, 2.0970072967e-07, 5.83315440394e-08, 5.43102061101e-08, 9.51294936158e-08, 1.35190552086e-08, 1.4244629476e-08, 3.39681438533e-09, 3.01140912207e-09, 2.80136069897e-09, 1.54233203986e-09, 1.70642766584e-09, 1.61569357893e-09, 7.56458840012e-10, 3.63299973438e-10, 1.3450265901e-10, 1.34008151798e-10, 9.54464562941e-11, 8.66330548965e-11, 6.30539648272e-11, 3.22022443433e-11, 3.8882716491e-11, 2.87255705334e-11, 3.68362805536e-11, 2.19529533441e-11, 2.77978005198e-11, 2.01238539721e-11, 1.32898943586e-12, 1.33210152978e-11, 9.29213043316e-12, 5.52800535382e-13, 1.22034367746e-13, 3.73188242461e-13, 1.04042025917e-13],
