{
"highlevel": {
    "danceability": {
        "all": {
            "danceable": 0.997364640236,
            "not_danceable": 0.00263538048603
        },
        "probability": 0.997364640236,
        "value": "danceable"
    },
    "gender": {
        "all": {
            "female": 0.668278694153,
            "male": 0.331721335649
        },
        "probability": 0.668278694153,
        "value": "female"
    },
    "genre_dortmund": {
        "all": {
            "alternative": 0.0414823926985,
            "blues": 0.299634158611,
            "electronic": 0.0397071763873,
            "folkcountry": 0.0553447827697,
            "funksoulrnb": 0.0806728377938,
            "jazz": 0.245194464922,
            "pop": 0.039866629988,
            "raphiphop": 0.0176360681653,
            "rock": 0.180461481214
        },
        "probability": 0.299634158611,
        "value": "blues"
    },
    "genre_electronic": {
        "all": {
            "ambient": 0.347282737494,
            "dnb": 0.547134816647,
            "house": 0.0576544813812,
            "techno": 0.0158948116004,
            "trance": 0.0320331528783
        },
        "probability": 0.547134816647,
        "value": "dnb"
    },
    "genre_rosamerica": {
        "all": {
            "cla": 0.0337734185159,
            "dan": 0.0178211759776,
            "hip": 0.600072264671,
            "jaz": 0.0321214795113,
            "pop": 0.0489418320358,
            "rhy": 0.0552985332906,
            "roc": 0.206398665905,
            "spe": 0.00557262310758
        },
        "probability": 0.600072264671,
        "value": "hip"
    },
    "genre_tzanetakis": {
        "all": {
            "blu": 0.0626541376114,
            "cla": 0.0348133966327,
            "cou": 0.0783501937985,
            "dis": 0.104547761381,
            "hip": 0.15693578124,
            "jaz": 0.313987255096,
            "met": 0.044816005975,
            "pop": 0.0627349764109,
            "reg": 0.0627352520823,
            "roc": 0.0784252434969
        },
        "probability": 0.313987255096,
        "value": "jaz"
    },
    "ismir04_rhythm": {
        "all": {
            "ChaChaCha": 0.123729258776,
            "Jive": 0.719505786896,
            "Quickstep": 0.0102092260495,
            "Rumba-American": 0.00524627277628,
            "Rumba-International": 0.00454147253186,
            "Rumba-Misc": 0.00296041090041,
            "Samba": 0.118650786579,
            "Tango": 0.00415030308068,
            "VienneseWaltz": 0.00862957723439,
            "Waltz": 0.00237691216171
        },
        "probability": 0.719505786896,
        "value": "Jive"
    },
    "mood_acoustic": {
        "all": {
            "acoustic": 0.0558575168252,
            "not_acoustic": 0.944142460823
        },
        "probability": 0.944142460823,
        "value": "not_acoustic"
    },
    "mood_aggressive": {
        "all": {
            "aggressive": 0.792784273624,
            "not_aggressive": 0.207215726376
        },
        "probability": 0.792784273624,
        "value": "aggressive"
    },
    "mood_electronic": {
        "all": {
            "electronic": 0.648728311062,
            "not_electronic": 0.351271659136
        },
        "probability": 0.648728311062,
        "value": "electronic"
    },
    "mood_happy": {
        "all": {
            "happy": 0.455793499947,
            "not_happy": 0.544206500053
        },
        "probability": 0.544206500053,
        "value": "not_happy"
    },
    "mood_party": {
        "all": {
            "not_party": 0.575901150703,
            "party": 0.424098849297
        },
        "probability": 0.575901150703,
        "value": "not_party"
    },
    "mood_relaxed": {
        "all": {
            "not_relaxed": 0.966845929623,
            "relaxed": 0.0331540629268
        },
        "probability": 0.966845929623,
        "value": "not_relaxed"
    },
    "mood_sad": {
        "all": {
            "not_sad": 0.938204586506,
            "sad": 0.0617954060435
        },
        "probability": 0.938204586506,
        "value": "not_sad"
    },
    "moods_mirex": {
        "all": {
            "Cluster1": 0.176780551672,
            "Cluster2": 0.142659828067,
            "Cluster3": 0.0374624803662,
            "Cluster4": 0.0706032067537,
            "Cluster5": 0.572493970394
        },
        "probability": 0.572493970394,
        "value": "Cluster5"
    },
    "timbre": {
        "all": {
            "bright": 0.766547262669,
            "dark": 0.233452752233
        },
        "probability": 0.766547262669,
        "value": "bright"
    },
    "tonal_atonal": {
        "all": {
            "atonal": 0.248672753572,
            "tonal": 0.75132727623
        },
        "probability": 0.75132727623,
        "value": "tonal"
    },
    "voice_instrumental": {
        "all": {
            "instrumental": 0.99424290657,
            "voice": 0.00575710367411
        },
        "probability": 0.99424290657,
        "value": "instrumental"
    }
},
"lowlevel": {
    "average_loudness": 0.965426623821,
    "barkbands_crest": {
        "dmean": 2.60283541679,
        "dmean2": 4.05231332779,
        "dvar": 5.46603965759,
        "dvar2": 13.0838012695,
        "max": 25.806646347,
        "mean": 8.34369945526,
        "median": 7.54588222504,
        "min": 2.4258825779,
        "var": 15.1662664413
    },
    "barkbands_flatness_db": {
        "dmean": 0.018888508901,
        "dmean2": 0.0287203956395,
        "dvar": 0.000319439539453,
        "dvar2": 0.00065074727172,
        "max": 0.32618278265,
        "mean": 0.11056932807,
        "median": 0.105854153633,
        "min": 0.0476640537381,
        "var": 0.00112957449164
    },
    "barkbands_kurtosis": {
        "dmean": 1.43900156021,
        "dmean2": 2.11674499512,
        "dvar": 5.82560157776,
        "dvar2": 11.1649990082,
        "max": 52.4159088135,
        "mean": 0.62709403038,
        "median": -0.702516555786,
        "min": -1.85476946831,
        "var": 12.2429533005
    },
    "barkbands_skewness": {
        "dmean": 0.527594983578,
        "dmean2": 0.787150859833,
        "dvar": 0.265463024378,
        "dvar2": 0.555401325226,
        "max": 3.70633530617,
        "mean": 0.115252889693,
        "median": 0.00808943063021,
        "min": -3.23797535896,
        "var": 1.35077679157
    },
    "barkbands_spread": {
        "dmean": 9.8649520874,
        "dmean2": 14.1965227127,
        "dvar": 85.3599472046,
        "dvar2": 193.139556885,
        "max": 98.5016326904,
        "mean": 42.2284164429,
        "median": 43.8287506104,
        "min": 1.42693698406,
        "var": 339.120666504
    },
    "dissonance": {
        "dmean": 0.00849595479667,
        "dmean2": 0.0134683176875,
        "dvar": 0.000152434993652,
        "dvar2": 0.000325544533553,
        "max": 0.49999782443,
        "mean": 0.485068231821,
        "median": 0.49014160037,
        "min": 0.229640200734,
        "var": 0.000360576523235
    },
    "dynamic_complexity": 3.61618375778,
    "erbbands_crest": {
        "dmean": 2.13852381706,
        "dmean2": 3.407807827,
        "dvar": 5.4308257103,
        "dvar2": 11.7507810593,
        "max": 28.8715934753,
        "mean": 8.14877223969,
        "median": 7.00002241135,
        "min": 2.62403154373,
        "var": 15.9742364883
    },
    "erbbands_flatness_db": {
        "dmean": 0.0218654982746,
        "dmean2": 0.0309530142695,
        "dvar": 0.000494630134199,
        "dvar2": 0.00103682966437,
        "max": 0.360695362091,
        "mean": 0.151392817497,
        "median": 0.14170370996,
        "min": 0.0677230060101,
        "var": 0.00228096172214
    },
    "erbbands_kurtosis": {
        "dmean": 1.74182319641,
        "dmean2": 2.54414582253,
        "dvar": 6.70812702179,
        "dvar2": 12.8194770813,
        "max": 41.960269928,
        "mean": 2.64395141602,
        "median": 0.907253742218,
        "min": -1.69049930573,
        "var": 21.7833862305
    },
    "erbbands_skewness": {
        "dmean": 0.435842305422,
        "dmean2": 0.622407138348,
        "dvar": 0.186351463199,
        "dvar2": 0.347262442112,
        "max": 5.428358078,
        "mean": -0.640026092529,
        "median": -0.700511395931,
        "min": -3.24338960648,
        "var": 0.88005644083
    },
    "erbbands_spread": {
        "dmean": 9.56649589539,
        "dmean2": 14.1734647751,
        "dvar": 102.165039062,
        "dvar2": 236.619064331,
        "max": 118.017288208,
        "mean": 35.262714386,
        "median": 34.0664978027,
        "min": 2.83912539482,
        "var": 463.829986572
    },
    "hfc": {
        "dmean": 11.020160675,
        "dmean2": 15.4993543625,
        "dvar": 165.694396973,
        "dvar2": 331.932067871,
        "max": 143.818756104,
        "mean": 26.4429168701,
        "median": 21.5226993561,
        "min": 0.0013535200851,
        "var": 454.382629395
    },
    "melbands_crest": {
        "dmean": 3.34255504608,
        "dmean2": 5.20580530167,
        "dvar": 9.28403186798,
        "dvar2": 22.1557044983,
        "max": 35.0098495483,
        "mean": 12.7479410172,
        "median": 12.6223945618,
        "min": 2.28159809113,
        "var": 24.0880756378
    },
    "melbands_flatness_db": {
        "dmean": 0.0239415615797,
        "dmean2": 0.0348983556032,
        "dvar": 0.000593917269725,
        "dvar2": 0.00108194164932,
        "max": 0.333939045668,
        "mean": 0.119791999459,
        "median": 0.114765129983,
        "min": 0.0182272139937,
        "var": 0.00300918752328
    },
    "melbands_kurtosis": {
        "dmean": 3.29024171829,
        "dmean2": 5.22158145905,
        "dvar": 27.3942871094,
        "dvar2": 64.1052932739,
        "max": 52.0194664001,
        "mean": 4.80783414841,
        "median": 1.09081506729,
        "min": -1.87327373028,
        "var": 81.8332977295
    },
    "melbands_skewness": {
        "dmean": 0.685191810131,
        "dmean2": 1.03822433949,
        "dvar": 0.551721930504,
        "dvar2": 1.24730300903,
        "max": 6.84867525101,
        "mean": 1.49705016613,
        "median": 1.25511133671,
        "min": -2.44898939133,
        "var": 2.39245676994
    },
    "melbands_spread": {
        "dmean": 16.2055244446,
        "dmean2": 25.1193218231,
        "dvar": 295.018768311,
        "dvar2": 691.485351562,
        "max": 212.597671509,
        "mean": 63.2328567505,
        "median": 60.3312339783,
        "min": 2.58613061905,
        "var": 1226.05041504
    },
    "pitch_salience": {
        "dmean": 0.0685143992305,
        "dmean2": 0.107567675412,
        "dvar": 0.00377849629149,
        "dvar2": 0.00823095347732,
        "max": 0.817606568336,
        "mean": 0.59935426712,
        "median": 0.600482344627,
        "min": 0.146413177252,
        "var": 0.0122412182391
    },
    "silence_rate_20dB": {
        "dmean": 0,
        "dmean2": 0,
        "dvar": 0,
        "dvar2": 0,
        "max": 1,
        "mean": 1,
        "median": 1,
        "min": 1,
        "var": 0
    },
    "silence_rate_30dB": {
        "dmean": 0,
        "dmean2": 0,
        "dvar": 0,
        "dvar2": 0,
        "max": 1,
        "mean": 1,
        "median": 1,
        "min": 1,
        "var": 0
    },
    "silence_rate_60dB": {
        "dmean": 0.0595975220203,
        "dmean2": 0.119287371635,
        "dvar": 0.0560463704169,
        "dvar2": 0.119002126157,
        "max": 1,
        "mean": 0.139211133122,
        "median": 0,
        "min": 0,
        "var": 0.119830623269
    },
    "spectral_centroid": {
        "dmean": 301.566467285,
        "dmean2": 441.44317627,
        "dvar": 108186.375,
        "dvar2": 237765,
        "max": 4676.53125,
        "mean": 2559.66772461,
        "median": 2703.63574219,
        "min": 444.466094971,
        "var": 534298
    },
    "spectral_complexity": {
        "dmean": 6.48064994812,
        "dmean2": 9.17660713196,
        "dvar": 52.6181602478,
        "dvar2": 90.7092666626,
        "max": 56,
        "mean": 18.3526687622,
        "median": 16,
        "min": 0,
        "var": 158.824142456
    },
    "spectral_decrease": {
        "dmean": 1.61428870271e-09,
        "dmean2": 2.45390618936e-09,
        "dvar": 5.52826351424e-18,
        "dvar2": 1.27093637597e-17,
        "max": -9.49731965164e-14,
        "mean": -3.26552873631e-09,
        "median": -2.41244824117e-09,
        "min": -1.55982533556e-08,
        "var": 9.38952565644e-18
    },
    "spectral_energy": {
        "dmean": 0.00696604000404,
        "dmean2": 0.0104384915903,
        "dvar": 9.54312708927e-05,
        "dvar2": 0.000216523199924,
        "max": 0.0634224042296,
        "mean": 0.0147233121097,
        "median": 0.0109068872407,
        "min": 4.89990725328e-07,
        "var": 0.000171052510268
    },
    "spectral_energyband_high": {
        "dmean": 0.00090561126126,
        "dmean2": 0.00129587983247,
        "dvar": 1.45765488924e-06,
        "dvar2": 2.84033990283e-06,
        "max": 0.0208310820162,
        "mean": 0.00155230425298,
        "median": 0.000917080033105,
        "min": 1.25141667695e-07,
        "var": 3.15686406793e-06
    },
    "spectral_energyband_low": {
        "dmean": 0.00260861171409,
        "dmean2": 0.00438405526802,
        "dvar": 3.53974428435e-05,
        "dvar2": 9.655096801e-05,
        "max": 0.0457373075187,
        "mean": 0.00370476627722,
        "median": 0.00216574594378,
        "min": 1.36484118229e-07,
        "var": 3.0700568459e-05
    },
    "spectral_energyband_middle_high": {
        "dmean": 0.00282096979208,
        "dmean2": 0.00396421924233,
        "dvar": 2.1957574063e-05,
        "dvar2": 3.92820911657e-05,
        "max": 0.0489272139966,
        "mean": 0.00633478956297,
        "median": 0.00424480484799,
        "min": 1.13749379693e-07,
        "var": 5.4057338275e-05
    },
    "spectral_energyband_middle_low": {
        "dmean": 0.00328505481593,
        "dmean2": 0.00541074154899,
        "dvar": 3.28380447172e-05,
        "dvar2": 8.41625078465e-05,
        "max": 0.0358407720923,
        "mean": 0.00385885499418,
        "median": 0.00168471515644,
        "min": 4.60903635258e-08,
        "var": 3.52340030076e-05
    },
    "spectral_entropy": {
        "dmean": 0.17427521944,
        "dmean2": 0.244287490845,
        "dvar": 0.0273033231497,
        "dvar2": 0.053998645395,
        "max": 8.53623104095,
        "mean": 7.89056015015,
        "median": 7.9536652565,
        "min": 6.30854034424,
        "var": 0.143062636256
    },
    "spectral_flux": {
        "dmean": 0.0275449957699,
        "dmean2": 0.0395687036216,
        "dvar": 0.00106129946653,
        "dvar2": 0.00220221374184,
        "max": 0.245041623712,
        "mean": 0.0721130892634,
        "median": 0.0566473081708,
        "min": 0.000421781965997,
        "var": 0.00235685193911
    },
    "spectral_kurtosis": {
        "dmean": 1.30339598656,
        "dmean2": 2.08824396133,
        "dvar": 1.91308760643,
        "dvar2": 4.511469841,
        "max": 15.7301597595,
        "mean": 3.40374135971,
        "median": 2.70514154434,
        "min": -0.104445457458,
        "var": 5.35503339767
    },
    "spectral_rms": {
        "dmean": 0.000831734214444,
        "dmean2": 0.00117614143528,
        "dvar": 9.9507417417e-07,
        "dvar2": 2.15988598029e-06,
        "max": 0.00786609947681,
        "mean": 0.00342110241763,
        "median": 0.00326203391887,
        "min": 2.18641198444e-05,
        "var": 2.66026449935e-06
    },
    "spectral_rolloff": {
        "dmean": 904.796081543,
        "dmean2": 1400.64233398,
        "dvar": 1494571,
        "dvar2": 3330100.25,
        "max": 12080.1269531,
        "mean": 3807.65356445,
        "median": 3316.11328125,
        "min": 193.798828125,
        "var": 4607984.5
    },
    "spectral_skewness": {
        "dmean": 0.20798920095,
        "dmean2": 0.314966022968,
        "dvar": 0.0314918644726,
        "dvar2": 0.0675672739744,
        "max": 2.46880698204,
        "mean": 1.23577547073,
        "median": 1.22550952435,
        "min": 0.437671780586,
        "var": 0.142824113369
    },
    "spectral_spread": {
        "dmean": 765652.9375,
        "dmean2": 1141243.75,
        "dvar": 498452398080,
        "dvar2": 1.09235922534e+12,
        "max": 11908710,
        "mean": 4905574,
        "median": 4820520.5,
        "min": 1607925.375,
        "var": 1.8937619415e+12
    },
    "spectral_strongpeak": {
        "dmean": 1.19938993454,
        "dmean2": 1.90053355694,
        "dvar": 3.96824479103,
        "dvar2": 8.22295856476,
        "max": 15.7499303818,
        "mean": 1.99378073215,
        "median": 0.226748585701,
        "min": 0,
        "var": 10.0286693573
    },
    "zerocrossingrate": {
        "dmean": 0.0184836369008,
        "dmean2": 0.0200444944203,
        "dvar": 0.000262842193479,
        "dvar2": 0.000306031579385,
        "max": 0.3046875,
        "mean": 0.132431089878,
        "median": 0.12646484375,
        "min": 0.02880859375,
        "var": 0.00247107259929
    },
    "barkbands": {
        "dmean": [6.85567792971e-05, 0.00110385578591, 0.00134869094472, 0.000745838216972, 0.000786783988588, 0.000257762003457, 0.000217421256821, 0.000499973772094, 0.000855228456203, 0.00120086141396, 0.000111456603918, 0.000102878802863, 0.000228333912673, 0.000260018947301, 0.000214262487134, 0.000347466004314, 0.00084653752856, 0.000381493446184, 0.000350878981408, 0.000244485854637, 0.000220849717152, 0.000214645231608, 0.00019980497018, 8.80969309947e-05, 8.71498705237e-05, 0.000126372033264, 1.12139331154e-09],
        "dmean2": [0.000102889156551, 0.00170849612914, 0.00246128905565, 0.00137490499765, 0.00139705534093, 0.000412223744206, 0.000359687401215, 0.000764750351664, 0.00149808905553, 0.00178439670708, 0.000190647886484, 0.000176746441866, 0.000391268753447, 0.00042916185339, 0.000339637335856, 0.000557542778552, 0.00124285847414, 0.000605334760621, 0.000546671100892, 0.000388867338188, 0.000343586376403, 0.000320724939229, 0.000292242068099, 0.000129999913042, 0.000140193762491, 0.000191108207218, 1.75730952012e-09],
        "dvar": [1.18831833262e-08, 3.41130294146e-06, 1.3822771507e-05, 3.95128472519e-06, 4.57264832221e-06, 2.19694527459e-07, 1.95796701519e-07, 2.01833063329e-06, 5.97083226239e-06, 2.06227177841e-05, 7.37678504947e-08, 6.60799628349e-08, 5.14188684519e-07, 6.53630536362e-07, 8.72986944955e-08, 3.11819405852e-07, 2.25236976803e-06, 3.59396295835e-07, 2.9716235872e-07, 1.53880662879e-07, 1.14339677282e-07, 1.07901122703e-07, 6.27614866744e-08, 2.88836599083e-08, 1.9381651839e-08, 2.05963193167e-08, 1.93416320676e-16],
        "dvar2": [2.85923551502e-08, 9.09700793272e-06, 3.94156086259e-05, 1.11591816676e-05, 1.25941687656e-05, 5.26582141447e-07, 4.79917446228e-07, 4.45393379778e-06, 1.5254320715e-05, 3.31394621753e-05, 1.85447646572e-07, 1.74491447069e-07, 1.39210953876e-06, 1.72154489064e-06, 2.13782712422e-07, 7.68898019032e-07, 4.20927653977e-06, 9.35510115596e-07, 7.11563473033e-07, 3.2614303791e-07, 2.44562556873e-07, 2.22012175755e-07, 1.26288682623e-07, 5.28908294939e-08, 4.5846540786e-08, 4.69960355076e-08, 1.95768954687e-16],
        "max": [0.000990752945654, 0.0160494968295, 0.0271971002221, 0.012999098748, 0.0151418661699, 0.0051849661395, 0.00897760502994, 0.0165600907058, 0.0193318501115, 0.0462634824216, 0.0023897876963, 0.00214999611489, 0.00691715441644, 0.00852728821337, 0.00286837201566, 0.00536695634946, 0.0188973434269, 0.00659175775945, 0.00582480197772, 0.00526425056159, 0.00484029203653, 0.00508263707161, 0.00257109920494, 0.00545550882816, 0.00306362542324, 0.00159849063493, 4.99152292832e-07],
        "mean": [9.61034311331e-05, 0.00189970782958, 0.00130401109345, 0.00060845981352, 0.000648804998491, 0.000432606699178, 0.000292665674351, 0.000536434643436, 0.000768799625803, 0.00132009235676, 0.000127049221192, 8.541536954e-05, 0.000204982308787, 0.000312759744702, 0.000388838205254, 0.000618623744231, 0.00194623111747, 0.000727378530428, 0.000649344408885, 0.000379337143386, 0.000338661368005, 0.000351607974153, 0.000316459540045, 0.000142922857776, 0.000101436526165, 0.000124579222756, 9.52365297735e-10],
        "median": [4.34192406829e-05, 0.00127855828032, 0.000347516208421, 0.000152491702465, 0.000170421379153, 0.000263722497039, 0.000129624080728, 8.95829216461e-05, 0.000219549401663, 0.000110213804874, 5.80401538173e-05, 1.43635616041e-05, 5.79354091315e-05, 0.000137262948556, 0.00025283661671, 0.000368226290448, 0.000356292410288, 0.000405627477448, 0.0004266538308, 0.000190600127098, 0.000162903103046, 0.00017627440684, 0.000193487634533, 7.10692766006e-05, 5.2470510127e-05, 5.91827010794e-05, 1.79053535887e-10],
        "min": [3.54701512606e-09, 4.85881521683e-08, 7.2660917283e-09, 2.77514811131e-09, 2.69440425527e-09, 1.44468637053e-09, 1.24225940645e-09, 1.67502844928e-09, 1.12590532453e-08, 5.43680078735e-09, 6.58565868505e-10, 1.27965682495e-09, 3.23880966491e-09, 3.96432575656e-09, 1.40804852222e-08, 8.92282425724e-09, 1.2135886962e-08, 9.00101415624e-09, 6.31779784044e-09, 1.27080870271e-08, 1.43905740657e-08, 2.12363850949e-08, 1.66140186053e-08, 2.03461016923e-08, 1.50276022737e-08, 1.52172510703e-10, 7.50128691801e-12],
        "var": [1.65332973978e-08, 5.06388096255e-06, 8.87301939656e-06, 2.51697542808e-06, 2.99820726468e-06, 3.16244893384e-07, 2.30209877827e-07, 2.3724935545e-06, 4.69311362394e-06, 3.06515321427e-05, 6.78396361309e-08, 5.07119040094e-08, 3.53755126525e-07, 5.31626596967e-07, 1.80295174346e-07, 5.81794949994e-07, 9.41565031098e-06, 7.18993703686e-07, 5.57616885999e-07, 2.81610454067e-07, 1.97474122388e-07, 2.21670774181e-07, 1.26471746853e-07, 6.67532589205e-08, 2.38026700572e-08, 2.51169858245e-08, 1.93160212323e-16]
    },
    "erbbands": {
        "dmean": [0.0351367071271, 0.261923313141, 1.18741619587, 2.56269955635, 1.57048237324, 3.79396915436, 1.84907352924, 2.4245057106, 3.58457517624, 3.39089250565, 13.2197961807, 17.6368923187, 38.0306015015, 15.0864162445, 3.8808825016, 4.57857704163, 9.4775056839, 14.4142684937, 7.45923089981, 18.9315624237, 18.9880695343, 30.3597431183, 29.8494853973, 15.8502912521, 17.9724502563, 11.2630596161, 8.6088886261, 8.91013431549, 8.47494697571, 5.8881611824, 6.11914682388, 2.4805457592, 1.34015226364, 1.03789079189, 0.81078517437, 0.789139568806, 0.0751104056835, 0.00486361701041, 0.000117252980999, 1.68912301888e-05],
        "dmean2": [0.0527602247894, 0.42501449585, 2.13776397705, 4.74828004837, 2.7875289917, 6.81409358978, 3.09397912025, 3.87980747223, 5.87294626236, 5.55314016342, 20.0513267517, 30.2802276611, 57.6224822998, 23.0306529999, 6.51387405396, 7.65098381042, 15.938457489, 24.3403396606, 11.4074239731, 29.825920105, 30.0083084106, 46.211681366, 43.8650360107, 24.5262928009, 27.9589729309, 17.9066333771, 13.4090213776, 13.5543270111, 12.7212314606, 8.72974777222, 8.99900054932, 3.57567071915, 2.09154868126, 1.74554491043, 1.23858118057, 1.19911193848, 0.11420956254, 0.00782966427505, 0.00018077189452, 2.44914226641e-05],
        "dvar": [0.00310375657864, 0.225276365876, 10.0517873764, 49.3547210693, 8.89328479767, 114.487129211, 18.3706245422, 19.8181247711, 59.1292991638, 72.9165344238, 1331.17260742, 2487.99633789, 16189.9072266, 2567.2590332, 72.1490631104, 121.116737366, 691.417785645, 2671.31201172, 125.981071472, 884.353637695, 1072.21984863, 2382.70507812, 2129.28613281, 689.518859863, 906.010131836, 291.779022217, 181.80821228, 173.600311279, 171.739364624, 75.0984573364, 55.3534202576, 24.4024868011, 4.73992300034, 4.61477231979, 0.932362377644, 0.766566574574, 0.0157564692199, 0.000102287624031, 3.72818753647e-08, 4.08240635741e-10],
        "dvar2": [0.00771999219432, 0.623708248138, 28.3839626312, 141.152145386, 23.6464309692, 314.118652344, 47.5915031433, 47.4009208679, 143.986526489, 191.337921143, 2847.75244141, 6473.08886719, 26027.3769531, 5403.93554688, 185.864547729, 308.589019775, 1788.57458496, 7115.77929688, 299.956054688, 2291.85351562, 2541.73266602, 4745.92236328, 4274.86230469, 1727.50158691, 2097.45385742, 659.037536621, 385.37789917, 366.601226807, 369.713775635, 153.017120361, 116.41582489, 40.529750824, 10.6706113815, 11.7402296066, 2.08697843552, 1.71810889244, 0.0362477079034, 0.000254473823588, 8.8922405439e-08, 9.20739928745e-10],
        "max": [0.543497562408, 4.58991956711, 21.6740722656, 44.555606842, 19.8822536469, 79.3937835693, 39.4975395203, 64.9033889771, 170.658676147, 111.22403717, 443.195129395, 452.29977417, 1351.00378418, 521.766540527, 72.4960861206, 103.080596924, 220.984573364, 530.413696289, 100.971557617, 356.006103516, 369.088287354, 629.176452637, 645.622375488, 397.411437988, 435.458007812, 224.994415283, 221.015838623, 148.978042603, 232.315994263, 97.7760543823, 92.5293579102, 172.332687378, 39.5100212097, 54.093296051, 10.7520065308, 9.82999515533, 1.15078341961, 0.12866216898, 0.00227129645646, 0.000175626963028],
        "mean": [0.0576337911189, 0.411624252796, 1.33212947845, 2.11715650558, 1.41276586056, 3.05556917191, 2.31144952774, 4.03183364868, 4.85576295853, 3.89112949371, 14.7248477936, 17.6958045959, 48.4948883057, 14.635014534, 4.32881832123, 4.1187505722, 9.07496356964, 14.6687679291, 12.8832607269, 37.2290916443, 37.3610954285, 72.2640838623, 71.3015975952, 33.6641578674, 30.8939666748, 17.7636299133, 13.4813737869, 13.9309625626, 13.3093986511, 9.81085014343, 9.12367343903, 4.03673458099, 2.06246566772, 1.16666042805, 0.924494564533, 0.789651155472, 0.0821186453104, 0.00477887829766, 0.000132015615236, 3.04557979689e-05],
        "median": [0.0312840081751, 0.272361725569, 0.465456277132, 0.658462285995, 0.503494858742, 0.683850944042, 1.30019390583, 2.47495174408, 2.06822371483, 1.53888368607, 2.67309141159, 5.27870178223, 5.08338689804, 2.54476380348, 1.94023275375, 0.872019350529, 2.75320267677, 4.92573642731, 8.74083805084, 21.3815383911, 20.3921375275, 20.8132972717, 29.2404212952, 23.654417038, 19.900094986, 10.1578111649, 6.91190576553, 6.98209381104, 6.48436641693, 5.04972219467, 5.71249771118, 2.29406666756, 1.03224980831, 0.512148022652, 0.514026165009, 0.382672965527, 0.0335934124887, 0.00143241137266, 6.0992413637e-05, 2.32555757975e-05],
        "min": [1.73374610313e-06, 5.66918106415e-06, 7.57518228056e-06, 1.17181407404e-05, 9.17811121326e-06, 4.5138481255e-06, 1.99218047783e-05, 2.10028665606e-05, 2.57762476394e-05, 1.38223640533e-05, 9.97372917482e-05, 0.000207820165087, 0.000183790500159, 8.96891651792e-05, 4.00510289182e-05, 5.22301052115e-05, 0.000141571639688, 0.000222478760406, 0.00033810469904, 0.000919428595807, 0.000555608654395, 0.00065291201463, 0.000392632413423, 0.000589606002904, 0.000388533197111, 0.000540446490049, 0.000445895013399, 0.000730235595256, 0.000820020330139, 0.000646853644866, 0.000477325578686, 0.000425468577305, 0.00032717169961, 0.000215254898649, 7.03119148966e-05, 1.31060933199e-05, 3.17168837682e-06, 1.27009670337e-07, 1.32621291726e-08, 2.32879915352e-09],
        "var": [0.00539821106941, 0.270846217871, 6.92925930023, 30.3433475494, 6.68026542664, 74.9028396606, 15.2514724731, 28.7304954529, 75.2063980103, 61.4734687805, 1648.88146973, 2071.12695312, 30789.4902344, 2789.171875, 63.601234436, 101.285766602, 534.613952637, 1972.17675781, 195.107666016, 2020.00537109, 2369.18774414, 10207.9160156, 9005.28027344, 1420.46826172, 1438.30004883, 512.086303711, 307.387664795, 323.052001953, 331.600189209, 149.576446533, 105.829238892, 57.5988845825, 8.93888473511, 4.9039683342, 1.25453960896, 0.94714820385, 0.01788398996, 9.44395287661e-05, 3.95644761397e-08, 6.62959687148e-10]
    },
    "gfcc": {
        "mean": [-9.2484960556, 35.3528671265, -125.326156616, 54.6151313782, -62.051612854, 16.5130271912, -44.2440261841, 27.8530216217, -16.5660667419, 8.63367080688, -25.4027328491, 7.68475675583, -9.14319324493],
        "cov": [[6333.15576172, 477.586639404, -189.137359619, -109.302871704, 117.874893188, -163.91569519, -29.2223167419, -67.998588562, -186.145568848, -120.045227051, -55.5793418884, -25.4614429474, -161.598632812], [477.586639404, 880.114929199, 270.739624023, -18.0274715424, 140.669509888, 20.2005348206, 47.8860969543, 18.6070346832, 28.9216537476, -39.2550811768, -49.2699012756, -133.586181641, -41.2726325989], [-189.137359619, 270.739624023, 1042.80297852, 105.022941589, 34.7447776794, 202.551742554, 118.839759827, 26.8243274689, -22.4854278564, 129.910568237, -170.306625366, -57.991558075, -107.50037384], [-109.302871704, -18.0274715424, 105.022941589, 291.554534912, 204.478164673, 28.1533756256, 0.454275876284, 58.1270446777, 18.5655002594, -15.7536525726, 17.3322353363, 4.68797683716, -4.39527797699], [117.874893188, 140.669509888, 34.7447776794, 204.478164673, 583.518066406, 17.6034374237, -11.6796884537, 160.044158936, 14.5058670044, -46.7700653076, -20.2235221863, 49.6873016357, -28.1648483276], [-163.91569519, 20.2005348206, 202.551742554, 28.1533756256, 17.6034374237, 151.35874939, 88.8872756958, 10.4675569534, 9.11137104034, 28.5953884125, -27.8666038513, -26.595079422, -21.2635650635], [-29.2223167419, 47.8860969543, 118.839759827, 0.454275876284, -11.6796884537, 88.8872756958, 121.022834778, 15.5997934341, -3.49471998215, 14.052819252, -19.9748458862, -31.7460784912, -21.0343780518], [-67.998588562, 18.6070346832, 26.8243274689, 58.1270446777, 160.044158936, 10.4675569534, 15.5997934341, 101.222976685, 34.039352417, -2.56660699844, -1.1581851244, 23.9102573395, 7.29894399643], [-186.145568848, 28.9216537476, -22.4854278564, 18.5655002594, 14.5058670044, 9.11137104034, -3.49471998215, 34.039352417, 83.3676147461, 21.6514434814, 25.4349384308, 13.8857469559, 23.8637809753], [-120.045227051, -39.2550811768, 129.910568237, -15.7536525726, -46.7700653076, 28.5953884125, 14.052819252, -2.56660699844, 21.6514434814, 86.5965576172, 6.32894992828, 16.2482795715, -3.80869269371], [-55.5793418884, -49.2699012756, -170.306625366, 17.3322353363, -20.2235221863, -27.8666038513, -19.9748458862, -1.1581851244, 25.4349384308, 6.32894992828, 85.2778549194, 24.4382572174, 30.3623561859], [-25.4614429474, -133.586181641, -57.991558075, 4.68797683716, 49.6873016357, -26.595079422, -31.7460784912, 23.9102573395, 13.8857469559, 16.2482795715, 24.4382572174, 100.926330566, 26.484205246], [-161.598632812, -41.2726325989, -107.50037384, -4.39527797699, -28.1648483276, -21.2635650635, -21.0343780518, 7.29894399643, 23.8637809753, -3.80869269371, 30.3623561859, 26.484205246, 76.7997360229]],
        "icov": [[0.000204327501706, -0.000246525742114, 0.000213293576962, -0.000127401639475, 0.000125784688862, 3.55766132998e-05, 7.11604343451e-07, -0.000123751058709, 0.000535581901204, -0.000171902735019, 0.000270378310233, -0.000416847673478, 0.000518565415405], [-0.000246525742114, 0.0033280539792, -0.0027298303321, 0.00274723395705, -0.00280657084659, 0.00300172530115, -0.00193903921172, 0.00332782277837, -0.00441203964874, 0.00406780606136, -0.00402551470324, 0.00486000673845, -0.00195140368305], [0.000213293576962, -0.0027298303321, 0.0055776508525, -0.00418250449002, 0.00305273197591, -0.0045474646613, 0.00209589209408, -0.00415814202279, 0.00465945946053, -0.00843208096921, 0.00940540898591, -0.00357239320874, 0.00302698067389], [-0.000127401639475, 0.00274723395705, -0.00418250449002, 0.00837633013725, -0.00451506301761, 0.00241760583594, -0.00118048721924, 0.00332571356557, -0.00428849598393, 0.00664231088012, -0.00883075222373, 0.00477094063535, -0.00228470703587], [0.000125784688862, -0.00280657084659, 0.00305273197591, -0.00451506301761, 0.00728347245604, -0.0045610871166, 0.00411754567176, -0.0101107107475, 0.00537330843508, -0.00251726619899, 0.00516450591385, -0.00554043846205, 0.00434233201668], [3.55766132998e-05, 0.00300172530115, -0.0045474646613, 0.00241760583594, -0.0045610871166, 0.0186496581882, -0.0124200358987, 0.00811961852014, -0.00747909629717, 0.00345301930793, -0.00399919459596, 0.00475899875164, -0.00278632040136], [7.11604343451e-07, -0.00193903921172, 0.00209589209408, -0.00118048721924, 0.00411754567176, -0.0124200358987, 0.0192331429571, -0.0101981386542, 0.00639920821413, -0.00294965249486, 0.00168275274336, 0.000187745667063, 0.0032691094093], [-0.000123751058709, 0.00332782277837, -0.00415814202279, 0.00332571356557, -0.0101107107475, 0.00811961852014, -0.0101981386542, 0.029872154817, -0.0141135528684, 0.00572418933734, -0.00360652152449, 0.00208218675107, -0.00581686617807], [0.000535581901204, -0.00441203964874, 0.00465945946053, -0.00428849598393, 0.00537330843508, -0.00747909629717, 0.00639920821413, -0.0141135528684, 0.0256187655032, -0.0108563434333, 0.00254218699411, -0.00449983589351, 7.42136689951e-05], [-0.000171902735019, 0.00406780606136, -0.00843208096921, 0.00664231088012, -0.00251726619899, 0.00345301930793, -0.00294965249486, 0.00572418933734, -0.0108563434333, 0.028830325231, -0.014969621785, 0.000638698693365, -0.000416277442127], [0.000270378310233, -0.00402551470324, 0.00940540898591, -0.00883075222373, 0.00516450591385, -0.00399919459596, 0.00168275274336, -0.00360652152449, 0.00254218699411, -0.014969621785, 0.0326777994633, -0.00773974601179, 0.000873512413818], [-0.000416847673478, 0.00486000673845, -0.00357239320874, 0.00477094063535, -0.00554043846205, 0.00475899875164, 0.000187745667063, 0.00208218675107, -0.00449983589351, 0.000638698693365, -0.00773974601179, 0.0216955896467, -0.00684532988816], [0.000518565415405, -0.00195140368305, 0.00302698067389, -0.00228470703587, 0.00434233201668, -0.00278632040136, 0.0032691094093, -0.00581686617807, 7.42136689951e-05, -0.000416277442127, 0.000873512413818, -0.00684532988816, 0.0214103460312]]
    },
    "melbands": {
        "dmean": [0.000301713211229, 0.000513631966896, 0.00039393058978, 0.000190584818483, 8.85025438038e-05, 5.54231228307e-05, 4.92238759762e-05, 4.52909371234e-05, 0.000107712156023, 0.000125005841255, 0.0001954640029, 7.78498579166e-05, 1.36045600811e-05, 1.21514531202e-05, 1.46441389006e-05, 2.474430039e-05, 2.75297970802e-05, 1.34003894345e-05, 1.78682330443e-05, 2.54682181549e-05, 2.41627385549e-05, 2.15534546442e-05, 6.58704448142e-05, 1.83064876182e-05, 1.27639377752e-05, 1.49542092913e-05, 1.16596947919e-05, 7.11666734787e-06, 5.43141004528e-06, 6.35886635791e-06, 5.08296852786e-06, 5.23156859344e-06, 3.94358767153e-06, 3.3181620438e-06, 3.72127374249e-06, 2.58520094576e-06, 1.31134288495e-06, 1.02389071799e-06, 8.05522120118e-07, 9.80956542662e-07],
        "dmean2": [0.000464688841021, 0.000899787642993, 0.000724128796719, 0.000339036108926, 0.000151700689457, 8.88442664291e-05, 8.13419319456e-05, 7.356874994e-05, 0.000165087883943, 0.000221899827011, 0.000288470415398, 0.000122952405945, 2.33754471992e-05, 2.08609108086e-05, 2.43861304625e-05, 4.29326391895e-05, 4.70569939353e-05, 2.12531267607e-05, 2.83637909888e-05, 4.00924254791e-05, 3.75726558559e-05, 3.48043067788e-05, 9.59461904131e-05, 2.82192613668e-05, 2.01436960197e-05, 2.34717244894e-05, 1.8481789084e-05, 1.16567071018e-05, 8.54538939166e-06, 1.00212382677e-05, 7.77339937486e-06, 8.03423245088e-06, 5.95786514168e-06, 5.01053182234e-06, 5.52716801394e-06, 3.85976773032e-06, 1.97835629479e-06, 1.61155321621e-06, 1.30312901092e-06, 1.68181327354e-06],
        "dvar": [2.37235397549e-07, 1.60156196216e-06, 1.09611232801e-06, 2.45833916779e-07, 4.99979542212e-08, 1.01113242224e-08, 1.04174979754e-08, 1.45302720966e-08, 8.17682277443e-08, 1.36843993914e-07, 4.43767419256e-07, 9.34305504074e-08, 9.21620058048e-10, 1.00508124046e-09, 1.15471010531e-09, 7.94187382525e-09, 9.75890124266e-09, 4.63358990066e-10, 6.54125753563e-10, 1.44464629148e-09, 1.66504210419e-09, 1.05777209214e-09, 1.43875951153e-08, 8.42988678862e-10, 4.53163201408e-10, 6.71846023259e-10, 3.86387893903e-10, 1.27578531073e-10, 7.284164244e-11, 9.90286255775e-11, 5.81532530464e-11, 6.74268349488e-11, 3.88512520766e-11, 2.41936783107e-11, 2.1813472903e-11, 1.39024495041e-11, 8.81668696384e-12, 2.58896268139e-12, 2.38701528162e-12, 4.35691240031e-12],
        "dvar2": [6.11428959019e-07, 4.47873253506e-06, 3.10812379212e-06, 6.79407719417e-07, 1.32540137088e-07, 2.39483721742e-08, 2.52562966097e-08, 3.69652362053e-08, 1.75579359052e-07, 3.51140243993e-07, 6.75171918374e-07, 2.13560824136e-07, 2.33779351433e-09, 2.64073385381e-09, 2.79889666999e-09, 2.15261373171e-08, 2.62331010248e-08, 1.14626297343e-09, 1.65343949643e-09, 3.7285197152e-09, 3.99217370273e-09, 2.42264452943e-09, 2.68245106128e-08, 2.12846962278e-09, 1.14270914953e-09, 1.63171043344e-09, 8.00077060159e-10, 3.05786312937e-10, 1.59313534587e-10, 2.30316835048e-10, 1.26089111374e-10, 1.52776305495e-10, 8.2276602198e-11, 5.2488253327e-11, 4.64736339689e-11, 2.34661561016e-11, 1.60516096942e-11, 5.8397306088e-12, 5.89544689109e-12, 1.12766046501e-11],
        "max": [0.00428957818076, 0.00899871531874, 0.00676886178553, 0.00341016682796, 0.00175051344559, 0.00126721663401, 0.0021910618525, 0.00137835973874, 0.00324714696035, 0.00312032620423, 0.00720092607662, 0.00303565850481, 0.000259044842096, 0.000253324891673, 0.000260724802501, 0.000936628435738, 0.00100250774994, 0.000175062668859, 0.000251534424024, 0.000413493748056, 0.000457449670648, 0.000342214945704, 0.00167384836823, 0.000309597700834, 0.000330486043822, 0.000278255902231, 0.000338170852046, 0.000147542188643, 0.000115698203444, 0.000164794342709, 8.89786751941e-05, 0.000144617137266, 0.000120553668239, 4.57188252767e-05, 5.3878640756e-05, 0.000100943980215, 0.000104988335806, 3.06024376187e-05, 3.31053124683e-05, 5.18979250046e-05],
        "mean": [0.0005096453242, 0.000669499859214, 0.000341348873917, 0.000156941096066, 9.71109839156e-05, 9.328667511e-05, 6.66284759063e-05, 4.90847814945e-05, 0.000119659700431, 0.000114831447718, 0.000247431220487, 6.9078807428e-05, 1.57559006766e-05, 1.01087607618e-05, 1.38266686918e-05, 2.22413691517e-05, 2.84077304968e-05, 2.02528535738e-05, 3.32955678459e-05, 4.8122357839e-05, 4.46138401458e-05, 5.06686556037e-05, 0.000140844975249, 3.13149757858e-05, 2.5505612939e-05, 2.58400232269e-05, 1.81368832273e-05, 1.03193851828e-05, 7.91935963207e-06, 9.07505909709e-06, 7.63826665207e-06, 7.81687504059e-06, 6.21310664428e-06, 5.17638272868e-06, 5.4708625612e-06, 3.8664575186e-06, 1.98963084586e-06, 1.49381389747e-06, 1.06956531454e-06, 9.698823078e-07],
        "median": [0.00030679901829, 0.000371960632037, 0.000117869851238, 4.14995702158e-05, 4.51062296634e-05, 5.74594378122e-05, 2.99736802845e-05, 1.69850336533e-05, 2.60900451394e-05, 3.2400352211e-05, 2.44739603659e-05, 9.88299052551e-06, 7.45545685277e-06, 1.6573293351e-06, 3.91230651076e-06, 5.88895318288e-06, 1.01218438431e-05, 1.20121376312e-05, 2.12565846596e-05, 2.96066082228e-05, 2.04664447665e-05, 1.75389413926e-05, 2.75956408586e-05, 1.52409775183e-05, 1.68814440258e-05, 1.62239939527e-05, 9.57844713412e-06, 5.52601477466e-06, 3.91307548853e-06, 4.29369811172e-06, 3.56555847247e-06, 3.633337883e-06, 3.12380802825e-06, 2.60001024799e-06, 3.28943974637e-06, 2.41728093897e-06, 9.78438947641e-07, 7.11697964562e-07, 4.97603139138e-07, 3.73610419047e-07],
        "min": [2.35059065545e-08, 8.46154435408e-09, 1.97403582369e-09, 4.72925254513e-10, 7.9341905268e-10, 5.65806623776e-10, 3.4389652237e-10, 1.33428088023e-10, 8.41554492759e-10, 1.21535403963e-09, 9.53349066357e-10, 4.18324902496e-10, 1.15040546533e-10, 1.53373536094e-10, 1.44807707492e-10, 3.41132788684e-10, 3.60675822542e-10, 3.73215097715e-10, 1.04273767398e-09, 8.95634955089e-10, 4.53009907364e-10, 7.49992401516e-10, 3.97828131549e-10, 4.16298912009e-10, 4.42861108896e-10, 2.44080811118e-10, 3.09146430677e-10, 4.09775685606e-10, 3.05053177163e-10, 3.48841983078e-10, 4.23486495871e-10, 4.46889164563e-10, 4.13729550619e-10, 3.07606273786e-10, 2.60014704212e-10, 2.55857807163e-10, 2.78660677866e-10, 2.05131300834e-10, 2.75733935684e-10, 3.16200607364e-11],
