{
"highlevel": {
    "danceability": {
        "all": {
            "danceable": 0.0315682254732,
            "not_danceable": 0.968431770802
        },
        "probability": 0.968431770802,
        "value": "not_danceable"
    },
    "gender": {
        "all": {
            "female": 0.221690520644,
            "male": 0.778309464455
        },
        "probability": 0.778309464455,
        "value": "male"
    },
    "genre_dortmund": {
        "all": {
            "alternative": 0.220286905766,
            "blues": 0.00938368123025,
            "electronic": 0.0773543417454,
            "folkcountry": 0.0937956348062,
            "funksoulrnb": 0.00862190127373,
            "jazz": 0.015009617433,
            "pop": 0.0544524788857,
            "raphiphop": 0.00241326261312,
            "rock": 0.518682181835
        },
        "probability": 0.518682181835,
        "value": "rock"
    },
    "genre_electronic": {
        "all": {
            "ambient": 0.263790994883,
            "dnb": 0.0963127464056,
            "house": 0.0262834709138,
            "techno": 0.0158469732851,
            "trance": 0.597765803337
        },
        "probability": 0.597765803337,
        "value": "trance"
    },
    "genre_rosamerica": {
        "all": {
            "cla": 0.000391418638173,
            "dan": 0.00867095030844,
            "hip": 0.000121290700918,
            "jaz": 0.000808028969914,
            "pop": 0.00271122483537,
            "rhy": 0.000566487375181,
            "roc": 0.986705720425,
            "spe": 2.48967553489e-05
        },
        "probability": 0.986705720425,
        "value": "roc"
    },
    "genre_tzanetakis": {
        "all": {
            "blu": 0.0626613423228,
            "cla": 0.0348169617355,
            "cou": 0.104475811124,
            "dis": 0.0784321576357,
            "hip": 0.15692435205,
            "jaz": 0.313974827528,
            "met": 0.0448166541755,
            "pop": 0.0627359300852,
            "reg": 0.0627360641956,
            "roc": 0.0784258767962
        },
        "probability": 0.313974827528,
        "value": "jaz"
    },
    "ismir04_rhythm": {
        "all": {
            "ChaChaCha": 0.035596601665,
            "Jive": 0.689884781837,
            "Quickstep": 0.0101126171649,
            "Rumba-American": 0.00658472022042,
            "Rumba-International": 0.0316476598382,
            "Rumba-Misc": 0.00670747738332,
            "Samba": 0.109464652836,
            "Tango": 0.0101304622367,
            "VienneseWaltz": 0.0939728245139,
            "Waltz": 0.00589820696041
        },
        "probability": 0.689884781837,
        "value": "Jive"
    },
    "mood_acoustic": {
        "all": {
            "acoustic": 0.0143611850217,
            "not_acoustic": 0.985638797283
        },
        "probability": 0.985638797283,
        "value": "not_acoustic"
    },
    "mood_aggressive": {
        "all": {
            "aggressive": 0.751669287682,
            "not_aggressive": 0.248330712318
        },
        "probability": 0.751669287682,
        "value": "aggressive"
    },
    "mood_electronic": {
        "all": {
            "electronic": 0.391102641821,
            "not_electronic": 0.608897328377
        },
        "probability": 0.608897328377,
        "value": "not_electronic"
    },
    "mood_happy": {
        "all": {
            "happy": 0.850858211517,
            "not_happy": 0.149141773582
        },
        "probability": 0.850858211517,
        "value": "happy"
    },
    "mood_party": {
        "all": {
            "not_party": 0.374018788338,
            "party": 0.625981211662
        },
        "probability": 0.625981211662,
        "value": "party"
    },
    "mood_relaxed": {
        "all": {
            "not_relaxed": 0.987263917923,
            "relaxed": 0.0127360653132
        },
        "probability": 0.987263917923,
        "value": "not_relaxed"
    },
    "mood_sad": {
        "all": {
            "not_sad": 0.718525230885,
            "sad": 0.281474798918
        },
        "probability": 0.718525230885,
        "value": "not_sad"
    },
    "moods_mirex": {
        "all": {
            "Cluster1": 0.541789233685,
            "Cluster2": 0.0800532326102,
            "Cluster3": 0.072200126946,
            "Cluster4": 0.0787989273667,
            "Cluster5": 0.227158486843
        },
        "probability": 0.541789233685,
        "value": "Cluster1"
    },
    "timbre": {
        "all": {
            "bright": 0.652035593987,
            "dark": 0.347964376211
        },
        "probability": 0.652035593987,
        "value": "bright"
    },
    "tonal_atonal": {
        "all": {
            "atonal": 2.78466523014e-05,
            "tonal": 0.999972164631
        },
        "probability": 0.999972164631,
        "value": "tonal"
    },
    "voice_instrumental": {
        "all": {
            "instrumental": 0.0127508016303,
            "voice": 0.987249195576
        },
        "probability": 0.987249195576,
        "value": "voice"
    }
},
"lowlevel": {
    "average_loudness": 0.977432549,
    "barkbands_crest": {
        "dmean": 2.64240264893,
        "dmean2": 4.33370447159,
        "dvar": 6.77316999435,
        "dvar2": 16.2761974335,
        "max": 22.2184257507,
        "mean": 7.75334978104,
        "median": 6.74776554108,
        "min": 2.45989370346,
        "var": 12.8964824677
    },
    "barkbands_flatness_db": {
        "dmean": 0.0182960294187,
        "dmean2": 0.0278351660818,
        "dvar": 0.000263882946456,
        "dvar2": 0.000551914155949,
        "max": 0.216191023588,
        "mean": 0.106230959296,
        "median": 0.10387802124,
        "min": 0.0447619482875,
        "var": 0.000764734344557
    },
    "barkbands_kurtosis": {
        "dmean": 1.29122412205,
        "dmean2": 2.04036927223,
        "dvar": 3.554210186,
        "dvar2": 7.92700576782,
        "max": 34.4271965027,
        "mean": 1.15161073208,
        "median": 0.402016639709,
        "min": -1.64539778233,
        "var": 7.26252174377
    },
    "barkbands_skewness": {
        "dmean": 0.409107267857,
        "dmean2": 0.644685268402,
        "dvar": 0.142549455166,
        "dvar2": 0.322495281696,
        "max": 5.55652141571,
        "mean": 1.20783638954,
        "median": 1.09739470482,
        "min": -0.584096729755,
        "var": 0.419880241156
    },
    "barkbands_spread": {
        "dmean": 6.75275564194,
        "dmean2": 10.2109966278,
        "dvar": 55.6536560059,
        "dvar2": 119.718147278,
        "max": 98.1729049683,
        "mean": 31.5996646881,
        "median": 29.4606151581,
        "min": 5.65571212769,
        "var": 128.333953857
    },
    "dissonance": {
        "dmean": 0.0127095840871,
        "dmean2": 0.0211542919278,
        "dvar": 0.000117488554679,
        "dvar2": 0.000327781337546,
        "max": 0.499815553427,
        "mean": 0.47391268611,
        "median": 0.47623115778,
        "min": 0.408844262362,
        "var": 0.000238939901465
    },
    "dynamic_complexity": 1.07023096085,
    "erbbands_crest": {
        "dmean": 2.10064506531,
        "dmean2": 3.35716176033,
        "dvar": 4.18565654755,
        "dvar2": 10.3061857224,
        "max": 22.6572685242,
        "mean": 6.7897605896,
        "median": 6.07149839401,
        "min": 2.3198928833,
        "var": 9.54156494141
    },
    "erbbands_flatness_db": {
        "dmean": 0.0146091599017,
        "dmean2": 0.0199876464903,
        "dvar": 0.000185852171853,
        "dvar2": 0.000332331517711,
        "max": 0.248769670725,
        "mean": 0.120433859527,
        "median": 0.117450371385,
        "min": 0.0528547950089,
        "var": 0.000770090147853
    },
    "erbbands_kurtosis": {
        "dmean": 0.495156645775,
        "dmean2": 0.767980992794,
        "dvar": 0.256640940905,
        "dvar2": 0.612544834614,
        "max": 6.12861156464,
        "mean": -0.136127308011,
        "median": -0.325721502304,
        "min": -1.56087517738,
        "var": 0.773037672043
    },
    "erbbands_skewness": {
        "dmean": 0.237048625946,
        "dmean2": 0.361133575439,
        "dvar": 0.0422106832266,
        "dvar2": 0.092237778008,
        "max": 1.5909422636,
        "mean": 0.106917344034,
        "median": 0.0943893194199,
        "min": -1.31244051456,
        "var": 0.168898507953
    },
    "erbbands_spread": {
        "dmean": 8.29612255096,
        "dmean2": 12.7138061523,
        "dvar": 64.0735321045,
        "dvar2": 150.929336548,
        "max": 97.7571334839,
        "mean": 44.7555618286,
        "median": 42.1115036011,
        "min": 15.2717647552,
        "var": 230.269088745
    },
    "hfc": {
        "dmean": 11.8511705399,
        "dmean2": 16.9711818695,
        "dvar": 237.064697266,
        "dvar2": 525.69934082,
        "max": 124.705802917,
        "mean": 37.0196380615,
        "median": 32.2410430908,
        "min": 3.46846914291,
        "var": 412.775726318
    },
    "melbands_crest": {
        "dmean": 3.41264295578,
        "dmean2": 5.68177080154,
        "dvar": 10.1534099579,
        "dvar2": 25.1370391846,
        "max": 28.433216095,
        "mean": 12.1120796204,
        "median": 11.4780921936,
        "min": 4.20762062073,
        "var": 19.0039463043
    },
    "melbands_flatness_db": {
        "dmean": 0.0255485679954,
        "dmean2": 0.0377817451954,
        "dvar": 0.000530446181074,
        "dvar2": 0.00111940852366,
        "max": 0.298916190863,
        "mean": 0.149048835039,
        "median": 0.145556211472,
        "min": 0.0470701903105,
        "var": 0.0016748867929
    },
    "melbands_kurtosis": {
        "dmean": 4.44077539444,
        "dmean2": 7.02523994446,
        "dvar": 36.3121948242,
        "dvar2": 80.0899124146,
        "max": 122.512886047,
        "mean": 8.44386291504,
        "median": 5.93729019165,
        "min": -1.018217206,
        "var": 79.6800842285
    },
    "melbands_skewness": {
        "dmean": 0.632978618145,
        "dmean2": 0.991186797619,
        "dvar": 0.346113920212,
        "dvar2": 0.763884425163,
        "max": 9.21966075897,
        "mean": 2.42513680458,
        "median": 2.21138930321,
        "min": 0.53528213501,
        "var": 1.10604608059
    },
    "melbands_spread": {
        "dmean": 7.91794013977,
        "dmean2": 12.5158166885,
        "dvar": 65.8675765991,
        "dvar2": 160.907836914,
        "max": 122.164428711,
        "mean": 29.57147789,
        "median": 28.8836212158,
        "min": 3.40679526329,
        "var": 139.032958984
    },
    "pitch_salience": {
        "dmean": 0.0721621885896,
        "dmean2": 0.114682435989,
        "dvar": 0.00408473098651,
        "dvar2": 0.0095666302368,
        "max": 0.833968222141,
        "mean": 0.581860125065,
        "median": 0.589425683022,
        "min": 0.25152951479,
        "var": 0.00906313490123
    },
    "silence_rate_20dB": {
        "dmean": 0,
        "dmean2": 0,
        "dvar": 0,
        "dvar2": 0,
        "max": 1,
        "mean": 1,
        "median": 1,
        "min": 1,
        "var": 0
    },
    "silence_rate_30dB": {
        "dmean": 0.0061919502914,
        "dmean2": 0.0123934932053,
        "dvar": 0.00615353090689,
        "dvar2": 0.0168876182288,
        "max": 1,
        "mean": 0.996133029461,
        "median": 1,
        "min": 0,
        "var": 0.00385199999437
    },
    "silence_rate_60dB": {
        "dmean": 0,
        "dmean2": 0,
        "dvar": 0,
        "dvar2": 0,
        "max": 0,
        "mean": 0,
        "median": 0,
        "min": 0,
        "var": 0
    },
    "spectral_centroid": {
        "dmean": 251.384124756,
        "dmean2": 385.430938721,
        "dvar": 51747.6328125,
        "dvar2": 117166.945312,
        "max": 3379.81860352,
        "mean": 1581.77856445,
        "median": 1533.50097656,
        "min": 450.079101562,
        "var": 175408.625
    },
    "spectral_complexity": {
        "dmean": 5.23761606216,
        "dmean2": 7.48876857758,
        "dvar": 22.7663345337,
        "dvar2": 43.7696113586,
        "max": 61,
        "mean": 29.5947418213,
        "median": 28,
        "min": 7,
        "var": 69.2573394775
    },
    "spectral_decrease": {
        "dmean": 3.19791948478e-09,
        "dmean2": 4.86799844879e-09,
        "dvar": 1.35679036165e-17,
        "dvar2": 3.13189406543e-17,
        "max": -1.7556571752e-09,
        "mean": -9.42651023905e-09,
        "median": -8.07799604985e-09,
        "min": -3.85157541416e-08,
        "var": 2.3402908219e-17
    },
    "spectral_energy": {
        "dmean": 0.0126505885273,
        "dmean2": 0.0189999789,
        "dvar": 0.000208068144275,
        "dvar2": 0.000482063711388,
        "max": 0.15060031414,
        "mean": 0.038935534656,
        "median": 0.033904556185,
        "min": 0.00709501467645,
        "var": 0.000365330168279
    },
    "spectral_energyband_high": {
        "dmean": 0.00109613512177,
        "dmean2": 0.00156311655883,
        "dvar": 2.27440659728e-06,
        "dvar2": 4.8177203098e-06,
        "max": 0.0122880712152,
        "mean": 0.00222958344966,
        "median": 0.00154577055946,
        "min": 0.000112423462269,
        "var": 4.0313102545e-06
    },
    "spectral_energyband_low": {
        "dmean": 0.00816342420876,
        "dmean2": 0.0125160263851,
        "dvar": 0.000140203454066,
        "dvar2": 0.000299603532767,
        "max": 0.10705640167,
        "mean": 0.0141736213118,
        "median": 0.00881717540324,
        "min": 0.00012318296649,
        "var": 0.000236301595578
    },
    "spectral_energyband_middle_high": {
        "dmean": 0.00223803054541,
        "dmean2": 0.00335252168588,
        "dvar": 5.43293390365e-06,
        "dvar2": 1.14308559205e-05,
        "max": 0.0302321296185,
        "mean": 0.00882817152888,
        "median": 0.00830394029617,
        "min": 0.000492842344102,
        "var": 1.91510644072e-05
    },
    "spectral_energyband_middle_low": {
        "dmean": 0.00658051948994,
        "dmean2": 0.0111443893984,
        "dvar": 9.29236266529e-05,
        "dvar2": 0.000248101889156,
        "max": 0.0887153372169,
        "mean": 0.0161566566676,
        "median": 0.0135501213372,
        "min": 0.00178147829138,
        "var": 0.000107403189759
    },
    "spectral_entropy": {
        "dmean": 0.129609659314,
        "dmean2": 0.175752326846,
        "dvar": 0.0147271156311,
        "dvar2": 0.0260621383786,
        "max": 8.56132221222,
        "mean": 7.9028096199,
        "median": 7.89657020569,
        "min": 7.14023733139,
        "var": 0.0540586262941
    },
    "spectral_flux": {
        "dmean": 0.0310964342207,
        "dmean2": 0.0468618758023,
        "dvar": 0.00089082721388,
        "dvar2": 0.00195460952818,
        "max": 0.272632241249,
        "mean": 0.110548064113,
        "median": 0.102222368121,
        "min": 0.037364512682,
        "var": 0.00181937904563
    },
    "spectral_kurtosis": {
        "dmean": 0.899707913399,
        "dmean2": 1.48188138008,
        "dvar": 0.903121829033,
        "dvar2": 2.57840847969,
        "max": 12.0162000656,
        "mean": 2.7370262146,
        "median": 2.57023239136,
        "min": -0.204826831818,
        "var": 1.72909116745
    },
    "spectral_rms": {
        "dmean": 0.00095158116892,
        "dmean2": 0.00140193395782,
        "dvar": 9.15067971619e-07,
        "dvar2": 2.04168304663e-06,
        "max": 0.0121213505045,
        "mean": 0.00600225990638,
        "median": 0.00575131410733,
        "min": 0.00263096275739,
        "var": 1.95880193132e-06
    },
    "spectral_rolloff": {
        "dmean": 721.563415527,
        "dmean2": 1180.59082031,
        "dvar": 1283465.375,
        "dvar2": 3093170,
        "max": 12962.9882812,
        "mean": 1879.38415527,
        "median": 1571.92382812,
        "min": 86.1328125,
        "var": 1735423.25
    },
    "spectral_skewness": {
        "dmean": 0.15634432435,
        "dmean2": 0.246202707291,
        "dvar": 0.0212153568864,
        "dvar2": 0.0528944134712,
        "max": 2.47947621346,
        "mean": 1.28512525558,
        "median": 1.28819429874,
        "min": 0.449614197016,
        "var": 0.0677709653974
    },
    "spectral_spread": {
        "dmean": 634631.0625,
        "dmean2": 888066,
        "dvar": 522368811008,
        "dvar2": 886569631744,
        "max": 16344385,
        "mean": 5265741,
        "median": 5256147,
        "min": 2333060.75,
        "var": 1.712930816e+12
    },
    "spectral_strongpeak": {
        "dmean": 0.498855501413,
        "dmean2": 0.873090445995,
        "dvar": 0.696881651878,
        "dvar2": 1.75146067142,
        "max": 11.5405416489,
        "mean": 0.72439211607,
        "median": 0.424087285995,
        "min": 0.0471149869263,
        "var": 0.783932030201
    },
    "zerocrossingrate": {
        "dmean": 0.0146650662646,
        "dmean2": 0.0172452926636,
        "dvar": 0.000187026074855,
        "dvar2": 0.000253059493843,
        "max": 0.2177734375,
        "mean": 0.0807657986879,
        "median": 0.076171875,
        "min": 0.0146484375,
        "var": 0.000890020339284
    },
    "barkbands": {
        "dmean": [0.000219245950575, 0.00586839346215, 0.00229815905914, 0.00280065578409, 0.00332115171477, 0.00129708577879, 0.0010591064347, 0.000802955124527, 0.000863593420945, 0.000771781604271, 0.000599660153966, 0.000557939638384, 0.000725763791706, 0.000653617840726, 0.000482406816445, 0.000344107014826, 0.000284473382635, 0.000228507647989, 0.000212185681448, 0.000211122605833, 0.00022905167134, 0.000229307668633, 0.000203060684726, 0.000182020870852, 0.000239508022787, 0.000133609559271, 6.98456901205e-08],
        "dmean2": [0.00037565259845, 0.00917791761458, 0.00369067117572, 0.00480936607346, 0.00583411660045, 0.00220676651224, 0.001733381534, 0.00127236521803, 0.00135996832978, 0.00121966388542, 0.000938079145271, 0.000903539475985, 0.00114313454833, 0.00102189846803, 0.000800712849014, 0.000525250041392, 0.000459478527773, 0.000357170822099, 0.000337532022968, 0.000327551912051, 0.000342197105056, 0.00035817240132, 0.000304892717395, 0.000276889215456, 0.000368868728401, 0.000208573022974, 1.30904680873e-07],
        "dvar": [3.0374076232e-07, 0.000114447284432, 1.16755354611e-05, 2.25766943913e-05, 2.85452333628e-05, 6.43334715278e-06, 3.1064837458e-06, 1.29777413349e-06, 2.27588952839e-06, 1.25733538425e-06, 8.36835226892e-07, 5.04902459397e-07, 1.57743954787e-06, 9.01331929981e-07, 5.69695600916e-07, 3.18774567631e-07, 1.48116569676e-07, 7.54114850565e-08, 5.94725513281e-08, 5.634872835e-08, 8.98564564977e-08, 1.27806615069e-07, 7.26281257357e-08, 7.23167090655e-08, 1.67412324004e-07, 7.961894255e-08, 9.81041962077e-14],
        "dvar2": [7.88549982644e-07, 0.000259761553025, 2.7667681934e-05, 6.24866661383e-05, 8.09463890619e-05, 1.73593198269e-05, 7.21424112271e-06, 2.99413454741e-06, 5.58852252652e-06, 3.10366772283e-06, 1.89251602478e-06, 1.23164295474e-06, 3.67136090063e-06, 1.96665200747e-06, 1.46476395457e-06, 6.93697586485e-07, 3.57135121476e-07, 1.66543856039e-07, 1.44508717881e-07, 1.27759861357e-07, 1.87067669799e-07, 2.95579553722e-07, 1.57319263394e-07, 1.64618754184e-07, 3.94513847368e-07, 2.01342729156e-07, 2.81976319464e-13],
        "max": [0.00385952671058, 0.090022444725, 0.0683552622795, 0.0494291558862, 0.0555950850248, 0.0312551707029, 0.0270137153566, 0.0159476008266, 0.0187762342393, 0.0126306358725, 0.0158041454852, 0.0101182349026, 0.0163057520986, 0.0108250053599, 0.0101075582206, 0.00767672341317, 0.00531770195812, 0.00421216338873, 0.00409773131832, 0.00188692344818, 0.00324540375732, 0.00446751294658, 0.00262200413272, 0.00231489865109, 0.00283048208803, 0.00340854120441, 4.34400590166e-06],
        "mean": [0.000182219228009, 0.00815324857831, 0.00368090951815, 0.00393467769027, 0.00475626299158, 0.00202501611784, 0.00201241485775, 0.00141087220982, 0.0014843584504, 0.00137221196201, 0.000974702183157, 0.00104978831951, 0.00139370246325, 0.00120467413217, 0.000800299982075, 0.000625476415735, 0.000499650312122, 0.000472406274639, 0.000455868488643, 0.000439109251602, 0.00046485173516, 0.000413808127632, 0.000394389033318, 0.000289971358143, 0.0002811360755, 0.000163549077115, 4.07323810236e-08],
        "median": [1.83564116014e-05, 0.00293954508379, 0.00255764881149, 0.00263278465718, 0.00337057095021, 0.00107695593033, 0.00105489394628, 0.000864708272275, 0.000851722201332, 0.000866335991304, 0.000616530480329, 0.000819615146611, 0.000712800829206, 0.000638157245703, 0.00052052148385, 0.000318321312079, 0.000368294247892, 0.000352978124283, 0.000363202940207, 0.000340818951372, 0.000330294657033, 0.000266015937086, 0.000258911954006, 0.000179310241947, 0.000121002434753, 6.78418946336e-05, 8.72974692534e-10],
        "min": [1.67539226936e-08, 8.68302140589e-06, 1.30853859446e-05, 5.64265355933e-05, 0.000143067460158, 4.54423898191e-05, 2.36478063016e-05, 1.65414112416e-05, 3.76356692868e-05, 8.24610469863e-06, 2.4199659947e-06, 3.00616738969e-05, 3.30161788042e-06, 2.45390692726e-05, 2.9568980608e-05, 1.64668617799e-05, 2.15406598727e-05, 1.03388629213e-05, 4.6133853175e-05, 2.90631796815e-05, 4.17513365392e-05, 1.36446069519e-05, 3.69738859263e-06, 5.11742086928e-07, 9.03065426883e-08, 2.05158601219e-09, 1.15418135119e-11],
        "var": [2.48298618999e-07, 0.000168257567566, 1.63366748893e-05, 2.19783196371e-05, 2.48940141319e-05, 8.26745872473e-06, 8.28751308291e-06, 2.6948582672e-06, 3.53922882823e-06, 2.35011748373e-06, 1.31496472022e-06, 8.68364679718e-07, 3.43429815075e-06, 2.05440892387e-06, 9.04043929495e-07, 7.76122305979e-07, 2.3615453415e-07, 1.7252988016e-07, 1.13170457894e-07, 1.08799191878e-07, 1.69296669128e-07, 1.80094545499e-07, 1.68337678019e-07, 1.12885068404e-07, 1.83159571066e-07, 8.82730191165e-08, 5.5671335326e-14]
    },
    "erbbands": {
        "dmean": [0.187725663185, 1.28905880451, 2.35382413864, 6.4655995369, 8.78425884247, 12.5157289505, 14.3007860184, 9.57298374176, 14.9556150436, 15.8237867355, 16.9361553192, 17.9267292023, 23.6862869263, 18.8873195648, 22.468870163, 20.4014263153, 29.5465545654, 33.3347206116, 22.677230835, 21.5931949615, 16.7506141663, 15.5513696671, 12.7202196121, 11.0632610321, 10.2683353424, 9.24268531799, 9.73243141174, 8.64020347595, 8.34193515778, 6.94925737381, 6.01329183578, 4.43298530579, 2.66264867783, 2.7974998951, 1.65421259403, 0.65836083889, 0.283175051212, 0.0191452112049, 0.000368609500583, 2.98235354421e-05],
        "dmean2": [0.291266858578, 2.04098129272, 3.69935870171, 11.0861082077, 14.9683170319, 22.2075881958, 25.0783939362, 16.0824604034, 24.2400493622, 24.1729202271, 27.1614971161, 28.3537750244, 37.3465538025, 30.460647583, 34.8172454834, 32.6656799316, 45.6813049316, 50.4266242981, 36.2238922119, 34.1494216919, 25.1457290649, 25.2016983032, 19.9295978546, 17.5979976654, 16.3049507141, 14.2903547287, 14.7516222, 13.1618871689, 13.1149578094, 10.8282709122, 9.03128623962, 6.86109352112, 4.03789138794, 4.35173511505, 2.59993648529, 1.00286495686, 0.454969257116, 0.0325171425939, 0.00060495454818, 4.49049912277e-05],
        "dvar": [0.157946303487, 4.78006696701, 12.7768859863, 106.863327026, 160.700256348, 520.631713867, 754.508239746, 279.510925293, 654.451660156, 620.526916504, 749.411437988, 1142.9708252, 1461.8704834, 789.515014648, 1450.31213379, 690.359558105, 2744.21948242, 2389.09399414, 1629.21984863, 1238.10888672, 778.427124023, 400.729705811, 231.348968506, 166.5728302, 125.406234741, 112.651924133, 183.547958374, 127.225265503, 178.382034302, 120.005661011, 63.3638687134, 44.5541725159, 13.7100896835, 21.6249389648, 8.50060462952, 1.53010547161, 0.398879945278, 0.00240096705966, 7.62735453463e-07, 2.27553220711e-09],
        "dvar2": [0.364387482405, 11.1775941849, 28.3015460968, 297.318817139, 432.457092285, 1466.45361328, 2119.11352539, 744.14831543, 1451.87902832, 1477.22253418, 1681.56860352, 2706.97143555, 3635.46289062, 1947.11486816, 3301.09106445, 1665.67407227, 6095.45703125, 5314.65576172, 4050.77099609, 3081.35473633, 1796.57092285, 986.28314209, 510.857513428, 410.404571533, 289.875732422, 256.107269287, 412.283416748, 271.392669678, 412.563079834, 290.873199463, 139.239028931, 101.068809509, 30.7988109589, 50.2895202637, 20.5826873779, 3.69580411911, 1.03904104233, 0.0066705448553, 2.07333528124e-06, 5.75675773717e-09],
        "max": [3.71092653275, 19.4428081512, 72.2590179443, 97.7924575806, 129.316558838, 254.35043335, 326.093200684, 161.265335083, 494.147247314, 384.116577148, 352.644287109, 437.564880371, 440.795196533, 330.674102783, 796.755004883, 389.201751709, 868.604980469, 696.425415039, 583.844177246, 530.633422852, 430.541687012, 322.754058838, 181.358673096, 190.4662323, 117.821861267, 107.527816772, 163.2940979, 104.492408752, 184.331710815, 123.141319275, 71.8004074097, 64.36693573, 40.962097168, 32.4591064453, 24.402256012, 14.1163816452, 8.38585186005, 0.737634837627, 0.0127514833584, 0.000555825186893],
        "mean": [0.24041941762, 1.7974524498, 4.03253221512, 9.87143325806, 12.9846048355, 15.9245519638, 20.5672168732, 15.7446651459, 28.0781059265, 30.3281574249, 31.3877372742, 30.8778934479, 43.4685630798, 34.2372436523, 40.7628479004, 41.7172279358, 62.515953064, 70.0380172729, 44.3075790405, 40.2716178894, 33.8554534912, 29.7031803131, 26.5791702271, 23.3684043884, 22.8831138611, 19.8750190735, 19.83735466, 17.0711631775, 15.4738779068, 11.9823217392, 11.6172800064, 7.03995466232, 4.29116916656, 3.27865409851, 1.92552232742, 0.827933132648, 0.321637630463, 0.0198884103447, 0.000428542552982, 7.2415190516e-05],
        "median": [0.0447813235223, 0.78206807375, 3.03388047218, 7.28514719009, 9.42418384552, 9.75473594666, 10.5972499847, 8.62441921234, 15.3734817505, 16.82862854, 19.8919200897, 18.8953762054, 26.622095108, 22.5410842896, 26.7408771515, 34.5637969971, 37.5232772827, 36.9627532959, 30.9093551636, 26.5855636597, 19.579252243, 21.9608440399, 19.3858604431, 18.1991119385, 18.7092132568, 15.3061475754, 13.9616098404, 11.807803154, 9.99836063385, 7.5355591774, 7.47086048126, 4.17717218399, 2.64871406555, 1.45775079727, 0.803754091263, 0.349275708199, 0.119446471334, 0.00736752618104, 0.00018746490241, 5.75339508941e-05],
        "min": [0.000142459553899, 0.00265491520986, 0.0294339507818, 0.185104966164, 0.280829101801, 0.492485612631, 0.5769931674, 0.430440455675, 0.559974074364, 0.843882799149, 0.471552461386, 0.76874423027, 0.965115427971, 0.360554248095, 1.4736521244, 1.1265296936, 0.606041371822, 1.7490196228, 1.62546384335, 1.36579215527, 0.806689083576, 1.47103333473, 0.693820238113, 2.16588568687, 2.17566180229, 1.33284580708, 1.74238479137, 0.908181965351, 0.55133497715, 0.319381028414, 0.0487305186689, 0.0135365733877, 0.00393956201151, 0.00214584986679, 0.000381808524253, 0.000155587767949, 1.83859901881e-05, 3.35302070198e-06, 6.2992507992e-06, 9.62447029451e-06],
        "var": [0.213776603341, 6.89141654968, 19.1851959229, 104.504692078, 170.190826416, 445.078979492, 798.499694824, 352.250091553, 1808.26257324, 1410.96057129, 1446.12854004, 1607.2232666, 2600.67358398, 1248.93151855, 2402.37353516, 1180.33239746, 6244.07910156, 6716.46728516, 2535.61279297, 2089.13720703, 1969.1036377, 690.291015625, 538.498962402, 325.891815186, 247.087509155, 228.668960571, 313.905914307, 232.829315186, 249.214706421, 171.759094238, 150.149887085, 66.2882156372, 24.687297821, 24.1875572205, 8.93076324463, 1.9316368103, 0.390818595886, 0.00195124093443, 6.72742089591e-07, 2.74892375529e-09]
    },
    "gfcc": {
        "mean": [69.9635620117, 76.1246261597, -116.176261902, 37.3287010193, -61.4417304993, 23.7338199615, -40.0547065735, 8.68856620789, -30.1721744537, 7.35387516022, -21.5712890625, 1.31412386894, -16.6603775024],
        "cov": [[960.435852051, -625.55456543, 294.627166748, -117.789222717, -111.003372192, 138.450378418, -140.797485352, 76.7285690308, -103.304084778, 56.7304878235, -87.788230896, 34.4613304138, -79.7280960083], [-625.55456543, 790.663146973, -302.443695068, 120.620292664, 163.700286865, -98.2281494141, 196.674682617, -30.1231441498, 148.612426758, -46.526473999, 92.3600921631, -57.9381790161, 93.8192825317], [294.627166748, -302.443695068, 397.030578613, -8.08467483521, -26.233997345, 93.707611084, -60.7521057129, 54.6168670654, -59.9249649048, 45.6983261108, -20.9479980469, 53.3840827942, -40.259552002], [-117.789222717, 120.620292664, -8.08467483521, 258.973205566, 52.9030227661, 4.19943571091, 59.267074585, 18.398141861, 66.8620376587, 0.816189885139, 43.6626434326, -0.660738945007, 59.6396102905], [-111.003372192, 163.700286865, -26.233997345, 52.9030227661, 151.284210205, 17.6897125244, 72.0312957764, 10.4194078445, 35.0072669983, 21.9706115723, 15.2377653122, 4.7695775032, 22.9763908386], [138.450378418, -98.2281494141, 93.707611084, 4.19943571091, 17.6897125244, 158.983917236, 25.1267967224, 16.5008602142, -19.8035850525, 27.9068641663, 29.1813621521, -1.3300538063, -8.01433563232], [-140.797485352, 196.674682617, -60.7521057129, 59.267074585, 72.0312957764, 25.1267967224, 141.14654541, 25.7174053192, 48.7888832092, 4.43319034576, 36.6430778503, -4.91191244125, 23.1711750031], [76.7285690308, -30.1231441498, 54.6168670654, 18.398141861, 10.4194078445, 16.5008602142, 25.7174053192, 114.493301392, 45.5814666748, 21.4053325653, -9.42336750031, 5.29467105865, 6.2196855545], [-103.304084778, 148.612426758, -59.9249649048, 66.8620376587, 35.0072669983, -19.8035850525, 48.7888832092, 45.5814666748, 116.787506104, 12.2842035294, 23.3557338715, -5.86530780792, 28.5142345428], [56.7304878235, -46.526473999, 45.6983261108, 0.816189885139, 21.9706115723, 27.9068641663, 4.43319034576, 21.4053325653, 12.2842035294, 59.5015296936, 12.0578050613, 10.9850549698, -3.87270665169], [-87.788230896, 92.3600921631, -20.9479980469, 43.6626434326, 15.2377653122, 29.1813621521, 36.6430778503, -9.42336750031, 23.3557338715, 12.0578050613, 71.6425933838, 3.69250106812, 16.4516162872], [34.4613304138, -57.9381790161, 53.3840827942, -0.660738945007, 4.7695775032, -1.3300538063, -4.91191244125, 5.29467105865, -5.86530780792, 10.9850549698, 3.69250106812, 61.1633605957, 6.50481843948], [-79.7280960083, 93.8192825317, -40.259552002, 59.6396102905, 22.9763908386, -8.01433563232, 23.1711750031, 6.2196855545, 28.5142345428, -3.87270665169, 16.4516162872, 6.50481843948, 67.7183914185]],
        "icov": [[0.00254135183059, 0.00121824676171, -0.000118898700748, 0.000140171105159, 0.000370877765818, -0.00156194844749, 0.000545920338482, -0.0010304232128, 4.16521579609e-05, -0.0007602039841, 0.00162513111718, -8.76438352861e-05, 0.000259866967099], [0.00121824676171, 0.00736303022131, -0.00045616645366, 0.00213542953134, -0.00483195763081, 0.00437013525516, -0.00502571137622, 0.00214016181417, -0.00424343440682, 0.00496553583071, -0.00612207688391, 0.00611735181883, -0.00426837708801], [-0.000118898700748, -0.00045616645366, 0.00534916948527, -0.00170421565417, 0.00055500358576, -0.00287986849435, 0.00242436723784, -0.00299552944489, 0.00268779043108, -0.00213478668593, 0.00151399930473, -0.00446253735572, 0.00289652077481], [0.000140171105159, 0.00213542953134, -0.00170421565417, 0.00675841560587, -0.00245833676308, 0.0020928804297, -0.00245015439577, 0.00136104109697, -0.00369392335415, 0.00302510894835, -0.00430880626664, 0.00337581359781, -0.00551271392033], [0.000370877765818, -0.00483195763081, 0.00055500358576, -0.00245833676308, 0.0138388490304, -0.00468172179535, -0.000963062862866, -0.000251901161391, 0.00221045711078, -0.00827372353524, 0.0083017712459, -0.00553251989186, 0.00183985836338], [-0.00156194844749, 0.00437013525516, -0.00287986849435, 0.0020928804297, -0.00468172179535, 0.0148285310715, -0.00649958616123, 0.00159462634474, -0.000285452202661, 0.00228989426978, -0.0109972367063, 0.00822297763079, -0.00389494141564], [0.000545920338482, -0.00502571137622, 0.00242436723784, -0.00245015439577, -0.000963062862866, -0.00649958616123, 0.0174259189516, -0.00583750242367, 0.00223210640252, -0.00149476842489, 0.00128826324362, -0.00544829713181, 0.00452079344541], [-0.0010304232128, 0.00214016181417, -0.00299552944489, 0.00136104109697, -0.000251901161391, 0.00159462634474, -0.00583750242367, 0.0162150468677, -0.00892552174628, -0.000531867262907, 0.0024546533823, 0.00288484944031, -0.00352104613557], [4.16521579609e-05, -0.00424343440682, 0.00268779043108, -0.00369392335415, 0.00221045711078, -0.000285452202661, 0.00223210640252, -0.00892552174628, 0.0193718038499, -0.00645764963701, 0.000417692324845, -0.00284386891872, 0.00169693864882], [-0.0007602039841, 0.00496553583071, -0.00213478668593, 0.00302510894835, -0.00827372353524, 0.00228989426978, -0.00149476842489, -0.000531867262907, -0.00645764963701, 0.0282057672739, -0.0107437875122, 0.0027605604846, -0.00139216706157], [0.00162513111718, -0.00612207688391, 0.00151399930473, -0.00430880626664, 0.0083017712459, -0.0109972367063, 0.00128826324362, 0.0024546533823, 0.000417692324845, -0.0107437875122, 0.030765241012, -0.00927796214819, 0.00293219741434], [-8.76438352861e-05, 0.00611735181883, -0.00446253735572, 0.00337581359781, -0.00553251989186, 0.00822297763079, -0.00544829713181, 0.00288484944031, -0.00284386891872, 0.0027605604846, -0.00927796214819, 0.026766853407, -0.00871668756008], [0.000259866967099, -0.00426837708801, 0.00289652077481, -0.00551271392033, 0.00183985836338, -0.00389494141564, 0.00452079344541, -0.00352104613557, 0.00169693864882, -0.00139216706157, 0.00293219741434, -0.00871668756008, 0.024585718289]]
    },
    "melbands": {
        "dmean": [0.00166595482733, 0.00127957726363, 0.0011212391546, 0.000709113373887, 0.000537155021448, 0.000225474825129, 0.000217562002945, 0.000174834742211, 0.000150762425619, 0.000113440859423, 0.000122629135149, 8.11520294519e-05, 7.22996846889e-05, 5.65149275644e-05, 7.29725943529e-05, 8.06407842902e-05, 6.74742477713e-05, 4.06377657782e-05, 4.10825887229e-05, 2.59231965174e-05, 2.12030226976e-05, 1.8938409994e-05, 1.19940077639e-05, 1.16688324852e-05, 9.628162843e-06, 8.82781660039e-06, 8.22473157314e-06, 6.36571530777e-06, 6.4812115852e-06, 6.48592731523e-06, 5.07396907778e-06, 4.8309993872e-06, 4.93919969813e-06, 3.77779497285e-06, 3.94382277591e-06, 2.96574944514e-06, 2.84777888737e-06, 2.04164371098e-06, 1.61453783676e-06, 2.81260872725e-06],
        "dmean2": [0.00261842110194, 0.00196558143944, 0.00189149705693, 0.00123199366499, 0.000942826620303, 0.000376872514607, 0.000354475574568, 0.000267997354968, 0.000239827131736, 0.000178431640961, 0.000193859727005, 0.000131481850985, 0.000112919558887, 8.91345698619e-05, 0.00011410935258, 0.000126576822367, 0.000102585327113, 6.54935938655e-05, 6.74215771141e-05, 4.08357700508e-05, 3.27167945215e-05, 3.10981122311e-05, 1.89103448065e-05, 1.80809929589e-05, 1.56288660946e-05, 1.43083352668e-05, 1.32719305839e-05, 9.97681308945e-06, 9.9991384559e-06, 9.8688469734e-06, 8.06969819678e-06, 7.62855461289e-06, 7.95610048954e-06, 5.96313884671e-06, 6.02127829552e-06, 4.58077647636e-06, 4.52634321846e-06, 3.1863953609e-06, 2.45400133281e-06, 4.45202158517e-06],
        "dvar": [1.04343935163e-05, 3.56691680281e-06, 3.06672018269e-06, 1.24496898479e-06, 9.39738811212e-07, 1.47494020553e-07, 1.3193380255e-07, 6.58151790844e-08, 6.47367102147e-08, 4.70092906824e-08, 3.78843765247e-08, 1.43162477428e-08, 1.40213671784e-08, 6.13218054113e-09, 9.94532012299e-09, 2.18066400492e-08, 9.86639570044e-09, 6.07778627426e-09, 4.22249035736e-09, 1.7550683129e-09, 1.50144396915e-09, 6.41149189295e-10, 2.724654391e-10, 2.56139970345e-10, 1.32478847337e-10, 9.44660946689e-11, 8.52480308566e-11, 5.45084775927e-11, 8.56634138624e-11, 8.72915142947e-11, 4.62959566516e-11, 5.74925142216e-11, 6.8550623511e-11, 3.56442028671e-11, 2.85060967886e-11, 1.59397529897e-11, 2.18529239843e-11, 8.41327355006e-12, 6.0703469161e-12, 2.55073479699e-11],
        "dvar2": [2.39813689404e-05, 7.65802542446e-06, 8.53143592394e-06, 3.46724937117e-06, 2.6770499062e-06, 3.90427288721e-07, 3.01526824842e-07, 1.5582581625e-07, 1.47566765918e-07, 1.10796243291e-07, 9.43045037616e-08, 3.57938567674e-08, 3.24686197928e-08, 1.56640922455e-08, 2.31257697436e-08, 5.05947816976e-08, 2.14988880032e-08, 1.50712704539e-08, 1.08729034665e-08, 3.69021591062e-09, 3.4210692057e-09, 1.65088842596e-09, 6.09944261765e-10, 5.61832580459e-10, 3.44436229538e-10, 2.31197588851e-10, 2.04234198997e-10, 1.27775942604e-10, 2.13014481054e-10, 1.80882614442e-10, 1.04715673632e-10, 1.37081596074e-10, 1.65018512743e-10, 8.76083511292e-11, 6.58854845681e-11, 3.5225308781e-11, 5.21417110877e-11, 1.9602064763e-11, 1.38833649438e-11, 6.0390414891e-11],
        "max": [0.0288829375058, 0.0270314440131, 0.0175268817693, 0.0110013447702, 0.0088991522789, 0.00331686390564, 0.00633594021201, 0.00360623002052, 0.00367000116967, 0.00294503313489, 0.00226352643222, 0.00131620175671, 0.0021913095843, 0.00121566629969, 0.00125415367074, 0.00216587563045, 0.0014069955796, 0.00110182061326, 0.000929287401959, 0.000463094911538, 0.000676622090396, 0.000439926196123, 0.000195523200091, 0.000265438808128, 0.000176634348463, 0.000134634392452, 8.93305841601e-05, 7.59156246204e-05, 0.000116328046715, 0.00010794228001, 8.19662673166e-05, 0.000112415837066, 8.80221195985e-05, 8.0227961007e-05, 4.89352823934e-05, 4.26369042543e-05, 4.55732406408e-05, 2.8654039852e-05, 2.81472530332e-05, 3.37441560987e-05],
        "mean": [0.00221826788038, 0.00224811630324, 0.0018133049598, 0.00100700673647, 0.000749412225559, 0.00037531615817, 0.000411095359595, 0.0003262408718, 0.000272077071713, 0.000189566591871, 0.000218901463086, 0.000139709271025, 0.000124941070681, 0.00010909937555, 0.000131755630719, 0.000144494537381, 0.000130668966449, 6.89723092364e-05, 6.56649353914e-05, 4.54292530776e-05, 3.77995893359e-05, 3.25608634739e-05, 2.2959555281e-05, 2.25665953622e-05, 1.83169649972e-05, 1.75421755557e-05, 1.57669092005e-05, 1.24367606986e-05, 1.20803324535e-05, 1.19936630654e-05, 9.20896127354e-06, 8.79041999724e-06, 7.60788179832e-06, 6.38498067929e-06, 7.22402410247e-06, 5.1304164117e-06, 4.03396916226e-06, 3.21701531902e-06, 2.27951113629e-06, 2.99905582324e-06],
        "median": [0.000668694323394, 0.00157672993373, 0.00139631400816, 0.000724222976714, 0.000416533992393, 0.000219107503654, 0.000223200462642, 0.000180848117452, 0.000157755086548, 0.000113011112262, 0.000130281114252, 8.72251403052e-05, 8.28207848826e-05, 7.67951933085e-05, 9.57429147093e-05, 6.29573623883e-05, 6.30005379207e-05, 4.23667988798e-05, 4.3535423174e-05, 2.49651038757e-05, 2.11741789826e-05, 2.37932490563e-05, 1.63139993674e-05, 1.61424395628e-05, 1.38135310408e-05, 1.42723065437e-05, 1.22329029182e-05, 9.30436817725e-06, 8.58647945279e-06, 7.87991939433e-06, 6.04049773756e-06, 5.75378908252e-06, 4.23221081292e-06, 4.04297088608e-06, 4.59706234324e-06, 3.29162617163e-06, 2.23928009291e-06, 1.95142729353e-06, 1.29237810143e-06, 1.08803499188e-06],
        "min": [1.89857235e-06, 8.50986725709e-06, 3.87632280763e-05, 4.26233236794e-05, 1.74746419361e-05, 8.51833556226e-06, 6.84372844262e-06, 5.22254140378e-06, 3.28580108544e-06, 5.83555993217e-06, 4.44905253971e-06, 7.48776471937e-07, 4.2420842874e-06, 2.90971024697e-06, 5.84628708111e-07, 1.70141652234e-06, 2.90246225632e-06, 1.11645385914e-06, 2.89128820441e-06, 1.15540115075e-06, 8.38288144678e-07, 1.42267356296e-06, 1.01032981092e-06, 4.69792695412e-07, 1.45108174365e-06, 1.4730417206e-06, 1.15785019261e-06, 6.38895699012e-07, 6.36947731891e-07, 5.78367803428e-07, 4.40252392764e-07, 3.2456685517e-07, 2.31397407902e-07, 1.35553975156e-07, 1.41666403053e-08, 6.28750562726e-09, 5.3846198611e-09, 6.76809663869e-10, 3.3913702957e-09, 1.4314453789e-10],
