{
"highlevel": {
    "danceability": {
        "all": {
            "danceable": 0.220944330096,
            "not_danceable": 0.779055655003
        },
        "probability": 0.779055655003,
        "value": "not_danceable"
    },
    "gender": {
        "all": {
            "female": 0.21058665216,
            "male": 0.789413332939
        },
        "probability": 0.789413332939,
        "value": "male"
    },
    "genre_dortmund": {
        "all": {
            "alternative": 0.103307127953,
            "blues": 0.0592023134232,
            "electronic": 0.0020454658661,
            "folkcountry": 0.607615888119,
            "funksoulrnb": 0.00548669137061,
            "jazz": 0.0284223351628,
            "pop": 0.0709633231163,
            "raphiphop": 0.00110234110616,
            "rock": 0.121854521334
        },
        "probability": 0.607615888119,
        "value": "folkcountry"
    },
    "genre_electronic": {
        "all": {
            "ambient": 0.888996124268,
            "dnb": 0.0192651990801,
            "house": 0.0425451919436,
            "techno": 0.00392693234608,
            "trance": 0.045266546309
        },
        "probability": 0.888996124268,
        "value": "ambient"
    },
    "genre_rosamerica": {
        "all": {
            "cla": 0.127214968204,
            "dan": 0.0285774357617,
            "hip": 0.0191995278001,
            "jaz": 0.0984510034323,
            "pop": 0.232295930386,
            "rhy": 0.221187308431,
            "roc": 0.245474159718,
            "spe": 0.0275996699929
        },
        "probability": 0.245474159718,
        "value": "roc"
    },
    "genre_tzanetakis": {
        "all": {
            "blu": 0.0626613423228,
            "cla": 0.0348169617355,
            "cou": 0.104475811124,
            "dis": 0.0784321576357,
            "hip": 0.15692435205,
            "jaz": 0.313974827528,
            "met": 0.0448166541755,
            "pop": 0.0627359300852,
            "reg": 0.0627360641956,
            "roc": 0.0784258767962
        },
        "probability": 0.313974827528,
        "value": "jaz"
    },
    "ismir04_rhythm": {
        "all": {
            "ChaChaCha": 0.249495700002,
            "Jive": 0.0452710725367,
            "Quickstep": 0.122257754207,
            "Rumba-American": 0.029530974105,
            "Rumba-International": 0.0319372750819,
            "Rumba-Misc": 0.0124857462943,
            "Samba": 0.0214220620692,
            "Tango": 0.424304634333,
            "VienneseWaltz": 0.0528075248003,
            "Waltz": 0.0104872584343
        },
        "probability": 0.424304634333,
        "value": "Tango"
    },
    "mood_acoustic": {
        "all": {
            "acoustic": 0.855735421181,
            "not_acoustic": 0.14426459372
        },
        "probability": 0.855735421181,
        "value": "acoustic"
    },
    "mood_aggressive": {
        "all": {
            "aggressive": 0.0228185541928,
            "not_aggressive": 0.977181434631
        },
        "probability": 0.977181434631,
        "value": "not_aggressive"
    },
    "mood_electronic": {
        "all": {
            "electronic": 0.0258191358298,
            "not_electronic": 0.974180877209
        },
        "probability": 0.974180877209,
        "value": "not_electronic"
    },
    "mood_happy": {
        "all": {
            "happy": 0.641250312328,
            "not_happy": 0.358749717474
        },
        "probability": 0.641250312328,
        "value": "happy"
    },
    "mood_party": {
        "all": {
            "not_party": 0.8848772645,
            "party": 0.115122757852
        },
        "probability": 0.8848772645,
        "value": "not_party"
    },
    "mood_relaxed": {
        "all": {
            "not_relaxed": 0.760180592537,
            "relaxed": 0.239819422364
        },
        "probability": 0.760180592537,
        "value": "not_relaxed"
    },
    "mood_sad": {
        "all": {
            "not_sad": 0.197734430432,
            "sad": 0.802265584469
        },
        "probability": 0.802265584469,
        "value": "sad"
    },
    "moods_mirex": {
        "all": {
            "Cluster1": 0.302776902914,
            "Cluster2": 0.22232452035,
            "Cluster3": 0.335300773382,
            "Cluster4": 0.132396370173,
            "Cluster5": 0.00720142712817
        },
        "probability": 0.335300773382,
        "value": "Cluster3"
    },
    "timbre": {
        "all": {
            "bright": 0.999995350838,
            "dark": 4.64947970613e-06
        },
        "probability": 0.999995350838,
        "value": "bright"
    },
    "tonal_atonal": {
        "all": {
            "atonal": 0.000102887846879,
            "tonal": 0.999897122383
        },
        "probability": 0.999897122383,
        "value": "tonal"
    },
    "voice_instrumental": {
        "all": {
            "instrumental": 0.00142833951395,
            "voice": 0.998571634293
        },
        "probability": 0.998571634293,
        "value": "voice"
    }
},
"lowlevel": {
    "average_loudness": 0.957263231277,
    "barkbands_crest": {
        "dmean": 2.199914217,
        "dmean2": 3.61855053902,
        "dvar": 4.73272609711,
        "dvar2": 13.1526813507,
        "max": 21.002620697,
        "mean": 8.48252391815,
        "median": 7.9862446785,
        "min": 3.29223418236,
        "var": 7.87713527679
    },
    "barkbands_flatness_db": {
        "dmean": 0.0190803594887,
        "dmean2": 0.029374929145,
        "dvar": 0.000324132794049,
        "dvar2": 0.000713887391612,
        "max": 0.3289757967,
        "mean": 0.154458865523,
        "median": 0.152109310031,
        "min": 0.0716365948319,
        "var": 0.00128983822651
    },
    "barkbands_kurtosis": {
        "dmean": 2.46481871605,
        "dmean2": 3.93881845474,
        "dvar": 10.4560213089,
        "dvar2": 27.1145973206,
        "max": 37.9603729248,
        "mean": 4.67015743256,
        "median": 3.56036520004,
        "min": -1.6326264143,
        "var": 23.9529953003
    },
    "barkbands_skewness": {
        "dmean": 0.43953871727,
        "dmean2": 0.676442205906,
        "dvar": 0.205606415868,
        "dvar2": 0.513336777687,
        "max": 5.20868873596,
        "mean": 1.77765893936,
        "median": 1.77894389629,
        "min": -0.669724702835,
        "var": 0.873603999615
    },
    "barkbands_spread": {
        "dmean": 4.31394910812,
        "dmean2": 6.53839921951,
        "dvar": 24.8740272522,
        "dvar2": 53.3000526428,
        "max": 72.3954086304,
        "mean": 18.2429027557,
        "median": 17.2183170319,
        "min": 3.01957035065,
        "var": 73.2463378906
    },
    "dissonance": {
        "dmean": 0.0194179080427,
        "dmean2": 0.0322609134018,
        "dvar": 0.000334089563694,
        "dvar2": 0.000925439817365,
        "max": 0.499868482351,
        "mean": 0.458388835192,
        "median": 0.462962031364,
        "min": 0.294868409634,
        "var": 0.000631820759736
    },
    "dynamic_complexity": 2.78684449196,
    "erbbands_crest": {
        "dmean": 2.31117725372,
        "dmean2": 3.6790599823,
        "dvar": 5.10236406326,
        "dvar2": 12.2203559875,
        "max": 25.1973342896,
        "mean": 8.55784893036,
        "median": 7.75536394119,
        "min": 2.68565368652,
        "var": 13.8256082535
    },
    "erbbands_flatness_db": {
        "dmean": 0.0170092973858,
        "dmean2": 0.023384924978,
        "dvar": 0.000299524021102,
        "dvar2": 0.000568393908907,
        "max": 0.274230539799,
        "mean": 0.14916536212,
        "median": 0.14949592948,
        "min": 0.05362835899,
        "var": 0.00159570435062
    },
    "erbbands_kurtosis": {
        "dmean": 0.624966859818,
        "dmean2": 0.977072179317,
        "dvar": 0.53248500824,
        "dvar2": 1.241979599,
        "max": 7.17561149597,
        "mean": 0.112015858293,
        "median": -0.263147830963,
        "min": -1.69600963593,
        "var": 1.75714933872
    },
    "erbbands_skewness": {
        "dmean": 0.279116123915,
        "dmean2": 0.417776226997,
        "dvar": 0.0658019259572,
        "dvar2": 0.143015474081,
        "max": 2.2039000988,
        "mean": 0.52878934145,
        "median": 0.518595457077,
        "min": -1.11043334007,
        "var": 0.246482387185
    },
    "erbbands_spread": {
        "dmean": 7.19636631012,
        "dmean2": 10.745218277,
        "dvar": 74.6075363159,
        "dvar2": 142.343002319,
        "max": 128.492202759,
        "mean": 41.536365509,
        "median": 39.6260299683,
        "min": 7.35429906845,
        "var": 360.973571777
    },
    "hfc": {
        "dmean": 5.33229255676,
        "dmean2": 7.12074565887,
        "dvar": 58.8290138245,
        "dvar2": 108.68421936,
        "max": 86.3942108154,
        "mean": 16.3998088837,
        "median": 10.2891130447,
        "min": 0.738254070282,
        "var": 231.728515625
    },
    "melbands_crest": {
        "dmean": 2.68741130829,
        "dmean2": 4.50999689102,
        "dvar": 5.89444828033,
        "dvar2": 16.2751426697,
        "max": 23.6802768707,
        "mean": 11.7893590927,
        "median": 11.2725811005,
        "min": 4.95619344711,
        "var": 11.8719701767
    },
    "melbands_flatness_db": {
        "dmean": 0.0229347273707,
        "dmean2": 0.0347185097635,
        "dvar": 0.000509952311404,
        "dvar2": 0.00114211556502,
        "max": 0.417455971241,
        "mean": 0.212166085839,
        "median": 0.207556143403,
        "min": 0.085568189621,
        "var": 0.00211997213773
    },
    "melbands_kurtosis": {
        "dmean": 5.92611980438,
        "dmean2": 9.5121383667,
        "dvar": 68.482093811,
        "dvar2": 166.816513062,
        "max": 82.3170471191,
        "mean": 13.9627895355,
        "median": 10.6042928696,
        "min": -1.39229667187,
        "var": 175.084152222
    },
    "melbands_skewness": {
        "dmean": 0.628345608711,
        "dmean2": 0.98693472147,
        "dvar": 0.502137005329,
        "dvar2": 1.15190827847,
        "max": 7.50874090195,
        "mean": 2.74851870537,
        "median": 2.65948534012,
        "min": -0.581058979034,
        "var": 1.97976088524
    },
    "melbands_spread": {
        "dmean": 4.14289999008,
        "dmean2": 6.10023450851,
        "dvar": 18.0546894073,
        "dvar2": 38.66746521,
        "max": 68.5042953491,
        "mean": 17.2678413391,
        "median": 15.3771448135,
        "min": 2.49612474442,
        "var": 85.7010574341
    },
    "pitch_salience": {
        "dmean": 0.0606563799083,
        "dmean2": 0.100223213434,
        "dvar": 0.00305617111735,
        "dvar2": 0.00791577249765,
        "max": 0.804831922054,
        "mean": 0.582083702087,
        "median": 0.584306180477,
        "min": 0.295569658279,
        "var": 0.00662035029382
    },
    "silence_rate_20dB": {
        "dmean": 0,
        "dmean2": 0,
        "dvar": 0,
        "dvar2": 0,
        "max": 1,
        "mean": 1,
        "median": 1,
        "min": 1,
        "var": 0
    },
    "silence_rate_30dB": {
        "dmean": 0,
        "dmean2": 0,
        "dvar": 0,
        "dvar2": 0,
        "max": 1,
        "mean": 1,
        "median": 1,
        "min": 1,
        "var": 0
    },
    "silence_rate_60dB": {
        "dmean": 0.0100619196892,
        "dmean2": 0.0193648338318,
        "dvar": 0.00996058899909,
        "dvar2": 0.0205388814211,
        "max": 1,
        "mean": 0.0146945090964,
        "median": 0,
        "min": 0,
        "var": 0.0144783416763
    },
    "spectral_centroid": {
        "dmean": 197.947525024,
        "dmean2": 294.44821167,
        "dvar": 40309.015625,
        "dvar2": 84498.640625,
        "max": 2881.42626953,
        "mean": 1094.31799316,
        "median": 1066.91601562,
        "min": 257.301086426,
        "var": 166787.78125
    },
    "spectral_complexity": {
        "dmean": 3.4682662487,
        "dmean2": 5.04415178299,
        "dvar": 17.0741233826,
        "dvar2": 30.8477706909,
        "max": 44,
        "mean": 16.8453216553,
        "median": 15,
        "min": 4,
        "var": 56.4879875183
    },
    "spectral_decrease": {
        "dmean": 2.3804127558e-09,
        "dmean2": 3.75468323099e-09,
        "dvar": 1.44779123053e-17,
        "dvar2": 3.55870966622e-17,
        "max": -2.95652308191e-10,
        "mean": -6.53963816433e-09,
        "median": -5.122351876e-09,
        "min": -3.02250455775e-08,
        "var": 2.41132743854e-17
    },
    "spectral_energy": {
        "dmean": 0.00936479587108,
        "dmean2": 0.0146478153765,
        "dvar": 0.00022144340619,
        "dvar2": 0.000538904394489,
        "max": 0.119169346988,
        "mean": 0.0261696279049,
        "median": 0.0201794207096,
        "min": 0.001192035852,
        "var": 0.00038774710265
    },
    "spectral_energyband_high": {
        "dmean": 0.000220950518269,
        "dmean2": 0.000298550963635,
        "dvar": 1.58393532956e-07,
        "dvar2": 3.07392753029e-07,
        "max": 0.00482502672821,
        "mean": 0.000435231864685,
        "median": 0.000189673766727,
        "min": 3.70905377167e-06,
        "var": 3.95627921534e-07
    },
    "spectral_energyband_low": {
        "dmean": 0.0042742555961,
        "dmean2": 0.00731175392866,
        "dvar": 5.37994019396e-05,
        "dvar2": 0.000144007688505,
        "max": 0.0775170847774,
        "mean": 0.00882803369313,
        "median": 0.00735722575337,
        "min": 5.3154748457e-05,
        "var": 5.9199413954e-05
    },
    "spectral_energyband_middle_high": {
        "dmean": 0.00166101683863,
        "dmean2": 0.00223406543955,
        "dvar": 7.79219135438e-06,
        "dvar2": 1.33471221488e-05,
        "max": 0.0420528911054,
        "mean": 0.00498112337664,
        "median": 0.00184885610361,
        "min": 9.87678067759e-05,
        "var": 5.41519366379e-05
    },
    "spectral_energyband_middle_low": {
        "dmean": 0.00641126604751,
        "dmean2": 0.00988587085158,
        "dvar": 0.000147919578012,
        "dvar2": 0.000378643424483,
        "max": 0.106472089887,
        "mean": 0.0137138748541,
        "median": 0.0102058043703,
        "min": 0.000539312139153,
        "var": 0.000181812196388
    },
    "spectral_entropy": {
        "dmean": 0.167747378349,
        "dmean2": 0.239878207445,
        "dvar": 0.0294996704906,
        "dvar2": 0.0602485127747,
        "max": 8.35501003265,
        "mean": 7.40006065369,
        "median": 7.40443277359,
        "min": 6.09804868698,
        "var": 0.11560408026
    },
    "spectral_flux": {
        "dmean": 0.0279311034828,
        "dmean2": 0.0427131094038,
        "dvar": 0.00113348755985,
        "dvar2": 0.00235925312154,
        "max": 0.28568264842,
        "mean": 0.0785524919629,
        "median": 0.0642532780766,
        "min": 0.0108845038339,
        "var": 0.00254284450784
    },
    "spectral_kurtosis": {
        "dmean": 1.67319250107,
        "dmean2": 2.78826737404,
        "dvar": 3.12105250359,
        "dvar2": 8.55840396881,
        "max": 26.0093002319,
        "mean": 4.84590387344,
        "median": 4.49080038071,
        "min": -0.539121389389,
        "var": 7.18420553207
    },
    "spectral_rms": {
        "dmean": 0.000837339262944,
        "dmean2": 0.00126541312784,
        "dvar": 1.23096856441e-06,
        "dvar2": 2.73675527751e-06,
        "max": 0.0107825221494,
        "mean": 0.00472899107262,
        "median": 0.00443703029305,
        "min": 0.00107840704732,
        "var": 3.16798696076e-06
    },
    "spectral_rolloff": {
        "dmean": 273.764251709,
        "dmean2": 438.535980225,
        "dvar": 245255.25,
        "dvar2": 536226.125,
        "max": 8484.08203125,
        "mean": 909.973510742,
        "median": 667.529296875,
        "min": 107.666015625,
        "var": 514389.375
    },
    "spectral_skewness": {
        "dmean": 0.216687038541,
        "dmean2": 0.350483030081,
        "dvar": 0.0440165437758,
        "dvar2": 0.104127712548,
        "max": 3.91079068184,
        "mean": 1.63139557838,
        "median": 1.63183879852,
        "min": 0.249516695738,
        "var": 0.161878064275
    },
    "spectral_spread": {
        "dmean": 573504.625,
        "dmean2": 842510.875,
        "dvar": 539995111424,
        "dvar2": 1.06641568563e+12,
        "max": 12054348,
        "mean": 4342050.5,
        "median": 4026847.75,
        "min": 2221722.75,
        "var": 1.77649588634e+12
    },
    "spectral_strongpeak": {
        "dmean": 0.464541941881,
        "dmean2": 0.79238396883,
        "dvar": 0.540893912315,
        "dvar2": 1.2208571434,
        "max": 8.57462978363,
        "mean": 0.832995057106,
        "median": 0.384557723999,
        "min": 0.0427696816623,
        "var": 1.2478313446
    },
    "zerocrossingrate": {
        "dmean": 0.00807629246265,
        "dmean2": 0.00952432118356,
        "dvar": 7.25749487174e-05,
        "dvar2": 9.25657732296e-05,
        "max": 0.193359375,
        "mean": 0.0490909591317,
        "median": 0.0458984375,
        "min": 0.009765625,
        "var": 0.0004243440344
    },
    "barkbands": {
        "dmean": [8.7704800535e-05, 0.00288828928024, 0.00123597728088, 0.00215766020119, 0.00247862935066, 0.00109801650979, 0.00101248861756, 0.00115356466267, 0.000727057573386, 0.000601424719207, 0.000355879921699, 0.000354077783413, 0.000400133721996, 0.000287170085358, 0.000202601033379, 0.000111135763291, 0.000168133075931, 0.000148497871123, 9.99417097773e-05, 0.00010473713337, 4.4912481826e-05, 3.45794433088e-05, 3.66049425793e-05, 3.95575843868e-05, 4.29018182331e-05, 2.98181257676e-05, 4.54231141589e-09],
        "dmean2": [0.000153891087393, 0.00496276281774, 0.00210030260496, 0.0036618441809, 0.00413983920589, 0.00176094542257, 0.00156455649994, 0.00179136160295, 0.00108830595855, 0.000890560622793, 0.000512098195031, 0.000556356448215, 0.000577914703172, 0.000441723590484, 0.000320629158523, 0.000168366881553, 0.000255360617302, 0.000228209304623, 0.000155926449224, 0.000150636595208, 6.79458098602e-05, 5.12393162353e-05, 5.38257081644e-05, 5.76451129746e-05, 6.37568155071e-05, 4.29191168223e-05, 8.21073520285e-09],
        "dvar": [4.8488953297e-08, 3.33493044309e-05, 3.73778857465e-06, 1.84531672858e-05, 3.61413476639e-05, 7.89844125393e-06, 7.52716232455e-06, 5.79137986279e-06, 4.31261878475e-06, 2.58843806478e-06, 1.06564493763e-06, 1.23773384075e-06, 1.44785235534e-06, 4.89282115268e-07, 1.67341710267e-07, 6.15274942106e-08, 8.72818475273e-08, 9.23228640204e-08, 1.96393621366e-08, 3.23205995301e-08, 6.54220144725e-09, 4.98311569785e-09, 5.14498665893e-09, 1.00504093936e-08, 1.07887689893e-08, 5.05560571185e-09, 5.6420462276e-16],
        "dvar2": [1.30095827444e-07, 8.98209254956e-05, 1.03249039967e-05, 5.30855249963e-05, 9.93662397377e-05, 2.04674324777e-05, 1.75737313839e-05, 1.27189623527e-05, 9.3563048722e-06, 5.91394746152e-06, 1.79593780558e-06, 3.0626233638e-06, 3.08793096337e-06, 1.09103416435e-06, 3.93296033963e-07, 1.34702389687e-07, 1.97735417373e-07, 1.97714285832e-07, 4.18397050339e-08, 6.00053837729e-08, 1.44368570432e-08, 1.15788818533e-08, 1.03327844059e-08, 2.17343920639e-08, 2.47132891928e-08, 1.04498099063e-08, 1.55527562857e-15],
        "max": [0.00247064442374, 0.0558964572847, 0.0316133201122, 0.0434283539653, 0.0559252090752, 0.0318496972322, 0.0561606921256, 0.0415605604649, 0.0472662262619, 0.0311717111617, 0.0288037955761, 0.0177493989468, 0.0199863258749, 0.0114263603464, 0.00517949648201, 0.00602312199771, 0.0034561175853, 0.00661042332649, 0.00250773667358, 0.00380658404902, 0.000884726759978, 0.00096551165916, 0.00103062205017, 0.0025821600575, 0.00124846922699, 0.000809500284959, 4.29031786098e-07],
        "mean": [8.26620962471e-05, 0.00469859829172, 0.0024354076013, 0.00308187259361, 0.00383742246777, 0.00157927931286, 0.00162880821154, 0.00205356441438, 0.00118586176541, 0.00121397234034, 0.000732690736186, 0.000515709223691, 0.000732267799322, 0.000484811462229, 0.000330059236148, 0.000168886544998, 0.000324416381773, 0.000296223937767, 0.000215289997868, 0.00020498073718, 7.95900195953e-05, 5.81070671615e-05, 6.49382636766e-05, 6.6856846388e-05, 5.9771733504e-05, 3.75838353648e-05, 3.15990811295e-09],
        "median": [9.6529329312e-06, 0.00368412164971, 0.00175678660162, 0.00171070802025, 0.00228361668997, 0.000759825343266, 0.000679306220263, 0.000742669857573, 0.000374050694518, 0.000256556668319, 0.000230138452025, 8.74263350852e-05, 7.7668162703e-05, 8.61937660375e-05, 0.000102792189864, 6.27180852462e-05, 0.000120411619719, 0.000152073436766, 0.00013643715647, 9.96584640234e-05, 3.28930582327e-05, 1.83741340152e-05, 2.46947947744e-05, 2.40280405706e-05, 1.46108113768e-05, 4.85323198518e-06, 3.06368680425e-10],
        "min": [2.92653012934e-09, 2.42898886427e-06, 2.77895765066e-06, 4.70336408398e-06, 4.79938280478e-05, 5.61204524274e-06, 2.14367064473e-05, 9.6123358162e-06, 6.22937204753e-06, 2.52911536336e-06, 1.41648536101e-06, 8.32636885661e-07, 1.30717671709e-06, 2.01903662855e-06, 2.87895363726e-06, 1.29539785121e-06, 9.27417488583e-07, 2.40131862483e-06, 1.87435887256e-06, 6.7343921728e-07, 9.18879663914e-07, 3.06627470081e-07, 4.21861585664e-07, 6.28963832128e-08, 1.20109699964e-10, 6.66359285459e-12, 7.83530271914e-12],
        "var": [4.01729458588e-08, 2.96333309961e-05, 5.22098889633e-06, 1.67197140399e-05, 3.15978686558e-05, 7.41282201489e-06, 9.97986444418e-06, 1.27631901705e-05, 6.81863775753e-06, 8.77443289937e-06, 4.33112018072e-06, 2.0407858301e-06, 4.22358561991e-06, 1.02188573692e-06, 3.53545260623e-07, 1.01989648726e-07, 2.30578507399e-07, 2.46381716806e-07, 5.22122505231e-08, 8.77138788269e-08, 1.38222571167e-08, 9.36997768264e-09, 1.22595480434e-08, 2.03465884141e-08, 1.55555426318e-08, 8.10228950598e-09, 3.74929896149e-16]
    },
    "erbbands": {
        "dmean": [0.0693529769778, 0.693686068058, 1.37990486622, 4.26865959167, 9.6317653656, 6.57167768478, 8.98421573639, 7.93200397491, 10.8816957474, 21.425491333, 22.6177692413, 17.9181270599, 16.0619602203, 18.6205673218, 13.5031929016, 15.2879600525, 16.1227893829, 15.8290119171, 10.9401693344, 8.06704139709, 5.40765094757, 8.35820293427, 8.43391990662, 5.044713974, 5.39725732803, 4.88467168808, 2.10869050026, 1.54545688629, 1.26378118992, 1.19370853901, 1.087870121, 0.895755827427, 0.643947660923, 0.485016673803, 0.308546900749, 0.158424288034, 0.0579812116921, 0.00407640216872, 7.93513099779e-05, 1.33941994136e-05],
        "dmean2": [0.120697319508, 1.1943860054, 2.3403377533, 7.27144527435, 16.4914169312, 11.004609108, 14.3709030151, 12.9202728271, 17.324886322, 31.7022323608, 34.4568595886, 26.3449249268, 23.3633308411, 26.4757633209, 19.5436382294, 23.1918449402, 23.0700702667, 23.1238460541, 17.302740097, 12.0644321442, 8.1113319397, 12.1738262177, 12.5546302795, 7.83159160614, 7.98130226135, 7.04360866547, 3.13081145287, 2.35563015938, 1.85347425938, 1.77143108845, 1.58617293835, 1.28421986103, 0.980630636215, 0.750646352768, 0.459192961454, 0.235908448696, 0.0840320587158, 0.00600870978087, 0.000113659567432, 1.94326748897e-05],
        "dvar": [0.0267734471709, 1.73534250259, 4.8642783165, 53.3635177612, 712.090270996, 193.726547241, 435.212036133, 408.404602051, 756.658630371, 2274.16748047, 2942.14428711, 3218.24047852, 1924.00439453, 2807.09985352, 1102.14257812, 2399.6940918, 2956.90063477, 1506.17602539, 413.481750488, 662.859436035, 77.6730880737, 181.873397827, 304.817504883, 44.9728622437, 58.1056556702, 70.9797134399, 12.8250865936, 8.62948989868, 6.87573766708, 5.32378959656, 4.65721130371, 4.29284954071, 3.73696541786, 1.5084168911, 0.586738586426, 0.144772842526, 0.0204484891146, 0.000112043766421, 3.74280695326e-08, 4.634977957e-10],
        "dvar2": [0.0715468153358, 4.67942667007, 12.7905845642, 153.894104004, 1991.60473633, 530.591430664, 1109.85925293, 1079.23181152, 1724.00817871, 4585.11230469, 6710.84130859, 7285.28955078, 4208.67138672, 6169.44238281, 1894.68334961, 5898.09326172, 6281.93017578, 3034.68359375, 946.911621094, 1627.7512207, 163.766662598, 403.040100098, 651.593139648, 105.304634094, 112.856567383, 138.911804199, 27.9112358093, 20.0154476166, 15.3830194473, 12.1158800125, 9.49383163452, 8.31245040894, 9.35554218292, 3.67274570465, 1.32730484009, 0.323244661093, 0.0428917109966, 0.000236396896071, 7.61279679296e-08, 9.94126003739e-10],
        "max": [1.46971535683, 12.8240756989, 29.3702869415, 84.2324829102, 261.395965576, 152.379074097, 264.080108643, 255.965377808, 560.428222656, 736.814208984, 1225.63696289, 1288.49951172, 1159.79260254, 1035.06970215, 957.38684082, 748.75769043, 1002.11523438, 659.383178711, 248.298843384, 694.094848633, 123.721435547, 202.775375366, 425.783813477, 67.2198410034, 145.359436035, 154.48727417, 42.6462173462, 33.6987686157, 41.4881439209, 30.077911377, 38.4151000977, 39.3019790649, 50.2664527893, 17.2770671844, 10.652630806, 4.86798858643, 1.56583166122, 0.126232683659, 0.00235166097991, 0.000240082008531],
        "mean": [0.095958724618, 1.17921161652, 2.85918521881, 7.33916187286, 13.18820858, 10.7946710587, 13.1353111267, 11.2698965073, 17.9615287781, 37.5272254944, 42.238899231, 30.0802822113, 30.1707515717, 38.7594795227, 29.051158905, 25.0811271667, 31.2605686188, 31.1373195648, 21.1911373138, 12.3765449524, 10.0088272095, 17.2515621185, 18.5065631866, 11.1493330002, 11.7688837051, 9.77907371521, 3.9586648941, 2.63901114464, 2.10605382919, 1.96848130226, 1.90586614609, 1.49195277691, 1.03914225101, 0.687742769718, 0.412037044764, 0.193260371685, 0.0713480934501, 0.00476885586977, 0.000107766085421, 3.58628822141e-05],
        "median": [0.0502174906433, 0.916578710079, 2.14293646812, 5.03483915329, 6.44931650162, 6.46179056168, 6.74440050125, 5.22977638245, 8.58538722992, 12.3014173508, 16.9077854156, 11.5978593826, 9.18690299988, 8.42247772217, 9.98249149323, 4.39169979095, 4.03420114517, 4.97676801682, 5.80526733398, 4.20078420639, 4.38696289062, 7.16083097458, 8.48246479034, 7.17727279663, 7.32675743103, 4.82089471817, 2.05020809174, 1.02610361576, 0.689996242523, 0.666885852814, 0.699139297009, 0.513620018959, 0.364058405161, 0.188583478332, 0.0861332267523, 0.0275195557624, 0.00827038474381, 0.000485085940454, 2.71110257017e-05, 2.68510448223e-05],
        "min": [0.000184860749869, 0.00148848397657, 0.00546356802806, 0.113948561251, 0.0405908599496, 0.190459921956, 0.104771532118, 0.0851572453976, 0.136275678873, 0.223768562078, 0.266345858574, 0.302330285311, 0.16865375638, 0.246987879276, 0.101329885423, 0.132282495499, 0.0576844662428, 0.150898709893, 0.173040553927, 0.125089153647, 0.0870609655976, 0.0600077137351, 0.128250405192, 0.110942184925, 0.0886761322618, 0.040282741189, 0.0616182126105, 0.039695430547, 0.0173290893435, 0.00679393159226, 0.0115275876597, 0.00438479706645, 0.000851172953844, 0.000235383151448, 1.22961573652e-05, 3.81681866202e-06, 1.9551753212e-06, 3.93814104882e-07, 6.99779832303e-07, 1.44925525092e-06],
        "var": [0.0220430698246, 1.62725615501, 6.84622335434, 59.8454551697, 562.142089844, 188.808700562, 442.180206299, 371.900909424, 930.382141113, 4932.90820312, 6514.13134766, 4579.56738281, 3826.5847168, 10076.6796875, 4697.60888672, 4294.51416016, 8747.171875, 4761.07177734, 1178.40026855, 842.426635742, 189.882278442, 535.560852051, 999.55859375, 125.893585205, 185.640594482, 199.496246338, 27.255607605, 16.4769630432, 13.2166757584, 10.9262332916, 11.1446094513, 9.56801223755, 5.70602846146, 2.03582286835, 0.829353928566, 0.212472438812, 0.0308050941676, 0.000153017957928, 5.63111584029e-08, 9.1984958539e-10]
    },
    "gfcc": {
        "mean": [-1.01283526421, 109.797203064, -109.696250916, 36.2443885803, -59.9496994019, 11.4344682693, -38.5333900452, 18.9399757385, -28.1940402985, -1.5211353302, -14.4217739105, -6.45895338058, -14.530424118],
        "cov": [[3043.00415039, -877.538330078, 3.43604946136, -263.922454834, 120.139587402, 265.046905518, -164.497894287, 87.6390686035, -165.696029663, 216.197677612, -158.359573364, 97.3250808716, -202.732788086], [-877.538330078, 848.733154297, -301.284118652, -4.32346916199, 107.215171814, -96.2182617188, 142.218719482, -28.8462753296, 115.412940979, -137.961486816, 185.533676147, -176.697631836, 118.394020081], [3.43604946136, -301.284118652, 641.01739502, 141.873672485, -27.1016349792, 13.2219352722, -43.4046096802, 19.0693702698, -28.6060695648, 110.876327515, -123.691986084, 149.130966187, -55.4460678101], [-263.922454834, -4.32346916199, 141.873672485, 321.612487793, -41.9469795227, -38.8283195496, 19.4054679871, -6.87349653244, 92.6261749268, -18.0555095673, 1.51721906662, 19.7793445587, 73.5144729614], [120.139587402, 107.215171814, -27.1016349792, -41.9469795227, 180.620620728, 31.1914157867, 24.8464183807, 37.4960289001, -6.33285522461, -0.774151444435, 12.6159763336, -18.4229106903, -14.683968544], [265.046905518, -96.2182617188, 13.2219352722, -38.8283195496, 31.1914157867, 173.180770874, 47.5902328491, -4.83739709854, -35.2716827393, -2.42216110229, -8.59128570557, 6.9734787941, -18.1068496704], [-164.497894287, 142.218719482, -43.4046096802, 19.4054679871, 24.8464183807, 47.5902328491, 139.296554565, 14.123380661, 14.7761974335, -30.9349021912, 40.6483650208, -14.6674079895, 13.1996917725], [87.6390686035, -28.8462753296, 19.0693702698, -6.87349653244, 37.4960289001, -4.83739709854, 14.123380661, 137.483352661, 26.2154521942, 40.9153518677, 16.3490524292, -3.31949019432, -6.33233690262], [-165.696029663, 115.412940979, -28.6060695648, 92.6261749268, -6.33285522461, -35.2716827393, 14.7761974335, 26.2154521942, 123.858055115, 7.04304885864, 19.1001491547, -33.0900421143, 52.2150840759], [216.197677612, -137.961486816, 110.876327515, -18.0555095673, -0.774151444435, -2.42216110229, -30.9349021912, 40.9153518677, 7.04304885864, 118.016906738, -27.1350955963, 33.4110984802, -33.1350746155], [-158.359573364, 185.533676147, -123.691986084, 1.51721906662, 12.6159763336, -8.59128570557, 40.6483650208, 16.3490524292, 19.1001491547, -27.1350955963, 126.563987732, -42.7730903625, 21.1956424713], [97.3250808716, -176.697631836, 149.130966187, 19.7793445587, -18.4229106903, 6.9734787941, -14.6674079895, -3.31949019432, -33.0900421143, 33.4110984802, -42.7730903625, 117.967857361, -20.3078708649], [-202.732788086, 118.394020081, -55.4460678101, 73.5144729614, -14.683968544, -18.1068496704, 13.1996917725, -6.33233690262, 52.2150840759, -33.1350746155, 21.1956424713, -20.3078708649, 96.4987487793]],
        "icov": [[0.000723648583516, 0.00065770954825, 0.000479730690131, 3.32326817443e-05, -0.000689498148859, -0.000743432552554, 0.000481038092403, -3.92284418922e-05, 5.87798240304e-05, -0.000799464818556, 7.38691960578e-05, 0.000100949968328, 0.000349596404703], [0.00065770954825, 0.00838638748974, -0.0019722878933, 0.00444963481277, -0.00525170145556, 0.00541310245171, -0.00597781781107, 0.00468085985631, -0.00490701338276, 0.00345757580362, -0.00672875391319, 0.00628139451146, -0.0054468405433], [0.000479730690131, -0.0019722878933, 0.0045258346945, -0.00355265219696, 0.000885088637006, -0.00261767068878, 0.00234313448891, -0.0018648058176, 0.00268106092699, -0.00390307186171, 0.00399806397036, -0.00404907530174, 0.00341400201432], [3.32326817443e-05, 0.00444963481277, -0.00355265219696, 0.00877351500094, -0.00205602752976, 0.00394758395851, -0.00417200895026, 0.00330215878785, -0.00695602037013, 0.00453613139689, -0.00473925331607, 0.00269538466819, -0.0059696440585], [-0.000689498148859, -0.00525170145556, 0.000885088637006, -0.00205602752976, 0.00981827545911, -0.00376757769845, 0.00274900533259, -0.00455448729917, 0.00287277717143, -0.00112604431342, 0.00390615290962, -0.0029118815437, 0.00376992416568], [-0.000743432552554, 0.00541310245171, -0.00261767068878, 0.00394758395851, -0.00376757769845, 0.0128594441339, -0.00864087603986, 0.00429523875937, -0.00203679245897, 0.00349653977901, -0.00439131539315, 0.00503760157153, -0.00508374720812], [0.000481038092403, -0.00597781781107, 0.00234313448891, -0.00417200895026, 0.00274900533259, -0.00864087603986, 0.0155867170542, -0.00507703935727, 0.00251381890848, -0.00130452227313, 0.00295604649, -0.00578020280227, 0.0055272737518], [-3.92284418922e-05, 0.00468085985631, -0.0018648058176, 0.00330215878785, -0.00455448729917, 0.00429523875937, -0.00507703935727, 0.0124055016786, -0.00502958055586, -0.000759901013225, -0.00555865792558, 0.00381987169385, -0.00330565380864], [5.87798240304e-05, -0.00490701338276, 0.00268106092699, -0.00695602037013, 0.00287277717143, -0.00203679245897, 0.00251381890848, -0.00502958055586, 0.0193284135312, -0.0075767529197, 0.00524038076401, 0.000278423773125, -0.00178796902765], [-0.000799464818556, 0.00345757580362, -0.00390307186171, 0.00453613139689, -0.00112604431342, 0.00349653977901, -0.00130452227313, -0.000759901013225, -0.0075767529197, 0.0176831241697, -0.00384966516867, 0.000952911039349, 0.000211077276617], [7.38691960578e-05, -0.00672875391319, 0.00399806397036, -0.00473925331607, 0.00390615290962, -0.00439131539315, 0.00295604649, -0.00555865792558, 0.00524038076401, -0.00384966516867, 0.0172647424042, -0.0037082133349, 0.00458967825398], [0.000100949968328, 0.00628139451146, -0.00404907530174, 0.00269538466819, -0.0029118815437, 0.00503760157153, -0.00578020280227, 0.00381987169385, 0.000278423773125, 0.000952911039349, -0.0037082133349, 0.0186361968517, -0.00541799515486], [0.000349596404703, -0.0054468405433, 0.00341400201432, -0.0059696440585, 0.00376992416568, -0.00508374720812, 0.0055272737518, -0.00330565380864, -0.00178796902765, 0.000211077276617, 0.00458967825398, -0.00541799515486, 0.02182780765]]
    },
    "melbands": {
        "dmean": [0.000724139157683, 0.000783170049544, 0.000894506811164, 0.000587775895838, 0.000293883349514, 0.000185905417311, 0.000177113441168, 0.00023562075512, 0.000178691247129, 0.000106025312562, 8.1586651504e-05, 7.87384924479e-05, 5.07090771862e-05, 4.18146701122e-05, 3.69035951735e-05, 3.68409018847e-05, 3.00764022541e-05, 1.90871778614e-05, 1.2948845324e-05, 9.10915332497e-06, 6.77522893966e-06, 8.19495926407e-06, 1.28982464958e-05, 5.54760390514e-06, 4.27755549026e-06, 3.86149258702e-06, 4.76501736557e-06, 2.9895188618e-06, 1.47978676068e-06, 1.08816141164e-06, 8.92995956292e-07, 7.58462874728e-07, 7.10714800789e-07, 6.89759303896e-07, 6.75767182656e-07, 6.1768400883e-07, 5.61993999781e-07, 4.97753944728e-07, 4.31894846997e-07, 4.36374079982e-07],
        "dmean2": [0.00125015305821, 0.00133493938483, 0.00152574921958, 0.000992380315438, 0.000468275451567, 0.000301120599033, 0.000279236934148, 0.000347369903466, 0.000272828299785, 0.000155400441145, 0.000119470299978, 0.000114007096272, 7.27012447896e-05, 6.49828871246e-05, 5.48010939383e-05, 5.3919320635e-05, 4.45498844783e-05, 2.98126669804e-05, 1.97396475414e-05, 1.40770825965e-05, 1.04693508547e-05, 1.20570957733e-05, 1.9887005692e-05, 8.33318699733e-06, 6.83523558109e-06, 5.93694812778e-06, 7.0332530413e-06, 4.42442524218e-06, 2.2635708774e-06, 1.66959068792e-06, 1.3898254565e-06, 1.11845179163e-06, 1.10640496587e-06, 1.02495323517e-06, 1.02020737813e-06, 9.21567959722e-07, 8.22346748919e-07, 7.85141423876e-07, 6.73928298056e-07, 6.83423934333e-07],
        "dvar": [2.3731336114e-06, 1.70117903053e-06, 3.42355656358e-06, 2.2415940748e-06, 4.16745194798e-07, 2.25277432264e-07, 2.23201737981e-07, 2.37321245322e-07, 2.02685185968e-07, 1.02333075347e-07, 4.91005458514e-08, 5.25766949977e-08, 2.10221795527e-08, 1.97682741288e-08, 1.19047642855e-08, 1.03483657199e-08, 5.83267345533e-09, 1.3227399176e-09, 8.51693771065e-10, 8.41606229152e-10, 1.3204791427e-10, 2.03806208021e-10, 7.98805799285e-10, 7.94547344585e-11, 3.5472621368e-11, 3.1227742614e-11, 7.12622252874e-11, 2.60880102243e-11, 6.33982363135e-12, 4.37487459454e-12, 3.26742387487e-12, 2.36102218505e-12, 2.35936031996e-12, 1.75971878128e-12, 1.66755498299e-12, 1.98753622067e-12, 1.71714639036e-12, 2.34133827777e-12, 1.52343480712e-12, 1.19737672468e-12],
        "dvar2": [6.3650395532e-06, 4.4691473704e-06, 9.6941321317e-06, 6.23008781986e-06, 1.07655273496e-06, 5.95140477344e-07, 5.15763360909e-07, 4.63321470079e-07, 4.62725154193e-07, 2.32125188404e-07, 1.0751325874e-07, 1.17964148671e-07, 3.2619524859e-08, 4.90591212099e-08, 2.79134759751e-08, 2.04047729824e-08, 1.23701342503e-08, 2.99926905534e-09, 1.85982540479e-09, 2.05120942454e-09, 3.01047908824e-10, 4.10603134826e-10, 1.80285097962e-09, 1.64506547273e-10, 8.64003799061e-11, 6.91613225023e-11, 1.39154382461e-10, 5.28470982253e-11, 1.41479597135e-11, 9.97339363873e-12, 8.18413045667e-12, 5.02793987001e-12, 6.01863133984e-12, 3.88221703049e-12, 3.54908246888e-12, 3.99876616194e-12, 3.4508164555e-12, 6.13686965828e-12, 3.79530695066e-12, 2.94696081773e-12],
        "max": [0.0143709313124, 0.0129955261946, 0.0171736385673, 0.0138027686626, 0.00799187365919, 0.00612396700308, 0.0103058526292, 0.00779319275171, 0.0104227485135, 0.0069828578271, 0.00578990252689, 0.00434660771862, 0.00445399200544, 0.00248964806087, 0.0021689881105, 0.00156021595467, 0.00143345957622, 0.000489264086355, 0.000513956707437, 0.000774799787905, 0.000151678119437, 0.000287052040221, 0.000575721380301, 0.000192217979929, 5.81947351748e-05, 7.81883354648e-05, 0.000197427332751, 8.70924632181e-05, 3.34747892339e-05, 2.40010431298e-05, 2.10464531847e-05, 2.31453705055e-05, 2.18612021854e-05, 2.04357202165e-05, 1.81082014024e-05, 2.99085022561e-05, 2.48701489909e-05, 4.13313355239e-05, 2.00756767299e-05, 1.45774965858e-05],
        "mean": [0.00111284875311, 0.00158227002248, 0.00145989016164, 0.000875805038959, 0.000460501847556, 0.00026894651819, 0.000289786810754, 0.000415882357629, 0.000325368280755, 0.000173552543856, 0.000148296923726, 0.000159113449627, 0.000109683656774, 6.14143718849e-05, 6.46989865345e-05, 6.84494225425e-05, 5.58096726309e-05, 3.42018720403e-05, 2.03876716114e-05, 1.2954336853e-05, 1.17320041682e-05, 1.54752942763e-05, 2.47816587944e-05, 1.15171842481e-05, 8.57024315337e-06, 7.47995272832e-06, 9.51091078605e-06, 5.55993028684e-06, 2.54489327745e-06, 1.77854064987e-06, 1.3899817759e-06, 1.20469019294e-06, 1.08304777768e-06, 1.08387700948e-06, 1.14449676403e-06, 9.62001081461e-07, 8.95019468317e-07, 7.61842102293e-07, 6.02748173151e-07, 5.7674327536e-07],
        "median": [0.000778992020059, 0.0012834033696, 0.00103805901017, 0.000504553318024, 0.000266415358055, 0.000127225837787, 0.000136659917189, 0.000147563259816, 0.000128362386022, 5.78301514906e-05, 3.88719054172e-05, 3.00905285258e-05, 3.51936942025e-05, 1.24376510939e-05, 8.92093248694e-06, 7.95995401859e-06, 8.67930430104e-06, 8.5957981355e-06, 6.50770289212e-06, 4.43152202934e-06, 4.89067269882e-06, 6.0231095631e-06, 9.63513775787e-06, 6.38163464828e-06, 5.27091833646e-06, 4.61335730506e-06, 4.59209422843e-06, 2.51421124631e-06, 1.2322504972e-06, 6.81194080698e-07, 4.90478441861e-07, 3.88419664432e-07, 3.2262937566e-07, 3.44775116901e-07, 4.02115205134e-07, 3.1643753573e-07, 2.99952318983e-07, 2.61345576291e-07, 1.73153182459e-07, 1.38545203754e-07],
        "min": [7.75753846938e-07, 1.5361200667e-06, 1.95609045477e-05, 1.00107627077e-05, 4.59890361526e-06, 1.08314554836e-06, 2.88431442641e-06, 1.50917037445e-06, 1.80301185537e-06, 1.02753267583e-06, 5.7865963754e-07, 8.72179100497e-07, 2.85769658603e-07, 2.85544786038e-07, 8.67666969384e-08, 1.41400349207e-07, 2.20774182935e-07, 1.32709004674e-07, 1.7707154143e-07, 1.05818003249e-07, 8.06867817005e-08, 4.47377850321e-08, 1.06550153589e-07, 8.75709176285e-08, 8.15847016611e-08, 6.55258745041e-08, 4.3437164976e-08, 1.59256661192e-08, 2.96524831356e-08, 1.47908867376e-08, 1.48959777846e-09, 7.64921903595e-09, 2.3008912553e-09, 2.44793652016e-09, 2.80935963382e-09, 2.79588285856e-09, 1.22394872015e-09, 2.88133461535e-10, 1.03523099815e-10, 7.88874824839e-13],
